{"metadata": {"audio_properties": {"downmix": "mix", "bit_rate": 256000, "lossless": false, "md5_encoded": "5ad4c0ae3cfc47a139d7293513b40850", "analysis_sample_rate": 44100, "sample_rate": 44100, "replay_gain": -8.95446968079, "equal_loudness": 0, "codec": "mp3", "length": 293.92980957}, "tags": {"musicbrainz_albumid": ["6057d721-5fbe-4353-94b1-cc70f24530c6"], "musicbrainz_recordingid": ["af23c9b6-ae25-4f6c-b7e0-00e811d288ee"], "tracknumber": ["10/10"], "artist": ["Tea Leaf Green"], "acoustid_id": ["fe98f8a2-be55-45f6-b708-e14987561ffd"], "album": ["Midnight on the Reservoir"], "musicbrainz album type": ["album"], "length": ["293607"], "originaldate": ["2001"], "albumartist": ["Tea Leaf Green"], "media": ["CD"], "musicbrainz_albumartistid": ["9860c682-823e-41b0-82cd-f994b13b0e95"], "file_name": "Sleepwalker - Tea Leaf Green.mp3", "musicbrainz album release country": ["US"], "musicbrainz_artistid": ["9860c682-823e-41b0-82cd-f994b13b0e95"], "albumartistsort": ["Tea Leaf Green"], "script": ["Latn"], "label": ["[no label]"], "musicbrainz album status": ["official"], "date": ["2001"], "title": ["Sleepwalker"], "discnumber": ["1/1"], "artistsort": ["Tea Leaf Green"], "genre": ["Rock"], "musicbrainz_releasegroupid": ["8bb7b5cd-d487-395e-a0e9-4225cc36f83f"]}, "version": {"essentia_build_sha": "70f2e5ece6736b2c40cc944ad0e695b16b925413", "essentia_git_sha": "v2.1_beta2", "extractor": "music 1.0", "essentia": "2.1-beta2"}}, "tonal": {"chords_scale": "major", "hpcp": {"dmean": [0.037752289325, 0.0395388863981, 0.0273900125176, 0.023534880951, 0.0255617983639, 0.0178190283477, 0.017668582499, 0.0202665217221, 0.0356134772301, 0.0637182295322, 0.0612044557929, 0.0408117249608, 0.0257490202785, 0.0266845021397, 0.0327892750502, 0.0454989373684, 0.0480365306139, 0.0366523787379, 0.0353355370462, 0.028491968289, 0.0226308144629, 0.024566160515, 0.0349258631468, 0.0807136669755, 0.117713600397, 0.104005582631, 0.115238793194, 0.068467259407, 0.0456790737808, 0.0434373132885, 0.0461043901742, 0.0432880595326, 0.0237313807011, 0.0172456093132, 0.0186929553747, 0.0260081458837], "dvar2": [0.0227581057698, 0.023221200332, 0.0155405439436, 0.0189600922167, 0.0226846244186, 0.0170699320734, 0.0154752535746, 0.0169695205986, 0.0220489986241, 0.0434528812766, 0.0393130928278, 0.0328811220825, 0.0284075830132, 0.0325098894536, 0.0307758376002, 0.0463807098567, 0.0499043129385, 0.0383528620005, 0.0400346778333, 0.0292310472578, 0.0241950824857, 0.0261743739247, 0.0370988436043, 0.059350065887, 0.0923382714391, 0.0757540613413, 0.0865353420377, 0.0969188585877, 0.0607196241617, 0.0491016544402, 0.0470496304333, 0.0390623435378, 0.01825199835, 0.0134721361101, 0.0144152706489, 0.0165866371244], "mean": [0.0793052092195, 0.0755665153265, 0.0433332398534, 0.0489607825875, 0.0388256423175, 0.0172115266323, 0.0161209776998, 0.0174830332398, 0.0421879030764, 0.134962558746, 0.150234594941, 0.0598392188549, 0.0208098776639, 0.0239282995462, 0.0404201932251, 0.0758626461029, 0.0825474485755, 0.0578485429287, 0.0476264432073, 0.0353202670813, 0.0237063150853, 0.0285312719643, 0.0357052013278, 0.206352829933, 0.667055249214, 0.692676961422, 0.244950294495, 0.0513690598309, 0.0343924537301, 0.0460251867771, 0.085727237165, 0.0788151398301, 0.0315077155828, 0.017206100747, 0.0178747270256, 0.0343692526221], "var": [0.0312237348408, 0.0230974089354, 0.011757645756, 0.0291996318847, 0.0176160410047, 0.00521346507594, 0.00533264130354, 0.00585895730183, 0.00909283943474, 0.0504008382559, 0.0591520518064, 0.0172258783132, 0.00807413924485, 0.011198126711, 0.0181292183697, 0.042541898787, 0.0467913299799, 0.0314120203257, 0.0277891587466, 0.0173285212368, 0.011186121963, 0.0141714764759, 0.0156891159713, 0.0330278389156, 0.130433887243, 0.118759073317, 0.0494930073619, 0.0245241690427, 0.0160567257553, 0.0200037993491, 0.0496721491218, 0.0439807958901, 0.00982130970806, 0.00646731769666, 0.00592271611094, 0.00934175867587], "dmean2": [0.061000932008, 0.0645517557859, 0.0467829108238, 0.0402654893696, 0.0441978685558, 0.0321010686457, 0.0316675156355, 0.0364686921239, 0.0630985274911, 0.105019018054, 0.0993220433593, 0.0709977000952, 0.0469366908073, 0.0469027608633, 0.0553363785148, 0.0769999623299, 0.0805885270238, 0.0642121359706, 0.0614598281682, 0.0499783083797, 0.0408213958144, 0.0433931276202, 0.0642038658261, 0.141660630703, 0.203608542681, 0.176505699754, 0.199173957109, 0.128292918205, 0.0852871090174, 0.0782357156277, 0.0802952870727, 0.0740482956171, 0.0420071817935, 0.0304579678923, 0.0332719795406, 0.0450104288757], "dvar": [0.00937253981829, 0.0092653427273, 0.00579492282122, 0.00764212897047, 0.00860984437168, 0.00593758840114, 0.00564522575587, 0.00617096154019, 0.0080402744934, 0.018470434472, 0.0169311817735, 0.0117266997695, 0.0100289396942, 0.0118237128481, 0.0118186278269, 0.0191440787166, 0.019896382466, 0.0137420678511, 0.0149846198037, 0.0105549842119, 0.00831347331405, 0.00947823747993, 0.0131394015625, 0.0207931101322, 0.0361329056323, 0.0314622409642, 0.0305368769914, 0.0315815396607, 0.0199598371983, 0.0170097444206, 0.0197832714766, 0.0163760054857, 0.00650744559243, 0.00546505348757, 0.00542506854981, 0.005961521063], "min": [0, 0, 0, 0, 0, 0, 0, 0, 0, 0, 0, 0, 0, 0, 0, 0, 0, 0, 0, 0, 0, 0, 0, 0, 0, 0, 0, 0, 0, 0, 0, 0, 0, 0, 0, 0], "median": [0.0127518186346, 0.0163384266198, 0.00617444003001, 0.000269662123173, 0.000190618593479, 0.000314281031024, 0.000405198952649, 0.000447360536782, 0.0060695935972, 0.0348281264305, 0.0432364307344, 0.0135995009914, 0.000175912267878, 8.35307655507e-05, 0.000214362211409, 0.000795240863226, 0.00102090800647, 0.000958552525844, 0.000475482374895, 0.000306827801978, 0.00024896042305, 0.000433412526036, 0.000679835269693, 0.170297756791, 0.803355693817, 0.803861737251, 0.18618632853, 0.000797123007942, 0.000107841180579, 0.000337385165039, 0.0026493135374, 0.00379741610959, 0.00184826832265, 0.000147093072883, 0.000172974003362, 0.00212444434874], "max": [1, 1, 1, 1, 1, 1, 1, 1, 1, 1, 1, 1, 1, 1, 1, 1, 1, 1, 1, 1, 1, 1, 1, 1, 1, 1, 1, 1, 1, 1, 1, 1, 1, 1, 1, 1]}, "tuning_equal_tempered_deviation": 0.285228133202, "chords_key": "F", "chords_strength": {"dmean": 0.00383766624145, "dvar2": 2.20289057324e-05, "mean": 0.479936093092, "var": 0.00815445557237, "dmean2": 0.00370795396157, "dvar": 1.9942795916e-05, "min": 0.214923903346, "median": 0.469515621662, "max": 0.71071177721}, "tuning_diatonic_strength": 0.580117583275, "thpcp": [1, 0.353628456593, 0.0741601958871, 0.0496515035629, 0.0664453804493, 0.123762220144, 0.11378339678, 0.045486882329, 0.0248400066048, 0.0258052852005, 0.0496180094779, 0.114490903914, 0.109093442559, 0.0625590905547, 0.070683427155, 0.0560515858233, 0.0248478408903, 0.0232734438032, 0.0252398084849, 0.0609055943787, 0.194841995835, 0.216889843345, 0.0863883495331, 0.030042687431, 0.034544672817, 0.0583535991609, 0.109520956874, 0.119171641767, 0.0835144594312, 0.0687570795417, 0.0509909652174, 0.0342242009938, 0.0411898680031, 0.0515466853976, 0.297906309366, 0.96301060915], "chords_histogram": [48.5863227844, 0, 1.27941870689, 0, 0.931922316551, 1.64271044731, 0.300110578537, 0, 0, 0.0789764672518, 0, 0, 0.0789764672518, 0.142157644033, 0, 4.97551727295, 2.87474322319, 8.05559921265, 0.205338805914, 0.189543515444, 0.0157952923328, 2.93792438507, 12.6046438217, 15.1002998352], "tuning_nontempered_energy_ratio": 0.951186716557, "tuning_frequency": 434.193115234, "key_strength": 0.621751248837, "chords_changes_rate": 0.0390143729746, "key_scale": "major", "hpcp_entropy": {"dmean": 0.398172527552, "dvar2": 0.497122734785, "mean": 1.48813152313, "var": 0.499360412359, "dmean2": 0.676571130753, "dvar": 0.189024120569, "min": 0, "median": 1.50999748707, "max": 4.19825458527}, "key_key": "F", "chords_number_rate": 0.00142157636583}, "lowlevel": {"melbands_skewness": {"dmean": 0.666805028915, "dvar2": 2.21953201294, "mean": 2.76227688789, "var": 6.52057790756, "dmean2": 1.14766597748, "dvar": 0.728414475918, "min": -3.12188673019, "median": 2.28414154053, "max": 22.1868209839}, "melbands_kurtosis": {"dmean": 11.1482458115, "dvar2": 3807.0690918, "mean": 27.9859371185, "var": 4577.54394531, "dmean2": 19.9561672211, "dvar": 1067.32983398, "min": -1.60572767258, "median": 10.4639482498, "max": 852.166503906}, "barkbands_kurtosis": {"dmean": 6.90006494522, "dvar2": 998.899353027, "mean": 17.6350746155, "var": 1173.45581055, "dmean2": 12.0300474167, "dvar": 320.718109131, "min": -1.87414896488, "median": 7.24102926254, "max": 1016.72631836}, "hfc": {"dmean": 1.16822576523, "dvar2": 18.1957435608, "mean": 5.29795980453, "var": 60.8239326477, "dmean2": 1.85992860794, "dvar": 7.98235559464, "min": 1.07557011266e-16, "median": 2.96781086922, "max": 103.52545929}, "silence_rate_20dB": {"dmean": 0, "dvar2": 0, "mean": 1, "var": 0, "dmean2": 0, "dvar": 0, "min": 1, "median": 1, "max": 1}, "erbbands_flatness_db": {"dmean": 0.0152670843527, "dvar2": 0.000591749907471, "mean": 0.299492299557, "var": 0.00499334093183, "dmean2": 0.0238674506545, "dvar": 0.000258609419689, "min": 0.044617459178, "median": 0.306866824627, "max": 0.566529214382}, "spectral_flux": {"dmean": 0.0117446891963, "dvar2": 0.0011581000872, "mean": 0.0425299778581, "var": 0.00125355378259, "dmean2": 0.0191937033087, "dvar": 0.000453229178675, "min": 6.51314835398e-11, "median": 0.0365911647677, "max": 0.43392983079}, "spectral_energyband_low": {"dmean": 0.00366451893933, "dvar2": 0.000171225110535, "mean": 0.0129141109064, "var": 0.000381830788683, "dmean2": 0.0067659704946, "dvar": 4.86071839987e-05, "min": 1.87395138658e-23, "median": 0.00505468714982, "max": 0.206696331501}, "spectral_rolloff": {"dmean": 83.7999420166, "dvar2": 419886.0625, "mean": 612.517272949, "var": 1914104.5, "dmean2": 150.422103882, "dvar": 155101.4375, "min": 43.06640625, "median": 279.931640625, "max": 19379.8828125}, "spectral_entropy": {"dmean": 0.187001422048, "dvar2": 0.11619579047, "mean": 5.73127841949, "var": 0.667923808098, "dmean2": 0.301916539669, "dvar": 0.0487880446017, "min": 3.27756357193, "median": 5.60502529144, "max": 9.81036376953}, "spectral_energy": {"dmean": 0.00664086313918, "dvar2": 0.000457344722236, "mean": 0.0266282521188, "var": 0.00114035233855, "dmean2": 0.0115452399477, "dvar": 0.000160429932293, "min": 1.01523463182e-20, "median": 0.0157804284245, "max": 0.295323014259}, "spectral_centroid": {"dmean": 61.8838386536, "dvar2": 67054.796875, "mean": 546.064880371, "var": 714596.4375, "dmean2": 102.770591736, "dvar": 28693.2109375, "min": 90.1588363647, "median": 314.780609131, "max": 11524.0019531}, "barkbands_flatness_db": {"dmean": 0.0238114632666, "dvar2": 0.00150421482977, "mean": 0.367531180382, "var": 0.0111690489575, "dmean2": 0.0401758775115, "dvar": 0.000562307308428, "min": 0.0276859905571, "median": 0.376153796911, "max": 0.636143267155}, "spectral_rms": {"dmean": 0.000580116815399, "dvar2": 1.67715757016e-06, "mean": 0.00424141343683, "var": 7.98923156253e-06, "dmean2": 0.00101231969893, "dvar": 5.94587731939e-07, "min": 3.14717783084e-12, "median": 0.00392371509224, "max": 0.0169740989804}, "melbands": {"dmean": [0.000725766469259, 0.000557600404136, 0.000774619635195, 0.000454912893474, 0.000167232428794, 0.00017205713084, 6.00033417868e-05, 2.63953770627e-05, 2.46968229476e-05, 3.24867105519e-05, 1.08100075522e-05, 7.05106140231e-06, 3.23304266203e-06, 1.85527005669e-06, 1.53406665504e-06, 2.7527473776e-06, 1.11458382435e-06, 5.40735129562e-07, 4.15194591596e-07, 4.81726488033e-07, 1.69007989825e-07, 4.99404336551e-07, 2.09577777355e-07, 1.73001211579e-07, 1.63019834076e-07, 1.40891344813e-07, 3.08420311512e-08, 1.79742940531e-08, 1.67573670495e-08, 1.18840972618e-08, 2.13963762263e-08, 3.00765701233e-09, 5.8543725423e-10, 4.78858841468e-10, 4.32610502976e-10, 3.57026991304e-10, 4.86868267924e-10, 6.62120969164e-10, 6.05564542955e-10, 4.95524510313e-10], "dvar2": [1.26448467199e-05, 4.10543452745e-06, 1.46185402627e-05, 5.98772658122e-06, 8.34508227854e-07, 1.33630703658e-06, 1.41490076544e-07, 3.69301318415e-08, 1.14940263529e-07, 8.6443904479e-08, 1.12113340833e-08, 2.5872364251e-09, 4.29534713353e-10, 1.0303600334e-10, 7.5320770454e-11, 3.0245667082e-10, 2.1012909468e-10, 2.0080988955e-11, 1.24076200703e-11, 1.11584526341e-11, 1.49849295299e-12, 2.23377552566e-10, 1.06355575388e-11, 1.18000843471e-11, 1.90453538357e-11, 1.02493508472e-11, 4.46004995089e-13, 9.30036212973e-14, 8.11580688179e-14, 1.00936706571e-14, 4.1370300401e-15, 2.11939753327e-16, 5.85553717618e-16, 5.21981195009e-16, 1.83697252881e-16, 1.82177331666e-16, 4.84940126588e-16, 8.37890126561e-16, 9.16450473655e-16, 1.33350686522e-16], "mean": [0.0020648050122, 0.00222896109335, 0.00209166225977, 0.00115548854228, 0.000550939817913, 0.000707757659256, 0.000178321541171, 7.78620160418e-05, 5.99728264206e-05, 0.000100633202237, 3.77012947865e-05, 2.28627995966e-05, 1.04363134596e-05, 6.08194068263e-06, 4.14989790443e-06, 7.80182472226e-06, 2.60595288637e-06, 1.38541076922e-06, 8.79710000845e-07, 1.16226271984e-06, 4.33760078522e-07, 1.13992678052e-06, 4.6541359211e-07, 2.5859637276e-07, 1.7761873039e-07, 1.58869852385e-07, 4.7208644105e-08, 2.54853116388e-08, 2.40953159647e-08, 2.33477326361e-08, 3.27279643386e-08, 4.51362280884e-09, 7.82683529099e-10, 6.03860683679e-10, 5.60004542738e-10, 4.81472139935e-10, 6.29526930584e-10, 8.78634554002e-10, 8.22477808082e-10, 7.7386624886e-10], "var": [1.64907796716e-05, 1.48715298565e-05, 2.2539836209e-05, 6.90471915732e-06, 2.23566507884e-06, 9.05158321984e-06, 3.31642155516e-07, 1.14147560737e-07, 1.79930708555e-07, 2.05522752594e-07, 3.21686819404e-08, 8.70436611677e-09, 1.32423794152e-09, 2.10273354284e-10, 1.34852851108e-10, 6.48214815158e-10, 8.79938830134e-11, 2.18680802633e-11, 8.92535611391e-12, 1.62532244607e-11, 2.96209779795e-12, 3.6339481424e-10, 1.36930935341e-11, 3.35220132902e-12, 3.968791875e-12, 2.21107247095e-12, 1.36483299705e-13, 3.62625443453e-14, 1.83487699047e-14, 1.67646709096e-14, 5.37122141875e-15, 1.4261545349e-16, 2.29719993977e-16, 2.20169618087e-16, 9.48447540285e-17, 1.17144444847e-16, 2.86018806439e-16, 6.13740485944e-16, 5.24350928498e-16, 1.38890758453e-16], "dmean2": [0.00140677823219, 0.000990564352833, 0.00131516240072, 0.000781942857429, 0.000250604847679, 0.000222801128984, 9.32065959205e-05, 4.15091053583e-05, 3.91326429963e-05, 4.72837709822e-05, 1.54153476615e-05, 1.04438104245e-05, 4.91411810799e-06, 2.90153207061e-06, 2.45280057243e-06, 4.31206308349e-06, 1.88592912309e-06, 8.68593929226e-07, 6.81092160448e-07, 7.70369069869e-07, 2.61892637354e-07, 7.01896510691e-07, 3.14880281849e-07, 2.90852881335e-07, 2.82892671066e-07, 2.50974068194e-07, 5.10356841232e-08, 3.09645820096e-08, 2.88002848237e-08, 1.76052186163e-08, 2.89541333132e-08, 4.26890833793e-09, 9.02979135908e-10, 7.41450234543e-10, 7.03491875864e-10, 5.76293734955e-10, 7.49630690855e-10, 1.02129860124e-09, 9.24385734624e-10, 8.35203184391e-10], "dvar": [3.27380280396e-06, 1.40489305522e-06, 5.07590993948e-06, 1.96598966795e-06, 3.92068272959e-07, 8.28297118005e-07, 6.24906775215e-08, 1.8699054749e-08, 5.38956221874e-08, 4.13979428515e-08, 6.03665961663e-09, 1.25487664704e-09, 2.0406254464e-10, 4.41986482136e-11, 3.26748142432e-11, 1.54848509015e-10, 7.28516136306e-11, 7.722763401e-12, 4.52309197041e-12, 4.78970639192e-12, 7.69413775314e-13, 1.24014784553e-10, 4.81272226932e-12, 4.19121595069e-12, 6.59395888586e-12, 3.54750560524e-12, 1.58987691176e-13, 3.48804813429e-14, 2.84248468404e-14, 5.96932493534e-15, 2.49296704157e-15, 1.01545003017e-16, 2.48885755535e-16, 2.28056474208e-16, 8.49410529033e-17, 9.27830162778e-17, 2.36880175238e-16, 4.5260310858e-16, 4.17158459037e-16, 7.58642346056e-17], "min": [1.11196176592e-24, 1.70633843199e-25, 5.52003742099e-25, 1.74000647308e-24, 2.74532686639e-24, 2.4442411414e-24, 2.9474653736e-24, 1.36380393358e-24, 3.16610132893e-24, 4.10805311737e-24, 3.96316303491e-24, 5.96897480949e-24, 4.76479047059e-24, 4.41733234615e-24, 3.36417897742e-24, 3.92123823324e-24, 4.56918057622e-24, 3.12744142533e-24, 3.11921360609e-24, 5.13061367133e-24, 5.15390084525e-24, 4.44860555344e-24, 4.29266195198e-24, 5.67556627883e-24, 4.18802783594e-24, 6.64401058027e-24, 5.6949955285e-24, 5.22466009073e-24, 6.38289801507e-24, 6.66392221838e-24, 8.30864908525e-24, 6.30854353602e-24, 7.18125246686e-24, 6.52519629503e-24, 6.76887858409e-24, 6.4325781083e-24, 7.92115271999e-24, 7.42064887462e-24, 7.62845771403e-24, 6.62631721903e-24], "median": [0.00035051399027, 0.00059006025549, 0.000479643698782, 0.000270895427093, 0.000107562722405, 5.64763286093e-05, 3.76307652914e-05, 9.07414505491e-06, 2.52715290117e-06, 2.02947630896e-05, 8.87627902557e-06, 3.35440881827e-06, 8.00299403636e-07, 3.76994904627e-07, 1.3885272665e-07, 1.95979168893e-07, 1.18596489074e-07, 8.19116934281e-08, 6.7654951863e-08, 8.76626344848e-08, 3.19209405575e-08, 2.54215173356e-08, 2.26104823753e-08, 1.6598704633e-08, 1.69021170393e-08, 1.43799780972e-08, 6.96340940465e-09, 5.6468101306e-09, 8.4959053126e-09, 9.45240241634e-09, 4.26445012636e-09, 7.83437315022e-10, 2.48621623289e-10, 1.77512088362e-10, 1.44363410115e-10, 1.30929267428e-10, 1.43012948706e-10, 1.7104850869e-10, 1.64250835155e-10, 1.58469889988e-10], "max": [0.0562306456268, 0.0496018901467, 0.062055606395, 0.0418499596417, 0.029950985685, 0.0707837790251, 0.0130050927401, 0.00872620102018, 0.0159204397351, 0.0141945779324, 0.00633371295407, 0.00228788796812, 0.00109731627163, 0.000236732841586, 0.00012904209143, 0.000835495186038, 0.000578332284931, 0.000133924942929, 9.33747796807e-05, 0.000119480937428, 4.70768609375e-05, 0.00111117004417, 0.000190400372958, 9.65821454884e-05, 0.000164881435921, 9.12019750103e-05, 2.53010312008e-05, 7.0767168836e-06, 8.60081399878e-06, 6.86262092131e-06, 6.50268987101e-07, 7.74025693318e-07, 1.49952927586e-06, 1.44355112752e-06, 8.79740127857e-07, 9.33322439778e-07, 1.5435240357e-06, 2.08857113648e-06, 2.02660498871e-06, 7.68959580455e-07]}, "barkbands_crest": {"dmean": 1.93903946877, "dvar2": 9.95541095734, "mean": 13.8156051636, "var": 20.453245163, "dmean2": 3.41025257111, "dvar": 3.39554357529, "min": 3.19778943062, "median": 13.3952245712, "max": 26.7449378967}, "mfcc": {"icov": [[0.00520450947806, -0.00647581648082, 0.00404950696975, -0.000639978039544, -0.00302740070038, 0.00595289142802, -0.00770392455161, 0.00894708838314, -0.00846629031003, 0.00742876948789, -0.00546828797087, 0.00331479916349, -0.0011775061721], [-0.00647581648082, 0.00865164212883, -0.0059206681326, 0.00269495043904, 0.000791606435087, -0.00379657698795, 0.00562580488622, -0.00723372539505, 0.00714070955291, -0.00624487828463, 0.00524171954021, -0.00312592019327, 0.00160522083752], [0.00404950696975, -0.0059206681326, 0.00714116776362, -0.00757878320292, 0.00772496452555, -0.00824031140655, 0.00800628587604, -0.00692619523033, 0.00564475357533, -0.00426016747952, 0.00204211543314, 0.000297050835798, -0.000825184513815], [-0.000639978039544, 0.00269495043904, -0.00757878320292, 0.0160675309598, -0.0216898638755, 0.0263934656978, -0.0283698886633, 0.0284179002047, -0.025952141732, 0.0200845208019, -0.0134418001398, 0.00611698348075, -0.00069998705294], [-0.00302740070038, 0.000791606435087, 0.00772496452555, -0.0216898638755, 0.0379683189094, -0.0455656610429, 0.0495480149984, -0.0510010309517, 0.0474452488124, -0.0390670001507, 0.0259325318038, -0.0130712827668, 0.00299748056568], [0.00595289142802, -0.00379657698795, -0.00824031140655, 0.0263934656978, -0.0455656610429, 0.0618484281003, -0.0683409273624, 0.0689369514585, -0.0629515275359, 0.0517723597586, -0.034874483943, 0.0177690479904, -0.00523780146614], [-0.00770392455161, 0.00562580488622, 0.00800628587604, -0.0283698886633, 0.0495480149984, -0.0683409273624, 0.0813969671726, -0.0807599052787, 0.0731787979603, -0.0607501529157, 0.0402132719755, -0.0217289086431, 0.00657881237566], [0.00894708838314, -0.00723372539505, -0.00692619523033, 0.0284179002047, -0.0510010309517, 0.0689369514585, -0.0807599052787, 0.0866109952331, -0.0786364004016, 0.0631156265736, -0.0439147725701, 0.0246406942606, -0.0105098672211], [-0.00846629031003, 0.00714070955291, 0.00564475357533, -0.025952141732, 0.0474452488124, -0.0629515275359, 0.0731787979603, -0.0786364004016, 0.0777516588569, -0.0621032603085, 0.0442252159119, -0.0270904861391, 0.0128856543452], [0.00742876948789, -0.00624487828463, -0.00426016747952, 0.0200845208019, -0.0390670001507, 0.0517723597586, -0.0607501529157, 0.0631156265736, -0.0621032603085, 0.0589552596211, -0.0427473783493, 0.0257677603513, -0.0117347249761], [-0.00546828797087, 0.00524171954021, 0.00204211543314, -0.0134418001398, 0.0259325318038, -0.034874483943, 0.0402132719755, -0.0439147725701, 0.0442252159119, -0.0427473783493, 0.0435214042664, -0.0274918451905, 0.0136335222051], [0.00331479916349, -0.00312592019327, 0.000297050835798, 0.00611698348075, -0.0130712827668, 0.0177690479904, -0.0217289086431, 0.0246406942606, -0.0270904861391, 0.0257677603513, -0.0274918451905, 0.0268462058157, -0.0130628058687], [-0.0011775061721, 0.00160522083752, -0.000825184513815, -0.00069998705294, 0.00299748056568, -0.00523780146614, 0.00657881237566, -0.0105098672211, 0.0128856543452, -0.0117347249761, 0.0136335222051, -0.0130628058687, 0.0166661534458]], "mean": [-876.101135254, 208.591384888, 39.7096862793, 31.0205955505, 7.7757806778, 1.34729337692, 8.06529331207, -0.42335408926, 8.81537342072, -1.35781311989, -5.37294435501, -3.13900446892, -9.95414543152], "cov": [[7439.12402344, 4486.90527344, -1321.20092773, -282.045471191, -2.03346920013, -360.021392822, -205.189804077, -400.264678955, -295.819519043, -403.316345215, -265.643341064, -183.627563477, -249.906860352], [4486.90527344, 3441.86230469, -43.4732894897, -149.875579834, 88.1910095215, -99.9457168579, -95.1089553833, -176.282012939, -202.721801758, -230.001693726, -223.931137085, -195.948074341, -119.444671631], [-1321.20092773, -43.4732894897, 1467.41333008, 457.100372314, 84.9702377319, 147.110626221, 34.6656913757, 100.163764954, 102.492797852, 113.414260864, -1.1374822855, -76.9319152832, 24.3704223633], [-282.045471191, -149.875579834, 457.100372314, 652.213195801, 180.558242798, -44.5530166626, 28.258392334, 27.9462184906, 91.2271194458, 116.559432983, 48.5516052246, -5.30112552643, -27.8093204498], [-2.03346920013, 88.1910095215, 84.9702377319, 180.558242798, 386.242706299, 212.423339844, 120.093399048, 55.9085693359, -29.306602478, 81.3980102539, 19.3871021271, -0.908168852329, 51.6964149475], [-360.021392822, -99.9457168579, 147.110626221, -44.5530166626, 212.423339844, 467.511260986, 242.564941406, 25.4724636078, 10.7398166656, 46.864364624, 40.5812759399, 33.3366241455, 36.2644424438], [-205.189804077, -95.1089553833, 34.6656913757, 28.258392334, 120.093399048, 242.564941406, 359.392456055, 200.561935425, 36.2981872559, 107.667984009, 56.3751907349, 35.3747787476, 66.1644973755], [-400.264678955, -176.282012939, 100.163764954, 27.9462184906, 55.9085693359, 25.4724636078, 200.561935425, 354.593170166, 178.026290894, 84.6736526489, 44.0987091064, 37.8854255676, 52.8185348511], [-295.819519043, -202.721801758, 102.492797852, 91.2271194458, -29.306602478, 10.7398166656, 36.2981872559, 178.026290894, 275.288787842, 109.012428284, 44.7359046936, 42.1514778137, -25.5299816132], [-403.316345215, -230.001693726, 113.414260864, 116.559432983, 81.3980102539, 46.864364624, 107.667984009, 84.6736526489, 109.012428284, 231.727233887, 104.096031189, 18.9921188354, 23.7599067688], [-265.643341064, -223.931137085, -1.1374822855, 48.5516052246, 19.3871021271, 40.5812759399, 56.3751907349, 44.0987091064, 44.7359046936, 104.096031189, 160.56880188, 92.9938278198, -0.151682823896], [-183.627563477, -195.948074341, -76.9319152832, -5.30112552643, -0.908168852329, 33.3366241455, 35.3747787476, 37.8854255676, 42.1514778137, 18.9921188354, 92.9938278198, 152.92640686, 47.0075874329], [-249.906860352, -119.444671631, 24.3704223633, -27.8093204498, 51.6964149475, 36.2644424438, 66.1644973755, 52.8185348511, -25.5299816132, 23.7599067688, -0.151682823896, 47.0075874329, 136.614395142]]}, "spectral_decrease": {"dmean": 1.73351188959e-09, "dvar2": 3.12132567505e-17, "mean": -6.92792667678e-09, "var": 7.72493650849e-17, "dmean2": 3.0176596777e-09, "dvar": 1.0901459615e-17, "min": -7.5759317042e-08, "median": -4.09180023198e-09, "max": 1.55033424404e-28}, "zerocrossingrate": {"dmean": 0.00242181168869, "dvar2": 4.81099887111e-05, "mean": 0.0239983294159, "var": 0.00215119798668, "dmean2": 0.00329379620962, "dvar": 2.93982593575e-05, "min": 0.001953125, "median": 0.01220703125, "max": 0.51806640625}, "spectral_contrast_coeffs": {"dmean": [0.0402115806937, 0.0395726524293, 0.0346119664609, 0.0246548913419, 0.0177830085158, 0.0180061589926], "dvar2": [0.00356256496161, 0.00349542917684, 0.00279306573793, 0.00129339587875, 0.000747861457057, 0.000536257924978], "mean": [-0.634205281734, -0.673780739307, -0.708729565144, -0.796546936035, -0.829916596413, -0.785902023315], "var": [0.0138025730848, 0.0126500613987, 0.0100122895092, 0.00506173400208, 0.00281053385697, 0.00194961554371], "dmean2": [0.0700142681599, 0.0641220137477, 0.0556183382869, 0.0402614027262, 0.0283716507256, 0.0268558859825], "dvar": [0.00123163405806, 0.00137628894299, 0.00117801269516, 0.00054805749096, 0.000340933038387, 0.000298221973935], "min": [-0.971124351025, -0.975109398365, -0.975654900074, -0.965322673321, -0.963684201241, -0.96480512619], "median": [-0.647463202477, -0.674386560917, -0.705830216408, -0.803827285767, -0.843559801579, -0.791084885597], "max": [-0.238340765238, -0.260878950357, -0.343557536602, -0.526609897614, -0.530427455902, -0.59344804287]}, "spectral_skewness": {"dmean": 0.841871023178, "dvar2": 1.89248907566, "mean": 4.5263299942, "var": 4.7782626152, "dmean2": 1.38848900795, "dvar": 0.736828327179, "min": -0.0494051761925, "median": 4.26560544968, "max": 14.0386896133}, "spectral_energyband_middle_high": {"dmean": 0.00011308487592, "dvar2": 4.73505906484e-07, "mean": 0.000447085883934, "var": 1.45359399539e-06, "dmean2": 0.00016719425912, "dvar": 2.16214871784e-07, "min": 1.25787614956e-21, "median": 9.77002564468e-05, "max": 0.023217830807}, "gfcc": {"icov": [[0.000486824807012, -0.00107349466998, 0.000810780853499, -0.00104092853144, 0.000948603148572, -0.000844786816742, 0.000445414683782, 0.000132283166749, -0.000502421171404, 0.000721907592379, -0.000793741201051, 0.000807488395367, -0.000298168451991], [-0.00107349466998, 0.00335655594245, -0.00197399943136, 0.00308852340095, -0.00253507401794, 0.00240822555497, -0.00104800530244, 0.000246722571319, 0.000293384975521, -0.000155338944751, 0.000740473391488, -0.000858934712596, -0.000195559390704], [0.000810780853499, -0.00197399943136, 0.00357937021181, -0.0048532593064, 0.00488949753344, -0.00405847886577, 0.00111055583693, 0.00202057207935, -0.00426247902215, 0.00603329762816, -0.00584545265883, 0.00420091487467, -0.00253659603186], [-0.00104092853144, 0.00308852340095, -0.0048532593064, 0.00899046845734, -0.00812167581171, 0.00662006624043, -0.00171818293165, -0.00351971783675, 0.00669893017039, -0.0102322148159, 0.00908405054361, -0.00549792777747, 0.00224610720761], [0.000948603148572, -0.00253507401794, 0.00488949753344, -0.00812167581171, 0.0113031063229, -0.00810116995126, 0.00132636865601, 0.00437697116286, -0.00903909932822, 0.0133490320295, -0.012904134579, 0.00839361641556, -0.00353230466135], [-0.000844786816742, 0.00240822555497, -0.00405847886577, 0.00662006624043, -0.00810116995126, 0.00996691267937, -0.00399978039786, -0.00249548768625, 0.00737534742802, -0.0111792413518, 0.00891654286534, -0.00652202637866, 0.00273359986022], [0.000445414683782, -0.00104800530244, 0.00111055583693, -0.00171818293165, 0.00132636865601, -0.00399978039786, 0.00607712147757, -0.00163453537971, -0.00189491978381, 0.00257396767847, -0.00183143070899, 0.00146492221393, -0.00227291276678], [0.000132283166749, 0.000246722571319, 0.00202057207935, -0.00351971783675, 0.00437697116286, -0.00249548768625, -0.00163453537971, 0.00661993725225, -0.00710364524275, 0.00819354131818, -0.00653165765107, 0.00330773624592, -0.000855336722452], [-0.000502421171404, 0.000293384975521, -0.00426247902215, 0.00669893017039, -0.00903909932822, 0.00737534742802, -0.00189491978381, -0.00710364524275, 0.0181236825883, -0.0178686287254, 0.0137990172952, -0.00725141866133, 0.00201809266582], [0.000721907592379, -0.000155338944751, 0.00603329762816, -0.0102322148159, 0.0133490320295, -0.0111792413518, 0.00257396767847, 0.00819354131818, -0.0178686287254, 0.0291461348534, -0.0212044604123, 0.0116816209629, -0.00454040290788], [-0.000793741201051, 0.000740473391488, -0.00584545265883, 0.00908405054361, -0.012904134579, 0.00891654286534, -0.00183143070899, -0.00653165765107, 0.0137990172952, -0.0212044604123, 0.0231877211481, -0.0128326583654, 0.00594851747155], [0.000807488395367, -0.000858934712596, 0.00420091487467, -0.00549792777747, 0.00839361641556, -0.00652202637866, 0.00146492221393, 0.00330773624592, -0.00725141866133, 0.0116816209629, -0.0128326583654, 0.019022796303, -0.00882322154939], [-0.000298168451991, -0.000195559390704, -0.00253659603186, 0.00224610720761, -0.00353230466135, 0.00273359986022, -0.00227291276678, -0.000855336722452, 0.00201809266582, -0.00454040290788, 0.00594851747155, -0.00882322154939, 0.0153183108196]], "mean": [-226.875915527, 188.577316284, -63.9017677307, 9.59772109985, -32.0299606323, -15.392496109, -11.5516805649, -1.73743057251, -21.2160930634, -2.54301261902, -15.5829696655, -10.3844432831, 5.83629608154], "cov": [[12764.6191406, 5094.27734375, -1389.98425293, -1262.12878418, 530.531921387, -720.004333496, -555.389831543, -544.744628906, -152.393936157, -636.567932129, 145.584518433, -270.179199219, 25.6299152374], [5094.27734375, 2951.29882812, -73.9282302856, -673.624450684, 422.958679199, -317.380371094, -163.530822754, -320.295471191, -39.8555755615, -392.349914551, 158.313568115, -109.736572266, 99.6595535278], [-1389.98425293, -73.9282302856, 1728.5213623, 630.190002441, 44.3457679749, 175.993896484, 153.772659302, 47.3147506714, 106.690612793, 72.7796096802, 93.8110961914, 2.09386181831, 142.397018433], [-1262.12878418, -673.624450684, 630.190002441, 766.336669922, 131.018997192, 89.415435791, 131.739105225, 166.434768677, 78.104057312, 138.322158813, 6.33294916153, 3.1820025444, 31.9999885559], [530.531921387, 422.958679199, 44.3457679749, 131.018997192, 671.31829834, 225.018051147, 168.629440308, -1.25985145569, 42.8159599304, -32.5837478638, 183.052124023, -28.5079307556, 40.6526069641], [-720.004333496, -317.380371094, 175.993896484, 89.415435791, 225.018051147, 503.031829834, 278.444488525, 75.1286849976, 31.877407074, 113.592796326, 73.3760299683, 50.2500495911, 35.5155715942], [-555.389831543, -163.530822754, 153.772659302, 131.739105225, 168.629440308, 278.444488525, 432.745910645, 222.842407227, 90.6041183472, 35.6709136963, 41.1652793884, 39.6545600891, 64.5889968872], [-544.744628906, -320.295471191, 47.3147506714, 166.434768677, -1.25985145569, 75.1286849976, 222.842407227, 437.715820312, 131.532546997, 19.2605342865, -2.02127122879, 23.3335895538, 15.1522035599], [-152.393936157, -39.8555755615, 106.690612793, 78.104057312, 42.8159599304, 31.877407074, 90.6041183472, 131.532546997, 191.270050049, 75.1316452026, -1.68415617943, 4.51202821732, 28.035900116], [-636.567932129, -392.349914551, 72.7796096802, 138.322158813, -32.5837478638, 113.592796326, 35.6709136963, 19.2605342865, 75.1316452026, 219.493377686, 68.784828186, 16.46484375, -9.11308002472], [145.584518433, 158.313568115, 93.8110961914, 6.33294916153, 183.052124023, 73.3760299683, 41.1652793884, -2.02127122879, -1.68415617943, 68.784828186, 220.976928711, 33.9889831543, 8.94830513], [-270.179199219, -109.736572266, 2.09386181831, 3.1820025444, -28.5079307556, 50.2500495911, 39.6545600891, 23.3335895538, 4.51202821732, 16.46484375, 33.9889831543, 116.832923889, 43.2477493286], [25.6299152374, 99.6595535278, 142.397018433, 31.9999885559, 40.6526069641, 35.5155715942, 64.5889968872, 15.1522035599, 28.035900116, -9.11308002472, 8.94830513, 43.2477493286, 114.447105408]]}, "erbbands_spread": {"dmean": 3.30013751984, "dvar2": 72.9830093384, "mean": 16.303730011, "var": 243.047210693, "dmean2": 5.36730051041, "dvar": 29.305847168, "min": 0.381967484951, "median": 11.8786563873, "max": 150.13331604}, "erbbands_kurtosis": {"dmean": 2.9461081028, "dvar2": 117.440643311, "mean": 6.86224842072, "var": 175.25378418, "dmean2": 4.67412567139, "dvar": 48.8788642883, "min": -1.92876040936, "median": 3.30848121643, "max": 197.554473877}, "dynamic_complexity": 7.43762493134, "erbbands_crest": {"dmean": 2.19745612144, "dvar2": 15.0146255493, "mean": 14.5886898041, "var": 34.6199760437, "dmean2": 3.65151357651, "dvar": 5.64033174515, "min": 2.80384302139, "median": 13.4300136566, "max": 33.0223236084}, "erbbands": {"dmean": [0.0969198271632, 0.43253788352, 1.13655185699, 2.99391484261, 9.12101650238, 4.42507505417, 4.21188163757, 8.57760334015, 3.94248747826, 2.76126289368, 2.69259786606, 5.12559700012, 2.23909544945, 1.65519988537, 0.936876118183, 0.630254030228, 1.10955059528, 0.644556581974, 0.321485459805, 0.31091722846, 0.201585814357, 0.418536812067, 0.183714061975, 0.199051573873, 0.117331154644, 0.0307488646358, 0.0242414548993, 0.0293852705508, 0.00551471952349, 0.00101340771653, 0.000696116010658, 0.00072608870687, 0.000916604942176, 0.000578226172365, 0.000310218863888, 0.000114384005428, 5.73812576476e-05, 8.39036874822e-06, 3.29787917508e-06, 7.24225219528e-06], "dvar2": [0.274626404047, 2.1685667038, 17.4010696411, 158.762756348, 2966.15112305, 651.346984863, 618.792663574, 3279.74658203, 541.536682129, 420.314849854, 1152.64208984, 2015.38916016, 481.648712158, 138.40965271, 26.0910053253, 13.5195922852, 41.6402320862, 50.8925247192, 5.45255279541, 6.05858802795, 2.13237762451, 126.446159363, 7.02264642715, 25.3319816589, 6.38437843323, 0.299705594778, 0.108951643109, 0.0079319961369, 0.000800911569968, 0.00202781730331, 0.000544388662092, 0.00104253343306, 0.00175779883284, 0.000320591236232, 7.11602187948e-05, 8.33978992887e-06, 4.87388433612e-06, 3.64868775193e-08, 6.87052637005e-10, 5.41344025162e-10], "mean": [0.227721363306, 1.67706954479, 3.93994116783, 8.36402130127, 21.1371593475, 12.2163467407, 14.200674057, 35.7928237915, 12.2519302368, 7.96039867401, 7.04032802582, 15.3842945099, 7.95260000229, 5.48290634155, 3.25448322296, 1.88104748726, 3.17549300194, 1.70276582241, 0.872506678104, 0.675137758255, 0.542399525642, 0.96278077364, 0.368676364422, 0.237969636917, 0.151354432106, 0.0474364161491, 0.0403844229877, 0.0493131056428, 0.0088670309633, 0.00142073282041, 0.000965439598076, 0.000984792481177, 0.00126967276447, 0.000910507398658, 0.00049644545652, 0.000193523082999, 9.17276993277e-05, 1.68583719642e-05, 1.26267386804e-05, 2.91406540782e-05], "var": [0.275903463364, 8.45418357849, 51.0165519714, 338.670654297, 2900.21508789, 944.259216309, 1685.70300293, 23711.8007812, 1275.51379395, 1237.54736328, 1886.21789551, 4443.39355469, 1236.24853516, 459.120849609, 67.4224014282, 26.6302032471, 85.3523483276, 25.911687851, 8.57494068146, 3.65933728218, 4.29158782959, 205.18321228, 4.52243089676, 5.35327577591, 1.43338608742, 0.120584972203, 0.0404528304935, 0.0112154940143, 0.000562379544135, 0.000805427669547, 0.000313868891681, 0.000620259495918, 0.00122635054868, 0.00027926650364, 4.83971743961e-05, 6.32242745269e-06, 2.71903172688e-06, 5.87073607505e-08, 5.42743128218e-10, 1.36046196531e-09], "dmean2": [0.191612169147, 0.791953086853, 2.02440929413, 5.03155088425, 15.8842201233, 7.09919452667, 6.36987304688, 10.9915332794, 6.03912687302, 4.35917186737, 4.20824813843, 7.49650192261, 3.21059298515, 2.44004487991, 1.41485667229, 0.991597354412, 1.73667657375, 1.0709913969, 0.511572539806, 0.509811401367, 0.308384627104, 0.59416860342, 0.290137708187, 0.344048023224, 0.204849407077, 0.052133128047, 0.039731901139, 0.0399937480688, 0.00756402919069, 0.00152186921332, 0.00112611590885, 0.00112159992568, 0.00136391690467, 0.000930232810788, 0.000533217156772, 0.000182156392839, 8.62508095452e-05, 1.25095020849e-05, 5.59973477721e-06, 1.25677379401e-05], "dvar": [0.0705072134733, 0.670141637325, 6.07126665115, 61.6632003784, 914.231933594, 302.00100708, 272.376647949, 2087.44360352, 237.582000732, 214.649108887, 550.093139648, 963.040893555, 251.553817749, 68.4935455322, 11.1789169312, 6.04338550568, 20.7410011292, 18.1524581909, 2.13414716721, 2.24247455597, 1.10941970348, 70.1313323975, 2.71919751167, 8.78731632233, 2.20958304405, 0.112812146544, 0.0408402197063, 0.00467889849097, 0.0003946502693, 0.000865756126586, 0.000265109032625, 0.000510932004545, 0.000908799876925, 0.000169306513271, 3.13931413984e-05, 4.16348393628e-06, 2.18997797674e-06, 2.71482303305e-08, 2.99253871683e-10, 1.90931381816e-10], "min": [6.89041349282e-23, 2.30766881621e-22, 1.34443951014e-21, 2.92880744215e-21, 1.14954356014e-20, 3.44905105619e-20, 7.64565302005e-20, 1.11796419542e-19, 1.51237864564e-19, 1.23154501157e-19, 3.88950482834e-19, 6.6395466494e-19, 8.11277444891e-19, 1.50633322198e-18, 1.61661263106e-18, 1.73990845085e-18, 1.63418339483e-18, 2.87287684955e-18, 2.12594930003e-18, 3.60897246896e-18, 4.78296178821e-18, 4.81409521211e-18, 4.90554251037e-18, 6.69353517702e-18, 8.60242690765e-18, 9.0987642265e-18, 1.1730973704e-17, 1.4751411303e-17, 1.28731910159e-17, 1.35567705926e-17, 1.29515465266e-17, 1.40525594907e-17, 1.16816836657e-17, 8.83704428069e-18, 6.1152056479e-18, 4.05899801326e-18, 2.00542205375e-18, 9.05332843622e-19, 2.65890745557e-19, 2.8655022759e-20], "median": [0.0242984872311, 0.357505828142, 1.08555173874, 2.17450928688, 3.42050123215, 2.91017913818, 2.60382699966, 2.87719702721, 2.68840122223, 1.11268687248, 0.603609502316, 3.13549947739, 2.16885137558, 1.07319879532, 0.317065596581, 0.123168975115, 0.106058940291, 0.0815047770739, 0.0618941374123, 0.0693088024855, 0.0411674529314, 0.029625326395, 0.0231480710208, 0.0252268835902, 0.0166983492672, 0.0107405818999, 0.0160943865776, 0.0104070538655, 0.00160449033137, 0.000442036311142, 0.000290248251986, 0.000251035002293, 0.000265879149083, 0.00021785836725, 0.000118676580314, 6.95074049872e-05, 3.45830703736e-05, 7.74745876697e-06, 7.46427122067e-06, 1.72938453034e-05], "max": [7.79362869263, 24.7190265656, 115.306770325, 205.046310425, 830.833618164, 1132.8067627, 1026.96508789, 3671.02368164, 684.448608398, 995.873291016, 1578.90991211, 1973.52001953, 1299.05883789, 621.746643066, 149.05368042, 94.1181335449, 280.056182861, 277.648803711, 64.3218536377, 70.0912017822, 70.1394500732, 829.915344238, 55.613155365, 186.277496338, 80.1334228516, 16.5435123444, 9.10468101501, 2.49652528763, 1.57888650894, 2.80592823029, 1.56058299541, 2.25550818443, 3.00219202042, 1.24469268322, 0.464300334454, 0.187521025538, 0.150041922927, 0.0172798074782, 0.00171222002245, 0.000327551213559]}, "silence_rate_30dB": {"dmean": 0.00821549911052, "dvar2": 0.018850505352, "mean": 0.967456579208, "var": 0.0314883626997, "dmean2": 0.0164322964847, "dvar": 0.00814880244434, "min": 0, "median": 1, "max": 1}, "silence_rate_60dB": {"dmean": 0.0118492776528, "dvar2": 0.0258202385157, "mean": 0.199447080493, "var": 0.159671425819, "dmean2": 0.023700427264, "dvar": 0.0117071149871, "min": 0, "median": 0, "max": 1}, "spectral_energyband_middle_low": {"dmean": 0.00403533410281, "dvar2": 0.000324324035319, "mean": 0.0144836856052, "var": 0.000749447615817, "dmean2": 0.00654671434313, "dvar": 0.000121480916278, "min": 1.49294526399e-22, "median": 0.00473717134446, "max": 0.293926566839}, "spectral_spread": {"dmean": 288368.03125, "dvar2": 492760760320, "mean": 2088350.125, "var": 4422761971710.0, "dmean2": 470459.75, "dvar": 230527533056, "min": 311581.21875, "median": 1560728.75, "max": 42214144}, "barkbands": {"dmean": [0.000986797735095, 0.00218296865933, 0.000921838742215, 0.001892137