{"metadata": {"version": {"essentia_git_sha": "v2.1_beta2-2-gbb40004", "essentia_build_sha": "c0e182ba78c2de26e491b7b7a4a2c98c1ed34208", "extractor": "music 1.0", "essentia": "2.1-beta2"}, "audio_properties": {"analysis_sample_rate": 44100, "md5_encoded": "7674ec17ef388fa4a80f5af75292494a", "downmix": "mix", "sample_rate": 44100, "equal_loudness": 0, "lossless": false, "codec": "aac", "bit_rate": 266927, "length": 430.521179199, "replay_gain": -14.4938278198}, "tags": {"script": ["Latin"], "title": ["Shot Liver Medley"], "musicbrainz_artistid": ["ac865b2e-bba8-4f5a-8756-dd40d5e39f46"], "catalognumber": ["494020 2"], "label": ["Epic"], "date": ["1999"], "musicbrainz_albumid": ["c6a80aac-a9eb-4630-b22a-cbefb18dea6d"], "album": ["The Family Values Tour 1998"], "discnumber": ["1/1"], "artistsort": ["Korn"], "language": ["English"], "file_name": "18 Shot Liver Medley.m4a", "genre": ["Metal"], "artist": ["Korn"], "asin": ["B0000256TP"], "musicbrainz_recordingid": ["74066dc6-1be1-43c0-b3fc-ad69dfe34f31"], "tracknumber": ["18/21"], "bpm": ["0"], "albumartistsort": ["Various Artists"], "composer": ["Jonathan Davis/Brian Welch/James Shaffer/David Silveria/Reginald Arvizu"], "media": ["CD"], "barcode": ["5099749402027"], "encodedby": ["iTunes 10.7"], "musicbrainz_releasegroupid": ["b677ff2b-3486-335b-a77a-921e4506be5a"], "musicbrainz_albumartistid": ["89ad4ac3-39f7-470e-963a-56509c546377"]}}, "rhythm": {"beats_loudness": {"var": 0.000738271686714, "mean": 0.0342995934188, "dmean2": 0.0296824648976, "dvar": 0.000474093714729, "dmean": 0.0175260733813, "max": 0.167007938027, "min": 0.000236428095377, "median": 0.0313652157784, "dvar2": 0.00127918738872}, "beats_position": [0.394739210606, 0.801088392735, 1.20743763447, 1.6137868166, 2.02013611794, 2.41487526894, 2.80961441994, 3.21596360207, 3.62231278419, 4.02866220474, 4.43501138687, 4.85297060013, 5.27092981339, 5.6888885498, 6.15328788757, 6.6176867485, 7.08208608627, 7.60453510284, 8.12698364258, 8.64943313599, 9.17188167572, 9.69433116913, 10.2167797089, 10.6579589844, 11.0991382599, 11.5403175354, 11.9814968109, 12.4226751328, 12.8638544083, 13.3050336838, 13.7462129593, 14.1757822037, 14.6053514481, 15.0349206924, 15.4760990143, 15.9056682587, 16.3352375031, 16.7183666229, 17.1014957428, 17.4846248627, 17.8677539825, 18.2508831024, 18.6340141296, 19.0171432495, 19.5163707733, 20.0156002045, 20.5148296356, 21.0140590668, 21.5132884979, 22.0125160217, 22.5581855774, 23.1154651642, 23.6611328125, 24.2184123993, 24.7756919861, 25.3329696655, 25.8902492523, 26.4475269318, 27.0048065186, 27.5620861053, 28.1193637848, 28.6069831848, 29.0946025848, 29.593832016, 30.081451416, 30.5806789398, 31.0682983398, 31.5559177399, 32.0435371399, 32.5311546326, 32.9955558777, 33.4599533081, 33.9243545532, 34.3771438599, 34.8299331665, 35.2943305969, 35.7703399658, 36.2463493347, 36.7223587036, 37.1751480103, 37.6279373169, 38.0807266235, 38.638004303, 39.1836738586, 39.7293434143, 40.2285690308, 40.7277984619, 41.2270278931, 41.7262573242, 42.2254867554, 42.7247161865, 43.2355537415, 43.7580032349, 44.2804527283, 44.8029022217, 45.3253517151, 45.83618927, 46.4050788879, 46.9739685059, 47.5428581238, 48.1233558655, 48.7038536072, 49.2959632874, 49.8996810913, 50.5033988953, 51.0142402649, 51.5250778198, 52.0359191895, 52.5467567444, 53.0575942993, 53.5568237305, 54.0560531616, 54.5668907166, 55.0545120239, 55.5421295166, 56.029750824, 56.5057601929, 56.9817695618, 57.4693870544, 58.0498847961, 58.6303825378, 59.2108840942, 59.8029937744, 60.3950996399, 60.9639892578, 61.5328788757, 62.1133766174, 62.6938781738, 63.2743759155, 63.8548736572, 64.4353713989, 65.0158691406, 65.5963668823, 66.1768722534, 66.7573699951, 67.3378677368, 67.9183654785, 68.4988632202, 69.1025848389, 69.6830825806, 70.2635803223, 70.844078064, 71.4245758057, 72.0050811768, 72.5855789185, 73.1544647217, 73.7465744019, 74.3270721436, 74.9075698853, 75.488067627, 76.068572998, 76.6490707397, 77.2295684814, 77.8100662231, 78.3905639648, 78.9710617065, 79.5515594482, 80.1320648193, 80.712562561, 81.2698364258, 81.8503417969, 82.4076156616, 82.9881134033, 83.5570068359, 84.1375045776, 84.7063903809, 85.2868881226, 85.8557815552, 86.4362792969, 87.0051651001, 87.5856704712, 88.1661682129, 88.7466659546, 89.3271636963, 89.907661438, 90.4649429321, 91.0454406738, 91.6259384155, 92.1948318481, 92.7637176514, 93.3442153931, 93.9014968872, 94.4819946289, 95.0624923706, 95.6429901123, 96.2118835449, 96.7807693481, 97.3612670898, 97.9417648315, 98.5222625732, 99.1027679443, 99.683265686, 100.275375366, 100.867477417, 101.447982788, 102.051696777, 102.655418396, 103.235916138, 103.816413879, 104.40852356, 105.00063324, 105.581130981, 106.161628723, 106.742126465, 107.334236145, 107.926345825, 108.506843567, 109.087341309, 109.66784668, 110.248344421, 110.828842163, 111.409339905, 111.978225708, 112.558731079, 113.127616882, 113.708114624, 114.288612366, 114.84589386, 115.426391602, 116.006889343, 116.587387085, 117.156280518, 117.725166321, 118.282447815, 118.839729309, 119.397003174, 119.954284668, 120.523170471, 121.092063904, 121.649337769, 122.218231201, 122.787117004, 123.344398499, 123.901672363, 124.470565796, 125.039451599, 125.608345032, 126.177230835, 126.734512329, 127.291786194, 127.849067688, 128.406341553, 128.963623047, 129.532516479, 130.101409912, 130.658676147, 131.215957642, 131.773239136, 132.353744507, 132.922622681, 133.491516113, 134.048797607, 134.640899658, 135.209793091, 135.767074585, 136.359176636, 136.951293945, 137.531784058, 138.112289429, 138.704391479, 139.296508789, 139.876998901, 140.457504272, 141.037994385, 141.618499756, 142.199005127, 142.779495239, 143.371612549, 143.9637146, 144.544219971, 145.113098145, 145.693603516, 146.274108887, 146.854598999, 147.423492432, 148.003982544, 148.584487915, 149.153381348, 149.722259521, 150.302764893, 150.871658325, 151.452148438, 152.02104187, 152.601531982, 153.170425415, 153.727706909, 154.296600342, 154.853881836, 155.411148071, 155.968429565, 156.52571106, 157.094604492, 157.663482666, 158.232376099, 158.801269531, 159.358551025, 159.915817261, 160.473098755, 161.030380249, 161.587661743, 162.144943237, 162.702224731, 163.247894287, 163.793563843, 164.350830078, 164.908111572, 165.465393066, 166.022674561, 166.579956055, 167.137237549, 167.694503784, 168.251785278, 168.809066772, 169.377960205, 169.958450317, 170.538955688, 171.154281616, 171.781219482, 172.408157349, 173.035095215, 173.650421143, 174.265762329, 174.892700195, 175.577682495, 176.262680054, 176.947662354, 177.632644653, 178.317642212, 179.002624512, 179.68762207, 180.384216309, 181.069198608, 181.638092041, 182.206985474, 182.775863647, 183.286712646, 183.797546387, 184.296783447, 184.796005249, 185.29524231, 185.80607605, 186.305297852, 186.804534912, 187.350204468, 187.895874023, 188.441543579, 188.987213135, 189.53288269, 190.078552246, 190.624221802, 191.169876099, 191.796829224, 192.412155151, 193.027481079, 193.584762573, 194.142044067, 194.676101685, 195.198547363, 195.720993042, 196.231826782, 196.742675781, 197.253509521, 197.764343262, 198.275192261, 198.786026001, 199.296859741, 199.80770874, 200.330154419, 200.899047852, 201.479537964, 202.060043335, 202.594100952, 203.128158569, 203.650604248, 204.173049927, 204.707122803, 205.217956543, 205.728790283, 206.239639282, 206.750473022, 207.261306763, 207.7837677, 208.306213379, 208.817047119, 209.327880859, 209.838729858, 210.349563599, 210.860397339, 211.371246338, 211.882080078, 212.404525757, 212.915374756, 213.437820435, 213.948654175, 214.482711792, 215.005172729, 215.527618408, 216.061676025, 216.584121704, 217.12979126, 217.663848877, 218.197906494, 218.731964111, 219.266021729, 219.800079346, 220.345748901, 220.891418457, 221.425476074, 221.95954895, 222.505218506, 223.050872803, 223.57333374, 224.107391357, 224.629837036, 225.152282715, 225.674728394, 226.20880127, 226.71963501, 227.242080688, 227.752914429, 228.275375366, 228.786209106, 229.297042847, 229.807891846, 230.318725586, 230.829559326, 231.363616943, 231.897689819, 232.431747437, 232.942581177, 233.465026855, 233.987472534, 234.498321533, 235.009155273, 235.519989014, 236.030838013, 236.553283691, 237.07572937, 237.586578369, 238.109024048, 238.643081665, 239.177139282, 239.711196899, 240.233642578, 240.767700195, 241.301757812, 241.812606812, 242.323440552, 242.811065674, 243.310287476, 243.809524536, 244.297134399, 244.79637146, 245.3072052, 245.81803894, 246.340499878, 246.851333618, 247.373779297, 247.896224976, 248.407073975, 248.917907715, 249.417144775, 249.916366577, 250.415603638, 250.914825439, 251.42565918, 251.92489624, 252.412506104, 252.923355103, 253.445800781, 253.956634521, 254.467483521, 254.978317261, 255.489151001, 256.023223877, 256.557281494, 257.184204102, 257.822753906, 258.461303711, 259.088256836, 259.715179443, 260.342132568, 260.969055176, 261.596008301, 262.222930908, 262.838256836, 263.453613281, 264.080535889, 264.695861816, 265.322814941, 265.938140869, 266.565063477, 267.168792725, 267.772521973, 268.39944458, 269.026397705, 269.653320312, 270.280273438, 270.895599365, 271.510925293, 272.114654541, 272.741577148, 273.368530273, 273.995452881, 274.622406006, 275.237731934, 275.853057861, 276.456787109, 277.06048584, 277.664215088, 278.291137695, 278.9296875, 279.591461182, 280.241638184, 280.891784668, 281.541931152, 282.192108154, 282.842254639, 283.50402832, 284.165802002, 284.839172363, 285.489349365, 286.13949585, 286.789642334, 287.439819336, 288.08996582, 288.740142822, 289.390289307, 290.052062988, 290.71383667, 291.363983154, 292.014129639, 292.67590332, 293.326080322, 293.976226807, 294.614776611, 295.264923096, 295.915100098, 296.565246582, 297.203796387, 297.877197266, 298.53894043, 299.200714111, 299.88571167, 300.570709229, 301.25567627, 301.929077148, 302.614044189, 303.287445068, 303.949188232, 304.599365234, 305.295959473, 305.980957031, 306.665924072, 307.362548828, 308.047515869, 308.709289551, 309.382659912, 310.067657471, 310.752655029, 311.460845947, 312.145843506, 312.830841064, 313.527435303, 314.224029541, 314.920623779, 315.628845215, 316.325439453, 317.033630371, 317.730255127, 318.438446045, 319.135040283, 319.738769531, 320.342498779, 320.957824707, 321.549926758, 322.142028809, 322.7109375, 323.291412354, 323.860321045, 324.429199219, 324.986480713, 325.543762207, 326.112640381, 326.669921875, 327.215606689, 327.772888184, 328.33013916, 328.887420654, 329.433105469, 329.990386963, 330.547668457, 331.104949951, 331.650604248, 332.207885742, 332.765167236, 333.299224854, 333.833282471, 334.390563965, 334.947845459, 335.481903076, 336.015960693, 336.550018311, 337.107299805, 337.652954102, 338.198638916, 338.744293213, 339.289978027, 339.812408447, 340.334869385, 340.868927002, 341.402984619, 341.925445557, 342.447875977, 342.981933594, 343.515991211, 344.050048828, 344.584106445, 345.11819458, 345.652252197, 346.174682617, 346.697143555, 347.219573975, 347.742034912, 348.276092529, 348.810150146, 349.332611084, 349.866668701, 350.389099121, 350.911560059, 351.434020996, 351.944854736, 352.467285156, 352.989746094, 353.523803711, 354.057861328, 354.591918945, 355.114379883, 355.683258057, 356.240539551, 356.797821045, 357.355102539, 357.912384033, 358.481262207, 359.050140381, 359.619049072, 360.187927246, 360.768432617, 361.337310791, 361.906219482, 362.463470459, 363.03237915, 363.589660645, 364.158538818, 364.739044189, 365.319549561, 365.900024414, 366.480529785, 367.061035156, 367.664764404, 368.245239258, 368.825744629, 369.40625, 370.009979248, 370.602081299, 371.19418335, 371.774688721, 372.378417969, 372.97052002, 373.56262207, 374.143127441, 374.746826172, 375.35055542, 375.954284668, 376.557983398, 377.161712646, 377.742218018, 378.322723389, 378.926422119, 379.530151367, 380.145477295, 380.714355469, 381.28326416, 381.852142334, 382.397827148, 382.943481445, 383.500762939, 384.058044434, 384.60369873, 385.137756348, 385.683441162, 386.217498779, 386.739959717, 387.262390137, 387.773223877, 388.295684814, 388.806518555, 389.328979492, 389.863037109, 390.397094727, 390.919525146, 391.441986084, 391.976043701, 392.510101318, 393.032562256, 393.554992676, 394.089050293, 394.62310791, 395.133972168, 395.644805908, 396.178863525, 396.701293945, 397.23538208, 397.7578125, 398.291870117, 398.825927734, 399.336761475, 399.894042969, 400.46295166, 401.031829834, 401.577484131, 402.123168945, 402.657226562, 403.1796875, 403.713745117, 404.236175537, 404.747009277, 405.246246338, 405.745483398, 406.256317139, 406.755554199, 407.25479126, 407.753997803, 408.253234863, 408.78729248, 409.321350098, 409.855407715, 410.401092529, 410.946746826, 411.492431641, 412.038085938, 412.572143555, 413.106201172, 413.640258789, 414.174316406, 414.708374023, 415.242431641, 415.776489258, 416.368621826, 416.972320557, 417.576049805, 418.168151855, 418.760253906, 419.363983154, 419.967712402, 420.687530518, 421.407348633, 422.138763428, 422.87020874, 423.624847412, 424.391113281, 425.134155273, 425.888793945, 426.643432617, 427.398101807, 428.152740479, 428.90737915, 429.662017822], "bpm_histogram_first_peak_spread": {"var": 0, "mean": 0.519650697708, "dmean2": 0, "dvar": 0, "dmean": 0, "max": 0.519650697708, "min": 0.519650697708, "median": 0.519650697708, "dvar2": 0}, "danceability": 1.13694679737, "bpm_histogram_second_peak_weight": {"var": 0, "mean": 0.101694911718, "dmean2": 0, "dvar": 0, "dmean": 0, "max": 0.101694911718, "min": 0.101694911718, "median": 0.101694911718, "dvar2": 0}, "bpm_histogram_first_peak_weight": {"var": 0, "mean": 0.143415912986, "dmean2": 0, "dvar": 0, "dmean": 0, "max": 0.143415912986, "min": 0.143415912986, "median": 0.143415912986, "dvar2": 0}, "bpm": 104.385787964, "bpm_histogram_second_peak_spread": {"var": 0, "mean": 0.571428537369, "dmean2": 0, "dvar": 0, "dmean": 0, "max": 0.571428537369, "min": 0.571428537369, "median": 0.571428537369, "dvar2": 0}, "bpm_histogram_second_peak_bpm": {"var": 0, "mean": 108, "dmean2": 0, "dvar": 0, "dmean": 0, "max": 108, "min": 108, "median": 108, "dvar2": 0}, "beats_count": 768, "beats_loudness_band_ratio": {"var": [0.0931219980121, 0.00841607898474, 0.00682429410517, 0.0192881394178, 0.00457765813917, 0.0384826995432], "mean": [0.440595835447, 0.0911118686199, 0.0847479477525, 0.123512364924, 0.0981160402298, 0.184488892555], "dmean2": [0.437052041292, 0.146529003978, 0.129502475262, 0.129102379084, 0.101190336049, 0.16093608737], "dvar": [0.0498555377126, 0.00701462524012, 0.00459711998701, 0.0046551655978, 0.00246180105023, 0.00698681874201], "dmean": [0.2314594239, 0.0792264342308, 0.0715991035104, 0.0737793594599, 0.0571039393544, 0.0882002934813], "max": [0.974962890148, 0.746492683887, 0.76674002409, 0.782060265541, 0.397742986679, 0.899571478367], "min": [1.82996445801e-05, 7.02899124008e-05, 0.00193551706616, 0.00141766248271, 0.00362564297393, 0.000845469534397], "median": [0.440795242786, 0.0640258565545, 0.063624240458, 0.0770014822483, 0.0816025882959, 0.112194672227], "dvar2": [0.157168954611, 0.0217562094331, 0.012548930943, 0.0124191939831, 0.00713916774839, 0.0200605131686]}, "onset_rate": 2.81047129631, "bpm_histogram_first_peak_bpm": {"var": 0, "mean": 103, "dmean2": 0, "dvar": 0, "dmean": 0, "max": 103, "min": 103, "median": 103, "dvar2": 0}}, "lowlevel": {"hfc": {"var": 513.428527832, "mean": 27.7364845276, "dmean2": 13.6910734177, "dvar": 194.143981934, "dmean": 8.71713161469, "max": 355.980224609, "min": 1.10702693109e-16, "median": 22.8826885223, "dvar2": 481.516723633}, "barkbands_spread": {"var": 269.891082764, "mean": 33.0353469849, "dmean2": 13.4397335052, "dvar": 72.4579620361, "dmean": 8.36965084076, "max": 104.584571838, "min": 2.19432353973, "median": 29.8325462341, "dvar2": 173.608200073}, "spectral_spread": {"var": 1906259787780.0, "mean": 4776915.5, "dmean2": 711492.0625, "dvar": 324634869760, "dmean": 473796.90625, "max": 41621396, "min": 1697851.75, "median": 4816403, "dvar2": 597034729472}, "spectral_energy": {"var": 0.000657716882415, "mean": 0.0292245037854, "dmean2": 0.0216585267335, "dvar": 0.000373862014385, "dmean": 0.0128879826516, "max": 0.234612926841, "min": 1.04107804829e-20, "median": 0.0236722379923, "dvar2": 0.00100803852547}, "gfcc": {"icov": [[0.000476701214211, -9.68363528955e-05, -0.00027070849319, -0.000460606679553, 0.000357492390322, -0.000123090561829, 0.000355102412868, -0.000605473236647, 0.0002675812284, -0.000229078592383, -0.000126283761347, -0.000596037774812, 0.00026505952701], [-9.68363528955e-05, 0.00210972432978, -0.000380027166102, 0.000402529898565, -0.00246786605567, 0.00242612324655, -0.00117854541168, 0.00176490866579, -0.00136715231929, 0.00291877589189, -0.00361140840687, 0.00265760323964, -0.00119865383022], [-0.00027070849319, -0.000380027166102, 0.00314475246705, -0.00250323489308, -1.05572125904e-05, -0.00166568276472, 0.00277804164216, -0.000963969214354, 0.000923778861761, -0.00131357251666, 0.00127678015269, -0.00170828273986, 0.00226102001034], [-0.000460606679553, 0.000402529898565, -0.00250323489308, 0.00539151858538, -0.00229717232287, 0.00176793697756, -0.00221890537068, 0.00229799537919, -0.00241529522464, 0.00108655483928, -0.00140161358286, 0.00255719549023, -0.00290870503522], [0.000357492390322, -0.00246786605567, -1.05572125904e-05, -0.00229717232287, 0.00760413846001, -0.00297195836902, 0.000768712779973, -0.00277910102159, 0.00319331302308, -0.0020050550811, 0.00187418865971, -0.000745999102946, 0.000896515324712], [-0.000123090561829, 0.00242612324655, -0.00166568276472, 0.00176793697756, -0.00297195836902, 0.0112830521539, -0.00382897513919, 0.000181392970262, -0.00119452620856, 0.00575815420598, -0.00279193161987, 0.0012810662156, 0.000210243757465], [0.000355102412868, -0.00117854541168, 0.00277804164216, -0.00221890537068, 0.000768712779973, -0.00382897513919, 0.00975007563829, -0.00285539240576, 0.000618834863417, -0.00231989845634, 0.00494235893711, -0.00312395300716, 0.00211418024264], [-0.000605473236647, 0.00176490866579, -0.000963969214354, 0.00229799537919, -0.00277910102159, 0.000181392970262, -0.00285539240576, 0.0147455995902, -0.00495331222191, -0.000947622582316, -0.00320097221993, 0.00380799476989, -0.00366562395357], [0.0002675812284, -0.00136715231929, 0.000923778861761, -0.00241529522464, 0.00319331302308, -0.00119452620856, 0.000618834863417, -0.00495331222191, 0.0173196159303, -0.00834825076163, 0.00102224526927, -9.02323736227e-05, 0.00238827825524], [-0.000229078592383, 0.00291877589189, -0.00131357251666, 0.00108655483928, -0.0020050550811, 0.00575815420598, -0.00231989845634, -0.000947622582316, -0.00834825076163, 0.0200328733772, -0.00516352942213, -0.000392456509871, -0.00414836732671], [-0.000126283761347, -0.00361140840687, 0.00127678015269, -0.00140161358286, 0.00187418865971, -0.00279193161987, 0.00494235893711, -0.00320097221993, 0.00102224526927, -0.00516352942213, 0.0197831839323, -0.00778099568561, 0.00172307458706], [-0.000596037774812, 0.00265760323964, -0.00170828273986, 0.00255719549023, -0.000745999102946, 0.0012810662156, -0.00312395300716, 0.00380799476989, -9.02323736227e-05, -0.000392456509871, -0.00778099568561, 0.0208962503821, -0.00524765206501], [0.00026505952701, -0.00119865383022, 0.00226102001034, -0.00290870503522, 0.000896515324712, 0.000210243757465, 0.00211418024264, -0.00366562395357, 0.00238827825524, -0.00414836732671, 0.00172307458706, -0.00524765206501, 0.019253699109]], "mean": [14.0478496552, 47.60521698, -125.777252197, 47.0245437622, -49.3370742798, 21.4826831818, -26.2255516052, 15.4598464966, -27.3361473083, 1.84424722195, -18.6162509918, -1.77296328545, -6.69448900223], "cov": [[4728.58203125, 861.332641602, 1777.47192383, 1198.55322266, 399.833221436, -90.6600036621, -448.275634766, 82.0078735352, 55.9881362915, 99.3741760254, 282.671691895, 73.5431671143, 17.2830085754], [861.332641602, 3223.63012695, 846.812988281, 985.009521484, 991.127685547, -295.588867188, -221.899230957, -189.127716064, -59.8606681824, -243.373718262, 335.362609863, -251.848922729, 39.9659156799], [1777.47192383, 846.812988281, 1475.28234863, 887.056030273, 435.359832764, -33.6385650635, -314.626861572, -13.7262334824, 1.80894708633, -0.839621067047, 158.345672607, -17.5212020874, -18.3092269897], [1198.55322266, 985.009521484, 887.056030273, 890.477783203, 443.17791748, -90.1142807007, -158.797424316, -35.8761444092, 21.1404743195, -20.7057266235, 137.846282959, -65.0913391113, 28.9737071991], [399.833221436, 991.127685547, 435.359832764, 443.17791748, 512.97467041, -36.8304252625, -74.3607559204, -32.9639816284, -36.0026092529, -73.7078475952, 96.069770813, -81.5384597778, 8.19501399994], [-90.6600036621, -295.588867188, -33.6385650635, -90.1142807007, -36.8304252625, 167.736633301, 57.6074562073, 21.0520305634, -14.4479379654, -20.2710838318, -38.9376869202, 15.4613828659, -24.1285991669], [-448.275634766, -221.899230957, -314.626861572, -158.797424316, -74.3607559204, 57.6074562073, 218.082489014, 25.5957355499, 7.04761171341, 2.6789894104, -66.7871246338, 5.14550209045, -3.84354782104], [82.0078735352, -189.127716064, -13.7262334824, -35.8761444092, -32.9639816284, 21.0520305634, 25.5957355499, 112.042045593, 39.3069458008, 46.7562904358, -3.43429923058, 13.4569892883, 12.2877531052], [55.9881362915, -59.8606681824, 1.80894708633, 21.1404743195, -36.0026092529, -14.4479379654, 7.04761171341, 39.3069458008, 97.0284347534, 55.9856033325, 8.38597011566, 6.91118860245, 8.18771362305], [99.3741760254, -243.373718262, -0.839621067047, -20.7057266235, -73.7078475952, -20.2710838318, 2.6789894104, 46.7562904358, 55.9856033325, 118.603767395, 6.56990766525, 36.8789482117, 20.7851009369], [282.671691895, 335.362609863, 158.345672607, 137.846282959, 96.069770813, -38.9376869202, -66.7871246338, -3.43429923058, 8.38597011566, 6.56990766525, 116.700302124, 4.84972190857, 13.1015110016], [73.5431671143, -251.848922729, -17.5212020874, -65.0913391113, -81.5384597778, 15.4613828659, 5.14550209045, 13.4569892883, 6.91118860245, 36.8789482117, 4.84972190857, 88.4999542236, 11.9329271317], [17.2830085754, 39.9659156799, -18.3092269897, 28.9737071991, 8.19501399994, -24.1285991669, -3.84354782104, 12.2877531052, 8.18771362305, 20.7851009369, 13.1015110016, 11.9329271317, 68.9013900757]]}, "silence_rate_60dB": {"var": 0.072386957705, "mean": 0.0785244330764, "dmean2": 0.0256742183119, "dvar": 0.0126730110496, "dmean": 0.012836416252, "max": 1, "min": 0, "median": 0, "dvar2": 0.0312769934535}, "spectral_centroid": {"var": 703613.3125, "mean": 2329.26269531, "dmean2": 509.432952881, "dvar": 90778.203125, "dmean": 319.240509033, "max": 10808.4423828, "min": 251.84135437, "median": 2212.64697266, "dvar2": 215722.40625}, "spectral_complexity": {"var": 176.398971558, "mean": 25.381942749, "dmean2": 6.90496206284, "dvar": 23.3687534332, "dmean": 4.52456712723, "max": 63, "min": 0, "median": 26, "dvar2": 44.7151679993}, "melbands_spread": {"var": 636.825134277, "mean": 36.148563385, "dmean2": 17.5026893616, "dvar": 139.989578247, "dmean": 10.7242584229, "max": 237.191543579, "min": 1.02714383602, "median": 29.8575134277, "dvar2": 347.305450439}, "spectral_strongpeak": {"var": 4.83645534515, "mean": 1.20556080341, "dmean2": 1.07889449596, "dvar": 1.68671226501, "dmean": 0.622333586216, "max": 19.3651275635, "min": 4.58665416758e-09, "median": 0.347125053406, "dvar2": 4.78350114822}, "zerocrossingrate": {"var": 0.00316299777478, "mean": 0.0942931324244, "dmean2": 0.0148447249085, "dvar": 0.000159320188686, "dmean": 0.0121599435806, "max": 0.5126953125, "min": 0.005859375, "median": 0.0771484375, "dvar2": 0.000222247093916}, "erbbands_kurtosis": {"var": 1.90073502064, "mean": 0.206822365522, "dmean2": 1.25669682026, "dvar": 0.798684239388, "dmean": 0.767467021942, "max": 16.835308075, "min": -1.80960190296, "median": -0.064751625061, "dvar2": 2.04937815666}, "spectral_energyband_middle_low": {"var": 5.01064423588e-05, "mean": 0.00598947051913, "dmean2": 0.00525168841705, "dvar": 3.5689532524e-05, "dmean": 0.0031387899071, "max": 0.135777130723, "min": 2.69570608761e-22, "median": 0.00432536378503, "dvar2": 9.17998768273e-05}, "erbbands": {"var": [0.211404904723, 9.28320884705, 113.470054626, 91.4724349976, 47.8242225647, 100.128211975, 182.743392944, 1141.5760498, 276.675415039, 182.14251709, 583.118713379, 3502.53125, 1781.12182617, 2690.22973633, 6661.20068359, 1001.16082764, 3251.43920898, 1649.53173828, 1108.98535156, 635.049865723, 1151.70227051, 1668.56152344, 960.784057617, 890.79498291, 1293.10339355, 1383.25634766, 2046.30908203, 1381.30029297, 784.961303711, 228.841522217, 85.2635269165, 99.154045105, 70.3135757446, 16.4215717316, 2.49618291855, 0.285812318325, 0.0208572316915, 0.000855120946653, 1.01948535303e-05, 3.73460231629e-08], "mean": [0.263177275658, 2.19104886055, 6.97185087204, 6.59115362167, 5.4238653183, 6.03258419037, 5.95270109177, 8.78296089172, 5.73315668106, 6.12195062637, 7.40788459778, 17.5914211273, 17.5187587738, 19.7055873871, 24.6931934357, 16.5832862854, 19.744020462, 18.9644260406, 19.3106021881, 16.7149486542, 29.9667873383, 33.3136444092, 27.3735275269, 25.9533615112, 29.3009490967, 34.865020752, 33.6540298462, 24.03723526, 16.5041999817, 9.28608512878, 5.69189548492, 5.86329126358, 4.5473985672, 2.50356864929, 1.07168853283, 0.329719036818, 0.0817966163158, 0.013855648227, 0.00124080025125, 9.28454464884e-05], "dmean2": [0.307763904333, 2.9703605175, 9.43296051025, 8.96092414856, 6.18148946762, 7.47183036804, 7.26170969009, 11.3476161957, 7.8144197464, 7.27217006683, 11.8987874985, 18.2840576172, 18.4917449951, 19.2916202545, 23.409696579, 15.9171171188, 19.0074863434, 17.7111129761, 16.9826660156, 14.4453306198, 24.3411064148, 26.7655010223, 21.3784179688, 20.0593338013, 23.3942127228, 27.9243335724, 32.8761367798, 24.8664035797, 16.7555885315, 9.22240638733, 5.3541636467, 4.91468906403, 3.17141962051, 1.57687795162, 0.644929170609, 0.230963215232, 0.0637344494462, 0.0124983955175, 0.00128298241179, 8.03806324257e-05], "dvar": [0.123193852603, 7.83899450302, 89.2424087524, 89.9138717651, 39.1567306519, 98.1229858398, 196.807937622, 1186.0369873, 354.496185303, 137.080215454, 776.647888184, 1257.03308105, 1091.31616211, 1342.50793457, 2623.67333984, 501.720184326, 1523.03894043, 935.873474121, 553.985839844, 341.402496338, 445.187988281, 797.174865723, 447.732788086, 412.054107666, 720.45703125, 772.775878906, 1196.7947998, 843.830078125, 412.409942627, 130.521972656, 51.4985466003, 44.2654190063, 20.4964809418, 4.88931512833, 0.680280089378, 0.124590277672, 0.0130618959665, 0.000737762602512, 1.04733508124e-05, 4.68810661403e-08], "dmean": [0.18755467236, 1.70971262455, 5.48436307907, 5.16430997849, 3.60866832733, 4.33377838135, 4.29072332382, 6.91239452362, 4.63712453842, 4.36578845978, 6.76663589478, 11.070016861, 11.0868301392, 11.8548192978, 14.4903860092, 9.58343410492, 11.5886240005, 10.8125257492, 10.3836231232, 8.7883310318, 14.8022184372, 16.1472644806, 12.9635667801, 12.1562957764, 14.0899820328, 16.8981075287, 19.7323207855, 14.6758651733, 10.0131673813, 5.54049921036, 3.24487376213, 3.05491399765, 2.08432126045, 1.04279637337, 0.423769176006, 0.148705899715, 0.0406008176506, 0.00791557505727, 0.000800060573965, 4.91681785206e-05], "max": [7.12741136551, 42.4024505615, 131.00491333, 150.18208313, 113.396072388, 291.60269165, 638.576843262, 1570.43164062, 859.57824707, 409.862701416, 758.40045166, 1581.43811035, 1182.64086914, 1777.35778809, 2045.07507324, 682.23651123, 1585.12512207, 1108.59899902, 693.329040527, 829.697631836, 506.125946045, 1007.97381592, 485.269592285, 561.860534668, 671.247924805, 595.354492188, 580.664489746, 545.766296387, 702.626220703, 433.902587891, 419.344909668, 237.580780029, 153.876678467, 104.722419739, 40.8655357361, 18.4448738098, 7.52613782883, 1.77545845509, 0.204168274999, 0.0165014062077], "min": [2.81792586014e-21, 2.34520526671e-21, 1.77312513558e-20, 7.98235753462e-20, 1.01613205816e-19, 1.62866563486e-19, 2.19463605165e-19, 2.09718112155e-19, 2.10284847197e-19, 1.32073022934e-18, 6.32385213465e-19, 1.80338401631e-18, 1.76113431896e-18, 3.53857112702e-18, 5.31939834162e-18, 2.31262411195e-18, 3.26905107483e-18, 6.79441853812e-18, 8.56408460471e-18, 7.01840912183e-18, 6.17105398773e-18, 1.21209628931e-17, 1.19497017647e-17, 9.60615764142e-18, 1.89746050815e-17, 1.45304482004e-17, 2.64703635912e-17, 1.62791278676e-17, 1.83333250398e-17, 1.53136840157e-17, 1.58658568531e-17, 1.86674629939e-17, 1.45360283608e-17, 1.32836115661e-17, 6.66049468822e-18, 8.0626683969e-18, 4.02938577452e-18, 1.20825289799e-18, 2.37105067035e-19, 2.78701672982e-20], "median": [0.0909066200256, 1.06755018234, 3.22149991989, 3.55242133141, 3.36286067963, 2.87189722061, 2.81500077248, 3.37604475021, 2.33171701431, 2.43906068802, 2.28856134415, 5.61966705322, 6.5449514389, 7.08384513855, 8.61675167084, 7.76848888397, 6.67172384262, 9.68214130402, 10.6578302383, 10.4101514816, 21.9210548401, 22.7775917053, 19.6931362152, 18.3852539062, 21.0113792419, 26.6258125305, 16.7925624847, 10.1023902893, 6.73535871506, 4.05547809601, 2.77258348465, 3.01694917679, 1.94608974457, 1.1659668684, 0.486277282238, 0.142553687096, 0.0355539768934, 0.00588336959481, 0.000429994775914, 5.54764919798e-05], "dvar2": [0.301293700933, 22.3001861572, 249.194580078, 254.24609375, 109.475715637, 271.204162598, 513.179260254, 2907.92871094, 974.145935059, 347.827178955, 2152.78149414, 3083.40209961, 2733.65869141, 3165.19970703, 6561.51318359, 1240.64428711, 3834.96704102, 2294.53662109, 1340.5098877, 841.897583008, 1142.0255127, 2077.26464844, 1172.23425293, 1042.51806641, 1862.7980957, 2031.15441895, 3248.08520508, 2446.82397461, 1117.36975098, 335.069793701, 126.443382263, 104.703979492, 40.4175224304, 10.5565137863, 1.65338695049, 0.313305586576, 0.03450845927, 0.00201169215143, 2.84047509922e-05, 1.30135575205e-07]}, "barkbands_crest": {"var": 16.6529197693, "mean": 9.92894649506, "dmean2": 5.04406738281, "dvar": 6.80555868149, "dmean": 3.03076386452, "max": 24.95079422, "min": 2.11868786812, "median": 9.35023117065, "dvar2": 17.9961051941}, "melbands_crest": {"var": 35.8162498474, "mean": 15.0758752823, "dmean2": 6.20495128632, "dvar": 9.87264156342, "dmean": 3.7278380394, "max": 34.7519187927, "min": 1.98586785793, "median": 14.8438243866, "dvar2": 26.377117157}, "spectral_flux": {"var": 0.00270118308254, "mean": 0.0919999405742, "dmean2": 0.0403526984155, "dvar": 0.000974039023276, "dmean": 0.0249474234879, "max": 0.423721671104, "min": 1.02033229088e-10, "median": 0.0838084220886, "dvar2": 0.00219687540084}, "spectral_contrast_valleys": {"var": [3.03505754471, 0.843010306358, 0.304360508919, 0.283346801996, 0.678064107895, 1.16883111], "mean": [-7.47145652771, -7.28114366531, -7.04340314865, -7.33156824112, -6.95191669464, -9.78164768219], "dmean2": [0.676505744457, 0.641627073288, 0.492765814066, 0.396527826786, 0.315929412842, 0.388803809881], "dvar": [0.112381361425, 0.128848463297, 0.0804433301091, 0.0559989735484, 0.0516486205161, 0.116630829871], "dmean": [0.404961138964, 0.386121660471, 0.298522979021, 0.242890834808, 0.20508415997, 0.266944855452], "max": [-5.08124542236, -4.45712614059, -5.04531860352, -5.60753011703, -5.24421548843, -7.16652441025], "min": [-27.0346660614, -26.8575820923, -27.3151054382, -27.3923435211, -27.234588623, -27.2928256989], "median": [-6.78330516815, -7.09487819672, -7.05746555328, -7.29434967041, -6.67137718201, -9.66945457458], "dvar2": [0.28928026557, 0.311390846968, 0.183643862605, 0.118846297264, 0.0991917997599, 0.232854828238]}, "mfcc": {"icov": [[0.000473148713354, 0.000154805224156, -0.000323571061017, -0.000362699734978, -1.69533050212e-05, 0.000367657048628, -0.000101443642052, -0.000146284291986, 0.000365645246347, -0.000119065472973, -4.79371992697e-05, -0.000213285864447, -0.000287564995233], [0.000154805224156, 0.00158277782612, 0.000906803179532, -0.00130868935958, -0.000731414475013, 0.00050404650392, -0.000677171919961, -0.00013072337606, 0.00169790582731, -0.000805109215435, 0.000169450198882, 0.000607518537436, 0.000109061933472], [-0.000323571061017, 0.000906803179532, 0.00288520008326, -0.00102340104058, -0.00186934368685, -0.000587719317991, 0.00132517458405, -0.000572156626731, 0.00106572522782, -0.00015415053349, 0.000169524471858, -0.000792809703853, 0.000488419027533], [-0.000362699734978, -0.00130868935958, -0.00102340104058, 0.00415141321719, -0.00172562792432, -0.00128276704345, -0.000406487932196, 0.00195834599435, -0.00219789682887, 0.00106030073948, -0.00111418880988, 0.000297981576296, -0.00101695558988], [-1.69533050212e-05, -0.000731414475013, -0.00186934368685, -0.00172562792432, 0.00680351350456, -0.000292005919619, -0.00225291890092, 0.000363390165148, 0.00169062032364, -0.00294009665959, 0.00176049931906, 0.00162033818197, -0.00201499811374], [0.000367657048628, 0.00050404650392, -0.000587719317991, -0.00128276704345, -0.000292005919619, 0.0104289967567, -0.00196243403479, -0.00334621313959, -0.00026456816704, 0.00152454641648, -0.00101508048829, 0.00144376780372, 0.00214236346073], [-0.000101443642052, -0.000677171919961, 0.00132517458405, -0.000406487932196, -0.00225291890092, -0.00196243403479, 0.0115554332733, -0.00432045385242, -0.00202057743445, 0.000791571743321, 0.00268642790616, -0.0023553292267, 0.00132632488385], [-0.000146284291986, -0.00013072337606, -0.000572156626731, 0.00195834599435, 0.000363390165148, -0.00334621313959, -0.00432045385242, 0.0142073202878, -0.000355849682819, -0.000399734039092, -0.00420609349385, 0.00404073577374, 0.000460163806565], [0.000365645246347, 0.00169790582731, 0.00106572522782, -0.00219789682887, 0.00169062032364, -0.00026456816704, -0.00202057743445, -0.000355849682819, 0.0118680959567, -0.00494359713048, 0.00175557995681, -0.00481883343309, 0.00173017557245], [-0.000119065472973, -0.000805109215435, -0.00015415053349, 0.00106030073948, -0.00294009665959, 0.00152454641648, 0.000791571743321, -0.000399734039092, -0.00494359713048, 0.0204160679132, -0.00704261893407, 0.00183132069651, -0.00200490374118], [-4.79371992697e-05, 0.000169450198882, 0.000169524471858, -0.00111418880988, 0.00176049931906, -0.00101508048829, 0.00268642790616, -0.00420609349385, 0.00175557995681, -0.00704261893407, 0.0205455888063, -0.00659786118194, 0.00128707068507], [-0.000213285864447, 0.000607518537436, -0.000792809703853, 0.000297981576296, 0.00162033818197, 0.00144376780372, -0.0023553292267, 0.00404073577374, -0.00481883343309, 0.00183132069651, -0.00659786118194, 0.0217306744307, -0.00667758984491], [-0.000287564995233, 0.000109061933472, 0.000488419027533, -0.00101695558988, -0.00201499811374, 0.00214236346073, 0.00132632488385, 0.000460163806565, 0.00173017557245, -0.00200490374118, 0.00128707068507, -0.00667758984491, 0.0200178530067]], "mean": [-624.764892578, 76.861579895, -11.1385335922, 28.0113334656, 4.46410703659, 9.6789522171, 13.2376432419, 8.15457344055, 9.14218139648, 2.21864247322, -3.21152544022, 1.50530552864, -2.82278013229], "cov": [[4008.85424805, 382.884918213, 1262.16052246, 1086.37475586, 814.922363281, -20.6992435455, 16.020029068, -92.0176010132, -189.859695435, 80.4758453369, 4.9088306427, 33.4746208191, 200.517807007], [382.884918213, 2068.82470703, 172.147384644, 950.914733887, 754.49822998, 44.8309402466, 209.035644531, -31.4422836304, -252.819992065, 68.0428924561, -70.5722961426, -150.400665283, 79.3931274414], [1262.16052246, 172.147384644, 1054.14758301, 636.751708984, 551.282897949, 60.4944190979, -6.39102172852, -37.2897834778, -116.361862183, 41.9822998047, -6.82731533051, -6.35319280624, 86.7021026611], [1086.37475586, 950.914733887, 636.751708984, 1106.94226074, 710.25567627, 75.1735305786, 117.429748535, -72.5921325684, -107.565841675, 60.6973609924, -28.7028007507, -43.0752639771, 111.314483643], [814.922363281, 754.49822998, 551.282897949, 710.25567627, 716.349243164, 57.5827293396, 108.491508484, -31.1226272583, -141.557647705, 61.4088096619, -42.600063324, -64.4687347412, 89.3190231323], [-20.6992435455, 44.8309402466, 60.4944190979, 75.1735305786, 57.5827293396, 140.277740479, 47.7609863281, 45.50806427, -1.48809015751, -5.00754308701, 0.488549619913, -22.9924468994, -19.700050354], [16.020029068, 209.035644531, -6.39102172852, 117.429748535, 108.491508484, 47.7609863281, 148.98991394, 39.2885513306, 2.72658061981, 5.08882236481, -17.0671424866, -16.1099967957, -3.75526404381], [-92.0176010132, -31.4422836304, -37.2897834778, -72.5921325684, -31.1226272583, 45.50806427, 39.2885513306, 111.794898987, 6.3749666214, 0.107553422451, 13.8055915833, -19.7440090179, -25.1189460754], [-189.859695435, -252.819992065, -116.361862183, -107.565841675, -141.557647705, -1.48809015751, 2.72658061981, 6.3749666214, 161.773696899, 12.3295459747, 16.2709388733, 46.8892631531, -16.5448532104], [80.4758453369, 68.0428924561, 41.9822998047, 60.6973609924, 61.4088096619, -5.00754308701, 5.08882236481, 0.107553422451, 12.3295459747, 69.0845413208, 19.1316375732, 3.17305064201, 14.9042224884], [4.9088306427, -70.5722961426, -6.82731533051, -28.7028007507, -42.600063324, 0.488549619913, -17.0671424866, 13.8055915833, 16.2709388733, 19.1316375732, 69.3408889771, 23.8303337097, -0.362695962191], [33.4746208191, -150.400665283, -6.35319280624, -43.0752639771, -64.4687347412, -22.9924468994, -16.1099967957, -19.7440090179, 46.8892631531, 3.17305064201, 23.8303337097, 82.3642425537, 18.967628479], [200.517807007, 79.3931274414, 86.7021026611, 111.314483643, 89.3190231323, -19.700050354, -3.75526404381, -25.1189460754, -16.5448532104, 14.9042224884, -0.362695962191, 18.967628479, 77.1417312622]]}, "erbbands_flatness_db": {"var": 0.00287043396384, "mean": 0.143463030457, "dmean2": 0.0218168813735, "dvar": 0.000167188001797, "dmean": 0.0140259303153, "max": 0.337098002434, "min": 0.0538291297853, "median": 0.12867641449, "dvar2": 0.000379499193514}, "barkbands": {"var": [3.83440635687e-07, 0.00018225844542, 9.58082018769e-05, 7.11333541403e-06, 5.5835994317e-06, 1.03766142274e-05, 9.1773637223e-07, 7.29216651507e-07, 4.52408812635e-06, 2.14691476685e-06, 6.06129742664e-06, 7.1475619734e-07, 1.47245066273e-06, 5.11870723585e-07, 4.04314761226e-07, 3.23247149936e-07, 5.48738682937e-07, 3.399364914e-07, 4.47293899697e-07, 5.94562720835e-07, 1.24921723454e-06, 4.79758909933e-07, 1.22957757753e-07, 2.45841448532e-07, 7.76840067829e-08, 8.62532623103e-09, 3.76346814823e-10], "mean": [0.000311525771394, 0.00951592624187, 0.00618190458044, 0.00176760321483, 0.0017137558898, 0.000949172477704, 0.000370259484043, 0.000292257114779, 0.000722627912182, 0.00057289499091, 0.000628789537586, 0.000395328388549, 0.000417829374783, 0.00037024251651, 0.00032988350722, 0.000469883147161, 0.000583040120546, 0.000469974474981, 0.000545833318029, 0.000689099077135, 0.000769465696067, 0.000419969088398, 0.000208955359994, 0.000280094711343, 0.000187373589142, 5.31002478965e-05, 7.59291651775e-06], "dmean2": [0.000347758701537, 0.0118138482794, 0.00868770759553, 0.00253885705024, 0.00188309850637, 0.00116392166819, 0.000476701476146, 0.000468593789265, 0.000794096500613, 0.000615697936155, 0.000632081471849, 0.000418406707468, 0.000444314500783, 0.000365200976375, 0.000311021343805, 0.000408179388614, 0.000491855491418, 0.000399972894229, 0.000440494710347, 0.000547235074919, 0.000695540918969, 0.000440812291345, 0.000203748146305, 0.000201147631742, 0.000109354281449, 4.04275051551e-05, 8.04694082035e-06], "dvar": [1.93759305489e-07, 0.000131384163979, 7.82041825005e-05, 7.07938488631e-06, 4.69450060336e-06, 1.0308286619e-05, 8.73211206454e-07, 9.04117541722e-07, 2.25815369959e-06, 1.20381184843e-06, 2.311983053e-06, 4.35079329009e-07, 8.22799904654e-07, 2.78634615825e-07, 2.125430143e-07, 1.40538460869e-07, 2.54752364981e-07, 1.64568206173e-07, 2.37388150026e-07, 3.1766606412e-07, 5.65572122468e-07, 2.76799511312e-07, 7.12311489792e-08, 8.04523452302e-08, 2.18436451149e-08, 4.95874852291e-09, 3.83490628142e-10], "d