{"tonal": {"chords_key": "D", "hpcp_entropy": {"dmean": 0.617665529251, "dmean2": 1.02991223335, "max": 4.22388744354, "dvar": 0.275066554546, "mean": 2.01658344269, "dvar2": 0.724815547466, "min": 0.0423296913505, "var": 0.569405078888, "median": 2.07178926468}, "key_key": "D", "chords_strength": {"dmean": 0.00828633923084, "dmean2": 0.00776605959982, "max": 0.856260836124, "dvar": 4.47662096121e-05, "mean": 0.535067260265, "dvar2": 4.59543844045e-05, "min": 0.282673031092, "var": 0.00898921303451, "median": 0.527119040489}, "key_scale": "minor", "chords_number_rate": 0.00184691150207, "thpcp": [1, 0.695560097694, 0.235533967614, 0.133606225252, 0.114831328392, 0.151350036263, 0.222720980644, 0.313277810812, 0.452558547258, 0.428973048925, 0.245347931981, 0.203865453601, 0.219890788198, 0.164736524224, 0.240880414844, 0.347891569138, 0.248625576496, 0.126892834902, 0.11100872606, 0.160745814443, 0.409604072571, 0.605537235737, 0.390285760164, 0.151801913977, 0.10798369348, 0.0901035293937, 0.0927813574672, 0.108849957585, 0.148707568645, 0.310234904289, 0.436391949654, 0.321310937405, 0.18752142787, 0.168347418308, 0.21654035151, 0.598126888275], "key_strength": 0.675458788872, "tuning_nontempered_energy_ratio": 0.703630983829, "tuning_frequency": 443.060424805, "chords_changes_rate": 0.0406320542097, "tuning_diatonic_strength": 0.530436873436, "chords_scale": "minor", "chords_histogram": [52.2265548706, 11.1430330276, 0.574594676495, 4.67884254456, 0.348861068487, 8.27005958557, 2.15473008156, 13.5440177917, 0, 0.985019505024, 1.19023191929, 0, 0, 0, 0, 0, 0, 0, 0.656679689884, 0, 0.143648669124, 0, 3.07818603516, 1.00554072857], "tuning_equal_tempered_deviation": 0.0434212721884, "hpcp": {"dmean": [0.175215929747, 0.144545614719, 0.0837809070945, 0.0619706399739, 0.0523200780153, 0.0521820411086, 0.0597127825022, 0.0820737853646, 0.131065070629, 0.146285191178, 0.134944558144, 0.107736706734, 0.110376231372, 0.13458609581, 0.203041896224, 0.204951867461, 0.22162130475, 0.13230484724, 0.0835719779134, 0.069820061326, 0.0747696757317, 0.0998384356499, 0.124740213156, 0.162874817848, 0.14646063745, 0.112522192299, 0.0979705750942, 0.101782336831, 0.0846618413925, 0.103944726288, 0.120832018554, 0.102612547576, 0.0729517489672, 0.0688314065337, 0.0911045372486, 0.146092116833], "dmean2": [0.289133429527, 0.243788525462, 0.147250056267, 0.110116377473, 0.0940051227808, 0.0935585275292, 0.105962157249, 0.145515576005, 0.22445499897, 0.249370858073, 0.228610575199, 0.191306784749, 0.198306247592, 0.240197762847, 0.343973100185, 0.346051752567, 0.376027047634, 0.232931256294, 0.149213045835, 0.124445445836, 0.130588620901, 0.171204507351, 0.215082734823, 0.279746949673, 0.244662135839, 0.187938287854, 0.167955219746, 0.172370269895, 0.146254703403, 0.178742855787, 0.20525161922, 0.173342421651, 0.128047689795, 0.12242410332, 0.162574216723, 0.248144283891], "max": [1, 1, 1, 1, 1, 1, 1, 1, 1, 1, 1, 1, 1, 1, 1, 1, 1, 1, 1, 1, 1, 1, 1, 1, 1, 1, 1, 1, 1, 1, 1, 1, 1, 1, 1, 1], "dvar": [0.0399213992059, 0.0292206462473, 0.0209896303713, 0.0182855762541, 0.0146099831909, 0.0139421392232, 0.0159892477095, 0.0198891721666, 0.0331224687397, 0.0400887951255, 0.0364691130817, 0.0335593186319, 0.0376324430108, 0.0407053083181, 0.0408620834351, 0.0543903037906, 0.0483184158802, 0.0336532220244, 0.025872932747, 0.0196844805032, 0.0164309963584, 0.0243694856763, 0.0256581436843, 0.0433758534491, 0.037357263267, 0.0265026222914, 0.0241381581873, 0.0262656696141, 0.0194981247187, 0.0255495402962, 0.0362268015742, 0.0262280143797, 0.0188017766923, 0.0211445074528, 0.0238900799304, 0.0309259723872], "mean": [0.354921847582, 0.228757113218, 0.0889752358198, 0.063292182982, 0.0528121329844, 0.0543816797435, 0.0637999251485, 0.0871615558863, 0.181837126613, 0.255781203508, 0.188329085708, 0.109911412001, 0.0986730083823, 0.126920193434, 0.350578457117, 0.586127221584, 0.407686710358, 0.138052865863, 0.0783102437854, 0.067305766046, 0.0887103751302, 0.130542829633, 0.183620646596, 0.265256881714, 0.251432776451, 0.143805101514, 0.119491092861, 0.128883972764, 0.0965565592051, 0.141186565161, 0.203908726573, 0.14572621882, 0.074375346303, 0.0650652348995, 0.0942174941301, 0.240080088377], "dvar2": [0.0962113961577, 0.0751960575581, 0.0558508969843, 0.0494413487613, 0.0408439673483, 0.0399616956711, 0.0449781119823, 0.0554256103933, 0.0910208970308, 0.103940874338, 0.0947932600975, 0.0912117213011, 0.103131070733, 0.110256709158, 0.109188839793, 0.125888317823, 0.131060153246, 0.0909738913178, 0.0703116506338, 0.0536243095994, 0.0445381328464, 0.0650097131729, 0.0686736777425, 0.114995896816, 0.0915644839406, 0.0702960565686, 0.0661486387253, 0.0688314586878, 0.0519384853542, 0.0661597251892, 0.0854492485523, 0.0670259222388, 0.0502383485436, 0.0565369129181, 0.0636926293373, 0.0818049758673], "min": [0.000265993032372, 0.000183662355994, 4.06962062698e-05, 3.42735584127e-05, 7.95662854216e-05, 3.74914015993e-05, 3.2287221984e-05, 0.000115918788651, 0.000224170886213, 0.000524861796293, 3.11397561745e-05, 5.23178423464e-05, 8.62485176185e-05, 0.000104446335172, 0.000907324603759, 0.000861226697452, 0.000410192616982, 0.000169833860127, 9.10112939891e-05, 7.2778944741e-05, 6.2404833443e-05, 8.75682017067e-05, 0.000163180739037, 0.000145584926941, 0.000169856983121, 4.10952161474e-05, 7.66489756643e-05, 0.000133833105792, 9.19609301491e-05, 2.33985447267e-05, 2.70225282293e-05, 5.60210319236e-05, 3.94239614252e-05, 2.78108509519e-05, 7.55256623961e-05, 0.000249262462603], "var": [0.0997225567698, 0.0532990917563, 0.024102434516, 0.0206056442112, 0.0124499863014, 0.010698386468, 0.01397340931, 0.0190284978598, 0.0495321005583, 0.0929690226912, 0.0601246207952, 0.0350883044302, 0.033055562526, 0.0382345207036, 0.068527340889, 0.13459970057, 0.0913959592581, 0.0363567769527, 0.0221264939755, 0.0175107084215, 0.0178335756063, 0.0336300134659, 0.0371084548533, 0.0814917609096, 0.0853758752346, 0.0389891378582, 0.0282591208816, 0.038203753531, 0.0235172454268, 0.0428920835257, 0.0850887671113, 0.0455207675695, 0.0194091126323, 0.0197331067175, 0.0264010988176, 0.0553339123726], "median": [0.246377170086, 0.143066897988, 0.0342882536352, 0.0181168429554, 0.0201164595783, 0.0240525603294, 0.026213273406, 0.0402119643986, 0.0882460772991, 0.114983670413, 0.075945712626, 0.0373811945319, 0.0281563326716, 0.0502673946321, 0.307026296854, 0.615349829197, 0.371199667454, 0.0613936446607, 0.0259246360511, 0.0233725253493, 0.0426549352705, 0.0632677525282, 0.115459091961, 0.15111900866, 0.117238506675, 0.0579841174185, 0.0558452196419, 0.0514989495277, 0.0392737053335, 0.0499880351126, 0.0644943490624, 0.0521277040243, 0.0241696145386, 0.0186657458544, 0.0357627905905, 0.158608704805]}}, "lowlevel": {"melbands_flatness_db": {"dmean": 0.0202218759805, "dmean2": 0.0306503605098, "max": 0.470334172249, "dvar": 0.00043739224202, "mean": 0.195645064116, "dvar2": 0.00102908804547, "min": 0.0396204702556, "var": 0.00498517695814, "median": 0.176135271788}, "melbands_crest": {"dmean": 2.7212896347, "dmean2": 4.40518331528, "max": 34.939781189, "dvar": 6.77607297897, "mean": 11.7241487503, "dvar2": 17.1591110229, "min": 3.61462378502, "var": 21.7857666016, "median": 10.7595710754}, "spectral_entropy": {"dmean": 0.117477066815, "dmean2": 0.177953064442, "max": 8.51457214355, "dvar": 0.015564029105, "mean": 7.54988145828, "dvar2": 0.03286915645, "min": 5.47210121155, "var": 0.153454303741, "median": 7.65003633499}, "melbands": {"dmean": [0.000837669766042, 0.000907431880478, 0.000613097450696, 0.000372391776182, 0.000408239982789, 0.000284545414615, 0.00015248292766, 0.00020292190311, 0.000259959604591, 0.000168934464455, 0.000149049228639, 0.000135487847729, 7.34049244784e-05, 7.80019545346e-05, 5.02041293657e-05, 3.21717125189e-05, 3.25671462633e-05, 2.43588619924e-05, 1.77446163434e-05, 1.72926302184e-05, 1.80506303877e-05, 1.95225347852e-05, 1.6498428522e-05, 9.62809917837e-06, 6.40138614472e-06, 6.09272046859e-06, 5.42756060895e-06, 6.80359835314e-06, 4.9582245083e-06, 3.57136013918e-06, 2.00143085749e-06, 1.91095773516e-06, 1.25419626329e-06, 7.9926331864e-07, 5.69344308587e-07, 6.59612396703e-07, 5.50315292003e-07, 5.57924863642e-07, 3.78329247042e-07, 2.54497990682e-07], "dmean2": [0.00140267261304, 0.00150435557589, 0.00098311691545, 0.000618983642198, 0.000649862398859, 0.000462642638013, 0.000247135321843, 0.000327254965669, 0.000414237292716, 0.000269665353699, 0.000232396501815, 0.000210944141145, 0.00011645189079, 0.000121823963127, 8.11701684142e-05, 5.1021703257e-05, 5.28075361217e-05, 3.95014467358e-05, 2.82947003143e-05, 2.78129809885e-05, 2.88863266178e-05, 3.10619980155e-05, 2.64507125394e-05, 1.55738289322e-05, 1.0301673683e-05, 9.91093565972e-06, 8.91899071576e-06, 1.12241896204e-05, 8.09397897683e-06, 5.87764270676e-06, 3.24743291458e-06, 3.09136544274e-06, 2.0186889742e-06, 1.29410386762e-06, 9.37775382681e-07, 1.04985906546e-06, 8.69571977091e-07, 8.62483545916e-07, 5.72622127493e-07, 3.90272390405e-07], "max": [0.0298861097544, 0.0267189498991, 0.0174407120794, 0.0123382620513, 0.0255026388913, 0.0129386689514, 0.00523959007114, 0.00778954755515, 0.0158007889986, 0.0134523017332, 0.00548167852685, 0.00883815903217, 0.00441226968542, 0.00329424487427, 0.00308368820697, 0.00177997676656, 0.00120468309615, 0.00107930018567, 0.000908697780687, 0.00168021034915, 0.00165141478647, 0.00293816253543, 0.00165535206906, 0.000770011800341, 0.000393320806324, 0.000450881576398, 0.000372734968551, 0.000346778979292, 0.000193654705072, 0.000109027037979, 0.000117907016829, 0.00010127920541, 7.65850054449e-05, 5.23241069459e-05, 3.98467273044e-05, 0.000124150217744, 0.000198224050109, 0.000113466274342, 0.000155884641572, 0.000110611108539], "dvar": [6.01368265052e-06, 4.32816568718e-06, 7.58241242238e-07, 4.84616577978e-07, 7.75061778313e-07, 2.59630297705e-07, 7.9107529416e-08, 1.46460948258e-07, 4.0408087898e-07, 1.05968538833e-07, 6.69391582164e-08, 8.02465436323e-08, 2.53681839979e-08, 1.81796497856e-08, 1.39626594731e-08, 6.22379792148e-09, 4.9093151766e-09, 2.76162626101e-09, 1.89147852936e-09, 1.90736160199e-09, 2.75556932827e-09, 3.23066284835e-09, 1.68958691482e-09, 5.4016929818e-10, 1.74502370887e-10, 1.41042275081e-10, 9.70507424425e-11, 1.04523716071e-10, 4.79785655649e-11, 2.95207538969e-11, 1.46129913725e-11, 1.43990505283e-11, 6.78006218877e-12, 3.33110340527e-12, 2.25400579278e-12, 6.40869085231e-12, 1.06910027706e-11, 6.85340196052e-12, 4.43419693325e-12, 1.63974031835e-12], "mean": [0.00127622450236, 0.0015206169337, 0.00125550467055, 0.000662625127006, 0.000716102949809, 0.00048380260705, 0.000283174915239, 0.00034576797043, 0.000433037319453, 0.000300916464766, 0.00027829175815, 0.000243525675614, 0.000123507124954, 0.00012916472042, 8.39342174004e-05, 5.26482763235e-05, 5.75298727199e-05, 4.31365879194e-05, 3.17331941915e-05, 3.06145047944e-05, 3.29427675752e-05, 3.88468833989e-05, 3.19278988172e-05, 1.73475382326e-05, 1.22023184304e-05, 1.24788566609e-05, 1.22278870549e-05, 1.5934701878e-05, 1.18967282106e-05, 7.81454764365e-06, 3.81192876375e-06, 3.73457282876e-06, 2.44367856794e-06, 1.53023097482e-06, 1.06220034013e-06, 1.17977583614e-06, 9.50103299147e-07, 9.44609496401e-07, 6.77250284298e-07, 5.15085787356e-07], "dvar2": [1.67331036209e-05, 1.21528319141e-05, 1.89848549326e-06, 1.30204762172e-06, 1.84475334208e-06, 6.16308852841e-07, 2.06092991561e-07, 3.69772976683e-07, 1.02442811567e-06, 2.58622549154e-07, 1.5962395139e-07, 1.8290958792e-07, 6.02604472988e-08, 4.27584119223e-08, 3.64357646276e-08, 1.45039411592e-08, 1.28613821815e-08, 7.19995174592e-09, 4.48904469152e-09, 4.83342743607e-09, 6.57085008626e-09, 7.36114147415e-09, 3.50451134778e-09, 1.38581668363e-09, 4.23733798049e-10, 3.43346129306e-10, 2.46554859862e-10, 2.57487670074e-10, 1.15638623677e-10, 7.55513568373e-11, 3.62633256756e-11, 3.55454762846e-11, 1.61459023235e-11, 8.02430431129e-12, 5.52528422321e-12, 1.50668453408e-11, 2.20706404541e-11, 1.37579773962e-11, 7.54592135305e-12, 2.62166829045e-12], "min": [1.67006436458e-10, 9.99544225166e-10, 5.5686077971e-10, 2.26001578563e-10, 1.16474566103e-10, 1.09643995272e-10, 1.8879102448e-10, 5.77755066011e-10, 2.78089801187e-10, 2.21387491672e-11, 6.17484119392e-11, 8.90941209697e-11, 5.42189314279e-11, 3.42445294343e-10, 1.48800083366e-10, 2.93384816441e-10, 6.18125661767e-10, 3.00636515682e-10, 7.52524875747e-10, 3.58734847383e-10, 1.6030544947e-10, 1.55025117743e-10, 7.75832592614e-11, 7.61198812316e-11, 3.41309897012e-10, 1.43029338373e-10, 9.12556141763e-11, 3.54715978812e-10, 1.08998775283e-10, 2.93620988634e-10, 8.96894711278e-11, 1.64394969859e-10, 2.97106311775e-10, 1.2591543086e-10, 8.73825404396e-12, 1.0529847827e-11, 1.7975355579e-11, 3.69790031929e-11, 8.98432109958e-12, 2.08662306184e-11], "var": [4.51461482953e-06, 3.7585177779e-06, 2.268231583e-06, 9.14597364954e-07, 1.37505935527e-06, 4.12124819604e-07, 1.34237183147e-07, 2.13896029777e-07, 5.86093733546e-07, 2.48397441283e-07, 1.51655655145e-07, 2.1750433632e-07, 6.24060092491e-08, 3.75072559677e-08, 2.0942074741e-08, 1.19841230273e-08, 9.83739045779e-09, 5.40703304353e-09, 4.18634193977e-09, 3.12477999032e-09, 4.03577526953e-09, 6.79052902797e-09, 4.66412908295e-09, 7.87470200159e-10, 3.29679117339e-10, 2.63111032961e-10, 2.03544472943e-10, 3.07292413737e-10, 1.31489027999e-10, 7.91551962864e-11, 3.04964872799e-11, 3.01654222434e-11, 1.51843485702e-11, 6.9390005894e-12, 3.94204157164e-12, 1.05310890217e-11, 1.56004618945e-11, 1.10828499156e-11, 9.21391175163e-12, 3.49079619377e-12], "median": [0.000746425706893, 0.00100149423815, 0.000754354114179, 0.000334476178978, 0.000402957375627, 0.00030941539444, 0.000170686951606, 0.000204399912036, 0.000188252655789, 0.000160352996318, 0.000146498918184, 9.45770952967e-05, 3.79385201086e-05, 6.07716465311e-05, 4.0045226342e-05, 1.78704922291e-05, 1.65861893038e-05, 1.80289734999e-05, 1.3637367374e-05, 1.51920376084e-05, 1.8861675926e-05, 2.24360665015e-05, 1.76096382347e-05, 1.00350889625e-05, 7.44969611333e-06, 8.44953046908e-06, 9.10116705199e-06, 1.24383896036e-05, 9.6776866485e-06, 5.47160061615e-06, 2.01665238819e-06, 2.05081892091e-06, 1.19415096833e-06, 7.01995475083e-07, 4.8376051609e-07, 3.66857335621e-07, 2.94418242675e-07, 2.65459021875e-07, 2.02595714427e-07, 1.62189479624e-07]}, "silence_rate_60dB": {"dmean": 0.000821018067654, "dmean2": 0.00143692910206, "max": 1, "dvar": 0.000820272078272, "mean": 0.00174448429607, "dvar2": 0.00164006126579, "min": 0, "var": 0.00174139207229, "median": 0}, "spectral_energyband_middle_high": {"dmean": 0.00203892053105, "dmean2": 0.00308402627707, "max": 0.0603345036507, "dvar": 7.68612426327e-06, "mean": 0.00733543094248, "dvar2": 1.70210332726e-05, "min": 3.46425181874e-08, "var": 4.1792900447e-05, "median": 0.00598051724955}, "erbbands_skewness": {"dmean": 0.30956619978, "dmean2": 0.477127611637, "max": 5.95113992691, "dvar": 0.0843855291605, "mean": 0.470199614763, "dvar2": 0.192878246307, "min": -3.70570921898, "var": 0.443131387234, "median": 0.472418218851}, "dynamic_complexity": 1.69794118404, "dissonance": {"dmean": 0.0174591671675, "dmean2": 0.0297797657549, "max": 0.500000178814, "dvar": 0.000289411778795, "mean": 0.466898679733, "dvar2": 0.0007851208793, "min": 0.281515687704, "var": 0.000664219958708, "median": 0.473140746355}, "spectral_skewness": {"dmean": 0.211457908154, "dmean2": 0.349398165941, "max": 3.99650120735, "dvar": 0.0457515604794, "mean": 1.36035060883, "dvar2": 0.125801444054, "min": 0.141654729843, "var": 0.16795745492, "median": 1.33701837063}, "spectral_kurtosis": {"dmean": 1.5999584198, "dmean2": 2.77249026299, "max": 27.1958351135, "dvar": 3.48189592361, "mean": 4.11430931091, "dvar2": 10.5272693634, "min": -0.930022060871, "var": 6.49938011169, "median": 3.67413496971}, "gfcc": {"cov": [[3493.82275391, -2010.57470703, 235.644500732, -382.251403809, -334.366241455, 363.795837402, -272.14642334, 112.807250977, -239.269058228, 250.035049438, -325.737731934, 215.411514282, -321.226928711], [-2010.57470703, 1716.25793457, -458.377807617, 319.820129395, 151.914840698, -269.531341553, 188.185089111, -175.890213013, 182.334350586, -183.964065552, 238.939071655, -234.861755371, 271.511413574], [235.644500732, -458.377807617, 804.377746582, -98.72215271, 55.9343299866, 55.8049125671, -57.5158958435, 68.7108001709, -54.5849952698, 66.1165618896, -49.2801132202, 118.943481445, -146.317733765], [-382.251403809, 319.820129395, -98.72215271, 284.302429199, 33.6658058167, -49.1141853333, -12.6298656464, -30.2911567688, 53.8626480103, -72.7906951904, 43.3579750061, -60.541519165, 72.8724822998], [-334.366241455, 151.914840698, 55.9343299866, 33.6658058167, 228.515350342, -46.9555358887, 76.5329971313, 10.3653650284, 29.9809074402, -12.6831197739, 7.02686405182, 10.2798671722, 28.6298389435], [363.795837402, -269.531341553, 55.8049125671, -49.1141853333, -46.9555358887, 268.184356689, 4.46778392792, 32.8103790283, -13.9518117905, 26.1628646851, -3.12035179138, 40.5980911255, -66.8909225464], [-272.14642334, 188.185089111, -57.5158958435, -12.6298656464, 76.5329971313, 4.46778392792, 188.06036377, 29.0905170441, 31.771188736, -14.5061893463, 34.1383743286, -10.3319759369, 37.023147583], [112.807250977, -175.890213013, 68.7108001709, -30.2911567688, 10.3653650284, 32.8103790283, 29.0905170441, 128.51348877, 21.4028339386, 24.6190834045, -19.3622112274, 39.7687149048, -17.0954170227], [-239.269058228, 182.334350586, -54.5849952698, 53.8626480103, 29.9809074402, -13.9518117905, 31.771188736, 21.4028339386, 135.349990845, 2.14009308815, 37.4338531494, -25.7983455658, 32.224899292], [250.035049438, -183.964065552, 66.1165618896, -72.7906951904, -12.6831197739, 26.1628646851, -14.5061893463, 24.6190834045, 2.14009308815, 130.740463257, 12.1536197662, 26.670923233, -43.0972671509], [-325.737731934, 238.939071655, -49.2801132202, 43.3579750061, 7.02686405182, -3.12035179138, 34.1383743286, -19.3622112274, 37.4338531494, 12.1536197662, 125.893089294, -3.84325456619, 34.5254745483], [215.411514282, -234.861755371, 118.943481445, -60.541519165, 10.2798671722, 40.5980911255, -10.3319759369, 39.7687149048, -25.7983455658, 26.670923233, -3.84325456619, 112.029930115, -21.2831935883], [-321.226928711, 271.511413574, -146.317733765, 72.8724822998, 28.6298389435, -66.8909225464, 37.023147583, -17.0954170227, 32.224899292, -43.0972671509, 34.5254745483, -21.2831935883, 123.816993713]], "mean": [18.7981395721, 113.467765808, -128.462203979, 36.0042495728, -57.7131271362, 3.59275507927, -23.5013446808, 10.4740829468, -22.7379379272, 0.555392801762, -14.524307251, -3.99253702164, -2.15854358673], "icov": [[0.00124220910948, 0.00123051018454, 0.000452740350738, -0.000189817714272, 0.000729692343157, -0.000338813522831, -9.78074967861e-05, 0.000852279714309, 5.01272370457e-05, -0.000995856127702, 0.00124508887529, -0.000317596481182, 0.000204865253181], [0.00123051018454, 0.00419319234788, 0.000394311966375, -0.000299426843412, -0.000128057261463, 0.000849705655128, -0.00129685364664, 0.0027097244747, -0.00133847841062, 0.00129599031061, -0.00281096925028, 0.00338383787312, -0.00194493122399], [0.000452740350738, 0.000394311966375, 0.00214241724461, -0.000217917957343, -0.000479509792058, 0.000137749535497, 0.000394802540541, -0.000180557603016, 0.000256669824012, -0.000434830639279, 0.000498031091411, -0.00171350885648, 0.0023606622126], [-0.000189817714272, -0.000299426843412, -0.000217917957343, 0.00587593950331, -0.00117756356485, -0.000292825629003, 0.00224296678789, -0.000762271229178, -0.00106468773447, 0.00269348244183, -0.00201548216864, 0.00249872007407, -0.00200736476108], [0.000729692343157, -0.000128057261463, -0.000479509792058, -0.00117756356485, 0.00679885922, 0.000536400126293, -0.00271635153331, 0.000838242471218, -0.000613171374425, -0.00151205155998, 0.00302085699514, -0.00279393792152, 0.000256658851868], [-0.000338813522831, 0.000849705655128, 0.000137749535497, -0.000292825629003, 0.000536400126293, 0.00543495593593, -0.00145669456106, 7.47335361666e-05, -0.000726510072127, 0.00137578288559, -0.00233122706413, -0.000221323105507, 0.00213084602728], [-9.78074967861e-05, -0.00129685364664, 0.000394802540541, 0.00224296678789, -0.00271635153331, -0.00145669456106, 0.00885863322765, -0.00356449489482, 0.000479130860185, 0.000700502016116, -0.00116131536197, 0.000840021122713, -0.00097604264738], [0.000852279714309, 0.0027097244747, -0.000180557603016, -0.000762271229178, 0.000838242471218, 7.47335361666e-05, -0.00356449489482, 0.0129404328763, -0.00390016823076, -0.000879545521457, 0.00158949708566, -0.00200518989004, -0.000875513418578], [5.01272370457e-05, -0.00133847841062, 0.000256669824012, -0.00106468773447, -0.000613171374425, -0.000726510072127, 0.000479130860185, -0.00390016823076, 0.0107726752758, -0.00222710915841, -0.000475061970064, 0.000950725458097, -0.000220439600525], [-0.000995856127702, 0.00129599031061, -0.000434830639279, 0.00269348244183, -0.00151205155998, 0.00137578288559, 0.000700502016116, -0.000879545521457, -0.00222710915841, 0.0133546795696, -0.00713980011642, 0.00280723324977, 0.000938808661886], [0.00124508887529, -0.00281096925028, 0.000498031091411, -0.00201548216864, 0.00302085699514, -0.00233122706413, -0.00116131536197, 0.00158949708566, -0.000475061970064, -0.00713980011642, 0.0180230252445, -0.00759385945275, 0.00108532933518], [-0.000317596481182, 0.00338383787312, -0.00171350885648, 0.00249872007407, -0.00279393792152, -0.000221323105507, 0.000840021122713, -0.00200518989004, 0.000950725458097, 0.00280723324977, -0.00759385945275, 0.0191520825028, -0.00560200959444], [0.000204865253181, -0.00194493122399, 0.0023606622126, -0.00200736476108, 0.000256658851868, 0.00213084602728, -0.00097604264738, -0.000875513418578, -0.000220439600525, 0.000938808661886, 0.00108532933518, -0.00560200959444, 0.0172253120691]]}, "spectral_complexity": {"dmean": 3.59657216072, "dmean2": 5.78158664703, "max": 54, "dvar": 11.7506790161, "mean": 24.4821968079, "dvar2": 27.5519962311, "min": 0, "var": 112.082847595, "median": 25}, "spectral_flux": {"dmean": 0.0218981094658, "dmean2": 0.0345049202442, "max": 0.353450328112, "dvar": 0.000696790521033, "mean": 0.0880269706249, "dvar2": 0.00145120313391, "min": 0.000311617273837, "var": 0.00183304050006, "median": 0.0806514546275}, "spectral_energyband_low": {"dmean": 0.00502098724246, "dmean2": 0.00822926592082, "max": 0.135113760829, "dvar": 0.00013442603813, "mean": 0.00974141713232, "dvar2": 0.000368509121472, "min": 4.28271329511e-09, "var": 0.000126769446069, "median": 0.00674109859392}, "spectral_decrease": {"dmean": 2.04312300411e-09, "dmean2": 3.33954663922e-09, "max": -1.26031362064e-14, "dvar": 1.09579717672e-17, "mean": -7.63623120292e-09, "dvar2": 2.94037627646e-17, "min": -4.17594954172e-08, "var": 1.49389827787e-17, "median": -6.92914436939e-09}, "barkbands_spread": {"dmean": 4.20957946777, "dmean2": 6.53537797928, "max": 84.3042449951, "dvar": 19.7514743805, "mean": 21.4923553467, "dvar2": 45.1989021301, "min": 1.09011828899, "var": 103.665000916, "median": 20.8978652954}, "spectral_rms": {"dmean": 0.000642689177766, "dmean2": 0.00102731224615, "max": 0.0125657143071, "dvar": 7.14407576652e-07, "mean": 0.00535376276821, "dvar2": 1.85921942375e-06, "min": 9.73328860709e-06, "var": 1.55556426762e-06, "median": 0.00525165209547}, "spectral_centroid": {"dmean": 205.09552002, "dmean2": 318.309753418, "max": 3544.61352539, "dvar": 39543.6132813, "mean": 1381.23864746, "dvar2": 91833.0546875, "min": 181.910552979, "var": 283281.1875, "median": 1399.30419922}, "barkbands_skewness": {"dmean": 0.402596443892, "dmean2": 0.627721130848, "max": 8.56558513641, "dvar": 0.203346133232, "mean": 1.30935287476, "dvar2": 0.499032646418, "min": -1.50973522663, "var": 0.904958665371, "median": 1.12264811993}, "spectral_rolloff": {"dmean": 351.203826904, "dmean2": 579.233886719, "max": 12618.4570313, "dvar": 313216.75, "mean": 1319.48876953, "dvar2": 694088.375, "min": 107.666015625, "var": 862773.3125, "median": 1162.79296875}, "erbbands_spread": {"dmean": 6.44835233688, "dmean2": 10.0206079483, "max": 120.161346436, "dvar": 42.7887496948, "mean": 35.7859039307, "dvar2": 100.885513306, "min": 2.30124521255, "var": 191.525939941, "median": 34.6186752319}, "barkbands": {"dmean": [0.000188841819181, 0.00314341206104, 0.0016868110979, 0.00138762127608, 0.00184098386671, 0.00157742307056, 0.000711301865522, 0.00150461751036, 0.00109122961294, 0.00116443133447, 0.000527940283064, 0.000623243453447, 0.000344890955603, 0.000316894991556, 0.000258005835349, 0.0002429211454, 0.000344624568243, 0.000208317127544, 0.000150300897076, 0.00017861687229, 0.000119259988423, 7.36172733014e-05, 3.62341816071e-05, 4.02091136493e-05, 2.08928540815e-05, 1.19766091302e-05, 6.10648612565e-06], "dmean2": [0.00030155069544, 0.00526055507362, 0.00277614500374, 0.00221502152272, 0.00303195579909, 0.0025415874552, 0.0011563738808, 0.0024002045393, 0.0017492196057, 0.0018019444542, 0.000839642540086, 0.000987338018604, 0.00055483536562, 0.00051535514649, 0.000415512913605, 0.000381717778509, 0.00054699589964, 0.000330944225425, 0.00024251229479, 0.00029238910065, 0.000193837637198, 0.000117370742373, 5.87236318097e-05, 6.12469739281e-05, 3.11167423206e-05, 1.79508278961e-05, 9.72879115579e-06], "max": [0.00654266448691, 0.117395028472, 0.0462331324816, 0.0475253090262, 0.0911459997296, 0.0604068189859, 0.0217622928321, 0.0746333897114, 0.066912651062, 0.0557427480817, 0.0291568636894, 0.0279765557498, 0.0153088523075, 0.0120035419241, 0.0104996282607, 0.0195182748139, 0.0401011109352, 0.014199655503, 0.00955819152296, 0.00741455191746, 0.00322108762339, 0.00399123737589, 0.00314721069299, 0.00970980431885, 0.00891612749547, 0.000456417561509, 0.00037257745862], "dvar": [1.60776309599e-07, 8.46495604492e-05, 8.60648560774e-06, 4.01447414333e-06, 1.30223697852e-05, 7.52993628339e-06, 1.76884861958e-06, 1.0294639651e-05, 4.68977896162e-06, 3.85996008845e-06, 1.37068911954e-06, 1.31132537717e-06, 7.25914219402e-07, 4.6560944611e-07, 3.03712084815e-07, 3.63268071624e-07, 7.28905149572e-07, 2.51877054325e-07, 7.68974004473e-08, 6.39930846091e-08, 3.01933624769e-08, 2.10188204619e-08, 1.0263241812e-08, 3.80991025395e-08, 9.93363435953e-09, 7.89847687255e-10, 3.92937515858e-10], "mean": [0.000377265183488, 0.00468207150698, 0.00281179090962, 0.00269611831754, 0.00333799351938, 0.00278464774601, 0.00124975456856, 0.0025143767707, 0.00191332260147, 0.00217892485671, 0.000841848377604, 0.000995066366158, 0.000552935351152, 0.000553152465727, 0.000462409021566, 0.000458029797301, 0.000700958597008, 0.000390825851355, 0.000330530834617, 0.000466480239993, 0.000286979193334, 0.000157647780725, 7.30087267584e-05, 7.60341499699e-05, 4.86364479002e-05, 2.55270169873e-05, 7.62161516832e-06], "dvar2": [4.15882141169e-07, 0.000236409876379, 2.38077082031e-05, 9.62705780694e-06, 3.39240650646e-05, 1.80421375262e-05, 4.62575508209e-06, 2.58301461145e-05, 1.19490305224e-05, 8.74740089785e-06, 3.30938883053e-06, 3.18161437463e-06, 1.82597921139e-06, 1.21418759136e-06, 7.23744221887e-07, 8.08671302366e-07, 1.62812716553e-06, 5.97548933001e-07, 1.83113826324e-07, 1.58867194955e-07, 7.67207524177e-08, 4.96212884116e-08, 2.39728361606e-08, 7.40522452247e-08, 1.51590384689e-08, 1.67278435548e-09, 9.69910374238e-10], "min": [4.41077313562e-11, 9.3578544913e-10, 2.58579069268e-09, 8.88609685834e-10, 8.11469558215e-10, 5.83793346998e-10, 1.32425825861e-09, 2.68588218333e-09, 1.66696031978e-10, 6.63087751374e-10, 3.17506076986e-10, 2.63891419827e-09, 1.90791404897e-09, 6.116747997e-09, 7.56066054208e-09, 4.37838876266e-09, 1.96606175784e-09, 1.70067726568e-09, 6.13019990325e-09, 7.73839303747e-09, 6.45316156067e-09, 1.05066133571e-08, 3.41111006108e-09, 1.69458314048e-09, 5.67183100486e-09, 1.25278199273e-11, 1.25230919384e-11], "var": [2.16458474256e-07, 6.30557551631e-05, 1.20368822536e-05, 1.38376344694e-05, 2.24801569857e-05, 1.27651364892e-05, 3.13719124279e-06, 1.58928560268e-05, 8.79411163623e-06, 1.10771588879e-05, 3.02240869132e-06, 2.48102514888e-06, 1.32173954626e-06, 8.93149433523e-07, 7.49386344978e-07, 6.95335245382e-07, 1.85066380709e-06, 4.56077941635e-07, 1.58143663498e-07, 2.18107430783e-07, 8.53299226833e-08, 5.16784943727e-08, 2.03568486512e-08, 6.81031124827e-08, 2.28805916436e-08, 2.0446770943e-09, 4.38539260461e-10], "median": [0.000239735367359, 0.00270675960928, 0.0017431715969, 0.0014197556302, 0.00184811558574, 0.00181271845941, 0.000716306036338, 0.00118816457689, 0.00101150048431, 0.00107798993122, 0.000242500391323, 0.000443344295491, 0.000178411282832, 0.000176216679392, 0.000185993587365, 0.000244452356128, 0.000413937377743, 0.000225036113989, 0.00023699059966, 0.000375827570679, 0.000220789152081, 8.61700973473e-05, 3.15719007631e-05, 2.37013973674e-05, 1.54082554218e-05, 3.50770847035e-06, 7.49134532185e-09]}, "melbands_kurtosis": {"dmean": 4.31114625931, "dmean2": 6.98435163498, "max": 302.624847412, "dvar": 71.2533569336, "mean": 8.83613681793, "dvar2": 178.298294067, "min": -1.85424482822, "var": 175.341125488, "median": 4.82450008392}, "erbbands_crest": {"dmean": 2.61379766464, "dmean2": 4.17038393021, "max": 32.7750740051, "dvar": 6.21961212158, "mean": 9.24305057526, "dvar2": 15.1975841522, "min": 2.58017230034, "var": 21.8872776031, "median": 7.99714756012}, "melbands_skewness": {"dmean": 0.56847602129, "dmean2": 0.892940878868, "max": 13.5619544983, "dvar": 0.465466529131, "mean": 2.13344550133, "dvar2": 1.16151118279, "min": -1.51149380207, "var": 1.73070061207, "median": 1.87526905537}, "spectral_energyband_middle_low": {"dmean": 0.0048050628975, "dmean2": 0.00767833692953, "max": 0.111551359296, "dvar": 4.94689265906e-05, "mean": 0.0151742901653, "dvar2": 0.000125748440041, "min": 6.5374208269e-09, "var": 9.73326386884e-05, "median": 0.0133346999064}, "spectral_contrast_coeffs": {"dmean": [0.046703517437, 0.0472101643682, 0.0407510437071, 0.0297165792435, 0.0210270732641, 0.0192191191018], "dmean2": [0.0769446119666, 0.0776708498597, 0.0661756694317, 0.0483109690249, 0.0344406738877, 0.0307613927871], "max": [-0.342479377985, -0.407815724611, -0.412650704384, -0.573611140251, -0.551324009895, -0.551899850368], "dvar": [0.00161937391385, 0.00142113526817, 0.00104694114998, 0.000597205536906, 0.000329051166773, 0.000294558645692], "mean": [-0.649892449379, -0.729006052017, -0.726706206799, -0.781606078148, -0.792885363102, -0.725355565548], "dvar2": [0.00435038655996, 0.00377167481929, 0.00270487531088, 0.00155136350077, 0.000820978486445, 0.000692330708262], "min": [-0.858168423176, -0.925793647766, -0.902873158455, -0.921965122223, -0.885231554508, -0.857943475246], "var": [0.00619074190035, 0.00479885237291, 0.00419336371124, 0.00247256876901, 0.00156959099695, 0.00137274735607], "median": [-0.660432159901, -0.737338542938, -0.731512844563, -0.788332939148, -0.800424814224, -0.727145910263]}, "spectral_contrast_valleys": {"dmean": [0.34368494153, 0.324034720659, 0.289585292339, 0.253428697586, 0.198302835226, 0.255602091551], "dmean2": [0.55879098177, 0.534000277519, 0.474712878466, 0.409104257822, 0.311629295349, 0.368854999542], "max": [-4.9995932579, -4.19950199127, -5.14088153839, -5.62417173386, -5.49448204041, -7.69557189941], "dvar": [0.0965320542455, 0.0773063898087, 0.0583719350398, 0.049990773201, 0.0412854962051, 0.0909156873822], "mean": [-6.87307834625, -6.26978063583, -6.93962669373, -7.47653675079, -7.06316757202, -10.3879995346], "dvar2": [0.244886055589, 0.201132193208, 0.145870834589, 0.119988813996, 0.0937912240624, 0.179846793413], "min": [-14.193646431, -12.7668933868, -13.402015686, -12.7733249664, -13.0603504181, -16.2673568726], "var": [0.281370103359, 0.387976497412, 0.388532102108, 0.436048924923, 0.464043408632, 1.1838953495], "median": [-6.83674144745, -6.17190122604, -6.87086439133, -7.37946176529, -6.84722232819, -10.0776615143]}, "silence_rate_20dB": {"dmean": 0, "dmean2": 0, "max": 1, "dvar": 0, "mean": 1, "dvar2": 0, "min": 1, "var": 0, "median": 1}, "silence_rate_30dB": {"dmean": 0.000615763536189, "dmean2": 0.00123165349942, "max": 1, "dvar": 0.000615443626884, "mean": 0.99969214201, "dvar2": 0.00184619997162, "min": 0, "var": 0.000307707348838, "median": 1}, "spectral_strongpeak": {"dmean": 0.66061604023, "dmean2": 1.12632131577, "max": 15.6527910233, "dvar": 0.964097321033, "mean": 1.11852431297, "dvar2": 2.34083890915, "min": 0, "var": 1.71447432041, "median": 0.654298722744}, "spectral_spread": {"dmean": 343743.53125, "dmean2": 503380.96875, "max": 16965124, "dvar": 186387152896, "mean": 3922732.75, "dvar2": 337003675648, "min": 1772420.25, "var": 1200485826560.0, "median": 3745526.25}, "barkbands_flatness_db": {"dmean": 0.0170866027474, "dmean2": 0.0257816500962, "max": 0.360680162907, "dvar": 0.000270983233349, "mean": 0.132741481066, "dvar2": 0.000608023954555, "min": 0.0197593625635, "var": 0.00358008500189, "median": 0.121680155396}, "pitch_salience": {"dmean": 0.062174949795, "dmean2": 0.100224137306, "max": 0.870972037315, "dvar": 0.00312569038942, "mean": 0.591107845306, "dvar2": 0.00803486630321, "min": 0.140574872494, "var": 0.0106602916494, "median": 0.604141414165}, "erbbands_kurtosis": {"dmean": 0.758215606213, "dmean2": 1.19561183453, "max": 54.519859314, "dvar": 1.71393752098, "mean": 0.327544659376, "dvar2": 3.98417162895, "min": -1.80275082588, "var": 7.86714839935, "median": -0.251273214817}, "average_loudness": 0.952927112579, "barkbands_crest": {"dmean": 2.19467353821, "dmean2": 3.5835518837, "max": 25.6364326477, "dvar": 5.11977100372, "mean": 8.30002784729, "dvar2": 13.5520133972, "min": 2.35305452347, "var": 13.073381424, "median": 7.41274833679}, "hfc": {"dmean": 4.52405357361, "dmean2": 6.9533200264, "max": 149.260467529, "dvar": 39.0414962769, "mean": 23.7376251221, "dvar2": 88.2392883301, "min": 0.000546159106307, "var": 224.136611938, "median": 22.3317298889}, "barkbands_kurtosis": {"dmean": 1.76349794865, "dmean2": 2.82721710205, "max": 101.137886047, "dvar": 10.1256628036, "mean": 2.84236478806, "dvar2": 25.017282486, "min": -1.87463569641, "var": 28.9634723663, "median": 1.09578680992}, "erbbands": {"dmean": [0.0902395769954, 0.721071481705, 1.68306100368, 3.86321020126, 4.19077587128, 6.4682598114, 13.0015830994, 13.1072378159, 10.0706663132, 15.8680763245, 33.4380569458, 26.4975013733, 29.2348270416, 31.0439605713, 25.6374797821, 26.4722671509, 15.7368202209, 15.9164180756, 14.2840175629, 10.6827669144, 12.9428081512, 16.8720645905, 11.7401266098, 7.45773220062, 7.64468336105, 8.58176994324, 6.37147474289, 3.59173870087, 2.90897512436, 1.53941237926, 0.973923027515, 0.876909852028, 0.678148806095, 0.322713911533, 0.112493403256, 0.0493596829474, 0.0246685240418, 0.00735534448177, 0.0011982669821, 3.7667225115e-05], "dmean2": [0.150005787611, 1.21885478497, 2.78475928307, 6.1362080574, 7.03918838501, 10.6283874512, 20.6351509094, 21.3167266846, 16.3934688568, 25.6134414673, 53.4352340698, 42.2126960754, 45.6181640625, 48.3213615417, 40.4598884583, 42.0216751099, 25.3081436157, 25.4017486572, 23.1367607117, 17.0614871979, 20.3043842316, 26.5684146881, 18.5087795258, 11.8587408066, 12.3745241165, 14.1037111282, 10.3261346817, 5.76776218414, 4.66003656387, 2.44468998909, 1.5823776722, 1.37409925461, 1.03458046913, 0.485582709312, 0.169382289052, 0.073286049068, 0.0379719547927, 0.0114130042493, 0.00191322411411, 5.99138038524e-05], "max": [2.81861996651, 27.3787021637, 46.2315292358, 122.660438538, 98.0772247314, 329.268188477, 805.532165527, 627.184020996, 379.156768799, 558.309997559, 1969.09082031, 2060.08764648, 1104.05554199, 1951.57861328, 1374.40759277, 1357.19262695, 801.96875, 704.406860352, 568.312194824, 588.726196289, 1003.04547119, 2424.06518555, 836.859191895, 460.206970215, 731.591369629, 390.904083252, 173.650054932, 169.146820068, 172.928726196, 105.719856262, 94.1159515381, 218.273513794, 118.692527771, 156.235046387, 15.6304693222, 2.57054138184, 0.881909549236, 0.436004012823, 0.0785380005836, 0.00191653671209], "dvar": [0.0638594999909, 4.49294996262, 11.0987901688, 33.0116577148, 57.9778442383, 175.33757019, 758.314941406, 584.253051758, 359.154815674, 876.933898926, 6582.99707031, 2633.29321289, 2595.40551758, 4226.30810547, 2933.36401367, 2325.1418457, 1358.19494629, 1108.31799316, 865.259460449, 586.822509766, 1151.37890625, 2179.63305664, 802.808654785, 219.887878418, 249.764343262, 155.544921875, 72.5847015381, 39.4401283264, 32.8701591492, 11.562836647, 8.54691123962, 17.6041145325, 9.95831680298, 3.30561637878, 0.0669212266803, 0.0111440196633, 0.00340835261159, 0.000464159820694, 1.54655845108e-05, 1.15096989717e-08], "mean": [0.13631503284, 1.03847002983, 2.9217851162, 7.76619338989, 7.24424314499, 11.5728788376, 22.0196781158, 21.6990032196, 18.8672180176, 27.5218925476, 55.6707801819, 48.9046669006, 56.0781478882, 58.1471862793, 44.8407096863, 45.0050811768, 27.8815422058, 30.1635417938, 27.3196926117, 21.5366268158, 26.78855896, 36.7280654907, 24.9087867737, 16.1476898193, 17.7007770538, 22.1649742126, 17.0196990967, 8.35522460938, 6.11736011505, 3.24906039238, 1.96263730526, 1.65970253944, 1.23922622204, 0.664192080498, 0.279725462198, 0.116545252502, 0.0479168072343, 0.0112263858318, 0.00148016423918, 7.39147653803e-05], "dvar2": [0.17687176168, 12.6274251938, 31.3482990265, 80.8670654297, 161.087158203, 459.298309326, 1775.92321777, 1373.36132813, 940.366088867, 2272.3034668, 16733.8984375, 6421.50195313, 6210.80419922, 9686.125, 6976.42871094, 5713.68554688, 3433.66674805, 2841.26293945, 2193.79174805, 1425.00097656, 2596.13720703, 4639.24804688, 1893.61022949, 524.050415039, 607.508728027, 394.027282715, 181.452728271, 96.7320480347, 78.9749526978, 26.9419879913, 20.1430110931, 34.6170120239, 19.8425769806, 5.14673566818, 0.133232057095, 0.0225579962134, 0.00766140781343, 0.00109705666546, 3.82476791856e-05, 2.81251768541e-08], "min": [8.84308359872e-09, 3.06326853661e-07, 2.42100350079e-06, 3.75824129151e-06, 1.57956264957e-06, 4.32112756243e-06, 3.04653781313e-06, 5.18473780176e-06, 1.04205837488e-05, 4.69060505566e-05, 4.21908844146e-05, 5.38930271432e-06, 1.12038660518e-05, 2.0644887627e-05, 3.16816913255e-05, 0.000117809475341, 0.000109208966023, 0.000310788484057, 0.00026542507112, 0.00036239947076, 0.000191151062609, 0.000148729799548, 8.13223159639e-05, 0.000361157726729, 0.0001566309802, 0.00041974731721, 0.000273380370345, 0.000237870131969, 0.000378972123144, 0.000312864838634, 3.1219497032e-05, 2.41556626861e-05, 3.76122552552e-05, 2.58815252892e-05, 5.33546553925e-05, 1.2629376215e-05, 5.46441879123e-06, 7.53697690925e-07, 1.58916293458e-07, 3.92682508732e-09], "var": [0.0498490072787, 3.28624343872, 11.7193546295, 105.685997009, 84.7817001343, 321.749359131, 1377.10595703, 919.877502441, 568.635375977, 1242.5715332, 9623.71972656, 6020.859375, 5823.57275391, 11081.8769531, 7065.99902344, 4695.66308594, 2599.42041016, 2368.70727539, 2071.82128906, 1275.63525391, 2088.38183594, 5966.09521484, 1713.22460938, 462.255981445, 473.550231934, 499.245147705, 231.440155029, 103.901824951, 76.8928985596, 27.234046936, 15.8358440399, 30.6386795044, 17.881231308, 7.12972354889, 0.222969159484, 0.0361195988953, 0.00776798324659, 0.000670438515954, 1.69161485246e-05, 1.26752732754e-08], "median": [0.0776114016771, 0.584832549095, 1.92940485477, 4.25037050247, 4.2910785675, 5.77156686783, 11.7352809906, 13.3625087738, 11.7042217255, 16.7926712036, 24.0197963715, 28.143201828, 31.0307121277, 24.8404312134, 16.1386470795, 20.9271335602, 11.9308462143, 10.0908899307, 11.6886844635, 11.1288366318, 15.9508924484, 21.7625637054, 15.2695941925, 10.7355413437, 13.1553707123, 17.8282642365, 14.3939971924, 5.48313808441, 3.40022993088, 1.62014722824, 0.866687238216, 0.552671194077, 0.368772178888, 0.213320538402, 0.0821164995432, 0.0245018228889, 0.00443270942196, 0.00028050551191, 3.5881785152e-05, 4.37767375843e-05]}, "spectral