{"tonal": {"hpcp": {"dvar": [0.0541722625494, 0.0450801216066, 0.0376913920045, 0.0399177037179, 0.0446722395718, 0.0449777729809, 0.035094011575, 0.037750326097, 0.0376710221171, 0.0371076874435, 0.0409997142851, 0.0344080515206, 0.0435713790357, 0.0508538708091, 0.0361912883818, 0.0309962946922, 0.0338667929173, 0.0392176024616, 0.0464704744518, 0.0487745925784, 0.0421487763524, 0.0423363484442, 0.0455732233822, 0.0411519929767, 0.0513229034841, 0.041030600667, 0.0340973623097, 0.0319270864129, 0.0366246588528, 0.0475020855665, 0.0602350234985, 0.0702096447349, 0.068571805954, 0.0720643028617, 0.0703870281577, 0.0702764689922], "var": [0.0503769814968, 0.0377537682652, 0.0271885916591, 0.0408498346806, 0.0590257160366, 0.0480228960514, 0.0447422415018, 0.0538484677672, 0.0458401627839, 0.0591295771301, 0.0650407969952, 0.0347397588193, 0.059773247689, 0.0839759930968, 0.0401039756835, 0.0266054533422, 0.0310850962996, 0.0354771539569, 0.0684908851981, 0.0856992229819, 0.0514797605574, 0.0374383218586, 0.0367468222976, 0.03893622756, 0.0755942687392, 0.0653468444943, 0.0316856168211, 0.0264064501971, 0.0339018777013, 0.0395144075155, 0.063484467566, 0.0766646191478, 0.0692714750767, 0.0922887027264, 0.118820436299, 0.0798150226474], "median": [0.0250541120768, 0.0152797270566, 0.0149334566668, 0.0254373569041, 0.0376809388399, 0.0333855450153, 0.0230416879058, 0.022705739364, 0.0319405086339, 0.0475606247783, 0.0511634014547, 0.0420327298343, 0.0404541045427, 0.032819647342, 0.0228037703782, 0.0174725782126, 0.0215352531523, 0.034176889807, 0.0676798596978, 0.0795637741685, 0.0471589043736, 0.0176149830222, 0.0126376599073, 0.0293715503067, 0.0583205521107, 0.0604872852564, 0.0304912552238, 0.0196441020817, 0.0186076555401, 0.0244256723672, 0.0373816043139, 0.0501548983157, 0.0637631490827, 0.106652498245, 0.121921017766, 0.0720917284489], "max": [1, 1, 1, 1, 1, 1, 1, 1, 1, 1, 1, 1, 1, 1, 1, 1, 1, 1, 1, 1, 1, 1, 1, 1, 1, 1, 1, 1, 1, 1, 1, 1, 1, 1, 1, 1], "dmean": [0.152923971415, 0.114213310182, 0.0992705449462, 0.114646725357, 0.133659154177, 0.127467423677, 0.107286334038, 0.110674485564, 0.118965521455, 0.128321558237, 0.130269601941, 0.123651750386, 0.139161631465, 0.145141765475, 0.11643576622, 0.0913681015372, 0.0989762544632, 0.127682685852, 0.150815442204, 0.160046115518, 0.137988299131, 0.113336473703, 0.108534269035, 0.128158643842, 0.160148814321, 0.139072611928, 0.103602945805, 0.0912246331573, 0.101224511862, 0.130623474717, 0.170897424221, 0.200936749578, 0.210209369659, 0.227875098586, 0.221456989646, 0.208749994636], "dmean2": [0.276331990957, 0.207962110639, 0.183430626988, 0.204052507877, 0.236253768206, 0.228136256337, 0.18786457181, 0.193701714277, 0.210165604949, 0.223067641258, 0.226054757833, 0.222698107362, 0.24034653604, 0.246512666345, 0.204011514783, 0.166481405497, 0.181027248502, 0.230816677213, 0.264534324408, 0.274436831474, 0.24457450211, 0.207018449903, 0.200590595603, 0.229659974575, 0.278458535671, 0.236283376813, 0.182311937213, 0.16574434936, 0.183364987373, 0.237034097314, 0.304544508457, 0.357515960932, 0.377703845501, 0.407422840595, 0.386947751045, 0.371244907379], "mean": [0.126544073224, 0.0911790803075, 0.0761844962835, 0.110796630383, 0.149105682969, 0.129574820399, 0.114053234458, 0.125333756208, 0.126140728593, 0.158030390739, 0.162775099277, 0.121900036931, 0.156839177012, 0.180979683995, 0.11511734128, 0.0774224996567, 0.0871778056026, 0.111898638308, 0.185795739293, 0.219102889299, 0.149349063635, 0.0950951725245, 0.0850510671735, 0.11688798666, 0.188161253929, 0.177832618356, 0.101850621402, 0.0786358565092, 0.091640599072, 0.108231544495, 0.156872346997, 0.189642742276, 0.1889783144, 0.252666771412, 0.295050323009, 0.211475431919], "dvar2": [0.145589232445, 0.12576597929, 0.107214905322, 0.10887273401, 0.11766242981, 0.122511871159, 0.0955192893744, 0.097800090909, 0.101078681648, 0.0929948240519, 0.101171642542, 0.096532009542, 0.112703204155, 0.122671656311, 0.0983761176467, 0.0867938995361, 0.0943302288651, 0.11084202677, 0.119308277965, 0.122295789421, 0.115567587316, 0.117900192738, 0.12826795876, 0.115883693099, 0.127405107021, 0.100018851459, 0.095935113728, 0.089980751276, 0.100169964135, 0.134467050433, 0.160719409585, 0.183550804853, 0.185007914901, 0.193217277527, 0.173858001828, 0.1881005615], "min": [0, 0, 0, 0, 0, 0, 0, 0, 0, 0, 0, 0, 0, 0, 0, 0, 0, 0, 0, 0, 0, 0, 0, 0, 0, 0, 0, 0, 0, 0, 0, 0, 0, 0, 0, 0]}, "key_key": "G#", "thpcp": [1, 0.716743588448, 0.428889811039, 0.309028923512, 0.258208483458, 0.375517725945, 0.505356788635, 0.439161777496, 0.386555194855, 0.424787729979, 0.427522748709, 0.535604894161, 0.551685869694, 0.413149982691, 0.531567573547, 0.613385796547, 0.390161722898, 0.262404382229, 0.295467585325, 0.3792527318, 0.629708647728, 0.742594957352, 0.506181657314, 0.322301536798, 0.288259536028, 0.396162897348, 0.637725949287, 0.602719604969, 0.345197468996, 0.266516774893, 0.310593128204, 0.366824030876, 0.531679987907, 0.642747104168, 0.640495181084, 0.856351435184], "chords_key": "G#", "tuning_equal_tempered_deviation": 0.290074706078, "tuning_frequency": 434.193115234, "tuning_diatonic_strength": 0.663340687752, "chords_histogram": [30.30210495, 7.56789731979, 7.32377195358, 1.92249011993, 0.457735747099, 0, 0.152578577399, 0.122062861919, 0, 0.0610314309597, 0.610314309597, 0.0305157154799, 0, 0.610314309597, 2.04455304146, 2.99054002762, 1.00701856613, 8.88007354736, 1.76991152763, 0.762892901897, 0.152578577399, 3.20415019989, 11.6570034027, 18.3704605103], "key_strength": 0.816223084927, "key_scale": "major", "chords_strength": {"dvar": 0.000702084216755, "var": 0.0551210455596, "median": 0.509562730789, "max": 0.86591231823, "dmean": 0.0131664648652, "dmean2": 0.0147143751383, "mean": 0.480630427599, "dvar2": 0.00152635155246, "min": -1}, "chords_number_rate": 0.00366188585758, "tuning_nontempered_energy_ratio": 0.942588210106, "hpcp_entropy": {"dvar": 0.294386446476, "var": 0.664941191673, "median": 2.14122700691, "max": 4.46474218369, "dmean": 0.632906198502, "dmean2": 1.05660355091, "mean": 2.09402036667, "dvar2": 0.816772282124, "min": 0}, "chords_changes_rate": 0.0930729359388, "chords_scale": "major"}, "rhythm": {"bpm_histogram_first_peak_spread": {"dvar": 0, "var": 0, "median": 0.386046528816, "max": 0.386046528816, "dmean": 0, "dmean2": 0, "mean": 0.386046528816, "dvar2": 0, "min": 0.386046528816}, "bpm_histogram_first_peak_weight": {"dvar": 0, "var": 0, "median": 0.584070801735, "max": 0.584070801735, "dmean": 0, "dmean2": 0, "mean": 0.584070801735, "dvar2": 0, "min": 0.584070801735}, "bpm_histogram_first_peak_bpm": {"dvar": 0, "var": 0, "median": 92, "max": 92, "dmean": 0, "dmean2": 0, "mean": 92, "dvar2": 0, "min": 92}, "bpm": 90.5993423462, "bpm_histogram_second_peak_weight": {"dvar": 0, "var": 0, "median": 0.0176991149783, "max": 0.0176991149783, "dmean": 0, "dmean2": 0, "mean": 0.0176991149783, "dvar2": 0, "min": 0.0176991149783}, "beats_loudness": {"dvar": 0.000235963161686, "var": 0.00058021012228, "median": 0.0643760040402, "max": 0.112889826298, "dmean": 0.01956564188, "dmean2": 0.0329470820725, "mean": 0.0630845353007, "dvar2": 0.000650055124424, "min": 0}, "beats_loudness_band_ratio": {"dvar": [0.0251025687903, 0.00726036541164, 0.00683133164421, 0.00470467470586, 0.00706890784204, 0.00083368626656], "var": [0.0550031140447, 0.0130839673802, 0.00830394402146, 0.00436261482537, 0.00698995869607, 0.000712889537681], "median": [0.616787433624, 0.136960104108, 0.101238541305, 0.072255730629, 0.0605306848884, 0.0253471862525], "max": [0.896817624569, 0.603709995747, 0.502288281918, 0.40119472146, 0.81550604105, 0.287848353386], "dmean": [0.163831755519, 0.0909599885345, 0.0797343030572, 0.0556636191905, 0.052363961935, 0.0164741538465], "dmean2": [0.270537406206, 0.15155851841, 0.13940359652, 0.100543551147, 0.093282289803, 0.0284451320767], "mean": [0.533350288868, 0.174849897623, 0.128655016422, 0.0874106884003, 0.0826283991337, 0.0324040055275], "dvar2": [0.0548385083675, 0.0204487647861, 0.0175143629313, 0.0130703458562, 0.019132964313, 0.00257410202175], "min": [0, 0, 0, 0, 0, 0]}, "bpm_histogram_second_peak_bpm": {"dvar": 0, "var": 0, "median": 73, "max": 73, "dmean": 0, "dmean2": 0, "mean": 73, "dvar2": 0, "min": 73}, "onset_rate": 3.99012565613, "beats_count": 227, "beats_position": [0.673378646374, 1.33514738083, 1.99691605568, 2.67029476166, 3.34367346764, 4.02866220474, 4.72526073456, 5.41024923325, 6.10684776306, 6.78022670746, 7.4303855896, 8.08054447174, 8.73070240021, 9.38086128235, 10.0310201645, 10.6811790466, 11.3313379288, 11.9814968109, 12.6316547394, 13.2818136215, 13.9319725037, 14.5821313858, 15.2090702057, 15.8243989944, 16.4629478455, 17.1247158051, 17.786485672, 18.4598636627, 19.1332416534, 19.7950115204, 20.45677948, 21.1185474396, 21.7803173065, 22.4536952972, 23.1270751953, 23.800453186, 24.4738311768, 25.1356010437, 25.7973690033, 26.470746994, 27.132516861, 27.7942848206, 28.4676647186, 29.1410427094, 29.8144207001, 30.4878005981, 31.1495685577, 31.8113365173, 32.4847145081, 33.1580963135, 33.8314743042, 34.5048522949, 35.1782302856, 35.8400001526, 36.5017662048, 37.151927948, 37.8020858765, 38.4522438049, 39.1256217957, 39.7989997864, 40.4723815918, 41.1225395203, 41.795917511, 42.4692955017, 43.1542854309, 43.8392753601, 44.5126533508, 45.1860313416, 45.8594093323, 46.532787323, 47.2061653137, 47.8679351807, 48.5297050476, 49.1798629761, 49.8532409668, 50.5266189575, 51.2000007629, 51.8733787537, 52.5467567444, 53.2201347351, 53.9167327881, 54.6249427795, 55.2867126465, 55.9600906372, 56.6334686279, 57.3068466187, 57.9918365479, 58.6652145386, 59.3269844055, 59.9887504578, 60.6389122009, 61.3006782532, 61.9740562439, 62.6474380493, 63.3092041016, 63.9709739685, 64.6443557739, 65.3177337646, 65.9678878784, 66.6412658691, 67.3030395508, 67.964805603, 68.6381835938, 69.2883453369, 69.9384994507, 70.5886611938, 71.238822937, 71.8889770508, 72.5275268555, 73.1776885986, 73.8278427124, 74.489616394, 75.1397705078, 75.789932251, 76.4400863647, 77.0902481079, 77.7404098511, 78.4021759033, 79.0639419556, 79.7024917603, 80.3642578125, 81.0144195557, 81.6645812988, 82.3147354126, 82.9648971558, 83.6150588989, 84.2652130127, 84.9153747559, 85.5655288696, 86.2156906128, 86.865852356, 87.5392303467, 88.1893844604, 88.8511581421, 89.4897003174, 90.1398620605, 90.7784118652, 91.4169616699, 92.0671157837, 92.7288894653, 93.3790435791, 94.0292053223, 94.6909713745, 95.3411331177, 95.9912872314, 96.6414489746, 97.2916107178, 97.95337677, 98.6151428223, 99.2653045654, 99.9154663086, 100.565620422, 101.227394104, 101.877548218, 102.550926208, 103.21269989, 103.886077881, 104.547843933, 105.209609985, 105.871383667, 106.533149719, 107.20652771, 107.891517639, 108.56489563, 109.249885559, 109.92326355, 110.573425293, 111.235191345, 111.896957397, 112.558731079, 113.220497131, 113.893875122, 114.555641174, 115.217414856, 115.890792847, 116.575782776, 117.249160767, 117.934150696, 118.58430481, 119.2576828, 119.931060791, 120.592834473, 121.254600525, 121.927978516, 122.601356506, 123.263130188, 123.92489624, 124.598274231, 125.260040283, 125.921813965, 126.595191956, 127.268569946, 127.91872406, 128.592102051, 129.242263794, 129.892425537, 130.565795898, 131.22756958, 131.889343262, 132.539505005, 133.189651489, 133.863037109, 134.513198853, 135.163360596, 135.81350708, 136.4868927, 137.160263062, 137.822036743, 138.483810425, 139.145568848, 139.807342529, 140.457504272, 141.119277954, 141.781036377, 142.442810059, 143.10458374, 143.777954102, 144.428115845, 145.078277588, 145.728439331, 146.378585815, 147.133239746, 147.887893677, 148.723800659, 149.548110962, 150.372421265, 151.196731567], "danceability": 1.19169414043, "bpm_histogram_second_peak_spread": {"dvar": 0, "var": 0, "median": 0, "max": 0, "dmean": 0, "dmean2": 0, "mean": 0, "dvar2": 0, "min": 0}}, "lowlevel": {"spectral_flux": {"dvar": 0.000843566725962, "var": 0.00237975665368, "median": 0.100639134645, "max": 0.305425286293, "dmean": 0.0298354309052, "dmean2": 0.047381516546, "mean": 0.10422553122, "dvar2": 0.00187912455294, "min": 6.22795634508e-11}, "spectral_rolloff": {"dvar": 548787.4375, "var": 8656181, "median": 796.728515625, "max": 19659.8144531, "dmean": 401.511016846, "dmean2": 689.600830078, "mean": 1471.23291016, "dvar2": 1366435.625, "min": 64.599609375}, "barkbands_flatness_db": {"dvar": 0.0005398679059, "var": 0.00276937172748, "median": 0.145405933261, "max": 0.374343961477, "dmean": 0.0240535512567, "dmean2": 0.0386304445565, "mean": 0.150775879622, "dvar2": 0.00124323170166, "min": 0.0214573033154}, "spectral_centroid": {"dvar": 72998.0234375, "var": 2587840.5, "median": 1070.65722656, "max": 11663.0087891, "dmean": 228.437484741, "dmean2": 360.226196289, "mean": 1333.68237305, "dvar2": 168289.3125, "min": 167.901885986}, "melbands_skewness": {"dvar": 0.679338753223, "var": 2.54487633705, "median": 2.72206830978, "max": 13.5222892761, "dmean": 0.803852975368, "dmean2": 1.30083990097, "mean": 2.93588876724, "dvar2": 1.67889964581, "min": -1.11047482491}, "melbands": {"dvar": [5.6844755818e-06, 1.15516086225e-05, 1.8043581349e-06, 8.34690297324e-07, 2.99048991792e-07, 1.33586041784e-07, 1.39586660453e-07, 1.90097992459e-07, 9.77862200102e-08, 1.1630820751e-07, 2.37071997589e-08, 1.7068520819e-08, 2.25695977463e-08, 4.56730031573e-09, 1.1254646104e-08, 1.18409539951e-08, 1.97901908194e-08, 7.40144656675e-09, 6.06144689996e-09, 7.38115968346e-09, 1.29965149753e-09, 1.51966161877e-09, 7.08455627496e-10, 3.17494280866e-10, 1.64409125203e-10, 1.57316992766e-10, 1.03578916277e-10, 5.10294584366e-11, 5.07739961186e-11, 4.58392455938e-11, 4.74197278666e-11, 3.05929309663e-11, 1.9061405232e-11, 7.38988471111e-12, 5.7710073699e-12, 4.20405073601e-12, 5.52640745666e-12, 3.49013634833e-12, 2.29043476893e-12, 4.19620848485e-12], "var": [9.04480111785e-06, 1.73769749381e-05, 3.53551604348e-06, 1.51908659518e-06, 7.25863060325e-07, 2.29345303637e-07, 2.42481746682e-07, 3.96644338707e-07, 1.84658290436e-07, 1.72545881583e-07, 4.34983391528e-08, 3.60438754399e-08, 5.09249602487e-08, 7.15809367335e-09, 3.1053481564e-08, 1.53159795957e-08, 3.50530200421e-08, 1.53551216187e-08, 1.45399203788e-08, 2.05423642541e-08, 3.20156190448e-09, 3.54303120176e-09, 1.20180476681e-09, 4.85911588743e-10, 2.16807100051e-10, 2.21140952772e-10, 1.50460505166e-10, 6.61741217378e-11, 5.38560550323e-11, 4.47320930297e-11, 5.79448572458e-11, 4.81026399268e-11, 3.43107868506e-11, 1.26173507406e-11, 1.09091936873e-11, 8.570307658e-12, 1.06938277677e-11, 5.46594713935e-12, 3.54063002875e-12, 7.06145602061e-12], "median": [0.00150263065007, 0.00305023090914, 0.0015997873852, 0.000734572124202, 0.000468112993985, 0.000216651387746, 0.000183670432307, 0.000128943021991, 0.000101010286016, 9.25985659705e-05, 6.35779942968e-05, 5.5589582189e-05, 3.78988625016e-05, 2.28743010666e-05, 3.4737837268e-05, 3.08845701511e-05, 3.74061928596e-05, 2.77246945188e-05, 1.83328975254e-05, 2.48194082815e-05, 1.71548999788e-05, 1.42055523611e-05, 1.27519688249e-05, 8.77989805304e-06, 6.06532830716e-06, 6.2239359977e-06, 4.22749099016e-06, 2.33763284996e-06, 1.8984549115e-06, 1.48010224166e-06, 1.43087913784e-06, 1.17768456676e-06, 8.92534558261e-07, 4.66429185053e-07, 2.36273649534e-07, 1.94591521563e-07, 1.38219945711e-07, 1.04063303752e-07, 1.08022874201e-07, 8.65656915039e-08], "max": [0.0190476160496, 0.0286369137466, 0.0150776635855, 0.0131138497964, 0.00819622911513, 0.00524416193366, 0.00638613803312, 0.00818589981645, 0.00699017941952, 0.00829350482672, 0.00368912564591, 0.00246105832048, 0.00366544467397, 0.00167407654226, 0.00405388977379, 0.00396411633119, 0.00378508423455, 0.00220877770334, 0.00300107081421, 0.00287764379755, 0.00111545354594, 0.00149121647701, 0.000662620936055, 0.000279468396911, 0.000281853979686, 0.000218146655243, 0.00017213980027, 0.000115500290121, 0.000110878871055, 7.8919409134e-05, 0.000109000284283, 0.000100218065199, 9.08829824766e-05, 6.33417803328e-05, 8.56339102029e-05, 5.92208052694e-05, 7.157062646e-05, 6.54691175441e-05, 5.58778410777e-05, 6.38534547761e-05], "dmean": [0.0016979505308, 0.00270808720961, 0.00107599177863, 0.000624839507509, 0.000396150833694, 0.000214730651351, 0.000208120225579, 0.000209756632103, 0.000150745094288, 0.000137338909553, 8.69661234901e-05, 6.41681108391e-05, 6.2938692281e-05, 3.00331685139e-05, 4.86094613734e-05, 4.73069667351e-05, 5.75560952711e-05, 3.78117874789e-05, 2.83728750219e-05, 3.98766205763e-05, 1.95828506548e-05, 1.84080727195e-05, 1.39149587994e-05, 1.00026582004e-05, 6.55731901134e-06, 6.79241111357e-06, 5.30586021341e-06, 3.44709542333e-06, 3.13187501888e-06, 2.99329599329e-06, 3.16178375215e-06, 2.46728541242e-06, 1.91113213077e-06, 1.1474431858e-06, 7.9394851582e-07, 5.98639758209e-07, 5.36556001407e-07, 3.64351194548e-07, 3.27734369421e-07, 3.32151472549e-07], "dmean2": [0.00285395537503, 0.00464778859168, 0.00179727608338, 0.00103865889832, 0.000633474439383, 0.000359551602742, 0.000340107013471, 0.000336981320288, 0.000239004017203, 0.000218989269342, 0.000140743126394, 0.000102486963442, 9.90416228888e-05, 4.83812364109e-05, 7.71624909248e-05, 7.67927704146e-05, 9.10631206352e-05, 5.91163479839e-05, 4.37296839664e-05, 6.16358083789e-05, 3.02251082758e-05, 2.90091429633e-05, 2.19893481699e-05, 1.61939806276e-05, 1.07040386865e-05, 1.11071185529e-05, 8.63138848217e-06, 5.68828090763e-06, 5.27278507434e-06, 5.16927366334e-06, 5.35988283445e-06, 4.06300932809e-06, 3.11348981086e-06, 1.87838588772e-06, 1.27612531742e-06, 9.5606708328e-07, 8.22186223104e-07, 5.58750571145e-07, 5.02451143802e-07, 5.07793060933e-07], "mean": [0.00258355913684, 0.0041818395257, 0.0020420786459, 0.00113089731894, 0.000754111795686, 0.000381912541343, 0.00035133594065, 0.000347561377566, 0.000247598742135, 0.000221732043428, 0.000138555624289, 0.000113192756544, 0.000108801745228, 4.74598309665e-05, 7.99041226855e-05, 7.01685275999e-05, 9.1598049039e-05, 6.14465097897e-05, 4.70166050945e-05, 7.07579310983e-05, 3.58433644578e-05, 3.11877629429e-05, 2.32147067436e-05, 1.61541574926e-05, 1.09015045382e-05, 1.11149629447e-05, 8.18880016595e-06, 5.37894447916e-06, 4.61143235952e-06, 4.01971874453e-06, 4.43659973826e-06, 3.91680578105e-06, 3.21554239235e-06, 1.83538566034e-06, 1.25613883029e-06, 9.58445639299e-07, 7.92187449861e-07, 5.13160557603e-07, 4.58014767446e-07, 4.46364566642e-07], "dvar2": [1.43866591316e-05, 3.15704382956e-05, 4.90920911034e-06, 2.1395164822e-06, 7.34401339741e-07, 3.58186014182e-07, 3.58847643156e-07, 4.63366177428e-07, 2.31680104434e-07, 2.90415869131e-07, 5.866308328e-08, 4.11533314093e-08, 5.54060548552e-08, 1.12192255486e-08, 2.67776147922e-08, 3.12564729654e-08, 4.49993038387e-08, 1.64871192254e-08, 1.28765789142e-08, 1.56542814267e-08, 2.89155432931e-09, 3.31883587279e-09, 1.62541935467e-09, 7.91986365378e-10, 4.41616021529e-10, 4.08864025969e-10, 2.63547933477e-10, 1.3496877227e-10, 1.40136569016e-10, 1.28154570289e-10, 1.28805716093e-10, 8.03407063099e-11, 5.01024187416e-11, 1.94566272815e-11, 1.44091951912e-11, 9.5251011939e-12, 1.18405242208e-11, 7.52195961767e-12, 5.08311925537e-12, 9.5881549228e-12], "min": [1.36817412439e-24, 1.33242393424e-24, 1.46746666602e-24, 8.93727932441e-25, 1.49293020858e-24, 1.05652229783e-24, 1.61932436243e-24, 1.32346651727e-24, 9.89697200296e-25, 1.54151556008e-24, 1.64263382167e-24, 1.78517428193e-24, 2.33129124813e-24, 2.30701326491e-24, 3.00490805535e-24, 1.71307219798e-24, 3.53426606605e-24, 2.62385431711e-24, 3.31792806255e-24, 3.53561541263e-24, 2.91910168254e-24, 3.97963918377e-24, 2.41656454819e-24, 3.16572109797e-24, 3.37986232108e-24, 4.32712097404e-24, 4.96725832723e-24, 5.08253417688e-24, 4.73080476507e-24, 4.53335643036e-24, 5.26645433592e-24, 5.04350962233e-24, 3.90532888093e-24, 5.32453658665e-24, 5.51457791188e-24, 5.52929963409e-24, 5.32209427328e-24, 5.16198509181e-24, 5.90726892619e-24, 5.41910286538e-24]}, "spectral_decrease": {"dvar": 1.33433662664e-17, "var": 3.39390286271e-17, "median": -9.98730609325e-09, "max": 2.14757583278e-28, "dmean": 3.4906491031e-09, "dmean2": 5.66405233826e-09, "mean": -1.04734008133e-08, "dvar2": 3.23558479481e-17, "min": -3.3558485768e-08}, "barkbands_kurtosis": {"dvar": 31.1557674408, "var": 76.8983154297, "median": 2.51846337318, "max": 133.18397522, "dmean": 3.28299117088, "dmean2": 5.39630556107, "mean": 5.23322200775, "dvar2": 78.1121749878, "min": -1.86773657799}, "silence_rate_30dB": {"dvar": 0.000610222225077, "var": 0.000305168330669, "median": 1, "max": 1, "dmean": 0.000610593822785, "dmean2": 0.0012213740265, "mean": 0.999694764614, "dvar2": 0.00183057389222, "min": 0}, "gfcc": {"mean": [-21.983089447, 119.468109131, -118.502235413, 39.1224899292, -45.0718994141, 9.61961936951, -31.9672260284, 2.62934470177, -16.0572490692, -1.89710485935, -14.9139232635, -5.641248703, -7.63559246063], "cov": [[38382.8984375, 3081.69726562, -4015.91381836, 1467.74609375, -1664.20300293, 596.272644043, -910.898803711, 53.1464118958, -451.622314453, 76.6168670654, -480.403747559, -60.7856712341, -298.102416992], [3081.69726562, 1609.6697998, -404.824035645, 164.640319824, 205.583190918, -118.578453064, 76.5765304565, -0.737987041473, 32.6159515381, -105.228050232, 118.649383545, -136.622848511, 58.6322212219], [-4015.91381836, -404.824035645, 1071.93908691, -32.7382965088, 161.664093018, 93.1021575928, 118.298606873, 32.5740356445, 11.4072742462, 9.0708398819, 12.9312162399, 44.0635681152, -21.5581302643], [1467.74609375, 164.640319824, -32.7382965088, 368.630615234, 14.0435438156, 105.566757202, 21.9881381989, -6.02005004883, 40.2608146667, -10.8253335953, 18.9287052155, -17.7549667358, 13.4996519089], [-1664.20300293, 205.583190918, 161.664093018, 14.0435438156, 412.893676758, -49.0756225586, 79.7598190308, 39.0453186035, 71.1442565918, 5.15201616287, 55.4527511597, -47.0660476685, 30.8905124664], [596.272644043, -118.578453064, 93.1021575928, 105.566757202, -49.0756225586, 238.982559204, 45.9562568665, 22.4676036835, 2.33496904373, 4.5471663475, -13.2761707306, 27.9658145905, -15.2002868652], [-910.898803711, 76.5765304565, 118.298606873, 21.9881381989, 79.7598190308, 45.9562568665, 222.192626953, 21.0296020508, 30.0070590973, -14.4052724838, 43.677772522, 13.2101459503, 11.153960228], [53.1464118958, -0.737987041473, 32.5740356445, -6.02005004883, 39.0453186035, 22.4676036835, 21.0296020508, 102.359107971, 24.5545520782, 13.6696901321, -6.50182580948, -8.89591407776, -3.6886279583], [-451.622314453, 32.6159515381, 11.4072742462, 40.2608146667, 71.1442565918, 2.33496904373, 30.0070590973, 24.5545520782, 109.813423157, 26.2341861725, 28.4028587341, -11.3356218338, 16.5606460571], [76.6168670654, -105.228050232, 9.0708398819, -10.8253335953, 5.15201616287, 4.5471663475, -14.4052724838, 13.6696901321, 26.2341861725, 85.9650726318, 5.29632806778, 15.2088651657, -10.2613687515], [-480.403747559, 118.649383545, 12.9312162399, 18.9287052155, 55.4527511597, -13.2761707306, 43.677772522, -6.50182580948, 28.4028587341, 5.29632806778, 97.307258606, 4.58562612534, 18.6869354248], [-60.7856712341, -136.622848511, 44.0635681152, -17.7549667358, -47.0660476685, 27.9658145905, 13.2101459503, -8.89591407776, -11.3356218338, 15.2088651657, 4.58562612534, 83.3653259277, 11.7443523407], [-298.102416992, 58.6322212219, -21.5581302643, 13.4996519089, 30.8905124664, -15.2002868652, 11.153960228, -3.6886279583, 16.5606460571, -10.2613687515, 18.6869354248, 11.7443523407, 73.7395172119]], "icov": [[0.000290549534839, -0.000762023730204, 0.000730435131118, -0.000953138049226, 0.000628644658718, -0.000611483119428, 0.000683304970153, -0.000735037494451, 0.000947435153648, -0.00119733868632, 0.00128230766859, -0.00113309314474, 0.00111511955038], [-0.000762023730204, 0.00309545430355, -0.00150394986849, 0.00209319172427, -0.00198978791013, 0.00193612102885, -0.00210035894997, 0.00171306263655, -0.00213298457675, 0.00408936524764, -0.00446791108698, 0.00416291505098, -0.00321138440631], [0.000730435131118, -0.00150394986849, 0.00314202927984, -0.00234491983429, 0.000834965612739, -0.00187513965648, 0.00127541541588, -0.00195004395209, 0.00259092543274, -0.00255651585758, 0.00294508389197, -0.00320984772407, 0.00329707097262], [-0.000953138049226, 0.00209319172427, -0.00234491983429, 0.00684885354713, -0.00202331622131, -0.000116640832857, -0.00194712122902, 0.00333670061082, -0.00447472603992, 0.00413647806272, -0.00436819624156, 0.00446313712746, -0.00419523194432], [0.000628644658718, -0.00198978791013, 0.000834965612739, -0.00202331622131, 0.00518611446023, -0.000544518348761, 0.000740991672501, -0.00237499922514, 0.000847915478516, -0.00327913067304, 0.0020266128704, -0.000493709987495, 0.00114068028051], [-0.000611483119428, 0.00193612102885, -0.00187513965648, -0.000116640832857, -0.000544518348761, 0.00754439365119, -0.00271953828633, 6.60863088342e-06, -0.00176714523695, 0.00264247437008, -0.00198224931955, 0.000844045192935, -0.00121086090803], [0.000683304970153, -0.00210035894997, 0.00127541541588, -0.00194712122902, 0.000740991672501, -0.00271953828633, 0.00775378802791, -0.00249573634937, 0.00110092957038, -0.00103628763463, 0.00106225558557, -0.00434280699119, 0.00302406749688], [-0.000735037494451, 0.00171306263655, -0.00195004395209, 0.00333670061082, -0.00237499922514, 6.60863088342e-06, -0.00249573634937, 0.0134927583858, -0.00457001896575, 0.00139463308733, -0.00116607744712, 0.00405913079157, -0.00259638740681], [0.000947435153648, -0.00213298457675, 0.00259092543274, -0.00447472603992, 0.000847915478516, -0.00176714523695, 0.00110092957038, -0.00457001896575, 0.0164303854108, -0.0081397537142, 0.0018124259077, -0.0012254541507, 0.00090137909865], [-0.00119733868632, 0.00408936524764, -0.00255651585758, 0.00413647806272, -0.00327913067304, 0.00264247437008, -0.00103628763463, 0.00139463308733, -0.0081397537142, 0.0207176208496, -0.00717081828043, 0.00130365602672, -0.00113112654071], [0.00128230766859, -0.00446791108698, 0.00294508389197, -0.00436819624156, 0.0020266128704, -0.00198224931955, 0.00106225558557, -0.00116607744712, 0.0018124259077, -0.00717081828043, 0.0200499296188, -0.00741540035233, 0.00361568317749], [-0.00113309314474, 0.00416291505098, -0.00320984772407, 0.00446313712746, -0.000493709987495, 0.000844045192935, -0.00434280699119, 0.00405913079157, -0.0012254541507, 0.00130365602672, -0.00741540035233, 0.0225629154593, -0.00966319255531], [0.00111511955038, -0.00321138440631, 0.00329707097262, -0.00419523194432, 0.00114068028051, -0.00121086090803, 0.00302406749688, -0.00259638740681, 0.00090137909865, -0.00113112654071, 0.00361568317749, -0.00966319255531, 0.0213028490543]]}, "silence_rate_20dB": {"dvar": 0, "var": 0, "median": 1, "max": 1, "dmean": 0, "dmean2": 0, "mean": 1, "dvar2": 0, "min": 1}, "barkbands_skewness": {"dvar": 0.334384590387, "var": 1.58258879185, "median": 1.60909318924, "max": 9.51699638367, "dmean": 0.570341408253, "dmean2": 0.921356797218, "mean": 1.73580527306, "dvar2": 0.810573458672, "min": -3.28073215485}, "erbbands_skewness": {"dvar": 0.0810549855232, "var": 0.458865106106, "median": 0.0940999314189, "max": 4.61936950684, "dmean": 0.306481152773, "dmean2": 0.471882224083, "mean": 0.147186741233, "dvar2": 0.190198928118, "min": -2.86891913414}, "spectral_contrast_valleys": {"dvar": [0.117703005672, 0.144664600492, 0.12354619801, 0.107550486922, 0.126412689686, 0.195473611355], "var": [11.2592744827, 11.0342302322, 10.4226341248, 10.3741750717, 10.2838001251, 7.73179578781], "median": [-6.43185043335, -6.52092695236, -7.13887357712, -7.21994781494, -7.3793554306, -10.451543808], "max": [-5.1345243454, -4.53954792023, -5.20838785172, -5.69681167603, -5.45016288757, -7.47807407379], "dmean": [0.392187476158, 0.394507735968, 0.355542451143, 0.31503251195, 0.304434627295, 0.364137262106], "dmean2": [0.645869195461, 0.638636529446, 0.561713695526, 0.477661967278, 0.445002675056, 0.524920284748], "mean": [-7.19822597504, -7.11762142181, -7.73103284836, -7.8335647583, -7.95902395248, -10.9291725159], "dvar2": [0.283793449402, 0.335578173399, 0.253030478954, 0.207481920719, 0.245204597712, 0.421419978142], "min": [-28.2626781464, -28.1235466003, -27.7936553955, -27.743730545, -27.704044342, -27.4345912933]}, "spectral_strongpeak": {"dvar": 0.721707463264, "var": 1.09707081318, "median": 0.421413958073, "max": 15.5140075684, "dmean": 0.438458859921, "dmean2": 0.753549218178, "mean": 0.704145431519, "dvar2": 1.83677136898, "min": 0}, "erbbands_crest": {"dvar": 4.48425388336, "var": 13.9481277466, "median": 6.69165039062, "max": 28.9769649506, "dmean": 2.15822672844, "dmean2": 3.49852609634, "mean": 7.69114732742, "dvar2": 10.9865350723, "min": 1.88153409958}, "barkbands_crest": {"dvar": 5.41240739822, "var": 11.9278945923, "median": 9.12736988068, "max": 26.0295314789, "dmean": 2.67187166214, "dmean2": 4.50077486038, "mean": 9.69009780884, "dvar2": 14.3497419357, "min": 2.49203491211}, "spectral_energyband_middle_low": {"dvar": 4.43709941464e-05, "var": 0.000101199679193, "median": 0.0144495870918, "max": 0.0708304792643, "dmean": 0.00566967437044, "dmean2": 0.00915134698153, "mean": 0.0160385146737, "dvar2": 0.000111052577267, "min": 1.53522947068e-22}, "spectral_contrast_coeffs": {"dvar": [0.00177584739868, 0.00176722882316, 0.0010422229534, 0.000752388092224, 0.000417071219999, 0.000486672477564], "var": [0.00886487122625, 0.00766645977274, 0.00516056921333, 0.00432921713218, 0.00253619486466, 0.00306700891815], "median": [-0.63727247715, -0.719131231308, -0.773364543915, -0.781457781792, -0.794555068016, -0.731053829193], "max": [-0.286992609501, -0.348957628012, -0.431715250015, -0.434917658567, -0.52855193615, -0.603446185589], "dmean": [0.0519599579275, 0.0501504987478, 0.0386153012514, 0.0315883345902, 0.0228560082614, 0.021121641621], "dmean2": [0.0867322832346, 0.0822903811932, 0.0629039779305, 0.0513566657901, 0.037101212889, 0.0345420204103], "mean": [-0.63580006361, -0.716075539589, -0.766730964184, -0.775672793388, -0.792613208294, -0.741728007793], "dvar2": [0.004780810792, 0.00460135051981, 0.00259684515186, 0.00180326472037, 0.000976520183031, 0.00121503788978], "min": [-0.983755946159, -0.978846490383, -0.975231528282, -0.972391009331, -0.969178080559, -0.965418756008]}, "hfc": {"dvar": 95.9088287354, "var": 269.59753418, "median": 18.2879371643, "max": 143.247360229, "dmean": 7.00637960434, "dmean2": 10.3235244751, "mean": 21.7958164215, "dvar2": 216.473342896, "min": 1.07125143577e-16}, "spectral_energyband_high": {"dvar": 6.03104865604e-07, "var": 1.08521010134e-06, "median": 0.000242323381826, "max": 0.0136545719579, "dmean": 0.000350078917108, "dmean2": 0.000557723862585, "mean": 0.000628304958809, "dvar2": 1.4717953718e-06, "min": 7.03057557216e-21}, "erbbands_spread": {"dvar": 62.9946937561, "var": 220.431762695, "median": 37.7307777405, "max": 144.025817871, "dmean": 7.32651519775, "dmean2": 11.6920824051, "mean": 39.0377044678, "dvar2": 148.661148071, "min": 2.91323709488}, "dissonance": {"dvar": 0.000319469167152, "var": 0.000976740149781, "median": 0.469533741474, "max": 0.499999970198, "dmean": 0.0176072809845, "dmean2": 0.0296722371131, "mean": 0.462292015553, "dvar2": 0.000875849626027, "min": 0.189058929682}, "spectral_kurtosis": {"dvar": 6.15116548538, "var": 17.3416614532, "median": 4.03082609177, "max": 59.6934661865, "dmean": 2.04479765892, "dmean2": 3.50146317482, "mean": 5.01807117462, "dvar2": 17.5465621948, "min": -1.26241409779}, "spectral_skewness": {"dvar": 0.0705194920301, "var": 0.362672835588, "median": 1.43823325634, "max": 6.68379878998, "dmean": 0.253590404987, "dmean2": 0.421430230141, "mean": 1.52860355377, "dvar2": 0.182725071907, "min": -0.0752617120743}, "pitch_salience": {"dvar": 0.00521392095834, "var": 0.013240643777, "median": 0.549691617489, "max": 0.853185892105, "dmean": 0.0815772339702, "dmean2": 0.136450573802, "mean": 0.548907220364, "dvar2": 0.0141712464392, "min": 0.142362266779}, "spectral_complexity": {"dvar": 27.0540885925, "var": 127.71421814, "median": 20, "max": 59, "dmean": 4.44084882736, "dmean2": 6.43206119537, "mean": 21.3482913971, "dvar2": 50.2825050354, "min": 0}, "spectral_spread": {"dvar": 463595995136, "var": 33753990692900.0, "median": 3725274, "max": 42690276, "dmean": 473341.375, "dmean2": 742871.75, "mean": 4701630.5, "dvar2": 969946628096, "min": 1356228.875}, "dynamic_complexity": 2.20707845688, "melbands_crest": {"dvar": 9.11519527435, "var": 26.6797351837, "median": 14.2713451385, "max": 32.6618766785, "dmean": 3.57627677917, "dmean2": 5.98929262161, "mean": 14.5636148453, "dvar2": 24.7494773865, "min": 1.44738996029}, "zerocrossingrate": {"dvar": 9.73369023995e-05, "var": 0.00573220662773, "median": 0.03857421875, "max": 0.5244140625, "dmean": 0.00745279248804, "dmean2": 0.00940474402159, "mean": 0.053765937686, "dvar2": 0.000128768122522, "min": 0.00537109375}, "spectral_energyband_low": {"dvar": 0.000170264160261, "var": 0.000329649017658, "median": 0.0165861546993, "max": 0.112650349736, "dmean": 0.010624974966, "dmean2": 0.0179450586438, "mean": 0.0206176750362, "dvar2": 0.000435786612798, "min": 1.21647842057e-23}, "melbands_kurtosis": {"dvar": 182.869155884, "var": 410.934143066, "median": 9.27004051208, "max": 252.628829956, "dmean": 8.18361186981, "dmean2": 13.4484367371, "mean": 15.4461116791, "dvar2": 465.068847656, "min": -1.65350651741}, "spectral_energyband_middle_high": {"dvar": 1.07557771116e-05, "var": 3.67602297047e-05, "median": 0.00477668363601, "max": 0.0626006349921, "dmean": 0.00236002355814, "dmean2": 0.00349007709883, "mean": 0.00641631009057, "dvar2": 2.27547880058e-05, "min": 1.17817640897e-21}, "barkbands_spread": {"dvar": 33.0888938904, "var": 128.118652344, "median": 17.5710639954, "max": 112.281745911, "dmean": 4.79641294479, "dmean2": 7.69820928574, "mean": 18.685710907, "dvar2": 78.1546173096, "min": 0.788856446743}, "mfcc": {"mean": [-644.897033691, 140.544235229, -7.84480285645, 32.2451133728, 7.96229505539, 10.7651958466, -1.93750298023, 3.70756149292, 2.9112663269, 0.172086417675, 2.7054643631, -3.11759853363, -2.57958245277], "cov": [[12251.2939453, 1246.32189941, -446.06842041, 404.684631348, -164.693634033, 394.504516602, -94.7331771851, 101.183235168, 2.27090573311, 67.53099823, 73.33543396, -28.5031356812, -15.0767192841], [1246.32189941, 1728.67590332, -207.766906738, 321.47454834, 172.653503418, -34.8657951355, 116.200553894, 36.8497390747, 14.1650476456, 29.4210567474, 19.3571891785, 9.99157333374, 53.2847328186], [-446.06842041, -207.766906738, 649.60748291, -19.7070541382, -5.10534763336, 95.06199646, 41.2862930298, 65.6940917969, 17.1700325012, -45.7562599182, 22.5329093933, 16.6420021057, -16.0511188507], [404.684631348, 321.47454834, -19.7070541382, 298.214172363, 101.53162384, 46.23985672, 36.1105308533, 26.8649291992, 14.4954547882, 57.6458282471, -12.6744318008, 10.1687412262, 30.1416358948], [-164.693634033, 172.653503418, -5.10534763336, 101.53162384, 260.385375977, 16.0596923828, 11.1372318268, -3.71976447105, 27.915512085, 45.7731704712, 10.9368152618, 8.39532184601, 13.5991544724], [394.504516602, -34.8657951355, 95.06199646, 46.23985672, 16.0596923828, 177.052200317, 42.1330375671, 52.552116394, 15.1144485474, 9.77114295959, 21.2383956909, 9.73643779755, -1.83995628357], [-94.7331771851, 116.200553894, 41.2862930298, 36.1105308533, 11.1372318268, 42.1330375671, 135.650985718, 60.4636726379, 15.9768285751, 3.5136051178, 11.9378223419, 13.4189567566, 8.84295082092], [101.183235168, 36.8497390747, 65.6940917969, 26.8649291992, -3.71976447105, 52.552116394, 60.4636726379, 118.505874634, 32.8458099365, 6.70183706284, 11.1708564758, 5.27164745331, 11.4267272949], [2.27090573311, 14.1650476456, 17.1700325012, 14.4954547882, 27.915512085, 15.1144485474, 15.9768285751, 32.8458099365, 90.5287628174, 26.3045196533, 9.49077892303, -0.543930351734, 8.58915424347], [67.53099823, 29.4210567474, -45.7562599182, 57.6458282471, 45.7731704712, 9.77114295959, 3.5136051178, 6.70183706284, 26.3045196533, 95.85181427, 20.0842933655, 9.58617019653, 10.27272892], [73.33543396, 19.3571891785, 22.5329093933, -12.6744318008, 10.9368152618, 21.2383956909, 11.9378223419, 11.1708564758, 9.49077892303, 20.0842933655, 78.4865036011, 27.0192508698, -4.65622329712], [-28.5031356812, 9.99157333374, 16.6420021057, 10.1687412262, 8.39532184601, 9.73643779755, 13.4189567566, 5.27164745331, -0.543930351734, 9.58617019653, 27.0192508698, 66.4630279541, 18.5499858856], [-15.0767192841, 53.2847328186, -16.0511188507, 30.1416358948, 13.5991544724, -1.83995628357, 8.84295082092, 11.4267272949, 8.58915424347, 10.27272892, -4.65622329712, 18.5499858856, 71.0549621582]], "icov": [[0.000115968839964, -0.00010047237447, 9.19974336284e-05, -9.25403292058e-05, 0.000185106793651, -0.000355375203071, 0.000295765086776, -8.35344981169e-05, -5.79433526582e-06, 1.32107641093e-06, -0.000100981123978, 5.21990041307e-05, 7.22495169612e-05], [-0.00010047237447, 0.000970501394477, 0.000207858611248, -0.000905091583263, -0.000455052679172, 0.000818827364128, -0.00090688810451, -3.27982547788e-06, 1.19637043099e-05, 0.000728071841877, -0.000672817928717, 0.000276083970675, -0.000319395010592], [9.19974336284e-05, 0.000207858611248, 0.00201267842203, -0.000293784978567, -8.22270230856e-05, -0.000894734286703, 4.34883295384e-05, -0.000788079749327, -0.000302755506709, 0.001383206225, -0.000574065954424, -0.000348966772435, 0.000446925056167], [-9.25403292058e-05, -0.000905091583263, -0.000293784978567, 0.00596000580117, -0.00126089539845, -0.00129507784732, -0.00025482106139, -0.000341237842804, 0.000735298148356, -0.00326013029553, 0.00293708848767, -0.000792354112491, -0.000859362480696], [0.000185106793651, -0.000455052679172, -8.22270230856e-05, -0.00126089539845, 0.00517644407228, -0.000784990494139, 0.000446763733635, 0.00105542794336, -0.00120216759387, -0.00131764588878, -0.000504560244735, 4.75784618175e-05, -4.92173239763e-05], [-0.000355375203071, 0.000818827364128, -0.000894734286703, -0.00129507784732, -0.000784990494139, 0.00871950574219, -0.00201054522768, -0.00198309705593, 0.000156530208187, 0.00028353772359, -0.00154893577565, -1.57101885634e-06, 0.000441958603915], [0.000295765086776, -0.00090688810451, 4.34883295384e-05, -0.00025482106139, 0.000446763733635, -0.00201054522768, 0.0112349288538, -0.00473148887977, -1.32956392918e-05, 0.00030422367854, -0.000219772176933, -0.00143069401383, 0.000402601639507], [-8.35344981169e-05, -3.27982547788e-06, -0.000788079749327, -0.000341237842804, 0.00105542794336, -0.00198309705593, -0.00473148887977, 0.013538075611, -0.00364298047498, 2.27563941735e-05, -0.000555516919121, 0.000929052417632, -0.00173204275779], [-5.79433526582e-06, 1.19637043099e-05, -0.000302755506709, 0.000735298148356, -0.00120216759387, 0.000156530208187, -1.32956392918e-05, -0.00364298047498, 0.0138425137848, -0.00348956556991, -0.000526035786606, 0.0015375650255, -0.00117353361566], [1.32107641093e-06, 0.000728071841877, 0.001383206225, -0.00326013029553, -0.00131764588878, 0.00028353772359, 0.00030422367854, 2.27563941735e-05, -0.00348956556991, 0.0154206138104, -0.00458520045504, -8.28637130326e-05, -0.000718727998901], [-0.000100981123978, -0.000672817928717, -0.000574065954424, 0.00293708848767, -0.000504560244735, -0.00154893577565, -0.000219772176933, -0.000555516919121, -0.000526035786606, -0.00458520045504, 0.018254628405, -0.00751627329737, 0.00316562433727], [5.21990041307e-05, 0.000276083970675, -0.000348966772435, -0.000792354112491, 4.75784618175e-05, -1.57101885634e-06, -0.00143069401383, 0.000929052417632, 0.0015375650255, -8.28637130326e-05, -0.00751627329737, 0.0201571378857, -0.00584792578593], [7.22495169612e-05, -0.000319395010592, 0.000446925056167, -0.000859362480696, -4.92173239763e-05, 0.000441958603915, 0.000402601639507, -0.00173204275779, -0.00117353361566, -0.000718727998901, 0.00316562433727, -0.00584792578593, 0.0170231610537]]}, "silence_rat