{"tonal": {"chords_key": "C", "hpcp_entropy": {"dmean": 0.728732764721, "dmean2": 1.19278812408, "max": 4.58953714371, "dvar": 0.38492423296, "mean": 1.61523735523, "dvar2": 0.953621864319, "min": 0, "var": 0.814554929733, "median": 1.61960601807}, "key_key": "C", "chords_strength": {"dmean": 0.0144100431353, "dmean2": 0.015755282715, "max": 0.717011094093, "dvar": 0.000615045137238, "mean": 0.442554175854, "dvar2": 0.00112677901052, "min": -1, "var": 0.0413680151105, "median": 0.45777964592}, "key_scale": "major", "chords_number_rate": 0.00331379054114, "thpcp": [1, 0.716518640518, 0.396389663219, 0.317195117474, 0.277874201536, 0.448579341173, 0.688925981522, 0.522763490677, 0.290178567171, 0.243011549115, 0.196530908346, 0.268770366907, 0.359042644501, 0.300996541977, 0.342411309481, 0.392673403025, 0.251321345568, 0.170193940401, 0.198133841157, 0.222578436136, 0.416968435049, 0.613169491291, 0.463498413563, 0.282129853964, 0.23817551136, 0.210242450237, 0.265362679958, 0.342970401049, 0.303949177265, 0.262251496315, 0.27837613225, 0.265969663858, 0.314117521048, 0.368167519569, 0.393694967031, 0.726767599583], "key_strength": 0.768830478191, "tuning_nontempered_energy_ratio": 0.725371479988, "tuning_frequency": 441.782684326, "chords_changes_rate": 0.0871781781316, "tuning_diatonic_strength": 0.636941552162, "chords_scale": "major", "chords_histogram": [36.0183525085, 1.14708125591, 17.0277843475, 1.83533012867, 0.152944177389, 0, 1.58042311668, 0, 0, 0, 0, 0, 0.356869757175, 0.127453476191, 0, 4.28243684769, 2.06474637985, 14.733622551, 0, 1.70787668228, 1.12159061432, 2.90593934059, 12.108080864, 2.8294672966], "tuning_equal_tempered_deviation": 0.0241883713752, "hpcp": {"dmean": [0.108273200691, 0.109918765724, 0.108403682709, 0.109497629106, 0.112641461194, 0.118224143982, 0.132546916604, 0.157605051994, 0.213175103068, 0.221885800362, 0.208803728223, 0.163538008928, 0.142268106341, 0.128831118345, 0.147825345397, 0.170259729028, 0.158294454217, 0.110873654485, 0.0885944291949, 0.0757091790438, 0.0874444395304, 0.105549789965, 0.0969699695706, 0.111921817064, 0.11924263835, 0.0880945846438, 0.0735818967223, 0.0829852670431, 0.0905760601163, 0.129562884569, 0.173103034496, 0.152945071459, 0.118065573275, 0.0954768583179, 0.0890793129802, 0.0989632755518], "dmean2": [0.18680664897, 0.191417530179, 0.192241594195, 0.190775573254, 0.196398288012, 0.203154683113, 0.226510867476, 0.272690236568, 0.356490939856, 0.373420655727, 0.357937216759, 0.28499302268, 0.252947837114, 0.230154320598, 0.251428067684, 0.283818781376, 0.266330748796, 0.192184850574, 0.150827199221, 0.130036666989, 0.146517306566, 0.172790974379, 0.161909982562, 0.18604978919, 0.196032688022, 0.147212743759, 0.128529638052, 0.14444565773, 0.156604841352, 0.217520654202, 0.289703428745, 0.262136310339, 0.207595691085, 0.164013206959, 0.154811561108, 0.172649368644], "max": [1, 1, 1, 1, 1, 1, 1, 1, 1, 1, 1, 1, 1, 1, 1, 1, 1, 1, 1, 1, 1, 1, 1, 1, 1, 1, 1, 1, 1, 1, 1, 1, 1, 1, 1, 1], "dvar": [0.038210965693, 0.0349707305431, 0.041001547128, 0.039370380342, 0.0430551841855, 0.0385425947607, 0.0415730029345, 0.0482808612287, 0.0622540675104, 0.0699684619904, 0.0629119724035, 0.0551050305367, 0.0532849431038, 0.0467386469245, 0.0462423413992, 0.0573718175292, 0.047824177891, 0.0370104685426, 0.0293439161032, 0.024801986292, 0.0258849449456, 0.0288658514619, 0.0244004540145, 0.0325537137687, 0.0385511554778, 0.0256884451956, 0.0233987718821, 0.0266255438328, 0.0264273993671, 0.0320920161903, 0.0464494600892, 0.0406101569533, 0.0390971153975, 0.0313948206604, 0.0292615070939, 0.03276136145], "mean": [0.131824329495, 0.116826109588, 0.100799158216, 0.106996841729, 0.102228283882, 0.120734423399, 0.141509115696, 0.15132085979, 0.27934089303, 0.384360671043, 0.275401592255, 0.152356594801, 0.121917329729, 0.106803908944, 0.172416254878, 0.264796048403, 0.200929731131, 0.111533224583, 0.093404084444, 0.0755387544632, 0.103304758668, 0.138001874089, 0.115691237152, 0.13160943985, 0.150928214192, 0.0965980440378, 0.0654158592224, 0.0761548578739, 0.0855503976345, 0.160266265273, 0.235678240657, 0.178150564432, 0.108439616859, 0.0915452986956, 0.080808930099, 0.101994976401], "dvar2": [0.0917971283197, 0.0930962637067, 0.112629674375, 0.102358259261, 0.116253487766, 0.104170545936, 0.107412815094, 0.125035464764, 0.152835994959, 0.153008311987, 0.161559328437, 0.1413603127, 0.137701123953, 0.123981468379, 0.119941957295, 0.130096495152, 0.121699176729, 0.0954357609153, 0.0736649483442, 0.0648864209652, 0.0640361234546, 0.0663724914193, 0.061372090131, 0.0794472694397, 0.0879733934999, 0.0622143186629, 0.0621702186763, 0.0680142566562, 0.068438000977, 0.0814515575767, 0.10838843137, 0.108321286738, 0.106750942767, 0.0804830938578, 0.07582821697, 0.0863752663136], "min": [0, 0, 0, 0, 0, 0, 0, 0, 0, 0, 0, 0, 0, 0, 0, 0, 0, 0, 0, 0, 0, 0, 0, 0, 0, 0, 0, 0, 0, 0, 0, 0, 0, 0, 0, 0], "var": [0.0592675767839, 0.0394986793399, 0.0390011891723, 0.0423570126295, 0.0400819852948, 0.0382277593017, 0.0468939095736, 0.0507441759109, 0.0931570082903, 0.148284688592, 0.0908624827862, 0.0599610134959, 0.0501688569784, 0.0408135689795, 0.0570987761021, 0.115923509002, 0.0701622217894, 0.0436443649232, 0.039892796427, 0.0277387164533, 0.0347675979137, 0.0528045594692, 0.0327964797616, 0.0419264398515, 0.0608763992786, 0.0341459698975, 0.0203455984592, 0.0256834384054, 0.0264703799039, 0.0425956062973, 0.0767762437463, 0.0469745099545, 0.0390943735838, 0.0346473455429, 0.0290354285389, 0.0335339829326], "median": [0.031407687813, 0.0287724621594, 0.0215861238539, 0.0203172340989, 0.0204187557101, 0.04024329409, 0.0493453890085, 0.0512641184032, 0.143416941166, 0.223121002316, 0.152059778571, 0.0357920899987, 0.0214658174664, 0.0211193673313, 0.0596735775471, 0.0892262682319, 0.0690441131592, 0.0242804214358, 0.0142662255093, 0.0124763874337, 0.026861788705, 0.0391025878489, 0.0396336913109, 0.0418838001788, 0.0420446135104, 0.0200895573944, 0.0160812456161, 0.0166504494846, 0.0235221590847, 0.0779490992427, 0.120998233557, 0.0943417102098, 0.0260177701712, 0.0158672630787, 0.014187078923, 0.0235145557672]}}, "lowlevel": {"melbands_flatness_db": {"dmean": 0.0255730394274, "dmean2": 0.0373197682202, "max": 0.443743079901, "dvar": 0.000596361758653, "mean": 0.269679009914, "dvar2": 0.00120578054339, "min": 0.00330332363956, "var": 0.00490366108716, "median": 0.277993440628}, "melbands_crest": {"dmean": 3.54489159584, "dmean2": 5.6665391922, "max": 33.4988594055, "dvar": 10.5095281601, "mean": 13.1289205551, "dvar2": 24.8956050873, "min": 1.54401814938, "var": 31.0201396942, "median": 12.0536746979}, "spectral_entropy": {"dmean": 0.186620458961, "dmean2": 0.271250188351, "max": 9.83327388763, "dvar": 0.0299104060978, "mean": 7.06054639816, "dvar2": 0.0596892535686, "min": 5.44324874878, "var": 0.334528207779, "median": 7.02528476715}, "melbands": {"dmean": [2.10826829061e-06, 4.810331302e-05, 8.55940234032e-05, 5.98147234996e-05, 0.00011148541671, 9.11604802241e-05, 5.25050818396e-05, 0.000169838705915, 0.000251601013588, 9.80877885013e-05, 0.000117487819807, 0.000102044577943, 0.000169640043168, 0.000117571966257, 7.87117387517e-05, 6.25472748652e-05, 4.88724253955e-05, 3.29606555169e-05, 2.65201560978e-05, 1.74520864675e-05, 9.79871583695e-06, 2.80750509773e-06, 2.43962767854e-06, 3.80736196348e-06, 5.83290511713e-06, 2.89131776299e-06, 1.2525265447e-06, 1.20100116874e-06, 1.16143371542e-06, 1.13479575248e-06, 8.40409597913e-07, 4.2352814944e-07, 1.64840770367e-07, 4.48497736727e-08, 7.10195680043e-09, 7.37938765649e-10, 1.39154437973e-10, 6.04602409804e-11, 2.7850319273e-11, 1.4756503311e-11], "dmean2": [3.53740711034e-06, 8.0059224274e-05, 0.000141786178574, 9.14822521736e-05, 0.000160889161634, 0.000132034037961, 7.41571129765e-05, 0.000254285900155, 0.000352477742126, 0.000130234460812, 0.000159170187544, 0.000135704540298, 0.000246645213338, 0.00017711117107, 0.000114523390948, 8.96022611414e-05, 6.8685185397e-05, 4.82627474412e-05, 3.61445381714e-05, 2.5313696824e-05, 1.47422897498e-05, 4.09895392295e-06, 3.54456665264e-06, 5.52664005227e-06, 8.69716222951e-06, 4.42122609456e-06, 1.94166750589e-06, 1.84361272204e-06, 1.70734313087e-06, 1.67198902545e-06, 1.26486008867e-06, 6.31082798463e-07, 2.45249424324e-07, 6.80738239112e-08, 1.06856195004e-08, 1.09986186825e-09, 2.11186068633e-10, 9.10497927054e-11, 4.29615509834e-11, 2.35701232837e-11], "max": [9.15783894015e-05, 0.00326699577272, 0.004561023321, 0.00249240570702, 0.00786725245416, 0.0221899449825, 0.013201306574, 0.0110671324655, 0.0379074811935, 0.0212201215327, 0.0120916524902, 0.027836734429, 0.0130247902125, 0.0257156342268, 0.00854104012251, 0.00693961745128, 0.00518578663468, 0.00652026152238, 0.0033678796608, 0.00187978078611, 0.000788197678048, 0.000295256904792, 0.000822076690383, 0.000771918450482, 0.000576024525799, 0.000202902592719, 0.000243678034167, 0.000211386126466, 0.000146146878251, 0.000139060575748, 8.91095332918e-05, 5.34796017746e-05, 2.83398640022e-05, 6.484979167e-06, 1.16636283565e-06, 9.60750767831e-08, 1.14055822564e-08, 4.44770664743e-09, 1.89229698577e-09, 9.45592382173e-10], "dvar": [2.73826985392e-11, 1.72981184932e-08, 4.70461323232e-08, 1.26974404324e-08, 6.07594898838e-08, 1.84062116659e-07, 3.71408006572e-08, 1.8769600274e-07, 9.70520886767e-07, 1.93772606849e-07, 1.69174711573e-07, 2.63675929091e-07, 3.58177089765e-07, 3.41699205819e-07, 1.0179501686e-07, 4.90712253054e-08, 2.94042976634e-08, 2.36470967252e-08, 1.15677654122e-08, 2.84305379239e-09, 9.50915235443e-10, 7.23292259419e-11, 1.56431353981e-10, 2.36877323312e-10, 3.25759780262e-10, 9.42598984977e-11, 3.25382498723e-11, 3.49107028008e-11, 2.11139404571e-11, 1.69404802686e-11, 7.59139019008e-12, 2.23033657515e-12, 3.7966526624e-13, 2.74400948063e-14, 8.0551255685e-16, 7.42196076419e-18, 1.59764597415e-19, 2.4087192476e-20, 3.94891581568e-21, 1.04458653809e-21], "mean": [3.26701820086e-06, 7.25205827621e-05, 0.000133289446239, 0.000104076068965, 0.000236795312958, 0.000197689922061, 8.79670333234e-05, 0.000232117949054, 0.00039799924707, 0.000167524252902, 0.000176223897142, 0.000144196324982, 0.00021388886671, 0.000141694574268, 0.00010336485866, 8.71626034495e-05, 6.94704285706e-05, 4.51356354461e-05, 4.09750646213e-05, 2.65781945927e-05, 1.4368639313e-05, 4.30158706877e-06, 3.48420917362e-06, 5.70067641092e-06, 8.28605971037e-06, 3.83506358048e-06, 1.61487366768e-06, 1.54795486651e-06, 1.59876128691e-06, 1.57139902512e-06, 1.16025512398e-06, 5.99162774506e-07, 2.40559216991e-07, 6.41509743105e-08, 1.03010355801e-08, 1.25912502646e-09, 2.83662454637e-10, 1.37656469557e-10, 7.12928258095e-11, 4.08316019884e-11], "dvar2": [7.94389484748e-11, 4.8727077484e-08, 1.36964416697e-07, 3.15013259922e-08, 1.1935360078e-07, 3.4966643625e-07, 5.64339011078e-08, 3.90737085354e-07, 1.77489778252e-06, 3.03923684442e-07, 3.42496008443e-07, 4.73858335681e-07, 7.85082704624e-07, 8.58408100157e-07, 2.21802451961e-07, 9.71357252411e-08, 5.71228717661e-08, 5.05344530666e-08, 2.34684325306e-08, 6.20975626475e-09, 2.2025059554e-09, 1.54218443571e-10, 3.54042462014e-10, 4.75041561643e-10, 6.75904388014e-10, 2.17394269253e-10, 7.49710640791e-11, 8.14345604838e-11, 4.29147342662e-11, 3.50776317715e-11, 1.63854468188e-11, 4.76542546743e-12, 8.09361963301e-13, 5.62405448547e-14, 1.6384248296e-15, 1.71699931156e-17, 3.51022235496e-19, 4.96703540145e-20, 8.05742659859e-21, 2.4117456462e-21], "min": [1.15853414161e-24, 4.04751169137e-25, 8.92483307148e-25, 1.32524273621e-24, 6.29547980221e-25, 1.69565829071e-24, 1.5936694225e-24, 1.52393717532e-24, 2.22720322105e-24, 1.22488375324e-24, 2.12612154289e-24, 2.51266220315e-24, 2.57128403474e-24, 2.30392980485e-24, 2.55316606912e-24, 1.46798899055e-24, 3.3751260002e-24, 2.93565711193e-24, 2.88861398349e-24, 2.45247980748e-24, 2.73062151304e-24, 1.89099583085e-24, 2.55899318741e-24, 3.43837647315e-24, 4.79566569756e-24, 4.06978744701e-24, 3.54421439093e-24, 3.55838193836e-24, 4.43650442716e-24, 4.15733325812e-24, 4.70364073423e-24, 5.3074687921e-24, 4.49350475515e-24, 4.87324977315e-24, 4.43727198882e-24, 5.70004423829e-24, 5.86851731752e-24, 5.5085865133e-24, 6.2193876598e-24, 5.81288053559e-24], "var": [5.40771247226e-11, 3.38174537262e-08, 8.9085460786e-08, 2.58078376447e-08, 2.36218596683e-07, 8.37609093196e-07, 1.659474691e-07, 3.27455182969e-07, 3.03134834212e-06, 6.55872668176e-07, 3.21121461866e-07, 5.26771657405e-07, 5.38127437721e-07, 3.44294477372e-07, 1.73074312215e-07, 8.74212275903e-08, 6.27543101928e-08, 3.75344377801e-08, 2.61554369274e-08, 5.78503911441e-09, 1.71195724263e-09, 1.57261745293e-10, 2.06579142681e-10, 4.60741778063e-10, 6.43032127545e-10, 1.41625280947e-10, 4.79400026621e-11, 5.21940407561e-11, 3.98829268222e-11, 3.06021596952e-11, 1.26939622008e-11, 3.67236276111e-12, 6.15864943678e-13, 4.68527770563e-14, 1.3069521441e-15, 1.05702962024e-17, 2.82969000827e-19, 5.02581950867e-20, 8.56463856369e-21, 1.97208602398e-21], "median": [3.99995855105e-07, 3.75456238544e-06, 2.05805645237e-05, 4.92893159389e-05, 8.74703691807e-05, 2.77942526736e-05, 1.56069381774e-05, 3.52668284904e-05, 3.86777755921e-05, 1.65585970535e-05, 1.7886130081e-05, 1.04234895844e-05, 2.30424921028e-05, 1.20007080113e-05, 9.18557907426e-06, 1.06821225927e-05, 4.19108800997e-06, 3.18966135637e-06, 2.37899530475e-06, 1.79919061338e-06, 1.11792712687e-06, 6.13169504504e-07, 4.76224386148e-07, 5.58616761737e-07, 6.54164466596e-07, 2.45561807333e-07, 1.41106625051e-07, 1.29096292767e-07, 1.16524240923e-07, 9.45774303318e-08, 6.96600608308e-08, 4.7002011172e-08, 1.98056486767e-08, 6.17685991244e-09, 1.62471458509e-09, 3.96979366046e-10, 1.36828590125e-10, 8.03164063035e-11, 4.81651732387e-11, 3.03046546191e-11]}, "silence_rate_60dB": {"dmean": 0.115007013083, "dmean2": 0.23004335165, "max": 1, "dvar": 0.101782500744, "mean": 0.397373795509, "dvar2": 0.192434743047, "min": 0, "var": 0.239479884505, "median": 0}, "spectral_energyband_middle_high": {"dmean": 0.00340499938466, "dmean2": 0.00444705085829, "max": 0.205343395472, "dvar": 6.34432944935e-05, "mean": 0.00636330898851, "dvar2": 0.000118296993605, "min": 1.09105375231e-21, "var": 0.00017881358508, "median": 0.00147488014773}, "erbbands_skewness": {"dmean": 0.494287252426, "dmean2": 0.698564350605, "max": 4.810090065, "dvar": 0.288489818573, "mean": 0.138060003519, "dvar2": 0.583511531353, "min": -6.00176334381, "var": 1.14675056934, "median": 0.13363955915}, "dynamic_complexity": 5.92232751846, "dissonance": {"dmean": 0.030017606914, "dmean2": 0.0495463050902, "max": 0.500000059605, "dvar": 0.000975447765086, "mean": 0.445657551289, "dvar2": 0.00255025504157, "min": 0.184436708689, "var": 0.00207134825177, "median": 0.457941532135}, "spectral_skewness": {"dmean": 0.564775705338, "dmean2": 0.94589227438, "max": 5.57161617279, "dvar": 0.259989857674, "mean": 1.72906017303, "dvar2": 0.723424434662, "min": -0.997886955738, "var": 1.02492678165, "median": 1.62052750587}, "spectral_kurtosis": {"dmean": 6.21164655685, "dmean2": 10.9252576828, "max": 60.6693878174, "dvar": 43.0155639648, "mean": 9.66711425781, "dvar2": 128.700790405, "min": -1.26248764992, "var": 88.3923492432, "median": 6.72454166412}, "gfcc": {"cov": [[26959.9472656, 4143.41015625, -6066.45019531, -880.723266602, -912.822387695, -1149.70458984, 242.085830688, -1047.61975098, 114.095947266, -458.121612549, -272.784790039, -253.738815308, -213.278137207], [4143.41015625, 2142.20629883, -62.5813713074, -581.179504395, 163.957580566, 12.2432498932, 6.16410017014, 0.969314992428, -122.681617737, -190.599914551, 68.3513565063, -116.432449341, -101.981216431], [-6066.45019531, -62.5813713074, 2189.2199707, 222.739715576, 303.99508667, 395.705841064, -49.0664367676, 326.420532227, -178.878509521, 22.2624607086, 92.6643295288, 4.39208173752, 7.08333683014], [-880.723266602, -581.179504395, 222.739715576, 782.59777832, -51.7915687561, 11.9510536194, -89.8863143921, -65.9465332031, -67.9988250732, 84.2039031982, -80.5452270508, -17.6303253174, 1.23886740208], [-912.822387695, 163.957580566, 303.99508667, -51.7915687561, 471.193847656, 125.276901245, -26.732126236, 99.2751846313, 24.2509059906, 13.5287656784, 69.9712905884, -61.2205619812, -39.8801078796], [-1149.70458984, 12.2432498932, 395.705841064, 11.9510536194, 125.276901245, 242.286697388, 42.1783676147, 66.8289031982, -45.6093063354, 11.397310257, 12.8395681381, -11.8396902084, -28.3540477753], [242.085830688, 6.16410017014, -49.0664367676, -89.8863143921, -26.732126236, 42.1783676147, 242.053970337, 69.2608413696, -17.2681159973, -42.4992294312, 0.952154874802, 4.42167425156, -3.26639676094], [-1047.61975098, 0.969314992428, 326.420532227, -65.9465332031, 99.2751846313, 66.8289031982, 69.2608413696, 207.782821655, 13.0274963379, -6.25910043716, 27.3108234406, -10.5099992752, -25.3549613953], [114.095947266, -122.681617737, -178.878509521, -67.9988250732, 24.2509059906, -45.6093063354, -17.2681159973, 13.0274963379, 173.482055664, 53.3506965637, -13.3160018921, -6.09602308273, -3.13304138184], [-458.121612549, -190.599914551, 22.2624607086, 84.2039031982, 13.5287656784, 11.397310257, -42.4992294312, -6.25910043716, 53.3506965637, 112.3568573, 21.2286624908, -22.0171051025, -12.9049329758], [-272.784790039, 68.3513565063, 92.6643295288, -80.5452270508, 69.9712905884, 12.8395681381, 0.952154874802, 27.3108234406, -13.3160018921, 21.2286624908, 90.6833724976, 17.3761825562, -17.5088768005], [-253.738815308, -116.432449341, 4.39208173752, -17.6303253174, -61.2205619812, -11.8396902084, 4.42167425156, -10.5099992752, -6.09602308273, -22.0171051025, 17.3761825562, 101.282402039, 58.0496330261], [-213.278137207, -101.981216431, 7.08333683014, 1.23886740208, -39.8801078796, -28.3540477753, -3.26639676094, -25.3549613953, -3.13304138184, -12.9049329758, -17.5088768005, 58.0496330261, 99.5745162964]], "mean": [-193.17199707, 157.180999756, -188.792190552, 5.24769926071, -61.0567398071, -30.3872852325, -11.2847146988, -37.4746856689, -15.7633705139, -13.7967891693, -16.9069538116, -8.47243404388, -9.19125080109], "icov": [[0.000839979504235, -0.00188463856466, 0.00213108956814, -0.00122631469276, 0.000654676987324, 0.00021892915538, -0.000848549476359, 0.000520786619745, -0.000561122898944, 0.000721595948562, -0.000319595914334, 0.000327659246977, -9.4165925475e-06], [-0.00188463856466, 0.00512385601178, -0.00478637171909, 0.00327171944082, -0.00142340152524, -0.000620353734121, 0.00230344082229, -0.000856834696606, 0.00152918370441, 7.82734568929e-05, -0.000267243100097, 0.000924735504668, 9.36038122745e-05], [0.00213108956814, -0.00478637171909, 0.00661164335907, -0.00365775870159, 0.00198815832846, -0.00122807780281, -0.00108683470171, -0.00060476269573, -0.00103328272235, 0.00260346592404, -0.00263269199058, 0.00193990732078, -0.00179432565346], [-0.00122631469276, 0.00327171944082, -0.00365775870159, 0.00479775667191, -0.00210776552558, 0.001436580671, 0.00108979514334, 0.000250670069363, 0.00396553101018, -0.00507637066767, 0.00608080206439, -0.00300065078773, 0.00287455297075], [0.000654676987324, -0.00142340152524, 0.00198815832846, -0.00210776552558, 0.00538609642535, -0.00338963815011, 0.00104943406768, -0.000939405814279, -0.00395482080057, 0.00586381554604, -0.00839738268405, 0.00714594731107, -0.0041905590333], [0.00021892915538, -0.000620353734121, -0.00122807780281, 0.001436580671, -0.00338963815011, 0.0100411074236, -0.00331129878759, 0.00175047828816, 0.00414026202634, -0.0071160858497, 0.00932042114437, -0.00719467084855, 0.00678304908797], [-0.000848549476359, 0.00230344082229, -0.00108683470171, 0.00108979514334, 0.00104943406768, -0.00331129878759, 0.0074299890548, -0.00377091695555, 0.000225069306907, 0.00350411841646, -0.00338150723837, 0.00313219567761, -0.00259307352826], [0.000520786619745, -0.000856834696606, -0.00060476269573, 0.000250670069363, -0.000939405814279, 0.00175047828816, -0.00377091695555, 0.0100363548845, -0.00213330169208, 0.000731855456252, 0.000934185343795, -0.000946540036239, 0.00357573246583], [-0.000561122898944, 0.00152918370441, -0.00103328272235, 0.00396553101018, -0.00395482080057, 0.00414026202634, 0.000225069306907, -0.00213330169208, 0.0141115672886, -0.0124379778281, 0.0123226260766, -0.00792181491852, 0.00506468629465], [0.000721595948562, 7.82734568929e-05, 0.00260346592404, -0.00507637066767, 0.00586381554604, -0.0071160858497, 0.00350411841646, 0.000731855456252, -0.0124379778281, 0.0294080227613, -0.0228279829025, 0.0183499064296, -0.00916444510221], [-0.000319595914334, -0.000267243100097, -0.00263269199058, 0.00608080206439, -0.00839738268405, 0.00932042114437, -0.00338150723837, 0.000934185343795, 0.0123226260766, -0.0228279829025, 0.0382754839957, -0.0240728110075, 0.0167644768953], [0.000327659246977, 0.000924735504668, 0.00193990732078, -0.00300065078773, 0.00714594731107, -0.00719467084855, 0.00313219567761, -0.000946540036239, -0.00792181491852, 0.0183499064296, -0.0240728110075, 0.0329915247858, -0.0191140230745], [-9.4165925475e-06, 9.36038122745e-05, -0.00179432565346, 0.00287455297075, -0.0041905590333, 0.00678304908797, -0.00259307352826, 0.00357573246583, 0.00506468629465, -0.00916444510221, 0.0167644768953, -0.0191140230745, 0.0243513714522]]}, "spectral_complexity": {"dmean": 2.77444863319, "dmean2": 3.81331300735, "max": 53, "dvar": 10.3711223602, "mean": 10.1064510345, "dvar2": 16.5533790588, "min": 0, "var": 60.4055137634, "median": 9}, "spectral_flux": {"dmean": 0.0210151169449, "dmean2": 0.0308513976634, "max": 0.457351565361, "dvar": 0.000700432807207, "mean": 0.0554729700089, "dvar2": 0.00148289720528, "min": 6.36982966373e-11, "var": 0.00261445879005, "median": 0.0405498556793}, "spectral_energyband_low": {"dmean": 0.000309592462145, "dmean2": 0.000518242479302, "max": 0.0195555612445, "dvar": 7.46704813537e-07, "mean": 0.00046644199756, "dvar2": 2.19661887968e-06, "min": 6.44759328677e-24, "var": 1.31603110276e-06, "median": 3.30836337525e-05}, "spectral_decrease": {"dmean": 1.33207933573e-09, "dmean2": 1.73131553538e-09, "max": 1.80543112815e-28, "dvar": 6.59217453271e-18, "mean": -3.07295389135e-09, "dvar2": 1.11203564205e-17, "min": -5.42076783461e-08, "var": 2.61197564711e-17, "median": -1.16599452316e-09}, "barkbands_spread": {"dmean": 3.96463418007, "dmean2": 6.01132202148, "max": 67.6705093384, "dvar": 34.0241470337, "mean": 12.6582727432, "dvar2": 78.6673355103, "min": 0.804852485657, "var": 80.1048355103, "median": 10.1545677185}, "spectral_rms": {"dmean": 0.00069883064134, "dmean2": 0.000841008033603, "max": 0.0149097517133, "dvar": 7.75165005962e-07, "mean": 0.00272374157794, "dvar2": 1.08300855572e-06, "min": 3.1196269526e-12, "var": 4.96849270348e-06, "median": 0.00215772772208}, "spectral_centroid": {"dmean": 256.292053223, "dmean2": 371.309265137, "max": 11817.6699219, "dvar": 162260.046875, "mean": 1366.44604492, "dvar2": 304947.875, "min": 258.909515381, "var": 2598563, "median": 939.757995605}, "barkbands_skewness": {"dmean": 0.623194515705, "dmean2": 0.901955902576, "max": 7.41791391373, "dvar": 0.516320168972, "mean": 0.753624081612, "dvar2": 1.00057661533, "min": -6.54057598114, "var": 1.76986205578, "median": 0.706584453583}, "spectral_rolloff": {"dmean": 340.049987793, "dmean2": 554.105712891, "max": 19767.4804688, "dvar": 438041.6875, "mean": 1777.14233398, "dvar2": 892366, "min": 21.533203125, "var": 7343373.5, "median": 1119.7265625}, "erbbands_spread": {"dmean": 6.07715892792, "dmean2": 9.13399124146, "max": 100.914802551, "dvar": 64.4281082153, "mean": 19.994758606, "dvar2": 141.969955444, "min": 0.476244807243, "var": 167.532348633, "median": 16.8766403198}, "barkbands": {"dmean": [4.64497446728e-07, 1.33539524541e-05, 0.00018297196948, 0.000178754955414, 0.000374567491235, 0.000482596457005, 0.000295032252325, 0.00137013837229, 0.000782200950198, 0.000849133066367, 0.00124743022025, 0.000848970143124, 0.000710494816303, 0.000496097956784, 0.000347170454916, 0.000210270489333, 5.24359602423e-05, 7.47259400669e-05, 0.000100732686406, 3.6895962694e-05, 4.33118184446e-05, 1.49762672663e-05, 8.50676656228e-07, 8.02957345059e-09, 1.31607624798e-09, 6.31029339893e-10, 5.67508928739e-10], "dmean2": [8.64364096742e-07, 2.24758714467e-05, 0.00030456262175, 0.000300136511214, 0.000552829122171, 0.000688881322276, 0.000430526823038, 0.00196292204782, 0.0010649934411, 0.00113519141451, 0.00184260227252, 0.00130028475542, 0.00102840934414, 0.000704664620571, 0.00048603839241, 0.000309797585942, 7.96042368165e-05, 0.000108134481707, 0.000153515400598, 5.61673186894e-05, 6.31200528005e-05, 2.21693626372e-05, 1.29672639559e-06, 1.2059732768e-08, 2.0788641919e-09, 1.11658571278e-09, 1.04187658501e-09], "max": [6.37431685391e-06, 0.000609670300037, 0.0123662482947, 0.00845740735531, 0.0145087027922, 0.093876183033, 0.0417493507266, 0.136543095112, 0.122742317617, 0.16327868402, 0.128101021051, 0.178284659982, 0.0673896372318, 0.0710627436638, 0.0425336919725, 0.0128719555214, 0.0109445396811, 0.012019068934, 0.00562273105606, 0.00550524005666, 0.00547995977104, 0.00232898141257, 0.000127435632749, 6.19691945758e-07, 8.82555326598e-08, 2.62171422349e-08, 2.59812402703e-08], "dvar": [1.76446178632e-13, 1.14374809623e-09, 2.65738890448e-07, 2.07524848861e-07, 4.46870330961e-07, 3.77395281248e-06, 8.59458168634e-07, 1.95045722649e-05, 1.33448138513e-05, 1.00894894786e-05, 2.19497360376e-05, 1.92563857127e-05, 7.02538818587e-06, 3.25210089613e-06, 2.01833449864e-06, 3.20367007589e-07, 4.05727362818e-08, 7.89936649426e-08, 9.13420166171e-08, 2.86439227892e-08, 2.40404194329e-08, 3.02026958998e-09, 1.01083030835e-11, 5.06167142824e-16, 8.55534296e-18, 1.94410170737e-18, 2.08936744424e-18], "mean": [2.11877045331e-06, 1.96622495423e-05, 0.000262555811787, 0.000257553037954, 0.000724576239008, 0.00108842528425, 0.000424166617449, 0.00189216062427, 0.00131163129117, 0.00127609097399, 0.00148937990889, 0.000985252903774, 0.000946245447267, 0.000709692074452, 0.000527284108102, 0.000321861618431, 7.40005634725e-05, 0.0001102113456, 0.000139431125717, 4.8885907745e-05, 6.26416222076e-05, 2.1921872758e-05, 1.19698449907e-06, 1.7742506131e-08, 4.09975298155e-09, 1.68913250054e-09, 1.01702735122e-09], "dvar2": [5.98361529595e-13, 3.25767968157e-09, 7.54972916184e-07, 6.09129358509e-07, 9.78789785222e-07, 7.30356396161e-06, 1.45389947193e-06, 3.77090473194e-05, 2.19909561565e-05, 1.89338188648e-05, 4.98617228004e-05, 4.72608517157e-05, 1.5069879737e-05, 6.03083208262e-06, 4.16234979639e-06, 7.03143598457e-07, 9.77803296109e-08, 1.58473369538e-07, 2.04719597718e-07, 6.55727632193e-08, 4.80445976336e-08, 6.57254073388e-09, 2.04469462195e-11, 1.07514866083e-15, 1.9576392212e-17, 6.10069524559e-18, 6.74106414784e-18], "min": [1.193561464e-25, 2.81194794477e-24, 1.12919213977e-25, 5.3753593449e-25, 4.72193402419e-24, 7.35662492356e-24, 6.96583900833e-24, 3.85049082067e-24, 1.16741774092e-23, 1.69021968641e-23, 1.87587178957e-23, 2.03872092163e-23, 1.40017793521e-23, 3.13754720684e-23, 3.02118769897e-23, 4.36093983548e-23, 3.61767887711e-23, 8.25813106397e-23, 1.27175952089e-22, 1.29947819983e-22, 2.11551656231e-22, 2.94287754002e-22, 3.50383892786e-22, 5.9763102535e-22, 8.93139582623e-22, 1.2379367751e-21, 1.99219503509e-21], "var": [1.30052457518e-12, 2.27963248278e-09, 4.90283582621e-07, 3.6630083855e-07, 1.19806270504e-06, 1.71073934325e-05, 2.45652950071e-06, 3.9263144572e-05, 4.58393587905e-05, 2.05998840102e-05, 2.91158794425e-05, 2.02466671908e-05, 1.14248050522e-05, 6.66246478431e-06, 4.25912367064e-06, 7.01826763816e-07, 5.75047742757e-08, 1.49097445501e-07, 1.61082809313e-07, 4.46547332444e-08, 4.60669511426e-08, 4.83917661498e-09, 1.71875135652e-11, 9.80809095779e-16, 1.71913360297e-17, 2.13112248758e-18, 1.72678068094e-18], "median": [1.97803092306e-06, 1.68563269654e-06, 1.03010770545e-05, 3.28620153596e-05, 0.000367464061128, 0.000169740640558, 7.11996108294e-05, 0.00023233689717, 0.000101687561255, 0.000108106542029, 0.000143495388329, 7.71038758103e-05, 0.00010573065083, 4.11520668422e-05, 3.33450807375e-05, 2.2280120902e-05, 1.08991971501e-05, 1.16908740893e-05, 1.10519513328e-05, 4.24752761319e-06, 4.2146702981e-06, 1.79219978236e-06, 1.40479443189e-07, 8.89680951133e-09, 3.05893421704e-09, 1.32503719108e-09, 6.85595913374e-10]}, "melbands_kurtosis": {"dmean": 4.28229427338, "dmean2": 6.63821601868, "max": 172.551132202, "dvar": 94.8431243896, "mean": 5.22911691666, "dvar2": 222.242355347, "min": -1.9294615984, "var": 148.911392212, "median": 1.67150640488}, "erbbands_crest": {"dmean": 3.54363441467, "dmean2": 5.53959417343, "max": 34.3514709473, "dvar": 11.2271795273, "mean": 12.2167692184, "dvar2": 26.0842533112, "min": 2.66102313995, "var": 31.1834583282, "median": 11.0773630142}, "melbands_skewness": {"dmean": 0.712585330009, "dmean2": 1.04586398602, "max": 10.475812912, "dvar": 0.749609172344, "mean": 1.30526936054, "dvar2": 1.53454637527, "min": -4.29088592529, "var": 2.09730601311, "median": 1.08870565891}, "spectral_energyband_middle_low": {"dmean": 0.00277249910869, "dmean2": 0.00380455073901, "max": 0.180902943015, "dvar": 3.63942344848e-05, "mean": 0.00623253872618, "dvar2": 6.7084125476e-05, "min": 1.56674263369e-22, "var": 0.000143113793456, "median": 0.00236202869564}, "spectral_contrast_coeffs": {"dmean": [0.0498257093132, 0.0504297763109, 0.0444108471274, 0.0369910895824, 0.0289780627936, 0.0309615302831], "dmean2": [0.0799335539341, 0.0760979726911, 0.0649586170912, 0.0545299649239, 0.0423113331199, 0.0443103611469], "max": [-0.289252489805, -0.298512071371, -0.404027223587, -0.495297253132, -0.599662899971, -0.3883715868], "dvar": [0.00168065272737, 0.00215825112537, 0.00157692015637, 0.00111262686551, 0.000758197915275, 0.000993577530608], "mean": [-0.559781074524, -0.721154808998, -0.747732639313, -0.770541787148, -0.800531327724, -0.636245310307], "dvar2": [0.00404609413818, 0.00453088758513, 0.00311111751944, 0.00220774300396, 0.00143017293885, 0.00176674348768], "min": [-0.982889652252, -0.978085637093, -0.98455953598, -0.984060227871, -0.981558144093, -0.979495286942], "var": [0.010321401991, 0.0109023712575, 0.00793494656682, 0.00558992940933, 0.00381194264628, 0.00918682757765], "median": [-0.550982654095, -0.733898699284, -0.7493891716, -0.770208120346, -0.800291717052, -0.645716071129]}, "spectral_contrast_valleys": {"dmean": [0.494873374701, 0.421709477901, 0.456546962261, 0.455908477306, 0.339830219746, 0.210990816355], "dmean2": [0.813620746136, 0.633777439594, 0.628151714802, 0.607454001904, 0.451179027557, 0.35066485405], "max": [-6.93823003769, -5.07586622238, -4.38822650909, -5.31192016602, -5.62785196304, -11.8320178986], "dvar": [0.172607704997, 0.184042155743, 0.210473820567, 0.21651263535, 0.137106031179, 0.0635574758053], "mean": [-10.1344928741, -7.99938631058, -8.41808891296, -8.84069728851, -9.2066488266, -14.0972929001], "dvar2": [0.413643240929, 0.338012516499, 0.341074764729, 0.346188247204, 0.208948597312, 0.14173194766], "min": [-28.0051879883, -27.9681472778, -27.8670330048, -27.7373352051, -27.5864810944, -27.4003944397], "var": [7.70445632935, 9.32967090607, 9.16428565979, 8.87341785431, 8.08763027191, 4.01683282852], "median": [-9.86883068085, -7.42319965363, -7.90202760696, -8.49089431763, -8.91377067566, -13.9253978729]}, "silence_rate_20dB": {"dmean": 0, "dmean2": 0, "max": 1, "dvar": 0, "mean": 1, "dvar2": 0, "min": 1, "var": 0, "median": 1}, "silence_rate_30dB": {"dmean": 0.007650133688, "dmean2": 0.0153022184968, "max": 1, "dvar": 0.00759127549827, "mean": 0.988653719425, "dvar2": 0.0173634514213, "min": 0, "var": 0.011217768304, "median": 1}, "spectral_strongpeak": {"dmean": 0.68876606226, "dmean2": 1.03412950039, "max": 16.6239929199, "dvar": 1.09119033813, "mean": 1.24441790581, "dvar2": 2.32027459145, "min": 0, "var": 2.82815504074, "median": 0.518124520779}, "spectral_spread": {"dmean": 362308.09375, "dmean2": 565274.5625, "max": 42678176, "dvar": 400303882240, "mean": 3178972.25, "dvar2": 780188516352, "min": 993814.4375, "var": 31942883934200.0, "median": 2215403}, "barkbands_flatness_db": {"dmean": 0.0238327737898, "dmean2": 0.0346465148032, "max": 0.414972275496, "dvar": 0.000499816203956, "mean": 0.228565335274, "dvar2": 0.00100272009149, "min": 0.0339705385268, "var": 0.00280058011413, "median": 0.233086839318}, "pitch_salience": {"dmean": 0.0766422152519, "dmean2": 0.120231091976, "max": 0.889956235886, "dvar": 0.00510592991486, "mean": 0.585480213165, "dvar2": 0.0116888545454, "min": 0.10214214772, "var": 0.015364587307, "median": 0.591470241547}, "erbbands_kurtosis": {"dmean": 1.82543504238, "dmean2": 2.74943637848, "max": 98.3067703247, "dvar": 12.2356491089, "mean": 1.95462763309, "dvar2": 26.0431900024, "min": -1.80158686638, "var": 20.9385070801, "median": 0.618543863297}, "average_loudness": 0.634787857533, "barkbands_crest": {"dmean": 2.85927343369, "dmean2": 4.55721664429, "max": 25.7873401642, "dvar": 7.17931938171, "mean": 10.4049968719, "dvar2": 16.8914260864, "min": 3.06503105164, "var": 19.2843132019, "median": 9.28016471863}, "hfc": {"dmean": 5.56154680252, "dmean2": 7.04873371124, "max": 256.506500244, "dvar": 127.210830688, "mean": 12.1160449982, "dvar2": 210.281433105, "min": 1.04854671762e-16, "var": 481.849731445, "median": 3.67450237274}, "barkbands_kurtosis": {"dmean": 2.5239276886, "dmean2": 3.90043020248, "max": 69.0723342896, "dvar": 22.0893535614, "mean": 2.80012083054, "dvar2": 49.630897522, "min": -1.88420212269, "var": 38.7762145996, "median": 0.786958932877}, "erbbands": {"dmean": [0.000103063415736, 0.00534214172512, 0.126589000225, 0.554797947407, 0.523994982243, 1.40397107601, 3.42812466621, 4.18949365616, 3.37771558762, 12.6043844223, 30.8987674713, 16.6716918945, 23.192779541, 25.7467308044, 55.0686798096, 30.2970466614, 32.631855011, 24.6728115082, 18.9781360626, 15.2248477936, 8.89665031433, 2.62805628777, 3.29429125786, 6.39127588272, 2.72725844383, 1.7709416151, 1.85040915012, 1.51833438873, 0.633215487003, 0.136791869998, 0.013281817548, 0.000790753401816, 0.000114663562272, 3.07593800244e-05, 1.33677121994e-05, 6.44017018203e-06, 3.19065884469e-06, 1.15119257771e-06, 3.06438323605e-06, 6.61598414808e-06], "dmean2": [0.00016835196584, 0.00883138738573, 0.211983650923, 0.934932172298, 0.834732949734, 2.07525444031, 4.93253183365, 6.10676670074, 4.75223922729, 18.9107170105, 43.3508453369, 22.1778964996, 31.2209968567, 34.0429420471, 79.5107040405, 43.8315544128, 46.4448890686, 34.1616477966, 26.8277664185, 21.3304519653, 12.9445590973, 3.7408015728, 4.71343326569, 9.44030666351, 4.1522102356, 2.67527961731, 2.69500231743, 2.23631048203, 0.923016130924, 0.200131103396, 0.019416725263, 0.00112378573976, 0.000160771451192, 4.33620734839e-05, 1.88556314242e-05, 8.73931548995e-06, 4.19760317527e-06, 1.51698077389e-06, 3.91917410525e-06, 8.53656092659e-06], "max": [0.00414283107966, 0.241665229201, 8.65858840942, 30.8062477112, 36.9121246338, 64.9498672485, 291.846374512, 1095.26452637, 1012.98449707, 787.256896973, 4215.34033203, 3260.29345703, 2479.66748047, 6362.72314453, 4071.50292969, 5007.08789063, 3746.8137207, 2846.85571289, 3310.94213867, 2735.47167969, 567.268493652, 401.833526611, 621.975402832, 647.274353027, 179.543334961, 260.224334717, 236.493637085, 176.82194519, 88.6352157593, 22.1439933777, 2.08250212669, 0.0842763632536, 0.00893862731755, 0.00233306526206, 0.000802621478215, 0.000217654480366, 0.000112165726023, 4.27748454968e-05, 0.000127949359012, 0.000276492908597], "dvar": [5.36909574578e-08, 0.000169125079992, 0.11965816468, 2.3281750679, 1.38744652271, 6.74119758606, 73.6569366455, 463.208984375, 176.738952637, 937.40838623, 13168.1474609, 5600.3984375, 6515.78955078, 16160.7246094, 37625.9921875, 20525.0976563, 14533.6083984, 6937.1640625, 6774.36816406, 3271.56030273, 612.765014648, 64.0976409912, 167.468536377, 377.499847412, 75.9704589844, 70.5382232666, 50.3643722534, 26.2916240692, 4.94587802887, 0.249298870564, 0.00254256464541, 6.79416098137e-06, 9.66075646147e-08, 5.56513501948e-09, 7.71080421735e-10, 1.40473369048e-10, 3.36111624644e-11, 4.71289110168e-12, 3.43888147125e-11, 1.62681923488e-10], "mean": [0.000193983592908, 0.00894169788808, 0.188540995121, 0.803209841251, 0.878869533539, 2.55065846443, 7.32064390182, 8.92987251282, 5.91115808487, 17.6685333252, 46.5673713684, 30.028886795, 35.8425636292, 37.6945953369, 70.8678512573, 39.8146286011, 46.3887519836, 37.81980896, 28.5831108093, 24.7469272614, 14.333571434, 4.37416219711, 5.1585893631, 9.43684005737, 3.87003135681, 2.40043210983, 2.62200760841, 2.17712688446, 0.943815112114, 0.210172429681, 0.0211888179183, 0.00152791105211, 0.000272180594038, 8.65318870638e-05, 4.02964469686e-05, 1.89276452147e-05, 8.82100084709e-06, 2.90219418275e-06, 7.16769045539e-06, 1.52306238306e-05], "dvar2": [1.45600992596e-07, 0.000466660916572, 0.339580982924, 6.97598695755, 3.53012228012, 14.8270235062, 143.21182251, 869.448852539, 256.587280273, 1992.30578613, 24767.6855469, 8997.03222656, 13195.140625, 30047.2246094, 81412.09375, 48052.2539063, 30413.3398438, 13216.6611328, 14494.8242188, 6801.85351563, 1329.52661133, 132.942626953, 352.698730469, 764.350402832, 169.047836304, 159.993942261, 100.798034668, 54.9834709167, 10.101190567, 0.510426104069, 0.00492099300027, 1.30584721774e-05, 1.77113761879e-07, 1.06476329975e-08, 1.4805588977e-09, 2.55845261643e-10, 5.82234191415e-11, 8.09346773628e-12, 5.63783360275e-11, 2.71420969034e-10], "min": [7.48745876686e-23, 5.53065508646e-22, 8.96833218708e-22, 2.57108837988e-21, 1.034173352e-20, 1.78045230791e-20, 1.41421712235e-20, 7.60983092965e-20, 1.18081143966e-19, 1.61926343473e-19, 2.4850813952e-19, 2.39776653618e-19, 4.93774403123e-19, 7.40518295643e-19, 7.73237373074e-19, 1.21840705699e-18, 1.25407560199e-18, 2.04108718663e-18, 2.48030561623e-18, 2.78170190051e-18, 3.11023115645e-18, 3.12884954447e-18, 3.28190132565e-18, 6.94685469012e-18, 6.98243090109e-18, 6.38521435704e-18, 8.28597986533e-18, 8.62895789861e-18, 1.05005185546e-17, 1.00006384212e-17, 9.75437765384e-18, 1.06097345196e-17, 9.0650028498e-18, 8.07296927707e-18, 6.34152515863e-18, 4.10314422897e-18, 2.22754507043e-18, 9.52705477303e-19, 2.60822403148e-19, 2.59062466535e-20], "var": [1.53680048243e-07, 0.00039455620572, 0.226757913828, 3.79960656166, 3.23263216019, 14.717045784, 289.977783203, 1970.07788086, 821.661560059, 1664.78674316, 35301.9375, 19989.09375, 12457.4638672, 31070.7539063, 57612.2304688, 25486.6464844, 24792.0136719, 16040.1103516, 12174.4013672, 6852.21923828, 1398.45129395, 142.878189087, 319.264282227, 779.086242676, 128.222961426, 111.78553772, 98.0529022217, 46.9243583679, 8.80973625183, 0.440608203411, 0.00463368277997, 1.3564595065e-05, 2.32768243791e-07, 1.41105935825e-08, 2.27858398816e-09, 5.23621257464e-10, 1.35577257754e-10, 1.82726698356e-11, 1.39009831424e-10, 6.4587774018e-10], "median": [3.27481102431e-05, 0.000877142476384, 0.0111079793423, 0.0834486037493, 0.30018389225, 1.26737165451, 2.13037586212, 1.20847606659, 1.35555994511, 3.0550968647, 5.27175426483, 3.44376087189, 4.25865840912, 3.69406175613, 7.08133411407, 4.38504743576, 5.92501974106, 3.48147892952, 2.10018348694, 1.61317682266, 1.14537203312, 0.674199521542, 0.65438246727, 0.84357303381, 0.363216936588, 0.224548846483, 0.199903875589, 0.140458196402, 0.077545106411, 0.0196521766484, 0.00297869835049, 0.000415638613049, 0.000125211605337, 4.97150504088e-05, 2.44221482717e-05, 1.06294373836e-05, 4.51468713436e-06, 1.26587588056e-06, 2.74192643701e-06, 5.71945474803e-06]}, "spectral_energy": {"dmean": 0.00551384035498, "dmean2": 0.00714437384158, "max": 0.227858200669, "dvar": 0.000113275753392, "mean": 0.0126969590783, "dvar2": 0.000190265564015, "min": 9.97537409577e-21, "var": 0.000448507751571, "median": 0.00477218441665}, "zerocrossingrate": {"dmean": 0.00827911589295, "dmean2": 0.00956475827843, "max": 0.52490234375, "dvar": 0.000179215043318, "mean": 0.0581485442817, "dvar2": 0.000275466532912, "m