{"metadata": {"audio_properties": {"downmix": "mix", "bit_rate": 0, "lossless": true, "md5_encoded": "46c551e104a897feacd802502f2a6a7f", "analysis_sample_rate": 44100, "sample_rate": 44100, "replay_gain": -7.88667678833, "equal_loudness": 0, "codec": "flac", "length": 121.115280151}, "tags": {"releasestatus": ["official"], "musicbrainz_albumid": ["984b18d5-fdbf-4b3a-9cca-18823bee3059"], "musicbrainz_recordingid": ["7f319c28-33c3-48c3-b185-42a2c3aace64"], "tracknumber": ["7"], "artist": ["John Surman"], "acoustid_id": ["e3dfd577-b0dc-403e-84f3-218a47f9a962"], "album": ["Road To Saint Ives"], "originaldate": ["1990"], "musicbrainz_releasegroupid": ["ca53acf4-a5d7-3d3e-a86b-16799af5176d"], "releasetype": ["album"], "media": ["CD"], "musicbrainz_albumartistid": ["4da58868-23ff-4839-b7f3-e79b00cf6d6f"], "file_name": "(07) [John Surman] Perranporth.flac", "catalognumber": ["ECM 1418"], "musicbrainz_artistid": ["4da58868-23ff-4839-b7f3-e79b00cf6d6f"], "albumartistsort": ["Surman, John"], "script": ["Latn"], "label": ["ECM"], "releasecountry": ["DE"], "date": ["1990"], "title": ["Perranporth"], "discnumber": ["1"], "artistsort": ["Surman, John"], "disctotal": ["1"], "genre": ["ECM"], "tracktotal": ["12"], "albumartist": ["John Surman"]}, "version": {"essentia_build_sha": "2d9f1f26377add8aeb1075a9c2973f962c4f09fd", "essentia_git_sha": "v2.1_beta2-1-ge3940c0", "extractor": "music 1.0", "essentia": "2.1-beta2"}}, "tonal": {"chords_scale": "major", "hpcp": {"dmean": [0.0241927374154, 0.0280802529305, 0.0325523875654, 0.0485098101199, 0.0501661300659, 0.0603873766959, 0.0673524960876, 0.0584474764764, 0.0442935191095, 0.0406339429319, 0.0382516458631, 0.0539030022919, 0.0667140036821, 0.0720693692565, 0.0666334480047, 0.054395288229, 0.0595053099096, 0.0756669119, 0.0941640436649, 0.094388820231, 0.0751325264573, 0.0537910275161, 0.0372778996825, 0.0226850546896, 0.0254076030105, 0.0448799319565, 0.0801997259259, 0.0982597097754, 0.0931011512876, 0.0805620104074, 0.0743689462543, 0.067499473691, 0.0622843652964, 0.0742004290223, 0.0738181173801, 0.0437108241022], "dvar2": [0.0221524890512, 0.0296149998903, 0.0297429095954, 0.0559514053166, 0.0501181222498, 0.0669950768352, 0.0719370990992, 0.0607865191996, 0.0390865951777, 0.0403133146465, 0.0327926315367, 0.0482534691691, 0.0725969150662, 0.0621914602816, 0.0558992698789, 0.050721898675, 0.0541451387107, 0.0595105178654, 0.0910112932324, 0.0751792714, 0.0687298029661, 0.0538869127631, 0.0397461429238, 0.0220216847956, 0.0238644238561, 0.0358943156898, 0.0647492259741, 0.0898948833346, 0.0879957824945, 0.0810132622719, 0.0879732742906, 0.0616394728422, 0.0572906062007, 0.0803504511714, 0.075704716146, 0.0328764915466], "mean": [0.0416862294078, 0.0297546908259, 0.031214337796, 0.059737060219, 0.0705689638853, 0.0753007903695, 0.0829527378082, 0.0618802048266, 0.0514043904841, 0.0488666445017, 0.0387493483722, 0.0871426388621, 0.11556352675, 0.0840739905834, 0.137765809894, 0.16623416543, 0.0928828790784, 0.105709157884, 0.160580545664, 0.12736736238, 0.101631194353, 0.0903838500381, 0.0402016676962, 0.0210527293384, 0.0381483957171, 0.0628901049495, 0.120582796633, 0.133292526007, 0.0881133452058, 0.11783054471, 0.134559035301, 0.0767593681812, 0.0772762298584, 0.125625640154, 0.0981304273009, 0.0481104962528], "var": [0.027468143031, 0.0143283642828, 0.0122562702745, 0.0336295999587, 0.0413059331477, 0.0404714047909, 0.0476127117872, 0.0323719903827, 0.0256128367037, 0.0263344980776, 0.0133240660653, 0.0500886142254, 0.0746973529458, 0.0335358865559, 0.0796370431781, 0.113445654511, 0.0403253249824, 0.0473928526044, 0.0910350605845, 0.0559201352298, 0.0561680421233, 0.0601521357894, 0.0209818817675, 0.00887405965477, 0.0255188327283, 0.0310594718903, 0.0636499971151, 0.0718753933907, 0.0362073741853, 0.0667933747172, 0.0883565917611, 0.0356945358217, 0.038447484374, 0.0783358365297, 0.0535131469369, 0.0178072806448], "dmean2": [0.0417141728103, 0.0489055849612, 0.0574774518609, 0.0861580818892, 0.0857434049249, 0.102640837431, 0.11558496207, 0.100147649646, 0.0758983567357, 0.0699668601155, 0.0663522705436, 0.0889205858111, 0.117293097079, 0.121528677642, 0.109411537647, 0.0912068411708, 0.100731082261, 0.128715068102, 0.160412833095, 0.15872515738, 0.128560468554, 0.0934348627925, 0.0662837997079, 0.0395021438599, 0.0434332117438, 0.0772464126348, 0.133492141962, 0.16665494442, 0.163874074817, 0.141318395734, 0.133327797055, 0.116737097502, 0.106509715319, 0.129204392433, 0.124995037913, 0.0742020830512], "dvar": [0.00941224768758, 0.0109285404906, 0.0105235874653, 0.021255582571, 0.0199968945235, 0.025132169947, 0.0296111255884, 0.0243117511272, 0.0150067321956, 0.0155644807965, 0.0122636305168, 0.0202841255814, 0.0305930376053, 0.0240383464843, 0.0246650055051, 0.0214322973043, 0.0197933465242, 0.0240559224039, 0.0393380187452, 0.0321317799389, 0.0288464836776, 0.0249291956425, 0.0151532310992, 0.00825410801917, 0.0100055756047, 0.0147419692948, 0.028148362413, 0.0396937653422, 0.0340383760631, 0.0308897737414, 0.0349879451096, 0.0242567081004, 0.0222508218139, 0.0331201404333, 0.0310238506645, 0.0125017473474], "min": [0, 0, 0, 0, 0, 0, 0, 0, 0, 0, 0, 0, 0, 0, 0, 0, 0, 0, 0, 0, 0, 0, 0, 0, 0, 0, 0, 0, 0, 0, 0, 0, 0, 0, 0, 0], "median": [0.000795141037088, 0.00111604377162, 0.00125998654403, 0.00157163327094, 0.00267323991284, 0.00231991312467, 0.00192917196546, 0.000969908956904, 0.000486951437779, 0.000409443484386, 0.00136831402779, 0.00169382209424, 0.00209127552807, 0.00500637711957, 0.00272837234661, 0.00276758475229, 0.00449237506837, 0.00616171909496, 0.0106481164694, 0.014368776232, 0.00387601344846, 0.000691843277309, 0.000558890693355, 0.00029013416497, 0.000241367830313, 0.00138056115247, 0.0048374356702, 0.00606176257133, 0.00755670247599, 0.00348290498368, 0.00195369287394, 0.00183363072574, 0.00140759861097, 0.00144947646186, 0.00237470725551, 0.00200050580315], "max": [1, 1, 1, 1, 1, 1, 1, 1, 1, 1, 1, 1, 1, 1, 1, 1, 1, 1, 1, 1, 1, 1, 1, 1, 1, 1, 1, 1, 1, 1, 1, 1, 1, 1, 1, 1]}, "tuning_equal_tempered_deviation": 0.104239828885, "chords_key": "D", "chords_strength": {"dmean": 0.00902283284813, "dvar2": 0.00155939289834, "mean": 0.461498916149, "var": 0.0518071576953, "dmean2": 0.00967855844647, "dvar": 0.000844785943627, "min": -1, "median": 0.491090476513, "max": 0.766467690468}, "tuning_diatonic_strength": 0.34048897028, "thpcp": [1, 0.55874723196, 0.635905146599, 0.965990006924, 0.766192436218, 0.611373662949, 0.543714046478, 0.241837576032, 0.12664501369, 0.22948589921, 0.378322392702, 0.725379168987, 0.801835954189, 0.530055582523, 0.708822667599, 0.809454739094, 0.461754471064, 0.464863717556, 0.755714952946, 0.59031444788, 0.289414018393, 0.250768125057, 0.178992629051, 0.187773302197, 0.359354883432, 0.424515396357, 0.452980220318, 0.499011367559, 0.372247219086, 0.309228807688, 0.293962717056, 0.233100995421, 0.524216175079, 0.695185184479, 0.505756378174, 0.828745484352], "chords_histogram": [4.33116149902, 3.44959759712, 9.39057064056, 6.01763105392, 3.06630897522, 1.80145645142, 6.36259126663, 9.8121881485, 2.41471838951, 1.45649671555, 2.03142976761, 0.229973167181, 0.459946334362, 2.56803369522, 1.37983906269, 2.37638950348, 10.4637794495, 1.95477199554, 2.03142976761, 6.59256410599, 1.22652351856, 8.16404724121, 8.39402103424, 4.02453041077], "tuning_nontempered_energy_ratio": 0.808282732964, "tuning_frequency": 442.804626465, "key_strength": 0.460629850626, "chords_changes_rate": 0.0651590675116, "key_scale": "major", "hpcp_entropy": {"dmean": 0.561649978161, "dvar2": 0.678771018982, "mean": 1.31899452209, "var": 0.577462077141, "dmean2": 0.96482950449, "dvar": 0.249949842691, "min": 0, "median": 1.38395559788, "max": 3.53381919861}, "key_key": "F#", "chords_number_rate": 0.00843234919012}, "lowlevel": {"melbands_skewness": {"dmean": 0.777578830719, "dvar2": 1.75188362598, "mean": 2.41080474854, "var": 4.11291360855, "dmean2": 1.18522369862, "dvar": 0.803543448448, "min": -2.74021792412, "median": 1.96280992031, "max": 16.2292022705}, "melbands_kurtosis": {"dmean": 8.4175567627, "dvar2": 530.399353027, "mean": 16.714176178, "var": 1081.0447998, "dmean2": 13.0579319, "dvar": 247.080718994, "min": -1.71772158146, "median": 5.86840105057, "max": 502.706512451}, "barkbands_kurtosis": {"dmean": 7.50749874115, "dvar2": 661.827880859, "mean": 13.1289892197, "var": 736.953796387, "dmean2": 11.8382959366, "dvar": 280.850189209, "min": -1.77979755402, "median": 3.92173957825, "max": 384.654602051}, "hfc": {"dmean": 4.24853610992, "dvar2": 160.206298828, "mean": 9.94777393341, "var": 403.219329834, "dmean2": 5.73835039139, "dvar": 97.2324447632, "min": 1.1933051777e-16, "median": 1.8330681324, "max": 205.66217041}, "silence_rate_20dB": {"dmean": 0, "dvar2": 0, "mean": 1, "var": 0, "dmean2": 0, "dvar": 0, "min": 1, "median": 1, "max": 1}, "erbbands_flatness_db": {"dmean": 0.0255571231246, "dvar2": 0.00196882640012, "mean": 0.385470569134, "var": 0.0090843392536, "dmean2": 0.0381958223879, "dvar": 0.00091043242719, "min": 0.0413972698152, "median": 0.391109526157, "max": 0.635069668293}, "spectral_flux": {"dmean": 0.0206918921322, "dvar2": 0.00292192376219, "mean": 0.0365146882832, "var": 0.00175247923471, "dmean2": 0.0353934168816, "dvar": 0.00107370305341, "min": 1.02244046563e-10, "median": 0.0218657385558, "max": 0.31934928894}, "spectral_energyband_low": {"dmean": 6.071819314e-08, "dvar2": 2.80085796136e-13, "mean": 6.00865917022e-08, "var": 6.56027288699e-14, "dmean2": 1.07553049133e-07, "dvar": 9.98810341618e-14, "min": 6.74330292469e-23, "median": 2.28657697221e-08, "max": 8.20286732051e-06}, "spectral_rolloff": {"dmean": 183.770370483, "dvar2": 582644, "mean": 1320.20141602, "var": 4629824, "dmean2": 316.760864258, "dvar": 254672.21875, "min": 215.33203125, "median": 947.4609375, "max": 19336.8164063}, "spectral_entropy": {"dmean": 0.256816387177, "dvar2": 0.180660173297, "mean": 5.73547172546, "var": 0.977702081203, "dmean2": 0.380053073168, "dvar": 0.0846874117851, "min": 3.39251732826, "median": 5.74968290329, "max": 9.80520439148}, "spectral_energy": {"dmean": 0.00456281658262, "dvar2": 0.000155082976562, "mean": 0.011150887236, "var": 0.000391070323531, "dmean2": 0.0061669186689, "dvar": 9.40277677728e-05, "min": 1.04538447658e-20, "median": 0.0028269905597, "max": 0.195606246591}, "spectral_centroid": {"dmean": 94.6370162964, "dvar2": 39315.8320313, "mean": 903.753295898, "var": 383828.40625, "dmean2": 138.861465454, "dvar": 23384.4414063, "min": 256.287719727, "median": 797.184570313, "max": 10829.0683594}, "barkbands_flatness_db": {"dmean": 0.0314718410373, "dvar2": 0.00242324522696, "mean": 0.3653627038, "var": 0.0102267116308, "dmean2": 0.0470041558146, "dvar": 0.00118464394473, "min": 0.0177195165306, "median": 0.365145176649, "max": 0.635548591614}, "spectral_rms": {"dmean": 0.000603633525316, "dvar2": 1.41592840919e-06, "mean": 0.00241575017571, "var": 5.04308763993e-06, "dmean2": 0.00080256263027, "dvar": 9.14765109883e-07, "min": 3.19356737236e-12, "median": 0.00166073464788, "max": 0.0138143170625}, "melbands": {"dmean": [8.57959125966e-09, 7.52351780875e-09, 5.02895318277e-06, 3.02592507069e-05, 3.8271464291e-05, 7.25630598026e-05, 5.94146949879e-05, 3.75860981876e-05, 0.000105637496745, 0.000132939167088, 0.000176729125087, 0.00016023904027, 0.000160889991093, 6.96027709637e-05, 4.63050600956e-05, 1.56078240252e-05, 1.81522991625e-05, 9.68137283053e-06, 1.00025627034e-05, 4.19584148403e-06, 4.56222187495e-06, 2.89315153168e-06, 1.31802528358e-06, 2.55345912592e-06, 3.44849672729e-06, 1.50699668211e-06, 1.31426304506e-06, 7.80569280323e-07, 3.66042513633e-07, 1.94152676158e-07, 4.84946411916e-08, 2.56888696981e-08, 2.11567581232e-08, 2.08853574435e-08, 1.86823889692e-08, 6.72973232696e-09, 7.23441173633e-09, 1.05275956841e-08, 6.16894979544e-09, 4.43456338317e-09], "dvar2": [5.20598646657e-15, 6.0870133871e-15, 1.15035669879e-09, 3.58657850086e-08, 2.72096727372e-08, 9.62708313068e-08, 8.21414118946e-08, 4.32474358547e-08, 2.77780230817e-07, 3.54852517148e-07, 5.82345819566e-07, 1.07361370283e-06, 1.00926263258e-06, 2.93470748147e-07, 6.93150070674e-08, 1.46721035321e-08, 1.61841509083e-08, 4.4520125364e-09, 5.42201483711e-09, 1.17449328041e-09, 8.66557658963e-10, 3.17640830305e-10, 1.47485412771e-10, 3.60754870421e-10, 5.28348642614e-10, 2.20263460249e-10, 1.03681882524e-10, 3.48705855857e-11, 7.75609264314e-12, 2.74803335469e-12, 1.25016696214e-13, 3.10564426823e-14, 2.60294952638e-14, 2.27268003001e-14, 1.88383278432e-14, 2.31122489955e-15, 6.27654293827e-15, 1.69135284798e-14, 2.80101068987e-15, 1.57028568767e-15], "mean": [8.52013481989e-09, 6.55116183523e-09, 1.63429685927e-05, 9.57423835644e-05, 0.000138486124342, 0.000180541799637, 0.000112075242214, 6.53394818073e-05, 0.000213875406189, 0.00026526619331, 0.000360263831681, 0.000290256779408, 0.000298217608361, 0.000120923577924, 8.08811673778e-05, 2.39736800722e-05, 3.0060797144e-05, 1.48737826748e-05, 1.74644083017e-05, 6.46007538307e-06, 7.25960126147e-06, 4.6123118409e-06, 1.91447315956e-06, 3.40847668667e-06, 4.62469597551e-06, 2.11759697777e-06, 1.89771537862e-06, 1.06124491595e-06, 4.86676071887e-07, 2.26827012284e-07, 6.59942358539e-08, 3.45742492414e-08, 3.03671789936e-08, 2.99587519237e-08, 2.67733462067e-08, 9.9118961927e-09, 1.11110614043e-08, 1.51335175502e-08, 8.99410412813e-09, 6.54906262554e-09], "var": [1.10450819921e-15, 1.27523446599e-15, 1.08100817187e-08, 2.74161351399e-07, 2.02604098831e-07, 2.53583152698e-07, 1.34876444235e-07, 5.98302563048e-08, 5.61482067951e-07, 6.97855625731e-07, 1.47308708165e-06, 1.96278165276e-06, 2.33518676396e-06, 3.7940577613e-07, 1.17590076343e-07, 1.83693753542e-08, 2.65091575358e-08, 5.60746116207e-09, 8.52839132648e-09, 1.25579857624e-09, 1.37187783356e-09, 4.01437882935e-10, 1.31812435966e-10, 3.12593256835e-10, 4.76281403206e-10, 2.16127477026e-10, 8.99289531731e-11, 3.37846903231e-11, 9.321653692e-12, 1.73685458377e-12, 1.30194466319e-13, 2.78635469054e-14, 3.05125221693e-14, 3.04889712652e-14, 2.4006580686e-14, 1.80057097026e-15, 7.85886147012e-15, 2.01362127113e-14, 2.55883931157e-15, 1.20267751785e-15], "dmean2": [1.53689185822e-08, 1.36448958798e-08, 4.68622374683e-06, 3.13000637107e-05, 4.05511382269e-05, 9.81188350124e-05, 8.62664237502e-05, 5.48177158635e-05, 0.000146349644638, 0.000187206824194, 0.000247927790042, 0.000228177028475, 0.000229395154747, 0.000100386758277, 6.64237959427e-05, 2.33918344748e-05, 2.56552793871e-05, 1.35970149131e-05, 1.46022539411e-05, 5.95637811784e-06, 6.68186066832e-06, 4.1670259634e-06, 2.03179592972e-06, 3.77864398615e-06, 5.25317636857e-06, 2.1713769911e-06, 1.98399743567e-06, 1.1855864841e-06, 5.31133196091e-07, 3.05501941966e-07, 7.16031394177e-08, 3.77641846683e-08, 3.09829957246e-08, 2.94584143745e-08, 2.77273084492e-08, 1.00511687862e-08, 1.03330224377e-08, 1.45100873539e-08, 8.58248139224e-09, 6.22815754525e-09], "dvar": [1.80971829082e-15, 2.12711784154e-15, 1.20628984579e-09, 3.29811022937e-08, 2.20235278903e-08, 5.43919469465e-08, 4.67038994145e-08, 2.3968681262e-08, 1.59793060561e-07, 2.09207570379e-07, 3.59701601838e-07, 5.97623795784e-07, 6.18564513388e-07, 1.56333484824e-07, 3.87475722619e-08, 7.6664905535e-09, 8.73231975618e-09, 2.41302844373e-09, 3.14174797289e-09, 6.2077110119e-10, 4.98447838559e-10, 1.63485516791e-10, 6.77754657952e-11, 1.76883396819e-10, 2.54321230742e-10, 1.06276577816e-10, 4.28282791176e-11, 1.7806044833e-11, 4.27137448675e-12, 1.28296917361e-12, 6.77753616033e-14, 1.65056312937e-14, 1.44339869104e-14, 1.3588312604e-14, 1.04527059005e-14, 9.89527076509e-16, 4.04024000874e-15, 1.09876190652e-14, 1.46121918429e-15, 7.95891215481e-16], "min": [8.26698381882e-24, 4.80212449622e-24, 2.8400977362e-23, 8.41515004062e-24, 3.85052198068e-24, 4.08256423266e-24, 1.42431676337e-23, 7.73056471415e-24, 8.56756585612e-25, 6.10445969781e-24, 1.83942345752e-24, 4.0966114788e-24, 1.68821392868e-23, 1.71254681661e-23, 7.4053765275e-24, 7.21707937373e-24, 8.11805240194e-24, 6.59739245064e-24, 7.9119191031e-24, 8.64851402904e-24, 7.02027041079e-24, 1.10629111819e-23, 1.0248419397e-23, 1.16258155026e-23, 1.19397442775e-23, 7.85425573751e-24, 1.58801944293e-23, 1.60017058299e-23, 7.13377566214e-24, 8.81302623766e-24, 1.13875305998e-23, 1.0804918956e-23, 6.93723412304e-24, 7.62454496394e-24, 9.03723155098e-24, 1.06141439901e-23, 1.27647381677e-23, 9.0777529691e-24, 8.04496522793e-24, 9.18876541998e-24], "median": [3.90508381187e-09, 2.18887530323e-09, 2.49554332754e-09, 1.81457284754e-08, 1.51448887209e-06, 4.71400562674e-06, 1.51072777044e-06, 2.39091650656e-06, 1.15535640361e-05, 1.74201340997e-05, 1.70179773704e-05, 4.84816973767e-06, 2.99886892208e-06, 3.34290302817e-06, 2.00768295144e-06, 2.97307224173e-07, 2.69077588655e-07, 3.32460956542e-07, 3.90039218701e-07, 1.56126475304e-07, 1.32557872234e-07, 1.01136073738e-07, 3.73495154804e-08, 6.71082460713e-08, 8.16655614244e-08, 2.79525771418e-08, 3.57627811809e-08, 1.72167062829e-08, 7.97442556433e-09, 3.75680286879e-09, 1.58115154303e-09, 9.69527014227e-10, 6.71288691301e-10, 5.76664993535e-10, 4.3732964472e-10, 3.38810923761e-10, 2.95286101126e-10, 3.15721560007e-10, 2.85439089032e-10, 2.12063769323e-10], "max": [1.2028922356e-06, 1.37548045132e-06, 0.00155058002565, 0.00764546310529, 0.00480002909899, 0.00547252595425, 0.00394667638466, 0.00387180526741, 0.0130953099579, 0.00851070508361, 0.0150331789628, 0.0268845297396, 0.0289399083704, 0.0155251659453, 0.00509532168508, 0.00273666600697, 0.00256429682486, 0.00180116097908, 0.00174989830703, 0.000924199586734, 0.000675038783811, 0.000326138542732, 0.000356662843842, 0.000644171552267, 0.000425399746746, 0.000400015618652, 0.000326411507558, 0.000143229626701, 8.90428273124e-05, 3.12322808895e-05, 1.14518988994e-05, 4.46249896413e-06, 5.07223103341e-06, 4.92309072797e-06, 4.66597839477e-06, 8.55720202253e-07, 3.74842556994e-06, 4.37102698925e-06, 1.81749862804e-06, 1.66254756095e-06]}, "barkbands_crest": {"dmean": 2.62769460678, "dvar2": 16.6322994232, "mean": 16.4483737946, "var": 26.7375946045, "dmean2": 4.20149374008, "dvar": 7.01178836823, "min": 2.73137187958, "median": 16.2154426575, "max": 26.7238426208}, "mfcc": {"icov": [[0.000504093477502, -0.000189705606317, 0.000990798114799, -0.000486478762468, 0.00107635895256, -0.000731730950065, 0.000819651701022, -0.00043627852574, 0.000998280709609, -0.000521587731782, 0.000692683970556, 2.89853164759e-06, 0.000339892751072], [-0.000189705606317, 0.00142279826105, -0.000460775045212, 0.00176146719605, -0.0012051378144, 0.00166447856463, -0.000759375398047, 0.00119014689699, 0.000373479473637, 0.000775702530518, 2.16845328396e-05, -0.000189414786291, 0.000704676436726], [0.000990798114799, -0.000460775045212, 0.00272858096287, -0.00145749072544, 0.00237502576783, -0.00261453585699, 0.00324836070649, -0.00136291480158, 0.00203183409758, -0.000487776618684, 0.000895573641174, 0.000285794783849, 0.000851351825986], [-0.000486478762468, 0.00176146719605, -0.00145749072544, 0.0063913045451, -0.00496580824256, 0.00334593676962, -0.00375393033028, 0.00434484565631, -0.0013085474493, 0.00145043455996, 0.000494160165545, -0.000276563689113, 0.00115498295054], [0.00107635895256, -0.0012051378144, 0.00237502576783, -0.00496580824256, 0.0101008303463, -0.00714083155617, 0.00505409250036, -0.00537410657853, 0.00506936851889, -0.00299269217066, 0.00183054071385, -0.00118119060062, 0.000928622321226], [-0.000731730950065, 0.00166447856463, -0.00261453585699, 0.00334593676962, -0.00714083155617, 0.0121269170195, -0.00803804956377, 0.00478754937649, -0.00434837536886, 0.00418647192419, -0.00284810271114, 0.00109696900472, -0.000447399128461], [0.000819651701022, -0.000759375398047, 0.00324836070649, -0.00375393033028, 0.00505409250036, -0.00803804956377, 0.0152732096612, -0.0102302096784, 0.00551379937679, -0.00496801827103, 0.00540245790035, -0.00207964563742, 0.00162512285169], [-0.00043627852574, 0.00119014689699, -0.00136291480158, 0.00434484565631, -0.00537410657853, 0.00478754937649, -0.0102302096784, 0.0151306651533, -0.0100117763504, 0.00691723590717, -0.00611499510705, 0.0055202562362, -0.00239334418438], [0.000998280709609, 0.000373479473637, 0.00203183409758, -0.0013085474493, 0.00506936851889, -0.00434837536886, 0.00551379937679, -0.0100117763504, 0.0177684370428, -0.0122245773673, 0.00928228348494, -0.00705440994352, 0.00411233771592], [-0.000521587731782, 0.000775702530518, -0.000487776618684, 0.00145043455996, -0.00299269217066, 0.00418647192419, -0.00496801827103, 0.00691723590717, -0.0122245773673, 0.0184818599373, -0.014970892109, 0.00778920250013, -0.00203639501706], [0.000692683970556, 2.16845328396e-05, 0.000895573641174, 0.000494160165545, 0.00183054071385, -0.00284810271114, 0.00540245790035, -0.00611499510705, 0.00928228348494, -0.014970892109, 0.0206973981112, -0.0145479803905, 0.00662904791534], [2.89853164759e-06, -0.000189414786291, 0.000285794783849, -0.000276563689113, -0.00118119060062, 0.00109696900472, -0.00207964563742, 0.0055202562362, -0.00705440994352, 0.00778920250013, -0.0145479803905, 0.0169989969581, -0.00831609405577], [0.000339892751072, 0.000704676436726, 0.000851351825986, 0.00115498295054, 0.000928622321226, -0.000447399128461, 0.00162512285169, -0.00239334418438, 0.00411233771592, -0.00203639501706, 0.00662904791534, -0.00831609405577, 0.00781794730574]], "mean": [-904.589294434, 110.250762939, -60.5243911743, -48.2779312134, -49.2248764038, -41.203163147, -13.2815513611, -10.6025705338, -8.95375442505, -3.250644207, -10.3045635223, -10.0161619186, -2.28281331062], "cov": [[11675.8779297, 1158.3614502, -4113.65966797, -469.711029053, -878.02532959, -648.354553223, 279.844909668, -96.4151077271, -287.791809082, -232.857269287, -698.833068848, -446.322052002, 93.3565292358], [1158.3614502, 2199.64868164, 303.805389404, -342.783538818, -255.460861206, -407.4871521, -415.035614014, -479.710693359, -539.010864258, -421.001617432, -274.002441406, -163.915847778, -52.7890968323], [-4113.65966797, 303.805389404, 2676.59765625, 365.672637939, 271.818145752, 185.73815918, -405.424224854, -331.940826416, -337.878662109, -348.985534668, -122.356376648, -157.749298096, -210.26083374], [-469.711029053, -342.783538818, 365.672637939, 536.287353516, 263.716247559, 147.033172607, 56.6594848633, -54.7547492981, -90.469039917, -130.967712402, -163.219665527, -143.527648926, -119.982017517], [-878.02532959, -255.460861206, 271.818145752, 263.716247559, 381.954559326, 221.85546875, 76.299659729, 63.6864318848, -13.5813465118, -32.8153533936, -17.0650997162, -39.0262489319, -64.844367981], [-648.354553223, -407.4871521, 185.73815918, 147.033172607, 221.85546875, 314.435089111, 169.080322266, 129.54586792, 72.271774292, -1.10930740833, -16.4038677216, -36.5649490356, -44.1679344177], [279.844909668, -415.035614014, -405.424224854, 56.6594848633, 76.299659729, 169.080322266, 354.76373291, 277.607818604, 160.156311035, 66.3716278076, -51.4222335815, -68.8528060913, -23.7182788849], [-96.4151077271, -479.710693359, -331.940826416, -54.7547492981, 63.6864318848, 129.54586792, 277.607818604, 390.294128418, 267.961761475, 151.746459961, 62.0327720642, -6.16300153732, -7.28752946854], [-287.791809082, -539.010864258, -337.878662109, -90.469039917, -13.5813465118, 72.271774292, 160.156311035, 267.961761475, 406.1824646, 343.216827393, 241.980682373, 132.446762085, -22.8075695038], [-232.857269287, -421.001617432, -348.985534668, -130.967712402, -32.8153533936, -1.10930740833, 66.3716278076, 151.746459961, 343.216827393, 505.775939941, 435.815704346, 217.143859863, -45.4378318787], [-698.833068848, -274.002441406, -122.356376648, -163.219665527, -17.0650997162, -16.4038677216, -51.4222335815, 62.0327720642, 241.980682373, 435.815704346, 573.055725098, 368.882446289, 15.9979200363], [-446.322052002, -163.915847778, -157.749298096, -143.527648926, -39.0262489319, -36.5649490356, -68.8528060913, -6.16300153732, 132.446762085, 217.143859863, 368.882446289, 427.778381348, 216.672973633], [93.3565292358, -52.7890968323, -210.26083374, -119.982017517, -64.844367981, -44.1679344177, -23.7182788849, -7.28752946854, -22.8075695038, -45.4378318787, 15.9979200363, 216.672973633, 394.182098389]]}, "spectral_decrease": {"dmean": 1.10893405569e-09, "dvar2": 9.01311050125e-18, "mean": -2.71541678032e-09, "var": 2.27089566246e-17, "dmean2": 1.49892098733e-09, "dvar": 5.4616854011e-18, "min": -4.70663401586e-08, "median": -7.0857730794e-10, "max": 9.79772562818e-29}, "zerocrossingrate": {"dmean": 0.00404142588377, "dvar2": 8.41274595587e-05, "mean": 0.0434583425522, "var": 0.00222562206909, "dmean2": 0.00513683119789, "dvar": 5.49881915504e-05, "min": 0.01025390625, "median": 0.03515625, "max": 0.5068359375}, "spectral_contrast_coeffs": {"dmean": [0.0500640571117, 0.0487410463393, 0.0471934191883, 0.0389561466873, 0.0308141410351, 0.0182754136622], "dvar2": [0.00449615670368, 0.00454353215173, 0.00426923437044, 0.00302734738216, 0.00201726029627, 0.000681190926116], "mean": [-0.67663782835, -0.575151622295, -0.635786533356, -0.708288729191, -0.761049687862, -0.818641543388], "var": [0.0380496196449, 0.0233421530575, 0.0170853380114, 0.0123530533165, 0.0096362195909, 0.00245777121745], "dmean2": [0.08364302665, 0.0737866014242, 0.0712332427502, 0.0587496198714, 0.045325640589, 0.0274937897921], "dvar": [0.00173176254611, 0.00225521530956, 0.00215949327685, 0.0015386948362, 0.00110108591616, 0.000337509205565], "min": [-0.979504048824, -0.962821006775, -0.967654824257, -0.956947505474, -0.956976830959, -0.959984600544], "median": [-0.732162714005, -0.574166953564, -0.642086446285, -0.710869014263, -0.764503240585, -0.824423789978], "max": [-0.185020595789, -0.241941705346, -0.282042562962, -0.364422142506, -0.403524279594, -0.598641872406]}, "spectral_skewness": {"dmean": 0.773633420467, "dvar2": 1.39608335495, "mean": 3.84744024277, "var": 3.30125570297, "dmean2": 1.3053137064, "dvar": 0.518040120602, "min": 0.0165124647319, "median": 3.38711309433, "max": 10.2890205383}, "spectral_energyband_middle_high": {"dmean": 0.00282343314029, "dvar2": 0.000105579769297, "mean": 0.00611294200644, "var": 0.000256735715084, "dmean2": 0.00391219323501, "dvar": 6.39830977889e-05, "min": 1.58740452901e-21, "median": 0.000538836349733, "max": 0.195107728243}, "gfcc": {"icov": [[0.000302857719362, -0.000207876903005, 0.000792407721747, -0.000179317459697, 0.00106589100324, -0.000284774549073, 0.000393189664464, 0.000121108445455, 0.00044959015213, 0.000274200836429, 0.000204805022804, 0.000312866759486, -7.47724743633e-06], [-0.000207876903005, 0.00185426592361, -0.00101384322625, 0.00189132487867, -0.000871508033015, 0.00170355895534, -7.7729622717e-05, 0.00170450226869, -0.000311835960019, 0.00155805645045, -0.000780777074397, 0.000815806677565, 0.000968887179624], [0.000792407721747, -0.00101384322625, 0.00279478542507, -0.00146116164979, 0.0030141568277, -0.000938139331993, 0.000736973655876, 0.0010488886619, 0.000296522368444, 0.000263711117441, 0.00136507744901, -0.000332731520757, 7.36811562092e-05], [-0.000179317459697, 0.00189132487867, -0.00146116164979, 0.00495362281799, -0.00249635311775, 0.00146060227416, 0.00111036526505, 0.000511905527674, 0.00241090124473, 0.000539939908776, 0.000491650949698, 0.000843390007503, 0.000712085980922], [0.00106589100324, -0.000871508033015, 0.0030141568277, -0.00249635311775, 0.00901125278324, -0.00234035286121, -0.0002104005398, 0.00157693773508, -0.000202438954148, 0.00245752488263, 0.000699334777892, 0.000963432947174, 0.00125147670042], [-0.000284774549073, 0.00170355895534, -0.000938139331993, 0.00146060227416, -0.00234035286121, 0.00674370070919, -0.00300172157586, 0.000857794133481, 0.000685950624757, 0.000174886823515, 0.00207430450246, -0.0030586917419, 0.00358149781823], [0.000393189664464, -7.7729622717e-05, 0.000736973655876, 0.00111036526505, -0.0002104005398, -0.00300172157586, 0.00827770400792, -0.00371000939049, 0.00106865097769, 0.00125652411953, -0.00185677001718, 0.00406280532479, -0.00296749547124], [0.000121108445455, 0.00170450226869, 0.0010488886619, 0.000511905527674, 0.00157693773508, 0.000857794133481, -0.00371000939049, 0.0116253010929, -0.00599143281579, 0.00282630720176, 0.00202434812672, -0.00161521299742, 0.00247153593227], [0.00044959015213, -0.000311835960019, 0.000296522368444, 0.00241090124473, -0.000202438954148, 0.000685950624757, 0.00106865097769, -0.00599143281579, 0.014063892886, -0.00779939442873, 0.000738421571441, 0.0024530373048, 0.000188398902537], [0.000274200836429, 0.00155805645045, 0.000263711117441, 0.000539939908776, 0.00245752488263, 0.000174886823515, 0.00125652411953, 0.00282630720176, -0.00779939442873, 0.0133021306247, -0.00499969581142, 0.00100378401112, 0.00249769398943], [0.000204805022804, -0.000780777074397, 0.00136507744901, 0.000491650949698, 0.000699334777892, 0.00207430450246, -0.00185677001718, 0.00202434812672, 0.000738421571441, -0.00499969581142, 0.0140453577042, -0.00783380772918, 0.00115534558427], [0.000312866759486, 0.000815806677565, -0.000332731520757, 0.000843390007503, 0.000963432947174, -0.0030586917419, 0.00406280532479, -0.00161521299742, 0.0024530373048, 0.00100378401112, -0.00783380772918, 0.0130820767954, -0.00567915849388], [-7.47724743633e-06, 0.000968887179624, 7.36811562092e-05, 0.000712085980922, 0.00125147670042, 0.00358149781823, -0.00296749547124, 0.00247153593227, 0.000188398902537, 0.00249769398943, 0.00115534558427, -0.00567915849388, 0.00943179056048]], "mean": [-288.334381104, 84.2638702393, -189.598724365, -64.8287506104, -82.3156051636, -26.5755786896, -28.2524356842, 2.81685709953, -24.0024623871, -5.9687628746, -4.56418418884, -5.17689037323, 4.58771085739], "cov": [[27254.4472656, 1301.45458984, -6750.00244141, -1346.78588867, -1144.15332031, -560.655761719, -173.605422974, -4.69515895844, -796.452697754, -789.404418945, -52.2282409668, -512.741882324, 276.261566162], [1301.45458984, 3555.2109375, 1370.26672363, -412.415924072, -468.931762695, -1024.9519043, -680.631530762, -916.19708252, -383.342956543, -289.960784912, 163.388763428, -27.4788208008, 181.496444702], [-6750.00244141, 1370.26672363, 3585.87841797, 661.206298828, -97.94165802, -399.471618652, -577.626464844, -755.53314209, -308.938781738, -104.74004364, 11.9630050659, 261.265563965, 146.643249512], [-1346.78588867, -412.415924072, 661.206298828, 810.696411133, 235.707321167, 107.967651367, -115.174499512, -167.642211914, -289.195770264, -199.492797852, -159.638961792, 19.476398468, 0.23324149847], [-1144.15332031, -468.931762695, -97.94165802, 235.707321167, 408.300720215, 272.648254395, 165.055770874, 110.781600952, 7.05324792862, -58.8777389526, -125.614273071, -93.4462356567, -130.001327515], [-560.655761719, -1024.9519043, -399.471618652, 107.967651367, 272.648254395, 595.029174805, 315.468811035, 300.457305908, 96.4186248779, 27.1861934662, -125.786247253, -48.6634750366, -164.807983398], [-173.605422974, -680.631530762, -577.626464844, -115.174499512, 165.055770874, 315.468811035, 439.137115479, 344.247406006, 173.404327393, 51.3339653015, -62.8075675964, -102.541519165, -81.8546676636], [-4.69515895844, -916.19708252, -755.53314209, -167.642211914, 110.781600952, 300.457305908, 344.247406006, 520.925231934, 321.597869873, 165.812911987, -53.0890235901, -101.19871521, -149.079406738], [-796.452697754, -383.342956543, -308.938781738, -289.195770264, 7.05324792862, 96.4186248779, 173.404327393, 321.597869873, 447.108276367, 304.545928955, 41.7504806519, -86.0378646851, -150.768218994], [-789.404418945, -289.960784912, -104.74004364, -199.492797852, -58.8777389526, 27.1861934662, 51.3339653015, 165.812911987, 304.545928955, 343.245513916, 111.224967957, 5.60236024857, -92.0013275146], [-52.2282409668, 163.388763428, 11.9630050659, -159.638961792, -125.614273071, -125.786247253, -62.8075675964, -53.0890235901, 41.7504806519, 111.224967957, 223.013778687, 148.849975586, 85.736541748], [-512.741882324, -27.4788208008, 261.265563965, 19.476398468, -93.4462356567, -48.6634750366, -102.541519165, -101.19871521, -86.0378646851, 5.60236024857, 148.849975586, 295.314331055, 183.857940674], [276.261566162, 181.496444702, 146.643249512, 0.23324149847, -130.001327515, -164.807983398, -81.8546676636, -149.079406738, -150.768218994, -92.0013275146, 85.736541748, 183.857940674, 307.157867432]]}, "erbbands_spread": {"dmean": 2.33378720284, "dvar2": 18.1359786987, "mean": 10.2810726166, "var": 104.581161499, "dmean2": 3.59083104134, "dvar": 7.91158008575, "min": 0.354345470667, "median": 8.14804077148, "max": 88.0281829834}, "erbbands_kurtosis": {"dmean": 4.16666698456, "dvar2": 142.499755859, "mean": 6.70164489746, "var": 163.241134644, "dmean2": 6.66210699081, "dvar": 59.4302330017, "min": -1.61920523643, "median": 2.07860088348, "max": 137.647537231}, "dynamic_complexity": 8.0022277832, "erbbands_crest": {"dmean": 3.27155733109, "dvar2": 24.8618507385, "mean": 17.9433689117, "var": 48.2940673828, "dmean2": 5.20748758316, "dvar": 10.1094903946, "min": 2.48620986938, "median": 17.3795967102, "max": 33.9219932556}, "erbbands": {"dmean": [1.54869769631e-06, 1.02595367935e-05, 0.000134163667099, 0.0067924708128, 0.250223487616, 0.484150290489, 1.30096209049, 3.10135960579, 3.9366672039, 3.61755156517, 9.82856369019, 19.7431259155, 34.6953201294, 39.3015518188, 40.2605552673, 20.3572902679, 12.5038957596, 8.76016426086, 5.8596906662, 5.22531843185, 3.54481697083, 2.34683227539, 1.72760760784, 3.94660162926, 1.81045293808, 1.36172807217, 0.510699212551, 0.137181833386, 0.0407433435321, 0.0377437621355, 0.0249388348311, 0.0110533321276, 0.0121524920687, 0.00541628338397, 0.00180605123751, 0.000456416630186, 0.000127140985569, 1.56984824571e-05, 3.65773075828e-06, 5.44366457689e-06], "dvar2": [7.85288570282e-11, 4.02076416606e-09, 6.5330976895e-07, 0.00216987030581, 2.60746765137, 8.50589179993, 33.9290542603, 198.399749756, 366.367340088, 482.903839111, 2272.33984375, 8472.1953125, 21974.5175781, 60113.5351563, 57968.9179688, 15376.5703125, 8711.12402344, 3144.14575195, 1311.2565918, 1152.02429199, 435.482391357, 194.605422974, 101.181373596, 620.026000977, 229.180511475, 106.122711182, 11.2440080643, 0.812042057514, 0.0632371529937, 0.0628809034824, 0.0289016533643, 0.00884596258402, 0.0166180673987, 0.00213986565359, 0.000122318291687, 5.71275359107e-06, 6.8715485213e-07, 5.26395105283e-09, 1.41515285601e-10, 2.24700077989e-10], "mean": [3.2317050227e-06, 2.47019288508e-05, 0.000418696989072, 0.0221468135715, 0.823255598545, 1.50346434116, 4.79561424255, 7.76329803467, 7.66222047806, 6.10430335999, 20.5711174011, 40.029094696, 72.0222854614, 74.0190200806, 76.6985397339, 36.8232955933, 21.9485797882, 14.7928676605, 9.98710536957, 9.10835075378, 5.8992972374, 3.87958574295, 2.56060385704, 5.43990039825, 2.83966159821, 1.99726998806, 0.697302997112, 0.1872805655, 0.0604071617126, 0.0570857785642, 0.0378108993173, 0.0182868186384, 0.0183841120452, 0.00856860913336, 0.00335147767328, 0.000941501697525, 0.000243103684625, 3.28117275785e-05, 8.89919920155e-06, 1.33098928927e-05], "var": [1.15474983742e-10, 1.19912062502e-08, 5.70762313146e-06, 0.018733965233, 25.7106933594, 38.5813369751, 261.411407471, 541.202148438, 659.299377441, 569.640869141, 4657.59228516, 16654.1914063, 57022.2578125, 111892.507813, 126721.890625, 23524.6582031, 13321.6425781, 5224.53857422, 1634.05310059, 1623.89672852, 722.171875, 224.998275757, 99.7048034668, 573.535095215, 251.537780762, 105.379081726, 11.9386310577, 0.7249391675, 0.0639160498977, 0.0910970792174, 0.0399677827954, 0.0121810911223, 0.0205800291151, 0.00209660572, 0.000184791992069, 1.2302369214e-05, 8.86182988324e-07, 1.20597833941e-08, 3.80572073855e-10, 5.72797087539e-10], "dmean2": [2.29871398005e-06, 1.38439490911e-05, 0.000139086783747, 0.00663591409102, 0.233724877238, 0.537454426289, 1.37090015411, 4.23014831543, 5.65736436844, 5.33481025696, 13.7539014816, 27.7956733704, 48.8099327087, 55.574054718, 57.7994728088, 29.0966091156, 18.3752365112, 12.3845682144, 8.26447200775, 7.56358671188, 5.14585876465, 3.40786075592, 2.54175329208, 5.99530744553, 2.60391640663, 2.06316494942, 0.753920614719, 0.206196844578, 0.0581647530198, 0.0531002506614, 0.035977229476, 0.0155643830076, 0.0166286062449, 0.00747546413913, 0.00240696803667, 0.000611464725807, 0.000169234350324, 2.05729174922e-05, 4.65960101792e-06, 7.33653314455e-06], "dvar": [3.40990603809e-11, 2.17237761113e-09, 6.41475992325e-07, 0.00212513958104, 2.79582190514, 6.17477560043, 27.439365387, 110.774551392, 211.378112793, 264.164978027, 1267.6307373, 4899.36669922, 13579.7441406, 33431.1914063, 34048.1328125, 8766.671875, 4665.91699219, 1701.84973145, 674.832885742, 626.498596191, 254.536834717, 95.8669433594, 49.8025741577, 300.111053467, 109.175682068, 51.343006134, 5.68122053146, 0.418182879686, 0.0337443314493, 0.0378060303628, 0.0163647066802, 0.00560792163014, 0.0107528576627, 0.00122052652296, 7.20242460375e-05, 3.59579530596e-06, 3.42679044252e-07, 3.45926509659e-09, 9.71613484113e-11, 1.36975680798e-10], "min": [8.85863483043e-22, 4.43147311332e-21, 9.85657674264e-21, 1.28589026082e-19, 2.18566062502e-19, 4.99154321203e-20, 1.37093127788e-19, 1.87707689085e-19, 8.57383613356e-19, 8.70073029241e-19, 1.4936950913e-19, 8.66091291965e-19, 4.12829041619e-19, 1.24287237118e-18, 6.61531118803e-18, 3.81358221092e-18, 2.88344780419e-18, 4.68051257422e-18, 4.85943008635e-18, 5.6814056649e-18, 6.64236992023e-18, 1.1093566522e-17, 1.09543371356e-17, 1.44871419866e-17, 1.49610271421e-17, 2.4616127406e-17, 1.36537848164e-17, 1.70933680667e-17, 1.58698670247e-17, 1.44110397159e-17, 1.65365646722e-17, 1.96202195496e-17, 1.29292523548e-17, 1.05734452789e-17, 8.31639281491e-18, 5.83173995097e-18, 3.46664942712e-18, 1.31308966542e-18, 2.97021894705e-19, 4.20409990374e-20], "median": [9.27696305553e-07, 3.68940845874e-06, 1.27587018142e-05, 6.47621418466e-05, 0.000658478529658, 0.0129462769255, 0.0659938901663, 0.230261579156, 0.262654542923, 0.450050354004, 1.74046051502, 3.22487425804, 4.78538227081, 2.09192824364, 2.0547106266, 1.83607840538, 0.761621296406, 0.395329922438, 0.397370874882, 0.353159874678, 0.219930008054, 0.142485231161, 0.0928850993514, 0.123031295836, 0.0591535270214, 0.0391576141119, 0.0135069284588, 0.00459610950202, 0.00192634155974, 0.00124123762362, 0.000794715015218, 0.000533715821803, 0.000485007185489, 0.00029109447496, 0.000136953181936, 5.0313439715e-05, 1.57026861416e-05, 3.07333561977e-06, 1.99627675102e-06, 3.27541374645e-06], "max": [0.000141589625855, 0.00154345703777, 0.0346423126757, 2.00413751602, 72.578704834, 80.4242477417, 185.423202515, 275.70501709, 283.32144165, 443.442108154, 1167.92993164, 1591.60351563, 3013.01489258, 6133.78564453, 6559.19921875, 2973.82714844, 2339.38891602, 1115.05773926, 753.032714844, 688.557006836, 411.742462158, 231.754592896, 337.589508057, 429.589233398, 428.765411377, 306.632202148, 89.2655029297, 24.1424560547, 5.71235322952, 6.0767493248, 6.03269672394, 4.13085699081, 4.03753328323, 2.10736823082, 0.342076271772, 0.0681341961026, 0.0222201962024, 0.00162092689425, 0.000286311871605, 0.000235553685343]}, "silence_rate_30dB": {"dmean": 0.00383435585536, "dvar2": 0.00914498232305, "mean": 0.995591342449, "var": 0.00438913004473, "dmean2": 0.00767018226907, "dvar": 0.00381981860846, "min": 0, "median": 1, "max": 1}, "silence_rate_60dB": {"dmean": 0.103911042213, "dvar2": 0.186520516872, "mean": 0.504887878895, "var": 0.249962702394, "dmean2": 0.207861930132, "dvar": 0.0931172892451, "min": 0, "median": 1, "max": 1}, "spectral_energyband_middle_low": {"dmean": 0.00221326574683, "dvar2": 3.7332658394e-05, "mean": 0.00542803667486, "var": 9.15890559554e-05, "dmean2": 0.00299429404549, "dvar": 2.26186803047e-05, "min": 2.45942116813e-22, "median": 0.00145749514922, "max": 0.0772262066603}, "spectral_spread": {"dmean": 408285.875, "dvar2": 777214492672, "mean": 2381813.5, "var": 3314126946300.0, "dmean2": 6