{"tonal": {"chords_key": "E", "hpcp_entropy": {"dmean": 0.607839405537, "dmean2": 1.01144826412, "max": 4.75496912003, "dvar": 0.260233283043, "mean": 2.11100006104, "dvar2": 0.698794722557, "min": 0, "var": 0.698120832443, "median": 2.09350466728}, "key_key": "E", "chords_strength": {"dmean": 0.00914046820253, "dmean2": 0.00904347840697, "max": 0.773333489895, "dvar": 5.8381796407e-05, "mean": 0.523584961891, "dvar2": 6.76377530908e-05, "min": 0.219927325845, "var": 0.00758588546887, "median": 0.527373015881}, "key_scale": "major", "chords_number_rate": 0.00147031794768, "thpcp": [1, 0.620502829552, 0.271749556065, 0.216924935579, 0.175092503428, 0.299464464188, 0.459433019161, 0.359279096127, 0.231453433633, 0.21348951757, 0.212436124682, 0.421683549881, 0.554726302624, 0.437144756317, 0.458962529898, 0.45943570137, 0.325816333294, 0.313400685787, 0.346441805363, 0.348055630922, 0.619353175163, 0.93863761425, 0.685784161091, 0.325752556324, 0.249786093831, 0.222124531865, 0.33048376441, 0.441041648388, 0.328660428524, 0.237985357642, 0.22314080596, 0.212536230683, 0.395978689194, 0.499855965376, 0.366007477045, 0.667994439602], "key_strength": 0.907763242722, "tuning_nontempered_energy_ratio": 0.675107896328, "tuning_frequency": 440.763122559, "chords_changes_rate": 0.0492556504905, "tuning_diatonic_strength": 0.678607940674, "chords_scale": "major", "chords_histogram": [49.3291664124, 7.42510557175, 17.2946147919, 1.28652822971, 0.0918948724866, 0.110273845494, 0.441095381975, 0, 0, 0.165410771966, 0.735158979893, 0, 0, 0, 0, 1.04760158062, 0, 1.72762358189, 0.0735158994794, 0.0735158994794, 0, 0, 15.6037492752, 4.59474372864], "tuning_equal_tempered_deviation": 0.0469497703016, "hpcp": {"dmean": [0.145641669631, 0.130910858512, 0.133581832051, 0.138066023588, 0.151132717729, 0.194663703442, 0.219803616405, 0.198019191623, 0.145621731877, 0.111467942595, 0.0911861881614, 0.101644530892, 0.111148990691, 0.0939885601401, 0.0823616608977, 0.0798842906952, 0.0813816413283, 0.120887711644, 0.139549136162, 0.123195230961, 0.16005949676, 0.176496386528, 0.157849520445, 0.111818313599, 0.0869707465172, 0.0712354630232, 0.0901965275407, 0.114164479077, 0.109224140644, 0.0969718024135, 0.0935185849667, 0.0960182398558, 0.130843773484, 0.147307053208, 0.146735310555, 0.150322705507], "dmean2": [0.256503283978, 0.235852614045, 0.242306098342, 0.249359861016, 0.275027543306, 0.339602857828, 0.374401152134, 0.34485077858, 0.262535989285, 0.204382374883, 0.166266307235, 0.178922638297, 0.190133437514, 0.162032917142, 0.145362198353, 0.140075102448, 0.145171880722, 0.2085300982, 0.239613026381, 0.216803431511, 0.271587073803, 0.29916420579, 0.270328789949, 0.202436968684, 0.157238081098, 0.128473475575, 0.155945345759, 0.191709548235, 0.190095573664, 0.172178119421, 0.168628767133, 0.175612196326, 0.229885965586, 0.258617281914, 0.258491694927, 0.263734817505], "max": [1, 1, 1, 1, 1, 1, 1, 1, 1, 1, 1, 1, 1, 1, 1, 1, 1, 1, 1, 1, 1, 1, 1, 1, 1, 1, 1, 1, 1, 1, 1, 1, 1, 1, 1, 1], "dvar": [0.0502067022026, 0.0444343611598, 0.0469343736768, 0.0483971759677, 0.0497012995183, 0.0551331341267, 0.0573906227946, 0.0521160848439, 0.0509644672275, 0.0416995733976, 0.030892893672, 0.0307138673961, 0.0312828794122, 0.0224136207253, 0.0215547587723, 0.0221136324108, 0.0234748702496, 0.0307077206671, 0.0371641479433, 0.0310074239969, 0.0375308394432, 0.0511402562261, 0.0361626446247, 0.0345924757421, 0.0269489567727, 0.0218013618141, 0.0220582839102, 0.0294314268976, 0.0314659290016, 0.0350434146821, 0.0337840765715, 0.0346621759236, 0.0389366783202, 0.0446706190705, 0.0428920984268, 0.0509320646524], "mean": [0.18521477282, 0.131348088384, 0.126342892647, 0.13966293633, 0.140313535929, 0.249683171511, 0.378398001194, 0.276463836432, 0.131322368979, 0.100697606802, 0.0895462557673, 0.13322968781, 0.177799478173, 0.132494643331, 0.0959403142333, 0.0899559482932, 0.0856808722019, 0.159633010626, 0.201509609818, 0.147550553083, 0.26929217577, 0.403135359287, 0.250146627426, 0.109551854432, 0.0874501094222, 0.0705859810114, 0.120724715292, 0.185213699937, 0.144838109612, 0.0933070629835, 0.0860651731491, 0.0856405124068, 0.169995546341, 0.223629787564, 0.176228508353, 0.185024023056], "dvar2": [0.13562092185, 0.12715369463, 0.134736612439, 0.135622486472, 0.142120093107, 0.153383731842, 0.147279366851, 0.141240283847, 0.142991438508, 0.117297418416, 0.0868262946606, 0.085636921227, 0.0812412425876, 0.0605397671461, 0.0609171800315, 0.0618844255805, 0.0648793801665, 0.0862485915422, 0.0983853414655, 0.086191162467, 0.101545073092, 0.123064503074, 0.101448982954, 0.0976752713323, 0.0754150301218, 0.0619724355638, 0.0603131689131, 0.0750651583076, 0.0830089598894, 0.0954270809889, 0.0946310460567, 0.0989094153047, 0.107931509614, 0.120707847178, 0.120550468564, 0.139281511307], "min": [0, 0, 0, 0, 0, 0, 0, 0, 0, 0, 0, 0, 0, 0, 0, 0, 0, 0, 0, 0, 0, 0, 0, 0, 0, 0, 0, 0, 0, 0, 0, 0, 0, 0, 0, 0], "var": [0.0738141611218, 0.0435587987304, 0.0426385886967, 0.0541368946433, 0.0456657260656, 0.0677857249975, 0.107731893659, 0.0729108378291, 0.0447158627212, 0.0324391983449, 0.024546135217, 0.0404858551919, 0.063675545156, 0.0313609689474, 0.0202204491943, 0.0199298709631, 0.0201321616769, 0.0383942164481, 0.0605585873127, 0.03579024598, 0.0714147761464, 0.139450013638, 0.0576123744249, 0.0304905548692, 0.0232625734061, 0.0172986332327, 0.027677135542, 0.0643181949854, 0.0412196330726, 0.02982930094, 0.0282284561545, 0.0258696973324, 0.0505424588919, 0.0850537866354, 0.0507177002728, 0.0714760795236], "median": [0.0587707422674, 0.0423100553453, 0.0415228940547, 0.0429277122021, 0.0480858013034, 0.142307773232, 0.251767426729, 0.168573871255, 0.0446911752224, 0.0350011028349, 0.0351877249777, 0.0577765889466, 0.0750818252563, 0.0678064748645, 0.0473710484803, 0.040369797498, 0.0349835790694, 0.087466917932, 0.104250654578, 0.0747854039073, 0.155535161495, 0.242915853858, 0.159971058369, 0.04569933936, 0.035062648356, 0.028458667919, 0.0574880279601, 0.0807815864682, 0.0650426521897, 0.0327247530222, 0.0268694180995, 0.0302291922271, 0.0722302123904, 0.0905531346798, 0.0758883804083, 0.0634649917483]}}, "lowlevel": {"melbands_flatness_db": {"dmean": 0.0216306708753, "dmean2": 0.0335641652346, "max": 0.564258158207, "dvar": 0.000466707657324, "mean": 0.165969982743, "dvar2": 0.00111479964107, "min": 0.00381080759689, "var": 0.0057113324292, "median": 0.145250856876}, "melbands_crest": {"dmean": 3.16685676575, "dmean2": 5.16561746597, "max": 37.5988578796, "dvar": 8.66850185394, "mean": 12.7179899216, "dvar2": 20.826007843, "min": 1.62133383751, "var": 23.429315567, "median": 11.8297176361}, "spectral_entropy": {"dmean": 0.0888866633177, "dmean2": 0.134025394917, "max": 9.81220436096, "dvar": 0.0109414840117, "mean": 7.73932790756, "dvar2": 0.0214817896485, "min": 5.23055887222, "var": 0.240931168199, "median": 7.90577983856}, "melbands": {"dmean": [0.00136014353484, 0.00169883610215, 0.00049104221398, 0.000421785516664, 0.000213131017517, 0.000181093870196, 0.000106374369352, 0.000109216569399, 0.000141364900628, 0.000171924431925, 0.000142330551171, 7.6835611253e-05, 9.61950572673e-05, 6.09729759162e-05, 9.07219655346e-05, 4.63443866465e-05, 4.57370697404e-05, 4.56876659882e-05, 3.69544250134e-05, 2.75512684311e-05, 3.78189943149e-05, 2.28410208365e-05, 1.43863435369e-05, 1.10516093628e-05, 1.08970616566e-05, 9.88575902738e-06, 8.07348897069e-06, 6.87427200319e-06, 5.61412844036e-06, 3.14360022458e-06, 2.72927877631e-06, 2.36353957916e-06, 1.59061801241e-06, 1.47648404436e-06, 1.5887274003e-06, 1.52804864229e-06, 1.17235890684e-06, 9.96487756311e-07, 9.90282615021e-07, 6.07230106198e-07], "dmean2": [0.00210659066215, 0.00300569366664, 0.000839934684336, 0.000720923242625, 0.000366100342944, 0.000316062971251, 0.00018117671425, 0.000176033718162, 0.000216632222873, 0.00024957297137, 0.000208633588045, 0.00011250100215, 0.000148587540025, 9.65647195699e-05, 0.00013982882956, 7.31453328626e-05, 7.24616911612e-05, 7.26270955056e-05, 5.89060218772e-05, 4.46511003247e-05, 6.11856812611e-05, 3.80982892239e-05, 2.38770317083e-05, 1.88105477719e-05, 1.85209137271e-05, 1.67820544448e-05, 1.37695724334e-05, 1.16829805847e-05, 9.76452702162e-06, 5.39722896065e-06, 4.7406451813e-06, 4.07225388699e-06, 2.69130691777e-06, 2.42132182393e-06, 2.55095642387e-06, 2.452165063e-06, 1.87328271295e-06, 1.55243878908e-06, 1.55668340085e-06, 9.27379744553e-07], "max": [0.0230835508555, 0.033243432641, 0.00971996411681, 0.0130128897727, 0.00692493328825, 0.00658694654703, 0.0039634462446, 0.00602332036942, 0.00689167389646, 0.00723894638941, 0.00743831275031, 0.00412977719679, 0.00416502635926, 0.00356910331175, 0.00559607381001, 0.00212679896504, 0.00313395517878, 0.00221860711463, 0.0023066077847, 0.00121416000184, 0.00136350572575, 0.00110451853834, 0.000349127629306, 0.000267233117484, 0.000354083400453, 0.000395985989599, 0.000245879404247, 0.000115563219879, 0.000142275821418, 8.25202878332e-05, 0.000130747430376, 6.44323008601e-05, 8.60757936607e-05, 7.31985492166e-05, 9.29640154936e-05, 8.49880016176e-05, 4.86674070999e-05, 6.90543747623e-05, 5.03609517182e-05, 5.93434051552e-05], "dvar": [5.09293658979e-06, 1.05613671622e-05, 3.90501327274e-07, 9.1709608796e-07, 1.61317629477e-07, 1.80208175493e-07, 4.4081804873e-08, 5.38441398135e-08, 7.75102719786e-08, 9.48769667275e-08, 1.05457409916e-07, 3.10505079426e-08, 3.90880146028e-08, 2.27701768551e-08, 3.4276123273e-08, 9.81294068225e-09, 1.15257039468e-08, 6.14277739786e-09, 8.03458544141e-09, 2.79778999968e-09, 3.53601814496e-09, 1.12054365786e-09, 3.47760681363e-10, 2.10839554149e-10, 2.02122193982e-10, 2.10176431814e-10, 1.40909367508e-10, 7.84018475142e-11, 6.38461020164e-11, 2.15121115366e-11, 1.98167402626e-11, 1.66883104558e-11, 9.96856416857e-12, 9.69378743942e-12, 8.77912846586e-12, 7.74431647282e-12, 4.79410781906e-12, 5.71299171165e-12, 5.25971063578e-12, 4.33255731638e-12], "mean": [0.00197094911709, 0.00217408617027, 0.000847170769703, 0.000576704565901, 0.000332976836944, 0.000247925490839, 0.000166469661053, 0.000196655731997, 0.000319467508234, 0.000452528765891, 0.000376260315534, 0.000202208160772, 0.000176561981789, 0.000111369401566, 0.000179207941983, 9.42387850955e-05, 8.59571955516e-05, 9.0171553893e-05, 7.53056010581e-05, 5.78646504437e-05, 8.02739305072e-05, 5.06371325173e-05, 3.22097002936e-05, 2.42358692049e-05, 2.43228932959e-05, 2.15367454075e-05, 1.74274118763e-05, 1.64919274539e-05, 1.28399860841e-05, 6.88105092195e-06, 5.32499234396e-06, 4.5418451009e-06, 3.15634156323e-06, 3.15299939757e-06, 3.48146477336e-06, 3.36391212841e-06, 2.69410475084e-06, 2.13859470932e-06, 2.02287014872e-06, 1.26887334773e-06], "dvar2": [1.15364791782e-05, 2.9777387681e-05, 1.09041320684e-06, 2.47526963904e-06, 4.45011551164e-07, 5.06445189785e-07, 1.18123111292e-07, 1.25101067283e-07, 1.73623448063e-07, 1.8449706829e-07, 2.22903310032e-07, 6.0107737454e-08, 8.97705092484e-08, 4.68772540785e-08, 7.26671345319e-08, 2.12849524672e-08, 2.50748986019e-08, 1.39709008806e-08, 1.86893149845e-08, 6.31026120246e-09, 8.47468584197e-09, 2.83418244429e-09, 9.0319957069e-10, 5.8237487055e-10, 5.57856094652e-10, 5.4644017089e-10, 3.8240610678e-10, 2.21040366566e-10, 1.82167170237e-10, 5.95161628314e-11, 5.37205176177e-11, 4.61217383729e-11, 2.45454021691e-11, 2.16648608775e-11, 1.96062922841e-11, 1.77459661549e-11, 1.086656546e-11, 1.26396367331e-11, 1.08779053473e-11, 8.59902860723e-12], "min": [5.33377503532e-25, 3.80066399932e-24, 4.78480387175e-24, 3.96174702958e-24, 2.24198509391e-24, 2.29252090401e-24, 3.7215085128e-24, 2.61971871382e-24, 5.20820090237e-24, 4.64799369711e-24, 3.0988617836e-24, 3.43300551368e-24, 4.60176802579e-24, 5.91955188492e-24, 3.01868393334e-24, 4.48168288563e-24, 3.27138980509e-24, 4.23424443536e-24, 4.62399497065e-24, 6.46941791257e-24, 9.60351298521e-24, 7.72056511332e-24, 6.28425017001e-24, 5.65747138739e-24, 5.30560353049e-24, 5.32212148899e-24, 6.81456151912e-24, 4.03919897098e-24, 5.45028969241e-24, 7.23360679855e-24, 7.23144689739e-24, 6.7408550893e-24, 5.41941170443e-24, 6.15290049056e-24, 6.58907549012e-24, 7.79670833447e-24, 7.84192584156e-24, 7.69153976517e-24, 7.27082525606e-24, 7.56684136644e-24], "var": [6.74109924148e-06, 8.86527777766e-06, 6.07669790043e-07, 8.34586842302e-07, 1.87381530736e-07, 1.61631874107e-07, 6.13579658193e-08, 1.33524508783e-07, 2.76421047829e-07, 5.71378620862e-07, 6.72362034493e-07, 1.99014152713e-07, 7.50239905756e-08, 4.82728168549e-08, 1.11575211292e-07, 2.75735665412e-08, 2.67134652177e-08, 1.66195732731e-08, 2.63845763016e-08, 6.20697360176e-09, 1.01517594331e-08, 3.24773941074e-09, 8.15736089788e-10, 4.12112899362e-10, 4.40829095449e-10, 4.89520701752e-10, 2.86147328055e-10, 1.85182577606e-10, 1.23601115454e-10, 3.99086388936e-11, 3.22829506183e-11, 2.62657586653e-11, 1.99097318493e-11, 2.27315319346e-11, 2.28938083768e-11, 2.01440513575e-11, 1.18574611935e-11, 1.30917629168e-11, 1.17194561347e-11, 1.07513217079e-11], "median": [0.00108659465332, 0.00133734522387, 0.000675658870023, 0.000330613082042, 0.000205654534511, 0.000130040862132, 9.68139065662e-05, 0.000100043442217, 0.000136192611535, 0.000190549981198, 9.86429586192e-05, 6.92932590027e-05, 9.74715512712e-05, 6.15770404693e-05, 8.55684775161e-05, 5.25289724465e-05, 4.50399056717e-05, 5.95165693085e-05, 4.00240933232e-05, 4.0395931137e-05, 5.85737616348e-05, 3.9965747419e-05, 2.77117142105e-05, 2.19534103962e-05, 2.18021359615e-05, 1.80367715075e-05, 1.52054035425e-05, 1.52756874741e-05, 1.19307987916e-05, 6.03864873483e-06, 4.26192673331e-06, 3.36659354616e-06, 2.19317712435e-06, 2.17025649363e-06, 2.33613855016e-06, 2.20189076572e-06, 1.9315677946e-06, 1.27923124182e-06, 1.20108143165e-06, 6.51933362406e-07]}, "silence_rate_60dB": {"dmean": 0.00147058826406, "dmean2": 0.00294144684449, "max": 1, "dvar": 0.00146835437045, "mean": 0.095487549901, "dvar2": 0.00293311150745, "min": 0, "var": 0.0863523408771, "median": 0}, "spectral_energyband_middle_high": {"dmean": 0.00240262178704, "dmean2": 0.00373170780949, "max": 0.065848402679, "dvar": 1.015216003e-05, "mean": 0.0107128201053, "dvar2": 2.28811513807e-05, "min": 1.37389095677e-21, "var": 7.87911194493e-05, "median": 0.00891086924821}, "erbbands_skewness": {"dmean": 0.271886497736, "dmean2": 0.416658788919, "max": 4.00102043152, "dvar": 0.0611106157303, "mean": 0.00359304482117, "dvar2": 0.146818041801, "min": -4.37138605118, "var": 0.580620408058, "median": -0.0849284902215}, "dynamic_complexity": 3.70607924461, "dissonance": {"dmean": 0.0130214942619, "dmean2": 0.0221125595272, "max": 0.500000059605, "dvar": 0.000192904015421, "mean": 0.475180804729, "dvar2": 0.000532626640052, "min": 0.300564587116, "var": 0.000573258672375, "median": 0.482787311077}, "spectral_skewness": {"dmean": 0.205461278558, "dmean2": 0.351577699184, "max": 7.29864549637, "dvar": 0.107215575874, "mean": 1.57449889183, "dvar2": 0.334485799074, "min": -0.0706494152546, "var": 0.392173975706, "median": 1.40088641644}, "spectral_kurtosis": {"dmean": 1.8966242075, "dmean2": 3.31742811203, "max": 83.313583374, "dvar": 20.0342464447, "mean": 5.88771867752, "dvar2": 63.432888031, "min": -1.25978529453, "var": 59.13539505, "median": 3.59576511383}, "gfcc": {"cov": [[26222.5585938, -2674.77636719, 976.267578125, 1919.59082031, -2079.92773438, 1860.93823242, -306.23916626, 162.758255005, -1214.06054688, 255.295639038, -320.651000977, -163.763626099, -193.637268066], [-2674.77636719, 1425.16748047, -387.850128174, -268.638641357, 419.671691895, -393.259918213, 161.260620117, -149.283157349, 179.528930664, -112.711250305, 76.2099990845, -46.0554084778, 33.3252487183], [976.267578125, -387.850128174, 836.594787598, 296.238616943, -15.5244684219, 206.478103638, -40.5581130981, 18.0169830322, -75.5287246704, 57.7916259766, -49.6723442078, 23.9952812195, -87.4805755615], [1919.59082031, -268.638641357, 296.238616943, 591.415649414, -70.6802825928, 177.815139771, -19.8944416046, 11.2929201126, -81.8197250366, 35.5788650513, -40.2974853516, -49.2022628784, -35.1402015686], [-2079.92773438, 419.671691895, -15.5244684219, -70.6802825928, 445.643005371, -192.041183472, 80.1268692017, -32.2249984741, 117.197250366, -25.0590934753, 24.1137657166, -13.8007097244, 14.1602249146], [1860.93823242, -393.259918213, 206.478103638, 177.815139771, -192.041183472, 363.538635254, -2.80929923058, 60.3788375854, -90.2280426025, 39.0024032593, -29.0543079376, -5.45197057724, -28.9059085846], [-306.23916626, 161.260620117, -40.5581130981, -19.8944416046, 80.1268692017, -2.80929923058, 144.39553833, 24.5829677582, 27.2580337524, -14.4937353134, 14.5407791138, -23.6430530548, 4.62466478348], [162.758255005, -149.283157349, 18.0169830322, 11.2929201126, -32.2249984741, 60.3788375854, 24.5829677582, 120.085662842, 18.1538524628, 23.6163291931, -6.30627202988, 0.280119627714, -0.0995691418648], [-1214.06054688, 179.528930664, -75.5287246704, -81.8197250366, 117.197250366, -90.2280426025, 27.2580337524, 18.1538524628, 137.437759399, 10.150642395, 16.321018219, -3.76076722145, 11.6368083954], [255.295639038, -112.711250305, 57.7916259766, 35.5788650513, -25.0590934753, 39.0024032593, -14.4937353134, 23.6163291931, 10.150642395, 82.356590271, 22.890871048, 12.9680490494, 0.890581667423], [-320.651000977, 76.2099990845, -49.6723442078, -40.2974853516, 24.1137657166, -29.0543079376, 14.5407791138, -6.30627202988, 16.321018219, 22.890871048, 72.3911972046, 29.8982791901, 13.1586227417], [-163.763626099, -46.0554084778, 23.9952812195, -49.2022628784, -13.8007097244, -5.45197057724, -23.6430530548, 0.280119627714, -3.76076722145, 12.9680490494, 29.8982791901, 79.1411743164, 24.3648147583], [-193.637268066, 33.3252487183, -87.4805755615, -35.1402015686, 14.1602249146, -28.9059085846, 4.62466478348, -0.0995691418648, 11.6368083954, 0.890581667423, 13.1586227417, 24.3648147583, 66.4658355713]], "mean": [13.9782457352, 85.0080184937, -129.871078491, 29.7786216736, -45.5087127686, 19.2186908722, -32.71925354, 16.7139568329, -20.8608016968, 1.73418307304, -16.534942627, -1.88662564754, -9.56940174103], "icov": [[0.000127201230498, -9.19804660953e-05, 7.13475965313e-05, -0.000220673508011, 0.000298596511129, -0.000257821404375, 2.52436552728e-06, -7.7485528891e-05, 0.000732837477699, -0.000428612722317, 0.000316484569339, 6.94678819855e-05, 7.21869400877e-06], [-9.19804660953e-05, 0.00190644804388, 0.000189615951967, 0.000253845821135, -0.000773603038397, 0.000823335663881, -0.00132450240199, 0.0019204581622, -0.0017684007762, 0.00179187348112, -0.00161401182413, 0.000736018526368, 0.000113177076855], [7.13475965313e-05, 0.000189615951967, 0.00240180804394, -0.000904225104023, -0.000788220670074, -0.000823689450044, -0.000246452633291, 0.000427937193308, 0.000807160220575, -0.00157382769976, 0.0021825323347, -0.00278154853731, 0.00309075112455], [-0.000220673508011, 0.000253845821135, -0.000904225104023, 0.00296105537564, -0.000667398271617, -0.000157788672368, 0.000314218836138, 0.000288882642053, -0.00041584688006, 0.00015849583724, -0.000844117137603, 0.00234143249691, -0.000963174854405], [0.000298596511129, -0.000773603038397, -0.000788220670074, -0.000667398271617, 0.00505300518125, 0.000921851838939, -0.00148510793224, 0.000208916972042, -0.000530262652319, -0.000505449075717, 0.000392711692257, 0.000689180043992, -0.000935231801122], [-0.000257821404375, 0.000823335663881, -0.000823689450044, -0.000157788672368, 0.000921851838939, 0.00608836766332, -0.0018882653676, -0.000897646474186, -0.000181176539627, -2.87743041554e-05, -0.000280367443338, 0.00012918250286, 0.000290251569822], [2.52436552728e-06, -0.00132450240199, -0.000246452633291, 0.000314218836138, -0.00148510793224, -0.0018882653676, 0.0109945759177, -0.00404960149899, 0.000705584301613, 0.00204999465495, -0.00355661311187, 0.00396794360131, -0.00166410987731], [-7.7485528891e-05, 0.0019204581622, 0.000427937193308, 0.000288882642053, 0.000208916972042, -0.000897646474186, -0.00404960149899, 0.0130679067224, -0.0045948671177, -0.00119804765563, 0.00134321860969, -0.000888182839844, 0.000273966550594], [0.000732837477699, -0.0017684007762, 0.000807160220575, -0.00041584688006, -0.000530262652319, -0.000181176539627, 0.000705584301613, -0.0045948671177, 0.017244387418, -0.00678184395656, 0.00285262521356, 0.000960006727837, -2.5717790777e-06], [-0.000428612722317, 0.00179187348112, -0.00157382769976, 0.00015849583724, -0.000505449075717, -2.87743041554e-05, 0.00204999465495, -0.00119804765563, -0.00678184395656, 0.0210420433432, -0.0108030876145, 0.00216430681758, -0.0019332326483], [0.000316484569339, -0.00161401182413, 0.0021825323347, -0.000844117137603, 0.000392711692257, -0.000280367443338, -0.00355661311187, 0.00134321860969, 0.00285262521356, -0.0108030876145, 0.0253411475569, -0.0110427299514, 0.0028778554406], [6.94678819855e-05, 0.000736018526368, -0.00278154853731, 0.00234143249691, 0.000689180043992, 0.00012918250286, 0.00396794360131, -0.000888182839844, 0.000960006727837, 0.00216430681758, -0.0110427299514, 0.0236549470574, -0.0096400398761], [7.21869400877e-06, 0.000113177076855, 0.00309075112455, -0.000963174854405, -0.000935231801122, 0.000290251569822, -0.00166410987731, 0.000273966550594, -2.5717790777e-06, -0.0019332326483, 0.0028778554406, -0.0096400398761, 0.0220004431903]]}, "spectral_complexity": {"dmean": 3.67003679276, "dmean2": 6.00257396698, "max": 61, "dvar": 13.9441452026, "mean": 31.9046039581, "dvar2": 33.9216804504, "min": 0, "var": 202.441253662, "median": 37}, "spectral_flux": {"dmean": 0.0236890539527, "dmean2": 0.0365803726017, "max": 0.350917875767, "dvar": 0.000804990995675, "mean": 0.0923779830337, "dvar2": 0.0015667132102, "min": 6.59702292793e-11, "var": 0.00252142269164, "median": 0.088206641376}, "spectral_energyband_low": {"dmean": 0.00745547749102, "dmean2": 0.0121429506689, "max": 0.144347280264, "dvar": 0.000166144702234, "mean": 0.0116230761632, "dvar2": 0.000431575899711, "min": 2.31558443586e-23, "var": 0.000184703138075, "median": 0.00776575598866}, "spectral_decrease": {"dmean": 2.59030330518e-09, "dmean2": 4.2028776015e-09, "max": 1.46449289826e-28, "dvar": 1.32620188434e-17, "mean": -8.11891709418e-09, "dvar2": 3.45785451198e-17, "min": -3.9530561935e-08, "var": 2.41583606919e-17, "median": -7.74879005405e-09}, "barkbands_spread": {"dmean": 4.89143323898, "dmean2": 7.6866145134, "max": 108.475311279, "dvar": 30.9789600372, "mean": 29.3212947845, "dvar2": 70.8038787842, "min": 1.19674837589, "var": 171.742279053, "median": 29.3483428955}, "spectral_rms": {"dmean": 0.000766209559515, "dmean2": 0.00121228687931, "max": 0.0121681569144, "dvar": 8.94943639196e-07, "mean": 0.00534905493259, "dvar2": 2.26816837312e-06, "min": 3.18896818674e-12, "var": 4.18173249273e-06, "median": 0.00563089223579}, "spectral_centroid": {"dmean": 196.18901062, "dmean2": 313.915588379, "max": 11295.0195312, "dvar": 47244, "mean": 1758.19958496, "dvar2": 108658.070312, "min": 173.783309937, "var": 357037, "median": 1799.24389648}, "barkbands_skewness": {"dmean": 0.403525799513, "dmean2": 0.633245050907, "max": 10.2535200119, "dvar": 0.173809990287, "mean": 0.859429657459, "dvar2": 0.425473898649, "min": -4.29640626907, "var": 0.959332883358, "median": 0.713232636452}, "spectral_rolloff": {"dmean": 456.992980957, "dmean2": 732.889892578, "max": 19702.8808594, "dvar": 554566, "mean": 1921.88415527, "dvar2": 1182103.875, "min": 21.533203125, "var": 1662952.125, "median": 1830.32226562}, "erbbands_spread": {"dmean": 5.49493741989, "dmean2": 8.68654537201, "max": 107.010635376, "dvar": 34.1418037415, "mean": 31.7355861664, "dvar2": 81.8246765137, "min": 1.5887131691, "var": 175.85496521, "median": 31.3163032532}, "barkbands": {"dmean": [9.56449221121e-05, 0.00536876823753, 0.0028386474587, 0.000917155935895, 0.00172847532667, 0.000951400550548, 0.000544133537915, 0.000474294589367, 0.00128998013679, 0.000783703580964, 0.000654725532513, 0.000714653753676, 0.000519175257068, 0.00055890600197, 0.000481479481095, 0.000474133645184, 0.000346713932231, 0.000222552363994, 0.000245204370003, 0.000208271594602, 0.000129335807287, 9.6114781627e-05, 8.35064129205e-05, 7.89118348621e-05, 5.95450110268e-05, 2.10050402529e-05, 5.18218621437e-06], "dmean2": [0.00015452579828, 0.00852796528488, 0.00502620171756, 0.00156919227447, 0.00292123085819, 0.00165564473718, 0.000894979573786, 0.000769733102061, 0.0018757826183, 0.00118037778884, 0.00101171294227, 0.0011234289268, 0.000821191759314, 0.000881125801243, 0.00076940539293, 0.000768550671637, 0.0005777196493, 0.000376045121811, 0.000417251634644, 0.000354941352271, 0.00022370753868, 0.000164535114891, 0.000131741820951, 0.000121328848763, 8.88526701601e-05, 2.96059479297e-05, 7.54949815018e-06], "max": [0.00159743544646, 0.100603789091, 0.0429544709623, 0.0199933480471, 0.0533250235021, 0.0287349727005, 0.0279344078153, 0.034527067095, 0.045332826674, 0.0561564564705, 0.0275109894574, 0.0323219150305, 0.0295026414096, 0.0280395150185, 0.0230598077178, 0.0196063090116, 0.0124814892188, 0.00526111712679, 0.00656826049089, 0.00482999486849, 0.00507934065536, 0.00377012300305, 0.00435375003144, 0.00346340588294, 0.00530988071114, 0.00232702121139, 0.000595907098614], "dvar": [1.96828899846e-08, 8.63302484504e-05, 2.32350321312e-05, 1.42203998621e-06, 1.45044023157e-05, 4.22556513513e-06, 1.04462833406e-06, 1.29819841277e-06, 5.15804504175e-06, 4.47975298812e-06, 1.78643711024e-06, 1.99813871404e-06, 1.34504819016e-06, 1.33591925078e-06, 9.21411185573e-07, 6.22887569079e-07, 2.13528934978e-07, 8.1144548858e-08, 1.07743126421e-07, 7.69781891563e-08, 3.8343884512e-08, 2.92429351845e-08, 2.40062334456e-08, 2.71997464552e-08, 3.49206104033e-08, 5.88215076647e-09, 3.38100880626e-10], "mean": [0.000126576924231, 0.00752643821761, 0.00326839275658, 0.00144940672908, 0.00243941694498, 0.00132255977951, 0.000947050983086, 0.00080323277507, 0.00342418556102, 0.00203683553264, 0.00120958033949, 0.00135106046218, 0.00104399560951, 0.00102889270056, 0.00100755121093, 0.00106011633761, 0.000795446045231, 0.000535823695827, 0.000587667513173, 0.000537608226296, 0.000307042297209, 0.000203664589208, 0.000209514982998, 0.000198985464522, 0.000137798531796, 4.65979865112e-05, 8.59986357682e-06], "dvar2": [4.79865533975e-08, 0.000211707520066, 6.67531276122e-05, 3.94045400753e-06, 3.88174630643e-05, 1.18527905215e-05, 2.53459029409e-06, 3.04612149193e-06, 1.03787597254e-05, 9.3208909675e-06, 4.10608754464e-06, 4.15983140556e-06, 2.94291453429e-06, 2.96221901408e-06, 2.16733565139e-06, 1.48753099438e-06, 5.40785094927e-07, 2.19960369918e-07, 2.85187610416e-07, 2.12308478353e-07, 1.06139630418e-07, 7.68612409274e-08, 5.02961015059e-08, 5.69953364504e-08, 6.54816076917e-08, 1.06255697574e-08, 6.14174378022e-10], "min": [6.64526467189e-25, 1.27975721363e-24, 2.59038945701e-24, 3.91749114394e-24, 2.13595007924e-23, 1.10536767761e-23, 1.1106217279e-23, 1.66011549209e-23, 2.74184006174e-23, 2.79252121946e-23, 3.07521899118e-23, 4.48323031518e-23, 3.85571891744e-23, 3.75731861693e-23, 6.74784171479e-23, 1.08600082685e-22, 1.13135515397e-22, 1.40471085619e-22, 1.14097244125e-22, 2.48139012393e-22, 3.43058694503e-22, 3.28433263807e-22, 3.85477626021e-22, 6.70624312288e-22, 9.69157804034e-22, 1.36622863089e-21, 2.10508842698e-21], "var": [2.64927315641e-08, 0.000101163481304, 2.11574897548e-05, 2.67394830189e-06, 1.41282662298e-05, 4.12553163187e-06, 2.02908813662e-06, 3.90934246752e-06, 2.98770919471e-05, 3.13122473017e-05, 3.73946841137e-06, 5.31357591171e-06, 3.97258145313e-06, 3.3339579204e-06, 2.85030796476e-06, 1.70159830759e-06, 5.90805143474e-07, 1.91040427922e-07, 2.73637539294e-07, 1.91490542534e-07, 7.51689768208e-08, 5.56800259233e-08, 7.47041681848e-08, 7.32998799435e-08, 9.53382439661e-08, 1.61026942891e-08, 7.8396861225e-10], "median": [6.82452664478e-05, 0.0041739908047, 0.00170030840673, 0.000982252298854, 0.00138201587833, 0.000700589152984, 0.000551665259991, 0.000353168055881, 0.00144480611198, 0.000469168269774, 0.00062630121829, 0.000734971836209, 0.000559639185667, 0.000539665110409, 0.00061548355734, 0.000775958120357, 0.000663573038764, 0.000493162544444, 0.00052803370636, 0.000507813587319, 0.00028176032356, 0.000154960216605, 0.000148184466525, 0.000138309464091, 7.92473874753e-05, 2.0107076125e-05, 1.21873006265e-06]}, "melbands_kurtosis": {"dmean": 3.62014484406, "dmean2": 5.95693302155, "max": 162.058166504, "dvar": 44.4149551392, "mean": 6.1333360672, "dvar2": 114.665596008, "min": -1.85174703598, "var": 133.994033813, "median": 2.88727712631}, "erbbands_crest": {"dmean": 2.11475729942, "dmean2": 3.35052371025, "max": 30.4810638428, "dvar": 4.7451467514, "mean": 8.60265541077, "dvar2": 11.3473644257, "min": 2.2819890976, "var": 21.0780563354, "median": 7.31647825241}, "melbands_skewness": {"dmean": 0.587264955044, "dmean2": 0.929343402386, "max": 10.4881601334, "dvar": 0.442459195852, "mean": 1.83791863918, "dvar2": 1.10647892952, "min": -2.68315839767, "var": 1.75311231613, "median": 1.62389755249}, "spectral_energyband_middle_low": {"dmean": 0.00392850022763, "dmean2": 0.00638526724651, "max": 0.0668641030788, "dvar": 4.06922517868e-05, "mean": 0.0107557019219, "dvar2": 0.000108267537144, "min": 2.36271313204e-22, "var": 7.63581847423e-05, "median": 0.00865183956921}, "spectral_contrast_coeffs": {"dmean": [0.0498528890312, 0.0426314622164, 0.0349569506943, 0.0287641920149, 0.019296515733, 0.0165177155286], "dmean2": [0.0835393071175, 0.0708472728729, 0.0560959950089, 0.0469012074172, 0.0318418368697, 0.0272068344057], "max": [-0.352176219225, -0.472277224064, -0.459264874458, -0.517533123493, -0.575034737587, -0.566784203053], "dvar": [0.00182922021486, 0.001249089255, 0.00080803380115, 0.000528873351868, 0.000263389170868, 0.00022683077259], "mean": [-0.683270633221, -0.754180908203, -0.746041357517, -0.767867922783, -0.785141289234, -0.767073273659], "dvar2": [0.00509364064783, 0.00344582344405, 0.00204989407212, 0.00134202558547, 0.000683647638652, 0.000597500300501], "min": [-0.969879806042, -0.980745315552, -0.971220433712, -0.967538774014, -0.965838611126, -0.962415933609], "var": [0.00484813004732, 0.00446257414296, 0.005345643498, 0.00278267473914, 0.0016757552512, 0.00135804689489], "median": [-0.685794115067, -0.761426627636, -0.758694648743, -0.775755941868, -0.79433709383, -0.761927783489]}, "spectral_contrast_valleys": {"dmean": [0.362736970186, 0.351311028004, 0.280441403389, 0.233545273542, 0.18923945725, 0.216385275126], "dmean2": [0.601074814796, 0.587855815887, 0.458757758141, 0.380484163761, 0.304720103741, 0.337129175663], "max": [-5.39598751068, -4.49353599548, -4.84189510345, -5.70880270004, -5.65629482269, -7.48797798157], "dvar": [0.101911321282, 0.116487815976, 0.0686156451702, 0.0566922873259, 0.0584545023739, 0.0921890512109], "mean": [-7.18989086151, -6.74607992172, -7.14398241043, -7.29633426666, -7.19174671173, -10.0371131897], "dvar2": [0.260266214609, 0.303521573544, 0.158734634519, 0.123813152313, 0.119096137583, 0.20266649127], "min": [-27.6796073914, -27.9116954803, -27.4891452789, -27.5627880096, -27.3888263702, -27.3383636475], "var": [3.13681173325, 2.22667336464, 2.71791005135, 2.43416666985, 3.38235807419, 4.37429904938], "median": [-6.70063018799, -6.44243907928, -6.69540214539, -6.80571508408, -6.46945238113, -9.27506923676]}, "silence_rate_20dB": {"dmean": 0, "dmean2": 0, "max": 1, "dvar": 0, "mean": 1, "dvar2": 0, "min": 1, "var": 0, "median": 1}, "silence_rate_30dB": {"dmean": 0, "dmean2": 0, "max": 1, "dvar": 0, "mean": 1, "dvar2": 0, "min": 1, "var": 0, "median": 1}, "spectral_strongpeak": {"dmean": 0.661081731319, "dmean2": 1.14165115356, "max": 10.8438529968, "dvar": 1.49213719368, "mean": 1.27317845821, "dvar2": 3.73212003708, "min": 0, "var": 3.18550610542, "median": 0.378292441368}, "spectral_spread": {"dmean": 347367.75, "dmean2": 512529.84375, "max": 43501876, "dvar": 413508960256, "mean": 4283696, "dvar2": 764637085696, "min": 849703.8125, "var": 3224551292930.0, "median": 4334936}, "barkbands_flatness_db": {"dmean": 0.0156486667693, "dmean2": 0.0243853069842, "max": 0.415630638599, "dvar": 0.000256437138887, "mean": 0.107250139117, "dvar2": 0.000617696845438, "min": 0.0144994435832, "var": 0.00416153669357, "median": 0.0880682840943}, "pitch_salience": {"dmean": 0.0658594667912, "dmean2": 0.107505433261, "max": 0.858047246933, "dvar": 0.00397602841258, "mean": 0.55424785614, "dvar2": 0.0098112905398, "min": 0.06141840294, "var": 0.0122023923323, "median": 0.558887779713}, "erbbands_kurtosis": {"dmean": 0.731766879559, "dmean2": 1.14359915257, "max": 35.4710197449, "dvar": 1.2411493063, "mean": 0.691834449768, "dvar2": 2.89594697952, "min": -1.78894460201, "var": 4.1795835495, "median": 0.161988735199}, "average_loudness": 0.9473939538, "barkbands_crest": {"dmean": 2.4971344471, "dmean2": 4.02810430527, "max": 26.287776947, "dvar": 5.63664293289, "mean": 9.19786071777, "dvar2": 13.2585315704, "min": 2.11270236969, "var": 17.7181072235, "median": 8.33960151672}, "hfc": {"dmean": 6.20459270477, "dmean2": 10.0405483246, "max": 152.698898315, "dvar": 66.3108901978, "mean": 32.7587738037, "dvar2": 161.01940918, "min": 1.13214066388e-16, "var": 365.581298828, "median": 33.131149292}, "barkbands_kurtosis": {"dmean": 1.24232685566, "dmean2": 2.01087808609, "max": 123.571258545, "dvar": 7.35504293442, "mean": 1.33674895763, "dvar2": 18.2515201569, "min": -1.90931594372, "var": 33.1889686584, "median": -0.0602993965149}, "erbbands": {"dmean": [0.13826879859, 1.33386135101, 3.29860329628, 2.71829175949, 4.71263694763, 6.65298271179, 5.91426086426, 8.20289039612, 6.82988262177, 10.5012845993, 13.693649292, 27.8154907227, 27.4986152649, 17.118844986, 24.7365226746, 26.9806060791, 24.6327571869, 22.8745555878, 24.7595710754, 24.0976161957, 27.9425983429, 17.913028717, 12.145447731, 11.9836654663, 11.1861801147, 9.44144535065, 6.95386838913, 4.36129140854, 3.55753898621, 2.53785896301, 2.34501957893, 1.91503226757, 1.33824181557, 0.760600566864, 0.378524839878, 0.126431718469, 0.0334956534207, 0.00758638512343, 0.000938767276239, 3.16639998346e-05], "dmean2": [0.21613368392, 2.21550607681, 5.93823432922, 4.65504360199, 8.01804542542, 11.4007024765, 10.1491165161, 14.3465776443, 11.7031612396, 16.868024826, 21.3479328156, 40.7057723999, 40.2901420593, 25.2186698914, 38.4797096252, 41.9775505066, 38.2094421387, 36.183391571, 39.3570823669, 38.6558074951, 45.0118103027, 29.7389583588, 20.3843688965, 20.2520999908, 18.958864212, 16.0670852661, 12.0274543762, 7.54763698578, 6.09400224686, 4.18626499176, 3.6895968914, 3.01241540909, 2.041888237, 1.15378797054, 0.559914171696, 0.181769758463, 0.0482029132545, 0.0108033083379, 0.00136829109397, 4.73720829177e-05], "max": [2.01037359238, 26.1373634338, 57.7383613586, 46.8537521362, 155.729568481, 218.000717163, 238.247650146, 322.7159729, 303.25, 672.618530273, 813.414306641, 1322.19384766, 1332.29370117, 915.147949219, 1127.24951172, 1559.63964844, 1535.14074707, 1478.33532715, 923.125488281, 1520.09594727, 1121.29553223, 853.098754883, 355.31829834, 396.144134521, 371.78704834, 161.841384888, 190.212036133, 204.176467896, 118.613693237, 139.144439697, 129.55267334, 85.2782897949, 71.2763671875, 65.8939971924, 48.8887481689, 14.560377121, 3.95498967171, 1.01488804817, 0.104603908956, 0.00259360205382], "dvar": [0.0505671426654, 5.95086574554, 37.6563911438, 12.2772693634, 90.7249679565, 215.957305908, 122.179641724, 394.86126709, 189.516159058, 495.695037842, 866.898254395, 2653.85083008, 3796.04516602, 1270.63305664, 2901.80932617, 2822.56787109, 2905.57495117, 2715.89575195, 1491.07348633, 2397.53125, 1985.45178223, 650.840454102, 245.63331604, 237.420150757, 263.394042969, 156.032394409, 97.1837234497, 51.4178581238, 38.750831604, 27.5143146515, 19.3908367157, 12.4569883347, 9.83264923096, 5.42611885071, 1.73783123493, 0.21028137207, 0.0155099770054, 0.00069526466541, 1.2289404367e-05, 7.84512987906e-09], "mean": [0.197904422879, 1.75333738327, 3.82602310181, 4.42959690094, 6.46147680283, 9.03119182587, 8.8680896759, 10.9370222092, 10.4651260376, 18.7269859314, 29.3686962128, 74.0738830566, 73.8237609863, 45.4983825684, 47.2251815796, 54.1714096069, 55.4482345581, 46.6804962158, 54.3213920593, 50.915851593, 65.2307662964, 46.0831947327, 31.1961307526, 29.9223155975, 27.0848388672, 24.7695636749, 17.7532978058, 9.72648525238, 7.3912024498, 5.76962280273, 5.86061763763, 4.80547094345, 3.12214136124, 1.72314608097, 0.851145446301, 0.286126464605, 0.070638448, 0.0146853877231, 0.0015722673852, 8.29562341096e-05], "dvar2": [0.107785314322, 15.6180171967, 108.542823792, 34.4251441956, 241.751190186, 597.957824707, 335.777709961, 1110.58435059, 515.260253906, 1137.71801758, 1968.33508301, 5124.10791016, 8045.41015625, 2508.24414062, 6668.03125, 5970.59765625, 6141.83642578, 5853.21435547, 3470.13818359, 5321.68017578, 4720.04199219, 1634.07946777, 669.466064453, 651.316162109, 689.35559082, 435.788726807, 274.813201904, 139.167907715, 104.348312378, 61.5477371216, 40.5958862305, 26.7991104126, 20.9331111908, 10.1939849854, 3.42375040054, 0.388635218143, 0.0294490288943, 0.00121077685617, 2.30167042901e-05, 1.55506310051e-08], "min": [3.77136444312e-23, 7.26248977308e-22, 6.32759120104e-21, 2.06965920698e-20, 4.0957744633e-20, 4.2573816443e-20, 5.62830620134e-20, 1.18855410869e-19, 2.14869314796e-19, 2.48272832485e-19, 5.19377659334e-19, 7.35682649481e-19, 6.59665371573e-19, 8.94081946521e-19, 1.54955878566e-18, 2.06700482317e-18, 1.67038629851e-18, 1.93480688562e-18, 3.1778542055e-18, 3.92745065327e-18, 7.39728348498e-18, 7.37068135648e-18, 8.4837968001e-18, 6.72800462033e-18, 9.41856465902e-18, 9.48249910293e-18, 1.13453909061e-17, 1.43176460616e-17, 1.32511389368e-17, 1.15604098889e-17, 1.20422616209e-17, 1.31776232599e-17, 1.06737880775e-17, 9.59446544346e-18, 7.18916980594e-18, 4.98007437869e-18, 2.62181698709e-18, 1.11460736725e-18, 2.81434554941e-19, 3.1034259157e-20], "var": [0.0706399530172, 5.98588752747, 30.6118774414, 18.5688209534, 86.9724273682, 210.776306152, 146.788375854, 339.849243164, 267.97253418, 1052.28686523, 2530.55932617, 16823.0058594, 22742.0820312, 7053.82519531, 4952.31396484, 7391.18017578, 9783.7734375, 6473.57275391, 4561.47216797, 5979.01904297, 6283.64453125, 2203.40991211, 588.519165039, 595.398925781, 663.900512695, 384.664703369, 214.782577515, 91.4628219604, 68.9779815674, 66.776763916, 59.1004905701, 36.1975860596, 24.0231399536, 14.0817279816, 4.37682676315, 0.561159968376, 0.0405767299235, 0.00185637769755, 2.77463841485e-05, 1.83056485525e-08], "median": [0.102195985615, 0.941488146782, 2.11124324799, 3.34309458733, 4.07991838455, 4.62106847763, 5.19240856171, 5.60896110535, 5.8527469635, 10.0240917206, 13.8708133698, 31.9231529236, 22.818567276, 19.3796272278, 28.3077030182, 31.8413658142, 31.4412517548, 26.9476394653, 37.6908454895, 32.1055679321, 49.23620224, 38.4039382935, 29.2644748688, 27.7363929749, 23.8806056976, 23.5408592224, 16.9500484467, 8.30847549438, 5.59071350098, 4.11817073822, 4.14163589478, 3.44233202934, 1.9695776701, 0.996316671371, 0.462059944868, 0.136565446854, 0.0290281642228, 0.00478068226948, 0.000183659154573, 5.36388106411e-05]}, "spectral_energy": {"dmean": 0.010094393976, "dmean2": 0.0164023321122, "max": 0.151765629649, "dvar": 0.000199028741918, "mean": 0.0336140245199, "dvar2": 0.000519920198712, "min": 1.04237552632e-20, "var": 0.000387829786632, "median": 0.0324996225536}, "zerocrossingrate": {"dmean": 0.00902499072254, "dmean2": 0.0107750417665, "max": 0.51611328125, "dvar": 0.000110431537905, "mean": 0.0722636058927, "dvar2": 0.000127216655528, "min": 0, "var": 0.00109223742038, "median": 0.0703125}, "spectral_energyband_high": {"dmean": 0.000416382303229, "dmean2": 0.000674359675031, "max": 0.015114126727, "dvar": 4.86457281568e-07, "mean": 0.00140653352719, "dvar2": 1.05001549855e-06, "min": 7.39369332079e-21, "var": 1.73486898802e-06, "median": 0.001276091