{"tonal": {"chords_key": "C", "hpcp_entropy": {"dmean": 0.630388557911, "dmean2": 1.05551445484, "max": 4.70170211792, "dvar": 0.287843376398, "mean": 1.84933900833, "dvar2": 0.768199920654, "min": 0, "var": 0.609534084797, "median": 1.82788932323}, "key_key": "C", "chords_strength": {"dmean": 0.0108127780259, "dmean2": 0.0125755639747, "max": 0.824653744698, "dvar": 0.000589762174059, "mean": 0.56014496088, "dvar2": 0.00118971092161, "min": -1, "var": 0.0565639585257, "median": 0.597488224506}, "key_scale": "major", "chords_number_rate": 0.0021534319967, "thpcp": [1, 0.511091351509, 0.232307106256, 0.209333762527, 0.204339385033, 0.2496445328, 0.310705274343, 0.271834135056, 0.214722052217, 0.206711992621, 0.216127946973, 0.345660060644, 0.466997206211, 0.398861169815, 0.386686742306, 0.363192230463, 0.195389002562, 0.118248388171, 0.155521765351, 0.233193829656, 0.429524987936, 0.60243999958, 0.494380772114, 0.297314077616, 0.212146446109, 0.21711550653, 0.324585705996, 0.363682955503, 0.253690540791, 0.208798080683, 0.239194795489, 0.256551712751, 0.304584950209, 0.369419544935, 0.497838705778, 0.915652275085], "key_strength": 0.824816465378, "tuning_nontempered_energy_ratio": 0.752954721451, "tuning_frequency": 439.491973877, "chords_changes_rate": 0.0543741583824, "tuning_diatonic_strength": 0.74492841959, "chords_scale": "major", "chords_histogram": [69.6096878052, 2.04576039314, 3.55316281319, 1.29205918312, 0.215343207121, 0, 1.77658140659, 0, 0.59219378233, 0.619111716747, 0.969044387341, 0.242261096835, 0.32301479578, 0.457604318857, 0, 0.699865400791, 0.48452219367, 3.49932694435, 0, 0.511440098286, 0, 0.699865400791, 3.25706601143, 9.15208625793], "tuning_equal_tempered_deviation": 0.0574709363282, "hpcp": {"dmean": [0.103448010981, 0.0831066668034, 0.0887128934264, 0.10395719111, 0.110192634165, 0.115472301841, 0.130363836884, 0.15978255868, 0.200200900435, 0.196838408709, 0.152910649776, 0.101250164211, 0.092955455184, 0.0869011804461, 0.0932331979275, 0.10974316299, 0.108681939542, 0.0939951613545, 0.0893035903573, 0.0910037830472, 0.11974824965, 0.143417447805, 0.133322119713, 0.11609891057, 0.105018481612, 0.0717167556286, 0.0502868257463, 0.0658334195614, 0.0946747586131, 0.130127817392, 0.153066381812, 0.151903092861, 0.119402825832, 0.0909234285355, 0.0843860059977, 0.101462483406], "dmean2": [0.175816476345, 0.142244160175, 0.161770761013, 0.190533787012, 0.202093884349, 0.208834886551, 0.228313416243, 0.27436375618, 0.343931347132, 0.336730450392, 0.26212477684, 0.184131935239, 0.171544060111, 0.158828005195, 0.16459658742, 0.191821962595, 0.195546761155, 0.173285230994, 0.163228213787, 0.165525332093, 0.209813073277, 0.247800633311, 0.235179647803, 0.205020412803, 0.182546928525, 0.126307353377, 0.0918309465051, 0.11976981163, 0.170729935169, 0.223946541548, 0.263368278742, 0.260110408068, 0.213692188263, 0.163544282317, 0.147226557136, 0.176080539823], "max": [1, 1, 1, 1, 1, 1, 1, 1, 1, 1, 1, 1, 1, 1, 1, 1, 1, 1, 1, 1, 1, 1, 1, 1, 1, 1, 1, 1, 1, 1, 1, 1, 1, 1, 1, 1], "dvar": [0.0366508774459, 0.0247934032232, 0.0339003838599, 0.0450837872922, 0.0450035892427, 0.0450002923608, 0.047040514648, 0.0516630411148, 0.0619321390986, 0.0636672303081, 0.0444363206625, 0.0382337719202, 0.0370936840773, 0.0341500937939, 0.0344964116812, 0.0448420420289, 0.0470298193395, 0.0426193848252, 0.0416894070804, 0.0376246571541, 0.0441694967449, 0.0550557859242, 0.0470228642225, 0.0442030616105, 0.0405202843249, 0.0253520812839, 0.0171467866749, 0.0239761844277, 0.0375023633242, 0.0441753491759, 0.0548318885267, 0.0575708113611, 0.0514919683337, 0.0359732843935, 0.0296351127326, 0.0385534837842], "mean": [0.121528439224, 0.0847733318806, 0.0697720497847, 0.0799294263124, 0.0857294201851, 0.101780228317, 0.123445376754, 0.166357979178, 0.305974721909, 0.334160387516, 0.170786485076, 0.0776278302073, 0.0699510499835, 0.0682821273804, 0.0834213122725, 0.103825390339, 0.0908361971378, 0.071751601994, 0.0690749585629, 0.0722213983536, 0.115505896509, 0.156051963568, 0.133283600211, 0.12921538949, 0.121364459395, 0.0652912631631, 0.0395139269531, 0.0519692152739, 0.0779241397977, 0.143530234694, 0.201311588287, 0.165202468634, 0.0993505865335, 0.0708909407258, 0.0725513994694, 0.108463682234], "dvar2": [0.0917037501931, 0.0641139596701, 0.0938095152378, 0.127336487174, 0.125619843602, 0.124420545995, 0.119231522083, 0.133076623082, 0.155766069889, 0.152678534389, 0.115440942347, 0.103889249265, 0.103458359838, 0.0936181843281, 0.0932185277343, 0.114919304848, 0.12821264565, 0.118556752801, 0.114644788206, 0.0995592549443, 0.116314858198, 0.136496454477, 0.12609270215, 0.110932588577, 0.0999473929405, 0.0686159655452, 0.0479481704533, 0.0667407363653, 0.103234320879, 0.117358714342, 0.136999830604, 0.146421253681, 0.130623549223, 0.094609349966, 0.0753235965967, 0.0988039299846], "min": [0, 0, 0, 0, 0, 0, 0, 0, 0, 0, 0, 0, 0, 0, 0, 0, 0, 0, 0, 0, 0, 0, 0, 0, 0, 0, 0, 0, 0, 0, 0, 0, 0, 0, 0, 0], "var": [0.0557681582868, 0.0288233999163, 0.0265126992017, 0.0359996594489, 0.037646330893, 0.0430344641209, 0.0509443730116, 0.0615688711405, 0.121647946537, 0.134380683303, 0.0538656786084, 0.0286043286324, 0.0287531781942, 0.0273538287729, 0.0311184581369, 0.0455775856972, 0.040429495275, 0.0336649082601, 0.034545570612, 0.0319692455232, 0.0459048673511, 0.070544436574, 0.0514109507203, 0.0614940114319, 0.0611067004502, 0.0230011977255, 0.0124710174277, 0.018725020811, 0.0317884422839, 0.0571568235755, 0.0920834615827, 0.0749513357878, 0.0478941127658, 0.0305428039283, 0.0297184474766, 0.0490019619465], "median": [0.0190032627434, 0.0165404863656, 0.0115098636597, 0.010103286244, 0.0108097009361, 0.0158708095551, 0.0211207829416, 0.0503210052848, 0.128289595246, 0.150198206306, 0.0679052472115, 0.0144976973534, 0.00991615280509, 0.0105482554063, 0.0158254392445, 0.0184877607971, 0.0135658020154, 0.00751249538735, 0.00633583683521, 0.00800404045731, 0.0196234602481, 0.0287926141173, 0.0316869281232, 0.0195217709988, 0.0147811789066, 0.0100344493985, 0.00736673502252, 0.00807476788759, 0.013245543465, 0.0325032398105, 0.0459021255374, 0.031996615231, 0.0114324791357, 0.00807835999876, 0.00873229280114, 0.0149085009471]}}, "lowlevel": {"melbands_flatness_db": {"dmean": 0.0303888246417, "dmean2": 0.0452920496464, "max": 0.525273144245, "dvar": 0.000985764432698, "mean": 0.221857905388, "dvar2": 0.00206520897336, "min": 2.15716724483e-07, "var": 0.00728402612731, "median": 0.219185099006}, "melbands_crest": {"dmean": 3.33648276329, "dmean2": 5.23952007294, "max": 33.0657691956, "dvar": 9.57176589966, "mean": 17.2106246948, "dvar2": 21.1754703522, "min": 1.00139641762, "var": 43.0858192444, "median": 17.4338665009}, "spectral_entropy": {"dmean": 0.168236225843, "dmean2": 0.223674610257, "max": 9.82526493073, "dvar": 0.0298074260354, "mean": 7.59277915955, "dvar2": 0.0514110065997, "min": 5.10944080353, "var": 0.331992089748, "median": 7.64693784714}, "melbands": {"dmean": [0.00272398791276, 0.00263716932386, 0.000500113004819, 0.000280829379335, 0.000264906411758, 0.000155862726388, 0.000102585916466, 0.000118323565403, 0.000191984756384, 0.000207956385566, 0.000217829481699, 0.000106877356302, 6.12961666775e-05, 5.94671291765e-05, 6.13989614067e-05, 4.72789652122e-05, 7.52530395403e-05, 4.78931033285e-05, 3.95244642277e-05, 4.38392416982e-05, 2.26065258175e-05, 1.2037677152e-05, 1.13052383313e-05, 1.15612920126e-05, 9.61790374276e-06, 4.04136289944e-06, 3.64336847269e-06, 3.5850025597e-06, 2.46897525358e-06, 1.82673636573e-06, 1.43385932461e-06, 2.10812095247e-06, 1.54262818342e-06, 1.33666992497e-06, 8.58706187046e-07, 1.22255016777e-06, 7.98352573383e-07, 4.89763692713e-07, 5.44168699435e-07, 2.60691990661e-07], "dmean2": [0.0044705751352, 0.00422264588997, 0.000824974616989, 0.000461749208625, 0.000448945094831, 0.000242544410867, 0.000153564091306, 0.000176839123014, 0.00028260279214, 0.000295203848509, 0.000305084686261, 0.000147390965139, 8.81845480762e-05, 8.40860811877e-05, 9.09832451725e-05, 7.3001589044e-05, 0.000115698669106, 7.40407413105e-05, 6.14741220488e-05, 7.15938876965e-05, 3.34702854161e-05, 1.77956080734e-05, 1.7430029402e-05, 1.82682015293e-05, 1.54958943313e-05, 6.22779089099e-06, 5.53193922315e-06, 5.49785363546e-06, 3.78272784474e-06, 2.72942293122e-06, 2.20721813093e-06, 3.16417458635e-06, 2.30705040849e-06, 1.94268181986e-06, 1.28420356305e-06, 1.86312445294e-06, 1.19274375265e-06, 6.97535199379e-07, 7.71803058797e-07, 3.64731846503e-07], "max": [0.0653640553355, 0.0440827235579, 0.0236651487648, 0.00732067646459, 0.0093772560358, 0.00676209526137, 0.00553505914286, 0.0121229477227, 0.0136853717268, 0.0110678216442, 0.0109180165455, 0.00869299098849, 0.00714697828516, 0.00642848713323, 0.0040351790376, 0.00343841779977, 0.00259269494563, 0.00234813778661, 0.00145919749048, 0.00147893698886, 0.00226839166135, 0.00201465259306, 0.000608155853115, 0.000336580153089, 0.000373566028429, 8.82911626832e-05, 0.000138690913445, 0.000102703204902, 0.000110725770355, 8.0405116023e-05, 6.98820731486e-05, 5.8378711401e-05, 4.82806681248e-05, 4.92176732223e-05, 3.73086841137e-05, 3.43314750353e-05, 3.10309478664e-05, 8.25389506645e-05, 3.85438106605e-05, 1.27041657834e-05], "dvar": [2.75803213299e-05, 2.02142036869e-05, 1.20266895465e-06, 5.01410738707e-07, 5.28534883415e-07, 9.69118758576e-08, 5.8365696276e-08, 1.54368294147e-07, 3.66660543705e-07, 2.8080279435e-07, 3.43541302072e-07, 1.21901720718e-07, 5.16633491543e-08, 5.09362649836e-08, 2.66747424149e-08, 1.13100497856e-08, 2.60633399307e-08, 1.00977404216e-08, 6.55189014154e-09, 5.89138027252e-09, 5.15104003895e-09, 1.26452004423e-09, 4.54074777778e-10, 3.68519437188e-10, 3.73832215184e-10, 3.46816707297e-11, 3.05648700794e-11, 2.81595354673e-11, 1.42759779692e-11, 7.90647495391e-12, 6.14781012556e-12, 1.39327108878e-11, 9.46848328909e-12, 1.28247551467e-11, 5.87033113092e-12, 4.9034509092e-12, 2.18293026884e-12, 2.90999993199e-12, 2.96744334834e-12, 5.45008970679e-13], "mean": [0.00538929412141, 0.00460827583447, 0.00063406600384, 0.000346412125509, 0.00033464920125, 0.000262987043243, 0.000174779474037, 0.000177565176273, 0.000385251856642, 0.00036444448051, 0.000432631350122, 0.000238729669945, 0.000101352561614, 0.000109300694021, 0.00010214082431, 7.14173802407e-05, 0.000117918723845, 7.46326841181e-05, 6.41618753434e-05, 7.69676480559e-05, 3.96707582695e-05, 2.13956009247e-05, 2.06519143831e-05, 1.87895457202e-05, 1.42990711538e-05, 7.16415752322e-06, 6.8495933192e-06, 6.58742146697e-06, 4.26629912909e-06, 3.22404002873e-06, 2.4686667075e-06, 2.99519433611e-06, 2.19883031605e-06, 2.06355798582e-06, 1.28384249365e-06, 1.81931443421e-06, 1.2582729596e-06, 7.42970598822e-07, 7.56701069804e-07, 4.09521334177e-07], "dvar2": [7.18148512533e-05, 5.06149081048e-05, 3.16807700074e-06, 1.28312126435e-06, 1.48455501403e-06, 2.26820930038e-07, 1.22729545637e-07, 3.34131073032e-07, 7.37518234928e-07, 5.13608824804e-07, 6.04598369591e-07, 2.09729577705e-07, 9.26497563114e-08, 9.45663245489e-08, 5.20823952854e-08, 2.59591903529e-08, 6.02165144414e-08, 2.22498517388e-08, 1.44159679749e-08, 1.46359360187e-08, 9.52192102943e-09, 2.45304310198e-09, 1.01908081973e-09, 8.9603136022e-10, 9.74492930794e-10, 8.50708670175e-11, 7.14455231088e-11, 6.58200993708e-11, 3.27874845329e-11, 1.7842543415e-11, 1.50463842774e-11, 3.35119848538e-11, 2.20684616414e-11, 2.65372081948e-11, 1.37520550503e-11, 1.15064242856e-11, 5.10651243513e-12, 6.72014874303e-12, 6.47001679663e-12, 1.12273081457e-12], "min": [1.14239996395e-24, 1.86887617106e-24, 1.00746944763e-24, 1.07068313994e-24, 1.35529380075e-24, 1.72104560958e-24, 1.41887036907e-24, 1.80728940576e-24, 1.43380390044e-24, 1.72400009088e-24, 2.22184271399e-24, 1.43347248025e-24, 2.54518654385e-24, 2.5849480917e-24, 2.10694670086e-24, 2.49062951529e-24, 2.65083986817e-24, 2.00113777372e-24, 3.63918101657e-24, 2.61136842392e-24, 3.85185318346e-24, 1.82228032676e-24, 3.4251295264e-24, 3.46835358198e-24, 4.41636401939e-24, 3.61331978952e-24, 4.27105741837e-24, 4.30991236782e-24, 5.5108012403e-24, 4.64652247152e-24, 4.46146595835e-24, 4.57365972844e-24, 4.93338858426e-24, 5.04965484878e-24, 5.86342088164e-24, 5.3703390341e-24, 5.63123269039e-24, 5.33303971834e-24, 6.52712072121e-24, 5.78768826259e-24], "var": [7.05781349097e-05, 3.61383281415e-05, 1.41008047194e-06, 5.06708943249e-07, 4.35868685145e-07, 2.06557288607e-07, 1.67799271367e-07, 2.40950527086e-07, 1.26079930851e-06, 8.12760958979e-07, 1.26953079871e-06, 7.1895885867e-07, 1.31299231043e-07, 1.72703209955e-07, 6.91039403478e-08, 2.03161985013e-08, 5.66322704287e-08, 2.21820641855e-08, 1.38416478279e-08, 1.26552022195e-08, 1.26587345051e-08, 2.73570055498e-09, 1.25455468236e-09, 6.04808425564e-10, 5.11082121069e-10, 6.66722926868e-11, 6.84685572128e-11, 6.65787980303e-11, 2.75468467481e-11, 1.60921484471e-11, 9.60558802637e-12, 1.79867110789e-11, 1.32133965228e-11, 2.10167161452e-11, 7.46287146663e-12, 6.4879508016e-12, 3.01947941476e-12, 3.36879721168e-12, 3.99729121331e-12, 8.80900766827e-13], "median": [0.00124169175979, 0.00221989536658, 0.000198750669369, 0.000118889474834, 0.000144722362165, 0.000100416502391, 6.08115406067e-05, 5.1834511396e-05, 3.94641101593e-05, 6.15180688328e-05, 4.68779617222e-05, 1.83506144822e-05, 2.17751548917e-05, 1.64530902111e-05, 2.61621389654e-05, 2.57379106188e-05, 2.46872132266e-05, 2.1952771931e-05, 2.23163315241e-05, 3.28241221723e-05, 1.57758422574e-05, 9.11428560357e-06, 1.07205405584e-05, 1.14227377708e-05, 7.94134211901e-06, 4.62319530925e-06, 4.38391953139e-06, 4.09346921515e-06, 2.54945007327e-06, 1.93631785805e-06, 1.55202394581e-06, 1.41123189223e-06, 9.03064233171e-07, 6.81635015098e-07, 5.13734448759e-07, 9.00399413695e-07, 6.32613989637e-07, 3.13970105026e-07, 2.30657803968e-07, 1.34926168016e-07]}, "silence_rate_60dB": {"dmean": 0.0212708674371, "dmean2": 0.0425474606454, "max": 1, "dvar": 0.0208201128989, "mean": 0.0834567248821, "dvar2": 0.0482730865479, "min": 0, "var": 0.0764854177833, "median": 0}, "spectral_energyband_middle_high": {"dmean": 0.0027726253029, "dmean2": 0.00397931272164, "max": 0.0622946806252, "dvar": 1.77306992555e-05, "mean": 0.00853410363197, "dvar2": 3.24560751324e-05, "min": 1.07059032178e-21, "var": 0.000107468862552, "median": 0.00488895969465}, "erbbands_skewness": {"dmean": 0.40975227952, "dmean2": 0.618510186672, "max": 4.48791503906, "dvar": 0.160650312901, "mean": 0.0587339699268, "dvar2": 0.362577199936, "min": -4.2600812912, "var": 0.789164364338, "median": -0.0173386577517}, "dynamic_complexity": 3.49586820602, "dissonance": {"dmean": 0.0218071881682, "dmean2": 0.0358485840261, "max": 0.499999970198, "dvar": 0.000546377908904, "mean": 0.456650108099, "dvar2": 0.00142687419429, "min": 0.183942168951, "var": 0.00141810881905, "median": 0.467311143875}, "spectral_skewness": {"dmean": 0.220710515976, "dmean2": 0.346363425255, "max": 4.0357336998, "dvar": 0.0631857961416, "mean": 1.49261581898, "dvar2": 0.161092296243, "min": -0.1195538342, "var": 0.236077412963, "median": 1.45485115051}, "spectral_kurtosis": {"dmean": 1.62290585041, "dmean2": 2.66715073586, "max": 44.5253715515, "dvar": 5.34700918198, "mean": 4.56757164001, "dvar2": 15.4712228775, "min": -1.29271328449, "var": 11.9524002075, "median": 3.7459526062}, "gfcc": {"cov": [[39980.4648438, 1642.17687988, -2966.64233398, 846.095275879, -1524.53955078, 1021.22692871, -1071.62219238, 713.294006348, -530.664489746, 200.796310425, -861.819274902, 187.704956055, -430.161132812], [1642.17687988, 862.659606934, -349.917114258, -51.0699996948, 60.2798042297, -8.10758972168, 81.0459823608, -20.0512905121, 54.8119850159, -4.87531661987, 118.080421448, -50.8431091309, 43.9621734619], [-2966.64233398, -349.917114258, 1401.28393555, 377.688934326, 107.165740967, 133.468048096, 35.2450752258, 84.744682312, 79.3935546875, -29.2893199921, -74.9779434204, 49.6958847046, -60.3494949341], [846.095275879, -51.0699996948, 377.688934326, 610.247741699, 103.25743866, 69.55884552, -70.1262588501, 41.8714981079, 30.8610572815, 43.0155715942, -59.4433441162, 19.1301193237, -51.7300872803], [-1524.53955078, 60.2798042297, 107.165740967, 103.25743866, 398.610198975, 82.2753753662, 121.847564697, -18.5775337219, 97.5806427002, 21.4472980499, 73.9819564819, -9.31593513489, 45.1060371399], [1021.22692871, -8.10758972168, 133.468048096, 69.55884552, 82.2753753662, 326.44720459, 84.0170822144, 83.3499145508, 19.849811554, 5.37975502014, -22.9525604248, 21.1891765594, -24.2134590149], [-1071.62219238, 81.0459823608, 35.2450752258, -70.1262588501, 121.847564697, 84.0170822144, 278.600341797, 42.0343742371, 47.0748901367, 9.94614696503, 87.9500732422, -22.7152519226, 19.8880882263], [713.294006348, -20.0512905121, 84.744682312, 41.8714981079, -18.5775337219, 83.3499145508, 42.0343742371, 181.82774353, 66.0058364868, -7.42175960541, -43.0949745178, 1.27084898949, 0.823442399502], [-530.664489746, 54.8119850159, 79.3935546875, 30.8610572815, 97.5806427002, 19.849811554, 47.0748901367, 66.0058364868, 174.857177734, 55.5657958984, 28.0844116211, 0.188196271658, 23.7954692841], [200.796310425, -4.87531661987, -29.2893199921, 43.0155715942, 21.4472980499, 5.37975502014, 9.94614696503, -7.42175960541, 55.5657958984, 111.665222168, 47.9510231018, 4.67695713043, -19.9986228943], [-861.819274902, 118.080421448, -74.9779434204, -59.4433441162, 73.9819564819, -22.9525604248, 87.9500732422, -43.0949745178, 28.0844116211, 47.9510231018, 183.066223145, 32.1776733398, 30.2474269867], [187.704956055, -50.8431091309, 49.6958847046, 19.1301193237, -9.31593513489, 21.1891765594, -22.7152519226, 1.27084898949, 0.188196271658, 4.67695713043, 32.1776733398, 111.610191345, 33.3199615479], [-430.161132812, 43.9621734619, -60.3494949341, -51.7300872803, 45.1060371399, -24.2134590149, 19.8880882263, 0.823442399502, 23.7954692841, -19.9986228943, 30.2474269867, 33.3199615479, 104.480545044]], "mean": [-30.78191185, 88.3859558105, -120.936676025, 36.7265205383, -44.2884254456, 21.9814586639, -30.2585544586, 14.4350910187, -13.0859136581, 7.14166498184, -12.0004701614, 0.720664083958, -7.89602422714], "icov": [[0.000153527682414, -0.00043027769425, 0.00036553008249, -0.000239279383095, 0.000280117528746, -0.000484005606268, 0.00034622324165, -0.000667724001687, 0.000609126873314, -0.000746633508243, 0.000739453127608, -0.000663444923703, 0.000327928777551], [-0.00043027769425, 0.00289850053377, -0.000525964482222, 0.000188421152416, -0.000367576023564, 0.000933067582082, -0.00102663808502, 0.00232392386533, -0.00291405734606, 0.00359478406608, -0.00357065745629, 0.00305622932501, -0.00123878545128], [0.00036553008249, -0.000525964482222, 0.00204942678101, -0.00129289377946, 0.000764175725635, -0.00132522115018, 0.000383445061743, -0.00126988813281, 0.000288994837319, -0.000323897955241, 0.0016602295218, -0.00208885991015, 0.00162758608349], [-0.000239279383095, 0.000188421152416, -0.00129289377946, 0.00309627945535, -0.00177924719173, 0.00096040754579, 0.000468043115688, -4.18857307523e-05, 0.000284030626062, -0.00090516806813, -7.30960455257e-05, 0.000259890104644, 0.000324074615492], [0.000280117528746, -0.000367576023564, 0.000764175725635, -0.00177924719173, 0.0053425328806, -0.00240067532286, -0.00065747910412, 0.00143735914025, -0.0020494600758, 0.00041525249253, -0.000163862263435, 0.00054727337556, -0.00146142963786], [-0.000484005606268, 0.000933067582082, -0.00132522115018, 0.00096040754579, -0.00240067532286, 0.00624934723601, -0.00244848546572, -6.96840943419e-05, -0.000418811192503, 0.00116751040332, -0.000515741296113, -0.00037748797331, 0.000864600471687], [0.00034622324165, -0.00102663808502, 0.000383445061743, 0.000468043115688, -0.00065747910412, -0.00244848546572, 0.00728155765682, -0.00362602970563, 0.00196874025278, -0.00159120978788, -0.00190490798559, 0.00122140429448, 7.8574536019e-05], [-0.000667724001687, 0.00232392386533, -0.00126988813281, -4.18857307523e-05, 0.00143735914025, -6.96840943419e-05, -0.00362602970563, 0.0129127334803, -0.00835566408932, 0.00625216169283, -0.00151424435899, 0.002748724306, -0.00186791026499], [0.000609126873314, -0.00291405734606, 0.000288994837319, 0.000284030626062, -0.0020494600758, -0.000418811192503, 0.00196874025278, -0.00835566408932, 0.0151626104489, -0.0110096652061, 0.00404214113951, -0.00242559076287, -0.00143692444544], [-0.000746633508243, 0.00359478406608, -0.000323897955241, -0.00090516806813, 0.00041525249253, 0.00116751040332, -0.00159120978788, 0.00625216169283, -0.0110096652061, 0.0208752360195, -0.00893859565258, 0.00339677417651, 0.00313075911254], [0.000739453127608, -0.00357065745629, 0.0016602295218, -7.30960455257e-05, -0.000163862263435, -0.000515741296113, -0.00190490798559, -0.00151424435899, 0.00404214113951, -0.00893859565258, 0.0154301878065, -0.00837195571512, 0.0013666782761], [-0.000663444923703, 0.00305622932501, -0.00208885991015, 0.000259890104644, 0.00054727337556, -0.00037748797331, 0.00122140429448, 0.002748724306, -0.00242559076287, 0.00339677417651, -0.00837195571512, 0.0172132886946, -0.00753644388169], [0.000327928777551, -0.00123878545128, 0.00162758608349, 0.000324074615492, -0.00146142963786, 0.000864600471687, 7.8574536019e-05, -0.00186791026499, -0.00143692444544, 0.00313075911254, 0.0013666782761, -0.00753644388169, 0.0163084790111]]}, "spectral_complexity": {"dmean": 3.92918682098, "dmean2": 5.46304035187, "max": 50, "dvar": 18.9760913849, "mean": 17.6453094482, "dvar2": 30.6638469696, "min": 0, "var": 95.8644485474, "median": 17}, "spectral_flux": {"dmean": 0.0368040949106, "dmean2": 0.0599412731826, "max": 0.402648985386, "dvar": 0.00178944214713, "mean": 0.101384215057, "dvar2": 0.00446801073849, "min": 6.30678495539e-11, "var": 0.0040258904919, "median": 0.0897224470973}, "spectral_energyband_low": {"dmean": 0.0131021663547, "dmean2": 0.0210727322847, "max": 0.229356601834, "dvar": 0.000510812620632, "mean": 0.0257138665766, "dvar2": 0.00129690312315, "min": 1.23088672835e-23, "var": 0.00114314770326, "median": 0.0107678147033}, "spectral_decrease": {"dmean": 4.0503458365e-09, "dmean2": 6.31443164423e-09, "max": 1.94205009839e-28, "dvar": 3.48525933654e-17, "mean": -1.10475966153e-08, "dvar2": 8.5656160469e-17, "min": -6.210974135e-08, "var": 9.63094857525e-17, "median": -8.69788330249e-09}, "barkbands_spread": {"dmean": 5.75439739227, "dmean2": 8.96119976044, "max": 118.234947205, "dvar": 44.7719917297, "mean": 20.6659793854, "dvar2": 106.728912354, "min": 0.536677658558, "var": 136.475418091, "median": 19.832359314}, "spectral_rms": {"dmean": 0.0011254256824, "dmean2": 0.00168045260943, "max": 0.0151885030791, "dvar": 1.86723912066e-06, "mean": 0.00583383068442, "dvar2": 4.06095887229e-06, "min": 3.12670440754e-12, "var": 8.74252873473e-06, "median": 0.00584667129442}, "spectral_centroid": {"dmean": 257.559539795, "dmean2": 397.095733643, "max": 11888.3037109, "dvar": 103186.703125, "mean": 1647.04467773, "dvar2": 228299.890625, "min": 161.095596313, "var": 2395781.25, "median": 1400.64001465}, "barkbands_skewness": {"dmean": 0.759406208992, "dmean2": 1.16408836842, "max": 20.6544876099, "dvar": 0.766250431538, "mean": 1.73122358322, "dvar2": 1.72923219204, "min": -3.97608232498, "var": 4.96702575684, "median": 1.20502340794}, "spectral_rolloff": {"dmean": 419.800354004, "dmean2": 713.111816406, "max": 19487.5488281, "dvar": 557317.75, "mean": 1639.92382812, "dvar2": 1248675.5, "min": 64.599609375, "var": 8122592.5, "median": 1184.32617188}, "erbbands_spread": {"dmean": 8.93893051147, "dmean2": 13.1961736679, "max": 143.48223877, "dvar": 99.148223877, "mean": 35.418888092, "dvar2": 209.308959961, "min": 1.52129817009, "var": 477.803497314, "median": 31.6387424469}, "barkbands": {"dmean": [0.000200733091333, 0.0107519421726, 0.0032162850257, 0.000962779158726, 0.00141252274625, 0.000811406061985, 0.000470129802125, 0.000926033826545, 0.00153858261183, 0.00127008289564, 0.000470688857604, 0.000480580260046, 0.000513270380907, 0.000729698047508, 0.000590087904129, 0.000484493939439, 0.000232943013543, 0.000244781549554, 0.000126984756207, 0.000102868121758, 6.98039657436e-05, 8.40445645736e-05, 5.60494008823e-05, 6.58654098515e-05, 2.23834322242e-05, 1.06438192233e-05, 9.17893260066e-07], "dmean2": [0.000326496083289, 0.0177702624351, 0.00503565510735, 0.00165809784085, 0.00236405408941, 0.00128273654263, 0.000717103132047, 0.00137659348547, 0.00225117476657, 0.00183934299275, 0.000679317454342, 0.000706484890543, 0.000808285025414, 0.00112851220183, 0.000926915905438, 0.000766278535593, 0.000345548178302, 0.000385624734918, 0.00019986712141, 0.000153889632202, 0.00010244268924, 0.000121634555398, 8.03838047432e-05, 9.45116989897e-05, 2.93464290735e-05, 1.38091636472e-05, 1.43882277825e-06], "max": [0.00718705076724, 0.221518293023, 0.104521661997, 0.038692895323, 0.0423852093518, 0.041019257158, 0.0272376779467, 0.0657223984599, 0.0592890232801, 0.0567711442709, 0.0459218472242, 0.0506563261151, 0.0306677669287, 0.0213197693229, 0.0185396336019, 0.0238243825734, 0.0395137630403, 0.00822833832353, 0.00322856334969, 0.0030718462076, 0.00350428093225, 0.00226153829135, 0.00220384937711, 0.00393484672531, 0.0010537878843, 0.000271486118436, 0.000127741048345], "dvar": [2.46657549496e-07, 0.000407038227422, 4.19878306275e-05, 5.20746698385e-06, 1.3979913092e-05, 2.60875935965e-06, 1.39987389502e-06, 9.39796154853e-06, 1.38723198688e-05, 1.17613290058e-05, 3.64190532309e-06, 3.31263072439e-06, 1.30721878122e-06, 2.31430408348e-06, 1.19688138511e-06, 9.90441094473e-07, 4.88792522901e-07, 1.64021059845e-07, 4.0160088588e-08, 2.21015188373e-08, 1.22868710761e-08, 2.19714575422e-08, 1.996633614e-08, 1.74789231977e-08, 3.55203799707e-09, 4.49684539605e-10, 1.43162729935e-11], "mean": [0.000220989459194, 0.0207132343203, 0.00415846053511, 0.000981186516583, 0.00175341113936, 0.0013325815089, 0.000706113234628, 0.00145359733142, 0.00267050624825, 0.0026558584068, 0.000780275673606, 0.000943878199905, 0.000778764544521, 0.00114793539979, 0.000936371856369, 0.000858165090904, 0.000422706652898, 0.000401286088163, 0.000217050284846, 0.000202880735742, 0.000131945678731, 0.00012660343782, 9.22867984627e-05, 0.000101876103145, 3.81176068913e-05, 1.84876880667e-05, 9.85965698419e-07], "dvar2": [6.09532094131e-07, 0.00106879940722, 9.23485058593e-05, 1.42463659358e-05, 3.80494238925e-05, 6.23835285296e-06, 2.96474081551e-06, 1.79454546014e-05, 2.64702848654e-05, 2.19767516683e-05, 6.46558191875e-06, 6.29898522675e-06, 2.94097162623e-06, 5.26300254933e-06, 2.7185997169e-06, 2.16382477447e-06, 9.29539282879e-07, 4.15004933529e-07, 1.03183879219e-07, 5.03006418739e-08, 2.75728417876e-08, 5.06196862204e-08, 4.27602238062e-08, 3.86116809636e-08, 6.84488909997e-09, 8.80895356659e-10, 3.69323599481e-11], "min": [1.82871485562e-26, 3.29930108442e-24, 1.29293927657e-24, 7.63687564875e-25, 8.62811014173e-24, 8.18391992094e-24, 9.67333269735e-24, 7.26654331907e-24, 1.17255377762e-23, 9.44944213953e-24, 1.3478174504e-23, 2.07352041606e-23, 1.80786677306e-23, 2.97243104632e-23, 3.65442370253e-23, 3.0481067885e-23, 3.38928155694e-23, 7.77987183395e-23, 1.19274860102e-22, 1.47165977728e-22, 2.58767758198e-22, 3.41181205548e-22, 3.89110096987e-22, 5.72567715323e-22, 8.49961703805e-22, 1.27403333356e-21, 1.81967597663e-21], "var": [3.21916587609e-07, 0.000939655816182, 7.37323207431e-05, 4.97586142956e-06, 1.24662883536e-05, 4.85637110614e-06, 3.05414960167e-06, 2.20435485971e-05, 4.09625135944e-05, 5.23312482983e-05, 9.1688170869e-06, 1.22077108244e-05, 2.65375206254e-06, 4.88849582325e-06, 2.55150575867e-06, 2.33424793805e-06, 1.09211441668e-06, 2.63280725221e-07, 6.526751406e-08, 5.65332562985e-08, 2.49351490567e-08, 3.25233351361e-08, 3.18249533393e-08, 2.52772753839e-08, 6.54526832733e-09, 8.98228436075e-10, 1.27608652811e-11], "median": [3.78945442208e-05, 0.00561255589128, 0.00105637125671, 0.000186656543519, 0.000692775240168, 0.000525384442881, 0.000233169208514, 0.000231191690546, 0.00038639860577, 0.000287904433208, 0.00013915351883, 0.000114301845315, 0.000255752413068, 0.000265567359747, 0.000323104701238, 0.000345022970578, 0.000182442076039, 0.000250840530498, 0.00014281309268, 0.00013305041648, 8.36520557641e-05, 5.98263613938e-05, 3.87011677958e-05, 4.75833912787e-05, 1.38769410114e-05, 8.23593381938e-06, 1.04002282342e-07]}, "melbands_kurtosis": {"dmean": 13.4842805862, "dmean2": 21.4618453979, "max": 849.576965332, "dvar": 813.273986816, "mean": 25.3452701569, "dvar2": 2009.30090332, "min": -1.80968987942, "var": 3228.48706055, "median": 5.95581245422}, "erbbands_crest": {"dmean": 3.21219348907, "dmean2": 5.08202695847, "max": 31.0970344543, "dvar": 9.09354400635, "mean": 11.2479200363, "dvar2": 20.6398620605, "min": 2.20529937744, "var": 36.1968040466, "median": 9.82628250122}, "melbands_skewness": {"dmean": 1.0638769865, "dmean2": 1.62257409096, "max": 22.6026172638, "dvar": 1.63042378426, "mean": 3.08834576607, "dvar2": 3.59861683846, "min": -2.77901506424, "var": 9.07739925385, "median": 2.20111608505}, "spectral_energyband_middle_low": {"dmean": 0.00431964173913, "dmean2": 0.00670764315873, "max": 0.0743948221207, "dvar": 4.8653651902e-05, "mean": 0.0101149240509, "dvar2": 0.000114744594612, "min": 1.41896740291e-22, "var": 0.000127048915601, "median": 0.00588785717264}, "spectral_contrast_coeffs": {"dmean": [0.0523198731244, 0.0494035705924, 0.0461622476578, 0.0386134199798, 0.0244885217398, 0.0186125077307], "dmean2": [0.0858465656638, 0.0785734206438, 0.0697694122791, 0.0591158121824, 0.0380576364696, 0.0290009006858], "max": [-0.323667705059, -0.313702225685, -0.395641386509, -0.46889975667, -0.525435090065, -0.519848644733], "dvar": [0.0022088480182, 0.00181104417425, 0.00172847451176, 0.0010900250636, 0.000504340219777, 0.000327534275129], "mean": [-0.675027132034, -0.712939321995, -0.727168440819, -0.735318958759, -0.791900157928, -0.764565169811], "dvar2": [0.00598340108991, 0.00423405459151, 0.00343357841484, 0.00234213890508, 0.00107581482735, 0.000736466026865], "min": [-0.981155514717, -0.99660795927, -0.998919308186, -0.988466262817, -0.989120304585, -0.965566158295], "var": [0.00808519218117, 0.00978331174701, 0.01110737212, 0.00695227785036, 0.00311122601852, 0.00216609891504], "median": [-0.672008275986, -0.719189226627, -0.742021799088, -0.732558131218, -0.797315895557, -0.761157929897]}, "spectral_contrast_valleys": {"dmean": [0.44801056385, 0.409063398838, 0.377612233162, 0.348927676678, 0.305319488049, 0.27520775795], "dmean2": [0.700710535049, 0.639990091324, 0.577454268932, 0.496026933193, 0.403077483177, 0.325533986092], "max": [-4.96087837219, -4.8704624176, -5.48202943802, -5.6888718605, -5.7524471283, -7.98250150681], "dvar": [0.174376040697, 0.141604527831, 0.130523100495, 0.125529274344, 0.118958465755, 0.104949615896], "mean": [-7.77458620071, -7.65964889526, -8.11660766602, -8.15558815002, -7.99664878845, -10.6195020676], "dvar2": [0.348970234394, 0.284076482058, 0.255128800869, 0.219352096319, 0.184441879392, 0.170512571931], "min": [-28.0565700531, -28.0707626343, -27.8227558136, -27.821138382, -27.5559310913, -27.4422492981], "var": [10.426153183, 10.413766861, 9.93940734863, 9.87022209167, 10.0352830887, 8.17401123047], "median": [-7.13988828659, -7.03038549423, -7.49936676025, -7.53400039673, -7.28701972961, -9.98762989044]}, "silence_rate_20dB": {"dmean": 0, "dmean2": 0, "max": 1, "dvar": 0, "mean": 1, "dvar2": 0, "min": 1, "var": 0, "median": 1}, "silence_rate_30dB": {"dmean": 0.0492730215192, "dmean2": 0.0985593125224, "max": 1, "dvar": 0.0468475148082, "mean": 0.926235020161, "dvar2": 0.105267509818, "min": 0, "var": 0.0683199614286, "median": 1}, "spectral_strongpeak": {"dmean": 0.625571846962, "dmean2": 1.05038058758, "max": 13.6223258972, "dvar": 1.18034470081, "mean": 1.22446584702, "dvar2": 2.83271145821, "min": 0, "var": 2.7565677166, "median": 0.530403196812}, "spectral_spread": {"dmean": 454174.125, "dmean2": 650789.4375, "max": 49439180, "dvar": 558365474816, "mean": 5111593.5, "dvar2": 1158872956930.0, "min": 1218994.125, "var": 31577948028900.0, "median": 4227324}, "barkbands_flatness_db": {"dmean": 0.0258334372193, "dmean2": 0.0384343340993, "max": 0.429464548826, "dvar": 0.0006456503761, "mean": 0.162945285439, "dvar2": 0.00137025350705, "min": 0.0269049499184, "var": 0.00484906602651, "median": 0.155189976096}, "pitch_salience": {"dmean": 0.078739002347, "dmean2": 0.124297484756, "max": 0.996083676815, "dvar": 0.00627715047449, "mean": 0.446076244116, "dvar2": 0.0141949513927, "min": 0.0453204624355, "var": 0.026649557054, "median": 0.444485872984}, "erbbands_kurtosis": {"dmean": 1.26828110218, "dmean2": 1.97589850426, "max": 45.6211395264, "dvar": 3.82762384415, "mean": 1.2190643549, "dvar2": 9.13559150696, "min": -1.81442558765, "var": 8.5430316925, "median": 0.250140428543}, "average_loudness": 0.965578973293, "barkbands_crest": {"dmean": 2.9811797142, "dmean2": 4.85717391968, "max": 26.471786499, "dvar": 8.44323348999, "mean": 13.4659366608, "dvar2": 20.4080104828, "min": 2.53859424591, "var": 35.8731460571, "median": 12.5248012543}, "hfc": {"dmean": 6.46138811111, "dmean2": 8.58839607239, "max": 118.501571655, "dvar": 54.7132530212, "mean": 23.6959762573, "dvar2": 90.2953262329, "min": 1.06320356398e-16, "var": 317.961791992, "median": 20.3846702576}, "barkbands_kurtosis": {"dmean": 5.17827415466, "dmean2": 8.21848201752, "max": 465.723754883, "dvar": 138.893981934, "mean": 8.67328453064, "dvar2": 327.576080322, "min": -1.90848362446, "var": 663.845947266, "median": 1.62382125854}, "erbbands": {"dmean": [0.259227931499, 2.63853096962, 4.22922039032, 3.1193292141, 2.18467330933, 6.5008430481, 6.76421976089, 7.05384969711, 7.03462934494, 9.11183166504, 22.2713375092, 31.4272727966, 43.3514442444, 24.6527919769, 17.8711109161, 21.5865192413, 23.4298534393, 34.848651886, 26.6249446869, 30.2732505798, 20.1015396118, 10.6444740295, 10.8595275879, 11.2340393066, 5.16895961761, 4.98045635223, 3.45415639877, 2.4634578228, 3.34916424751, 2.29829406738, 1.45386171341, 1.65530741215, 0.764521360397, 0.350646525621, 0.121051080525, 0.0536174327135, 0.0151575505733, 0.00497234752402, 0.000103184400359, 1.91251310753e-05], "dmean2": [0.431135803461, 4.36298942566, 6.58579874039, 5.20645952225, 3.58175349236, 10.9791879654, 11.4335184097, 10.9844961166, 10.4549293518, 13.8110437393, 32.441078186, 44.3273429871, 60.5085258484, 33.4208717346, 25.9099082947, 30.9340076447, 36.139995575, 53.1765060425, 41.2479667664, 48.6178627014, 30.1917285919, 15.6606931686, 16.6769046783, 17.8369445801, 7.77832889557, 7.50908899307, 5.13849115372, 3.60692405701, 4.90571022034, 3.26111674309, 2.07146573067, 2.48044919968, 1.0639373064, 0.468914985657, 0.159890532494, 0.0720201358199, 0.0194537658244, 0.00708623183891, 0.000143801400554, 2.82294276985e-05], "max": [7.3253827095, 48.9962310791, 113.450683594, 154.925445557, 58.2634544373, 192.90512085, 259.304321289, 290.475708008, 390.371948242, 1053.79382324, 1582.97045898, 1772.25036621, 2190.29418945, 2107.32666016, 1719.35412598, 2602.47265625, 1368.69421387, 1200.97229004, 1194.10412598, 886.895080566, 1587.49804688, 1235.27429199, 419.233093262, 402.72567749, 145.601364136, 151.750549316, 163.822677612, 109.36366272, 87.8884887695, 69.1766281128, 48.7695770264, 50.4773292542, 97.2513885498, 23.1842441559, 4.63173294067, 1.76606857777, 0.454541891813, 0.369863539934, 0.00767253432423, 0.000264806352789], "dvar": [0.279389023781, 23.8303985596, 59.3273010254, 50.5550727844, 18.8738956451, 332.580383301, 322.384490967, 209.165512085, 296.922454834, 966.159973145, 5525.58544922, 6624.85351562, 13474.4677734, 6258.17041016, 3569.1003418, 6726.69580078, 2621.44384766, 5233.50683594, 2821.33764648, 3027.14135742, 2642.41015625, 732.432312012, 325.991394043, 471.023773193, 52.2329559326, 54.1808319092, 26.7859916687, 16.0832977295, 33.6896591187, 29.5286922455, 11.206609726, 9.43869686127, 5.90508270264, 0.97930675745, 0.0925446897745, 0.0092301433906, 0.000978423282504, 0.000259623251623, 1.02032096549e-07, 6.82494949444e-10], "mean": [0.496661126614, 4.96342468262, 6.33690595627, 3.80296301842, 2.77448344231, 7.52456521988, 8.62370300293, 11.5773649216, 12.1444368362, 14.6051568985, 42.0896644592, 57.3605194092, 86.9314651489, 57.5143241882, 31.0927658081, 43.2821769714, 39.7567138672, 58.4590110779, 46.9978294373, 54.7200927734, 39.3293228149, 21.5536518097, 20.3706417084, 18.0425949097, 10.2015829086, 9.90915870667, 6.55028915405, 4.62559080124, 4.98717451096, 3.65899586678, 2.37092733383, 2.5464849472, 1.166446805, 0.566894710064, 0.212245091796, 0.0926490947604, 0.0277838092297, 0.00671540247276, 0.000157648086315, 5.50622680748e-05], "dvar2": [0.759603261948, 62.9102401733, 133.383071899, 133.648574829, 46.4807739258, 905.88293457, 889.33013916, 490.956451416, 622.134399414, 2289.17822266, 10991.3222656, 12251.2988281, 23640.1503906, 10616.734375, 6472.72070312, 12862.7636719, 5781.61230469, 12024.5947266, 6302.95751953, 7070.45800781, 4873.57861328, 1472.56750488, 765.840332031, 1224.93566895, 125.051132202, 123.007553101, 59.2766685486, 36.921459198, 78.6731033325, 60.7982826233, 25.4333515167, 21.9911766052, 13.0951480865, 1.87755513191, 0.184690207243, 0.0191428866237, 0.00187326746527, 0.000602063897531, 2.34032356161e-07, 1.53356449761e-09], "min": [8.07371179263e-23, 8.0705135612e-22, 2.78925868008e-21, 4.77170849358e-21, 6.32180699521e-21, 2.22756136201e-20, 3.85958111732e-20, 8.19216866582e-20, 9.35945298828e-20, 1.54787490443e-19, 1.88586038573e-19, 2.93849657056e-19, 5.90469800478e-19, 4.98651925304e-19, 9.08810517713e-19, 1.24828223578e-18, 1.30235120671e-18, 1.85100749251e-18, 1.93872275864e-18, 2.35856592997e-18, 3.36346112725e-18, 2.57123675379e-18, 4.11757728988e-18, 6.4755780487e-18, 6.0728085056e-18, 7.84993491414e-18, 9.0279476399e-18, 9.33733138696e-18, 9.55850955659e-18, 1.04976953872e-17, 1.1521307407e-17, 1.05850117455e-17, 8.90140720415e-18, 7.85043783995e-18, 5.96919379412e-18, 4.12087112308e-18, 2.43283868396e-18, 8.95088832121e-19, 2.17943557392e-19, 2.54948422366e-20], "var": [0.676581978798, 51.1814498901, 106.309585571, 57.560218811, 22.4597015381, 287.617004395, 284.22946167, 417.68371582, 838.298217773, 1357.42834473, 16698.2519531, 19498.3945312, 49506.671875, 36718.2578125, 9173.72949219, 23219.6894531, 5934.19140625, 11995.765625, 6902.02392578, 6956.65869141, 7089.68798828, 1973.49487305, 688.342651367, 669.684936523, 117.35004425, 138.155273438, 57.5548477173, 30.7255001068, 47.9537467957, 50.5889968872, 16.4183311462, 12.7331752777, 7.57167339325, 1.69060659409, 0.173441156745, 0.0178065951914, 0.00211957609281, 0.000317073630868, 1.29163311158e-07, 2.08737582774e-09], "median": [0.0935408622026, 1.48345696926, 2.76905870438, 1.11194229126, 0.915826261044, 2.41075086594, 3.6833217144, 4.39747238159, 4.29531621933, 5.29392766953, 5.2567152977, 11.1533050537, 12.5761852264, 6.54656267166, 8.41063976288, 7.74285316467, 16.0417671204, 16.1960144043, 17.7021694183, 25.3016853333, 18.2476100922, 10.3490381241, 12.8473339081, 11.0946025848, 7.05799102783, 6.49702787399, 4.16666269302, 2.97991228104, 2.41353392601, 1.39699864388, 1.11967647076, 1.24589109421, 0.475428044796, 0.192221224308, 0.0837047025561, 0.0449397154152, 0.0123322438449, 0.0017665005289, 5.84278677707e-05, 4.46810590802e-05]}, "spectral_energy": {"dmean": 0.0156854819506, "dmean2": 0.024310009554, "max": 0.236457884312, "dvar": 0.000505973177496, "mean": 0.0438454709947, "dvar2": 0.00123345246539, "min": 1.00206872759e-20, "var": 0.00143977464177, "median": 0.0350381545722}, "zerocrossingrate": {"dmean": 0.00906284991652, "dmean2": 0.0108003709465, "max": 0.52734375, "dvar": 0.000149975763634, "mean": 0.0607073120773, "dvar2": 0.0002034221543, "min": 0.00244140625, "var": 0.00539867486805, "median": 0.04736328125}, "spectral_energyband_high": {"dmean": 0.000307621230604, "dmean2": 0.000391495181248, "max": 0.00694372178987, "dvar": 2.440927