{"tonal": {"chords_key": "E", "hpcp_entropy": {"dmean": 0.529051482677, "dmean2": 0.871164441109, "max": 4.56058168411, "dvar": 0.240954235196, "mean": 1.73567128181, "dvar2": 0.61696177721, "min": 0, "var": 0.612073898315, "median": 1.75740599632}, "key_key": "A", "chords_strength": {"dmean": 0.00785995274782, "dmean2": 0.00658994074911, "max": 0.738293945789, "dvar": 0.00045419097296, "mean": 0.477875739336, "dvar2": 0.000950627843849, "min": -1, "var": 0.0202432963997, "median": 0.483187735081}, "key_scale": "minor", "chords_number_rate": 0.00204309052788, "thpcp": [1, 0.692583024502, 0.298341840506, 0.246358916163, 0.112733237445, 0.116950452328, 0.171165987849, 0.134987860918, 0.241627126932, 0.417022287846, 0.323123544455, 0.224672272801, 0.253122627735, 0.234480947256, 0.452189058065, 0.644321858883, 0.363870173693, 0.105125591159, 0.0733726546168, 0.0755380541086, 0.261608183384, 0.514822244644, 0.356058001518, 0.16606990993, 0.219407856464, 0.163241609931, 0.15252417326, 0.234487637877, 0.204098194838, 0.322233617306, 0.527977883816, 0.344856411219, 0.103021748364, 0.0709642991424, 0.089654520154, 0.495179086924], "key_strength": 0.749003052711, "tuning_nontempered_energy_ratio": 0.635863780975, "tuning_frequency": 439.238189697, "chords_changes_rate": 0.0416047535837, "tuning_diatonic_strength": 0.521615982056, "chords_scale": "major", "chords_histogram": [8.91530418396, 7.65230321884, 7.83803844452, 6.11069822311, 1.44873702526, 5.36775636673, 0.668647825718, 23.0869235992, 0.594353616238, 27.0802383423, 0.0371471010149, 0.445765227079, 0.260029703379, 0, 0, 0, 0, 0.0371471010149, 1.72734022141, 0, 1.24442791939, 0, 7.48514127731, 0], "tuning_equal_tempered_deviation": 0.0400288850069, "hpcp": {"dmean": [0.124929755926, 0.0988850966096, 0.0573746077716, 0.0446302369237, 0.0452082790434, 0.0794589594007, 0.107299089432, 0.0922843441367, 0.0634631291032, 0.0550604462624, 0.0543740354478, 0.0603594258428, 0.068495452404, 0.0692874565721, 0.0931002125144, 0.0997570827603, 0.0880573838949, 0.0510996505618, 0.0368533395231, 0.0461459495127, 0.103502996266, 0.121427439153, 0.119707129896, 0.0854351595044, 0.0614101439714, 0.0385199487209, 0.0418394841254, 0.0525992885232, 0.0485836006701, 0.0668437480927, 0.0811700075865, 0.102527357638, 0.0981351211667, 0.092729985714, 0.0965834334493, 0.123228475451], "dmean2": [0.213664367795, 0.169652372599, 0.106223039329, 0.084384046495, 0.0856201499701, 0.138572707772, 0.178688719869, 0.156075134873, 0.112922012806, 0.0975127890706, 0.0966727808118, 0.10832130909, 0.11983525008, 0.122880555689, 0.160799920559, 0.169931858778, 0.151689141989, 0.0926098749042, 0.0678777322173, 0.0844564065337, 0.174096673727, 0.202729552984, 0.200748369098, 0.150077834725, 0.108199231327, 0.0666045993567, 0.0707907304168, 0.0881349295378, 0.0848134383559, 0.115478977561, 0.142127528787, 0.182168751955, 0.176559969783, 0.161813661456, 0.170848533511, 0.213645637035], "max": [1, 1, 1, 1, 1, 1, 1, 1, 1, 1, 1, 1, 1, 1, 1, 1, 1, 1, 1, 1, 1, 1, 1, 1, 1, 1, 1, 1, 1, 1, 1, 1, 1, 1, 1, 1], "dvar": [0.0406253151596, 0.0276556443423, 0.0236113611609, 0.0199437774718, 0.0181823857129, 0.0235719177872, 0.0316288135946, 0.02352671884, 0.0221523363143, 0.022542623803, 0.0188408382237, 0.0195559803396, 0.0237280782312, 0.0225124899298, 0.0264630001038, 0.0344339311123, 0.028645047918, 0.0182870067656, 0.0152586018667, 0.0153704211116, 0.0237944126129, 0.0339685231447, 0.0251570325345, 0.0244902595878, 0.0194637030363, 0.0108699491248, 0.0107699334621, 0.0136577030644, 0.0119438571855, 0.017304930836, 0.0300402864814, 0.0342058800161, 0.0344012230635, 0.0286388229579, 0.0309752915055, 0.0367791540921], "mean": [0.271135747433, 0.153119459748, 0.0442376807332, 0.0308757945895, 0.0317870117724, 0.110086798668, 0.216641291976, 0.14983202517, 0.0698835328221, 0.0923285633326, 0.0686933621764, 0.0641833841801, 0.0986742600799, 0.0858861356974, 0.1355984658, 0.222177267075, 0.145118311048, 0.0433523692191, 0.0298623405397, 0.0377273336053, 0.208375290036, 0.420807927847, 0.291444420815, 0.125544607639, 0.103669784963, 0.0474390387535, 0.0492136776447, 0.072028003633, 0.0568039603531, 0.101678609848, 0.175486281514, 0.135972946882, 0.0945438742638, 0.106516003609, 0.0986714437604, 0.190284743905], "dvar2": [0.100011594594, 0.0757140144706, 0.0699696093798, 0.0592446736991, 0.054810449481, 0.0678844153881, 0.0788842216134, 0.0627171993256, 0.0621117949486, 0.0572440251708, 0.052864972502, 0.0563955940306, 0.0629040971398, 0.0615364946425, 0.072606317699, 0.0813290923834, 0.07820879668, 0.0524761602283, 0.0438281223178, 0.0450992211699, 0.0639275833964, 0.0765449330211, 0.0648303106427, 0.0687500759959, 0.0516818352044, 0.0302245058119, 0.0276283659041, 0.0342748165131, 0.032712187618, 0.0477124750614, 0.0767987072468, 0.0938171744347, 0.0964555367827, 0.0756036788225, 0.084283657372, 0.0979412198067], "min": [0, 0, 0, 0, 0, 0, 0, 0, 0, 0, 0, 0, 0, 0, 0, 0, 0, 0, 0, 0, 0, 0, 0, 0, 0, 0, 0, 0, 0, 0, 0, 0, 0, 0, 0, 0], "var": [0.120477795601, 0.0466724969447, 0.0152183715254, 0.011693790555, 0.0112901311368, 0.0280081853271, 0.086071357131, 0.0440650098026, 0.0258032158017, 0.0550739392638, 0.0283221881837, 0.0175774507225, 0.0447962805629, 0.0322275049984, 0.0392028614879, 0.109258152544, 0.0579046346247, 0.0129389958456, 0.00956415385008, 0.0103590833023, 0.0505993589759, 0.157820641994, 0.0851692855358, 0.0482947193086, 0.0476050116122, 0.0140480631962, 0.0119261620566, 0.0194730125368, 0.0118681732565, 0.0356813520193, 0.102006174624, 0.0577794499695, 0.0311278551817, 0.0342086032033, 0.0288418773562, 0.0655502900481], "median": [0.0858986079693, 0.0515979155898, 0.0101596489549, 0.00531020853668, 0.00504918117076, 0.0385009869933, 0.0768060833216, 0.0540675148368, 0.012592304498, 0.00919037684798, 0.0115480646491, 0.0180840417743, 0.0212238319218, 0.0203259326518, 0.0494550466537, 0.0567857921124, 0.0299507565796, 0.0106930918992, 0.00663353316486, 0.00957100093365, 0.112429626286, 0.245187401772, 0.177685201168, 0.0267090052366, 0.0138902757317, 0.00829628296196, 0.0160170011222, 0.0256831422448, 0.0223770812154, 0.0175220817327, 0.0183261539787, 0.0189933236688, 0.0249001532793, 0.0325137525797, 0.0346276089549, 0.0635416358709]}}, "lowlevel": {"melbands_flatness_db": {"dmean": 0.0254884567112, "dmean2": 0.0375601798296, "max": 0.908607840538, "dvar": 0.00107260188088, "mean": 0.257259011269, "dvar2": 0.00216404930688, "min": 0.0106426011771, "var": 0.0166835449636, "median": 0.217987477779}, "melbands_crest": {"dmean": 2.58346247673, "dmean2": 4.18832731247, "max": 34.9461593628, "dvar": 7.02540588379, "mean": 14.6116952896, "dvar2": 17.7692394257, "min": 2.29792261124, "var": 29.9524288177, "median": 13.8113994598}, "spectral_entropy": {"dmean": 0.196879506111, "dmean2": 0.287998855114, "max": 9.80530261993, "dvar": 0.0820735320449, "mean": 7.19057226181, "dvar2": 0.167552217841, "min": 3.26930952072, "var": 0.874396979809, "median": 7.43831348419}, "melbands": {"dmean": [0.000887152040377, 0.00120036955923, 0.000783937633969, 0.000709470943548, 0.000396777642891, 0.000252578349318, 0.000187963276403, 0.000109066764708, 0.000125451886561, 0.000130589512992, 8.14724044176e-05, 7.10221429472e-05, 4.63279284304e-05, 5.06142605445e-05, 5.12195911142e-05, 3.7381574657e-05, 2.83117769868e-05, 3.5271536035e-05, 1.75790992216e-05, 1.41935779538e-05, 1.1160062968e-05, 7.75008447818e-06, 7.60297325542e-06, 3.22381856677e-06, 3.33016600962e-06, 2.68477924692e-06, 2.05520746022e-06, 1.77571632776e-06, 1.91939511751e-06, 1.58123725669e-06, 1.14785825645e-06, 1.42411363413e-06, 1.12424254439e-06, 1.02361457266e-06, 8.57673967403e-07, 7.20557864042e-07, 6.79103322909e-07, 7.10797905867e-07, 7.73634042162e-07, 8.72512885053e-07], "dmean2": [0.00135077862069, 0.00189462781418, 0.00127899239305, 0.00119649921544, 0.000645521911792, 0.000405483326176, 0.000306550995447, 0.000180836534128, 0.000202869865461, 0.000201081842533, 0.000130226064357, 0.000108071304567, 6.89010339556e-05, 7.88192774053e-05, 8.06892930996e-05, 5.78161452722e-05, 4.39913237642e-05, 5.46397241123e-05, 2.67360937869e-05, 2.1042786102e-05, 1.77569272637e-05, 1.27782623167e-05, 1.20772638184e-05, 5.12536826136e-06, 5.25865652889e-06, 4.26897122452e-06, 3.38810718858e-06, 2.94794767797e-06, 3.14277872349e-06, 2.57551278082e-06, 1.85330463864e-06, 2.29370903071e-06, 1.7569021793e-06, 1.59277146849e-06, 1.34706817789e-06, 1.12580482892e-06, 1.05857100152e-06, 1.1055202549e-06, 1.22927258417e-06, 1.37475035444e-06], "max": [0.0219052806497, 0.0343076996505, 0.0274382792413, 0.0144533440471, 0.00948917213827, 0.00668156472966, 0.00556623749435, 0.00384855549783, 0.00393174262717, 0.00402691867203, 0.00227347039618, 0.00209285179153, 0.00347101455554, 0.00255823298357, 0.00142516812775, 0.000953927170485, 0.000971318222582, 0.00101782428101, 0.000554865284357, 0.000565527239814, 0.000317332218401, 0.000504831143189, 0.00045926697203, 0.000126573679154, 0.000124736790895, 9.05235501705e-05, 0.000103184094769, 0.000105138475192, 0.000166277342942, 6.71873203828e-05, 5.3119048971e-05, 7.63507487136e-05, 5.45168622921e-05, 5.16768159287e-05, 4.66205565317e-05, 3.09859096888e-05, 2.61478216999e-05, 3.53605573764e-05, 3.56655509677e-05, 3.60611556971e-05], "dvar": [2.73813520835e-06, 5.78702974963e-06, 2.52341624218e-06, 1.0830916608e-06, 3.54716746642e-07, 1.39803518096e-07, 7.91415075696e-08, 3.70271102668e-08, 5.03105823668e-08, 4.85486175705e-08, 2.31680772345e-08, 1.53340078413e-08, 7.08428071761e-09, 9.38973343523e-09, 6.99611391042e-09, 3.34266792024e-09, 1.9442583099e-09, 3.26628946112e-09, 9.03631336424e-10, 6.84245882177e-10, 3.57606000367e-10, 2.6988791757e-10, 2.01912528364e-10, 3.801888665e-11, 3.97697916266e-11, 2.15226395733e-11, 1.86160236532e-11, 1.37302781991e-11, 2.56950051514e-11, 1.09899884332e-11, 5.39217585513e-12, 1.23376977038e-11, 6.14524620426e-12, 4.73282524283e-12, 3.40283183575e-12, 1.66218070124e-12, 1.7016176879e-12, 1.77097887136e-12, 1.9366663221e-12, 2.17677243418e-12], "mean": [0.00223243865184, 0.00345026655123, 0.00185717083514, 0.00134034466464, 0.000983742298558, 0.000621666084044, 0.000381355377613, 0.000203343050089, 0.000239447967033, 0.000259125779849, 0.000150173247675, 0.000138589952257, 9.99597104965e-05, 0.000103692778794, 0.000100616460259, 7.79291221988e-05, 5.83167566219e-05, 7.06534920027e-05, 3.81768149964e-05, 3.17642407026e-05, 2.3233524189e-05, 1.7213404135e-05, 1.52820011863e-05, 6.71075349601e-06, 7.31322734282e-06, 6.17985324425e-06, 4.69698670713e-06, 3.88118178307e-06, 4.04788306696e-06, 3.41741406373e-06, 2.57007627624e-06, 3.01788304569e-06, 2.53911775872e-06, 2.35888887801e-06, 1.96384235096e-06, 1.60417812367e-06, 1.39260191645e-06, 1.38383882131e-06, 1.36619235036e-06, 1.41619409533e-06], "dvar2": [7.06729451849e-06, 1.4664327864e-05, 6.04205797572e-06, 2.94579831461e-06, 9.79461219686e-07, 3.73176163748e-07, 2.09951096508e-07, 9.83444508051e-08, 1.28948101974e-07, 1.13343567421e-07, 5.85807100606e-08, 3.4235821289e-08, 1.48471608341e-08, 2.02319156983e-08, 1.78600068068e-08, 8.34394775495e-09, 4.7532813241e-09, 7.77778286221e-09, 2.09313610888e-09, 1.42505451883e-09, 9.2349350389e-10, 7.46714856614e-10, 5.12023035082e-10, 9.40219291312e-11, 9.47216333147e-11, 5.24719850903e-11, 5.01387854845e-11, 3.69006006307e-11, 6.66054780774e-11, 2.87389747416e-11, 1.34275212477e-11, 3.18967005586e-11, 1.51957075395e-11, 1.16019563748e-11, 8.75341119033e-12, 3.9292935225e-12, 4.06006391701e-12, 4.03054889811e-12, 4.5136958407e-12, 5.17984570167e-12], "min": [6.67086340548e-24, 6.37820468712e-25, 7.39517418941e-24, 3.85709989734e-24, 8.6018166189e-24, 4.00470563347e-24, 7.12421072366e-24, 8.07496008613e-24, 4.87475610305e-24, 3.35306274397e-24, 2.11324891064e-24, 4.58169624891e-24, 6.55472493643e-24, 1.08450143892e-23, 1.53469859885e-23, 1.2483735658e-23, 1.16597215332e-23, 1.13442339691e-23, 1.23556254359e-23, 1.58955235744e-23, 7.74964647059e-24, 9.70023995396e-24, 6.47401973266e-24, 5.58546613611e-24, 1.17102914615e-23, 2.23145589131e-23, 1.07980187897e-23, 1.35672668769e-23, 1.4869225003e-23, 8.16737829662e-24, 1.17430702098e-23, 1.48653406519e-23, 1.47746074483e-23, 1.119088572e-23, 9.51832626264e-24, 8.71072596661e-24, 9.12943282472e-24, 1.42874448186e-23, 1.31320594153e-23, 1.23671230836e-23], "var": [9.34963100008e-06, 2.26445772569e-05, 7.74012096372e-06, 1.86526438029e-06, 8.71234874467e-07, 4.49309425221e-07, 1.95985720097e-07, 7.31287812528e-08, 9.10541899657e-08, 1.18785521863e-07, 4.67403786786e-08, 4.00845117099e-08, 2.60897810023e-08, 3.27053903959e-08, 1.54578518874e-08, 8.69625793598e-09, 5.09408693006e-09, 8.75013661528e-09, 3.12960857229e-09, 2.32908914377e-09, 9.26641541277e-10, 9.45002742725e-10, 6.6508965002e-10, 1.00188239649e-10, 1.24692270398e-10, 7.79448242061e-11, 5.03714119027e-11, 4.13153330991e-11, 6.82850095912e-11, 3.39253902748e-11, 1.8170612584e-11, 3.67127057921e-11, 2.32310542331e-11, 1.73447697177e-11, 1.3045210745e-11, 7.48488597491e-12, 5.97156525617e-12, 5.83395137754e-12, 4.88382251307e-12, 4.27476977427e-12], "median": [0.000422044919105, 0.000966080988292, 0.000898133264855, 0.000971101340838, 0.000743506476283, 0.000412345194491, 0.000236736465013, 0.000121265271446, 0.00014726963127, 0.00014841745724, 7.60634138715e-05, 6.51498776278e-05, 3.93001901102e-05, 4.63019750896e-05, 6.10573988524e-05, 5.01128088217e-05, 3.58528850484e-05, 3.85735402233e-05, 1.53124583449e-05, 1.48866693053e-05, 1.03007278085e-05, 5.52020856048e-06, 6.39667223368e-06, 2.16726448343e-06, 1.77140123014e-06, 2.42446640186e-06, 1.97478493646e-06, 9.98545829134e-07, 7.85976567386e-07, 8.54348911616e-07, 5.32873514203e-07, 3.12666884383e-07, 3.49918934717e-07, 4.77471417071e-07, 4.09922506606e-07, 3.50701583329e-07, 2.97537212646e-07, 3.50472760147e-07, 4.62276261715e-07, 5.91192360844e-07]}, "silence_rate_60dB": {"dmean": 0.00575940543786, "dmean2": 0.0115198809654, "max": 1, "dvar": 0.0057273497805, "mean": 0.0639977678657, "dvar2": 0.0134341316298, "min": 0, "var": 0.0598960407078, "median": 0}, "spectral_energyband_middle_high": {"dmean": 0.00140744098462, "dmean2": 0.00211218907498, "max": 0.0320188440382, "dvar": 3.15064835377e-06, "mean": 0.00582386599854, "dvar2": 7.22364393368e-06, "min": 1.64084391048e-21, "var": 2.29267807299e-05, "median": 0.00529939495027}, "erbbands_skewness": {"dmean": 0.343003869057, "dmean2": 0.521982550621, "max": 17.6662006378, "dvar": 0.305575996637, "mean": 0.549581944942, "dvar2": 0.69034409523, "min": -3.86723327637, "var": 1.00048530102, "median": 0.404771029949}, "dynamic_complexity": 3.44756579399, "dissonance": {"dmean": 0.0212540253997, "dmean2": 0.0356663241982, "max": 0.499999821186, "dvar": 0.000533925544005, "mean": 0.445285379887, "dvar2": 0.00142646383028, "min": 0.109521895647, "var": 0.00271581439301, "median": 0.460864782333}, "spectral_skewness": {"dmean": 0.463539510965, "dmean2": 0.730909109116, "max": 17.1022281647, "dvar": 0.765165865421, "mean": 2.7340195179, "dvar2": 1.89636027813, "min": -0.179681271315, "var": 4.2171831131, "median": 2.13992071152}, "spectral_kurtosis": {"dmean": 6.56224822998, "dmean2": 10.4931612015, "max": 397.212646484, "dvar": 341.122283936, "mean": 18.2568473816, "dvar2": 858.252807617, "min": -1.24191725254, "var": 1552.65930176, "median": 5.81335401535}, "gfcc": {"cov": [[30284.7128906, -2953.44384766, -2009.08410645, 1938.42504883, -1311.90966797, 2217.15112305, -134.573806763, 569.065368652, -171.501937866, 1022.00946045, 2.50018525124, 577.979125977, -187.921218872], [-2953.44384766, 4193.16943359, -349.156341553, -669.557312012, 809.18371582, -916.549072266, 45.1879119873, -352.762512207, 203.743682861, -562.736450195, 74.6565704346, -402.525970459, 117.199905396], [-2009.08410645, -349.156341553, 1007.22070312, 38.4825286865, 85.4425125122, 90.6784591675, 138.245422363, 64.5380477905, 34.8842010498, 22.7928009033, -42.4636497498, 6.50330877304, -24.8399009705], [1938.42504883, -669.557312012, 38.4825286865, 802.508117676, -33.527721405, 351.421661377, 238.123199463, 183.442504883, 93.4989852905, 164.050201416, 20.7954864502, 109.860427856, 17.2683372498], [-1311.90966797, 809.18371582, 85.4425125122, -33.527721405, 458.915893555, -143.715530396, 99.9623565674, 0.977678954601, 120.11075592, -104.788513184, 49.9143867493, -60.1508178711, 26.6201152802], [2217.15112305, -916.549072266, 90.6784591675, 351.421661377, -143.715530396, 589.444641113, 155.557800293, 194.774597168, 5.22361183167, 237.51953125, 34.564781189, 126.816398621, -23.80103302], [-134.573806763, 45.1879119873, 138.245422363, 238.123199463, 99.9623565674, 155.557800293, 364.813781738, 153.862503052, 69.5483551025, 61.0133705139, 58.8088493347, -0.280791699886, 37.1682472229], [569.065368652, -352.762512207, 64.5380477905, 183.442504883, 0.977678954601, 194.774597168, 153.862503052, 210.297348022, 36.8618278503, 98.839805603, 43.3610954285, 56.1695327759, 11.5053272247], [-171.501937866, 203.743682861, 34.8842010498, 93.4989852905, 120.11075592, 5.22361183167, 69.5483551025, 36.8618278503, 156.064819336, 5.2522611618, 31.8627204895, 9.82583522797, 29.3015289307], [1022.00946045, -562.736450195, 22.7928009033, 164.050201416, -104.788513184, 237.51953125, 61.0133705139, 98.839805603, 5.2522611618, 189.558105469, 42.0687828064, 73.3533554077, -4.88779640198], [2.50018525124, 74.6565704346, -42.4636497498, 20.7954864502, 49.9143867493, 34.564781189, 58.8088493347, 43.3610954285, 31.8627204895, 42.0687828064, 99.5823974609, 27.1017589569, 18.1188831329], [577.979125977, -402.525970459, 6.50330877304, 109.860427856, -60.1508178711, 126.816398621, -0.280791699886, 56.1695327759, 9.82583522797, 73.3533554077, 27.1017589569, 103.705841064, 13.9923973083], [-187.921218872, 117.199905396, -24.8399009705, 17.2683372498, 26.6201152802, -23.80103302, 37.1682472229, 11.5053272247, 29.3015289307, -4.88779640198, 18.1188831329, 13.9923973083, 80.5262298584]], "mean": [-18.7910480499, 101.4948349, -89.5731124878, -3.53241872787, -42.6665878296, 6.47554063797, -46.519443512, 2.57913303375, -28.7189846039, 2.27003002167, -20.99177742, -0.199261069298, -12.3980112076], "icov": [[8.37979605421e-05, -0.000121216784464, 0.000145404686918, -0.000152143780724, 0.000145354002598, -0.000265248003416, 0.000180877774255, -0.00013438629685, 9.1758214694e-05, -0.00023382496147, 0.000252326426562, -0.000239205604885, 0.000195929853362], [-0.000121216784464, 0.0011955088703, 9.19263184187e-05, 0.000472561514471, -0.000940086320043, 0.000376510753995, -0.000588353956118, 0.00099250942003, -0.000923527288251, 0.00179073179606, -0.00167165661696, 0.00268284115009, -0.00118932023179], [0.000145404686918, 9.19263184187e-05, 0.00155011937022, 0.000109843436803, -0.000325911911204, -0.000461819348857, -0.000537932384759, 1.00991337604e-05, -0.000252069032285, -0.000315521523589, 0.00142724253237, -0.00052147731185, 0.000720277021173], [-0.000152143780724, 0.000472561514471, 0.000109843436803, 0.00265535642393, -0.000492870807648, -3.08864514409e-06, -0.00181261077523, 0.000394971750211, -0.00141546514351, 0.000178614587639, 0.000928510387894, -0.000850363634527, -0.000171408377355], [0.000145354002598, -0.000940086320043, -0.000325911911204, -0.000492870807648, 0.00483762100339, -0.0003345280129, 0.000129259555251, -0.00112712453119, -0.00172571314033, 0.00108374690171, -0.00120194989722, -0.000537894200534, 0.00117352569941], [-0.000265248003416, 0.000376510753995, -0.000461819348857, -3.08864514409e-06, -0.0003345280129, 0.00562289124355, -0.00171243923251, -0.000744374701753, 0.000187454978004, -0.00305839534849, 0.000587191898376, -0.00188309350051, 0.00130175810773], [0.000180877774255, -0.000588353956118, -0.000537932384759, -0.00181261077523, 0.000129259555251, -0.00171243923251, 0.00706427777186, -0.00373845477588, 0.000469303195132, -0.000298863102216, -0.00211712508462, 0.00388710503466, -0.00216216593981], [-0.00013438629685, 0.00099250942003, 1.00991337604e-05, 0.000394971750211, -0.00112712453119, -0.000744374701753, -0.00373845477588, 0.0106609938666, -0.00113284913823, -5.31791556568e-05, -0.00176158209797, -0.000664179853629, -0.000564029382076], [9.1758214694e-05, -0.000923527288251, -0.000252069032285, -0.00141546514351, -0.00172571314033, 0.000187454978004, 0.000469303195132, -0.00113284913823, 0.0103758415207, -0.00212203990668, 0.000399959506467, -0.00262300809845, -0.00118336407468], [-0.00023382496147, 0.00179073179606, -0.000315521523589, 0.000178614587639, 0.00108374690171, -0.00305839534849, -0.000298863102216, -5.31791556568e-05, -0.00212203990668, 0.0169067848474, -0.00780835701153, 0.00294761243276, -0.00136114726774], [0.000252326426562, -0.00167165661696, 0.00142724253237, 0.000928510387894, -0.00120194989722, 0.000587191898376, -0.00211712508462, -0.00176158209797, 0.000399959506467, -0.00780835701153, 0.0195110179484, -0.00927293114364, 0.00166443979833], [-0.000239205604885, 0.00268284115009, -0.00052147731185, -0.000850363634527, -0.000537894200534, -0.00188309350051, 0.00388710503466, -0.000664179853629, -0.00262300809845, 0.00294761243276, -0.00927293114364, 0.0263330899179, -0.00787529814988], [0.000195929853362, -0.00118932023179, 0.000720277021173, -0.000171408377355, 0.00117352569941, 0.00130175810773, -0.00216216593981, -0.000564029382076, -0.00118336407468, -0.00136114726774, 0.00166443979833, -0.00787529814988, 0.0172827430069]]}, "spectral_complexity": {"dmean": 2.41207623482, "dmean2": 3.80063176155, "max": 51, "dvar": 6.06911563873, "mean": 19.67694664, "dvar2": 14.291882515, "min": 0, "var": 123.111877441, "median": 18}, "spectral_flux": {"dmean": 0.0209491085261, "dmean2": 0.0316804423928, "max": 0.287193924189, "dvar": 0.00058159645414, "mean": 0.0773071572185, "dvar2": 0.00123914005235, "min": 1.06120327803e-10, "var": 0.00227120518684, "median": 0.0726014226675}, "spectral_energyband_low": {"dmean": 0.00508748600259, "dmean2": 0.00813222117722, "max": 0.128956004977, "dvar": 8.61060325406e-05, "mean": 0.0175902154297, "dvar2": 0.000231891477597, "min": 3.64744607005e-23, "var": 0.000411175453337, "median": 0.00447315629572}, "spectral_decrease": {"dmean": 1.97488425613e-09, "dmean2": 3.1448055271e-09, "max": 1.39043542305e-11, "dvar": 6.39449945942e-18, "mean": -9.98563454147e-09, "dvar2": 1.70909775147e-17, "min": -4.05531892511e-08, "var": 5.38622593244e-17, "median": -7.79623299252e-09}, "barkbands_spread": {"dmean": 4.50446128845, "dmean2": 6.87483692169, "max": 124.250083923, "dvar": 45.117980957, "mean": 17.6014251709, "dvar2": 101.327674866, "min": 0.0201180055737, "var": 142.46194458, "median": 16.0101318359}, "spectral_rms": {"dmean": 0.000587046844885, "dmean2": 0.000908023153897, "max": 0.0124219665304, "dvar": 3.9826463194e-07, "mean": 0.00569661473855, "dvar2": 9.80712798082e-07, "min": 3.31464218052e-12, "var": 6.43707926429e-06, "median": 0.00553230941296}, "spectral_centroid": {"dmean": 139.821487427, "dmean2": 213.929977417, "max": 11503.7041016, "dvar": 61966.9101562, "mean": 928.092590332, "dvar2": 122815.664062, "min": 50.7297363281, "var": 451798.6875, "median": 819.908569336}, "barkbands_skewness": {"dmean": 0.540027797222, "dmean2": 0.80506080389, "max": 85.5087356567, "dvar": 1.88924670219, "mean": 1.89110660553, "dvar2": 4.00552129745, "min": -9.21533489227, "var": 5.6450548172, "median": 1.76213037968}, "spectral_rolloff": {"dmean": 326.323699951, "dmean2": 557.579162598, "max": 18755.4199219, "dvar": 1104922.375, "mean": 1235.57983398, "dvar2": 2544512.75, "min": 64.599609375, "var": 4852980.5, "median": 796.728515625}, "erbbands_spread": {"dmean": 6.36934995651, "dmean2": 9.62822055817, "max": 191.917175293, "dvar": 89.8879089355, "mean": 33.621131897, "dvar2": 202.077896118, "min": 0.715955138206, "var": 289.193511963, "median": 32.1091003418}, "barkbands": {"dmean": [0.00014398060739, 0.0035224177409, 0.00256340322085, 0.00171394331846, 0.0029976926744, 0.00139247148763, 0.000855706224684, 0.000634894298855, 0.000849883304909, 0.000607441412285, 0.000297455990221, 0.000407453568187, 0.000497947155964, 0.000347768858774, 0.000312572083203, 0.000155320158228, 0.000153033557581, 7.11445973138e-05, 7.03651385265e-05, 5.44954928046e-05, 5.58843894396e-05, 5.46029004909e-05, 4.85423443024e-05, 5.45511611563e-05, 0.000100446879514, 0.00011807950068, 3.87712170777e-05], "dmean2": [0.000228080287343, 0.00552943442017, 0.00418522767723, 0.00286578875966, 0.00502270506695, 0.00220676744357, 0.00139316089917, 0.0010540416697, 0.00130274612457, 0.000943884602748, 0.000443554541562, 0.000632821233012, 0.000779299705755, 0.000540342996828, 0.000475611916045, 0.000244703493081, 0.000246101699304, 0.000114209833555, 0.000109979620902, 9.03350082808e-05, 8.94538679859e-05, 8.36768886074e-05, 7.41805051803e-05, 8.23329828563e-05, 0.000155353554874, 0.000183544645552, 6.42803497612e-05], "max": [0.0050831977278, 0.0988784581423, 0.0924776941538, 0.0741016715765, 0.0520181357861, 0.0392998456955, 0.0240388121456, 0.0225353594869, 0.0261698178947, 0.0152518777177, 0.0225448086858, 0.0236348602921, 0.0148688554764, 0.010736326687, 0.0103458110243, 0.00421145511791, 0.0102453874424, 0.0026946994476, 0.00203422293998, 0.00226527429186, 0.00309923524037, 0.00256703444757, 0.00215049111284, 0.00217883568257, 0.00322879198939, 0.0053499378264, 0.00226419302635], "dvar": [7.07119340859e-08, 4.51570813311e-05, 3.52303250111e-05, 1.50285886775e-05, 1.71054871316e-05, 3.92695437768e-06, 1.61147488598e-06, 1.5512466689e-06, 1.93623736777e-06, 1.06795380361e-06, 3.20831986755e-07, 5.89210401358e-07, 7.18492287888e-07, 2.83805547951e-07, 2.97396638871e-07, 5.93439715146e-08, 8.26191453029e-08, 1.65236677674e-08, 1.39477718264e-08, 1.23472565505e-08, 1.40615830091e-08, 1.34851987355e-08, 9.31914989621e-09, 9.28551457946e-09, 2.80548810849e-08, 5.45189884349e-08, 9.58176560317e-09], "mean": [0.000299225823255, 0.00907412916422, 0.00612030364573, 0.00335560319945, 0.00614603096619, 0.00351559510455, 0.00166946742684, 0.0010614026105, 0.00173429353163, 0.0010988303693, 0.000603938300628, 0.000840738764964, 0.000958863121923, 0.000716666749213, 0.000656964315567, 0.000348767847754, 0.000342613377143, 0.000151986198034, 0.0001747974311, 0.000130069733132, 0.000138334566145, 0.00013763961033, 0.000121801502246, 0.00011814096797, 0.000162526601343, 0.000145574769704, 3.65083178622e-05], "dvar2": [1.86995066542e-07, 0.000118682604807, 8.45840040711e-05, 3.74915252905e-05, 4.68543621537e-05, 1.02001613413e-05, 4.28126804763e-06, 3.99657756134e-06, 4.41747988589e-06, 2.52594281847e-06, 6.80722962443e-07, 1.26093982544e-06, 1.84218163213e-06, 6.74407658607e-07, 7.00622422301e-07, 1.52166620637e-07, 2.16833981881e-07, 4.33812381573e-08, 3.29143325928e-08, 3.3283335199e-08, 3.4991366249e-08, 3.19656621173e-08, 2.2328814353e-08, 2.0144783619e-08, 6.5029240659e-08, 1.29722081965e-07, 2.5371923229e-08], "min": [4.12404111911e-23, 8.27928452691e-24, 9.95734845842e-25, 2.06720495342e-23, 2.57080066022e-23, 2.71366636783e-23, 4.66585697899e-23, 2.33365818583e-23, 2.4499077265e-23, 1.56888167737e-23, 4.80056570707e-23, 1.35543671079e-22, 1.16343452978e-22, 1.44536092175e-22, 1.15375198792e-22, 2.09095522025e-22, 1.4838059633e-22, 1.34729061753e-22, 4.66417228764e-22, 4.16942649579e-22, 4.4252259408e-22, 7.40871151586e-22, 5.53811606979e-22, 1.01939327427e-21, 1.34674969877e-21, 1.78710574001e-21, 2.34264193577e-21], "var": [3.13921418638e-07, 0.000149797415361, 0.000119139265735, 4.00493845518e-05, 3.29195208906e-05, 1.29884283524e-05, 3.75784998141e-06, 2.78038055512e-06, 5.03519231643e-06, 2.60379238171e-06, 1.1378194813e-06, 2.01272746381e-06, 1.64321204466e-06, 7.8213344068e-07, 9.36218896186e-07, 1.71963975504e-07, 3.22693381349e-07, 4.63945717399e-08, 5.72020226741e-08, 4.06858369217e-08, 5.59645521037e-08, 6.29480609859e-08, 4.4508421837e-08, 3.94030514883e-08, 5.63835982348e-08, 7.33148155518e-08, 7.69939401124e-09], "median": [3.59464393114e-05, 0.00171213969588, 0.00102815276477, 0.00129795935936, 0.00480501912534, 0.00246765068732, 0.00105394993443, 0.000455140048871, 0.00101258023642, 0.000493365747388, 0.000187727113371, 0.000391550187487, 0.000553647405468, 0.000436789559899, 0.000254932499956, 0.000192473118659, 0.000137059774715, 4.69105143566e-05, 6.34787720628e-05, 3.9122565795e-05, 3.43779756804e-05, 1.76672365342e-05, 2.67253417405e-05, 2.87346647383e-05, 6.83559992467e-05, 3.62803184544e-05, 6.29358964943e-06]}, "melbands_kurtosis": {"dmean": 6.3057384491, "dmean2": 9.95447063446, "max": 1192.31787109, "dvar": 479.077331543, "mean": 13.9202432632, "dvar2": 1146.47180176, "min": -1.85524880886, "var": 721.047302246, "median": 9.57166862488}, "erbbands_crest": {"dmean": 2.01689648628, "dmean2": 3.21433854103, "max": 29.2654247284, "dvar": 4.27767753601, "mean": 8.85482215881, "dvar2": 10.6171951294, "min": 2.4092669487, "var": 16.8900947571, "median": 8.05228042603}, "melbands_skewness": {"dmean": 0.559815764427, "dmean2": 0.858884513378, "max": 24.0958385468, "dvar": 0.583631515503, "mean": 2.65838479996, "dvar2": 1.37964642048, "min": -2.57443857193, "var": 2.06014966965, "median": 2.63858175278}, "spectral_energyband_middle_low": {"dmean": 0.00512509513646, "dmean2": 0.00828004721552, "max": 0.0905731990933, "dvar": 4.21477889176e-05, "mean": 0.0177283491939, "dvar2": 0.0001079378344, "min": 1.71155894188e-22, "var": 0.000145603597048, "median": 0.0159761831164}, "spectral_contrast_coeffs": {"dmean": [0.0468764230609, 0.0450308471918, 0.0350996740162, 0.0300315245986, 0.021888691932, 0.0207065772265], "dmean2": [0.075992628932, 0.0749796777964, 0.0569954551756, 0.0476845651865, 0.0347642302513, 0.0333266928792], "max": [-0.2282653898, -0.381522268057, -0.485576719046, -0.565104484558, -0.466021537781, -0.615633785725], "dvar": [0.00161234580446, 0.00155818171334, 0.000828437623568, 0.000611686962657, 0.000371946924133, 0.000480088900076], "mean": [-0.569805264473, -0.710120379925, -0.744719266891, -0.751981079578, -0.787454903126, -0.816599428654], "dvar2": [0.00398962805048, 0.004226884339, 0.00214171037078, 0.00148410082329, 0.000883894390427, 0.00129835784901], "min": [-0.958527743816, -0.967597365379, -0.956246256828, -0.979656636715, -0.965825855732, -0.964319169521], "var": [0.0143417632207, 0.00647543882951, 0.00467017106712, 0.00340885994956, 0.00251851277426, 0.00272767269053], "median": [-0.585944950581, -0.715013980865, -0.749411046505, -0.749135255814, -0.788143992424, -0.815359592438]}, "spectral_contrast_valleys": {"dmean": [0.396464645863, 0.371859997511, 0.317986518145, 0.298117697239, 0.276703923941, 0.463938891888], "dmean2": [0.640824854374, 0.609626173973, 0.502943813801, 0.45804771781, 0.409221291542, 0.660260975361], "max": [-5.04137134552, -4.64356279373, -5.32354831696, -5.84509706497, -6.09327220917, -7.81813097], "dvar": [0.167599663138, 0.171624869108, 0.135747671127, 0.131983265281, 0.165963098407, 0.35913208127], "mean": [-7.61466741562, -6.74391078949, -7.46997928619, -7.99577236176, -8.41986656189, -10.5040330887], "dvar2": [0.360237032175, 0.425699472427, 0.312369912863, 0.281390398741, 0.320979624987, 0.815439641476], "min": [-27.7915878296, -26.8496112823, -27.6683177948, -27.2080593109, -27.4129619598, -27.1473236084], "var": [3.97495627403, 2.7887840271, 3.31547808647, 3.43978428841, 3.5545873642, 4.29246473312], "median": [-7.16784191132, -6.34217453003, -6.9147605896, -7.51981544495, -7.99815559387, -9.82341003418]}, "silence_rate_20dB": {"dmean": 0, "dmean2": 0, "max": 1, "dvar": 0, "mean": 1, "dvar2": 0, "min": 1, "var": 0, "median": 1}, "silence_rate_30dB": {"dmean": 0.00780306570232, "dmean2": 0.0156075805426, "max": 1, "dvar": 0.007742267102, "mean": 0.994519770145, "dvar2": 0.0207526274025, "min": 0, "var": 0.00545043777674, "median": 1}, "spectral_strongpeak": {"dmean": 0.31962698698, "dmean2": 0.549090862274, "max": 9.11616897583, "dvar": 0.279672473669, "mean": 0.790647685528, "dvar2": 0.728166520596, "min": 0, "var": 0.532414078712, "median": 0.595665812492}, "spectral_spread": {"dmean": 1056351.125, "dmean2": 1514923.625, "max": 40288072, "dvar": 1979330854910.0, "mean": 5224158.5, "dvar2": 4016222240770.0, "min": 164774.703125, "var": 8521990012930.0, "median": 5077619}, "barkbands_flatness_db": {"dmean": 0.0227829813957, "dmean2": 0.0334791205823, "max": 0.731411039829, "dvar": 0.000766513694543, "mean": 0.168450921774, "dvar2": 0.00159428524785, "min": 0.0182714425027, "var": 0.0121370702982, "median": 0.130807459354}, "pitch_salience": {"dmean": 0.0620039515197, "dmean2": 0.0985467582941, "max": 0.931928932667, "dvar": 0.00385671597905, "mean": 0.555980503559, "dvar2": 0.00911744032055, "min": 0.00637895287946, "var": 0.013236310333, "median": 0.569029331207}, "erbbands_kurtosis": {"dmean": 1.44986605644, "dmean2": 2.37495112419, "max": 530.389892578, "dvar": 138.41305542, "mean": 1.62911069393, "dvar2": 363.905334473, "min": -1.89403271675, "var": 138.730392456, "median": 0.0671201944351}, "average_loudness": 0.835680484772, "barkbands_crest": {"dmean": 2.16028499603, "dmean2": 3.47551846504, "max": 26.8072128296, "dvar": 4.48057365417, "mean": 10.9885444641, "dvar2": 11.384428978, "min": 2.02731442451, "var": 16.8943195343, "median": 10.4081048965}, "hfc": {"dmean": 5.69610738754, "dmean2": 8.51327419281, "max": 168.386520386, "dvar": 63.7230606079, "mean": 23.9541931152, "dvar2": 144.625335693, "min": 1.24273616762e-16, "var": 374.573638916, "median": 20.2606239319}, "barkbands_kurtosis": {"dmean": 10.7339000702, "dmean2": 17.5657463074, "max": 14369.5693359, "dvar": 48074.9414062, "mean": 13.4234933853, "dvar2": 130026.710938, "min": -1.97803735733, "var": 37201.0859375, "median": 3.55129551888}, "erbbands": {"dmean": [0.0889959335327, 0.882414281368, 2.60294365883, 4.49408006668, 8.10603141785, 10.3551149368, 11.7872114182, 11.2686805725, 12.8771495819, 9.71769332886, 15.0791406631, 21.5517158508, 15.7311964035, 15.9271612167, 13.0031471252, 16.0608997345, 23.6896972656, 14.0594749451, 19.0991439819, 13.0643434525, 8.64073753357, 6.84676170349, 4.49754047394, 3.69374990463, 2.97583007812, 2.53933620453, 2.58886122704, 1.95435655117, 2.14343953133, 1.65052485466, 1.32817339897, 1.08257973194, 1.00168824196, 0.957754969597, 0.812070012093, 0.484860956669, 0.225715726614, 0.0622590184212, 0.0074229775928, 0.000137399125379], "dmean2": [0.134288370609, 1.39626467228, 4.16457080841, 7.40537309647, 13.6333322525, 17.4872512817, 18.9021892548, 18.2081375122, 21.0732898712, 16.131072998, 24.7922420502, 32.9758872986, 25.1703681946, 24.1595878601, 19.6371364594, 24.8515338898, 36.9306907654, 21.8271541595, 29.5180511475, 19.2736110687, 13.6049041748, 11.1528024673, 7.11976718903, 5.77586603165, 4.77025985718, 4.18406677246, 4.20002412796, 3.11636781693, 3.34338235855, 2.50323700905, 2.04384374619, 1.65933859348, 1.53276693821, 1.49401414394, 1.26581573486, 0.751748979092, 0.35473677516, 0.10007558763, 0.0125912977383, 0.000234771636315], "max": [2.43486142159, 24.8919372559, 92.7978515625, 186.525482178, 188.694015503, 226.517700195, 320.589691162, 314.470947266, 358.509979248, 380.166442871, 541.497009277, 738.70489502, 455.932678223, 458.821258545, 746.050231934, 1183.23962402, 719.676635742, 445.527557373, 658.768493652, 566.704772949, 272.031311035, 555.216796875, 145.295059204, 134.738616943, 121.390090942, 134.489990234, 176.163009644, 64.5566329956, 125.831077576, 81.2546768188, 63.8654403687, 40.277973175, 45.2796401978, 39.6093902588, 22.8938655853, 15.8735971451, 13.2258310318, 3.43090295792, 0.425367504358, 0.0101468721405], "dvar": [0.0286706164479, 2.9514901638, 32.9737586975, 114.279052734, 180.709533691, 193.291915894, 344.401702881, 296.988006592, 383.23840332, 299.344360352, 868.114379883, 1397.03564453, 894.66394043, 736.262390137, 453.685821533, 938.42956543, 1680.03088379, 463.198883057, 1011.18133545, 713.283203125, 196.836715698, 193.033355713, 56.8172607422, 45.9475593567, 28.093662262, 25.7028484344, 36.2870750427, 14.5425796509, 25.4294033051, 10.8952178955, 6.9025387764, 3.9445681572, 3.12211990356, 2.54598474503, 1.87139582634, 0.740502476692, 0.243349894881, 0.0206585284323, 0.000445534329629, 1.72049837488e-07], "mean": [0.211292237043, 2.21940302849, 6.78619241714, 10.4732465744, 14.1462459564, 21.5362224579, 27.7922916412, 27.1052589417, 26.2381629944, 18.4946060181, 27.6780452728, 43.0577697754, 30.3701381683, 32.7851791382, 30.2292118073, 36.6146507263, 46.4217453003, 31.6940040588, 40.5676460266, 28.7737007141, 20.5607643127, 16.784029007, 10.5869102478, 9.00061321259, 7.70391321182, 6.19659757614, 6.240193367, 4.8940486908, 5.10055446625, 4.24679803848, 3.27874422073, 2.42512655258, 2.01126861572, 1.64647185802, 1.22047150135, 0.661965668201, 0.262147903442, 0.0651647150517, 0.00667820405215, 0.000163712829817], "dvar2": [0.0707145109773, 7.75063657761, 79.7111587524, 270.515991211, 474.670806885, 541.442565918, 933.31652832, 804.620422363, 1024.68896484, 802.865478516, 2251.08984375, 3255.77246094, 2265.04272461, 1638.53344727, 987.990966797, 1975.53283691, 4275.61621094, 1126.16308594, 2438.46826172, 1457.86682129, 502.317962646, 526.68572998, 146.242019653, 109.094032288, 70.296661377, 68.0984039307, 91.6900100708, 35.5526924133, 62.6371002197, 25.2756557465, 16.7564163208, 9.04723930359, 6.87807512283, 5.89690065384, 4.41592693329, 1.6843893528, 0.592588424683, 0.052283141762, 0.00122144236229, 4.81166637201e-07], "min": [6.58061052351e-22, 8.36955419584e-22, 1.69970187023e-21, 3.23589824456e-20, 6.53388673386e-20, 7.14526044824e-20, 2.88146712022e-19, 1.53750516148e-19, 4.22431729651e-19, 8.24726057483e-19, 6.00982697376e-19, 5.90262178144e-19, 4.54890400286e-19, 1.28205850173e-18, 2.12970552719e-18, 5.71636438554e-18, 5.38443128138e-18, 6.1917140643e-18, 6.84169066936e-18, 9.66199233277e-18, 8.62207823746e-18, 9.35781237893e-18, 5.96462486201e-18, 1.5419123074e-17, 2.46099913802e-17, 1.92644640574e-17, 2.13570374469e-17, 1.78974488335e-17, 2.53865551567e-17, 2.29323433665e-17, 1.6436525449e-17, 1.53816484836e-17, 2.01464106439e-17, 1.46859167965e-17, 1.00497373808e-17, 6.2604060375e-18, 3.57445959867e-18, 1.18338371287e-18, 3.36056961402e-19, 3.48407213849e-20], "var": [0.0980717390776, 9.37793159485, 121.09551239, 365.220184326, 268.656433105, 429.083465576, 815.049682617, 888.13885498, 915.15838623, 558.741333008, 1455.75354004, 3403.71044922, 1805.54760742, 2025.17736816, 1681.36132812, 3181.16699219, 3707.85424805, 1295.24719238, 2787.61865234, 2366.98071289, 598.916931152, 840.635253906, 198.957183838, 161.674758911, 114.172309875, 89.2285461426, 129.35949707, 61.7484550476, 97.3099746704, 53.615688324, 33.2174491882, 17.0703468323, 11.1418008804, 5.73652076721, 3.31653499603, 1.25409817696, 0.287059813738, 0.0198934022337, 0.000320368300891, 1.21222015537e-07], "median": [0.043280147016, 0.49848484993, 1.62972676754, 3.71477603912, 8.96361351013, 15.4193935394, 19.7894897461, 17.3500804901, 16.1971645355, 12.121629715, 15.9556617737, 24.5209083557, 16.5406227112, 16.4317378998, 15.8603248596, 20.7216186523, 28.1144580841, 21.1691970825, 22.8611564636, 12.3123893738, 10.634601593, 6.48061180115, 4.37610340118, 2.69245290756, 3.64169359207, 1.95133209229, 1.44147872925, 1.10213756561, 0.605247795582, 0.80556344986, 0.713535428047, 0.528543889523, 0.560174465179, 0.695104598999, 0.491596341133, 0.222173035145, 0.051813736558, 0.0116050671786, 0.0011393717723, 8.41574001242e-05]}, "spectral_energy": {"dmean": 0.0076950294897, "dmean2": 0.0122119570151, "max": 0.158162876964, "dvar": 9.42695842241e-05, "mean": 0.039860766381, "dvar2": 0.0002511999337, "min": 1.1261523626e-20, "var": 0.000841424101964, "median": 0.0313716121018}, "zerocrossingrate": {"dmean": 0.0117185683921, "dmean2": 0.0140682971105, "max": 0.6875, "dvar": 0.000322294334183, "mean": 0.0618875399232, "dvar2": 0.000392025278416, "min": 0.001953125, "var": 0.00603855075315, "median": 0.0478515625}, "spectral_energyband_high": {"dmean": 0.000395740411477, "dmean2": 0.000587779795751, "max": 0.