{"tonal": {"chords_number_rate": 0.00240295752883, "thpcp": [1, 0.622681498528, 0.124336957932, 0.181748569012, 0.281101167202, 0.424765050411, 0.650708496571, 0.500740766525, 0.166389390826, 0.08453117311, 0.142879486084, 0.546397089958, 0.837447345257, 0.486295253038, 0.413145631552, 0.651160299778, 0.374329090118, 0.122368693352, 0.173142328858, 0.158579260111, 0.334016174078, 0.597154438496, 0.433952748775, 0.187483206391, 0.122743047774, 0.0731762424111, 0.215153425932, 0.373123556376, 0.223921522498, 0.0570757612586, 0.037403549999, 0.0419321916997, 0.116527378559, 0.21373039484, 0.192563399673, 0.516819536686], "hpcp": {"dvar": [0.0118985464796, 0.00915089435875, 0.00886268634349, 0.0067752301693, 0.00601526908576, 0.00836143177003, 0.0134672159329, 0.0145655907691, 0.0171636007726, 0.0259287003428, 0.0182867851108, 0.0129832839593, 0.0209777578712, 0.0327133461833, 0.0350560955703, 0.0319188125432, 0.0236936826259, 0.0158632360399, 0.0124668944627, 0.015398168005, 0.0212733019143, 0.0289568956941, 0.0211905427277, 0.0205944981426, 0.0216825790703, 0.0145077388734, 0.0124480705708, 0.0203290190548, 0.0139787336811, 0.013606922701, 0.0201059821993, 0.0166612751782, 0.0113176470622, 0.0101806176826, 0.00508902780712, 0.00779387168586], "mean": [0.134122699499, 0.0804906561971, 0.0205164086074, 0.0134450504556, 0.0150729129091, 0.0418868400156, 0.0768273621798, 0.0692186877131, 0.18577554822, 0.359459221363, 0.223828598857, 0.0446940660477, 0.0653311982751, 0.101044401526, 0.152685716748, 0.233903169632, 0.179995894432, 0.0598101988435, 0.0303855091333, 0.0513593479991, 0.196407482028, 0.301028162241, 0.174803316593, 0.148509010673, 0.234065577388, 0.134556040168, 0.0439865551889, 0.0622376091778, 0.0570027753711, 0.120065197349, 0.21465267241, 0.155988320708, 0.06739256531, 0.0441211201251, 0.0263038761914, 0.0773388817906], "min": [0, 0, 0, 0, 0, 0, 0, 0, 0, 0, 0, 0, 0, 0, 0, 0, 0, 0, 0, 0, 0, 0, 0, 0, 0, 0, 0, 0, 0, 0, 0, 0, 0, 0, 0, 0], "median": [0.0259031280875, 0.0197280012071, 0.00399687699974, 0.00185165205039, 0.00158925657161, 0.0122550874949, 0.0218924731016, 0.0178254730999, 0.0730153769255, 0.141768395901, 0.0907320380211, 0.0126015860587, 0.00740740820765, 0.00819014385343, 0.0348258465528, 0.0628638416529, 0.0459968559444, 0.00950507074594, 0.00223229452968, 0.0053372727707, 0.0721673965454, 0.121798068285, 0.0701018869877, 0.0276757627726, 0.0134909749031, 0.00844176858664, 0.00916488561779, 0.00873350631446, 0.00809038244188, 0.0359172709286, 0.0741041153669, 0.0604386180639, 0.0130944289267, 0.00584382656962, 0.00493911933154, 0.013149170205], "dvar2": [0.0270365960896, 0.0235142447054, 0.0239172372967, 0.0189158972353, 0.016501462087, 0.022897509858, 0.0339987613261, 0.0383793115616, 0.0441833883524, 0.0572012327611, 0.0466447584331, 0.0343405678868, 0.0544098168612, 0.0774329677224, 0.0861592069268, 0.0793893635273, 0.0602587759495, 0.0414423458278, 0.0317221060395, 0.0406035520136, 0.0530276782811, 0.0696215927601, 0.0554087869823, 0.0579697079957, 0.0484979040921, 0.0398094989359, 0.0345361344516, 0.0580348968506, 0.0362694002688, 0.0345677472651, 0.044729039073, 0.042971778661, 0.0307669211179, 0.0282965302467, 0.0130551569164, 0.0195903740823], "var": [0.0584718957543, 0.0191083345562, 0.00657869875431, 0.00431718304753, 0.00421994831413, 0.00837342068553, 0.023272966966, 0.0213816277683, 0.0516195818782, 0.161322683096, 0.0661668106914, 0.0115982666612, 0.0242257732898, 0.0494545474648, 0.0578095056117, 0.109738536179, 0.0754471942782, 0.0188954751939, 0.011357174255, 0.0179261360317, 0.0676505118608, 0.128451436758, 0.0522969588637, 0.0483173206449, 0.148384943604, 0.0512995310128, 0.0119270700961, 0.0247740000486, 0.020754257217, 0.0342834219337, 0.0919504463673, 0.046821821481, 0.0269608218223, 0.010675733909, 0.00576144177467, 0.0239055436105], "dmean2": [0.0792024582624, 0.0683806687593, 0.0416000150144, 0.0324473679066, 0.0344393476844, 0.0558761507273, 0.0822731629014, 0.0891751796007, 0.125838235021, 0.134114637971, 0.132336944342, 0.0801298990846, 0.104537047446, 0.14099727571, 0.170204848051, 0.161707013845, 0.14050988853, 0.0915877968073, 0.0634334459901, 0.0823531076312, 0.142699792981, 0.160999342799, 0.147072955966, 0.131452769041, 0.0929901972413, 0.0961483716965, 0.0784741044044, 0.0975629389286, 0.079122543335, 0.102018922567, 0.121972642839, 0.119626566768, 0.0784833058715, 0.069302521646, 0.0438559390604, 0.0609979405999], "max": [1, 1, 1, 1, 1, 1, 1, 1, 1, 1, 1, 1, 1, 1, 1, 1, 1, 1, 1, 1, 1, 1, 1, 1, 1, 1, 1, 1, 1, 1, 1, 1, 1, 1, 1, 1], "dmean": [0.0495555587113, 0.0418483763933, 0.0232376325876, 0.0178695172071, 0.0191467404366, 0.0325925722718, 0.0494095571339, 0.052401214838, 0.0749926492572, 0.0833140015602, 0.0807936489582, 0.0455734804273, 0.0603731349111, 0.0844408199191, 0.102414362133, 0.0961572527885, 0.0842334106565, 0.0529333502054, 0.0360024385154, 0.0478554628789, 0.0863963067532, 0.0986928194761, 0.0880514457822, 0.0745019987226, 0.0553444772959, 0.055162742734, 0.044371407479, 0.0559111647308, 0.0470018684864, 0.061841275543, 0.0768628641963, 0.0741699486971, 0.0460158400238, 0.040974073112, 0.0256925113499, 0.036624673754]}, "key_strength": 0.732362270355, "chords_strength": {"dvar": 0.000392501038732, "mean": 0.493946403265, "min": -1, "median": 0.509604692459, "dvar2": 0.000780634116381, "var": 0.0136642968282, "dmean2": 0.00586468447, "max": 0.679915368557, "dmean": 0.00783023796976}, "tuning_equal_tempered_deviation": 0.0364387184381, "chords_key": "C", "tuning_frequency": 436.960693359, "chords_scale": "major", "chords_changes_rate": 0.0401109047234, "key_scale": "major", "tuning_diatonic_strength": 0.512019336224, "hpcp_entropy": {"dvar": 0.195996373892, "mean": 1.64028692245, "min": 0, "median": 1.66130304337, "dvar2": 0.510023832321, "var": 0.49846097827, "dmean2": 0.746081709862, "max": 3.82594847679, "dmean": 0.451557517052}, "chords_histogram": [14.6580410004, 6.96857690811, 36.2661743164, 0.683918654919, 9.63031387329, 1.75600743294, 2.68022179604, 1.79297602177, 8.81700515747, 0.443622916937, 0, 0, 0.739371538162, 0, 0.277264326811, 0, 0.240295752883, 1.40480589867, 0, 1.57116448879, 0.0554528646171, 1.09057307243, 1.99630320072, 8.92791080475], "tuning_nontempered_energy_ratio": 0.644134402275, "key_key": "F"}, "metadata": {"version": {"extractor": "music 1.0", "essentia_build_sha": "c0e182ba78c2de26e491b7b7a4a2c98c1ed34208", "essentia": "2.1-beta2", "essentia_git_sha": "v2.1_beta2-2-gbb40004"}, "audio_properties": {"sample_rate": 44100, "length": 251.186660767, "lossless": true, "analysis_sample_rate": 44100, "downmix": "mix", "bit_rate": 0, "equal_loudness": 0, "md5_encoded": "b8930e5fa7f54b9504332eef4d223dc4", "codec": "flac", "replay_gain": -11.5453090668}, "tags": {"musicbrainz_albumid": ["a0ecfbe0-4a9f-44a5-881b-6bb974ba667c"], "artist": ["The Concretes"], "date": ["2003-00-00"], "musicbrainz_artistid": ["11b1a7c4-3a48-43f8-9d57-6a81fdd1eeba"], "file_name": "04-New_Friend.flac", "musicbrainz_recordingid": ["19a4efcc-6aff-4f7a-b684-a13b6d9c4a7a"], "tracknumber": ["4"], "album": ["The Concretes"], "title": ["New Friend"]}}, "lowlevel": {"melbands": {"dvar": [1.07394285465e-07, 4.1712181087e-07, 1.1593014051e-06, 5.59257330224e-07, 1.58380998982e-06, 4.65311728703e-07, 1.04842456494e-07, 3.83220779554e-08, 8.35583833236e-08, 9.70190754401e-08, 1.35401485579e-08, 6.7040653029e-09, 6.6758478745e-09, 1.38912348291e-09, 3.97295263355e-09, 1.02943842339e-09, 1.76287906495e-09, 7.12168379824e-10, 1.90600979444e-09, 5.24385423972e-09, 4.48221237903e-10, 1.3527534648e-09, 1.92037408198e-09, 1.40447667385e-10, 9.81478301409e-11, 1.5309947754e-11, 5.29301906124e-12, 2.17159818773e-12, 1.15897022882e-11, 4.68060919884e-12, 4.72631135617e-12, 2.40347741709e-11, 1.08805750867e-11, 2.06716219663e-12, 2.10806996859e-11, 2.54202301569e-12, 9.06377159741e-14, 5.92668817669e-14, 3.7538203069e-14, 2.16859150537e-13], "mean": [0.00131196272559, 0.0020404336974, 0.00153362727724, 0.00110850331839, 0.00170672941022, 0.00108587217983, 0.000319145066896, 0.000257953739492, 0.000356946547981, 0.000272083620075, 0.000104107995867, 6.43197199679e-05, 6.10850256635e-05, 2.6094072382e-05, 3.67897373508e-05, 2.8968681363e-05, 4.76677669212e-05, 2.95200861729e-05, 2.92865624942e-05, 7.63533826103e-05, 2.80644744635e-05, 2.91749947792e-05, 3.18414095091e-05, 9.14536394703e-06, 6.93520541972e-06, 3.03800516122e-06, 1.53888686327e-06, 1.07820346784e-06, 1.50690675582e-06, 9.75965008365e-07, 8.59689066601e-07, 1.76626781467e-06, 1.01735929547e-06, 4.20790797762e-07, 1.17798595056e-06, 4.13837000224e-07, 1.36344510793e-07, 1.29030084395e-07, 9.95138833559e-08, 1.46100134657e-07], "min": [7.29147142228e-25, 7.31416497837e-25, 1.81901700641e-24, 1.1656123933e-24, 2.01106894087e-24, 9.5666572065e-25, 1.71161517189e-24, 1.70252098615e-24, 2.42118017334e-24, 9.59774917301e-25, 2.27708526267e-24, 3.54161824969e-24, 3.19168862404e-24, 1.92633798269e-24, 2.07568512927e-24, 2.16709399223e-24, 2.21903555246e-24, 2.63560282257e-24, 3.82886498782e-24, 4.37000897487e-24, 3.41764284198e-24, 4.77761419346e-24, 4.46176138676e-24, 4.86545227754e-24, 5.42884490313e-24, 5.73616420699e-24, 4.43576368677e-24, 4.21507748195e-24, 4.80041661236e-24, 3.53242013154e-24, 4.93855601762e-24, 5.96527781286e-24, 5.74286479152e-24, 5.72261907082e-24, 6.30933200249e-24, 6.75438089838e-24, 6.55801409198e-24, 5.82843490049e-24, 5.90745351965e-24, 6.19701674782e-24], "median": [0.00112823676318, 0.00217698374763, 0.0011153544765, 0.000761479604989, 0.000995712354779, 0.000648868095595, 0.000182887888514, 0.000151196232764, 0.000149571933434, 8.08563127066e-05, 5.29514254595e-05, 2.02489172807e-05, 1.96538112505e-05, 9.71336612565e-06, 1.10515220513e-05, 1.11952113002e-05, 1.13600308396e-05, 7.95477353677e-06, 8.36014532979e-06, 1.12938023449e-05, 1.04008277049e-05, 7.82072856964e-06, 4.56452971775e-06, 1.87018076758e-06, 7.46133366647e-07, 5.01248621276e-07, 3.44470493019e-07, 2.07273728847e-07, 1.69968146224e-07, 1.23601424207e-07, 8.86452369286e-08, 5.00877206377e-08, 2.3902284596e-08, 2.01023802049e-08, 1.09832551942e-08, 6.82799505825e-09, 1.51781112123e-08, 1.60387294557e-08, 1.86461690532e-08, 1.58106256976e-08], "dvar2": [2.41185801997e-07, 1.0572651945e-06, 3.56318832928e-06, 1.49826064444e-06, 3.98675865654e-06, 1.20798370062e-06, 2.81296564708e-07, 9.24978351691e-08, 1.98940639962e-07, 2.118101321e-07, 3.43186989937e-08, 1.61794382336e-08, 1.48861261096e-08, 3.45619932673e-09, 9.55675005798e-09, 2.36707875523e-09, 2.83537349155e-09, 1.47282064322e-09, 5.07700548269e-09, 9.04939057023e-09, 9.42565470119e-10, 2.8099365057e-09, 4.31903535159e-09, 3.0144070573e-10, 2.14205292393e-10, 3.20988131908e-11, 1.16186877827e-11, 4.81649399184e-12, 2.84892370112e-11, 9.71871541577e-12, 9.60353498114e-12, 5.35664325396e-11, 2.65257052434e-11, 5.1686237755e-12, 4.92355427262e-11, 6.07520934601e-12, 1.96883525108e-13, 1.21771082801e-13, 8.31488198606e-14, 5.07911258624e-13], "var": [1.05068647827e-06, 1.88926605915e-06, 2.30641308008e-06, 1.42298063111e-06, 4.02358500651e-06, 1.73258092673e-06, 1.88924346389e-07, 1.34787555339e-07, 3.69017442381e-07, 3.86667551311e-07, 3.19783630687e-08, 2.08281463188e-08, 2.29305499033e-08, 3.41878547694e-09, 1.10633218142e-08, 3.22113002937e-09, 1.02671640079e-08, 2.78461076419e-09, 5.69130209627e-09, 3.25215161467e-08, 1.9907246962e-09, 3.54996654295e-09, 4.64787897059e-09, 7.40340733163e-10, 6.22452922538e-10, 6.79768324963e-11, 1.52021225469e-11, 5.94842751445e-12, 3.40108843866e-11, 1.52933377767e-11, 1.32320578106e-11, 5.43681384635e-11, 1.72431791068e-11, 2.75802167563e-12, 3.11410688902e-11, 3.499134359e-12, 1.68537913118e-13, 1.27581390006e-13, 6.99904001943e-14, 2.9006660897e-13], "dmean2": [0.000262670655502, 0.000589768751524, 0.0011159661226, 0.000750886218157, 0.00123311893549, 0.000667292275466, 0.000249867764069, 0.000175357665285, 0.000217656721361, 0.000184510208783, 7.82573479228e-05, 4.77069952467e-05, 4.33289133071e-05, 1.95436059585e-05, 2.97548594972e-05, 1.94392396224e-05, 2.71057506325e-05, 1.80826828e-05, 2.04655443667e-05, 3.44435247825e-05, 1.36076805575e-05, 1.69331287907e-05, 2.24236064241e-05, 5.28788132215e-06, 3.55362385562e-06, 1.89245258753e-06, 9.99692019832e-07, 7.37200764434e-07, 1.0594478681e-06, 6.9492205057e-07, 6.46840135232e-07, 1.61526759257e-06, 1.07068399302e-06, 4.55265023902e-07, 1.28066062643e-06, 4.63951153051e-07, 1.25852963606e-07, 1.11917515255e-07, 8.75038494996e-08, 1.51999941522e-07], "max": [0.00482006184757, 0.00912199728191, 0.0142967449501, 0.0148942824453, 0.0181466992944, 0.013844544068, 0.00638957927004, 0.00508475117385, 0.00692415656522, 0.00996479857713, 0.00322911795229, 0.00271685631014, 0.00380095979199, 0.00131129613146, 0.00197761273012, 0.00136670807842, 0.00107950065285, 0.000702721765265, 0.00153530470561, 0.00172188063152, 0.000517719483469, 0.0017676576972, 0.00105030077975, 0.000401974859415, 0.000412931083702, 0.000148174440255, 7.64067808632e-05, 4.54383443866e-05, 0.000171590276295, 9.50605317485e-05, 0.000109766209789, 0.000194284453755, 8.03322036518e-05, 3.52978968294e-05, 8.74605102581e-05, 3.44302643498e-05, 7.58022952141e-06, 7.22857157598e-06, 4.28516477768e-06, 8.98998587218e-06], "dmean": [0.000173976906808, 0.000365331303328, 0.000658994307742, 0.000451048807008, 0.000766389828641, 0.000411397748394, 0.0001533824543, 0.000109665837954, 0.000142557779327, 0.000123235789943, 4.99473753734e-05, 3.12900374411e-05, 2.86735721602e-05, 1.22160536193e-05, 1.89097791008e-05, 1.27468101709e-05, 2.01627663046e-05, 1.30836424432e-05, 1.34590200105e-05, 2.59763273789e-05, 9.34330546443e-06, 1.16614464787e-05, 1.50182659127e-05, 3.53398263542e-06, 2.43047770709e-06, 1.28036140268e-06, 6.68169775508e-07, 4.92076537739e-07, 7.14776433597e-07, 4.79451557567e-07, 4.36819391325e-07, 1.09129689463e-06, 7.16168528925e-07, 3.02741426594e-07, 8.54937354688e-07, 3.05906723952e-07, 8.59766728922e-08, 7.69806192125e-08, 6.0265023194e-08, 1.02385399714e-07]}, "spectral_decrease": {"dvar": 4.81551920353e-18, "mean": -8.66652793974e-09, "min": -3.50447919573e-08, "median": -8.76409789186e-09, "dvar2": 1.25135477749e-17, "var": 1.85150251875e-17, "dmean2": 2.79088174793e-09, "max": 1.5272259736e-28, "dmean": 1.72169056789e-09}, "spectral_rolloff": {"dvar": 276984.75, "mean": 947.04888916, "min": 21.533203125, "median": 581.396484375, "dvar2": 707312.125, "var": 2627781.5, "dmean2": 316.396789551, "max": 19422.9492188, "dmean": 182.801895142}, "melbands_crest": {"dvar": 5.36934804916, "mean": 12.8169727325, "min": 1.5104701519, "median": 11.9506931305, "dvar2": 14.8376531601, "var": 19.0535392761, "dmean2": 3.52863192558, "max": 36.3191070557, "dmean": 2.12794351578}, "barkbands_skewness": {"dvar": 0.145233020186, "mean": 1.51094341278, "min": -2.2224855423, "median": 1.47117519379, "dvar2": 0.359224498272, "var": 0.889422774315, "dmean2": 0.558110237122, "max": 8.47815799713, "dmean": 0.352211683989}, "spectral_centroid": {"dvar": 34418.4570312, "mean": 817.815856934, "min": 129.121200562, "median": 621.373718262, "dvar2": 72872.4609375, "var": 812782.0625, "dmean2": 169.091705322, "max": 11953.2539062, "dmean": 109.4348526}, "spectral_energyband_middle_low": {"dvar": 6.15024982835e-05, "mean": 0.0211077239364, "min": 1.70541415719e-22, "median": 0.0190977752209, "dvar2": 0.000158913535415, "var": 0.000193127925741, "dmean2": 0.00954963732511, "max": 0.111535064876, "dmean": 0.00585011346266}, "erbbands_crest": {"dvar": 4.98798131943, "mean": 10.4709615707, "min": 2.79795455933, "median": 9.55516052246, "dvar2": 13.3048210144, "var": 19.6588459015, "dmean2": 3.60179495811, "max": 30.8287467957, "dmean": 2.22713780403}, "dynamic_complexity": 3.22668147087, "spectral_energyband_low": {"dvar": 1.34185993375e-05, "mean": 0.0102975247428, "min": 6.04944177727e-24, "median": 0.0100926831365, "dvar2": 3.82197104045e-05, "var": 4.72673091281e-05, "dmean2": 0.00340068037622, "max": 0.0589201077819, "dmean": 0.00208027823828}, "silence_rate_60dB": {"dvar": 0.00221348600462, "mean": 0.0586006082594, "min": 0, "median": 0, "dvar2": 0.00460206810385, "var": 0.0551659204066, "dmean2": 0.00443745963275, "max": 1, "dmean": 0.00221852469258}, "erbbands_kurtosis": {"dvar": 2.67300605774, "mean": 0.919949471951, "min": -1.8308519125, "median": -0.0566899776459, "dvar2": 6.60054540634, "var": 9.52913093567, "dmean2": 1.55232560635, "max": 41.9597244263, "dmean": 0.973171055317}, "spectral_complexity": {"dvar": 3.29124450684, "mean": 14.5138187408, "min": 0, "median": 15, "dvar2": 7.26091575623, "var": 41.1047515869, "dmean2": 2.79227137566, "max": 42, "dmean": 1.71307075024}, "barkbands_crest": {"dvar": 3.15628433228, "mean": 9.91126537323, "min": 3.00664234161, "median": 9.19054412842, "dvar2": 8.47075176239, "var": 12.9022855759, "dmean2": 2.84390115738, "max": 25.1942825317, "dmean": 1.74614191055}, "spectral_energy": {"dvar": 7.32945991331e-05, "mean": 0.0342015065253, "min": 9.97327867925e-21, "median": 0.0346761420369, "dvar2": 0.000189233818674, "var": 0.000288441777229, "dmean2": 0.0108992671594, "max": 0.136504516006, "dmean": 0.0067398888059}, "spectral_spread": {"dvar": 362904748032, "mean": 2792027, "min": 272402, "median": 2367421.75, "dvar2": 717859651584, "var": 10623585878000.0, "dmean2": 518222.84375, "max": 42579408, "dmean": 356640.90625}, "spectral_contrast_valleys": {"dvar": [0.129031360149, 0.0905677676201, 0.0959268063307, 0.0915933027864, 0.103007689118, 0.077830798924], "mean": [-7.17857599258, -6.70902824402, -7.95799922943, -8.80222225189, -9.43952560425, -12.0093193054], "min": [-28.2441062927, -27.9724998474, -27.7596435547, -27.569852829, -27.5616760254, -27.3737945557], "median": [-6.62554788589, -6.40777111053, -7.65335988998, -8.47373771667, -9.01615333557, -11.7678537369], "dvar2": [0.279752522707, 0.211417019367, 0.217800453305, 0.193919926882, 0.215071544051, 0.130304321647], "var": [4.30751132965, 3.71731615067, 3.42446017265, 3.70542383194, 4.0018620491, 3.6638777256], "dmean2": [0.519318521023, 0.502494335175, 0.474228560925, 0.414213687181, 0.380643874407, 0.308850258589], "max": [-5.56129980087, -4.76162242889, -5.65432071686, -6.31439590454, -6.37731933594, -8.42462825775], "dmean": [0.315374881029, 0.298573315144, 0.288408309221, 0.262319296598, 0.250966638327, 0.241347208619]}, "spectral_rms": {"dvar": 4.22404895062e-07, "mean": 0.00548728276044, "min": 3.1192993067e-12, "median": 0.00581638934091, "dvar2": 1.05966887531e-06, "var": 3.25694077219e-06, "dmean2": 0.000883883738425, "max": 0.0115401530638, "dmean": 0.00054922135314}, "barkbands_spread": {"dvar": 14.3164863586, "mean": 13.251455307, "min": 0.415957272053, "median": 10.2507019043, "dvar2": 33.7065544128, "var": 110.030570984, "dmean2": 3.88670277596, "max": 134.17729187, "dmean": 2.5137822628}, "pitch_salience": {"dvar": 0.00256952433847, "mean": 0.556850016117, "min": 0.0942832827568, "median": 0.556250452995, "dvar2": 0.00696412939578, "var": 0.0095714814961, "dmean2": 0.0879409983754, "max": 0.853003799915, "dmean": 0.053112372756}, "erbbands_skewness": {"dvar": 0.0972453802824, "mean": 0.494949758053, "min": -3.34372735023, "median": 0.529409766197, "dvar2": 0.236471533775, "var": 0.864832520485, "dmean2": 0.493666112423, "max": 5.08235692978, "dmean": 0.315208405256}, "spectral_energyband_middle_high": {"dvar": 3.03994647766e-06, "mean": 0.00408966792747, "min": 1.22261596036e-21, "median": 0.00249572470784, "dvar2": 6.5001540861e-06, "var": 2.16378157347e-05, "dmean2": 0.00143535342067, "max": 0.0473257005215, "dmean": 0.000995958806016}, "erbbands": {"dvar": [0.000714406603947, 0.150635972619, 2.19083857536, 44.7006225586, 70.7038421631, 310.594482422, 1629.24572754, 888.400634766, 541.590148926, 348.932250977, 955.624816895, 2919.03344727, 558.129638672, 386.6902771, 308.352264404, 183.178924561, 579.071105957, 342.017364502, 166.205932617, 2556.53808594, 407.273834229, 1143.48876953, 494.851776123, 126.44052887, 21.2990684509, 4.96747684479, 24.7566928864, 11.117102623, 66.1986846924, 10.8725318909, 45.7054023743, 0.748089194298, 0.10404458642, 0.168561115861, 0.03079726547, 0.000508992525283, 6.79096638123e-06, 1.11004830217e-07, 6.54338916384e-10, 9.55250670232e-11], "mean": [0.102869361639, 1.5040551424, 3.6796271801, 7.37858533859, 14.0805978775, 19.7004470825, 52.0219306946, 46.6498565674, 22.5490570068, 23.1524162292, 39.3577575684, 48.5898017883, 22.7175655365, 16.3596820831, 16.1645622253, 10.0415086746, 16.5628662109, 22.8632106781, 17.4285945892, 42.3555679321, 30.4751567841, 29.6258640289, 17.252696991, 8.88429355621, 3.74118232727, 1.81435096264, 2.24601197243, 1.58038628101, 2.92793750763, 1.06216025352, 1.74079060555, 0.329961925745, 0.177188113332, 0.150864541531, 0.0502439625561, 0.00772441411391, 0.00107790948823, 0.000129195206682, 2.67959330813e-05, 3.95112147089e-05], "min": [6.52207919005e-23, 5.75844025056e-22, 2.49505279091e-21, 6.17802943381e-21, 1.56660576317e-20, 2.97726762447e-20, 5.99004520791e-20, 4.48041409437e-20, 1.05191815328e-19, 1.62742899984e-19, 2.38053972445e-19, 1.90327757826e-19, 5.15825952579e-19, 9.76837024108e-19, 1.07866233713e-18, 8.34755053723e-19, 8.97658882284e-19, 1.52831668414e-18, 2.38605438249e-18, 3.39119669998e-18, 4.72045505804e-18, 5.55805690554e-18, 6.07020205949e-18, 7.48073608262e-18, 7.46438106755e-18, 7.44276518378e-18, 7.12769705154e-18, 1.06859013104e-17, 1.21009128622e-17, 1.18876284771e-17, 1.19699048239e-17, 1.2163972149e-17, 9.96259969354e-18, 8.57721444257e-18, 6.13075871137e-18, 4.47319257498e-18, 2.5918651907e-18, 1.03197460899e-18, 2.6999162269e-19, 2.90212311258e-20], "median": [0.0584423393011, 1.63629186153, 3.29942083359, 5.02637958527, 9.23135662079, 12.4010190964, 26.7960720062, 27.7048301697, 13.7220335007, 12.8500814438, 19.3694591522, 14.4441194534, 12.3632602692, 6.1823964119, 5.99335718155, 4.1338429451, 6.13665723801, 6.8041677475, 6.39064836502, 8.84405326843, 9.5634393692, 7.74697971344, 3.99489951134, 1.49552989006, 0.726894140244, 0.40619418025, 0.282308220863, 0.188845619559, 0.100644662976, 0.0453805215657, 0.0207755714655, 0.0240989625454, 0.0272334646434, 0.0218325983733, 0.00488924793899, 0.00109763222281, 0.000192021834664, 2.45376868406e-05, 2.16011922021e-05, 4.00243552576e-05], "dvar2": [0.00150537095033, 0.346607655287, 5.84808063507, 140.743972778, 201.135360718, 826.87121582, 3992.12011719, 2335.06787109, 1470.83239746, 842.294250488, 2293.60473633, 6288.33789062, 1404.82800293, 928.983886719, 718.498168945, 460.043914795, 1356.86230469, 561.768310547, 355.126556396, 6089.85644531, 757.571960449, 2457.97021484, 1054.20349121, 275.079376221, 43.8908195496, 10.9619007111, 59.651763916, 21.5746459961, 151.468109131, 26.38555336, 106.965805054, 1.68074309826, 0.212285250425, 0.387853294611, 0.0764509961009, 0.00111488869879, 1.58250313689e-05, 2.30203752949e-07, 1.36006705898e-09, 2.41376252319e-10], "var": [0.0103025799617, 0.970122814178, 9.74904727936, 68.3846435547, 244.253738403, 635.630493164, 4396.61132812, 3154.48852539, 896.650695801, 1242.82885742, 4292.01660156, 12263.3164062, 1339.60852051, 1211.91394043, 1135.30725098, 441.326416016, 1603.31933594, 2005.20068359, 753.452270508, 10953.5107422, 2582.29272461, 3122.38427734, 1316.10668945, 877.699035645, 98.0224838257, 15.5744409561, 75.5009002686, 36.2206306458, 138.083892822, 16.7673473358, 67.3087615967, 1.2292495966, 0.226582333446, 0.243496909738, 0.0377513319254, 0.000980802229606, 1.22738947539e-05, 2.70181743645e-07, 1.46254386379e-09, 3.89086096675e-10], "dmean2": [0.0200387518853, 0.337624669075, 1.35056304932, 6.16964197159, 9.48907184601, 15.1432123184, 38.1328163147, 29.2310276031, 17.7696876526, 15.6148262024, 23.8827342987, 31.8986225128, 16.0569000244, 11.5404090881, 10.7785253525, 7.07837104797, 11.8626194, 12.5218582153, 9.70876789093, 22.2327079773, 12.7350292206, 17.6112651825, 10.3617534637, 4.24250650406, 2.14229416847, 1.09254956245, 1.47153747082, 1.06499385834, 2.70032954216, 1.05379116535, 1.89795160294, 0.300374388695, 0.145450562239, 0.143185287714, 0.0567858479917, 0.00744394259527, 0.000930231239181, 0.000102030324342, 1.0891418242e-05, 1.23034642456e-05], "max": [0.423762768507, 6.86465597153, 23.1472759247, 97.8910369873, 148.891418457, 377.875518799, 612.51953125, 653.520812988, 439.697631836, 431.37020874, 938.650634766, 1546.49182129, 672.624389648, 626.363647461, 665.622314453, 694.784912109, 1061.25036621, 466.390838623, 301.305480957, 1767.03747559, 420.796875, 1266.89501953, 769.453186035, 456.800048828, 159.468826294, 80.387336731, 261.416168213, 157.504867554, 267.981658936, 75.8469772339, 131.328186035, 17.8488693237, 8.79437541962, 7.61073303223, 3.72873091698, 0.675167024136, 0.0650976747274, 0.0172387883067, 0.00108966953121, 0.000151850210386], "dmean": [0.0135087138042, 0.214815840125, 0.822216689587, 3.62216663361, 5.73197841644, 9.10530567169, 23.8558692932, 17.8478126526, 10.8364133835, 9.74212169647, 15.5405874252, 21.409828186, 10.2847585678, 7.57092046738, 7.07973337173, 4.45585250854, 7.68411016464, 9.25200653076, 6.88391256332, 15.7118644714, 9.19968414307, 12.0083789825, 7.00942420959, 2.92267274857, 1.46164369583, 0.745311796665, 1.01611602306, 0.746822178364, 1.83817350864, 0.721280157566, 1.26125371456, 0.212518259883, 0.102248586714, 0.0992472469807, 0.037819404155, 0.0050812009722, 0.000624160107691, 7.01882090652e-05, 7.35288085707e-06, 7.68471909396e-06]}, "dissonance": {"dvar": 0.000930262671318, "mean": 0.428652912378, "min": 0.0719876289368, "median": 0.441322505474, "dvar2": 0.00261320453137, "var": 0.00272983266041, "dmean2": 0.0475536584854, "max": 0.500000178814, "dmean": 0.0282378513366}, "erbbands_flatness_db": {"dvar": 0.000218995846808, "mean": 0.24311478436, "min": 0.0315065719187, "median": 0.23681473732, "dvar2": 0.000459036760731, "var": 0.00466533005238, "dmean2": 0.0209623817354, "max": 0.512935578823, "dmean": 0.0145949656144}, "melbands_kurtosis": {"dvar": 25.566192627, "mean": 9.7530374527, "min": -1.68288958073, "median": 7.24417972565, "dvar2": 66.5458526611, "var": 95.9879379272, "dmean2": 5.46080160141, "max": 102.909873962, "dmean": 3.39616346359}, "melbands_spread": {"dvar": 17.070104599, "mean": 14.3555583954, "min": 0.488330006599, "median": 10.4828872681, "dvar2": 39.0258674622, "var": 198.773635864, "dmean2": 4.4363117218, "max": 153.533203125, "dmean": 2.84656977654}, "melbands_skewness": {"dvar": 0.195612162352, "mean": 2.25457286835, "min": -0.352098762989, "median": 2.19012761116, "dvar2": 0.491766065359, "var": 1.2006509304, "dmean2": 0.659792900085, "max": 8.88726329803, "dmean": 0.417402803898}, "spectral_entropy": {"dvar": 0.0285643823445, "mean": 6.49261426926, "min": 3.82878136635, "median": 6.52896404266, "dvar2": 0.0637161582708, "var": 0.540987789631, "dmean2": 0.231767430902, "max": 9.81645298004, "dmean": 0.152504041791}, "zerocrossingrate": {"dvar": 4.61853996967e-05, "mean": 0.0355051197112, "min": 0.0009765625, "median": 0.02783203125, "dvar2": 6.15986500634e-05, "var": 0.0017926688306, "dmean2": 0.00546986050904, "max": 0.52734375, "dmean": 0.00450159376487}, "average_loudness": 0.943076133728, "spectral_contrast_coeffs": {"dvar": [0.00137167051435, 0.00114206329454, 0.000851951772347, 0.000597868172918, 0.000424658384873, 0.000345727836248], "mean": [-0.611901819706, -0.683509647846, -0.731961488724, -0.717398047447, -0.730131983757, -0.794172227383], "min": [-0.980471432209, -0.987266004086, -0.974229753017, -0.970073461533, -0.967344403267, -0.964364469051], "median": [-0.619904756546, -0.683034300804, -0.737309336662, -0.711441278458, -0.720802247524, -0.796328186989], "dvar2": [0.00353358569555, 0.00316591374576, 0.00228522811085, 0.00140527938493, 0.000954720308073, 0.00067774701165], "var": [0.00977305229753, 0.00714441761374, 0.0058773313649, 0.00701575772837, 0.00698505435139, 0.00389457959682], "dmean2": [0.0677348151803, 0.0685008838773, 0.0577998757362, 0.0433410927653, 0.0337506979704, 0.026363003999], "max": [-0.229667142034, -0.406808793545, -0.406761169434, -0.433375090361, -0.484241843224, -0.578645288944], "dmean": [0.0404776409268, 0.0410360097885, 0.0352072492242, 0.0271709579974, 0.0215613804758, 0.0178340356797]}, "barkbands_flatness_db": {"dvar": 0.000304949120618, "mean": 0.240314394236, "min": 0.050475563854, "median": 0.222276046872, "dvar2": 0.000655852491036, "var": 0.00772662321106, "dmean2": 0.0246646404266, "max": 0.560924649239, "dmean": 0.0165193434805}, "silence_rate_30dB": {"dvar": 0, "mean": 1, "min": 1, "median": 1, "dvar2": 0, "var": 0, "dmean2": 0, "max": 1, "dmean": 0}, "spectral_energyband_high": {"dvar": 1.37660975952e-07, "mean": 0.00019663569401, "min": 6.9497671349e-21, "median": 2.86040612991e-05, "dvar2": 3.00108098372e-07, "var": 3.06199240185e-07, "dmean2": 0.000141570024425, "max": 0.00685824966058, "dmean": 0.0001030971398}, "melbands_flatness_db": {"dvar": 0.000436296773842, "mean": 0.329517304897, "min": 0.00284790666774, "median": 0.30513587594, "dvar2": 0.000886353722308, "var": 0.0139022571966, "dmean2": 0.0276394858956, "max": 0.712356507778, "dmean": 0.0189300198108}, "barkbands": {"dvar": [5.17833287361e-09, 2.13384191738e-06, 3.6372773593e-06, 7.52909909352e-06, 1.97374320123e-05, 1.73736953002e-05, 1.85797659924e-06, 1.34019944653e-06, 4.53673601442e-06, 3.86727691648e-07, 4.47884644927e-07, 9.77245093736e-08, 3.02598493818e-07, 1.81406875299e-07, 4.30810246144e-07, 3.60456226645e-07, 5.38397614491e-07, 1.21166834788e-07, 1.90011082424e-08, 2.26187202301e-09, 9.45915079598e-09, 2.87288646206e-08, 2.83179790728e-08, 4.26046975477e-10, 9.21000997689e-10, 6.24741534547e-12, 2.25057975457e-14], "mean": [2.80241802102e-05, 0.00572642730549, 0.00317656248808, 0.00311105605215, 0.00642120791599, 0.00649965880439, 0.00135221378878, 0.0014702512417, 0.00193011690862, 0.000627375789918, 0.00045476941159, 0.000183690237463, 0.000379757810151, 0.000485516968183, 0.000459407718154, 0.000665588828269, 0.000701750454027, 0.000215038351598, 9.94291331153e-05, 3.50308037014e-05, 4.74587832286e-05, 6.2923762016e-05, 4.64920376544e-05, 1.06926590888e-05, 1.02408484963e-05, 8.71690872373e-07, 5.6023448991e-08], "min": [5.5902504789e-25, 2.23695610564e-24, 1.28245896362e-24, 9.71258957143e-25, 1.01465632546e-23, 4.66719220496e-24, 9.68624792809e-24, 2.88709877891e-24, 7.57039597368e-24, 2.89163843676e-23, 1.92602661929e-23, 1.69964152552e-23, 2.21483380317e-23, 3.52780079873e-23, 5.47622381021e-23, 6.69749661182e-23, 8.85445815904e-23, 8.87330120616e-23, 1.68972390311e-22, 1.59637931748e-22, 2.2399870749e-22, 3.77744643448e-22, 3.97155367504e-22, 6.11545673437e-22, 8.98456782804e-22, 1.34465902804e-21, 2.00656204757e-21], "median": [1.44063560583e-05, 0.00594541430473, 0.002184453886, 0.00196918216534, 0.00438020331785, 0.00367592135444, 0.000682368059643, 0.000816203595605, 0.000521226204, 0.000310799805447, 0.000130517379148, 6.00832499913e-05, 0.000134791087476, 0.00010572312749, 0.000141409545904, 0.000107321306132, 0.000166596539202, 3.71192581952e-05, 1.66475747392e-05, 7.48456795918e-06, 5.67186407352e-06, 2.36343885263e-06, 8.21044523036e-07, 1.40788802128e-06, 1.29121940518e-06, 1.37435577585e-07, 1.74858811874e-08], "dvar2": [1.2870613908e-08, 4.87637589686e-06, 1.03591646621e-05, 2.32933507505e-05, 5.30692050233e-05, 4.44267134299e-05, 4.83986832478e-06, 3.19275704896e-06, 1.00391716842e-05, 9.60877173384e-07, 1.01073851511e-06, 2.48952204629e-07, 7.10279550731e-07, 3.09616012828e-07, 1.15618718155e-06, 5.74121202135e-07, 1.18962839224e-06, 2.42991035293e-07, 3.74961537375e-08, 5.00792429747e-09, 1.97549017145e-08, 6.58289422972e-08, 6.58434657907e-08, 8.76735628541e-10, 2.17280371473e-09, 1.36901653208e-11, 4.58139216397e-14], "var": [5.51423351425e-09, 1.51862022904e-05, 1.07850873974e-05, 1.44860487126e-05, 4.48242644779e-05, 6.32823357591e-05, 4.04252614317e-06, 5.65622076465e-06, 1.89736692846e-05, 1.04588104932e-06, 1.48836249991e-06, 2.11051087717e-07, 8.72436430654e-07, 1.05839080788e-06, 1.28450392367e-06, 2.26822066907e-06, 1.56719818278e-06, 4.79618279314e-07, 8.244717975e-08, 5.87054760359e-09, 3.50635858126e-08, 5.93796194437e-08, 4.28608153413e-08, 8.86471340777e-10, 1.26293653313e-09, 1.22681578438e-11, 5.01783673206e-14], "dmean2": [3.35666700266e-05, 0.00123722595163, 0.00148761551827, 0.00278430851176, 0.00450709136203, 0.00401759287342, 0.00102891749702, 0.000973372196313, 0.00131971365772, 0.00045574788237, 0.00033025915036, 0.000154246445163, 0.000284781097434, 0.000267658033408, 0.000321912229992, 0.000291287549771, 0.000422096811235, 0.00012101939501, 5.79416882829e-05, 2.35101233557e-05, 3.06461261061e-05, 5.81773019803e-05, 4.84244555992e-05, 8.86532689037e-06, 1.02664307633e-05, 7.94614095412e-07, 4.00376301002e-08], "max": [0.00324984337203, 0.0247526615858, 0.0289432387799, 0.0350731238723, 0.0688049867749, 0.076270326972, 0.0268045477569, 0.0348176024854, 0.0495322272182, 0.0162070747465, 0.032267075032, 0.013603746891, 0.0210518054664, 0.00973032042384, 0.0230430476367, 0.0137726133689, 0.0199811309576, 0.014084007591, 0.00556894717738, 0.00164546340238, 0.00449374085292, 0.00502728717402, 0.00317689054646, 0.000520079920534, 0.000504055235069, 8.73824537848e-05, 6.34996649751e-06], "dmean": [2.0792685973e-05, 0.000797265849542, 0.000911480456125, 0.0016320431605, 0.00272877141833, 0.0025220667012, 0.000639256788418, 0.000622714345809, 0.000875007652212, 0.000294335040962, 0.000218273009523, 9.54264978645e-05, 0.000185073586181, 0.00020017051429, 0.000210723956116, 0.000223243914661, 0.000286169321043, 8.23172231321e-05, 4.01127072109e-05, 1.57313679665e-05, 2.11881997529e-05, 3.95323331759e-05, 3.27759662468e-05, 6.28112547929e-06, 7.04958802089e-06, 5.35253491307e-07, 2.76631819673e-08]}, "erbbands_spread": {"dvar": 35.7610321045, "mean": 27.8225631714, "min": 1.57773089409, "median": 27.3440761566, "dvar2": 80.1367721558, "var": 243.137771606, "dmean2": 6.88626050949, "max": 130.220336914, "dmean": 4.52061510086}, "barkbands_kurtosis": {"dvar": 11.6958274841, "mean": 4.54245138168, "min": -1.83901822567, "median": 2.97186803818, "dvar2": 29.2911968231, "var": 41.6830024719, "dmean2": 3.29332447052, "max": 104.030899048, "dmean": 2.04604244232}, "spectral_flux": {"dvar": 0.000452664360637, "mean": 0.0618859827518, "min": 6.40596534152e-11, "median": 0.0561759397388, "dvar2": 0.00106337573379, "var": 0.00132603477687, "dmean2": 0.0276364255697, "max": 0.256235569715, "dmean": 0.0173821877688}, "silence_rate_20dB": {"dvar": 0, "mean": 1, "min": 1, "median": 1, "dvar2": 0, "var": 0, "dmean2": 0, "max": 1, "dmean": 0}, "gfcc": {"cov": [[22977.140625, -131.146057129, -4041.50683594, 2114.28686523, -801.565734863, 452.944213867, -1029.16674805, 299.966308594, -95.4975204468, 32.9268798828, -176.121383667, -79.3331680298, 203.997497559], [-131.146057129, 2583.14135742, 407.957519531, -798.864318848, 928.983276367, -448.627044678, 293.633148193, -76.0508728027, 177.911529541, -126.103637695, 123.819274902, -146.35446167, 36.5738830566], [-4041.50683594, 407.957519531, 1644.3560791, -534.066040039, -63.7672920227, 89.6053085327, 256.9559021, -107.052185059, -93.8624725342, 59.6615600586, 35.3812332153, 12.924448967, 4.68401384354], [2114.28686523, -798.864318848, -534.066040039, 871.209655762, -109.123321533, 173.255889893, -93.3182449341, 85.6505508423, 70.5029296875, 10.8237552643, -2.88367772102, 56.6362037659, -3.1952662468], [-801.565734863, 928.983276367, -63.7672920227, -109.123321533, 918.657775879, -196.716766357, 143.374313354, 84.5247955322, 211.331619263, -41.1711807251, 63.3056259155, -46.7058334351, 17.5275096893], [452.944213867, -448.627044678, 89.6053085327, 173.255889893, -196.716766357, 375.706268311, -67.9481048584, -24.6397762299, -9.99113464355, 28.7068119049, 11.3450918198, 38.7876052856, -9.69034576416], [-1029.16674805, 293.633148193, 256.9559021, -93.3182449341, 143.374313354, -67.9481048584, 349.868347168, 38.7092018127, -65.9180526733, 49.100769043, 35.3109931946, -19.4559001923, 29.7047023773], [299.966308594, -76.0508728027, -107.052185059, 85.6505508423, 84.5247955322, -24.6397762299, 38.7092018127, 183.399810791, -2.61004471779, 24.1931419373, -14.3652048111, 3.49798226357, 29.8327922821], [-95.4975204468, 177.911529541, -93.8624725342, 70.5029296875, 211.331619263, -9.99113464355, -65.9180526733, -2.61004471779, 238.753952026, -52.7539329529, 10.5446653366, 20.4332180023, -32.2617263794], [32.9268798828, -126.103637695, 59.6615600586, 10.8237552643, -41.1711807251, 28.7068119049, 49.100769043, 24.1931419373, -52.7539329529, 161.596008301, -7.1965379715, -24.4811248779, 57.7260627747], [-176.121383667, 123.819274902, 35.3812332153, -2.88367772102, 63.3056259155, 11.3450918198, 35.3109931946, -14.3652048111, 10.5446653366, -7.1965379715, 99.1007232666, 18.4702110291, -9.02712631226], [-79.3331680298, -146.35446167, 12.924448967, 56.6362037659, -46.7058334351, 38.7876052856, -19.4559001923, 3.49798226357, 20.4332180023, -24.4811248779, 18.4702110291, 101.889015198, -8.23620605469], [203.997497559, 36.5738830566, 4.68401384354, -3.1952662468, 17.5275096893, -9.69034576416, 29.7047023773, 29.8327922821, -32.2617263794, 57.7260627747, -9.02712631226, -8.23620605469, 107.587966919]], "mean": [-82.7650527954, 174.570327759, -107.518707275, 13.3705825806, -39.6671867371, -5.04090309143, -42.4502334595, 1.6280657053, -10.1170740128, -9.46703529358, -10.8830938339, -7.69597196579, 1.26485347748], "icov": [[0.000689529813826, -0.00230008992366, 0.00153329980094, -0.00205988995731, 0.00155602162704, -0.00169309310149, 0.00176418200135, -0.00118577224202, 0.00193240062799, -0.00158737436868, 0.00181098899338, -0.0011559179984, 0.000276895530988], [-0.00230008992366, 0.00900061428547, -0.00518740853295, 0.00768116069958, -0.00592315522954, 0.00620778510347, -0.00638625584543, 0.00450715888292, -0.007127140183, 0.0063925399445, -0.00717913452536, 0.00518007017672, -0.00197988655418], [0.00153329980094, -0.00518740853295, 0.00441928347573, -0.00395927531645, 0.00361938145943, -0.00434011779726, 0.00316508952528, -0.00232417904772, 0.00418374082074, -0.00383424316533, 0.00415187841281, -0.0030730497092, 0.000761106028222], [-0.00205988995731, 0.00768116069958, -0.00395927531645, 0.00855576060712, -0.00477092014626, 0.00449101114646, -0.0059168105945, 0.00319816521369, -0.00691545708105, 0.00513768568635, -0.00619421247393, 0.00366898183711, -0.00141954480205], [0.00155602162704, -0.00592315522954, 0.00361938145943, -0.00477092014626, 0.00610449677333, -0.00358752440661, 0.0033370051533, -0.00390243995935, 0.00246535404585, -0.00372782791965, 0.00339921237901, -0.00213694362901, 0.000468080688734], [-0.00169309310149, 0.00620778510347, -0.00434011779726, 0.00449101114646, -0.00358752440661, 0.00817536190152, -0.00377892982215, 0.00335355149582, -0.0051464852877, 0.00358843896538, -0.00571140507236, 0.00291882152669, -0.00086781824939], [0.00176418200135, -0.00638625584543, 0.00316508952528, -0.0059168105945, 0.0033370051533, -0.00377892982215, 0.00921745784581, -0.00394230009988, 0.00694954488426, -0.00528222601861, 0.00385865126736, -0.00331672653556, 0.00116454961244], [-0.00118577224202, 0.00450715888292, -0.00232417904772, 0.00319816521369, -0.00390243995935, 0.00335355149582, -0.00394230009988, 0.00925499107689, -0.00281342258677, 0.00248271133751, -0.00189019239042, 0.0012846350437, -0.00186368403956], [0.00193240062799, -0.007127140183, 0.00418374082074, -0.00691545708105, 0.00246535404585, -0.0051464852877, 0.00694954488426, -0.00281342258677, 0.0130283134058, -0.00448183948174, 0.00634576939046, -0.00552116148174, 0.00278869201429], [-0.00158737436868, 0.0063925399445, -0.00383424316533, 0.00513768568635, -0.00372782791965, 0.00358843896538, -0.00528222601861, 0.00248271133751, -0.00448183948174, 0.0134686008096, -0.00526604335755, 0.00603741500527, -0.00569341750816], [0.00181098899338, -0.00717913452536, 0.00415187841281, -0.00619421247393, 0.00339921237901, -0.005711