{"metadata": {"version": {"essentia_git_sha": "v2.1_beta2", "essentia_build_sha": "70f2e5ece6736b2c40cc944ad0e695b16b925413", "extractor": "music 1.0", "essentia": "2.1-beta2"}, "audio_properties": {"analysis_sample_rate": 44100, "md5_encoded": "dec18d221cec092e49dbbc419b46881b", "downmix": "mix", "sample_rate": 44100, "equal_loudness": 0, "lossless": false, "codec": "mp3", "bit_rate": 244609, "length": 181.342041016, "replay_gain": -14.6643600464}, "tags": {"album": ["Rotting Paradise"], "contentgroup": ["Metal"], "artistsort": ["Coldworker"], "file_name": "04 The Black Dog Syndrome.mp3", "musicbrainz_albumid": ["370081e6-9d5b-4381-a828-069ba88b7d9d"], "artist": ["Coldworker"], "musicbrainz_artistid": ["ee6a7d48-f5ab-4453-8b61-d6db76bffb3e"], "musicbrainz album status": ["official"], "label": ["Relapse Records"], "date": ["2008-05-12"], "originaldate": ["2008-05-12"], "albumartist": ["Coldworker"], "tracknumber": ["4/12"], "musicbrainz_recordingid": ["76c1906d-f151-47ea-a745-284d6b8ca4ff"], "musicbrainz album type": ["album"], "albumartistsort": ["Coldworker"], "musicbrainz album release country": ["XE"], "mood": ["Intense"], "title": ["The Black Dog Syndrome"], "musicbrainz_albumartistid": ["ee6a7d48-f5ab-4453-8b61-d6db76bffb3e"]}}, "rhythm": {"beats_loudness": {"var": 0.000163412609254, "mean": 0.0419027879834, "dmean2": 0.0234469566494, "dvar": 0.000106958308606, "dmean": 0.0132108144462, "max": 0.0839288979769, "min": 8.85560211827e-08, "median": 0.0414123907685, "dvar2": 0.000312642921926}, "beats_position": [0.441179126501, 0.882358253002, 1.3235373497, 1.75310659409, 2.18267560005, 2.60063481331, 3.04181408882, 3.47138309479, 3.90095233917, 4.33052158356, 4.76009082794, 5.17804956436, 5.60761880875, 6.01396799088, 6.420317173, 6.82666635513, 7.24462556839, 7.66258478165, 8.08054447174, 8.498503685, 8.91646194458, 9.34603118896, 9.77560043335, 10.2051696777, 10.623128891, 11.0526981354, 11.4822673798, 11.9118366241, 12.3297958374, 12.7477550507, 13.1657142639, 13.5836734772, 13.9900226593, 14.3963718414, 14.8027210236, 15.2322902679, 15.6618595123, 16.0914287567, 16.5326080322, 16.9737873077, 17.4149665833, 17.8561439514, 18.2973232269, 18.7385025024, 19.1912918091, 19.6440811157, 20.0852603912, 20.5264396667, 20.9676189423, 21.4087982178, 21.8383674622, 22.2795467377, 22.7207260132, 23.1735134125, 23.614692688, 24.0558719635, 24.4854412079, 24.9382305145, 25.3910198212, 25.8438091278, 26.2849884033, 26.7261676788, 27.1673469543, 27.6085262299, 28.0497055054, 28.4676647186, 28.8856239319, 29.291973114, 29.7099323273, 30.1278915405, 30.5458488464, 30.9638080597, 31.3933773041, 31.8229465485, 32.2409057617, 32.6588668823, 33.0652160645, 33.4831733704, 33.8895225525, 34.2958717346, 34.7138328552, 35.1085700989, 35.514919281, 35.9444885254, 36.362449646, 36.7920188904, 37.2215881348, 37.6395454407, 38.0691146851, 38.4986839294, 38.91664505, 39.3229942322, 39.7293434143, 40.124080658, 40.5304298401, 40.9367790222, 41.3431282043, 41.7494773865, 42.1558265686, 42.5621757507, 42.9685249329, 43.374874115, 43.7696151733, 44.1875724792, 44.5823135376, 44.9770507812, 45.3717918396, 45.7781410217, 46.1612701416, 46.5560073853, 46.9739685059, 47.3570976257, 47.7402267456, 48.1349639893, 48.5297050476, 48.9244422913, 49.3191833496, 49.7139205933, 50.1086616516, 50.5150108337, 50.9213600159, 51.3160972595, 51.7108383179, 52.0939674377, 52.4770965576, 52.871837616, 53.2665748596, 53.661315918, 54.0560531616, 54.45079422, 54.8339233398, 55.2286605835, 55.6234016418, 56.029750824, 56.4244880676, 56.819229126, 57.2139663696, 57.608707428, 58.0034446716, 58.3865737915, 58.7697029114, 59.1528320312, 59.5475730896, 59.9423103333, 60.3254394531, 60.7201805115, 61.1149177551, 61.498046875, 61.8811798096, 62.2643089294, 62.6590461731, 63.0537872314, 63.4369163513, 63.831653595, 64.2263946533, 64.621131897, 65.0042648315, 65.3873901367, 65.7821273804, 66.1768722534, 66.5716094971, 66.9547348022, 67.3378677368, 67.7326049805, 68.1273422241, 68.5220870972, 68.9168243408, 69.3231735229, 69.7295227051, 70.1707000732, 70.6118774414, 71.053062439, 71.4826278687, 71.9238052368, 72.3649902344, 72.817779541, 73.2589569092, 73.7001342773, 74.1413116455, 74.5824966431, 75.0120620728, 75.4416275024, 75.8828125, 76.3239898682, 76.7651672363, 77.2063446045, 77.6475296021, 78.0887069702, 78.5298843384, 78.9710617065, 79.4238510132, 79.8766403198, 80.3178253174, 80.7590026855, 81.2001800537, 81.6529693604, 82.0941467285, 82.5237197876, 82.9532852173, 83.3712463379, 83.7892074585, 84.2071609497, 84.6251220703, 85.0546951294, 85.4842605591, 85.9138336182, 86.3433990479, 86.7729721069, 87.1909255981, 87.6088867188, 88.0152359009, 88.421585083, 88.8395462036, 89.2458953857, 89.6522445679, 90.0702056885, 90.4765548706, 90.8829040527, 91.2892532349, 91.695602417, 92.1019515991, 92.5199050903, 92.9378662109, 93.3442153931, 93.7389526367, 94.1569137573, 94.5632629395, 94.9812240601, 95.3875732422, 95.7939224243, 96.2002716064, 96.5950088501, 97.0129699707, 97.4309310913, 97.8488845825, 98.2668457031, 98.6615829468, 99.0563278198, 99.474281311, 99.8690261841, 100.263763428, 100.646888733, 101.041633606, 101.43637085, 101.819496155, 102.191017151, 102.585754395, 102.980499268, 103.375236511, 103.769973755, 104.164710999, 104.559455872, 104.954193115, 105.348930359, 105.732063293, 106.115188599, 106.509933472, 106.893058777, 107.276191711, 107.670928955, 108.05405426, 108.437187195, 108.8203125, 109.203445435, 109.598182678, 109.992919922, 110.399269104, 110.805618286, 111.177139282, 111.548660278, 111.931785583, 112.314918518, 112.698051453, 113.081176758, 113.464309692, 113.847434998, 114.230567932, 114.613693237, 115.008430481, 115.403175354, 115.797912598, 116.192649841, 116.587387085, 116.982131958, 117.365257263, 117.736778259, 118.119903564, 118.514648438, 118.897773743, 119.280906677, 119.664031982, 120.047164917, 120.430290222, 120.813423157, 121.2081604, 121.591293335, 121.986030579, 122.369155884, 122.763900757, 123.158638, 123.553375244, 123.948112488, 124.342857361, 124.749206543, 125.155555725, 125.561904907, 125.968254089, 126.362991333, 126.769340515, 127.175689697, 127.582038879, 127.988388062, 128.383132935, 128.789474487, 129.195831299, 129.590560913, 129.996917725, 130.403259277, 130.809616089, 131.215957642, 131.622314453, 132.028656006, 132.435012817, 132.84135437, 133.247711182, 133.642440796, 134.048797607, 134.44354248, 134.838272095, 135.256240845, 135.662582397, 136.068939209, 136.463668823, 136.858413696, 137.253143311, 137.671112061, 138.065841675, 138.483810425, 138.901763916, 139.308120728, 139.71446228, 140.13243103, 140.538772583, 140.945129395, 141.363082886, 141.781036377, 142.199005127, 142.60534668, 143.011703491, 143.429656982, 143.847610474, 144.277191162, 144.71836853, 145.14793396, 145.57749939, 146.018676758, 146.471466064, 146.93586731, 147.377044678, 147.818222046, 148.247802734, 148.688980103, 149.130157471, 149.582946777, 150.024124146, 150.453689575, 150.883255005, 151.301223755, 151.719177246, 152.137145996, 152.53187561, 152.926620483, 153.321365356, 153.716094971, 154.110839844, 154.493972778, 154.877090454, 155.271835327, 155.6665802, 156.038085938, 156.409606934, 156.804351807, 157.19909668, 157.593826294, 157.988571167, 158.383300781, 158.766433716, 159.14956665, 159.532699585, 159.915817261, 160.310562134, 160.693695068, 161.076828003, 161.471557617, 161.854690552, 162.237823486, 162.609344482, 162.980865479, 163.375595093, 163.770339966, 164.16506958, 164.58303833, 164.954559326, 165.326080322, 165.720809937, 166.11555481, 166.487075806, 166.870193481, 167.253326416, 167.624847412, 168.007980347, 168.391113281, 168.785842896, 169.180587769, 169.575332642, 169.958450317, 170.341583252, 170.736328125, 171.119445801, 171.502578735, 171.897323608, 172.292053223, 172.675186157, 173.058319092, 173.453063965, 173.847793579, 174.219314575, 174.590835571, 174.985580444, 175.380310059, 175.775054932, 176.169799805, 176.564529419, 176.97088623, 177.377227783, 177.771972656, 178.143493652, 178.515014648, 178.898132324, 179.281265259, 179.652786255, 180.035919189, 180.419036865, 180.790557861], "bpm_histogram_first_peak_spread": {"var": 0, "mean": 0.378238320351, "dmean2": 0, "dvar": 0, "dmean": 0, "max": 0.378238320351, "min": 0.378238320351, "median": 0.378238320351, "dvar2": 0}, "danceability": 1.27064669132, "bpm_histogram_second_peak_weight": {"var": 0, "mean": 0.158013537526, "dmean2": 0, "dvar": 0, "dmean": 0, "max": 0.158013537526, "min": 0.158013537526, "median": 0.158013537526, "dvar2": 0}, "bpm_histogram_first_peak_weight": {"var": 0, "mean": 0.270880371332, "dmean2": 0, "dvar": 0, "dmean": 0, "max": 0.270880371332, "min": 0.270880371332, "median": 0.270880371332, "dvar2": 0}, "bpm": 152.019790649, "bpm_histogram_second_peak_spread": {"var": 0, "mean": 0.1954023242, "dmean2": 0, "dvar": 0, "dmean": 0, "max": 0.1954023242, "min": 0.1954023242, "median": 0.1954023242, "dvar2": 0}, "bpm_histogram_second_peak_bpm": {"var": 0, "mean": 157, "dmean2": 0, "dvar": 0, "dmean": 0, "max": 157, "min": 157, "median": 157, "dvar2": 0}, "beats_count": 444, "beats_loudness_band_ratio": {"var": [0.0236996468157, 0.0111552355811, 0.00108870444819, 0.00427255174145, 0.00276011647657, 0.00683915568516], "mean": [0.522538840771, 0.131081819534, 0.0460433997214, 0.0955978706479, 0.130563080311, 0.149541988969], "dmean2": [0.294754594564, 0.233977913857, 0.0476027168334, 0.102271847427, 0.0934408903122, 0.166887670755], "dvar": [0.014641338028, 0.00837276875973, 0.000926337088458, 0.00294653791934, 0.00243315822445, 0.00653415592387], "dmean": [0.16458761692, 0.124547787011, 0.0276844277978, 0.0585774481297, 0.0542897023261, 0.0891890749335], "max": [0.921631157398, 0.512186288834, 0.25757843256, 0.355635732412, 0.430912345648, 0.888946056366], "min": [0.00198294408619, 0.00241103558801, 0.00776219647378, 0.00648283865303, 0.027099609375, 0.00253628497012], "median": [0.511517465115, 0.105184018612, 0.0373635366559, 0.0750471949577, 0.123751312494, 0.139803379774], "dvar2": [0.0461932569742, 0.0262414552271, 0.00245471391827, 0.00844413042068, 0.00758393900469, 0.0195231847465]}, "onset_rate": 2.9830262661, "bpm_histogram_first_peak_bpm": {"var": 0, "mean": 152, "dmean2": 0, "dvar": 0, "dmean": 0, "max": 152, "min": 152, "median": 152, "dvar2": 0}}, "lowlevel": {"hfc": {"var": 491.242126465, "mean": 47.4978294373, "dmean2": 23.2028141022, "dvar": 256.102539062, "dmean": 14.1217985153, "max": 195.048049927, "min": 1.12117449889e-16, "median": 44.0757675171, "dvar2": 641.510375977}, "barkbands_spread": {"var": 144.481918335, "mean": 46.2004051208, "dmean2": 16.0646133423, "dvar": 75.1731033325, "dmean": 9.51933288574, "max": 102.96068573, "min": 6.54858255386, "median": 45.9172782898, "dvar2": 207.579376221}, "spectral_spread": {"var": 1271751901180.0, "mean": 5134622.5, "dmean2": 751799.1875, "dvar": 577934000128, "dmean": 513113.3125, "max": 43638600, "min": 1589822.25, "median": 5132567, "dvar2": 859051917312}, "spectral_energy": {"var": 0.000497390050441, "mean": 0.0408241264522, "dmean2": 0.032027091831, "dvar": 0.000531449506525, "dmean": 0.0185637827963, "max": 0.173866435885, "min": 1.03791327465e-20, "median": 0.0345511101186, "dvar2": 0.00142953323666}, "gfcc": {"icov": [[0.000261340930592, -7.00755408616e-05, -0.000139539377415, -0.000544707523659, 0.000751498679165, -0.000602300686296, 0.000144144898513, -9.77999370662e-05, 0.000940830272157, -0.000987471896224, 0.00114291452337, -0.000903893786017, 0.000995395355858], [-7.00755408616e-05, 0.00515207229182, 0.00180310499854, 0.000303690321743, -0.0024981610477, 0.00337094743736, -0.00359548535198, 0.00338124204427, -0.00228719622828, 0.00305568589829, -0.00257654837333, 0.00225830008276, -0.0026066256687], [-0.000139539377415, 0.00180310499854, 0.00573838595301, -0.000625470711384, -0.00210478785448, 9.07051799004e-05, 0.00248615280725, -0.000978272059001, -0.000200303766178, 0.00119473657105, 0.00223316182382, -0.00342542608269, 0.00214121094905], [-0.000544707523659, 0.000303690321743, -0.000625470711384, 0.00597353512421, -0.00215276191011, 0.00102929398417, -0.000699651718605, 0.00343493185937, -0.00414558546618, 0.00388484727591, -0.00456474209204, 0.00654945708811, -0.0053942296654], [0.000751498679165, -0.0024981610477, -0.00210478785448, -0.00215276191011, 0.0133348964155, -0.00447348039597, -0.00301248999313, 0.000281130836811, 0.00348911364563, -0.0105919176713, 0.00596286403015, 0.000434449902968, -0.000473523919936], [-0.000602300686296, 0.00337094743736, 9.07051799004e-05, 0.00102929398417, -0.00447348039597, 0.022392982617, -0.00670791789889, -0.00297337700613, 0.000597017875407, 0.00683177821338, -0.0131409149617, 0.0068662664853, -0.000455641828012], [0.000144144898513, -0.00359548535198, 0.00248615280725, -0.000699651718605, -0.00301248999313, -0.00670791789889, 0.0211799815297, -0.0120605072007, -0.0013344255276, 0.00434597861022, 0.00478151580319, -0.00897065736353, 0.00572708249092], [-9.77999370662e-05, 0.00338124204427, -0.000978272059001, 0.00343493185937, 0.000281130836811, -0.00297337700613, -0.0120605072007, 0.0267667360604, -0.0110508101061, 0.000470245286124, 0.00276703713462, 0.00201101298444, -0.00867343693972], [0.000940830272157, -0.00228719622828, -0.000200303766178, -0.00414558546618, 0.00348911364563, 0.000597017875407, -0.0013344255276, -0.0110508101061, 0.0305400956422, -0.0144392494112, -0.00280922907405, 0.00432143034413, 0.0044077555649], [-0.000987471896224, 0.00305568589829, 0.00119473657105, 0.00388484727591, -0.0105919176713, 0.00683177821338, 0.00434597861022, 0.000470245286124, -0.0144392494112, 0.03791147843, -0.018676860258, 0.000405864440836, 0.00242037046701], [0.00114291452337, -0.00257654837333, 0.00223316182382, -0.00456474209204, 0.00596286403015, -0.0131409149617, 0.00478151580319, 0.00276703713462, -0.00280922907405, -0.018676860258, 0.0415435396135, -0.0218896176666, 0.00575831765309], [-0.000903893786017, 0.00225830008276, -0.00342542608269, 0.00654945708811, 0.000434449902968, 0.0068662664853, -0.00897065736353, 0.00201101298444, 0.00432143034413, 0.000405864440836, -0.0218896176666, 0.0460659004748, -0.0189728867263], [0.000995395355858, -0.0026066256687, 0.00214121094905, -0.0053942296654, -0.000473523919936, -0.000455641828012, 0.00572708249092, -0.00867343693972, 0.0044077555649, 0.00242037046701, 0.00575831765309, -0.0189728867263, 0.0353664048016]], "mean": [73.540512085, 45.1185188293, -112.908737183, 52.6160087585, -38.8876037598, 30.2565937042, -31.9972763062, 11.9053697586, -24.869638443, 2.55364918709, -19.2749347687, 1.66639077663, -12.20125103], "cov": [[8411.890625, -713.287353516, 551.321899414, 259.585693359, -420.124420166, 30.1627883911, -318.97567749, -214.280471802, -321.485076904, -35.5678710938, -152.895568848, 22.1605892181, -209.962493896], [-713.287353516, 423.829864502, -178.110824585, 42.2490539551, 84.0462341309, -25.189743042, 87.1914520264, -1.30095803738, 44.7724838257, -11.4902992249, 14.7280845642, -14.7310037613, 39.808757782], [551.321899414, -178.110824585, 288.645355225, 12.2841653824, -13.6164245605, -0.694744944572, -64.1953735352, -15.6298770905, -34.6384124756, -2.028175354, -25.4695568085, 8.71309566498, -24.5983257294], [259.585693359, 42.2490539551, 12.2841653824, 287.619598389, 25.0004558563, -4.25549936295, -22.4283676147, -38.586894989, 16.2401294708, -7.38045120239, 5.38000202179, -32.5794792175, 13.5089263916], [-420.124420166, 84.0462341309, -13.6164245605, 25.0004558563, 141.761505127, 17.3670978546, 45.2626190186, 19.1638755798, 25.3687114716, 22.5057563782, 4.75477075577, -8.12616825104, 12.3130321503], [30.1627883911, -25.189743042, -0.694744944572, -4.25549936295, 17.3670978546, 75.4845428467, 37.2652893066, 28.8798236847, 6.37628126144, -0.729137599468, 13.725985527, 1.57661604881, -3.19325637817], [-318.97567749, 87.1914520264, -64.1953735352, -22.4283676147, 45.2626190186, 37.2652893066, 130.77696228, 66.7492294312, 28.8070964813, -10.8170967102, 0.075498521328, 7.32549953461, 13.2159233093], [-214.280471802, -1.30095803738, -15.6298770905, -38.586894989, 19.1638755798, 28.8798236847, 66.7492294312, 91.1223831177, 32.2497177124, 1.63327181339, -0.207400560379, 6.82075595856, 12.7246189117], [-321.485076904, 44.7724838257, -34.6384124756, 16.2401294708, 25.3687114716, 6.37628126144, 28.8070964813, 32.2497177124, 74.2091140747, 29.1737003326, 23.0072975159, -5.59165239334, 2.59722089767], [-35.5678710938, -11.4902992249, -2.028175354, -7.38045120239, 22.5057563782, -0.729137599468, -10.8170967102, 1.63327181339, 29.1737003326, 62.1424407959, 32.0479736328, 7.2982916832, -7.59606933594], [-152.895568848, 14.7280845642, -25.4695568085, 5.38000202179, 4.75477075577, 13.725985527, 0.075498521328, -0.207400560379, 23.0072975159, 32.0479736328, 60.4342651367, 19.199338913, 3.32806921005], [22.1605892181, -14.7310037613, 8.71309566498, -32.5794792175, -8.12616825104, 1.57661604881, 7.32549953461, 6.82075595856, -5.59165239334, 7.2982916832, 19.199338913, 44.5267982483, 14.1504240036], [-209.962493896, 39.808757782, -24.5983257294, 13.5089263916, 12.3130321503, -3.19325637817, 13.2159233093, 12.7246189117, 2.59722089767, -7.59606933594, 3.32806921005, 14.1504240036, 49.0183677673]]}, "silence_rate_60dB": {"var": 0.0190813858062, "mean": 0.0194597356021, "dmean2": 0.00153668841813, "dvar": 0.000767587625887, "dmean": 0.000768245838117, "max": 1, "min": 0, "median": 0, "dvar2": 0.00153419713024}, "spectral_centroid": {"var": 169319.015625, "mean": 2319.89794922, "dmean2": 530.168884277, "dvar": 83280.4609375, "dmean": 315.679931641, "max": 10824.0839844, "min": 575.969909668, "median": 2330.4074707, "dvar2": 213751.3125}, "spectral_complexity": {"var": 76.1798553467, "mean": 43.2816543579, "dmean2": 8.13855838776, "dvar": 16.5259494781, "dmean": 4.96491670609, "max": 64, "min": 0, "median": 44, "dvar2": 42.6892433167}, "melbands_spread": {"var": 330.74041748, "mean": 42.3595581055, "dmean2": 24.083360672, "dvar": 157.855133057, "dmean": 14.5535173416, "max": 194.981323242, "min": 4.01567029953, "median": 41.2992401123, "dvar2": 424.706268311}, "spectral_strongpeak": {"var": 0.137369394302, "mean": 0.352384239435, "dmean2": 0.474656105042, "dvar": 0.160066276789, "dmean": 0.270474284887, "max": 7.30492162704, "min": 0, "median": 0.251075774431, "dvar2": 0.452397048473}, "zerocrossingrate": {"var": 0.000843490997795, "mean": 0.0968339666724, "dmean2": 0.0171156059951, "dvar": 0.000156462570885, "dmean": 0.0136049157009, "max": 0.5048828125, "min": 0.0166015625, "median": 0.0947265625, "dvar2": 0.000221564201638}, "erbbands_kurtosis": {"var": 0.922483026981, "mean": 0.571806073189, "dmean2": 1.08372795582, "dvar": 0.39737534523, "dmean": 0.670593380928, "max": 12.0042352676, "min": -1.62702143192, "median": 0.454480409622, "dvar2": 1.00666975975}, "spectral_energyband_middle_low": {"var": 7.18406226952e-05, "mean": 0.00867296382785, "dmean2": 0.00966564752162, "dvar": 7.64391879784e-05, "dmean": 0.00575174577534, "max": 0.0878495126963, "min": 3.21213179662e-22, "median": 0.00623543327674, "dvar2": 0.000200040827622}, "erbbands": {"var": [0.181271150708, 13.0824480057, 53.764881134, 60.066280365, 557.308044434, 221.351837158, 40.618019104, 43.9481735229, 55.1548843384, 95.1251220703, 189.894317627, 317.386077881, 242.288085938, 1015.29602051, 3789.21337891, 3507.72583008, 3762.76513672, 3011.7734375, 1162.07543945, 950.877807617, 1238.81970215, 876.570617676, 709.794555664, 793.319519043, 792.200744629, 614.55078125, 595.140014648, 576.36315918, 379.741546631, 227.260955811, 206.35484314, 159.314498901, 81.6144561768, 30.673532486, 4.62991285324, 0.670261323452, 0.0571798682213, 0.00196411623619, 1.80606948561e-05, 1.50782319963e-08], "mean": [0.363962799311, 2.64979600906, 6.26922750473, 8.35784912109, 14.2686538696, 9.69159889221, 5.63543176651, 5.11745166779, 6.0050611496, 7.51566171646, 9.80098342896, 14.7082509995, 15.7645969391, 25.5911636353, 42.1142997742, 47.9168319702, 46.3214302063, 46.0274543762, 51.3641204834, 53.1165962219, 64.9908447266, 56.5519561768, 48.7075386047, 48.7253112793, 45.2817497253, 37.5334663391, 34.9484062195, 32.2029266357, 23.9339237213, 17.7258739471, 17.051404953, 13.4306516647, 8.65729522705, 4.40888166428, 1.85773158073, 0.751303195953, 0.22620485723, 0.0407599285245, 0.0037666009739, 0.000152741034981], "dmean2": [0.552224457264, 4.4898443222, 9.85145568848, 10.6718912125, 24.8469467163, 15.7127370834, 7.14068460464, 6.59515285492, 7.49552249908, 9.0915813446, 10.7429695129, 14.689909935, 13.9102563858, 24.1576023102, 39.5486679077, 43.9348373413, 44.0636749268, 40.3287124634, 38.6594467163, 38.1049423218, 47.9761238098, 38.7412834167, 34.323677063, 37.3788337708, 37.4117088318, 32.1642112732, 30.8767547607, 32.9050445557, 25.1217021942, 19.369556427, 15.9910345078, 10.832783699, 7.16086149216, 4.00564241409, 1.56066715717, 0.600751817226, 0.174408003688, 0.0322819985449, 0.00306226382963, 0.000105428036477], "dvar": [0.206730172038, 17.3782577515, 60.4417228699, 48.0129928589, 645.36895752, 272.936431885, 37.1086654663, 38.0529823303, 48.0078964233, 80.9398574829, 132.043319702, 189.708145142, 117.092353821, 495.318847656, 1813.25598145, 1888.51501465, 2313.42041016, 1748.0838623, 598.52923584, 535.278930664, 757.97668457, 504.359558105, 426.65222168, 543.597717285, 570.171386719, 457.323730469, 477.198516846, 633.943847656, 363.505340576, 191.652145386, 121.469795227, 80.3478012085, 49.2462539673, 25.3791751862, 3.4376680851, 0.437535077333, 0.029820131138, 0.00109584035818, 9.50873527472e-06, 7.75907604833e-09], "dmean": [0.318321585655, 2.54181361198, 5.66501045227, 6.25340032578, 14.586605072, 9.13031864166, 4.17726707458, 3.89408040047, 4.43342924118, 5.41809844971, 6.48172855377, 8.91359519958, 8.45572853088, 14.5289068222, 24.1382713318, 27.2570037842, 27.6823959351, 24.8481674194, 23.1721248627, 22.7436904907, 28.0778942108, 22.7981414795, 20.2720012665, 21.687713623, 21.5414199829, 18.4690608978, 17.5472202301, 18.3416290283, 14.1259584427, 11.0601348877, 9.40633392334, 6.71697425842, 4.53686857224, 2.54048895836, 1.01107752323, 0.39191237092, 0.113893970847, 0.0207198448479, 0.00197272887453, 6.69198998366e-05], "max": [4.77099561691, 32.4569473267, 69.8387908936, 73.1448822021, 265.334625244, 187.597579956, 89.9572601318, 110.673194885, 95.4615859985, 156.551345825, 207.884384155, 257.218963623, 201.553512573, 498.718475342, 583.249938965, 664.612854004, 870.919921875, 958.82019043, 377.389251709, 415.889709473, 349.142059326, 359.788513184, 307.589050293, 260.794830322, 349.604980469, 281.120635986, 273.503723145, 288.610931396, 274.439788818, 153.407989502, 121.6770401, 193.496276855, 125.992202759, 85.9164886475, 36.3330612183, 17.0230712891, 4.05115890503, 0.582676529884, 0.0541228763759, 0.00174079707358], "min": [1.74986527013e-22, 1.06719274204e-21, 1.48869698169e-20, 5.64829166042e-20, 4.53501318468e-20, 2.0156638939e-19, 2.14450373665e-19, 3.38673411228e-19, 6.53293082326e-19, 7.5147626741e-19, 6.14148827789e-19, 9.94703298159e-19, 1.43310405973e-18, 1.90989468712e-18, 1.39999067564e-18, 2.56313307212e-18, 4.31244367141e-18, 4.45868341344e-18, 3.62093350061e-18, 7.07399565899e-18, 6.35173380816e-18, 7.56498525519e-18, 8.34375181367e-18, 1.1270816438e-17, 1.21308774799e-17, 1.1651128441e-17, 1.63448225519e-17, 1.57077330072e-17, 1.86393057658e-17, 1.40778133148e-17, 1.47807282383e-17, 1.52312240348e-17, 1.78120407809e-17, 1.2782377338e-17, 8.66375076954e-18, 5.9403272587e-18, 2.85942130933e-18, 1.20543345287e-18, 2.47655419706e-19, 3.32876768602e-20], "median": [0.236945793033, 1.52196776867, 3.83025455475, 5.99448108673, 6.02462673187, 5.07206392288, 3.7192595005, 3.09522414207, 3.73200917244, 4.44576931, 4.85835886002, 8.44209480286, 10.6528720856, 13.8651447296, 16.824514389, 25.6908531189, 24.3727016449, 29.2072048187, 43.379196167, 46.8701400757, 58.0716362, 50.6152420044, 43.4730529785, 42.5324935913, 38.1842346191, 30.9447231293, 28.6564598083, 26.019235611, 18.8394107819, 13.7405109406, 13.3151521683, 10.15995121, 6.41256523132, 3.01721000671, 1.30437242985, 0.52956289053, 0.160826250911, 0.0285328812897, 0.00246666069143, 0.00011864255066], "dvar2": [0.558817267418, 48.0177078247, 164.583267212, 126.245544434, 1674.32983398, 738.791931152, 101.61693573, 100.665397644, 123.184776306, 217.163543701, 346.643066406, 504.385223389, 310.07635498, 1309.72802734, 4879.60546875, 4668.39697266, 5540.93798828, 4344.07910156, 1549.63928223, 1445.27368164, 2079.18139648, 1364.71582031, 1127.77978516, 1513.66809082, 1546.15930176, 1217.73059082, 1266.1817627, 1763.1517334, 983.702575684, 513.303344727, 320.566314697, 189.924591064, 115.388145447, 62.6043510437, 8.32987689972, 1.05966103077, 0.0695259571075, 0.00264491583221, 2.24597170018e-05, 1.8337122043e-08]}, "barkbands_crest": {"var": 13.6360778809, "mean": 8.66686439514, "dmean2": 5.69853782654, "dvar": 8.52552318573, "dmean": 3.39588785172, "max": 21.8396453857, "min": 1.95271539688, "median": 7.94612884521, "dvar2": 23.056306839}, "melbands_crest": {"var": 20.3736686707, "mean": 14.7083482742, "dmean2": 6.66227865219, "dvar": 9.81166553497, "dmean": 3.98994517326, "max": 34.4302215576, "min": 2.0807890892, "median": 14.3025941849, "dvar2": 27.0032196045}, "spectral_flux": {"var": 0.00211284658872, "mean": 0.128091394901, "dmean2": 0.054274559021, "dvar": 0.00127908505965, "dmean": 0.0335351154208, "max": 0.321620136499, "min": 1.04354545838e-10, "median": 0.118385493755, "dvar2": 0.00264843157493}, "spectral_contrast_valleys": {"var": [0.947542905807, 0.847470939159, 0.756038725376, 0.702218711376, 0.854966282845, 1.19972264767], "mean": [-6.57001924515, -6.73072290421, -6.69731616974, -6.61240053177, -6.34094238281, -8.8715171814], "dmean2": [0.650737524033, 0.607484221458, 0.463778942823, 0.357344985008, 0.340762287378, 0.443980842829], "dvar": [0.134109869599, 0.128510117531, 0.100362472236, 0.0828077346087, 0.0848241448402, 0.129156082869], "dmean": [0.388409972191, 0.366008400917, 0.282625943422, 0.218778252602, 0.205284148455, 0.295244991779], "max": [-5.16162729263, -5.26560115814, -5.02370405197, -5.37185192108, -5.44162082672, -7.47071361542], "min": [-27.5875015259, -27.6379680634, -27.3225440979, -27.3059539795, -27.4365558624, -27.2454376221], "median": [-6.42836332321, -6.63236856461, -6.67178106308, -6.52955532074, -6.2430062294, -8.68968105316], "dvar2": [0.277530670166, 0.246921241283, 0.162704050541, 0.112480394542, 0.120794512331, 0.231475204229]}, "mfcc": {"icov": [[0.000252790108789, -0.000377998716431, -0.000395933893742, -0.000113315712952, 0.000120192700706, -4.18340423494e-05, -0.000186696328456, 4.34574667452e-06, 0.000454273686046, -6.43621251584e-06, 0.000101587145764, -5.91960961174e-05, 0.000284524488961], [-0.000377998716431, 0.00517917238176, 0.00280561973341, -0.000529803626705, 0.000597692793235, -0.000802110822406, 0.000413125642808, 0.000443965749582, -0.00276003475301, 0.0028348963242, 0.000232248145039, -0.00132997927722, 0.000115210175863], [-0.000395933893742, 0.00280561973341, 0.00781374331564, -9.96653325274e-05, -0.00228730146773, 0.00165272701997, 0.00173985364381, -0.00187801837455, 0.0015096074203, 0.000990657368675, 0.00149293022696, 0.000932156865019, -0.000990394968539], [-0.000113315712952, -0.000529803626705, -9.96653325274e-05, 0.00674764066935, -0.00239473045804, -0.00432660011575, 0.00269334204495, -0.000337859382853, -0.0014137896942, -0.00116699375212, 0.00114502198994, 0.0023263792973, -0.000195047003217], [0.000120192700706, 0.000597692793235, -0.00228730146773, -0.00239473045804, 0.015865854919, -0.00520589575171, -0.00339771527797, 0.00708010746166, -0.0014412025921, -0.00332220480777, -0.000853254110552, 0.000873510609381, 0.00139701273292], [-4.18340423494e-05, -0.000802110822406, 0.00165272701997, -0.00432660011575, -0.00520589575171, 0.0237207859755, -0.00701270531863, -0.00104452297091, 0.00755349220708, -0.00350637640804, -0.000529876037035, -0.00245346524753, 0.000832733756397], [-0.000186696328456, 0.000413125642808, 0.00173985364381, 0.00269334204495, -0.00339771527797, -0.00701270531863, 0.024792060256, -0.0112729603425, -0.00648856908083, 0.00865395460278, -0.00365898059681, 0.000761653005611, -0.00204878323711], [4.34574667452e-06, 0.000443965749582, -0.00187801837455, -0.000337859382853, 0.00708010746166, -0.00104452297091, -0.0112729603425, 0.0254379995167, -0.0093437936157, -0.00671870447695, 0.00782326795161, -0.00388949294575, -0.0013849263778], [0.000454273686046, -0.00276003475301, 0.0015096074203, -0.0014137896942, -0.0014412025921, 0.00755349220708, -0.00648856908083, -0.0093437936157, 0.027264136821, -0.00896891392767, -0.00300563313067, 0.00915187131613, -0.00108014175203], [-6.43621251584e-06, 0.0028348963242, 0.000990657368675, -0.00116699375212, -0.00332220480777, -0.00350637640804, 0.00865395460278, -0.00671870447695, -0.00896891392767, 0.0295606181026, -0.0110331429169, -0.00469138054177, 0.00246994826011], [0.000101587145764, 0.000232248145039, 0.00149293022696, 0.00114502198994, -0.000853254110552, -0.000529876037035, -0.00365898059681, 0.00782326795161, -0.00300563313067, -0.0110331429169, 0.0342825651169, -0.013998077251, -0.000779588415753], [-5.91960961174e-05, -0.00132997927722, 0.000932156865019, 0.0023263792973, 0.000873510609381, -0.00245346524753, 0.000761653005611, -0.00388949294575, 0.00915187131613, -0.00469138054177, -0.013998077251, 0.0367001481354, -0.0132734933868], [0.000284524488961, 0.000115210175863, -0.000990394968539, -0.000195047003217, 0.00139701273292, 0.000832733756397, -0.00204878323711, -0.0013849263778, -0.00108014175203, 0.00246994826011, -0.000779588415753, -0.0132734933868, 0.030867645517]], "mean": [-565.560546875, 72.3398513794, -3.43506383896, 29.3363132477, 18.4789867401, 19.9866981506, 10.450088501, 11.0464115143, 5.5610909462, 4.03989744186, -2.04527521133, 2.06084537506, -2.23933839798], "cov": [[5005.67578125, 269.106719971, 186.481704712, 117.690216064, 2.6657140255, 44.0360450745, -20.3139152527, -54.365978241, -127.94808197, -90.5159835815, -68.3071899414, -22.0646724701, -53.9613723755], [269.106719971, 305.08404541, -110.964279175, 17.8479747772, -25.1558876038, 11.2241573334, 21.6758041382, 9.82460308075, 28.7391605377, -21.4674396515, -1.42569422722, 4.80896091461, 0.403798669577], [186.481704712, -110.964279175, 201.622207642, 8.26330184937, 24.6106681824, -11.5454072952, -24.8035392761, -11.1434488297, -30.6115837097, -8.05134105682, -19.6009273529, -13.9425010681, -4.64949417114], [117.690216064, 17.8479747772, 8.26330184937, 218.278533936, 56.4666900635, 47.1939544678, -15.5434265137, -13.7157440186, 2.64250516891, 16.350522995, -7.15333747864, -19.1056041718, -14.5950241089], [2.6657140255, -25.1558876038, 24.6106681824, 56.4666900635, 102.609069824, 32.7509155273, -4.11208677292, -29.2975139618, -8.97910404205, 14.1902828217, 8.26727867126, -4.45267438889, -9.05467128754], [44.0360450745, 11.2241573334, -11.5454072952, 47.1939544678, 32.7509155273, 68.5802154541, 12.7769889832, -3.84592056274, -10.6372928619, 9.38886642456, 7.9603600502, 7.48187923431, -0.882049977779], [-20.3139152527, 21.6758041382, -24.8035392761, -15.5434265137, -4.11208677292, 12.7769889832, 76.6469192505, 43.9902458191, 31.5380573273, -3.06506252289, 2.61910939217, 2.19938778877, 8.47547721863], [-54.365978241, 9.82460308075, -11.1434488297, -13.7157440186, -29.2975139618, -3.84592056274, 43.9902458191, 88.6394729614, 45.7316741943, 13.5517635345, -5.9448890686, 1.84013974667, 9.50371265411], [-127.94808197, 28.7391605377, -30.6115837097, 2.64250516891, -8.97910404205, -10.6372928619, 31.5380573273, 45.7316741943, 80.0140533447, 21.1733589172, 3.7563700676, -10.0075426102, 1.84223866463], [-90.5159835815, -21.4674396515, -8.05134105682, 16.350522995, 14.1902828217, 9.38886642456, -3.06506252289, 13.5517635345, 21.1733589172, 60.5044517517, 23.6752529144, 12.2545194626, 2.03556537628], [-68.3071899414, -1.42569422722, -19.6009273529, -7.15333747864, 8.26727867126, 7.9603600502, 2.61910939217, -5.9448890686, 3.7563700676, 23.6752529144, 51.0367050171, 25.535654068, 9.78570079803], [-22.0646724701, 4.80896091461, -13.9425010681, -19.1056041718, -4.45267438889, 7.48187923431, 2.19938778877, 1.84013974667, -10.0075426102, 12.2545194626, 25.535654068, 51.1621513367, 21.1601352692], [-53.9613723755, 0.403798669577, -4.64949417114, -14.5950241089, -9.05467128754, -0.882049977779, 8.47547721863, 9.50371265411, 1.84223866463, 2.03556537628, 9.78570079803, 21.1601352692, 43.3212661743]]}, "erbbands_flatness_db": {"var": 0.000587499991525, "mean": 0.109807901084, "dmean2": 0.0190355181694, "dvar": 0.000124620477436, "dmean": 0.0123654864728, "max": 0.297804951668, "min": 0.0611373186111, "median": 0.105519674718, "dvar2": 0.000270676158834}, "barkbands": {"var": [1.63252514085e-06, 0.000237112515606, 3.69692061213e-05, 8.2993929027e-06, 3.85359489883e-05, 5.12891915605e-07, 2.99858299968e-07, 3.58975540848e-07, 5.74023090394e-07, 3.7238859818e-07, 1.94190192815e-06, 2.23469078264e-06, 1.82642543223e-06, 1.12916075068e-06, 3.6766903122e-07, 4.32330182321e-07, 2.93182466748e-07, 2.74663392474e-07, 2.96599750982e-07, 2.99617568089e-07, 3.5431949641e-07, 2.67230262807e-07, 2.38857893464e-07, 3.1675958212e-07, 1.53814070813e-07, 2.09781543248e-08, 5.45262890395e-10], "mean": [0.00112502416596, 0.0121512077749, 0.00559231406078, 0.00253402395174, 0.00389005895704, 0.000597581267357, 0.000438042916358, 0.000401561177569, 0.000643759092782, 0.000567301991396, 0.000939294171985, 0.00113921484444, 0.000978868221864, 0.000949862005655, 0.0009783746209, 0.00115695607383, 0.000971435452811, 0.000929467205424, 0.000883962668013, 0.000821719702799, 0.000835201819427, 0.000647482462227, 0.000582279521041, 0.000589198840316, 0.000321360799717, 0.000138340881676, 2.02077171707e-05], "dmean2": [0.00145127053838, 0.0191871654242, 0.00845500640571, 0.0038444257807, 0.00633701216429, 0.000736443733331, 0.000550853495952, 0.00049696554197, 0.000626910245046, 0.000558616477065, 0.000962283462286, 0.00111453549471, 0.00102100381628, 0.000884027918801, 0.000775575055741, 0.000885496789124, 0.000716133916285, 0.000689603271894, 0.00070832867641, 0.000724880374037, 0.00080810795771, 0.000659710378386, 0.000580363557674, 0.000447354803327, 0.000277034851024, 0.000104037069832, 1.68331844179e-05], "dvar": [1.48981951043e-06, 0.00029923778493, 3.65395499102e-05, 7.72295607021e-06, 4.44945071649e-05, 4.16905464817e-07, 2.7049739515e-07, 2.79331430875e-07, 3.21644336054e-07, 2.11175574805e-07, 9.83886707218e-07, 1.20829258776e-06, 1.18862317322e-06, 6.47694776035e-07, 2.08178661865e-07, 2.65515097908e-07, 1.66206234553e-07, 1.66920088418e-07, 2.02225479029e-07, 2.24381395242e-07, 3.56243873512e-07, 2.42209978296e-07, 1.63022789934e-07, 1.59406852163e-07, 1.23622868387e-07, 1.16298997099e-08, 3.06244168913e-10], "dmean": [0.0008611389203, 0.0109801460057, 0.00487188855186, 0.00223787128925, 0.00374531536363, 0.000434600631706, 0.000327420042595, 0.000297365477309, 0.000381159770768, 0.000332947442075, 0.000578226288781, 0.000685147708282, 0.000630756025203, 0.000537397805601, 0.000457639805973, 0.000519308436196, 0.000422561075538, 0.000407904328313, 0.000409928354202, 0.000415196409449, 0.000452113628853, 0.000372599548427, 0.000338179437676, 0.000284875219222, 0.000178324160515, 6.83859398123e-05, 1.07674532046e-05], "max": [0.0165610797703, 0.140636458993, 0.0648639649153, 0.0305682905018, 0.0615488551557, 0.0110110128298, 0.0093939146027, 0.00854496471584, 0.0112257674336, 0.0126800062135, 0.0127540677786, 0.0148916738108, 0.0161658897996, 0.0169338230044, 0.00649856450036, 0.00967838801444, 0.0061901207082, 0.00586190307513, 0.00588510977104, 0.00556908128783, 0.00700855068862, 0.00593674881384, 0.004097845871, 0.00730233127251, 0.00585241336375, 0.00256547355093, 0.000336409313604], "min": [4.79669634433e-24, 2.7897624151e-24, 8.99880692515e-24, 8.73008855753e-24, 4.15701424277e-23, 3.78417712194e-23, 6.10753404653e-23, 3.21903811607e-23, 4.38911384493e-23, 5.66161495818e-23, 3.27434673186e-23, 4.78329596413e-23, 7.86453554174e-23, 8.10414793962e-23, 1.0259076119e-22, 9.02558733293e-23, 1.34801813662e-22, 1.43306289578e-22, 2.8298323839e-22, 2.01818879709e-22, 4.54862751531e-22, 5.51932830603e-22, 5.01878911969e-22, 9.57923011105e-22, 1.29641911084e-21, 1.50679390019e-21, 2.0397908379e-21], "median": [0.000759854097851, 0.00749368639663, 0.00358447455801, 0.0015589351533, 0.00185554521158, 0.000374976109015, 0.00027096143458, 0.000195941305719, 0.000375379255274, 0.000373554474209, 0.000394585571485, 0.000553190300707, 0.000497518456541, 0.000655186304357, 0.000846638111398, 0.00102737511043, 0.000862276006956, 0.000828087213449, 0.000758789421525, 0.000672640046105, 0.000682469864842, 0.000517304986715, 0.000456816080259, 0.000443297059974, 0.000220779940719, 9.91721753962e-05, 1.31419819809e-05], "dvar2": [3.96493760491e-06, 0.000817368272692, 9.84707439784e-05, 2.07163593586e-05, 0.000115747046948, 1.09713880647e-06, 7.078000408e-07, 7.39762015201e-07, 8.51741958741e-07, 5.71951147776e-07, 2.70734108199e-06, 3.0874375625e-06, 2.88204887511e-06, 1.61396678777e-06, 5.59823490676e-07, 7.21272613191e-07, 4.55845651004e-07, 4.44390252596e-07, 5.44929150692e-07, 5.9854301071e-07, 9.75410330284e-07, 6.52952167002e-07, 4.32727347288e-07, 3.62470672144e-07, 3.01275463244e-07, 2.76680562905e-08, 7.39885763767e-10]}, "spectral_energyband_low": {"var": 0.000403725920478, "mean": 0.0201366059482, "dmean2": 0.025596678257, "dvar": 0.000473435531603, "dmean": 0.0148047069088, "max": 0.161592662334, "min": 4.6628482635e-23, "median": 0.0140949329361, "dvar2": 0.00128268566914}, "erbbands_spread": {"var": 166.94984436, "mean": 40.3138999939, "dmean2": 16.160364151, "dvar": 89.7900543213, "dmean": 10.0130825043, "max": 109.355545044, "min": 8.00761032104, "median": 38.5086097717, "dvar2": 222.806396484}, "average_loudness": 0.977470159531, "spectral_energyband_middle_high": {"var": 1.79926264536e-05, "mean": 0.00985604524612, "dmean2": 0.00368098565377, "dvar": 4.48779064754e-06, "dmean": 0.00227779871784, "max": 0.0324679762125, "min": 1.32530702048e-21, "median": 0.00905817560852, "dvar2": 1.09027650979e-05}, "barkbands_flatness_db": {"var": 0.000901769439224, "mean": 0.0692422762513, "dmean2": 0.0347316116095, "dvar": 0.000395603477955, "dmean": 0.0211232639849, "max": 0.212714523077, "min": 0.0165533702821, "median": 0.0620380528271, "dvar2": 0.0010791112436}, "spectral_entropy": {"var": 0.0220396798104, "mean": 8.17680644989, "dmean2": 0.135560259223, "dvar": 0.00606621615589, "dmean": 0.0839739516377, "max": 9.78938102722, "min": 7.33328676224, "median": 8.19702243805, "dvar2": 0.0148075288162}, "melbands_skewness": {"var": 1.51629960537, "mean": 2.61856079102, "dmean2": 1.66325128078, "dvar": 0.933771133423, "dmean": 1.00175142288, "max": 9.15980815887, "min": -1.611577034, "median": 2.42711901665, "dvar2": 2.51465725899}, "spectral_contrast_coeffs": {"var": [0.00533779524267, 0.00227899500169, 0.00157895730808, 0.000886995927431, 0.000369743851479, 0.00108106969856], "mean": [-0.677582263947, -0.796977996826, -0.815323591232, -0.804543852806, -0.805882811546, -0.741493165493], "dmean2": [0.105376571417, 0.07823574543, 0.060194272548, 0.0474207252264, 0.0311240367591, 0.0353771559894], "dvar": [0.00266546057537, 0.00128380325623, 0.000780887901783, 0.000461444782559, 0.000192908613826, 0.000346786167938], "dmean": [0.0644868910313, 0.0459246225655, 0.0354356803, 0.0279224421829, 0.0182122159749, 0.0220141541213], "max": [-0.387405663729, -0.553439617157, -0.658175587654, -0.669881522655, -0.647258400917, -0.617238759995], "min": [-0.956920027733, -0.948585569859, -0.966118574142, -0.962077856064, -0.956797003746, -0.961686551571], "median": [-0.683281779289, -0.799928665161, -0.817970097065, -0.805888175964, -0.80612039566, -0.741867184639], "dvar2": [0.00708210747689, 0.0036924101878, 0.00219874642789, 