{"tonal": {"chords_key": "A", "hpcp_entropy": {"dmean": 0.691711544991, "dmean2": 1.16158747673, "max": 4.31636476517, "dvar": 0.332545042038, "mean": 1.93572223186, "dvar2": 0.856014728546, "min": 0, "var": 0.64656162262, "median": 1.98613190651}, "key_key": "A", "chords_strength": {"dmean": 0.0117499632761, "dmean2": 0.0124943014234, "max": 0.799508035183, "dvar": 9.72744965111e-05, "mean": 0.550793170929, "dvar2": 0.000139333642437, "min": 0.205481484532, "var": 0.0135765941814, "median": 0.562171876431}, "key_scale": "major", "chords_number_rate": 0.00328623061068, "thpcp": [1, 0.636262238026, 0.332960397005, 0.294171631336, 0.234082907438, 0.339723676443, 0.464648008347, 0.433544486761, 0.3968744874, 0.357968121767, 0.304105877876, 0.356032729149, 0.429542869329, 0.410065323114, 0.654942929745, 0.880447745323, 0.57941108942, 0.349264204502, 0.310725867748, 0.247415989637, 0.401425689459, 0.58028370142, 0.480646520853, 0.427659720182, 0.471957087517, 0.447286784649, 0.643307030201, 0.713902771473, 0.42410838604, 0.31933426857, 0.322729736567, 0.252577513456, 0.269439995289, 0.305855870247, 0.336067020893, 0.705183684826], "key_strength": 0.799381136894, "tuning_nontempered_energy_ratio": 0.708447158337, "tuning_frequency": 437.213165283, "chords_changes_rate": 0.0591521523893, "tuning_diatonic_strength": 0.650639116764, "chords_scale": "major", "chords_histogram": [43.5096931458, 2.89188289642, 4.73217201233, 3.45054221153, 1.64311540127, 0.624383807182, 0.0328623056412, 0, 0, 0.591521501541, 2.72757148743, 0.0985869243741, 0, 0, 0, 0.328623056412, 0, 28.8859672546, 1.01873147488, 0.0328623056412, 0, 0.49293461442, 4.04206371307, 4.89648389816], "tuning_equal_tempered_deviation": 0.0676940083504, "hpcp": {"dmean": [0.185209795833, 0.1595236063, 0.119623549283, 0.0993371531367, 0.0873801112175, 0.118955977261, 0.151296123862, 0.143126249313, 0.137563303113, 0.141575977206, 0.145184934139, 0.165121823549, 0.157406494021, 0.114159069955, 0.0982945784926, 0.101478070021, 0.092375934124, 0.0915136784315, 0.0987404957414, 0.11749586463, 0.171743363142, 0.200966119766, 0.163784578443, 0.118429720402, 0.105574376881, 0.0935520604253, 0.11478292942, 0.132708474994, 0.126788750291, 0.126876994967, 0.118233084679, 0.106854729354, 0.115490816534, 0.133812531829, 0.140455916524, 0.173083007336], "dmean2": [0.311603307724, 0.27106577158, 0.204264774919, 0.16984462738, 0.151113003492, 0.202093437314, 0.25589621067, 0.242767810822, 0.233709707856, 0.241929426789, 0.24521176517, 0.277516305447, 0.259707093239, 0.191347658634, 0.165334001184, 0.172141432762, 0.159634828568, 0.159057423472, 0.16944898665, 0.201257228851, 0.286535680294, 0.334879547358, 0.276180773973, 0.208563655615, 0.182741582394, 0.163928300142, 0.197471693158, 0.225538998842, 0.211982443929, 0.215134769678, 0.198902100325, 0.184025347233, 0.198558077216, 0.226099923253, 0.243275269866, 0.294831126928], "max": [1, 1, 1, 1, 1, 1, 1, 1, 1, 1, 1, 1, 1, 1, 1, 1, 1, 1, 1, 1, 1, 1, 1, 1, 1, 1, 1, 1, 1, 1, 1, 1, 1, 1, 1, 1], "dvar": [0.0521522983909, 0.0408846884966, 0.0322736501694, 0.0265144202858, 0.0212163738906, 0.0293232444674, 0.0415284410119, 0.0390161275864, 0.0447421036661, 0.0460576377809, 0.0429980270565, 0.0428590476513, 0.0431666076183, 0.026271449402, 0.0263265483081, 0.0306278280914, 0.0292481761426, 0.0264214463532, 0.0270667895675, 0.030633399263, 0.0366464219987, 0.0524105578661, 0.0385138019919, 0.0338475294411, 0.0313580445945, 0.0277024339885, 0.0310414787382, 0.0374982655048, 0.0342376902699, 0.0355947837234, 0.0330034382641, 0.0322693474591, 0.032903522253, 0.0402296446264, 0.0402860604227, 0.0467274673283], "mean": [0.333709925413, 0.219610109925, 0.132379159331, 0.117772251368, 0.093776345253, 0.152149558067, 0.219940871, 0.182176083326, 0.162092864513, 0.178882583976, 0.169531971216, 0.24382814765, 0.270585566759, 0.160746827722, 0.121035031974, 0.122321985662, 0.0957326814532, 0.102123953402, 0.115926407278, 0.127377122641, 0.267280817032, 0.379022985697, 0.241158008575, 0.126199647784, 0.111497811973, 0.0887228026986, 0.128763079643, 0.176112279296, 0.164323329926, 0.150424554944, 0.135678142309, 0.11526311934, 0.134944587946, 0.162806615233, 0.155424177647, 0.248238429427], "dvar2": [0.124200239778, 0.106315396726, 0.0842317044735, 0.0640911608934, 0.0554587654769, 0.0775988474488, 0.101270079613, 0.100999094546, 0.113671720028, 0.109604768455, 0.106323122978, 0.105289280415, 0.098166577518, 0.0673408657312, 0.0664074718952, 0.077721439302, 0.0783065259457, 0.0700072795153, 0.0713065937161, 0.0808785185218, 0.0928951874375, 0.120872683823, 0.0996360108256, 0.091544508934, 0.0855022892356, 0.0761799737811, 0.0807296857238, 0.0907790437341, 0.0840712338686, 0.0925704538822, 0.0856384783983, 0.0818273425102, 0.083647698164, 0.100137606263, 0.105325222015, 0.126412287354], "min": [0, 0, 0, 0, 0, 0, 0, 0, 0, 0, 0, 0, 0, 0, 0, 0, 0, 0, 0, 0, 0, 0, 0, 0, 0, 0, 0, 0, 0, 0, 0, 0, 0, 0, 0, 0], "var": [0.119572386146, 0.0571923144162, 0.0399865582585, 0.0405288562179, 0.0234259199351, 0.0387829095125, 0.0729848667979, 0.0532059334219, 0.0650340989232, 0.0791014805436, 0.0611478611827, 0.0721503719687, 0.0991360843182, 0.0369377620518, 0.0385186262429, 0.0441634953022, 0.0306405685842, 0.0328100509942, 0.0418452322483, 0.0353995263577, 0.0654150396585, 0.113534003496, 0.0610861107707, 0.0351993516088, 0.0320415794849, 0.0252178534865, 0.0376641824841, 0.0637589097023, 0.0490404702723, 0.043923035264, 0.0397100821137, 0.0410232357681, 0.0403609983623, 0.0567719563842, 0.0496129207313, 0.0740520730615], "median": [0.181123182178, 0.12415060401, 0.0475110709667, 0.0358512476087, 0.0345018170774, 0.0709571912885, 0.102301776409, 0.0867318511009, 0.0451326072216, 0.04232378304, 0.0613496415317, 0.134342119098, 0.132551327348, 0.0825827941298, 0.0408100448549, 0.0363385789096, 0.0290921684355, 0.0317872017622, 0.0336678996682, 0.0508974902332, 0.177725881338, 0.266734480858, 0.150333747268, 0.053250413388, 0.041573818773, 0.02963135764, 0.0434966087341, 0.0587483197451, 0.0757903680205, 0.0661145821214, 0.0581388399005, 0.031711794436, 0.0518472492695, 0.0626055300236, 0.0645087212324, 0.136543035507]}}, "lowlevel": {"melbands_flatness_db": {"dmean": 0.02094899863, "dmean2": 0.0296474676579, "max": 0.39288431406, "dvar": 0.000434513465734, "mean": 0.187327221036, "dvar2": 0.000821916852146, "min": -4.65945930728e-07, "var": 0.00280199828558, "median": 0.183071136475}, "melbands_crest": {"dmean": 2.97454190254, "dmean2": 4.76655864716, "max": 31.0391654968, "dvar": 7.66297149658, "mean": 11.2326431274, "dvar2": 19.1222820282, "min": 1.00070691109, "var": 20.0616455078, "median": 10.2916727066}, "spectral_entropy": {"dmean": 0.167004168034, "dmean2": 0.233213216066, "max": 9.80163002014, "dvar": 0.0270938426256, "mean": 7.36576747894, "dvar2": 0.049160014838, "min": 5.62866592407, "var": 0.177348941565, "median": 7.38015651703}, "melbands": {"dmean": [5.32632584509e-05, 0.000114581198432, 0.000157121234224, 0.000218594796024, 0.00017147717881, 0.000109100597911, 0.00015530057135, 0.000279668427538, 0.000220451343921, 0.000256792205619, 0.000215701278648, 0.000106561536086, 9.01678213268e-05, 7.13356421329e-05, 6.85457853251e-05, 6.03342959948e-05, 5.39348693565e-05, 4.97068249388e-05, 4.37655544374e-05, 3.13087839459e-05, 2.00291051442e-05, 9.86327631836e-06, 1.02479025372e-05, 8.07844662631e-06, 5.22180243934e-06, 4.22882158091e-06, 3.11102371597e-06, 2.1760756681e-06, 1.27884959511e-06, 1.16760406854e-06, 1.00476086118e-06, 1.16795308713e-06, 1.2749464986e-06, 1.06084917206e-06, 7.01679596204e-07, 4.58029489891e-07, 3.15523095651e-07, 2.06090462029e-07, 1.80529667659e-07, 1.38543157391e-07], "dmean2": [8.46414113767e-05, 0.000193008789211, 0.000261141860392, 0.000349574635038, 0.000279641652014, 0.000180535658728, 0.000244971481152, 0.000439541181549, 0.000335649354383, 0.000369710556697, 0.000308202928863, 0.000161957112141, 0.000135131791467, 0.000108514796011, 0.000106421815872, 9.38493394642e-05, 8.30422723084e-05, 7.33877386665e-05, 6.55577314319e-05, 4.64299009764e-05, 2.95445006486e-05, 1.52481388795e-05, 1.61434563779e-05, 1.26149234347e-05, 8.19279739517e-06, 6.57958707961e-06, 4.79389655084e-06, 3.35135814566e-06, 1.99279611479e-06, 1.79051392024e-06, 1.47865989675e-06, 1.74782712747e-06, 1.9194660581e-06, 1.58070167799e-06, 1.06179868453e-06, 7.15852308986e-07, 4.79870948311e-07, 3.12280775461e-07, 2.71331913382e-07, 2.01005605049e-07], "max": [0.00139620283153, 0.00266519701108, 0.0033303424716, 0.00503943255171, 0.00865685846657, 0.00591703969985, 0.00867709331214, 0.00969224609435, 0.0135728958994, 0.0159688182175, 0.0127439852804, 0.00487281754613, 0.00413212785497, 0.00361009989865, 0.00485238386318, 0.00599805405363, 0.0036156787537, 0.00566481240094, 0.00268407468684, 0.00415594317019, 0.00273444037884, 0.00061172991991, 0.000867381866556, 0.00125442259014, 0.000548706913833, 0.000399112905143, 0.000311279320158, 0.000147601400386, 0.000126089842524, 0.000123817299027, 0.00011713476124, 0.000146218269947, 0.000177982714376, 0.000175567853148, 0.000125095219119, 9.72618800006e-05, 5.67907300137e-05, 2.10842335946e-05, 2.2486459784e-05, 6.71284078635e-06], "dvar": [6.69220501237e-09, 5.35673123636e-08, 8.90281839361e-08, 1.616759846e-07, 9.84267529702e-08, 5.28805266242e-08, 1.34025555099e-07, 4.70164167155e-07, 2.9229380516e-07, 4.35644579966e-07, 2.81325839069e-07, 6.63261943146e-08, 4.97597945071e-08, 3.22223669968e-08, 4.49847341599e-08, 5.50826158019e-08, 2.65891699769e-08, 3.31900693595e-08, 1.60363491375e-08, 1.3902574203e-08, 3.23579119055e-09, 5.84549741944e-10, 9.31133004034e-10, 9.47524614325e-10, 3.16991904947e-10, 1.63976318635e-10, 1.14242497407e-10, 4.58213363086e-11, 1.93391327258e-11, 1.38495491117e-11, 1.29113074399e-11, 2.82518470424e-11, 3.56164646387e-11, 2.65016116691e-11, 1.46061288064e-11, 7.39413825307e-12, 2.43345296171e-12, 4.45803279275e-13, 2.99566740771e-13, 7.31504429512e-14], "mean": [0.000134285495733, 0.000236470994423, 0.000287361064693, 0.000328658672515, 0.000284187291982, 0.000163484539371, 0.000241517962422, 0.000433418754255, 0.000376038224204, 0.000442009593826, 0.000425003148848, 0.00021535049018, 0.000165578021551, 0.000111856876174, 0.000103731486888, 8.30823482829e-05, 7.88380493759e-05, 7.7033197158e-05, 7.53649292164e-05, 6.28879715805e-05, 4.59922666778e-05, 2.09441568586e-05, 1.89321381185e-05, 1.44648947753e-05, 8.8172910182e-06, 6.61769627186e-06, 4.55591089121e-06, 3.059693654e-06, 1.88265767065e-06, 1.78895629688e-06, 1.43883994497e-06, 1.55611610353e-06, 1.72508350715e-06, 1.41454643199e-06, 9.34844138101e-07, 6.08970537996e-07, 4.38693490423e-07, 3.24729995782e-07, 2.98588759051e-07, 2.51161026199e-07], "dvar2": [1.60954893857e-08, 1.45775047145e-07, 2.33701427987e-07, 3.94445919483e-07, 2.3107300251e-07, 1.27799694383e-07, 2.72684019365e-07, 1.08712333713e-06, 6.17729597252e-07, 8.13486622064e-07, 5.15053557137e-07, 1.51027720108e-07, 1.06408492684e-07, 6.97795385918e-08, 1.05387627514e-07, 1.32453095603e-07, 6.13146369233e-08, 6.57574332763e-08, 3.33785443729e-08, 2.9303176774e-08, 6.03056626858e-09, 1.43297396171e-09, 2.37311037488e-09, 2.53732723721e-09, 8.56325343968e-10, 3.84984571999e-10, 2.70992311924e-10, 1.05947292606e-10, 4.64647417764e-11, 2.98413620203e-11, 2.59078279663e-11, 6.49279657816e-11, 7.21578075069e-11, 5.18728254795e-11, 2.95900352831e-11, 1.87111628275e-11, 5.74191518984e-12, 9.12130505674e-13, 6.76483500293e-13, 1.50534641176e-13], "min": [9.41312456118e-24, 3.19226173148e-24, 1.39101452694e-23, 8.47642165599e-24, 1.3960747541e-23, 8.67251985525e-24, 1.06399854957e-23, 8.77458504575e-24, 8.74010709103e-24, 7.64620550667e-24, 6.59829254094e-24, 8.11562902124e-24, 1.06872824401e-23, 9.3122331957e-24, 6.76340467827e-24, 1.23457118209e-23, 6.85218466227e-24, 5.47805996286e-24, 4.23784913527e-24, 1.02627719323e-23, 5.78821088293e-24, 1.06754818698e-23, 1.02633446453e-23, 1.50792055765e-23, 9.18207666837e-24, 8.02137670914e-24, 8.49662201719e-24, 9.17760067159e-24, 9.18690765255e-24, 8.2920514518e-24, 6.95210967313e-24, 7.77695289082e-24, 8.17656615958e-24, 9.08520297149e-24, 1.20466065312e-23, 7.39426068848e-24, 9.26638696648e-24, 1.15171333468e-23, 6.43090611761e-24, 7.82550964612e-24], "var": [2.54682852585e-08, 8.21757168978e-08, 1.23410728747e-07, 2.2052785198e-07, 2.06940640624e-07, 7.7092806805e-08, 2.63864905037e-07, 8.70121994012e-07, 6.47601837045e-07, 9.54561869548e-07, 9.29952193474e-07, 1.70020669543e-07, 1.14650532623e-07, 5.67164448739e-08, 7.63549081739e-08, 6.4038339076e-08, 4.04295548151e-08, 6.12840906911e-08, 3.05398160094e-08, 4.3688331175e-08, 1.74483769655e-08, 1.69255509608e-09, 1.55585866413e-09, 1.06850894799e-09, 4.04860561742e-10, 2.76805134369e-10, 1.49185261367e-10, 6.49619455451e-11, 2.67307859875e-11, 2.10366585263e-11, 2.1037381906e-11, 3.66928362694e-11, 5.57703432047e-11, 4.69316703555e-11, 2.27399488129e-11, 7.87768895255e-12, 2.94204287668e-12, 6.2257826932e-13, 3.74361593157e-13, 1.34292072905e-13], "median": [8.74048855621e-05, 0.000137197785079, 0.000175230175955, 0.00016782869352, 0.000142315853736, 7.7087104728e-05, 9.80286640697e-05, 0.000113689013233, 0.000140607342473, 0.00013190820755, 9.19851954677e-05, 7.68799291109e-05, 6.28395064268e-05, 4.2893247155e-05, 2.78993375105e-05, 2.52730787906e-05, 2.23763963731e-05, 2.02727460419e-05, 2.1905214453e-05, 1.52958145918e-05, 1.13607875392e-05, 7.89940168033e-06, 7.50855815568e-06, 5.81426729696e-06, 3.30182092512e-06, 2.40907729676e-06, 1.64698155913e-06, 8.5150867335e-07, 6.49234380035e-07, 7.61852106734e-07, 4.72905981042e-07, 3.84323243452e-07, 4.76253063653e-07, 3.41940932458e-07, 2.29963035281e-07, 1.96381662931e-07, 1.65375624306e-07, 1.46715805727e-07, 1.43673105413e-07, 1.31629775524e-07]}, "silence_rate_60dB": {"dmean": 0.0170940179378, "dmean2": 0.0341936536133, "max": 1, "dvar": 0.0168010052294, "mean": 0.0473295003176, "dvar2": 0.0412473119795, "min": 0, "var": 0.0450909435749, "median": 0}, "spectral_energyband_middle_high": {"dmean": 0.00283887679689, "dmean2": 0.00411903159693, "max": 0.0729374289513, "dvar": 2.17792567128e-05, "mean": 0.00838958285749, "dvar2": 4.47344973509e-05, "min": 1.5242779861e-21, "var": 8.96768688108e-05, "median": 0.00544564938173}, "erbbands_skewness": {"dmean": 0.40582343936, "dmean2": 0.603374838829, "max": 3.78907060623, "dvar": 0.152618512511, "mean": 0.314037114382, "dvar2": 0.310846507549, "min": -3.48156547546, "var": 1.00785899162, "median": 0.350168645382}, "dynamic_complexity": 3.39105987549, "dissonance": {"dmean": 0.0233799461275, "dmean2": 0.0388681329787, "max": 0.500000178814, "dvar": 0.000548117968719, "mean": 0.454473078251, "dvar2": 0.00142996490467, "min": 0.115246206522, "var": 0.00132541800849, "median": 0.463999897242}, "spectral_skewness": {"dmean": 0.283295422792, "dmean2": 0.447660028934, "max": 5.21694993973, "dvar": 0.0901618376374, "mean": 1.96972084045, "dvar2": 0.22156278789, "min": -0.109866335988, "var": 0.298637628555, "median": 1.95964932442}, "spectral_kurtosis": {"dmean": 2.5378267765, "dmean2": 4.21465158463, "max": 55.374206543, "dvar": 10.8427009583, "mean": 7.41732501984, "dvar2": 30.6333427429, "min": -1.17255854607, "var": 24.1745433807, "median": 6.36322879791}, "gfcc": {"cov": [[9104.23925781, -292.624847412, -657.645751953, 251.256164551, -475.822662354, 409.373809814, -272.343292236, 207.388046265, -145.534378052, 5.09840154648, -169.108444214, -24.8548545837, -102.768981934], [-292.624847412, 903.514892578, -105.586784363, -176.100875854, 244.759292603, -148.480514526, 95.4950180054, -42.2201423645, 78.8188934326, -66.5229415894, 66.8302764893, -65.1709365845, 36.4941635132], [-657.645751953, -105.586784363, 1127.1529541, 353.145904541, 25.0997467041, 378.907409668, 53.7319908142, 202.85798645, -76.9419708252, 79.3785095215, -108.838363647, 73.2185058594, -87.6059341431], [251.256164551, -176.100875854, 353.145904541, 580.944885254, 105.48500061, 100.530349731, -45.5680160522, 69.5272979736, 40.8826293945, 55.206325531, -72.1273345947, 21.7267475128, -4.58492994308], [-475.822662354, 244.759292603, 25.0997467041, 105.48500061, 383.37689209, -24.6709861755, -44.7173233032, 19.7037906647, 87.7936401367, 34.3038749695, -23.0800991058, 0.643639981747, 47.1696395874], [409.373809814, -148.480514526, 378.907409668, 100.530349731, -24.6709861755, 372.761962891, 85.2705001831, 98.2020797729, -57.1259880066, 45.4226036072, -48.4201889038, 21.4154758453, -55.8981552124], [-272.343292236, 95.4950180054, 53.7319908142, -45.5680160522, -44.7173233032, 85.2705001831, 284.221923828, 59.9266433716, -39.230381012, -50.0845108032, 44.888130188, -5.95879840851, -42.8314971924], [207.388046265, -42.2201423645, 202.85798645, 69.5272979736, 19.7037906647, 98.2020797729, 59.9266433716, 197.61076355, 13.577132225, -3.24183654785, -20.7257480621, 30.7031021118, -30.8163528442], [-145.534378052, 78.8188934326, -76.9419708252, 40.8826293945, 87.7936401367, -57.1259880066, -39.230381012, 13.577132225, 151.571029663, 40.446647644, 0.76885253191, -18.4830532074, 31.5711669922], [5.09840154648, -66.5229415894, 79.3785095215, 55.206325531, 34.3038749695, 45.4226036072, -50.0845108032, -3.24183654785, 40.446647644, 119.619224548, -5.75360250473, 8.28744888306, 7.37901353836], [-169.108444214, 66.8302764893, -108.838363647, -72.1273345947, -23.0800991058, -48.4201889038, 44.888130188, -20.7257480621, 0.76885253191, -5.75360250473, 95.4398651123, 9.88758277893, -5.04418468475], [-24.8548545837, -65.1709365845, 73.2185058594, 21.7267475128, 0.643639981747, 21.4154758453, -5.95879840851, 30.7031021118, -18.4830532074, 8.28744888306, 9.88758277893, 86.4308319092, 26.3636302948], [-102.768981934, 36.4941635132, -87.6059341431, -4.58492994308, 47.1696395874, -55.8981552124, -42.8314971924, -30.8163528442, 31.5711669922, 7.37901353836, -5.04418468475, 26.3636302948, 96.7441558838]], "mean": [-30.3816356659, 101.026573181, -145.90512085, 6.68990325928, -65.128364563, 10.9832897186, -42.6523895264, 10.6817684174, -22.9532299042, -2.31058931351, -19.4430656433, -2.92718362808, -8.37367630005], "icov": [[0.000401692697778, -0.000806198164355, 0.00124701380264, -0.000785670476034, 0.00108804227784, -0.00115424604155, 0.000973885180429, -0.00116901332512, 0.000888624519575, -0.000669818313327, 0.00112907483708, -0.000675828079693, 0.000688334170263], [-0.000806198164355, 0.00399209046736, -0.00337564875372, 0.00250859954394, -0.00388781237416, 0.0029953988269, -0.00272381049581, 0.0028984376695, -0.00263576232828, 0.00286529399455, -0.00398053508252, 0.00344435824081, -0.00246113282628], [0.00124701380264, -0.00337564875372, 0.00618678238243, -0.00347542390227, 0.00385874602944, -0.00479801278561, 0.00317087885924, -0.00466443505138, 0.00386271486059, -0.00350737129338, 0.00537491682917, -0.00410108128563, 0.0037049157545], [-0.000785670476034, 0.00250859954394, -0.00347542390227, 0.00431324634701, -0.00317005533725, 0.00257707829587, -0.00204024859704, 0.00256451801397, -0.00284565705806, 0.00173211866058, -0.00193519121967, 0.00178325374145, -0.00156569911633], [0.00108804227784, -0.00388781237416, 0.00385874602944, -0.00317005533725, 0.0074346717447, -0.00347598246299, 0.00323391193524, -0.00383592746221, 0.00160748162307, -0.00306863384321, 0.00451412796974, -0.00297347246669, 0.00129807612393], [-0.00115424604155, 0.0029953988269, -0.00479801278561, 0.00257707829587, -0.00347598246299, 0.00874400604516, -0.00462380470708, 0.00263513438404, -0.00131476193201, -0.000189247206436, -0.00162849959452, 0.00226730876602, -0.00129870849196], [0.000973885180429, -0.00272381049581, 0.00317087885924, -0.00204024859704, 0.00323391193524, -0.00462380470708, 0.00806775223464, -0.0044346312061, 0.00280477688648, 0.000322929874528, -0.000443427445134, -0.000674774113577, 0.00196840497665], [-0.00116901332512, 0.0028984376695, -0.00466443505138, 0.00256451801397, -0.00383592746221, 0.00263513438404, -0.0044346312061, 0.0119320023805, -0.00621446687728, 0.00422142026946, -0.00185694615357, -0.00180676789023, 0.000894350581802], [0.000888624519575, -0.00263576232828, 0.00386271486059, -0.00284565705806, 0.00160748162307, -0.00131476193201, 0.00280477688648, -0.00621446687728, 0.0136374449357, -0.00628844555467, 0.00193858414423, 0.00216240226291, -0.00143891526386], [-0.000669818313327, 0.00286529399455, -0.00350737129338, 0.00173211866058, -0.00306863384321, -0.000189247206436, 0.000322929874528, 0.00422142026946, -0.00628844555467, 0.0145889353007, -0.0052741849795, 0.00149075791705, -0.00175373861566], [0.00112907483708, -0.00398053508252, 0.00537491682917, -0.00193519121967, 0.00451412796974, -0.00162849959452, -0.000443427445134, -0.00185694615357, 0.00193858414423, -0.0052741849795, 0.0210063904524, -0.00935028586537, 0.00695967301726], [-0.000675828079693, 0.00344435824081, -0.00410108128563, 0.00178325374145, -0.00297347246669, 0.00226730876602, -0.000674774113577, -0.00180676789023, 0.00216240226291, 0.00149075791705, -0.00935028586537, 0.0218014009297, -0.0110088121146], [0.000688334170263, -0.00246113282628, 0.0037049157545, -0.00156569911633, 0.00129807612393, -0.00129870849196, 0.00196840497665, 0.000894350581802, -0.00143891526386, -0.00175373861566, 0.00695967301726, -0.0110088121146, 0.0190161634237]]}, "spectral_complexity": {"dmean": 3.03813290596, "dmean2": 4.5533452034, "max": 51, "dvar": 9.48665142059, "mean": 17.684305191, "dvar2": 18.4217510223, "min": 0, "var": 50.9039649963, "median": 17}, "spectral_flux": {"dmean": 0.0227661859244, "dmean2": 0.0353589877486, "max": 0.291290730238, "dvar": 0.000623322906904, "mean": 0.0741643086076, "dvar2": 0.00139692809898, "min": 6.73005401408e-11, "var": 0.00204159808345, "median": 0.0642234683037}, "spectral_energyband_low": {"dmean": 0.000588683702517, "dmean2": 0.000969375832938, "max": 0.0129477856681, "dvar": 1.36881806156e-06, "mean": 0.00136378291063, "dvar2": 3.62779087482e-06, "min": 7.28171563863e-23, "var": 2.11965220842e-06, "median": 0.00105201581027}, "spectral_decrease": {"dmean": 1.37883937601e-09, "dmean2": 2.02894834267e-09, "max": 5.04643873682e-27, "dvar": 3.30475529199e-18, "mean": -4.83872009127e-09, "dvar2": 6.40073557405e-18, "min": -2.62637787074e-08, "var": 1.44638386544e-17, "median": -3.44548611864e-09}, "barkbands_spread": {"dmean": 3.78235983849, "dmean2": 5.64781188965, "max": 129.981384277, "dvar": 22.6997737885, "mean": 17.1792583466, "dvar2": 43.8440055847, "min": 1.45453023911, "var": 105.27973175, "median": 15.3577947617}, "spectral_rms": {"dmean": 0.000608328904491, "dmean2": 0.000879982137121, "max": 0.0102331051603, "dvar": 4.88838281854e-07, "mean": 0.00408330699429, "dvar2": 8.75188675309e-07, "min": 3.23861272002e-12, "var": 2.90985781248e-06, "median": 0.00373993162066}, "spectral_centroid": {"dmean": 203.52293396, "dmean2": 302.821990967, "max": 11138.7480469, "dvar": 84486.9453125, "mean": 1282.62036133, "dvar2": 161253.640625, "min": 332.166870117, "var": 310009.15625, "median": 1158.75598145}, "barkbands_skewness": {"dmean": 0.408576011658, "dmean2": 0.619432151318, "max": 5.56078147888, "dvar": 0.165517166257, "mean": 0.702464938164, "dvar2": 0.373188525438, "min": -3.05964159966, "var": 0.742551028728, "median": 0.660679519176}, "spectral_rolloff": {"dmean": 314.259857178, "dmean2": 505.199188232, "max": 19143.0175781, "dvar": 409312.53125, "mean": 1641.25720215, "dvar2": 785483.4375, "min": 64.599609375, "var": 1399468.625, "median": 1442.72460938}, "erbbands_spread": {"dmean": 5.19106006622, "dmean2": 7.70333862305, "max": 119.935661316, "dvar": 38.3059844971, "mean": 22.8697032928, "dvar2": 83.1022644043, "min": 2.9024207592, "var": 171.221176147, "median": 20.6348762512}, "barkbands": {"dmean": [1.10634555313e-05, 0.000225152252824, 0.000289607793093, 0.000379067641916, 0.00104217114858, 0.000545964052435, 0.000934257463086, 0.00136472703889, 0.00180478510447, 0.00122371758334, 0.000625983870123, 0.000641614547931, 0.000649033929221, 0.000575104553718, 0.000616914883722, 0.000377926015062, 0.000179492548341, 0.000159996605362, 0.000107617517642, 7.21277683624e-05, 4.36407644884e-05, 5.85502202739e-05, 4.33957866335e-05, 1.99337373488e-05, 1.21976972878e-05, 3.41435679729e-06, 1.440802464e-07], "dmean2": [1.8370212274e-05, 0.000362643913832, 0.000495897023939, 0.000636816723272, 0.00166258658282, 0.000904887216166, 0.00147029070649, 0.00211461912841, 0.00260850414634, 0.0017730970867, 0.000954400165938, 0.000999064883217, 0.00100879289676, 0.000877892947756, 0.000914277276024, 0.000558875792194, 0.00027580538881, 0.000250121956924, 0.000165322038811, 0.000109572545625, 6.56362972222e-05, 8.68728311616e-05, 6.37864795863e-05, 2.93105476885e-05, 1.71920200955e-05, 4.79670825371e-06, 2.31490474789e-07], "max": [0.000221921771299, 0.00515970727429, 0.00787100568414, 0.00884895585477, 0.0386083014309, 0.0251853186637, 0.0441561341286, 0.0490269437432, 0.0874045267701, 0.0659234821796, 0.0267341248691, 0.0316476896405, 0.0487680733204, 0.0490062199533, 0.050536621362, 0.0407280288637, 0.0112587707117, 0.0209996812046, 0.0105674071237, 0.00549205811694, 0.00426487391815, 0.00652090786025, 0.00629180762917, 0.00293172220699, 0.000891120405868, 7.34434870537e-05, 7.45416309655e-06], "dvar": [2.98996799541e-10, 1.30843034185e-07, 4.08082343029e-07, 5.59895681818e-07, 3.23128710988e-06, 1.118162686e-06, 4.92480967296e-06, 9.98987434286e-06, 1.71521623997e-05, 8.64856974658e-06, 2.49811546382e-06, 2.87045554614e-06, 4.80535345559e-06, 3.58824195246e-06, 3.23295034832e-06, 1.51618041855e-06, 2.06454032536e-07, 3.27505262021e-07, 1.14995081901e-07, 5.15063121043e-08, 2.11723261145e-08, 7.06872214096e-08, 4.51817108171e-08, 7.02158375887e-09, 6.68048394381e-10, 3.36774705345e-11, 1.51842771755e-13], "mean": [1.98060806724e-05, 0.000528791861143, 0.000487704761326, 0.000660435063764, 0.00167201436125, 0.000817459367681, 0.00139293330722, 0.0019854104612, 0.00322624086402, 0.00232394784689, 0.0011091127526, 0.000975725590251, 0.000913432158995, 0.000824718736112, 0.00106867437717, 0.000849361065775, 0.000369010667782, 0.00029409310082, 0.000173235021066, 0.000107046158519, 6.94916816428e-05, 8.22353977128e-05, 6.09799499216e-05, 3.0807852454e-05, 2.34579292737e-05, 6.58295721223e-06, 1.71050729136e-07], "dvar2": [7.96499421973e-10, 3.32190012386e-07, 1.12133216135e-06, 1.49171205521e-06, 7.70847600506e-06, 2.67875043392e-06, 1.07610794657e-05, 2.22268354264e-05, 3.18406637234e-05, 1.6529331333e-05, 5.50838831259e-06, 6.43628891339e-06, 1.1307002751e-05, 7.78907360655e-06, 7.018884844e-06, 2.91076867143e-06, 5.03692319853e-07, 8.61983210143e-07, 2.8227256621e-07, 1.18230531143e-07, 4.45850076858e-08, 1.47007142459e-07, 8.74750654134e-08, 1.58599533506e-08, 1.40316158692e-09, 6.93710436317e-11, 3.97949170361e-13], "min": [3.54634881188e-23, 9.54719226088e-24, 4.26743851896e-24, 2.47136411203e-23, 6.35933592312e-23, 4.20200266465e-23, 4.8029537468e-23, 5.58976361367e-23, 5.74173482716e-23, 4.09145295957e-23, 7.1619394164e-23, 6.68736637562e-23, 1.13303561702e-22, 5.61243105846e-23, 4.38489154582e-23, 1.36044629308e-22, 1.67626366415e-22, 2.91958556982e-22, 2.22968316308e-22, 3.27235861305e-22, 4.34475556514e-22, 3.61157157909e-22, 6.71112320577e-22, 8.05992136805e-22, 8.99833767913e-22, 1.60158958599e-21, 2.308131379e-21], "var": [7.38972050218e-10, 3.65774099009e-07, 5.18649585501e-07, 8.27479254895e-07, 6.05072409599e-06, 1.72055047187e-06, 8.79330127646e-06, 1.68880560523e-05, 4.39428404206e-05, 2.49453023571e-05, 5.88854027228e-06, 4.99648376717e-06, 6.29837086308e-06, 5.60813350603e-06, 5.79249945076e-06, 7.76220622356e-06, 6.11431914876e-07, 4.1170957843e-07, 1.77286665348e-07, 7.52045536956e-08, 3.42864510117e-08, 1.0836735953e-07, 7.75266784103e-08, 9.09688324668e-09, 1.17328180504e-09, 7.37699762388e-11, 1.36044265588e-13], "median": [8.44518854137e-06, 0.000366956082871, 0.000187661964446, 0.000321425322909, 0.000816781190224, 0.000400512682972, 0.000471391103929, 0.000580616004299, 0.000945303356275, 0.000664721534122, 0.000348866480635, 0.000340277387295, 0.00026924762642, 0.000223729643039, 0.000324117601849, 0.000184268981684, 0.000141239259392, 0.000121827128169, 6.58315257169e-05, 3.40597434842e-05, 2.86141548713e-05, 2.19091070903e-05, 1.68712431332e-05, 1.31871984195e-05, 1.22951396406e-05, 3.35717822963e-06, 5.64536826175e-08]}, "melbands_kurtosis": {"dmean": 2.24879479408, "dmean2": 3.52275657654, "max": 157.505233765, "dvar": 13.8875131607, "mean": 3.67837643623, "dvar2": 29.4780693054, "min": -1.82997119427, "var": 70.8528900146, "median": 1.94925177097}, "erbbands_crest": {"dmean": 2.88304758072, "dmean2": 4.59310102463, "max": 31.5858802795, "dvar": 7.3478512764, "mean": 10.6470832825, "dvar2": 17.4298667908, "min": 2.26090884209, "var": 21.9837379456, "median": 9.7515001297}, "melbands_skewness": {"dmean": 0.446504145861, "dmean2": 0.680165827274, "max": 11.3963060379, "dvar": 0.21361361444, "mean": 1.1446441412, "dvar2": 0.48058962822, "min": -2.11775064468, "var": 1.08304607868, "median": 1.0589004755}, "spectral_energyband_middle_low": {"dmean": 0.00415602372959, "dmean2": 0.00622173631564, "max": 0.0894552618265, "dvar": 3.38562349498e-05, "mean": 0.0107621764764, "dvar2": 7.01664903318e-05, "min": 3.27406684401e-22, "var": 0.000107986976218, "median": 0.00689367577434}, "spectral_contrast_coeffs": {"dmean": [0.0494612976909, 0.0517987571657, 0.0411014854908, 0.0346177443862, 0.0259211380035, 0.0192557442933], "dmean2": [0.0793334394693, 0.0828735604882, 0.064773760736, 0.0536459386349, 0.0398587845266, 0.0304516740143], "max": [-0.26460391283, -0.372997939587, -0.46144297719, -0.487127453089, -0.51253169775, -0.546006083488], "dvar": [0.00183050625492, 0.00189374748152, 0.00124539306853, 0.000947181601077, 0.0005475266953, 0.000407616636949], "mean": [-0.625227153301, -0.72160834074, -0.737482845783, -0.747546255589, -0.769589006901, -0.77558529377], "dvar2": [0.00441264966503, 0.00454743672162, 0.0028058742173, 0.00204974296503, 0.0011648441432, 0.000840909255203], "min": [-0.959471285343, -0.99650990963, -0.999000549316, -0.987951338291, -0.988618075848, -0.959505558014], "var": [0.00874570570886, 0.00694590993226, 0.00579473003745, 0.00465643778443, 0.00316417706199, 0.00174412992783], "median": [-0.635391831398, -0.730672299862, -0.748223006725, -0.755117475986, -0.777045428753, -0.782149612904]}, "spectral_contrast_valleys": {"dmean": [0.392802655697, 0.378266572952, 0.327576130629, 0.313034564257, 0.283334195614, 0.296169608831], "dmean2": [0.622393131256, 0.611025989056, 0.519529223442, 0.47741946578, 0.408263295889, 0.394855767488], "max": [-6.15676832199, -4.8921546936, -5.01938581467, -5.45654582977, -5.59746217728, -8.03505516052], "dvar": [0.147372558713, 0.118553087115, 0.102319583297, 0.0990346968174, 0.0993737205863, 0.13200044632], "mean": [-8.09792804718, -6.76660919189, -7.09746026993, -7.67292833328, -8.00353717804, -10.6176862717], "dvar2": [0.299226135015, 0.266471475363, 0.208136424422, 0.187508061528, 0.172288909554, 0.233283504844], "min": [-27.5318946838, -27.8312473297, -27.3498268127, -27.6276493073, -27.3149738312, -27.2396125793], "var": [1.60065436363, 1.05192005634, 1.22308063507, 1.16940891743, 1.10047769547, 1.37200784683], "median": [-7.65348482132, -6.66059160233, -6.94370555878, -7.55333137512, -7.90045595169, -10.3970756531]}, "silence_rate_20dB": {"dmean": 0, "dmean2": 0, "max": 1, "dvar": 0, "mean": 1, "dvar2": 0, "min": 1, "var": 0, "median": 1}, "silence_rate_30dB": {"dmean": 0, "dmean2": 0, "max": 1, "dvar": 0, "mean": 1, "dvar2": 0, "min": 1, "var": 0, "median": 1}, "spectral_strongpeak": {"dmean": 0.846170723438, "dmean2": 1.3563170433, "max": 15.8669462204, "dvar": 1.3879891634, "mean": 1.80369007587, "dvar2": 3.16788077354, "min": 0, "var": 3.89529442787, "median": 1.12540900707}, "spectral_spread": {"dmean": 477828.53125, "dmean2": 685148.5, "max": 40407828, "dvar": 444083666944, "mean": 3755489.75, "dvar2": 924695068672, "min": 1019047.3125, "var": 2145320960000.0, "median": 3659130.75}, "barkbands_flatness_db": {"dmean": 0.0187892057002, "dmean2": 0.0266888644546, "max": 0.366842627525, "dvar": 0.000321101397276, "mean": 0.142071127892, "dvar2": 0.000600613711867, "min": 0.0415228269994, "var": 0.00250868871808, "median": 0.134900093079}, "pitch_salience": {"dmean": 0.0671938955784, "dmean2": 0.107422918081, "max": 0.996097564697, "dvar": 0.00347430980764, "mean": 0.621269464493, "dvar2": 0.00877723563462, "min": 0.216638416052, "var": 0.00999968871474, "median": 0.631986320019}, "erbbands_kurtosis": {"dmean": 1.25834178925, "dmean2": 1.93486952782, "max": 21.1552600861, "dvar": 2.63363790512, "mean": 1.77171981335, "dvar2": 5.72762870789, "min": -1.73424327374, "var": 10.1021232605, "median": 0.678134322166}, "average_loudness": 0.870677709579, "barkbands_crest": {"dmean": 2.37550520897, "dmean2": 3.76651215553, "max": 23.8590774536, "dvar": 4.70924472809, "mean": 8.79984951019, "dvar2": 11.5631084442, "min": 2.42633032799, "var": 13.560997963, "median": 7.99447822571}, "hfc": {"dmean": 5.87216281891, "dmean2": 8.42387771606, "max": 129.729675293, "dvar": 75.5110549927, "mean": 19.9600696564, "dvar2": 153.640136719, "min": 1.17469996666e-16, "var": 319.394805908, "median": 14.4341163635}, "barkbands_kurtosis": {"dmean": 1.37430894375, "dmean2": 2.15111446381, "max": 34.1470298767, "dvar": 3.50852441788, "mean": 1.75104856491, "dvar2": 8.02188777924, "min": -1.84306955338, "var": 12.8423700333, "median": 0.760096073151}, "erbbands": {"dmean": [0.00533060682938, 0.0586629472673, 0.266273081303, 0.876776695251, 1.76244187355, 4.30772066116, 4.4851565361, 4.94568777084, 9.55907917023, 23.8964424133, 25.3081035614, 39.907245636, 42.7289237976, 24.5083885193, 26.6584892273, 21.9230289459, 28.1102657318, 27.402349472, 29.5655403137, 25.4507656097, 17.8895969391, 9.62438964844, 8.92678928375, 6.34645700455, 4.86578369141, 3.37455368042, 1.95385634899, 1.72257065773, 2.04882240295, 1.92122507095, 1.11276853085, 0.559392929077, 0.279038220644, 0.167689740658, 0.0715429037809, 0.0231447536498, 0.00438462523744, 0.000505291507579, 1.94271469809e-05, 7.12518112778e-06], "dmean2": [0.00829284079373, 0.0952720567584, 0.452856749296, 1.4707326889, 2.85886955261, 6.92757415771, 7.34381914139, 8.20318889618, 15.0849027634, 37.7583427429, 38.7616691589, 58.3176460266, 61.103931427, 36.7731285095, 40.0508613586, 33.3076133728, 42.3928375244, 41.8129882813, 42.5354728699, 38.1990432739, 25.8931884766, 14.6717367172, 14.0437793732, 9.84824848175, 7.4562587738, 5.13727807999, 2.9735057354, 2.5158867836, 3.03377747536, 2.82452607155, 1.64889919758, 0.841808021069, 0.41111600399, 0.240652441978, 0.100963689387, 0.0325289480388, 0.00617295736447, 0.000723102362826, 2.97747465083e-05, 1.03062311609e-05], "max": [0.175516858697, 1.23161792755, 7.07750272751, 21.4527320862, 56.8506393433, 139.556091309, 196.09236145, 299.526977539, 609.145080566, 1038.25415039, 1433.04528809, 2671.28344727, 2578.63793945, 1250.56469727, 1409.23339844, 1523.89953613, 2309.93017578, 2195.29956055, 3288.54199219, 2357.05249023, 2394.79711914, 697.585021973, 1134.50402832, 748.170471191, 462.475616455, 222.131866455, 178.685821533, 173.936767578, 224.795120239, 325.467224121, 177.403167725, 117.78717804, 27.2049484253, 11.9891347885, 2.6819691658, 0.494491755962, 0.113057948649, 0.0166154690087, 0.00117062858772, 0.000128188257804], "dvar": [6.38869605609e-05, 0.00962190702558, 0.316279619932, 3.42679286003, 10.1336431503, 59.87342453, 70.6131210327, 116.879295349, 543.450256348, 3756.39282227, 3860.28662109, 11257.3828125, 11094.1113281, 3303.39404297, 4441.12109375, 4334.27099609, 8657.27929688, 6600.30859375, 9695.98046875, 6336.73095703, 2730.45605469, 594.143371582, 1142.94226074, 469.481018066, 229.40612793, 110.527740479, 40.5515403748, 35.2988624573, 83.9717941284, 88.8140945435, 34.3442611694, 8.95255661011, 0.811420738697, 0.142714574933, 0.0164923053235, 0.00151553971227, 5.95195306232e-05, 1.05809385786e-06, 3.02913161221e-09, 8.20234991039e-11], "mean": [0.0138575937599, 0.127050563693, 0.524349808693, 1.48780584335, 2.77257013321, 6.48908519745, 7.22850227356, 7.46282863617, 15.17461586, 37.724281311, 42.4483108521, 68.9151763916, 85.8678131104, 52.9792709351, 49.5246047974, 37.061832428, 42.8800430298, 43.0282363892, 50.38256073, 49.3924980164, 43.4260177612, 21.9753036499, 17.0747642517, 11.6931533813, 7.94852733612, 5.07491064072, 3.10281944275, 2.64900279045, 2.87661552429, 2.68163657188, 1.54272127151, 0.796239256859, 0.465752720833, 0.309521704912, 0.138636395335, 0.0445914119482, 0.00834780838341, 0.000870514544658, 3.63924882549e-05, 2.56099974649e-05], "dvar2": [0.000140476811794, 0.0251910313964, 0.862318336964, 9.12553310394, 25.1797370911, 145.371109009, 166.582809448, 284.416351318, 1103.78833008, 8693.62402344, 8067.70361328, 22059.390625, 20403.3710938, 7661.27880859, 9617.58300781, 9898.97851563, 20788.6601563, 15302.2158203, 19651.40625, 15148.6494141, 4935.90087891, 1435.44238281, 3036.91992188, 1252.06188965, 541.110412598, 251.631652832, 90.7366104126, 69.4514083862, 182.051864624, 171.377624512, 70.4964370728, 21.4149723053, 1.66286706924, 0.296027898788, 0.0326021239161, 0.00316181359813, 0.000122444515, 2.31848139265e-06, 8.19721357459e-09, 1.59232849128e-10], "min": [9.08947193961e-22, 6.71491933066e-22, 5.5091359707e-21, 6.84482198741e-20, 6.18877147267e-20, 2.39160817652e-19, 4.32200163999e-19, 3.59381852013e-19, 6.7390947342e-19, 8.19323585806e-19, 1.11318782192e-18, 1.06380183063e-18, 1.3392232995e-18, 2.27923951602e-18, 3.33502865485e-18, 2.57873783438e-18, 4.41730163535e-18, 4.22055548588e-18, 3.42269077462e-18, 5.50820562516e-18, 5.99923699397e-18, 9.41662243894e-18, 1.55477546224e-17, 1.23270913386e-17, 1.0646480364e-17, 1.61038085912e-17, 1.57041744762e-17, 1.55635173761e-17, 1.43848379428e-17, 1.58852244599e-17, 2.15124944625e-17, 1.40696904012e-17, 1.46864991317e-17, 8.90420721052e-18, 7.57080612516e-18, 5.7998202919e-18, 2.78711290249e-18, 1.33734136021e-18, 3.03076494898e-19, 3.35317209903e-20], "var": [0.000334067211952, 0.0213108509779, 0.490525335073, 4.06888914108, 12.851433754, 109.299308777, 128.628372192, 166.005737305, 1092.87585449, 7062.18164063, 7698.98046875, 23202.3300781, 36685.0117188, 8704.5, 9567.36914063, 8257.5234375, 11524.5625, 10473.6865234, 18792.7246094, 11394.6699219, 17276.8242188, 1834.40612793, 1351.2746582, 622.499389648, 361.94934082, 162.74230957, 62.5677528381, 60.1719665527, 120.40196228, 157.384597778, 52.8963890076, 10.7068119049, 1.15521681309, 0.237199693918, 0.03535361588, 0.00330868759193, 0.000124120051623, 1.67607549884e-06, 2.6807656095e-09, 3.73729713843e-10], "median": [0.00748619111255, 0.0891821011901, 0.257316440344, 0.841305911541, 1.66401457787, 2.80994677544, 3.73999786377, 3.53248596191, 6.33572864532, 9.85642147064, 17.0963382721, 22.4306468964, 20.291759491, 20.5798606873, 19.4048290253, 13.0992307663, 13.9049844742, 13.6266498566, 15.1015310287, 14.9600353241, 11.2423868179, 9.00569057465, 7.94085407257, 4.99972295761, 3.1792986393, 1.66115605831, 1.20034396648, 0.983806490898, 0.790531694889, 0.69956600666, 0.424173265696, 0.291261911392, 0.220567584038, 0.161838948727, 0.0736409500241, 0.0233290344477, 0.00417913869023, 0.000406002654927, 2.28559547395e-05, 1.88202011486e-05]}, "spectral_energy": {"dmean": 0.00566084729508, "dmean2": 0.00830820854753, "max": 0.107334345579, "dvar": 5.55275946681e-05, "mean": 0.0200728550553, "dvar2": 0.000107380321424, "min": 1.07508276473e-20, "var": 0.000247913587373, "median": 0.0143367657438}, "zerocrossingrate": {"dmean": 0.00803288444877, "dmean2": 0.00928496941924, "max": 0.5087890625, "dvar": 0.000134180751047, "mean": 0.0605345964432, "dvar2": 0.000178101632628, "min": 0.01318359375, "var": 0.000906427565496, "median": 0.0556640625}, "spectral_energyband_high": {"dmean": 0.000185807031812, "dmean2": 0.000257066101767, "max": 0.0172377582639, "dvar": 4.39584340484e-07, "mean": 0.00032