{"tonal": {"chords_key": "G", "hpcp_entropy": {"dmean": 0.547834515572, "dmean2": 0.908332943916, "max": 4.35033941269, "dvar": 0.237480029464, "mean": 1.94623196125, "dvar2": 0.624043405056, "min": 0, "var": 0.46639046073, "median": 1.93857944012}, "key_key": "C", "chords_strength": {"dmean": 0.0110490331426, "dmean2": 0.0107336370274, "max": 0.8143196702, "dvar": 0.00040998402983, "mean": 0.481655746698, "dvar2": 0.000688988307957, "min": -1, "var": 0.0128166005015, "median": 0.482303082943}, "key_scale": "major", "chords_number_rate": 0.00328606017865, "thpcp": [1, 0.55520683527, 0.624897420406, 0.593707621098, 0.306483089924, 0.363835692406, 0.335986614227, 0.219061329961, 0.546904623508, 0.719829797745, 0.450685501099, 0.398868709803, 0.358039259911, 0.237511485815, 0.50446408987, 0.644845068455, 0.63580340147, 0.868265748024, 0.623336613178, 0.242686405778, 0.265240550041, 0.263220906258, 0.26844984293, 0.655883789063, 0.771199345589, 0.440172433853, 0.387080520391, 0.420256018639, 0.396492421627, 0.556398451328, 0.559581339359, 0.342967331409, 0.334546267986, 0.361897796392, 0.412494540215, 0.897068679333], "key_strength": 0.55736887455, "tuning_nontempered_energy_ratio": 0.919215321541, "tuning_frequency": 434.193115234, "chords_changes_rate": 0.0664130076766, "tuning_diatonic_strength": 0.390012323856, "chords_scale": "major", "chords_histogram": [6.13974380493, 12.6599788666, 15.1331720352, 11.7087516785, 3.28606009483, 1.15876853466, 4.06433773041, 0.882047712803, 1.22794878483, 0.0518851615489, 1.48737466335, 0.172950536013, 0.55344170332, 2.35212731361, 4.04704236984, 11.2590799332, 2.52507781982, 4.66966438293, 5.29228639603, 1.41819441319, 0.588031828403, 5.25769615173, 2.35212731361, 1.71221029758], "tuning_equal_tempered_deviation": 0.188729763031, "hpcp": {"dmean": [0.106387749314, 0.103687055409, 0.0917508602142, 0.0737071856856, 0.0695513859391, 0.079935953021, 0.0945057198405, 0.0917572379112, 0.0900564938784, 0.0798469334841, 0.0751559138298, 0.0580675192177, 0.0420746952295, 0.0452886670828, 0.0506090782583, 0.0688941776752, 0.0706650689244, 0.0837743282318, 0.0781730338931, 0.065835557878, 0.0576380491257, 0.0622724406421, 0.0588235333562, 0.0956321582198, 0.128444448113, 0.0969647690654, 0.0615207776427, 0.0520106963813, 0.0445587038994, 0.0534331016243, 0.085217744112, 0.103125803173, 0.103243507445, 0.0944225341082, 0.0922444760799, 0.0971788540483], "dmean2": [0.192384183407, 0.188123747706, 0.16761508584, 0.133071765304, 0.125304862857, 0.143767789006, 0.167001754045, 0.162032321095, 0.159227177501, 0.139380395412, 0.13230727613, 0.102378882468, 0.0753949433565, 0.0806132033467, 0.0921494290233, 0.121530711651, 0.124917194247, 0.150985509157, 0.144469901919, 0.121451862156, 0.10445587337, 0.110518783331, 0.104538574815, 0.175633609295, 0.23972569406, 0.178491175175, 0.111957557499, 0.0933557003736, 0.0771653354168, 0.0928353816271, 0.147858008742, 0.181746453047, 0.186755731702, 0.172278851271, 0.168232083321, 0.177807539701], "max": [1, 1, 1, 1, 1, 1, 1, 1, 1, 1, 1, 1, 1, 1, 1, 1, 1, 1, 1, 1, 1, 1, 1, 1, 1, 1, 1, 1, 1, 1, 1, 1, 1, 1, 1, 1], "dvar": [0.0455272421241, 0.0453697890043, 0.0398222729564, 0.0319614559412, 0.0291873719543, 0.0302143208683, 0.0360026322305, 0.0407270789146, 0.0317920483649, 0.0307200439274, 0.0307928454131, 0.0193456579, 0.0173207335174, 0.0181747451425, 0.0176688097417, 0.0259111560881, 0.0303424391896, 0.0351427011192, 0.0420660786331, 0.0326662287116, 0.0238823033869, 0.025186214596, 0.0260086897761, 0.0343254059553, 0.0713552981615, 0.0373645611107, 0.0251977592707, 0.0181705728173, 0.012705815956, 0.0121947936714, 0.0312489178032, 0.0444138646126, 0.0408638752997, 0.0421055294573, 0.0443988107145, 0.040839523077], "mean": [0.117379665375, 0.1180511415, 0.0723535269499, 0.0705769956112, 0.0763471648097, 0.0870212167501, 0.189248591661, 0.210963323712, 0.117128282785, 0.131830438972, 0.125250533223, 0.0646566897631, 0.0767559856176, 0.0708808526397, 0.0462139062583, 0.1153768152, 0.151857689023, 0.0950781106949, 0.0841466709971, 0.0755331516266, 0.0501062124968, 0.106423422694, 0.136038661003, 0.134131193161, 0.183172225952, 0.131501168013, 0.0511979311705, 0.0559560284019, 0.0555299594998, 0.0566330738366, 0.138367429376, 0.162694782019, 0.092860236764, 0.0816597938538, 0.0886586084962, 0.0836453586817], "dvar2": [0.128517970443, 0.1280734092, 0.114737838507, 0.087582975626, 0.0755389928818, 0.084049358964, 0.0938053205609, 0.104714371264, 0.0854158848524, 0.0791899934411, 0.0784186571836, 0.051501147449, 0.0454904250801, 0.0481675155461, 0.0502299852669, 0.0684033930302, 0.0777881965041, 0.0965336561203, 0.115303210914, 0.0888101458549, 0.0662587955594, 0.0686341375113, 0.0662161335349, 0.0938283354044, 0.196720451117, 0.103065282106, 0.0720202997327, 0.0502324923873, 0.032344777137, 0.0319425351918, 0.0803485512733, 0.115032948554, 0.116210229695, 0.119860723615, 0.1210469082, 0.116196811199], "min": [0, 0, 0, 0, 0, 0, 0, 0, 0, 0, 0, 0, 0, 0, 0, 0, 0, 0, 0, 0, 0, 0, 0, 0, 0, 0, 0, 0, 0, 0, 0, 0, 0, 0, 0, 0], "var": [0.0553633198142, 0.0562501177192, 0.029479412362, 0.0343494750559, 0.0398828051984, 0.0291715208441, 0.0883050337434, 0.115873977542, 0.0353011116385, 0.0690228939056, 0.0649815797806, 0.021147929132, 0.0509832501411, 0.0414892658591, 0.0136472424492, 0.054560855031, 0.0942199230194, 0.0360828824341, 0.0525153540075, 0.0440788827837, 0.018583746627, 0.0530123412609, 0.0891721621156, 0.0456681884825, 0.106212846935, 0.0585637129843, 0.0183882843703, 0.0196684170514, 0.0207780748606, 0.0140113821253, 0.0647099167109, 0.0835237279534, 0.0356562361121, 0.0386101715267, 0.0494775883853, 0.034653250128], "median": [0.012990033254, 0.0115079823881, 0.00645095808432, 0.0020691419486, 0.00161622499581, 0.0126467142254, 0.0213199388236, 0.0202131159604, 0.0268177911639, 0.00864839274436, 0.00660512875766, 0.00506906583905, 0.00154184538405, 0.00149437901564, 0.00473733711988, 0.00853387732059, 0.00985747110099, 0.00694182235748, 0.00203816639259, 0.00143465050496, 0.00407093716785, 0.00577553967014, 0.00548882503062, 0.0172463916242, 0.0147259542719, 0.012058342807, 0.00430794153363, 0.00409905100241, 0.00428036274388, 0.0119435768574, 0.0166083537042, 0.0178625881672, 0.0130914747715, 0.00284004001878, 0.00253518880345, 0.00800480693579]}}, "lowlevel": {"melbands_flatness_db": {"dmean": 0.0338589958847, "dmean2": 0.0456239543855, "max": 0.749644696712, "dvar": 0.00164131436031, "mean": 0.321395993233, "dvar2": 0.00301731703803, "min": 0.00294247898273, "var": 0.0138948503882, "median": 0.306315302849}, "melbands_crest": {"dmean": 2.66177463531, "dmean2": 4.2484793663, "max": 33.7593460083, "dvar": 7.89377784729, "mean": 17.6868362427, "dvar2": 19.5324249268, "min": 1.64830493927, "var": 34.6732788086, "median": 17.0056991577}, "spectral_entropy": {"dmean": 0.268803089857, "dmean2": 0.373775631189, "max": 9.82054138184, "dvar": 0.115346498787, "mean": 7.08297014236, "dvar2": 0.218952640891, "min": 3.84914469719, "var": 0.876948535442, "median": 7.2464723587}, "melbands": {"dmean": [0.00260609155521, 0.00183145492338, 0.00133558758534, 0.00044116564095, 0.000116466784675, 9.4898561656e-05, 8.6428502982e-05, 6.53481911286e-05, 3.23715867125e-05, 3.04740715364e-05, 2.95942809316e-05, 3.49203000951e-05, 5.01146023453e-05, 2.97149854305e-05, 2.17113993131e-05, 2.76044665952e-05, 2.76339469565e-05, 1.89505808521e-05, 3.29871509166e-05, 2.78605111816e-05, 7.38414837542e-06, 3.11552639687e-06, 2.87888065031e-06, 6.03221860729e-06, 9.21603259485e-06, 5.45489001524e-06, 4.87519400849e-06, 3.05972412207e-06, 2.44384023063e-06, 2.66620440925e-06, 1.75091884103e-06, 3.37961932928e-06, 1.74428487298e-06, 1.64805965142e-06, 2.05380933949e-06, 1.14234308057e-06, 9.26761003939e-07, 8.70374094575e-07, 1.03443278476e-06, 1.05779713522e-06], "dmean2": [0.00379402772523, 0.00264897500165, 0.0022106487304, 0.000800787471235, 0.00019397228607, 0.000164774115547, 0.000151896252646, 0.000115210132208, 5.27339616383e-05, 4.941788211e-05, 4.49971485068e-05, 4.90595048177e-05, 7.80383779784e-05, 4.6606768592e-05, 3.22929045069e-05, 4.3061987526e-05, 4.21970762545e-05, 2.94640231004e-05, 5.53980207769e-05, 4.885997987e-05, 1.24351172417e-05, 5.01321801494e-06, 4.4852058636e-06, 9.81164430414e-06, 1.51494105012e-05, 9.20668935578e-06, 8.11330482975e-06, 4.80444487039e-06, 3.87713225791e-06, 4.19982598032e-06, 2.67740688287e-06, 5.49437618247e-06, 2.70967848337e-06, 2.5323618047e-06, 3.23040740113e-06, 1.7089995481e-06, 1.3789717741e-06, 1.30424655254e-06, 1.529266342e-06, 1.58795455718e-06], "max": [0.0944382250309, 0.0627295300364, 0.057338103652, 0.0157462675124, 0.00364085566252, 0.0048507861793, 0.00669019250199, 0.0050521180965, 0.00217121862806, 0.00176278501749, 0.00410982081667, 0.00392755260691, 0.00463905930519, 0.00256179040298, 0.002936987672, 0.00468684220687, 0.00191366521176, 0.00141078536399, 0.00215136469342, 0.00200624461286, 0.000577881757636, 0.000206029289984, 0.000335496646585, 0.000334547425155, 0.000886904017534, 0.000441276759375, 0.000497115193866, 0.000296596932458, 0.000205412958167, 0.000225853160373, 0.00013264734298, 0.000318639358738, 0.000131754859467, 0.000104156075395, 0.000152472508489, 7.13246117812e-05, 7.70415790612e-05, 6.5610074671e-05, 4.83128533233e-05, 6.52156086289e-05], "dvar": [4.6795950766e-05, 2.37250696955e-05, 3.16879813909e-05, 2.11562360164e-06, 5.25209244984e-08, 7.96779957568e-08, 1.22587792362e-07, 8.81965860344e-08, 8.99630414608e-09, 7.67431718174e-09, 1.01446326894e-08, 1.33089752552e-08, 3.56463338846e-08, 1.23153229836e-08, 6.5284897488e-09, 1.13668026103e-08, 7.77688047293e-09, 4.41051861699e-09, 2.84078147672e-08, 2.69330602265e-08, 1.36071454104e-09, 1.62716548568e-10, 1.28119820308e-10, 7.89608156637e-10, 2.65545296863e-09, 9.82906089853e-10, 7.97766575023e-10, 2.6369803563e-10, 1.92197896487e-10, 2.30191476991e-10, 7.74834293948e-11, 4.31519708854e-10, 8.4315110449e-11, 6.26484905619e-11, 1.18204335209e-10, 1.8546905331e-11, 7.09103565796e-12, 4.42812626844e-12, 6.53671778164e-12, 8.13452170206e-12], "mean": [0.0047492259182, 0.00366420531645, 0.00143337948248, 0.000503661634866, 0.000207972741919, 0.000119812430057, 8.64218818606e-05, 6.40227008262e-05, 4.58320500911e-05, 4.58522954432e-05, 4.98398912896e-05, 7.16627182555e-05, 9.73338974291e-05, 4.82401737827e-05, 5.21404872416e-05, 4.1940013034e-05, 4.43696408183e-05, 2.54570513789e-05, 3.31972441927e-05, 2.26043484872e-05, 8.07681954029e-06, 3.59205091627e-06, 3.73061584469e-06, 6.51653499517e-06, 8.57458599057e-06, 5.06569813297e-06, 4.45248451797e-06, 3.23529229718e-06, 2.33966602536e-06, 2.41160000769e-06, 1.77081653874e-06, 2.69507222583e-06, 1.64221819432e-06, 1.63915512985e-06, 1.96964219867e-06, 1.4119646039e-06, 1.41879365856e-06, 1.43084173487e-06, 1.51263623138e-06, 1.4225030327e-06], "dvar2": [0.000106207007775, 4.9991918786e-05, 8.28831762192e-05, 6.08855316386e-06, 1.40739047083e-07, 2.22402547934e-07, 3.44674248254e-07, 2.46165001272e-07, 2.31983641186e-08, 2.01813925571e-08, 2.30616521435e-08, 2.40928859085e-08, 8.50428705235e-08, 2.97659514814e-08, 1.25793322425e-08, 2.62905697213e-08, 1.77396213275e-08, 1.04140580603e-08, 7.69049250948e-08, 7.50855093656e-08, 3.62812402344e-09, 4.0990125183e-10, 3.00155844624e-10, 1.98858884914e-09, 6.8492420624e-09, 2.66522315329e-09, 2.11805950556e-09, 5.98781801919e-10, 4.63507787707e-10, 5.46127587597e-10, 1.63387900431e-10, 1.11429465655e-09, 1.96056018642e-10, 1.46701387149e-10, 2.88090495904e-10, 4.04019422084e-11, 1.50805860855e-11, 1.01576039246e-11, 1.53055745161e-11, 1.94970671552e-11], "min": [1.00635104008e-24, 4.69424796464e-25, 1.96631449514e-24, 8.8296678501e-25, 1.44651974658e-24, 2.25142440629e-24, 2.77321428268e-24, 1.98849115012e-24, 2.11009800297e-24, 2.49118309843e-24, 2.86000061795e-24, 2.51403403227e-24, 2.51874215137e-24, 3.64652057844e-24, 3.24651564024e-24, 3.03534171743e-24, 2.09205359862e-24, 3.59182806302e-24, 3.69623419825e-24, 3.61180399329e-24, 3.42542889911e-24, 5.06072887817e-24, 4.69365533289e-24, 3.92454040499e-24, 3.9314259774e-24, 4.99054707887e-24, 3.57255382452e-24, 4.53821620797e-24, 4.77810959811e-24, 5.14669499531e-24, 4.60310830046e-24, 5.19154686537e-24, 5.40336154045e-24, 4.52268353675e-24, 7.09728847869e-24, 6.37732392391e-24, 6.61788429595e-24, 6.21193607969e-24, 6.79977353259e-24, 6.70187826083e-24], "var": [8.67650087457e-05, 5.20144822076e-05, 2.4153456252e-05, 1.33982132411e-06, 8.37088194316e-08, 6.94482622521e-08, 8.23718053766e-08, 6.19636892907e-08, 1.40054465803e-08, 1.28559696222e-08, 2.14829007916e-08, 5.50277796663e-08, 1.17520507104e-07, 2.79062639663e-08, 6.32961487668e-08, 2.22411351558e-08, 1.83913968499e-08, 7.37101402137e-09, 2.1810427242e-08, 1.75695156202e-08, 1.33261812696e-09, 1.54964319155e-10, 1.42615655396e-10, 6.72038424909e-10, 2.02777949987e-09, 6.8252176133e-10, 5.77268788327e-10, 2.63737670592e-10, 1.75348860432e-10, 2.07599604174e-10, 8.38301719708e-11, 3.28919280701e-10, 8.00504523779e-11, 6.0251637013e-11, 1.03056639611e-10, 2.1459939728e-11, 1.08597792217e-11, 7.73846698526e-12, 9.37405361667e-12, 9.57387641387e-12], "median": [0.00142332620453, 0.00152064568829, 0.000454478373285, 0.000228965494898, 0.000110501576273, 3.60992598871e-05, 1.73054340848e-05, 7.98232304078e-06, 7.69436155679e-06, 5.69639450987e-06, 4.54509972769e-06, 3.48350249624e-06, 2.75537991001e-06, 2.03517447517e-06, 1.92406605493e-06, 1.52166114731e-06, 1.55703412474e-06, 1.1375128679e-06, 8.78113894487e-07, 5.9007351183e-07, 4.48702451195e-07, 3.73370824036e-07, 4.41869929091e-07, 7.14747670827e-07, 7.65013396631e-07, 6.11198913703e-07, 5.85942359521e-07, 3.69701297132e-07, 2.18665775265e-07, 1.83673208198e-07, 1.21474926118e-07, 9.59209103257e-08, 1.04768048459e-07, 1.93368421719e-07, 2.7831364946e-07, 3.53651500973e-07, 5.51482628453e-07, 6.54486314033e-07, 5.32922740604e-07, 4.40935650659e-07]}, "silence_rate_60dB": {"dmean": 0.0152222802863, "dmean2": 0.0304471924901, "max": 1, "dvar": 0.014988235198, "mean": 0.126005366445, "dvar2": 0.0357414484024, "min": 0, "var": 0.110121719539, "median": 0}, "spectral_energyband_middle_high": {"dmean": 0.00182143063284, "dmean2": 0.00296093267389, "max": 0.0953073427081, "dvar": 6.41488368274e-05, "mean": 0.00338939391077, "dvar2": 0.000172009458765, "min": 1.21043170707e-21, "var": 6.71638117637e-05, "median": 0.000433859764598}, "erbbands_skewness": {"dmean": 0.51142513752, "dmean2": 0.734963774681, "max": 8.4070558548, "dvar": 0.333940088749, "mean": 0.924405872822, "dvar2": 0.69050937891, "min": -4.13027143478, "var": 2.02699589729, "median": 0.657153725624}, "dynamic_complexity": 5.47408008575, "dissonance": {"dmean": 0.029845951125, "dmean2": 0.0501817278564, "max": 0.500000059605, "dvar": 0.00098205183167, "mean": 0.433334797621, "dvar2": 0.00266679679044, "min": 0.107975192368, "var": 0.00314388121478, "median": 0.448840200901}, "spectral_skewness": {"dmean": 0.318011522293, "dmean2": 0.446016997099, "max": 10.0726337433, "dvar": 0.210498467088, "mean": 2.08747434616, "dvar2": 0.406587034464, "min": -0.0921424999833, "var": 1.63666164875, "median": 1.82764554024}, "spectral_kurtosis": {"dmean": 2.34936571121, "dmean2": 3.49568796158, "max": 120.878288269, "dvar": 24.605047226, "mean": 7.01634073257, "dvar2": 54.0599746704, "min": -1.50958395004, "var": 162.324081421, "median": 3.54221701622}, "gfcc": {"cov": [[23278.2460938, -1946.42883301, -2863.5402832, -310.065948486, 795.98651123, 1352.19812012, -24.0122032166, 916.866516113, -754.049194336, 734.537597656, -168.68699646, 289.815704346, -525.348083496], [-1946.42883301, 1671.12121582, 242.948989868, -99.5886306763, -91.3160552979, -194.219924927, -9.12147712708, -172.560546875, 99.2932739258, -258.332336426, 178.69581604, -187.157348633, 135.506561279], [-2863.5402832, 242.948989868, 1740.44555664, 425.165771484, -410.973480225, -339.26071167, 59.7092247009, -251.818649292, 166.11541748, -125.548736572, -108.673194885, 48.128238678, 27.3275299072], [-310.065948486, -99.5886306763, 425.165771484, 764.103210449, 51.8835029602, -116.684440613, -37.4567184448, -3.72435998917, 150.191345215, -31.9876861572, -20.0209693909, -7.16770744324, 96.5383071899], [795.98651123, -91.3160552979, -410.973480225, 51.8835029602, 638.030212402, 216.172286987, 81.6033325195, 134.976150513, -21.4112968445, 93.0939788818, 30.8866195679, 8.50377941132, 13.9596767426], [1352.19812012, -194.219924927, -339.26071167, -116.684440613, 216.172286987, 472.930419922, 162.968429565, 99.6215286255, -125.533882141, 99.1315155029, 55.1698379517, -12.0619935989, -42.0756721497], [-24.0122032166, -9.12147712708, 59.7092247009, -37.4567184448, 81.6033325195, 162.968429565, 342.355194092, -17.6365242004, -22.6357402802, 60.1768836975, 10.7144317627, 26.0029678345, -32.4404144287], [916.866516113, -172.560546875, -251.818649292, -3.72435998917, 134.976150513, 99.6215286255, -17.6365242004, 298.605895996, -10.1059207916, 16.9615287781, 30.6798191071, -11.5355529785, 5.40464258194], [-754.049194336, 99.2932739258, 166.11541748, 150.191345215, -21.4112968445, -125.533882141, -22.6357402802, -10.1059207916, 196.188095093, -27.0291442871, -21.4985713959, -0.0360123738647, 49.0216217041], [734.537597656, -258.332336426, -125.548736572, -31.9876861572, 93.0939788818, 99.1315155029, 60.1768836975, 16.9615287781, -27.0291442871, 177.669021606, -9.97208023071, 22.8854103088, -40.0130653381], [-168.68699646, 178.69581604, -108.673194885, -20.0209693909, 30.8866195679, 55.1698379517, 10.7144317627, 30.6798191071, -21.4985713959, -9.97208023071, 160.329360962, -23.4944515228, 16.2154026031], [289.815704346, -187.157348633, 48.128238678, -7.16770744324, 8.50377941132, -12.0619935989, 26.0029678345, -11.5355529785, -0.0360123738647, 22.8854103088, -23.4944515228, 148.223602295, -5.37586212158], [-525.348083496, 135.506561279, 27.3275299072, 96.5383071899, 13.9596767426, -42.0756721497, -32.4404144287, 5.40464258194, 49.0216217041, -40.0130653381, 16.2154026031, -5.37586212158, 131.251113892]], "mean": [-84.2467727661, 86.8124389648, -50.2141189575, 37.7523231506, -46.5747680664, 32.0063819885, -42.6187210083, 18.166015625, -31.4994869232, 3.81651163101, -10.4251861572, -2.73629450798, -9.78777694702], "icov": [[0.00010159888916, -0.00013889123511, 0.000159557937877, -0.000208043071325, 0.000117782401503, -0.00021052750526, 0.000138609291753, -0.000266457354883, 0.000265916460194, -0.000316901598126, 0.000356425298378, -0.000385591178201, 0.000379313278245], [-0.00013889123511, 0.0016768341884, -0.000429113599239, 0.000950647168793, -0.000585937930737, 0.000723103818018, -0.00058327842271, 0.00121158699039, -0.000927273591515, 0.00199124729261, -0.00204562838189, 0.00217685732059, -0.00150166649837], [0.000159557937877, -0.000429113599239, 0.00132680300158, -0.000980240409262, 0.000751847634092, -7.94974184828e-05, -0.000273060170002, -0.000106919957034, 0.000286589551251, -0.000304001820041, 0.00110609689727, -0.00108427379746, 0.000977096846327], [-0.000208043071325, 0.000950647168793, -0.000980240409262, 0.00266515463591, -0.000919007346965, 0.000611776136793, -0.000156659705681, 0.000733653374482, -0.00165147113148, 0.00111152883619, -0.001451317803, 0.00176176812965, -0.00213830592111], [0.000117782401503, -0.000585937930737, 0.000751847634092, -0.000919007346965, 0.00261961249635, -0.000975671980996, -0.000104257342173, -0.00100638018921, 0.000242879017605, -0.00134872761555, 0.00094278214965, -0.00117787008639, 0.000353457813617], [-0.00021052750526, 0.000723103818018, -7.94974184828e-05, 0.000611776136793, -0.000975671980996, 0.00467636808753, -0.00203911471181, 6.52463932056e-05, 0.00116221525241, 0.000175110224518, -0.0017639718717, 0.0018362676492, -0.00101397838444], [0.000138609291753, -0.00058327842271, -0.000273060170002, -0.000156659705681, -0.000104257342173, -0.00203911471181, 0.00439822813496, -6.9169611379e-05, -7.50901672291e-05, -0.00144058978185, 0.000587907270528, -0.00150309852324, 0.0012310706079], [-0.000266457354883, 0.00121158699039, -0.000106919957034, 0.000733653374482, -0.00100638018921, 6.52463932056e-05, -6.9169611379e-05, 0.00536761339754, -0.00150537327863, 0.00200464692898, -0.00211409851909, 0.00191703042947, -0.00143183534965], [0.000265916460194, -0.000927273591515, 0.000286589551251, -0.00165147113148, 0.000242879017605, 0.00116221525241, -7.50901672291e-05, -0.00150537327863, 0.00837711524218, -0.00167612999212, 0.00201109610498, -0.00132105057128, -0.000375464122044], [-0.000316901598126, 0.00199124729261, -0.000304001820041, 0.00111152883619, -0.00134872761555, 0.000175110224518, -0.00144058978185, 0.00200464692898, -0.00167612999212, 0.0100432289764, -0.00199745222926, 0.0019080103375, -0.000304809538648], [0.000356425298378, -0.00204562838189, 0.00110609689727, -0.001451317803, 0.00094278214965, -0.0017639718717, 0.000587907270528, -0.00211409851909, 0.00201109610498, -0.00199745222926, 0.00994013994932, -0.00224423664622, 0.00126232451294], [-0.000385591178201, 0.00217685732059, -0.00108427379746, 0.00176176812965, -0.00117787008639, 0.0018362676492, -0.00150309852324, 0.00191703042947, -0.00132105057128, 0.0019080103375, -0.00224423664622, 0.0105636510998, -0.00281237554736], [0.000379313278245, -0.00150166649837, 0.000977096846327, -0.00213830592111, 0.000353457813617, -0.00101397838444, 0.0012310706079, -0.00143183534965, -0.000375464122044, -0.000304809538648, 0.00126232451294, -0.00281237554736, 0.0118336705491]]}, "spectral_complexity": {"dmean": 2.18647289276, "dmean2": 3.31511116028, "max": 63, "dvar": 24.8585510254, "mean": 8.26186943054, "dvar2": 39.6537055969, "min": 0, "var": 59.0480575562, "median": 7}, "spectral_flux": {"dmean": 0.0285801347345, "dmean2": 0.0456268377602, "max": 0.478311121464, "dvar": 0.00262193218805, "mean": 0.0718932002783, "dvar2": 0.0057218875736, "min": 6.23639265229e-11, "var": 0.00658508203924, "median": 0.0429235398769}, "spectral_energyband_low": {"dmean": 0.0106030134484, "dmean2": 0.0162022635341, "max": 0.312479317188, "dvar": 0.000666213745717, "mean": 0.0237887259573, "dvar2": 0.00153948331717, "min": 1.17559475752e-23, "var": 0.0016427434748, "median": 0.0086781848222}, "spectral_decrease": {"dmean": 3.64958085974e-09, "dmean2": 5.88327342399e-09, "max": 1.14062358362e-28, "dvar": 7.10786308025e-17, "mean": -8.32033997256e-09, "dvar2": 1.78464680379e-16, "min": -8.30141146935e-08, "var": 1.47737991118e-16, "median": -3.67907482257e-09}, "barkbands_spread": {"dmean": 6.60938024521, "dmean2": 9.30654144287, "max": 129.972595215, "dvar": 121.580627441, "mean": 18.3941898346, "dvar2": 237.312820435, "min": 0.0809913575649, "var": 345.043212891, "median": 13.7781686783}, "spectral_rms": {"dmean": 0.000907264300622, "dmean2": 0.0013936846517, "max": 0.0175364874303, "dvar": 2.84507973447e-06, "mean": 0.00464013125747, "dvar2": 6.50187621432e-06, "min": 3.12295588695e-12, "var": 1.05223980427e-05, "median": 0.00378889264539}, "spectral_centroid": {"dmean": 205.216003418, "dmean2": 294.941864014, "max": 11703.8613281, "dvar": 108769.601563, "mean": 899.078613281, "dvar2": 203743.828125, "min": 90.4166717529, "var": 875458.375, "median": 716.504089355}, "barkbands_skewness": {"dmean": 1.05068433285, "dmean2": 1.48727691174, "max": 29.3192920685, "dvar": 1.92319333553, "mean": 3.50318694115, "dvar2": 3.87929797173, "min": -2.74720883369, "var": 8.12361049652, "median": 2.91910433769}, "spectral_rolloff": {"dmean": 513.720214844, "dmean2": 852.403747559, "max": 19229.1503906, "dvar": 2544235, "mean": 1054.17626953, "dvar2": 5791923.5, "min": 64.599609375, "var": 4964047.5, "median": 279.931640625}, "erbbands_spread": {"dmean": 15.2695102692, "dmean2": 21.7392196655, "max": 207.122772217, "dvar": 426.080535889, "mean": 52.005241394, "dvar2": 850.537841797, "min": 0.812464773655, "var": 1486.70935059, "median": 42.4361953735}, "barkbands": {"dmean": [0.00027116300771, 0.00880022998899, 0.0030296293553, 0.00343446014449, 0.00153586501256, 0.000464311800897, 0.000428102823207, 0.000214302155655, 0.000203432748094, 0.000210984158912, 0.000367777131032, 0.000231914513279, 0.000267822179012, 0.000277713901596, 0.000419874500949, 0.000228741118917, 5.3080417274e-05, 0.000111229390313, 0.000184391741641, 0.000103971833596, 9.52238988248e-05, 0.000122383018606, 0.000101119097963, 7.45293218642e-05, 0.000113106973004, 0.000203846895602, 8.18030093797e-06], "dmean2": [0.000379591947421, 0.0126627320424, 0.00463202036917, 0.00622136099264, 0.00276585714892, 0.000792623613961, 0.000752790656406, 0.0003647422418, 0.000330549140926, 0.000315465789754, 0.000580102961976, 0.000356517877663, 0.000406564737204, 0.000435257999925, 0.000707967963535, 0.000393479043851, 8.60712607391e-05, 0.000179471855517, 0.000305709603708, 0.000163257514942, 0.000145774247358, 0.000191210463527, 0.000154928915435, 0.00010815483256, 0.000169116683537, 0.000307907786919, 1.28395704451e-05], "max": [0.0107469931245, 0.30367910862, 0.139453798532, 0.152261376381, 0.0568614862859, 0.0219883266836, 0.0347928628325, 0.0139134330675, 0.00995251536369, 0.0256599988788, 0.0345773734152, 0.0269904118031, 0.0347270034254, 0.0192532092333, 0.025583261624, 0.0143793327734, 0.00339523074217, 0.00643257796764, 0.0155948065221, 0.010983732529, 0.00770720187575, 0.00989649351686, 0.00696351146325, 0.00519047491252, 0.00513539230451, 0.0097521757707, 0.000594097014982], "dvar": [3.61810151617e-07, 0.000516455736943, 0.000109820357466, 0.000256351340795, 2.0844179744e-05, 1.55320196882e-06, 3.67239476873e-06, 5.36813729468e-07, 3.09696901013e-07, 5.2786225524e-07, 1.86624868093e-06, 6.93551385211e-07, 9.22919412005e-07, 8.2826710468e-07, 4.29361534771e-06, 1.49028733176e-06, 4.90372720208e-08, 2.50874990115e-07, 1.11987321816e-06, 3.16216869578e-07, 2.6993842539e-07, 4.76426464502e-07, 2.44196428412e-07, 3.7063301761e-08, 1.18493744594e-07, 4.97891392115e-07, 1.05012398777e-09], "mean": [0.000650486035738, 0.0167246721685, 0.00479247700423, 0.00279347435571, 0.00201625563204, 0.000641577702481, 0.000409397995099, 0.000249401142355, 0.000312964984914, 0.000390731031075, 0.00074291107012, 0.000421335513238, 0.000424078520155, 0.000415879971115, 0.000421606615419, 0.000210797967156, 6.1251783336e-05, 0.000125632970594, 0.000168582482729, 0.000105703584268, 9.10104936338e-05, 0.000108950174763, 0.00010402634507, 0.00011963716679, 0.000150144420331, 0.000194160093088, 7.37850314181e-06], "dvar2": [7.12887924692e-07, 0.00115519354586, 0.000249815639108, 0.000715452712029, 6.0408088757e-05, 4.29382862421e-06, 1.0335654224e-05, 1.45174851696e-06, 8.11675079149e-07, 1.11944473247e-06, 4.39853238277e-06, 1.48414778778e-06, 1.89334218703e-06, 1.92141396838e-06, 1.17080699056e-05, 4.03548028771e-06, 1.23819631881e-07, 6.40486689463e-07, 2.93669563689e-06, 7.63493972045e-07, 6.21625758868e-07, 1.14332863177e-06, 5.83359678785e-07, 7.65009176007e-08, 2.83353131181e-07, 1.16728904231e-06, 2.64015742601e-09], "min": [1.94083645727e-25, 3.29260523306e-24, 7.37324129245e-25, 2.69530381588e-24, 8.15079880697e-24, 8.72810062805e-24, 1.3381516955e-23, 1.17490939517e-23, 1.80829165354e-23, 1.9079762196e-23, 1.01109595954e-23, 3.14891753239e-23, 3.21771346084e-23, 3.27827147264e-23, 4.90821619055e-23, 6.15970615136e-23, 9.37918129638e-23, 1.11187546454e-22, 1.46947949196e-22, 1.38111154579e-22, 2.26819169216e-22, 3.20039152687e-22, 4.21505648247e-22, 6.41887056144e-22, 8.1793748515e-22, 1.33548663306e-21, 1.83211256444e-21], "var": [1.56254861849e-06, 0.00103687203955, 0.000134001922561, 0.000157837130246, 1.42263334055e-05, 1.5178089825e-06, 2.40491499426e-06, 5.54612142878e-07, 5.51022935724e-07, 1.39892097195e-06, 6.94845039106e-06, 3.00469969261e-06, 2.33492914958e-06, 1.64131336078e-06, 3.22718960888e-06, 1.10489781946e-06, 4.48909069917e-08, 2.16265817699e-07, 8.20824766379e-07, 2.84004585183e-07, 2.5980710916e-07, 4.20825642777e-07, 2.27681184128e-07, 6.26288070293e-08, 1.27784744564e-07, 4.89574858875e-07, 8.97557361768e-10], "median": [0.000114151269372, 0.00546783627942, 0.00177536229603, 0.000541152607184, 0.00103404989932, 0.000222540169489, 6.12109870417e-05, 2.88578648906e-05, 3.80490600946e-05, 2.4719416615e-05, 1.62274463946e-05, 1.59157461894e-05, 1.34344545586e-05, 1.46759393829e-05, 1.29033287521e-05, 6.8070571615e-06, 6.91630521032e-06, 1.39987396324e-05, 1.77708152478e-05, 1.44334371726e-05, 7.89111527411e-06, 5.5764157878e-06, 1.77010242624e-05, 5.06638170918e-05, 5.05126881762e-05, 1.8718174033e-05, 1.41778699003e-07]}, "melbands_kurtosis": {"dmean": 32.0249671936, "dmean2": 46.60987854, "max": 1027.83605957, "dvar": 3090.7265625, "mean": 69.6735687256, "dvar2": 6303.5625, "min": -1.87295055389, "var": 9766.89746094, "median": 33.3960380554}, "erbbands_crest": {"dmean": 2.62851834297, "dmean2": 4.16925382614, "max": 31.9003543854, "dvar": 6.16126441956, "mean": 10.5895786285, "dvar2": 14.3719520569, "min": 2.3508503437, "var": 23.5052070618, "median": 9.62154388428}, "melbands_skewness": {"dmean": 1.37274849415, "dmean2": 1.95439696312, "max": 26.9324951172, "dvar": 2.84349250793, "mean": 5.13734674454, "dvar2": 5.64716386795, "min": -1.30071747303, "var": 13.3807039261, "median": 4.27414703369}, "spectral_energyband_middle_low": {"dmean": 0.00556993531063, "dmean2": 0.00993439462036, "max": 0.18458725512, "dvar": 0.000439777824795, "mean": 0.00653242133558, "dvar2": 0.00121935468633, "min": 1.49504262425e-22, "var": 0.000288575829472, "median": 0.0031065819785}, "spectral_contrast_coeffs": {"dmean": [0.0419119633734, 0.0398668348789, 0.038274358958, 0.0356444269419, 0.0273342933506, 0.0195598825812], "dmean2": [0.0681902915239, 0.0652743950486, 0.0595278702676, 0.0549585223198, 0.041827250272, 0.0297502521425], "max": [-0.314701974392, -0.42042195797, -0.436271071434, -0.475347280502, -0.551452815533, -0.511104285717], "dvar": [0.00162381469272, 0.00123453186825, 0.00128056912217, 0.00114276167005, 0.000637898163404, 0.000433951092418], "mean": [-0.687239468098, -0.724549591541, -0.742125570774, -0.759491205215, -0.788570642471, -0.81883597374], "dvar2": [0.00386540894397, 0.0032679499127, 0.00282418960705, 0.00238197343424, 0.00135697424412, 0.000853973149788], "min": [-0.975581407547, -0.978882968426, -0.974009811878, -0.972432732582, -0.964624524117, -0.964089512825], "var": [0.00782677810639, 0.00519540766254, 0.00850246474147, 0.00814337003976, 0.00386519101448, 0.00221007992513], "median": [-0.702600955963, -0.727680742741, -0.756073474884, -0.772402942181, -0.794437348843, -0.830465614796]}, "spectral_contrast_valleys": {"dmean": [0.315758645535, 0.38900205493, 0.410490721464, 0.431788653135, 0.408335059881, 0.448118656874], "dmean2": [0.520377516747, 0.616838574409, 0.637831270695, 0.656352877617, 0.583515703678, 0.553474664688], "max": [-4.80725288391, -4.43969297409, -4.94887733459, -5.05263137817, -5.09694910049, -7.44666481018], "dvar": [0.116121597588, 0.213156685233, 0.236187517643, 0.309333920479, 0.270399153233, 0.29701796174], "mean": [-7.15120983124, -8.03357791901, -9.04436779022, -9.50726890564, -9.31190872192, -10.780962944], "dvar2": [0.254840731621, 0.463921248913, 0.50165605545, 0.643774688244, 0.507742226124, 0.507555365562], "min": [-28.0579166412, -28.0927696228, -27.7191009521, -27.674785614, -27.4982910156, -27.3886432648], "var": [3.50092840195, 3.11062788963, 3.74796366692, 4.04324293137, 4.06338405609, 4.10180997849], "median": [-6.76310443878, -7.88025856018, -8.71761989594, -9.13166332245, -8.89400291443, -10.2222242355]}, "silence_rate_20dB": {"dmean": 0, "dmean2": 0, "max": 1, "dvar": 0, "mean": 1, "dvar2": 0, "min": 1, "var": 0, "median": 1}, "silence_rate_30dB": {"dmean": 0.0434180945158, "dmean2": 0.0868436992168, "max": 1, "dvar": 0.041535936296, "mean": 0.90391767025, "dvar2": 0.0858827233315, "min": 0, "var": 0.0868487209082, "median": 1}, "spectral_strongpeak": {"dmean": 0.248025506735, "dmean2": 0.436973959208, "max": 9.68648719788, "dvar": 0.456425130367, "mean": 0.499441206455, "dvar2": 1.2105474472, "min": 0, "var": 0.859417796135, "median": 0.236295312643}, "spectral_spread": {"dmean": 1172828.625, "dmean2": 1566425, "max": 42858644, "dvar": 2142853660670.0, "mean": 7209459, "dvar2": 3861183725570.0, "min": 664123.4375, "var": 13725300949000.0, "median": 6770184.5}, "barkbands_flatness_db": {"dmean": 0.0292599592358, "dmean2": 0.0397092700005, "max": 0.601719558239, "dvar": 0.00107018218841, "mean": 0.221855834126, "dvar2": 0.00201288913377, "min": 0.0201134886593, "var": 0.00989196170121, "median": 0.203592553735}, "pitch_salience": {"dmean": 0.0677219852805, "dmean2": 0.102435819805, "max": 0.904318034649, "dvar": 0.00453387340531, "mean": 0.452163398266, "dvar2": 0.00949960853904, "min": 0.0257378015667, "var": 0.0186748411506, "median": 0.453779488802}, "erbbands_kurtosis": {"dmean": 2.35361719131, "dmean2": 3.5952501297, "max": 131.205856323, "dvar": 21.6064987183, "mean": 4.57619905472, "dvar2": 47.954284668, "min": -1.91499269009, "var": 97.1884765625, "median": 1.23435127735}, "average_loudness": 0.717060089111, "barkbands_crest": {"dmean": 2.31874489784, "dmean2": 3.49638438225, "max": 26.4258327484, "dvar": 5.78005123138, "mean": 13.6067304611, "dvar2": 12.3174200058, "min": 2.13277554512, "var": 25.2254581451, "median": 13.1803865433}, "hfc": {"dmean": 10.5422677994, "dmean2": 16.1840724945, "max": 475.828063965, "dvar": 1625.63330078, "mean": 16.0037059784, "dvar2": 3961.75048828, "min": 1.07568466063e-16, "var": 1545.09326172, "median": 6.31416034698}, "barkbands_kurtosis": {"dmean": 15.7463026047, "dmean2": 23.4597511292, "max": 1095.48144531, "dvar": 1809.21984863, "mean": 28.5266551971, "dvar2": 4178.07958984, "min": -1.95957636833, "var": 3121.82519531, "median": 11.3252000809}, "erbbands": {"dmean": [0.309867799282, 1.89150261879, 3.52511787415, 7.49368619919, 8.55418968201, 4.38593912125, 3.07815098763, 4.23635911942, 5.59745836258, 6.456635952, 4.14478731155, 4.74651575089, 5.83573484421, 8.90352249146, 15.1057271957, 8.69433021545, 10.4649467468, 14.1852445602, 12.1400995255, 27.1968383789, 8.33952713013, 2.88964939117, 4.90017652512, 10.3302135468, 7.52869224548, 5.08842611313, 4.29263067245, 3.37180161476, 5.04637479782, 2.95942926407, 2.99967122078, 1.56212317944, 1.26144278049, 1.23275518417, 0.847537994385, 0.828737795353, 0.387280464172, 0.0548583939672, 0.00116796337534, 5.33352904313e-05], "dmean2": [0.449112176895, 2.78215456009, 5.204662323, 12.1615667343, 15.6698894501, 7.71320819855, 5.07331800461, 7.36185693741, 9.84143543243, 11.4307641983, 6.86508464813, 7.68517017365, 8.88150787354, 12.5668745041, 24.0791072845, 13.2585821152, 15.6614532471, 21.6515846252, 19.0907936096, 47.5878372192, 14.2475337982, 4.55108165741, 7.71252202988, 16.9402656555, 12.7663154602, 7.99420070648, 6.68407726288, 5.16787528992, 8.06372737885, 4.51507472992, 4.61104536057, 2.29660320282, 1.83807480335, 1.82386112213, 1.2680131197, 1.23896729946, 0.596499562263, 0.0847570821643, 0.00178627518471, 8.2569073129e-05], "max": [11.6347551346, 57.4242362976, 147.258148193, 328.89440918, 380.503234863, 127.192054749, 116.605033875, 226.910980225, 422.95791626, 514.726745605, 295.383850098, 283.957580566, 774.782775879, 1069.14697266, 1372.14147949, 1399.52355957, 1666.9119873, 1052.66455078, 802.527282715, 2070.69873047, 537.247680664, 178.886001587, 248.452178955, 938.533996582, 619.206848145, 539.997924805, 370.663116455, 251.024658203, 451.688873291, 187.971481323, 209.860183716, 103.848976135, 69.9150466919, 57.8632202148, 42.7206993103, 42.8755912781, 17.7198677063, 2.88447666168, 0.0626332163811, 0.00226309080608], "dvar": [0.653350651264, 25.0000171661, 123.821037292, 971.562805176, 1276.68469238, 99.0446472168, 39.0080604553, 165.124176025, 465.294616699, 942.731262207, 167.930358887, 183.782699585, 381.96585083, 848.758850098, 3757.25170898, 884.725585938, 1372.56213379, 2039.60888672, 1933.39282227, 25719.8574219, 1962.32189941, 143.436141968, 441.069702148, 3307.59423828, 1992.17956543, 771.567810059, 597.63269043, 306.63394165, 906.037597656, 211.078079224, 221.101913452, 23.6722011566, 9.06811237335, 10.7827320099, 7.51855897903, 7.5778336525, 1.86881268024, 0.047561828047, 2.04663137993e-05, 2.89007537901e-08], "mean": [0.550213634968, 3.42083716393, 5.87426948547, 8.17945671082, 7.83060979843, 6.44276714325, 5.35764074326, 5.29636096954, 5.65414714813, 6.21408939362, 5.63450145721, 7.24552726746, 10.0861978531, 18.7997646332, 27.9786891937, 18.1124649048, 19.5281333923, 23.6826000214, 17.0928058624, 23.652349472, 8.69863319397, 3.67669415474, 5.81524991989, 9.94898891449, 6.93326616287, 5.29866218567, 4.0649933815, 3.31083965302, 4.18527984619, 2.94685125351, 3.1034412384, 2.29493570328, 2.06627964973, 1.72985577583, 1.05418992043, 0.865794420242, 0.347729533911, 0.0472405105829, 0.0010404229397, 7.30463289074e-05], "dvar2": [1.44494593143, 56.7998390198, 280.471893311, 2466.47265625, 3654.27758789, 282.641174316, 102.170463562, 459.250579834, 1306.2644043, 2641.46508789, 441.694091797, 480.273803711, 877.383728027, 1562.37475586, 9460.9296875, 1851.49560547, 2798.75390625, 4770.71826172, 4764.54541016, 71901.4453125, 5318.02734375, 352.182891846, 1069.38537598, 8536.86328125, 5410.68847656, 1819.77062988, 1432.06420898, 674.739196777, 2305.27783203, 485.657501221, 526.411987305, 48.5771408081, 20.0064849854, 25.4902420044, 17.6897792816, 17.5979824066, 4.36721944809, 0.118554316461, 5.05160642206e-05, 7.0539485364e-08], "min": [7.91730844303e-23, 7.17450338316e-22, 1.04394444318e-21, 1.08646893817e-20, 6.32068618163e-21, 1.71262592106e-20, 4.44170494976e-20, 9.90514274591e-20, 1.73907175766e-19, 1.75138149765e-19, 2.91483351818e-19, 3.43470283299e-19, 6.4833687459e-19, 8.81967679655e-19, 1.00376754331e-18, 1.3633636351e-18, 1.88112431144e-18, 1.16506331666e-18, 2.73117956985e-18, 2.78794235785e-18, 3.6496097845e-18, 5.09968469527e-18, 6.17425269516e-18, 6.65922496598e-18, 7.80546320287e-18, 7.3687093579e-18, 8.97993394124e-18, 1.01835015848e-17, 1.21149087581e-17, 1.18843437429e-17, 1.34885331552e-17, 1.1556384828e-17, 9.7338999706e-18, 9.11260295815e-18, 6.21826862991e-18, 4.39687399653e-18, 2.52188695165e-18, 1.0594810527e-18, 2.46388566748e-19, 2.59072887072e-20], "var": [1.25617051125, 47.30809021, 180.077209473, 781.239440918, 753.98840332, 97.321647644, 63.6801147461, 146.500198364, 318.679748535, 636.538146973, 222.614257813, 303.644592285, 798.247924805, 3565.47338867, 9776.60546875, 4802.87304688, 4407.95214844, 4572.96582031, 2726.63720703, 16642.8222656, 1573.45703125, 144.017303467, 419.483306885, 2533.5690918, 1367.55102539, 717.902954102, 545.42376709, 313.038757324, 718.854187012, 206.944107056, 205.096130371, 33.8871765137, 15.9092473984, 13.3383827209, 7.85167264938, 7.83156013489, 1.78574168682, 0.0407825000584, 1.79607868631e-05, 2.81321135276e-08], "median": [0.139039412141, 1.25079834461, 2.27379536629, 2.47739768028, 2.59443235397, 3.30692458153, 2.62609910965, 1.54956698418, 1.21511673927, 0.790317952633, 1.00762355328, 1.13247418404, 1.22891879082, 1.13799512386, 1.09687018394, 1.10322225094, 0.974581956863, 1.30334603786, 0.979079246521, 0.688321471214, 0.460942536592, 0.420231282711, 0.717916488647, 1.05586457253, 0.906434893608, 0.696542620659, 0.398125141859, 0.254070103168, 0.185189992189, 0.324473142624, 0.55225110054, 0.808701515198, 0.904460310936, 0.598550438881, 0.302256047726, 0.135915890336, 0.0197380594909, 0.0013990647858, 6.13375159446e-05, 2.50538396358e-05]}, "spectral_energy": {"dmean": 0.014555468224, "dmean2": 0.023449819535, "max": 0.315216571093, "dvar": 0.00110816000961, "mean": 0.0328545719385, "dvar2": 0.0027828773018, "min": 9.99667480433e-21, "var": 0.00222720694728, "median": 0.014714599587}, "zerocrossingrate": {"dmean": 0.0147108556703, "dmean2": 0.0162439998239, "max": 0.52294921875, "dvar": 0.000397015217459, "mean": 0.0536677390337, "dvar2": 0.000484719930682, "min": 0.001953125, "var": 0.00298664835282, "median": 0.0419921875}, "spectral_energyband_high": {"dmean": 0.0