{"tonal": {"hpcp": {"dvar": [0.0535379871726, 0.0501060448587, 0.0435052961111, 0.0351994000375, 0.0286091454327, 0.0262938793749, 0.0316402241588, 0.0457837469876, 0.0432756133378, 0.0501660741866, 0.0483922958374, 0.0424678213894, 0.0433451682329, 0.0363147929311, 0.0388792082667, 0.0466764979064, 0.0505670942366, 0.0492378659546, 0.0414281450212, 0.0330620966852, 0.0309886243194, 0.0423750020564, 0.0570400133729, 0.037462323904, 0.0364727079868, 0.0272236429155, 0.0228792857379, 0.023734157905, 0.0219841860235, 0.0194137301296, 0.0289560761303, 0.0264334604144, 0.0238781366497, 0.0298430155963, 0.0324709787965, 0.0479785837233], "var": [0.0820407122374, 0.108870096505, 0.0650946721435, 0.0280046220869, 0.0202390402555, 0.0195423811674, 0.0419051237404, 0.0778760537505, 0.0424685850739, 0.0459685921669, 0.0464872568846, 0.0394912175834, 0.0535628460348, 0.0483196340501, 0.0334742553532, 0.0458051264286, 0.0547483302653, 0.0506782233715, 0.0368071645498, 0.0244965273887, 0.0247990395874, 0.0814147591591, 0.178799048066, 0.0628491342068, 0.0359520353377, 0.0229026358575, 0.0176098961383, 0.0199033953249, 0.0179142151028, 0.018144281581, 0.0335885100067, 0.032491389662, 0.0259108394384, 0.0313932113349, 0.0333372838795, 0.0521627180278], "median": [0.111827418208, 0.152254581451, 0.0712158381939, 0.00799563340843, 0.00465197302401, 0.00574336946011, 0.0231515280902, 0.0347774103284, 0.0245781466365, 0.00471295043826, 0.00461951689795, 0.0183328632265, 0.0267700776458, 0.0259179156274, 0.0217640157789, 0.0112417768687, 0.00960871484131, 0.00537505373359, 0.00460296403617, 0.0039937235415, 0.0098676495254, 0.0747856646776, 0.101362839341, 0.0703863203526, 0.00635786680505, 0.00453093927354, 0.00366626214236, 0.00430101063102, 0.00437531806529, 0.0166089572012, 0.0222519654781, 0.0173278246075, 0.0102148763835, 0.0192465558648, 0.0241223685443, 0.0217115469277], "max": [1, 1, 1, 1, 1, 1, 1, 1, 1, 1, 1, 1, 1, 1, 1, 1, 1, 1, 1, 1, 1, 1, 1, 1, 1, 1, 1, 1, 1, 1, 1, 1, 1, 1, 1, 1], "dmean": [0.154222130775, 0.151879996061, 0.127236947417, 0.0898227617145, 0.0676507055759, 0.062111530453, 0.0855321511626, 0.112296387553, 0.104062713683, 0.103440716863, 0.100538380444, 0.0949687957764, 0.109132871032, 0.10163757205, 0.0897945761681, 0.102129787207, 0.108901530504, 0.103028930724, 0.0891025289893, 0.0753993391991, 0.077935911715, 0.123979344964, 0.134061396122, 0.119223207235, 0.0868557021022, 0.0678294375539, 0.0566773936152, 0.0591123923659, 0.057503208518, 0.0589365027845, 0.0765087455511, 0.0685775205493, 0.0622084066272, 0.0808174535632, 0.0921018794179, 0.118466705084], "dmean2": [0.267992377281, 0.258361548185, 0.221925243735, 0.162496432662, 0.124743774533, 0.113515406847, 0.15022392571, 0.194822087884, 0.185436159372, 0.188032269478, 0.181295797229, 0.170108050108, 0.185471862555, 0.169139161706, 0.158832490444, 0.179769918323, 0.192013412714, 0.184390231967, 0.159645169973, 0.136584207416, 0.141570672393, 0.216361925006, 0.230930700898, 0.208655834198, 0.156040340662, 0.122699283063, 0.103278324008, 0.10606366396, 0.10362547636, 0.102208778262, 0.132111474872, 0.120232246816, 0.111617200077, 0.143870279193, 0.16295415163, 0.210726574063], "mean": [0.227220192552, 0.292651772499, 0.180129438639, 0.0719723850489, 0.0519399344921, 0.0506488494575, 0.117316402495, 0.167240634561, 0.116619281471, 0.088539659977, 0.0897942855954, 0.0924317985773, 0.148139536381, 0.141506806016, 0.0880074799061, 0.0970025733113, 0.10639821738, 0.0956249833107, 0.0752500221133, 0.0584523566067, 0.065652936697, 0.244250461459, 0.375944763422, 0.213735356927, 0.0771104618907, 0.0580488182604, 0.047218773514, 0.0516809113324, 0.0492158941925, 0.0651322379708, 0.096263229847, 0.0829540044069, 0.066503085196, 0.0959908142686, 0.104176700115, 0.115036405623], "dvar2": [0.140411168337, 0.128489986062, 0.1128519997, 0.0976971834898, 0.081537514925, 0.0755296498537, 0.0859282761812, 0.120837263763, 0.119684785604, 0.140601068735, 0.134952098131, 0.116530545056, 0.1154493168, 0.0963644534349, 0.107347711921, 0.126142993569, 0.133940264583, 0.133121088147, 0.113581851125, 0.0934761837125, 0.0867686420679, 0.10543975234, 0.128449514508, 0.0961573943496, 0.100808620453, 0.0778537690639, 0.0656489878893, 0.0659482181072, 0.0614781193435, 0.0522239990532, 0.0764159858227, 0.069908708334, 0.0647123083472, 0.083664111793, 0.0885789990425, 0.125449359417], "min": [0, 0, 0, 0, 0, 0, 0, 0, 0, 0, 0, 0, 0, 0, 0, 0, 0, 0, 0, 0, 0, 0, 0, 0, 0, 0, 0, 0, 0, 0, 0, 0, 0, 0, 0, 0]}, "key_key": "A", "thpcp": [1, 0.568528592587, 0.205111145973, 0.154407843947, 0.125600293279, 0.137469425797, 0.130912572145, 0.173249483109, 0.256056845188, 0.220654770732, 0.176895901561, 0.255332231522, 0.277106404305, 0.305992841721, 0.604397833347, 0.778443515301, 0.479138046503, 0.191444039345, 0.138158425689, 0.134724184871, 0.312057554722, 0.444854259491, 0.310203224421, 0.235512420535, 0.238849684596, 0.245865374804, 0.394046008587, 0.376403182745, 0.234096840024, 0.25802347064, 0.283015549183, 0.254359126091, 0.200162440538, 0.155481234193, 0.17463453114, 0.649697721004], "chords_key": "A", "tuning_equal_tempered_deviation": 0.262309342623, "tuning_frequency": 434.193115234, "tuning_diatonic_strength": 0.633275210857, "chords_histogram": [57.695438385, 0, 6.08713340759, 0.0407166108489, 0, 0, 0, 0, 0.0407166108489, 0.692182421684, 0.0814332216978, 0, 0, 0, 0, 0.162866443396, 0.305374592543, 29.7434844971, 0.529315948486, 4.56026077271, 0, 0.0407166108489, 0, 0.0203583054245], "key_strength": 0.847645759583, "key_scale": "major", "chords_strength": {"dvar": 0.000429729465395, "var": 0.0146815897897, "median": 0.536646842957, "max": 0.732074081898, "dmean": 0.00774715049192, "dmean2": 0.00867183227092, "mean": 0.525690495968, "dvar2": 0.00083526049275, "min": -1}, "chords_number_rate": 0.000814332219306, "tuning_nontempered_energy_ratio": 0.984399139881, "hpcp_entropy": {"dvar": 0.274177759886, "var": 0.637744903564, "median": 1.64548945427, "max": 4.3919711113, "dmean": 0.534048318863, "dmean2": 0.902709186077, "mean": 1.69980168343, "dvar2": 0.72019225359, "min": 0}, "chords_changes_rate": 0.0492671020329, "chords_scale": "major"}, "rhythm": {"bpm_histogram_first_peak_spread": {"dvar": 0, "var": 0, "median": 0.311594188213, "max": 0.311594188213, "dmean": 0, "dmean2": 0, "mean": 0.311594188213, "dvar2": 0, "min": 0.311594188213}, "bpm_histogram_first_peak_weight": {"dvar": 0, "var": 0, "median": 0.206073746085, "max": 0.206073746085, "dmean": 0, "dmean2": 0, "mean": 0.206073746085, "dvar2": 0, "min": 0.206073746085}, "bpm_histogram_first_peak_bpm": {"dvar": 0, "var": 0, "median": 148, "max": 148, "dmean": 0, "dmean2": 0, "mean": 148, "dvar2": 0, "min": 148}, "bpm": 147.785568237, "bpm_histogram_second_peak_weight": {"dvar": 0, "var": 0, "median": 0.06724511832, "max": 0.06724511832, "dmean": 0, "dmean2": 0, "mean": 0.06724511832, "dvar2": 0, "min": 0.06724511832}, "beats_loudness": {"dvar": 0.0130911273882, "var": 0.0172072872519, "median": 0.0132227409631, "max": 1.4148529768, "dmean": 0.0400373451412, "dmean2": 0.0734433308244, "mean": 0.0509183257818, "dvar2": 0.0445077642798, "min": 1.00760100263e-09}, "beats_loudness_band_ratio": {"dvar": [0.082508303225, 0.0732639059424, 0.022090787068, 0.0129638006911, 0.00510497624055, 0.08515830338], "var": [0.122646227479, 0.0714170262218, 0.0290439650416, 0.0176231078804, 0.00379331666045, 0.0506626777351], "median": [0.571778416634, 0.0807642787695, 0.089310914278, 0.0374259762466, 0.0212660767138, 0.0118536250666], "max": [0.979351580143, 0.980445683002, 0.704060792923, 0.598554134369, 0.54205429554, 0.972427964211], "dmean": [0.287942051888, 0.198365345597, 0.141027078032, 0.0955521538854, 0.0469311363995, 0.14579808712], "dmean2": [0.526950955391, 0.355137377977, 0.251355618238, 0.170560866594, 0.0863871872425, 0.285630434752], "mean": [0.470960199833, 0.195195049047, 0.164531096816, 0.102349624038, 0.0421380102634, 0.0855825543404], "dvar2": [0.210734933615, 0.184243038297, 0.0534498244524, 0.0307364761829, 0.0143189281225, 0.243429705501], "min": [0.000241737478063, 0.000282530847471, 0.00304845906794, 0.00199329922907, 0.000374590250431, 4.8782912927e-05]}, "bpm_histogram_second_peak_bpm": {"dvar": 0, "var": 0, "median": 115, "max": 115, "dmean": 0, "dmean2": 0, "mean": 115, "dvar2": 0, "min": 115}, "onset_rate": 2.67027497292, "beats_count": 462, "beats_position": [0.673378646374, 1.34675729275, 2.02013611794, 2.70512461662, 3.36689329147, 4.01705217361, 4.53950119019, 5.06195020676, 5.58439922333, 6.10684776306, 6.62929677963, 7.1517457962, 7.66258478165, 8.17342376709, 8.6958732605, 9.12544155121, 9.54340076447, 9.97297000885, 10.3909292221, 10.8088884354, 11.2268476486, 11.656416893, 12.0859861374, 12.5155553818, 12.9451246262, 13.3863039017, 13.8390922546, 14.2802715302, 14.7214508057, 15.1742401123, 15.6270294189, 16.0798187256, 16.50938797, 16.9389572144, 17.3685264587, 17.7980957031, 18.2044448853, 18.6224040985, 19.0519733429, 19.4699325562, 19.8762817383, 20.2942390442, 20.7121982574, 21.1301574707, 21.548116684, 21.9544658661, 22.3608150482, 22.7555541992, 23.1502952576, 23.5450344086, 24.0442619324, 24.5434913635, 25.0543308258, 25.5651702881, 26.076007843, 26.5752372742, 27.0860767365, 27.5969161987, 28.1077537537, 28.6534233093, 29.199092865, 29.7447605133, 30.2788200378, 30.8244895935, 31.3469390869, 31.8577766418, 32.3686180115, 32.8910636902, 33.4135131836, 33.935962677, 34.3887519836, 34.8415412903, 35.3175506592, 35.7819480896, 36.2463493347, 36.7107467651, 37.186756134, 37.6511573792, 38.1271629333, 38.5915641785, 39.0559616089, 39.520362854, 39.9847602844, 40.4723815918, 40.9483909607, 41.4243965149, 41.9120178223, 42.3880271912, 42.8640365601, 43.340045929, 43.8276634216, 44.3152809143, 44.8377304077, 45.3717918396, 45.9058494568, 46.439907074, 46.9623565674, 47.4848060608, 48.0072555542, 48.5413131714, 49.1102027893, 49.6790924072, 50.2479820251, 50.8749198914, 51.513469696, 52.2565078735, 53.0111541748, 53.7658042908, 54.5204544067, 55.2286605835, 55.936870575, 56.6334686279, 57.3416786194, 58.0150566101, 58.6884346008, 59.3502044678, 60.070022583, 60.8130607605, 61.5444869995, 62.2759170532, 62.9957351685, 63.7155532837, 64.4353713989, 65.1668014526, 65.7821273804, 66.385848999, 66.9199066162, 67.4539642334, 67.98802948, 68.5220870972, 69.0561447144, 69.5902023315, 70.1242599487, 70.6699295044, 71.2155990601, 71.7612686157, 72.3069381714, 72.8642196655, 73.4098815918, 73.9555511475, 74.5012207031, 75.0585021973, 75.6273880005, 76.1266174316, 76.6142425537, 77.1018600464, 77.6010894775, 78.1003189087, 78.5995483398, 79.0523376465, 79.5051269531, 79.9579086304, 80.410697937, 80.8750991821, 81.3278884888, 81.7806777954, 82.2450790405, 82.7094802856, 83.1738739014, 83.6382751465, 84.0910644531, 84.5438537598, 84.9966430664, 85.449432373, 85.8906097412, 86.3317871094, 86.7729721069, 87.2025375366, 87.6321105957, 88.0732879639, 88.514465332, 88.9556427002, 89.3852157593, 89.8263931274, 90.2675704956, 90.7203598022, 91.1499328613, 91.5911102295, 92.0438995361, 92.4038085938, 92.7637176514, 93.1352386475, 93.5067520142, 93.8666687012, 94.2265777588, 94.5864868164, 94.946395874, 95.2946929932, 95.6662139893, 96.037727356, 96.4092483521, 96.7923812866, 97.1755065918, 97.5586395264, 97.95337677, 98.3597259521, 98.7544631958, 99.1492080688, 99.6019973755, 100.054779053, 100.507568359, 100.971969604, 101.447982788, 101.935600281, 102.423217773, 102.887619019, 103.352012634, 103.816413879, 104.269203186, 104.721992493, 105.186393738, 105.650794983, 106.115188599, 106.567977905, 107.136871338, 107.705757141, 108.274642944, 108.855148315, 109.435646057, 110.050971985, 110.666305542, 111.270019531, 111.896957397, 112.523895264, 113.046348572, 113.557182312, 114.056411743, 114.532424927, 115.020042419, 115.507659912, 116.006889343, 116.506118774, 116.993736267, 117.481361389, 117.98059082, 118.468208313, 118.979042053, 119.501495361, 120.02394104, 120.557998657, 121.080451965, 121.614509583, 122.136962891, 122.659408569, 123.181854248, 123.692695618, 124.215148926, 124.737594604, 125.260040283, 125.782493591, 126.339767456, 126.89704895, 127.454330444, 127.988388062, 128.522445679, 129.044891357, 129.520904541, 129.996917725, 130.472915649, 131.041809082, 131.622314453, 132.191192627, 132.76008606, 133.340591431, 133.921081543, 134.501586914, 135.070480347, 135.697418213, 136.312744141, 136.939682007, 137.566619873, 138.193557739, 138.820495605, 139.45904541, 140.039550781, 140.608428955, 141.165710449, 141.711380005, 142.257049561, 142.814331055, 143.383224487, 143.9637146, 144.579040527, 145.194366455, 145.798095703, 146.413421631, 147.028747559, 147.620864868, 148.212966919, 148.79347229, 149.385574341, 149.97769165, 150.58140564, 151.185119629, 151.742401123, 152.288070679, 152.833740234, 153.391021729, 153.936691284, 154.493972778, 155.051239014, 155.596908569, 156.142578125, 156.688247681, 157.233917236, 157.895690918, 158.5574646, 159.242446899, 159.927429199, 160.565979004, 161.204528809, 161.843078613, 162.493240356, 163.1434021, 163.793563843, 164.443710327, 165.059051514, 165.674377441, 166.278091431, 166.870193481, 167.462310791, 168.054412842, 168.646530151, 169.250244141, 169.795913696, 170.341583252, 170.887252808, 171.305206299, 171.723175049, 172.152740479, 172.57069397, 172.98866272, 173.418228149, 173.847793579, 174.265762329, 174.672103882, 175.078460693, 175.484802246, 175.891159058, 176.309112549, 176.715454102, 177.121810913, 177.528152466, 177.922897339, 178.32925415, 178.735595703, 179.141952515, 179.548294067, 179.954650879, 180.360992432, 180.767349243, 181.173690796, 181.580047607, 181.98638916, 182.381134033, 182.787475586, 183.193832397, 183.60017395, 184.006530762, 184.412872314, 184.819229126, 185.225570679, 185.620315552, 186.026657104, 186.433013916, 186.827758789, 187.234100342, 187.640457153, 188.046798706, 188.453155518, 188.85949707, 189.265853882, 189.672195435, 190.078552246, 190.484893799, 190.89125061, 191.285980225, 191.680725098, 192.08706665, 192.493423462, 192.899765015, 193.306121826, 193.712463379, 194.11882019, 194.525161743, 194.931518555, 195.337860107, 195.744216919, 196.150558472, 196.556915283, 196.951644897, 197.358001709, 197.764343262, 198.159088135, 198.565444946, 198.971786499, 199.378143311, 199.784484863, 200.190841675, 200.597183228, 201.003540039, 201.409881592, 201.816238403, 202.222579956, 202.628936768, 203.03527832, 203.430023193, 203.836364746, 204.242721558, 204.637451172, 205.043807983, 205.450149536, 205.856506348, 206.2628479, 206.669204712, 207.075546265, 207.481903076, 207.888244629, 208.282989502, 208.677734375, 209.084075928, 209.490432739, 209.896774292, 210.303131104, 210.709472656, 211.115829468, 211.522171021, 211.928527832, 212.334869385, 212.741226196, 213.147567749, 213.553924561, 213.971878052, 214.389831543, 214.796188354, 215.202529907, 215.59727478, 215.992019653, 216.398361206, 216.804718018, 217.21105957, 217.62902832, 218.046981812, 218.453323364, 218.848068237, 219.24281311, 219.637542725, 220.090332031, 220.543121338, 220.995910645, 221.495147705, 221.994369507, 222.493606567, 223.027664185, 223.561721802, 224.107391357, 224.618225098, 225.129058838, 225.651519775, 226.173965454, 226.696411133, 227.218856812], "danceability": 0.958850383759, "bpm_histogram_second_peak_spread": {"dvar": 0, "var": 0, "median": 0.515625, "max": 0.515625, "dmean": 0, "dmean2": 0, "mean": 0.515625, "dvar2": 0, "min": 0.515625}}, "lowlevel": {"spectral_flux": {"dvar": 0.00151386053767, "var": 0.00651331106201, "median": 0.0239811744541, "max": 0.989785015583, "dmean": 0.0191703382879, "dmean2": 0.0304182264954, "mean": 0.053487483412, "dvar2": 0.00378128699958, "min": 6.80737410885e-11}, "spectral_rolloff": {"dvar": 1250498.125, "var": 6613720.5, "median": 667.529296875, "max": 18820.0195312, "dmean": 383.295776367, "dmean2": 617.473876953, "mean": 1397.94763184, "dvar2": 2391634.25, "min": 43.06640625}, "barkbands_flatness_db": {"dvar": 0.000634408323094, "var": 0.00587015133351, "median": 0.169392287731, "max": 0.492558956146, "dmean": 0.0209448076785, "dmean2": 0.0301842875779, "mean": 0.179716050625, "dvar2": 0.00122143852059, "min": 0.025903839618}, "spectral_centroid": {"dvar": 159053.0625, "var": 865413.25, "median": 765.99420166, "max": 11314.4511719, "dmean": 200.398361206, "dmean2": 280.145996094, "mean": 995.636657715, "dvar2": 254238.265625, "min": 168.090316772}, "melbands_skewness": {"dvar": 1.0364099741, "var": 10.6117858887, "median": 3.10255551338, "max": 17.4084854126, "dmean": 0.822785139084, "dmean2": 1.19486701488, "mean": 3.62964987755, "dvar2": 2.03360033035, "min": -3.54754686356}, "melbands": {"dvar": [7.56925219321e-05, 6.91824170644e-05, 7.82173719927e-06, 1.83999929959e-06, 1.04289483716e-06, 6.21414869784e-07, 1.20651316138e-06, 5.46613591723e-07, 9.39420274904e-08, 6.42120099315e-08, 2.86671006933e-08, 2.69718540835e-08, 1.09232232148e-08, 7.06586966714e-09, 3.97438570943e-09, 6.31512753202e-09, 1.45031862075e-08, 3.01641485123e-08, 1.99284819757e-08, 3.38267724942e-09, 1.62949986837e-09, 5.49272738404e-10, 3.41514344582e-10, 8.96291721397e-11, 2.34634117691e-10, 3.70585118148e-10, 6.43956624136e-11, 4.84884563057e-11, 2.63442514331e-11, 2.85255308957e-11, 2.82786346423e-11, 4.37169536682e-11, 4.48833331612e-11, 9.19815092149e-12, 8.45318173098e-12, 1.02155410867e-11, 1.46783366711e-11, 9.38732858807e-12, 5.626830165e-12, 5.3878286381e-12], "var": [0.000121836885228, 9.27013388718e-05, 1.23660565805e-05, 5.56550139663e-06, 1.27878672629e-06, 6.96651682119e-07, 1.0390059515e-06, 6.09284199982e-07, 1.49255896531e-07, 1.01136414798e-07, 6.65638495434e-08, 3.55289628828e-08, 1.86006641201e-08, 8.34088620394e-09, 6.78395384313e-09, 6.83473455609e-09, 1.38640077196e-08, 2.66506319235e-08, 2.1258532712e-08, 4.04174338442e-09, 3.43121953073e-09, 1.20450105445e-09, 7.60314922132e-10, 1.90745710893e-10, 3.06736358535e-10, 5.14117970418e-10, 1.04581197868e-10, 6.03499611396e-11, 3.49888937268e-11, 4.07044849215e-11, 5.26611081131e-11, 8.372917637e-11, 7.56030099636e-11, 1.70682305095e-11, 1.87820575065e-11, 2.19834792731e-11, 3.05467769135e-11, 2.11837700159e-11, 1.22600879102e-11, 9.77835000471e-12], "median": [1.35454013162e-06, 3.98106749344e-06, 0.000275657017482, 9.80994518613e-05, 2.13672738028e-05, 7.54948223403e-06, 1.65368710441e-05, 1.19934265967e-05, 1.19420365081e-05, 1.78611662704e-05, 5.15635292686e-06, 7.98113978817e-06, 2.51106507676e-06, 4.03723242925e-06, 1.26246129639e-06, 1.16661396987e-06, 1.48486458329e-06, 1.02335013707e-06, 7.56743986585e-07, 4.56965494777e-07, 4.22311018156e-07, 6.32748196949e-07, 9.32863599701e-07, 4.24317533998e-07, 2.68504976475e-07, 3.49262364807e-07, 2.40106430738e-07, 1.46763682096e-07, 1.27478188006e-07, 7.42702965795e-08, 4.03229414303e-08, 2.28037446703e-08, 1.61505600005e-08, 2.8625747106e-08, 5.02774000211e-08, 5.03697457077e-08, 9.25751493241e-08, 1.45432252907e-07, 9.44617539744e-08, 5.70461189398e-08], "max": [0.260886609554, 0.220229104161, 0.129148468375, 0.0496963970363, 0.0426015742123, 0.0169412549585, 0.0276495590806, 0.0237717293203, 0.00995375495404, 0.00813346542418, 0.00508084939793, 0.00914660003036, 0.00520936213434, 0.00354723399505, 0.00208568084054, 0.003484753659, 0.00362550118007, 0.0047386479564, 0.00367684965022, 0.00220367545262, 0.00188619690016, 0.000919228536077, 0.000611825555097, 0.000318129721563, 0.000984656973742, 0.00148069171701, 0.000347793160472, 0.000290433119517, 0.0002093094663, 0.000249264732702, 0.000211466351175, 0.000210832906305, 0.000193957035663, 0.000107778600068, 9.21426762943e-05, 0.000100352714071, 0.000119549993542, 8.39879794512e-05, 5.92880460317e-05, 7.85380179877e-05], "dmean": [0.00199441215955, 0.00172440335155, 0.000650615431368, 0.000438829127233, 0.000232140882872, 0.000183670694241, 0.000220074231038, 0.000139786236105, 7.13426852599e-05, 6.32816154393e-05, 3.92709043808e-05, 3.22642408719e-05, 2.22229809879e-05, 1.49905117723e-05, 1.30267944769e-05, 1.30135704239e-05, 1.72742693394e-05, 2.16148873733e-05, 1.74836695805e-05, 9.48263459577e-06, 9.06502555154e-06, 6.31842158327e-06, 5.75174226469e-06, 2.35986703956e-06, 1.92812808564e-06, 2.2468352654e-06, 1.67532505202e-06, 1.31920012336e-06, 1.09336440346e-06, 1.01921853002e-06, 1.02290289306e-06, 1.3214307728e-06, 1.29108514102e-06, 6.28281952686e-07, 7.0426193588e-07, 7.78463856932e-07, 1.03603463231e-06, 9.53090022904e-07, 6.76347951867e-07, 5.48880166207e-07], "dmean2": [0.00321967736818, 0.00274573708884, 0.000984006095678, 0.000653339666314, 0.000380559766199, 0.000303163949866, 0.000368264794815, 0.000228600256378, 0.000108312960947, 9.85304795904e-05, 5.99543527642e-05, 5.03066585225e-05, 3.42525781889e-05, 2.334544115e-05, 1.96342789422e-05, 2.04693842534e-05, 2.82592282019e-05, 3.53021132469e-05, 2.87122693408e-05, 1.48642793647e-05, 1.32468867378e-05, 9.23520201468e-06, 8.74130819284e-06, 3.60754893336e-06, 3.07627738039e-06, 3.50054347109e-06, 2.62097228187e-06, 2.08885103348e-06, 1.71931708337e-06, 1.58595094035e-06, 1.50461107751e-06, 1.96866449187e-06, 1.97276017389e-06, 9.35515856781e-07, 1.00803822534e-06, 1.11745737286e-06, 1.53086682531e-06, 1.43174918321e-06, 9.99009102998e-07, 8.14618942968e-07], "mean": [0.00262980046682, 0.00220872322097, 0.00130080024246, 0.00126590090804, 0.000377431337256, 0.000222590431804, 0.000250879238592, 0.000175016888534, 0.000120672746561, 0.000111578461656, 6.59345241729e-05, 5.03192859469e-05, 3.71414244e-05, 2.03704548767e-05, 1.95146240003e-05, 1.76819266926e-05, 1.94912772713e-05, 2.41391371674e-05, 2.25629210036e-05, 1.49431161844e-05, 1.83669926628e-05, 1.1608942259e-05, 9.8492446341e-06, 3.66382118955e-06, 2.56761109085e-06, 3.0355358831e-06, 2.37328026742e-06, 1.68093094999e-06, 1.38567395425e-06, 1.26602935779e-06, 1.38554503337e-06, 1.80883307621e-06, 1.71928274995e-06, 9.16256169603e-07, 1.15168779757e-06, 1.27156090457e-06, 1.67609186974e-06, 1.60934837368e-06, 1.12602504032e-06, 8.76174112818e-07], "dvar2": [0.000187978090253, 0.000160002236953, 1.91987310245e-05, 4.6694831326e-06, 2.89200943371e-06, 1.69444456333e-06, 3.25980317939e-06, 1.40464510423e-06, 2.30688698366e-07, 1.69849741383e-07, 6.67079618211e-08, 6.66423574103e-08, 2.61778740906e-08, 1.75222343302e-08, 9.66655111512e-09, 1.65500075866e-08, 3.8308421324e-08, 7.98428487769e-08, 5.13062374807e-08, 8.98643737202e-09, 3.9474494784e-09, 1.22616905518e-09, 7.81029241281e-10, 2.0038330717e-10, 5.29405186356e-10, 1.00131036795e-09, 1.56414409203e-10, 1.19446216806e-10, 6.20642703897e-11, 6.70573596651e-11, 6.13369979807e-11, 9.45386477436e-11, 1.03971407872e-10, 2.02060781301e-11, 1.78700543946e-11, 2.10404783874e-11, 3.09864252312e-11, 2.04771598983e-11, 1.23615362738e-11, 1.26886869067e-11], "min": [1.28943367731e-24, 2.53905216423e-24, 8.10031486448e-24, 2.74447075509e-24, 3.394134787e-24, 2.91540212211e-24, 1.27200097543e-23, 2.92534610825e-24, 4.41316361069e-24, 1.73746141058e-24, 6.75671671552e-24, 1.04106510087e-23, 1.2755287614e-23, 8.39386341795e-24, 4.48587449805e-24, 4.85579938107e-24, 4.10068160664e-24, 3.20958393367e-24, 8.96173282918e-24, 3.39325678482e-24, 4.8563697275e-24, 5.11753080765e-24, 7.95603851581e-24, 5.59865865146e-24, 9.80295122155e-24, 8.81813568975e-24, 8.33054155309e-24, 8.68500436794e-24, 8.01019618353e-24, 7.28321747202e-24, 7.38943601519e-24, 6.38742686553e-24, 6.78718094596e-24, 7.1448623133e-24, 9.66441541367e-24, 8.95860815114e-24, 7.6075032018e-24, 7.2567401446e-24, 8.55583786104e-24, 8.38527193383e-24]}, "spectral_decrease": {"dvar": 1.51792115796e-16, "var": 3.5792848906e-16, "median": -2.35816122185e-09, "max": 7.16558233719e-19, "dmean": 3.17116044535e-09, "dmean2": 4.72006966845e-09, "mean": -6.87226231477e-09, "dvar2": 3.26568920602e-16, "min": -3.35583905553e-07}, "barkbands_kurtosis": {"dvar": 195.751266479, "var": 1081.57580566, "median": 6.15730762482, "max": 387.746002197, "dmean": 6.68381547928, "dmean2": 9.74486446381, "mean": 18.8155517578, "dvar2": 426.257843018, "min": -1.91114962101}, "silence_rate_30dB": {"dvar": 0.0244182888418, "var": 0.0540296882391, "median": 1, "max": 1, "dmean": 0.0250458158553, "dmean2": 0.0500967316329, "mean": 0.942685544491, "dvar2": 0.0547139979899, "min": 0}, "gfcc": {"mean": [-116.81098938, 81.9760665894, -95.9974060059, -1.86697340012, -55.4653549194, 10.5170307159, -45.024974823, 12.9254398346, -30.7948818207, -6.66710329056, -24.1162185669, -8.05306625366, -14.6400432587], "cov": [[23244.2324219, -222.077941895, 1195.11865234, 1996.33227539, -178.137237549, -54.5136985779, -1470.59851074, 642.80267334, -388.901123047, -105.059524536, -30.8584804535, 87.1677703857, 37.0786628723], [-222.077941895, 1997.36572266, 205.820098877, -447.487640381, 535.970581055, -13.188164711, 134.012512207, -121.861381531, 95.0005569458, -119.167610168, 20.9408874512, -61.2766876221, -46.9777450562], [1195.11865234, 205.820098877, 957.09588623, 233.28817749, 195.141769409, 128.9115448, -75.250869751, 74.6703720093, 39.4045295715, -8.6059551239, 30.240945816, 64.6832199097, -26.9586315155], [1996.33227539, -447.487640381, 233.28817749, 795.645263672, 7.99664163589, 59.9341163635, -95.8873291016, 166.300720215, -9.9172706604, 13.8512191772, 33.107383728, 14.9529981613, 1.86983799934], [-178.137237549, 535.970581055, 195.141769409, 7.99664163589, 479.40536499, 80.9614334106, 118.280288696, 108.440505981, 154.346237183, 31.4361534119, 21.8046550751, 53.6472091675, 1.95456731319], [-54.5136985779, -13.188164711, 128.9115448, 59.9341163635, 80.9614334106, 253.371505737, 183.435821533, 86.6147766113, 133.090011597, 106.067771912, 35.9524688721, 60.1477432251, 4.0916185379], [-1470.59851074, 134.012512207, -75.250869751, -95.8873291016, 118.280288696, 183.435821533, 454.389221191, 31.8020324707, 175.962402344, 149.993011475, 33.1619720459, 63.3907318115, -5.39738178253], [642.80267334, -121.861381531, 74.6703720093, 166.300720215, 108.440505981, 86.6147766113, 31.8020324707, 250.489105225, 84.8244552612, 69.6328353882, 27.8369216919, 51.9150123596, 10.5959596634], [-388.901123047, 95.0005569458, 39.4045295715, -9.9172706604, 154.346237183, 133.090011597, 175.962402344, 84.8244552612, 285.278533936, 122.84438324, 17.9127674103, 151.986404419, 81.462562561], [-105.059524536, -119.167610168, -8.6059551239, 13.8512191772, 31.4361534119, 106.067771912, 149.993011475, 69.6328353882, 122.84438324, 170.396316528, 36.5374107361, 72.2270355225, 30.7284412384], [-30.8584804535, 20.9408874512, 30.240945816, 33.107383728, 21.8046550751, 35.9524688721, 33.1619720459, 27.8369216919, 17.9127674103, 36.5374107361, 89.3183135986, 26.9522438049, -2.32587409019], [87.1677703857, -61.2766876221, 64.6832199097, 14.9529981613, 53.6472091675, 60.1477432251, 63.3907318115, 51.9150123596, 151.986404419, 72.2270355225, 26.9522438049, 184.114974976, 89.5707626343], [37.0786628723, -46.9777450562, -26.9586315155, 1.86983799934, 1.95456731319, 4.0916185379, -5.39738178253, 10.5959596634, 81.462562561, 30.7284412384, -2.32587409019, 89.5707626343, 107.253944397]], "icov": [[9.8616721516e-05, -0.000180285103852, 1.52256434376e-05, -0.000248056050623, 0.000171489737113, -0.000159206028911, 0.000410967884818, -0.000200210852199, 0.000271588913165, -0.000392965768697, 0.000317013444146, -0.000369174522348, 0.000159990318934], [-0.000180285103852, 0.00151715776883, -0.000271042110398, 0.00102644599974, -0.00158757541794, 0.000489544530865, -0.00102569989394, 0.000949705136009, -0.00116235506721, 0.00189707428217, -0.00151557440404, 0.00173864199314, -0.000639885198325], [1.52256434376e-05, -0.000271042110398, 0.00162842310965, -0.000485688535264, -0.000437103735749, -0.00128673866857, 0.000972724403255, 0.000275843631243, 0.000532603997272, -0.00018267192354, 0.000349158013705, -0.00156259222422, 0.00133289140649], [-0.000248056050623, 0.00102644599974, -0.000485688535264, 0.00256082834676, -0.000795341620687, 0.000219658133574, -0.000860067724716, -0.000355362804839, -0.00077948521357, 0.00160729337949, -0.00160999689251, 0.00168649305124, -0.000945241830777], [0.000171489737113, -0.00158757541794, -0.000437103735749, -0.000795341620687, 0.00499512860551, 0.000271355849691, 0.000217735534534, -0.00226958561689, -0.00119811517652, -0.000478796690004, 0.000886218738742, -0.000831122801173, 0.00104363437276], [-0.000159206028911, 0.000489544530865, -0.00128673866857, 0.000219658133574, 0.000271355849691, 0.00853640399873, -0.00314412475564, -0.000885810062755, -0.00283774640411, -0.000476809189422, -0.00162466149777, 0.00173471076414, 0.000348918139935], [0.000410967884818, -0.00102569989394, 0.000972724403255, -0.000860067724716, 0.000217735534534, -0.00314412475564, 0.00673468923196, 0.000274514837656, -9.6455012681e-05, -0.00436392705888, 0.00159812835045, -0.00234133703634, 0.00340942945331], [-0.000200210852199, 0.000949705136009, 0.000275843631243, -0.000355362804839, -0.00226958561689, -0.000885810062755, 0.000274514837656, 0.00703107146546, -0.00131791131571, -0.000645467895083, -0.00118107814342, 0.000316408753861, 0.000851131393574], [0.000271588913165, -0.00116235506721, 0.000532603997272, -0.00077948521357, -0.00119811517652, -0.00283774640411, -9.6455012681e-05, -0.00131791131571, 0.0127739291638, -0.0045023560524, 0.00365963345394, -0.00694161141291, -0.00273586041294], [-0.000392965768697, 0.00189707428217, -0.00018267192354, 0.00160729337949, -0.000478796690004, -0.000476809189422, -0.00436392705888, -0.000645467895083, -0.0045023560524, 0.015017545782, -0.00499193510041, 0.00235389824957, -0.00219302042387], [0.000317013444146, -0.00151557440404, 0.000349158013705, -0.00160999689251, 0.000886218738742, -0.00162466149777, 0.00159812835045, -0.00118107814342, 0.00365963345394, -0.00499193510041, 0.015370387584, -0.00540291331708, 0.00308137992397], [-0.000369174522348, 0.00173864199314, -0.00156259222422, 0.00168649305124, -0.000831122801173, 0.00173471076414, -0.00234133703634, 0.000316408753861, -0.00694161141291, 0.00235389824957, -0.00540291331708, 0.0173100735992, -0.00970844551921], [0.000159990318934, -0.000639885198325, 0.00133289140649, -0.000945241830777, 0.00104363437276, 0.000348918139935, 0.00340942945331, 0.000851131393574, -0.00273586041294, -0.00219302042387, 0.00308137992397, -0.00970844551921, 0.0202756356448]]}, "silence_rate_20dB": {"dvar": 0.00807875487953, "var": 0.0115701779723, "median": 1, "max": 1, "dmean": 0.00814498029649, "dmean2": 0.0162916202098, "mean": 0.988292753696, "dvar2": 0.0178587008268, "min": 0}, "barkbands_skewness": {"dvar": 0.738067209721, "var": 7.7754817009, "median": 2.12465834618, "max": 15.7465763092, "dmean": 0.683891832829, "dmean2": 0.965968489647, "mean": 2.65023350716, "dvar2": 1.30420744419, "min": -4.49590730667}, "erbbands_skewness": {"dvar": 0.173342078924, "var": 1.11942005157, "median": 0.678471326828, "max": 5.2370724678, "dmean": 0.349528253078, "dmean2": 0.50260168314, "mean": 0.717535793781, "dvar2": 0.327941477299, "min": -3.61004710197}, "spectral_contrast_valleys": {"dvar": [0.130710333586, 0.114242464304, 0.0918565467, 0.12358186394, 0.162438690662, 0.162178695202], "var": [3.63143730164, 2.32196974754, 1.7814925909, 1.95606553555, 2.33367156982, 2.7423992157], "median": [-9.74132823944, -8.08489131927, -8.34110450745, -8.932513237, -8.78282165527, -11.0504465103], "max": [-4.18108940125, -3.67327141762, -4.14908313751, -4.59077787399, -5.03621435165, -7.20868968964], "dmean": [0.4258659482, 0.344091176987, 0.293059200048, 0.308493614197, 0.320719063282, 0.285504579544], "dmean2": [0.706372976303, 0.55638808012, 0.465215206146, 0.465251326561, 0.444719165564, 0.378799170256], "mean": [-9.19594287872, -7.96005964279, -8.28981781006, -8.98367786407, -9.04520988464, -11.1713838577], "dvar2": [0.325683116913, 0.256725847721, 0.191424265504, 0.243389606476, 0.299505978823, 0.270484089851], "min": [-28.012008667, -27.5058498383, -27.2681407928, -27.4968509674, -27.3059692383, -27.3598308563]}, "spectral_strongpeak": {"dvar": 0.253246098757, "var": 0.479138553143, "median": 0.39306384325, "max": 9.71241950989, "dmean": 0.201215997338, "dmean2": 0.327138781548, "mean": 0.596834480762, "dvar2": 0.660669326782, "min": 0}, "erbbands_crest": {"dvar": 3.84755849838, "var": 25.5438327789, "median": 9.34665966034, "max": 30.2859134674, "dmean": 1.85322487354, "dmean2": 2.81867289543, "mean": 10.6832675934, "dvar2": 8.8610200882, "min": 2.43659949303}, "barkbands_crest": {"dvar": 7.73668861389, "var": 40.4653320312, "median": 13.5911073685, "max": 26.7100582123, "dmean": 2.17858505249, "dmean2": 3.37349104881, "mean": 14.0713882446, "dvar2": 18.4198741913, "min": 2.26656627655}, "spectral_energyband_middle_low": {"dvar": 0.000279470783425, "var": 0.00057213800028, "median": 0.00322325364687, "max": 0.505834102631, "dmean": 0.00454448489472, "dmean2": 0.00669371662661, "mean": 0.0116352178156, "dvar2": 0.000647962442599, "min": 2.65152104168e-22}, "spectral_contrast_coeffs": {"dvar": [0.00187427224591, 0.00123319076374, 0.000707548577338, 0.000554510217626, 0.000401658384362, 0.000280372943962], "var": [0.0308236517012, 0.0071562952362, 0.0037936179433, 0.00358180887997, 0.0028142426163, 0.00140321068466], "median": [-0.626725316048, -0.754235744476, -0.770007073879, -0.8009724617, -0.815671563148, -0.829689264297], "max": [-0.205794647336, -0.379965990782, -0.478176116943, -0.510603189468, -0.553149580956, -0.642391681671], "dmean": [0.0444667525589, 0.0372578725219, 0.029617941007, 0.0269532706589, 0.0215867999941, 0.016371300444], "dmean2": [0.0700068175793, 0.0598976239562, 0.0481810905039, 0.0430221743882, 0.0336483791471, 0.0254320651293], "mean": [-0.567907094955, -0.740238428116, -0.766723036766, -0.792873084545, -0.809610307217, -0.826215326786], "dvar2": [0.00385126657784, 0.003004954895, 0.00179849658161, 0.00129891664255, 0.000912041636184, 0.000609456270467], "min": [-0.976077497005, -0.969611883163, -0.975091159344, -0.959866404533, -0.960798382759, -0.962674319744]}, "hfc": {"dvar": 444.417785645, "var": 1188.32336426, "median": 3.07504439354, "max": 749.874938965, "dmean": 5.5580534935, "dmean2": 7.26947498322, "mean": 12.8642520905, "dvar2": 863.943603516, "min": 1.13133876191e-16}, "spectral_energyband_high": {"dvar": 1.39912083341e-06, "var": 3.43394253832e-06, "median": 4.67386271339e-05, "max": 0.038079995662, "dmean": 0.000307571230223, "dmean2": 0.000409643282183, "mean": 0.000561278662644, "dvar2": 2.69576935352e-06, "min": 7.55589423006e-21}, "erbbands_spread": {"dvar": 87.5610961914, "var": 444.699951172, "median": 32.5345115662, "max": 152.722640991, "dmean": 6.9433350563, "dmean2": 10.2319841385, "mean": 34.5195732117, "dvar2": 194.462615967, "min": 2.18811583519}, "dissonance": {"dvar": 0.000382012920454, "var": 0.00174515019171, "median": 0.450281858444, "max": 0.499999761581, "dmean": 0.0204140245914, "dmean2": 0.0332529060543, "mean": 0.440973103046, "dvar2": 0.000989297754131, "min": 0.214348867536}, "spectral_kurtosis": {"dvar": 7.94267559052, "var": 48.7447891235, "median": 5.90632915497, "max": 53.7651748657, "dmean": 2.03186607361, "dmean2": 3.17472648621, "mean": 8.15848827362, "dvar2": 18.7713623047, "min": -1.35550749302}, "spectral_skewness": {"dvar": 0.108791828156, "var": 0.760195493698, "median": 2.08058309555, "max": 6.12081813812, "dmean": 0.267490118742, "dmean2": 0.396700888872, "mean": 2.25185513496, "dvar2": 0.224096313119, "min": -0.154690504074}, "pitch_salience": {"dvar": 0.00606278935447, "var": 0.0446052961051, "median": 0.505346655846, "max": 0.927772819996, "dmean": 0.0610157251358, "dmean2": 0.0930201560259, "mean": 0.476319491863, "dvar2": 0.0134377824143, "min": 0.0492758415639}, "spectral_complexity": {"dvar": 9.489610672, "var": 73.48828125, "median": 4, "max": 66, "dmean": 1.84952151775, "dmean2": 2.70705628395, "mean": 7.6137638092, "dvar2": 17.3494873047, "min": 0}, "spectral_spread": {"dvar": 827172257792, "var": 4526727233540.0, "median": 4898837, "max": 42944004, "dmean": 634627.75, "dmean2": 921523.375, "mean": 5192186, "dvar2": 1576551317500.0, "min": 1479128.125}, "dynamic_complexity": 8.21806621552, "melbands_crest": {"dvar": 11.1643924713, "var": 85.6363449097, "median": 17.9712486267, "max": 38.2698020935, "dmean": 2.51714611053, "dmean2": 3.80050039291, "mean": 18.7704277039, "dvar2": 23.7037277222, "min": 1.56772303581}, "zerocrossingrate": {"dvar": 0.000390575936763, "var": 0.00508061284199, "median": 0.0380859375, "max": 0.51708984375, "dmean": 0.0109067372978, "dmean2": 0.011918367818, "mean": 0.0557835586369, "dvar2": 0.000345044885762, "min": 0.00146484375}, "spectral_energyband_low": {"dvar": 0.00155224232003, "var": 0.00279991421849, "median": 4.4696367695e-05, "max": 1.17238926888, "dmean": 0.00906727369875, "dmean2": 0.0142949121073, "mean": 0.0140662994236, "dvar2": 0.00356919132173, "min": 2.17603604613e-23}, "melbands_kurtosis": {"dvar": 481.751434326, "var": 2617.71826172, "median": 13.4605045319, "max": 611.879699707, "dmean": 12.3281402588, "dmean2": 18.3410396576, "mean": 34.9761924744, "dvar2": 1086.24658203, "min": -1.76256084442}, "spectral_energyband_middle_high": {"dvar": 3.5626017052e-05, "var": 5.46770170331e-05, "median": 0.000270507181995, "max": 0.217259839177, "dmean": 0.0011241666507, "dmean2": 0.00166724738665, "mean": 0.00218978431076, "dvar2": 8.74203251442e-05, "min": 1.53850484641e-21}, "barkbands_spread": {"dvar": 54.1204833984, "var": 132.541732788, "median": 10.5036087036, "max": 111.267829895, "dmean": 4.33613681793, "dmean2": 6.69464206696, "mean": 13.5616550446, "dvar2": 122.688934326, "min": 0.320689886808}, "mfcc": {"mean": [-769.31451416, 129.663345337, 8.26546764374, -4.47238683701, 6.21256303787, -11.8619232178, -0.590662419796, 0.509633898735, -0.827967107296, 1.37689769268, -10.1145057678, -3.59057426453, -11.506228447], "cov": [[16050.2089844, -942.432006836, 908.736938477, 1259.1204834, 1157.38781738, -478.141174316, -175.086959839, 3.01605343819, -117.534210205, -128.21685791, -301.234893799, 219.391036987, 87.7755050659], [-942.432006836, 2334.40429688, -87.8105621338, -207.962158203, 274.921386719, 153.85446167, 76.3677062988, 107.536613464, 18.9156703949, 73.5870437622, -34.8388137817, 24.7721920013, 39.8957252502], [908.736938477, -87.8105621338, 731.471984863, 157.276031494, 176.429260254, 94.7269515991, 17.0059242249, 74.339553833, 6.26337718964, -7.54111766815, 16.4616756439, 23.7270431519, 56.1250572205], [1259.1204834, -207.962158203, 157.276031494, 497.533081055, 235.713882446, 6.72503376007, 42.2596969604, 84.443939209, 25.0463981628, 35.3878822327, -30.8874969482, 48.168548584, 61.7658500671], [1157.38781738, 274.921386719, 176.429260254, 235.713882446, 494.523529053, -39.2877807617, -2.32079386711, 107.039909363, 32.2754325867, 39.5557365417, -50.0270347595, 44.2073669434, 79.8270874023], [-478.141174316, 153.85446167, 94.7269515991, 6.72503376007, -39.2877807617, 355.451660156, 49.6116523743, 120.126960754, 141.809875488, 104.24835968, 121.895820618, 53.9133148193, 113.68056488], [-175.086959839, 76.3677062988, 17.0059242249, 42.2596969604, -2.32079386711, 49.6116523743, 228.889358521, 33.7898674011, 3.75190782547, 66.6785964966, 81.9193191528, 53.617931366, 12.0822353363], [3.01605343819, 107.536613464, 74.339553833, 84.443939209, 107.039909363, 120.126960754, 33.7898674011, 207.538665771, 134.643814087, 74.6754455566, 73.8616714478, 48.2257385254, 141.048217773], [-117.534210205, 18.9156703949, 6.26337718964, 25.0463981628, 32.2754325867, 141.809875488, 3.75190782547, 134.643814087, 250.565917969, 103.068984985, 91.9742050171, 48.9505767822, 159.431991577], [-128.21685791, 73.5870437622, -7.54111766815, 35.3878822327, 39.5557365417, 104.24835968, 66.6785964966, 74.6754455566, 103.068984985, 153.797988892, 80.9734573364, 39.53490448, 84.9321670532], [-301.234893799, -34.8388137817, 16.4616756439, -30.8874969482, -50.0270347595, 121.895820618, 81.9193191528, 73.8616714478, 91.9742050171, 80.9734573364, 181.243942261, 48.6295204163, 81.6145477