{"lowlevel": {"erbbands": {"mean": [0.124725937843, 1.70871245861, 6.15406751633, 8.06761264801, 10.6102132797, 5.92666339874, 5.59472179413, 8.88673496246, 12.323551178, 14.5918245316, 23.2126674652, 21.7158966064, 23.810628891, 22.658662796, 35.4548492432, 32.06199646, 46.393573761, 38.8363189697, 55.6279716492, 48.1166725159, 53.9640350342, 57.8827476501, 44.830406189, 39.3343925476, 28.1351776123, 16.2218494415, 11.4780092239, 9.08764648438, 9.92524051666, 7.81789731979, 7.96676254272, 9.67902946472, 5.19055461884, 1.99258983135, 0.700625181198, 0.241140991449, 0.0735973566771, 0.0168183725327, 0.00216347863898, 9.87876410363e-05], "dvar": [0.0302635803819, 8.40449523926, 57.155960083, 101.442314148, 84.4563446045, 32.2227935791, 50.9250488281, 179.171951294, 359.188446045, 581.226074219, 1190.07995605, 667.215515137, 1065.28479004, 851.454101562, 1896.80432129, 1680.99816895, 2028.26049805, 1120.75219727, 1925.70202637, 1622.59667969, 1213.14929199, 1517.14038086, 2405.71923828, 1489.50354004, 268.278991699, 200.755722046, 131.161575317, 122.852050781, 192.74597168, 153.675369263, 253.919326782, 512.575622559, 176.415756226, 18.2331409454, 1.03154170513, 0.0760622993112, 0.00645573716611, 0.000465996621642, 1.98704437935e-05, 1.81059398585e-08], "min": [4.58271034539e-22, 2.69321727563e-21, 1.9729214037e-20, 1.6646581697e-20, 5.18636040216e-20, 7.84885187623e-20, 7.80212974255e-20, 1.55804883822e-19, 6.83744702602e-19, 4.97147852456e-19, 5.75106781756e-19, 1.34537276697e-18, 2.15163077651e-18, 1.4186200238e-18, 1.60271516959e-18, 1.58751417487e-18, 2.47598773344e-18, 5.08980774516e-18, 9.62518196833e-18, 6.76212251187e-18, 1.02545133861e-17, 8.38750884089e-18, 1.5793036835e-17, 1.22038315012e-17, 1.33501185417e-17, 1.91538435397e-17, 1.77855759643e-17, 1.42632026881e-17, 1.87441839957e-17, 2.06962342884e-17, 1.60281298369e-17, 1.69694398673e-17, 1.69708460744e-17, 1.09655743842e-17, 7.59351802324e-18, 4.8016540021e-18, 2.86433372819e-18, 1.34574882396e-18, 3.27975510215e-19, 3.45287935146e-20], "dmean": [0.0803321748972, 1.25480496883, 3.49751996994, 4.76271247864, 5.42918205261, 3.41287112236, 3.80313253403, 6.05442810059, 8.53687286377, 10.3729114532, 15.3249692917, 12.2082710266, 13.571972847, 12.5043029785, 20.519033432, 17.9353141785, 25.9190444946, 19.9425640106, 28.8629875183, 20.7661914825, 23.3709545135, 26.1197986603, 22.5909671783, 18.5171527863, 12.4027614594, 8.20865440369, 6.33728694916, 5.19326496124, 6.01542901993, 4.27005195618, 4.77539777756, 6.20160007477, 3.35181570053, 1.20269834995, 0.386263519526, 0.124217495322, 0.0380668826401, 0.00972305890173, 0.00149337842595, 4.9629361456e-05], "dmean2": [0.123260863125, 1.80826342106, 5.35018253326, 7.99853038788, 8.97065830231, 5.76127529144, 6.28308200836, 10.0033197403, 14.0496473312, 16.8194732666, 24.4167804718, 19.1140289307, 20.8591442108, 19.9180774689, 33.5598831177, 28.6897258759, 41.7533569336, 31.8694877625, 45.8438072205, 32.1862449646, 36.9104003906, 41.5697784424, 36.1553649902, 29.2492656708, 20.0100326538, 13.2089309692, 10.2794933319, 8.67101573944, 9.56189155579, 6.46881341934, 6.84860277176, 8.81669902802, 4.93904209137, 1.78104996681, 0.557699918747, 0.178456395864, 0.053785327822, 0.0135638900101, 0.00229891692288, 7.60284819989e-05], "dvar2": [0.0659210458398, 17.7294502258, 133.804077148, 267.617492676, 219.261306763, 90.1947937012, 127.046882629, 476.585723877, 870.657043457, 1398.11584473, 2854.59082031, 1544.74084473, 2092.61206055, 2203.55151367, 4966.84814453, 4221.04101562, 5099.45898438, 2855.66235352, 4518.91992188, 3418.3269043, 2984.47607422, 3594.70703125, 6191.82226562, 3841.21337891, 685.174377441, 486.433502197, 334.08026123, 294.073059082, 446.116088867, 321.127746582, 476.006103516, 910.549255371, 371.955871582, 40.1174278259, 2.11685466766, 0.149705201387, 0.0122906761244, 0.000888070673682, 4.2777039198e-05, 4.17159000676e-08], "max": [1.90062856674, 28.8042030334, 84.3078079224, 112.728813171, 127.419021606, 69.7912139893, 139.217712402, 212.050125122, 352.35269165, 517.826843262, 780.854980469, 483.620635986, 932.581665039, 1467.52282715, 1147.20019531, 1518.484375, 829.748962402, 692.028564453, 1184.37011719, 1349.9979248, 883.268676758, 626.487121582, 1018.6506958, 1011.64709473, 246.483657837, 174.85508728, 163.839904785, 395.859771729, 375.420837402, 339.795410156, 517.755249023, 480.485992432, 333.918365479, 115.176063538, 26.3700847626, 11.0668315887, 2.08049058914, 0.283358156681, 0.0592705197632, 0.00204711058177], "median": [0.0208589993417, 0.522832989693, 2.70513343811, 4.42394351959, 4.62478685379, 3.45006322861, 2.83680105209, 3.33951711655, 4.31309986115, 5.60049676895, 8.60263347626, 10.6491594315, 11.4844017029, 14.6179981232, 18.2014904022, 19.0167827606, 25.1015968323, 23.2730636597, 34.6271095276, 28.6363945007, 36.7587203979, 40.607170105, 27.0474815369, 26.1335010529, 20.5473136902, 9.77754592896, 6.50605297089, 4.86625003815, 4.50422906876, 3.22774076462, 2.34803628922, 1.90009117126, 1.11982405186, 0.585590720177, 0.264948159456, 0.0807429850101, 0.0161076597869, 0.00220917863771, 0.000100708792161, 4.72968749818e-05], "var": [0.0529427230358, 11.3038892746, 82.9875335693, 143.731018066, 258.356994629, 54.4110946655, 68.6256027222, 271.280609131, 543.989624023, 911.933166504, 2158.4855957, 1377.69152832, 2237.50488281, 1200.20666504, 3309.47705078, 2317.22387695, 3971.11376953, 2455.87548828, 4805.78955078, 6214.33349609, 3771.42285156, 4044.67578125, 3741.18823242, 2677.81713867, 727.528442383, 380.175292969, 223.964248657, 214.485290527, 358.684631348, 336.076446533, 585.987426758, 1118.79821777, 309.287719727, 31.3580799103, 2.01546001434, 0.179386347532, 0.0180169660598, 0.00127377919853, 3.95305287384e-05, 3.2691367835e-08]}, "gfcc": {"icov": [[9.58802120294e-05, -0.000119652126159, 0.000104234750324, -0.000266699236818, 0.000182918796781, -0.000197898596525, 0.000146397331264, -0.000188919744687, 0.000229709723499, -0.000371797184926, 0.000473291787785, -0.000217824563151, 0.000257572100963], [-0.000119652126159, 0.00111964414828, 7.38355956855e-05, -0.000258058105828, -0.000590367766563, 0.000751781335566, -0.000182229487109, -0.00028901497717, 0.000333596981363, 0.0011439739028, -0.00146147061605, 0.00110452494118, -0.000281022512354], [0.000104234750324, 7.38355956855e-05, 0.00128273817245, -0.00124015309848, -2.92244931188e-05, -0.000512069731485, 8.42499787268e-07, -0.000329618778778, 0.000368492852431, -0.00043963411008, 0.000274159858236, -0.00101718807127, 0.0013774469262], [-0.000266699236818, -0.000258058105828, -0.00124015309848, 0.00545572768897, -0.00137996533886, -0.00202069221996, 0.000523168826476, 0.00160063803196, -0.00270919478498, 0.00135911419056, -0.000770610407926, 0.00066955893999, -0.00123987568077], [0.000182918796781, -0.000590367766563, -2.92244931188e-05, -0.00137996533886, 0.00449896557257, -0.000449788698461, -0.00160441466141, -0.000508638448082, 0.000906684552319, -0.00162406056188, 0.00277104997076, -0.000414725538576, -0.000739539391361], [-0.000197898596525, 0.000751781335566, -0.000512069731485, -0.00202069221996, -0.000449788698461, 0.00564584881067, -0.00115450366866, -0.00248907948844, 0.00140222464688, 0.00167078780942, -0.000158450187882, 0.000915380544029, -0.000378936849302], [0.000146397331264, -0.000182229487109, 8.42499787268e-07, 0.000523168826476, -0.00160441466141, -0.00115450366866, 0.00583412963897, -0.00103075557854, 0.000416645721998, -0.002648872789, -0.000167111109477, -4.52427775599e-05, -0.00140478450339], [-0.000188919744687, -0.00028901497717, -0.000329618778778, 0.00160063803196, -0.000508638448082, -0.00248907948844, -0.00103075557854, 0.0127868307754, -0.00634497357532, 0.000795253086835, -0.00105896033347, -0.000423904100899, 0.00192604120821], [0.000229709723499, 0.000333596981363, 0.000368492852431, -0.00270919478498, 0.000906684552319, 0.00140222464688, 0.000416645721998, -0.00634497357532, 0.0134057374671, -0.00325561640784, -0.000193321931874, -0.000285872461973, -0.00125067075714], [-0.000371797184926, 0.0011439739028, -0.00043963411008, 0.00135911419056, -0.00162406056188, 0.00167078780942, -0.002648872789, 0.000795253086835, -0.00325561640784, 0.0149448364973, -0.00383406947367, -0.0011725142831, -2.19833350457e-06], [0.000473291787785, -0.00146147061605, 0.000274159858236, -0.000770610407926, 0.00277104997076, -0.000158450187882, -0.000167111109477, -0.00105896033347, -0.000193321931874, -0.00383406947367, 0.0140991648659, -0.00497585115954, 0.000203830306418], [-0.000217824563151, 0.00110452494118, -0.00101718807127, 0.00066955893999, -0.000414725538576, 0.000915380544029, -4.52427775599e-05, -0.000423904100899, -0.000285872461973, -0.0011725142831, -0.00497585115954, 0.0165745113045, -0.00387066882104], [0.000257572100963, -0.000281022512354, 0.0013774469262, -0.00123987568077, -0.000739539391361, -0.000378936849302, -0.00140478450339, 0.00192604120821, -0.00125067075714, -2.19833350457e-06, 0.000203830306418, -0.00387066882104, 0.0148177975789]], "mean": [0.236295759678, 70.7790908813, -134.100799561, 33.2581062317, -48.0124206543, 16.0208263397, -38.7039299011, 11.6420679092, -25.198135376, -3.13029313087, -16.8022060394, -3.06787800789, -15.7504272461], "cov": [[24638.6035156, 1391.86193848, 711.124450684, 1689.45092773, 8.05188179016, 1463.76159668, -542.13470459, 365.871856689, -184.609481812, -129.350158691, -663.568359375, -180.96484375, -441.489868164], [1391.86193848, 1396.5604248, -212.599655151, 97.3979492188, 94.2749252319, -65.2310791016, -17.7164154053, 3.58755159378, -50.6882400513, -80.911567688, 37.3286247253, -79.8759994507, 5.42697715759], [711.124450684, -212.599655151, 1647.4329834, 576.648193359, 238.995254517, 464.985961914, 81.5024337769, 115.001449585, 46.4541854858, 11.8898086548, -56.0570602417, 49.2520637512, -87.1288986206], [1689.45092773, 97.3979492188, 576.648193359, 571.664733887, 190.732818604, 348.410827637, 20.3990020752, 66.3876190186, 40.0888977051, -27.363576889, -65.1151733398, -10.1557178497, -19.9342384338], [8.05188179016, 94.2749252319, 238.995254517, 190.732818604, 412.253662109, 149.487319946, 149.669967651, 33.7619781494, 4.50266075134, 21.8989391327, -55.5823822021, -4.00891113281, 29.6902427673], [1463.76159668, -65.2310791016, 464.985961914, 348.410827637, 149.487319946, 473.744018555, 59.9846229553, 94.631980896, 7.09488773346, -25.8642940521, -72.9780426025, -12.2753410339, -29.3980140686], [-542.13470459, -17.7164154053, 81.5024337769, 20.3990020752, 149.669967651, 59.9846229553, 274.848937988, 33.048500061, 19.7873725891, 54.1414833069, 13.6207056046, 17.8978061676, 40.1491279602], [365.871856689, 3.58755159378, 115.001449585, 66.3876190186, 33.7619781494, 94.631980896, 33.048500061, 128.801589966, 52.8682594299, 10.2125749588, -0.169636115432, 6.05571317673, -14.8829145432], [-184.609481812, -50.6882400513, 46.4541854858, 40.0888977051, 4.50266075134, 7.09488773346, 19.7873725891, 52.8682594299, 118.068351746, 29.7550792694, 20.9071712494, 16.2056560516, 10.609336853], [-129.350158691, -80.911567688, 11.8898086548, -27.363576889, 21.8989391327, -25.8642940521, 54.1414833069, 10.2125749588, 29.7550792694, 103.027366638, 28.7906780243, 26.8565750122, 10.7020130157], [-663.568359375, 37.3286247253, -56.0570602417, -65.1151733398, -55.5823822021, -72.9780426025, 13.6207056046, -0.169636115432, 20.9071712494, 28.7906780243, 124.968208313, 34.7251243591, 17.798707962], [-180.96484375, -79.8759994507, 49.2520637512, -10.1557178497, -4.00891113281, -12.2753410339, 17.8978061676, 6.05571317673, 16.2056560516, 26.8565750122, 34.7251243591, 84.6766738892, 19.6113891602], [-441.489868164, 5.42697715759, -87.1288986206, -19.9342384338, 29.6902427673, -29.3980140686, 40.1491279602, -14.8829145432, 10.609336853, 10.7020130157, 17.798707962, 19.6113891602, 93.940864563]]}, "spectral_skewness": {"mean": 1.45091187954, "dvar": 0.0447121374309, "min": -0.332981795073, "dmean": 0.198353782296, "dmean2": 0.313081264496, "dvar2": 0.105602793396, "max": 4.69124078751, "median": 1.46234965324, "var": 0.139788389206}, "spectral_energyband_low": {"mean": 0.0137501703575, "dvar": 0.00013946359104, "min": 5.28223376283e-23, "dmean": 0.00659728003666, "dmean2": 0.00897374097258, "dvar2": 0.000239439439611, "max": 0.122119754553, "median": 0.00834092590958, "var": 0.000323406653479}, "spectral_energyband_middle_low": {"mean": 0.0091340020299, "dvar": 2.49477761827e-05, "min": 2.3983749461e-22, "dmean": 0.0036315403413, "dmean2": 0.00583725003526, "dvar2": 6.25011089141e-05, "max": 0.0559792965651, "median": 0.00672260252759, "var": 6.66585983709e-05}, "mfcc": {"icov": [[0.000116054645332, -5.40802902833e-05, 1.13171754492e-05, -2.79168689303e-05, -7.1504531661e-05, -0.00031353707891, 0.00019187325961, -0.000147866579937, 3.24833563354e-05, -0.000107079664303, -7.79582933319e-06, -8.19944471004e-05, 0.000214590632822], [-5.40802902833e-05, 0.00124285672791, 0.000331560848281, -0.000819979701191, -0.000328333524521, 0.000926143082324, -0.000968722742982, 1.51704000473e-06, 0.000126614511828, 0.000738495204132, -0.000504884170368, 0.000196761495317, 0.0001105429983], [1.13171754492e-05, 0.000331560848281, 0.00137565901969, -0.000625483691692, -0.000650578644127, -0.000428715458838, 5.66630042158e-05, -0.00091894477373, 0.00102626206353, -6.26079345238e-05, -0.000353531242581, -0.000810565485153, 0.000448601698736], [-2.79168689303e-05, -0.000819979701191, -0.000625483691692, 0.00548795098439, -0.00133734871633, -0.00154754414689, 0.000154232300702, 0.000867796072271, -0.00120247236919, -0.000480006303405, -0.000378221797291, 0.000802879338153, -0.00206433353014], [-7.1504531661e-05, -0.000328333524521, -0.000650578644127, -0.00133734871633, 0.00555221224204, -0.00140340346843, 0.000957368407398, -0.00186691200361, 2.47083971772e-05, -0.000532269943506, 0.000808168551885, 0.000635193078779, 0.00154708337504], [-0.00031353707891, 0.000926143082324, -0.000428715458838, -0.00154754414689, -0.00140340346843, 0.0089282700792, -0.00445092096925, -0.000248377793469, -0.00239357189275, 0.000821893510874, 0.00103307934478, 0.000445537240012, -0.000115621704026], [0.00019187325961, -0.000968722742982, 5.66630042158e-05, 0.000154232300702, 0.000957368407398, -0.00445092096925, 0.00856829062104, -0.00145133445039, -0.000548434152734, -0.00159018859267, 0.00148073362652, -0.00278316577896, 0.00117147981655], [-0.000147866579937, 1.51704000473e-06, -0.00091894477373, 0.000867796072271, -0.00186691200361, -0.000248377793469, -0.00145133445039, 0.0106927938759, -0.0035858724732, 0.00128897698596, -0.00314572756179, -0.000298068451229, 0.000195711952983], [3.24833563354e-05, 0.000126614511828, 0.00102626206353, -0.00120247236919, 2.47083971772e-05, -0.00239357189275, -0.000548434152734, -0.0035858724732, 0.0129959816113, -0.00584137486294, 0.00166656996589, 0.000521980284248, -0.00125715904869], [-0.000107079664303, 0.000738495204132, -6.26079345238e-05, -0.000480006303405, -0.000532269943506, 0.000821893510874, -0.00159018859267, 0.00128897698596, -0.00584137486294, 0.0149798644707, -0.00243455544114, -0.00128359091468, 5.45155635336e-05], [-7.79582933319e-06, -0.000504884170368, -0.000353531242581, -0.000378221797291, 0.000808168551885, 0.00103307934478, 0.00148073362652, -0.00314572756179, 0.00166656996589, -0.00243455544114, 0.0140899345279, -0.00649674283341, 0.00123254582286], [-8.19944471004e-05, 0.000196761495317, -0.000810565485153, 0.000802879338153, 0.000635193078779, 0.000445537240012, -0.00278316577896, -0.000298068451229, 0.000521980284248, -0.00128359091468, -0.00649674283341, 0.0211160108447, -0.00707172090188], [0.000214590632822, 0.0001105429983, 0.000448601698736, -0.00206433353014, 0.00154708337504, -0.000115621704026, 0.00117147981655, 0.000195711952983, -0.00125715904869, 5.45155635336e-05, 0.00123254582286, -0.00707172090188, 0.0170796066523]], "mean": [-628.30682373, 100.203674316, -19.5620555878, 18.6394920349, 11.026137352, 3.62460255623, 2.06032061577, 8.50435733795, -1.37852954865, 1.35629749298, -0.236426100135, -0.730848908424, -2.51078486443], "cov": [[12461.1142578, 347.886474609, 967.590820312, 628.545715332, 860.792053223, 915.133056641, 291.830993652, 522.781616211, 338.429168701, 204.800430298, 49.7142181396, 18.9565563202, -177.524658203], [347.886474609, 1098.14123535, -183.409210205, 140.829193115, 56.6907043457, -39.575504303, 76.1148452759, 5.59187793732, -5.73767995834, -35.4677963257, 22.4751853943, -9.16196537018, -6.05186700821], [967.590820312, -183.409210205, 1269.47338867, 233.397827148, 320.334960938, 254.971481323, 99.9402999878, 206.409790039, 36.6394729614, 48.7514839172, 64.0517959595, 57.8635520935, -30.7364082336], [628.545715332, 140.829193115, 233.397827148, 334.985595703, 174.514038086, 167.069137573, 86.8765792847, 71.7759475708, 83.2633361816, 43.1656341553, 4.7589931488, 7.35059404373, 12.7823123932], [860.792053223, 56.6907043457, 320.334960938, 174.514038086, 362.243133545, 181.012786865, 70.2970199585, 121.821678162, 71.320892334, 37.4478530884, -0.941979825497, -6.32809638977, -33.7294883728], [915.133056641, -39.575504303, 254.971481323, 167.069137573, 181.012786865, 331.663208008, 166.680557251, 111.450393677, 117.436561584, 55.3888320923, -15.9342489243, 10.4468173981, -10.6638479233], [291.830993652, 76.1148452759, 99.9402999878, 86.8765792847, 70.2970199585, 166.680557251, 230.483428955, 72.9001159668, 78.9482727051, 44.9806289673, -6.36589956284, 24.9901885986, -1.69316399097], [522.781616211, 5.59187793732, 206.409790039, 71.7759475708, 121.821678162, 111.450393677, 72.9001159668, 175.747009277, 69.1394348145, 31.2149829865, 31.1976413727, 19.7776947021, -9.71802806854], [338.429168701, -5.73767995834, 36.6394729614, 83.2633361816, 71.320892334, 117.436561584, 78.9482727051, 69.1394348145, 154.953369141, 63.8285827637, -7.29959201813, 6.685505867, 7.51041412354], [204.800430298, -35.4677963257, 48.7514839172, 43.1656341553, 37.4478530884, 55.3888320923, 44.9806289673, 31.2149829865, 63.8285827637, 100.448440552, 13.9811944962, 15.9728221893, 5.11524915695], [49.7142181396, 22.4751853943, 64.0517959595, 4.7589931488, -0.941979825497, -15.9342489243, -6.36589956284, 31.1976413727, -7.29959201813, 13.9811944962, 102.00478363, 36.4217987061, 5.3165602684], [18.9565563202, -9.16196537018, 57.8635520935, 7.35059404373, -6.32809638977, 10.4468173981, 24.9901885986, 19.7776947021, 6.685505867, 15.9728221893, 36.4217987061, 73.8089675903, 26.2659378052], [-177.524658203, -6.05186700821, -30.7364082336, 12.7823123932, -33.7294883728, -10.6638479233, -1.69316399097, -9.71802806854, 7.51041412354, 5.11524915695, 5.3165602684, 26.2659378052, 77.4098434448]]}, "silence_rate_20dB": {"mean": 1, "dvar": 0, "min": 1, "dmean": 0, "dmean2": 0, "dvar2": 0, "max": 1, "median": 1, "var": 0}, "dynamic_complexity": 3.13751244545, "silence_rate_60dB": {"mean": 0.107514739037, "dvar": 0.0106741013005, "min": 0, "dmean": 0.0107904644683, "dmean2": 0.0215836372226, "dvar2": 0.023629438132, "max": 1, "median": 0, "var": 0.0959523171186}, "dissonance": {"mean": 0.478291511536, "dvar": 0.000158047492732, "min": 0.345810413361, "dmean": 0.011895143427, "dmean2": 0.0199286565185, "dvar2": 0.000415702845203, "max": 0.499999910593, "median": 0.48378688097, "var": 0.000386457890272}, "barkbands": {"mean": [0.000550390861463, 0.00649515958503, 0.00549148349091, 0.00266421842389, 0.0024625393562, 0.000977076939307, 0.000852586061228, 0.00103490636684, 0.000823546200991, 0.000819669978227, 0.000713857065421, 0.000765560311265, 0.00103469693568, 0.000688051863108, 0.00107110152021, 0.000851767079439, 0.00116492505185, 0.00074570113793, 0.000711327593308, 0.000324292865116, 0.000243189788307, 0.000273985322565, 0.000263614696451, 0.000395081035094, 0.000132602843223, 4.48278697149e-05, 1.08909180199e-05], "dvar": [2.14168767343e-06, 0.000116523035103, 6.14976524957e-05, 1.06171155494e-05, 4.24425206802e-06, 1.74977276401e-06, 1.59721025739e-06, 2.48779087997e-06, 1.13745079489e-06, 1.09121515379e-06, 8.47863248055e-07, 9.7093493423e-07, 1.05850267573e-06, 6.18838669197e-07, 7.13088297744e-07, 4.80222297483e-07, 6.07076628967e-07, 7.97125267127e-07, 2.7034045047e-07, 7.70668719952e-08, 6.94872710483e-08, 1.35105111099e-07, 2.767397973e-07, 7.97116570084e-07, 5.41561995249e-08, 2.23643148445e-09, 4.2060346872e-10], "min": [1.19244277542e-23, 1.18942317365e-23, 1.52203832795e-23, 8.85503386973e-24, 2.60793502516e-23, 1.24494209975e-23, 6.27061242157e-23, 1.85321538883e-23, 7.54275539197e-23, 7.02021203508e-23, 2.64348583071e-23, 4.37908142749e-23, 5.05822030049e-23, 1.51293588285e-22, 1.6205377725e-22, 1.41920128439e-22, 1.5066569287e-22, 2.88798089895e-22, 2.3922329382e-22, 4.52065463383e-22, 4.28601786567e-22, 4.86829263433e-22, 5.76330619706e-22, 9.32844655923e-22, 1.03193295673e-21, 1.55080108008e-21, 2.38323800537e-21], "dmean": [0.000459293281892, 0.00473447842523, 0.00339236902073, 0.0016903099604, 0.00124906015117, 0.000650855479762, 0.000623472966254, 0.000717549643014, 0.000491579761729, 0.000478925765492, 0.000440762873041, 0.000461954157799, 0.000594844808802, 0.000436694826931, 0.000536897627171, 0.000409275904531, 0.000549015763681, 0.00040361561696, 0.000316563760862, 0.000165004545124, 0.000135085210786, 0.000159721908858, 0.000155640955199, 0.000249540287768, 7.53224812797e-05, 2.23247989197e-05, 7.21765673006e-06], "dmean2": [0.000728664628696, 0.00682818191126, 0.00553378416225, 0.00285989744589, 0.00206327089109, 0.00105992495082, 0.00103164545726, 0.00115338899195, 0.000775951251853, 0.000750259961933, 0.000723853998352, 0.000733304943424, 0.000963008555118, 0.000706451246515, 0.000839408312459, 0.000661474594381, 0.000867128313985, 0.000653607421555, 0.000501031230669, 0.000267485535005, 0.000224663235713, 0.000252405094216, 0.000227520489716, 0.000355158554157, 0.000109357730253, 3.09068600473e-05, 1.08947442641e-05], "dvar2": [5.61517163078e-06, 0.000248384225415, 0.000161202638992, 2.82514720311e-05, 1.11306299004e-05, 4.50242305305e-06, 3.91582989323e-06, 5.98727820034e-06, 2.62685853158e-06, 2.31061903833e-06, 2.15479394683e-06, 2.3690006401e-06, 2.67902555606e-06, 1.47110631588e-06, 1.58956083851e-06, 1.17610977668e-06, 1.42315832363e-06, 2.0547040549e-06, 7.0816099651e-07, 1.86129028634e-07, 1.72932487885e-07, 2.99113082747e-07, 5.32247440788e-07, 1.42510748447e-06, 1.17038240433e-07, 4.17434264932e-09, 8.7385448877e-10], "max": [0.029233712703, 0.10665038228, 0.0790686607361, 0.0355914197862, 0.0290093217045, 0.0202186349779, 0.0209017377347, 0.0284915678203, 0.018757706508, 0.0251374803483, 0.0238199792802, 0.0329753793776, 0.0154358111322, 0.0225015841424, 0.0212511084974, 0.0174376126379, 0.0124366702512, 0.0163265503943, 0.0144725842401, 0.00395141402259, 0.00669646821916, 0.00894654728472, 0.0161262117326, 0.0177662763745, 0.00597596773878, 0.0016176707577, 0.000270429940429], "median": [8.86116322363e-05, 0.00159063341562, 0.0022911191918, 0.0011804633541, 0.00120103603695, 0.000417484639911, 0.000289612245979, 0.000336543860612, 0.000372753071133, 0.000430764514022, 0.000387825130019, 0.000394091039198, 0.00053494196618, 0.000342817977071, 0.000632845854852, 0.000490644073579, 0.000775198219344, 0.000422563345637, 0.000532359350473, 0.000190654653125, 0.000128693107399, 0.000122940473375, 8.19290653453e-05, 7.99886984169e-05, 4.54859764432e-05, 1.18682919492e-05, 4.9556194881e-07], "var": [2.17894535126e-06, 0.000162376105436, 7.14529887773e-05, 1.89124621102e-05, 1.30458092826e-05, 2.79693722405e-06, 2.41992825067e-06, 4.41826205133e-06, 2.16621674554e-06, 2.17484284804e-06, 1.32788397877e-06, 1.5871640926e-06, 2.04764137379e-06, 1.17834701996e-06, 2.20223614633e-06, 1.50539324295e-06, 1.7177025029e-06, 1.17094111829e-06, 5.71615885292e-07, 1.49572514374e-07, 1.20845868423e-07, 2.79985385987e-07, 6.19943023139e-07, 1.73970317974e-06, 9.87636568084e-08, 6.2177512028e-09, 8.99177676761e-10]}, "spectral_complexity": {"mean": 26.4707069397, "dvar": 22.2592067719, "min": 0, "dmean": 4.30138015747, "dmean2": 6.37821578979, "dvar2": 43.0174751282, "max": 61, "median": 28, "var": 184.49206543}, "spectral_energyband_high": {"mean": 0.0015489369398, "dvar": 2.63292326963e-06, "min": 7.50401045705e-21, "dmean": 0.000738622678909, "dmean2": 0.00108293211088, "dvar2": 4.58428939965e-06, "max": 0.0271277222782, "median": 0.000685739854816, "var": 7.45892884879e-06}, "hfc": {"mean": 31.4014015198, "dvar": 186.30279541, "min": 1.14819246763e-16, "dmean": 8.81877326965, "dmean2": 12.7683353424, "dvar2": 348.822357178, "max": 224.34703064, "median": 27.1839332581, "var": 706.354248047}, "melbands_kurtosis": {"mean": 66.2118606567, "dvar": 14766530, "min": -1.75280380249, "dmean": 82.9925003052, "dmean2": 131.565246582, "dvar2": 37026388, "max": 282651.4375, "median": 3.14228820801, "var": 11389506}, "spectral_strongpeak": {"mean": 0.82950091362, "dvar": 0.993999660015, "min": 0, "dmean": 0.495790928602, "dmean2": 0.858905851841, "dvar2": 2.48411726952, "max": 12.8670320511, "median": 0.515048742294, "var": 1.4092643261}, "silence_rate_30dB": {"mean": 0.998118162155, "dvar": 0.00374943460338, "min": 0, "dmean": 0.00376411550678, "dmean2": 0.00752917537466, "dvar2": 0.011235059239, "max": 1, "median": 1, "var": 0.00187842187006}, "melbands_spread": {"mean": 36.9183120728, "dvar": 153.818191528, "min": 0.00191916245967, "dmean": 10.0206594467, "dmean2": 14.7451257706, "dvar2": 289.886383057, "max": 226.916168213, "median": 33.6088218689, "var": 611.870361328}, "melbands_crest": {"mean": 14.2292604446, "dvar": 9.99316596985, "min": 1.66631507874, "dmean": 3.24099564552, "dmean2": 5.13043165207, "dvar2": 23.2124404907, "max": 39.998626709, "median": 13.5720005035, "var": 34.8805809021}, "average_loudness": 0.946501433849, "spectral_flux": {"mean": 0.0913543701172, "dvar": 0.000733573338948, "min": 1.03287337017e-10, "dmean": 0.0241072978824, "dmean2": 0.0352657586336, "dvar2": 0.00154435937293, "max": 0.34050437808, "median": 0.0867971405387, "var": 0.00271751894616}, "spectral_rolloff": {"mean": 2393.5065918, "dvar": 1033812.125, "min": 21.533203125, "dmean": 598.467041016, "dmean2": 956.250061035, "dvar2": 1933367.625, "max": 19487.5488281, "median": 2131.78710938, "var": 5688938.5}, "melbands": {"mean": [0.00150649284478, 0.00297511182725, 0.00152008782607, 0.000615820172243, 0.000194444219233, 0.000195699714823, 0.000186287230463, 0.000171495950781, 0.000183475800441, 0.000129712730995, 0.000117425821372, 8.97719146451e-05, 0.000106233361294, 9.88536630757e-05, 7.4214716733e-05, 0.000111566885607, 6.56037882436e-05, 8.6569954874e-05, 6.93108740961e-05, 6.55111507513e-05, 6.44331594231e-05, 6.48910427117e-05, 4.76798777527e-05, 3.37787387252e-05, 3.17174344673e-05, 2.55175600614e-05, 1.20621634778e-05, 1.06704237623e-05, 7.59994873079e-06, 5.92859532844e-06, 4.98196232002e-06, 5.56866734769e-06, 5.35547860636e-06, 3.89393153455e-06, 4.10874508816e-06, 5.8766586335e-06, 5.94686798649e-06, 4.01583338316e-06, 2.35197626353e-06, 1.43980980738e-06], "dvar": [5.10220343131e-06, 1.08140529846e-05, 2.39882342612e-06, 2.69774091066e-07, 5.18374072556e-08, 7.9792272345e-08, 7.74915349666e-08, 8.01512882731e-08, 7.47384234501e-08, 2.48303866357e-08, 2.77690599404e-08, 1.50523575826e-08, 1.64418523241e-08, 1.51428007911e-08, 7.63160734607e-09, 1.35184361483e-08, 4.96311036713e-09, 6.01739813533e-09, 3.54928064716e-09, 3.17919490733e-09, 2.22622076329e-09, 1.9839769827e-09, 2.7019242399e-09, 1.90430204938e-09, 1.24520627143e-09, 2.53695175978e-10, 9.00498287049e-11, 1.02575122007e-10, 6.05811234511e-11, 4.29425175974e-11, 5.17811071798e-11, 7.22315610102e-11, 7.10690603589e-11, 5.99476648877e-11, 7.24843310373e-11, 2.11534789685e-10, 2.42376674287e-10, 1.20334145426e-10, 4.3945742878e-11, 1.02940485996e-11], "min": [4.31099981258e-24, 8.3658793662e-24, 4.13098214844e-24, 4.77453684707e-24, 2.71270825682e-24, 3.32186250631e-24, 1.14720578347e-23, 4.74529732319e-24, 5.72699606555e-24, 9.32686972094e-24, 1.09416459058e-23, 6.49093724921e-24, 4.26844983864e-24, 5.75875008357e-24, 3.63264096524e-24, 6.27114995139e-24, 9.81456088749e-24, 1.63218003417e-23, 1.19039576026e-23, 7.29616267948e-24, 1.30866202383e-23, 7.96207330173e-24, 1.39529520175e-23, 1.22057387085e-23, 8.96943132276e-24, 9.11472845745e-24, 1.20892547183e-23, 1.30125099117e-23, 1.18282624544e-23, 1.01749078158e-23, 7.01000733041e-24, 9.64927086202e-24, 1.01216163174e-23, 1.20791707094e-23, 1.00879855993e-23, 8.05172655475e-24, 1.04473622287e-23, 1.37377728507e-23, 7.82128924028e-24, 9.50177438312e-24], "dmean": [0.00102684646845, 0.00162225333042, 0.000821240711957, 0.000313580792863, 0.00012720048835, 0.000131636727019, 0.000130838699988, 0.000121921868413, 0.000121657561976, 7.52853011363e-05, 6.89116423018e-05, 5.30930483365e-05, 6.28333727946e-05, 5.7409863075e-05, 4.44751640316e-05, 6.5069689299e-05, 3.92180190829e-05, 4.90116544825e-05, 3.31609444402e-05, 3.17529193126e-05, 3.12583579216e-05, 3.14563185384e-05, 2.56124421867e-05, 1.85050994332e-05, 1.63640452229e-05, 1.18899752124e-05, 6.09458675171e-06, 5.90487979935e-06, 4.49658546131e-06, 3.43727879226e-06, 3.08395806314e-06, 3.62949936061e-06, 3.15437796417e-06, 2.26493625632e-06, 2.5387862479e-06, 3.90038985643e-06, 4.02748401029e-06, 2.74011722468e-06, 1.58558930252e-06, 8.91857609986e-07], "dmean2": [0.00150279921945, 0.00234128907323, 0.00136306567583, 0.000520536268596, 0.000211140926694, 0.000216896398342, 0.000215603446122, 0.000196843247977, 0.000193059502635, 0.000117689894978, 0.000106421110104, 8.42887893668e-05, 0.000103045647847, 9.18615769478e-05, 7.17945513315e-05, 0.000104983446363, 6.2884115323e-05, 7.83780269558e-05, 5.14994208061e-05, 5.15195861226e-05, 4.96559368912e-05, 5.04777999595e-05, 4.06540384574e-05, 2.99997955153e-05, 2.60437409452e-05, 1.92937750398e-05, 9.77549734671e-06, 9.61895420915e-06, 7.39595088817e-06, 5.79397465117e-06, 5.16285626873e-06, 5.87954627917e-06, 4.93274001201e-06, 3.47209061147e-06, 3.77106766791e-06, 5.68789891986e-06, 5.88576904192e-06, 4.1010989662e-06, 2.43736440098e-06, 1.33279979764e-06], "dvar2": [1.04045993794e-05, 2.05433716474e-05, 6.28563520877e-06, 7.19777631275e-07, 1.30674621346e-07, 2.08111032407e-07, 1.89050666677e-07, 1.91454532228e-07, 1.76541121277e-07, 5.74842218271e-08, 5.45517266914e-08, 3.86104446193e-08, 4.22816341938e-08, 3.75711763922e-08, 1.91118996185e-08, 3.48783473214e-08, 1.25796537631e-08, 1.39568774316e-08, 7.45299555405e-09, 7.749088482e-09, 5.39399902522e-09, 4.81730033641e-09, 6.4733107763e-09, 5.03721597767e-09, 3.25126126022e-09, 6.45861752968e-10, 2.15790441072e-10, 2.56657750608e-10, 1.57642413012e-10, 1.14221437864e-10, 1.22277771242e-10, 1.73082978505e-10, 1.61294810841e-10, 1.30204014237e-10, 1.42188372187e-10, 4.09608819085e-10, 4.62643257038e-10, 2.61745763952e-10, 1.01501654304e-10, 2.36880133564e-11], "max": [0.0233967360109, 0.0363958477974, 0.0164311174303, 0.00719909789041, 0.00376568618231, 0.0043568671681, 0.00489452108741, 0.00655601173639, 0.00675329100341, 0.00290939025581, 0.00471813604236, 0.00579812470824, 0.00332023994997, 0.00412201602012, 0.00172102940269, 0.00167559995316, 0.00145340093877, 0.00256546377204, 0.00184488878585, 0.00152624654584, 0.00101480179001, 0.000649084744509, 0.00116131396499, 0.00112373556476, 0.000997126800939, 0.000241449597524, 0.000154459994519, 0.000150409672642, 8.39932690724e-05, 0.000136819217005, 0.000278854073258, 0.000275102618616, 0.000267073221039, 0.000297905382467, 0.000375065603293, 0.000481290073367, 0.000391466106521, 0.000261532550212, 0.000186074132216, 0.000106206389319], "median": [0.000335584190907, 0.00142940215301, 0.000943227205426, 0.000316965393722, 0.000109825283289, 7.38367016311e-05, 6.41861915938e-05, 6.25432294328e-05, 6.83471807861e-05, 6.01981228101e-05, 5.33896200068e-05, 5.47016570636e-05, 5.59595937375e-05, 5.20071007486e-05, 4.34659195889e-05, 5.29725912202e-05, 3.47230052284e-05, 5.10458194185e-05, 4.08979467466e-05, 3.50478367181e-05, 4.09988933825e-05, 4.39516952611e-05, 2.68294916168e-05, 1.95701650227e-05, 1.92623028852e-05, 1.84151158464e-05, 7.16266004019e-06, 6.052223398e-06, 4.12461804444e-06, 3.03348519992e-06, 2.4917810606e-06, 2.48101491707e-06, 2.20854803956e-06, 1.54075974024e-06, 1.28953843159e-06, 1.2430609786e-06, 1.04174864646e-06, 7.97775442152e-07, 6.04324497999e-07, 4.40505345978e-07], "var": [8.08668301033e-06, 1.9406012143e-05, 3.66990275324e-06, 7.65209222209e-07, 7.45410702052e-08, 1.27191796651e-07, 1.1782487519e-07, 1.26852526705e-07, 1.3519490949e-07, 5.2002281592e-08, 5.80822927532e-08, 2.10639932163e-08, 2.82710654886e-08, 2.6240369877e-08, 1.17496545826e-08, 2.62238017967e-08, 9.31429156026e-09, 1.38253737347e-08, 1.19493490658e-08, 1.10774562856e-08, 5.82815440353e-09, 5.11487430188e-09, 5.11404651959e-09, 2.52924303723e-09, 2.08877826147e-09, 6.65025645663e-10, 1.97628483023e-10, 1.80468001654e-10, 9.62091101231e-11, 7.3980294113e-11, 8.41226463488e-11, 1.19521822994e-10, 1.40838549156e-10, 1.16221941793e-10, 1.69592978549e-10, 4.21515600202e-10, 4.65175370445e-10, 2.00167757369e-10, 6.11450959309e-11, 1.59932761479e-11]}, "spectral_energy": {"mean": 0.0316070765257, "dvar": 0.000130897271447, "min": 1.06682735681e-20, "dmean": 0.00862801447511, "dmean2": 0.0120133040473, "dvar2": 0.000241248621023, "max": 0.128905639052, "median": 0.0302657485008, "var": 0.00048074289225}, "spectral_decrease": {"mean": -7.61977414498e-09, "dvar": 9.04070276494e-18, "min": -3.37098562397e-08, "dmean": 2.1880885992e-09, "dmean2": 3.04342395729e-09, "dvar2": 1.65032028238e-17, "max": 2.51184295242e-17, "median": -7.12191017271e-09, "var": 3.08961256299e-17}, "erbbands_spread": {"mean": 35.2992553711, "dvar": 78.106628418, "min": 4.32179689407, "dmean": 7.33656024933, "dmean2": 10.9948348999, "dvar2": 166.833190918, "max": 172.636062622, "median": 32.1515426636, "var": 291.067901611}, "spectral_contrast_coeffs": {"mean": [-0.616543233395, -0.749437510967, -0.782556176186, -0.769165098667, -0.763751804829, -0.762634277344], "dvar": [0.00171711249277, 0.00159099616576, 0.000929360685404, 0.000723975826986, 0.000529594020918, 0.00034599218634], "min": [-0.960504412651, -0.976623535156, -0.97619998455, -0.959405601025, -0.962478995323, -0.96094506979], "dmean": [0.0517734922469, 0.0474711917341, 0.0371534638107, 0.0319062396884, 0.0251624565572, 0.0194857437164], "dmean2": [0.0835459306836, 0.0785138905048, 0.0603203959763, 0.0508426576853, 0.039767164737, 0.0312861315906], "dvar2": [0.00449870526791, 0.0040769232437, 0.00237256777473, 0.0017401810037, 0.00116995675489, 0.000803930335678], "max": [-0.358270823956, -0.429923951626, -0.534761965275, -0.514412224293, -0.507503688335, -0.557657182217], "median": [-0.614256680012, -0.757798731327, -0.787984013557, -0.771534740925, -0.769133210182, -0.757602751255], "var": [0.00718445703387, 0.00592054147273, 0.00342766731046, 0.00299173826352, 0.00278290268034, 0.00173876911867]}, "spectral_energyband_middle_high": {"mean": 0.00856767687947, "dvar": 8.93763262866e-06, "min": 1.73491258207e-21, "dmean": 0.0022927869577, "dmean2": 0.00345995766111, "dvar2": 2.02087121579e-05, "max": 0.0487951338291, "median": 0.00759795494378, "var": 4.53763605037e-05}, "erbbands_crest": {"mean": 7.83708810806, "dvar": 4.83067178726, "min": 2.54032421112, "dmean": 2.19712305069, "dmean2": 3.59779310226, "dvar2": 11.5417919159, "max": 33.903427124, "median": 6.94432592392, "var": 13.2209215164}, "barkbands_crest": {"mean": 9.04263496399, "dvar": 5.95097827911, "min": 2.10707569122, "dmean": 2.46929264069, "dmean2": 3.69024276733, "dvar2": 11.7172584534, "max": 26.904094696, "median": 7.94450044632, "var": 18.9059753418}, "pitch_salience": {"mean": 0.560789704323, "dvar": 0.0048333494924, "min": 0.00088572432287, "dmean": 0.0735317990184, "dmean2": 0.110510781407, "dvar2": 0.00974378176033, "max": 0.877005577087, "median": 0.573038637638, "var": 0.0158393159509}, "melbands_skewness": {"mean": 2.38716769218, "dvar": 34.2324256897, "min": -1.41743505001, "dmean": 0.858203649521, "dmean2": 1.19465231895, "dvar2": 63.3250198364, "max": 473.275756836, "median": 1.83483910561, "var": 48.2060852051}, "spectral_spread": {"mean": 4402241.5, "dvar": 666420314112, "min": 1196702.125, "dmean": 506179.34375, "dmean2": 710032.5, "dvar2": 976047898624, "max": 42203328, "median": 4134772.75, "var": 3230807097340.0}, "spectral_entropy": {"mean": 7.75046777725, "dvar": 0.0291177425534, "min": 5.0611782074, "dmean": 0.137644857168, "dmean2": 0.199003502727, "dvar2": 0.05507138744, "max": 9.81557273865, "median": 7.78204917908, "var": 0.163528695703}, "erbbands_flatness_db": {"mean": 0.157018169761, "dvar": 0.000298637372907, "min": 0.0563956238329, "dmean": 0.0158002655953, "dmean2": 0.0227548908442, "dvar2": 0.000538679014426, "max": 0.336413383484, "median": 0.146731987596, "var": 0.0026766078081}, "spectral_kurtosis": {"mean": 4.48648643494, "dvar": 3.28870606422, "min": -1.24566948414, "dmean": 1.44382047653, "dmean2": 2.36943507195, "dvar2": 9.09796047211, "max": 39.6706008911, "median": 4.17043685913, "var": 6.81924009323}, "erbbands_skewness": {"mean": -0.252069026232, "dvar": 0.113328263164, "min": -4.17314910889, "dmean": 0.322176963091, "dmean2": 0.490147680044, "dvar2": 0.230479821563, "max": 7.05965328217, "median": -0.301175653934, "var": 0.547497153282}, "erbbands_kurtosis": {"mean": 0.524220824242, "dvar": 2.50819468498, "min": -1.79774713516, "dmean": 0.826651334763, "dmean2": 1.29211831093, "dvar2": 5.18207406998, "max": 68.6236038208, "median": 0.123424768448, "var": 5.86243057251}, "barkbands_spread": {"mean": 30.6104221344, "dvar": 67.9534759521, "min": 0.00589153869078, "dmean": 6.64109992981, "dmean2": 9.96892356873, "dvar2": 129.829986572, "max": 157.691558838, "median": 29.6524448395, "var": 279.396575928}, "zerocrossingrate": {"mean": 0.081481590867, "dvar": 0.000263638125034, "min": 0, "dmean": 0.0131446905434, "dmean2": 0.0143404817209, "dvar2": 0.000249749718932, "max": 0.67431640625, "median": 0.0712890625, "var": 0.00473678996786}, "spectral_centroid": {"mean": 1868.39318848, "dvar": 95921.8984375, "min": 188.013259888, "dmean": 264.315246582, "dmean2": 397.530670166, "dvar2": 183366.09375, "max": 11063.9951172, "median": 1924.36791992, "var": 465813.0625}, "barkbands_skewness": {"mean": 1.01007854939, "dvar": 4.02464437485, "min": -5.04399061203, "dmean": 0.560033917427, "dmean2": 0.788286805153, "dvar2": 6.52298164368, "max": 130.008758545, "median": 0.72937387228, "var": 8.9289894104}, "melbands_flatness_db": {"mean": 0.164553761482, "dvar": 0.000906442583073, "min": 0.00431722635403, "dmean": 0.0266017634422, "dmean2": 0.0370461568236, "dvar2": 0.00171646650415, "max": 0.824367284775, "median": 0.15479542315, "var": 0.00445403670892}, "spectral_contrast_valleys": {"mean": [-7.87680435181, -7.07367038727, -7.20181560516, -7.41057825089, -7.31086874008, -10.0129394531], "dvar": [0.179490670562, 0.160922452807, 0.118399761617, 0.128200367093, 0.126533180475, 0.177187889814], "min": [-27.4981403351, -27.7877483368, -27.1519565582, -27.6708850861, -27.0899181366, -27.2464427948], "dmean": [0.456066727638, 0.398458570242, 0.329570859671, 0.311796069145, 0.266572147608, 0.309061557055], "dmean2": [0.722393333912, 0.637720942497, 0.513843417168, 0.47136887908, 0.386685073376, 0.408632010221], "dvar2": [0.383307099342, 0.335561871529, 0.214983701706, 0.218131124973, 0.209551841021, 0.270275741816], "max": [-5.19963169098, -4.91379404068, -5.30425214767, -5.54256916046, -5.53598356247, -7.21411085129], "median": [-7.18932247162, -6.77443170547, -6.84192371368, -7.03227329254, -6.9479765892, -9.61011505127], "var": [4.92558050156, 2.35680127144, 2.32095766068, 2.42636847496, 2.21267652512, 2.83752989769]}, "barkbands_flatness_db": {"mean": 0.11376234144, "dvar": 0.000590601528529, "min": 0.0175576787442, "dmean": 0.0208030808717, "dmean2": 0.0296867862344, "dvar2": 0.00110096088611, "max": 0.815181970596, "median": 0.102565489709, "var": 0.003087