{"tonal": {"chords_key": "A#", "hpcp_entropy": {"dmean": 0.458560317755, "dmean2": 0.780618309975, "max": 3.71623802185, "dvar": 0.167726203799, "mean": 1.67481529713, "dvar2": 0.454165220261, "min": 0, "var": 0.374955207109, "median": 1.70551741123}, "key_key": "A#", "chords_strength": {"dmean": 0.00612954376265, "dmean2": 0.00551696214825, "max": 0.771464049816, "dvar": 0.000551643839572, "mean": 0.523795485497, "dvar2": 0.00106391811278, "min": -1, "var": 0.0163207016885, "median": 0.528653264046}, "key_scale": "major", "chords_number_rate": 0.00331801944412, "thpcp": [1, 0.524944067001, 0.0830143839121, 0.0547092556953, 0.0627549141645, 0.19017842412, 0.300687402487, 0.175255745649, 0.10152374953, 0.142405331135, 0.110023640096, 0.228419035673, 0.337868511677, 0.208509743214, 0.326993197203, 0.483672440052, 0.245672136545, 0.0830189436674, 0.117582798004, 0.170080035925, 0.604831695557, 0.941967785358, 0.502489626408, 0.221709817648, 0.351271361113, 0.247531712055, 0.183036744595, 0.26762726903, 0.199482187629, 0.25154671073, 0.353957682848, 0.197571739554, 0.144348308444, 0.168016061187, 0.147562682629, 0.615937232971], "key_strength": 0.744160890579, "tuning_nontempered_energy_ratio": 0.992097198963, "tuning_frequency": 434.193115234, "chords_changes_rate": 0.03624298051, "tuning_diatonic_strength": 0.534071087837, "chords_scale": "major", "chords_histogram": [36.3961219788, 3.34354257584, 9.59673309326, 0, 0.153139352798, 0, 0.944359362125, 0.0510464534163, 0, 0, 0.204185813665, 4.21133232117, 2.34813690186, 1.71005618572, 1.99081158638, 13.118938446, 2.37366008759, 4.41551828384, 0.689127087593, 3.34354257584, 1.09749877453, 0.791220009327, 12.7616128922, 0.459418058395], "tuning_equal_tempered_deviation": 0.321132034063, "hpcp": {"dmean": [0.0353833325207, 0.0343450754881, 0.0420021936297, 0.107244320214, 0.11543764919, 0.0974690467119, 0.0302037838846, 0.0173006244004, 0.0192099884152, 0.0283863171935, 0.041652046144, 0.0331753976643, 0.025643793866, 0.03292773664, 0.033500187099, 0.0464008972049, 0.0561091303825, 0.0459168851376, 0.0582229867578, 0.0661143362522, 0.0494388081133, 0.028865924105, 0.0286111924797, 0.037926286459, 0.0768390893936, 0.0947574898601, 0.0826786905527, 0.0621721893549, 0.0515468120575, 0.0637219697237, 0.0444335378706, 0.0514362975955, 0.0498169288039, 0.0563947111368, 0.0562113076448, 0.0496710687876], "dmean2": [0.0599220879376, 0.0581229813397, 0.0715812221169, 0.163315683603, 0.184826001525, 0.148229405284, 0.0511240363121, 0.0294240061194, 0.0319318324327, 0.047234736383, 0.0678997859359, 0.0553099624813, 0.0412751436234, 0.0528424084187, 0.0539950951934, 0.0750147104263, 0.0906588956714, 0.0751585438848, 0.0930523350835, 0.107295200229, 0.0767368450761, 0.0451703667641, 0.0464020892978, 0.0622802451253, 0.121820941567, 0.151987686753, 0.133570089936, 0.0983760133386, 0.082151286304, 0.0987059101462, 0.0731726810336, 0.0830714404583, 0.0807412937284, 0.0865726172924, 0.0899668708444, 0.0759055167437], "max": [1, 1, 1, 1, 1, 1, 0.965647995472, 1, 1, 1, 1, 1, 1, 1, 1, 1, 1, 1, 1, 1, 1, 1, 1, 1, 1, 1, 1, 1, 1, 1, 1, 1, 1, 1, 1, 1], "dvar": [0.0070205014199, 0.00854414049536, 0.00708724278957, 0.0220961067826, 0.0300436746329, 0.018417250365, 0.0051495670341, 0.00393377477303, 0.00375608960167, 0.00442563323304, 0.00902867969126, 0.00646175444126, 0.0043296450749, 0.0089402794838, 0.00620304653421, 0.0102242166176, 0.015336766839, 0.00911644846201, 0.0117455944419, 0.0195097867399, 0.00941196270287, 0.00615636399016, 0.00901537574828, 0.00803836714476, 0.0143901482224, 0.0260331220925, 0.0127748558298, 0.0163793656975, 0.0161739457399, 0.0168429333717, 0.00752643542364, 0.0133464038372, 0.0092168180272, 0.0123189734295, 0.0173107087612, 0.0112542267889], "mean": [0.0594950430095, 0.0692500174046, 0.0608198903501, 0.253866583109, 0.412163078785, 0.216362565756, 0.034215465188, 0.0225491356105, 0.025865258649, 0.0783845260739, 0.123932249844, 0.0722339451313, 0.0418443419039, 0.0586942210793, 0.0453476831317, 0.0941458940506, 0.139256924391, 0.0859400182962, 0.134774520993, 0.199351921678, 0.101256981492, 0.0342173427343, 0.0484632886946, 0.070100709796, 0.249289304018, 0.388244330883, 0.207107663155, 0.0913806036115, 0.144781082869, 0.102023430169, 0.0754409879446, 0.110306076705, 0.0822191908956, 0.103678263724, 0.145888283849, 0.0814317762852], "dvar2": [0.0182872060686, 0.0218653380871, 0.0188632812351, 0.048203419894, 0.0670865699649, 0.0413576886058, 0.0141487969086, 0.0110603729263, 0.00987467728555, 0.0105842789635, 0.0216163657606, 0.0172914359719, 0.00992257706821, 0.0215881932527, 0.0158583819866, 0.02461056225, 0.0354497954249, 0.0233346540481, 0.0287839453667, 0.0435198955238, 0.0211642291397, 0.0137964887545, 0.0210327561945, 0.0197418257594, 0.0315957218409, 0.05794993788, 0.0314762853086, 0.0401382148266, 0.03482234478, 0.0378820374608, 0.0190982893109, 0.0321458354592, 0.0233179461211, 0.0266194716096, 0.0382854528725, 0.0253630559891], "min": [0, 0, 0, 0, 0, 0, 0, 0, 0, 0, 0, 0, 0, 0, 0, 0, 0, 0, 0, 0, 0, 0, 0, 0, 0, 0, 0, 0, 0, 0, 0, 0, 0, 0, 0, 0], "var": [0.0223248191178, 0.0323057323694, 0.0107933375984, 0.0795881599188, 0.158293038607, 0.0585528202355, 0.00430266419426, 0.00445418478921, 0.00501508731395, 0.0364562124014, 0.0649886727333, 0.020894324407, 0.0133963553235, 0.0244508311152, 0.00931373052299, 0.0341240465641, 0.0711569786072, 0.0214655753225, 0.0530859790742, 0.107147097588, 0.0313541553915, 0.00920280534774, 0.025963390246, 0.0219764504582, 0.088694319129, 0.155568346381, 0.0554497390985, 0.0306878369302, 0.0899362787604, 0.0414725206792, 0.0210668165237, 0.0475882701576, 0.0209301188588, 0.0381574295461, 0.0807601213455, 0.0265781562775], "median": [0.0124594634399, 0.0102308895439, 0.0186559241265, 0.138917788863, 0.255778431892, 0.122808016837, 0.0126338899136, 0.00312778679654, 0.00385092291981, 0.0157370045781, 0.0255206208676, 0.0186608657241, 0.00829660333693, 0.00374002452008, 0.00924543570727, 0.0180041659623, 0.0223852433264, 0.0207356959581, 0.0218866914511, 0.0166409872472, 0.0106023177505, 0.00475505040959, 0.00351153314114, 0.0095497360453, 0.10961972177, 0.228450283408, 0.10847210139, 0.0209160447121, 0.00801613554358, 0.0154157429934, 0.0182682070881, 0.0180713012815, 0.0213659591973, 0.0186357870698, 0.00964740104973, 0.00949243362993]}}, "lowlevel": {"melbands_flatness_db": {"dmean": 0.0152335576713, "dmean2": 0.0203599333763, "max": 0.73348993063, "dvar": 0.000282790162601, "mean": 0.265785425901, "dvar2": 0.000463364616735, "min": 2.11402394257e-07, "var": 0.0083082895726, "median": 0.250926136971}, "melbands_crest": {"dmean": 1.86664497852, "dmean2": 2.68885540962, "max": 36.15990448, "dvar": 3.95566391945, "mean": 14.7199010849, "dvar2": 8.09874725342, "min": 1.00477862358, "var": 47.1527633667, "median": 13.0011005402}, "spectral_entropy": {"dmean": 0.120998673141, "dmean2": 0.172859638929, "max": 9.80860233307, "dvar": 0.0176261197776, "mean": 6.93989896774, "dvar2": 0.0332309901714, "min": 3.29712963104, "var": 0.481174618006, "median": 7.09373474121}, "melbands": {"dmean": [0.000231744139455, 0.000244284863584, 0.000142370685353, 0.000154652734636, 0.000134925809107, 0.000171069405042, 0.000168910002685, 0.00013838907762, 0.000162655298482, 0.000154433349962, 7.07713334123e-05, 9.12200266612e-05, 4.85011660203e-05, 3.13949967676e-05, 3.17975609505e-05, 4.18535637436e-05, 1.7086191292e-05, 1.08928261398e-05, 2.32771872106e-05, 6.52815560898e-06, 6.65845436743e-06, 5.89557248531e-06, 2.15834302253e-06, 3.02762850879e-06, 4.16976627093e-06, 2.61592163042e-06, 2.61359014075e-06, 1.54603890223e-06, 5.76305808409e-07, 5.88208536101e-07, 2.97331894217e-07, 4.56494035461e-07, 3.64899278793e-07, 1.81090854312e-07, 1.3810819155e-07, 1.0302486686e-07, 2.04653659353e-07, 8.10220797121e-08, 3.75485797122e-07, 5.08283939382e-08], "dmean2": [0.000289547693683, 0.000348674395354, 0.000209917634493, 0.000211449834751, 0.000175143475644, 0.000197107539861, 0.000209219826502, 0.00018304339028, 0.000224485105718, 0.000207725039218, 9.98790274025e-05, 0.000141129086842, 7.52017003833e-05, 4.86660392198e-05, 4.99058805872e-05, 6.34399766568e-05, 2.76191221928e-05, 1.78970585694e-05, 3.69662302546e-05, 1.10775245048e-05, 1.06253100967e-05, 9.20914953895e-06, 3.52781330548e-06, 4.88127989229e-06, 6.44923693471e-06, 4.32996603195e-06, 4.30759291703e-06, 2.5624110549e-06, 9.40228005675e-07, 9.17606655548e-07, 4.60925775769e-07, 7.43336443065e-07, 6.09303071997e-07, 2.68180997409e-07, 2.15170572915e-07, 1.56093236114e-07, 2.9527143397e-07, 1.12498490523e-07, 5.42678549209e-07, 7.25022673009e-08], "max": [0.022677525878, 0.0442107617855, 0.0361707322299, 0.0210554562509, 0.0502572916448, 0.0197505578399, 0.0131404194981, 0.01235118974, 0.0132256904617, 0.00814104359597, 0.00238449824974, 0.00358593976125, 0.0019627425354, 0.00135607027914, 0.00356457056478, 0.00230649136938, 0.00126437400468, 0.000603129854426, 0.00177311256994, 0.000503358314745, 0.000946291722357, 0.000719381438103, 0.000162958793226, 0.000120451702969, 0.000127173872897, 0.000475322129205, 0.000170037019416, 0.000170001847437, 6.84888655087e-05, 0.000107698826469, 3.36909397447e-05, 5.53442987439e-05, 0.000141074240673, 6.00462662987e-05, 1.79700255103e-05, 2.09975296457e-05, 0.000239460539888, 3.72243775928e-05, 0.000222869159188, 2.81859556708e-05], "dvar": [7.01096951161e-07, 7.46551222619e-07, 2.69976453637e-07, 2.82928880324e-07, 5.00715600538e-07, 2.27208076353e-07, 1.85000743613e-07, 1.11074449194e-07, 1.76831235876e-07, 7.07501612851e-08, 1.5299752576e-08, 2.9350054831e-08, 8.77863293169e-09, 4.01807787043e-09, 9.82132686289e-09, 7.767098964e-09, 1.53021662008e-09, 7.86801568342e-10, 6.12890538321e-09, 4.64335403461e-10, 6.28862184548e-10, 4.33619362639e-10, 4.40178865579e-11, 3.48075734902e-11, 5.56333833168e-11, 9.35858959772e-11, 4.26665924813e-11, 4.24686813494e-11, 4.05996850722e-12, 8.97013279627e-12, 1.03046542653e-12, 2.41251593355e-12, 8.51697531945e-12, 1.52965042976e-12, 4.0979104333e-13, 2.22726324146e-13, 1.92439796737e-11, 6.95761590702e-13, 3.90795243388e-11, 3.17249400578e-13], "mean": [0.00165318988729, 0.00157345097978, 0.000727439881302, 0.00055091152899, 0.000383394362871, 0.000547667208593, 0.000525105686393, 0.000429911393439, 0.000333780684741, 0.000358723511454, 0.000151357467985, 0.000170853600139, 9.34161434998e-05, 5.70443262404e-05, 5.38168023922e-05, 7.18170122127e-05, 3.36010234605e-05, 2.06674994843e-05, 3.68893270206e-05, 1.18345842566e-05, 1.32022714752e-05, 1.16439232443e-05, 4.81520009998e-06, 6.38417714072e-06, 8.34006732475e-06, 4.11305154557e-06, 4.51887899544e-06, 2.65295238933e-06, 1.24901850995e-06, 9.58409827945e-07, 5.44845306649e-07, 7.5186221693e-07, 5.48629714103e-07, 3.14575885341e-07, 2.46094231215e-07, 1.84452531471e-07, 2.57034258766e-07, 1.24147831571e-07, 4.07068682762e-07, 8.52814423524e-08], "dvar2": [1.34118965889e-06, 1.54619544901e-06, 4.80807671011e-07, 4.68616150329e-07, 5.86656824453e-07, 2.61269093471e-07, 2.96524802934e-07, 2.15576577034e-07, 3.42683307508e-07, 1.33475765551e-07, 3.10160608308e-08, 6.991185586e-08, 2.15211120036e-08, 9.32851751401e-09, 2.21264446765e-08, 1.80233676872e-08, 3.61647578551e-09, 2.08926698164e-09, 1.36437625642e-08, 1.30135502374e-09, 1.38305955577e-09, 8.54403270356e-10, 9.33543797821e-11, 8.5745258116e-11, 1.25998433909e-10, 2.56198395832e-10, 1.12196758828e-10, 1.14118346717e-10, 1.15277570475e-11, 2.40745531149e-11, 2.44919579409e-12, 6.61077442787e-12, 2.49368130312e-11, 3.39651765914e-12, 1.15980272261e-12, 5.00025151493e-13, 4.39358723014e-11, 1.54270454918e-12, 9.23900470018e-11, 8.11532319209e-13], "min": [1.30686908104e-24, 3.99389587248e-24, 2.83283343167e-24, 3.62355525976e-24, 2.58450080756e-24, 1.94024855868e-24, 4.04402285541e-24, 3.84139131013e-24, 2.39360987914e-24, 1.5019647367e-24, 4.41053788717e-24, 5.22300072181e-24, 4.38559844408e-24, 7.66429724267e-24, 5.25084514519e-24, 5.18751696944e-24, 9.66714723899e-24, 4.71395509056e-24, 5.64006674924e-24, 6.97658171614e-24, 7.17469387729e-24, 4.51378203029e-24, 8.23906287594e-24, 6.13497362649e-24, 5.08399435841e-24, 5.02091230727e-24, 7.35705879705e-24, 6.89231007221e-24, 6.30900344193e-24, 6.34672716484e-24, 6.34796133773e-24, 7.65266864407e-24, 8.54360893929e-24, 8.7249538619e-24, 6.28741310781e-24, 6.1920181307e-24, 7.23109664315e-24, 6.21502604786e-24, 7.64814531564e-24, 7.62918346606e-24], "var": [1.50034720718e-05, 2.10279467865e-05, 4.72536567031e-06, 1.4881786683e-06, 2.10860116567e-06, 1.42658859659e-06, 1.2813130752e-06, 8.50583205647e-07, 4.75519271959e-07, 2.60197310809e-07, 4.952096333e-08, 6.6078051475e-08, 1.97970759785e-08, 9.1871275032e-09, 2.1157747554e-08, 1.75790795254e-08, 4.42408643053e-09, 1.49258094773e-09, 1.42690179672e-08, 9.53616630106e-10, 1.85717430323e-09, 1.25867327672e-09, 1.24533022783e-10, 9.65721114188e-11, 1.46037723581e-10, 8.44497527464e-11, 7.07377836862e-11, 4.76619230194e-11, 8.48899769923e-12, 8.95208473323e-12, 1.99890928462e-12, 2.85604049091e-12, 5.52112132055e-12, 2.22028949046e-12, 5.89976526834e-13, 3.55195365308e-13, 2.06780738365e-11, 1.03087558021e-12, 3.93188051562e-11, 3.89905637074e-13], "median": [1.56187688845e-05, 0.000132061366457, 0.00021077186102, 0.000204109412152, 0.000139180046972, 0.000186276098248, 0.000158291426487, 0.000122004217701, 0.000110377543024, 0.000187074881978, 6.73788381391e-05, 7.79013353167e-05, 4.01326433348e-05, 2.27488399105e-05, 1.26604945763e-05, 2.83915051114e-05, 1.15358461699e-05, 6.72927399137e-06, 4.38643292e-06, 2.11595943256e-06, 1.88724550299e-06, 1.99632313524e-06, 1.2062218957e-06, 2.58681120613e-06, 3.73952616428e-06, 1.57649219545e-06, 1.62327762609e-06, 8.27421445138e-07, 3.21982156493e-07, 2.29720853895e-07, 1.43788625451e-07, 2.51577773724e-07, 1.75205201458e-07, 5.11697848538e-08, 3.12585370921e-08, 4.2452789728e-08, 1.44633425236e-08, 1.06704280967e-08, 1.6671354075e-08, 8.53548876023e-09]}, "silence_rate_60dB": {"dmean": 0.0206817314029, "dmean2": 0.0413687452674, "max": 1, "dvar": 0.0202535055578, "mean": 0.123563952744, "dvar2": 0.0437411107123, "min": 0, "var": 0.108286932111, "median": 0}, "spectral_energyband_middle_high": {"dmean": 0.00136143213604, "dmean2": 0.00203712820075, "max": 0.046321824193, "dvar": 4.8014726417e-06, "mean": 0.00430346885696, "dvar2": 1.03887377918e-05, "min": 1.41018754512e-21, "var": 2.40204990405e-05, "median": 0.0028214615304}, "erbbands_skewness": {"dmean": 0.354488551617, "dmean2": 0.499990522861, "max": 16.1767616272, "dvar": 0.168673589826, "mean": 0.839718222618, "dvar2": 0.30199059844, "min": -4.71894693375, "var": 2.20220065117, "median": 0.598393797874}, "dynamic_complexity": 3.93045592308, "dissonance": {"dmean": 0.0261399131268, "dmean2": 0.0431538000703, "max": 0.49985575676, "dvar": 0.000726487836801, "mean": 0.430470407009, "dvar2": 0.0019283859292, "min": 0.094210267067, "var": 0.00316199008375, "median": 0.446207582951}, "spectral_skewness": {"dmean": 0.319756180048, "dmean2": 0.52808535099, "max": 13.4931612015, "dvar": 0.107740312815, "mean": 2.11726784706, "dvar2": 0.2667748034, "min": -0.345624864101, "var": 1.48348379135, "median": 1.90077221394}, "spectral_kurtosis": {"dmean": 3.52646207809, "dmean2": 5.89408493042, "max": 226.293167114, "dvar": 26.536195755, "mean": 10.4489870071, "dvar2": 60.3356742859, "min": -1.25224626064, "var": 209.424468994, "median": 6.9326877594}, "gfcc": {"cov": [[18007.8574219, 2339.16333008, -1428.23571777, 486.162384033, 43.061580658, 1468.2454834, 242.724716187, 843.87512207, 81.8933181763, 168.033889771, -22.1594657898, -88.1667556763, -290.818145752], [2339.16333008, 1438.1315918, 58.7290496826, -62.5026779175, 251.696411133, 157.212722778, 215.968704224, 50.0586662292, 56.2199058533, -62.2778053284, 60.1670417786, -44.0926132202, -34.8545379639], [-1428.23571777, 58.7290496826, 1705.03857422, 196.673110962, 217.251968384, 415.629333496, 71.336227417, 247.389282227, 24.1945228577, 14.9158744812, 85.6568374634, 57.1782035828, 131.230697632], [486.162384033, -62.5026779175, 196.673110962, 690.042663574, 304.33102417, 239.086303711, 171.984710693, 63.7821578979, 61.5356788635, 93.3173446655, 75.7989273071, 15.5671138763, -46.3192710876], [43.061580658, 251.696411133, 217.251968384, 304.33102417, 650.689147949, 309.776275635, 226.660430908, 86.8709640503, 62.549041748, 103.654891968, 126.167884827, 54.1602745056, -76.0812301636], [1468.2454834, 157.212722778, 415.629333496, 239.086303711, 309.776275635, 736.502380371, 293.468658447, 344.651641846, 84.4403076172, 69.551399231, 108.690994263, 36.1187400818, 4.49924993515], [242.724716187, 215.968704224, 71.336227417, 171.984710693, 226.660430908, 293.468658447, 470.962890625, 207.020294189, 92.5472412109, 54.6757965088, 75.9842758179, 27.6262207031, -2.66931509972], [843.87512207, 50.0586662292, 247.389282227, 63.7821578979, 86.8709640503, 344.651641846, 207.020294189, 358.500854492, 106.224830627, 80.6818237305, 66.3450775146, 31.4121227264, 37.4262962341], [81.8933181763, 56.2199058533, 24.1945228577, 61.5356788635, 62.549041748, 84.4403076172, 92.5472412109, 106.224830627, 185.602508545, 70.0818862915, 72.9670181274, 21.7734546661, 17.8662624359], [168.033889771, -62.2778053284, 14.9158744812, 93.3173446655, 103.654891968, 69.551399231, 54.6757965088, 80.6818237305, 70.0818862915, 186.505249023, 113.867454529, 69.5443954468, 2.38662171364], [-22.1594657898, 60.1670417786, 85.6568374634, 75.7989273071, 126.167884827, 108.690994263, 75.9842758179, 66.3450775146, 72.9670181274, 113.867454529, 188.420654297, 74.1265411377, 27.9319667816], [-88.1667556763, -44.0926132202, 57.1782035828, 15.5671138763, 54.1602745056, 36.1187400818, 27.6262207031, 31.4121227264, 21.7734546661, 69.5443954468, 74.1265411377, 119.444107056, 38.51902771], [-290.818145752, -34.8545379639, 131.230697632, -46.3192710876, -76.0812301636, 4.49924993515, -2.66931509972, 37.4262962341, 17.8662624359, 2.38662171364, 27.9319667816, 38.51902771, 135.811141968]], "mean": [-77.1479187012, 122.650535583, -136.985076904, 6.05431699753, -67.757850647, -9.88831710815, -28.9863758087, -0.320488512516, -24.9682197571, -3.07804226875, -12.3011779785, -6.44433355331, -12.0732374191], "icov": [[0.000276163307717, -0.000636441865936, 0.000457648915472, -0.000448434206191, 0.000495814310852, -0.00074389501242, 0.000698895135429, -0.000701722980011, 0.000382224534405, -0.0005064647994, 0.000529079465196, -0.000367427448509, 0.000296395504847], [-0.000636441865936, 0.00237558572553, -0.00107025029138, 0.00136444333475, -0.00153064238839, 0.00169709022157, -0.00196704431437, 0.00172725028824, -0.0011044080602, 0.0018226999091, -0.00178730406333, 0.00136196136009, -0.000587434740737], [0.000457648915472, -0.00107025029138, 0.00158967543393, -0.000939067045692, 0.000522000307683, -0.00146599835716, 0.00154518836644, -0.00167112518102, 0.000891544332262, -0.000447960250312, 0.000750961073209, -0.000645978841931, -0.000399786338676], [-0.000448434206191, 0.00136444333475, -0.000939067045692, 0.00291691743769, -0.00144260423258, 0.000703196274117, -0.00168639014009, 0.00199020537548, -0.00102933403105, 5.57072235097e-05, -0.000799177447334, 0.00125914847013, -0.000179215930984], [0.000495814310852, -0.00153064238839, 0.000522000307683, -0.00144260423258, 0.00403924379498, -0.00220425263979, 0.00054482271662, -0.000212935250602, 0.000576443271711, -0.0016139895888, 0.000360631995136, -0.00166849617381, 0.00242925365455], [-0.00074389501242, 0.00169709022157, -0.00146599835716, 0.000703196274117, -0.00220425263979, 0.00555268628523, -0.00220567896031, -0.0012074460974, -0.000305586931063, 0.00252751167864, -0.00242077256553, 0.00106339005288, -0.00043833127711], [0.000698895135429, -0.00196704431437, 0.00154518836644, -0.00168639014009, 0.00054482271662, -0.00220567896031, 0.00556120229885, -0.00355176231824, 0.000599764985964, -0.000610392540693, 0.00118098582607, -0.00129293021746, 0.000445526238764], [-0.000701722980011, 0.00172725028824, -0.00167112518102, 0.00199020537548, -0.000212935250602, -0.0012074460974, -0.00355176231824, 0.00958034954965, -0.00322328088805, -0.00149652303662, 7.98005203251e-05, 0.00131508894265, -0.00149409205187], [0.000382224534405, -0.0011044080602, 0.000891544332262, -0.00102933403105, 0.000576443271711, -0.000305586931063, 0.000599764985964, -0.00322328088805, 0.00843022111803, -0.00191322900355, -0.00117860338651, 0.000572232354898, -0.00043969482067], [-0.0005064647994, 0.0018226999091, -0.000447960250312, 5.57072235097e-05, -0.0016139895888, 0.00252751167864, -0.000610392540693, -0.00149652303662, -0.00191322900355, 0.0126248318702, -0.00611566659063, -0.0026092811022, 0.00127531180624], [0.000529079465196, -0.00178730406333, 0.000750961073209, -0.000799177447334, 0.000360631995136, -0.00242077256553, 0.00118098582607, 7.98005203251e-05, -0.00117860338651, -0.00611566659063, 0.0123876510188, -0.0037558611948, -0.00126048387028], [-0.000367427448509, 0.00136196136009, -0.000645978841931, 0.00125914847013, -0.00166849617381, 0.00106339005288, -0.00129293021746, 0.00131508894265, 0.000572232354898, -0.0026092811022, -0.0037558611948, 0.0141790956259, -0.0040198280476], [0.000296395504847, -0.000587434740737, -0.000399786338676, -0.000179215930984, 0.00242925365455, -0.00043833127711, 0.000445526238764, -0.00149409205187, -0.00043969482067, 0.00127531180624, -0.00126048387028, -0.0040198280476, 0.0114029347897]]}, "spectral_complexity": {"dmean": 1.90603852272, "dmean2": 3.09116435051, "max": 52, "dvar": 4.14715433121, "mean": 14.3726062775, "dvar2": 9.27790641785, "min": 0, "var": 70.8466110229, "median": 13}, "spectral_flux": {"dmean": 0.0110249482095, "dmean2": 0.01806380786, "max": 0.38204112649, "dvar": 0.000312175572617, "mean": 0.0458878725767, "dvar2": 0.000699803757016, "min": 6.41124375811e-11, "var": 0.000945255334955, "median": 0.0397126153111}, "spectral_energyband_low": {"dmean": 0.00127908855211, "dmean2": 0.00171381037217, "max": 0.150836899877, "dvar": 1.6493631847e-05, "mean": 0.0093562938273, "dvar2": 3.13543714583e-05, "min": 1.86233099213e-23, "var": 0.000423711666372, "median": 0.00091298262123}, "spectral_decrease": {"dmean": 9.80260317363e-10, "dmean2": 1.27925847693e-09, "max": 4.16334507737e-16, "dvar": 3.87009849909e-18, "mean": -6.61159882398e-09, "dvar2": 6.44746217968e-18, "min": -5.29938972704e-08, "var": 4.64526963432e-17, "median": -4.58682158921e-09}, "barkbands_spread": {"dmean": 2.24612784386, "dmean2": 3.24084329605, "max": 87.9547653198, "dvar": 11.0305538177, "mean": 11.9472866058, "dvar2": 22.9215774536, "min": 0.0293991416693, "var": 67.23487854, "median": 10.6213989258}, "spectral_rms": {"dmean": 0.000359007506631, "dmean2": 0.000462455238448, "max": 0.014190338552, "dvar": 2.62297277231e-07, "mean": 0.00446335924789, "dvar2": 4.26030197787e-07, "min": 3.19285938834e-12, "var": 5.60443641007e-06, "median": 0.00422714650631}, "spectral_centroid": {"dmean": 138.869018555, "dmean2": 205.691116333, "max": 11643.7314453, "dvar": 68292.5078125, "mean": 1046.95349121, "dvar2": 128634, "min": 183.105758667, "var": 465180.59375, "median": 878.928710938}, "barkbands_skewness": {"dmean": 0.516882836819, "dmean2": 0.697813510895, "max": 81.8528518677, "dvar": 1.22710680962, "mean": 1.81780612469, "dvar2": 1.82187712193, "min": -12.8172512054, "var": 13.5239620209, "median": 1.22970104218}, "spectral_rolloff": {"dmean": 186.967285156, "dmean2": 307.9972229, "max": 19961.2792969, "dvar": 207587.203125, "mean": 1220.77697754, "dvar2": 431605.78125, "min": 43.06640625, "var": 4024475.75, "median": 904.39453125}, "erbbands_spread": {"dmean": 4.34459161758, "dmean2": 6.43818187714, "max": 132.374908447, "dvar": 27.0717658997, "mean": 23.2548484802, "dvar2": 61.7578392029, "min": 0.323386102915, "var": 203.825973511, "median": 21.4009475708}, "barkbands": {"dmean": [5.02594921272e-05, 0.000849704956636, 0.000432883709436, 0.000309261056827, 0.00066712271655, 0.000860863015987, 0.000910418515559, 0.000698409334291, 0.000993982423097, 0.000466673838673, 0.000534964434337, 0.000302797794575, 0.000342610583175, 0.000157634654897, 0.000243932110607, 8.09625198599e-05, 0.000100862620457, 6.7896937253e-05, 6.59128490952e-05, 5.55903097847e-05, 1.81811647053e-05, 1.82207859325e-05, 7.39331244404e-06, 1.25233555082e-05, 8.61684293341e-06, 8.83063364654e-07, 3.23483874354e-07], "dmean2": [6.59578727209e-05, 0.0011065970175, 0.000629047921393, 0.000470645114547, 0.000898441765457, 0.000996449496597, 0.00115053821355, 0.0009727399447, 0.0013426784426, 0.000692959176376, 0.000830917269923, 0.000472070620162, 0.000520051980857, 0.000255812599789, 0.000389324093703, 0.000139570474857, 0.000154780689627, 0.000107578598545, 0.000106587547634, 9.00066588656e-05, 2.84155448753e-05, 2.98720733554e-05, 1.11201588879e-05, 1.89511047211e-05, 1.24061671158e-05, 1.17119361676e-06, 4.27388016533e-07], "max": [0.0136877289042, 0.0781030878425, 0.136256948113, 0.0714063122869, 0.0903687104583, 0.122159749269, 0.0675355419517, 0.0716436728835, 0.0422257557511, 0.0207162965089, 0.0174878053367, 0.0154249845073, 0.0186643730849, 0.0106887705624, 0.0160570554435, 0.00637121684849, 0.0151496296749, 0.00229611061513, 0.00852965656668, 0.00411257706583, 0.00334877101704, 0.00451420713216, 0.000813836115412, 0.00836372934282, 0.00693425815552, 0.000338562589604, 0.000529824988917], "dvar": [7.25480973074e-08, 8.34155071061e-06, 4.86423050461e-06, 9.73889427769e-07, 5.70748397877e-06, 6.8610956987e-06, 4.79765458294e-06, 4.16431430494e-06, 2.70455075224e-06, 1.08175163405e-06, 9.79101628218e-07, 3.96651927304e-07, 5.23223377513e-07, 1.33618414111e-07, 5.33619413545e-07, 8.06174682566e-08, 1.55667464696e-07, 1.89358573266e-08, 3.44696111654e-08, 2.56577674662e-08, 7.73578801017e-09, 1.00363193312e-08, 8.95324092642e-10, 3.97088939508e-08, 2.15569055939e-08, 2.63116837346e-11, 4.37216408911e-11], "mean": [0.00031591244624, 0.00572780799121, 0.00272405729629, 0.00117025268264, 0.00234309863299, 0.00268620811403, 0.00284464703873, 0.00144049129449, 0.00236017256975, 0.000852674536873, 0.00101257953793, 0.000531506550033, 0.000607490830589, 0.000298483413644, 0.000402052537538, 0.000156445341418, 0.000199175439775, 0.000138302944833, 0.000131760491058, 0.000104442886368, 3.59266341547e-05, 3.07793707179e-05, 1.51979211296e-05, 1.79651851795e-05, 1.34774809339e-05, 2.7872422379e-06, 6.05648665442e-07], "dvar2": [1.22957686699e-07, 1.60993749887e-05, 9.75392322289e-06, 1.98313614419e-06, 8.62820616021e-06, 8.27094027045e-06, 7.23744915376e-06, 8.48134186526e-06, 5.07451886733e-06, 2.311919161e-06, 2.46062563747e-06, 8.94546417385e-07, 1.18541754546e-06, 3.20853757785e-07, 1.20651316138e-06, 2.21703643888e-07, 3.01890736409e-07, 4.44116246001e-08, 9.20296656659e-08, 6.77648941405e-08, 2.13091411183e-08, 2.88763892797e-08, 2.24778817781e-09, 1.05260426153e-07, 5.12269444641e-08, 3.60516443088e-11, 9.79644698695e-11], "min": [3.54184701935e-24, 2.71254318767e-24, 7.76715366066e-24, 1.82234185791e-24, 1.80601421211e-23, 8.22252677364e-24, 2.93180060762e-23, 1.94266464242e-23, 1.19541788544e-23, 2.82650345399e-23, 2.59874195571e-23, 6.04542608083e-23, 5.14249210218e-23, 6.98864182165e-23, 7.63411558221e-23, 1.01583183865e-22, 8.97783474244e-23, 1.59644255257e-22, 1.54604039918e-22, 2.4367299944e-22, 3.19384940872e-22, 4.34264520445e-22, 4.27273975891e-22, 5.73474211166e-22, 1.00304494612e-21, 1.38079486547e-21, 2.19148578599e-21], "var": [1.70482712747e-06, 0.000164373355801, 0.000143666722579, 1.1233526493e-05, 2.81746597466e-05, 3.67797874787e-05, 4.92127910547e-05, 1.05498338598e-05, 1.11780773295e-05, 2.64355662694e-06, 2.51305596066e-06, 9.84468783827e-07, 1.22617404941e-06, 3.68405864037e-07, 1.276346552e-06, 1.89577363585e-07, 4.19505369109e-07, 5.20097991341e-08, 4.42373355725e-08, 4.08194900103e-08, 8.86592932403e-09, 8.23867996047e-09, 1.72487035766e-09, 5.02427184301e-08, 2.30978827176e-08, 1.58032073538e-10, 8.09933023427e-11], "median": [2.19184030925e-07, 8.56463084347e-05, 0.000225485826377, 0.000291936536087, 0.000881098210812, 0.00095216720365, 0.000669677916449, 0.000411203829572, 0.00119891774375, 0.000308992399368, 0.000403479847591, 0.000172402782482, 0.00023277499713, 9.07537178136e-05, 5.78348117415e-05, 2.57875144598e-05, 3.32357813022e-05, 4.86705248477e-05, 6.12454605289e-05, 3.72982140107e-05, 9.10103335627e-06, 1.0460964404e-05, 3.26867484546e-06, 1.05451272248e-06, 1.18915772873e-06, 4.80792209601e-07, 4.60716798045e-08]}, "melbands_kurtosis": {"dmean": 5.40745449066, "dmean2": 7.45123815536, "max": 846.142883301, "dvar": 248.9974823, "mean": 14.4078464508, "dvar2": 458.347229004, "min": -1.91440224648, "var": 1360.11657715, "median": 4.15282917023}, "erbbands_crest": {"dmean": 2.34598445892, "dmean2": 3.56178283691, "max": 31.6043338776, "dvar": 4.91208362579, "mean": 11.4286327362, "dvar2": 10.9269428253, "min": 2.44089388847, "var": 29.4408054352, "median": 10.2489337921}, "melbands_skewness": {"dmean": 0.488094061613, "dmean2": 0.674842238426, "max": 19.7442626953, "dvar": 0.357240945101, "mean": 2.08100438118, "dvar2": 0.632469654083, "min": -1.80896425247, "var": 4.04266023636, "median": 1.5592918396}, "spectral_energyband_middle_low": {"dmean": 0.00274399784394, "dmean2": 0.00345227634534, "max": 0.199624344707, "dvar": 3.34030046361e-05, "mean": 0.013039928861, "dvar2": 5.13640734425e-05, "min": 1.56489013585e-22, "var": 0.000221091278945, "median": 0.00887334160507}, "spectral_contrast_coeffs": {"dmean": [0.0348554067314, 0.0389584116638, 0.0353939794004, 0.0284447073936, 0.0219907946885, 0.0168042238802], "dmean2": [0.0565484911203, 0.0617445111275, 0.0562954358757, 0.0459073074162, 0.0356104634702, 0.0271002855152], "max": [-0.26363876462, -0.343077868223, -0.402839332819, -0.560689151287, -0.555807352066, -0.519580662251], "dvar": [0.000942806713283, 0.000996553106233, 0.000811697216704, 0.000501263479237, 0.000335423654178, 0.000276442791801], "mean": [-0.590735435486, -0.677633881569, -0.698754370213, -0.7618714571, -0.776733338833, -0.747222006321], "dvar2": [0.00242305616848, 0.00249815918505, 0.00205680169165, 0.00127583136782, 0.000808561395388, 0.000621486920863], "min": [-0.971067547798, -0.986650109291, -0.994411468506, -0.980864286423, -0.984597206116, -0.962076067924], "var": [0.0136662824079, 0.00810486078262, 0.00794891919941, 0.00254097860307, 0.00216543395072, 0.00323104695417], "median": [-0.575194478035, -0.67986446619, -0.708952903748, -0.761580228806, -0.779657840729, -0.749367713928]}, "spectral_contrast_valleys": {"dmean": [0.33193564415, 0.308083057404, 0.273391872644, 0.232587337494, 0.183856368065, 0.156576514244], "dmean2": [0.545883238316, 0.503362596035, 0.450458705425, 0.381812155247, 0.29618626833, 0.254329264164], "max": [-5.14183044434, -4.51441478729, -5.33881759644, -5.57276582718, -5.99956464767, -8.78872108459], "dvar": [0.119197465479, 0.101144731045, 0.0845889896154, 0.0733840838075, 0.0699350759387, 0.0583373606205], "mean": [-8.6061296463, -7.12279653549, -7.8465218544, -8.42496490479, -8.47697925568, -11.7594976425], "dvar2": [0.272048473358, 0.201427534223, 0.163579165936, 0.131154805422, 0.112266995013, 0.0988743081689], "min": [-27.6482067108, -28.1738433838, -27.5597076416, -27.4846096039, -27.3546257019, -27.267747879], "var": [4.12973833084, 2.69474482536, 2.85612344742, 2.61582350731, 2.2386841774, 1.68624401093], "median": [-8.10417461395, -6.81862258911, -7.45575618744, -8.25317955017, -8.23523902893, -11.5831279755]}, "silence_rate_20dB": {"dmean": 0, "dmean2": 0, "max": 1, "dvar": 0, "mean": 1, "dvar2": 0, "min": 1, "var": 0, "median": 1}, "silence_rate_30dB": {"dmean": 0.00791523046792, "dmean2": 0.0158324819058, "max": 1, "dvar": 0.00785191729665, "mean": 0.976767957211, "dvar2": 0.0176239125431, "min": 0, "var": 0.0226901136339, "median": 1}, "spectral_strongpeak": {"dmean": 0.4084636271, "dmean2": 0.644143521786, "max": 9.63244247437, "dvar": 0.450733304024, "mean": 1.24358201027, "dvar2": 1.03223955631, "min": 0, "var": 1.28621947765, "median": 0.877071499825}, "spectral_spread": {"dmean": 275477.25, "dmean2": 439100.40625, "max": 41763004, "dvar": 481097089024, "mean": 3208587.25, "dvar2": 821172436992, "min": 514497.40625, "var": 3906408808450.0, "median": 2882883.75}, "barkbands_flatness_db": {"dmean": 0.0140590500087, "dmean2": 0.0192385818809, "max": 0.635157525539, "dvar": 0.000220476227696, "mean": 0.209097638726, "dvar2": 0.000364397274097, "min": 0.055584911257, "var": 0.00574494153261, "median": 0.196873605251}, "pitch_salience": {"dmean": 0.0464704371989, "dmean2": 0.0700853765011, "max": 0.995971441269, "dvar": 0.00196944200434, "mean": 0.493291765451, "dvar2": 0.00427133822814, "min": 0.0602742768824, "var": 0.021028034389, "median": 0.507412910461}, "erbbands_kurtosis": {"dmean": 2.1537539959, "dmean2": 2.91815543175, "max": 571.601074219, "dvar": 68.8023757935, "mean": 5.29656600952, "dvar2": 101.97832489, "min": -1.91114151478, "var": 523.679870605, "median": 0.778440356255}, "average_loudness": 0.356460660696, "barkbands_crest": {"dmean": 1.70650827885, "dmean2": 2.47723507881, "max": 26.8990020752, "dvar": 3.09920358658, "mean": 12.1184768677, "dvar2": 6.27689886093, "min": 2.9007973671, "var": 31.2750225067, "median": 10.6831207275}, "hfc": {"dmean": 2.68476676941, "dmean2": 3.75539970398, "max": 167.215896606, "dvar": 31.5653553009, "mean": 13.3469896317, "dvar2": 69.1499862671, "min": 1.10683945887e-16, "var": 172.223464966, "median": 9.5542755127}, "barkbands_kurtosis": {"dmean": 10.1973838806, "dmean2": 12.2589206696, "max": 7700.7578125, "dvar": 8766.28417969, "mean": 25.2595996857, "dvar2": 11473.8369141, "min": -1.91959476471, "var": 46494.1367188, "median": 2.30630970001}, "erbbands": {"dmean": [0.0262069366872, 0.1889026016, 0.470106869936, 0.771140754223, 1.54522299767, 2.61364626884, 4.44635534286, 7.80326890945, 9.72622871399, 13.3944101334, 18.9457530975, 23.3415584564, 13.9730949402, 22.4881381989, 12.0925531387, 13.6880073547, 13.9558382034, 9.52544498444, 8.07115268707, 8.77306175232, 4.92225408554, 4.36355161667, 2.61612915993, 4.65078639984, 3.27288222313, 2.42949962616, 0.871011316776, 0.607203006744, 0.787951767445, 0.372453153133, 0.207528412342, 0.264096796513, 0.229993715882, 0.151599735022, 0.0197209343314, 0.00626498507336, 0.00193638447672, 0.000415806018282, 5.70143201912e-05, 6.06620278631e-06], "dmean2": [0.0324797034264, 0.253086149693, 0.687507092953, 1.1437060833, 2.27025413513, 3.39546442032, 5.74492263794, 8.87691020966, 12.2705984116, 17.4910697937, 26.062669754, 31.5187778473, 19.6008529663, 34.8814506531, 18.6612434387, 21.3045063019, 21.1207427979, 15.0374689102, 13.026058197, 14.0316495895, 7.93093776703, 6.79640388489, 4.19932889938, 7.17414903641, 5.35909557343, 3.96479892731, 1.36710143089, 0.92134064436, 1.28928685188, 0.578800797462, 0.317829161882, 0.376542419195, 0.328894674778, 0.21558073163, 0.0241313688457, 0.00745703652501, 0.00228343112394, 0.000518817454576, 7.58668829803e-05, 8.05736453913e-06], "max": [3.08057618141, 17.8760528564, 122.110664368, 264.190093994, 228.606430054, 398.916137695, 1797.09436035, 970.22277832, 926.131774902, 1195.42089844, 1881.99401855, 1194.36889648, 493.71762085, 836.791503906, 721.74230957, 633.239990234, 712.08416748, 575.420471191, 404.057403564, 659.042114258, 593.553100586, 490.895080566, 138.764862061, 139.304397583, 529.120361328, 236.858474731, 150.64805603, 77.3834915161, 151.79284668, 106.141731262, 23.8425064087, 271.655975342, 141.438476563, 77.8171310425, 4.90816354752, 2.23207068443, 0.535784423351, 0.194430455565, 0.129062324762, 0.00522956298664], "dvar": [0.0112341763452, 0.412924289703, 3.92174553871, 11.9263391495, 18.5048007965, 100.387535095, 630.179382324, 457.859863281, 768.031921387, 1053.38098145, 2858.51953125, 1589.85070801, 559.633483887, 1767.47924805, 763.122680664, 821.290893555, 852.10723877, 372.954406738, 426.253631592, 780.880554199, 317.415100098, 223.16027832, 33.5906944275, 72.616317749, 120.42035675, 75.1925048828, 15.0792322159, 5.65500164032, 12.4669790268, 7.81038475037, 0.813079833984, 24.9435501099, 10.370552063, 4.55625486374, 0.00915470067412, 0.00123444478959, 0.00013120949734, 1.21046296044e-05, 2.52040877058e-06, 4.09943545776e-09], "mean": [0.190727367997, 1.19648969173, 2.93423509598, 3.79735803604, 6.04659366608, 8.55688285828, 11.7783985138, 25.3170146942, 29.3155727386, 43.0684242249, 40.2326889038, 56.2355728149, 31.6735782623, 42.8239326477, 23.3571872711, 24.4387187958, 26.6760826111, 20.587305069, 15.8581705093, 16.2304344177, 10.9605751038, 9.42760658264, 6.11884307861, 9.76678657532, 6.09189748764, 4.5355963707, 1.97426021099, 1.17595946789, 1.31792259216, 0.662382185459, 0.405863583088, 0.377347618341, 0.31044664979, 0.200824812055, 0.0441451966763, 0.0159097872674, 0.00445177871734, 0.000986426603049, 0.000126413753605, 3.35814438586e-05], "dvar2": [0.0222570821643, 0.785542964935, 8.42005348206, 20.4888286591, 32.833984375, 172.322860718, 727.75177002, 476.975952148, 1315.63671875, 1888.79772949, 5664.6953125, 3027.24755859, 1137.74133301, 4281.59033203, 1791.74682617, 1836.19543457, 1950.95715332, 860.875732422, 1034.2800293, 1777.92041016, 735.586608887, 427.247772217, 80.1353912354, 163.356658936, 328.754974365, 203.856887817, 42.8907623291, 14.4123477936, 35.679309845, 20.3131961823, 2.25445222855, 57.0820884705, 25.013420105, 10.972905159, 0.0157238785177, 0.0017569855554, 0.000177172434633, 1.87675086636e-05, 5.84349209021e-06, 9.45851663658e-09], "min": [1.48955101639e-22, 6.46578822155e-22, 1.04772966286e-20, 1.19291407753e-20, 2.31165638818e-20, 7.47469934436e-20, 6.36140342027e-20, 8.05872116856e-20, 2.19359147764e-19, 3.58386004104e-19, 3.54854175533e-19, 2.23702104473e-19, 8.85143639616e-19, 1.21070104241e-18, 1.65733152729e-18, 2.24763067007e-18, 2.84648420455e-18, 4.67388644392e-18, 4.63560866107e-18, 5.15076061655e-18, 6.34475653969e-18, 6.11313562842e-18, 9.28607844903e-18, 7.33025869431e-18, 9.3623320938e-18, 1.19426599761e-17, 1.27925136093e-17, 1.4045480479e-17, 1.59222407924e-17, 1.82130513244e-17, 1.30454447611e-17, 1.27509618455e-17, 1.00208869754e-17, 9.98981641723e-18, 7.30776848063e-18, 4.64296188313e-18, 2.27960223472e-18, 1.23371817013e-18, 2.55775541587e-19, 2.95625206703e-20], "var": [0.240913048387, 7.44530630112, 126.16595459, 220.178527832, 119.79498291, 484.104217529, 2592.99902344, 3138.32495117, 3599.29077148, 9806.08691406, 6996.99609375, 6046.38183594, 1889.18981934, 4063.51074219, 1395.91906738, 2075.75341797, 2142.625, 1195.08093262, 1039.33752441, 2025.31091309, 1028.73779297, 717.51385498, 109.863067627, 195.122543335, 130.697189331, 95.6425094604, 21.9312019348, 8.3590555191, 11.0302820206, 8.1404876709, 1.2823009491, 27.0924282074, 11.8079271317, 4.76422023773, 0.0292619820684, 0.00548861268908, 0.00049982429482, 4.43725839432e-05, 4.31115586252e-06, 7.92745247225e-09], "median": [0.00113014294766, 0.0364529490471, 0.265694499016, 0.860307812691, 2.64416003227, 2.72257828712, 3.99998617172, 8.45906448364, 9.74905204773, 11.7253684998, 14.8831214905, 29.5097045898, 15.2403469086, 19.9928970337, 10.9323730469, 8.22739219666, 10.7201089859, 8.77087783813, 4.14819908142, 2.31943178177, 1.69450521469, 1.78175401688, 2.16795420647, 4.57586717606, 2.70250606537, 1.64009106159, 0.559437513351, 0.342244178057, 0.449160814285, 0.174389883876, 0.0775394812226, 0.0451153181493, 0.0235949493945, 0.0140024907887, 0.00653050933033, 0.00246401783079, 0.000869090319611, 0.000174364133272, 1.93917931028e-05, 2.19013491005e-05]}, "spectral_energy": {"dmean": 0.00389930233359, "dmean2": 0.00510460045189, "max": 0.206399843097, "dvar": 5.96990430495e-05, "mean": 0.0261643603444, "dvar2": 0.000100216777355, "min": 1.04492104541e-20, "var": 0.000699435942806, "median": 0.0183154866099}, "zerocrossingrate": {"dmean": 0.00498610408977, "dmean2": 0.00591143267229, "max": 0.826171875, "dvar": 8.10221317806e-05, "mean": 0.0478614121675, "dvar2": 8.09182674857e-05