{"metadata": {"audio_properties": {"downmix": "mix", "bit_rate": 128000, "lossless": false, "md5_encoded": "448b4a848cefd47c46b7ab1ab2f0e861", "analysis_sample_rate": 44100, "sample_rate": 44100, "replay_gain": -11.5640010834, "equal_loudness": 0, "codec": "mp3", "length": 240.692245483}, "tags": {"musicbrainz_albumid": ["56eb8f52-4339-4d2d-8871-cb399ac19d09"], "musicbrainz_recordingid": ["63dc8317-10fc-495c-bc0e-115b87478c5b"], "tracknumber": ["4/13"], "artist": ["New Edition"], "composer": ["Carl-So-Lowe/Dougie Dee/Jermaine Dupri/Ricky Bell/Ronnie DeVoe"], "barcode": ["008811148027"], "album": ["Home Again"], "musicbrainz album type": ["album"], "originaldate": ["1996-09-10"], "albumartist": ["New Edition"], "asin": ["B000002P2E"], "media": ["CD"], "musicbrainz_albumartistid": ["b4b94b15-1535-48a4-aa1e-d44e55d75bc5"], "file_name": "Tighten It Up - New Edition.mp3", "musicbrainz album release country": ["US"], "catalognumber": ["MCAD-11480"], "musicbrainz_artistid": ["b4b94b15-1535-48a4-aa1e-d44e55d75bc5"], "albumartistsort": ["New Edition"], "script": ["Latn"], "label": ["MCA Records"], "musicbrainz album status": ["official"], "date": ["1996-09-10"], "title": ["Tighten It Up"], "discnumber": ["1/1"], "artistsort": ["New Edition"], "genre": ["R&B"]}, "version": {"essentia_build_sha": "70f2e5ece6736b2c40cc944ad0e695b16b925413", "essentia_git_sha": "v2.1_beta2", "extractor": "music 1.0", "essentia": "2.1-beta2"}}, "tonal": {"chords_scale": "minor", "hpcp": {"dmean": [0.11775714159, 0.126847893, 0.122919425368, 0.102665103972, 0.109777919948, 0.132925361395, 0.167845308781, 0.174629971385, 0.15924821794, 0.134266600013, 0.106912642717, 0.0968453735113, 0.10461166501, 0.115327402949, 0.10501845926, 0.102082952857, 0.10582382977, 0.097135335207, 0.0760615840554, 0.0662807300687, 0.0733188763261, 0.0900444611907, 0.102438434958, 0.119455233216, 0.134044125676, 0.0974627360702, 0.0725749433041, 0.0949543565512, 0.108880311251, 0.103043019772, 0.08782748878, 0.0856478884816, 0.0905596464872, 0.101313106716, 0.0928239524364, 0.0922291204333], "dvar2": [0.110496401787, 0.103061147034, 0.106706626713, 0.0972725152969, 0.110707610846, 0.141171619296, 0.164247229695, 0.15823738277, 0.139672577381, 0.132201269269, 0.119029119611, 0.111602135003, 0.0997828543186, 0.107798270881, 0.0935969874263, 0.0939416438341, 0.0872840806842, 0.0835477858782, 0.0779119580984, 0.0786368176341, 0.084899276495, 0.0843402221799, 0.0893177315593, 0.0888717547059, 0.157364100218, 0.0937290564179, 0.0828228443861, 0.0834638178349, 0.0776095837355, 0.0737513899803, 0.0899376794696, 0.105217732489, 0.0986000970006, 0.130999535322, 0.0988278761506, 0.0956584215164], "mean": [0.131310850382, 0.190021753311, 0.144126757979, 0.0833222046494, 0.0851432979107, 0.115119099617, 0.174125522375, 0.23215842247, 0.192384138703, 0.10977820307, 0.0768232643604, 0.0700873509049, 0.0976535975933, 0.132947131991, 0.114170059562, 0.108253136277, 0.131498068571, 0.100854001939, 0.0577877610922, 0.0444840751588, 0.0573968179524, 0.115967936814, 0.149500399828, 0.197609603405, 0.243335083127, 0.137207686901, 0.0538137406111, 0.102498114109, 0.156254202127, 0.126392558217, 0.0709939152002, 0.0600296966732, 0.0657580941916, 0.0760487243533, 0.071364402771, 0.0706600397825], "var": [0.0538156889379, 0.0963615700603, 0.0605507530272, 0.0327989384532, 0.0350565724075, 0.0513599999249, 0.0729396417737, 0.109695412219, 0.0875935405493, 0.0451886951923, 0.0349997170269, 0.0318023227155, 0.0378839112818, 0.0595064237714, 0.0417651347816, 0.0442930087447, 0.0567304864526, 0.0406947657466, 0.0223747026175, 0.0178113505244, 0.0235148053616, 0.0577359311283, 0.0736200287938, 0.0634144172072, 0.145584315062, 0.045434564352, 0.020357683301, 0.0370845608413, 0.0668531730771, 0.0496526174247, 0.0269172228873, 0.0273101944476, 0.0288859028369, 0.0401961952448, 0.0302506871521, 0.0271729752421], "dmean2": [0.207587957382, 0.2123298347, 0.210823103786, 0.183216720819, 0.19686947763, 0.237737253308, 0.294970452785, 0.301051199436, 0.274889796972, 0.2384288311, 0.195369303226, 0.175384044647, 0.182740420103, 0.202639639378, 0.182930871844, 0.178421825171, 0.179838344455, 0.167747735977, 0.137833654881, 0.122782193124, 0.134314835072, 0.15534208715, 0.172738820314, 0.206116050482, 0.240315958858, 0.176756322384, 0.133289799094, 0.166748970747, 0.184586793184, 0.176849812269, 0.159037083387, 0.157767623663, 0.164531543851, 0.18375249207, 0.165234163404, 0.166872605681], "dvar": [0.0424324348569, 0.0454193390906, 0.0427950136364, 0.0370204858482, 0.0409336574376, 0.051208473742, 0.0604172460735, 0.0636593773961, 0.0571912974119, 0.049604114145, 0.0446287915111, 0.0417836233974, 0.0381149239838, 0.0421988479793, 0.0351257435977, 0.035230986774, 0.0344553776085, 0.0321235135198, 0.0283913686872, 0.027863252908, 0.0307731181383, 0.0349059514701, 0.0389059446752, 0.0363849513233, 0.0674470365047, 0.0352223217487, 0.0289023779333, 0.031398627907, 0.0332939699292, 0.0309542194009, 0.0330729186535, 0.0381031483412, 0.0379068367183, 0.0515165999532, 0.0377571135759, 0.0355659425259], "min": [0, 0, 0, 0, 0, 0, 0, 0, 0, 0, 0, 0, 0, 0, 0, 0, 0, 0, 0, 0, 0, 0, 0, 0, 0, 0, 0, 0, 0, 0, 0, 0, 0, 0, 0, 0], "median": [0.0203657783568, 0.0300285760313, 0.022692438215, 0.0104750003666, 0.00825843587518, 0.0122043155134, 0.0320570059121, 0.0463985428214, 0.0352172628045, 0.0112433098257, 0.00483666267246, 0.00454212771729, 0.0142470877618, 0.0231422781944, 0.0245872922242, 0.0172234736383, 0.0204130262136, 0.0137348100543, 0.00583486072719, 0.00377014186233, 0.00485009886324, 0.0130606321618, 0.0256583169103, 0.05398003757, 0.0195908248425, 0.0124222813174, 0.0056113069877, 0.0217498037964, 0.0372663773596, 0.028193231672, 0.00803599134088, 0.00389568600804, 0.00433300994337, 0.00572788156569, 0.00699650682509, 0.0098563535139], "max": [1, 1, 1, 1, 1, 1, 1, 1, 1, 1, 1, 1, 1, 1, 1, 1, 1, 1, 1, 1, 1, 1, 1, 1, 1, 1, 1, 1, 1, 1, 1, 1, 1, 1, 1, 1]}, "tuning_equal_tempered_deviation": 0.317139267921, "chords_key": "B", "chords_strength": {"dmean": 0.0146165760234, "dvar2": 0.00053284218302, "mean": 0.458415269852, "var": 0.00925518106669, "dmean2": 0.0149598307908, "dvar": 0.000494147709105, "min": -1, "median": 0.446555435658, "max": 0.775107383728}, "tuning_diatonic_strength": 0.485206574202, "thpcp": [1, 0.563863158226, 0.221150770783, 0.421222090721, 0.64213591814, 0.519417762756, 0.291753709316, 0.246695607901, 0.27023679018, 0.312526762486, 0.293276250362, 0.290381640196, 0.539629757404, 0.780905723572, 0.592297494411, 0.342417567968, 0.349901437759, 0.473088800907, 0.715579211712, 0.95406883955, 0.790614068508, 0.45114004612, 0.315709769726, 0.288028150797, 0.401313275099, 0.546354174614, 0.469188660383, 0.444872707129, 0.540399134159, 0.414465516806, 0.237482234836, 0.182809948921, 0.235875636339, 0.47657713294, 0.614380776882, 0.812088429928], "chords_histogram": [18.8464508057, 1.71682095528, 4.35956811905, 0.231481477618, 0.636574089527, 0.173611104488, 2.75848770142, 0.906635820866, 0.906635820866, 0.578703701496, 0, 0, 0.0192901231349, 0.0385802462697, 2.89351844788, 8.14043235779, 1.46604943275, 3.49151229858, 0.250771611929, 2.3533949852, 1.19598770142, 33.7191352844, 4.6682100296, 10.6481485367], "tuning_nontempered_energy_ratio": 0.912010848522, "tuning_frequency": 434.193115234, "key_strength": 0.620822787285, "chords_changes_rate": 0.0960648134351, "key_scale": "major", "hpcp_entropy": {"dmean": 0.652210235596, "dvar2": 0.896027088165, "mean": 1.9175041914, "var": 0.642844319344, "dmean2": 1.10137522221, "dvar": 0.352110534906, "min": 0, "median": 1.88466370106, "max": 4.69245576859}, "key_key": "A", "chords_number_rate": 0.00250771595165}, "lowlevel": {"melbands_skewness": {"dmean": 1.20268905163, "dvar2": 4.95025491714, "mean": 3.97787666321, "var": 9.44418048859, "dmean2": 1.75043058395, "dvar": 2.25144743919, "min": -4.56234693527, "median": 3.10343837738, "max": 29.611366272}, "melbands_kurtosis": {"dmean": 22.2454929352, "dvar2": 8713.48925781, "mean": 41.6624603271, "var": 5755.07275391, "dmean2": 33.5894851685, "dvar": 3348.87402344, "min": -1.96092903614, "median": 15.0246639252, "max": 2274.78564453}, "barkbands_kurtosis": {"dmean": 9.84464645386, "dvar2": 2164.04541016, "mean": 17.1667823792, "var": 2013.8782959, "dmean2": 14.4838638306, "dvar": 979.807434082, "min": -1.96505570412, "median": 5.72951126099, "max": 1504.55029297}, "hfc": {"dmean": 13.7605228424, "dvar2": 3834.86547852, "mean": 19.200334549, "var": 1386.42492676, "dmean2": 21.6465816498, "dvar": 1498.05041504, "min": 1.0606762956e-16, "median": 8.58709812164, "max": 365.649383545}, "silence_rate_20dB": {"dmean": 0, "dvar2": 0, "mean": 1, "var": 0, "dmean2": 0, "dvar": 0, "min": 1, "median": 1, "max": 1}, "erbbands_flatness_db": {"dmean": 0.0219570994377, "dvar2": 0.000912101939321, "mean": 0.146747410297, "var": 0.00212893588468, "dmean2": 0.03122991696, "dvar": 0.00047924410319, "min": 0.0344422422349, "median": 0.141134366393, "max": 0.352886557579}, "spectral_flux": {"dmean": 0.0291085578501, "dvar2": 0.00324087403715, "mean": 0.0745033994317, "var": 0.0043365242891, "dmean2": 0.0439607910812, "dvar": 0.00172400346491, "min": 6.37305763718e-11, "median": 0.0564425773919, "max": 0.364768385887}, "spectral_energyband_low": {"dmean": 0.00596025399864, "dvar2": 0.000371572677977, "mean": 0.0150504074991, "var": 0.000479025067762, "dmean2": 0.00840553455055, "dvar": 0.000181692477781, "min": 1.41714365116e-23, "median": 0.00679914467037, "max": 0.185920700431}, "spectral_rolloff": {"dmean": 726.768981934, "dvar2": 6030103, "mean": 1562.3359375, "var": 7118306, "dmean2": 1212.34741211, "dvar": 2803335.25, "min": 64.599609375, "median": 602.9296875, "max": 19509.0820312}, "spectral_entropy": {"dmean": 0.281289190054, "dvar2": 0.16814045608, "mean": 7.40255069733, "var": 0.443604707718, "dmean2": 0.385133236647, "dvar": 0.0996719375253, "min": 4.65618848801, "median": 7.39763259888, "max": 9.82686328888}, "spectral_energy": {"dmean": 0.0113277612254, "dvar2": 0.00110754591879, "mean": 0.0271490141749, "var": 0.0009019432473, "dmean2": 0.0176035277545, "dvar": 0.000471082137665, "min": 1.01080953866e-20, "median": 0.0176128298044, "max": 0.213058546185}, "spectral_centroid": {"dmean": 318.368286133, "dvar2": 508119.65625, "mean": 1164.13122559, "var": 1265525.375, "dmean2": 460.768798828, "dvar": 256794.28125, "min": 57.7707252502, "median": 886.727050781, "max": 11789.3154297}, "barkbands_flatness_db": {"dmean": 0.0292880348861, "dvar2": 0.00186491105705, "mean": 0.175786331296, "var": 0.00641314079985, "dmean2": 0.0403306521475, "dvar": 0.00108488264959, "min": 0.0180729050189, "median": 0.164067059755, "max": 0.659069657326}, "spectral_rms": {"dmean": 0.000907252484467, "dvar2": 4.10275970353e-06, "mean": 0.0044639990665, "var": 6.55952362649e-06, "dmean2": 0.00133894488681, "dvar": 1.8939176698e-06, "min": 3.14031157848e-12, "median": 0.00414526835084, "max": 0.0144174201414}, "melbands": {"dmean": [0.00132132950239, 0.00114418368321, 0.000515307998285, 0.000695876893587, 0.000331840012223, 0.00013114461035, 0.000141681477544, 0.000181431547389, 0.00013785684132, 8.82839667611e-05, 7.83431969467e-05, 4.78971633129e-05, 2.12612776522e-05, 2.73357272818e-05, 2.20977854042e-05, 2.58063009824e-05, 2.88461615128e-05, 1.71321007656e-05, 2.27872424148e-05, 1.49417392095e-05, 1.67389080161e-05, 1.45146177601e-05, 8.80067000253e-06, 1.05954068204e-05, 1.08199010356e-05, 1.34939073178e-05, 7.78929916123e-06, 4.44416082246e-06, 4.86845192427e-06, 5.48920115762e-06, 3.7731606426e-06, 4.4693269956e-06, 3.53807809006e-06, 3.68523274119e-06, 3.43387137036e-06, 2.92257709589e-06, 2.96549569612e-06, 2.17087676901e-06, 3.24014581565e-06, 1.33428454774e-06], "dvar2": [1.95374213945e-05, 1.95863158297e-05, 7.96973563411e-06, 1.56593832799e-05, 1.61263517384e-06, 2.1286257379e-07, 3.6054376551e-07, 6.5021941964e-07, 3.19147005712e-07, 2.14208071725e-07, 1.40748085187e-07, 6.01734555516e-08, 9.07481645385e-09, 1.62294906403e-08, 1.56767612225e-08, 1.4983996266e-08, 2.44698323826e-08, 6.29548502218e-09, 1.86142017355e-08, 9.80546843721e-09, 1.37779023746e-08, 1.27776598191e-08, 2.34585106895e-09, 4.98158048146e-09, 6.1064504564e-09, 1.22498162725e-08, 3.46798789685e-09, 8.63329074896e-10, 1.07649233971e-09, 1.45689804665e-09, 5.29773502844e-10, 7.19514892111e-10, 2.84665041539e-10, 2.32575986248e-10, 1.59135551958e-10, 1.2059747645e-10, 1.80478118561e-10, 1.14451240152e-10, 2.66930644255e-10, 2.37307291873e-11], "mean": [0.00325523386709, 0.00223162630573, 0.000660007877741, 0.000649266992696, 0.000418501294916, 0.00020423263777, 0.000155765214004, 0.000245066505158, 0.0002123608283, 0.0001641944109, 0.000124294223497, 5.38511267223e-05, 2.75682577922e-05, 3.71385394828e-05, 2.44713410211e-05, 3.14960634569e-05, 3.10364630423e-05, 1.98685411306e-05, 2.12339073187e-05, 1.37640290632e-05, 1.52963220899e-05, 1.15799603009e-05, 9.40986774367e-06, 9.937323739e-06, 9.06277728063e-06, 1.00200559245e-05, 6.37734137854e-06, 4.03534841098e-06, 4.01005218009e-06, 4.4153662202e-06, 3.38678842127e-06, 4.1239136408e-06, 3.54493454324e-06, 3.73217017113e-06, 3.77571882382e-06, 3.76508910449e-06, 3.51535709342e-06, 2.72250235867e-06, 3.2153977827e-06, 1.62702258422e-06], "var": [2.40416320594e-05, 1.84273903869e-05, 2.99558587358e-06, 3.53168115907e-06, 5.27719805632e-07, 1.3126192755e-07, 1.24647812072e-07, 3.3145551015e-07, 2.18588198209e-07, 1.97501805133e-07, 1.07171956643e-07, 2.23492300222e-08, 5.65366553573e-09, 1.07121582715e-08, 7.24730808699e-09, 7.54818696436e-09, 9.47221145964e-09, 3.26737037426e-09, 6.00820326824e-09, 2.72616107466e-09, 3.77622777492e-09, 2.7473552322e-09, 8.0860701468e-10, 1.37685285395e-09, 1.46182244087e-09, 2.56715360081e-09, 7.78355768727e-10, 2.22164980856e-10, 2.90042934115e-10, 3.74770936507e-10, 1.51381504554e-10, 2.13429884877e-10, 9.87568637978e-11, 9.00794508429e-11, 8.73072170116e-11, 1.0275916229e-10, 1.33284980275e-10, 8.17253417718e-11, 1.01485146675e-10, 1.72374475804e-11], "dmean2": [0.0020058308728, 0.00160660303663, 0.000860897591338, 0.00124856235925, 0.000568179122638, 0.000213571591303, 0.00023749844695, 0.000292783690384, 0.000218514760491, 0.000137812487083, 0.000127681239974, 8.10846831882e-05, 3.42567400367e-05, 4.35982110503e-05, 3.57653625542e-05, 4.21325967181e-05, 4.71906896564e-05, 2.74853155133e-05, 3.80818055419e-05, 2.58014642895e-05, 2.89794588753e-05, 2.58838044829e-05, 1.43607085192e-05, 1.79867674888e-05, 1.88830326806e-05, 2.44640777964e-05, 1.38596142278e-05, 7.59271460993e-06, 8.29247346701e-06, 9.39937854127e-06, 6.2957838054e-06, 7.31843056201e-06, 5.7308579926e-06, 5.9748390413e-06, 5.57240673515e-06, 4.34614094047e-06, 4.49938079328e-06, 3.31263959197e-06, 5.33756337973e-06, 2.06426921068e-06], "dvar": [7.73678948462e-06, 9.74990871327e-06, 3.06804599859e-06, 5.56345958103e-06, 5.81514484566e-07, 8.25408292826e-08, 1.36972161613e-07, 2.60882643488e-07, 1.259296738e-07, 8.61682707409e-08, 5.20575902385e-08, 2.17046700612e-08, 3.65628549659e-09, 6.41006314694e-09, 6.23622442575e-09, 6.02404659489e-09, 9.57645873711e-09, 2.62928923078e-09, 7.15977899191e-09, 3.54262197355e-09, 4.97663377175e-09, 4.49218839904e-09, 9.25687471121e-10, 1.88095494735e-09, 2.21930052113e-09, 4.31893365516e-09, 1.23986443334e-09, 3.19379439562e-10, 4.07649164424e-10, 5.41292899392e-10, 1.98747102109e-10, 2.71963646048e-10, 1.10602166314e-10, 9.18420686724e-11, 6.58014545629e-11, 5.50704308544e-11, 8.46590783588e-11, 5.26196725081e-11, 1.05485536972e-10, 1.02596932686e-11], "min": [1.37684055029e-24, 7.48281998864e-25, 2.49151067292e-25, 4.77447906301e-25, 1.03949720038e-24, 1.48633809242e-24, 1.7790734289e-24, 2.06071886017e-24, 2.16512262883e-24, 1.5874704549e-24, 3.0191548833e-24, 2.19597300668e-24, 2.86501520951e-24, 3.1138605932e-24, 3.91088127841e-24, 2.25223574973e-24, 3.90150684984e-24, 3.90998197698e-24, 3.84373817132e-24, 2.67317094268e-24, 3.34990414491e-24, 2.83706685372e-24, 3.9425067121e-24, 3.46937279027e-24, 2.52834613846e-24, 3.99006082519e-24, 4.52629218096e-24, 4.98142548023e-24, 5.18722075217e-24, 4.87840892347e-24, 5.27667560667e-24, 5.81587031842e-24, 6.15916444058e-24, 5.77164243734e-24, 5.50649366532e-24, 5.93721487502e-24, 4.61525084195e-24, 5.24603624911e-24, 6.04101871495e-24, 6.92129755504e-24], "median": [0.000814273254946, 0.000847633287776, 0.000201810384169, 0.000191647530301, 0.000175783308805, 6.34539173916e-05, 3.66217755072e-05, 4.92792787554e-05, 3.08300404868e-05, 2.45991323027e-05, 1.6397840227e-05, 5.9384983615e-06, 4.22358789365e-06, 3.96454925067e-06, 1.99342116503e-06, 2.59767102762e-06, 2.54135170508e-06, 1.86647559985e-06, 1.63412107668e-06, 1.36016456054e-06, 1.21410005249e-06, 1.28697729451e-06, 1.84724876817e-06, 1.50057178416e-06, 1.21923505958e-06, 1.1048888382e-06, 9.76853925749e-07, 7.93045899172e-07, 4.70295702826e-07, 4.05536894732e-07, 3.55185221679e-07, 4.48684431831e-07, 5.45541752217e-07, 5.28918292275e-07, 4.61765239379e-07, 4.67062335474e-07, 3.32833906214e-07, 3.36433288339e-07, 3.69730258853e-07, 2.39635966182e-07], "max": [0.037969250232, 0.0465687923133, 0.0202973373234, 0.0239312183112, 0.0101631460711, 0.00572036532685, 0.00760332588106, 0.011409541592, 0.00700567569584, 0.0110265901312, 0.00555248372257, 0.00207314710133, 0.00157994404435, 0.00231432029977, 0.00420269183815, 0.00151066249236, 0.00230663456023, 0.000856817699969, 0.000941083650105, 0.000704019737896, 0.00124656478874, 0.000834011123516, 0.00068839546293, 0.000523833208717, 0.000552428187802, 0.000694137008395, 0.000358640798368, 0.000236012303503, 0.000223376031499, 0.000328260357492, 0.000153641667566, 0.000220814763452, 0.000136145070428, 0.000127116669319, 0.000134995061671, 0.000145659592818, 0.000483082607388, 0.000295758014545, 0.000160856448929, 7.29185849195e-05]}, "barkbands_crest": {"dmean": 2.7806429863, "dvar2": 18.6156330109, "mean": 12.9702167511, "var": 27.1717700958, "dmean2": 4.45490837097, "dvar": 7.73100233078, "min": 2.06403446198, "median": 12.3894262314, "max": 26.2424411774}, "mfcc": {"icov": [[9.58500459092e-05, 5.25197028765e-05, 5.64912297705e-05, 2.89138120024e-06, 7.22939948901e-05, -4.30708059866e-05, 4.52905114798e-05, -8.71227457537e-05, -1.08263875518e-05, -8.84638211573e-05, -9.65886138147e-05, 2.81192878901e-05, 1.18327516248e-05], [5.25197028765e-05, 0.000673270202242, 0.000108653264761, -2.27886084758e-05, -0.00022848516528, 0.000411989167333, -0.000516465224791, -0.000131426131702, 6.87245992594e-05, -0.000373723567463, -0.000175460445462, -6.52025892123e-06, -0.000125482634758], [5.64912297705e-05, 0.000108653264761, 0.00102521572262, -0.000499001820572, 0.000277944345726, -0.00080133182928, 2.01928196475e-05, -0.000233737300732, 0.000142761869938, -0.000171146108187, 1.8571739929e-05, -0.000387822365155, 0.000308393908199], [2.89138120024e-06, -2.27886084758e-05, -0.000499001820572, 0.00308238738216, -0.00210432289168, 0.000636747980025, -0.000446655816631, 0.00068026361987, -0.00064703298267, 0.000514697283506, 0.000321682833601, -0.000819202221464, -0.000364794716006], [7.22939948901e-05, -0.00022848516528, 0.000277944345726, -0.00210432289168, 0.0052259741351, -0.00188261328731, 0.0011629195651, -0.00140415132046, -0.000690965680405, -0.000917925790418, 0.000632464478258, -5.29724966327e-05, -0.000152427193825], [-4.30708059866e-05, 0.000411989167333, -0.00080133182928, 0.000636747980025, -0.00188261328731, 0.00558057241142, -0.00308292964473, 0.000740540679544, -0.000774081039708, -9.74328140728e-05, 0.00013430378749, 0.000133990033646, 0.000306228350382], [4.52905114798e-05, -0.000516465224791, 2.01928196475e-05, -0.000446655816631, 0.0011629195651, -0.00308292964473, 0.00705819949508, -0.00283686700277, 0.00162195914891, -0.000679526827298, -0.00158193218522, 8.73995159054e-05, -0.000732443586458], [-8.71227457537e-05, -0.000131426131702, -0.000233737300732, 0.00068026361987, -0.00140415132046, 0.000740540679544, -0.00283686700277, 0.00765764387324, -0.00258132489398, 0.00175315653905, -0.00176899251528, 0.000383877864806, -0.000788692384958], [-1.08263875518e-05, 6.87245992594e-05, 0.000142761869938, -0.00064703298267, -0.000690965680405, -0.000774081039708, 0.00162195914891, -0.00258132489398, 0.00840667448938, -0.0035070811864, 0.00161451019812, -0.0012904854957, -0.000215406398638], [-8.84638211573e-05, -0.000373723567463, -0.000171146108187, 0.000514697283506, -0.000917925790418, -9.74328140728e-05, -0.000679526827298, 0.00175315653905, -0.0035070811864, 0.0101109389216, -0.00519900303334, 0.00243465532549, -0.000894465192687], [-9.65886138147e-05, -0.000175460445462, 1.8571739929e-05, 0.000321682833601, 0.000632464478258, 0.00013430378749, -0.00158193218522, -0.00176899251528, 0.00161451019812, -0.00519900303334, 0.0112891886383, -0.00368790421635, 0.00250528333709], [2.81192878901e-05, -6.52025892123e-06, -0.000387822365155, -0.000819202221464, -5.29724966327e-05, 0.000133990033646, 8.73995159054e-05, 0.000383877864806, -0.0012904854957, 0.00243465532549, -0.00368790421635, 0.0119018824771, -0.00405478756875], [1.18327516248e-05, -0.000125482634758, 0.000308393908199, -0.000364794716006, -0.000152427193825, 0.000306228350382, -0.000732443586458, -0.000788692384958, -0.000215406398638, -0.000894465192687, 0.00250528333709, -0.00405478756875, 0.00974507629871]], "mean": [-706.074279785, 111.049049377, 35.9970207214, 20.2130680084, 7.56774520874, -0.27593126893, -1.20976567268, 5.72675037384, -1.91595387459, 5.84352350235, 3.51496982574, -1.304510355, -2.14521932602], "cov": [[12002.6103516, -839.934387207, -696.077636719, -443.120483398, -322.724639893, -35.1358718872, -53.0877876282, 72.7104415894, 14.9611320496, 152.70954895, 185.594711304, -88.5114593506, -92.1921463013], [-839.934387207, 1932.68591309, -159.097213745, 73.0643768311, 122.831359863, -46.169883728, 197.07749939, 125.5909729, 35.8222503662, 128.089263916, 113.043907166, 31.0768013, 58.4426498413], [-696.077636719, -159.097213745, 1399.31030273, 294.069549561, 149.493225098, 294.440948486, 134.577728271, 68.3188247681, 49.4453125, 23.636636734, 25.2063293457, 69.9352722168, 0.133327156305], [-443.120483398, 73.0643768311, 294.069549561, 597.338928223, 285.190216064, 77.9114379883, 21.3498153687, 31.957195282, 95.0978012085, 0.215144366026, -32.6295661926, 71.9962692261, 61.2037773132], [-322.724639893, 122.831359863, 149.493225098, 285.190216064, 391.912445068, 130.160583496, 33.0856323242, 75.3874893188, 105.176345825, 42.2880249023, -9.09412193298, 37.4018173218, 42.6529006958], [-35.1358718872, -46.169883728, 294.440948486, 77.9114379883, 130.160583496, 343.44921875, 156.210968018, 62.8406562805, 47.3330879211, 44.399055481, 34.8724479675, 16.871635437, 4.29331731796], [-53.0877876282, 197.07749939, 134.577728271, 21.3498153687, 33.0856323242, 156.210968018, 289.791107178, 112.125274658, 2.97345900536, 52.9274482727, 82.7927780151, 19.8448944092, 17.5029888153], [72.7104415894, 125.5909729, 68.3188247681, 31.957195282, 75.3874893188, 62.8406562805, 112.125274658, 209.451324463, 60.7671356201, 27.6155033112, 50.6252212524, 21.5003166199, 24.9554615021], [14.9611320496, 35.8222503662, 49.4453125, 95.0978012085, 105.176345825, 47.3330879211, 2.97345900536, 60.7671356201, 184.819976807, 60.1497917175, 4.74506139755, 24.2274169922, 26.2044811249], [152.70954895, 128.089263916, 23.636636734, 0.215144366026, 42.2880249023, 44.399055481, 52.9274482727, 27.6155033112, 60.1497917175, 172.125091553, 81.1842346191, -4.41692399979, 0.622729420662], [185.594711304, 113.043907166, 25.2063293457, -32.6295661926, -9.09412193298, 34.8724479675, 82.7927780151, 50.6252212524, 4.74506139755, 81.1842346191, 160.375915527, 23.862241745, -15.4515151978], [-88.5114593506, 31.0768013, 69.9352722168, 71.9962692261, 37.4018173218, 16.871635437, 19.8448944092, 21.5003166199, 24.2274169922, -4.41692399979, 23.862241745, 117.627845764, 47.2148475647], [-92.1921463013, 58.4426498413, 0.133327156305, 61.2037773132, 42.6529006958, 4.29331731796, 17.5029888153, 24.9554615021, 26.2044811249, 0.622729420662, -15.4515151978, 47.2148475647, 133.888870239]]}, "spectral_decrease": {"dmean": 2.73288147667e-09, "dvar2": 6.01740411361e-17, "mean": -6.73183242483e-09, "var": 5.5917118241e-17, "dmean2": 4.23109369763e-09, "dvar": 2.60831206418e-17, "min": -5.54905170702e-08, "median": -4.34481783884e-09, "max": 1.93600845616e-28}, "zerocrossingrate": {"dmean": 0.0178916491568, "dvar2": 0.000688505475409, "mean": 0.0666945949197, "var": 0.0045994957909, "dmean2": 0.0197112523019, "dvar": 0.000577907252591, "min": 0.001953125, "median": 0.04833984375, "max": 0.52197265625}, "spectral_contrast_coeffs": {"dmean": [0.05257775262, 0.0499757118523, 0.0427189581096, 0.0386872217059, 0.0326011143625, 0.0206270292401], "dvar2": [0.00609094882384, 0.00469397986308, 0.00332862790674, 0.00247273244895, 0.00184286059812, 0.000838598702103], "mean": [-0.638974368572, -0.692170619965, -0.743245244026, -0.76405787468, -0.770241200924, -0.801949203014], "var": [0.00965311378241, 0.00673977984115, 0.0078494399786, 0.00554871512577, 0.00403681071475, 0.00192266679369], "dmean2": [0.0868910178542, 0.0808341577649, 0.0682150200009, 0.0611837059259, 0.050052691251, 0.0310891866684], "dvar": [0.00236736494116, 0.00185487908311, 0.00141622626688, 0.00106795842294, 0.00082868343452, 0.0004003761278], "min": [-0.992899000645, -0.989959478378, -0.994126975536, -0.993880391121, -0.988053917885, -0.974815011024], "median": [-0.648572862148, -0.691481947899, -0.752821624279, -0.769337952137, -0.77768611908, -0.808375060558], "max": [-0.288612097502, -0.406861901283, -0.411643385887, -0.473370164633, -0.451703220606, -0.584849596024]}, "spectral_skewness": {"dmean": 0.308739483356, "dvar2": 0.233403295279, "mean": 1.67087030411, "var": 0.541387736797, "dmean2": 0.42001798749, "dvar": 0.130023419857, "min": -0.721740841866, "median": 1.63128602505, "max": 6.66126775742}, "spectral_energyband_middle_high": {"dmean": 0.00216671591625, "dvar2": 0.000154216613737, "mean": 0.00269745057449, "var": 4.74730222777e-05, "dmean2": 0.00359517638572, "dvar": 5.81111926294e-05, "min": 1.08560669932e-21, "median": 0.000676615280099, "max": 0.0913084894419}, "gfcc": {"icov": [[0.00011195706611, -0.000156592010171, 0.000181738840183, -0.000234955368796, 0.000318364502164, -0.000361879647244, 0.000213481267565, -0.000419662188506, 0.000277068058494, -0.000425125705078, 0.000333754956955, -0.000216541564441, 0.0001425609953], [-0.000156592010171, 0.00131914718077, -0.000358173565473, 0.000714924593922, -0.00122005713638, 0.0010162780527, -0.000842093315441, 0.000696126138791, -0.000774906191509, 0.00158507528249, -0.00163852924015, 0.00147884769831, -0.000549618387595], [0.000181738840183, -0.000358173565473, 0.00115771114361, -0.00104337546509, 0.000632138340734, -0.000834325095639, -0.000107410480268, -0.000515540945344, 0.000483973068185, -0.00104199640919, 0.00101371027995, -0.000639788107947, 0.000635535980109], [-0.000234955368796, 0.000714924593922, -0.00104337546509, 0.00284903286956, -0.00169825018384, 0.000572400167584, 0.000361968413927, 0.0011234494159, -0.00121319526806, 0.00138044555206, -0.0012264312245, 0.00072773755528, -0.000753687985707], [0.000318364502164, -0.00122005713638, 0.000632138340734, -0.00169825018384, 0.00437412783504, -0.00164242670871, -7.12945075065e-06, -0.00191776501015, 0.000403994519729, -0.00132799556013, 0.00126155745238, -0.000676142110024, -0.000574682781007], [-0.000361879647244, 0.0010162780527, -0.000834325095639, 0.000572400167584, -0.00164242670871, 0.00528169702739, -0.00317903002724, 0.00182681856677, -0.000666013569571, 0.000811968988273, -0.000681099714711, 0.000351519352989, 0.000686087121721], [0.000213481267565, -0.000842093315441, -0.000107410480268, 0.000361968413927, -7.12945075065e-06, -0.00317903002724, 0.00728075345978, -0.00275268265978, 0.000758587673772, -0.000701953249518, -0.00182278675493, 0.000203011324629, 1.11631770778e-05], [-0.000419662188506, 0.000696126138791, -0.000515540945344, 0.0011234494159, -0.00191776501015, 0.00182681856677, -0.00275268265978, 0.00887945387512, -0.00371603877284, 0.000824722053949, 0.000155127607286, -0.00103302637581, 0.000964791688602], [0.000277068058494, -0.000774906191509, 0.000483973068185, -0.00121319526806, 0.000403994519729, -0.000666013569571, 0.000758587673772, -0.00371603877284, 0.00884101446718, -0.00299853621982, 0.000940945465118, 0.000751009152737, -0.00217505148612], [-0.000425125705078, 0.00158507528249, -0.00104199640919, 0.00138044555206, -0.00132799556013, 0.000811968988273, -0.000701953249518, 0.000824722053949, -0.00299853621982, 0.0114646721631, -0.00438142195344, 0.0020869015716, -0.0016448762035], [0.000333754956955, -0.00163852924015, 0.00101371027995, -0.0012264312245, 0.00126155745238, -0.000681099714711, -0.00182278675493, 0.000155127607286, 0.000940945465118, -0.00438142195344, 0.0111631527543, -0.00447936262935, 0.000877661805134], [-0.000216541564441, 0.00147884769831, -0.000639788107947, 0.00072773755528, -0.000676142110024, 0.000351519352989, 0.000203011324629, -0.00103302637581, 0.000751009152737, 0.0020869015716, -0.00447936262935, 0.011842017062, -0.00577593129128], [0.0001425609953, -0.000549618387595, 0.000635535980109, -0.000753687985707, -0.000574682781007, 0.000686087121721, 1.11631770778e-05, 0.000964791688602, -0.00217505148612, -0.0016448762035, 0.000877661805134, -0.00577593129128, 0.0113017046824]], "mean": [-52.7388954163, 73.65284729, -75.2312469482, 29.1220149994, -62.1904373169, 16.1370773315, -40.0702209473, 17.2933216095, -22.7066059113, 6.46693897247, -15.4620323181, 3.96735024452, -11.9346675873], "cov": [[19989.3105469, -834.173095703, -1397.97729492, 115.200149536, -850.718688965, 612.580383301, -312.379364014, 414.838134766, -264.065826416, 281.323760986, -318.670013428, 78.2109146118, -267.127288818], [-834.173095703, 1862.32275391, -12.6729545593, -101.398841858, 440.919067383, -81.6677246094, 260.431213379, 58.789478302, 131.479095459, -74.5340881348, 186.418487549, -108.662475586, 61.5877342224], [-1397.97729492, -12.6729545593, 1734.16711426, 513.437072754, 165.837249756, 266.190307617, 158.737838745, 14.4946489334, 32.2878761292, 50.714099884, -17.0156650543, 1.47947275639, -39.708984375], [115.200149536, -101.398841858, 513.437072754, 706.539428711, 206.116119385, 88.3650741577, -9.1887922287, 3.0386121273, 70.5609283447, 17.296667099, -0.321304708719, 22.6912136078, 44.4458999634], [-850.718688965, 440.919067383, 165.837249756, 206.116119385, 529.787414551, 93.6731796265, 146.663146973, 84.2524185181, 106.072174072, 15.339630127, 60.3509063721, 6.35640382767, 71.7172698975], [612.580383301, -81.6677246094, 266.190307617, 88.3650741577, 93.6731796265, 397.979797363, 164.2784729, 28.1555118561, -3.9540643692, 36.7853736877, 15.0599813461, 5.08228731155, -36.7165870667], [-312.379364014, 260.431213379, 158.737838745, -9.1887922287, 146.663146973, 164.2784729, 299.452087402, 76.8860626221, 35.9719047546, 26.6906356812, 81.0344543457, 0.959199428558, 2.69679093361], [414.838134766, 58.789478302, 14.4946489334, 3.0386121273, 84.2524185181, 28.1555118561, 76.8860626221, 193.772689819, 74.2118911743, 27.4777336121, 8.728515625, 19.2263088226, 10.4005851746], [-264.065826416, 131.479095459, 32.2878761292, 70.5609283447, 106.072174072, -3.9540643692, 35.9719047546, 74.2118911743, 188.250549316, 40.6245155334, 22.0010738373, 3.90307855606, 54.306060791], [281.323760986, -74.5340881348, 50.714099884, 17.296667099, 15.339630127, 36.7853736877, 26.6906356812, 27.4777336121, 40.6245155334, 133.750473022, 35.8819084167, 14.6980571747, 19.3130092621], [-318.670013428, 186.418487549, -17.0156650543, -0.321304708719, 60.3509063721, 15.0599813461, 81.0344543457, 8.728515625, 22.0010738373, 35.8819084167, 161.751708984, 42.3621482849, 33.8955535889], [78.2109146118, -108.662475586, 1.47947275639, 22.6912136078, 6.35640382767, 5.08228731155, 0.959199428558, 19.2263088226, 3.90307855606, 14.6980571747, 42.3621482849, 146.311141968, 67.9069595337], [-267.127288818, 61.5877342224, -39.708984375, 44.4458999634, 71.7172698975, -36.7165870667, 2.69679093361, 10.4005851746, 54.306060791, 19.3130092621, 33.8955535889, 67.9069595337, 150.364089966]]}, "erbbands_spread": {"dmean": 15.1994285583, "dvar2": 687.938232422, "mean": 48.1570243835, "var": 1050.42480469, "dmean2": 21.9621772766, "dvar": 347.828186035, "min": 2.61315250397, "median": 39.4862518311, "max": 213.991546631}, "erbbands_kurtosis": {"dmean": 2.01692175865, "dvar2": 30.1709899902, "mean": 2.16702079773, "var": 33.7843360901, "dmean2": 3.12808394432, "dvar": 14.0170679092, "min": -1.91761028767, "median": 0.727132797241, "max": 145.437698364}, "dynamic_complexity": 4.23167943954, "erbbands_crest": {"dmean": 3.15185666084, "dvar2": 20.8533878326, "mean": 10.7130327225, "var": 24.5690937042, "dmean2": 4.99960899353, "dvar": 8.92594909668, "min": 2.30924415588, "median": 9.74862003326, "max": 31.8678226471}, "erbbands": {"dmean": [0.145674943924, 1.08265221119, 2.04575610161, 2.36000561714, 6.99105024338, 11.199213028, 8.54953384399, 5.71301174164, 8.86367893219, 15.7867259979, 18.5879974365, 13.1889696121, 15.4431438446, 11.0528440475, 6.44201469421, 9.7796792984, 10.4741296768, 15.1935930252, 11.9351701736, 12.954621315, 13.8193054199, 12.6399040222, 10.9442090988, 13.3181991577, 15.7567634583, 7.27899742126, 8.32515716553, 7.12375354767, 7.38676261902, 6.26748752594, 5.54660320282, 4.72389364243, 3.53596377373, 2.13621091843, 1.37412559986, 0.501538872719, 0.098793245852, 0.0224321559072, 0.000578345439862, 3.08359412884e-05], "dvar2": [0.19194893539, 20.5628662109, 78.7902526855, 161.916702271, 2064.97241211, 3118.37744141, 996.98651123, 428.783874512, 1521.8013916, 5098.86523438, 6051.66259766, 4649.72021484, 5223.23535156, 3033.60058594, 741.507446289, 2492.40600586, 2724.11450195, 6457.55224609, 3429.6015625, 6510.4609375, 9490.609375, 8740.77734375, 4916.609375, 9422.4765625, 16056.7988281, 2365.27709961, 3239.23168945, 2042.6003418, 1777.89367676, 691.952697754, 401.586090088, 357.256958008, 227.944335938, 77.00050354, 16.1903324127, 2.0757124424, 0.0909300670028, 0.00524050788954, 3.47962645719e-06, 9.7349177608e-09], "mean": [0.411235481501, 2.02832746506, 3.68184423447, 3.3674633503, 6.04937934875, 11.2752847672, 11.1312046051, 9.05762672424, 9.62100410461, 20.5798568726, 28.4538860321, 24.9008159637, 25.2165260315, 13.0420246124, 9.07265281677, 12.9130144119, 12.2105064392, 17.3570423126, 13.5416765213, 12.6292800903, 12.9312028885, 11.0209245682, 10.8509435654, 11.445941925, 12.087802887, 6.6757144928, 6.88929700851, 6.26914405823, 7.04153871536, 6.48844909668, 6.47929334641, 5.88169813156, 4.19784593582, 2.4352183342, 1.6061218977, 0.614259004593, 0.129276573658, 0.0280652828515, 0.000710017455276, 5.51090161025e-05], "var": [0.443357586861, 12.214056015, 63.6697921753, 70.921295166, 465.645843506, 744.273742676, 374.082214355, 277.98046875, 506.463043213, 2498.9675293, 3948.79101562, 4520.89453125, 4126.65234375, 1122.05310059, 459.089019775, 1492.84729004, 1209.01171875, 2684.21948242, 1495.87658691, 2100.40771484, 2584.61962891, 1997.52990723, 1457.64587402, 2263.28515625, 3437.17651367, 607.977844238, 860.208068848, 562.342163086, 546.986083984, 273.874481201, 261.735351562, 299.342468262, 153.2290802, 42.2316131592, 11.4686975479, 1.62478160858, 0.094489261508, 0.0042409026064, 2.53462053479e-06, 5.86551918147e-09], "dmean2": [0.210944488645, 1.71222376823, 3.15177226067, 3.85146260262, 12.5567922592, 20.0846138, 14.4686517715, 9.28101348877, 14.9091529846, 25.5708389282, 29.5924720764, 20.4716777802, 25.1106414795, 18.6573753357, 10.3497266769, 15.4804496765, 17.129825592, 24.7080821991, 19.239397049, 21.9629135132, 23.93060112, 22.0917263031, 18.2957668304, 23.2215595245, 28.3459892273, 12.5047016144, 14.1724824905, 11.9746513367, 12.0407686234, 10.0434322357, 8.70506763458, 7.0533452034, 5.49292802811, 3.37756562233, 1.97859609127, 0.723023533821, 0.145706683397, 0.0336499921978, 0.000872113509104, 4.64373733848e-05], "dvar": [0.0809250250459, 8.16858100891, 37.2571640015, 63.5131607056, 739.733703613, 1099.80859375, 363.725372314, 166.817962646, 575.795898438, 2058.02099609, 2368.6652832, 1903.17407227, 1951.11755371, 1103.91052246, 295.615386963, 970.072753906, 1103.53283691, 2547.60400391, 1410.45153809, 2428.33251953, 3414.84326172, 3111.3996582, 1895.08007812, 3430.72167969, 5690.51074219, 876.130126953, 1220.20214844, 763.685974121, 677.437072754, 276.016723633, 173.019119263, 169.390319824, 102.066223145, 32.0079231262, 7.17407512665, 0.95511251688, 0.0449407026172, 0.00248161586933, 1.60590718679e-06, 4.14859480102e-09], "min": [7.79093734364e-23, 9.40904416237e-22, 1.13949258868e-21, 1.20088560659e-21, 2.99304722557e-21, 1.96583414606e-20, 2.87563911581e-20, 5.39338432244e-20, 1.29219182613e-19, 1.33309939709e-19, 3.00186661879e-19, 3.22632466295e-19, 6.47051177424e-19, 6.900422354e-19, 1.04521570265e-18, 1.53980291412e-18, 1.14050463447e-18, 2.10583350831e-18, 3.10030023281e-18, 3.43064577058e-18, 3.44732876276e-18, 3.54530561798e-18, 5.80333456873e-18, 4.72522913095e-18, 6.98032324489e-18, 7.36830321222e-18, 9.74621668992e-18, 1.09024075639e-17, 1.09175921184e-17, 1.24188769537e-17, 1.03290804096e-17, 8.81753770748e-18, 9.40658625657e-18, 9.26769105119e-18, 5.88812347665e-18, 4.1532279471e-18, 2.54918866815e-18, 9.7193680616e-19, 2.52179632368e-19, 2.70782452592e-20], "median": [0.0829106271267, 0.627967715263, 0.64780408144, 0.943206548691, 1.52358365059, 3.68964672089, 4.46193170547, 2.76073479652, 2.3018181324, 4.2478222847, 4.63602018356, 5.05579853058, 4.0173368454, 2.02430915833, 1.72343409061, 1.43597388268, 1.1465690136, 1.66045629978, 1.53334784508, 1.29009735584, 1.16810894012, 1.5195119381, 2.00861334801, 1.69810724258, 1.59774649143, 1.44249343872, 0.847631633282, 0.682902574539, 0.884145081043, 0.979313790798, 0.834003150463, 0.645644664764, 0.535829663277, 0.355162739754, 0.198177799582, 0.0919553264976, 0.0228973496705, 0.00502272741869, 0.000132874309202, 3.00508745568e-05], "max": [5.23802995682, 41.2263183594, 91.7181625366, 109.185058594, 295.572174072, 401.747955322, 311.74005127, 265.890533447, 462.358703613, 976.429443359, 1076.50012207, 1759.22229004, 1102.44763184, 455.8203125, 374.858551025, 886.309875488, 768.010009766, 1319.51538086, 536.442382812, 597.831848145, 1039.09790039, 667.568603516, 876.388061523, 654.259887695, 731.276306152, 332.925354004, 360.271453857, 294.648040771, 319.250732422, 213.266738892, 224.750152588, 549.577880859, 344.014953613, 100.205970764, 63.7117881775, 17.4805603027, 6.10416460037, 1.41947507858, 0.0340636186302, 0.000900711514987]}, "silence_rate_30dB": {"dmean": 0.0353077352047, "dvar2": 0.0818481072783, "mean": 0.970483243465, "var": 0.0286471918225, "dmean2": 0.0706222876906, "dvar": 0.034063462168, "min": 0, "median": 1, "max": 1}, "silence_rate_60dB": {"dmean": 0.03164190799, "dvar2": 0.0660439729691, "mean": 0.120864279568, "var": 0.106248803437, "dmean2": 0.0632899180055, "dvar": 0.0306441932917, "min": 0, "median": 0, "max": 1}, "spectral_energyband_middle_low": {"dmean": 0.00549938017502, "dvar2": 0.000423893681727, "mean": 0.00862788874656, "var": 0.000155922462, "dmean2": 0.00911984592676, "dvar": 0.000161455856869, "min": 1.31151394533e-22, "median": 0.00508034462109, "max": 0.120263822377}, "spectral_spread": {"dmean": 1090970, "dvar2": 3795687309310.0, "mean": 6812534, "var": 14337935671300.0, "dmean2": 1453205, "dvar": 2205044965380.0, "min": 1123635, "median": 5964559.5, "max": 42502208}, "barkbands": {"dmean": [0.000170071900357, 0.00483445916325, 0.00176777818706, 0.000813240010757, 0.00301140593365, 0.000780128699262, 0.000775876222178, 0.000929671339691, 0.000630938971881, 0.000428374536568, 0.000146271922858, 0.000238243956119, 0.0002415800991, 0.000275153841358, 0.000274507445283, 0.000241156594711, 0.000229742217925, 0.000196001783479, 0.000335999182425, 0.00015