{"tonal": {"chords_number_rate": 0.00171900063287, "thpcp": [1, 0.727574586868, 0.433919847012, 0.272997170687, 0.107247166336, 0.259681135416, 0.458039164543, 0.347973972559, 0.201350569725, 0.186235234141, 0.14432606101, 0.250540137291, 0.355760544538, 0.326782345772, 0.645006895065, 0.885991215706, 0.517262041569, 0.201270565391, 0.17470613122, 0.180465117097, 0.465588271618, 0.855127573013, 0.660837888718, 0.359336435795, 0.307754844427, 0.236330479383, 0.411337375641, 0.657074451447, 0.510428369045, 0.505003929138, 0.766089677811, 0.566493093967, 0.23578594625, 0.164405211806, 0.203907549381, 0.61606836319], "hpcp": {"dvar": [0.0348130390048, 0.0360731296241, 0.0252334680408, 0.0206402037293, 0.0216740798205, 0.0285746455193, 0.0377930700779, 0.0341594330966, 0.0336697362363, 0.0289075467736, 0.0244817975909, 0.0287896823138, 0.0345380678773, 0.0316975601017, 0.0312366168946, 0.0310508199036, 0.0298267714679, 0.0234608519822, 0.0185236111283, 0.02191933617, 0.0297621823847, 0.0391377471387, 0.0296397600323, 0.0258822347969, 0.0174681991339, 0.0115684038028, 0.0167858507484, 0.0220724977553, 0.0204635746777, 0.0166615601629, 0.014700694941, 0.0118352165446, 0.0168302133679, 0.0211536604911, 0.0219667330384, 0.0345143787563], "mean": [0.237550318241, 0.138687342405, 0.0539642907679, 0.0468418821692, 0.0483859740198, 0.12483265996, 0.229275211692, 0.177182629704, 0.0963446199894, 0.0825146585703, 0.0633644908667, 0.11028701067, 0.176173582673, 0.136855110526, 0.13540071249, 0.20540253818, 0.151887074113, 0.0632184892893, 0.0440800189972, 0.0546713136137, 0.165179103613, 0.268118143082, 0.195075944066, 0.116341784596, 0.0731954947114, 0.0287549104542, 0.0696252211928, 0.122808612883, 0.093298137188, 0.0539857409894, 0.0499330461025, 0.0386964343488, 0.0671743601561, 0.0953858569264, 0.0876162722707, 0.17293804884], "min": [0, 0, 0, 0, 0, 0, 0, 0, 0, 0, 0, 0, 0, 0, 0, 0, 0, 0, 0, 0, 0, 0, 0, 0, 0, 0, 0, 0, 0, 0, 0, 0, 0, 0, 0, 0], "median": [0.048155374825, 0.0242122896016, 0.00386105943471, 0.00246903509833, 0.0033210052643, 0.0220710542053, 0.0401797518134, 0.0318074449897, 0.0092763947323, 0.00395284872502, 0.00451333913952, 0.0127585828304, 0.0233482029289, 0.0232871547341, 0.0265798904002, 0.022675557062, 0.0148568805307, 0.0051380796358, 0.0033376198262, 0.00547628477216, 0.046538643539, 0.0858085677028, 0.0675577521324, 0.0163071267307, 0.00803856831044, 0.00433067604899, 0.00828035362065, 0.0145635884255, 0.0122263301164, 0.0041769114323, 0.00228572939523, 0.0029509938322, 0.00455554854125, 0.00648304447532, 0.0140179181471, 0.0334439128637], "dvar2": [0.0817433595657, 0.0941388607025, 0.0695010274649, 0.0564136765897, 0.0602416209877, 0.0744478330016, 0.0871496498585, 0.0860127359629, 0.0865823328495, 0.0763720721006, 0.0655108094215, 0.072897605598, 0.0842697694898, 0.0783479362726, 0.0787407085299, 0.071311339736, 0.0743001401424, 0.0622221380472, 0.0490298680961, 0.0589710585773, 0.0706762671471, 0.0889883562922, 0.0734555125237, 0.0651110485196, 0.046293579042, 0.0314511209726, 0.0430224351585, 0.0514023676515, 0.0514290817082, 0.0428546816111, 0.0369818918407, 0.0320285148919, 0.0439628623426, 0.0506358630955, 0.0594938509166, 0.0849161595106], "var": [0.117266021669, 0.0543728657067, 0.0215894579887, 0.0222233198583, 0.0193396322429, 0.0438487417996, 0.11571674794, 0.0758848935366, 0.040840215981, 0.0409081690013, 0.0244632940739, 0.0446024537086, 0.088347710669, 0.0561833046377, 0.050276055932, 0.109453625977, 0.0744141414762, 0.0264398157597, 0.0192122012377, 0.0213785450906, 0.0609662085772, 0.116944983602, 0.0722092241049, 0.046016022563, 0.0235489830375, 0.0094725433737, 0.0245516058058, 0.0633406639099, 0.0413383804262, 0.0226217191666, 0.0271626114845, 0.0136105204001, 0.0289165228605, 0.0481888279319, 0.0297878459096, 0.0731182396412], "dmean2": [0.17303262651, 0.177712634206, 0.117158174515, 0.0897735208273, 0.101501628757, 0.154633954167, 0.17815554142, 0.180967569351, 0.156226754189, 0.125120222569, 0.117243364453, 0.140008926392, 0.160373151302, 0.159446060658, 0.165067583323, 0.149471700191, 0.142066478729, 0.106624819338, 0.0799143761396, 0.101259209216, 0.162400275469, 0.202412649989, 0.175224259496, 0.130068078637, 0.0888573229313, 0.0555370338261, 0.0842071175575, 0.10349342227, 0.0995530858636, 0.0783462673426, 0.063437089324, 0.0629844591022, 0.0812095031142, 0.0971799120307, 0.125519841909, 0.177682027221], "max": [1, 1, 1, 1, 1, 1, 1, 1, 1, 1, 1, 1, 1, 1, 1, 1, 1, 1, 1, 1, 1, 1, 1, 1, 1, 1, 1, 1, 1, 1, 1, 1, 1, 1, 1, 1], "dmean": [0.104726485908, 0.104252129793, 0.0650911480188, 0.0496332012117, 0.0560953393579, 0.0926293879747, 0.10726826638, 0.108819432557, 0.0902289152145, 0.071515545249, 0.0666792392731, 0.0841646790504, 0.0964450538158, 0.0967980995774, 0.0988127663732, 0.0902837440372, 0.0849243551493, 0.062176592648, 0.0453314855695, 0.0578503496945, 0.101606935263, 0.126876041293, 0.107791930437, 0.0766387432814, 0.0511600971222, 0.0316377580166, 0.0503824315965, 0.063465513289, 0.0594959929585, 0.0457032173872, 0.0366493239999, 0.0359622500837, 0.0479393899441, 0.0580548942089, 0.0732171237469, 0.106630705297]}, "key_strength": 0.805417358875, "chords_strength": {"dvar": 6.56329430058e-05, "mean": 0.493092596531, "min": 0.23397578299, "median": 0.48870664835, "dvar2": 6.37177508906e-05, "var": 0.00947014708072, "dmean2": 0.00853397604078, "max": 0.826636612415, "dmean": 0.00998569000512}, "tuning_equal_tempered_deviation": 0.00985916052014, "chords_key": "A", "tuning_frequency": 440.508636475, "chords_scale": "major", "chords_changes_rate": 0.0605088248849, "key_scale": "major", "tuning_diatonic_strength": 0.586387455463, "hpcp_entropy": {"dvar": 0.230632454157, "mean": 1.71122837067, "min": 0, "median": 1.75676894188, "dvar2": 0.598792493343, "var": 0.565934002399, "dmean2": 0.893014550209, "max": 4.25165224075, "dmean": 0.535920023918}, "chords_histogram": [24.4441890717, 8.73252391815, 9.17946338654, 0.848040342331, 1.32936048508, 0.14898006618, 1.90236079693, 0.18336006999, 0.126060053706, 0, 1.65024065971, 0.275040119886, 0.286500126123, 0.550080239773, 1.45542061329, 2.61288094521, 0.435480177402, 10.8640842438, 2.10864090919, 4.30896186829, 3.8505616188, 8.88150310516, 5.9362821579, 9.88998413086], "tuning_nontempered_energy_ratio": 0.682554364204, "key_key": "A"}, "metadata": {"version": {"extractor": "music 1.0", "essentia_build_sha": "2d9f1f26377add8aeb1075a9c2973f962c4f09fd", "essentia": "2.1-beta2", "essentia_git_sha": "v2.1_beta2-1-ge3940c0"}, "audio_properties": {"sample_rate": 44100, "length": 405.159179688, "lossless": false, "analysis_sample_rate": 44100, "downmix": "mix", "bit_rate": 192000, "equal_loudness": 0, "md5_encoded": "7039aace8e733e4607ca44da3ff32077", "codec": "mp3", "replay_gain": -10.6314182281}, "tags": {"genre": ["Rap/R&B"], "catalognumber": ["BK 66436"], "musicbrainz_recordingid": ["f06e0db8-f52e-4795-a7bd-64ff06451215"], "title": ["Love Don't Do"], "artist": ["Jon B."], "discnumber": ["1/1"], "artistsort": ["Jon B."], "originaldate": ["1995"], "musicbrainz_artistid": ["255dca43-dd8f-4638-9f3d-8fdfca51c88a"], "composer": ["Jon B."], "tracknumber": ["13/13"], "musicbrainz_albumartistid": ["255dca43-dd8f-4638-9f3d-8fdfca51c88a"], "barcode": ["074646643624"], "musicbrainz album status": ["official"], "originalyear": ["1995"], "date": ["1995"], "acoustid_id": ["dd50d5f9-be9f-4aa9-8dae-c3a532c53eb4"], "albumartistsort": ["Jon B."], "musicbrainz_releasegroupid": ["fbac4f0f-5c7c-3825-8aa6-3aac125b2654"], "media": ["CD"], "musicbrainz album release country": ["US"], "label": ["550 Music/Epic/Sony Music"], "musicbrainz album type": ["album"], "asin": ["B000002ASC"], "script": ["Latn"], "musicbrainz_albumid": ["9c863c1b-5514-4bd2-bd14-d82f49e630f0"], "file_name": "13 - Jon B - Love Don't Do - Bonafide.mp3", "album": ["Bonafide"], "albumartist": ["Jon B."]}}, "lowlevel": {"melbands": {"dvar": [2.72401007351e-06, 3.70443808606e-06, 6.9828291771e-07, 1.21332357139e-06, 6.17761941157e-07, 1.66855286921e-07, 1.17025201973e-07, 1.70349750306e-07, 2.7952140158e-07, 1.29136068949e-07, 5.39685949263e-08, 8.37742142323e-09, 2.36736159565e-08, 2.18188311862e-08, 6.03921135323e-09, 1.18510010694e-08, 1.15655600652e-08, 6.65569110936e-09, 2.25246665764e-09, 1.53305090844e-09, 2.13064649257e-10, 4.79979077317e-11, 8.73264655032e-11, 1.16256310134e-10, 7.31891838801e-11, 4.18460162355e-11, 2.6405818504e-11, 3.36702159209e-11, 1.90895892843e-11, 4.99633459605e-11, 3.5727035913e-11, 3.01660259272e-11, 1.97771000965e-11, 9.86384498386e-12, 2.63698481454e-12, 3.30466513529e-12, 1.68407703147e-12, 1.68124032491e-12, 1.99056721627e-12, 8.51650672727e-13], "mean": [0.00132938369643, 0.00140616751742, 0.00081179512199, 0.00121412600856, 0.000965470389929, 0.000535304308869, 0.000339332880685, 0.000331682618707, 0.000331508519594, 0.000192475752556, 8.85424524313e-05, 4.12202643929e-05, 4.86955650558e-05, 4.89709927933e-05, 3.20344624924e-05, 3.99430864491e-05, 3.12207266688e-05, 2.21894533752e-05, 1.22147203001e-05, 8.72346663527e-06, 5.76255706619e-06, 3.42034263667e-06, 4.50870857094e-06, 6.38005576548e-06, 4.64483946416e-06, 3.8961889004e-06, 3.38833046953e-06, 2.66611186817e-06, 1.96702148969e-06, 2.18876016334e-06, 2.7796888844e-06, 2.92231720778e-06, 2.88817204819e-06, 1.95701386474e-06, 1.24304915516e-06, 1.28882606987e-06, 8.3122245087e-07, 1.05652873117e-06, 1.78560708264e-06, 1.231426495e-06], "min": [1.86895111285e-24, 7.94964420652e-25, 1.52306341326e-24, 5.04194057799e-24, 2.70281357448e-24, 2.8219461651e-24, 4.70636072663e-24, 2.22958242554e-24, 1.80372434612e-24, 2.29743728238e-24, 3.07029417199e-24, 3.4190730468e-24, 4.55263421874e-24, 1.92246625337e-24, 2.51573028043e-24, 1.90138710112e-24, 3.75567368417e-24, 5.32753110264e-24, 6.16093267229e-24, 5.48250558849e-24, 3.43913456848e-24, 5.32669372679e-24, 3.76306254984e-24, 5.70781964581e-24, 6.47368880551e-24, 5.56851548741e-24, 7.23418187815e-24, 7.30428400249e-24, 6.26154872531e-24, 5.49144653799e-24, 4.22032301254e-24, 4.92265337063e-24, 7.51493274116e-24, 6.43098066497e-24, 7.42326552625e-24, 4.66095152634e-24, 6.66383938798e-24, 6.91234713921e-24, 9.35016951664e-24, 7.54491971075e-24], "median": [0.000304953020532, 0.000435773283243, 0.000421445642132, 0.000481945113279, 0.000523266731761, 0.000179568029125, 8.69519208209e-05, 7.46308869566e-05, 4.13691450376e-05, 1.80974911927e-05, 9.6824423963e-06, 7.650981388e-06, 5.65753634874e-06, 3.31980731971e-06, 3.79540369977e-06, 3.61645516023e-06, 1.92638572116e-06, 1.38825294016e-06, 8.54728000377e-07, 6.73565125453e-07, 5.60619866974e-07, 5.19368086316e-07, 7.75967805566e-07, 1.00854822449e-06, 7.39052438803e-07, 7.62205559113e-07, 8.0846604078e-07, 4.82785139866e-07, 3.04280945329e-07, 3.70031898456e-07, 5.69160590658e-07, 5.97756468323e-07, 7.41701569495e-07, 5.51124912818e-07, 4.25751238708e-07, 3.67147549696e-07, 2.73641205695e-07, 3.68235703263e-07, 8.14521513348e-07, 5.90540992107e-07], "dvar2": [7.0430892265e-06, 1.02712274384e-05, 2.00959698304e-06, 2.81988195638e-06, 1.66616541719e-06, 3.75116684381e-07, 2.98498150642e-07, 3.79903440262e-07, 5.71238444991e-07, 2.76066799643e-07, 1.14400911855e-07, 2.01052312576e-08, 5.16183895627e-08, 4.82129998147e-08, 1.38039384368e-08, 2.50925964451e-08, 2.33169252795e-08, 1.49367203051e-08, 4.82876449936e-09, 3.93743126992e-09, 4.49152298687e-10, 1.10668869902e-10, 2.06283129467e-10, 2.57007554127e-10, 1.81236803343e-10, 9.75780359291e-11, 5.62006136073e-11, 7.41194466913e-11, 4.57552537525e-11, 1.32622954285e-10, 8.49497208688e-11, 6.95401097817e-11, 4.24353781281e-11, 2.18404946906e-11, 5.44625195636e-12, 6.46563184936e-12, 3.40502235782e-12, 3.8003771137e-12, 4.40687156905e-12, 1.83408605144e-12], "var": [5.12161659572e-06, 5.33502225153e-06, 1.33237131195e-06, 4.01295892516e-06, 1.79252879207e-06, 7.57392399464e-07, 4.77713172131e-07, 6.52968253689e-07, 9.74811769083e-07, 4.28642294992e-07, 1.62910808399e-07, 1.79011685475e-08, 5.94662061815e-08, 6.60482797343e-08, 1.39398279586e-08, 2.88502679524e-08, 2.61574175653e-08, 1.35347422159e-08, 5.38366062841e-09, 3.5081140215e-09, 6.28112561962e-10, 1.10810437215e-10, 1.7663935592e-10, 3.3196473348e-10, 1.61006902255e-10, 1.14339017421e-10, 7.99901395121e-11, 7.25383919598e-11, 3.7822450033e-11, 5.97872376606e-11, 6.59820392768e-11, 6.15390585712e-11, 5.1631882797e-11, 2.30366125481e-11, 6.75281011664e-12, 9.39744376066e-12, 4.18263861046e-12, 4.07371966021e-12, 7.25606337168e-12, 3.20242703883e-12], "dmean2": [0.000935144140385, 0.000933449424338, 0.000550026888959, 0.000821439083666, 0.000648228568025, 0.000282924855128, 0.000203175819479, 0.000217360968236, 0.000222423535888, 0.000131973079988, 6.83920952724e-05, 3.30643160851e-05, 4.28623097832e-05, 4.27403210779e-05, 2.92592703772e-05, 3.45204171026e-05, 2.87307029794e-05, 2.19744761125e-05, 1.08749563879e-05, 8.12178041087e-06, 4.90421689392e-06, 2.80126801044e-06, 3.9000592551e-06, 5.09312985741e-06, 3.85492285204e-06, 2.90473235509e-06, 2.48636160904e-06, 2.18302079702e-06, 1.70766429619e-06, 2.13705334318e-06, 2.38064058067e-06, 2.35865013565e-06, 2.08842766369e-06, 1.45882142988e-06, 8.63665036377e-07, 8.9326908892e-07, 5.97311725414e-07, 7.12015605586e-07, 1.04659204681e-06, 7.22934998976e-07], "max": [0.0428507141769, 0.0403444133699, 0.0168875064701, 0.0306609105319, 0.018953146413, 0.0105792796239, 0.0130468700081, 0.0145868463442, 0.0170124620199, 0.0142460707575, 0.0169208869338, 0.00449692644179, 0.0148074962199, 0.0107842227444, 0.00369304441847, 0.0060087419115, 0.00545145291835, 0.00433457829058, 0.00256512360647, 0.00330463075079, 0.000664606166538, 0.000410786276916, 0.000495617336128, 0.00046367791947, 0.000267635594355, 0.000308228103677, 0.000300212268485, 0.000360095145879, 0.000163779855939, 0.000327374087647, 0.000238850887399, 0.000227295269724, 0.000257507024799, 0.000143405268318, 6.02643449383e-05, 5.92732685618e-05, 4.55086519651e-05, 5.01072572661e-05, 6.08405935054e-05, 3.72967515432e-05], "dmean": [0.000594954239205, 0.000556929036975, 0.000330110866344, 0.000542398309335, 0.000416733528255, 0.000200749549549, 0.000138537900057, 0.000149113708176, 0.000155528425239, 9.16355056688e-05, 4.57972637378e-05, 2.20582114707e-05, 2.83078788925e-05, 2.80687363556e-05, 1.90253413166e-05, 2.24833202083e-05, 1.90925275092e-05, 1.39654066516e-05, 7.05731008566e-06, 5.2051491366e-06, 3.18490833706e-06, 1.79800076694e-06, 2.45914384323e-06, 3.27234511133e-06, 2.42310102294e-06, 1.84489533694e-06, 1.62071273735e-06, 1.42364979183e-06, 1.11103111067e-06, 1.36991536692e-06, 1.53105679601e-06, 1.53051780671e-06, 1.38750772294e-06, 9.69157667896e-07, 5.83440623814e-07, 6.13428937868e-07, 4.04210510396e-07, 4.63409321583e-07, 6.80053062752e-07, 4.76692946449e-07]}, "spectral_decrease": {"dvar": 8.40725943238e-18, "mean": -6.4596341609e-09, "min": -6.09175003774e-08, "median": -5.05622388403e-09, "dvar2": 2.1797410207e-17, "var": 3.60537423329e-17, "dmean2": 2.56733501125e-09, "max": 1.31665536202e-27, "dmean": 1.65978009115e-09}, "spectral_rolloff": {"dvar": 819373.9375, "mean": 903.075500488, "min": 21.533203125, "median": 473.73046875, "dvar2": 1746361.25, "var": 2526897.5, "dmean2": 456.565429688, "max": 19875.1464844, "dmean": 273.016876221}, "melbands_crest": {"dvar": 6.36983823776, "mean": 16.1745624542, "min": 1.60045087337, "median": 14.9297962189, "dvar2": 16.0442180634, "var": 36.5249786377, "dmean2": 4.12028646469, "max": 39.9315910339, "dmean": 2.60486626625}, "barkbands_skewness": {"dvar": 0.582348585129, "mean": 3.20046234131, "min": -3.48048019409, "median": 2.89364480972, "dvar2": 1.18717050552, "var": 5.00587320328, "dmean2": 0.902229785919, "max": 35.6749763489, "dmean": 0.605708479881}, "spectral_centroid": {"dvar": 56528.140625, "mean": 771.291625977, "min": 112.407081604, "median": 585.812805176, "dvar2": 105971.078125, "var": 419079.84375, "dmean2": 201.380752563, "max": 11519.9335938, "dmean": 137.068008423}, "spectral_energyband_middle_low": {"dvar": 4.44192482973e-05, "mean": 0.0152847645804, "min": 2.14912544475e-22, "median": 0.0112689882517, "dvar2": 0.00010854168795, "var": 0.000220451125642, "dmean2": 0.00675906939432, "max": 0.154401689768, "dmean": 0.00447699474171}, "erbbands_crest": {"dvar": 6.42973423004, "mean": 12.6190290451, "min": 1.8125411272, "median": 11.508805275, "dvar2": 15.2050895691, "var": 31.927148819, "dmean2": 4.09864187241, "max": 33.0827980042, "dmean": 2.63671398163}, "dynamic_complexity": 4.6617603302, "spectral_energyband_low": {"dvar": 7.91991114966e-05, "mean": 0.00839713122696, "min": 1.84695309542e-23, "median": 0.00324313901365, "dvar2": 0.000214820887777, "var": 0.000149879444507, "dmean2": 0.00496746366844, "max": 0.180298671126, "dmean": 0.00303979404271}, "silence_rate_60dB": {"dvar": 0.0218465141952, "mean": 0.146418333054, "min": 0, "median": 0, "dvar2": 0.0480981171131, "var": 0.124999508262, "dmean2": 0.0447042658925, "max": 1, "dmean": 0.0223508514464}, "erbbands_kurtosis": {"dvar": 16.4427814484, "mean": 5.02366828918, "min": -1.90869748592, "median": 2.44744634628, "dvar2": 37.7181930542, "var": 76.6176681519, "dmean2": 3.44549155235, "max": 129.437210083, "dmean": 2.26816034317}, "spectral_complexity": {"dvar": 4.09553718567, "mean": 9.6827507019, "min": 0, "median": 8, "dvar2": 8.5683555603, "var": 49.1040992737, "dmean2": 2.52900052071, "max": 58, "dmean": 1.58026242256}, "barkbands_crest": {"dvar": 4.32645273209, "mean": 12.7348203659, "min": 3.02443981171, "median": 11.8111867905, "dvar2": 10.5791292191, "var": 23.2976036072, "dmean2": 3.42703986168, "max": 26.9232139587, "dmean": 2.17898392677}, "spectral_energy": {"dvar": 0.00012637412874, "mean": 0.0256722997874, "min": 1.03979721081e-20, "median": 0.0200736001134, "dvar2": 0.000326000503264, "var": 0.000566642382182, "dmean2": 0.0100000668317, "max": 0.235867738724, "dmean": 0.00648319814354}, "spectral_spread": {"dvar": 598589833216, "mean": 6823343, "min": 955040.8125, "median": 6703110, "dvar2": 1179754430460.0, "var": 5050834878460.0, "dmean2": 876062.5625, "max": 42400104, "dmean": 589293.875}, "spectral_contrast_valleys": {"dvar": [0.124884329736, 0.0739907920361, 0.0782056301832, 0.0620751790702, 0.0503805652261, 0.0602395199239], "mean": [-8.08143424988, -7.22178268433, -8.41915893555, -9.0602312088, -8.73330116272, -10.2108478546], "min": [-28.2787246704, -27.4767723083, -27.7325954437, -27.6976299286, -27.4650497437, -27.3633499146], "median": [-7.33644962311, -7.07513999939, -8.30735397339, -8.92092514038, -8.5442609787, -9.94986915588], "dvar2": [0.274008512497, 0.161738991737, 0.171246781945, 0.130414515734, 0.0988257750869, 0.109891116619], "var": [3.79313564301, 1.58477210999, 1.62145483494, 1.75405454636, 1.77301180363, 1.56447601318], "dmean2": [0.565752327442, 0.472110599279, 0.466037631035, 0.385467618704, 0.289934307337, 0.259507417679], "max": [-4.90199756622, -4.64148283005, -5.26465511322, -5.66747426987, -5.65271139145, -7.70506191254], "dmean": [0.345690220594, 0.291495501995, 0.28790384531, 0.240854129195, 0.190127745271, 0.18042203784]}, "spectral_rms": {"dvar": 5.15072201779e-07, "mean": 0.00442917505279, "min": 3.18502169083e-12, "median": 0.00442538131028, "dvar2": 1.25136000406e-06, "var": 5.42841553397e-06, "dmean2": 0.000845152244437, "max": 0.0151695376262, "dmean": 0.000561837106943}, "barkbands_spread": {"dvar": 41.1813735962, "mean": 15.1273298264, "min": 0.360633283854, "median": 11.1801805496, "dvar2": 80.9871749878, "var": 191.077514648, "dmean2": 5.87098646164, "max": 109.430892944, "dmean": 3.95279145241}, "pitch_salience": {"dvar": 0.00292320782319, "mean": 0.504889130592, "min": 0.00602437322959, "median": 0.513196766376, "dvar2": 0.0071102110669, "var": 0.0158684682101, "dmean2": 0.089863948524, "max": 0.988680183887, "dmean": 0.0569920353591}, "erbbands_skewness": {"dvar": 0.204605281353, "mean": 1.6166601181, "min": -5.88630485535, "median": 1.53557801247, "dvar2": 0.429414868355, "var": 1.68145942688, "dmean2": 0.627011239529, "max": 9.58219146729, "dmean": 0.424795746803}, "spectral_energyband_middle_high": {"dvar": 5.46912269783e-06, "mean": 0.00234006531537, "min": 1.39874625996e-21, "median": 0.000518253073096, "dvar2": 1.17404997582e-05, "var": 2.98427621601e-05, "dmean2": 0.00117028481327, "max": 0.0988718941808, "dmean": 0.00078740878962}, "erbbands": {"dvar": [0.0339128337801, 2.32632350922, 15.1724290848, 27.6875247955, 55.7521705627, 491.779541016, 532.725341797, 358.137786865, 569.850585938, 1128.54223633, 4588.73339844, 3766.19799805, 2222.96948242, 454.487762451, 2245.81201172, 1026.98937988, 1795.62194824, 3027.5144043, 1493.29528809, 937.646484375, 185.34664917, 34.8710098267, 108.269683838, 89.1054840088, 41.5751800537, 54.7724494934, 59.436630249, 100.777114868, 68.4643249512, 35.8323516846, 7.76477956772, 4.71536159515, 2.73733210564, 1.30500638485, 0.214243784547, 0.0493535064161, 0.00732363527641, 0.00072193419328, 6.88353293299e-06, 7.23069826236e-09], "mean": [0.139448910952, 1.08597791195, 2.5074493885, 4.55037164688, 8.61695194244, 23.5382804871, 25.6487064362, 23.6387634277, 22.9855098724, 27.4110870361, 42.072101593, 33.3822517395, 18.7638225555, 10.3616123199, 15.9477615356, 13.3200159073, 17.823059082, 17.6540279388, 12.4162740707, 8.2692489624, 5.43239545822, 3.71368455887, 6.00457239151, 5.95657157898, 5.02328109741, 4.26897335052, 3.33966398239, 4.48642253876, 5.18262863159, 4.06706094742, 2.3208053112, 1.59604179859, 1.79784333706, 1.65431427956, 0.482905000448, 0.191183790565, 0.057203669101, 0.0106484256685, 0.000925388361793, 5.42107081856e-05], "min": [1.45945565731e-22, 8.87782295687e-22, 1.74646847294e-21, 4.30868849115e-21, 1.69676424814e-20, 7.80598582592e-20, 6.2845887144e-20, 1.20233015555e-19, 3.32934406288e-19, 2.11613635303e-19, 2.98534652949e-19, 2.77518113235e-19, 7.40785836873e-19, 9.88731777919e-19, 1.83801475984e-18, 1.01086888887e-18, 2.10418762568e-18, 2.54932804809e-18, 3.83218881162e-18, 4.45691407411e-18, 3.29584572962e-18, 5.50844343958e-18, 7.5076335146e-18, 8.323317971e-18, 9.45276526863e-18, 1.12572498487e-17, 1.1317604255e-17, 8.15206263288e-18, 1.04800185375e-17, 1.2045019441e-17, 1.31482881266e-17, 1.25440401338e-17, 1.25229404107e-17, 1.02098654853e-17, 6.90872414543e-18, 5.22426760809e-18, 2.32851425152e-18, 1.09341262181e-18, 3.0132581883e-19, 2.9476351715e-20], "median": [0.0328052341938, 0.231651619077, 0.806500911713, 1.95782291889, 3.8373208046, 9.42971420288, 12.9437065125, 7.60519886017, 6.01972007751, 7.38988780975, 6.02522468567, 3.82577085495, 2.39214992523, 2.15744161606, 1.88827443123, 1.57799267769, 1.9818662405, 1.35782909393, 0.941050469875, 0.651861548424, 0.541161298752, 0.606307566166, 1.08926987648, 1.04868423939, 1.17752814293, 0.924612522125, 0.595559716225, 0.965618550777, 1.21226620674, 1.17455482483, 0.791606426239, 0.56965982914, 0.772919118404, 0.830265462399, 0.258892595768, 0.0925226956606, 0.0273110866547, 0.00400734506547, 0.000190762977581, 3.60160702257e-05], "dvar2": [0.0888108089566, 6.12599372864, 43.2603340149, 80.6089324951, 129.567977905, 1197.9798584, 1451.46960449, 803.160888672, 1467.04248047, 2601.59814453, 9058.24609375, 8062.71435547, 4703.73486328, 1126.91821289, 4789.8125, 2181.30224609, 3979.64501953, 6129.80712891, 3342.43017578, 2167.0793457, 422.489837646, 80.5525054932, 252.178390503, 215.272201538, 90.9481048584, 114.872520447, 144.44833374, 248.104507446, 147.440414429, 76.1050186157, 14.7683811188, 8.81736850739, 5.84849452972, 2.73635387421, 0.443295508623, 0.0945659801364, 0.0153640788049, 0.0018201781204, 1.71663305082e-05, 1.84986781449e-08], "var": [0.0594187788665, 3.70971226692, 19.5020675659, 51.1710090637, 193.629760742, 1411.82861328, 1439.0045166, 1572.48913574, 2357.67919922, 3637.96728516, 16940.84375, 12821.7558594, 6661.46777344, 962.282043457, 5807.29882813, 2803.15283203, 4944.30078125, 7334.26806641, 3303.6574707, 1988.51489258, 618.192687988, 104.963020325, 258.708312988, 231.162063599, 141.789230347, 146.488235474, 106.938995361, 168.161743164, 168.584609985, 95.0877838135, 23.4822235107, 13.5190181732, 8.67628765106, 5.39700508118, 0.595866680145, 0.129526853561, 0.0142720695585, 0.000780338188633, 7.61898400015e-06, 8.25417334482e-09], "dmean2": [0.11418993026, 0.739795982838, 1.84037351608, 3.18434810638, 5.64137601852, 17.1646652222, 17.6301460266, 12.4595003128, 13.4903030396, 18.1631641388, 27.7911548615, 22.1213207245, 14.0329465866, 7.80365610123, 13.4547576904, 10.7297563553, 14.9692201614, 14.7568454742, 11.05148983, 7.10152864456, 4.19445943832, 2.62930870056, 4.44441747665, 4.40197038651, 3.26604390144, 3.03429627419, 2.68697714806, 3.64039778709, 3.68351697922, 2.68780660629, 1.45025861263, 1.0078881979, 1.01491248608, 0.892702400684, 0.296043306589, 0.12219235301, 0.0406177192926, 0.0114099616185, 0.00105960748624, 3.95718561776e-05], "max": [5.33148574829, 37.4884757996, 85.3176574707, 108.694961548, 194.422637939, 727.653808594, 649.560852051, 509.177520752, 981.782287598, 1236.12011719, 2531.06567383, 2626.30322266, 3510.81298828, 1087.04675293, 4338.33984375, 2064.87182617, 2413.55957031, 2600.68041992, 1754.43041992, 2301.34765625, 893.967407227, 371.968536377, 626.971191406, 298.633789063, 312.390563965, 457.606811523, 273.107421875, 444.832824707, 388.483398438, 337.312805176, 108.968704224, 75.6685180664, 59.3406829834, 42.7484550476, 14.6586666107, 6.16940879822, 3.16714978218, 0.897546708584, 0.105469740927, 0.00314463209361], "dmean": [0.0721440017223, 0.454913884401, 1.07712602615, 1.87837350368, 3.69397258759, 11.1662397385, 11.3706960678, 8.86335945129, 9.17329311371, 12.3463449478, 19.4888935089, 15.487988472, 9.36371707916, 5.20470142365, 8.82835102081, 7.08955144882, 9.62778377533, 9.84562015533, 7.05417776108, 4.57801294327, 2.74700522423, 1.70944678783, 2.86277890205, 2.81210899353, 2.12128782272, 2.02020668983, 1.79215204716, 2.37290239334, 2.46583151817, 1.82928621769, 1.01114356518, 0.699673295021, 0.675758838654, 0.593513786793, 0.198249354959, 0.08609585464, 0.028248982504, 0.00702150026336, 0.000639278558083, 2.38779994106e-05]}, "dissonance": {"dvar": 0.000621337618213, "mean": 0.429249465466, "min": 0.163913875818, "median": 0.437720417976, "dvar2": 0.00168213120196, "var": 0.00198579742573, "dmean2": 0.044204685837, "max": 0.5, "dmean": 0.0264652948827}, "erbbands_flatness_db": {"dvar": 0.00021634263976, "mean": 0.16067032516, "min": 0.0210544653237, "median": 0.151350557804, "dvar2": 0.000461772899143, "var": 0.00262418575585, "dmean2": 0.0222289785743, "max": 0.400442332029, "dmean": 0.0150634935126}, "melbands_kurtosis": {"dvar": 1060.75769043, "mean": 47.3447990417, "min": -1.93516993523, "median": 25.8010559082, "dvar2": 2192.50415039, "var": 7180.56396484, "dmean2": 22.7136936188, "max": 2292.07543945, "dmean": 14.9811811447}, "melbands_spread": {"dvar": 52.7413635254, "mean": 12.3211917877, "min": 0.351741462946, "median": 7.9527797699, "dvar2": 102.128341675, "var": 248.220550537, "dmean2": 4.91360855103, "max": 237.786941528, "dmean": 3.3241891861}, "melbands_skewness": {"dvar": 0.990648508072, "mean": 4.20770597458, "min": -1.33518409729, "median": 3.61288070679, "dvar2": 2.07210755348, "var": 9.03459835052, "dmean2": 1.22074007988, "max": 46.1621208191, "dmean": 0.811741471291}, "spectral_entropy": {"dvar": 0.0366162732244, "mean": 7.13757038116, "min": 4.6481294632, "median": 7.23137760162, "dvar2": 0.0761232227087, "var": 0.417415648699, "dmean2": 0.260483592749, "max": 9.81532382965, "dmean": 0.175743117929}, "zerocrossingrate": {"dvar": 0.000178891321411, "mean": 0.0530610606074, "min": 0, "median": 0.044921875, "dvar2": 0.000220065790927, "var": 0.00163578474894, "dmean2": 0.0113451508805, "max": 0.52001953125, "dmean": 0.00949611794204}, "average_loudness": 0.604059398174, "spectral_contrast_coeffs": {"dvar": [0.00128566822968, 0.00117134326138, 0.000824755930807, 0.000533428625204, 0.000281316839391, 0.000171536477865], "mean": [-0.563906550407, -0.67147564888, -0.741861820221, -0.768823504448, -0.795746564865, -0.797544181347], "min": [-0.968249559402, -0.991312146187, -0.978663921356, -0.98253172636, -0.967377603054, -0.963269889355], "median": [-0.589593112469, -0.677853405476, -0.750814974308, -0.774710655212, -0.799647152424, -0.801769971848], "dvar2": [0.00328057259321, 0.00284197623841, 0.00202559260651, 0.00134469289333, 0.000649121589959, 0.000372239475837], "var": [0.0161992460489, 0.00761415343732, 0.00551955588162, 0.00393253425136, 0.00233953422867, 0.00164584140293], "dmean2": [0.0675638914108, 0.0642454922199, 0.053999170661, 0.0453828424215, 0.0312082394958, 0.021410856396], "max": [-0.201628535986, -0.34083211422, -0.398572415113, -0.511280298233, -0.501006066799, -0.605245769024], "dmean": [0.0414549410343, 0.0404104068875, 0.0339284054935, 0.0281451176852, 0.0195434521884, 0.0137210050598]}, "barkbands_flatness_db": {"dvar": 0.000339615158737, "mean": 0.183781400323, "min": 0.0291548371315, "median": 0.176478356123, "dvar2": 0.000730502710212, "var": 0.00417840713635, "dmean2": 0.0273115374148, "max": 0.506667494774, "dmean": 0.0181302074343}, "silence_rate_30dB": {"dvar": 0.0086355060339, "mean": 0.99042981863, "min": 0, "median": 1, "dvar2": 0.0207886751741, "var": 0.00947858113796, "dmean2": 0.0174231994897, "max": 1, "dmean": 0.00871110055596}, "spectral_energyband_high": {"dvar": 3.82528526188e-07, "mean": 0.000615187222138, "min": 7.44155508963e-21, "median": 0.000284690642729, "dvar2": 7.8514233337e-07, "var": 1.16718069876e-06, "dmean2": 0.000283930625301, "max": 0.0266548153013, "dmean": 0.000205915712286}, "melbands_flatness_db": {"dvar": 0.000470408413094, "mean": 0.266660928726, "min": 0.00319134211168, "median": 0.26211938262, "dvar2": 0.000966935243923, "var": 0.00618824828416, "dmean2": 0.0302395895123, "max": 0.640607774258, "dmean": 0.0203188639134}, "barkbands": {"dvar": [2.03765296192e-07, 3.94864509872e-05, 1.34551792144e-05, 3.26241752191e-06, 2.11018032132e-05, 4.77535058963e-06, 2.8750414458e-06, 8.30827593745e-06, 5.93329377807e-06, 1.11065344299e-06, 9.53475137067e-07, 1.19211927085e-06, 9.72074758465e-07, 1.42218493693e-06, 3.39761868418e-07, 1.96263371777e-07, 1.8085925646e-08, 4.08608471503e-08, 2.51908431892e-08, 1.99136191981e-08, 5.31107282598e-08, 5.37490052466e-08, 1.30269297571e-08, 8.34901570101e-09, 6.07568129141e-09, 2.26891305743e-09, 2.26005686388e-10], "mean": [0.000365993793821, 0.00487717986107, 0.00225031003356, 0.00151030370034, 0.00583009887487, 0.00294432137161, 0.00161669193767, 0.00185365718789, 0.00137879920658, 0.000418105366407, 0.000274834805168, 0.000383794598747, 0.000380950834369, 0.0003611825814, 0.000167796970345, 0.000110076616693, 6.24230888207e-05, 0.000122756755445, 0.000102034493466, 8.821960364e-05, 9.66904990491e-05, 0.000148437713506, 8.82260137587e-05, 8.57453196659e-05, 0.000113170914119, 3.52589268005e-05, 5.13695977133e-06], "min": [2.48853508958e-24, 7.17331731501e-24, 1.8768513576e-24, 7.01717314566e-25, 2.82387654718e-23, 9.70100041588e-24, 2.15763160567e-23, 1.4238418691e-23, 1.92124454448e-23, 2.34649263722e-23, 2.77973662409e-23, 1.44017807405e-23, 3.53587526341e-23, 4.66640634173e-23, 7.87269678112e-23, 6.33071415622e-23, 8.30719063921e-23, 1.35173777356e-22, 1.6062087768e-22, 2.10842956215e-22, 2.48968389194e-22, 3.10873775415e-22, 4.94595744196e-22, 6.83881719335e-22, 9.89221679676e-22, 1.52161156051e-21, 2.14873815822e-21], "median": [7.30036845198e-05, 0.00108147412539, 0.000667936750688, 0.000439380703028, 0.00271495012566, 0.00116698024794, 0.000394705624785, 0.000230563076911, 0.000125752703752, 6.04145061516e-05, 3.00641186186e-05, 2.89562813123e-05, 3.64050720236e-05, 2.17584638449e-05, 1.30356711452e-05, 9.00769009604e-06, 1.02485355455e-05, 2.07772027352e-05, 1.99281821551e-05, 1.90941755136e-05, 1.90456339624e-05, 3.69805602531e-05, 2.97140595649e-05, 3.5200981074e-05, 6.28997804597e-05, 1.66504160006e-05, 1.2577677353e-06], "dvar2": [4.854861686e-07, 0.000102535130281, 3.92242909584e-05, 9.37391359912e-06, 5.13762097398e-05, 1.10305400085e-05, 7.0479477472e-06, 1.67203343153e-05, 1.29147138068e-05, 2.51444112109e-06, 2.06696131499e-06, 2.73561477115e-06, 2.11758174373e-06, 3.05004846268e-06, 7.67639619426e-07, 5.06378000864e-07, 4.4799566723e-08, 9.32316623903e-08, 5.96421898535e-08, 4.33983444736e-08, 1.31461675323e-07, 1.1450524795e-07, 2.501054297e-08, 1.6484239751e-08, 1.21909931039e-08, 4.590559044e-09, 5.80158365793e-10], "var": [4.48532091468e-07, 7.04820413375e-05, 1.75255645445e-05, 6.91835657562e-06, 6.95122798788e-05, 1.99816822715e-05, 1.0742241102e-05, 3.38973732141e-05, 2.0377434339e-05, 2.90640423373e-06, 2.28839553529e-06, 3.44725094692e-06, 2.42451937993e-06, 3.07282562062e-06, 7.62141041832e-07, 4.34038838648e-07, 3.42001840181e-08, 1.10152591049e-07, 7.00956377386e-08, 5.65924835882e-08, 8.64785363319e-08, 1.33090097165e-07, 3.65864991636e-08, 2.53563978703e-08, 2.42720137322e-08, 4.93915353061e-09, 2.2986187953e-10], "dmean2": [0.000285157206235, 0.00333268730901, 0.001804962405, 0.00111713120714, 0.00388451479375, 0.00167067570146, 0.00102712702937, 0.00125581899192, 0.000960363133345, 0.000343947409419, 0.000260271364823, 0.000349488254869, 0.000344550062437, 0.000343611551216, 0.000160250376211, 0.000100117140391, 5.46157716599e-05, 9.45255305851e-05, 7.63077769079e-05, 6.49568173685e-05, 8.0759251432e-05, 0.000102489844721, 5.77010141569e-05, 5.13622471772e-05, 6.03187872912e-05, 2.43075519393e-05, 6.22677453066e-06], "max": [0.0166512299329, 0.155321583152, 0.0803857669234, 0.0383009873331, 0.134115993977, 0.0469151213765, 0.0552836544812, 0.10737811029, 0.0969010815024, 0.0590103939176, 0.0948216617107, 0.0780322849751, 0.0527991838753, 0.0546477101743, 0.023729853332, 0.0358402915299, 0.00787580851465, 0.00963767617941, 0.0066683916375, 0.00635090004653, 0.00963764078915, 0.0129285240546, 0.00425066659227, 0.00288380635902, 0.00288519286551, 0.00154980074149, 0.000554853235371], "dmean": [0.00017547076277, 0.00209225621074, 0.00104731332976, 0.000668339373078, 0.00252790073864, 0.00116647826508, 0.000701738870703, 0.000872937613167, 0.000655252253637, 0.000229973302339, 0.000170112791238, 0.000226674514124, 0.000221838781727, 0.000224697854719, 0.000101163219369, 6.35459728073e-05, 3.43762876582e-05, 6.08906630077e-05, 4.83827170683e-05, 4.27131926699e-05, 5.31058867637e-05, 6.89976586727e-05, 3.93063673982e-05, 3.45592343365e-05, 4.04006314056e-05, 1.69944742083e-05, 3.7014751797e-06]}, "erbbands_spread": {"dvar": 119.636764526, "mean": 42.3356399536, "min": 1.63750553131, "median": 36.855430603, "dvar2": 247.692321777, "var": 720.908630371, "dmean2": 12.8884782791, "max": 191.428100586, "dmean": 8.69737052917}, "barkbands_kurtosis": {"dvar": 310.856109619, "mean": 20.8207092285, "min": -1.91983425617, "median": 11.8216724396, "dvar2": 645.887695313, "var": 1971.14733887, "dmean2": 10.410241127, "max": 1300.8215332, "dmean": 6.90424203873}, "spectral_flux": {"dvar": 0.000494755804539, "mean": 0.0576010905206, "min": 6.5756781964e-11, "median": 0.0487881675363, "dvar2": 0.00120766321197, "var": 0.0019105457468, "dmean2": 0.0271355248988, "max": 0.38727876544, "dmean": 0.0168001614511}, "silence_rate_20dB": {"dvar": 0, "mean": 1, "min": 1, "median": 1, "dvar2": 0, "var": 0, "dmean2": 0, "max": 1, "dmean": 0}, "gfcc": {"cov": [[12977.3398438, 208.357330322, -1102.71777344, 974.883239746, 117.351234436, 671.356018066, 262.635284424, 482.171813965, 271.323547363, 378.34072876, 232.347244263, 30.8917350769, -98.8791427612], [208.357330322, 1196.16491699, 252.425552368, 20.1254272461, 322.093811035, 143.756729126, 219.815155029, 59.3369750977, 118.117111206, 19.745929718, 143.862335205, -28.9863433838, 8.49907779694], [-1102.71777344, 252.425552368, 1207.60412598, 380.115356445, 298.347869873, 171.630691528, 89.4460830688, 48.371219635, 6.5324883461, -13.7140684128, 0.909619033337, 55.0770835876, 12.0539016724], [974.883239746, 20.1254272461, 380.115356445, 878.003295898, 348.982269287, 220.110778809, 129.51411438, 160.98928833, 159.962539673, 45.4313316345, -35.6774559021, 23.1777114868, 25.6137218475], [117.351234436, 322.093811035, 298.347869873, 348.982269287, 534.284667969, 204.324630737, 168.434906006, 133.302398682, 118.253067017, 39.3693122864, 39.9554672241, 4.23880243301, 29.990530014], [671.356018066, 143.756729126, 171.630691528, 220.110778809, 204.324630737, 394.317047119, 220.933013916, 116.098686218, 78.6725769043, 67.048500061, 36.659236908, 13.9054174423, -10.0735435486], [262.635284424, 219.815155029, 89.4460830688, 129.51411438, 168.434906006, 220.933013916, 310.803253174, 106.238143921, 79.2736282349, 70.454284668, 53.0371742249, -9.25488376617, -9.41291904449], [482.171813965, 59.3369750977, 48.371219635, 160.98928833, 133.302398682, 116.098686218, 106.238143921, 191.223892212, 99.80027771, 42.015789032, 3.66512799263, 6.44314098358, 10.7993516922], [271.323547363, 118.117111206, 6.5324883461, 159.962539673, 118.253067017, 78.6725769043, 79.2736282349, 99.80027771, 188.909500122, 74.119102478, 6.73420810699, 14.5019044876, 25.5020694733], [378.34072876, 19.745929718, -13.7140684128, 45.4313316345, 39.3693122864, 67.048500061, 70.454284668, 42.015789032, 74.119102478, 153.026870728, 83.2052764893, 15.8426418304, 11.0587062836], [232.347244263, 143.862335205, 0.909619033337, -35.6774559021, 39.9554672241, 36.659236908, 53.0371742249, 3.66512799263, 6.73420810699, 83.2052764893, 188.224411011, 52.1062507629, 13.5299320221], [30.8917350769, -28.9863433838, 55.0770835876, 23.1777114868, 4.23880243301, 13.9054174423, -9.25488376617, 6.44314098358, 14.5019044876, 15.8426418304, 52.1062507629, 128.173278809, 60.4096069336], [-98.8791427612, 8.49907779694, 12.0539016724, 25.6137218475, 29.990530014, -10.0735435486, -9.41291904449, 10.7993516922, 25.5020694733, 11.0587062836, 13.5299320221, 60.4096069336, 135.317596436]], "mean": [-47.9281997681, 75.2264862061, -68.4702682495, 19.0678157806, -76.8177185059, 6.94964408875, -48.5311203003, 4.10199785233, -32.2545661926, 4.04164361954, -15.7938928604, 1.16165590286, -14.0553388596], "icov": [[0.000143198369187, -0.00013064124505, 0.000237305474002, -0.000267602154054, 0.000146623613546, -0.000253442762187, 0.000223273731535, -0.000316370569635, 0.000291643547826, -0.000309265684336, -1.76450794243e-05, -0.000126026963699, 0.000160111478181], [-0.00013064124505, 0.00161623256281, -0.00051814847393, 0.000684546306729, -0.000723831704818, 0.000266586168436, -0.000873700075317, 0.00074549036799, -0.00174378231168, 0.00177105423063, -0.00164041854441, 0.00123542477377, -0.000424008787377], [0.000237305474002, -0.00051814847393, 0.00156157684978, -0.000882418651599, -0.000147954633576, -0.000592100725044, 0.000457530113636, -0.000413355330238, 0.00133548374288, -0.000765347213019, 0.000503691378981, -0.00107235612813, 0.000526631309185], [-0.000267602154054, 0.000684546306729, -0.000882418651599, 0.00255320128053, -0.00118977751117, 7.09659216227e-05, -0.000344564090483, 0.000256665836787, -0.00174700003117, 0.000780140457209, 0.000295625650324, 0.000250572280493, -0.000294632191071], [0.000146623613546, -0.000723831704818, -0.000147954633576, -0.00118977751117, 0.00389599031769, -0.000888207985554, -2.81567918137e-05, -0.00118301098701, -0.00022636410722, 0.000283145578578, -0.000741854542866, 0.000712974811904, -0.000670742650982], [-0.000253442762187, 0.000266586168436, -0.000592100725044, 7.09659216227e-05, -0.000888207985554, 0.00544162420556, -0.00315688806586, -0.000217826702283, -1.15288557936e-05, -0.000341594015481, 0.000492722028866, -0.000854241312481, 0.000599287101068], [0.000223273731535, -0.000873700075317, 0.000457530113636, -0.000344564090483, -2.81567918137e-05, -0.00315688806586, 0.00695894332603, -0.00199509947561, 0.000521034002304, -0.0016509743873, -0.00049080158351, 0.000702933117282, 0.000429014704423], [-0.000316370569635, 0.00074549036799, -0.000413355330238, 0.000256665836787, -0.00118301098701, -0.000217826702283, -0.0019