{"tonal": {"hpcp": {"dvar": [0.0211112014949, 0.00634147692472, 0.00432088924572, 0.00610150070861, 0.00689697917551, 0.0161661617458, 0.0323693454266, 0.0129769463092, 0.00609523942694, 0.00575421145186, 0.00557713769376, 0.00864786375314, 0.00988263543695, 0.0103901876137, 0.019733093679, 0.0337705090642, 0.0172288678586, 0.0233566015959, 0.0352036617696, 0.0503332056105, 0.0552367903292, 0.0545309260488, 0.0487180612981, 0.0236263908446, 0.0109734218568, 0.00590672623366, 0.0132882269099, 0.0243211183697, 0.0191758219153, 0.0286218877882, 0.0219761375338, 0.00807655416429, 0.00343741592951, 0.00249116495252, 0.00211069523357, 0.0130056925118], "var": [0.0975532829762, 0.0151258492842, 0.00420820247382, 0.00499331951141, 0.00763082783669, 0.0723566487432, 0.132510244846, 0.0401757843792, 0.00575877632946, 0.00682799331844, 0.00597876682878, 0.0110953496769, 0.0201421696693, 0.0146455150098, 0.0486026927829, 0.0818420946598, 0.0227625202388, 0.0184734333307, 0.0399347506464, 0.0676372945309, 0.0943674072623, 0.166105002165, 0.0917368978262, 0.0189907811582, 0.007648373954, 0.00407514488325, 0.0241669639945, 0.049252871424, 0.0255072973669, 0.0487415231764, 0.061570957303, 0.0148936891928, 0.00321100233123, 0.00241867848672, 0.0029822778888, 0.0619050040841], "median": [0.0337809771299, 0.0171566661447, 0.0032357040327, 0.00320504698902, 0.0131658948958, 0.105287894607, 0.14570838213, 0.0702678412199, 0.00473425956443, 0.00183102651499, 0.00203078100458, 0.00581049453467, 0.00863389112055, 0.0156400203705, 0.0422520712018, 0.0500297732651, 0.0203069262207, 0.00313328858465, 0.00260030059144, 0.0175001844764, 0.306856036186, 0.526007592678, 0.19940893352, 0.0174933336675, 0.00737679563463, 0.00816498231143, 0.0340969413519, 0.0459436476231, 0.0354632809758, 0.0364131107926, 0.0401201918721, 0.0191109571606, 0.00654910085723, 0.00518274400383, 0.00814420264214, 0.0262828506529], "max": [1, 1, 1, 1, 1, 1, 1, 1, 1, 1, 1, 1, 1, 1, 1, 1, 1, 1, 1, 1, 1, 1, 1, 1, 1, 1, 1, 1, 1, 1, 1, 1, 1, 1, 0.796857476234, 1], "dmean": [0.0742590501904, 0.039709340781, 0.0191496070474, 0.0232187882066, 0.0381369031966, 0.0913517922163, 0.119269765913, 0.0739832222462, 0.0279869697988, 0.0197079759091, 0.0197365004569, 0.0287782289088, 0.035424914211, 0.0390493832529, 0.082119949162, 0.104681894183, 0.0654316321015, 0.0487054660916, 0.0749871656299, 0.128047466278, 0.208916276693, 0.165734678507, 0.177046194673, 0.0749467462301, 0.0322722569108, 0.0246851686388, 0.0637104511261, 0.0891565307975, 0.0796614587307, 0.101269036531, 0.0917443111539, 0.0543886981905, 0.0209752805531, 0.0146094560623, 0.0204483065754, 0.0613994561136], "dmean2": [0.110366433859, 0.0608300752938, 0.0334794260561, 0.0419527851045, 0.0659060329199, 0.139642521739, 0.183072820306, 0.118027932942, 0.0500237420201, 0.0348894000053, 0.0350003950298, 0.0499366000295, 0.0607269741595, 0.0672717988491, 0.132097631693, 0.166947007179, 0.107246600091, 0.0876331850886, 0.132483944297, 0.225535869598, 0.353593736887, 0.279617875814, 0.304422914982, 0.13625779748, 0.058846116066, 0.0434324815869, 0.099667981267, 0.140340164304, 0.136327013373, 0.165294960141, 0.143144309521, 0.0907251834869, 0.036870546639, 0.0251230448484, 0.0338605046272, 0.090731471777], "mean": [0.196539983153, 0.0741053372622, 0.0185517035425, 0.020329689607, 0.0463856980205, 0.226781517267, 0.331772089005, 0.156426846981, 0.0247360337526, 0.0177657604218, 0.0176777653396, 0.0345896147192, 0.0527189746499, 0.0536576397717, 0.140783593059, 0.184180945158, 0.0840660855174, 0.0379544571042, 0.0715401247144, 0.134420409799, 0.366633743048, 0.535346090794, 0.302016407251, 0.0679025948048, 0.0301119685173, 0.0255931355059, 0.0990671813488, 0.139852330089, 0.0958692729473, 0.138821080327, 0.159134149551, 0.0704877972603, 0.0219543073326, 0.0173968914896, 0.0282489322126, 0.152195945382], "dvar2": [0.0419282801449, 0.0144672421739, 0.0114741232246, 0.0169581416994, 0.0195397473872, 0.0349968448281, 0.0693314820528, 0.0319631844759, 0.0170653555542, 0.0148062519729, 0.0146806240082, 0.0223896522075, 0.0250116270036, 0.0277064032853, 0.0463089607656, 0.0726680830121, 0.0437326095998, 0.0636172741652, 0.0952404364944, 0.129541888833, 0.153172716498, 0.133280172944, 0.139151021838, 0.0668132230639, 0.0308263953775, 0.0169110894203, 0.0318837240338, 0.0561327524483, 0.0521931163967, 0.0733901262283, 0.0485505834222, 0.0206027142704, 0.00968966819346, 0.00688716676086, 0.00550715066493, 0.0274605955929], "min": [0, 0, 0, 0, 0, 0, 0, 0, 0, 0, 0, 0, 0, 0, 0, 0, 0, 0, 0, 0, 0, 0, 0, 0, 0, 0, 0, 0, 0, 0, 0, 0, 0, 0, 0, 0]}, "key_key": "E", "thpcp": [1, 0.564151704311, 0.126838684082, 0.0562476664782, 0.0478067100048, 0.185052588582, 0.261237233877, 0.179079055786, 0.259310901165, 0.29725471139, 0.131667718291, 0.0410095602274, 0.0324965305626, 0.0527676083148, 0.284294486046, 0.367126971483, 0.138425096869, 0.0346536636353, 0.0379748530686, 0.0866461843252, 0.42361664772, 0.619733870029, 0.292197614908, 0.0462056882679, 0.0331855602562, 0.0330211892724, 0.0646116882563, 0.0984764322639, 0.100229814649, 0.262976795435, 0.344040900469, 0.157031282783, 0.0708970502019, 0.13363340497, 0.251090675592, 0.684853672981], "chords_key": "E", "tuning_equal_tempered_deviation": 0.0794721245766, "tuning_frequency": 440.763122559, "tuning_diatonic_strength": 0.524168968201, "chords_histogram": [26.2895183563, 2.06322789192, 22.2961730957, 13.1447591782, 0.915141403675, 20.9317798615, 4.12645578384, 1.0815308094, 0, 0.399334430695, 0.382695496082, 1.53078198433, 4.52579021454, 0.36605656147, 0, 0.0166389346123, 0, 0, 0, 0, 1.71381032467, 0, 0.21630614996, 0], "key_strength": 0.717233121395, "key_scale": "minor", "chords_strength": {"dvar": 0.000353792740498, "var": 0.0323493033648, "median": 0.446705102921, "max": 0.689788281918, "dmean": 0.00692936358973, "dmean2": 0.00666775507852, "mean": 0.438258528709, "dvar2": 0.000676653813571, "min": -1}, "chords_number_rate": 0.00166389346123, "tuning_nontempered_energy_ratio": 0.706080079079, "hpcp_entropy": {"dvar": 0.196815535426, "var": 0.58477216959, "median": 1.99716711044, "max": 4.51295995712, "dmean": 0.504742562771, "dmean2": 0.850017011166, "mean": 1.95786583424, "dvar2": 0.529728829861, "min": 0}, "chords_changes_rate": 0.0447587370872, "chords_scale": "minor"}, "rhythm": {"bpm_histogram_first_peak_spread": {"dvar": 0, "var": 0, "median": 0.083601295948, "max": 0.083601295948, "dmean": 0, "dmean2": 0, "mean": 0.083601295948, "dvar2": 0, "min": 0.083601295948}, "bpm_histogram_first_peak_weight": {"dvar": 0, "var": 0, "median": 0.738341987133, "max": 0.738341987133, "dmean": 0, "dmean2": 0, "mean": 0.738341987133, "dvar2": 0, "min": 0.738341987133}, "bpm_histogram_first_peak_bpm": {"dvar": 0, "var": 0, "median": 76, "max": 76, "dmean": 0, "dmean2": 0, "mean": 76, "dvar2": 0, "min": 76}, "bpm": 76.1542129517, "bpm_histogram_second_peak_weight": {"dvar": 0, "var": 0, "median": 0.059585493058, "max": 0.059585493058, "dmean": 0, "dmean2": 0, "mean": 0.059585493058, "dvar2": 0, "min": 0.059585493058}, "beats_loudness": {"dvar": 0.0111726168543, "var": 0.00973512139171, "median": 0.0145628964528, "max": 0.751937389374, "dmean": 0.0586297139525, "dmean2": 0.0959398820996, "mean": 0.0544609390199, "dvar2": 0.0299412198365, "min": 0}, "beats_loudness_band_ratio": {"dvar": [0.0574391372502, 0.0118541829288, 0.0292456783354, 0.00552448956296, 0.000929359404836, 0.00198398530483], "var": [0.101533725858, 0.0223883222789, 0.0552126057446, 0.0113895824179, 0.000748544174712, 0.00477487174794], "median": [0.441994249821, 0.148048147559, 0.164270997047, 0.0263908859342, 0.00639437092468, 0.00946729723364], "max": [0.973196268082, 0.762805819511, 0.971048355103, 0.80237030983, 0.273947149515, 0.423071950674], "dmean": [0.290917575359, 0.126825481653, 0.19251921773, 0.0580109842122, 0.0206117611378, 0.0299908220768], "dmean2": [0.536690056324, 0.217786133289, 0.348323762417, 0.101987041533, 0.0383190363646, 0.0531117022038], "mean": [0.486502051353, 0.180272355676, 0.244368389249, 0.0697842165828, 0.0172378085554, 0.0371487028897], "dvar2": [0.181252375245, 0.0359941981733, 0.0919860228896, 0.01407578215, 0.00284652900882, 0.00451148487628], "min": [0, 0, 0, 0, 0, 0]}, "bpm_histogram_second_peak_bpm": {"dvar": 0, "var": 0, "median": 140, "max": 140, "dmean": 0, "dmean2": 0, "mean": 140, "dvar2": 0, "min": 140}, "onset_rate": 2.79882359505, "beats_count": 387, "beats_position": [0.812698423862, 1.63700675964, 2.46131515503, 3.29723358154, 4.12154197693, 4.95746040344, 5.79337835312, 6.62929677963, 7.46521520615, 8.26630401611, 9.05578231812, 9.84526062012, 10.6347389221, 11.4242172241, 12.2136955261, 13.0031747818, 13.7926530838, 14.5821313858, 15.3716096878, 16.1610889435, 16.9505672455, 17.7400455475, 18.5295238495, 19.3190021515, 20.1084804535, 20.8979587555, 21.6758270264, 22.4653053284, 23.2431735992, 24.0326519012, 24.8105201721, 25.5651702881, 26.3198184967, 27.0976867676, 27.8755550385, 28.6650333405, 29.4429016113, 30.2323799133, 31.0218582153, 31.8113365173, 32.6008148193, 33.3902931213, 34.1797714233, 34.9692497253, 35.7587280273, 36.5482063293, 37.3376846313, 38.1155548096, 38.8934249878, 39.6829032898, 40.4723815918, 41.2618598938, 42.0513381958, 42.8292045593, 43.6070747375, 44.3965530396, 45.1860313416, 45.9755096436, 46.7649879456, 47.5544662476, 48.3439445496, 49.1334228516, 49.9461212158, 50.7704315186, 51.5947380066, 52.3609962463, 53.1272544861, 53.9167327881, 54.7062110901, 55.5073013306, 56.3083877563, 57.0978660583, 57.8873443604, 58.6768226624, 59.4663009644, 60.2557830811, 61.0452613831, 61.8347396851, 62.6126060486, 63.3904762268, 64.1799545288, 64.9694290161, 65.7589111328, 66.5251693726, 67.3146438599, 68.1041259766, 68.8936004639, 69.6830825806, 70.4725646973, 71.2620391846, 72.0515213013, 72.8409957886, 73.6188659668, 74.4083404541, 75.1862106323, 75.9524688721, 76.7419509888, 77.5314254761, 78.3209075928, 79.1103820801, 79.8998641968, 80.6893386841, 81.4788208008, 82.2682952881, 83.0577774048, 83.8472518921, 84.6367340088, 85.414604187, 86.1924667358, 86.9819488525, 87.7598190308, 88.537689209, 89.3271636963, 90.116645813, 90.9061203003, 91.695602417, 92.4850769043, 93.274559021, 94.0524215698, 94.830291748, 95.6197738647, 96.4092483521, 97.1987304688, 97.9882049561, 98.7776870728, 99.5671615601, 100.345031738, 101.122901917, 101.912376404, 102.701858521, 103.479728699, 104.257591248, 105.047073364, 105.836547852, 106.626029968, 107.415504456, 108.204986572, 108.994468689, 109.772331238, 110.561813354, 111.351287842, 112.140769958, 112.918640137, 113.684898376, 114.485984802, 115.27545929, 116.064941406, 116.842811584, 117.632286072, 118.421768188, 119.211242676, 120.000724792, 120.79019928, 121.579681396, 122.369155884, 123.158638, 123.936508179, 124.725982666, 125.503852844, 126.270111084, 127.059593201, 127.849067688, 128.638549805, 129.416412354, 130.194290161, 130.983764648, 131.773239136, 132.562713623, 133.363800049, 134.153289795, 134.942764282, 135.720626831, 136.510116577, 137.299591064, 138.077453613, 138.855331421, 139.644805908, 140.434280396, 141.223754883, 142.013244629, 142.802719116, 143.592193604, 144.370071411, 145.14793396, 145.937408447, 146.726898193, 147.516372681, 148.305847168, 149.095321655, 149.873199463, 150.651062012, 151.417327881, 152.206802368, 152.996276855, 153.785751343, 154.575241089, 155.364715576, 156.154190063, 156.943664551, 157.721542358, 158.499404907, 159.288879395, 160.078369141, 160.867843628, 161.657318115, 162.446792603, 163.236282349, 164.037368774, 164.8384552, 165.627929688, 166.429016113, 167.172058105, 167.98475647, 168.785842896, 169.59854126, 170.388031006, 171.177505493, 171.96697998, 172.756454468, 173.545944214, 174.335418701, 175.124893188, 175.914367676, 176.692245483, 177.470108032, 178.25958252, 179.049072266, 179.838546753, 180.616409302, 181.405899048, 182.195373535, 182.973236084, 183.762710571, 184.552200317, 185.341674805, 186.131149292, 186.920639038, 187.698501587, 188.487976074, 189.265853882, 190.032104492, 190.821578979, 191.611068726, 192.400543213, 193.1900177, 193.979492188, 194.757369995, 195.535232544, 196.324707031, 197.114196777, 197.903671265, 198.681533813, 199.47102356, 200.260498047, 201.049972534, 201.827835083, 202.594100952, 203.383575439, 204.173049927, 204.962539673, 205.75201416, 206.541488647, 207.330978394, 208.108840942, 208.886703491, 209.676193237, 210.465667725, 211.255142212, 212.044616699, 212.834106445, 213.623580933, 214.401443481, 215.179321289, 215.968795776, 216.758270264, 217.547744751, 218.337234497, 219.115097046, 219.904571533, 220.682449341, 221.471923828, 222.261398315, 223.050872803, 223.840362549, 224.629837036, 225.419311523, 226.197189331, 226.97505188, 227.741317749, 228.530792236, 229.320266724, 230.109741211, 230.899230957, 231.688705444, 232.478179932, 233.256057739, 234.045532227, 234.835006714, 235.624481201, 236.402359009, 237.191833496, 237.981307983, 238.770782471, 239.548660278, 240.326522827, 241.115997314, 241.905487061, 242.694961548, 243.484436035, 244.273925781, 245.063400269, 245.864486694, 246.677185059, 247.33895874, 248.000717163, 248.569610596, 249.138504028, 249.718994141, 250.299499512, 250.879989624, 251.309570312, 251.750747681, 252.18031311, 252.621490479, 252.981399536, 253.329696655, 253.677993774, 254.026306152, 254.362991333, 254.711288452, 255.047973633, 255.384674072, 255.721359253, 256.058044434, 256.394744873, 256.731414795, 257.079711914, 257.428009033, 257.77633667, 258.113006592, 258.577423096, 259.018585205, 259.471374512, 259.912567139, 260.365356445, 260.806518555, 261.259307861, 261.688873291, 262.118438721, 262.548034668, 262.9659729, 263.39553833, 263.825134277, 264.254699707, 264.684265137, 265.113830566, 265.531799316, 265.961364746, 266.390930176, 266.820495605, 267.250061035, 267.679626465, 268.109191895, 268.538757324, 268.968353271, 269.397918701, 269.827484131, 270.257049561, 270.675018311, 271.10458374, 271.522521973, 271.940490723, 272.323608398, 272.706756592, 273.078277588, 273.449798584, 273.83291626, 274.216064453, 274.599182129, 275.028747559, 275.469940186, 275.911102295, 276.352294922, 276.793457031, 277.234649658, 277.675811768, 278.117004395], "danceability": 1.10205757618, "bpm_histogram_second_peak_spread": {"dvar": 0, "var": 0, "median": 0.425000011921, "max": 0.425000011921, "dmean": 0, "dmean2": 0, "mean": 0.425000011921, "dvar2": 0, "min": 0.425000011921}}, "lowlevel": {"spectral_flux": {"dvar": 0.00193250330631, "var": 0.00389878591523, "median": 0.0311926342547, "max": 0.662146031857, "dmean": 0.0189816001803, "dmean2": 0.0305395312607, "mean": 0.0495793782175, "dvar2": 0.00463807582855, "min": 6.33251090454e-11}, "spectral_rolloff": {"dvar": 1454477.375, "var": 6085020.5, "median": 602.9296875, "max": 19896.6796875, "dmean": 340.396881104, "dmean2": 587.021911621, "mean": 1040.24865723, "dvar2": 3474582.25, "min": 64.599609375}, "barkbands_flatness_db": {"dvar": 0.000457998539787, "var": 0.007294440642, "median": 0.184900045395, "max": 0.482412129641, "dmean": 0.019666261971, "dmean2": 0.0289010591805, "mean": 0.197809368372, "dvar2": 0.000893396150786, "min": 0.0236203614622}, "spectral_centroid": {"dvar": 63002.4726562, "var": 1691375.625, "median": 712.795959473, "max": 11826.0996094, "dmean": 145.293304443, "dmean2": 229.433074951, "mean": 995.555603027, "dvar2": 145511.71875, "min": 128.735046387}, "melbands_skewness": {"dvar": 0.965401887894, "var": 7.51518678665, "median": 2.54029488564, "max": 19.0924339294, "dmean": 0.730897188187, "dmean2": 1.09416723251, "mean": 3.29913854599, "dvar2": 2.27470541, "min": -2.29174304008}, "melbands": {"dvar": [4.3725460273e-05, 6.70377048664e-05, 3.25378482557e-06, 1.45517924466e-06, 1.79628244723e-07, 3.32004162829e-07, 2.16360874106e-07, 1.86048893625e-07, 4.06249029083e-07, 7.81547555562e-08, 9.2094062154e-08, 1.10330645953e-07, 8.2497253473e-09, 2.37906516709e-09, 9.3141827584e-10, 2.83366219378e-09, 3.03873015639e-09, 8.47527992232e-10, 1.10736086967e-10, 3.08543086913e-11, 3.16648027243e-11, 2.49455681806e-11, 1.49939727301e-10, 2.37455367869e-11, 1.84584413726e-11, 1.38957231138e-11, 5.69341622458e-12, 9.35255258655e-12, 5.98082043959e-12, 3.06725153089e-12, 2.66135377625e-12, 4.10025832731e-12, 1.57027537674e-12, 1.98177542085e-12, 1.85889324766e-12, 1.25382766235e-12, 1.71052820346e-12, 2.08052238632e-12, 1.31809255351e-12, 1.4581232272e-12], "var": [0.000112860099762, 0.000145813042764, 5.03809542352e-06, 1.40544034366e-06, 3.64639959116e-07, 5.34221157977e-07, 6.88256477588e-07, 8.58177656937e-07, 1.27530211103e-06, 2.20683233465e-07, 2.21060858507e-07, 2.08071980978e-07, 5.34960236109e-08, 5.14569631349e-09, 1.34053024237e-09, 2.494555007e-09, 4.24957136147e-09, 3.44086625859e-09, 4.64166732828e-10, 4.67522687231e-11, 5.0409783986e-11, 3.34835492666e-11, 1.42653666657e-10, 4.41136398244e-11, 4.3572562225e-11, 3.8959595966e-11, 1.00645099893e-11, 1.07915074446e-11, 8.07803216679e-12, 4.43040526141e-12, 4.34807441788e-12, 4.5645605351e-12, 2.10346345376e-12, 2.51169441148e-12, 2.52712282524e-12, 1.81983898437e-12, 1.51243264874e-12, 1.64125603299e-12, 1.17483616151e-12, 1.2727654217e-12], "median": [0.000151168555021, 0.000203955569305, 0.000119990465464, 0.000167643127497, 9.62928606896e-05, 5.78381659579e-05, 0.000106385159597, 6.92040048307e-05, 5.40447254025e-05, 2.69113934337e-05, 2.52991594607e-05, 1.11392109829e-05, 1.0759230463e-05, 2.44645025305e-06, 2.22806465899e-06, 2.16606213144e-06, 1.23082668324e-06, 1.04454579741e-06, 8.64310209181e-07, 3.87552347547e-07, 1.24222628983e-06, 1.06740480987e-06, 1.11323311103e-06, 1.18498633128e-06, 1.50456207848e-06, 1.05237040771e-06, 7.82238203101e-07, 3.20243145779e-07, 2.04496785727e-07, 1.81239940389e-07, 2.52414565693e-07, 1.29431640516e-07, 6.58412062648e-08, 8.8541327159e-08, 1.14067205459e-07, 1.05870910261e-07, 8.82600730279e-08, 5.44761036281e-08, 6.37090877831e-08, 5.30553840861e-08], "max": [0.12122759223, 0.194614961743, 0.0419770479202, 0.0328527316451, 0.00709183001891, 0.00974740553647, 0.0106534091756, 0.0150755252689, 0.0240256581455, 0.00859635975212, 0.00880323629826, 0.0123464409262, 0.00319795077667, 0.00136182399001, 0.000639143690933, 0.00108842179179, 0.00105037773028, 0.00149579730351, 0.000680165539961, 0.000161033691256, 0.000116000272101, 0.000103315891465, 0.000243125978159, 0.000109275963041, 7.18721494195e-05, 6.98279836797e-05, 5.08823468408e-05, 4.71884086437e-05, 4.8760932259e-05, 3.47733366652e-05, 2.98978684441e-05, 3.618151095e-05, 1.96429737116e-05, 2.4353779736e-05, 2.2437367079e-05, 2.16018306674e-05, 2.16753996938e-05, 3.33376519848e-05, 2.05019623536e-05, 2.62429766735e-05], "dmean": [0.00161709613167, 0.00196894351393, 0.000499104789924, 0.00030223550857, 0.000153441171278, 0.000175991663127, 0.000153662229422, 0.000128421641421, 0.00017929491878, 8.3197868662e-05, 9.40376266954e-05, 5.42286798009e-05, 3.04482618958e-05, 1.30739208544e-05, 7.0348837653e-06, 9.46806085267e-06, 1.15011771413e-05, 6.79907680023e-06, 2.54313749792e-06, 1.21869140912e-06, 1.61134892096e-06, 1.27710302422e-06, 2.40862550527e-06, 1.51089943756e-06, 1.54182794176e-06, 1.38268183036e-06, 9.66997504293e-07, 8.4406934775e-07, 6.83477026087e-07, 4.70835686883e-07, 5.72842679958e-07, 6.06915023127e-07, 3.96038046802e-07, 4.13521689779e-07, 4.73238117138e-07, 3.8061469354e-07, 3.97442931899e-07, 3.76085921516e-07, 3.48615799339e-07, 3.20710086044e-07], "dmean2": [0.00217772228643, 0.00270104082301, 0.00081884796964, 0.000501748523675, 0.000247327639954, 0.000297331658658, 0.000227036274737, 0.000178592832526, 0.000203495859751, 0.000104555962025, 0.000121616314573, 8.23954978841e-05, 4.35783076682e-05, 2.00997092179e-05, 1.11881681732e-05, 1.57907961693e-05, 1.92944571609e-05, 1.00203496913e-05, 3.61574575436e-06, 1.88353419617e-06, 2.54769497587e-06, 2.07078937819e-06, 3.96012728743e-06, 2.51456344813e-06, 2.52320501204e-06, 2.26023212235e-06, 1.62808191817e-06, 1.47236357861e-06, 1.15713737614e-06, 7.71937209265e-07, 9.86599729913e-07, 1.05644653559e-06, 6.64419985696e-07, 6.95886001267e-07, 7.95331345671e-07, 6.17876253273e-07, 6.84458086653e-07, 6.40513690087e-07, 5.84673614412e-07, 5.42848454188e-07], "mean": [0.00350247672759, 0.00429781340063, 0.000808332231827, 0.000509760924615, 0.000321871892083, 0.000294814555673, 0.00040587678086, 0.00034232341568, 0.000355671887519, 0.000166126803379, 0.000171881023562, 0.000108143656689, 7.4526447861e-05, 2.65768157988e-05, 1.1540372725e-05, 1.29838017529e-05, 1.68764890986e-05, 1.30679563881e-05, 4.90646198159e-06, 1.83296742762e-06, 2.64719915322e-06, 2.13065322896e-06, 3.39102098224e-06, 2.83984763882e-06, 3.32083459398e-06, 3.22908749695e-06, 1.87479588476e-06, 1.24852908812e-06, 9.95022901407e-07, 7.18189482996e-07, 8.65950198659e-07, 7.27910219211e-07, 4.86915325837e-07, 5.48954005808e-07, 6.27559245459e-07, 5.19858360803e-07, 4.55355063878e-07, 3.84369400308e-07, 3.85245101597e-07, 3.55638604788e-07], "dvar2": [8.9088556706e-05, 0.000142154021887, 8.85859572008e-06, 3.93678146793e-06, 4.77112735098e-07, 9.20656077597e-07, 5.18164995356e-07, 4.46016116484e-07, 4.75656122489e-07, 1.23425678566e-07, 1.59342221195e-07, 2.70477443109e-07, 1.57689008518e-08, 5.86366377675e-09, 2.24100449309e-09, 7.62537144539e-09, 8.40744807107e-09, 1.72468417325e-09, 1.77351744401e-10, 6.73025732367e-11, 6.6829243528e-11, 5.5793446252e-11, 3.8464054164e-10, 5.27120430638e-11, 4.35755251327e-11, 3.22512051787e-11, 1.50907654428e-11, 2.59794841889e-11, 1.54854271767e-11, 7.12211192799e-12, 6.40510734728e-12, 1.08095130069e-11, 3.80735547256e-12, 4.91314497766e-12, 4.60723906942e-12, 3.02728762197e-12, 4.57043734456e-12, 5.58090596306e-12, 3.43959105989e-12, 3.78173447418e-12], "min": [7.98167886181e-25, 1.05128465585e-24, 7.89822526664e-25, 8.87044900068e-25, 1.73858238193e-24, 1.91272086296e-24, 1.16935760905e-24, 1.42155880704e-24, 1.18893526318e-24, 3.19239761277e-24, 1.52658518416e-24, 2.27592701765e-24, 1.36065815351e-24, 1.9828553306e-24, 2.07732714324e-24, 1.4489899659e-24, 3.07995357656e-24, 1.37639908401e-24, 2.85733071822e-24, 3.43611678109e-24, 2.9750135797e-24, 2.56361157358e-24, 4.59450853331e-24, 3.56905759299e-24, 4.14462865324e-24, 3.32624265649e-24, 3.80553284882e-24, 4.96571334315e-24, 4.64552574577e-24, 4.33557559079e-24, 4.18891293787e-24, 5.26815512003e-24, 5.18711307265e-24, 5.57851114394e-24, 5.38080721831e-24, 5.52054288361e-24, 5.6600438628e-24, 6.03306384158e-24, 4.87674797684e-24, 6.26968306454e-24]}, "spectral_decrease": {"dvar": 9.53416844358e-17, "var": 2.76454507446e-16, "median": -2.6422077859e-09, "max": 2.69152970848e-28, "dmean": 2.97283597739e-09, "dmean2": 4.09491374143e-09, "mean": -8.33431013092e-09, "dvar2": 1.96559448185e-16, "min": -2.03433543788e-07}, "barkbands_kurtosis": {"dvar": 278.155761719, "var": 1286.43432617, "median": 5.48083162308, "max": 756.227905273, "dmean": 5.88803815842, "dmean2": 8.64207649231, "mean": 14.7751941681, "dvar2": 478.402893066, "min": -1.92518854141}, "silence_rate_30dB": {"dvar": 0.0346539132297, "var": 0.0762082412839, "median": 1, "max": 1, "dmean": 0.0359490737319, "dmean2": 0.07190413028, "mean": 0.916874706745, "dvar2": 0.0760594233871, "min": 0}, "gfcc": {"mean": [-116.5182724, 109.914627075, -80.1129989624, 18.1657962799, -59.8714637756, 5.40842056274, -32.1158485413, 17.7793979645, -22.5107212067, 0.500601351261, -12.2996206284, -0.810799658298, -13.0882167816], "cov": [[36619.1054688, -496.307739258, -1896.98706055, 1205.56591797, -1511.1505127, 648.249511719, 42.0327262878, 1195.62988281, -355.340423584, 487.09387207, -12.1259613037, 205.784179688, -342.911132812], [-496.307739258, 2977.43408203, -704.021728516, -1582.95703125, 31.746515274, -231.736709595, 92.7875442505, -562.234985352, 50.0985984802, -236.247695923, 70.0893707275, -246.554656982, 78.7242965698], [-1896.98706055, -704.021728516, 1039.84179688, 352.62701416, 252.398681641, 51.8172225952, 57.0987243652, 60.5717582703, 17.3531475067, 47.8905029297, -44.429523468, 74.7411346436, -25.1905174255], [1205.56591797, -1582.95703125, 352.62701416, 1983.61206055, 98.4309310913, 260.43939209, -49.0583953857, 573.39855957, 9.98279476166, 158.258132935, 21.416595459, 114.638442993, -2.44131207466], [-1511.1505127, 31.746515274, 252.398681641, 98.4309310913, 446.072357178, 122.652374268, 70.3453521729, -79.9336853027, 66.4524078369, 23.3291969299, -15.6785058975, -60.0981254578, -13.8145608902], [648.249511719, -231.736709595, 51.8172225952, 260.43939209, 122.652374268, 239.809631348, 73.2795791626, 96.2516021729, 2.44109201431, 79.6967697144, -14.0841503143, -5.48677635193, -12.2623624802], [42.0327262878, 92.7875442505, 57.0987243652, -49.0583953857, 70.3453521729, 73.2795791626, 197.095199585, 39.5208816528, 47.4681282043, 6.75084066391, 29.2943649292, -5.10043716431, 22.3896064758], [1195.62988281, -562.234985352, 60.5717582703, 573.39855957, -79.9336853027, 96.2516021729, 39.5208816528, 325.469787598, 21.5956306458, 66.3182601929, 15.3076667786, 66.4220352173, -12.9392375946], [-355.340423584, 50.0985984802, 17.3531475067, 9.98279476166, 66.4524078369, 2.44109201431, 47.4681282043, 21.5956306458, 97.848236084, 26.5281562805, 24.9582691193, -19.4286518097, 4.97014808655], [487.09387207, -236.247695923, 47.8905029297, 158.258132935, 23.3291969299, 79.6967697144, 6.75084066391, 66.3182601929, 26.5281562805, 116.578811646, 11.6027212143, 2.89318132401, -24.2599525452], [-12.1259613037, 70.0893707275, -44.429523468, 21.416595459, -15.6785058975, -14.0841503143, 29.2943649292, 15.3076667786, 24.9582691193, 11.6027212143, 78.980178833, 22.8249530792, 17.615322113], [205.784179688, -246.554656982, 74.7411346436, 114.638442993, -60.0981254578, -5.48677635193, -5.10043716431, 66.4220352173, -19.4286518097, 2.89318132401, 22.8249530792, 87.4029998779, 12.8317327499], [-342.911132812, 78.7242965698, -25.1905174255, -2.44131207466, -13.8145608902, -12.2623624802, 22.3896064758, -12.9392375946, 4.97014808655, -24.2599525452, 17.615322113, 12.8317327499, 71.5530319214]], "icov": [[5.04014715261e-05, -6.61109152134e-05, 8.16418978502e-05, -4.75593515148e-05, 0.000144093675772, -8.40173888719e-05, -0.000111592620669, -7.27398946765e-05, 0.000135834881803, -0.000221153823077, 0.000184323944268, -0.000222739457968, 0.000286735827103], [-6.61109152134e-05, 0.0011669837404, 0.000112316200102, 0.000661686237436, -0.000291218457278, -6.88273794367e-05, 0.000176286062924, 0.000163086791872, -0.000159137300216, 0.00165783602279, -0.0020917900838, 0.0027744169347, -0.00104177719913], [8.16418978502e-05, 0.000112316200102, 0.00187358236872, -0.000304246204905, -0.00098614837043, 0.00107552646659, -0.00134181464091, 0.000369016779587, 0.000376512121875, -0.00117371836677, 0.00206948677078, -0.00260229501873, 0.000930527225137], [-4.75593515148e-05, 0.000661686237436, -0.000304246204905, 0.00213801697828, -0.00136844231747, -0.000450967811048, 0.00209050928243, -0.00354249961674, 0.00106972258072, 0.0006942130276, -0.00242364336737, 0.00246632052585, -0.00231087720022], [0.000144093675772, -0.000291218457278, -0.00098614837043, -0.00136844231747, 0.00639362959191, -0.00396282644942, -0.00102873519063, 0.00432895822451, -0.00426551699638, 0.00160106364638, 0.000462951866211, 0.000731464184355, 0.00287107122131], [-8.40173888719e-05, -6.88273794367e-05, 0.00107552646659, -0.000450967811048, -0.00396282644942, 0.0110493265092, -0.00409026863053, -0.00209043710493, 0.00539633911103, -0.0068333488889, 0.00359258404933, -0.000304700195557, -0.00145479547791], [-0.000111592620669, 0.000176286062924, -0.00134181464091, 0.00209050928243, -0.00102873519063, -0.00409026863053, 0.0104619702324, -0.00413928320631, -0.00260236789472, 0.00349528808147, -0.00524149136618, 0.00321531202644, -0.00397196318954], [-7.27398946765e-05, 0.000163086791872, 0.000369016779587, -0.00354249961674, 0.00432895822451, -0.00209043710493, -0.00413928320631, 0.0133981639519, -0.00608993554488, 0.000672931550071, 0.00279543641955, -0.00539850210771, 0.00460771331564], [0.000135834881803, -0.000159137300216, 0.000376512121875, 0.00106972258072, -0.00426551699638, 0.00539633911103, -0.00260236789472, -0.00608993554488, 0.0200314968824, -0.00660587567836, -0.0039766705595, 0.0055138641037, -0.00283152260818], [-0.000221153823077, 0.00165783602279, -0.00117371836677, 0.0006942130276, 0.00160106364638, -0.0068333488889, 0.00349528808147, 0.000672931550071, -0.00660587567836, 0.0188341382891, -0.0074294754304, 0.00511433370411, 0.00264906394295], [0.000184323944268, -0.0020917900838, 0.00206948677078, -0.00242364336737, 0.000462951866211, 0.00359258404933, -0.00524149136618, 0.00279543641955, -0.0039766705595, -0.0074294754304, 0.0247109215707, -0.0140310525894, 0.000871361873578], [-0.000222739457968, 0.0027744169347, -0.00260229501873, 0.00246632052585, 0.000731464184355, -0.000304700195557, 0.00321531202644, -0.00539850210771, 0.0055138641037, 0.00511433370411, -0.0140310525894, 0.0293492656201, -0.00730327097699], [0.000286735827103, -0.00104177719913, 0.000930527225137, -0.00231087720022, 0.00287107122131, -0.00145479547791, -0.00397196318954, 0.00460771331564, -0.00283152260818, 0.00264906394295, 0.000871361873578, -0.00730327097699, 0.0213158670813]]}, "silence_rate_20dB": {"dvar": 0.00825192220509, "var": 0.0106998672709, "median": 1, "max": 1, "dmean": 0.00832154415548, "dmean2": 0.0166444741189, "mean": 0.989182889462, "dvar2": 0.0183635074645, "min": 0}, "barkbands_skewness": {"dvar": 0.67289942503, "var": 4.88683509827, "median": 1.90686821938, "max": 24.5814189911, "dmean": 0.599470317364, "dmean2": 0.882715642452, "mean": 2.40625524521, "dvar2": 1.30707657337, "min": -2.14615893364}, "erbbands_skewness": {"dvar": 0.121362492442, "var": 0.851730883121, "median": 0.859111905098, "max": 5.23567008972, "dmean": 0.338326394558, "dmean2": 0.51704955101, "mean": 0.842356562614, "dvar2": 0.299575954676, "min": -3.10202074051}, "spectral_contrast_valleys": {"dvar": [0.117094002664, 0.100116997957, 0.103915601969, 0.0801964178681, 0.0787412822247, 0.266557872295], "var": [7.46651029587, 7.7891793251, 7.30973720551, 6.62783670425, 7.48066043854, 6.5776181221], "median": [-7.75019693375, -7.00330162048, -8.08062553406, -8.88096809387, -8.34613323212, -10.8340587616], "max": [-4.62508487701, -4.38097858429, -4.81927919388, -5.96275424957, -5.88303470612, -7.72796201706], "dmean": [0.355483204126, 0.313610553741, 0.301110386848, 0.249133273959, 0.211171805859, 0.338791698217], "dmean2": [0.575046122074, 0.509189665318, 0.488413959742, 0.396438896656, 0.340720742941, 0.496039003134], "mean": [-8.15507698059, -7.65154266357, -8.68374538422, -9.37426757812, -9.12526035309, -11.4224758148], "dvar2": [0.246067926288, 0.209938079119, 0.21271418035, 0.146248951554, 0.148080706596, 0.576997697353], "min": [-28.1936740875, -28.1077766418, -27.9036750793, -27.7032241821, -27.4926319122, -27.4320926666]}, "spectral_strongpeak": {"dvar": 0.344161123037, "var": 0.854368031025, "median": 0.422588348389, "max": 8.36884975433, "dmean": 0.26726514101, "dmean2": 0.43327280879, "mean": 0.731468558311, "dvar2": 0.838389575481, "min": 0}, "erbbands_crest": {"dvar": 5.41906070709, "var": 29.0674324036, "median": 9.95687294006, "max": 30.5012836456, "dmean": 2.33520293236, "dmean2": 3.45410871506, "mean": 11.0238456726, "dvar2": 11.4793748856, "min": 2.39423799515}, "barkbands_crest": {"dvar": 4.26914405823, "var": 23.5122680664, "median": 11.8257904053, "max": 26.380897522, "dmean": 2.06472468376, "dmean2": 3.15451622009, "mean": 12.684337616, "dvar2": 10.3162937164, "min": 2.80481600761}, "spectral_energyband_middle_low": {"dvar": 0.000136195303639, "var": 0.000339741207426, "median": 0.00482221273705, "max": 0.259523391724, "dmean": 0.00373377162032, "dmean2": 0.00560354720801, "mean": 0.0110129406676, "dvar2": 0.000330138282152, "min": 1.44889792161e-22}, "spectral_contrast_coeffs": {"dvar": [0.00133238197304, 0.000984521349892, 0.000776274362579, 0.000356379809091, 0.000212090832065, 0.000167805032106], "var": [0.00930147338659, 0.00727391429245, 0.0077213649638, 0.00260937772691, 0.00151949108113, 0.00151374586858], "median": [-0.658420324326, -0.724020123482, -0.750508904457, -0.826542615891, -0.815798521042, -0.817422866821], "max": [-0.28655064106, -0.442996352911, -0.380386948586, -0.549117326736, -0.577820777893, -0.707834362984], "dmean": [0.0410730578005, 0.0381482206285, 0.0331916548312, 0.0235314555466, 0.017417723313, 0.0132570778951], "dmean2": [0.0671106949449, 0.062896259129, 0.0521671846509, 0.0392978452146, 0.0292085427791, 0.02226068452], "mean": [-0.647626578808, -0.720491588116, -0.744066894054, -0.820138216019, -0.819201052189, -0.819089889526], "dvar2": [0.00358464941382, 0.00276960502379, 0.0018574007554, 0.000975028786343, 0.000581539992709, 0.000392620684579], "min": [-0.981493711472, -0.980393052101, -0.976717472076, -0.979292929173, -0.96730196476, -0.965518951416]}, "hfc": {"dvar": 111.712898254, "var": 268.903533936, "median": 5.21212005615, "max": 153.380477905, "dmean": 3.91096663475, "dmean2": 5.71598291397, "mean": 10.7323284149, "dvar2": 249.104782104, "min": 1.07626726048e-16}, "spectral_energyband_high": {"dvar": 4.21565260922e-07, "var": 4.77990170111e-07, "median": 4.81914248667e-05, "max": 0.0120120644569, "dmean": 0.000189126687474, "dmean2": 0.000301815074636, "mean": 0.000248332507908, "dvar2": 1.02472210983e-06, "min": 7.13780451362e-21}, "erbbands_spread": {"dvar": 152.459701538, "var": 837.508911133, "median": 32.0462875366, "max": 154.817962646, "dmean": 8.24835777283, "dmean2": 12.8515758514, "mean": 39.1363487244, "dvar2": 371.638366699, "min": 1.4943921566}, "dissonance": {"dvar": 0.000689286447596, "var": 0.00389758730307, "median": 0.451340168715, "max": 0.499995112419, "dmean": 0.025251256302, "dmean2": 0.0426163002849, "mean": 0.431053340435, "dvar2": 0.00185299827717, "min": 0.121682584286}, "spectral_kurtosis": {"dvar": 182.569381714, "var": 1678.37695312, "median": 4.50613117218, "max": 282.644897461, "dmean": 5.15407276154, "dmean2": 8.83337497711, "mean": 18.551984787, "dvar2": 523.979125977, "min": -1.2665489912}, "spectral_skewness": {"dvar": 0.370547622442, "var": 4.78391647339, "median": 1.77633309364, "max": 13.1564712524, "dmean": 0.362453818321, "dmean2": 0.618624448776, "mean": 2.5232527256, "dvar2": 1.07223939896, "min": -0.105869472027}, "pitch_salience": {"dvar": 0.00354997138493, "var": 0.0177671033889, "median": 0.501402974129, "max": 0.84898775816, "dmean": 0.0584207065403, "dmean2": 0.0911298692226, "mean": 0.494036853313, "dvar2": 0.00862307939678, "min": 0.0525052845478}, "spectral_complexity": {"dvar": 6.9367609024, "var": 47.7045059204, "median": 8, "max": 53, "dmean": 1.56661391258, "dmean2": 2.47120499611, "mean": 8.75262069702, "dvar2": 12.58152771, "min": 0}, "spectral_spread": {"dvar": 1561206456320.0, "var": 23443380633600.0, "median": 4712878, "max": 52382884, "dmean": 759786, "dmean2": 1127175.125, "mean": 5328617, "dvar2": 3306617569280.0, "min": 360483.125}, "dynamic_complexity": 8.02796936035, "melbands_crest": {"dvar": 4.10586881638, "var": 22.3674221039, "median": 14.5347242355, "max": 30.8584480286, "dmean": 2.09903597832, "dmean2": 3.20665192604, "mean": 14.7599306107, "dvar2": 9.87885093689, "min": 1.62374401093}, "zerocrossingrate": {"dvar": 0.000220249843551, "var": 0.00393126066774, "median": 0.03271484375, "max": 0.52880859375, "dmean": 0.00904549472034, "dmean2": 0.0111906453967, "mean": 0.0476213991642, "dvar2": 0.000292283308227, "min": 0.0029296875}, "spectral_energyband_low": {"dvar": 0.00124851660803, "var": 0.00308798416518, "median": 0.00110274227336, "max": 0.755594909191, "dmean": 0.00879738945514, "dmean2": 0.0118671488017, "mean": 0.0199242569506, "dvar2": 0.00256209122017, "min": 1.40751260614e-23}, "melbands_kurtosis": {"dvar": 644.546630859, "var": 2719.2355957, "median": 11.5126752853, "max": 536.794250488, "dmean": 11.1566076279, "dmean2": 17.273267746, "mean": 31.2214488983, "dvar2": 1515.74401855, "min": -1.8440476656}, "spectral_energyband_middle_high": {"dvar": 9.02547526493e-06, "var": 1.94598615053e-05, "median": 0.000536141451448, "max": 0.0853630006313, "dmean": 0.000754686363507, "dmean2": 0.0011313733412, "mean": 0.00195853947662, "dvar2": 2.19669382204e-05, "min": 1.10549730324e-21}, "barkbands_spread": {"dvar": 79.6906509399, "var": 195.589553833, "median": 9.75567245483, "max": 116.826698303, "dmean": 4.45374250412, "dmean2": 6.9180150032, "mean": 14.106004715, "dvar2": 176.797409058, "min": 0.325261265039}, "mfcc": {"mean": [-753.966491699, 139.266479492, 30.0258731842, 20.8432750702, -0.0889074280858, -8.63944816589, 2.62971758842, 7.12567281723, -1.53394305706, 5.16320085526, 4.32220506668, -0.289844185114, -3.29523253441], "cov": [[17149.515625, 1013.62805176, -251.898681641, 405.318756104, -489.495178223, -158.574859619, 404.588348389, 452.238372803, 154.050231934, 394.149749756, 303.040679932, 163.980285645, 208.444702148], [1013.62805176, 2800.7512207, -276.973236084, -1062.42736816, -481.502990723, -55.2115592957, -155.385360718, -243.104202271, -142.854644775, -92.534324646, -112.020484924, -131.682144165, -66.6171417236], [-251.898681641, -276.973236084, 497.257141113, 230.458511353, 127.297279358, 9.22394275665, 38.761592865, 48.2733459473, 32.4117126465, -4.12065696716, 4.62514877319, 10.0296325684, 26.8422164917], [405.318756104, -1062.42736816, 230.458511353, 1047.20874023, 415.124237061, 20.5629024506, 162.007949829, 246.454299927, 121.235626221, 123.433479309, 99.9585037231, 107.703552246, 47.5239601135], [-489.495178223, -481.502990723, 127.297279358, 415.124237061, 416.373260498, 178.760635376, 93.9083251953, 64.5858383179, 69.30103302, 75.1921615601, 59.6441459656, 38.8205375671, 6.48323202133], [-158.574859619, -55.2115592957, 9.22394275665, 20.5629024506, 178.760635376, 256.936065674, 93.0929641724, -18.9365234375, 43.7702789307, 42.5467605591, 15.5990743637, 6.56337070465, 13.7004995346], [404.588348389, -155.385360718, 38.761592865, 162.007949829, 93.9083251953, 93.0929641724, 147.164398193, 95.1126708984, 57.8309211731, 53.0415916443, 29.079454422, 25.7371273041, 34.5708274841], [452.238372803, -243.104202271, 48.2733459473, 246.454299927, 64.5858383179, -18.9365234375, 95.1126708984, 165.693710327, 71.4985351562, 48.0527496338, 36.6196937561, 33.5004501343, 23.1031761169], [154.050231934, -142.854644775, 32.4117126465, 121.235626221, 69.30103302, 43.7702789307, 57.8309211731, 71.4985351562, 100.308959961, 69.410446167, 29.9476966858, 13.6260528564, 15.4026327133], [394.149749756, -92.534324646, -4.12065696716, 123.433479309, 75.1921615601, 42.5467605591, 53.0415916443, 48.0527496338, 69.410446167, 111.692634583, 64.8399200439, 20.8999977112, 11.6971988678], [303.040679932, -112.020484924, 4.62514877319, 99.9585037231, 59.6441459656, 15.5990743637, 29.079454422, 36.6196937561, 29.9476966858, 64.8399200439, 82.8531112671, 43.9467048645, 16.0348339081], [163.980285645, -131.682144165, 10.0296325684, 107.703552246, 38.8205375671, 6.56337070465, 25.7371273041, 33.5004501343, 13.6260528564, 20.8999977112, 43.9467048645, 79.9012451172, 40.9560928345], [208.444702148, -66.6171417236, 26.8422164917, 47.5239601135, 6.48323202133, 13.7004995346, 34.5708274841, 23.1031761169, 15.4026327133, 11.6971988678, 16.0348339081, 40.9560928345, 75.9974594116]], "icov": [[8.78720675246e-05, -5.73053912376e-05, 1.66167410498e-05, -0.000129037318402, 0.000289006653475, -9.238030907e-05, -0.000121147990285, -0.000156116962899, 0.000200759721338, -0.000246647599852, -0.000224353425438, 8.56527985889e-05, -0.000123403966427], [-5.73053912376e-05, 0.000650842441246, -1.51843914864e-05, 0.000666261243168, -4.77844732814e-05, 5.41319168406e-05, 1.87807308976e-05, -3.96030518459e-05, 0.000484449818032, -0.000672322988976, 0.000661017780658, -5.42183734069e-05, 0.000209271311178], [1.66167410498e-05, -1.51843914864e-05, 0.00251183914952, -0.000444341334514, -0.000687531370204, 0.0007066522