{"tonal": {"hpcp": {"dvar": [0.0320339947939, 0.0230768583715, 0.0175501033664, 0.0144206732512, 0.0109097044915, 0.016445633024, 0.0299771409482, 0.0194985195994, 0.0124424742535, 0.0112759666517, 0.0102673424408, 0.013788943179, 0.0184695795178, 0.0209264252335, 0.027130831033, 0.0438947603106, 0.0347500480711, 0.0346958525479, 0.0393573567271, 0.0493668690324, 0.0424692854285, 0.0557498075068, 0.0471780449152, 0.0497503168881, 0.0429967790842, 0.0349597074091, 0.0322105847299, 0.0352936275303, 0.030806209892, 0.0315241441131, 0.0373348779976, 0.0314896143973, 0.0290494449437, 0.0356400348246, 0.0780567750335, 0.0807707682252], "var": [0.0854480043054, 0.0492462515831, 0.0207259748131, 0.0171952042729, 0.0129311233759, 0.0252525769174, 0.0581608116627, 0.0331305526197, 0.0161294601858, 0.0155005445704, 0.0149676818401, 0.0202836673707, 0.0319691859186, 0.0274984035641, 0.0522995814681, 0.148240059614, 0.0838528722525, 0.0332211442292, 0.0341831259429, 0.043368011713, 0.0760352984071, 0.153780519962, 0.0921958684921, 0.059137057513, 0.04533611238, 0.0267776809633, 0.0369164906442, 0.0700612589717, 0.0418899469078, 0.0240595657378, 0.0298701543361, 0.0251895710826, 0.0288731530309, 0.0385888665915, 0.0621734112501, 0.0726991593838], "median": [0.0909171923995, 0.066766962409, 0.0384270586073, 0.0274140853435, 0.0297690946609, 0.0629657804966, 0.0968512892723, 0.0778643786907, 0.0419684462249, 0.0323969945312, 0.0285759493709, 0.0339459404349, 0.0370536148548, 0.0522185824811, 0.110165409744, 0.110609985888, 0.0837548002601, 0.0490586049855, 0.0340594127774, 0.044598583132, 0.162619292736, 0.233118146658, 0.184513553977, 0.0840616598725, 0.0573821626604, 0.0396650992334, 0.0551307015121, 0.070983864367, 0.0452216975391, 0.0286219250411, 0.0305292215198, 0.0358854494989, 0.0594045594335, 0.0757476612926, 0.0541974380612, 0.0714212879539], "max": [1, 1, 1, 1, 1, 1, 1, 1, 1, 1, 1, 1, 1, 1, 1, 1, 1, 1, 1, 1, 1, 1, 1, 1, 1, 1, 1, 1, 1, 1, 1, 1, 1, 1, 1, 1], "dmean": [0.124697349966, 0.104131445289, 0.0742344781756, 0.0620999671519, 0.0565372258425, 0.0887278541923, 0.128439605236, 0.103020459414, 0.0673653632402, 0.0595557354391, 0.0561755076051, 0.0669283792377, 0.0814044326544, 0.0924279764295, 0.13204240799, 0.135127842426, 0.143989995122, 0.120294399559, 0.120963707566, 0.146657973528, 0.175810933113, 0.184445872903, 0.191173329949, 0.176548928022, 0.146800011396, 0.100262314081, 0.108937308192, 0.114604778588, 0.0963818132877, 0.0868092626333, 0.0952904224396, 0.0886138603091, 0.101199135184, 0.122872158885, 0.175436064601, 0.183462485671], "dmean2": [0.212044373155, 0.173915416002, 0.127962499857, 0.106824465096, 0.0973613187671, 0.147607594728, 0.209623679519, 0.170602500439, 0.115872725844, 0.102083265781, 0.0962982028723, 0.113998867571, 0.138417229056, 0.159154742956, 0.220712289214, 0.226105585694, 0.241120457649, 0.214722275734, 0.220009699464, 0.267080724239, 0.300215065479, 0.31844240427, 0.3238709867, 0.306481480598, 0.259201139212, 0.182969167829, 0.1905131042, 0.198420152068, 0.170033350587, 0.157820045948, 0.174029350281, 0.161544889212, 0.175443142653, 0.211077705026, 0.32215783, 0.335625201464], "mean": [0.223968312144, 0.165432721376, 0.0900121703744, 0.0741437226534, 0.0685028135777, 0.12429022789, 0.194095954299, 0.149632394314, 0.0842623338103, 0.0739435702562, 0.070032119751, 0.088302090764, 0.107996568084, 0.113303557038, 0.21230506897, 0.330311685801, 0.243636220694, 0.120541483164, 0.108255818486, 0.130899056792, 0.273069530725, 0.418090492487, 0.312754005194, 0.190058857203, 0.150010153651, 0.094871416688, 0.133616507053, 0.178666695952, 0.125792458653, 0.0833774656057, 0.0901151895523, 0.0889904350042, 0.120411537588, 0.148184806108, 0.156104102731, 0.191900447011], "dvar2": [0.0788496434689, 0.059422750026, 0.0478158220649, 0.0394968762994, 0.0294173955917, 0.0412370711565, 0.069965466857, 0.0494571365416, 0.0336110591888, 0.03009499982, 0.028246961534, 0.0374705158174, 0.0473314784467, 0.0574546679854, 0.0723178014159, 0.0953546538949, 0.0861938074231, 0.09598480165, 0.111596606672, 0.137245416641, 0.114600405097, 0.129161894321, 0.122949272394, 0.125833436847, 0.111090175807, 0.10140221566, 0.0927130356431, 0.0939504951239, 0.087339386344, 0.0911520272493, 0.107689835131, 0.0907615125179, 0.0800509378314, 0.0911028385162, 0.2007612288, 0.216367006302], "min": [0, 0, 0, 0, 0, 0, 0, 0, 0, 0, 0, 0, 0, 0, 0, 0, 0, 0, 0, 0, 0, 0, 0, 0, 0, 0, 0, 0, 0, 0, 0, 0, 0, 0, 0, 0]}, "key_key": "A", "thpcp": [1, 0.748053371906, 0.454587846994, 0.358798295259, 0.226915985346, 0.319587528706, 0.427339762449, 0.300873756409, 0.199424445629, 0.21553991735, 0.21284969151, 0.288003534079, 0.354432374239, 0.373373955488, 0.458992600441, 0.535693407059, 0.395686388016, 0.215293511748, 0.177338927984, 0.163846865296, 0.297280699015, 0.464243888855, 0.357894748449, 0.201540902257, 0.176860198379, 0.167504698038, 0.211203292012, 0.258309066296, 0.271002471447, 0.507796943188, 0.79004830122, 0.582735598087, 0.288314342499, 0.258929163218, 0.313087850809, 0.653135001659], "chords_key": "E", "tuning_equal_tempered_deviation": 0.0601939298213, "tuning_frequency": 438.731048584, "tuning_diatonic_strength": 0.595222175121, "chords_histogram": [4.34306049347, 2.02767491341, 38.7313346863, 0.219208106399, 0.424715727568, 0.0411015190184, 1.82216739655, 0.356213182211, 0, 0.0137005066499, 0.219208106399, 0, 0, 0.260309636593, 0, 6.35703516006, 0.328812152147, 1.2741471529, 0, 4.57596921921, 1.86326897144, 3.6032333374, 22.0030136108, 11.535826683], "key_strength": 0.708931744099, "key_scale": "major", "chords_strength": {"dvar": 4.59705697722e-05, "var": 0.00570032000542, "median": 0.546871840954, "max": 0.758918941021, "dmean": 0.00737062236294, "dmean2": 0.00764262210578, "mean": 0.544590711594, "dvar2": 5.57078310521e-05, "min": 0.25032427907}, "chords_number_rate": 0.00150705571286, "tuning_nontempered_energy_ratio": 0.707273840904, "hpcp_entropy": {"dvar": 0.404565483332, "var": 0.878908216953, "median": 1.83443319798, "max": 4.58928871155, "dmean": 0.805256128311, "dmean2": 1.33608567715, "mean": 1.81807923317, "dvar2": 1.04282641411, "min": 0}, "chords_changes_rate": 0.0419235527515, "chords_scale": "major"}, "rhythm": {"bpm_histogram_first_peak_spread": {"dvar": 0, "var": 0, "median": 0.436011910439, "max": 0.436011910439, "dmean": 0, "dmean2": 0, "mean": 0.436011910439, "dvar2": 0, "min": 0.436011910439}, "bpm_histogram_first_peak_weight": {"dvar": 0, "var": 0, "median": 0.555718481541, "max": 0.555718481541, "dmean": 0, "dmean2": 0, "mean": 0.555718481541, "dvar2": 0, "min": 0.555718481541}, "bpm_histogram_first_peak_bpm": {"dvar": 0, "var": 0, "median": 120, "max": 120, "dmean": 0, "dmean2": 0, "mean": 120, "dvar2": 0, "min": 120}, "bpm": 121.249649048, "bpm_histogram_second_peak_weight": {"dvar": 0, "var": 0, "median": 0.00733137829229, "max": 0.00733137829229, "dmean": 0, "dmean2": 0, "mean": 0.00733137829229, "dvar2": 0, "min": 0.00733137829229}, "beats_loudness": {"dvar": 0.000316912337439, "var": 0.000755600864068, "median": 0.0865053534508, "max": 0.133280918002, "dmean": 0.020692139864, "dmean2": 0.0362792126834, "mean": 0.0805097594857, "dvar2": 0.000876064179465, "min": 1.54459448822e-05}, "beats_loudness_band_ratio": {"dvar": [0.00942855607718, 0.0038537720684, 0.00474155833945, 0.00150244985707, 0.00257366080768, 0.00247800257057], "var": [0.0378700345755, 0.00376945850439, 0.00756469415501, 0.00227626087144, 0.00418122112751, 0.00278405356221], "median": [0.85982644558, 0.0202135369182, 0.0372788235545, 0.0234375931323, 0.0296814031899, 0.0161758475006], "max": [0.989761590958, 0.735885620117, 0.827195346355, 0.61455899477, 0.736639380455, 0.728147387505], "dmean": [0.0788594037294, 0.0342520810664, 0.0405767671764, 0.024407248944, 0.026749772951, 0.0138166416436], "dmean2": [0.140323415399, 0.0609701052308, 0.0733313262463, 0.04304279387, 0.0453264378011, 0.0228442307562], "mean": [0.806889951229, 0.0383671522141, 0.0573572814465, 0.0366516709328, 0.045220606029, 0.0250000841916], "dvar2": [0.0226378720254, 0.0105983717367, 0.0147005561739, 0.0042696883902, 0.00650261063129, 0.00540601741523], "min": [6.31825823803e-05, 0.000572670309339, 0.00140558357816, 0.000379644072382, 0.00194121222012, 9.45474166656e-05]}, "bpm_histogram_second_peak_bpm": {"dvar": 0, "var": 0, "median": 115, "max": 115, "dmean": 0, "dmean2": 0, "mean": 115, "dvar2": 0, "min": 115}, "onset_rate": 6.98964262009, "beats_count": 683, "beats_position": [0.452789098024, 0.9287981987, 1.4164172411, 1.90403628349, 2.40326523781, 2.90249419212, 3.40172338486, 3.90095233917, 4.41179132462, 4.93424034119, 5.47990942001, 6.00235795975, 6.53641700745, 7.08208608627, 7.59292507172, 8.09215450287, 8.59138298035, 9.07900238037, 9.56662082672, 10.0658502579, 10.5650787354, 11.0526981354, 11.5519275665, 12.051156044, 12.538775444, 13.0263938904, 13.5256233215, 14.0248527527, 14.512471199, 15.0117006302, 15.5109291077, 16.0101585388, 16.50938797, 16.99700737, 17.4846248627, 17.9838542938, 18.483083725, 18.970703125, 19.4699325562, 19.96916008, 20.45677948, 20.94439888, 21.4436283112, 21.942855835, 22.430475235, 22.9297046661, 23.4289340973, 23.9165534973, 24.40417099, 24.9034004211, 25.4026298523, 25.8902492523, 26.3894786835, 26.8887062073, 27.3879356384, 27.8871650696, 28.3747844696, 28.8624038696, 29.3616313934, 29.8608608246, 30.3484802246, 30.8360996246, 31.3353290558, 31.8345565796, 32.322177887, 32.8214035034, 33.3206329346, 33.8082542419, 34.3074836731, 34.8067131042, 35.2943305969, 35.7935600281, 36.2927894592, 36.7804069519, 37.2680282593, 37.7672538757, 38.2664833069, 38.7541046143, 39.2533340454, 39.7525634766, 40.2401809692, 40.7277984619, 41.2270278931, 41.7262573242, 42.2138786316, 42.713104248, 43.2123336792, 43.7115631104, 44.2107925415, 44.6984100342, 45.1860313416, 45.6852607727, 46.1844902039, 46.6721076965, 47.1713371277, 47.6705665588, 48.1581840515, 48.6458053589, 49.14503479, 49.6442604065, 50.1318817139, 50.6194992065, 51.1187286377, 51.6179580688, 52.1055755615, 52.6048049927, 53.1040344238, 53.5916557312, 54.0908851624, 54.5901107788, 55.0777320862, 55.5769615173, 56.0761909485, 56.5638084412, 57.0630378723, 57.5622673035, 58.0498847961, 58.5375061035, 59.03673172, 59.5359611511, 60.0235824585, 60.5228118896, 61.0220413208, 61.5096588135, 62.0088882446, 62.5081176758, 62.9957351685, 63.4949645996, 63.9941940308, 64.4818115234, 64.9694290161, 65.4686584473, 65.9678878784, 66.4555053711, 66.9547348022, 67.4539642334, 67.9415893555, 68.4408187866, 68.9400405884, 69.4276657104, 69.9152832031, 70.4145126343, 70.9137420654, 71.4129714966, 71.9005889893, 72.3998184204, 72.8874359131, 73.3866653442, 73.8858947754, 74.3735122681, 74.8727416992, 75.3719711304, 75.859588623, 76.3472061157, 76.8464355469, 77.345664978, 77.8332901001, 78.3325119019, 78.831741333, 79.3193664551, 79.8069839478, 80.3062133789, 80.8054428101, 81.2930603027, 81.7922897339, 82.291519165, 82.7791366577, 83.2783660889, 83.77759552, 84.2652130127, 84.7644424438, 85.263671875, 85.7512893677, 86.2389068604, 86.7381362915, 87.2373657227, 87.7249908447, 88.2242126465, 88.7234420776, 89.2110671997, 89.7102966309, 90.2095184326, 90.6971435547, 91.2079772949, 91.695602417, 92.1832199097, 92.6708374023, 93.1700668335, 93.6692962646, 94.1569137573, 94.6561431885, 95.1553726196, 95.6429901123, 96.130607605, 96.6298370361, 97.1290664673, 97.61668396, 98.1159133911, 98.6151428223, 99.1027679443, 99.590385437, 100.089614868, 100.588844299, 101.08807373, 101.587303162, 102.074920654, 102.562538147, 103.073379517, 103.560997009, 104.048614502, 104.547843933, 105.047073364, 105.534690857, 106.033920288, 106.533149719, 107.020767212, 107.508384705, 108.007614136, 108.506843567, 108.994468689, 109.493690491, 109.992919922, 110.480545044, 110.991378784, 111.479003906, 111.966621399, 112.46585083, 112.965080261, 113.452697754, 113.940315247, 114.439544678, 114.938774109, 115.426391602, 115.925621033, 116.424850464, 116.912467957, 117.400085449, 117.89931488, 118.398544312, 118.909385681, 119.397003174, 119.884620667, 120.372245789, 120.87147522, 121.370697021, 121.858322144, 122.357551575, 122.856781006, 123.344398499, 123.84362793, 124.342857361, 124.830474854, 125.329704285, 125.828933716, 126.316551208, 126.81578064, 127.315010071, 127.802627563, 128.290252686, 128.789474487, 129.277099609, 129.776321411, 130.263946533, 130.774780273, 131.262405396, 131.761627197, 132.260864258, 132.748474121, 133.236099243, 133.735321045, 134.234558105, 134.733779907, 135.221405029, 135.709014893, 136.208251953, 136.707473755, 137.206710815, 137.694335938, 138.181945801, 138.681182861, 139.180404663, 139.668029785, 140.155639648, 140.666488647, 141.154098511, 141.641723633, 142.140945435, 142.640182495, 143.127792358, 143.627029419, 144.126251221, 144.613876343, 145.113098145, 145.612335205, 146.099945068, 146.58757019, 147.086807251, 147.586029053, 148.073654175, 148.572875977, 149.072113037, 149.5597229, 150.058959961, 150.558181763, 151.045806885, 151.533416748, 152.032653809, 152.53187561, 153.019500732, 153.507110596, 154.006347656, 154.505569458, 155.004806519, 155.50402832, 155.991653442, 156.490875244, 156.990112305, 157.477722168, 157.96534729, 158.464584351, 158.963806152, 159.451431274, 159.950653076, 160.449890137, 160.9375, 161.425125122, 161.924346924, 162.423583984, 162.911193848, 163.410430908, 163.90965271, 164.397277832, 164.896499634, 165.395736694, 165.883346558, 166.382583618, 166.88180542, 167.369430542, 167.857055664, 168.356277466, 168.855514526, 169.354736328, 169.85395813, 170.341583252, 170.840820312, 171.340042114, 171.827667236, 172.3152771, 172.81451416, 173.313735962, 173.801361084, 174.300582886, 174.799819946, 175.28742981, 175.78666687, 176.285888672, 176.773513794, 177.261123657, 177.760360718, 178.25958252, 178.747207642, 179.246429443, 179.745666504, 180.233291626, 180.732513428, 181.231735229, 181.719360352, 182.206985474, 182.706207275, 183.205444336, 183.693054199, 184.19229126, 184.691513062, 185.179138184, 185.666748047, 186.165985107, 186.665206909, 187.152832031, 187.640457153, 188.139678955, 188.638900757, 189.138137817, 189.637359619, 190.124984741, 190.624221802, 191.123443604, 191.611068726, 192.098678589, 192.597915649, 193.097137451, 193.584762573, 194.083984375, 194.583221436, 195.070831299, 195.558456421, 196.057678223, 196.556915283, 197.044525146, 197.543762207, 198.042984009, 198.530609131, 199.029830933, 199.529067993, 200.016693115, 200.527526855, 201.015136719, 201.502761841, 201.990386963, 202.489608765, 202.988845825, 203.476455688, 203.975692749, 204.474914551, 204.962539673, 205.461761475, 205.960998535, 206.448608398, 206.936233521, 207.435455322, 207.934692383, 208.422302246, 208.909927368, 209.409164429, 209.90838623, 210.407608032, 210.906845093, 211.394470215, 211.893692017, 212.392913818, 212.88053894, 213.368164062, 213.867385864, 214.366622925, 214.854232788, 215.353469849, 215.85269165, 216.351928711, 216.839538574, 217.338775635, 217.826385498, 218.325622559, 218.82484436, 219.312469482, 219.800079346, 220.310928345, 220.798538208, 221.28616333, 221.785385132, 222.284622192, 222.772247314, 223.271469116, 223.770706177, 224.269927979, 224.76914978, 225.256774902, 225.756011963, 226.243621826, 226.742858887, 227.23046875, 227.729705811, 228.228927612, 228.716552734, 229.204162598, 229.69178772, 230.191009521, 230.690246582, 231.189468384, 231.688705444, 232.176315308, 232.66394043, 233.16317749, 233.662399292, 234.150024414, 234.649246216, 235.148483276, 235.647705078, 236.14692688, 236.634552002, 237.122177124, 237.609786987, 238.109024048, 238.60824585, 239.095870972, 239.606704712, 240.094329834, 240.581939697, 241.081176758, 241.58039856, 242.068023682, 242.567245483, 243.054870605, 243.554092407, 244.041717529, 244.529342651, 245.028564453, 245.527801514, 246.027023315, 246.526260376, 247.013870239, 247.5131073, 248.012329102, 248.499954224, 248.987564087, 249.486801147, 249.986022949, 250.473648071, 250.972869873, 251.472106934, 251.959716797, 252.447341919, 252.946563721, 253.445800781, 253.933425903, 254.432647705, 254.931884766, 255.419494629, 255.918731689, 256.41796875, 256.905578613, 257.404815674, 257.904022217, 258.391662598, 258.879272461, 259.378509521, 259.877716064, 260.365356445, 260.864562988, 261.363800049, 261.851409912, 262.350646973, 262.849884033, 263.337493896, 263.825134277, 264.32434082, 264.823577881, 265.311187744, 265.810424805, 266.309661865, 266.797271729, 267.296508789, 267.784118652, 268.283355713, 268.782592773, 269.281799316, 269.769439697, 270.257049561, 270.756286621, 271.255493164, 271.743133545, 272.230743408, 272.729980469, 273.229187012, 273.728424072, 274.227661133, 274.715270996, 275.214508057, 275.70211792, 276.20135498, 276.688964844, 277.188201904, 277.687438965, 278.175048828, 278.674285889, 279.173522949, 279.661132812, 280.148742676, 280.647979736, 281.147216797, 281.64642334, 282.1456604, 282.633270264, 283.132507324, 283.620117188, 284.119354248, 284.606964111, 285.094604492, 285.593841553, 286.093048096, 286.592285156, 287.091522217, 287.57913208, 288.066741943, 288.565979004, 289.065216064, 289.552825928, 290.052062988, 290.551300049, 291.062133789, 291.549743652, 292.037353516, 292.524993896, 293.024200439, 293.5234375, 294.011047363, 294.510284424, 295.009521484, 295.497131348, 295.984771729, 296.483978271, 296.983215332, 297.470825195, 297.981658936, 298.469299316, 298.968505859, 299.46774292, 299.955383301, 300.442993164, 300.930603027, 301.429840088, 301.929077148, 302.416687012, 302.927520752, 303.415130615, 303.902770996, 304.401977539, 304.9012146, 305.388824463, 305.888061523, 306.375671387, 306.874908447, 307.362548828, 307.850158691, 308.349395752, 308.848602295, 309.336242676, 309.835449219, 310.334686279, 310.83392334, 311.3331604, 311.820770264, 312.308380127, 312.807617188, 313.306854248, 313.794464111, 314.293701172, 314.792907715, 315.280548096, 315.768157959, 316.26739502, 316.766601562, 317.254241943, 317.753448486, 318.252685547, 318.751922607, 319.251159668, 319.738769531, 320.226379395, 320.725616455, 321.224853516, 321.712463379, 322.211700439, 322.7109375, 323.198547363, 323.686157227, 324.185394287, 324.684631348, 325.172241211, 325.659851074, 326.159088135, 326.658325195, 327.145935059, 327.645172119, 328.144378662, 328.643615723, 329.142852783, 329.630462646, 330.118103027, 330.61730957, 331.104949951, 331.615783691, 332.126617432, 332.637451172, 333.136688232, 333.635925293, 334.146759033, 334.657592773, 335.180053711, 335.690887451, 336.201721191, 336.712554932, 337.235015869, 337.757446289, 338.291503906], "danceability": 1.53271067142, "bpm_histogram_second_peak_spread": {"dvar": 0, "var": 0, "median": 0.285714268684, "max": 0.285714268684, "dmean": 0, "dmean2": 0, "mean": 0.285714268684, "dvar2": 0, "min": 0.285714268684}}, "lowlevel": {"spectral_flux": {"dvar": 0.00311081507243, "var": 0.00471502682194, "median": 0.0733519047499, "max": 0.445273578167, "dmean": 0.0319744646549, "dmean2": 0.0483863577247, "mean": 0.0925734639168, "dvar2": 0.00674261106178, "min": 1.05168949938e-10}, "spectral_rolloff": {"dvar": 851348.5625, "var": 2078914.375, "median": 2196.38671875, "max": 18970.7519531, "dmean": 699.574951172, "dmean2": 1093.3861084, "mean": 2171.54223633, "dvar2": 1788317.125, "min": 43.06640625}, "barkbands_flatness_db": {"dvar": 0.000493890140206, "var": 0.00207443698309, "median": 0.112200669944, "max": 0.391880482435, "dmean": 0.0230260305107, "dmean2": 0.0343499816954, "mean": 0.122923582792, "dvar2": 0.00111461279448, "min": 0.0404665730894}, "spectral_centroid": {"dvar": 74601.3671875, "var": 353108.09375, "median": 1899.76257324, "max": 10489.09375, "dmean": 281.536315918, "dmean2": 424.089691162, "mean": 1850.12426758, "dvar2": 165905.15625, "min": 203.711303711}, "melbands_skewness": {"dvar": 1.18442296982, "var": 2.5924243927, "median": 1.77427911758, "max": 12.2852745056, "dmean": 0.77180480957, "dmean2": 1.12655007839, "mean": 2.17603158951, "dvar2": 2.41128563881, "min": -2.51165390015}, "melbands": {"dvar": [1.79197922989e-05, 6.7377317464e-05, 4.84756446895e-06, 1.42113705692e-07, 4.72956322994e-08, 4.58428850436e-08, 3.11888186388e-08, 2.89555455169e-08, 5.27374126591e-08, 2.05877075388e-08, 7.23953696991e-09, 2.09883896929e-08, 5.05499464509e-09, 1.04314521465e-08, 6.47175824042e-09, 2.63120947253e-09, 1.50297452262e-09, 2.45977660462e-09, 1.42760148147e-09, 1.59937385558e-09, 1.52012336052e-09, 1.00843200457e-09, 1.15178733218e-09, 6.75085154445e-10, 5.10442743629e-10, 3.21315613006e-10, 1.64835367578e-10, 9.38648880844e-11, 5.98334645718e-11, 4.90343876614e-11, 1.6387183277e-11, 1.69790639881e-11, 7.21180103483e-12, 7.03234649332e-12, 8.44224429947e-12, 1.08137396607e-11, 8.0123893631e-12, 4.3568876805e-12, 3.36171888937e-12, 8.5873001418e-12], "var": [1.61522420967e-05, 5.19893292221e-05, 4.43923590865e-06, 2.71965120646e-07, 1.38652765713e-07, 1.37929589528e-07, 7.33486231752e-08, 6.51496350201e-08, 1.43804669506e-07, 4.55626860685e-08, 1.64391327218e-08, 4.52244819371e-08, 1.00185788554e-08, 1.27039276876e-08, 1.07131850058e-08, 4.66894478635e-09, 2.60467958313e-09, 4.27690860505e-09, 2.98391622522e-09, 3.45290662729e-09, 3.77328301937e-09, 2.76231393315e-09, 2.77104472701e-09, 1.43267409047e-09, 1.39322697823e-09, 8.51802406387e-10, 5.40694933271e-10, 3.63868352116e-10, 1.53532173086e-10, 6.32650667964e-11, 2.82246136185e-11, 2.37797021657e-11, 1.24651218167e-11, 1.16827545901e-11, 1.11558332017e-11, 1.29833132093e-11, 1.31632491365e-11, 7.10140887067e-12, 5.50447838352e-12, 8.4105682488e-12], "median": [0.000367964210454, 0.000523440423422, 0.000506306067109, 0.000149804996909, 0.000135219714139, 0.000116382318083, 0.000114337992272, 0.000131364577101, 0.00014548227773, 0.000106170482468, 6.32890150882e-05, 5.1220482419e-05, 3.39797261404e-05, 3.5917317291e-05, 4.84639313072e-05, 3.76150019292e-05, 2.07767734537e-05, 2.64101599896e-05, 2.77342205663e-05, 2.52921909123e-05, 2.36353298533e-05, 2.17696342588e-05, 2.16904954868e-05, 1.99918049475e-05, 1.69517534232e-05, 1.62485212059e-05, 1.21706962091e-05, 9.63629463513e-06, 6.97094674251e-06, 4.84043357574e-06, 2.7691755804e-06, 1.64191351359e-06, 1.30573482693e-06, 1.09624454581e-06, 9.87591761259e-07, 8.91173158379e-07, 9.36289779929e-07, 6.92386038281e-07, 4.77777291508e-07, 3.23367373767e-07], "max": [0.0294202454388, 0.0560627058148, 0.0189181342721, 0.00791204627603, 0.0057522142306, 0.0060496237129, 0.00341372215189, 0.00485133519396, 0.00796797219664, 0.0030568446964, 0.00176152016502, 0.00464438972995, 0.00192433944903, 0.00349330669269, 0.00123852281831, 0.00103713420685, 0.00134985579643, 0.00115735013969, 0.00066221418092, 0.00121190736536, 0.00122658233158, 0.000714818190318, 0.00058249355061, 0.000584193156101, 0.000541514018551, 0.000493790721521, 0.000307726382744, 0.000287574890535, 0.000191007769899, 0.00012508733198, 7.59573813411e-05, 0.000101225501567, 8.43973757583e-05, 0.000133590874611, 8.07652395451e-05, 8.49800562719e-05, 4.39948598796e-05, 3.84851373383e-05, 4.44310935563e-05, 3.89809938497e-05], "dmean": [0.00168492924422, 0.00301308999769, 0.000968918029685, 0.000202870898647, 0.000133833382279, 0.000119018419355, 0.000109220891318, 0.000110646316898, 0.000145517726196, 9.8149117548e-05, 5.77763094043e-05, 6.3212319219e-05, 4.03780359193e-05, 4.49984509032e-05, 5.10732279508e-05, 3.52296192432e-05, 2.17616525333e-05, 2.95804984489e-05, 2.58484506048e-05, 2.39163673541e-05, 2.35214229178e-05, 1.98023499252e-05, 2.06768345379e-05, 1.74567758222e-05, 1.37410370371e-05, 1.14829190352e-05, 7.85193060437e-06, 6.04235492574e-06, 5.35232084076e-06, 5.61603610549e-06, 2.98922736874e-06, 2.83029271486e-06, 1.83891086181e-06, 1.49681955008e-06, 2.0556524305e-06, 2.44881925937e-06, 2.15261570702e-06, 1.58360990099e-06, 1.22383528378e-06, 1.2977783399e-06], "dmean2": [0.00272758235224, 0.00507360789925, 0.00158450333402, 0.000332268711645, 0.000205970340176, 0.000179074078915, 0.000174589440576, 0.000170391300344, 0.000217686843826, 0.000152917971718, 8.94109689398e-05, 9.36599681154e-05, 6.33045492577e-05, 7.48207385186e-05, 8.13867009128e-05, 5.59517065994e-05, 3.47996028722e-05, 4.79638874822e-05, 4.25582111347e-05, 3.95969982492e-05, 3.91993999074e-05, 3.31027040374e-05, 3.5078759538e-05, 2.97054666589e-05, 2.30891964748e-05, 1.93769246835e-05, 1.32149070851e-05, 9.97315692075e-06, 8.82517178979e-06, 9.53202288656e-06, 4.87461920784e-06, 4.67843938168e-06, 2.90867137664e-06, 2.34993103732e-06, 3.32087734023e-06, 4.08199002777e-06, 3.32901868205e-06, 2.47060529546e-06, 1.90568994185e-06, 2.10595976569e-06], "mean": [0.00165677512996, 0.00281480327249, 0.00120471126866, 0.000327117799316, 0.000262257264694, 0.000236691936152, 0.000204025476705, 0.000209875361179, 0.000266904389719, 0.000170217754203, 0.000105255654489, 0.000109060143586, 6.95175476721e-05, 6.89555308782e-05, 7.94381921878e-05, 5.69641924812e-05, 3.58051765943e-05, 4.63393480459e-05, 4.50863153674e-05, 4.31930748164e-05, 4.35487563664e-05, 3.99499513151e-05, 3.9221602492e-05, 3.20186663885e-05, 2.71748995146e-05, 2.37581280089e-05, 1.81765608431e-05, 1.41668697324e-05, 1.03795055111e-05, 7.50176650399e-06, 4.42074269813e-06, 3.32651916324e-06, 2.42919645643e-06, 2.07354901249e-06, 2.25817848332e-06, 2.38414895648e-06, 2.40861436396e-06, 1.75405989467e-06, 1.31493948174e-06, 1.21407526876e-06], "dvar2": [4.38296156062e-05, 0.000182451782166, 1.22725323308e-05, 3.49451539705e-07, 1.05877056455e-07, 9.72387610432e-08, 7.67621415321e-08, 6.99944280314e-08, 1.1090612162e-07, 4.62276545932e-08, 1.72624439188e-08, 4.1701092357e-08, 1.21902834493e-08, 2.92731439089e-08, 1.48360319585e-08, 5.94741145221e-09, 3.79349973656e-09, 6.16013862142e-09, 3.68830388453e-09, 4.34434355157e-09, 4.09132461243e-09, 2.63892574459e-09, 3.18897996898e-09, 1.85698278976e-09, 1.32638555694e-09, 8.74333438983e-10, 4.63149518737e-10, 2.4113253061e-10, 1.53090012889e-10, 1.27654095627e-10, 4.12603874678e-11, 4.22969159697e-11, 1.6685448162e-11, 1.60704505259e-11, 2.04456677283e-11, 2.67374716117e-11, 1.74636693995e-11, 9.97055302904e-12, 7.91674451689e-12, 2.21283390917e-11], "min": [2.25349319401e-23, 2.83053074669e-23, 8.18703749924e-24, 3.27870294011e-24, 6.07951276054e-24, 1.80362333248e-23, 6.03881858189e-24, 3.43562177087e-24, 5.14320468024e-24, 7.22281833681e-24, 8.20130325985e-24, 4.57309332631e-24, 2.32938650403e-23, 1.94357120137e-23, 5.7930714494e-24, 1.35822962549e-23, 1.52140944804e-23, 2.23459256004e-23, 1.36903733544e-23, 1.17872992742e-23, 2.11366333871e-23, 2.10760378256e-23, 6.07120684407e-24, 7.94299391188e-24, 8.74826785709e-24, 1.31228021325e-23, 1.17401640462e-23, 1.06564892547e-23, 7.67249192975e-24, 7.93636195825e-24, 1.00122723073e-23, 6.95376628103e-24, 1.18684493955e-23, 1.30302616486e-23, 1.19254469625e-23, 9.09092142419e-24, 1.37985167181e-23, 1.01132465032e-23, 8.82778030317e-24, 9.46704399291e-24]}, "spectral_decrease": {"dvar": 8.20175782428e-17, "var": 7.91385331074e-17, "median": -4.35616787087e-09, "max": 1.7635080378e-17, "dmean": 4.06878664094e-09, "dmean2": 6.42433350961e-09, "mean": -6.91928425667e-09, "dvar2": 2.0351507099e-16, "min": -6.11901072034e-08}, "barkbands_kurtosis": {"dvar": 23.6518211365, "var": 33.4109268188, "median": -0.231334447861, "max": 104.225875854, "dmean": 2.25416278839, "dmean2": 3.51792669296, "mean": 1.60544657707, "dvar2": 55.2117805481, "min": -1.86133551598}, "silence_rate_30dB": {"dvar": 0.0776293054223, "var": 0.0519908890128, "median": 1, "max": 1, "dmean": 0.0848177596927, "dmean2": 0.169647142291, "mean": 0.944988667965, "dvar2": 0.200493901968, "min": 0}, "gfcc": {"mean": [11.8665046692, 90.9387207031, -144.901641846, 45.2139396667, -65.4452056885, 18.2384414673, -39.3498153687, 18.8895397186, -23.4093704224, 0.760869503021, -12.1403741837, -10.1668024063, -8.36533737183], "cov": [[4736.43896484, -1110.77209473, 320.701904297, 555.343322754, -100.238540649, 378.430297852, -185.239593506, 265.870147705, -295.379180908, 234.416641235, -151.169052124, 85.8923416138, -146.379180908], [-1110.77209473, 1371.48278809, 105.867118835, -23.23346138, 302.755218506, -173.628463745, 245.727859497, -169.555648804, 168.809646606, -151.088775635, 141.654937744, -84.0668106079, 115.880561829], [320.701904297, 105.867118835, 702.646972656, 237.812759399, 95.4175109863, 213.996231079, 35.5214729309, 64.0035247803, -0.665778398514, 40.8301620483, -10.9411153793, 22.7972602844, -37.4782524109], [555.343322754, -23.23346138, 237.812759399, 364.506164551, 119.061454773, 142.041213989, 66.1731719971, 54.8587112427, 1.90603744984, 34.4395751953, 5.75161600113, -18.5474720001, -6.01200151443], [-100.238540649, 302.755218506, 95.4175109863, 119.061454773, 270.274810791, 31.2588272095, 102.855827332, 14.057258606, 52.6268386841, -10.025519371, 20.3290729523, -12.0005836487, 26.0085430145], [378.430297852, -173.628463745, 213.996231079, 142.041213989, 31.2588272095, 239.266891479, 43.3628311157, 66.876953125, -14.2766017914, 34.4285392761, -14.0510158539, 0.0140108149499, -27.0465545654], [-185.239593506, 245.727859497, 35.5214729309, 66.1731719971, 102.855827332, 43.3628311157, 196.54888916, 30.910949707, 31.0300998688, -14.8385353088, 35.900970459, -21.6473636627, 17.3114795685], [265.870147705, -169.555648804, 64.0035247803, 54.8587112427, 14.057258606, 66.876953125, 30.910949707, 140.163635254, 17.2698287964, 45.750957489, -22.7245140076, 17.2537155151, -27.9022312164], [-295.379180908, 168.809646606, -0.665778398514, 1.90603744984, 52.6268386841, -14.2766017914, 31.0300998688, 17.2698287964, 125.191650391, 7.68695545197, 29.1945896149, -18.513841629, 17.4479255676], [234.416641235, -151.088775635, 40.8301620483, 34.4395751953, -10.025519371, 34.4285392761, -14.8385353088, 45.750957489, 7.68695545197, 102.933662415, 9.00197505951, 19.9498023987, -22.0627307892], [-151.169052124, 141.654937744, -10.9411153793, 5.75161600113, 20.3290729523, -14.0510158539, 35.900970459, -22.7245140076, 29.1945896149, 9.00197505951, 85.9519119263, 14.8299007416, 26.4605197906], [85.8923416138, -84.0668106079, 22.7972602844, -18.5474720001, -12.0005836487, 0.0140108149499, -21.6473636627, 17.2537155151, -18.513841629, 19.9498023987, 14.8299007416, 89.5370483398, 22.5027770996], [-146.379180908, 115.880561829, -37.4782524109, -6.01200151443, 26.0085430145, -27.0465545654, 17.3114795685, -27.9022312164, 17.4479255676, -22.0627307892, 26.4605197906, 22.5027770996, 76.846282959]], "icov": [[0.00047347007785, -0.000398753123591, 0.000386101426557, -0.000846920884214, 0.000297829770716, -0.000585442234296, 0.00086125760572, -0.000877488870174, 0.00122574961279, -0.000800912443083, 0.000499403337017, -0.00039655296132, 0.000241660731263], [-0.000398753123591, 0.00474427314475, -0.00272695464082, 0.00209480617195, -0.00294395769015, 0.00412270566449, -0.00445580808446, 0.004107338842, -0.0037555214949, 0.00371669861488, -0.00378506979905, 0.0031878312584, -0.00184765842278], [0.000386101426557, -0.00272695464082, 0.00395007524639, -0.00242737168446, 0.0013225559378, -0.00397981097922, 0.00286872196011, -0.00199465150945, 0.00189177819993, -0.00206146715209, 0.00254932860844, -0.00337185896933, 0.00245349854231], [-0.000846920884214, 0.00209480617195, -0.00242737168446, 0.00679624080658, -0.00298780784942, 0.000716596725397, -0.00253638625145, 0.00143220368773, -0.00161074020434, 0.0012150160037, -0.00294327968732, 0.00403302069753, -0.00252238707617], [0.000297829770716, -0.00294395769015, 0.0013225559378, -0.00298780784942, 0.00761027494445, -0.00199837982655, 0.000330591370584, -0.00189584551845, 0.000355853320798, -0.00195710384287, 0.00341984024271, -0.00268245721236, 0.000341319828294], [-0.000585442234296, 0.00412270566449, -0.00397981097922, 0.000716596725397, -0.00199837982655, 0.0110117532313, -0.00530587090179, 0.00206520338543, -0.00266799563542, 0.00269328686409, -0.00288447714411, 0.00330007146113, -0.0013139055809], [0.00086125760572, -0.00445580808446, 0.00286872196011, -0.00253638625145, 0.000330591370584, -0.00530587090179, 0.0132198808715, -0.00796325877309, 0.00550230871886, -0.00185493007302, -0.000946605578065, 0.000166001394973, 0.000207023753319], [-0.000877488870174, 0.004107338842, -0.00199465150945, 0.00143220368773, -0.00189584551845, 0.00206520338543, -0.00796325877309, 0.017382023856, -0.00844115205109, 0.00012627193064, 0.00258011440746, -0.00289593776688, 0.00266021187417], [0.00122574961279, -0.0037555214949, 0.00189177819993, -0.00161074020434, 0.000355853320798, -0.00266799563542, 0.00550230871886, -0.00844115205109, 0.0166846457869, -0.0052200849168, -0.00127830938436, 0.00288036069833, -0.00225951871835], [-0.000800912443083, 0.00371669861488, -0.00206146715209, 0.0012150160037, -0.00195710384287, 0.00269328686409, -0.00185493007302, 0.00012627193064, -0.0052200849168, 0.0176412221044, -0.00705625675619, -0.000242039212026, 0.00278408848681], [0.000499403337017, -0.00378506979905, 0.00254932860844, -0.00294327968732, 0.00341984024271, -0.00288447714411, -0.000946605578065, 0.00258011440746, -0.00127830938436, -0.00705625675619, 0.0216669589281, -0.00777158467099, -0.000271030847216], [-0.00039655296132, 0.0031878312584, -0.00337185896933, 0.00403302069753, -0.00268245721236, 0.00330007146113, 0.000166001394973, -0.00289593776688, 0.00288036069833, -0.000242039212026, -0.00777158467099, 0.0209472924471, -0.0100923888385], [0.000241660731263, -0.00184765842278, 0.00245349854231, -0.00252238707617, 0.000341319828294, -0.0013139055809, 0.000207023753319, 0.00266021187417, -0.00225951871835, 0.00278408848681, -0.000271030847216, -0.0100923888385, 0.0219610501081]]}, "silence_rate_20dB": {"dvar": 0, "var": 0, "median": 1, "max": 1, "dmean": 0, "dmean2": 0, "mean": 1, "dvar2": 0, "min": 1}, "barkbands_skewness": {"dvar": 0.449899017811, "var": 1.19426751137, "median": 0.792400717735, "max": 8.17914962769, "dmean": 0.527826607227, "dmean2": 0.768392443657, "mean": 1.01617777348, "dvar2": 0.923767983913, "min": -3.32354807854}, "erbbands_skewness": {"dvar": 0.0645621716976, "var": 0.295654594898, "median": -0.0769565477967, "max": 3.11297488213, "dmean": 0.29172000289, "dmean2": 0.451452463865, "mean": -0.0667498335242, "dvar2": 0.155502170324, "min": -3.99695515633}, "spectral_contrast_valleys": {"dvar": [0.256499320269, 0.116863690317, 0.0923011079431, 0.0807981789112, 0.105917476118, 0.307189881802], "var": [1.1468307972, 0.467962354422, 0.470663607121, 0.549486100674, 0.775195479393, 1.25745177269], "median": [-7.30435085297, -6.44598436356, -6.96293020248, -7.14772462845, -6.72624588013, -9.69007110596], "max": [-4.88313484192, -4.86018037796, -5.31857299805, -5.75098657608, -5.31809568405, -7.55866193771], "dmean": [0.492469340563, 0.367887437344, 0.322728514671, 0.288954824209, 0.266576647758, 0.665289580822], "dmean2": [0.755091249943, 0.602257847786, 0.51953125, 0.44720095396, 0.391494482756, 0.858099222183], "mean": [-7.46846055984, -6.54245567322, -7.03795719147, -7.29692220688, -6.92996358871, -9.83827400208], "dvar2": [0.521102368832, 0.288252770901, 0.20531077683, 0.163619160652, 0.203479006886, 0.676847696304], "min": [-28.0249099731, -26.8410892487, -27.1544265747, -27.8008594513, -27.222322464, -27.2329826355]}, "spectral_strongpeak": {"dvar": 0.492422401905, "var": 0.697744488716, "median": 0.497864097357, "max": 8.94194602966, "dmean": 0.448430001736, "dmean2": 0.756623983383, "mean": 0.782733261585, "dvar2": 1.22258543968, "min": 0}, "erbbands_crest": {"dvar": 4.63274526596, "var": 10.4128026962, "median": 6.42786979675, "max": 25.7143363953, "dmean": 2.28647947311, "dmean2": 3.66800570488, "mean": 7.24140930176, "dvar2": 10.9996566772, "min": 2.38901042938}, "barkbands_crest": {"dvar": 3.8312625885, "var": 11.6136693954, "median": 7.05493068695, "max": 23.3247661591, "dmean": 2.13252043724, "dmean2": 3.33959960938, "mean": 7.83711099625, "dvar2": 8.73863983154, "min": 1.9271197319}, "spectral_energyband_middle_low": {"dvar": 2.82343535218e-05, "var": 4.36238151451e-05, "median": 0.00716565968469, "max": 0.057127404958, "dmean": 0.0035799392499, "dmean2": 0.00568536249921, "mean": 0.00871352478862, "dvar2": 7.33004926587e-05, "min": 2.19311813484e-22}, "spectral_contrast_coeffs": {"dvar": [0.00151957001071, 0.00140007562004, 0.000980870681815, 0.000634915253613, 0.000307514012093, 0.000456059060525], "var": [0.00522246817127, 0.00450561568141, 0.00306498189457, 0.00177193572745, 0.0010321092559, 0.00152420485392], "median": [-0.650720715523, -0.75100928545, -0.77306753397, -0.781864523888, -0.790679931641, -0.76165831089], "max": [-0.30522364378, -0.417546927929, -0.530017852783, -0.580124974251, -0.503360211849, -0.517624974251], "dmean": [0.0458923615515, 0.0456814095378, 0.0397110283375, 0.0319630913436, 0.0215511936694, 0.0251097735018], "dmean2": [0.0743265897036, 0.0740427300334, 0.0645615532994, 0.0523182600737, 0.0357930995524, 0.0366409346461], "mean": [-0.647674381733, -0.743871748447, -0.768203914165, -0.778217077255, -0.787503242493, -0.756584227085], "dvar2": [0.00382518325932, 0.00360707147047, 0.00253139995039, 0.00164998753462, 0.000793056329712, 0.000948713801336], "min": [-0.960689425468, -0.984109818935, -0.96559458971, -0.967762172222, -0.957624316216, -0.960236608982]}, "hfc": {"dvar": 101.403114319, "var": 281.843353271, "median": 20.1002559662, "max": 121.836616516, "dmean": 8.65216636658, "dmean2": 13.3252220154, "mean": 23.9523677826, "dvar2": 250.704040527, "min": 1.19849669557e-16}, "spectral_energyband_high": {"dvar": 6.48603361242e-07, "var": 1.3846128013e-06, "median": 0.000684103812091, "max": 0.0116333095357, "dmean": 0.000690198736265, "dmean2": 0.00106329086702, "mean": 0.00109129841439, "dvar2": 1.5102193629e-06, "min": 7.60827318053e-21}, "erbbands_spread": {"dvar": 94.0808181763, "var": 210.446273804, "median": 36.6332740784, "max": 117.07346344, "dmean": 9.19651699066, "dmean2": 13.8007984161, "mean": 38.533405304, "dvar2": 208.716934204, "min": 2.92351126671}, "dissonance": {"dvar": 0.000156517402502, "var": 0.000346376182279, "median": 0.483688056469, "max": 0.500000119209, "dmean": 0.0119324000552, "dmean2": 0.0197792556137, "mean": 0.47871273756, "dvar2": 0.000395990238758, "min": 0.291138261557}, "spectral_kurtosis": {"dvar": 12.5528717041, "var": 28.4711418152, "median": 3.14567947388, "max": 161.806762695, "dmean": 1.90711843967, "dmean2": 3.04880714417, "mean": 4.13143491745, "dvar2": 28.9030246735, "min": -1.19278013706}, "spectral_skewness": {"dvar": 0.0769122689962, "var": 0.245484545827, "median": 1.24475741386, "max": 10.4493465424, "dmean": 0.230892732739, "dmean2": 0.357934772968, "mean": 1.31635797024, "dvar2": 0.177305907011, "min": 0.0454988852143}, "pitch_salience": {"dvar": 0.0028589698486, "var": 0.0100571522489, "median": 0.607084095478, "max": 0.903188109398, "dmean": 0.0597543120384, "dmean2": 0.0937631726265, "mean": 0.596829414368, "dvar2": 0.00670051202178, "min": 0.198815792799}, "spectral_complexity": {"dvar": 20.4189720154, "var": 136.656341553, "median": 28, "max": 63, "dmean": 4.75020551682, "dmean2": 7.50106191635, "mean": 27.7991371155, "dvar2": 49.3095741272, "min": 0}, "spectral_spread": {"dvar": 555473764352, "var": 1624925405180.0, "median": 4017027.25, "max": 40200584, "dmean": 801539.3125, "dmean2": 1094719.25, "mean": 4158477.5, "dvar2": 1061082824700.0, "min": 583913.75}, "dynamic_complexity": 2.16119647026, "melbands_crest": {"dvar": 8.86557388306, "var": 26.1081409454, "median": 11.6849155426, "max": 30.4251422882, "dmean": 3.11261701584, "dmean2": 4.89845848083, "mean": 12.4962759018, "dvar2": 20.620677948, "min": 2.08211421967}, "zerocrossingrate": {"dvar": 0.000167054764461, "var": 0.00119552726392, "median": 0.07470703125, "max": 0.56982421875, "dmean": 0.0138191021979, "dmean2": 0.0156660154462, "mean": 0.0753089115024, "dvar2": 0.000214122192119, "min": 0.0048828125}, "spectral_energyband_low": {"dvar": 0.00101203040686, "var": 0.000928551424295, "median": 0.