{"tonal": {"chords_key": "D", "hpcp_entropy": {"dmean": 0.480408132076, "dmean2": 0.804046928883, "max": 3.84349584579, "dvar": 0.192701324821, "mean": 1.56525886059, "dvar2": 0.478005737066, "min": 0, "var": 0.491727560759, "median": 1.63493537903}, "key_key": "D", "chords_strength": {"dmean": 0.00864045135677, "dmean2": 0.00740810018033, "max": 0.835164070129, "dvar": 0.000351338268956, "mean": 0.451129168272, "dvar2": 0.000645535765216, "min": -1, "var": 0.0190189294517, "median": 0.457318902016}, "key_scale": "major", "chords_number_rate": 0.00240076822229, "thpcp": [1, 0.519035339355, 0.215545594692, 0.266673862934, 0.273922920227, 0.444745182991, 0.597384989262, 0.408427476883, 0.301267415285, 0.283610522747, 0.166772723198, 0.320595532656, 0.475664407015, 0.322846293449, 0.380570113659, 0.461330682039, 0.228621155024, 0.153706535697, 0.227618351579, 0.251041531563, 0.57849240303, 0.816469371319, 0.448449611664, 0.179592296481, 0.189560800791, 0.163871526718, 0.419174075127, 0.698861122131, 0.481510877609, 0.43197825551, 0.564962983131, 0.346138834953, 0.324153602123, 0.512017786503, 0.402026206255, 0.694755733013], "key_strength": 0.739019155502, "tuning_nontempered_energy_ratio": 0.626720190048, "tuning_frequency": 441.017791748, "chords_changes_rate": 0.0590588971972, "tuning_diatonic_strength": 0.480677217245, "chords_scale": "major", "chords_histogram": [15.7010240555, 0.800256073475, 8.73879623413, 2.64084506035, 3.92125487328, 1.80857872963, 5.10563373566, 0.368117809296, 6.57810497284, 0, 0.60819464922, 0.832266330719, 1.82458388805, 0.688220202923, 0.592189490795, 1.52048659325, 0.144046097994, 6.53008985519, 4.64148521423, 6.4020485878, 6.97823286057, 0.704225361347, 13.0761842728, 9.79513454437], "tuning_equal_tempered_deviation": 0.019462376833, "hpcp": {"dmean": [0.107965476811, 0.0870804190636, 0.0557645075023, 0.0505086630583, 0.0520564243197, 0.0806233510375, 0.0998174548149, 0.0937447026372, 0.095502614975, 0.0873866900802, 0.080967143178, 0.0760660767555, 0.0790613740683, 0.0857615768909, 0.113140009344, 0.126178562641, 0.100646317005, 0.0666345357895, 0.068517498672, 0.0703378990293, 0.0916328430176, 0.104614958167, 0.091904476285, 0.078307390213, 0.0624863281846, 0.047438275069, 0.0671461299062, 0.0829692706466, 0.0737345591187, 0.0771997347474, 0.0768548995256, 0.0556787140667, 0.0434325709939, 0.0549006722867, 0.0685897469521, 0.096546843648], "dmean2": [0.178104057908, 0.147154048085, 0.0991197526455, 0.0903942286968, 0.0933646261692, 0.135963723063, 0.165427535772, 0.158531367779, 0.166655704379, 0.152427911758, 0.143181502819, 0.133538410068, 0.136813059449, 0.149474337697, 0.191994518042, 0.21170835197, 0.169818580151, 0.11954780668, 0.123527698219, 0.125877991319, 0.157828524709, 0.173194587231, 0.157761096954, 0.136901319027, 0.10783470422, 0.0831628739834, 0.112354144454, 0.136061802506, 0.12413829565, 0.129146695137, 0.1256531775, 0.0949310064316, 0.0765715837479, 0.0949119925499, 0.118553869426, 0.162819117308], "max": [1, 1, 1, 1, 1, 1, 1, 1, 1, 1, 1, 1, 1, 1, 1, 1, 1, 1, 1, 1, 1, 1, 1, 1, 1, 1, 1, 1, 1, 1, 1, 1, 1, 1, 1, 1], "dvar": [0.0339293144643, 0.0238550677896, 0.0191514492035, 0.018667915836, 0.0170801300555, 0.0218404792249, 0.0333110168576, 0.0270549952984, 0.0350139737129, 0.0363756902516, 0.029893245548, 0.0267070364207, 0.0305348783731, 0.0284814983606, 0.0320556461811, 0.0446635335684, 0.0310940202326, 0.027949238196, 0.0304677523673, 0.0284894555807, 0.0314110927284, 0.0348008498549, 0.0297647658736, 0.0271590966731, 0.0214514695108, 0.0164318419993, 0.0194260533899, 0.0255976654589, 0.0192226599902, 0.0240415427834, 0.0244241170585, 0.014758983627, 0.0137327602133, 0.0190199092031, 0.0215322934091, 0.0271894726902], "mean": [0.242914542556, 0.133421942592, 0.0534319877625, 0.0563977994025, 0.0487547703087, 0.124711938202, 0.207923933864, 0.143258273602, 0.128521412611, 0.168086796999, 0.102982625365, 0.0964416116476, 0.152334645391, 0.119610130787, 0.206702515483, 0.297518253326, 0.154422491789, 0.0641287490726, 0.079340338707, 0.0814970731735, 0.132319808006, 0.177732944489, 0.121514625847, 0.0896325558424, 0.0843793079257, 0.0496179275215, 0.0953830257058, 0.141518846154, 0.0960526615381, 0.113226555288, 0.137254297733, 0.0680189654231, 0.0457305014133, 0.0677206143737, 0.0746894404292, 0.172112047672], "dvar2": [0.0776140764356, 0.063245460391, 0.0530110038817, 0.0504183918238, 0.0477281063795, 0.0589547902346, 0.079067915678, 0.0708733350039, 0.0940767973661, 0.0926382765174, 0.0818606466055, 0.0736373364925, 0.0778757482767, 0.0767783895135, 0.0845920369029, 0.105672158301, 0.0799837708473, 0.0771441608667, 0.0842800736427, 0.0771076828241, 0.0825415849686, 0.0850344896317, 0.0807407200336, 0.0721660032868, 0.055137719959, 0.0446272268891, 0.0497767515481, 0.0613713823259, 0.0516251400113, 0.0601533763111, 0.0560466721654, 0.0387558192015, 0.0370748639107, 0.0501964427531, 0.0583506859839, 0.0694615840912], "min": [0, 0, 0, 0, 0, 0, 0, 0, 0, 0, 0, 0, 0, 0, 0, 0, 0, 0, 0, 0, 0, 0, 0, 0, 0, 0, 0, 0, 0, 0, 0, 0, 0, 0, 0, 0], "var": [0.11342253536, 0.0416878946126, 0.019227296114, 0.0256920251995, 0.0161059722304, 0.0389945656061, 0.097919292748, 0.0513244867325, 0.053681191057, 0.0999398306012, 0.0431137755513, 0.03550394997, 0.0870110243559, 0.0455525740981, 0.0691646039486, 0.134793490171, 0.0476844720542, 0.0283764339983, 0.0436827912927, 0.0406428202987, 0.0526780970395, 0.0772574990988, 0.0421488545835, 0.0357490219176, 0.0388150438666, 0.0169535446912, 0.0328506864607, 0.0635687410831, 0.0271823555231, 0.0465028882027, 0.0666610896587, 0.0200870353729, 0.0160828959197, 0.0312167871743, 0.0265860836953, 0.0641169548035], "median": [0.0653971135616, 0.0368633940816, 0.00696444325149, 0.00460994336754, 0.00603567622602, 0.0333527177572, 0.049872521311, 0.0387034416199, 0.0150960460305, 0.00968017242849, 0.00902137812227, 0.0140956100076, 0.0147141469643, 0.0240458324552, 0.0760974213481, 0.101845383644, 0.0503591410816, 0.00566697726026, 0.00438715610653, 0.00529109872878, 0.0314227156341, 0.0486535839736, 0.0344070158899, 0.0120542179793, 0.0080964108929, 0.00620054639876, 0.0175033919513, 0.0245122332126, 0.0253641624004, 0.0189112797379, 0.017863932997, 0.0108564412221, 0.00491015054286, 0.00485540274531, 0.010511726141, 0.0443916283548]}}, "lowlevel": {"melbands_flatness_db": {"dmean": 0.0207545086741, "dmean2": 0.031554017216, "max": 0.481628745794, "dvar": 0.00051216816064, "mean": 0.235461130738, "dvar2": 0.00119904812891, "min": 0.00358981592581, "var": 0.00395512348041, "median": 0.231444895267}, "melbands_crest": {"dmean": 2.67220711708, "dmean2": 4.241959095, "max": 39.7809791565, "dvar": 6.36981058121, "mean": 14.3763456345, "dvar2": 15.9029932022, "min": 1.61188459396, "var": 29.4734020233, "median": 13.4124498367}, "spectral_entropy": {"dmean": 0.161859884858, "dmean2": 0.236136987805, "max": 9.83064651489, "dvar": 0.0275463163853, "mean": 7.26615715027, "dvar2": 0.0573170520365, "min": 5.26790046692, "var": 0.313791662455, "median": 7.25591230392}, "melbands": {"dmean": [0.00115721614566, 0.00125962111633, 0.000280021253275, 0.000365253712516, 0.00030397521914, 0.00025704401196, 0.000294332188787, 0.000271312514087, 0.000276500242762, 0.000137299735798, 5.17901280546e-05, 4.83142248413e-05, 5.10574354848e-05, 3.17572194035e-05, 2.09992067539e-05, 1.86169309018e-05, 1.79575563379e-05, 1.02747571873e-05, 6.6770930971e-06, 3.88649823435e-06, 2.7541120744e-06, 2.27249483942e-06, 2.84929546979e-06, 2.38281222664e-06, 1.5044849988e-06, 1.61788500463e-06, 2.2715198611e-06, 2.17749902731e-06, 1.55509883371e-06, 1.17909496566e-06, 9.80034542408e-07, 1.21749815207e-06, 1.01583361811e-06, 8.46358659601e-07, 8.05055833553e-07, 5.7858864011e-07, 4.76406711414e-07, 4.68549615107e-07, 4.16863201735e-07, 4.65598958499e-07], "dmean2": [0.00186374923214, 0.00210639834404, 0.000470348546514, 0.000625138054602, 0.00047728404752, 0.000411873072153, 0.000422665092628, 0.000378023920348, 0.000380510289688, 0.000202117167646, 7.48324528104e-05, 6.82403115206e-05, 7.29646999389e-05, 4.6678018407e-05, 3.17022931995e-05, 2.82983983197e-05, 2.77706803899e-05, 1.55418529175e-05, 9.93311823549e-06, 5.9728386077e-06, 4.29540841651e-06, 3.60769604413e-06, 4.51266078016e-06, 3.82894359063e-06, 2.34854678638e-06, 2.48731976171e-06, 3.53315226675e-06, 3.49860033566e-06, 2.45651767727e-06, 1.88613864793e-06, 1.55241593802e-06, 1.92163565771e-06, 1.61453954206e-06, 1.31275555759e-06, 1.28534202304e-06, 9.29500799884e-07, 7.56635756716e-07, 7.36741583296e-07, 6.49685944154e-07, 7.1090170195e-07], "max": [0.0471672900021, 0.0593603141606, 0.0148121779785, 0.0266033057123, 0.0119915362448, 0.0201465860009, 0.0217701755464, 0.0182156097144, 0.0189088918269, 0.0175973586738, 0.011058175005, 0.00452845683321, 0.00668360572308, 0.0057478393428, 0.0029774652794, 0.00216789636761, 0.00331578007899, 0.00108203699347, 0.000703922007233, 0.00106031133328, 0.000272078759735, 0.000144137928146, 0.000173338907189, 0.000125121645397, 7.57322632126e-05, 0.000130841974169, 0.000220618545427, 0.000192707302631, 0.000195683038328, 0.000111020926852, 7.40203322493e-05, 0.000126360682771, 7.80449045124e-05, 6.65641709929e-05, 9.55310970312e-05, 4.46656231361e-05, 4.83364892716e-05, 3.90187196899e-05, 3.17146041198e-05, 5.58987740078e-05], "dvar": [8.65378751769e-06, 1.18116931844e-05, 4.42420400759e-07, 8.88347244654e-07, 2.41936987777e-07, 2.83750722474e-07, 3.65744654118e-07, 4.52214180768e-07, 5.00976796047e-07, 2.2883492079e-07, 3.36679519819e-08, 1.79834849234e-08, 3.05544354262e-08, 1.64146900516e-08, 4.45337589028e-09, 4.88361928674e-09, 9.35306498917e-09, 8.61037297017e-10, 4.23866469701e-10, 4.31753993668e-10, 6.33434762976e-11, 2.79027374123e-11, 3.50373827174e-11, 2.54558735202e-11, 9.52099076662e-12, 1.48121584442e-11, 3.85344464671e-11, 3.63017185756e-11, 1.73167678114e-11, 9.1903637478e-12, 5.57037142107e-12, 9.64204063814e-12, 4.94032896189e-12, 3.67922619454e-12, 5.92774050331e-12, 2.42539408696e-12, 1.5368179819e-12, 1.16370628411e-12, 9.58472017032e-13, 1.62404139616e-12], "mean": [0.0019296631217, 0.00207749055699, 0.000493945786729, 0.000612422067206, 0.000725827820133, 0.000589650997426, 0.000783762370702, 0.000658632896375, 0.000642029568553, 0.000288890005322, 0.00010410923278, 9.30485039135e-05, 9.82524288702e-05, 6.07013462286e-05, 3.77025426133e-05, 3.17825579259e-05, 2.93705852528e-05, 1.84205218829e-05, 1.24345033328e-05, 6.55451231069e-06, 4.80626022181e-06, 4.41224892711e-06, 5.49476771994e-06, 4.76777540825e-06, 3.2271859709e-06, 3.50892582901e-06, 4.84421207148e-06, 4.64978938908e-06, 3.47023274117e-06, 2.61960167336e-06, 2.33135824601e-06, 2.90257662527e-06, 2.46443983087e-06, 2.14364922613e-06, 1.93320306607e-06, 1.39381018016e-06, 1.19817696032e-06, 1.14857323297e-06, 1.02325111584e-06, 1.10882092486e-06], "dvar2": [2.17887736653e-05, 3.22635933117e-05, 1.19903961604e-06, 2.49703998634e-06, 5.90931563238e-07, 6.86929524818e-07, 7.66532309626e-07, 9.02176054751e-07, 9.96586663859e-07, 5.06926653543e-07, 7.65475078879e-08, 3.68233799009e-08, 6.04717413921e-08, 3.76251705347e-08, 1.03425472631e-08, 1.14940004181e-08, 2.25625083061e-08, 1.86720794382e-09, 9.24445686667e-10, 9.53330747677e-10, 1.39821945688e-10, 7.06051259125e-11, 8.01773022974e-11, 6.43906872266e-11, 2.23713929326e-11, 3.27108097553e-11, 9.36423716347e-11, 9.10813854893e-11, 4.15921290464e-11, 2.37623774824e-11, 1.36944058524e-11, 2.36402251941e-11, 1.22083402415e-11, 8.43659950928e-12, 1.40893017739e-11, 6.05863970105e-12, 3.52928840666e-12, 2.76189899943e-12, 2.24919388669e-12, 3.65528007168e-12], "min": [8.4033023359e-25, 7.56740954351e-25, 4.61319250663e-25, 9.96839842755e-25, 1.10925626884e-24, 1.5320878834e-24, 1.70993608145e-24, 1.78067047781e-24, 2.17032043333e-24, 1.12747984322e-24, 2.29199512821e-24, 2.44866487614e-24, 2.47215735112e-24, 1.94661368011e-24, 3.12036356807e-24, 2.46195284366e-24, 2.22521746094e-24, 3.13023024585e-24, 3.55192511185e-24, 3.49926864642e-24, 3.28610994958e-24, 2.758559022e-24, 3.0001551684e-24, 2.41615138229e-24, 4.37632380642e-24, 4.23209557826e-24, 5.22239803208e-24, 3.56975967919e-24, 5.22767235609e-24, 4.78768203076e-24, 4.60152387334e-24, 5.64535408946e-24, 4.89487757816e-24, 5.18697738858e-24, 5.85421803032e-24, 5.1461029552e-24, 5.47107893827e-24, 5.31972177411e-24, 6.25067467216e-24, 6.51685921855e-24], "var": [1.20165996123e-05, 1.31377510115e-05, 6.83416033098e-07, 9.92373884401e-07, 7.22046820556e-07, 6.98941903465e-07, 1.96220480575e-06, 1.55530869961e-06, 1.7802263983e-06, 7.57264956519e-07, 9.23906640082e-08, 4.61745983671e-08, 9.00074255128e-08, 3.82441456281e-08, 8.7369160795e-09, 8.42588132599e-09, 1.50079788597e-08, 1.79767378761e-09, 7.52449158536e-10, 5.52584811242e-10, 1.11386053159e-10, 6.10172329329e-11, 8.1255217832e-11, 6.1103497262e-11, 2.53294937108e-11, 4.45411658945e-11, 1.17582860115e-10, 1.09518213942e-10, 4.91884762088e-11, 2.39004649405e-11, 1.89260031258e-11, 3.5051468672e-11, 1.77423353787e-11, 1.49944379829e-11, 2.19533106971e-11, 8.46697018053e-12, 6.26530468131e-12, 5.28203045538e-12, 3.81197720958e-12, 6.05464853601e-12], "median": [0.000506222771946, 0.000761601142585, 0.000245054776315, 0.000313759199344, 0.000449364626547, 0.00032610053313, 0.000327824614942, 0.000242909009103, 0.000198008885491, 7.03598852851e-05, 3.16529149131e-05, 2.5539258786e-05, 2.16944736167e-05, 1.72420768649e-05, 1.13974447231e-05, 8.03940383776e-06, 6.29562191534e-06, 5.50262757315e-06, 4.55132840216e-06, 2.56770590568e-06, 2.01995794669e-06, 1.90044363535e-06, 2.50607035923e-06, 2.23269466915e-06, 1.33805997393e-06, 1.20472543585e-06, 1.27525879634e-06, 1.09416851046e-06, 1.02445301309e-06, 9.02062822661e-07, 7.30782630853e-07, 7.85832241945e-07, 9.22032427297e-07, 7.68049972066e-07, 5.99203929141e-07, 4.28209432357e-07, 3.86220904147e-07, 3.54602065045e-07, 3.3573499536e-07, 3.05572768866e-07]}, "silence_rate_60dB": {"dmean": 0.0104049947113, "dmean2": 0.0208116546273, "max": 1, "dvar": 0.010295368731, "mean": 0.077551022172, "dvar2": 0.0227751098573, "min": 0, "var": 0.071534216404, "median": 0}, "spectral_energyband_middle_high": {"dmean": 0.00105691107456, "dmean2": 0.00148714112584, "max": 0.0539597570896, "dvar": 5.32670173925e-06, "mean": 0.00294446572661, "dvar2": 1.1585600987e-05, "min": 1.03885564663e-21, "var": 1.6928266632e-05, "median": 0.00157764251344}, "erbbands_skewness": {"dmean": 0.350128650665, "dmean2": 0.517466008663, "max": 8.43860530853, "dvar": 0.103734344244, "mean": 1.46094453335, "dvar2": 0.231472551823, "min": -2.45867323875, "var": 0.70435243845, "median": 1.42956697941}, "dynamic_complexity": 3.9240500927, "dissonance": {"dmean": 0.0257387999445, "dmean2": 0.0431361570954, "max": 0.500000059605, "dvar": 0.000561180990189, "mean": 0.432468265295, "dvar2": 0.00152023835108, "min": 0.0734422057867, "var": 0.00184452638496, "median": 0.440622717142}, "spectral_skewness": {"dmean": 0.17959022522, "dmean2": 0.275878846645, "max": 5.00338935852, "dvar": 0.0343377515674, "mean": 1.83376586437, "dvar2": 0.0771730542183, "min": -0.0811257362366, "var": 0.341015905142, "median": 1.75612449646}, "spectral_kurtosis": {"dmean": 1.1617193222, "dmean2": 1.85901868343, "max": 35.6093482971, "dvar": 2.09666347504, "mean": 4.5512547493, "dvar2": 5.24695014954, "min": -1.25750148296, "var": 10.4578971863, "median": 3.759360075}, "gfcc": {"cov": [[23126.1953125, 662.557373047, -742.794006348, 695.742126465, -243.309234619, 641.701171875, -142.378326416, 161.763290405, -211.844284058, 647.209838867, -215.345718384, -118.105148315, -269.964874268], [662.557373047, 1056.27575684, -117.329139709, 96.6672821045, 15.87155056, 57.2526359558, -67.6563796997, 22.8161697388, 55.3825378418, -12.1788330078, 48.6732635498, -53.6455230713, 44.3935852051], [-742.794006348, -117.329139709, 1248.0958252, 74.9778060913, 565.584350586, 299.968811035, 133.882949829, 209.836807251, 89.3643112183, 138.028213501, 99.5540390015, 133.157485962, 64.9308853149], [695.742126465, 96.6672821045, 74.9778060913, 369.027740479, 122.296211243, 101.153770447, 46.4878387451, 38.7327308655, 64.2845230103, 73.5343017578, 18.3344306946, -12.5922203064, 28.6714267731], [-243.309234619, 15.87155056, 565.584350586, 122.296211243, 539.090942383, 243.444107056, 83.3749389648, 129.330581665, 99.6575393677, 148.720962524, 80.3579940796, 35.6372146606, 37.5538291931], [641.701171875, 57.2526359558, 299.968811035, 101.153770447, 243.444107056, 331.538208008, 77.8901367188, 122.697166443, 30.9957199097, 115.091201782, 78.9648895264, 18.9757976532, 26.6094684601], [-142.378326416, -67.6563796997, 133.882949829, 46.4878387451, 83.3749389648, 77.8901367188, 205.917373657, 51.3485832214, 19.5082893372, 23.7553882599, 31.346113205, 21.3677463531, -13.9808979034], [161.763290405, 22.8161697388, 209.836807251, 38.7327308655, 129.330581665, 122.697166443, 51.3485832214, 156.355010986, 47.9542541504, 63.4640693665, 51.2654724121, 24.5753993988, 15.6355667114], [-211.844284058, 55.3825378418, 89.3643112183, 64.2845230103, 99.6575393677, 30.9957199097, 19.5082893372, 47.9542541504, 149.21055603, 79.9714889526, 17.1559925079, -8.68296432495, 31.2128944397], [647.209838867, -12.1788330078, 138.028213501, 73.5343017578, 148.720962524, 115.091201782, 23.7553882599, 63.4640693665, 79.9714889526, 167.954864502, 49.3908424377, -7.55889320374, 10.8465328217], [-215.345718384, 48.6732635498, 99.5540390015, 18.3344306946, 80.3579940796, 78.9648895264, 31.346113205, 51.2654724121, 17.1559925079, 49.3908424377, 115.396987915, 43.1883239746, 5.15690612793], [-118.105148315, -53.6455230713, 133.157485962, -12.5922203064, 35.6372146606, 18.9757976532, 21.3677463531, 24.5753993988, -8.68296432495, -7.55889320374, 43.1883239746, 116.795791626, 34.8174514771], [-269.964874268, 44.3935852051, 64.9308853149, 28.6714267731, 37.5538291931, 26.6094684601, -13.9808979034, 15.6355667114, 31.2128944397, 10.8465328217, 5.15690612793, 34.8174514771, 111.21207428]], "mean": [-24.6031494141, 85.1973419189, -84.8548812866, 10.5918016434, -75.1316375732, 6.64413118362, -38.0202217102, 8.83537387848, -20.8387775421, 8.56256389618, -12.5529098511, 3.11561846733, -12.5431547165], "icov": [[9.61340483627e-05, -0.00011964089208, 8.32938458188e-05, -0.000149731116835, 0.000148170671309, -0.000207343968214, 7.93903236627e-05, -0.000146947146277, 0.000403944955906, -0.000763463380281, 0.000681156583596, -0.000445625977591, 0.00037032662658], [-0.00011964089208, 0.00135178712662, 4.65501689177e-05, -7.0142938057e-05, -0.000248293887125, -9.289803711e-05, 0.000421890959842, 4.95616950502e-05, -0.00111136864871, 0.0019756143447, -0.00191320537124, 0.00147574115545, -0.000941048609093], [8.32938458188e-05, 4.65501689177e-05, 0.00200445111841, 9.98182367766e-05, -0.00160463049542, -0.000473875959869, -9.26195207285e-05, -0.00112500577234, 0.000331919582095, -0.000431137450505, 0.00117962434888, -0.00186804227997, 0.000268364819931], [-0.000149731116835, -7.0142938057e-05, 9.98182367766e-05, 0.00359942275099, -0.00065209477907, -0.000293311837595, -0.000773762585595, 0.000519666355103, -0.00127886456903, 0.0004908774863, -0.000561630236916, 0.000851006887387, -0.0011309980182], [0.000148170671309, -0.000248293887125, -0.00160463049542, -0.00065209477907, 0.005124673713, -0.00173583766446, 3.61084712495e-05, 0.00022361104493, -0.000514904328156, -0.00235822680406, 0.000469721388072, -8.40793945827e-05, 0.000600767554715], [-0.000207343968214, -9.289803711e-05, -0.000473875959869, -0.000293311837595, -0.00173583766446, 0.00728582311422, -0.00128356344067, -0.00235324958339, 0.00217636022717, -0.00103854481131, -0.00285180960782, 0.00212003476918, -0.0021425888408], [7.93903236627e-05, 0.000421890959842, -9.26195207285e-05, -0.000773762585595, 3.61084712495e-05, -0.00128356344067, 0.00623853784055, -0.000940807280131, -0.000741306459531, 0.000688651925884, -0.000153969100211, -0.000983090139925, 0.00194513925817], [-0.000146947146277, 4.95616950502e-05, -0.00112500577234, 0.000519666355103, 0.00022361104493, -0.00235324958339, -0.000940807280131, 0.0113825351, -0.00300741381943, 0.000764572294429, -0.00269864522852, 0.000203418152523, -0.000253712612903], [0.000403944955906, -0.00111136864871, 0.000331919582095, -0.00127886456903, -0.000514904328156, 0.00217636022717, -0.000741306459531, -0.00300741381943, 0.0134082296863, -0.00845476705581, 0.0033955539111, -0.00042939116247, -0.0014187132474], [-0.000763463380281, 0.0019756143447, -0.000431137450505, 0.0004908774863, -0.00235822680406, -0.00103854481131, 0.000688651925884, 0.000764572294429, -0.00845476705581, 0.0186732150614, -0.00896947272122, 0.00588361080736, -0.00236721965484], [0.000681156583596, -0.00191320537124, 0.00117962434888, -0.000561630236916, 0.000469721388072, -0.00285180960782, -0.000153969100211, -0.00269864522852, 0.0033955539111, -0.00896947272122, 0.0193961281329, -0.00960671529174, 0.00478705717251], [-0.000445625977591, 0.00147574115545, -0.00186804227997, 0.000851006887387, -8.40793945827e-05, 0.00212003476918, -0.000983090139925, 0.000203418152523, -0.00042939116247, 0.00588361080736, -0.00960671529174, 0.0167193077505, -0.00667283916846], [0.00037032662658, -0.000941048609093, 0.000268364819931, -0.0011309980182, 0.000600767554715, -0.0021425888408, 0.00194513925817, -0.000253712612903, -0.0014187132474, -0.00236721965484, 0.00478705717251, -0.00667283916846, 0.0134874805808]]}, "spectral_complexity": {"dmean": 1.88234353065, "dmean2": 2.96822214127, "max": 50, "dvar": 4.31228399277, "mean": 13.270108223, "dvar2": 9.50469875336, "min": 0, "var": 40.7656822205, "median": 13}, "spectral_flux": {"dmean": 0.0220898091793, "dmean2": 0.0355123542249, "max": 0.468023538589, "dvar": 0.000964659033343, "mean": 0.0671894624829, "dvar2": 0.00213621673174, "min": 6.38780833784e-11, "var": 0.00245753722265, "median": 0.0562396235764}, "spectral_energyband_low": {"dmean": 0.00589530123398, "dmean2": 0.00957542844117, "max": 0.266650080681, "dvar": 0.000225160052651, "mean": 0.0106850173324, "dvar2": 0.00058066972997, "min": 1.43210502931e-23, "var": 0.00030221574707, "median": 0.00404801685363}, "spectral_decrease": {"dmean": 2.42682074436e-09, "dmean2": 3.74173403372e-09, "max": 4.37748737625e-24, "dvar": 1.92780182389e-17, "mean": -7.66644170369e-09, "dvar2": 4.78271925886e-17, "min": -7.99766937121e-08, "var": 4.49855624867e-17, "median": -6.12418427082e-09}, "barkbands_spread": {"dmean": 3.95650625229, "dmean2": 6.07922458649, "max": 105.608673096, "dvar": 34.8612442017, "mean": 14.985127449, "dvar2": 83.0373077393, "min": 1.07082605362, "var": 114.113296509, "median": 12.1177721024}, "spectral_rms": {"dmean": 0.000739893876016, "dmean2": 0.00110260769725, "max": 0.0173473134637, "dvar": 1.00651811863e-06, "mean": 0.00494913896546, "dvar2": 2.32054367189e-06, "min": 3.14096665344e-12, "var": 5.38806443728e-06, "median": 0.00489536067471}, "spectral_centroid": {"dmean": 124.839576721, "dmean2": 191.814331055, "max": 11603.3632813, "dvar": 32524.390625, "mean": 911.633850098, "dvar2": 68930.234375, "min": 208.908355713, "var": 1021168.0625, "median": 736.570373535}, "barkbands_skewness": {"dmean": 0.499237984419, "dmean2": 0.759325385094, "max": 18.7956352234, "dvar": 0.34121003747, "mean": 2.25844168663, "dvar2": 0.788635134697, "min": -2.2153339386, "var": 2.22048330307, "median": 2.06604599953}, "spectral_rolloff": {"dmean": 240.855926514, "dmean2": 416.153045654, "max": 19595.2148438, "dvar": 660464.125, "mean": 958.33605957, "dvar2": 1653598.125, "min": 21.533203125, "var": 3601859.25, "median": 602.9296875}, "erbbands_spread": {"dmean": 6.99618387222, "dmean2": 10.3479547501, "max": 157.575866699, "dvar": 74.5829238892, "mean": 33.2705802917, "dvar2": 162.529327393, "min": 1.836135149, "var": 396.824035645, "median": 28.2223930359}, "barkbands": {"dmean": [0.000110903034511, 0.00470578530803, 0.00162040255964, 0.000457349960925, 0.00170144659933, 0.00133093353361, 0.00142538629007, 0.00151874287985, 0.000993253430352, 0.000354067917215, 0.00033817574149, 0.000272043544101, 0.000158767303219, 0.000183687006938, 0.000112582027214, 4.48895007139e-05, 4.36636000813e-05, 4.77114845125e-05, 3.92768342863e-05, 6.46999469609e-05, 4.54599721706e-05, 5.11199614266e-05, 4.0118186007e-05, 3.25814035023e-05, 4.75338965771e-05, 9.59236640483e-05, 3.21585648635e-05], "dmean2": [0.000181424475159, 0.00764478137717, 0.00279859942384, 0.000769330945332, 0.00284952367656, 0.00211654813029, 0.00200975756161, 0.00207778974436, 0.00147685757838, 0.000497002212796, 0.000484532938572, 0.000404325895943, 0.000241143017774, 0.000283604866127, 0.000167907652212, 6.84263941366e-05, 6.84909246047e-05, 7.64606447774e-05, 5.99733903073e-05, 0.000102095262264, 7.17498769518e-05, 7.92101418483e-05, 6.23240557616e-05, 5.02502407471e-05, 6.73319591442e-05, 0.000153279266669, 5.16763429914e-05], "max": [0.00423032045364, 0.21661645174, 0.109222814441, 0.0361275039613, 0.111515209079, 0.0834158137441, 0.0937376320362, 0.117346644402, 0.116689018905, 0.0566440299153, 0.0437001362443, 0.0392478965223, 0.0133388964459, 0.0341650396585, 0.0130697526038, 0.00999557133764, 0.00218497612514, 0.00246754288673, 0.00314805284142, 0.0066586448811, 0.00386249809526, 0.00323645374738, 0.00318867899477, 0.00340517191216, 0.00409037806094, 0.012063883245, 0.00186622492038], "dvar": [8.3530572681e-08, 0.000150215695612, 2.33177361224e-05, 1.41188365888e-06, 1.39703643072e-05, 6.50655010759e-06, 9.33804494707e-06, 1.43747220136e-05, 1.16024721137e-05, 1.13637372579e-06, 1.33604851271e-06, 1.01901071048e-06, 2.07786186479e-07, 9.49553054852e-07, 1.1735311034e-07, 3.70500217173e-08, 8.57209681016e-09, 9.21986575975e-09, 7.69634045383e-09, 2.70196949259e-08, 1.25826584707e-08, 1.22400614089e-08, 9.67703073229e-09, 5.89059867551e-09, 1.40684957017e-08, 1.45858834344e-07, 1.20023546657e-08], "mean": [0.000149599392898, 0.00783093087375, 0.00232140556909, 0.000704040226992, 0.0033455376979, 0.00314101111144, 0.00374711840414, 0.00353435683064, 0.00202755210921, 0.000688450760208, 0.000630791299045, 0.000504018098582, 0.000277849816484, 0.000298954750178, 0.00021039180865, 7.85664815339e-05, 8.42844237923e-05, 9.92220666376e-05, 8.76055564731e-05, 0.000147820494021, 0.000111745241156, 0.000139546697028, 0.000110181099444, 9.51020920184e-05, 0.000123531805002, 0.000108666055894, 3.07570844598e-05], "dvar2": [2.14820232713e-07, 0.000383912381949, 6.71242960379e-05, 3.7059630813e-06, 3.90019049519e-05, 1.55726029334e-05, 1.83664251381e-05, 2.87226848741e-05, 2.67983177764e-05, 2.32057595895e-06, 2.65659514298e-06, 2.36596656578e-06, 4.68708293511e-07, 2.32492880059e-06, 2.47874311299e-07, 8.14164593521e-08, 2.03644709984e-08, 2.3010381156e-08, 1.72263696641e-08, 6.58116121599e-08, 3.15434469655e-08, 2.79133836045e-08, 2.15981366125e-08, 1.3008908617e-08, 2.82977108412e-08, 3.78263365519e-07, 2.97018392104e-08], "min": [1.15873350155e-25, 2.29872549224e-24, 1.41429251063e-24, 5.68961342637e-25, 4.47463954104e-24, 6.78322796396e-24, 8.01486308465e-24, 1.058169893e-23, 7.8273342814e-24, 1.53195841161e-23, 1.37352469181e-23, 1.68417259426e-23, 2.11613010676e-23, 2.1019514364e-23, 5.13014642902e-23, 5.73865890072e-23, 4.69959245783e-23, 5.4664185847e-23, 1.16884447476e-22, 1.49928202587e-22, 2.44244513389e-22, 3.69758796245e-22, 3.87300689884e-22, 5.35242755281e-22, 9.47613747655e-22, 1.20374671043e-21, 1.7538819984e-21], "var": [1.28376868247e-07, 0.000201194299734, 2.3247259378e-05, 2.22325206778e-06, 1.87505283975e-05, 1.70478433574e-05, 4.68322577944e-05, 5.13917584612e-05, 3.4340620914e-05, 3.42934185937e-06, 3.90742934542e-06, 2.1967180146e-06, 4.20445587679e-07, 1.48324704696e-06, 2.38846666889e-07, 5.1740432383e-08, 1.81950827738e-08, 2.35136194959e-08, 2.42899265146e-08, 8.67390639314e-08, 3.88517946703e-08, 6.18673396957e-08, 4.89135985049e-08, 3.62413068444e-08, 6.20385236516e-08, 1.32102087491e-07, 1.1009801959e-08], "median": [1.54521512741e-05, 0.00207808474079, 0.000799620407633, 0.000255385704804, 0.00210274313577, 0.00184715574142, 0.00132512918208, 0.000963362806942, 0.00046445656335, 0.000179077527719, 0.000119645119412, 0.000135883339681, 7.58170790505e-05, 6.34501848253e-05, 7.09658488631e-05, 3.11000330839e-05, 3.9399965317e-05, 4.71780149383e-05, 3.37539859174e-05, 4.50840852864e-05, 4.04183192586e-05, 4.82923933305e-05, 3.75416275347e-05, 3.05542307615e-05, 3.73117982235e-05, 1.27011835502e-05, 1.78958885044e-06]}, "melbands_kurtosis": {"dmean": 7.00351810455, "dmean2": 11.0246171951, "max": 501.953369141, "dvar": 193.220123291, "mean": 17.4546375275, "dvar2": 474.588317871, "min": -1.57520365715, "var": 655.688293457, "median": 11.4943437576}, "erbbands_crest": {"dmean": 2.60541915894, "dmean2": 3.95351576805, "max": 31.735124588, "dvar": 6.53043317795, "mean": 12.4830970764, "dvar2": 14.5052280426, "min": 2.3116941452, "var": 32.1890220642, "median": 11.2815856934}, "melbands_skewness": {"dmean": 0.62821662426, "dmean2": 0.958573281765, "max": 21.358877182, "dvar": 0.583275079727, "mean": 2.56769990921, "dvar2": 1.36707925797, "min": -1.57438576221, "var": 2.80744051933, "median": 2.28171205521}, "spectral_energyband_middle_low": {"dmean": 0.00493229879066, "dmean2": 0.00731581542641, "max": 0.129411146045, "dvar": 5.32699850737e-05, "mean": 0.0166806988418, "dvar2": 0.000122049634228, "min": 1.59422730493e-22, "var": 0.000214970714296, "median": 0.0133640179411}, "spectral_contrast_coeffs": {"dmean": [0.0459450855851, 0.0396772809327, 0.0340081118047, 0.0282507110387, 0.020203737542, 0.014550358057], "dmean2": [0.0767040103674, 0.0630134642124, 0.0522251203656, 0.044346023351, 0.0317302159965, 0.0227467790246], "max": [-0.193362817168, -0.317665100098, -0.429585427046, -0.514243543148, -0.584003925323, -0.620363414288], "dvar": [0.00150309805758, 0.00115710147657, 0.000833183119539, 0.000592236465309, 0.000309892493533, 0.000176817236934], "mean": [-0.620674490929, -0.678399503231, -0.71309196949, -0.754220843315, -0.784607052803, -0.790106594563], "dvar2": [0.00410459097475, 0.00286360597238, 0.00193272612523, 0.00134420383256, 0.000677355565131, 0.000383710750611], "min": [-0.989212036133, -0.989967763424, -0.986804842949, -0.973299384117, -0.965582311153, -0.964477956295], "var": [0.011671715416, 0.00733210286126, 0.00562707800418, 0.00383286131546, 0.00233427784406, 0.00270591024309], "median": [-0.637480676174, -0.684497475624, -0.717078268528, -0.756070196629, -0.786937296391, -0.792525291443]}, "spectral_contrast_valleys": {"dmean": [0.402569413185, 0.274128466845, 0.274067133665, 0.258277714252, 0.215705007315, 0.214039638638], "dmean2": [0.657597243786, 0.441470652819, 0.438786894083, 0.408384680748, 0.321482598782, 0.297301828861], "max": [-4.89412689209, -4.794713974, -5.52165222168, -6.24456739426, -5.94649171829, -7.68938159943], "dvar": [0.139768451452, 0.0684013515711, 0.0689064562321, 0.0673326551914, 0.0578677244484, 0.0671149119735], "mean": [-7.82995080948, -6.77149295807, -8.06794834137, -8.83920001984, -8.5809211731, -10.3084592819], "dvar2": [0.325600683689, 0.146478623152, 0.14876267314, 0.13865531981, 0.0993261113763, 0.115056090057], "min": [-28.1162929535, -28.3226985931, -28.254863739, -27.7561321259, -27.566324234, -27.3886623383], "var": [6.05715036392, 5.17114877701, 4.51938295364, 4.29430389404, 4.31089925766, 3.87077045441], "median": [-7.18718194962, -6.3129901886, -7.67489147186, -8.45897293091, -8.22185134888, -9.9975194931]}, "silence_rate_20dB": {"dmean": 0, "dmean2": 0, "max": 1, "dvar": 0, "mean": 1, "dvar2": 0, "min": 1, "var": 0, "median": 1}, "silence_rate_30dB": {"dmean": 0.0188890658319, "dmean2": 0.0377811565995, "max": 1, "dvar": 0.0185317508876, "mean": 0.982312917709, "dvar2": 0.0438771732152, "min": 0, "var": 0.0173752512783, "median": 1}, "spectral_strongpeak": {"dmean": 0.495426177979, "dmean2": 0.808606743813, "max": 11.3042945862, "dvar": 0.604368209839, "mean": 1.1735124588, "dvar2": 1.40910661221, "min": 0, "var": 1.48526728153, "median": 0.669630587101}, "spectral_spread": {"dmean": 670703.4375, "dmean2": 973472.3125, "max": 42865460, "dvar": 915845414912, "mean": 6319421.5, "dvar2": 1896749465600.0, "min": 1544525.875, "var": 13424979345400.0, "median": 5738072.5}, "barkbands_flatness_db": {"dmean": 0.0189436953515, "dmean2": 0.0283993333578, "max": 0.407634139061, "dvar": 0.000354175805114, "mean": 0.158914163709, "dvar2": 0.000836751365568, "min": 0.0348633490503, "var": 0.00306086638011, "median": 0.152365148067}, "pitch_salience": {"dmean": 0.0602750405669, "dmean2": 0.0958089753985, "max": 0.953879058361, "dvar": 0.00350165157579, "mean": 0.523591756821, "dvar2": 0.00875844806433, "min": 0.0136926723644, "var": 0.0157629270107, "median": 0.534288704395}, "erbbands_kurtosis": {"dmean": 1.62421035767, "dmean2": 2.40165400505, "max": 95.3545455933, "dvar": 4.53836727142, "mean": 3.5861928463, "dvar2": 9.71819019318, "min": -1.88501405716, "var": 21.4243621826, "median": 2.42247962952}, "average_loudness": 0.728587508202, "barkbands_crest": {"dmean": 2.3293941021, "dmean2": 3.70487093925, "max": 26.7951164246, "dvar": 5.33985805511, "mean": 11.7287054062, "dvar2": 13.3420152664, "min": 3.43466711044, "var": 21.0970592499, "median": 10.7435045242}, "hfc": {"dmean": 5.19901943207, "dmean2": 7.41722249985, "max": 267.196075439, "dvar": 102.972366333, "mean": 18.6781215668, "dvar2": 234.397338867, "min": 1.08687118654e-16, "var": 383.276794434, "median": 12.9815015793}, "barkbands_kurtosis": {"dmean": 3.79757714272, "dmean2": 5.82328367233, "max": 379.240844727, "dvar": 51.2272338867, "mean": 10.361456871, "dvar2": 117.146438599, "min": -1.78398120403, "var": 413.767303467, "median": 6.5352101326}, "erbbands": {"dmean": [0.105689175427, 1.17763650417, 2.10418605804, 1.50863575935, 2.96456766129, 7.03428697586, 9.01704216003, 11.4461107254, 19.3738498688, 24.0296783447, 33.9919013977, 24.5173149109, 10.5928010941, 11.656085968, 13.069560051, 9.99455451965, 8.02283000946, 9.95753574371, 6.48162555695, 3.69923305511, 2.23629641533, 2.16621232033, 2.69012260437, 1.78952002525, 2.37216854095, 3.13514709473, 2.20782923698, 1.60404825211, 1.82842004299, 1.5277889967, 1.23262500763, 0.731266081333, 0.603046238422, 0.497291892767, 0.394776314497, 0.373041182756, 0.180839851499, 0.0489546693861, 0.0057315537706, 0.000189430793398], "dmean2": [0.171143338084, 1.93025529385, 3.62305665016, 2.52977705002, 5.04156064987, 11.9453039169, 13.8867902756, 18.357925415, 28.0557308197, 33.5265655518, 46.4577331543, 35.7920799255, 15.2900438309, 16.4518547058, 18.7851905823, 14.7793312073, 12.0593042374, 15.3213214874, 9.66317939758, 5.61851024628, 3.4355404377, 3.3912525177, 4.27757740021, 2.75493741035, 3.57618951797, 4.97888755798, 3.44692611694, 2.50852560997, 2.84805178642, 2.35169816017, 1.94057893753, 1.13633990288, 0.935871064663, 0.74103718996, 0.570273160934, 0.573992788792, 0.296494781971, 0.0797030329704, 0.00915099307895, 0.000300370214973], "max": [3.671875, 57.8551139832, 127.409439087, 96.8277664185, 177.488555908, 566.050537109, 438.627685547, 1018.19415283, 1420.69030762, 2053.73266602, 2504.45849609, 3248.91601563, 2235.99633789, 1039.53674316, 1417.61035156, 1830.51403809, 705.63104248, 1917.99194336, 765.00592041, 960.200561523, 351.499053955, 139.264297485, 122.377067566, 84.3788146973, 223.173629761, 327.907714844, 239.068572998, 160.554351807, 148.212112427, 101.208465576, 118.044403076, 77.0766448975, 55.844039917, 51.8476104736, 33.4000282288, 48.1267127991, 25.6396121979, 3.40206336975, 0.288113623857, 0.0117708360776], "dvar": [0.0694074183702, 9.86655807495, 36.6483345032, 16.5463027954, 48.4872932434, 295.598236084, 238.241973877, 620.314697266, 1689.53833008, 3809.13085938, 7731.72460938, 7194.82763672, 1316.57263184, 961.802856445, 1601.36828613, 1430.7989502, 548.409362793, 2982.94604492, 369.808349609, 321.230224609, 46.8765602112, 21.7867774963, 31.2528705597, 12.0661458969, 33.7360916138, 76.1401596069, 34.029045105, 15.2918996811, 17.5866298676, 11.4833574295, 11.7150611877, 3.33777046204, 1.99079954624, 1.56348156929, 1.0999468565, 2.04712748528, 0.5801897645, 0.0306981988251, 0.000368449866073, 3.79364678338e-07], "mean": [0.168063223362, 1.92861270905, 3.15090036392, 2.64164328575, 4.74628734589, 12.4587259293, 21.6458530426, 26.0791664124, 50.8908424377, 59.9028701782, 80.570930481, 53.5306663513, 22.4614219666, 23.1505298615, 26.3589763641, 19.3826351166, 14.9920654297, 16.8444919586, 12.2589149475, 6.82892656326, 4.30841636658, 4.60417318344, 5.71873950958, 4.27489852905, 5.59766960144, 7.15463685989, 5.38143444061, 4.13328075409, 4.79852962494, 4.180560112, 3.20741558075, 2.05694055557, 1.62269687653, 1.28736436367, 0.924202203751, 0.503315269947, 0.187541753054, 0.0480114221573, 0.00551629578695, 0.000211793536437], "dvar2": [0.175703823566, 25.6203193665, 104.315368652, 44.0695037842, 133.671829224, 839.515258789, 559.383483887, 1492.88684082, 3658.78710938, 7324.78466797, 14985.4082031, 15995.3994141, 3009.73901367, 1974.03015137, 3251.03686523, 3417.95532227, 1238.95385742, 7232.99072266, 784.541442871, 730.782287598, 99.8093338013, 52.9971084595, 78.3824234009, 27.7949085236, 73.3157501221, 190.233016968, 81.1401367188, 38.2171173096, 41.6359291077, 26.2497272491, 27.2622127533, 7.30719661713, 4.5956492424, 3.36671447754, 2.28290128708, 5.11926794052, 1.54062509537, 0.0784147530794, 0.000900248705875, 9.21695743727e-07], "min": [6.39886858298e-23, 4.95430295925e-22, 1.10800853149e-21, 3.08745365584e-21, 1.477150542e-20, 1.13854577384e-20, 3.18938936839e-20, 5.98369401177e-20, 8.12562004684e-20, 1.33158126217e-19, 2.85115508667e-19, 2.31636963746e-19, 5.16203457131e-19, 7.24174706004e-19, 7.24179462292e-19, 8.97511954328e-19, 1.37218748089e-18, 1.51340447885e-18, 2.60838895062e-18, 3.30023805867e-18, 3.37858447039e-18, 2.78518329692e-18, 3.74789745283e-18, 6.43006657139e-18, 7.09723033522e-18, 7.44950753295e-18, 9.04698354733e-18, 9.65024967679e-18, 1.09154455847e-17, 9.92403487902e-18, 1.10018636249e-17, 9.16569223704e-18, 8.67224508725e-18, 8.60175771853e-18, 6.21963471869e-18, 4.36290623827e-18, 2.15907188651e-18, 9.89943494119e-19, 2.47667827415e-19, 2.44381012326e-20], "var": [0.0928948223591, 12.6873159409, 35.8031387329, 26.4550743103, 59.027015686, 351.488525391, 737.475524902, 1475.02990723, 8560.82421875, 13653.8779297, 28452.5585938, 23964.7265625, 3614.40820313, 2465.40478516, 4685.87792969, 2565.66064453, 1130.13903809, 4790.61621094, 788.877929688, 409.629699707, 83.1325759888, 53.8842048645, 77.4064941406, 37.9147644043, 125.415359497, 233.721847534, 105.914108276, 53.4473953247, 78.9302215576, 53.056186676, 50.9059333801, 17.7004375458, 10.318236351, 7.04600715637, 3.74371409416, 2.26058244705, 0.468007475138, 0.0272299740463, 0.000344102300005, 3.6277253912e-07], "median": [0.0397103205323, 0.477312356234, 1.25877511501, 1.08744621277, 2.29609179497, 6.87590026855, 12.4198465347, 14.3602695465, 21.1847801208, 22.2565479279, 26.0451564789, 15.0828847885, 8.28597068787, 7.17697381973, 7.46997308731, 6.61488485336, 4.81035900116, 4.23720836639, 4.09242010117, 2.98282313347, 1.97144782543, 2.21542263031, 2.88070654869, 1.97067654133, 1.90403401852, 2.04159498215, 1.80255699158, 1.4167766571, 1.52455353737, 1.55255568027, 1.03165113926, 0.6715888381, 0.517550170422, 0.388794362545, 0.269062012434, 0.0833627358079, 0.0177885908633, 0.00333335646428, 0.000347736116964, 4.92797298648e-05]}, "spectral_energy": {"dmean": 0.00949564017355, "dmean2": 0.0145681668073, "max": 0.308452546597, "dvar": 0.00028972022119, "mean": 0.0306290928274, "dvar2": 0.000713670393452, "min": 1.01123136846e-20, "var": 0.000707821105607, "median": 0.0245636682957}, "zerocrossingrate": {"dmean": 0.00929696299136, "dmean2": 0.0117728821933, "max": 0.52490234375, "dvar": 0.000142600780237, "mean": 0.0551677718759, "dvar2": 0.000208473051316, "min": 0, "var": 0.00259370193817, "median": 0.04443359375}, "spectral_energyband_high": {"dmean": 0.00028390774969, "d