{"tonal": {"hpcp": {"dvar": [0.0446124114096, 0.0391940400004, 0.032356120646, 0.0405816696584, 0.0336087308824, 0.026670044288, 0.0267754998058, 0.0294438824058, 0.0304487273097, 0.0355932638049, 0.030603421852, 0.0247303619981, 0.0208797436208, 0.0235011707991, 0.0259245857596, 0.0343835838139, 0.028089908883, 0.0228952039033, 0.0185462497175, 0.0191085357219, 0.0238350499421, 0.0316218845546, 0.0325677245855, 0.0427424497902, 0.0475127585232, 0.0378821305931, 0.0334696806967, 0.0262714028358, 0.0257050003856, 0.0303359497339, 0.0376116447151, 0.0309586767107, 0.0369950570166, 0.0322364643216, 0.0335003063083, 0.0361189730465], "var": [0.107170894742, 0.0721722617745, 0.0429370701313, 0.0878413841128, 0.062321215868, 0.0266532488167, 0.0234822090715, 0.0277972500771, 0.0380492471159, 0.075312666595, 0.0544865094125, 0.0228955037892, 0.0188188683242, 0.0187844261527, 0.0325822420418, 0.0863719135523, 0.0713553726673, 0.0257376972586, 0.014129685238, 0.0145323313773, 0.0310479160398, 0.0642388239503, 0.0481834560633, 0.0797793194652, 0.150602951646, 0.0803607478738, 0.0310311000794, 0.0212558396161, 0.0206438489258, 0.0480393953621, 0.0906573385, 0.0436265207827, 0.0294096320868, 0.0234041884542, 0.0246122311801, 0.0453414283693], "median": [0.115188866854, 0.0988109111786, 0.0712631717324, 0.0545861646533, 0.050416752696, 0.0358627736568, 0.0263729728758, 0.026166498661, 0.0475393384695, 0.0660980194807, 0.0512374863029, 0.027108091861, 0.020233919844, 0.0225764103234, 0.0746025443077, 0.127724468708, 0.0927313566208, 0.0377175807953, 0.020359242335, 0.015351338312, 0.0393024347723, 0.0695597827435, 0.0802444443107, 0.214332282543, 0.324508666992, 0.167911916971, 0.0377542674541, 0.0237476509064, 0.0229735299945, 0.0481686852872, 0.0620233938098, 0.0432971715927, 0.0245120078325, 0.0208559520543, 0.0201625209302, 0.0648499503732], "max": [1, 1, 1, 1, 1, 1, 1, 1, 1, 1, 1, 1, 1, 1, 1, 1, 1, 1, 1, 1, 1, 1, 1, 1, 1, 1, 1, 1, 1, 1, 1, 1, 1, 1, 1, 1], "dmean": [0.146475791931, 0.143522068858, 0.12834264338, 0.12877677381, 0.117563970387, 0.0940147042274, 0.0856348574162, 0.087794534862, 0.101524293423, 0.115398868918, 0.10419164598, 0.0824057534337, 0.0697880014777, 0.0748355090618, 0.109633564949, 0.137447476387, 0.118689917028, 0.0891873836517, 0.0655804127455, 0.0626301690936, 0.0864255577326, 0.114577971399, 0.129735305905, 0.176045328379, 0.170435473323, 0.152608513832, 0.109790585935, 0.0818791165948, 0.0774105042219, 0.107814982533, 0.11372333765, 0.105797037482, 0.093109793961, 0.0859237834811, 0.0914273411036, 0.124613068998], "dmean2": [0.252058178186, 0.247976228595, 0.225428327918, 0.225985169411, 0.20208966732, 0.16676799953, 0.15212033689, 0.155410274863, 0.17704321444, 0.198050752282, 0.18088029325, 0.146874204278, 0.124309502542, 0.135246574879, 0.18911023438, 0.230256080627, 0.199042290449, 0.157416313887, 0.118508391082, 0.11322761327, 0.148911058903, 0.191474601626, 0.222748249769, 0.302658766508, 0.29102319479, 0.26174223423, 0.194899871945, 0.147582545877, 0.139407679439, 0.188241153955, 0.195975542068, 0.18422563374, 0.169073417783, 0.15738286078, 0.167353019118, 0.218453407288], "mean": [0.273260593414, 0.221137717366, 0.157401248813, 0.206987142563, 0.171350464225, 0.09694532305, 0.0816587582231, 0.0839994326234, 0.126471713185, 0.185836270452, 0.149348556995, 0.0805711522698, 0.0653135105968, 0.0677089765668, 0.145541355014, 0.254502564669, 0.209943860769, 0.100322417915, 0.0602514185011, 0.0528987199068, 0.106163688004, 0.176627144217, 0.169609248638, 0.29581156373, 0.436216086149, 0.273725956678, 0.105384238064, 0.0749372839928, 0.0709555372596, 0.146644026041, 0.202585369349, 0.138384655118, 0.0811052322388, 0.0721082538366, 0.0742803439498, 0.157691061497], "dvar2": [0.111620888114, 0.104722909629, 0.0887679904699, 0.102383814752, 0.0861392021179, 0.0744116008282, 0.0744497179985, 0.0799433737993, 0.0806733444333, 0.0930886566639, 0.0823413059115, 0.0693030804396, 0.0571114495397, 0.0650207921863, 0.0704527050257, 0.0853769481182, 0.0701309368014, 0.0637545660138, 0.0524575859308, 0.0531677603722, 0.0631421580911, 0.0763325244188, 0.0849596783519, 0.114771924913, 0.111109919846, 0.0989435240626, 0.0922618880868, 0.0727765113115, 0.0716629549861, 0.0824042633176, 0.0941261053085, 0.0814395174384, 0.104320347309, 0.0900294706225, 0.0937166064978, 0.0981934890151], "min": [0, 0, 0, 0, 0, 0, 0, 0, 0, 0, 0, 0, 0, 0, 0, 0, 0, 0, 0, 0, 0, 0, 0, 0, 0, 0, 0, 0, 0, 0, 0, 0, 0, 0, 0, 0]}, "key_key": "A#", "thpcp": [1, 0.627500832081, 0.241587236524, 0.171789363027, 0.162661448121, 0.336172908545, 0.464415162802, 0.317238777876, 0.18592903018, 0.165303975344, 0.170283362269, 0.361497581005, 0.626434028149, 0.506945371628, 0.360833197832, 0.474505990744, 0.392810970545, 0.22224150598, 0.187197953463, 0.192563816905, 0.289929032326, 0.426018834114, 0.342372864485, 0.18470467627, 0.149727419019, 0.155218884349, 0.33364507556, 0.58343231678, 0.481284081936, 0.229983299971, 0.138122871518, 0.121267236769, 0.243374079466, 0.404907464981, 0.388819336891, 0.678130805492], "chords_key": "A#", "tuning_equal_tempered_deviation": 0.0393588989973, "tuning_frequency": 440, "tuning_diatonic_strength": 0.606817901134, "chords_histogram": [31.6367263794, 24.5758476257, 17.1407184601, 2.81936120987, 1.64670658112, 1.19760477543, 3.4930138588, 0, 0.898203611374, 0, 4.29141712189, 0.299401193857, 0.523952066898, 0, 0, 0, 0, 1.32235527039, 0, 1.89620757103, 0, 0.67365270853, 0, 7.58483028412], "key_strength": 0.808292269707, "key_scale": "major", "chords_strength": {"dvar": 4.7418387112e-05, "var": 0.00857570394874, "median": 0.543124377728, "max": 0.782553672791, "dmean": 0.0082340138033, "dmean2": 0.00777692906559, "mean": 0.544028639793, "dvar2": 5.14902239956e-05, "min": 0.257527679205}, "chords_number_rate": 0.00274451100267, "tuning_nontempered_energy_ratio": 0.693386077881, "hpcp_entropy": {"dvar": 0.288108438253, "var": 0.543698191643, "median": 2.02131581306, "max": 4.48125839233, "dmean": 0.608850538731, "dmean2": 1.0153542757, "mean": 2.02183151245, "dvar2": 0.750579953194, "min": 0}, "chords_changes_rate": 0.0568862259388, "chords_scale": "major"}, "rhythm": {"bpm_histogram_first_peak_spread": {"dvar": 0, "var": 0, "median": 0.136531412601, "max": 0.136531412601, "dmean": 0, "dmean2": 0, "mean": 0.136531412601, "dvar2": 0, "min": 0.136531412601}, "bpm_histogram_first_peak_weight": {"dvar": 0, "var": 0, "median": 0.835714280605, "max": 0.835714280605, "dmean": 0, "dmean2": 0, "mean": 0.835714280605, "dvar2": 0, "min": 0.835714280605}, "bpm_histogram_first_peak_bpm": {"dvar": 0, "var": 0, "median": 92, "max": 92, "dmean": 0, "dmean2": 0, "mean": 92, "dvar2": 0, "min": 92}, "bpm": 91.2463684082, "bpm_histogram_second_peak_weight": {"dvar": 0, "var": 0, "median": 0.0142857143655, "max": 0.0142857143655, "dmean": 0, "dmean2": 0, "mean": 0.0142857143655, "dvar2": 0, "min": 0.0142857143655}, "beats_loudness": {"dvar": 0.000104097583971, "var": 0.000426591024734, "median": 0.0148220220581, "max": 0.111303165555, "dmean": 0.00797676853836, "dmean2": 0.0136199584231, "mean": 0.0239173471928, "dvar2": 0.000235267230892, "min": 7.02926797658e-07}, "beats_loudness_band_ratio": {"dvar": [0.0192888472229, 0.0105104791, 0.013972771354, 0.00963344518095, 0.00463176658377, 0.00397159531713], "var": [0.0311659332365, 0.0159891657531, 0.0158378947526, 0.00988151039928, 0.00510239973664, 0.00418132124469], "median": [0.336422711611, 0.206603288651, 0.173395216465, 0.087743319571, 0.0780480057001, 0.0683470964432], "max": [0.876834690571, 0.681543767452, 0.764905631542, 0.842940509319, 0.578363537788, 0.434260904789], "dmean": [0.162749379873, 0.113954864442, 0.116135798395, 0.0622792579234, 0.0525307431817, 0.0440566390753], "dmean2": [0.286799639463, 0.20179438591, 0.203144207597, 0.109558679163, 0.089675553143, 0.0770921483636], "mean": [0.359578669071, 0.225699156523, 0.195292636752, 0.1047494784, 0.0925099626184, 0.0799076855183], "dvar2": [0.0529455170035, 0.0271605569869, 0.043167013675, 0.0237524863333, 0.0119820106775, 0.0111346617341], "min": [0.00343769229949, 0.00110162631609, 0.00389547646046, 0.00129941676278, 0.00174162269104, 0.00119509897195]}, "bpm_histogram_second_peak_bpm": {"dvar": 0, "var": 0, "median": 80, "max": 80, "dmean": 0, "dmean2": 0, "mean": 80, "dvar2": 0, "min": 80}, "onset_rate": 3.5465502739, "beats_count": 281, "beats_position": [0.684988677502, 1.35836732388, 2.02013611794, 2.68190479279, 3.34367346764, 3.99383211136, 4.65560102463, 5.30575942993, 5.94430828094, 6.59446716309, 7.24462556839, 7.90639448166, 8.55655288696, 9.19510173798, 9.84526062012, 10.5070295334, 11.1687984467, 11.8189563751, 12.4691152573, 13.1192741394, 13.7926530838, 14.4428119659, 15.0929698944, 15.7431287766, 16.3932876587, 17.0550556183, 17.7168254852, 18.3785934448, 19.0403633118, 19.7137413025, 20.3755092621, 21.037279129, 21.7106571198, 22.3608150482, 23.0225849152, 23.6843528748, 24.3345127106, 24.984670639, 25.6116104126, 26.2617683411, 26.9119262695, 27.5736961365, 28.2354640961, 28.897233963, 29.5590019226, 30.2091598511, 30.870929718, 31.5326976776, 32.1828575134, 32.8446235657, 33.4947853088, 34.1565513611, 34.818321228, 35.480091095, 36.1534690857, 36.8268470764, 37.5234451294, 38.2316551208, 38.91664505, 39.613243103, 40.309841156, 41.006439209, 41.6914291382, 42.3648071289, 43.0265769958, 43.6767349243, 44.3385009766, 45.0002708435, 45.6620407104, 46.3354187012, 46.9971885681, 47.6473464966, 48.297504425, 48.959274292, 49.6210403442, 50.2712020874, 50.9213600159, 51.5831298828, 52.2332878113, 52.8950538635, 53.5452156067, 54.1953735352, 54.8455314636, 55.4956893921, 56.157459259, 56.8076171875, 57.457775116, 58.1079368591, 58.7697029114, 59.4198646545, 60.070022583, 60.7317886353, 61.3935585022, 62.0553283691, 62.7170982361, 63.3788642883, 64.0406341553, 64.7024002075, 65.3641738892, 66.0143280029, 66.6761016846, 67.3378677368, 68.0112457275, 68.6846237183, 69.3463897705, 69.9965515137, 70.6351013184, 71.2852630615, 71.9354171753, 72.5855789185, 73.2357330322, 73.8975067139, 74.5592727661, 75.2094345093, 75.859588623, 76.5097503662, 77.1715164185, 77.8332901001, 78.4834442139, 79.133605957, 79.7953720093, 80.4455337524, 81.0956878662, 81.7574615479, 82.4192276001, 83.0693893433, 83.7311553955, 84.3813171387, 85.0430831909, 85.7048492432, 86.3550109863, 87.0051651001, 87.6669387817, 88.328704834, 88.9788665771, 89.6290206909, 90.2791824341, 90.9293441772, 91.5911102295, 92.2528762817, 92.9030380249, 93.5648040771, 94.2149658203, 94.8767318726, 95.5268936157, 96.188659668, 96.8504257202, 97.5121994019, 98.1739654541, 98.8473434448, 99.5207214355, 100.194099426, 100.867477417, 101.51763916, 102.167800903, 102.817955017, 103.46811676, 104.118278503, 104.768432617, 105.41859436, 106.068748474, 106.718910217, 107.36907196, 108.019226074, 108.669387817, 109.319541931, 109.981315613, 110.643081665, 111.293243408, 111.95500946, 112.616775513, 113.278549194, 113.940315247, 114.578865051, 115.240631104, 115.890792847, 116.552558899, 117.202720642, 117.852874756, 118.503036499, 119.164802551, 119.814964294, 120.488342285, 121.150108337, 121.800270081, 122.450431824, 123.100585938, 123.762359619, 124.424125671, 125.085891724, 125.736053467, 126.386207581, 127.036369324, 127.698135376, 128.359909058, 129.010070801, 129.660217285, 130.321990967, 130.983764648, 131.633926392, 132.284072876, 132.934234619, 133.596008301, 134.257781982, 134.919540405, 135.581314087, 136.23147583, 136.881637573, 137.531784058, 138.181945801, 138.855331421, 139.505477905, 140.155639648, 140.829025269, 141.50239563, 142.152557373, 142.802719116, 143.452880859, 144.103042603, 144.753189087, 145.40335083, 146.065124512, 146.726898193, 147.377044678, 148.050430298, 148.700592041, 149.350738525, 150.000900269, 150.651062012, 151.301223755, 151.962997437, 152.636367798, 153.298141479, 153.948303223, 154.621673584, 155.271835327, 155.933609009, 156.572158813, 157.222305298, 157.872467041, 158.522628784, 159.172790527, 159.822952271, 160.496322632, 161.169708252, 161.843078613, 162.504852295, 163.166610718, 163.816772461, 164.466934204, 165.117095947, 165.778869629, 166.440628052, 167.090789795, 167.752563477, 168.414321899, 169.064483643, 169.714645386, 170.376419067, 171.03817749, 171.688339233, 172.361724854, 173.035095215, 173.708480835, 174.370239258, 175.032012939, 175.682174683, 176.332336426, 176.982498169, 177.621032715, 178.271194458, 178.93296814, 179.583129883, 180.233291626, 180.895050049, 181.568435669, 182.230194092, 182.984848022, 183.739501953, 184.494140625, 185.248794556], "danceability": 0.878804385662, "bpm_histogram_second_peak_spread": {"dvar": 0, "var": 0, "median": 0, "max": 0, "dmean": 0, "dmean2": 0, "mean": 0, "dvar2": 0, "min": 0}}, "lowlevel": {"spectral_flux": {"dvar": 0.000520570785739, "var": 0.00210608169436, "median": 0.0537405386567, "max": 0.285390973091, "dmean": 0.0168284103274, "dmean2": 0.0262526962906, "mean": 0.0631873309612, "dvar2": 0.0010325772455, "min": 6.03143234912e-06}, "spectral_rolloff": {"dvar": 947948.875, "var": 1856600.375, "median": 1184.32617188, "max": 12661.5234375, "dmean": 586.181640625, "dmean2": 974.522888184, "mean": 1656.69433594, "dvar2": 2253688.75, "min": 21.533203125}, "barkbands_flatness_db": {"dvar": 0.000547710107639, "var": 0.00321300700307, "median": 0.103729441762, "max": 0.390418469906, "dmean": 0.0212767403573, "dmean2": 0.0320536233485, "mean": 0.118006013334, "dvar2": 0.00117924355436, "min": 0.0163843203336}, "spectral_centroid": {"dvar": 104553.789062, "var": 454252.59375, "median": 1536.83178711, "max": 4270.24072266, "dmean": 278.094970703, "dmean2": 422.305480957, "mean": 1552.66882324, "dvar2": 232834.03125, "min": 205.827224731}, "melbands_skewness": {"dvar": 0.555315971375, "var": 2.00376296043, "median": 2.31165909767, "max": 13.6679267883, "dmean": 0.632900774479, "dmean2": 1.00288832188, "mean": 2.53096580505, "dvar2": 1.38401079178, "min": -2.29883360863}, "melbands": {"dvar": [1.68065798789e-06, 4.48668924946e-06, 5.9441549638e-07, 4.29540932601e-07, 9.27429582021e-08, 1.29814154093e-07, 4.02092013019e-08, 3.7779351203e-08, 6.64276456064e-08, 5.4863846799e-08, 9.08075925565e-09, 9.52836831658e-09, 3.03635450116e-09, 2.37103447986e-09, 1.61889524009e-09, 2.03413419442e-09, 2.77774270252e-09, 1.58297819297e-09, 6.5974453678e-10, 1.09400122295e-09, 6.01647121012e-10, 7.26942672724e-10, 4.68569294476e-10, 1.6057834229e-10, 1.61952784516e-10, 1.85700149702e-10, 9.87294065946e-11, 1.15302670189e-10, 5.47489553693e-11, 2.10904731179e-11, 1.3087574427e-11, 9.22881736309e-12, 4.57596373987e-12, 5.99749460165e-12, 3.20619225613e-12, 1.03389031277e-12, 6.4902331556e-13, 5.33843043556e-13, 5.34862410438e-13, 2.00972037948e-13], "var": [1.42858959862e-06, 5.20038338436e-06, 1.34442245781e-06, 7.0405161523e-07, 2.41475504481e-07, 2.43157359137e-07, 8.70699778943e-08, 7.20388158015e-08, 2.0817708446e-07, 1.66343539831e-07, 1.82696116013e-08, 1.87584863198e-08, 5.12561015853e-09, 3.30241922697e-09, 1.93646232383e-09, 4.93035656746e-09, 3.59584984011e-09, 2.40810749119e-09, 1.54175250344e-09, 2.52827381253e-09, 1.26259580568e-09, 1.79877257533e-09, 1.19388077202e-09, 4.69532024372e-10, 4.68629191008e-10, 5.54391810237e-10, 2.93762875136e-10, 2.96730362503e-10, 1.60266452887e-10, 5.48335300776e-11, 3.67398333978e-11, 1.98410402691e-11, 1.03851051023e-11, 7.42318186087e-12, 4.32598271441e-12, 2.47590619881e-12, 2.23379431272e-12, 1.59154265288e-12, 1.79484649799e-12, 7.9949534406e-13], "median": [0.000146220088936, 0.000521739770193, 0.000523946073372, 0.000296619196888, 0.000154075823957, 0.000145558617078, 8.3870421804e-05, 6.5285297751e-05, 8.53835736052e-05, 0.000102479127236, 5.04893287143e-05, 3.24380234815e-05, 1.69996328623e-05, 1.17825547932e-05, 7.37241680326e-06, 9.05087472347e-06, 6.62336424284e-06, 9.52548816713e-06, 8.99457154446e-06, 8.77079401107e-06, 9.26670963963e-06, 1.03941401903e-05, 8.26821633382e-06, 6.51592563372e-06, 5.56537179364e-06, 5.28054761162e-06, 4.74304761156e-06, 4.72274587082e-06, 3.37287747243e-06, 1.98665861717e-06, 1.30455021008e-06, 1.00579461559e-06, 8.41451708311e-07, 8.70311396284e-07, 5.5960958889e-07, 4.29749775321e-07, 3.61009739436e-07, 3.15850144261e-07, 2.95740278489e-07, 2.00206514478e-07], "max": [0.0140487458557, 0.0265540610999, 0.0100452341139, 0.00912402756512, 0.00499812467024, 0.00607667816803, 0.00371395191178, 0.00335306045599, 0.00598446466029, 0.00411799177527, 0.00162985513452, 0.00231520575471, 0.000937724660616, 0.000862543820404, 0.000985060003586, 0.000990138622001, 0.0013535808539, 0.000837869301904, 0.000503288407344, 0.00144315173384, 0.000390307919588, 0.000502812268678, 0.000496437016409, 0.000211276099435, 0.00021184416255, 0.000328921712935, 0.00014171510702, 0.000200901369681, 0.000133791501867, 8.57452178025e-05, 9.30984751903e-05, 7.90765989223e-05, 3.99653108616e-05, 8.33171943668e-05, 5.4652657127e-05, 1.76812955033e-05, 1.83086576726e-05, 1.89905531442e-05, 2.06678141694e-05, 9.75519651547e-06], "dmean": [0.000457013695268, 0.000931973161642, 0.000459329952719, 0.000338037672918, 0.000173008069396, 0.000180582530447, 0.000102132173197, 9.16152639547e-05, 0.0001170132673, 0.000130661093863, 5.19698369317e-05, 5.1639504818e-05, 2.63832680503e-05, 2.06009772228e-05, 1.52209686348e-05, 1.88820667972e-05, 1.69343638845e-05, 1.71281753865e-05, 1.31647138915e-05, 1.30776015794e-05, 1.29489844767e-05, 1.49076877278e-05, 1.14612494144e-05, 7.54677603254e-06, 7.56872714192e-06, 7.54301527195e-06, 5.95658138991e-06, 6.03562193646e-06, 4.27780332757e-06, 2.4748856049e-06, 1.69172756159e-06, 1.24817847791e-06, 1.01096463823e-06, 9.83825543699e-07, 6.9912869094e-07, 4.86025214741e-07, 3.98871890184e-07, 3.61604833188e-07, 3.51652772679e-07, 2.32294738112e-07], "dmean2": [0.000800225243438, 0.00160351651721, 0.000763715710491, 0.000576205609832, 0.000276905135252, 0.00029582894058, 0.000164794386365, 0.000144794496009, 0.000175391120138, 0.000202906943741, 8.5223109636e-05, 8.47682749736e-05, 4.24774589192e-05, 3.35661716235e-05, 2.48421838478e-05, 3.07172667817e-05, 2.80989170278e-05, 2.83265417238e-05, 2.15673426283e-05, 2.17712986341e-05, 2.1483099772e-05, 2.45522987825e-05, 1.92128227354e-05, 1.23868658193e-05, 1.19214846563e-05, 1.20227032312e-05, 9.36195010581e-06, 9.32507373363e-06, 6.73450495015e-06, 4.11210157836e-06, 2.86967497232e-06, 2.14182136915e-06, 1.72663101239e-06, 1.71585998032e-06, 1.20651338875e-06, 8.18167620764e-07, 6.49599996905e-07, 6.00980854415e-07, 5.83134180943e-07, 3.73203732806e-07], "mean": [0.000557145453058, 0.00138600543141, 0.000925093656406, 0.000602611049544, 0.000350983522367, 0.000331925053615, 0.000191893836018, 0.000168079364812, 0.000236530962866, 0.000271348806564, 0.000100886187283, 8.96151541383e-05, 4.42841082986e-05, 3.18303391396e-05, 2.28826011153e-05, 3.48046087311e-05, 2.47475400101e-05, 2.69305346592e-05, 2.44135826506e-05, 2.42702080868e-05, 2.43712256633e-05, 2.93290268019e-05, 2.2823085601e-05, 1.59898609127e-05, 1.55719990289e-05, 1.56147143571e-05, 1.28945666802e-05, 1.25006472445e-05, 9.39458004723e-06, 5.37476353202e-06, 3.83979340768e-06, 2.75154388873e-06, 2.14439955926e-06, 1.84169834938e-06, 1.36916958127e-06, 1.09123084258e-06, 9.54052552515e-07, 8.32264447581e-07, 8.37145250898e-07, 6.02909551617e-07], "dvar2": [4.77203138871e-06, 1.28475840029e-05, 1.64723439866e-06, 1.1998130276e-06, 2.35782295022e-07, 3.52823235517e-07, 1.00329700103e-07, 9.46693958781e-08, 1.35310443738e-07, 1.30019969902e-07, 2.49427625221e-08, 2.590221726e-08, 7.37391658845e-09, 6.0116578382e-09, 4.21295620612e-09, 5.06823827351e-09, 7.11917458318e-09, 4.24743351601e-09, 1.72800340703e-09, 2.91563773125e-09, 1.64915070489e-09, 1.94903315709e-09, 1.29553490158e-09, 4.284151367e-10, 3.8301631311e-10, 4.47582387819e-10, 2.33715130582e-10, 2.73015721142e-10, 1.35027544701e-10, 5.73544683968e-11, 3.60213837924e-11, 2.59193361218e-11, 1.27805882197e-11, 1.69058638616e-11, 9.08801853217e-12, 2.76888841716e-12, 1.63967374834e-12, 1.38419267368e-12, 1.40892191577e-12, 4.98520875188e-13], "min": [4.28741211074e-16, 2.50858018813e-16, 6.64851314249e-17, 1.22649990259e-17, 2.79543504255e-17, 2.67799524791e-16, 5.77927032961e-16, 3.26287361557e-16, 3.86169732192e-17, 1.49085044819e-17, 1.33181888738e-16, 2.53285324072e-16, 1.23316191599e-16, 3.66205297974e-17, 1.31475739389e-16, 1.05973688312e-16, 1.12102130504e-17, 4.45658907485e-17, 5.49214078505e-17, 8.10444167958e-17, 4.43368080409e-17, 4.97131776201e-17, 8.15205485738e-17, 1.03337966625e-16, 5.79799875747e-17, 9.78363619016e-17, 7.24741572878e-17, 5.52793454451e-17, 6.15745836446e-17, 3.11028579173e-17, 4.17272748927e-17, 2.3455521869e-17, 2.87058704818e-17, 1.58284054237e-17, 1.74628713007e-17, 1.39460450976e-17, 9.09882543786e-18, 8.7484226314e-18, 8.009084464e-18, 6.00582052447e-18]}, "spectral_decrease": {"dvar": 8.15539782511e-18, "var": 2.46603716426e-17, "median": -2.75946110406e-09, "max": -4.56493999763e-21, "dmean": 1.54068890978e-09, "dmean2": 2.5836228712e-09, "mean": -4.87029883089e-09, "dvar2": 2.25262704776e-17, "min": -3.60926115661e-08}, "barkbands_kurtosis": {"dvar": 29.531211853, "var": 61.2347793579, "median": 1.31384944916, "max": 122.020721436, "dmean": 2.49004817009, "dmean2": 3.99683427811, "mean": 3.59151291847, "dvar2": 73.3620452881, "min": -1.8681114912}, "silence_rate_30dB": {"dvar": 0, "var": 0, "median": 1, "max": 1, "dmean": 0, "dmean2": 0, "mean": 1, "dvar2": 0, "min": 1}, "gfcc": {"mean": [-35.5014152527, 87.0474853516, -118.875946045, 39.2722663879, -61.2928886414, 3.40715813637, -33.4972877502, 12.9430475235, -24.6867275238, -2.33171844482, -20.9740867615, -6.40695905685, -10.0553207397], "cov": [[17211.0859375, -798.744995117, -23.8529491425, 265.091491699, -470.752349854, 550.768737793, -673.861999512, 296.607696533, -250.18057251, 215.329589844, -242.104034424, -152.534301758, 15.1891431808], [-798.744995117, 1467.08312988, 15.3077077866, 58.7498016357, 61.2327308655, -354.820739746, 70.8367385864, -153.620956421, 8.92237472534, -196.003601074, -37.9390602112, -155.977859497, 63.3461799622], [-23.8529491425, 15.3077077866, 569.09185791, 77.6630859375, 15.3517560959, 4.83163928986, -53.2763557434, 3.90625810623, -62.1352729797, -40.3771362305, -53.7838745117, 0.206533297896, -29.167924881], [265.091491699, 58.7498016357, 77.6630859375, 303.861083984, 5.05917215347, 32.5917282104, -29.366601944, -5.06577110291, 7.24687480927, -36.5200462341, -13.9937353134, -28.6712818146, 15.3371076584], [-470.752349854, 61.2327308655, 15.3517560959, 5.05917215347, 198.949935913, -19.7933349609, 56.7909965515, -16.3625717163, 12.3065595627, 10.2897939682, 12.797996521, 21.9136543274, -9.56188583374], [550.768737793, -354.820739746, 4.83163928986, 32.5917282104, -19.7933349609, 278.391906738, 10.3741312027, 45.1753311157, -9.16921043396, 57.4177932739, 23.963640213, 27.6880512238, -14.1174516678], [-673.861999512, 70.8367385864, -53.2763557434, -29.366601944, 56.7909965515, 10.3741312027, 160.99041748, -0.664721608162, 24.2547073364, 3.72056674957, 23.4606590271, 11.8063163757, 1.22197425365], [296.607696533, -153.620956421, 3.90625810623, -5.06577110291, -16.3625717163, 45.1753311157, -0.664721608162, 184.613113403, 31.4462089539, 35.7253761292, 2.87705850601, 35.1886367798, 17.3922863007], [-250.18057251, 8.92237472534, -62.1352729797, 7.24687480927, 12.3065595627, -9.16921043396, 24.2547073364, 31.4462089539, 92.0563735962, 24.867105484, 9.92620277405, -0.303028613329, 4.10356140137], [215.329589844, -196.003601074, -40.3771362305, -36.5200462341, 10.2897939682, 57.4177932739, 3.72056674957, 35.7253761292, 24.867105484, 130.692962646, 41.0067901611, 32.2558288574, -12.608921051], [-242.104034424, -37.9390602112, -53.7838745117, -13.9937353134, 12.797996521, 23.963640213, 23.4606590271, 2.87705850601, 9.92620277405, 41.0067901611, 84.1043243408, 41.2798423767, 5.53437042236], [-152.534301758, -155.977859497, 0.206533297896, -28.6712818146, 21.9136543274, 27.6880512238, 11.8063163757, 35.1886367798, -0.303028613329, 32.2558288574, 41.2798423767, 111.394760132, 21.5307254791], [15.1891431808, 63.3461799622, -29.167924881, 15.3371076584, -9.56188583374, -14.1174516678, 1.22197425365, 17.3922863007, 4.10356140137, -12.608921051, 5.53437042236, 21.5307254791, 80.9556045532]], "icov": [[9.37739023357e-05, -5.66734233871e-05, 8.88603753992e-05, -6.62842139718e-05, 7.69528123783e-05, -0.000197355548153, 0.000328524532961, -0.000152027438162, 0.00030549368239, -0.000294276658678, 0.000334968615789, 4.52158565167e-05, -2.25432231673e-05], [-5.66734233871e-05, 0.00162051187363, -0.000280767708318, -4.16973089159e-05, -0.000409227330238, 0.00162284786347, -0.000924891035538, 0.000535833707545, -0.000392898160499, 0.00146966287866, -0.00141680066008, 0.00216530496255, -0.00144734070636], [8.88603753992e-05, -0.000280767708318, 0.00234835711308, -0.000666009786073, -0.000206509532291, -0.000330413487973, 0.000799490371719, -0.000563112727832, 0.00169487495441, -0.000240692184889, 0.00179960241076, -0.00106330774724, 0.00123856880236], [-6.62842139718e-05, -4.16973089159e-05, -0.000666009786073, 0.0040757926181, -0.000619818107225, -0.000968764652498, 0.000787316355854, 0.000240820765612, -0.0015023027081, 0.00151104433462, -0.00089873757679, 0.0012330757454, -0.00122783449478], [7.69528123783e-05, -0.000409227330238, -0.000206509532291, -0.000619818107225, 0.00628571212292, 0.000295338715659, -0.00183697324246, 0.000539056840353, -0.000167941136169, -0.00127522146795, 0.00084839342162, -0.0021229244303, 0.00137114245445], [-0.000197355548153, 0.00162284786347, -0.000330413487973, -0.000968764652498, 0.000295338715659, 0.00639854278415, -0.00223259790801, -0.000172553598532, 0.000678191427141, -0.000147030325024, -0.00205111899413, 0.00123784330208, -0.00019313665689], [0.000328524532961, -0.000924891035538, 0.000799490371719, 0.000787316355854, -0.00183697324246, -0.00223259790801, 0.00936044473201, -0.000673717819154, -0.000735051289666, -6.89947337378e-05, -0.000159497431014, -0.000501203758176, 0.000368828710634], [-0.000152027438162, 0.000535833707545, -0.000563112727832, 0.000240820765612, 0.000539056840353, -0.000172553598532, -0.000673717819154, 0.0072808903642, -0.00316556519829, -0.000437123526353, 0.000851858814713, -0.00155329622794, -0.00171247357503], [0.00030549368239, -0.000392898160499, 0.00169487495441, -0.0015023027081, -0.000167941136169, 0.000678191427141, -0.000735051289666, -0.00316556519829, 0.0152861559764, -0.00394459301606, 0.00124450190924, 0.00111140625086, 0.000165113335242], [-0.000294276658678, 0.00146966287866, -0.000240692184889, 0.00151104433462, -0.00127522146795, -0.000147030325024, -6.89947337378e-05, -0.000437123526353, -0.00394459301606, 0.0136706475168, -0.00642190361395, 0.000687302555889, 0.0010363268666], [0.000334968615789, -0.00141680066008, 0.00179960241076, -0.00089873757679, 0.00084839342162, -0.00205111899413, -0.000159497431014, 0.000851858814713, 0.00124450190924, -0.00642190361395, 0.0202960297465, -0.00751563813537, 0.000974382914137], [4.52158565167e-05, 0.00216530496255, -0.00106330774724, 0.0012330757454, -0.0021229244303, 0.00123784330208, -0.000501203758176, -0.00155329622794, 0.00111140625086, 0.000687302555889, -0.00751563813537, 0.0167754292488, -0.00591015862301], [-2.25432231673e-05, -0.00144734070636, 0.00123856880236, -0.00122783449478, 0.00137114245445, -0.00019313665689, 0.000368828710634, -0.00171247357503, 0.000165113335242, 0.0010363268666, 0.000974382914137, -0.00591015862301, 0.016316941008]]}, "silence_rate_20dB": {"dvar": 0, "var": 0, "median": 1, "max": 1, "dmean": 0, "dmean2": 0, "mean": 1, "dvar2": 0, "min": 1}, "barkbands_skewness": {"dvar": 0.31994754076, "var": 1.21134507656, "median": 1.31770908833, "max": 9.18297767639, "dmean": 0.47621011734, "dmean2": 0.743052423, "mean": 1.44746005535, "dvar2": 0.78779143095, "min": -2.71189713478}, "erbbands_skewness": {"dvar": 0.168860927224, "var": 0.569048285484, "median": 0.22362793982, "max": 6.88295602798, "dmean": 0.35144251585, "dmean2": 0.524278104305, "mean": 0.279945880175, "dvar2": 0.38102415204, "min": -5.58614349365}, "spectral_contrast_valleys": {"dvar": [0.133545055985, 0.10393127799, 0.0930119603872, 0.104800157249, 0.107179537416, 0.247175469995], "var": [2.03887891769, 1.87245559692, 1.71564340591, 1.85648453236, 1.98212003708, 2.44989609718], "median": [-7.52203845978, -6.77775287628, -7.4906463623, -7.98868942261, -7.45082139969, -10.013543129], "max": [-5.2489900589, -4.57408809662, -5.13170433044, -5.50307130814, -5.42701292038, -8.16657066345], "dmean": [0.429213166237, 0.351161122322, 0.338642299175, 0.332180380821, 0.297880083323, 0.321201771498], "dmean2": [0.702861130238, 0.562503457069, 0.526125192642, 0.504069447517, 0.427404016256, 0.461050659418], "mean": [-7.81143379211, -7.06197881699, -7.68601560593, -8.20606517792, -7.65413331985, -10.4665203094], "dvar2": [0.328325510025, 0.237661406398, 0.198509439826, 0.214106753469, 0.210236430168, 0.56026828289], "min": [-20.4326667786, -20.0633735657, -20.1701450348, -20.1783409119, -19.4228000641, -21.911031723]}, "spectral_strongpeak": {"dvar": 0.354454725981, "var": 0.565192043781, "median": 0.344093471766, "max": 9.30736923218, "dmean": 0.337857067585, "dmean2": 0.579358279705, "mean": 0.577892363071, "dvar2": 0.90836161375, "min": 0}, "erbbands_crest": {"dvar": 5.69199991226, "var": 20.5150566101, "median": 7.09000396729, "max": 30.0230255127, "dmean": 2.30734586716, "dmean2": 3.64508199692, "mean": 8.45712661743, "dvar2": 13.5735025406, "min": 2.55602312088}, "barkbands_crest": {"dvar": 4.94219017029, "var": 14.8347539902, "median": 7.52825069427, "max": 25.8401622772, "dmean": 2.24095916748, "dmean2": 3.69613480568, "mean": 8.49383831024, "dvar2": 12.7771167755, "min": 2.09077739716}, "spectral_energyband_middle_low": {"dvar": 2.76691444014e-05, "var": 0.000104191050923, "median": 0.00598041573539, "max": 0.0660090968013, "dmean": 0.00307519175112, "dmean2": 0.00496194977313, "mean": 0.00980849098414, "dvar2": 7.46878940845e-05, "min": 4.99688198398e-15}, "spectral_contrast_coeffs": {"dvar": [0.00168798584491, 0.00129248737358, 0.000947163382079, 0.000583388027735, 0.000318828679156, 0.000331967603415], "var": [0.00896157044917, 0.00454399874434, 0.00409127073362, 0.00278362538666, 0.00129249994643, 0.00127971346956], "median": [-0.635938167572, -0.748276352882, -0.757819414139, -0.791297376156, -0.795837283134, -0.760355830193], "max": [-0.322476685047, -0.436323165894, -0.438618987799, -0.539024472237, -0.613158106804, -0.544601559639], "dmean": [0.0484809242189, 0.0436290353537, 0.0371330603957, 0.0295082014054, 0.0210266094655, 0.018259877339], "dmean2": [0.0807995423675, 0.0704604238272, 0.0589924044907, 0.0474599674344, 0.033887244761, 0.0293821301311], "mean": [-0.632865965366, -0.74653750658, -0.757427811623, -0.786122262478, -0.795377373695, -0.760011851788], "dvar2": [0.00457917200401, 0.00331350276247, 0.00236108363606, 0.00142364448402, 0.000770771992393, 0.000817939871922], "min": [-0.926765263081, -0.935969471931, -0.945264875889, -0.94598287344, -0.949461460114, -0.911909222603]}, "hfc": {"dvar": 45.0801582336, "var": 285.538818359, "median": 9.18811988831, "max": 103.529571533, "dmean": 3.75945425034, "dmean2": 5.84594774246, "mean": 16.7488574982, "dvar2": 111.67350769, "min": 1.48479631368e-10}, "spectral_energyband_high": {"dvar": 2.13667107118e-07, "var": 9.75234570433e-07, "median": 0.000365076877642, "max": 0.00840387679636, "dmean": 0.000261678302195, "dmean2": 0.000411198416259, "mean": 0.000829577969853, "dvar2": 5.33981335593e-07, "min": 1.02728731825e-14}, "erbbands_spread": {"dvar": 101.819458008, "var": 245.634048462, "median": 41.9267616272, "max": 168.960968018, "dmean": 7.63167190552, "dmean2": 11.9232368469, "mean": 41.9984474182, "dvar2": 251.659805298, "min": 1.61115300655}, "dissonance": {"dvar": 0.000282830180367, "var": 0.00075925962301, "median": 0.475398391485, "max": 0.499970167875, "dmean": 0.0155959939584, "dmean2": 0.0257690306753, "mean": 0.467689931393, "dvar2": 0.000714059220627, "min": 0.277478635311}, "spectral_kurtosis": {"dvar": 3.06172966957, "var": 5.11896514893, "median": 3.34197187424, "max": 40.1297302246, "dmean": 1.27182936668, "dmean2": 2.09762883186, "mean": 3.7710647583, "dvar2": 8.03115844727, "min": -0.734399557114}, "spectral_skewness": {"dvar": 0.0627829059958, "var": 0.135153725743, "median": 1.32068681717, "max": 5.00402641296, "dmean": 0.202198579907, "dmean2": 0.318616122007, "mean": 1.36350679398, "dvar2": 0.153363242745, "min": -0.215874701738}, "pitch_salience": {"dvar": 0.00369104207493, "var": 0.0130994422361, "median": 0.595171511173, "max": 0.906797289848, "dmean": 0.0665758252144, "dmean2": 0.108088061213, "mean": 0.579930841923, "dvar2": 0.00948125962168, "min": 0.0615246258676}, "spectral_complexity": {"dvar": 15.6903123856, "var": 244.161453247, "median": 14, "max": 61, "dmean": 3.19166469574, "dmean2": 4.63621616364, "mean": 19.939239502, "dvar2": 27.2217731476, "min": 0}, "spectral_spread": {"dvar": 376145313792, "var": 1172160249860.0, "median": 4344194.5, "max": 15040942, "dmean": 468903.125, "dmean2": 718163.125, "mean": 4454586, "dvar2": 853933031424, "min": 1650834.625}, "dynamic_complexity": 6.02040576935, "melbands_crest": {"dvar": 8.2040014267, "var": 24.7528381348, "median": 12.1691713333, "max": 39.3205986023, "dmean": 3.12653708458, "dmean2": 5.17684650421, "mean": 13.0284547806, "dvar2": 21.2371006012, "min": 2.87222957611}, "zerocrossingrate": {"dvar": 0.000130567947053, "var": 0.00103971082717, "median": 0.06201171875, "max": 0.4873046875, "dmean": 0.00994816701859, "dmean2": 0.0118275815621, "mean": 0.0658124536276, "dvar2": 0.000158752402058, "min": 0.00146484375}, "spectral_energyband_low": {"dvar": 7.50245089876e-05, "var": 8.91410018085e-05, "median": 0.00268093426712, "max": 0.107124380767, "dmean": 0.00378617225215, "dmean2": 0.00646290183067, "mean": 0.00625124573708, "dvar2": 0.000212409257074, "min": 2.10456156591e-15}, "melbands_kurtosis": {"dvar": 138.421661377, "var": 300.598052979, "median": 7.01554870605, "max": 324.361785889, "dmean": 5.73556518555, "dmean2": 9.31855297089, "mean": 11.7599630356, "dvar2": 343.042785645, "min": -1.8906840086}, "spectral_energyband_middle_high": {"dvar": 4.06255276175e-06, "var": 1.79294893314e-05, "median": 0.00212731398642, "max": 0.0338400825858, "dmean": 0.00108236714732, "dmean2": 0.00169058737811, "mean": 0.00385731924325, "dvar2": 1.00815550468e-05, "min": 1.20975473224e-14}, "barkbands_spread": {"dvar": 65.1345062256, "var": 192.100463867, "median": 23.8532276154, "max": 104.754707336, "dmean": 6.19397926331, "dmean2": 9.62963581085, "mean": 25.5253181458, "dvar2": 153.285476685, "min": 0.922062397003}, "mfcc": {"mean": [-673.26953125, 110.504585266, 0.929528474808, 32.5272254944, -1.66260802746, -4.45630311966, 0.209940955043, 3.51445412636, 4.54680538177, 3.0684607029, -3.64265370369, -3.03494858742, -5.01914167404], "cov": [[14977.9902344, 39.7548484802, -365.742889404, 48.6619529724, 76.1338272095, -198.37840271, -87.9942626953, -179.9584198, 123.502845764, 142.612304688, -193.039367676, -16.1004047394, 136.327377319], [39.7548484802, 1175.39233398, 21.5294075012, 201.383514404, -32.9869880676, -105.967529297, -22.2379398346, -66.2083969116, 18.2103939056, -57.8272743225, -107.297012329, -47.061290741, -46.354763031], [-365.742889404, 21.5294075012, 422.850097656, 84.3983917236, 49.7881584167, 6.04565668106, -2.68159627914, 30.3454799652, -8.97310733795, -20.0788574219, -34.4448738098, -33.7898750305, -18.2922992706], [48.6619529724, 201.383514404, 84.3983917236, 255.973648071, 55.4887008667, -18.9881267548, -15.7836904526, -8.24501514435, 18.7147045135, -22.0426502228, -39.3438835144, -10.1444921494, -18.2321376801], [76.1338272095, -32.9869880676, 49.7881584167, 55.4887008667, 143.164505005, 19.6955089569, -1.2837895155, 14.2368469238, 3.05138516426, 5.18977403641, -7.36877632141, -4.36470413208, 5.46405935287], [-198.37840271, -105.967529297, 6.04565668106, -18.9881267548, 19.6955089569, 180.507980347, 52.6324996948, 8.24226474762, -26.0216655731, 1.54445457458, 36.6439666748, 6.24246025085, -6.33915090561], [-87.9942626953, -22.2379398346, -2.68159627914, -15.7836904526, -1.2837895155, 52.6324996948, 117.81047821, 33.1338539124, -2.4144320488, 10.8676280975, 13.4592638016, 7.34386920929, 4.9071764946], [-179.9584198, -66.2083969116, 30.3454799652, -8.24501514435, 14.2368469238, 8.24226474762, 33.1338539124, 107.392547607, 23.8451251984, 4.93781852722, 5.36629056931, -3.22089099884, 5.56328058243], [123.502845764, 18.2103939056, -8.97310733795, 18.7147045135, 3.05138516426, -26.0216655731, -2.4144320488, 23.8451251984, 92.2545776367, 28.5893859863, -0.498819589615, -2.57947063446, -1.03267419338], [142.612304688, -57.8272743225, -20.0788574219, -22.0426502228, 5.18977403641, 1.54445457458, 10.8676280975, 4.93781852722, 28.5893859863, 92.056312561, 37.1322174072, 1.28535926342, 6.24056577682], [-193.039367676, -107.297012329, -34.4448738098, -39.3438835144, -7.36877632141, 36.6439666748, 13.4592638016, 5.36629056931, -0.498819589615, 37.1322174072, 100.615989685, 38.9047889709, 3.8233730793], [-16.1004047394, -47.061290741, -33.7898750305, -10.1444921494, -4.36470413208, 6.24246025085, 7.34386920929, -3.22089099884, -2.57947063446, 1.28535926342, 38.9047889709, 70.6358795166, 26.2776565552], [136.327377319, -46.354763031, -18.2922992706, -18.2321376801, 5.46405935287, -6.33915090561, 4.9071764946, 5.56328058243, -1.03267419338, 6.24056577682, 3.8233730793, 26.2776565552, 71.8942337036]], "icov": [[7.70051628933e-05, 1.66620047821e-05, 6.65007828502e-05, -1.42371791299e-05, -4.92538129038e-05, 2.90799580398e-05, 6.8331763714e-07, 0.000140444622957, -7.20237367204e-05, -0.000168622689671, 0.000238340333453, -2.88791961793e-05, -0.000115090602776], [1.66620047821e-05, 0.00118540239055, 0.00011491310579, -0.000859611958731, 0.000436257745605, 0.000508453813381, -0.000428828643635, 0.000686372455675, -0.000208015408134, 0.000300602318021, 0.000629810558166, 0.000287592964014, 0.000364094477845], [6.65007828502e-05, 0.00011491310579, 0.00284683308564, -0.000852042052429, -0.000549542834051, -3.68578803318e-05, 0.000140301024658, -0.000792862731032, 0.000575790065341, 2.93532339128e-05, 0.000520077475812, 0.000912733841687, 0.000190995255252], [-1.42371791299e-05, -0.000859611958731, -0.000852042052429, 0.00570543343201, -0.00216459925286, -7.98856344773e-05, 0.000289741961751, 0.00044049648568, -0.0013337865239, 0.000663106853608, 0.00103749532718, -0.00137037271634, 0.00117543281522], [-4.92538129038e-05, 0.000436257745605, -0.000549542834051, -0.00216459925286, 0.00854757707566, -0.00124062167015, 0.000758367532399, -0.00110516534187, 0.000386783794966, -0.00112849054858, 0.000738541479222, 0.000237127052969, -0.00106177479029], [2.90799580398e-05, 0.000508453813381, -3.68578803318e-05, -7.98856344773e-05, -0.00124062167015, 0.00774006219581, -0.00344059825875, 0.000757979403716, 0.00147197954357, 0.00118932675105, -0.00289031001739, 0.0012734917691, 0.000802144175395], [6.8331763714e-07, -0.000428828643635, 0.000140301024658, 0.000289741961751, 0.000758367532399, -0.00344059825875, 0.0112429019064, -0.00377261289395, 0.0008681412437, -0.00192690268159, 0.00104062410537, -0.0015573418932, -0.000311476003844], [0.000140444622957, 0.000686372455675, -0.000792862731032, 0.00044049648568, -0.00110516534187, 0.000757979403716, -0.00377261289395, 0.0124650383368, -0.00403897091746, 0.00164418749046, -0.000882077380084, 0.00178134697489, -0.0012749369489], [-7.20237367204e-05, -0.000208015408134, 0.000575790065341, -0.0013337865239, 0.000386783794966, 0.00147197954357, 0.0008681412437, -0.00403897091746, 0.0143590588123, -0.00513912830502, 0.0011747215176, -0.00088130007498, 0.00107637210749], [-0.000168622689671, 0.000300602318021, 2.93532339128e-05, 0.000663106853608, -0.00112849054858, 0.001