{"tonal": {"hpcp": {"dvar": [0.015296000056, 0.0145384473726, 0.0143954670057, 0.0125678321347, 0.0127773284912, 0.0194146055728, 0.0242196805775, 0.0342988967896, 0.0377642065287, 0.0330034829676, 0.0224753897637, 0.0123690748587, 0.0160685349256, 0.0187354199588, 0.0255107115954, 0.0164598077536, 0.0222796518356, 0.0221433714032, 0.0282075162977, 0.0364358983934, 0.0270424075425, 0.0254574622959, 0.0295670591295, 0.0353672467172, 0.0315193347633, 0.0333992317319, 0.0421186946332, 0.0387166142464, 0.0317362509668, 0.0295420568436, 0.0242963507771, 0.0260272324085, 0.036762110889, 0.0441423244774, 0.0358401723206, 0.0278663020581], "var": [0.0180171206594, 0.0161642562598, 0.0126475514844, 0.0126180974767, 0.0129559449852, 0.0194811560214, 0.0280856005847, 0.104720443487, 0.119077846408, 0.0535067468882, 0.0249875336885, 0.0141341323033, 0.0218853242695, 0.0309323035181, 0.0300190057606, 0.0291515886784, 0.0359115712345, 0.0237599927932, 0.0455535873771, 0.0684811398387, 0.0346205756068, 0.0260082427412, 0.0566062144935, 0.0956860110164, 0.0463143512607, 0.044843249023, 0.0795282796025, 0.104515090585, 0.0711835771799, 0.046460531652, 0.0329529196024, 0.0280202087015, 0.0695057436824, 0.124734766781, 0.0837689340115, 0.0365946888924], "median": [0.0220984648913, 0.012207669206, 0.0106839919463, 0.0141158076003, 0.0163813810796, 0.0171420499682, 0.0483556352556, 0.0797219201922, 0.0931261181831, 0.0711447820067, 0.0380890108645, 0.0474832765758, 0.0439901798964, 0.025045402348, 0.0164201036096, 0.0145087623969, 0.00741174956784, 0.0133684538305, 0.0548650063574, 0.0813175365329, 0.0662140101194, 0.0399605296552, 0.0734123066068, 0.0732307881117, 0.0555288344622, 0.0589745603502, 0.0720052421093, 0.0929793640971, 0.041833922267, 0.0231085661799, 0.0184909887612, 0.0258948225528, 0.0681779310107, 0.119465596974, 0.101808167994, 0.04054107517], "max": [1, 1, 1, 1, 1, 1, 1, 1, 1, 1, 1, 1, 1, 1, 1, 1, 1, 1, 1, 1, 1, 1, 1, 1, 1, 1, 1, 1, 1, 1, 1, 1, 1, 1, 1, 1], "dmean": [0.0581832490861, 0.0473854579031, 0.0474990494549, 0.0471286252141, 0.0506798587739, 0.0650456249714, 0.101711422205, 0.129299819469, 0.136920839548, 0.117889583111, 0.0864378213882, 0.0672278925776, 0.0745459273458, 0.0714306980371, 0.075514242053, 0.0603920854628, 0.0547288805246, 0.0729947313666, 0.103942595422, 0.137441918254, 0.116837650537, 0.0885440036654, 0.119165167212, 0.121150270104, 0.107045583427, 0.109768092632, 0.143500953913, 0.12997096777, 0.122564956546, 0.0860347226262, 0.0731163620949, 0.0871682539582, 0.137542530894, 0.148798972368, 0.146563395858, 0.101733617485], "dmean2": [0.102532930672, 0.0815023109317, 0.0827878713608, 0.0810721367598, 0.0881871730089, 0.111837521195, 0.175354540348, 0.215847730637, 0.228957787156, 0.190595179796, 0.145604819059, 0.114069953561, 0.127021297812, 0.12152826786, 0.132697403431, 0.102626293898, 0.0966178327799, 0.125209510326, 0.169173553586, 0.223587915301, 0.196903899312, 0.155085280538, 0.198260456324, 0.197145119309, 0.178949907422, 0.188263952732, 0.240089505911, 0.224374979734, 0.206095412374, 0.149200111628, 0.125699877739, 0.152892842889, 0.230648696423, 0.242761895061, 0.246607914567, 0.170812264085], "mean": [0.064955599606, 0.0504495278001, 0.0437382496893, 0.0480193421245, 0.0511454567313, 0.0631433650851, 0.110660068691, 0.244733855128, 0.276686429977, 0.158759817481, 0.0941822975874, 0.0856046453118, 0.0934598818421, 0.0903473421931, 0.0808624327183, 0.0773236900568, 0.0686622262001, 0.0710692852736, 0.148242652416, 0.201902702451, 0.138691142201, 0.0963952988386, 0.176909387112, 0.220472618937, 0.152054339647, 0.138258993626, 0.214805752039, 0.242751836777, 0.172208204865, 0.105961598456, 0.0824413225055, 0.0887064263225, 0.198993697762, 0.304546266794, 0.23542663455, 0.115679562092], "dvar2": [0.0429184511304, 0.0380757562816, 0.0390015989542, 0.032025385648, 0.0338442288339, 0.0504269227386, 0.0657338798046, 0.0775342956185, 0.0900076404214, 0.0702907666564, 0.0562905296683, 0.0337334163487, 0.0425015538931, 0.0482118017972, 0.0724429264665, 0.044512540102, 0.0594191402197, 0.0560633651912, 0.0709002763033, 0.0898774340749, 0.0692641809583, 0.0701968967915, 0.0744701996446, 0.0804026424885, 0.082211047411, 0.085070438683, 0.106637313962, 0.101409755647, 0.0749681517482, 0.0706973820925, 0.0647760257125, 0.0709469616413, 0.0947246477008, 0.105920240283, 0.0899521186948, 0.0700385943055], "min": [0, 0, 0, 0, 0, 0, 0, 0, 0, 0, 0, 0, 0, 0, 0, 0, 0, 0, 0, 0, 0, 0, 0, 0, 0, 0, 0, 0, 0, 0, 0, 0, 0, 0, 0, 0]}, "key_key": "E", "thpcp": [1, 0.77304059267, 0.379842311144, 0.213286474347, 0.165654718876, 0.143617749214, 0.157675027847, 0.167939856648, 0.207335874438, 0.363360464573, 0.803601562977, 0.908520162106, 0.521299481392, 0.309254467487, 0.281089127064, 0.306882381439, 0.296662122011, 0.265517741442, 0.253897994757, 0.225457459688, 0.233361214399, 0.486765623093, 0.662962317467, 0.455402523279, 0.316521018744, 0.580894947052, 0.723937988281, 0.499281585217, 0.453983545303, 0.705330431461, 0.797093451023, 0.565458297729, 0.34793266654, 0.270702123642, 0.29127407074, 0.653410375118], "chords_key": "G#", "tuning_equal_tempered_deviation": 0.186402380466, "tuning_frequency": 445.112548828, "tuning_diatonic_strength": 0.422438949347, "chords_histogram": [2.09689092636, 2.96456980705, 10.9906005859, 0, 5.71221971512, 0, 0.289226323366, 0.0723065808415, 20.4627628326, 2.67534351349, 0.144613161683, 0, 0, 0, 0, 0.0723065808415, 0.144613161683, 9.978307724, 3.90455532074, 16.8474330902, 0, 1.15690529346, 3.54302239418, 18.9443244934], "key_strength": 0.450593441725, "key_scale": "major", "chords_strength": {"dvar": 0.0014946248848, "var": 0.0915019512177, "median": 0.519560158253, "max": 0.866299808025, "dmean": 0.00917557813227, "dmean2": 0.0109827071428, "mean": 0.479715287685, "dvar2": 0.00301576475613, "min": -1}, "chords_number_rate": 0.00867678970098, "tuning_nontempered_energy_ratio": 0.868025422096, "hpcp_entropy": {"dvar": 0.252307027578, "var": 0.731896519661, "median": 2.07680749893, "max": 3.85131812096, "dmean": 0.596490383148, "dmean2": 1.00877177715, "mean": 1.9838616848, "dvar2": 0.678920090199, "min": 0}, "chords_changes_rate": 0.0592913962901, "chords_scale": "major"}, "rhythm": {"bpm_histogram_first_peak_spread": {"dvar": 0, "var": 0, "median": 0.491228044033, "max": 0.491228044033, "dmean": 0, "dmean2": 0, "mean": 0.491228044033, "dvar2": 0, "min": 0.491228044033}, "bpm_histogram_first_peak_weight": {"dvar": 0, "var": 0, "median": 0.224806204438, "max": 0.224806204438, "dmean": 0, "dmean2": 0, "mean": 0.224806204438, "dvar2": 0, "min": 0.224806204438}, "bpm_histogram_first_peak_bpm": {"dvar": 0, "var": 0, "median": 108, "max": 108, "dmean": 0, "dmean2": 0, "mean": 108, "dvar2": 0, "min": 108}, "bpm": 107.327728271, "bpm_histogram_second_peak_weight": {"dvar": 0, "var": 0, "median": 0.11627907306, "max": 0.11627907306, "dmean": 0, "dmean2": 0, "mean": 0.11627907306, "dvar2": 0, "min": 0.11627907306}, "beats_loudness": {"dvar": 0.00467830663547, "var": 0.00431755138561, "median": 0.0173578374088, "max": 0.523241221905, "dmean": 0.0336950831115, "dmean2": 0.0580343939364, "mean": 0.041601523757, "dvar2": 0.0128704207018, "min": 0}, "beats_loudness_band_ratio": {"dvar": [0.0242144577205, 0.0209698621184, 0.00696654152125, 0.00522396480665, 0.00314121483825, 0.0133034316823], "var": [0.056028790772, 0.0462516620755, 0.0128216454759, 0.0062075345777, 0.00237691937946, 0.0183386690915], "median": [0.420042872429, 0.247846394777, 0.0829526036978, 0.0427331365645, 0.010221671313, 0.0406685993075], "max": [0.935438334942, 0.894078671932, 0.586465716362, 0.476162970066, 0.29554399848, 0.963931322098], "dmean": [0.175416007638, 0.140396654606, 0.0763596445322, 0.0614808686078, 0.0351297706366, 0.0559751465917], "dmean2": [0.293431222439, 0.227664336562, 0.127196237445, 0.108515709639, 0.0646716281772, 0.0893097445369], "mean": [0.423588126898, 0.275480747223, 0.122065015137, 0.0701036900282, 0.0295000933111, 0.09322784096], "dvar2": [0.0652398988605, 0.0572241507471, 0.0171392057091, 0.0140056712553, 0.0103873824701, 0.0269644744694], "min": [0, 0, 0, 0, 0, 0]}, "bpm_histogram_second_peak_bpm": {"dvar": 0, "var": 0, "median": 157, "max": 157, "dmean": 0, "dmean2": 0, "mean": 157, "dvar2": 0, "min": 157}, "onset_rate": 1.49606478214, "beats_count": 130, "beats_position": [0.626938760281, 1.27709746361, 1.92725622654, 2.57741498947, 3.12308382988, 3.66875267029, 4.21442174911, 4.79492044449, 5.36380958557, 5.92108821869, 6.48997735977, 7.05886602402, 7.6277551651, 8.19664382935, 8.76553249359, 9.32281208038, 9.86848068237, 10.4257593155, 10.9830379486, 11.5403175354, 11.9234466553, 12.3065757751, 12.7013149261, 13.084444046, 13.4675731659, 13.8507022858, 14.2338323593, 14.6169614792, 15.0000905991, 15.3716096878, 15.7547388077, 16.1494789124, 16.5558280945, 16.9505672455, 17.3336963654, 17.7168254852, 18.1463947296, 18.575963974, 19.0055332184, 19.5395908356, 20.0852603912, 20.6193199158, 21.1765975952, 21.733877182, 22.2795467377, 22.8368244171, 23.3941040039, 23.9629936218, 24.5202713013, 25.0775508881, 25.6464385986, 26.2037181854, 26.7609977722, 27.3066654205, 27.8639450073, 28.4328346252, 28.9901123047, 29.5357818604, 30.1162815094, 30.7083892822, 31.2772789001, 31.8461666107, 32.4266662598, 32.9955558777, 33.5528335571, 34.1101112366, 34.6790008545, 35.2478904724, 35.7935600281, 36.3508377075, 36.908115387, 37.4653968811, 38.0226745605, 38.5915641785, 39.1488418579, 39.7061233521, 40.2634010315, 40.8322906494, 41.3895683289, 41.9584579468, 42.5157356262, 43.0730133057, 43.6302947998, 44.1875724792, 44.6635818481, 45.139591217, 45.6156005859, 46.0916099548, 46.5676193237, 47.0436286926, 47.5312461853, 47.9956436157, 48.4600448608, 48.9360542297, 49.3424034119, 49.748752594, 50.1667098999, 50.573059082, 50.9678001404, 51.3393173218, 51.7340583801, 52.1287956238, 52.5119247437, 52.8950538635, 53.2665748596, 53.6845359802, 54.0908851624, 54.5088424683, 54.9268035889, 55.3563690186, 55.7859382629, 56.2155075073, 56.6450767517, 57.0746459961, 57.5042152405, 57.9453964233, 58.3865737915, 58.8277549744, 59.2689323425, 59.6404533386, 60.01197052, 60.3950996399, 60.7782287598, 61.1265296936, 61.4748306274, 61.8347396851, 62.2294769287, 62.6242179871, 63.0189552307, 63.4136962891], "danceability": 0.914496243, "bpm_histogram_second_peak_spread": {"dvar": 0, "var": 0, "median": 0.25, "max": 0.25, "dmean": 0, "dmean2": 0, "mean": 0.25, "dvar2": 0, "min": 0.25}}, "lowlevel": {"spectral_flux": {"dvar": 0.000351499795215, "var": 0.00192092836369, "median": 0.0492081269622, "max": 0.358405768871, "dmean": 0.0131133953109, "dmean2": 0.0218473989516, "mean": 0.0584879368544, "dvar2": 0.000948830507696, "min": 6.28058716146e-11}, "spectral_rolloff": {"dvar": 17931466, "var": 70629176, "median": 667.529296875, "max": 22050, "dmean": 1222.98913574, "dmean2": 2355.27124023, "mean": 5254.07324219, "dvar2": 52913396, "min": 129.19921875}, "barkbands_flatness_db": {"dvar": 0.000309421477141, "var": 0.00192706403323, "median": 0.163181453943, "max": 0.338524073362, "dmean": 0.0205338075757, "dmean2": 0.0306361410767, "mean": 0.163237392902, "dvar2": 0.000687013904098, "min": 0.0365615934134}, "spectral_centroid": {"dvar": 70878.125, "var": 4519927, "median": 539.099975586, "max": 11822.6982422, "dmean": 106.727127075, "dmean2": 164.585327148, "mean": 1045.97558594, "dvar2": 147956.265625, "min": 155.275268555}, "melbands_skewness": {"dvar": 0.39278370142, "var": 3.46591329575, "median": 2.72681283951, "max": 17.16664505, "dmean": 0.64659756422, "dmean2": 0.988613188267, "mean": 2.90017819405, "dvar2": 0.877338767052, "min": -1.61718761921}, "melbands": {"dvar": [1.02190961115e-06, 1.26317836475e-05, 2.57897772826e-06, 1.70201008132e-06, 1.78762479663e-06, 3.33502043759e-07, 1.81298780433e-08, 2.81790040191e-08, 3.2958887175e-08, 1.70340186401e-08, 5.69383722393e-08, 4.79032502554e-09, 2.41600628392e-09, 8.06351518889e-09, 5.69382851978e-09, 4.15441125945e-10, 5.00024599503e-09, 3.11295522692e-09, 1.8522613443e-09, 5.59669428857e-11, 1.01678505893e-10, 2.68515071289e-11, 7.33186775181e-12, 3.33287976211e-12, 1.17310761799e-12, 3.57661383149e-13, 1.29527790403e-13, 1.02416142787e-13, 5.18164714424e-14, 2.69644366785e-14, 1.14130452593e-13, 7.4215217576e-14, 3.58923530003e-13, 5.2001610483e-12, 1.10415253329e-11, 5.21454841113e-13, 1.77916610887e-14, 3.03846515345e-15, 1.5345170745e-15, 1.18678686212e-15], "var": [3.33892580784e-06, 6.65702027618e-05, 1.2190450434e-05, 6.72408214086e-06, 8.84977544047e-06, 1.26446877857e-06, 4.46383054964e-08, 7.73611432692e-08, 8.22496275532e-08, 3.26192406419e-08, 1.02327533114e-07, 7.83820119921e-09, 8.50505710304e-09, 1.81185839665e-08, 1.34291093801e-08, 1.17776066677e-09, 1.46782266341e-08, 7.66622409998e-09, 2.14332041004e-09, 1.21402943254e-10, 2.30759258923e-10, 8.17767173422e-11, 1.59596936361e-11, 9.3268968937e-12, 3.49649562775e-12, 8.62669907297e-13, 2.56295418916e-13, 2.32067132438e-13, 1.38108044423e-13, 7.59647810693e-14, 2.64657165541e-13, 1.66928008417e-13, 9.97680020196e-13, 1.02932480248e-11, 2.25792665814e-11, 1.1120451348e-12, 4.03982708017e-14, 5.66927325465e-15, 2.26248260036e-15, 1.67114433592e-15], "median": [0.000339713646099, 0.000309347815346, 0.000558333355002, 0.000474487198517, 0.000237371976255, 0.000244633003604, 6.70073059155e-05, 5.49085816601e-05, 5.11780199304e-05, 3.24335233017e-05, 2.87401053356e-05, 1.46499569382e-05, 6.41698625259e-06, 1.05870149127e-05, 1.0417289559e-05, 3.64049446944e-06, 2.38028928834e-06, 4.35414358435e-06, 1.97268855118e-06, 1.4475883745e-06, 9.37169261306e-07, 4.60804471913e-07, 3.15576102139e-07, 1.43176720258e-07, 1.71481730149e-07, 1.39828898682e-07, 1.27499561131e-07, 9.38062640898e-08, 9.52430667667e-08, 7.41280530292e-08, 1.21657322438e-07, 9.88235768773e-08, 2.06930678814e-07, 6.584006087e-07, 1.00898876099e-06, 2.59578911255e-07, 6.16865349912e-08, 2.85664256694e-08, 1.46493572828e-08, 9.88973170024e-09], "max": [0.0264028050005, 0.129023879766, 0.0503350682557, 0.038935765624, 0.0599830001593, 0.0216415598989, 0.00224349438213, 0.00653631798923, 0.00642013037577, 0.00402126600966, 0.00448369933292, 0.00151301140431, 0.00111186061986, 0.00136716093402, 0.00178017828148, 0.000393405236537, 0.00293676252477, 0.00193223450333, 0.00122202641796, 0.000171326319105, 0.000203265095479, 0.000133307519718, 5.99649647484e-05, 5.18773304066e-05, 2.30933910643e-05, 1.35988566399e-05, 8.67584640218e-06, 5.16322415933e-06, 5.8105260905e-06, 3.05298544845e-06, 4.51758478448e-06, 3.7774386783e-06, 1.15218381325e-05, 2.70042983175e-05, 4.25673715654e-05, 1.0584559277e-05, 3.36560128744e-06, 8.36086428535e-07, 6.85485531449e-07, 5.99917143518e-07], "dmean": [0.000350149930455, 0.00116031640209, 0.000622677907813, 0.000545997929294, 0.00044263160089, 0.000230650941376, 8.16940882942e-05, 7.21313263057e-05, 6.24355816399e-05, 4.61629460915e-05, 7.67946548876e-05, 2.90055704681e-05, 2.16406988329e-05, 3.79244302167e-05, 2.84399902739e-05, 9.19117428566e-06, 1.42746985148e-05, 1.82531075552e-05, 8.70501844474e-06, 3.20801132148e-06, 3.40605561178e-06, 1.60924844295e-06, 9.08069750949e-07, 5.79041284254e-07, 4.08580120848e-07, 2.95029053632e-07, 1.82173081953e-07, 1.5474142856e-07, 1.23221013837e-07, 9.12065729608e-08, 1.83605962434e-07, 1.2984853015e-07, 2.48125161306e-07, 9.38035327636e-07, 1.57776696597e-06, 3.12812574066e-07, 6.07074213121e-08, 3.13445802647e-08, 1.96247480488e-08, 1.66412981173e-08], "dmean2": [0.000547958130483, 0.00176543532871, 0.000884966633748, 0.000745405443013, 0.000590338197071, 0.000308694172418, 0.000126611063024, 0.000114324764581, 9.3510687293e-05, 6.90610977472e-05, 0.000120012940897, 4.74062362628e-05, 3.57680110028e-05, 6.20361315669e-05, 4.44256111223e-05, 1.46400425365e-05, 2.30576752074e-05, 2.89318504656e-05, 1.45458116094e-05, 5.13581198902e-06, 5.28411783307e-06, 2.48060473496e-06, 1.43957822729e-06, 9.14318263767e-07, 6.537528634e-07, 4.66766010732e-07, 2.95741585887e-07, 2.56062378412e-07, 2.04020722094e-07, 1.48128179944e-07, 3.02965275978e-07, 2.18501298832e-07, 4.20007353341e-07, 1.61549587574e-06, 2.71591488854e-06, 5.4213620615e-07, 1.02048716144e-07, 5.14543927466e-08, 3.13547694475e-08, 2.63796930966e-08], "mean": [0.000940480211284, 0.00268891267478, 0.00142722402234, 0.0011802285444, 0.000912957359105, 0.000472851854283, 0.000141404161695, 0.000159939270816, 0.000116617855383, 7.61167902965e-05, 0.000112970708869, 4.84946285724e-05, 4.46051781182e-05, 6.42734376015e-05, 4.82542891405e-05, 1.66259887919e-05, 2.32871425396e-05, 2.83531044261e-05, 1.18377247418e-05, 5.47180843569e-06, 5.79009110879e-06, 2.99460566566e-06, 1.53451367169e-06, 1.04775904219e-06, 7.70165627273e-07, 5.32446392754e-07, 3.10246974777e-07, 2.69408445774e-07, 2.13393178683e-07, 1.71033349261e-07, 3.31885161131e-07, 2.47302637035e-07, 5.25538041529e-07, 1.76999049017e-06, 2.98489294437e-06, 6.3764053948e-07, 1.2722205156e-07, 5.47161640441e-08, 2.92763928655e-08, 2.24886615996e-08], "dvar2": [2.74657941191e-06, 2.57718766079e-05, 4.50068819191e-06, 2.83198346551e-06, 2.2534998152e-06, 4.63429159936e-07, 4.10765252923e-08, 5.88265436363e-08, 6.07346564152e-08, 3.46589068556e-08, 1.27818680085e-07, 1.17037028957e-08, 6.32362429087e-09, 2.16940012621e-08, 1.23409504837e-08, 9.63259472186e-10, 1.2907794833e-08, 7.22328508118e-09, 5.39750288908e-09, 1.32623953486e-10, 2.47458692426e-10, 6.39260588908e-11, 1.74428266969e-11, 8.71175787759e-12, 2.66410396348e-12, 8.36307585683e-13, 3.31973435286e-13, 2.74486650857e-13, 1.39171199521e-13, 7.14391517947e-14, 3.1372441537e-13, 2.03779010268e-13, 1.01998097468e-12, 1.50342707034e-11, 3.12837290795e-11, 1.57321790144e-12, 5.01156767181e-14, 7.85367508738e-15, 3.82195495955e-15, 2.93741751097e-15], "min": [7.12158184469e-25, 1.47431861324e-24, 1.12978982516e-24, 6.30887860469e-25, 8.46462246621e-25, 1.77088012233e-24, 1.91220770894e-24, 2.36903784802e-24, 1.59809453775e-24, 2.32608772438e-24, 2.72586902052e-24, 1.77554761509e-24, 2.06622708144e-24, 2.56288424382e-24, 2.12574762282e-24, 2.4898447959e-24, 2.79509255102e-24, 2.61369556359e-24, 3.63630482971e-24, 3.67952612428e-24, 3.42428623409e-24, 2.90510374021e-24, 2.84212739642e-24, 3.54017818411e-24, 4.21850981575e-24, 3.80181179193e-24, 3.93207205448e-24, 3.7549668648e-24, 4.7286499915e-24, 5.41630438132e-24, 4.37615104588e-24, 4.97874098656e-24, 5.69515803385e-24, 4.88780031255e-24, 4.77966128751e-24, 6.19738632916e-24, 4.76393652866e-24, 6.46593824712e-24, 6.69524946265e-24, 6.06951513186e-24]}, "spectral_decrease": {"dvar": 1.63123987262e-17, "var": 9.49778573152e-17, "median": -2.84363821379e-09, "max": 6.03300076563e-10, "dmean": 1.89037119291e-09, "dmean2": 2.68057087638e-09, "mean": -6.06400973879e-09, "dvar2": 2.89264001419e-17, "min": -1.41467111803e-07}, "barkbands_kurtosis": {"dvar": 30.2684574127, "var": 133.572875977, "median": 7.84250211716, "max": 224.408340454, "dmean": 3.83402299881, "dmean2": 5.80076694489, "mean": 10.3514032364, "dvar2": 58.4009094238, "min": -1.70310115814}, "silence_rate_30dB": {"dvar": 0.0205513667315, "var": 0.042521007359, "median": 1, "max": 1, "dmean": 0.0209916755557, "dmean2": 0.0419985502958, "mean": 0.95549929142, "dvar2": 0.0460273697972, "min": 0}, "gfcc": {"mean": [-112.115234375, 95.5956573486, -59.3292541504, -5.14048099518, -43.3525009155, 3.80688714981, -21.78216362, -23.2890415192, 0.603072404861, -13.7963848114, -11.7649469376, 4.28929233551, -18.547870636], "cov": [[63551.8789062, 6697.17529297, -3350.51245117, -444.95135498, -1713.63171387, -1.03800213337, -775.635070801, -1850.21594238, 268.446716309, -1128.41699219, -502.47845459, 144.628005981, -1146.63952637], [6697.17529297, 1488.74365234, -328.978881836, -367.628112793, -1.3266569376, -45.1068763733, -12.9212913513, -214.112289429, 23.4286956787, -144.006790161, 13.9015035629, -66.4977798462, -74.1815414429], [-3350.51245117, -328.978881836, 664.863037109, 245.660995483, -14.5170755386, 21.409450531, 119.815826416, 96.9688949585, 47.4880447388, 107.815704346, 73.5072479248, 49.4869499207, -40.3483886719], [-444.95135498, -367.628112793, 245.660995483, 574.80078125, -5.91567564011, -4.84387016296, -114.163894653, 42.4396018982, 45.8991203308, 64.0669784546, -54.4262084961, 84.3647537231, -91.0149078369], [-1713.63171387, -1.3266569376, -14.5170755386, -5.91567564011, 365.260437012, 39.4158935547, 25.071685791, 30.144493103, -52.4631843567, 8.49082565308, 49.6175689697, -38.7595443726, 69.4794692993], [-1.03800213337, -45.1068763733, 21.409450531, -4.84387016296, 39.4158935547, 131.122833252, 79.4502410889, 14.9725809097, -4.22526741028, -2.98107409477, 20.8731498718, 21.1593284607, -0.357170850039], [-775.635070801, -12.9212913513, 119.815826416, -114.163894653, 25.071685791, 79.4502410889, 271.328948975, 88.1429595947, 35.7311286926, -19.5042648315, 77.9752960205, 3.48357510567, 9.93802070618], [-1850.21594238, -214.112289429, 96.9688949585, 42.4396018982, 30.144493103, 14.9725809097, 88.1429595947, 222.508773804, 17.3826389313, 63.919216156, 19.7338504791, -8.6720495224, 33.3628578186], [268.446716309, 23.4286956787, 47.4880447388, 45.8991203308, -52.4631843567, -4.22526741028, 35.7311286926, 17.3826389313, 140.300415039, 25.7164134979, 4.13423728943, 23.0606803894, -58.7013435364], [-1128.41699219, -144.006790161, 107.815704346, 64.0669784546, 8.49082565308, -2.98107409477, -19.5042648315, 63.919216156, 25.7164134979, 114.759979248, 32.9758758545, -12.1005277634, -10.8561267853], [-502.47845459, 13.9015035629, 73.5072479248, -54.4262084961, 49.6175689697, 20.8731498718, 77.9752960205, 19.7338504791, 4.13423728943, 32.9758758545, 94.4785919189, 5.17463445663, -3.05353856087], [144.628005981, -66.4977798462, 49.4869499207, 84.3647537231, -38.7595443726, 21.1593284607, 3.48357510567, -8.6720495224, 23.0606803894, -12.1005277634, 5.17463445663, 87.209854126, -13.919175148], [-1146.63952637, -74.1815414429, -40.3483886719, -91.0149078369, 69.4794692993, -0.357170850039, 9.93802070618, 33.3628578186, -58.7013435364, -10.8561267853, -3.05353856087, -13.919175148, 124.785446167]], "icov": [[0.000131706241518, -0.00051955220988, 0.000630767259281, -0.000576600548811, 0.000664757099003, -0.000404373306083, -0.000144862919115, 0.00034212943865, 0.000131748747663, 0.000200417576707, -0.000327691232087, 8.11753998278e-05, 0.000313997326884], [-0.00051955220988, 0.00319716148078, -0.00241058506072, 0.00296359462664, -0.0028506568633, 0.00175927230157, 0.00108009041287, -0.00103703467175, -0.00107826187741, 0.000620522769168, 0.000594352663029, 0.000277886312688, -0.000115573253424], [0.000630767259281, -0.00241058506072, 0.00596740003675, -0.00431278068572, 0.00351902400143, -0.000864519213792, -0.00338059151545, 0.00250290078111, 0.00137133523822, -0.00187223730609, -0.0021624409128, -0.000245185015956, 0.00118708785158], [-0.000576600548811, 0.00296359462664, -0.00431278068572, 0.00764495460317, -0.00479055009782, 0.00200530863367, 0.00258393608965, -0.00272703077644, -0.00025135409669, -0.00157312583178, 0.00568766100332, -0.00470071053132, 0.00320109562017], [0.000664757099003, -0.0028506568633, 0.00351902400143, -0.00479055009782, 0.00796458683908, -0.00407589506358, 0.000388863496482, 0.00139201176353, 0.000177992435056, 0.00312299374491, -0.00684731919318, 0.00446942122653, -0.00210550893098], [-0.000404373306083, 0.00175927230157, -0.000864519213792, 0.00200530863367, -0.00407589506358, 0.013183856383, -0.005937312264, 0.000799879431725, 0.00279443478212, -0.00558597734198, 0.00556701654568, -0.00575123121962, 0.00140262057539], [-0.000144862919115, 0.00108009041287, -0.00338059151545, 0.00258393608965, 0.000388863496482, -0.005937312264, 0.0141039332375, -0.00620029261336, -0.00543693033978, 0.0118783973157, -0.0102293584496, 0.0044694468379, -0.000872524047736], [0.00034212943865, -0.00103703467175, 0.00250290078111, -0.00272703077644, 0.00139201176353, 0.000799879431725, -0.00620029261336, 0.00977633241564, 0.000923438405152, -0.006521881558, 0.00280885165557, -6.98065996403e-05, -0.00161725934595], [0.000131748747663, -0.00107826187741, 0.00137133523822, -0.00025135409669, 0.000177992435056, 0.00279443478212, -0.00543693033978, 0.000923438405152, 0.0125339943916, -0.00706037553027, 0.00563751813024, -0.00558075867593, 0.00572213577107], [0.000200417576707, 0.000620522769168, -0.00187223730609, -0.00157312583178, 0.00312299374491, -0.00558597734198, 0.0118783973157, -0.006521881558, -0.00706037553027, 0.0269303079695, -0.017029158771, 0.0108500570059, -0.000684293569066], [-0.000327691232087, 0.000594352663029, -0.0021624409128, 0.00568766100332, -0.00684731919318, 0.00556701654568, -0.0102293584496, 0.00280885165557, 0.00563751813024, -0.017029158771, 0.0304491296411, -0.0118015035987, 0.0052827601321], [8.11753998278e-05, 0.000277886312688, -0.000245185015956, -0.00470071053132, 0.00446942122653, -0.00575123121962, 0.0044694468379, -6.98065996403e-05, -0.00558075867593, 0.0108500570059, -0.0118015035987, 0.0223229564726, -0.00491914711893], [0.000313997326884, -0.000115573253424, 0.00118708785158, 0.00320109562017, -0.00210550893098, 0.00140262057539, -0.000872524047736, -0.00161725934595, 0.00572213577107, -0.000684293569066, 0.0052827601321, -0.00491914711893, 0.0174400135875]]}, "silence_rate_20dB": {"dvar": 0.0014456162462, "var": 0.00252610398456, "median": 1, "max": 1, "dmean": 0.00144770182669, "dmean2": 0.00289645185694, "mean": 0.997467458248, "dvar2": 0.00288808089681, "min": 0}, "barkbands_skewness": {"dvar": 0.218148082495, "var": 2.41861414909, "median": 2.28613519669, "max": 12.7047262192, "dmean": 0.488080412149, "dmean2": 0.755196154118, "mean": 2.13756990433, "dvar2": 0.500850319862, "min": -4.34730529785}, "erbbands_skewness": {"dvar": 0.109949104488, "var": 1.19011259079, "median": 0.959276914597, "max": 5.45097160339, "dmean": 0.370679825544, "dmean2": 0.579184055328, "mean": 0.912402629852, "dvar2": 0.241388961673, "min": -2.61697363853}, "spectral_contrast_valleys": {"dvar": [0.125949665904, 0.138336181641, 0.159847423434, 0.160967096686, 0.246806994081, 0.211976975203], "var": [17.5134296417, 18.2954883575, 17.0388526917, 15.6786327362, 14.4492559433, 10.7898159027], "median": [-7.33411026001, -6.6133389473, -7.5692653656, -8.30233383179, -8.99161338806, -11.3497152328], "max": [-5.28573703766, -5.0499997139, -5.5947136879, -6.25271940231, -6.7482843399, -8.97281742096], "dmean": [0.34909132123, 0.348267257214, 0.365118980408, 0.345153182745, 0.484913766384, 0.429514527321], "dmean2": [0.557865798473, 0.548114299774, 0.56132209301, 0.522343695164, 0.746291279793, 0.65823918581], "mean": [-8.37733078003, -7.71270561218, -8.55445766449, -9.26529121399, -9.85600566864, -12.0478305817], "dvar2": [0.229182168841, 0.238537549973, 0.26170656085, 0.267169028521, 0.49237409234, 0.451788365841], "min": [-28.2320957184, -28.1183547974, -28.0659275055, -27.7030162811, -27.5407142639, -27.4347610474]}, "spectral_strongpeak": {"dvar": 73.1204910278, "var": 45.5387496948, "median": 0.301907896996, "max": 106.976921082, "dmean": 1.59692943096, "dmean2": 3.04893350601, "mean": 1.31808912754, "dvar2": 227.290725708, "min": 0}, "erbbands_crest": {"dvar": 4.97336864471, "var": 16.1151771545, "median": 8.79428768158, "max": 29.2071094513, "dmean": 2.3758020401, "dmean2": 3.90881586075, "mean": 9.52818489075, "dvar2": 13.2731380463, "min": 2.60798978806}, "barkbands_crest": {"dvar": 3.0413081646, "var": 13.9147367477, "median": 8.83583068848, "max": 24.1486740112, "dmean": 1.9514721632, "dmean2": 2.95911812782, "mean": 9.74784183502, "dvar2": 7.00468111038, "min": 3.36479878426}, "spectral_energyband_middle_low": {"dvar": 9.19432277442e-05, "var": 0.000511652498972, "median": 0.00665686512366, "max": 0.296084046364, "dmean": 0.00432107318193, "dmean2": 0.00556417461485, "mean": 0.0130196679384, "dvar2": 0.000135523136123, "min": 1.42032373879e-22}, "spectral_contrast_coeffs": {"dvar": [0.00130991381593, 0.00131765147671, 0.000954319431912, 0.00080621818779, 0.00091093982337, 0.000448620849056], "var": [0.0136583726853, 0.00621772604063, 0.00531043391675, 0.00428938260302, 0.00363100948744, 0.00436998158693], "median": [-0.626284360886, -0.748941719532, -0.797643303871, -0.797803580761, -0.839805841446, -0.76829123497], "max": [-0.229741811752, -0.489115029573, -0.539873600006, -0.617176651955, -0.631356656551, -0.638026893139], "dmean": [0.0432531237602, 0.0452384613454, 0.0387330278754, 0.0344451069832, 0.0344061516225, 0.0227967631072], "dmean2": [0.0677411928773, 0.07138543576, 0.0615905895829, 0.0549182035029, 0.0548577606678, 0.0360901206732], "mean": [-0.62915045023, -0.753354132175, -0.798450410366, -0.80205732584, -0.84232634306, -0.778758585453], "dvar2": [0.00339829060249, 0.00353075121529, 0.00244709290564, 0.00207902095281, 0.00215732958168, 0.00111414864659], "min": [-0.981059372425, -0.980006277561, -0.985370576382, -0.977033555508, -0.968286454678, -0.96382778883]}, "hfc": {"dvar": 1731.56115723, "var": 14042.2021484, "median": 12.1037483215, "max": 1475.80517578, "dmean": 17.2956104279, "dmean2": 26.0423603058, "mean": 61.1605567932, "dvar2": 4463.83691406, "min": 1.08084170162e-16}, "spectral_energyband_high": {"dvar": 2.00961718377e-08, "var": 6.20397671014e-08, "median": 0.000113811649499, "max": 0.00176865526009, "dmean": 7.65948789194e-05, "dmean2": 0.000130453889142, "mean": 0.000211362465052, "dvar2": 5.74482044158e-08, "min": 6.90468579151e-21}, "erbbands_spread": {"dvar": 59.3919944763, "var": 405.574707031, "median": 32.0764465332, "max": 153.063690186, "dmean": 7.01518726349, "dmean2": 11.2011461258, "mean": 35.4265213013, "dvar2": 135.318786621, "min": 1.97115838528}, "dissonance": {"dvar": 0.000846341194119, "var": 0.00182719284203, "median": 0.447606950998, "max": 0.500000059605, "dmean": 0.0307193435729, "dmean2": 0.0509139224887, "mean": 0.439016103745, "dvar2": 0.00221276585944, "min": 0.247660413384}, "spectral_kurtosis": {"dvar": 53.7900657654, "var": 179.435775757, "median": 9.63823509216, "max": 115.413917542, "dmean": 3.7190413475, "dmean2": 5.88374185562, "mean": 13.5012454987, "dvar2": 140.904830933, "min": -1.26553106308}, "spectral_skewness": {"dvar": 0.191351994872, "var": 1.40259933472, "median": 2.56808495522, "max": 8.81429290771, "dmean": 0.323275178671, "dmean2": 0.500451505184, "mean": 2.7284052372, "dvar2": 0.479171723127, "min": -0.0705612078309}, "pitch_salience": {"dvar": 0.0026564579457, "var": 0.0126010766253, "median": 0.583457708359, "max": 0.962050080299, "dmean": 0.0621858052909, "dmean2": 0.0969102829695, "mean": 0.575493454933, "dvar2": 0.00666289357468, "min": 0.16405698657}, "spectral_complexity": {"dvar": 3.36804294586, "var": 37.0631752014, "median": 10, "max": 33, "dmean": 1.72566056252, "dmean2": 2.7762491703, "mean": 10.1628074646, "dvar2": 7.19253110886, "min": 0}, "spectral_spread": {"dvar": 1077403713540.0, "var": 53063108788200.0, "median": 4482906, "max": 48763912, "dmean": 533083.375, "dmean2": 836380.9375, "mean": 5965404, "dvar2": 2277653872640.0, "min": 1111446.875}, "dynamic_complexity": 6.07393169403, "melbands_crest": {"dvar": 6.4681801796, "var": 30.6810436249, "median": 13.1911869049, "max": 38.3869361877, "dmean": 2.72677826881, "dmean2": 4.34118556976, "mean": 13.9950265884, "dvar2": 18.9025363922, "min": 1.53752994537}, "zerocrossingrate": {"dvar": 0.000386555213481, "var": 0.0179909653962, "median": 0.095703125, "max": 0.57421875, "dmean": 0.0167150180787, "dmean2": 0.0222991779447, "mean": 0.152296587825, "dvar2": 0.00066024356056, "min": 0.0068359375}, "spectral_energyband_low": {"dvar": 0.000142929216963, "var": 0.000777773326263, "median": 0.00347908260301, "max": 0.43975636363, "dmean": 0.00422487780452, "dmean2": 0.00643964810297, "mean": 0.011356536299, "dvar2": 0.000285320420517, "min": 9.66106354369e-24}, "melbands_kurtosis": {"dvar": 143.289810181, "var": 809.883972168, "median": 13.7767534256, "max": 495.416412354, "dmean": 7.56014966965, "dmean2": 11.343624115, "mean": 20.7079524994, "dvar2": 269.842773438, "min": -1.84852290154}, "spectral_energyband_middle_high": {"dvar": 3.22397136188e-06, "var": 1.23501740745e-05, "median": 0.000820869463496, "max": 0.0418110862374, "dmean": 0.000899379840121, "dmean2": 0.00134683679789, "mean": 0.00226952158846, "dvar2": 7.24364372218e-06, "min": 1.12366801368e-21}, "barkbands_spread": {"dvar": 32.498840332, "var": 90.2996063232, "median": 12.4634008408, "max": 122.87953949, "dmean": 3.76275610924, "dmean2": 6.04421758652, "mean": 14.5997638702, "dvar2": 90.3009185791, "min": 1.12119615078}, "mfcc": {"mean": [-749.558227539, 152.394058228, 30.2082042694, 5.86721754074, -0.0519968643785, 22.1247367859, -18.6646442413, 13.2816486359, -12.8730783463, 5.99764919281, -6.56264972687, -3.24243378639, 3.05648136139], "cov": [[16668.4570312, 4040.74291992, 47.2583312988, 140.43598938, 76.6974411011, 834.552490234, -524.517456055, 479.267791748, -551.509887695, 200.92338562, -198.69972229, -189.664962769, -96.6416168213], [4040.74291992, 2254.66674805, 45.863948822, -242.883010864, -35.905128479, 178.009307861, -40.6173706055, 101.948852539, -99.8779373169, 23.5985641479, -2.26969480515, -4.60659170151, 13.2167739868], [47.2583312988, 45.863948822, 674.049682617, 207.209945679, -114.914848328, 81.2374267578, -109.441162109, 83.8369979858, -58.4042129517, 81.1557769775, 19.5397510529, 67.7615585327, 129.747314453], [140.43598938, -242.883010864, 207.209945679, 368.55267334, 135.022216797, 28.2239246368, -83.2096481323, 15.8565731049, -20.5327281952, 20.2434120178, 6.07851219177, 33.5144309998, 31.2817783356], [76.6974411011, -35.905128479, -114.914848328, 135.022216797, 240.218063354, 43.4669151306, -12.0543041229, -59.238445282, -6.94591188431, -27.9446678162, 0.456897854805, -9.3929977417, -30.6240463257], [834.552490234, 178.009307861, 81.2374267578, 28.2239246368, 43.4669151306, 190.384429932, -24.7424583435, 53.2044525146, -67.6379776001, 18.5934257507, -24.1893634796, -11.6719341278, 13.5080623627], [-524.517456055, -40.6173706055, -109.441162109, -83.2096481323, -12.0543041229, -24.7424583435, 242.893432617, 17.6217079163, 54.9871063232, -54.3167533875, 29.7076244354, 25.1812591553, 1.87197840214], [479.267791748, 101.948852539, 83.8369979858, 15.8565731049, -59.238445282, 53.2044525146, 17.6217079163, 176.742828369, 16.1948070526, 27.5774402618, -8.09925937653, 18.4585475922, 36.7865333557], [-551.509887695, -99.8779373169, -58.4042129517, -20.5327281952, -6.94591188431, -67.6379776001, 54.9871063232, 16.1948070526, 107.916351318, 12.7032155991, 11.6453132629, 2.98034262657, -6.71150493622], [200.92338562, 23.5985641479, 81.1557769775, 20.2434120178, -27.9446678162, 18.5934257507, -54.3167533875, 27.5774402618, 12.7032155991, 96.3797531128, 29.9708557129, -1.60616469383, 8.75958442688], [-198.69972229, -2.26969480515, 19.5397510529, 6.07851219177, 0.456897854805, -24.1893634796, 29.7076244354, -8.09925937653, 11.6453132629, 29.9708557129, 92.3907241821, 56.2367668152, 19.4952220917], [-189.664962769, -4.60659170151, 67.7615585327, 33.5144309998, -9.3929977417, -11.6719341278, 25.1812591553, 18.4585475922, 2.98034262657, -1.60616469383, 56.2367668152, 123.72543335, 76.2543029785], [-96.6416168213, 13.2167739868, 129.747314453, 31.2817783356, -30.6240463257, 13.5080623627, 1.87197840214, 36.7865333557, -6.71150493622, 8.75958442688, 19.4952220917, 76.2543029785, 105.764762878]], "icov": [[0.000220692105358, -0.000386882282328, 0.000466283177957, -0.000661541242152, 0.000464505690616, -0.000404989434173, 0.000105819613964, -0.000292369164526, 0.00069896702189, -0.000448986480478, 0.000249936943874, 1.85747376236e-05, 0.000181766343303], [-0.000386882282328, 0.00126693351194, -0.0010850194376, 0.00201839394867, -0.00141111575067, 0.000590563111473, -3.9857009142e-06, -2.50329212577e-05, -0.000753645785153, 0.000745003228076, -0.000546512193978, -0.000193825530005, -0.000122035053209], [0.000466283177957, -0.0010850194376, 0.00510189356282, -0.0049734399654, 0.00513141788542, -0.00287748570554, 0.000733785331249, 0.000489887024742, 0.00125521759037, -0.00129695236683, -0.000624832231551, 0.00134829094168, -0.00322606065311], [-0.000661541242152, 0.00201839394867, -0.0049734399654, 0.0102846445516, -0.00883384980261, 0.00414850562811, 0.000470468075946, -0.00218379800208, -8.02434660727e-05, 1.0211289009e-05, 0.000904451240785, -0.00228633219376, 0.00134192919359], [0.000464505690616, -0.00141111575067, 0.00513141788542, -0.00883384980261, 0.0140302246436, -0.00756658567116, 0.00141656398773, 0.00430409330875, -0.00319457869045, 0.00355462753214, -0.00332492706366, 0.00173470680602, -0.000709656509571], [-0.000404989434173, 0.000590563111473, -0.00287748570554, 0.00414850562811, -0.00756658567116, 0.0135511420667, -0.00293615274131, -0.00412969011813, 0.00798565335572, -0.00562544725835, 0.00491273403168, -0.000746654171962, 3.12635202135e-05], [0.000105819613964, -3.9857009142e-06, 0.000733785331249, 0.000470468075946, 0.00141656398773, -0.00293615274131, 0.00807930529118, -0.0010847216472, -0.00500744162127, 0.00747643504292, -0.00586677528918, 0.00131094013341, -0.000723413482774], [-0.000292369164526, -2.50329212577e-05, 0.000489887024742, -0.00218379800208, 0.00430409330875, -0.00412969011813, -0.0010847216472, 0.010298172012, -0.00516465026885, -0.000350705115125, 0.00114630197641, -0.000636311888229, -0.00205928366631], [0.00069896702189, -0.000753645785153, 0.00125521759037, -8.02434660727e-05, -0.00319457869045, 0.00798565335572, -0.00500744162127, -0.00516465026885, 0.0217222031206, -0.0110297920182, 0.00602581724524, -0.00168362481054, 0.00155188702047], [-0.000448986480478, 0.000745003228076, -0.00129695236683, 1.0211289009e-05, 0.00355462753214, -0.00562544725835, 0.00747643504292, -0.000350705115125, -0.0110297920182, 0.0252467393875, -0.0154099343345, 0.00745930010453, -0.00250641419552], [0.000249936943874, -0.000546512193978, -0.000624832231551, 0.000904451240785, -0.00332492706366, 0.00491273403168, -0.00586677528918, 0.00114630197641, 0.00602581724524, -0.0154099343345, 0.0264458414167, -0.014430148527, 0.0060984864831], [1.85747376236e-05, -0.000193825530005, 0.00134829094168, -0.00228633219376, 0.00173470680602, -0.000746654171962, 0.00131094013341, -0.000636311888229, -0.00168362481054, 0.00745930010453, -0.014430148527, 0.0242318399251, -0.0156762953848], [0.000181766343303, -0.000122035053209, -0.00322606065311, 0.00134192919359, -0.000709656509571, 3.12635202135e-05, -0.000723413482774, -0.00205928366631, 0.00155188702047, -0.00250641419552, 0.0060984864831, -0.0156762953848, 0.0242007952183]]}, "silence_rate_60dB": {"dvar": 0.0107402112335, "var": 0.150698110461, "median": 0, "max": 1, "dmean": 0.0108577637002, "dmean2": 0.0217233896255, "mean": 0.184876993299, "dvar2": 0.0248725861311, "min": 0}, "melbands_flatness_db": {"dvar": 0.000484714197228, "var": 0.00623481208459, "median": 0.279732644558, "max": 0.477132290602, "dmean": 0.0248581804335, "dmean2": 0.0370821841061, "mean": 0.269104748964, "dvar2": 0.00111177982762, "min": 0.00339811341837}, "spectral_rms": {"dvar": 6.06693674854e-07, "var": 9.32100738282e-06, "median": 0.00371903413907, "max": 0.0243106838316, "dmean": 0.000557619263418, "dmean2": 0.000760942406487, "mean": 0.00429183803499, "dvar2": 1.05562685349e-06, "min": 3.09711739761e-12}, "melbands_spread": {"dvar": 64.6255874634, "var": 1054.7746582, "median": 10.0153236389, "max": 282.693878174, "dmean": 3.88447642326, "dmean2": 6.27602767944, "mean": 18.532491684, "dvar2": 168.669311523, "min": 0.647219836712}, "average_loudness": 0.232895970345, "erbbands_kurtosis": {"dvar": 4.50750255585, "var": 23.4809379578, "median": 1.2390871048, "max": 55.2668418884, "dmean": 1.48134505749, "dmean2": 2.34201288223, "mean": 2.78328251839, "dvar2": 9.65668296814, "min": -1.78613483906}, "spectral_energy": {"dvar": 0.000268399511697, "var": 0.00182913627941, "median": 0.0141769945621, "max": 0.605784595013, "dmean": 0.00765492813662, "dmean2": 0.01049