{"tonal": {"chords_number_rate": 0.00251019769348, "thpcp": [1, 0.933488786221, 0.576642394066, 0.35262426734, 0.242609098554, 0.189796090126, 0.237459242344, 0.279720664024, 0.223939612508, 0.157815024257, 0.152826145291, 0.284119874239, 0.574404478073, 0.586633861065, 0.357323288918, 0.285943567753, 0.228870868683, 0.159041389823, 0.140590295196, 0.143071368337, 0.262527763844, 0.69805008173, 0.806349217892, 0.397923529148, 0.181121855974, 0.193023502827, 0.27025231719, 0.367632508278, 0.39264318347, 0.301910936832, 0.245199099183, 0.255726844072, 0.244549006224, 0.28754222393, 0.416613906622, 0.679856300354], "hpcp": {"dvar": [0.0473997369409, 0.0469830222428, 0.04600398615, 0.0520984195173, 0.0558055229485, 0.049720492214, 0.0413091629744, 0.0457384176552, 0.052785076201, 0.0638673976064, 0.0570035614073, 0.0566545203328, 0.0523443929851, 0.0422323234379, 0.0395245403051, 0.0396210178733, 0.0320768244565, 0.0309052877128, 0.0273362901062, 0.0280018504709, 0.0355007946491, 0.0425209067762, 0.041890501976, 0.0358674153686, 0.0494725927711, 0.0285516437143, 0.0232065636665, 0.0235561970621, 0.0211375746876, 0.0310362745076, 0.0491103306413, 0.0466960892081, 0.0376454517245, 0.0289845000952, 0.0317286103964, 0.041797414422], "mean": [0.141674399376, 0.151312753558, 0.116347305477, 0.0944922864437, 0.0985493585467, 0.0942417606711, 0.110810041428, 0.16055034101, 0.261995971203, 0.385369628668, 0.359738230705, 0.222220465541, 0.135890677571, 0.0934941768646, 0.0731416493654, 0.0915095806122, 0.107795849442, 0.0862995237112, 0.0608171187341, 0.0588945560157, 0.109491169453, 0.221358045936, 0.22607088089, 0.137701541185, 0.110193967819, 0.0881998836994, 0.0612897239625, 0.0541792325675, 0.055135358125, 0.101170226932, 0.26900729537, 0.310742497444, 0.15334764123, 0.0697988644242, 0.0743853971362, 0.104147031903], "min": [0, 0, 0, 0, 0, 0, 0, 0, 0, 0, 0, 0, 0, 0, 0, 0, 0, 0, 0, 0, 0, 0, 0, 0, 0, 0, 0, 0, 0, 0, 0, 0, 0, 0, 0, 0], "median": [0.0327385291457, 0.0350514426827, 0.024365387857, 0.0126063628122, 0.00912428367883, 0.0106291817501, 0.0303281452507, 0.0636797919869, 0.134257093072, 0.270083248615, 0.253451257944, 0.0845470875502, 0.0239857695997, 0.011769387871, 0.00820975657552, 0.0190765485168, 0.028292004019, 0.0184445790946, 0.00771936122328, 0.00808213930577, 0.0225160960108, 0.0804070979357, 0.086255826056, 0.0451029203832, 0.016087282449, 0.0112865418196, 0.0080678043887, 0.00897980853915, 0.00969445332885, 0.0287090167403, 0.130864292383, 0.170381769538, 0.068412669003, 0.0140927340835, 0.0137120243162, 0.0167313851416], "dvar2": [0.124637931585, 0.123144984245, 0.1247176826, 0.144377633929, 0.149290770292, 0.135204732418, 0.112269677222, 0.124089725316, 0.134710505605, 0.14942137897, 0.136649742723, 0.147279530764, 0.137558788061, 0.109788179398, 0.109367720783, 0.107756726444, 0.0836808308959, 0.0833734422922, 0.0746512040496, 0.0767419412732, 0.0941445529461, 0.102341517806, 0.110308513045, 0.0935413762927, 0.127560243011, 0.0717702135444, 0.0613489374518, 0.0648209527135, 0.0579150542617, 0.0870669931173, 0.129769876599, 0.113046318293, 0.103454217315, 0.0820621922612, 0.0879913344979, 0.110527001321], "var": [0.055195890367, 0.0599924251437, 0.0436702631414, 0.041604436934, 0.0487831383944, 0.043189805001, 0.0382885150611, 0.0520342551172, 0.0869157165289, 0.126462042332, 0.113995946944, 0.0814581364393, 0.058245729655, 0.0415446572006, 0.0327363312244, 0.0347794778645, 0.0372275337577, 0.0295964796096, 0.0223186798394, 0.0211098883301, 0.0358734466136, 0.0836448147893, 0.0843395143747, 0.0451436340809, 0.0506386682391, 0.0353660322726, 0.0238330792636, 0.0184133090079, 0.0175034608692, 0.0297362245619, 0.0966594219208, 0.110096372664, 0.0453366711736, 0.0220720246434, 0.0254836268723, 0.0423520170152], "dmean2": [0.240461692214, 0.248787492514, 0.235819160938, 0.23220486939, 0.236526027322, 0.222722932696, 0.209044918418, 0.2686406672, 0.344160139561, 0.400820881128, 0.372761636972, 0.331809639931, 0.256290793419, 0.193806678057, 0.168289273977, 0.177467375994, 0.170519888401, 0.160569891334, 0.135518237948, 0.140653073788, 0.215824529529, 0.249831646681, 0.251641213894, 0.222401723266, 0.207110315561, 0.149467200041, 0.120523333549, 0.116943351924, 0.120043456554, 0.19955727458, 0.2981800735, 0.283157527447, 0.239517405629, 0.158385872841, 0.163171306252, 0.205838233232], "max": [1, 1, 1, 1, 1, 1, 1, 1, 1, 1, 1, 1, 1, 1, 1, 1, 1, 1, 1, 1, 1, 1, 1, 1, 1, 1, 1, 1, 1, 1, 1, 1, 1, 1, 1, 1], "dmean": [0.13712887466, 0.142621070147, 0.131752073765, 0.127032712102, 0.127833321691, 0.121104314923, 0.117417447269, 0.151673153043, 0.19960065186, 0.237971454859, 0.221076354384, 0.194657966495, 0.145782083273, 0.107515431941, 0.0930140540004, 0.0989781320095, 0.0973278358579, 0.0904627144337, 0.0746598094702, 0.0769493803382, 0.121561944485, 0.14767460525, 0.147847279906, 0.125175490975, 0.116027198732, 0.0850538015366, 0.0670337677002, 0.0640276148915, 0.0661031827331, 0.110668540001, 0.173621058464, 0.169570818543, 0.136239394546, 0.0869502127171, 0.0895346403122, 0.116582669318]}, "key_strength": 0.819428741932, "chords_strength": {"dvar": 6.15922399447e-05, "mean": 0.544410645962, "min": 0.279046028852, "median": 0.553656339645, "dvar2": 7.1309703344e-05, "var": 0.00989979319274, "dmean2": 0.00971003063023, "max": 0.789725661278, "dmean": 0.00969930645078}, "tuning_equal_tempered_deviation": 0.241296410561, "chords_key": "C", "tuning_frequency": 434.193115234, "chords_scale": "major", "chords_changes_rate": 0.0542830266058, "key_scale": "major", "tuning_diatonic_strength": 0.688686966896, "hpcp_entropy": {"dvar": 0.212773442268, "mean": 2.33116006851, "min": 0, "median": 2.38559651375, "dvar2": 0.589445054531, "var": 0.525857746601, "dmean2": 0.910687208176, "max": 4.48525381088, "dmean": 0.548066496849}, "chords_histogram": [48.5723266602, 2.72984004021, 14.6532793045, 1.81989336014, 0.156887352467, 0, 0.2823972404, 0.313774704933, 0.0313774719834, 0, 0.439284592867, 0, 0, 0.0313774719834, 0, 0, 0, 6.08722925186, 0, 0, 0.0627549439669, 2.57295250893, 4.07907104492, 18.1675548553], "tuning_nontempered_energy_ratio": 0.943671166897, "key_key": "C"}, "metadata": {"version": {"extractor": "music 1.0", "essentia_build_sha": "70f2e5ece6736b2c40cc944ad0e695b16b925413", "essentia": "2.1-beta2", "essentia_git_sha": "v2.1_beta2"}, "audio_properties": {"sample_rate": 44100, "length": 147.931427002, "lossless": false, "analysis_sample_rate": 44100, "downmix": "mix", "bit_rate": 320062, "equal_loudness": 0, "md5_encoded": "ceca4388e1deb38dcec99081c06a8d1f", "codec": "mp3", "replay_gain": -12.9366397858}, "tags": {"artist": ["Nicky Wire"], "date": ["2007-02-14"], "musicbrainz_recordingid": ["eb0e8d49-6943-45b6-b326-fe5f31b8fbc6"], "file_name": "1672643.mp3", "title": ["Goodbye Suicide"], "album": ["I Killed The Zeitgeist"]}}, "lowlevel": {"melbands": {"dvar": [3.43193005392e-06, 5.37080450158e-06, 3.90897866964e-06, 5.80945027195e-07, 2.47013190346e-07, 2.97568959695e-07, 1.10119806607e-07, 2.23139736022e-07, 6.86240611003e-08, 1.0921255722e-07, 2.29696741627e-08, 2.96334023986e-09, 9.62043222863e-10, 5.7777715945e-10, 9.36264177298e-10, 8.55198745153e-10, 7.90036758236e-10, 4.41323588785e-10, 5.41330313908e-10, 3.92362226043e-10, 1.60603863542e-10, 2.35308383889e-10, 3.28708338326e-10, 8.75124001043e-11, 9.34506153016e-11, 2.71945826968e-10, 1.47135775785e-10, 2.17233148136e-10, 1.18414306138e-10, 1.45205861224e-10, 1.59821850199e-10, 2.38736697078e-10, 4.10632111647e-10, 4.54668025451e-10, 1.50631451756e-10, 1.15271001078e-10, 2.05838096567e-10, 1.14003306795e-10, 4.57846677238e-11, 3.8453157325e-11], "mean": [0.00156676617917, 0.00235447054729, 0.00187003659084, 0.000825488939881, 0.000392515561543, 0.000339503167197, 0.000202828246984, 0.000217803084524, 0.000129054576973, 0.000131909255288, 8.56288534123e-05, 3.32904492097e-05, 2.74941485259e-05, 2.30558434851e-05, 2.53543312283e-05, 2.4359607778e-05, 2.69749561994e-05, 2.09275203815e-05, 1.94871790882e-05, 1.93996202142e-05, 1.41767677633e-05, 1.58807251864e-05, 1.83707616088e-05, 1.03343536466e-05, 8.37993775349e-06, 1.28907649923e-05, 8.53437450132e-06, 6.52963126413e-06, 4.99487669003e-06, 4.72095507575e-06, 5.44560225535e-06, 5.63686307942e-06, 5.66137623537e-06, 6.48072773402e-06, 4.81723873236e-06, 4.67024847239e-06, 6.24097947366e-06, 3.82231110052e-06, 3.15477723234e-06, 2.85153168988e-06], "min": [1.13808311986e-24, 1.20122200844e-23, 3.53524307029e-24, 7.88560349216e-24, 7.16863700326e-24, 5.76345642773e-24, 6.35768207624e-24, 6.2752287567e-24, 6.38948145376e-24, 3.85038432445e-24, 7.53085510967e-24, 7.13236754542e-24, 7.79642355569e-24, 8.42383382146e-24, 7.45378655467e-24, 5.02430519802e-24, 2.62292701112e-24, 3.64038166287e-24, 7.75088261563e-24, 9.62796846213e-24, 1.32192514223e-23, 1.09200776598e-23, 6.65982250825e-24, 1.1513361014e-23, 1.06864060156e-23, 7.94620220918e-24, 7.86355482986e-24, 1.12686334842e-23, 9.07211024704e-24, 8.90782680809e-24, 5.83576657375e-24, 5.0249745465e-24, 1.16327787778e-23, 1.21568979632e-23, 1.19197253544e-23, 6.71494889717e-24, 6.8066137455e-24, 9.45219763067e-24, 8.51141868119e-24, 8.53503481011e-24], "median": [0.00102646672167, 0.00139936315827, 0.00113292585593, 0.000565829861443, 0.000175079592736, 0.000110032662633, 5.75931226194e-05, 3.49317706423e-05, 2.47848802246e-05, 1.22333858599e-05, 9.15486816666e-06, 8.60435284267e-06, 1.25996803035e-05, 8.48697163747e-06, 8.42969620862e-06, 6.65474135531e-06, 6.38416531729e-06, 7.35010871722e-06, 6.8630943133e-06, 6.12788426224e-06, 4.1742346184e-06, 4.74647094961e-06, 6.37797893432e-06, 2.76833634416e-06, 2.37634799305e-06, 3.42483417626e-06, 2.32089496421e-06, 1.38708901432e-06, 1.00300098893e-06, 4.92717276757e-07, 4.42030057002e-07, 5.85475959269e-07, 4.25351657896e-07, 4.797570341e-07, 4.36077897348e-07, 2.57776434864e-07, 2.19575127858e-07, 9.83569563573e-08, 9.18135967254e-08, 8.27525994396e-08], "dvar2": [8.10833807918e-06, 1.45265757965e-05, 1.04191885839e-05, 1.55574070959e-06, 6.19365209786e-07, 6.82154166043e-07, 2.78790707853e-07, 6.01483179707e-07, 1.74351811211e-07, 3.05406700818e-07, 5.48087761842e-08, 6.04538419324e-09, 2.41346631569e-09, 1.38853895049e-09, 2.45851428105e-09, 2.19781859379e-09, 2.00721794741e-09, 1.06763520247e-09, 1.30789412633e-09, 9.68463864659e-10, 4.14190237663e-10, 5.63197544157e-10, 8.39581404399e-10, 2.12249190445e-10, 2.12116990639e-10, 6.19745588182e-10, 3.10747899634e-10, 4.52109821802e-10, 2.31848970578e-10, 3.31640936935e-10, 3.32385480251e-10, 4.87183404729e-10, 8.36867852794e-10, 9.81827619206e-10, 3.33590544077e-10, 2.55540671956e-10, 4.19767831605e-10, 2.69309741174e-10, 9.9756584937e-11, 8.62246940514e-11], "var": [6.18550302534e-06, 8.26386349218e-06, 5.73064926357e-06, 8.56262317939e-07, 4.57843839285e-07, 5.46695900994e-07, 2.09411282981e-07, 3.8101239852e-07, 1.26244032117e-07, 1.98563483877e-07, 6.63500401288e-08, 9.5514440801e-09, 2.09844630561e-09, 1.59620483497e-09, 2.68455946362e-09, 2.28840568717e-09, 2.42402609096e-09, 1.34384237072e-09, 1.78760650726e-09, 1.12060960511e-09, 5.82141557182e-10, 1.01625474702e-09, 9.91966508934e-10, 3.29775151631e-10, 2.59327587182e-10, 6.53536502693e-10, 3.31755817262e-10, 4.11334605266e-10, 2.47395659514e-10, 2.86681456352e-10, 3.73547109911e-10, 4.83902307113e-10, 6.7850219887e-10, 7.60569940361e-10, 3.26073973378e-10, 2.9522190248e-10, 5.93600391063e-10, 2.13855141928e-10, 1.03099292992e-10, 8.79152861621e-11], "dmean2": [0.00135223392863, 0.00261696637608, 0.00208233809099, 0.000815088278614, 0.000341025588568, 0.000299786188407, 0.000179503258551, 0.000230553385336, 0.000113689158752, 0.000119321521197, 5.67851675441e-05, 2.37872827711e-05, 2.31965368584e-05, 1.65416204254e-05, 1.8565049686e-05, 1.76161811396e-05, 1.93440173462e-05, 1.44702344187e-05, 1.49018433149e-05, 1.51559252117e-05, 9.75859893515e-06, 1.03542297438e-05, 1.33225039463e-05, 6.65498146191e-06, 5.80874711886e-06, 9.12738414627e-06, 6.54311679682e-06, 5.75137664782e-06, 4.1385133045e-06, 4.55820372736e-06, 4.97294286106e-06, 4.94490586789e-06, 5.4082652241e-06, 6.0796546677e-06, 4.26459791925e-06, 4.11636074205e-06, 5.50857794224e-06, 4.10222492064e-06, 3.22928008245e-06, 3.01749560094e-06], "max": [0.044487003237, 0.0291672088206, 0.0402385927737, 0.0101229101419, 0.0119437705725, 0.0120199387893, 0.00619691144675, 0.00795406382531, 0.00894624646753, 0.00764255737886, 0.00491878436878, 0.00325565994717, 0.000770312151872, 0.000581395230256, 0.000766293786, 0.000780717586167, 0.000791483442299, 0.000518608721904, 0.00109776109457, 0.000498152629007, 0.000370715890313, 0.00062870956026, 0.000429187930422, 0.000234285107581, 0.000305971072521, 0.000588602386415, 0.000341221719282, 0.000426759361289, 0.000390397850424, 0.000314262346365, 0.000335453340085, 0.000443877390353, 0.000619399303105, 0.000629242509604, 0.00037846856867, 0.000340171449352, 0.000465505843749, 0.000288567156531, 0.000138502276968, 0.000153471642989], "dmean": [0.000804126204457, 0.00151587009896, 0.00124007416889, 0.00048807048006, 0.000213498220546, 0.000196093140403, 0.000116635128506, 0.000141588519909, 7.23169650882e-05, 7.61818009778e-05, 3.87854015571e-05, 1.57454815053e-05, 1.45733874888e-05, 1.05545514089e-05, 1.17636227515e-05, 1.12033658297e-05, 1.22417741295e-05, 9.37714958127e-06, 9.24709547689e-06, 9.20676211535e-06, 6.05777950113e-06, 6.50552283332e-06, 8.23970913189e-06, 4.1929024519e-06, 3.70500379177e-06, 5.94585935687e-06, 4.20636342824e-06, 3.7205281842e-06, 2.78631591755e-06, 2.94222832053e-06, 3.30843113261e-06, 3.36604148288e-06, 3.66667495655e-06, 4.17319597545e-06, 2.90182038043e-06, 2.81915095002e-06, 3.74500086764e-06, 2.68841540674e-06, 2.1766820737e-06, 1.97554390979e-06]}, "spectral_decrease": {"dvar": 1.07436459618e-17, "mean": -6.58486332128e-09, "min": -4.3094278368e-08, "median": -5.08655162434e-09, "dvar2": 2.51579323616e-17, "var": 3.34823025063e-17, "dmean2": 3.7607987835e-09, "max": 1.05198580373e-15, "dmean": 2.31767405268e-09}, "spectral_rolloff": {"dvar": 2639238.5, "mean": 1802.63537598, "min": 64.599609375, "median": 495.263671875, "dvar2": 5811642.5, "var": 12058457, "dmean2": 1096.7635498, "max": 19896.6796875, "dmean": 643.555297852}, "melbands_crest": {"dvar": 7.56588029861, "mean": 15.0624456406, "min": 1.79282844067, "median": 14.3761672974, "dvar2": 20.6791248322, "var": 21.8156509399, "dmean2": 5.57999372482, "max": 32.5946846008, "dmean": 3.29779553413}, "barkbands_skewness": {"dvar": 0.609864115715, "mean": 2.36675953865, "min": -9.00408363342, "median": 2.22102308273, "dvar2": 1.46363413334, "var": 3.83526802063, "dmean2": 1.10783076286, "max": 13.2014837265, "dmean": 0.697478353977}, "spectral_centroid": {"dvar": 156394.5, "mean": 1169.54187012, "min": 112.71056366, "median": 915.032958984, "dvar2": 283024.65625, "var": 896594.9375, "dmean2": 408.000671387, "max": 11597.1845703, "dmean": 267.64654541}, "spectral_energyband_middle_low": {"dvar": 5.64099864278e-05, "mean": 0.0117553109303, "min": 2.61724484602e-22, "median": 0.00864751078188, "dvar2": 0.000140245305374, "var": 0.000139224226587, "dmean2": 0.00801255274564, "max": 0.138151660562, "dmean": 0.0049843089655}, "erbbands_crest": {"dvar": 4.73005342484, "mean": 8.67153072357, "min": 2.3376326561, "median": 7.83557033539, "dvar2": 12.5273227692, "var": 15.2501945496, "dmean2": 3.6811144352, "max": 24.7403488159, "dmean": 2.29613637924}, "dynamic_complexity": 6.57615280151, "spectral_energyband_low": {"dvar": 0.000108919331979, "mean": 0.0128289284185, "min": 6.59068736961e-23, "median": 0.00872563757002, "dvar2": 0.000273140176432, "var": 0.000206049866392, "dmean2": 0.011544671841, "max": 0.143961071968, "dmean": 0.00682097906247}, "silence_rate_60dB": {"dvar": 0.00871187914163, "mean": 0.109698683023, "min": 0, "median": 0, "dvar2": 0.0204156003892, "var": 0.0976564288139, "dmean2": 0.0175824183971, "max": 1, "dmean": 0.00878982897848}, "erbbands_kurtosis": {"dvar": 4.66673469543, "mean": 0.756537854671, "min": -1.82451319695, "median": -0.323089957237, "dvar2": 10.875371933, "var": 15.1289615631, "dmean2": 1.64283370972, "max": 64.3486099243, "dmean": 1.0480670929}, "spectral_complexity": {"dvar": 10.2887582779, "mean": 15.0962018967, "min": 0, "median": 12, "dvar2": 21.9203414917, "var": 146.876739502, "dmean2": 3.84489798546, "max": 55, "dmean": 2.47339510918}, "barkbands_crest": {"dvar": 4.86009168625, "mean": 10.6049613953, "min": 3.10617685318, "median": 9.70385169983, "dvar2": 13.04758358, "var": 18.349395752, "dmean2": 4.29345941544, "max": 26.3366680145, "dmean": 2.54137253761}, "spectral_energy": {"dvar": 0.000156943759066, "mean": 0.0271238964051, "min": 1.01484115557e-20, "median": 0.0210236869752, "dvar2": 0.000368292501662, "var": 0.000541240267921, "dmean2": 0.014659258537, "max": 0.167264178395, "dmean": 0.00909492373466}, "spectral_spread": {"dvar": 1722107297790.0, "mean": 5245513, "min": 1040530.875, "median": 4213258.5, "dvar2": 2937115639810.0, "var": 9134854373380.0, "dmean2": 1083562.75, "max": 52558572, "dmean": 789373.0625}, "spectral_contrast_valleys": {"dvar": [0.102718636394, 0.122790656984, 0.0975123718381, 0.0942786931992, 0.125754758716, 0.248556256294], "mean": [-7.19143867493, -7.62399721146, -8.29866218567, -8.47044467926, -8.393699646, -10.9027862549], "min": [-27.3330974579, -27.6753616333, -27.1955738068, -27.379650116, -27.2456970215, -27.3162879944], "median": [-6.63102245331, -7.21181678772, -7.9437828064, -8.11945533752, -7.99211883545, -10.6868228912], "dvar2": [0.25068205595, 0.254414260387, 0.181035026908, 0.153212696314, 0.195850908756, 0.34837770462], "var": [3.87006998062, 3.15864777565, 3.20761489868, 3.24593806267, 3.52386283875, 4.10351467133], "dmean2": [0.594389557838, 0.545738399029, 0.458435118198, 0.394061893225, 0.382672905922, 0.457441300154], "max": [-4.98288631439, -4.65288591385, -5.60109472275, -6.06462335587, -5.51015043259, -6.80956792831], "dmean": [0.350015431643, 0.337170928717, 0.291117280722, 0.256737172604, 0.263130754232, 0.363851755857]}, "spectral_rms": {"dvar": 7.44641226902e-07, "mean": 0.00458842981607, "min": 3.1465678587e-12, "median": 0.00452889781445, "dvar2": 1.69182987975e-06, "var": 5.4086358432e-06, "dmean2": 0.00123674853239, "max": 0.012774371542, "dmean": 0.00077638408402}, "barkbands_spread": {"dvar": 145.88420105, "mean": 22.9834308624, "min": 0.194805920124, "median": 15.3533964157, "dvar2": 302.727081299, "var": 551.430358887, "dmean2": 11.6550092697, "max": 141.29750061, "dmean": 7.46034193039}, "pitch_salience": {"dvar": 0.00382494763471, "mean": 0.552696228027, "min": 0.0816876143217, "median": 0.562830448151, "dvar2": 0.0102797131985, "var": 0.0130244987085, "dmean2": 0.119219638407, "max": 0.851638376713, "dmean": 0.0719237849116}, "erbbands_skewness": {"dvar": 0.187655389309, "mean": 0.288051843643, "min": -5.09822225571, "median": 0.349573671818, "dvar2": 0.372530579567, "var": 1.25550377369, "dmean2": 0.566337823868, "max": 5.56092834473, "dmean": 0.373947709799}, "spectral_energyband_middle_high": {"dvar": 1.62461014952e-06, "mean": 0.0027155908756, "min": 1.41315547965e-21, "median": 0.00121695222333, "dvar2": 3.40942801813e-06, "var": 1.39209223562e-05, "dmean2": 0.000922168954276, "max": 0.0435528531671, "dmean": 0.000635110889561}, "erbbands": {"dvar": [0.0626835525036, 1.76800465584, 31.8146533966, 147.032424927, 188.290557861, 109.999313354, 237.600692749, 707.603210449, 463.078613281, 2125.75415039, 966.168395996, 3168.79321289, 900.606628418, 119.853744507, 61.2386360168, 103.262084961, 235.172149658, 174.936355591, 139.020690918, 312.408905029, 101.835968018, 217.229049683, 146.085540771, 129.240509033, 337.15927124, 388.817718506, 269.905029297, 398.022491455, 739.466552734, 1387.60339355, 385.454193115, 407.03994751, 164.18182373, 46.9538879395, 19.9027748108, 4.42788171768, 0.696703672409, 0.0339040346444, 0.000255549151916, 4.68878113224e-07], "mean": [0.155267626047, 1.43741464615, 4.86027431488, 9.91436576843, 13.02759552, 9.99326515198, 10.4762201309, 15.4325504303, 13.1843442917, 20.7886009216, 15.3209514618, 22.1351985931, 17.8032989502, 8.20548629761, 7.86096811295, 9.62668800354, 12.2106342316, 13.9711198807, 13.100104332, 15.7272024155, 12.934718132, 16.3767108917, 14.8544054031, 11.225979805, 15.3338842392, 10.4460926056, 7.8492732048, 9.06206512451, 9.84082794189, 11.2858505249, 8.40196228027, 9.41712665558, 5.40880632401, 3.43832850456, 2.25850391388, 0.986406505108, 0.351042687893, 0.0635043904185, 0.00430821347982, 0.000189831553143], "min": [1.26210260123e-22, 1.48269883173e-21, 1.54355020386e-20, 2.56555123771e-20, 3.14930051237e-20, 2.22110505577e-19, 2.06332306811e-19, 2.08971620426e-19, 4.2237630855e-19, 5.79155779155e-19, 7.30382179513e-19, 6.08383430618e-19, 1.35258526493e-18, 1.7607614673e-18, 2.25988121494e-18, 3.30860664493e-18, 2.578574673e-18, 1.63802358083e-18, 3.13839458835e-18, 6.96177537401e-18, 9.94611481111e-18, 1.00463575208e-17, 9.71179605027e-18, 1.32867383088e-17, 1.02963430825e-17, 1.61286190465e-17, 1.41855916399e-17, 1.18907088977e-17, 1.50536697163e-17, 2.67388118241e-17, 1.82018595707e-17, 1.10928162691e-17, 1.40144066121e-17, 9.91327822233e-18, 7.26615881428e-18, 5.10641629109e-18, 3.62157167046e-18, 1.15105521978e-18, 3.01277041023e-19, 2.74172859128e-20], "median": [0.0967632234097, 0.981083154678, 2.48098421097, 5.55172777176, 8.21139621735, 5.8161740303, 4.22136735916, 4.73605632782, 3.8604593277, 3.45153737068, 3.29404306412, 2.29303884506, 1.93598151207, 2.32004213333, 3.70111560822, 3.59995889664, 3.58331346512, 3.88482427597, 5.15839481354, 5.28599452972, 4.182513237, 5.47121429443, 4.87376689911, 3.42298269272, 4.50702762604, 2.69072961807, 1.49240708351, 0.844103217125, 1.01165258884, 0.866260051727, 0.701741933823, 0.405393064022, 0.166030272841, 0.110149472952, 0.0718809664249, 0.0306292511523, 0.00614467868581, 0.000845542177558, 7.42424817872e-05, 3.16185542033e-05], "dvar2": [0.136383205652, 5.0148024559, 85.9455871582, 400.527160645, 503.902282715, 288.752227783, 587.266540527, 1617.75671387, 1168.54663086, 5709.57861328, 2406.89038086, 8840.73925781, 2180.1809082, 250.218078613, 152.216079712, 247.046905518, 609.841064453, 438.68170166, 337.27154541, 746.052124023, 255.471450806, 524.187744141, 358.154510498, 288.128173828, 747.73651123, 771.600097656, 520.18536377, 807.372192383, 1443.48828125, 2844.59472656, 825.204223633, 802.816223145, 367.572631836, 101.317199707, 43.8991508484, 10.195230484, 1.55551040173, 0.0794753655791, 0.000673786096741, 1.2710942201e-06], "var": [0.115211941302, 2.5400083065, 47.3205490112, 196.952102661, 252.158569336, 173.468154907, 423.452514648, 1280.92004395, 863.837402344, 3612.20507812, 1676.66687012, 5755.2109375, 2634.38232422, 424.862213135, 152.558258057, 313.225585938, 608.800415039, 590.774047852, 492.409851074, 899.245666504, 435.433654785, 949.336303711, 568.630310059, 404.048400879, 859.970947266, 810.574951172, 609.273254395, 975.915710449, 1509.91662598, 2388.44970703, 920.950500488, 1248.64465332, 357.847167969, 115.950210571, 45.2009506226, 8.50096988678, 1.29639565945, 0.0523182749748, 0.000278632738627, 4.38569827566e-07], "dmean2": [0.121384181082, 1.45441937447, 6.17568874359, 12.4203557968, 14.5570678711, 9.39254760742, 9.45099163055, 13.8831653595, 11.5247335434, 21.6511764526, 13.5437755585, 19.967010498, 11.5900936127, 5.31202888489, 6.00617313385, 6.46169710159, 9.02770519257, 9.1503276825, 8.25232315063, 12.8004646301, 7.88161897659, 10.094004631, 8.69151306152, 6.79619693756, 10.0981359482, 8.20692157745, 6.17711639404, 7.86104869843, 8.11221313477, 9.89147377014, 6.93476200104, 7.8454117775, 5.26638889313, 3.41983175278, 2.21509218216, 1.01292574406, 0.363882899284, 0.0709363296628, 0.00607499619946, 0.00024638036848], "max": [6.46896362305, 17.9451465607, 77.6795272827, 233.705734253, 188.388214111, 159.807373047, 373.302886963, 595.485229492, 471.993652344, 836.434936523, 1029.35693359, 1351.40197754, 989.957092285, 617.100402832, 166.812011719, 256.998168945, 408.699768066, 377.476776123, 312.95111084, 509.012756348, 276.180206299, 587.729553223, 293.652740479, 349.954925537, 651.345275879, 618.42767334, 504.665222168, 455.814147949, 787.945739746, 1241.24890137, 530.603149414, 602.781982422, 290.790802002, 151.549255371, 79.4083328247, 48.375, 18.5310745239, 6.92176675797, 0.321279138327, 0.0144964242354], "dmean": [0.0747437253594, 0.841013014317, 3.58037304878, 7.26899957657, 8.74923324585, 5.61386060715, 5.94084692001, 9.09859848022, 7.49491882324, 13.3555746078, 8.6265296936, 12.7693881989, 7.90322589874, 3.52333903313, 3.74577021599, 4.12904930115, 5.69850158691, 5.84275245667, 5.37944889069, 7.794506073, 4.98359918594, 6.40095615387, 5.51665687561, 4.40804481506, 6.74710035324, 5.35220003128, 4.18224620819, 5.26288557053, 5.60495376587, 6.91190242767, 4.78557872772, 5.39954471588, 3.56688141823, 2.2889957428, 1.50599002838, 0.693143785, 0.249892115593, 0.0481633543968, 0.00382367358543, 0.000152080217958]}, "dissonance": {"dvar": 0.000213840525248, "mean": 0.461482137442, "min": 0.291159927845, "median": 0.470146089792, "dvar2": 0.000542836496606, "var": 0.0008661019383, "dmean2": 0.0231828913093, "max": 0.499999970198, "dmean": 0.01407740172}, "erbbands_flatness_db": {"dvar": 0.000317309430102, "mean": 0.140358999372, "min": 0.0334075316787, "median": 0.139062076807, "dvar2": 0.000636554905213, "var": 0.00219836947508, "dmean2": 0.0233971364796, "max": 0.348184645176, "dmean": 0.0162685532123}, "melbands_kurtosis": {"dvar": 381.282104492, "mean": 31.2946224213, "min": -1.93353748322, "median": 18.9870147705, "dvar2": 974.331420898, "var": 1285.77978516, "dmean2": 21.3276252747, "max": 340.361755371, "dmean": 13.1530694962}, "melbands_spread": {"dvar": 266.348602295, "mean": 21.5728721619, "min": 0.343321472406, "median": 11.6110572815, "dvar2": 496.639312744, "var": 1185.44104004, "dmean2": 11.7100105286, "max": 276.218444824, "dmean": 7.61542654037}, "melbands_skewness": {"dvar": 0.91042983532, "mean": 4.02211284637, "min": -0.168650701642, "median": 3.67041420937, "dvar2": 2.19409656525, "var": 4.37889766693, "dmean2": 1.45921695232, "max": 15.1296539307, "dmean": 0.912531256676}, "spectral_entropy": {"dvar": 0.0541376471519, "mean": 7.38978099823, "min": 4.34884929657, "median": 7.37617206573, "dvar2": 0.103613719344, "var": 0.465193241835, "dmean2": 0.30065113306, "max": 9.79870891571, "dmean": 0.203341990709}, "zerocrossingrate": {"dvar": 0.000502927636262, "mean": 0.0704186335206, "min": 0.001953125, "median": 0.0390625, "dvar2": 0.000466190365842, "var": 0.0104016410187, "dmean2": 0.0158883798867, "max": 0.8193359375, "dmean": 0.014053395018}, "average_loudness": 0.810776114464, "spectral_contrast_coeffs": {"dvar": [0.00164086197037, 0.00136695767287, 0.000716986367479, 0.000428964354796, 0.000373336777557, 0.00040190416621], "mean": [-0.65424489975, -0.729098796844, -0.783759236336, -0.784026563168, -0.78068447113, -0.781578838825], "min": [-0.965891361237, -0.977623105049, -0.970888316631, -0.963812828064, -0.962360858917, -0.960511147976], "median": [-0.655256986618, -0.743650794029, -0.795310497284, -0.783356070518, -0.778298258781, -0.774449884892], "dvar2": [0.00461753504351, 0.00308791245334, 0.00173369713593, 0.00109787052497, 0.000870728748851, 0.000806375814136], "var": [0.00505436956882, 0.00835922639817, 0.00489115575328, 0.00244060670957, 0.00269666058011, 0.00317284162156], "dmean2": [0.0840926021338, 0.0655397921801, 0.0491954796016, 0.0401538312435, 0.033369962126, 0.0288503840566], "max": [-0.402040302753, -0.396182745695, -0.526003837585, -0.602819681168, -0.601040363312, -0.590069830418], "dmean": [0.04990170151, 0.0403811708093, 0.0309983082116, 0.0246233772486, 0.0212738942355, 0.0191586948931]}, "barkbands_flatness_db": {"dvar": 0.000527090684045, "mean": 0.167120605707, "min": 0.0235892944038, "median": 0.154362425208, "dvar2": 0.00109306396917, "var": 0.00554301356897, "dmean2": 0.0363316759467, "max": 0.530001461506, "dmean": 0.0233016517013}, "silence_rate_30dB": {"dvar": 0.00963724777102, "mean": 0.992780923843, "min": 0, "median": 1, "dvar2": 0.024425752461, "var": 0.00716730859131, "dmean2": 0.0194662474096, "max": 1, "dmean": 0.00973159633577}, "spectral_energyband_high": {"dvar": 9.48700835579e-06, "mean": 0.00185036857147, "min": 7.42913687912e-21, "median": 0.000163427059306, "dvar2": 1.72742111317e-05, "var": 2.89907547995e-05, "dmean2": 0.00129959220067, "max": 0.073046259582, "dmean": 0.000961464131251}, "melbands_flatness_db": {"dvar": 0.000764781958424, "mean": 0.25072479248, "min": 0.00614870525897, "median": 0.238634198904, "dvar2": 0.00159142329358, "var": 0.009167839773, "dmean2": 0.0454889237881, "max": 0.694581091404, "dmean": 0.0290717985481}, "barkbands": {"dvar": [6.31200180123e-07, 3.78074619221e-05, 3.79538505513e-05, 2.42751848418e-05, 9.33995306696e-06, 6.67138101562e-06, 3.74815567739e-06, 2.81449706563e-06, 3.82910548069e-06, 7.24268033991e-07, 4.96736092259e-08, 4.86655871157e-08, 1.09756719269e-07, 7.72240937863e-08, 8.07826197047e-08, 4.18935854896e-08, 8.24438828317e-08, 3.90386354354e-08, 1.17217709317e-07, 1.61858864089e-07, 1.91724893739e-07, 7.57989369049e-07, 6.17487330601e-07, 7.45745410313e-07, 3.5205115978e-07, 1.87812702279e-07, 1.04016892877e-08], "mean": [0.000151797197759, 0.00592418480664, 0.00485259853303, 0.00367720797658, 0.00346129597165, 0.00168503529858, 0.00102562818211, 0.000782035756856, 0.000878407678101, 0.000463712960482, 0.000188136255019, 0.000202256356715, 0.000251848425251, 0.000278552732198, 0.000273615587503, 0.000226536940318, 0.000314850738505, 0.00022816217097, 0.000295379082672, 0.000215164123802, 0.00020323980425, 0.000293922523269, 0.000313671247568, 0.000399525830289, 0.000310945441015, 0.000200413429411, 2.57790416072e-05], "min": [1.72385466437e-23, 3.32589792427e-24, 9.41109955523e-24, 7.443910805e-24, 6.11074250161e-23, 3.41373151184e-23, 2.88747419781e-23, 2.72492057305e-23, 2.77737761444e-23, 5.68931407337e-23, 5.55538126889e-23, 7.60016742647e-23, 5.05728660472e-23, 2.99430426595e-23, 9.50543501327e-23, 1.65145215852e-22, 1.75971252615e-22, 2.03441131139e-22, 2.07599362121e-22, 3.21319934631e-22, 3.33940749859e-22, 6.14383502725e-22, 6.17453370715e-22, 7.71977666262e-22, 9.88394600038e-22, 1.81964144346e-21, 2.06426112647e-21], "median": [8.92264506547e-06, 0.00385735137388, 0.00231244182214, 0.00183265877422, 0.00233754515648, 0.000572424440179, 0.000214689687709, 0.00014702869521, 8.22530855658e-05, 6.15194585407e-05, 8.53506935528e-05, 7.25499630789e-05, 6.67974964017e-05, 6.65795596433e-05, 0.000100840945379, 7.06916180206e-05, 9.92440327536e-05, 6.48756977171e-05, 8.59008505358e-05, 5.46347691852e-05, 2.52145873674e-05, 2.86079921352e-05, 2.66575843852e-05, 1.4069612007e-05, 1.02608792076e-05, 4.69679798698e-06, 3.25081515484e-07], "dvar2": [1.20050958685e-06, 9.70209002844e-05, 9.98432733468e-05, 6.52077651466e-05, 2.48873948294e-05, 1.54638273671e-05, 9.59639692155e-06, 7.34955483495e-06, 1.04940927486e-05, 1.62771789292e-06, 1.25285609442e-07, 1.18405019123e-07, 2.80624334437e-07, 1.98363409254e-07, 1.95432505734e-07, 1.05846162057e-07, 2.04350158128e-07, 9.21004570387e-08, 2.60595584223e-07, 3.09701079004e-07, 3.99913943738e-07, 1.42477210829e-06, 1.34277945563e-06, 1.54092572302e-06, 7.54676420911e-07, 4.19411065877e-07, 2.6945009779e-08], "var": [1.02390777101e-06, 6.31138100289e-05, 5.5913846154e-05, 3.14251774398e-05, 1.50495261551e-05, 1.23925346998e-05, 6.77812113281e-06, 4.35215770267e-06, 7.60432385505e-06, 2.16017133425e-06, 1.06009956369e-07, 1.32759822691e-07, 2.77030778761e-07, 2.47099194439e-07, 2.66918135594e-07, 1.41961720601e-07, 3.41500509649e-07, 1.49080022993e-07, 3.10182912244e-07, 3.46187903233e-07, 4.40399077206e-07, 1.50774678787e-06, 1.34631886795e-06, 2.0795475848e-06, 8.6891088813e-07, 3.72351365741e-07, 1.10974740508e-08], "dmean2": [0.000182860836503, 0.00568584213033, 0.00666374014691, 0.00483286846429, 0.00324075296521, 0.00149657158181, 0.00100516271777, 0.000845070346259, 0.000769182341173, 0.000325301254634, 0.000162539421581, 0.000145950980368, 0.000194483349333, 0.000195160435396, 0.000204031297471, 0.000159424191224, 0.00021442869911, 0.000140827265568, 0.00019650554168, 0.000172593252501, 0.000174743807293, 0.000241277200985, 0.000264349946519, 0.000346796528902, 0.000299258157611, 0.000200430789846, 3.72006070393e-05], "max": [0.0177446939051, 0.126923322678, 0.0902576744556, 0.116296187043, 0.0394403599203, 0.0536337085068, 0.041384473443, 0.0347594097257, 0.0431957729161, 0.0302927307785, 0.00544444471598, 0.00571006862447, 0.00904301647097, 0.00672200275585, 0.0108128422871, 0.00537913618609, 0.0115543538705, 0.00487139122561, 0.0114581277594, 0.0120751615614, 0.0108885271475, 0.0285503454506, 0.020811682567, 0.0242577791214, 0.0107199260965, 0.00891276169568, 0.00339722284116], "dmean": [0.000126148093841, 0.00332900811918, 0.00387659901753, 0.00284875114448, 0.00194693834055, 0.000965502113104, 0.000642197497655, 0.000524453236721, 0.000492842402309, 0.000218956716708, 0.00010207870946, 9.31802569539e-05, 0.00012302500545, 0.000123355406686, 0.000128347921418, 9.8826145404e-05, 0.000133829074912, 8.94470576895e-05, 0.000127771636471, 0.000111615794594, 0.000116110495583, 0.000170410537976, 0.000183454860235, 0.000238664113567, 0.00020441164088, 0.000139137075166, 2.33933933487e-05]}, "erbbands_spread": {"dvar": 183.798934937, "mean": 49.6473197937, "min": 2.11728334427, "median": 46.0480880737, "dvar2": 423.753540039, "var": 553.228149414, "dmean2": 15.5280895233, "max": 185.495803833, "dmean": 10.1320734024}, "barkbands_kurtosis": {"dvar": 165.669967651, "mean": 12.1351318359, "min": -1.94690072536, "median": 5.36023521423, "dvar2": 445.196228027, "var": 403.552215576, "dmean2": 10.0228157043, "max": 303.910888672, "dmean": 6.12610006332}, "spectral_flux": {"dvar": 0.000560961430892, "mean": 0.076919645071, "min": 1.03163720622e-10, "median": 0.0708615481853, "dvar2": 0.00130862055812, "var": 0.00254305941053, "dmean2": 0.033272691071, "max": 0.33827355504, "dmean": 0.0208927933127}, "silence_rate_20dB": {"dvar": 0, "mean": 1, "min": 1, "median": 1, "dvar2": 0, "var": 0, "dmean2": 0, "max": 1, "dmean": 0}, "gfcc": {"cov": [[33666.5273438, -188.269851685, -1745.87585449, 1915.53808594, -1981.93078613, 1195.32495117, -399.169189453, 1366.39794922, 11.2721509933, 844.14050293, -298.925506592, 346.912963867, -410.243774414], [-188.269851685, 3207.45922852, -1026.64453125, -95.620880127, 462.199157715, -417.437530518, 112.77217865, -46.8926239014, 162.223114014, -149.665237427, 207.847351074, -144.239685059, 19.6846256256], [-1745.87585449, -1026.64453125, 1162.63366699, -14.7523269653, 13.0744876862, 251.35786438, -33.6567192078, -84.0076751709, -70.5106964111, 22.9736385345, -69.1011352539, 51.3628387451, 47.186126709], [1915.53808594, -95.620880127, -14.7523269653, 443.188171387, -100.476768494, 97.7815475464, 4.66480779648, 17.4246864319, 8.80140018463, 52.6435012817, 10.425110817, 46.6050567627, 42.7292900085], [-1981.93078613, 462.199157715, 13.0744876862, -100.476768494, 494.121643066, -90.2660903931, 86.6493606567, -84.8372421265, -14.6651706696, -65.6858901978, 39.0081558228, -44.4183807373, 54.0328407288], [1195.32495117, -417.437530518, 251.35786438, 97.7815475464, -90.2660903931, 338.237091064, 61.4434890747, 56.378364563, -17.0977897644, 17.4102153778, -62.0118179321, 17.4256515503, -4.19504261017], [-399.169189453, 112.77217865, -33.6567192078, 4.66480779648, 86.6493606567, 61.4434890747, 206.500915527, 19.6171131134, 27.719499588, -27.6923274994, 8.86608600616, -15.985045433, 17.8653736115], [1366.39794922, -46.8926239014, -84.0076751709, 17.4246864319, -84.8372421265, 56.378364563, 19.6171131134, 186.406295776, 36.6970214844, 55.8883132935, -11.0474243164, 2.59166193008, -29.3438930511], [11.2721509933, 162.223114014, -70.5106964111, 8.80140018463, -14.6651706696, -17.0977897644, 27.719499588, 36.6970214844, 126.961837769, 21.6832618713, 34.2694168091, -9.77056884766, -5.62091970444], [844.14050293, -149.665237427, 22.9736385345, 52.6435012817, -65.6858901978, 17.4102153778, -27.6923274994, 55.8883132935, 21.6832618713, 112.691627502, 9.24551296234, 26.7921142578, -11.8570756912], [-298.925506592, 207.847351074, -69.1011352539, 10.425110817, 39.0081558228, -62.0118179321, 8.86608600616, -11.0474243164, 34.2694168091, 9.24551296234, 106.688453674, 15.6059541702, 23.050907135], [346.912963867, -144.239685059, 51.3628387451, 46.6050567627, -44.4183807373, 17.4256515503, -15.985045433, 2.59166193008, -9.77056884766, 26.7921142578, 15.6059541702, 85.4623794556, 18.6592636108], [-410.243774414, 19.6846256256, 47.186126709, 42.7292900085, 54.0328407288, -4.19504261017, 17.8653736115, -29.3438930511, -5.62091970444, -11.8570756912, 23.050907135, 18.6592636108, 73.5715942383]], "mean": [-59.6583099365, 93.2294311523, -86.5397109985, 40.6375350952, -36.5478057861, 11.2752590179, -38.1540145874, 4.8823466301, -24.9321613312, -1.1967908144, -16.695318222, -2.07776832581, -14.8779678345], "icov": [[0.000146722595673, -0.000126504397485, 0.000224189017899, -0.000432361353887, 0.000206654513022, -0.000503228220623, 0.000325968867401, -0.00058624043595, 0.00035820438643, -0.000503761693835, 0.000280901062069, -0.000362526072422, 0.000415982853156], [-0.000126504397485, 0.000767368648667, 0.000248858385021, 0.000281437503872, -0.000655344338156, 0.000595005287323, -0.000203123185202, 0.000489070662297, -0.000813086458948, 0.00103099504486, -0.000949188717641, 0.000808666984085, -0.00027782691177], [0.000224189017899, 0.000248858385021, 0.00196996494196, -0.000258650281467, -0.000180038899998, -0.00191740470473, 0.00103320111521, 2.78537709164e-06, 0.000267894589342, -0.00114892073907, 0.000487975485157, -0.000674489710946, -0.000303130684188], [-0.000432361353887, 0.000281437503872, -0.000258650281467, 0.00436520250514, -2.19220255531e-05, 0.000309369177558, -0.00089702924015, 0.00230262498371, -0.00110482983291, -2.86444756057e-05, -0.000780218164437, 0.000517506385222, -0.00366141460836], [0.000206654513022, -0.000655344338156, -0.000180038899998, -2.19220255531e-05, 0.00369663140737, -0.000106821069494, -0.000939752266277, -0.000166131023434, 0.00149044138379, -0.000958736753091, 0.000190222854144, 0.000684441125486, -0.00137700804044], [-0.000503228220623, 0.000595005287323, -0.00191740470473, 0.000309369177558, -0.000106821069494, 0.0071956096217, -0.00321377208456, 0.000424603756983, -0.00082385155838, 0.00241233361885, 0.000732872402295, 0.00105091324076, -0.000646997708827], [0.000325968867401, -0.000203123185202, 0.00103320111521, -0.00089702924015, -0.000939752266277, -0.00321377208456, 0.00752447452396, -0.00220050336793, -0.000836705323309, 0.00059437553864, 3.58377583325e-05, -0.000368147826521, -0.000353584386175], [-0.00058624043595, 0.000489070662297, 2.78537709164e-06, 0.00230262498371, -0.000166131023434, 0.000424603756983, -0.00220050336793, 0.0105623407289, -0.00279716402292, -0.00184078561142, -0.000252885976806, 0.00148930842988, -0.000654437171761], [0.00035820438643, -0.000813086458948, 0.000267894589342, -0.00110482983291, 0.00149044138379, -0.00082385155838, -0.000836705323309, -0.00279716402292, 0.0114383501932, -0.00319930072874, -0.00221609743312, 0.000882806722075, 0.00145944673568], [-0.000503761693835, 0.00103099504486, -0.00114892073907, -2.86444756057e-05, -0.000958736753091, 0.00241233361885, 0.00059437553864, -0.00184078561142, -0.00319930072874, 0.0157001111656, -0.00304877525195, -0.00132710800972, 0.00120943493675], [0.000280901062069, -0.000949188717641, 0.000487975485157, -0.000780218164437, 0.000190222854144, 0.000732872402295, 3.58377583325e-05, -0.000252885976806, -0.00221609743312, -0.00304877525195, 0.0148496972397, -0.00410547154024, -0.00251904176548], [-0.000362526072422, 0.000808666984085, -0.000674489710946, 0.000517506385222, 0.000684441125486, 0.00105091324076, -0.000368147826521, 0.