{"tonal": {"chords_number_rate": 0.00187265919521, "thpcp": [1, 0.526539564133, 0.161630526185, 0.107843004167, 0.10693731159, 0.157427042723, 0.182957366109, 0.218528017402, 0.361632198095, 0.364369660616, 0.210002616048, 0.151293963194, 0.185300290585, 0.397322058678, 0.779696881771, 0.810298085213, 0.41301125288, 0.163922682405, 0.176908776164, 0.195607051253, 0.250970989466, 0.342052310705, 0.269417911768, 0.16736651957, 0.162397146225, 0.155839055777, 0.176136419177, 0.188726738095, 0.158514723182, 0.28322032094, 0.404506295919, 0.266127318144, 0.181892335415, 0.234259516001, 0.293465942144, 0.744634270668], "hpcp": {"dvar": [0.0145513415337, 0.0151180587709, 0.018172044307, 0.0228880122304, 0.0263291168958, 0.0256774295121, 0.0222185142338, 0.0269611831754, 0.0342728756368, 0.0324370227754, 0.0360165461898, 0.0289877429605, 0.0241517145187, 0.0189845785499, 0.0185445006937, 0.0241139605641, 0.0264620576054, 0.0308340582997, 0.0358130969107, 0.0316736809909, 0.0292671713978, 0.0274788569659, 0.0299612078816, 0.0340548045933, 0.0422275550663, 0.0368689708412, 0.0318334251642, 0.0203352421522, 0.0185758732259, 0.0161531642079, 0.0208262372762, 0.0273650679737, 0.0251504871994, 0.0190561693162, 0.0179143436253, 0.0184965822846], "mean": [0.0881313234568, 0.0944309979677, 0.0793141648173, 0.141711652279, 0.202398106456, 0.133159026504, 0.0910113453865, 0.117213703692, 0.146838128567, 0.372583955526, 0.500358343124, 0.263458460569, 0.0808731839061, 0.0539601482451, 0.0535069778562, 0.0787699371576, 0.0915442481637, 0.109342314303, 0.180945694447, 0.182315394282, 0.105076558888, 0.075701199472, 0.0927165448666, 0.198803409934, 0.390127837658, 0.405439406633, 0.206653624773, 0.0820200815797, 0.0885177850723, 0.0978736206889, 0.125575423241, 0.171148732305, 0.134805500507, 0.083743236959, 0.0812567695975, 0.0779753699899], "min": [0, 0, 0, 0, 0, 0, 0, 0, 0, 0, 0, 0, 0, 0, 0, 0, 0, 0, 0, 0, 0, 0, 0, 0, 0, 0, 0, 0, 0, 0, 0, 0, 0, 0, 0, 0], "median": [0.0452376529574, 0.0479268804193, 0.0276662632823, 0.0314758196473, 0.0407130494714, 0.0363776385784, 0.0316440686584, 0.0281109288335, 0.0660019367933, 0.272739350796, 0.419992685318, 0.202581554651, 0.0328674726188, 0.014923652634, 0.0170174315572, 0.0228460691869, 0.0264473445714, 0.0515896417201, 0.0841121971607, 0.0821890234947, 0.0352167785168, 0.0189212858677, 0.0290013477206, 0.110327787697, 0.281094670296, 0.306316018105, 0.109939135611, 0.0306840017438, 0.0233152285218, 0.0309236571193, 0.0515873208642, 0.0624208748341, 0.0450216569006, 0.0189915578812, 0.0114648621529, 0.0192295648158], "dvar2": [0.039831276983, 0.0421279221773, 0.05069867149, 0.063107855618, 0.0679756253958, 0.0729842931032, 0.0639942884445, 0.0723792761564, 0.100834883749, 0.0888794511557, 0.0918710902333, 0.0822123140097, 0.069347627461, 0.0539594702423, 0.0541640147567, 0.0676344707608, 0.0738842189312, 0.0892810747027, 0.10203717649, 0.0877325832844, 0.0841234028339, 0.0828080698848, 0.0869369655848, 0.0994089096785, 0.121063046157, 0.100660391152, 0.0926840081811, 0.0563419759274, 0.0512024313211, 0.043456427753, 0.0576653182507, 0.0713031068444, 0.0664004310966, 0.0516699701548, 0.0472176484764, 0.0497524291277], "var": [0.0174570307136, 0.020495288074, 0.0223029702902, 0.0486632436514, 0.0917804539204, 0.0431512072682, 0.0254415702075, 0.0455929487944, 0.040990896523, 0.102075725794, 0.143003970385, 0.0548626892269, 0.0213452577591, 0.0151934577152, 0.0134923439473, 0.0257151406258, 0.0295319650322, 0.0289695560932, 0.0522649511695, 0.0579564198852, 0.0323694981635, 0.0233544986695, 0.0291542597115, 0.0494922176003, 0.123984485865, 0.122739933431, 0.0582971312106, 0.0209835153073, 0.0325675047934, 0.0302098281682, 0.0335700027645, 0.0604629702866, 0.0481521077454, 0.0275539755821, 0.0361552163959, 0.032684545964], "dmean2": [0.107824474573, 0.111653849483, 0.11489200592, 0.146339461207, 0.159457623959, 0.15153850615, 0.1311660707, 0.144094496965, 0.195362016559, 0.243154346943, 0.243665322661, 0.218742623925, 0.131276994944, 0.0984805449843, 0.0962654426694, 0.120264902711, 0.137217864394, 0.162822976708, 0.209599554539, 0.200357317924, 0.159738749266, 0.141643926501, 0.163470104337, 0.244868993759, 0.291995793581, 0.270195603371, 0.238761633635, 0.135783925653, 0.117723666131, 0.118603311479, 0.143818259239, 0.169669866562, 0.154761567712, 0.114700682461, 0.095867164433, 0.100479997694], "max": [1, 1, 1, 1, 1, 1, 1, 1, 1, 1, 1, 1, 1, 1, 1, 1, 1, 1, 1, 1, 1, 1, 1, 1, 1, 1, 1, 1, 1, 1, 1, 1, 1, 1, 1, 1], "dmean": [0.0624267943203, 0.0642950236797, 0.065018504858, 0.0851966664195, 0.0935581326485, 0.0884015411139, 0.0749642401934, 0.0846169218421, 0.111642770469, 0.141771391034, 0.143176570535, 0.127369523048, 0.0730024427176, 0.0543209575117, 0.0527299530804, 0.0680696889758, 0.0779066979885, 0.0913466960192, 0.119263537228, 0.115543864667, 0.0906198099256, 0.078473508358, 0.091001868248, 0.139246895909, 0.166664406657, 0.156469359994, 0.135679885745, 0.0765102654696, 0.0672993212938, 0.069478161633, 0.0835040807724, 0.100548826158, 0.0914022326469, 0.0656172260642, 0.0554336644709, 0.0573555976152]}, "key_strength": 0.778806686401, "chords_strength": {"dvar": 0.000372733251425, "mean": 0.513851046562, "min": -1, "median": 0.531567454338, "dvar2": 0.000796128704678, "var": 0.0144934765995, "dmean2": 0.00696270819753, "max": 0.763498961926, "dmean": 0.00726690143347}, "tuning_equal_tempered_deviation": 0.307774454355, "chords_key": "F", "tuning_frequency": 434.193115234, "chords_scale": "major", "chords_changes_rate": 0.0473272055387, "key_scale": "major", "tuning_diatonic_strength": 0.619230568409, "hpcp_entropy": {"dvar": 0.207454562187, "mean": 1.97691035271, "min": 0, "median": 2.02138090134, "dvar2": 0.572791099548, "var": 0.574735820293, "dmean2": 0.87906306982, "max": 4.26776313782, "dmean": 0.516168355942}, "chords_histogram": [32.737487793, 1.60027241707, 7.45658826828, 0.783111989498, 0.0510725229979, 0.0851208716631, 0, 0, 0.272386789322, 0, 0, 0.0340483486652, 3.30268979073, 1.82158660889, 0, 0.885257065296, 1.58324825764, 18.5223007202, 6.69050073624, 11.6104869843, 6.57133150101, 0.187265917659, 5.6860742569, 0.119169220328], "tuning_nontempered_energy_ratio": 0.952936708927, "key_key": "F"}, "metadata": {"version": {"extractor": "music 1.0", "essentia_build_sha": "70f2e5ece6736b2c40cc944ad0e695b16b925413", "essentia": "2.1-beta2", "essentia_git_sha": "v2.1_beta2"}, "audio_properties": {"sample_rate": 44100, "length": 272.706665039, "lossless": true, "analysis_sample_rate": 44100, "downmix": "mix", "bit_rate": 0, "equal_loudness": 0, "md5_encoded": "21041889f68a837f1041f631631d4a8d", "codec": "flac", "replay_gain": -14.2321414948}, "tags": {"disctotal": ["1"], "musicbrainz_workid": ["0653268c-b194-38c6-be97-832f1feb5c2f"], "genre": ["Alternative & Punk"], "catalognumber": ["9429-2"], "releasecountry": ["US"], "musicbrainz_recordingid": ["c63c4ad9-9718-4d09-93cf-a4a89fdcc5f6"], "language": ["eng"], "title": ["Goodnight Everything"], "releasetype": ["album"], "discnumber": ["1"], "artistsort": ["Liars"], "originaldate": ["2010-03-08"], "musicbrainz_artistid": ["03098741-08b3-4dd7-b3f6-1b0bfa2c879c"], "isrc": ["GBAJH0901334"], "tracknumber": ["10"], "musicbrainz_albumartistid": ["03098741-08b3-4dd7-b3f6-1b0bfa2c879c"], "totaltracks": ["11"], "barcode": ["724596942925"], "tracktotal": ["11"], "date": ["2010-03-09"], "composer": ["Liars"], "albumartistsort": ["Liars"], "musicbrainz_releasegroupid": ["a66a5361-646b-47d0-8428-ab3f61cd6a25"], "media": ["CD"], "musicip_puid": ["be0343a8-6ac9-6e8e-741f-0f710bdb0cb8"], "label": ["Mute"], "albumartist": ["Liars"], "asin": ["B0030F7Y2Y"], "script": ["Latn"], "musicbrainz_albumid": ["5010cb4a-fa26-467f-82fe-9a6db1cc85a9"], "file_name": "10. Goodnight Everything.flac", "releasestatus": ["official"], "totaldiscs": ["1"], "album": ["Sisterworld"], "artist": ["Liars"]}}, "lowlevel": {"melbands": {"dvar": [1.97597933038e-06, 2.64438085651e-06, 2.99874443499e-07, 3.04710368937e-07, 4.71041232686e-08, 7.63029390782e-08, 7.65000294223e-08, 1.13848855676e-07, 2.49068552449e-08, 1.85547452958e-08, 2.7266112923e-08, 6.78462752646e-09, 2.9712325933e-09, 1.43458234181e-09, 8.25882973121e-10, 2.78934320086e-09, 3.62607610604e-10, 2.68241567847e-10, 1.8312094896e-10, 3.12784376177e-09, 1.15182141602e-09, 7.76097763833e-09, 2.71753591852e-10, 2.40078679159e-10, 5.80806402972e-10, 2.09480127689e-10, 4.52546194962e-11, 3.98018840109e-11, 2.4015966299e-11, 1.28673278629e-11, 4.22079602172e-12, 2.54701142989e-12, 7.30065422179e-13, 6.74177727533e-13, 1.02036445699e-12, 6.17199542342e-13, 3.78546369598e-13, 2.67802517358e-13, 2.14912221591e-13, 2.69471351835e-14], "mean": [0.000883612548932, 0.00117305153981, 0.000555478676688, 0.000376229552785, 0.000222603979637, 0.000261298147961, 0.000190463091712, 0.000305022462271, 0.000123532910948, 0.000108349238872, 0.000109276064904, 6.26776600257e-05, 5.15423889738e-05, 3.62917962775e-05, 2.98111335724e-05, 3.9191563701e-05, 1.73948192241e-05, 1.64977936947e-05, 1.69954073499e-05, 4.26793703809e-05, 3.97172916564e-05, 6.49047942716e-05, 1.82676030818e-05, 1.65228175319e-05, 2.1812174964e-05, 1.46947322719e-05, 8.53677465784e-06, 8.45948943606e-06, 6.62881257085e-06, 4.56183988717e-06, 2.5310903311e-06, 1.48879576045e-06, 9.65886101767e-07, 9.52598213644e-07, 1.09918926228e-06, 8.86745567641e-07, 6.14357645645e-07, 3.95640171291e-07, 3.35227611004e-07, 1.73017767224e-07], "min": [1.15988605199e-24, 1.54550039234e-24, 9.54052323079e-25, 2.2512703812e-24, 2.57244957673e-24, 1.08297714272e-24, 1.73391804461e-24, 2.39387809184e-24, 2.10167572951e-24, 2.80487146802e-24, 3.2473946285e-24, 3.80622822971e-24, 3.06182180587e-24, 3.44103532883e-24, 4.70108324717e-24, 4.76737911765e-24, 3.60416269213e-24, 3.07993523554e-24, 3.75376542964e-24, 3.21787486178e-24, 3.71592653303e-24, 3.26320438712e-24, 3.68707433985e-24, 5.40675167019e-24, 2.84079757415e-24, 4.7108781386e-24, 4.05431788466e-24, 4.36968041431e-24, 4.53502289903e-24, 6.15422183257e-24, 4.55056819203e-24, 5.7376421379e-24, 5.91634043217e-24, 6.37694921498e-24, 6.43596311044e-24, 5.4383281945e-24, 6.90948751842e-24, 6.3250626778e-24, 7.00610168007e-24, 6.30466510138e-24], "median": [0.000163543954841, 0.000364169769455, 0.00022355033434, 0.000130764208734, 9.02114261407e-05, 0.000101269070001, 7.42879637983e-05, 0.000107567626401, 4.14031383116e-05, 3.29380782205e-05, 2.60862943833e-05, 1.65882447618e-05, 1.89574511751e-05, 1.42651897477e-05, 1.30402086143e-05, 1.40874471981e-05, 5.10230438522e-06, 4.49541539638e-06, 7.05594084138e-06, 1.09942375275e-05, 8.71166321303e-06, 5.31625255462e-06, 2.69460315394e-06, 4.91170612804e-06, 4.1992207116e-06, 1.43314650813e-06, 9.18033492781e-07, 9.45442934608e-07, 7.62230797591e-07, 3.29572316105e-07, 2.04131012538e-07, 1.59819379064e-07, 1.92386437448e-07, 2.25020855282e-07, 1.74091113081e-07, 8.75611618767e-08, 3.84437655043e-08, 2.33632952984e-08, 1.47178234045e-08, 9.65397362052e-09], "dvar2": [5.29409726369e-06, 7.33534989195e-06, 8.29024486393e-07, 8.31768545595e-07, 1.21502310435e-07, 1.83725319403e-07, 2.01180583304e-07, 2.81740767605e-07, 6.28759266874e-08, 4.81383644058e-08, 7.12494596655e-08, 1.63988023161e-08, 7.79241826621e-09, 3.99434885168e-09, 2.26848340112e-09, 8.00753241492e-09, 1.05753983348e-09, 7.63538676729e-10, 5.10031683554e-10, 9.10100528273e-09, 2.99866442788e-09, 1.982544795e-08, 7.12221170929e-10, 6.69475697102e-10, 1.67234470716e-09, 5.6320204056e-10, 1.23367191462e-10, 1.10427327005e-10, 6.65156749124e-11, 3.41317148156e-11, 1.12748759981e-11, 6.43001841008e-12, 1.87367612745e-12, 1.62431537405e-12, 2.49731398755e-12, 1.35028956332e-12, 8.15145206109e-13, 4.66096562388e-13, 4.76284484942e-13, 5.38437905915e-14], "var": [2.95710924547e-06, 3.72680779037e-06, 7.04030696852e-07, 4.26711295631e-07, 1.11739858255e-07, 1.83774716334e-07, 1.45132645457e-07, 2.82954829345e-07, 5.99943916768e-08, 4.11788469989e-08, 7.86813956211e-08, 2.11267465744e-08, 6.95201629597e-09, 3.30464100529e-09, 2.0683590396e-09, 5.33639843425e-09, 1.07542053041e-09, 6.84191869826e-10, 5.06788389032e-10, 5.62919622027e-09, 3.67049679539e-09, 1.38646143455e-08, 8.13838718638e-10, 5.98062266377e-10, 1.19919474351e-09, 5.25250065664e-10, 1.62426808115e-10, 1.51146942184e-10, 9.74576530588e-11, 5.26196620998e-11, 1.61510301661e-11, 8.66745477474e-12, 3.19210565099e-12, 2.77400541773e-12, 4.19207160304e-12, 2.90547317108e-12, 2.14788386729e-12, 1.75189279316e-12, 8.91139917934e-13, 1.43403464017e-13], "dmean2": [0.000981852645054, 0.00118196615949, 0.000479824171634, 0.000408730644267, 0.00017977290554, 0.000220134796109, 0.000169200066011, 0.000243781061727, 9.90054904833e-05, 9.1300731583e-05, 8.17508480395e-05, 4.7921006626e-05, 4.55017507193e-05, 3.38116951752e-05, 2.56947514572e-05, 3.89236483898e-05, 1.39601306728e-05, 1.43460920299e-05, 1.3436955669e-05, 4.29228421126e-05, 3.00296087516e-05, 6.63143655402e-05, 1.39671055877e-05, 1.32998711706e-05, 1.98648722289e-05, 1.23507443277e-05, 5.75028889216e-06, 5.68420637137e-06, 4.35209085481e-06, 2.89328704639e-06, 1.64204254816e-06, 9.6807468708e-07, 5.71117482195e-07, 5.84517920288e-07, 6.6667541887e-07, 4.80232813516e-07, 3.14727259365e-07, 1.93828086026e-07, 1.89198274825e-07, 8.52606731883e-08], "max": [0.0227255020291, 0.036149263382, 0.0121029317379, 0.0120272012427, 0.0055557815358, 0.0079544428736, 0.00776389520615, 0.00718120485544, 0.00403683306649, 0.00328033929691, 0.00440771132708, 0.0020609209314, 0.00127957749646, 0.000782820861787, 0.000650550296996, 0.00112990604248, 0.000528022937942, 0.0003901211021, 0.000242699898081, 0.000951235881075, 0.000714843277819, 0.00145342480391, 0.000288957875455, 0.000223874318181, 0.000384607905289, 0.000228317469009, 0.00014427563292, 0.000115188238851, 7.558199286e-05, 7.03437108314e-05, 4.80647831864e-05, 4.35993606516e-05, 2.97570622934e-05, 2.40139834204e-05, 3.47117056663e-05, 2.3819222406e-05, 2.69980137091e-05, 3.59543046216e-05, 2.21244554268e-05, 7.20142907085e-06], "dmean": [0.000592356547713, 0.000681660254486, 0.000276866834611, 0.00024117747671, 0.0001115770865, 0.000141560609336, 0.00010640869732, 0.000153125598445, 6.25796092208e-05, 5.78010221943e-05, 5.24030074303e-05, 3.06869114866e-05, 2.78072566289e-05, 1.99343958229e-05, 1.55006509885e-05, 2.32609327213e-05, 8.29852706374e-06, 8.38351024868e-06, 8.02942486189e-06, 2.55903087236e-05, 1.84530144907e-05, 4.04662969231e-05, 8.50051765156e-06, 8.05291165307e-06, 1.17843301268e-05, 7.42370184525e-06, 3.46007595908e-06, 3.44821432918e-06, 2.60070328295e-06, 1.76423532139e-06, 9.97386791823e-07, 6.03138516908e-07, 3.59319756171e-07, 3.66292653098e-07, 4.20502914267e-07, 3.15925575478e-07, 2.12200802707e-07, 1.34408011832e-07, 1.27618605461e-07, 5.7581477364e-08]}, "spectral_decrease": {"dvar": 3.96571975072e-18, "mean": -4.2353831553e-09, "min": -3.96067711961e-08, "median": -2.25398233411e-09, "dvar2": 1.0081829507e-17, "var": 2.06915491374e-17, "dmean2": 1.7879168146e-09, "max": 5.04731878582e-18, "dmean": 1.10684550414e-09}, "spectral_rolloff": {"dvar": 235920.375, "mean": 1621.64172363, "min": 107.666015625, "median": 1227.39257812, "dvar2": 582634.625, "var": 3607117, "dmean2": 564.291503906, "max": 20435.0097656, "dmean": 327.467376709}, "melbands_crest": {"dvar": 6.46385478973, "mean": 12.6221609116, "min": 1.66997337341, "median": 12.119354248, "dvar2": 18.3822135925, "var": 16.84466362, "dmean2": 4.91684436798, "max": 30.9616966248, "dmean": 2.88638544083}, "barkbands_skewness": {"dvar": 0.107638835907, "mean": 1.12804698944, "min": -3.35749554634, "median": 1.03691959381, "dvar2": 0.292442411184, "var": 0.618712723255, "dmean2": 0.566404521465, "max": 7.71644067764, "dmean": 0.345018386841}, "spectral_centroid": {"dvar": 33723.5976562, "mean": 1409.75109863, "min": 307.21697998, "median": 1354.73120117, "dvar2": 76112.4140625, "var": 829799, "dmean2": 253.75944519, "max": 11856.0166016, "dmean": 160.977813721}, "spectral_energyband_middle_low": {"dvar": 1.36122789627e-05, "mean": 0.00694976188242, "min": 1.69853655227e-22, "median": 0.00452778488398, "dvar2": 3.46066153725e-05, "var": 5.49459982722e-05, "dmean2": 0.0036166193895, "max": 0.0903455615044, "dmean": 0.00224729650654}, "erbbands_crest": {"dvar": 5.47826623917, "mean": 9.58646297455, "min": 2.34471082687, "median": 8.62726211548, "dvar2": 14.5921478271, "var": 17.9809989929, "dmean2": 3.9263446331, "max": 30.4229221344, "dmean": 2.41182613373}, "dynamic_complexity": 6.48052978516, "spectral_energyband_low": {"dvar": 4.6927780204e-05, "mean": 0.00605685403571, "min": 1.28695635825e-23, "median": 0.00183550757356, "dvar2": 0.00012518830772, "var": 8.6584885139e-05, "dmean2": 0.0051169777289, "max": 0.134188741446, "dmean": 0.00303614791483}, "silence_rate_60dB": {"dvar": 0.0247265063226, "mean": 0.299931883812, "min": 0, "median": 0, "dvar2": 0.054125290364, "var": 0.209968313575, "dmean2": 0.0507493205369, "max": 1, "dmean": 0.0253724996001}, "erbbands_kurtosis": {"dvar": 1.84701919556, "mean": 0.499825000763, "min": -1.76877450943, "median": -0.182368993759, "dvar2": 5.64176273346, "var": 5.11116552353, "dmean2": 1.30655944347, "max": 35.0192947388, "dmean": 0.801545441151}, "spectral_complexity": {"dvar": 5.49256229401, "mean": 17.7504673004, "min": 0, "median": 12, "dvar2": 12.7389755249, "var": 183.188919067, "dmean2": 3.41944813728, "max": 56, "dmean": 2.12958717346}, "barkbands_crest": {"dvar": 4.16121006012, "mean": 8.81427383423, "min": 2.40226793289, "median": 8.13449764252, "dvar2": 11.4361305237, "var": 11.58507061, "dmean2": 3.59137320518, "max": 23.9656848907, "dmean": 2.14717888832}, "spectral_energy": {"dvar": 5.83091677981e-05, "mean": 0.0173240937293, "min": 1.01532122729e-20, "median": 0.00903078820556, "dvar2": 0.000147316794028, "var": 0.000342041079421, "dmean2": 0.00693137943745, "max": 0.153293028474, "dmean": 0.00430879509076}, "spectral_spread": {"dvar": 140429541376, "mean": 3501916, "min": 1024885, "median": 3222346.5, "dvar2": 307333431296, "var": 7031031857150.0, "dmean2": 391984.25, "max": 42656552, "dmean": 244296.6875}, "spectral_contrast_valleys": {"dvar": [0.0957072526217, 0.0623597092927, 0.0445967242122, 0.035618904978, 0.0375301130116, 0.0305594429374], "mean": [-7.84427404404, -7.24136257172, -7.94111537933, -8.48574829102, -8.43915462494, -11.4961585999], "min": [-27.9744987488, -27.815700531, -27.7163848877, -27.6291713715, -27.4454936981, -27.3808784485], "median": [-7.6428771019, -6.86738014221, -7.61139011383, -8.31574440002, -8.39550018311, -11.2831697464], "dvar2": [0.293673872948, 0.162183061242, 0.114653706551, 0.0887276753783, 0.0868218168616, 0.0517562590539], "var": [3.48741722107, 3.07714056969, 3.10991001129, 3.39461827278, 4.46578598022, 3.85203051567], "dmean2": [0.664654314518, 0.499773234129, 0.408170491457, 0.344700336456, 0.287185490131, 0.210768014193], "max": [-5.06897735596, -4.81731557846, -5.46181678772, -6.00026321411, -5.79530858994, -8.19076728821], "dmean": [0.378584891558, 0.297304928303, 0.245577260852, 0.209447190166, 0.178922072053, 0.146762758493]}, "spectral_rms": {"dvar": 2.97747163813e-07, "mean": 0.00346114696003, "min": 3.14731205507e-12, "median": 0.00296825310215, "dvar2": 7.40766381568e-07, "var": 4.92196750201e-06, "dmean2": 0.000667220796458, "max": 0.0122292349115, "dmean": 0.000417161994847}, "barkbands_spread": {"dvar": 15.823679924, "mean": 23.0014877319, "min": 1.17861199379, "median": 21.2937355042, "dvar2": 38.5102615356, "var": 204.926727295, "dmean2": 5.89472007751, "max": 118.939071655, "dmean": 3.69447898865}, "pitch_salience": {"dvar": 0.00272720353678, "mean": 0.551558971405, "min": 0.213764950633, "median": 0.549842536449, "dvar2": 0.00738764973357, "var": 0.0100771384314, "dmean2": 0.0971661359072, "max": 0.902106285095, "dmean": 0.0582494325936}, "erbbands_skewness": {"dvar": 0.0853031873703, "mean": 0.142412289977, "min": -2.80048131943, "median": 0.0901280120015, "dvar2": 0.216479808092, "var": 0.78651279211, "dmean2": 0.497846126556, "max": 5.2500333786, "dmean": 0.314153492451}, "spectral_energyband_middle_high": {"dvar": 2.88651290248e-06, "mean": 0.00438284641132, "min": 1.18258524528e-21, "median": 0.0017134292284, "dvar2": 7.21571814211e-06, "var": 2.87573184323e-05, "dmean2": 0.00159561261535, "max": 0.0343273207545, "dmean": 0.00101023260504}, "erbbands": {"dvar": [0.0229852572083, 1.8781017065, 10.8883199692, 9.19048500061, 44.3726730347, 73.9924240112, 25.9219608307, 172.839050293, 350.642181396, 850.752929688, 400.718353271, 424.997161865, 1033.17749023, 351.855804443, 341.730773926, 157.566329956, 301.877319336, 117.656867981, 102.362327576, 291.059814453, 898.756408691, 4098.15966797, 228.700302124, 596.666259766, 204.977600098, 66.1712188721, 38.9756774902, 15.8729915619, 4.93632078171, 1.7257232666, 2.07778358459, 0.960271060467, 0.427441060543, 0.0564735271037, 0.00458512827754, 0.000382575701224, 3.07890877593e-05, 9.26909706322e-07, 9.27286780694e-09, 8.98744481614e-11], "mean": [0.0831557139754, 0.841223061085, 2.10573220253, 2.87149953842, 4.41184234619, 5.89134454727, 5.64064407349, 12.0604686737, 12.5198488235, 26.437877655, 16.9013690948, 16.7767410278, 21.7146873474, 15.3971328735, 16.7024669647, 11.6661500931, 16.4743919373, 10.9028806686, 11.1702108383, 19.1885948181, 36.9393310547, 51.7649269104, 19.5188999176, 25.6225585938, 17.2766075134, 12.6302890778, 9.56910419464, 5.41790533066, 2.4809756279, 1.76037323475, 1.81524395943, 1.13975608349, 0.567335784435, 0.253300607204, 0.0802346691489, 0.0211742371321, 0.00571300042793, 0.00114472326823, 0.000101598234323, 2.49050699495e-05], "min": [9.18828516147e-23, 6.20176594291e-22, 2.35183947332e-21, 4.67937566939e-21, 2.44388508651e-20, 4.06619952523e-20, 6.44336474051e-20, 5.52253371169e-20, 1.24866739175e-19, 2.04886459724e-19, 2.33232905341e-19, 4.90597305788e-19, 6.26398803974e-19, 1.00239762882e-18, 1.12413090444e-18, 1.27945464056e-18, 2.24785586999e-18, 2.68354947621e-18, 2.16422770326e-18, 3.54492180618e-18, 3.93053190105e-18, 3.88985777597e-18, 6.19017964426e-18, 4.18654430064e-18, 5.42087851353e-18, 7.37116856586e-18, 9.10070892812e-18, 1.09264288889e-17, 1.28747428068e-17, 1.29819338336e-17, 1.19487496798e-17, 1.14443035094e-17, 9.68883847955e-18, 8.13401107037e-18, 6.72947658823e-18, 4.28739333374e-18, 2.11426144477e-18, 9.37139592536e-19, 2.84081687998e-19, 3.14090462915e-20], "median": [0.0139257218689, 0.154891997576, 0.643859386444, 1.00829899311, 1.48760473728, 1.78287196159, 2.42105317116, 4.55714273453, 4.84117794037, 10.2844667435, 5.99106740952, 5.53981494904, 5.55485296249, 4.70283508301, 6.26338100433, 4.76759052277, 7.75892543793, 3.42500257492, 3.36168527603, 7.22443246841, 8.93419647217, 4.8454990387, 4.37750244141, 5.36829614639, 1.90583133698, 1.3449420929, 0.969231903553, 0.407137691975, 0.338643372059, 0.414000928402, 0.291787981987, 0.0875330865383, 0.0336239114404, 0.013609809801, 0.00385173503309, 0.000975446309894, 0.000324354157783, 0.000318674108712, 2.3653919925e-05, 1.13817086458e-05], "dvar2": [0.0630304440856, 5.05825042725, 31.2638206482, 25.4889678955, 127.475135803, 197.669281006, 67.1202774048, 413.565124512, 917.013427734, 2117.86206055, 1017.45666504, 1103.13439941, 2698.9621582, 828.09777832, 921.96685791, 461.492431641, 834.149414062, 349.348358154, 294.021789551, 845.700439453, 2452.06591797, 10480.7822266, 611.831176758, 1703.26855469, 546.739379883, 180.120422363, 105.613899231, 41.616645813, 12.2205820084, 4.01187896729, 4.66903686523, 1.98390603065, 0.740109801292, 0.0991774424911, 0.00854580011219, 0.000694310059771, 5.49473879801e-05, 1.63517768215e-06, 1.63121622876e-08, 1.89566140563e-10], "var": [0.0312833152711, 2.52859020233, 13.6598339081, 22.6925754547, 58.0629005432, 113.960464478, 66.155456543, 417.286224365, 653.348449707, 2003.40673828, 971.04296875, 962.088867188, 2988.02905273, 1108.98071289, 715.408935547, 375.943084717, 719.290893555, 362.215942383, 275.696990967, 713.144592285, 2889.76733398, 8001.58886719, 775.364807129, 1476.17895508, 651.989440918, 321.196899414, 201.850463867, 70.3384857178, 21.4772510529, 9.0810213089, 10.7988433838, 5.75413751602, 2.94253087044, 0.36055213213, 0.0266187544912, 0.00191190652549, 0.000146124817547, 4.19042999056e-06, 3.94120434066e-08, 8.07115041468e-10], "dmean2": [0.100524999201, 0.997273027897, 2.25690817833, 2.43405413628, 5.39082860947, 6.18782520294, 4.39979028702, 10.2363376617, 11.0929374695, 21.491147995, 13.0432224274, 13.6929750443, 15.9679489136, 11.2216520309, 15.2546072006, 9.87361335754, 13.953622818, 8.14793491364, 8.9684715271, 15.3915700912, 26.682308197, 49.2681808472, 12.9918270111, 20.5485801697, 12.3437242508, 7.29037237167, 5.3317284584, 3.18646860123, 1.35083043575, 0.93485301733, 0.953060746193, 0.531904935837, 0.25194016099, 0.110779233277, 0.0360709317029, 0.00920898746699, 0.00256944447756, 0.0004354257253, 3.76689276891e-05, 8.1256721387e-06], "max": [2.62080454826, 20.3367843628, 79.4191665649, 78.0169754028, 144.67906189, 250.609802246, 109.08605957, 407.534057617, 475.914428711, 676.443969727, 467.642822266, 517.258789062, 862.166381836, 413.849487305, 427.391937256, 271.76083374, 341.203460693, 314.551818848, 192.768295288, 320.851776123, 521.561645508, 1016.91772461, 248.689254761, 381.719024658, 218.396789551, 168.635559082, 127.345680237, 101.102165222, 67.6289596558, 34.7330207825, 43.1926727295, 33.5908927917, 40.9062690735, 10.6329164505, 1.60710513592, 0.700767695904, 0.202132865787, 0.0234068371356, 0.00285313976929, 0.000204135241802], "dmean": [0.0595462620258, 0.591120004654, 1.27970552444, 1.40015661716, 3.12150526047, 3.69645571709, 2.73409485817, 6.57002258301, 6.98739433289, 13.4650068283, 8.23555183411, 8.68307781219, 10.2421312332, 7.19726419449, 9.17343902588, 5.86075973511, 8.50581359863, 4.82020616531, 5.24481010437, 9.15815067291, 16.3617649078, 30.0946922302, 7.97948312759, 12.2432088852, 7.44154977798, 4.43530273438, 3.23700022697, 1.96160662174, 0.854045331478, 0.597028911114, 0.618427991867, 0.364255398512, 0.176993891597, 0.0786616206169, 0.0250455960631, 0.00652789324522, 0.00179702264722, 0.000310718780383, 2.81167813228e-05, 5.3071585171e-06]}, "dissonance": {"dvar": 0.000373415939976, "mean": 0.458935409784, "min": 0.261245042086, "median": 0.469865679741, "dvar2": 0.0010628728196, "var": 0.00113841763232, "dmean2": 0.0305684451014, "max": 0.5, "dmean": 0.0179625283927}, "erbbands_flatness_db": {"dvar": 0.000117990704894, "mean": 0.184731855989, "min": 0.03986639902, "median": 0.180187806487, "dvar2": 0.000291182834189, "var": 0.00219072960317, "dmean2": 0.0188507065177, "max": 0.341967284679, "dmean": 0.0119984643534}, "melbands_kurtosis": {"dvar": 17.4409103394, "mean": 6.4769616127, "min": -1.6639162302, "median": 4.56696653366, "dvar2": 48.9176139832, "var": 49.978302002, "dmean2": 4.8189458847, "max": 90.0066223145, "dmean": 2.90641355515}, "melbands_spread": {"dvar": 39.9465255737, "mean": 24.9752445221, "min": 1.88154602051, "median": 21.1819915771, "dvar2": 99.1550064087, "var": 325.654022217, "dmean2": 8.92004203796, "max": 190.279220581, "dmean": 5.49302530289}, "melbands_skewness": {"dvar": 0.187021031976, "mean": 1.99372541904, "min": -1.05290412903, "median": 1.90521001816, "dvar2": 0.489036738873, "var": 0.897105038166, "dmean2": 0.735576808453, "max": 7.84904336929, "dmean": 0.446631282568}, "spectral_entropy": {"dvar": 0.0104861008003, "mean": 7.28485488892, "min": 5.65700149536, "median": 7.34761333466, "dvar2": 0.0253440719098, "var": 0.31156373024, "dmean2": 0.161489635706, "max": 9.82173156738, "dmean": 0.10244115442}, "zerocrossingrate": {"dvar": 3.62089267583e-05, "mean": 0.0561563335359, "min": 0.0078125, "median": 0.04931640625, "dvar2": 5.0156188081e-05, "var": 0.00227509532124, "dmean2": 0.00723362248391, "max": 0.57421875, "dmean": 0.00575889181346}, "average_loudness": 0.461441934109, "spectral_contrast_coeffs": {"dvar": [0.00143851013854, 0.00108751805965, 0.000704685575329, 0.000492014572956, 0.000271498633083, 0.000125137434225], "mean": [-0.671034276485, -0.72312605381, -0.764049232006, -0.760692715645, -0.772915899754, -0.757324576378], "min": [-0.976858139038, -0.972953677177, -0.978094339371, -0.968071460724, -0.96680444479, -0.965042948723], "median": [-0.678824722767, -0.724321365356, -0.766378879547, -0.75939142704, -0.769135355949, -0.747664928436], "dvar2": [0.00440055970103, 0.00298935035244, 0.00192354246974, 0.00132976390887, 0.000654900330119, 0.000312613177812], "var": [0.00573552865535, 0.00531255314127, 0.00310460687615, 0.00292280502617, 0.00304212979972, 0.00283381110057], "dmean2": [0.0831280499697, 0.0677566081285, 0.0536661483347, 0.0454100109637, 0.0310743786395, 0.0209211427718], "max": [-0.398733198643, -0.404221862555, -0.503025710583, -0.570846259594, -0.567677259445, -0.625748932362], "dmean": [0.0476150885224, 0.0409974902868, 0.0323553569615, 0.0271832868457, 0.0191609617323, 0.0127645907924]}, "barkbands_flatness_db": {"dvar": 0.000170653438545, "mean": 0.142318129539, "min": 0.0290943291038, "median": 0.141681402922, "dvar2": 0.000439772964455, "var": 0.00289210793562, "dmean2": 0.0228025354445, "max": 0.314592063427, "dmean": 0.0141258044168}, "silence_rate_30dB": {"dvar": 0.000510625424795, "mean": 0.999659478664, "min": 0, "median": 1, "dvar2": 0.00136132270563, "var": 0.0003403891169, "dmean2": 0.00102179835085, "max": 1, "dmean": 0.000510855694301}, "spectral_energyband_high": {"dvar": 5.56373471738e-08, "mean": 0.000514502055012, "min": 6.93485041889e-21, "median": 7.14099733159e-05, "dvar2": 1.1922989529e-07, "var": 5.85694635902e-07, "dmean2": 0.000191179322428, "max": 0.00568336388096, "dmean": 0.000126857194118}, "melbands_flatness_db": {"dvar": 0.000285069196252, "mean": 0.213962882757, "min": 0.0028499844484, "median": 0.208809405565, "dvar2": 0.000718560535461, "var": 0.00551560753956, "dmean2": 0.0297661814839, "max": 0.439192265272, "dmean": 0.018379997462}, "barkbands": {"dvar": [1.59022292223e-07, 3.02574280795e-05, 9.05826527742e-06, 1.17231820695e-06, 4.86478347739e-06, 1.40730355724e-06, 1.73673777226e-06, 2.07223320103e-06, 7.09187929715e-07, 9.83157860901e-07, 2.06698487659e-07, 9.08446082803e-08, 1.71692860818e-07, 3.48508670811e-08, 4.00259239086e-08, 4.86584497139e-07, 9.78554908215e-07, 8.376723315e-08, 1.5938269371e-07, 3.44231985139e-08, 1.37975275649e-08, 2.77421552397e-09, 2.01785899101e-09, 1.77864845075e-09, 1.96036881173e-10, 1.08560565051e-11, 2.96034979299e-13], "mean": [0.000220575369895, 0.00351476622745, 0.0019167374121, 0.000889317365363, 0.00169259868562, 0.00119295157492, 0.000935011834372, 0.00124127208255, 0.000717669492587, 0.000645283260383, 0.000387635169318, 0.00029713587719, 0.000363036553608, 0.000159587609232, 0.000241422909312, 0.000630206370261, 0.000861982523929, 0.000322445906932, 0.000457832531538, 0.000270067685051, 0.000178161048098, 6.36012919131e-05, 6.10309143667e-05, 4.34792855231e-05, 1.61607986229e-05, 3.49191827809e-06, 6.35108960978e-07], "min": [8.53491490325e-25, 2.74625200302e-24, 8.72058515021e-25, 5.62212686896e-25, 1.31360258079e-23, 7.30164841821e-24, 7.88124740224e-24, 9.44338605436e-24, 2.55483648208e-23, 2.88404643941e-23, 1.82622814172e-23, 2.29420520093e-23, 4.80660648834e-23, 3.52190990104e-23, 4.21722957338e-23, 6.81018886312e-23, 6.13129390591e-23, 1.19456335975e-22, 1.02243397334e-22, 1.47684442358e-22, 2.53936420605e-22, 3.59632523282e-22, 4.03530676282e-22, 6.52636112704e-22, 8.80155916622e-22, 1.20603710812e-21, 2.19180708588e-21], "median": [3.82296129828e-05, 0.000642015482299, 0.000493702536914, 0.000325045344653, 0.00059509195853, 0.000500623893458, 0.000365319720004, 0.00035461797961, 0.00023154343944, 0.000124783735373, 0.000127977924421, 0.000121346929518, 0.000153705477715, 4.32361412095e-05, 8.98268917808e-05, 0.000139336101711, 8.44618407427e-05, 8.99911683518e-05, 5.92297656112e-05, 3.00284336845e-05, 1.55600682774e-05, 1.00364322861e-05, 1.15682541946e-05, 2.64782283921e-06, 8.52412711083e-07, 1.51289270889e-07, 2.042771996e-07], "dvar2": [4.14410919802e-07, 8.10406781966e-05, 2.6136462111e-05, 3.24033771903e-06, 1.31814422275e-05, 3.45520925293e-06, 4.52920221505e-06, 5.13801478519e-06, 1.84242810519e-06, 2.55719328379e-06, 5.09272581439e-07, 2.6205069048e-07, 4.86848762193e-07, 9.96200810732e-08, 1.12775936145e-07, 1.38635823532e-06, 2.48926789936e-06, 2.28423459703e-07, 4.4647043751e-07, 9.44750766507e-08, 3.5899070383e-08, 6.62774057858e-09, 4.36460645403e-09, 3.32126215419e-09, 3.60544649691e-10, 1.86567341437e-11, 5.29273510869e-13], "var": [2.38187240598e-07, 4.40136354882e-05, 1.24799116747e-05, 2.16144348997e-06, 7.6679061749e-06, 3.42336488757e-06, 3.34540277436e-06, 5.31431305717e-06, 1.71429053353e-06, 2.89710851575e-06, 5.33915738288e-07, 2.1276615314e-07, 3.75599768176e-07, 9.50782848008e-08, 1.1071799122e-07, 1.03666116047e-06, 2.11063775168e-06, 2.34139534427e-07, 4.60621635057e-07, 1.50407075239e-07, 7.380709377e-08, 1.40573002128e-08, 1.15690861335e-08, 1.21833707567e-08, 1.21473131554e-09, 5.42216688215e-11, 1.25513098179e-12], "dmean2": [0.000291985139484, 0.0039593805559, 0.00196427898481, 0.000983283156529, 0.00171449873596, 0.000991928740405, 0.000864678469952, 0.000989343505353, 0.000587300746702, 0.000504357856698, 0.000342382321833, 0.000275055412203, 0.000332556373905, 0.000134430345497, 0.00019503585645, 0.000567630515434, 0.000789260491729, 0.000249842443736, 0.000347011024132, 0.000164278026205, 9.66258303379e-05, 3.40792576026e-05, 3.04240347759e-05, 1.94165713765e-05, 6.99724159858e-06, 1.48328138039e-06, 2.33234288771e-07], "max": [0.00849709194154, 0.0821582004428, 0.080908857286, 0.0257745329291, 0.0516631342471, 0.0335296578705, 0.0366127230227, 0.0287205129862, 0.0188271552324, 0.0239495187998, 0.0109620466828, 0.00590289384127, 0.00935909803957, 0.00498650316149, 0.00296279508621, 0.0112129654735, 0.01648250781, 0.00391681632027, 0.00640216516331, 0.00381542695686, 0.00258349766955, 0.00154469383415, 0.00123642454855, 0.0021545200143, 0.000605086912401, 0.000121251032397, 1.45025978782e-05], "dmean": [0.000168358907104, 0.00237061991356, 0.00110778643284, 0.000563411565963, 0.00102103687823, 0.000631487288047, 0.00054104719311, 0.000626785506029, 0.000372697220882, 0.00032236368861, 0.000212570244912, 0.000162312455359, 0.000200469687115, 8.00432317192e-05, 0.000115536742669, 0.000343183084624, 0.000483785290271, 0.000152575725224, 0.000209074685699, 9.96279486571e-05, 5.98318838456e-05, 2.17741344386e-05, 1.98405032279e-05, 1.35655818667e-05, 4.9177810979e-06, 1.06362210772e-06, 1.69177170051e-07]}, "erbbands_spread": {"dvar": 22.2701435089, "mean": 31.6374568939, "min": 2.92016458511, "median": 31.5870952606, "dvar2": 56.3893737793, "var": 189.041625977, "dmean2": 7.73315763474, "max": 112.566268921, "dmean": 4.84363460541}, "barkbands_kurtosis": {"dvar": 5.42846012115, "mean": 1.88112413883, "min": -1.83133351803, "median": 0.694035172462, "dvar2": 17.1612491608, "var": 16.4001541138, "dmean2": 2.19256877899, "max": 72.925994873, "dmean": 1.32159781456}, "spectral_flux": {"dvar": 0.000232602498727, "mean": 0.0546639449894, "min": 6.44585981813e-11, "median": 0.0436828583479, "dvar2": 0.000559135514777, "var": 0.00190291530453, "dmean2": 0.0176261253655, "max": 0.321022748947, "dmean": 0.0108523229137}, "silence_rate_20dB": {"dvar": 0, "mean": 1, "min": 1, "median": 1, "dvar2": 0, "var": 0, "dmean2": 0, "max": 1, "dmean": 0}, "gfcc": {"cov": [[24597.1484375, -1325.08203125, -2615.91162109, 2863.38110352, -558.013305664, 719.205932617, -549.88092041, 886.132995605, -256.113098145, -86.3870544434, -398.452484131, -149.456756592, 37.1647224426], [-1325.08203125, 1545.18823242, -66.0989685059, -460.886199951, 261.410827637, -291.294708252, 155.048614502, -207.573120117, 159.481933594, -42.0709991455, 121.569625854, -54.1784477234, -71.3315124512], [-2615.91162109, -66.0989685059, 826.831359863, -200.701889038, 80.5951461792, 79.472366333, 51.2294120789, -59.3645210266, 29.7609348297, 80.0885238647, 58.8003768921, 96.0299301147, -15.3589057922], [2863.38110352, -460.886199951, -200.701889038, 779.272033691, 61.3861923218, 157.987762451, -46.1515579224, 181.268951416, -16.7054615021, 3.6975903511, -31.7993850708, 4.61356878281, 55.3627281189], [-558.013305664, 261.410827637, 80.5951461792, 61.3861923218, 391.184112549, -66.8825759888, 76.5373077393, 11.7078666687, 36.5253791809, 27.9608707428, 18.0115375519, 30.1421718597, 6.87361526489], [719.205932617, -291.294708252, 79.472366333, 157.987762451, -66.8825759888, 250.489440918, -1.40953612328, 43.8192672729, -36.8288726807, 5.93166351318, -23.7533607483, 8.38386535645, 14.4776086807], [-549.88092041, 155.048614502, 51.2294120789, -46.1515579224, 76.5373077393, -1.40953612328, 138.531433105, -14.1193180084, 31.921957016, 2.41469025612, 8.30944252014, 15.985411644, -9.57449913025], [886.132995605, -207.573120117, -59.3645210266, 181.268951416, 11.7078666687, 43.8192672729, -14.1193180084, 164.332687378, -28.1690502167, 29.2127895355, -19.4689273834, -12.0503168106, 38.1946105957], [-256.113098145, 159.481933594, 29.7609348297, -16.7054615021, 36.5253791809, -36.8288726807, 31.921957016, -28.1690502167, 144.232421875, 2.41620135307, 31.5705032349, 23.1324558258, -44.4094543457], [-86.3870544434, -42.0709991455, 80.0885238647, 3.6975903511, 27.9608707428, 5.93166351318, 2.41469025612, 29.2127895355, 2.41620135307, 84.7391967773, 28.5202636719, 3.68231272697, 7.57539129257], [-398.452484131, 121.569625854, 58.8003768921, -31.7993850708, 18.0115375519, -23.7533607483, 8.30944252014, -19.4689273834, 31.5705032349, 28.5202636719, 81.9902038574, 15.8690624237, -9.78195285797], [-149.456756592, -54.1784477234, 96.0299301147, 4.61356878281, 30.1421718597, 8.38386535645, 15.985411644, -12.0503168106, 23.1324558258, 3.68231272697, 15.8690624237, 92.7738952637, 10.6438827515], [37.1647224426, -71.3315124512, -15.3589057922, 55.3627281189, 6.87361526489, 14.4776086807, -9.57449913025, 38.1946105957, -44.4094543457, 7.57539129257, -9.78195285797, 10.6438827515, 93.6756057739]], "mean": [-79.9382858276, 121.677444458, -129.956542969, 29.3889923096, -50.7717208862, -1.40663814545, -28.7527065277, 5.30108165741, -13.4492483139, -3.9994468689, -8.21363830566, -1.26674628258, -10.2354202271], "icov": [[0.000273508834653, -0.000586501206271, 0.000670137233101, -0.000878931663465, 0.000577669357881, -0.0006224878598, 0.000849734293297, -0.000735746929422, 0.000556881364901, -0.0010442242492, 0.0013659192482, -0.00138982769568, 0.00116387032904], [-0.000586501206271, 0.003071393352, -0.00108278542757, 0.00262918975204, -0.00238679815084, 0.00191671040375, -0.002885380527, 0.00259030167945, -0.00233913562261, 0.00359839759767, -0.00531314592808, 0.00498573668301, -0.00315332738683], [0.000670137233101, -0.00108278542757, 0.00364250037819, -0.00132839125581, 0.000710910011549, -0.00260238279589, 0.00193140527699, -0.00125199649483, 0.00115483254194, -0.00384951313026, 0.00248386128806, -0.0046520633623, 0.00299659231678], [-0.000878931663465, 0.00262918975204, -0.00132839125581, 0.00551994424313, -0.0031751957722, 0.000548847252503, -0.00217161886394, 0.000800918787718, -0.00291706109419, 0.00439133681357, -0.00564802763984, 0.00470323953778, -0.00439193332568], [0.000577669357881, -0.00238679815084, 0.000710910011549, -0.0031751957722, 0.00549512729049, -1.09964157673e-05, 0.000470111699542, -0.00210610916838, 0.0018270665314, -0.0039018120151, 0.00470454664901, -0.00458913343027, 0.00264612096362], [-0.0006224878598, 0.00191671040375, -0.00260238279589, 0.000548847252503, -1.09964157673e-05, 0.00781967863441, -0.00360948126763, 0.0018583725905, -0.000275918195257, 0.00257176510058, -0.00248459377326, 0.0036087653134, -0.00238721072674], [0.000849734293297, -0.002885380527, 0.00193140527699, -0.00217161886394, 0.000470111699542, -0.00360948126763, 0.0123019004241, -0.00311113474891, 0.000700926466379, -0.00348898139782, 0.00563143147156, -0.00601624697447, 