{"tonal": {"chords_key": "E", "hpcp_entropy": {"dmean": 0.645608663559, "dmean2": 1.08226621151, "max": 4.33339071274, "dvar": 0.296751558781, "mean": 1.9716604948, "dvar2": 0.796359419823, "min": 0, "var": 0.671126961708, "median": 1.97179389}, "key_key": "A", "chords_strength": {"dmean": 0.0114285200834, "dmean2": 0.0124236317351, "max": 0.72069221735, "dvar": 0.000389168591937, "mean": 0.442981690168, "dvar2": 0.000707659404725, "min": -1, "var": 0.0157394278795, "median": 0.443974554539}, "key_scale": "minor", "chords_number_rate": 0.00161498703528, "thpcp": [1, 0.5235273242, 0.144335657358, 0.219664528966, 0.256874114275, 0.293494552374, 0.557264447212, 0.607311010361, 0.325836360455, 0.213459312916, 0.214622735977, 0.314441859722, 0.610372364521, 0.650875151157, 0.375408828259, 0.212900549173, 0.176650762558, 0.225934281945, 0.4226141572, 0.476493626833, 0.279888600111, 0.202605620027, 0.186673730612, 0.139215260744, 0.156357362866, 0.185566559434, 0.195639535785, 0.347832888365, 0.465407401323, 0.328183114529, 0.191110149026, 0.151438996196, 0.250299364328, 0.620472669601, 0.79247123003, 0.888405442238], "key_strength": 0.619530856609, "tuning_nontempered_energy_ratio": 0.860510110855, "tuning_frequency": 434.193115234, "chords_changes_rate": 0.0776808783412, "tuning_diatonic_strength": 0.451011687517, "chords_scale": "minor", "chords_histogram": [3.63372087479, 2.69702839851, 32.2189941406, 8.70478057861, 0.436046510935, 3.24612402916, 0.0484496131539, 13.3236436844, 0.403746783733, 6.50839805603, 0, 0.387596905231, 0, 0, 0.177648574114, 0.339147299528, 0.0322997421026, 0, 0.290697664022, 0, 0.403746783733, 1.58268737793, 17.6518096924, 7.91343688965], "tuning_equal_tempered_deviation": 0.195549339056, "hpcp": {"dmean": [0.149316266179, 0.15118059516, 0.122930690646, 0.0987928062677, 0.085219502449, 0.0892143845558, 0.116105906665, 0.124378524721, 0.0886633470654, 0.0707000717521, 0.0602922365069, 0.0502477921546, 0.0519268736243, 0.060621868819, 0.0684596374631, 0.0956471189857, 0.112813279033, 0.0973571464419, 0.0733257681131, 0.0646084398031, 0.0952001959085, 0.158694833517, 0.170267537236, 0.194373399019, 0.232534751296, 0.131752416492, 0.0629098638892, 0.0800090283155, 0.0891100242734, 0.101946093142, 0.145459234715, 0.157761707902, 0.112363986671, 0.0868192836642, 0.0890165045857, 0.108792625368], "dmean2": [0.254984468222, 0.253869473934, 0.217675939202, 0.181053623557, 0.155896097422, 0.158287167549, 0.195337444544, 0.208128064871, 0.151877865195, 0.123002268374, 0.102308765054, 0.0883374214172, 0.0898308455944, 0.104036614299, 0.118446581066, 0.162335947156, 0.189131915569, 0.167488440871, 0.128977134824, 0.114065624774, 0.167201533914, 0.268637448549, 0.285356462002, 0.32910361886, 0.398418366909, 0.224463447928, 0.112730674446, 0.140836402774, 0.156215265393, 0.178524404764, 0.244702070951, 0.264312505722, 0.196401298046, 0.155494078994, 0.161235690117, 0.193475604057], "max": [1, 1, 1, 1, 1, 1, 1, 1, 1, 1, 1, 1, 1, 1, 1, 1, 1, 1, 1, 1, 1, 1, 1, 1, 1, 1, 1, 1, 1, 1, 1, 1, 1, 1, 1, 1], "dvar": [0.0557552091777, 0.0494675710797, 0.0462012588978, 0.043330732733, 0.0367381051183, 0.0328175537288, 0.0336138047278, 0.0357833281159, 0.0237966869026, 0.0267978794873, 0.0215648319572, 0.0149666713551, 0.0141243012622, 0.0184362791479, 0.0192238837481, 0.0266141649336, 0.0328024961054, 0.0278989095241, 0.0241832993925, 0.0222213063389, 0.0286022536457, 0.0455732233822, 0.0476725772023, 0.0416161082685, 0.0788219943643, 0.0285736415535, 0.0215728189796, 0.0268224701285, 0.0284467115998, 0.0325071513653, 0.0515844672918, 0.0547816157341, 0.0368909500539, 0.031025134027, 0.032555539161, 0.0397310853004], "mean": [0.217594102025, 0.232033103704, 0.133831009269, 0.0758977755904, 0.0629749447107, 0.0805442258716, 0.150659427047, 0.169867143035, 0.0997786149383, 0.0722276940942, 0.0665480718017, 0.0496294088662, 0.055740468204, 0.066153369844, 0.0697443261743, 0.124000355601, 0.165914967656, 0.116995319724, 0.0681296288967, 0.0539871007204, 0.0892302319407, 0.221194818616, 0.282511264086, 0.316711246967, 0.356494039297, 0.186634376645, 0.0514548011124, 0.078309096396, 0.091574087739, 0.104629062116, 0.198661446571, 0.21650275588, 0.116158716381, 0.0760969743133, 0.0765117257833, 0.112096652389], "dvar2": [0.130379274487, 0.118091754615, 0.122957251966, 0.121616385877, 0.101806983352, 0.08751822263, 0.0828818082809, 0.0882814303041, 0.0613672062755, 0.0662389472127, 0.0517838522792, 0.0405512414873, 0.0360560342669, 0.0460076406598, 0.0510005913675, 0.0675413832068, 0.077491350472, 0.0718871057034, 0.0636300370097, 0.0591654293239, 0.0750139802694, 0.114870518446, 0.112390056252, 0.101402103901, 0.1673540622, 0.0684673935175, 0.0589524284005, 0.0710552483797, 0.0759147256613, 0.0880589857697, 0.117781072855, 0.126711905003, 0.0979655086994, 0.0863920003176, 0.0909213870764, 0.107028596103], "min": [0, 0, 0, 0, 0, 0, 0, 0, 0, 0, 0, 0, 0, 0, 0, 0, 0, 0, 0, 0, 0, 0, 0, 0, 0, 0, 0, 0, 0, 0, 0, 0, 0, 0, 0, 0], "var": [0.10276055336, 0.103032656014, 0.0534551441669, 0.0332799889147, 0.0272628627717, 0.0313797742128, 0.050604801625, 0.0615482628345, 0.0295029040426, 0.0305203832686, 0.0280803125352, 0.0135863600299, 0.0152149302885, 0.0240260716528, 0.0191993173212, 0.0413976460695, 0.0681794881821, 0.039659217, 0.0240997765213, 0.0189478192478, 0.0306762140244, 0.0808457732201, 0.111282847822, 0.0790711641312, 0.134218603373, 0.0415690205991, 0.0162965077907, 0.0263546388596, 0.0322768464684, 0.0345107167959, 0.0913564711809, 0.0984010025859, 0.0414824187756, 0.0253849793226, 0.0269642490894, 0.0421107038856], "median": [0.0388084501028, 0.0529140233994, 0.0320757552981, 0.0100932894275, 0.0075735906139, 0.0165539644659, 0.0520111620426, 0.0581586286426, 0.0315117314458, 0.0115561876446, 0.0102350302041, 0.0122338589281, 0.0149501264095, 0.0150982029736, 0.0192893780768, 0.036643229425, 0.0461528226733, 0.0332469902933, 0.0164740122855, 0.0106338728219, 0.0208273734897, 0.0857138410211, 0.122125998139, 0.236011326313, 0.1960619241, 0.0970706641674, 0.00967994518578, 0.019978383556, 0.0249421540648, 0.0277594644576, 0.0407848134637, 0.044848266989, 0.0300483275205, 0.0197930447757, 0.0189152769744, 0.0213891714811]}}, "lowlevel": {"melbands_flatness_db": {"dmean": 0.0244686324149, "dmean2": 0.0365270040929, "max": 0.438689351082, "dvar": 0.000547314877622, "mean": 0.193155556917, "dvar2": 0.00122874323279, "min": 0.00444321660325, "var": 0.00290748872794, "median": 0.193509951234}, "melbands_crest": {"dmean": 3.68607735634, "dmean2": 5.83142662048, "max": 37.334526062, "dvar": 11.1956233978, "mean": 15.9537305832, "dvar2": 26.6520595551, "min": 1.78009951115, "var": 34.456741333, "median": 15.0050449371}, "spectral_entropy": {"dmean": 0.163640037179, "dmean2": 0.229737311602, "max": 9.78698730469, "dvar": 0.0254679340869, "mean": 7.71164941788, "dvar2": 0.0480429194868, "min": 5.91970396042, "var": 0.207892403007, "median": 7.75022983551}, "melbands": {"dmean": [0.00201152870432, 0.00129260786343, 0.000497615663335, 0.000629698275588, 0.00031524465885, 0.000353560084477, 0.000353434646968, 0.000219800916966, 0.000264567730483, 0.000289423129288, 0.000133124864078, 5.26415497006e-05, 4.99105881318e-05, 2.70647160505e-05, 2.08406854654e-05, 1.40374322655e-05, 2.18837194552e-05, 1.73363478098e-05, 1.40561551234e-05, 1.9905884983e-05, 2.2752694349e-05, 9.5449595392e-06, 1.10812488856e-05, 1.10912433229e-05, 4.79269783682e-06, 5.27378597326e-06, 2.78071956927e-06, 3.0656412946e-06, 4.25057487519e-06, 4.56917814518e-06, 5.42232555745e-06, 5.50633103558e-06, 3.29563022206e-06, 2.4728333301e-06, 3.17741728395e-06, 4.49358049082e-06, 4.09838003179e-06, 2.61019204117e-06, 2.74151852864e-06, 3.17934654959e-06], "dmean2": [0.00319725717418, 0.0022408333607, 0.000805065501481, 0.000939727004152, 0.000465392251499, 0.000530651537701, 0.000534653605428, 0.000337706180289, 0.000398993463023, 0.000433623150457, 0.000208443001611, 8.29699711176e-05, 8.17984328023e-05, 4.36423288193e-05, 3.3763506508e-05, 2.23767801799e-05, 3.37028541253e-05, 2.76912978734e-05, 2.19694466068e-05, 3.10611503664e-05, 3.46377892129e-05, 1.49777697516e-05, 1.72411801032e-05, 1.73143471329e-05, 7.45546094549e-06, 8.32878959045e-06, 4.43179533249e-06, 4.84172142023e-06, 6.48842842566e-06, 6.8086956162e-06, 8.04137744126e-06, 8.25265942694e-06, 4.7894650379e-06, 3.51731068804e-06, 4.57732085124e-06, 6.46222724754e-06, 5.95717847318e-06, 3.61348679689e-06, 3.74688920601e-06, 4.51498362963e-06], "max": [0.0429606884718, 0.0327706001699, 0.0216443222016, 0.0223364252597, 0.00944854598492, 0.0107767889276, 0.0121064586565, 0.0153027977794, 0.0183642618358, 0.0158344786614, 0.0144770480692, 0.0054555721581, 0.00327142002061, 0.00302308029495, 0.00310728093609, 0.004222354386, 0.00338185578585, 0.00134570559021, 0.00114896253217, 0.00184847495984, 0.00336599163711, 0.00156689994037, 0.00310607906431, 0.000985394697636, 0.000281906250166, 0.000229084093007, 7.49388491386e-05, 0.000118127158203, 0.00028329534689, 0.000496900524013, 0.000581904372666, 0.000403703132179, 0.000265072070761, 0.000217890032218, 0.00050441554049, 0.000641962746158, 0.000433654757217, 0.000298455852317, 0.000414887792431, 0.000419521704316], "dvar": [2.08809960895e-05, 9.30322039494e-06, 7.95528194431e-07, 1.49479990341e-06, 3.06378581172e-07, 4.48964982525e-07, 6.48398099656e-07, 3.32276385961e-07, 5.35227059117e-07, 4.45599255272e-07, 1.65432069821e-07, 2.57495109679e-08, 1.19234249141e-08, 6.28712326645e-09, 5.73417091587e-09, 4.02469346739e-09, 5.18741360978e-09, 1.89544357987e-09, 1.35994282502e-09, 3.45788842004e-09, 6.06001426817e-09, 5.67178248811e-10, 1.61308955082e-09, 9.64353041866e-10, 7.83213077726e-11, 8.25003676486e-11, 1.67192579226e-11, 2.66886651668e-11, 8.55344198247e-11, 2.20455848021e-10, 3.06644459824e-10, 2.29699398391e-10, 8.62686380665e-11, 4.57102203311e-11, 1.30960534084e-10, 3.48797435379e-10, 2.47497300432e-10, 1.13252969502e-10, 1.39972339275e-10, 2.4898402784e-10], "mean": [0.00271361181512, 0.00174121640157, 0.000856186437886, 0.00109805411194, 0.0005485957372, 0.000565471476875, 0.000520305300597, 0.000311120966217, 0.00045154907275, 0.000507021439262, 0.000213961378904, 0.000133505425765, 8.64206958795e-05, 4.80184062326e-05, 3.62933787983e-05, 2.32134898397e-05, 3.63541621482e-05, 2.84496290988e-05, 2.33343398577e-05, 3.01247491734e-05, 3.87651998608e-05, 1.72242471308e-05, 1.89275524463e-05, 1.85572152986e-05, 9.30401984078e-06, 1.00808147181e-05, 5.78227991355e-06, 5.83609244131e-06, 7.97523625806e-06, 8.11569043435e-06, 9.08646234166e-06, 9.40890004131e-06, 5.87808017372e-06, 4.39510540673e-06, 5.58682904739e-06, 7.1773538366e-06, 5.98793258177e-06, 4.2024985305e-06, 4.39071027358e-06, 4.83467420054e-06], "dvar2": [5.10201862198e-05, 2.60810593318e-05, 1.97264398594e-06, 3.07765162688e-06, 6.31034708931e-07, 9.59718931881e-07, 1.43708757605e-06, 7.51027016577e-07, 1.16170838282e-06, 9.57856968853e-07, 4.0804778223e-07, 5.2339149903e-08, 3.2369538161e-08, 1.64850071371e-08, 1.57504445042e-08, 1.09177458185e-08, 1.04343884644e-08, 4.59508919803e-09, 2.95257307492e-09, 7.81615661083e-09, 1.15098925946e-08, 1.16331511091e-09, 3.55005247421e-09, 2.09780703919e-09, 1.75991554663e-10, 1.99242719545e-10, 4.03068065036e-11, 6.25014484612e-11, 1.89243842819e-10, 4.10530859307e-10, 6.14502226881e-10, 4.90122553654e-10, 1.78644765647e-10, 9.10206840454e-11, 2.45801462517e-10, 7.04005964636e-10, 4.92054785806e-10, 2.04158107087e-10, 2.5678201232e-10, 5.15798515011e-10], "min": [9.26128698072e-24, 3.3199881728e-24, 6.86330129015e-24, 8.79192578617e-24, 1.02882355735e-23, 4.80642457701e-24, 5.49954656176e-24, 2.68298989437e-24, 2.71429347281e-24, 6.99947209302e-24, 1.27050703065e-23, 8.52454296007e-24, 5.42343371175e-24, 1.14669262945e-23, 5.69864913778e-24, 5.56768442245e-24, 4.24205731377e-24, 7.39630699367e-24, 6.90019947013e-24, 1.43496906772e-23, 5.62029631723e-24, 7.1095868202e-24, 9.26565411469e-24, 6.3095962709e-24, 9.52429872855e-24, 1.15332134875e-23, 8.57563038115e-24, 8.76547528002e-24, 1.09424150452e-23, 6.82001570342e-24, 8.77020607887e-24, 5.91698611482e-24, 9.6489221855e-24, 7.69959245729e-24, 8.77777756583e-24, 8.35759001581e-24, 8.01677370576e-24, 9.24939884688e-24, 7.87681637054e-24, 8.57996832727e-24], "var": [2.22633116209e-05, 7.84892927186e-06, 1.54545648456e-06, 4.45492150902e-06, 8.09533332813e-07, 1.02271121705e-06, 1.26261375044e-06, 6.32347735063e-07, 1.4690693888e-06, 1.30793955577e-06, 3.71119739384e-07, 2.06573716355e-07, 2.89153838651e-08, 1.57088564379e-08, 1.14930127637e-08, 6.91240664707e-09, 1.2881550937e-08, 3.75366271399e-09, 3.26636895309e-09, 6.29083141135e-09, 2.06721715301e-08, 1.63911140216e-09, 4.87587659137e-09, 1.89543691853e-09, 1.71592628995e-10, 1.71583136588e-10, 3.80813644507e-11, 5.07342952372e-11, 1.74462291835e-10, 4.15546375088e-10, 5.3894066987e-10, 4.18683643311e-10, 1.86359164212e-10, 1.07035665053e-10, 2.92820212522e-10, 6.51361131698e-10, 4.74194294942e-10, 2.68462196917e-10, 3.44429734733e-10, 5.01501173922e-10], "median": [0.00115622091107, 0.000617106095888, 0.00048381491797, 0.000225179435802, 0.000204380427022, 0.000150248102727, 9.11136958166e-05, 6.77559146425e-05, 9.05646302272e-05, 0.000113742658868, 5.95201418037e-05, 3.26567678712e-05, 3.09783827106e-05, 1.7342656065e-05, 1.49843672261e-05, 1.10751989268e-05, 1.38792256621e-05, 1.10545242933e-05, 8.51188178785e-06, 1.02582162071e-05, 1.07147234303e-05, 8.16652573121e-06, 7.1987587944e-06, 7.23653147361e-06, 5.76626962356e-06, 5.9333315221e-06, 4.03550984629e-06, 3.76750176656e-06, 4.29654573963e-06, 3.8111570575e-06, 3.72173644791e-06, 4.26714905188e-06, 2.29410670727e-06, 1.46261686496e-06, 1.80777215064e-06, 1.81904624696e-06, 1.12247448669e-06, 6.71245459216e-07, 6.9709528816e-07, 6.55392796034e-07]}, "silence_rate_60dB": {"dmean": 0.0113076483831, "dmean2": 0.0226171240211, "max": 1, "dvar": 0.0111805330962, "mean": 0.0558068156242, "dvar2": 0.0261444728822, "min": 0, "var": 0.0526913069189, "median": 0}, "spectral_energyband_middle_high": {"dmean": 0.00146207096986, "dmean2": 0.00223711156286, "max": 0.0579559542239, "dvar": 5.70764859731e-06, "mean": 0.00450046360493, "dvar2": 1.32242957989e-05, "min": 1.48545754774e-21, "var": 2.85284695565e-05, "median": 0.00271316850558}, "erbbands_skewness": {"dmean": 0.443607836962, "dmean2": 0.630527317524, "max": 5.75516605377, "dvar": 0.181000366807, "mean": 0.674018204212, "dvar2": 0.350679814816, "min": -4.1553311348, "var": 1.01325428486, "median": 0.673768043518}, "dynamic_complexity": 2.81026744843, "dissonance": {"dmean": 0.0206583328545, "dmean2": 0.0344388708472, "max": 0.499999403954, "dvar": 0.000372125126887, "mean": 0.459026843309, "dvar2": 0.00101635279134, "min": 0.250451058149, "var": 0.000886634341441, "median": 0.46532201767}, "spectral_skewness": {"dmean": 0.168128058314, "dmean2": 0.252563327551, "max": 5.65324449539, "dvar": 0.0282767675817, "mean": 1.40920841694, "dvar2": 0.0633150339127, "min": -0.272513568401, "var": 0.199449762702, "median": 1.3801240921}, "spectral_kurtosis": {"dmean": 0.98568624258, "dmean2": 1.60912287235, "max": 52.9522857666, "dvar": 2.28049516678, "mean": 3.28754377365, "dvar2": 6.51438951492, "min": -1.40430402756, "var": 8.95929718018, "median": 2.74830174446}, "gfcc": {"cov": [[15298.8779297, -192.743759155, 482.540435791, 996.204589844, -265.247802734, 890.563110352, -255.360992432, 746.018310547, -18.9493408203, 325.750457764, -414.833465576, 336.471984863, 38.8780174255], [-192.743759155, 1386.71789551, -490.326538086, -133.953643799, -45.5402297974, -248.278930664, 31.7852249146, -219.310897827, -46.5986747742, -134.043273926, 22.5022258759, -172.687973022, -48.4649009705], [482.540435791, -490.326538086, 990.985839844, 282.656524658, 136.368988037, 157.522537231, -38.380607605, 100.981132507, 14.8527460098, 113.894989014, -11.1773815155, 79.7423477173, -47.6781196594], [996.204589844, -133.953643799, 282.656524658, 448.205566406, 166.982345581, 160.502120972, 61.8572120667, 83.3977127075, 21.6730976105, 38.2645950317, -25.594329834, 52.0405273438, -4.07105731964], [-265.247802734, -45.5402297974, 136.368988037, 166.982345581, 353.257720947, 124.017791748, 181.990493774, 62.0613174438, 14.3170289993, 20.0101318359, -6.04734325409, 40.7430000305, -13.2435941696], [890.563110352, -248.278930664, 157.522537231, 160.502120972, 124.017791748, 280.472686768, 130.510848999, 114.163032532, 1.3794605732, 47.3051490784, -26.6590213776, 37.9218902588, 4.60102128983], [-255.360992432, 31.7852249146, -38.380607605, 61.8572120667, 181.990493774, 130.510848999, 363.011138916, 80.2689971924, 17.4004573822, 28.789018631, -4.38875579834, 17.6146621704, -11.4574079514], [746.018310547, -219.310897827, 100.981132507, 83.3977127075, 62.0613174438, 114.163032532, 80.2689971924, 211.612747192, 62.7642097473, 60.8615264893, -36.7296218872, 61.1094932556, 12.6078557968], [-18.9493408203, -46.5986747742, 14.8527460098, 21.6730976105, 14.3170289993, 1.3794605732, 17.4004573822, 62.7642097473, 140.797012329, 59.1954841614, 10.0332946777, -3.87441968918, -1.60557770729], [325.750457764, -134.043273926, 113.894989014, 38.2645950317, 20.0101318359, 47.3051490784, 28.789018631, 60.8615264893, 59.1954841614, 128.355743408, 30.0515060425, 45.1739997864, -9.57320594788], [-414.833465576, 22.5022258759, -11.1773815155, -25.594329834, -6.04734325409, -26.6590213776, -4.38875579834, -36.7296218872, 10.0332946777, 30.0515060425, 124.79234314, 23.5219306946, 10.6458358765], [336.471984863, -172.687973022, 79.7423477173, 52.0405273438, 40.7430000305, 37.9218902588, 17.6146621704, 61.1094932556, -3.87441968918, 45.1739997864, 23.5219306946, 143.352020264, 49.4987068176], [38.8780174255, -48.4649009705, -47.6781196594, -4.07105731964, -13.2435941696, 4.60102128983, -11.4574079514, 12.6078557968, -1.60557770729, -9.57320594788, 10.6458358765, 49.4987068176, 90.7760162354]], "mean": [14.4004325867, 67.7807922363, -103.319953918, 30.1659011841, -64.8688049316, 14.6986160278, -35.0744132996, 15.0786180496, -22.1577701569, 7.28983974457, -21.9964008331, 6.3295674324, -10.5784835815], "icov": [[0.000204939671676, -0.000295672303764, 9.50762841967e-05, -0.00033928884659, 0.000454446737422, -0.000765706470702, 0.000469581165817, -0.000536620966159, 0.000281219807221, -0.000522258575074, 0.000573635392357, -0.000509488221724, 0.000188439531485], [-0.000295672303764, 0.00167146068998, 0.000289452844299, 0.000130082742544, -0.000804963230621, 0.00206858851016, -0.00112559972331, 0.0012563187629, -0.000178807415068, 0.000952349335421, -0.00102282257285, 0.0016645725118, -5.24051247339e-05], [9.50762841967e-05, 0.000289452844299, 0.00174371933099, -0.000905325636268, -0.000233680708334, -0.000420832104282, 0.000834578473587, -0.000268968113232, 0.000597515667323, -0.00120654050261, 0.000297964463243, -0.000384994491469, 0.00117731315549], [-0.00033928884659, 0.000130082742544, -0.000905325636268, 0.00420198589563, -0.00178015069105, -0.000398132775445, -0.000279854313703, 0.000912364514079, -0.00126333290245, 0.00130633579101, -0.000456645939266, -9.5633782621e-05, -0.000252742407611], [0.000454446737422, -0.000804963230621, -0.000233680708334, -0.00178015069105, 0.00589650729671, -0.00238493573852, -0.00107463565655, -0.000798711087555, -0.000193093903363, 0.000155965535669, 0.00111279939301, -0.00255468813702, 0.00140502664726], [-0.000765706470702, 0.00206858851016, -0.000420832104282, -0.000398132775445, -0.00238493573852, 0.0103501714766, -0.00354431034066, -0.000262019428192, 0.00153098604642, 0.000190511258552, -0.00192114070524, 0.0041743805632, -0.00209379289299], [0.000469581165817, -0.00112559972331, 0.000834578473587, -0.000279854313703, -0.00107463565655, -0.00354431034066, 0.00586581462994, -0.00234542787075, 0.000788403791375, -0.00183522608131, 0.001007430139, -0.0012413864024, 0.00109186943155], [-0.000536620966159, 0.0012563187629, -0.000268968113232, 0.000912364514079, -0.000798711087555, -0.000262019428192, -0.00234542787075, 0.0111854048446, -0.0048326482065, 0.000598868820816, 0.00193685968406, -0.00215020519681, -0.000229591969401], [0.000281219807221, -0.000178807415068, 0.000597515667323, -0.00126333290245, -0.000193093903363, 0.00153098604642, 0.000788403791375, -0.0048326482065, 0.0121261673048, -0.00652530277148, -0.000302456726786, 0.0039484272711, -0.00188500760123], [-0.000522258575074, 0.000952349335421, -0.00120654050261, 0.00130633579101, 0.000155965535669, 0.000190511258552, -0.00183522608131, 0.000598868820816, -0.00652530277148, 0.0164641868323, -0.00470304396003, -0.00350817036815, 0.00394068844616], [0.000573635392357, -0.00102282257285, 0.000297964463243, -0.000456645939266, 0.00111279939301, -0.00192114070524, 0.001007430139, 0.00193685968406, -0.000302456726786, -0.00470304396003, 0.0121802743524, -0.00370659399778, -0.000446508987807], [-0.000509488221724, 0.0016645725118, -0.000384994491469, -9.5633782621e-05, -0.00255468813702, 0.0041743805632, -0.0012413864024, -0.00215020519681, 0.0039484272711, -0.00350817036815, -0.00370659399778, 0.0156859401613, -0.00796065013856], [0.000188439531485, -5.24051247339e-05, 0.00117731315549, -0.000252742407611, 0.00140502664726, -0.00209379289299, 0.00109186943155, -0.000229591969401, -0.00188500760123, 0.00394068844616, -0.000446508987807, -0.00796065013856, 0.0167706944048]]}, "spectral_complexity": {"dmean": 3.7118165493, "dmean2": 5.64749574661, "max": 56, "dvar": 16.9116783142, "mean": 17.9840888977, "dvar2": 35.5082054138, "min": 0, "var": 74.2978897095, "median": 17}, "spectral_flux": {"dmean": 0.0313511937857, "dmean2": 0.0477553904057, "max": 0.349264651537, "dvar": 0.00136134610511, "mean": 0.0983694046736, "dvar2": 0.00267409626395, "min": 1.03947503383e-10, "var": 0.00331721967086, "median": 0.0881885066628}, "spectral_energyband_low": {"dmean": 0.00844343192875, "dmean2": 0.0131332399324, "max": 0.158130347729, "dvar": 0.000284550798824, "mean": 0.0137143051252, "dvar2": 0.000669623957947, "min": 3.96198857879e-23, "var": 0.000355835247319, "median": 0.00819106586277}, "spectral_decrease": {"dmean": 3.43121353552e-09, "dmean2": 5.17897191799e-09, "max": 1.40041452712e-16, "dvar": 2.35727184726e-17, "mean": -8.97344154538e-09, "dvar2": 5.38083370746e-17, "min": -4.7206224707e-08, "var": 4.58468196317e-17, "median": -7.82302844726e-09}, "barkbands_spread": {"dmean": 7.11758756638, "dmean2": 10.8217811584, "max": 136.931304932, "dvar": 90.6131362915, "mean": 26.0670223236, "dvar2": 196.186813354, "min": 1.49792480469, "var": 356.792633057, "median": 21.6449146271}, "spectral_rms": {"dmean": 0.001010755077, "dmean2": 0.00148463936057, "max": 0.0133330980316, "dvar": 1.37789891141e-06, "mean": 0.00556558463722, "dvar2": 2.99281123262e-06, "min": 3.15334433912e-12, "var": 4.98001099913e-06, "median": 0.00565314898267}, "spectral_centroid": {"dmean": 276.034179688, "dmean2": 391.971496582, "max": 11375.1523438, "dvar": 136948.1875, "mean": 1403.40124512, "dvar2": 220859.09375, "min": 261.310241699, "var": 678063.5625, "median": 1210.85644531}, "barkbands_skewness": {"dmean": 0.554437816143, "dmean2": 0.805003523827, "max": 9.40054893494, "dvar": 0.343888670206, "mean": 1.61907720566, "dvar2": 0.721596717834, "min": -4.87445068359, "var": 1.40420842171, "median": 1.59824156761}, "spectral_rolloff": {"dmean": 550.549377441, "dmean2": 886.852600098, "max": 20370.4101562, "dvar": 1520520, "mean": 1623.8939209, "dvar2": 2725605, "min": 21.533203125, "var": 6332374.5, "median": 775.1953125}, "erbbands_spread": {"dmean": 9.95857143402, "dmean2": 14.8292722702, "max": 142.50944519, "dvar": 109.276443481, "mean": 42.3221321106, "dvar2": 241.356506348, "min": 3.02399682999, "var": 438.597412109, "median": 39.2578125}, "barkbands": {"dmean": [0.00237107253633, 0.0060053258203, 0.00206352118403, 0.000925588479731, 0.00249601900578, 0.00177969969809, 0.00173590448685, 0.00103531382047, 0.00193481019232, 0.000665246974677, 0.000345394160831, 0.000249254895607, 0.00013709923951, 0.000243223897996, 0.000187233512406, 0.000333635805873, 0.000178642512765, 0.000217403008719, 0.000118188872875, 9.07074208953e-05, 0.000190765349544, 0.000200580834644, 0.00018381816335, 0.000265065202257, 0.000253865699051, 0.000143728204421, 1.11003491838e-05], "dmean2": [0.00405966257676, 0.00973098538816, 0.00359838875011, 0.00148768874351, 0.00373286264949, 0.00265204370953, 0.00264261243865, 0.00158847228158, 0.00289724185131, 0.00104312528856, 0.000566365895793, 0.000403195939725, 0.000221071502892, 0.000381757330615, 0.000297456659609, 0.000513148785103, 0.00028223276604, 0.000335759134032, 0.000183881769772, 0.000141172422445, 0.000279085157672, 0.000286864553345, 0.000252934987657, 0.000363813771401, 0.000341212318745, 0.000203554373002, 1.76719695446e-05], "max": [0.0800802707672, 0.141829237342, 0.0713135823607, 0.0589448586106, 0.0813700854778, 0.0528539717197, 0.0679728463292, 0.0852841064334, 0.10397811234, 0.0636734366417, 0.0206405222416, 0.0299938470125, 0.03891563043, 0.0275461953133, 0.0109411645681, 0.0337614789605, 0.0399310290813, 0.0387222729623, 0.0053579211235, 0.00448610121384, 0.019450891763, 0.0121537698433, 0.0268254820257, 0.0276020932943, 0.0370870344341, 0.0253181792796, 0.000754695385695], "dvar": [1.95272732526e-05, 0.000198638808797, 2.48160831688e-05, 3.83802898796e-06, 2.13027797145e-05, 1.10649152703e-05, 1.63961885846e-05, 1.16272985906e-05, 1.82236417459e-05, 4.30742375102e-06, 5.72251281028e-07, 6.90384979407e-07, 3.02436887978e-07, 4.70439687206e-07, 1.99306654736e-07, 1.01848502254e-06, 2.56968633039e-07, 4.88108128138e-07, 3.63762531208e-08, 2.2598394267e-08, 3.45427139337e-07, 2.965950614e-07, 4.08214532399e-07, 1.06722268356e-06, 1.34932327001e-06, 1.7982256395e-07, 7.26641691262e-10], "mean": [0.00294011808001, 0.00771516747773, 0.00299393897876, 0.00143092556391, 0.00439127068967, 0.00290693086572, 0.00251859077252, 0.00155123649165, 0.00337995355949, 0.00127608666662, 0.000572632125113, 0.000438411341747, 0.000218600049266, 0.000406491890317, 0.000305991154164, 0.000532470759936, 0.000320653925883, 0.000381956255296, 0.00024538685102, 0.000185930490261, 0.00035855176975, 0.000377600430511, 0.000338898942573, 0.000425371428719, 0.000419873336796, 0.0002096198441, 1.2103420886e-05], "dvar2": [5.41483095731e-05, 0.000504171999637, 7.12190012564e-05, 9.15093369258e-06, 4.40107978648e-05, 2.33708633459e-05, 3.70586421923e-05, 2.59033240582e-05, 3.89769302274e-05, 1.02971998786e-05, 1.51152210037e-06, 1.87988393918e-06, 8.2957177483e-07, 9.88934402812e-07, 4.59111532791e-07, 2.05321885005e-06, 5.29575459041e-07, 1.03345087155e-06, 8.4968526437e-08, 5.12176576706e-08, 6.40602763724e-07, 5.80384153182e-07, 7.34329773877e-07, 1.94553626898e-06, 2.48639184974e-06, 2.99543472693e-07, 1.75883652087e-09], "min": [1.31045463135e-23, 2.40519982356e-23, 4.33857010679e-24, 9.87702604941e-24, 4.59106381439e-23, 2.80539353617e-23, 2.43076207233e-23, 1.04766116133e-23, 4.62053155573e-23, 7.93570846587e-23, 3.76513212642e-23, 8.72680279409e-23, 3.48604954646e-23, 4.68913500213e-23, 8.68578960008e-23, 1.68686292549e-22, 1.07101612996e-22, 1.37169822638e-22, 2.92211472099e-22, 3.11914163042e-22, 3.99660032432e-22, 4.15608654234e-22, 5.45388692969e-22, 7.11106079102e-22, 1.03650779463e-21, 1.64350054157e-21, 2.31037704512e-21], "var": [2.10610833165e-05, 0.000191448052647, 2.18693094212e-05, 8.58327257447e-06, 6.2984006945e-05, 2.66211154667e-05, 3.1527619285e-05, 2.72307588602e-05, 5.43050591659e-05, 1.39169051181e-05, 1.34292952225e-06, 1.59697276558e-06, 6.09275957686e-07, 1.168211611e-06, 4.37556309407e-07, 2.77499157164e-06, 7.17314151188e-07, 1.173618557e-06, 8.24121073606e-08, 4.74938488537e-08, 6.83203779772e-07, 6.46793296255e-07, 9.67006030805e-07, 2.43359136221e-06, 3.4071281334e-06, 5.6795272485e-07, 9.45687417264e-10], "median": [0.00135831686202, 0.00354203069583, 0.00109389703721, 0.000547679606825, 0.00100064370781, 0.00078133167699, 0.000402482051868, 0.000209654157516, 0.000788828008808, 0.0002898654202, 0.000196560460608, 0.000149342784425, 0.00011120038107, 0.000157445698278, 0.000125913211377, 0.000151251559146, 0.00014713476412, 0.000146855280036, 0.000159702874953, 0.00012566355872, 0.000174141430762, 0.000169578328496, 0.000109028653242, 8.0229860032e-05, 6.82693280396e-05, 5.95649908064e-05, 1.10193502678e-06]}, "melbands_kurtosis": {"dmean": 7.56373548508, "dmean2": 11.643494606, "max": 283.740264893, "dvar": 153.664199829, "mean": 14.6571989059, "dvar2": 366.718383789, "min": -1.86983919144, "var": 295.939788818, "median": 9.51842021942}, "erbbands_crest": {"dmean": 3.31642842293, "dmean2": 5.18767309189, "max": 32.1910514832, "dvar": 9.49757671356, "mean": 11.4869632721, "dvar2": 21.3113708496, "min": 2.20264363289, "var": 35.2648010254, "median": 10.0607700348}, "melbands_skewness": {"dmean": 0.807203233242, "dmean2": 1.18475365639, "max": 14.0956430435, "dvar": 0.757057905197, "mean": 2.67354035378, "dvar2": 1.64685916901, "min": -1.77548277378, "var": 2.62646317482, "median": 2.45101737976}, "spectral_energyband_middle_low": {"dmean": 0.00650369701907, "dmean2": 0.00974736455828, "max": 0.113026894629, "dvar": 5.93700278841e-05, "mean": 0.0166982132941, "dvar2": 0.000132514964207, "min": 2.48708633075e-22, "var": 0.000217398439418, "median": 0.0135016478598}, "spectral_contrast_coeffs": {"dmean": [0.0509690083563, 0.0552531480789, 0.0428286381066, 0.0314310193062, 0.0225841347128, 0.0222006775439], "dmean2": [0.0811929032207, 0.0881582722068, 0.0686272829771, 0.0508000478148, 0.03660620749, 0.0334118492901], "max": [-0.301166564226, -0.345211237669, -0.395720392466, -0.537197947502, -0.494675546885, -0.540715277195], "dvar": [0.00179352622945, 0.00205985689536, 0.00121382751968, 0.000639397243503, 0.000362861639587, 0.000443660188466], "mean": [-0.649684429169, -0.691348433495, -0.731548786163, -0.780810475349, -0.792123019695, -0.749280631542], "dvar2": [0.00432649394497, 0.00493301684037, 0.00301565369591, 0.00162708654534, 0.000882283318788, 0.000931230781134], "min": [-0.9625633955, -0.965513288975, -0.964628756046, -0.958634912968, -0.968819320202, -0.958695948124], "var": [0.0113693196326, 0.00992212351412, 0.0060930759646, 0.00259332056157, 0.001657975954, 0.00233419192955], "median": [-0.664875924587, -0.697189450264, -0.738628268242, -0.786844432354, -0.798154234886, -0.75456392765]}, "spectral_contrast_valleys": {"dmean": [0.406699150801, 0.376443266869, 0.318736612797, 0.282356441021, 0.240755751729, 0.337080478668], "dmean2": [0.639028251171, 0.613778829575, 0.520890712738, 0.445657759905, 0.354182422161, 0.439303487539], "max": [-4.99551868439, -4.81585359573, -5.69481992722, -5.82089805603, -5.6547665596, -6.79622888565], "dvar": [0.166342481971, 0.110421463847, 0.0837678983808, 0.075022213161, 0.0664911791682, 0.15633328259], "mean": [-7.43487977982, -6.87883996964, -7.40704441071, -7.83808135986, -7.52286529541, -9.80877876282], "dvar2": [0.352632731199, 0.26229223609, 0.19208368659, 0.157687187195, 0.117564432323, 0.276540726423], "min": [-27.6354885101, -27.0815601349, -27.4434223175, -27.3162002563, -27.4108161926, -27.3223552704], "var": [2.97412538528, 1.37407553196, 1.50372946262, 1.44560647011, 1.55886745453, 2.28916811943], "median": [-6.99302577972, -6.76072216034, -7.19838142395, -7.65498018265, -7.26642513275, -9.547290802]}, "silence_rate_20dB": {"dmean": 0, "dmean2": 0, "max": 1, "dvar": 0, "mean": 1, "dvar2": 0, "min": 1, "var": 0, "median": 1}, "silence_rate_30dB": {"dmean": 0.0268152821809, "dmean2": 0.0536348931491, "max": 1, "dvar": 0.0260986033827, "mean": 0.984089791775, "dvar2": 0.0730472803116, "min": 0, "var": 0.0156585387886, "median": 1}, "spectral_strongpeak": {"dmean": 0.716554403305, "dmean2": 1.20280492306, "max": 21.7452850342, "dvar": 1.55356228352, "mean": 1.22891831398, "dvar2": 3.90967988968, "min": 0, "var": 2.68316245079, "median": 0.586503863335}, "spectral_spread": {"dmean": 619437.375, "dmean2": 854601.4375, "max": 47522292, "dvar": 602407698432, "mean": 5820268, "dvar2": 973136265216, "min": 1367949.25, "var": 3975216889860.0, "median": 5659721}, "barkbands_flatness_db": {"dmean": 0.0211096126586, "dmean2": 0.0327254533768, "max": 0.339789897203, "dvar": 0.000358009536285, "mean": 0.126560851932, "dvar2": 0.000844165391754, "min": 0.0202589929104, "var": 0.00209268857725, "median": 0.119605690241}, "pitch_salience": {"dmean": 0.069823205471, "dmean2": 0.111881516874, "max": 0.959390997887, "dvar": 0.0039670933038, "mean": 0.52761900425, "dvar2": 0.010045086965, "min": 0.0981821939349, "var": 0.0109732095152, "median": 0.529270291328}, "erbbands_kurtosis": {"dmean": 1.37318193913, "dmean2": 2.10271024704, "max": 46.391834259, "dvar": 4.10302972794, "mean": 1.19407582283, "dvar2": 9.30999183655, "min": -1.82376992702, "var": 9.18641757965, "median": 0.204857945442}, "average_loudness": 0.947110652924, "barkbands_crest": {"dmean": 2.82421469688, "dmean2": 4.55329751968, "max": 25.8103408813, "dvar": 6.65556287766, "mean": 10.5050430298, "dvar2": 16.6862163544, "min": 2.28130960464, "var": 17.4947242737, "median": 9.65238380432}, "hfc": {"dmean": 12.0454349518, "dmean2": 16.2596225739, "max": 792.854431152, "dvar": 839.55291748, "mean": 32.9306030273, "dvar2": 1400.4831543, "min": 1.13942594132e-16, "var": 2629.45800781, "median": 21.8359260559}, "barkbands_kurtosis": {"dmean": 2.80179286003, "dmean2": 4.35828399658, "max": 104.79611969, "dvar": 19.2942485809, "mean": 4.7456870079, "dvar2": 47.0977287292, "min": -1.94351172447, "var": 41.1273002625, "median": 2.99453616142}, "erbbands": {"dmean": [0.271752029657, 1.10740232468, 2.4062898159, 2.58621931076, 5.95413398743, 9.92399024963, 8.88259983063, 15.7279024124, 22.7718734741, 21.1254577637, 28.0585079193, 48.7243652344, 27.1846809387, 12.5989494324, 11.9053039551, 10.4124794006, 6.68673706055, 10.5402441025, 9.56110477448, 12.7391414642, 17.5882587433, 8.35138320923, 12.3253107071, 6.08588123322, 5.71365261078, 4.07688903809, 6.14047861099, 8.9368314743, 8.24847316742, 4.67799806595, 5.91023349762, 6.70133209229, 3.64373850822, 3.57767343521, 1.46808505058, 0.96515083313, 0.152147486806, 0.0277548041195, 0.00150829425547, 4.49788421975e-05], "dmean2": [0.43630284071, 1.91129088402, 4.21114206314, 4.28982591629, 9.06379413605, 14.7766752243, 13.1017589569, 23.5959129333, 34.4689102173, 32.4219474792, 42.3261680603, 72.6615982056, 42.4220581055, 19.872013092, 19.4018592834, 16.7650947571, 10.7411966324, 16.1753368378, 15.1539239883, 19.7325954437, 26.720659256, 12.7562942505, 19.2026348114, 9.27936458588, 8.8855676651, 6.33757972717, 9.07913684845, 13.0824480057, 12.0413379669, 6.41724443436, 8.26926231384, 9.45507907867, 4.895383358, 4.96908521652, 1.97700500488, 1.38758635521, 0.207013309002, 0.0403657369316, 0.00233548716642, 6.42317681923e-05], "max": [5.58359193802, 27.5620536804, 74.1850814819, 128.685821533, 214.160202026, 426.88079834, 345.948608398, 519.281311035, 824.776672363, 1365.03808594, 2368.27172852, 2806.39697266, 2973.72753906, 1241.6854248, 733.600280762, 1366.44177246, 2170.33740234, 1472.5802002, 628.649902344, 1632.38171387, 2285.64160156, 992.832092285, 2168.20117188, 373.791351318, 206.794540405, 131.271331787, 330.113555908, 1068.37438965, 571.761962891, 383.291046143, 964.041748047, 691.012207031, 394.038360596, 393.514892578, 311.656616211, 164.737716675, 30.6117897034, 3.95431208611, 0.0828267782927, 0.00374202267267], "dvar": [0.3961840868, 7.76531028748, 33.6513900757, 25.5303611755, 139.933380127, 397.022613525, 314.265350342, 953.454833984, 2732.78344727, 3215.4375, 7431.76171875, 12952.4511719, 6625.37304688, 1310.39172363, 637.185302734, 1405.00280762, 692.012573242, 1168.62182617, 497.122131348, 1443.70910645, 3090.36303711, 361.298370361, 1626.71594238, 129.336425781, 93.2753448486, 43.3138427734, 186.932189941, 937.019165039, 527.301940918, 158.0052948, 480.209014893, 696.212585449, 216.889602661, 290.310516357, 46.2868041992, 7.93266630173, 0.29311016202, 0.00606510881335, 1.24679609144e-05, 8.61689741782e-09], "mean": [0.358253031969, 1.21222603321, 3.46679472923, 4.21614408493, 10.2202730179, 16.6917762756, 15.1562652588, 24.8444747925, 33.5663833618, 30.7510471344, 47.8377876282, 86.621635437, 46.1860046387, 32.9523506165, 22.4162158966, 19.4749603271, 11.9209346771, 18.4323635101, 16.8775939941, 21.171377182, 31.0909957886, 17.2974624634, 21.6958007812, 13.040728569, 11.992565155, 8.80686664581, 12.4525499344, 15.81208992, 14.9905385971, 8.92415046692, 10.6028547287, 10.3898677826, 6.12601661682, 5.63191890717, 2.43199396133, 1.35987997055, 0.247539266944, 0.0396710522473, 0.00181114859879, 9.12221003091e-05], "dvar2": [0.985169887543, 21.1260852814, 96.4749908447, 66.8564834595, 308.467224121, 810.454528809, 644.754699707, 2043.98156738, 6055.75195312, 7246.69873047, 16345.4755859, 27463.6386719, 16332.9121094, 2675.41772461, 1735.97290039, 3789.11816406, 1933.63696289, 2355.68701172, 1214.48388672, 3054.21801758, 5860.93310547, 768.229797363, 3447.72998047, 274.214233398, 220.732269287, 99.8382873535, 372.334960938, 1808.51147461, 1089.43493652, 295.066070557, 873.394287109, 1354.19213867, 373.097564697, 577.563842773, 80.3630218506, 13.0214214325, 0.485885232687, 0.0107610961422, 2.77180824924e-05, 1.61614863714e-08], "min": [1.21130563873e-21, 3.31805791852e-21, 4.70124627632e-21, 1.73241508631e-20, 7.80543071018e-20, 1.96559051552e-19, 3.00675525621e-19, 2.01837123019e-19, 3.85777676499e-19, 2.59507987306e-19, 3.18009896689e-19, 1.06331389746e-18, 2.3901669177e-18, 1.87245876734e-18, 2.22402831206e-18, 3.44820971011e-18, 2.01461637305e-18, 2.7235618568e-18, 4.90049009119e-18, 8.17363633043e-18, 6.52816192024e-18, 7.51287535814e-18, 9.31186745899e-18, 1.25572576528e-17, 1.52597981619e-17, 1.35564661901e-17, 1.65956799619e-17, 1.77438314675e-17, 1.203275897e-17, 1.70277726441e-17, 1.54739883097e-17, 1.36161646421e-17, 1.30884234113e-17, 9.64318638154e-18, 7.95074672412e-18, 4.02432880584e-18, 3.14567067582e-18, 1.22728870203e-18, 3.56875934197e-19, 3.36880225831e-20], "var": [0.414715975523, 6.01869153976, 29.6297721863, 42.8687553406, 354.933258057, 1144.70751953, 795.994750977, 2076.76806641, 5252.90917969, 6300.68945312, 19717.0234375, 39347.7539062, 14987.0195312, 10685.6025391, 1533.86645508, 3294.26000977, 1640.94104004, 2812.48608398, 1043.85717773, 3120.30615234, 10819.4716797, 1488.88757324, 3857.7487793, 329.647796631, 213.852844238, 95.7650604248, 434.62890625, 1681.25805664, 1036.50219727, 408.072601318, 1091.91796875, 1377.48962402, 561.942382812, 633.847167969, 127.545280457, 25.3778877258, 0.894026815891, 0.0163351651281, 1.98797606572e-05, 2.3009544492e-08], "median": [0.132235392928, 0.441632479429, 1.13253927231, 2.47700643539, 2.80096721649, 3.34728622437, 5.34826135635, 6.98049354553, 6.91845989227, 7.12676906586, 10.7117538452, 19.536403656, 15.0106630325, 9.22312641144, 9.25699996948, 7.29743003845, 6.31947803497, 7.72453784943, 7.19819927216, 7.98790025711, 9.3603219986, 8.29353523254, 8.54049491882, 8.13505172729, 7.63035774231, 6.04817771912, 7.03976821899, 6.70699548721, 6.83304786682, 3.23447012901, 3.33932733536, 2.20002174377, 1.0406806469, 0.814767241478, 0.497457295656, 0.369370728731, 0.0645501315594, 0.00765242334455, 0.000234287086641, 5.28139280505e-05]}, "spectral_energy": {"dmean": 0.0136101180688, "dmean2": 0.0204691383988, "max": 0.18221578002, "dvar": 0.000353356968844, "mean": 0.0368547141552, "dvar2": 0.000809001852758, "min": 1.01921705411e-20, "var": 0.000718889175914, "median": 0.0327570438385}, "zerocrossingrate": {"dmean": 0.0137897152454, "dmean2": 0.0158338416368, "max": 0.6787109375, "dvar": 0.000396789429942, "mean": 0.0758004784584, "dvar2": 0.000375685631298, "min": 0.00390625, "var": 0.00500928377733, "median": 0.0595703125}, "spectral_energyband_high": {"dmean": 0.00110147160012, "dmean2": 0.00142215564847, "max": 0.0722201541066, "dvar": 1.13876667456e-05, "mean": 0.00225878925994, "dvar2": 1.86500001291e-