{"tonal": {"hpcp": {"dvar": [0.0272942949086, 0.0349541716278, 0.0379183702171, 0.0364994369447, 0.0490787290037, 0.0474815703928, 0.0634049251676, 0.0479938723147, 0.0450727529824, 0.0410812497139, 0.0468475446105, 0.052313324064, 0.047409940511, 0.0446874462068, 0.0355946347117, 0.0292636826634, 0.0384059734643, 0.0497051924467, 0.0542355366051, 0.0444531850517, 0.0450707413256, 0.0327164269984, 0.0343903303146, 0.0440978184342, 0.0402282550931, 0.0299537330866, 0.046937905252, 0.0518866702914, 0.0474130399525, 0.0507735349238, 0.0494190752506, 0.0397990867496, 0.0366494990885, 0.0355425365269, 0.0304746534675, 0.0364613197744], "var": [0.0295014660805, 0.0508250370622, 0.0702752247453, 0.0550766550004, 0.0573503747582, 0.0711657628417, 0.0829493775964, 0.0631755590439, 0.0487922728062, 0.0408352613449, 0.0721585229039, 0.100621469319, 0.0720480456948, 0.0632768049836, 0.0383217819035, 0.0323705524206, 0.054366659373, 0.0808687806129, 0.0765786916018, 0.0535955242813, 0.0415395461023, 0.0340642370284, 0.0432120934129, 0.0730468928814, 0.065487883985, 0.0379987880588, 0.0695657655597, 0.0633484423161, 0.071501545608, 0.0845911577344, 0.0637110769749, 0.0400442369282, 0.0383773483336, 0.0430732816458, 0.0353679470718, 0.0372229851782], "median": [0.0223653651774, 0.0274428725243, 0.019546719268, 0.0209876261652, 0.0242201779038, 0.0411728955805, 0.0512846820056, 0.0547131299973, 0.0336265936494, 0.0302901789546, 0.0251712836325, 0.0411171987653, 0.0609991252422, 0.0444425046444, 0.0433590635657, 0.0357043817639, 0.0327030196786, 0.0264929793775, 0.0212094318122, 0.0194519199431, 0.0180374905467, 0.0177680850029, 0.0281108748168, 0.0430042669177, 0.0395832806826, 0.0309563819319, 0.0342771857977, 0.0386955291033, 0.0292986817658, 0.0183539018035, 0.027259837836, 0.0376300513744, 0.035311549902, 0.0222139135003, 0.014333079569, 0.0113602755591], "max": [1, 1, 1, 1, 1, 1, 1, 1, 1, 1, 1, 1, 1, 1, 1, 1, 1, 1, 1, 1, 1, 1, 1, 1, 1, 1, 1, 1, 1, 1, 1, 1, 1, 1, 1, 1], "dmean": [0.095053575933, 0.11095315963, 0.110454156995, 0.110238157213, 0.145136207342, 0.154516428709, 0.182850643992, 0.157933369279, 0.142953023314, 0.126990109682, 0.13946056366, 0.15317247808, 0.157223001122, 0.147165328264, 0.132748425007, 0.116762116551, 0.128936812282, 0.142828568816, 0.146913036704, 0.127929598093, 0.120828874409, 0.106074422598, 0.107159093022, 0.14554053545, 0.134503349662, 0.110530763865, 0.146404117346, 0.163424491882, 0.135253384709, 0.138207256794, 0.145292699337, 0.129232764244, 0.120603002608, 0.111738860607, 0.0994645655155, 0.102182082832], "dmean2": [0.166608527303, 0.190733477473, 0.192887738347, 0.193361938, 0.257834762335, 0.265293866396, 0.323682427406, 0.275791615248, 0.251636564732, 0.222936138511, 0.244118437171, 0.266403108835, 0.273016840219, 0.254614293575, 0.235011398792, 0.203368470073, 0.229775115848, 0.251074284315, 0.257579088211, 0.225489601493, 0.213171213865, 0.185981586576, 0.189042314887, 0.252220988274, 0.231489703059, 0.191626399755, 0.250162988901, 0.283558696508, 0.239855885506, 0.244351714849, 0.256036430597, 0.229663655162, 0.209600150585, 0.195085272193, 0.176390349865, 0.185579940677], "mean": [0.0904166474938, 0.130696728826, 0.151443213224, 0.129772692919, 0.143056645989, 0.178973957896, 0.197191476822, 0.169853523374, 0.13543535769, 0.116402931511, 0.165253803134, 0.209846571088, 0.189613476396, 0.161490336061, 0.124813050032, 0.115544468164, 0.142797395587, 0.171393334866, 0.160594329238, 0.125843778253, 0.10168159008, 0.0970062538981, 0.116237916052, 0.179537981749, 0.167022049427, 0.122951671481, 0.164779812098, 0.16513851285, 0.152935013175, 0.170223191381, 0.14840605855, 0.117029763758, 0.115400962532, 0.109359078109, 0.0941480770707, 0.0901613309979], "dvar2": [0.074160695076, 0.0922461897135, 0.101336456835, 0.0982610136271, 0.133841693401, 0.120555393398, 0.17565497756, 0.129111111164, 0.123247921467, 0.111022792757, 0.126070097089, 0.127941817045, 0.126006707549, 0.117947861552, 0.0983599796891, 0.0807344168425, 0.10347494483, 0.132177099586, 0.145046249032, 0.122739702463, 0.126823827624, 0.0883629098535, 0.0961093604565, 0.11564129591, 0.10376624018, 0.0818155556917, 0.117118343711, 0.13609726727, 0.128343850374, 0.136124134064, 0.139244869351, 0.108447507024, 0.0974287614226, 0.0932226628065, 0.0841679349542, 0.101228632033], "min": [0, 0, 0, 0, 0, 0, 0, 0, 0, 0, 0, 0, 0, 0, 0, 0, 0, 0, 0, 0, 0, 0, 0, 0, 0, 0, 0, 0, 0, 0, 0, 0, 0, 0, 0, 0]}, "key_key": "F#", "thpcp": [1, 0.903581500053, 0.769563853741, 0.594782412052, 0.550614058971, 0.680484771729, 0.816755473614, 0.765294015408, 0.599694252014, 0.484552055597, 0.462272286415, 0.553918600082, 0.855567872524, 0.795924603939, 0.585912227631, 0.785239458084, 0.786948800087, 0.728794455528, 0.811179280281, 0.707212209702, 0.557692050934, 0.549930155277, 0.521138250828, 0.448651969433, 0.429653584957, 0.430870264769, 0.622820436954, 0.721685409546, 0.618417024612, 0.681720197201, 0.852880060673, 0.939693570137, 0.809417665005, 0.645401835442, 0.554704964161, 0.787498235703], "chords_key": "A", "tuning_equal_tempered_deviation": 0.281294047832, "tuning_frequency": 438.731048584, "tuning_diatonic_strength": 0.38119584322, "chords_histogram": [11.4007539749, 7.31783914566, 0.376884430647, 1.79020094872, 0.502512574196, 2.22989940643, 0.0628140717745, 0.910804033279, 11.1809043884, 0.816582918167, 12.1545228958, 12.6256284714, 6.53266334534, 0.188442215323, 7.03517580032, 12.2487440109, 4.67964839935, 2.16708540916, 2.07286429405, 0, 0.314070343971, 2.1042714119, 1.28768849373, 0], "key_strength": 0.536290466785, "key_scale": "major", "chords_strength": {"dvar": 0.00011310386617, "var": 0.0132943829522, "median": 0.510318636894, "max": 0.913529634476, "dmean": 0.012478784658, "dmean2": 0.0126992929727, "mean": 0.519579172134, "dvar2": 0.000122898258269, "min": 0.222183674574}, "chords_number_rate": 0.00471105519682, "tuning_nontempered_energy_ratio": 0.933559954166, "hpcp_entropy": {"dvar": 0.262793779373, "var": 0.549908518791, "median": 2.1929359436, "max": 4.22326374054, "dmean": 0.635082840919, "dmean2": 1.0773203373, "mean": 2.16836214066, "dvar2": 0.738928556442, "min": 0}, "chords_changes_rate": 0.0847989916801, "chords_scale": "minor"}, "rhythm": {"bpm_histogram_first_peak_spread": {"dvar": 0, "var": 0, "median": 0.595238089561, "max": 0.595238089561, "dmean": 0, "dmean2": 0, "mean": 0.595238089561, "dvar2": 0, "min": 0.595238089561}, "bpm_histogram_first_peak_weight": {"dvar": 0, "var": 0, "median": 0.201581031084, "max": 0.201581031084, "dmean": 0, "dmean2": 0, "mean": 0.201581031084, "dvar2": 0, "min": 0.201581031084}, "bpm_histogram_first_peak_bpm": {"dvar": 0, "var": 0, "median": 96, "max": 96, "dmean": 0, "dmean2": 0, "mean": 96, "dvar2": 0, "min": 96}, "bpm": 95.7625732422, "bpm_histogram_second_peak_weight": {"dvar": 0, "var": 0, "median": 0.0671936795115, "max": 0.0671936795115, "dmean": 0, "dmean2": 0, "mean": 0.0671936795115, "dvar2": 0, "min": 0.0671936795115}, "beats_loudness": {"dvar": 0.00101732194889, "var": 0.00151972367894, "median": 0.0180495157838, "max": 0.209411084652, "dmean": 0.0253979302943, "dmean2": 0.0418653711677, "mean": 0.0330538749695, "dvar2": 0.00249784369953, "min": 9.25768745219e-07}, "beats_loudness_band_ratio": {"dvar": [0.0180429331958, 0.0119684645906, 0.00703056296334, 0.00132378714625, 0.000143370343721, 0.0109305651858], "var": [0.0230964701623, 0.0186939053237, 0.0103299189359, 0.00106786156539, 7.84008298069e-05, 0.0226158872247], "median": [0.136594414711, 0.290299355984, 0.0739529207349, 0.00520508550107, 0.000888038775884, 0.451803058386], "max": [0.667784154415, 0.646487057209, 0.48150357604, 0.195764988661, 0.0795947983861, 0.905707299709], "dmean": [0.137039855123, 0.145793884993, 0.0838071405888, 0.02122040838, 0.00491255242378, 0.135862037539], "dmean2": [0.237759023905, 0.251585513353, 0.138354554772, 0.0391315743327, 0.00950390100479, 0.233490392566], "mean": [0.179435655475, 0.287717014551, 0.104599483311, 0.0181631539017, 0.00331922341138, 0.44647744298], "dvar2": [0.0477727390826, 0.0312349181622, 0.0191093552858, 0.00365984370001, 0.000414213660406, 0.0309523306787], "min": [0.00328010180965, 0.0095527395606, 0.00169008946978, 8.59690553625e-05, 1.84808595804e-05, 0.00374780991115]}, "bpm_histogram_second_peak_bpm": {"dvar": 0, "var": 0, "median": 144, "max": 144, "dmean": 0, "dmean2": 0, "mean": 144, "dvar2": 0, "min": 144}, "onset_rate": 2.42189335823, "beats_count": 254, "beats_position": [0.824308395386, 1.66022670269, 2.49614500999, 3.33206343651, 4.15637159348, 4.99229001999, 5.8282084465, 6.66412687302, 7.50004529953, 8.34757328033, 9.19510173798, 10.0426301956, 10.8785486221, 11.7260770798, 12.5271654129, 13.328253746, 14.0945119858, 14.8491611481, 15.545759201, 16.242357254, 16.9157371521, 17.5891151428, 18.2508831024, 18.9242630005, 19.5976409912, 20.2594108582, 20.8747386932, 21.4900684357, 22.1053962708, 22.7323360443, 23.3708839417, 23.9862117767, 24.6015415192, 25.2284793854, 25.8670291901, 26.4823570251, 27.1209068298, 27.7594547272, 28.3980045319, 29.0249423981, 29.6634922028, 30.290430069, 30.9173698425, 31.5443077087, 32.171245575, 32.7981834412, 33.4367332458, 34.0636711121, 34.7022209167, 35.329158783, 35.9677085876, 36.5946464539, 37.2099761963, 37.8253059387, 38.4290237427, 39.0443534851, 39.6596832275, 40.2866210938, 40.91355896, 41.5288887024, 42.1558265686, 42.7943763733, 43.4213142395, 44.0482521057, 44.6984100342, 45.3717918396, 46.0335578918, 46.6721076965, 47.3106575012, 47.9608154297, 48.5993652344, 49.2379112244, 49.8764610291, 50.5266189575, 51.1767807007, 51.8385467529, 52.4770965576, 53.1156463623, 53.7774124146, 54.4391822815, 55.1009521484, 55.7511100769, 56.4012680054, 57.0514259338, 57.6899757385, 58.3169136047, 58.9322433472, 59.5591812134, 60.1745109558, 60.7898406982, 61.4051704407, 62.0204963684, 62.6474380493, 63.2743759155, 63.9013137817, 64.5282516479, 65.1668014526, 65.7937393188, 66.4206771851, 67.0360107422, 67.6513366699, 68.2782745361, 68.8355560303, 69.392829895, 69.9384994507, 70.4725646973, 71.0182266235, 71.5638961792, 72.1211776733, 72.6784591675, 73.2125167847, 73.7465744019, 74.2690200806, 74.8030853271, 75.3487548828, 75.9872970581, 76.6258468628, 77.252784729, 77.8913345337, 78.5298843384, 79.1684341431, 79.8069839478, 80.433921814, 81.0492477417, 81.6645812988, 82.2799072266, 82.9068450928, 83.4292984009, 83.9517440796, 84.4741897583, 85.0082550049, 85.5423126221, 86.0763702393, 86.598815918, 87.1328811646, 87.6669387817, 88.1197280884, 88.572517395, 89.0253067017, 89.4664840698, 89.907661438, 90.3488388062, 90.7900238037, 91.2312011719, 91.6607666016, 92.0903396606, 92.5199050903, 92.9494781494, 93.36743927, 93.7853927612, 94.2033538818, 94.6213150024, 95.039276123, 95.3991851807, 95.7590942383, 96.130607605, 96.5137405396, 96.8968658447, 97.2799987793, 97.6515197754, 98.0346450806, 98.4177780151, 98.8125152588, 99.2072525024, 99.6600418091, 100.124443054, 100.588844299, 101.076461792, 101.564079285, 102.040092468, 102.527709961, 102.957275391, 103.375236511, 103.793197632, 104.211151123, 104.629112244, 105.047073364, 105.465034485, 105.882987976, 106.300949097, 106.718910217, 107.136871338, 107.554824829, 107.97278595, 108.402359009, 108.831924438, 109.261497498, 109.691062927, 110.062583923, 110.434104919, 110.805618286, 111.177139282, 111.525436401, 111.885353088, 112.245262146, 112.593559265, 112.953468323, 113.301765442, 113.6616745, 114.021583557, 114.474372864, 114.92716217, 115.379951477, 115.844352722, 116.355194092, 116.842811584, 117.469749451, 118.096687317, 118.723625183, 119.350563049, 119.977500916, 120.61605072, 121.242988586, 121.881538391, 122.508476257, 123.135414124, 123.808792114, 124.482177734, 125.143943787, 125.805709839, 126.432647705, 127.047981262, 127.674919128, 128.301864624, 128.92880249, 129.567337036, 130.194290161, 130.79800415, 131.424942017, 132.051879883, 132.667205811, 133.282531738, 133.886260986, 134.489974976, 135.093688965, 135.697418213, 136.301132202, 136.904846191, 137.520172119, 138.147125244, 138.77406311, 139.389389038, 140.016326904, 140.643264771, 141.270202637, 141.885528564, 142.500854492, 143.11618042, 143.731521606, 144.358459473, 144.997009277, 145.635559082, 146.262496948, 146.889434814], "danceability": 0.931878983974, "bpm_histogram_second_peak_spread": {"dvar": 0, "var": 0, "median": 0.346153795719, "max": 0.346153795719, "dmean": 0, "dmean2": 0, "mean": 0.346153795719, "dvar2": 0, "min": 0.346153795719}}, "lowlevel": {"spectral_flux": {"dvar": 0.00053596746875, "var": 0.00276943575591, "median": 0.0551202595234, "max": 0.367764532566, "dmean": 0.0172942988575, "dmean2": 0.0288866087794, "mean": 0.0638084933162, "dvar2": 0.00154518312775, "min": 2.81368847936e-05}, "spectral_rolloff": {"dvar": 3565774.75, "var": 28522728, "median": 21813.1347656, "max": 22028.4667969, "dmean": 255.665176392, "dmean2": 477.00970459, "mean": 20314.9902344, "dvar2": 7632236, "min": 21.533203125}, "barkbands_flatness_db": {"dvar": 0.000874095014296, "var": 0.0042601027526, "median": 0.227272227407, "max": 0.459553211927, "dmean": 0.034842684865, "dmean2": 0.0548810735345, "mean": 0.229935243726, "dvar2": 0.00219517596997, "min": 0.0475931353867}, "spectral_centroid": {"dvar": 35153.8164062, "var": 218484.34375, "median": 374.903381348, "max": 11014.09375, "dmean": 75.4225997925, "dmean2": 110.134017944, "mean": 461.733947754, "dvar2": 47527.546875, "min": 144.193267822}, "melbands_skewness": {"dvar": 0.704559385777, "var": 3.82844519615, "median": 1.70600199699, "max": 15.2683172226, "dmean": 0.830876410007, "dmean2": 1.3086758852, "mean": 2.19042468071, "dvar2": 1.70535159111, "min": -2.12797737122}, "melbands": {"dvar": [3.46594974943e-09, 7.61890319723e-08, 4.4461958737e-07, 1.22428696159e-06, 1.84380633073e-06, 1.47834521158e-06, 4.30950393593e-07, 3.44750418435e-07, 2.26938595915e-07, 4.21161816533e-09, 1.7185644019e-09, 1.11338223363e-10, 1.82178716557e-11, 7.30045537911e-12, 3.81950460843e-12, 1.42754243756e-12, 1.32603888807e-12, 5.1340859732e-13, 2.45707669705e-13, 2.7312104401e-13, 1.00345831633e-13, 5.78066037421e-14, 7.86974448824e-14, 1.4094449349e-13, 2.19472619874e-13, 3.41007007788e-13, 2.16636319886e-13, 3.24935933195e-13, 2.57186741522e-13, 1.43817182013e-13, 7.79604584556e-14, 2.23501518535e-14, 5.03051173308e-15, 3.63839656713e-15, 1.92031368868e-15, 1.49217580329e-15, 6.9095548002e-16, 4.98459990037e-16, 4.23550566703e-16, 3.75708584125e-16], "var": [5.92503424102e-09, 2.45304931923e-07, 1.41294890454e-06, 3.0820858683e-06, 5.04364697917e-06, 3.47620925822e-06, 1.09986604002e-06, 7.02174645539e-07, 5.07944548644e-07, 7.65980878725e-09, 2.65029753699e-09, 2.67076083471e-10, 3.45946812863e-11, 1.43119578688e-11, 6.94828439576e-12, 2.68127555748e-12, 2.19624492204e-12, 8.04727324274e-13, 3.44066057112e-13, 4.66193598482e-13, 1.42346380451e-13, 6.54300290164e-14, 1.07844573658e-13, 2.68296832234e-13, 5.55870941724e-13, 1.0061971872e-12, 7.96904805599e-13, 1.37898254014e-12, 1.02208953107e-12, 6.06339631282e-13, 2.89954285625e-13, 7.95408254236e-14, 1.72601834897e-14, 1.02886152899e-14, 6.11859882218e-15, 3.93869176979e-15, 9.8137946659e-16, 5.75167452559e-16, 4.97388440419e-16, 4.49502650356e-16], "median": [1.91004182852e-05, 0.000115275215649, 0.000155137575348, 0.000232228878303, 0.000164817669429, 9.54109054874e-05, 3.28587557306e-05, 1.14407785077e-05, 8.29911459732e-06, 3.05448725157e-06, 1.83306508461e-06, 1.34819754294e-06, 8.88305294211e-07, 4.42717890792e-07, 3.15275570983e-07, 3.05936026734e-07, 2.8400586416e-07, 1.66807410551e-07, 1.39418006029e-07, 1.65642944694e-07, 8.58077058297e-08, 3.97599357882e-08, 2.60222332571e-08, 2.08467625384e-08, 2.15063522546e-08, 2.54707082092e-08, 3.42520465324e-08, 5.18946343675e-08, 5.80073944434e-08, 4.7606796727e-08, 4.37118217178e-08, 2.25780620866e-08, 1.05359410085e-08, 1.08007274235e-08, 1.53761678945e-08, 1.33454260975e-08, 4.71999284102e-09, 2.44647790915e-09, 2.2599115912e-09, 2.15876960752e-09], "max": [0.000964990467764, 0.00758536159992, 0.0164058953524, 0.0252184551209, 0.0379528701305, 0.0243431665003, 0.0142117301002, 0.0120212202892, 0.0122171752155, 0.00155970267951, 0.00114711734932, 0.000372812122805, 8.38963824208e-05, 7.09129162715e-05, 5.0623446441e-05, 2.39173787122e-05, 1.7371501599e-05, 1.84197942872e-05, 8.51455843076e-06, 9.49506465986e-06, 6.68212715027e-06, 3.22267078445e-06, 8.99751921679e-06, 1.49370989675e-05, 1.72833333636e-05, 1.91787239601e-05, 2.14467345359e-05, 2.72407305602e-05, 1.90434966498e-05, 2.09893642023e-05, 1.53353375936e-05, 6.30222712061e-06, 3.01800719171e-06, 2.79148935078e-06, 1.72538420884e-06, 1.24727762341e-06, 4.26732611913e-07, 2.95473313372e-07, 2.70784568102e-07, 2.57269789472e-07], "dmean": [3.38923673553e-05, 0.000158983923029, 0.00026752013946, 0.0004890790442, 0.000535116239917, 0.000473240361316, 0.000246516516199, 0.000163719072589, 0.000140903663123, 2.29965298786e-05, 1.06357620098e-05, 3.40682890965e-06, 1.90452055904e-06, 1.17469062388e-06, 7.87699150351e-07, 6.02243858339e-07, 5.26590270056e-07, 3.16049352023e-07, 2.31850506793e-07, 2.52040848636e-07, 1.50523135289e-07, 1.09666267178e-07, 1.03503928983e-07, 1.05411800178e-07, 1.08957493694e-07, 1.12227596105e-07, 9.88050885553e-08, 1.08084776684e-07, 1.00180223228e-07, 8.20667693802e-08, 6.26137648396e-08, 3.84510272511e-08, 2.45618139161e-08, 2.10798987155e-08, 1.9057427636e-08, 1.6858717089e-08, 1.19997505266e-08, 1.01381472106e-08, 9.38723676569e-09, 8.94373730631e-09], "dmean2": [5.4489064496e-05, 0.000224520277698, 0.000387434411095, 0.00073171814438, 0.000785714655649, 0.000711048545782, 0.000387850275729, 0.000267017225269, 0.00022003572667, 3.77784381271e-05, 1.76176490641e-05, 5.60961234441e-06, 3.19688842865e-06, 1.97892154574e-06, 1.33910316436e-06, 1.0061245348e-06, 8.90056526259e-07, 5.31441571638e-07, 3.888993092e-07, 4.21973965103e-07, 2.51558191167e-07, 1.86208566788e-07, 1.72299209567e-07, 1.73930331471e-07, 1.77858254347e-07, 1.79848228754e-07, 1.54507262096e-07, 1.59025347557e-07, 1.55128205392e-07, 1.22135617175e-07, 9.76960876642e-08, 5.99595679773e-08, 3.84067142534e-08, 3.37708172538e-08, 3.0255538519e-08, 2.73143800911e-08, 1.97695637638e-08, 1.68956724167e-08, 1.56320076883e-08, 1.48675347589e-08], "mean": [4.96110988024e-05, 0.000294480560115, 0.000526243064087, 0.000860107538756, 0.000961313664448, 0.00081059790682, 0.000422925688326, 0.000263416266534, 0.000208206765819, 3.60106751032e-05, 1.49207862705e-05, 5.35263234269e-06, 2.87963416667e-06, 1.76162018306e-06, 1.1704996723e-06, 8.84680957824e-07, 7.97377140316e-07, 4.67187419417e-07, 3.40295741807e-07, 3.94953701743e-07, 2.15829501826e-07, 1.27202071099e-07, 1.14965573061e-07, 1.2868051158e-07, 1.50460351733e-07, 1.72580072899e-07, 1.66344946706e-07, 2.09961129372e-07, 2.09095688319e-07, 1.71051496523e-07, 1.29555914441e-07, 6.91736516956e-08, 3.66339847346e-08, 3.1138302603e-08, 3.32732668085e-08, 2.95890458801e-08, 1.46470133799e-08, 1.07459010579e-08, 1.00157091509e-08, 9.61911528208e-09], "dvar2": [8.92814266962e-09, 1.46747552776e-07, 8.9426151817e-07, 2.5603812901e-06, 3.73729676539e-06, 3.44318573298e-06, 1.06386744392e-06, 9.73995838649e-07, 5.15434635417e-07, 1.09346522947e-08, 4.50467441127e-09, 2.90812290915e-10, 4.88694258671e-11, 1.99091680642e-11, 1.14296913947e-11, 3.7945172178e-12, 3.71478932684e-12, 1.39921386109e-12, 6.45694218579e-13, 7.20327931417e-13, 2.66672263698e-13, 1.53125288057e-13, 1.96409146e-13, 3.43154703871e-13, 5.3713408504e-13, 8.29109946931e-13, 5.14459514486e-13, 6.28231895759e-13, 5.32340989866e-13, 2.26647517486e-13, 1.49661709349e-13, 4.41028947574e-14, 1.05432935331e-14, 8.42222901257e-15, 4.02586035391e-15, 3.55724149342e-15, 1.72706470995e-15, 1.27287050292e-15, 1.07657961711e-15, 9.51139860977e-16], "min": [9.31123889103e-09, 5.79956276146e-14, 3.59183467474e-13, 1.50008000813e-12, 1.78591096447e-13, 1.98911023828e-13, 1.32491695566e-12, 1.6369476304e-12, 3.46110564254e-13, 3.05623663313e-13, 6.74062151582e-13, 1.89957836787e-12, 5.20592141444e-13, 2.59636149386e-12, 2.02986867766e-12, 5.81000308628e-13, 1.57770931736e-12, 1.05165225486e-12, 8.71253210636e-13, 6.53212726964e-13, 1.622614044e-12, 1.14217023426e-12, 1.02405345488e-12, 1.13528338206e-12, 1.12258466411e-12, 7.40691525041e-13, 7.99072125742e-13, 5.52878381098e-13, 4.50665817598e-13, 9.58768980007e-13, 9.75125470822e-13, 7.51550135059e-13, 6.78509711523e-13, 9.89169033142e-13, 2.40641436899e-13, 4.55616664188e-13, 3.36560721783e-13, 7.41946597476e-13, 8.3022727148e-13, 4.54133855087e-13]}, "spectral_decrease": {"dvar": 6.53143920982e-18, "var": 5.77228138135e-18, "median": -8.50993667895e-12, "max": 2.02390282311e-08, "dmean": 1.42843858963e-09, "dmean2": 2.33695196528e-09, "mean": -9.34299582145e-11, "dvar2": 1.76400103745e-17, "min": -2.54746801431e-08}, "barkbands_kurtosis": {"dvar": 884.575256348, "var": 1984.54321289, "median": 30.8095397949, "max": 548.937072754, "dmean": 20.3305778503, "dmean2": 32.9557609558, "mean": 42.4874343872, "dvar2": 2194.73046875, "min": -1.77957653999}, "silence_rate_30dB": {"dvar": 0.0304303057492, "var": 0.0575026124716, "median": 1, "max": 1, "dmean": 0.031416900456, "dmean2": 0.0628436729312, "mean": 0.93874669075, "dvar2": 0.0689479410648, "min": 0}, "gfcc": {"mean": [-174.570709229, 110.527153015, -38.3272171021, -16.3119506836, -44.325717926, -32.9375114441, -15.9644098282, -31.1527824402, -7.53372621536, -8.88677310944, -10.377612114, -10.5304584503, -4.40229082108], "cov": [[16089.2490234, -1105.54016113, 1358.39550781, 213.378585815, -926.105712891, -1290.59082031, -489.489471436, -397.942108154, -108.708381653, -73.5316390991, -357.367889404, -526.469848633, 243.89730835], [-1105.54016113, 817.071228027, 121.134750366, -278.588592529, -40.9470024109, 28.5532894135, -37.5386123657, -18.8662815094, 110.11894989, 23.839679718, 11.5235862732, -57.9304122925, 43.3517990112], [1358.39550781, 121.134750366, 573.380126953, 56.4745864868, -117.194351196, -128.028305054, -101.347816467, -31.2888240814, 16.1482563019, 4.9796090126, -74.0991973877, -129.359375, 39.5660362244], [213.378585815, -278.588592529, 56.4745864868, 363.993469238, 220.673736572, 94.6496810913, 108.982315063, -48.4871635437, -95.9005050659, -53.0936470032, -14.6941194534, 26.9987277985, -53.0163574219], [-926.105712891, -40.9470024109, -117.194351196, 220.673736572, 356.44644165, 262.110809326, 133.044006348, -70.8501434326, -109.908721924, -49.9127731323, 24.9417762756, 55.8935470581, -37.5431518555], [-1290.59082031, 28.5532894135, -128.028305054, 94.6496810913, 262.110809326, 397.080108643, 76.950668335, 40.1490898132, -138.202728271, -17.1576080322, 30.2058830261, 70.6010665894, -12.7041292191], [-489.489471436, -37.5386123657, -101.347816467, 108.982315063, 133.044006348, 76.950668335, 238.359588623, -30.0323543549, 6.8935136795, -29.529592514, 4.0996837616, 51.2808914185, -30.3555316925], [-397.942108154, -18.8662815094, -31.2888240814, -48.4871635437, -70.8501434326, 40.1490898132, -30.0323543549, 229.653747559, 76.3813018799, 36.5675010681, 19.2922649384, 13.9757146835, -18.874458313], [-108.708381653, 110.11894989, 16.1482563019, -95.9005050659, -109.908721924, -138.202728271, 6.8935136795, 76.3813018799, 188.101715088, 55.6758308411, 5.8312253952, -18.8876895905, -14.8280382156], [-73.5316390991, 23.839679718, 4.9796090126, -53.0936470032, -49.9127731323, -17.1576080322, -29.529592514, 36.5675010681, 55.6758308411, 79.4548339844, 28.1730880737, -0.448387950659, 10.3007907867], [-357.367889404, 11.5235862732, -74.0991973877, -14.6941194534, 24.9417762756, 30.2058830261, 4.0996837616, 19.2922649384, 5.8312253952, 28.1730880737, 64.7334365845, 44.0382652283, 1.62903082371], [-526.469848633, -57.9304122925, -129.359375, 26.9987277985, 55.8935470581, 70.6010665894, 51.2808914185, 13.9757146835, -18.8876895905, -0.448387950659, 44.0382652283, 93.1111755371, 9.73020648956], [243.89730835, 43.3517990112, 39.5660362244, -53.0163574219, -37.5431518555, -12.7041292191, -30.3555316925, -18.874458313, -14.8280382156, 10.3007907867, 1.62903082371, 9.73020648956, 74.4007492065]], "icov": [[0.000162293581525, 0.000253898586379, -9.89514155663e-05, -0.000220670044655, 0.000327067566104, 0.000187402300071, -3.65405903722e-05, 0.000154348366777, 8.60569052747e-05, 0.000212706829188, -0.000241021931288, 0.000864536908921, -0.000683386344463], [0.000253898586379, 0.00361768528819, -0.0016175894998, 0.00287495669909, -0.000397512281779, -0.00203543133102, -7.19740201021e-05, 0.00194613658823, -0.00362522318028, 0.00344212562777, -0.00313226273283, 0.00306972372346, -0.00164715887513], [-9.89514155663e-05, -0.0016175894998, 0.00504000438377, -0.0055081048049, 0.00400103954598, -0.00176527490839, 0.000960243400186, 0.000672208028845, -0.00145828444511, 0.000358995283023, -0.000540048640687, 0.00573395239189, -0.00413686502725], [-0.000220670044655, 0.00287495669909, -0.0055081048049, 0.015493622981, -0.0128549002111, 0.00625628000125, -0.00235883542337, -0.00358013180085, 0.00581675907597, -0.00365058751777, 0.0059241889976, -0.00932067912072, 0.00848274398595], [0.000327067566104, -0.000397512281779, 0.00400103954598, -0.0128549002111, 0.0220314208418, -0.0143419159576, 0.000267489551334, 0.00921989511698, -0.00982390157878, 0.0101782856509, -0.0121921319515, 0.0114147486165, -0.00560499168932], [0.000187402300071, -0.00203543133102, -0.00176527490839, 0.00625628000125, -0.0143419159576, 0.0185313541442, -0.00252907141112, -0.0104229738936, 0.0169647987932, -0.0124802803621, 0.0110222194344, -0.00923880934715, 0.00429564155638], [-3.65405903722e-05, -7.19740201021e-05, 0.000960243400186, -0.00235883542337, 0.000267489551334, -0.00252907141112, 0.00775173818693, 0.00253549753688, -0.0054680891335, 0.00297420821153, 0.00137032044586, -0.0029033080209, 0.000327406014549], [0.000154348366777, 0.00194613658823, 0.000672208028845, -0.00358013180085, 0.00921989511698, -0.0104229738936, 0.00253549753688, 0.0121366353706, -0.0117041971534, 0.00678396131843, -0.00670394022018, 0.00416395859793, -0.00123215990607], [8.60569052747e-05, -0.00362522318028, -0.00145828444511, 0.00581675907597, -0.00982390157878, 0.0169647987932, -0.0054680891335, -0.0117041971534, 0.027077358216, -0.0182348880917, 0.011647910811, -0.00864975061268, 0.00828735437244], [0.000212706829188, 0.00344212562777, 0.000358995283023, -0.00365058751777, 0.0101782856509, -0.0124802803621, 0.00297420821153, 0.00678396131843, -0.0182348880917, 0.0325635932386, -0.0213844310492, 0.0131050292403, -0.0089440215379], [-0.000241021931288, -0.00313226273283, -0.000540048640687, 0.0059241889976, -0.0121921319515, 0.0110222194344, 0.00137032044586, -0.00670394022018, 0.011647910811, -0.0213844310492, 0.0419981703162, -0.0251491945237, 0.00936365965754], [0.000864536908921, 0.00306972372346, 0.00573395239189, -0.00932067912072, 0.0114147486165, -0.00923880934715, -0.0029033080209, 0.00416395859793, -0.00864975061268, 0.0131050292403, -0.0251491945237, 0.0414884798229, -0.0186730995774], [-0.000683386344463, -0.00164715887513, -0.00413686502725, 0.00848274398595, -0.00560499168932, 0.00429564155638, 0.000327406014549, -0.00123215990607, 0.00828735437244, -0.0089440215379, 0.00936365965754, -0.0186730995774, 0.0277385320514]]}, "silence_rate_20dB": {"dvar": 0.000314080331009, "var": 0.000314031058224, "median": 1, "max": 1, "dmean": 0.00031416901038, "dmean2": 0.000628436740953, "mean": 0.999685883522, "dvar2": 0.000628081790637, "min": 0}, "barkbands_skewness": {"dvar": 1.59155523777, "var": 6.18008613586, "median": 3.60829472542, "max": 19.0656700134, "dmean": 1.27232038975, "dmean2": 2.03316664696, "mean": 3.954652071, "dvar2": 4.00946235657, "min": -1.87343013287}, "erbbands_skewness": {"dvar": 0.48577490449, "var": 2.04562401772, "median": 1.92554402351, "max": 9.28127861023, "dmean": 0.749587595463, "dmean2": 1.19070780277, "mean": 2.04954838753, "dvar2": 1.19748914242, "min": -3.31471204758}, "spectral_contrast_valleys": {"dvar": [0.146126285195, 0.109884545207, 0.143875256181, 0.148722484708, 0.21106390655, 0.270017296076], "var": [1.46692550182, 1.86442279816, 1.12449193001, 1.20808017254, 1.71139037609, 2.1742169857], "median": [-8.1356010437, -7.38440179825, -8.66735744476, -9.32723903656, -9.55368900299, -11.8956127167], "max": [-6.02285385132, -4.41869354248, -6.32367706299, -6.74037504196, -7.01498031616, -9.39798927307], "dmean": [0.442374825478, 0.37112262845, 0.402985036373, 0.390165954828, 0.499940276146, 0.625933051109], "dmean2": [0.730629205704, 0.596574962139, 0.658669054508, 0.637549340725, 0.801638782024, 0.990985274315], "mean": [-8.47582912445, -7.46405363083, -8.79521751404, -9.4957818985, -9.76617431641, -12.2382307053], "dvar2": [0.372937202454, 0.241948708892, 0.335199892521, 0.343903630972, 0.530022442341, 0.700766205788], "min": [-27.1000003815, -27.0950450897, -27.2176418304, -27.5049934387, -27.3636608124, -27.2703208923]}, "spectral_strongpeak": {"dvar": 1495.65234375, "var": 1843.1862793, "median": 1.13386583328, "max": 298.790618896, "dmean": 24.6253623962, "dmean2": 44.1974182129, "mean": 24.7911453247, "dvar2": 3760.87988281, "min": 0}, "erbbands_crest": {"dvar": 8.19952201843, "var": 23.5533733368, "median": 12.096821785, "max": 30.68775177, "dmean": 3.33219671249, "dmean2": 5.41529464722, "mean": 12.7690887451, "dvar2": 21.3251686096, "min": 2.44036006927}, "barkbands_crest": {"dvar": 6.60173940659, "var": 21.9035072327, "median": 12.0232057571, "max": 26.7282581329, "dmean": 3.08541369438, "dmean2": 5.00297689438, "mean": 12.7602233887, "dvar2": 16.4528617859, "min": 3.39950752258}, "spectral_energyband_middle_low": {"dvar": 9.79823089438e-05, "var": 0.000429131905548, "median": 0.00456326454878, "max": 0.223477169871, "dmean": 0.00536297913641, "dmean2": 0.00780261075124, "mean": 0.0132354246452, "dvar2": 0.000212709681364, "min": 2.72747900654e-11}, "spectral_contrast_coeffs": {"dvar": [0.00181778217666, 0.00164378655609, 0.00102167646401, 0.000417976494646, 0.000513245118782, 0.00084922631504], "var": [0.0143460668623, 0.0083592236042, 0.00381843117066, 0.00106346234679, 0.00138203124516, 0.00325777824037], "median": [-0.610221624374, -0.749234080315, -0.835467219353, -0.875038027763, -0.893684923649, -0.826414644718], "max": [-0.244391381741, -0.385097533464, -0.576304495335, -0.723171710968, -0.699790179729, -0.486106157303], "dmean": [0.0532719418406, 0.0489560142159, 0.0385497733951, 0.0257188323885, 0.026398986578, 0.0316989198327], "dmean2": [0.0856292247772, 0.08059053123, 0.0642586350441, 0.0428481996059, 0.0435036346316, 0.0509101748466], "mean": [-0.598806381226, -0.737896561623, -0.822830796242, -0.873775064945, -0.89007037878, -0.813324511051], "dvar2": [0.00477713346481, 0.00432798359543, 0.00271191680804, 0.00114017713349, 0.0013945249375, 0.00216728704982], "min": [-0.957035422325, -0.965810060501, -0.959721744061, -0.972601830959, -0.969097614288, -0.961356461048]}, "hfc": {"dvar": 49293.2539062, "var": 210685.328125, "median": 133.019577026, "max": 4535.4921875, "dmean": 122.942131042, "dmean2": 179.103439331, "mean": 311.090057373, "dvar2": 104346.039062, "min": 6.87060310156e-05}, "spectral_energyband_high": {"dvar": 4.36476543797e-09, "var": 3.04401801543e-08, "median": 1.85716507985e-05, "max": 0.00320033263415, "dmean": 2.24547602556e-05, "dmean2": 3.26156368828e-05, "mean": 4.94360865559e-05, "dvar2": 6.06407901671e-09, "min": 6.06710515161e-10}, "erbbands_spread": {"dvar": 44.5565834045, "var": 175.518783569, "median": 11.5392332077, "max": 112.101615906, "dmean": 4.97242593765, "dmean2": 7.74640655518, "mean": 15.4367036819, "dvar2": 100.020927429, "min": 1.30734813213}, "dissonance": {"dvar": 0.00168830284383, "var": 0.00419096508995, "median": 0.418098390102, "max": 0.500000059605, "dmean": 0.0441149510443, "dmean2": 0.0743352845311, "mean": 0.404699802399, "dvar2": 0.00473387027159, "min": 0.127713128924}, "spectral_kurtosis": {"dvar": 88.0697174072, "var": 216.923095703, "median": 23.1232833862, "max": 157.194854736, "dmean": 8.82971096039, "dmean2": 14.2766618729, "mean": 26.8993721008, "dvar2": 237.674194336, "min": -1.18575394154}, "spectral_skewness": {"dvar": 0.373838156462, "var": 1.32361340523, "median": 3.87748670578, "max": 10.5222587585, "dmean": 0.65417522192, "dmean2": 1.04480087757, "mean": 4.00583076477, "dvar2": 1.01855957508, "min": -0.0360752269626}, "pitch_salience": {"dvar": 0.00376100977883, "var": 0.0141208507121, "median": 0.594196140766, "max": 0.862905681133, "dmean": 0.0734758153558, "dmean2": 0.116858273745, "mean": 0.579548835754, "dvar2": 0.00934175774455, "min": 0.013353548944}, "spectral_complexity": {"dvar": 1.02124512196, "var": 9.28000354767, "median": 5, "max": 15, "dmean": 0.914231836796, "dmean2": 1.54705417156, "mean": 4.30705213547, "dvar2": 2.64681053162, "min": 0}, "spectral_spread": {"dvar": 583043776512, "var": 1685786853380.0, "median": 3956801, "max": 40520172, "dmean": 742305.4375, "dmean2": 1191330.375, "mean": 4025122.25, "dvar2": 1222350995460.0, "min": 1266072.375}, "dynamic_complexity": 9.96238327026, "melbands_crest": {"dvar": 8.50451755524, "var": 26.7204284668, "median": 14.6081523895, "max": 39.7139663696, "dmean": 3.56106138229, "dmean2": 5.81148910522, "mean": 15.3111343384, "dvar2": 21.3195533752, "min": 4.09694862366}, "zerocrossingrate": {"dvar": 0.00172508729156, "var": 0.0241017136723, "median": 0.47119140625, "max": 0.8544921875, "dmean": 0.04555420205, "dmean2": 0.0609818398952, "mean": 0.42511934042, "dvar2": 0.00301784276962, "min": 0}, "spectral_energyband_low": {"dvar": 2.53205894296e-06, "var": 8.33629837871e-06, "median": 0.000677028903738, "max": 0.0391263850033, "dmean": 0.000816040032078, "dmean2": 0.00115243752953, "mean": 0.00164238922298, "dvar2": 4.53873872175e-06, "min": 4.14552268069e-08}, "melbands_kurtosis": {"dvar": 356.400970459, "var": 965.551208496, "median": 9.96448802948, "max": 314.958007812, "dmean": 11.5551185608, "dmean2": 18.7284927368, "mean": 21.5814743042, "dvar2": 875.764648438, "min": -1.8533873558}, "spectral_energyband_middle_high": {"dvar": 2.13552144857e-08, "var": 4.93152043646e-08, "median": 4.81768365717e-05, "max": 0.00335950008593, "dmean": 6.54233299429e-05, "dmean2": 0.000106694111309, "mean": 0.000122399636894, "dvar2": 5.63089344041e-08, "min": 2.96746210937e-10}, "barkbands_spread": {"dvar": 39.253993988, "var": 153.835510254, "median": 4.59824800491, "max": 108.84147644, "dmean": 2.96759724617, "dmean2": 4.55689668655, "mean": 7.96548080444, "dvar2": 75.4530181885, "min": 0.360327482224}, "mfcc": {"mean": [-845.14276123, 167.435836792, 46.6664962769, 22.8158893585, -10.9065284729, 3.52746486664, -11.819486618, -15.0426740646, -5.68581533432, -2.2471241951, -9.71976947784, -1.83198058605, -3.21052265167], "cov": [[9590.92285156, 1494.13708496, -11.8447141647, 815.262268066, -538.355285645, -374.052581787, -751.490966797, -556.76348877, -82.6877441406, -34.7485656738, -358.059387207, -116.855316162, -284.513641357], [1494.13708496, 1085.69506836, 345.138946533, -1.93252587318, -125.662742615, -81.279510498, -253.226791382, -230.067230225, 48.9192886353, 52.0202178955, -88.6469116211, -28.8126430511, -57.8462982178], [-11.8447141647, 345.138946533, 373.809509277, -0.988156735897, -7.71902036667, -96.1657943726, -120.892936707, -74.4836959839, 27.9895095825, 51.4695892334, 17.5703659058, -10.9711389542, -17.3942127228], [815.262268066, -1.93252587318, -0.988156735897, 400.299316406, -20.7229423523, 73.8196716309, -21.1126689911, 4.04629659653, -14.6055526733, 15.159280777, -59.1587791443, -7.02871322632, -27.6862564087], [-538.355285645, -125.662742615, -7.71902036667, -20.7229423523, 244.868362427, 131.304702759, 151.307037354, 66.0370101929, -9.7542552948, -39.9109420776, 14.2155485153, 4.5355963707, 25.9393024445], [-374.052581787, -81.279510498, -96.1657943726, 73.8196716309, 131.304702759, 346.862243652, 254.593734741, 64.0468673706, -12.6060190201, -63.0376815796, -95.1660614014, 6.40778446198, 31.495513916], [-751.490966797, -253.226791382, -120.892936707, -21.1126689911, 151.307037354, 254.593734741, 325.593078613, 153.041213989, -4.00242519379, -66.8862533569, -32.5097045898, 7.91161155701, 44.0874824524], [-556.76348877, -230.067230225, -74.4836959839, 4.04629659653, 66.0370101929, 64.0468673706, 153.041213989, 179.909179688, 29.2203044891, 0.695892035961, 36.9474182129, -4.04567193985, 17.780500412], [-82.6877441406, 48.9192886353, 27.9895095825, -14.6055526733, -9.7542552948, -12.6060190201, -4.00242519379, 29.2203044891, 76.3927764893, 42.7482528687, 23.4446601868, 6.4697432518, 1.22097730637], [-34.7485656738, 52.0202178955, 51.4695892334, 15.159280777, -39.9109420776, -63.0376815796, -66.8862533569, 0.695892035961, 42.7482528687, 85.0835418701, 53.5619316101, 13.8194112778, -0.232492893934], [-358.059387207, -88.6469116211, 17.5703659058, -59.1587791443, 14.2155485153, -95.1660614014, -32.5097045898, 36.9474182129, 23.4446601868, 53.5619316101, 123.303588867, 34.3463478088, 15.7695455551], [-116.855316162, -28.8126430511, -10.9711389542, -7.02871322632, 4.5355963707, 6.40778446198, 7.91161155701, -4.04567193985, 6.4697432518, 13.8194112778, 34.3463478088, 53.4367523193, 32.7445716858], [-284.513641357, -57.8462982178, -17.3942127228, -27.6862564087, 25.9393024445, 31.495513916, 44.0874824524, 17.780500412, 1.22097730637, -0.232492893934, 15.7695455551, 32.7445716858, 56.2125320435]], "icov": [[0.00030099003925, -0.000488786317874, 0.00060214556288, -0.000694246729836, 8.95597395356e-07, 0.000701320357621, -0.000162690834259, 0.000344286148902, -7.66350131016e-05, 0.000452433800092, 0.000318216043524, -0.000259915017523, 0.000555834441911], [-0.000488786317874, 0.00291034998372, -0.00244236178696, 0.00161920767277, 0.000244421564275, -0.00204021832906, 0.00139459269121, 0.000606404675636, -0.00137576123234, -0.00111108983401, 0.00112435442861, -6.48407876724e-06, 2.11338028748e-05], [0.00060214556288, -0.00244236178696, 0.00583300553262, -0.00187792279758, -0.00142080581281, 0.00293967011385, -0.00114932586439, 0.00173929345328, -0.00029980999534, -0.000886411289684, -5.56439190404e-05, 0.00130000209901, 3.53664072463e-05], [-0.000694246729836, 0.00161920767277, -0.00187792279758, 0.00560770183802, -0.000338549987646, -0.00367870973423, 0.0035548042506, -0.00389151042327, 0.00245407200418, -0.00400406122208, 0.00333068217151, -0.0031723647844, 0.00183724390808], [8.95597395356e-07, 0.000244421564275, -0.00142080581281, -0.000338549987646, 0.00773992529139, -0.0031710176263, -0.0015447383048, 0.00103861046955, -0.000589751347434, 0.00465539703146, -0.00665013259277, 0.00401302892715, -0.00170220120344], [0.000701320357621, -0.00204021832906, 0.00293967011385, -0.00367870973423, -0.0031710176263, 0.015714596957, -0.0120381321758, 0.00461544375867, -0.00021504322649, -0.00383492768742, 0.00913913268596, -0.00456677330658, 0.00127317605074], [-0.000162690834259, 0.00139459269121, -0.00114932586439, 0.0035548042506, -0.0015447383048, -0.0120381321758, 0.0214949958026, -0.0130002517253, 0.000522277492564, 0.00595665350556, 0.00132205523551, -0.00340184895322, -0.00165781041142], [0.000344286148902, 0.000606404675636, 0.00173929345328, -0.00389151042327, 0.00103861046955, 0.00461544375867, -0.0130002517253, 0.0207287464291, -0.00753326807171, 8.46624534461e-05, -0.00840331055224, 0.0117667568848, -0.00277063599788], [-7.66350131016e-05, -0.00137576123234, -0.00029980999534, 0.00245407200418, -0.000589751347434, -0.00021504322649, 0.000522277492564, -0.00753326807171, 0.0237408410758, -0.0134486211464, 0.00479030515999, -0.00552070047706, 0.00297889113426], [0.000452433800092, -0.00111108983401, -0.000886411289684, -0.00400406122208, 0.00465539703146, -0.00383492768742, 0.00595665350556, 8.46624534461e-05, -0.0134486211464, 0.0342202447355, -0.0162586830556, 0.00403037620708, -0.00315095460974], [0.000318216043524, 0.00112435442861, -5.56439190404e-05, 0.00333068217151, -0.00665013259277, 0.00913913