{"tonal": {"chords_key": "C", "hpcp_entropy": {"dmean": 0.247782662511, "dmean2": 0.409099400043, "max": 3.23677778244, "dvar": 0.104473777115, "mean": 1.21277439594, "dvar2": 0.2345662117, "min": 0, "var": 0.26750934124, "median": 1.1594427824}, "key_key": "C", "chords_strength": {"dmean": 0.00493193417788, "dmean2": 0.00300949346274, "max": 0.693182349205, "dvar": 0.000275259779301, "mean": 0.515710413456, "dvar2": 0.000532860518433, "min": -1, "var": 0.012614143081, "median": 0.525048673153}, "key_scale": "major", "chords_number_rate": 0.000652741524391, "thpcp": [1, 0.508133590221, 0.013252732344, 0.00121786305681, 0.00060597731499, 0.00264758965932, 0.0108471652493, 0.0105390176177, 0.00250452081673, 0.00102922751103, 0.00899503845721, 0.278839230537, 0.568287730217, 0.312531143427, 0.163425475359, 0.318111628294, 0.175991401076, 0.00830327998847, 0.0077437767759, 0.0284314211458, 0.384327918291, 0.718988776207, 0.369566857815, 0.0129484776407, 0.000800416572019, 0.000817397376522, 0.0645805969834, 0.187081500888, 0.132740810513, 0.0101471524686, 0.000736888498068, 0.00352948554792, 0.132975369692, 0.305767446756, 0.204738929868, 0.53305542469], "key_strength": 0.823706805706, "tuning_nontempered_energy_ratio": 0.579982578754, "tuning_frequency": 441.782684326, "chords_changes_rate": 0.0272845961154, "tuning_diatonic_strength": 0.590210437775, "chords_scale": "major", "chords_histogram": [70.6396865845, 5.0783290863, 0.156657963991, 0, 0, 0, 0.261096596718, 0, 0, 0, 0, 0, 0, 0, 0, 0.469973891973, 0, 3.05483031273, 0, 0, 0, 0, 14.1644906998, 6.17493486404], "tuning_equal_tempered_deviation": 0.00964014884084, "hpcp": {"dmean": [0.0189156923443, 0.0166627448052, 0.00384806818329, 0.000490387552418, 0.00246562552638, 0.0301240328699, 0.0468000099063, 0.0508515238762, 0.0644680783153, 0.0762765482068, 0.0621895715594, 0.00916292052716, 0.00116600026377, 0.000528610602487, 0.000974229478743, 0.00289089954458, 0.00272228335962, 0.00102097599301, 0.000978577532806, 0.00431045517325, 0.0343010872602, 0.043525993824, 0.0373907871544, 0.0170270297676, 0.0204844847322, 0.0148673662916, 0.00299821491353, 0.00337951700203, 0.00976978894323, 0.0458360612392, 0.0638683512807, 0.0485592186451, 0.00576543295756, 0.000665999425109, 0.00068131525768, 0.00930629950017], "dmean2": [0.0278068538755, 0.0256090145558, 0.0065212789923, 0.000931069487706, 0.00475180940703, 0.0474560000002, 0.070763066411, 0.0859199166298, 0.102861516178, 0.116147384048, 0.0963947623968, 0.0167201627046, 0.00231245555915, 0.00102903798688, 0.00155832152814, 0.00419440772384, 0.00405928166583, 0.00184227537829, 0.00192806415725, 0.00802538078278, 0.0550947524607, 0.0663157999516, 0.0620576031506, 0.0274375379086, 0.0308150313795, 0.0228485334665, 0.00507948826998, 0.00574195571244, 0.0167919714004, 0.0715577527881, 0.0949617773294, 0.073577657342, 0.0101577136666, 0.00129946356174, 0.00130334228743, 0.013499673456], "max": [1, 1, 0.711812436581, 0.2150388062, 0.667429983616, 1, 1, 1, 1, 1, 1, 1, 0.611033737659, 0.326444238424, 0.0925653204322, 0.125762492418, 0.229398325086, 0.38533654809, 0.233456090093, 0.5658659935, 0.985020399094, 1, 1, 1, 1, 1, 1, 0.927684307098, 1, 1, 1, 1, 0.384761691093, 0.161657527089, 0.150708660483, 0.540474176407], "dvar": [0.00770479626954, 0.00529909459874, 0.000610437244177, 2.12596805795e-05, 0.00042667920934, 0.00567094655707, 0.0171414706856, 0.0135228047147, 0.0109156388789, 0.0271068681031, 0.0128277717158, 0.00190826086327, 0.000212124257814, 5.61641500099e-05, 1.00811921584e-05, 5.92772194068e-05, 7.52520863898e-05, 8.87435307959e-05, 6.81046585669e-05, 0.000385295861633, 0.00619649188593, 0.013735842891, 0.00797387305647, 0.00250155525282, 0.00605538347736, 0.00311479228549, 0.00065823062323, 0.000613666081335, 0.00196198676713, 0.00889583304524, 0.0186167731881, 0.00777194881812, 0.000502231356222, 2.43167451117e-05, 2.49649256148e-05, 0.00124155031517], "mean": [0.0946637019515, 0.0671671777964, 0.005134484265, 0.000372867420083, 0.00178592849988, 0.0672858655453, 0.154719084501, 0.103598408401, 0.269727379084, 0.506002485752, 0.257116854191, 0.00670591555536, 0.000616241712123, 0.000306626025122, 0.00133968691807, 0.00548869278282, 0.00533276889473, 0.00126729381736, 0.000520791683812, 0.00455151172355, 0.141093343496, 0.287555009127, 0.158141538501, 0.082693696022, 0.160965278745, 0.0890520885587, 0.00420148018748, 0.00391837023199, 0.0143863698468, 0.194470882416, 0.363810122013, 0.187001749873, 0.00655196188018, 0.000405012775445, 0.000413605099311, 0.0326779410243], "dvar2": [0.0131938001141, 0.0103239296004, 0.00169126235414, 6.32577575743e-05, 0.00127763068303, 0.0139460898936, 0.0311432089657, 0.0366716757417, 0.0279646124691, 0.0480635017157, 0.0274390820414, 0.00556799676269, 0.00063470803434, 0.000167406993569, 2.72181478067e-05, 0.000133491412271, 0.000189094702364, 0.000264791073278, 0.00020598746778, 0.00115733896382, 0.0153333134949, 0.0244687926024, 0.0211604367942, 0.00596191594377, 0.0115313986316, 0.00627502193674, 0.00181044696365, 0.0016979330685, 0.00490283593535, 0.0201186724007, 0.0345159843564, 0.0164416953921, 0.00140514248051, 7.22502882127e-05, 7.29620878701e-05, 0.00242556724697], "min": [0, 0, 0, 0, 0, 0, 0, 0, 0, 0, 0, 0, 0, 0, 0, 0, 0, 0, 0, 0, 0, 0, 0, 0, 0, 0, 0, 0, 0, 0, 0, 0, 0, 0, 0, 0], "var": [0.0622077696025, 0.0319453887641, 0.000518622633535, 1.14327576739e-05, 0.000222375194426, 0.0172150880098, 0.0840366482735, 0.0362858250737, 0.0561934188008, 0.183028921485, 0.0540684908628, 0.0010929616401, 0.00010666930757, 2.86180202238e-05, 1.00223396657e-05, 0.000168313650647, 0.000184497126611, 5.03356131958e-05, 3.44019790646e-05, 0.000252226484008, 0.0360979177058, 0.149729013443, 0.0523758120835, 0.0255265384912, 0.105210281909, 0.0354282595217, 0.000619818456471, 0.00079699215712, 0.00471661984921, 0.0555502772331, 0.163076907396, 0.0491303354502, 0.000489767407998, 1.27828334371e-05, 1.37636106956e-05, 0.00779300043359], "median": [0.000277114624623, 0.000282687920844, 0.000206374097615, 2.94079945888e-05, 7.18224400771e-05, 0.0070811258629, 0.0147289773449, 0.0126061793417, 0.222286552191, 0.415661394596, 0.204522430897, 0.000282675551716, 1.65376586665e-05, 2.03072922886e-05, 0.000330956390826, 0.0008285214426, 0.000641183229163, 0.000114195492642, 1.04749415186e-05, 0.000368435867131, 0.0411735065281, 0.0665392130613, 0.0340555235744, 0.00450566224754, 0.000528239528649, 0.000164132099599, 0.000139873562148, 6.40636935714e-05, 0.00123918871395, 0.0775780901313, 0.153525173664, 0.0728035345674, 0.000992216169834, 9.9323797258e-06, 1.63694512594e-05, 0.00014633819228]}}, "lowlevel": {"melbands_flatness_db": {"dmean": 0.031267285347, "dmean2": 0.0477132983506, "max": 0.927936971188, "dvar": 0.00215918221511, "mean": 0.526947796345, "dvar2": 0.00503629166633, "min": 0.00283456221223, "var": 0.0111470893025, "median": 0.524526953697}, "melbands_crest": {"dmean": 1.59022247791, "dmean2": 2.51356506348, "max": 33.5724372864, "dvar": 3.9251499176, "mean": 17.5920829773, "dvar2": 9.01881694794, "min": 1.5828294754, "var": 26.905046463, "median": 17.2219104767}, "spectral_entropy": {"dmean": 0.236636057496, "dmean2": 0.38738912344, "max": 9.82712650299, "dvar": 0.161286741495, "mean": 4.91669464111, "dvar2": 0.41350454092, "min": 2.76333379745, "var": 0.458804249763, "median": 4.8680639267}, "melbands": {"dmean": [2.05837295653e-05, 0.000157652553753, 0.000552405661438, 0.000372362992493, 0.000164408687851, 0.000121126038721, 7.71670238464e-05, 0.000242715323111, 3.84480554203e-05, 2.04458010558e-05, 5.42381276318e-05, 9.87466501101e-06, 2.91350424959e-05, 3.57880458068e-06, 1.98484349312e-06, 1.82987605513e-06, 5.31884325028e-06, 1.30527257625e-06, 8.81151322574e-07, 9.67200890045e-07, 3.62670590448e-07, 3.50604977939e-07, 7.82260585197e-08, 2.34361593243e-07, 1.07622064149e-07, 2.56731578219e-08, 2.26484253574e-08, 3.91229626473e-08, 1.64942566272e-08, 1.32107134121e-08, 8.69550742522e-09, 9.91451365451e-09, 6.65774901876e-09, 4.49546710968e-09, 3.64632279926e-09, 1.69047109644e-09, 2.8092470572e-09, 1.60610225119e-09, 1.45600698165e-09, 1.04570418991e-09], "dmean2": [3.89702436223e-05, 0.000246067938861, 0.000880478008185, 0.000606404268183, 0.000241585759795, 0.000169202277903, 9.40561440075e-05, 0.000374372146325, 5.44447575521e-05, 2.60571705439e-05, 7.04423728166e-05, 1.42562030305e-05, 4.16963994212e-05, 4.94257074024e-06, 2.88440469376e-06, 2.77395133708e-06, 7.60720195103e-06, 1.74148976839e-06, 1.15772024856e-06, 1.4185047803e-06, 6.164940487e-07, 5.93152037709e-07, 1.33252584078e-07, 4.18023319071e-07, 1.89258699379e-07, 4.24171773261e-08, 3.89903185294e-08, 6.46940563342e-08, 2.77415761474e-08, 2.18081588343e-08, 1.44422180881e-08, 1.58054689336e-08, 9.93191662246e-09, 7.50448414522e-09, 6.27418916821e-09, 2.92564439341e-09, 4.6775525675e-09, 2.59024335314e-09, 2.22221485657e-09, 1.83887072236e-09], "max": [0.0027490365319, 0.0313761383295, 0.0312511697412, 0.0190237369388, 0.0134251629934, 0.0108681917191, 0.00472690770403, 0.0213402528316, 0.00510211614892, 0.00294473720714, 0.00679779564962, 0.00106580834836, 0.00501525076106, 0.000291929551167, 0.000241702451603, 0.000281860644463, 0.000532177044079, 0.000152300126501, 0.000268084986601, 0.0002652129333, 5.02910224895e-05, 5.79257721256e-05, 1.63966269611e-05, 6.81472520228e-05, 1.86888391909e-05, 2.74019112112e-06, 2.39745440922e-06, 6.36599997961e-06, 2.33163655139e-06, 1.14745762403e-06, 2.23897427531e-06, 1.95137863557e-06, 1.02405397229e-06, 4.26832599487e-07, 6.89700243584e-07, 2.81018373016e-07, 6.59486374843e-07, 3.32021357963e-07, 3.42947288345e-07, 6.79183870034e-07], "dvar": [1.79988521865e-08, 7.37720199595e-07, 1.82962025974e-06, 9.04700414139e-07, 2.85697097979e-07, 1.03601138335e-07, 3.82076379424e-08, 7.94071524979e-07, 2.86539734162e-08, 4.72927919049e-09, 5.8191808705e-08, 1.80288250995e-09, 2.95466513478e-08, 1.49547457751e-10, 4.77334942406e-11, 6.19069101537e-11, 5.84182202612e-10, 3.32151146865e-11, 3.7134687686e-11, 4.4251793202e-11, 4.75528774344e-12, 6.01886292542e-12, 2.7268654999e-13, 7.41248642327e-12, 6.1294150094e-13, 1.40888548657e-14, 1.26772041554e-14, 5.99648098103e-14, 7.12436870837e-15, 3.53189127962e-15, 4.57885851902e-15, 3.819344404e-15, 1.25988337025e-15, 3.54133675577e-16, 5.39384651581e-16, 1.01077295246e-16, 3.97316791657e-16, 1.14023313725e-16, 1.13449501843e-16, 2.63570236345e-16], "mean": [1.31999759105e-05, 0.00125017401297, 0.00279784435406, 0.00159885012545, 0.00053947896231, 0.000597757636569, 0.00030469003832, 0.000574378063902, 0.000105498445919, 7.0541180321e-05, 0.000148898863699, 2.49070981226e-05, 7.17680741218e-05, 1.03269421743e-05, 5.86720989304e-06, 3.74413752979e-06, 9.20308866625e-06, 3.57024737241e-06, 3.07717186843e-06, 1.97274835045e-06, 4.30341088986e-07, 3.98097711241e-07, 8.52462136436e-08, 2.01537176281e-07, 9.00780960933e-08, 3.04669320883e-08, 2.76881113592e-08, 5.77135601532e-08, 2.94487740859e-08, 2.15896847067e-08, 8.15641154617e-09, 1.61918922714e-08, 1.3319024994e-08, 9.69817293139e-09, 4.0768757259e-09, 1.93232208012e-09, 4.03114119862e-09, 3.35581296085e-09, 2.49707721167e-09, 9.70669100653e-10], "dvar2": [5.23801233498e-08, 1.80400400041e-06, 4.82387576994e-06, 2.3032248464e-06, 5.33788636403e-07, 2.13738573507e-07, 6.8877525905e-08, 1.82222038347e-06, 5.71633904656e-08, 8.73035421733e-09, 1.00165181038e-07, 3.99169231002e-09, 6.68505748536e-08, 2.86326989896e-10, 9.63497476247e-11, 1.29152674666e-10, 1.19641985208e-09, 6.30983251759e-11, 6.94147239688e-11, 8.60967616645e-11, 1.20925422453e-11, 1.51099428108e-11, 7.02601388528e-13, 2.06913930434e-11, 1.6825412591e-12, 3.35068615648e-14, 3.48213042331e-14, 1.58602623222e-13, 1.83665813135e-14, 8.98874751758e-15, 8.70535824552e-15, 7.18815791259e-15, 2.72453123803e-15, 9.14845452099e-16, 1.22198626916e-15, 2.76333302325e-16, 1.03315488489e-15, 3.00451453767e-16, 2.63961671446e-16, 6.89669101671e-16], "min": [1.08627921586e-24, 1.2234014836e-24, 1.05773477704e-24, 1.8680334704e-24, 1.29838754441e-24, 1.80671846768e-24, 1.87472379974e-24, 2.60316328443e-24, 2.02102969031e-24, 2.47256223397e-24, 2.4332355457e-24, 1.68405828831e-24, 3.04220204629e-24, 2.42943639158e-24, 4.38122657694e-24, 3.7095588478e-24, 3.41475916094e-24, 3.43750123198e-24, 3.62117526641e-24, 3.64619122901e-24, 3.40705001774e-24, 3.41008397678e-24, 4.45410667497e-24, 3.79008616344e-24, 5.26260903343e-24, 3.72659311576e-24, 4.49663613852e-24, 4.079431666e-24, 5.82339881247e-24, 5.72626321377e-24, 4.89793914733e-24, 4.44625593124e-24, 4.82609916242e-24, 6.11778789724e-24, 5.86697036128e-24, 5.4706596587e-24, 5.60470408701e-24, 7.04174320463e-24, 4.94060390053e-24, 6.32649327706e-24], "var": [9.96788163121e-09, 9.10038943402e-06, 1.42297922139e-05, 9.05580873223e-06, 1.26909412757e-06, 1.41503221585e-06, 2.31002914575e-07, 2.30012688007e-06, 7.7726156178e-08, 1.99466825279e-08, 1.78147956831e-07, 4.86553908274e-09, 7.48101527392e-08, 5.85749282411e-10, 3.34796718127e-10, 1.92292862189e-10, 1.21331178438e-09, 1.21514923124e-10, 1.99085220531e-10, 1.74996614422e-10, 3.99919680705e-12, 5.14121167514e-12, 2.33309438392e-13, 5.14988832828e-12, 4.37532524317e-13, 1.84359092662e-14, 1.07770720855e-14, 5.26123097183e-14, 8.98615644379e-15, 7.65381935754e-15, 5.79350037725e-15, 5.77707090268e-15, 4.2561182138e-15, 7.37802966508e-16, 5.29406603462e-16, 1.00811386458e-16, 3.45730420526e-16, 1.40703845712e-16, 2.00366834813e-16, 1.9230252529e-16], "median": [5.71335647237e-07, 5.85613961448e-05, 0.00130388070829, 0.000396813440602, 0.000154754583491, 0.000183848344022, 0.000116837712994, 9.05840788619e-05, 2.49642507697e-05, 1.94943895622e-05, 1.21805387607e-05, 3.40209680871e-06, 6.63901164444e-06, 1.93657047021e-06, 4.50241287808e-07, 2.3274961336e-07, 4.65767556079e-07, 2.2087718321e-07, 8.45577758923e-08, 6.5061961152e-08, 3.28398108707e-08, 2.76965170798e-08, 3.43060668762e-09, 5.65768587535e-09, 3.74080766363e-09, 1.40862910225e-09, 2.1330575084e-09, 2.08192663109e-09, 2.1768382652e-09, 1.00030483896e-09, 5.93572635488e-10, 9.98841565014e-10, 3.96619209697e-10, 8.17851064649e-10, 3.50165979546e-10, 1.21137572195e-10, 2.65730493165e-10, 2.45157089074e-10, 1.15679466006e-10, 5.74256510399e-11]}, "silence_rate_60dB": {"dmean": 0.0172346252948, "dmean2": 0.0344715006649, "max": 1, "dvar": 0.0169325117022, "mean": 0.138520792127, "dvar2": 0.0353735461831, "min": 0, "var": 0.119316712022, "median": 0}, "spectral_energyband_middle_high": {"dmean": 0.000422766635893, "dmean2": 0.000589984643739, "max": 0.0350711531937, "dvar": 2.31652120419e-06, "mean": 0.00118852686137, "dvar2": 4.71970906801e-06, "min": 1.14559122817e-21, "var": 5.96657810092e-06, "median": 0.000359352736268}, "erbbands_skewness": {"dmean": 0.305380344391, "dmean2": 0.440626323223, "max": 6.78911018372, "dvar": 0.131277605891, "mean": 0.733027100563, "dvar2": 0.273242205381, "min": -5.99323892593, "var": 1.53124368191, "median": 0.766419410706}, "dynamic_complexity": 4.38318872452, "dissonance": {"dmean": 0.0533474870026, "dmean2": 0.0904713049531, "max": 0.499920487404, "dvar": 0.0023845906835, "mean": 0.28233230114, "dvar2": 0.00650811754167, "min": 0.03954904899, "var": 0.00722214346752, "median": 0.2828104496}, "spectral_skewness": {"dmean": 1.62398374081, "dmean2": 2.69900488853, "max": 28.4404659271, "dvar": 2.83078575134, "mean": 8.3937587738, "dvar2": 6.64196014404, "min": -0.0914015397429, "var": 12.5844650269, "median": 8.00313472748}, "spectral_kurtosis": {"dmean": 41.3133544922, "dmean2": 68.4792938232, "max": 1193.68383789, "dvar": 3451.11303711, "mean": 123.579444885, "dvar2": 9106.05273438, "min": -1.26064479351, "var": 9765.69140625, "median": 103.54535675}, "gfcc": {"cov": [[14996.8173828, 471.190826416, -2271.90087891, 704.608825684, 146.923110962, 284.34942627, -76.4370040894, 155.616882324, 130.78956604, 111.703010559, -171.237869263, -68.3485794067, -18.2922077179], [471.190826416, 1205.34643555, 523.855285645, -130.84085083, 134.572311401, -23.5183906555, 110.227844238, -160.905105591, 57.4852104187, -155.028076172, -3.44925379753, -104.799026489, -21.67603302], [-2271.90087891, 523.855285645, 1515.34960938, 169.517074585, -59.1032981873, -143.264266968, 83.1639404297, -36.3337478638, -97.5971908569, -126.224090576, 12.2693195343, -64.2358474731, -71.9150314331], [704.608825684, -130.84085083, 169.517074585, 861.118591309, 269.340301514, 50.2190895081, -82.4407043457, -29.8146152496, 156.159988403, -54.6581993103, -74.2531967163, 38.9986419678, 35.6348075867], [146.923110962, 134.572311401, -59.1032981873, 269.340301514, 559.385009766, 161.590286255, 67.7604446411, 18.5563545227, 16.1228313446, -24.2985954285, -62.3671112061, -47.3316078186, -20.4860801697], [284.34942627, -23.5183906555, -143.264266968, 50.2190895081, 161.590286255, 349.316894531, 64.7514266968, -98.8040084839, 65.1395568848, -39.100818634, 50.6071968079, 39.0371246338, -45.0254707336], [-76.4370040894, 110.227844238, 83.1639404297, -82.4407043457, 67.7604446411, 64.7514266968, 610.614868164, 70.2983474731, -211.848571777, 6.83571338654, -133.802841187, 52.9247627258, -46.8566017151], [155.616882324, -160.905105591, -36.3337478638, -29.8146152496, 18.5563545227, -98.8040084839, 70.2983474731, 457.137908936, -115.391845703, 18.1261806488, -4.40249967575, -85.5114135742, -53.3894996643], [130.78956604, 57.4852104187, -97.5971908569, 156.159988403, 16.1228313446, 65.1395568848, -211.848571777, -115.391845703, 415.237609863, -24.5207023621, 65.6514892578, 73.1626815796, 51.5255851746], [111.703010559, -155.028076172, -126.224090576, -54.6581993103, -24.2985954285, -39.100818634, 6.83571338654, 18.1261806488, -24.5207023621, 284.680267334, 33.6437416077, -101.785636902, 15.4376707077], [-171.237869263, -3.44925379753, 12.2693195343, -74.2531967163, -62.3671112061, 50.6071968079, -133.802841187, -4.40249967575, 65.6514892578, 33.6437416077, 328.317016602, 8.68758869171, -98.1757965088], [-68.3485794067, -104.799026489, -64.2358474731, 38.9986419678, -47.3316078186, 39.0371246338, 52.9247627258, -85.5114135742, 73.1626815796, -101.785636902, 8.68758869171, 338.170837402, 38.6150779724], [-18.2922077179, -21.67603302, -71.9150314331, 35.6348075867, -20.4860801697, -45.0254707336, -46.8566017151, -53.3894996643, 51.5255851746, 15.4376707077, -98.1757965088, 38.6150779724, 201.174087524]], "mean": [-220.520889282, 201.783615112, -71.2121734619, -35.7110328674, -62.3542861938, -17.3442840576, -34.5950660706, -26.6461849213, -20.8755283356, -19.5612449646, -19.7882270813, -19.2281589508, -9.51926326752], "icov": [[0.000179349299287, -0.000475829292554, 0.000460467883386, -0.000469099759357, 0.000406679318985, -0.000275149475783, 0.000171994135599, -0.000237841784838, 0.00029186764732, -0.000270325195743, 0.000196516019059, -0.00014489730529, 0.000239214015892], [-0.000475829292554, 0.00293846637942, -0.00169267330784, 0.00191935244948, -0.0019124399405, 0.00151476473548, -0.00121018721256, 0.00144505978096, -0.00163037749007, 0.00192714610603, -0.000971709552687, 0.00144525745418, -0.000907747657038], [0.000460467883386, -0.00169267330784, 0.00217977003194, -0.00170261098538, 0.0014142212458, -0.000375023839297, 0.000330913782818, -0.00051743153017, 0.00113258766942, -0.000442793272668, 0.000298004713841, -0.000248620548518, 0.000877176120412], [-0.000469099759357, 0.00191935244948, -0.00170261098538, 0.00315977376886, -0.00222587771714, 0.00101180921774, -0.00042024377035, 0.000811669684481, -0.00166103476658, 0.00105551863089, -0.000185827215319, 0.000418158277171, -0.000713396817446], [0.000406679318985, -0.0019124399405, 0.0014142212458, -0.00222587771714, 0.00402431795374, -0.00221949839033, 0.000566262111533, -0.001177341328, 0.00116673728917, -0.00106158980634, 0.00108531105798, -0.000245776725933, 0.000822695612442], [-0.000275149475783, 0.00151476473548, -0.000375023839297, 0.00101180921774, -0.00221949839033, 0.00538888759911, -0.00161165720783, 0.00190164567903, -0.00146643840708, 0.00180737557821, -0.00162286544219, 0.000905764987692, 0.000205345335416], [0.000171994135599, -0.00121018721256, 0.000330913782818, -0.00042024377035, 0.000566262111533, -0.00161165720783, 0.00328374840319, -0.00103422929533, 0.00174185202923, -0.00162323459517, 0.0018748753937, -0.00178996345494, 0.00120227329899], [-0.000237841784838, 0.00144505978096, -0.00051743153017, 0.000811669684481, -0.001177341328, 0.00190164567903, -0.00103422929533, 0.00351571012288, -0.000399459444452, 0.00131506437901, -0.000849739357363, 0.00136385962833, 0.000128118379507], [0.00029186764732, -0.00163037749007, 0.00113258766942, -0.00166103476658, 0.00116673728917, -0.00146643840708, 0.00174185202923, -0.000399459444452, 0.00459049083292, -0.0010244701989, 3.98595511797e-05, -0.00136305880733, -0.000175767083419], [-0.000270325195743, 0.00192714610603, -0.000442793272668, 0.00105551863089, -0.00106158980634, 0.00180737557821, -0.00162323459517, 0.00131506437901, -0.0010244701989, 0.0060300999321, -0.00195404421538, 0.00283483532257, -0.00159294216428], [0.000196516019059, -0.000971709552687, 0.000298004713841, -0.000185827215319, 0.00108531105798, -0.00162286544219, 0.0018748753937, -0.000849739357363, 3.98595511797e-05, -0.00195404421538, 0.00544711947441, -0.00144149549305, 0.00308579648845], [-0.00014489730529, 0.00144525745418, -0.000248620548518, 0.000418158277171, -0.000245776725933, 0.000905764987692, -0.00178996345494, 0.00136385962833, -0.00136305880733, 0.00283483532257, -0.00144149549305, 0.00511724455282, -0.00145180488471], [0.000239214015892, -0.000907747657038, 0.000877176120412, -0.000713396817446, 0.000822695612442, 0.000205345335416, 0.00120227329899, 0.000128118379507, -0.000175767083419, -0.00159294216428, 0.00308579648845, -0.00145180488471, 0.00773030659184]]}, "spectral_complexity": {"dmean": 0.702702701092, "dmean2": 1.21198666096, "max": 16, "dvar": 0.779833555222, "mean": 6.28356933594, "dvar2": 1.72883963585, "min": 0, "var": 5.39201259613, "median": 6}, "spectral_flux": {"dmean": 0.0154698109254, "dmean2": 0.0258190482855, "max": 0.291609853506, "dvar": 0.000719532952644, "mean": 0.0309564098716, "dvar2": 0.00181890290696, "min": 6.35721197906e-11, "var": 0.00101465324406, "median": 0.0227967854589}, "spectral_energyband_low": {"dmean": 0.00114505016245, "dmean2": 0.00167573883664, "max": 0.166491597891, "dvar": 2.25012463488e-05, "mean": 0.00746789062396, "dvar2": 5.24251372553e-05, "min": 1.25294572472e-23, "var": 0.000263327819994, "median": 0.00126021984033}, "spectral_decrease": {"dmean": 1.15246023835e-09, "dmean2": 1.79281101076e-09, "max": 1.40714214317e-20, "dvar": 5.1203336049e-18, "mean": -6.3988210286e-09, "dvar2": 1.22783414492e-17, "min": -4.52092194791e-08, "var": 3.92426195473e-17, "median": -4.19659640372e-09}, "barkbands_spread": {"dmean": 0.679358482361, "dmean2": 1.03101491928, "max": 121.4349823, "dvar": 2.21963477135, "mean": 3.94996809959, "dvar2": 4.49358940125, "min": 0.068533398211, "var": 21.1853752136, "median": 2.7586607933}, "spectral_rms": {"dmean": 0.000409646629123, "dmean2": 0.000627934234217, "max": 0.0129835922271, "dvar": 4.16808774162e-07, "mean": 0.00432623038068, "dvar2": 9.83122163234e-07, "min": 3.1163047403e-12, "var": 5.49658079763e-06, "median": 0.0039973910898}, "spectral_centroid": {"dmean": 34.5126457214, "dmean2": 52.9301338196, "max": 11796.1396484, "dvar": 14733.8730469, "mean": 432.188873291, "dvar2": 22560.9316406, "min": 152.616500854, "var": 527574.9375, "median": 348.514129639}, "barkbands_skewness": {"dmean": 0.367838591337, "dmean2": 0.544086158276, "max": 13.620513916, "dvar": 0.214155092835, "mean": 1.65989434719, "dvar2": 0.45933714509, "min": -2.2199652195, "var": 2.28337574005, "median": 1.538159132}, "spectral_rolloff": {"dmean": 59.3986053467, "dmean2": 106.12827301, "max": 19509.0820312, "dvar": 98966.5703125, "mean": 592.167175293, "dvar2": 176705.03125, "min": 107.666015625, "var": 1678358.625, "median": 452.197265625}, "erbbands_spread": {"dmean": 1.6106761694, "dmean2": 2.40524601936, "max": 116.459289551, "dvar": 5.15930461884, "mean": 10.5165195465, "dvar2": 11.3329935074, "min": 0.619136929512, "var": 52.8775901794, "median": 9.19549655914}, "barkbands": {"dmean": [2.80728472717e-05, 7.04908379703e-05, 0.000600730418228, 0.00119166239165, 0.00167835049797, 0.000555365113541, 0.000505885691382, 0.000818612694275, 0.000123557358165, 0.000290186115308, 0.000190170670976, 1.74213400896e-05, 1.76658741111e-05, 4.88722653245e-05, 1.25394899442e-05, 7.14072393748e-06, 6.58000681142e-06, 3.80690767088e-06, 1.02011279068e-06, 9.93167873276e-07, 4.50468292001e-07, 3.82399917953e-07, 1.90794764876e-07, 1.75705238803e-07, 1.07271112881e-07, 4.03025381956e-08, 2.71437610166e-08], "dmean2": [4.9811846111e-05, 0.000136244081659, 0.000905769295059, 0.00189763947856, 0.0026906512212, 0.00076484651072, 0.000721192918718, 0.00123545352835, 0.000163566466654, 0.000378668104531, 0.000271541241091, 2.46739091381e-05, 2.79216019408e-05, 6.96731949574e-05, 1.56000514835e-05, 1.12151892608e-05, 1.11447789095e-05, 6.75837009112e-06, 1.73020691818e-06, 1.64461857821e-06, 7.36161098303e-07, 5.97733105678e-07, 3.37460448918e-07, 2.73282608987e-07, 1.7078974679e-07, 6.31022700759e-08, 3.58579761439e-08], "max": [0.00227777287364, 0.0110325887799, 0.118888065219, 0.0654154717922, 0.0902680233121, 0.0561751201749, 0.0502854436636, 0.0995304957032, 0.0180104915053, 0.0355121307075, 0.0318418331444, 0.000877466110978, 0.00257215765305, 0.00489420909435, 0.00415571127087, 0.000869697134476, 0.00104121293407, 0.00103355792817, 7.564995758e-05, 0.000133726134663, 6.3174564275e-05, 6.11949217273e-05, 2.20249658014e-05, 4.0066010115e-05, 6.0970618506e-05, 4.39689029008e-06, 6.19089178144e-06], "dvar": [1.49410972483e-08, 2.52869597261e-07, 1.03935453808e-05, 8.20390505396e-06, 1.89131369552e-05, 2.40135909735e-06, 2.53335360867e-06, 1.1465263924e-05, 1.80014467333e-07, 1.62442916007e-06, 1.19852575153e-06, 2.99304891982e-09, 5.67306868149e-09, 5.02333854513e-08, 7.44214201376e-09, 1.34672883956e-09, 1.97837191074e-09, 1.69184166676e-09, 1.88135514112e-11, 3.04325627198e-11, 4.8243679017e-12, 3.89946581969e-12, 8.03746283938e-13, 1.28369407118e-12, 1.83455767938e-12, 4.49788454095e-14, 2.89840850973e-14], "mean": [2.15110921999e-05, 4.49783510703e-05, 0.00498942518607, 0.00474610971287, 0.00676805339754, 0.00286970986053, 0.00168937514536, 0.00175862864126, 0.000412650639191, 0.000794538238551, 0.000480259448523, 4.14235983044e-05, 4.48244027211e-05, 8.17113323137e-05, 4.97634100611e-05, 9.05247361516e-06, 7.78555659053e-06, 3.39442158293e-06, 1.04760272279e-06, 1.39023791235e-06, 7.76414708525e-07, 7.113072229e-07, 2.73935370387e-07, 3.1123695976e-07, 1.64017293969e-07, 9.38747746204e-08, 6.80462690639e-08], "dvar2": [4.15079952631e-08, 7.45067552543e-07, 2.46871750278e-05, 2.05164051295e-05, 4.48919709015e-05, 4.86003227707e-06, 5.8111359067e-06, 2.35950283241e-05, 3.37260701144e-07, 2.79766595668e-06, 2.6890099889e-06, 6.53345377799e-09, 1.20598606657e-08, 1.02030234927e-07, 1.27776340619e-08, 3.13724668466e-09, 5.02254948742e-09, 4.70189220891e-09, 4.92216510606e-11, 8.05953706551e-11, 1.08908940893e-11, 7.93450895265e-12, 2.02866846585e-12, 3.26355175523e-12, 4.47102294424e-12, 1.08190603557e-13, 5.42247385773e-14], "min": [1.53514698739e-24, 2.40770840123e-24, 9.90329275097e-25, 7.58426257067e-25, 7.57287063034e-24, 5.07242492438e-24, 1.08554336641e-23, 1.00839363762e-23, 1.77594504321e-23, 1.68148494515e-23, 2.11346770121e-23, 2.15962395277e-23, 4.29039295135e-23, 4.5010746644e-23, 5.55428822322e-23, 5.00145166094e-23, 7.09679591394e-23, 8.27258615119e-23, 1.25924957533e-22, 1.44371125582e-22, 2.18043249418e-22, 2.9710687782e-22, 4.2138112182e-22, 6.04571486703e-22, 7.86729188485e-22, 1.29547066022e-21, 2.10936771341e-21], "var": [1.0804527939e-08, 1.34327393653e-07, 0.000145172205521, 4.66981182399e-05, 0.000171291234437, 3.59728001058e-05, 1.22213768918e-05, 3.22178202623e-05, 8.03456885023e-07, 4.92887465953e-06, 3.13279224429e-06, 9.00520458202e-09, 3.53476110604e-08, 9.53410008719e-08, 5.02897385957e-08, 1.78154158093e-09, 1.66504898758e-09, 1.18654441827e-09, 1.63869005171e-11, 2.70213226794e-11, 7.86211547255e-12, 8.73665896572e-12, 8.20049757266e-13, 1.46180094938e-12, 2.02335630889e-12, 1.08444374628e-13, 8.51351121219e-14], "median": [7.09442076641e-07, 1.8923008156e-06, 0.000231279002037, 0.00207898626104, 0.00153466477059, 0.000842278415803, 0.000560683547519, 0.000231634883676, 8.67124763317e-05, 6.65239422233e-05, 4.48401406175e-05, 6.2973626882e-06, 1.77303445525e-06, 4.45451632913e-06, 9.83380004982e-07, 4.81503946048e-07, 5.25581526745e-07, 1.21362816685e-07, 7.78802018431e-08, 6.37616466292e-08, 6.48809646009e-08, 4.85874629419e-08, 2.95870723477e-08, 3.11280743404e-08, 1.21708731982e-08, 8.82057271667e-09, 4.68126426512e-09]}, "melbands_kurtosis": {"dmean": 2.98137688637, "dmean2": 4.46049213409, "max": 148.98916626, "dvar": 34.2530479431, "mean": 9.78067302704, "dvar2": 74.6637268066, "min": -1.93320119381, "var": 237.333724976, "median": 5.69197845459}, "erbbands_crest": {"dmean": 1.93817842007, "dmean2": 2.99774193764, "max": 33.1204528809, "dvar": 4.89485168457, "mean": 16.2898731232, "dvar2": 11.3345594406, "min": 2.44708991051, "var": 31.3638286591, "median": 15.5199928284}, "melbands_skewness": {"dmean": 0.37786000967, "dmean2": 0.559642910957, "max": 10.1860427856, "dvar": 0.205689549446, "mean": 1.88265728951, "dvar2": 0.444077312946, "min": -2.35599732399, "var": 2.316157341, "median": 1.79135203362}, "spectral_energyband_middle_low": {"dmean": 0.00385501375422, "dmean2": 0.00601376686245, "max": 0.12243680656, "dvar": 5.47505769646e-05, "mean": 0.0189503096044, "dvar2": 0.000133492096211, "min": 1.76541062624e-22, "var": 0.000378659373382, "median": 0.0123500972986}, "spectral_contrast_coeffs": {"dmean": [0.0390331931412, 0.0385667942464, 0.0427131764591, 0.0363476164639, 0.0234645493329, 0.0361107885838], "dmean2": [0.0655566826463, 0.0648097023368, 0.0702672228217, 0.0604626759887, 0.0380332283676, 0.0612350441515], "max": [-0.16100487113, -0.298712342978, -0.409844785929, -0.489789813757, -0.589341819286, -0.573066949844], "dvar": [0.00192781339865, 0.00228383671492, 0.00273288483731, 0.00192419835366, 0.00090134749189, 0.000930510752369], "mean": [-0.40102186799, -0.591815829277, -0.616881430149, -0.715855777264, -0.784554004669, -0.803402602673], "dvar2": [0.00499163335189, 0.00571276713163, 0.00688452832401, 0.00461608963087, 0.00202985480428, 0.00256015453488], "min": [-0.978026032448, -0.979460656643, -0.978469312191, -0.968468308449, -0.965671181679, -0.965546250343], "var": [0.0126456934959, 0.010206357576, 0.00932511221617, 0.00814589299262, 0.00467010494322, 0.00445572705939], "median": [-0.392501175404, -0.59081363678, -0.606824278831, -0.705618739128, -0.778259336948, -0.801052212715]}, "spectral_contrast_valleys": {"dmean": [0.512260437012, 0.370057106018, 0.504524409771, 0.521634578705, 0.479260146618, 0.696960687637], "dmean2": [0.851509571075, 0.619812011719, 0.829090595245, 0.857181847095, 0.74402743578, 1.1805742979], "max": [-5.58420133591, -4.97506999969, -5.96289682388, -6.83838319778, -7.29750728607, -9.55694293976], "dvar": [0.380791753531, 0.260764360428, 0.471684157848, 0.557076931, 0.543904364109, 0.378409683704], "mean": [-9.91204547882, -8.16799163818, -9.86187267303, -11.0644159317, -11.9752483368, -14.3020496368], "dvar2": [0.88233923912, 0.605216026306, 1.1038980484, 1.30980324745, 1.24372315407, 1.01863443851], "min": [-28.2189559937, -27.7802562714, -28.0012836456, -27.6966934204, -27.5112781525, -27.3764648438], "var": [3.28019690514, 3.26550793648, 2.97131323814, 2.8174161911, 2.48059248924, 1.62614321709], "median": [-9.73214912415, -7.87256574631, -9.6675863266, -10.9696874619, -11.9196081161, -14.2232484818]}, "silence_rate_20dB": {"dmean": 0, "dmean2": 0, "max": 1, "dvar": 0, "mean": 1, "dvar2": 0, "min": 1, "var": 0, "median": 1}, "silence_rate_30dB": {"dmean": 0.00365582969971, "dmean2": 0.00731213670224, "max": 1, "dvar": 0.00364319980145, "mean": 0.992231845856, "dvar2": 0.00908769853413, "min": 0, "var": 0.00770822633058, "median": 1}, "spectral_strongpeak": {"dmean": 0.243578225374, "dmean2": 0.405487298965, "max": 7.11532688141, "dvar": 0.277981102467, "mean": 1.14326226711, "dvar2": 0.662799537182, "min": 0, "var": 0.78350764513, "median": 0.950929701328}, "spectral_spread": {"dmean": 393803.84375, "dmean2": 676431, "max": 42229560, "dvar": 327530086400, "mean": 1293448.375, "dvar2": 674448736256, "min": 83975.7578125, "var": 7253682814980.0, "median": 1026490.625}, "barkbands_flatness_db": {"dmean": 0.028708294034, "dmean2": 0.0443609729409, "max": 0.774060428143, "dvar": 0.00170166115277, "mean": 0.411598622799, "dvar2": 0.0040126121603, "min": 0.0487025231123, "var": 0.00833436846733, "median": 0.408643633127}, "pitch_salience": {"dmean": 0.0430529154837, "dmean2": 0.0695227235556, "max": 0.906483650208, "dvar": 0.00318363588303, "mean": 0.408856332302, "dvar2": 0.00807484518737, "min": 0.0780023783445, "var": 0.0166807211936, "median": 0.403132736683}, "erbbands_kurtosis": {"dmean": 1.41254520416, "dmean2": 2.04247093201, "max": 110.863052368, "dvar": 6.75388145447, "mean": 3.96019291878, "dvar2": 14.0898141861, "min": -1.91111695766, "var": 56.6063156128, "median": 1.66270828247}, "average_loudness": 0.641039431095, "barkbands_crest": {"dmean": 1.38687896729, "dmean2": 2.19266319275, "max": 26.8172149658, "dvar": 2.80899596214, "mean": 14.6218194962, "dvar2": 6.53642988205, "min": 4.77046251297, "var": 18.6810684204, "median": 14.2616834641}, "hfc": {"dmean": 1.59722816944, "dmean2": 2.37566232681, "max": 75.4320602417, "dvar": 12.5798873901, "mean": 7.3586974144, "dvar2": 27.0444202423, "min": 1.09394596305e-16, "var": 48.8632316589, "median": 5.46471500397}, "barkbands_kurtosis": {"dmean": 2.71001529694, "dmean2": 4.02692890167, "max": 226.891586304, "dvar": 30.8392734528, "mean": 8.9521484375, "dvar2": 66.7541427612, "min": -1.91341817379, "var": 196.472244263, "median": 4.82589054108}, "erbbands": {"dmean": [0.00234561576508, 0.0204505119473, 0.423565596342, 2.56065702438, 5.86221599579, 5.20974493027, 3.42318320274, 5.391497612, 4.92236566544, 21.7035331726, 6.52886867523, 3.54897236824, 10.9290313721, 3.07516932487, 7.06500768661, 0.911055862904, 0.968567550182, 2.47933864594, 0.707072794437, 0.896037340164, 0.311286360025, 0.24197909236, 0.155255243182, 0.142770797014, 0.0373125933111, 0.0532275363803, 0.0249403938651, 0.0154816322029, 0.0150673752651, 0.00929883401841, 0.00536360917613, 0.00382806151174, 0.0022675502114, 0.00124277023133, 0.000744366901927, 0.000210791520658, 9.37233562581e-05, 1.81763498404e-05, 8.23761638458e-06, 5.13372924615e-06], "dmean2": [0.00441914051771, 0.0371671058238, 0.664033830166, 3.86741447449, 9.71478176117, 8.23950195312, 4.98773670197, 7.89494371414, 5.78042984009, 33.66954422, 9.60440826416, 4.46770191193, 14.1342220306, 4.32774925232, 10.0452241898, 1.20434069633, 1.462703228, 3.53081917763, 0.906434118748, 1.26048946381, 0.503953814507, 0.407925218344, 0.271526426077, 0.251450777054, 0.0626234188676, 0.0882388800383, 0.0417504161596, 0.0255893487483, 0.0236008930951, 0.0146873109043, 0.0092528546229, 0.00626292219386, 0.00354000926018, 0.00205499189906, 0.0011273205746, 0.000302364933304, 0.000142811913975, 3.05519242829e-05, 1.0842136362e-05, 7.93037634139e-06], "max": [0.277171194553, 3.08561182022, 80.9036026001, 221.196273804, 314.843963623, 457.430114746, 290.557495117, 494.182983398, 237.220062256, 1875.31152344, 845.387878418, 532.833007812, 1362.10559082, 297.251281738, 1112.61352539, 51.016418457, 127.351905823, 231.462020874, 66.3678970337, 297.29586792, 28.2343082428, 35.6836662292, 35.9204139709, 28.7176132202, 3.16598510742, 9.01854515076, 2.45587730408, 2.77305221558, 2.50364589691, 1.0856347084, 0.852395236492, 0.685070753098, 0.461769104004, 0.560261368752, 0.345720201731, 0.0654838308692, 0.0111321303993, 0.00393078150228, 0.00153408490587, 0.000187672310858], "dvar": [0.000210245067137, 0.0169920865446, 4.97867107391, 55.7921295166, 267.566314697, 270.447784424, 113.784492493, 215.078475952, 156.416641235, 5999.53515625, 798.726135254, 148.020324707, 2321.94799805, 164.949264526, 1460.28271484, 7.43556833267, 14.0060091019, 124.169891357, 6.99937582016, 48.4827880859, 2.11887907982, 2.35192131996, 1.91134166718, 1.36758625507, 0.0247064325958, 0.115358620882, 0.0125576276332, 0.00776734761894, 0.00689704949036, 0.0015294192126, 0.000901437888388, 0.000564909423701, 0.000221356705879, 0.000201181712328, 6.05265158811e-05, 2.41363704845e-06, 2.8201102964e-07, 1.52210972715e-08, 1.71997116549e-09, 9.85324183356e-11], "mean": [0.00241846521385, 0.0695041567087, 3.26035046577, 13.7912912369, 25.9483261108, 16.507276535, 13.2224645615, 26.1841430664, 20.2239379883, 52.9041786194, 16.4913959503, 12.576171875, 30.4327774048, 8.1567440033, 18.0689659119, 2.81586050987, 2.55470204353, 4.33709049225, 2.34166789055, 2.2556271553, 0.457232385874, 0.276093989611, 0.152609944344, 0.122944064438, 0.043896317482, 0.0780543833971, 0.0454217791557, 0.0192818176001, 0.0265842676163, 0.0192511174828, 0.00633963337168, 0.00568927405402, 0.00444329809397, 0.00166872818954, 0.00142565078568, 0.000529519165866, 0.000195655156858, 3.07607951981e-05, 2.91977867164e-05, 2.78532716038e-05], "dvar2": [0.000610500923358, 0.0486406125128, 12.3720579147, 126.487815857, 810.297241211, 552.23815918, 210.887191772, 464.53213501, 261.852722168, 14377.7050781, 1622.09570312, 268.972473145, 4003.44165039, 358.063323975, 3281.62866211, 14.9491863251, 28.7800235748, 254.354309082, 12.720457077, 91.8476715088, 5.13501834869, 5.88127040863, 5.28212451935, 3.7777557373, 0.0625495314598, 0.311366081238, 0.032100610435, 0.0164693444967, 0.0132183469832, 0.00364723964594, 0.00213647354394, 0.00144133146387, 0.000576695660129, 0.000531662488356, 0.00014343233488, 4.48386526841e-06, 6.50535298519e-07, 4.31817035462e-08, 2.92625546017e-09, 2.32140653922e-10], "min": [1.00508938328e-22, 5.4158534842e-22, 1.52031515281e-21, 4.03605412334e-21, 1.79377637812e-20, 2.79171550344e-20, 2.5076823606e-20, 7.29011851431e-20, 1.13524800507e-19, 2.26968123724e-19, 3.2055655315e-19, 4.63532990121e-19, 5.5161650672e-19, 5.45469779287e-19, 8.31807137117e-19, 1.10959599691e-18, 2.0489987556e-18, 2.48208860404e-18, 2.87208730566e-18, 3.34782534572e-18, 3.09903836878e-18, 4.50380528868e-18, 5.84242464294e-18, 7.1045781806e-18, 7.1308601902e-18, 6.89475016975e-18, 9.65789778873e-18, 1.04412618171e-17, 1.03316463238e-17, 1.22274516436e-17, 1.17705013568e-17, 1.09841478977e-17, 1.09356089394e-17, 8.22873069513e-18, 5.79060549987e-18, 3.65375892245e-18, 2.473045452e-18, 9.75524495271e-19, 2.63321574273e-19, 2.86649941628e-20], "var": [0.000125878912513, 0.0312869213521, 58.6587600708, 544.022583008, 2392.9284668, 1091.44140625, 736.072265625, 2855.58251953, 960.776306152, 17995.7050781, 2183.50952148, 651.031738281, 7135.2578125, 443.372802734, 3736.51489258, 29.0985374451, 88.3620834351, 250.375961304, 50.4549179077, 214.272003174, 2.94635844231, 2.02269768715, 1.36009788513, 0.967770040035, 0.0278438925743, 0.095231436193, 0.0201491676271, 0.00952872261405, 0.0138816582039, 0.00361418887042, 0.000856799306348, 0.000590070907492, 0.000276320846751, 0.000152666703798, 8.01276255515e-05, 5.99949589741e-06, 5.68691802982e-07, 1.4285892469e-08, 6.17653794777e-09, 7.09391045906e-10], "median": [0.000343799794791, 0.00702483719215, 0.306719273329, 5.49836206436, 5.98396110535, 4.24688482285, 4.12269258499, 8.01026535034, 8.20813846588, 8.99234580994, 3.76216650009, 3.64345264435, 3.14373588562, 1.54356837273, 2.17565822601, 0.673897087574, 0.341665238142, 0.34064629674, 0.15931199491, 0.109324835241, 0.0574000030756, 0.0307970046997, 0.01053287182, 0.00686923647299, 0.00420343503356, 0.00440100440755, 0.00454614497721, 0.00232309871353, 0.00228098547086, 0.00216184556484, 0.000921246013604, 