{"lowlevel": {"spectral_strongpeak": {"max": 8.27638912201, "dmean": 0.551698923111, "dvar2": 1.9785323143, "dmean2": 0.947659373283, "var": 1.07900798321, "median": 0.387816697359, "min": 0, "dvar": 0.766622543335, "mean": 0.807533085346}, "barkbands_flatness_db": {"max": 0.301853358746, "dmean": 0.0147102000192, "dvar2": 0.000422072596848, "dmean2": 0.0229619126767, "var": 0.000968162494246, "median": 0.0704166591167, "min": 0.0216423608363, "dvar": 0.000187578451005, "mean": 0.0762645974755}, "barkbands_skewness": {"max": 7.65148353577, "dmean": 0.44442820549, "dvar2": 0.439653515816, "dmean2": 0.683244884014, "var": 0.749405920506, "median": 0.607815980911, "min": -6.89983081818, "dvar": 0.199559211731, "mean": 0.67518299818}, "spectral_energyband_middle_high": {"max": 0.0473487302661, "dmean": 0.00182753743138, "dvar2": 9.88526062429e-06, "dmean2": 0.0027710525319, "var": 2.38665543293e-05, "median": 0.00658086547628, "min": 1.31390471136e-21, "dvar": 4.45353498435e-06, "mean": 0.00715287495404}, "erbbands_kurtosis": {"max": 57.6058349609, "dmean": 0.808914482594, "dvar2": 4.55998086929, "dmean2": 1.29273664951, "var": 4.60399246216, "median": -0.187190294266, "min": -1.74250304699, "dvar": 2.27373075485, "mean": 0.234842345119}, "erbbands_crest": {"max": 29.2579784393, "dmean": 2.06052803993, "dvar2": 10.3310909271, "dmean2": 3.40259695053, "var": 9.71916103363, "median": 6.46082401276, "min": 2.30868577957, "dvar": 4.05259799957, "mean": 7.1735906601}, "dynamic_complexity": 3.484998703, "barkbands_crest": {"max": 23.3877372742, "dmean": 2.39342999458, "dvar2": 11.9092874527, "dmean2": 3.94592571259, "var": 10.5994873047, "median": 6.59538602829, "min": 2.17381167412, "dvar": 4.66357898712, "mean": 7.37013912201}, "dissonance": {"max": 0.500000119209, "dmean": 0.00834724027663, "dvar2": 0.000209484060179, "dmean2": 0.014237260446, "var": 0.000149121347931, "median": 0.488521367311, "min": 0.396697342396, "dvar": 7.61389674153e-05, "mean": 0.485193610191}, "spectral_energyband_low": {"max": 0.055269472301, "dmean": 0.00286785815842, "dvar2": 3.99111559091e-05, "dmean2": 0.00450035417452, "var": 2.54567894444e-05, "median": 0.00210551987402, "min": 1.1903444843e-23, "dvar": 1.92572588276e-05, "mean": 0.00405808072537}, "spectral_contrast_coeffs": {"max": [-0.324075430632, -0.449252873659, -0.515352249146, -0.56416285038, -0.687512636185, -0.623072385788], "dmean": [0.0601608939469, 0.0497706048191, 0.0368140004575, 0.0316816866398, 0.018748767674, 0.0151657052338], "dvar2": [0.00593914510682, 0.00437583494931, 0.0023050957825, 0.00173969089519, 0.000615819881205, 0.000468772748718], "dmean2": [0.0972844287753, 0.0835612565279, 0.0614628531039, 0.0526452362537, 0.0314237289131, 0.0244998522103], "var": [0.00810621678829, 0.00497499480844, 0.00337281613611, 0.00250199856237, 0.00122599292081, 0.00178762106225], "median": [-0.634807705879, -0.762326419353, -0.80056220293, -0.778362989426, -0.794034361839, -0.745550870895], "min": [-0.971209585667, -0.972740054131, -0.977296113968, -0.966960191727, -0.967379748821, -0.963106393814], "dvar": [0.00235556298867, 0.00162869214546, 0.000886970607098, 0.000634476658888, 0.000234111503232, 0.000181635085028], "mean": [-0.636423707008, -0.757064342499, -0.795482337475, -0.780507147312, -0.797362923622, -0.754038751125]}, "silence_rate_60dB": {"max": 1, "dmean": 0.00136487721466, "dvar2": 0.00317815016024, "dmean2": 0.00273037538864, "var": 0.0768845379353, "median": 0, "min": 0, "dvar": 0.00136305764318, "mean": 0.0839208588004}, "mfcc": {"icov": [[8.79651197465e-05, -8.83787197381e-06, 0.000135233320179, -0.000120930671983, 0.000263909314526, -0.000504058029037, 0.00047792843543, -0.000268060044618, 0.000150180218043, -0.000228413700825, 0.000354857649654, -0.000267898227321, 6.51567752357e-05], [-8.83787197381e-06, 0.00189267727546, 0.000650729169138, -0.000842469336931, 0.000204628406209, 1.76917910721e-05, -2.16416556214e-05, -0.000404473306844, 0.000194571272004, 0.000738388684113, -0.00133913685568, 0.000839127984364, -0.000608252303209], [0.000135233320179, 0.000650729169138, 0.00406360486522, -0.000894512981176, -0.000439459865447, -0.00126860640012, 0.000698279996868, -0.000631454575341, 0.00131543644238, -0.000205755568459, -0.000185774231795, -0.000960025878157, -6.92029643687e-05], [-0.000120930671983, -0.000842469336931, -0.000894512981176, 0.00640945788473, -0.00453202659264, 0.00217172876, 0.000445445650257, 0.0012591452105, -0.00155934342183, -0.000245601346251, 0.000788592849858, 0.000192240229808, -0.000251229153946], [0.000263909314526, 0.000204628406209, -0.000439459865447, -0.00453202659264, 0.012094931677, -0.00445280550048, 0.00127056566998, -0.000200336246053, -0.0015123578487, -0.00172439916059, 0.00323775364086, -0.000722555734683, -0.00221199821681], [-0.000504058029037, 1.76917910721e-05, -0.00126860640012, 0.00217172876, -0.00445280550048, 0.0165007505566, -0.00990653224289, 0.00137952831574, -0.000703905709088, 0.00138899672311, -0.00222987402231, 0.00338256871328, -0.00324720609933], [0.00047792843543, -2.16416556214e-05, 0.000698279996868, 0.000445445650257, 0.00127056566998, -0.00990653224289, 0.0198351629078, -0.0101014776155, 0.00329159712419, 0.000589514384046, 0.000450444640592, -0.000516504223924, 0.00284995767288], [-0.000268060044618, -0.000404473306844, -0.000631454575341, 0.0012591452105, -0.000200336246053, 0.00137952831574, -0.0101014776155, 0.0223440676928, -0.0106800701469, 0.000326045672409, 0.0016424623318, -0.00279698288068, -0.00080256734509], [0.000150180218043, 0.000194571272004, 0.00131543644238, -0.00155934342183, -0.0015123578487, -0.000703905709088, 0.00329159712419, -0.0106800701469, 0.0242024883628, -0.0076626627706, -0.000929048401304, -0.000590447452851, -0.000798172841314], [-0.000228413700825, 0.000738388684113, -0.000205755568459, -0.000245601346251, -0.00172439916059, 0.00138899672311, 0.000589514384046, 0.000326045672409, -0.0076626627706, 0.0224545076489, -0.0122921755537, 0.00292281014845, 0.00250345282257], [0.000354857649654, -0.00133913685568, -0.000185774231795, 0.000788592849858, 0.00323775364086, -0.00222987402231, 0.000450444640592, 0.0016424623318, -0.000929048401304, -0.0122921755537, 0.0265437867492, -0.0107326162979, 0.000712531385943], [-0.000267898227321, 0.000839127984364, -0.000960025878157, 0.000192240229808, -0.000722555734683, 0.00338256871328, -0.000516504223924, -0.00279698288068, -0.000590447452851, 0.00292281014845, -0.0107326162979, 0.029405625537, -0.0143621554598], [6.51567752357e-05, -0.000608252303209, -6.92029643687e-05, -0.000251229153946, -0.00221199821681, -0.00324720609933, 0.00284995767288, -0.00080256734509, -0.000798172841314, 0.00250345282257, 0.000712531385943, -0.0143621554598, 0.0277056377381]], "cov": [[16303.0996094, 164.125640869, -433.511749268, 65.4222640991, -181.709960938, 255.405487061, -192.37689209, 99.8677597046, 6.8478512764, 53.484210968, -121.414993286, 70.5861358643, 37.9593696594], [164.125640869, 616.309814453, -89.4273834229, 78.4153289795, 6.17613983154, -9.68100547791, -7.81617355347, 5.12467670441, 6.96850633621, -4.65705490112, 20.3174304962, -4.05973243713, 11.9376811981], [-433.511749268, -89.4273834229, 301.465301514, 47.7753181458, 48.0618782043, 18.9496459961, 4.07498645782, -0.791390538216, -6.15554618835, 0.571899235249, 3.25410914421, 14.5225782394, 13.0740947723], [65.4222640991, 78.4153289795, 47.7753181458, 271.752563477, 106.235466003, -25.2196369171, -42.9444847107, -16.0933532715, 22.7355098724, 12.5121564865, -9.95156002045, 4.68343114853, 15.8366127014], [-181.709960938, 6.17613983154, 48.0618782043, 106.235466003, 147.676635742, 24.9297809601, -0.357889473438, 4.6340007782, 20.1664905548, 7.62427330017, -10.244181633, 5.75215530396, 19.6669502258], [255.405487061, -9.68100547791, 18.9496459961, -25.2196369171, 24.9297809601, 118.531272888, 64.3386077881, 28.6813602448, 3.07759428024, -5.77851200104, -2.46348881721, -1.69541418552, 8.89603424072], [-192.37689209, -7.81617355347, 4.07498645782, -42.9444847107, -0.357889473438, 64.3386077881, 112.78452301, 48.3048477173, 3.20277786255, -8.41482639313, -0.917773544788, -3.10411548615, -3.52151966095], [99.8677597046, 5.12467670441, -0.791390538216, -16.0933532715, 4.6340007782, 28.6813602448, 48.3048477173, 84.2484359741, 33.468624115, 8.52335071564, 4.7850227356, 11.4903097153, 6.96021509171], [6.8478512764, 6.96850633621, -6.15554618835, 22.7355098724, 20.1664905548, 3.07759428024, 3.20277786255, 33.468624115, 69.7496490479, 31.3472366333, 16.2844161987, 10.6480436325, 7.21639347076], [53.484210968, -4.65705490112, 0.571899235249, 12.5121564865, 7.62427330017, -5.77851200104, -8.41482639313, 8.52335071564, 31.3472366333, 76.2892150879, 36.3163070679, 7.29253721237, -2.21316337585], [-121.414993286, 20.3174304962, 3.25410914421, -9.95156002045, -10.244181633, -2.46348881721, -0.917773544788, 4.7850227356, 16.2844161987, 36.3163070679, 68.5025787354, 24.547246933, 7.92666530609], [70.5861358643, -4.05973243713, 14.5225782394, 4.68343114853, 5.75215530396, -1.69541418552, -3.10411548615, 11.4903097153, 10.6480436325, 7.29253721237, 24.547246933, 60.1380577087, 30.9274158478], [37.9593696594, 11.9376811981, 13.0740947723, 15.8366127014, 19.6669502258, 8.89603424072, -3.52151966095, 6.96021509171, 7.21639347076, -2.21316337585, 7.92666530609, 30.9274158478, 55.8558082581]], "mean": [-615.827026367, 77.2879104614, -3.30056595802, 33.7710762024, 9.48084259033, -2.91630291939, -13.1766042709, 3.42098355293, 0.985462069511, -0.961794555187, -6.75990152359, -2.42885565758, -1.80015647411]}, "melbands_spread": {"max": 200.796173096, "dmean": 12.3514928818, "dvar2": 384.811584473, "dmean2": 19.3947124481, "var": 626.024353027, "median": 44.3683280945, "min": 1.20127093792, "dvar": 179.291213989, "mean": 47.6876068115}, "barkbands_kurtosis": {"max": 89.6159057617, "dmean": 1.05243194103, "dvar2": 17.5771255493, "dmean2": 1.67703008652, "var": 19.521074295, "median": -0.773702859879, "min": -1.92339646816, "dvar": 7.73483181, "mean": 0.168916463852}, "spectral_energyband_high": {"max": 0.0204570889473, "dmean": 0.000647755223326, "dvar2": 3.29091790263e-06, "dmean2": 0.00101129990071, "var": 3.07444838654e-06, "median": 0.00192260509357, "min": 6.85214366675e-21, "dvar": 1.38511040859e-06, "mean": 0.00217172107659}, "hfc": {"max": 153.589187622, "dmean": 7.55054950714, "dvar2": 263.435882568, "dmean2": 11.3907470703, "var": 373.413848877, "median": 33.6763343811, "min": 1.05944114951e-16, "dvar": 112.711891174, "mean": 34.0476570129}, "spectral_skewness": {"max": 3.84183096886, "dmean": 0.125143259764, "dvar2": 0.0342498682439, "dmean2": 0.202596262097, "var": 0.0934159681201, "median": 1.23705554008, "min": -0.111942902207, "dvar": 0.0146088050678, "mean": 1.27487671375}, "erbbands": {"max": [1.08554017544, 11.5710430145, 21.9684906006, 41.4911994934, 114.860031128, 145.612457275, 395.992126465, 452.760742188, 1028.84155273, 550.32220459, 877.607177734, 845.572509766, 618.11151123, 878.250061035, 589.254577637, 893.985046387, 521.053955078, 754.65802002, 555.991943359, 685.894592285, 668.139648438, 525.182373047, 400.973846436, 247.751968384, 230.949310303, 208.418258667, 140.011657715, 159.856369019, 187.292526245, 242.325439453, 317.122650146, 226.946090698, 213.640426636, 74.5827560425, 27.2841796875, 5.98040962219, 1.52044069767, 0.493323415518, 0.0918904617429, 0.00332157453522], "dmean": [0.058591786772, 0.456735283136, 1.1587202549, 3.28031587601, 7.23783254623, 7.80033969879, 13.3217382431, 10.4000034332, 9.0849981308, 11.5162229538, 14.7592916489, 18.6728019714, 13.7317476273, 10.2836885452, 7.8078622818, 9.11711502075, 10.2743415833, 11.8447561264, 13.4490537643, 22.3876724243, 30.6162986755, 32.8407287598, 20.5710296631, 13.8297986984, 12.3628339767, 12.9541110992, 8.61128520966, 6.42098283768, 6.23565483093, 6.29872369766, 4.08729219437, 3.45459270477, 1.69896447659, 0.878701627254, 0.409319519997, 0.184611648321, 0.070441134274, 0.022455887869, 0.00406017014757, 0.000140608055517], "dvar2": [0.0188180543482, 1.0973303318, 12.9706392288, 64.2643737793, 309.62322998, 434.679931641, 1757.15002441, 1144.3638916, 1184.84997559, 1715.02587891, 3160.38916016, 5242.13720703, 3081.42138672, 3263.72583008, 766.854125977, 1829.83288574, 1208.14624023, 1533.03063965, 1641.84863281, 2419.87573242, 3089.82568359, 3707.83374023, 1458.25195312, 906.321472168, 648.184387207, 743.60559082, 350.850585938, 308.08782959, 311.178527832, 308.91784668, 355.087646484, 164.980987549, 64.5345458984, 15.0747117996, 1.85079979897, 0.273668259382, 0.049643073231, 0.00598100153729, 0.000212567203562, 2.85159728719e-07], "dmean2": [0.0896429494023, 0.707887351513, 2.00587153435, 5.72156143188, 12.1980829239, 13.1081418991, 22.5633182526, 17.2120456696, 15.0462408066, 19.2705879211, 22.9286956787, 29.1880989075, 22.1303901672, 16.3380184174, 12.0912647247, 14.2936639786, 16.3442058563, 18.3417701721, 21.2425327301, 36.2922058105, 50.1836509705, 53.7838096619, 34.0279083252, 23.0163650513, 20.3197822571, 21.5520915985, 14.2621965408, 10.853430748, 10.3360214233, 10.212723732, 6.52309417725, 5.544942379, 2.67770671844, 1.35888493061, 0.606115400791, 0.277388989925, 0.107342034578, 0.0344265028834, 0.00623689265922, 0.000217784676352], "var": [0.00975274574012, 0.643484652042, 3.79111289978, 23.2656593323, 164.75730896, 198.662200928, 792.276977539, 678.570739746, 634.689208984, 786.092712402, 3022.45800781, 5492.49414062, 2001.92749023, 2097.92749023, 1263.67297363, 2279.5, 1172.1965332, 1648.44873047, 1611.39990234, 2430.89428711, 3024.56152344, 3066.81323242, 1516.73449707, 886.583190918, 666.510314941, 594.031005859, 283.229431152, 163.85067749, 173.237915039, 217.637893677, 157.022979736, 151.619827271, 61.863193512, 17.2859554291, 1.85060203075, 0.241290524602, 0.0379126258194, 0.0041704964824, 0.000138026269269, 1.67203012325e-07], "median": [0.014666819945, 0.171489700675, 0.448730349541, 2.49466729164, 5.11780118942, 6.05542421341, 7.68461608887, 7.31437015533, 6.88284111023, 8.08582019806, 8.4199552536, 10.8098583221, 8.63101196289, 6.04747581482, 5.38549041748, 5.62075281143, 7.81396865845, 9.2843875885, 14.434835434, 37.5295906067, 61.4523735046, 67.0147628784, 46.434299469, 27.3079414368, 25.9563903809, 27.1369953156, 18.5446357727, 12.9644804001, 12.5875654221, 11.9358644485, 7.52425575256, 4.77746868134, 2.65373420715, 1.47850990295, 0.631984829903, 0.237459436059, 0.0656676962972, 0.012734037824, 0.000789258279838, 5.85799207329e-05], "min": [1.47813638842e-22, 4.75284277775e-22, 5.23259228592e-21, 1.28409531121e-20, 1.76192491622e-20, 3.40717988444e-20, 5.13975394452e-20, 1.55180116891e-19, 2.12061204638e-19, 3.030060036e-19, 2.35816603984e-19, 4.40893366948e-19, 1.05696394209e-18, 1.49259209765e-18, 1.00868792379e-18, 1.64490189781e-18, 2.25090982081e-18, 2.55029812415e-18, 3.14628092831e-18, 4.37299701456e-18, 5.15401267713e-18, 5.61519978303e-18, 5.19118576026e-18, 8.04393937347e-18, 8.39091186193e-18, 9.76771015095e-18, 1.06825214504e-17, 1.12724327489e-17, 8.85978843881e-18, 1.14271171778e-17, 1.36828097569e-17, 1.11831104776e-17, 1.0538959292e-17, 9.46524576971e-18, 6.33251013072e-18, 4.40245084822e-18, 2.57006339809e-18, 9.77868311537e-19, 2.3297267949e-19, 2.77435828151e-20], "dvar": [0.00843496620655, 0.531833231449, 4.86211919785, 23.078704834, 122.682449341, 164.826461792, 682.454223633, 483.640289307, 501.94354248, 656.097229004, 1346.68273926, 2215.88793945, 1263.76147461, 1152.98632812, 367.526763916, 827.676147461, 501.826660156, 696.842346191, 724.867553711, 1044.88879395, 1241.39331055, 1427.67785645, 545.763549805, 330.296630859, 254.365386963, 288.578369141, 133.283462524, 115.252418518, 117.473731995, 122.15801239, 134.678024292, 73.0059967041, 28.0575141907, 7.21416330338, 0.878058850765, 0.122223719954, 0.0213881526142, 0.00250516296364, 8.94108961802e-05, 1.20225678302e-07], "mean": [0.0589952133596, 0.520148813725, 1.1045627594, 4.08129453659, 9.58325767517, 10.5380649567, 16.6969585419, 14.6205120087, 12.5012168884, 16.0987014771, 25.1169071198, 33.5051078796, 21.9423999786, 18.4233036041, 15.3065814972, 17.488035202, 18.8972110748, 21.8637447357, 26.9042129517, 47.7602996826, 69.7615585327, 75.0752792358, 52.4501457214, 34.9283218384, 31.6192359924, 31.8690719604, 21.7156600952, 15.2513589859, 15.1334114075, 15.1297597885, 9.73530292511, 7.72810935974, 4.06101751328, 2.12685751915, 0.952825605869, 0.402479559183, 0.138088181615, 0.0390596166253, 0.00613413238898, 0.000214545172639]}, "spectral_contrast_valleys": {"max": [-5.61902570724, -4.83756065369, -4.90699911118, -5.93183708191, -5.51515817642, -7.32716417313], "dmean": [0.468461036682, 0.364247530699, 0.302997469902, 0.248281523585, 0.181551873684, 0.184229746461], "dvar2": [0.366686493158, 0.277007251978, 0.200816169381, 0.158692568541, 0.118084393442, 0.131921157241], "dmean2": [0.727627635002, 0.59492200613, 0.485851466656, 0.398347139359, 0.285843729973, 0.265064656734], "var": [4.34743356705, 4.36255502701, 4.18624830246, 4.23706579208, 4.35410881042, 3.62090206146], "median": [-7.27741527557, -6.42419672012, -7.16650819778, -7.08618402481, -6.40650177002, -9.0706243515], "min": [-27.9715747833, -27.6594848633, -27.5592670441, -27.556180954, -27.4653396606, -27.3877925873], "dvar": [0.200388178229, 0.13430762291, 0.106656514108, 0.0913968607783, 0.0779974386096, 0.0883836746216], "mean": [-7.62968730927, -6.84449577332, -7.53529930115, -7.52903366089, -6.9004240036, -9.54765129089]}, "average_loudness": 0.966317653656, "erbbands_spread": {"max": 139.687606812, "dmean": 8.47020149231, "dvar2": 160.929885864, "dmean2": 13.4013814926, "var": 252.050491333, "median": 41.3750915527, "min": 0.831056058407, "dvar": 67.3078842163, "mean": 43.2346992493}, "melbands_flatness_db": {"max": 0.410106062889, "dmean": 0.0222680289298, "dvar2": 0.000895648903679, "dmean2": 0.034645318985, "var": 0.00220780889504, "median": 0.111804582179, "min": 0.0033847305458, "dvar": 0.000427017745096, "mean": 0.119295857847}, "barkbands_spread": {"max": 144.850250244, "dmean": 6.61952066422, "dvar2": 99.4643630981, "dmean2": 10.2815847397, "var": 231.098907471, "median": 38.899471283, "min": 1.26427137852, "dvar": 45.0361366272, "mean": 39.7093276978}, "spectral_decrease": {"max": 9.2864598392e-29, "dmean": 1.81772097374e-09, "dvar2": 1.16655610884e-17, "dmean2": 2.82760215242e-09, "var": 1.0669677817e-17, "median": -4.94487650826e-09, "min": -1.98879046565e-08, "dvar": 4.938009763e-18, "mean": -5.38020916707e-09}, "melbands_crest": {"max": 29.502571106, "dmean": 3.40444397926, "dvar2": 20.9212055206, "dmean2": 5.61430692673, "var": 18.4680786133, "median": 10.7260198593, "min": 1.61858510971, "dvar": 8.45334434509, "mean": 11.3612546921}, "erbbands_flatness_db": {"max": 0.385300964117, "dmean": 0.0143401008099, "dvar2": 0.000377059739549, "dmean2": 0.0209954101592, "var": 0.00087201804854, "median": 0.123647250235, "min": 0.0356287844479, "dvar": 0.00019781566516, "mean": 0.125089004636}, "melbands_kurtosis": {"max": 391.34475708, "dmean": 3.87955546379, "dvar2": 214.195617676, "dmean2": 6.17019891739, "var": 125.18674469, "median": 3.03251457214, "min": -1.75774157047, "dvar": 82.4630432129, "mean": 5.82934808731}, "spectral_rms": {"max": 0.00907721649855, "dmean": 0.00068558199564, "dvar2": 1.24994392081e-06, "dmean2": 0.00104003457818, "var": 2.84463658318e-06, "median": 0.00463600456715, "min": 3.12878997884e-12, "dvar": 5.58597207601e-07, "mean": 0.00446978909895}, "melbands_skewness": {"max": 14.2679662704, "dmean": 0.63185852766, "dvar2": 0.88630515337, "dmean2": 0.97441637516, "var": 1.35610687733, "median": 1.81453645229, "min": -5.39855480194, "dvar": 0.406722843647, "mean": 2.01723957062}, "barkbands": {"max": [0.000525222567376, 0.0479755103588, 0.0197299048305, 0.0225295368582, 0.0447571538389, 0.0433026365936, 0.0583655126393, 0.0333122722805, 0.0315576009452, 0.0254915561527, 0.0161698572338, 0.0188424307853, 0.0110440691933, 0.0145779876038, 0.0125288823619, 0.0194019451737, 0.00958469044417, 0.00822895392776, 0.00396574428305, 0.00411549489945, 0.00371594890021, 0.00556717859581, 0.0111753316596, 0.00926262047142, 0.00538335507736, 0.000777855340857, 0.000442568241851], "dmean": [3.88753505831e-05, 0.00197611865588, 0.00117702491116, 0.00166335923132, 0.00221571023576, 0.00159233959857, 0.000750961713493, 0.000582708511502, 0.000838694511913, 0.000384788756492, 0.000234273888054, 0.000219011140871, 0.000247938238317, 0.000268111325568, 0.000357113109203, 0.000542234745808, 0.000625078333542, 0.00036370017915, 0.0002503512369, 0.000263986526988, 0.000176948844455, 0.000175619614311, 0.000153841872816, 0.0001263343147, 6.54027389828e-05, 3.8812544517e-05, 2.09690479096e-05], "dvar2": [7.717512851e-09, 2.01718848984e-05, 1.48219287439e-05, 1.51450894919e-05, 3.32736526616e-05, 2.3028213036e-05, 7.05469483364e-06, 5.25046107214e-06, 9.40837162489e-06, 3.68611199519e-06, 9.65124058894e-07, 9.525113569e-07, 7.70314159126e-07, 8.2685801317e-07, 8.54359541336e-07, 1.07385733372e-06, 1.29753959754e-06, 4.7625934485e-07, 2.6716131174e-07, 2.85422430579e-07, 1.84991236551e-07, 2.29069911484e-07, 4.12031937458e-07, 2.27366456329e-07, 6.65427535296e-08, 1.39197826599e-08, 5.74668890252e-09], "dmean2": [5.78933213546e-05, 0.00299563072622, 0.00211215857416, 0.00283309305087, 0.0037176089827, 0.00267754588276, 0.00126370275393, 0.000937215227168, 0.00129954575095, 0.000632830080576, 0.000374747236492, 0.000343355553923, 0.000398643722292, 0.000414686714066, 0.000580108317081, 0.000885457673576, 0.00102236121893, 0.000604088592809, 0.00041528508882, 0.000433188193711, 0.000296432699542, 0.000289584684651, 0.000245674105827, 0.000200346214115, 9.77477902779e-05, 5.78055078222e-05, 3.217975609e-05], "var": [4.98183050368e-09, 1.18173393275e-05, 3.84299301004e-06, 7.00476311977e-06, 1.64143457368e-05, 1.14023096103e-05, 3.3021717627e-06, 4.76298691865e-06, 1.01618270492e-05, 2.06107688427e-06, 1.04797220501e-06, 1.21169500744e-06, 6.10825566127e-07, 7.47499200315e-07, 7.9109457829e-07, 1.0993393289e-06, 1.10436758405e-06, 4.9772836519e-07, 2.99897152445e-07, 2.43136582867e-07, 1.25830823094e-07, 1.43485195281e-07, 1.91721625242e-07, 2.65420112555e-07, 7.44991268675e-08, 1.14679536978e-08, 3.80429154845e-09], "median": [1.2013981177e-05, 0.000741383293644, 0.000343392021023, 0.00118262169417, 0.0018901535077, 0.00100563745946, 0.000509140896611, 0.000323550775647, 0.000444978650194, 0.00019932637224, 0.000135310270707, 0.000118712203403, 0.000166412923136, 0.000178905189387, 0.000442819960881, 0.00097056227969, 0.00116132758558, 0.000728796469048, 0.000485204189317, 0.000559032196179, 0.000391540495912, 0.00035819777986, 0.000278281630017, 0.000200782858883, 0.000109627886559, 4.26933329436e-05, 4.56562065665e-06], "min": [4.58928952817e-25, 2.37933701878e-24, 4.17361179733e-24, 3.90087221125e-24, 1.69609464912e-23, 1.09212980276e-23, 1.51994342893e-23, 1.72084768438e-23, 1.48597144959e-23, 1.2940299951e-23, 1.59162911266e-23, 4.20278395249e-23, 4.74004429842e-23, 4.90747055922e-23, 5.48218570539e-23, 6.76978340755e-23, 9.73050586477e-23, 8.66526659477e-23, 1.64508018189e-22, 2.07602189399e-22, 3.14350695632e-22, 2.96014968109e-22, 4.54138514111e-22, 6.54451881181e-22, 9.2321878583e-22, 1.48178592402e-21, 1.92596949314e-21], "dvar": [3.56663942824e-09, 9.60989200394e-06, 5.43532678421e-06, 5.67200777368e-06, 1.26491186165e-05, 9.05705928744e-06, 2.84447969534e-06, 2.26066640607e-06, 4.14178066421e-06, 1.34164861265e-06, 4.32879318168e-07, 4.32520124605e-07, 3.15438342113e-07, 3.70522371895e-07, 3.67775811583e-07, 4.44837780833e-07, 5.03295154886e-07, 1.77669235768e-07, 1.00986021323e-07, 1.12179257883e-07, 6.97077027212e-08, 8.76793535554e-08, 1.57225855446e-07, 1.0715511678e-07, 3.16360591057e-08, 6.08232264554e-09, 2.42311370968e-09], "mean": [4.36886075477e-05, 0.00223554228432, 0.000984933110885, 0.0020871469751, 0.00319787627086, 0.0020962189883, 0.000992128043436, 0.000909269205295, 0.0014494440984, 0.000597567704972, 0.000402852456318, 0.000396578689106, 0.000410534528783, 0.000442150223535, 0.000678519485518, 0.00115171622019, 0.00134668243118, 0.000865140056703, 0.000629887974355, 0.000652385526337, 0.000449738668976, 0.000434397457866, 0.000360469479347, 0.000305888592266, 0.000160075549502, 8.1546655565e-05, 3.19741993735e-05]}, "spectral_kurtosis": {"max": 29.7174377441, "dmean": 0.751267135143, "dvar2": 1.80176651478, "dmean2": 1.24144518375, "var": 3.63230824471, "median": 3.04106044769, "min": -1.23977088928, "dvar": 0.749383807182, "mean": 3.31979465485}, "erbbands_skewness": {"max": 3.30963897705, "dmean": 0.293582558632, "dvar2": 0.189337611198, "dmean2": 0.45648470521, "var": 0.443911343813, "median": -0.504441857338, "min": -4.19713640213, "dvar": 0.0841906145215, "mean": -0.412330269814}, "melbands": {"max": [0.0121821826324, 0.0100903175771, 0.00935336574912, 0.00761069171131, 0.0103177838027, 0.00901691894978, 0.0136186331511, 0.00577046023682, 0.00626523885876, 0.00541919702664, 0.00317251239903, 0.0037257228978, 0.00210140808485, 0.00168999377638, 0.00222717598081, 0.00111630081665, 0.00164227501955, 0.00116404471919, 0.00113924860489, 0.00188985816203, 0.000659979123157, 0.000614817603491, 0.000484498974402, 0.000303365290165, 0.000228843346122, 0.000201453090995, 0.000196044682525, 0.000163833261468, 0.000100376761111, 0.000114818583825, 9.31451286306e-05, 0.000103938211396, 0.000108068546979, 0.000172950778506, 0.000227445925702, 0.000129529507831, 0.000142795513966, 0.000172822168679, 7.56294612074e-05, 6.82654281263e-05], "dmean": [0.000551473989617, 0.000560344371479, 0.000704441452399, 0.000522380927578, 0.000409623869928, 0.000246305688052, 0.000145082376548, 0.000124028418213, 0.000131547043566, 0.000116496586998, 6.9545560109e-05, 4.40372277808e-05, 2.991470501e-05, 2.35913630604e-05, 2.74227586488e-05, 2.35173192777e-05, 2.39623750531e-05, 2.29390243476e-05, 2.94431993098e-05, 3.62330429198e-05, 3.98496522394e-05, 3.91541689169e-05, 2.7822685297e-05, 1.58570437634e-05, 1.22817928059e-05, 1.0076460967e-05, 9.97742608888e-06, 9.56737221713e-06, 6.38872870695e-06, 4.41430029241e-06, 3.90905597669e-06, 3.81187146559e-06, 3.93469190385e-06, 3.74204023501e-06, 2.73709088106e-06, 2.10396592593e-06, 2.15533214032e-06, 1.29078978262e-06, 1.16233150038e-06, 7.15299677267e-07], "dvar2": [1.61389277764e-06, 2.23866163651e-06, 2.65927997134e-06, 1.79103903974e-06, 1.47497974012e-06, 5.80710150189e-07, 2.6659418495e-07, 1.97130518131e-07, 2.36417662336e-07, 1.93397440285e-07, 8.1387028672e-08, 6.22828792984e-08, 1.27555237484e-08, 1.05595860944e-08, 1.62394560022e-08, 6.33702823549e-09, 6.5495084911e-09, 5.82021009166e-09, 6.25819440714e-09, 5.78319969691e-09, 5.15260989431e-09, 5.55276802316e-09, 2.50117593303e-09, 1.07216302503e-09, 7.64158236688e-10, 4.66183480707e-10, 3.91008975198e-10, 4.22596541094e-10, 1.8543498681e-10, 1.1367072561e-10, 1.12285271359e-10, 1.16079472423e-10, 1.05695702191e-10, 1.23778556849e-10, 1.52450801982e-10, 8.73618954955e-11, 5.90770002362e-11, 4.06629348249e-11, 2.30163006709e-11, 9.96901519668e-12], "dmean2": [0.000834167236462, 0.000898424594197, 0.00120689102914, 0.000877046317328, 0.000689697044436, 0.000409808650147, 0.000241306130192, 0.00020424745162, 0.000202656941838, 0.000181613257155, 0.000112576250103, 7.04793201294e-05, 4.74321677757e-05, 3.69423432858e-05, 4.36584559793e-05, 3.74257542717e-05, 3.72135909856e-05, 3.62113169103e-05, 4.73651052744e-05, 5.87961367273e-05, 6.59140205244e-05, 6.46376720397e-05, 4.66221572424e-05, 2.63157235167e-05, 2.05831875064e-05, 1.6656009393e-05, 1.63688800967e-05, 1.61113184731e-05, 1.06205061456e-05, 7.40101859265e-06, 6.639259027e-06, 6.42028862785e-06, 6.44875353828e-06, 6.09771132076e-06, 4.44397801402e-06, 3.39690222972e-06, 3.47027526004e-06, 2.0728787149e-06, 1.83808072052e-06, 1.11158715299e-06], "var": [8.88074112027e-07, 9.55780365075e-07, 1.17744673389e-06, 8.92406205821e-07, 7.14265127044e-07, 3.3400036159e-07, 1.36616435498e-07, 1.15121942201e-07, 2.44570173891e-07, 1.99949013791e-07, 5.26359329456e-08, 3.76808308999e-08, 1.73901870681e-08, 1.22527339386e-08, 1.3903888707e-08, 5.60588064857e-09, 6.69759048222e-09, 4.93284924019e-09, 5.59054003091e-09, 6.22662632566e-09, 4.52745263502e-09, 4.11932354893e-09, 2.3419266526e-09, 9.38342847867e-10, 6.44986952736e-10, 4.55667142907e-10, 3.39020006512e-10, 2.90749702092e-10, 1.42715603224e-10, 7.09102984664e-11, 5.48273128287e-11, 5.64161113659e-11, 7.18226728091e-11, 7.45477152231e-11, 5.92082494144e-11, 5.23205784253e-11, 5.86225235022e-11, 3.24081560199e-11, 2.35190547593e-11, 1.07679021949e-11], "median": [0.000182579969987, 0.000240923429374, 0.00053941924125, 0.000423632387538, 0.000286270020297, 0.000173951615579, 0.000106246239739, 8.47644696478e-05, 6.82823374518e-05, 6.27481276751e-05, 3.7906342186e-05, 2.26378015213e-05, 1.85138051165e-05, 1.3548451534e-05, 1.46502898133e-05, 1.72855779965e-05, 1.58433176694e-05, 1.82547973964e-05, 3.76948410121e-05, 5.82754364586e-05, 7.10476961103e-05, 6.82415702613e-05, 5.37321284355e-05, 3.06845468003e-05, 2.00288977794e-05, 1.71029096236e-05, 1.88130270544e-05, 1.73752177943e-05, 1.19073547467e-05, 8.26738050819e-06, 6.78244623487e-06, 6.80062294123e-06, 6.88034197083e-06, 6.05336890658e-06, 4.48614810011e-06, 3.06830838781e-06, 2.67380755758e-06, 1.7292022676e-06, 1.63068000347e-06, 1.05623917079e-06], "min": [1.21581333194e-24, 2.06677987572e-24, 2.77198010979e-24, 2.56185221655e-24, 2.41283343332e-24, 3.4268496376e-24, 3.30498877155e-24, 3.27786339489e-24, 1.68714904534e-24, 2.39520732247e-24, 4.72675514761e-24, 4.5507492356e-24, 2.22479719529e-24, 5.82447008558e-24, 3.86740518177e-24, 4.22969389123e-24, 3.89113687881e-24, 4.64099137329e-24, 3.94383278728e-24, 5.42371178522e-24, 6.0448648063e-24, 5.45953553665e-24, 5.0292229569e-24, 4.3831947849e-24, 5.16735052926e-24, 5.69080509937e-24, 4.5631004308e-24, 5.32567294078e-24, 5.3520828206e-24, 6.23570169775e-24, 5.26244613366e-24, 2.72146619059e-24, 6.83873379497e-24, 5.75476909701e-24, 6.56828742755e-24, 6.92962950392e-24, 6.59202425218e-24, 6.77112289337e-24, 6.8534996934e-24, 7.40873628609e-24], "dvar": [7.44430337818e-07, 9.39992730764e-07, 9.9790065633e-07, 6.93524157214e-07, 5.77799255552e-07, 2.39135999891e-07, 1.09602076748e-07, 7.86101708172e-08, 1.04935139689e-07, 8.16358678435e-08, 3.35202230417e-08, 2.17508109301e-08, 5.96938631858e-09, 4.62968952064e-09, 6.86417100937e-09, 2.64904653768e-09, 2.99597902043e-09, 2.54632337437e-09, 2.66428168416e-09, 2.53294252239e-09, 2.0093460229e-09, 2.1195167843e-09, 9.72248392905e-10, 3.89089233055e-10, 2.77455752817e-10, 1.77698314396e-10, 1.57751672836e-10, 1.60047863851e-10, 6.99902844015e-11, 4.2801439476e-11, 4.16920629964e-11, 4.29524471546e-11, 4.06000302822e-11, 4.79359017758e-11, 5.65066639313e-11, 3.61672046478e-11, 2.65351473433e-11, 1.70709713726e-11, 1.00193117691e-11, 4.88268757023e-12], "mean": [0.000591553281993, 0.0006259396323, 0.000909826892894, 0.000734444416594, 0.000553328136448, 0.000344164000126, 0.000195476211957, 0.000177190057002, 0.000223124967306, 0.000202133698622, 0.000105548228021, 7.44396165828e-05, 5.41040208191e-05, 4.29074680142e-05, 4.5336317271e-05, 4.02617079089e-05, 4.05518767366e-05, 3.9615573769e-05, 5.57341809326e-05, 7.26721045794e-05, 8.36944163893e-05, 8.03279981483e-05, 6.18944104644e-05, 3.68516157323e-05, 2.71991848422e-05, 2.26995907724e-05, 2.25469793804e-05, 2.08965702768e-05, 1.44794403241e-05, 9.93707726593e-06, 8.26131508802e-06, 8.28989686852e-06, 8.88670547283e-06, 8.1589241745e-06, 5.88926195633e-06, 4.58314571006e-06, 4.53748043583e-06, 2.75086176771e-06, 2.4947082693e-06, 1.56676833285e-06]}, "spectral_centroid": {"max": 11658.0263672, "dmean": 272.712005615, "dvar2": 186863.8125, "dmean2": 434.27947998, "var": 720624.25, "median": 2151.39477539, "min": 228.916717529, "dvar": 91647.0390625, "mean": 2150.44897461}, "pitch_salience": {"max": 0.853935062885, "dmean": 0.0663696452975, "dvar2": 0.00838449411094, "dmean2": 0.108487576246, "var": 0.00768101308495, "median": 0.665072739124, "min": 0.19536024332, "dvar": 0.0033497584518, "mean": 0.649364888668}, "gfcc": {"icov": [[7.334525435e-05, -4.768342842e-05, 0.000163198448718, -0.00012187903485, 0.000210790080018, -0.000223782015382, 0.000158550697961, 0.000239676242927, -0.000225573399803, -8.53644305607e-05, 0.000446297490271, -0.000522784946952, 0.000288128561806], [-4.768342842e-05, 0.00191477802582, 0.000939268094953, -0.00080843095202, -0.000594000157434, 0.00127935130149, -0.00117020588368, 0.000414773152443, -0.000305718946038, 0.000784901320003, -0.00164207292255, 0.000971700705122, -0.000309788592858], [0.000163198448718, 0.000939268094953, 0.00313912495039, -0.000807075179182, -0.00125080975704, 0.000781638722401, -0.00111880828626, 0.00198223651387, -0.00154586997814, 0.00021738561918, -0.000282650173176, -0.00135526340455, 0.00127451249864], [-0.00012187903485, -0.00080843095202, -0.000807075179182, 0.00483687827364, -0.000884353066795, -0.00177823554259, 0.00407044123858, -0.00320275360718, 0.00068903825013, 0.000224179791985, -0.000661698693875, 0.00253289588727, -0.00251393555664], [0.000210790080018, -0.000594000157434, -0.00125080975704, -0.000884353066795, 0.00725945970044, -0.000243598988163, -0.00258823367767, 0.00137677765451, -0.00121880881488, -0.00107051851228, 0.00317698600702, -0.00326613243669, -0.00137768418062], [-0.000223782015382, 0.00127935130149, 0.000781638722401, -0.00177823554259, -0.000243598988163, 0.00878334604204, -0.0059617459774, -0.000974388793111, 0.00254970067181, 0.000539955333807, -0.00369402277283, 0.000988599844277, -0.000676363240927], [0.000158550697961, -0.00117020588368, -0.00111880828626, 0.00407044123858, -0.00258823367767, -0.0059617459774, 0.0152689516544, -0.0040960740298, -0.00125201314222, 0.00211267545819, -0.000423635938205, -0.000746178964619, 0.00179698865395], [0.000239676242927, 0.000414773152443, 0.00198223651387, -0.00320275360718, 0.00137677765451, -0.000974388793111, -0.0040960740298, 0.0178211219609, -0.00821027811617, -0.00241557438858, 0.00481205433607, -0.00295305904001, 0.00243832333945], [-0.000225573399803, -0.000305718946038, -0.00154586997814, 0.00068903825013, -0.00121880881488, 0.00254970067181, -0.00125201314222, -0.00821027811617, 0.0185292791575, -0.00758723309264, -0.0030950231012, 0.00474465312436, -0.00258922646753], [-8.53644305607e-05, 0.000784901320003, 0.00021738561918, 0.000224179791985, -0.00107051851228, 0.000539955333807, 0.00211267545819, -0.00241557438858, -0.00758723309264, 0.0240755304694, -0.0103631541133, -0.000213758030441, 0.00277125858702], [0.000446297490271, -0.00164207292255, -0.000282650173176, -0.000661698693875, 0.00317698600702, -0.00369402277283, -0.000423635938205, 0.00481205433607, -0.0030950231012, -0.0103631541133, 0.0299035068601, -0.0143141327426, -0.00048345659161], [-0.000522784946952, 0.000971700705122, -0.00135526340455, 0.00253289588727, -0.00326613243669, 0.000988599844277, -0.000746178964619, -0.00295305904001, 0.00474465312436, -0.000213758030441, -0.0143141327426, 0.0325841344893, -0.0141012743115], [0.000288128561806, -0.000309788592858, 0.00127451249864, -0.00251393555664, -0.00137768418062, -0.000676363240927, 0.00179698865395, 0.00243832333945, -0.00258922646753, 0.00277125858702, -0.00048345659161, -0.0141012743115, 0.0305084157735]], "cov": [[29269.7890625, 1032.54089355, -2513.99145508, 962.837036133, -1283.34960938, 420.013824463, -717.153503418, 0.310932964087, -137.990844727, -64.123626709, -265.678009033, -47.3314323425, -119.981407166], [1032.54089355, 770.032775879, -269.855834961, 135.35005188, -21.2472438812, -46.7592430115, -26.1985759735, 11.0911855698, 9.69711017609, -11.4342565536, 8.72835826874, -21.1833381653, 11.3633642197], [-2513.99145508, -269.855834961, 691.958068848, -84.7299346924, 212.113464355, -39.8687973022, 93.041557312, -30.5552883148, 45.2891349792, 23.3665370941, 38.5061645508, 40.5025405884, 11.8220129013], [962.837036133, 135.35005188, -84.7299346924, 364.771026611, -24.9184436798, 27.9955406189, -87.9667892456, 43.0072937012, 8.34123706818, 3.39147901535, -8.31731319427, -18.6581363678, 18.7619857788], [-1283.34960938, -21.2472438812, 212.113464355, -24.9184436798, 252.271469116, 2.59456539154, 77.2686843872, -0.465695291758, 26.7806243896, 11.8486919403, 16.4838447571, 31.5240764618, 23.9539451599], [420.013824463, -46.7592430115, -39.8687973022, 27.9955406189, 2.59456539154, 196.890670776, 64.1846237183, 20.1957015991, -14.5754365921, -2.31256818771, 17.2331962585, 13.2990322113, 4.01150417328], [-717.153503418, -26.1985759735, 93.041557312, -87.9667892456, 77.2686843872, 64.1846237183, 147.880966187, 22.4538211823, 17.6968193054, 2.4686384201, 16.2514019012, 15.0277404785, -1.74011802673], [0.310932964087, 11.0911855698, -30.5552883148, 43.0072937012, -0.465695291758, 20.1957015991, 22.4538211823, 98.3702087402, 47.6277236938, 21.4577598572, -2.22343754768, -5.88400936127, -4.48976421356], [-137.990844727, 9.69711017609, 45.2891349792, 8.34123706818, 26.7806243896, -14.5754365921, 17.6968193054, 47.6277236938, 102.43270874, 42.6419525146, 16.3653182983, -0.371883302927, 1.14173746109], [-64.123626709, -11.4342565536, 23.3665370941, 3.39147901535, 11.8486919403, -2.31256818771, 2.4686384201, 21.4577598572, 42.6419525146, 70.1470718384, 29.7474250793, 11.1574954987, 1.2918305397], [-265.678009033, 8.72835826874, 38.5061645508, -8.31731319427, 16.4838447571, 17.2331962585, 16.2514019012, -2.22343754768, 16.3653182983, 29.7474250793, 67.1508789062, 33.1392784119, 15.7188491821], [-47.3314323425, -21.1833381653, 40.5025405884, -18.6581363678, 31.5240764618, 13.2990322113, 15.0277404785, -5.88400936127, -0.371883302927, 11.1574954987, 33.1392784119, 62.491645813, 26.6702308655], [-119.981407166, 11.3633642197, 11.8220129013, 18.7619857788, 23.9539451599, 4.01150417328, -1.74011802673, -4.48976421356, 1.14173746109, 1.2918305397, 15.7188491821, 26.6702308655, 49.2663383484]], "mean": [16.9957084656, 45.7454833984, -114.030807495, 42.3713684082, -55.2723007202, 0.833919107914, -46.4449043274, 9.43736457825, -20.4008655548, -2.11572146416, -23.6774749756, 2.41300940514, -11.3146953583]}, "spectral_flux": {"max": 0.22964464128, "dmean": 0.0205751694739, "dvar2": 0.000995523529127, "dmean2": 0.0319486409426, "var": 0.0016226376174, "median": 0.090591005981, "min": 6.48777906398e-11, "dvar": 0.000458116701338, "mean": 0.0909849852324}, "zerocrossingrate": {"max": 0.5283203125, "dmean": 0.0127465175465, "dvar2": 0.000209528327105, "dmean2": 0.0147238736972, "var": 0.00306320795789, "median": 0.10498046875, "min": 0.00732421875, "dvar": 0.000175963505171, "mean": 0.11209769547}, "spectral_energyband_middle_low": {"max": 0.0638136863708, "dmean": 0.00508629903197, "dvar2": 0.000117926443636, "dmean2": 0.00833224039525, "var": 8.30826902529e-05, "median": 0.0083419252187, "min": 1.98939676244e-22, "dvar": 4.65248594992e-05, "mean": 0.0109260519966}, "silence_rate_20dB": {"max": 1, "dmean": 0, "dvar2": 0, "dmean2": 0, "var": 0, "median": 1, "min": 1, "dvar": 0, "mean": 1}, "silence_rate_30dB": {"max": 1, "dmean": 0, "dvar2": 0, "dmean2": 0, "var": 0, "median": 1, "min": 1, "dvar": 0, "mean": 1}, "spectral_entropy": {"max": 9.81146335602, "dmean": 0.0858995094895, "dvar2": 0.0174947790802, "dmean2": 0.133104652166, "var": 0.0785889178514, "median": 8.03102207184, "min": 6.06734228134, "dvar": 0.00868783984333, "mean": 8.01406860352}, "spectral_rolloff": {"max": 19229.1503906, "dmean": 660.653015137, "dvar2": 1741566, "dmean2": 1058.07556152, "var": 4850188, "median": 2842.3828125, "min": 107.666015625, "dvar": 849019.625, "mean": 3197.71899414}, "spectral_complexity": {"max": 60, "dmean": 4.3412194252, "dvar2": 36.7919158936, "dmean2": 6.70989751816, "var": 168.81690979, "median": 34, "min": 0, "dvar": 16.5191783905, "mean": 32.1075744629}, "spectral_spread": {"max": 41904692, "dmean": 446581