{"tonal": {"hpcp": {"dvar": [0.0259665641934, 0.033014331013, 0.021901268512, 0.018210420385, 0.0213738679886, 0.0308653302491, 0.0283180102706, 0.0310757700354, 0.0246596671641, 0.0148948961869, 0.0134909767658, 0.00869299564511, 0.0070759630762, 0.0112021248788, 0.0183720029891, 0.0471770204604, 0.0306531321257, 0.00764042185619, 0.00426656147465, 0.00687381951138, 0.0148345539346, 0.0284147355705, 0.0206855591387, 0.0118678929284, 0.0067825820297, 0.00483204191551, 0.00843500811607, 0.0156582258642, 0.0454981587827, 0.0606563836336, 0.0715142413974, 0.0482001900673, 0.0360363349319, 0.0164446607232, 0.015837861225, 0.0230907909572], "var": [0.0546612180769, 0.0460498072207, 0.0194590687752, 0.0171945896, 0.0191377494484, 0.0503319166601, 0.080270960927, 0.0463065654039, 0.0341721698642, 0.039008308202, 0.0181083530188, 0.00646832585335, 0.00560511555523, 0.00914875790477, 0.0324847847223, 0.146645843983, 0.0782136321068, 0.00631477730349, 0.00317494571209, 0.00706683611497, 0.0307169482112, 0.0662934482098, 0.030665455386, 0.00877203606069, 0.00449973717332, 0.00335387792438, 0.00573122268543, 0.0153892198578, 0.0560201480985, 0.136148512363, 0.156950682402, 0.0733240097761, 0.0241232085973, 0.00935118272901, 0.0114792613313, 0.0247883796692], "median": [0.00180328148417, 0.00240787072107, 0.00278782425448, 0.00214954465628, 0.00189991760999, 0.00240125204436, 0.00226969202049, 0.00188001582865, 0.0009851482464, 0.000629106769338, 0.000423835910624, 0.00022564084793, 0.000189081270946, 0.000365198648069, 0.0243117026985, 0.0542659834027, 0.0341616123915, 0.00226563215256, 0.000111832829134, 0.000184908756637, 0.000541589455679, 0.00102120824158, 0.00122564891353, 0.000606760964729, 0.000267481198534, 0.000135310430778, 0.000369579269318, 0.00598595710471, 0.0810292288661, 0.346361726522, 0.361599594355, 0.0909060165286, 0.0012801483972, 0.000211253980524, 0.000191284503671, 0.000705761252902], "max": [1, 1, 1, 1, 1, 1, 1, 1, 1, 1, 1, 1, 1, 1, 1, 1, 1, 1, 1, 1, 1, 1, 1, 1, 1, 1, 1, 1, 1, 1, 1, 1, 1, 1, 1, 1], "dmean": [0.0565875098109, 0.0716532617807, 0.0612908601761, 0.050520516932, 0.060253392905, 0.0729179084301, 0.0655481293797, 0.0734882578254, 0.0584314279258, 0.0383998937905, 0.0340034812689, 0.0219296719879, 0.0184039603919, 0.0257324837148, 0.0761109516025, 0.119701549411, 0.107525773346, 0.0315779447556, 0.0117966644466, 0.0188527069986, 0.0440821200609, 0.0581708773971, 0.0544866845012, 0.0302747022361, 0.0162591375411, 0.0133288707584, 0.0210747867823, 0.0581149086356, 0.161424830556, 0.217242613435, 0.216220930219, 0.17012539506, 0.0816027745605, 0.0362038128078, 0.0338188745081, 0.0483560785651], "dmean2": [0.100146785378, 0.129961743951, 0.107923366129, 0.0895110592246, 0.106782056391, 0.128604844213, 0.112508684397, 0.127531021833, 0.101892456412, 0.0639885365963, 0.0600135102868, 0.0398277007043, 0.0326504483819, 0.0463574118912, 0.126870602369, 0.193974345922, 0.174042031169, 0.0560267753899, 0.0211201012135, 0.0335261635482, 0.0746176466346, 0.0986731424928, 0.092498883605, 0.0563516058028, 0.0305955130607, 0.025052011013, 0.0388275459409, 0.10526189208, 0.275488644838, 0.358927309513, 0.378135234118, 0.28118377924, 0.153265446424, 0.0700173974037, 0.0638433843851, 0.0875125899911], "mean": [0.0813330113888, 0.0777491480112, 0.051016241312, 0.0449113287032, 0.0473240204155, 0.08980820328, 0.123327150941, 0.089028544724, 0.0674665868282, 0.0668373331428, 0.0386001802981, 0.0159878376871, 0.0137605033815, 0.0196318216622, 0.119827486575, 0.281574428082, 0.196562215686, 0.0268577616662, 0.00836451537907, 0.0157025158405, 0.0617634430528, 0.102957971394, 0.0678679123521, 0.0211377665401, 0.0105049870908, 0.00885599479079, 0.015964763239, 0.0483951754868, 0.183081418276, 0.42488270998, 0.457654833794, 0.217935338616, 0.0518498644233, 0.0208217743784, 0.02181712538, 0.0450120046735], "dvar2": [0.0646224990487, 0.0859592631459, 0.058783069253, 0.0484787337482, 0.0584785491228, 0.080178566277, 0.0709364339709, 0.0801993384957, 0.0657057017088, 0.0360734350979, 0.0368970856071, 0.0242064911872, 0.0192245747894, 0.0306136999279, 0.0458434447646, 0.0913973897696, 0.0683051273227, 0.0205059237778, 0.0113895637915, 0.01795335114, 0.0362415276468, 0.0634217038751, 0.0527321919799, 0.0339291989803, 0.0191029645503, 0.0129419295117, 0.0238376632333, 0.0439845025539, 0.125085949898, 0.140479490161, 0.18483389914, 0.115745030344, 0.0993964076042, 0.0476572923362, 0.0434736274183, 0.0615662187338], "min": [0, 0, 0, 0, 0, 0, 0, 0, 0, 0, 0, 0, 0, 0, 0, 0, 0, 0, 0, 0, 0, 0, 0, 0, 0, 0, 0, 0, 0, 0, 0, 0, 0, 0, 0, 0]}, "key_key": "G", "thpcp": [1, 0.476200222969, 0.113294690847, 0.0454966761172, 0.0476715713739, 0.0983536094427, 0.17771692574, 0.169885993004, 0.111473180354, 0.0981336236, 0.103405483067, 0.196235671639, 0.269476354122, 0.194532081485, 0.147418051958, 0.146043106914, 0.0843434333801, 0.034934271127, 0.0300674270838, 0.0428965687752, 0.261829406023, 0.615254998207, 0.429498821497, 0.0586856305599, 0.0182769075036, 0.0343108251691, 0.134956389666, 0.224968612194, 0.148294970393, 0.0461871363223, 0.0229539517313, 0.019350817427, 0.0348838530481, 0.105746015906, 0.400042563677, 0.928391158581], "chords_key": "G", "tuning_equal_tempered_deviation": 0.0425138883293, "tuning_frequency": 446.91595459, "tuning_diatonic_strength": 0.713332295418, "chords_histogram": [61.6459922791, 2.75644803047, 1.35853517056, 0, 3.11084866524, 0.374089390039, 0.570978522301, 0, 1.22071278095, 0.0393778309226, 0.196889147162, 0, 0, 0, 0, 0.0393778309226, 0, 8.68281173706, 0.0787556618452, 0.728489875793, 0, 2.46111440659, 2.55955886841, 14.1760187149], "key_strength": 0.811376035213, "key_scale": "major", "chords_strength": {"dvar": 0.000431471155025, "var": 0.0339551903307, "median": 0.59298479557, "max": 0.800998568535, "dmean": 0.007702822797, "dmean2": 0.00730428937823, "mean": 0.574408769608, "dvar2": 0.000771460472606, "min": -1}, "chords_number_rate": 0.00177200231701, "tuning_nontempered_energy_ratio": 0.666523456573, "hpcp_entropy": {"dvar": 0.267003059387, "var": 0.623104929924, "median": 1.35693371296, "max": 4.03965520859, "dmean": 0.541096508503, "dmean2": 0.903362929821, "mean": 1.40255630016, "dvar2": 0.646532416344, "min": 0}, "chords_changes_rate": 0.0403622761369, "chords_scale": "major"}, "rhythm": {"bpm_histogram_first_peak_spread": {"dvar": 0, "var": 0, "median": 0.35185188055, "max": 0.35185188055, "dmean": 0, "dmean2": 0, "mean": 0.35185188055, "dvar2": 0, "min": 0.35185188055}, "bpm_histogram_first_peak_weight": {"dvar": 0, "var": 0, "median": 0.234899312258, "max": 0.234899312258, "dmean": 0, "dmean2": 0, "mean": 0.234899312258, "dvar2": 0, "min": 0.234899312258}, "bpm_histogram_first_peak_bpm": {"dvar": 0, "var": 0, "median": 91, "max": 91, "dmean": 0, "dmean2": 0, "mean": 91, "dvar2": 0, "min": 91}, "bpm": 90.9152450562, "bpm_histogram_second_peak_weight": {"dvar": 0, "var": 0, "median": 0.11185682565, "max": 0.11185682565, "dmean": 0, "dmean2": 0, "mean": 0.11185682565, "dvar2": 0, "min": 0.11185682565}, "beats_loudness": {"dvar": 0.00147085473873, "var": 0.00147588050459, "median": 0.019875722006, "max": 0.245930328965, "dmean": 0.0282786283642, "dmean2": 0.049804829061, "mean": 0.0317586734891, "dvar2": 0.00434209639207, "min": 0}, "beats_loudness_band_ratio": {"dvar": [0.0430679433048, 0.0503388382494, 0.0114614507183, 0.00336237950251, 0.000985495164059, 0.0389944389462], "var": [0.10081499815, 0.0833220928907, 0.0109874010086, 0.00191073282622, 0.000590086856391, 0.026221582666], "median": [0.70661252737, 0.649627745152, 0.0165444556624, 0.00122462282889, 0.000470963830594, 0.000538370921277], "max": [0.996003746986, 0.98260384798, 0.879157364368, 0.571276783943, 0.282134711742, 0.948670566082], "dmean": [0.204945042729, 0.221147507429, 0.0652487725019, 0.0181860104203, 0.0106958532706, 0.0676866173744], "dmean2": [0.353788346052, 0.386656850576, 0.117894999683, 0.0343404896557, 0.0197620373219, 0.124667279422], "mean": [0.577320218086, 0.539430499077, 0.0564213469625, 0.0115937488154, 0.0072982548736, 0.0427658520639], "dvar2": [0.108882382512, 0.144669130445, 0.0285212732852, 0.00979944132268, 0.0029913384933, 0.105810269713], "min": [0, 0, 0, 0, 0, 0]}, "bpm_histogram_second_peak_bpm": {"dvar": 0, "var": 0, "median": 185, "max": 185, "dmean": 0, "dmean2": 0, "mean": 185, "dvar2": 0, "min": 185}, "onset_rate": 3.29486012459, "beats_count": 448, "beats_position": [0.626938760281, 1.27709746361, 1.92725622654, 2.57741498947, 3.22757363319, 3.87773227692, 4.55111122131, 5.20126962662, 5.85142850876, 6.5015873909, 7.16335582733, 7.8251247406, 8.48689365387, 9.14866161346, 9.79882049561, 10.4489793777, 11.110748291, 11.7609071732, 12.3181858063, 12.8754644394, 13.4211339951, 13.9900226593, 14.5589113235, 15.1161899567, 15.6734695435, 16.2191371918, 16.7415866852, 17.2756462097, 17.9258041382, 18.5875740051, 19.2493419647, 19.9227199554, 20.5960998535, 21.1765975952, 21.7687072754, 22.3492050171, 22.9297046661, 23.4869842529, 24.0558719635, 24.6247615814, 25.286529541, 25.9599094391, 26.6216773987, 27.3066654205, 27.9800453186, 28.6534233093, 29.3268013, 30.0234012604, 30.7316093445, 31.5210876465, 32.2989578247, 33.0652160645, 33.8546943665, 34.6441726685, 35.4104309082, 36.0954170227, 36.7804069519, 37.4537849426, 38.1271629333, 38.8005447388, 39.4739227295, 40.2053489685, 40.9367790222, 41.6682090759, 42.3996353149, 43.1194534302, 43.8392753601, 44.5707015991, 45.2672996521, 45.9755096436, 46.6721076965, 47.3687057495, 48.0653038025, 48.7386856079, 49.4120635986, 50.0854415894, 50.7472114563, 51.4321975708, 52.0823554993, 52.7325172424, 53.3826751709, 53.9863929749, 54.5901107788, 55.1938323975, 55.7743301392, 56.3664398193, 56.9004974365, 57.4229469299, 57.9453964233, 58.433013916, 58.8974151611, 59.37342453, 59.8610420227, 60.3486595154, 60.8478889465, 61.4051704407, 61.9740562439, 62.5197257996, 63.0886154175, 63.6458930969, 64.1915664673, 64.748840332, 65.3873901367, 66.0143280029, 66.6528778076, 67.3146438599, 67.9764175415, 68.6381835938, 69.2883453369, 69.9384994507, 70.5770492554, 71.2155990601, 71.8657608032, 72.515914917, 73.1776885986, 73.8510665894, 74.5360565186, 75.1978225708, 75.859588623, 76.5329666138, 77.2063446045, 77.8797302246, 78.5414962769, 79.2032623291, 79.8534240723, 80.5151901245, 81.1769561768, 81.8387298584, 82.5237197876, 83.3248062134, 84.1142807007, 84.8805389404, 85.6584091187, 86.3550109863, 87.0516052246, 87.7249908447, 88.386756897, 89.0369110107, 89.6986846924, 90.3488388062, 91.0106124878, 91.67237854, 92.3457565308, 93.03074646, 93.6925125122, 94.3542861938, 95.0160522461, 95.6778182983, 96.3279800415, 96.9781417847, 97.6399078369, 98.2900695801, 98.9518356323, 99.6136016846, 100.263763428, 100.913917542, 101.575691223, 102.225845337, 102.887619019, 103.549385071, 104.199546814, 104.849700928, 105.523078918, 106.1848526, 106.858230591, 107.519996643, 108.181770325, 108.843536377, 109.505302429, 110.167076111, 110.828842163, 111.479003906, 112.12915802, 112.767707825, 113.429473877, 114.07963562, 114.741401672, 115.403175354, 116.076553345, 116.749931335, 117.423309326, 118.096687317, 118.781677246, 119.420227051, 120.058776855, 120.581222534, 121.115280151, 121.637733459, 122.160179138, 122.659408569, 123.158638, 123.681083679, 124.191925049, 124.714370728, 125.225212097, 125.759269714, 126.30493927, 126.664848328, 127.024757385, 127.384666443, 127.756187439, 128.104492188, 128.42956543, 128.754638672, 129.079727173, 129.416412354, 129.753097534, 130.089797974, 130.426483154, 130.786392212, 131.14630127, 131.506210327, 131.854507446, 132.202804565, 132.551101685, 132.899414062, 133.247711182, 133.596008301, 133.955917358, 134.304214478, 134.652511597, 135.000808716, 135.349105835, 135.697418213, 136.045715332, 136.394012451, 136.823577881, 137.241546631, 137.659500122, 138.077453613, 138.507034302, 138.94821167, 139.366165161, 139.784118652, 140.202087402, 140.620040894, 141.037994385, 141.455963135, 141.885528564, 142.326705933, 142.675003052, 143.011703491, 143.348388672, 143.696685791, 144.04498291, 144.381668091, 144.706756592, 145.031829834, 145.356918335, 145.681991577, 145.99546814, 146.320541382, 146.645614624, 146.970703125, 147.284164429, 147.60925293, 147.934326172, 148.247802734, 148.561264038, 148.886352539, 149.211425781, 149.536499023, 149.861587524, 150.186660767, 150.511749268, 150.848434448, 151.17350769, 151.51020813, 151.835281372, 152.148742676, 152.473831177, 152.78729248, 153.100769043, 153.414230347, 153.739318848, 154.06439209, 154.377868652, 154.691329956, 155.016418457, 155.341491699, 155.6665802, 155.980041504, 156.305114746, 156.618591309, 156.932067871, 157.245529175, 157.570602417, 157.895690918, 158.22076416, 158.534240723, 158.859313965, 159.172790527, 159.486251831, 159.799728394, 160.113189697, 160.438278198, 160.76335144, 161.088439941, 161.413513184, 161.738586426, 162.063674927, 162.388748169, 162.702224731, 163.027297974, 163.352371216, 163.677459717, 164.002532959, 164.316009521, 164.629470825, 164.954559326, 165.279632568, 165.604721069, 165.94140625, 166.266479492, 166.672836304, 167.079177856, 167.485534668, 167.880264282, 168.298233032, 168.716186523, 169.145751953, 169.563720703, 169.993286133, 170.399627686, 170.805984497, 171.21232605, 171.618682861, 172.013427734, 172.384933472, 172.744842529, 173.104751587, 173.464660645, 173.836181641, 174.196090698, 174.579223633, 174.962356567, 175.333877563, 175.682174683, 176.030471802, 176.378768921, 176.72706604, 177.052154541, 177.377227783, 177.702316284, 178.027389526, 178.364074707, 178.700775146, 179.049072266, 179.397369385, 179.745666504, 180.140411377, 180.535140991, 180.929885864, 181.417495728, 181.916732788, 182.41595459, 182.903579712, 183.379592896, 183.867202759, 184.354827881, 184.842453003, 185.318450928, 185.80607605, 186.293685913, 186.781311035, 187.431472778, 188.070022583, 188.720184326, 189.381942749, 190.043716431, 190.693878174, 191.355636597, 192.029022217, 192.690795898, 193.340942383, 194.002716064, 194.652877808, 195.279815674, 195.90675354, 196.533691406, 197.137405396, 197.729522705, 198.321624756, 198.913742065, 199.505844116, 200.109558105, 200.759719849, 201.42149353, 202.083267212, 202.733413696, 203.395187378, 204.033737183, 204.683898926, 205.310836792, 205.949386597, 206.587936401, 207.226486206, 207.865036011, 208.515182495, 209.165344238, 209.815505981, 210.477279663, 211.115829468, 211.765975952, 212.404525757, 213.066299438, 213.704849243, 214.343399048, 214.993560791, 215.643707275, 216.293869019, 216.932418823, 217.570968628, 218.209518433, 218.859680176, 219.521453857, 220.194824219, 220.879821777, 221.425476074, 221.95954895, 222.505218506, 223.039276123, 223.57333374, 224.107391357, 224.629837036, 225.140670776, 225.663131714, 226.185577393, 226.71963501, 227.242080688, 227.776138306, 228.310195923, 228.84425354, 229.273834229, 229.703399658, 230.121353149, 230.516098022, 230.922439575, 231.328796387, 231.735137939, 232.118270874, 232.48979187, 232.907745361, 233.314102173, 233.720443726, 234.126800537, 234.53314209, 234.95111084], "danceability": 1.00642025471, "bpm_histogram_second_peak_spread": {"dvar": 0, "var": 0, "median": 0, "max": 0, "dmean": 0, "dmean2": 0, "mean": 0, "dvar2": 0, "min": 0}}, "lowlevel": {"spectral_flux": {"dvar": 0.000888628652319, "var": 0.0015037227422, "median": 0.029829563573, "max": 0.488772660494, "dmean": 0.0192863680422, "dmean2": 0.0315653197467, "mean": 0.0409269370139, "dvar2": 0.00241303700022, "min": 6.26145871263e-11}, "spectral_rolloff": {"dvar": 731932.4375, "var": 7396689, "median": 279.931640625, "max": 19982.8125, "dmean": 167.779312134, "dmean2": 275.472076416, "mean": 883.787536621, "dvar2": 1350193.5, "min": 21.533203125}, "barkbands_flatness_db": {"dvar": 0.000979516189545, "var": 0.0098174745217, "median": 0.33584138751, "max": 0.653017818928, "dmean": 0.0295120310038, "dmean2": 0.0422574356198, "mean": 0.332625627518, "dvar2": 0.00186442909762, "min": 0.0461971759796}, "spectral_centroid": {"dvar": 87989.1875, "var": 2060957.875, "median": 275.686401367, "max": 11924.4345703, "dmean": 89.5807342529, "dmean2": 126.70388031, "mean": 593.919555664, "dvar2": 141425.234375, "min": 102.212974548}, "melbands_skewness": {"dvar": 1.30793714523, "var": 9.07982063293, "median": 2.28540635109, "max": 22.2862796783, "dmean": 0.890860080719, "dmean2": 1.33429205418, "mean": 3.26010775566, "dvar2": 2.84526634216, "min": -1.47767364979}, "melbands": {"dvar": [6.60243699713e-08, 1.60156503171e-06, 2.33780451708e-06, 7.37359232517e-06, 1.26385293697e-06, 3.10811060444e-07, 4.30971489607e-08, 5.81792605203e-08, 4.7492964228e-08, 8.8887041727e-08, 8.62887628017e-09, 1.19553111855e-09, 3.03441316518e-09, 3.34472533003e-10, 3.76927294932e-10, 2.74971295733e-10, 5.38075528578e-10, 4.04889927141e-10, 8.12118358673e-11, 3.6972491041e-11, 4.74357254865e-11, 3.70568263575e-11, 1.47948788637e-11, 3.34338147445e-11, 8.3836569631e-11, 6.74694675129e-12, 5.85461583727e-12, 4.0107073912e-11, 3.72834055296e-11, 6.62666796436e-11, 3.71344066608e-11, 6.68021540862e-11, 2.374677191e-11, 1.13649983521e-11, 4.78048330088e-12, 6.02678193809e-12, 5.57483139513e-12, 6.20929002659e-12, 4.91075192663e-12, 4.57703189585e-12], "var": [4.55795145626e-07, 1.09925676952e-05, 4.81711549583e-06, 1.80031729542e-05, 5.21214587934e-06, 1.10088751626e-06, 1.73882924059e-07, 3.51240913687e-07, 1.87117208839e-07, 4.64748666218e-07, 3.2940647543e-08, 5.03873298641e-09, 1.51586565522e-08, 1.088819368e-09, 8.36849756158e-10, 3.80523557109e-10, 9.14660569507e-10, 1.29873833909e-09, 2.55563320506e-10, 5.87482840153e-11, 1.22134455327e-10, 9.39981287251e-11, 4.89626846012e-11, 6.24156629159e-11, 9.27344451229e-11, 6.99191616063e-12, 7.21049261965e-12, 4.95711596771e-11, 7.52286635763e-11, 1.12457008983e-10, 6.15270681625e-11, 1.02862218743e-10, 7.56717397077e-11, 5.61334624616e-11, 1.65844178668e-11, 1.41745460855e-11, 1.73887796523e-11, 2.0810337828e-11, 1.9003408222e-11, 1.54154605747e-11], "median": [5.5588370742e-05, 0.000132309025503, 0.000393159803934, 0.000405163416872, 0.000116157149023, 4.83781077492e-05, 2.86786980723e-05, 1.77440347215e-06, 1.61825437317e-06, 4.31111686794e-07, 6.38029803213e-07, 2.86264878469e-07, 1.41384873587e-07, 3.27302359437e-07, 2.3550293804e-07, 1.51828686512e-07, 1.04461911121e-07, 1.17283498469e-07, 1.00619288901e-07, 3.86287055676e-08, 2.83624395081e-08, 3.11499483985e-08, 1.29707729002e-08, 1.57352175734e-08, 1.25270513962e-08, 1.64572586669e-08, 1.42323743901e-08, 8.71970584626e-09, 6.80803280417e-09, 2.97164537422e-09, 1.97604266283e-09, 2.15368034517e-09, 3.14298298498e-09, 3.70134145555e-09, 3.76394027057e-09, 4.35264713161e-09, 3.35605410129e-09, 3.99033739384e-09, 5.62415758409e-09, 5.42541434001e-09], "max": [0.0138634815812, 0.06637583673, 0.0494053177536, 0.0704461485147, 0.0553897246718, 0.0247944165021, 0.0107433870435, 0.0110454764217, 0.0106829134747, 0.0220612436533, 0.00586342951283, 0.00251535908319, 0.00348792970181, 0.00116494600661, 0.0012247080449, 0.000637438264675, 0.00110487779602, 0.00126181344967, 0.00043894618284, 0.000262214045506, 0.000350235757651, 0.000444083620096, 0.000253951904597, 0.00023752785637, 0.000556391547434, 0.00014667645155, 0.000147478232975, 0.000359627651051, 0.000284005567664, 0.000489509373438, 0.000256060418906, 0.000502891023643, 0.000209641744732, 0.000211197489989, 0.000112183348392, 0.000123777572298, 9.63251368375e-05, 0.000112558816909, 0.000141289652674, 0.000104941835161], "dmean": [8.18497937871e-05, 0.000319706596201, 0.000544941285625, 0.00103037396912, 0.00034649882582, 0.000141986907693, 6.44603060209e-05, 4.25395228376e-05, 3.16892983392e-05, 3.06264482788e-05, 1.35424588734e-05, 5.5649152273e-06, 8.27234271128e-06, 2.80131030195e-06, 2.35252309722e-06, 2.14068222704e-06, 2.82759447146e-06, 2.49239315053e-06, 1.47720970745e-06, 1.02335729935e-06, 1.20931883885e-06, 9.42293581829e-07, 7.01652879798e-07, 9.30404155497e-07, 9.33214039378e-07, 3.58306607495e-07, 2.6938991482e-07, 6.0713870198e-07, 8.2674961277e-07, 8.02761633167e-07, 6.23640289632e-07, 7.53549500132e-07, 6.33266836303e-07, 4.12902579683e-07, 2.79486016552e-07, 2.93620246339e-07, 3.24019168829e-07, 3.60836622804e-07, 3.60983364089e-07, 3.55346060132e-07], "dmean2": [9.47542721406e-05, 0.000337008968927, 0.000770723272581, 0.00145622994751, 0.000470549683087, 0.000220940331928, 0.000104817081592, 5.35753606528e-05, 3.99431155529e-05, 3.79676748707e-05, 1.91250928765e-05, 7.37983555155e-06, 1.12190809887e-05, 4.00797807742e-06, 3.48938101524e-06, 3.35688355335e-06, 4.38147662862e-06, 3.46563660969e-06, 2.19873186325e-06, 1.52775930928e-06, 1.78367963599e-06, 1.36325536459e-06, 1.01571220057e-06, 1.42331350617e-06, 1.44601756347e-06, 5.52559754396e-07, 4.12964936913e-07, 8.94803065421e-07, 1.25519409266e-06, 1.22385483792e-06, 9.56457711254e-07, 1.07640892111e-06, 8.022314546e-07, 5.39254301657e-07, 3.88750635238e-07, 4.12531250049e-07, 4.49129288427e-07, 4.80724906993e-07, 4.76658186699e-07, 5.02864907048e-07], "mean": [0.000206726865144, 0.000855287071317, 0.00103285245132, 0.00215530511923, 0.00105566671118, 0.000378372293198, 0.000149738058099, 0.000117202624097, 6.81177916704e-05, 7.40696341381e-05, 2.89888739644e-05, 1.16077626444e-05, 2.02753999474e-05, 5.32199965164e-06, 4.03708008889e-06, 3.03832757709e-06, 4.25091911893e-06, 4.468658517e-06, 2.5534109227e-06, 1.63158824762e-06, 2.03363583751e-06, 1.65996357282e-06, 1.31884974053e-06, 1.57553040481e-06, 1.36390247008e-06, 5.39535562893e-07, 4.14272591343e-07, 8.70199983183e-07, 1.25629992453e-06, 1.14083195513e-06, 9.10327912607e-07, 1.08086180717e-06, 1.06595484795e-06, 7.89899559095e-07, 4.94502955917e-07, 4.82132804791e-07, 5.63348976357e-07, 6.59347961118e-07, 7.02749503034e-07, 6.9397333391e-07], "dvar2": [6.16221598193e-08, 1.50923517594e-06, 4.25412099503e-06, 1.37152519528e-05, 2.25779785978e-06, 6.74792204336e-07, 9.38015816132e-08, 7.96044616891e-08, 6.74167424108e-08, 1.28890249584e-07, 1.47813397078e-08, 1.98078575764e-09, 5.82022785522e-09, 5.95254678881e-10, 7.83380138536e-10, 6.84942769169e-10, 1.32833311017e-09, 6.6386535158e-10, 1.64818894643e-10, 8.82151990345e-11, 1.04456887584e-10, 7.55299503497e-11, 2.8428813123e-11, 8.34686555984e-11, 2.19676526969e-10, 1.76662347945e-11, 1.39373261196e-11, 9.97533444735e-11, 8.42077796381e-11, 1.60309140962e-10, 8.67098545743e-11, 1.59714866332e-10, 3.66872122959e-11, 1.7711393116e-11, 9.12272254266e-12, 1.25548052857e-11, 1.07730473847e-11, 1.076587864e-11, 8.3419287103e-12, 8.80792661029e-12], "min": [4.65680024443e-25, 8.59911043156e-25, 4.59656381179e-25, 1.67310317971e-24, 7.00461349397e-25, 8.6980740182e-25, 1.65821264126e-24, 1.24916065177e-24, 1.53278750442e-24, 2.54705949685e-24, 9.1251712009e-25, 2.3514407278e-24, 1.72538138633e-24, 2.028646734e-24, 1.16856874815e-24, 2.64847861027e-24, 2.68132066469e-24, 3.25462394705e-24, 2.77860062494e-24, 2.61941559401e-24, 2.08432394504e-24, 3.44066614193e-24, 3.14500896326e-24, 4.71037050661e-24, 3.29712856149e-24, 2.64784890205e-24, 4.01144013901e-24, 4.26735489971e-24, 3.70399303969e-24, 5.39216208218e-24, 5.0040941872e-24, 4.92592950997e-24, 4.05408083195e-24, 4.45338486724e-24, 4.84654170392e-24, 4.78469303679e-24, 5.7704749232e-24, 5.71728913211e-24, 5.95044328354e-24, 4.46545088921e-24]}, "spectral_decrease": {"dvar": 1.30392566229e-17, "var": 4.38389214128e-17, "median": -2.365843077e-09, "max": 1.82326259128e-28, "dmean": 1.68068081674e-09, "dmean2": 2.22897034163e-09, "mean": -4.82791895351e-09, "dvar2": 2.27607447484e-17, "min": -9.36221553616e-08}, "barkbands_kurtosis": {"dvar": 1354.55114746, "var": 4744.04980469, "median": 17.4233512878, "max": 1153.01586914, "dmean": 16.9191513062, "dmean2": 26.1181983948, "mean": 40.5934791565, "dvar2": 3232.17553711, "min": -1.95174789429}, "silence_rate_30dB": {"dvar": 0.00994147267193, "var": 0.0130190141499, "median": 1, "max": 1, "dmean": 0.0100433239713, "dmean2": 0.0200886260718, "mean": 0.986807107925, "dvar2": 0.0216522794217, "min": 0}, "gfcc": {"mean": [-203.146835327, 138.625030518, -40.5267410278, 26.0320320129, -52.1770324707, 1.46110701561, -56.3856811523, -4.86842727661, -34.4622383118, -2.21099281311, -10.2091493607, -8.86658668518, -3.83351612091], "cov": [[28979.6386719, -1590.28796387, -2880.56860352, 277.397399902, -2225.45361328, -223.218887329, -1729.69885254, 695.853393555, -1510.37304688, 10.4008712769, -894.278442383, -81.3394699097, 78.3283996582], [-1590.28796387, 3075.58447266, 627.108825684, -551.581481934, 580.307922363, -137.611785889, 194.831237793, -462.816802979, 355.028839111, -139.272567749, 418.079376221, -194.82661438, 62.5252609253], [-2880.56860352, 627.108825684, 1074.59057617, 45.0722045898, 230.586624146, 39.5305557251, 124.159446716, -200.367660522, 155.629486084, -8.30503940582, 201.233108521, -21.5495929718, -23.9822368622], [277.397399902, -551.581481934, 45.0722045898, 667.705810547, 26.7542858124, -16.4036617279, -3.52437829971, 41.1802940369, 18.203414917, 21.5850696564, -77.3136978149, 45.924243927, -61.5057029724], [-2225.45361328, 580.307922363, 230.586624146, 26.7542858124, 519.504882812, -20.8595142365, 171.678787231, -157.555465698, 164.724700928, -59.1232566833, 85.6050796509, -47.4277229309, -11.6118211746], [-223.218887329, -137.611785889, 39.5305557251, -16.4036617279, -20.8595142365, 243.935012817, 30.8603725433, 13.5646934509, -23.901304245, 65.7590103149, 25.870765686, 5.99676895142, -15.4524650574], [-1729.69885254, 194.831237793, 124.159446716, -3.52437829971, 171.678787231, 30.8603725433, 324.91986084, -11.6102132797, 127.913253784, 6.74061918259, 74.1195449829, -6.38612556458, -25.7817077637], [695.853393555, -462.816802979, -200.367660522, 41.1802940369, -157.555465698, 13.5646934509, -11.6102132797, 272.314300537, -19.1450557709, 38.0790710449, -62.3946304321, 57.2484054565, -6.64774417877], [-1510.37304688, 355.028839111, 155.629486084, 18.203414917, 164.724700928, -23.901304245, 127.913253784, -19.1450557709, 290.437255859, 21.7910137177, 89.3116226196, 13.0443639755, -23.981306076], [10.4008712769, -139.272567749, -8.30503940582, 21.5850696564, -59.1232566833, 65.7590103149, 6.74061918259, 38.0790710449, 21.7910137177, 155.930252075, 49.3297767639, 16.5606861115, -5.0518655777], [-894.278442383, 418.079376221, 201.233108521, -77.3136978149, 85.6050796509, 25.870765686, 74.1195449829, -62.3946304321, 89.3116226196, 49.3297767639, 210.112548828, -2.06261730194, 11.1940126419], [-81.3394699097, -194.82661438, -21.5495929718, 45.924243927, -47.4277229309, 5.99676895142, -6.38612556458, 57.2484054565, 13.0443639755, 16.5606861115, -2.06261730194, 102.253417969, 4.54055309296], [78.3283996582, 62.5252609253, -23.9822368622, -61.5057029724, -11.6118211746, -15.4524650574, -25.7817077637, -6.64774417877, -23.981306076, -5.0518655777, 11.1940126419, 4.54055309296, 98.286819458]], "icov": [[0.000127523220726, -0.000214858431718, 0.00023571170459, -0.000229217199376, 0.000370409252355, -3.3113290101e-06, 0.000326268927893, -0.000187952115084, 0.000404482532758, -0.000104565187939, 0.000185366734513, 0.000105478749902, 0.000132573535666], [-0.000214858431718, 0.00130616652314, -0.000456288340501, 0.000911035924219, -0.000919119978789, 0.000323685235344, -0.000378784316126, 0.000958586286288, -0.00140775192995, 0.000920328253414, -0.00157404539641, 0.000825488823466, -0.000448184582638], [0.00023571170459, -0.000456288340501, 0.00179613591172, -0.000704560661688, 0.000671886140481, -0.000316305580782, 0.00052113464335, 0.000327207701048, 0.000477191322716, 0.000209183606785, -0.000667159561999, 6.27219123999e-05, 0.000488533230964], [-0.000229217199376, 0.000911035924219, -0.000704560661688, 0.00254716724157, -0.00120848417282, 0.00048688435345, -0.000395088543883, 0.000562254863326, -0.00106508447789, -0.00011834668112, 2.90809975922e-06, -0.000541382178199, 0.000652050774079], [0.000370409252355, -0.000919119978789, 0.000671886140481, -0.00120848417282, 0.00468901684508, -0.000267100287601, -0.000291203061352, 0.000717084330972, -6.08369873589e-06, 0.000817537656985, 0.000568348739762, 0.000873315380886, 0.000116760493256], [-3.3113290101e-06, 0.000323685235344, -0.000316305580782, 0.00048688435345, -0.000267100287601, 0.00514318654314, -0.000586815935094, 9.11250244826e-05, 0.000916450750083, -0.00202746875584, -0.000423964374932, -1.80215447472e-05, 0.000822025176603], [0.000326268927893, -0.000378784316126, 0.00052113464335, -0.000395088543883, -0.000291203061352, -0.000586815935094, 0.0052878302522, -0.00121171912178, -0.00017597367696, 7.88690813351e-05, -0.000528193369973, 0.000686427170876, 0.0010288702324], [-0.000187952115084, 0.000958586286288, 0.000327207701048, 0.000562254863326, 0.000717084330972, 9.11250244826e-05, -0.00121171912178, 0.00653378805146, -0.00172418239526, -8.63223176566e-05, -4.63660717287e-06, -0.00167251273524, -0.000152548338519], [0.000404482532758, -0.00140775192995, 0.000477191322716, -0.00106508447789, -6.08369873589e-06, 0.000916450750083, -0.00017597367696, -0.00172418239526, 0.00738158077002, -0.00198531942442, 0.000333882780978, -0.00157434365246, 0.00173742696643], [-0.000104565187939, 0.000920328253414, 0.000209183606785, -0.00011834668112, 0.000817537656985, -0.00202746875584, 7.88690813351e-05, -8.63223176566e-05, -0.00198531942442, 0.00992952380329, -0.00412083789706, 0.000893288000952, -0.000278446736047], [0.000185366734513, -0.00157404539641, -0.000667159561999, 2.90809975922e-06, 0.000568348739762, -0.000423964374932, -0.000528193369973, -4.63660717287e-06, 0.000333882780978, -0.00412083789706, 0.0101675782353, -0.00187679554801, -0.000647376291454], [0.000105478749902, 0.000825488823466, 6.27219123999e-05, -0.000541382178199, 0.000873315380886, -1.80215447472e-05, 0.000686427170876, -0.00167251273524, -0.00157434365246, 0.000893288000952, -0.00187679554801, 0.0131629239768, -0.00149795017205], [0.000132573535666, -0.000448184582638, 0.000488533230964, 0.000652050774079, 0.000116760493256, 0.000822025176603, 0.0010288702324, -0.000152548338519, 0.00173742696643, -0.000278446736047, -0.000647376291454, -0.00149795017205, 0.0118361441419]]}, "silence_rate_20dB": {"dvar": 0, "var": 0, "median": 1, "max": 1, "dmean": 0, "dmean2": 0, "mean": 1, "dvar2": 0, "min": 1}, "barkbands_skewness": {"dvar": 1.53422033787, "var": 10.8574838638, "median": 2.29210639, "max": 24.7446517944, "dmean": 0.976348280907, "dmean2": 1.45872426033, "mean": 2.99817490578, "dvar2": 3.43545985222, "min": -3.96446943283}, "erbbands_skewness": {"dvar": 0.674769043922, "var": 4.33610725403, "median": 2.33272624016, "max": 13.9405708313, "dmean": 0.717660009861, "dmean2": 1.04984128475, "mean": 2.59862160683, "dvar2": 1.34760475159, "min": -4.91074609756}, "spectral_contrast_valleys": {"dvar": [0.110975258052, 0.121196262538, 0.107546001673, 0.118520066142, 0.1171258986, 0.113505810499], "var": [6.24972248077, 6.30868768692, 5.99936389923, 5.92818260193, 6.49654483795, 5.63913726807], "median": [-7.99293851852, -8.50225257874, -9.67947006226, -10.25349617, -10.7060070038, -12.4429359436], "max": [-5.43287849426, -4.81073713303, -5.71438980103, -6.47673606873, -6.27522706985, -7.21589899063], "dmean": [0.352984249592, 0.362040311098, 0.339390575886, 0.320768237114, 0.292819023132, 0.264468491077], "dmean2": [0.577258944511, 0.579768002033, 0.538530886173, 0.48897600174, 0.418322265148, 0.370969951153], "mean": [-8.28982830048, -8.81366157532, -9.93308353424, -10.4998092651, -10.6308403015, -12.4646663666], "dvar2": [0.250803977251, 0.268528401852, 0.225432604551, 0.243846714497, 0.216706261039, 0.210050448775], "min": [-28.1954650879, -28.2204284668, -27.8802433014, -27.6704483032, -27.5778083801, -27.4148044586]}, "spectral_strongpeak": {"dvar": 0.241666480899, "var": 0.744200050831, "median": 0.517602443695, "max": 11.6834278107, "dmean": 0.25552931428, "dmean2": 0.381067156792, "mean": 0.796185076237, "dvar2": 0.576014459133, "min": 0}, "erbbands_crest": {"dvar": 7.34175920486, "var": 33.8536109924, "median": 15.7956285477, "max": 33.027721405, "dmean": 2.72507882118, "dmean2": 4.17859220505, "mean": 16.393907547, "dvar2": 15.8635110855, "min": 2.39362668991}, "barkbands_crest": {"dvar": 5.03526496887, "var": 30.17943573, "median": 14.1103715897, "max": 26.7963123322, "dmean": 2.15555381775, "dmean2": 3.25258111954, "mean": 15.0022735596, "dvar2": 10.0746164322, "min": 3.96683144569}, "spectral_energyband_middle_low": {"dvar": 0.000175441426109, "var": 0.000536594074219, "median": 0.00591233698651, "max": 0.350201994181, "dmean": 0.00566533347592, "dmean2": 0.00786435510963, "mean": 0.0152942296118, "dvar2": 0.000313007476507, "min": 1.75938600084e-22}, "spectral_contrast_coeffs": {"dvar": [0.00149190763477, 0.00118999544065, 0.000728604209144, 0.000608580419794, 0.000390104803955, 0.000281425018329], "var": [0.0139309484512, 0.0111734680831, 0.00699223624542, 0.00344016659074, 0.00342089892365, 0.00212129973806], "median": [-0.561579108238, -0.63540494442, -0.812326729298, -0.808755278587, -0.827904105186, -0.847740232944], "max": [-0.24189221859, -0.32066655159, -0.352036565542, -0.515131115913, -0.578583776951, -0.636140227318], "dmean": [0.0443220026791, 0.0389933884144, 0.0305959600955, 0.0271564796567, 0.0219722893089, 0.0171959921718], "dmean2": [0.067349396646, 0.0641386955976, 0.0489338114858, 0.0437442287803, 0.0338105894625, 0.0262774825096], "mean": [-0.559588968754, -0.638403117657, -0.795870006084, -0.804692447186, -0.822606682777, -0.840273499489], "dvar2": [0.00321805709973, 0.00294377887622, 0.00167043355759, 0.00141424371395, 0.00080855662236, 0.000573630386498], "min": [-0.979222416878, -0.976880729198, -0.975705862045, -0.975455462933, -0.969212174416, -0.966279447079]}, "hfc": {"dvar": 48.1578521729, "var": 252.187850952, "median": 2.56725978851, "max": 271.01550293, "dmean": 2.50216650963, "dmean2": 3.18682217598, "mean": 7.49930620193, "dvar2": 69.454284668, "min": 1.05820487845e-16}, "spectral_energyband_high": {"dvar": 6.65345169182e-07, "var": 3.09187475978e-06, "median": 3.6406900108e-06, "max": 0.0367145724595, "dmean": 0.000132587709231, "dmean2": 0.000155355228344, "mean": 0.000294662488159, "dvar2": 8.60712020767e-07, "min": 6.79242348834e-21}, "erbbands_spread": {"dvar": 143.97114563, "var": 484.610473633, "median": 9.08158683777, "max": 193.946044922, "dmean": 5.63047599792, "dmean2": 8.48825263977, "mean": 17.6729450226, "dvar2": 321.128875732, "min": 0.533555984497}, "dissonance": {"dvar": 0.00130305415951, "var": 0.00704508600757, "median": 0.355998188257, "max": 0.500000059605, "dmean": 0.0372543856502, "dmean2": 0.060491412878, "mean": 0.352852016687, "dvar2": 0.00340913725086, "min": 0.0964160338044}, "spectral_kurtosis": {"dvar": 278.34362793, "var": 1391.82543945, "median": 16.9951782227, "max": 340.724151611, "dmean": 10.0736885071, "dmean2": 15.2414455414, "mean": 31.8161849976, "dvar2": 623.56262207, "min": -1.55216693878}, "spectral_skewness": {"dvar": 0.677237451077, "var": 5.94066858292, "median": 3.73074388504, "max": 16.0019550323, "dmean": 0.650701761246, "dmean2": 0.963533580303, "mean": 4.19918107986, "dvar2": 1.44223618507, "min": -0.23366445303}, "pitch_salience": {"dvar": 0.00468605943024, "var": 0.0258737206459, "median": 0.47708722949, "max": 0.932858109474, "dmean": 0.0699787139893, "dmean2": 0.106590077281, "mean": 0.462684392929, "dvar2": 0.00976525805891, "min": 0.0387218780816}, "spectral_complexity": {"dvar": 1.91309535503, "var": 11.9478349686, "median": 4, "max": 31, "dmean": 0.908034682274, "dmean2": 1.48399806023, "mean": 4.92665147781, "dvar2": 4.02361726761, "min": 0}, "spectral_spread": {"dvar": 701039837184, "var": 24931263840300.0, "median": 3471218.75, "max": 42498664, "dmean": 611858.75, "dmean2": 947551.5, "mean": 4269296, "dvar2": 1430387425280.0, "min": 285466.25}, "dynamic_complexity": 6.100669384, "melbands_crest": {"dvar": 5.94846534729, "var": 40.3303184509, "median": 18.6203174591, "max": 34.5577697754, "dmean": 2.47846913338, "dmean2": 3.76488804817, "mean": 19.0233707428, "dvar2": 13.2590074539, "min": 1.61068928242}, "zerocrossingrate": {"dvar": 0.000234230828937, "var": 0.00544732343405, "median": 0.013671875, "max": 0.56982421875, "dmean": 0.0058497111313, "dmean2": 0.00660283211619, "mean": 0.0331131778657, "dvar2": 0.00020748161478, "min": 0.00439453125}, "spectral_energyband_low": {"dvar": 1.68989445228e-05, "var": 0.000108289372292, "median": 0.000926822889596, "max": 0.205904394388, "dmean": 0.00119565275963, "dmean2": 0.00136686849874, "mean": 0.00340009736829, "dvar2": 1.84664149856e-05, "min": 8.38442469722e-24}, "melbands_kurtosis": {"dvar": 1109.38269043, "var": 5067.10546875, "median": 20.9054470062, "max": 784.011657715, "dmean": 18.4041137695, "dmean2": 28.340719223, "mean": 46.5597801208, "dvar2": 2526.87060547, "min": -1.91919386387}, "spectral_energyband_middle_high": {"dvar": 5.95586300278e-07, "var": 3.55414408659e-06, "median": 3.01666259475e-05, "max": 0.0332180522382, "dmean": 0.000182993913768, "dmean2": 0.000253379403148, "mean": 0.000502169714309, "dvar2": 1.1616853044e-06, "min": 1.17780906484e-21}, "barkbands_spread": {"dvar": 47.5957145691, "var": 159.108840942, "median": 2.18030357361, "max": 107.838630676, "dmean": 2.23454236984, "dmean2": 3.32694745064, "mean": 5.90925264359, "dvar2": 97.3940124512, "min": 0.0992206037045}, "mfcc": {"mean": [-853.446960449, 162.883010864, 63.8698921204, 30.8083095551, 24.006860733, 2.63371253014, 0.71614408493, -13.8653249741, -12.2162866592, -8.6258764267, -9.75588607788, -6.98144292831, -3.61286783218], "cov": [[13511.2832031, -1374.2767334, -1576.20788574, -551.914306641, -459.725494385, -1294.14941406, -86.0371856689, -351.502471924, 84.1738357544, -85.3924865723, -469.466522217, -406.785186768, -443.699188232], [-1374.2767334, 2856.39257812, 516.717041016, -152.456756592, 260.06930542, 216.104415894, 56.3019218445, -131.027389526, -224.281066895, 31.1525268555, 5.32301712036, 18.3577289581, 64.1367874146], [-1576.20788574, 516.717041016, 1002.7454834, 179.932510376, 104.291290283, 217.067871094, 9.56325149536, -29.4878883362, -115.300735474, -27.3160076141, 68.6505813599, 47.9437942505, 106.929473877], [-551.914306641, -152.456756592, 179.932510376, 561.58605957, 126.097221375, 101.757591248, -39.2806167603, 76.9730453491, 50.0358848572, -40.5310630798, 45.618522644, 48.0434303284, 32.8889846802], [-459.725494385, 260.06930542, 104.291290283, 126.097221375, 271.794769287, 107.140731812, -23.9403362274, -4.75490570068, -29.8676242828, -2.69358968735, -7.47097253799, -7.08949136734, 26.2761325836], [-1294.14941406, 216.104415894, 217.067871094, 101.757591248, 107.140731812, 368.185211182, 51.1322975159, 5.55785179138, -29.4971160889, 32.4981803894, 58.8022460938, 28.5438537598, 52.3990516663], [-86.0371856689, 56.3019218445, 9.56325149536, -39.2806167603, -23.9403362274, 51.1322975159, 193.74520874, -0.285321176052, -37.5773773193, 45.0690765381, -8.59945583344, -22.7527275085, 22.438501358], [-351.502471924, -131.027389526, -29.4878883362, 76.9730453491, -4.75490570068, 5.55785179138, -0.285321176052, 173.21055603, 80.4972839355, -21.9655895233, 40.4042739868, 50.6099700928, 5.1883149147], [84.1738357544, -224.281066895, -115.300735474, 50.0358848572, -29.8676242828, -29.4971160889, -37.5773773193, 80.4972839355, 155.748214722, 8.85946273804, 13.2082834244, 30.7839431763, -7.9691991806], [-85.3924865723, 31.1525268555, -27.3160076141, -40.5310630798, -2.69358968735, 32.4981803894, 45.0690765381, -21.9655895233, 8.85946273804, 131.292297363, 21.1543464661, -16.3031101227, 35.2879142761], [-469.466522217, 5.32301712036, 68.6505813599, 45.618522644, -7.47097253799, 58.8022460938, -8.59945583344, 40.4042739868, 13.2082834244, 21.1543464661, 157.056518555, 84.4084091187, 31.6438827515], [-406.785186768, 18.3577289581, 47.9437942505, 48.0434303284, -7.08949136734, 28.5438537598, -22.7527275085, 50.6099700928, 30.7839431763, -16.3031101227, 84.40