{"tonal": {"chords_key": "D", "hpcp_entropy": {"dmean": 0.388795673847, "dmean2": 0.642884731293, "max": 3.76388549805, "dvar": 0.157815277576, "mean": 1.59921813011, "dvar2": 0.409947872162, "min": 0, "var": 0.406056433916, "median": 1.61039745808}, "key_key": "D", "chords_strength": {"dmean": 0.00740526383743, "dmean2": 0.00482682185248, "max": 0.69325453043, "dvar": 3.68394539692e-05, "mean": 0.492986232042, "dvar2": 2.72257511824e-05, "min": 0.266964912415, "var": 0.0076338625513, "median": 0.499966144562}, "key_scale": "major", "chords_number_rate": 0.00161603104789, "thpcp": [1, 0.509427368641, 0.0764672979712, 0.0549417622387, 0.056306976825, 0.328648775816, 0.560485601425, 0.314388543367, 0.0893054753542, 0.0601721815765, 0.0476954802871, 0.154322728515, 0.270608186722, 0.216705709696, 0.416775882244, 0.683887779713, 0.38434228301, 0.0802179127932, 0.0639529526234, 0.0900044366717, 0.466286659241, 0.820993900299, 0.502589285374, 0.150220900774, 0.0978420302272, 0.0899682939053, 0.340536147356, 0.576190829277, 0.386406511068, 0.477404117584, 0.652970254421, 0.309249013662, 0.0923697352409, 0.114175781608, 0.140762373805, 0.614785313606], "key_strength": 0.808484792709, "tuning_nontempered_energy_ratio": 0.590061545372, "tuning_frequency": 440, "chords_changes_rate": 0.0439560450613, "tuning_diatonic_strength": 0.627173602581, "chords_scale": "major", "chords_histogram": [28.7491912842, 1.47058820724, 28.1997413635, 0, 0.242404654622, 0, 0.339366525412, 0, 0.145442798734, 0, 0.0161603111774, 0, 0, 0, 0, 1.87459599972, 0, 2.13316106796, 0, 1.55138981342, 1.00193929672, 11.9747896194, 16.1279888153, 6.17323875427], "tuning_equal_tempered_deviation": 0.00495007261634, "hpcp": {"dmean": [0.0889443904161, 0.0791451931, 0.0314583592117, 0.0235600937158, 0.0238525364548, 0.0536718703806, 0.0671565309167, 0.0547025501728, 0.0292608067393, 0.021058043465, 0.0199048761278, 0.0387533381581, 0.0525608286262, 0.0554507449269, 0.0729452595115, 0.084395237267, 0.0623252913356, 0.0303978342563, 0.0263534802943, 0.0382121950388, 0.0848108679056, 0.095794133842, 0.0929697826505, 0.0630017146468, 0.0456453189254, 0.0416753031313, 0.0722006782889, 0.0807805210352, 0.0829063877463, 0.0796056166291, 0.0642033591866, 0.0615937747061, 0.0398451313376, 0.0437813512981, 0.0575684979558, 0.0932252407074], "dmean2": [0.14433644712, 0.133630678058, 0.0571322701871, 0.0427313372493, 0.0429276749492, 0.0875470116735, 0.105060361326, 0.0889004543424, 0.0513784997165, 0.0371131598949, 0.0358783267438, 0.0652820691466, 0.0872020125389, 0.0930892303586, 0.119153879583, 0.134467706084, 0.0998104885221, 0.0537571124732, 0.046070817858, 0.0675459355116, 0.140825822949, 0.154091790318, 0.156666576862, 0.11189301312, 0.0827246233821, 0.0753269717097, 0.121310025454, 0.133249685168, 0.140791758895, 0.13726580143, 0.108870565891, 0.106134228408, 0.0727800652385, 0.0783298611641, 0.10396476835, 0.159483447671], "max": [1, 1, 1, 1, 1, 1, 1, 1, 1, 1, 1, 1, 1, 1, 1, 1, 1, 1, 1, 1, 1, 1, 1, 1, 1, 1, 1, 1, 1, 1, 1, 1, 1, 1, 1, 1], "dvar": [0.0272581726313, 0.0177189186215, 0.00987884774804, 0.00862744729966, 0.00603287806734, 0.0100648440421, 0.0177613962442, 0.011632822454, 0.00819261651486, 0.00580196082592, 0.00589911034331, 0.0098268808797, 0.0154348164797, 0.0153993600979, 0.0149065814912, 0.0213139485568, 0.0125921396539, 0.00828270893544, 0.00876086950302, 0.0110671948642, 0.0214849766344, 0.0286099109799, 0.0259773079306, 0.0239353757352, 0.0177715532482, 0.0154140796512, 0.0211581941694, 0.0246483068913, 0.0248344112188, 0.0247958824039, 0.0258671045303, 0.0175706911832, 0.0144721744582, 0.0174613725394, 0.0227393992245, 0.0248905345798], "mean": [0.381941556931, 0.194571480155, 0.0292060375214, 0.0209845416248, 0.0215059742332, 0.125524625182, 0.214072749019, 0.1200780496, 0.0341094732285, 0.022982256487, 0.0182168856263, 0.0589422620833, 0.103356510401, 0.0827689170837, 0.159184023738, 0.261205166578, 0.146796286106, 0.0306385532022, 0.0244262889028, 0.0343764349818, 0.178094252944, 0.313571691513, 0.19195972383, 0.0573756061494, 0.0373699367046, 0.034362629056, 0.13006490469, 0.220071226358, 0.147584706545, 0.182340472937, 0.249396473169, 0.118115052581, 0.0352798402309, 0.0436084754765, 0.0537629984319, 0.234812051058], "dvar2": [0.0601661205292, 0.0477837324142, 0.0282604657114, 0.0244735777378, 0.0168255846947, 0.0264203473926, 0.0404182821512, 0.0295957680792, 0.0223560910672, 0.0151734920219, 0.016292558983, 0.0251445509493, 0.0357957072556, 0.0384499542415, 0.0368318930268, 0.0490769185126, 0.0318184345961, 0.0228005647659, 0.0230401102453, 0.0299490522593, 0.0540013723075, 0.0661044344306, 0.0670876652002, 0.0650443211198, 0.0497490987182, 0.0435715056956, 0.0573197305202, 0.057979144156, 0.0661717578769, 0.0655106753111, 0.059658985585, 0.0477685928345, 0.040625911206, 0.0485512763262, 0.0635321587324, 0.0686140209436], "min": [0, 0, 0, 0, 0, 0, 0, 0, 0, 0, 0, 0, 0, 0, 0, 0, 0, 0, 0, 0, 0, 0, 0, 0, 0, 0, 0, 0, 0, 0, 0, 0, 0, 0, 0, 0], "var": [0.158296495676, 0.044303715229, 0.00697965640575, 0.00601713266224, 0.00420128460974, 0.0370933711529, 0.0985695570707, 0.0310479756445, 0.00876745954156, 0.00625374820083, 0.0047433776781, 0.0149889290333, 0.0396131239831, 0.0265495628119, 0.0402254834771, 0.0980792120099, 0.0389370210469, 0.0068014441058, 0.00749432248995, 0.00941755715758, 0.0523665249348, 0.133299484849, 0.0597486048937, 0.0206604953855, 0.0132748065516, 0.0121031180024, 0.041173286736, 0.0983708202839, 0.0494976975024, 0.075000949204, 0.148373827338, 0.0352028794587, 0.0104153379798, 0.0157074071467, 0.0198351442814, 0.0733520314097], "median": [0.168724358082, 0.0963609665632, 0.00734290154651, 0.00303541030735, 0.00494002923369, 0.0376877300441, 0.0638100355864, 0.0394162721932, 0.00707414001226, 0.00414890330285, 0.00328421778977, 0.01633586362, 0.0251062326133, 0.0211706273258, 0.0820276662707, 0.126714244485, 0.0623929128051, 0.00621833093464, 0.00347015052103, 0.00509296776727, 0.063857614994, 0.126663535833, 0.0708836317062, 0.0072713540867, 0.00327787036076, 0.00363692361861, 0.0365377739072, 0.0679283216596, 0.0508991032839, 0.0215588621795, 0.0158542376012, 0.011601626873, 0.00641000922769, 0.00611253082752, 0.00832023192197, 0.0869753807783]}}, "lowlevel": {"melbands_flatness_db": {"dmean": 0.0157804954797, "dmean2": 0.0237873569131, "max": 0.610905408859, "dvar": 0.000377196294721, "mean": 0.263927012682, "dvar2": 0.000848760246299, "min": 0.00835154484957, "var": 0.00733260018751, "median": 0.253824055195}, "melbands_crest": {"dmean": 2.10645699501, "dmean2": 3.460470438, "max": 31.5338191986, "dvar": 5.0339922905, "mean": 14.3149738312, "dvar2": 13.8710279465, "min": 1.95519518852, "var": 22.181602478, "median": 13.8443946838}, "spectral_entropy": {"dmean": 0.11633156985, "dmean2": 0.168516919017, "max": 9.79034233093, "dvar": 0.0201937705278, "mean": 6.9149312973, "dvar2": 0.0369730703533, "min": 4.22248697281, "var": 0.404442548752, "median": 6.95021724701}, "melbands": {"dmean": [0.000499129586387, 0.000835138896946, 0.000347313907696, 0.000229451063205, 0.000200450507691, 0.000244957627729, 0.000150512103573, 0.000101795158116, 0.000140224205097, 8.25234601507e-05, 5.08806151629e-05, 4.81706229039e-05, 3.33969073836e-05, 3.09460992867e-05, 2.1062363885e-05, 2.19725316128e-05, 1.82319654414e-05, 2.84601410385e-05, 1.76041212399e-05, 1.93278119696e-05, 1.49782481458e-05, 1.20724007502e-05, 7.9922247096e-06, 1.90563582692e-06, 1.3499460465e-06, 1.53919233981e-06, 1.30265016196e-06, 1.495385618e-06, 7.31049851765e-07, 4.91536923164e-07, 4.57697638012e-07, 6.61763351673e-07, 5.50802496946e-07, 3.40725677006e-07, 2.856232868e-07, 2.77920747749e-07, 2.33222806401e-07, 2.0561380154e-07, 1.7737347946e-07, 1.52791045593e-07], "dmean2": [0.000854841782711, 0.00147327233572, 0.000571539625525, 0.000378691795049, 0.000308409333229, 0.000393138761865, 0.000233144179219, 0.000146633537952, 0.000198854511837, 0.000115850147267, 7.20583848306e-05, 7.25338250049e-05, 5.23387752764e-05, 4.67020618089e-05, 3.13739546982e-05, 3.34653595928e-05, 2.88309020107e-05, 4.42419332103e-05, 2.74676403933e-05, 3.09832830681e-05, 2.40433600993e-05, 1.93608757399e-05, 1.28583806145e-05, 3.10667087433e-06, 2.14913688978e-06, 2.5045478651e-06, 2.07463085644e-06, 2.32661454902e-06, 1.15623060992e-06, 7.77567265686e-07, 7.17977059139e-07, 1.0261700254e-06, 8.30119859074e-07, 5.26374492438e-07, 4.2136986167e-07, 4.04382859642e-07, 3.3880638739e-07, 2.94136583534e-07, 2.51619667324e-07, 2.18667167928e-07], "max": [0.0250347722322, 0.0345404036343, 0.0116424951702, 0.0124499788508, 0.00960379373282, 0.0141503401101, 0.0131841925904, 0.00851936638355, 0.0107412831858, 0.00822001416236, 0.00706701073796, 0.00541038066149, 0.00945479050279, 0.00287987780757, 0.00170443276875, 0.00271582975984, 0.00263896258548, 0.00244706938975, 0.00154661061242, 0.00240635406226, 0.00189885077998, 0.0013496450847, 0.000873758050147, 0.000139574156492, 0.000109038068331, 0.000199335860088, 0.000190548773389, 0.000477105553728, 7.86273521953e-05, 6.36561671854e-05, 0.00012869607599, 9.53653652687e-05, 5.41074841749e-05, 5.98731312493e-05, 4.58518879896e-05, 4.97072178405e-05, 3.17544872814e-05, 2.74560879916e-05, 2.78574007098e-05, 1.97115077754e-05], "dvar": [4.54916926174e-06, 7.37805248718e-06, 3.98081397179e-07, 2.59368306388e-07, 1.21796588815e-07, 2.71494400295e-07, 1.25975617493e-07, 6.4986544146e-08, 1.15437131853e-07, 4.4745963379e-08, 1.66135709634e-08, 1.43455629598e-08, 2.62405848162e-08, 6.07215611126e-09, 2.3304418395e-09, 3.26498406089e-09, 2.71294098297e-09, 7.40397165799e-09, 2.02228633839e-09, 2.98014501965e-09, 2.14692796874e-09, 1.28620780693e-09, 4.83379281047e-10, 2.10434170089e-11, 1.10715195692e-11, 1.64740391467e-11, 2.10792702737e-11, 3.93596787107e-11, 4.85110432727e-12, 1.95932766539e-12, 2.70043427723e-12, 3.93851314409e-12, 2.6098984085e-12, 1.64909123683e-12, 1.20573527291e-12, 1.04376826193e-12, 6.08516546614e-13, 5.14573789395e-13, 3.72072327375e-13, 3.12287955911e-13], "mean": [0.0007260760176, 0.00224074046127, 0.00101403950248, 0.000527077761944, 0.000529727141839, 0.000593516859226, 0.000387482665246, 0.000284078210825, 0.000389732798794, 0.000250023585977, 0.000145314421388, 0.000121123535791, 7.4867712101e-05, 7.37791124266e-05, 4.90070015076e-05, 4.53617467429e-05, 3.7086498196e-05, 5.89662704442e-05, 3.92755464418e-05, 3.95233728341e-05, 3.12233969453e-05, 2.65677845164e-05, 1.73740245373e-05, 4.19798652729e-06, 2.96572693514e-06, 3.34125070367e-06, 2.81891675513e-06, 3.32403965331e-06, 1.56506507665e-06, 1.03626678083e-06, 1.02927117496e-06, 1.62440437634e-06, 1.42066176068e-06, 7.85419331351e-07, 6.44483748147e-07, 6.32112858057e-07, 5.52765925477e-07, 4.685142585e-07, 3.93466223159e-07, 3.20542625332e-07], "dvar2": [1.22604424178e-05, 2.18778004637e-05, 1.07269227101e-06, 6.8609989512e-07, 2.82801352114e-07, 6.88588613684e-07, 2.86521725457e-07, 1.3244856234e-07, 2.36015821997e-07, 8.82563853111e-08, 2.88499482082e-08, 4.06175040268e-08, 6.31755483482e-08, 1.28438211178e-08, 5.19418197342e-09, 7.347590536e-09, 6.5968266405e-09, 1.61828737077e-08, 4.78400963289e-09, 7.08812963879e-09, 5.49225687152e-09, 3.41952577365e-09, 1.19202303583e-09, 5.27406660011e-11, 2.610748423e-11, 4.18208627451e-11, 5.26123762612e-11, 8.680843544e-11, 1.13099807297e-11, 4.294497917e-12, 6.53444659493e-12, 9.60997687677e-12, 5.73137934681e-12, 3.87707921323e-12, 2.35949649575e-12, 1.85113144431e-12, 1.17719419282e-12, 9.3241018205e-13, 6.45460573011e-13, 5.92995650413e-13], "min": [2.03473654297e-24, 1.96489142951e-23, 6.92468729035e-24, 5.94610533742e-24, 3.20180497628e-23, 2.19286939122e-23, 1.00039458804e-23, 1.50389878698e-23, 8.04318082456e-24, 4.64092077023e-24, 7.80081593321e-24, 7.47155959086e-24, 1.23625192913e-23, 7.88345542392e-24, 5.25490698999e-24, 7.52772648732e-24, 7.86377255547e-24, 1.42941690689e-23, 1.41752814196e-23, 1.66151414248e-23, 1.26473856417e-23, 1.06248843314e-23, 1.98559177075e-23, 6.80957749592e-24, 9.21612784934e-24, 1.10351984983e-23, 1.450681757e-23, 1.48613206167e-23, 1.44076072671e-23, 8.66051970316e-24, 1.06697823498e-23, 1.19870885536e-23, 1.5136852376e-23, 6.98667440256e-24, 8.9041743821e-24, 5.03227466532e-24, 6.41108874838e-24, 1.20818394258e-23, 1.00406208128e-23, 8.12434908968e-24], "var": [3.90762579627e-06, 7.72612838773e-06, 1.0568800235e-06, 5.56854274691e-07, 5.40850805919e-07, 9.24450034745e-07, 4.6157637712e-07, 2.92703617788e-07, 5.45542320651e-07, 2.74942891565e-07, 1.23770590221e-07, 4.27565645111e-08, 1.20641090007e-07, 2.64516071269e-08, 6.68878907817e-09, 9.61589385895e-09, 6.01111693754e-09, 2.51033043241e-08, 6.375859396e-09, 8.06626943017e-09, 6.44285513829e-09, 3.58971163905e-09, 1.82751191957e-09, 8.09405875657e-11, 3.07324027338e-11, 4.31434367398e-11, 5.37601491102e-11, 1.47481388213e-10, 1.62467782283e-11, 4.73902991502e-12, 6.41437770954e-12, 1.67600239243e-11, 1.32974438752e-11, 3.93632825987e-12, 3.60429503084e-12, 3.79418718666e-12, 2.19495038464e-12, 1.59650949145e-12, 1.21249809238e-12, 8.34860609464e-13], "median": [0.000235743631492, 0.00158940919209, 0.000725209189113, 0.000304016750306, 0.000284764741082, 0.000267910276307, 0.000182039017091, 0.000131670676637, 0.000158054754138, 7.36227957532e-05, 4.89324411319e-05, 5.22323316545e-05, 1.89693455468e-05, 2.74034173344e-05, 2.15114887396e-05, 1.51906951942e-05, 1.07105488496e-05, 1.43470260809e-05, 1.37683891808e-05, 1.14645445137e-05, 7.46786918171e-06, 6.76290346746e-06, 2.97311453323e-06, 8.46954719691e-07, 7.64790968333e-07, 9.10577909963e-07, 4.61589706902e-07, 3.96740063024e-07, 3.02270336761e-07, 2.40341535118e-07, 1.96030640609e-07, 2.1160745689e-07, 1.41057867609e-07, 1.08376923436e-07, 8.06328941394e-08, 8.11611187146e-08, 7.92122420989e-08, 7.44340269421e-08, 6.78819560562e-08, 4.66810945454e-08]}, "silence_rate_60dB": {"dmean": 0.0127697410062, "dmean2": 0.0255415458232, "max": 1, "dvar": 0.0126059819013, "mean": 0.0697430074215, "dvar2": 0.0292519610375, "min": 0, "var": 0.0648702904582, "median": 0}, "spectral_energyband_middle_high": {"dmean": 0.00103463116102, "dmean2": 0.00157922983635, "max": 0.0635858625174, "dvar": 4.01419538321e-06, "mean": 0.00460427068174, "dvar2": 9.82888650469e-06, "min": 1.7298982035e-21, "var": 3.54158364644e-05, "median": 0.00241967756301}, "erbbands_skewness": {"dmean": 0.257707029581, "dmean2": 0.385725110769, "max": 5.35477876663, "dvar": 0.0659268200397, "mean": 0.508159816265, "dvar2": 0.144740268588, "min": -3.79786062241, "var": 0.642025828362, "median": 0.427209019661}, "dynamic_complexity": 4.11393880844, "dissonance": {"dmean": 0.0234154630452, "dmean2": 0.0393702238798, "max": 0.500000059605, "dvar": 0.000557702616788, "mean": 0.434307873249, "dvar2": 0.00151888048276, "min": 0.115234345198, "var": 0.00237474008463, "median": 0.446765840054}, "spectral_skewness": {"dmean": 0.325409501791, "dmean2": 0.531881630421, "max": 11.3171472549, "dvar": 0.174866914749, "mean": 2.63614010811, "dvar2": 0.478942960501, "min": -0.00817197468132, "var": 1.66948795319, "median": 2.29559135437}, "spectral_kurtosis": {"dmean": 4.05264663696, "dmean2": 6.81890010834, "max": 182.999298096, "dvar": 47.2010688782, "mean": 13.8789777756, "dvar2": 131.341278076, "min": -1.2329968214, "var": 313.389434814, "median": 8.41101741791}, "gfcc": {"cov": [[16735.25, -1803.25646973, -1302.39147949, 1437.52783203, -344.132263184, 1184.47644043, -399.867645264, 845.157348633, 33.4212188721, 282.680206299, -283.123748779, 142.757354736, -177.112869263], [-1803.25646973, 1653.74121094, -152.705291748, -400.463378906, 269.327636719, -276.941436768, 226.380447388, -178.275054932, 165.757995605, -156.431564331, 145.327896118, -166.091918945, 115.984146118], [-1302.39147949, -152.705291748, 1306.02001953, 144.995040894, 53.213558197, 116.755393982, -10.1034469604, 15.838634491, -103.846878052, 95.7453308105, -102.960617065, 130.721176147, -119.908096313], [1437.52783203, -400.463378906, 144.995040894, 886.486694336, 246.849090576, 196.232131958, 63.8797035217, 190.037780762, 41.8126754761, 19.2825183868, -80.1873474121, 16.3350028992, -14.2949819565], [-344.132263184, 269.327636719, 53.213558197, 246.849090576, 413.540527344, 26.3990135193, 124.175674438, 60.4947433472, 77.747467041, -21.8232498169, 6.52481842041, -29.1310214996, 27.0536727905], [1184.47644043, -276.941436768, 116.755393982, 196.232131958, 26.3990135193, 293.840270996, -2.37439608574, 96.2990570068, -2.47270560265, 44.5996665955, -36.5804862976, 27.230430603, -26.6398983002], [-399.867645264, 226.380447388, -10.1034469604, 63.8797035217, 124.175674438, -2.37439608574, 225.867614746, 10.7418193817, 26.8408679962, -3.06669521332, 32.0325241089, -37.2008743286, 16.3824901581], [845.157348633, -178.275054932, 15.838634491, 190.037780762, 60.4947433472, 96.2990570068, 10.7418193817, 183.111312866, 24.9899024963, 23.1394062042, -15.2408037186, 17.9924144745, -18.5714817047], [33.4212188721, 165.757995605, -103.846878052, 41.8126754761, 77.747467041, -2.47270560265, 26.8408679962, 24.9899024963, 160.120773315, -9.78551101685, -2.09430718422, -21.3232879639, 31.3930130005], [282.680206299, -156.431564331, 95.7453308105, 19.2825183868, -21.8232498169, 44.5996665955, -3.06669521332, 23.1394062042, -9.78551101685, 114.11971283, -4.91687011719, 26.2268657684, -22.5598888397], [-283.123748779, 145.327896118, -102.960617065, -80.1873474121, 6.52481842041, -36.5804862976, 32.0325241089, -15.2408037186, -2.09430718422, -4.91687011719, 124.441093445, -9.40656089783, 24.804441452], [142.757354736, -166.091918945, 130.721176147, 16.3350028992, -29.1310214996, 27.230430603, -37.2008743286, 17.9924144745, -21.3232879639, 26.2268657684, -9.40656089783, 115.231651306, -7.27922058105], [-177.112869263, 115.984146118, -119.908096313, -14.2949819565, 27.0536727905, -26.6398983002, 16.3824901581, -18.5714817047, 31.3930130005, -22.5598888397, 24.804441452, -7.27922058105, 92.0567092896]], "mean": [-53.3291358948, 133.169845581, -113.308174133, 9.16802024841, -56.7806549072, 9.22248458862, -43.9734992981, 3.43144989014, -17.5716190338, -2.53776025772, -18.7510299683, -6.67632627487, -8.48783969879], "icov": [[0.000223015536903, -0.000333541276632, 0.000484943593619, -0.000386658910429, 0.000412138120737, -0.000745296245441, 0.000426526123192, -0.000602326937951, 0.00034234119812, -0.000598553742748, 0.000480123795569, -0.000472692830954, 0.00045653610141], [-0.000333541276632, 0.0022889203392, -0.00114735180978, 0.00141402496956, -0.00158309424296, 0.00170482392423, -0.00155626202468, 0.00158728670795, -0.0019350387156, 0.00235310057178, -0.00179920170922, 0.00213411240838, -0.00135462614708], [0.000484943593619, -0.00114735180978, 0.00229633762501, -0.00106523372233, 0.000701439683326, -0.0019324538298, 0.000979244359769, -0.0010278376285, 0.0015982168261, -0.00215222383849, 0.00197700341232, -0.00250859535299, 0.00225374847651], [-0.000386658910429, 0.00141402496956, -0.00106523372233, 0.00294329901226, -0.00205009174533, 0.000915779615752, -0.00131669116672, 8.81398809724e-05, -0.0010740783764, 0.00179555336945, -0.00036664964864, 0.00141412683297, -0.00131942378357], [0.000412138120737, -0.00158309424296, 0.000701439683326, -0.00205009174533, 0.0051768864505, -0.00146942876745, -0.000200997790671, -0.00194501294754, 6.27241097391e-05, -0.00110713171307, 0.000945351144765, -0.00103352661245, 0.000450427527539], [-0.000745296245441, 0.00170482392423, -0.0019324538298, 0.000915779615752, -0.00146942876745, 0.00737684639171, -0.001691440586, 0.000575757061597, -0.00145003234502, 0.00138650741428, -0.00145226693712, 0.0018889575731, -0.00159806071315], [0.000426526123192, -0.00155626202468, 0.000979244359769, -0.00131669116672, -0.000200997790671, -0.001691440586, 0.00706910807639, -0.00144876353443, 0.00130482984241, -0.00240666302852, 2.7723637686e-05, 5.3760454648e-06, 0.000829920521937], [-0.000602326937951, 0.00158728670795, -0.0010278376285, 8.81398809724e-05, -0.00194501294754, 0.000575757061597, -0.00144876353443, 0.0101809501648, -0.00254723033868, 0.00145984801929, -0.00215327157639, 0.000549335847609, 0.000416158349253], [0.00034234119812, -0.0019350387156, 0.0015982168261, -0.0010740783764, 6.27241097391e-05, -0.00145003234502, 0.00130482984241, -0.00254723033868, 0.00951185263693, -0.00248989742249, 0.00273348833434, -0.00120074558072, -0.000857910781633], [-0.000598553742748, 0.00235310057178, -0.00215222383849, 0.00179555336945, -0.00110713171307, 0.00138650741428, -0.00240666302852, 0.00145984801929, -0.00248989742249, 0.0132475662977, -0.00286476220936, 0.000982468947768, -0.000246251060162], [0.000480123795569, -0.00179920170922, 0.00197700341232, -0.00036664964864, 0.000945351144765, -0.00145226693712, 2.7723637686e-05, -0.00215327157639, 0.00273348833434, -0.00286476220936, 0.0117169087753, -0.00236295186915, -0.000406788807595], [-0.000472692830954, 0.00213411240838, -0.00250859535299, 0.00141412683297, -0.00103352661245, 0.0018889575731, 5.3760454648e-06, 0.000549335847609, -0.00120074558072, 0.000982468947768, -0.00236295186915, 0.0133435372263, -0.00334393070079], [0.00045653610141, -0.00135462614708, 0.00225374847651, -0.00131942378357, 0.000450427527539, -0.00159806071315, 0.000829920521937, 0.000416158349253, -0.000857910781633, -0.000246251060162, -0.000406788807595, -0.00334393070079, 0.0155975129455]]}, "spectral_complexity": {"dmean": 1.7361997366, "dmean2": 2.84400248528, "max": 51, "dvar": 3.11894655228, "mean": 15.8826570511, "dvar2": 7.58706283569, "min": 0, "var": 67.383934021, "median": 14}, "spectral_flux": {"dmean": 0.0151874190196, "dmean2": 0.0232878196985, "max": 0.360495358706, "dvar": 0.000616840959992, "mean": 0.0544834844768, "dvar2": 0.00129998731427, "min": 1.02258042312e-10, "var": 0.00188165379222, "median": 0.0446801371872}, "spectral_energyband_low": {"dmean": 0.0034686641302, "dmean2": 0.00598563300446, "max": 0.147745445371, "dvar": 0.000136839080369, "mean": 0.00888482574373, "dvar2": 0.000381723133614, "min": 7.07701191352e-23, "var": 0.000143621873576, "median": 0.00670633092523}, "spectral_decrease": {"dmean": 1.40733513732e-09, "dmean2": 2.29167373966e-09, "max": 4.50523556668e-17, "dvar": 9.60442304367e-18, "mean": -6.49213571791e-09, "dvar2": 2.55296640201e-17, "min": -4.24372572638e-08, "var": 2.77923355221e-17, "median": -5.30134425247e-09}, "barkbands_spread": {"dmean": 2.38383388519, "dmean2": 3.48744416237, "max": 124.711158752, "dvar": 14.282040596, "mean": 14.2508773804, "dvar2": 24.0710983276, "min": 0.534554958344, "var": 104.242172241, "median": 12.5787467957}, "spectral_rms": {"dmean": 0.000457409740193, "dmean2": 0.0007222815766, "max": 0.0126002803445, "dvar": 5.73500869905e-07, "mean": 0.00458540534601, "dvar2": 1.41796033404e-06, "min": 3.19400473951e-12, "var": 4.23700703323e-06, "median": 0.00450613629073}, "spectral_centroid": {"dmean": 100.62664032, "dmean2": 150.20199585, "max": 10998.2919922, "dvar": 22403.5449219, "mean": 834.092468262, "dvar2": 39326.8671875, "min": 185.656951904, "var": 207001.015625, "median": 746.842285156}, "barkbands_skewness": {"dmean": 0.326933801174, "dmean2": 0.508861422539, "max": 8.04431247711, "dvar": 0.177706062794, "mean": 1.4749301672, "dvar2": 0.445790708065, "min": -7.6390914917, "var": 0.899484157562, "median": 1.37085413933}, "spectral_rolloff": {"dmean": 191.064147949, "dmean2": 317.806976318, "max": 18346.2890625, "dvar": 262651.6875, "mean": 1003.85046387, "dvar2": 522791.84375, "min": 107.666015625, "var": 1314775.875, "median": 753.662109375}, "erbbands_spread": {"dmean": 3.95892953873, "dmean2": 5.91334247589, "max": 159.247528076, "dvar": 37.6561889648, "mean": 26.3172798157, "dvar2": 73.1494064331, "min": 1.96383368969, "var": 203.39352417, "median": 24.5982723236}, "barkbands": {"dmean": [9.90136468317e-05, 0.00215461081825, 0.0013913117582, 0.000732711399905, 0.00102945161052, 0.0012495132396, 0.000632005394436, 0.000709965999704, 0.000596731086262, 0.000335432414431, 0.000215518972254, 0.000252986181295, 0.000228171789786, 0.000237057363847, 0.000299944862491, 0.000212736078538, 0.000234318402363, 4.65509547212e-05, 3.54450930899e-05, 3.89817760151e-05, 2.00365720957e-05, 2.57144838542e-05, 1.62699870998e-05, 1.6310807041e-05, 1.34574056574e-05, 8.41280234454e-06, 1.10686596599e-06], "dmean2": [0.000167265534401, 0.0038179717958, 0.002338207094, 0.00122690165881, 0.00168117904104, 0.0019826174248, 0.000913859112188, 0.00102462037466, 0.000831452431157, 0.000503050687257, 0.000340376544045, 0.000381042947993, 0.000347746914485, 0.000375971460016, 0.000466640805826, 0.000338166952133, 0.000374233582988, 7.52742926124e-05, 5.71692362428e-05, 6.06377980148e-05, 3.11757830787e-05, 3.85939747503e-05, 2.35357256315e-05, 2.27308319154e-05, 1.81317700481e-05, 1.22032515719e-05, 1.64239747846e-06], "max": [0.00640365108848, 0.101288512349, 0.0709777399898, 0.0298222601414, 0.0503463670611, 0.0746464282274, 0.0611823350191, 0.050326064229, 0.0618660859764, 0.0307305641472, 0.0591109246016, 0.0222375337034, 0.0239969305694, 0.0240861754864, 0.0219990480691, 0.0253731515259, 0.0321944244206, 0.00612318236381, 0.00316385971382, 0.00872905645519, 0.00325505970977, 0.00311561929993, 0.00288383779116, 0.00212675798684, 0.00164124637377, 0.00176338700112, 0.000849778880365], "dvar": [2.00664700856e-07, 7.41041367291e-05, 1.58442671818e-05, 1.9281810637e-06, 4.17703040512e-06, 5.99147233515e-06, 2.6980990242e-06, 3.1863055483e-06, 2.19260846279e-06, 5.46845228655e-07, 1.10048074475e-06, 3.79010003826e-07, 3.34509650202e-07, 5.96843563017e-07, 5.11323662522e-07, 3.85613788012e-07, 4.97016003465e-07, 2.23723439774e-08, 7.28289650809e-09, 1.9370242299e-08, 3.6835989814e-09, 5.21821164057e-09, 4.02760402807e-09, 3.04513414484e-09, 2.36467245784e-09, 1.1944267797e-09, 7.4811094819e-11], "mean": [8.90216906555e-05, 0.00360231404193, 0.00442749913782, 0.00175399763975, 0.00247344328091, 0.00317291519605, 0.00173209910281, 0.00183005596045, 0.00180604099296, 0.000861703243572, 0.000452014355687, 0.000601759762503, 0.000462865340523, 0.00046464681509, 0.00064859772101, 0.000456821086118, 0.000528872129507, 0.000104641192593, 8.34851089166e-05, 9.0951754828e-05, 4.79657355754e-05, 7.30899701011e-05, 4.04341844842e-05, 4.27032900916e-05, 3.08818889607e-05, 1.42091612361e-05, 1.55512600486e-06], "dvar2": [5.27285010321e-07, 0.000210438345675, 4.52435961051e-05, 5.48629031982e-06, 1.07669202407e-05, 1.47935297719e-05, 5.54543657927e-06, 6.65869583827e-06, 4.12611507272e-06, 1.48081221596e-06, 2.68718804364e-06, 7.94108700575e-07, 7.35586581868e-07, 1.36156904773e-06, 1.22156211546e-06, 8.87999817678e-07, 1.35702566695e-06, 5.36623119274e-08, 1.82186123965e-08, 4.43485355106e-08, 8.47714520802e-09, 1.13187779149e-08, 7.69075114704e-09, 4.91368590261e-09, 3.9721066436e-09, 2.23256524379e-09, 1.22673704528e-10], "min": [4.95102071018e-25, 1.17321563192e-23, 5.15816897718e-23, 8.64052760124e-24, 6.44543914429e-23, 1.37278054354e-22, 4.77289783077e-23, 6.94719380752e-23, 3.40639857641e-23, 5.69940139554e-23, 8.07475498229e-23, 5.29993359273e-23, 7.33230497294e-23, 7.96948812092e-23, 2.21776972258e-22, 2.23279695485e-22, 2.06316156797e-22, 2.39528993198e-22, 2.82083760254e-22, 4.8656158084e-22, 4.30448705583e-22, 7.01671807547e-22, 4.15530575937e-22, 7.39723327415e-22, 1.01102493682e-21, 1.57033292269e-21, 2.40422044328e-21], "var": [1.65155086052e-07, 6.20337377768e-05, 2.68954427156e-05, 4.9641635087e-06, 1.01489458757e-05, 2.23112365347e-05, 1.05578101284e-05, 1.44214800457e-05, 1.53499295266e-05, 1.78091249836e-06, 5.03057299284e-06, 1.55222710418e-06, 9.1305935257e-07, 1.57366298481e-06, 1.7284352225e-06, 1.18622540413e-06, 1.54542101427e-06, 7.76445858719e-08, 2.30567049897e-08, 7.2482400526e-08, 1.03243982252e-08, 2.9832445847e-08, 1.2880589928e-08, 1.19485159544e-08, 8.0197981589e-09, 3.8497800503e-09, 2.99668151404e-10], "median": [2.77072604149e-06, 0.00149270682596, 0.00281674368307, 0.00101473554969, 0.00150672718883, 0.00155739509501, 0.000813221558928, 0.000662041187752, 0.000514128128998, 0.000398242147639, 9.59615499596e-05, 0.000232010148466, 0.000150673746248, 0.00010694093362, 0.0002174625115, 0.000123884630739, 0.000134879854158, 1.79931630555e-05, 2.44715738518e-05, 1.26766644826e-05, 1.12947946036e-05, 9.41646430874e-06, 5.53792278879e-06, 6.90938395564e-06, 4.98989538755e-06, 1.50977621161e-06, 3.99160029474e-08]}, "melbands_kurtosis": {"dmean": 3.23601412773, "dmean2": 5.15880155563, "max": 273.11895752, "dvar": 49.3872451782, "mean": 8.3931722641, "dvar2": 128.686309814, "min": -1.76582753658, "var": 118.424118042, "median": 5.32206439972}, "erbbands_crest": {"dmean": 1.93044877052, "dmean2": 3.00932073593, "max": 31.0604534149, "dvar": 3.55343866348, "mean": 10.1115036011, "dvar2": 8.49314498901, "min": 2.52158331871, "var": 18.2914905548, "median": 9.19678211212}, "melbands_skewness": {"dmean": 0.395359933376, "dmean2": 0.617345154285, "max": 13.3073816299, "dvar": 0.288623064756, "mean": 2.07210016251, "dvar2": 0.730262517929, "min": -1.52814877033, "var": 1.20731317997, "median": 1.90784454346}, "spectral_energyband_middle_low": {"dmean": 0.0029945152346, "dmean2": 0.00464624166489, "max": 0.0797275006771, "dvar": 1.84769523912e-05, "mean": 0.0129432547837, "dvar2": 4.35186157119e-05, "min": 3.76982868871e-22, "var": 0.000115193310194, "median": 0.0102473041043}, "spectral_contrast_coeffs": {"dmean": [0.0410589054227, 0.0361950322986, 0.0299040134996, 0.0275467280298, 0.0208618417382, 0.0150804044679], "dmean2": [0.0697333142161, 0.0593319088221, 0.0485318005085, 0.0447770729661, 0.0338420644403, 0.024191936478], "max": [-0.308448821306, -0.429372042418, -0.448824495077, -0.510734796524, -0.561544120312, -0.639133572578], "dvar": [0.00120277912356, 0.000977778108791, 0.000660555320792, 0.00052671431331, 0.000321555387927, 0.000184569333214], "mean": [-0.59966480732, -0.692932128906, -0.725002765656, -0.74345356226, -0.764930009842, -0.785924196243], "dvar2": [0.0033589724917, 0.00255428580567, 0.00168837851379, 0.00133441097569, 0.000771480437834, 0.000448321021395], "min": [-0.95728969574, -0.972110390663, -0.982829749584, -0.955686330795, -0.962814211845, -0.972140848637], "var": [0.00560076488182, 0.00477287732065, 0.00436074147001, 0.00323245185427, 0.00314798112959, 0.0018575056456], "median": [-0.602873682976, -0.69479995966, -0.728749215603, -0.741260170937, -0.766511678696, -0.787691831589]}, "spectral_contrast_valleys": {"dmean": [0.383827894926, 0.26307040453, 0.252588361502, 0.240835309029, 0.204906150699, 0.208488166332], "dmean2": [0.642564833164, 0.430749744177, 0.411533206701, 0.389877080917, 0.313505411148, 0.283123552799], "max": [-4.97457695007, -4.71187591553, -5.18702554703, -5.9340968132, -5.96598100662, -7.90801525116], "dvar": [0.12567268312, 0.0568262301385, 0.061354290694, 0.0591898933053, 0.0579028651118, 0.0838077142835], "mean": [-7.71562767029, -6.73948860168, -7.68024253845, -8.32921028137, -8.837849617, -11.2050294876], "dvar2": [0.319358587265, 0.134052813053, 0.140098184347, 0.129555016756, 0.106194682419, 0.1229422912], "min": [-27.3034763336, -27.006980896, -27.4180107117, -27.2492904663, -27.3006324768, -27.3710899353], "var": [2.22207450867, 1.35719490051, 1.65028560162, 1.93649172783, 2.24508500099, 2.51015210152], "median": [-7.37003231049, -6.57415103912, -7.50477170944, -8.21241188049, -8.72876548767, -10.9175052643]}, "silence_rate_20dB": {"dmean": 0, "dmean2": 0, "max": 1, "dvar": 0, "mean": 1, "dvar2": 0, "min": 1, "var": 0, "median": 1}, "silence_rate_30dB": {"dmean": 0.00226299208589, "dmean2": 0.00452634971589, "max": 1, "dvar": 0.00225784117356, "mean": 0.998706936836, "dvar2": 0.00644575990736, "min": 0, "var": 0.00129147828557, "median": 1}, "spectral_strongpeak": {"dmean": 0.377015411854, "dmean2": 0.65285974741, "max": 13.107003212, "dvar": 0.74529337883, "mean": 0.917753696442, "dvar2": 1.92339229584, "min": 5.12896392024e-09, "var": 1.53456413746, "median": 0.482392311096}, "spectral_spread": {"dmean": 370220.125, "dmean2": 531031.375, "max": 41399900, "dvar": 337357570048, "mean": 3531664.25, "dvar2": 490560552960, "min": 447459.78125, "var": 2815428657150.0, "median": 3310708}, "barkbands_flatness_db": {"dmean": 0.0142014045268, "dmean2": 0.0215410813689, "max": 0.511375665665, "dvar": 0.000250244978815, "mean": 0.188312977552, "dvar2": 0.000559283129405, "min": 0.0300115756691, "var": 0.00516187166795, "median": 0.180685341358}, "pitch_salience": {"dmean": 0.0472156181931, "dmean2": 0.0771354362369, "max": 0.98557806015, "dvar": 0.00239930278622, "mean": 0.531167030334, "dvar2": 0.00662263203412, "min": 0.110251307487, "var": 0.00953889265656, "median": 0.533443331718}, "erbbands_kurtosis": {"dmean": 0.777030706406, "dmean2": 1.21909284592, "max": 35.5454444885, "dvar": 1.31727421284, "mean": 1.08863079548, "dvar2": 3.22078084946, "min": -1.80121469498, "var": 8.54961872101, "median": 0.284638881683}, "average_loudness": 0.773305594921, "barkbands_crest": {"dmean": 1.60765457153, "dmean2": 2.61238622665, "max": 25.3474235535, "dvar": 3.32936882973, "mean": 9.4785861969, "dvar2": 9.08540248871, "min": 2.67191004753, "var": 12.48092556, "median": 8.80235958099}, "hfc": {"dmean": 2.53625297546, "dmean2": 3.70403313637, "max": 104.267326355, "dvar": 15.9023790359, "mean": 15.3447351456, "dvar2": 33.9110145569, "min": 1.12559005517e-16, "var": 235.93586731, "median": 9.07877445221}, "barkbands_kurtosis": {"dmean": 1.89294135571, "dmean2": 3.01446604729, "max": 84.1270294189, "dvar": 13.6646280289, "mean": 4.34325170517, "dvar2": 35.5766716003, "min": -1.92635965347, "var": 44.889415741, "median": 2.16922211647}, "erbbands": {"dmean": [0.0479054041207, 0.565550804138, 1.65969896317, 1.71811163425, 3.549233675, 2.91244959831, 6.64430999756, 11.1492156982, 9.95264911652, 8.90167808533, 17.9901733398, 13.2059326172, 9.95979881287, 11.1570281982, 9.07747173309, 10.1231622696, 10.0775995255, 9.33888721466, 16.4057369232, 14.0280513763, 11.0653486252, 9.72801017761, 3.68192434311, 1.54116654396, 1.77604758739, 2.04449272156, 0.9295373559, 0.732475996017, 1.06536090374, 0.6368688941, 0.455087393522, 0.374193906784, 0.269164800644, 0.171560510993, 0.0912993624806, 0.0444151610136, 0.0130634829402, 0.00270572328009, 0.000194268650375, 9.00492341316e-06], "dmean2": [0.0783139318228, 1.02944791317, 2.86604380608, 2.83872532845, 5.87334632874, 4.77236890793, 10.1753501892, 17.9162597656, 15.5996999741, 12.6665906906, 25.7058410645, 18.5738239288, 14.0876407623, 16.7847251892, 14.1617603302, 15.0644979477, 15.3051795959, 14.6682577133, 25.3779754639, 22.4235134125, 17.5956935883, 15.5173816681, 5.92774009705, 2.43896365166, 2.85671281815, 3.18320989609, 1.43475723267, 1.12898671627, 1.618516922, 0.959141612053, 0.653600752354, 0.527031600475, 0.373338252306, 0.236061528325, 0.127086043358, 0.0631581619382, 0.019396616146, 0.00400344515219, 0.00029409196577, 1.39027160913e-05], "max": [2.70293402672, 25.8091754913, 76.0559616089, 65.0681838989, 200.060913086, 149.96194458, 324.360321045, 638.13671875, 804.107971191, 934.619873047, 1394.61010742, 1270.24072266, 1404.15698242, 1268.23156738, 2670.86206055, 1064.79504395, 773.450012207, 1341.10974121, 1353.83007812, 1212.23754883, 1440.99536133, 828.650390625, 334.176849365, 111.068222046, 194.945358276, 526.733398438, 112.60118866, 182.310745239, 159.226715088, 74.8969039917, 86.0257949829, 57.0590629578, 38.6046066284, 21.213136673, 14.1806735992, 8.17773532867, 3.43044137955, 1.37785077095, 0.149231866002, 0.00266229989938], "dvar": [0.0469557717443, 4.75563621521, 25.1167354584, 10.1811618805, 60.8373527527, 31.7727031708, 143.734817505, 609.306030273, 564.644348145, 601.547119141, 2049.34008789, 1129.84436035, 644.392822266, 772.521789551, 1802.1661377, 544.437133789, 588.476257324, 679.799865723, 2041.74914551, 1049.76745605, 1065.78662109, 676.533447266, 96.8816375732, 12.9253387451, 22.3539276123, 61.4809455872, 7.09036064148, 6.12862110138, 10.3051252365, 4.25126791, 3.13059878349, 1.66175436974, 0.87839782238, 0.382210642099, 0.110578715801, 0.0293894242495, 0.00360517995432, 0.000234728053329, 2.68790540758e-06, 1.01891195481e-09], "mean": [0.054579321295, 1.01624429226, 5.08068943024, 5.03440856934, 7.69907331467, 7.08090925217, 17.0875720978, 26.6561889648, 25.0446281433, 25.705947876, 48.6908302307, 41.2230491638, 29.6213779449, 29.425239563, 22.6444644928, 25.8799800873, 21.9648685455, 20.9946594238, 36.0035247803, 30.9383106232, 26.785987854, 23.6810874939, 9.70503330231, 4.04924345016, 4.2560043335, 4.80826711655, 2.31880402565, 1.85153925419, 2.8415184021, 1.71570289135, 1.13293945789, 0.948056340218, 0.655779063702, 0.398843735456, 0.200273126364, 0.0824370086193, 0.0201656036079, 0.00402633333579, 0.000275714002782, 3.55309603037e-05], "dvar2": [0.117475368083, 14.2391109467, 73.1700515747, 27.5394077301, 155.395492554, 83.8551483154, 335.794708252, 1552.2434082, 1323.22924805, 1166.01098633, 4243.04101562, 2215.62036133, 1124.24365234, 2178.57226562, 4451.33007812, 1150.47314453, 1310.62731934, 1624.54125977, 4584.95800781, 2613.171875, 2570.23999023, 1725.13708496, 237.339187622, 30.5361118317, 54.7940368652, 140.789916992, 15.9734659195, 14.0405826569, 23.5746116638, 9.24094009399, 5.75510168076, 2.91127586365, 1.47359979153, 0.65671646595, 0.186610803008, 0.0516974143684, 0.00722107756883, 0.000404241000069, 4.99527141073e-06, 2.08654893363e-09], "min": [1.39532391629e-22, 4.37354381326e-21, 5.24926070228e-20, 4.46035270269e-20, 1.68843428088e-20, 2.35477304836e-19, 1.0414929763e-18, 9.44767128362e-19, 6.20083021503e-19, 1.31236309065e-18, 1.17304509259e-18, 6.74249289555e-19, 1.56996512458e-18, 1.97434136262e-18, 3.88837712267e-18, 2.44239737633e-18, 3.37066752474e-18, 4.392220692e-18, 8.80872740678e-18, 1.28400276908e-17, 1.14002156099e-17, 1.29516532329e-17, 1.35823974752e-17, 1.14754882185e-17, 1.72461185473e-17, 2.19832214424e-17, 2.11616739298e-17, 1.67300471806e-17, 2.28297448464e-17, 1.73687100228e-17, 1.30956149196e-17, 1.02354187488e-17, 1.64136886466e-17, 1.02477635923e-17, 7.25435163821e-18, 6.20738872331e-18, 2.8026895406e-18, 1.1454269795e-18, 4.2879070646e-19, 3.05165862652e-20], "var": [0.0419605001807, 3.65307235718, 34.6463775635, 27.8682327271, 128.26524353, 87.2320022583, 618.351196289, 1993.57250977, 2027.125, 2796.66552734, 9522.92089844, 6422.75439453, 4808.48925781, 2429.42480469, 8699.97949219, 2431.09667969, 1757.87817383, 1736.6295166, 7386.48388672, 3241.99780273, 3868.83984375, 2364.73803711, 451.113708496, 47.7730674744, 69.1691894531, 226.565216064, 26.3847007751, 16.4562950134, 51.0018234253, 15.3688545227, 10.6117830276, 6.48996257782, 3.0015771389, 1.20462477207, 0.37528604269, 0.0983635634184, 0.0101772509515, 0.000890266324859, 9.24923097045e-06, 3.33479244219e-09], "median": [0.0106868371367, 0.560678839684, 3.30319356918, 3.33046531677, 4.57659244537, 4.0692691803, 8.71384048462, 11.7587833405, 11.6918506622, 11.5479898453, 19.1266136169, 13.9523639679, 10.6296234131, 13.3622016907, 7.66311740875, 10.6131601334, 7.85495662689, 6.81977176666, 10.0468044281, 10.6913280487, 7.67464065552, 6.25788879395, 2.11873102188, 1.16092419624, 1.08519077301, 0.666037201881, 0.507982492447, 0.387769281864, 0.359951078892, 0.22281897068, 0.14713512361, 0.139415070415, 0.110984161496, 0.0644277706742, 0.0302573889494, 0.010149079375, 0.0018817957025, 0.000246515090112, 2.12764898606e-05, 2.57830070041e-05]}, "spectral_energy": {"dmean": 0.00546867819503, "dmean2": 0.00887731742114, "max": 0.16273625195, "dvar": 0.000139285140904, "mean": 0.0258945580572, "dvar2": 0.000369043555111, "min": 1.04567075862e-20, "var": 0.000438794144429, "median": 0.020812895149}, "zerocrossingrate": {"dmean": 0.00507756462321, "dmean2": 0.00612032832578, "max": 0.6953125, "dvar": 6.38704441371e-05, "mean": 0.0400278158486, "dvar2": 5.64676738577e-05, "min": 0.00390625, "var": 0.00128034758382, "median": 0.03466796875}, "spectral_energyband_high": {"dmean"