{"tonal": {"chords_number_rate": 0.00333439186215, "thpcp": [1, 0.50002270937, 0.319467782974, 0.407180517912, 0.229387417436, 0.382175028324, 0.638894617558, 0.395672380924, 0.27255448699, 0.361661523581, 0.230959549546, 0.348062485456, 0.468464761972, 0.245452672243, 0.232369825244, 0.361231058836, 0.234552651644, 0.13440155983, 0.209170162678, 0.305425167084, 0.640499353409, 0.846490800381, 0.448950886726, 0.190698340535, 0.238438382745, 0.204585433006, 0.557218790054, 0.789179384708, 0.391366034746, 0.271874576807, 0.361592411995, 0.198423057795, 0.267705798149, 0.417232453823, 0.341952294111, 0.723776459694], "hpcp": {"dvar": [0.0176993235946, 0.0142371468246, 0.0174157004803, 0.0182923227549, 0.0212700515985, 0.0154807958752, 0.0116262808442, 0.013809889555, 0.0149153014645, 0.016826512292, 0.0120519120246, 0.0135118989274, 0.0146604841575, 0.0143543947488, 0.00977362599224, 0.0148060712963, 0.0191411357373, 0.0204358641058, 0.0241001099348, 0.0161987841129, 0.0116192912683, 0.0116478959098, 0.0145661281422, 0.0210995245725, 0.0218143109232, 0.0162633620203, 0.01442354545, 0.0123187555, 0.0122450161725, 0.0122335059568, 0.0183398295194, 0.0179790854454, 0.0246062353253, 0.0262245293707, 0.0207969807088, 0.0194543097168], "mean": [0.124677494168, 0.070237763226, 0.117020890117, 0.19562767446, 0.121153742075, 0.0834553912282, 0.110739707947, 0.0707191452384, 0.106575727463, 0.143442556262, 0.0751568973064, 0.0711509659886, 0.110607907176, 0.0718193426728, 0.0411533676088, 0.0640472993255, 0.0935202986002, 0.196119040251, 0.25919303298, 0.137467458844, 0.0583912804723, 0.0730091407895, 0.06264346838, 0.170618787408, 0.241644442081, 0.119835145772, 0.0832472071052, 0.110718548298, 0.0607565641403, 0.0819707363844, 0.127755373716, 0.104704804718, 0.221618264914, 0.306197106838, 0.153105512261, 0.0978201106191], "min": [0, 0, 0, 0, 0, 0, 0, 0, 0, 0, 0, 0, 0, 0, 0, 0, 0, 0, 0, 0, 0, 0, 0, 0, 0, 0, 0, 0, 0, 0, 0, 0, 0, 0, 0, 0], "median": [0.00304128415883, 0.00677612004802, 0.025134973228, 0.0330793112516, 0.0228044204414, 0.00720323994756, 0.0041512651369, 0.0104080298916, 0.0125737898052, 0.0139082502574, 0.0103339264169, 0.00577708240598, 0.00510517368093, 0.00465736351907, 0.0033274278976, 0.00327360490337, 0.00590333808213, 0.0674094855785, 0.089867323637, 0.0439728423953, 0.00344485207461, 0.00239178538322, 0.00778471399099, 0.0338549688458, 0.0463603213429, 0.0283246226609, 0.00211561098695, 0.00135450367816, 0.00242408248596, 0.00202076882124, 0.00227432046086, 0.0140755148605, 0.0660854130983, 0.0801188796759, 0.0410323739052, 0.00434074643999], "dvar2": [0.0455706492066, 0.0399619415402, 0.0488991588354, 0.0420157536864, 0.061742529273, 0.0448331199586, 0.0324118547142, 0.0406020916998, 0.0386269465089, 0.0407602973282, 0.0313461571932, 0.0361368469894, 0.0343522131443, 0.0385391972959, 0.0266735758632, 0.0401599779725, 0.0512259714305, 0.0511614270508, 0.0558627918363, 0.0427406914532, 0.0319487340748, 0.0302270259708, 0.040311653167, 0.0558063201606, 0.0500018820167, 0.0455805249512, 0.0408692993224, 0.0293800421059, 0.0348672419786, 0.0332427956164, 0.0451823323965, 0.0508630126715, 0.0685285851359, 0.0647532045841, 0.056855712086, 0.0563725717366], "var": [0.0762356445193, 0.0206422228366, 0.0374900214374, 0.0936091765761, 0.0370104461908, 0.0333802103996, 0.0617365576327, 0.0214495323598, 0.0386393070221, 0.0689906477928, 0.0217267367989, 0.0261642392725, 0.0616739578545, 0.0261332709342, 0.0117386644706, 0.0241456534714, 0.0504019372165, 0.0676829665899, 0.115407578647, 0.0376922339201, 0.0218560025096, 0.036130938679, 0.0209997929633, 0.0623125955462, 0.122372061014, 0.0344660766423, 0.0381725803018, 0.0706699043512, 0.0194577425718, 0.0337982624769, 0.0779609233141, 0.0372386351228, 0.0797973424196, 0.144192427397, 0.0433804020286, 0.0435727164149], "dmean2": [0.0782999694347, 0.0819234400988, 0.105553418398, 0.10586193949, 0.121845386922, 0.0871433317661, 0.0618348792195, 0.0776394233108, 0.0858628600836, 0.0860971659422, 0.0709444358945, 0.0731269791722, 0.0693446397781, 0.0742477923632, 0.0585980936885, 0.0761139020324, 0.0931262150407, 0.124919839203, 0.125167191029, 0.104797273874, 0.0670037046075, 0.0608799271286, 0.0824619829655, 0.117854319513, 0.108083240688, 0.100023381412, 0.0769267454743, 0.0591090768576, 0.0678611546755, 0.0674753934145, 0.0776667296886, 0.100262247026, 0.140644967556, 0.129159733653, 0.129123821855, 0.09326800704], "max": [1, 1, 1, 1, 1, 1, 1, 1, 1, 1, 1, 1, 1, 1, 1, 1, 1, 1, 1, 1, 1, 1, 1, 1, 1, 1, 1, 1, 1, 1, 1, 1, 1, 1, 1, 1], "dmean": [0.0447789542377, 0.0463704243302, 0.060797944665, 0.0622962191701, 0.0709487572312, 0.0494196079671, 0.0356409624219, 0.0440297089517, 0.0501344837248, 0.0517125912011, 0.0424649007618, 0.0428908988833, 0.0419398769736, 0.0432913340628, 0.0336047001183, 0.0431273765862, 0.054357945919, 0.0764591321349, 0.0765828415751, 0.0627813190222, 0.0384084768593, 0.0352665446699, 0.0477661341429, 0.0697599202394, 0.0650873035192, 0.0581450685859, 0.0438083671033, 0.0350042358041, 0.0385893136263, 0.0392161607742, 0.0465020723641, 0.0586234256625, 0.0864217430353, 0.0778599008918, 0.0776897668839, 0.0530639998615]}, "key_strength": 0.734211206436, "chords_strength": {"dvar": 0.000350286922185, "mean": 0.460392653942, "min": -1, "median": 0.458656191826, "dvar2": 0.000657058728393, "var": 0.0215465649962, "dmean2": 0.00595989078283, "max": 0.776248693466, "dmean": 0.00776822911575}, "tuning_equal_tempered_deviation": 0.0300500225276, "chords_key": "G#", "tuning_frequency": 438.984558105, "chords_scale": "major", "chords_changes_rate": 0.0538266114891, "key_scale": "major", "tuning_diatonic_strength": 0.469453245401, "hpcp_entropy": {"dvar": 0.195793002844, "mean": 1.69650268555, "min": 0, "median": 1.68129372597, "dvar2": 0.497169733047, "var": 0.785832047462, "dmean2": 0.612871944904, "max": 4.57913541794, "dmean": 0.367723286152}, "chords_histogram": [18.2915210724, 6.89107656479, 5.90663719177, 1.34963476658, 3.47729444504, 1.38139092922, 6.33534479141, 2.55636715889, 1.69895207882, 0.444585591555, 5.7796125412, 0, 0.0793902799487, 4.42997789383, 2.17529368401, 5.44617319107, 1.69895207882, 8.38361358643, 1.66719591618, 1.19085419178, 1.95300090313, 6.17656421661, 4.62051439285, 8.06605243683], "tuning_nontempered_energy_ratio": 0.628773510456, "key_key": "G#"}, "metadata": {"version": {"extractor": "music 1.0", "essentia_build_sha": "70f2e5ece6736b2c40cc944ad0e695b16b925413", "essentia": "2.1-beta2", "essentia_git_sha": "v2.1_beta2"}, "audio_properties": {"sample_rate": 44100, "length": 292.388580322, "lossless": false, "analysis_sample_rate": 44100, "downmix": "mix", "bit_rate": 148937, "equal_loudness": 0, "md5_encoded": "bf79c1f687bd9a0a1acfee68d3f14160", "codec": "mp3", "replay_gain": -8.35594177246}, "tags": {"albumartist": ["Doctor Rockit"], "date": ["2004"], "musicbrainz_recordingid": ["2f174273-ea77-4645-a239-4afa002d4e41"], "file_name": "254624.mp3", "encodedby": ["Exact Audio Copy   (Burst mode)"], "title": ["I wish I was"], "tracknumber": ["13"], "album": ["The Unnecessary History of Doctor Rockit"], "artist": ["Doctor Rockit"]}}, "lowlevel": {"melbands": {"dvar": [1.74651137996e-08, 2.74134521305e-07, 4.02555286882e-07, 7.67027870552e-07, 2.91391103246e-07, 1.10743485493e-06, 2.43555490442e-07, 3.77775499771e-08, 3.58558054359e-08, 6.82428336063e-08, 4.99711418911e-08, 1.27586874399e-08, 8.6398310728e-09, 1.01158104115e-09, 1.26585142368e-09, 7.65825514115e-10, 4.44380560127e-10, 1.50536472177e-10, 1.9135951157e-10, 2.45041903435e-11, 4.75817822643e-11, 1.92593458542e-11, 1.21163868869e-11, 4.48811821041e-12, 2.22865718935e-11, 1.59922821513e-11, 1.08040182703e-11, 4.52518795005e-12, 1.18025242357e-11, 5.36570224016e-12, 2.2122659607e-12, 3.75574137762e-12, 4.36451395858e-12, 2.69277200364e-12, 1.83724064608e-12, 9.41183112349e-13, 3.41658884344e-13, 2.00808662233e-13, 2.34156986335e-13, 3.80792050452e-13], "mean": [9.52136761043e-05, 0.000556103652343, 0.000593803240918, 0.000879682484083, 0.000661994155962, 0.000872056465596, 0.000316260091495, 0.000123895079014, 0.000146853475599, 0.000145449215779, 0.000108645144792, 4.39735267719e-05, 5.09729616169e-05, 1.99155183509e-05, 1.65913879755e-05, 1.22638903122e-05, 8.31483612274e-06, 7.70836231823e-06, 6.24041103947e-06, 2.50513312494e-06, 1.80747997547e-06, 1.68415965618e-06, 1.086919724e-06, 9.96605649561e-07, 1.06278139356e-06, 6.22563391062e-07, 5.42246596069e-07, 3.66993589296e-07, 3.12123944468e-07, 2.05962237487e-07, 1.88411462432e-07, 2.26971067718e-07, 2.43365263941e-07, 1.927228368e-07, 1.44300685179e-07, 1.10703993528e-07, 8.36357401113e-08, 6.47876845505e-08, 5.9009927611e-08, 6.38819628307e-08], "min": [1.68683862857e-24, 1.56402570601e-24, 1.39581088013e-24, 1.00363942933e-24, 2.02166196233e-24, 2.57833822617e-24, 2.35525408142e-24, 1.29869539738e-24, 2.42996985877e-24, 2.4703139804e-24, 2.45680947056e-24, 2.758079789e-24, 1.87822239785e-24, 2.76280191038e-24, 2.42923779584e-24, 2.90801167872e-24, 2.43014143601e-24, 2.23128754839e-24, 2.75413903435e-24, 3.53255818219e-24, 3.48008788794e-24, 3.46677507131e-24, 4.5586824153e-24, 3.98650069593e-24, 4.81699689086e-24, 3.64043609427e-24, 4.54549266096e-24, 4.9548937214e-24, 5.26168606618e-24, 5.14218586638e-24, 5.17054936023e-24, 5.58456722911e-24, 5.35978407518e-24, 6.22265867155e-24, 5.21900277475e-24, 6.91231874021e-24, 5.18237675178e-24, 6.0480549598e-24, 5.43376778961e-24, 6.62763303902e-24], "median": [6.76115632814e-06, 8.19389533717e-05, 0.000227604643442, 0.000322592095472, 0.000225153606152, 0.000130864456878, 3.03598972096e-05, 1.19399546747e-05, 7.496829312e-06, 3.57379758498e-06, 9.44465398334e-07, 7.34569198357e-07, 4.55120215292e-07, 3.20407821164e-07, 2.07876524883e-07, 1.1522591592e-07, 1.17449609149e-07, 9.05847699073e-08, 6.65825297119e-08, 3.15589865352e-08, 2.22935003791e-08, 1.87164701515e-08, 1.11385691781e-08, 7.19136661331e-09, 6.04846883689e-09, 3.8242422562e-09, 2.75118838822e-09, 1.91100824054e-09, 1.6416120685e-09, 1.31602317932e-09, 1.08955244826e-09, 9.66477564646e-10, 7.56393947476e-10, 5.76823533383e-10, 4.85397833039e-10, 3.61467356047e-10, 3.05803354861e-10, 2.65471478134e-10, 2.4394009035e-10, 2.34965158441e-10], "dvar2": [4.12946867812e-08, 6.8381626761e-07, 1.20751883514e-06, 2.20479932977e-06, 7.27764643216e-07, 2.92293839266e-06, 7.71600468852e-07, 6.78520777342e-08, 5.23979970524e-08, 1.06111926357e-07, 7.73554731381e-08, 2.30392718237e-08, 1.33145698911e-08, 2.0382464605e-09, 2.17181272966e-09, 1.5860104341e-09, 1.03355235481e-09, 3.37003425166e-10, 3.82287701495e-10, 4.79936958231e-11, 8.35989541481e-11, 3.55753100589e-11, 2.79379713808e-11, 9.76190916296e-12, 5.48805861866e-11, 4.1227903036e-11, 2.51707162058e-11, 1.06964897009e-11, 2.94374143117e-11, 1.34566793472e-11, 4.6917994663e-12, 8.74735266859e-12, 8.80410674919e-12, 4.95469247228e-12, 3.73950870269e-12, 1.30396073713e-12, 6.03277898557e-13, 3.60658389004e-13, 4.57217922377e-13, 5.58245723953e-13], "var": [5.37510302934e-08, 1.31217484522e-06, 9.60399006544e-07, 2.40702433985e-06, 1.3855361658e-06, 6.30858494333e-06, 6.90242018209e-07, 1.87810542229e-07, 4.65204124112e-07, 4.45284769057e-07, 3.81963133123e-07, 5.62444775198e-08, 6.48898605959e-08, 4.24122070797e-09, 5.83886361483e-09, 3.1178619686e-09, 1.03741393254e-09, 8.02496291641e-10, 7.56193441198e-10, 1.39765296558e-10, 1.45739739721e-10, 6.0945290481e-11, 3.14301189241e-11, 1.85248517914e-11, 3.37772344816e-11, 1.73750406424e-11, 2.91060092694e-11, 9.31687192673e-12, 1.25463337636e-11, 6.84568244105e-12, 3.46939903022e-12, 8.43865775868e-12, 1.65179224465e-11, 1.07356320014e-11, 6.42049260979e-12, 4.12394294061e-12, 1.47018714477e-12, 7.4094040365e-13, 7.02656899679e-13, 1.2004089129e-12], "dmean2": [5.97142534389e-05, 0.000259125314187, 0.000502141716424, 0.000607796071563, 0.0003248793073, 0.000435935071437, 0.000206353972317, 6.00638413744e-05, 4.71422899864e-05, 4.70274826512e-05, 4.18244744651e-05, 2.02456940315e-05, 2.25735366257e-05, 9.95861319097e-06, 9.41680445976e-06, 7.77808236307e-06, 5.66466906093e-06, 3.86296233046e-06, 2.67949235422e-06, 1.41262557918e-06, 1.07973971808e-06, 9.74524368758e-07, 6.88992088271e-07, 5.70195197724e-07, 8.19495824089e-07, 5.53606469111e-07, 4.53302362757e-07, 3.15889451485e-07, 3.37235434245e-07, 2.2972260183e-07, 1.96542472963e-07, 2.11693503616e-07, 1.88086261232e-07, 1.36245816407e-07, 1.11616380138e-07, 7.24308790723e-08, 5.80101762182e-08, 4.69207819265e-08, 4.54175754783e-08, 4.90391407482e-08], "max": [0.00448120618239, 0.016157399863, 0.0128906397149, 0.0204249527305, 0.0174498464912, 0.042561031878, 0.0143724884838, 0.00866824761033, 0.0164288058877, 0.0144592644647, 0.0153171494603, 0.0084267091006, 0.00623735133559, 0.00213909009472, 0.00189960165881, 0.00168484251481, 0.000846062379424, 0.000553045189008, 0.0010859942995, 0.000266382383415, 0.00064954906702, 0.000262390007265, 0.000177704161615, 7.399412425e-05, 0.00029860806535, 0.000313930184348, 0.000209873047424, 0.000115418988571, 0.000200712223887, 0.000166404133779, 6.93780530128e-05, 0.000149177431013, 0.00017342013598, 0.000132694520289, 0.000124328420497, 0.000105617938971, 6.3325111114e-05, 3.54191215592e-05, 3.9429145545e-05, 5.27117226738e-05], "dmean": [3.75096569769e-05, 0.000164862329257, 0.000290252297418, 0.000362588732969, 0.000209961101064, 0.000264558446361, 0.000119873060612, 4.35553956777e-05, 3.6704903323e-05, 3.79567245545e-05, 3.56042401108e-05, 1.5615072698e-05, 1.69249888131e-05, 7.20793286746e-06, 6.73907743476e-06, 5.09342407895e-06, 3.76057300855e-06, 2.56489988715e-06, 1.94948665921e-06, 9.66773313849e-07, 7.4956244589e-07, 6.74556190461e-07, 4.53773566278e-07, 3.88646952842e-07, 5.52215738026e-07, 3.54187790208e-07, 2.92860363516e-07, 2.05409250498e-07, 2.14584190417e-07, 1.48946924128e-07, 1.29469327703e-07, 1.38795741123e-07, 1.28603289795e-07, 9.95888100874e-08, 7.57986171607e-08, 5.42453193475e-08, 4.18340242447e-08, 3.43003918601e-08, 3.30073852695e-08, 3.68823549479e-08]}, "spectral_decrease": {"dvar": 3.93051742539e-18, "mean": -3.931851289e-09, "min": -7.07567124891e-08, "median": -1.83426007716e-09, "dvar2": 9.37976740675e-18, "var": 3.56370352101e-17, "dmean2": 1.46859535644e-09, "max": 1.52721073114e-22, "dmean": 9.31909216462e-10}, "spectral_rolloff": {"dvar": 343994.53125, "mean": 806.95489502, "min": 43.06640625, "median": 409.130859375, "dvar2": 879186.125, "var": 3297102.75, "dmean2": 266.302001953, "max": 19724.4140625, "dmean": 152.631469727}, "melbands_crest": {"dvar": 7.15456914902, "mean": 16.4097957611, "min": 1.56784260273, "median": 15.4725999832, "dvar2": 21.6504478455, "var": 33.378288269, "dmean2": 4.67104721069, "max": 36.4240684509, "dmean": 2.7262711525}, "barkbands_skewness": {"dvar": 1.2890907526, "mean": 2.1399667263, "min": -3.83707809448, "median": 1.46607553959, "dvar2": 3.78548264503, "var": 7.04952001572, "dmean2": 1.0542807579, "max": 37.1632461548, "dmean": 0.637505471706}, "spectral_centroid": {"dvar": 33576.671875, "mean": 603.519287109, "min": 123.45123291, "median": 382.02532959, "dvar2": 65170.765625, "var": 932069.3125, "dmean2": 111.937591553, "max": 12005.7402344, "dmean": 70.8531341553}, "spectral_energyband_middle_low": {"dvar": 4.97909313708e-05, "mean": 0.0123264975846, "min": 1.53610327613e-22, "median": 0.00551686156541, "dvar2": 0.000123420453747, "var": 0.000383011240046, "dmean2": 0.00524672959, "max": 0.227439031005, "dmean": 0.00324582541361}, "erbbands_crest": {"dvar": 5.09095239639, "mean": 12.9274644852, "min": 1.90770375729, "median": 12.3124990463, "dvar2": 14.4619092941, "var": 35.6474571228, "dmean2": 3.41328024864, "max": 33.1750526428, "dmean": 2.06925845146}, "dynamic_complexity": 9.55753707886, "spectral_energyband_low": {"dvar": 4.75743536299e-06, "mean": 0.00234952475876, "min": 1.96496700238e-23, "median": 0.000702008255757, "dvar2": 1.2866279576e-05, "var": 1.8004753656e-05, "dmean2": 0.00132079201285, "max": 0.0758471563458, "dmean": 0.00080750475172}, "silence_rate_60dB": {"dvar": 0.0215891879052, "mean": 0.330713033676, "min": 0, "median": 0, "dvar2": 0.0507850460708, "var": 0.22135476768, "dmean2": 0.0441550202668, "max": 1, "dmean": 0.0220757555217}, "erbbands_kurtosis": {"dvar": 226.117996216, "mean": 15.1103897095, "min": -1.92363858223, "median": 1.94755101204, "dvar2": 680.745300293, "var": 1299.80212402, "dmean2": 9.21247959137, "max": 544.416870117, "dmean": 5.37560033798}, "spectral_complexity": {"dvar": 1.47207558155, "mean": 6.35445451736, "min": 0, "median": 5, "dvar2": 3.14418268204, "var": 31.1427936554, "dmean2": 1.32385647297, "max": 38, "dmean": 0.798538863659}, "barkbands_crest": {"dvar": 4.40232038498, "mean": 12.9746875763, "min": 2.18621087074, "median": 11.9320039749, "dvar2": 12.8261833191, "var": 26.31316185, "dmean2": 3.53200984001, "max": 26.5658798218, "dmean": 2.0798971653}, "spectral_energy": {"dvar": 6.04927263339e-05, "mean": 0.0154175683856, "min": 9.95916006329e-21, "median": 0.00715546868742, "dvar2": 0.000143294339068, "var": 0.000553795311134, "dmean2": 0.00571102835238, "max": 0.280160963535, "dmean": 0.00363491778262}, "spectral_spread": {"dvar": 397288210432, "mean": 2970714.5, "min": 320754.46875, "median": 1782197.125, "dvar2": 710033735680, "var": 14798000488400.0, "dmean2": 600255.6875, "max": 42570688, "dmean": 368095.03125}, "spectral_contrast_valleys": {"dvar": [0.110196709633, 0.10473177582, 0.107575893402, 0.0973073244095, 0.0906524583697, 0.070960842073], "mean": [-8.93992424011, -8.33901309967, -9.59234333038, -10.4257059097, -10.8718833923, -13.1875295639], "min": [-28.5347576141, -28.1456661224, -28.012298584, -27.9846038818, -27.5659866333, -27.4130783081], "median": [-8.71560096741, -8.03505706787, -9.55953788757, -10.3941822052, -10.9833183289, -13.3550491333], "dvar2": [0.269499659538, 0.224768966436, 0.224041327834, 0.190405294299, 0.164375931025, 0.13236631453], "var": [4.19401025772, 4.92168140411, 4.95536231995, 3.98972296715, 3.37620592117, 2.52805042267], "dmean2": [0.584294557571, 0.476854175329, 0.45988509059, 0.400447964668, 0.311757236719, 0.270158886909], "max": [-5.66341304779, -4.22321462631, -5.15368509293, -6.18318080902, -5.7990937233, -7.4536190033], "dmean": [0.348548680544, 0.292491585016, 0.287778109312, 0.251435875893, 0.205476611853, 0.173356443644]}, "spectral_rms": {"dvar": 3.19015072137e-07, "mean": 0.0030319544021, "min": 3.11709057003e-12, "median": 0.00264214770868, "dvar2": 7.71258385157e-07, "var": 5.84878216614e-06, "dmean2": 0.000611387600657, "max": 0.0165326278657, "dmean": 0.000385657156585}, "barkbands_spread": {"dvar": 18.7474956512, "mean": 8.60933113098, "min": 0.0360333323479, "median": 3.96107673645, "dvar2": 41.9837341309, "var": 208.316543579, "dmean2": 2.80822324753, "max": 105.213760376, "dmean": 1.76589083672}, "pitch_salience": {"dvar": 0.00340129504912, "mean": 0.539394080639, "min": 0.0177489388734, "median": 0.55391561985, "dvar2": 0.00964063405991, "var": 0.0179559588432, "dmean2": 0.0962848514318, "max": 0.925647258759, "dmean": 0.0567191168666}, "erbbands_skewness": {"dvar": 0.429483354092, "mean": 1.54244422913, "min": -6.15190839767, "median": 0.925695359707, "dvar2": 1.09771215916, "var": 4.4504737854, "dmean2": 0.71868622303, "max": 17.3965110779, "dmean": 0.445283025503}, "spectral_energyband_middle_high": {"dvar": 2.61836225945e-06, "mean": 0.00134528207127, "min": 1.23088019342e-21, "median": 4.60822702735e-05, "dvar2": 5.13768463861e-06, "var": 1.72996751644e-05, "dmean2": 0.000452736654552, "max": 0.0610220469534, "dmean": 0.00035229724017}, "erbbands": {"dvar": [5.26436560904e-05, 0.0466785691679, 1.63719332218, 10.9390897751, 84.9623413086, 151.154037476, 283.940917969, 2736.61938477, 1379.7088623, 294.350341797, 370.530517578, 1554.26269531, 1929.79626465, 643.50994873, 645.348632812, 147.488006592, 157.277648926, 96.8021850586, 53.1644973755, 32.5755157471, 28.3633136749, 14.4491930008, 8.46597766876, 25.2805843353, 21.4523925781, 8.888215065, 21.2823696136, 7.0286488533, 10.1832904816, 8.54554653168, 4.72931909561, 1.06779026985, 0.390384525061, 0.447791934013, 0.078839302063, 0.00359055702575, 0.000238171560341, 1.16292258099e-05, 2.36346025417e-07, 2.19895948672e-10], "mean": [0.00458283908665, 0.187032341957, 1.37202823162, 2.63913869858, 8.45171928406, 14.039226532, 19.0637760162, 40.7438621521, 22.6290340424, 12.1807498932, 16.2098712921, 23.3129177094, 22.8365936279, 11.847946167, 14.460062027, 6.62986087799, 6.53269577026, 4.54916334152, 4.82111930847, 3.14853239059, 1.61137056351, 1.4711356163, 1.25251722336, 1.23419642448, 0.836025297642, 0.601257681847, 0.452265828848, 0.333882331848, 0.412724912167, 0.375779092312, 0.245235785842, 0.147857874632, 0.093150280416, 0.0724295303226, 0.0329721868038, 0.00809759926051, 0.00209143059328, 0.000566781265661, 6.37269477011e-05, 1.87619662029e-05], "min": [1.24011597495e-22, 7.6608430732e-22, 2.60575908173e-21, 4.79706513365e-21, 1.04254209335e-20, 2.01458998082e-20, 5.03577378723e-20, 9.78341730266e-20, 1.4406741065e-19, 1.62673468512e-19, 3.52620917126e-19, 3.79234264263e-19, 4.72135668491e-19, 7.19932044943e-19, 6.23122083074e-19, 1.5432556694e-18, 1.49609469055e-18, 1.55888131796e-18, 2.20619160971e-18, 2.53434573924e-18, 3.6844593173e-18, 4.5291778132e-18, 6.35803278852e-18, 6.70376285171e-18, 7.29398186136e-18, 7.96606114598e-18, 1.0543909968e-17, 9.82750786462e-18, 1.18644649384e-17, 1.20010878787e-17, 1.03470021047e-17, 9.7456029219e-18, 9.03698210655e-18, 8.1081203172e-18, 6.14457883145e-18, 4.68063996003e-18, 2.36283418193e-18, 9.081113433e-19, 2.61249073248e-19, 2.7097682388e-20], "median": [0.00049944629427, 0.0153131894767, 0.234474688768, 0.900758206844, 2.60476183891, 5.81960964203, 5.69192790985, 5.38768529892, 2.37730693817, 1.52368044853, 1.09732055664, 0.744892597198, 0.30957442522, 0.214623808861, 0.149338632822, 0.108553498983, 0.0822735726833, 0.0754469931126, 0.0636051595211, 0.0424007698894, 0.0249187350273, 0.0193038880825, 0.0112257152796, 0.00827569980174, 0.00498232850805, 0.00336969830096, 0.00267021264881, 0.00212500663474, 0.00178909802344, 0.00122997094877, 0.000849671778269, 0.000550603144802, 0.000394648406655, 0.000296314130537, 0.000221074180445, 0.00014774549345, 8.67508715601e-05, 0.000118979020044, 9.38121047511e-06, 8.21771573101e-06], "dvar2": [0.000132707296871, 0.111449688673, 4.06667947769, 33.8700904846, 229.391357422, 444.474853516, 695.123413086, 7086.30957031, 4431.27050781, 552.521911621, 552.681396484, 2334.98388672, 2824.00878906, 1053.83215332, 1007.13391113, 267.18862915, 299.060211182, 226.980178833, 123.27205658, 58.9347991943, 47.4244613647, 25.9970855713, 18.586894989, 62.8142280579, 53.4985466003, 20.5109500885, 51.861995697, 15.3902568817, 22.2340221405, 14.8274068832, 8.37449836731, 1.56179654598, 0.645075380802, 0.717033624649, 0.139342069626, 0.0048392880708, 0.000317276426358, 1.6085768948e-05, 4.25660005021e-07, 4.04414446376e-10], "var": [0.000127591105411, 0.175939887762, 8.18421077728, 23.2345314026, 265.864990234, 491.71697998, 1357.01806641, 15810.4941406, 3556.85620117, 1554.02270508, 4563.98046875, 11083.8427734, 15517.2460938, 3408.64770508, 5043.58203125, 628.731140137, 770.438964844, 248.302642822, 302.656036377, 196.484573364, 92.345123291, 45.686580658, 33.345905304, 38.7641944885, 35.3433074951, 24.621931076, 24.9636192322, 11.0818195343, 30.2412910461, 38.6047515869, 18.865442276, 5.30852937698, 1.58308184147, 1.37564623356, 0.260564088821, 0.0155623676255, 0.0010258059483, 4.62115094706e-05, 5.97348389419e-07, 1.19202370197e-09], "dmean2": [0.0033061101567, 0.100889667869, 0.625045597553, 2.36647796631, 6.51114463806, 9.03177165985, 9.25164699554, 20.1561031342, 14.9878730774, 5.86932563782, 5.18607759476, 7.24707221985, 8.36307907104, 4.92014074326, 6.40639638901, 3.2289955616, 3.82329583168, 2.82771897316, 2.29590702057, 1.28462326527, 0.864585042, 0.802918195724, 0.671319663525, 0.888638913631, 0.675800323486, 0.459591805935, 0.456614583731, 0.32672187686, 0.34397867322, 0.246952816844, 0.168287917972, 0.0875594317913, 0.0618499405682, 0.0499239899218, 0.0250523332506, 0.00511165801436, 0.00126155058388, 0.000321696861647, 4.42096279585e-05, 7.18398905519e-06], "max": [0.204331755638, 7.59520530701, 41.3392372131, 89.3355255127, 192.453781128, 242.550354004, 541.084411621, 2202.09301758, 1115.04406738, 724.440124512, 1548.90844727, 2209.76196289, 3105.18261719, 1944.88305664, 1753.36682129, 813.45526123, 879.179260254, 368.524963379, 315.251403809, 360.956542969, 495.703491211, 247.177612305, 113.545135498, 330.852508545, 278.701538086, 171.839797974, 288.043762207, 162.062088013, 240.939224243, 260.695007324, 219.437637329, 116.75440979, 55.4997787476, 57.3500785828, 22.9251747131, 6.06319570541, 1.6975684166, 0.333581268787, 0.037261299789, 0.000945800566114], "dmean": [0.00202003330924, 0.0640805065632, 0.394372165203, 1.35792541504, 3.89376592636, 5.38350296021, 6.10118103027, 12.244934082, 8.67131328583, 4.10684585571, 4.09352874756, 5.91503047943, 7.22027254105, 3.87376689911, 4.84732294083, 2.36378741264, 2.5742790699, 1.88902723789, 1.53441417217, 0.953599572182, 0.611362218857, 0.562640964985, 0.460589438677, 0.599774539471, 0.445345342159, 0.299675732851, 0.292094737291, 0.219909027219, 0.234634354711, 0.180052310228, 0.123548962176, 0.0674605295062, 0.0472496412694, 0.0400115959346, 0.0178383998573, 0.00391385611147, 0.000999994343147, 0.000245807284955, 3.21301849908e-05, 4.68125381303e-06]}, "dissonance": {"dvar": 0.00167534593493, "mean": 0.389248579741, "min": 0.0817866325378, "median": 0.404666900635, "dvar2": 0.00454092212021, "var": 0.00634924275801, "dmean2": 0.0596459954977, "max": 0.500000059605, "dmean": 0.034922465682}, "erbbands_flatness_db": {"dvar": 0.000379661069019, "mean": 0.287258565426, "min": 0.0254299882799, "median": 0.304099231958, "dvar2": 0.000890139257535, "var": 0.0105142462999, "dmean2": 0.0240078605711, "max": 0.538470506668, "dmean": 0.0152938310057}, "melbands_kurtosis": {"dvar": 493.021789551, "mean": 20.5285072327, "min": -1.87834835052, "median": 5.97138595581, "dvar2": 1221.90600586, "var": 1799.91821289, "dmean2": 12.748796463, "max": 693.928649902, "dmean": 7.73638820648}, "melbands_spread": {"dvar": 22.5038261414, "mean": 8.30128955841, "min": 0.153888016939, "median": 4.57603979111, "dvar2": 55.6974411011, "var": 195.731674194, "dmean2": 3.05545806885, "max": 178.023605347, "dmean": 1.87663853168}, "melbands_skewness": {"dvar": 0.740833044052, "mean": 2.11991763115, "min": -2.49922156334, "median": 1.57351732254, "dvar2": 1.73661637306, "var": 4.27517700195, "dmean2": 0.868752002716, "max": 19.1415233612, "dmean": 0.539374411106}, "spectral_entropy": {"dvar": 0.050430752337, "mean": 5.90440273285, "min": 3.22024297714, "median": 5.8326625824, "dvar2": 0.11211001873, "var": 1.31621730328, "dmean2": 0.262657761574, "max": 9.84019947052, "dmean": 0.165360480547}, "zerocrossingrate": {"dvar": 7.00135351508e-05, "mean": 0.0339351594448, "min": 0.00244140625, "median": 0.01953125, "dvar2": 0.000107205021777, "var": 0.00279367016628, "dmean2": 0.00518003897741, "max": 0.53125, "dmean": 0.00394797092304}, "average_loudness": 0.0482590086758, "spectral_contrast_coeffs": {"dvar": [0.00111336749978, 0.00100335082971, 0.000604283355642, 0.000384574988857, 0.000260895176325, 0.000254720333032], "mean": [-0.56944334507, -0.664561510086, -0.780629456043, -0.803954005241, -0.820742726326, -0.842308819294], "min": [-0.983124673367, -0.973148524761, -0.977147340775, -0.972470104694, -0.969587504864, -0.964863359928], "median": [-0.558112740517, -0.659247517586, -0.78729057312, -0.802516818047, -0.837576568127, -0.860931634903], "dvar2": [0.00326809496619, 0.00256345560774, 0.00135491322726, 0.000847917806823, 0.000548066396732, 0.000573795638047], "var": [0.0191565826535, 0.0170693676919, 0.0100436741486, 0.00756335956976, 0.00647734757513, 0.00265442021191], "dmean2": [0.0682355463505, 0.0535316728055, 0.0413166768849, 0.0328440666199, 0.0241285096854, 0.0212323311716], "max": [-0.18389543891, -0.275473564863, -0.393360495567, -0.457470357418, -0.54043006897, -0.523293614388], "dmean": [0.039776545018, 0.0324073024094, 0.0256729889661, 0.0204333327711, 0.0151290399954, 0.0131118083373]}, "barkbands_flatness_db": {"dvar": 0.000520307919942, "mean": 0.306979298592, "min": 0.0107226837426, "median": 0.300618648529, "dvar2": 0.00126410508528, "var": 0.0135124158114, "dmean2": 0.0320082977414, "max": 0.625934183598, "dmean": 0.019882440567}, "silence_rate_30dB": {"dvar": 0.00458491267636, "mean": 0.986263275146, "min": 0, "median": 1, "dvar2": 0.0100798392668, "var": 0.0135473096743, "dmean2": 0.00921219866723, "max": 1, "dmean": 0.00460573332384}, "spectral_energyband_high": {"dvar": 6.39111519263e-08, "mean": 4.99443849549e-05, "min": 7.16438738432e-21, "median": 4.98400595461e-07, "dvar2": 1.01991744828e-07, "var": 2.79674907233e-07, "dmean2": 2.97134793072e-05, "max": 0.0190305262804, "dmean": 2.29432116612e-05}, "melbands_flatness_db": {"dvar": 0.000672449124977, "mean": 0.416110873222, "min": 0.00313332374208, "median": 0.422561764717, "dvar2": 0.00153811858036, "var": 0.0170680005103, "dmean2": 0.0349111407995, "max": 0.741695046425, "dmean": 0.0220107063651}, "barkbands": {"dvar": [3.82028353396e-10, 5.55460019314e-07, 2.20597485168e-06, 2.59576995632e-06, 1.18618327178e-05, 2.00133163162e-05, 3.69744134332e-06, 7.7206232163e-07, 2.38681468545e-06, 1.89986599253e-06, 4.35196284343e-07, 8.37731874981e-08, 6.36669028609e-08, 3.78506861409e-08, 2.54154066681e-08, 6.85981760284e-09, 5.51884893341e-09, 2.14074247218e-09, 1.31867938791e-08, 4.64269644951e-09, 8.02449307002e-09, 7.03151714632e-09, 5.89184656619e-09, 1.62669133719e-09, 2.00580108078e-09, 9.24802456836e-11, 6.40792193612e-12], "mean": [7.65501044953e-06, 0.000571344979107, 0.00129630521405, 0.00108255154919, 0.00397750316188, 0.00418570125476, 0.00110257440247, 0.000604429864325, 0.000989417079836, 0.000604570843279, 0.000394941860577, 0.00014759064652, 0.000123937774333, 8.93601536518e-05, 8.79060826264e-05, 2.42193091253e-05, 2.90052412311e-05, 2.00919403142e-05, 2.16143507714e-05, 1.35543914439e-05, 8.9564910013e-06, 1.20878739835e-05, 8.99282440514e-06, 6.1007954173e-06, 5.53388099434e-06, 1.3297960777e-06, 3.44063465718e-07], "min": [3.63031964342e-25, 3.24904038957e-24, 9.78677405096e-25, 1.5764480959e-24, 3.90791476698e-24, 1.08489026846e-23, 7.78300818713e-24, 8.80218334452e-24, 2.10122852426e-23, 1.48301085462e-23, 1.28138991904e-23, 3.14885347688e-23, 3.52665758151e-23, 3.02403327803e-23, 3.17570283111e-23, 4.3856652606e-23, 5.174210937e-23, 1.16000014494e-22, 1.01529124805e-22, 1.66357512048e-22, 2.36167991358e-22, 3.55894963422e-22, 3.69524965251e-22, 5.73917740321e-22, 8.05341560061e-22, 1.38565041162e-21, 1.92183884074e-21], "median": [3.25670271195e-07, 3.61203856301e-05, 0.000220296933549, 0.000237578205997, 0.00157744903117, 0.000765061355196, 0.000107930871309, 3.41653358191e-05, 2.76550090348e-05, 4.54583368992e-06, 3.4708439216e-06, 2.36659388975e-06, 1.34298079502e-06, 1.21859773117e-06, 8.90249793883e-07, 3.84326654057e-07, 3.11242672524e-07, 1.53039252382e-07, 1.20166930628e-07, 6.97451554288e-08, 5.86687107784e-08, 4.76681094597e-08, 3.01468219277e-08, 2.37024302407e-08, 2.81898486776e-08, 4.10572411624e-08, 6.75282905149e-08], "dvar2": [1.0260334804e-09, 1.32695970478e-06, 5.80062260269e-06, 8.06444586487e-06, 3.30094699166e-05, 5.23166236235e-05, 1.13654796223e-05, 1.26462077787e-06, 3.86034480471e-06, 3.33296998178e-06, 7.2427133091e-07, 1.57414930868e-07, 1.29960469053e-07, 8.46616572403e-08, 5.39483977491e-08, 1.21210517179e-08, 1.13021298986e-08, 5.0716297828e-09, 3.31064313741e-08, 9.90391857414e-09, 1.90098088382e-08, 1.36535174278e-08, 1.02344364095e-08, 2.48106535317e-09, 3.02949354491e-09, 1.17680920564e-10, 1.15431388406e-11], "var": [7.45866035601e-10, 1.86966269666e-06, 8.3052291302e-06, 4.60241653855e-06, 4.19612479163e-05, 0.00011834185716, 1.05623794298e-05, 4.99345151184e-06, 1.73170610651e-05, 1.1378320778e-05, 3.15067586598e-06, 3.37812821272e-07, 2.85897726826e-07, 1.10857477864e-07, 1.32811194931e-07, 2.16549640442e-08, 1.75952852288e-08, 7.20198078952e-09, 1.70583156489e-08, 1.37938327427e-08, 1.04725463856e-08, 2.86427770391e-08, 2.45064288862e-08, 7.56074847175e-09, 7.27032123393e-09, 4.10080386315e-10, 1.65175078476e-11], "dmean2": [8.38633695821e-06, 0.000341548147844, 0.000658333883621, 0.00120560964569, 0.00252641015686, 0.00200947001576, 0.000757871486712, 0.000243430709816, 0.0003338859824, 0.000244163558818, 0.000177133042598, 7.92382779764e-05, 7.93071230873e-05, 5.60798616789e-05, 3.92334077333e-05, 1.55877642101e-05, 1.75007462531e-05, 1.21601024148e-05, 1.72039399331e-05, 1.04957789517e-05, 9.29539237404e-06, 9.29571615416e-06, 6.16236820861e-06, 3.9146684685e-06, 3.80157121072e-06, 7.76557783411e-07, 2.40230860982e-07], "max": [0.000543938193005, 0.0262231584638, 0.0609954409301, 0.0303716994822, 0.0739479511976, 0.176090493798, 0.0604650117457, 0.0409386865795, 0.0745043754578, 0.0781406909227, 0.0388346612453, 0.0169723536819, 0.0158273093402, 0.00726432306692, 0.00989675335586, 0.00717106321827, 0.00409326376393, 0.00154111266602, 0.008221690543, 0.00393962813541, 0.00561775220558, 0.0060915928334, 0.00707251857966, 0.00448184926063, 0.00375512382016, 0.00108028401155, 0.000171881169081], "dmean": [5.09078336108e-06, 0.000215120468056, 0.000415276474087, 0.000678665237501, 0.00153870857321, 0.00124296790455, 0.000446117803222, 0.000190348975593, 0.000258766580373, 0.000208272889722, 0.000132354078232, 5.67169699934e-05, 5.16936124768e-05, 3.75066410925e-05, 2.78740444628e-05, 1.05219723991e-05, 1.17149256766e-05, 8.17010277387e-06, 1.14758358905e-05, 6.85028498992e-06, 6.10562256043e-06, 6.47437218504e-06, 4.64870754513e-06, 2.94887558994e-06, 2.9077700674e-06, 6.35992421394e-07, 1.72248604713e-07]}, "erbbands_spread": {"dvar": 53.349861145, "mean": 18.409942627, "min": 0.26845729351, "median": 11.4390077591, "dvar2": 106.572006226, "var": 534.937805176, "dmean2": 4.98116540909, "max": 174.486175537, "dmean": 3.24979615211}, "barkbands_kurtosis": {"dvar": 5322.76708984, "mean": 30.5288238525, "min": -1.95424151421, "median": 5.32285070419, "dvar2": 18830.4414062, "var": 11508.5478516, "dmean2": 27.7003383636, "max": 3493.53100586, "dmean": 15.3852300644}, "spectral_flux": {"dvar": 0.000307990936562, "mean": 0.0313470847905, "min": 6.08811126512e-11, "median": 0.0225186087191, "dvar2": 0.000764764496125, "var": 0.00102373270784, "dmean2": 0.0168530456722, "max": 0.344881266356, "dmean": 0.0107452655211}, "silence_rate_20dB": {"dvar": 0, "mean": 1, "min": 1, "median": 1, "dvar2": 0, "var": 0, "dmean2": 0, "max": 1, "dmean": 0}, "gfcc": {"cov": [[22223.9550781, 4872.23486328, -4423.24365234, -833.467163086, -402.635986328, -890.598876953, -32.8356246948, -290.509552002, -346.413208008, -542.825195312, 191.609710693, -440.708740234, 153.004196167], [4872.23486328, 4250.35595703, -1025.71496582, -1712.39355469, 681.099975586, -476.971343994, 291.438568115, -364.187103271, 156.03213501, -305.29586792, 99.9851608276, -97.0035629272, 1.26681053638], [-4423.24365234, -1025.71496582, 3095.83544922, 1095.9317627, -566.23828125, -107.107063293, -590.989257812, -150.765411377, -140.211135864, 80.1768875122, -103.032157898, -37.3840179443, -88.5676345825], [-833.467163086, -1712.39355469, 1095.9317627, 1785.11535645, -272.701599121, -12.7047662735, -323.121185303, 41.9300193787, -169.617782593, 56.2885437012, -45.264793396, -47.4728507996, 11.9467954636], [-402.635986328, 681.099975586, -566.23828125, -272.701599121, 915.036499023, 193.31048584, 301.426605225, -23.4452018738, 92.8854446411, -52.3243484497, 13.915137291, 76.2120895386, 12.2574682236], [-890.598876953, -476.971343994, -107.107063293, -12.7047662735, 193.31048584, 481.214813232, 185.750534058, 74.9424514771, -19.4932880402, 45.7844009399, -11.4986763, 32.2070617676, -31.0513057709], [-32.8356246948, 291.438568115, -590.989257812, -323.121185303, 301.426605225, 185.750534058, 423.983886719, 89.9621429443, 108.310638428, 7.42384433746, 43.3340797424, 30.4516849518, -4.78343868256], [-290.509552002, -364.187103271, -150.765411377, 41.9300193787, -23.4452018738, 74.9424514771, 89.9621429443, 227.197052002, 65.8297271729, 48.9165420532, 17.9305076599, 32.8139953613, 11.8449296951], [-346.413208008, 156.03213501, -140.211135864, -169.617782593, 92.8854446411, -19.4932880402, 108.310638428, 65.8297271729, 210.611160278, 53.2188224792, 3.4633204937, 53.3252334595, 4.65830945969], [-542.825195312, -305.29586792, 80.1768875122, 56.2885437012, -52.3243484497, 45.7844009399, 7.42384433746, 48.9165420532, 53.2188224792, 140.564285278, 33.8642730713, 27.5909366608, -8.42774391174], [191.609710693, 99.9851608276, -103.032157898, -45.264793396, 13.915137291, -11.4986763, 43.3340797424, 17.9305076599, 3.4633204937, 33.8642730713, 108.508201599, 21.12266922, 1.80469143391], [-440.708740234, -97.0035629272, -37.3840179443, -47.4728507996, 76.2120895386, 32.2070617676, 30.4516849518, 32.8139953613, 53.3252334595, 27.5909366608, 21.12266922, 110.312423706, 21.2086372375], [153.004196167, 1.26681053638, -88.5676345825, 11.9467954636, 12.2574682236, -31.0513057709, -4.78343868256, 11.8449296951, 4.65830945969, -8.42774391174, 1.80469143391, 21.2086372375, 74.9527893066]], "mean": [-234.124664307, 153.884994507, -58.3808708191, -6.21329116821, -46.8668899536, -21.0253791809, -41.4568328857, -11.3891296387, -25.341375351, -6.08689546585, -14.371049881, -4.24256420135, -12.0036430359], "icov": [[0.000357483659172, -0.00092038558796, 0.000823668204248, -0.000893230899237, 0.000923943473026, -0.000544664566405, 0.000621191516984, -0.00036438688403, 0.000604064902291, -0.0003727505391, 0.00042195423157, -0.000332713127136, 0.000126484796056], [-0.00092038558796, 0.00336990458891, -0.00224389904179, 0.00308025768027, -0.00300226476975, 0.00228679203428, -0.00182126089931, 0.0018554024864, -0.00224556121975, 0.00235083722509, -0.0023697768338, 0.00224998127669, -0.000467397243483], [0.000823668204248, -0.00224389904179, 0.00249339547008, -0.00242026778869, 0.00237148138694, -0.00149193243124, 0.00198514410295, -0.000587619375437, 0.00127295835409, -0.00118706608191, 0.00136539759114, -0.00122810655739, 0.00100431242026], [-0.000893230899237, 0.00308025768027, -0.00242026778869, 0.00370405800641, -0.00293537694961, 0.00206536264159, -0.00142070779111, 0.0010218473617, -0.00139942462556, 0.00158097688109, -0.00189102871809, 0.00224735005759, -0.000921081169508], [0.000923943473026, -0.00300226476975, 0.00237148138694, -0.00293537694961, 0.00458269147202, -0.00253514642827, 0.000869264127687, -0.000506283016875, 0.00128020776901, -0.000825196737424, 0.00178729009349, -0.00274196639657, 0.000331058836309], [-0.000544664566405, 0.00228679203428, -0.00149193243124, 0.00206536264159, -0.00253514642827, 0.00530245900154, -0.00303395534866, 0.00039500487037, 0.00104906712659, -0.000240625828155, 0.000272740348009, 0.000427697057603, 0.00111644889694], [0.000621191516984, -0.00182126089931, 0.00198514410295, -0.00142070779111, 0.000869264127687, -0.00303395534866, 0.00683933030814, -0.00186382664833, -0.00121696596034, 0.000137925715535, -0.00110192282591, 0.000536337902304, 0.000632783572655], [-0.00036438688403, 0.0018554024864, -0.000587619375437, 0.0010218473617, -0.000506283016875, 0.00039500487037, -0.00186382664833, 0.00766024924815, -0.00312280934304, 0.00112353835721, -0.00198187027127, 0.000698018935509, -0.00105720537249], [0.000604064902291, -0.00224556121975, 0.00127295835409, -0.00139942462556, 0.00128020776901, 0.00104906712659, -0.00121696596034, -0.00312280934304, 0.0107567431405, -0.00571679929271, 0.00488834176213, -0.00456311134622, 0.00103532127105], [-0.0003727505391, 0.00235083722509, -0.00118706608191, 0.00158097688109, -0.000825196737424, -0.000240625828155, 0.000137925715535, 0.00112353835721, -0.00571679929271, 0