{"tonal": {"hpcp": {"dvar": [0.031946990639, 0.0289741624147, 0.0235481765121, 0.0237194783986, 0.0224571060389, 0.0273264143616, 0.0300129596144, 0.0314976908267, 0.0317158661783, 0.0333475731313, 0.0298858229071, 0.0439585521817, 0.052710775286, 0.0464308932424, 0.048911139369, 0.0471145734191, 0.0345145724714, 0.0306610651314, 0.0340277515352, 0.0345919914544, 0.0394906923175, 0.0414143390954, 0.048647981137, 0.0390689074993, 0.0431605540216, 0.0424089431763, 0.0487942062318, 0.041805267334, 0.0327323414385, 0.0316119492054, 0.0469017028809, 0.0615646876395, 0.0479227751493, 0.0537897795439, 0.0486986525357, 0.0323218293488], "var": [0.0448122024536, 0.0386859402061, 0.0356821753085, 0.0378414951265, 0.0329314507544, 0.0435082055628, 0.0512875020504, 0.0481975786388, 0.0458265207708, 0.0477160364389, 0.0430090427399, 0.0718889608979, 0.101416230202, 0.0704973787069, 0.0620822981, 0.0582995712757, 0.0399414002895, 0.0368532761931, 0.0533872321248, 0.0488507822156, 0.0558871589601, 0.0725701972842, 0.0744704306126, 0.0562315918505, 0.069219045341, 0.0567855536938, 0.0627961456776, 0.0676263049245, 0.0499416925013, 0.0374500341713, 0.0536161661148, 0.0709942802787, 0.0780585855246, 0.11357896775, 0.0812601074576, 0.0408991463482], "median": [0.0597745068371, 0.0595372617245, 0.0661088526249, 0.0651748925447, 0.0669412612915, 0.0870455950499, 0.10125130415, 0.0985108315945, 0.089902818203, 0.0855688080192, 0.0857972800732, 0.157486021519, 0.239246919751, 0.185704916716, 0.0899045169353, 0.0668646469712, 0.0659906864166, 0.0957048684359, 0.121614784002, 0.103539630771, 0.0780772268772, 0.0894383490086, 0.096443131566, 0.115959577262, 0.132505819201, 0.121668256819, 0.0935475304723, 0.0772575065494, 0.0621671415865, 0.0564700886607, 0.0599776431918, 0.0932419970632, 0.237959176302, 0.348119199276, 0.254827529192, 0.106854461133], "max": [1, 1, 1, 1, 1, 1, 1, 1, 1, 1, 1, 1, 1, 1, 1, 1, 1, 1, 1, 1, 1, 1, 1, 1, 1, 1, 1, 1, 1, 1, 1, 1, 1, 1, 1, 1], "dmean": [0.126450046897, 0.119445361197, 0.106844335794, 0.106820009649, 0.103470548987, 0.120161555707, 0.129870757461, 0.131672382355, 0.132167473435, 0.129425659776, 0.131635576487, 0.187690332532, 0.214383170009, 0.197954744101, 0.171670109034, 0.152923002839, 0.132313251495, 0.135037899017, 0.147419705987, 0.140927657485, 0.141014844179, 0.154407575727, 0.168640956283, 0.163689404726, 0.175123542547, 0.173684284091, 0.16566991806, 0.150667831302, 0.127489596605, 0.122041590512, 0.157994732261, 0.199831366539, 0.215745940804, 0.236190870404, 0.220588579774, 0.150217458606], "dmean2": [0.220058321953, 0.207709133625, 0.183048710227, 0.180869728327, 0.178378626704, 0.208572983742, 0.221726953983, 0.223933145404, 0.227151125669, 0.224540278316, 0.226422637701, 0.322997242212, 0.372126936913, 0.343804061413, 0.298801064491, 0.26831510663, 0.232035413384, 0.236325278878, 0.253442883492, 0.244681447744, 0.245522066951, 0.266496032476, 0.295547366142, 0.283888280392, 0.305130928755, 0.304053008556, 0.287457615137, 0.259362727404, 0.221948757768, 0.211808398366, 0.279162377119, 0.356838911772, 0.370788544416, 0.398237407207, 0.377267330885, 0.257583558559], "mean": [0.152460753918, 0.144414260983, 0.139649018645, 0.140679389238, 0.137974485755, 0.167795032263, 0.192557200789, 0.181239485741, 0.175380453467, 0.1716491431, 0.167741328478, 0.263394206762, 0.35609921813, 0.280187726021, 0.197622478008, 0.173160389066, 0.148118630052, 0.16836220026, 0.208366319537, 0.188966646791, 0.177828148007, 0.214246064425, 0.217664003372, 0.215604230762, 0.236178249121, 0.213938012719, 0.201888278127, 0.200355872512, 0.160040393472, 0.139344632626, 0.166821137071, 0.213935792446, 0.320559054613, 0.433492302895, 0.336403161287, 0.182586267591], "dvar2": [0.0867881476879, 0.0802743881941, 0.0608865655959, 0.0620497316122, 0.0610989332199, 0.0714962854981, 0.0783220082521, 0.083486430347, 0.0843958333135, 0.0892765447497, 0.0818184912205, 0.118003636599, 0.134754627943, 0.123324662447, 0.129888132215, 0.122928217053, 0.0953748300672, 0.0844382196665, 0.0899677947164, 0.093220718205, 0.10352280736, 0.10628451407, 0.128909319639, 0.104610413313, 0.115460239351, 0.113249674439, 0.126548722386, 0.108006611466, 0.0872762426734, 0.0853935554624, 0.121278338134, 0.162366881967, 0.124648034573, 0.132119581103, 0.12531080842, 0.0876247882843], "min": [0, 0, 0, 0, 0, 0, 0, 0, 0, 0, 0, 0, 0, 0, 0, 0, 0, 0, 0, 0, 0, 0, 0, 0, 0, 0, 0, 0, 0, 0, 0, 0, 0, 0, 0, 0]}, "key_key": "C#", "thpcp": [1, 0.776030302048, 0.421198397875, 0.351703494787, 0.333141475916, 0.322148770094, 0.324525684118, 0.318285882473, 0.387077301741, 0.444199800491, 0.418091595173, 0.404575705528, 0.395968139172, 0.386953413486, 0.60760986805, 0.821466088295, 0.646349966526, 0.455884635448, 0.39945435524, 0.341686874628, 0.388385683298, 0.480669021606, 0.435916960239, 0.410222172737, 0.494232684374, 0.502117335796, 0.497365772724, 0.544826865196, 0.493522047997, 0.465725183487, 0.462190151215, 0.369188547134, 0.321446627378, 0.38483068347, 0.493516921997, 0.739480376244], "chords_key": "C#", "tuning_equal_tempered_deviation": 0.118850961328, "tuning_frequency": 450.544708252, "tuning_diatonic_strength": 0.613899350166, "chords_histogram": [41.1764717102, 0.365742146969, 2.04206037521, 1.06674790382, 0.396220654249, 0.0304785128683, 0.0914355367422, 2.01158189774, 1.03626942635, 0.792441308498, 1.98110330105, 2.71258759499, 0.670527279377, 0, 0.0304785128683, 0.640048742294, 6.21761655807, 27.0953979492, 5.18134737015, 2.92593717575, 0.335263639688, 1.28009748459, 0.944833874702, 0.975312411785], "key_strength": 0.758473157883, "key_scale": "major", "chords_strength": {"dvar": 0.000118689946248, "var": 0.0160985980183, "median": 0.571653485298, "max": 0.821156919003, "dmean": 0.01250441093, "dmean2": 0.0144549729303, "mean": 0.561157822609, "dvar2": 0.000182251431397, "min": 0.182271614671}, "chords_number_rate": 0.00365742156282, "tuning_nontempered_energy_ratio": 0.818551361561, "hpcp_entropy": {"dvar": 0.319419145584, "var": 0.778480052948, "median": 2.38518238068, "max": 4.59170484543, "dmean": 0.68443697691, "dmean2": 1.1467641592, "mean": 2.39855337143, "dvar2": 0.870394408703, "min": 0}, "chords_changes_rate": 0.0646144449711, "chords_scale": "major"}, "rhythm": {"bpm_histogram_first_peak_spread": {"dvar": 0, "var": 0, "median": 0.25, "max": 0.25, "dmean": 0, "dmean2": 0, "mean": 0.25, "dvar2": 0, "min": 0.25}, "bpm_histogram_first_peak_weight": {"dvar": 0, "var": 0, "median": 0.369403004646, "max": 0.369403004646, "dmean": 0, "dmean2": 0, "mean": 0.369403004646, "dvar2": 0, "min": 0.369403004646}, "bpm_histogram_first_peak_bpm": {"dvar": 0, "var": 0, "median": 85, "max": 85, "dmean": 0, "dmean2": 0, "mean": 85, "dvar2": 0, "min": 85}, "bpm": 84.4274902344, "bpm_histogram_second_peak_weight": {"dvar": 0, "var": 0, "median": 0.149253726006, "max": 0.149253726006, "dmean": 0, "dmean2": 0, "mean": 0.149253726006, "dvar2": 0, "min": 0.149253726006}, "beats_loudness": {"dvar": 5.20577050338e-05, "var": 0.000154038425535, "median": 0.0290203318, "max": 0.0560231842101, "dmean": 0.00855664815754, "dmean2": 0.0151286805049, "mean": 0.0290180649608, "dvar2": 0.000147549653775, "min": 4.1082835196e-06}, "beats_loudness_band_ratio": {"dvar": [0.00973166152835, 0.0146498102695, 0.0117684099823, 0.00863758195192, 0.00873806141317, 0.00561284972355], "var": [0.0131393298507, 0.0210010129958, 0.0155027257279, 0.013907215558, 0.0140924416482, 0.00798785500228], "median": [0.132870659232, 0.187739193439, 0.153165698051, 0.14679966867, 0.185018658638, 0.110422596335], "max": [0.719018638134, 0.842047691345, 0.71865260601, 0.658892393112, 0.660564422607, 0.549515902996], "dmean": [0.109496198595, 0.132398918271, 0.117346897721, 0.099425598979, 0.111625567079, 0.0727342441678], "dmean2": [0.192322492599, 0.235809698701, 0.203701034188, 0.173834443092, 0.18792372942, 0.12677565217], "mean": [0.153672114015, 0.213311210275, 0.185195326805, 0.177224949002, 0.208045974374, 0.126243934035], "dvar2": [0.0288616605103, 0.0435563772917, 0.0353942364454, 0.0221232827753, 0.0251638051122, 0.0155912246555], "min": [0.000197326473426, 0.0034822227899, 0.00491345534101, 0.00303789670579, 0.0148758105934, 0.000362749531632]}, "bpm_histogram_second_peak_bpm": {"dvar": 0, "var": 0, "median": 167, "max": 167, "dmean": 0, "dmean2": 0, "mean": 167, "dvar2": 0, "min": 167}, "onset_rate": 3.81455636024, "beats_count": 269, "beats_position": [0.777868449688, 1.5673469305, 2.32199549675, 3.04181408882, 3.76163268089, 4.46984100342, 5.17804956436, 5.88625860214, 6.59446716309, 7.30267572403, 8.01088428497, 8.73070240021, 9.43891143799, 10.1471195221, 10.866938591, 11.5867567062, 12.3065757751, 13.0263938904, 13.7346029282, 14.4428119659, 15.15102005, 15.8592290878, 16.5558280945, 17.2524261475, 17.9606342316, 18.6688423157, 19.3770523071, 20.0852603912, 20.8050785065, 21.5248966217, 22.2331066132, 22.9413146973, 23.6495227814, 24.3577327728, 25.0659408569, 25.774148941, 26.4939670563, 27.2137870789, 27.921995163, 28.6302032471, 29.3384113312, 30.0466213226, 30.7664394379, 31.474647522, 32.1828575134, 32.8910636902, 33.5992736816, 34.3190917969, 35.0273017883, 35.7355079651, 36.4437179565, 37.151927948, 37.8601341248, 38.5683441162, 39.2765541077, 39.9847602844, 40.7045783997, 41.4127883911, 42.1209983826, 42.8292045593, 43.5374145508, 44.257232666, 44.9654426575, 45.6736488342, 46.3818588257, 47.0900688171, 47.8098869324, 48.5180931091, 49.2263031006, 49.934513092, 50.6427192688, 51.3509292603, 52.0591392517, 52.7673454285, 53.4755554199, 54.1837615967, 54.8919715881, 55.6117897034, 56.3316078186, 57.0514259338, 57.7596359253, 58.4678459167, 59.1760520935, 59.884262085, 60.5924720764, 61.3006782532, 61.9972763062, 62.7170982361, 63.4253044128, 64.1335144043, 64.8417205811, 65.5499343872, 66.2697525024, 66.9895706177, 67.6977767944, 68.4059829712, 69.1141967773, 69.8224029541, 70.5306091309, 71.238822937, 71.9586410522, 72.666847229, 73.3750534058, 74.0716552734, 74.7798614502, 75.488067627, 76.2078933716, 76.9277114868, 77.6359176636, 78.3441238403, 79.0639419556, 79.7837600708, 80.491973877, 81.2001800537, 81.8967819214, 82.5933761597, 83.3015823364, 84.0097961426, 84.7296142578, 85.4378204346, 86.1460266113, 86.8542404175, 87.5624465942, 88.2822647095, 89.0020828247, 89.6986846924, 90.3952789307, 91.1150970459, 91.8349151611, 92.5431289673, 93.251335144, 93.9711532593, 94.6793670654, 95.3875732422, 96.0957794189, 96.6298370361, 97.1638946533, 97.6863479614, 98.2204055786, 98.7544631958, 99.2769165039, 99.8109741211, 100.345031738, 100.867477417, 101.401542664, 101.935600281, 102.469657898, 103.003715515, 103.537773132, 104.071838379, 104.605895996, 105.139953613, 105.67401123, 106.208068848, 106.742126465, 107.276191711, 107.810249329, 108.344306946, 108.878364563, 109.41242218, 109.934875488, 110.468933105, 111.002990723, 111.53704834, 112.082717896, 112.616775513, 113.162445068, 113.708114624, 114.265396118, 114.811065674, 115.356735229, 115.902404785, 116.390022278, 116.877639771, 117.353645325, 117.759994507, 118.166343689, 118.561088562, 118.944213867, 119.327346802, 119.710472107, 120.093605042, 120.465126038, 120.836639404, 121.2081604, 121.579681396, 121.951202393, 122.322715759, 122.682624817, 123.054145813, 123.425666809, 123.785575867, 124.145484924, 124.505393982, 124.876914978, 125.225212097, 125.573509216, 125.921813965, 126.281723022, 126.64163208, 127.001541138, 127.361450195, 127.709747314, 128.069656372, 128.42956543, 128.777862549, 129.126159668, 129.474472046, 129.834381104, 130.194290161, 130.554199219, 130.914108276, 131.262405396, 131.622314453, 131.982223511, 132.342132568, 132.702041626, 133.050338745, 133.398635864, 133.758544922, 134.118453979, 134.466751099, 134.826660156, 135.186569214, 135.534866333, 135.883178711, 136.23147583, 136.591384888, 136.951293945, 137.299591064, 137.659500122, 138.01940918, 138.379318237, 138.739227295, 139.087524414, 139.435821533, 139.795730591, 140.155639648, 140.503936768, 140.852249146, 141.200546265, 141.548843384, 141.92036438, 142.291885376, 142.651794434, 143.000091553, 143.36000061, 143.708297729, 144.056594849, 144.416503906, 144.776412964, 145.136322021, 145.496231079, 145.844528198, 146.204437256, 146.564346313, 146.924255371, 147.284164429, 147.655685425, 148.027206421, 148.398727417, 148.816680908, 149.22303772, 149.606170654, 149.98928833, 150.384033203, 150.778778076, 151.17350769, 151.579864502], "danceability": 0.92391037941, "bpm_histogram_second_peak_spread": {"dvar": 0, "var": 0, "median": 0, "max": 0, "dmean": 0, "dmean2": 0, "mean": 0, "dvar2": 0, "min": 0}}, "lowlevel": {"spectral_flux": {"dvar": 0.000398867443437, "var": 0.0016023357166, "median": 0.0901419967413, "max": 0.263860195875, "dmean": 0.0192658510059, "dmean2": 0.0292559079826, "mean": 0.0864968001842, "dvar2": 0.000823552138172, "min": 6.5695761331e-11}, "spectral_rolloff": {"dvar": 1945962.625, "var": 4085093.75, "median": 2174.85351562, "max": 18992.2851562, "dmean": 843.30279541, "dmean2": 1379.70788574, "mean": 2693.97680664, "dvar2": 4465035.5, "min": 43.06640625}, "barkbands_flatness_db": {"dvar": 0.0002831115562, "var": 0.00194994197227, "median": 0.0776865929365, "max": 0.431836277246, "dmean": 0.016629755497, "dmean2": 0.0251677278429, "mean": 0.0891613215208, "dvar2": 0.000599288265221, "min": 0.0109734227881}, "spectral_centroid": {"dvar": 111384.6875, "var": 365185.71875, "median": 1720.9753418, "max": 11249.9433594, "dmean": 298.34463501, "dmean2": 460.630096436, "mean": 1741.12487793, "dvar2": 253869.171875, "min": 181.512893677}, "melbands_skewness": {"dvar": 0.500149905682, "var": 1.80453407764, "median": 1.46194911003, "max": 17.6916351318, "dmean": 0.57856875658, "dmean2": 0.929144322872, "mean": 1.6826608181, "dvar2": 1.15229809284, "min": -2.25218844414}, "melbands": {"dvar": [1.25992983158e-07, 3.00154766819e-07, 7.18740068351e-07, 8.15460452941e-07, 2.38564183519e-07, 1.283283666e-07, 4.77401336241e-08, 7.31242337793e-08, 1.96806709596e-07, 1.6756305854e-07, 8.34068742961e-08, 2.96610380701e-08, 1.27858710286e-08, 1.55651651568e-08, 7.90192444811e-09, 1.01211661274e-08, 8.62592308692e-09, 3.47207738116e-08, 4.25557145078e-09, 4.71758943021e-09, 2.58145749221e-09, 2.32714159054e-09, 1.38033162678e-09, 5.98124993978e-10, 3.80763059971e-10, 5.4980731079e-10, 5.12175357681e-10, 1.37149597235e-10, 1.26563889577e-11, 9.22062426412e-12, 1.05481734458e-11, 9.02285017534e-12, 1.1610389733e-11, 1.20344654381e-11, 1.00293358687e-11, 1.05043586676e-11, 1.07926601683e-11, 8.13538299227e-12, 1.0742754776e-11, 8.42453364014e-12], "var": [2.45643718699e-07, 4.9855952966e-07, 9.07320270471e-07, 9.69405846263e-07, 4.67271178195e-07, 3.51507452478e-07, 1.29844835328e-07, 1.45169650523e-07, 3.89987633298e-07, 3.42269146358e-07, 2.01022714919e-07, 8.84873330165e-08, 2.63585420157e-08, 3.16594004346e-08, 1.73068723797e-08, 3.40340413629e-08, 4.53435760051e-08, 1.17543500266e-07, 1.01491544058e-08, 1.40284477368e-08, 7.06677827367e-09, 4.88424367617e-09, 2.90320945062e-09, 1.42856282359e-09, 9.74152536415e-10, 8.50119141749e-10, 7.29786842069e-10, 1.94510310636e-10, 3.0355544467e-11, 1.78761814379e-11, 2.31949130042e-11, 1.75468806152e-11, 2.22668151278e-11, 2.237815315e-11, 1.828882705e-11, 1.81146382616e-11, 1.97335203733e-11, 1.78945434859e-11, 2.47817513038e-11, 2.31883869745e-11], "median": [7.98242108431e-05, 0.000267833413091, 0.000479369802633, 0.000447184720542, 0.000207304750802, 0.000118647236377, 0.000119847791211, 8.39044369059e-05, 0.000110066939669, 0.000103742611827, 8.47052579047e-05, 7.15911737643e-05, 7.68241661717e-05, 6.47728229524e-05, 4.32730121247e-05, 3.93982845708e-05, 3.58127508662e-05, 4.66674391646e-05, 3.06499568978e-05, 2.88243500108e-05, 2.86093600153e-05, 3.21669722325e-05, 2.5735131203e-05, 1.79006128747e-05, 1.1829369214e-05, 9.65278013609e-06, 7.14112002242e-06, 5.28751070306e-06, 3.27099269271e-06, 2.40877307078e-06, 2.48541300607e-06, 1.78308891918e-06, 1.87054786238e-06, 1.64807954661e-06, 1.50528217091e-06, 1.54920178375e-06, 1.4541165001e-06, 1.45440503729e-06, 1.51994640873e-06, 1.22782830658e-06], "max": [0.00563044473529, 0.00589268933982, 0.0120948310941, 0.00944890640676, 0.00982721801847, 0.0071669225581, 0.00814822036773, 0.0059297461994, 0.00980057474226, 0.00776468403637, 0.00615910533816, 0.00421593058854, 0.00191177939996, 0.0026832530275, 0.0026248479262, 0.00361145823263, 0.00394138554111, 0.00459873210639, 0.00160114758182, 0.0012933483813, 0.00101521972101, 0.000849148025736, 0.000662839738652, 0.000711755710654, 0.000451982254162, 0.000512104132213, 0.000390355242416, 0.000294441822916, 5.50264412595e-05, 3.26745321217e-05, 4.44082324975e-05, 4.50048537459e-05, 6.82166355546e-05, 6.55401745462e-05, 8.2076403487e-05, 9.1121866717e-05, 0.000115951093903, 7.32895277906e-05, 5.924989091e-05, 6.53430615785e-05], "dmean": [0.000184694581549, 0.000321925472235, 0.000499575107824, 0.000599035876803, 0.000261609762674, 0.000182865318493, 0.00012418483675, 0.000122665558592, 0.00019491535204, 0.000168635466252, 0.000119219686894, 8.48219715408e-05, 7.09575106157e-05, 6.54134710203e-05, 4.4939948566e-05, 4.70874438179e-05, 4.16222028434e-05, 7.45872312109e-05, 3.34696960635e-05, 3.85758430639e-05, 3.0026969398e-05, 2.97373080684e-05, 2.36121886701e-05, 1.57880240295e-05, 1.08020831249e-05, 1.08692092908e-05, 9.17365559872e-06, 5.08912125952e-06, 2.64575987785e-06, 2.13116754821e-06, 2.2736739993e-06, 1.86631052657e-06, 1.7939485133e-06, 1.82110807145e-06, 1.73591683961e-06, 1.58452007781e-06, 1.52740278736e-06, 1.57343106366e-06, 1.9382616756e-06, 1.49716674969e-06], "dmean2": [0.000311132869683, 0.00055233220337, 0.000878033402842, 0.00106673291884, 0.000417581992224, 0.000290070835035, 0.000203614472412, 0.000199185000383, 0.000310434086714, 0.00026593808434, 0.000190898266737, 0.000132420915179, 0.000116232848086, 0.000107441213913, 7.19662712072e-05, 7.38246671972e-05, 6.52814633213e-05, 0.000118901749374, 5.11603175255e-05, 5.93409276917e-05, 4.73482323287e-05, 4.63087926619e-05, 3.65223131666e-05, 2.40945337282e-05, 1.65068995557e-05, 1.67453690665e-05, 1.41634800457e-05, 8.01393252914e-06, 4.10202028434e-06, 3.24512438965e-06, 3.48096841662e-06, 2.84442853626e-06, 2.65022367785e-06, 2.63584024651e-06, 2.55444547292e-06, 2.30474051932e-06, 2.07378229788e-06, 2.12723261939e-06, 2.6086172511e-06, 2.17456295104e-06], "mean": [0.000266082439339, 0.000537701707799, 0.000755272048991, 0.000781121547334, 0.000437323789811, 0.000322205305565, 0.000208735902561, 0.000188673991943, 0.000304199871607, 0.000276346283499, 0.00021234016458, 0.00015884055756, 0.000126486382214, 0.000115574752272, 7.71706036176e-05, 8.82089079823e-05, 8.22153306217e-05, 0.000140613847179, 6.48294662824e-05, 7.601834659e-05, 5.66700982745e-05, 5.35831350135e-05, 4.30279069406e-05, 2.97109636449e-05, 2.11146925722e-05, 1.81874693226e-05, 1.4188228306e-05, 8.83907887328e-06, 5.08730636284e-06, 3.87635782317e-06, 4.2758665586e-06, 3.36860216521e-06, 3.43261035596e-06, 3.2847476632e-06, 3.11808776132e-06, 3.07872392113e-06, 3.01922887047e-06, 3.03911974697e-06, 3.33343314196e-06, 2.90152547677e-06], "dvar2": [3.11229854333e-07, 8.46223315421e-07, 1.99838814297e-06, 2.33624746215e-06, 5.55759015697e-07, 3.05648825361e-07, 1.17289388868e-07, 1.72625178152e-07, 4.76829342233e-07, 3.84496900097e-07, 2.13484597111e-07, 6.8779712592e-08, 3.34820349224e-08, 4.03152675688e-08, 1.82643891122e-08, 2.17785256496e-08, 1.70478280381e-08, 8.43444993848e-08, 9.57565582382e-09, 1.1313143311e-08, 6.35504537883e-09, 5.39875655292e-09, 3.3160985069e-09, 1.38879008293e-09, 7.9963108357e-10, 1.25354815417e-09, 1.16951037743e-09, 3.34584554507e-10, 2.8652193465e-11, 2.24628024514e-11, 2.40615791181e-11, 2.04935322184e-11, 2.42318821259e-11, 2.50383169059e-11, 2.28319828321e-11, 2.44091708651e-11, 2.37748501442e-11, 1.7804251129e-11, 2.27811467607e-11, 1.70606896666e-11], "min": [2.55950318599e-24, 1.53011375899e-24, 8.22462908795e-24, 4.4769315764e-24, 4.33536417607e-24, 3.04101520506e-24, 4.14406698427e-24, 7.69004171831e-24, 5.95262448394e-24, 2.15705337063e-24, 3.22878875241e-24, 5.53354488905e-24, 6.33643686877e-24, 3.60556725897e-24, 2.37727513359e-24, 7.20107101938e-24, 5.99319520587e-24, 8.19819199244e-24, 5.42250403917e-24, 4.71504805735e-24, 3.16218502896e-24, 5.50055669815e-24, 5.93547740887e-24, 8.14305061516e-24, 8.10062646454e-24, 5.58545666978e-24, 8.39818164255e-24, 6.72501634004e-24, 7.28767216955e-24, 6.28358989343e-24, 5.75308330126e-24, 6.72495244231e-24, 5.38170612531e-24, 7.78858070057e-24, 8.59343497178e-24, 6.68665166764e-24, 8.69525719312e-24, 9.12649510671e-24, 8.70365461746e-24, 1.0275562523e-23]}, "spectral_decrease": {"dvar": 2.26118030209e-18, "var": 1.09726476056e-17, "median": -5.73819347593e-09, "max": 7.68102750798e-29, "dmean": 1.40021083617e-09, "dmean2": 2.16855444712e-09, "mean": -5.59741453188e-09, "dvar2": 5.23000038333e-18, "min": -1.6597271113e-08}, "barkbands_kurtosis": {"dvar": 11.8642129898, "var": 19.3981323242, "median": -0.156834363937, "max": 101.501060486, "dmean": 1.37133991718, "dmean2": 2.19744610786, "mean": 0.809194743633, "dvar2": 29.3118400574, "min": -1.92298269272}, "silence_rate_30dB": {"dvar": 0, "var": 0, "median": 1, "max": 1, "dmean": 0, "dmean2": 0, "mean": 1, "dvar2": 0, "min": 1}, "gfcc": {"mean": [14.6952371597, 53.7722167969, -127.000724792, 15.217590332, -57.400642395, 14.4835529327, -47.8957519531, 11.466586113, -29.8184432983, -2.00444316864, -20.0594730377, -0.676986277103, -11.8544101715], "cov": [[13571.9960938, 545.006713867, 123.082199097, 581.607788086, -482.127716064, -54.9041786194, -601.316711426, 155.46925354, -392.221832275, -281.664520264, -507.729675293, -339.78994751, -140.136749268], [545.006713867, 1231.99987793, -284.496154785, 42.009967804, 154.872039795, -186.913528442, -40.3760719299, -84.9077224731, -4.06180477142, -78.7805633545, 26.2229213715, -59.9366950989, 16.5534954071], [123.082199097, -284.496154785, 939.953735352, 238.534225464, -49.7342147827, 205.695556641, -6.05838489532, 55.5145568848, -80.9147949219, 38.7722129822, -62.320766449, -0.0514716282487, -39.2804527283], [581.607788086, 42.009967804, 238.534225464, 364.389465332, 38.4757347107, 11.753118515, -31.3353404999, -11.9183530807, -23.5989379883, 3.24512720108, -19.5144557953, -31.6759777069, 0.823840737343], [-482.127716064, 154.872039795, -49.7342147827, 38.4757347107, 273.500793457, 75.0781860352, 45.1788139343, 3.37482786179, 42.3831939697, 30.4008598328, -10.9461679459, -11.666138649, 20.9513339996], [-54.9041786194, -186.913528442, 205.695556641, 11.753118515, 75.0781860352, 306.594024658, 101.165504456, 55.4900741577, -7.78296422958, 62.9422111511, -40.9545288086, 4.44915962219, -14.8156862259], [-601.316711426, -40.3760719299, -6.05838489532, -31.3353404999, 45.1788139343, 101.165504456, 165.516296387, 29.7386302948, 17.9555034637, 35.85131073, 22.3504447937, 21.1573944092, -1.26415669918], [155.46925354, -84.9077224731, 55.5145568848, -11.9183530807, 3.37482786179, 55.4900741577, 29.7386302948, 137.350875854, 7.98400115967, 4.41310167313, -15.1583271027, -0.58573526144, -9.76706314087], [-392.221832275, -4.06180477142, -80.9147949219, -23.5989379883, 42.3831939697, -7.78296422958, 17.9555034637, 7.98400115967, 110.879219055, 41.6457633972, 15.3491306305, 6.83705997467, 9.38887023926], [-281.664520264, -78.7805633545, 38.7722129822, 3.24512720108, 30.4008598328, 62.9422111511, 35.85131073, 4.41310167313, 41.6457633972, 96.2759246826, 24.9613037109, 7.41038990021, 1.05632829666], [-507.729675293, 26.2229213715, -62.320766449, -19.5144557953, -10.9461679459, -40.9545288086, 22.3504447937, -15.1583271027, 15.3491306305, 24.9613037109, 98.8801193237, 45.7657089233, 6.75943660736], [-339.78994751, -59.9366950989, -0.0514716282487, -31.6759777069, -11.666138649, 4.44915962219, 21.1573944092, -0.58573526144, 6.83705997467, 7.41038990021, 45.7657089233, 86.7725448608, 26.1387672424], [-140.136749268, 16.5534954071, -39.2804527283, 0.823840737343, 20.9513339996, -14.8156862259, -1.26415669918, -9.76706314087, 9.38887023926, 1.05632829666, 6.75943660736, 26.1387672424, 58.1069564819]], "icov": [[0.000171097388375, -0.000148803752381, 0.000231032288866, -0.000349927984644, 0.000425797334174, -0.000231410464039, 0.000535296683665, -0.000349912967067, 0.000422760087531, -0.000256059051026, 0.000820661021862, -0.000147931161337, 0.000263891241048], [-0.000148803752381, 0.00131035898812, -8.84700275492e-05, 0.000224372124649, -0.00123692688067, 0.000710297259502, -0.00058354792418, 0.000685811857693, -0.000194236388779, 0.00116686313413, -0.00151448708493, 0.00118737353478, -0.00041325064376], [0.000231032288866, -8.84700275492e-05, 0.00222705490887, -0.00171002035495, 0.0010665274458, -0.00127380166668, 0.00123869080562, -0.000867015973199, 0.00160540884826, -0.00130547361914, 0.00210041250102, -0.00143842364196, 0.00145105586853], [-0.000349927984644, 0.000224372124649, -0.00171002035495, 0.00452832924202, -0.00167935155332, 0.000926354550757, -0.000745945028029, 0.00108280417044, -0.00064403511351, 0.000613697688095, -0.00244369497523, 0.00215591257438, -0.00171317264903], [0.000425797334174, -0.00123692688067, 0.0010665274458, -0.00167935155332, 0.00655447784811, -0.00253083952703, 0.00083021534374, -0.000859175459482, -0.000688808097038, -0.00120926438831, 0.00264495122246, 0.000142189033795, -0.00124926993158], [-0.000231410464039, 0.000710297259502, -0.00127380166668, 0.000926354550757, -0.00253083952703, 0.00793026480824, -0.00416333647445, -0.00046310183825, 0.00171017402317, -0.00390869472176, 0.00332768843509, -0.00177148589864, 0.00133595452644], [0.000535296683665, -0.00058354792418, 0.00123869080562, -0.000745945028029, 0.00083021534374, -0.00416333647445, 0.010783072561, -0.00217169919051, 0.000816387648229, -0.00104333821218, -0.000315741286613, -0.00107362912968, 0.00122057099361], [-0.000349912967067, 0.000685811857693, -0.000867015973199, 0.00108280417044, -0.000859175459482, -0.00046310183825, -0.00217169919051, 0.0091909058392, -0.00230178353377, 0.00205381168053, -0.0011128182523, 0.000504933705088, 0.000285520480247], [0.000422760087531, -0.000194236388779, 0.00160540884826, -0.00064403511351, -0.000688808097038, 0.00171017402317, 0.000816387648229, -0.00230178353377, 0.0143939210102, -0.00769589003175, 0.00365581410006, -0.00170581939165, 0.000640784215648], [-0.000256059051026, 0.00116686313413, -0.00130547361914, 0.000613697688095, -0.00120926438831, -0.00390869472176, -0.00104333821218, 0.00205381168053, -0.00769589003175, 0.0197524279356, -0.0094432272017, 0.00492974696681, -0.00231389864348], [0.000820661021862, -0.00151448708493, 0.00210041250102, -0.00244369497523, 0.00264495122246, 0.00332768843509, -0.000315741286613, -0.0011128182523, 0.00365581410006, -0.0094432272017, 0.0243889428675, -0.0126167219132, 0.00598539412022], [-0.000147931161337, 0.00118737353478, -0.00143842364196, 0.00215591257438, 0.000142189033795, -0.00177148589864, -0.00107362912968, 0.000504933705088, -0.00170581939165, 0.00492974696681, -0.0126167219132, 0.0224878508598, -0.0106016332284], [0.000263891241048, -0.00041325064376, 0.00145105586853, -0.00171317264903, -0.00124926993158, 0.00133595452644, 0.00122057099361, 0.000285520480247, 0.000640784215648, -0.00231389864348, 0.00598539412022, -0.0106016332284, 0.0238459147513]]}, "silence_rate_20dB": {"dvar": 0, "var": 0, "median": 1, "max": 1, "dmean": 0, "dmean2": 0, "mean": 1, "dvar2": 0, "min": 1}, "barkbands_skewness": {"dvar": 0.252279788256, "var": 0.790140151978, "median": 0.643227040768, "max": 8.82637310028, "dmean": 0.455061048269, "dmean2": 0.716247141361, "mean": 0.752999424934, "dvar2": 0.586108505726, "min": -3.03539681435}, "erbbands_skewness": {"dvar": 0.11767373234, "var": 0.42759346962, "median": 0.124436497688, "max": 6.32685375214, "dmean": 0.359057933092, "dmean2": 0.549757540226, "mean": 0.136432737112, "dvar2": 0.266281813383, "min": -3.0153234005}, "spectral_contrast_valleys": {"dvar": [0.16251988709, 0.167844578624, 0.136188074946, 0.129533186555, 0.135611385107, 0.152011632919], "var": [2.01345562935, 1.58762776852, 1.39298677444, 1.30106270313, 1.40909230709, 1.74674963951], "median": [-7.66721439362, -6.5274438858, -6.68519115448, -7.04441928864, -7.0703868866, -9.16647148132], "max": [-5.72596597672, -4.65016078949, -5.19918775558, -5.70561695099, -5.89309406281, -7.3087272644], "dmean": [0.457374960184, 0.398814707994, 0.321113407612, 0.292384237051, 0.297761380672, 0.319143772125], "dmean2": [0.74931371212, 0.639208376408, 0.503865301609, 0.435858845711, 0.407967835665, 0.414194703102], "mean": [-7.98484373093, -6.82684659958, -6.99157238007, -7.33568286896, -7.36399841309, -9.4907207489], "dvar2": [0.368085771799, 0.340475738049, 0.240763902664, 0.195664346218, 0.207285091281, 0.237605750561], "min": [-27.6884536743, -27.5397891998, -27.3698825836, -27.3732776642, -27.5175571442, -27.2274932861]}, "spectral_strongpeak": {"dvar": 1.38563454151, "var": 3.11903882027, "median": 0.644292712212, "max": 13.3776731491, "dmean": 0.777945876122, "dmean2": 1.31418883801, "mean": 1.35838603973, "dvar2": 3.43620586395, "min": 0}, "erbbands_crest": {"dvar": 5.57751226425, "var": 19.0093517303, "median": 7.13206291199, "max": 29.7765922546, "dmean": 2.39032578468, "dmean2": 3.86370897293, "mean": 8.28048706055, "dvar2": 13.4707202911, "min": 2.12572050095}, "barkbands_crest": {"dvar": 5.48711061478, "var": 13.6967716217, "median": 6.98856592178, "max": 25.8351135254, "dmean": 2.50122380257, "dmean2": 4.13760995865, "mean": 7.86314964294, "dvar2": 14.5255937576, "min": 1.78764545918}, "spectral_energyband_middle_low": {"dvar": 3.12637530442e-05, "var": 7.25424179109e-05, "median": 0.0101351309568, "max": 0.0613684691489, "dmean": 0.00460941484198, "dmean2": 0.00749389035627, "mean": 0.0111798169091, "dvar2": 7.93413928477e-05, "min": 2.68420234991e-22}, "spectral_contrast_coeffs": {"dvar": [0.00252605136484, 0.00163699116092, 0.000976679380983, 0.000618289224803, 0.000481427559862, 0.000271088822046], "var": [0.011098771356, 0.00796531420201, 0.00487157469615, 0.0044346190989, 0.00348401977681, 0.00138312927447], "median": [-0.602017760277, -0.761133134365, -0.779511809349, -0.776148855686, -0.770411252975, -0.806346416473], "max": [-0.281441628933, -0.397522389889, -0.451638162136, -0.548681855202, -0.534957170486, -0.666051805019], "dmean": [0.0610798150301, 0.047947820276, 0.0386518351734, 0.0305829122663, 0.0248955991119, 0.0182852186263], "dmean2": [0.102985158563, 0.0784105956554, 0.0628941804171, 0.0487464927137, 0.0382014960051, 0.0292946454138], "mean": [-0.609980165958, -0.74963504076, -0.775328755379, -0.772784590721, -0.772334396839, -0.802856981754], "dvar2": [0.00688607478514, 0.00411186413839, 0.00242260890082, 0.00147598912008, 0.000978672178462, 0.000646725820843], "min": [-0.973941385746, -0.971532523632, -0.979112565517, -0.960550487041, -0.965796589851, -0.96389490366]}, "hfc": {"dvar": 86.7115783691, "var": 468.407043457, "median": 29.5259609222, "max": 178.689041138, "dmean": 8.27223587036, "dmean2": 10.719701767, "mean": 31.4107952118, "dvar2": 154.876235962, "min": 1.13914721454e-16}, "spectral_energyband_high": {"dvar": 6.5295978402e-07, "var": 1.97045665118e-06, "median": 0.000837466795929, "max": 0.0179229713976, "dmean": 0.000564081477933, "dmean2": 0.00071343802847, "mean": 0.0013199809473, "dvar2": 1.21762604977e-06, "min": 7.26785443114e-21}, "erbbands_spread": {"dvar": 62.3369789124, "var": 331.973846436, "median": 32.5748672485, "max": 160.570556641, "dmean": 7.5822224617, "dmean2": 11.5013608932, "mean": 36.4972686768, "dvar2": 137.476623535, "min": 1.79707467556}, "dissonance": {"dvar": 0.000205548072699, "var": 0.000412547582528, "median": 0.481514930725, "max": 0.499999970198, "dmean": 0.0139457713813, "dmean2": 0.0236650016159, "mean": 0.476157188416, "dvar2": 0.000539249624126, "min": 0.278741717339}, "spectral_kurtosis": {"dvar": 4.56419658661, "var": 20.4636974335, "median": 3.75684690475, "max": 83.493812561, "dmean": 1.24748897552, "dmean2": 1.96446442604, "mean": 4.32237863541, "dvar2": 12.5250864029, "min": -1.25026631355}, "spectral_skewness": {"dvar": 0.0416397117078, "var": 0.174603044987, "median": 1.59556829929, "max": 5.69078874588, "dmean": 0.181875571609, "dmean2": 0.275412946939, "mean": 1.59453964233, "dvar2": 0.0991803482175, "min": -0.0205261874944}, "pitch_salience": {"dvar": 0.0043197022751, "var": 0.0123270740733, "median": 0.613021492958, "max": 0.950083196163, "dmean": 0.0686639025807, "dmean2": 0.114619106054, "mean": 0.607395887375, "dvar2": 0.0116471014917, "min": 0.105205744505}, "spectral_complexity": {"dvar": 22.3263759613, "var": 142.133361816, "median": 26, "max": 52, "dmean": 4.37597179413, "dmean2": 6.22506856918, "mean": 23.6579265594, "dvar2": 38.2593917847, "min": 0}, "spectral_spread": {"dvar": 666460749824, "var": 4460379635710.0, "median": 5386216, "max": 41569148, "dmean": 692758.1875, "dmean2": 968816.125, "mean": 5528214.5, "dvar2": 1244042493950.0, "min": 702438.875}, "dynamic_complexity": 3.78142809868, "melbands_crest": {"dvar": 11.0386886597, "var": 23.9726428986, "median": 10.4043626785, "max": 36.0190849304, "dmean": 3.51221942902, "dmean2": 5.9658665657, "mean": 11.3892307281, "dvar2": 31.0912055969, "min": 1.74845612049}, "zerocrossingrate": {"dvar": 0.00028350087814, "var": 0.0020057791844, "median": 0.0869140625, "max": 0.5263671875, "dmean": 0.0144175849855, "dmean2": 0.0165604632348, "mean": 0.0963730961084, "dvar2": 0.000410572974943, "min": 0.00634765625}, "spectral_energyband_low": {"dvar": 5.14114299222e-06, "var": 1.23291438285e-05, "median": 0.00189531291835, "max": 0.0271213054657, "dmean": 0.00147993268911, "dmean2": 0.00245840940624, "mean": 0.00301448395476, "dvar2": 1.33576086228e-05, "min": 3.92543276444e-23}, "melbands_kurtosis": {"dvar": 146.312896729, "var": 251.642623901, "median": 2.40368771553, "max": 415.055450439, "dmean": 3.9321706295, "dmean2": 6.36707258224, "mean": 5.77353334427, "dvar2": 351.045501709, "min": -1.83242499828}, "spectral_energyband_middle_high": {"dvar": 9.24934556679e-06, "var": 6.06761786912e-05, "median": 0.00799665413797, "max": 0.0531370565295, "dmean": 0.00255876593292, "dmean2": 0.00375777296722, "mean": 0.00935521163046, "dvar2": 1.97594490601e-05, "min": 1.19413174555e-21}, "barkbands_spread": {"dvar": 60.1488571167, "var": 197.002426147, "median": 27.6830539703, "max": 110.947387695, "dmean": 6.77760267258, "dmean2": 10.2096233368, "mean": 29.9245548248, "dvar2": 133.133743286, "min": 0.773375689983}, "mfcc": {"mean": [-626.768371582, 93.9143753052, -12.9531440735, 3.17810297012, 7.04860019684, -3.82896900177, -2.24684619904, 2.75042152405, -2.60187888145, -2.63110351562, -3.76196908951, -4.61844444275, -4.46056079865], "cov": [[11959.1318359, 628.782897949, 179.598510742, 339.222869873, 193.369857788, -363.543823242, -159.392288208, -89.4259338379, 47.1886062622, -68.8591308594, -245.702392578, -280.11541748, -297.655181885], [628.782897949, 941.452026367, -244.430633545, 105.298294067, 37.9037475586, -52.9653129578, -33.1862068176, -28.2463512421, -32.7112312317, -43.0494995117, -36.6849327087, -24.9431171417, -41.1595420837], [179.598510742, -244.430633545, 820.906555176, 96.7881469727, 72.9714508057, 78.3657608032, 100.559104919, 23.4393062592, 20.7248249054, 9.78309726715, 5.6213517189, -16.6056594849, -6.98513174057], [339.222869873, 105.298294067, 96.7881469727, 338.782897949, 86.5037612915, -18.1406288147, -17.1083431244, -23.343290329, -38.1677284241, 16.5867023468, -37.6690292358, -41.606880188, 8.63039684296], [193.369857788, 37.9037475586, 72.9714508057, 86.5037612915, 204.300231934, 52.9110603333, 18.5423412323, 4.10751199722, 52.5587120056, 24.1805820465, -18.9732875824, -5.42929792404, 6.88127756119], [-363.543823242, -52.9653129578, 78.3657608032, -18.1406288147, 52.9110603333, 222.801605225, 86.6321716309, 6.9226231575, 73.2112426758, 15.9581613541, 23.0301513672, 39.3718948364, 8.55995178223], [-159.392288208, -33.1862068176, 100.559104919, -17.1083431244, 18.5423412323, 86.6321716309, 170.399597168, 49.9057121277, 39.3019523621, 22.058965683, 22.6537914276, 14.2771635056, 0.268497377634], [-89.4259338379, -28.2463512421, 23.4393062592, -23.343290329, 4.10751199722, 6.9226231575, 49.9057121277, 98.6219406128, 27.8459033966, 3.83074951172, 16.2044906616, 1.08107066154, 5.66963386536], [47.1886062622, -32.7112312317, 20.7248249054, -38.1677284241, 52.5587120056, 73.2112426758, 39.3019523621, 27.8459033966, 135.583648682, 39.5367279053, 7.40197515488, 23.1230506897, -0.322342634201], [-68.8591308594, -43.0494995117, 9.78309726715, 16.5867023468, 24.1805820465, 15.9581613541, 22.058965683, 3.83074951172, 39.5367279053, 86.0339126587, 22.4208450317, 6.81896114349, 13.2699022293], [-245.702392578, -36.6849327087, 5.6213517189, -37.6690292358, -18.9732875824, 23.0301513672, 22.6537914276, 16.2044906616, 7.40197515488, 22.4208450317, 86.609413147, 38.6056861877, 2.58536481857], [-280.11541748, -24.9431171417, -16.6056594849, -41.606880188, -5.42929792404, 39.3718948364, 14.2771635056, 1.08107066154, 23.1230506897, 6.81896114349, 38.6056861877, 77.70337677, 20.3067874908], [-297.655181885, -41.1595420837, -6.98513174057, 8.63039684296, 6.88127756119, 8.55995178223, 0.268497377634, 5.66963386536, -0.322342634201, 13.2699022293, 2.58536481857, 20.3067874908, 72.9327392578]], "icov": [[0.000111935667519, -4.11741093558e-05, -3.64407715097e-05, -6.03163280175e-05, -6.48011045996e-05, 0.000207463905099, 7.53438882839e-07, 8.88912545634e-05, -0.000214424770093, 6.22503139311e-05, 0.00011607457418, 0.000147166327224, 0.000354732852429], [-4.11741093558e-05, 0.00135202636011, 0.000509604171384, -0.000505784177221, -0.000315075623803, 0.000177986308699, -0.000329636764945, 0.00021170573018, 1.46498032336e-05, 0.000726851576474, -5.18461547472e-06, -0.000155523055582, 0.000608529197052], [-3.64407715097e-05, 0.000509604171384, 0.0016064485535, -0.000559598614927, -0.000365078245522, -0.000207951074117, -0.000877783400938, 8.88758149813e-05, 2.15479431063e-05, 0.000533784274012, -0.000365629646694, 0.000386024446925, 0.000222577626118], [-6.03163280175e-05, -0.000505784177221, -0.000559598614927, 0.00436487561092, -0.00165336637292, -0.000256796105532, 0.000394822040107, 0.000203402029001, 0.00214180047624, -0.00185602332931, 0.000965446699411, 0.00106218492147, -0.000915645505302], [-6.48011045996e-05, -0.000315075623803, -0.000365078245522, -0.00165336637292, 0.00698996149004, -0.00125723110978, 0.000378710363293, -0.000286362657789, -0.00241712154821, -0.000756216410082, 0.00115896691568, 0.00016296155809, -0.000732230895665], [0.000207463905099, 0.000177986308699, -0.000207951074117, -0.000256796105532, -0.00125723110978, 0.00792024470866, -0.00349928275682, 0.0026221354492, -0.00367205147631, 0.00204106490128, -0.000939390971325, -0.00149576901458, 1.78824084287e-05], [7.53438882839e-07, -0.000329636764945, -0.000877783400938, 0.000394822040107, 0.000378710363293, -0.00349928275682, 0.00957905687392, -0.00461509870365, 0.000817683234345, -0.00236882665195, 0.000114077731268, -0.000302813859889, 0.000899612845387], [8.88912545634e-05, 0.00021170573018, 8.88758149813e-05, 0.000203402029001, -0.000286362657789, 0.0026221354492, -0.00461509870365, 0.014184044674, -0.0040860818699, 0.00318237440661, -0.0035800030455, 0.00311856623739, -0.00223816279322], [-0.000214424770093, 1.46498032336e-05, 2.15479431063e-05, 0.00214180047624, -0.00241712154821, -0.00367205147631, 0.000817683234345, -0.0040860818699, 0.0139739671722, -0.00659476779401, 0.00350729282945, -0.00388267380185, 0.00207382999361], [6.22503139311e-05, 0.000726851576474, 0.000533784274012, -0.00185602332931, -0.000756216410082, 0.00204106490128, -0.00236882665195, 0.00318237440661, -0.00659476779401, 0.0176027156413, -0.00644682208076, 0.00339667801745, -0.00342098902911], [0.00011607457418, -5.18461547472e-06, -0.000365629646694,