{"tonal": {"hpcp": {"dvar": [0.0193467177451, 0.0232441592962, 0.0275624897331, 0.0323958769441, 0.024336880073, 0.0135465459898, 0.0134079623967, 0.0147645566612, 0.0261930469424, 0.0302434843034, 0.0258547700942, 0.0282532442361, 0.0320621319115, 0.0251036584377, 0.0192063283175, 0.0222633033991, 0.0345246866345, 0.0508514232934, 0.0502940788865, 0.0500231049955, 0.0478423163295, 0.0395712964237, 0.0415808670223, 0.0537436157465, 0.047498062253, 0.0355432890356, 0.037085365504, 0.0374617949128, 0.039808049798, 0.041694086045, 0.0407577380538, 0.0422535464168, 0.0419740267098, 0.0526939369738, 0.0408266894519, 0.0310054067522], "var": [0.013530343771, 0.0151466922835, 0.0419788137078, 0.0920840129256, 0.0439255349338, 0.0122942216694, 0.00993823911995, 0.0141212297603, 0.0423065163195, 0.0650760605931, 0.0355630069971, 0.0471423342824, 0.0979763939977, 0.0438416823745, 0.0137697830796, 0.0164230465889, 0.0284173339605, 0.0829275399446, 0.121584244072, 0.0674981325865, 0.0382015481591, 0.0295363534242, 0.0357145108283, 0.0643265321851, 0.0835935696959, 0.0432740151882, 0.028503337875, 0.0293583497405, 0.0301485601813, 0.0432886630297, 0.0617655776441, 0.0389170609415, 0.067214794457, 0.14544776082, 0.066125921905, 0.0247784014791], "median": [0.00907822791487, 0.0087827257812, 0.0295089576393, 0.0488374009728, 0.0383415557444, 0.0123563790694, 0.00771111948416, 0.0105577241629, 0.0281319599599, 0.0359435006976, 0.0302587039769, 0.0317650362849, 0.028883844614, 0.0177477244288, 0.00908483471721, 0.00884702056646, 0.0132026122883, 0.0470210015774, 0.0761862099171, 0.0446323007345, 0.0104758357629, 0.0110112139955, 0.0172583851963, 0.0261282920837, 0.0239598676562, 0.013216775842, 0.00732124783099, 0.00586826028302, 0.00662723276764, 0.012138042599, 0.0152166904882, 0.0206333491951, 0.108603872359, 0.154320031404, 0.0963624343276, 0.0158124491572], "max": [1, 1, 1, 1, 1, 1, 1, 1, 1, 1, 1, 1, 1, 1, 1, 1, 1, 1, 1, 1, 1, 1, 1, 1, 1, 1, 1, 1, 1, 1, 1, 1, 1, 1, 1, 1], "dmean": [0.0551740601659, 0.0607571192086, 0.0881760492921, 0.103232696652, 0.0889344662428, 0.0515011698008, 0.042905267328, 0.0505272597075, 0.0807100683451, 0.0904685780406, 0.0861071124673, 0.0951412469149, 0.0917734801769, 0.0801100060344, 0.0546596981585, 0.0600877292454, 0.0977050364017, 0.144369468093, 0.139964655042, 0.145012512803, 0.112900786102, 0.0963615998626, 0.110967107117, 0.14376911521, 0.125434324145, 0.100015826523, 0.0889616832137, 0.0863610357046, 0.0933648943901, 0.108617536724, 0.107409305871, 0.123805873096, 0.154630973935, 0.152087032795, 0.141029164195, 0.0864659100771], "dmean2": [0.101330853999, 0.113203719258, 0.152612641454, 0.17249751091, 0.146087422967, 0.0904675573111, 0.0784324333072, 0.0886921137571, 0.137437224388, 0.154380872846, 0.149829015136, 0.165230646729, 0.155016049743, 0.138807550073, 0.100890465081, 0.110981330276, 0.17522674799, 0.252564668655, 0.238468050957, 0.251472055912, 0.206016182899, 0.175731346011, 0.196790352464, 0.251022040844, 0.220929294825, 0.176390483975, 0.162488713861, 0.159199550748, 0.169346883893, 0.197893023491, 0.193632647395, 0.227316826582, 0.269966185093, 0.25855115056, 0.244016990066, 0.158330887556], "mean": [0.0427420064807, 0.0463040061295, 0.124083951116, 0.203522741795, 0.135856419802, 0.0475041531026, 0.0344539470971, 0.0460230894387, 0.108289308846, 0.145214706659, 0.105589561164, 0.134075731039, 0.187564983964, 0.115807779133, 0.0438982285559, 0.0470157265663, 0.0807603746653, 0.197385340929, 0.266437739134, 0.174950763583, 0.0866225585341, 0.0728918388486, 0.0920372009277, 0.149670317769, 0.165350928903, 0.10502910614, 0.0673963874578, 0.0640216395259, 0.0680666491389, 0.101136259735, 0.122841231525, 0.107536673546, 0.226889252663, 0.34894824028, 0.218204170465, 0.0700464770198], "dvar2": [0.0541070066392, 0.0667723044753, 0.0741605237126, 0.0771312117577, 0.0613964386284, 0.0362335592508, 0.0367906056345, 0.0387240387499, 0.0664141774178, 0.0741078183055, 0.0686556324363, 0.0745925828815, 0.0752960368991, 0.0674709975719, 0.0547406300902, 0.0623072013259, 0.0951975956559, 0.138711601496, 0.12200769037, 0.132606044412, 0.132253542542, 0.111067011952, 0.111436262727, 0.140089303255, 0.119996294379, 0.0962312668562, 0.102362841368, 0.102420456707, 0.109318494797, 0.116012178361, 0.109667576849, 0.119562834501, 0.116146758199, 0.122056432068, 0.112781599164, 0.0850863158703], "min": [0, 0, 0, 0, 0, 0, 0, 0, 0, 0, 0, 0, 0, 0, 0, 0, 0, 0, 0, 0, 0, 0, 0, 0, 0, 0, 0, 0, 0, 0, 0, 0, 0, 0, 0, 0]}, "key_key": "G#", "thpcp": [1, 0.625319600105, 0.200736016035, 0.122488096356, 0.132695913315, 0.355594158173, 0.583246231079, 0.389331161976, 0.136135235429, 0.0987365543842, 0.131890878081, 0.310330569744, 0.416149705648, 0.302593767643, 0.384228140116, 0.537515223026, 0.331876665354, 0.125801548362, 0.134735524654, 0.23143941164, 0.565657913685, 0.763545155525, 0.501365959644, 0.248238995671, 0.208890110254, 0.263756036758, 0.428918391466, 0.473855167627, 0.300987631083, 0.193141505122, 0.183470308781, 0.195062309504, 0.289831697941, 0.35203281045, 0.308173716068, 0.650208890438], "chords_key": "G#", "tuning_equal_tempered_deviation": 0.0308934878558, "tuning_frequency": 441.272583008, "tuning_diatonic_strength": 0.62273389101, "chords_histogram": [46.0751724243, 2.32677054405, 4.09102535248, 0.25568908453, 0.818205058575, 0.332395792007, 0, 0, 0, 0, 0, 0, 0, 0, 0.460240334272, 9.30708217621, 0, 0.153413444757, 0, 2.96599340439, 0, 10.5343904495, 11.1224746704, 11.5571460724], "key_strength": 0.874320268631, "key_scale": "major", "chords_strength": {"dvar": 0.000541548419278, "var": 0.0192993916571, "median": 0.491192489862, "max": 0.762856781483, "dmean": 0.0101878624409, "dmean2": 0.00961359031498, "mean": 0.491251051426, "dvar2": 0.000985033228062, "min": -1}, "chords_number_rate": 0.00204551266506, "tuning_nontempered_energy_ratio": 0.685343563557, "hpcp_entropy": {"dvar": 0.299388766289, "var": 0.643903672695, "median": 1.9763225317, "max": 4.49520730972, "dmean": 0.605710148811, "dmean2": 1.00004076958, "mean": 1.98710393906, "dvar2": 0.780042767525, "min": 0}, "chords_changes_rate": 0.0590641796589, "chords_scale": "major"}, "rhythm": {"bpm_histogram_first_peak_spread": {"dvar": 0, "var": 0, "median": 0.36274510622, "max": 0.36274510622, "dmean": 0, "dmean2": 0, "mean": 0.36274510622, "dvar2": 0, "min": 0.36274510622}, "bpm_histogram_first_peak_weight": {"dvar": 0, "var": 0, "median": 0.598159492016, "max": 0.598159492016, "dmean": 0, "dmean2": 0, "mean": 0.598159492016, "dvar2": 0, "min": 0.598159492016}, "bpm_histogram_first_peak_bpm": {"dvar": 0, "var": 0, "median": 108, "max": 108, "dmean": 0, "dmean2": 0, "mean": 108, "dvar2": 0, "min": 108}, "bpm": 108.090904236, "bpm_histogram_second_peak_weight": {"dvar": 0, "var": 0, "median": 0.0122699383646, "max": 0.0122699383646, "dmean": 0, "dmean2": 0, "mean": 0.0122699383646, "dvar2": 0, "min": 0.0122699383646}, "beats_loudness": {"dvar": 0.000310566305416, "var": 0.000516548519954, "median": 0.0419053174555, "max": 0.120800361037, "dmean": 0.0225291214883, "dmean2": 0.0402661710978, "mean": 0.0435731075704, "dvar2": 0.000946236366872, "min": 1.51367407497e-09}, "beats_loudness_band_ratio": {"dvar": [0.0202891211957, 0.00922795850784, 0.00927632395178, 0.00451044784859, 0.0030466534663, 0.0123575432226], "var": [0.0370605401695, 0.0119607187808, 0.0131242182106, 0.00436195125803, 0.00277368351817, 0.0104949697852], "median": [0.573662936687, 0.156039908528, 0.0900265425444, 0.0322879590094, 0.0398076362908, 0.105270199478], "max": [1, 0.663055419922, 0.643200695515, 0.438206523657, 0.543914616108, 0.79868221283], "dmean": [0.187684327364, 0.114128790796, 0.0957428514957, 0.0507151670754, 0.0461764335632, 0.0863511413336], "dmean2": [0.326242148876, 0.19531391561, 0.165054619312, 0.089118912816, 0.082874327898, 0.157229572535], "mean": [0.543537676334, 0.174751549959, 0.128539681435, 0.0547518245876, 0.0515511073172, 0.122467882931], "dvar2": [0.0571969151497, 0.0261831656098, 0.0264963116497, 0.0125744715333, 0.00898145139217, 0.034845598042], "min": [0.114005170763, 1.88345034013e-11, 2.18653805999e-12, 2.65425078834e-13, 3.53402237216e-14, 3.70753571615e-14]}, "bpm_histogram_second_peak_bpm": {"dvar": 0, "var": 0, "median": 103, "max": 103, "dmean": 0, "dmean2": 0, "mean": 103, "dvar2": 0, "min": 103}, "onset_rate": 4.21879482269, "beats_count": 327, "beats_position": [0.603718817234, 1.24226760864, 1.84598636627, 2.4497051239, 3.06503391266, 3.64553284645, 4.21442174911, 4.77170038223, 5.32897949219, 5.89786815643, 6.45514726639, 7.01242637634, 7.56970500946, 8.12698364258, 8.67265319824, 9.22993183136, 9.79882049561, 10.3560991287, 10.9133787155, 11.4706573486, 12.0279359818, 12.5852155685, 13.1424942017, 13.6997728348, 14.2570514679, 14.8143310547, 15.3716096878, 15.9288883209, 16.4861679077, 17.0434455872, 17.600725174, 18.1580047607, 18.7152824402, 19.272562027, 19.8298416138, 20.3871192932, 20.94439888, 21.5132884979, 22.0821762085, 22.6394557953, 23.1967334747, 23.7540130615, 24.3112926483, 24.8685703278, 25.4258499146, 25.9831295013, 26.5287971497, 27.0860767365, 27.6549663544, 28.2122440338, 28.7695236206, 29.3268013, 29.8840808868, 30.4413604736, 30.9986381531, 31.5559177399, 32.1131973267, 32.6704750061, 33.2277526855, 33.7850341797, 34.3423118591, 34.8995895386, 35.4568710327, 36.0141487122, 36.5714263916, 37.1287078857, 37.6859855652, 38.2432632446, 38.8005447388, 39.3578224182, 39.9151000977, 40.4723815918, 41.0296592712, 41.5869369507, 42.1442184448, 42.7014961243, 43.2355537415, 43.7812232971, 44.3268928528, 44.8841705322, 45.4414520264, 46.0103378296, 46.5792274475, 47.1365089417, 47.7053947449, 48.262676239, 48.8199539185, 49.3656234741, 49.9229011536, 50.480178833, 51.0374603271, 51.5947380066, 52.152015686, 52.7092971802, 53.2665748596, 53.8006324768, 54.3579139709, 54.9151916504, 55.4608612061, 55.9949188232, 56.5405883789, 57.0978660583, 57.6319274902, 58.1892051697, 58.7464828491, 59.3037643433, 59.8610420227, 60.4183197021, 60.9756011963, 61.5328788757, 62.0901565552, 62.6358261108, 63.1814956665, 63.7387733459, 64.2960510254, 64.8533325195, 65.4106140137, 65.9678878784, 66.5135574341, 67.0592269897, 67.6397247314, 68.1970062256, 68.7542877197, 69.3115615845, 69.8688430786, 70.4377288818, 71.0066223145, 71.5638961792, 72.1211776733, 72.6900634766, 73.2357330322, 73.7814025879, 74.3502960205, 74.9075698853, 75.4532394409, 76.0105209351, 76.5794067383, 77.1366882324, 77.6939697266, 78.2512435913, 78.8085250854, 79.3774108887, 79.9463043213, 80.503578186, 81.0608596802, 81.6181411743, 82.1754150391, 82.7210845947, 83.2667541504, 83.8240356445, 84.3929214478, 84.9502029419, 85.5190887451, 86.0763702393, 86.6452560425, 87.2141494751, 87.7714233398, 88.328704834, 88.8859863281, 89.4432601929, 90.000541687, 90.5578231812, 91.1150970459, 91.6491622925, 92.2064361572, 92.7637176514, 93.3209991455, 93.8782730103, 94.4239425659, 94.9696121216, 95.5036697388, 96.0493392944, 96.5950088501, 97.1522903442, 97.6863479614, 98.2436294556, 98.8009033203, 99.3581848145, 99.9154663086, 100.472740173, 101.030021667, 101.587303162, 102.132965088, 102.678634644, 103.21269989, 103.746757507, 104.280815125, 104.814872742, 105.360542297, 105.929428101, 106.486709595, 107.055595398, 107.624488831, 108.181770325, 108.727432251, 109.273101807, 109.830383301, 110.387664795, 110.933334351, 111.479003906, 112.036277771, 112.581947327, 113.127616882, 113.684898376, 114.242172241, 114.799453735, 115.356735229, 115.914009094, 116.45967865, 117.005348206, 117.551017761, 118.096687317, 118.642356873, 119.188026428, 119.745300293, 120.302581787, 120.87147522, 121.428749084, 121.97441864, 122.531700134, 123.112197876, 123.66947937, 124.226753235, 124.784034729, 125.341316223, 125.898590088, 126.444259644, 126.989929199, 127.547210693, 128.104492188, 128.661773682, 129.219039917, 129.776321411, 130.333602905, 130.879272461, 131.424942017, 131.982223511, 132.539505005, 133.085174561, 133.630844116, 134.188110352, 134.745391846, 135.30267334, 135.859954834, 136.417236328, 136.974502563, 137.531784058, 138.089065552, 138.646347046, 139.20362854, 139.760910034, 140.31817627, 140.875457764, 141.432739258, 141.990020752, 142.535690308, 143.092971802, 143.650253296, 144.195922852, 144.741577148, 145.287246704, 145.83291626, 146.378585815, 146.93586731, 147.493148804, 148.050430298, 148.607711792, 149.153381348, 149.710647583, 150.256317139, 150.813598633, 151.370880127, 151.928161621, 152.473831177, 153.019500732, 153.541946411, 154.076004028, 154.656509399, 155.225387573, 155.782669067, 156.328338623, 156.86239624, 157.408065796, 157.953735352, 158.499404907, 159.056686401, 159.613967896, 160.17124939, 160.728515625, 161.274185181, 161.819854736, 162.353912354, 162.911193848, 163.48008728, 164.048980713, 164.606262207, 165.175140381, 165.732421875, 166.301315308, 166.858596802, 167.415863037, 167.961532593, 168.507202148, 169.064483643, 169.621765137, 170.167434692, 170.713104248, 171.247161865, 171.804443359, 172.350112915, 172.919006348, 173.476272583, 174.045166016, 174.60244751, 175.171340942, 175.682174683, 176.193008423, 176.703857422, 177.14503479, 177.586212158, 178.027389526, 178.468566895, 178.921356201, 179.374145508, 179.826934814, 180.360992432, 180.88343811], "danceability": 1.09884285927, "bpm_histogram_second_peak_spread": {"dvar": 0, "var": 0, "median": 0.33333337307, "max": 0.33333337307, "dmean": 0, "dmean2": 0, "mean": 0.33333337307, "dvar2": 0, "min": 0.33333337307}}, "lowlevel": {"spectral_flux": {"dvar": 0.00119422154967, "var": 0.00259705563076, "median": 0.0716927945614, "max": 0.347148150206, "dmean": 0.0271767843515, "dmean2": 0.0425253845751, "mean": 0.082235366106, "dvar2": 0.00227495352738, "min": 6.42579670029e-11}, "spectral_rolloff": {"dvar": 1871581.5, "var": 4434638.5, "median": 645.99609375, "max": 20478.0761719, "dmean": 714.662536621, "dmean2": 1204.53967285, "mean": 1522.03540039, "dvar2": 3889783, "min": 21.533203125}, "barkbands_flatness_db": {"dvar": 0.000715600675903, "var": 0.0106744207442, "median": 0.119370535016, "max": 1, "dmean": 0.0224990472198, "dmean2": 0.0341987162828, "mean": 0.136161029339, "dvar2": 0.00140556972474, "min": 0.0200607255101}, "spectral_centroid": {"dvar": 157016.421875, "var": 636523.9375, "median": 1147.4440918, "max": 11051.609375, "dmean": 311.845062256, "dmean2": 485.411376953, "mean": 1319.60852051, "dvar2": 325532.5625, "min": 110.515640259}, "melbands_skewness": {"dvar": 4700787, "var": 91671840, "median": 3.61250019073, "max": 100475.742188, "dmean": 78.6906967163, "dmean2": 150.325637817, "mean": 983.06237793, "dvar2": 9444553, "min": -0.188938781619}, "melbands": {"dvar": [3.02923967865e-06, 8.85007102625e-06, 5.72451654079e-06, 2.04534694603e-06, 6.01589604798e-08, 3.09865129111e-08, 6.37849311147e-08, 6.03539689337e-08, 2.35044925745e-08, 1.04000106305e-08, 7.2558146158e-09, 4.06960909416e-09, 1.96271865427e-09, 1.37158451263e-09, 3.48084272517e-09, 4.58198590181e-09, 1.32096933392e-09, 7.44566630573e-10, 6.7580629981e-10, 7.62356844319e-10, 3.41529610148e-10, 7.56348428332e-10, 4.60758403653e-10, 1.25577076515e-10, 1.19648999042e-10, 3.71391639664e-10, 2.43517372933e-10, 2.34093772145e-10, 2.17449058759e-10, 3.47166850823e-10, 2.10145637003e-10, 9.26733967344e-11, 1.08397388288e-10, 1.125038257e-10, 2.2745054451e-10, 2.8461327739e-10, 3.33886723825e-10, 2.19085083408e-10, 1.17926307608e-10, 3.26330074074e-11], "var": [1.96558949028e-06, 7.83725408837e-06, 1.05077151602e-05, 3.10786822411e-06, 1.49078189793e-07, 4.95161032177e-08, 1.88294791315e-07, 2.20321638267e-07, 1.35931713885e-07, 6.03954291023e-08, 2.61624766296e-08, 1.35504771848e-08, 9.64368940259e-09, 7.9008257714e-09, 1.0384636262e-08, 9.74876623872e-09, 4.71982186667e-09, 1.59982627146e-09, 2.07155226306e-09, 1.2805869698e-09, 1.14912634963e-09, 3.02465097413e-09, 9.73067071364e-10, 2.3445759223e-10, 1.46836556802e-10, 4.78817097083e-10, 3.97771426908e-10, 3.56265295043e-10, 3.37398137207e-10, 3.42856187885e-10, 2.17631399013e-10, 1.28259125542e-10, 1.25256111039e-10, 2.18070089764e-10, 5.24217391717e-10, 4.81163220378e-10, 5.97634886024e-10, 4.88986406921e-10, 2.38936481711e-10, 8.16105030776e-11], "median": [0.000336713914294, 0.00122208637185, 0.00214435323142, 0.00111716135871, 0.000212253653444, 0.000118319236208, 0.000203686300665, 0.00012775711366, 4.34335743194e-05, 8.20128479972e-06, 1.87129990081e-05, 2.59083753917e-05, 1.66734935192e-05, 7.05723687133e-06, 1.63189724844e-05, 1.42631597555e-05, 8.24757808005e-06, 8.60500040289e-06, 7.1966642281e-06, 1.01097066363e-05, 6.63843547954e-06, 8.42789177113e-06, 8.38936102809e-06, 5.75094873057e-06, 4.28405428465e-06, 6.70805366099e-06, 7.79378115112e-06, 5.8895152506e-06, 4.8574165703e-06, 3.52048164132e-06, 3.78131130674e-06, 3.10126006298e-06, 2.54785118159e-06, 2.32513207266e-06, 1.79952769486e-06, 1.18071625366e-06, 6.18890567239e-07, 6.55124438254e-07, 5.55313704353e-07, 4.88645468977e-07], "max": [0.0184332802892, 0.0413167923689, 0.0401614196599, 0.0191949810833, 0.0045136990957, 0.00368412490934, 0.00457887351513, 0.00538944266737, 0.00391991436481, 0.00233642710373, 0.00277134031057, 0.00183636974543, 0.00109015032649, 0.0014641629532, 0.00265481253155, 0.00349621800706, 0.00106907251757, 0.000545618415345, 0.000612850359175, 0.000635354605038, 0.000580999068916, 0.0012086299248, 0.000871697382536, 0.000227848780924, 0.000264558446361, 0.000451227970188, 0.00042734091403, 0.000314024218824, 0.000314023229294, 0.000329045113176, 0.000211495760595, 0.000182426199899, 0.00016406494251, 0.000259967840975, 0.00035631924402, 0.000561742810532, 0.000637190416455, 0.00065561325755, 0.000370276684407, 0.000168870901689], "dmean": [0.000680046039633, 0.00143058621325, 0.00156563031487, 0.000864854082465, 0.000157955641043, 9.08815127332e-05, 0.000153848333866, 0.000131444612634, 6.57151831547e-05, 3.51485796273e-05, 2.97061596939e-05, 2.77506915154e-05, 2.0140547349e-05, 1.25410588225e-05, 2.27411401283e-05, 2.41045545408e-05, 1.30631660795e-05, 1.22142209875e-05, 1.04188584373e-05, 1.25002079585e-05, 8.14628674561e-06, 1.15172124424e-05, 9.38278481044e-06, 5.82198617849e-06, 4.77030062029e-06, 8.39161111799e-06, 7.79032689024e-06, 6.83495636622e-06, 6.51985556033e-06, 6.46587386655e-06, 6.06083676757e-06, 4.42832333647e-06, 4.32689512309e-06, 4.10575148635e-06, 4.06354502047e-06, 3.44650879924e-06, 3.15138254336e-06, 2.7456828775e-06, 2.23074039241e-06, 1.641887593e-06], "dmean2": [0.00123072520364, 0.00249231909402, 0.00263665360399, 0.00145089125726, 0.000253536127275, 0.000146857462823, 0.000231935919146, 0.00020145488088, 9.69882894424e-05, 4.73222062283e-05, 4.32435081166e-05, 4.08613268519e-05, 2.93749235425e-05, 1.8155295038e-05, 3.35268123308e-05, 3.66769636457e-05, 1.95034499484e-05, 1.8793009076e-05, 1.54805220518e-05, 1.94713011297e-05, 1.26847298816e-05, 1.78054433491e-05, 1.48297449414e-05, 9.42646784097e-06, 7.73320243752e-06, 1.33482499223e-05, 1.24227708511e-05, 1.0817690054e-05, 1.02360554592e-05, 1.0529211977e-05, 9.98443374556e-06, 7.06406899553e-06, 7.00932150721e-06, 6.45824275125e-06, 5.97082498643e-06, 5.1914503274e-06, 4.79624486616e-06, 4.02577279601e-06, 3.28674900629e-06, 2.40832491727e-06], "mean": [0.000688829342835, 0.00209360732697, 0.0030565855559, 0.00162735604681, 0.00033508456545, 0.000189170619706, 0.000361095560947, 0.000302741740597, 0.000170930885361, 8.98513462744e-05, 6.57209384372e-05, 5.87514768995e-05, 4.75456508866e-05, 3.02177395497e-05, 4.48229620815e-05, 4.13433845097e-05, 2.50770062848e-05, 2.10793314182e-05, 1.9380269805e-05, 2.13301791518e-05, 1.52670090756e-05, 2.11438418773e-05, 1.6848103769e-05, 1.05332146632e-05, 8.02087834018e-06, 1.34351921588e-05, 1.38533023346e-05, 1.16795335998e-05, 1.08893609649e-05, 9.0427665782e-06, 8.53483743413e-06, 6.93569336363e-06, 6.32642195342e-06, 6.57921646052e-06, 6.87549845679e-06, 5.56756913284e-06, 4.8088973017e-06, 4.33701143265e-06, 3.40911469721e-06, 2.54524093179e-06], "dvar2": [8.67365270096e-06, 2.54379647231e-05, 1.58478869707e-05, 5.69855956201e-06, 1.52941908027e-07, 8.129821083e-08, 1.51458067421e-07, 1.37571760206e-07, 4.77167176882e-08, 1.83783583907e-08, 1.63787028384e-08, 9.4633190173e-09, 3.96556387727e-09, 3.12229864186e-09, 7.29962135182e-09, 1.05222976998e-08, 2.73927325267e-09, 1.77606307439e-09, 1.35107647292e-09, 1.78769399284e-09, 7.22283732824e-10, 1.61165303325e-09, 1.11699260952e-09, 3.08240794e-10, 3.13669867857e-10, 9.26338727947e-10, 5.88157189618e-10, 5.48451284388e-10, 5.23768806104e-10, 9.09153252682e-10, 5.45696987597e-10, 2.28068494645e-10, 2.81946216374e-10, 2.54410242873e-10, 4.64166871605e-10, 6.96142754553e-10, 7.9725437363e-10, 4.45976117147e-10, 2.40482495029e-10, 6.24547774608e-11], "min": [2.82913477843e-23, 1.4578135329e-23, 2.47343597631e-23, 8.60395285423e-24, 1.56187233268e-23, 1.02898977034e-23, 5.43174278367e-24, 7.05983809607e-24, 9.35943784341e-24, 1.18230173183e-23, 1.91653851587e-23, 1.10536310222e-23, 2.28732317839e-23, 1.03296673371e-23, 7.95561726408e-24, 7.02630125241e-24, 4.66305502394e-24, 5.19189475303e-24, 5.30935929726e-24, 5.88659524845e-24, 4.48952652961e-24, 3.12043002961e-24, 3.67496769154e-24, 4.69339185335e-24, 4.69838376515e-24, 3.65540709653e-24, 5.5975167753e-24, 4.9623334686e-24, 4.3879003402e-24, 6.06239566219e-24, 5.42905907887e-24, 5.13176028066e-24, 6.16851796433e-24, 7.18244759113e-24, 6.06984448129e-24, 5.46117045087e-24, 5.55457039876e-24, 4.24111896372e-24, 6.49312121062e-24, 5.53367938984e-24]}, "spectral_decrease": {"dvar": 1.84693317305e-17, "var": 2.81385933265e-17, "median": -6.88075507682e-09, "max": 1.0090950199e-15, "dmean": 2.82612400149e-09, "dmean2": 4.76475969791e-09, "mean": -7.60396190458e-09, "dvar2": 5.10596225165e-17, "min": -4.8383025586e-08}, "barkbands_kurtosis": {"dvar": 1237.06591797, "var": 1782.47705078, "median": 3.48426127434, "max": 2312.05224609, "dmean": 4.26655006409, "dmean2": 6.74774551392, "mean": 9.69096374512, "dvar2": 2975.22216797, "min": -1.96878814697}, "silence_rate_30dB": {"dvar": 0.00127733440604, "var": 0.00102192896884, "median": 1, "max": 1, "dmean": 0.00127893593162, "dmean2": 0.0025581989903, "mean": 0.998977005482, "dvar2": 0.00306292111054, "min": 0}, "gfcc": {"mean": [4.60942602158, 69.4212188721, -84.6137161255, 39.4707641602, -52.7971115112, 3.19471645355, -35.8726348877, -2.74156928062, -24.861415863, -1.92473101616, -18.0995769501, -7.24504804611, -17.1508255005], "cov": [[22627.4492188, -1162.95373535, -1778.75048828, 1137.5291748, -848.576660156, 147.779891968, -465.805175781, -53.2070579529, -522.224304199, -186.734466553, -542.895629883, -164.585357666, -262.329315186], [-1162.95373535, 1840.40771484, -600.680480957, -227.027038574, 74.3724212646, -126.421310425, 11.762169838, 20.4440441132, 57.6041145325, -6.36203718185, 58.893913269, -41.8483924866, -32.5380363464], [-1778.75048828, -600.680480957, 981.302185059, -18.5728855133, 103.062316895, 59.6136894226, 31.090795517, -22.539894104, 35.9205169678, 51.7073669434, 57.6355400085, 30.2015132904, 37.348323822], [1137.5291748, -227.027038574, -18.5728855133, 499.054077148, -37.935218811, 33.5737342834, -47.6400260925, -36.9380340576, -27.1579685211, -6.2859416008, -36.6649055481, 12.1825990677, 28.2714366913], [-848.576660156, 74.3724212646, 103.062316895, -37.935218811, 304.696014404, -14.7507791519, 11.4018001556, 10.1458282471, 18.9327926636, 9.2002286911, 15.3975944519, 6.22432088852, 17.6294345856], [147.779891968, -126.421310425, 59.6136894226, 33.5737342834, -14.7507791519, 153.230072021, 51.4872512817, 4.01872062683, -23.2221183777, 4.50217676163, 1.56240320206, -0.724424362183, -6.288022995], [-465.805175781, 11.762169838, 31.090795517, -47.6400260925, 11.4018001556, 51.4872512817, 162.234268188, 16.7139472961, 6.37224149704, -1.31510365009, 12.9536275864, 0.880443930626, 0.40163949132], [-53.2070579529, 20.4440441132, -22.539894104, -36.9380340576, 10.1458282471, 4.01872062683, 16.7139472961, 108.067512512, 30.5630817413, 0.425925225019, 3.04355287552, -3.32041358948, -7.55514526367], [-522.224304199, 57.6041145325, 35.9205169678, -27.1579685211, 18.9327926636, -23.2221183777, 6.37224149704, 30.5630817413, 100.87386322, 29.6664848328, 13.9436273575, -1.85756695271, 8.9061832428], [-186.734466553, -6.36203718185, 51.7073669434, -6.2859416008, 9.2002286911, 4.50217676163, -1.31510365009, 0.425925225019, 29.6664848328, 75.231300354, 29.0681648254, 0.788586974144, -4.4950709343], [-542.895629883, 58.893913269, 57.6355400085, -36.6649055481, 15.3975944519, 1.56240320206, 12.9536275864, 3.04355287552, 13.9436273575, 29.0681648254, 80.8494338989, 24.4721889496, 1.02979207039], [-164.585357666, -41.8483924866, 30.2015132904, 12.1825990677, 6.22432088852, -0.724424362183, 0.880443930626, -3.32041358948, -1.85756695271, 0.788586974144, 24.4721889496, 65.7151947021, 29.3756656647], [-262.329315186, -32.5380363464, 37.348323822, 28.2714366913, 17.6294345856, -6.288022995, 0.40163949132, -7.55514526367, 8.9061832428, -4.4950709343, 1.02979207039, 29.3756656647, 69.2874069214]], "icov": [[9.0671259386e-05, 6.65515108267e-05, 0.00015285234258, -0.000122506084153, 0.000116934526886, -5.28336495336e-05, 0.00016656916705, -8.72413802426e-05, 0.00029071883182, -0.000127953229821, 0.000354433548637, -3.53447976522e-05, 0.000261158973444], [6.65515108267e-05, 0.000927864108235, 0.000725754944142, 0.000175205772393, -0.000221107402467, 0.000317928381264, 8.65627680469e-06, 0.000208827477763, -0.000283751141978, 0.000218080560444, -0.000882799446117, 0.000699897005688, 9.98480245471e-05], [0.00015285234258, 0.000725754944142, 0.00187458342407, 3.53579634975e-05, -0.000360743899364, -0.000419532996602, 0.000210590471397, 0.000440774107119, -0.000213456747588, -0.000427778111771, -0.000710962340236, 0.000354520248948, -0.000144854639075], [-0.000122506084153, 0.000175205772393, 3.53579634975e-05, 0.00258353794925, -5.84087938478e-05, -0.000617171113845, 0.00050582876429, 0.000737351074349, -0.000334905111231, -0.000100434903288, 0.000278268591501, -0.000189443686395, -0.00130573043134], [0.000116934526886, -0.000221107402467, -0.000360743899364, -5.84087938478e-05, 0.00379398581572, 0.000272486999165, 4.57825226476e-05, -0.000544267706573, 0.000440480769612, -0.000370246474631, 0.000525030307472, 3.91561616198e-06, -0.00053314701654], [-5.28336495336e-05, 0.000317928381264, -0.000419532996602, -0.000617171113845, 0.000272486999165, 0.00860303267837, -0.00301096518524, -0.00084017921472, 0.00226446823217, -0.00118631136138, -0.00037155582686, 0.000428259256296, 0.000520411180332], [0.00016656916705, 8.65627680469e-06, 0.000210590471397, 0.00050582876429, 4.57825226476e-05, -0.00301096518524, 0.00781640503556, -0.000728487910237, -0.000249814154813, 0.000832493009511, -0.000294285971904, 0.000182060917723, -8.15375242382e-05], [-8.72413802426e-05, 0.000208827477763, 0.000440774107119, 0.000737351074349, -0.000544267706573, -0.00084017921472, -0.000728487910237, 0.011065880768, -0.00445747980848, 0.00169789174106, -0.000664033868816, -0.000304810120724, 0.00132461020257], [0.00029071883182, -0.000283751141978, -0.000213456747588, -0.000334905111231, 0.000440480769612, 0.00226446823217, -0.000249814154813, -0.00445747980848, 0.0151600027457, -0.00600803643465, 0.00138713244814, 0.00140341173392, -0.00212607206777], [-0.000127953229821, 0.000218080560444, -0.000427778111771, -0.000100434903288, -0.000370246474631, -0.00118631136138, 0.000832493009511, 0.00169789174106, -0.00600803643465, 0.0185548793525, -0.00703968433663, 0.00173235498369, 0.00140259123873], [0.000354433548637, -0.000882799446117, -0.000710962340236, 0.000278268591501, 0.000525030307472, -0.00037155582686, -0.000294285971904, -0.000664033868816, 0.00138713244814, -0.00703968433663, 0.0209204219282, -0.00882890727371, 0.00375627214089], [-3.53447976522e-05, 0.000699897005688, 0.000354520248948, -0.000189443686395, 3.91561616198e-06, 0.000428259256296, 0.000182060917723, -0.000304810120724, 0.00140341173392, 0.00173235498369, -0.00882890727371, 0.0230403225869, -0.00962051562965], [0.000261158973444, 9.98480245471e-05, -0.000144854639075, -0.00130573043134, -0.00053314701654, 0.000520411180332, -8.15375242382e-05, 0.00132461020257, -0.00212607206777, 0.00140259123873, 0.00375627214089, -0.00962051562965, 0.020794197917]]}, "silence_rate_20dB": {"dvar": 0, "var": 0, "median": 1, "max": 1, "dmean": 0, "dmean2": 0, "mean": 1, "dvar2": 0, "min": 1}, "barkbands_skewness": {"dvar": 0.730219066143, "var": 4.2646522522, "median": 1.95121574402, "max": 40.6170539856, "dmean": 0.605018377304, "dmean2": 0.952653944492, "mean": 2.20139551163, "dvar2": 1.62239420414, "min": -2.62289261818}, "erbbands_skewness": {"dvar": 0.30929723382, "var": 3.55013775826, "median": 0.238110005856, "max": 16.6365528107, "dmean": 0.359500706196, "dmean2": 0.532979011536, "mean": 0.385506778955, "dvar2": 0.598533689976, "min": -4.3999838829}, "spectral_contrast_valleys": {"dvar": [0.205576434731, 0.14972448349, 0.150782585144, 0.142065107822, 0.152036890388, 0.208354905248], "var": [4.25023031235, 4.61315727234, 4.40723991394, 4.59634160995, 5.19578170776, 4.7386507988], "median": [-7.01718997955, -6.86305189133, -7.88896274567, -7.85265731812, -7.3515253067, -9.60499763489], "max": [-5.01403808594, -4.85795116425, -5.5774230957, -6.06780910492, -5.45426082611, -6.9526515007], "dmean": [0.45196211338, 0.348198592663, 0.344005435705, 0.31405633688, 0.293772876263, 0.36136162281], "dmean2": [0.746302604675, 0.539598584175, 0.525573968887, 0.467326819897, 0.417893588543, 0.457127034664], "mean": [-7.33980941772, -7.15676403046, -8.20267105103, -8.20240306854, -7.75252103806, -9.98627281189], "dvar2": [0.470744997263, 0.283856928349, 0.284243643284, 0.245666131377, 0.259167551994, 0.333921700716], "min": [-27.5595855713, -27.1423187256, -27.0607795715, -27.4105033875, -27.3342666626, -27.326292038]}, "spectral_strongpeak": {"dvar": 0.373055875301, "var": 0.542973220348, "median": 0.577217876911, "max": 10.8423814774, "dmean": 0.345526129007, "dmean2": 0.59232801199, "mean": 0.74308180809, "dvar2": 1.00488269329, "min": 0}, "erbbands_crest": {"dvar": 4.86435985565, "var": 25.304309845, "median": 7.26417446136, "max": 35.7714042664, "dmean": 2.06314229965, "dmean2": 3.24702048302, "mean": 8.63177490234, "dvar2": 11.0272111893, "min": 2.06272554398}, "barkbands_crest": {"dvar": 4.28799295425, "var": 14.8284444809, "median": 9.4493560791, "max": 26.9169921875, "dmean": 2.25984835625, "dmean2": 3.71471452713, "mean": 10.1256036758, "dvar2": 11.3510980606, "min": 2.29899501801}, "spectral_energyband_middle_low": {"dvar": 9.35167117859e-05, "var": 0.000181376046385, "median": 0.0154163315892, "max": 0.135362401605, "dmean": 0.00662795174867, "dmean2": 0.0109508763999, "mean": 0.0176118277013, "dvar2": 0.000252501515206, "min": 3.94109304181e-22}, "spectral_contrast_coeffs": {"dvar": [0.00203461246565, 0.00127740344033, 0.000941129866987, 0.00066271884134, 0.00037162550143, 0.000457654532511], "var": [0.00747682526708, 0.0055407374166, 0.00570063572377, 0.00333783496171, 0.0019760557916, 0.00240950472653], "median": [-0.571936845779, -0.700048089027, -0.767211079597, -0.772167086601, -0.785538315773, -0.750613689423], "max": [-0.298641443253, -0.400620698929, -0.45393371582, -0.521695673466, -0.5577942729, -0.577929317951], "dmean": [0.0532874166965, 0.0408902354538, 0.0356682948768, 0.0302013475448, 0.0222449973226, 0.0206568855792], "dmean2": [0.0886681228876, 0.0655982866883, 0.0557562671602, 0.0472914800048, 0.0357482545078, 0.0332159176469], "mean": [-0.576365232468, -0.69753164053, -0.757717013359, -0.768548548222, -0.784113168716, -0.753741621971], "dvar2": [0.00546032283455, 0.00314562721178, 0.00216180179268, 0.00150464090984, 0.000878911232576, 0.00113948388025], "min": [-0.972010493279, -0.971716165543, -0.981905698776, -0.993260860443, -0.984926939011, -0.980740070343]}, "hfc": {"dvar": 516.837219238, "var": 1464.51989746, "median": 18.559337616, "max": 465.260803223, "dmean": 11.0114850998, "dmean2": 15.5800924301, "mean": 28.3393287659, "dvar2": 1001.85247803, "min": 1.15648809655e-16}, "spectral_energyband_high": {"dvar": 6.56882821204e-06, "var": 1.83659594768e-05, "median": 0.000846249575261, "max": 0.0533274821937, "dmean": 0.00108754518442, "dmean2": 0.00155124883167, "mean": 0.00212297285907, "dvar2": 1.27901876112e-05, "min": 6.59547695437e-21}, "erbbands_spread": {"dvar": 161.04536438, "var": 694.947753906, "median": 57.5078086853, "max": 179.272232056, "dmean": 10.9989414215, "dmean2": 16.4646492004, "mean": 58.380027771, "dvar2": 354.824310303, "min": 2.92868494987}, "dissonance": {"dvar": 0.000278758176137, "var": 0.00149907672312, "median": 0.471034944057, "max": 0.5, "dmean": 0.0142754167318, "dmean2": 0.0228005722165, "mean": 0.460434228182, "dvar2": 0.000684865633957, "min": 0}, "spectral_kurtosis": {"dvar": 3.90801405907, "var": 96.4262542725, "median": 2.64813995361, "max": 131.437469482, "dmean": 1.12389922142, "dmean2": 1.784106493, "mean": 4.12869405746, "dvar2": 10.1584157944, "min": -1.34755039215}, "spectral_skewness": {"dvar": 0.050180092454, "var": 0.728824198246, "median": 1.25946629047, "max": 9.65501308441, "dmean": 0.18994140625, "dmean2": 0.291165113449, "mean": 1.3651996851, "dvar2": 0.114048436284, "min": -0.1718211025}, "pitch_salience": {"dvar": 0.00343546364456, "var": 0.0132454205304, "median": 0.558425188065, "max": 0.829965591431, "dmean": 0.0626870915294, "dmean2": 0.102185569704, "mean": 0.547140359879, "dvar2": 0.00885314680636, "min": 1.63956719916e-05}, "spectral_complexity": {"dvar": 27.3944473267, "var": 104.703346252, "median": 16, "max": 59, "dmean": 3.86929273605, "dmean2": 5.7945766449, "mean": 17.7290287018, "dvar2": 51.5071182251, "min": 0}, "spectral_spread": {"dvar": 1201192960000.0, "var": 21905828479000.0, "median": 5464800, "max": 49682756, "dmean": 705087.4375, "dmean2": 958276.3125, "mean": 6180031, "dvar2": 1966938783740.0, "min": 768368.625}, "dynamic_complexity": 2.69594168663, "melbands_crest": {"dvar": 8.26543235779, "var": 29.4815216064, "median": 15.1458349228, "max": 40, "dmean": 3.09865355492, "dmean2": 5.17767286301, "mean": 15.9282541275, "dvar2": 22.4366207123, "min": 2.33939099312}, "zerocrossingrate": {"dvar": 0.00042357534403, "var": 0.00274557224475, "median": 0.060546875, "max": 0.59521484375, "dmean": 0.0155465649441, "dmean2": 0.0178000312299, "mean": 0.0719969421625, "dvar2": 0.000432244676631, "min": 0}, "spectral_energyband_low": {"dvar": 0.000169565857504, "var": 0.000165880876011, "median": 0.0085849808529, "max": 0.149152517319, "dmean": 0.00682739168406, "dmean2": 0.0118441320956, "mean": 0.0117551218718, "dvar2": 0.000488110206788, "min": 1.60042219807e-22}, "melbands_kurtosis": {"dvar": 272266704267000000, "var": 5207904994680000000, "median": 16.9099998474, "max": 24667527168, "dmean": 22356062, "dmean2": 42009616, "mean": 233289360, "dvar2": 554671489858000000, "min": -1.89330863953}, "spectral_energyband_middle_high": {"dvar": 3.18471211358e-06, "var": 1.32693194246e-05, "median": 0.00221734074876, "max": 0.0448721088469, "dmean": 0.00105150451418, "dmean2": 0.00152170553338, "mean": 0.00337638449855, "dvar2": 6.95347262081e-06, "min": 1.69091953857e-21}, "barkbands_spread": {"dvar": 107.536979675, "var": 366.951843262, "median": 21.1226921082, "max": 129.161514282, "dmean": 7.88713121414, "dmean2": 12.1463537216, "mean": 25.9279155731, "dvar2": 220.920043945, "min": 0.00306498259306}, "mfcc": {"mean": [-639.909118652, 102.165870667, 21.2227306366, 37.2436904907, 5.60670042038, 9.09395313263, -1.35900259018, -1.5630543232, -4.76917171478, -2.00656270981, -2.8123831749, -1.19632303715, 0.876442313194], "cov": [[8836.02734375, -461.360992432, -264.876098633, 223.699783325, -91.7641525269, 154.259628296, 11.8552474976, 40.7326660156, 35.7915992737, -33.9822235107, -81.7147064209, -92.4717178345, -85.4793548584], [-461.360992432, 1460.12719727, -457.847045898, -40.8610191345, -25.0494365692, -100.179840088, -23.8752384186, 19.5662479401, -35.8549613953, 40.3255996704, 37.0546989441, 14.9035043716, -6.33280944824], [-264.876098633, -457.847045898, 657.821777344, 57.3947257996, 29.803899765, 71.5028686523, 25.8485908508, -22.769525528, 11.0485925674, -21.4398365021, 0.764027476311, 19.1767539978, 27.9686279297], [223.699783325, -40.8610191345, 57.3947257996, 290.648193359, 86.0507125854, 49.0322570801, -18.6356887817, -16.0669288635, 13.4171590805, -15.2117547989, -21.6743469238, -5.76531410217, 10.9135446548], [-91.7641525269, -25.0494365692, 29.803899765, 86.0507125854, 231.697143555, 11.4197225571, -3.93185710907, -16.1898574829, 8.91888332367, 0.535099208355, -9.58026504517, 1.55156183243, 4.83372735977], [154.259628296, -100.179840088, 71.5028686523, 49.0322570801, 11.4197225571, 151.757858276, 48.5178413391, -5.35181522369, 7.15465450287, -15.4267282486, 3.43677544594, -5.04127645493, -7.91211652756], [11.8552474976, -23.8752384186, 25.8485908508, -18.6356887817, -3.93185710907, 48.5178413391, 129.100311279, 35.846408844, -2.2065718174, -0.482533454895, 8.09245300293, 3.11948013306, -6.86916065216], [40.7326660156, 19.5662479401, -22.769525528, -16.0669288635, -16.1898574829, -5.35181522369, 35.846408844, 91.4944000244, 21.3028011322, 5.92902135849, -2.18811774254, -1.71829879284, -2.95855641365], [35.7915992737, -35.8549613953, 11.0485925674, 13.4171590805, 8.91888332367, 7.15465450287, -2.2065718174, 21.3028011322, 79.1703720093, 19.0344638824, -1.886480093, -11.5431499481, -3.38819432259], [-33.9822235107, 40.3255996704, -21.4398365021, -15.2117547989, 0.535099208355, -15.4267282486, -0.482533454895, 5.92902135849, 19.0344638824, 94.7606506348, 27.8542327881, -0.036959271878, -16.060256958], [-81.7147064209, 37.0546989441, 0.764027476311, -21.6743469238, -9.58026504517, 3.43677544594, 8.09245300293, -2.18811774254, -1.886480093, 27.8542327881, 78.7888259888, 22.0781650543, -6.87495470047], [-92.4717178345, 14.9035043716, 19.1767539978, -5.76531410217, 1.55156183243, -5.04127645493, 3.11948013306, -1.71829879284, -11.5431499481, -0.036959271878, 22.0781650543, 73.9796524048, 28.5270195007], [-85.4793548584, -6.33280944824, 27.9686279297, 10.9135446548, 4.83372735977, -7.91211652756, -6.86916065216, -2.95855641365, -3.38819432259, -16.060256958, -6.87495470047, 28.5270195007, 75.3018035889]], "icov": [[0.000127838575281, 6.32846567896e-05, 0.000105243794678, -0.000117330848298, 8.99503211258e-05, -0.00011098284449, 2.27141663345e-05, -5.93280346948e-05, 3.35833556164e-06, 2.90206799036e-06, 7.98182009021e-05, 3.48525936715e-05, 0.000105513929157], [6.32846567896e-05, 0.000952091766521, 0.000660453748424, -0.000168363345438, 5.56516570214e-05, 0.000267424038611, -1.7611826479e-05, -0.000150565043441, 0.000369782035705, -0.000192645893549, -0.000345047767041, -9.42937404034e-05, -7.22222102922e-05], [0.000105243794678, 0.000660453748424, 0.00216793874279, -0.00032556412043, 1.14112654046e-05, -0.000494790263474, -0.000296674930723, 0.000387299631257, -0.000169654740603, 0.000103147060145, -0.000233343147556, -0.000357974378858, -0.000518913322594], [-0.000117330848298, -0.000168363345438, -0.00032556412043, 0.00446848664433, -0.00152028654702, -0.00151746615302, 0.00109436211642, 0.000102066245745, -0.000458340044133, 0.000192489009351, 0.000797920045443, 0.000120384051115, -0.000584388151765], [8.99503211258e-05, 5.56516570214e-05, 1.14112654046e-05, -0.00152028654702, 0.00501126376912, 0.000197623026907, -0.000422222656198, 0.00090717029525, -0.000557989580557, -0.000311481504468, 0.000525537296198, -0.000360219011782, 0.000112002438982], [-0.00011098284449, 0.000267424038611, -0.000494790263474, -0.00151746615302, 0.000197623026907, 0.00924634281546, -0.00396627280861, 0.00194234680384, -0.00131195643917, 0.00164298072923, -0.00121912325267, 0.000434227229562, 0.000989135820419], [2.27141663345e-05, -1.7611826479e-05, -0.000296674930723, 0.00109436211642, -0.000422222656198, -0.00396