{"tonal": {"chords_number_rate": 0.00172890734393, "thpcp": [1, 0.509291827679, 0.23119340837, 0.188981130719, 0.228531181812, 0.544507205486, 0.69343906641, 0.476446509361, 0.356970518827, 0.267246007919, 0.286118894815, 0.784880101681, 0.95763874054, 0.592468380928, 0.71024698019, 0.706153213978, 0.302573651075, 0.202709406614, 0.250662207603, 0.386179745197, 0.797442138195, 0.841815590858, 0.409167855978, 0.251107186079, 0.253531098366, 0.278028994799, 0.658994793892, 0.811691403389, 0.437185496092, 0.271934151649, 0.262861043215, 0.225918680429, 0.358966857195, 0.44730964303, 0.474287062883, 0.883142411709], "hpcp": {"dvar": [0.0381166897714, 0.0395602807403, 0.0301535855979, 0.020240329206, 0.0188465900719, 0.0231344923377, 0.0306019801646, 0.036166228354, 0.0277937650681, 0.0215721167624, 0.0206318888813, 0.0192887615412, 0.0219543445855, 0.0311173982918, 0.0349916145205, 0.0478863976896, 0.0471092350781, 0.0372431501746, 0.0244151074439, 0.0199577119201, 0.023388011381, 0.0339098572731, 0.0405320338905, 0.0354743935168, 0.0427080690861, 0.0241817552596, 0.0222804117948, 0.0297401081771, 0.0361741706729, 0.0284124780446, 0.0307327788323, 0.0304447542876, 0.0203658919781, 0.0188776180148, 0.022608153522, 0.034661732614], "mean": [0.266392827034, 0.281216174364, 0.136686250567, 0.0838846415281, 0.084694378078, 0.0928781181574, 0.220143213868, 0.27115291357, 0.146045804024, 0.0908420830965, 0.087811127305, 0.0754701942205, 0.119916155934, 0.149427860975, 0.158439919353, 0.295021772385, 0.334059119225, 0.170133575797, 0.0772322639823, 0.0631308704615, 0.0763429254293, 0.181897595525, 0.231649652123, 0.159161299467, 0.119249254465, 0.0892759636045, 0.0955806225538, 0.262196362019, 0.319907963276, 0.197919458151, 0.237264484167, 0.235896915197, 0.101077489555, 0.0677169263363, 0.0837359949946, 0.12900686264], "min": [0, 0, 0, 0, 0, 0, 0, 0, 0, 0, 0, 0, 0, 0, 0, 0, 0, 0, 0, 0, 0, 0, 0, 0, 0, 0, 0, 0, 0, 0, 0, 0, 0, 0, 0, 0], "median": [0.143537551165, 0.155628591776, 0.0663238316774, 0.0246675424278, 0.0215898863971, 0.0345436483622, 0.0861864611506, 0.103923052549, 0.0602380409837, 0.0180329866707, 0.0149671956897, 0.0256927125156, 0.0555138848722, 0.0671519339085, 0.0786038264632, 0.176982104778, 0.199467375875, 0.0822567790747, 0.0172322839499, 0.00984594691545, 0.0193052887917, 0.0802385658026, 0.106948077679, 0.0702291429043, 0.0262303706259, 0.0217258296907, 0.0338908061385, 0.150482147932, 0.183964163065, 0.123176187277, 0.086830675602, 0.0632024109364, 0.0287790652364, 0.0164931025356, 0.0207187868655, 0.045463308692], "dvar2": [0.0928445085883, 0.0922649502754, 0.0762095227838, 0.0548858530819, 0.0486310496926, 0.0633558481932, 0.0794721990824, 0.0888046622276, 0.0740107297897, 0.0572703145444, 0.0531971938908, 0.0534252859652, 0.0565811209381, 0.0772454738617, 0.0940144434571, 0.125888109207, 0.113977506757, 0.0989044308662, 0.0662149265409, 0.0541917830706, 0.0638724863529, 0.0866705924273, 0.10028616339, 0.0909737423062, 0.112318947911, 0.0633406639099, 0.0595939382911, 0.0733612552285, 0.0883854925632, 0.0783321037889, 0.0724562183022, 0.0674873515964, 0.0554105229676, 0.0517423599958, 0.0609468817711, 0.0896986573935], "var": [0.0857224538922, 0.0892842933536, 0.0337426252663, 0.0230705775321, 0.0272848252207, 0.0232964586467, 0.0761588588357, 0.109665095806, 0.038992151618, 0.0330066084862, 0.0347593016922, 0.0177188329399, 0.0293661095202, 0.045105766505, 0.0400826595724, 0.0924495533109, 0.11328150332, 0.0464050918818, 0.0271562933922, 0.0248041581362, 0.0223913025111, 0.0595473311841, 0.0819454938173, 0.0459145978093, 0.0478621870279, 0.0277375523001, 0.025296613574, 0.0823562517762, 0.114272758365, 0.0441566966474, 0.0937817320228, 0.104338310659, 0.0243658721447, 0.0204809233546, 0.0290537029505, 0.0387218557298], "dmean2": [0.251902788877, 0.255408942699, 0.193943753839, 0.130885958672, 0.11671499908, 0.155718922615, 0.20650716126, 0.212621465325, 0.184997498989, 0.130830511451, 0.120227076113, 0.127565219998, 0.155543044209, 0.193480581045, 0.240434080362, 0.314249008894, 0.295342952013, 0.240074515343, 0.139109894633, 0.107040293515, 0.13515111804, 0.197844728827, 0.228999346495, 0.211750760674, 0.195611804724, 0.14676579833, 0.149906665087, 0.215479388833, 0.233425796032, 0.226411998272, 0.203860729933, 0.180193006992, 0.141230911016, 0.112701296806, 0.133506923914, 0.200686782598], "max": [1, 1, 1, 1, 1, 1, 1, 1, 1, 1, 1, 1, 1, 1, 1, 1, 1, 1, 1, 1, 1, 1, 1, 1, 1, 1, 1, 1, 1, 1, 1, 1, 1, 1, 1, 1], "dmean": [0.15105818212, 0.154409095645, 0.114302903414, 0.0741712003946, 0.0678549036384, 0.0890744552016, 0.124242141843, 0.127333506942, 0.107435792685, 0.0757308155298, 0.0698807165027, 0.0722547098994, 0.0906389057636, 0.113872140646, 0.139499992132, 0.184603586793, 0.178486675024, 0.140428468585, 0.0780005827546, 0.0602138899267, 0.0772333592176, 0.117727652192, 0.138199687004, 0.125381678343, 0.111553817987, 0.0839940235019, 0.0869824886322, 0.130900502205, 0.142439976335, 0.133001461625, 0.122176244855, 0.110353142023, 0.0817245170474, 0.0636447221041, 0.0756864249706, 0.116748191416]}, "key_strength": 0.770614624023, "chords_strength": {"dvar": 0.000416856753873, "mean": 0.502883791924, "min": -1, "median": 0.506777048111, "dvar2": 0.000660120684188, "var": 0.0156451575458, "dmean2": 0.00931653566658, "max": 0.833368062973, "dmean": 0.010177702643}, "tuning_equal_tempered_deviation": 0.22961832583, "chords_key": "D", "tuning_frequency": 434.193115234, "chords_scale": "major", "chords_changes_rate": 0.0529045648873, "key_scale": "major", "tuning_diatonic_strength": 0.591974973679, "hpcp_entropy": {"dvar": 0.250679701567, "mean": 2.03713679314, "min": 0, "median": 2.12354135513, "dvar2": 0.671448051929, "var": 0.561405003071, "dmean2": 0.983402013779, "max": 4.15185642242, "dmean": 0.584958314896}, "chords_histogram": [31.5179805756, 1.4004149437, 9.11134147644, 0.726141095161, 2.40318107605, 0.656984806061, 0.0172890741378, 0.605117559433, 0, 0, 0.968188107014, 0, 0.0518672205508, 0.311203330755, 0.276625186205, 0.916320860386, 0.0345781482756, 1.6770401001, 0.0345781482756, 5.08298778534, 1.86721992493, 6.39695692062, 7.1922545433, 28.7517280579], "tuning_nontempered_energy_ratio": 0.955087423325, "key_key": "D"}, "metadata": {"version": {"extractor": "music 1.0", "essentia_build_sha": "70f2e5ece6736b2c40cc944ad0e695b16b925413", "essentia": "2.1-beta2", "essentia_git_sha": "v2.1_beta2"}, "audio_properties": {"sample_rate": 44100, "length": 268.538787842, "lossless": false, "analysis_sample_rate": 44100, "downmix": "mix", "bit_rate": 224000, "equal_loudness": 0, "md5_encoded": "5bcbc82ce9005d56b1244525ee32c957", "codec": "mp3", "replay_gain": -5.96283149719}, "tags": {"genre": ["Pop/Funk"], "albumartist": ["Wendy &amp; Lisa"], "date": ["2006"], "musicbrainz_recordingid": ["c90ef17c-1d85-45c4-ae6e-aa5be75f545f"], "file_name": "319880.mp3", "title": ["Song About"], "tracknumber": ["7"], "album": ["Wendy and Lisa"], "artist": ["Wendy &amp; Lisa"]}}, "lowlevel": {"melbands": {"dvar": [9.59795215749e-06, 9.72937596089e-06, 1.36573476084e-06, 6.70733300012e-07, 7.93069034444e-07, 2.69540322506e-07, 1.2495188173e-07, 4.17087200333e-08, 8.73059775586e-08, 6.68242847723e-08, 6.02709633313e-08, 8.87398883265e-08, 1.46233682941e-08, 1.1626340779e-08, 6.55224097201e-09, 8.05284550154e-09, 4.79911044238e-09, 3.37576255838e-09, 2.40163888776e-09, 1.14890230662e-09, 9.0750507109e-10, 2.00984798249e-10, 1.66936922619e-10, 1.68899005892e-10, 9.54249942953e-11, 4.67464296439e-11, 2.35509927532e-11, 3.04553743335e-11, 3.24752377767e-11, 2.11604414546e-11, 9.43261701386e-12, 1.00814330842e-11, 1.84012562132e-11, 1.76808307578e-11, 2.18130791207e-11, 3.16149224855e-11, 1.81494697743e-11, 1.43971119748e-11, 1.49653969772e-11, 9.21183442026e-12], "mean": [0.00107463030145, 0.0013379289303, 0.000749621831346, 0.000921636703424, 0.00117296550889, 0.000721152930055, 0.000409861560911, 0.000225426803809, 0.000323473213939, 0.000310112925945, 0.000282795634121, 0.000300378684187, 0.000117321294965, 0.000114410679089, 7.25461432012e-05, 8.55862381286e-05, 5.94452249061e-05, 4.97210094181e-05, 4.09723616031e-05, 2.62180892605e-05, 2.14295960177e-05, 1.08562908281e-05, 1.18546058729e-05, 1.13974238047e-05, 1.01805826489e-05, 7.2669004112e-06, 4.62939033241e-06, 4.91755599796e-06, 5.11148982696e-06, 3.42714565704e-06, 2.26338420362e-06, 1.99750138563e-06, 2.14684951061e-06, 2.48976812145e-06, 3.02914963868e-06, 2.52321910921e-06, 2.3649367904e-06, 2.44713328357e-06, 2.47662910624e-06, 1.80849235676e-06], "min": [2.21581601389e-24, 4.60901055776e-24, 4.63823548771e-24, 5.0068232515e-24, 2.26490485587e-23, 2.46684299241e-23, 9.68548825504e-24, 6.53745677122e-24, 1.42492134637e-23, 3.32397523359e-23, 1.04544012345e-23, 8.49855314868e-24, 6.75223204127e-24, 9.41333045387e-24, 8.05772110877e-24, 5.91070047113e-24, 8.17383591199e-24, 7.34172965194e-24, 8.83829029701e-24, 1.27321306022e-23, 1.63781470985e-23, 5.50152857479e-24, 1.32634702314e-23, 9.61724942015e-24, 5.99639403684e-24, 1.31483691145e-23, 7.44237962598e-24, 1.04295552715e-23, 1.05297500728e-23, 9.13289276865e-24, 6.96309298352e-24, 1.16640421243e-23, 7.01255692886e-24, 7.48232044247e-24, 9.06219663205e-24, 8.03553991783e-24, 9.15593855114e-24, 9.26450158891e-24, 1.07934410298e-23, 8.40457141588e-24], "median": [0.000503642251715, 0.00072473671753, 0.000423675402999, 0.000614316610154, 0.000745914992876, 0.000441488984507, 0.000247360294452, 0.000126499740873, 0.000162723052199, 0.000142878561746, 0.000102704696474, 6.59497163724e-05, 4.08065243391e-05, 4.2476291128e-05, 3.3274962334e-05, 3.75780437025e-05, 2.37813492276e-05, 2.10928483284e-05, 1.91619001271e-05, 9.16061890166e-06, 8.12083089841e-06, 5.58914962312e-06, 6.82493737258e-06, 4.72468400403e-06, 4.9135505833e-06, 3.76331308871e-06, 2.59493526755e-06, 2.56073963101e-06, 2.01873763217e-06, 1.1062950307e-06, 8.36166293539e-07, 5.04593685946e-07, 3.24013598174e-07, 4.0722943595e-07, 6.47546585242e-07, 4.91222806431e-07, 4.23903372848e-07, 4.13302416291e-07, 4.05659932312e-07, 2.47822811161e-07], "dvar2": [2.41313555307e-05, 2.83203971776e-05, 3.62155924449e-06, 1.91350636669e-06, 2.00709882847e-06, 6.93419565323e-07, 3.29397437326e-07, 1.01191901081e-07, 2.06311995044e-07, 1.74372658535e-07, 1.55570560878e-07, 2.2571747138e-07, 3.33757625981e-08, 2.7916671641e-08, 1.51736312404e-08, 1.936832561e-08, 1.07359916512e-08, 8.66695160084e-09, 5.21498044748e-09, 2.59210120035e-09, 2.2837927105e-09, 5.08404207622e-10, 4.35136537913e-10, 4.41955444463e-10, 2.43429332247e-10, 1.20951318405e-10, 5.88647464106e-11, 7.61473176181e-11, 7.91415821766e-11, 5.47993213307e-11, 2.44610321581e-11, 2.53996615407e-11, 4.49161714766e-11, 4.12587256027e-11, 4.97971733293e-11, 8.16071168974e-11, 4.26421190025e-11, 3.15826600983e-11, 3.07703272584e-11, 1.81268541843e-11], "var": [8.22344827611e-06, 6.91332888891e-06, 1.6119298607e-06, 1.16406749839e-06, 1.78789321126e-06, 7.29655312171e-07, 2.78787126717e-07, 9.45676887909e-08, 1.98008976326e-07, 1.72250906871e-07, 1.7688000753e-07, 3.19789734249e-07, 5.18442071495e-08, 4.01419733009e-08, 1.85835862254e-08, 2.82062408985e-08, 1.42183909091e-08, 8.63354898684e-09, 5.63253799157e-09, 2.97562063878e-09, 1.92452653813e-09, 3.49352907714e-10, 2.81954321002e-10, 3.47749662399e-10, 2.20109985793e-10, 1.02053761275e-10, 4.5681382288e-11, 5.56282554742e-11, 7.4377608239e-11, 3.96566321448e-11, 1.66965174325e-11, 1.7952840603e-11, 3.26889695867e-11, 3.70489923462e-11, 4.75787811927e-11, 4.54426531127e-11, 3.8449951556e-11, 3.79953915552e-11, 4.18315868056e-11, 2.57878995935e-11], "dmean2": [0.00125075480901, 0.00145335576963, 0.000765910430346, 0.000875006895512, 0.000986815313809, 0.000569489027839, 0.000308361079078, 0.000182849093108, 0.000270129123237, 0.00025090581039, 0.000215312800719, 0.000224814561079, 8.86915877345e-05, 9.3448899861e-05, 6.3330422563e-05, 6.58761709929e-05, 4.99441521242e-05, 4.33715285908e-05, 3.39901889674e-05, 2.25015992328e-05, 1.98790276045e-05, 9.64629998634e-06, 1.15911243483e-05, 1.01257037386e-05, 7.94267180027e-06, 5.74163277633e-06, 3.64900984096e-06, 4.05002356274e-06, 4.22026823799e-06, 3.0592341318e-06, 1.98091333914e-06, 1.82635710644e-06, 1.98477277991e-06, 2.11731503441e-06, 2.48321566687e-06, 2.19055391426e-06, 2.00876206691e-06, 1.97826307158e-06, 1.95906113731e-06, 1.45993658407e-06], "max": [0.0464891754091, 0.0478358902037, 0.0219290684909, 0.0124190449715, 0.0155896022916, 0.010339747183, 0.012290308252, 0.00436096545309, 0.0059096859768, 0.00470534805208, 0.00409184629098, 0.010019807145, 0.00466022314504, 0.00329123577103, 0.00200748117641, 0.00331879756413, 0.00253026140854, 0.0016740791034, 0.00162578350864, 0.00113662553485, 0.00121200690046, 0.00043608006672, 0.000302009662846, 0.000242673078901, 0.000232807506109, 0.000116548435471, 0.000144463352626, 0.000167007383425, 0.00011881604587, 0.000102279431303, 6.94013215252e-05, 5.9825128119e-05, 0.000141414740938, 8.02066933829e-05, 9.38654193305e-05, 0.00030931996298, 0.000108782573079, 8.13191218185e-05, 8.42072404339e-05, 8.46078910399e-05], "dmean": [0.000774753221776, 0.00081600365229, 0.00044626017916, 0.000503939692862, 0.000607789203059, 0.000345736043528, 0.00019296661776, 0.000115375762107, 0.000172504020156, 0.000157555186888, 0.000135767171741, 0.000140807358548, 5.65746813663e-05, 5.86550486332e-05, 3.94733724534e-05, 4.1668456106e-05, 3.1657396903e-05, 2.66437891696e-05, 2.15664749703e-05, 1.43584711623e-05, 1.21702196338e-05, 5.83042947255e-06, 6.92236653776e-06, 6.14434611634e-06, 4.89431340611e-06, 3.47843933923e-06, 2.21905543185e-06, 2.49010236075e-06, 2.60861907009e-06, 1.86359068266e-06, 1.20665572467e-06, 1.12405552954e-06, 1.25472445234e-06, 1.35890718411e-06, 1.60483284617e-06, 1.41911846185e-06, 1.30981902657e-06, 1.31706940465e-06, 1.34199137847e-06, 9.97420443127e-07]}, "spectral_decrease": {"dvar": 2.08185594117e-17, "mean": -7.52015161254e-09, "min": -6.20348004077e-08, "median": -6.76312161829e-09, "dvar2": 5.43569596528e-17, "var": 3.27346371117e-17, "dmean2": 3.66087338222e-09, "max": 1.24563912681e-28, "dmean": 2.2429405e-09}, "spectral_rolloff": {"dvar": 1340389.125, "mean": 1512.36352539, "min": 21.533203125, "median": 1012.06054688, "dvar2": 2862114.5, "var": 3831481.5, "dmean2": 766.276367188, "max": 19401.4160156, "dmean": 466.682189941}, "melbands_crest": {"dvar": 6.68178844452, "mean": 11.370557785, "min": 2.69465851784, "median": 10.2351856232, "dvar2": 16.3639793396, "var": 20.5604743958, "dmean2": 4.22705173492, "max": 38.9207191467, "dmean": 2.59805107117}, "barkbands_skewness": {"dvar": 0.235853716731, "mean": 1.37390220165, "min": -4.08411502838, "median": 1.31709265709, "dvar2": 0.543054163456, "var": 1.06888532639, "dmean2": 0.651644706726, "max": 12.3022537231, "dmean": 0.413262069225}, "spectral_centroid": {"dvar": 57294.984375, "mean": 1072.76098633, "min": 250.892974854, "median": 995.78137207, "dvar2": 117530.609375, "var": 245960.3125, "dmean2": 277.532226562, "max": 10888.7734375, "dmean": 174.682678223}, "spectral_energyband_middle_low": {"dvar": 5.33194252057e-05, "mean": 0.0165028609335, "min": 4.60874250282e-22, "median": 0.0143952444196, "dvar2": 0.000137460345286, "var": 0.000149464714923, "dmean2": 0.0086423587054, "max": 0.128709390759, "dmean": 0.00527254212648}, "erbbands_crest": {"dvar": 5.04417133331, "mean": 9.07402324677, "min": 2.34051203728, "median": 7.87335920334, "dvar2": 12.5372142792, "var": 20.0840797424, "dmean2": 3.88149046898, "max": 31.0441875458, "dmean": 2.3906955719}, "dynamic_complexity": 3.89640569687, "spectral_energyband_low": {"dvar": 0.00022549276764, "mean": 0.00715891038999, "min": 2.65530233599e-23, "median": 0.00417656917125, "dvar2": 0.000591323710978, "var": 0.000196673747269, "dmean2": 0.00690941233188, "max": 0.20522660017, "dmean": 0.00416906690225}, "silence_rate_60dB": {"dvar": 0.00652778241783, "mean": 0.0727995857596, "min": 0, "median": 0, "dvar2": 0.0150448242202, "var": 0.0674965754151, "dmean2": 0.0131442407146, "max": 1, "dmean": 0.00657155225053}, "erbbands_kurtosis": {"dvar": 2.02680778503, "mean": 1.09481298923, "min": -1.83058357239, "median": 0.189392328262, "dvar2": 4.6622877121, "var": 7.49396133423, "dmean2": 1.47886359692, "max": 49.474193573, "dmean": 0.935534060001}, "spectral_complexity": {"dvar": 11.2161178589, "mean": 19.4618701935, "min": 0, "median": 19, "dvar2": 23.794713974, "var": 89.3677368164, "dmean2": 4.47941875458, "max": 55, "dmean": 2.84530901909}, "barkbands_crest": {"dvar": 4.35797691345, "mean": 8.58988761902, "min": 2.65133500099, "median": 7.80877780914, "dvar2": 11.4454946518, "var": 12.0612182617, "dmean2": 3.47006607056, "max": 26.4104862213, "dmean": 2.09261822701}, "spectral_energy": {"dvar": 0.000312311516609, "mean": 0.0305499881506, "min": 1.04109646598e-20, "median": 0.0275970138609, "dvar2": 0.000815107661765, "var": 0.000512902392074, "dmean2": 0.0143946036696, "max": 0.244020611048, "dmean": 0.00881994143128}, "spectral_spread": {"dvar": 900019519488, "mean": 4862159.5, "min": 1358889, "median": 4343926, "dvar2": 1539655467010.0, "var": 4359117340670.0, "dmean2": 779900.5625, "max": 41142408, "dmean": 569377.4375}, "spectral_contrast_valleys": {"dvar": [0.134183079004, 0.0760521516204, 0.0683628246188, 0.0742683932185, 0.0755534023046, 0.137560978532], "mean": [-7.37745046616, -6.53347444534, -7.21506595612, -7.79540729523, -7.93323373795, -10.1611366272], "min": [-27.4232234955, -27.2033119202, -26.8174800873, -27.3774394989, -27.0479755402, -27.2428855896], "median": [-6.91859865189, -6.24975299835, -7.02110099792, -7.54780864716, -7.68053674698, -10.0204315186], "dvar2": [0.286226570606, 0.175193727016, 0.14616958797, 0.146351695061, 0.140614911914, 0.246363773942], "var": [2.53752183914, 1.87046229839, 1.73795437813, 1.62048256397, 1.60530257225, 2.03278708458], "dmean2": [0.57062625885, 0.500325381756, 0.436895519495, 0.399319440126, 0.318460315466, 0.316043108702], "max": [-4.77484703064, -4.34571552277, -4.83252000809, -5.63548946381, -5.35426902771, -7.3625125885], "dmean": [0.351667165756, 0.304145127535, 0.270201742649, 0.249471604824, 0.205322563648, 0.231978535652]}, "spectral_rms": {"dvar": 1.05277183593e-06, "mean": 0.005055393558, "min": 3.18701098498e-12, "median": 0.00518882600591, "dvar2": 2.58262571151e-06, "var": 4.24785730502e-06, "dmean2": 0.00109288992826, "max": 0.0154294809327, "dmean": 0.000684653234202}, "barkbands_spread": {"dvar": 58.781955719, "mean": 20.3366107941, "min": 0.628087580204, "median": 15.9627571106, "dvar2": 117.177200317, "var": 255.849685669, "dmean2": 7.27453660965, "max": 121.428817749, "dmean": 4.8266749382}, "pitch_salience": {"dvar": 0.00308043882251, "mean": 0.610136270523, "min": 0.0329903364182, "median": 0.619933545589, "dvar2": 0.00763570889831, "var": 0.00993535015732, "dmean2": 0.0946855321527, "max": 0.969433963299, "dmean": 0.0578820891678}, "erbbands_skewness": {"dvar": 0.105988651514, "mean": 0.59360986948, "min": -3.57448077202, "median": 0.551222801208, "dvar2": 0.236000910401, "var": 0.482628434896, "dmean2": 0.51321130991, "max": 6.22392511368, "dmean": 0.326597064734}, "spectral_energyband_middle_high": {"dvar": 7.65437016526e-06, "mean": 0.00667099328712, "min": 1.45619643746e-21, "median": 0.00406987499446, "dvar2": 1.87188488781e-05, "var": 4.77390312881e-05, "dmean2": 0.00290680862963, "max": 0.0646160915494, "dmean": 0.00186832807958}, "erbbands": {"dvar": [0.126689746976, 7.20705604553, 31.0238189697, 38.510887146, 112.354072571, 225.41885376, 822.166442871, 537.415405273, 627.316894531, 382.746429443, 1400.12939453, 1303.63500977, 2226.2109375, 4452.68994141, 1084.35742188, 914.800170898, 1453.30651855, 1251.28747559, 1081.59814453, 957.88861084, 640.540100098, 156.229003906, 119.557914734, 126.535301208, 54.4820251465, 54.2202568054, 58.8541679382, 30.2509346008, 32.5133743286, 47.0245857239, 58.2600746155, 50.8517723083, 27.3491592407, 12.9012527466, 2.50995373726, 1.10032176971, 0.140360087156, 0.00548579497263, 0.000101227458799, 1.87575196264e-07], "mean": [0.115433491766, 0.914503693581, 2.58445119858, 3.64536046982, 8.23534679413, 18.4404182434, 35.4275436401, 31.0768909454, 27.6868953705, 20.3908519745, 39.6015625, 46.4640655518, 54.8969764709, 69.9381637573, 37.6653251648, 33.9845848083, 38.0107002258, 34.8913192749, 32.2677574158, 25.1876888275, 19.3010520935, 11.6448869705, 11.2502336502, 12.6670303345, 8.46446704865, 7.38479375839, 7.30191278458, 4.42421150208, 3.66221952438, 4.25077295303, 4.98112773895, 3.94950723648, 3.59467697144, 2.32641077042, 0.88594096899, 0.363159507513, 0.121013179421, 0.0249695777893, 0.00304644275457, 0.000148670063936], "min": [3.44679507051e-22, 1.06449703393e-21, 1.11526960611e-20, 2.72702545589e-20, 3.41711380661e-20, 1.30144358278e-19, 7.55898064772e-19, 1.07274778895e-18, 7.04325163037e-19, 5.88355423434e-19, 1.51480913493e-18, 5.42391840228e-18, 2.31099146422e-18, 1.91623089061e-18, 2.28422162485e-18, 4.10422535403e-18, 2.46904975605e-18, 4.39225295204e-18, 4.9952415624e-18, 7.38483110804e-18, 1.42267504928e-17, 7.29042002164e-18, 1.31957112183e-17, 8.94886338307e-18, 1.42822311509e-17, 1.55234106969e-17, 1.58526649767e-17, 1.36106208777e-17, 1.81434722e-17, 1.32939281627e-17, 1.456727759e-17, 1.48020943135e-17, 1.43670485965e-17, 1.07518714458e-17, 8.10513419518e-18, 5.49001923221e-18, 2.79265976888e-18, 1.17649722748e-18, 3.8642742687e-19, 4.50352216026e-20], "median": [0.0467123351991, 0.438828408718, 1.31864953041, 1.77052366734, 5.21665763855, 12.1809015274, 20.8036079407, 18.4112281799, 16.3992042542, 11.6094875336, 19.1799240112, 22.9496421814, 21.6324958801, 17.6058654785, 15.1957960129, 15.8485450745, 17.0476074219, 15.0389404297, 15.3545951843, 11.0043239594, 7.63317108154, 6.74113464355, 6.40029430389, 6.51048183441, 4.69977474213, 4.07091712952, 2.99271988869, 1.5361802578, 0.858106732368, 0.712849378586, 1.06073021889, 0.746663331985, 0.619788706303, 0.345616519451, 0.123803421855, 0.0316850841045, 0.00946069508791, 0.00168584706262, 0.000101719728264, 4.32020897279e-05], "dvar2": [0.302897900343, 20.4378738403, 91.4054031372, 103.60206604, 309.206634521, 621.211608887, 2033.00012207, 1391.12744141, 1669.07336426, 931.153686523, 3307.7800293, 3229.56860352, 5779.80029297, 11127.2783203, 2550.73925781, 2090.61645508, 3400.53857422, 2836.50976562, 2800.06445312, 2084.50292969, 1603.17138672, 399.738891602, 306.730682373, 320.684692383, 135.664047241, 133.738220215, 142.669128418, 77.400100708, 79.4891815186, 106.999794006, 131.365432739, 122.622741699, 56.9761238098, 24.6062107086, 5.30904245377, 2.7945356369, 0.356283426285, 0.0128714181483, 0.0002285943483, 4.23797644089e-07], "var": [0.116405315697, 4.84817218781, 23.6381320953, 43.1267585754, 141.082214355, 467.747924805, 1902.29602051, 1413.29272461, 1358.28027344, 826.682495117, 3136.82446289, 3691.72631836, 6309.72167969, 16278.5146484, 4060.69580078, 3018.39379883, 4921.54296875, 4067.44775391, 2900.05224609, 2565.3449707, 1457.32617188, 289.007568359, 230.956008911, 312.030487061, 127.532020569, 107.062690735, 134.315032959, 58.3330574036, 63.2424354553, 104.857688904, 130.328857422, 100.882194519, 79.1720504761, 39.2325363159, 5.64538288116, 1.35727238655, 0.164165630937, 0.00736706098542, 0.00012817667448, 2.1677394102e-07], "dmean2": [0.140670523047, 1.13148617744, 2.75540781021, 4.00195026398, 8.47554588318, 16.715461731, 31.1726837158, 24.9930706024, 20.9592628479, 16.2945728302, 33.4875793457, 35.5376205444, 41.2344856262, 50.6021766663, 26.3463687897, 25.9681415558, 29.8718509674, 27.1258430481, 25.8988456726, 20.1496601105, 16.3555870056, 9.3098115921, 8.71245098114, 9.12034893036, 5.97675180435, 5.51513433456, 5.60340356827, 3.49776411057, 3.07149887085, 3.36608290672, 3.88041591644, 3.11826944351, 2.71341109276, 1.74869608879, 0.730604708195, 0.36531278491, 0.130649268627, 0.0275986101478, 0.00372969429009, 0.0001618116803], "max": [5.36818027496, 36.5233459473, 96.2523727417, 115.401802063, 235.770584106, 307.815490723, 564.091369629, 421.742828369, 936.060119629, 476.244232178, 779.960571289, 863.383666992, 831.001220703, 2259.28955078, 1035.49487305, 791.247924805, 1118.99829102, 1172.4197998, 1014.73504639, 837.016235352, 1069.36108398, 392.847137451, 213.791259766, 262.284698486, 136.160186768, 188.114334106, 138.207015991, 139.633911133, 105.931358337, 123.525360107, 146.412063599, 282.410430908, 109.353591919, 90.4237442017, 62.5134887695, 35.6560630798, 14.9246120453, 2.36576700211, 0.25833106041, 0.00857866182923], "dmean": [0.0888770744205, 0.644286513329, 1.54512691498, 2.32119512558, 4.88387012482, 9.86029148102, 19.3000926971, 15.137301445, 13.0789871216, 10.2248287201, 21.3369922638, 22.4552593231, 25.8729362488, 31.8708381653, 16.6798400879, 16.2508716583, 18.6599597931, 17.0753154755, 15.9510726929, 12.9029693604, 10.0665082932, 5.6362657547, 5.33566951752, 5.6561164856, 3.64100575447, 3.41391563416, 3.46598339081, 2.14872050285, 1.9304972887, 2.19551420212, 2.53426980972, 2.05963253975, 1.85824167728, 1.21103799343, 0.504804372787, 0.249142125249, 0.0882448032498, 0.0189291518182, 0.00254698842764, 0.000109131338832]}, "dissonance": {"dvar": 0.00039704181836, "mean": 0.458325147629, "min": 0.242713034153, "median": 0.465274184942, "dvar2": 0.00110028672498, "var": 0.000912346004043, "dmean2": 0.0352035015821, "max": 0.500000119209, "dmean": 0.0209237001836}, "erbbands_flatness_db": {"dvar": 0.000294371391647, "mean": 0.156996369362, "min": 0.0378655306995, "median": 0.157884120941, "dvar2": 0.000527513911948, "var": 0.00244515575469, "dmean2": 0.0217588189989, "max": 0.38711592555, "dmean": 0.0151124894619}, "melbands_kurtosis": {"dvar": 78.7978286743, "mean": 9.41598701477, "min": -1.8704148531, "median": 6.49182987213, "dvar2": 192.551498413, "var": 170.970932007, "dmean2": 7.06010103226, "max": 256.100280762, "dmean": 4.33330345154}, "melbands_spread": {"dvar": 68.7582778931, "mean": 21.2398853302, "min": 0.793082654476, "median": 18.6855926514, "dvar2": 151.021957397, "var": 254.902084351, "dmean2": 8.04811191559, "max": 250.97819519, "dmean": 5.09475851059}, "melbands_skewness": {"dvar": 0.411083847284, "mean": 2.09227657318, "min": -1.6783772707, "median": 2.06718063354, "dvar2": 0.978325128555, "var": 1.82660472393, "dmean2": 0.817799389362, "max": 13.3024129868, "dmean": 0.519500911236}, "spectral_entropy": {"dvar": 0.0314299948514, "mean": 7.46723890305, "min": 5.37418174744, "median": 7.44752407074, "dvar2": 0.0567878559232, "var": 0.229545906186, "dmean2": 0.21001046896, "max": 9.80925655365, "dmean": 0.143389523029}, "zerocrossingrate": {"dvar": 0.000252285564784, "mean": 0.062851369381, "min": 0, "median": 0.04931640625, "dvar2": 0.000249945063842, "var": 0.002451649867, "dmean2": 0.0115402685478, "max": 0.5205078125, "dmean": 0.0102611258626}, "average_loudness": 0.908018171787, "spectral_contrast_coeffs": {"dvar": [0.00146403629333, 0.00124932930339, 0.000835148151964, 0.000571637239773, 0.000280903448584, 0.000217514170799], "mean": [-0.62808328867, -0.717891037464, -0.74074190855, -0.763261795044, -0.781315624714, -0.79735070467], "min": [-0.9662348032, -0.988230109215, -0.968143522739, -0.959375917912, -0.968070149422, -0.960281074047], "median": [-0.632329821587, -0.721882939339, -0.745259404182, -0.764896273613, -0.78069537878, -0.797291278839], "dvar2": [0.00394292082638, 0.00339915789664, 0.00211968761869, 0.00143489509355, 0.000701036828104, 0.000531599740498], "var": [0.00684795854613, 0.00531591055915, 0.00535471271724, 0.00340929767117, 0.00172806542832, 0.00125692028087], "dmean2": [0.0764223411679, 0.0719482600689, 0.058012932539, 0.0473304241896, 0.0327378101647, 0.0243376679718], "max": [-0.289640635252, -0.413016498089, -0.436866402626, -0.530439734459, -0.645451068878, -0.666345059872], "dmean": [0.0460787788033, 0.0431605018675, 0.0357660353184, 0.0290253590792, 0.0199524033815, 0.0149521687999]}, "barkbands_flatness_db": {"dvar": 0.0003208006965, "mean": 0.127687394619, "min": 0.0233501922339, "median": 0.121865361929, "dvar2": 0.000642720551696, "var": 0.00245037232526, "dmean2": 0.0250791665167, "max": 0.366421848536, "dmean": 0.0164185725152}, "silence_rate_30dB": {"dvar": 0.0133078750223, "mean": 0.990662276745, "min": 0, "median": 1, "dvar2": 0.034556556493, "var": 0.00924920849502, "dmean2": 0.0269802827388, "max": 1, "dmean": 0.0134889753535}, "spectral_energyband_high": {"dvar": 1.1249196632e-06, "mean": 0.00096522923559, "min": 7.36924948745e-21, "median": 0.000256191560766, "dvar2": 2.38844086198e-06, "var": 3.39127905136e-06, "dmean2": 0.000570368894842, "max": 0.0184931736439, "dmean": 0.000401130848331}, "melbands_flatness_db": {"dvar": 0.00046824515448, "mean": 0.193468376994, "min": 0.00858817528933, "median": 0.187792211771, "dvar2": 0.000974417314865, "var": 0.00333358929493, "dmean2": 0.0289617329836, "max": 0.446197122335, "dmean": 0.0187786407769}, "barkbands": {"dvar": [4.17755188664e-07, 0.000131264663651, 2.1975944037e-05, 7.20992011338e-06, 1.46449974636e-05, 8.14338091004e-06, 2.16272337639e-06, 2.03825743483e-06, 3.84633358408e-06, 4.00013323087e-06, 7.13378653927e-07, 7.91343893525e-07, 7.5896502949e-07, 4.71582808359e-07, 4.47407472848e-07, 2.16261341279e-07, 5.64513094048e-08, 5.53033814299e-08, 3.1319039806e-08, 2.41829383185e-08, 2.59322803231e-08, 2.83553625025e-08, 6.52146781022e-08, 9.58545527396e-08, 6.49032756428e-08, 4.64963854085e-08, 3.05631964181e-09], "mean": [0.000215878419112, 0.00408704858273, 0.00222126021981, 0.00133241259027, 0.00513895507902, 0.00430833501741, 0.00161983491853, 0.00149778299965, 0.00229277298786, 0.00213857926428, 0.000706403632648, 0.000918129691854, 0.000843383546453, 0.00057780178031, 0.000619293830823, 0.000357311248081, 0.000224042320042, 0.000218410306843, 0.000205222735531, 0.000153498185682, 0.00014290951367, 0.000106896957732, 0.000167526130099, 0.000204197145649, 0.00016483424406, 7.05278507667e-05, 1.67324742506e-05], "min": [3.37175914186e-24, 6.54346907461e-24, 1.64128285793e-23, 6.41425799707e-24, 3.81751059726e-23, 1.33843606408e-22, 4.29612891677e-23, 4.61835398409e-23, 1.87722011063e-22, 7.62361868346e-23, 5.0124124099e-23, 7.92003095979e-23, 5.242352742e-23, 9.16314006234e-23, 1.16077348106e-22, 2.38789382457e-22, 1.24719401365e-22, 2.31276094491e-22, 2.45084240045e-22, 3.00210445947e-22, 3.71251422052e-22, 4.27019520917e-22, 5.09676139374e-22, 8.62355074658e-22, 1.01416432554e-21, 1.46760086704e-21, 2.84928157913e-21], "median": [2.41741508944e-05, 0.0019696354866, 0.00110582762863, 0.000572224496864, 0.00371159426868, 0.00272297579795, 0.000957690761425, 0.000697935116477, 0.0010635725921, 0.000525809824467, 0.000207777979085, 0.000355497468263, 0.000335009826813, 0.000234531558817, 0.000292282988084, 0.000128234241856, 0.00012818511459, 0.000102498466731, 0.000116446142783, 8.07712203823e-05, 5.26067342435e-05, 2.44318543992e-05, 3.45076623489e-05, 3.6940073187e-05, 2.45759965765e-05, 5.52904475626e-06, 5.19288050782e-07], "dvar2": [8.34635386582e-07, 0.000346752000041, 6.45782420179e-05, 1.86600009329e-05, 4.05055216106e-05, 2.02363480639e-05, 5.6308499552e-06, 4.80493463328e-06, 1.01189189081e-05, 1.03217053038e-05, 1.63424454058e-06, 1.88208696272e-06, 1.82574149221e-06, 1.05567721675e-06, 1.05024457753e-06, 5.13946531555e-07, 1.43539338637e-07, 1.41221207173e-07, 8.01944040063e-08, 5.98656413331e-08, 6.49382414508e-08, 6.82155061327e-08, 1.45598590962e-07, 2.09663014061e-07, 1.25733379264e-07, 1.17868658833e-07, 6.90594026409e-09], "var": [5.42687189409e-07, 0.000103232072433, 1.77262427314e-05, 8.63686454977e-06, 2.84698526229e-05, 2.32266102103e-05, 4.33179184256e-06, 4.68593088954e-06, 9.69096618064e-06, 1.42107246575e-05, 2.29384113482e-06, 2.48624860433e-06, 2.72763872999e-06, 1.27106090986e-06, 1.11636302336e-06, 5.34176592737e-07, 1.05632111058e-07, 1.11693658766e-07, 7.16584693805e-08, 4.92034644139e-08, 5.50747998318e-08, 5.70703129199e-08, 1.49397337168e-07, 2.52060999628e-07, 1.88884754948e-07, 5.55115597933e-08, 3.87505671995e-09], "dmean2": [0.000246796000283, 0.00473801419139, 0.00243758945726, 0.00158495514188, 0.00437261257321, 0.0033270586282, 0.00127404707018, 0.00132237083744, 0.00188258755952, 0.00159996072762, 0.000593964126892, 0.000767039484344, 0.000685574719682, 0.000505895470269, 0.000519131077453, 0.00031233028858, 0.000198434048798, 0.000183146126801, 0.000152610955411, 0.00011727137462, 0.000113105998025, 8.85290210135e-05, 0.000128496511024, 0.000150870968355, 0.00012351940677, 7.32001499273e-05, 2.05151409318e-05], "max": [0.00887429434806, 0.157369405031, 0.101023241878, 0.063841804862, 0.0639849603176, 0.0508865565062, 0.0448917113245, 0.0285949204117, 0.0315159894526, 0.0611495561898, 0.0294669084251, 0.0218384433538, 0.0243214499205, 0.0199775081128, 0.0164167806506, 0.0160643160343, 0.00568342488259, 0.00462663825601, 0.00335025950335, 0.0035321158357, 0.00325575470924, 0.00375943840481, 0.00475225644186, 0.00807671435177, 0.00659660529345, 0.00825829152018, 0.00147287547588], "dmean": [0.000171028732439, 0.00285603338853, 0.00137305562384, 0.000932475726586, 0.00258623156697, 0.00205316976644, 0.000808714074083, 0.000843979651108, 0.00117979827337, 0.000997788389213, 0.000379746692488, 0.000476997141959, 0.000426881248131, 0.000322015257552, 0.000326002395013, 0.000194176507648, 0.000119237840408, 0.000112050111056, 9.36579526751e-05, 7.28995946702e-05, 6.96057177265e-05, 5.63576359127e-05, 8.41262299218e-05, 0.000102988364233, 8.64608227857e-05, 5.0198083045e-05, 1.40685060614e-05]}, "erbbands_spread": {"dvar": 77.6086502075, "mean": 34.9020195007, "min": 2.19879817963, "median": 31.2116184235, "dvar2": 156.142364502, "var": 417.312133789, "dmean2": 9.82224369049, "max": 146.033004761, "dmean": 6.53571987152}, "barkbands_kurtosis": {"dvar": 18.6625461578, "mean": 3.74654054642, "min": -1.87536263466, "median": 1.94486784935, "dvar2": 42.0176353455, "var": 48.9705047607, "dmean2": 3.44874954224, "max": 190.094619751, "dmean": 2.15815114975}, "spectral_flux": {"dvar": 0.000941802631132, "mean": 0.0809330642223, "min": 1.02034138083e-10, "median": 0.0762696862221, "dvar2": 0.00196568062529, "var": 0.00247309356928, "dmean2": 0.0324620716274, "max": 0.433224439621, "dmean": 0.0205950438976}, "silence_rate_20dB": {"dvar": 0, "mean": 1, "min": 1, "median": 1, "dvar2": 0, "var": 0, "dmean2": 0, "max": 1, "dmean": 0}, "gfcc": {"cov": [[18341.5800781, 376.337310791, 16.8152313232, 536.612854004, -213.192626953, 293.917480469, -286.149139404, 218.209335327, -69.3265380859, 93.4964675903, -74.3382797241, 55.5852088928, -149.80809021], [376.337310791, 1732.24658203, -421.470397949, 171.99836731, 218.33013916, -77.048828125, 173.88684082, -46.4517250061, 29.4553833008, -109.730102539, 114.948364258, -151.058822632, 51.236366272], [16.8152313232, -421.470397949, 736.393371582, 160.103637695, 59.8424224854, 23.1654968262, -63.5265731812, 10.2714309692, 30.7109546661, 68.585975647, -49.0482826233, 72.1766433716, -68.5919494629], [536.612854004, 171.99836731, 160.103637695, 475.881958008, 93.7297744751, 45.0321540833, -12.8041343689, 0.698711872101, 71.679359436, 27.6772670746, -9.14922809601, 3.16830611229, -22.8512783051], [-213.192626953, 218.33013916, 59.8424224854, 93.7297744751, 238.374191284, 26.6956043243, 65.8848495483, 8.94973659515, 40.1910476685, 7.52444314957, 8.29923439026, -1.63218832016, -9.00035858154], [293.917480469, -77.048828125, 23.1654968262, 45.0321540833, 26.6956043243, 208.581817627, 79.8680801392, 17.0191993713, 12.6804904938, 24.5650920868, 1.37946915627, -6.88387298584, -20.4403858185], [-286.149139404, 173.88684082, -63.5265731812, -12.8041343689, 65.8848495483, 79.8680801392, 184.25730896, 17.369644165, 8.91131496429, -15.649058342, 14.506978035, -23.9098510742, 0.879023194313], [218.209335327, -46.4517250061, 10.2714309692, 0.698711872101, 8.94973659515, 17.0191993713, 17.369644165, 105.948921204, 17.1775150299, 10.3660182953, -4.33744764328, 14.575261116, 8.33276176453], [-69.3265380859, 29.4553833008, 30.7109546661, 71.679359436, 40.1910476685, 12.6804904938, 8.91131496429, 17.1775150299, 90.8443145752, 23.3248901367, 2.52084422112, 3.4828851223, -1.20560312271], [93.4964675903, -109.730102539, 68.585975647, 27.6772670746, 7.52444314957, 24.5650920868, -15.649058342, 10.3660182953, 23.3248901367, 82.197807312, 9.30089473724, 18.1506004333, -10.3264513016], [-74.3382797241, 114.948364258, -49.0482826233, -9.14922809601, 8.29923439026, 1.37946915627, 14.506978035, -4.33744764328, 2.52084422112, 9.30089473724, 74.7066192627, 5.12109518051, 8.17401504517], [55.5852088928, -151.058822632, 72.1766433716, 3.16830611229, -1.63218832016, -6.88387298584, -23.9098510742, 14.575261116, 3.4828851223, 18.1506004333, 5.12109518051, 75.3270797729, 5.46267986298], [-149.80809021, 51.236366272, -68.5919494629, -22.8512783051, -9.00035858154, -20.4403858185, 0.879023194313, 8.33276176453, -1.20560312271, -10.3264513016, 8.17401504517, 5.46267986298, 68.2188568115]], "mean": [-4.929895401, 96.856552124, -112.003158569, 15.0737628937, -62.6989898682, 11.7779397964, -42.1575431824, 6.95655107498, -26.7916145325, 1.52157628536, -10.6594724655, -2.38697052002, -4.21761703491], "icov": [[7.22370241419e-05, -9.58705859375e-05, 2.33355658565e-05, -5.56972845516e-05, 0.000117402327305, -0.000194735199329, 0.00021666084649, -0.000205203221412, 0.000143299854244, -8.98732614587e-05, 0.000161560601555, -0.000182743417099, 0.000199060072191], [-9.58705859375e-05, 0.00152392638847, 0.000432869215729, -0.000634148018435, -0.00114167016, 0.0011905177962, -0.00105373864062, 0.000475157954497, -0.000202988041565, 0.00117745622993, -0.00211563007906, 0.00231864629313, -0.000728169863578], [2.33355658565e-05, 0.000432869215729, 0.00218786671758, -0.000678277865518, -0.000721939431969, 0.000220007932512, 0.000213586492464, 3.25498076563e-05, 0.000154911060235, -0.000683792168275, 0.000734912988264, -0.0011569946073, 0.00156652892474], [-5.56972845516e-05, -0.000634148018435, -0.000678277865518, 0.00314397667535, -0.00040968801477, -0.000964813458268, 0.00096771819517, 0.000327018438838, -0.00186985114124, -0.000239783097641, 0.000859749910887, -0.000494576641358, 0.000196816661628], [0.000117402327305, -0.00114167016, -0.000721939431969, -0.00040968801477, 0.00635760650039, -0.000479123846162, -0.00137948570773, -0.000397171068471, -0.0012449856149, -0.000824504706543, 0.00106902816333, -0.00181473232806, 0.000884081004187], [-0.000194735199329, 0.0011905177962, 0.000220007932512, -0.000964813458268, -0.000479123846162, 0.00771035952494, -0.00436575850472, 0.00018232651928, 3.5758746435e-06, -0.00138321600389, -0.00126547610853, 0.00200694706291, 0.000638868892565], [0.00021666084649, -0.00105373864062, 0.000213586492464, 0.00096771819517, -0.00137948570773, -0.00436575850472, 0.00957857910544, -0.00186879537068, -5.15388273925e-05, 0.0013961881632, 0.000117316034448, 6.83589241817e-05, 0.000611753785051], [-0.000205203221412, 0.000475157954497, 3.25498076563e-05, 0.000327018438838, -0.000397171068471, 0.00018232651928, -0.00186879537068, 0.011157550849, -0.00223373854533, -0.000446929829195, 0.00062925752718, -0.00136601971462, -0.00207492499612], [0.000143299854244, -0.000202988041565, 0.000154911060235, -0.00186985114124, -0.0012449856149, 3.5758746435e-06, -5.15388273925e-05, -0.00223373854533, 0.0145325064659, -0.0037504225038, 0.000347661291016, 3.27327179548e-05, -0.000248280615779], [-8.98732614587e-05, 0.00117745622993, -0.000683792168275, -0.000239783097641, -0.000824504706543, -0.00138321600389, 0.0013961881632, -0.000446929829195, -0.0037504225038, 0.0170247014612, -0.00462068337947, -0.000190388149349, 0.000743504962884], [0.000161560601555, -0.00211563007906, 0.000734912988264, 0.000859749910887, 0.00106902816333, -0.00126547610853, 0.000117316034448, 0.00062925752718, 0.000347661291016, -0.00462068337947, 0.0182207375765, -0.00543604791164, 0.000212942730286], [-0.000182743417099, 0.