{"tonal": {"hpcp": {"dvar": [0.034160669893, 0.0307969357818, 0.025222113356, 0.0240855980664, 0.0254872255027, 0.0293751116842, 0.0384556725621, 0.028161033988, 0.0267303455621, 0.0228908620775, 0.0247811898589, 0.0337856002152, 0.0419113226235, 0.0336835682392, 0.03616611287, 0.044715590775, 0.0398074351251, 0.0274046901613, 0.0231887530535, 0.0218031685799, 0.0278691072017, 0.0348731279373, 0.0313450805843, 0.0372238010168, 0.022054689005, 0.0166803412139, 0.0282055456191, 0.0344369895756, 0.0330299474299, 0.033032733947, 0.0277305170894, 0.0220498088747, 0.0246843639761, 0.0277516953647, 0.0297195017338, 0.0339624285698], "var": [0.0783271417022, 0.0364424735308, 0.0244988203049, 0.0246994607151, 0.0266682878137, 0.0592529326677, 0.101160421968, 0.0416297055781, 0.0217678714544, 0.0176555011421, 0.0222987476736, 0.0698174610734, 0.123463019729, 0.0524162724614, 0.0617168098688, 0.138721197844, 0.0694922730327, 0.022895578295, 0.0185013748705, 0.0197168458253, 0.0472298450768, 0.0940459147096, 0.0561960376799, 0.0337936356664, 0.0185448601842, 0.0154626704752, 0.0443644933403, 0.078525647521, 0.0626645684242, 0.0366214178503, 0.0252463836223, 0.0192143581808, 0.0404680334032, 0.0517414063215, 0.0322055071592, 0.0600628182292], "median": [0.0727839395404, 0.0408829525113, 0.013536548242, 0.0117963273078, 0.0180645082146, 0.0409051142633, 0.0474014058709, 0.0307823698968, 0.0107676191255, 0.00860881898552, 0.016849251464, 0.0774398893118, 0.0997337698936, 0.0663958638906, 0.0458874627948, 0.0349657461047, 0.0248909089714, 0.016447275877, 0.0130108976737, 0.0146730812266, 0.0440033301711, 0.0621180422604, 0.0468627884984, 0.0171173792332, 0.0123635288328, 0.0154121899977, 0.0449434369802, 0.0604280494153, 0.0370669700205, 0.0141760660335, 0.0090362271294, 0.01307960134, 0.0352808907628, 0.0465799942613, 0.0389623902738, 0.0568481571972], "max": [1, 1, 1, 1, 1, 1, 1, 1, 1, 1, 1, 1, 1, 1, 1, 1, 1, 1, 1, 1, 1, 1, 1, 1, 1, 1, 1, 1, 1, 1, 1, 1, 1, 1, 1, 1], "dmean": [0.11314573884, 0.0938109979033, 0.0650761798024, 0.0590981729329, 0.0682011544704, 0.0976688340306, 0.10742674768, 0.0879344940186, 0.0625737458467, 0.0550484471023, 0.0681096613407, 0.117206223309, 0.127528518438, 0.11624892056, 0.113397032022, 0.104543611407, 0.104959122837, 0.0741374418139, 0.0582254566252, 0.0624278411269, 0.0954978018999, 0.107027135789, 0.10492207855, 0.093108907342, 0.0671104490757, 0.0567229129374, 0.09707210958, 0.114593528211, 0.102358192205, 0.0891300663352, 0.0693019777536, 0.0619956739247, 0.0816930159926, 0.0926013290882, 0.0938932299614, 0.11061912775], "dmean2": [0.188393697143, 0.161615371704, 0.117648139596, 0.106591120362, 0.122278884053, 0.165479645133, 0.182316377759, 0.150913625956, 0.113144427538, 0.100430980325, 0.122071795166, 0.19697086513, 0.213955372572, 0.197162568569, 0.194829359651, 0.181822046638, 0.182772576809, 0.13214443624, 0.104242280126, 0.110788084567, 0.162468582392, 0.179753959179, 0.179925739765, 0.168383836746, 0.121311292052, 0.100258938968, 0.164590656757, 0.189906358719, 0.174690797925, 0.155553251505, 0.124359421432, 0.111286871135, 0.139854058623, 0.158069387078, 0.165430396795, 0.188930913806], "mean": [0.200481951237, 0.118434473872, 0.0637675747275, 0.06029387936, 0.0702342614532, 0.15935832262, 0.210834741592, 0.12389113009, 0.0563192330301, 0.0473840869963, 0.067659728229, 0.20257177949, 0.280028164387, 0.17186743021, 0.173113107681, 0.247960776091, 0.163373157382, 0.0683515220881, 0.0535749718547, 0.0589651055634, 0.142470687628, 0.211787238717, 0.15250518918, 0.0887602195144, 0.0607596635818, 0.0554238110781, 0.133348584175, 0.191292107105, 0.145604863763, 0.0895665735006, 0.0625639557838, 0.0585359111428, 0.114356853068, 0.138570219278, 0.107428826392, 0.165410995483], "dvar2": [0.0850658267736, 0.0839546844363, 0.0703370496631, 0.068172737956, 0.0718177258968, 0.0772339403629, 0.096036285162, 0.0735206529498, 0.074079066515, 0.0649757683277, 0.0705254971981, 0.0879931077361, 0.0990077406168, 0.0876362174749, 0.0972087979317, 0.110186703503, 0.10535415262, 0.077510856092, 0.0650427788496, 0.0590288452804, 0.0738033950329, 0.0829050913453, 0.081551104784, 0.106319449842, 0.0629896596074, 0.0455961376429, 0.0740038231015, 0.0850636735559, 0.0841520950198, 0.0889300853014, 0.0758585929871, 0.0604604184628, 0.0653650388122, 0.072444319725, 0.0820034891367, 0.0905375406146], "min": [0, 0, 0, 0, 0, 0, 0, 0, 0, 0, 0, 0, 0, 0, 0, 0, 0, 0, 0, 0, 0, 0, 0, 0, 0, 0, 0, 0, 0, 0, 0, 0, 0, 0, 0, 0]}, "key_key": "D", "thpcp": [1, 0.613750517368, 0.618198931217, 0.885485112667, 0.583416879177, 0.244088023901, 0.191319942474, 0.210568487644, 0.508772730827, 0.756306946278, 0.544606626034, 0.316968888044, 0.216976970434, 0.19792227447, 0.476197034121, 0.683117389679, 0.519965052605, 0.319848448038, 0.223420232534, 0.209035798907, 0.408376246691, 0.494843870401, 0.383635789156, 0.590694129467, 0.715934932232, 0.422937721014, 0.227718427777, 0.215313628316, 0.250811427832, 0.569079637527, 0.752905488014, 0.442423820496, 0.201119884849, 0.169211864471, 0.241617590189, 0.72339785099], "chords_key": "F#", "tuning_equal_tempered_deviation": 0.0788350999355, "tuning_frequency": 441.782684326, "tuning_diatonic_strength": 0.504777431488, "chords_histogram": [10.8552284241, 25.7720088959, 15.7856168747, 9.27457332611, 13.1895742416, 3.76844978333, 1.01538789272, 0, 2.55417156219, 0.512927889824, 3.51721978188, 0.429184556007, 0.701350390911, 0.094211243093, 1.5911232233, 1.19334244728, 0, 0.701350390911, 0.230294153094, 0.272165805101, 0.743221998215, 1.40270078182, 1.14100277424, 5.25489377975], "key_strength": 0.719029963017, "key_scale": "major", "chords_strength": {"dvar": 0.000316014280543, "var": 0.0171891599894, "median": 0.51604694128, "max": 0.794259369373, "dmean": 0.00975932274014, "dmean2": 0.00878118909895, "mean": 0.504750907421, "dvar2": 0.000557203195058, "min": -1}, "chords_number_rate": 0.00146550824866, "tuning_nontempered_energy_ratio": 0.720799803734, "hpcp_entropy": {"dvar": 0.237844064832, "var": 0.594244360924, "median": 1.8290463686, "max": 4.24370670319, "dmean": 0.54589921236, "dmean2": 0.915121257305, "mean": 1.81558859348, "dvar2": 0.622184157372, "min": 0}, "chords_changes_rate": 0.0585156492889, "chords_scale": "minor"}, "rhythm": {"bpm_histogram_first_peak_spread": {"dvar": 0, "var": 0, "median": 0.549145340919, "max": 0.549145340919, "dmean": 0, "dmean2": 0, "mean": 0.549145340919, "dvar2": 0, "min": 0.549145340919}, "bpm_histogram_first_peak_weight": {"dvar": 0, "var": 0, "median": 0.2060546875, "max": 0.2060546875, "dmean": 0, "dmean2": 0, "mean": 0.2060546875, "dvar2": 0, "min": 0.2060546875}, "bpm_histogram_first_peak_bpm": {"dvar": 0, "var": 0, "median": 144, "max": 144, "dmean": 0, "dmean2": 0, "mean": 144, "dvar2": 0, "min": 144}, "bpm": 143.624069214, "bpm_histogram_second_peak_weight": {"dvar": 0, "var": 0, "median": 0.103515625, "max": 0.103515625, "dmean": 0, "dmean2": 0, "mean": 0.103515625, "dvar2": 0, "min": 0.103515625}, "beats_loudness": {"dvar": 0.00070104689803, "var": 0.0014284288045, "median": 0.0303922425956, "max": 0.226426407695, "dmean": 0.020167728886, "dmean2": 0.0361940898001, "mean": 0.0394754856825, "dvar2": 0.00208301702514, "min": 0}, "beats_loudness_band_ratio": {"dvar": [0.019538262859, 0.0264938995242, 0.0194482915103, 0.00988877937198, 0.00289413612336, 0.00797110702842], "var": [0.0748917162418, 0.0586038306355, 0.0259964726865, 0.0221622157842, 0.00400989828631, 0.00509687885642], "median": [0.410235762596, 0.179585844278, 0.117151714861, 0.0695342645049, 0.0490403957665, 0.0189343951643], "max": [0.980080842972, 0.961676299572, 0.868327438831, 0.881743967533, 0.461637377739, 0.810541808605], "dmean": [0.147205233574, 0.157789245248, 0.122406445444, 0.0818779319525, 0.0461226031184, 0.0320927575231], "dmean2": [0.252663940191, 0.274295389652, 0.215926587582, 0.142584696412, 0.0816445425153, 0.0583188384771], "mean": [0.385512769222, 0.267216801643, 0.172465741634, 0.117663703859, 0.0667646154761, 0.0360982902348], "dvar2": [0.055054269731, 0.0685788989067, 0.0527603887022, 0.0273711197078, 0.00840591266751, 0.0224221795797], "min": [0, 0, 0, 0, 0, 0]}, "bpm_histogram_second_peak_bpm": {"dvar": 0, "var": 0, "median": 152, "max": 152, "dmean": 0, "dmean2": 0, "mean": 152, "dvar2": 0, "min": 152}, "onset_rate": 2.57435870171, "beats_count": 1025, "beats_position": [0.406349211931, 0.835918366909, 1.25387752056, 1.68344664574, 2.11301589012, 2.53097510338, 2.96054410934, 3.39011335373, 3.8196823597, 4.23764181137, 4.66721057892, 5.08516979218, 5.50312900543, 5.92108821869, 6.33904743195, 6.7570066452, 7.17496585846, 7.59292507172, 7.99927425385, 8.40562343597, 8.8119726181, 9.21832180023, 9.62467098236, 10.0310201645, 10.4954195023, 10.95981884, 11.4358272552, 11.8886165619, 12.3297958374, 12.7709751129, 13.2121543884, 13.6649427414, 14.117732048, 14.5821313858, 15.0233106613, 15.4760990143, 15.9288883209, 16.3816776276, 16.8344669342, 17.2756462097, 17.7168254852, 18.1580047607, 18.6224040985, 19.0751914978, 19.5163707733, 19.96916008, 20.4335594177, 20.8979587555, 21.3507480621, 21.8035373688, 22.2679367065, 22.6858959198, 23.1038551331, 23.5218143463, 23.9513835907, 24.3809528351, 24.7989120483, 25.2052612305, 25.6232185364, 26.0295696259, 26.4475269318, 26.958366394, 27.4808158875, 28.014875412, 28.5837631226, 29.1526527405, 29.7099323273, 30.1627197266, 30.6155090332, 31.0682983398, 31.5210876465, 31.9738769531, 32.4266662598, 32.8794555664, 33.332244873, 33.7850341797, 34.2378234863, 34.690612793, 35.1434020996, 35.6658477783, 36.1882972717, 36.7107467651, 37.2912483215, 37.8717460632, 38.4406356812, 39.0791816711, 39.7177314758, 40.3562812805, 40.9948310852, 41.6217689514, 42.2487068176, 42.8756446838, 43.4909744263, 44.1063041687, 44.7216300964, 45.3369598389, 45.9406776428, 46.5095672607, 47.0784568787, 47.6473464966, 48.2278442383, 48.80834198, 49.3772315979, 49.9461212158, 50.5150108337, 51.0955085754, 51.6643981934, 52.2797279358, 52.8950538635, 53.4987754822, 54.1141014099, 54.7294311523, 55.367980957, 56.0065307617, 56.6218566895, 57.2371864319, 57.8525161743, 58.491065979, 59.129611969, 59.6868934631, 60.2441711426, 60.801448822, 61.2426300049, 61.6721992493, 62.1017684937, 62.531337738, 62.9609069824, 63.3904762268, 63.8200454712, 64.1567306519, 64.4934234619, 64.8301086426, 65.1784133911, 65.5267105103, 65.8866195679, 66.2465286255, 66.6064376831, 66.9779586792, 67.3378677368, 67.6977767944, 68.0576858521, 68.4059829712, 68.7542877197, 69.1025848389, 69.450881958, 69.7991790771, 70.1939239502, 70.5886611938, 70.9833984375, 71.4013595581, 71.8193206787, 72.2372741699, 72.666847229, 73.0964126587, 73.5143737793, 73.9207229614, 74.338684082, 74.7450332642, 75.1513824463, 75.5577316284, 75.975692749, 76.3936462402, 76.8232192993, 77.252784729, 77.6939697266, 78.1235351562, 78.5531082153, 78.9942855835, 79.4238510132, 79.8650360107, 80.4223098755, 80.9679794312, 81.5020370483, 82.047706604, 82.5933761597, 83.1390457153, 83.591835022, 84.0446243286, 84.5090255737, 84.9618148804, 85.4029922485, 85.8441696167, 86.2853469849, 86.7265319824, 87.1560974121, 87.5856704712, 88.0152359009, 88.44480896, 88.8743743896, 89.2807235718, 89.6870727539, 90.093421936, 90.4997711182, 90.9293441772, 91.3589096069, 91.788482666, 92.1716079712, 92.5547409058, 92.9494781494, 93.3442153931, 93.7273483276, 94.0872573853, 94.458770752, 94.830291748, 95.1902008057, 95.5501098633, 95.9100189209, 96.2699279785, 96.6182327271, 96.9665298462, 97.3264389038, 97.6863479614, 98.0346450806, 98.3945541382, 98.7544631958, 99.1259841919, 99.625213623, 100.124443054, 100.623672485, 101.111289978, 101.610519409, 102.098136902, 102.597366333, 103.096595764, 103.595825195, 104.025398254, 104.443351746, 104.861312866, 105.279273987, 105.720451355, 106.161628723, 106.591201782, 107.009155273, 107.427116394, 107.856689453, 108.286254883, 108.715827942, 109.145393372, 109.574966431, 109.992919922, 110.434104919, 110.863670349, 111.293243408, 111.722808838, 112.152381897, 112.581947327, 113.011520386, 113.441085815, 113.870658875, 114.300224304, 114.729797363, 115.159362793, 115.588935852, 116.018501282, 116.448066711, 116.866027832, 117.3072052, 117.736778259, 118.166343689, 118.595916748, 119.00226593, 119.408615112, 119.814964294, 120.1980896, 120.61605072, 121.034011841, 121.440361023, 121.858322144, 122.276275635, 122.694236755, 123.123809814, 123.553375244, 123.982948303, 124.412513733, 124.830474854, 125.260040283, 125.689613342, 126.119178772, 126.548751831, 126.966712952, 127.384666443, 127.802627563, 128.220581055, 128.638549805, 129.056503296, 129.486068726, 129.915649414, 130.333602905, 130.751556396, 131.169525146, 131.587478638, 132.017044067, 132.446624756, 132.864578247, 133.282531738, 133.700500488, 134.118453979, 134.536407471, 134.954376221, 135.372329712, 135.790298462, 136.219863892, 136.637817383, 137.055786133, 137.473739624, 137.891693115, 138.309661865, 138.739227295, 139.157180786, 139.575149536, 139.993103027, 140.411056519, 140.829025269, 141.235366821, 141.641723633, 142.059677124, 142.477645874, 142.895599365, 143.313552856, 143.731521606, 144.149475098, 144.567428589, 144.985397339, 145.414962769, 145.82131958, 146.239273071, 146.657226562, 147.051971436, 147.446716309, 147.841445923, 148.259414673, 148.677368164, 149.095321655, 149.501678467, 149.896408081, 150.302764893, 150.709106445, 151.115463257, 151.52180481, 151.928161621, 152.346115112, 152.764083862, 153.182037354, 153.599990845, 154.017959595, 154.424301147, 154.842269897, 155.260223389, 155.67817688, 156.09614563, 156.514099121, 156.943664551, 157.361633301, 157.779586792, 158.209152222, 158.63873291, 159.06829834, 159.49786377, 159.915817261, 160.345397949, 160.774963379, 161.19291687, 161.61088562, 162.028839111, 162.458404541, 162.887985229, 163.317550659, 163.828384399, 164.339233398, 164.861679077, 165.384124756, 165.906570435, 166.429016113, 166.905029297, 167.38104248, 167.845443726, 168.298233032, 168.762634277, 169.227020264, 169.691421509, 170.144210815, 170.597000122, 171.03817749, 171.490966797, 171.920547485, 172.361724854, 172.802902222, 173.24407959, 173.685256958, 174.114822388, 174.532791138, 174.962356567, 175.380310059, 175.798278809, 176.2162323, 176.634185791, 177.063766479, 177.493331909, 177.922897339, 178.352462769, 178.793640137, 179.234832764, 179.676010132, 180.1171875, 180.54675293, 180.987930298, 181.417495728, 181.847076416, 182.276641846, 182.694595337, 183.124176025, 183.553741455, 183.983306885, 184.412872314, 184.842453003, 185.283630371, 185.713195801, 186.154373169, 186.595550537, 187.036727905, 187.477905273, 187.919082642, 188.34866333, 188.801452637, 189.265853882, 189.730239868, 190.194641113, 190.635818481, 191.07699585, 191.529785156, 191.936141968, 192.342483521, 192.760452271, 193.178405762, 193.607971191, 194.025939941, 194.443893433, 194.873458862, 195.279815674, 195.697769165, 196.115737915, 196.545303345, 196.974868774, 197.392837524, 197.810791016, 198.228744507, 198.646713257, 199.076278687, 199.505844116, 199.935409546, 200.364990234, 200.794555664, 201.224121094, 201.642089844, 202.060043335, 202.477996826, 202.895965576, 203.313919067, 203.731872559, 204.149841309, 204.5677948, 204.997360229, 205.415328979, 205.833282471, 206.251235962, 206.657592773, 207.075546265, 207.493515015, 207.911468506, 208.329421997, 208.747390747, 209.142120361, 209.548477173, 209.966430664, 210.372787476, 210.790740967, 211.208709717, 211.626663208, 212.044616699, 212.462585449, 212.88053894, 213.31010437, 213.739685059, 214.15763855, 214.575592041, 214.993560791, 215.399902344, 215.806259155, 216.224212646, 216.642166138, 217.060134888, 217.478088379, 217.872833252, 218.279174805, 218.685531616, 219.091873169, 219.49822998, 219.916183472, 220.334152222, 220.740493774, 221.146850586, 221.5415802, 221.936325073, 222.331054688, 222.725799561, 223.132156372, 223.538497925, 223.944854736, 224.351196289, 224.757553101, 225.18711853, 225.605072021, 226.023040771, 226.440994263, 226.858947754, 227.276916504, 227.694869995, 228.101226807, 228.507568359, 228.902313232, 229.308654785, 229.726623535, 230.132965088, 230.550918579, 230.968887329, 231.38684082, 231.80480957, 232.222763062, 232.629104614, 233.047073364, 233.453414917, 233.859771729, 234.266113281, 234.672470093, 235.078811646, 235.473556519, 235.879898071, 236.297866821, 236.704208374, 237.122177124, 237.540130615, 237.958084106, 238.376052856, 238.782394409, 239.188751221, 239.595092773, 240.001449585, 240.419403076, 240.837371826, 241.243713379, 241.65007019, 242.056411743, 242.462768555, 242.869110107, 243.275466919, 243.681808472, 244.088165283, 244.506118774, 244.924072266, 245.330429077, 245.73677063, 246.15473938, 246.572692871, 247.002258301, 247.431838989, 247.861404419, 248.290969849, 248.720535278, 249.150115967, 249.591293335, 250.032470703, 250.462036133, 250.891601562, 251.321166992, 251.750747681, 252.191925049, 252.644714355, 253.097503662, 253.550292969, 254.119186401, 254.664840698, 255.210510254, 255.767791748, 256.325073242, 256.882354736, 257.43963623, 257.996917725, 258.577423096, 259.14630127, 259.715179443, 260.295684814, 260.852966309, 261.410247803, 261.967529297, 262.524810791, 263.093688965, 263.662567139, 264.24307251, 264.777130127, 265.311187744, 265.833648682, 266.379302979, 266.924987793, 267.47064209, 267.88861084, 268.30657959, 268.712921143, 269.119262695, 269.525604248, 269.931976318, 270.338317871, 270.744659424, 271.162628174, 271.580596924, 271.998535156, 272.416503906, 272.834472656, 273.240814209, 273.658782959, 274.076721191, 274.494689941, 274.924255371, 275.353820801, 275.78338623, 276.21295166, 276.642547607, 277.072113037, 277.501678467, 277.919647217, 278.337585449, 278.755554199, 279.173522949, 279.591461182, 279.997802734, 280.404174805, 280.822113037, 281.240081787, 281.658050537, 282.06439209, 282.48236084, 282.900299072, 283.306671143, 283.724609375, 284.142578125, 284.560546875, 284.978485107, 285.384857178, 285.79119873, 286.197540283, 286.603881836, 287.010253906, 287.416595459, 287.822937012, 288.229278564, 288.624023438, 289.018768311, 289.425109863, 289.831481934, 290.226196289, 290.620941162, 291.015686035, 291.422027588, 291.816772461, 292.223114014, 292.617858887, 293.01260376, 293.407348633, 293.802093506, 294.196807861, 294.591552734, 294.986297607, 295.38104248, 295.775787354, 296.170501709, 296.553649902, 296.936767578, 297.331512451, 297.726257324, 298.109375, 298.492523193, 298.887237549, 299.281982422, 299.676727295, 300.094696045, 300.512634277, 300.930603027, 301.348571777, 301.74331665, 302.149658203, 302.555999756, 302.973968506, 303.380310059, 303.798278809, 304.204620361, 304.622589111, 305.028930664, 305.435272217, 305.853240967, 306.271209717, 306.67755127, 307.083892822, 307.501861572, 307.919799805, 308.337768555, 308.744110107, 309.150482178, 309.56842041, 309.97479248, 310.381134033, 310.775878906, 311.170593262, 311.576965332, 311.983306885, 312.401275635, 312.819213867, 313.225585938, 313.63192749, 314.038269043, 314.444610596, 314.862579346, 315.280548096, 315.698486328, 316.104858398, 316.511199951, 316.905944824, 317.300689697, 317.71862793, 318.113372803, 318.508117676, 318.902862549, 319.297576904, 319.703948975, 320.110290527, 320.528259277, 320.94619751, 321.35256958, 321.747283936, 322.153656006, 322.559997559, 322.966339111, 323.361083984, 323.755828857, 324.15057373, 324.545288086, 324.940032959, 325.334777832, 325.729522705, 326.112640381, 326.495788574, 326.89050293, 327.285247803, 327.679992676, 328.074737549, 328.457855225, 328.841003418, 329.235717773, 329.630462646, 330.02520752, 330.419952393, 330.814697266, 331.209442139, 331.592559814, 331.97567749, 332.358825684, 332.741943359, 333.125061035, 333.508209229, 333.902954102, 334.297668457, 334.68081665, 335.063934326, 335.458679199, 335.841796875, 336.224945068, 336.619689941, 337.014404297, 337.39755249, 337.792297363, 338.187011719, 338.581756592, 338.964904785, 339.359619141, 339.742767334, 340.137512207, 340.520629883, 340.915374756, 341.310119629, 341.704833984, 342.099578857, 342.49432373, 342.877441406, 343.2605896, 343.632110596, 344.026855469, 344.409973145, 344.79309082, 345.164611816, 345.559356689, 345.942474365, 346.337219238, 346.720367432, 347.103485107, 347.486602783, 347.858123779, 348.241271973, 348.624389648, 349.019134521, 349.402252197, 349.785400391, 350.168518066, 350.551635742, 350.946380615, 351.329528809, 351.712646484, 352.09576416, 352.490509033, 352.873657227, 353.256774902, 353.639892578, 354.011413574, 354.406158447, 354.789276123, 355.172424316, 355.543945312, 355.938690186, 356.333404541, 356.728149414, 357.122894287, 357.51763916, 357.900756836, 358.283905029, 358.678619385, 359.073364258, 359.468109131, 359.851226807, 360.234375, 360.629119873, 361.012237549, 361.395355225, 361.766876221, 362.138397217, 362.53314209, 362.927886963, 363.334228516, 363.740570068, 364.123718262, 364.506835938, 364.901580811, 365.296325684, 365.691070557, 366.085784912, 366.457305908, 366.828826904, 367.211975098, 367.595092773, 367.978210449, 368.349731445, 368.744476318, 369.139221191, 369.545562744, 369.951934814, 370.358276367, 370.7762146, 371.217407227, 371.728240967, 372.215881348, 372.703491211, 373.237548828, 373.771606445, 374.305664062, 374.83972168, 375.373779297, 375.907836914, 376.430297852, 376.952728271, 377.463562012, 377.97442627, 378.48526001, 378.949645996, 379.402435303, 379.855224609, 380.308013916, 380.760803223, 381.225219727, 381.689605713, 382.153991699, 382.618408203, 383.094421387, 383.593658447, 384.081268311, 384.568878174, 385.056488037, 385.532501221, 386.008514404, 386.507751465, 387.006988525, 387.506195068, 388.051879883, 388.609161377, 389.154815674, 389.642456055, 390.118438721, 390.606079102, 391.082092285, 391.558074951, 392.045715332, 392.521728516, 392.997711182, 393.485351562, 393.961364746, 394.448974609, 394.936584473, 395.296508789, 395.644805908, 395.993103027, 396.341400146, 396.689697266, 397.037994385, 397.386291504, 397.734588623, 398.082885742, 398.419586182, 398.756286621, 399.092956543, 399.429656982, 399.777954102, 400.1378479, 400.486175537, 400.846069336, 401.194366455, 401.589111328, 401.972229004, 402.366973877, 402.726898193, 403.086791992, 403.446716309, 403.806610107, 404.166534424, 404.526428223, 404.886352539, 405.234649658, 405.582946777, 405.931243896, 406.279541016, 406.627838135, 406.976135254, 407.324432373, 407.672729492, 408.032653809, 408.404174805, 408.775695801, 409.147216797, 409.518737793, 409.901855469, 410.261749268, 410.621673584, 410.981567383, 411.341491699, 411.678192139, 412.014862061, 412.3515625, 412.688232422, 413.036560059, 413.396453857, 413.756378174, 414.116271973, 414.476196289, 414.836090088, 415.196014404, 415.544311523, 415.892608643, 416.240905762, 416.600799561, 416.960723877, 417.309020996, 417.668914795, 418.028839111, 418.38873291, 418.748657227, 419.096954346, 419.445251465, 419.793548584, 420.141845703, 420.490142822, 420.826843262, 421.163543701, 421.488616943, 421.825286865, 422.161987305, 422.510284424, 422.846984863, 423.195281982, 423.531951904, 423.880279541, 424.22857666, 424.576873779, 424.913543701, 425.412780762, 425.912017822, 426.411224365, 426.910461426, 427.409698486, 428.071472168, 428.73324585, 429.394989014, 430.056762695, 430.718536377, 431.368713379, 432.018859863, 432.680633545, 433.330780029, 433.992553711, 434.654327393, 435.316101074, 435.977874756, 436.63961792, 437.301391602, 437.974761963, 438.648162842, 439.333129883, 440.029754639, 440.726348877, 441.422943115, 442.119537354, 442.816131592], "danceability": 1.07199716568, "bpm_histogram_second_peak_spread": {"dvar": 0, "var": 0, "median": 0, "max": 0, "dmean": 0, "dmean2": 0, "mean": 0, "dvar2": 0, "min": 0}}, "lowlevel": {"spectral_flux": {"dvar": 0.00164928054437, "var": 0.00394421769306, "median": 0.0610997565091, "max": 0.519499480724, "dmean": 0.0225337669253, "dmean2": 0.0370139442384, "mean": 0.0726380944252, "dvar2": 0.00428276415914, "min": 6.38155084332e-11}, "spectral_rolloff": {"dvar": 510128.625, "var": 2463261.25, "median": 882.861328125, "max": 19552.1484375, "dmean": 342.694030762, "dmean2": 576.787902832, "mean": 1230.83447266, "dvar2": 1061706.75, "min": 64.599609375}, "barkbands_flatness_db": {"dvar": 0.000449639861472, "var": 0.00547085888684, "median": 0.165392100811, "max": 0.447345912457, "dmean": 0.0195328760892, "dmean2": 0.0300484392792, "mean": 0.175955638289, "dvar2": 0.00105154968332, "min": 0.0317326933146}, "spectral_centroid": {"dvar": 65657.8125, "var": 824755.75, "median": 1153.17089844, "max": 11830.3857422, "dmean": 177.022796631, "dmean2": 276.343536377, "mean": 1228.99499512, "dvar2": 130239.6875, "min": 212.929199219}, "melbands_skewness": {"dvar": 0.742552816868, "var": 2.07598733902, "median": 2.25242161751, "max": 16.0103607178, "dmean": 0.651650309563, "dmean2": 1.00193297863, "mean": 2.49019098282, "dvar2": 1.67915809155, "min": -1.23574590683}, "melbands": {"dvar": [8.19151973701e-05, 9.11733059183e-06, 1.3111299495e-06, 1.12344719128e-06, 2.26696172945e-07, 6.65208190753e-08, 6.08195023233e-08, 7.75150823529e-08, 8.11885243479e-08, 5.04095467591e-08, 2.6670392117e-08, 2.38702817512e-08, 7.53254614239e-09, 8.29220958565e-09, 2.47140818921e-09, 3.26080518143e-09, 2.38630981642e-09, 3.50451578868e-09, 1.57382451516e-09, 1.17483467399e-09, 1.33684607828e-09, 3.53316764734e-10, 3.94442895013e-10, 4.08087952319e-10, 1.24084575948e-10, 1.3256991338e-10, 8.08930908369e-11, 3.08330791454e-11, 4.98879167143e-11, 6.93831728182e-11, 4.9447425321e-11, 9.11098019946e-12, 3.57512153562e-12, 1.83274857964e-12, 9.81997794712e-13, 3.34843128702e-13, 4.92915170486e-13, 8.74725964405e-13, 4.79042261588e-13, 2.4859479167e-13], "var": [7.4428593507e-05, 1.20612494356e-05, 1.75199511432e-06, 1.36974449561e-06, 6.32755813967e-07, 1.65793565543e-07, 1.64527094171e-07, 2.49486305393e-07, 2.56568569057e-07, 1.87580397437e-07, 1.00003290981e-07, 1.10644045037e-07, 1.97194598428e-08, 2.96507653985e-08, 7.83720377484e-09, 9.79314673799e-09, 6.53638743131e-09, 8.7672527016e-09, 4.20391144118e-09, 3.22647042417e-09, 4.54487691925e-09, 1.1131041644e-09, 1.15505083276e-09, 1.0992239341e-09, 3.52470302944e-10, 3.74942410453e-10, 1.76985939793e-10, 5.88455256745e-11, 1.08305260593e-10, 1.65788119344e-10, 1.00591146523e-10, 1.5280481741e-11, 6.38694435881e-12, 3.38066532234e-12, 2.00786999874e-12, 6.41284226242e-13, 1.05879909874e-12, 1.69753848565e-12, 1.15210098406e-12, 6.66721127092e-13], "median": [0.000608772330452, 0.000728229642846, 0.00030637945747, 0.000396953779273, 0.000367419270333, 0.000150106367073, 0.000125176826259, 0.000154082736117, 0.00011418289796, 6.34224707028e-05, 7.54778666305e-05, 6.01217361691e-05, 2.93628545478e-05, 2.421249701e-05, 1.59142400662e-05, 1.56788701133e-05, 1.45182229971e-05, 1.76829071279e-05, 1.64499197126e-05, 1.29922827909e-05, 1.00785036921e-05, 6.95192375133e-06, 9.57946394919e-06, 5.85172301726e-06, 4.61579838884e-06, 4.37407015852e-06, 2.40059193857e-06, 1.22656433632e-06, 1.44671855651e-06, 1.35983032123e-06, 7.9368032857e-07, 4.77766889162e-07, 3.19237841495e-07, 1.96151049181e-07, 1.39265978305e-07, 7.76056339191e-08, 9.96115829821e-08, 1.1043002246e-07, 1.04561308945e-07, 8.9655230795e-08], "max": [0.108713760972, 0.0478126592934, 0.0236487388611, 0.0245328657329, 0.00932340137661, 0.00680100452155, 0.00612338073552, 0.00722750043496, 0.00905402563512, 0.00697638466954, 0.00397589616477, 0.00609787134454, 0.00295027368702, 0.00300274370238, 0.00124090514146, 0.002105623018, 0.00184475118294, 0.00187940278556, 0.00132518110331, 0.00103141902946, 0.00127028126735, 0.000887523696292, 0.00048174514086, 0.000463162810775, 0.000227925396757, 0.000324837659718, 0.000210935133509, 0.000170244500623, 0.000204831027077, 0.000220568006625, 0.000199748435989, 9.80271870503e-05, 5.22116824868e-05, 4.02947625844e-05, 4.27004961239e-05, 1.83244555956e-05, 4.25629878009e-05, 5.88535513089e-05, 2.94879373541e-05, 1.3483568182e-05], "dmean": [0.00236682151444, 0.00101832195651, 0.000496926950291, 0.000467395351734, 0.000308803777443, 0.000140421980177, 0.00012522128236, 0.000145684680319, 0.000130859494675, 9.32709226618e-05, 8.35082901176e-05, 7.56635563448e-05, 3.74111514247e-05, 3.98787487939e-05, 2.40697754634e-05, 2.43550257437e-05, 2.17864653678e-05, 2.62631092482e-05, 1.97792269319e-05, 1.63727690961e-05, 1.60343624884e-05, 8.67397375259e-06, 1.07138075691e-05, 1.0868314348e-05, 5.91386287851e-06, 5.9352369135e-06, 3.97813437303e-06, 2.15287104766e-06, 2.95846052722e-06, 3.37855817634e-06, 2.49287722909e-06, 1.0058506632e-06, 6.1858781919e-07, 4.55572006786e-07, 3.26844769916e-07, 1.91256276594e-07, 1.93195049292e-07, 2.4211527716e-07, 2.40195362267e-07, 1.93381282543e-07], "dmean2": [0.00391192361712, 0.00168465520255, 0.000852507364471, 0.000769438338466, 0.000504971016198, 0.000227745491429, 0.000202454830287, 0.000219043708057, 0.000192089661141, 0.000141029187944, 0.00012852193322, 0.000116460316349, 5.96282443439e-05, 6.3861887611e-05, 3.86379797419e-05, 3.82387188438e-05, 3.47227469319e-05, 4.18772651756e-05, 3.18648308166e-05, 2.64216650976e-05, 2.60592769337e-05, 1.40406018545e-05, 1.76957837539e-05, 1.83398533409e-05, 9.90279022517e-06, 9.97268853098e-06, 6.74406464896e-06, 3.65083951692e-06, 4.97199789606e-06, 5.59507043363e-06, 4.10463417211e-06, 1.64946618497e-06, 9.99848566607e-07, 7.22081438198e-07, 5.05324408095e-07, 3.00217692484e-07, 2.96911906617e-07, 3.6917603552e-07, 3.67987070149e-07, 2.89960752298e-07], "mean": [0.00309174996801, 0.00211621355265, 0.000800802081358, 0.000749952974729, 0.000625426881015, 0.000281759246718, 0.000261156412307, 0.000324078457197, 0.000288139708573, 0.00019722005527, 0.000183140102308, 0.000162046577316, 7.49853788875e-05, 7.67534584156e-05, 4.80739727209e-05, 4.74627668154e-05, 4.30020700151e-05, 4.94138548675e-05, 4.05214814236e-05, 3.53500945494e-05, 3.41053673765e-05, 1.87996265595e-05, 2.31315698329e-05, 2.31137873925e-05, 1.39985277201e-05, 1.38274526762e-05, 8.74776105775e-06, 4.82275254399e-06, 6.56654128761e-06, 7.53132280806e-06, 4.94372898174e-06, 1.88844455806e-06, 1.17007130029e-06, 8.53950041346e-07, 6.29067130831e-07, 3.68517333982e-07, 3.63742316267e-07, 4.53442311255e-07, 4.67544026606e-07, 3.81064410249e-07], "dvar2": [0.000203480871278, 2.32312504522e-05, 3.71936039301e-06, 2.99386192637e-06, 6.31798400264e-07, 1.6764487043e-07, 1.50769565721e-07, 1.76781242089e-07, 1.78145597829e-07, 1.06420316115e-07, 6.00037566301e-08, 5.12697191368e-08, 1.81677499711e-08, 1.9537951701e-08, 6.1676055374e-09, 7.82041631453e-09, 5.66652103018e-09, 8.15564238366e-09, 3.83646403534e-09, 2.95008373286e-09, 3.18325921178e-09, 8.7913737401e-10, 1.03346597946e-09, 1.13297593529e-09, 3.42693762256e-10, 3.66380092931e-10, 2.26116819713e-10, 8.58077012222e-11, 1.36467503964e-10, 1.79779677256e-10, 1.24049159833e-10, 2.28065951541e-11, 8.69971976403e-12, 4.29049721098e-12, 2.14092914404e-12, 7.87521035796e-13, 1.03893337076e-12, 1.94185401266e-12, 1.03732246317e-12, 5.08917669291e-13], "min": [5.97440355303e-25, 3.04873021541e-25, 7.18659778835e-25, 1.06654891715e-24, 1.73703641177e-24, 1.49842649833e-24, 1.104077397e-24, 2.50458130926e-24, 1.15948807166e-24, 1.88847837848e-24, 2.86814895946e-24, 2.73432777879e-24, 2.82130422954e-24, 1.71788858823e-24, 2.24821906722e-24, 4.02363435089e-24, 3.6895734512e-24, 2.70380576429e-24, 2.13918803771e-24, 3.51306069606e-24, 2.64159639052e-24, 3.23100525434e-24, 3.80987513368e-24, 3.77709954079e-24, 3.55700932038e-24, 3.29183136051e-24, 5.34772909726e-24, 4.31020109091e-24, 5.13847072595e-24, 4.5707721031e-24, 6.25721787894e-24, 4.95919735207e-24, 5.96184666235e-24, 5.65721855747e-24, 5.52453609752e-24, 5.1324201628e-24, 5.96970016709e-24, 6.25007947661e-24, 6.25185283593e-24, 6.45579546803e-24]}, "spectral_decrease": {"dvar": 5.94232258377e-17, "var": 8.8095317572e-17, "median": -5.66345459418e-09, "max": 1.79034050407e-28, "dmean": 2.8472473268e-09, "dmean2": 4.57977700208e-09, "mean": -7.84165621326e-09, "dvar2": 1.44971965324e-16, "min": -9.95274476168e-08}, "barkbands_kurtosis": {"dvar": 62.8853378296, "var": 139.677429199, "median": 1.91358852386, "max": 405.417694092, "dmean": 3.28421640396, "dmean2": 5.19220972061, "mean": 5.38818025589, "dvar2": 153.471588135, "min": -1.92816722393}, "silence_rate_30dB": {"dvar": 0.0317940600216, "var": 0.0350087992847, "median": 1, "max": 1, "dmean": 0.0328726954758, "dmean2": 0.0657488331199, "mean": 0.963674426079, "dvar2": 0.0645590126514, "min": 0}, "gfcc": {"mean": [-43.9868087769, 115.283424377, -128.277145386, 21.9277801514, -58.3622016907, 2.37439846992, -38.2789154053, 7.58640909195, -27.1922264099, -0.398842602968, -17.600976944, -5.32635736465, -2.91504096985], "cov": [[18844.8535156, -1320.91308594, -400.825164795, 1950.04162598, 788.286254883, 1002.1081543, 499.224456787, 1252.05114746, 323.428070068, 1196.7388916, -393.16784668, 852.148742676, -472.420379639], [-1320.91308594, 1823.85742188, 28.1205825806, -153.40423584, 225.175064087, -380.163909912, 80.3855438232, -233.341033936, 43.8768577576, -221.291870117, 231.386169434, -247.383956909, 151.468139648], [-400.825164795, 28.1205825806, 988.737854004, 205.602661133, 73.064239502, 108.088577271, -61.6586036682, 14.7551641464, 18.3254070282, 148.677688599, -15.7337799072, 29.9370231628, -9.73114013672], [1950.04162598, -153.40423584, 205.602661133, 683.280700684, 292.95489502, 178.840118408, 225.333068848, 205.894012451, 111.815231323, 226.829910278, -3.40559625626, 157.693450928, 8.20728492737], [788.286254883, 225.175064087, 73.064239502, 292.95489502, 437.680603027, 74.4207077026, 214.693710327, 147.980133057, 111.840362549, 133.601638794, 57.1867485046, 80.0090560913, 11.4686632156], [1002.1081543, -380.163909912, 108.088577271, 178.840118408, 74.4207077026, 315.525817871, 142.721435547, 158.545913696, 33.50233078, 152.593643188, -27.6275939941, 100.611717224, -31.6596107483], [499.224456787, 80.3855438232, -61.6586036682, 225.333068848, 214.693710327, 142.721435547, 465.018066406, 168.376663208, 60.2587471008, 110.488166809, 73.458946228, 65.3678512573, 26.1919212341], [1252.05114746, -233.341033936, 14.7551641464, 205.894012451, 147.980133057, 158.545913696, 168.376663208, 263.342681885, 103.604064941, 158.403091431, -15.4047355652, 91.7103652954, -35.530216217], [323.428070068, 43.8768577576, 18.3254070282, 111.815231323, 111.840362549, 33.50233078, 60.2587471008, 103.604064941, 179.896789551, 92.3320465088, 9.19524765015, 9.46077919006, 0.604961693287], [1196.7388916, -221.291870117, 148.677688599, 226.829910278, 133.601638794, 152.593643188, 110.488166809, 158.403091431, 92.3320465088, 244.562103271, -7.14460659027, 88.1915130615, -47.838432312], [-393.16784668, 231.386169434, -15.7337799072, -3.40559625626, 57.1867485046, -27.6275939941, 73.458946228, -15.4047355652, 9.19524765015, -7.14460659027, 117.850845337, -6.01091003418, 29.3144760132], [852.148742676, -247.383956909, 29.9370231628, 157.693450928, 80.0090560913, 100.611717224, 65.3678512573, 91.7103652954, 9.46077919006, 88.1915130615, -6.01091003418, 163.542160034, 2.88130164146], [-472.420379639, 151.468139648, -9.73114013672, 8.20728492737, 11.4686632156, -31.6596107483, 26.1919212341, -35.530216217, 0.604961693287, -47.838432312, 29.3144760132, 2.88130164146, 110.268058777]], "icov": [[0.000251244928222, -0.00054406595882, 0.000452940410469, -0.000545922259334, 0.000364772917237, -0.00039971069782, 0.000425927893957, -0.000714928086381, 0.000515717081726, -0.000833191385027, 0.000978145049885, -0.0009495493141, 0.000820600893348], [-0.00054406595882, 0.00288210087456, -0.00130007823464, 0.00126347120386, -0.00205917679705, 0.00203083897941, -0.00133572798222, 0.0021770640742, -0.00154563272372, 0.00246095121838, -0.0038808293175, 0.00395217863843, -0.00267807976343], [0.000452940410469, -0.00130007823464, 0.00217897375114, -0.0013486869866, 0.000716383452527, -0.00137494073715, 0.00140837242361, -0.000949187611695, 0.00135037093423, -0.00266920309514, 0.00198491499759, -0.00154823937919, 0.00125675194431], [-0.000545922259334, 0.00126347120386, -0.0013486869866, 0.00420508766547, -0.00191314262338, 0.000969000568148, -0.00152019050438, 0.00142571027391, -0.00138932652771, 0.00060440658126, -0.00122715369798, 0.00085165706696, -0.00263495440595], [0.000364772917237, -0.00205917679705, 0.000716383452527, -0.00191314262338, 0.00571494502947, -0.000745661032852, -3.85348430427e-05, -0.00212664878927, -0.000166786747286, -0.00183388858568, 0.00131383026019, -0.00342049612664, 0.00205779843964], [-0.00039971069782, 0.00203083897941, -0.00137494073715, 0.000969000568148, -0.000745661032852, 0.00748452590778, -0.00222096592188, -0.000277495651972, -0.000177484296728, -0.000147138678585, -0.00150879996363, 0.00134025735315, -0.0017277370207], [0.000425927893957, -0.00133572798222, 0.00140837242361, -0.00152019050438, -3.85348430427e-05, -0.00222096592188, 0.00510074011981, -0.00333465333097, 0.00202971231192, -0.00185827899259, -0.000315809447784, -0.000947061402258, 0.00026869380963], [-0.000714928086381, 0.0021770640742, -0.000949187611695, 0.00142571027391, -0.00212664878927, -0.000277495651972, -0.00333465333097, 0.0125425793231, -0.00518865557387, 0.000849091389682, -0.00141579878982, 0.00112728576642, -0.000524548057001], [0.000515717081726, -0.00154563272372, 0.00135037093423, -0.00138932652771, -0.000166786747286, -0.000177484296728, 0.00202971231192, -0.00518865557387, 0.0106411287561, -0.00504684401676, 0.00198791362345, 0.000542915135156, -0.000422962853918], [-0.000833191385027, 0.00246095121838, -0.00266920309514, 0.00060440658126, -0.00183388858568, -0.000147138678585, -0.00185827899259, 0.000849091389682, -0.00504684401676, 0.0142104374245, -0.00474530132487, 0.00166017666925, 0.00104370899498], [0.000978145049885, -0.0038808293175, 0.00198491499759, -0.00122715369798, 0.00131383026019, -0.00150879996363, -0.000315809447784, -0.00141579878982, 0.00198791362345, -0.00474530132487, 0.0172963831574, -0.00590279558674, 0.00232342723757], [-0.0009495493141, 0.00395217863843, -0.00154823937919, 0.00085165706696, -0.00342049612664, 0.00134025735315, -0.000947061402258, 0.00112728576642, 0.000542915135156, 0.00166017666925, -0.00590279558674, 0.0160690229386, -0.00650164205581], [0.000820600893348, -0.00267807976343, 0.00125675194431, -0.00263495440595, 0.00205779843964, -0.0017277370207, 0.00026869380963, -0.000524548057001, -0.000422962853918, 0.00104370899498, 0.00232342723757, -0.00650164205581, 0.0156346410513]]}, "silence_rate_20dB": {"dvar": 0, "var": 0, "median": 1, "max": 1, "dmean": 0, "dmean2": 0, "mean": 1, "dvar2": 0, "min": 1}, "barkbands_skewness": {"dvar": 0.441346496344, "var": 1.56784200668, "median": 1.41678547859, "max": 16.2122917175, "dmean": 0.510541677475, "dmean2": 0.78417378664, "mean": 1.68289399147, "dvar2": 0.984321534634, "min": -2.81896924973}, "erbbands_skewness": {"dvar": 0.132849469781, "var": 0.751978516579, "median": 0.30247849226, "max": 6.06956958771, "dmean": 0.331510037184, "dmean2": 0.500488221645, "mean": 0.468775749207, "dvar2": 0.287674993277, "min": -5.38956928253}, "spectral_contrast_valleys": {"dvar": [0.116113483906, 0.0769278556108, 0.0617714375257, 0.0554393865168, 0.0399826057255, 0.0839687138796], "var": [4.73074626923, 2.95327091217, 2.92125964165, 3.13652300835, 3.62978982925, 2.99661612511], "median": [-7.14872264862, -6.68266773224, -7.17211914062, -7.71099662781, -7.80478715897, -10.6475410461], "max": [-4.90594434738, -4.60005187988, -5.08346605301, -5.63037633896, -5.37043571472, -7.98326730728], "dmean": [0.370883196592, 0.308402866125, 0.275446027517, 0.240059345961, 0.175473228097, 0.226268157363], "dmean2": [0.612263917923, 0.510104298592, 0.451742947102, 0.384464114904, 0.276669949293, 0.314711809158], "mean": [-7.87983608246, -6.9865732193, -7.48857116699, -7.98981761932, -8.0027179718, -10.9270954132], "