{"tonal": {"hpcp": {"dvar": [0.0319023840129, 0.0280922278762, 0.0179202612489, 0.0127238156274, 0.0113441925496, 0.0138254640624, 0.0263976920396, 0.0335893295705, 0.0425986647606, 0.0819199234247, 0.0373785421252, 0.0258858259767, 0.0130590349436, 0.0166579112411, 0.0223747771233, 0.0301455687732, 0.0284188427031, 0.0192682053894, 0.0169474184513, 0.0174385420978, 0.0213127341121, 0.0241740178317, 0.0181695073843, 0.0170016083866, 0.0241605862975, 0.0134018659592, 0.00612138956785, 0.00773291569203, 0.0148718077689, 0.0334356129169, 0.0552395656705, 0.0401886217296, 0.0248114727437, 0.0174792259932, 0.0163937266916, 0.0256810486317], "var": [0.0483539737761, 0.0401617735624, 0.0138119226322, 0.00839085318148, 0.00670178839937, 0.00989172421396, 0.0191086530685, 0.0292546097189, 0.0772357434034, 0.169566512108, 0.0676346719265, 0.0156602561474, 0.00780901825055, 0.0113680334762, 0.0255293138325, 0.0488036423922, 0.0304096508771, 0.0153635153547, 0.0117991222069, 0.0180312301964, 0.056294452399, 0.0715511217713, 0.0264196544886, 0.0260850396007, 0.0625212192535, 0.0255591645837, 0.00432349508628, 0.00530780665576, 0.0116758923978, 0.0574147738516, 0.127877265215, 0.0554334074259, 0.0157344546169, 0.0108150001615, 0.00956134591252, 0.0194972231984], "median": [0.00937488116324, 0.00665017589927, 0.00296365562826, 0.00134534284007, 0.000886291381903, 0.00283512705937, 0.00408628256992, 0.00588842760772, 0.349640220404, 0.645451068878, 0.299012452364, 0.00302499416284, 0.000716612266842, 0.00072910101153, 0.00577441463247, 0.0157634373754, 0.0132869631052, 0.00260897283442, 0.000574282428715, 0.00061194121372, 0.00284177949652, 0.00409652944654, 0.00377404876053, 0.00688000675291, 0.00523125613108, 0.00182763079647, 0.00116055610124, 0.000623848638497, 0.0015079054283, 0.0516402199864, 0.117720991373, 0.0737466290593, 0.00476492475718, 0.00140848639421, 0.00197827117518, 0.00512536009774], "max": [1, 1, 1, 1, 1, 1, 1, 1, 1, 1, 1, 1, 1, 1, 1, 1, 1, 1, 1, 1, 1, 1, 1, 1, 1, 1, 1, 1, 1, 1, 1, 1, 1, 1, 1, 1], "dmean": [0.0808188691735, 0.0778723210096, 0.0504945330322, 0.0327634960413, 0.0294830854982, 0.0358339212835, 0.056260637939, 0.0834482014179, 0.174835890532, 0.210686504841, 0.16769489646, 0.0652962476015, 0.0309203844517, 0.036533690989, 0.0522681772709, 0.0709384083748, 0.0678046494722, 0.0434323400259, 0.0358717367053, 0.0413188897073, 0.0506939664483, 0.0553744994104, 0.0498555228114, 0.0518483221531, 0.0538483485579, 0.0367588326335, 0.016054155305, 0.0161733943969, 0.0412590540946, 0.124172590673, 0.159013688564, 0.14467574656, 0.0693937912583, 0.0422628447413, 0.038065880537, 0.0635244101286], "dmean2": [0.140888363123, 0.133613571525, 0.0917956680059, 0.0619622021914, 0.0564451143146, 0.0673028379679, 0.106575667858, 0.153231084347, 0.302036941051, 0.367138266563, 0.282692492008, 0.125311821699, 0.0598824135959, 0.0681251510978, 0.0920171663165, 0.119989655912, 0.115021303296, 0.0776530951262, 0.0670488998294, 0.073984272778, 0.087761759758, 0.0913778021932, 0.0849495306611, 0.0878498926759, 0.0906372815371, 0.0624208822846, 0.0294567830861, 0.0308222491294, 0.0768373683095, 0.208099588752, 0.265325933695, 0.248505309224, 0.13001845777, 0.0806678757071, 0.072651155293, 0.11784683913], "mean": [0.0942270755768, 0.0838384479284, 0.0381100587547, 0.0208318978548, 0.0180308651179, 0.0265438705683, 0.0407596379519, 0.0646606087685, 0.336291015148, 0.581991910934, 0.317028522491, 0.0394174158573, 0.0185264237225, 0.0237254817039, 0.0569200105965, 0.0993100404739, 0.0775727182627, 0.0332934036851, 0.0241844411939, 0.0376469902694, 0.092105910182, 0.112640075386, 0.0619767196476, 0.0660453289747, 0.0999485552311, 0.057140301913, 0.0120726218447, 0.0109649961814, 0.0299332011491, 0.173205316067, 0.30680924654, 0.186567977071, 0.0460825562477, 0.0275279544294, 0.0245516635478, 0.0497794896364], "dvar2": [0.0760927051306, 0.0678467079997, 0.0493873022497, 0.0359315089881, 0.033050801605, 0.0386534370482, 0.0740209072828, 0.0923547297716, 0.107951931655, 0.181373268366, 0.0952373147011, 0.0731747150421, 0.036613881588, 0.0454846099019, 0.0575697720051, 0.0692700743675, 0.0716476365924, 0.0520979687572, 0.0501584783196, 0.0479338094592, 0.0487345457077, 0.0496979244053, 0.0439702831209, 0.0420226454735, 0.0512076988816, 0.0318784713745, 0.0169426873326, 0.0207837186754, 0.0417961366475, 0.0837559178472, 0.107887752354, 0.104151777923, 0.0698305219412, 0.0488342531025, 0.0474458709359, 0.0762895196676], "min": [0, 0, 0, 0, 0, 0, 0, 0, 0, 0, 0, 0, 0, 0, 0, 0, 0, 0, 0, 0, 0, 0, 0, 0, 0, 0, 0, 0, 0, 0, 0, 0, 0, 0, 0, 0]}, "key_key": "C", "thpcp": [1, 0.544730126858, 0.0677284598351, 0.0318327844143, 0.0407660007477, 0.0978020653129, 0.170638173819, 0.133288308978, 0.0572059564292, 0.0415546000004, 0.064686447382, 0.158259779215, 0.193542331457, 0.106490686536, 0.113481521606, 0.171735301614, 0.0981805771589, 0.0207436252385, 0.0188404619694, 0.0514323301613, 0.297607779503, 0.527170956135, 0.32056799531, 0.0791807472706, 0.0472995489836, 0.04218557477, 0.0855329558253, 0.16190443933, 0.144054323435, 0.0654821097851, 0.0357941351831, 0.0309812985361, 0.0456086583436, 0.070034712553, 0.111102245748, 0.577827632427], "chords_key": "C", "tuning_equal_tempered_deviation": 0.038399644196, "tuning_frequency": 439.238189697, "tuning_diatonic_strength": 0.592441737652, "chords_histogram": [64.6706619263, 0, 3.3750679493, 0.16330973804, 0, 0, 0, 0, 0, 0, 0, 0, 0, 0, 0, 0.16330973804, 0, 17.8551979065, 0, 0, 0, 0, 4.46379947662, 9.30865573883], "key_strength": 0.778771221638, "key_scale": "major", "chords_strength": {"dvar": 3.75271411031e-05, "var": 0.0077696419321, "median": 0.499948292971, "max": 0.716240167618, "dmean": 0.00662965141237, "dmean2": 0.0063971830532, "mean": 0.494361937046, "dvar2": 4.20274336648e-05, "min": 0.198926791549}, "chords_number_rate": 0.00272182910703, "tuning_nontempered_energy_ratio": 0.644926905632, "hpcp_entropy": {"dvar": 0.354512155056, "var": 0.578300118446, "median": 1.28307700157, "max": 3.80319643021, "dmean": 0.617980837822, "dmean2": 1.06299185753, "mean": 1.33167374134, "dvar2": 0.896842420101, "min": 0}, "chords_changes_rate": 0.0435492657125, "chords_scale": "major"}, "rhythm": {"bpm_histogram_first_peak_spread": {"dvar": 0, "var": 0, "median": 0.51492536068, "max": 0.51492536068, "dmean": 0, "dmean2": 0, "mean": 0.51492536068, "dvar2": 0, "min": 0.51492536068}, "bpm_histogram_first_peak_weight": {"dvar": 0, "var": 0, "median": 0.464285701513, "max": 0.464285701513, "dmean": 0, "dmean2": 0, "mean": 0.464285701513, "dvar2": 0, "min": 0.464285701513}, "bpm_histogram_first_peak_bpm": {"dvar": 0, "var": 0, "median": 101, "max": 101, "dmean": 0, "dmean2": 0, "mean": 101, "dvar2": 0, "min": 101}, "bpm": 100.673103333, "bpm_histogram_second_peak_weight": {"dvar": 0, "var": 0, "median": 0.021428572014, "max": 0.021428572014, "dmean": 0, "dmean2": 0, "mean": 0.021428572014, "dvar2": 0, "min": 0.021428572014}, "beats_loudness": {"dvar": 0.000234588922467, "var": 0.000375687493943, "median": 0.0195453055203, "max": 0.099390283227, "dmean": 0.0166168995202, "dmean2": 0.0274063069373, "mean": 0.0256871599704, "dvar2": 0.000792671460658, "min": 3.20910970686e-07}, "beats_loudness_band_ratio": {"dvar": [0.0399301536381, 0.0294028650969, 0.0103242397308, 0.00162014516536, 0.000459073431557, 0.0189221110195], "var": [0.0628203228116, 0.0431312695146, 0.00763607351109, 0.000975236529484, 0.000330465642037, 0.0107405567542], "median": [0.284135222435, 0.737250268459, 0.0385132692754, 0.0111297145486, 0.00913636479527, 0.0051944879815], "max": [0.838064849377, 0.982266485691, 0.564119160175, 0.217891097069, 0.115442454815, 0.663999438286], "dmean": [0.26125317812, 0.201274812222, 0.0638704374433, 0.0217264387757, 0.0157270375639, 0.0576143339276], "dmean2": [0.462562173605, 0.346415966749, 0.115324571729, 0.0408830530941, 0.0291544888169, 0.112726889551], "mean": [0.324388235807, 0.710676014423, 0.0675094649196, 0.0204010754824, 0.0145984338596, 0.0336127430201], "dvar2": [0.105235405266, 0.0878121331334, 0.0303254742175, 0.0047541023232, 0.00138746353332, 0.0534424819052], "min": [0.00664355279878, 0.0611014962196, 0.00818693265319, 0.000735947163776, 5.00384485349e-05, 2.25816984312e-05]}, "bpm_histogram_second_peak_bpm": {"dvar": 0, "var": 0, "median": 88, "max": 88, "dmean": 0, "dmean2": 0, "mean": 88, "dvar2": 0, "min": 88}, "onset_rate": 4.41045045853, "beats_count": 141, "beats_position": [0.626938760281, 1.25387752056, 1.8575963974, 2.46131515503, 3.06503391266, 3.65714287758, 4.2492518425, 4.85297060013, 5.45668935776, 6.06040811539, 6.65251684189, 7.24462556839, 7.83673477173, 8.42884349823, 9.02095222473, 9.61306095123, 10.2051696777, 10.7856683731, 11.3777770996, 11.9814968109, 12.5852155685, 13.1889343262, 13.7926530838, 14.3847618103, 14.9884805679, 15.5805892944, 16.1610889435, 16.7531967163, 17.3569164276, 17.9490242004, 18.5411338806, 19.1332416534, 19.7369613647, 20.3174591064, 20.8979587555, 21.4784584045, 22.0705661774, 22.6742858887, 23.2663936615, 23.8585033417, 24.4506111145, 25.0543308258, 25.6580486298, 26.2617683411, 26.865486145, 27.4575958252, 28.0497055054, 28.6534233093, 29.2571430206, 29.8608608246, 30.4645805359, 31.0682983398, 31.6720180511, 32.2757377625, 32.8794555664, 33.4715652466, 34.0636711121, 34.6557807922, 35.2478904724, 35.8516082764, 36.455329895, 37.059047699, 37.6627655029, 38.2432632446, 38.8353729248, 39.427482605, 40.0312004089, 40.6349182129, 41.2386398315, 41.830745697, 42.4344673157, 43.0149650574, 43.6070747375, 44.1991844177, 44.7912902832, 45.3833999634, 45.9522895813, 46.532787323, 47.1248970032, 47.7170066833, 48.3091163635, 48.8896141052, 49.4933319092, 50.0854415894, 50.6775512695, 51.269657135, 51.8617668152, 52.4538764954, 53.0459861755, 53.6380958557, 54.2302017212, 54.8223114014, 55.4260292053, 56.0181388855, 56.6102485657, 57.2023582458, 57.794467926, 58.3865737915, 58.9902954102, 59.5824012756, 60.1861228943, 60.766620636, 61.3587303162, 61.9508361816, 62.5545578003, 63.1582756042, 63.7619934082, 64.3657150269, 64.9694290161, 65.5499343872, 66.142036438, 66.7341461182, 67.3262557983, 67.9183654785, 68.5220870972, 69.1258010864, 69.7179107666, 70.3100204468, 70.9137420654, 71.5174560547, 72.1211776733, 72.724899292, 73.3286132812, 73.9323348999, 74.5244445801, 75.1165542603, 75.7202682495, 76.3123779297, 76.9160995483, 77.5082092285, 78.1119232178, 78.7040328979, 79.2961425781, 79.8998641968, 80.5151901245, 81.1305236816, 81.8155059814, 82.5004959106, 83.1970977783, 83.8820877075, 84.5786819458], "danceability": 1.06583487988, "bpm_histogram_second_peak_spread": {"dvar": 0, "var": 0, "median": 0.400000035763, "max": 0.400000035763, "dmean": 0, "dmean2": 0, "mean": 0.400000035763, "dvar2": 0, "min": 0.400000035763}}, "lowlevel": {"spectral_flux": {"dvar": 0.000649043999147, "var": 0.0015901447041, "median": 0.0416166484356, "max": 0.259593367577, "dmean": 0.0229412168264, "dmean2": 0.0365059301257, "mean": 0.0510409735143, "dvar2": 0.00163874402642, "min": 1.05603720213e-10}, "spectral_rolloff": {"dvar": 1131040.25, "var": 3494112.25, "median": 344.53125, "max": 18863.0859375, "dmean": 248.728546143, "dmean2": 399.76739502, "mean": 748.785461426, "dvar2": 2111517.75, "min": 150.732421875}, "barkbands_flatness_db": {"dvar": 0.000901886902284, "var": 0.00485027441755, "median": 0.235563293099, "max": 0.461794286966, "dmean": 0.0300705470145, "dmean2": 0.0430644005537, "mean": 0.238849043846, "dvar2": 0.00179125042632, "min": 0.0471482947469}, "spectral_centroid": {"dvar": 55742.8007812, "var": 208467.53125, "median": 386.264587402, "max": 10914.8193359, "dmean": 110.133720398, "dmean2": 160.879318237, "mean": 518.066467285, "dvar2": 83805.609375, "min": 210.416305542}, "melbands_skewness": {"dvar": 1.18508398533, "var": 5.21333789825, "median": 4.58418750763, "max": 16.9834117889, "dmean": 0.990863382816, "dmean2": 1.46919238567, "mean": 4.82229375839, "dvar2": 2.63114762306, "min": -0.347193568945}, "melbands": {"dvar": [3.80090758867e-09, 1.13181570782e-07, 5.68506322907e-07, 1.94768836081e-06, 2.90234083877e-06, 1.4566118125e-06, 1.07468252963e-07, 8.64018687707e-08, 6.74239970522e-08, 6.57358754097e-08, 5.99792002731e-08, 1.8667951629e-09, 4.34218483392e-09, 3.76893599663e-10, 3.40060035686e-10, 4.72782535343e-10, 2.11357420454e-09, 1.48638057418e-09, 1.04284481051e-09, 5.67044640409e-11, 5.98845539129e-12, 2.18636740656e-12, 4.79931589262e-12, 2.7344736718e-12, 1.48617403106e-11, 1.94356891692e-11, 2.02614956063e-11, 1.67340221541e-11, 1.09115815342e-11, 1.54467289654e-11, 8.79072335758e-12, 5.22922590646e-12, 4.8431762073e-12, 2.03514679067e-12, 1.59939466185e-12, 3.28449550543e-12, 3.09943325345e-12, 4.1398408139e-12, 5.35263239981e-12, 3.95887793034e-12], "var": [2.9058750961e-09, 1.42996583463e-07, 1.21257357932e-06, 4.40859594164e-06, 7.15964142728e-06, 3.59161413144e-06, 2.36406563658e-07, 2.00156748065e-07, 1.67276553498e-07, 1.55975641292e-07, 1.09525458925e-07, 2.95672797357e-09, 7.708532479e-09, 6.4899702279e-10, 6.43914421783e-10, 6.63850918681e-10, 4.22426360558e-09, 3.19683346461e-09, 1.48009882128e-09, 1.03144277841e-10, 1.23468015326e-11, 5.81376830358e-12, 1.11106679412e-11, 4.53443662826e-12, 1.7388718937e-11, 2.2357143914e-11, 1.96439912947e-11, 2.7043325912e-11, 1.60488861783e-11, 3.15396216088e-11, 2.17897002525e-11, 1.11517080292e-11, 1.25652023508e-11, 5.73465710682e-12, 4.16913812501e-12, 8.49229107175e-12, 9.92306497388e-12, 1.2393108241e-11, 1.42869813202e-11, 1.19206641086e-11], "median": [5.54939379072e-06, 5.62561726838e-05, 0.000448780949228, 0.00104594696313, 0.000863201275934, 0.000135923532071, 6.56384654576e-05, 2.87017755909e-05, 1.25594651763e-05, 4.02896876039e-06, 8.98478174349e-06, 4.54648397863e-06, 4.38006736658e-06, 5.07145887241e-06, 3.68985911336e-06, 8.29454961604e-07, 1.34769265969e-06, 6.11741143075e-07, 6.18946330633e-07, 6.98885173733e-07, 6.714982419e-07, 7.58481178309e-07, 1.53665087055e-06, 6.68345592203e-07, 4.68552514121e-07, 5.30689817424e-07, 4.37132428033e-07, 3.29289065348e-07, 2.71987232736e-07, 1.16400656225e-07, 1.24141308788e-07, 4.93671876711e-08, 3.45561019799e-08, 3.4205335453e-08, 4.79945541088e-08, 4.8745839365e-08, 7.44451114087e-08, 5.95320557295e-08, 2.80899463689e-08, 1.37085951479e-08], "max": [0.00237714126706, 0.00728556327522, 0.0116630224511, 0.0201446302235, 0.0318838693202, 0.0226489584893, 0.0119157917798, 0.00725107779726, 0.00733074918389, 0.00621145498008, 0.00892159063369, 0.00108377297875, 0.00162197800819, 0.000497036322486, 0.000797805376351, 0.000803452217951, 0.000852497876622, 0.00086333102081, 0.00156642438378, 0.000190653998288, 6.38783021714e-05, 4.94937412441e-05, 4.0971171984e-05, 4.69496480946e-05, 0.000153027183842, 0.000175073597347, 0.00018632238789, 0.00016985021648, 9.04406842892e-05, 8.11927748146e-05, 5.74914301978e-05, 5.57503481105e-05, 4.87903344037e-05, 3.74098090106e-05, 3.76526695618e-05, 4.88288533234e-05, 4.2070489144e-05, 4.3024563638e-05, 5.04080999235e-05, 5.71714663238e-05], "dmean": [1.14333433885e-05, 0.000148438586621, 0.000456341833342, 0.000839383981656, 0.000793333572801, 0.000349231821019, 6.10794595559e-05, 8.05407107691e-05, 6.90659580869e-05, 5.49326614419e-05, 2.59287116933e-05, 9.75025341177e-06, 1.4738146092e-05, 6.23901451036e-06, 5.39332813787e-06, 2.98364943774e-06, 1.07885371108e-05, 8.38832147565e-06, 3.95437427869e-06, 1.87218211067e-06, 9.55898144639e-07, 7.4906432701e-07, 1.17580771075e-06, 7.16031308912e-07, 7.93092397089e-07, 9.42993210629e-07, 7.6331383525e-07, 7.02400029695e-07, 7.49371963593e-07, 8.69039922691e-07, 6.80897755956e-07, 5.15435090165e-07, 4.68918983643e-07, 3.09961251332e-07, 2.87170763613e-07, 3.96220940502e-07, 4.87301520025e-07, 4.93808158808e-07, 4.81858592138e-07, 3.83596415077e-07], "dmean2": [1.81895102287e-05, 0.000245876057306, 0.000728216487914, 0.00123342138249, 0.00116587232333, 0.000497053668369, 8.55418984429e-05, 0.000117274241347, 9.87299426924e-05, 8.32969963085e-05, 4.02186633437e-05, 1.4810662833e-05, 2.24156501645e-05, 9.52608479565e-06, 7.9630253822e-06, 4.38643201051e-06, 1.66175486811e-05, 1.29322233988e-05, 6.2291373979e-06, 2.81247116618e-06, 1.46611057517e-06, 1.10073972337e-06, 1.71270073679e-06, 1.09613608856e-06, 1.2108005194e-06, 1.4239886923e-06, 1.18083369216e-06, 1.06109837361e-06, 1.12541488306e-06, 1.3139025441e-06, 1.03179763755e-06, 7.46795592477e-07, 6.60954356135e-07, 4.175629158e-07, 4.04890243999e-07, 5.51414132133e-07, 6.87048043346e-07, 6.68550228511e-07, 6.25188306458e-07, 5.0775759064e-07], "mean": [1.45198628161e-05, 0.000205299962545, 0.000837410974782, 0.00174449849874, 0.00181214662734, 0.00067211483838, 0.000132913031848, 0.000133100969833, 0.000114404632768, 8.86071284185e-05, 3.96100076614e-05, 1.59509399964e-05, 2.18709392357e-05, 1.11355093395e-05, 8.82726180862e-06, 3.96087580157e-06, 1.65823403222e-05, 1.29762056531e-05, 5.40951759831e-06, 2.94228766506e-06, 1.64678181136e-06, 1.49122513449e-06, 2.55516329162e-06, 1.29094235035e-06, 1.25620658764e-06, 1.5587299913e-06, 1.11352255772e-06, 1.0474290093e-06, 1.07824416773e-06, 1.36781625315e-06, 1.12282282316e-06, 7.43266866721e-07, 7.29881776351e-07, 5.02281409354e-07, 4.86509122766e-07, 6.73393913075e-07, 9.000486898e-07, 8.85467159151e-07, 7.88573800037e-07, 6.37428456685e-07], "dvar2": [1.09886544308e-08, 3.30003217641e-07, 1.38725317811e-06, 4.40744270236e-06, 6.40111557004e-06, 3.10457062369e-06, 2.28726534601e-07, 1.72625419737e-07, 1.45142863062e-07, 1.60935726967e-07, 1.67302488308e-07, 4.26370938555e-09, 1.01119805862e-08, 9.02126096047e-10, 6.68370858659e-10, 8.67215632638e-10, 5.30108756891e-09, 3.96662791502e-09, 2.68520072844e-09, 1.3610712557e-10, 1.37904236641e-11, 4.89683684227e-12, 1.10588396079e-11, 6.52837115964e-12, 3.46356936187e-11, 4.71470085195e-11, 5.20228478351e-11, 3.13130979479e-11, 2.25978159796e-11, 3.47976196469e-11, 1.96967823995e-11, 1.03109439389e-11, 9.16004772034e-12, 3.49219503142e-12, 2.9186286634e-12, 6.50685625173e-12, 5.51503287483e-12, 7.51569726593e-12, 9.21115787811e-12, 6.83163855347e-12], "min": [1.78916193436e-23, 2.4998942133e-23, 1.20071429756e-23, 1.6972585345e-23, 2.36915124677e-24, 5.11965284348e-24, 5.52990902914e-24, 5.69910983255e-24, 4.55405969039e-24, 5.53199359408e-24, 5.24503518462e-24, 1.41560805452e-23, 8.67322351918e-24, 1.51356028203e-23, 1.13620259379e-23, 4.14904138337e-23, 1.18871375104e-23, 1.71041026574e-23, 1.49370954399e-23, 5.62509969128e-24, 7.54100459407e-24, 1.11755463197e-23, 9.51435277026e-24, 8.83658162429e-24, 8.05392274351e-24, 1.16587709558e-23, 1.07694943682e-23, 1.4542410974e-23, 8.02493920499e-24, 9.72425682422e-24, 1.15273120191e-23, 1.42130015927e-23, 8.71617936205e-24, 1.07757760676e-23, 1.24946613816e-23, 1.02533103346e-23, 1.47755099052e-23, 1.19858366314e-23, 1.1097148534e-23, 9.54366841922e-24]}, "spectral_decrease": {"dvar": 6.86885197195e-18, "var": 2.34269179634e-17, "median": -3.20145954191e-09, "max": 2.97957218843e-18, "dmean": 1.76191083945e-09, "dmean2": 2.54158849522e-09, "mean": -4.87604800981e-09, "dvar2": 1.50140229496e-17, "min": -3.81469220656e-08}, "barkbands_kurtosis": {"dvar": 558.553344727, "var": 1089.11096191, "median": 21.9616317749, "max": 600.339782715, "dmean": 13.0179080963, "dmean2": 19.9652042389, "mean": 31.1122074127, "dvar2": 1283.80639648, "min": -1.93236887455}, "silence_rate_30dB": {"dvar": 0.00217450410128, "var": 0.00135983084328, "median": 1, "max": 1, "dmean": 0.00217924267054, "dmean2": 0.00435967324302, "mean": 0.99863833189, "dvar2": 0.00597558030859, "min": 0}, "gfcc": {"mean": [-117.672828674, 119.633041382, -93.9310073853, 18.5446281433, -68.4083938599, -18.9381656647, -52.5638923645, -14.4750671387, -39.8955421448, -16.6280326843, -12.2614307404, -6.84903478622, -8.76076698303], "cov": [[19117.6132812, -2538.54882812, -1776.43969727, 464.178741455, -944.594055176, 395.083709717, -1164.02575684, -345.777069092, -858.366394043, -96.9428787231, -23.3789234161, 103.456451416, 280.813781738], [-2538.54882812, 2458.79785156, -377.238006592, -296.281097412, 507.397705078, -482.736816406, 436.418701172, -224.852615356, 153.291152954, -318.499176025, 181.350997925, -177.747940063, -12.4378862381], [-1776.43969727, -377.238006592, 840.693725586, 35.1317024231, -44.8118019104, 189.976623535, 15.3251457214, 182.101211548, 54.6610450745, 122.377853394, -121.211936951, 48.6373138428, -111.496040344], [464.178741455, -296.281097412, 35.1317024231, 415.384643555, 8.26917457581, 39.2158355713, 7.45819997787, -14.1282682419, -51.4351768494, -34.7223472595, -37.1815338135, 74.8784255981, -22.0761795044], [-944.594055176, 507.397705078, -44.8118019104, 8.26917457581, 275.918731689, -89.9735107422, 140.683135986, -39.3949241638, 31.3249015808, -79.0398101807, 16.3058376312, -23.9724578857, -9.6066198349], [395.083709717, -482.736816406, 189.976623535, 39.2158355713, -89.9735107422, 292.330566406, -41.2846374512, 97.4957427979, -12.6517658234, 94.3941192627, -53.7567558289, -3.78556275368, -42.1666488647], [-1164.02575684, 436.418701172, 15.3251457214, 7.45819997787, 140.683135986, -41.2846374512, 239.828979492, -12.9473104477, 51.9733848572, -42.6660766602, -0.934670448303, -26.6179199219, -36.1504096985], [-345.777069092, -224.852615356, 182.101211548, -14.1282682419, -39.3949241638, 97.4957427979, -12.9473104477, 183.391281128, 42.225063324, 64.4872436523, -41.0689964294, -0.22107565403, -25.9518203735], [-858.366394043, 153.291152954, 54.6610450745, -51.4351768494, 31.3249015808, -12.6517658234, 51.9733848572, 42.225063324, 130.63482666, 26.8635444641, -6.98363208771, -28.533033371, -6.86569595337], [-96.9428787231, -318.499176025, 122.377853394, -34.7223472595, -79.0398101807, 94.3941192627, -42.6660766602, 64.4872436523, 26.8635444641, 152.565628052, -23.8221931458, 4.65686893463, -8.21579742432], [-23.3789234161, 181.350997925, -121.211936951, -37.1815338135, 16.3058376312, -53.7567558289, -0.934670448303, -41.0689964294, -6.98363208771, -23.8221931458, 106.430641174, 5.89386129379, 16.8710517883], [103.456451416, -177.747940063, 48.6373138428, 74.8784255981, -23.9724578857, -3.78556275368, -26.6179199219, -0.22107565403, -28.533033371, 4.65686893463, 5.89386129379, 120.842575073, 10.7060279846], [280.813781738, -12.4378862381, -111.496040344, -22.0761795044, -9.6066198349, -42.1666488647, -36.1504096985, -25.9518203735, -6.86569595337, -8.21579742432, 16.8710517883, 10.7060279846, 91.8879241943]], "icov": [[0.000179259630386, -7.38481976441e-05, 0.000461198564153, -0.000128626110381, 0.000318084494211, -0.000373473449145, 0.000603462278377, 2.41363431996e-05, 0.000660003104713, 7.80590125942e-05, 0.000478516536532, -5.87868926232e-05, 5.22759728483e-05], [-7.38481976441e-05, 0.00211182143539, -0.000355410476914, 0.0011222489411, -0.00146738963667, 0.00163864344358, -0.00207108887844, 0.000762187875807, -0.00146817660425, 0.00214454578236, -0.00210157153197, 0.00153932359535, 0.000637472025119], [0.000461198564153, -0.000355410476914, 0.00337714678608, -0.000201866816496, 0.000721745600458, -0.00151635170914, 0.00167828379199, -0.000993402209133, 0.00131248764228, -0.000610496266745, 0.00295543251559, -0.00168038590346, 0.00204770243727], [-0.000128626110381, 0.0011222489411, -0.000201866816496, 0.00382547383197, -0.00110997690354, 0.000350142421667, -0.0015358813107, 0.000695472408552, -0.000531480414793, 0.00198714458384, 7.32892513042e-05, -0.0013813378755, 0.00114138273057], [0.000318084494211, -0.00146738963667, 0.000721745600458, -0.00110997690354, 0.00744522362947, -0.000793321174569, -0.000642016821075, -0.000253540842095, 0.00139006401878, 0.000585960689932, 0.00169793865643, -0.000449456943898, -0.000574607751332], [-0.000373473449145, 0.00163864344358, -0.00151635170914, 0.000350142421667, -0.000793321174569, 0.00763720506802, -0.00256010098383, -0.00125010882039, -0.000505449948832, -0.00100520660635, -0.00164740334731, 0.00250127003528, 0.00155220809393], [0.000603462278377, -0.00207108887844, 0.00167828379199, -0.0015358813107, -0.000642016821075, -0.00256010098383, 0.0105177424848, -8.42923109303e-05, 0.00104062631726, -0.00089833792299, 0.00353489886038, -0.00123888510279, 0.0019077580655], [2.41363431996e-05, 0.000762187875807, -0.000993402209133, 0.000695472408552, -0.000253540842095, -0.00125010882039, -8.42923109303e-05, 0.00889392104, -0.00284727592953, 2.69456450042e-06, 0.000368374370737, 0.000237436310272, 0.000561875407584], [0.000660003104713, -0.00146817660425, 0.00131248764228, -0.000531480414793, 0.00139006401878, -0.000505449948832, 0.00104062631726, -0.00284727592953, 0.0140891810879, -0.00344482506625, 0.00266995071433, 0.000986442551948, -0.0010926660616], [7.80590125942e-05, 0.00214454578236, -0.000610496266745, 0.00198714458384, 0.000585960689932, -0.00100520660635, -0.00089833792299, 2.69456450042e-06, -0.00344482506625, 0.0130362696946, -0.00161597237457, 0.000738248345442, 0.000154573499458], [0.000478516536532, -0.00210157153197, 0.00295543251559, 7.32892513042e-05, 0.00169793865643, -0.00164740334731, 0.00353489886038, 0.000368374370737, 0.00266995071433, -0.00161597237457, 0.0155101381242, -0.00377226620913, 0.000419925054302], [-5.87868926232e-05, 0.00153932359535, -0.00168038590346, -0.0013813378755, -0.000449456943898, 0.00250127003528, -0.00123888510279, 0.000237436310272, 0.000986442551948, 0.000738248345442, -0.00377226620913, 0.012396809645, -0.00191439082846], [5.22759728483e-05, 0.000637472025119, 0.00204770243727, 0.00114138273057, -0.000574607751332, 0.00155220809393, 0.0019077580655, 0.000561875407584, -0.0010926660616, 0.000154573499458, 0.000419925054302, -0.00191439082846, 0.0152078233659]]}, "silence_rate_20dB": {"dvar": 0, "var": 0, "median": 1, "max": 1, "dmean": 0, "dmean2": 0, "mean": 1, "dvar2": 0, "min": 1}, "barkbands_skewness": {"dvar": 1.17281782627, "var": 4.88572978973, "median": 3.9462928772, "max": 18.6135425568, "dmean": 0.937685132027, "dmean2": 1.38937902451, "mean": 4.18094682693, "dvar2": 2.48470807076, "min": -3.04396510124}, "erbbands_skewness": {"dvar": 0.33100605011, "var": 1.38283097744, "median": 1.76269292831, "max": 9.07616996765, "dmean": 0.490956962109, "dmean2": 0.710603475571, "mean": 1.76677513123, "dvar2": 0.647665977478, "min": -2.06217718124}, "spectral_contrast_valleys": {"dvar": [0.213695853949, 0.141064405441, 0.140411779284, 0.162525594234, 0.258273392916, 0.343140900135], "var": [1.50761795044, 1.74350821972, 2.07480859756, 2.17824316025, 2.69005918503, 3.34856009483], "median": [-8.77265739441, -7.5934753418, -8.52164363861, -9.33958053589, -8.90322303772, -11.3631534576], "max": [-6.67303562164, -5.51457166672, -6.65601396561, -7.23498821259, -6.14386701584, -7.49608898163], "dmean": [0.497064113617, 0.356912255287, 0.359936743975, 0.38073143363, 0.451963484287, 0.495098114014], "dmean2": [0.706970155239, 0.553151845932, 0.52583783865, 0.527658581734, 0.572006344795, 0.617179870605], "mean": [-8.89843845367, -7.82638788223, -8.80215072632, -9.58591651917, -9.32674407959, -11.814204216], "dvar2": [0.392871588469, 0.250458776951, 0.219554364681, 0.247082605958, 0.386221021414, 0.52256000042], "min": [-26.9989852905, -27.3009223938, -26.9026908875, -27.3428897858, -27.1708374023, -27.3480625153]}, "spectral_strongpeak": {"dvar": 0.186797603965, "var": 0.568944036961, "median": 0.690051436424, "max": 6.36588525772, "dmean": 0.324185222387, "dmean2": 0.522037029266, "mean": 0.885877728462, "dvar2": 0.465897798538, "min": 0}, "erbbands_crest": {"dvar": 7.0545592308, "var": 21.1467647552, "median": 12.3463401794, "max": 30.8142356873, "dmean": 2.51196670532, "dmean2": 3.9153945446, "mean": 12.7692079544, "dvar2": 16.9011135101, "min": 2.76514148712}, "barkbands_crest": {"dvar": 6.51902151108, "var": 25.154291153, "median": 16.7017974854, "max": 26.1365966797, "dmean": 2.44351601601, "dmean2": 3.84794330597, "mean": 16.7087650299, "dvar2": 14.741768837, "min": 3.23803472519}, "spectral_energyband_middle_low": {"dvar": 0.000101327881566, "var": 0.000326422828948, "median": 0.0110345454887, "max": 0.14731746912, "dmean": 0.00652517797425, "dmean2": 0.00939339958131, "mean": 0.0173121076077, "dvar2": 0.00022188348521, "min": 1.94425195677e-22}, "spectral_contrast_coeffs": {"dvar": [0.00154361478053, 0.00150095054414, 0.00105299823917, 0.000751138548367, 0.000887874339242, 0.000336907687597], "var": [0.00988817866892, 0.00808275677264, 0.00523450039327, 0.0040541854687, 0.00399930262938, 0.00217454251833], "median": [-0.42988294363, -0.664739191532, -0.751822769642, -0.77676486969, -0.783738493919, -0.788501918316], "max": [-0.162684053183, -0.312587440014, -0.449412286282, -0.573010206223, -0.543155133724, -0.640916228294], "dmean": [0.0440187044442, 0.0431158058345, 0.0366092063487, 0.0309329628944, 0.0297399703413, 0.0199782047421], "dmean2": [0.0691551193595, 0.0668683499098, 0.0551018752158, 0.047286875546, 0.0422102548182, 0.0284245051444], "mean": [-0.440588921309, -0.656204998493, -0.748582959175, -0.769675314426, -0.776625931263, -0.786882162094], "dvar2": [0.00347552471794, 0.00336410128511, 0.00217076228, 0.00156337290537, 0.00157675496303, 0.000674254843034], "min": [-0.970937788486, -0.99264061451, -0.994577944279, -0.987026333809, -0.988741874695, -0.958280622959]}, "hfc": {"dvar": 36.9498939514, "var": 179.186676025, "median": 4.10855007172, "max": 144.5625, "dmean": 3.10945153236, "dmean2": 4.17162895203, "mean": 8.9708108902, "dvar2": 61.8424530029, "min": 1.18987509131e-16}, "spectral_energyband_high": {"dvar": 3.63241468904e-07, "var": 1.54090037086e-06, "median": 3.51158087142e-05, "max": 0.0143488543108, "dmean": 0.000152728433022, "dmean2": 0.00018632854335, "mean": 0.000310552539304, "dvar2": 4.79697121136e-07, "min": 8.20799285712e-21}, "erbbands_spread": {"dvar": 127.618843079, "var": 521.463012695, "median": 24.1376399994, "max": 154.031005859, "dmean": 7.94205904007, "dmean2": 11.727678299, "mean": 30.2356071472, "dvar2": 253.714080811, "min": 1.08729422092}, "dissonance": {"dvar": 0.000643953913823, "var": 0.0022807624191, "median": 0.425630539656, "max": 0.499871581793, "dmean": 0.0268165636808, "dmean2": 0.0429732687771, "mean": 0.417147666216, "dvar2": 0.00160895951558, "min": 0.145404607058}, "spectral_kurtosis": {"dvar": 61.1314315796, "var": 259.55871582, "median": 6.90689706802, "max": 156.109466553, "dmean": 4.74266529083, "dmean2": 7.36176633835, "mean": 12.1850090027, "dvar2": 131.846298218, "min": -1.31922566891}, "spectral_skewness": {"dvar": 0.254197150469, "var": 1.5587130785, "median": 2.1651403904, "max": 10.5120449066, "dmean": 0.423678964376, "dmean2": 0.620365798473, "mean": 2.45258188248, "dvar2": 0.495575219393, "min": 0.0203988850117}, "pitch_salience": {"dvar": 0.00506230210885, "var": 0.0166105926037, "median": 0.510546684265, "max": 0.995855510235, "dmean": 0.0728945210576, "dmean2": 0.116062551737, "mean": 0.494562089443, "dvar2": 0.0119036501274, "min": 0.0750516951084}, "spectral_complexity": {"dvar": 2.2045276165, "var": 12.3047990799, "median": 7, "max": 32, "dmean": 1.29991829395, "dmean2": 2.04141688347, "mean": 7.09558820724, "dvar2": 4.4092130661, "min": 0}, "spectral_spread": {"dvar": 937349480448, "var": 4992572325890.0, "median": 3815331.75, "max": 41618916, "dmean": 639816.875, "dmean2": 861411.6875, "mean": 4044065.75, "dvar2": 1425992187900.0, "min": 750481.5625}, "dynamic_complexity": 4.91460609436, "melbands_crest": {"dvar": 6.89266586304, "var": 21.1722049713, "median": 17.0363311768, "max": 33.6715812683, "dmean": 2.5999341011, "dmean2": 4.18954086304, "mean": 17.3106269836, "dvar2": 17.1852836609, "min": 1.00325989723}, "zerocrossingrate": {"dvar": 0.000296668120427, "var": 0.00232413643971, "median": 0.021484375, "max": 0.53564453125, "dmean": 0.00762389134616, "dmean2": 0.00853840261698, "mean": 0.0329678952694, "dvar2": 0.000277321785688, "min": 0.005859375}, "spectral_energyband_low": {"dvar": 2.59689068116e-06, "var": 3.5349432892e-06, "median": 0.000550031778403, "max": 0.0314624011517, "dmean": 0.000753249332774, "dmean2": 0.00126950710546, "mean": 0.00124791846611, "dvar2": 7.4481044976e-06, "min": 1.42479979868e-22}, "melbands_kurtosis": {"dvar": 707.142456055, "var": 2014.81359863, "median": 37.8289985657, "max": 548.956542969, "dmean": 18.5954036713, "dmean2": 27.946138382, "mean": 49.7462921143, "dvar2": 1640.29675293, "min": -1.25841641426}, "spectral_energyband_middle_high": {"dvar": 1.02566366422e-06, "var": 3.3527001051e-06, "median": 0.000312354241032, "max": 0.0255972649902, "dmean": 0.000355895637767, "dmean2": 0.000516633677762, "mean": 0.000841064495035, "dvar2": 2.43551789936e-06, "min": 1.80591581907e-21}, "barkbands_spread": {"dvar": 50.0600814819, "var": 193.317184448, "median": 3.99359989166, "max": 97.184967041, "dmean": 2.99487423897, "dmean2": 4.28473711014, "mean": 7.88421726227, "dvar2": 82.7319488525, "min": 0.144954174757}, "mfcc": {"mean": [-757.834472656, 145.214294434, 19.7057113647, 26.3471221924, 1.0470995903, -14.0992183685, -6.39030170441, -12.7052335739, -21.3602466583, -16.8417568207, -20.4389019012, -5.56993675232, -13.5923185349], "cov": [[9585.09179688, -519.058959961, -125.626457214, -317.647094727, -157.06262207, -59.9507713318, -59.629940033, -367.498809814, -223.248886108, -13.936665535, -425.058135986, -104.617088318, -325.543914795], [-519.058959961, 1994.6159668, -499.961242676, 88.1304092407, -36.0808296204, -187.349243164, 65.5924453735, 26.4068565369, -172.157211304, -150.205169678, -51.9007072449, -79.9057769775, -35.427734375], [-125.626457214, -499.961242676, 534.743164062, -28.5333881378, 47.0792388916, 70.8951644897, -26.1902313232, 44.0243644714, 59.2908973694, 34.2487869263, 27.9806232452, 42.0260696411, 19.8131141663], [-317.647094727, 88.1304092407, -28.5333881378, 367.18862915, 2.66285061836, 55.2172660828, 12.4240980148, 95.5958099365, -2.40969967842, -104.719497681, 9.18507862091, 7.71678829193, 61.6293907166], [-157.06262207, -36.0808296204, 47.0792388916, 2.66285061836, 138.821350098, 1.76922309399, 3.27949213982, 22.6865615845, 19.8455638885, 23.8232879639, 1.43007838726, 7.33593416214, -7.82846069336], [-59.9507713318, -187.349243164, 70.8951644897, 55.2172660828, 1.76922309399, 193.023406982, 43.1339797974, 37.80651474, 39.2087936401, -0.681240558624, 44.7501564026, 1.00228071213, 23.0400257111], [-59.629940033, 65.5924453735, -26.1902313232, 12.4240980148, 3.27949213982, 43.1339797974, 133.702438354, 36.3604812622, 4.25226259232, 9.49801158905, 12.9098167419, 8.80874252319, 0.943210422993], [-367.498809814, 26.4068565369, 44.0243644714, 95.5958099365, 22.6865615845, 37.80651474, 36.3604812622, 161.35760498, 28.5884532928, -27.2706623077, 21.2971858978, 18.2869663239, 31.2723789215], [-223.248886108, -172.157211304, 59.2908973694, -2.40969967842, 19.8455638885, 39.2087936401, 4.25226259232, 28.5884532928, 146.24961853, 49.0953407288, 47.607257843, -14.8179950714, 14.3830871582], [-13.936665535, -150.205169678, 34.2487869263, -104.719497681, 23.8232879639, -0.681240558624, 9.49801158905, -27.2706623077, 49.0953407288, 183.857498169, 20.3059692383, -1.60253548622, -27.4962272644], [-425.058135986, -51.9007072449, 27.9806232452, 9.18507862091, 1.43007838726, 44.7501564026, 12.9098167419, 21.2971858978, 47.607257843, 20.3059692383, 118.832588196, 16.6816596985, 21.0116062164], [-104.617088318, -79.9057769775, 42.0260696411, 7.71678829193, 7.33593416214, 1.00228071213, 8.80874252319, 18.2869663239, -14.8179950714, -1.60253548622, 16.6816596985, 110.503318787, 20.4503536224], [-325.543914795, -35.427734375, 19.8131141663, 61.6293907166, -7.82846069336, 23.0400257111, 0.943210422993, 31.2723789215, 14.3830871582, -27.4962272644, 21.0116062164, 20.4503536224, 96.6748428345]], "icov": [[0.000154575216584, 7.04733611201e-05, 3.52534734702e-05, 3.07081500068e-05, 0.000147463710164, -0.00010359755106, -3.93606351281e-05, 0.000187427242054, 5.64148649573e-05, 8.45365721034e-05, 0.00047077529598, 7.28783015802e-06, 0.000407718209317], [7.04733611201e-05, 0.000878405058756, 0.000585150031839, -3.42771818396e-05, -2.85650603473e-05, 0.000695170136169, -0.000497578468639, -0.000337634060998, 0.000737337279133, 0.000452318170574, -0.000166965081007, 0.0006431118818, 0.000326420908095], [3.52534734702e-05, 0.000585150031839, 0.00270712585188, 0.00043610855937, -0.0005875894567, -0.00050218339311, 0.00064791290788, -0.000866607180797, -0.000108648833702, 0.000151916159666, 7.94966108515e-05, -0.00049114995636, -7.5799739534e-06], [3.07081500068e-05, -3.42771818396e-05, 0.00043610855937, 0.0041208746843, -0.000297576072626, -0.000988354557194, 0.000397002266254, -0.00177783693653, 1.90068931261e-05, 0.00174498092383, 0.00025789992651, 9.46667787503e-05, -0.00142548093572], [0.000147463710164, -2.85650603473e-05, -0.0005875894567, -0.000297576072626, 0.008076088503, 0.000172307394678, 3.37237707981e-07, -0.000869864888955, -0.000737344496883, -0.000944138912018, 0.00094951398205, -0.000553421326913, 0.00144239189103], [-0.00010359755106, 0.000695170136169, -0.00050218339311, -0.000988354557194, 0.000172307394678, 0.00763709424064, -0.0026058612857, -0.000459216185845, -0.000204219555599, 0.000411721382989, -0.00245489506051, 0.0013265212765, -0.000592868600506], [-3.93606351281e-05, -0.000497578468639, 0.00064791290788, 0.000397002266254, 3.37237707981e-07, -0.0026058612857, 0.00934456381947, -0.00207784119993, 0.000139987983857, -0.00109298387542, 1.40069078043e-05, -0.00112259201705, 0.000404011341743], [0.000187427242054, -0.000337634060998, -0.000866607180797, -0.00177783693653, -0.000869864888955, -0.000459216185845, -0.00207784119993, 0.00928919296712, -0.00178869068623, 0.000832587655168, 0.00042578636203, -0.00112615269609, -0.00047861065832], [5.64148649573e-05, 0.000737337279133, -0.000108648833702, 1.90068931261e-05, -0.000737344496883, -0.000204219555599, 0.000139987983857, -0.00178869068623, 0.0104807168245, -0.00212952122092, -0.00312639959157, 0.00300963059999, -0.00108559441287], [8.45365721034e-05, 0.000452318170574, 0.000151916159666, 0.00174498092383, -0.000944138912018, 0.000411721382989, -0.00109298387542, 0.000832587655168, -0.00212952122092, 0.00796229019761, -0.000618915772066, -0.000140581658343, 0.00161935633514], [0.00047077529598, -0.000166965081007, 7.94966108515e-05, 0.00025789992651, 0.00094951398205, -0.00245489506051, 1.40069078043e-05, 0.00042578636203, -0.00312639959157, -0.000618915772066, 0.0124994702637, -0.00213052262552, -0.000109392654849], [7.28783015802e-06, 0.0006431118818, -0.00049114995636, 9.46667787503e-05, -0.000553421326913, 0.0013265212765, -0.00112259201705, -0.00112615269609, 0.00300963059999, -0.000140581658343, -0.00213052262552, 0.011106453836, -0.00205931765959], [0.000407718209317, 0.000326420908095, -7.5799739534e-06, -0.00142548093572, 0.00144239189103, -0.000592868600506, 0.000404011341743, -0.00047861065832, -0.00108559441287, 0.00161935633514, -0.000109392654849, -0.00205931765959, 0.0142372772098]]}, "silence_rate_60dB": {"dvar": 0.0213162880391, "var": 0.0795501992106, "median": 0, "max": 1, "dmean": 0.0217924267054, "dmean2": 0.0435967296362, "mean": 0.0871459692717, "dvar2": 0.0487823188305, "min": 0}, "melbands_flatness_db": {"dvar": 0.00101664441172, "var": 0.0068688634783, "median": 0.318380653858, "max": 0.601194918156, "dmean": 0.0313724502921, "dmean2": 0.044197935611, "mean": 0.323130100965, "dvar2": 0.00198146491311, "min": -1.12172443778e-07}, "spectral_rms": {"dvar": 6.71695204346e-07, "var": 3.88401394957e-06, "median": 0.00352629460394, "max": 0.011998873204, "dmean": 0.000698404561263, "dmean2": 0.000999701209366, "mean": 0.00385541864671, "dvar2": 1.41972600431e-06, "min": 3.29850599959e-12}, "melbands_spread": {"dvar": 50.2499046326, "var": 164.644454956, "median": 3.78492641449, "max": 147.209884644, "dmean": 2.68735527992, "dmean2": 3.79259610176, "mean": 6.95412826538, "dvar2": 81.5023727417, "min": 0.320618450642}, "average_loudness": 0.808890283108, "erbbands_kurtosis": {"dvar": 32.540866851