{"tonal": {"hpcp": {"dvar": [0.0636759772897, 0.0689445137978, 0.0624996609986, 0.0541629269719, 0.0471792295575, 0.0396390408278, 0.0451617762446, 0.0534163676202, 0.0509222075343, 0.0459484942257, 0.0372619219124, 0.0335835069418, 0.0325960405171, 0.0298477653414, 0.0334368385375, 0.0428512506187, 0.0447084233165, 0.0419820919633, 0.0381809733808, 0.0371145196259, 0.0387188233435, 0.0382389649749, 0.0403095930815, 0.0475802496076, 0.0877706035972, 0.0421712026, 0.0328106023371, 0.0371208004653, 0.0423321388662, 0.053770929575, 0.0637452527881, 0.0677634850144, 0.0623615644872, 0.0581904053688, 0.058501958847, 0.0591343827546], "var": [0.0862966328859, 0.0981011167169, 0.0587919764221, 0.0408338792622, 0.0349907316267, 0.0312315225601, 0.0578646846116, 0.0831552445889, 0.0479638278484, 0.0798069685698, 0.0761828348041, 0.0282778665423, 0.0235776379704, 0.0223592091352, 0.0259671453387, 0.0448191463947, 0.0630420073867, 0.0422005429864, 0.0294749103487, 0.0252195205539, 0.0270542502403, 0.0409411713481, 0.0576879642904, 0.0619100257754, 0.116194956005, 0.0449594259262, 0.0235342495143, 0.0270027630031, 0.0323560461402, 0.0421607643366, 0.0726519078016, 0.08534424752, 0.0567623190582, 0.0497223958373, 0.0475412644446, 0.0521456114948], "median": [0.0282945968211, 0.0305912233889, 0.0185798499733, 0.0072334734723, 0.00582789815962, 0.0083214007318, 0.0194020606577, 0.0249700341374, 0.0269868019968, 0.0107465814799, 0.00795144960284, 0.00781638361514, 0.00569253368303, 0.00606451556087, 0.00713042635471, 0.0160683244467, 0.0210678055882, 0.0146411918104, 0.00711696734652, 0.00476691080257, 0.00660598138347, 0.0123549997807, 0.0143108842894, 0.0465425588191, 0.0373670235276, 0.0234511140734, 0.00348721933551, 0.006571511738, 0.00880856812, 0.0139706069604, 0.0363949052989, 0.042014233768, 0.021902449429, 0.00868404470384, 0.00838045310229, 0.0130444867536], "max": [1, 1, 1, 1, 1, 1, 1, 1, 1, 1, 1, 1, 1, 1, 1, 1, 1, 1, 1, 1, 1, 1, 1, 1, 1, 1, 1, 1, 1, 1, 1, 1, 1, 1, 1, 1], "dmean": [0.165616244078, 0.170984849334, 0.156180813909, 0.122234120965, 0.104148440063, 0.0966227948666, 0.118107207119, 0.131120234728, 0.128468945622, 0.107594922185, 0.0909464433789, 0.0838988348842, 0.076812967658, 0.0735638737679, 0.0829380899668, 0.108307294548, 0.114927381277, 0.105086475611, 0.0858590826392, 0.0778672471642, 0.0839146748185, 0.0959718897939, 0.100359246135, 0.155520096421, 0.207084283233, 0.133149176836, 0.0711071565747, 0.0775705426931, 0.0940706953406, 0.128649398685, 0.16506819427, 0.173764273524, 0.155979394913, 0.132897004485, 0.133219927549, 0.147196918726], "dmean2": [0.294960379601, 0.306292176247, 0.282765835524, 0.22692771256, 0.194264814258, 0.179096549749, 0.209749445319, 0.231902301311, 0.230001151562, 0.195775032043, 0.161844879389, 0.15209877491, 0.141812667251, 0.134632855654, 0.151806786656, 0.193315282464, 0.203683644533, 0.187440961599, 0.15804490447, 0.145261704922, 0.155045881867, 0.170053496957, 0.174305945635, 0.274673610926, 0.371668964624, 0.239244297147, 0.132084950805, 0.142542153597, 0.173160076141, 0.235007941723, 0.296210050583, 0.310225993395, 0.283940851688, 0.244437351823, 0.248666569591, 0.26932656765], "mean": [0.18086181581, 0.1987657547, 0.134472817183, 0.0872991681099, 0.0731294602156, 0.0733909383416, 0.131759986281, 0.164670526981, 0.12595140934, 0.14079849422, 0.131273895502, 0.0726359039545, 0.0567281581461, 0.0564455837011, 0.0637312605977, 0.1043773368, 0.131268396974, 0.0990386754274, 0.065437361598, 0.0558101572096, 0.0599234849215, 0.0930804535747, 0.115322880447, 0.176938593388, 0.233169138432, 0.136789768934, 0.050559297204, 0.05875043571, 0.0722521096468, 0.0979816839099, 0.167014554143, 0.187920093536, 0.132082015276, 0.101607099175, 0.0989234745502, 0.117561854422], "dvar2": [0.169714316726, 0.18193410337, 0.169170677662, 0.150453105569, 0.13358579576, 0.11041098088, 0.124276809394, 0.14217042923, 0.147700831294, 0.127554222941, 0.0998991876841, 0.0963259264827, 0.0933808684349, 0.0839093849063, 0.0953484103084, 0.122613400221, 0.119272209704, 0.11692108959, 0.104924798012, 0.105027213693, 0.110384747386, 0.10544078052, 0.105775929987, 0.124562747777, 0.213822379708, 0.109827086329, 0.0921715050936, 0.104111112654, 0.118081502616, 0.150138616562, 0.175140216947, 0.180117294192, 0.173453047872, 0.15972481668, 0.161699846387, 0.161402195692], "min": [0, 0, 0, 0, 0, 0, 0, 0, 0, 0, 0, 0, 0, 0, 0, 0, 0, 0, 0, 0, 0, 0, 0, 0, 0, 0, 0, 0, 0, 0, 0, 0, 0, 0, 0, 0]}, "key_key": "F", "thpcp": [1, 0.586654663086, 0.216835290194, 0.251964896917, 0.309869945049, 0.420217216015, 0.716280698776, 0.805938959122, 0.566464424133, 0.435765653849, 0.424256294966, 0.504191339016, 0.775667905807, 0.852453112602, 0.576717913151, 0.374402761459, 0.313632667065, 0.314754068851, 0.565083324909, 0.706227779388, 0.540171861649, 0.603847026825, 0.562998592854, 0.311515957117, 0.243291884661, 0.242079988122, 0.273326307535, 0.447646439075, 0.562974989414, 0.424750357866, 0.280643314123, 0.239354819059, 0.256995767355, 0.399197131395, 0.494588941336, 0.758842229843], "chords_key": "G", "tuning_equal_tempered_deviation": 0.252439677715, "tuning_frequency": 434.193115234, "tuning_diatonic_strength": 0.617103755474, "chords_histogram": [4.57879543304, 4.73438549042, 3.24516558647, 4.91220283508, 36.1191368103, 8.46854877472, 9.60213375092, 0.977995097637, 3.93420767784, 0.733496308327, 1.55590128899, 0, 0, 0, 0.0222271624953, 0.777950644493, 0.689042031765, 0.088908649981, 0, 1.5336741209, 0, 0.822404980659, 1.22249388695, 15.9813289642], "key_strength": 0.639540970325, "key_scale": "major", "chords_strength": {"dvar": 0.000101069279481, "var": 0.00730874482542, "median": 0.506461799145, "max": 0.745195865631, "dmean": 0.0112706441432, "dmean2": 0.0126872332767, "mean": 0.506224691868, "dvar2": 0.000132752102218, "min": 0.232563763857}, "chords_number_rate": 0.00266725942492, "tuning_nontempered_energy_ratio": 0.928383111954, "hpcp_entropy": {"dvar": 0.293170690536, "var": 0.635219216347, "median": 2.39445614815, "max": 4.60076761246, "dmean": 0.647003114223, "dmean2": 1.07340478897, "mean": 2.42190885544, "dvar2": 0.80797958374, "min": 0}, "chords_changes_rate": 0.0640142261982, "chords_scale": "major"}, "rhythm": {"bpm_histogram_first_peak_spread": {"dvar": 0, "var": 0, "median": 0, "max": 0, "dmean": 0, "dmean2": 0, "mean": 0, "dvar2": 0, "min": 0}, "bpm_histogram_first_peak_weight": {"dvar": 0, "var": 0, "median": 0.802698135376, "max": 0.802698135376, "dmean": 0, "dmean2": 0, "mean": 0.802698135376, "dvar2": 0, "min": 0.802698135376}, "bpm_histogram_first_peak_bpm": {"dvar": 0, "var": 0, "median": 172, "max": 172, "dmean": 0, "dmean2": 0, "mean": 172, "dvar2": 0, "min": 172}, "bpm": 172.265090942, "bpm_histogram_second_peak_weight": {"dvar": 0, "var": 0, "median": 0.099494099617, "max": 0.099494099617, "dmean": 0, "dmean2": 0, "mean": 0.099494099617, "dvar2": 0, "min": 0.099494099617}, "beats_loudness": {"dvar": 0.00299207633361, "var": 0.00294434954412, "median": 0.0502724051476, "max": 0.28356564045, "dmean": 0.056907877326, "dmean2": 0.103208519518, "mean": 0.063259921968, "dvar2": 0.00897540524602, "min": 7.14015072845e-07}, "beats_loudness_band_ratio": {"dvar": [0.0597562864423, 0.01956714876, 0.0140746822581, 0.00971262808889, 0.00371046504006, 0.031536705792], "var": [0.0743335187435, 0.0165416840464, 0.010776700452, 0.00722367269918, 0.0030295739416, 0.023087432608], "median": [0.828665018082, 0.0393612794578, 0.0141335353255, 0.0120952343568, 0.0148383146152, 0.0271293520927], "max": [0.998275458813, 0.865052759647, 0.706431686878, 0.850451588631, 0.556422770023, 0.945462107658], "dmean": [0.264492362738, 0.101850025356, 0.0694248154759, 0.0500419512391, 0.0407877154648, 0.123253561556], "dmean2": [0.461205720901, 0.184468835592, 0.126045182347, 0.0902028307319, 0.0719847306609, 0.224263906479], "mean": [0.729942142963, 0.0883095189929, 0.0538592115045, 0.0383701398969, 0.0334410108626, 0.0883383527398], "dvar2": [0.150715410709, 0.0545775704086, 0.0399014987051, 0.0267639588565, 0.0101583395153, 0.0848745331168], "min": [0.00249631283805, 8.44584646984e-05, 0.000121211196529, 0.000176981004188, 0.000198811700102, 6.3412138843e-05]}, "bpm_histogram_second_peak_bpm": {"dvar": 0, "var": 0, "median": 167, "max": 167, "dmean": 0, "dmean2": 0, "mean": 167, "dvar2": 0, "min": 167}, "onset_rate": 4.53406190872, "beats_count": 594, "beats_position": [0.371519267559, 0.743038535118, 1.11455774307, 1.48607707024, 1.8575963974, 2.21750569344, 2.57741498947, 2.92571425438, 3.28562355042, 3.64553284645, 3.99383211136, 4.34213161469, 4.72526073456, 5.10838985443, 5.50312900543, 5.92108821869, 6.32743740082, 6.74539661407, 7.1517457962, 7.55809497833, 7.97605419159, 8.40562343597, 8.82358264923, 9.19510173798, 9.54340076447, 9.89170074463, 10.2399997711, 10.5999088287, 10.95981884, 11.3081178665, 11.656416893, 12.0047159195, 12.3530158997, 12.7013149261, 13.0496139526, 13.3979139328, 13.7462129593, 14.0945119858, 14.4428119659, 14.7911109924, 15.1394100189, 15.4877090454, 15.8360090256, 16.1843090057, 16.5326080322, 16.8809070587, 17.2292060852, 17.5775051117, 17.9258041382, 18.2741031647, 18.6107940674, 18.9590930939, 19.3190021515, 19.667301178, 20.0039901733, 20.3522891998, 20.6889801025, 21.037279129, 21.3855781555, 21.733877182, 22.0821762085, 22.430475235, 22.7787742615, 23.1270751953, 23.4753742218, 23.8236732483, 24.1719722748, 24.5202713013, 24.8685703278, 25.2284793854, 25.5767803192, 25.9366893768, 26.2849884033, 26.6448974609, 26.9815864563, 27.3298854828, 27.6781845093, 28.0264854431, 28.3747844696, 28.7230834961, 29.0713825226, 29.4196815491, 29.7679805756, 30.1162815094, 30.4645805359, 30.8128795624, 31.1611785889, 31.5094776154, 31.8577766418, 32.2060775757, 32.5543746948, 32.9026756287, 33.2509727478, 33.5992736816, 33.9475746155, 34.2958717346, 34.6441726685, 34.9924697876, 35.3407707214, 35.6890678406, 36.0373687744, 36.3856697083, 36.7339668274, 37.0822677612, 37.4305648804, 37.7788658142, 38.1271629333, 38.4754638672, 38.823764801, 39.1720619202, 39.520362854, 39.8686599731, 40.216960907, 40.5652618408, 40.91355896, 41.2618598938, 41.6101570129, 41.9584579468, 42.3067550659, 42.6550559998, 43.0033569336, 43.3516540527, 43.6999549866, 44.0482521057, 44.3965530396, 44.7448501587, 45.0931510925, 45.4530601501, 45.8129692078, 46.1496582031, 46.4863471985, 46.8346481323, 47.1829452515, 47.5312461853, 47.8795471191, 48.2278442383, 48.5761451721, 48.9244422913, 49.2727432251, 49.6210403442, 49.9693412781, 50.3176422119, 50.6775512695, 51.0258483887, 51.3741493225, 51.7224464417, 52.0707473755, 52.4190483093, 52.7673454285, 53.1272544861, 53.4755554199, 53.8238525391, 54.1721534729, 54.5088424683, 54.8571434021, 55.1938323975, 55.5421295166, 55.8904304504, 56.2387275696, 56.5870285034, 56.9353294373, 57.2836265564, 57.6319274902, 57.9802246094, 58.3285255432, 58.6768226624, 59.0251235962, 59.37342453, 59.7217216492, 60.070022583, 60.4183197021, 60.766620636, 61.1149177551, 61.4748306274, 61.8231277466, 62.1714286804, 62.5197257996, 62.8680267334, 63.2047157288, 63.5530128479, 63.9013137817, 64.2263946533, 64.5863037109, 64.9462127686, 65.2945098877, 65.6428070068, 65.9911117554, 66.3394088745, 66.6993179321, 67.0592269897, 67.4075241089, 67.7558288574, 68.1041259766, 68.4408187866, 68.7891159058, 69.1258010864, 69.474105835, 69.8224029541, 70.1823120117, 70.5422210693, 70.8905181885, 71.238822937, 71.5871200562, 71.9354171753, 72.2837142944, 72.632019043, 72.9803161621, 73.3286132813, 73.6769180298, 74.0252151489, 74.3735122681, 74.7218093872, 75.0701141357, 75.4184112549, 75.766708374, 76.1150131226, 76.4633102417, 76.8116073608, 77.15990448, 77.5082092285, 77.8565063477, 78.2048034668, 78.5531082153, 78.9014053345, 79.2497024536, 79.5979995728, 79.9463043213, 80.2946014404, 80.6428985596, 80.9912033081, 81.3395004272, 81.6877975464, 82.0360946655, 82.3843994141, 82.7326965332, 83.0809936523, 83.4292984009, 83.77759552, 84.1258926392, 84.4741897583, 84.8224945068, 85.170791626, 85.5190887451, 85.8673934937, 86.2156906128, 86.5639877319, 86.9122848511, 87.2605895996, 87.6088867188, 87.9571838379, 88.3054885864, 88.6421737671, 89.0020828247, 89.3503875732, 89.6986846924, 90.0469818115, 90.3952789307, 90.7435836792, 91.0918807983, 91.4401779175, 91.788482666, 92.1367797852, 92.4850769043, 92.8333740234, 93.181678772, 93.5299758911, 93.8782730103, 94.2265777588, 94.5748748779, 94.9231719971, 95.2714691162, 95.6197738647, 95.9680709839, 96.316368103, 96.6646728516, 97.0129699707, 97.3612670898, 97.709564209, 98.0578689575, 98.4061660767, 98.7544631958, 99.1027679443, 99.4510650635, 99.7993621826, 100.147659302, 100.49596405, 100.844261169, 101.192558289, 101.540863037, 101.889160156, 102.237457275, 102.585754395, 102.934059143, 103.282356262, 103.630653381, 103.97895813, 104.327255249, 104.675552368, 105.023849487, 105.372154236, 105.720451355, 106.068748474, 106.417053223, 106.765350342, 107.113647461, 107.46194458, 107.810249329, 108.158546448, 108.506843567, 108.855148315, 109.203445435, 109.551742554, 109.900039673, 110.248344421, 110.596641541, 110.94493866, 111.293243408, 111.653152466, 112.013061523, 112.361358643, 112.709655762, 113.046348572, 113.383033752, 113.719726563, 114.056411743, 114.416320801, 114.776237488, 115.124534607, 115.484443665, 115.844352722, 116.181037903, 116.517730713, 116.854415894, 117.191108704, 117.551017761, 117.910926819, 118.259223938, 118.607528687, 118.955825806, 119.304122925, 119.652427673, 120.000724792, 120.349021912, 120.697319031, 121.045623779, 121.393920898, 121.742218018, 122.090522766, 122.438819885, 122.787117004, 123.147026062, 123.50693512, 123.855232239, 124.203536987, 124.551834106, 124.900131226, 125.248435974, 125.596733093, 125.945030212, 126.293327332, 126.64163208, 126.978317261, 127.315010071, 127.66330719, 128.011611938, 128.371520996, 128.719818115, 129.068115234, 129.416412354, 129.753097534, 130.101409912, 130.449707031, 130.79800415, 131.157913208, 131.506210327, 131.854507446, 132.202804565, 132.551101685, 132.899414063, 133.247711182, 133.596008301, 133.955917358, 134.315826416, 134.675735474, 135.035644531, 135.418777466, 135.801895142, 136.185028076, 136.556549072, 136.928070068, 137.299591064, 137.671112061, 138.054244995, 138.414154053, 138.77406311, 139.133972168, 139.493881226, 139.853790283, 140.213699341, 140.573608398, 140.933517456, 141.270202637, 141.606887817, 141.955184937, 142.315093994, 142.663391113, 143.011703491, 143.36000061, 143.719909668, 144.079818726, 144.416503906, 144.764801025, 145.101501465, 145.449798584, 145.798095703, 146.146392822, 146.494689941, 146.842987061, 147.19128418, 147.539596558, 147.887893677, 148.236190796, 148.584487915, 148.932785034, 149.281082153, 149.629379272, 149.97769165, 150.32598877, 150.674285889, 151.022583008, 151.370880127, 151.719177246, 152.067474365, 152.415786743, 152.764083862, 153.112380981, 153.460678101, 153.80897522, 154.157272339, 154.505569458, 154.853881836, 155.202178955, 155.550476074, 155.898773193, 156.247070313, 156.595367432, 156.943664551, 157.291976929, 157.640274048, 157.988571167, 158.336868286, 158.685165405, 159.033462524, 159.381759644, 159.730072021, 160.078369141, 160.42666626, 160.774963379, 161.123260498, 161.471557617, 161.819854736, 162.168167114, 162.516464233, 162.864761353, 163.213058472, 163.561355591, 163.90965271, 164.257949829, 164.606262207, 164.954559326, 165.302856445, 165.651153564, 165.999450684, 166.347747803, 166.696044922, 167.0443573, 167.392654419, 167.740951538, 168.089248657, 168.437545776, 168.785842896, 169.134140015, 169.482452393, 169.830749512, 170.179046631, 170.52734375, 170.875640869, 171.223937988, 171.572235107, 171.920547485, 172.268844604, 172.617141724, 172.965438843, 173.313735962, 173.662033081, 174.0103302, 174.358642578, 174.706939697, 175.055236816, 175.403533936, 175.751831055, 176.100128174, 176.448425293, 176.796737671, 177.14503479, 177.493331909, 177.841629028, 178.189926147, 178.538223267, 178.886520386, 179.234832764, 179.583129883, 179.931427002, 180.279724121, 180.62802124, 180.976318359, 181.324615479, 181.672927856, 182.021224976, 182.369522095, 182.717819214, 183.066116333, 183.414413452, 183.762710571, 184.111022949, 184.459320068, 184.807617188, 185.155914307, 185.504211426, 185.852508545, 186.200805664, 186.549118042, 186.897415161, 187.24571228, 187.594009399, 187.942306519, 188.290603638, 188.638900757, 188.987213135, 189.335510254, 189.683807373, 190.032104492, 190.380401611, 190.72869873, 191.07699585, 191.425308228, 191.773605347, 192.121902466, 192.470199585, 192.818496704, 193.166793823, 193.515090942, 193.86340332, 194.211700439, 194.559997559, 194.908294678, 195.256591797, 195.604888916, 195.953201294, 196.301498413, 196.649795532, 196.998092651, 197.346389771, 197.69468689, 198.054595947, 198.402893066, 198.751205444, 199.099502563, 199.447799683, 199.784484863, 200.132781982, 200.481079102, 200.840988159, 201.200897217, 201.549209595, 201.909118652, 202.26902771, 202.640533447, 203.012054443, 203.383575439, 203.755096436, 204.126617432, 204.486526489, 204.846435547, 205.194732666, 205.543029785, 205.891326904, 206.239639282, 206.587936401, 206.936233521, 207.296142578, 207.644439697, 208.004348755, 208.364257813], "danceability": 1.27843821049, "bpm_histogram_second_peak_spread": {"dvar": 0, "var": 0, "median": 0, "max": 0, "dmean": 0, "dmean2": 0, "mean": 0, "dvar2": 0, "min": 0}}, "lowlevel": {"spectral_flux": {"dvar": 0.00178151810542, "var": 0.00441505061463, "median": 0.0858964771032, "max": 0.446435540915, "dmean": 0.0362929217517, "dmean2": 0.057860519737, "mean": 0.0978436991572, "dvar2": 0.00417067250237, "min": 6.85116477439e-11}, "spectral_rolloff": {"dvar": 1805442.875, "var": 3788345, "median": 236.865234375, "max": 18690.8203125, "dmean": 621.508728027, "dmean2": 1042.20507813, "mean": 1125.3885498, "dvar2": 4234746, "min": 43.06640625}, "barkbands_flatness_db": {"dvar": 0.00126265350264, "var": 0.00636640936136, "median": 0.175926566124, "max": 0.525115907192, "dmean": 0.0365083068609, "dmean2": 0.0569991394877, "mean": 0.185835123062, "dvar2": 0.00282783806324, "min": 0.0206651333719}, "spectral_centroid": {"dvar": 176956.65625, "var": 893515.875, "median": 958.174682617, "max": 11149.9238281, "dmean": 326.736999512, "dmean2": 494.915100098, "mean": 1238.46166992, "dvar2": 342591.375, "min": 109.391319275}, "melbands_skewness": {"dvar": 3.26250100136, "var": 12.9139213562, "median": 5.28690910339, "max": 27.628326416, "dmean": 1.67636883259, "dmean2": 2.59161901474, "mean": 5.75603675842, "dvar2": 7.4315533638, "min": -2.43505740166}, "melbands": {"dvar": [3.65916712326e-05, 4.81773276988e-05, 4.308842108e-06, 2.77260426174e-07, 3.7267142261e-08, 9.44625142552e-08, 4.20241576649e-07, 5.12349025428e-08, 5.98836606969e-08, 1.81195698445e-08, 8.54237747205e-09, 2.53628353875e-08, 7.49929540689e-09, 5.76918735007e-09, 3.48405237993e-09, 4.80403938852e-09, 4.86890971985e-09, 3.89544840829e-09, 1.38718592169e-09, 9.77499969856e-10, 2.00234118175e-09, 3.73789177388e-09, 2.55767695911e-09, 2.13397655102e-09, 7.93649812536e-10, 7.1920286393e-10, 2.86724116672e-10, 5.055302843e-10, 3.2553978957e-10, 4.1751116453e-10, 3.35419553243e-10, 2.2841011027e-10, 2.65236638208e-10, 1.26558860614e-10, 9.60787144288e-11, 1.54360232929e-10, 1.23468096858e-10, 9.22750348353e-11, 3.38518900411e-11, 1.19092921289e-11], "var": [4.800615352e-05, 6.86865532771e-05, 5.03458250023e-06, 7.42951442589e-07, 8.68914398211e-08, 1.68260598343e-07, 1.02669810076e-06, 1.09574266105e-07, 1.20694963357e-07, 4.64508893572e-08, 1.65537805685e-08, 5.13612476993e-08, 1.43342546721e-08, 9.86388482005e-09, 9.30071486493e-09, 1.35372228982e-08, 9.1931937618e-09, 4.8397148511e-09, 2.34677588473e-09, 1.82843518104e-09, 3.74066644326e-09, 5.92621818285e-09, 3.76384079459e-09, 3.16374682008e-09, 1.86410509251e-09, 1.40673250826e-09, 5.33207755726e-10, 8.02809818623e-10, 7.06779523796e-10, 8.8026663736e-10, 7.89830700842e-10, 5.59764956609e-10, 4.25358914757e-10, 2.69366529082e-10, 2.3801011162e-10, 2.57991766839e-10, 1.84718906837e-10, 1.38676209405e-10, 6.51275075536e-11, 2.69654160112e-11], "median": [0.00249500921927, 0.00288994284347, 0.000966267776676, 0.000441962765763, 9.57453157753e-05, 3.73363800463e-05, 2.99374587485e-05, 1.57831054821e-05, 1.45143239934e-05, 1.01941768662e-05, 1.19934084069e-05, 8.04001138022e-06, 6.91709101375e-06, 7.8977254816e-06, 7.06559512764e-06, 4.42239979748e-06, 4.18676881964e-06, 4.56691896034e-06, 3.67633992937e-06, 2.69135171038e-06, 3.26283065988e-06, 4.46429385192e-06, 3.34398714585e-06, 2.37675135395e-06, 2.87365492113e-06, 2.85516762233e-06, 3.2592183743e-06, 2.81067946162e-06, 1.56602686729e-06, 1.04459627437e-06, 8.16688611849e-07, 6.73948648e-07, 7.91054617366e-07, 7.2583554811e-07, 4.77542698718e-07, 5.51982566321e-07, 4.81389520246e-07, 2.65795648602e-07, 2.03862157377e-07, 1.58117018145e-07], "max": [0.0892839282751, 0.104606553912, 0.0332402996719, 0.00822040066123, 0.00391934486106, 0.00896255206317, 0.0168814398348, 0.00582133186981, 0.00970767810941, 0.00457183271646, 0.00268449401483, 0.00349651090801, 0.00438386574388, 0.00401773909107, 0.00291243218817, 0.00320237642154, 0.00292766257189, 0.00159438338596, 0.00118068663869, 0.000786019663792, 0.00156448991038, 0.00251635839231, 0.00146303174552, 0.00156271376181, 0.00104945711792, 0.000816906976979, 0.00043686592835, 0.00102326110937, 0.000505744770635, 0.000616358185653, 0.000579124025535, 0.000488077581394, 0.00043115922017, 0.000356692471541, 0.000307051086565, 0.000596371304709, 0.000395619921619, 0.000405769853387, 0.000181815950782, 0.000109011991299], "dmean": [0.00352397561073, 0.00381610100158, 0.000993531779386, 0.000325767556205, 9.73070491455e-05, 0.000103085418232, 0.000190290127648, 6.78539436194e-05, 5.45380280528e-05, 3.71605965483e-05, 3.21997031278e-05, 4.11103101214e-05, 2.27796426771e-05, 2.14668198169e-05, 1.93062624021e-05, 1.83039101103e-05, 1.71384308487e-05, 1.81941086339e-05, 1.14651074909e-05, 9.51630227064e-06, 1.11365297926e-05, 1.31421056722e-05, 1.23925910884e-05, 1.18595780805e-05, 8.43691850605e-06, 8.66480149853e-06, 6.19579941485e-06, 6.63033188175e-06, 5.85202406e-06, 6.23501409791e-06, 5.05541584062e-06, 4.35374977314e-06, 4.74392527394e-06, 3.55975112143e-06, 2.82555924969e-06, 3.35754316438e-06, 3.06591618937e-06, 1.98080988412e-06, 1.46059483086e-06, 9.87820044429e-07], "dmean2": [0.00591388205066, 0.00635248981416, 0.00166475237347, 0.000535591912922, 0.000157015660079, 0.000162849828484, 0.000303476117551, 0.000102105761471, 8.26449686429e-05, 5.72305507376e-05, 5.23384696862e-05, 6.3795283495e-05, 3.62521350326e-05, 3.34959913744e-05, 3.01865184156e-05, 2.92948316201e-05, 2.7819769457e-05, 3.03298838844e-05, 1.81327504833e-05, 1.49884735947e-05, 1.74060896825e-05, 2.0837485863e-05, 1.99892529054e-05, 1.90052287508e-05, 1.31271617647e-05, 1.35475038405e-05, 9.59377666732e-06, 1.02916819742e-05, 9.08512447495e-06, 9.44631210587e-06, 7.58674195822e-06, 6.42220857117e-06, 7.23857101548e-06, 5.28341661266e-06, 4.13164480051e-06, 4.9021173254e-06, 4.47312322649e-06, 2.90085267807e-06, 2.10347820939e-06, 1.39367273277e-06], "mean": [0.00482049770653, 0.00556551897898, 0.00161669356748, 0.000708341714926, 0.000201637463761, 0.000153459055582, 0.000302307482343, 0.000107891741209, 8.62050364958e-05, 5.90072813793e-05, 4.78131114505e-05, 6.23088344582e-05, 3.06498768623e-05, 3.13477612508e-05, 3.09903007292e-05, 2.90303705697e-05, 2.27379114222e-05, 2.41182442551e-05, 1.69332033693e-05, 1.37204842758e-05, 1.69224640558e-05, 1.94618496607e-05, 1.63282438734e-05, 1.52674274432e-05, 1.26448676383e-05, 1.24163043438e-05, 9.4453107522e-06, 9.68398944678e-06, 8.08262393548e-06, 8.32881778479e-06, 7.49125638322e-06, 6.47867318548e-06, 6.22496372671e-06, 5.13673512614e-06, 4.31759644925e-06, 4.64248387289e-06, 3.93367963625e-06, 2.67013069788e-06, 2.0171057713e-06, 1.39908354413e-06], "dvar2": [9.52168484218e-05, 0.000115000846563, 1.14267950266e-05, 7.84078338256e-07, 9.56090957516e-08, 2.20203276058e-07, 1.03281809061e-06, 1.08980856339e-07, 1.39822532219e-07, 4.56140583083e-08, 2.35848389707e-08, 6.08524857171e-08, 1.579264719e-08, 1.29385799852e-08, 7.65563257232e-09, 1.06245634512e-08, 1.20342695809e-08, 1.03454533829e-08, 3.37175132259e-09, 2.3060813259e-09, 4.85102003012e-09, 9.38707334086e-09, 5.92362381369e-09, 5.12442932532e-09, 1.72005798493e-09, 1.63423119481e-09, 6.70937250202e-10, 1.18628107337e-09, 7.51015749589e-10, 9.67954938424e-10, 7.83454190412e-10, 5.01586050472e-10, 6.22017548579e-10, 2.73496642e-10, 1.78744657964e-10, 3.25326765527e-10, 2.63083138607e-10, 2.09033360066e-10, 6.54472240291e-11, 2.08713549915e-11], "min": [8.99966836126e-24, 1.03573681878e-23, 4.65641991487e-24, 4.05680713524e-24, 2.68696614776e-24, 5.95065193725e-24, 4.91797227002e-24, 7.29833362469e-24, 1.31364604703e-23, 4.42498153591e-24, 3.26074038008e-24, 5.87847116442e-24, 8.86345574875e-24, 5.76235162803e-24, 3.22817127153e-24, 3.96652476565e-24, 1.2808417396e-23, 6.41429744011e-24, 5.00048475413e-24, 7.4747087236e-24, 1.36455029461e-23, 8.92412388553e-24, 1.06773325375e-23, 8.37395020212e-24, 6.77595466641e-24, 7.66808377502e-24, 7.98974496456e-24, 8.24803537987e-24, 6.84464867404e-24, 7.81020890001e-24, 1.14123812961e-23, 6.8430575416e-24, 8.24927073605e-24, 8.06113766535e-24, 7.41062403024e-24, 7.05973712188e-24, 1.17535636376e-23, 1.18598437119e-23, 8.27680513709e-24, 9.71766352478e-24]}, "spectral_decrease": {"dvar": 5.35528507619e-17, "var": 9.77591363196e-17, "median": -7.97251153983e-09, "max": 1.12954262531e-28, "dmean": 4.90219687066e-09, "dmean2": 7.91747556406e-09, "mean": -1.01526396179e-08, "dvar2": 1.28408011047e-16, "min": -9.20591176623e-08}, "barkbands_kurtosis": {"dvar": 2189.45092773, "var": 3103.37841797, "median": 10.8085832596, "max": 2515.47094727, "dmean": 17.1936302185, "dmean2": 27.940158844, "mean": 27.7418861389, "dvar2": 5515.10986328, "min": -1.95107769966}, "silence_rate_30dB": {"dvar": 0.0475245751441, "var": 0.0492143929005, "median": 1, "max": 1, "dmean": 0.0500277914107, "dmean2": 0.100066713989, "mean": 0.948088049889, "dvar2": 0.108729504049, "min": 0}, "gfcc": {"mean": [-29.7736911774, 82.8837814331, -83.3193359375, 55.1513023376, -40.8867454529, 23.9339103699, -28.6888561249, 12.2395448685, -24.3648586273, 3.03181958199, -15.3800477982, 0.517314076424, -13.184299469], "cov": [[11283.0136719, -1536.36962891, -621.946166992, 123.266159058, -1038.24621582, 64.7737731934, -527.288574219, 292.492858887, -239.164474487, 283.58782959, -191.488632202, 211.257080078, -360.737243652], [-1536.36962891, 1915.90124512, -109.734832764, -380.610687256, 387.091247559, -195.126556396, 218.928512573, -108.035064697, 134.425140381, -146.471786499, 187.020004272, -128.748916626, 121.456863403], [-621.946166992, -109.734832764, 933.164550781, 238.512863159, 93.8026504517, 160.072616577, 87.4346160889, -50.9883041382, -50.1998558044, -39.3959770203, -47.1267585754, 12.0042295456, -0.87898260355], [123.266159058, -380.610687256, 238.512863159, 590.649902344, 62.640335083, 46.3336906433, 23.583776474, 14.8362855911, -4.31346559525, -0.209210082889, -35.3895149231, -20.2735366821, 29.816860199], [-1038.24621582, 387.091247559, 93.8026504517, 62.640335083, 437.477233887, 8.7412147522, 123.393981934, -7.05871772766, 64.6643600464, -24.4389801025, 23.6303844452, -62.9593811035, 47.7260398865], [64.7737731934, -195.126556396, 160.072616577, 46.3336906433, 8.7412147522, 235.030349731, 59.5724143982, 25.7475185394, 3.36377644539, 9.5850353241, -18.4193496704, 14.1832695007, -28.1374797821], [-527.288574219, 218.928512573, 87.4346160889, 23.583776474, 123.393981934, 59.5724143982, 230.262115479, 35.0884666443, 37.7727279663, -20.9473972321, 43.6620025635, -23.9385318756, 8.34088516235], [292.492858887, -108.035064697, -50.9883041382, 14.8362855911, -7.05871772766, 25.7475185394, 35.0884666443, 146.077606201, 49.1594467163, 38.1253967285, 1.3607199192, 14.9382066727, -9.73306560516], [-239.164474487, 134.425140381, -50.1998558044, -4.31346559525, 64.6643600464, 3.36377644539, 37.7727279663, 49.1594467163, 161.564086914, 34.5736351013, 26.8197460175, -10.7352762222, 17.786113739], [283.58782959, -146.471786499, -39.3959770203, -0.209210082889, -24.4389801025, 9.5850353241, -20.9473972321, 38.1253967285, 34.5736351013, 121.103630066, 19.8316364288, 10.1789617538, -16.1079540253], [-191.488632202, 187.020004272, -47.1267585754, -35.3895149231, 23.6303844452, -18.4193496704, 43.6620025635, 1.3607199192, 26.8197460175, 19.8316364288, 99.2133560181, 6.19641017914, 20.3132743835], [211.257080078, -128.748916626, 12.0042295456, -20.2735366821, -62.9593811035, 14.1832695007, -23.9385318756, 14.9382066727, -10.7352762222, 10.1789617538, 6.19641017914, 91.3621063232, 2.76927733421], [-360.737243652, 121.456863403, -0.87898260355, 29.816860199, 47.7260398865, -28.1374797821, 8.34088516235, -9.73306560516, 17.786113739, -16.1079540253, 20.3132743835, 2.76927733421, 102.374298096]], "icov": [[0.000163704098668, -0.000140839954838, 0.000116974457342, -0.000203724484891, 0.000283426139504, -0.000136953298352, 0.000245073577389, -0.000345981592545, 0.000290263240458, -0.000348204339389, 0.000288398441626, -0.000259803462541, 0.000426231039455], [-0.000140839954838, 0.00181296525989, -0.000303270382574, 0.00130032561719, -0.00100351742003, 0.00113966863137, -0.00085856905207, 0.000988382613286, -0.0013100906508, 0.00217264168896, -0.0025277575478, 0.00176145578735, -0.00106014544144], [0.000116974457342, -0.000303270382574, 0.00161811942235, -0.000784468546044, 5.26172589161e-05, -0.00100513733923, -0.000288715789793, 0.00045645571663, 0.000635423872154, -0.000442395481514, 0.00110369396862, -0.00100581045263, 0.00040869176155], [-0.000203724484891, 0.00130032561719, -0.000784468546044, 0.00302800070494, -0.000960691249929, 0.000761766394135, -0.000687607040163, 0.000413150177337, -0.000894465425517, 0.00134881795384, -0.00124271493405, 0.00193502183538, -0.00183481688146], [0.000283426139504, -0.00100351742003, 5.26172589161e-05, -0.000960691249929, 0.00409968523309, -0.000567449722439, -0.000640385726001, -0.000483483658172, -2.84285270027e-05, -0.00126088329125, 0.00157495692838, 0.000568629649933, -0.000112792971777], [-0.000136953298352, 0.00113966863137, -0.00100513733923, 0.000761766394135, -0.000567449722439, 0.00633959285915, -0.00218850653619, 0.000279812753433, -0.00107711483724, 0.000712532899342, -0.00030347664142, 2.87432176265e-05, 0.000505382951815], [0.000245073577389, -0.00085856905207, -0.000288715789793, -0.000687607040163, -0.000640385726001, -0.00218850653619, 0.00780706573278, -0.00305831665173, 0.000460018956801, 0.00108643108979, -0.00261423760094, 0.000619421771262, 0.0014431431191], [-0.000345981592545, 0.000988382613286, 0.00045645571663, 0.000413150177337, -0.000483483658172, 0.000279812753433, -0.00305831665173, 0.0104677481577, -0.00334750511684, -0.000907506502699, 0.000470457685879, -0.000971184344962, -0.000589773058891], [0.000290263240458, -0.0013100906508, 0.000635423872154, -0.000894465425517, -2.84285270027e-05, -0.00107711483724, 0.000460018956801, -0.00334750511684, 0.00944744702429, -0.00367316813208, 0.000912941526622, -0.000520927307662, -0.000181831492228], [-0.000348204339389, 0.00217264168896, -0.000442395481514, 0.00134881795384, -0.00126088329125, 0.000712532899342, 0.00108643108979, -0.000907506502699, -0.00367316813208, 0.013712416403, -0.00650079408661, 0.0021461986471, 0.000435184367234], [0.000288398441626, -0.0025277575478, 0.00110369396862, -0.00124271493405, 0.00157495692838, -0.00030347664142, -0.00261423760094, 0.000470457685879, 0.000912941526622, -0.00650079408661, 0.0176872052252, -0.00462489016354, -0.000739224196877], [-0.000259803462541, 0.00176145578735, -0.00100581045263, 0.00193502183538, 0.000568629649933, 2.87432176265e-05, 0.000619421771262, -0.000971184344962, -0.000520927307662, 0.0021461986471, -0.00462489016354, 0.0154042439535, -0.00304829119705], [0.000426231039455, -0.00106014544144, 0.00040869176155, -0.00183481688146, -0.000112792971777, 0.000505382951815, 0.0014431431191, -0.000589773058891, -0.000181831492228, 0.000435184367234, -0.000739224196877, -0.00304829119705, 0.0134126897901]]}, "silence_rate_20dB": {"dvar": 0, "var": 0, "median": 1, "max": 1, "dmean": 0, "dmean2": 0, "mean": 1, "dvar2": 0, "min": 1}, "barkbands_skewness": {"dvar": 2.22771930695, "var": 8.49328041077, "median": 3.06133675575, "max": 43.2273292542, "dmean": 1.27468466759, "dmean2": 1.97515726089, "mean": 3.57931661606, "dvar2": 5.1197719574, "min": -4.69808340073}, "erbbands_skewness": {"dvar": 0.226820543408, "var": 1.17901039124, "median": 0.221442624927, "max": 7.05094814301, "dmean": 0.451934456825, "dmean2": 0.673174500465, "mean": 0.222200766206, "dvar2": 0.481154382229, "min": -4.87733888626}, "spectral_contrast_valleys": {"dvar": [0.117359630764, 0.16080917418, 0.186409711838, 0.159044161439, 0.168983668089, 0.224411800504], "var": [1.1134198904, 1.2504234314, 1.28292524815, 1.22613680363, 1.43005275726, 1.89233565331], "median": [-6.71385955811, -7.37737941742, -7.87362098694, -8.21430587769, -7.69846820831, -10.0850839615], "max": [-5.09079360962, -4.95241498947, -5.14985752106, -5.53205728531, -4.86991596222, -6.83948469162], "dmean": [0.380748093128, 0.407770395279, 0.410519510508, 0.366267263889, 0.344181001186, 0.430652469397], "dmean2": [0.612631440163, 0.639530003071, 0.64023065567, 0.544722735882, 0.476614445448, 0.523456096649], "mean": [-6.95933198929, -7.53227233887, -7.99623537064, -8.29378032684, -7.83689880371, -10.2102136612], "dvar2": [0.26399102807, 0.335266500711, 0.402276366949, 0.310395568609, 0.31438857317, 0.396548271179], "min": [-27.5178928375, -27.522939682, -27.4565925598, -27.2275848389, -27.2885150909, -27.2029209137]}, "spectral_strongpeak": {"dvar": 0.356027722359, "var": 0.578183472157, "median": 0.372459024191, "max": 11.3032855988, "dmean": 0.310117214918, "dmean2": 0.521896958351, "mean": 0.558279454708, "dvar2": 0.899954855442, "min": 0}, "erbbands_crest": {"dvar": 6.30382871628, "var": 18.4317855835, "median": 7.73710584641, "max": 30.2127456665, "dmean": 2.53774452209, "dmean2": 4.06215953827, "mean": 8.76957607269, "dvar2": 15.6069164276, "min": 2.29078507423}, "barkbands_crest": {"dvar": 8.82473754883, "var": 25.807012558, "median": 13.2871618271, "max": 26.422876358, "dmean": 3.36653804779, "dmean2": 5.58871126175, "mean": 13.7418870926, "dvar2": 23.3652687073, "min": 2.35629057884}, "spectral_energyband_middle_low": {"dvar": 3.45945918525e-05, "var": 7.58084133849e-05, "median": 0.00581613462418, "max": 0.0947221294045, "dmean": 0.00349224405363, "dmean2": 0.00560385081917, "mean": 0.00818795803934, "dvar2": 8.81772939465e-05, "min": 2.58746250695e-22}, "spectral_contrast_coeffs": {"dvar": [0.00185990449972, 0.00145257730037, 0.00101318769157, 0.000641729158815, 0.000387397187296, 0.000328545225784], "var": [0.0072960103862, 0.00791460927576, 0.00427567306906, 0.0028606983833, 0.00191159499809, 0.00166192930192], "median": [-0.65440928936, -0.770607411861, -0.799786090851, -0.802422761917, -0.806319594383, -0.776992678642], "max": [-0.251904428005, -0.339431226254, -0.444473147392, -0.475256502628, -0.558086812496, -0.566031932831], "dmean": [0.0516577064991, 0.0440541282296, 0.0370436571538, 0.0300709530711, 0.022611303255, 0.019609188661], "dmean2": [0.0859228298068, 0.0713396221399, 0.0600918196142, 0.0483276285231, 0.0361576676369, 0.0303529184312], "mean": [-0.651902139187, -0.751381695271, -0.790151357651, -0.796784222126, -0.802716732025, -0.775120139122], "dvar2": [0.00498316250741, 0.0036341752857, 0.00247975322418, 0.00159207952674, 0.000901382649317, 0.000692230125424], "min": [-0.960666954517, -0.96849656105, -0.962264001369, -0.961711525917, -0.958408713341, -0.9636759758]}, "hfc": {"dvar": 513.84185791, "var": 1397.27893066, "median": 9.32196998596, "max": 493.785522461, "dmean": 10.5607395172, "dmean2": 14.3946275711, "mean": 21.994386673, "dvar2": 947.190551758, "min": 1.18001165734e-16}, "spectral_energyband_high": {"dvar": 7.00739064996e-06, "var": 1.8816712327e-05, "median": 0.000289696297841, "max": 0.0607640743256, "dmean": 0.0010208877502, "dmean2": 0.00139758968726, "mean": 0.00162906583864, "dvar2": 1.30712624014e-05, "min": 7.82171889811e-21}, "erbbands_spread": {"dvar": 214.651031494, "var": 805.758422852, "median": 54.4140777588, "max": 185.532943726, "dmean": 13.8144388199, "dmean2": 20.4584522247, "mean": 57.9751815796, "dvar2": 454.994598389, "min": 2.40504741669}, "dissonance": {"dvar": 0.000246140174568, "var": 0.000685741426423, "median": 0.478784620762, "max": 0.500000059605, "dmean": 0.0137403635308, "dmean2": 0.0225483682007, "mean": 0.470968157053, "dvar2": 0.000615483033471, "min": 0.270008534193}, "spectral_kurtosis": {"dvar": 7.7910399437, "var": 20.5337734222, "median": 3.00939226151, "max": 88.0488052368, "dmean": 1.46972715855, "dmean2": 2.28291559219, "mean": 3.94218659401, "dvar2": 16.4167728424, "min": -1.22502088547}, "spectral_skewness": {"dvar": 0.0806512385607, "var": 0.354885935783, "median": 1.36300361156, "max": 7.7204914093, "dmean": 0.229650065303, "dmean2": 0.339486211538, "mean": 1.43622529507, "dvar2": 0.157691165805, "min": -0.196721479297}, "pitch_salience": {"dvar": 0.00776596786454, "var": 0.0213058106601, "median": 0.462557077408, "max": 0.861762702465, "dmean": 0.0963663235307, "dmean2": 0.159676417708, "mean": 0.455226808786, "dvar2": 0.0200110543519, "min": 0.0363453328609}, "spectral_complexity": {"dvar": 34.7434463501, "var": 124.407432556, "median": 10, "max": 60, "dmean": 3.95375204086, "dmean2": 5.76517677307, "mean": 13.2084255219, "dvar2": 61.7807769775, "min": 0}, "spectral_spread": {"dvar": 910810152960, "var": 3458968584190.0, "median": 5086968, "max": 41282108, "dmean": 803220.9375, "dmean2": 1073271, "mean": 5393449, "dvar2": 1829592104960.0, "min": 761662.4375}, "dynamic_complexity": 4.03070259094, "melbands_crest": {"dvar": 12.4029865265, "var": 34.0076637268, "median": 18.9698371887, "max": 38.576915741, "dmean": 4.04690265656, "dmean2": 6.74861049652, "mean": 19.0653972626, "dvar2": 33.2390899658, "min": 2.34232592583}, "zerocrossingrate": {"dvar": 0.000350957096089, "var": 0.00252727093175, "median": 0.0361328125, "max": 0.51953125, "dmean": 0.0143309868872, "dmean2": 0.0170321874321, "mean": 0.0515614375472, "dvar2": 0.000405920931371, "min": 0.001953125}, "spectral_energyband_low": {"dvar": 0.000800860580057, "var": 0.00130027532578, "median": 0.0187092237175, "max": 0.338573992252, "dmean": 0.0177182685584, "dmean2": 0.0292207673192, "mean": 0.0289829839021, "dvar2": 0.00194090150762, "min": 8.48068639581e-23}, "melbands_kurtosis": {"dvar": 3691.10449219, "var": 9068.63574219, "median": 39.192691803, "max": 1165.3963623, "dmean": 37.8210754395, "dmean2": 60.5389900208, "mean": 72.7192687988, "dvar2": 8924.22363281, "min": -1.91520369053}, "spectral_energyband_middle_high": {"dvar": 1.07677524284e-05, "var": 3.23631211359e-05, "median": 0.00101796770468, "max": 0.0705859363079, "dmean": 0.00144049036317, "dmean2": 0.00215829443187, "mean": 0.00300548854284, "dvar2": 2.38966676989e-05, "min": 1.28581883975e-21}, "barkbands_spread": {"dvar": 132.719909668, "var": 397.807922363, "median": 12.542974472, "max": 124.717170715, "dmean": 8.41914844513, "dmean2": 13.2367591858, "mean": 19.474855423, "dvar2": 293.884185791, "min": 0.109514638782}, "mfcc": {"mean": [-680.299987793, 109.1743927, 23.0340576172, 40.7571220398, 17.4555988312, 17.8304405212, 11.7230100632, 11.8904972076, 1.8261449337, 6.69765710831, -0.732945680618, 2.55522680283, 0.00927201472223], "cov": [[9806.19238281, -1237.99255371, -291.405456543, -231.562438965, -455.861328125, -385.108703613, -317.972442627, -193.748764038, -213.603408813, -65.20287323, 57.7174301147, 58.785610199, -33.7976531982], [-1237.99255371, 1997.49389648, -285.5128479, -132.876266479, 59.682067