{"metadata": {"audio_properties": {"downmix": "mix", "bit_rate": 0, "lossless": true, "md5_encoded": "c66fa25659ed968c6f5b14d98fde41eb", "analysis_sample_rate": 44100, "sample_rate": 44100, "replay_gain": -10.1633777618, "equal_loudness": 0, "codec": "flac", "length": 223.720001221}, "tags": {"releasestatus": ["official"], "lyricist": ["Pierre Alféri", "Rodolphe Burger"], "musicbrainz_albumid": ["a802d0e0-f7f0-4622-8c5c-064eda665899"], "musicbrainz_recordingid": ["683ac4c2-0019-4b03-a748-528c81c3c7bd"], "tracknumber": ["8"], "artist": ["Rodolphe Burger"], "acoustid_id": ["11122d2c-b573-4939-9ae4-0e986f6b96d4"], "composer": ["Rodolphe Burger"], "composersort": ["Burger, Rodolphe"], "totaltracks": ["17"], "originaldate": ["2008-02-18"], "albumartist": ["Rodolphe Burger"], "producer": ["Liam Farrell", "Rodolphe Burger"], "releasetype": ["album"], "isrc": ["FRZ110702686"], "media": ["Digital Media"], "musicbrainz_albumartistid": ["bb7bcca7-c2ca-4a7a-9af6-54bdae21bbdb"], "file_name": "08 Ensemble.flac", "musicbrainz_workid": ["b7e03d3b-12a1-4452-af13-d1f4128dc9d5"], "tracktotal": ["17"], "musicbrainz_artistid": ["bb7bcca7-c2ca-4a7a-9af6-54bdae21bbdb"], "arranger": ["Liam Farrell", "Rodolphe Burger"], "musicbrainz_releasetrackid": ["ab5a34ec-7e30-39ca-b0e2-b3fbbaa75de5"], "script": ["Latn"], "performer": ["Liam Farrell (bass and drums)", "Vincent Artaud (organ and piano)", "Liam Farrell (background vocals)", "Rodolphe Burger (vocals)", "Rodolphe Burger (guitars)"], "albumartistsort": ["Burger, Rodolphe"], "releasecountry": ["XW"], "work": ["Ensemble"], "album": ["No Sport"], "date": ["2008-12-01"], "title": ["Ensemble"], "language": ["fra"], "discnumber": ["1"], "artistsort": ["Burger, Rodolphe"], "disctotal": ["1"], "originalyear": ["2008"], "totaldiscs": ["1"], "musicbrainz_releasegroupid": ["bd4c3c4a-585b-306a-bcaa-4cca14dcac42"]}, "version": {"essentia_build_sha": "70f2e5ece6736b2c40cc944ad0e695b16b925413", "essentia_git_sha": "v2.1_beta2", "extractor": "music 1.0", "essentia": "2.1-beta2"}}, "tonal": {"chords_scale": "major", "hpcp": {"dmean": [0.143900230527, 0.146642878652, 0.117955975235, 0.0929056629539, 0.0829074904323, 0.0782933905721, 0.0969994142652, 0.0967497900128, 0.0800384581089, 0.0791030302644, 0.0818717926741, 0.0799324586987, 0.0913454294205, 0.0966051146388, 0.0841321721673, 0.0882593095303, 0.0884019881487, 0.0805490016937, 0.05972642079, 0.0556517094374, 0.0640147253871, 0.0854088142514, 0.0912865549326, 0.0973998084664, 0.105491816998, 0.0759672746062, 0.0587604381144, 0.0750647038221, 0.0664923414588, 0.0821345597506, 0.0808880254626, 0.0726309716702, 0.0722346454859, 0.0858465880156, 0.111085191369, 0.132451340556], "dvar2": [0.14623875916, 0.141732439399, 0.133165299892, 0.123619288206, 0.105572618544, 0.0834789872169, 0.0965487584472, 0.0899744257331, 0.078418686986, 0.08372785151, 0.0886892974377, 0.0832044109702, 0.0786256119609, 0.0828187763691, 0.0715955272317, 0.0825303569436, 0.0899384245276, 0.0770009160042, 0.0593998208642, 0.0558478720486, 0.0619055703282, 0.0783881694078, 0.0837733149529, 0.08397064358, 0.145975664258, 0.0689081177115, 0.05166484043, 0.0652505010366, 0.053330719471, 0.0749488025904, 0.0879927799106, 0.0880747586489, 0.0917269736528, 0.104233041406, 0.138921990991, 0.139918923378], "mean": [0.239315107465, 0.221101179719, 0.113843336701, 0.0740555673838, 0.0674278885126, 0.0734271705151, 0.123420633376, 0.139745622873, 0.0929456353188, 0.0788782313466, 0.0827236250043, 0.0832499787211, 0.124127663672, 0.135595858097, 0.095362149179, 0.12077087909, 0.145785093307, 0.0957541689277, 0.0559648871422, 0.050491347909, 0.0627923160791, 0.139323726296, 0.166899949312, 0.165139734745, 0.19580386579, 0.116441309452, 0.0547996349633, 0.116628289223, 0.13790512085, 0.0938853994012, 0.0714623481035, 0.0594797469676, 0.0570846199989, 0.0795048996806, 0.10117149353, 0.145363047719], "var": [0.12394284457, 0.106200583279, 0.0443249307573, 0.0327017307281, 0.0294509641826, 0.0289177671075, 0.0510817803442, 0.0642018541694, 0.0325261354446, 0.0343826673925, 0.0379237644374, 0.0346699841321, 0.0512032397091, 0.0594383627176, 0.0319321602583, 0.0547158382833, 0.0830681398511, 0.0378606729209, 0.0197812505066, 0.0166285987943, 0.0200771074742, 0.0595168322325, 0.0832816213369, 0.0511910952628, 0.124054417014, 0.0390071310103, 0.0168970040977, 0.0592329725623, 0.0785698667169, 0.0363951213658, 0.0306876450777, 0.0253177136183, 0.0228513330221, 0.0326078683138, 0.0452839806676, 0.061550591141], "dmean2": [0.248700454831, 0.254215508699, 0.21058127284, 0.170615196228, 0.150342613459, 0.13882124424, 0.168704286218, 0.167845264077, 0.139165461063, 0.137997984886, 0.141385316849, 0.138691037893, 0.158097654581, 0.164596498013, 0.146067678928, 0.152313321829, 0.152240678668, 0.139919534326, 0.105071753263, 0.0991191715002, 0.114977627993, 0.14737573266, 0.157321676612, 0.173196405172, 0.194533571601, 0.138058766723, 0.104095093906, 0.129249900579, 0.114816047251, 0.144120126963, 0.146210089326, 0.131852567196, 0.132436081767, 0.155872985721, 0.20030464232, 0.23346799612], "dvar": [0.0610092878342, 0.0585265904665, 0.0483806654811, 0.0435268655419, 0.0380002819002, 0.0313825458288, 0.0370613746345, 0.0353711247444, 0.0290330927819, 0.0319265499711, 0.0339022316039, 0.0311094596982, 0.0298503600061, 0.0327232331038, 0.0272210370749, 0.0319832637906, 0.0360819548368, 0.0289324466139, 0.021874640137, 0.0199003275484, 0.0220508612692, 0.0292882416397, 0.0333337895572, 0.0316643454134, 0.0571925938129, 0.026271853596, 0.0192084722221, 0.0258225500584, 0.0216579753906, 0.0280909277499, 0.03251401335, 0.0318049862981, 0.0321900621057, 0.0373986065388, 0.0507520958781, 0.0534052997828], "min": [0, 0, 0, 0, 0, 0, 0, 0, 0, 0, 9.79276180146e-08, 1.90948892254e-08, 0, 0, 0, 0, 0, 0, 0, 0, 0, 0, 0, 0, 0, 0, 0, 0, 0, 0, 0, 0, 0, 0, 0, 0], "median": [0.0371025651693, 0.038287691772, 0.0198386181146, 0.00688951695338, 0.00565611291677, 0.0101005453616, 0.0217876806855, 0.0236564707011, 0.0162533912808, 0.0070433919318, 0.00713996589184, 0.010546149686, 0.022775195539, 0.0267200600356, 0.0204774010926, 0.0109337493777, 0.0106408055872, 0.0088848285377, 0.0067056119442, 0.00586845120415, 0.0104121174663, 0.0211749821901, 0.0233762878925, 0.0429286547005, 0.0136933140457, 0.0125802904367, 0.00782948825508, 0.0156133864075, 0.0173795893788, 0.0142384041101, 0.00714507838711, 0.00502936961129, 0.00613125925884, 0.00993467215449, 0.0127067035064, 0.0248415693641], "max": [1, 1, 1, 1, 1, 1, 1, 1, 1, 1, 1, 1, 1, 1, 1, 1, 1, 1, 1, 1, 1, 1, 1, 1, 1, 1, 1, 1, 1, 1, 1, 1, 1, 1, 1, 1]}, "tuning_equal_tempered_deviation": 0.189479202032, "chords_key": "A", "chords_strength": {"dmean": 0.00981948245317, "dvar2": 9.23713087104e-05, "mean": 0.493259459734, "var": 0.0084133297205, "dmean2": 0.0101481182501, "dvar": 7.45014476706e-05, "min": 0.224787682295, "median": 0.4964402318, "max": 0.735570132732}, "tuning_diatonic_strength": 0.572042167187, "thpcp": [1, 0.923891425133, 0.475704759359, 0.309447944164, 0.281753569841, 0.306822121143, 0.515724360943, 0.58393985033, 0.388381808996, 0.329599887133, 0.345668196678, 0.347867637873, 0.51867878437, 0.566599667072, 0.398479431868, 0.504652142525, 0.609176278114, 0.400117516518, 0.23385438323, 0.210982695222, 0.262383431196, 0.582176923752, 0.69740664959, 0.690051436424, 0.818184316158, 0.486560642719, 0.228985264897, 0.487341940403, 0.57624912262, 0.392308712006, 0.298611938953, 0.248541548848, 0.23853328824, 0.332218468189, 0.422754317522, 0.607412755489], "chords_histogram": [22.4942932129, 6.47437238693, 10.2303380966, 0.539531052113, 1.07906210423, 1.16206681728, 3.94272661209, 4.50300884247, 2.78065991402, 0.477277457714, 0, 0, 0, 0.601784586906, 1.63934421539, 18.4478111267, 0.747042953968, 4.25399446487, 0.166009545326, 0.166009545326, 1.41108119488, 3.46544933319, 9.5870513916, 5.83108520508], "tuning_nontempered_energy_ratio": 0.912245452404, "tuning_frequency": 434.193115234, "key_strength": 0.759734034538, "chords_changes_rate": 0.0809296518564, "key_scale": "major", "hpcp_entropy": {"dmean": 0.618173182011, "dvar2": 0.818978965282, "mean": 2.08381700516, "var": 0.622437179089, "dmean2": 1.05281531811, "dvar": 0.288213461637, "min": 0.034049294889, "median": 2.0488858223, "max": 4.596139431}, "key_key": "A", "chords_number_rate": 0.00311267888173}, "lowlevel": {"melbands_skewness": {"dmean": 1.36065304279, "dvar2": 7.49432086945, "mean": 4.43062877655, "var": 18.1482810974, "dmean2": 2.04057264328, "dvar": 3.3618786335, "min": -3.50833129883, "median": 3.37177944183, "max": 33.9806251526}, "melbands_kurtosis": {"dmean": 27.7135677338, "dvar2": 11407.4814453, "mean": 54.2253036499, "var": 14995.9501953, "dmean2": 42.8428077698, "dvar": 5027.39697266, "min": -1.96038651466, "median": 15.3121757507, "max": 1746.76721191}, "barkbands_kurtosis": {"dmean": 11.3979206085, "dvar2": 3214.34570312, "mean": 20.0564537048, "var": 3433.04272461, "dmean2": 17.4457073212, "dvar": 1349.70300293, "min": -1.92889130116, "median": 4.14276313782, "max": 1006.39221191}, "hfc": {"dmean": 7.87700986862, "dvar2": 409.928192139, "mean": 23.1796836853, "var": 741.087280273, "dmean2": 11.4265422821, "dvar": 202.892059326, "min": 1.18232233675e-16, "median": 14.5284395218, "max": 248.7943573}, "silence_rate_20dB": {"dmean": 0.00186818884686, "dvar2": 0.00496858730912, "mean": 0.998131990433, "var": 0.00186470302287, "dmean2": 0.00373676558957, "dvar": 0.00186488137115, "min": 0, "median": 1, "max": 1}, "erbbands_flatness_db": {"dmean": 0.0196413043886, "dvar2": 0.00103680160828, "mean": 0.182179763913, "var": 0.011150509119, "dmean2": 0.0285204797983, "dvar": 0.000514664163347, "min": 0.0453225262463, "median": 0.141386717558, "max": 0.594097793102}, "spectral_flux": {"dmean": 0.0313876084983, "dvar2": 0.00575427152216, "mean": 0.0832766145468, "var": 0.00574399763718, "dmean2": 0.0505759641528, "dvar": 0.00244800769724, "min": 1.03371297633e-10, "median": 0.0653122067451, "max": 0.505786955357}, "spectral_energyband_low": {"dmean": 0.0168969128281, "dvar2": 0.00308026117273, "mean": 0.0457706302404, "var": 0.00436857063323, "dmean2": 0.0255799256265, "dvar": 0.00129132997245, "min": 2.98473569872e-23, "median": 0.013383009471, "max": 0.412861347198}, "spectral_rolloff": {"dmean": 516.313415527, "dvar2": 2627920.75, "mean": 1382.35656738, "var": 3566933, "dmean2": 843.234558105, "dvar": 1224301.875, "min": 43.06640625, "median": 559.86328125, "max": 18583.1542969}, "spectral_entropy": {"dmean": 0.179054573178, "dvar2": 0.100247658789, "mean": 7.30251455307, "var": 0.868385732174, "dmean2": 0.258382111788, "dvar": 0.0515432357788, "min": 2.76674008369, "median": 7.70104217529, "max": 9.79183483124}, "spectral_energy": {"dmean": 0.0195206739008, "dvar2": 0.00328806741163, "mean": 0.058040343225, "var": 0.0049115284346, "dmean2": 0.0298727247864, "dvar": 0.00137610919774, "min": 1.06856249739e-20, "median": 0.0284951534122, "max": 0.421788394451}, "spectral_centroid": {"dmean": 303.603179932, "dvar2": 294277.75, "mean": 1565.51184082, "var": 953631.375, "dmean2": 447.07635498, "dvar": 149298.046875, "min": 73.2576217651, "median": 1451.32641602, "max": 11122.4267578}, "barkbands_flatness_db": {"dmean": 0.028552107513, "dvar2": 0.00194603588898, "mean": 0.207979172468, "var": 0.0133159253746, "dmean2": 0.0411812104285, "dvar": 0.000972694426309, "min": 0.0169903505594, "median": 0.185175955296, "max": 0.812710165977}, "spectral_rms": {"dmean": 0.00110664276872, "dvar2": 6.1093610384e-06, "mean": 0.00613445462659, "var": 1.89932507055e-05, "dmean2": 0.00164807622787, "dvar": 2.73038426712e-06, "min": 3.22877683791e-12, "median": 0.00527258496732, "max": 0.0202854834497}, "melbands": {"dmean": [0.00475653307512, 0.00214957469143, 0.000746545381844, 0.000547447882127, 0.000203087285627, 0.000111510889838, 0.000121469995065, 0.000136777976877, 0.000130837011966, 8.74898105394e-05, 6.30110807833e-05, 3.70407396986e-05, 1.94954100152e-05, 1.54165991262e-05, 1.97326535272e-05, 1.65013643709e-05, 1.02203666756e-05, 1.53134260472e-05, 1.50383166329e-05, 1.31315155159e-05, 1.28829606183e-05, 1.03680094981e-05, 6.98237863617e-06, 4.99307316204e-06, 5.6374065025e-06, 7.08843435859e-06, 8.75234218256e-06, 8.48604940984e-06, 6.81151323079e-06, 4.76101922686e-06, 4.19838579546e-06, 3.89343813367e-06, 4.34989306086e-06, 2.30567047765e-06, 1.60465685894e-06, 1.52692962274e-06, 1.85292697097e-06, 1.29501802348e-06, 1.19030596579e-06, 6.6228670903e-07], "dvar2": [0.000307316920953, 5.25916657352e-05, 1.27132716443e-05, 7.99546523922e-06, 9.04693820303e-07, 2.7598960628e-07, 4.01304333764e-07, 4.19490334025e-07, 4.36854804775e-07, 1.43287124388e-07, 6.47362554673e-08, 1.84980457618e-08, 5.91106541492e-09, 6.24281604189e-09, 9.91416460039e-09, 5.96043525647e-09, 1.50604684279e-09, 3.50467899146e-09, 7.1195236373e-09, 6.8615890747e-09, 2.65067678917e-09, 1.17366605323e-09, 5.55345436304e-10, 3.21061482955e-10, 3.60783819486e-10, 4.31869595641e-10, 7.54979911921e-10, 1.28171417924e-09, 7.70961960939e-10, 4.79090656036e-10, 2.7872526509e-10, 2.16466011782e-10, 4.7379306034e-10, 5.21159643219e-11, 2.02303659935e-11, 4.0290167036e-11, 5.07837695507e-11, 1.87052682371e-11, 4.04308878044e-11, 5.76447787073e-12], "mean": [0.0122020356357, 0.0046743969433, 0.00119535834529, 0.000641757564154, 0.000285915361019, 0.000161811694852, 0.000153573739226, 0.000176320158062, 0.000164129989571, 0.000135131602292, 9.83380014077e-05, 5.49866163055e-05, 2.83377939923e-05, 2.01150251087e-05, 2.95036334137e-05, 2.47162224696e-05, 1.60301788128e-05, 2.53814669122e-05, 3.07721675199e-05, 2.80756921711e-05, 2.65449925791e-05, 2.20989077206e-05, 1.38345294545e-05, 9.40283280215e-06, 1.10108185254e-05, 1.40285637826e-05, 1.60987383424e-05, 1.62174092111e-05, 1.33609273689e-05, 9.38154244068e-06, 7.47746662455e-06, 6.64671279083e-06, 5.80540427109e-06, 4.44938996225e-06, 3.38145878231e-06, 2.71921999229e-06, 2.94193068839e-06, 2.04633420253e-06, 1.79902542641e-06, 1.08354811346e-06], "var": [0.000400886696298, 4.06452236348e-05, 5.30941179022e-06, 2.5157314667e-06, 3.35619290581e-07, 1.2409344663e-07, 1.33355143817e-07, 1.75336865027e-07, 1.82374094493e-07, 1.30652367147e-07, 7.27516251686e-08, 1.33818742754e-08, 3.66309205191e-09, 3.07370129349e-09, 8.67001848093e-09, 5.21620258098e-09, 1.21890342264e-09, 2.76712941449e-09, 6.89338319759e-09, 6.68172273066e-09, 3.52073259435e-09, 1.43786149653e-09, 5.86908965872e-10, 2.96838859049e-10, 4.15714906943e-10, 4.85795959015e-10, 8.47034442586e-10, 1.46495060527e-09, 1.36788225191e-09, 8.70297611755e-10, 5.63359026096e-10, 2.83394085976e-10, 2.0108165133e-10, 6.95698290643e-11, 3.52990345287e-11, 3.99531935313e-11, 5.09452480202e-11, 1.75025341442e-11, 2.22813000689e-11, 4.76578412151e-12], "dmean2": [0.00726277800277, 0.00343647925183, 0.00127342808992, 0.000957164913416, 0.000339094549417, 0.000182371906703, 0.00020306603983, 0.000227348471526, 0.000212579019717, 0.000135234717163, 9.70904147835e-05, 5.85899251746e-05, 3.17097765219e-05, 2.55775903497e-05, 3.15794823109e-05, 2.57663868979e-05, 1.58578550327e-05, 2.4393606509e-05, 2.38136562984e-05, 2.08600122278e-05, 2.05328069569e-05, 1.65733163158e-05, 1.11145891424e-05, 8.01920668891e-06, 8.7617936515e-06, 1.08571348392e-05, 1.31753749884e-05, 1.31754677568e-05, 1.0221418961e-05, 7.0772834988e-06, 6.15242333879e-06, 5.84420195082e-06, 6.98657504472e-06, 3.39013217854e-06, 2.30907198784e-06, 2.36476375903e-06, 2.85398209598e-06, 1.93470668819e-06, 1.84307020845e-06, 9.82165943242e-07], "dvar": [0.000127488092403, 1.93873656826e-05, 4.46776584795e-06, 2.90340722131e-06, 3.34123200219e-07, 1.02236988653e-07, 1.47724890098e-07, 1.60728134802e-07, 1.6842979278e-07, 6.20205469204e-08, 2.86847985365e-08, 7.15209402813e-09, 2.40605513291e-09, 2.37454078622e-09, 4.2474259665e-09, 2.56374632635e-09, 6.5820976447e-10, 1.4151535499e-09, 2.67353561512e-09, 2.55302734509e-09, 1.10186881841e-09, 4.74810912809e-10, 2.31648394911e-10, 1.34175962008e-10, 1.65529451257e-10, 1.88152993186e-10, 3.67582964067e-10, 5.57236590204e-10, 3.83425596828e-10, 2.58514820661e-10, 1.75477021802e-10, 1.07277652039e-10, 1.8545029401e-10, 2.53630415281e-11, 9.96724924818e-12, 1.68196186145e-11, 2.23860392029e-11, 8.73311492566e-12, 1.40754985792e-11, 2.58325457379e-12], "min": [5.73195168976e-24, 1.64802193887e-24, 1.26486501857e-23, 1.19385657194e-23, 5.95364803096e-24, 1.72964537673e-23, 2.39884886218e-23, 1.83672930031e-23, 7.89020255124e-24, 1.26410361003e-23, 5.83608803456e-24, 8.0621939501e-24, 1.91052045379e-23, 6.44269327726e-24, 2.92773675122e-24, 4.09054119413e-24, 7.90300260829e-24, 5.20042036726e-24, 1.00689235643e-23, 8.36328795813e-24, 9.95144639834e-24, 6.41824805553e-24, 6.70366345306e-24, 1.33890221777e-23, 1.39339546692e-23, 2.03276076195e-23, 9.18550348014e-24, 1.12200167755e-23, 7.23655713834e-24, 1.17425345733e-23, 1.01856647231e-23, 1.50781390365e-23, 1.30867338342e-23, 1.11167122845e-23, 9.03250154099e-24, 5.7173175311e-24, 1.19254067306e-23, 1.02297328599e-23, 7.94807812041e-24, 1.0829697077e-23], "median": [0.00178704224527, 0.00202032784, 0.000420077441959, 0.00017126268358, 9.40735480981e-05, 4.4239750423e-05, 3.60635458492e-05, 4.0236467612e-05, 3.30179245793e-05, 2.18157038034e-05, 1.60027157108e-05, 1.29207110149e-05, 7.45307534089e-06, 4.88211389893e-06, 4.41837664766e-06, 4.87238048663e-06, 4.63343940282e-06, 5.35304934601e-06, 6.39228755972e-06, 5.53431800654e-06, 6.07381434747e-06, 6.93840684107e-06, 4.82132509205e-06, 3.71875103156e-06, 3.96105770051e-06, 5.30903889739e-06, 5.73666784476e-06, 4.75845035908e-06, 3.14234398502e-06, 1.81941641131e-06, 1.34969229748e-06, 1.11213284981e-06, 1.14848671728e-06, 1.33621028908e-06, 1.01111788808e-06, 6.80397135966e-07, 4.96411871609e-07, 3.87400945101e-07, 3.07767123786e-07, 2.4647405894e-07], "max": [0.128182247281, 0.0666717588902, 0.0419741682708, 0.0321899652481, 0.0124201392755, 0.00580600043759, 0.00507303141057, 0.00765738543123, 0.00591235235333, 0.00781757757068, 0.00737309223041, 0.00179748248775, 0.00103909755126, 0.00121083459817, 0.00257698330097, 0.00213404535316, 0.000538529420737, 0.00096366222715, 0.00210748310201, 0.00207170844078, 0.0012343027629, 0.000517110398505, 0.000522473652381, 0.000335298158461, 0.000313344062306, 0.000285553571302, 0.000429011444794, 0.000946130778175, 0.000602295331191, 0.000741704716347, 0.00072047219146, 0.000405345344916, 0.000188614721992, 0.000154937530169, 8.6145264504e-05, 0.000184378877748, 0.000106994397356, 5.15049541718e-05, 0.000117255556688, 5.12184633408e-05]}, "barkbands_crest": {"dmean": 2.63522219658, "dvar2": 20.5250492096, "mean": 14.3495759964, "var": 39.3383483887, "dmean2": 4.23068857193, "dvar": 8.40227413177, "min": 2.13592028618, "median": 14.1669025421, "max": 26.2911396027}, "mfcc": {"icov": [[9.5515846624e-05, 4.84034899273e-05, 3.81758836738e-05, -0.000227565891691, 5.21409529028e-05, -5.61192064197e-05, 0.000174614426214, -0.000115983028081, 0.000128281491925, -0.000142067321576, 0.000127016945044, -4.19069292548e-05, -5.65081136301e-05], [4.84034899273e-05, 0.000466220197268, -0.000250106037129, 0.000349131238181, -0.000618432823103, 0.000372705777409, -0.000221121896175, 0.00014530486078, -5.09080382471e-05, 7.55579749239e-05, -6.04497254244e-05, -4.47545025963e-05, -5.9733974922e-05], [3.81758836738e-05, -0.000250106037129, 0.00118580216076, -0.000792461272795, 0.000671442539897, -0.00059273163788, 0.000177995490958, -0.000175822424353, 0.000155886198627, -3.06155088765e-05, -0.000119823678688, -0.000415830640122, -0.000353560928488], [-0.000227565891691, 0.000349131238181, -0.000792461272795, 0.00247199088335, -0.00171133177355, 0.00048194520059, -0.00107032724191, 0.000412701163441, -0.000416275666794, -7.65720978961e-05, 0.000666998210363, 0.000180633272976, -0.000405305239838], [5.21409529028e-05, -0.000618432823103, 0.000671442539897, -0.00171133177355, 0.004456395749, -0.00227961479686, 0.00163688836619, -0.00144841056317, 0.000509582110681, -0.000688782136422, -7.45414072298e-05, 0.000113765468996, -0.000707740429789], [-5.61192064197e-05, 0.000372705777409, -0.00059273163788, 0.00048194520059, -0.00227961479686, 0.00691650342196, -0.00442283647135, 0.00229472084902, -0.00217474112287, -9.39798774198e-05, -0.000765237782616, 0.000251957622822, -0.000827571609989], [0.000174614426214, -0.000221121896175, 0.000177995490958, -0.00107032724191, 0.00163688836619, -0.00442283647135, 0.00961149577051, -0.00456537632272, 0.00210952409543, -0.00120409799274, -0.000127678955323, -0.00218824646436, 0.00114330579527], [-0.000115983028081, 0.00014530486078, -0.000175822424353, 0.000412701163441, -0.00144841056317, 0.00229472084902, -0.00456537632272, 0.00818375404924, -0.00448631541803, 0.0021588569507, -0.0013747633202, 0.00104988319799, -0.000488872174174], [0.000128281491925, -5.09080382471e-05, 0.000155886198627, -0.000416275666794, 0.000509582110681, -0.00217474112287, 0.00210952409543, -0.00448631541803, 0.0100109931082, -0.00578198162839, 0.00204536109231, -0.000514431623742, 0.000511814199854], [-0.000142067321576, 7.55579749239e-05, -3.06155088765e-05, -7.65720978961e-05, -0.000688782136422, -9.39798774198e-05, -0.00120409799274, 0.0021588569507, -0.00578198162839, 0.0120231965557, -0.00583169050515, 0.00180450151674, -0.000252214085776], [0.000127016945044, -6.04497254244e-05, -0.000119823678688, 0.000666998210363, -7.45414072298e-05, -0.000765237782616, -0.000127678955323, -0.0013747633202, 0.00204536109231, -0.00583169050515, 0.012395137921, -0.00665526185185, 0.00182294880506], [-4.19069292548e-05, -4.47545025963e-05, -0.000415830640122, 0.000180633272976, 0.000113765468996, 0.000251957622822, -0.00218824646436, 0.00104988319799, -0.000514431623742, 0.00180450151674, -0.00665526185185, 0.0141762467101, -0.0036209418904], [-5.65081136301e-05, -5.9733974922e-05, -0.000353560928488, -0.000405305239838, -0.000707740429789, -0.000827571609989, 0.00114330579527, -0.000488872174174, 0.000511814199854, -0.000252214085776, 0.00182294880506, -0.0036209418904, 0.0120177567005]], "mean": [-701.221435547, 112.394042969, 15.8881797791, 27.4463443756, 7.03168535233, 7.17822504044, 4.89817428589, 8.75941562653, 9.07231807709, 10.880147934, 1.15268349648, 1.67887961864, 1.81613242626], "cov": [[20448.1894531, -3706.7043457, 432.059234619, 3095.54931641, 698.195739746, 361.776916504, -58.7688293457, 203.678695679, 162.085662842, 200.678359985, -394.25390625, -145.390457153, 288.047576904], [-3706.7043457, 3537.00805664, 366.386657715, -596.578186035, 211.071228027, -46.2318267822, 42.9440956116, -2.99605607986, -26.9281864166, -12.9972524643, 135.356872559, 89.5709686279, 3.17960572243], [432.059234619, 366.386657715, 1338.38769531, 532.245117188, 145.721282959, 220.243255615, 152.62789917, 72.8993225098, 68.4318313599, 75.3278961182, 68.1709899902, 96.0362625122, 90.6330337524], [3095.54931641, -596.578186035, 532.245117188, 1290.59838867, 433.985870361, 252.987182617, 137.960250854, 123.285583496, 128.664581299, 107.988113403, -48.5583839417, 7.35859107971, 112.014060974], [698.195739746, 211.071228027, 145.721282959, 433.985870361, 511.090759277, 204.583618164, 79.8094940186, 101.438690186, 99.097618103, 89.7244338989, 26.6805095673, 19.4520587921, 63.452671051], [361.776916504, -46.2318267822, 220.243255615, 252.987182617, 204.583618164, 355.608978271, 177.637619019, 75.0755615234, 113.56628418, 108.219955444, 72.4650268555, 53.0495414734, 41.6000595093], [-58.7688293457, 42.9440956116, 152.62789917, 137.960250854, 79.8094940186, 177.637619019, 253.25793457, 125.391044617, 69.2458114624, 69.9875717163, 75.1059494019, 60.7325134277, 12.4457683563], [203.678695679, -2.99605607986, 72.8993225098, 123.285583496, 101.438690186, 75.0755615234, 125.391044617, 242.627914429, 116.774932861, 51.1223526001, 38.8673095703, 19.5486125946, 12.4239110947], [162.085662842, -26.9281864166, 68.4318313599, 128.664581299, 99.097618103, 113.56628418, 69.2458114624, 116.774932861, 219.893661499, 118.093421936, 38.2381591797, 13.4870996475, 10.1767988205], [200.678359985, -12.9972524643, 75.3278961182, 107.988113403, 89.7244338989, 108.219955444, 69.9875717163, 51.1223526001, 118.093421936, 186.187408447, 89.7064743042, 30.877746582, 9.46887207031], [-394.25390625, 135.356872559, 68.1709899902, -48.5583839417, 26.6805095673, 72.4650268555, 75.1059494019, 38.8673095703, 38.2381591797, 89.7064743042, 178.863128662, 82.568321228, -1.81526398659], [-145.390457153, 89.5709686279, 96.0362625122, 7.35859107971, 19.4520587921, 53.0495414734, 60.7325134277, 19.5486125946, 13.4870996475, 30.877746582, 82.568321228, 122.16532135, 27.0085906982], [288.047576904, 3.17960572243, 90.6330337524, 112.014060974, 63.452671051, 41.6000595093, 12.4457683563, 12.4239110947, 10.1767988205, 9.46887207031, -1.81526398659, 27.0085906982, 105.12575531]]}, "spectral_decrease": {"dmean": 5.06983699466e-09, "dvar2": 2.27814328664e-16, "mean": -1.48210066442e-08, "var": 3.35337776249e-16, "dmean2": 7.76892949972e-09, "dvar": 9.53228975097e-17, "min": -1.10818277221e-07, "median": -6.91791601781e-09, "max": 1.01741710548e-29}, "zerocrossingrate": {"dmean": 0.0119228800759, "dvar2": 0.000290834374027, "mean": 0.0568361207843, "var": 0.00278547150083, "dmean2": 0.0132701601833, "dvar": 0.000274908466963, "min": 0.00146484375, "median": 0.04150390625, "max": 0.4921875}, "spectral_contrast_coeffs": {"dmean": [0.0485748574138, 0.0438494123518, 0.0392087362707, 0.0301449112594, 0.0223968047649, 0.0185047667474], "dvar2": [0.00475551746786, 0.00368607416749, 0.00270645204, 0.00161740963813, 0.000890809809789, 0.000689042091835], "mean": [-0.666500926018, -0.757993042469, -0.773397266865, -0.771364748478, -0.790760457516, -0.776708245277], "var": [0.0107828890905, 0.00552166672423, 0.00496620358899, 0.00478594005108, 0.00254047685303, 0.00303020165302], "dmean2": [0.0790944695473, 0.0710109248757, 0.0627101957798, 0.0485421791673, 0.0351309329271, 0.028268866241], "dvar": [0.00186120881699, 0.00144171132706, 0.00109985133167, 0.000668311258778, 0.000397890195018, 0.000311370647978], "min": [-0.968851089478, -0.968238532543, -0.971220254898, -0.959415972233, -0.952880501747, -0.956288695335], "median": [-0.677805244923, -0.763843357563, -0.783771336079, -0.782745957375, -0.792116522789, -0.768529176712], "max": [-0.285580635071, -0.409318685532, -0.457690894604, -0.45843744278, -0.51969230175, -0.543020963669]}, "spectral_skewness": {"dmean": 0.407891482115, "dvar2": 1.17852401733, "mean": 2.15736508369, "var": 3.69912838936, "dmean2": 0.657364428043, "dvar": 0.437866806984, "min": -0.0316240899265, "median": 1.34476470947, "max": 14.1843585968}, "spectral_energyband_middle_high": {"dmean": 0.00114807405043, "dvar2": 9.97503866529e-06, "mean": 0.00325378705747, "var": 1.50065070557e-05, "dmean2": 0.0017427779967, "dvar": 4.26071073889e-06, "min": 1.50810666571e-21, "median": 0.00205284031108, "max": 0.0419702753425}, "gfcc": {"icov": [[0.000122539800941, -1.43231964103e-05, 1.72352738446e-05, -0.000261834094999, 0.000127447405248, -0.000103503443825, 0.000173371881829, -0.000159056275152, 0.000118175899843, -0.000207467499422, 0.00024639070034, -0.000190126127563, 0.000128434257931], [-1.43231964103e-05, 0.000818416068796, -0.000407054874813, 0.000490517704748, -0.000262654386461, 0.000343013409292, -0.000202268478461, 0.000656241551042, -0.000983486301266, 0.00150018138811, -0.00154081138317, 0.00118156976532, -0.00085922353901], [1.72352738446e-05, -0.000407054874813, 0.000872288772371, -0.000658052973449, 0.000338324316544, -0.000434631132521, -0.000144919846207, 0.000131810404127, -0.000178302987479, -0.000655129202642, 0.000661454396322, -0.000923912506551, 0.000691322027706], [-0.000261834094999, 0.000490517704748, -0.000658052973449, 0.0018642633222, -0.000694331305567, -0.000145772719407, 0.00012790565961, -0.000357816519681, 0.00033661845373, 0.000644317071419, -0.000786498596426, 0.000929936999455, -0.00105090078432], [0.000127447405248, -0.000262654386461, 0.000338324316544, -0.000694331305567, 0.00274910684675, -0.000656025018543, -0.000674113456625, 0.000819143664557, -0.00177808559965, 3.90678469557e-05, -3.08609196509e-06, -0.000656275544316, -0.000509706675075], [-0.000103503443825, 0.000343013409292, -0.000434631132521, -0.000145772719407, -0.000656025018543, 0.00417730119079, -0.00127572275233, -0.000437519687694, -0.000637056829873, 0.00034567937837, -0.000875199679285, 0.000873104610946, 0.000176360903424], [0.000173371881829, -0.000202268478461, -0.000144919846207, 0.00012790565961, -0.000674113456625, -0.00127572275233, 0.00436601927504, -0.00208247313276, 0.00128295971081, -0.00141330761835, 5.48412135686e-05, 0.000475045788335, -0.000125627702801], [-0.000159056275152, 0.000656241551042, 0.000131810404127, -0.000357816519681, 0.000819143664557, -0.000437519687694, -0.00208247313276, 0.00853395741433, -0.00576259521767, 0.00352989276871, -0.00098473392427, -0.00186551664956, 0.000834716774989], [0.000118175899843, -0.000983486301266, -0.000178302987479, 0.00033661845373, -0.00177808559965, -0.000637056829873, 0.00128295971081, -0.00576259521767, 0.0123396506533, -0.00581486755982, 0.00222684233449, 0.00154720945284, -0.00245479028672], [-0.000207467499422, 0.00150018138811, -0.000655129202642, 0.000644317071419, 3.90678469557e-05, 0.00034567937837, -0.00141330761835, 0.00352989276871, -0.00581486755982, 0.0108749857172, -0.00478097144514, 0.00135564769153, 0.000560977379791], [0.00024639070034, -0.00154081138317, 0.000661454396322, -0.000786498596426, -3.08609196509e-06, -0.000875199679285, 5.48412135686e-05, -0.00098473392427, 0.00222684233449, -0.00478097144514, 0.0112137878314, -0.00392735050991, 0.00192237808369], [-0.000190126127563, 0.00118156976532, -0.000923912506551, 0.000929936999455, -0.000656275544316, 0.000873104610946, 0.000475045788335, -0.00186551664956, 0.00154720945284, 0.00135564769153, -0.00392735050991, 0.0118495300412, -0.00414727302268], [0.000128434257931, -0.00085922353901, 0.000691322027706, -0.00105090078432, -0.000509706675075, 0.000176360903424, -0.000125627702801, 0.000834716774989, -0.00245479028672, 0.000560977379791, 0.00192237808369, -0.00414727302268, 0.0122296800837]], "mean": [-59.8357543945, 90.2983169556, -98.5462722778, 32.6144752502, -41.6835517883, 11.4368896484, -22.0067138672, 12.6342058182, -12.8912391663, 2.72180509567, -14.6644077301, -4.86739635468, -7.3501086235], "cov": [[26509.8339844, -6593.29638672, 2785.86352539, 5498.36279297, -1219.80285645, 1019.37530518, -755.489196777, 851.384094238, -426.97644043, 293.964508057, -635.910827637, 574.687683105, -362.386688232], [-6593.29638672, 4781.30126953, 25.5670166016, -1601.73339844, 639.127746582, -271.280426025, 276.198455811, -312.98614502, 317.684326172, -198.8621521, 351.532897949, -276.383728027, 244.734558105], [2785.86352539, 25.5670166016, 2418.49755859, 1181.0546875, 41.6340751648, 411.218566895, 135.041702271, 153.675994873, 105.549331665, 124.892044067, -4.02326345444, 89.01978302, -29.7040538788], [5498.36279297, -1601.73339844, 1181.0546875, 2068.84912109, -21.2596321106, 409.844848633, -46.7789001465, 266.855957031, -35.0696716309, 84.7353591919, -113.546897888, 136.372573853, -31.5846977234], [-1219.80285645, 639.127746582, 41.6340751648, -21.2596321106, 669.610229492, 127.436599731, 190.931732178, 16.5921211243, 178.092422485, 31.4810390472, 74.4808349609, -24.7861709595, 94.6226196289], [1019.37530518, -271.280426025, 411.218566895, 409.844848633, 127.436599731, 427.105255127, 149.558395386, 123.514205933, 69.7865829468, 62.184173584, 8.04683971405, 15.1003322601, -10.5225868225], [-755.489196777, 276.198455811, 135.041702271, -46.7789001465, 190.931732178, 149.558395386, 381.634368896, 80.6797027588, 84.43724823, 46.2117576599, 52.6447105408, -20.5496444702, 19.4850273132], [851.384094238, -312.98614502, 153.675994873, 266.855957031, 16.5921211243, 123.514205933, 80.6797027588, 249.06137085, 79.3543167114, 7.58876228333, -17.0772533417, 46.8908309937, 0.219188585877], [-426.97644043, 317.684326172, 105.549331665, -35.0696716309, 178.092422485, 69.7865829468, 84.43724823, 79.3543167114, 206.809555054, 60.9812011719, 25.2803668976, -22.9971561432, 46.6328277588], [293.964508057, -198.8621521, 124.892044067, 84.7353591919, 31.4810390472, 62.184173584, 46.2117576599, 7.58876228333, 60.9812011719, 178.933761597, 38.0502319336, 2.12295341492, -17.6936988831], [-635.910827637, 351.532897949, -4.02326345444, -113.546897888, 74.4808349609, 8.04683971405, 52.6447105408, -17.0772533417, 25.2803668976, 38.0502319336, 155.490188599, 8.91291809082, 8.45087528229], [574.687683105, -276.383728027, 89.01978302, 136.372573853, -24.7861709595, 15.1003322601, -20.5496444702, 46.8908309937, -22.9971561432, 2.12295341492, 8.91291809082, 134.464279175, 16.0552616119], [-362.386688232, 244.734558105, -29.7040538788, -31.5846977234, 94.6226196289, -10.5225868225, 19.4850273132, 0.219188585877, 46.6328277588, -17.6936988831, 8.45087528229, 16.0552616119, 120.3021698]]}, "erbbands_spread": {"dmean": 10.0403528214, "dvar2": 365.320953369, "mean": 42.0313186646, "var": 792.346313477, "dmean2": 15.4782772064, "dvar": 159.67086792, "min": 0.455517143011, "median": 39.4150924683, "max": 157.07484436}, "erbbands_kurtosis": {"dmean": 1.96678733826, "dvar2": 53.3390731812, "mean": 2.5322136879, "var": 135.913711548, "dmean2": 3.01809215546, "dvar": 27.0979671478, "min": -1.88770151138, "median": 0.0605478286743, "max": 243.923858643}, "dynamic_complexity": 5.17639827728, "erbbands_crest": {"dmean": 2.43957614899, "dvar2": 17.2754192352, "mean": 10.4902553558, "var": 41.0144996643, "dmean2": 3.92781424522, "dvar": 6.89617300034, "min": 2.29126405716, "median": 8.34942817688, "max": 35.1645889282}, "erbbands": {"dmean": [0.62651091814, 2.78683662415, 3.29624867439, 4.24870729446, 5.81619119644, 8.98477172852, 4.4406375885, 5.07389831543, 7.97332143784, 11.2632570267, 16.9022731781, 13.5495920181, 12.3769702911, 8.47249221802, 5.30316114426, 5.01900863647, 9.64858627319, 5.46445608139, 9.69794464111, 11.3314733505, 9.73673152924, 8.53389930725, 5.70372772217, 6.43648004532, 10.016503334, 12.2600803375, 9.32078075409, 6.84816646576, 6.91574573517, 4.76627826691, 2.66422152519, 2.64334106445, 1.8317013979, 0.897292613983, 0.368815332651, 0.240049093962, 0.112259455025, 0.0329470448196, 0.00430750614032, 0.000211929989746], "dvar2": [5.54900550842, 106.899665833, 155.583709717, 401.044799805, 766.100402832, 2836.96020508, 309.418640137, 602.986999512, 1804.74365234, 2890.79711914, 7400.82958984, 3292.08666992, 2453.61206055, 916.970703125, 452.936523438, 486.980529785, 2851.46606445, 379.244537354, 1350.06884766, 7389.4921875, 1399.84265137, 707.373168945, 391.107788086, 426.162231445, 839.302612305, 2156.39331055, 1269.1328125, 663.686645508, 754.195617676, 248.140563965, 65.1273422241, 92.2379150391, 43.5825386047, 10.8422031403, 1.59050738811, 0.946288347244, 0.214025899768, 0.0254095681012, 0.00053436786402, 9.84440703178e-07], "mean": [1.63209187984, 6.2111492157, 5.60266447067, 6.64592313766, 8.02936935425, 9.61060428619, 6.89207553864, 7.29438257217, 9.9694776535, 14.8502082825, 20.9374809265, 20.5729904175, 19.6389045715, 13.1206893921, 7.96229314804, 7.52295255661, 14.6955528259, 9.18130779266, 17.0751132965, 25.5341663361, 21.6593952179, 19.7606086731, 12.3028011322, 13.8699131012, 20.5421695709, 24.6352577209, 19.8868961334, 13.7473745346, 11.5705575943, 8.59737682343, 5.73673391342, 4.60689783096, 2.97408270836, 1.49874675274, 0.646948575974, 0.343594253063, 0.157816261053, 0.039168920368, 0.00476463232189, 0.000292830372928], "var": [8.09181022644, 90.5544891357, 76.5726928711, 163.726333618, 436.327484131, 746.055297852, 157.622619629, 262.607452393, 584.334655762, 1208.55664062, 3045.85131836, 2558.73486328, 2799.81323242, 692.892089844, 291.056121826, 303.910400391, 2532.66674805, 326.226806641, 1113.97644043, 7395.87109375, 1864.30883789, 1010.74127197, 417.016876221, 559.098876953, 1010.03588867, 2709.39208984, 2891.27539062, 1719.89526367, 777.53314209, 260.873535156, 112.452766418, 108.907402039, 41.0533599854, 9.45242404938, 2.00363230705, 0.785894334316, 0.213818266988, 0.016200164333, 0.000246873416472, 6.1723892486e-07], "dmean2": [0.951868057251, 4.29200458527, 5.46145343781, 7.22356796265, 10.0895738602, 15.6481924057, 7.27218961716, 8.32249069214, 13.3571624756, 18.7370758057, 27.4642486572, 21.1196537018, 19.0224380493, 13.3991718292, 8.5991563797, 8.14396476746, 15.1855039597, 8.42564296722, 15.3495740891, 17.8912582397, 15.3297920227, 13.3923025131, 8.99282932281, 9.86982536316, 14.9335584641, 18.8187332153, 13.7643766403, 9.75120544434, 10.407787323, 7.07172775269, 3.81433343887, 4.0179309845, 2.71220993996, 1.33304178715, 0.533817231655, 0.359128057957, 0.168287158012, 0.050462551415, 0.00685459934175, 0.000332966010319], "dvar": [2.34864258766, 39.941619873, 55.933265686, 140.026763916, 284.15411377, 1026.59460449, 117.211830139, 222.14616394, 661.530578613, 1104.59118652, 2869.578125, 1381.70239258, 1093.56054688, 356.906829834, 184.338256836, 194.609893799, 1215.9987793, 167.538482666, 539.495300293, 2714.24169922, 597.562316895, 295.146148682, 162.567047119, 199.4765625, 385.051696777, 971.847229004, 683.524963379, 447.509765625, 352.893493652, 113.427490234, 31.1050300598, 41.7958106995, 19.0704631805, 4.67515325546, 0.775685667992, 0.436028659344, 0.107583865523, 0.0115063739941, 0.000220956411795, 4.40711062311e-07], "min": [8.64263688908e-22, 1.06512630512e-21, 4.2472905255e-21, 4.14755920082e-20, 1.8610984756e-19, 1.3770614617e-19, 1.70201497095e-19, 7.80204508578e-19, 1.49330874625e-18, 2.00522601194e-18, 8.16897516768e-19, 2.07785660563e-18, 1.2566607482e-18, 2.45484499698e-18, 4.99298377292e-18, 1.77872679623e-18, 1.73492055176e-18, 3.76081015579e-18, 3.48091539756e-18, 6.87703113385e-18, 8.92663373129e-18, 6.11824719101e-18, 1.26587907642e-17, 1.81680576621e-17, 1.97177673049e-17, 1.62866916072e-17, 1.44009547298e-17, 1.87332238526e-17, 2.53412554376e-17, 2.10719347595e-17, 1.36404713444e-17, 1.71705787594e-17, 1.39801497543e-17, 1.16650275569e-17, 1.10960770151e-17, 5.07534118343e-18, 2.88074271679e-18, 1.62985610286e-18, 3.37115855984e-19, 3.41047826714e-20], "median": [0.146111279726, 1.56427168846, 2.51351213455, 2.31637716293, 1.97651004791, 2.46790933609, 2.42146396637, 1.92870306969, 2.3695192337, 3.53537678719, 4.23411941528, 3.74051403999, 3.4596350193, 3.33533763885, 2.38694429398, 2.05104804039, 2.2459731102, 3.17977786064, 4.46637439728, 4.90075397491, 6.22581577301, 6.7797036171, 5.14000844955, 5.88432598114, 8.20240592957, 8.30007743835, 4.90791797638, 2.78376889229, 2.14431977272, 2.41821241379, 1.72056984901, 0.951610326767, 0.566756188869, 0.32657033205, 0.134570091963, 0.0484132021666, 0.0164699871093, 0.00255783740431, 0.000256521714618, 6.87736464897e-05], "max": [18.6607780457, 72.6095733643, 124.255661011, 272.475006104, 386.978210449, 715.453735352, 196.751098633, 288.097930908, 337.823425293, 615.623718262, 792.319641113, 900.250671387, 1449.22766113, 401.654449463, 243.789001465, 338.037872314, 1508.21704102, 266.77947998, 480.286315918, 2207.14916992, 933.405029297, 479.824310303, 443.418395996, 352.172790527, 391.947845459, 1180.89782715, 779.30090332, 1010.81530762, 574.23046875, 262.896179199, 187.826263428, 138.634979248, 98.0719528198, 57.3324813843, 30.4370536804, 20.2877368927, 12.4067344666, 2.43616366386, 0.269421607256, 0.0146328071132]}, "silence_rate_30dB": {"dmean": 0.0577062778175, "dvar2": 0.119118086994, "mean": 0.777293503284, "var": 0.173095062375, "dmean2": 0.115424536169, "dvar": 0.0543777197599, "min": 0, "median": 1, "max": 1}, "silence_rate_60dB": {"dmean": 0.0222106892616, "dvar2": 0.0488908290863, "mean": 0.171129092574, "var": 0.141851618886, "dmean2": 0.0444259904325, "dvar": 0.0217160694301, "min": 0, "median": 0, "max": 1}, "spectral_energyband_middle_low": {"dmean": 0.00502858683467, "dvar2": 0.00042763305828, "me