{"tonal": {"hpcp": {"dvar": [0.0374556928873, 0.0347012020648, 0.0251807011664, 0.0205286759883, 0.0182457696646, 0.0189373362809, 0.0240294747055, 0.0288012586534, 0.0302089825273, 0.0375474281609, 0.0378321036696, 0.0279459282756, 0.0185640770942, 0.0139626860619, 0.0172280240804, 0.0246001984924, 0.0292085018009, 0.0256195887923, 0.0228166244924, 0.0243666954339, 0.0350851416588, 0.0404273942113, 0.0477857477963, 0.0496920458972, 0.0621996559203, 0.0434226728976, 0.0262579023838, 0.0149990031496, 0.0180514696985, 0.0232868809253, 0.0321682319045, 0.0356484949589, 0.0272673349828, 0.0226301718503, 0.025589754805, 0.0322347693145], "var": [0.0721000283957, 0.0929006785154, 0.0342181921005, 0.0152706271037, 0.0133907422423, 0.0152906440198, 0.0324618853629, 0.0566182769835, 0.0520276352763, 0.0944298803806, 0.126232013106, 0.0386279039085, 0.0159634314477, 0.0111582791433, 0.0135242510587, 0.0408973284066, 0.0681169107556, 0.027862822637, 0.0165158230811, 0.0175346471369, 0.0285997204483, 0.069328956306, 0.120535381138, 0.0785123631358, 0.114002265036, 0.101031579077, 0.0269832015038, 0.0132034383714, 0.017069382593, 0.0214174147695, 0.0509321130812, 0.0659243911505, 0.0281623825431, 0.0202591698617, 0.0202276948839, 0.0275784097612], "median": [0.0514979176223, 0.0665960088372, 0.0416041761637, 0.0152941327542, 0.0107647115365, 0.0113008208573, 0.0388457328081, 0.0559279061854, 0.0548318475485, 0.0966982468963, 0.106670796871, 0.051708035171, 0.0173979625106, 0.0151263643056, 0.0178765933961, 0.0358550548553, 0.0414081141353, 0.026339750737, 0.0132556064054, 0.0100544886664, 0.012164070271, 0.0690653249621, 0.107331335545, 0.128481298685, 0.087138697505, 0.0550615377724, 0.018255667761, 0.0150552811101, 0.0158847682178, 0.0155401220545, 0.0409856550395, 0.0624089576304, 0.038324072957, 0.0175935551524, 0.0165185891092, 0.0185003336519], "max": [1, 1, 1, 1, 1, 1, 1, 1, 1, 1, 1, 1, 1, 1, 1, 1, 1, 1, 1, 1, 1, 1, 1, 1, 1, 1, 1, 1, 1, 1, 1, 1, 1, 1, 1, 1], "dmean": [0.110978297889, 0.112146601081, 0.0836913958192, 0.0591128431261, 0.0531879328191, 0.0575345270336, 0.0833241865039, 0.0997543781996, 0.109804391861, 0.133940190077, 0.123144105077, 0.102103382349, 0.0586347579956, 0.0468941964209, 0.0505257733166, 0.072546005249, 0.0825952515006, 0.0731134787202, 0.0562368184328, 0.0594995245337, 0.084023527801, 0.128983989358, 0.139776855707, 0.173231571913, 0.178053408861, 0.130262508988, 0.083101645112, 0.0514269843698, 0.0550372563303, 0.0686295628548, 0.0972710549831, 0.109259575605, 0.0858965292573, 0.0643317326903, 0.0680298060179, 0.0870165526867], "dmean2": [0.191611737013, 0.189894497395, 0.145935952663, 0.107024915516, 0.0965127050877, 0.104400463402, 0.144797578454, 0.17024821043, 0.191929161549, 0.227174863219, 0.209012776613, 0.177878171206, 0.106169000268, 0.08442902565, 0.090473279357, 0.127345755696, 0.144206419587, 0.129499599338, 0.103797860444, 0.109407328069, 0.151480227709, 0.222553670406, 0.24025426805, 0.304035484791, 0.315040141344, 0.225243225694, 0.14775891602, 0.0927112475038, 0.0983849018812, 0.122249312699, 0.170031443238, 0.188656240702, 0.150171041489, 0.117579683661, 0.125588685274, 0.156019851565], "mean": [0.180175259709, 0.216634988785, 0.117020599544, 0.0531888604164, 0.04433773458, 0.0496429763734, 0.108834899962, 0.155671939254, 0.149834960699, 0.252232909203, 0.291708022356, 0.142245411873, 0.0551284439862, 0.0455842837691, 0.0504114739597, 0.115312956274, 0.150148481131, 0.0900965258479, 0.0483365207911, 0.047981902957, 0.070760525763, 0.195939600468, 0.286529093981, 0.248017042875, 0.265989542007, 0.221429497004, 0.0883581116796, 0.0520460233092, 0.0569790378213, 0.0646515116096, 0.135042250156, 0.170325830579, 0.100484840572, 0.0609718188643, 0.0604858323932, 0.0785924121737], "dvar2": [0.0995529219508, 0.0892137289047, 0.0687348619103, 0.0588863119483, 0.0505872741342, 0.0526335164905, 0.0667259097099, 0.0756271257997, 0.0832478255033, 0.0971867516637, 0.0925913155079, 0.0772664621472, 0.051744915545, 0.0390482619405, 0.0481934994459, 0.0689761713147, 0.0759686902165, 0.0701829493046, 0.0640915483236, 0.0680228769779, 0.0989073887467, 0.110869802535, 0.118903942406, 0.139040201902, 0.169163271785, 0.107335306704, 0.0758358463645, 0.0426439344883, 0.0504780560732, 0.0638794004917, 0.0834156572819, 0.0912207216024, 0.0744659677148, 0.0646647587419, 0.0738996863365, 0.0926443040371], "min": [0, 0, 0, 0, 0, 0, 0, 0, 0, 0, 0, 0, 0, 0, 0, 0, 0, 0, 0, 0, 0, 0, 0, 0, 0, 0, 0, 0, 0, 0, 0, 0, 0, 0, 0, 0]}, "key_key": "F", "thpcp": [1, 0.487629413605, 0.188985005021, 0.15626680851, 0.172814831138, 0.395302653313, 0.514721810818, 0.308858573437, 0.165701717138, 0.164486065507, 0.242573127151, 0.671697676182, 0.982246220112, 0.850223600864, 0.911834836006, 0.759079217911, 0.30289915204, 0.178418204188, 0.195329010487, 0.221630901098, 0.462936371565, 0.583891510963, 0.344470620155, 0.209016606212, 0.207350596786, 0.269421488047, 0.617656171322, 0.742643237114, 0.40115660429, 0.182335957885, 0.15199354291, 0.170180365443, 0.373095333576, 0.533656716347, 0.513647019863, 0.864675939083], "chords_key": "A", "tuning_equal_tempered_deviation": 0.266853779554, "tuning_frequency": 434.193115234, "tuning_diatonic_strength": 0.600213527679, "chords_histogram": [15.548160553, 37.1602897644, 19.9112586975, 5.34294700623, 2.58827877045, 0.240340173244, 1.01682376862, 0, 1.90423369408, 0, 3.43871331215, 0, 0, 0, 0, 0, 0, 1.23867630959, 0, 0.443704932928, 0, 0.110926233232, 0.110926233232, 10.9447221756], "key_strength": 0.828573048115, "key_scale": "major", "chords_strength": {"dvar": 0.000410630425904, "var": 0.0228030271828, "median": 0.529118597507, "max": 0.774369955063, "dmean": 0.00825277902186, "dmean2": 0.00804070848972, "mean": 0.522333502769, "dvar2": 0.000729255611077, "min": -1}, "chords_number_rate": 0.00184877053834, "tuning_nontempered_energy_ratio": 0.961799621582, "hpcp_entropy": {"dvar": 0.21947710216, "var": 0.545029878616, "median": 1.90367543697, "max": 4.3185801506, "dmean": 0.5136064291, "dmean2": 0.859106361866, "mean": 1.87651908398, "dvar2": 0.590028941631, "min": 0}, "chords_changes_rate": 0.0560177490115, "chords_scale": "minor"}, "rhythm": {"bpm_histogram_first_peak_spread": {"dvar": 0, "var": 0, "median": 0.501408457756, "max": 0.501408457756, "dmean": 0, "dmean2": 0, "mean": 0.501408457756, "dvar2": 0, "min": 0.501408457756}, "bpm_histogram_first_peak_weight": {"dvar": 0, "var": 0, "median": 0.420427560806, "max": 0.420427560806, "dmean": 0, "dmean2": 0, "mean": 0.420427560806, "dvar2": 0, "min": 0.420427560806}, "bpm_histogram_first_peak_bpm": {"dvar": 0, "var": 0, "median": 96, "max": 96, "dmean": 0, "dmean2": 0, "mean": 96, "dvar2": 0, "min": 96}, "bpm": 96.3575592041, "bpm_histogram_second_peak_weight": {"dvar": 0, "var": 0, "median": 0.0570071265101, "max": 0.0570071265101, "dmean": 0, "dmean2": 0, "mean": 0.0570071265101, "dvar2": 0, "min": 0.0570071265101}, "beats_loudness": {"dvar": 0.000103161051811, "var": 0.000387817592127, "median": 0.0388322509825, "max": 0.0945221111178, "dmean": 0.00973305758089, "dmean2": 0.0166912507266, "mean": 0.0350338742137, "dvar2": 0.000294422003208, "min": 2.53088605628e-10}, "beats_loudness_band_ratio": {"dvar": [0.016839062795, 0.011247549206, 0.00991414766759, 0.00758170848712, 0.00293303048238, 0.00261277589016], "var": [0.0548476986587, 0.0576453655958, 0.0193612407893, 0.0165732745081, 0.00437312526628, 0.00331816659309], "median": [0.451342880726, 0.141117185354, 0.103223070502, 0.0807656645775, 0.0542059540749, 0.0266252942383], "max": [0.971153140068, 0.973568618298, 0.691361129284, 0.721969008446, 0.482156813145, 0.631451666355], "dmean": [0.161430850625, 0.123619906604, 0.0936053395271, 0.0714360177517, 0.0405670627952, 0.0325315408409], "dmean2": [0.275198251009, 0.222232148051, 0.159291729331, 0.121286034584, 0.0705399662256, 0.0602705106139], "mean": [0.443158507347, 0.234602794051, 0.149588465691, 0.122981891036, 0.0684128329158, 0.0411149002612], "dvar2": [0.0510270036757, 0.0343285501003, 0.0283958595246, 0.0213777627796, 0.00816822610795, 0.00752716651186], "min": [0.000480863760458, 0.00190899823792, 0.001979224151, 0.000474832369946, 1.88769281522e-05, 1.33580033435e-06]}, "bpm_histogram_second_peak_bpm": {"dvar": 0, "var": 0, "median": 161, "max": 161, "dmean": 0, "dmean2": 0, "mean": 161, "dvar2": 0, "min": 161}, "onset_rate": 2.38096523285, "beats_count": 422, "beats_position": [0.510838985443, 1.03328800201, 1.55573689938, 2.07818579674, 2.57741498947, 3.07664394379, 3.5758728981, 4.06349182129, 4.53950119019, 5.01551008224, 5.50312900543, 5.97913837433, 6.45514726639, 6.94276618958, 7.4303855896, 7.91800451279, 8.4172334671, 8.96290206909, 9.50857162476, 10.0426301956, 10.5534696579, 11.0759181976, 11.6099767685, 12.144036293, 12.6548748016, 13.1657142639, 13.6765527725, 14.1990022659, 14.7214508057, 15.1277999878, 15.5225391388, 15.9172782898, 16.3120174408, 16.6951465607, 17.0782756805, 17.4614048004, 17.8445339203, 18.2160549164, 18.5875740051, 18.9474830627, 19.3190021515, 19.6789112091, 20.0388202667, 20.4103393555, 20.7818584442, 21.153377533, 21.5248966217, 21.8964176178, 22.2679367065, 22.6394557953, 23.010974884, 23.3824939728, 23.7540130615, 24.1255321503, 24.497051239, 24.8685703278, 25.2400894165, 25.6116104126, 25.9831295013, 26.3546485901, 26.7261676788, 27.0976867676, 27.4692058563, 27.8407249451, 28.3283443451, 28.8159637451, 29.3151912689, 29.9537410736, 30.5922889709, 31.2424488068, 31.8809967041, 32.5195465088, 33.146484375, 33.7850341797, 34.4119720459, 35.0389099121, 35.6658477783, 36.2811775208, 36.8965072632, 37.5234451294, 38.1387748718, 38.7541046143, 39.3926506042, 40.0312004089, 40.6581382751, 41.2734680176, 41.88879776, 42.5157356262, 43.1426734924, 43.7696151733, 44.3965530396, 45.0234909058, 45.6388206482, 46.2541503906, 46.8810882568, 47.508026123, 48.1349639893, 48.7502937317, 49.3656234741, 49.9925613403, 50.6194992065, 51.2464370728, 51.8733787537, 52.4887046814, 53.1156463623, 53.73097229, 54.3579139709, 54.9732398987, 55.6117897034, 56.2619476318, 56.8888893127, 57.515827179, 58.1427650452, 58.7697029114, 59.3850326538, 60.0003623962, 60.6273002625, 61.2542381287, 61.8811798096, 62.4965057373, 63.1234474182, 63.7387733459, 64.3657150269, 64.9926528931, 65.6079788208, 66.2233123779, 66.8386383057, 67.4539642334, 68.0576858521, 68.6846237183, 69.3115615845, 69.9268951416, 70.5422210693, 71.1575469971, 71.7728805542, 72.3765945435, 72.9919281006, 73.6072540283, 74.2225799561, 74.8495254517, 75.4648513794, 76.0917892456, 76.7187271118, 77.3340606689, 77.9493865967, 78.5763244629, 79.1916503906, 79.8069839478, 80.4223098755, 81.0376434326, 81.6529693604, 82.2682952881, 82.8952331543, 83.5221786499, 84.1491165161, 84.7760543823, 85.3913803101, 86.0067138672, 86.6336517334, 87.2489776611, 87.8643035889, 88.479637146, 89.0949630737, 89.7219009399, 90.3256225586, 90.9409484863, 91.5562820435, 92.1832199097, 92.8101577759, 93.4370956421, 94.0524215698, 94.667755127, 95.2946929932, 95.9332427979, 96.5717926025, 97.1987304688, 97.825668335, 98.4526062012, 99.0679321289, 99.6948699951, 100.310203552, 100.937141418, 101.552467346, 102.167800903, 102.79473877, 103.421676636, 104.048614502, 104.675552368, 105.302490234, 105.929428101, 106.556373596, 107.183311462, 107.79863739, 108.413963318, 109.040908813, 109.66784668, 110.294784546, 110.921722412, 111.548660278, 112.175598145, 112.802536011, 113.429473877, 114.056411743, 114.6717453, 115.287071228, 115.925621033, 116.552558899, 117.179496765, 117.794830322, 118.421768188, 119.048706055, 119.675643921, 120.302581787, 120.929519653, 121.55645752, 122.183395386, 122.798728943, 123.414054871, 124.040992737, 124.667930603, 125.28326416, 125.921813965, 126.548751831, 127.164077759, 127.779411316, 128.406341553, 129.033279419, 129.660217285, 130.28717041, 130.914108276, 131.541046143, 132.167984009, 132.783309937, 133.398635864, 134.037185669, 134.675735474, 135.30267334, 135.929611206, 136.556549072, 137.183486938, 137.810424805, 138.437362671, 139.052688599, 139.679641724, 140.294967651, 140.921905518, 141.548843384, 142.17578125, 142.802719116, 143.429656982, 144.04498291, 144.660308838, 145.275650024, 145.890975952, 146.50630188, 147.121627808, 147.736953735, 148.352294922, 148.96762085, 149.582946777, 150.198272705, 150.813598633, 151.440536499, 152.055877686, 152.659591675, 153.274917603, 153.89024353, 154.505569458, 155.132507324, 155.747848511, 156.374786377, 157.001724243, 157.617050171, 158.232376099, 158.847702026, 159.474639893, 160.101577759, 160.716918945, 161.332244873, 161.935958862, 162.562896729, 163.189834595, 163.793563843, 164.420501709, 165.047439575, 165.662765503, 166.278091431, 166.88180542, 167.485534668, 168.112472534, 168.727798462, 169.34312439, 169.958450317, 170.573776245, 171.20072937, 171.827667236, 172.442993164, 173.06993103, 173.685256958, 174.312194824, 174.93913269, 175.566070557, 176.193008423, 176.819946289, 177.446884155, 178.073822021, 178.700775146, 179.316101074, 179.931427002, 180.558364868, 181.185302734, 181.812240601, 182.439178467, 183.054504395, 183.669830322, 184.308380127, 184.935317993, 185.55065918, 186.177597046, 186.804534912, 187.431472778, 188.058410645, 188.673736572, 189.300674438, 189.927612305, 190.542938232, 191.169876099, 191.796829224, 192.42376709, 193.050704956, 193.677642822, 194.316192627, 194.943130493, 195.558456421, 196.185394287, 196.812332153, 197.43927002, 198.066207886, 198.681533813, 199.296859741, 199.923812866, 200.550750732, 201.177688599, 201.804626465, 202.431564331, 203.046890259, 203.673828125, 204.31237793, 204.939315796, 205.566253662, 206.193191528, 206.808517456, 207.423858643, 208.03918457, 208.654510498, 209.281448364, 209.90838623, 210.535324097, 211.173873901, 211.812423706, 212.439361572, 213.0546875, 213.681625366, 214.320175171, 214.947113037, 215.562438965, 216.177780151, 216.793106079, 217.408432007, 218.035369873, 218.662307739, 219.289245605, 219.916183472, 220.554733276, 221.193283081, 221.820220947, 222.435546875, 223.062484741, 223.677825928, 224.304763794, 224.920089722, 225.547027588, 226.162353516, 226.789291382, 227.416229248, 228.043167114, 228.67010498, 229.285430908, 229.900772095, 230.516098022, 231.13142395, 231.746749878, 232.362075806, 232.977416992, 233.59274292, 234.219680786, 234.835006714, 235.450332642, 236.05406189, 236.680999756, 237.296325684, 237.911651611, 238.526977539, 239.142303467, 239.769241333, 240.396179199, 241.023132324, 241.65007019, 242.265396118, 242.880722046, 243.496047974, 244.111373901, 244.726715088, 245.342041016, 245.957366943, 246.572692871, 247.199630737, 247.826568604, 248.465118408, 249.115280151, 249.753829956, 250.403991699], "danceability": 0.883128941059, "bpm_histogram_second_peak_spread": {"dvar": 0, "var": 0, "median": 0.142857134342, "max": 0.142857134342, "dmean": 0, "dmean2": 0, "mean": 0.142857134342, "dvar2": 0, "min": 0.142857134342}}, "lowlevel": {"spectral_flux": {"dvar": 0.000427989521995, "var": 0.00179332948755, "median": 0.0760688334703, "max": 0.276419639587, "dmean": 0.0179946590215, "dmean2": 0.0284030269831, "mean": 0.0761066898704, "dvar2": 0.000966072548181, "min": 1.03647368466e-10}, "spectral_rolloff": {"dvar": 360030.6875, "var": 3274856.25, "median": 968.994140625, "max": 18949.21875, "dmean": 294.234039307, "dmean2": 489.639007568, "mean": 1301.83862305, "dvar2": 844270.8125, "min": 43.06640625}, "barkbands_flatness_db": {"dvar": 0.000253001053352, "var": 0.0110663631931, "median": 0.114212319255, "max": 0.533186852932, "dmean": 0.0157140530646, "dmean2": 0.0250045508146, "mean": 0.151633307338, "dvar2": 0.000628255540505, "min": 0.0236793216318}, "spectral_centroid": {"dvar": 33597.15625, "var": 429625.59375, "median": 1282.08898926, "max": 11083.4736328, "dmean": 147.883529663, "dmean2": 228.541702271, "mean": 1278.2421875, "dvar2": 63655.2773438, "min": 144.888046265}, "melbands_skewness": {"dvar": 0.282387644053, "var": 1.41815018654, "median": 2.03599429131, "max": 7.56658554077, "dmean": 0.500354528427, "dmean2": 0.807513415813, "mean": 2.1220240593, "dvar2": 0.747767865658, "min": -1.11356139183}, "melbands": {"dvar": [2.44894431489e-06, 3.82661255571e-06, 4.69286476346e-07, 2.0442483617e-07, 7.99960773179e-08, 9.15471076723e-08, 4.42850200955e-08, 5.6839780882e-08, 7.1328742024e-08, 8.160920828e-08, 7.67882042396e-08, 6.92019526127e-08, 1.2405971006e-07, 1.18830989493e-08, 6.87432777369e-09, 7.23216464493e-09, 7.08115033277e-09, 5.65134516961e-09, 5.44120570822e-09, 2.32204011574e-09, 1.2117243875e-09, 4.8303322453e-10, 4.59320942392e-10, 4.56817833561e-10, 3.48645168291e-10, 2.6527746666e-10, 2.65839211755e-10, 1.16344045509e-10, 4.48594494884e-11, 1.55564311433e-11, 1.04238189261e-11, 7.70770166442e-12, 7.90221707514e-12, 1.4224161779e-11, 7.95451638586e-12, 6.89234390047e-12, 7.2903271961e-12, 6.16997295269e-12, 2.74884151899e-12, 2.75442104021e-12], "var": [4.32968181485e-06, 6.94281698088e-06, 7.0601635116e-07, 4.03027627272e-07, 2.43358329044e-07, 2.67539405741e-07, 1.28570093239e-07, 1.54075479486e-07, 4.46349417871e-07, 8.77623335782e-07, 9.60082388701e-07, 4.23639932023e-07, 7.04825197317e-07, 5.73823939476e-08, 2.23033005398e-08, 2.22932428073e-08, 2.61261181578e-08, 1.72109206886e-08, 1.80693291441e-08, 1.38529845373e-08, 6.5487184564e-09, 1.69679537088e-09, 1.64349600595e-09, 8.76144545803e-10, 5.74224279237e-10, 6.11265149608e-10, 6.88895551715e-10, 3.15765247283e-10, 9.17594750183e-11, 3.70392883031e-11, 2.80272194342e-11, 1.7343425307e-11, 1.88410138185e-11, 2.82366248439e-11, 1.81525905418e-11, 1.80810193207e-11, 1.91047438286e-11, 1.71469661386e-11, 7.33793147772e-12, 6.51523149667e-12], "median": [0.00199629552662, 0.00221210625023, 0.000530017947312, 0.000253823585808, 0.000211635604501, 0.000172962565557, 0.000122405341244, 0.000142374599818, 0.000121575889352, 9.49843524722e-05, 8.07431861176e-05, 9.79684191407e-05, 7.96634849394e-05, 4.92384315294e-05, 3.85007297155e-05, 2.849885459e-05, 3.76784737455e-05, 3.98717274948e-05, 2.53004182014e-05, 1.72526069946e-05, 2.61684472207e-05, 2.39992277784e-05, 1.08561935122e-05, 8.84151086211e-06, 9.74216982286e-06, 1.01687292045e-05, 6.58552426103e-06, 5.23700191479e-06, 2.86728868559e-06, 2.14741771742e-06, 1.72915679286e-06, 1.216073656e-06, 1.03784384464e-06, 1.08470317173e-06, 1.00387171642e-06, 7.47102433252e-07, 5.44442514183e-07, 4.10061119283e-07, 3.30792488512e-07, 3.40696345802e-07], "max": [0.0233211424202, 0.0230922475457, 0.0100590437651, 0.00803873222321, 0.00517325289547, 0.00618651509285, 0.00546592753381, 0.00501071335748, 0.007847905159, 0.00860977545381, 0.0119334282354, 0.00814383570105, 0.0109058655798, 0.00406701210886, 0.00367952394299, 0.00426258565858, 0.00435671582818, 0.00242284103297, 0.00356105901301, 0.00333936861716, 0.00229096389376, 0.000635152508039, 0.000598515151069, 0.001179281855, 0.00132177502383, 0.000579261337407, 0.000736759568099, 0.000383835082175, 0.000432125874795, 0.000157313523232, 0.000106371568108, 8.56662009028e-05, 0.000147528990055, 0.000174637621967, 0.000123819365399, 0.000100961893622, 0.00012385287846, 0.000126789323986, 5.77922983211e-05, 6.63538376102e-05], "dmean": [0.00111014442518, 0.00133644754533, 0.000426646874985, 0.000259366206592, 0.000177654161234, 0.000164469223819, 0.000107301981188, 0.000133237525006, 0.000121031625895, 0.000121425662655, 0.000104405262391, 0.000111826921056, 0.000116582661576, 4.81131319248e-05, 3.3924010495e-05, 2.88774826913e-05, 3.65089690604e-05, 3.23212952935e-05, 2.24180021178e-05, 1.54315130203e-05, 1.54544650286e-05, 1.44230853039e-05, 1.0071736142e-05, 7.80061418482e-06, 5.86078385822e-06, 6.8239569373e-06, 5.42966517969e-06, 4.21466756961e-06, 2.44637794822e-06, 1.58784973792e-06, 1.4002135913e-06, 1.0909611774e-06, 1.02222554688e-06, 1.07738333099e-06, 8.8566133627e-07, 7.60102409458e-07, 6.38784513285e-07, 5.17832063451e-07, 4.30990439781e-07, 4.19670556084e-07], "dmean2": [0.00187620916404, 0.00229122419842, 0.000717401329894, 0.000433104869444, 0.000286989030428, 0.000271452823654, 0.000171800740645, 0.000216821208596, 0.000184819218703, 0.000179021968506, 0.000157274742378, 0.000171922962181, 0.000186017830856, 7.77024033596e-05, 5.29971257492e-05, 4.57431669929e-05, 5.75167905481e-05, 5.13488594152e-05, 3.48363028024e-05, 2.41264478973e-05, 2.47406369454e-05, 2.34012859437e-05, 1.58472212206e-05, 1.25195674627e-05, 9.5800814961e-06, 1.12246898425e-05, 8.64260709932e-06, 6.61097374177e-06, 3.90635568692e-06, 2.55254485637e-06, 2.23612164518e-06, 1.74638512362e-06, 1.61055663739e-06, 1.68862311511e-06, 1.36092614866e-06, 1.15180080229e-06, 9.39097787978e-07, 7.45941235891e-07, 6.22475624823e-07, 6.08361460763e-07], "mean": [0.00231900811195, 0.00281908339821, 0.000751280749682, 0.000452992040664, 0.000376166281058, 0.000331409915816, 0.000230596066103, 0.000264845759375, 0.000339697260642, 0.000390769564547, 0.00029325671494, 0.000271928613074, 0.000279796047835, 0.000110462809971, 7.19454110367e-05, 6.10945644439e-05, 7.90889753262e-05, 6.99586162227e-05, 4.80718117615e-05, 3.61087513738e-05, 3.83288315788e-05, 3.35978147632e-05, 2.30682671827e-05, 1.65842011484e-05, 1.39739722727e-05, 1.57363101607e-05, 1.31454116854e-05, 1.01873829408e-05, 5.48289426661e-06, 3.66884137293e-06, 3.22427786159e-06, 2.44705847763e-06, 2.25413054977e-06, 2.35015249928e-06, 2.01828811441e-06, 1.72093564288e-06, 1.45856290601e-06, 1.16307558073e-06, 9.37636059462e-07, 9.11049653496e-07], "dvar2": [6.9147222348e-06, 1.09140983113e-05, 1.23734230328e-06, 5.1385666211e-07, 1.96195287572e-07, 2.24556814032e-07, 1.10842293566e-07, 1.46297068682e-07, 1.66472389651e-07, 1.71516461478e-07, 1.57969552106e-07, 1.70476553762e-07, 3.15369220516e-07, 2.82516463557e-08, 1.44546694614e-08, 1.75191932072e-08, 1.68307376924e-08, 1.35926043754e-08, 1.10414406507e-08, 4.45136061344e-09, 2.95128144145e-09, 1.16376952519e-09, 1.03355246583e-09, 1.11636699884e-09, 8.61390292428e-10, 6.84015843966e-10, 6.30235919008e-10, 2.57707105655e-10, 1.07781408798e-10, 3.69839540937e-11, 2.31761346225e-11, 1.89123543215e-11, 1.91158946311e-11, 3.53764621763e-11, 1.85299449396e-11, 1.37061820227e-11, 1.32165814751e-11, 1.12409647562e-11, 5.10592739963e-12, 5.51351585915e-12], "min": [2.44033063957e-23, 1.2860713352e-23, 9.60220584269e-24, 9.1034296027e-24, 3.69608155367e-24, 1.90696695096e-23, 8.94701584014e-24, 6.77878904365e-24, 1.36846225584e-23, 3.53232546823e-24, 5.68475926939e-24, 6.19290086605e-24, 8.05094716017e-24, 7.2093516923e-24, 1.11791253816e-23, 1.16076914233e-23, 9.35914833146e-24, 6.45716216955e-24, 5.18913216214e-24, 1.37204873306e-23, 1.4980798334e-23, 8.8433311182e-24, 8.25109142702e-24, 7.53171417919e-24, 2.05977388369e-23, 1.02467170352e-23, 6.78050876042e-24, 9.29331315575e-24, 1.52756682295e-23, 1.18414821855e-23, 1.70837279579e-23, 1.08859278712e-23, 7.82126399673e-24, 9.37796266405e-24, 1.68985381273e-23, 1.05137945721e-23, 1.1203180906e-23, 7.63291872244e-24, 8.81272252621e-24, 1.30223383297e-23]}, "spectral_decrease": {"dvar": 5.15425793618e-18, "var": 2.18353447099e-17, "median": -8.96033114373e-09, "max": -1.28201181844e-29, "dmean": 1.85682846876e-09, "dmean2": 3.13626369319e-09, "mean": -8.31511215438e-09, "dvar2": 1.42731238923e-17, "min": -2.78535008391e-08}, "barkbands_kurtosis": {"dvar": 23.0659770966, "var": 85.3726272583, "median": 1.35887765884, "max": 348.364440918, "dmean": 1.67825114727, "dmean2": 2.72066736221, "mean": 3.71957015991, "dvar2": 61.8384246826, "min": -1.88948428631}, "silence_rate_30dB": {"dvar": 0, "var": 0, "median": 1, "max": 1, "dmean": 0, "dmean2": 0, "mean": 1, "dvar2": 0, "min": 1}, "gfcc": {"mean": [-18.8114089966, 107.290054321, -111.049919128, 15.3730049133, -44.0532608032, 10.485080719, -28.2186489105, 11.2350988388, -20.2088603973, 1.44719171524, -14.5414094925, -1.21336436272, -7.63105535507], "cov": [[31338.2167969, -4516.35498047, -1865.62536621, 3443.66235352, -259.628570557, 2569.21704102, 667.828552246, 2001.21166992, 251.715530396, 992.107971191, 106.317100525, 649.173400879, -579.508422852], [-4516.35498047, 3107.13842773, 0.630636632442, -986.155334473, 71.9099731445, -920.328308105, -249.994384766, -612.697509766, -79.6163101196, -363.225372314, -23.4589748383, -315.952972412, 151.236312866], [-1865.62536621, 0.630636632442, 813.591796875, -227.131652832, 24.998664856, -36.1362380981, -98.6708831787, -110.283409119, -21.88763237, -27.0768737793, -35.8438110352, -0.372701495886, 8.14720439911], [3443.66235352, -986.155334473, -227.131652832, 879.388122559, 22.8946704865, 485.805236816, 168.135360718, 370.505493164, 98.5826644897, 182.959503174, 50.3490486145, 92.0326766968, -80.9979095459], [-259.628570557, 71.9099731445, 24.998664856, 22.8946704865, 192.151275635, -1.24944937229, 42.7846794128, -12.7117538452, 8.53044605255, -9.12795734406, 3.05631732941, -7.21280241013, -6.76196050644], [2569.21704102, -920.328308105, -36.1362380981, 485.805236816, -1.24944937229, 506.414703369, 160.492538452, 297.113769531, 63.1931686401, 138.86239624, 29.2778816223, 103.064987183, -77.7091064453], [667.828552246, -249.994384766, -98.6708831787, 168.135360718, 42.7846794128, 160.492538452, 182.045776367, 128.632797241, 47.0622291565, 30.292263031, 4.63456296921, 23.04545784, -23.6197624207], [2001.21166992, -612.697509766, -110.283409119, 370.505493164, -12.7117538452, 297.113769531, 128.632797241, 307.031433105, 91.9211730957, 115.454177856, 20.0528392792, 56.7550621033, -61.5881156921], [251.715530396, -79.6163101196, -21.88763237, 98.5826644897, 8.53044605255, 63.1931686401, 47.0622291565, 91.9211730957, 103.997627258, 45.9468307495, 2.50470399857, -0.108121387661, -11.4998197556], [992.107971191, -363.225372314, -27.0768737793, 182.959503174, -9.12795734406, 138.86239624, 30.292263031, 115.454177856, 45.9468307495, 121.190711975, 39.4345092773, 40.6151275635, -33.9731254578], [106.317100525, -23.4589748383, -35.8438110352, 50.3490486145, 3.05631732941, 29.2778816223, 4.63456296921, 20.0528392792, 2.50470399857, 39.4345092773, 76.8432388306, 22.5485515594, -13.0735616684], [649.173400879, -315.952972412, -0.372701495886, 92.0326766968, -7.21280241013, 103.064987183, 23.04545784, 56.7550621033, -0.108121387661, 40.6151275635, 22.5485515594, 100.31653595, 11.5247440338], [-579.508422852, 151.236312866, 8.14720439911, -80.9979095459, -6.76196050644, -77.7091064453, -23.6197624207, -61.5881156921, -11.4998197556, -33.9731254578, -13.0735616684, 11.5247440338, 81.8752670288]], "icov": [[0.000122300829389, -0.000188789257663, 0.000208535711863, -0.000193522340851, 7.9847392044e-05, -0.000339136953698, 0.000231384998187, -0.000382236263249, 0.000528279168066, -0.000617170764599, 0.000793148414232, -0.000676433730405, 0.000506075914018], [-0.000188789257663, 0.00144872488454, -0.000156643043738, 0.000573827128392, -0.000401926110499, 0.00121805304661, -0.000160132243764, 0.00106824398972, -0.00192792236339, 0.00280578667298, -0.00302817136981, 0.00313372700475, -0.00157994870096], [0.000208535711863, -0.000156643043738, 0.00198176479898, 0.000353544164682, -0.000399112614105, -0.00152326840907, 0.00151724729221, 2.41018806264e-05, 0.000206790340599, -0.000991693814285, 0.001846635947, -0.0011097661918, 0.000963643891737], [-0.000193522340851, 0.000573827128392, 0.000353544164682, 0.00361869414337, -0.00100407737773, -0.00148931669537, 0.000360921374522, -0.000989370513707, -0.000962587189861, 0.000163789023645, -0.00191921927035, 0.00223632529378, -0.0017099903198], [7.9847392044e-05, -0.000401926110499, -0.000399112614105, -0.00100407737773, 0.0062688048929, 0.000341471022693, -0.00243346416391, 0.00134574330878, -0.000158767492394, -0.000268812786089, 0.000400836084737, -0.00113006250467, 0.00159530655947], [-0.000339136953698, 0.00121805304661, -0.00152326840907, -0.00148931669537, 0.000341471022693, 0.00944397319108, -0.00365241034888, -0.00168357871007, -0.000212081620703, 0.00133489409927, -0.00216495222412, -0.0006605546223, 0.000970832828898], [0.000231384998187, -0.000160132243764, 0.00151724729221, 0.000360921374522, -0.00243346416391, -0.00365241034888, 0.0110768601298, -0.00327069498599, -0.00141129188705, 0.00226388010196, 0.00085684878286, -0.000573661702219, 0.000165997538716], [-0.000382236263249, 0.00106824398972, 2.41018806264e-05, -0.000989370513707, 0.00134574330878, -0.00168357871007, -0.00327069498599, 0.0145069332793, -0.00765834515914, 0.000253036094364, -0.0014613190433, 0.00116692448501, 0.00145399337634], [0.000528279168066, -0.00192792236339, 0.000206790340599, -0.000962587189861, -0.000158767492394, -0.000212081620703, -0.00141129188705, -0.00765834515914, 0.0195533726364, -0.00988458748907, 0.00629618344828, -0.00110698724166, -0.000248776748776], [-0.000617170764599, 0.00280578667298, -0.000991693814285, 0.000163789023645, -0.000268812786089, 0.00133489409927, 0.00226388010196, 0.000253036094364, -0.00988458748907, 0.0257998667657, -0.0135210938752, 0.00326368235983, -0.000503511924762], [0.000793148414232, -0.00302817136981, 0.001846635947, -0.00191921927035, 0.000400836084737, -0.00216495222412, 0.00085684878286, -0.0014613190433, 0.00629618344828, -0.0135210938752, 0.0254502426833, -0.0110802175477, 0.0071486029774], [-0.000676433730405, 0.00313372700475, -0.0011097661918, 0.00223632529378, -0.00113006250467, -0.0006605546223, -0.000573661702219, 0.00116692448501, -0.00110698724166, 0.00326368235983, -0.0110802175477, 0.0248127691448, -0.0123245790601], [0.000506075914018, -0.00157994870096, 0.000963643891737, -0.0017099903198, 0.00159530655947, 0.000970832828898, 0.000165997538716, 0.00145399337634, -0.000248776748776, -0.000503511924762, 0.0071486029774, -0.0123245790601, 0.0217537283897]]}, "silence_rate_20dB": {"dvar": 0, "var": 0, "median": 1, "max": 1, "dmean": 0, "dmean2": 0, "mean": 1, "dvar2": 0, "min": 1}, "barkbands_skewness": {"dvar": 0.162785306573, "var": 0.907441139221, "median": 1.22233474255, "max": 13.9909095764, "dmean": 0.36222705245, "dmean2": 0.584598302841, "mean": 1.33604097366, "dvar2": 0.42973536253, "min": -1.97303402424}, "erbbands_skewness": {"dvar": 0.0652708858252, "var": 0.806756734848, "median": 0.367079585791, "max": 7.39180040359, "dmean": 0.267510503531, "dmean2": 0.411645740271, "mean": 0.523238539696, "dvar2": 0.155144631863, "min": -2.71174860001}, "spectral_contrast_valleys": {"dvar": [0.115467593074, 0.0879082456231, 0.0787806361914, 0.0641261637211, 0.0556975081563, 0.0711306557059], "var": [3.76383852959, 2.4405579567, 2.9681429863, 3.54273319244, 4.6594543457, 4.47502422333], "median": [-6.68084478378, -6.37112569809, -6.74789047241, -7.14629411697, -7.09453344345, -9.77654838562], "max": [-5.30380153656, -4.75656890869, -4.8221449852, -5.82857513428, -5.65222787857, -7.32255125046], "dmean": [0.379386097193, 0.312508523464, 0.282014369965, 0.240686967969, 0.183291733265, 0.188972979784], "dmean2": [0.634804427624, 0.523481190205, 0.464179158211, 0.390949219465, 0.287028640509, 0.27703589201], "mean": [-7.33020496368, -6.80082941055, -7.29285335541, -7.85035943985, -7.97803497314, -10.619342804], "dvar2": [0.286126732826, 0.208959639072, 0.18055126071, 0.133031949401, 0.101745828986, 0.130668267608], "min": [-27.4937324524, -27.6103248596, -27.15117836, -27.1312713623, -27.1599502563, -27.3735904694]}, "spectral_strongpeak": {"dvar": 1.26303172112, "var": 3.95330405235, "median": 0.404804229736, "max": 16.6544589996, "dmean": 0.530527532101, "dmean2": 0.92270565033, "mean": 1.27249634266, "dvar2": 3.2710006237, "min": 0}, "erbbands_crest": {"dvar": 4.36912727356, "var": 41.7914390564, "median": 8.47521591187, "max": 32.0007820129, "dmean": 2.06855773926, "dmean2": 3.28104376793, "mean": 10.6798629761, "dvar2": 10.9285306931, "min": 2.46692585945}, "barkbands_crest": {"dvar": 4.41206789017, "var": 18.1372051239, "median": 10.6855859756, "max": 26.3713474274, "dmean": 2.21719861031, "dmean2": 3.6435739994, "mean": 11.2595787048, "dvar2": 12.2280445099, "min": 2.67062854767}, "spectral_energyband_middle_low": {"dvar": 1.58029561135e-05, "var": 8.90727023943e-05, "median": 0.00860826764256, "max": 0.0636200755835, "dmean": 0.00306407012977, "dmean2": 0.00494268490002, "mean": 0.0111469225958, "dvar2": 4.06247127103e-05, "min": 2.66650106851e-22}, "spectral_contrast_coeffs": {"dvar": [0.0013879337348, 0.00110789609607, 0.000776278553531, 0.000460115727037, 0.000247093732469, 0.000153326502186], "var": [0.00987707544118, 0.00518256891519, 0.00490886811167, 0.00232456857339, 0.00171554798726, 0.00219947611913], "median": [-0.676993250847, -0.735925853252, -0.746157109737, -0.778066277504, -0.782762885094, -0.772025406361], "max": [-0.289777338505, -0.482883572578, -0.509921431541, -0.567800581455, -0.604382693768, -0.640676736832], "dmean": [0.0448216982186, 0.0402431413531, 0.0337721370161, 0.0263814926147, 0.0189695935696, 0.0136312255636], "dmean2": [0.0755313113332, 0.0670886337757, 0.054887317121, 0.0429233685136, 0.0308397319168, 0.0224846675992], "mean": [-0.656977772713, -0.729285180569, -0.7385160923, -0.773990213871, -0.782642126083, -0.782432019711], "dvar2": [0.00393461622298, 0.00302172172815, 0.00202334066853, 0.00117490789853, 0.000617967627477, 0.000378730794182], "min": [-0.97835457325, -0.995838880539, -0.996832787991, -0.990316092968, -0.990174889565, -0.953642129898]}, "hfc": {"dvar": 53.6501998901, "var": 416.48815918, "median": 21.5368556976, "max": 210.31149292, "dmean": 4.30335903168, "dmean2": 6.53482484818, "mean": 24.9158439636, "dvar2": 109.663383484, "min": 1.17905742178e-16}, "spectral_energyband_high": {"dvar": 4.77952653455e-07, "var": 1.82812812e-06, "median": 0.000469925464131, "max": 0.0273298230022, "dmean": 0.000239741755649, "dmean2": 0.000330410228344, "mean": 0.000809493241832, "dvar2": 8.26155655886e-07, "min": 7.94278776675e-21}, "erbbands_spread": {"dvar": 22.5697822571, "var": 204.256332397, "median": 27.8966522217, "max": 126.856872559, "dmean": 4.26674318314, "dmean2": 6.49140453339, "mean": 28.4830741882, "dvar2": 50.1903991699, "min": 0.583874344826}, "dissonance": {"dvar": 0.000470566243166, "var": 0.00316950213164, "median": 0.471012562513, "max": 0.500000059605, "dmean": 0.0183440037072, "dmean2": 0.0311525631696, "mean": 0.452247172594, "dvar2": 0.00130015902687, "min": 0.0965091437101}, "spectral_kurtosis": {"dvar": 156.366760254, "var": 1572.58496094, "median": 4.92016220093, "max": 356.79196167, "dmean": 4.42845964432, "dmean2": 7.57445335388, "mean": 18.2302417755, "dvar2": 445.452697754, "min": -1.22363853455}, "spectral_skewness": {"dvar": 0.338564127684, "var": 5.1392159462, "median": 1.68609392643, "max": 15.2918148041, "dmean": 0.296689599752, "dmean2": 0.49951595068, "mean": 2.46434640884, "dvar2": 0.93433624506, "min": 0.00251366803423}, "pitch_salience": {"dvar": 0.00344575359486, "var": 0.0116670345888, "median": 0.503770112991, "max": 0.995931684971, "dmean": 0.0600099377334, "dmean2": 0.0992237627506, "mean": 0.502904474735, "dvar2": 0.0090834274888, "min": 0.0782776921988}, "spectral_complexity": {"dvar": 7.91215276718, "var": 128.67137146, "median": 26, "max": 56, "dmean": 2.77385354042, "dmean2": 4.44900608063, "mean": 23.6023845673, "dvar2": 18.3451728821, "min": 0}, "spectral_spread": {"dvar": 262901809152, "var": 3169322008580.0, "median": 4178615.25, "max": 41444292, "dmean": 319843.75, "dmean2": 476051.4375, "mean": 4012815.25, "dvar2": 398686879744, "min": 293183.53125}, "dynamic_complexity": 3.66846179962, "melbands_crest": {"dvar": 6.98993110657, "var": 26.0299091339, "median": 14.4505548477, "max": 35.493888855, "dmean": 2.69834971428, "dmean2": 4.48229932785, "mean": 15.0331220627, "dvar2": 18.9452781677, "min": 1.00688529015}, "zerocrossingrate": {"dvar": 9.25025960896e-05, "var": 0.00152764294762, "median": 0.048828125, "max": 0.4931640625, "dmean": 0.00669887941331, "dmean2": 0.00831929221749, "mean": 0.0526178665459, "dvar2": 0.000137519760756, "min": 0.0048828125}, "spectral_energyband_low": {"dvar": 6.7210799898e-05, "var": 0.00012698797218, "median": 0.0127865727991, "max": 0.0918394178152, "dmean": 0.00591605482623, "dmean2": 0.010077027604, "mean": 0.0139936506748, "dvar2": 0.000187843237654, "min": 1.18169457714e-22}, "melbands_kurtosis": {"dvar": 24.4233627319, "var": 90.1670837402, "median": 5.23131561279, "max": 120.917114258, "dmean": 3.30962157249, "dmean2": 5.37956523895, "mean": 8.13729381561, "dvar2": 64.1728744507, "min": -1.71305286884}, "spectral_energyband_middle_high": {"dvar": 1.1090622138e-05, "var": 9.14701013244e-05, "median": 0.00607066927478, "max": 0.0699542090297, "dmean": 0.00201230915263, "dmean2": 0.00317515083589, "mean": 0.00874072592705, "dvar2": 2.80480944639e-05, "min": 1.48753276941e-21}, "barkbands_spread": {"dvar": 28.2757282257, "var": 289.018737793, "median": 20.558008194, "max": 145.048599243, "dmean": 3.76660704613, "dmean2": 5.80297517776, "mean": 22.1110267639, "dvar2": 61.1136665344, "min": 0.128968656063}, "mfcc": {"mean": [-652.97857666, 135.431686401, -1.79464328289, 15.3562316895, 4.54363107681, 3.11818194389, 3.18161654472, 5.42187690735, 2.69749236107, 5.59902763367, -1.47661340237, -2.49969792366, 0.051245290786], "cov": [[19144.453125, -2265.14672852, -1862.86108398, 1048.00854492, 570.358520508, 892.792724609, 1166.21691895, 1343.47888184, 776.344604492, 873.486938477, 713.11706543, 956.320983887, 943.250732422], [-2265.14672852, 1762.64807129, 70.8570556641, -142.476211548, -60.9787826538, -186.76512146, -188.561981201, -231.238739014, -106.105606079, -127.197402954, -88.7212295532, -127.174674988, -117.622550964], [-1862.86108398, 70.8570556641, 682.899536133, -116.242080688, -23.8358058929, -32.6944198608, -133.805358887, -155.144851685, -88.4389877319, -104.447418213, -82.5480651855, -125.688148499, -127.612678528], [1048.00854492, -142.476211548, -116.242080688, 298.570251465, 91.612411499, 71.8992385864, 99.4879608154, 102.017822266, 82.5543136597, 73.6228866577, 71.2277679443, 76.5731048584, 82.0755996704], [570.358520508, -60.9787826538, -23.8358058929, 91.612411499, 143.887176514, 64.5449066162, 47.2433013916, 47.2550926208, 38.2361602783, 35.9256401062, 36.3856239319, 40.3406715393, 46.9200973511], [892.792724609, -186.76512146, -32.6944198608, 71.8992385864, 64.5449066162, 162.065933228, 107.625450134, 92.8623123169, 49.1735610962, 42.9711265564, 37.5729866028, 51.8850440979, 50.3976707458], [1166.21691895, -188.561981201, -133.805358887, 99.4879608154, 47.2433013916, 107.625450134, 181.130096436, 138.70173645, 62.1467437744, 71.5742874146, 67.6927490234, 84.6167449951, 68.9763259888], [1343.47888184, -231.238739014, -155.144851685, 102.017822266, 47.2550926208, 92.8623123169, 138.70173645, 212.139282227, 116.60017395, 94.5806884766, 70.1808395386, 89.884223938, 82.4683837891], [776.344604492, -106.105606079, -88.4389877319, 82.5543136597, 38.2361602783, 49.1735610962, 62.1467437744, 116.60017395, 143.468933105, 80.6098861694, 43.0060081482, 52.3150482178, 60.2564125061], [873.486938477, -127.197402954, -104.447418213, 73.6228866577, 35.9256401062, 42.9711265564, 71.5742874146, 94.5806884766, 80.6098861694, 136.261306763, 79.7672348022, 62.918384552, 44.38438797], [713.11706543, -88.7212295532, -82.5480651855, 71.2277679443, 36.3856239319, 37.5729866028, 67.6927490234, 70.1808395386, 43.0060081482, 79.7672348022, 122.701713562, 83.6376571655, 44.7073440552], [956.320983887, -127.174674988, -125.688148499, 76.5731048584, 40.3406715393, 51.8850440979, 84.6167449951, 89.884223938, 52.3150482178, 62.918384552, 83.6376571655, 130.33190918, 90.9812927246], [943.250732422, -117.622550964, -127.612678528, 82.0755996704, 46.9200973511, 50.3976707458, 68.9763259888, 82.4683837891, 60.2564125061, 44.38438797, 44.7073440552, 90.9812927246, 130.08152771]], "icov": [[0.000152840962983, 5.99924060225e-05, 0.00018545826606, -4.69970145787e-05, -8.47041301313e-05, -0.000262490881141, -8.56798142195e-05, -0.000292353593977, 9.65034487308e-05, -0.000285286951112, -1.11476401798e-05, -0.000131165681523, -0.00