{"lowlevel": {"spectral_strongpeak": {"max": 27.0448646545, "dmean": 0.449808478355, "dvar2": 2.90954303741, "dmean2": 0.753779888153, "var": 2.00006055832, "median": 0.427034884691, "min": 0, "dvar": 1.23288536072, "mean": 0.796781003475}, "barkbands_flatness_db": {"max": 0.438424646854, "dmean": 0.0328524820507, "dvar2": 0.00213431473821, "dmean2": 0.0467359274626, "var": 0.00529898377135, "median": 0.184217765927, "min": 0.0204509310424, "dvar": 0.00115391379222, "mean": 0.184356004}, "barkbands_skewness": {"max": 12.9473342896, "dmean": 0.92879486084, "dvar2": 2.99576354027, "dmean2": 1.37217497826, "var": 4.06314277649, "median": 1.31951117516, "min": -4.59921836853, "dvar": 1.41398727894, "mean": 1.89498114586}, "spectral_energyband_middle_high": {"max": 0.0889105051756, "dmean": 0.00336199509911, "dvar2": 0.000151119267684, "dmean2": 0.00513312313706, "var": 8.35757746245e-05, "median": 0.0048784436658, "min": 1.66649256792e-21, "dvar": 6.20646824245e-05, "mean": 0.0072079137899}, "erbbands_kurtosis": {"max": 26.3266983032, "dmean": 0.825466036797, "dvar2": 3.57657146454, "dmean2": 1.30198860168, "var": 2.34875035286, "median": 0.0374934673309, "min": -1.66461348534, "dvar": 1.42378413677, "mean": 0.352305084467}, "erbbands_crest": {"max": 29.6553077698, "dmean": 2.68649101257, "dvar2": 18.7528018951, "dmean2": 4.28405380249, "var": 16.5805721283, "median": 8.61184978485, "min": 2.32345271111, "dvar": 7.33837795258, "mean": 9.50273609161}, "dynamic_complexity": 3.67457175255, "barkbands_crest": {"max": 26.0552616119, "dmean": 2.91388368607, "dvar2": 16.4678630829, "dmean2": 4.38614368439, "var": 32.9516639709, "median": 13.8637905121, "min": 2.51608991623, "dvar": 8.70345592499, "mean": 13.981259346}, "dissonance": {"max": 0.500000059605, "dmean": 0.0212228056043, "dvar2": 0.00114400265738, "dmean2": 0.0350074060261, "var": 0.00122972659301, "median": 0.461348295212, "min": 0.214035883546, "dvar": 0.000424778496381, "mean": 0.453436791897}, "spectral_energyband_low": {"max": 0.324922114611, "dmean": 0.0268392749131, "dvar2": 0.0048139821738, "dmean2": 0.0415200553834, "var": 0.00365981832147, "median": 0.0134678035975, "min": 3.84494023757e-23, "dvar": 0.00217510969378, "mean": 0.0423692725599}, "spectral_contrast_coeffs": {"max": [-0.301197946072, -0.379362434149, -0.443832159042, -0.472556561232, -0.47814232111, -0.570435106754], "dmean": [0.0460418760777, 0.0466672107577, 0.0441217496991, 0.0336271747947, 0.028387054801, 0.018927661702], "dvar2": [0.00466216308996, 0.0036842529662, 0.00364396208897, 0.00187051401008, 0.00146148283966, 0.000743249082007], "dmean2": [0.076477855444, 0.0705819055438, 0.0680978149176, 0.0521996989846, 0.0423845537007, 0.0292587634176], "var": [0.00700503354892, 0.0091639906168, 0.00606302730739, 0.00426807021722, 0.00466167367995, 0.00203331629746], "median": [-0.689426779747, -0.673265457153, -0.694017589092, -0.730843186378, -0.754073679447, -0.776011824608], "min": [-0.940572679043, -0.981249690056, -0.967364609241, -0.959750711918, -0.964246094227, -0.956672310829], "dvar": [0.00170655490365, 0.00171412178315, 0.00160716474056, 0.000861529028043, 0.000725331308786, 0.000360566045856], "mean": [-0.682606399059, -0.669408023357, -0.69540053606, -0.726778030396, -0.746516287327, -0.771642684937]}, "silence_rate_60dB": {"max": 1, "dmean": 0.00530335167423, "dvar2": 0.0121909053996, "dmean2": 0.0106078283861, "var": 0.0979906991124, "median": 0, "min": 0, "dvar": 0.00527560664341, "mean": 0.110085904598}, "mfcc": {"icov": [[0.000120455435535, 4.10764914704e-05, 4.26538681495e-05, -0.000234243227169, -0.000109423039248, 2.13748171518e-05, -0.000148718478158, 0.000106369370769, -0.000192807565327, 4.14315145463e-05, -0.000103948783362, 0.000117172960017, 1.84106393135e-05], [4.10764914704e-05, 0.000827824638691, 0.00072381820064, -0.000287554430543, -0.000386695581255, -0.000611196679529, 0.00058939383598, 2.22874459723e-05, -0.000299769686535, -0.000307769339997, 0.000389527267544, -0.000673167873174, 3.87052641599e-05], [4.26538681495e-05, 0.00072381820064, 0.0025943624787, -0.00075726484647, -0.00141486187931, -0.000306393165374, -0.00103899498936, 0.00146261020564, -0.00173773628194, 0.000925177475438, -0.000887199421413, -0.000694444810506, 0.000100292971183], [-0.000234243227169, -0.000287554430543, -0.00075726484647, 0.00325739826076, 2.75228048849e-05, -0.0011793228332, -0.000362886989024, -0.00155690871179, 0.00204234756529, -0.0029409956187, 0.000430127343861, -0.000122129073134, -0.00055508769583], [-0.000109423039248, -0.000386695581255, -0.00141486187931, 2.75228048849e-05, 0.00727277528495, -0.00325836846605, 0.000258351501543, -0.000188769889064, -0.00106688367669, 0.00035159199615, -0.000405068974942, 0.000433769368101, 0.000651996524539], [2.13748171518e-05, -0.000611196679529, -0.000306393165374, -0.0011793228332, -0.00325836846605, 0.00959528703243, -0.00362740061246, 0.00016747918562, -0.00115061888937, 0.00207136222161, -0.00192322197836, 0.00130577967502, -0.000841411470901], [-0.000148718478158, 0.00058939383598, -0.00103899498936, -0.000362886989024, 0.000258351501543, -0.00362740061246, 0.0124964537099, -0.00596988294274, 0.00140021147672, -0.00201338622719, 0.00226153736003, -0.00099525495898, 0.000234845778323], [0.000106369370769, 2.22874459723e-05, 0.00146261020564, -0.00155690871179, -0.000188769889064, 0.00016747918562, -0.00596988294274, 0.0137046566233, -0.007468637079, 0.00381115218624, -0.00299217342399, 0.00203464925289, -0.00222528842278], [-0.000192807565327, -0.000299769686535, -0.00173773628194, 0.00204234756529, -0.00106688367669, -0.00115061888937, 0.00140021147672, -0.007468637079, 0.0183755215257, -0.00968177150935, 0.00548287434503, -0.0044002472423, 0.00369293498807], [4.14315145463e-05, -0.000307769339997, 0.000925177475438, -0.0029409956187, 0.00035159199615, 0.00207136222161, -0.00201338622719, 0.00381115218624, -0.00968177150935, 0.0190610606223, -0.0089634116739, 0.00456724502146, -0.00309523940086], [-0.000103948783362, 0.000389527267544, -0.000887199421413, 0.000430127343861, -0.000405068974942, -0.00192322197836, 0.00226153736003, -0.00299217342399, 0.00548287434503, -0.0089634116739, 0.0179241914302, -0.00916534103453, 0.00398790743202], [0.000117172960017, -0.000673167873174, -0.000694444810506, -0.000122129073134, 0.000433769368101, 0.00130577967502, -0.00099525495898, 0.00203464925289, -0.0044002472423, 0.00456724502146, -0.00916534103453, 0.0174341890961, -0.00674374913797], [1.84106393135e-05, 3.87052641599e-05, 0.000100292971183, -0.00055508769583, 0.000651996524539, -0.000841411470901, 0.000234845778323, -0.00222528842278, 0.00369293498807, -0.00309523940086, 0.00398790743202, -0.00674374913797, 0.0127847250551]], "cov": [[13539.4697266, -540.977111816, 1256.18444824, 1894.35705566, 792.164428711, 768.466491699, 752.17010498, 474.907836914, 404.641296387, 417.475097656, 275.320800781, 14.4457960129, 39.4864578247], [-540.977111816, 1928.30761719, -548.66229248, 62.1868247986, 13.0502929688, 65.2331314087, -104.543281555, 13.1014270782, 14.9104690552, 41.3303642273, -23.4604930878, 41.9410591125, 44.9143447876], [1256.18444824, -548.66229248, 969.38861084, 400.264556885, 295.464904785, 238.388046265, 225.250976562, 95.3570175171, 127.757759094, 77.7905273438, 105.607627869, 56.2214927673, 1.35125303268], [1894.35705566, 62.1868247986, 400.264556885, 829.054260254, 231.882110596, 276.635223389, 234.877944946, 176.06477356, 102.698471069, 159.982391357, 98.1865081787, 36.8293914795, 60.5189247131], [792.164428711, 13.0502929688, 295.464904785, 231.882110596, 299.9609375, 188.153076172, 117.936012268, 78.8400802612, 78.7170944214, 48.8275299072, 47.4980926514, 15.737405777, -2.21943020821], [768.466491699, 65.2331314087, 238.388046265, 276.635223389, 188.153076172, 273.406860352, 149.596542358, 99.7636032104, 71.0028533936, 50.5521965027, 48.0366172791, 17.3148059845, 17.7306804657], [752.17010498, -104.543281555, 225.250976562, 234.877944946, 117.936012268, 149.596542358, 213.455551147, 120.007926941, 66.8396835327, 50.7049484253, 31.2853164673, 12.7088422775, 18.3764877319], [474.907836914, 13.1014270782, 95.3570175171, 176.06477356, 78.8400802612, 99.7636032104, 120.007926941, 169.510574341, 77.10206604, 40.4703140259, 26.0287780762, 10.664642334, 21.0512428284], [404.641296387, 14.9104690552, 127.757759094, 102.698471069, 78.7170944214, 71.0028533936, 66.8396835327, 77.10206604, 125.053123474, 60.2587585449, 20.8672199249, 16.5460510254, -3.6346976757], [417.475097656, 41.3303642273, 77.7905273438, 159.982391357, 48.8275299072, 50.5521965027, 50.7049484253, 40.4703140259, 60.2587585449, 118.661888123, 53.1926841736, 13.9281263351, 14.6364021301], [275.320800781, -23.4604930878, 105.607627869, 98.1865081787, 47.4980926514, 48.0366172791, 31.2853164673, 26.0287780762, 20.8672199249, 53.1926841736, 110.858009338, 47.7543792725, 5.26478290558], [14.4457960129, 41.9410591125, 56.2214927673, 36.8293914795, 15.737405777, 17.3148059845, 12.7088422775, 10.664642334, 16.5460510254, 13.9281263351, 47.7543792725, 100.062110901, 39.4480247498], [39.4864578247, 44.9143447876, 1.35125303268, 60.5189247131, -2.21943020821, 17.7306804657, 18.3764877319, 21.0512428284, -3.6346976757, 14.6364021301, 5.26478290558, 39.4480247498, 109.008651733]], "mean": [-676.429260254, 128.956451416, -25.4327297211, 18.6883525848, 11.5297431946, 14.8422441483, 11.4567785263, 4.48991250992, 6.35921764374, 7.53277778625, 1.53637647629, 4.92278385162, 9.1970872879]}, "melbands_spread": {"max": 134.073196411, "dmean": 7.89512681961, "dvar2": 165.975891113, "dmean2": 11.6507225037, "var": 380.920654297, "median": 17.459154129, "min": 0.552730798721, "dvar": 90.7820053101, "mean": 23.1111106873}, "barkbands_kurtosis": {"max": 197.408660889, "dmean": 6.98144245148, "dvar2": 470.907653809, "dmean2": 11.0805749893, "var": 280.368286133, "median": 1.37668228149, "min": -1.94049012661, "dvar": 198.84286499, "mean": 7.90916252136}, "spectral_energyband_high": {"max": 0.0124414982274, "dmean": 0.000469373044325, "dvar2": 1.51716255914e-06, "dmean2": 0.000622230116278, "var": 1.64631524058e-06, "median": 0.000221262715058, "min": 7.7036849099e-21, "dvar": 8.02798297173e-07, "mean": 0.000756824621931}, "hfc": {"max": 198.217224121, "dmean": 8.72715950012, "dvar2": 751.522277832, "dmean2": 12.3211517334, "var": 575.989135742, "median": 15.3337306976, "min": 1.20440422098e-16, "dvar": 337.180725098, "mean": 21.4159584045}, "spectral_skewness": {"max": 6.13229560852, "dmean": 0.306058615446, "dvar2": 0.33335018158, "dmean2": 0.493919670582, "var": 0.423047631979, "median": 1.57893025875, "min": -0.0370765179396, "dvar": 0.117619290948, "mean": 1.76477742195}, "erbbands": {"max": [14.4428367615, 60.286895752, 171.072189331, 107.816497803, 34.1266059875, 47.6079330444, 226.824188232, 66.9005508423, 317.86605835, 188.053283691, 590.740539551, 279.709411621, 561.785827637, 975.406860352, 1301.42358398, 742.057861328, 576.135437012, 605.740844727, 1321.16369629, 2071.44702148, 2122.28808594, 1048.41796875, 467.266418457, 948.638793945, 1133.93920898, 2041.92919922, 304.643585205, 114.267036438, 85.2678070068, 41.985912323, 42.9005012512, 31.2751121521, 22.0636177063, 17.2624073029, 8.42505073547, 2.9463429451, 1.38360249996, 0.337405860424, 0.0559030584991, 0.0015317426296], "dmean": [0.91985476017, 3.9960038662, 8.04555702209, 4.27049636841, 1.63191556931, 1.36073374748, 2.30283498764, 1.74822795391, 10.6849603653, 4.5818901062, 7.74646568298, 5.53282356262, 12.2060155869, 24.1043968201, 30.7904014587, 22.701128006, 17.377702713, 19.6160945892, 37.4333267212, 23.0147590637, 25.1481323242, 14.4376926422, 12.677529335, 12.3648958206, 11.8945407867, 12.7172212601, 5.59552001953, 3.57411146164, 2.7435708046, 1.6758928299, 1.43858838081, 1.06155669689, 1.04763150215, 0.859816431999, 0.43101349473, 0.132012605667, 0.0484434328973, 0.012593831867, 0.00234263949096, 8.77895799931e-05], "dvar2": [4.96698713303, 141.797821045, 1604.90393066, 425.226409912, 24.1519184113, 11.1764535904, 45.6091995239, 30.4508285522, 512.728820801, 129.648147583, 773.502685547, 927.277954102, 1164.41662598, 6212.29296875, 28068.4257812, 7102.26757812, 2046.0612793, 7881.90087891, 24538.8105469, 10648.7558594, 9745.68457031, 3601.58349609, 2146.83251953, 2639.29418945, 2020.72753906, 2735.96362305, 316.08190918, 166.57572937, 84.594329834, 22.0871124268, 18.0787220001, 6.30622196198, 6.09099340439, 4.24164772034, 1.20490276814, 0.119040504098, 0.0254323482513, 0.00154811004177, 4.22942794103e-05, 3.69965640346e-08], "dmean2": [1.39326095581, 6.41516113281, 14.8539037704, 7.57085514069, 2.70628452301, 2.08361148834, 3.32445883751, 2.81454920769, 14.6200113297, 6.29136657715, 10.7857208252, 9.0123052597, 17.6473255157, 35.7225036621, 50.3986167908, 35.7330856323, 27.8710193634, 32.2658882141, 61.160369873, 36.5466880798, 39.8106651306, 23.181230545, 19.502243042, 19.6327037811, 17.5893268585, 18.8363018036, 8.24346923828, 5.02024888992, 3.80763936043, 2.27979755402, 1.98410797119, 1.33536016941, 1.4692735672, 1.11348748207, 0.57491672039, 0.182567074895, 0.0674932524562, 0.0169948711991, 0.00320014311001, 0.000121063814731], "var": [4.76666021347, 79.5318984985, 353.817810059, 104.278144836, 10.9369440079, 16.4845848083, 143.731903076, 30.305015564, 1230.95837402, 191.752197266, 1358.875, 433.012451172, 1364.80236816, 4321.95361328, 8512.75390625, 4416.28417969, 1273.27209473, 2603.2097168, 8814.65234375, 6949.68603516, 10054.2246094, 1943.03747559, 1522.48413086, 1527.70703125, 3131.54711914, 3899.98046875, 253.428512573, 125.291069031, 70.8927612305, 21.9696216583, 14.5441474915, 7.3286948204, 6.17839336395, 4.21302318573, 0.937355697155, 0.100585460663, 0.0168755892664, 0.00120182975661, 3.53413051926e-05, 3.72632804613e-08], "median": [0.582626760006, 1.45581972599, 0.386747390032, 0.493380367756, 1.5149718523, 2.1794116497, 1.06172943115, 1.89080154896, 7.53280258179, 5.5851984024, 3.30620741844, 2.32988238335, 9.44444656372, 18.1200771332, 8.37446022034, 12.0087738037, 18.5428276062, 14.5304574966, 21.7616081238, 13.8077974319, 14.7964410782, 10.5082979202, 7.83913326263, 6.8044552803, 6.30891084671, 7.03342103958, 3.35001015663, 1.61777055264, 0.897882580757, 0.475449830294, 0.296498119831, 0.160936042666, 0.09515234828, 0.0581330806017, 0.0258724056184, 0.00866758730263, 0.00291491975076, 0.000536687904969, 7.09497981006e-05, 4.84395386593e-05], "min": [6.34515636923e-22, 6.53878438626e-21, 1.41808823068e-20, 1.16163469503e-20, 4.81224729062e-20, 6.20708770712e-20, 1.43577138116e-19, 2.94816579493e-19, 3.44149786322e-19, 1.34738767555e-18, 9.42184463694e-19, 1.04770789444e-18, 1.12530663828e-18, 3.71998176152e-18, 4.97820784564e-18, 7.55593010902e-18, 4.4018077153e-18, 5.40789301868e-18, 1.10003217602e-17, 1.04956075833e-17, 6.1834281961e-18, 1.37254476088e-17, 1.01707555588e-17, 1.208556039e-17, 9.38887052939e-18, 1.61227841144e-17, 1.59004545094e-17, 1.88959600576e-17, 1.70780916951e-17, 1.99276412242e-17, 1.8744854012e-17, 1.61330196473e-17, 1.20212388256e-17, 1.30196499608e-17, 7.98122088506e-18, 5.79141820483e-18, 2.77924227896e-18, 1.43050340388e-18, 3.73916268406e-19, 3.69864246627e-20], "dvar": [2.42583417892, 60.4436454773, 564.48828125, 154.191375732, 8.86423969269, 4.38457202911, 24.2745513916, 10.4216270447, 302.194519043, 61.9656944275, 361.74206543, 367.596862793, 569.10345459, 2567.42333984, 10411.7792969, 3355.69555664, 797.892578125, 2973.17211914, 9111.37988281, 4452.48632812, 4089.15283203, 1437.65112305, 943.331115723, 1067.52514648, 1060.83166504, 1404.21020508, 140.575241089, 77.2561264038, 42.4493293762, 11.7978038788, 8.82314586639, 3.7358109951, 3.51931118965, 2.40680384636, 0.62065166235, 0.066107802093, 0.0125487074256, 0.000801377987955, 2.25426410907e-05, 2.00358254432e-08], "mean": [1.50937211514, 5.5148563385, 6.23041820526, 3.66485834122, 2.55029034615, 3.47543072701, 5.64912700653, 3.80443310738, 22.4258232117, 10.5404567719, 17.5194835663, 7.61170148849, 21.8134536743, 41.8311424255, 34.8472557068, 32.5005645752, 30.107421875, 27.6209049225, 49.8728599548, 35.4717178345, 43.9077529907, 22.9072685242, 20.2539634705, 18.9253635406, 21.7459144592, 22.5087089539, 9.16276073456, 5.64047193527, 4.13090467453, 2.36379981041, 1.85749959946, 1.40954124928, 1.34276509285, 1.05075252056, 0.488051116467, 0.152023002505, 0.0534825995564, 0.0142775224522, 0.00258161011152, 0.000133686582558]}, "spectral_contrast_valleys": {"max": [-5.12527990341, -5.08768749237, -4.77815437317, -5.25185728073, -5.27450227737, -7.97604465485], "dmean": [0.443799704313, 0.393649101257, 0.399143397808, 0.328683584929, 0.37115368247, 0.50349265337], "dvar2": [0.308753371239, 0.340865582228, 0.405626267195, 0.275582820177, 0.353865802288, 0.514704227448], "dmean2": [0.675079345703, 0.609810888767, 0.614668607712, 0.490993082523, 0.484082758427, 0.545133709908], "var": [4.99788093567, 2.4191775322, 2.11737656593, 2.06863641739, 2.42755484581, 3.39671182632], "median": [-7.26906251907, -7.64056491852, -7.92720031738, -7.84828710556, -8.02433300018, -11.0520114899], "min": [-27.7645301819, -27.4102172852, -27.0136299133, -27.264799118, -27.1246032715, -27.3668899536], "dvar": [0.160592526197, 0.172173172235, 0.212897986174, 0.144052579999, 0.203863501549, 0.353852927685], "mean": [-7.81113767624, -7.89185523987, -8.09508514404, -8.01397895813, -8.19489860535, -11.0238676071]}, "average_loudness": 0.897909045219, "erbbands_spread": {"max": 136.886749268, "dmean": 8.4649553299, "dvar2": 233.453964233, "dmean2": 12.5304784775, "var": 267.756256104, "median": 28.1902198792, "min": 2.63708496094, "dvar": 105.069496155, "mean": 31.405878067}, "melbands_flatness_db": {"max": 0.579394519329, "dmean": 0.0391221344471, "dvar2": 0.00318255787715, "dmean2": 0.0546865016222, "var": 0.00807194132358, "median": 0.260890096426, "min": 0.00574006699026, "dvar": 0.00178669230081, "mean": 0.254630953074}, "barkbands_spread": {"max": 150.736602783, "dmean": 6.55367469788, "dvar2": 111.909477234, "dmean2": 9.825756073, "var": 174.08895874, "median": 18.3277225494, "min": 0.609640002251, "dvar": 55.6012496948, "mean": 20.1170787811}, "spectral_decrease": {"max": 5.61208759869e-17, "dmean": 7.47314654603e-09, "dvar2": 3.24909900696e-16, "dmean2": 1.1511348319e-08, "var": 2.64340030476e-16, "median": -7.13644876527e-09, "min": -8.81871784486e-08, "dvar": 1.4674022601e-16, "mean": -1.40144571503e-08}, "melbands_crest": {"max": 37.6464958191, "dmean": 3.81763219833, "dvar2": 33.4244422913, "dmean2": 5.89188575745, "var": 70.1532821655, "median": 21.9406471252, "min": 1.91246318817, "dvar": 16.8787555695, "mean": 21.0420131683}, "erbbands_flatness_db": {"max": 0.481664657593, "dmean": 0.0238773822784, "dvar2": 0.000910680391826, "dmean2": 0.0301600582898, "var": 0.00545328017324, "median": 0.177795156837, "min": 0.0199140440673, "dvar": 0.000558098836336, "mean": 0.182090327144}, "melbands_kurtosis": {"max": 639.006591797, "dmean": 18.3942432404, "dvar2": 3158.14404297, "dmean2": 28.6822795868, "var": 1967.40222168, "median": 5.79663562775, "min": -1.7360560894, "dvar": 1362.80871582, "mean": 23.8975715637}, "spectral_rms": {"max": 0.0180863216519, "dmean": 0.00157852086704, "dvar2": 9.99754502118e-06, "dmean2": 0.00235126935877, "var": 1.51110698425e-05, "median": 0.00531203439459, "min": 3.23368957479e-12, "dvar": 4.85544887852e-06, "mean": 0.00619578827173}, "melbands_skewness": {"max": 21.1659069061, "dmean": 1.31858205795, "dvar2": 6.02427101135, "dmean2": 1.93296599388, "var": 8.46157932281, "median": 2.32545757294, "min": -1.5801217556, "dvar": 2.9478263855, "mean": 3.27765059471}, "barkbands": {"max": [0.0908938199282, 0.288644462824, 0.146407023072, 0.0213996879756, 0.0225649066269, 0.00792061910033, 0.0202339086682, 0.0264448281378, 0.00986946560442, 0.0276453290135, 0.0246128290892, 0.0236582029611, 0.0107509121299, 0.0166590269655, 0.0217743311077, 0.0309857558459, 0.0163503102958, 0.0210556406528, 0.0162116345018, 0.0298162791878, 0.00430144229904, 0.00202747108415, 0.00128748489078, 0.00108484493103, 0.00127675978001, 0.000706394028384, 0.000292112265015], "dmean": [0.00237576127984, 0.0207545310259, 0.00630929600447, 0.000724890676793, 0.000447249127319, 0.000201723873033, 0.000677806965541, 0.000337895966368, 0.000215561551158, 0.000791684142314, 0.000534672930371, 0.000727886857931, 0.000398790492909, 0.000509437813889, 0.000567348732147, 0.00049389078049, 0.000245873001404, 0.000256709347013, 0.000252054829616, 0.000242332665948, 9.81570847216e-05, 6.97257710272e-05, 4.97045875818e-05, 5.31525438419e-05, 6.79098229739e-05, 2.68120184046e-05, 1.11059989649e-05], "dvar2": [4.68175858259e-05, 0.00239316886291, 0.00105819117744, 8.77790716913e-06, 1.03148579456e-06, 4.50014340458e-07, 2.11144197237e-06, 1.26764041397e-06, 1.35732875606e-06, 4.3619202188e-06, 1.17499403132e-05, 8.72791770234e-06, 1.729552082e-06, 3.17105877912e-06, 7.63270691095e-06, 2.9567747788e-06, 1.1621758631e-06, 1.13092096399e-06, 8.06029675005e-07, 7.92720584286e-07, 1.18836233298e-07, 4.28938200514e-08, 2.19518199174e-08, 1.46426408776e-08, 2.74432725433e-08, 6.15810025195e-09, 9.78296665899e-10], "dmean2": [0.00369595573284, 0.0318046584725, 0.0116887586191, 0.00121207325719, 0.000682429876179, 0.000329872709699, 0.00093459780328, 0.000457201007521, 0.000351097027306, 0.00114337657578, 0.000894942262676, 0.00113442994189, 0.000663038576022, 0.00083027331857, 0.000910711300094, 0.000777046196163, 0.000401140307076, 0.000395353505155, 0.000385898863897, 0.000359407917131, 0.00013926551037, 9.49823661358e-05, 6.9163601438e-05, 7.12086693966e-05, 8.79361396073e-05, 3.77457436116e-05, 1.50857813423e-05], "var": [5.71112504986e-05, 0.00231747562066, 0.000226204836508, 2.8850149647e-06, 2.02249475478e-06, 3.9141886532e-07, 4.86546241518e-06, 3.10981545226e-06, 6.1980870214e-07, 4.59765124106e-06, 3.28582245857e-06, 4.58728072772e-06, 6.73628676395e-07, 1.52783422891e-06, 2.99462362818e-06, 2.92227105092e-06, 5.71328996557e-07, 7.61041349051e-07, 9.63580077951e-07, 1.10089308691e-06, 9.22163252426e-08, 4.46894929951e-08, 1.78570385145e-08, 1.71097944701e-08, 2.49531222352e-08, 4.79658446295e-09, 8.31761493014e-10], "median": [0.000819714332465, 0.0115700997412, 0.000148381135659, 0.000149000523379, 0.00077272602357, 0.000133477762574, 0.000505286152475, 0.000101939076558, 5.58675092179e-05, 0.000689559266903, 6.11846335232e-05, 0.000277044717222, 0.000382464349968, 0.000290366035188, 0.000203347794013, 0.000297790451441, 0.000135803027661, 0.000114087903057, 0.000112222987809, 0.00013057605247, 4.90476304549e-05, 2.26853335334e-05, 1.09782031359e-05, 6.43538442091e-06, 4.29621195508e-06, 1.74146020981e-06, 1.86974119742e-07], "min": [1.1526134447e-24, 2.74996217362e-23, 9.38100135626e-24, 6.3476513154e-24, 2.26883843189e-23, 2.73795066194e-23, 4.80077396635e-23, 5.03513128843e-23, 3.95111018691e-23, 6.9070653999e-23, 1.08846926728e-22, 1.92794676984e-22, 1.05741105614e-22, 1.24810505333e-22, 2.23063560218e-22, 1.24553223082e-22, 2.45380372118e-22, 1.56798335412e-22, 2.16535401751e-22, 3.00605255053e-22, 4.87482112097e-22, 4.40240930663e-22, 6.917655826e-22, 7.76423055235e-22, 1.11559936764e-21, 1.51006566609e-21, 2.69123232489e-21], "dvar": [2.38835855271e-05, 0.00120763829909, 0.00037268907181, 3.38924564858e-06, 4.28771755878e-07, 1.6622597343e-07, 1.22198355257e-06, 6.57259988657e-07, 5.46212788777e-07, 2.00811041395e-06, 4.26029282607e-06, 3.80269352718e-06, 6.21861033778e-07, 1.23028166854e-06, 2.94931737699e-06, 1.25213784941e-06, 4.5530239845e-07, 4.92914125516e-07, 3.724730675e-07, 4.01636356173e-07, 5.54124817143e-08, 2.3069475219e-08, 1.06795763344e-08, 9.00027785633e-09, 1.48919268028e-08, 3.29366889318e-09, 5.2759285829e-10], "mean": [0.00337446387857, 0.0341359898448, 0.00459081120789, 0.000739803072065, 0.00117899256293, 0.000383352104109, 0.00141916633584, 0.000801405520178, 0.000263467401965, 0.00144889391959, 0.00055127084488, 0.000953123497311, 0.000623705040198, 0.000707474478986, 0.000734252098482, 0.000832244579215, 0.000354210293153, 0.000372901151422, 0.000429969310062, 0.000415845803218, 0.000157897404279, 0.000107508538349, 6.54856994515e-05, 7.02401157469e-05, 8.1026875705e-05, 3.07929694827e-05, 1.22460724015e-05]}, "spectral_kurtosis": {"max": 83.623626709, "dmean": 3.21388483047, "dvar2": 69.7355270386, "dmean2": 5.31987285614, "var": 70.1329040527, "median": 5.12993526459, "min": -1.2302043438, "dvar": 23.9342155457, "mean": 7.77048301697}, "erbbands_skewness": {"max": 4.26101064682, "dmean": 0.348453760147, "dvar2": 0.263344615698, "dmean2": 0.526002109051, "var": 0.373685836792, "median": -0.14715641737, "min": -2.84892225266, "dvar": 0.11003780365, "mean": -0.140790134668}, "melbands": {"max": [0.102258816361, 0.0800842344761, 0.0168438255787, 0.00230661476962, 0.00734672229737, 0.00140397751238, 0.00476687774062, 0.0030866516754, 0.0038933372125, 0.00152353232261, 0.00326419342309, 0.00434375321493, 0.0037513023708, 0.00324414507486, 0.00118618702982, 0.00113972474355, 0.00108693400398, 0.00213688635267, 0.00214772531763, 0.00224206014536, 0.00343523849733, 0.00142622448038, 0.000798566499725, 0.00097833329346, 0.000784535135608, 0.000867020105943, 0.00103564362507, 0.00134942063596, 0.000317525642458, 8.0114674347e-05, 7.54463108024e-05, 5.04339841427e-05, 3.75724484911e-05, 2.51035999099e-05, 3.34482392645e-05, 2.34919370996e-05, 1.86992747331e-05, 1.75260774995e-05, 1.3552838027e-05, 1.51292688315e-05], "dmean": [0.00661324197426, 0.00455645099282, 0.000692757254001, 9.50627290877e-05, 7.59154281695e-05, 4.02249788749e-05, 0.000155060959514, 5.38524036529e-05, 5.87851136515e-05, 3.31003539031e-05, 6.78001015331e-05, 0.000105779741716, 9.12197356229e-05, 9.62996637099e-05, 4.36202972196e-05, 3.75993986381e-05, 3.79140910809e-05, 6.49109933875e-05, 3.62150931323e-05, 2.85664464172e-05, 3.12623087666e-05, 1.50314053826e-05, 1.26028053273e-05, 1.31907008836e-05, 1.00358411146e-05, 1.14126769404e-05, 7.11422717359e-06, 9.19703506952e-06, 4.2265396587e-06, 2.17150522985e-06, 2.11921928894e-06, 1.68191661487e-06, 1.2602448578e-06, 8.48671732001e-07, 8.37077038796e-07, 8.10790425021e-07, 5.96457709889e-07, 7.62541105814e-07, 6.89234468609e-07, 7.1140414093e-07], "dvar2": [0.000226548683713, 0.000376494514057, 1.06705729195e-05, 5.64577575801e-08, 4.65464857768e-08, 1.46618814867e-08, 1.08862479919e-07, 1.95400708947e-08, 4.80365542899e-08, 3.56526648204e-08, 3.69136756717e-08, 1.04968584935e-07, 2.84465045297e-07, 1.81929223686e-07, 1.16330820532e-08, 1.9770938664e-08, 2.59402899161e-08, 6.58626930772e-08, 3.2371051617e-08, 1.18602008214e-08, 1.88542639279e-08, 4.59021132215e-09, 2.50675968871e-09, 3.52263551662e-09, 1.74319680912e-09, 1.79124470812e-09, 8.32756752445e-10, 1.32962729715e-09, 1.8529415502e-10, 7.4395725691e-11, 5.46307409033e-11, 3.34658169232e-11, 1.28491150012e-11, 6.67596013193e-12, 6.79088252645e-12, 4.88878902638e-12, 2.24396434594e-12, 3.59882046039e-12, 2.49370923217e-12, 3.13122184431e-12], "dmean2": [0.00994055438787, 0.00796460267156, 0.00122424995061, 0.000151816289872, 0.000108907785034, 6.39960708213e-05, 0.000212553946767, 7.12691107765e-05, 8.37852130644e-05, 5.4660558817e-05, 9.77044401225e-05, 0.000155080429977, 0.000150746447616, 0.000151464992086, 6.785144069e-05, 6.26755791018e-05, 6.21192884864e-05, 0.000106787068944, 5.73558500037e-05, 4.55270164821e-05, 4.95106614835e-05, 2.43062877416e-05, 1.96394303202e-05, 2.07032644539e-05, 1.59856372193e-05, 1.75404220499e-05, 1.03310312625e-05, 1.37729375638e-05, 6.42054101263e-06, 3.12539441438e-06, 3.01140244119e-06, 2.35157062889e-06, 1.75253057932e-06, 1.20783943203e-06, 1.18830450901e-06, 1.11757515242e-06, 7.77132527219e-07, 1.09234690626e-06, 8.9735021902e-07, 9.3091779263e-07], "var": [0.000245612609433, 0.000103792815935, 2.64587470156e-06, 5.25054595357e-08, 1.65568962984e-07, 1.81556210066e-08, 2.61925180212e-07, 4.66272425115e-08, 6.54738556705e-08, 1.50051722159e-08, 4.45079706424e-08, 8.31678335089e-08, 8.39550935439e-08, 8.63674216589e-08, 9.04065977636e-09, 6.66550192818e-09, 9.06568242698e-09, 2.44249616088e-08, 1.36060673839e-08, 1.03529904649e-08, 1.85452275758e-08, 2.58877785875e-09, 1.68361313779e-09, 2.39420860915e-09, 1.01266972585e-09, 2.16212647786e-09, 1.46505363396e-09, 1.72884995209e-09, 1.4536372106e-10, 4.81709568068e-11, 4.27484436738e-11, 2.71169354332e-11, 1.25832304645e-11, 5.62948168983e-12, 4.96262536273e-12, 4.07845111849e-12, 2.3089822155e-12, 3.07937312802e-12, 2.73255745288e-12, 2.93267255098e-12], "median": [0.00407493300736, 0.000751853222027, 0.000115536677185, 0.000145904559758, 5.17701810168e-05, 3.53517243639e-05, 0.000108051448478, 5.47383024241e-05, 2.63608781097e-05, 7.65147160564e-06, 5.15216379426e-05, 8.48449271871e-05, 1.78403333848e-05, 2.24301238632e-05, 3.96613686462e-05, 3.31049486704e-05, 2.37110270973e-05, 3.63110193575e-05, 1.42676562973e-05, 1.75739332917e-05, 1.44787800309e-05, 8.87703572516e-06, 6.24425820206e-06, 5.04502122567e-06, 4.11256451116e-06, 4.67484233013e-06, 2.9941656976e-06, 4.39702171207e-06, 2.24535187954e-06, 6.02339923716e-07, 8.73749570474e-07, 4.81680274333e-07, 3.22125316643e-07, 2.15544616822e-07, 1.75742542297e-07, 1.09634243017e-07, 7.94641294988e-08, 6.6467691795e-08, 5.64007329729e-08, 4.33649240961e-08], "min": [6.59132847687e-24, 8.11261005055e-24, 3.44770396449e-24, 3.62441511815e-24, 4.7416164982e-24, 6.0985274638e-24, 6.44581085555e-24, 1.45491304912e-23, 6.86528054216e-24, 6.58610424552e-24, 5.65493007198e-24, 1.4588168062e-23, 1.30426404539e-23, 2.51802413017e-23, 1.16558537481e-23, 1.06270805201e-23, 1.02726295382e-23, 1.75330741736e-23, 1.66488305186e-23, 1.08464879814e-23, 6.11643657851e-24, 1.40724597115e-23, 1.18927234344e-23, 8.11748678867e-24, 1.01954339766e-23, 7.53423774523e-24, 6.8451559116e-24, 1.17422095626e-23, 8.83936630329e-24, 1.07815947056e-23, 1.15394912426e-23, 8.83520979518e-24, 8.91772937903e-24, 1.24099290429e-23, 1.18340881922e-23, 9.93881673525e-24, 9.74029988845e-24, 7.35715424922e-24, 1.13098514665e-23, 1.07130340155e-23], "dvar": [0.000117650859465, 0.0001358018053, 3.86790225093e-06, 2.07590300505e-08, 2.51736675949e-08, 5.39362998708e-09, 6.45279740752e-08, 1.03424886433e-08, 2.11273292194e-08, 1.40113103342e-08, 1.81705548385e-08, 4.4463529747e-08, 1.04343826024e-07, 7.6036762664e-08, 4.93723328887e-09, 7.1595076534e-09, 9.8529184811e-09, 2.42060362865e-08, 1.29357937695e-08, 5.11711739648e-09, 7.9043447343e-09, 1.90644611209e-09, 9.91626114555e-10, 1.47518652849e-09, 7.05434932691e-10, 8.34481095335e-10, 4.74669414885e-10, 6.43443520687e-10, 8.05583516561e-11, 3.36454822336e-11, 2.56468214721e-11, 1.61909340102e-11, 6.84859417441e-12, 3.29180129335e-12, 3.21495521177e-12, 2.39408991763e-12, 1.26194345772e-12, 1.90674277582e-12, 1.44231805319e-12, 1.73592347094e-12], "mean": [0.0111699039117, 0.00456840824336, 0.000618280959316, 0.000214072395465, 0.000196292501641, 8.81963569555e-05, 0.000322968320688, 0.00013178800873, 0.000125224920339, 3.94158851122e-05, 0.000121471042803, 0.000188783218618, 9.9534241599e-05, 0.000116814284411, 7.27430960978e-05, 5.55640326638e-05, 5.07885415573e-05, 8.49634743645e-05, 4.77053872601e-05, 4.57475834992e-05, 5.21662987012e-05, 2.15923100768e-05, 1.94011372514e-05, 1.88865524251e-05, 1.41733480632e-05, 1.9614752091e-05, 1.21340181067e-05, 1.55593534146e-05, 6.62602678858e-06, 3.1086292438e-06, 3.25407836499e-06, 2.45410524258e-06, 1.76319247203e-06, 1.14625311198e-06, 1.06767902253e-06, 1.00190902685e-06, 7.82927884302e-07, 9.379565995e-07, 8.81557014054e-07, 8.5945993078e-07]}, "spectral_centroid": {"max": 11208.9951172, "dmean": 284.218292236, "dvar2": 200451.3125, "dmean2": 425.46875, "var": 458096.65625, "median": 1494.25646973, "min": 142.117736816, "dvar": 93678.765625, "mean": 1590.70361328}, "pitch_salience": {"max": 0.840384662151, "dmean": 0.0764813572168, "dvar2": 0.0123393200338, "dmean2": 0.117356263101, "var": 0.0244729164988, "median": 0.400295823812, "min": 0.0604970939457, "dvar": 0.00602718209848, "mean": 0.402809977531}, "gfcc": {"icov": [[9.35327771003e-05, -0.000157607733854, 0.000147573126014, -0.000308058457449, 0.000159842311405, -0.000293187302304, 0.000296634185361, -0.000392572546843, 0.000326535257045, -0.000210370708373, 0.000314499164233, -0.00011255312711, 0.000231740210438], [-0.000157607733854, 0.00120977486949, 1.56381611305e-05, 0.000501688336954, -0.00106200180016, 0.000808693352155, -0.000676153809763, 0.00151430326514, -0.00168150023092, 0.000612451985944, -0.0012954629492, 0.00108938512858, -0.0013537928462], [0.000147573126014, 1.56381611305e-05, 0.00217029708438, -0.00138742476702, 0.000136673421366, -0.00246620457619, 0.00128619372845, -0.00082847563317, -0.000157873029821, -0.000299700303003, 0.000174476590473, 0.000743223703466, 0.000674948503729], [-0.000308058457449, 0.000501688336954, -0.00138742476702, 0.003298769705, -0.00155882688705, 0.00130256148987, -0.00215453235433, 0.000346314103808, 9.49015884544e-05, -0.000676482799463, -0.000998848001473, 0.000213712948607, -0.000481483293697], [0.000159842311405, -0.00106200180016, 0.000136673421366, -0.00155882688705, 0.00751981884241, -0.00453597446904, 0.000391650974052, 0.00036566570634, -0.00261919316836, 0.00528178596869, -0.00214013271034, 0.00264212419279, -0.000139608542668], [-0.000293187302304, 0.000808693352155, -0.00246620457619, 0.00130256148987, -0.00453597446904, 0.0108866998926, -0.00327270827256, -0.000227358774282, 0.00304939458147, -0.00504579395056, 0.00416390551254, -0.00405232701451, -0.000214897867409], [0.000296634185361, -0.000676153809763, 0.00128619372845, -0.00215453235433, 0.000391650974052, -0.00327270827256, 0.0100000146776, -0.00413656840101, -0.00176709040534, 0.00418959232047, -0.00409073801711, 0.00128423061687, -0.000747468089685], [-0.000392572546843, 0.00151430326514, -0.00082847563317, 0.000346314103808, 0.00036566570634, -0.000227358774282, -0.00413656840101, 0.0130996881053, -0.00498413527384, 0.00048174301628, -0.000471638282761, 0.0010422305204, -0.00156805850565], [0.000326535257045, -0.00168150023092, -0.000157873029821, 9.49015884544e-05, -0.00261919316836, 0.00304939458147, -0.00176709040534, -0.00498413527384, 0.0169389098883, -0.00906393490732, 0.00281480699778, -0.00210763933137, 0.00195131078362], [-0.000210370708373, 0.000612451985944, -0.000299700303003, -0.000676482799463, 0.00528178596869, -0.00504579395056, 0.00418959232047, 0.00048174301628, -0.00906393490732, 0.0225840322673, -0.0133589059114, 0.00574004231021, -0.00174858991522], [0.000314499164233, -0.0012954629492, 0.000174476590473, -0.000998848001473, -0.00214013271034, 0.00416390551254, -0.00409073801711, -0.000471638282761, 0.00281480699778, -0.0133589059114, 0.0250568017364, -0.0131173841655, 0.00387847353704], [-0.00011255312711, 0.00108938512858, 0.000743223703466, 0.000213712948607, 0.00264212419279, -0.00405232701451, 0.00128423061687, 0.0010422305204, -0.00210763933137, 0.00574004231021, -0.0131173841655, 0.0215584095567, -0.00754102319479], [0.000231740210438, -0.0013537928462, 0.000674948503729, -0.000481483293697, -0.000139608542668, -0.000214897867409, -0.000747468089685, -0.00156805850565, 0.00195131078362, -0.00174858991522, 0.00387847353704, -0.00754102319479, 0.0162143167108]], "cov": [[25234.6347656, 28.8460445404, 1604.49694824, 2635.734375, 307.592193604, 1097.6973877, -14.4968280792, 664.692565918, -241.800567627, 283.957885742, -218.929962158, -119.510742188, -209.457351685], [28.8460445404, 2241.25976562, -683.777954102, -248.084350586, 266.109558105, -276.01965332, 136.809280396, -161.606552124, 207.551010132, -57.1883811951, 112.562171936, -22.9986743927, 128.360137939], [1604.49694824, -683.777954102, 1590.03857422, 864.078735352, 257.449584961, 529.965026855, 82.2362442017, 217.696380615, -9.17951965332, 97.0505523682, -40.4350585938, -50.1206436157, -88.5350723267], [2635.734375, -248.084350586, 864.078735352, 1060.61047363, 268.459136963, 341.288543701, 186.02432251, 194.47618103, 20.6329116821, 73.1564102173, 22.5533027649, -20.2929363251, -38.0667800903], [307.592193604, 266.109558105, 257.449584961, 268.459136963, 352.905914307, 156.465896606, 115.714378357, 39.9878044128, 48.9831008911, -33.3491592407, 3.71111655235, -28.0272922516, 5.97711467743], [1097.6973877, -276.01965332, 529.965026855, 341.288543701, 156.465896606, 341.324066162, 72.3030014038, 101.47518158, -20.1005764008, 35.6996994019, -22.5084152222, 1.95447170734, -19.0811519623], [-14.4968280792, 136.809280396, 82.2362442017, 186.02432251, 115.714378357, 72.3030014038, 217.996459961, 74.1140594482, 52.2029533386, -4.8988366127, 43.0418663025, 11.1003665924, 20.9584846497], [664.692565918, -161.606552124, 217.696380615, 194.47618103, 39.9878044128, 101.47518158, 74.1140594482, 157.213119507, 29.9881305695, 29.7845344543, 4.56141614914, -0.561700165272, -7.71973705292], [-241.800567627, 207.551010132, -9.17951965332, 20.6329116821, 48.9831008911, -20.1005764008, 52.2029533386, 29.9881305695, 122.898643494, 37.915512085, 37.143573761, 1.45552790165, 8.33271121979], [283.957885742, -57.1883811951, 97.0505523682, 73.1564102173, -33.3491592407, 35.6996994019, -4.8988366127, 29.7845344543, 37.915512085, 107.412612915, 46.5027008057, 10.9501819611, -6.87024593353], [-218.929962158, 112.562171936, -40.4350585938, 22.5533027649, 3.71111655235, -22.5084152222, 43.0418663025, 4.56141614914, 37.143573761, 46.5027008057, 103.30115509, 45.9573364258, 14.2483644485], [-119.510742188, -22.9986743927, -50.1206436157, -20.2929363251, -28.0272922516, 1.95447170734, 11.1003665924, -0.561700165272, 1.45552790165, 10.9501819611, 45.9573364258, 88.6725234985, 32.7664833069], [-209.457351685, 128.360137939, -88.5350723267, -38.0667800903, 5.97711467743, -19.0811519623, 20.9584846497, -7.71973705292, 8.33271121979, -6.87024593353, 14.2483644485, 32.7664833069, 88.045249939]], "mean": [-39.6209945679, 95.6918716431, -131.47428894, 23.9443740845, -30.0463066101, 17.1752490997, -20.0112609863, 11.0817470551, -13.6640081406, 11.3939943314, -4.06891202927, 4.65063047409, 0.355663746595]}, "spectral_flux": {"max": 0.530254483223, "dmean": 0.0538472905755, "dvar2": 0.0124366534874, "dmean2": 0.088581815362, "var": 0.00953989941627, "median": 0.0663606673479, "min": 1.03528581541e-10, "dvar": 0.00569359399378, "mean": 0.104210436344}, "zerocrossingrate": {"max": 0.6826171875, "dmean": 0.0118176182732, "dvar2": 0.000189644037164, "dmean2": 0.0129790510982, "var": 0.0033763430547, "median": 0.04052734375, "min": 0.00244140625, "dvar": 0.000165305056726, "mean": 0.0521973632276}, "spectral_energyband_middle_low": {"max": 0.0483658947051, "dmean": 0.00188023340888, "dvar2": 1.95738884941e-05, "dmean2": 0.00280422857031, "var": 1.82856183528e-05, "median": 0.00382077647373, "min": 2.04684653605e-22, "dvar": 7.88368197391e-06, "mean": 0.0048258556053}, "silence_rate_20dB": {"max": 1, "dmean": 0.000212134065805, "dvar2": 0.000636174634565, "dmean2": 0.000424313155236, "var": 0.000106037346995, "median": 1, "min": 0, "dvar": 0.000212060302147, "mean": 0.999893963337}, "silence_rate_30dB": {"max": 1, "dmean": 0.151887997985, "dvar2": 0.264543175697, "dmean2": 0.30380821228, "var": 0.162222534418, "median": 1, "min": 0, "dvar": 0.12881834805, "mean": 0.796266853809}, "spectral_entropy": {"max": 9.79361724854, "dmean": 0.231073126197, "dvar2": 0.105403602123, "dmean2": 0.299193948507, "var": 0.333077609539, "median": 7.20471382141, "min": 5.27957201004, "dvar": 0.0611984245479, "mean": 7.2913608551}, "spectral_rolloff": {"max": 19164.5507812, "dmean": 456.109558105, "dvar2": 995362.3125, "dmean2": 723.579162598, "var": 4517733.5, "median": 1012.06054688, "min": 43.06640625, "dvar": 493554.09375, "mean": 1368.84838867}, "spectral_complexity": {"max": 61, "dmean": 3.47899866104, "dvar2": 37.0547561646, "dmean2": 4.88787508011, "var": 104.529647827, "median": 15, "min": 0, "dvar": 26.0505580902, "mean": 16.518611908}, "spectral_spread": {