{"tonal": {"chords_key": "B", "hpcp_entropy": {"dmean": 0.721940815449, "dmean2": 1.21891021729, "max": 4.59443902969, "dvar": 0.327100545168, "mean": 2.6387553215, "dvar2": 0.916517317295, "min": 0, "var": 0.695344984531, "median": 2.65843248367}, "key_key": "B", "chords_strength": {"dmean": 0.00973493698984, "dmean2": 0.0112071149051, "max": 0.878921627998, "dvar": 6.71537563903e-05, "mean": 0.498109430075, "dvar2": 0.000100553093944, "min": 0.184059843421, "var": 0.018877511844, "median": 0.501800477505}, "key_scale": "major", "chords_number_rate": 0.00321646826342, "thpcp": [1, 0.753122091293, 0.459316939116, 0.304210454226, 0.295534521341, 0.371299684048, 0.357880592346, 0.278145074844, 0.269072860479, 0.286333620548, 0.269827872515, 0.264441549778, 0.250446110964, 0.259645581245, 0.410860717297, 0.520749270916, 0.442601710558, 0.342871129513, 0.268767774105, 0.30508428812, 0.571369409561, 0.68194103241, 0.463674217463, 0.285842180252, 0.223750025034, 0.217523291707, 0.265467733145, 0.279652386904, 0.303247928619, 0.357826173306, 0.343841940165, 0.297840923071, 0.334294468164, 0.420624017715, 0.546960473061, 0.849764585495], "key_strength": 0.733423113823, "tuning_nontempered_energy_ratio": 0.917628824711, "tuning_frequency": 434.193115234, "chords_changes_rate": 0.0681891292334, "tuning_diatonic_strength": 0.659663140774, "chords_scale": "minor", "chords_histogram": [17.2081050873, 0, 9.9710521698, 2.05853962898, 0, 0, 0, 0, 0, 0, 0.32164683938, 0, 0.0964940488338, 0.868446469307, 0, 4.18140888214, 1.02926981449, 47.7967185974, 0.997105181217, 1.6082341671, 0.0643293634057, 1.22225797176, 11.547121048, 1.02926981449], "tuning_equal_tempered_deviation": 0.239592924714, "hpcp": {"dmean": [0.145626395941, 0.137265264988, 0.1307105124, 0.140436440706, 0.168288886547, 0.218972876668, 0.264783233404, 0.254288136959, 0.252899855375, 0.187644422054, 0.134057968855, 0.111466482282, 0.120176240802, 0.116550177336, 0.100942470133, 0.100073195994, 0.102259546518, 0.102890722454, 0.100336752832, 0.100509434938, 0.116485990584, 0.158727645874, 0.165546357632, 0.181380778551, 0.176142945886, 0.132721245289, 0.133292242885, 0.187977105379, 0.182230204344, 0.160695031285, 0.124215781689, 0.0953900814056, 0.0900150462985, 0.108611032367, 0.119042083621, 0.133655130863], "dmean2": [0.261352717876, 0.244189992547, 0.234660506248, 0.251557290554, 0.30211520195, 0.391330063343, 0.457790672779, 0.438269406557, 0.440660268068, 0.331476569176, 0.242553055286, 0.197053775191, 0.205850243568, 0.199137657881, 0.176048144698, 0.175815612078, 0.177872627974, 0.180978491902, 0.177901536226, 0.178351923823, 0.20727661252, 0.273410588503, 0.28456428647, 0.325570493937, 0.324231475592, 0.243463873863, 0.237818524241, 0.327193051577, 0.310543119907, 0.277882605791, 0.223475143313, 0.170956879854, 0.162405341864, 0.196484953165, 0.216913402081, 0.243899181485], "max": [1, 1, 1, 1, 1, 1, 1, 1, 1, 1, 1, 1, 1, 1, 1, 1, 1, 1, 1, 1, 1, 1, 1, 1, 1, 1, 1, 1, 1, 1, 1, 1, 1, 1, 1, 1], "dvar": [0.0471677854657, 0.0433183312416, 0.0491933189332, 0.0498562566936, 0.0572918392718, 0.0605319552124, 0.064526759088, 0.0638089254498, 0.067050807178, 0.0544334165752, 0.0420586131513, 0.0286839678884, 0.0288427807391, 0.0265561379492, 0.0242931246758, 0.0251212734729, 0.0283965151757, 0.0283766780049, 0.0268024280667, 0.0275805070996, 0.0331171639264, 0.0496426224709, 0.0562124848366, 0.0578391328454, 0.0637933686376, 0.0388482473791, 0.036589153111, 0.0485092177987, 0.0499750338495, 0.0442148298025, 0.0392071604729, 0.030308322981, 0.0269260928035, 0.0366022698581, 0.0408538281918, 0.0444020442665], "mean": [0.147653326392, 0.141882881522, 0.122901029885, 0.137943208218, 0.173566222191, 0.225697666407, 0.350646704435, 0.412639826536, 0.310768157244, 0.189532458782, 0.12552934885, 0.121949315071, 0.153213039041, 0.147675782442, 0.114773735404, 0.111030183733, 0.118152655661, 0.11134172231, 0.109119109809, 0.103344045579, 0.107140101492, 0.169537499547, 0.214881882071, 0.182635098696, 0.141482278705, 0.110904291272, 0.125889927149, 0.235769763589, 0.28139603138, 0.191330447793, 0.117949873209, 0.0923281684518, 0.0897587761283, 0.109542563558, 0.115395717323, 0.1251321733], "dvar2": [0.128824710846, 0.118787035346, 0.138406306505, 0.138128831983, 0.155260920525, 0.164811998606, 0.167153462768, 0.155749171972, 0.179918691516, 0.147182673216, 0.118059180677, 0.0792213231325, 0.0748944506049, 0.0718834996223, 0.0681317225099, 0.0712467133999, 0.0776831507683, 0.0791089832783, 0.0738236606121, 0.0757276043296, 0.093165718019, 0.135078281164, 0.130362004042, 0.15855678916, 0.178130686283, 0.10915248841, 0.101716019213, 0.131946444511, 0.119639374316, 0.125314727426, 0.111906006932, 0.0863105580211, 0.0773182809353, 0.102120921016, 0.114578440785, 0.123035117984], "min": [0, 0, 0, 0, 0, 0, 0, 0, 0, 0, 0, 0, 0, 0, 0, 0, 0, 0, 0, 0, 0, 0, 0, 0, 0, 0, 0, 0, 0, 0, 0, 0, 0, 0, 0, 0], "var": [0.0445817783475, 0.0429953746498, 0.0413188077509, 0.044877551496, 0.0601480863988, 0.0681782513857, 0.101790510118, 0.123261399567, 0.0973626077175, 0.0599985159934, 0.0344540067017, 0.0270275976509, 0.0374995693564, 0.0317816659808, 0.0230954289436, 0.0256279781461, 0.03176869452, 0.0281405374408, 0.0248127859086, 0.0238750502467, 0.0297126099467, 0.0604062266648, 0.0935597717762, 0.0676841959357, 0.0506339296699, 0.0304443817586, 0.0330975614488, 0.0716979950666, 0.0971402600408, 0.0564584434032, 0.0331466607749, 0.0240138694644, 0.0211506988853, 0.0327760539949, 0.0355500131845, 0.0383305624127], "median": [0.0653966665268, 0.059255041182, 0.0454649217427, 0.0538171343505, 0.0721167474985, 0.109631292522, 0.233679994941, 0.294352412224, 0.180967360735, 0.0810719355941, 0.055319879204, 0.0630647316575, 0.085281893611, 0.0831434205174, 0.0636121407151, 0.0548808835447, 0.0525991767645, 0.0516223609447, 0.0544808618724, 0.0490511879325, 0.0402067266405, 0.0541839562356, 0.0626461803913, 0.058907110244, 0.0474596880376, 0.0416687838733, 0.0545307956636, 0.124726399779, 0.14183101058, 0.0956095457077, 0.0523866377771, 0.0420154631138, 0.0417814701796, 0.0467540509999, 0.0450631715357, 0.0486691333354]}}, "lowlevel": {"melbands_flatness_db": {"dmean": 0.0303293243051, "dmean2": 0.0460211075842, "max": 0.457478731871, "dvar": 0.00107487780042, "mean": 0.150550827384, "dvar2": 0.00207986356691, "min": 0.00771009782329, "var": 0.00358072761446, "median": 0.139110475779}, "melbands_crest": {"dmean": 3.82301616669, "dmean2": 6.06738758087, "max": 36.0982284546, "dvar": 12.5261611938, "mean": 14.5297451019, "dvar2": 30.9691390991, "min": 2.62181067467, "var": 28.9567298889, "median": 14.0754451752}, "spectral_entropy": {"dmean": 0.074395224452, "dmean2": 0.118422530591, "max": 9.80072116852, "dvar": 0.00596397463232, "mean": 7.9586224556, "dvar2": 0.0137546183541, "min": 6.05548810959, "var": 0.0384763814509, "median": 7.96108818054}, "melbands": {"dmean": [0.0032359031029, 0.00265811849385, 0.00149977265391, 0.000555714708753, 0.000147526458022, 0.000105379753222, 0.000113341207907, 0.000253541802522, 8.84295950527e-05, 4.65510165668e-05, 5.14631974511e-05, 3.13970631396e-05, 2.86754038825e-05, 1.47246128108e-05, 2.08680648939e-05, 2.38353331952e-05, 3.09307324642e-05, 2.50543671427e-05, 2.84987145278e-05, 4.01013421651e-05, 3.590650158e-05, 1.92757815967e-05, 1.8845206796e-05, 1.83224765351e-05, 1.76375306182e-05, 1.50242422023e-05, 1.22519886645e-05, 8.96594792721e-06, 7.71006943978e-06, 8.2768883658e-06, 6.46713078822e-06, 3.51653966391e-06, 2.73688124253e-06, 2.24995255849e-06, 1.65174481026e-06, 1.17909803521e-06, 1.05464846456e-06, 7.27867984551e-07, 5.13221323217e-07, 2.9632488463e-07], "dmean2": [0.00539398891851, 0.00453068176284, 0.00276215537451, 0.000991932232864, 0.000258424028289, 0.000179916634806, 0.000186244258657, 0.000401252444135, 0.000146177539136, 7.5007272244e-05, 8.27351032058e-05, 5.04689051013e-05, 4.68064608867e-05, 2.46173367486e-05, 3.4325694287e-05, 3.97213807446e-05, 5.1263054047e-05, 4.08689083997e-05, 4.70040831715e-05, 6.6162479925e-05, 5.9114114265e-05, 3.20322797052e-05, 3.13757773256e-05, 3.00056144624e-05, 2.89485542453e-05, 2.5482437195e-05, 2.05958822335e-05, 1.51319209181e-05, 1.2862753465e-05, 1.39969652082e-05, 1.09707680167e-05, 6.01946612733e-06, 4.62512934973e-06, 3.75250328943e-06, 2.72073293672e-06, 1.92970173885e-06, 1.72260217823e-06, 1.19866172099e-06, 8.43668544803e-07, 4.80037726902e-07], "max": [0.0501782074571, 0.0401713699102, 0.0319832228124, 0.00809594988823, 0.00369001808576, 0.00323917088099, 0.00351083185524, 0.00608847243711, 0.00520798843354, 0.00151498895139, 0.00229161023162, 0.00285433768295, 0.00170853466261, 0.000852076802403, 0.00112096988596, 0.000694484391715, 0.000611643132288, 0.00116503261961, 0.000498357694596, 0.000936022261158, 0.000729569524992, 0.000743582728319, 0.000514380401, 0.000277213868685, 0.000334024225594, 0.000233280967223, 0.000225677969866, 0.000193318366655, 0.000115946539154, 0.000144390374771, 0.000112429253932, 8.43795787659e-05, 0.000118261254102, 8.98338548723e-05, 0.000124487676658, 0.000142058750498, 0.000164558077813, 0.000117422860058, 2.5942152206e-05, 1.34927249746e-05], "dvar": [5.59905893169e-05, 3.14026292472e-05, 1.14477861644e-05, 9.16593535294e-07, 7.77250690476e-08, 3.86762870619e-08, 3.9667373386e-08, 2.47883320981e-07, 6.47107327723e-08, 7.80620723617e-09, 1.59370969754e-08, 6.45056275062e-09, 3.16475623485e-09, 1.05209663204e-09, 2.06166728134e-09, 1.54015855625e-09, 1.71270919669e-09, 2.01518290943e-09, 1.31596522568e-09, 2.48648390766e-09, 2.31031060949e-09, 7.14592107709e-10, 7.1955241765e-10, 4.6848702695e-10, 4.05373318246e-10, 2.52126597378e-10, 1.68879119022e-10, 1.12745396352e-10, 6.78496009376e-11, 7.35474667279e-11, 5.23651816353e-11, 2.33464948762e-11, 2.40156106807e-11, 2.04195323844e-11, 1.62968683687e-11, 1.5848367757e-11, 1.95419010834e-11, 7.59292542035e-12, 1.85458245983e-12, 4.30076547292e-13], "mean": [0.00310148485005, 0.00343065103516, 0.00156821380369, 0.000590844720136, 0.000174267071998, 0.000126354760141, 0.000168318700162, 0.000369718240108, 0.000119666874525, 7.52622145228e-05, 7.89862242527e-05, 5.70890952076e-05, 4.7663175792e-05, 2.39180772041e-05, 3.31811643264e-05, 4.0915030695e-05, 5.52888923266e-05, 4.26914339187e-05, 5.67212227907e-05, 8.25660463306e-05, 7.26138750906e-05, 4.08141750086e-05, 3.93757691199e-05, 4.05439277529e-05, 4.04487655032e-05, 3.57564895239e-05, 2.98428003589e-05, 2.26133324759e-05, 2.11098758882e-05, 2.35788302234e-05, 1.81285322469e-05, 8.22547099233e-06, 5.36314428246e-06, 3.99021701014e-06, 2.78293100564e-06, 1.94015910893e-06, 1.6524777493e-06, 1.18680713967e-06, 8.83988036549e-07, 5.46724095329e-07], "dvar2": [0.000136972099426, 8.40218854137e-05, 3.30187212967e-05, 2.54244469033e-06, 2.14510890828e-07, 1.01974471534e-07, 1.01716025824e-07, 5.79290485803e-07, 1.65446110145e-07, 1.88945890045e-08, 3.93793264664e-08, 1.34217836845e-08, 7.97201682445e-09, 2.59367505251e-09, 4.98106267344e-09, 3.91739485295e-09, 4.40260006229e-09, 4.70965755284e-09, 3.39200312283e-09, 6.40284980591e-09, 5.78648906568e-09, 1.80212067491e-09, 1.90743554285e-09, 1.19517817865e-09, 1.03310171529e-09, 6.91058488211e-10, 4.58015458893e-10, 3.04167913079e-10, 1.87209275859e-10, 2.01962904733e-10, 1.45730288947e-10, 6.42560449293e-11, 6.18550557996e-11, 5.22779840251e-11, 4.03385103098e-11, 3.92322424547e-11, 5.19014414779e-11, 2.0309896126e-11, 4.79812500495e-12, 1.07347605197e-12], "min": [8.19009670183e-24, 3.43563281492e-24, 3.15305218905e-24, 5.90389299595e-24, 8.51186359874e-24, 7.26639974638e-24, 2.33042843152e-23, 2.46293702653e-23, 7.86292768544e-24, 5.68459163645e-24, 4.90399247149e-24, 1.76492150092e-23, 1.17125791581e-23, 9.91384297671e-24, 8.5856094716e-24, 9.54730033482e-24, 4.51205994694e-24, 5.2018300617e-24, 7.23376062643e-24, 6.32446472124e-24, 9.62174040529e-24, 1.8927406334e-23, 5.32213568848e-24, 8.78301639111e-24, 4.83579662953e-24, 1.06406252619e-23, 9.80688448202e-24, 1.16565684561e-23, 1.18236626065e-23, 6.78625324553e-24, 7.41727254995e-24, 1.35499198256e-23, 1.30471598381e-23, 6.06967763721e-24, 6.97603424667e-24, 8.17025685006e-24, 1.04750954227e-23, 9.37011980893e-24, 8.14792262011e-24, 1.08068974192e-23], "var": [4.78338988614e-05, 2.56185176113e-05, 7.0770011007e-06, 6.9947253678e-07, 6.2976809545e-08, 3.49045556902e-08, 5.60341781863e-08, 4.29723087336e-07, 8.02092188223e-08, 1.06929656241e-08, 2.11854995769e-08, 1.75499259569e-08, 5.93551030548e-09, 1.38526456972e-09, 3.43524431123e-09, 2.62436827825e-09, 3.07688807766e-09, 3.96362231925e-09, 2.29408336772e-09, 4.8469543934e-09, 5.18991738474e-09, 1.46300083159e-09, 1.2076464273e-09, 8.72507899263e-10, 7.24216964176e-10, 4.17898521343e-10, 2.8554700271e-10, 1.8278149827e-10, 1.38097797087e-10, 1.57430943282e-10, 1.01718904133e-10, 3.28045680897e-11, 3.09520083175e-11, 2.70529033203e-11, 2.37195211389e-11, 1.99914061e-11, 1.96105701122e-11, 7.50538606958e-12, 2.37405321096e-12, 5.8597208032e-13], "median": [0.000961333164014, 0.001936187502, 0.00090892217122, 0.000308684335323, 9.91755441646e-05, 7.11077591404e-05, 8.64732719492e-05, 0.000108322317828, 5.30776014784e-05, 4.59398434032e-05, 3.97709372919e-05, 3.20375402225e-05, 2.73761379503e-05, 1.56495916599e-05, 1.97486660909e-05, 2.67684772552e-05, 3.98553529521e-05, 2.650227907e-05, 4.50061634183e-05, 6.44872925477e-05, 4.98855115438e-05, 3.14702410833e-05, 3.01480577036e-05, 3.42230123351e-05, 3.57473581971e-05, 3.28967435053e-05, 2.75246384263e-05, 2.08092151297e-05, 1.99371606868e-05, 2.25031981245e-05, 1.69744780578e-05, 7.18842966307e-06, 4.14467012888e-06, 2.69346378445e-06, 1.61782259056e-06, 1.0104940884e-06, 7.77050900069e-07, 5.79868128625e-07, 5.03987905631e-07, 3.28375676872e-07]}, "silence_rate_60dB": {"dmean": 0.00225261459127, "dmean2": 0.00450595421717, "max": 1, "dvar": 0.00224767089821, "mean": 0.0333011597395, "dvar2": 0.00512915709987, "min": 0, "var": 0.0321915224195, "median": 0}, "spectral_energyband_middle_high": {"dmean": 0.00168518023565, "dmean2": 0.00262835947797, "max": 0.028142394498, "dvar": 4.33090599472e-06, "mean": 0.00674184365198, "dvar2": 1.03519869299e-05, "min": 1.3702841585e-21, "var": 1.27062303363e-05, "median": 0.00631576776505}, "erbbands_skewness": {"dmean": 0.281905531883, "dmean2": 0.453022927046, "max": 2.88814043999, "dvar": 0.0703050047159, "mean": -0.696245551109, "dvar2": 0.17745244503, "min": -2.30765151978, "var": 0.301898747683, "median": -0.778909921646}, "dynamic_complexity": 2.46070361137, "dissonance": {"dmean": 0.00690366281196, "dmean2": 0.0116825243458, "max": 0.500000178814, "dvar": 4.71970051876e-05, "mean": 0.487570792437, "dvar2": 0.000121317512821, "min": 0.39219725132, "var": 9.32234179345e-05, "median": 0.490042388439}, "spectral_skewness": {"dmean": 0.134390816092, "dmean2": 0.223021835089, "max": 3.29859566689, "dvar": 0.0138544840738, "mean": 0.914052665234, "dvar2": 0.0362755544484, "min": -0.0051350640133, "var": 0.0626617372036, "median": 0.908581316471}, "spectral_kurtosis": {"dmean": 0.916724979877, "dmean2": 1.60463452339, "max": 17.7788906097, "dvar": 0.70140594244, "mean": 2.8264093399, "dvar2": 2.15392613411, "min": -1.21585953236, "var": 1.55701375008, "median": 2.6800236702}, "gfcc": {"cov": [[10287.3759766, 342.325744629, -1240.23449707, 606.951599121, -311.84576416, 249.297668457, -97.0414047241, 136.574569702, -48.5153961182, -21.0661468506, -71.1131973267, 20.6319961548, -2.00661349297], [342.325744629, 589.786682129, -170.400558472, 112.57925415, 36.6695480347, -92.909828186, 70.4736862183, -31.0076580048, 44.968547821, 6.77842712402, 23.1514472961, -64.2280197144, 25.5666389465], [-1240.23449707, -170.400558472, 608.20111084, -60.914390564, 160.777328491, 31.9452133179, 23.3807163239, 21.2903461456, 24.1113185883, 1.91558778286, 14.6384391785, 19.7907009125, -43.7947998047], [606.951599121, 112.57925415, -60.914390564, 228.49810791, 51.1820526123, 46.2345466614, 14.6693210602, -7.57332372665, 8.47354030609, -17.8021392822, 8.31020832062, -11.7197933197, 31.9751853943], [-311.84576416, 36.6695480347, 160.777328491, 51.1820526123, 174.373977661, 20.767168045, 59.256729126, -0.957968473434, 12.8774576187, 6.56576395035, 0.473133206367, 7.19589471817, 4.56622457504], [249.297668457, -92.909828186, 31.9452133179, 46.2345466614, 20.767168045, 140.214584351, 28.2273826599, 27.2626819611, -21.3057289124, -17.4948196411, 0.309123545885, 2.39443612099, 4.05147886276], [-97.0414047241, 70.4736862183, 23.3807163239, 14.6693210602, 59.256729126, 28.2273826599, 101.777694702, 16.8251113892, 15.0690822601, 6.63563156128, 9.33015823364, -2.82190680504, 6.88329982758], [136.574569702, -31.0076580048, 21.2903461456, -7.57332372665, -0.957968473434, 27.2626819611, 16.8251113892, 69.2428207397, 30.7358188629, 18.1142082214, -5.32405614853, 4.83185911179, -8.40596866608], [-48.5153961182, 44.968547821, 24.1113185883, 8.47354030609, 12.8774576187, -21.3057289124, 15.0690822601, 30.7358188629, 70.4613265991, 30.2234344482, 14.156080246, -5.95614147186, -2.75165700912], [-21.0661468506, 6.77842712402, 1.91558778286, -17.8021392822, 6.56576395035, -17.4948196411, 6.63563156128, 18.1142082214, 30.2234344482, 61.7358665466, 16.0974273682, 8.49762058258, -9.87785053253], [-71.1131973267, 23.1514472961, 14.6384391785, 8.31020832062, 0.473133206367, 0.309123545885, 9.33015823364, -5.32405614853, 14.156080246, 16.0974273682, 50.1113891602, 12.9754638672, 7.11538743973], [20.6319961548, -64.2280197144, 19.7907009125, -11.7197933197, 7.19589471817, 2.39443612099, -2.82190680504, 4.83185911179, -5.95614147186, 8.49762058258, 12.9754638672, 50.6511421204, 14.8305797577], [-2.00661349297, 25.5666389465, -43.7947998047, 31.9751853943, 4.56622457504, 4.05147886276, 6.88329982758, -8.40596866608, -2.75165700912, -9.87785053253, 7.11538743973, 14.8305797577, 51.9092216492]], "mean": [31.1079978943, 72.4755401611, -129.009796143, 63.7997169495, -47.3182373047, 10.3078870773, -28.6583919525, 10.9923601151, -18.1501674652, 7.10851478577, -22.2659072876, -5.99620866776, -12.1809415817], "icov": [[0.000208660989301, -0.000198696623556, 0.000376917188987, -0.000524015107658, 0.00018732281751, -0.000426360638812, 0.000274811085546, -0.000388928980101, 2.01196780836e-05, 3.57283752237e-05, 0.000367671862477, -0.000915943586733, 0.000883242464624], [-0.000198696623556, 0.00402912544087, 0.000568438321352, -0.00096715730615, -0.00114004476927, 0.0039820773527, -0.00288568018004, 2.05470296351e-05, 9.69774118857e-05, 0.000373708404368, -0.00300962640904, 0.00583708612248, -0.00192020880058], [0.000376917188987, 0.000568438321352, 0.00406409287825, 0.000359193916665, -0.00376152829267, -0.000824059941806, 0.00155297247693, -0.00137457740493, -0.00147817807738, 0.00251096999273, -0.00195930153131, -0.00140451081097, 0.00397811736912], [-0.000524015107658, -0.00096715730615, 0.000359193916665, 0.00885810423642, -0.00399741670117, -0.00310507696122, 0.00253832084127, 0.00190530030522, -0.00295253749937, 0.00207907566801, -0.00198603747413, 0.00266643078066, -0.00438182149082], [0.00018732281751, -0.00114004476927, -0.00376152829267, -0.00399741670117, 0.0136095136404, -0.000974783266429, -0.00630760239437, 0.00409640790895, -0.000686105457135, -0.0038777042646, 0.00672015501186, -0.00472651096061, -0.000108815933345], [-0.000426360638812, 0.0039820773527, -0.000824059941806, -0.00310507696122, -0.000974783266429, 0.0161213148385, -0.0054649184458, -0.00825156550854, 0.00854704901576, 0.0021244189702, -0.00633417023346, 0.00785376504064, -0.00306266197003], [0.000274811085546, -0.00288568018004, 0.00155297247693, 0.00253832084127, -0.00630760239437, -0.0054649184458, 0.0175555236638, -0.00404053041711, -0.00126580614597, 0.000870854477398, -0.00242443289608, -0.000907855283003, -0.000131965964101], [-0.000388928980101, 2.05470296351e-05, -0.00137457740493, 0.00190530030522, 0.00409640790895, -0.00825156550854, -0.00404053041711, 0.0301027093083, -0.0164049603045, -0.00427631707862, 0.0109476614743, -0.00675159040838, 0.00208064424805], [2.01196780836e-05, 9.69774118857e-05, -0.00147817807738, -0.00295253749937, -0.000686105457135, 0.00854704901576, -0.00126580614597, -0.0164049603045, 0.031111497432, -0.00831217132509, -0.00869218539447, 0.00966971646994, -0.00407455489039], [3.57283752237e-05, 0.000373708404368, 0.00251096999273, 0.00207907566801, -0.0038777042646, 0.0021244189702, 0.000870854477398, -0.00427631707862, -0.00831217132509, 0.0267539843917, -0.00783667434007, -0.00466511258855, 0.00707988301292], [0.000367671862477, -0.00300962640904, -0.00195930153131, -0.00198603747413, 0.00672015501186, -0.00633417023346, -0.00242443289608, 0.0109476614743, -0.00869218539447, -0.00783667434007, 0.0328202657402, -0.0137702552602, 0.000547800329514], [-0.000915943586733, 0.00583708612248, -0.00140451081097, 0.00266643078066, -0.00472651096061, 0.00785376504064, -0.000907855283003, -0.00675159040838, 0.00966971646994, -0.00466511258855, -0.0137702552602, 0.0399458259344, -0.0168081279844], [0.000883242464624, -0.00192020880058, 0.00397811736912, -0.00438182149082, -0.000108815933345, -0.00306266197003, -0.000131965964101, 0.00208064424805, -0.00407455489039, 0.00707988301292, 0.000547800329514, -0.0168081279844, 0.0327610038221]]}, "spectral_complexity": {"dmean": 4.50780391693, "dmean2": 7.16929531097, "max": 64, "dvar": 15.2101392746, "mean": 38.442565918, "dvar2": 34.8227310181, "min": 0, "var": 124.026786804, "median": 41}, "spectral_flux": {"dmean": 0.0351442880929, "dmean2": 0.0518008768559, "max": 0.422422200441, "dvar": 0.00275507709011, "mean": 0.107234239578, "dvar2": 0.00530156120658, "min": 1.03239708449e-10, "var": 0.00505065592006, "median": 0.0844549462199}, "spectral_energyband_low": {"dmean": 0.015426970087, "dmean2": 0.025064483285, "max": 0.213451325893, "dvar": 0.00102302071173, "mean": 0.0190446991473, "dvar2": 0.00243333471008, "min": 4.23736761457e-23, "var": 0.000975750910584, "median": 0.00952611863613}, "spectral_decrease": {"dmean": 4.91721507956e-09, "dmean2": 7.90127874239e-09, "max": 1.46444869902e-19, "dvar": 8.7192777497e-17, "mean": -8.56815773886e-09, "dvar2": 2.07107125961e-16, "min": -6.60304380062e-08, "var": 8.71800653853e-17, "median": -6.12676576139e-09}, "barkbands_spread": {"dmean": 7.7887339592, "dmean2": 12.0510492325, "max": 124.981910706, "dvar": 67.878578186, "mean": 40.2335624695, "dvar2": 133.456283569, "min": 1.52376973629, "var": 204.772186279, "median": 41.6787261963}, "spectral_rms": {"dmean": 0.00125969632063, "dmean2": 0.00193609378766, "max": 0.0157861970365, "dvar": 3.51884273186e-06, "mean": 0.00535349082202, "dvar2": 7.67199526308e-06, "min": 3.22466662747e-12, "var": 5.61205888516e-06, "median": 0.00503035169095}, "spectral_centroid": {"dmean": 308.93460083, "dmean2": 496.675598145, "max": 11314.2792969, "dvar": 120611.945312, "mean": 2364.06225586, "dvar2": 283962.34375, "min": 165.826263428, "var": 298906.71875, "median": 2444.58764648}, "barkbands_skewness": {"dmean": 0.598813354969, "dmean2": 0.914810657501, "max": 10.9589166641, "dvar": 0.538933992386, "mean": 1.04778790474, "dvar2": 1.08713841438, "min": -2.10466146469, "var": 1.62021791935, "median": 0.754222154617}, "spectral_rolloff": {"dmean": 725.084411621, "dmean2": 1164.16345215, "max": 18970.7519531, "dvar": 753745, "mean": 2632.78100586, "dvar2": 1345278.375, "min": 21.533203125, "var": 2393366, "median": 2799.31640625}, "erbbands_spread": {"dmean": 8.88447666168, "dmean2": 14.4158725739, "max": 160.537750244, "dvar": 102.5519104, "mean": 41.783657074, "dvar2": 265.110931396, "min": 11.1381645203, "var": 233.008895874, "median": 39.0167770386}, "barkbands": {"dmean": [0.000443427765276, 0.0111296651885, 0.0048357648775, 0.00296275899746, 0.00210756016895, 0.000546098744962, 0.000904023996554, 0.000822697009426, 0.000378735043341, 0.00025312814978, 0.000218712099013, 0.000152179578436, 0.000211060934816, 0.000297114253044, 0.000381540070521, 0.000590356183238, 0.00031040905742, 0.00038227418554, 0.000348154950188, 0.000281213171547, 0.000273635057965, 0.000152555847308, 9.71324552665e-05, 6.86614730512e-05, 2.61053246504e-05, 1.02033845906e-05, 5.01957265442e-06], "dmean2": [0.000693975423928, 0.0185396131128, 0.0086266072467, 0.00549743790179, 0.00374187924899, 0.000942922779359, 0.00145971321035, 0.00131903286092, 0.000608573027421, 0.000407272425946, 0.000354205549229, 0.000250978075201, 0.000355602765922, 0.000488209334435, 0.00062727695331, 0.000969658198301, 0.00051132083172, 0.00062083551893, 0.000582463864703, 0.000467704056064, 0.000457751419162, 0.000257486710325, 0.000158602691954, 0.000111160545202, 4.17548799305e-05, 1.56316164066e-05, 8.846851415e-06], "max": [0.0132005214691, 0.159087121487, 0.0988551974297, 0.0653335526586, 0.0301387626678, 0.0174071695656, 0.0272193811834, 0.0327033698559, 0.0142310447991, 0.0170601587743, 0.0205532778054, 0.00773274013773, 0.00670410972089, 0.0060269087553, 0.00871775392443, 0.012811133638, 0.00966962426901, 0.00753387250006, 0.00524332514033, 0.00664607714862, 0.00496660824865, 0.00475468020886, 0.0054203341715, 0.0112638697028, 0.00113781378604, 0.000340823171427, 0.000349360430846], "dvar": [1.08353253836e-06, 0.000604824221227, 0.000113973124826, 4.37914713984e-05, 1.28808997033e-05, 1.07278322048e-06, 2.79632490674e-06, 3.53733184966e-06, 5.928938549e-07, 5.09106030222e-07, 2.03112861641e-07, 9.37088628916e-08, 1.53695665972e-07, 1.53439998485e-07, 2.70437595873e-07, 5.64908475553e-07, 1.74592116764e-07, 2.10906748066e-07, 1.37543040069e-07, 1.010818238e-07, 8.60371116573e-08, 5.18182332598e-08, 5.05180786092e-08, 7.63110534763e-08, 2.86322521248e-09, 3.63775259915e-10, 3.07228270602e-10], "mean": [0.000440488307504, 0.0116196908057, 0.00563971279189, 0.00264730025083, 0.00231103342958, 0.000645876163617, 0.0013486064272, 0.00105388311204, 0.000604546337854, 0.000401643745136, 0.000352821225533, 0.000253526086453, 0.000329023430822, 0.000550560478587, 0.000749406695832, 0.00123938161414, 0.000687644991558, 0.000886427704245, 0.000932310766075, 0.000786467688158, 0.000910671544261, 0.000375138857635, 0.000173644075403, 0.000114943941298, 5.19100976817e-05, 1.7855743863e-05, 4.1829980546e-06], "dvar2": [2.58056661551e-06, 0.0014740122715, 0.00032825418748, 0.000126583399833, 3.5648849007e-05, 2.87369994112e-06, 6.86822977514e-06, 8.61679563968e-06, 1.44735099639e-06, 1.19236733553e-06, 4.86129692945e-07, 2.32451213833e-07, 3.94970840034e-07, 3.85828258231e-07, 6.71479256198e-07, 1.41718805935e-06, 4.35734420989e-07, 5.428872214e-07, 3.65589272633e-07, 2.71627015991e-07, 2.34395258758e-07, 1.37813700007e-07, 1.24082760067e-07, 2.01412063916e-07, 7.07917058307e-09, 8.6491613871e-10, 8.56469450916e-10], "min": [1.73154148281e-23, 1.91262986785e-23, 6.9488011905e-24, 8.01748762488e-24, 3.95740908346e-23, 2.77485389063e-23, 1.30347488472e-22, 7.29907120963e-23, 4.70526499883e-23, 4.68711299386e-23, 1.18362141723e-22, 7.94157191121e-23, 1.03877595275e-22, 4.0162937635e-23, 8.52975101976e-23, 1.19687844563e-22, 2.46664107557e-22, 1.43930562544e-22, 2.39126308105e-22, 3.60688915319e-22, 2.98252430072e-22, 6.29065201292e-22, 4.14993847599e-22, 7.97101055936e-22, 1.33495005619e-21, 1.76502450091e-21, 2.63046585187e-21], "var": [1.04050502614e-06, 0.000533293641638, 7.93783037807e-05, 2.65172857326e-05, 1.01865598481e-05, 9.27201369905e-07, 5.02080456499e-06, 4.81387132822e-06, 7.70397264205e-07, 9.19313663417e-07, 3.87091660059e-07, 1.54070932012e-07, 2.17184506823e-07, 2.86894675128e-07, 5.0259825457e-07, 1.21012919863e-06, 3.9332974211e-07, 4.08737292901e-07, 2.54355427387e-07, 1.85071087344e-07, 2.07213034287e-07, 7.4856487231e-08, 7.63698153605e-08, 7.75593420599e-08, 4.39561054222e-09, 6.27844998213e-10, 2.01668098887e-10], "median": [0.000110115353891, 0.00431375950575, 0.00316276331432, 0.00131715205498, 0.00122464145534, 0.000366246240446, 0.000508196768351, 0.000340704398695, 0.00035924592521, 0.000193829648197, 0.000202383846045, 0.00016410475655, 0.000208015728276, 0.000403119367547, 0.000570821866859, 0.000920560618397, 0.000520592380781, 0.000746625824831, 0.0008740167832, 0.000738559872843, 0.000880651175976, 0.000325578730553, 0.000106235769636, 5.66486196476e-05, 3.26351291733e-05, 9.45768442762e-06, 7.05693992131e-07]}, "melbands_kurtosis": {"dmean": 8.64210414886, "dmean2": 13.839258194, "max": 314.429504395, "dvar": 274.065185547, "mean": 12.4998455048, "dvar2": 627.776611328, "min": -1.69726502895, "var": 677.543518066, "median": 4.78540229797}, "erbbands_crest": {"dmean": 1.76912522316, "dmean2": 2.96947836876, "max": 20.5912151337, "dvar": 3.15900945663, "mean": 6.26753616333, "dvar2": 7.97539138794, "min": 2.25097084045, "var": 6.59301662445, "median": 5.53596925735}, "melbands_skewness": {"dmean": 0.928052663803, "dmean2": 1.43040645123, "max": 13.6527032852, "dvar": 1.43040752411, "mean": 2.76033163071, "dvar2": 2.93168735504, "min": -0.193219810724, "var": 3.28238749504, "median": 2.26970672607}, "spectral_energyband_middle_low": {"dmean": 0.005939793773, "dmean2": 0.0104314871132, "max": 0.106623195112, "dvar": 0.000114710230264, "mean": 0.00872754584998, "dvar2": 0.000322374689858, "min": 3.35671321359e-22, "var": 9.22629260458e-05, "median": 0.00589713267982}, "spectral_contrast_coeffs": {"dmean": [0.0531133934855, 0.0505695864558, 0.035376701504, 0.029903113842, 0.0180838555098, 0.0173477642238], "dmean2": [0.0890391543508, 0.0840933099389, 0.0586559921503, 0.0501552037895, 0.0309448633343, 0.0276791453362], "max": [-0.406689405441, -0.524134457111, -0.564856052399, -0.618713796139, -0.695149183273, -0.590767979622], "dvar": [0.00179045763798, 0.00171456986573, 0.000801992893685, 0.000532228325028, 0.000190815480892, 0.000227892451221], "mean": [-0.666395425797, -0.764895319939, -0.801683664322, -0.775688409805, -0.803742408752, -0.686786651611], "dvar2": [0.00487385364249, 0.00445370795205, 0.00216228840873, 0.00146484177094, 0.000545698334463, 0.000526822288521], "min": [-0.950802028179, -0.959711909294, -0.970808684826, -0.9675578475, -0.963011860847, -0.958412289619], "var": [0.00384508445859, 0.0048812511377, 0.00242736539803, 0.00189098843839, 0.000624176929705, 0.00195805216208], "median": [-0.665870785713, -0.776036918163, -0.807056844234, -0.774770736694, -0.802320659161, -0.680576264858]}, "spectral_contrast_valleys": {"dmean": [0.461949378252, 0.378035485744, 0.284428358078, 0.234482377768, 0.170925959945, 0.216052174568], "dmean2": [0.750032842159, 0.628138542175, 0.472756057978, 0.381544053555, 0.270372241735, 0.323989123106], "max": [-4.75855207443, -4.7382979393, -5.6065993309, -5.55828428268, -5.29999542236, -7.72059488297], "dvar": [0.196250364184, 0.131655275822, 0.085779055953, 0.0692273452878, 0.0556526221335, 0.0795116201043], "mean": [-6.92676401138, -6.72489261627, -7.26387691498, -7.13148736954, -6.48957681656, -9.73751354218], "dvar2": [0.450367748737, 0.299255698919, 0.172796562314, 0.128266006708, 0.0858219116926, 0.145985275507], "min": [-27.5398635864, -27.1916599274, -27.1487560272, -27.0953216553, -27.2445163727, -27.2938518524], "var": [1.21167945862, 0.99579000473, 1.07013094425, 1.10756921768, 1.22541332245, 1.02743256092], "median": [-6.78897619247, -6.6165561676, -7.12199211121, -6.97378730774, -6.28085708618, -9.6053943634]}, "silence_rate_20dB": {"dmean": 0, "dmean2": 0, "max": 1, "dvar": 0, "mean": 1, "dvar2": 0, "min": 1, "var": 0, "median": 1}, "silence_rate_30dB": {"dmean": 0.0926790013909, "dmean2": 0.185387834907, "max": 1, "dvar": 0.0840863063931, "mean": 0.939510941505, "dvar2": 0.215399667621, "min": 0, "var": 0.0568325035274, "median": 1}, "spectral_strongpeak": {"dmean": 0.325519174337, "dmean2": 0.56230866909, "max": 8.38618469238, "dvar": 0.313746362925, "mean": 0.495493531227, "dvar2": 0.799757480621, "min": 0, "var": 0.389151096344, "median": 0.322805702686}, "spectral_spread": {"dmean": 330024.65625, "dmean2": 510767.15625, "max": 41468668, "dvar": 305271668736, "mean": 4015383.75, "dvar2": 447032164352, "min": 2396365.25, "var": 1656264196100.0, "median": 3800070.5}, "barkbands_flatness_db": {"dmean": 0.0199815984815, "dmean2": 0.0306784138083, "max": 0.347744375467, "dvar": 0.00050288438797, "mean": 0.0939477086067, "dvar2": 0.00100550753996, "min": 0.021800076589, "var": 0.00178171263542, "median": 0.0841413289309}, "pitch_salience": {"dmean": 0.0843242928386, "dmean2": 0.138311550021, "max": 0.864356398582, "dvar": 0.00721879722551, "mean": 0.577967762947, "dvar2": 0.0188972353935, "min": 0.0812254399061, "var": 0.0132834790275, "median": 0.592948913574}, "erbbands_kurtosis": {"dmean": 0.77342993021, "dmean2": 1.25746262074, "max": 8.11848640442, "dvar": 0.592458605766, "mean": 0.348264276981, "dvar2": 1.55250430107, "min": -1.68721151352, "var": 1.6172542572, "median": 0.16504406929}, "average_loudness": 0.95970004797, "barkbands_crest": {"dmean": 2.93000721931, "dmean2": 4.65031099319, "max": 25.8338699341, "dvar": 10.0380840302, "mean": 8.5221118927, "dvar2": 23.6213912964, "min": 2.14215874672, "var": 19.9125652313, "median": 7.33826541901}, "hfc": {"dmean": 7.68084955215, "dmean2": 12.1301040649, "max": 151.203277588, "dvar": 105.693862915, "mean": 30.7654342651, "dvar2": 271.449615479, "min": 1.23058997985e-16, "var": 214.575408936, "median": 29.6533317566}, "barkbands_kurtosis": {"dmean": 2.15960144997, "dmean2": 3.48680615425, "max": 153.36000061, "dvar": 20.1248989105, "mean": 1.76642477512, "dvar2": 46.1093635559, "min": -1.82648730278, "var": 120.846687317, "median": -0.850563049316}, "erbbands": {"dmean": [0.37962192297, 2.35761427879, 5.00856781006, 8.46916770935, 9.75884723663, 5.81597328186, 3.94771981239, 4.83447694778, 5.86434602737, 24.2791309357, 12.5155076981, 6.63819694519, 10.1319923401, 7.54655456543, 6.96236038208, 6.03767204285, 8.23829460144, 16.2884521484, 15.3103437424, 23.9309272766, 30.8067378998, 17.0869407654, 17.8801040649, 19.7633953094, 16.9019584656, 12.8339414597, 11.4728593826, 10.8925285339, 5.18770217896, 4.06023406982, 2.575122118, 1.72036015987, 0.950003087521, 0.391883283854, 0.15329477191, 0.0511348135769, 0.0177157148719, 0.00644725374877, 0.000939292658586, 3.97748590331e-05], "dmean2": [0.628839313984, 3.98228883743, 8.83373451233, 15.5887813568, 17.757982254, 10.1208896637, 6.98441314697, 8.22370052338, 9.76174736023, 38.5160827637, 20.5030269623, 10.7589035034, 16.296831131, 12.0896110535, 11.4388065338, 9.89544773102, 13.6383275986, 26.773771286, 24.7667140961, 39.5206222534, 50.6531105042, 28.1714820862, 29.1755084991, 32.2461395264, 28.208978653, 21.5056781769, 19.1478500366, 18.3629570007, 8.799451828, 6.78765964508, 4.20300245285, 2.80536770821, 1.55006575584, 0.634859263897, 0.246560797095, 0.0800311937928, 0.0272297468036, 0.0105691021308, 0.00169050088152, 6.64389808662e-05], "max": [6.26204061508, 36.0589141846, 90.6227340698, 185.25869751, 164.71194458, 92.3553848267, 113.770988464, 147.49647522, 226.723831177, 611.4453125, 742.030822754, 297.98147583, 473.403869629, 670.641784668, 375.956787109, 283.523681641, 364.475799561, 360.15625, 609.140930176, 397.30065918, 686.030029297, 511.87210083, 392.621612549, 374.557952881, 254.704971313, 293.995483398, 167.61050415, 235.331680298, 141.941513062, 171.340240479, 184.583435059, 285.075897217, 131.421279907, 18.8011474609, 5.68786859512, 2.20877695084, 0.569797694683, 0.329900830984, 0.0763401687145, 0.00144001794979], "dvar": [0.831533849239, 25.7793617249, 119.751983643, 378.556762695, 340.378631592, 89.3958282471, 62.5469932556, 80.3194503784, 115.103561401, 2288.26733398, 1104.77563477, 190.188919067, 623.06451416, 355.116119385, 209.814239502, 144.998031616, 233.601409912, 468.20614624, 688.460876465, 834.184082031, 1679.84729004, 533.829345703, 503.995910645, 516.123718262, 319.028106689, 223.753295898, 151.044921875, 148.778671265, 63.8242912292, 62.3154373169, 42.5866508484, 50.4995231628, 11.7677240372, 0.797136485577, 0.0978013128042, 0.00909289717674, 0.00125508545898, 0.000336638797307, 1.18197604024e-05, 7.84192266678e-09], "mean": [0.330798685551, 2.59229564667, 6.17501401901, 8.50212478638, 9.75573635101, 6.43471860886, 4.48064565659, 5.790599823, 8.60546684265, 35.8857879639, 17.3672637939, 11.1645421982, 15.8254518509, 14.3211994171, 12.0912618637, 10.7926330566, 15.146935463, 30.4556713104, 29.8530044556, 51.8193321228, 65.7614974976, 41.1069374084, 43.7454872131, 50.1304359436, 46.1997451782, 36.7005081177, 35.9663047791, 33.7703552246, 13.6469860077, 8.04923248291, 4.57004547119, 2.84122252464, 1.62305188179, 0.751846134663, 0.280674248934, 0.0948545262218, 0.029466798529, 0.00744803622365, 0.000753536471166, 6.19738420937e-05], "dvar2": [2.03302407265, 65.0631561279, 341.465667725, 1091.56555176, 971.815307617, 241.482055664, 172.678283691, 209.814575195, 303.947967529, 5334.70117188, 2811.97558594, 460.901824951, 1543.77941895, 729.678649902, 553.079589844, 340.49395752, 597.331848145, 1189.06286621, 1636.87194824, 2174.89819336, 4214.10888672, 1322.95788574, 1323.55114746, 1289.77807617, 860.796325684, 593.874023438, 412.449951172, 410.872009277, 173.056549072, 158.441711426, 104.524230957, 131.431762695, 31.2405853271, 2.00488114357, 0.247232452035, 0.0220486279577, 0.00306477141567, 0.000900636252481, 3.34049145749e-05, 2.07687680387e-08], "min": [1.19059219609e-21, 1.92333164325e-21, 8.21018520886e-21, 2.07474911425e-20, 1.85760725643e-20, 1.81112539287e-19, 2.04232457128e-19, 2.86116216262e-19, 1.50484047117e-18, 2.31885464312e-18, 1.12487619417e-18, 8.11690880101e-19, 1.07326849915e-18, 4.70970046931e-18, 2.78298961393e-18, 3.68361104358e-18, 3.9488419575e-18, 2.84596266717e-18, 3.67002584279e-18, 5.0768913199e-18, 7.93329238601e-18, 1.49175075157e-17, 8.27078703902e-18, 7.4996164801e-18, 1.43822207433e-17, 1.70320806007e-17, 1.56002326148e-17, 1.3081149185e-17, 2.31351382742e-17, 1.44909668697e-17, 1.20496475165e-17, 1.6134680626e-17, 1.2604930553e-17, 1.1833525902e-17, 1.00538120725e-17, 6.34681994173e-18, 3.34437145307e-18, 1.68716255531e-18, 3.41342102679e-19, 3.57779202501e-20], "var": [0.701783001423, 22.0559062958, 85.4577941895, 234.811630249, 235.840164185, 78.1867675781, 48.9540596008, 74.1813583374, 130.623580933, 4164.41796875, 1426.86999512, 239.504257202, 809.029602051, 978.733337402, 319.309661865, 267.218048096, 364.496856689, 920.308410645, 1353.11950684, 1584.64440918, 3648.28735352, 1188.36657715, 984.549926758, 979.749694824, 591.002868652, 401.832977295, 342.898529053, 313.92578125, 89.0132904053, 84.9396743774, 63.7651519775, 52.7865447998, 12.3132181168, 1.11794149876, 0.138689279556, 0.0153657989576, 0.00195343722589, 0.000290868803859, 7.3462247201e-06, 6.34023367141e-09], "median": [0.0657510757446, 1.08838832378, 3.56979560852, 4.61016368866, 4.72492742538, 3.39834833145, 2.46119022369, 3.1729388237, 5.07315921783, 10.1502256393, 7.73249673843, 7.27628421783, 8.06663131714, 8.36398124695, 7.41452121735, 6.92200040817, 10.383846283, 22.0450248718, 20.8258094788, 42.6581230164, 48.1189117432, 33.0006332397, 36.7774009705, 45.0658912659, 43.4547042847, 34.3288879395, 34.6859893799, 31.9719161987, 11.9124660492, 5.8443479538, 2.70719814301, 1.40516209602, 0.825317502022, 0.456844568253, 0.169171094894, 0.0554320812225, 0.0146094197407, 0.00238800863735, 0.000131662585773, 4.05963837693e-05]}, "spectral_energy": {"dmean": 0.0190511066467, "dmean2": 0.0305705145001, "max": 0.255434125662, "dvar": 0.00126999127679, "mean": 0.0351287089288, "dvar2": 0.00301777524874, "min": 1.06584370658e-20, "var": 0.00128409510944, "median": 0.025937050581}, "zerocrossingrate": {"dmean": 0.0118467323482, "dmean2": 0.0143997389823, "max": 0.51171875, "dvar": 0.000157270260388, "mean": 0.0836053565145, "dvar2": 0.000209482954233, "min": 0, "var": 0.00099672016222, "median": 0.0830078125}, "spectral_energyband_high": {"dmean": 0.000570492178667, "dmean2": 0.000936641474254, "max": 0.017340682447, "dvar": 7.35738012736e-07, "mean": 0.00202488782816, "dvar2": 1.91088702195e-06, "min": 7.82243298762e-21, "var