{"lowlevel": {"erbbands": {"mean": [0.0565915443003, 0.84784501791, 4.48840236664, 8.10735225677, 9.84559059143, 16.825963974, 16.1005992889, 10.8502111435, 8.53006076813, 18.9384307861, 23.183391571, 21.965057373, 21.2377967834, 22.4088134766, 21.2958869934, 18.0248260498, 25.7490882874, 38.4815788269, 30.1161022186, 33.1550521851, 31.7026233673, 21.9521923065, 14.7148084641, 15.8917989731, 13.4101400375, 11.4899721146, 11.7294511795, 7.92142248154, 6.681204319, 5.04588079453, 3.53360533714, 2.5967476368, 1.97537982464, 1.20270884037, 0.792433202267, 0.547234892845, 0.475910305977, 0.239645317197, 0.0438911505044, 0.000907963141799], "dvar": [0.0188955608755, 3.2295460701, 193.9112854, 344.302246094, 285.727081299, 456.511291504, 247.415771484, 111.799568176, 149.353256226, 526.297363281, 1285.68395996, 753.438964844, 730.328674316, 853.875488281, 899.239013672, 932.862976074, 1497.81750488, 2574.25048828, 1642.27172852, 3460.64428711, 3162.45996094, 1278.50976562, 393.648742676, 404.463897705, 352.989105225, 234.797225952, 216.194656372, 152.539520264, 99.0256576538, 71.6610488892, 56.5893936157, 37.9720993042, 36.7202682495, 6.14625120163, 1.14767670631, 0.558184742928, 0.817831337452, 0.237697005272, 0.00746061699465, 2.07552898246e-06], "min": [1.38514167838e-22, 5.84577990076e-22, 3.87236647e-21, 4.72035140197e-21, 1.88201974737e-20, 4.74022183125e-20, 6.2219724345e-20, 3.74628548462e-20, 1.31528670883e-19, 2.72949491314e-19, 2.78446313279e-19, 5.99550123953e-19, 9.1279091082e-19, 9.46503897456e-19, 1.18549498799e-18, 1.53512903347e-18, 1.51255972065e-18, 2.56951849286e-18, 2.75006699837e-18, 3.33070208665e-18, 4.4508475315e-18, 3.92359516443e-18, 6.65001182832e-18, 6.56107957271e-18, 6.43587668802e-18, 7.93604772463e-18, 9.60450493456e-18, 1.00399286731e-17, 1.14352541535e-17, 1.14716095686e-17, 1.0585321111e-17, 1.01541631429e-17, 1.19976443258e-17, 9.34711279771e-18, 6.42113922463e-18, 4.17518959237e-18, 2.45998323615e-18, 1.06613406637e-18, 2.57107974457e-19, 3.05509271853e-20], "dmean": [0.0535207055509, 0.73490858078, 4.93530797958, 7.05569601059, 7.83515930176, 10.276594162, 8.22123908997, 6.02703762054, 5.49797964096, 11.1950407028, 14.2660627365, 12.7924051285, 13.2713708878, 15.5507440567, 15.0535230637, 13.704990387, 18.3162670135, 25.6703281403, 20.138584137, 23.3427963257, 21.4722576141, 14.6858663559, 9.88450908661, 10.5171375275, 9.35821151733, 7.64036893845, 7.46540641785, 5.5235285759, 4.54155731201, 3.68141126633, 2.52319073677, 2.06951284409, 1.89982974529, 0.959699690342, 0.493368506432, 0.388174265623, 0.345590919256, 0.160234063864, 0.0297000277787, 0.000645919120871], "dmean2": [0.0783305615187, 1.14786577225, 8.60398197174, 12.4951200485, 13.3394002914, 16.8848419189, 12.6236028671, 9.79179859161, 8.67059230804, 16.6364536285, 21.827381134, 20.2002449036, 20.8087329865, 24.7758655548, 24.0473232269, 21.9524879456, 29.1939353943, 39.8369255066, 30.6635169983, 36.1914291382, 33.6440200806, 22.8095264435, 15.4011335373, 16.9694252014, 14.5617179871, 11.6310424805, 11.212896347, 8.61982536316, 6.90467357635, 5.53903770447, 3.76560878754, 3.18323707581, 3.0553047657, 1.48176527023, 0.730694770813, 0.536572337151, 0.536927938461, 0.258469194174, 0.0469995848835, 0.000999576295726], "dvar2": [0.0410392917693, 7.27291917801, 517.842956543, 968.637329102, 750.983276367, 1195.2376709, 561.937683105, 274.001983643, 354.457702637, 1095.77111816, 2942.69018555, 1792.2298584, 1766.91320801, 2104.62036133, 2034.58105469, 2178.51293945, 3682.5378418, 5959.04003906, 3514.8737793, 7780.54882812, 7082.02490234, 2986.56665039, 920.02355957, 1052.59545898, 837.959777832, 544.005249023, 486.589904785, 359.702362061, 213.723815918, 154.095535278, 123.699203491, 82.4147644043, 91.9953384399, 12.6800785065, 2.24524593353, 1.10932731628, 1.95847558975, 0.567506074905, 0.0176889207214, 4.95658605359e-06], "max": [2.3257420063, 45.2895622253, 212.460250854, 272.276641846, 303.346008301, 339.304443359, 449.459472656, 240.747192383, 266.45111084, 537.584838867, 670.003967285, 397.847839355, 400.656311035, 372.315765381, 536.184143066, 791.911010742, 936.049621582, 1068.12573242, 777.537597656, 855.512268066, 958.238098145, 775.984741211, 444.05255127, 311.084503174, 414.776489258, 345.837982178, 219.46762085, 256.691162109, 247.397888184, 236.033966064, 189.502212524, 139.452682495, 117.783607483, 39.7613334656, 20.5055618286, 9.96471691132, 10.836101532, 6.06023025513, 1.1234074831, 0.0153398253024], "median": [0.0148541554809, 0.248392596841, 1.17048323154, 3.21486878395, 5.21341514587, 8.38241100311, 7.53262996674, 7.10846471786, 4.62323856354, 6.7947769165, 7.5281586647, 9.06029701233, 9.47898483276, 8.74379444122, 8.92662239075, 5.63350391388, 9.89521503448, 16.2145767212, 10.5463123322, 9.9183921814, 6.22197628021, 5.3418545723, 5.37626647949, 6.23589754105, 4.76353120804, 3.62594389915, 3.25219511986, 2.17264389992, 1.72147285938, 1.38169765472, 0.884068906307, 0.645970821381, 0.370655030012, 0.372034221888, 0.337046414614, 0.125416398048, 0.024898391217, 0.00499232346192, 0.00141437503044, 8.3663398982e-05], "var": [0.0214772634208, 3.84130787849, 145.350418091, 252.828079224, 266.581542969, 705.677307129, 695.635559082, 216.433761597, 195.43447876, 1193.67382812, 2181.13720703, 1460.9934082, 1184.60095215, 1304.77490234, 1428.9173584, 1274.23120117, 2224.1027832, 4452.00195312, 3226.04833984, 6829.69628906, 7054.80273438, 2442.66333008, 630.193054199, 664.339538574, 486.574249268, 362.590087891, 443.295806885, 223.348953247, 158.104751587, 108.614143372, 84.8919296265, 57.0213165283, 35.2857780457, 7.61051893234, 1.73871421814, 0.901684105396, 1.40392327309, 0.439195781946, 0.0141680249944, 3.6583187466e-06]}, "gfcc": {"icov": [[6.56171469018e-05, -3.10453178827e-05, 4.46672929684e-05, 4.8486790547e-06, 3.58586476068e-05, -3.38979734806e-05, 7.3608927778e-05, 6.66207870381e-06, 0.000155756453751, -0.000117800853332, 0.000438784598373, -0.000199503774638, 0.000251392251812], [-3.10453178827e-05, 0.000816513842437, 0.00025489582913, -0.00013204786228, -0.000191341488971, 7.16929353075e-05, 0.000106280829641, 2.94181481877e-05, -0.00027221464552, 0.00146033649798, -0.00151404947974, 0.00178647064604, -0.000987719045952], [4.46672929684e-05, 0.00025489582913, 0.00134059821721, -0.000213153572986, -0.000600566971116, 9.13435651455e-05, -2.6503308618e-05, -2.91223432214e-06, 0.000107653766463, 0.000294861325528, -5.08841594637e-06, -0.000859028892592, 0.000464861223008], [4.8486790547e-06, -0.00013204786228, -0.000213153572986, 0.00231608538888, -0.000438996881712, -0.000811274396256, 0.000412634108216, -2.55624786405e-06, -0.000203565854463, 2.90313619189e-05, -0.000724624667782, 0.00107993755955, -0.000793758430518], [3.58586476068e-05, -0.000191341488971, -0.000600566971116, -0.000438996881712, 0.00336526869796, 0.000178377056727, -0.000901912222616, -4.00664648623e-05, -0.00095286522992, -0.00122158415616, 0.00186254223809, -0.00107993965503, 0.000500645372085], [-3.38979734806e-05, 7.16929353075e-05, 9.13435651455e-05, -0.000811274396256, 0.000178377056727, 0.00521402107552, -0.000819233071525, -0.00152484653518, -0.000395880866563, -0.000640568672679, -0.00148580165114, 0.000927497283556, -0.00155674037524], [7.3608927778e-05, 0.000106280829641, -2.6503308618e-05, 0.000412634108216, -0.000901912222616, -0.000819233071525, 0.00724449800327, -0.00129192066379, 0.000463765871245, 0.000479812471895, -0.00102859071922, -0.000213420702494, 0.00218474096619], [6.66207870381e-06, 2.94181481877e-05, -2.91223432214e-06, -2.55624786405e-06, -4.00664648623e-05, -0.00152484653518, -0.00129192066379, 0.00870500970632, -0.000805793737527, -0.00109889206942, -0.00031762351864, 0.000250191864325, -0.00198944308795], [0.000155756453751, -0.00027221464552, 0.000107653766463, -0.000203565854463, -0.00095286522992, -0.000395880866563, 0.000463765871245, -0.000805793737527, 0.0110845454037, -0.00203117611818, 0.00319112837315, -0.00320881418884, 0.0013855578145], [-0.000117800853332, 0.00146033649798, 0.000294861325528, 2.90313619189e-05, -0.00122158415616, -0.000640568672679, 0.000479812471895, -0.00109889206942, -0.00203117611818, 0.0175518244505, -0.00779298041016, 0.00613598059863, -0.000472955754958], [0.000438784598373, -0.00151404947974, -5.08841594637e-06, -0.000724624667782, 0.00186254223809, -0.00148580165114, -0.00102859071922, -0.00031762351864, 0.00319112837315, -0.00779298041016, 0.0232205819339, -0.00643493747339, 0.00268154451624], [-0.000199503774638, 0.00178647064604, -0.000859028892592, 0.00107993755955, -0.00107993965503, 0.000927497283556, -0.000213420702494, 0.000250191864325, -0.00320881418884, 0.00613598059863, -0.00643493747339, 0.0177279189229, -0.00463488744572], [0.000251392251812, -0.000987719045952, 0.000464861223008, -0.000793758430518, 0.000500645372085, -0.00155674037524, 0.00218474096619, -0.00198944308795, 0.0013855578145, -0.000472955754958, 0.00268154451624, -0.00463488744572, 0.0160497501493]], "mean": [-6.36069440842, 68.8091812134, -99.8888931274, 20.1323890686, -47.3411941528, 4.57999944687, -35.2130775452, -0.178667083383, -27.8357925415, 1.43218040466, -21.2763290405, -4.15586614609, -12.8996477127], "cov": [[19731.8671875, 32.5169334412, -740.826721191, -398.15612793, -298.618865967, -195.664154053, -235.878570557, -179.834396362, -194.820770264, -77.4265899658, -357.251281738, 0.395915240049, -230.80581665], [32.5169334412, 2342.07446289, -644.787475586, 265.362365723, -152.532272339, 107.105712891, -80.4966583252, 22.2841491699, -53.3198623657, -77.2952346802, 81.9164428711, -218.453216553, 129.843566895], [-740.826721191, -644.787475586, 1103.22216797, 13.4280366898, 255.280563354, -51.7852020264, 57.5846366882, -7.06884241104, 46.2697982788, -0.868042767048, -17.0453224182, 118.247619629, -48.0915184021], [-398.15612793, 265.362365723, 13.4280366898, 553.065917969, 52.0909957886, 119.36566925, -18.0148887634, 34.2887840271, 8.38781070709, 17.9782485962, 31.0627174377, -49.2890090942, 46.568145752], [-298.618865967, -152.532272339, 255.280563354, 52.0909957886, 408.256286621, -12.0505199432, 53.3428230286, 9.32817363739, 55.0462188721, 15.5439596176, -23.1596717834, 38.4660873413, -18.852186203], [-195.664154053, 107.105712891, -51.7852020264, 119.36566925, -12.0505199432, 258.01852417, 23.2823982239, 61.9182662964, 3.92144274712, 26.3677043915, 30.918170929, -25.6927776337, 34.8206520081], [-235.878570557, -80.4966583252, 57.5846366882, -18.0148887634, 53.3428230286, 23.2823982239, 164.190368652, 25.6560230255, 4.62164449692, 7.09185028076, 10.3612957001, 9.493683815, -21.5731277466], [-179.834396362, 22.2841491699, -7.06884241104, 34.2887840271, 9.32817363739, 61.9182662964, 25.6560230255, 138.336425781, 11.2229948044, 16.941362381, 12.5232725143, -4.66823625565, 21.5484771729], [-194.820770264, -53.3198623657, 46.2697982788, 8.38781070709, 55.0462188721, 3.92144274712, 4.62164449692, 11.2229948044, 107.307609558, 7.92957162857, -9.39020442963, 20.3614807129, -3.31098198891], [-77.4265899658, -77.2952346802, -0.868042767048, 17.9782485962, 15.5439596176, 26.3677043915, 7.09185028076, 16.941362381, 7.92957162857, 81.0266342163, 20.4354934692, -15.4613866806, -5.59867143631], [-357.251281738, 81.9164428711, -17.0453224182, 31.0627174377, -23.1596717834, 30.918170929, 10.3612957001, 12.5232725143, -9.39020442963, 20.4354934692, 67.8448791504, -0.532775104046, 6.4538025856], [0.395915240049, -218.453216553, 118.247619629, -49.2890090942, 38.4660873413, -25.6927776337, 9.493683815, -4.66823625565, 20.3614807129, -15.4613866806, -0.532775104046, 100.390762329, 1.99121391773], [-230.80581665, 129.843566895, -48.0915184021, 46.568145752, -18.852186203, 34.8206520081, -21.5731277466, 21.5484771729, -3.31098198891, -5.59867143631, 6.4538025856, 1.99121391773, 86.798866272]]}, "spectral_skewness": {"mean": 1.67680621147, "dvar": 0.064354531467, "min": -0.0975275412202, "dmean": 0.221509054303, "dmean2": 0.340403467417, "dvar2": 0.132008820772, "max": 8.04291534424, "median": 1.64010226727, "var": 0.299932599068}, "spectral_energyband_low": {"mean": 0.00928397569805, "dvar": 0.000370069057681, "min": 1.70729473848e-23, "dmean": 0.00786396022886, "dmean2": 0.0128292795271, "dvar2": 0.000904547749087, "max": 0.278177797794, "median": 0.00352377560921, "var": 0.000375996838557}, "spectral_energyband_middle_low": {"mean": 0.0115032568574, "dvar": 9.07469147933e-05, "min": 2.19447017932e-22, "dmean": 0.00569122796878, "dmean2": 0.0092745879665, "dvar2": 0.000230681616813, "max": 0.112733632326, "median": 0.00849348586053, "var": 0.000129328065668}, "mfcc": {"icov": [[0.000106308609247, -3.56643977284e-05, 5.65447589906e-05, -5.47159215785e-05, 6.24485255685e-05, -0.000135124981171, 7.6244425145e-05, -8.70188086992e-05, -3.54232688551e-05, 1.41843274832e-05, 4.06614781241e-05, -3.25598375639e-06, 3.33920033881e-05], [-3.56643977284e-05, 0.000779898429755, 0.000196729204617, -0.000137772658491, -0.000189186102943, 0.000315203680657, -0.000351664348273, -7.37948503229e-05, 0.000352970004315, -0.000355535681592, 0.000571877346374, -4.71849261885e-06, 0.000660306890495], [5.65447589906e-05, 0.000196729204617, 0.00196293112822, -0.000348702480551, -0.000663736718707, -3.45619337168e-05, -7.02730394551e-05, -0.000561910390388, 0.000849555071909, -0.000279180385405, 0.000634952390101, 5.49104224774e-05, -0.000173314692802], [-5.47159215785e-05, -0.000137772658491, -0.000348702480551, 0.00353517360054, -0.0015857926337, -0.000312628399115, -0.000437726994278, 0.000656758667901, -0.000623352942057, 0.000765641394537, -0.000230664474657, -0.000166078694747, 0.000232999998843], [6.24485255685e-05, -0.000189186102943, -0.000663736718707, -0.0015857926337, 0.00571233499795, -0.00212091812864, 0.000712505774572, -4.80489507027e-05, -0.00175752385985, -0.000257261650404, -0.000310378789436, 8.22052388685e-05, -0.00108147971332], [-0.000135124981171, 0.000315203680657, -3.45619337168e-05, -0.000312628399115, -0.00212091812864, 0.00828930083662, -0.00143967510667, -0.000809266522992, 3.1377941923e-05, -0.000751313695218, -0.000112151690701, -0.000783338327892, 0.0014296163572], [7.6244425145e-05, -0.000351664348273, -7.02730394551e-05, -0.000437726994278, 0.000712505774572, -0.00143967510667, 0.00696657551453, -0.000861758482642, -0.000139456868055, -0.00201134500094, -0.000749850994907, -0.000338695099344, -0.000961997488048], [-8.70188086992e-05, -7.37948503229e-05, -0.000561910390388, 0.000656758667901, -4.80489507027e-05, -0.000809266522992, -0.000861758482642, 0.0105628091842, -0.00400002626702, 0.00215245806612, -0.00163866067305, -0.000362166581908, -0.00193539529573], [-3.54232688551e-05, 0.000352970004315, 0.000849555071909, -0.000623352942057, -0.00175752385985, 3.1377941923e-05, -0.000139456868055, -0.00400002626702, 0.0168149992824, -0.00636617885903, 0.00412784237415, -0.00210004742257, -0.00259713456035], [1.41843274832e-05, -0.000355535681592, -0.000279180385405, 0.000765641394537, -0.000257261650404, -0.000751313695218, -0.00201134500094, 0.00215245806612, -0.00636617885903, 0.0146886687726, -0.00568932946771, 0.0037726755254, -0.000112006731797], [4.06614781241e-05, 0.000571877346374, 0.000634952390101, -0.000230664474657, -0.000310378789436, -0.000112151690701, -0.000749850994907, -0.00163866067305, 0.00412784237415, -0.00568932946771, 0.0145001122728, -0.00453547621146, 0.00483124190941], [-3.25598375639e-06, -4.71849261885e-06, 5.49104224774e-05, -0.000166078694747, 8.22052388685e-05, -0.000783338327892, -0.000338695099344, -0.000362166581908, -0.00210004742257, 0.0037726755254, -0.00453547621146, 0.012710926123, -0.00316216005012], [3.33920033881e-05, 0.000660306890495, -0.000173314692802, 0.000232999998843, -0.00108147971332, 0.0014296163572, -0.000961997488048, -0.00193539529573, -0.00259713456035, -0.000112006731797, 0.00483124190941, -0.00316216005012, 0.0146664166823]], "mean": [-655.209533691, 113.965400696, 2.24922251701, 21.4348049164, 2.04425954819, 6.78930282593, 0.526334941387, -3.30000305176, -2.32540941238, 0.83089864254, -1.78594970703, -7.46868467331, -6.77498245239], "cov": [[10166.4443359, 521.227355957, -323.941101074, 137.099822998, -30.5613384247, 147.044647217, -49.5811538696, 75.0218276978, 40.1536636353, -16.4233074188, -27.016418457, 6.68010139465, -45.2335166931], [521.227355957, 1489.27380371, -142.822097778, 53.7349510193, 3.38783550262, -27.33776474, 55.720489502, -27.9051437378, -26.1556167603, 29.8685474396, -21.8614311218, -38.2433700562, -73.3384399414], [-323.941101074, -142.822097778, 606.740844727, 96.5465393066, 113.555526733, 33.8028526306, 8.34080028534, 30.864112854, 4.00456809998, -4.41358184814, -24.7011451721, 2.01068091393, 31.7478733063], [137.099822998, 53.7349510193, 96.5465393066, 372.510162354, 141.645080566, 55.1085739136, 24.5881004333, 2.14981412888, 26.624671936, -0.732194960117, -2.0587952137, 13.5142278671, 7.76205873489], [-30.5613384247, 3.38783550262, 113.555526733, 141.645080566, 276.334259033, 77.8839416504, 11.5107688904, 24.8855342865, 48.1322746277, 17.1919975281, -5.25525999069, 13.6086750031, 29.152130127], [147.044647217, -27.33776474, 33.8028526306, 55.1085739136, 77.8839416504, 157.844573975, 35.5263290405, 20.3863868713, 19.1058444977, 18.48072052, 13.8786935806, 13.3884878159, -2.36324048042], [-49.5811538696, 55.720489502, 8.34080028534, 24.5881004333, 11.5107688904, 35.5263290405, 171.199142456, 19.5961208344, 17.5519695282, 35.5867996216, 18.6272983551, 8.3948135376, 7.56709194183], [75.0218276978, -27.9051437378, 30.864112854, 2.14981412888, 24.8855342865, 20.3863868713, 19.5961208344, 120.147544861, 36.4875221252, -2.66137766838, -0.349034965038, 18.8591537476, 29.0261001587], [40.1536636353, -26.1556167603, 4.00456809998, 26.624671936, 48.1322746277, 19.1058444977, 17.5519695282, 36.4875221252, 96.5645141602, 29.6777305603, -15.7184247971, 12.5962133408, 33.5834655762], [-16.4233074188, 29.8685474396, -4.41358184814, -0.732194960117, 17.1919975281, 18.48072052, 35.5867996216, -2.66137766838, 29.6777305603, 103.985984802, 31.2954311371, -14.7000198364, -7.32746839523], [-27.016418457, -21.8614311218, -24.7011451721, -2.0587952137, -5.25525999069, 13.8786935806, 18.6272983551, -0.349034965038, -15.7184247971, 31.2954311371, 105.565963745, 19.0137004852, -32.9973335266], [6.68010139465, -38.2433700562, 2.01068091393, 13.5142278671, 13.6086750031, 13.3884878159, 8.3948135376, 18.8591537476, 12.5962133408, -14.7000198364, 19.0137004852, 98.8854598999, 21.4286289215], [-45.2335166931, -73.3384399414, 31.7478733063, 7.76205873489, 29.152130127, -2.36324048042, 7.56709194183, 29.0261001587, 33.5834655762, -7.32746839523, -32.9973335266, 21.4286289215, 99.9270324707]]}, "silence_rate_20dB": {"mean": 1, "dvar": 0, "min": 1, "dmean": 0, "dmean2": 0, "dvar2": 0, "max": 1, "median": 1, "var": 0}, "dynamic_complexity": 3.16805958748, "silence_rate_60dB": {"mean": 0.0938471108675, "dvar": 0.0411652363837, "min": 0, "dmean": 0.0430134274065, "dmean2": 0.0860375463963, "dvar2": 0.0888308957219, "max": 1, "median": 0, "var": 0.0850398764014}, "dissonance": {"mean": 0.463809818029, "dvar": 0.000396170944441, "min": 0.129873812199, "dmean": 0.0185205340385, "dmean2": 0.0309426859021, "dvar2": 0.00101058441214, "max": 0.500000059605, "median": 0.471534490585, "var": 0.00100699276663}, "barkbands": {"mean": [3.91939247493e-05, 0.00307314959355, 0.00458193197846, 0.00253908894956, 0.00461026094854, 0.00136529339943, 0.000748880323954, 0.00107649574056, 0.00103446620051, 0.000586766633205, 0.000590160081629, 0.000462395779323, 0.000568184244912, 0.000863525259774, 0.000534215592779, 0.000508874596562, 0.000360849779099, 0.000270935473964, 0.000294580037007, 0.000272114324616, 0.000230701858527, 0.000177479727427, 0.000133418536279, 0.000123982463265, 0.000106244297058, 0.00024665586534, 0.000206907410757], "dvar": [1.79949442014e-08, 4.2744424718e-05, 0.000216085245484, 2.62578469119e-05, 3.2944681152e-05, 1.68005135492e-06, 1.02751016584e-06, 2.60626256932e-06, 1.38164296004e-06, 7.87306021266e-07, 7.33922547624e-07, 6.53490644709e-07, 7.81501512392e-07, 1.35039363158e-06, 7.06636342329e-07, 7.88888996794e-07, 3.75731872282e-07, 1.6671096148e-07, 1.70312006276e-07, 1.1999071603e-07, 1.09398840209e-07, 6.96664272937e-08, 7.05323088823e-08, 1.0118731808e-07, 3.04678628993e-08, 1.74583377088e-07, 1.48066106931e-07], "min": [1.73483800434e-25, 4.15861594595e-24, 2.70105973948e-24, 2.73022195499e-25, 1.34253444892e-23, 3.9804205505e-24, 8.4098212852e-24, 1.31024558321e-23, 2.2806274848e-23, 2.98014042617e-23, 1.91936200682e-23, 3.32749797085e-23, 3.13843704194e-23, 6.44218461974e-23, 4.37294345855e-23, 5.86683175842e-23, 5.69872045081e-23, 1.10848841135e-22, 1.4237316179e-22, 1.81808066007e-22, 2.21946230254e-22, 2.81358311143e-22, 3.82357397151e-22, 6.13285913216e-22, 9.44468805351e-22, 1.35951192836e-21, 2.00720505125e-21], "dmean": [3.98417687393e-05, 0.00266058417037, 0.00513378391042, 0.00208493205719, 0.00283542019315, 0.000738712958992, 0.000487200304633, 0.000686422339641, 0.000597014150117, 0.000403684214689, 0.000445334328106, 0.000365921645425, 0.00042558615678, 0.0005908269668, 0.000385697872844, 0.00036784785334, 0.000254321843386, 0.000194529638975, 0.000205117990845, 0.0001702773734, 0.000160038805916, 0.000120170494483, 9.68393433141e-05, 0.000110514898552, 7.32550615794e-05, 0.000169494742295, 0.000137213457492], "dmean2": [6.45428517601e-05, 0.00394399277866, 0.00909191276878, 0.00369099434465, 0.00465057464316, 0.00117513572332, 0.000740165298339, 0.00106426165439, 0.000942245416809, 0.000647137581836, 0.000722941302229, 0.00058861944126, 0.000683869759087, 0.000915122334845, 0.000589124683756, 0.000581736036111, 0.00039883912541, 0.000309781287797, 0.000322941486957, 0.00026365663507, 0.000245025294134, 0.000179770562681, 0.000146001941175, 0.000174840592081, 0.000109976805106, 0.00025917639141, 0.000216723594349], "dvar2": [4.26791686436e-08, 9.33553164941e-05, 0.000588570546824, 7.47673257138e-05, 8.6345244199e-05, 3.98385418521e-06, 2.27737155001e-06, 6.04703518547e-06, 3.30698958351e-06, 1.96796327145e-06, 1.75959542048e-06, 1.51280744376e-06, 1.92838820112e-06, 3.04855075228e-06, 1.58030263719e-06, 1.77175149929e-06, 8.52635423598e-07, 4.08103261407e-07, 4.46075006266e-07, 2.77549617067e-07, 2.50544900382e-07, 1.48639770714e-07, 1.534939571e-07, 2.37347506982e-07, 5.93721800612e-08, 4.13276865174e-07, 3.4534855331e-07], "max": [0.00392799871042, 0.164506405592, 0.215520441532, 0.0758822411299, 0.0849963799119, 0.0273545142263, 0.0237344633788, 0.0266617871821, 0.0156670436263, 0.015597531572, 0.0141348317266, 0.0156008936465, 0.0199854671955, 0.0179804898798, 0.0141405807808, 0.0139097496867, 0.0113577842712, 0.00767373107374, 0.00661368714646, 0.00833627581596, 0.00591031229123, 0.00605487450957, 0.00680276146159, 0.00541220977902, 0.00326733570546, 0.00466923136264, 0.00474625173956], "median": [4.19674188379e-06, 0.000845777685754, 0.00108824390918, 0.0010105271358, 0.00242705037817, 0.000893223157618, 0.000297436316032, 0.000316978810588, 0.000464770448161, 0.000183448690223, 0.00024348658917, 0.000115484894195, 0.000192465435248, 0.000298113300232, 0.000164514509379, 0.000102180580143, 7.34200511943e-05, 9.18210571399e-05, 9.5964918728e-05, 8.38891646708e-05, 6.69159926474e-05, 4.76676686958e-05, 3.49581823684e-05, 2.75639795291e-05, 3.94393864553e-05, 2.46837953455e-05, 6.67653785058e-06], "var": [1.76540293495e-08, 5.26169824298e-05, 0.000152288819663, 2.14637730096e-05, 4.3249448936e-05, 3.46057049683e-06, 1.78956952368e-06, 4.94388632433e-06, 2.76148443845e-06, 1.22397625546e-06, 1.05986202925e-06, 9.68925178313e-07, 1.14714180199e-06, 2.57063675235e-06, 1.35454513384e-06, 1.63577237799e-06, 6.99548081684e-07, 2.50820590963e-07, 2.63998316541e-07, 2.33730347077e-07, 1.6873056552e-07, 1.12737289726e-07, 1.05180433252e-07, 1.20914535273e-07, 4.19767367532e-08, 3.0987524724e-07, 2.88088472189e-07]}, "spectral_complexity": {"mean": 17.5499076843, "dvar": 41.1047058105, "min": 0, "dmean": 5.07185459137, "dmean2": 6.93000125885, "dvar2": 65.4346466064, "max": 62, "median": 15, "var": 135.482650757}, "spectral_energyband_high": {"mean": 0.00137259426992, "dvar": 2.52004906542e-06, "min": 7.10526578095e-21, "dmean": 0.000845196307637, "dmean2": 0.00127485825215, "dvar2": 5.37378809895e-06, "max": 0.0233056806028, "median": 0.000453612534329, "var": 4.49798017144e-06}, "hfc": {"mean": 26.2521457672, "dvar": 444.577941895, "min": 1.0908177645e-16, "dmean": 13.1790981293, "dmean2": 19.7580432892, "dvar2": 970.932922363, "max": 215.480010986, "median": 16.9932403564, "var": 818.99786377}, "melbands_kurtosis": {"mean": 14.0686206818, "dvar": 369.749359131, "min": -1.87614309788, "dmean": 8.790766716, "dmean2": 13.8212881088, "dvar2": 806.81628418, "max": 613.332702637, "median": 6.27948665619, "var": 1103.84350586}, "spectral_strongpeak": {"mean": 1.00941467285, "dvar": 1.62647640705, "min": 0, "dmean": 0.685010433197, "dmean2": 1.17993235588, "dvar2": 4.07566404343, "max": 11.4271459579, "median": 0.510897159576, "var": 2.15857219696}, "silence_rate_30dB": {"mean": 0.990180253983, "dvar": 0.0108198672533, "min": 0, "dmean": 0.0109398309141, "dmean2": 0.0218823812902, "dvar2": 0.027121566236, "max": 1, "median": 1, "var": 0.00972389895469}, "melbands_spread": {"mean": 28.6892223358, "dvar": 269.420135498, "min": 0.564187347889, "dmean": 10.3843460083, "dmean2": 15.5869817734, "dvar2": 563.9765625, "max": 269.622283936, "median": 21.8099212646, "var": 666.312988281}, "melbands_crest": {"mean": 12.7899808884, "dvar": 10.4730968475, "min": 1.80299341679, "dmean": 3.46662282944, "dmean2": 5.48515510559, "dvar2": 25.7701702118, "max": 39.1324386597, "median": 11.9530582428, "var": 27.6543464661}, "average_loudness": 0.811619818211, "spectral_flux": {"mean": 0.0869077146053, "dvar": 0.00203591701575, "min": 6.32809499246e-11, "dmean": 0.0340989306569, "dmean2": 0.0524117685854, "dvar2": 0.00391132524237, "max": 0.456084817648, "median": 0.0709995850921, "var": 0.00389451859519}, "spectral_rolloff": {"mean": 2464.03271484, "dvar": 4110961.5, "min": 21.533203125, "dmean": 950.932556152, "dmean2": 1570.89440918, "dvar2": 8970062, "max": 19789.0136719, "median": 1485.79101562, "var": 11033034}, "melbands": {"mean": [0.000679848017171, 0.00197656056844, 0.00143301684875, 0.000942194426898, 0.000643117702566, 0.000239949600655, 0.000135112350108, 0.000223413662752, 0.000181742565474, 0.000139607145684, 0.000105954211904, 9.03936088434e-05, 7.80605332693e-05, 5.36349834874e-05, 4.72065075883e-05, 6.83745092829e-05, 6.99296215316e-05, 5.42491434317e-05, 3.80936799047e-05, 3.70592497347e-05, 3.64545921911e-05, 2.35573770624e-05, 1.3397393559e-05, 1.38523409987e-05, 1.28123829199e-05, 1.07983896669e-05, 8.98474809219e-06, 7.23692664906e-06, 8.1970838437e-06, 5.50507684238e-06, 4.18121544499e-06, 3.95367260353e-06, 3.1103238598e-06, 2.71940530183e-06, 2.10489224628e-06, 1.6800325966e-06, 1.58014427143e-06, 1.38951077133e-06, 1.22139715586e-06, 9.30641988361e-07], "dvar": [2.11657334148e-06, 2.80605036096e-05, 8.78937498783e-06, 2.09430777431e-06, 3.50909573399e-07, 5.39958051604e-08, 3.44066428681e-08, 7.08007945605e-08, 7.29915115016e-08, 3.02212512793e-08, 1.95306970596e-08, 1.42070071263e-08, 1.22122729707e-08, 9.94874227445e-09, 6.70971322947e-09, 9.59066426276e-09, 8.73346905905e-09, 7.90803778017e-09, 3.59851970444e-09, 3.46048389943e-09, 4.84738915674e-09, 1.93710181229e-09, 4.25147472782e-10, 6.0906213406e-10, 3.1787492083e-10, 2.56449445013e-10, 2.17730000696e-10, 1.06565929692e-10, 1.15892725971e-10, 6.78949188537e-11, 5.0777142907e-11, 3.5754080252e-11, 2.776244859e-11, 2.4930628742e-11, 2.13244179259e-11, 1.68050937749e-11, 1.64317830176e-11, 1.75791568802e-11, 1.34118697051e-11, 3.59458534986e-12], "min": [1.19774595202e-24, 1.64089093211e-24, 9.46267942274e-25, 2.51683429127e-24, 3.18632042558e-24, 7.79894219134e-25, 1.79518492682e-24, 3.10874266086e-24, 1.59742962661e-24, 3.76275883839e-24, 4.15340867511e-24, 3.70328622032e-24, 2.44891770606e-24, 2.97044173633e-24, 4.53942553174e-24, 3.19481152714e-24, 4.02015902417e-24, 4.62256713241e-24, 3.51805379116e-24, 3.60879764438e-24, 5.04882062837e-24, 3.51477725739e-24, 4.44117763916e-24, 4.92072145028e-24, 3.96601752809e-24, 3.53944967106e-24, 4.80119679579e-24, 4.05723154241e-24, 5.87952192714e-24, 4.25489129183e-24, 5.43168559125e-24, 5.74456794221e-24, 5.03378060078e-24, 7.20103157633e-24, 4.98893938035e-24, 7.34883255553e-24, 5.90033207782e-24, 8.01954181868e-24, 7.02345188682e-24, 7.73166675284e-24], "dmean": [0.000589877483435, 0.00198446284048, 0.00121171004139, 0.000648104876745, 0.000326616835082, 0.000132663713885, 8.72401797096e-05, 0.000132845001644, 0.000111783891043, 8.34417733131e-05, 6.83539838064e-05, 6.36002368992e-05, 5.65952395846e-05, 4.23012243118e-05, 3.68688997696e-05, 4.95566091558e-05, 4.75743327115e-05, 3.88565531466e-05, 2.72739162028e-05, 2.69062293228e-05, 2.58058789768e-05, 1.65927758644e-05, 9.78228399617e-06, 9.98806081043e-06, 8.89798229764e-06, 7.84704025136e-06, 6.47096703688e-06, 5.0408966672e-06, 5.29734188603e-06, 3.85650537282e-06, 3.07614300254e-06, 2.73941896012e-06, 2.28043086281e-06, 2.10613097806e-06, 1.54886333803e-06, 1.24105065424e-06, 1.37063295824e-06, 1.36819051022e-06, 1.16470812372e-06, 7.27057454242e-07], "dmean2": [0.000854722515214, 0.00339433946647, 0.00212926254608, 0.00108755158726, 0.000509904930368, 0.000214289248106, 0.000135869791848, 0.000200191774638, 0.000170671904925, 0.000132458677399, 0.000107685831608, 0.000101295052445, 9.10966191441e-05, 6.79702134221e-05, 5.95576275373e-05, 7.78011672082e-05, 7.39469687687e-05, 5.96320787736e-05, 4.19294192398e-05, 4.24111713073e-05, 4.0521241317e-05, 2.60529159277e-05, 1.514352698e-05, 1.60123854585e-05, 1.456193786e-05, 1.24396647152e-05, 1.02760059235e-05, 7.75753778726e-06, 8.09919310996e-06, 5.99978238824e-06, 4.91684932058e-06, 4.18501031163e-06, 3.47091281583e-06, 3.21536685988e-06, 2.35004290516e-06, 1.88451031136e-06, 2.14225565287e-06, 2.20359402192e-06, 1.86543843483e-06, 1.11216616006e-06], "dvar2": [4.48159062216e-06, 7.24223282305e-05, 2.45938281296e-05, 5.53997142561e-06, 8.35973423818e-07, 1.29778214841e-07, 8.09952425129e-08, 1.55259598955e-07, 1.67759466763e-07, 7.2334657375e-08, 4.76406469829e-08, 3.53107942885e-08, 2.85206347428e-08, 2.26421477123e-08, 1.61824935674e-08, 2.30089085562e-08, 2.01315444315e-08, 1.68938658618e-08, 8.1470306057e-09, 7.92163934449e-09, 1.08371303043e-08, 4.50995507606e-09, 9.54810674969e-10, 1.58777213599e-09, 8.43862979494e-10, 6.76482092565e-10, 5.23476428871e-10, 2.53953968965e-10, 2.69569616629e-10, 1.58653007398e-10, 1.21667315112e-10, 7.87355666776e-11, 6.10504216625e-11, 5.63395614883e-11, 4.87170408181e-11, 3.5828576217e-11, 3.74203688869e-11, 4.31645344467e-11, 3.34383042089e-11, 7.20678941871e-12], "max": [0.0329775288701, 0.0790883004665, 0.0414992384613, 0.0226882323623, 0.0151117723435, 0.00509933196008, 0.00390012562275, 0.00477130990475, 0.00503730867058, 0.00244429986924, 0.0020994360093, 0.00161529611796, 0.00203832564875, 0.00212672702037, 0.00185410678387, 0.00242866855115, 0.0018826831365, 0.00176901638042, 0.00125360500533, 0.000880433886778, 0.00119244214147, 0.000958280579653, 0.000482275208924, 0.000603439402767, 0.00029926688876, 0.00027596190921, 0.000425421370892, 0.000171878302353, 0.000187731886399, 0.000140209434903, 0.000142931079608, 0.000142795630381, 0.000111125838885, 0.000149367217091, 0.000127596460516, 0.000130920714582, 8.09584089438e-05, 6.87184729031e-05, 7.28844461264e-05, 3.21310762956e-05], "median": [0.000189017577213, 0.000601491541602, 0.000683863006998, 0.000503480318002, 0.000314121076372, 0.000160513984156, 7.14933412382e-05, 7.58300593589e-05, 5.97653306613e-05, 5.7149794884e-05, 4.51731648354e-05, 3.36505981977e-05, 3.37692690664e-05, 1.06947554741e-05, 1.51463264046e-05, 2.41892994381e-05, 2.74387948593e-05, 1.31920223794e-05, 1.15441534945e-05, 9.10176095203e-06, 4.92369372296e-06, 4.77036201119e-06, 3.69001463696e-06, 4.58751947008e-06, 4.57658370578e-06, 3.38224754159e-06, 3.2995926631e-06, 1.83678048415e-06, 1.8465688072e-06, 1.61622858741e-06, 1.04350908714e-06, 9.48057277128e-07, 7.45381157685e-07, 7.20614480088e-07, 5.28141811174e-07, 3.70278996797e-07, 3.76676609903e-07, 2.36146647126e-07, 2.57592660091e-07, 2.85449090143e-07], "var": [2.63801712208e-06, 2.38767061091e-05, 6.56651855024e-06, 2.21894811148e-06, 9.52396192133e-07, 1.06484847606e-07, 4.69531009628e-08, 1.59951937917e-07, 1.2394282578e-07, 5.68793794287e-08, 3.1081921037e-08, 2.17181934659e-08, 1.83334556425e-08, 1.53755141952e-08, 9.44033384798e-09, 1.52052130886e-08, 1.5291165667e-08, 1.51541410531e-08, 7.16236936427e-09, 6.76454980919e-09, 1.08145901123e-08, 3.69253938537e-09, 6.24930662774e-10, 8.99806229526e-10, 5.00232744116e-10, 3.66840030575e-10, 2.62716515209e-10, 1.69879846301e-10, 2.95089036539e-10, 1.02389825785e-10, 6.87162410307e-11, 5.60995971899e-11, 4.0830450132e-11, 3.42945845333e-11, 2.94723204175e-11, 2.73740231871e-11, 2.20284537139e-11, 1.80689907481e-11, 1.22279460862e-11, 4.56545218297e-12]}, "spectral_energy": {"mean": 0.0256067831069, "dvar": 0.000576678954531, "min": 1.00327678287e-20, "dmean": 0.0136708831415, "dmean2": 0.0212692264467, "dvar2": 0.0013788837241, "max": 0.299968183041, "median": 0.018469940871, "var": 0.000753688509576}, "spectral_decrease": {"mean": -6.15372641732e-09, "dvar": 3.66999556798e-17, "min": -7.80569990866e-08, "dmean": 3.36177508053e-09, "dmean2": 5.26614263308e-09, "dvar2": 8.7970896373e-17, "max": 6.46386111303e-10, "median": -4.38459446528e-09, "var": 4.72746822615e-17}, "erbbands_spread": {"mean": 40.7329521179, "dvar": 151.489013672, "min": 1.56978261471, "dmean": 10.8502388, "dmean2": 16.6851673126, "dvar2": 349.375793457, "max": 183.772232056, "median": 37.7904205322, "var": 406.802093506}, "spectral_contrast_coeffs": {"mean": [-0.611735284328, -0.733781456947, -0.753365576267, -0.764842331409, -0.787418246269, -0.758009374142], "dvar": [0.00267733866349, 0.00154680141713, 0.00139342434704, 0.00108689023182, 0.000622020685114, 0.000345251726685], "min": [-0.982655465603, -0.982183694839, -0.980786144733, -0.968078792095, -0.967869341373, -0.964864492416], "dmean": [0.0587114132941, 0.0463106334209, 0.0437109731138, 0.0385433621705, 0.0268386900425, 0.0200379882008], "dmean2": [0.0972023382783, 0.0736195594072, 0.068064250052, 0.0598060004413, 0.0428686589003, 0.0302638299763], "dvar2": [0.00692524341866, 0.00369046325795, 0.00314356153831, 0.00244508543983, 0.0014179458376, 0.000710736087058], "max": [-0.244090914726, -0.406497806311, -0.469034075737, -0.498105108738, -0.589596152306, -0.58722949028], "median": [-0.612048745155, -0.738569259644, -0.754749238491, -0.769039511681, -0.793905258179, -0.758545100689], "var": [0.00860896520317, 0.00642555300146, 0.00617909897119, 0.00481684086844, 0.00255931867287, 0.00197693216614]}, "spectral_energyband_middle_high": {"mean": 0.00511074531823, "dvar": 1.30890666696e-05, "min": 1.20924021156e-21, "dmean": 0.00245360797271, "dmean2": 0.0036640339531, "dvar2": 2.80147851299e-05, "max": 0.0478568151593, "median": 0.00327207101509, "var": 2.96751604765e-05}, "erbbands_crest": {"mean": 8.97397041321, "dvar": 9.86655044556, "min": 2.40746498108, "dmean": 2.94079637527, "dmean2": 4.70535755157, "dvar2": 22.6945495605, "max": 32.5053367615, "median": 7.51474380493, "var": 25.7910175323}, "barkbands_crest": {"mean": 8.98336982727, "dvar": 5.86537885666, "min": 2.24850225449, "dmean": 2.59589886665, "dmean2": 4.18584442139, "dvar2": 14.4677362442, "max": 25.58659935, "median": 8.15359592438, "var": 15.5018472672}, "pitch_salience": {"mean": 0.567485928535, "dvar": 0.00483111897483, "min": 0.0593961365521, "dmean": 0.0744348838925, "dmean2": 0.119634307921, "dvar2": 0.011647711508, "max": 0.963593363762, "median": 0.573778688908, "var": 0.0133411455899}, "melbands_skewness": {"mean": 2.5659070015, "dvar": 1.2577381134, "min": -3.33254671097, "dmean": 0.926593363285, "dmean2": 1.39921188354, "dvar2": 2.66790413857, "max": 22.0677757263, "median": 2.2485640049, "var": 4.01715230942}, "spectral_spread": {"mean": 5469235.5, "dvar": 1024409010180.0, "min": 806261.375, "dmean": 678134.6875, "dmean2": 1000254.3125, "dvar2": 2014483841020.0, "max": 43266040, "median": 5088109.5, "var": 8535138107390.0}, "spectral_entropy": {"mean": 7.61026716232, "dvar": 0.0513940490782, "min": 4.05520677567, "dmean": 0.195818290114, "dmean2": 0.286498785019, "dvar2": 0.0960139334202, "max": 9.83585929871, "median": 7.60475921631, "var": 0.266380667686}, "erbbands_flatness_db": {"mean": 0.13488279283, "dvar": 0.00055593799334, "min": 0.0316158048809, "dmean": 0.021593503654, "dmean2": 0.0312681533396, "dvar2": 0.00107076764107, "max": 0.389105588198, "median": 0.131223186851, "var": 0.00235926546156}, "spectral_kurtosis": {"mean": 5.02459430695, "dvar": 4.82754945755, "min": -1.26003336906, "dmean": 1.45764315128, "dmean2": 2.35232186317, "dvar2": 11.1502056122, "max": 91.4912567139, "median": 4.44966411591, "var": 21.7190876007}, "erbbands_skewness": {"mean": 0.114600375295, "dvar": 0.195853799582, "min": -4.59517288208, "dmean": 0.422923773527, "dmean2": 0.638051271439, "dvar2": 0.415561586618, "max": 5.65298938751, "median": 0.131741195917, "var": 0.748792111874}, "erbbands_kurtosis": {"mean": 0.751324236393, "dvar": 4.15313863754, "min": -1.68566548824, "dmean": 1.17508471012, "dmean2": 1.86409962177, "dvar2": 10.3561410904, "max": 50.7637939453, "median": 0.0587842464447, "var": 6.385866642}, "barkbands_spread": {"mean": 28.7618255615, "dvar": 104.389541626, "min": 0.625267863274, "dmean": 8.08197307587, "dmean2": 12.3259124756, "dvar2": 225.471282959, "max": 143.169540405, "median": 23.9470939636, "var": 374.251068115}, "zerocrossingrate": {"mean": 0.0927035808563, "dvar": 0.000578479957767, "min": 0.00390625, "dmean": 0.0181873831898, "dmean2": 0.0193638149649, "dvar2": 0.000600963190664, "max": 0.65771484375, "median": 0.068359375, "var": 0.00546597549692}, "spectral_centroid": {"mean": 1474.63769531, "dvar": 163817.453125, "min": 167.062042236, "dmean": 325.11529541, "dmean2": 478.133789062, "dvar2": 302717.0625, "max": 11717.2314453, "median": 1265.20617676, "var": 996747.875}, "barkbands_skewness": {"mean": 1.37242126465, "dvar": 0.530791044235, "min": -9.87656879425, "dmean": 0.645411670208, "dmean2": 0.955305218697, "dvar2": 1.09715747833, "max": 13.9831485748, "median": 1.26859998703, "var": 1.90151762962}, "melbands_flatness_db": {"mean": 0.184890553355, "dvar": 0.000914536765777, "min": 0.00413841241971, "dmean": 0.0291242990643, "dmean2": 0.0422939993441, "dvar2": 0.00177864788566, "max": 0.651334583759, "median": 0.184987232089, "var": 0.00474637746811}, "spectral_contrast_valleys": {"mean": [-7.5834851265, -7.09845638275, -7.74859380722, -7.94324111938, -7.82422637939, -10.3322954178], "dvar": [0.286089271307, 0.238555088639, 0.277323871851, 0.25906175375, 0.27143189311, 0.305465459824], "min": [-28.0833320618, -27.790348053, -27.917842865, -27.5335559845, -27.419046402, -27.3921337128], "dmean": [0.531076967716, 0.439435392618, 0.481098175049, 0.447889149189, 0.407458782196, 0.400599122047], "dmean2": [0.811132013798, 0.666119217873, 0.707774102688, 0.652105748653, 0.566005587578, 0.567519187927], "dvar2": [0.526041030884, 0.427511453629, 0.486529201269, 0.461781054735, 0.494690805674, 0.531215369701], "max": [-5.11493635178, -4.45314979553, -4.79197788239, -5.29121685028, -5.53165960312, -7.49394369125], "median": [-7.20442390442, -6.82261323929, -7.59823703766, -7.74646663666, -7.7050151825, -10.1218290329], "var": [3.40010094643, 3.25636434555, 3.19742894173, 3.06571722031, 3.04583287239, 2.7482008934]}, "barkbands_flatness_db": {"mean": 0.116645440459, "dvar": 0.000583253451623, "min": 0.015344359912, "dmean": 0.0229992344975, "dmean2": 0.0344312638044, "dvar2": 0.00114697089884, "max": 0.527160763741, "median": 0.1119