{"tonal": {"hpcp": {"dvar": [0.0217183660716, 0.0223951358348, 0.0239006448537, 0.0242051240057, 0.0239709466696, 0.0187443122268, 0.0196590349078, 0.0222461912781, 0.0227660965174, 0.0207855198532, 0.0174009930342, 0.0174852032214, 0.0229135286063, 0.0363227017224, 0.0400693528354, 0.0372137390077, 0.0267114415765, 0.0243960786611, 0.028991645202, 0.0312954559922, 0.0318355225027, 0.0284116156399, 0.0281528308988, 0.0381859466434, 0.0532291866839, 0.0306779611856, 0.0343320965767, 0.0678252577782, 0.0675789192319, 0.0737319141626, 0.0761574730277, 0.0453346222639, 0.0355757661164, 0.0280156210065, 0.0215686988086, 0.0224682241678], "var": [0.0164100434631, 0.0172010976821, 0.0177935026586, 0.0190927386284, 0.0204058513045, 0.0157749000937, 0.0194102227688, 0.031599983573, 0.0220850966871, 0.0142044946551, 0.0110830338672, 0.0116354944184, 0.0217985995114, 0.0495416559279, 0.0599625818431, 0.0530470870435, 0.0276959706098, 0.0163930132985, 0.0185609515756, 0.0206814333797, 0.0236681383103, 0.0280584730208, 0.0354355201125, 0.0389479883015, 0.0414878875017, 0.0223805587739, 0.0412879884243, 0.0919034406543, 0.125854671001, 0.116942048073, 0.125010564923, 0.056845985353, 0.0243869423866, 0.0186258032918, 0.0183562058955, 0.0186132378876], "median": [0.0296824555844, 0.0299091096967, 0.0240304097533, 0.0322217419744, 0.0412714034319, 0.0390243902802, 0.0313438773155, 0.0191522892565, 0.0111739188433, 0.00845548231155, 0.00724541349337, 0.00720094144344, 0.032675858587, 0.116412118077, 0.164485424757, 0.111644200981, 0.0430466942489, 0.0119583122432, 0.00680401781574, 0.00648049404845, 0.0101041728631, 0.0238099582493, 0.0403238907456, 0.037359662354, 0.0163725353777, 0.00850510504097, 0.011807220988, 0.143698528409, 0.512932956219, 0.670291006565, 0.317356914282, 0.0377708375454, 0.00492532085627, 0.0102942595258, 0.0256632044911, 0.0315372534096], "max": [1, 1, 1, 1, 1, 1, 1, 1, 1, 1, 1, 1, 1, 1, 1, 1, 1, 1, 1, 1, 1, 1, 1, 1, 1, 1, 1, 1, 1, 1, 1, 1, 1, 1, 1, 1], "dmean": [0.0812451913953, 0.0851874947548, 0.0869914665818, 0.0911133214831, 0.0962544903159, 0.0850564092398, 0.0816155672073, 0.0801289454103, 0.0789957866073, 0.0672313645482, 0.0538413822651, 0.0539168007672, 0.0865824222565, 0.156472191215, 0.180983111262, 0.152345776558, 0.102012738585, 0.0695583820343, 0.07040887326, 0.074201837182, 0.0799863412976, 0.0870353057981, 0.0986286774278, 0.119422987103, 0.130238875747, 0.0952285081148, 0.112204164267, 0.259440362453, 0.296142905951, 0.324616760015, 0.312693327665, 0.1613394171, 0.0909356996417, 0.0770754218102, 0.0787327066064, 0.0832976549864], "dmean2": [0.146381795406, 0.153820738196, 0.156896546483, 0.162646278739, 0.168023779988, 0.149643331766, 0.14552025497, 0.140106007457, 0.143707603216, 0.124228648841, 0.0994159430265, 0.0991096496582, 0.151722595096, 0.26741501689, 0.3075530231, 0.259268134832, 0.176805689931, 0.128679826856, 0.131601274014, 0.138065233827, 0.14619538188, 0.155380547047, 0.171488836408, 0.211970865726, 0.240828469396, 0.177384480834, 0.210276216269, 0.461353600025, 0.508692026138, 0.576013505459, 0.545787453651, 0.283125251532, 0.171592786908, 0.144530698657, 0.140973463655, 0.148485139012], "mean": [0.0729347243905, 0.0747525244951, 0.0717503428459, 0.0814859420061, 0.0922786965966, 0.0829948112369, 0.0814313814044, 0.0859654098749, 0.0698401629925, 0.0486373417079, 0.0382495224476, 0.0386001653969, 0.0846457853913, 0.194404408336, 0.250526875257, 0.194935083389, 0.104613900185, 0.0531911067665, 0.0494827032089, 0.0529987476766, 0.062672868371, 0.0855816379189, 0.111052975059, 0.11670230329, 0.0979838445783, 0.0688125640154, 0.0952168628573, 0.271167397499, 0.542624950409, 0.624694645405, 0.405809104443, 0.156151354313, 0.0601234100759, 0.0550490394235, 0.073273152113, 0.0783870369196], "dvar2": [0.0609759576619, 0.0624834671617, 0.0673693045974, 0.0666528195143, 0.0650403127074, 0.0520756021142, 0.0557134561241, 0.0587616823614, 0.0641373023391, 0.0592300221324, 0.050130892545, 0.0502784512937, 0.0636745020747, 0.0933234095573, 0.106134578586, 0.0961509272456, 0.0719245746732, 0.0707774609327, 0.0848842784762, 0.0898549854755, 0.0917046517134, 0.0796380192041, 0.0752973258495, 0.107805743814, 0.151972979307, 0.0875281617045, 0.096894711256, 0.187144756317, 0.171288922429, 0.19417218864, 0.203207194805, 0.120155766606, 0.102212570608, 0.0807855725288, 0.0595891587436, 0.0624908693135], "min": [0, 0, 0, 0, 0, 0, 0, 0, 0, 0, 0, 0, 0, 0, 0, 0, 0, 0, 0, 0, 0, 0, 0, 0, 0, 0, 0, 0, 0, 0, 0, 0, 0, 0, 0, 0]}, "key_key": "F#", "thpcp": [1, 0.649611949921, 0.249964296818, 0.0962444767356, 0.0881215184927, 0.117294348776, 0.125480562449, 0.11675260216, 0.119662500918, 0.114856660366, 0.130441233516, 0.147718086839, 0.132856607437, 0.13035389781, 0.1376118958, 0.111798882484, 0.0778577849269, 0.0612291507423, 0.0617904551327, 0.135499462485, 0.311199098825, 0.401038944721, 0.312048584223, 0.167464062572, 0.0851473733783, 0.0792110264301, 0.0848394483328, 0.100325606763, 0.136997550726, 0.177771613002, 0.186814963818, 0.156850785017, 0.110153920949, 0.152421444654, 0.434079915285, 0.868624329567], "chords_key": "F#", "tuning_equal_tempered_deviation": 0.445787101984, "tuning_frequency": 434.193115234, "tuning_diatonic_strength": 0.782063961029, "chords_histogram": [62.6118621826, 0.364022433758, 0, 0, 0, 0, 0, 1.06173217297, 1.77460944653, 0, 0, 0, 0, 0, 8.44835472107, 0.697709679604, 0.0151676023379, 25.0265426636, 0, 0, 0, 0, 0, 0], "key_strength": 0.678912103176, "key_scale": "major", "chords_strength": {"dvar": 1.84689542948e-05, "var": 0.00217038276605, "median": 0.68505448103, "max": 0.782344996929, "dmean": 0.00496680336073, "dmean2": 0.00599240837619, "mean": 0.678858458996, "dvar2": 2.63812289631e-05, "min": 0.476283222437}, "chords_number_rate": 0.000758380105253, "tuning_nontempered_energy_ratio": 0.941085040569, "hpcp_entropy": {"dvar": 0.202369615436, "var": 0.489322215319, "median": 1.96038091183, "max": 4.20088863373, "dmean": 0.573628902435, "dmean2": 0.968365430832, "mean": 2.015157938, "dvar2": 0.558798193932, "min": 0}, "chords_changes_rate": 0.048991356045, "chords_scale": "major"}, "rhythm": {"bpm_histogram_first_peak_spread": {"dvar": 0, "var": 0, "median": 0.498559057713, "max": 0.498559057713, "dmean": 0, "dmean2": 0, "mean": 0.498559057713, "dvar2": 0, "min": 0.498559057713}, "bpm_histogram_first_peak_weight": {"dvar": 0, "var": 0, "median": 0.297945201397, "max": 0.297945201397, "dmean": 0, "dmean2": 0, "mean": 0.297945201397, "dvar2": 0, "min": 0.297945201397}, "bpm_histogram_first_peak_bpm": {"dvar": 0, "var": 0, "median": 117, "max": 117, "dmean": 0, "dmean2": 0, "mean": 117, "dvar2": 0, "min": 117}, "bpm": 117.953475952, "bpm_histogram_second_peak_weight": {"dvar": 0, "var": 0, "median": 0.0479452051222, "max": 0.0479452051222, "dmean": 0, "dmean2": 0, "mean": 0.0479452051222, "dvar2": 0, "min": 0.0479452051222}, "beats_loudness": {"dvar": 0.000374184717657, "var": 0.000823759590276, "median": 0.0400933437049, "max": 0.145170643926, "dmean": 0.0212803762406, "dmean2": 0.0374701321125, "mean": 0.0413467697799, "dvar2": 0.00115803501103, "min": 1.68348570639e-08}, "beats_loudness_band_ratio": {"dvar": [0.0275350864977, 0.0147209493443, 0.00686292443424, 0.00315806642175, 0.00153161038179, 6.09840753896e-05], "var": [0.0438919812441, 0.0251287184656, 0.00713627459481, 0.0035059065558, 0.00176751671825, 0.000634405529127], "median": [0.567712783813, 0.379135608673, 0.0827679559588, 0.0459879003465, 0.0417028851807, 0.00304509396665], "max": [0.997426271439, 0.738974452019, 0.568929672241, 0.430758416653, 0.389077365398, 0.206624642015], "dmean": [0.202310279012, 0.16511182487, 0.079526886344, 0.0465110354125, 0.0384397953749, 0.00469210604206], "dmean2": [0.35201305151, 0.280752331018, 0.137984901667, 0.0808698982, 0.0650216937065, 0.00828811712563], "mean": [0.58282071352, 0.353500634432, 0.101979337633, 0.0606341362, 0.0528137907386, 0.00861006323248], "dvar2": [0.0781122967601, 0.0419472567737, 0.0192664582282, 0.0100456224754, 0.00420703878626, 0.000161274190759], "min": [0.0417097434402, 0.00144143216312, 0.000582674809266, 0.000139156283694, 0.000117694267828, 2.69692391157e-05]}, "bpm_histogram_second_peak_bpm": {"dvar": 0, "var": 0, "median": 136, "max": 136, "dmean": 0, "dmean2": 0, "mean": 136, "dvar2": 0, "min": 136}, "onset_rate": 1.7934128046, "beats_count": 585, "beats_position": [0.580498874187, 1.18421769142, 1.77632653713, 2.36843538284, 2.96054410934, 3.50621318817, 4.05188179016, 4.59755086899, 5.14321994781, 5.6888885498, 6.1648979187, 6.64090681076, 7.12852573395, 7.60453510284, 8.08054447174, 8.54494285583, 9.0093421936, 9.4853515625, 9.96135997772, 10.4257593155, 10.9017686844, 11.3777770996, 11.8886165619, 12.387845993, 12.8870744705, 13.4907932281, 14.1061220169, 14.7214508057, 15.3483896255, 15.9753284454, 16.602268219, 17.2292060852, 17.9838542938, 18.7268924713, 19.5163707733, 20.2942390442, 21.0721092224, 21.8499774933, 22.6394557953, 23.4289340973, 24.3229026794, 25.2168693542, 26.0992279053, 26.9815864563, 27.8755550385, 28.7695236206, 29.6634922028, 30.5574588776, 31.4514274597, 32.3453979492, 33.2277526855, 34.1101112366, 34.9924697876, 35.9212684631, 36.8384590149, 37.7208137512, 38.6263923645, 39.427482605, 40.1821289062, 40.9483909607, 41.703037262, 42.4576873779, 43.2355537415, 44.0134239197, 44.8145103455, 45.6039886475, 46.4050788879, 47.2061653137, 47.9956436157, 48.7967338562, 49.5746040344, 50.3524703979, 51.0374603271, 51.7224464417, 52.4074363708, 53.0808143616, 53.603263855, 54.1373214722, 54.6713829041, 55.08934021, 55.4956893921, 55.8904304504, 56.2851676941, 56.6799087524, 57.0746459961, 57.4693870544, 57.8641242981, 58.2588653564, 58.6652145386, 59.0715637207, 59.5243530273, 59.977142334, 60.4183197021, 60.859500885, 61.3006782532, 61.7534675598, 62.2062568665, 62.6706581116, 63.1466636658, 63.6226730347, 64.1567306519, 64.6907958984, 65.2132415771, 65.6428070068, 66.0607681274, 66.478729248, 66.8850784302, 67.2914276123, 67.7093887329, 68.115737915, 68.5569152832, 68.9980926514, 69.4392700195, 69.9036712646, 70.3680725098, 70.8208618164, 71.273651123, 71.7264404297, 72.1908340454, 72.6436233521, 73.0964126587, 73.5608139038, 74.0252151489, 74.489616394, 74.9424057007, 75.4067993164, 75.9060287476, 76.4052581787, 76.9044876099, 77.3921051025, 77.8681182861, 78.3557357788, 78.8085250854, 79.2497024536, 79.6908798218, 80.1320648193, 80.5964584351, 81.0608596802, 81.5252609253, 81.9780502319, 82.4424438477, 82.8952331543, 83.3480224609, 83.8008117676, 84.2536010742, 84.7063903809, 85.170791626, 85.6351928711, 86.0995864868, 86.6104278564, 87.1096572876, 87.6088867188, 88.1081161499, 88.6073455811, 89.1181869507, 89.6406326294, 90.1630859375, 90.6855316162, 91.1847610474, 91.695602417, 92.2064361572, 92.7288894653, 93.251335144, 93.7621765137, 94.2730178833, 94.7838516235, 95.2946929932, 95.7939224243, 96.2931518555, 96.8039855957, 97.3148269653, 97.825668335, 98.3365097046, 98.8473434448, 99.346572876, 99.8574142456, 100.368255615, 100.867477417, 101.378318787, 101.889160156, 102.388389587, 102.887619019, 103.398452759, 103.909294128, 104.420135498, 104.930976868, 105.441810608, 105.941040039, 106.44026947, 106.95111084, 107.473556519, 107.984397888, 108.495239258, 108.994468689, 109.493690491, 109.992919922, 110.492149353, 111.002990723, 111.513832092, 112.036277771, 112.547119141, 113.046348572, 113.545578003, 114.056411743, 114.578865051, 115.10131073, 115.6121521, 116.122993469, 116.6222229, 117.121452332, 117.632286072, 118.15473938, 118.66557312, 119.17641449, 119.675643921, 120.174873352, 120.674102783, 121.184944153, 121.684173584, 122.206619263, 122.717460632, 123.228294373, 123.739135742, 124.238365173, 124.749206543, 125.271652222, 125.782493591, 126.293327332, 126.804168701, 127.315010071, 127.814239502, 128.313461304, 128.824310303, 129.335144043, 129.845977783, 130.356826782, 130.856048584, 131.355285645, 131.866119385, 132.376953125, 132.887802124, 133.398635864, 133.909469604, 134.408706665, 134.907928467, 135.418777466, 135.941223145, 136.452056885, 136.962905884, 137.462127686, 137.972961426, 138.460586548, 138.959823608, 139.470657349, 139.993103027, 140.515548706, 141.037994385, 141.548843384, 142.048065186, 142.558914185, 143.081359863, 143.580581665, 144.091430664, 144.590652466, 145.089889526, 145.589111328, 146.099945068, 146.610794067, 147.121627808, 147.644073486, 148.143310547, 148.642532349, 149.141769409, 149.652603149, 150.16343689, 150.685897827, 151.196731567, 151.695953369, 152.19519043, 152.694412231, 153.20526123, 153.727706909, 154.238540649, 154.749389648, 155.24861145, 155.759460449, 156.247070312, 156.746307373, 157.245529175, 157.767974854, 158.290420532, 158.801269531, 159.300491333, 159.799728394, 160.310562134, 160.821395874, 161.343856812, 161.854690552, 162.37713623, 162.876373291, 163.387207031, 163.886444092, 164.397277832, 164.908111572, 165.430557251, 165.929794312, 166.429016113, 166.916641235, 167.415863037, 167.938323975, 168.460769653, 168.971603394, 169.482452393, 169.981674194, 170.480911255, 170.991744995, 171.514190674, 172.025024414, 172.535873413, 173.046707153, 173.545944214, 174.045166016, 174.544403076, 175.055236816, 175.566070557, 176.076919556, 176.587753296, 177.098587036, 177.609436035, 178.120269775, 178.631103516, 179.141952515, 179.641174316, 180.140411377, 180.651245117, 181.150466919, 181.661315918, 182.183761597, 182.694595337, 183.205444336, 183.716278076, 184.215499878, 184.714736938, 185.21395874, 185.724807739, 186.247253418, 186.769699097, 187.268936157, 187.768157959, 188.26739502, 188.77822876, 189.300674438, 189.811508179, 190.310745239, 190.821578979, 191.332427979, 191.83164978, 192.342483521, 192.85333252, 193.375778198, 193.886611938, 194.397460938, 194.908294678, 195.407531738, 195.918365479, 196.429199219, 196.940048218, 197.450881958, 197.95010376, 198.44934082, 198.960174561, 199.47102356, 199.9818573, 200.49269104, 201.003540039, 201.502761841, 201.990386963, 202.489608765, 203.000442505, 203.511291504, 204.033737183, 204.556182861, 205.055419922, 205.554641724, 206.065490723, 206.576324463, 207.087158203, 207.586395264, 208.097229004, 208.608062744, 209.118911743, 209.606521606, 210.094146729, 210.59336853, 211.127426147, 211.638275146, 212.160720825, 212.659957886, 213.147567749, 213.64680481, 214.169250488, 214.691696167, 215.202529907, 215.713378906, 216.224212646, 216.723449707, 217.222671509, 217.733505249, 218.244354248, 218.766799927, 219.266021729, 219.765258789, 220.264480591, 220.77532959, 221.28616333, 221.79699707, 222.307846069, 222.81867981, 223.306304932, 223.793914795, 224.304763794, 224.815597534, 225.314819336, 225.814056396, 226.336502075, 226.835739136, 227.334960938, 227.834197998, 228.321807861, 228.809432983, 229.320266724, 229.831100464, 230.353561401, 230.87600708, 231.410064697, 231.932510376, 232.454956055, 232.977416992, 233.476638794, 233.999084473, 234.509933472, 235.009155273, 235.496780396, 235.984390259, 236.495239258, 237.006072998, 237.5052948, 238.00453186, 238.503753662, 239.002990723, 239.525436401, 240.036270142, 240.558731079, 241.069564819, 241.58039856, 242.091247559, 242.602081299, 243.112915039, 243.6121521, 244.111373901, 244.610610962, 245.109832764, 245.620681763, 246.143127441, 246.653961182, 247.17640686, 247.687255859, 248.209701538, 248.732147217, 249.266204834, 249.730606079, 250.195007324, 250.671020508, 251.193466187, 251.704299927, 252.215148926, 252.725982666, 253.236816406, 253.747665405, 254.258499146, 254.769332886, 255.280181885, 255.779403687, 256.278625488, 256.777862549, 257.300323486, 257.811157227, 258.321990967, 258.821228027, 259.32043457, 259.831298828, 260.342132568, 260.852966309, 261.363800049, 261.874633789, 262.385467529, 262.896331787, 263.407165527, 263.917999268, 264.428833008, 264.928070068, 265.427307129, 265.914916992, 266.414154053, 266.913360596, 267.424224854, 267.865386963, 268.30657959, 268.73614502, 269.165710449, 269.595275879, 270.024841309, 270.454406738, 270.965270996, 271.464477539, 272.05657959, 272.637084961, 273.229187012, 273.809692383, 274.390197754, 274.970703125, 275.551208496, 276.13168335, 276.723815918, 277.315917969, 277.90802002, 278.50012207, 279.080627441, 279.661132812, 280.241638184, 280.822113037, 281.402618408, 281.983123779, 282.56362915, 283.155731201, 283.759460449, 284.374786377, 284.978485107, 285.570617676, 286.174316406, 286.778045654, 287.230834961, 287.672027588, 288.113189697, 288.554382324, 288.995544434, 289.436737061, 289.86630249, 290.3074646, 290.760253906, 291.201446533, 291.631011963, 292.060577393, 292.50177002, 292.942932129, 293.372497559, 293.813690186, 294.266479492, 294.707672119, 295.148834229, 295.590026855, 296.031188965, 296.472381592, 296.901947021, 297.343109131, 297.784301758, 298.237091064, 298.689880371, 299.165893555, 299.641906738, 300.117919922, 300.501037598, 300.884155273, 301.25567627, 301.627197266, 301.975494385, 302.312194824, 302.660491943, 303.008789062, 303.345489502, 303.693786621, 304.04208374, 304.37878418, 304.715454102, 305.063751221], "danceability": 1.21836960316, "bpm_histogram_second_peak_spread": {"dvar": 0, "var": 0, "median": 0.540983617306, "max": 0.540983617306, "dmean": 0, "dmean2": 0, "mean": 0.540983617306, "dvar2": 0, "min": 0.540983617306}}, "lowlevel": {"spectral_flux": {"dvar": 0.000888095062692, "var": 0.00332992058247, "median": 0.0816983282566, "max": 0.412716180086, "dmean": 0.0236920975149, "dmean2": 0.0384793840349, "mean": 0.086918912828, "dvar2": 0.00197897455655, "min": 6.50365178378e-11}, "spectral_rolloff": {"dvar": 163813.359375, "var": 495747.03125, "median": 581.396484375, "max": 18884.6191406, "dmean": 290.403411865, "dmean2": 491.200683594, "mean": 796.424438477, "dvar2": 385944.6875, "min": 64.599609375}, "barkbands_flatness_db": {"dvar": 0.000367264845408, "var": 0.00232214154676, "median": 0.219712346792, "max": 0.474890559912, "dmean": 0.0221410896629, "dmean2": 0.0332351028919, "mean": 0.222536861897, "dvar2": 0.000835730344988, "min": 0.0260053146631}, "spectral_centroid": {"dvar": 28352.0410156, "var": 134711.53125, "median": 641.234863281, "max": 11262.3447266, "dmean": 144.542205811, "dmean2": 217.344726562, "mean": 701.794799805, "dvar2": 57311.1210938, "min": 107.93196106}, "melbands_skewness": {"dvar": 0.504581153393, "var": 1.4420478344, "median": 2.50378966331, "max": 16.0121860504, "dmean": 0.740854680538, "dmean2": 1.15026533604, "mean": 2.64631795883, "dvar2": 1.19499969482, "min": -0.383955508471}, "melbands": {"dvar": [8.62752676767e-06, 6.80318362356e-06, 5.8184732552e-06, 4.1212697397e-06, 4.54921860182e-07, 6.53268159567e-07, 9.71412461581e-08, 3.07030276758e-08, 1.01652510409e-07, 1.05566588804e-09, 5.01353458748e-10, 4.65147892426e-10, 3.80168646563e-10, 1.3203529825e-08, 2.96022251156e-09, 1.44002931801e-09, 5.50395007348e-10, 2.41564857006e-09, 3.02203373437e-09, 1.58854218668e-09, 2.87573187485e-10, 1.31783351592e-11, 1.09662149153e-11, 1.1550147774e-12, 3.27494715374e-12, 7.26001810752e-12, 2.78282930553e-12, 9.53042549393e-13, 2.79829328112e-13, 8.39521662366e-14, 7.74406817697e-15, 2.02898822757e-15, 3.49851526982e-16, 6.6303700938e-17, 4.64977479081e-17, 1.59362714299e-17, 4.71429628479e-18, 2.0830589513e-18, 2.09796453914e-18, 1.11350194376e-18], "var": [9.12465202418e-06, 6.15525959802e-06, 9.90766602627e-06, 7.43706414141e-06, 6.72760961606e-07, 1.15708542126e-06, 1.67945316321e-07, 4.41988916577e-08, 1.37805415079e-07, 1.72831604583e-09, 7.27587989857e-10, 9.15043485428e-10, 8.17748313509e-10, 2.48456739627e-08, 5.56354118331e-09, 2.19527707124e-09, 8.05257527325e-10, 4.30076907421e-09, 4.14801926141e-09, 1.21758614302e-09, 2.98942370858e-10, 2.73211887142e-11, 1.99860943767e-11, 2.49276294051e-12, 1.06407582398e-11, 2.56035904284e-11, 8.31908847365e-12, 2.72242536674e-12, 1.44573285635e-12, 4.81666356106e-13, 3.50769353884e-14, 5.76367507662e-15, 7.70896808455e-16, 1.27856592598e-16, 7.92336522604e-17, 2.93419624467e-17, 1.07244652977e-17, 4.73493320031e-18, 3.56776688033e-18, 2.36081648162e-18], "median": [0.00041605590377, 0.000349705602275, 0.0018491455121, 0.00166210823227, 0.000106798353954, 0.000429861771408, 0.000168163271155, 0.000181252675247, 0.000260205561062, 2.90419775411e-05, 1.96258151846e-05, 2.45210030698e-05, 3.06541842292e-05, 7.71896011429e-05, 4.28783860116e-05, 3.13326672767e-05, 2.21651316679e-05, 4.96824686707e-05, 3.55938027496e-05, 1.2341512047e-05, 1.27393686853e-05, 5.16021736985e-06, 2.64272921413e-06, 1.02424405668e-06, 1.68964322711e-06, 2.91075821224e-06, 8.49409502734e-07, 5.2670407058e-07, 7.1149992209e-07, 3.61619356681e-07, 1.07104384028e-07, 3.58632377129e-08, 1.08872306726e-08, 5.4065729671e-09, 3.93141519339e-09, 2.32702923597e-09, 1.52287382704e-09, 1.14235731985e-09, 7.56069318264e-10, 5.59530533017e-10], "max": [0.0410524755716, 0.0337893404067, 0.0346626080573, 0.0301524270326, 0.00904591567814, 0.0130139635876, 0.0041762329638, 0.00203075795434, 0.00348280742764, 0.000625357904937, 0.000294961180771, 0.000321617233567, 0.000335917604389, 0.00116401887499, 0.000840477063321, 0.000584403052926, 0.000366492226021, 0.000845461094286, 0.000886268680915, 0.000770664541051, 0.000265487935394, 6.09145899944e-05, 3.99286545871e-05, 1.89266920643e-05, 3.59086989192e-05, 3.78570475732e-05, 3.4565502574e-05, 4.26770893682e-05, 1.0289574675e-05, 5.85142197451e-06, 1.70245652953e-06, 7.43389932722e-07, 3.90619533164e-07, 1.55799497747e-07, 1.98975314447e-07, 1.15099020093e-07, 7.87574734318e-08, 2.21164544456e-08, 2.09118553585e-08, 1.98104199711e-08], "dmean": [0.00131114025135, 0.00121734826826, 0.00163229194004, 0.00141966540832, 0.000320779741742, 0.000537181680556, 0.000209381207242, 0.000151086322148, 0.000263881112915, 1.96159362531e-05, 1.71506417246e-05, 1.66315185197e-05, 1.60194031196e-05, 8.09798584669e-05, 3.43014362443e-05, 2.40897534241e-05, 1.49005609273e-05, 3.25325818267e-05, 2.91901578748e-05, 1.2331817743e-05, 8.71740030561e-06, 2.52883592111e-06, 2.23580900638e-06, 7.08491427304e-07, 1.11228996502e-06, 1.78818629593e-06, 8.94568927379e-07, 4.69895979904e-07, 3.44537312458e-07, 1.91152892626e-07, 5.90957185409e-08, 2.85876868844e-08, 9.98856020118e-09, 4.15437506618e-09, 3.1047329152e-09, 1.8241882449e-09, 1.12232756422e-09, 8.11839540038e-10, 7.08573144603e-10, 5.16515941129e-10], "dmean2": [0.0021421208512, 0.00213964679278, 0.00258567393757, 0.00220136670396, 0.000551138306037, 0.000831591547467, 0.000334000884322, 0.000258295272943, 0.0004594506172, 3.32235940732e-05, 2.96469643217e-05, 2.63727743004e-05, 2.657488767e-05, 0.000132950139232, 5.72324970562e-05, 4.11723121942e-05, 2.54200331256e-05, 5.49835167476e-05, 4.85723139718e-05, 2.14640913327e-05, 1.48046001414e-05, 4.23396113547e-06, 3.73796478925e-06, 1.15296313652e-06, 1.77918843747e-06, 2.92001573143e-06, 1.4468827203e-06, 7.54110430989e-07, 5.47742217805e-07, 2.98262420984e-07, 9.46353608811e-08, 4.63646898652e-08, 1.57062007844e-08, 6.5531056137e-09, 4.95960561508e-09, 2.98255775633e-09, 1.84680892801e-09, 1.34576760846e-09, 1.19973053714e-09, 8.47817205329e-10], "mean": [0.0014585419558, 0.00136778876185, 0.002816764405, 0.00247974623926, 0.00045411568135, 0.000849535979796, 0.000327468122123, 0.000230599544011, 0.000369621848222, 3.82760736102e-05, 2.68823951046e-05, 3.24186657963e-05, 3.51189883077e-05, 0.00013212794147, 6.49181820336e-05, 4.32318811363e-05, 2.80346939689e-05, 6.48411296424e-05, 5.51824668946e-05, 2.03537965717e-05, 1.59369519679e-05, 6.17296291239e-06, 4.10087477576e-06, 1.47699711306e-06, 2.71101362159e-06, 4.46499188911e-06, 2.04205775844e-06, 1.19779429042e-06, 1.07141443095e-06, 5.90291847402e-07, 1.6531301128e-07, 6.16876860704e-08, 2.02406340577e-08, 8.89394069503e-09, 6.54310028381e-09, 4.17657330942e-09, 2.76954592593e-09, 1.97253613443e-09, 1.51542733917e-09, 1.1562776292e-09], "dvar2": [2.11267106351e-05, 1.92215084098e-05, 1.6795915144e-05, 1.08465883386e-05, 1.24990572203e-06, 1.5839156049e-06, 2.48213240184e-07, 8.92077025583e-08, 3.07450221726e-07, 2.8245017436e-09, 1.43807021846e-09, 1.2229354196e-09, 1.07320907716e-09, 3.50879787447e-08, 8.53173354187e-09, 3.98947186397e-09, 1.56287327524e-09, 6.61750654274e-09, 8.32784152749e-09, 4.599658876e-09, 8.05471800369e-10, 3.57635691894e-11, 2.90656543972e-11, 3.10188333352e-12, 8.66624133566e-12, 1.93245280888e-11, 7.38673792272e-12, 2.72407747401e-12, 7.21816757841e-13, 2.03169688647e-13, 1.98577031961e-14, 5.18624678725e-15, 8.06964371322e-16, 1.62258107832e-16, 1.10269515166e-16, 4.08128002558e-17, 1.27747904375e-17, 5.28543926875e-18, 5.54358538073e-18, 2.91624841061e-18], "min": [7.44163415242e-24, 5.6820341494e-24, 5.89331239906e-24, 3.33314203396e-24, 2.54924464156e-24, 4.13214177397e-24, 2.57710385607e-24, 7.65238228756e-24, 1.98829077945e-24, 3.04719553582e-24, 5.18021053973e-24, 4.79909960908e-24, 5.56265148987e-24, 2.94872833991e-24, 6.78232708481e-24, 4.07205739426e-24, 8.13541601932e-24, 1.14595425564e-23, 9.88314366573e-24, 5.7189481066e-24, 8.33234804456e-24, 6.38825516948e-24, 7.32959697122e-24, 5.93403655443e-24, 7.5859467887e-24, 7.47998699191e-24, 7.23382925733e-24, 5.91364844434e-24, 5.53459367963e-24, 8.09031684137e-24, 1.03348296428e-23, 9.43896133355e-24, 7.88300498434e-24, 7.75352372194e-24, 5.59172219752e-24, 5.10325834172e-24, 7.86204652781e-24, 6.66454068533e-24, 1.01909429914e-23, 9.06905262217e-24]}, "spectral_decrease": {"dvar": 2.07243600836e-17, "var": 4.95168512648e-17, "median": -7.43570804929e-09, "max": 2.55235009401e-29, "dmean": 3.23275739511e-09, "dmean2": 5.12487341453e-09, "mean": -8.61088977899e-09, "dvar2": 5.52792561096e-17, "min": -6.03247940489e-08}, "barkbands_kurtosis": {"dvar": 68.1617126465, "var": 88.8414001465, "median": 2.69792103767, "max": 340.0597229, "dmean": 3.2321293354, "dmean2": 5.02747631073, "mean": 4.66353368759, "dvar2": 152.816574097, "min": -1.56075048447}, "silence_rate_30dB": {"dvar": 0.0174363851547, "var": 0.0117663629353, "median": 1, "max": 1, "dmean": 0.017750132829, "dmean2": 0.0355029590428, "mean": 0.988091647625, "dvar2": 0.0460788719356, "min": 0}, "gfcc": {"mean": [-93.9247207642, 185.081863403, -139.968154907, 15.3422393799, -21.3992214203, -13.419716835, -26.2848052979, -14.901263237, -14.445356369, 0.517118752003, -10.1436367035, -17.3027362823, -3.82337379456], "cov": [[13939.6591797, 3868.80712891, -2244.19189453, 699.315124512, 222.891143799, -687.776855469, 346.56149292, -648.906494141, -101.196304321, 168.164169312, 497.522277832, -467.87411499, 405.124328613], [3868.80712891, 1362.09350586, -480.193664551, -8.14181995392, 184.015869141, -171.651412964, 19.4573192596, -161.680892944, 56.4589729309, -29.5816764832, 40.3265228271, -184.298965454, 80.150642395], [-2244.19189453, -480.193664551, 659.678344727, -119.796035767, 29.657869339, 167.067611694, -100.539482117, 112.792098999, 62.4769248962, -79.0794525146, -124.211380005, 34.0578651428, -80.2029495239], [699.315124512, -8.14181995392, -119.796035767, 378.874725342, -27.9005317688, -44.9467277527, 154.139038086, -80.9278869629, -85.0466690063, 105.576194763, 158.417510986, 33.4296875, 72.7555618286], [222.891143799, 184.015869141, 29.657869339, -27.9005317688, 147.305252075, 35.443195343, -8.88632106781, 10.0489835739, 30.0522289276, -25.5441474915, -19.0150661469, -26.4610157013, -1.65640306473], [-687.776855469, -171.651412964, 167.067611694, -44.9467277527, 35.443195343, 138.189331055, -4.59212446213, 72.011138916, 40.9353065491, -6.32076835632, -33.179813385, 37.2521743774, -19.0824756622], [346.56149292, 19.4573192596, -100.539482117, 154.139038086, -8.88632106781, -4.59212446213, 129.532470703, -12.9043502808, -16.9602527618, 68.6170120239, 76.1301116943, 27.7717132568, 38.4420700073], [-648.906494141, -161.680892944, 112.792098999, -80.9278869629, 10.0489835739, 72.011138916, -12.9043502808, 135.538345337, 56.1047744751, -11.2193069458, -33.898891449, 13.6166973114, -30.9660167694], [-101.196304321, 56.4589729309, 62.4769248962, -85.0466690063, 30.0522289276, 40.9353065491, -16.9602527618, 56.1047744751, 93.102142334, -1.86504030228, -44.2358779907, -2.51071286201, -12.1614646912], [168.164169312, -29.5816764832, -79.0794525146, 105.576194763, -25.5441474915, -6.32076835632, 68.6170120239, -11.2193069458, -1.86504030228, 100.214263916, 87.8586120605, 45.4131965637, 36.555896759], [497.522277832, 40.3265228271, -124.211380005, 158.417510986, -19.0150661469, -33.179813385, 76.1301116943, -33.898891449, -44.2358779907, 87.8586120605, 146.732391357, 45.1722335815, 51.6631851196], [-467.87411499, -184.298965454, 34.0578651428, 33.4296875, -26.4610157013, 37.2521743774, 27.7717132568, 13.6166973114, -2.51071286201, 45.4131965637, 45.1722335815, 97.6047210693, 19.371295929], [405.124328613, 80.150642395, -80.2029495239, 72.7555618286, -1.65640306473, -19.0824756622, 38.4420700073, -30.9660167694, -12.1614646912, 36.555896759, 51.6631851196, 19.371295929, 61.5548248291]], "icov": [[0.00334330601618, -0.00898098945618, 0.00506687397137, -0.00663989502937, 0.00543795851991, -0.00430803839117, 0.00423305667937, -0.00148028868716, 0.00103390030563, 0.000907838169951, -0.000751956133172, 0.00178678450175, -0.000703415542375], [-0.00898098945618, 0.0279228221625, -0.0119773801416, 0.0190499462187, -0.0174331814051, 0.0123195797205, -0.0126192895696, 0.008529282175, -0.0100833848119, 0.00242414954118, -0.00331399193965, 0.000582971610129, -0.000684128783178], [0.00506687397137, -0.0119773801416, 0.0116276973858, -0.0115780541673, 0.00718343816698, -0.00890899635851, 0.00877700652927, -0.000959465862252, -0.00261926534586, 0.00478206202388, -0.00200020102784, 0.00322667090222, -0.000143526442116], [-0.00663989502937, 0.0190499462187, -0.0115780541673, 0.0233293101192, -0.0115710338578, 0.00908356998116, -0.0171640794724, 0.00680200196803, 0.000241093090153, -0.00240419106558, -0.00487446179613, 0.00129187304992, -0.00195865752175], [0.00543795851991, -0.0174331814051, 0.00718343816698, -0.0115710338578, 0.0204442329705, -0.0117847425863, 0.00717450259253, -0.00379499327391, 0.00279811606742, 0.00278535019606, -0.00111007108353, 0.00252571562305, -0.000511475664098], [-0.00430803839117, 0.0123195797205, -0.00890899635851, 0.00908356998116, -0.0117847425863, 0.022328749299, -0.00828740745783, -0.00222960067913, -0.00241129146889, -0.00215853913687, 0.00382383610122, -0.00737439515069, 0.00054348539561], [0.00423305667937, -0.0126192895696, 0.00877700652927, -0.0171640794724, 0.00717450259253, -0.00828740745783, 0.026932284236, -0.00655813375488, 0.0022766541224, -0.00596172735095, 0.0034948210232, -0.00098002620507, -0.000834441045299], [-0.00148028868716, 0.008529282175, -0.000959465862252, 0.00680200196803, -0.00379499327391, -0.00222960067913, -0.00655813375488, 0.0205502454191, -0.0157484263182, 0.00829248037189, -0.0105926627293, 0.00609267596155, 0.00192410347518], [0.00103390030563, -0.0100833848119, -0.00261926534586, 0.000241093090153, 0.00279811606742, -0.00241129146889, 0.0022766541224, -0.0157484263182, 0.0384576208889, -0.0224549304694, 0.0191899985075, -0.00742349820212, -0.000225790441618], [0.000907838169951, 0.00242414954118, 0.00478206202388, -0.00240419106558, 0.00278535019606, -0.00215853913687, -0.00596172735095, 0.00829248037189, -0.0224549304694, 0.0412358753383, -0.0232618674636, 0.00174183771014, -0.00270815240219], [-0.000751956133172, -0.00331399193965, -0.00200020102784, -0.00487446179613, -0.00111007108353, 0.00382383610122, 0.0034948210232, -0.0105926627293, 0.0191899985075, -0.0232618674636, 0.0344701260328, -0.0131872994825, -0.00111118983477], [0.00178678450175, 0.000582971610129, 0.00322667090222, 0.00129187304992, 0.00252571562305, -0.00737439515069, -0.00098002620507, 0.00609267596155, -0.00742349820212, 0.00174183771014, -0.0131872994825, 0.0280906911939, -0.00865579769015], [-0.000703415542375, -0.000684128783178, -0.000143526442116, -0.00195865752175, -0.000511475664098, 0.00054348539561, -0.000834441045299, 0.00192410347518, -0.000225790441618, -0.00270815240219, -0.00111118983477, -0.00865579769015, 0.0307581741363]]}, "silence_rate_20dB": {"dvar": 0, "var": 0, "median": 1, "max": 1, "dmean": 0, "dmean2": 0, "mean": 1, "dvar2": 0, "min": 1}, "barkbands_skewness": {"dvar": 0.309372723103, "var": 0.908864140511, "median": 1.67165803909, "max": 14.1933517456, "dmean": 0.55907535553, "dmean2": 0.851139187813, "mean": 1.78101277351, "dvar2": 0.704525828362, "min": -1.90352118015}, "erbbands_skewness": {"dvar": 0.0869740471244, "var": 0.258607387543, "median": 0.177247241139, "max": 4.49142169952, "dmean": 0.351299643517, "dmean2": 0.562446594238, "mean": 0.190819486976, "dvar2": 0.237285345793, "min": -1.56986474991}, "spectral_contrast_valleys": {"dvar": [0.150312125683, 0.101901717484, 0.0852171704173, 0.0798284262419, 0.0691879019141, 0.0388169847429], "var": [2.33311247826, 2.20624613762, 1.91389548779, 2.1755092144, 1.66962230206, 0.408641785383], "median": [-7.12889051437, -6.58138847351, -7.40388298035, -7.21730947495, -8.13075637817, -12.6822395325], "max": [-4.75050067902, -4.83601140976, -5.84335136414, -5.32525014877, -6.76540708542, -11.1696300507], "dmean": [0.436842143536, 0.333983570337, 0.285960257053, 0.253827303648, 0.214261323214, 0.144577458501], "dmean2": [0.724671363831, 0.568651914597, 0.476480036974, 0.415792584419, 0.342130929232, 0.236105173826], "mean": [-7.42100429535, -6.97214794159, -7.79619169235, -7.63162851334, -8.52238082886, -12.6597328186], "dvar2": [0.352224171162, 0.245742380619, 0.194774135947, 0.171028673649, 0.131497740746, 0.0692066252232], "min": [-27.6005992889, -27.2936973572, -27.223323822, -27.3515510559, -27.3194599152, -27.1985492706]}, "spectral_strongpeak": {"dvar": 0.138366252184, "var": 0.270085155964, "median": 0.644610881805, "max": 3.74587488174, "dmean": 0.347903162241, "dmean2": 0.571953356266, "mean": 0.747977912426, "dvar2": 0.379590749741, "min": 0}, "erbbands_crest": {"dvar": 6.08369922638, "var": 16.9974956512, "median": 8.55739212036, "max": 28.3750324249, "dmean": 2.68698716164, "dmean2": 4.48771381378, "mean": 9.56697654724, "dvar2": 17.406496048, "min": 2.02292490005}, "barkbands_crest": {"dvar": 5.23033046722, "var": 10.9664459229, "median": 10.2691268921, "max": 25.1886615753, "dmean": 2.73020243645, "dmean2": 4.45574331284, "mean": 10.6326494217, "dvar2": 13.9151544571, "min": 3.32209682465}, "spectral_energyband_middle_low": {"dvar": 0.000171041028807, "var": 0.000382472178899, "median": 0.0186451934278, "max": 0.204757496715, "dmean": 0.0094195175916, "dmean2": 0.0148162739351, "mean": 0.022536020726, "dvar2": 0.000470549071906, "min": 2.40275495428e-22}, "spectral_contrast_coeffs": {"dvar": [0.00246798433363, 0.00172871572431, 0.000888634764124, 0.000449059210951, 0.000215800493606, 0.000213333594729], "var": [0.01057776995, 0.00704932771623, 0.00383076653816, 0.00215361872688, 0.00147728540469, 0.00319815729745], "median": [-0.585397958755, -0.684375762939, -0.755094110966, -0.786153793335, -0.780826807022, -0.741038262844], "max": [-0.280065447092, -0.409754991531, -0.565575361252, -0.616629123688, -0.679676175117, -0.625559806824], "dmean": [0.0609172061086, 0.0516561754048, 0.0362102873623, 0.0262917093933, 0.018250271678, 0.0164227671921], "dmean2": [0.0966053456068, 0.0861378833652, 0.0602644234896, 0.0438338406384, 0.0303881913424, 0.0260379873216], "mean": [-0.58552390337, -0.686701416969, -0.758120775223, -0.784993350506, -0.785447597504, -0.755349397659], "dvar2": [0.00663315597922, 0.00475151557475, 0.00239991792478, 0.0012534634443, 0.000570479896851, 0.000499711139128], "min": [-0.972672402859, -0.970608592033, -0.964552104473, -0.967934131622, -0.961686193943, -0.964222550392]}, "hfc": {"dvar": 23.4794902802, "var": 80.0696868896, "median": 12.5807933807, "max": 91.3796844482, "dmean": 3.1530687809, "dmean2": 5.08057308197, "mean": 12.6724529266, "dvar2": 63.8158187866, "min": 1.13115717922e-16}, "spectral_energyband_high": {"dvar": 3.05057729078e-10, "var": 2.1104109571e-09, "median": 3.03477681882e-05, "max": 0.000414671812905, "dmean": 1.15125958473e-05, "dmean2": 1.7648208086e-05, "mean": 4.31935368397e-05, "dvar2": 7.33427873989e-10, "min": 7.31983352379e-21}, "erbbands_spread": {"dvar": 19.115480423, "var": 110.713035583, "median": 29.9599628448, "max": 110.703453064, "dmean": 5.29796504974, "dmean2": 8.66123867035, "mean": 30.8621768951, "dvar2": 51.4122276306, "min": 8.53832912445}, "dissonance": {"dvar": 0.000406211911468, "var": 0.00137210986577, "median": 0.450319886208, "max": 0.5, "dmean": 0.0231940187514, "dmean2": 0.0393424928188, "mean": 0.442332625389, "dvar2": 0.00115711067338, "min": 0.265549331903}, "spectral_kurtosis": {"dvar": 40.675491333, "var": 117.553245544, "median": 10.9922294617, "max": 79.242401123, "dmean": 6.74626302719, "dmean2": 11.750954628, "mean": 13.9450616837, "dvar2": 118.617164612, "min": -1.23853290081}, "spectral_skewness": {"dvar": 0.218545988202, "var": 0.797450840473, "median": 1.99000430107, "max": 7.36010122299, "dmean": 0.531462073326, "dmean2": 0.915165603161, "mean": 2.22173237801, "dvar2": 0.631497323513, "min": -0.00700323889032}, "pitch_salience": {"dvar": 0.0041206558235, "var": 0.0149255851284, "median": 0.547478437424, "max": 0.837631762028, "dmean": 0.0779923349619, "dmean2": 0.125510916114, "mean": 0.535916388035, "dvar2": 0.0104229459539, "min": 0.0663684085011}, "spectral_complexity": {"dvar": 4.13979768753, "var": 63.0167007446, "median": 18, "max": 38, "dmean": 2.07737231255, "dmean2": 3.47458648682, "mean": 16.7173080444, "dvar2": 10.7397861481, "min": 0}, "spectral_spread": {"dvar": 178419187712, "var": 1733318148100.0, "median": 2029042.5, "max": 41060512, "dmean": 199346.28125, "dmean2": 328295.59375, "mean": 2235441.75, "dvar2": 290843000832, "min": 1018358.875}, "dynamic_complexity": 5.0782661438, "melbands_crest": {"dvar": 7.47560501099, "var": 16.7232341766, "median": 13.0581035614, "max": 36.0110969543, "dmean": 3.03027772903, "dmean2": 4.94210958481, "mean": 13.6019201279, "dvar2": 18.7362327576, "min": 2.13150215149}, "zerocrossingrate": {"dvar": 3.94656599383e-05, "var": 0.000773152685724, "median": 0.02783203125, "max": 0.50146484375, "dmean": 0.00479862373322, "dmean2": 0.00595946097746, "mean": 0.0320133082569, "dvar2": 7.2445072874e-05, "min": 0.00244140625}, "spectral_energyband_low": {"dvar": 0.000180445669685, "var": 0.000201481234399, "median": 0.00277310237288, "max": 0.170569524169, "dmean": 0.00640221079811, "dmean2": 0.0106877600774, "mean": 0.00846529565752, "dvar2": 0.000467263889732, "min": 5.66994028063e-23}, "melbands_kurtosis": {"dvar": 132.053924561, "var": 215.777160645, "median": 7.89860057831, "max": 452.667236328, "dmean": 6.27099990845, "dmean2": 9.92340564728, "mean": 11.1902036667, "dvar2": 297.782318115, "min": -1.2753431797}, "spectral_energyband_middle_high": {"dvar": 3.1107920222e-06, "var": 8.32622754388e-06, "median": 0.00331309996545, "max": 0.0277305338532, "dmean": 0.00106257153675, "dmean2": 0.00174250733107, "mean": 0.00359844206832, "dvar2": 8.39662698127e-06, "min": 1.42877063417e-21}, "barkbands_spread": {"dvar": 9.20579147339, "var": 105.308227539, "median": 10.9766540527, "max": 89.4366073608, "dmean": 3.2789068222, "dmean2": 5.10299158096, "mean": 12.6073389053, "dvar2": 23.3445281982, "min": 0.199803248048}, "mfcc": {"mean": [-729.250305176, 213.745849609, -43.006816864, 33.5175247192, 10.0276279449, 9.43446540833, 0.519406676292, -16.0208454132, 0.599779784679, 3.31547641754, -4.17349863052, 2.33102607727, 2.43030071259], "cov": [[9851.54296875, 2877.46923828, -1483.06958008, 1434.51757812, -549.48046875, 310.933258057, 285.40536499, -626.739196777, -339.973480225, -68.6606216431, -127.124717712, 110.908958435, 52.0611763], [2877.46923828, 1700.49694824, -371.795501709, 125.882301331, 134.158493042, 31.591053009, -63.5375022888, -114.1823349, 37.5011329651, 48.6229248047, -49.5014686584, -26.4005031586, -34.5660591125], [-1483.06958008, -371.795501709, 4