{"tonal": {"chords_number_rate": 0.00133231817745, "thpcp": [1, 0.417642086744, 0.17777235806, 0.135630846024, 0.133439600468, 0.218936339021, 0.282161414623, 0.224209710956, 0.152198955417, 0.125044792891, 0.152761146426, 0.319113999605, 0.393191307783, 0.342656105757, 0.481646597385, 0.438266038895, 0.188881859183, 0.124903060496, 0.145808264613, 0.21228171885, 0.65909999609, 0.948570966721, 0.55490976572, 0.205316588283, 0.119946822524, 0.1112620309, 0.179539054632, 0.209715530276, 0.226388737559, 0.263280898333, 0.198410272598, 0.130141437054, 0.189418211579, 0.244896292686, 0.373609006405, 0.937316417694], "hpcp": {"dvar": [0.0210826769471, 0.0231603924185, 0.0203893855214, 0.0163842234761, 0.0154542466626, 0.0169390402734, 0.0241315439343, 0.0281355399638, 0.0273522865027, 0.0295112971216, 0.0265500601381, 0.0182610228658, 0.016310095787, 0.0190669745207, 0.0208696834743, 0.0323772951961, 0.0354983061552, 0.0286507830024, 0.0226851794869, 0.0148237040266, 0.0108991255984, 0.0152923930436, 0.0183527413756, 0.0304938368499, 0.0495097413659, 0.0311063528061, 0.0210560709238, 0.019101863727, 0.0211223680526, 0.025412986055, 0.042363204062, 0.0443784072995, 0.0273761898279, 0.0218083132058, 0.0191957317293, 0.0187649615109], "mean": [0.101798243821, 0.131195828319, 0.104250185192, 0.0707675367594, 0.0581417381763, 0.0710289403796, 0.148377582431, 0.182821109891, 0.159323886037, 0.223949924111, 0.203779384494, 0.0878238901496, 0.0580758415163, 0.067796073854, 0.0987040624022, 0.306459963322, 0.441054493189, 0.258014887571, 0.095465503633, 0.0557713508606, 0.0517332069576, 0.0834797918797, 0.0975108668208, 0.105263359845, 0.122417010367, 0.0922542884946, 0.0605115145445, 0.0880732759833, 0.113868772984, 0.173715978861, 0.435821503401, 0.464967310429, 0.194189921021, 0.0826583355665, 0.0630639120936, 0.0620450489223], "min": [0, 0, 0, 0, 0, 0, 0, 0, 0, 0, 0, 0, 0, 0, 0, 0, 0, 0, 0, 0, 0, 0, 0, 0, 0, 0, 0, 0, 0, 0, 0, 0, 0, 0, 0, 0], "median": [0.0452322810888, 0.0621538311243, 0.0493111982942, 0.0257112551481, 0.0165160037577, 0.0237900409847, 0.0684206485748, 0.0833501070738, 0.0782653018832, 0.0785339772701, 0.0711157470942, 0.0354552716017, 0.0169653818011, 0.0175773762167, 0.0394841432571, 0.215067058802, 0.335059940815, 0.16760417819, 0.0298952609301, 0.0156312678009, 0.016279604286, 0.0280311014503, 0.0331601835787, 0.0327111519873, 0.024568490684, 0.0160802602768, 0.0150305880234, 0.0347591005266, 0.0472265928984, 0.104741841555, 0.318238079548, 0.372794032097, 0.133951425552, 0.0271322410554, 0.0187984704971, 0.0203933641315], "dvar2": [0.0557080954313, 0.0607060566545, 0.0553828515112, 0.0438454374671, 0.0424439869821, 0.046606592834, 0.0622667036951, 0.0712879747152, 0.0744112432003, 0.0731032192707, 0.0662808567286, 0.0500548370183, 0.0465772971511, 0.0516453050077, 0.0553795658052, 0.0853261575103, 0.0875712111592, 0.0730041489005, 0.0600015260279, 0.0415573827922, 0.0290772039443, 0.0394857376814, 0.0466826148331, 0.0904048606753, 0.141964003444, 0.0857895612717, 0.0607476346195, 0.0523363389075, 0.0565690509975, 0.0680964514613, 0.103164821863, 0.108411580324, 0.0759644955397, 0.0601290464401, 0.0531491748989, 0.0512751452625], "var": [0.025521138683, 0.036239631474, 0.0247075781226, 0.0175241604447, 0.0156628713012, 0.0181118194014, 0.0415878631175, 0.0586126782, 0.0417982637882, 0.0952403768897, 0.0820123925805, 0.0198653321713, 0.0144691802561, 0.0203414093703, 0.0258953440934, 0.0759880170226, 0.13269802928, 0.0671874880791, 0.0285148285329, 0.013925393112, 0.0115559976548, 0.0241850148886, 0.0314380154014, 0.0331803746521, 0.0560497790575, 0.035930108279, 0.0187266040593, 0.0217542350292, 0.0301308799535, 0.0375142581761, 0.139118850231, 0.142949745059, 0.039517659694, 0.023421080783, 0.0172373335809, 0.0162893477827], "dmean2": [0.130337387323, 0.146270409226, 0.129437372088, 0.104918703437, 0.0922242254019, 0.106196060777, 0.155243873596, 0.18243175745, 0.174762263894, 0.175886064768, 0.164234116673, 0.12023050338, 0.0989236012101, 0.10886425525, 0.140803575516, 0.242676600814, 0.245938912034, 0.210917204618, 0.140979811549, 0.0934122875333, 0.0799039527774, 0.101624302566, 0.116501145065, 0.174484863877, 0.203715011477, 0.159050390124, 0.107620276511, 0.121515519917, 0.144905760884, 0.189610272646, 0.26480615139, 0.277765542269, 0.212398767471, 0.133208394051, 0.108735851943, 0.106117650867], "max": [1, 1, 1, 1, 1, 1, 1, 1, 1, 1, 1, 1, 1, 1, 1, 1, 1, 1, 1, 1, 1, 1, 1, 1, 1, 1, 1, 1, 1, 1, 1, 1, 1, 1, 1, 1], "dmean": [0.0767506435513, 0.0858267322183, 0.0757794380188, 0.0608742907643, 0.0527325496078, 0.0608148165047, 0.0937606021762, 0.109149388969, 0.102022513747, 0.105534628034, 0.0992645174265, 0.0693026036024, 0.0557542145252, 0.0619649291039, 0.0815507397056, 0.144283488393, 0.147752314806, 0.124860405922, 0.0820193663239, 0.0536827072501, 0.0464539863169, 0.0604964829981, 0.0691227167845, 0.0977026671171, 0.113067850471, 0.0898379608989, 0.0608563311398, 0.0709813013673, 0.085715956986, 0.110914923251, 0.156104937196, 0.163223356009, 0.122931860387, 0.0761734992266, 0.0614371672273, 0.0601046681404]}, "key_strength": 0.861442446709, "chords_strength": {"dvar": 0.000364926847396, "mean": 0.557661950588, "min": -1, "median": 0.581414759159, "dvar2": 0.000684099504724, "var": 0.0471606142819, "dmean2": 0.00686224689707, "max": 0.832917094231, "dmean": 0.00661745853722}, "tuning_equal_tempered_deviation": 0.224254578352, "chords_key": "G", "tuning_frequency": 434.193115234, "chords_scale": "major", "chords_changes_rate": 0.0336886197329, "key_scale": "major", "tuning_diatonic_strength": 0.692532122135, "hpcp_entropy": {"dvar": 0.238201379776, "mean": 1.90222036839, "min": 0, "median": 1.94542455673, "dvar2": 0.639786303043, "var": 0.613769710064, "dmean2": 0.945172786713, "max": 4.46643257141, "dmean": 0.558742344379}, "chords_histogram": [59.6878585815, 1.65588128567, 6.71869039536, 0, 1.65588128567, 0, 0, 0, 0, 0, 0, 0, 0, 0.0380662344396, 0, 5.57670354843, 0.456794828176, 6.01446533203, 0, 0.856490314007, 0.380662351847, 0.456794828176, 16.4826793671, 0.0190331172198], "tuning_nontempered_energy_ratio": 0.948105275631, "key_key": "G"}, "metadata": {"version": {"extractor": "music 1.0", "essentia_build_sha": "ca57ba49d9b1854bd80e60cf9ccf267278fb7d6b", "essentia": "2.1-beta1", "essentia_git_sha": "v2.1_beta1-28-g21ef5f4-dirty"}, "audio_properties": {"sample_rate": 44100, "length": 243.933334351, "lossless": true, "analysis_sample_rate": 44100, "downmix": "mix", "bit_rate": 0, "equal_loudness": 0, "md5_encoded": "04fecba3e7610f2ab9974064597679f8", "codec": "flac", "replay_gain": -8.0711555481}, "tags": {"totaltracks": ["8"], "album": ["Knocked Out Loaded"], "tracktotal": ["8"], "date": ["1986"], "acoustid_id": ["963a62cb-36ca-478e-a5c6-a623880cd4e1"], "musicbrainz_recordingid": ["8072cb75-2ffa-402c-898f-d197bb7d50f9"], "albumartistsort": ["Dylan, Bob"], "musicbrainz_releasegroupid": ["423bf65a-6e28-3a14-8ea7-08912eb15e29"], "title": ["They Killed Him"], "artistsort": ["Dylan, Bob"], "musicbrainz_albumid": ["3bc7d60b-0373-382e-bd7d-c76518d1b521"], "albumartist": ["Bob Dylan"], "musicbrainz_artistid": ["72c536dc-7137-4477-a521-567eeb840fa8"], "file_name": "02 - They Killed Him.flac", "tracknumber": ["2"], "musicbrainz_albumartistid": ["72c536dc-7137-4477-a521-567eeb840fa8"], "artist": ["Bob Dylan"]}}, "lowlevel": {"melbands": {"dvar": [1.04176151581e-05, 5.66464495932e-06, 8.76072249412e-07, 2.04590477892e-07, 4.34216147482e-08, 1.35095072906e-08, 1.11441345041e-08, 5.99500253884e-08, 1.13416490422e-07, 4.15297840561e-08, 4.76544101957e-08, 3.46160824449e-08, 1.56706114751e-08, 9.29151333651e-09, 6.82577550037e-09, 1.31602071463e-08, 2.01606944472e-08, 6.74734268458e-09, 2.88833068574e-09, 2.75836886665e-09, 9.55294510163e-10, 6.16193041036e-10, 2.60524685158e-10, 2.85890533469e-10, 7.68661301276e-10, 8.32596103173e-10, 4.66714944469e-10, 3.2917529813e-10, 6.73779421145e-10, 6.21100670894e-10, 2.3238262703e-10, 3.3288258261e-10, 7.57602244827e-11, 1.53351116527e-11, 9.29618187984e-12, 6.60132061861e-12, 8.05136079335e-12, 4.21221738045e-12, 2.06104707953e-12, 1.67804908423e-12], "mean": [0.000896261364687, 0.000860981584992, 0.000472826213809, 0.000180659379112, 0.000233344369917, 0.000107602310891, 7.87140379543e-05, 0.000140630654641, 0.0002465583093, 0.000108581654786, 0.000124859172502, 6.81461679051e-05, 4.74545595353e-05, 4.9170696002e-05, 4.78451584058e-05, 5.1205894124e-05, 7.62894414947e-05, 4.23709425377e-05, 3.35649019689e-05, 3.66845924873e-05, 2.50662596954e-05, 1.95368702407e-05, 1.40399088195e-05, 1.55398211064e-05, 2.24029226956e-05, 2.15423497139e-05, 1.41607861224e-05, 1.07277201096e-05, 8.57183204062e-06, 6.6394040914e-06, 4.68156713396e-06, 4.12878353018e-06, 2.97602059618e-06, 2.29886404668e-06, 2.12585132431e-06, 1.59534215527e-06, 1.3202198943e-06, 9.64003220361e-07, 7.31646139229e-07, 5.80545872708e-07], "min": [8.66379308149e-25, 2.66509359866e-25, 9.90237964447e-25, 1.32001170094e-24, 1.35983803399e-24, 9.51481129566e-25, 1.37746355319e-24, 8.09757534777e-25, 1.29268131905e-24, 2.23852298061e-24, 2.23675967928e-24, 2.30204521615e-24, 1.38095515017e-24, 2.19038649096e-24, 2.84693313706e-24, 1.52644595021e-24, 3.42092253119e-24, 2.58371470767e-24, 2.53469429938e-24, 2.14783572817e-24, 3.37769887004e-24, 3.39866363746e-24, 3.08830485253e-24, 3.04391012737e-24, 4.30142659106e-24, 4.11714276715e-24, 4.35709808287e-24, 3.47316800008e-24, 4.77473130128e-24, 3.54778950855e-24, 4.47514401759e-24, 4.60089199575e-24, 5.04998459264e-24, 4.11339725557e-24, 5.52771520697e-24, 5.73511659971e-24, 4.2889073685e-24, 4.53647874183e-24, 5.82854849646e-24, 5.33429440161e-24], "median": [9.64021674008e-05, 0.000167738748132, 7.75476219133e-05, 5.56436389161e-05, 0.000121384546219, 5.80469495617e-05, 3.93262125726e-05, 4.58573958895e-05, 4.07166189689e-05, 2.19590074266e-05, 3.17334597639e-05, 1.27694092953e-05, 1.21931007016e-05, 1.54016306624e-05, 1.3443735952e-05, 9.53576454776e-06, 2.01727216336e-05, 1.22589899547e-05, 9.12255291041e-06, 7.61320188758e-06, 5.60601802135e-06, 5.921333468e-06, 4.76127934235e-06, 4.86125463794e-06, 5.60998205401e-06, 5.7022771216e-06, 4.24554855272e-06, 3.97248732042e-06, 3.07174104819e-06, 2.48115406976e-06, 1.24899622733e-06, 9.53888161348e-07, 8.8165370471e-07, 7.90214471635e-07, 7.56072267905e-07, 5.2713801324e-07, 3.6587985619e-07, 2.3416650663e-07, 2.09054903166e-07, 1.41068113635e-07], "dvar2": [2.43080685323e-05, 1.56260957738e-05, 2.10137955037e-06, 5.54433256639e-07, 9.8424138173e-08, 3.5698480616e-08, 2.69083813009e-08, 1.30661405251e-07, 2.68739796638e-07, 9.84059980169e-08, 9.99714728778e-08, 8.18775802713e-08, 3.78384399369e-08, 2.40567743504e-08, 1.73304535167e-08, 2.96580502379e-08, 4.95805494438e-08, 1.65058313684e-08, 6.90012402771e-09, 6.91417056942e-09, 2.41334019435e-09, 1.56519108785e-09, 6.86560142071e-10, 7.12399417235e-10, 2.00688976548e-09, 2.17330331509e-09, 1.20079168831e-09, 8.86768936059e-10, 1.9538459739e-09, 1.81752901618e-09, 6.58361865025e-10, 9.7011298994e-10, 2.13823236894e-10, 3.92754370693e-11, 2.06731316094e-11, 1.35081772157e-11, 1.57081604668e-11, 8.04537599736e-12, 4.22663943775e-12, 3.2228219659e-12], "var": [1.05904427983e-05, 4.74916805615e-06, 1.38436473662e-06, 2.43498078589e-07, 1.15611328511e-07, 2.53788190463e-08, 1.8484605846e-08, 1.31529219516e-07, 3.1871485362e-07, 9.65757251947e-08, 1.18140093264e-07, 5.45154996701e-08, 2.78929288555e-08, 1.74848810985e-08, 1.3250681441e-08, 2.44858480158e-08, 4.14802876492e-08, 1.22745662523e-08, 6.18039797118e-09, 6.47623465966e-09, 2.5911999213e-09, 1.4339570642e-09, 6.18547824072e-10, 7.69122987521e-10, 2.04612904398e-09, 2.06946326742e-09, 8.10819356101e-10, 4.8639697825e-10, 5.00529673264e-10, 4.10232153802e-10, 1.80696416163e-10, 2.19292681236e-10, 6.47530432052e-11, 2.60579301192e-11, 2.53293913621e-11, 1.91104007619e-11, 1.89342742873e-11, 1.12184090142e-11, 5.37367112613e-12, 4.31500928738e-12], "dmean2": [0.00106214219704, 0.000836258986965, 0.00037181796506, 0.000183398442459, 0.000174129541847, 8.06149182608e-05, 6.39452846372e-05, 0.000131016800879, 0.000211174949072, 9.88652391243e-05, 0.000119057272968, 7.15425485396e-05, 4.5704011427e-05, 5.18562956131e-05, 4.97170476592e-05, 5.36133375135e-05, 8.2045167801e-05, 4.09594322264e-05, 3.00826850435e-05, 3.30078655679e-05, 2.05896521948e-05, 1.69803297467e-05, 1.14746071631e-05, 1.25304795802e-05, 1.92523148144e-05, 1.68298374774e-05, 1.18478401419e-05, 9.67615687841e-06, 9.52411392063e-06, 7.89658133726e-06, 5.06464812133e-06, 4.59569764644e-06, 2.95845052278e-06, 1.88386968603e-06, 1.62179014751e-06, 1.21613049942e-06, 1.04589321381e-06, 7.86505154338e-07, 5.95026619976e-07, 5.00168482631e-07], "max": [0.0505651608109, 0.0439535863698, 0.0194807499647, 0.00931288767606, 0.00586385978386, 0.00537587283179, 0.00397755717859, 0.00971669331193, 0.00719746015966, 0.00589801836759, 0.0124803064391, 0.00915092229843, 0.00492324726656, 0.00324437883683, 0.00289846980013, 0.00484671164304, 0.00567725254223, 0.00216187350452, 0.00138331274502, 0.00138503778726, 0.000711139233317, 0.000575283134822, 0.000478437374113, 0.000473626016174, 0.000609186594374, 0.000763590971474, 0.000797605433036, 0.000577191007324, 0.000938133045565, 0.000864340167027, 0.00047477465705, 0.000666416948661, 0.000347938475898, 0.000129849649966, 0.000120298966067, 0.000128773797769, 0.000147569342516, 0.000105177867226, 6.53622046229e-05, 6.61268568365e-05], "dmean": [0.000659453333355, 0.000483277457533, 0.000226387841394, 0.000108615051431, 0.000113725320261, 5.06116666656e-05, 4.02532205044e-05, 8.40588036226e-05, 0.000134951857035, 6.34863536106e-05, 7.62351119192e-05, 4.58026952401e-05, 2.9423421438e-05, 3.12431948259e-05, 3.00361080008e-05, 3.32645577146e-05, 5.02622278873e-05, 2.56896528299e-05, 1.91750441445e-05, 2.04191273951e-05, 1.2824211808e-05, 1.04482287497e-05, 7.06061655364e-06, 7.75922853791e-06, 1.186609461e-05, 1.04939290395e-05, 7.39310553399e-06, 5.87751765124e-06, 5.55864698981e-06, 4.55653480458e-06, 3.02751277559e-06, 2.73568161901e-06, 1.78729646905e-06, 1.16646049264e-06, 1.05083427115e-06, 7.98976714123e-07, 7.02143665876e-07, 5.34769014848e-07, 4.04003145604e-07, 3.46831768638e-07]}, "spectral_decrease": {"dvar": 1.23946091289e-17, "mean": -3.7740184311e-09, "min": -6.5041959374e-08, "median": -2.44422193596e-09, "dvar2": 2.8055544393e-17, "var": 2.45068436122e-17, "dmean2": 2.00867189548e-09, "max": 1.06263897681e-09, "dmean": 1.32367539152e-09}, "spectral_rolloff": {"dvar": 2105545.75, "mean": 2740.61425781, "min": 43.06640625, "median": 2131.78710938, "dvar2": 4624053.5, "var": 8556454, "dmean2": 1132.06665039, "max": 19745.9472656, "dmean": 669.06427002}, "melbands_crest": {"dvar": 7.82429552078, "mean": 12.4692735672, "min": 1.58175194263, "median": 11.6677179337, "dvar2": 18.574848175, "var": 27.7239494324, "dmean2": 4.27662849426, "max": 33.9394264221, "dmean": 2.68174123764}, "barkbands_skewness": {"dvar": 0.378848224878, "mean": 0.824423789978, "min": -4.47176027298, "median": 0.692498981953, "dvar2": 0.962745070457, "var": 1.3156003952, "dmean2": 0.672002255917, "max": 11.1122493744, "dmean": 0.425448745489}, "spectral_centroid": {"dvar": 115059.039062, "mean": 2089.52880859, "min": 280.941986084, "median": 1980.17199707, "dvar2": 295579.78125, "var": 1725670.625, "dmean2": 408.829925537, "max": 12085.8242188, "dmean": 255.794616699}, "spectral_energyband_middle_low": {"dvar": 2.02041919692e-05, "mean": 0.00546706374735, "min": 1.50718414022e-22, "median": 0.00326496991329, "dvar2": 4.77797802887e-05, "var": 5.02948387293e-05, "dmean2": 0.00311586842872, "max": 0.107921354473, "dmean": 0.00200478895567}, "erbbands_crest": {"dvar": 6.14519405365, "mean": 8.53524494171, "min": 2.15879869461, "median": 7.6060051918, "dvar2": 15.7941951752, "var": 15.0273332596, "dmean2": 4.3688659668, "max": 28.2682857513, "dmean": 2.62504696846}, "dynamic_complexity": 5.22321176529, "spectral_energyband_low": {"dvar": 0.000164593948284, "mean": 0.00527939852327, "min": 7.55430400007e-24, "median": 0.000887904257979, "dvar2": 0.00039261544589, "var": 0.000188282923773, "dmean2": 0.00458324700594, "max": 0.218144252896, "dmean": 0.00286401575431}, "silence_rate_60dB": {"dvar": 0.0291772391647, "mean": 0.255924612284, "min": 0, "median": 0, "dvar2": 0.0643419846892, "var": 0.190451651812, "dmean2": 0.0601618289948, "max": 1, "dmean": 0.0300780497491}, "erbbands_kurtosis": {"dvar": 0.815527677536, "mean": 0.0770986303687, "min": -1.68796133995, "median": -0.268959999084, "dvar2": 2.16312384605, "var": 1.87232911587, "dmean2": 1.15863418579, "max": 14.3370761871, "dmean": 0.707563459873}, "spectral_complexity": {"dvar": 11.4281663895, "mean": 17.0488243103, "min": 0, "median": 15, "dvar2": 26.2747211456, "var": 129.058990479, "dmean2": 4.44531154633, "max": 57, "dmean": 2.81610512733}, "barkbands_crest": {"dvar": 5.4887919426, "mean": 7.97067499161, "min": 1.84045362473, "median": 7.05073642731, "dvar2": 13.3569908142, "var": 13.7391662598, "dmean2": 3.39958620071, "max": 24.9688949585, "dmean": 2.08988881111}, "spectral_energy": {"dvar": 0.000185563781997, "mean": 0.0159984584898, "min": 9.87616412105e-21, "median": 0.0106583368033, "dvar2": 0.000410828564782, "var": 0.000407454528613, "dmean2": 0.00817485433072, "max": 0.252905100584, "dmean": 0.00544946175069}, "spectral_spread": {"dvar": 715416469504, "mean": 5107023.5, "min": 1897722.75, "median": 4187145, "dvar2": 1370461569020.0, "var": 22762399727600.0, "dmean2": 733645.125, "max": 42884216, "dmean": 500982.65625}, "spectral_contrast_valleys": {"dvar": [0.111731007695, 0.082817979157, 0.071376696229, 0.0670902952552, 0.092650577426, 0.106646634638], "mean": [-8.71525669098, -7.60128068924, -8.29030227661, -8.4425611496, -8.18365097046, -10.7740926743], "min": [-28.3007965088, -27.931804657, -28.2028617859, -27.644525528, -27.5026664734, -27.4546356201], "median": [-7.97593069077, -7.08788919449, -7.78949117661, -7.93764972687, -7.67594146729, -10.2028989792], "dvar2": [0.253708422184, 0.186761170626, 0.143531486392, 0.131520345807, 0.189613476396, 0.177023798227], "var": [8.50976276398, 7.84397029877, 7.64623355865, 7.48469161987, 7.76085138321, 6.40713834763], "dmean2": [0.550670325756, 0.495691537857, 0.42816516757, 0.376898646355, 0.341152459383, 0.337101250887], "max": [-5.17387628555, -5.06950712204, -5.1481924057, -5.3755402565, -4.94263935089, -7.26962280273], "dmean": [0.335360467434, 0.300020396709, 0.268306255341, 0.233747750521, 0.220415338874, 0.255437731743]}, "spectral_rms": {"dvar": 7.7329167425e-07, "mean": 0.0033433274366, "min": 3.10407515663e-12, "median": 0.00322465156205, "dvar2": 1.59750186413e-06, "var": 4.43035150965e-06, "dmean2": 0.000747771468014, "max": 0.0157078541815, "dmean": 0.000513445294928}, "barkbands_spread": {"dvar": 59.4382896423, "mean": 30.8205833435, "min": 1.23795354366, "median": 29.6280212402, "dvar2": 147.169219971, "var": 170.925994873, "dmean2": 9.33623695374, "max": 115.704093933, "dmean": 5.89448022842}, "pitch_salience": {"dvar": 0.00357336853631, "mean": 0.562993466854, "min": 0.104777157307, "median": 0.564518451691, "dvar2": 0.00896418932825, "var": 0.0102858133614, "dmean2": 0.0943208113313, "max": 0.976672053337, "dmean": 0.0582645349205}, "erbbands_skewness": {"dvar": 0.0871796607971, "mean": -0.071487031877, "min": -3.28257775307, "median": -0.0692561715841, "dvar2": 0.224384367466, "var": 0.429496645927, "dmean2": 0.481566816568, "max": 2.95982408524, "dmean": 0.306065142155}, "spectral_energyband_middle_high": {"dvar": 9.88531792245e-06, "mean": 0.00486409850419, "min": 1.1444468876e-21, "median": 0.00235186237842, "dvar2": 1.99149599212e-05, "var": 5.17386542924e-05, "dmean2": 0.00230828695931, "max": 0.0979796722531, "dmean": 0.0015509222867}, "erbbands": {"dvar": [0.146018624306, 6.53502893448, 13.7020397186, 16.3151569366, 93.2137374878, 20.8387622833, 47.8476524353, 29.1881790161, 39.8009757996, 527.99432373, 1692.61889648, 1001.61956787, 1911.79309082, 2092.63867188, 958.39251709, 1392.79492188, 2027.28857422, 4826.49658203, 2154.76464844, 1254.27062988, 591.518615723, 346.310516357, 260.076965332, 867.26953125, 1077.17089844, 745.787536621, 1861.75, 950.830871582, 790.500549316, 83.2999343872, 24.1053543091, 18.4055423737, 6.57208585739, 2.31044268608, 1.01759779453, 0.762341201305, 1.57365047932, 0.308552443981, 0.00443219952285, 6.489356565e-06], "mean": [0.101038433611, 0.67631560564, 1.55419361591, 2.62648081779, 2.72391963005, 3.07458233833, 7.29586219788, 4.32599592209, 4.99568462372, 11.6803503036, 30.0638237, 18.5756645203, 25.5607414246, 17.3149814606, 14.196849823, 20.8729038239, 22.0914020538, 39.2274894714, 26.986497879, 26.3029022217, 22.3144874573, 17.2857570648, 16.2677497864, 26.8784656525, 26.1479072571, 17.1753673553, 13.2713909149, 8.87075996399, 6.89777040482, 4.51877403259, 3.50593996048, 2.26916050911, 1.30569672585, 0.737576842308, 0.381137996912, 0.218816876411, 0.175273790956, 0.0739669278264, 0.00878412090242, 0.000363895815099], "min": [8.72404746072e-23, 2.6264054775e-22, 4.88113402769e-22, 3.62110026152e-21, 1.04252222163e-20, 2.0468868601e-20, 4.44980873482e-20, 4.42936961888e-20, 1.02698169512e-19, 1.05598529696e-19, 2.1337028258e-19, 4.58948703467e-19, 5.22512622157e-19, 7.63649522594e-19, 6.41209731336e-19, 1.01396978219e-18, 7.60440630504e-19, 1.98317068847e-18, 1.94437136825e-18, 2.58076235893e-18, 3.86708342576e-18, 4.23785265967e-18, 5.51120043257e-18, 5.74685757164e-18, 7.68505713854e-18, 7.98833050243e-18, 8.65346312426e-18, 9.08975953835e-18, 1.03774481415e-17, 9.86967174198e-18, 1.09624261348e-17, 8.44766885966e-18, 7.9479144577e-18, 7.30992990357e-18, 6.71455590434e-18, 3.79918802749e-18, 2.26696001982e-18, 9.13096864249e-19, 2.37753059647e-19, 2.83975240193e-20], "median": [0.00847113970667, 0.0884403735399, 0.353059440851, 0.419722527266, 0.515436530113, 1.28645122051, 3.5428314209, 2.2771384716, 2.55631804466, 4.05592679977, 5.44017601013, 3.88380360603, 6.84094619751, 3.811886549, 4.44278144836, 6.70588159561, 4.92702960968, 10.9365549088, 8.66068458557, 6.78498268127, 5.45228385925, 5.89838314056, 5.30954790115, 7.61978292465, 8.02448654175, 6.34455442429, 5.14440107346, 2.89160752296, 1.79575920105, 1.5785150528, 1.28010332584, 0.709951877594, 0.359379023314, 0.196064591408, 0.0715332254767, 0.0213861614466, 0.00493332883343, 0.000790264282841, 8.72419550433e-05, 2.23345468839e-05], "dvar2": [0.329256445169, 17.261177063, 39.3421096802, 40.4872703552, 238.868865967, 57.113243103, 102.702781677, 78.1075057983, 101.695610046, 1160.34692383, 4002.51074219, 2372.6965332, 4002.56591797, 4900.15234375, 2317.89575195, 3648.96972656, 4795.32666016, 11841.4501953, 5256.34667969, 3147.66381836, 1460.45483398, 887.01953125, 648.075317383, 2242.1472168, 2782.49633789, 2005.54931641, 5438.2578125, 2739.80419922, 2297.64135742, 223.3881073, 51.3296165466, 36.3669013977, 12.2006607056, 4.3609957695, 1.94466030598, 1.71162056923, 3.92773318291, 0.754935860634, 0.0108726108447, 1.59986993822e-05], "var": [0.15382707119, 5.25826883316, 11.7634544373, 30.8882446289, 116.635276794, 31.0334606171, 131.18939209, 48.3159370422, 67.1367034912, 1024.99816895, 4691.12451172, 2602.49902344, 4773.22070312, 3315.99780273, 1927.55761719, 2754.56176758, 4050.93017578, 10364.4257812, 4216.11767578, 2989.24707031, 1914.57348633, 924.718200684, 777.00201416, 2551.1574707, 2658.9621582, 1163.88708496, 1280.69067383, 674.293823242, 533.512939453, 105.984489441, 72.1117782593, 46.0594482422, 18.5157222748, 6.30326366425, 2.39228725433, 1.01665592194, 1.33432161808, 0.264302581549, 0.00378503836691, 5.53486870558e-06], "dmean2": [0.125581309199, 0.853308796883, 1.411937356, 1.88944268227, 2.99134373665, 2.74234247208, 5.44970273972, 3.40345215797, 3.97332668304, 10.9133281708, 25.6706352234, 15.7758255005, 23.8781108856, 17.2170715332, 12.4808988571, 21.3140201569, 21.781293869, 39.8122901917, 23.6108055115, 21.7689628601, 16.1337795258, 12.945643425, 11.5818920135, 20.8318500519, 19.284362793, 13.7042751312, 14.1610527039, 9.41009998322, 7.22336816788, 3.68028211594, 2.48744106293, 1.66706037521, 0.988508820534, 0.590062081814, 0.354518443346, 0.274913787842, 0.343994885683, 0.158662691712, 0.0187771879137, 0.000726374797523], "max": [5.41818571091, 44.0758895874, 78.9547424316, 84.8519287109, 217.687423706, 169.665023804, 203.452957153, 272.823791504, 256.236755371, 949.60357666, 870.698364258, 825.007141113, 2513.5637207, 2259.76904297, 1251.58837891, 1407.90429688, 1961.71020508, 2672.89086914, 1457.68066406, 806.931335449, 841.650390625, 429.551696777, 394.200012207, 630.506896973, 810.284057617, 1011.61700439, 1340.96594238, 951.067810059, 1034.20031738, 329.137756348, 227.581878662, 237.146514893, 130.432922363, 76.8967514038, 58.5143852234, 25.1552333832, 34.2244338989, 11.4744300842, 1.27900147438, 0.0513275042176], "dmean": [0.0778718516231, 0.501493692398, 0.790876269341, 1.1479998827, 1.76223576069, 1.67701590061, 3.59736037254, 2.11016631126, 2.5037446022, 7.0213971138, 16.4879703522, 10.1680583954, 15.2745351791, 11.0989542007, 8.06080818176, 12.8745079041, 13.490231514, 24.6556529999, 14.9876441956, 13.6637964249, 10.1427545547, 8.04130458832, 7.22465276718, 12.9195642471, 12.1298027039, 8.48481178284, 8.23664188385, 5.569480896, 4.33063173294, 2.29150891304, 1.64087593555, 1.13184130192, 0.686621308327, 0.413398683071, 0.245318964124, 0.178651973605, 0.210375159979, 0.0955782234669, 0.0113260503858, 0.000441132462583]}, "dissonance": {"dvar": 0.000197449320694, "mean": 0.470656096935, "min": 0.324302047491, "median": 0.475581198931, "dvar2": 0.000537762942258, "var": 0.000465114193503, "dmean2": 0.0241780914366, "max": 0.500000059605, "dmean": 0.0143502140418}, "erbbands_flatness_db": {"dvar": 0.000216357206227, "mean": 0.152061372995, "min": 0.0276937298477, "median": 0.153025910258, "dvar2": 0.000446173420642, "var": 0.00153604359366, "dmean2": 0.0227370709181, "max": 0.326409190893, "dmean": 0.0153525741771}, "melbands_kurtosis": {"dvar": 174.90953064, "mean": 7.13700819016, "min": -1.77359938622, "median": 2.99558639526, "dvar2": 452.861602783, "var": 212.308578491, "dmean2": 7.49441766739, "max": 298.216033936, "dmean": 4.56484556198}, "melbands_spread": {"dvar": 112.53881073, "mean": 39.4590606689, "min": 0.910683751106, "median": 35.230632782, "dvar2": 270.549377441, "var": 632.391479492, "dmean2": 13.230052948, "max": 207.573638916, "dmean": 8.38967037201}, "melbands_skewness": {"dvar": 0.631398916245, "mean": 1.9871878624, "min": -1.19392478466, "median": 1.70565962791, "dvar2": 1.53381371498, "var": 2.10481452942, "dmean2": 0.890692949295, "max": 13.4261465073, "dmean": 0.565319240093}, "spectral_entropy": {"dvar": 0.0153917204589, "mean": 7.71244382858, "min": 6.681204319, "median": 7.69843482971, "dvar2": 0.0318877622485, "var": 0.161190718412, "dmean2": 0.169579565525, "max": 9.82747364044, "dmean": 0.112736195326}, "zerocrossingrate": {"dvar": 0.000395124749048, "mean": 0.0920605137944, "min": 0.00537109375, "median": 0.07958984375, "dvar2": 0.000515521096531, "var": 0.00490276375785, "dmean2": 0.0146498316899, "max": 0.5625, "dmean": 0.0121500976384}, "average_loudness": 0.459516793489, "spectral_contrast_coeffs": {"dvar": [0.00110663438682, 0.00115412776358, 0.000874784775078, 0.00062095571775, 0.000361663871445, 0.000489448371809], "mean": [-0.644859015942, -0.738675773144, -0.751766502857, -0.751326262951, -0.763476014137, -0.742352306843], "min": [-0.981792926788, -0.98276424408, -0.9802916646, -0.992108643055, -0.980413496494, -0.965308845043], "median": [-0.649494290352, -0.741999268532, -0.753675043583, -0.749998688698, -0.765930175781, -0.742414712906], "dvar2": [0.00293399323709, 0.00304132374004, 0.00222873780876, 0.00159833743237, 0.000854994461406, 0.00118909461889], "var": [0.0106427147985, 0.0061506186612, 0.00501288380474, 0.00385794858448, 0.00342818978243, 0.00354635203257], "dmean2": [0.0626607462764, 0.0655698701739, 0.0583684742451, 0.051100615412, 0.0349035896361, 0.031177341938], "max": [-0.296552479267, -0.408451765776, -0.512791216373, -0.509266853333, -0.557196140289, -0.561304211617], "dmean": [0.0379331074655, 0.0400256440043, 0.0361836701632, 0.0312556959689, 0.0218630786985, 0.0201439913362]}, "barkbands_flatness_db": {"dvar": 0.000323182495777, "mean": 0.0958561375737, "min": 0.0160755440593, "median": 0.0912476703525, "dvar2": 0.000772427418269, "var": 0.00111668359023, "dmean2": 0.0231962166727, "max": 0.323109477758, "dmean": 0.0150712551549}, "silence_rate_30dB": {"dvar": 0.00924051646143, "mean": 0.992766737938, "min": 0, "median": 1, "dvar2": 0.0232612006366, "var": 0.00718108704314, "dmean2": 0.0186577811837, "max": 1, "dmean": 0.00932800304145}, "spectral_energyband_high": {"dvar": 5.27722704646e-06, "mean": 0.00103596819099, "min": 7.01194219795e-21, "median": 0.000387502106605, "dvar2": 1.41547297972e-05, "var": 5.41549616173e-06, "dmean2": 0.000912971154321, "max": 0.0684876218438, "dmean": 0.000577995902859}, "melbands_flatness_db": {"dvar": 0.000603020656854, "mean": 0.144641801715, "min": 0.00309876352549, "median": 0.136852830648, "dvar2": 0.00147485104389, "var": 0.00301388651133, "dmean2": 0.0279961265624, "max": 0.435257017612, "dmean": 0.0181582532823}, "barkbands": {"dvar": [3.55072927505e-07, 0.00013052909344, 7.01333647157e-06, 5.66833523408e-06, 2.97814631267e-06, 4.41000565843e-07, 6.46924206649e-07, 2.5953856948e-06, 2.04593243325e-06, 1.85636838523e-06, 1.10662858788e-06, 6.69203643611e-07, 1.04808293599e-06, 1.6632087636e-06, 6.70935321523e-07, 3.52353566768e-07, 1.70882614725e-07, 1.04123621725e-07, 4.19818348973e-07, 3.2685531437e-07, 9.85885208138e-07, 4.02034487479e-07, 2.85256867016e-08, 3.06185796717e-08, 1.70457834514e-08, 2.92184154205e-07, 1.58350275115e-07], "mean": [0.000261045643128, 0.00319765345193, 0.00136254588142, 0.000962911988609, 0.000975983217359, 0.00073278468335, 0.000425229023676, 0.00118740065955, 0.000796199310571, 0.000742319389246, 0.000350569636794, 0.000428043480497, 0.000467500503873, 0.000719278817996, 0.000481054856209, 0.000439354684204, 0.000353212381015, 0.000317791826092, 0.000586532056332, 0.000345377484336, 0.000271158438409, 0.000183216223377, 0.000122531026136, 9.16947901715e-05, 5.96730205871e-05, 8.378700295e-05, 5.35499930265e-05], "min": [1.44076027312e-25, 1.78042711422e-24, 2.22762856499e-25, 1.10964004967e-24, 5.98241108286e-24, 5.8391231769e-24, 5.59298792485e-24, 5.73870710012e-24, 1.80441172007e-23, 1.91511446416e-23, 8.10337485593e-24, 2.04501776715e-23, 1.28550059433e-23, 3.59502563181e-23, 4.05085407531e-23, 4.93478628801e-23, 6.11529833111e-23, 9.19132069823e-23, 9.74530868188e-23, 1.71121853262e-22, 2.12099807275e-22, 2.91015331775e-22, 3.77710337465e-22, 5.55768991766e-22, 8.19745983485e-22, 1.24402299476e-21, 1.82776380777e-21], "median": [9.14946358535e-05, 0.00039357499918, 0.00029743698542, 0.000115582159196, 0.000435819558334, 0.000386923871702, 0.000178500151378, 0.000257198873442, 0.000140871183248, 0.000185516095371, 8.35839600768e-05, 0.000125650141854, 7.79405381763e-05, 0.000191373052076, 0.000138113027788, 8.4269711806e-05, 0.00011951833585, 9.52668706304e-05, 0.000172314845258, 0.000124428348499, 0.000101260644442, 4.87948236696e-05, 4.45687655883e-05, 2.67405157501e-05, 1.40928441397e-05, 3.32223225996e-06, 4.70419166732e-07], "dvar2": [7.26325140477e-07, 0.000317849946441, 2.02845239983e-05, 1.29760292111e-05, 8.49488424137e-06, 1.04791649846e-06, 1.47920491145e-06, 5.99641862209e-06, 4.80994594909e-06, 4.11736982642e-06, 2.64657069238e-06, 1.73057378561e-06, 2.47760567618e-06, 4.10631491832e-06, 1.63100071404e-06, 8.86603913841e-07, 4.46030242074e-07, 2.60620907966e-07, 1.07840367036e-06, 8.79683227595e-07, 2.87970988211e-06, 1.15484954222e-06, 6.21832256797e-08, 5.64958568816e-08, 3.12577341788e-08, 7.17472232736e-07, 3.85159154348e-07], "var": [5.18099284363e-07, 0.000123640726088, 7.56004101277e-06, 8.51821550896e-06, 3.57473504664e-06, 1.10410871912e-06, 9.77594595497e-07, 6.98891972206e-06, 4.69540418635e-06, 3.88453418054e-06, 1.75486741227e-06, 1.33425601234e-06, 1.98321890821e-06, 3.62400623999e-06, 1.29868772092e-06, 9.26838424675e-07, 4.0227476461e-07, 3.08363468093e-07, 1.25245844629e-06, 4.77893422612e-07, 6.50916149425e-07, 3.02126466067e-07, 7.95835148892e-08, 8.38587368435e-08, 4.62586662309e-08, 2.59281563331e-07, 1.37313918458e-07], "dmean2": [0.000223014634685, 0.00378892687149, 0.00110614974983, 0.000846829498187, 0.000906654866412, 0.000511806341819, 0.000394397298805, 0.00105155468918, 0.000761628441978, 0.000729939434677, 0.000362507882528, 0.000460393872345, 0.000510485493578, 0.000745369412471, 0.000456268666312, 0.000371855829144, 0.000301649968605, 0.000246539944783, 0.000437980546849, 0.000287612521788, 0.000303969311062, 0.000180260860361, 8.49031857797e-05, 6.76253766869e-05, 4.98315239383e-05, 0.00015326407447, 0.000114181551908], "max": [0.00997266918421, 0.179223895073, 0.0545695051551, 0.049340903759, 0.0337194651365, 0.0222053211182, 0.0261689797044, 0.0339012220502, 0.0426981188357, 0.0634468346834, 0.0390221364796, 0.0275689344853, 0.0391625277698, 0.0477390252054, 0.0250332783908, 0.0189454052597, 0.00968401972204, 0.0071594552137, 0.0129499686882, 0.0254284758121, 0.0302990972996, 0.0219886805862, 0.00810481514782, 0.00903492793441, 0.00653378898278, 0.0141975125298, 0.00738396449015], "dmean": [0.000158188471687, 0.00231919786893, 0.000629482150543, 0.000521972775459, 0.000543297792319, 0.000332169991452, 0.000250175391557, 0.000675096758641, 0.000486080971314, 0.000464922719402, 0.000233457103604, 0.000275355501799, 0.000312035088427, 0.000457465765066, 0.000288285838906, 0.000229947341722, 0.000185166063602, 0.000152997119585, 0.000271264696494, 0.000177172711119, 0.000176511734026, 0.000108768341306, 5.5934953707e-05, 4.66795900138e-05, 3.50464470102e-05, 9.48346496443e-05, 6.90219603712e-05]}, "erbbands_spread": {"dvar": 53.0537948608, "mean": 37.882610321, "min": 5.07474374771, "median": 36.2111740112, "dvar2": 131.49786377, "var": 212.419342041, "dmean2": 11.3642015457, "max": 115.39831543, "dmean": 7.12520885468}, "barkbands_kurtosis": {"dvar": 34.9517974854, "mean": 1.33652532101, "min": -1.87315893173, "median": -0.16789484024, "dvar2": 93.9214782715, "var": 34.4234313965, "dmean2": 2.82877707481, "max": 147.405212402, "dmean": 1.69785046577}, "spectral_flux": {"dvar": 0.000772693310864, "mean": 0.05908087641, "min": 6.27034535405e-11, "median": 0.0494382344186, "dvar2": 0.00165928236675, "var": 0.00237708166242, "dmean2": 0.0247184894979, "max": 0.462177723646, "dmean": 0.016034880653}, "silence_rate_20dB": {"dvar": 0, "mean": 1, "min": 1, "median": 1, "dvar2": 0, "var": 0, "dmean2": 0, "max": 1, "dmean": 0}, "gfcc": {"cov": [[34839.5507812, 1061.62548828, -2379.90136719, 733.432250977, -1119.83581543, 416.427703857, -435.468353271, 410.067199707, -370.598052979, 108.955978394, -378.628692627, -207.789779663, -209.395965576], [1061.62548828, 1221.01538086, -173.272232056, 294.177825928, 158.831710815, 123.258636475, 120.488349915, -36.6695365906, 29.1813964844, 2.0305454731, 83.0995407104, -19.9877643585, 55.064655304], [-2379.90136719, -173.272232056, 1167.71813965, 32.9830474854, 517.243530273, 112.70489502, 178.215713501, 27.3846645355, 93.666633606, 71.6851272583, 9.23880767822, 109.520431519, -16.7096977234], [733.432250977, 294.177825928, 32.9830474854, 473.915710449, 152.593154907, 78.8894042969, 25.6404819489, 77.0527114868, 76.3549575806, 17.9330368042, -4.0775308609, 37.3669815063, 17.5203456879], [-1119.83581543, 158.831710815, 517.243530273, 152.593154907, 640.092407227, 130.72303772, 199.239730835, 65.287399292, 119.382659912, 67.3547058105, 35.7496299744, 99.5215072632, 34.9343452454], [416.427703857, 123.258636475, 112.70489502, 78.8894042969, 130.72303772, 276.547698975, 128.984130859, 55.4756584167, -1.82414925098, 41.2454338074, 34.950717926, 0.886624336243, -2.59681463242], [-435.468353271, 120.488349915, 178.215713501, 25.6404819489, 199.239730835, 128.984130859, 254.796020508, 28.1951236725, 45.4510765076, 19.7211971283, 34.5668373108, 18.5146083832, 4.04025602341], [410.067199707, -36.6695365906, 27.3846645355, 77.0527114868, 65.287399292, 55.4756584167, 28.1951236725, 204.848556519, 77.6857299805, 7.24727773666, 0.344860225916, 0.94660949707, 13.1260986328], [-370.598052979, 29.1813964844, 93.666633606, 76.3549575806, 119.382659912, -1.82414925098, 45.4510765076, 77.6857299805, 153.401977539, 32.6635017395, 4.07066440582, 15.387014389, 7.22794342041], [108.955978394, 2.0305454731, 71.6851272583, 17.9330368042, 67.3547058105, 41.2454338074, 19.7211971283, 7.24727773666, 32.6635017395, 96.3351669312, 25.1314048767, 20.6952762604, -5.96786308289], [-378.628692627, 83.0995407104, 9.23880767822, -4.0775308609, 35.7496299744, 34.950717926, 34.5668373108, 0.344860225916, 4.07066440582, 25.1314048767, 93.0436630249, 14.8996477127, 15.2444734573], [-207.789779663, -19.9877643585, 109.520431519, 37.3669815063, 99.5215072632, 0.886624336243, 18.5146083832, 0.94660949707, 15.387014389, 20.6952762604, 14.8996477127, 106.008743286, 16.6475257874], [-209.395965576, 55.064655304, -16.7096977234, 17.5203456879, 34.9343452454, -2.59681463242, 4.04025602341, 13.1260986328, 7.22794342041, -5.96786308289, 15.2444734573, 16.6475257874, 74.1696014404]], "mean": [-54.440448761, 64.02784729, -131.044235229, 31.7850055695, -60.5675430298, 6.61365270615, -34.7455177307, 3.62650895119, -22.2188873291, 3.92788028717, -13.8499631882, -4.26174259186, -12.2401342392], "icov": [[4.6967947128e-05, -5.5369509937e-05, 8.35964165162e-05, -3.67346256098e-05, 3.75078307115e-05, -6.71567104291e-05, 2.6027124477e-05, -0.000166753161466, 0.000174990069354, -0.000202489929507, 0.000268922303803, -7.47535377741e-05, 0.000137453404022], [-5.5369509937e-05, 0.00138134101871, 0.000271778873866, -0.000780367990956, -0.000426881451858, -0.00017350037524, -0.000401256285841, 0.00102468056139, -0.000387026288081, 0.000598322832957, -0.00130547035951, 0.000847928167786, -0.000736915739253], [8.35964165162e-05, 0.000271778873866, 0.00172562943771, 4.03469566663e-05, -0.00117886555381, -0.000357947603334, -0.000138346964377, 4.88343357574e-05, 9.11487150006e-05, -0.000391071574995, 0.000615140539594, -0.000617366749793, 0.000926875392906], [-3.67346256098e-05, -0.000780367990956, 4.03469566663e-05, 0.00324899633415, -0.000413550878875, -0.000814248691313, 0.000901663268451, -0.000627436558716, -0.00120688055176, 0.000359529134585, 0.000940385158174, -0.00121705979109, 0.000171890118509], [3.75078307115e-05, -0.000426881451858, -0.00117886555381, -0.000413550878875, 0.00387466209941, -0.000336874189088, -0.00138732162304, -0.000313144526444, -0.000963842263445, -0.00087018875638, 0.000514322367962, -0.00161153834779, -0.00117096444592], [-6.71567104291e-05, -0.00017350037524, -0.000357947603334, -0.000814248691313, -0.000336874189088, 0.00656257709488, -0.00285346317105, -0.00191083655227, 0.00302037433721, -0.00234324298799, -0.00117133161984, 0.00139358476736, 0.000378029391868], [2.6027124477e-05, -0.000401256285841, -0.000138346964377, 0.000901663268451, -0.00138732162304, -0.00285346317105, 0.00696818018332, 0.000380250217859, -0.00176721427124, 0.00156306906138, -0.000914314412512, -0.000131445020088, 0.00074929127004], [-0.000166753161466, 0.00102468056139, 4.88343357574e-05, -0.000627436558716, -0.000313144526444, -0.00191083655227, 0.000380250217859, 0.00801182538271, -0.00471221003681, 0.00221452256665, -0.00120958371554, 0.000905142689589, -0.00174746103585], [0.000174990069354, -0.000387026288081, 9.11487150006e-05, -0.00120688055176, -0.000963842263445, 0.00302037433721, -0.00176721427124, -0.00471221003681, 0.0120823886245, -0.00450034672394, 0.00138702755794, 0.000666841981001, 0.000602607440669], [-0.000202489929507, 0.000598322832957, -0.000391071574995, 0.000359529134585, -0.00087018875638, -0.00234324298799,