{"tonal": {"hpcp": {"dvar": [0.0360235646367, 0.0279188677669, 0.0324580296874, 0.0365519970655, 0.0371147170663, 0.0371106415987, 0.039768602699, 0.0354572497308, 0.0286858379841, 0.0235948264599, 0.0187274869531, 0.023021351546, 0.0291906930506, 0.0249943751842, 0.0267867203802, 0.0379559285939, 0.0285636670887, 0.017361856997, 0.0172840002924, 0.0178389567882, 0.0218756385148, 0.0232688430697, 0.0235372111201, 0.0255659595132, 0.0284858644009, 0.0273728780448, 0.0304260216653, 0.0425658635795, 0.0270422585309, 0.0310239288956, 0.0325563512743, 0.0192560497671, 0.0161063168198, 0.0241933278739, 0.0334626846015, 0.0456961020827], "var": [0.0752119123936, 0.0351188257337, 0.0590726733208, 0.101083822548, 0.0451521240175, 0.0832661986351, 0.125346168876, 0.049618281424, 0.0257134754211, 0.0247381106019, 0.0188431609422, 0.0367618054152, 0.0477509088814, 0.026010222733, 0.0541781038046, 0.1178246364, 0.0482014454901, 0.0127680664882, 0.0123285893351, 0.0150201357901, 0.0277768671513, 0.032787874341, 0.0210117828101, 0.0303869582713, 0.0508993566036, 0.0306254196912, 0.0749233141541, 0.135985523462, 0.0440904051065, 0.0447907410562, 0.067477889359, 0.0214728917927, 0.0114694507793, 0.0153296161443, 0.0243490859866, 0.052753046155], "median": [0.0389515832067, 0.0305393170565, 0.0198919326067, 0.0194800812751, 0.0254508815706, 0.0227903947234, 0.0277266446501, 0.0255261380225, 0.0115746632218, 0.00869909208268, 0.00854286458343, 0.0151461074129, 0.0201222989708, 0.0214922334999, 0.0786704272032, 0.127632811666, 0.0684033408761, 0.0117436451837, 0.00635820021853, 0.00534266605973, 0.0072180069983, 0.00677427602932, 0.0102167818695, 0.0143154971302, 0.0153207080439, 0.0190285872668, 0.0748493820429, 0.105530634522, 0.0646491721272, 0.0157027821988, 0.0113087492064, 0.0105488989502, 0.00734758703038, 0.00677191698924, 0.00917043443769, 0.0275192316622], "max": [1, 1, 1, 1, 1, 1, 1, 1, 1, 1, 1, 1, 1, 1, 1, 1, 1, 1, 1, 1, 1, 1, 1, 1, 1, 1, 1, 1, 1, 1, 1, 1, 1, 1, 1, 1], "dmean": [0.102524973452, 0.0864008143544, 0.0886065736413, 0.0939700081944, 0.107145681977, 0.109234586358, 0.108025275171, 0.103432044387, 0.0731529965997, 0.0616774335504, 0.0571515858173, 0.0692764744163, 0.0827244222164, 0.0787904188037, 0.106416091323, 0.127913445234, 0.106770947576, 0.0562034510076, 0.0458717532456, 0.0472227074206, 0.0536275357008, 0.0563636794686, 0.0586324296892, 0.0706373676658, 0.0755019187927, 0.0773909389973, 0.10754134506, 0.126774594188, 0.103054620326, 0.086936250329, 0.0843893066049, 0.0625648126006, 0.0446723513305, 0.0542468242347, 0.0778236836195, 0.107107393444], "dmean2": [0.174567446113, 0.148532494903, 0.153616040945, 0.163152098656, 0.187827661633, 0.185138121247, 0.180475085974, 0.179840326309, 0.13183683157, 0.111852072179, 0.10047903657, 0.117686375976, 0.141689553857, 0.137733325362, 0.177722483873, 0.209866210818, 0.180781960487, 0.101469494402, 0.0836869999766, 0.0848836824298, 0.0941342487931, 0.097121886909, 0.104172050953, 0.123827748001, 0.1330973804, 0.137218266726, 0.179935783148, 0.210928082466, 0.175704151392, 0.151991203427, 0.144797965884, 0.110807158053, 0.0815894007683, 0.101004295051, 0.142807915807, 0.188158601522], "mean": [0.167756706476, 0.110625579953, 0.138363793492, 0.182891711593, 0.130090847611, 0.182103484869, 0.232627436519, 0.135348200798, 0.0687107667327, 0.062715895474, 0.056737549603, 0.0895614847541, 0.109392777085, 0.0832799449563, 0.184639453888, 0.289473354816, 0.166979327798, 0.0472988374531, 0.0369962528348, 0.0393802896142, 0.0584852471948, 0.0668340548873, 0.0556311272085, 0.081921428442, 0.102861359715, 0.088489100337, 0.215154603124, 0.307668477297, 0.166409373283, 0.109615594149, 0.13311187923, 0.0723376348615, 0.0362016372383, 0.0406023599207, 0.060609139502, 0.130609825253], "dvar2": [0.0890063345432, 0.0738410204649, 0.0861756652594, 0.0921723619103, 0.0988084077835, 0.0985085144639, 0.0954053401947, 0.0981652960181, 0.0809627994895, 0.0667926296592, 0.0501140281558, 0.0590054281056, 0.0749432072043, 0.0697350949049, 0.0676236972213, 0.0894358679652, 0.0775401964784, 0.0479629039764, 0.0478992089629, 0.0488999523222, 0.055447191, 0.0577459186316, 0.061705969274, 0.0678811967373, 0.0763640329242, 0.07403113693, 0.0770317465067, 0.0985240191221, 0.0716485902667, 0.08310072124, 0.0823573246598, 0.0532499067485, 0.0458893962204, 0.0699953436852, 0.0929218903184, 0.121878482401], "min": [0, 0, 0, 0, 0, 0, 0, 0, 0, 0, 0, 0, 0, 0, 0, 0, 0, 0, 0, 0, 0, 0, 0, 0, 0, 0, 0, 0, 0, 0, 0, 0, 0, 0, 0, 0]}, "key_key": "B", "thpcp": [1, 0.540872335434, 0.356278270483, 0.432647109032, 0.235115528107, 0.117664434016, 0.131967887282, 0.196994960308, 0.42451480031, 0.54525154829, 0.359560996294, 0.44971716404, 0.594444096088, 0.422827988863, 0.591882169247, 0.756097733974, 0.439915716648, 0.223327293992, 0.203842446208, 0.18441131711, 0.29109737277, 0.355554074049, 0.270680785179, 0.600124716759, 0.940861284733, 0.542724847794, 0.15373313427, 0.120247133076, 0.127995848656, 0.190091773868, 0.217227503657, 0.180815160275, 0.266265273094, 0.334325313568, 0.287611842155, 0.699306607246], "chords_key": "B", "tuning_equal_tempered_deviation": 0.013463945128, "tuning_frequency": 440.763122559, "tuning_diatonic_strength": 0.472002029419, "chords_histogram": [36.1528244019, 23.8737888336, 2.26192736626, 1.04542863369, 0.209085717797, 0, 0, 1.76772475243, 1.25451433659, 5.47424459457, 0.874358475208, 0.53221821785, 0.988405227661, 0, 0.17107014358, 0.589241564274, 10.7584114075, 7.66014051437, 0.0760311707854, 0.931381881237, 0.247101306915, 0.53221821785, 0.760311722755, 3.83957433701], "key_strength": 0.728754580021, "key_scale": "minor", "chords_strength": {"dvar": 0.000433317938587, "var": 0.0210436414927, "median": 0.573809623718, "max": 0.804939746857, "dmean": 0.0099684773013, "dmean2": 0.00798321515322, "mean": 0.552831172943, "dvar2": 0.000791453407146, "min": -1}, "chords_number_rate": 0.0019007793162, "tuning_nontempered_energy_ratio": 0.64549767971, "hpcp_entropy": {"dvar": 0.274876594543, "var": 0.600684344769, "median": 1.54401350021, "max": 4.35041618347, "dmean": 0.551207244396, "dmean2": 0.922788441181, "mean": 1.51348984241, "dvar2": 0.703434944153, "min": 0}, "chords_changes_rate": 0.0459988601506, "chords_scale": "minor"}, "rhythm": {"bpm_histogram_first_peak_spread": {"dvar": 0, "var": 0, "median": 0.497500002384, "max": 0.497500002384, "dmean": 0, "dmean2": 0, "mean": 0.497500002384, "dvar2": 0, "min": 0.497500002384}, "bpm_histogram_first_peak_weight": {"dvar": 0, "var": 0, "median": 0.375, "max": 0.375, "dmean": 0, "dmean2": 0, "mean": 0.375, "dvar2": 0, "min": 0.375}, "bpm_histogram_first_peak_bpm": {"dvar": 0, "var": 0, "median": 140, "max": 140, "dmean": 0, "dmean2": 0, "mean": 140, "dvar2": 0, "min": 140}, "bpm": 138.242965698, "bpm_histogram_second_peak_weight": {"dvar": 0, "var": 0, "median": 0.0429104492068, "max": 0.0429104492068, "dmean": 0, "dmean2": 0, "mean": 0.0429104492068, "dvar2": 0, "min": 0.0429104492068}, "beats_loudness": {"dvar": 0.000210000347579, "var": 0.00075560179539, "median": 0.0237813573331, "max": 0.121287308633, "dmean": 0.0142683284357, "dmean2": 0.0256171189249, "mean": 0.0312476139516, "dvar2": 0.000668111955747, "min": 0}, "beats_loudness_band_ratio": {"dvar": [0.031749561429, 0.0247005447745, 0.0208671763539, 0.0169725604355, 0.004312381614, 0.00917014013976], "var": [0.0632024332881, 0.0316195376217, 0.050363175571, 0.0279324017465, 0.00361461355351, 0.00626212731004], "median": [0.171228379011, 0.148080661893, 0.288336277008, 0.092077486217, 0.0371669121087, 0.0173471495509], "max": [0.984249353409, 0.971444964409, 0.981410741806, 0.864542007446, 0.670783102512, 0.897010207176], "dmean": [0.151539072394, 0.159707471728, 0.163862869143, 0.104665242136, 0.0453125014901, 0.0545256361365], "dmean2": [0.265381872654, 0.279336690903, 0.280927985907, 0.186470776796, 0.0818913802505, 0.104225188494], "mean": [0.249248251319, 0.200766161084, 0.332059592009, 0.152420967817, 0.0535236299038, 0.0454464145005], "dvar2": [0.080335073173, 0.0713698267937, 0.0581951476634, 0.0523692183197, 0.0122263850644, 0.0277350693941], "min": [0, 0, 0, 0, 0, 0]}, "bpm_histogram_second_peak_bpm": {"dvar": 0, "var": 0, "median": 133, "max": 133, "dmean": 0, "dmean2": 0, "mean": 133, "dvar2": 0, "min": 133}, "onset_rate": 2.70175623894, "beats_count": 537, "beats_position": [0.487619042397, 0.986848056316, 1.43963718414, 1.88081634045, 2.32199549675, 2.75156450272, 3.1811337471, 3.62231278419, 4.06349182129, 4.5046710968, 4.93424034119, 5.36380958557, 5.80498838425, 6.23455762863, 6.66412687302, 7.0936961174, 7.53487491608, 7.96444416046, 8.40562343597, 8.83519268036, 9.26476192474, 9.69433116913, 10.1355104446, 10.5650787354, 10.9946479797, 11.4358272552, 11.8770065308, 12.3297958374, 12.782585144, 13.2469835281, 13.7694330215, 14.2918815613, 14.8143310547, 15.3135595322, 15.8243989944, 16.3352375031, 16.8344669342, 17.3336963654, 17.8213157654, 18.2857131958, 18.7501125336, 19.2261219025, 19.6789112091, 20.1317005157, 20.5612697601, 20.9908390045, 21.4204082489, 21.8499774933, 22.2795467377, 22.7207260132, 23.1619052887, 23.6030826569, 24.0326519012, 24.4622211456, 24.8801803589, 25.3097496033, 25.7393188477, 26.168888092, 26.6100673676, 27.0512466431, 27.4924259186, 27.9336051941, 28.3747844696, 28.8159637451, 29.2571430206, 29.6983222961, 30.1511096954, 30.6038990021, 31.0566883087, 31.474647522, 31.8926067352, 32.322177887, 32.7401351929, 33.1580963135, 33.5876655579, 34.0172348022, 34.4584121704, 34.8995895386, 35.3639907837, 35.8283882141, 36.2811775208, 36.7339668274, 37.1983680725, 37.6743774414, 38.1387748718, 38.6263923645, 39.1024017334, 39.5784111023, 40.0544204712, 40.5072097778, 40.9599990845, 41.4011802673, 41.8423576355, 42.2719268799, 42.7014961243, 43.1426734924, 43.5722427368, 44.0018119812, 44.4313812256, 44.8725624084, 45.3137397766, 45.743309021, 46.1728782654, 46.6024475098, 47.0436286926, 47.4848060608, 47.9027671814, 48.3439445496, 48.7851219177, 49.2263031006, 49.6442604065, 50.0854415894, 50.5150108337, 50.9445800781, 51.3857574463, 51.8269386292, 52.2681159973, 52.6976852417, 53.1272544861, 53.5684356689, 53.9980049133, 54.4275741577, 54.8571434021, 55.2867126465, 55.7278900146, 56.157459259, 56.5986366272, 57.0282058716, 57.457775116, 57.8873443604, 58.3285255432, 58.7580947876, 59.187664032, 59.6288414001, 60.0468025208, 60.4879798889, 60.9291610718, 61.3587303162, 61.7882995605, 62.2294769287, 62.6590461731, 63.0886154175, 63.5297966003, 63.9477539062, 64.3773193359, 64.806892395, 65.2480697632, 65.6892471313, 66.1304321289, 66.5716094971, 67.0011749268, 67.4423599243, 67.871925354, 68.3014984131, 68.7310638428, 69.1722412109, 69.6134262085, 70.0429916382, 70.4725646973, 70.9137420654, 71.3549194336, 71.7844848633, 72.2256698608, 72.6552352905, 73.0848083496, 73.5143737793, 73.9555511475, 74.3851242065, 74.8146896362, 75.2558746338, 75.6854400635, 76.1266174316, 76.5561904907, 76.9973678589, 77.4385452271, 77.8681182861, 78.2976837158, 78.738861084, 79.1800460815, 79.6096115112, 80.0391845703, 80.46875, 80.9099273682, 81.3395004272, 81.7690658569, 82.198638916, 82.6398162842, 83.0693893433, 83.4989547729, 83.9401321411, 84.3813171387, 84.8224945068, 85.2520599365, 85.6816329956, 86.1228103638, 86.5523757935, 86.9819488525, 87.4115142822, 87.8410873413, 88.2822647095, 88.7234420776, 89.1646270752, 89.6058044434, 90.035369873, 90.4765548706, 90.9177322388, 91.3472976685, 91.7768707275, 92.2064361572, 92.6360092163, 93.065574646, 93.5067520142, 93.9479370117, 94.3891143799, 94.8186798096, 95.2482528687, 95.6778182983, 96.1190032959, 96.5485687256, 96.9897460938, 97.4309310913, 97.860496521, 98.2900695801, 98.7196350098, 99.1492080688, 99.590385437, 100.031562805, 100.461128235, 100.890701294, 101.331878662, 101.761451721, 102.191017151, 102.632194519, 103.061767578, 103.491333008, 103.932518005, 104.350471497, 104.780044556, 105.209609985, 105.650794983, 106.091972351, 106.521537781, 106.95111084, 107.392288208, 107.833465576, 108.263038635, 108.692604065, 109.133781433, 109.563354492, 109.992919922, 110.422492981, 110.852058411, 111.293243408, 111.734420776, 112.163986206, 112.605171204, 113.034736633, 113.475914001, 113.905487061, 114.33505249, 114.776237488, 115.205802917, 115.635368347, 116.076553345, 116.517730713, 116.958908081, 117.400085449, 117.81804657, 118.23600769, 118.677185059, 119.106758118, 119.536323547, 119.977500916, 120.407073975, 120.836639404, 121.266212463, 121.695777893, 122.136962891, 122.578140259, 123.019317627, 123.448883057, 123.878456116, 124.319633484, 124.749206543, 125.178771973, 125.619949341, 126.061134338, 126.490699768, 126.931877136, 127.361450195, 127.791015625, 128.220581055, 128.650161743, 129.091339111, 129.532516479, 129.962081909, 130.391647339, 130.821228027, 131.262405396, 131.703582764, 132.144760132, 132.5859375, 133.027114868, 133.468292236, 133.886260986, 134.327438354, 134.757003784, 135.186569214, 135.616149902, 136.045715332, 136.475280762, 136.904846191, 137.334411621, 137.76399231, 138.205169678, 138.646347046, 139.087524414, 139.528701782, 139.96987915, 140.399459839, 140.829025269, 141.258590698, 141.688156128, 142.117736816, 142.547302246, 143.000091553, 143.452880859, 143.917282104, 144.393280029, 144.869293213, 145.345306396, 145.751647949, 146.158004761, 146.564346313, 146.959091187, 147.365432739, 147.771789551, 148.154922485, 148.654144287, 149.141769409, 149.629379272, 150.117004395, 150.616226196, 151.103851318, 151.579864502, 152.044265747, 152.520263672, 152.996276855, 153.576782227, 154.157272339, 154.73777771, 155.318267822, 155.898773193, 156.490875244, 157.082992554, 157.663482666, 158.255599976, 158.836090088, 159.358551025, 159.892608643, 160.42666626, 160.972335815, 161.506393433, 162.052062988, 162.597732544, 163.131790161, 163.677459717, 164.223129272, 164.768798828, 165.314468384, 165.860137939, 166.405807495, 166.951477051, 167.497146606, 168.06602478, 168.634918213, 169.203811646, 169.784301758, 170.364807129, 170.945297241, 171.525802612, 172.106307983, 172.686798096, 173.267303467, 173.859405518, 174.486343384, 175.11328125, 175.70539856, 176.29750061, 176.866394043, 177.435287476, 178.004165649, 178.573059082, 179.141952515, 179.710830688, 180.163619995, 180.604797363, 181.05758667, 181.510375977, 181.974777222, 182.439178467, 182.891967773, 183.34475708, 183.785934448, 184.227111816, 184.668289185, 185.109481812, 185.539047241, 185.968612671, 186.409790039, 186.850967407, 187.292144775, 187.744934082, 188.197723389, 188.650512695, 189.080093384, 189.509658813, 189.939224243, 190.368789673, 190.798370361, 191.216323853, 191.645889282, 192.075454712, 192.516647339, 192.93460083, 193.375778198, 193.805343628, 194.246520996, 194.676101685, 195.117279053, 195.546844482, 195.976409912, 196.405975342, 196.847167969, 197.276733398, 197.717910767, 198.147476196, 198.577041626, 199.018234253, 199.459411621, 199.877365112, 200.31854248, 200.74810791, 201.189300537, 201.618865967, 202.060043335, 202.501220703, 202.942398071, 203.360351562, 203.801544189, 204.231109619, 204.660675049, 205.101852417, 205.543029785, 205.972610474, 206.402175903, 206.843353271, 207.28453064, 207.702484131, 208.143676758, 208.584854126, 209.026031494, 209.455596924, 209.885162354, 210.303131104, 210.744308472, 211.18548584, 211.61505127, 212.044616699, 212.485794067, 212.915374756, 213.344940186, 213.786117554, 214.227294922, 214.645263672, 215.08644104, 215.51600647, 215.957183838, 216.386749268, 216.827926636, 217.245895386, 217.687072754, 218.128250122, 218.56942749, 218.99899292, 219.440170288, 219.869750977, 220.299316406, 220.728881836, 221.170059204, 221.599639893, 222.029205322, 222.47038269, 222.911560059, 223.341125488, 223.770706177, 224.200271606, 224.641448975, 225.071014404, 225.512191772, 225.941757202, 226.371337891, 226.812515259, 227.242080688, 227.671646118, 228.112823486, 228.542404175, 228.971969604, 229.413146973, 229.854324341, 230.295501709, 230.725082397, 231.154647827, 231.595825195, 232.037002563, 232.478179932, 232.942581177, 233.406982422, 233.871383667, 234.324172974, 234.788574219, 235.252960205, 235.71736145, 236.286254883, 236.831924438, 237.377593994, 237.934875488, 238.492156982, 239.049423218, 239.606704712, 240.163986206, 240.709655762, 241.266937256, 241.835830688, 242.404708862, 242.973602295, 243.542495728], "danceability": 0.983921527863, "bpm_histogram_second_peak_spread": {"dvar": 0, "var": 0, "median": 0.424999952316, "max": 0.424999952316, "dmean": 0, "dmean2": 0, "mean": 0.424999952316, "dvar2": 0, "min": 0.424999952316}}, "lowlevel": {"spectral_flux": {"dvar": 0.000759516609833, "var": 0.00240218522958, "median": 0.0511963479221, "max": 0.311133444309, "dmean": 0.0192826353014, "dmean2": 0.0303969606757, "mean": 0.0595168359578, "dvar2": 0.00176479725633, "min": 6.38465738612e-11}, "spectral_rolloff": {"dvar": 580145.375, "var": 3331358.75, "median": 882.861328125, "max": 19789.0136719, "dmean": 275.419189453, "dmean2": 466.191497803, "mean": 1200.20605469, "dvar2": 1274056, "min": 107.666015625}, "barkbands_flatness_db": {"dvar": 0.000462988216896, "var": 0.00624357862398, "median": 0.184129312634, "max": 0.456224560738, "dmean": 0.0195129271597, "dmean2": 0.0291848313063, "mean": 0.192317157984, "dvar2": 0.000994551926851, "min": 0.0140125183389}, "spectral_centroid": {"dvar": 79414.09375, "var": 795668.4375, "median": 881.653686523, "max": 11604.0332031, "dmean": 154.990203857, "dmean2": 235.910644531, "mean": 1050.21130371, "dvar2": 158827.390625, "min": 138.606506348}, "melbands_skewness": {"dvar": 0.599793612957, "var": 2.72257947922, "median": 1.78069007397, "max": 19.5650005341, "dmean": 0.598489046097, "dmean2": 0.928321957588, "mean": 2.04274368286, "dvar2": 1.40093147755, "min": -3.4621515274}, "melbands": {"dvar": [1.22075641684e-06, 7.52997902964e-06, 1.03452350686e-06, 2.16884791371e-06, 1.54826253151e-07, 2.03785177177e-07, 1.35622912012e-07, 1.87391336226e-07, 6.12569692748e-08, 9.22281984117e-08, 6.76704061675e-08, 4.77626720397e-08, 2.80428107402e-08, 1.34532980312e-08, 3.20689830247e-09, 2.5612147958e-09, 1.03537545204e-09, 2.11066097933e-09, 1.14506204518e-09, 4.9172615979e-10, 3.66204094826e-10, 2.84768764125e-10, 1.10509622286e-10, 1.51134021964e-10, 8.4956507107e-11, 8.02637470376e-11, 4.512454993e-11, 6.32113042465e-11, 7.60431786984e-11, 2.84360573283e-11, 5.41216333902e-12, 3.18849677564e-12, 1.67230281272e-12, 1.44235231397e-12, 1.62576126606e-12, 1.66256765299e-12, 2.04192088585e-12, 1.95852080213e-12, 1.41983625378e-12, 9.89734227734e-13], "var": [2.62964499598e-06, 1.06541338027e-05, 2.08735491469e-06, 2.19640605792e-06, 5.53809911708e-07, 6.92862727192e-07, 5.21250626662e-07, 8.51006461744e-07, 1.81693650347e-07, 3.74493481559e-07, 2.41015158053e-07, 1.77376094257e-07, 1.18469344557e-07, 3.71686823541e-08, 5.94849591806e-09, 5.00180075136e-09, 2.19846540972e-09, 4.17824841392e-09, 2.62235122506e-09, 1.08142494959e-09, 7.45187023199e-10, 5.12025033483e-10, 2.63955635127e-10, 4.14609929722e-10, 2.09300757281e-10, 2.22128024308e-10, 1.39559669377e-10, 2.73907896364e-10, 2.61454413675e-10, 5.01982969081e-11, 1.03965655529e-11, 7.21553632815e-12, 3.74924353716e-12, 3.43425960413e-12, 3.62278154524e-12, 3.13179321886e-12, 3.68437008333e-12, 3.12220496852e-12, 2.2505120597e-12, 1.38267468221e-12], "median": [1.74910674104e-05, 8.65300680744e-05, 0.000122292301967, 0.000100872115581, 0.000128232786665, 0.000133789813844, 0.000168879079865, 0.000119954056572, 7.16438007657e-05, 7.61734481785e-05, 6.92798785167e-05, 3.22415144183e-05, 3.18159363815e-05, 2.57425617747e-05, 1.15205311886e-05, 1.45413787322e-05, 8.18920216261e-06, 7.45519582779e-06, 8.4367557065e-06, 2.92312779493e-06, 3.39145958606e-06, 2.720685643e-06, 1.52492737016e-06, 2.59750459009e-06, 1.23701863686e-06, 1.08391577669e-06, 8.20754110009e-07, 8.13491794815e-07, 5.14247631145e-07, 2.62773795612e-07, 1.49719113551e-07, 8.74636612025e-08, 5.5480072092e-08, 4.95790573041e-08, 7.18625798868e-08, 7.36757357345e-08, 6.5997397769e-08, 5.77332635032e-08, 5.34982511624e-08, 4.00647337528e-08], "max": [0.0207028668374, 0.0407927669585, 0.0158173348755, 0.0247862581164, 0.0120773939416, 0.0162318591028, 0.00804390851408, 0.0161538384855, 0.006372875534, 0.00821055937558, 0.00714742159471, 0.00716078933328, 0.00810828246176, 0.0041270153597, 0.00166375131812, 0.00144375511445, 0.00114599417429, 0.00153811520431, 0.00109426782001, 0.000519049004652, 0.000653595488984, 0.000836730294395, 0.000457060465124, 0.000359444326023, 0.000234934545006, 0.000230263758567, 0.000276515667792, 0.00036885755253, 0.000366849126294, 0.000258795014815, 5.20744142705e-05, 4.26108308602e-05, 2.86634458462e-05, 2.43415070145e-05, 4.63083088107e-05, 6.64594117552e-05, 6.54012037558e-05, 5.61209417356e-05, 4.18720701418e-05, 3.04628065351e-05], "dmean": [0.000403659010772, 0.000989255146123, 0.000448193924967, 0.000328176800394, 0.000181481023901, 0.000176264671609, 0.000177537309355, 0.000169189806911, 0.000111347450002, 0.000123143312521, 0.000101259283838, 7.68598401919e-05, 6.03633452556e-05, 4.72421888844e-05, 2.10411781154e-05, 2.18274017243e-05, 1.33027633638e-05, 1.57148315338e-05, 1.37581519084e-05, 7.92679838924e-06, 7.32069975129e-06, 5.36032075615e-06, 3.77145943276e-06, 5.31767409484e-06, 3.37469896294e-06, 3.79761127078e-06, 2.69602105618e-06, 2.97165638585e-06, 2.72546867564e-06, 1.55823761361e-06, 7.31550983346e-07, 5.63838227663e-07, 4.09522272093e-07, 3.81409222427e-07, 3.90131731365e-07, 3.56208914809e-07, 3.54333877794e-07, 3.41867831821e-07, 3.08118274006e-07, 2.43538096356e-07], "dmean2": [0.000676563708112, 0.00166482955683, 0.000760725059081, 0.000519603898283, 0.000263469089987, 0.000272208155366, 0.000275254220469, 0.000257239182247, 0.000163128381246, 0.000181571929716, 0.000144450226799, 0.00011226614879, 8.92085736268e-05, 7.34832210583e-05, 3.30088441842e-05, 3.53964060196e-05, 2.10862035601e-05, 2.52403551713e-05, 2.16694297706e-05, 1.24466723719e-05, 1.1854083823e-05, 8.60459840624e-06, 6.00014891461e-06, 8.58859766595e-06, 5.11578491569e-06, 5.98642782279e-06, 4.09598123952e-06, 4.27234999734e-06, 3.85584235119e-06, 2.34875778915e-06, 1.10958205823e-06, 8.25871438792e-07, 5.90044976434e-07, 5.46928163203e-07, 5.75790011226e-07, 5.20984428931e-07, 5.32102205852e-07, 5.07226332047e-07, 4.45815544481e-07, 3.60557976364e-07], "mean": [0.000716046139132, 0.00148136727512, 0.000782902236097, 0.000448663020507, 0.000408330815844, 0.000424416793976, 0.000443444005214, 0.000427102291724, 0.000232906691963, 0.000306663889205, 0.000245885166805, 0.00016054972366, 0.000135802605655, 8.53665769682e-05, 3.65048035746e-05, 4.0163333324e-05, 2.44997972914e-05, 2.9790246117e-05, 2.6610927307e-05, 1.42206208693e-05, 1.34016718221e-05, 9.69908887782e-06, 7.3300366239e-06, 1.05752878881e-05, 6.83207781549e-06, 8.08897038951e-06, 6.02253930992e-06, 6.92099501975e-06, 5.76695811105e-06, 2.76951891465e-06, 1.32629406835e-06, 1.08018400624e-06, 7.61839999086e-07, 7.01069438946e-07, 7.43465591313e-07, 6.43939245037e-07, 6.33740796729e-07, 5.70961674384e-07, 5.06506921738e-07, 3.73061084247e-07], "dvar2": [3.38840163749e-06, 2.0012837922e-05, 2.88694673145e-06, 5.06799005962e-06, 3.30322166064e-07, 5.17860883065e-07, 3.2345056411e-07, 4.53698817182e-07, 1.44499708199e-07, 2.03643850227e-07, 1.39294044743e-07, 9.25246439465e-08, 5.73813707661e-08, 3.1475320128e-08, 7.5207786665e-09, 6.922023843e-09, 2.51866216772e-09, 5.32998178926e-09, 2.75276268447e-09, 1.16060816513e-09, 8.92755702697e-10, 6.96242508091e-10, 2.74517852894e-10, 3.83464149323e-10, 1.90453472437e-10, 2.0374950338e-10, 1.06472559935e-10, 1.28953930867e-10, 1.37409722489e-10, 6.67846750124e-11, 1.27662880267e-11, 6.99269852092e-12, 3.50677082858e-12, 3.03194470398e-12, 3.58780062951e-12, 3.66099338345e-12, 4.64028078115e-12, 4.13044511788e-12, 3.15169028028e-12, 2.28806123354e-12], "min": [1.19283716643e-24, 1.22804047876e-24, 9.78750670553e-25, 5.75092764022e-25, 1.65587997956e-24, 1.98026845848e-24, 1.8151519824e-24, 1.28033889994e-24, 1.7738251373e-24, 2.46251786528e-24, 3.07396651672e-24, 2.72165689771e-24, 2.19628914269e-24, 2.97194846066e-24, 2.84543035703e-24, 3.21952555323e-24, 2.45703271819e-24, 3.67608314086e-24, 3.85522793041e-24, 3.09286486299e-24, 2.6150569403e-24, 4.51492114544e-24, 2.5365104544e-24, 4.92078022041e-24, 4.79876907636e-24, 4.22543246462e-24, 5.83473592697e-24, 5.27608119997e-24, 4.67072906283e-24, 4.10460540078e-24, 5.35817203792e-24, 4.8505514839e-24, 5.10799032386e-24, 4.59469667663e-24, 6.36632286416e-24, 6.50640050067e-24, 5.32236209156e-24, 5.00905296685e-24, 5.79596341348e-24, 6.14191718017e-24]}, "spectral_decrease": {"dvar": 9.83847876108e-18, "var": 3.61439976639e-17, "median": -3.82811737865e-09, "max": 1.78342001223e-18, "dmean": 1.73845327023e-09, "dmean2": 2.73547584584e-09, "mean": -5.73463942999e-09, "dvar2": 2.45377652778e-17, "min": -3.8753476872e-08}, "barkbands_kurtosis": {"dvar": 73.0917282104, "var": 216.96055603, "median": 2.86404418945, "max": 271.091400146, "dmean": 3.24334907532, "dmean2": 5.16138076782, "mean": 6.61698627472, "dvar2": 177.078598022, "min": -1.93699944019}, "silence_rate_30dB": {"dvar": 0.00792016368359, "var": 0.00510651618242, "median": 1, "max": 1, "dmean": 0.00798479095101, "dmean2": 0.0159710999578, "mean": 0.994867384434, "dvar2": 0.0214192513376, "min": 0}, "gfcc": {"mean": [-91.9618835449, 123.330825806, -132.020584106, 2.08385467529, -61.2725982666, -0.815999984741, -34.3201408386, 6.74195957184, -22.0194396973, -2.87196707726, -9.14338302612, -10.1097698212, -5.84794807434], "cov": [[26612.5722656, -2365.35620117, -871.38848877, 2250.6015625, -1611.85803223, 850.475646973, -383.131469727, 522.024536133, -762.236572266, 265.581573486, -218.655654907, 52.4869232178, -23.6601333618], [-2365.35620117, 2702.63110352, -470.482940674, -767.958129883, 749.65826416, -389.143280029, 192.870483398, -229.728988647, 320.747772217, -170.724319458, 116.134803772, -156.533309937, -20.1431846619], [-871.38848877, -470.482940674, 1618.88269043, 631.375671387, 134.529724121, 376.958221436, -72.6697463989, 108.762657166, -132.366271973, 88.4481658936, -88.1736221313, 45.9445304871, -50.3233718872], [2250.6015625, -767.958129883, 631.375671387, 1206.17041016, -15.2161102295, 384.884490967, 89.6445541382, 153.359771729, -125.037200928, 67.8395767212, -64.7492980957, 30.2957344055, -29.2086257935], [-1611.85803223, 749.65826416, 134.529724121, -15.2161102295, 708.491088867, 25.5226688385, 238.363220215, 3.68668580055, 218.514251709, 12.9143095016, -11.8168964386, -10.4121274948, -83.9841766357], [850.475646973, -389.143280029, 376.958221436, 384.884490967, 25.5226688385, 369.288513184, 70.7607574463, 100.005996704, -44.01404953, 37.3528823853, -54.1865119934, 10.2759160995, -31.0823307037], [-383.131469727, 192.870483398, -72.6697463989, 89.6445541382, 238.363220215, 70.7607574463, 345.887939453, 67.821723938, 112.55002594, -21.1122703552, -11.5421380997, -20.1481456757, -29.9199771881], [522.024536133, -229.728988647, 108.762657166, 153.359771729, 3.68668580055, 100.005996704, 67.821723938, 195.320587158, 22.8474082947, 34.7540054321, -12.4947557449, -0.978828012943, -13.9274358749], [-762.236572266, 320.747772217, -132.366271973, -125.037200928, 218.514251709, -44.01404953, 112.55002594, 22.8474082947, 226.103607178, 36.6811027527, 17.7371368408, 6.2424659729, -36.6553039551], [265.581573486, -170.724319458, 88.4481658936, 67.8395767212, 12.9143095016, 37.3528823853, -21.1122703552, 34.7540054321, 36.6811027527, 133.725738525, 16.6078166962, 29.7173919678, -16.8640327454], [-218.655654907, 116.134803772, -88.1736221313, -64.7492980957, -11.8168964386, -54.1865119934, -11.5421380997, -12.4947557449, 17.7371368408, 16.6078166962, 110.669891357, 14.2881641388, 16.5734081268], [52.4869232178, -156.533309937, 45.9445304871, 30.2957344055, -10.4121274948, 10.2759160995, -20.1481456757, -0.978828012943, 6.2424659729, 29.7173919678, 14.2881641388, 101.356010437, 13.6334199905], [-23.6601333618, -20.1431846619, -50.3233718872, -29.2086257935, -83.9841766357, -31.0823307037, -29.9199771881, -13.9274358749, -36.6553039551, -16.8640327454, 16.5734081268, 13.6334199905, 111.669403076]], "icov": [[8.81627056515e-05, -0.000135790294735, 0.000198794194148, -0.000197941932129, 0.000213091901969, -0.000182696108823, 0.000102604477433, -0.000246092851739, 0.000291972013656, -0.000313824566547, 0.000277955114143, -0.000216142856516, 0.000171787076397], [-0.000135790294735, 0.00134193315171, -0.000355079624569, 0.000571412965655, -0.00142706756014, 0.000670623034239, -2.28013195738e-05, 0.00109431438614, -0.00114500033669, 0.0015992593253, -0.00151821307372, 0.00183233618736, -0.000686202547513], [0.000198794194148, -0.000355079624569, 0.00151909410488, -0.000713393616024, -6.71971283737e-05, -0.00108877650928, 0.000874053279404, -0.000855141202919, 0.00137251452543, -0.00107165647205, 0.000987149542198, -0.000833644880913, 0.00049394700909], [-0.000197941932129, 0.000571412965655, -0.000713393616024, 0.00196498120204, -0.000686869549099, -0.000388765183743, -0.000710426771548, 0.000350595451891, 3.66575733324e-07, 0.000490729871672, -0.000796180567704, 0.000573567929678, -0.00039542914601], [0.000213091901969, -0.00142706756014, -6.71971283737e-05, -0.000686869549099, 0.00439293961972, -0.000661134487018, -0.00132341682911, -0.000342301063938, -0.000915349752177, -0.00156769296154, 0.00178827706259, -0.00179358932655, 0.00171668059193], [-0.000182696108823, 0.000670623034239, -0.00108877650928, -0.000388765183743, -0.000661134487018, 0.00569857144728, -0.00124204542954, -0.000308068847517, -0.000100536410173, 0.000346123211784, 0.000253947131569, 0.000699462369084, 0.000103825645056], [0.000102604477433, -2.28013195738e-05, 0.000874053279404, -0.000710426771548, -0.00132341682911, -0.00124204542954, 0.00537765910849, -0.00155756773893, -0.00126735924277, 0.00150851462968, 8.44643509481e-05, 0.000411688204622, -0.00011973324581], [-0.000246092851739, 0.00109431438614, -0.000855141202919, 0.000350595451891, -0.000342301063938, -0.000308068847517, -0.00155756773893, 0.00808394700289, -0.00259400159121, 0.000334524112986, -0.00135352788493, 0.00222116569057, -0.00077193841571], [0.000291972013656, -0.00114500033669, 0.00137251452543, 3.66575733324e-07, -0.000915349752177, -0.000100536410173, -0.00126735924277, -0.00259400159121, 0.0106354514137, -0.00459302822128, 0.00132689240854, -0.00266986829229, 0.00202091620304], [-0.000313824566547, 0.0015992593253, -0.00107165647205, 0.000490729871672, -0.00156769296154, 0.000346123211784, 0.00150851462968, 0.000334524112986, -0.00459302822128, 0.0125213395804, -0.00386232417077, 0.000212904051295, 0.00016114191385], [0.000277955114143, -0.00151821307372, 0.000987149542198, -0.000796180567704, 0.00178827706259, 0.000253947131569, 8.44643509481e-05, -0.00135352788493, 0.00132689240854, -0.00386232417077, 0.0124988462776, -0.00320462347008, -0.000320435210597], [-0.000216142856516, 0.00183233618736, -0.000833644880913, 0.000573567929678, -0.00179358932655, 0.000699462369084, 0.000411688204622, 0.00222116569057, -0.00266986829229, 0.000212904051295, -0.00320462347008, 0.0137875359505, -0.00275972718373], [0.000171787076397, -0.000686202547513, 0.00049394700909, -0.00039542914601, 0.00171668059193, 0.000103825645056, -0.00011973324581, -0.00077193841571, 0.00202091620304, 0.00016114191385, -0.000320435210597, -0.00275972718373, 0.0112505927682]]}, "silence_rate_20dB": {"dvar": 0, "var": 0, "median": 1, "max": 1, "dmean": 0, "dmean2": 0, "mean": 1, "dvar2": 0, "min": 1}, "barkbands_skewness": {"dvar": 0.397758960724, "var": 1.8155207634, "median": 1.38086795807, "max": 14.4290847778, "dmean": 0.492550224066, "dmean2": 0.771964490414, "mean": 1.57674348354, "dvar2": 0.913440644741, "min": -6.28102111816}, "erbbands_skewness": {"dvar": 0.179967164993, "var": 0.917307794094, "median": 0.719615936279, "max": 9.77518939972, "dmean": 0.332982391119, "dmean2": 0.506695866585, "mean": 0.822652041912, "dvar2": 0.378803491592, "min": -7.63840389252}, "spectral_contrast_valleys": {"dvar": [0.137034624815, 0.122172564268, 0.119411416352, 0.127550840378, 0.124174334109, 0.154162421823], "var": [4.27527570724, 3.71981406212, 3.7702934742, 3.7353849411, 4.7602686882, 4.83079099655], "median": [-8.48271656036, -6.90094089508, -7.49881124496, -8.53084373474, -8.50931549072, -10.9978427887], "max": [-5.30217170715, -4.69411230087, -5.35209608078, -5.87779283524, -5.59202861786, -7.79802513123], "dmean": [0.423836261034, 0.346848040819, 0.315078020096, 0.294998526573, 0.261302918196, 0.285012811422], "dmean2": [0.702626883984, 0.548899531364, 0.489001750946, 0.439156323671, 0.369285345078, 0.373945951462], "mean": [-8.49049186707, -7.32871437073, -7.95861911774, -8.82244777679, -8.91608905792, -11.5328722], "dvar2": [0.330062061548, 0.251644819975, 0.226010039449, 0.227566495538, 0.211925685406, 0.25482276082], "min": [-28.398147583, -28.1989574432, -27.5978183746, -27.7334270477, -27.4594173431, -27.3954601288]}, "spectral_strongpeak": {"dvar": 0.471260756254, "var": 1.3197067976, "median": 0.756868243217, "max": 10.3252725601, "dmean": 0.440639436245, "dmean2": 0.731824398041, "mean": 1.14619398117, "dvar2": 1.18141853809, "min": 0}, "erbbands_crest": {"dvar": 5.63024044037, "var": 28.9959125519, "median": 10.616900444, "max": 32.0204124451, "dmean": 2.31688666344, "dmean2": 3.58872103691, "mean": 11.4905824661, "dvar2": 13.4769573212, "min": 2.32920646667}, "barkbands_crest": {"dvar": 4.62773418427, "var": 18.9400691986, "median": 10.317191124, "max": 26.4608097076, "dmean": 2.22417354584, "dmean2": 3.58538937569, "mean": 11.1078090668, "dvar2": 11.5663309097, "min": 2.98403120041}, "spectral_energyband_middle_low": {"dvar": 4.88608129672e-05, "var": 0.000172373169335, "median": 0.0082188565284, "max": 0.113616205752, "dmean": 0.00366917485371, "dmean2": 0.00553042674437, "mean": 0.0120683340356, "dvar2": 0.000109928827442, "min": 1.68361811971e-22}, "spectral_contrast_coeffs": {"dvar": [0.00166161591187, 0.00136627280153, 0.0010622945847, 0.000668500200845, 0.000392678921344, 0.000319699494867], "var": [0.0113070048392, 0.00853498652577, 0.00863458029926, 0.00491075078025, 0.00390116521157, 0.00231475173496], "median": [-0.631479144096, -0.681210637093, -0.712198734283, -0.741275072098, -0.772840738297, -0.79282283783], "max": [-0.270758628845, -0.407429277897, -0.401880741119, -0.516174912453, -0.573503494263, -0.60329669714], "dmean": [0.0475647971034, 0.0417933315039, 0.0351849198341, 0.0283834021538, 0.0213105455041, 0.0173058565706], "dmean2": [0.0779548436403, 0.0671457201242, 0.0558477006853, 0.0455623492599, 0.0336411222816, 0.0278549790382], "mean": [-0.622601807117, -0.681941390038, -0.710061609745, -0.743587493896, -0.769447267056, -0.794727623463], "dvar2": [0.00424405233935, 0.00328327855095, 0.00241169612855, 0.00159478385467, 0.000883346656337, 0.000764398020692], "min": [-0.978050351143, -0.990938723087, -0.985271334648, -0.98527944088, -0.976417958736, -0.964917957783]}, "hfc": {"dvar": 34.6925315857, "var": 241.651504517, "median": 10.0136709213, "max": 119.210960388, "dmean": 3.51945781708, "dmean2": 4.73945713043, "mean": 14.8296794891, "dvar2": 59.3306884766, "min": 1.10925813498e-16}, "spectral_energyband_high": {"dvar": 1.96114399387e-07, "var": 7.17837053799e-07, "median": 6.32092487649e-05, "max": 0.0128043508157, "dmean": 0.000177009191248, "dmean2": 0.000232423670241, "mean": 0.00044313762919, "dvar2": 3.53946091991e-07, "min": 7.24685987633e-21}, "erbbands_spread": {"dvar": 69.4782943726, "var": 302.518768311, "median": 21.057718277, "max": 173.339050293, "dmean": 5.2762169838, "dmean2": 8.0548915863, "mean": 25.9404964447, "dvar2": 166.588470459, "min": 0.759063303471}, "dissonance": {"dvar": 0.000770264596213, "var": 0.00294292345643, "median": 0.435180783272, "max": 0.500000119209, "dmean": 0.0278989356011, "dmean2": 0.0466891676188, "mean": 0.423680990934, "dvar2": 0.00212544901296, "min": 0.163200110197}, "spectral_kurtosis": {"dvar": 100.312263489, "var": 484.575408936, "median": 6.71801280975, "max": 148.431243896, "dmean": 5.49976110458, "dmean2": 9.46263980865, "mean": 14.8651075363, "dvar2": 289.222717285, "min": -1.47545981407}, "spectral_skewness": {"dvar": 0.394678860903, "var": 2.14071941376, "median": 2.02156329155, "max": 10.0294046402, "dmean": 0.449505507946, "dmean2": 0.748659908772, "mean": 2.41204953194, "dvar2": 1.12612271309, "min": -0.965800702572}, "pitch_salience": {"dvar": 0.00327450921759, "var": 0.012981348671, "median": 0.523269593716, "max": 0.983610272408, "dmean": 0.0586324892938, "dmean2": 0.0944511815906, "mean": 0.518854022026, "dvar2": 0.00823962409049, "min": 0.0694523230195}, "spectral_complexity": {"dvar": 8.37803840637, "var": 112.032455444, "median": 13, "max": 58, "dmean": 2.18536114693, "dmean2": 3.20619821548, "mean": 14.1454238892, "dvar2": 14.2343702316, "min": 0}, "spectral_spread": {"dvar": 651049566208, "var": 9843306921980.0, "median": 3465967.5, "max": 43178728, "dmean": 445634.34375, "dmean2": 654287.875, "mean": 3770297, "dvar2": 1184053198850.0, "min": 556177.9375}, "dynamic_complexity": 5.42026329041, "melbands_crest": {"dvar": 7.94425439835, "var": 27.1856517792, "median": 13.5180397034, "max": 34.6768684387, "dmean": 2.84249019623, "dmean2": 4.54971218109, "mean": 14.3011388779, "dvar2": 19.7957572937, "min": 1.29659080505}, "zerocrossingrate": {"dvar": 0.000150190826389, "var": 0.00226684194058, "median": 0.03857421875, "max": 0.5263671875, "dmean": 0.00663709733635, "dmean2": 0.00783886574209, "mean": 0.0477380901575, "dvar2": 0.000167516016518, "min": 0.00390625}, "spectral_energyband_low": {"dvar": 0.000103088495962, "var": 0.00018498065765, "median": 0.000642734463327, "max": 0.135827854276, "dmean": 0.00390949239954, "dmean2": 0.00660070497543, "mean": 0.00699068699032, "dvar2": 0.000280717737041, "min": 1.92523239413e-23}, "melbands_kurtosis": {"dvar": 261.239776611, "var": 704.98815918, "median": 5.70450210571, "max": 535.149963379, "dmean": 5.90225076675, "dmean2": 9.42542934418, "mean": 12.3848524094, "dvar2": 613.461486816, "min": -1.95666325092}, "spectral_energyband_middle_high": {"dvar": 5.32195872438e-06, "var": 3.03801771224e-05, "median": 0.00238613015972, "max": 0.0622083730996, "dmean": 0.00125911494251, "dmean2": 0.00181635352783, "mean": 0.00425045983866, "dvar2": 1.07330415631e-05, "min": 1.14843779172e-21}, "barkbands_spread": {"dvar": 35.3840789795, "var": 135.234954834, "median": 10.3351621628, "max": 133.225982666, "dmean": 3.26304483414, "dmean2": 5.08906698227, "mean": 13.6283731461, "dvar2": 79.9699935913, "min": 0.412571370602}, "mfcc": {"mean": [-721.274536133, 148.849365234, -8.5245923996, 2.06041574478, -6.25325679779, -11.492638588, -0.725130796432, -4.54475688934, -3.08627390862, 3.08479952812, -4.8977856636, -0.14564743638, -2.71197271347], "cov": [[16752.5117188, -1528.72546387, -453.116455078, 1331.45043945, -427.880981445, 146.193374634, 472.418243408, 114.97605896, -31.4615402222, 230.420791626, -279.671356201, 28.7132358551, 68.9581604004], [-1528.72546387, 1938.24072266, -313.319213867, -363.668334961, 150.536224365, -22.8902492523, -161.657669067, 2.33796048164, -8.33325767517, -33.227481842, 123.310173035, -10.8532829285, -7.77721977234], [-453.116455078, -313.319213867, 1071.46801758, 286.66973877, 231.478225708, 201.323623657, 147.155014038, 12.1861190796, 24.0045604706, -30.9091339111, -10.7119112015, 0.339828491211, -35.481502533], [1331.45043945, -363.668334961, 286.66973877, 717.049926758, 172.772262573, 224.222640991, 223.843673706, 139.335449219, 87.4378433228, 71.4078674316, 17.9786777496, 28.1323280334, 24.6181030273], [-427.880981445, 150.536224365, 231.478225708, 172.772262573, 355.820617676, 171.136245728, 46.9423980713, 66.3181991577, 65.216545105, 26.6668243408, 79.4927520752, 30.4800376892, 23.2463703156], [146.193374634, -22.89