{"tonal": {"hpcp": {"dvar": [0.0319526307285, 0.0277637392282, 0.0234173759818, 0.0251109488308, 0.0306473597884, 0.0315404161811, 0.0440862961113, 0.0322192385793, 0.0365032702684, 0.0376231074333, 0.0306989159435, 0.0254111755639, 0.0241373851895, 0.0288120824844, 0.0376358814538, 0.050454095006, 0.0413801856339, 0.0331769399345, 0.0244012791663, 0.0226290840656, 0.0272163357586, 0.0357739105821, 0.0290030594915, 0.0314609855413, 0.0274392813444, 0.0187084376812, 0.0152692468837, 0.0172900035977, 0.0257165227085, 0.0479628778994, 0.0577556304634, 0.0426213778555, 0.0317380614579, 0.0233266018331, 0.024507317692, 0.0304199717939], "var": [0.0483297854662, 0.033237721771, 0.0209356341511, 0.0226991996169, 0.0273309182376, 0.0616327635944, 0.111030496657, 0.0465397164226, 0.0535574108362, 0.0826679840684, 0.0470052957535, 0.0223756581545, 0.0183809511364, 0.025261150673, 0.0657830089331, 0.12921859324, 0.078146494925, 0.0306480731815, 0.0175140518695, 0.0181125346571, 0.0525295175612, 0.0997262522578, 0.0476154759526, 0.0442529134452, 0.0538727603853, 0.0215115565807, 0.0130579480901, 0.0158716794103, 0.0233423598111, 0.0865248814225, 0.13844999671, 0.0643957406282, 0.027390524745, 0.0168246775866, 0.0175928473473, 0.0333724245429], "median": [0.0519523918629, 0.0356419607997, 0.0154808573425, 0.0118296630681, 0.0267689041793, 0.131315201521, 0.178799182177, 0.107376411557, 0.0330384410918, 0.026171317324, 0.02623324655, 0.0191187188029, 0.015924891457, 0.0266003031284, 0.120219014585, 0.191855102777, 0.118875786662, 0.0333581566811, 0.0170475505292, 0.0178158637136, 0.0601769313216, 0.0847589671612, 0.0745945423841, 0.039200887084, 0.0225898399949, 0.0145691335201, 0.0253418758512, 0.0299701690674, 0.0403065904975, 0.191790759563, 0.304528087378, 0.169539213181, 0.0319642052054, 0.0139258941635, 0.0135601600632, 0.0335432738066], "max": [1, 1, 1, 1, 1, 1, 1, 1, 1, 1, 1, 1, 1, 1, 1, 1, 1, 1, 1, 1, 1, 1, 1, 1, 1, 1, 1, 1, 1, 1, 1, 1, 1, 1, 1, 1], "dmean": [0.109206587076, 0.0926768258214, 0.0704047232866, 0.0693593099713, 0.0929967612028, 0.139140278101, 0.161798596382, 0.133344680071, 0.118061281741, 0.109836272895, 0.0980836451054, 0.0800027549267, 0.0744203180075, 0.0903619900346, 0.15453004837, 0.175790131092, 0.154954746366, 0.102616757154, 0.0690666511655, 0.0727493688464, 0.109332792461, 0.127757951617, 0.12112043798, 0.108411133289, 0.0877772793174, 0.0627343133092, 0.0592488124967, 0.0688570290804, 0.0978581830859, 0.192662313581, 0.205158010125, 0.181132048368, 0.109957769513, 0.0718614608049, 0.0706680417061, 0.0965659469366], "dmean2": [0.185828641057, 0.159787431359, 0.127036735415, 0.126288548112, 0.167605906725, 0.233230531216, 0.26907196641, 0.225820407271, 0.201526552439, 0.187457412481, 0.166807726026, 0.13940654695, 0.13393676281, 0.16205175221, 0.260403692722, 0.294297397137, 0.263038575649, 0.181080281734, 0.125126093626, 0.129926279187, 0.181527927518, 0.204929023981, 0.201358616352, 0.188748821616, 0.153717234731, 0.111817747355, 0.10488563776, 0.12083171308, 0.173742562532, 0.324970930815, 0.348243802786, 0.312886089087, 0.195878401399, 0.131548777223, 0.129268452525, 0.168770119548], "mean": [0.141471341252, 0.105219699442, 0.062771782279, 0.0600247532129, 0.0864868164062, 0.232076093554, 0.319005668163, 0.191458746791, 0.142967432737, 0.172615423799, 0.123387977481, 0.074774093926, 0.0631680488586, 0.0845525041223, 0.229439035058, 0.352711886168, 0.241814404726, 0.0987177714705, 0.0584310181439, 0.0651204288006, 0.166722342372, 0.242854401469, 0.169163048267, 0.12804299593, 0.119882918894, 0.0686567574739, 0.0616410933435, 0.0725508630276, 0.0964974015951, 0.296375840902, 0.424909710884, 0.25287899375, 0.0970507115126, 0.0580369904637, 0.0562481023371, 0.104390151799], "dvar2": [0.0820596665144, 0.0745167136192, 0.0649182721972, 0.0691589042544, 0.0845306664705, 0.0826151818037, 0.104349173605, 0.0862398222089, 0.0958966091275, 0.0947109758854, 0.0780447348952, 0.0675306767225, 0.0670173540711, 0.0792053416371, 0.0984323620796, 0.121005617082, 0.1065608114, 0.0891011506319, 0.0693024918437, 0.0633419454098, 0.070778645575, 0.0825681909919, 0.0759370028973, 0.0848421528935, 0.072059892118, 0.0518609546125, 0.0422152653337, 0.0477489307523, 0.0713154301047, 0.127916663885, 0.138676941395, 0.11572111398, 0.085819400847, 0.0652942210436, 0.0694715455174, 0.083492860198], "min": [0, 0, 0, 0, 0, 0, 0, 0, 0, 0, 0, 0, 0, 0, 0, 0, 0, 0, 0, 0, 0, 0, 0, 0, 0, 0, 0, 0, 0, 0, 0, 0, 0, 0, 0, 0]}, "key_key": "G", "thpcp": [1, 0.595135807991, 0.228403136134, 0.136586636305, 0.132376596332, 0.245676085353, 0.332944482565, 0.247628375888, 0.147729694843, 0.141264721751, 0.203541636467, 0.546177446842, 0.750761091709, 0.450586885214, 0.336465448141, 0.406240254641, 0.290386348963, 0.175976425409, 0.148662284017, 0.198989346623, 0.539971292019, 0.830086648464, 0.5690959692, 0.232326462865, 0.137513965368, 0.153257101774, 0.392371207476, 0.571543514729, 0.39811527729, 0.30134165287, 0.282137393951, 0.16157963872, 0.145068690181, 0.170744180679, 0.22710095346, 0.697503089905], "chords_key": "G", "tuning_equal_tempered_deviation": 0.0139687219635, "tuning_frequency": 440.254241943, "tuning_diatonic_strength": 0.696733534336, "chords_histogram": [54.2297019958, 0.524853348732, 0.339610993862, 0.0154368635267, 0.169805496931, 0, 1.52824950218, 0, 0, 0.0463105887175, 0.586600780487, 0.138931766152, 0, 0.138931766152, 0, 0.246989816427, 0.169805496931, 1.79067611694, 0.586600780487, 0.509416460991, 6.56066703796, 0.632911384106, 16.3476390839, 15.4368629456], "key_strength": 0.79222124815, "key_scale": "major", "chords_strength": {"dvar": 4.62903190055e-05, "var": 0.00705671543255, "median": 0.592754006386, "max": 0.821278631687, "dmean": 0.00762579962611, "dmean2": 0.00767363002524, "mean": 0.586110889912, "dvar2": 4.75194719911e-05, "min": 0.283105909824}, "chords_number_rate": 0.000926211767364, "tuning_nontempered_energy_ratio": 0.691737890244, "hpcp_entropy": {"dvar": 0.292505413294, "var": 0.537878632545, "median": 2.03512597084, "max": 4.51163864136, "dmean": 0.654579520226, "dmean2": 1.10541796684, "mean": 2.0170109272, "dvar2": 0.788074851036, "min": 0}, "chords_changes_rate": 0.029793145135, "chords_scale": "major"}, "rhythm": {"bpm_histogram_first_peak_spread": {"dvar": 0, "var": 0, "median": 0.426086902618, "max": 0.426086902618, "dmean": 0, "dmean2": 0, "mean": 0.426086902618, "dvar2": 0, "min": 0.426086902618}, "bpm_histogram_first_peak_weight": {"dvar": 0, "var": 0, "median": 0.519685029984, "max": 0.519685029984, "dmean": 0, "dmean2": 0, "mean": 0.519685029984, "dvar2": 0, "min": 0.519685029984}, "bpm_histogram_first_peak_bpm": {"dvar": 0, "var": 0, "median": 101, "max": 101, "dmean": 0, "dmean2": 0, "mean": 101, "dvar2": 0, "min": 101}, "bpm": 101.955169678, "bpm_histogram_second_peak_weight": {"dvar": 0, "var": 0, "median": 0.0236220471561, "max": 0.0236220471561, "dmean": 0, "dmean2": 0, "mean": 0.0236220471561, "dvar2": 0, "min": 0.0236220471561}, "beats_loudness": {"dvar": 0.000292399025057, "var": 0.000460842740722, "median": 0.0247074682266, "max": 0.152649089694, "dmean": 0.0151204606518, "dmean2": 0.0250250063837, "mean": 0.0278523005545, "dvar2": 0.000780485861469, "min": 3.50351641032e-08}, "beats_loudness_band_ratio": {"dvar": [0.0425777770579, 0.020490469411, 0.0200043059886, 0.00672402093187, 0.00401469040662, 0.00787582434714], "var": [0.0545342825353, 0.0333293303847, 0.0377197116613, 0.00687433127314, 0.00527063943446, 0.00741492165253], "median": [0.232778757811, 0.24721416831, 0.166220009327, 0.0736837536097, 0.0570956133306, 0.0603613629937], "max": [0.904403686523, 0.945241928101, 0.882328689098, 0.630290389061, 0.494884192944, 0.682298123837], "dmean": [0.291448682547, 0.192512005568, 0.152411147952, 0.0758740380406, 0.0755680128932, 0.0771965608001], "dmean2": [0.562731564045, 0.343085348606, 0.257274061441, 0.136692643166, 0.14269669354, 0.144968941808], "mean": [0.294490069151, 0.285194844007, 0.227233320475, 0.0914057865739, 0.0779407843947, 0.0851233899593], "dvar2": [0.130367949605, 0.0628766417503, 0.0501190051436, 0.0193519443274, 0.0129916910082, 0.0214675962925], "min": [0.00557350134477, 0.0173038747162, 0.00171752041206, 0.000135991154821, 1.91949311557e-05, 3.22538217006e-05]}, "bpm_histogram_second_peak_bpm": {"dvar": 0, "var": 0, "median": 115, "max": 115, "dmean": 0, "dmean2": 0, "mean": 115, "dvar2": 0, "min": 115}, "onset_rate": 4.09253883362, "beats_count": 509, "beats_position": [0.592108845711, 1.18421769142, 1.78793644905, 2.39165520668, 2.99537420273, 3.59909296036, 4.20281171799, 4.80653047562, 5.41024923325, 6.00235795975, 6.59446716309, 7.18657588959, 7.76707458496, 8.37079334259, 8.96290206909, 9.55501079559, 10.1471195221, 10.7392292023, 11.3313379288, 11.9118366241, 12.4923353195, 13.0728340149, 13.6649427414, 14.2570514679, 14.8491611481, 15.4412698746, 16.0333786011, 16.7067565918, 17.391746521, 18.0767345428, 18.7617225647, 19.4699325562, 20.1781406403, 20.8050785065, 21.4204082489, 22.035736084, 22.6626758575, 23.2896137238, 23.9165534973, 24.5434913635, 25.1704311371, 25.7625389099, 26.3662586212, 27.0280265808, 27.6897945404, 28.3515644073, 29.0133323669, 29.6751022339, 30.3252601624, 30.9754180908, 31.567527771, 32.1596374512, 32.7401351929, 33.3206329346, 33.9127426147, 34.5048522949, 35.0969619751, 35.6890678406, 36.2811775208, 36.8616790771, 37.4537849426, 38.034286499, 38.6147842407, 39.2068939209, 39.7989997864, 40.3795013428, 40.9716110229, 41.5637168884, 42.1442184448, 42.7363243103, 43.3284339905, 43.9205436707, 44.5126533508, 45.0931510925, 45.6736488342, 46.2657585144, 46.8578681946, 47.4499778748, 48.0420837402, 48.6225852966, 49.2030830383, 49.8068008423, 50.3873023987, 50.9678001404, 51.5482978821, 52.152015686, 52.7325172424, 53.3246231079, 53.9167327881, 54.4972343445, 55.0777320862, 55.6698417664, 56.2619476318, 56.854057312, 57.4461669922, 58.0382766724, 58.6303825378, 59.2108840942, 59.7913818359, 60.3834915161, 60.9756011963, 61.5793190002, 62.1598167419, 62.7519264221, 63.32081604, 63.9129257202, 64.4934234619, 65.0855331421, 65.6660308838, 66.258140564, 66.8502502441, 67.4423599243, 68.0344696045, 68.6265716553, 69.2186813354, 69.7991790771, 70.3796844482, 70.971786499, 71.5638961792, 72.1444015503, 72.724899292, 73.3170089722, 73.9091110229, 74.5012207031, 75.0933303833, 75.673828125, 76.2543258667, 76.8348312378, 77.4153289795, 78.0190429688, 78.6111526489, 79.2032623291, 79.7953720093, 80.3874816895, 80.9795913696, 81.5717010498, 82.1521987915, 82.7326965332, 83.3248062134, 83.9169158936, 84.4974136353, 85.077911377, 85.6584091187, 86.2389068604, 86.8310165405, 87.4231262207, 88.0152359009, 88.6073455811, 89.1994552612, 89.7915649414, 90.3720626831, 90.9641723633, 91.544670105, 92.1367797852, 92.7288894653, 93.309387207, 93.9014968872, 94.4819946289, 95.0741043091, 95.6662139893, 96.2583236694, 96.8504257202, 97.4425354004, 98.0346450806, 98.6151428223, 99.1956481934, 99.7761459351, 100.356643677, 100.948753357, 101.540863037, 102.132965088, 102.725074768, 103.305580139, 103.886077881, 104.478187561, 105.070289612, 105.662399292, 106.254508972, 106.846618652, 107.438728333, 108.019226074, 108.599723816, 109.180221558, 109.772331238, 110.364440918, 110.956550598, 111.548660278, 112.12915802, 112.709655762, 113.301765442, 113.893875122, 114.485984802, 115.078094482, 115.670204163, 116.262313843, 116.842811584, 117.423309326, 118.003807068, 118.58430481, 119.17641449, 119.76852417, 120.349021912, 120.929519653, 121.521629333, 122.113739014, 122.717460632, 123.297958374, 123.890068054, 124.470565796, 125.062675476, 125.643173218, 126.235282898, 126.827392578, 127.419502258, 128.011611938, 128.592102051, 129.172607422, 129.776321411, 130.356826782, 130.948928833, 131.529434204, 132.121536255, 132.702041626, 133.294143677, 133.886260986, 134.466751099, 135.04725647, 135.639358521, 136.23147583, 136.823577881, 137.41569519, 137.996185303, 138.576690674, 139.180404663, 139.760910034, 140.353012085, 140.945129395, 141.525619507, 142.117736816, 142.709838867, 143.301940918, 143.894058228, 144.47454834, 145.055053711, 145.635559082, 146.239273071, 146.819763184, 147.411880493, 148.003982544, 148.584487915, 149.164993286, 149.757095337, 150.349197388, 150.929702759, 151.51020813, 152.102310181, 152.694412231, 153.286529541, 153.878631592, 154.459136963, 155.039627075, 155.631744385, 156.223846436, 156.815963745, 157.396453857, 157.988571167, 158.569061279, 159.161178589, 159.75328064, 160.333786011, 160.925888062, 161.518005371, 162.098495483, 162.679000854, 163.271102905, 163.863220215, 164.455322266, 165.047439575, 165.627929688, 166.208435059, 166.812149048, 167.415863037, 167.996368408, 168.576873779, 169.157363892, 169.749481201, 170.341583252, 170.922088623, 171.502578735, 172.094696045, 172.686798096, 173.278915405, 173.871017456, 174.451522827, 175.043624878, 175.635726929, 176.2162323, 176.808334351, 177.388839722, 177.980941772, 178.573059082, 179.165161133, 179.745666504, 180.337768555, 180.918273926, 181.510375977, 182.090881348, 182.682983398, 183.275100708, 183.85559082, 184.436096191, 185.028198242, 185.620315552, 186.212417603, 186.804534912, 187.396636963, 187.988754272, 188.569244385, 189.149749756, 189.741851807, 190.333969116, 190.914459229, 191.506576538, 192.098678589, 192.67918396, 193.271286011, 193.86340332, 194.443893433, 195.024398804, 195.616500854, 196.197006226, 196.789108276, 197.369613647, 197.973327637, 198.565444946, 199.157546997, 199.749649048, 200.341766357, 200.92225647, 201.514373779, 202.10647583, 202.686981201, 203.267486572, 203.859588623, 204.451690674, 205.032196045, 205.612701416, 206.204803467, 206.796905518, 207.389022827, 207.981124878, 208.573242188, 209.165344238, 209.745849609, 210.326339722, 210.918457031, 211.510559082, 212.091064453, 212.683166504, 213.275283813, 213.855773926, 214.459503174, 215.039993286, 215.620498657, 216.20098877, 216.804718018, 217.38520813, 217.977325439, 218.546203613, 219.138320923, 219.730422974, 220.322540283, 220.914642334, 221.495147705, 222.087249756, 222.679367065, 223.259857178, 223.840362549, 224.4324646, 225.024581909, 225.61668396, 226.20880127, 226.789291382, 227.381408691, 227.973510742, 228.554016113, 229.134506226, 229.726623535, 230.318725586, 230.899230957, 231.491333008, 232.083435059, 232.66394043, 233.244445801, 233.836547852, 234.428665161, 235.020767212, 235.612869263, 236.204986572, 236.797088623, 237.377593994, 237.969696045, 238.550201416, 239.142303467, 239.722808838, 240.314910889, 240.907028198, 241.487518311, 242.068023682, 242.648529053, 243.240631104, 243.832733154, 244.424850464, 245.016952515, 245.609069824, 246.201171875, 246.781677246, 247.373779297, 247.965896606, 248.557998657, 249.138504028, 249.718994141, 250.31111145, 250.903213501, 251.483718872, 252.075820923, 252.656326294, 253.236816406, 253.828933716, 254.421035767, 255.013153076, 255.605255127, 256.185760498, 256.777862549, 257.3699646, 257.96206665, 258.554199219, 259.134674072, 259.715179443, 260.295684814, 260.876190186, 261.468292236, 262.060394287, 262.640899658, 263.233001709, 263.825134277, 264.417236328, 265.009338379, 265.58984375, 266.181945801, 266.774047852, 267.354553223, 267.935058594, 268.527160645, 269.119262695, 269.699768066, 270.291870117, 270.883972168, 271.464477539, 272.05657959, 272.648712158, 273.252410889, 273.844543457, 274.436645508, 275.017150879, 275.597625732, 276.178131104, 276.770233154, 277.362365723, 277.942840576, 278.523345947, 279.115447998, 279.707580566, 280.299682617, 280.903381348, 281.507110596, 282.110839844, 282.633270264, 283.155731201, 283.678192139, 284.200622559, 284.723083496, 285.245513916, 285.767974854, 286.302032471, 286.824493408, 287.346923828, 287.880981445, 288.415039062, 288.960723877, 289.506378174, 290.017242432, 290.528076172, 291.050506592, 291.572967529, 292.107025146, 292.629486084, 293.186737061, 293.732421875, 294.312927246, 294.893432617, 295.473907471, 296.100860596, 296.727783203, 297.377960205, 298.028106689, 298.678283691, 299.328430176, 299.97857666], "danceability": 1.14347732067, "bpm_histogram_second_peak_spread": {"dvar": 0, "var": 0, "median": 0.333333313465, "max": 0.333333313465, "dmean": 0, "dmean2": 0, "mean": 0.333333313465, "dvar2": 0, "min": 0.333333313465}}, "lowlevel": {"spectral_flux": {"dvar": 0.00130929879379, "var": 0.0028533693403, "median": 0.0615852586925, "max": 0.52928006649, "dmean": 0.022409664467, "dmean2": 0.0353682301939, "mean": 0.0724681764841, "dvar2": 0.00262512080371, "min": 1.0489215746e-10}, "spectral_rolloff": {"dvar": 953159.75, "var": 2610853.75, "median": 1119.7265625, "max": 19078.4179688, "dmean": 546.920715332, "dmean2": 903.368652344, "mean": 1640.87158203, "dvar2": 1998594.5, "min": 86.1328125}, "barkbands_flatness_db": {"dvar": 0.000333222997142, "var": 0.00391210988164, "median": 0.100742653012, "max": 0.437819808722, "dmean": 0.0185961686075, "dmean2": 0.0282496195287, "mean": 0.116822086275, "dvar2": 0.000796048901975, "min": 0.0217630732805}, "spectral_centroid": {"dvar": 67946.1484375, "var": 431431.5, "median": 1229.61047363, "max": 10766.2490234, "dmean": 234.022354126, "dmean2": 364.014465332, "mean": 1343.52209473, "dvar2": 142892.109375, "min": 193.022460938}, "melbands_skewness": {"dvar": 0.616549909115, "var": 1.97986543179, "median": 2.43138289452, "max": 13.491101265, "dmean": 0.652326583862, "dmean2": 1.03149437904, "mean": 2.65573430061, "dvar2": 1.52204453945, "min": -0.992553651333}, "melbands": {"dvar": [9.10198923521e-06, 1.69053691934e-05, 9.19614763006e-07, 3.61619555633e-07, 3.04498087189e-07, 1.60922681403e-07, 1.15434808379e-07, 1.14276936358e-07, 6.63457285555e-07, 7.32122273917e-08, 7.52103446189e-08, 2.5466157183e-08, 1.00080352894e-08, 2.09722799127e-08, 1.70820708689e-08, 4.98287011652e-09, 3.72089381528e-09, 1.06643649467e-09, 6.96888768914e-10, 7.71116781539e-10, 2.66367572443e-09, 1.56178647792e-09, 8.34487479118e-10, 3.60186047654e-10, 1.91750032519e-10, 1.24081606101e-10, 1.15850801174e-10, 8.0931344959e-11, 4.97912544528e-11, 4.02320017578e-11, 5.5250051062e-11, 3.0507107257e-11, 2.14590879788e-11, 2.15128644065e-11, 1.29112658065e-11, 1.21521204557e-11, 1.69474261014e-11, 1.07782255343e-11, 5.78046117916e-12, 2.32764827378e-12], "var": [6.71386533213e-06, 1.09427655843e-05, 9.79036371973e-07, 6.23212145001e-07, 6.92702144534e-07, 3.59998807653e-07, 2.59189818053e-07, 2.7090973731e-07, 1.93791515812e-06, 4.97597625326e-07, 2.15008867599e-07, 5.78981342869e-08, 1.24129506673e-08, 4.30229256665e-08, 3.37663976779e-08, 7.79683606567e-09, 5.83743720028e-09, 1.71597125398e-09, 1.08484055072e-09, 1.04418451663e-09, 5.04603425711e-09, 3.27526383792e-09, 1.76457448653e-09, 5.02645869371e-10, 2.42910858095e-10, 1.94275970311e-10, 2.11491005264e-10, 1.53690685178e-10, 8.63653940031e-11, 7.0911242156e-11, 7.74632163969e-11, 6.20674345253e-11, 4.69130567726e-11, 4.72079424163e-11, 2.58333285319e-11, 3.00270849851e-11, 4.76114564441e-11, 3.01718754148e-11, 1.41096986525e-11, 5.32607031395e-12], "median": [0.00021844888397, 0.000436067522969, 0.000330283655785, 0.000360979058314, 0.000308526534354, 0.000236639200011, 0.000157088448759, 0.000108842010377, 6.96566858096e-05, 3.77173892048e-05, 4.14990136051e-05, 2.50766643148e-05, 2.01636830752e-05, 2.25469793804e-05, 1.96193032025e-05, 1.14895656225e-05, 1.40299007398e-05, 9.90189437289e-06, 8.60416184878e-06, 7.48245838622e-06, 7.42162092138e-06, 8.39081531012e-06, 6.39148856862e-06, 6.37468247078e-06, 4.82984933114e-06, 5.22396885572e-06, 5.68614404983e-06, 4.70127952212e-06, 3.51491007677e-06, 3.05284629576e-06, 2.59498870037e-06, 1.8953696781e-06, 1.47337834733e-06, 1.65470237334e-06, 1.19093647299e-06, 6.47284423394e-07, 6.88445993546e-07, 5.282080906e-07, 4.57086059669e-07, 4.10753841606e-07], "max": [0.0481072962284, 0.0748580545187, 0.0258032362908, 0.0168159995228, 0.0112026259303, 0.00857191625983, 0.0126441912726, 0.0125171355903, 0.022317359224, 0.0143936509266, 0.0188055876642, 0.00647430913523, 0.00523986853659, 0.00492327241227, 0.00460516521707, 0.00308686774224, 0.00208413694054, 0.000978318043053, 0.000679345801473, 0.000561592984013, 0.00177014921792, 0.00175793736707, 0.00114442035556, 0.000362840626622, 0.000286962167593, 0.000158674956765, 0.000340596685419, 0.000155286601512, 0.000106276173028, 0.000124466751004, 0.000190878039575, 0.000179689217475, 0.000166904006619, 0.000222497648792, 0.000112699955935, 0.000126657338114, 0.000115944174468, 0.000141202152008, 6.72195164952e-05, 4.44500583399e-05], "dmean": [0.000779525667895, 0.00106507143937, 0.000393729860662, 0.000335890537826, 0.000305363617372, 0.000228829143452, 0.000173279870069, 0.000150807318278, 0.000258524989476, 7.6771240856e-05, 6.4241947257e-05, 4.63659816887e-05, 3.25851178786e-05, 4.82896211906e-05, 4.19420975959e-05, 2.33720929828e-05, 2.67110535788e-05, 1.48883073052e-05, 1.18774642033e-05, 1.21666062114e-05, 1.7015823687e-05, 1.56303594849e-05, 1.08298045234e-05, 8.63006880536e-06, 6.18703143118e-06, 5.80956384511e-06, 5.79942980039e-06, 4.95883887197e-06, 3.63814751836e-06, 3.23249832945e-06, 3.66340145774e-06, 2.38308143707e-06, 1.88063199857e-06, 2.05733635994e-06, 1.67669975326e-06, 1.3255732938e-06, 1.49948755279e-06, 1.14894544367e-06, 1.00369936717e-06, 7.10478786914e-07], "dmean2": [0.0013570394367, 0.00189841876272, 0.000678634096403, 0.000547110219486, 0.000478303816635, 0.000356698059477, 0.000263790017925, 0.000230268196901, 0.000382903468562, 0.000113397320092, 9.95803711703e-05, 7.16886570444e-05, 5.32261146873e-05, 7.68640093156e-05, 6.66476116749e-05, 3.81823265343e-05, 4.37920825789e-05, 2.41103480221e-05, 1.92818788491e-05, 2.03711533686e-05, 2.80201093119e-05, 2.55106733675e-05, 1.77425463335e-05, 1.43711604323e-05, 1.03399379441e-05, 9.65718027146e-06, 9.58881082624e-06, 8.19615252112e-06, 5.99413715463e-06, 5.2635996326e-06, 6.07751007919e-06, 3.79031939701e-06, 2.99018802252e-06, 3.21321408592e-06, 2.56013845501e-06, 2.01583156922e-06, 2.2959202397e-06, 1.7172801563e-06, 1.51044787344e-06, 1.06320896975e-06], "mean": [0.000780212285463, 0.00110973359551, 0.000626345106866, 0.000606171321124, 0.000586808600929, 0.000446411169833, 0.000330311595462, 0.000271577358944, 0.000454096647445, 0.000158186114277, 0.000105854371213, 7.47107260395e-05, 4.78953115817e-05, 7.26149592083e-05, 6.40218277113e-05, 3.28861096932e-05, 4.04100246669e-05, 2.33002720051e-05, 1.92059960682e-05, 1.8440765416e-05, 2.71253029496e-05, 2.62464491243e-05, 1.81357081601e-05, 1.33636312967e-05, 9.65384788287e-06, 9.93078174361e-06, 1.05261515273e-05, 9.08179390535e-06, 6.57143846183e-06, 5.72082444705e-06, 5.26806661583e-06, 3.9470082811e-06, 3.27419320456e-06, 3.55722227141e-06, 2.77136268778e-06, 2.18190143642e-06, 2.49367963079e-06, 1.95807365344e-06, 1.68160420344e-06, 1.24867278828e-06], "dvar2": [2.42426631303e-05, 4.71580096928e-05, 2.59733837993e-06, 9.43140491927e-07, 7.50320737097e-07, 3.82608163818e-07, 2.53208071399e-07, 2.50614306196e-07, 1.28661235976e-06, 1.43368311001e-07, 1.67897070469e-07, 5.22270333647e-08, 2.50978686722e-08, 4.82126942813e-08, 4.03569586638e-08, 1.22538237335e-08, 9.60814450224e-09, 2.66326760645e-09, 1.6759823529e-09, 2.0536823353e-09, 6.78168587953e-09, 3.81434528407e-09, 2.05388617225e-09, 9.30413912581e-10, 4.96961638508e-10, 3.22301130229e-10, 2.94377161536e-10, 2.09422423847e-10, 1.29004959493e-10, 1.0172462872e-10, 1.39799796739e-10, 6.70058175611e-11, 4.65901865698e-11, 4.53016756052e-11, 2.87716361153e-11, 2.53566820319e-11, 3.39174070774e-11, 2.03758745987e-11, 1.20114109631e-11, 5.0894410214e-12], "min": [1.88119092088e-23, 1.95617372765e-23, 1.94158421852e-23, 1.25111178089e-23, 4.11713172309e-24, 1.04261237265e-23, 6.78979759758e-24, 2.67035470925e-24, 9.02386035864e-24, 6.8982044409e-24, 1.46446583914e-23, 1.49029850943e-23, 1.16064205684e-23, 1.75520904546e-23, 1.37505303093e-23, 8.49383260503e-24, 6.94926425185e-24, 9.52475705674e-24, 1.05077455867e-23, 9.89758534232e-24, 9.31375727497e-24, 1.49794067834e-23, 8.53199454018e-24, 1.00457176431e-23, 6.37489620448e-24, 5.31510851554e-24, 1.02093368612e-23, 1.15670224882e-23, 1.26617358104e-23, 1.05539452256e-23, 1.12559951436e-23, 1.6496432058e-23, 1.39321734213e-23, 8.56279166992e-24, 1.35636460054e-23, 1.25196493396e-23, 7.92725140365e-24, 1.07070276286e-23, 1.03918390427e-23, 1.02722374743e-23]}, "spectral_decrease": {"dvar": 2.66453056733e-17, "var": 3.38501265636e-17, "median": -3.87167098381e-09, "max": -1.64702278837e-29, "dmean": 2.21560725322e-09, "dmean2": 3.58200225037e-09, "mean": -5.28624166662e-09, "dvar2": 6.93301099539e-17, "min": -9.4331511491e-08}, "barkbands_kurtosis": {"dvar": 20.8763275146, "var": 104.800735474, "median": 2.3982667923, "max": 179.767807007, "dmean": 2.70046710968, "dmean2": 4.24078989029, "mean": 5.0981464386, "dvar2": 50.967010498, "min": -1.91233515739}, "silence_rate_30dB": {"dvar": 0.0118985269219, "var": 0.0089501850307, "median": 1, "max": 1, "dmean": 0.0120426127687, "dmean2": 0.0240870844573, "mean": 0.990968763828, "dvar2": 0.0301459357142, "min": 0}, "gfcc": {"mean": [-12.1437511444, 79.4900970459, -106.441047668, 29.4889144897, -69.3275985718, 3.44279623032, -41.259967804, 5.43259525299, -27.2053146362, 3.13331484795, -14.7154922485, 0.500511050224, -11.7244510651], "cov": [[16451.6367188, -2425.18505859, -1245.43432617, 451.944641113, 74.4166946411, 885.813903809, -113.695083618, 528.462280273, -168.277069092, 390.739898682, -254.552093506, 226.463241577, -220.876922607], [-2425.18505859, 1482.50048828, -108.461853027, -75.165977478, 52.8850212097, -227.189727783, 174.240066528, -94.5448989868, 100.532241821, -114.68422699, 118.358734131, -143.184997559, 43.2326965332], [-1245.43432617, -108.461853027, 1044.05737305, 41.7471580505, 63.2429466248, 115.708404541, 42.9891242981, 41.0859642029, 3.9987616539, 15.7550354004, 3.36774539948, 78.6270675659, -5.7740316391], [451.944641113, -75.165977478, 41.7471580505, 373.097503662, 114.400741577, 78.534614563, 22.4403591156, 0.884041547775, 13.8899774551, 12.5127086639, -5.61394119263, 17.9575443268, 26.2928199768], [74.4166946411, 52.8850212097, 63.2429466248, 114.400741577, 328.866210938, 73.081741333, 65.3553695679, 1.29302072525, 7.94305038452, 49.7322883606, -26.7837753296, 33.0500946045, 16.7037582397], [885.813903809, -227.189727783, 115.708404541, 78.534614563, 73.081741333, 257.834014893, 62.9936523438, 54.7500343323, -18.2360229492, 51.9549217224, -12.9939050674, 37.8110427856, -13.6732902527], [-113.695083618, 174.240066528, 42.9891242981, 22.4403591156, 65.3553695679, 62.9936523438, 182.43182373, 20.829864502, 16.5924491882, 17.7890968323, 21.0099964142, -9.0531835556, -10.6823968887], [528.462280273, -94.5448989868, 41.0859642029, 0.884041547775, 1.29302072525, 54.7500343323, 20.829864502, 138.572311401, 32.9387702942, 19.8751029968, 0.731606662273, 14.3628587723, -12.111489296], [-168.277069092, 100.532241821, 3.9987616539, 13.8899774551, 7.94305038452, -18.2360229492, 16.5924491882, 32.9387702942, 101.208206177, 16.0443668365, 18.2892150879, -17.7572822571, 7.51369762421], [390.739898682, -114.68422699, 15.7550354004, 12.5127086639, 49.7322883606, 51.9549217224, 17.7890968323, 19.8751029968, 16.0443668365, 101.530181885, 5.5807800293, 24.9299621582, -8.8022108078], [-254.552093506, 118.358734131, 3.36774539948, -5.61394119263, -26.7837753296, -12.9939050674, 21.0099964142, 0.731606662273, 18.2892150879, 5.5807800293, 84.5127792358, 0.481566220522, 11.9666280746], [226.463241577, -143.184997559, 78.6270675659, 17.9575443268, 33.0500946045, 37.8110427856, -9.0531835556, 14.3628587723, -17.7572822571, 24.9299621582, 0.481566220522, 98.8499679565, 19.5408229828], [-220.876922607, 43.2326965332, -5.7740316391, 26.2928199768, 16.7037582397, -13.6732902527, -10.6823968887, -12.111489296, 7.51369762421, -8.8022108078, 11.9666280746, 19.5408229828, 67.1577911377]], "icov": [[0.000145401878399, 8.41726505314e-05, 0.000251211808063, -0.000151726024342, 6.05958157394e-05, -0.000332831870764, 0.000108784013719, -0.000414686976001, 0.000171936000697, -0.000245728733717, 0.000177290683496, -0.000180228555109, 0.000334118260071], [8.41726505314e-05, 0.00163813703693, 0.000140112882946, 0.000285656074993, -0.000728551181965, 0.000814020982943, -0.00149356375914, 0.000505391508341, -0.000920962891541, 0.0014420816442, -0.00160129612777, 0.00131252489518, -0.000481511407997], [0.000251211808063, 0.000140112882946, 0.00151236029342, -0.000253565754974, 1.36371445478e-05, -0.000967716623563, 8.4929910372e-05, -0.000717525661457, -2.77404287772e-05, -1.32893528644e-05, 0.000199472837267, -0.0012477383716, 0.000977881602012], [-0.000151726024342, 0.000285656074993, -0.000253565754974, 0.00351141067222, -0.00120768893976, -0.000499616609886, -0.000243393325945, 0.00099104444962, -0.00114363571629, 0.00115702906623, -0.000639668898657, 0.00055806041928, -0.00150957668666], [6.05958157394e-05, -0.000728551181965, 1.36371445478e-05, -0.00120768893976, 0.00469550164416, -0.000771575025283, -0.00076641648775, 3.19296414091e-05, 0.0002745827951, -0.00258669815958, 0.00290799513459, -0.00149932433851, -0.000750499137212], [-0.000332831870764, 0.000814020982943, -0.000967716623563, -0.000499616609886, -0.000771575025283, 0.00749187683687, -0.00290269427933, -0.000705264799763, 0.00124769366812, -0.000761427276302, -0.000629543792456, 0.000583684886806, -0.000674983893987], [0.000108784013719, -0.00149356375914, 8.4929910372e-05, -0.000243393325945, -0.00076641648775, -0.00290269427933, 0.00870947446674, -0.00132299168035, 0.000404530059313, -0.00131362047978, -0.000742007221561, -8.8868655439e-05, 0.0021089061629], [-0.000414686976001, 0.000505391508341, -0.000717525661457, 0.00099104444962, 3.19296414091e-05, -0.000705264799763, -0.00132299168035, 0.0109424637631, -0.00509306881577, 0.00170761626214, -0.000825880619232, -0.000851436459925, 0.000661054102238], [0.000171936000697, -0.000920962891541, -2.77404287772e-05, -0.00114363571629, 0.0002745827951, 0.00124769366812, 0.000404530059313, -0.00509306881577, 0.0145166413859, -0.00454037822783, -0.000618700112682, 0.00286242133006, -0.00200658012182], [-0.000245728733717, 0.0014420816442, -1.32893528644e-05, 0.00115702906623, -0.00258669815958, -0.000761427276302, -0.00131362047978, 0.00170761626214, -0.00454037822783, 0.0153916496783, -0.00362927047536, -0.00185674009845, 0.00210897787474], [0.000177290683496, -0.00160129612777, 0.000199472837267, -0.000639668898657, 0.00290799513459, -0.000629543792456, -0.000742007221561, -0.000825880619232, -0.000618700112682, -0.00362927047536, 0.0162238087505, -0.00235702423379, -0.00184842548333], [-0.000180228555109, 0.00131252489518, -0.0012477383716, 0.00055806041928, -0.00149932433851, 0.000583684886806, -8.8868655439e-05, -0.000851436459925, 0.00286242133006, -0.00185674009845, -0.00235702423379, 0.0159388147295, -0.00622070394456], [0.000334118260071, -0.000481511407997, 0.000977881602012, -0.00150957668666, -0.000750499137212, -0.000674983893987, 0.0021089061629, 0.000661054102238, -0.00200658012182, 0.00210897787474, -0.00184842548333, -0.00622070394456, 0.020118476823]]}, "silence_rate_20dB": {"dvar": 0, "var": 0, "median": 1, "max": 1, "dmean": 0, "dmean2": 0, "mean": 1, "dvar2": 0, "min": 1}, "barkbands_skewness": {"dvar": 0.277294039726, "var": 1.21688091755, "median": 1.53615891933, "max": 10.7923145294, "dmean": 0.48536324501, "dmean2": 0.755790472031, "mean": 1.65273284912, "dvar2": 0.668895959854, "min": -1.93154287338}, "erbbands_skewness": {"dvar": 0.134068951011, "var": 1.33658242226, "median": 0.461960792542, "max": 11.5812940598, "dmean": 0.363778203726, "dmean2": 0.545250117779, "mean": 0.655543506145, "dvar2": 0.29068595171, "min": -3.18046569824}, "spectral_contrast_valleys": {"dvar": [0.165496140718, 0.0799437463284, 0.0760001763701, 0.0824783965945, 0.0734370499849, 0.132601514459], "var": [1.55709648132, 1.20678675175, 1.55996775627, 1.79761493206, 1.89988994598, 2.28842496872], "median": [-7.24254465103, -6.59263181686, -7.30721950531, -7.72620010376, -7.33767461777, -9.72691822052], "max": [-4.91546726227, -4.58281135559, -5.02190351486, -5.58085298538, -5.30672025681, -7.39940881729], "dmean": [0.406092315912, 0.318967998028, 0.298589289188, 0.275159537792, 0.238784715533, 0.3156876266], "dmean2": [0.653918802738, 0.52132922411, 0.485878497362, 0.433787345886, 0.360984951258, 0.422712147236], "mean": [-7.5716085434, -6.7352809906, -7.54251670837, -8.00771045685, -7.64622783661, -10.0799636841], "dvar2": [0.37857362628, 0.185395598412, 0.169357672334, 0.171249434352, 0.140919774771, 0.235550895333], "min": [-27.0659923553, -27.1909809113, -27.1055202484, -27.0399837494, -27.1505069733, -27.2293148041]}, "spectral_strongpeak": {"dvar": 0.598457276821, "var": 1.35995578766, "median": 0.503167450428, "max": 13.8658618927, "dmean": 0.4707275033, "dmean2": 0.77665245533, "mean": 0.903000414371, "dvar2": 1.46366894245, "min": 0}, "erbbands_crest": {"dvar": 7.16772031784, "var": 31.4718399048, "median": 7.94040966034, "max": 31.0883636475, "dmean": 2.7209687233, "dmean2": 4.29470682144, "mean": 9.65062999725, "dvar2": 16.8721904755, "min": 2.24931955338}, "barkbands_crest": {"dvar": 5.62212848663, "var": 17.788980484, "median": 8.37876224518, "max": 25.372877121, "dmean": 2.34543442726, "dmean2": 3.74355149269, "mean": 9.35418796539, "dvar2": 14.2577133179, "min": 2.37173295021}, "spectral_energyband_middle_low": {"dvar": 4.27745326306e-05, "var": 0.000145108933793, "median": 0.00828948337585, "max": 0.124717600644, "dmean": 0.00422135321423, "dmean2": 0.00653042737395, "mean": 0.0117238620296, "dvar2": 9.87589737633e-05, "min": 2.77061455212e-22}, "spectral_contrast_coeffs": {"dvar": [0.00162547791842, 0.00132462545298, 0.00091799517395, 0.000585674250033, 0.000313287280733, 0.000286070076982], "var": [0.00575524894521, 0.00499503081664, 0.00348210195079, 0.00248565035872, 0.0017882832326, 0.00197855569422], "median": [-0.630876660347, -0.716426253319, -0.780746340752, -0.798773229122, -0.801288485527, -0.76334810257], "max": [-0.298186510801, -0.393594503403, -0.44718003273, -0.534538209438, -0.594849646091, -0.622346162796], "dmean": [0.0477654971182, 0.0451158359647, 0.0376197732985, 0.0291694141924, 0.0210311505944, 0.0186293181032], "dmean2": [0.077868245542, 0.0723519101739, 0.0605031624436, 0.0477173738182, 0.0342013463378, 0.029931621626], "mean": [-0.62608653307, -0.711802124977, -0.774245500565, -0.794763326645, -0.798282563686, -0.763962745667], "dvar2": [0.00440136669204, 0.00340128480457, 0.00234488933347, 0.00146980537102, 0.000769307487644, 0.000696398550645], "min": [-0.967297911644, -0.963126718998, -0.982962369919, -0.979068815708, -0.960205256939, -0.960055291653]}, "hfc": {"dvar": 129.275100708, "var": 407.6875, "median": 14.5500650406, "max": 220.894821167, "dmean": 6.69808912277, "dmean2": 9.87643241882, "mean": 19.8620357513, "dvar2": 291.128967285, "min": 1.20615718214e-16}, "spectral_energyband_high": {"dvar": 9.25844290123e-07, "var": 2.64876530309e-06, "median": 0.000622613180894, "max": 0.0231337342411, "dmean": 0.000508069468196, "dmean2": 0.00073792290641, "mean": 0.00108827440999, "dvar2": 1.89779700577e-06, "min": 8.08056422973e-21}, "erbbands_spread": {"dvar": 96.5120697021, "var": 409.394165039, "median": 41.8357772827, "max": 148.425842285, "dmean": 8.94727420807, "dmean2": 13.7637062073, "mean": 43.2911338806, "dvar2": 209.572372437, "min": 1.06585407257}, "dissonance": {"dvar": 0.000305069261231, "var": 0.0012189487461, "median": 0.468327969313, "max": 0.500000119209, "dmean": 0.0171387381852, "dmean2": 0.0283561926335, "mean": 0.458895266056, "dvar2": 0.000818014901597, "min": 0.214371308684}, "spectral_kurtosis": {"dvar": 6.16244363785, "var": 64.3984832764, "median": 2.92635917664, "max": 101.061485291, "dmean": 1.28164625168, "dmean2": 2.17169713974, "mean": 4.40597915649, "dvar2": 18.314201355, "min": -1.19850826263}, "spectral_skewness": {"dvar": 0.0431598052382, "var": 0.647678434849, "median": 1.36568462849, "max": 8.64152336121, "dmean": 0.184959501028, "dmean2": 0.299314588308, "mean": 1.49669182301, "dvar2": 0.111668355763, "min": 0.00720537174493}, "pitch_salience": {"dvar": 0.00418921420351, "var": 0.011442290619, "median": 0.60782968998, "max": 0.876030981541, "dmean": 0.0678711086512, "dmean2": 0.108773693442, "mean": 0.595278918743, "dvar2": 0.0107297394425, "min": 0.167376980186}, "spectral_complexity": {"dvar": 20.1424789429, "var": 129.847839355, "median": 17, "max": 61, "dmean": 3.59255838394, "dmean2": 5.4889216423, "mean": 18.388885498, "dvar2": 39.801410675, "min": 0}, "spectral_spread": {"dvar": 585562718208, "var": 2667598315520.0, "median": 5071493.5, "max": 40474164, "dmean": 580618.5625, "dmean2": 829083.625, "mean": 5212686, "dvar2": 1024010092540.0, "min": 755037.1875}, "dynamic_complexity": 4.06321573257, "melbands_crest": {"dvar": 7.65325880051, "var": 22.007144928, "median": 11.6176137924, "max": 32.1561088562, "dmean": 2.88406038284, "dmean2": 4.62062644958, "mean": 12.6017332077, "dvar2": 18.8100166321, "min": 1.76534867287}, "zerocrossingrate": {"dvar": 0.000186160206795, "var": 0.00151038216427, "median": 0.064453125, "max": 0.49951171875, "dmean": 0.0116404984146, "dmean2": 0.0136060947552, "mean": 0.0705530047417, "dvar2": 0.000205976059078, "min": 0.00634765625}, "spectral_energyband_low": {"dvar": 0.000317238649586, "var": 0.000230565521633, "median": 0.00258806091733, "max": 0.320605576038, "dmean": 0.00485334033147, "dmean2": 0.00841334275901, "mean": 0.00558630703017, "dvar2": 0.000854136014823, "min": 1.19589356856e-22}, "melbands_kurtosis": {"dvar": 132.925933838, "var": 363.25881958, "median": 8.93421077728, "max": 325.217315674, "dmean": 6.3148727417, "dmean2": 10.2049980164, "mean": 14.185295105, "dvar2": 346.538024902, "min": -1.80146217346}, "spectral_energyband_middle_high": {"dvar": 9.66673633229e-06, "var": 2.67552022706e-05, "median": 0.00261891633272, "max": 0.106774047017, "dmean": 0.00154839630704, "dmean2": 0.00240722927265, "mean": 0.00405836058781, "dvar2": 2.27515502047e-05, "min": 1.52664159008e-21}, "barkbands_spread": {"dvar": 53.2133255005, "var": 243.48236084, "median": 21.9738121033, "max": 117.549865723, "dmean": 5.88149213791, "dmean2": 8.97732448578, "mean": 24.3640880585, "dvar2": 109.094329834, "min": 0.42276263237}, "mfcc": {"mean": [-651.659729004, 108.724311829, 11.4267568588, 23.4893741608, -4.23149967194, -2.49103999138, -4.46489858627, -3.1761534214, -6.52722835541, -2.45225191116, -2.8771686554, -0.270578920841, -0.453461050987], "cov": [[11027.7382812, -1007.31323242, -636.292358398, -150.181060791, 115.337364197, 314.630157471, 139.422729492, 131.402252197, 207.729614258, 68.6466217041, 103.530982971, 161.819320679, 101.133880615], [-1007.31323242, 1028.4017334, -83.548286438, 61.7164878845, -90.8949432373, -86.8556137085, 21.801202774, 10.3555583954, -29.3054828644, 49.7391586304, 35.4970550537, -2.60936331749, 23.3661975861], [-636.292358398, -83.548286438, 682.323425293, 15.5767393112, 38.4637641907, 13.3731565475, 38.6676979065, 65.963722229, 0.839556276798, 2.42102456093, 14.8447237015, 21.8103199005, -0.427409648895], [-150.181060791, 61.7164878845, 15.5767393112, 288.951782227, 83.8268280029, 75.1215820312, 19.3338832855, 18.1162643433, 23.8031349182, 9.08391666412, -15.8564538956, -0.824120819569, 2.59977650642], [115.337364197, -90.8949432373, 38.4637641907, 83.8268280029, 220.21661377, 70.7853622437, 23.8987693787, 19.366443634, 46.1843605042, 1.07043218613, -8.10563468933, 5.65689659119, 8.77105426788], [314.630157471, -86.8556137085, 13.3731565475, 75.1215820312, 70.7853622437, 243.311904907, 89.4980926514, 29.6588630676, 32.7957725525, 18.6373577118, 15.6884098053, -3.65070271492, -12.7835464478], [139.422729492, 21.801202774, 38.6676979065, 19.3338832855, 23.8987693787, 89.4980926514, 151.225112915, 49.8244667053, 21.3712444305, 20.5921840668, 21.2928733826, 19.0115413666, 2.087071