{"tonal": {"chords_key": "G", "hpcp_entropy": {"dmean": 0.421605795622, "dmean2": 0.70175743103, "max": 3.79427862167, "dvar": 0.241679012775, "mean": 1.43462765217, "dvar2": 0.598995447159, "min": 0, "var": 0.488555520773, "median": 1.46740567684}, "key_key": "C", "chords_strength": {"dmean": 0.00991872791201, "dmean2": 0.0073571074754, "max": 0.711185574532, "dvar": 0.000423041841714, "mean": 0.457743257284, "dvar2": 0.000749204074964, "min": -1, "var": 0.0129621811211, "median": 0.46004652977}, "key_scale": "minor", "chords_number_rate": 0.00342791853473, "thpcp": [1, 0.538111805916, 0.30713301897, 0.479374915361, 0.382187485695, 0.351515293121, 0.402634620667, 0.261573046446, 0.469506531954, 0.821414291859, 0.503203332424, 0.321241289377, 0.468342810869, 0.305664688349, 0.533403456211, 0.771778702736, 0.364512562752, 0.129716590047, 0.174654573202, 0.115460500121, 0.358360052109, 0.592965781689, 0.353070348501, 0.468909800053, 0.617868304253, 0.280953943729, 0.12843427062, 0.144665539265, 0.154999494553, 0.421510696411, 0.515677630901, 0.24849794805, 0.254816681147, 0.393853902817, 0.344676762819, 0.686272680759], "key_strength": 0.611331105232, "tuning_nontempered_energy_ratio": 0.615777850151, "tuning_frequency": 441.017791748, "chords_changes_rate": 0.0630356147885, "tuning_diatonic_strength": 0.364577621222, "chords_scale": "minor", "chords_histogram": [16.3778324127, 3.59931445122, 18.8535518646, 6.93201303482, 1.23785948753, 3.16130256653, 0.114263951778, 5.00856971741, 1.69491529465, 10.9883832932, 3.08512663841, 2.60902690887, 0.399923831224, 0.209483906627, 0, 2.68520283699, 0.68558371067, 3.7135784626, 0.799847662449, 2.60902690887, 6.98914480209, 1.48543131351, 5.33231782913, 1.42829942703], "tuning_equal_tempered_deviation": 0.0207020752132, "hpcp": {"dmean": [0.0709102004766, 0.067097492516, 0.0855204761028, 0.0682988762856, 0.0791241750121, 0.0534245073795, 0.0551980137825, 0.0562033355236, 0.0645589232445, 0.0597947239876, 0.0464919805527, 0.0230650119483, 0.0233667008579, 0.0219534598291, 0.0400562174618, 0.0527301616967, 0.053560256958, 0.0577857196331, 0.0592498891056, 0.0480528958142, 0.0350323617458, 0.0353801511228, 0.041317038238, 0.0566398389637, 0.0592329911888, 0.0526081882417, 0.0535892806947, 0.0625680014491, 0.0857382640243, 0.116430722177, 0.101229593158, 0.0859906226397, 0.0621533766389, 0.0707429498434, 0.0802873447537, 0.0773214548826], "dmean2": [0.126299262047, 0.123253747821, 0.156809210777, 0.117812208831, 0.14291420579, 0.0932531058788, 0.0957421734929, 0.0955230891705, 0.106784500182, 0.0984032526612, 0.072767727077, 0.0401172153652, 0.0409509092569, 0.0391215905547, 0.0632300376892, 0.0879060402513, 0.0916192755103, 0.0975649356842, 0.0992080271244, 0.0846826657653, 0.0633938387036, 0.0642067119479, 0.0735863223672, 0.0949851796031, 0.0985577628016, 0.0919022411108, 0.0956346467137, 0.110658042133, 0.155107200146, 0.208870723844, 0.17157946527, 0.151097506285, 0.111483901739, 0.122341170907, 0.138419628143, 0.135052755475], "max": [1, 1, 1, 1, 1, 1, 1, 1, 1, 1, 1, 1, 1, 1, 1, 1, 1, 1, 1, 1, 1, 1, 1, 1, 1, 1, 1, 1, 1, 1, 1, 1, 1, 1, 1, 1], "dvar": [0.0305155906826, 0.0270996317267, 0.0330885313451, 0.0311192106456, 0.0290707405657, 0.0161990039051, 0.0280888825655, 0.0199880711734, 0.0238458476961, 0.0281496271491, 0.0142940124497, 0.00771319959313, 0.0109212761745, 0.00683304900303, 0.0120315076783, 0.0237364862114, 0.018055871129, 0.0211768709123, 0.0262715630233, 0.0164258666337, 0.0161913633347, 0.0168116223067, 0.0150460712612, 0.020957628265, 0.0235436931252, 0.0188675876707, 0.0229014959186, 0.0260318089277, 0.0325285717845, 0.0458043701947, 0.0437992736697, 0.0310680102557, 0.0267877895385, 0.0335933715105, 0.0315564908087, 0.0301475804299], "mean": [0.0972236767411, 0.0631617158651, 0.113371148705, 0.19834586978, 0.121507883072, 0.0775697305799, 0.113090150058, 0.0738084688783, 0.12880025804, 0.186360433698, 0.0880183875561, 0.0313225015998, 0.0421736203134, 0.027880102396, 0.0865327492356, 0.143182694912, 0.0852554515004, 0.113227061927, 0.149195879698, 0.0678415969014, 0.0310128629208, 0.0349322073162, 0.0374275334179, 0.101781658828, 0.124520026147, 0.0600044876337, 0.0615302659571, 0.095103405416, 0.0832286626101, 0.165713399649, 0.24146874249, 0.129937186837, 0.0741630271077, 0.115754060447, 0.0922863334417, 0.0848799571395], "dvar2": [0.0766239836812, 0.0764317587018, 0.0981175079942, 0.0682395920157, 0.0847532600164, 0.041506536305, 0.0641833767295, 0.050850931555, 0.0573769249022, 0.05771298334, 0.0331954807043, 0.0203444454819, 0.0266953334212, 0.0186258349568, 0.0279485266656, 0.0501122698188, 0.0474582873285, 0.0501049272716, 0.0557493232191, 0.0451501272619, 0.0429144836962, 0.0437207594514, 0.0419719666243, 0.0492974184453, 0.0548799149692, 0.0525182560086, 0.0622793957591, 0.0644843801856, 0.0894614830613, 0.122750714421, 0.0983526706696, 0.086649402976, 0.0740884914994, 0.0757381394506, 0.0791036933661, 0.0784074813128], "min": [0, 0, 0, 0, 0, 0, 0, 0, 0, 0, 0, 0, 0, 0, 0, 0, 0, 0, 0, 0, 0, 0, 0, 0, 0, 0, 0, 0, 0, 0, 0, 0, 0, 0, 0, 0], "var": [0.0555712729692, 0.0255286116153, 0.0432931557298, 0.121238067746, 0.0504634641111, 0.033109690994, 0.078686453402, 0.0283211581409, 0.0618411973119, 0.120289459825, 0.0342010632157, 0.0118661783636, 0.0263619683683, 0.00842387787998, 0.0351533032954, 0.0901474580169, 0.0307310819626, 0.0528629235923, 0.0855431854725, 0.0210981108248, 0.0152802346274, 0.0191111396998, 0.0134397242218, 0.0532858893275, 0.0713502764702, 0.0198944788426, 0.0270451419055, 0.0543547943234, 0.0333173163235, 0.0656605735421, 0.134173169732, 0.045483417809, 0.0331664569676, 0.0713655129075, 0.0402902364731, 0.037941262126], "median": [0.00159421621356, 0.00199363171123, 0.00679030641913, 0.00551577564329, 0.00517734978348, 0.00285878125578, 0.000994117930532, 0.00177265587263, 0.00219294894487, 0.00234409747645, 0.00165993487462, 0.000724317680579, 0.000460021925392, 0.00101530202664, 0.00318855815567, 0.00462627550587, 0.00600244291127, 0.00293321209028, 0.00286736548878, 0.00211776420474, 0.000416652153945, 0.000327385467244, 0.000827817420941, 0.002087011002, 0.00206913985312, 0.00148413237184, 0.00079950352665, 0.000805255549494, 0.00382904964499, 0.0204511098564, 0.0206843595952, 0.0107588917017, 0.00147280120291, 0.00161380704958, 0.00323048583232, 0.00305808871053]}}, "lowlevel": {"melbands_flatness_db": {"dmean": 0.0312369689345, "dmean2": 0.0460156463087, "max": 0.723000943661, "dvar": 0.0014336759923, "mean": 0.412145704031, "dvar2": 0.00286030210555, "min": 3.53775760686e-07, "var": 0.0109110074118, "median": 0.417542636395}, "melbands_crest": {"dmean": 2.52840471268, "dmean2": 4.0995965004, "max": 38.4605789185, "dvar": 7.76683282852, "mean": 18.1599979401, "dvar2": 19.4675998688, "min": 1.00179409981, "var": 32.8269119263, "median": 17.4356155396}, "spectral_entropy": {"dmean": 0.298418581486, "dmean2": 0.448082506657, "max": 9.81087017059, "dvar": 0.141585871577, "mean": 5.59995031357, "dvar2": 0.298387169838, "min": 3.31384181976, "var": 0.732527315617, "median": 5.43523693085}, "melbands": {"dmean": [4.7997556976e-05, 0.000548255222384, 0.000850649317726, 0.000818605825771, 0.000162308773724, 0.000153686836711, 7.43986238376e-05, 5.37494124728e-05, 4.77548855997e-05, 4.09142739954e-06, 6.35023161522e-06, 7.26427833797e-06, 7.67747224018e-06, 7.18535238775e-06, 4.86222461404e-06, 3.62333207704e-06, 2.88474188892e-06, 4.13137286159e-07, 5.79441007176e-07, 6.23183268544e-07, 9.11573010853e-07, 5.06202809447e-07, 1.80068042255e-07, 2.2233332686e-07, 1.85684783105e-07, 1.41875219128e-07, 5.82840584684e-08, 9.38252497917e-08, 4.63807680262e-07, 6.09911921856e-07, 1.09738877541e-07, 1.84639546319e-07, 1.28545423195e-07, 8.99796006593e-08, 8.39391773866e-08, 7.40831822554e-08, 7.22613435755e-08, 7.12767729283e-08, 6.17856770191e-08, 4.67153995487e-08], "dmean2": [6.68998909532e-05, 0.000785924552474, 0.00122786336578, 0.00118753733113, 0.000255971128354, 0.000210761616472, 0.000105223603896, 7.44386416045e-05, 5.46748160559e-05, 5.34460195922e-06, 8.3459808593e-06, 9.9062690424e-06, 1.03243446574e-05, 9.09575464902e-06, 6.66116466164e-06, 4.8670472097e-06, 4.06659137298e-06, 6.55019448459e-07, 9.16650890304e-07, 9.50164576352e-07, 1.55397424351e-06, 8.2041560745e-07, 2.68216069799e-07, 3.14508355359e-07, 2.73469112244e-07, 2.17835150806e-07, 8.96568863595e-08, 1.53288269189e-07, 8.5903246827e-07, 1.12453142265e-06, 1.78745878543e-07, 3.26766212311e-07, 2.11951999063e-07, 1.43727007185e-07, 1.41064518289e-07, 1.22528959423e-07, 1.21810543874e-07, 1.17428115232e-07, 1.04279465063e-07, 7.86807561326e-08], "max": [0.00589284021407, 0.0556007213891, 0.280488103628, 0.213518619537, 0.00715542305261, 0.0137781631202, 0.00963001698256, 0.0101577378809, 0.015370644629, 0.0010794850532, 0.00180725986138, 0.00182200828567, 0.0044552795589, 0.00329432077706, 0.00255094002932, 0.00138233869802, 0.00157629221212, 0.000193509462406, 0.000119570708193, 0.000125040154671, 0.000642339524347, 0.000290383584797, 5.48710013391e-05, 5.82047068747e-05, 5.85247144045e-05, 3.31227238348e-05, 1.3858209968e-05, 2.83830759145e-05, 0.00147981569171, 0.00178812316153, 7.40151226637e-05, 0.000330028909957, 5.89634619246e-05, 2.18359364226e-05, 7.20574680599e-05, 2.64284863079e-05, 2.96090656775e-05, 2.58254913206e-05, 5.60670414416e-05, 2.362061241e-05], "dvar": [1.3789637876e-08, 3.40512315233e-06, 1.66304489539e-05, 1.55455672939e-05, 1.61509149166e-07, 2.26143825444e-07, 6.28616092513e-08, 8.01715742682e-08, 9.48535401335e-08, 4.43587389043e-10, 1.56911039717e-09, 1.6999356367e-09, 3.20538307008e-09, 2.68386690649e-09, 1.80723691567e-09, 7.28146265505e-10, 1.06913589093e-09, 1.24221223585e-11, 1.08792532275e-11, 1.06069042438e-11, 1.6779284906e-10, 3.27109971054e-11, 1.56869927204e-12, 1.31754774192e-12, 1.03511459387e-12, 8.49415156268e-13, 1.11495163688e-13, 4.81566175825e-13, 4.14498130263e-10, 6.13006201355e-10, 1.55861358975e-12, 2.19560723769e-11, 1.39646714331e-12, 2.51842085597e-13, 1.27871671585e-12, 2.63867378468e-13, 3.77681176264e-13, 3.5019583804e-13, 7.64885984411e-13, 2.08315678075e-13], "mean": [0.000106191044324, 0.00140973471571, 0.00200432538986, 0.0017880469095, 0.000569130352233, 0.000595844991039, 0.000250300654443, 0.000122582088807, 0.000170128725586, 1.23933932628e-05, 1.70672883542e-05, 1.77665842784e-05, 1.69432751136e-05, 1.89144211618e-05, 1.04786922748e-05, 7.75635362515e-06, 5.5823902585e-06, 6.84750489199e-07, 1.09741290544e-06, 1.15513512355e-06, 1.07418793505e-06, 7.31860154701e-07, 3.47673278611e-07, 4.51023907999e-07, 3.11696709332e-07, 2.00744764811e-07, 7.79106130722e-08, 1.27428435803e-07, 3.76877608232e-07, 4.79462869407e-07, 1.2179019393e-07, 1.59910015896e-07, 1.47800619743e-07, 1.18511785274e-07, 9.36013648811e-08, 8.34249362924e-08, 7.74723645236e-08, 7.90940504203e-08, 6.09448562727e-08, 4.61280258435e-08], "dvar2": [2.2125631105e-08, 6.85130407874e-06, 2.76475111605e-05, 2.52344088949e-05, 3.76540953084e-07, 3.49358003859e-07, 1.11952125792e-07, 1.43657032936e-07, 1.13446766647e-07, 7.22869486491e-10, 2.69533506625e-09, 2.77904410595e-09, 5.14166842436e-09, 4.308902124e-09, 3.75692632559e-09, 1.08516973185e-09, 2.20793716643e-09, 3.44595255108e-11, 2.54233578634e-11, 2.45774876145e-11, 4.88740492521e-10, 9.39800945399e-11, 3.77669336776e-12, 2.46892480418e-12, 2.18598403268e-12, 2.05669270677e-12, 2.78580381419e-13, 1.34752126991e-12, 1.23893195703e-09, 1.83388026986e-09, 4.41033581183e-12, 6.53748236101e-11, 3.51802419661e-12, 6.35920949146e-13, 3.70422052406e-12, 7.38007311513e-13, 1.06616863775e-12, 9.70949449314e-13, 2.23882978129e-12, 5.80212418909e-13], "min": [3.45788722201e-25, 2.88509566385e-24, 3.06941577537e-24, 5.06483726576e-24, 3.32410799888e-24, 3.1991240325e-24, 2.03349388983e-24, 5.06372142201e-24, 3.30451111627e-24, 4.59711177429e-24, 3.8512540436e-24, 3.4003829598e-24, 3.81224723842e-24, 5.49460434819e-24, 6.32353110436e-24, 3.56443329036e-24, 4.26270338138e-24, 3.5279524178e-24, 5.46305503958e-24, 5.22539649238e-24, 4.6872324274e-24, 5.33263700485e-24, 4.7034667904e-24, 6.74546361471e-24, 7.04989450436e-24, 6.37090417387e-24, 4.38476935127e-24, 6.62839350093e-24, 4.52999272746e-24, 4.17942136346e-24, 5.77314995053e-24, 7.49808030564e-24, 6.05243865985e-24, 8.21864636685e-24, 5.89224980342e-24, 7.59502342228e-24, 7.86616595946e-24, 5.76326473453e-24, 6.38613076706e-24, 7.7229040859e-24], "var": [7.57634310844e-08, 1.43330071296e-05, 4.23465680797e-05, 4.71303064842e-05, 8.00415705271e-07, 1.38297332342e-06, 3.61561859563e-07, 2.00820821306e-07, 6.82030020016e-07, 2.33394881199e-09, 6.14285600165e-09, 5.65371927053e-09, 1.07663433724e-08, 1.19871108595e-08, 3.93887455985e-09, 3.08202485755e-09, 3.07373304587e-09, 1.01461426066e-11, 2.69652702944e-11, 2.18859652623e-11, 1.01756228443e-10, 2.39999131679e-11, 3.202315366e-12, 3.50318927513e-12, 2.65022162202e-12, 1.15726384638e-12, 1.38675122817e-13, 3.9490445961e-13, 2.10662376432e-10, 3.106695734e-10, 1.13531579971e-12, 1.15121957106e-11, 1.41824637971e-12, 2.9608534049e-13, 7.65008011366e-13, 2.07922695446e-13, 2.58610407394e-13, 2.79513310284e-13, 4.35390167929e-13, 1.43262517734e-13], "median": [2.55518280028e-05, 0.000178440037416, 0.000354083953425, 0.000229481331189, 0.000193435000256, 0.000123917532619, 4.18366180384e-05, 9.8802629509e-06, 5.29989802089e-06, 9.54348820414e-07, 1.2394781379e-06, 1.39505846164e-06, 6.62639763505e-07, 6.40312464384e-07, 4.86291696689e-07, 2.54338033301e-07, 2.63870504114e-07, 1.02969949012e-07, 1.1002784106e-07, 1.02837603322e-07, 8.33700468661e-08, 4.78475357113e-08, 2.90301294115e-08, 4.28844657563e-08, 3.13665964313e-08, 1.63137450215e-08, 7.94539811722e-09, 1.12229869842e-08, 1.39343168115e-08, 1.33732864782e-08, 5.49347234369e-09, 5.41708011781e-09, 6.52268994372e-09, 5.28577537295e-09, 3.40904193763e-09, 3.55661078366e-09, 2.45744802285e-09, 1.71662406512e-09, 1.18918219716e-09, 8.77547756684e-10]}, "silence_rate_60dB": {"dmean": 0.0489570423961, "dmean2": 0.097923412919, "max": 1, "dvar": 0.046567901969, "mean": 0.264476180077, "dvar2": 0.0991913825274, "min": 0, "var": 0.19453112781, "median": 0}, "spectral_energyband_middle_high": {"dmean": 0.000214430590859, "dmean2": 0.000279755215161, "max": 0.0519391000271, "dvar": 1.04821754121e-06, "mean": 0.000562031404115, "dvar2": 1.74365868588e-06, "min": 1.21693060826e-21, "var": 3.88623448089e-06, "median": 6.70722074574e-05}, "erbbands_skewness": {"dmean": 0.53084820509, "dmean2": 0.811454296112, "max": 12.6473436356, "dvar": 0.463522136211, "mean": 2.26813030243, "dvar2": 1.00954008102, "min": -3.55895829201, "var": 2.0389611721, "median": 2.09062004089}, "dynamic_complexity": 6.65572738647, "dissonance": {"dmean": 0.0371468253434, "dmean2": 0.0610320344567, "max": 0.49998152256, "dvar": 0.00114275480155, "mean": 0.355947464705, "dvar2": 0.00294635281898, "min": 0.11730184406, "var": 0.00509557593614, "median": 0.359226167202}, "spectral_skewness": {"dmean": 0.804003179073, "dmean2": 1.27668333054, "max": 13.7301712036, "dvar": 0.696591854095, "mean": 4.33414125443, "dvar2": 1.60171091557, "min": -0.089717105031, "var": 4.59157896042, "median": 3.87015342712}, "spectral_kurtosis": {"dmean": 12.0360479355, "dmean2": 19.41929245, "max": 262.391326904, "dvar": 228.511032104, "mean": 34.6357421875, "dvar2": 546.747009277, "min": -1.2739559412, "var": 1205.01867676, "median": 21.9631652832}, "gfcc": {"cov": [[19073.7441406, -0.844321489334, -1564.8572998, 12.6502895355, -1044.55493164, 222.390060425, -505.339233398, 68.1033248901, -216.072769165, 111.779953003, -187.562759399, 63.1586685181, -239.440658569], [-0.844321489334, 2315.85351562, 344.261413574, -288.764343262, 239.724472046, -597.989257812, 109.043434143, -427.049865723, 163.159500122, -414.192108154, 243.923355103, -218.702377319, 215.524124146], [-1564.8572998, 344.261413574, 1041.3157959, 183.322097778, 237.775238037, -40.9520149231, 14.8665466309, -103.150299072, -94.1940612793, -129.254623413, -58.1775627136, -38.8761329651, 44.6032333374], [12.6502895355, -288.764343262, 183.322097778, 545.848876953, 137.022598267, 166.766265869, 15.1218166351, 0.97732013464, -48.8693885803, -18.3787536621, -94.6673660278, -21.1664333344, 10.0798540115], [-1044.55493164, 239.724472046, 237.775238037, 137.022598267, 369.067840576, 8.120013237, 70.5315628052, -64.9362106323, -1.30073809624, -83.5766296387, -10.3479309082, -51.5400810242, 32.4584312439], [222.390060425, -597.989257812, -40.9520149231, 166.766265869, 8.120013237, 370.815551758, 0.901091396809, 130.698074341, -55.1098632812, 120.997879028, -77.0691146851, 46.6480407715, -78.3171005249], [-505.339233398, 109.043434143, 14.8665466309, 15.1218166351, 70.5315628052, 0.901091396809, 182.578582764, 20.5917282104, 40.8288841248, -34.2367897034, 9.33265399933, -44.3452453613, -17.895565033], [68.1033248901, -427.049865723, -103.150299072, 0.97732013464, -64.9362106323, 130.698074341, 20.5917282104, 243.121566772, 19.7732105255, 112.321395874, -37.2125205994, 34.3630065918, -77.7715377808], [-216.072769165, 163.159500122, -94.1940612793, -48.8693885803, -1.30073809624, -55.1098632812, 40.8288841248, 19.7732105255, 183.472183228, 29.9872722626, 52.000415802, -35.5255584717, 0.794579565525], [111.779953003, -414.192108154, -129.254623413, -18.3787536621, -83.5766296387, 120.997879028, -34.2367897034, 112.321395874, 29.9872722626, 233.416442871, 13.8914194107, 45.9898872375, -59.6111488342], [-187.562759399, 243.923355103, -58.1775627136, -94.6673660278, -10.3479309082, -77.0691146851, 9.33265399933, -37.2125205994, 52.000415802, 13.8914194107, 165.494094849, 8.05723571777, 16.1929149628], [63.1586685181, -218.702377319, -38.8761329651, -21.1664333344, -51.5400810242, 46.6480407715, -44.3452453613, 34.3630065918, -35.5255584717, 45.9898872375, 8.05723571777, 131.559173584, 23.2863368988], [-239.440658569, 215.524124146, 44.6032333374, 10.0798540115, 32.4584312439, -78.3171005249, -17.895565033, -77.7715377808, 0.794579565525, -59.6111488342, 16.1929149628, 23.2863368988, 180.507385254]], "mean": [-199.77507019, 157.435897827, -69.8752441406, 21.5139827728, -61.6267089844, -1.3282418251, -44.1926002502, -14.6470041275, -23.6398296356, -10.6808958054, -8.22667884827, -8.42051887512, -6.19566965103], "icov": [[9.73530695774e-05, -0.000212831058889, 0.000178695801878, -0.000154787267093, 0.000263002410065, -0.000133015157189, 0.000224678224185, -6.26103210379e-05, 0.000192633146071, -8.0093901488e-05, 0.000257558480371, -0.000101647689007, 0.000200748545467], [-0.000212831058889, 0.00219481042586, -0.000747091602534, 0.00100483733695, -0.000923893589061, 0.0010494783055, -0.000642069848254, 0.0011727870442, -0.00132535619196, 0.00177762948442, -0.00213984563015, 0.00179151340853, -0.00115756620653], [0.000178695801878, -0.000747091602534, 0.00166555133183, -0.000680672412273, -0.000122047385958, -8.03003640613e-05, 0.000510364945512, -0.000219513676711, 0.0011001144303, -0.000329492730089, 0.00102787197102, -0.000484028889332, 0.00055521709146], [-0.000154787267093, 0.00100483733695, -0.000680672412273, 0.00316140335053, -0.00112521077972, -0.000872732023709, -0.000337718345691, 0.000758696987759, -0.00069747044472, 0.000913093273994, -0.000183972879313, 0.0013152458705, -0.0011449099984], [0.000263002410065, -0.000923893589061, -0.000122047385958, -0.00112521077972, 0.00477418443188, -0.00118093146011, -0.000519284745678, 0.000266137416475, 0.000350029527908, 0.000136848524562, 0.000662926817313, 0.000135266120196, 0.000204040683457], [-0.000133015157189, 0.0010494783055, -8.03003640613e-05, -0.000872732023709, -0.00118093146011, 0.00589973945171, -0.000881268002558, -0.000728021084797, 0.000741201161873, -0.00129761407152, 0.000173000211362, -0.000484620511997, 0.000625323795248], [0.000224678224185, -0.000642069848254, 0.000510364945512, -0.000337718345691, -0.000519284745678, -0.000881268002558, 0.00768991513178, -0.00173011189327, -0.000738398754038, 0.00135056965519, -0.000116275652545, 0.00123539299238, 0.000985712511465], [-6.26103210379e-05, 0.0011727870442, -0.000219513676711, 0.000758696987759, 0.000266137416475, -0.000728021084797, -0.00173011189327, 0.00781235657632, -0.00188315520063, -0.000877527636476, 0.000678910990246, -0.00066291319672, 0.00110233714804], [0.000192633146071, -0.00132535619196, 0.0011001144303, -0.00069747044472, 0.000350029527908, 0.000741201161873, -0.000738398754038, -0.00188315520063, 0.00865381862968, -0.00273488857783, -0.000401430646889, 0.00137010158505, -0.000102825484646], [-8.0093901488e-05, 0.00177762948442, -0.000329492730089, 0.000913093273994, 0.000136848524562, -0.00129761407152, 0.00135056965519, -0.000877527636476, -0.00273488857783, 0.00922823697329, -0.0031345076859, 0.000423433084507, 0.000256075814832], [0.000257558480371, -0.00213984563015, 0.00102787197102, -0.000183972879313, 0.000662926817313, 0.000173000211362, -0.000116275652545, 0.000678910990246, -0.000401430646889, -0.0031345076859, 0.0104445433244, -0.00331568298861, 0.0013471286511], [-0.000101647689007, 0.00179151340853, -0.000484028889332, 0.0013152458705, 0.000135266120196, -0.000484620511997, 0.00123539299238, -0.00066291319672, 0.00137010158505, 0.000423433084507, -0.00331568298861, 0.0126125039533, -0.00382128008641], [0.000200748545467, -0.00115756620653, 0.00055521709146, -0.0011449099984, 0.000204040683457, 0.000625323795248, 0.000985712511465, 0.00110233714804, -0.000102825484646, 0.000256075814832, 0.0013471286511, -0.00382128008641, 0.00837951432914]]}, "spectral_complexity": {"dmean": 0.778550326824, "dmean2": 1.27891027927, "max": 26, "dvar": 1.30395293236, "mean": 4.7477145195, "dvar2": 2.63272190094, "min": 0, "var": 6.83421802521, "median": 4}, "spectral_flux": {"dmean": 0.0190956667066, "dmean2": 0.0303792022169, "max": 0.794807672501, "dvar": 0.00125520431902, "mean": 0.0356776937842, "dvar2": 0.00308238086291, "min": 6.41661723755e-11, "var": 0.00185272214003, "median": 0.0213510803878}, "spectral_energyband_low": {"dmean": 0.00206467136741, "dmean2": 0.00299013429321, "max": 0.168949857354, "dvar": 3.72984686692e-05, "mean": 0.00593931879848, "dvar2": 7.65723380027e-05, "min": 9.72684034369e-24, "var": 0.000164719604072, "median": 0.0011781307403}, "spectral_decrease": {"dmean": 1.76450842826e-09, "dmean2": 2.44676034988e-09, "max": 1.45218199295e-28, "dvar": 3.80151927061e-17, "mean": -5.45999911949e-09, "dvar2": 6.18139300092e-17, "min": -3.55559905074e-07, "var": 1.24371515241e-16, "median": -2.30612595686e-09}, "barkbands_spread": {"dmean": 1.81424713135, "dmean2": 2.96376347542, "max": 153.202178955, "dvar": 33.6665992737, "mean": 4.66113471985, "dvar2": 91.385055542, "min": 0.0853303968906, "var": 78.1285629272, "median": 2.35296058655}, "spectral_rms": {"dmean": 0.000595303194132, "dmean2": 0.000825429568067, "max": 0.0364950075746, "dvar": 1.22651761103e-06, "mean": 0.00356089673005, "dvar2": 2.01313127945e-06, "min": 3.17147393417e-12, "var": 7.9322808233e-06, "median": 0.00295918225311}, "spectral_centroid": {"dmean": 63.1167488098, "dmean2": 100.486297607, "max": 11517.8476562, "dvar": 39816.8632812, "mean": 409.930175781, "dvar2": 93981.5, "min": 120.282325745, "var": 264153.46875, "median": 302.298156738}, "barkbands_skewness": {"dmean": 0.871941328049, "dmean2": 1.38131451607, "max": 22.9301757812, "dvar": 1.27542185783, "mean": 2.38625383377, "dvar2": 3.16254425049, "min": -3.79056310654, "var": 3.90816807747, "median": 2.00727367401}, "spectral_rolloff": {"dmean": 108.911239624, "dmean2": 199.600219727, "max": 19509.0820312, "dvar": 571267.6875, "mean": 471.004943848, "dvar2": 1640641.875, "min": 21.533203125, "var": 1078815.5, "median": 322.998046875}, "erbbands_spread": {"dmean": 5.39834356308, "dmean2": 8.56773471832, "max": 149.881149292, "dvar": 124.895133972, "mean": 15.1751461029, "dvar2": 298.265625, "min": 0.685201942921, "var": 267.282684326, "median": 9.67164707184}, "barkbands": {"dmean": [0.000100331271824, 0.000289723684546, 0.00149562663864, 0.00149090785999, 0.00331682013348, 0.000786156451795, 0.000318182603223, 0.000298596045468, 3.23179156112e-05, 4.79882510263e-05, 6.08226946497e-05, 6.30929134786e-05, 3.35117438226e-05, 2.50257307925e-05, 7.0599890023e-06, 9.451096048e-06, 1.03087713796e-05, 3.74679189008e-06, 4.15061867898e-06, 2.4328019208e-06, 1.87923014892e-05, 7.57741918278e-06, 4.6737491175e-06, 5.79980451221e-06, 5.40603195986e-06, 1.91835374608e-06, 7.61586989029e-08], "dmean2": [0.00015319888189, 0.000398483651225, 0.00218481710181, 0.00222222949378, 0.00479828426614, 0.00109632208478, 0.000468645943329, 0.00036749150604, 4.37881462858e-05, 6.54125469737e-05, 8.12900543679e-05, 8.09494813439e-05, 4.84001247969e-05, 3.52154565917e-05, 1.10765695354e-05, 1.5508803699e-05, 1.65866767929e-05, 5.44096337762e-06, 6.16001125309e-06, 3.92793299397e-06, 3.44316649716e-05, 1.29219397422e-05, 7.70061615185e-06, 9.62671674642e-06, 8.80134211911e-06, 3.27312068293e-06, 1.36927297945e-07], "max": [0.0100086331367, 0.0430153124034, 0.135238945484, 0.518249154091, 0.842039823532, 0.0588224492967, 0.0433826483786, 0.0742049664259, 0.0136820124462, 0.0147998826578, 0.0302777960896, 0.0241818781942, 0.00994273088872, 0.0143470019102, 0.00137050333433, 0.00371918035671, 0.00640194816515, 0.000712413340807, 0.000847466522828, 0.000694961985573, 0.0555144846439, 0.00823983736336, 0.0026176571846, 0.00271690590307, 0.00200500804931, 0.00127780344337, 6.19770289632e-05], "dvar": [5.20742133858e-08, 7.04240733285e-07, 2.63383608399e-05, 5.32722733624e-05, 0.000253658043221, 5.25197083334e-06, 1.49118204718e-06, 2.32153047364e-06, 4.57523618991e-08, 8.77172681157e-08, 1.65788321738e-07, 1.97518687628e-07, 6.754691384e-08, 8.4648632992e-08, 1.40375522317e-09, 6.87017331913e-09, 1.48991734505e-08, 2.98205404814e-10, 4.87336393462e-10, 3.01087210719e-10, 5.8777357026e-07, 1.58147415164e-08, 1.81770298813e-09, 3.03586222827e-09, 2.15633511047e-09, 5.56229451387e-10, 1.14940446484e-12], "mean": [0.00013274064986, 0.000609305978287, 0.00408659595996, 0.00315334973857, 0.00753668369725, 0.0031322625, 0.000792264239863, 0.000965297687799, 8.79637373146e-05, 0.000117280527775, 0.000139402181958, 0.000161955700605, 6.21946601314e-05, 4.85348355141e-05, 1.34571446324e-05, 1.35071149998e-05, 1.47833188748e-05, 7.33753540771e-06, 6.66795040161e-06, 3.37163464792e-06, 1.53679484356e-05, 7.70882070356e-06, 5.83642304264e-06, 6.40084408587e-06, 5.65556638321e-06, 1.65013227615e-06, 5.99747451702e-08], "dvar2": [1.06683607726e-07, 1.10738824333e-06, 5.53401805519e-05, 9.408283222e-05, 0.000408864114434, 8.67408016347e-06, 2.96559483104e-06, 2.96836037705e-06, 7.62586864766e-08, 1.40366410051e-07, 2.65420936785e-07, 3.24365203141e-07, 1.38481112799e-07, 1.71956017425e-07, 3.33156080501e-09, 1.93028224516e-08, 4.28755591031e-08, 6.10481554197e-10, 1.13612674824e-09, 8.39150526843e-10, 1.75734817276e-06, 4.61415403663e-08, 5.19219867101e-09, 8.72590177892e-09, 5.7917728391e-09, 1.59991120352e-09, 3.10499586112e-12], "min": [1.73797752283e-24, 1.13784409501e-24, 2.59443039699e-24, 3.08641276965e-24, 2.82317067444e-23, 1.49026379955e-23, 5.27906388306e-24, 2.32344433038e-23, 3.41067862014e-23, 2.19017416905e-23, 2.86800795057e-23, 5.02045563569e-23, 3.39506864054e-23, 5.69236601844e-23, 5.68390438083e-23, 6.49830292236e-23, 8.64302008616e-23, 1.39605383351e-22, 1.64706104318e-22, 2.49622146625e-22, 2.90523335005e-22, 3.5865241725e-22, 4.19854316248e-22, 6.10426172528e-22, 9.99367364928e-22, 1.46743466351e-21, 1.91352260596e-21], "var": [1.07729263732e-07, 3.75263721253e-06, 0.000114975919132, 0.000129531894345, 0.000781826209277, 3.23869462591e-05, 4.42270311396e-06, 1.60450526892e-05, 2.41662291955e-07, 3.157174433e-07, 5.89545606999e-07, 8.23794835014e-07, 1.53285711235e-07, 2.4803378551e-07, 3.20568949164e-09, 5.44494538346e-09, 1.06338786665e-08, 7.03837266247e-10, 9.02246999335e-10, 2.47557280231e-10, 2.98256225051e-07, 9.32653687613e-09, 1.23005972075e-09, 1.9608858981e-09, 1.8049207684e-09, 3.25816401636e-10, 8.35595806957e-13], "median": [3.2312113035e-05, 8.87973001227e-05, 0.000435572117567, 0.000349553738488, 0.0012241313234, 0.000703409663402, 0.00010902620852, 3.94348644477e-05, 5.50341883354e-06, 8.99857786862e-06, 5.05388970851e-06, 5.20258618053e-06, 2.56778753283e-06, 2.13962402995e-06, 1.40321640174e-06, 1.21423863675e-06, 8.8133947429e-07, 8.07293645266e-07, 5.88967964177e-07, 3.486075002e-07, 5.04411104885e-07, 3.49396714228e-07, 2.76274136013e-07, 1.8990631645e-07, 1.07804638105e-07, 1.82048012221e-08, 5.07771380498e-10]}, "melbands_kurtosis": {"dmean": 14.3276367188, "dmean2": 22.7746009827, "max": 709.276367188, "dvar": 893.233459473, "mean": 29.3156757355, "dvar2": 2108.93261719, "min": -1.50185656548, "var": 1822.02990723, "median": 14.8564414978}, "erbbands_crest": {"dmean": 2.4374833107, "dmean2": 3.91644096375, "max": 32.0686149597, "dvar": 7.7880320549, "mean": 15.3786144257, "dvar2": 18.5741920471, "min": 2.52512574196, "var": 30.3447647095, "median": 14.495382309}, "melbands_skewness": {"dmean": 0.802520275116, "dmean2": 1.25631213188, "max": 20.72955513, "dvar": 1.26785945892, "mean": 2.6202185154, "dvar2": 3.00166463852, "min": -1.71930265427, "var": 4.23412942886, "median": 2.1499414444}, "spectral_energyband_middle_low": {"dmean": 0.00546306790784, "dmean2": 0.00768458517268, "max": 1.3621931076, "dvar": 0.000506449548993, "mean": 0.0157142207026, "dvar2": 0.000814881525002, "min": 2.43743454186e-22, "var": 0.00155280798208, "median": 0.00567247439176}, "spectral_contrast_coeffs": {"dmean": [0.0443209521472, 0.0380406603217, 0.0328695066273, 0.0276521705091, 0.022383177653, 0.0215873401612], "dmean2": [0.0714998841286, 0.0584071688354, 0.0505328290164, 0.0424059778452, 0.032886069268, 0.0306370388716], "max": [-0.157560348511, -0.278647214174, -0.402271568775, -0.463102400303, -0.542100131512, -0.527822613716], "dvar": [0.00164864468388, 0.0014725237852, 0.00102313933894, 0.000708825478796, 0.000526107731275, 0.000469837599667], "mean": [-0.540400326252, -0.615333914757, -0.739808380604, -0.764211416245, -0.794863164425, -0.794285833836], "dvar2": [0.00375812174752, 0.00292930635624, 0.00215024338104, 0.00147098582238, 0.000956012285315, 0.000864187197294], "min": [-0.966475188732, -0.985126376152, -0.994200527668, -0.987758338451, -0.987770915031, -0.962234675884], "var": [0.0136171700433, 0.0140326526016, 0.0078349635005, 0.00531155010685, 0.00406602025032, 0.00370833510533], "median": [-0.537291228771, -0.609422504902, -0.748097419739, -0.766990303993, -0.802075505257, -0.804099500179]}, "spectral_contrast_valleys": {"dmean": [0.432665377855, 0.357682019472, 0.367419928312, 0.379927277565, 0.359658032656, 0.451722621918], "dmean2": [0.70853382349, 0.570145070553, 0.582284390926, 0.587189376354, 0.531753480434, 0.657715320587], "max": [-5.71579837799, -5.37119817734, -6.57778120041, -6.82410335541, -6.29450750351, -7.67195081711], "dvar": [0.157989859581, 0.134324416518, 0.145346194506, 0.166488483548, 0.163430377841, 0.256264418364], "mean": [-8.6236410141, -8.49612426758, -9.76944446564, -10.5956583023, -10.8515205383, -12.9850549698], "dvar2": [0.371088802814, 0.29193007946, 0.313156843185, 0.354261219501, 0.330575287342, 0.520668506622], "min": [-27.8340129852, -27.7895336151, -27.7511901855, -27.4790496826, -27.4578399658, -27.3360519409], "var": [2.13541316986, 2.19216680527, 1.8517049551, 1.80787909031, 1.67647957802, 1.69029390812], "median": [-8.52665901184, -8.31864738464, -9.6068353653, -10.4972362518, -10.7837924957, -13.0822429657]}, "silence_rate_20dB": {"dmean": 0.0015239546774, "dmean2": 0.0030481996946, "max": 1, "dvar": 0.00152153149247, "mean": 0.997142851353, "dvar2": 0.00341959344223, "min": 0, "var": 0.00284887175076, "median": 1}, "silence_rate_30dB": {"dmean": 0.0133346030489, "dmean2": 0.0266717467457, "max": 1, "dvar": 0.0131571367383, "mean": 0.973904788494, "dvar2": 0.0291979480535, "min": 0, "var": 0.025414057076, "median": 1}, "spectral_strongpeak": {"dmean": 0.212918668985, "dmean2": 0.326152443886, "max": 15.98898983, "dvar": 0.199350312352, "mean": 0.796564340591, "dvar2": 0.43060991168, "min": 0, "var": 0.691899359226, "median": 0.583248496056}, "spectral_spread": {"dmean": 734343.9375, "dmean2": 1137828.125, "max": 43147836, "dvar": 979020480512, "mean": 2919107, "dvar2": 2137602785280.0, "min": 369952.71875, "var": 4819719290880.0, "median": 2387212.25}, "barkbands_flatness_db": {"dmean": 0.0300132352859, "dmean2": 0.0442669540644, "max": 0.577019095421, "dvar": 0.00117009936366, "mean": 0.313302457333, "dvar2": 0.00231909612194, "min": 0.0496279746294, "var": 0.00794260483235, "median": 0.318129479885}, "pitch_salience": {"dmean": 0.0643937140703, "dmean2": 0.10434487462, "max": 0.996081709862, "dvar": 0.00501711154357, "mean": 0.487660855055, "dvar2": 0.0127142630517, "min": 0.037022460252, "var": 0.0178329255432, "median": 0.494551002979}, "erbbands_kurtosis": {"dmean": 4.39397859573, "dmean2": 6.80311870575, "max": 222.843673706, "dvar": 64.112197876, "mean": 11.483874321, "dvar2": 135.526611328, "min": -1.79582083225, "var": 200.657669067, "median": 7.46883630753}, "average_loudness": 0.265775859356, "barkbands_crest": {"dmean": 2.04123210907, "dmean2": 3.29609870911, "max": 26.7380561829, "dvar": 5.00181436539, "mean": 14.559044838, "dvar2": 12.3267059326, "min": 4.33020067215, "var": 20.7700252533, "median": 14.1310787201}, "hfc": {"dmean": 1.86872088909, "dmean2": 2.57508349419, "max": 303.985778809, "dvar": 48.4440078735, "mean": 5.73669338226, "dvar2": 106.785110474, "min": 1.08967473324e-16, "var": 112.186462402, "median": 2.4930100441}, "barkbands_kurtosis": {"dmean": 11.5142879486, "dmean2": 18.4912910461, "max": 757.544433594, "dvar": 566.405151367, "mean": 24.6731243134, "dvar2": 1439.56494141, "min": -1.95921015739, "var": 1296.88549805, "median": 13.5388383865}, "erbbands": {"dmean": [0.00268878648058, 0.114787846804, 1.47964382172, 2.90720963478, 13.525097847, 7.14233207703, 4.66441392899, 6.72497177124, 5.12940073013, 5.12845563889, 6.42215108871, 1.08038032055, 1.26142597198, 1.84749495983, 2.07515478134, 2.67729043961, 1.54436123371, 1.63817238808, 0.314508765936, 0.417920708656, 0.650651276112, 0.37882655859, 0.216896429658, 0.2288813591, 0.154634267092, 0.145243614912, 0.954296529293, 0.348312437534, 0.283894360065, 0.186295613647, 0.137970387936, 0.116998307407, 0.0975731611252, 0.058785866946, 0.0407485812902, 0.0136655205861, 0.00256137177348, 0.000319440965541, 1.08846297735e-05, 7.75686748966e-06], "dmean2": [0.0040010586381, 0.159089609981, 2.12703442574, 4.31840181351, 19.1154823303, 11.16340065, 7.18604660034, 9.13490867615, 7.24400568008, 7.25179815292, 7.36094427109, 1.3045784235, 1.65022575855, 2.5096848011, 2.76650929451, 3.37685871124, 2.16351938248, 2.25354504585, 0.482651025057, 0.652458012104, 1.08736979961, 0.606093168259, 0.311931461096, 0.331989109516, 0.235601007938, 0.242675751448, 1.77373480797, 0.609339594841, 0.491467356682, 0.300432622433, 0.23064288497, 0.193278834224, 0.161079153419, 0.0980296954513, 0.0661016330123, 0.0228081028908, 0.00437530642375, 0.000563386420254, 1.79919152288e-05, 1.07930754893e-05], "max": [0.185481503606, 15.7490816116, 145.050567627, 628.932617188, 4868.42236328, 840.767028809, 274.186462402, 669.191955566, 720.17175293, 1117.97253418, 2030.10241699, 227.791046143, 316.387023926, 407.695495605, 913.639648438, 737.211364746, 499.191467285, 935.327819824, 109.132461548, 89.2518920898, 404.27053833, 182.612915039, 34.8524856567, 61.7655296326, 38.3441314697, 147.371337891, 3087.60986328, 607.922241211, 398.844787598, 54.9150161743, 98.5585174561, 46.3305969238, 56.2450065613, 22.2723426819, 20.7068443298, 7.72150468826, 1.64680683613, 0.307558387518, 0.00647014658898, 0.00148966116831], "dvar": [2.8205657145e-05, 0.124048449099, 25.4094982147, 102.632537842, 6107.86865234, 531.800292969, 158.093414307, 476.867614746, 327.24887085, 861.020568848, 1562.55566406, 35.4153900146, 57.9400482178, 101.501190186, 195.286758423, 319.599761963, 139.974624634, 300.534515381, 4.32397079468, 4.91715908051, 64.4477005005, 14.6452894211, 1.11962938309, 1.30576074123, 0.967688262463, 4.52746582031, 1810.76464844, 75.56615448, 33.4886932373, 1.7452839613, 2.57391357422, 0.828667759895, 0.993473172188, 0.290939688683, 0.136666789651, 0.0199404004961, 0.00128454971127, 2.4945658879e-05, 1.2976212993e-08, 7.01842195472e-10], "mean": [0.00593324843794, 0.258052378893, 3.81917309761, 7.92614793777, 27.5066719055, 17.1456184387, 17.12150383, 25.8368015289, 17.7757740021, 10.811170578, 22.9086799622, 3.64100933075, 3.46327495575, 4.52963829041, 4.77950906754, 7.02026128769, 3.13244080544, 3.35132884979, 0.6071793437, 0.814389407635, 0.873881697655, 0.590241491795, 0.44590768218, 0.406588733196, 0.225408628583, 0.187199637294, 0.746113836765, 0.331788003445, 0.271525710821, 0.237566426396, 0.15949472785, 0.132983744144, 0.106704168022, 0.0598124712706, 0.0421089753509, 0.0129406880587, 0.00220991577953, 0.000258708023466, 1.69287268363e-05, 2.363177191e-05], "dvar2": [5.44895119674e-05, 0.212986841798, 51.789150238, 189.644317627, 9814.01953125, 1050.22314453, 351.96673584, 731.993347168, 598.695068359, 1545.31726074, 1815.81640625, 49.7483406067, 102.181488037, 167.313568115, 324.209381104, 525.977050781, 279.025543213, 554.805847168, 11.4227552414, 11.9209909439, 186.818862915, 41.6921615601, 2.43821191788, 2.78327965736, 2.40854811668, 13.3729696274, 5415.19677734, 225.312606812, 99.0991134644, 4.51469421387, 7.45035648346, 2.33636522293, 2.85581445694, 0.810254573822, 0.351458519697, 0.0564355067909, 0.00368597637862, 7.16233698768e-05, 3.5995519454e-08, 1.17468068606e-09], "min": [2.60478447248e-23, 5.40612764966e-22, 3.70926204362e-21, 1.51154429182e-20, 1.64070886759e-20, 8.16596384251e-20, 7.74362803996e-20, 1.29603679426e-19, 1.34333162126e-19, 4.36029079657e-19, 5.87398478863e-19, 7.2928497613e-19, 1.04131678683e-18, 8.89077814007e-19, 1.37004446272e-18, 2.26914687857e-18, 1.6404607651e-18, 2.70252872177e-18, 2.86049209463e-18, 4.19425321036e-18, 4.66205486603e-18, 5.45202475872e-18, 7.18483207081e-18, 8.9299738866e-18, 7.09036390896e-18, 1.12130395265e-17, 7.40341537486e-18, 1.05086786913e-17, 1.3756440412e-17, 1.55633304333e-17, 1.18910174361e-17, 1.45888454973e-17, 9.8457951736e-18, 1.02222310083e-17, 6.9490913865e-18, 5.37334664758e-18, 2.61021660618e-18, 9.87725616102e-19, 2.48542596762e-19, 2.8633422359e-20], "var": [0.000121863420645, 0.577863097191, 104.501991272, 326.767669678, 16607.5683594, 1769.8470459, 871.637695312, 2874.60986328, 1952.79528809, 1943.85241699, 11611.1669922, 216.798278809, 221.191268921, 347.879364014, 682.114929199, 1285.3729248, 304.423797607, 1041.6895752, 5.44424390793, 9.40119361877, 40.3220672607, 11.633348465, 2.49752354622, 3.24718332291, 1.17183077335, 2.53752231598, 918.651733398, 39.1115455627, 18.2150115967, 1.75520551205, 1.56056642532, 0.588506996632, 0.647712469101, 0.204238861799, 0.14486092329, 0.0131923118606, 0.000749785103835, 1.44994201037e-05, 8.84626327746e-09, 2.23709695213e-09], "median": [0.00199980800971, 0.0371415242553, 0.48683911562, 1.5011780262, 2.23290085793, 3.81762313843, 5.00432109833, 5.08324670792, 2.92811989784, 1.41620540619, 0.915803432465, 0.275073051453, 0.354691684246, 0.41456925869, 0.272922754288, 0.288062214851, 0.21164251864, 0.189078688622, 0.0929214656353, 0.110706016421, 0.0890390723944, 0.0491831302643, 0.047493904829, 0.0460288748145, 0.0213300585747, 0.0184591971338, 0.0253756418824, 0.0152269061655, 0.0118929073215, 0.011874685064, 0.00728814536706, 0.00516086164862, 0.00254008313641, 0.00126922002528, 0.000698585005011, 0.000203787261853, 2.29321776715e-05, 2.22789003601e-06, 5.45901229998e-06, 1.01207169791e-05]}, "spectral_energy": {"dmean": 0.00682034203783, "dmean2": 0.00945346336812, "max": 1.36518287659, "dvar": 0.00056234333897, "mean": 0.0211276113987, "dvar2": 0.000914612377528, "min": 1.03097028895e-20, "