{"tonal": {"chords_key": "D", "hpcp_entropy": {"dmean": 0.518058359623, "dmean2": 0.86363196373, "max": 4.21074867249, "dvar": 0.226372018456, "mean": 1.79693233967, "dvar2": 0.568980455399, "min": 0, "var": 0.59262830019, "median": 1.82370090485}, "key_key": "G", "chords_strength": {"dmean": 0.00632558995858, "dmean2": 0.00530753517523, "max": 0.83964329958, "dvar": 3.33713505825e-05, "mean": 0.499332875013, "dvar2": 2.74909871223e-05, "min": 0.219253361225, "var": 0.0101090352982, "median": 0.504409193993}, "key_scale": "major", "chords_number_rate": 0.00129645632114, "thpcp": [1, 0.47011333704, 0.133776664734, 0.075738042593, 0.0770813450217, 0.141452178359, 0.150324568152, 0.191878542304, 0.344015330076, 0.27945202589, 0.119837917387, 0.11914126575, 0.113243028522, 0.130917102098, 0.312562644482, 0.351236492395, 0.165511652827, 0.0692309588194, 0.0646098554134, 0.122497200966, 0.349070608616, 0.404286921024, 0.201999485493, 0.0863312706351, 0.0523002967238, 0.0648828744888, 0.178071200848, 0.209562182426, 0.1551951617, 0.291234433651, 0.291336119175, 0.115271888673, 0.0785628557205, 0.0990594401956, 0.208197712898, 0.773407995701], "key_strength": 0.693746268749, "tuning_nontempered_energy_ratio": 0.97341299057, "tuning_frequency": 434.193115234, "chords_changes_rate": 0.0335998274386, "tuning_diatonic_strength": 0.558280527592, "chords_scale": "minor", "chords_histogram": [25.7238540649, 4.17026805878, 14.455488205, 1.10198795795, 0.637424349785, 0, 0.226879864931, 0, 0.162057042122, 0, 0, 0, 0, 0.183664649725, 0.65903198719, 3.58686256409, 0.0324114076793, 2.63612794876, 1.22082972527, 31.5471038818, 5.8124461174, 2.00950741768, 4.46197080612, 1.37208294868], "tuning_equal_tempered_deviation": 0.19266833365, "hpcp": {"dmean": [0.0920452997088, 0.0915887132287, 0.0599034912884, 0.0355540923774, 0.0308166667819, 0.03151274845, 0.0482049882412, 0.0566493310034, 0.0575515218079, 0.0714961960912, 0.0752652063966, 0.0533392876387, 0.0469269528985, 0.0647075399756, 0.11692687124, 0.180567383766, 0.166143268347, 0.169018134475, 0.0924753174186, 0.0507005862892, 0.0446372702718, 0.0477799512446, 0.0500820577145, 0.0904040336609, 0.13360735774, 0.0885242819786, 0.0511592924595, 0.0427836291492, 0.0478557124734, 0.0729373544455, 0.0948190763593, 0.0878941267729, 0.0668004825711, 0.0412566773593, 0.0427235402167, 0.0679112002254], "dmean2": [0.157019495964, 0.151608213782, 0.103799648583, 0.0636240616441, 0.0559308193624, 0.0552438423038, 0.0798252001405, 0.0943888500333, 0.10002169013, 0.122169300914, 0.127933979034, 0.0943186879158, 0.0853788554668, 0.119121052325, 0.211067706347, 0.307257890701, 0.283439725637, 0.294337391853, 0.169982254505, 0.0937843993306, 0.0822488889098, 0.0851079896092, 0.0885319188237, 0.154675394297, 0.23041780293, 0.150167807937, 0.0894818529487, 0.0754634439945, 0.0842925384641, 0.132193118334, 0.166759029031, 0.152275070548, 0.117815054953, 0.0759113803506, 0.0787705034018, 0.122813105583], "max": [1, 1, 1, 1, 1, 1, 1, 1, 1, 1, 1, 1, 1, 1, 1, 1, 1, 1, 1, 1, 1, 1, 1, 1, 1, 1, 1, 1, 1, 1, 1, 1, 1, 1, 1, 1], "dvar": [0.0243826434016, 0.0232944320887, 0.0144695844501, 0.0105252061039, 0.0104087824002, 0.00998365785927, 0.0131353707984, 0.0172651913017, 0.0141411041841, 0.0194063279778, 0.0209484249353, 0.016172548756, 0.0173330549151, 0.0253334436566, 0.0388484969735, 0.0458228811622, 0.0581492446363, 0.047783780843, 0.0352479815483, 0.0203944761306, 0.0187563598156, 0.018555354327, 0.0175188221037, 0.0240138918161, 0.0513929799199, 0.0225521959364, 0.0168383251876, 0.0139548722655, 0.0162613615394, 0.0273302644491, 0.0362704358995, 0.0287258625031, 0.0222470853478, 0.0152465011925, 0.0137572661042, 0.0203095898032], "mean": [0.187299966812, 0.216927245259, 0.10838637501, 0.0463225580752, 0.0280626434833, 0.0348140448332, 0.0955472290516, 0.112444274127, 0.0832726880908, 0.156266957521, 0.156321510673, 0.0618511587381, 0.0421542786062, 0.0531520843506, 0.111712142825, 0.414985656738, 0.536567568779, 0.252247571945, 0.0717802196741, 0.040638577193, 0.0413593500853, 0.0758986547589, 0.0806592851877, 0.102955803275, 0.184587463737, 0.149944886565, 0.0643011406064, 0.0639273375273, 0.0607625357807, 0.0702458694577, 0.167710974813, 0.188462108374, 0.0888081863523, 0.0371470861137, 0.0346675515175, 0.0657280236483], "dvar2": [0.0631820261478, 0.0590686686337, 0.0402547307312, 0.0296258181334, 0.0297382064164, 0.0278865601867, 0.0331892892718, 0.043371796608, 0.0389398299158, 0.0500610135496, 0.0539962202311, 0.0440573915839, 0.0484521575272, 0.0703180506825, 0.10895806551, 0.120779640973, 0.133927866817, 0.136069282889, 0.0990725010633, 0.0571381524205, 0.0523924939334, 0.0513426251709, 0.0474169366062, 0.0655448958278, 0.135010704398, 0.0589311122894, 0.0468471981585, 0.038349725306, 0.0443416647613, 0.0769286975265, 0.100571215153, 0.0756133571267, 0.0660083070397, 0.0441213101149, 0.0390597842634, 0.0579742901027], "min": [0, 0, 0, 0, 0, 0, 0, 0, 0, 0, 0, 0, 0, 0, 0, 0, 0, 0, 0, 0, 0, 0, 0, 0, 0, 0, 0, 0, 0, 0, 0, 0, 0, 0, 0, 0], "var": [0.070078201592, 0.0814481750131, 0.0379056036472, 0.0175236295909, 0.00961174722761, 0.0108628254384, 0.0394191630185, 0.0530911721289, 0.0179666727781, 0.0625553429127, 0.0641219615936, 0.0150218196213, 0.0147484885529, 0.0201954729855, 0.0336495153606, 0.115612097085, 0.165708780289, 0.0657076388597, 0.0270299073309, 0.0144114037976, 0.0158286839724, 0.033584613353, 0.032296191901, 0.0283102765679, 0.0806395411491, 0.0595534965396, 0.0203904546797, 0.0286274757236, 0.0244934000075, 0.0251101162285, 0.0805339515209, 0.0893457308412, 0.0309152528644, 0.0144537482411, 0.0120139475912, 0.0190614890307], "median": [0.0657385960221, 0.08811609447, 0.0355716235936, 0.00514455046505, 0.00395386014134, 0.00619474612176, 0.0119290584698, 0.0135648632422, 0.0299030002207, 0.0451410189271, 0.0410737469792, 0.0184058733284, 0.00878729112446, 0.00959317572415, 0.0405545532703, 0.370950818062, 0.531122207642, 0.187135338783, 0.0118282102048, 0.00802958570421, 0.0070005748421, 0.0128306839615, 0.0164303742349, 0.033304579556, 0.0431180223823, 0.0372390374541, 0.0135397706181, 0.0137821882963, 0.0136892013252, 0.0107463914901, 0.026888942346, 0.0337781347334, 0.0179231502116, 0.00604936294258, 0.0046224752441, 0.0134770143777]}}, "lowlevel": {"melbands_flatness_db": {"dmean": 0.0212456099689, "dmean2": 0.0327135026455, "max": 0.671267449856, "dvar": 0.000508076627739, "mean": 0.245304241776, "dvar2": 0.00119948934298, "min": 0.00490315491334, "var": 0.00794745795429, "median": 0.223076909781}, "melbands_crest": {"dmean": 2.62938833237, "dmean2": 4.29929876328, "max": 39.3885040283, "dvar": 6.16316604614, "mean": 16.0333652496, "dvar2": 16.8473358154, "min": 1.78840243816, "var": 28.0871124268, "median": 15.3519058228}, "spectral_entropy": {"dmean": 0.125857755542, "dmean2": 0.189037293196, "max": 9.80362987518, "dvar": 0.0282073393464, "mean": 7.22481775284, "dvar2": 0.0606646575034, "min": 4.19172954559, "var": 0.50998210907, "median": 7.45565509796}, "melbands": {"dmean": [0.000992090557702, 0.00132689706516, 0.000675743678585, 0.000208757774089, 9.67089654296e-05, 9.0838962933e-05, 0.000101267796708, 0.000101328143501, 4.30860054621e-05, 1.92718434846e-05, 2.00473077712e-05, 1.91164090211e-05, 1.1184597497e-05, 8.84327073436e-06, 7.07500430508e-06, 8.07717515272e-06, 1.0993122487e-05, 6.89448052071e-06, 4.95440235682e-06, 1.15163284136e-05, 7.91751426732e-06, 8.99349379324e-06, 8.2312099039e-06, 3.68843143406e-06, 3.07103459818e-06, 2.47896468863e-06, 2.74869921668e-06, 1.96557402887e-06, 1.76746664238e-06, 1.50704318003e-06, 1.32505840611e-06, 8.57861778059e-07, 6.20328364676e-07, 5.32784156348e-07, 5.64158028737e-07, 6.71809573305e-07, 2.80509794948e-07, 2.14491421957e-07, 1.3456826764e-07, 7.31033651391e-08], "dmean2": [0.0015796921216, 0.00220392434858, 0.00114862504415, 0.000357192620868, 0.000151966203703, 0.000155343223014, 0.000157997448696, 0.00016741717991, 6.68486100039e-05, 3.0366009014e-05, 3.00954852719e-05, 2.98181548715e-05, 1.82306976058e-05, 1.44822424772e-05, 1.17285690067e-05, 1.32588120323e-05, 1.81481591426e-05, 1.13042933663e-05, 8.07110063761e-06, 1.93613723241e-05, 1.32715076688e-05, 1.50528685481e-05, 1.39226312967e-05, 5.9360013438e-06, 4.95785525345e-06, 3.99138571083e-06, 4.39724453827e-06, 3.1545262118e-06, 2.92205868391e-06, 2.50212292485e-06, 2.20222750613e-06, 1.38793768656e-06, 9.94306446955e-07, 8.27608062082e-07, 8.75279283719e-07, 1.04326727524e-06, 4.28088043236e-07, 3.28651680093e-07, 2.00565196451e-07, 1.0918969906e-07], "max": [0.0359533280134, 0.0469407774508, 0.0285360328853, 0.0095078330487, 0.00483207264915, 0.00399634055793, 0.00811664201319, 0.00570559175685, 0.00254221842624, 0.0012133079581, 0.00127965363208, 0.00171785615385, 0.000773200241383, 0.000586305919569, 0.000594435667153, 0.000548287003767, 0.000777732755523, 0.000764007563703, 0.00072210241342, 0.000712810899131, 0.000440160976723, 0.000433016946772, 0.000486160250148, 0.000985264778137, 0.000791944446974, 0.000786719203461, 0.00039041598211, 0.000392475689296, 8.56846527313e-05, 7.28649174562e-05, 7.27014776203e-05, 5.71012897126e-05, 4.31427688454e-05, 7.05558486516e-05, 6.23193773208e-05, 6.88279542373e-05, 2.17770357267e-05, 2.60214164882e-05, 1.83979354915e-05, 8.75009664014e-06], "dvar": [7.49764058128e-06, 1.16673490993e-05, 2.25068447435e-06, 2.76390096587e-07, 4.24063060223e-08, 3.96697963367e-08, 6.20023001829e-08, 6.39294412963e-08, 1.0548826701e-08, 2.16382556317e-09, 2.27459695523e-09, 2.02486050149e-09, 5.83211423599e-10, 3.84820758592e-10, 2.59417681781e-10, 3.49589135418e-10, 8.03479283107e-10, 3.4232769397e-10, 1.55916543565e-10, 9.76618008686e-10, 4.11660372457e-10, 4.62745536334e-10, 4.40748826325e-10, 1.34927125028e-10, 8.4493856356e-11, 9.61596149929e-11, 5.27164978337e-11, 4.47190375008e-11, 1.47730508382e-11, 1.11369758901e-11, 9.02356835086e-12, 4.24756323864e-12, 2.1822522088e-12, 2.089566584e-12, 2.41483157255e-12, 4.89504443923e-12, 5.49347568303e-13, 3.68356116009e-13, 1.74709246094e-13, 5.10030352099e-14], "mean": [0.00171333528124, 0.00241838418879, 0.00132936378941, 0.000383768376196, 0.000248999771429, 0.000197584260604, 0.000276911072433, 0.000251093326369, 0.000102976853668, 4.3351403292e-05, 4.82694631501e-05, 3.84842496715e-05, 2.30839123105e-05, 1.8136594008e-05, 1.53580858751e-05, 1.69253180502e-05, 2.14483006857e-05, 1.41540358527e-05, 1.07321284304e-05, 2.31555222854e-05, 1.72952641151e-05, 2.05968062801e-05, 1.70115545188e-05, 9.13938129088e-06, 7.51422066969e-06, 6.23432606517e-06, 6.14386772213e-06, 4.50704555988e-06, 4.49279878012e-06, 3.79671928386e-06, 3.19374589708e-06, 2.09129848372e-06, 1.4928893961e-06, 1.28583189962e-06, 1.3284909528e-06, 1.42098508604e-06, 6.93130914442e-07, 5.09239782787e-07, 3.25827357983e-07, 1.82732421194e-07], "dvar2": [1.92677362065e-05, 3.17397825711e-05, 6.53285133012e-06, 7.82757581419e-07, 1.04725451422e-07, 1.16344644141e-07, 1.47836757947e-07, 1.76462677359e-07, 2.43160904745e-08, 5.21430809641e-09, 5.00057462105e-09, 4.66658400811e-09, 1.51729406817e-09, 1.00549479853e-09, 6.90185630869e-10, 9.18694009755e-10, 2.16276085929e-09, 8.81639539152e-10, 3.8683187209e-10, 2.81268253133e-09, 1.14766418591e-09, 1.28672994482e-09, 1.23542887032e-09, 2.9042049321e-10, 1.82308071417e-10, 2.1308915743e-10, 1.27180405096e-10, 1.14049408806e-10, 4.00481869889e-11, 3.05134598144e-11, 2.50348197034e-11, 1.08471816598e-11, 5.52863137215e-12, 4.84955435184e-12, 5.69672304121e-12, 1.16176920514e-11, 1.24974824326e-12, 8.54121352638e-13, 3.72195357217e-13, 1.0896414115e-13], "min": [7.76240471801e-24, 7.08067506802e-24, 8.9397646307e-24, 4.08473833331e-24, 1.17059069726e-23, 1.17887499894e-23, 3.39472367167e-24, 1.47645321168e-23, 1.45595466106e-23, 5.33524655673e-24, 4.55116930403e-24, 9.53596834792e-24, 9.85675626845e-24, 3.42322758276e-24, 1.0605813619e-23, 1.04809172162e-23, 1.03354520541e-23, 1.46565370589e-23, 1.12084236756e-23, 1.08236646577e-23, 1.49421725486e-23, 9.65797594211e-24, 8.74814400593e-24, 8.32267739873e-24, 7.69409882995e-24, 1.31564683494e-23, 1.27917250992e-23, 1.83686750874e-23, 1.38113751509e-23, 1.21727004249e-23, 1.48412109745e-23, 8.84200504302e-24, 8.2744259326e-24, 8.29867630568e-24, 7.87018599463e-24, 1.37733141899e-23, 1.15318227257e-23, 8.87894424376e-24, 1.2714005734e-23, 1.12550556103e-23], "var": [1.29557711261e-05, 2.4269489586e-05, 5.54701182409e-06, 6.17863520347e-07, 2.03692152922e-07, 1.14801153472e-07, 2.77891416545e-07, 2.39546665171e-07, 4.22043342496e-08, 7.2966548359e-09, 1.02150581327e-08, 5.80294035046e-09, 1.92197791016e-09, 1.12549158882e-09, 9.04791186418e-10, 1.05480513213e-09, 1.88199700268e-09, 8.61404503283e-10, 4.58655863289e-10, 2.25741292326e-09, 1.25822186003e-09, 1.60682156469e-09, 1.19627785455e-09, 7.97893418003e-10, 5.00152086413e-10, 5.78377346017e-10, 2.15188977748e-10, 1.20486912114e-10, 5.96699842315e-11, 4.3089240509e-11, 3.04110625571e-11, 1.48585588278e-11, 8.16259473208e-12, 7.35893204012e-12, 8.53834104114e-12, 1.35779937641e-11, 2.19924078948e-12, 1.37118766862e-12, 6.8782566448e-13, 2.33016812226e-13], "median": [5.90365016251e-05, 0.00020507251611, 0.000250828423304, 3.52940442099e-05, 4.08677296946e-05, 4.21072036261e-05, 2.19734429265e-05, 2.21579412027e-05, 1.51724980242e-05, 6.79847744323e-06, 6.20177115707e-06, 6.08372192801e-06, 3.07022173729e-06, 3.55164638677e-06, 2.71008093478e-06, 2.90054731522e-06, 2.86249178316e-06, 1.6890948018e-06, 1.6613180378e-06, 2.89350919047e-06, 1.79544224466e-06, 1.63442882695e-06, 1.58750845003e-06, 8.42537133394e-07, 7.60176021686e-07, 7.12831706551e-07, 6.52350081509e-07, 4.19426811504e-07, 3.96995915253e-07, 3.46540957707e-07, 3.1268245948e-07, 2.19774761945e-07, 1.60743553579e-07, 1.38206559086e-07, 1.07415097261e-07, 1.08205512106e-07, 8.93100349231e-08, 5.20529397363e-08, 3.32526717273e-08, 2.01355128127e-08]}, "silence_rate_60dB": {"dmean": 0.0420336052775, "dmean2": 0.0840717554092, "max": 1, "dvar": 0.0402698889375, "mean": 0.44132900238, "dvar2": 0.0883590579033, "min": 0, "var": 0.246571615338, "median": 0}, "spectral_energyband_middle_high": {"dmean": 0.000463236588985, "dmean2": 0.000732886779588, "max": 0.0281438678503, "dvar": 7.87119006418e-07, "mean": 0.00224874238484, "dvar2": 2.0434038106e-06, "min": 1.56941042243e-21, "var": 1.08453577923e-05, "median": 0.000593072036281}, "erbbands_skewness": {"dmean": 0.250863611698, "dmean2": 0.380621552467, "max": 7.91020774841, "dvar": 0.0709289237857, "mean": 0.396133899689, "dvar2": 0.157136917114, "min": -4.83468580246, "var": 0.963813781738, "median": 0.291018635035}, "dynamic_complexity": 8.33767795563, "dissonance": {"dmean": 0.0181811731309, "dmean2": 0.0307138413191, "max": 0.500000119209, "dvar": 0.000412192894146, "mean": 0.455163687468, "dvar2": 0.00112790218554, "min": 0.154313266277, "var": 0.00127789529506, "median": 0.466157615185}, "spectral_skewness": {"dmean": 0.270713478327, "dmean2": 0.450985819101, "max": 10.9423303604, "dvar": 0.142813026905, "mean": 1.69829821587, "dvar2": 0.401779681444, "min": -0.254291057587, "var": 1.09272789955, "median": 1.3781914711}, "spectral_kurtosis": {"dmean": 2.88072824478, "dmean2": 4.96135234833, "max": 185.259521484, "dvar": 31.5527553558, "mean": 7.29053115845, "dvar2": 91.9104919434, "min": -1.2586414814, "var": 174.590499878, "median": 3.32485437393}, "gfcc": {"cov": [[22542.6796875, -3974.83398438, 649.050964355, 2521.62915039, -814.674682617, 1448.93713379, 105.369270325, 611.240844727, 133.160766602, 693.117675781, -324.717163086, 1076.34619141, -671.145874023], [-3974.83398438, 2083.796875, -378.407592773, -626.292053223, 572.448669434, -579.42980957, 186.981445312, -265.56829834, 27.0330715179, -267.318786621, 84.0561676025, -360.2371521, 274.764587402], [649.050964355, -378.407592773, 1009.9006958, 286.393798828, -5.69070243835, 360.329162598, -67.5105819702, 145.105697632, 0.140921339393, 49.0738677979, -47.6697311401, 133.194839478, -126.387390137], [2521.62915039, -626.292053223, 286.393798828, 723.940368652, -146.512496948, 315.028656006, 18.300359726, 82.4648742676, 87.4252319336, 33.9288711548, 15.7692070007, 120.562797546, -101.113540649], [-814.674682617, 572.448669434, -5.69070243835, -146.512496948, 435.481231689, -124.070480347, 71.4819488525, -47.3855705261, -23.8882427216, -40.911895752, -42.3376350403, -69.9003448486, 37.9791030884], [1448.93713379, -579.42980957, 360.329162598, 315.028656006, -124.070480347, 537.236816406, -74.4074630737, 74.4111328125, 37.6520881653, -8.28265380859, -35.2400131226, 73.6140823364, -91.6343231201], [105.369270325, 186.981445312, -67.5105819702, 18.300359726, 71.4819488525, -74.4074630737, 177.468765259, -2.30451893806, 15.1380186081, 17.2260322571, 27.7192249298, -4.38847589493, 21.2070522308], [611.240844727, -265.56829834, 145.105697632, 82.4648742676, -47.3855705261, 74.4111328125, -2.30451893806, 147.30569458, 32.1402664185, 62.8849487305, 9.26414585114, 76.7614135742, -35.7149543762], [133.160766602, 27.0330715179, 0.140921339393, 87.4252319336, -23.8882427216, 37.6520881653, 15.1380186081, 32.1402664185, 145.055725098, 5.94403457642, 54.1919555664, 9.51508045197, 25.9520778656], [693.117675781, -267.318786621, 49.0738677979, 33.9288711548, -40.911895752, -8.28265380859, 17.2260322571, 62.8849487305, 5.94403457642, 176.057907104, 13.2999763489, 94.3276443481, -36.7937927246], [-324.717163086, 84.0561676025, -47.6697311401, 15.7692070007, -42.3376350403, -35.2400131226, 27.7192249298, 9.26414585114, 54.1919555664, 13.2999763489, 138.413269043, 7.76613807678, 21.2265396118], [1076.34619141, -360.2371521, 133.194839478, 120.562797546, -69.9003448486, 73.6140823364, -4.38847589493, 76.7614135742, 9.51508045197, 94.3276443481, 7.76613807678, 172.382614136, -44.4831161499], [-671.145874023, 274.764587402, -126.387390137, -101.113540649, 37.9791030884, -91.6343231201, 21.2070522308, -35.7149543762, 25.9520778656, -36.7937927246, 21.2265396118, -44.4831161499, 113.020645142]], "mean": [-108.681274414, 123.500610352, -121.02028656, 40.8211784363, -57.2444419861, 7.20625257492, -37.4725952148, 5.15643167496, -15.3992385864, -3.3228302002, -13.440114975, -9.45399570465, -8.73267364502], "icov": [[0.000140820207889, -0.000174066910404, 0.000257172883721, -0.00042309082346, 0.000160039227922, -0.000257273874013, -5.60550070077e-05, -0.000234690567595, 8.93047254067e-05, -0.000329278293066, 0.000559064210393, -0.000623951898888, 0.000364178558812], [-0.000174066910404, 0.00398856075481, -0.00142995885108, 0.00189946277533, -0.00295488606207, 0.00225807819515, -0.00188313261606, 0.00284277414903, -0.00191799947061, 0.00315434113145, -0.00293519045226, 0.00340996705927, -0.00319387740456], [0.000257172883721, -0.00142995885108, 0.0024080791045, -0.00137834984343, 0.000573946395889, -0.00179099920206, 0.000872230972163, -0.00217055366375, 0.00101879669819, -0.00130015902687, 0.00169438205194, -0.00239647040144, 0.00205010245554], [-0.00042309082346, 0.00189946277533, -0.00137834984343, 0.00420823553577, -0.00102296099067, 0.000597531208768, -0.00156552309636, 0.00200769677758, -0.0023104425054, 0.00249377149157, -0.0024236170575, 0.00183895009104, -0.000628941925243], [0.000160039227922, -0.00295488606207, 0.000573946395889, -0.00102296099067, 0.00532574905083, -0.00117363571189, -7.29453095119e-05, -0.00166776240803, 0.00109463662375, -0.00204228796065, 0.00347805861384, -0.00202207500115, 0.00224078982137], [-0.000257273874013, 0.00225807819515, -0.00179099920206, 0.000597531208768, -0.00117363571189, 0.00495267426595, -0.000140743359225, 0.00146312441211, -0.00192614621483, 0.00299227260984, -0.00133604928851, 0.0023139778059, -0.00100887333974], [-5.60550070077e-05, -0.00188313261606, 0.000872230972163, -0.00156552309636, -7.29453095119e-05, -0.000140743359225, 0.00820271577686, -0.00165850110352, 0.00107992684934, -0.00226817047223, -0.0003136183077, -0.00089032651158, 0.000389281340176], [-0.000234690567595, 0.00284277414903, -0.00217055366375, 0.00200769677758, -0.00166776240803, 0.00146312441211, -0.00165850110352, 0.0128917936236, -0.00382559397258, 0.000607753987424, -0.00231557409279, 0.000271993310889, -0.00118581776042], [8.93047254067e-05, -0.00191799947061, 0.00101879669819, -0.0023104425054, 0.00109463662375, -0.00192614621483, 0.00107992684934, -0.00382559397258, 0.0112360185012, -0.00196132692508, -0.00195228296798, -0.000774708169047, -0.00223242794164], [-0.000329278293066, 0.00315434113145, -0.00130015902687, 0.00249377149157, -0.00204228796065, 0.00299227260984, -0.00226817047223, 0.000607753987424, -0.00196132692508, 0.0120463967323, -0.00311642908491, -0.00101322343107, -0.000558177707717], [0.000559064210393, -0.00293519045226, 0.00169438205194, -0.0024236170575, 0.00347805861384, -0.00133604928851, -0.0003136183077, -0.00231557409279, -0.00195228296798, -0.00311642908491, 0.0130407325923, -0.00435709161684, 0.00252689025365], [-0.000623951898888, 0.00340996705927, -0.00239647040144, 0.00183895009104, -0.00202207500115, 0.0023139778059, -0.00089032651158, 0.000271993310889, -0.000774708169047, -0.00101322343107, -0.00435709161684, 0.0153204808012, -0.00352498772554], [0.000364178558812, -0.00319387740456, 0.00205010245554, -0.000628941925243, 0.00224078982137, -0.00100887333974, 0.000389281340176, -0.00118581776042, -0.00223242794164, -0.000558177707717, 0.00252689025365, -0.00352498772554, 0.0169552695006]]}, "spectral_complexity": {"dmean": 1.73893785477, "dmean2": 2.86124920845, "max": 54, "dvar": 5.36265182495, "mean": 13.0688276291, "dvar2": 13.2136955261, "min": 0, "var": 184.944198608, "median": 7}, "spectral_flux": {"dmean": 0.0142851648852, "dmean2": 0.0226236376911, "max": 0.381287127733, "dvar": 0.000618812511675, "mean": 0.0486713722348, "dvar2": 0.00140560290311, "min": 1.03106724547e-10, "var": 0.00290283933282, "median": 0.0244178194553}, "spectral_energyband_low": {"dmean": 0.00591651676223, "dmean2": 0.00965678691864, "max": 0.18851082027, "dvar": 0.000212663871935, "mean": 0.0131928669289, "dvar2": 0.000556638522539, "min": 6.14110607339e-23, "var": 0.000562275527045, "median": 0.00140074454248}, "spectral_decrease": {"dmean": 1.72340131055e-09, "dmean2": 2.80717937784e-09, "max": -9.07104156566e-29, "dvar": 1.57627289374e-17, "mean": -5.61767210527e-09, "dvar2": 4.11224801335e-17, "min": -5.55613119957e-08, "var": 7.46058811357e-17, "median": -9.91247750548e-10}, "barkbands_spread": {"dmean": 3.95863080025, "dmean2": 6.09503173828, "max": 158.399963379, "dvar": 30.8443012238, "mean": 17.844121933, "dvar2": 68.5122299194, "min": 0.233575537801, "var": 145.779006958, "median": 15.9339675903}, "spectral_rms": {"dmean": 0.000500678434037, "dmean2": 0.000783942989074, "max": 0.0144233135507, "dvar": 7.27697397451e-07, "mean": 0.00343455723487, "dvar2": 1.7661146785e-06, "min": 3.22051283211e-12, "var": 9.85784117802e-06, "median": 0.0019796602428}, "spectral_centroid": {"dmean": 168.324768066, "dmean2": 262.378173828, "max": 11324.9892578, "dvar": 46018.3046875, "mean": 1087.10449219, "dvar2": 99592.203125, "min": 138.112289429, "var": 347034.1875, "median": 1022.68566895}, "barkbands_skewness": {"dmean": 0.462826043367, "dmean2": 0.716553807259, "max": 11.6276340485, "dvar": 0.296830147505, "mean": 2.04747676849, "dvar2": 0.664312303066, "min": -6.49368667603, "var": 1.70303189754, "median": 1.91591727734}, "spectral_rolloff": {"dmean": 290.82434082, "dmean2": 492.720458984, "max": 18023.2910156, "dvar": 374586.21875, "mean": 948.892272949, "dvar2": 895408.8125, "min": 21.533203125, "var": 1042459.1875, "median": 602.9296875}, "erbbands_spread": {"dmean": 5.83477592468, "dmean2": 8.87202262878, "max": 146.950622559, "dvar": 59.5621032715, "mean": 42.3774833679, "dvar2": 131.904144287, "min": 0.588360786438, "var": 402.903289795, "median": 42.2968215942}, "barkbands": {"dmean": [0.000258100655628, 0.00399651192129, 0.00238382420503, 0.00161151122302, 0.000810050638393, 0.00045091327047, 0.000552271259949, 0.000326265988406, 0.000122534271213, 0.00016108082491, 7.80565824243e-05, 7.27919468773e-05, 7.69537728047e-05, 0.000110620974738, 7.04494013917e-05, 0.000138016082929, 0.000155784189701, 8.22167785373e-05, 6.44502943032e-05, 6.14621239947e-05, 5.5522628827e-05, 3.23084241245e-05, 3.3737756894e-05, 1.62530523085e-05, 6.74731109029e-06, 3.67002735402e-06, 1.52540280851e-07], "dmean2": [0.000349520792952, 0.00652129482478, 0.00395791465417, 0.00276971771382, 0.00137059681583, 0.000748063437641, 0.00087352754781, 0.00052365771262, 0.000193851505173, 0.000243390895776, 0.0001274713577, 0.000119822143461, 0.000126555387396, 0.000183147625648, 0.000113146466902, 0.000232406717259, 0.000260630942648, 0.00013362026948, 0.000104462720628, 9.7757561889e-05, 9.09137161216e-05, 5.05405514559e-05, 5.0324251788e-05, 2.36420855799e-05, 9.51635684032e-06, 5.58754436497e-06, 2.6021180588e-07], "max": [0.00916958414018, 0.163706198335, 0.107192412019, 0.0731028541923, 0.0376792550087, 0.0186142213643, 0.0435469858348, 0.0159770045429, 0.00624077115208, 0.0104867005721, 0.00676028709859, 0.00428126892075, 0.00632066652179, 0.00643950980157, 0.00794900488108, 0.00831208843738, 0.00744001520798, 0.0212992858142, 0.0161404237151, 0.00677683483809, 0.00236521544866, 0.00221633957699, 0.00304139079526, 0.00157453573775, 0.00113524240442, 0.000294418307021, 1.38182567753e-05], "dvar": [3.71536259536e-07, 0.000127917519421, 3.32807612722e-05, 1.37679035106e-05, 3.96924224333e-06, 8.8769758122e-07, 1.76299636223e-06, 5.44094405086e-07, 8.03201203325e-08, 1.21185891544e-07, 2.9957160308e-08, 2.66490634004e-08, 3.19733040044e-08, 8.02319704007e-08, 2.86117280979e-08, 1.32472536052e-07, 1.42339146691e-07, 6.03418754963e-08, 4.47294539185e-08, 2.46989273478e-08, 1.39182763093e-08, 5.28479171535e-09, 8.95355967145e-09, 1.77703662896e-09, 4.68973360146e-10, 1.4608747545e-10, 2.59953029155e-13], "mean": [0.000443347584223, 0.00666330382228, 0.00420737452805, 0.00273393234238, 0.00162860611454, 0.00112500914838, 0.00152303010691, 0.00078157131793, 0.000267807714408, 0.000364471692592, 0.000155540197738, 0.000146577964188, 0.000165922756423, 0.000212832732359, 0.000151437649038, 0.000300761894323, 0.000374888360966, 0.000210750862607, 0.000169679886312, 0.000152114414959, 0.000163870136021, 9.28914596443e-05, 8.76305930433e-05, 4.65658195026e-05, 1.82674448297e-05, 7.05063939677e-06, 1.31019248784e-07], "dvar2": [7.02719376022e-07, 0.000342074956279, 9.2010726803e-05, 4.05964456149e-05, 1.11439057946e-05, 2.44906618718e-06, 4.40890744358e-06, 1.38668963245e-06, 1.95364222577e-07, 2.71696535492e-07, 7.68305810084e-08, 6.97525450732e-08, 8.27415291837e-08, 2.15799857983e-07, 6.96923549981e-08, 3.8427100435e-07, 4.00678231927e-07, 1.29721357212e-07, 1.03086016168e-07, 6.2486329e-08, 3.72080251054e-08, 1.27325110455e-08, 1.93691196415e-08, 3.62161189926e-09, 9.04172792193e-10, 3.57579410526e-10, 6.80538036948e-13], "min": [2.29212702576e-23, 2.1110613599e-23, 1.18791305722e-23, 2.16076969435e-23, 2.92141225613e-23, 6.23375179137e-23, 1.57165957216e-23, 9.18228855641e-23, 4.90366982738e-23, 4.11257707689e-23, 8.01359364968e-23, 3.39219781794e-23, 1.31176524486e-22, 1.36904109041e-22, 1.47252285422e-22, 2.09977367543e-22, 1.6895097116e-22, 1.52776369108e-22, 3.16474864547e-22, 4.49667275744e-22, 5.77735473693e-22, 4.65025703371e-22, 5.58520538603e-22, 1.03902467743e-21, 1.22516889095e-21, 1.73476233246e-21, 2.21913393446e-21], "var": [9.37004472235e-07, 0.000202738723601, 7.93613580754e-05, 2.68933399639e-05, 1.00642282632e-05, 3.4481295188e-06, 7.81433391239e-06, 2.10285270441e-06, 2.81507738009e-07, 4.65993565513e-07, 1.01393268892e-07, 7.58893250463e-08, 1.09442090945e-07, 1.94473486204e-07, 8.67377210056e-08, 3.60966595281e-07, 5.41091196737e-07, 3.64175917866e-07, 2.71559969178e-07, 8.10723363998e-08, 7.36945366953e-08, 2.72457256756e-08, 3.82502953755e-08, 9.5926298016e-09, 2.57905541368e-09, 2.95748064927e-10, 2.32484631589e-13], "median": [2.14589690586e-05, 0.000241331450525, 0.000513149308972, 0.000535011524335, 0.000166147714481, 0.000243950649747, 9.2409311037e-05, 0.000112464869744, 4.01010365749e-05, 4.60604933323e-05, 1.85144563147e-05, 2.71291683021e-05, 2.73022524198e-05, 2.38592620008e-05, 2.43285758188e-05, 3.48120520357e-05, 3.14366843668e-05, 2.01418970391e-05, 2.13562852878e-05, 1.46249649333e-05, 1.58981711138e-05, 1.07553387352e-05, 7.30685587769e-06, 5.97226335231e-06, 1.90825426216e-06, 3.30075579313e-07, 6.42579434107e-10]}, "melbands_kurtosis": {"dmean": 7.37381076813, "dmean2": 11.5201787949, "max": 482.038787842, "dvar": 188.8540802, "mean": 19.4229412079, "dvar2": 409.548919678, "min": -1.90161991119, "var": 545.30078125, "median": 13.2472085953}, "erbbands_crest": {"dmean": 1.83198273182, "dmean2": 2.88490629196, "max": 31.2719364166, "dvar": 3.74508142471, "mean": 9.28179740906, "dvar2": 9.18723297119, "min": 2.25785517693, "var": 23.654668808, "median": 8.10497760773}, "melbands_skewness": {"dmean": 0.636822640896, "dmean2": 0.992263913155, "max": 16.3649044037, "dvar": 0.569306015968, "mean": 3.22930407524, "dvar2": 1.26662254333, "min": -4.49268484116, "var": 3.05509352684, "median": 3.09524393082}, "spectral_energyband_middle_low": {"dmean": 0.00236896844581, "dmean2": 0.00397333595902, "max": 0.0935686901212, "dvar": 2.47870702879e-05, "mean": 0.00821162946522, "dvar2": 6.96097704349e-05, "min": 2.82888448864e-22, "var": 0.000139362949994, "median": 0.00188235077076}, "spectral_contrast_coeffs": {"dmean": [0.0425295941532, 0.0346632041037, 0.0301814973354, 0.0255582649261, 0.0191897265613, 0.0176610797644], "dmean2": [0.0712955892086, 0.0575140863657, 0.0492470152676, 0.0419583804905, 0.0315155573189, 0.028224458918], "max": [-0.304752469063, -0.371318429708, -0.484476417303, -0.495833486319, -0.485593855381, -0.498882889748], "dvar": [0.00128340383526, 0.000882356020156, 0.000626352033578, 0.000464659417048, 0.000278178806184, 0.000298505910905], "mean": [-0.642425954342, -0.721494138241, -0.764554798603, -0.776033520699, -0.785433590412, -0.751946091652], "dvar2": [0.00348346284591, 0.00236600846983, 0.00163682166021, 0.00119156599976, 0.000683912308887, 0.000707556668203], "min": [-0.969219207764, -0.965494155884, -0.973272502422, -0.965440928936, -0.957967698574, -0.956240594387], "var": [0.00616957852617, 0.00505601102486, 0.00361365429126, 0.00318384659477, 0.00228057568893, 0.00390926841646], "median": [-0.646520972252, -0.728899776936, -0.771157741547, -0.783903717995, -0.791249990463, -0.749907374382]}, "spectral_contrast_valleys": {"dmean": [0.374905139208, 0.300358593464, 0.285577565432, 0.2576585114, 0.217605501413, 0.250070691109], "dmean2": [0.617984473705, 0.498400598764, 0.467420905828, 0.410754024982, 0.331497728825, 0.359727025032], "max": [-5.01256656647, -4.67718219757, -5.30305433273, -5.92149448395, -5.88734340668, -8.28208827972], "dvar": [0.117808014154, 0.0780314728618, 0.071820512414, 0.0675781518221, 0.0706607475877, 0.132527187467], "mean": [-8.12093544006, -7.56533718109, -8.51152610779, -8.88356590271, -8.81910800934, -11.6263427734], "dvar2": [0.28420367837, 0.189823836088, 0.164412677288, 0.142812728882, 0.138248175383, 0.268291383982], "min": [-27.2514152527, -27.5294399261, -26.9124088287, -27.0346851349, -27.2003669739, -27.4142284393], "var": [3.21420168877, 2.06120800972, 2.02637767792, 2.56868982315, 3.39640259743, 3.9875524044], "median": [-8.11234474182, -7.67990016937, -8.57308101654, -8.8700761795, -8.64779186249, -11.2386226654]}, "silence_rate_20dB": {"dmean": 0, "dmean2": 0, "max": 1, "dvar": 0, "mean": 1, "dvar2": 0, "min": 1, "var": 0, "median": 1}, "silence_rate_30dB": {"dmean": 0.0317683294415, "dmean2": 0.0635400936007, "max": 1, "dvar": 0.0307607725263, "mean": 0.971420824528, "dvar2": 0.0745212510228, "min": 0, "var": 0.0277619678527, "median": 1}, "spectral_strongpeak": {"dmean": 0.200511023402, "dmean2": 0.34732785821, "max": 16.3899536133, "dvar": 0.265287578106, "mean": 0.441001027822, "dvar2": 0.720439136028, "min": 0, "var": 0.639410316944, "median": 0.220553815365}, "spectral_spread": {"dmean": 363950.9375, "dmean2": 524926.8125, "max": 42482728, "dvar": 474079133696, "mean": 4039914.25, "dvar2": 825809829888, "min": 465992.3125, "var": 2661944131580.0, "median": 4019960.5}, "barkbands_flatness_db": {"dmean": 0.0182318594307, "dmean2": 0.0281750727445, "max": 0.514955818653, "dvar": 0.000346773100318, "mean": 0.177783310413, "dvar2": 0.000810973462649, "min": 0.0394268408418, "var": 0.00583572406322, "median": 0.158729314804}, "pitch_salience": {"dmean": 0.058998119086, "dmean2": 0.0967714712024, "max": 0.838330924511, "dvar": 0.00325092743151, "mean": 0.512862682343, "dvar2": 0.00894443225116, "min": 0.0593761503696, "var": 0.0137171586975, "median": 0.519683122635}, "erbbands_kurtosis": {"dmean": 0.6980240345, "dmean2": 1.05382466316, "max": 127.268341064, "dvar": 3.05050420761, "mean": 0.844615757465, "dvar2": 6.65177536011, "min": -1.84182715416, "var": 38.3597297668, "median": -0.507700681686}, "average_loudness": 0.0976565852761, "barkbands_crest": {"dmean": 2.07028603554, "dmean2": 3.31966328621, "max": 26.1942939758, "dvar": 4.56440258026, "mean": 10.5003042221, "dvar2": 11.9403791428, "min": 2.48110699654, "var": 15.4292526245, "median": 9.8104095459}, "hfc": {"dmean": 1.69459843636, "dmean2": 2.6178560257, "max": 102.950363159, "dvar": 9.9278421402, "mean": 10.9476251602, "dvar2": 24.1830806732, "min": 1.13432111197e-16, "var": 230.046401978, "median": 2.72242712975}, "barkbands_kurtosis": {"dmean": 3.11285233498, "dmean2": 4.86372900009, "max": 195.869064331, "dvar": 33.4585151672, "mean": 7.28062438965, "dvar2": 75.533782959, "min": -1.97692406178, "var": 148.93321228, "median": 3.69761538506}, "erbbands": {"dmean": [0.106245398521, 0.979094088078, 2.67281150818, 4.25329399109, 3.68578124046, 2.24228572845, 3.11895298958, 4.19070768356, 6.39128255844, 10.1226263046, 5.86952018738, 3.11361789703, 3.96222901344, 4.40567302704, 3.22891879082, 3.10803198814, 3.13029074669, 5.28488397598, 3.65750694275, 5.7439866066, 6.49676656723, 7.72892475128, 4.74506759644, 3.44547820091, 3.61713385582, 2.74140238762, 2.43095564842, 2.12481570244, 1.22473883629, 0.906503021717, 0.969946205616, 0.531759917736, 0.248082965612, 0.0956654772162, 0.0403103791177, 0.0191839933395, 0.00635283393785, 0.000919656537008, 1.93705673155e-05, 7.45886018194e-06], "dmean2": [0.162136465311, 1.65017795563, 4.42535495758, 7.25473690033, 6.2984161377, 3.80928063393, 4.79097938538, 7.23987531662, 9.98854446411, 16.6880378723, 9.12999916077, 4.9113368988, 5.93184375763, 6.86084365845, 5.303129673, 5.1069817543, 5.16712093353, 8.68795204163, 5.92404270172, 9.54762172699, 10.867474556, 12.9213581085, 7.87446832657, 5.5126657486, 5.77877473831, 4.31231594086, 3.96460866928, 3.50542020798, 1.93007183075, 1.38447642326, 1.46463561058, 0.788995802402, 0.363803565502, 0.137432813644, 0.0574226602912, 0.0295550320297, 0.00975635927171, 0.0014305007644, 2.99107723549e-05, 1.21115353977e-05], "max": [3.68373322487, 41.9877166748, 116.236564636, 184.180252075, 172.427597046, 106.828796387, 170.630218506, 201.990341187, 487.24520874, 612.57232666, 351.057159424, 187.950759888, 255.18699646, 388.01651001, 202.443756104, 200.929977417, 334.654174805, 344.051025391, 409.891448975, 291.499664307, 366.377532959, 368.723632812, 382.4737854, 967.470092773, 1155.05285645, 498.027038574, 119.443405151, 108.646957397, 80.6393661499, 95.36328125, 76.3490829468, 44.6128158569, 35.9938850403, 12.5979089737, 5.91493654251, 1.47872292995, 0.50762784481, 0.150772303343, 0.00273363851011, 0.0002379794023], "dvar": [0.0794443488121, 8.15368843079, 44.9185905457, 91.8020172119, 88.5586929321, 27.3404388428, 46.6188011169, 88.0107650757, 258.463378906, 663.93157959, 189.386428833, 54.1249198914, 90.9451141357, 104.928741455, 48.8915672302, 49.8070106506, 55.4090194702, 174.861373901, 87.7880096436, 206.460205078, 274.100860596, 329.813842773, 123.049987793, 110.687133789, 199.206268311, 72.126335144, 27.2236366272, 21.8612861633, 8.02945899963, 5.26043796539, 7.28500843048, 2.17391943932, 0.465558201075, 0.0938205271959, 0.0174053385854, 0.00349444895983, 0.000453141226899, 9.74003251031e-06, 3.61059648846e-09, 2.6721874713e-10], "mean": [0.177382677794, 1.53564012051, 4.84347009659, 8.10880184174, 6.41256189346, 4.49917936325, 8.0476140976, 8.6434803009, 16.9916610718, 25.4131507874, 14.8635177612, 7.44587230682, 9.76950836182, 9.39374446869, 7.04132175446, 6.6957783699, 7.21903848648, 11.0988874435, 8.46595573425, 12.6386365891, 15.9845552444, 19.6331501007, 12.6085424423, 9.58397865295, 9.45833396912, 7.14881801605, 7.01781892776, 5.78051233292, 3.48860144615, 2.46328783035, 2.44608521461, 1.43117070198, 0.675066232681, 0.26335439086, 0.0973183512688, 0.0372422635555, 0.0116711594164, 0.00148939865176, 4.20219839725e-05, 2.70887976512e-05], "dvar2": [0.185786992311, 22.6022605896, 122.370613098, 267.941314697, 247.208511353, 78.8848953247, 110.774749756, 263.07623291, 615.62298584, 1823.06311035, 437.214111328, 132.319763184, 199.376037598, 242.317855835, 131.253036499, 130.423919678, 145.303497314, 469.110595703, 219.160247803, 565.558837891, 779.195129395, 917.579101562, 327.760498047, 235.331314087, 443.861450195, 183.71711731, 71.781867981, 60.3492965698, 19.6070327759, 12.1445522308, 16.3440494537, 4.70844936371, 0.974100530148, 0.190425127745, 0.0347734093666, 0.00857098121196, 0.0011149388738, 2.23826518777e-05, 8.36069524723e-09, 6.9908107081e-10], "min": [9.38295041067e-22, 3.57023552009e-21, 1.69493055674e-20, 5.24614035729e-20, 6.43703939377e-20, 8.39341266157e-20, 3.83434609865e-19, 5.26079993645e-19, 2.75992533691e-19, 1.02479447448e-18, 1.76894807382e-18, 9.53800354241e-19, 9.82650966441e-19, 2.51315998939e-18, 2.21331694351e-18, 2.07990056892e-18, 5.55426883193e-18, 5.20750437939e-18, 8.65183109691e-18, 7.54968737694e-18, 1.27275460168e-17, 9.78850629873e-18, 9.4894077154e-18, 1.01803673975e-17, 1.89139297292e-17, 2.57525544536e-17, 2.2325578263e-17, 2.4229129302e-17, 1.51484249098e-17, 1.55022266014e-17, 1.55121362252e-17, 2.1634353056e-17, 1.59163446489e-17, 1.3235847676e-17, 9.69091470288e-18, 5.67518195797e-18, 3.46044805407e-18, 1.40884295576e-18, 3.11050722798e-19, 2.98043288278e-20], "var": [0.146816790104, 11.4093322754, 105.837242126, 212.426086426, 183.733764648, 68.9808654785, 232.635498047, 226.536178589, 1130.13684082, 2584.57885742, 811.66204834, 185.664627075, 413.017547607, 317.485534668, 155.047698975, 134.254638672, 196.846176147, 460.973693848, 263.046356201, 589.259094238, 958.332275391, 1363.43359375, 584.978271484, 805.278991699, 1228.82568359, 243.194030762, 142.055038452, 92.9532241821, 38.4820175171, 23.6093540192, 29.6094245911, 9.80002307892, 2.27340722084, 0.464745104313, 0.0760774686933, 0.00796264223754, 0.000837965519167, 2.01148759515e-05, 8.61818350018e-09, 1.57865098771e-09], "median": [0.004947302863, 0.0631559118629, 0.464125186205, 1.6232817173, 0.769732713699, 0.484188079834, 1.30951225758, 1.83819198608, 1.4270324707, 1.89355301857, 2.22257471085, 1.30214238167, 1.32335948944, 1.7447347641, 1.37831640244, 1.52189326286, 1.38498306274, 1.72042894363, 1.22073435783, 1.96426749229, 1.94121134281, 1.71788215637, 1.31846904755, 1.11121892929, 1.11828243732, 0.744228541851, 0.651231646538, 0.582562446594, 0.383004426956, 0.283400833607, 0.200993254781, 0.165398016572, 0.0746362283826, 0.0290181878954, 0.009770212695, 0.00229102675803, 0.000467283825856, 4.21437434852e-05, 4.34630192103e-06, 5.16350610269e-06]}, "spectral_energy": {"dmean": 0.00658481568098, "dmean2": 0.0107224434614, "max": 0.213232785463, "dvar": 0.000227971962886, "mean": 0.0221953801811, "dvar2": 0.000595200282987, "min": 1.06309963184e-20, "var": 0.00114156014752, "median": 0.00401703082025}, "zerocrossingrate": {"dmean": 0.00688687851653, "dmean2": 0.00837903097272, "max": 0.4951171875, "dvar": 8.13667356852e-05, "mean": 0.0459495596588, "dvar2": 0.000100507997558, "min": 0, "var": 0.