{"tonal": {"chords_key": "F", "hpcp_entropy": {"dmean": 0.421178042889, "dmean2": 0.700045108795, "max": 4.07442092896, "dvar": 0.157460302114, "mean": 1.386308074, "dvar2": 0.391167759895, "min": 0.0334852524102, "var": 0.443962335587, "median": 1.47536659241}, "key_key": "A#", "chords_strength": {"dmean": 0.00624540355057, "dmean2": 0.0039547663182, "max": 0.777111470699, "dvar": 2.87179464067e-05, "mean": 0.538327515125, "dvar2": 1.60945965035e-05, "min": 0.215124949813, "var": 0.0111292358488, "median": 0.54929959774}, "key_scale": "major", "chords_number_rate": 0.000690094486345, "thpcp": [1, 0.415927708149, 0.101253904402, 0.135729521513, 0.101330511272, 0.324296206236, 0.492377489805, 0.257936626673, 0.338178098202, 0.545454919338, 0.271356016397, 0.0594393834472, 0.0722469463944, 0.0773401483893, 0.362798810005, 0.538384199142, 0.237366676331, 0.0287954062223, 0.0219590701163, 0.0326300412416, 0.279251605272, 0.483565717936, 0.304469078779, 0.424661755562, 0.547493040562, 0.245017886162, 0.207825824618, 0.259423494339, 0.183685362339, 0.617836713791, 0.839286804199, 0.344970971346, 0.13511519134, 0.144912987947, 0.113931953907, 0.673616409302], "key_strength": 0.655238091946, "tuning_nontempered_energy_ratio": 0.629997551441, "tuning_frequency": 440, "chords_changes_rate": 0.0235693808645, "tuning_diatonic_strength": 0.46021348238, "chords_scale": "major", "chords_histogram": [11.5139608383, 4.53339004517, 16.1800613403, 1.66153514385, 6.70984172821, 1.5766004324, 3.55664086342, 0.0796262845397, 5.95073795319, 0.387514591217, 0.371589332819, 0.0424673520029, 0.175177827477, 0.127402052283, 0.0902431234717, 0.886506021023, 0, 0.477757722139, 0.127402052283, 4.67671728134, 2.31447076797, 15.9889583588, 11.8271579742, 10.7442407608], "tuning_equal_tempered_deviation": 0.033276181668, "hpcp": {"dmean": [0.0585088394582, 0.0446982122958, 0.0570662878454, 0.0611916743219, 0.0434827692807, 0.0141740050167, 0.0122746797279, 0.0191703662276, 0.0590876042843, 0.0649026334286, 0.0387931652367, 0.00826629810035, 0.00552795641124, 0.0106368130073, 0.047694824636, 0.0584225319326, 0.05062635988, 0.0540680959821, 0.0460720025003, 0.037167456001, 0.0240042880177, 0.0283733606339, 0.0380764342844, 0.0726773887873, 0.0691672340035, 0.0502666309476, 0.0180970579386, 0.014426605776, 0.0258786622435, 0.0828710347414, 0.0854810774326, 0.0532994009554, 0.0204277038574, 0.0149387503043, 0.0222474597394, 0.0554433353245], "dmean2": [0.0903923138976, 0.0704957768321, 0.0890170112252, 0.0940451771021, 0.067462593317, 0.0239018555731, 0.0200483184308, 0.0312625467777, 0.0891350880265, 0.0992238149047, 0.0609955005348, 0.0141462003812, 0.00939941033721, 0.0184508673847, 0.0763714462519, 0.0926957800984, 0.078568816185, 0.0794814899564, 0.0697119683027, 0.0559304058552, 0.038918081671, 0.0466988012195, 0.0622567199171, 0.110369838774, 0.106246575713, 0.0783767774701, 0.0301881581545, 0.0241226609796, 0.0421120524406, 0.119962349534, 0.127471253276, 0.0818235203624, 0.0335524305701, 0.0238735824823, 0.0355156809092, 0.0834197178483], "max": [1, 1, 1, 1, 1, 1, 1, 1, 1, 1, 1, 1, 1, 1, 1, 1, 1, 1, 1, 1, 1, 1, 1, 1, 1, 1, 1, 1, 1, 1, 1, 1, 1, 1, 1, 1], "dvar": [0.0171078424901, 0.00799231231213, 0.0117690553889, 0.0174634344876, 0.00794562976807, 0.00210338830948, 0.00315589713864, 0.00246952241287, 0.012708154507, 0.0178115777671, 0.00634210603312, 0.000767608114984, 0.000968154985458, 0.00175866880454, 0.00992347113788, 0.0161922108382, 0.00832853559405, 0.0125790834427, 0.013328413479, 0.00614387076348, 0.00499226432294, 0.00732471607625, 0.00685342075303, 0.016443233937, 0.0210308525711, 0.00752378348261, 0.00426126737148, 0.00434124842286, 0.00353633239865, 0.0169639345258, 0.023923933506, 0.00700412178412, 0.00573730329052, 0.00504365935922, 0.00391459744424, 0.0142299411818], "mean": [0.169856473804, 0.0889809280634, 0.116661988199, 0.188166692853, 0.0936102345586, 0.0205049254, 0.024923177436, 0.0266801901162, 0.125155448914, 0.185727506876, 0.081884868443, 0.00993361044675, 0.00757526559755, 0.0112564517185, 0.0963339954615, 0.166816651821, 0.105033323169, 0.146496430039, 0.188869789243, 0.0845243185759, 0.071694098413, 0.0894938483834, 0.0633663162589, 0.213136389852, 0.289530485868, 0.119005344808, 0.0466109625995, 0.0499909296632, 0.0393033400178, 0.232378825545, 0.34497204423, 0.143483430147, 0.034929767251, 0.0468228906393, 0.0349561944604, 0.11187312007], "dvar2": [0.0361541844904, 0.0200135186315, 0.0277627371252, 0.0360476523638, 0.0193869434297, 0.00510339811444, 0.00734080187976, 0.0064153354615, 0.0277963038534, 0.0378657020628, 0.015388937667, 0.0021192652639, 0.00266364729032, 0.00497560109943, 0.0241132024676, 0.0353830978274, 0.0210151970387, 0.024677824229, 0.0271613784134, 0.0141637399793, 0.0120443962514, 0.017834989354, 0.0194251965731, 0.0367341265082, 0.0423710532486, 0.0189969297498, 0.0105057070032, 0.0105239199474, 0.00969465449452, 0.0338281728327, 0.0469674132764, 0.0167638193816, 0.0140323890373, 0.0108776213601, 0.00973239634186, 0.030221754685], "min": [7.70708174969e-06, 9.71186636889e-06, 2.17262572733e-06, 2.08159599424e-06, 4.6160457714e-06, 4.74411945106e-06, 3.13319537781e-06, 5.07266577188e-06, 0, 0, 9.24530525026e-07, 3.51751214112e-06, 2.86687463813e-06, 2.48311380346e-06, 5.37084179086e-06, 0, 8.2437236415e-06, 1.26338238715e-06, 6.48249795177e-07, 1.19266655929e-06, 2.16224361793e-06, 1.50875132476e-06, 1.38724453791e-06, 8.15497242002e-06, 7.59836893849e-07, 3.55166730515e-06, 0, 0, 1.61320838288e-06, 1.38679843076e-06, 1.33770481625e-06, 4.36629335354e-07, 1.46395075262e-06, 9.98849372991e-07, 2.58972772826e-06, 8.78085938893e-06], "var": [0.0937447845936, 0.0254052300006, 0.0392563827336, 0.101960547268, 0.0280962008983, 0.00537453591824, 0.0127290664241, 0.00507633760571, 0.0448452122509, 0.093969270587, 0.0235804896802, 0.000908015819732, 0.00167729961686, 0.00173445825931, 0.0309445932508, 0.0867658406496, 0.0282348189503, 0.0697428658605, 0.114514768124, 0.0226107016206, 0.0421468093991, 0.0552148036659, 0.0144600365311, 0.0919305682182, 0.156010523438, 0.028918672353, 0.0283852815628, 0.0360887907445, 0.0074448408559, 0.0804396942258, 0.158238992095, 0.0308243185282, 0.0165172107518, 0.0338403359056, 0.00947496853769, 0.045452721417], "median": [0.0158554688096, 0.0165866576135, 0.0173377692699, 0.0187341123819, 0.011225393042, 0.00245232740417, 0.0012610279955, 0.00448213890195, 0.0204311646521, 0.0327265933156, 0.0155167672783, 0.00191039824858, 0.000587252085097, 0.00155762769282, 0.0145646445453, 0.0255566909909, 0.0289054326713, 0.00761411711574, 0.00316237052903, 0.00493174465373, 0.00293676741421, 0.00213818205521, 0.0104056037962, 0.0263988263905, 0.0362586528063, 0.0254252888262, 0.0014062600676, 0.000322833715472, 0.00530308671296, 0.0805372819304, 0.129880025983, 0.0558345615864, 0.000945092178881, 0.000226385309361, 0.00111648160964, 0.010143186897]}}, "lowlevel": {"melbands_flatness_db": {"dmean": 0.0155407031998, "dmean2": 0.0219784900546, "max": 0.623182237148, "dvar": 0.00019866511866, "mean": 0.29704451561, "dvar2": 0.000449243147159, "min": 0.00671804416925, "var": 0.00653347140178, "median": 0.284822881222}, "melbands_crest": {"dmean": 2.32949757576, "dmean2": 3.35372114182, "max": 34.1905441284, "dvar": 4.7976436615, "mean": 17.0451831818, "dvar2": 11.4975709915, "min": 2.17762899399, "var": 30.2174320221, "median": 16.4293804169}, "spectral_entropy": {"dmean": 0.116710349917, "dmean2": 0.17351038754, "max": 9.79044818878, "dvar": 0.0120274433866, "mean": 6.41504955292, "dvar2": 0.0272080935538, "min": 3.69161176682, "var": 0.253231108189, "median": 6.51370334625}, "melbands": {"dmean": [5.09331982812e-07, 2.79659634543e-05, 0.000333185715135, 0.000290751719149, 0.000121155586385, 0.00012031658116, 0.000106276107545, 0.000175036562723, 7.75051812525e-05, 9.55129580689e-05, 0.000128021958517, 0.000102159836388, 4.76374443679e-05, 2.90541975119e-05, 2.02623596124e-05, 1.19897276818e-05, 6.45301815894e-06, 4.10083612223e-06, 4.22316634285e-06, 2.45599289883e-06, 4.1095963752e-06, 5.15167766935e-06, 5.64095262234e-06, 3.07065738525e-06, 2.15577938434e-06, 1.38107247949e-06, 1.13524708922e-06, 8.18587977847e-07, 5.55888618692e-07, 3.29895101459e-07, 1.49698834662e-07, 1.78581927912e-07, 1.17141105704e-07, 7.82344145023e-08, 4.84164068837e-08, 1.31667396985e-08, 7.62526131126e-09, 5.13366327226e-09, 4.40386616063e-09, 3.47464390593e-09], "dmean2": [8.47469493692e-07, 4.38204042439e-05, 0.000460980983917, 0.000394535221858, 0.000158946204465, 0.000171034902451, 0.000165780758834, 0.000208237324841, 0.000105703002191, 0.000143971134094, 0.000184102842468, 0.000131866472657, 6.37861448922e-05, 3.94164926547e-05, 2.80297826976e-05, 1.74315173354e-05, 9.60026409302e-06, 6.51669733998e-06, 6.77959542372e-06, 3.90021978092e-06, 6.71570069244e-06, 8.53980054671e-06, 9.47981607169e-06, 5.23445578438e-06, 3.58679494639e-06, 2.31388344218e-06, 1.9193071239e-06, 1.40675388138e-06, 9.58614691626e-07, 5.65034838473e-07, 2.55763438872e-07, 3.03084334519e-07, 1.99421720026e-07, 1.33562338078e-07, 8.28711606005e-08, 2.24043823494e-08, 1.28005579469e-08, 8.51211545694e-09, 7.41528261017e-09, 5.79835068848e-09], "max": [8.58673301991e-05, 0.00542030762881, 0.0270878262818, 0.0242686606944, 0.0266513414681, 0.0815536007285, 0.0576928555965, 0.238507002592, 0.0381753221154, 0.049587097019, 0.0615246891975, 0.0504350438714, 0.0248638652265, 0.0221045278013, 0.0270793922246, 0.0102428011596, 0.00585701689124, 0.00155990233179, 0.00249930657446, 0.00187843944877, 0.000421334349085, 0.000379358214559, 0.000379468576284, 0.000227933560382, 0.000240579814999, 0.000198334062588, 0.000155474830535, 0.000153104614583, 9.01033781702e-05, 3.7952519051e-05, 1.2586977391e-05, 1.83011488843e-05, 1.36354756251e-05, 1.07708701762e-05, 6.15802173343e-06, 1.53624591803e-06, 9.10272888177e-07, 9.48668116507e-07, 8.89506679869e-07, 1.4752632751e-06], "dvar": [2.65783293811e-12, 9.92357840346e-09, 5.16717420851e-07, 3.39578974717e-07, 1.22091421417e-07, 6.95041478593e-07, 6.56398810861e-07, 6.4197388383e-06, 3.29999721771e-07, 7.69346286233e-07, 1.53725750351e-06, 4.92433287036e-07, 1.18275572447e-07, 2.86464469923e-08, 3.6387678648e-08, 6.66481136946e-09, 1.96272531561e-09, 2.71104028116e-10, 3.34189897977e-10, 1.6139857506e-10, 1.25130975026e-10, 1.65922733886e-10, 2.03503047747e-10, 6.66996319287e-11, 5.39641248354e-11, 3.04521581562e-11, 1.46830290981e-11, 5.63229280923e-12, 1.89701206132e-12, 9.14170974163e-13, 1.31758739661e-13, 2.51950099239e-13, 7.80787245839e-14, 3.92378526047e-14, 2.0311794171e-14, 9.50882786478e-16, 3.08543662438e-16, 1.94689649424e-16, 2.07911423449e-16, 2.33776831808e-16], "mean": [6.58560793454e-07, 6.16785910097e-05, 0.00107078708243, 0.000922222388908, 0.00046484102495, 0.000379845703719, 0.000263183348579, 0.000305644090986, 0.000148669525515, 0.000230501929764, 0.000378544500563, 0.000334967073286, 0.000112300993351, 6.08801710769e-05, 4.46844933322e-05, 2.59032221948e-05, 1.18052976177e-05, 6.93290621712e-06, 7.20051866665e-06, 4.19565822085e-06, 6.61751982989e-06, 8.42273311719e-06, 9.2623040473e-06, 5.06671494804e-06, 3.56954546987e-06, 2.29721126743e-06, 1.9909114144e-06, 1.45712124322e-06, 1.01314196854e-06, 6.01675878897e-07, 2.93920606964e-07, 3.42835363654e-07, 2.3983230335e-07, 1.675880128e-07, 1.0269733508e-07, 3.60039464908e-08, 2.33532340133e-08, 1.79245969179e-08, 1.53989869744e-08, 1.30975239543e-08], "dvar2": [6.68785903393e-12, 2.71417661679e-08, 1.423652634e-06, 8.21840956178e-07, 2.70520871481e-07, 1.77165838977e-06, 1.77247773081e-06, 9.51804940996e-06, 5.9852487766e-07, 1.90919922716e-06, 3.54584199158e-06, 9.51074355271e-07, 2.67608697868e-07, 4.30490274539e-08, 5.69924694105e-08, 1.29381216851e-08, 3.60340934868e-09, 5.58334989353e-10, 6.40743291758e-10, 2.23705401425e-10, 3.33170352418e-10, 4.57212850913e-10, 5.62314916852e-10, 1.92086097028e-10, 1.45675513319e-10, 8.68344077198e-11, 4.26851644308e-11, 1.58262691147e-11, 5.35417717107e-12, 2.68226651827e-12, 3.81732812678e-13, 7.07778616531e-13, 2.24525083313e-13, 1.15476448933e-13, 5.91657189279e-14, 2.77398356259e-15, 8.70805297496e-16, 5.34810408968e-16, 5.96324270938e-16, 6.53253408263e-16], "min": [6.73164513823e-24, 2.19071899583e-24, 7.52713405278e-24, 1.50668472815e-23, 2.31111948314e-23, 1.59818580896e-23, 7.36214300559e-24, 4.8475518403e-24, 1.08725338019e-23, 7.30914496339e-24, 1.13033173316e-23, 1.98321414398e-23, 1.22917056145e-23, 1.73961152987e-23, 1.14675739493e-23, 8.7494117054e-24, 4.36186438046e-24, 6.8671682863e-24, 1.25212175951e-23, 1.33225716905e-23, 1.55111605646e-23, 1.5171929865e-23, 1.34918075982e-23, 9.01976143737e-24, 9.75003522088e-24, 1.42098003951e-23, 9.20619214624e-24, 5.40377214255e-24, 5.99175632357e-24, 1.09198709783e-23, 6.87306975473e-24, 8.10707303586e-24, 1.10874597444e-23, 1.18869284622e-23, 7.5801415613e-24, 8.97434119303e-24, 1.3239930622e-23, 6.45854622601e-24, 7.61967769215e-24, 1.49032327966e-23], "var": [4.48309098178e-12, 3.31321494684e-08, 2.76191462945e-06, 1.82418909844e-06, 1.26076781726e-06, 2.09803670259e-06, 1.99497162612e-06, 1.45170506585e-05, 6.89796820552e-07, 2.0305471935e-06, 4.37813969256e-06, 4.08827054343e-06, 3.91570608826e-07, 1.08876513139e-07, 1.3992479353e-07, 2.2052050852e-08, 4.61544402697e-09, 5.61128310483e-10, 6.17702777816e-10, 5.57982771099e-10, 2.42159958752e-10, 3.52407880655e-10, 4.04173444712e-10, 1.27503216318e-10, 1.14100326409e-10, 6.29169008559e-11, 3.21653259583e-11, 1.22691735244e-11, 3.81907613173e-12, 1.90391214079e-12, 3.06943869193e-13, 5.66471945306e-13, 1.84922037535e-13, 9.95164982863e-14, 4.79766000419e-14, 3.50290538864e-15, 1.72455516308e-15, 1.50799499061e-15, 1.73675699032e-15, 2.38200530196e-15], "median": [8.8454072511e-08, 6.40814096187e-06, 0.000478565314552, 0.000477562833112, 0.000155914662173, 0.000100460842077, 5.40035143786e-05, 2.82342934952e-05, 1.43677834785e-05, 1.38330306072e-05, 1.92430779862e-05, 1.52060256369e-05, 9.53981452767e-06, 7.54292477723e-06, 5.16595582667e-06, 2.62075900537e-06, 2.13769521906e-06, 1.85493649951e-06, 1.73962075678e-06, 1.00186639429e-06, 1.44333660046e-06, 1.78543893981e-06, 1.50603978e-06, 1.21803645925e-06, 4.74616996371e-07, 4.09256500689e-07, 4.96471443512e-07, 5.078749723e-07, 4.01240043857e-07, 2.12538552091e-07, 1.17941304723e-07, 1.16406937423e-07, 9.39202635664e-08, 6.88056402964e-08, 3.76391184886e-08, 1.90136617562e-08, 1.05596971167e-08, 6.80409550924e-09, 5.01573937939e-09, 3.63828478456e-09]}, "silence_rate_60dB": {"dmean": 0.0291447676718, "dmean2": 0.0582910850644, "max": 1, "dvar": 0.0282999388874, "mean": 0.17059057951, "dvar2": 0.0641465038061, "min": 0, "var": 0.141503721476, "median": 0}, "spectral_energyband_middle_high": {"dmean": 0.00141631171573, "dmean2": 0.00191843614448, "max": 0.315908104181, "dvar": 3.76365242118e-05, "mean": 0.00460747396573, "dvar2": 7.65231015976e-05, "min": 1.78195282485e-21, "var": 0.000232759994105, "median": 0.00134598184377}, "erbbands_skewness": {"dmean": 0.365147352219, "dmean2": 0.551660060883, "max": 6.84699487686, "dvar": 0.126453816891, "mean": 0.197494760156, "dvar2": 0.282572299242, "min": -6.02419185638, "var": 1.16869664192, "median": 0.258117884398}, "dynamic_complexity": 4.59219026566, "dissonance": {"dmean": 0.0295351445675, "dmean2": 0.0497222654521, "max": 0.500000059605, "dvar": 0.00104489002842, "mean": 0.418470799923, "dvar2": 0.00288234092295, "min": 0.0971835553646, "var": 0.00299789267592, "median": 0.431581944227}, "spectral_skewness": {"dmean": 0.340779006481, "dmean2": 0.583741128445, "max": 12.3561201096, "dvar": 0.155371159315, "mean": 2.54870462418, "dvar2": 0.439109444618, "min": 0.0439703352749, "var": 3.18321180344, "median": 1.84681010246}, "spectral_kurtosis": {"dmean": 4.46144676208, "dmean2": 7.65845298767, "max": 214.13822937, "dvar": 50.271697998, "mean": 16.2374515533, "dvar2": 137.8412323, "min": -1.18715834618, "var": 536.674865723, "median": 6.66550731659}, "gfcc": {"cov": [[3487.9465332, -246.095108032, -605.62878418, 343.470031738, -152.521118164, 0.107474096119, -104.249961853, -85.3777313232, -86.7933959961, -90.3003005981, 119.485031128, -10.2390136719, 31.2163734436], [-246.095108032, 1436.62084961, 946.475341797, -902.834289551, 255.015289307, 233.261032104, 56.2476577759, 61.8938522339, -41.0776176453, 28.6018466949, 30.2575817108, -195.436248779, 56.0801200867], [-605.62878418, 946.475341797, 1098.84106445, -504.808044434, 149.54838562, 263.858001709, -9.23348808289, 57.2949180603, -121.470481873, 41.2509613037, -4.29909515381, -167.746185303, 30.7436618805], [343.470031738, -902.834289551, -504.808044434, 1323.65551758, -88.8605422974, -303.11138916, -42.7323799133, -112.847999573, 69.5667419434, -125.127822876, -101.901725769, 64.5211105347, -132.490844727], [-152.521118164, 255.015289307, 149.54838562, -88.8605422974, 230.254501343, 68.3443527222, 15.8230695724, 7.52838516235, 6.10827159882, 21.1555271149, -12.7995319366, -25.8496799469, -25.7538337708], [0.107474096119, 233.261032104, 263.858001709, -303.11138916, 68.3443527222, 264.804626465, 56.6798324585, 17.6654911041, -84.7499771118, 18.2134151459, 13.0838947296, -49.2104949951, 31.8725452423], [-104.249961853, 56.2476577759, -9.23348808289, -42.7323799133, 15.8230695724, 56.6798324585, 169.565475464, 40.6707725525, 5.641289711, -48.4742698669, -39.4801559448, -25.6443653107, -4.16390514374], [-85.3777313232, 61.8938522339, 57.2949180603, -112.847999573, 7.52838516235, 17.6654911041, 40.6707725525, 136.203384399, 30.0293807983, -10.1734666824, -26.3112506866, -34.5686607361, -2.48920416832], [-86.7933959961, -41.0776176453, -121.470481873, 69.5667419434, 6.10827159882, -84.7499771118, 5.641289711, 30.0293807983, 136.809249878, 22.1316738129, -29.252746582, -18.3638286591, -43.1113319397], [-90.3003005981, 28.6018466949, 41.2509613037, -125.127822876, 21.1555271149, 18.2134151459, -48.4742698669, -10.1734666824, 22.1316738129, 144.744430542, 55.2729721069, -9.54082012177, -38.6655235291], [119.485031128, 30.2575817108, -4.29909515381, -101.901725769, -12.7995319366, 13.0838947296, -39.4801559448, -26.3112506866, -29.252746582, 55.2729721069, 122.611167908, 40.7043495178, -15.9898948669], [-10.2390136719, -195.436248779, -167.746185303, 64.5211105347, -25.8496799469, -49.2104949951, -25.6443653107, -34.5686607361, -18.3638286591, -9.54082012177, 40.7043495178, 147.243103027, 38.9372444153], [31.2163734436, 56.0801200867, 30.7436618805, -132.490844727, -25.7538337708, 31.8725452423, -4.16390514374, -2.48920416832, -43.1113319397, -38.6655235291, -15.9898948669, 38.9372444153, 135.970870972]], "mean": [-108.128036499, 119.034851074, -138.68157959, 4.06956768036, -69.9592208862, -22.7197380066, -45.1825752258, -19.9407081604, -40.0732116699, -23.0504283905, -26.2697620392, -8.97011089325, -14.5602998734], "icov": [[0.000605252047535, -0.0011319356272, 0.00134664739016, -0.000822259578854, 0.000760337046813, -0.00119905080646, 0.000991212320514, -0.000723038800061, 0.000895244767889, -0.00017223492614, -0.00048255288857, 0.000481785507873, -0.000295440055197], [-0.0011319356272, 0.00800477620214, -0.00643578404561, 0.00471819657832, -0.00538129592314, 0.00567306904122, -0.00374649674632, 0.00457904255018, -0.0047332639806, 0.00461445050314, -0.0029744238127, 0.00327486265451, -0.000845140835736], [0.00134664739016, -0.00643578404561, 0.00733574759215, -0.00361081073061, 0.00361172133125, -0.00550370104611, 0.00425540329888, -0.00416156090796, 0.00540051795542, -0.00325021287426, 0.00176249782089, -2.74540798273e-05, 0.000199683985556], [-0.000822259578854, 0.00471819657832, -0.00361081073061, 0.00462672533467, -0.00290506868623, 0.00449758209288, -0.00177501270082, 0.00396740762517, -0.00225663324818, 0.00391367636621, 0.000523400318343, 0.00093249429483, 0.00217323075049], [0.000760337046813, -0.00538129592314, 0.00361172133125, -0.00290506868623, 0.00911599677056, -0.00523792300373, 0.00256775529124, -0.00243881810457, 0.00191382272169, -0.00318908249028, 0.00352915353142, -0.00359000544995, 0.00252900342457], [-0.00119905080646, 0.00567306904122, -0.00550370104611, 0.00449758209288, -0.00523792300373, 0.0128109734505, -0.00592346908525, 0.00351118529215, 0.00108358927537, 0.00128074013628, -0.00123712862842, 0.00315616931766, -0.000891383970156], [0.000991212320514, -0.00374649674632, 0.00425540329888, -0.00177501270082, 0.00256775529124, -0.00592346908525, 0.0111104194075, -0.00348695926368, 0.00154510827269, 0.00186903378926, 0.00239461660385, -0.000637066084892, 0.00226258020848], [-0.000723038800061, 0.00457904255018, -0.00416156090796, 0.00396740762517, -0.00243881810457, 0.00351118529215, -0.00348695926368, 0.0125542748719, -0.00523139582947, 0.00402737455443, 4.76813875139e-05, 0.0020066301804, 0.000839838176034], [0.000895244767889, -0.0047332639806, 0.00540051795542, -0.00225663324818, 0.00191382272169, 0.00108358927537, 0.00154510827269, -0.00523139582947, 0.0169959310442, -0.00611228356138, 0.00511426432058, 0.000294514698908, 0.00255448417738], [-0.00017223492614, 0.00461445050314, -0.00325021287426, 0.00391367636621, -0.00318908249028, 0.00128074013628, 0.00186903378926, 0.00402737455443, -0.00611228356138, 0.0155673911795, -0.00592306628823, 0.00296299345791, 0.00285528693348], [-0.00048255288857, -0.0029744238127, 0.00176249782089, 0.000523400318343, 0.00352915353142, -0.00123712862842, 0.00239461660385, 4.76813875139e-05, 0.00511426432058, -0.00592306628823, 0.0187116544694, -0.00834040623158, 0.0070077739656], [0.000481785507873, 0.00327486265451, -2.74540798273e-05, 0.00093249429483, -0.00359000544995, 0.00315616931766, -0.000637066084892, 0.0020066301804, 0.000294514698908, 0.00296299345791, -0.00834040623158, 0.0157726146281, -0.00651061767712], [-0.000295440055197, -0.000845140835736, 0.000199683985556, 0.00217323075049, 0.00252900342457, -0.000891383970156, 0.00226258020848, 0.000839838176034, 0.00255448417738, 0.00285528693348, 0.0070077739656, -0.00651061767712, 0.0149263860658]]}, "spectral_complexity": {"dmean": 1.32292830944, "dmean2": 2.23048329353, "max": 22, "dvar": 1.35542416573, "mean": 9.1700334549, "dvar2": 3.42896366119, "min": 0, "var": 10.7516756058, "median": 9}, "spectral_flux": {"dmean": 0.0110940933228, "dmean2": 0.0185305885971, "max": 0.682033896446, "dvar": 0.000643204257358, "mean": 0.035455852747, "dvar2": 0.00166528101545, "min": 1.06021129376e-10, "var": 0.000950601825025, "median": 0.0292581170797}, "spectral_energyband_low": {"dmean": 0.000379196106223, "dmean2": 0.000524926756043, "max": 0.0506816990674, "dvar": 1.06738048089e-06, "mean": 0.00121597188991, "dvar2": 2.73597856904e-06, "min": 4.12102703936e-23, "var": 6.38218716631e-06, "median": 0.000310480652843}, "spectral_decrease": {"dmean": 1.16485243673e-09, "dmean2": 1.60552759976e-09, "max": 1.49607068637e-28, "dvar": 1.768063156e-17, "mean": -4.52322268529e-09, "dvar2": 3.43357940798e-17, "min": -2.80474154124e-07, "var": 6.24551074805e-17, "median": -2.46596409958e-09}, "barkbands_spread": {"dmean": 2.5203294754, "dmean2": 3.89119029045, "max": 53.3875198364, "dvar": 8.55566978455, "mean": 12.8031873703, "dvar2": 21.1456661224, "min": 0.167991384864, "var": 97.1933288574, "median": 9.71052742004}, "spectral_rms": {"dmean": 0.000412139168475, "dmean2": 0.000554979313165, "max": 0.0329401120543, "dvar": 5.37414393875e-07, "mean": 0.00353792821988, "dvar2": 1.06215543383e-06, "min": 3.31154374755e-12, "var": 5.07378445036e-06, "median": 0.00309647456743}, "spectral_centroid": {"dmean": 136.980377197, "dmean2": 213.548202515, "max": 10738.2099609, "dvar": 28579.7773438, "mean": 1001.49224854, "dvar2": 68942.9375, "min": 182.71987915, "var": 438165.875, "median": 784.25201416}, "barkbands_skewness": {"dmean": 0.459543645382, "dmean2": 0.676010549068, "max": 12.0241670609, "dvar": 0.192071855068, "mean": 1.55944669247, "dvar2": 0.419502556324, "min": -7.71987438202, "var": 2.63822698593, "median": 1.46877300739}, "spectral_rolloff": {"dmean": 219.473999023, "dmean2": 390.484283447, "max": 19552.1484375, "dvar": 181199.0625, "mean": 1131.93701172, "dvar2": 446403.375, "min": 172.265625, "var": 849518.6875, "median": 796.728515625}, "erbbands_spread": {"dmean": 4.84023094177, "dmean2": 7.38912820816, "max": 90.0014190674, "dvar": 25.3909053802, "mean": 28.5135993958, "dvar2": 61.2123718262, "min": 0.300661563873, "var": 303.744689941, "median": 26.6897735596}, "barkbands": {"dmean": [5.41062341597e-08, 3.50384470948e-06, 0.000108643223939, 0.000821380759589, 0.00115472718608, 0.000616082514171, 0.000504720024765, 0.000775111257099, 0.000627707340755, 0.000848302443046, 0.000505151576363, 0.000237661035499, 0.000114069145638, 5.39310676686e-05, 6.00524472247e-05, 2.66399129032e-05, 0.000107410385681, 7.95911983005e-05, 4.09954263887e-05, 2.92588592856e-05, 1.17026329463e-05, 7.03073692421e-06, 1.84101565992e-06, 4.41052804945e-07, 2.4640206675e-07, 9.90569262171e-08, 2.01218703921e-08], "dmean2": [9.22571317119e-08, 5.8088271544e-06, 0.000168432976352, 0.00112694210839, 0.00155768112745, 0.000866575108375, 0.000779187073931, 0.000911155308131, 0.000976073206402, 0.001170380041, 0.000641748600174, 0.000324102438753, 0.000166599216755, 8.01011265139e-05, 9.70970650087e-05, 4.21327313234e-05, 0.000177780006197, 0.000135059613967, 6.81194651406e-05, 4.98680637975e-05, 2.00489048439e-05, 1.19301257655e-05, 3.13571558763e-06, 7.31039392576e-07, 3.96293188487e-07, 1.54610134473e-07, 3.09610754812e-08], "max": [9.14713200473e-06, 0.000637125631329, 0.021311596036, 0.0757737755775, 0.102536894381, 0.35062032938, 0.271124452353, 1.00427103043, 0.430565297604, 0.316176235676, 0.251641213894, 0.20208260417, 0.0746062099934, 0.0490702018142, 0.0221342295408, 0.0205451343209, 0.00491495849565, 0.00673951720819, 0.00328546669334, 0.00381686119363, 0.00088593584951, 0.000504278170411, 0.000168192680576, 4.80438684463e-05, 9.61470359471e-05, 2.6798723411e-05, 3.92958872908e-06], "dvar": [1.9193051689e-14, 1.40298286877e-10, 1.44559152204e-07, 3.61748766409e-06, 5.21124729858e-06, 1.40851725519e-05, 1.36591888804e-05, 0.000117837975267, 3.87101536035e-05, 3.78879194614e-05, 1.43561428558e-05, 3.02222474602e-06, 4.49312040018e-07, 1.43218443327e-07, 4.4138733557e-08, 1.94309848212e-08, 5.78182515198e-08, 4.35078248984e-08, 1.44925609291e-08, 6.36561647838e-09, 6.93184343259e-10, 2.24040189178e-10, 1.85383583484e-11, 9.91755397424e-13, 9.06969703333e-13, 9.11125829731e-14, 2.63486242441e-15], "mean": [6.3173317244e-08, 4.42218242824e-06, 0.000248055090196, 0.0025633207988, 0.00383996870369, 0.00205231225118, 0.00116503413301, 0.00130416813772, 0.0013536112383, 0.00278227636591, 0.00125778117217, 0.000488140649395, 0.000253174774116, 9.79184769676e-05, 0.000102448451798, 4.48885184596e-05, 0.000174364729901, 0.000129115884192, 6.80884768371e-05, 5.46250666957e-05, 2.31643116422e-05, 1.55226498464e-05, 4.71481052955e-06, 1.70435725977e-06, 1.17446631975e-06, 4.58035430029e-07, 8.0171204786e-08], "dvar2": [5.05999932167e-14, 3.51014467492e-10, 3.85002380199e-07, 1.00405404737e-05, 1.24937987493e-05, 3.63530125469e-05, 3.64722218364e-05, 0.000177437555976, 9.51195615926e-05, 8.25117822387e-05, 2.65592898359e-05, 4.44938632427e-06, 8.66888512974e-07, 2.597057005e-07, 9.04830201875e-08, 2.67268855936e-08, 1.5934612918e-07, 1.23023028209e-07, 3.92775270086e-08, 1.81739476801e-08, 2.02331573718e-09, 6.36958319422e-10, 5.37066224826e-11, 2.7178571893e-12, 2.37835142206e-12, 2.13864353744e-13, 4.77916317632e-15], "min": [2.1366625784e-23, 1.54681786894e-23, 5.17789523298e-24, 2.07732067458e-23, 9.38593142137e-23, 8.72764655971e-23, 2.13140134948e-23, 4.07306461187e-23, 5.5296852293e-23, 1.12188213357e-22, 9.49123362371e-23, 1.36929188507e-22, 1.09350586017e-22, 6.06141345148e-23, 1.25793400777e-22, 2.20307696734e-22, 2.61289462523e-22, 2.05614424001e-22, 3.06317895428e-22, 2.19566899546e-22, 3.45047457021e-22, 5.06113820231e-22, 5.55032889878e-22, 8.00796560044e-22, 1.28029635903e-21, 1.53424373534e-21, 3.19254618526e-21], "var": [2.396195052e-14, 2.39288783233e-10, 5.30528438958e-07, 2.01369966817e-05, 3.7024528865e-05, 4.74197695439e-05, 3.9398935769e-05, 0.000254878745181, 7.61861083447e-05, 0.000185116092325, 7.26973303244e-05, 1.16458058983e-05, 1.626061362e-06, 3.39786765835e-07, 8.51123544976e-08, 6.67766286711e-08, 1.13325533846e-07, 8.57297806078e-08, 2.92286816972e-08, 1.44440326366e-08, 1.49930590165e-09, 5.79407299917e-10, 5.20836290763e-11, 9.44146583831e-12, 1.49034309199e-11, 1.04090087244e-12, 1.49276411002e-14], "median": [2.62930832662e-08, 3.44222513604e-07, 2.40661793214e-05, 0.000944403116591, 0.00193216931075, 0.000579725718126, 0.000200251641218, 9.67176820268e-05, 7.60474576964e-05, 0.000152073494974, 7.88738834672e-05, 4.78194269817e-05, 2.88311639451e-05, 1.44935556818e-05, 2.71285953204e-05, 1.16729788715e-05, 3.97186086047e-05, 2.93106531899e-05, 1.5691632143e-05, 2.04920597753e-05, 1.11354547698e-05, 7.23458970242e-06, 2.40366534854e-06, 7.58671262702e-07, 3.33849243361e-07, 2.18602906443e-07, 5.32995478864e-08]}, "melbands_kurtosis": {"dmean": 4.66302585602, "dmean2": 6.9623169899, "max": 219.095611572, "dvar": 51.7873382568, "mean": 11.9265298843, "dvar2": 113.119369507, "min": -1.90013313293, "var": 289.51171875, "median": 5.98517894745}, "erbbands_crest": {"dmean": 2.62713432312, "dmean2": 4.03682899475, "max": 34.6692619324, "dvar": 7.12806844711, "mean": 13.9942951202, "dvar2": 16.9314022064, "min": 3.27473759651, "var": 45.788433075, "median": 12.0504350662}, "melbands_skewness": {"dmean": 0.545624434948, "dmean2": 0.791484892368, "max": 11.6214017868, "dvar": 0.276535153389, "mean": 2.3094189167, "dvar2": 0.590712070465, "min": -5.98676586151, "var": 3.70120573044, "median": 2.14682149887}, "spectral_energyband_middle_low": {"dmean": 0.00376294204034, "dmean2": 0.00522014033049, "max": 1.10352408886, "dvar": 0.000245976058068, "mean": 0.0137125542387, "dvar2": 0.000473840569612, "min": 3.36250660808e-22, "var": 0.000732483924367, "median": 0.00726927537471}, "spectral_contrast_coeffs": {"dmean": [0.035643696785, 0.0350265391171, 0.0330983251333, 0.0280338488519, 0.0200919602066, 0.012174712494], "dmean2": [0.0579952560365, 0.0544165112078, 0.0514211766422, 0.0464862696826, 0.033828355372, 0.0207189172506], "max": [-0.122885495424, -0.25342386961, -0.334898591042, -0.404384315014, -0.504460453987, -0.602060317993], "dvar": [0.000830082979519, 0.000842546345666, 0.000772636500187, 0.000504639872815, 0.000268261093879, 9.44709317992e-05], "mean": [-0.386599838734, -0.664548814297, -0.655125796795, -0.715390443802, -0.727537870407, -0.762497901917], "dvar2": [0.00227376259863, 0.00204492988996, 0.0018378602108, 0.00135349854827, 0.000752871565055, 0.000271577562671], "min": [-0.961968064308, -0.958447337151, -0.956949949265, -0.961043357849, -0.956871688366, -0.959007441998], "var": [0.00923003256321, 0.00682861497626, 0.00777552416548, 0.00345843262039, 0.00620018411428, 0.00446767546237], "median": [-0.373453557491, -0.67205786705, -0.666135966778, -0.718319296837, -0.721728444099, -0.749167919159]}, "spectral_contrast_valleys": {"dmean": [0.446741431952, 0.278852790594, 0.249534085393, 0.201159238815, 0.135081768036, 0.0936683639884], "dmean2": [0.761035501957, 0.450365692377, 0.41545471549, 0.340688735247, 0.228116318583, 0.153384536505], "max": [-6.90630912781, -4.61710834503, -5.0279045105, -6.80870628357, -7.54296064377, -9.82909297943], "dvar": [0.126177683473, 0.0590648502111, 0.0544703118503, 0.0400806367397, 0.019959224388, 0.0105121331289], "mean": [-10.3874139786, -7.67911243439, -8.67733478546, -9.37074565887, -9.38567638397, -11.9263534546], "dvar2": [0.350824594498, 0.137534439564, 0.124154821038, 0.0910756438971, 0.0400981046259, 0.0189564600587], "min": [-27.4017543793, -27.1523933411, -27.2589225769, -27.2588291168, -27.3217849731, -27.1878566742], "var": [1.14191401005, 0.744865179062, 0.874928772449, 0.463224947453, 0.496241241693, 0.504708766937], "median": [-10.5535812378, -7.66307067871, -8.70054244995, -9.28625106812, -9.3246421814, -11.9081926346]}, "silence_rate_20dB": {"dmean": 0.000849392148666, "dmean2": 0.00169882935006, "max": 1, "dvar": 0.00084869726561, "mean": 0.999150633812, "dvar2": 0.00206771097146, "min": 0, "var": 0.000848678231705, "median": 1}, "silence_rate_30dB": {"dmean": 0.00902479141951, "dmean2": 0.0180500615388, "max": 1, "dvar": 0.00894381385297, "mean": 0.97863304615, "dvar2": 0.0194209422916, "min": 0, "var": 0.0209029261023, "median": 1}, "spectral_strongpeak": {"dmean": 0.488869816065, "dmean2": 0.771707475185, "max": 22.3043899536, "dvar": 0.859662353992, "mean": 1.39736294746, "dvar2": 1.78708910942, "min": 7.81234987812e-09, "var": 3.96117162704, "median": 0.6565066576}, "spectral_spread": {"dmean": 222493.125, "dmean2": 371524.46875, "max": 40076376, "dvar": 73804439552, "mean": 2975919.5, "dvar2": 135515947008, "min": 445330.53125, "var": 823991336960, "median": 3180027.25}, "barkbands_flatness_db": {"dmean": 0.0149205848575, "dmean2": 0.0217221248895, "max": 0.538984298706, "dvar": 0.000190790582565, "mean": 0.243405744433, "dvar2": 0.000423044199124, "min": 0.0742364749312, "var": 0.00369492499158, "median": 0.232841491699}, "pitch_salience": {"dmean": 0.0478740185499, "dmean2": 0.0723029971123, "max": 0.886750459671, "dvar": 0.00198927032761, "mean": 0.418879538774, "dvar2": 0.00475062290207, "min": 0.0485638640821, "var": 0.0108354510739, "median": 0.416239529848}, "erbbands_kurtosis": {"dmean": 1.36313700676, "dmean2": 2.03966856003, "max": 83.1556396484, "dvar": 7.68519592285, "mean": 2.00555682182, "dvar2": 15.0134458542, "min": -1.82769811153, "var": 46.7496337891, "median": -0.00309276580811}, "average_loudness": 0.0245993845165, "barkbands_crest": {"dmean": 1.90941298008, "dmean2": 2.81700515747, "max": 26.5449237823, "dvar": 3.28268408775, "mean": 12.8516073227, "dvar2": 7.83740758896, "min": 3.15213537216, "var": 19.916639328, "median": 12.1047563553}, "hfc": {"dmean": 2.8985004425, "dmean2": 4.08242416382, "max": 590.994873047, "dvar": 118.225990295, "mean": 10.5725297928, "dvar2": 236.026565552, "min": 1.30151601899e-16, "var": 431.753967285, "median": 5.55919599533}, "barkbands_kurtosis": {"dmean": 2.75126457214, "dmean2": 4.13510274887, "max": 204.016052246, "dvar": 20.132610321, "mean": 6.04386854172, "dvar2": 42.2789611816, "min": -1.92100477219, "var": 126.978233337, "median": 2.54990196228}, "erbbands": {"dmean": [5.06643809786e-05, 0.00241777324118, 0.0880388841033, 1.32640981674, 4.3996424675, 3.50787353516, 3.50219321251, 5.48744058609, 6.87394762039, 14.8363790512, 10.2538805008, 13.8640031815, 25.8418045044, 25.7995376587, 12.4487934113, 11.4434185028, 5.9173374176, 3.53589296341, 2.81336236, 2.05245685577, 2.81342601776, 4.37139558792, 5.19291257858, 2.58403801918, 1.84710896015, 1.16323971748, 0.688386499882, 0.284356534481, 0.240650460124, 0.17359444499, 0.0606856457889, 0.0127457370982, 0.00626234104857, 0.00364061049186, 0.00168609106913, 0.000637717952486, 0.000165452627698, 2.57908559433e-05, 4.74729358757e-06, 5.35398521606e-06], "dmean2": [7.75829830673e-05, 0.00382664287463, 0.133215323091, 1.80977964401, 6.14340496063, 4.6324262619, 4.58517932892, 7.76969432831, 10.5708360672, 17.9377613068, 13.3634662628, 20.7678451538, 37.0871887207, 33.1077461243, 17.0121364594, 15.5894527435, 8.50906658173, 5.21088266373, 4.47432613373, 3.28284215927, 4.56622457504, 7.26071882248, 8.82976818085, 4.31565618515, 3.11304974556, 1.98695087433, 1.18599545956, 0.485259264708, 0.408043712378, 0.296385526657, 0.103803195059, 0.0213664639741, 0.0102758100256, 0.00596256647259, 0.00274272169918, 0.00102383492049, 0.00025260829716, 3.95498973376e-05, 7.03053046891e-06, 7.40590985515e-06], "max": [0.00685239396989, 0.497484713793, 14.2879085541, 131.667388916, 304.06362915, 487.158691406, 1034.37939453, 3983.30688477, 3806.92431641, 19181.8652344, 7068.65917969, 5745.73876953, 12468.3076172, 11286.3896484, 7838.09277344, 10360.9619141, 3362.00073242, 2550.72412109, 887.523010254, 881.590698242, 655.792053223, 296.66104126, 455.499389648, 248.428649902, 198.013000488, 153.378997803, 75.7984085083, 26.1054821014, 21.1933002472, 24.8719139099, 7.53021287918, 1.74431633949, 1.07267081738, 1.41052210331, 0.591949999332, 0.234275102615, 0.0537798330188, 0.00379869458266, 0.00073350238381, 0.00125910853967], "dvar": [1.51652645997e-08, 6.39562422293e-05, 0.0775253549218, 10.0806379318, 77.0087966919, 81.5733184814, 124.662475586, 1607.53320312, 2776.51416016, 41225, 7706.25195312, 14274.9677734, 62595.9609375, 30254.4726562, 7714.34521484, 6475.28955078, 1188.01831055, 423.425231934, 100.260681152, 57.9730796814, 55.1846466064, 102.766433716, 198.589126587, 61.6962509155, 38.3117828369, 8.87085437775, 2.35471534729, 0.388787865639, 0.376866608858, 0.196627661586, 0.0262832790613, 0.000633878400549, 0.000296467682347, 0.000212913902942, 4.79754344269e-05, 5.16365480507e-06, 3.17513126902e-07, 4.4548564837e-09, 1.31907082479e-10, 3.68799935035e-10], "mean": [0.000148274673847, 0.00534967612475, 0.235287025571, 4.45406579971, 13.0085515976, 11.7569961548, 13.1516036987, 17.1355419159, 17.3130950928, 27.0295028687, 19.8403911591, 33.7631111145, 77.3184738159, 84.4012832642, 29.121931076, 24.1891880035, 13.7584877014, 7.14134645462, 4.95264625549, 3.83880639076, 4.85122919083, 7.53376913071, 8.70963287354, 4.55398702621, 3.35024166107, 2.27857327461, 1.39158082008, 0.646558582783, 0.530342459679, 0.385875791311, 0.151163816452, 0.045495711267, 0.0253863707185, 0.0159852337092, 0.00715549616143, 0.00276637566276, 0.00070932606468, 0.000113465473987, 2.14340834646e-05, 2.1354009732e-05], "dvar2": [4.16447250018e-08, 0.000177422363777, 0.21190866828, 27.3396396637, 202.738220215, 191.726409912, 267.585479736, 4002.94287109, 7218.30419922, 60895.6875, 12465.5527344, 35692.2773438, 144314.953125, 57229.4570312, 19119.2421875, 9006.49804688, 2156.01025391, 782.080383301, 210.712524414, 110.945655823, 124.228721619, 283.963348389, 566.004699707, 167.419296265, 110.217140198, 24.3898792267, 6.77519416809, 1.09378838539, 1.06425905228, 0.577769935131, 0.077067553997, 0.00175854156259, 0.000810528872535, 0.0005793874152, 0.000131790453452, 1.34270421768e-05, 5.64945366932e-07, 7.98528709822e-09, 2.46828252282e-10, 7.1690858805e-10], "min": [9.15638753921e-22, 1.89097668361e-21, 5.07877910115e-21, 4.58216344895e-20, 6.09150537239e-20, 4.28235487323e-19, 6.25722170233e-19, 7.46902372213e-19, 4.80603723217e-19, 4.13957988059e-19, 1.13692893948e-18, 1.2362881169e-18, 2.08789072005e-18, 4.70478825724e-18, 3.95195132942e-18, 5.19020017457e-18, 5.03195431953e-18, 2.57832072856e-18, 5.00366887848e-18, 9.01826052774e-18, 1.36499293276e-17, 1.42492150639e-17, 1.25232001454e-17, 1.23762713619e-17, 1.43121436562e-17, 1.0044823928e-17, 1.28191819122e-17, 1.35081803491e-17, 1.46722832056e-17, 2.13011084569e-17, 1.50002735534e-17, 1.87400811799e-17, 1.02684555153e-17, 1.44817404972e-17, 9.12366980756e-18, 5.88388707114e-18, 2.66769759374e-18, 1.40403858736e-18, 3.59877695092e-19, 5.07041003668e-20], "var": [5.74502436734e-08, 0.000158046837896, 0.291411608458, 62.3808631897, 339.763366699, 580.657531738, 1191.61621094, 4889.53027344, 8562.77148438, 95716.4765625, 16754.7558594, 41080.2070312, 178394.84375, 243755.1875, 17296.0175781, 25504.1582031, 4548.83203125, 1048.93249512, 202.380142212, 132.986801147, 133.954467773, 218.9347229, 390.706756592, 131.202301025, 82.2477722168, 21.6377296448, 5.10281705856, 1.03433775902, 0.931485652924, 0.491529524326, 0.06901178509, 0.00433670450002, 0.00305207003839, 0.00275738164783, 0.000572020129766, 5.93933618802e-05, 2.51024016507e-06, 3.31697656009e-08, 6.51098230886e-10, 1.30784827412e-09], "median": [6.88514337526e-05, 0.00140489009209, 0.0580342598259, 1.64680564404, 6.2283616066, 4.9110045433, 3.88802266121, 4.37066555023, 3.74273729324, 2.9084482193, 2.21851038933, 2.49394345284, 4.58994436264, 4.95776987076, 3.67839074135, 3.08939