{"tonal": {"chords_key": "B", "hpcp_entropy": {"dmean": 0.615716040134, "dmean2": 1.02568912506, "max": 4.24435043335, "dvar": 0.260122209787, "mean": 2.01579594612, "dvar2": 0.731998682022, "min": 0, "var": 0.580335438251, "median": 2.0518257618}, "key_key": "B", "chords_strength": {"dmean": 0.0089612705633, "dmean2": 0.00915113836527, "max": 0.821354687214, "dvar": 0.000446756981546, "mean": 0.520427525043, "dvar2": 0.000855327234603, "min": -1, "var": 0.0269546154886, "median": 0.526622414589}, "key_scale": "major", "chords_number_rate": 0.0023541720584, "thpcp": [1, 0.705938756466, 0.343461424112, 0.286859840155, 0.295773267746, 0.517421126366, 0.710848271847, 0.492291748524, 0.254944473505, 0.213246643543, 0.227181896567, 0.509675204754, 0.802032411098, 0.609455347061, 0.368364065886, 0.31592515111, 0.244219452143, 0.250170409679, 0.24636118114, 0.201217368245, 0.459675997496, 0.722627937794, 0.459957659245, 0.247229114175, 0.253772258759, 0.210500910878, 0.404104351997, 0.66154384613, 0.528377771378, 0.305156201124, 0.231315791607, 0.206727355719, 0.384189486504, 0.531670212746, 0.448890894651, 0.675811111927], "key_strength": 0.79794639349, "tuning_nontempered_energy_ratio": 0.678115606308, "tuning_frequency": 442.293365479, "chords_changes_rate": 0.0486528910697, "tuning_diatonic_strength": 0.629304885864, "chords_scale": "major", "chords_histogram": [36.0449905396, 1.30787336826, 16.4530467987, 0.88935393095, 1.75255036354, 0.0523149371147, 9.23358631134, 0.418519496918, 0.130787342787, 0.313889622688, 0.183102279902, 0.0261574685574, 0.39236202836, 0, 0, 0.49699190259, 0, 0.915511369705, 0, 0.470834434032, 1.54329061508, 5.33612346649, 2.51111698151, 21.52759552], "tuning_equal_tempered_deviation": 0.0194968115538, "hpcp": {"dmean": [0.0879442691803, 0.0809899419546, 0.112750433385, 0.143605202436, 0.143730938435, 0.167124599218, 0.175200149417, 0.174936875701, 0.136531218886, 0.123235866427, 0.122653223574, 0.146669000387, 0.153733089566, 0.135377690196, 0.104699224234, 0.0874752625823, 0.0955574586987, 0.143425315619, 0.171059966087, 0.15905199945, 0.131589770317, 0.101048961282, 0.0854809135199, 0.0941142439842, 0.0944841876626, 0.0813350528479, 0.125934749842, 0.161436587572, 0.115921400487, 0.0885100364685, 0.0888749435544, 0.0756321549416, 0.108077317476, 0.146105244756, 0.138145595789, 0.110137745738], "dmean2": [0.156597927213, 0.144365757704, 0.194107055664, 0.248965486884, 0.250332355499, 0.283672600985, 0.2957906425, 0.303713202477, 0.242963641882, 0.220855519176, 0.220673203468, 0.25502255559, 0.262858718634, 0.230354502797, 0.186997324228, 0.156477928162, 0.168046504259, 0.243760272861, 0.288958758116, 0.272907793522, 0.224750980735, 0.176437348127, 0.150424957275, 0.165670439601, 0.16562345624, 0.143445849419, 0.207651332021, 0.267698466778, 0.195249736309, 0.154237106442, 0.155998334289, 0.133227542043, 0.183331429958, 0.242380797863, 0.23515868187, 0.19561612606], "max": [1, 1, 1, 1, 1, 1, 1, 1, 1, 1, 1, 1, 1, 1, 1, 1, 1, 1, 1, 1, 1, 1, 1, 1, 1, 1, 1, 1, 1, 1, 1, 1, 1, 1, 1, 1], "dvar": [0.0236326400191, 0.0224248282611, 0.0270832385868, 0.0366560444236, 0.0346822999418, 0.0370033271611, 0.0508646741509, 0.0461323149502, 0.0395341515541, 0.0424253940582, 0.0414814054966, 0.0410618148744, 0.0453402921557, 0.0368716716766, 0.0371604785323, 0.0273745246232, 0.0309075787663, 0.0385364443064, 0.0455706901848, 0.0408936217427, 0.0389349833131, 0.0336979329586, 0.0234661884606, 0.0272480491549, 0.0266880653799, 0.0192580353469, 0.0257771462202, 0.0422671250999, 0.0227649975568, 0.0213873069733, 0.0229313857853, 0.0161500163376, 0.0237204320729, 0.0389661081135, 0.0324233472347, 0.0291807521135], "mean": [0.0918521806598, 0.0820884630084, 0.152556121349, 0.211118593812, 0.178248122334, 0.268354892731, 0.397085636854, 0.280318140984, 0.136383593082, 0.113907918334, 0.117447316647, 0.205460488796, 0.2822676301, 0.195481985807, 0.101234786212, 0.084677182138, 0.0902106687427, 0.202384710312, 0.318475544453, 0.242005974054, 0.146272078156, 0.125449344516, 0.0969760343432, 0.0993390753865, 0.0978264883161, 0.0799005255103, 0.182530730963, 0.286945164204, 0.182642579079, 0.0981711298227, 0.10076931864, 0.0835868865252, 0.160464033484, 0.262689560652, 0.209811225533, 0.121173143387], "dvar2": [0.0654986947775, 0.0638727322221, 0.0739330872893, 0.0933736786246, 0.0942336469889, 0.100642174482, 0.124786637723, 0.126204967499, 0.10661226511, 0.117226988077, 0.116193637252, 0.11245238781, 0.116132676601, 0.0949120819569, 0.102629482746, 0.0737489163876, 0.0839109569788, 0.100185662508, 0.112562038004, 0.109772056341, 0.10165515542, 0.0847105979919, 0.0633047670126, 0.0747359097004, 0.0711872130632, 0.0524214319885, 0.0657197311521, 0.0974730178714, 0.0589309930801, 0.057666040957, 0.0634224191308, 0.0460461862385, 0.0653903856874, 0.0951705500484, 0.0882045254111, 0.0819233879447], "min": [0, 0, 0, 0, 0, 0, 0, 0, 0, 0, 0, 0, 0, 0, 0, 0, 0, 0, 0, 0, 0, 0, 0, 0, 0, 0, 0, 0, 0, 0, 0, 0, 0, 0, 0, 0], "var": [0.0212849453092, 0.0189647264779, 0.0372838675976, 0.0602485165, 0.0415367856622, 0.0674652978778, 0.14444476366, 0.0809321254492, 0.0390249416232, 0.0357625856996, 0.0343253426254, 0.0623054951429, 0.108760431409, 0.0606528148055, 0.0313881710172, 0.0239142086357, 0.0272568464279, 0.0562404617667, 0.107561521232, 0.0714839845896, 0.0494237467647, 0.053337931633, 0.0306059382856, 0.0291829463094, 0.0277447104454, 0.0175480339676, 0.0429289974272, 0.0973110049963, 0.0438154898584, 0.022610148415, 0.0253434758633, 0.0151713322848, 0.0381019599736, 0.0938465222716, 0.0545009747148, 0.0274377856404], "median": [0.0439898446202, 0.0362697392702, 0.0842611715198, 0.1233041659, 0.104438476264, 0.179964795709, 0.234557420015, 0.169611692429, 0.0620290897787, 0.0399662405252, 0.0484351962805, 0.097184188664, 0.125855624676, 0.086478933692, 0.0380054488778, 0.0313815250993, 0.031616307795, 0.10562633723, 0.177886918187, 0.133484855294, 0.0488611608744, 0.0298689380288, 0.0281046424061, 0.0345943458378, 0.0346965715289, 0.0338299460709, 0.10084630549, 0.153658226132, 0.0993088781834, 0.0439828298986, 0.0414851792157, 0.0414399206638, 0.08212595433, 0.130884453654, 0.117438279092, 0.0653337910771]}}, "lowlevel": {"melbands_flatness_db": {"dmean": 0.0198682304472, "dmean2": 0.0304862000048, "max": 0.668911516666, "dvar": 0.000454157881904, "mean": 0.171698063612, "dvar2": 0.00102795881685, "min": 0.00271422765218, "var": 0.0103240851313, "median": 0.142364919186}, "melbands_crest": {"dmean": 3.00761675835, "dmean2": 4.99032640457, "max": 38.3176078796, "dvar": 8.37033462524, "mean": 11.3659563065, "dvar2": 20.8538131714, "min": 1.56074738503, "var": 25.27202034, "median": 10.1871204376}, "spectral_entropy": {"dmean": 0.118127413094, "dmean2": 0.169216290116, "max": 9.81847381592, "dvar": 0.0175071582198, "mean": 7.61956119537, "dvar2": 0.0320778638124, "min": 4.38720798492, "var": 0.419074267149, "median": 7.77060699463}, "melbands": {"dmean": [0.000686948129442, 0.000780009722803, 0.000573417113628, 0.000371182803065, 0.000272879231488, 0.000265935494099, 0.000189290876733, 0.000303886045003, 0.000282145570964, 0.000145999918459, 0.000115092123451, 8.74072575243e-05, 5.1767230616e-05, 4.01669203711e-05, 7.80391492299e-05, 4.48715691164e-05, 6.48105778964e-05, 5.2523555496e-05, 3.66574895452e-05, 2.52147419815e-05, 2.65835733444e-05, 2.28476001212e-05, 1.29073478092e-05, 7.09182495484e-06, 7.2467901191e-06, 1.12592870209e-05, 1.29286827359e-05, 5.48715070181e-06, 3.41684972227e-06, 2.29181478062e-06, 1.54333429236e-06, 1.93356095224e-06, 1.88832655112e-06, 1.7832235244e-06, 1.12455882118e-06, 9.7392569387e-07, 7.35520075068e-07, 5.33064053343e-07, 5.23581775269e-07, 5.05820651142e-07], "dmean2": [0.00115450355224, 0.00129431742243, 0.000968086649664, 0.000632468436379, 0.000438905903138, 0.000439270952484, 0.000305029854644, 0.000478565139929, 0.000437526003225, 0.000223320457735, 0.000172245723661, 0.000135392037919, 8.24800881674e-05, 6.43561361358e-05, 0.000122137353173, 7.04749909346e-05, 0.000102475132735, 8.38040286908e-05, 5.86767819186e-05, 4.04411402997e-05, 4.37791386503e-05, 3.76076095563e-05, 2.10767593671e-05, 1.16468127089e-05, 1.21778666653e-05, 1.87401928997e-05, 2.13485291169e-05, 9.03776799532e-06, 5.65905475014e-06, 3.75343029191e-06, 2.48171522799e-06, 3.12671500069e-06, 2.97466567645e-06, 2.83493568531e-06, 1.76324238055e-06, 1.51741028276e-06, 1.12417137643e-06, 8.11493293895e-07, 7.43112821056e-07, 7.20813943644e-07], "max": [0.0201863180846, 0.0177701320499, 0.0136021152139, 0.0240166261792, 0.0116904340684, 0.00856849178672, 0.00872977823019, 0.011231306009, 0.00853113271296, 0.00559906894341, 0.002998463111, 0.00273041706532, 0.00227646902204, 0.00271257804707, 0.00316212675534, 0.00255702086724, 0.0035798472818, 0.00202182517387, 0.00106190959923, 0.000798966735601, 0.000833230733406, 0.0005710599944, 0.000395348004531, 0.00015937210992, 0.000183703348739, 0.000364303705283, 0.000305992725771, 0.000153778324602, 8.11101126601e-05, 4.68285943498e-05, 3.59006699e-05, 6.46646585665e-05, 6.27808112768e-05, 4.87074503326e-05, 5.00878231833e-05, 4.86318640469e-05, 2.98057784676e-05, 4.18402487412e-05, 6.28417401458e-05, 5.01344729855e-05], "dvar": [3.16022487823e-06, 2.56079283645e-06, 7.00130897258e-07, 5.77658681777e-07, 3.04670720652e-07, 3.51128846887e-07, 1.63094284744e-07, 2.80344806924e-07, 3.03801499513e-07, 8.57664588239e-08, 3.25936682088e-08, 2.43246311982e-08, 1.09660156511e-08, 6.78107481278e-09, 2.02562873142e-08, 1.32327429014e-08, 1.44364724619e-08, 7.71030705948e-09, 4.56426096918e-09, 1.69663294525e-09, 1.73407144199e-09, 1.05451236632e-09, 4.09118544598e-10, 1.14606206469e-10, 1.01470720715e-10, 3.40128758491e-10, 3.96528587743e-10, 6.40449776546e-11, 2.47438840251e-11, 1.21437322004e-11, 6.52826750991e-12, 1.47108904919e-11, 1.01007318828e-11, 9.01341501436e-12, 3.7629257349e-12, 2.45876279406e-12, 1.39098866973e-12, 2.24086808137e-12, 3.42075608291e-12, 2.44714123097e-12], "mean": [0.00077484146459, 0.00110266217962, 0.00105064397212, 0.000595738179982, 0.000433164736023, 0.000383634003811, 0.000367102999007, 0.000598270795308, 0.000473310006782, 0.000265212089289, 0.000224677962251, 0.000166627083672, 9.44260755205e-05, 7.08219522494e-05, 0.000132755230879, 7.38384114811e-05, 0.00011209747754, 9.21827377169e-05, 6.80744778947e-05, 5.11971629749e-05, 5.16403742949e-05, 4.29359752161e-05, 2.59545377048e-05, 1.47552127601e-05, 1.5838400941e-05, 2.50504417636e-05, 2.69475913228e-05, 1.18433636089e-05, 7.00621785654e-06, 4.69731276098e-06, 3.05057869809e-06, 3.61196271115e-06, 3.91430103264e-06, 3.6884932797e-06, 2.42848136622e-06, 2.19227536036e-06, 1.73144007931e-06, 1.12238149086e-06, 1.06094807961e-06, 1.10662722363e-06], "dvar2": [8.00846100901e-06, 6.5292938416e-06, 1.9266531126e-06, 1.46006311752e-06, 7.25311679162e-07, 9.39849087445e-07, 4.06190736157e-07, 6.79978654716e-07, 7.14142572633e-07, 1.97540103386e-07, 7.21252533253e-08, 5.70939846511e-08, 2.58016790156e-08, 1.67492490988e-08, 4.89821019301e-08, 3.30510694369e-08, 3.4319626252e-08, 1.91724804921e-08, 1.12489599857e-08, 4.17122025809e-09, 4.51201920271e-09, 2.77291833939e-09, 1.07018593987e-09, 3.01601410513e-10, 2.78995243574e-10, 9.37892097319e-10, 1.09053421848e-09, 1.61191046621e-10, 6.59754889609e-11, 3.07361219809e-11, 1.57710355192e-11, 3.65385985357e-11, 2.35442811081e-11, 2.17979974348e-11, 8.74205308837e-12, 5.41717799091e-12, 3.07924302376e-12, 4.92892315504e-12, 5.85451782539e-12, 4.44809163461e-12], "min": [1.13966261661e-24, 1.36250063676e-24, 8.52574439523e-25, 1.64091055503e-24, 1.33910588193e-24, 6.25252879111e-25, 1.33945406541e-24, 1.76270219854e-24, 1.89828490561e-24, 1.10335578648e-24, 1.32260754635e-24, 2.17011394899e-24, 2.22167330611e-24, 2.49754999479e-24, 2.36944983062e-24, 3.51552351981e-24, 3.2649734077e-24, 4.04046035956e-24, 3.31073404552e-24, 2.95565394701e-24, 2.43494934601e-24, 3.74157200663e-24, 3.89640410308e-24, 4.86708364189e-24, 3.60908400089e-24, 4.17900445047e-24, 2.78393588846e-24, 3.52694740901e-24, 4.69840545883e-24, 5.70217100729e-24, 5.62754437123e-24, 5.303403003e-24, 3.02723439669e-24, 5.53909531438e-24, 4.35390359063e-24, 6.71823055854e-24, 6.44603804749e-24, 6.7875130564e-24, 6.43143544328e-24, 5.88281621028e-24], "var": [2.6598884233e-06, 2.4549860882e-06, 1.26577833726e-06, 7.01909982581e-07, 4.51133502111e-07, 3.88812253505e-07, 3.68368972659e-07, 7.1724417694e-07, 5.62376271773e-07, 1.71074418631e-07, 8.38631777356e-08, 5.15392031275e-08, 2.04515036017e-08, 1.0255526206e-08, 4.47343637688e-08, 2.40067361545e-08, 2.71724118761e-08, 1.32719142343e-08, 9.15806896984e-09, 3.89749432728e-09, 3.65513086464e-09, 2.11046047305e-09, 8.94552543151e-10, 2.58310511869e-10, 2.37741770714e-10, 8.21828771702e-10, 9.51966061535e-10, 1.60098573287e-10, 4.88655886588e-11, 2.2116003473e-11, 1.13669707327e-11, 2.20895315928e-11, 1.95152626697e-11, 1.76000082563e-11, 8.08314266215e-12, 6.14065872803e-12, 3.85624301588e-12, 4.45968002111e-12, 9.63251874098e-12, 6.99956195435e-12], "median": [0.00028636015486, 0.000646487518679, 0.000716276466846, 0.000391084235162, 0.00022387514764, 0.000187190977158, 0.000213045626879, 0.000316397054121, 0.000216037034988, 0.000132478540763, 0.000130283675389, 0.000104122518678, 5.83310902584e-05, 4.40575677203e-05, 5.69577205169e-05, 3.20718900184e-05, 5.91157076997e-05, 6.05368149991e-05, 3.93828777305e-05, 3.46424931195e-05, 3.50352383975e-05, 3.15060387948e-05, 1.71671417775e-05, 1.05156195787e-05, 1.33266948978e-05, 1.79930430022e-05, 1.699058339e-05, 8.95744688023e-06, 5.61638717045e-06, 3.697131433e-06, 2.14139754462e-06, 2.24308269026e-06, 2.692189355e-06, 2.51716187449e-06, 1.62783533142e-06, 1.51587778419e-06, 1.19378682939e-06, 6.39920870071e-07, 5.05272168994e-07, 5.58576232379e-07]}, "silence_rate_60dB": {"dmean": 0.00104670936707, "dmean2": 0.00209369277582, "max": 1, "dvar": 0.00104558910243, "mean": 0.0672422796488, "dvar2": 0.00261266087182, "min": 0, "var": 0.0627225786448, "median": 0}, "spectral_energyband_middle_high": {"dmean": 0.0020145860035, "dmean2": 0.00310685159639, "max": 0.0409520529211, "dvar": 5.95105348111e-06, "mean": 0.00852081272751, "dvar2": 1.40236570587e-05, "min": 1.22947220923e-21, "var": 3.69328772649e-05, "median": 0.00822669267654}, "erbbands_skewness": {"dmean": 0.284938901663, "dmean2": 0.438863545656, "max": 7.77303886414, "dvar": 0.0661034956574, "mean": 0.265787690878, "dvar2": 0.15510161221, "min": -1.68223190308, "var": 0.552608251572, "median": 0.180180564523}, "dynamic_complexity": 3.33820915222, "dissonance": {"dmean": 0.015524238348, "dmean2": 0.0261844471097, "max": 0.5, "dvar": 0.000254592625424, "mean": 0.466836363077, "dvar2": 0.000684974365868, "min": 0.210427224636, "var": 0.00120787555352, "median": 0.476169228554}, "spectral_skewness": {"dmean": 0.172019779682, "dmean2": 0.280660390854, "max": 8.36256313324, "dvar": 0.0453244484961, "mean": 1.69119250774, "dvar2": 0.12319765985, "min": -0.0729924440384, "var": 0.769093871117, "median": 1.51118755341}, "spectral_kurtosis": {"dmean": 1.39716613293, "dmean2": 2.35735416412, "max": 101.900840759, "dvar": 8.45757389069, "mean": 5.85948371887, "dvar2": 25.0099163055, "min": -1.28821671009, "var": 90.1201934814, "median": 3.95696091652}, "gfcc": {"cov": [[37985.0820312, -986.590026855, -5499.21191406, 251.33190918, -1795.10498047, 663.041564941, -1192.49694824, 564.196655273, -548.561828613, 71.150428772, -876.798828125, -392.102203369, -836.667541504], [-986.590026855, 1174.32971191, 192.788162231, 29.4856796265, 138.554962158, -55.3364143372, 173.83366394, -55.4999351501, 36.1480789185, -53.6309356689, 91.1164779663, -42.8421630859, 106.916740417], [-5499.21191406, 192.788162231, 1363.78027344, 35.7266845703, 277.081542969, -114.072212219, 199.445632935, -93.8563690186, 91.5951919556, 29.4352340698, 149.430786133, 117.043838501, 130.102096558], [251.33190918, 29.4856796265, 35.7266845703, 270.597900391, 12.6504011154, 18.0444564819, -15.1047391891, 29.7436904907, 10.9124994278, 15.6167173386, 1.25690376759, -10.1716060638, 19.9785289764], [-1795.10498047, 138.554962158, 277.081542969, 12.6504011154, 239.379959106, 0.167769581079, 99.0113372803, -18.8208618164, 38.4343948364, 10.8626718521, 36.501411438, 10.047911644, 52.0029335022], [663.041564941, -55.3364143372, -114.072212219, 18.0444564819, 0.167769581079, 155.35597229, 23.9651622772, 26.2988681793, -17.4295120239, -3.70454072952, -8.89896678925, -13.312502861, -22.5488090515], [-1192.49694824, 173.83366394, 199.445632935, -15.1047391891, 99.0113372803, 23.9651622772, 196.878311157, 5.14011049271, 23.5792312622, 3.63033723831, 67.7417373657, 9.81001758575, 22.1536083221], [564.196655273, -55.4999351501, -93.8563690186, 29.7436904907, -18.8208618164, 26.2988681793, 5.14011049271, 114.841880798, 29.53191185, 16.0017719269, -17.2998046875, -9.97581863403, -9.57085895538], [-548.561828613, 36.1480789185, 91.5951919556, 10.9124994278, 38.4343948364, -17.4295120239, 23.5792312622, 29.53191185, 94.3979110718, 25.9113368988, 14.0557775497, 8.69235706329, 24.7217350006], [71.150428772, -53.6309356689, 29.4352340698, 15.6167173386, 10.8626718521, -3.70454072952, 3.63033723831, 16.0017719269, 25.9113368988, 79.27318573, 24.4108791351, 16.1605396271, -2.17885136604], [-876.798828125, 91.1164779663, 149.430786133, 1.25690376759, 36.501411438, -8.89896678925, 67.7417373657, -17.2998046875, 14.0557775497, 24.4108791351, 107.701271057, 42.5331382751, 27.0368518829], [-392.102203369, -42.8421630859, 117.043838501, -10.1716060638, 10.047911644, -13.312502861, 9.81001758575, -9.97581863403, 8.69235706329, 16.1605396271, 42.5331382751, 79.8788909912, 28.5855484009], [-836.667541504, 106.916740417, 130.102096558, 19.9785289764, 52.0029335022, -22.5488090515, 22.1536083221, -9.57085895538, 24.7217350006, -2.17885136604, 27.0368518829, 28.5855484009, 87.6742248535]], "mean": [1.91148495674, 83.3543624878, -115.778701782, 25.6875648499, -56.3671302795, 11.2740354538, -38.058719635, 11.3916254044, -22.7703609467, 5.25604963303, -19.2862129211, -4.13777446747, -15.7559843063], "icov": [[0.000122817975353, -0.000176640591235, 0.000312129617669, -0.000149388040882, 0.000393221649574, -0.000250144803431, 0.000149678817252, -0.000196023174794, 0.000281009502942, -0.000504318857566, 0.000599821272772, -0.000528024334926, 0.000496942026075], [-0.000176640591235, 0.00162071012892, -0.000275317986961, 3.7971232814e-05, -0.000692639092449, 0.000898223777767, -0.00114478019532, 0.000840812455863, -0.000726599653717, 0.00164890254382, -0.00196785968728, 0.00247061625123, -0.00219211378135], [0.000312129617669, -0.000275317986961, 0.00220479816198, -0.000761095783673, 5.10272511747e-05, 0.000238939464907, -0.00058474985417, 0.000490432721563, -9.11940423975e-06, -0.00102671340574, 0.00117667880841, -0.00250968360342, 0.000880980864167], [-0.000149388040882, 3.7971232814e-05, -0.000761095783673, 0.00441820407286, -0.000512594415341, -0.000548549520317, 0.00105792458635, -0.00118018419016, 0.000146896389197, -0.000330853858031, -0.00124727701768, 0.00206281896681, -0.00192004744895], [0.000393221649574, -0.000692639092449, 5.10272511747e-05, -0.000512594415341, 0.00825614947826, -0.00171933765523, -0.00192342163064, 0.00054549757624, -0.000196121574845, -0.00283951172605, 0.00312789040618, -0.000300542946206, -0.00103729800321], [-0.000250144803431, 0.000898223777767, 0.000238939464907, -0.000548549520317, -0.00171933765523, 0.00872050691396, -0.0025383811444, -0.000710636086296, 0.000843257992528, 0.0016514856834, -0.00118562474381, 0.000940279627685, -2.32824768318e-05], [0.000149678817252, -0.00114478019532, -0.00058474985417, 0.00105792458635, -0.00192342163064, -0.0025383811444, 0.0102346548811, -0.00280566653237, 0.000291048025247, 0.000511599704623, -0.00446024211124, 0.000816975836642, 0.00208641239442], [-0.000196023174794, 0.000840812455863, 0.000490432721563, -0.00118018419016, 0.00054549757624, -0.000710636086296, -0.00280566653237, 0.0128092756495, -0.00531843816862, -0.000625957734883, 0.00141092657577, 0.000660499441437, -0.000920245365705], [0.000281009502942, -0.000726599653717, -9.11940423975e-06, 0.000146896389197, -0.000196121574845, 0.000843257992528, 0.000291048025247, -0.00531843816862, 0.0160629823804, -0.00539855798706, 0.00178226700518, -0.000460706098238, -0.00183602841571], [-0.000504318857566, 0.00164890254382, -0.00102671340574, -0.000330853858031, -0.00283951172605, 0.0016514856834, 0.000511599704623, -0.000625957734883, -0.00539855798706, 0.0191366542131, -0.00754197966307, 0.000829429656733, 0.000740030722227], [0.000599821272772, -0.00196785968728, 0.00117667880841, -0.00124727701768, 0.00312789040618, -0.00118562474381, -0.00446024211124, 0.00141092657577, 0.00178226700518, -0.00754197966307, 0.0212320014834, -0.0105443652719, 0.0019831971731], [-0.000528024334926, 0.00247061625123, -0.00250968360342, 0.00206281896681, -0.000300542946206, 0.000940279627685, 0.000816975836642, 0.000660499441437, -0.000460706098238, 0.000829429656733, -0.0105443652719, 0.0240714289248, -0.00895800348371], [0.000496942026075, -0.00219211378135, 0.000880980864167, -0.00192004744895, -0.00103729800321, -2.32824768318e-05, 0.00208641239442, -0.000920245365705, -0.00183602841571, 0.000740030722227, 0.0019831971731, -0.00895800348371, 0.0207784213126]]}, "spectral_complexity": {"dmean": 3.50542974472, "dmean2": 5.51923561096, "max": 57, "dvar": 13.5726089478, "mean": 26.5102043152, "dvar2": 30.12566185, "min": 0, "var": 143.814712524, "median": 30}, "spectral_flux": {"dmean": 0.0216968823224, "dmean2": 0.0335072539747, "max": 0.296431511641, "dvar": 0.000573861994781, "mean": 0.0882413387299, "dvar2": 0.00123088550754, "min": 6.48791090296e-11, "var": 0.00197719153948, "median": 0.0874903202057}, "spectral_energyband_low": {"dmean": 0.00402836129069, "dmean2": 0.00654704635963, "max": 0.0801440626383, "dvar": 5.91840471316e-05, "mean": 0.0064277369529, "dvar2": 0.000139432799187, "min": 1.3747860804e-23, "var": 6.76959607517e-05, "median": 0.00396188395098}, "spectral_decrease": {"dmean": 1.86622828302e-09, "dmean2": 2.94298452275e-09, "max": 1.8754195427e-28, "dvar": 5.3222363983e-18, "mean": -6.95019686248e-09, "dvar2": 1.24768523885e-17, "min": -2.55802650173e-08, "var": 1.44912067521e-17, "median": -6.77200118204e-09}, "barkbands_spread": {"dmean": 4.42225217819, "dmean2": 6.80456638336, "max": 98.8363723755, "dvar": 24.1208286285, "mean": 24.4042930603, "dvar2": 53.4718093872, "min": 0.309280067682, "var": 108.905982971, "median": 24.9895019531}, "spectral_rms": {"dmean": 0.000635107222479, "dmean2": 0.000983973965049, "max": 0.00983511656523, "dvar": 5.03958801801e-07, "mean": 0.00499863177538, "dvar2": 1.15035402359e-06, "min": 3.11880707891e-12, "var": 3.10671612169e-06, "median": 0.0052602281794}, "spectral_centroid": {"dmean": 210.001342773, "dmean2": 328.142730713, "max": 11824.0664062, "dvar": 58156.4179688, "mean": 1603.48693848, "dvar2": 115097.203125, "min": 127.097595215, "var": 1328832.125, "median": 1577.08642578}, "barkbands_skewness": {"dmean": 0.39524358511, "dmean2": 0.620732724667, "max": 19.1353187561, "dvar": 0.228270828724, "mean": 1.13773691654, "dvar2": 0.535808742046, "min": -2.28365182877, "var": 1.51763129234, "median": 0.932843208313}, "spectral_rolloff": {"dmean": 433.516448975, "dmean2": 718.388183594, "max": 19681.3476562, "dvar": 556381.75, "mean": 1904.39453125, "dvar2": 1179324.125, "min": 21.533203125, "var": 4549408, "median": 1701.12304688}, "erbbands_spread": {"dmean": 5.94694137573, "dmean2": 9.09154224396, "max": 163.970077515, "dvar": 43.580581665, "mean": 35.6995353699, "dvar2": 93.6645889282, "min": 1.48854899406, "var": 250.293029785, "median": 33.5947494507}, "barkbands": {"dmean": [4.31186635979e-05, 0.00261505343951, 0.00164570880588, 0.00128749525174, 0.00159450015053, 0.00135630310979, 0.00112880801316, 0.00151456915773, 0.00126864004415, 0.000645158579573, 0.000485359545564, 0.000495791144203, 0.000495393876918, 0.000723872974049, 0.000479669979541, 0.000384139391826, 0.000320739345625, 0.00017567393661, 0.000233783182921, 0.000239997025346, 8.87002534e-05, 8.72191958479e-05, 7.25810896256e-05, 4.84867741761e-05, 4.2841573304e-05, 2.60321066889e-05, 4.67087102152e-06], "dmean2": [6.98108051438e-05, 0.00436291284859, 0.00286464905366, 0.00217102281749, 0.00266864569858, 0.0022129311692, 0.00178307900205, 0.00239645084366, 0.00192427332513, 0.00100560823921, 0.000764512456954, 0.000780025089625, 0.000786450400483, 0.00114930293057, 0.000765467470046, 0.000624859705567, 0.000526277872268, 0.00028601923259, 0.000385887571611, 0.000397516152589, 0.000142831195262, 0.000136339207529, 0.00011200629524, 7.24033379811e-05, 5.93870718149e-05, 3.82125253964e-05, 7.01134786141e-06], "max": [0.00179799133912, 0.0717217102647, 0.0290602184832, 0.0339972935617, 0.0849937424064, 0.0521263852715, 0.0414086133242, 0.0446292646229, 0.0428821630776, 0.024843454361, 0.0250796601176, 0.0218923781067, 0.0239869412035, 0.0277890246361, 0.0127669703215, 0.0119996080175, 0.00727648846805, 0.00531275104731, 0.00740097556263, 0.00496429717168, 0.00180453050416, 0.00244845682755, 0.00267561664805, 0.00268458412029, 0.0044796904549, 0.00134092010558, 0.000173013671883], "dvar": [1.00067394371e-08, 4.3920284952e-05, 8.4971461547e-06, 4.15105432694e-06, 9.07195953914e-06, 8.67121161718e-06, 4.73601812701e-06, 8.45647446113e-06, 6.61719832351e-06, 1.26302461467e-06, 1.14932618089e-06, 7.28576651454e-07, 1.08430560886e-06, 1.38729546961e-06, 6.37010998616e-07, 3.59375036396e-07, 1.9804362239e-07, 7.02557940713e-08, 1.27568156927e-07, 1.14378195804e-07, 1.75462240293e-08, 2.40311468502e-08, 1.504994529e-08, 1.04793453914e-08, 1.6965575611e-08, 3.35510708105e-09, 1.11300524352e-10], "mean": [4.97174478369e-05, 0.00295892264694, 0.00225260155275, 0.002122733742, 0.00270043569617, 0.00197204388678, 0.00228242366575, 0.00252368790098, 0.00230321660638, 0.00117063370999, 0.00083153747255, 0.00089050893439, 0.000839693937451, 0.00129401055165, 0.000902223226149, 0.00076618429739, 0.000639128964394, 0.000363239407307, 0.000554748228751, 0.000547738629393, 0.000194636639208, 0.000190249469597, 0.000165555422427, 0.00011918888049, 0.000104986174847, 4.90002494189e-05, 6.2730900936e-06], "dvar2": [2.37659332214e-08, 0.000109521439299, 2.44518505497e-05, 1.12105735752e-05, 2.24661580432e-05, 2.24089981202e-05, 1.13909673018e-05, 2.01272250706e-05, 1.51678568727e-05, 2.89980789603e-06, 2.69170300271e-06, 1.77075526153e-06, 2.69469319392e-06, 3.37919823323e-06, 1.57841543569e-06, 9.1478068498e-07, 5.10370114171e-07, 1.86527245205e-07, 3.42803417652e-07, 3.06475754996e-07, 4.37527702957e-08, 5.55056161033e-08, 3.43079165077e-08, 2.15395150605e-08, 2.77154938999e-08, 7.06369718273e-09, 2.37366598599e-10], "min": [1.09184056198e-25, 1.78090043076e-24, 3.85154705612e-25, 4.23194490582e-25, 6.26950044324e-24, 2.91238255978e-24, 6.98561259578e-24, 1.12428093336e-23, 8.43612506323e-24, 1.21071705383e-23, 1.29286603083e-23, 2.12728854427e-23, 2.8351023534e-23, 2.61481515443e-23, 4.48888802559e-23, 5.26435880581e-23, 6.10114742864e-23, 9.40052156158e-23, 8.57698296206e-23, 1.24645046491e-22, 2.62303546372e-22, 2.54563874258e-22, 2.84550458884e-22, 6.10352915749e-22, 8.01819378161e-22, 1.2365026386e-21, 1.74473797717e-21], "var": [1.15511822329e-08, 3.790496703e-05, 8.31770648801e-06, 7.76565775595e-06, 1.25914239106e-05, 1.06795569081e-05, 1.36663320518e-05, 1.77039019036e-05, 1.31288379634e-05, 3.06922220261e-06, 2.11045517062e-06, 1.33853939133e-06, 2.23790812015e-06, 2.77811636806e-06, 1.30322155201e-06, 8.15531848275e-07, 4.38718245732e-07, 1.6693175553e-07, 3.36149412306e-07, 3.12731458507e-07, 3.4400986948e-08, 4.55839028746e-08, 3.33901475358e-08, 2.69432387512e-08, 5.30646673269e-08, 7.29406712807e-09, 2.12554071566e-10], "median": [1.76742869371e-05, 0.00122485309839, 0.00138986087404, 0.00120357121341, 0.00179050583392, 0.000960011151619, 0.00111497833859, 0.00122840364929, 0.0010801712051, 0.000642000639345, 0.000462594034616, 0.000520604196936, 0.000398745934945, 0.000741572934203, 0.000569698109757, 0.000521758396644, 0.000480804883409, 0.000249125499977, 0.0004325795162, 0.000404164398788, 0.000158465874847, 0.000134539528517, 0.000118127107271, 8.03487782832e-05, 5.99000268267e-05, 2.32808160945e-05, 8.49257844493e-07]}, "melbands_kurtosis": {"dmean": 4.16117811203, "dmean2": 6.65252304077, "max": 500.436340332, "dvar": 140.99067688, "mean": 7.70975017548, "dvar2": 351.904052734, "min": -1.39016127586, "var": 443.545227051, "median": 3.37572145462}, "erbbands_crest": {"dmean": 2.3268802166, "dmean2": 3.73447155952, "max": 26.1987705231, "dvar": 4.97610664368, "mean": 8.52014064789, "dvar2": 12.3271179199, "min": 2.03617835045, "var": 17.3679161072, "median": 7.42245578766}, "melbands_skewness": {"dmean": 0.524551093578, "dmean2": 0.824495851994, "max": 19.4258861542, "dvar": 0.436102926731, "mean": 1.95126235485, "dvar2": 1.00382423401, "min": -0.264567583799, "var": 1.95176959038, "median": 1.64093756676}, "spectral_energyband_middle_low": {"dmean": 0.00480154436082, "dmean2": 0.00763877294958, "max": 0.0937415510416, "dvar": 3.89142296626e-05, "mean": 0.0141135025769, "dvar2": 9.76158771664e-05, "min": 1.64342332156e-22, "var": 9.74685099209e-05, "median": 0.0124715808779}, "spectral_contrast_coeffs": {"dmean": [0.0502918325365, 0.0461064316332, 0.0358688756824, 0.0297949016094, 0.0222829412669, 0.0161148272455], "dmean2": [0.0832872092724, 0.0754857510328, 0.0583330579102, 0.0477455109358, 0.0355539955199, 0.0257046595216], "max": [-0.346620559692, -0.464173674583, -0.54072779417, -0.53732252121, -0.552545070648, -0.628492712975], "dvar": [0.00175661465619, 0.00149491941556, 0.000861594046, 0.00058861967409, 0.000405873521231, 0.000216696658754], "mean": [-0.641659379005, -0.737171947956, -0.768405497074, -0.766668319702, -0.778861045837, -0.765514492989], "dvar2": [0.0046321824193, 0.00402276450768, 0.00219909427688, 0.00147607270628, 0.000930831884034, 0.000507589371409], "min": [-0.97748208046, -0.980171740055, -0.984110236168, -0.97090035677, -0.968227744102, -0.96599406004], "var": [0.00741722341627, 0.00536891911179, 0.00421055080369, 0.00330046354793, 0.00298808328807, 0.00216692895629], "median": [-0.640428781509, -0.743248164654, -0.770956873894, -0.761697232723, -0.778151869774, -0.76011890173]}, "spectral_contrast_valleys": {"dmean": [0.38132211566, 0.325429618359, 0.287281632423, 0.253078907728, 0.227210074663, 0.225369617343], "dmean2": [0.628473937511, 0.530892908573, 0.46433159709, 0.396171748638, 0.338141411543, 0.309351503849], "max": [-5.37090969086, -4.40878009796, -5.26782846451, -5.72857809067, -5.84240245819, -7.83805656433], "dvar": [0.131691381335, 0.112831942737, 0.0886990725994, 0.077917560935, 0.0942368134856, 0.0895830318332], "mean": [-7.52839756012, -6.69161367416, -7.40762424469, -7.68357276917, -7.69550895691, -10.2657165527], "dvar2": [0.283561080694, 0.230284258723, 0.166448816657, 0.132310912013, 0.154342904687, 0.135131806135], "min": [-28.6073913574, -28.1626720428, -27.9399585724, -27.6356067657, -27.5657672882, -27.3725833893], "var": [5.9655380249, 7.12321376801, 7.17481613159, 7.32116508484, 7.32774305344, 5.95402908325], "median": [-7.07588195801, -6.09702301025, -6.73284816742, -6.92009067535, -6.81437778473, -9.56216049194]}, "silence_rate_20dB": {"dmean": 0, "dmean2": 0, "max": 1, "dvar": 0, "mean": 1, "dvar2": 0, "min": 1, "var": 0, "median": 1}, "silence_rate_30dB": {"dmean": 0, "dmean2": 0, "max": 1, "dvar": 0, "mean": 1, "dvar2": 0, "min": 1, "var": 0, "median": 1}, "spectral_strongpeak": {"dmean": 0.696682453156, "dmean2": 1.18428456783, "max": 9.99099349976, "dvar": 0.945635557175, "mean": 1.17583036423, "dvar2": 2.36716842651, "min": 0, "var": 1.56874859333, "median": 0.652501285076}, "spectral_spread": {"dmean": 417879.125, "dmean2": 592415.4375, "max": 43202496, "dvar": 548450533376, "mean": 4982783, "dvar2": 855725637632, "min": 932513.125, "var": 17073963008000.0, "median": 4392611}, "barkbands_flatness_db": {"dmean": 0.015935510397, "dmean2": 0.0246358271688, "max": 0.513302385807, "dvar": 0.000261912500719, "mean": 0.111026510596, "dvar2": 0.000611288007349, "min": 0.022583220154, "var": 0.00614970549941, "median": 0.0889968723059}, "pitch_salience": {"dmean": 0.0652165859938, "dmean2": 0.106470920146, "max": 0.916025876999, "dvar": 0.00358276977204, "mean": 0.57685738802, "dvar2": 0.00893133785576, "min": 0.0462738312781, "var": 0.0130767775699, "median": 0.589621186256}, "erbbands_kurtosis": {"dmean": 0.734677493572, "dmean2": 1.15576076508, "max": 107.6222229, "dvar": 3.85819101334, "mean": 0.749404013157, "dvar2": 7.96689081192, "min": -1.81471502781, "var": 34.4494590759, "median": -0.258384466171}, "average_loudness": 0.945964694023, "barkbands_crest": {"dmean": 2.45632100105, "dmean2": 4.01912593842, "max": 26.6051673889, "dvar": 6.01435375214, "mean": 8.19062709808, "dvar2": 15.6058855057, "min": 2.47639918327, "var": 16.7461032867, "median": 7.08069610596}, "hfc": {"dmean": 5.41928005219, "dmean2": 8.07954120636, "max": 105.272193909, "dvar": 40.6972579956, "mean": 28.2647399902, "dvar2": 89.1406555176, "min": 1.06602788946e-16, "var": 272.528167725, "median": 28.6487808228}, "barkbands_kurtosis": {"dmean": 1.90688121319, "dmean2": 3.01473522186, "max": 400.506195068, "dvar": 56.0537033081, "mean": 2.85949754715, "dvar2": 142.105453491, "min": -1.80751359463, "var": 245.323501587, "median": 0.340263366699}, "erbbands": {"dmean": [0.0673951432109, 0.622391402721, 1.56489610672, 3.38258886337, 4.50032424927, 6.1578502655, 8.0958147049, 12.1423597336, 11.7100963593, 25.8738861084, 33.5471496582, 23.7049217224, 21.8073005676, 20.0683078766, 12.0485620499, 19.1124134064, 22.3387794495, 30.1124210358, 27.1890010834, 22.7247867584, 22.0081996918, 19.3869628906, 10.1647853851, 8.19725513458, 14.9391784668, 8.99653911591, 4.57718133926, 2.73931384087, 3.24167656898, 3.04328870773, 1.7726855278, 1.2290314436, 0.719720304012, 0.562703073025, 0.285567462444, 0.144014149904, 0.0414669215679, 0.00790916290134, 0.000901418388821, 2.85360474663e-05], "dmean2": [0.114075765014, 1.04579305649, 2.69968605042, 5.74145364761, 7.6419095993, 10.3512392044, 13.0118427277, 20.2659873962, 18.949420929, 40.8560218811, 52.2017021179, 36.5409240723, 32.6108703613, 31.1630516052, 19.2692966461, 30.0829467773, 34.8382720947, 47.4241828918, 43.3827476501, 36.1613388062, 35.9972610474, 31.811920166, 16.6119670868, 13.6620702744, 24.7060909271, 14.6337823868, 7.48041820526, 4.3882317543, 5.14915657043, 4.7716627121, 2.72566151619, 1.85654485226, 1.05803465843, 0.785810410976, 0.41070920229, 0.213405400515, 0.061145670712, 0.0115408962592, 0.00135333242361, 4.28710154665e-05], "max": [2.11258482933, 16.3461360931, 30.8674583435, 94.7878036499, 178.663619995, 341.140258789, 450.03302002, 425.931091309, 662.729248047, 1052.26501465, 1076.8807373, 1046.85986328, 550.851196289, 732.006286621, 542.904541016, 1018.88079834, 1329.12573242, 1576.4909668, 894.519104004, 805.848632812, 779.158447266, 487.25579834, 268.320404053, 236.441131592, 410.022705078, 223.243774414, 98.8290557861, 60.0382118225, 102.909561157, 96.7829360962, 86.177116394, 54.9590492249, 65.9782104492, 57.6999473572, 24.6607971191, 8.43370819092, 2.08567738533, 0.522362589836, 0.0326644331217, 0.00126249250025], "dvar": [0.0311574973166, 2.46215867996, 9.44080734253, 27.3842449188, 52.3670387268, 187.342590332, 305.58883667, 768.501647949, 762.249267578, 2188.90307617, 4187.55761719, 2646.03222656, 1182.2331543, 1426.05102539, 465.597503662, 1192.70068359, 2226.16650391, 2958.09619141, 1819.88659668, 1818.33496094, 1249.14538574, 749.405822754, 259.3097229, 125.316345215, 499.308105469, 143.916732788, 43.4884109497, 20.7166233063, 39.7883796692, 25.929353714, 9.38141155243, 3.73065376282, 4.6948018074, 3.30560326576, 0.600808262825, 0.121231943369, 0.00799907185137, 0.000276044098428, 4.26417045674e-06, 3.39945338546e-09], "mean": [0.0768027976155, 0.709800958633, 2.19035029411, 5.6600279808, 7.81273937225, 9.0105342865, 12.4591388702, 17.0294628143, 21.8107357025, 53.157043457, 58.3314552307, 42.6701202393, 44.1144676208, 39.4584999084, 24.3912410736, 36.238067627, 42.0905151367, 56.4253158569, 53.7048835754, 46.4421615601, 46.2965812683, 39.888256073, 22.392572403, 20.5971317291, 35.9050216675, 22.3652038574, 10.6866006851, 6.10822582245, 6.59885168076, 6.73930597305, 4.20729255676, 3.08998703957, 1.64247131348, 1.28438329697, 0.67756831646, 0.273598194122, 0.0763924866915, 0.0135291665792, 0.00123262940906, 6.69882938382e-05], "dvar2": [0.0799977555871, 6.13705301285, 26.3532867432, 75.6225967407, 136.426071167, 474.998687744, 729.390380859, 2084.78710938, 1884.93273926, 5241.00341797, 9764.12695312, 6167.42529297, 2613.38305664, 3374.22021484, 1105.28186035, 2926.27929688, 5483.13134766, 7029.31591797, 4530.77246094, 4489.40820312, 3217.37768555, 1973.62866211, 689.97088623, 340.22177124, 1340.52331543, 359.277862549, 112.825088501, 49.7674674988, 96.8792190552, 60.8770980835, 21.0420532227, 7.93522548676, 9.27954101562, 5.60884046555, 1.04251611233, 0.253280520439, 0.0168889071792, 0.000568711722735, 9.18838122743e-06, 7.57935225693e-09], "min": [6.63641542747e-23, 5.40798961383e-22, 2.30915869047e-21, 3.42744387075e-21, 1.60330899479e-20, 1.5746912921e-20, 2.59968245462e-20, 2.83296564349e-20, 7.6788339486e-20, 1.44537533581e-19, 2.40322386027e-19, 2.02004381524e-19, 2.75453522124e-19, 5.3702824604e-19, 7.71554163925e-19, 9.3524462515e-19, 1.70861889662e-18, 2.08600226671e-18, 2.94399825221e-18, 2.47159933349e-18, 3.17762673083e-18, 3.92428461948e-18, 5.23451389434e-18, 5.52976650141e-18, 5.83792726195e-18, 6.62414051389e-18, 8.29344682472e-18, 1.07446658755e-17, 9.4019300569e-18, 9.73865046885e-18, 9.72953162978e-18, 1.11081852849e-17, 1.08598077624e-17, 7.66828770599e-18, 5.4675091662e-18, 3.81631107976e-18, 2.41775876781e-18, 8.88252287756e-19, 2.19898908963e-19, 2.71604269456e-20], "var": [0.025976927951, 2.10945248604, 8.32263660431, 47.427898407, 84.6760177612, 215.434814453, 451.767913818, 796.09197998, 1730.31567383, 6270.48046875, 8359.25097656, 4884.89355469, 3055.78393555, 2890.32275391, 960.035949707, 2223.99804688, 5032.20751953, 5925.29248047, 3395.86938477, 4032.92797852, 2761.43896484, 1643.18591309, 618.46105957, 359.596801758, 1318.32495117, 448.890319824, 95.1075363159, 38.2369995117, 64.0654525757, 53.1441040039, 21.7560825348, 11.1283311844, 11.2203407288, 10.0088195801, 1.7636911869, 0.257196605206, 0.0174888931215, 0.000596762343775, 7.85433257988e-06, 6.06421357574e-09], "median": [0.0263237096369, 0.317363470793, 1.35758280754, 3.44462203979, 5.18528652191, 5.1132068634, 5.99865102768, 8.11876869202, 12.2133731842, 27.9529724121, 28.7236099243, 22.0844764709, 26.5484142303, 25.6698379517, 16.671257019, 21.4958019257, 22.6726722717, 32.6969108582, 39.5453720093, 28.536895752, 32.6856117249, 30.2519302368, 15.4868793488, 17.8118915558, 26.1344642639, 17.7437820435, 9.15412998199, 4.72482681274, 4.45836305618, 4.85491895676, 2.99853205681, 2.20613050461, 0.961293101311, 0.668488025665, 0.401160210371, 0.138752385974, 0.0339125469327, 0.0051414584741, 0.00022288938635, 4.77039357065e-05]}, "spectral_energy": {"dmean": 0.00735561409965, "dmean2": 0.0115487277508, "max": 0.099147759378, "dvar": 8.0373873061e-05, "mean": 0.0287952944636, "dvar2": 0.000188181715203, "min": 9.97013070772e-21, "var": 0.000238825799897, "median": 0.028361748904}, "zerocrossingrate": {"dmean": 0.00875616073608, "dmean2": 0.0105965081602, "max": 0.53076171875, "dvar": 0.000135594833409, "mean": 0.0718306824565, "dvar2": 0.000166630736203, "min": 0, "var": 0.00302080856636, "median": 0.06787109375}, "spectral_energyband_high": {"dmean": 0.000329969072482, "dmean2": 0.000483397918288, "max": 0.0090371677652, "dvar": 2.63110877086e-07, "mean": 0.000997827854007, "dvar2": 5.39545908396e-07, "min": 7.06469677243e-21, "var