{"tonal": {"chords_key": "A", "hpcp_entropy": {"dmean": 0.627577900887, "dmean2": 1.04660511017, "max": 4.58958435059, "dvar": 0.296860456467, "mean": 2.23972511292, "dvar2": 0.759684085846, "min": 0, "var": 0.656390190125, "median": 2.28215932846}, "key_key": "A", "chords_strength": {"dmean": 0.0115465810522, "dmean2": 0.0124064590782, "max": 0.821824789047, "dvar": 0.00042044906877, "mean": 0.516497850418, "dvar2": 0.000721084477846, "min": -1, "var": 0.0125030931085, "median": 0.513397634029}, "key_scale": "minor", "chords_number_rate": 0.00194615637884, "thpcp": [1, 0.671232283115, 0.407354861498, 0.290570855141, 0.248072206974, 0.339465707541, 0.380517423153, 0.327913850546, 0.31404209137, 0.328240722418, 0.285915404558, 0.274795025587, 0.292744964361, 0.388714015484, 0.784391701221, 0.924004673958, 0.538396000862, 0.319093436003, 0.355291157961, 0.430052816868, 0.642079234123, 0.773711502552, 0.585689127445, 0.418723493814, 0.323445886374, 0.192128509283, 0.15013679862, 0.166713535786, 0.18989738822, 0.287477046251, 0.405976206064, 0.383572489023, 0.308737158775, 0.328489124775, 0.478199928999, 0.84599006176], "key_strength": 0.815244615078, "tuning_nontempered_energy_ratio": 0.78277528286, "tuning_frequency": 442.293365479, "chords_changes_rate": 0.0760622769594, "tuning_diatonic_strength": 0.646145761013, "chords_scale": "minor", "chords_histogram": [19.704832077, 0.0810898467898, 8.7414855957, 0.600064873695, 3.30846571922, 2.61109304428, 0.373013287783, 12.9095039368, 0.0486539080739, 17.4829711914, 16.2666225433, 6.51962375641, 1.2163476944, 0.178397670388, 0.989296138287, 0, 0, 0.373013287783, 0, 3.51929926872, 0.470321118832, 2.15699005127, 2.35160565376, 0.0973078161478], "tuning_equal_tempered_deviation": 0.123978868127, "hpcp": {"dmean": [0.161151602864, 0.149430155754, 0.123344101012, 0.132236525416, 0.145761698484, 0.161880418658, 0.161824136972, 0.149569988251, 0.128021329641, 0.0961597263813, 0.0702347233891, 0.0586401820183, 0.0652608498931, 0.0776497349143, 0.0977975353599, 0.120436757803, 0.136453777552, 0.117523998022, 0.116835646331, 0.156376153231, 0.192089512944, 0.175220116973, 0.167751729488, 0.152428761125, 0.103507071733, 0.0839278846979, 0.0980473533273, 0.099823474884, 0.0980279073119, 0.105826258659, 0.1024896577, 0.0950785502791, 0.091610699892, 0.0997113212943, 0.134251832962, 0.165016770363], "dmean2": [0.274407476187, 0.260385721922, 0.216698169708, 0.232964739203, 0.255527615547, 0.275891691446, 0.268446803093, 0.253291666508, 0.222053915262, 0.16556660831, 0.124300628901, 0.105820223689, 0.117420554161, 0.139414668083, 0.169617906213, 0.207792043686, 0.239804044366, 0.207787945867, 0.20370195806, 0.273373156786, 0.329280555248, 0.287005454302, 0.284141927958, 0.270211011171, 0.179256170988, 0.147315129638, 0.167066350579, 0.16483207047, 0.166669934988, 0.182793423533, 0.1745544523, 0.16506254673, 0.159941926599, 0.17547878623, 0.23882766068, 0.283584833145], "max": [1, 1, 1, 1, 1, 1, 1, 1, 1, 1, 1, 1, 1, 1, 1, 1, 1, 1, 1, 1, 1, 1, 1, 1, 1, 1, 1, 1, 1, 1, 1, 1, 1, 1, 1, 1], "dvar": [0.0511183738708, 0.0453208871186, 0.0410468615592, 0.0468912944198, 0.0495217479765, 0.045927554369, 0.0453603491187, 0.0392443686724, 0.0413832329214, 0.0315769352019, 0.0218973867595, 0.0173815749586, 0.0206623114645, 0.0269532632083, 0.0316291078925, 0.0412286780775, 0.047983519733, 0.0379503034055, 0.0367024578154, 0.0476558953524, 0.0530108809471, 0.0467174835503, 0.0405902899802, 0.0519731342793, 0.0291595831513, 0.0274589303881, 0.0326368883252, 0.0311678126454, 0.0303766783327, 0.0336928106844, 0.0336901545525, 0.0302510298789, 0.0278497077525, 0.0326336361468, 0.0440821386874, 0.0510777235031], "mean": [0.322653740644, 0.188002809882, 0.111424431205, 0.124064326286, 0.150170400739, 0.224208027124, 0.270172774792, 0.204517140985, 0.146214306355, 0.11294426024, 0.0670894682407, 0.0524263568223, 0.0582147985697, 0.0663103833795, 0.100384280086, 0.141763076186, 0.133939906955, 0.107808113098, 0.114705309272, 0.166982918978, 0.295411765575, 0.349190592766, 0.234387993813, 0.142244488001, 0.101464614272, 0.0866244807839, 0.118538230658, 0.132873103023, 0.114504426718, 0.109660543501, 0.114618569613, 0.0998389646411, 0.0959558412433, 0.102223783731, 0.135735273361, 0.273902207613], "dvar2": [0.12210547179, 0.121327139437, 0.108984798193, 0.121641539037, 0.130682751536, 0.118736065924, 0.105924427509, 0.101133383811, 0.108033493161, 0.0786016508937, 0.0584396310151, 0.048307068646, 0.0576992332935, 0.0752442330122, 0.0848926454782, 0.105238296092, 0.12840808928, 0.101376473904, 0.0943342372775, 0.126903116703, 0.140422835946, 0.106446735561, 0.108176290989, 0.139229297638, 0.0755155012012, 0.0736311599612, 0.0848865061998, 0.0727012455463, 0.0794696435332, 0.091510348022, 0.0833724662662, 0.0793321728706, 0.0755735635757, 0.0868276506662, 0.117779165506, 0.132778868079], "min": [0, 0, 0, 0, 0, 0, 0, 0, 0, 0, 0, 0, 0, 0, 0, 0, 0, 0, 0, 0, 0, 0, 0, 0, 0, 0, 0, 0, 0, 0, 0, 0, 0, 0, 0, 0], "var": [0.136406227946, 0.0606678128242, 0.0402561314404, 0.0502107255161, 0.0579805970192, 0.0757520645857, 0.10368590802, 0.0649430006742, 0.0573039203882, 0.0478348992765, 0.0218790341169, 0.0134641164914, 0.0160436742008, 0.021899048239, 0.0370619148016, 0.0636726617813, 0.0554719381034, 0.0388218611479, 0.0426416993141, 0.0621976293623, 0.0937576889992, 0.118602357805, 0.0650962069631, 0.0514363124967, 0.0322390832007, 0.0318113192916, 0.0452438443899, 0.0540179312229, 0.0414677076042, 0.0389054901898, 0.0446890331805, 0.0342347286642, 0.0292653311044, 0.0355063043535, 0.0461154915392, 0.105072230101], "median": [0.128100097179, 0.0760245919228, 0.0242408998311, 0.0226218793541, 0.0354960858822, 0.099374063313, 0.115705698729, 0.0899973511696, 0.0338908210397, 0.0194197092205, 0.0145089579746, 0.0152079928666, 0.0161636993289, 0.0165554173291, 0.0192656461149, 0.023110318929, 0.0221904180944, 0.0233322232962, 0.0252586305141, 0.046246804297, 0.173970669508, 0.216909661889, 0.130360469222, 0.044114690274, 0.0277464464307, 0.0167852938175, 0.0265902839601, 0.0283844806254, 0.0248670242727, 0.022150285542, 0.0212602075189, 0.0256042499095, 0.0315634384751, 0.0287809986621, 0.0456910952926, 0.111342012882]}}, "lowlevel": {"melbands_flatness_db": {"dmean": 0.0327886864543, "dmean2": 0.0475905314088, "max": 0.762355625629, "dvar": 0.0015235216124, "mean": 0.244791164994, "dvar2": 0.00290057319216, "min": 0.00382966431789, "var": 0.00913863722235, "median": 0.225826457143}, "melbands_crest": {"dmean": 2.97859072685, "dmean2": 4.96602153778, "max": 39.813293457, "dvar": 7.14698505402, "mean": 13.3439540863, "dvar2": 19.50233078, "min": 1.74056959152, "var": 23.2194061279, "median": 12.6232280731}, "spectral_entropy": {"dmean": 0.262952625751, "dmean2": 0.366044312716, "max": 9.81902217865, "dvar": 0.104197539389, "mean": 7.24605798721, "dvar2": 0.187252864242, "min": 4.0186920166, "var": 0.467143595219, "median": 7.26442670822}, "melbands": {"dmean": [0.000534808437806, 0.00112615071703, 0.000780607981142, 0.000421611359343, 0.000243385075009, 0.000145932586747, 0.000165775374626, 0.000179457958438, 7.98078617663e-05, 9.67040614341e-05, 8.8829867309e-05, 4.88079822389e-05, 3.55774245691e-05, 2.10947728192e-05, 2.91690848826e-05, 3.26565568685e-05, 3.46256856574e-05, 2.34080725932e-05, 1.5351572074e-05, 1.23175477711e-05, 7.77064269641e-06, 8.96055735211e-06, 1.04545324575e-05, 8.82996755536e-06, 6.31252714811e-06, 4.91442915518e-06, 3.94025164496e-06, 3.31280398314e-06, 2.66203051069e-06, 2.18553259401e-06, 2.20283436647e-06, 1.63688980592e-06, 1.32258242047e-06, 1.36644871418e-06, 1.09561801764e-06, 9.77008539849e-07, 1.19077935778e-06, 7.99170550181e-07, 8.26106145269e-07, 7.51614948058e-07], "dmean2": [0.000866510556079, 0.00200894265436, 0.00132598646451, 0.000698558345903, 0.000392907124478, 0.000225546347792, 0.000266273011221, 0.000290266092634, 0.00012006565521, 0.000142516873893, 0.000134152651299, 7.57461748435e-05, 5.75210142415e-05, 3.40968217643e-05, 4.57902751805e-05, 4.87241049996e-05, 5.06761243741e-05, 3.45619591826e-05, 2.38108495978e-05, 1.9191440515e-05, 1.24137795865e-05, 1.419509681e-05, 1.64482044056e-05, 1.43329389175e-05, 1.02812045952e-05, 8.1458765635e-06, 6.49675894238e-06, 5.04250965605e-06, 4.1659609451e-06, 3.64012703358e-06, 3.74716682927e-06, 2.70589998763e-06, 2.05835181077e-06, 2.2139624889e-06, 1.7611828298e-06, 1.47945706885e-06, 1.70818691458e-06, 1.18890807244e-06, 1.24813243474e-06, 1.11509746148e-06], "max": [0.0165063533932, 0.0341247804463, 0.0184032730758, 0.010102330707, 0.00884187500924, 0.0108702005818, 0.0089729372412, 0.00939851254225, 0.00530352536589, 0.0101034138352, 0.0120401280001, 0.00785455945879, 0.00241059926338, 0.00193547690287, 0.00245636957698, 0.00657957373187, 0.00397850200534, 0.00254376512021, 0.00102486961987, 0.000824958086014, 0.000899302947801, 0.00145338184666, 0.000617912097368, 0.000690366723575, 0.00051966146566, 0.00031554501038, 0.000305349036353, 0.000275104481261, 0.000145580677781, 0.000182405143278, 0.000150108709931, 6.13497031736e-05, 0.00012090310338, 8.02470603958e-05, 6.40329017187e-05, 9.70894252532e-05, 0.000194268388441, 0.000112766196253, 0.000129859428853, 0.000182823539944], "dvar": [1.59927924415e-06, 7.14662110113e-06, 1.47407718032e-06, 3.81232098334e-07, 1.47440999854e-07, 7.73149011479e-08, 1.31264457082e-07, 1.72797626874e-07, 4.05866025233e-08, 9.21039315926e-08, 1.08690329625e-07, 2.58106158668e-08, 8.09972178217e-09, 2.73881362034e-09, 7.80993048011e-09, 1.57149759872e-08, 1.24261481105e-08, 4.10457756672e-09, 1.17317244808e-09, 7.58597074046e-10, 3.9868430779e-10, 7.04732938672e-10, 4.92973439847e-10, 3.7313915846e-10, 1.64861235774e-10, 1.23378432471e-10, 1.11902036248e-10, 5.99506624899e-11, 3.13990153322e-11, 3.00894170691e-11, 4.68431265999e-11, 1.50662329834e-11, 1.06677869663e-11, 1.12194038782e-11, 7.05013131208e-12, 9.04416732478e-12, 2.07213395748e-11, 1.00301598624e-11, 1.23501408753e-11, 1.15241679047e-11], "mean": [0.000696385861374, 0.00131220347248, 0.00113286101259, 0.000819293549284, 0.000535956060048, 0.000312882621074, 0.000289900606731, 0.000289501418592, 0.000161643256433, 0.000215506152017, 0.000190618695342, 8.41113142087e-05, 5.9570891608e-05, 3.31321934937e-05, 5.27369629708e-05, 6.46279295324e-05, 7.14843044989e-05, 4.79902118968e-05, 2.89662493742e-05, 2.11779042729e-05, 1.29769014166e-05, 1.60586932907e-05, 1.94235490198e-05, 1.49857032739e-05, 1.04479777292e-05, 7.22611412129e-06, 5.21914671481e-06, 5.82794564252e-06, 4.32334263678e-06, 2.38014831666e-06, 2.05361266126e-06, 1.63932520536e-06, 1.49092250012e-06, 1.4770123471e-06, 1.21268681141e-06, 1.26595114125e-06, 1.59024807544e-06, 1.10632117867e-06, 1.05616550172e-06, 9.81913444775e-07], "dvar2": [3.91193179894e-06, 2.01607763302e-05, 4.04721004088e-06, 1.04299920167e-06, 3.83212267252e-07, 1.77960643555e-07, 3.20460515013e-07, 4.4218515427e-07, 8.50111518957e-08, 2.03825166523e-07, 2.36780138607e-07, 5.00544494741e-08, 2.05311625479e-08, 6.49085363236e-09, 1.93739548848e-08, 3.49072664108e-08, 2.39636133159e-08, 8.23864354516e-09, 2.61765098486e-09, 1.73976766327e-09, 9.86350445764e-10, 1.50909651442e-09, 1.13330567153e-09, 9.12608211223e-10, 4.22216733797e-10, 3.08958691964e-10, 2.90134721803e-10, 1.32675689879e-10, 6.92782983758e-11, 7.51818815536e-11, 1.28886873396e-10, 3.80477906126e-11, 2.35393649017e-11, 2.67544666976e-11, 1.66440524557e-11, 1.82664872811e-11, 3.56718855843e-11, 2.05281139309e-11, 2.45383036807e-11, 2.21285472585e-11], "min": [1.34255034447e-24, 2.60435505604e-24, 1.54241584759e-24, 5.59248887172e-25, 1.27134529397e-24, 1.7700080366e-24, 3.3573722911e-24, 3.3244385316e-24, 1.81794849431e-24, 1.98739345017e-24, 2.71527619628e-24, 1.83271104008e-24, 4.00395306016e-24, 4.03409070219e-24, 4.20519581582e-24, 3.39351277018e-24, 3.69594784174e-24, 3.39565255538e-24, 3.8128660998e-24, 3.8060972788e-24, 4.4953420122e-24, 4.20014040071e-24, 4.05775771263e-24, 4.17461877827e-24, 5.19836104587e-24, 5.26691700284e-24, 5.70151191401e-24, 3.50302599092e-24, 4.89466774116e-24, 6.65654636891e-24, 4.69942072281e-24, 5.72706430202e-24, 6.01376199296e-24, 7.00842014227e-24, 4.74403475131e-24, 6.00043694898e-24, 6.27034097453e-24, 6.19090899226e-24, 7.01326374823e-24, 7.33238322794e-24], "var": [1.64189987117e-06, 5.20100002177e-06, 1.70652810993e-06, 8.86655641352e-07, 4.23134878247e-07, 2.7394040103e-07, 2.79287206695e-07, 2.92835380833e-07, 1.26396173528e-07, 2.91877910286e-07, 3.8853650608e-07, 8.88220128559e-08, 2.05878922799e-08, 6.16079054439e-09, 1.88128641554e-08, 4.09561238257e-08, 4.92317866474e-08, 1.67289826436e-08, 3.59198693012e-09, 1.90962023972e-09, 9.08724095972e-10, 2.16018758437e-09, 1.47124834537e-09, 1.09837683393e-09, 4.95411878187e-10, 2.37762476374e-10, 1.28436761226e-10, 1.52351964378e-10, 7.49935183397e-11, 3.21339066467e-11, 3.49210556305e-11, 1.6899249361e-11, 1.70920760184e-11, 1.58009907242e-11, 1.10500887954e-11, 1.98869098272e-11, 5.21029781819e-11, 2.39547184172e-11, 2.8499381674e-11, 2.71805356e-11], "median": [0.000303594919387, 0.000679385091644, 0.000737453461625, 0.000525910116266, 0.000325793051161, 0.000119420612464, 9.96340968413e-05, 0.000103708298411, 3.85214516427e-05, 3.22945925291e-05, 2.34250110225e-05, 1.56108126248e-05, 1.30874686874e-05, 8.91446052265e-06, 9.91966226138e-06, 9.13544863579e-06, 9.51628499024e-06, 1.0365010894e-05, 8.51188633533e-06, 5.93558388573e-06, 3.44108821082e-06, 4.19991420131e-06, 5.14444082e-06, 3.76885259357e-06, 2.54747851614e-06, 1.81735003935e-06, 1.17731099181e-06, 1.15362979614e-06, 9.58685518526e-07, 4.8549748044e-07, 2.73738976375e-07, 1.61062672532e-07, 1.63174462386e-07, 1.58391884497e-07, 1.42467172282e-07, 1.41557137567e-07, 1.59316499548e-07, 1.24293421777e-07, 7.31086160499e-08, 8.14009268879e-08]}, "silence_rate_60dB": {"dmean": 0.0253041367978, "dmean2": 0.0506123788655, "max": 1, "dvar": 0.0246643926948, "mean": 0.0870975553989, "dvar2": 0.0560015514493, "min": 0, "var": 0.0795042365789, "median": 0}, "spectral_energyband_middle_high": {"dmean": 0.00161251449026, "dmean2": 0.00235991505906, "max": 0.138987317681, "dvar": 1.04571336124e-05, "mean": 0.00438815774396, "dvar2": 1.91463623196e-05, "min": 1.21283913385e-21, "var": 6.98296717019e-05, "median": 0.00170739635359}, "erbbands_skewness": {"dmean": 0.420744866133, "dmean2": 0.636927366257, "max": 6.74254417419, "dvar": 0.237886235118, "mean": 0.515276551247, "dvar2": 0.506171405315, "min": -4.80412626266, "var": 0.992691874504, "median": 0.40930724144}, "dynamic_complexity": 4.25618171692, "dissonance": {"dmean": 0.0201226677746, "dmean2": 0.0327678360045, "max": 0.500000238419, "dvar": 0.000387831969419, "mean": 0.455646842718, "dvar2": 0.000982058700174, "min": 0.192653685808, "var": 0.00109211460222, "median": 0.463140517473}, "spectral_skewness": {"dmean": 0.379276156425, "dmean2": 0.581044316292, "max": 14.2836675644, "dvar": 0.277510911226, "mean": 1.98408234119, "dvar2": 0.57198882103, "min": -0.481210023165, "var": 1.07189583778, "median": 1.78698670864}, "spectral_kurtosis": {"dmean": 3.36434340477, "dmean2": 5.36541318893, "max": 274.267211914, "dvar": 54.9624290466, "mean": 8.07039070129, "dvar2": 122.059028625, "min": -1.3998773098, "var": 143.516113281, "median": 5.53235006332}, "gfcc": {"cov": [[20024.1875, -1219.42370605, -2645.33422852, -170.019714355, -1298.95007324, 167.404724121, -568.789489746, 477.018737793, -434.092010498, 346.367523193, -193.042190552, -79.6850814819, -331.422393799], [-1219.42370605, 1861.00183105, -199.632522583, -234.513641357, 249.640472412, -295.107055664, 106.020606995, -108.553970337, 104.169883728, -178.723342896, 179.621856689, -194.961624146, 144.25692749], [-2645.33422852, -199.632522583, 1376.30236816, 199.996444702, 99.6052398682, 168.566711426, 42.4014625549, -94.3713531494, 55.9226074219, 0.511491775513, -62.999294281, 163.642654419, -4.87141513824], [-170.019714355, -234.513641357, 199.996444702, 482.344512939, 51.2592811584, 18.6692371368, 0.556083381176, -40.6844215393, 78.305229187, 3.05340695381, -37.5365028381, 49.5078735352, 13.4979305267], [-1298.95007324, 249.640472412, 99.6052398682, 51.2592811584, 346.709564209, -31.7562885284, 60.5095596313, -10.6697597504, 48.2136878967, -35.4664955139, -6.32380962372, -7.99336147308, 37.4595108032], [167.404724121, -295.107055664, 168.566711426, 18.6692371368, -31.7562885284, 282.062408447, 82.2741012573, 7.25229930878, -44.1153030396, 15.5846319199, -34.3881149292, 29.8464164734, -33.3965606689], [-568.789489746, 106.020606995, 42.4014625549, 0.556083381176, 60.5095596313, 82.2741012573, 285.039733887, -2.16583561897, -27.7160301208, -35.0063781738, 19.34856987, -25.8190441132, -16.7514019012], [477.018737793, -108.553970337, -94.3713531494, -40.6844215393, -10.6697597504, 7.25229930878, -2.16583561897, 152.896911621, -1.54911541939, 10.2631864548, -1.91370546818, -15.1356945038, -25.445772171], [-434.092010498, 104.169883728, 55.9226074219, 78.305229187, 48.2136878967, -44.1153030396, -27.7160301208, -1.54911541939, 144.127044678, 6.89011287689, -9.50372123718, 6.92714691162, 32.707698822], [346.367523193, -178.723342896, 0.511491775513, 3.05340695381, -35.4664955139, 15.5846319199, -35.0063781738, 10.2631864548, 6.89011287689, 117.31993866, 1.365852952, 11.0039596558, -23.7710380554], [-193.042190552, 179.621856689, -62.999294281, -37.5365028381, -6.32380962372, -34.3881149292, 19.34856987, -1.91370546818, -9.50372123718, 1.365852952, 120.678962708, -22.0482082367, -10.2127714157], [-79.6850814819, -194.961624146, 163.642654419, 49.5078735352, -7.99336147308, 29.8464164734, -25.8190441132, -15.1356945038, 6.92714691162, 11.0039596558, -22.0482082367, 130.229690552, 12.6450929642], [-331.422393799, 144.25692749, -4.87141513824, 13.4979305267, 37.4595108032, -33.3965606689, -16.7514019012, -25.445772171, 32.707698822, -23.7710380554, -10.2127714157, 12.6450929642, 113.805404663]], "mean": [-49.3995704651, 111.224227905, -99.0489654541, 32.3786888123, -49.6805000305, 9.33745956421, -43.4954681396, 7.75429296494, -26.2254219055, -0.128105506301, -15.7114372253, -6.8570933342, -11.0682477951], "icov": [[0.000150557942106, -0.000230873032706, 0.000313286436722, -0.000256281957263, 0.000452477979707, -0.000268358417088, 0.000257646897808, -0.000395822280552, 0.000441292213509, -0.000427824590588, 0.000569302937947, -0.000382652826374, 0.000374061142793], [-0.000230873032706, 0.00195943657309, -0.00060407462297, 0.00123323942535, -0.00128769432195, 0.0013222763082, -0.00081216765102, 0.00163958827034, -0.00184363557491, 0.00224518659525, -0.00264069647528, 0.00236296304502, -0.00176998064853], [0.000313286436722, -0.00060407462297, 0.00168765056878, -0.00074831652455, 0.000696091505233, -0.0011613672832, 0.000526695745066, -0.000356959993951, 0.000588805880398, -0.00088642234914, 0.00146049179602, -0.00200914382003, 0.00126676517539], [-0.000256281957263, 0.00123323942535, -0.00074831652455, 0.00338260969147, -0.00123858463485, 0.000807876349427, -0.000759561429732, 0.00176827015821, -0.00267512374558, 0.00157349172514, -0.0013947985135, 0.001003346988, -0.000953624781687], [0.000452477979707, -0.00128769432195, 0.000696091505233, -0.00123858463485, 0.00504501955584, -0.000577125872951, 3.87227155443e-05, -0.00172706705052, 0.00094870198518, -0.0013069100678, 0.00258598662913, -0.00138148711994, 0.000756169785745], [-0.000268358417088, 0.0013222763082, -0.0011613672832, 0.000807876349427, -0.000577125872951, 0.00595276197419, -0.00225900299847, 0.000836905092001, -0.000117443283671, 0.00082717667101, -0.000589384115301, 0.0011299046455, -0.000783597643021], [0.000257646897808, -0.00081216765102, 0.000526695745066, -0.000759561429732, 3.87227155443e-05, -0.00225900299847, 0.00509268604219, -0.000844279536977, 0.00154380977619, 0.000131514883833, 0.0003982015769, -0.000162879208801, 0.00141522265039], [-0.000395822280552, 0.00163958827034, -0.000356959993951, 0.00176827015821, -0.00172706705052, 0.000836905092001, -0.000844279536977, 0.00905486848205, -0.00277380365878, 0.00193077733275, -0.00211944477633, 0.00219909101725, 2.4296441552e-05], [0.000441292213509, -0.00184363557491, 0.000588805880398, -0.00267512374558, 0.00094870198518, -0.000117443283671, 0.00154380977619, -0.00277380365878, 0.0112759787589, -0.00361907924525, 0.00321457302198, -0.00186704995576, -0.000275859609246], [-0.000427824590588, 0.00224518659525, -0.00088642234914, 0.00157349172514, -0.0013069100678, 0.00082717667101, 0.000131514883833, 0.00193077733275, -0.00361907924525, 0.0125768976286, -0.00387909146957, 0.00207896018401, -0.000104427250335], [0.000569302937947, -0.00264069647528, 0.00146049179602, -0.0013947985135, 0.00258598662913, -0.000589384115301, 0.0003982015769, -0.00211944477633, 0.00321457302198, -0.00387909146957, 0.0134319830686, -0.00269877212122, 0.0035648487974], [-0.000382652826374, 0.00236296304502, -0.00200914382003, 0.001003346988, -0.00138148711994, 0.0011299046455, -0.000162879208801, 0.00219909101725, -0.00186704995576, 0.00207896018401, -0.00269877212122, 0.0128364954144, -0.00375821138732], [0.000374061142793, -0.00176998064853, 0.00126676517539, -0.000953624781687, 0.000756169785745, -0.000783597643021, 0.00141522265039, 2.4296441552e-05, -0.000275859609246, -0.000104427250335, 0.0035648487974, -0.00375821138732, 0.0128170307726]]}, "spectral_complexity": {"dmean": 4.10056781769, "dmean2": 6.22353792191, "max": 59, "dvar": 33.4550895691, "mean": 15.4923362732, "dvar2": 73.7133331299, "min": 0, "var": 106.963539124, "median": 14}, "spectral_flux": {"dmean": 0.0238923747092, "dmean2": 0.037217322737, "max": 0.384082764387, "dvar": 0.00103938137181, "mean": 0.0729333683848, "dvar2": 0.00207909429446, "min": 6.44407721628e-11, "var": 0.0023634545505, "median": 0.0635964646935}, "spectral_energyband_low": {"dmean": 0.00503946887329, "dmean2": 0.0086447102949, "max": 0.133291319013, "dvar": 0.000118622221635, "mean": 0.00712461257353, "dvar2": 0.000317779020406, "min": 2.64128885309e-23, "var": 0.000106812396552, "median": 0.0041660037823}, "spectral_decrease": {"dmean": 2.1767641023e-09, "dmean2": 3.54340734532e-09, "max": 5.25648918808e-18, "dvar": 1.24826608508e-17, "mean": -5.64707125505e-09, "dvar2": 3.16989308841e-17, "min": -4.90162648248e-08, "var": 2.62329495205e-17, "median": -4.33854285831e-09}, "barkbands_spread": {"dmean": 5.97851467133, "dmean2": 9.07534503937, "max": 130.792739868, "dvar": 78.023223877, "mean": 17.996925354, "dvar2": 155.200973511, "min": 0.473555117846, "var": 228.364257813, "median": 14.7495689392}, "spectral_rms": {"dmean": 0.000827260664664, "dmean2": 0.00130296894349, "max": 0.0136845484376, "dvar": 1.15100226594e-06, "mean": 0.00425933953375, "dvar2": 2.72613556263e-06, "min": 3.11531074375e-12, "var": 4.13061115978e-06, "median": 0.00413227453828}, "spectral_centroid": {"dmean": 260.945220947, "dmean2": 398.192138672, "max": 11590.7734375, "dvar": 137398.3125, "mean": 1032.41906738, "dvar2": 294482.875, "min": 130.770111084, "var": 664723.875, "median": 905.264892578}, "barkbands_skewness": {"dmean": 0.605290293694, "dmean2": 0.937338709831, "max": 24.9288330078, "dvar": 0.496633112431, "mean": 1.92390096188, "dvar2": 1.20732975006, "min": -3.42077350616, "var": 2.46121954918, "median": 1.71285521984}, "spectral_rolloff": {"dmean": 432.070526123, "dmean2": 722.556091309, "max": 19466.015625, "dvar": 988158.5625, "mean": 1177.53527832, "dvar2": 1996154.125, "min": 21.533203125, "var": 3251220.75, "median": 645.99609375}, "erbbands_spread": {"dmean": 9.80053710938, "dmean2": 14.934220314, "max": 172.654891968, "dvar": 167.001220703, "mean": 39.94789505, "dvar2": 360.33215332, "min": 1.48395681381, "var": 519.823913574, "median": 35.8128356934}, "barkbands": {"dmean": [0.000283650209894, 0.00210161088035, 0.00264121987857, 0.00174999085721, 0.00172449008096, 0.000878348422702, 0.00106666015927, 0.000413112429669, 0.000720904150512, 0.000440263509518, 0.000288952171104, 0.000204705283977, 0.000334916112479, 0.000342799088685, 0.000226605407079, 0.000150112144183, 0.000150821433635, 0.000187182973605, 0.000135932743433, 0.000108650652692, 9.28442750592e-05, 7.43467899156e-05, 6.71793604852e-05, 7.61063856771e-05, 7.65206714277e-05, 3.45814514731e-05, 3.29068257088e-06], "dmean2": [0.000462510739453, 0.00353733706288, 0.0047017657198, 0.00294007291086, 0.00285124219954, 0.00137125537731, 0.00172318588011, 0.000647124368697, 0.00107451586518, 0.000664827006403, 0.000467993289931, 0.00032884182292, 0.00050712301163, 0.000501112488564, 0.000349510926753, 0.000237254585954, 0.000237291445956, 0.00029805774102, 0.000224477771553, 0.000168222628417, 0.000153563727508, 0.000117624251288, 0.00010574204498, 0.000109006359708, 0.000110823559226, 5.17617481819e-05, 5.53500467504e-06], "max": [0.00898979883641, 0.0737276077271, 0.0688760653138, 0.0413126647472, 0.037875674665, 0.0535072982311, 0.0549791716039, 0.0224371626973, 0.0713331997395, 0.0894614234567, 0.0239650942385, 0.0132050421089, 0.0619031041861, 0.0404857210815, 0.0228049550205, 0.0105057172477, 0.0192225910723, 0.0112081328407, 0.00791198760271, 0.00824757292867, 0.00461296504363, 0.00343854352832, 0.00347305089235, 0.0103780841455, 0.0138848032802, 0.0077550644055, 0.000247096031671], "dvar": [2.82187670564e-07, 2.71442313533e-05, 3.21841689583e-05, 6.96551887813e-06, 6.14096779827e-06, 2.73757814284e-06, 5.31916475666e-06, 9.58978489507e-07, 5.30067472937e-06, 2.89020022137e-06, 5.43231294614e-07, 2.59549949533e-07, 1.4865971707e-06, 1.11234533051e-06, 2.87603256766e-07, 1.17362439767e-07, 1.48766801544e-07, 1.64981287298e-07, 8.0442880801e-08, 6.00031313525e-08, 5.14118383421e-08, 2.8484047121e-08, 2.48919498347e-08, 7.62642002883e-08, 9.99075595587e-08, 1.7643383643e-08, 1.46721801375e-10], "mean": [0.000351670867531, 0.0025768391788, 0.00297688203864, 0.00234049768187, 0.00343751301989, 0.00181559857447, 0.00179431308061, 0.000711022992618, 0.00161457702052, 0.000876402540598, 0.000457516143797, 0.000329839764163, 0.000629129644949, 0.000695274735335, 0.000444012694061, 0.00025393354008, 0.000280319567537, 0.000337300560204, 0.000207743170904, 0.000180268369149, 0.000107327621663, 8.06322641438e-05, 7.78406101745e-05, 0.00010758593271, 0.000102846999653, 3.97020012315e-05, 2.85246596832e-06], "dvar2": [6.6771690399e-07, 7.09414816811e-05, 9.02823812794e-05, 1.89574166143e-05, 1.6675763618e-05, 6.79169761497e-06, 1.30773023557e-05, 2.27805549002e-06, 1.19287924463e-05, 5.52941719434e-06, 1.42495434829e-06, 6.32856597349e-07, 3.36867856277e-06, 2.12245799958e-06, 6.34562013602e-07, 2.81980959471e-07, 3.16906465514e-07, 3.97159823251e-07, 2.0039077242e-07, 1.36098051939e-07, 1.32305231659e-07, 6.75498199598e-08, 5.60415571726e-08, 1.29154855699e-07, 1.66281722613e-07, 3.40193828663e-08, 3.85937393155e-10], "min": [2.56245342716e-25, 2.27137706516e-24, 3.18586623891e-24, 1.23434288574e-24, 2.43503967059e-24, 9.56271941008e-24, 1.31036880328e-23, 1.10345871311e-23, 1.16647150227e-23, 1.37005196833e-23, 1.32772942299e-23, 3.9576085075e-23, 3.16982550182e-23, 3.30095248584e-23, 4.57788257975e-23, 7.32182448249e-23, 7.34279366753e-23, 1.12684867561e-22, 1.45919564876e-22, 1.77692484001e-22, 3.1442693115e-22, 3.53530475921e-22, 4.18238931062e-22, 6.04061920424e-22, 8.88505068981e-22, 1.35139229035e-21, 1.83813991614e-21], "var": [3.98003408009e-07, 2.35088336922e-05, 2.53891903412e-05, 8.71416887094e-06, 1.50848090925e-05, 8.41503879201e-06, 1.05371282189e-05, 2.02022283702e-06, 1.61567841133e-05, 1.08665044536e-05, 1.22427843507e-06, 6.61395347379e-07, 3.51226663042e-06, 4.41452220912e-06, 1.03129150375e-06, 2.7355250154e-07, 4.91308924211e-07, 4.89089302391e-07, 1.71538175664e-07, 1.3082500061e-07, 5.40669802263e-08, 3.94822627925e-08, 4.33059774707e-08, 2.14865224279e-07, 2.82803313212e-07, 3.3525914489e-08, 1.16641446501e-10], "median": [0.000114589674922, 0.00115004810505, 0.00146983982995, 0.0013823005138, 0.00217954604886, 0.000727549253497, 0.000637308927253, 0.000223056267714, 0.000235630010138, 0.000130326938233, 9.13868789212e-05, 7.83610666986e-05, 9.07524954528e-05, 0.000100656012364, 0.000122957222629, 6.91803361406e-05, 7.50235631131e-05, 8.64759495016e-05, 5.31940859219e-05, 3.9031572669e-05, 2.46750678343e-05, 9.00047416508e-06, 9.25535823626e-06, 1.14104641398e-05, 8.01225269242e-06, 2.12539998756e-06, 6.63990888938e-08]}, "melbands_kurtosis": {"dmean": 10.0483779907, "dmean2": 16.0403461456, "max": 781.146789551, "dvar": 475.56930542, "mean": 20.5732383728, "dvar2": 1162.9519043, "min": -1.93582677841, "var": 1436.74816895, "median": 10.7550287247}, "erbbands_crest": {"dmean": 2.3219602108, "dmean2": 3.74120998383, "max": 28.750005722, "dvar": 5.13428592682, "mean": 8.67878246307, "dvar2": 13.1048755646, "min": 2.22048640251, "var": 14.0077342987, "median": 7.99159955978}, "melbands_skewness": {"dmean": 0.802485346794, "dmean2": 1.25931799412, "max": 25.0573787689, "dvar": 0.929154336452, "mean": 3.00261569023, "dvar2": 2.21760010719, "min": -0.745153903961, "var": 3.91876769066, "median": 2.67857098579}, "spectral_energyband_middle_low": {"dmean": 0.00430434662849, "dmean2": 0.00681807473302, "max": 0.0918633714318, "dvar": 3.09197093884e-05, "mean": 0.0120995938778, "dvar2": 7.40890391171e-05, "min": 2.02861110115e-22, "var": 0.000115569309855, "median": 0.00952037330717}, "spectral_contrast_coeffs": {"dmean": [0.0478758886456, 0.0464877746999, 0.0373080186546, 0.0316401384771, 0.0252660345286, 0.0240964330733], "dmean2": [0.0804173573852, 0.07447232306, 0.0597883798182, 0.0486507676542, 0.0381854772568, 0.0390709117055], "max": [-0.32838138938, -0.360082000494, -0.43244600296, -0.497061550617, -0.562492191792, -0.606927871704], "dvar": [0.00151688081678, 0.00160670070909, 0.00112182367593, 0.000813607766759, 0.000557408260647, 0.000706640479621], "mean": [-0.630354642868, -0.704819321632, -0.768853187561, -0.768364131451, -0.781759381294, -0.798501074314], "dvar2": [0.00422839866951, 0.00398774212226, 0.00260966154747, 0.00174653239083, 0.00111941737123, 0.00178639020305], "min": [-0.976926922798, -0.992562234402, -0.996080577374, -0.995693087578, -0.994235098362, -0.972432374954], "var": [0.00605812575668, 0.00803067628294, 0.00672503234819, 0.00567503087223, 0.00420834776014, 0.00203744438477], "median": [-0.631448149681, -0.705727517605, -0.780803263187, -0.777198374271, -0.792330205441, -0.801986813545]}, "spectral_contrast_valleys": {"dmean": [0.392193168402, 0.406270384789, 0.448693037033, 0.410296589136, 0.454823166132, 0.499256581068], "dmean2": [0.640269577503, 0.62657481432, 0.67210739851, 0.585102319717, 0.626341760159, 0.640286386013], "max": [-4.87957668304, -4.57461500168, -5.29029512405, -5.60846567154, -5.66402816772, -7.32253313065], "dvar": [0.137222126126, 0.174697086215, 0.271162629128, 0.223157018423, 0.325132161379, 0.345180124044], "mean": [-7.26598930359, -7.24168634415, -7.94798278809, -8.31531143188, -8.34376907349, -10.7579565048], "dvar2": [0.308949112892, 0.363751828671, 0.55606418848, 0.404731243849, 0.649407804012, 0.579572916031], "min": [-27.7086334229, -27.8197193146, -27.6929969788, -27.7200126648, -27.6025314331, -27.3914203644], "var": [2.25830316544, 2.71387410164, 2.87703061104, 2.79932045937, 2.94035744667, 2.95722723007], "median": [-7.03247261047, -6.98193979263, -7.65657567978, -8.0168390274, -8.07901954651, -10.6249933243]}, "silence_rate_20dB": {"dmean": 0, "dmean2": 0, "max": 1, "dvar": 0, "mean": 1, "dvar2": 0, "min": 1, "var": 0, "median": 1}, "silence_rate_30dB": {"dmean": 0.00340632605366, "dmean2": 0.00681320484728, "max": 1, "dvar": 0.00339465402067, "mean": 0.995864093304, "dvar2": 0.00822644215077, "min": 0, "var": 0.00411862554029, "median": 1}, "spectral_strongpeak": {"dmean": 0.409403562546, "dmean2": 0.692749619484, "max": 12.631316185, "dvar": 0.546343028545, "mean": 0.750768840313, "dvar2": 1.36291182041, "min": 0, "var": 1.19162070751, "median": 0.35860490799}, "spectral_spread": {"dmean": 829717.4375, "dmean2": 1186704, "max": 42578016, "dvar": 1285027397630.0, "mean": 4549489.5, "dvar2": 2316126912510.0, "min": 426413.78125, "var": 8238251638780.0, "median": 3850204.75}, "barkbands_flatness_db": {"dmean": 0.0280386283994, "dmean2": 0.0407730378211, "max": 0.597850739956, "dvar": 0.0010674536461, "mean": 0.160921797156, "dvar2": 0.00202822359279, "min": 0.0237605571747, "var": 0.00588025851175, "median": 0.145810231566}, "pitch_salience": {"dmean": 0.0660610646009, "dmean2": 0.109882205725, "max": 0.88541829586, "dvar": 0.00342554575764, "mean": 0.594474136829, "dvar2": 0.00927200354636, "min": 0.0136195141822, "var": 0.0101691558957, "median": 0.60028386116}, "erbbands_kurtosis": {"dmean": 1.2744795084, "dmean2": 2.0177628994, "max": 86.5995178223, "dvar": 8.24706840515, "mean": 1.06171369553, "dvar2": 18.383228302, "min": -1.90691018105, "var": 20.963432312, "median": -0.205116391182}, "average_loudness": 0.679192185402, "barkbands_crest": {"dmean": 2.2521007061, "dmean2": 3.73596072197, "max": 26.7983283997, "dvar": 4.19681406021, "mean": 9.40010166168, "dvar2": 11.4308948517, "min": 2.84282112122, "var": 12.725361824, "median": 8.79421329498}, "hfc": {"dmean": 6.73835134506, "dmean2": 9.90192604065, "max": 272.499053955, "dvar": 134.592315674, "mean": 16.7152252197, "dvar2": 272.349914551, "min": 1.05384947474e-16, "var": 490.591827393, "median": 9.50139331818}, "barkbands_kurtosis": {"dmean": 4.66020393372, "dmean2": 7.38080739975, "max": 684.653076172, "dvar": 112.56426239, "mean": 8.67471504211, "dvar2": 276.085449219, "min": -1.9531069994, "var": 574.012390137, "median": 3.39825844765}, "erbbands": {"dmean": [0.0598118752241, 0.541308403015, 2.57053494453, 4.72481536865, 4.66588973999, 7.40883588791, 6.81416463852, 6.18660163879, 9.38461971283, 18.8229007721, 8.8267288208, 14.178188324, 17.6085910797, 11.9043111801, 8.7826499939, 8.81167602539, 12.7456264496, 18.0569019318, 13.4216527939, 10.1163396835, 6.7158446312, 8.45738315582, 10.4264297485, 7.64646959305, 5.96681880951, 4.92826795578, 3.86804986, 3.7388613224, 2.73200178146, 2.351998806, 1.7882963419, 1.79151964188, 1.1319205761, 0.899816870689, 0.515330612659, 0.214850977063, 0.0483650714159, 0.00736572826281, 0.000551815610379, 2.37643180299e-05], "dmean2": [0.0956078469753, 0.961549758911, 4.57365179062, 8.11038017273, 7.76356601715, 12.1661462784, 10.94186306, 9.5179901123, 15.0090637207, 30.4775371552, 13.3336315155, 20.8868045807, 26.5247249603, 18.6326618195, 14.0766735077, 13.9648313522, 19.3357830048, 26.3553543091, 19.9139785767, 15.693151474, 10.5421953201, 13.1408920288, 16.6601428986, 12.3256435394, 9.84830188751, 7.56000471115, 6.09942245483, 6.25935316086, 4.42782688141, 3.70639705658, 2.78342342377, 2.56850266457, 1.66881918907, 1.33285522461, 0.744735658169, 0.310273498297, 0.0757484287024, 0.0118762478232, 0.000913683266845, 3.80687160941e-05], "max": [1.61035144329, 19.2942638397, 76.2218475342, 112.616355896, 99.902885437, 188.677780151, 326.959625244, 497.921142578, 583.735778809, 1053.77001953, 654.003295898, 1307.33337402, 2172.14257813, 1425.02709961, 635.441467285, 516.686218262, 1534.49499512, 2249.23535156, 1291.20288086, 663.489990234, 716.459411621, 991.988037109, 544.10534668, 600.217651367, 260.880950928, 386.208587646, 233.581634521, 204.454025269, 123.366752625, 177.116775513, 117.011741638, 259.616943359, 157.211914063, 184.680252075, 112.280204773, 69.6369934082, 3.48596596718, 0.580654025078, 0.0469967052341, 0.0018311899621], "dvar": [0.0190869439393, 2.01384663582, 34.0890541077, 58.43724823, 46.2652015686, 121.409317017, 145.749771118, 145.736053467, 431.39175415, 1942.91003418, 446.45880127, 1655.21740723, 4156.27001953, 1233.42431641, 474.68649292, 476.62020874, 1576.83874512, 3529.22241211, 1193.8626709, 493.220275879, 262.731536865, 450.717468262, 543.84387207, 234.994445801, 193.714401245, 119.784713745, 65.4746170044, 115.482673645, 40.037525177, 31.7386512756, 18.7384548187, 40.5297050476, 18.7182312012, 14.6787815094, 5.42018651962, 1.02811086178, 0.020450482145, 0.000568950839806, 4.40231497123e-06, 4.18482182241e-09], "mean": [0.0744689702988, 0.604172170162, 2.98722457886, 6.2701625824, 8.1766204834, 14.0933027267, 14.1017417908, 13.599653244, 16.8130435944, 30.240114212, 18.2820224762, 32.3075370789, 38.2922515869, 20.9774742126, 15.4569063187, 15.4201774597, 26.5486755371, 38.4465637207, 29.091791153, 19.1355171204, 12.3288869858, 16.4072761536, 19.1839542389, 13.3138465881, 8.63252830505, 8.44238471985, 5.92575073242, 3.72740793228, 2.87256288528, 2.65320801735, 2.13676571846, 2.43693971634, 1.58618533611, 1.19736075401, 0.682989478111, 0.268979877234, 0.0524317622185, 0.00729083409533, 0.000505925621837, 4.10171087424e-05], "dvar2": [0.0438264682889, 5.62053203583, 96.0204772949, 163.389251709, 123.300956726, 334.462036133, 386.386474609, 326.468566895, 1058.86193848, 4959.00341797, 937.041992188, 3595.921875, 9215.44238281, 2575.9284668, 1171.81958008, 1172.84716797, 3518.74316406, 6922.23486328, 2496.31689453, 1109.83300781, 642.937072754, 957.491455078, 1311.68969727, 593.459228516, 491.688079834, 264.222625732, 147.998901367, 310.730804443, 98.3193969727, 72.3392028809, 40.9909210205, 69.4111022949, 35.0102653503, 27.1641311646, 9.39493465424, 1.63722777367, 0.0466849729419, 0.00146440777462, 1.1531355085e-05, 1.08201607674e-08], "min": [1.50772157537e-22, 5.36202515013e-22, 3.26900546196e-21, 5.9461793515e-21, 1.01714570984e-20, 9.44956591496e-21, 3.66007452398e-20, 7.4980122667e-20, 2.43259109847e-19, 2.89702638754e-19, 2.54493876926e-19, 3.56825915619e-19, 6.34246886831e-19, 5.17875757836e-19, 1.67957782608e-18, 1.7099975999e-18, 2.32758284615e-18, 2.54876515168e-18, 3.09561425464e-18, 3.41060277074e-18, 4.90829578104e-18, 4.06253545115e-18, 6.03765374316e-18, 6.91504297812e-18, 8.67758122938e-18, 6.61224689745e-18, 8.86327500509e-18, 1.09935893372e-17, 1.19067181513e-17, 1.28650515587e-17, 1.06051353954e-17, 1.12693192411e-17, 1.12089342292e-17, 8.96569733572e-18, 5.54768075194e-18, 4.22453174309e-18, 2.64143336852e-18, 1.03146889145e-18, 2.78436671455e-19, 2.59577758052e-20], "var": [0.0213811453432, 1.41483342648, 25.8246688843, 61.9199829102, 77.3007736206, 316.64352417, 375.493103027, 535.635742188, 931.842529297, 3311.86450195, 1372.94628906, 5752.99804688, 14753.6152344, 4270.11425781, 1268.94677734, 1294.72290039, 4892.75146484, 13761.0732422, 5212.86035156, 1375.8223877, 641.142333984, 1457.44433594, 1439.07641602, 767.616516113, 297.407226563, 286.846679688, 130.928497314, 94.6370315552, 49.8669471741, 49.3347206116, 35.5900840759, 104.260002136, 49.8733596802, 37.5004501343, 14.1545257568, 2.39719343185, 0.0302970148623, 0.000538742227945, 3.65712662642e-06, 4.24355572903e-09], "median": [0.0287406854331, 0.282856941223, 1.49992394447, 3.67659282684, 5.52906990051, 8.16077327728, 7.76959657669, 5.23837566376, 5.7563996315, 10.6024894714, 5.62500572205, 5.46656799316, 5.16147041321, 4.14352846146, 3.82607769966, 3.78657150269, 4.53168439865, 5.74958229065, 7.03378391266, 6.07659339905, 3.65706372261, 4.70760917664, 5.27744817734, 3.51839804649, 2.28493690491, 1.86570572853, 1.44792258739, 0.673382878304, 0.313231468201, 0.302850544453, 0.259598046541, 0.262370109558, 0.162891939282, 0.0958281606436, 0.0525809787214, 0.0143350241706, 0.00313182221726, 0.000398098112782, 2.44485163421e-05, 2.39230012085e-05]}, "spectral_energy": {"dmean": 0.0086964443326, "dmean2": 0.0140877114609, "max": 0.191948533058, "dvar": 0.000195765693206, "mean": 0.0228294581175, "dvar2": 0.000494443345815, "min": 9.94778956104e-21, "var": 0.00043213283061, "median": 0.0175025835633}, "zerocrossingrate": {"dmean": 0.0106781125069, "dmean2": 0.0121600208804, "max": 0.5302734375, "dvar": 0.000245309289312, "mean": 0.0494706779718, "dvar2": 0.000235331011936, "min": 0, "var": 0.00221692910418, "median": 0.041015625}, "spectral_energyband_high": {"dmean": 0.000433771841927, "dmean2": 0.000632252485957, "max": 0.0245707891881, "dvar": 9.