{"tonal": {"chords_key": "G#", "hpcp_entropy": {"dmean": 0.528584182262, "dmean2": 0.883358359337, "max": 4.29084539413, "dvar": 0.225799396634, "mean": 1.69066035748, "dvar2": 0.577800750732, "min": 0, "var": 0.471441745758, "median": 1.69096958637}, "key_key": "D#", "chords_strength": {"dmean": 0.0102926939726, "dmean2": 0.00758166192099, "max": 0.749418199062, "dvar": 7.41082913009e-05, "mean": 0.533818721771, "dvar2": 5.44397698832e-05, "min": 0.276156872511, "var": 0.00881998147815, "median": 0.540115356445}, "key_scale": "major", "chords_number_rate": 0.00219565746374, "thpcp": [1, 0.521577596664, 0.122835874557, 0.079261623323, 0.0997809693217, 0.293569564819, 0.437347054482, 0.273860394955, 0.120966956019, 0.0973487347364, 0.0921216383576, 0.224003896117, 0.373088002205, 0.336379110813, 0.632406055927, 0.886560022831, 0.466697901487, 0.117344021797, 0.0962207615376, 0.151819691062, 0.44464674592, 0.611765265465, 0.342601746321, 0.131118997931, 0.10367102921, 0.113323204219, 0.266156792641, 0.349152952433, 0.261177003384, 0.485981464386, 0.724311411381, 0.462875068188, 0.228741049767, 0.223354130983, 0.294831544161, 0.748304009438], "key_strength": 0.865413844585, "tuning_nontempered_energy_ratio": 0.646741509438, "tuning_frequency": 441.017791748, "chords_changes_rate": 0.0368382520974, "tuning_diatonic_strength": 0.68430763483, "chords_scale": "major", "chords_histogram": [18.2971458435, 5.73310565948, 24.079044342, 2.95193958282, 1.51256406307, 0, 0, 0, 0.0243961941451, 0, 0.0975847765803, 0, 0, 0, 0, 0, 0, 1.46377170086, 0, 0.29275432229, 0, 7.19687747955, 36.277141571, 2.07367658615], "tuning_equal_tempered_deviation": 0.00732302200049, "hpcp": {"dmean": [0.0865453407168, 0.0975177958608, 0.146197751164, 0.148127108812, 0.120783112943, 0.0577622689307, 0.0393395908177, 0.0446031242609, 0.0820108056068, 0.101036079228, 0.0771417245269, 0.0490989796817, 0.0415748395026, 0.0411976613104, 0.0673458054662, 0.0947315692902, 0.107127830386, 0.143843963742, 0.141623139381, 0.124405696988, 0.0583321899176, 0.0493259951472, 0.0717502310872, 0.114025905728, 0.123584866524, 0.101376220584, 0.058268584311, 0.0465226098895, 0.0519846267998, 0.0786880031228, 0.0908056348562, 0.0940199568868, 0.142149284482, 0.130288913846, 0.124405227602, 0.0959992930293], "dmean2": [0.15633572638, 0.171591475606, 0.24773709476, 0.246437951922, 0.205006435513, 0.105548210442, 0.0726364031434, 0.0812790840864, 0.139286190271, 0.16696318984, 0.131070360541, 0.0856737568974, 0.0731903761625, 0.0743673667312, 0.115690335631, 0.162060692906, 0.186867117882, 0.242249816656, 0.235792607069, 0.211254864931, 0.107263684273, 0.0917382910848, 0.131713420153, 0.199491083622, 0.212652057409, 0.177065312862, 0.106757372618, 0.0845231860876, 0.0940162688494, 0.139589905739, 0.158708557487, 0.166835144162, 0.247393995523, 0.229259505868, 0.2190066576, 0.173404917121], "max": [1, 1, 1, 1, 1, 1, 1, 1, 1, 1, 1, 1, 1, 1, 1, 1, 1, 1, 1, 1, 1, 1, 1, 1, 1, 1, 1, 1, 1, 1, 1, 1, 1, 1, 1, 1], "dvar": [0.0299551878124, 0.029567334801, 0.0399913191795, 0.0449911467731, 0.0298460833728, 0.0186556279659, 0.0127128008753, 0.0141353607178, 0.0230670683086, 0.0294173266739, 0.0222210735083, 0.0172054599971, 0.0148438075557, 0.0141520416364, 0.0188216976821, 0.0292359143496, 0.0303095821291, 0.039566475898, 0.0469386130571, 0.0345060937107, 0.0203515440226, 0.021191963926, 0.0302249249071, 0.0385954156518, 0.0404251106083, 0.0343588925898, 0.023678150028, 0.0188292376697, 0.0202606935054, 0.0275856573135, 0.0336270779371, 0.0305482055992, 0.0532021708786, 0.053881701082, 0.0398062467575, 0.0331686250865], "mean": [0.0842713862658, 0.111239776015, 0.282334685326, 0.377299427986, 0.196790918708, 0.0463459044695, 0.0299053639174, 0.0376473031938, 0.11076362431, 0.165010794997, 0.10332737118, 0.0456407628953, 0.0367296226323, 0.0347574427724, 0.0845165401697, 0.140765890479, 0.12691564858, 0.238606438041, 0.33449858427, 0.176084846258, 0.0442738309503, 0.036304038018, 0.0572814829648, 0.16776496172, 0.230818688869, 0.129263445735, 0.0494711250067, 0.0391150191426, 0.042756780982, 0.100420802832, 0.13173520565, 0.0985419303179, 0.183360531926, 0.273282289505, 0.174642503262, 0.0863038673997], "dvar2": [0.0822614952922, 0.0792504176497, 0.105544753373, 0.107765235007, 0.0810307860374, 0.0525741130114, 0.0360400676727, 0.0394182130694, 0.0602980367839, 0.0691195428371, 0.057069607079, 0.0450197383761, 0.0397926568985, 0.0381512455642, 0.0503863878548, 0.074936978519, 0.0816515237093, 0.10461499542, 0.109775714576, 0.0908137559891, 0.0563784725964, 0.0606283470988, 0.0853747949004, 0.102959498763, 0.101110883057, 0.0936310589314, 0.0656075999141, 0.0509377345443, 0.0562307350338, 0.0753371044993, 0.0874379426241, 0.0832840055227, 0.139698818326, 0.130592435598, 0.109364666045, 0.0939233228564], "min": [0, 0, 0, 0, 0, 0, 0, 0, 0, 0, 0, 0, 0, 0, 0, 0, 0, 0, 0, 0, 0, 0, 0, 0, 0, 0, 0, 0, 0, 0, 0, 0, 0, 0, 0, 0], "var": [0.0290247090161, 0.0376809760928, 0.0962358936667, 0.140969976783, 0.0499710999429, 0.0137824947014, 0.00831330753863, 0.0105246789753, 0.0308135394007, 0.0562514662743, 0.0276534426957, 0.0146197397262, 0.0115064429119, 0.0106523949653, 0.0216833520681, 0.0520237013698, 0.0360579751432, 0.0799462944269, 0.138350024819, 0.0508864745498, 0.0139128081501, 0.0131055861712, 0.0200162231922, 0.0587394572794, 0.0900923982263, 0.0377768427134, 0.0181192737073, 0.0154036711901, 0.0146910678595, 0.0393939092755, 0.06166806072, 0.0311789922416, 0.0698920115829, 0.146890386939, 0.065982401371, 0.0296117905527], "median": [0.017432468012, 0.0283498540521, 0.130272164941, 0.200415328145, 0.0965250134468, 0.0107728932053, 0.00580244325101, 0.00926207005978, 0.0439379140735, 0.0686234086752, 0.0422227010131, 0.0112498719245, 0.00842396635562, 0.00788482930511, 0.0242372639477, 0.0358497984707, 0.0493771210313, 0.108464106917, 0.158470362425, 0.077573210001, 0.00964097306132, 0.00704689929262, 0.0129647376016, 0.0605323053896, 0.0964733660221, 0.0505732260644, 0.00933532509953, 0.0071902545169, 0.00748746609315, 0.0223424583673, 0.0311081036925, 0.0259561762214, 0.0372776985168, 0.0347297675908, 0.0250935498625, 0.0200476236641]}}, "lowlevel": {"melbands_flatness_db": {"dmean": 0.0227310899645, "dmean2": 0.0335497707129, "max": 0.481462627649, "dvar": 0.000692881527357, "mean": 0.2026771456, "dvar2": 0.00153731065802, "min": 0.00503766769543, "var": 0.00448349583894, "median": 0.193638548255}, "melbands_crest": {"dmean": 2.91021752357, "dmean2": 4.58838939667, "max": 32.5620574951, "dvar": 9.79242992401, "mean": 13.6826505661, "dvar2": 24.2409572601, "min": 1.62424576283, "var": 23.4047603607, "median": 13.0249042511}, "spectral_entropy": {"dmean": 0.158310636878, "dmean2": 0.219002708793, "max": 9.81052017212, "dvar": 0.0369369201362, "mean": 7.47204256058, "dvar2": 0.0679979398847, "min": 5.17291355133, "var": 0.277470827103, "median": 7.56916761398}, "melbands": {"dmean": [0.000679891672917, 0.00141481636092, 0.000562444736715, 0.000695718161296, 0.00028534908779, 0.000145153011545, 0.000127974024508, 0.00020451087039, 0.00029769280809, 0.000185601064004, 7.00016753399e-05, 0.000100374905742, 6.32603332633e-05, 3.79455123038e-05, 4.09848398704e-05, 4.09675922128e-05, 3.90415661968e-05, 2.82696455542e-05, 3.36585653713e-05, 1.86976649275e-05, 1.40170996019e-05, 1.29336376631e-05, 7.3465243986e-06, 5.37362893738e-06, 4.57561236544e-06, 4.48782657259e-06, 4.80524204249e-06, 3.03553338199e-06, 2.31983131016e-06, 2.49381741924e-06, 2.18497939386e-06, 2.00193130695e-06, 1.78215452706e-06, 1.79252776888e-06, 1.54903386829e-06, 1.25653627947e-06, 1.21073787795e-06, 1.181054472e-06, 1.13224052711e-06, 8.87496412361e-07], "dmean2": [0.00115806958638, 0.00243305112235, 0.000929606321733, 0.00109142984729, 0.000443342025392, 0.000225442345254, 0.000201300164917, 0.000306035508402, 0.000433982553659, 0.00027704713284, 9.9149554444e-05, 0.000144896723214, 9.32253315113e-05, 5.96153877268e-05, 6.30971917417e-05, 6.27389890724e-05, 6.17365221842e-05, 4.47592283308e-05, 5.3797797591e-05, 2.90331499855e-05, 2.20798101509e-05, 2.12005361391e-05, 1.20352251542e-05, 8.80884272192e-06, 7.41468056731e-06, 7.09633513907e-06, 7.5824191299e-06, 4.91641048939e-06, 3.72032718587e-06, 3.98210477215e-06, 3.47237687492e-06, 3.19443552144e-06, 2.75133720606e-06, 2.7110118026e-06, 2.35851302932e-06, 1.84882162557e-06, 1.83922134056e-06, 1.73446369445e-06, 1.68435587966e-06, 1.35217601382e-06], "max": [0.0200057886541, 0.0412608534098, 0.0189082361758, 0.0430560223758, 0.0167479533702, 0.0099721243605, 0.00805332139134, 0.00861043389887, 0.0133170159534, 0.0102368984371, 0.00590167660266, 0.00533881271258, 0.00434771599248, 0.00319764204323, 0.00266439816914, 0.0025710419286, 0.00156280514784, 0.00203074631281, 0.00173528096639, 0.00339842960238, 0.00098038406577, 0.000670193461701, 0.000382096128305, 0.00031515295268, 0.000270210730378, 0.000459782429971, 0.000209583042306, 0.000169972117874, 0.000251688208664, 0.000132011788082, 9.55688374233e-05, 0.000210460842936, 0.000170918734511, 0.000279905914795, 0.000153937377036, 0.000136448361445, 9.86703089438e-05, 0.000108069187263, 0.000106086525193, 8.05771705927e-05], "dvar": [3.23858512274e-06, 1.7264217604e-05, 1.56022019837e-06, 7.2107836786e-06, 3.03499433585e-07, 9.14298610155e-08, 7.73560060452e-08, 2.12776669173e-07, 4.65178203513e-07, 1.80646821946e-07, 4.11715141979e-08, 5.49028733587e-08, 2.07093435733e-08, 1.4202878873e-08, 1.19629195439e-08, 9.52230383433e-09, 6.07336358982e-09, 4.35903846352e-09, 4.6473518367e-09, 3.22999405e-09, 9.53737533393e-10, 6.51795117879e-10, 2.39214370534e-10, 1.58377921888e-10, 8.68688315725e-11, 1.15834036807e-10, 8.36751432032e-11, 3.88921707339e-11, 4.09995093431e-11, 3.54816037662e-11, 2.3865230972e-11, 5.10366714168e-11, 2.56346801425e-11, 3.4535808241e-11, 2.93863509915e-11, 2.26854385971e-11, 1.96125338192e-11, 1.65984396366e-11, 1.4582317992e-11, 6.06371983874e-12], "mean": [0.00129687681329, 0.00230476539582, 0.0011110806372, 0.000825364084449, 0.000528047734406, 0.000281026615994, 0.00025181582896, 0.000431005842984, 0.000625127868261, 0.000401937635615, 0.000134386893478, 0.000233462415054, 0.000141824013554, 6.60105069983e-05, 7.22748009139e-05, 7.98535184003e-05, 7.01245371602e-05, 5.56350423722e-05, 5.91126736253e-05, 3.42349376297e-05, 2.77995641227e-05, 2.45923711191e-05, 1.30352282213e-05, 1.00576389741e-05, 8.44358419272e-06, 8.32309160614e-06, 9.47278385866e-06, 5.38966287422e-06, 3.79488278668e-06, 4.42764985564e-06, 3.78012418878e-06, 3.05602429762e-06, 3.05468188344e-06, 2.97583414977e-06, 2.34298045143e-06, 1.9282977064e-06, 1.90073888007e-06, 1.89822742414e-06, 1.79986045623e-06, 1.30093064854e-06], "dvar2": [8.79021081346e-06, 4.78546535305e-05, 4.0470786189e-06, 1.66356421687e-05, 6.93680078712e-07, 2.02502107527e-07, 1.7987743206e-07, 4.76269747196e-07, 9.61610794548e-07, 4.12376067516e-07, 8.06255755492e-08, 1.14857698463e-07, 4.64453115967e-08, 3.51311122415e-08, 2.67636917073e-08, 2.01766177099e-08, 1.42867069286e-08, 1.01668593544e-08, 1.11912186185e-08, 6.79082878818e-09, 2.03055083858e-09, 1.57432855641e-09, 5.79849945836e-10, 4.05412536875e-10, 2.12103959396e-10, 2.73318506716e-10, 1.88240076304e-10, 9.64740232146e-11, 9.95521998171e-11, 8.59221443994e-11, 5.64754840116e-11, 1.35488398278e-10, 5.72372323149e-11, 7.26699048159e-11, 5.71406151562e-11, 4.35706193347e-11, 3.88736855206e-11, 3.14805126411e-11, 2.85377173281e-11, 1.26399446465e-11], "min": [1.35042495124e-24, 1.02642261974e-24, 1.52088615716e-24, 9.03601414139e-25, 2.01256955153e-24, 2.53596594316e-24, 3.60488055555e-24, 2.86342466871e-24, 2.06236481845e-24, 3.1615521653e-24, 2.41507103728e-24, 4.56907960203e-24, 4.44195387829e-24, 3.81010429777e-24, 3.72655801145e-24, 5.11099509505e-24, 4.3235754387e-24, 5.05527035513e-24, 6.20674458607e-24, 4.62751841789e-24, 2.51096556056e-24, 5.73877060342e-24, 4.31477806188e-24, 4.92103620578e-24, 5.62747613476e-24, 5.38857828708e-24, 6.75406219857e-24, 5.59299857447e-24, 6.57777545208e-24, 8.11364345834e-24, 5.80832604716e-24, 6.75052810172e-24, 7.45997911278e-24, 7.78826988937e-24, 4.88879506615e-24, 6.41553397958e-24, 6.0357088922e-24, 4.93116872968e-24, 6.44465754091e-24, 6.93454962938e-24], "var": [3.13269265462e-06, 1.31063407025e-05, 1.78206948931e-06, 6.85769509801e-06, 6.24488677659e-07, 1.96197518676e-07, 1.73962376948e-07, 4.44215714879e-07, 1.40621580158e-06, 6.12860219462e-07, 1.21134391406e-07, 2.25726068948e-07, 5.68297338077e-08, 1.7068805036e-08, 2.35447039643e-08, 3.12710710659e-08, 1.70256697629e-08, 1.319486298e-08, 9.72461666748e-09, 1.08525268772e-08, 2.90564861061e-09, 1.47804191108e-09, 3.32400940106e-10, 2.11726455812e-10, 1.32316504975e-10, 1.99522121047e-10, 2.3944607408e-10, 6.94323834538e-11, 5.89533213913e-11, 6.79290096395e-11, 4.48222847726e-11, 5.30610243243e-11, 4.56857815467e-11, 5.92575433167e-11, 6.11457620647e-11, 5.05771084736e-11, 3.87119954148e-11, 3.56748658392e-11, 3.05889376329e-11, 1.13465027304e-11], "median": [0.000954314833507, 0.00170900882222, 0.00083243008703, 0.000269960932201, 0.000269465032034, 0.000150768901221, 0.00011255031859, 0.000214938947465, 0.000227892349358, 9.86753293546e-05, 3.61786151188e-05, 6.30198046565e-05, 5.46224327991e-05, 3.11425465043e-05, 3.34032447427e-05, 2.74389822152e-05, 2.70894452115e-05, 1.90036826098e-05, 2.39179389609e-05, 1.28864912767e-05, 1.33289486257e-05, 1.33093426484e-05, 7.91897036834e-06, 6.22631523584e-06, 5.4222127801e-06, 4.75914384879e-06, 4.53795109934e-06, 2.63084439212e-06, 1.58337616085e-06, 1.48653612086e-06, 1.36802873385e-06, 9.17762463359e-07, 9.27373093873e-07, 9.86871327768e-07, 6.09197229551e-07, 4.42571092663e-07, 5.38342249001e-07, 5.02171815242e-07, 5.02472744301e-07, 3.73444493107e-07]}, "silence_rate_60dB": {"dmean": 0.00976204965264, "dmean2": 0.0195264834911, "max": 1, "dvar": 0.00966511946172, "mean": 0.0640556365252, "dvar2": 0.020853953436, "min": 0, "var": 0.0599528886378, "median": 0}, "spectral_energyband_middle_high": {"dmean": 0.0017791853752, "dmean2": 0.00262603955343, "max": 0.0587657317519, "dvar": 7.27882297724e-06, "mean": 0.00648624962196, "dvar2": 1.59697065101e-05, "min": 1.24794271207e-21, "var": 4.28273742727e-05, "median": 0.0045093363151}, "erbbands_skewness": {"dmean": 0.361968278885, "dmean2": 0.536263763905, "max": 6.5372262001, "dvar": 0.144577220082, "mean": 0.431152135134, "dvar2": 0.304369568825, "min": -5.48622179031, "var": 0.626537144184, "median": 0.438478052616}, "dynamic_complexity": 3.38501358032, "dissonance": {"dmean": 0.0216714907438, "dmean2": 0.0357382334769, "max": 0.499999940395, "dvar": 0.0004876612511, "mean": 0.450665205717, "dvar2": 0.00126965320669, "min": 0.194977357984, "var": 0.00152523641009, "median": 0.460169613361}, "spectral_skewness": {"dmean": 0.225527986884, "dmean2": 0.34725728631, "max": 5.37586736679, "dvar": 0.0683348476887, "mean": 1.8155452013, "dvar2": 0.150298938155, "min": -0.0571749359369, "var": 0.393646478653, "median": 1.74236285686}, "spectral_kurtosis": {"dmean": 1.74447035789, "dmean2": 2.81040096283, "max": 52.8811454773, "dvar": 7.25300121307, "mean": 5.83947467804, "dvar2": 18.4752006531, "min": -1.23752641678, "var": 25.7366333008, "median": 4.58688545227}, "gfcc": {"cov": [[15569.0302734, -182.25680542, 713.480834961, 829.692810059, -852.329284668, 942.476928711, -204.276992798, 428.830200195, -277.82409668, 194.82359314, -393.305023193, 73.9748916626, -209.848190308], [-182.25680542, 1655.34423828, 5.33457994461, 145.825393677, 422.301177979, 10.3522605896, 211.986312866, -32.236000061, 137.557418823, -78.2926483154, 154.588867188, -105.461174011, -19.5269012451], [713.480834961, 5.33457994461, 1018.62268066, 338.449310303, 199.465499878, 237.706039429, 54.7797088623, 70.3220825195, -7.23190784454, 5.94523096085, 4.94753503799, 14.1337995529, -89.8877105713], [829.692810059, 145.825393677, 338.449310303, 921.746643066, 187.419021606, 260.699127197, 142.020904541, 15.9619865417, 99.3446426392, 30.4151134491, 15.7007656097, -72.2091674805, -23.5966701508], [-852.329284668, 422.301177979, 199.465499878, 187.419021606, 513.64465332, 58.4294548035, 153.172592163, 18.8474311829, 86.6074447632, 7.56408548355, 55.2665596008, -44.5405426025, -25.2778587341], [942.476928711, 10.3522605896, 237.706039429, 260.699127197, 58.4294548035, 367.874694824, 135.025634766, 75.1380996704, 17.7570457458, 32.0772895813, 0.61307477951, -33.3127784729, -44.2015342712], [-204.276992798, 211.986312866, 54.7797088623, 142.020904541, 153.172592163, 135.025634766, 243.706054688, 50.6417160034, 52.3357086182, 14.0009832382, 16.8338413239, -36.1141853333, -30.4965324402], [428.830200195, -32.236000061, 70.3220825195, 15.9619865417, 18.8474311829, 75.1380996704, 50.6417160034, 148.18157959, 21.0956287384, 39.6858711243, -20.2181434631, -11.3592424393, -12.7138414383], [-277.82409668, 137.557418823, -7.23190784454, 99.3446426392, 86.6074447632, 17.7570457458, 52.3357086182, 21.0956287384, 137.546722412, 23.7212371826, 29.61028862, -31.7850914001, -0.609317719936], [194.82359314, -78.2926483154, 5.94523096085, 30.4151134491, 7.56408548355, 32.0772895813, 14.0009832382, 39.6858711243, 23.7212371826, 117.773010254, -3.99076390266, -6.47670602798, -8.73550891876], [-393.305023193, 154.588867188, 4.94753503799, 15.7007656097, 55.2665596008, 0.61307477951, 16.8338413239, -20.2181434631, 29.61028862, -3.99076390266, 122.539810181, 10.5777807236, 0.621692895889], [73.9748916626, -105.461174011, 14.1337995529, -72.2091674805, -44.5405426025, -33.3127784729, -36.1141853333, -11.3592424393, -31.7850914001, -6.47670602798, 10.5777807236, 95.9458694458, 19.4099941254], [-209.848190308, -19.5269012451, -89.8877105713, -23.5966701508, -25.2778587341, -44.2015342712, -30.4965324402, -12.7138414383, -0.609317719936, -8.73550891876, 0.621692895889, 19.4099941254, 86.473777771]], "mean": [0.238991558552, 88.1116714478, -115.466812134, 17.4287872314, -54.9475517273, 14.5859012604, -38.9031066895, 13.298623085, -22.3782024384, 5.18952226639, -18.140712738, -1.9803467989, -13.6845941544], "icov": [[0.000149456915096, -0.000193930376554, 2.5320214263e-05, -0.000168848753674, 0.000290891650366, -0.000384276587283, 0.00040562095819, -0.00036542583257, 0.000227233191254, -0.000199454414542, 0.000471776380436, -0.000408534746384, 0.000346835324308], [-0.000193930376554, 0.00124455871992, 8.96259007277e-06, 0.000263158843154, -0.000897564459592, 0.000673873000778, -0.00102011230774, 0.000593610981014, -0.000577086175326, 0.000977365067229, -0.00153085775673, 0.0013623633422, -0.000498983077705], [2.5320214263e-05, 8.96259007277e-06, 0.00157673133072, -0.000471084960736, -0.000650136149488, -0.000785786716733, 0.000813341932371, -0.000662103004288, 0.00043375606765, 0.00035368729732, 0.00013580203813, -0.00108470139094, 0.00145297124982], [-0.000168848753674, 0.000263158843154, -0.000471084960736, 0.00189796590712, -0.000482705334434, -0.000484119314933, -0.000721493794117, 0.00122812215704, -0.00117990770377, 3.73796028725e-05, -0.000394144066377, 0.00127076602075, -0.00107148569077], [0.000290891650366, -0.000897564459592, -0.000650136149488, -0.000482705334434, 0.00383995031007, -9.04741173144e-05, -0.000723222095985, -0.000539542757906, -0.000304790970404, -0.000783617724665, 0.000510092242621, -0.000361114100087, 0.000433648587205], [-0.000384276587283, 0.000673873000778, -0.000785786716733, -0.000484119314933, -9.04741173144e-05, 0.00595553405583, -0.00331258866936, -0.00039495274541, 0.000270488526439, 0.000122047371406, -0.00181129167322, 0.00188561878167, -0.00033382588299], [0.00040562095819, -0.00102011230774, 0.000813341932371, -0.000721493794117, -0.000723222095985, -0.00331258866936, 0.00837917067111, -0.00239318027161, -0.000152458829689, -0.000262619898422, 0.00158549682237, -0.00143758684862, 0.00238477787934], [-0.00036542583257, 0.000593610981014, -0.000662103004288, 0.00122812215704, -0.000539542757906, -0.00039495274541, -0.00239318027161, 0.0100341010839, -0.00198680418544, -0.00184990640264, 0.000492765801027, 0.00128676311579, -0.00132743734866], [0.000227233191254, -0.000577086175326, 0.00043375606765, -0.00117990770377, -0.000304790970404, 0.000270488526439, -0.000152458829689, -0.00198680418544, 0.0106755802408, -0.00197173445486, -0.00135124544613, 0.00149043824058, -0.000195472428459], [-0.000199454414542, 0.000977365067229, 0.00035368729732, 3.73796028725e-05, -0.000783617724665, 0.000122047371406, -0.000262619898422, -0.00184990640264, -0.00197173445486, 0.0105485497043, -0.00104618875775, 0.000638044148218, 0.000499267422128], [0.000471776380436, -0.00153085775673, 0.00013580203813, -0.000394144066377, 0.000510092242621, -0.00181129167322, 0.00158549682237, 0.000492765801027, -0.00135124544613, -0.00104618875775, 0.0119434855878, -0.0042253327556, 0.00143500615377], [-0.000408534746384, 0.0013623633422, -0.00108470139094, 0.00127076602075, -0.000361114100087, 0.00188561878167, -0.00143758684862, 0.00128676311579, 0.00149043824058, 0.000638044148218, -0.0042253327556, 0.0153130916879, -0.00425590341911], [0.000346835324308, -0.000498983077705, 0.00145297124982, -0.00107148569077, 0.000433648587205, -0.00033382588299, 0.00238477787934, -0.00132743734866, -0.000195472428459, 0.000499267422128, 0.00143500615377, -0.00425590341911, 0.0151071669534]]}, "spectral_complexity": {"dmean": 3.02281880379, "dmean2": 4.74395895004, "max": 54, "dvar": 11.028222084, "mean": 19.3484630585, "dvar2": 24.2581043243, "min": 0, "var": 88.0776977539, "median": 19}, "spectral_flux": {"dmean": 0.0268987230957, "dmean2": 0.0421098917723, "max": 0.409187525511, "dvar": 0.00144202669617, "mean": 0.0809768885374, "dvar2": 0.00319870817475, "min": 6.44190326082e-11, "var": 0.00301947607659, "median": 0.068800970912}, "spectral_energyband_low": {"dmean": 0.00540781067684, "dmean2": 0.0092551773414, "max": 0.154876515269, "dvar": 0.000227783282753, "mean": 0.0107814166695, "dvar2": 0.000622114050202, "min": 1.53823979545e-23, "var": 0.000193095882423, "median": 0.00943807139993}, "spectral_decrease": {"dmean": 2.38668929065e-09, "dmean2": 3.81871734234e-09, "max": 1.14166528467e-16, "dvar": 2.16209510757e-17, "mean": -7.85000864312e-09, "dvar2": 5.48384813397e-17, "min": -5.21044931645e-08, "var": 3.00009904756e-17, "median": -7.04532254758e-09}, "barkbands_spread": {"dmean": 5.37385416031, "dmean2": 8.2740278244, "max": 104.116539001, "dvar": 64.648727417, "mean": 20.9002437592, "dvar2": 133.816223145, "min": 1.05562973022, "var": 179.436523438, "median": 18.6696529388}, "spectral_rms": {"dmean": 0.000717972579878, "dmean2": 0.00110249849968, "max": 0.0140324318781, "dvar": 1.24468806462e-06, "mean": 0.00521062035114, "dvar2": 2.94854180538e-06, "min": 3.16045583801e-12, "var": 3.86681085729e-06, "median": 0.00528784003109}, "spectral_centroid": {"dmean": 211.258972168, "dmean2": 317.879119873, "max": 11773.6523438, "dvar": 107897.539062, "mean": 1252.9017334, "dvar2": 207620.078125, "min": 229.261123657, "var": 614654, "median": 1125.26550293}, "barkbands_skewness": {"dmean": 0.512887358665, "dmean2": 0.785374462605, "max": 8.43818283081, "dvar": 0.444299161434, "mean": 1.34786486626, "dvar2": 1.03064882755, "min": -7.83010053635, "var": 1.38634216785, "median": 1.24412631989}, "spectral_rolloff": {"dmean": 443.230773926, "dmean2": 734.707641602, "max": 19487.5488281, "dvar": 1097784.125, "mean": 1499.10534668, "dvar2": 2246250.25, "min": 86.1328125, "var": 3329280, "median": 1055.12695312}, "erbbands_spread": {"dmean": 7.57458734512, "dmean2": 11.267206192, "max": 156.934143066, "dvar": 96.5901565552, "mean": 33.6425628662, "dvar2": 217.671340942, "min": 2.2728061676, "var": 315.342224121, "median": 30.9973545074}, "barkbands": {"dmean": [0.000127545412397, 0.00327911134809, 0.00246762321331, 0.000936016207561, 0.0028259800747, 0.000979600823484, 0.000796509266365, 0.00124588329345, 0.00148468685802, 0.000470567960292, 0.000665132713038, 0.000371392990928, 0.000369769695681, 0.000351820723154, 0.000429426581832, 0.000240252469666, 0.000201800779905, 0.000118569732876, 0.000114997405035, 0.000107167870738, 9.2163849331e-05, 8.9361485152e-05, 8.87232381501e-05, 9.12376635824e-05, 9.10374437808e-05, 5.08431876369e-05, 1.27950124806e-05], "dmean2": [0.000220723362872, 0.00560975074768, 0.00431539444253, 0.00157694960944, 0.00438924087211, 0.00153052387759, 0.00124079920352, 0.00183623016346, 0.00219130050391, 0.000681092264131, 0.000960199628025, 0.000578660110477, 0.000571597367525, 0.000558512692805, 0.000687350227963, 0.000373191403924, 0.000331029790686, 0.000193658546777, 0.000182094110642, 0.000170730680111, 0.000144693127368, 0.000138517294545, 0.000131345674163, 0.000132050117827, 0.000138972362038, 7.99598565209e-05, 2.16903226828e-05], "max": [0.00496837170795, 0.0931567624211, 0.0642843991518, 0.0222901254892, 0.164933413267, 0.0775450021029, 0.0365763045847, 0.0513381697237, 0.083429120481, 0.0355916246772, 0.0360279381275, 0.0260948166251, 0.0217200797051, 0.0145982634276, 0.0186224784702, 0.032857991755, 0.00996620301157, 0.00626825448126, 0.0105870254338, 0.00398674746975, 0.00663276063278, 0.00766184274107, 0.00943947583437, 0.0069789076224, 0.00553264515474, 0.002280223649, 0.002462917706], "dvar": [6.30944825275e-08, 8.69386713021e-05, 4.79771661048e-05, 3.34047240358e-06, 0.000102478174085, 4.02103660235e-06, 3.16951695822e-06, 7.01344515619e-06, 1.14353388199e-05, 1.84514658486e-06, 2.08427559301e-06, 1.03085153569e-06, 7.08238871994e-07, 5.04053502937e-07, 7.34627235488e-07, 4.41121926542e-07, 1.41634146189e-07, 7.25720283867e-08, 6.29455811918e-08, 4.25092636647e-08, 4.63950229346e-08, 7.33537675046e-08, 8.75054269045e-08, 9.82959420526e-08, 5.43931868435e-08, 1.7145909581e-08, 5.54274048881e-09], "mean": [0.000179497743375, 0.00541850039735, 0.00409698020667, 0.00202683825046, 0.00353038054891, 0.00184491882101, 0.00152847345453, 0.00242188642733, 0.00320039084181, 0.000895945820957, 0.0015444321325, 0.000621209619567, 0.000710197258741, 0.000629664224107, 0.000797018583398, 0.000469521794003, 0.000384885002859, 0.000221757683903, 0.000217439606786, 0.000214908068301, 0.000175746652531, 0.000154284207383, 0.000146106161992, 0.000159064438776, 0.000129522566567, 6.24455351499e-05, 1.08458125396e-05], "dvar2": [1.82761226597e-07, 0.000235559185967, 0.000139066629345, 9.40178688325e-06, 0.000234900391661, 9.00128452486e-06, 7.28584336684e-06, 1.5105663806e-05, 2.50340053753e-05, 3.64900870409e-06, 4.43685485152e-06, 2.50013090408e-06, 1.5743972881e-06, 1.19022070066e-06, 1.77461231488e-06, 9.1146887371e-07, 3.54026241212e-07, 1.83111851015e-07, 1.46375228383e-07, 1.00218251475e-07, 1.0770345682e-07, 1.76399396423e-07, 1.62078137578e-07, 1.77304713134e-07, 1.18327562859e-07, 4.13630587559e-08, 1.45329135393e-08], "min": [1.89963780206e-24, 5.94437221001e-24, 5.53991375757e-25, 2.39220156521e-24, 5.7525839523e-24, 9.67314258187e-24, 1.35510557853e-23, 1.10095723518e-23, 2.13973314059e-23, 2.04565816443e-23, 3.31201767999e-23, 3.62317818425e-23, 4.42387705176e-23, 5.4139315666e-23, 7.6435970592e-23, 6.88396565933e-23, 9.89048748744e-23, 1.03558270691e-22, 1.67017971641e-22, 2.57122686599e-22, 3.2296387027e-22, 4.16452419858e-22, 4.06577774591e-22, 5.29583050629e-22, 9.11665217365e-22, 1.29830742927e-21, 2.25323393014e-21], "var": [6.61004406766e-08, 7.31565742171e-05, 3.57726676157e-05, 5.70180282011e-06, 0.000101850244391, 8.52793345985e-06, 7.12634982847e-06, 1.44516598084e-05, 3.64687330148e-05, 5.53470499653e-06, 7.90994272393e-06, 1.46499894527e-06, 2.02167325369e-06, 1.28605017835e-06, 1.83484405625e-06, 1.62071080467e-06, 2.81776067368e-07, 1.00167341088e-07, 1.08640740848e-07, 9.82029888519e-08, 9.47333305135e-08, 1.09941524329e-07, 1.97044457195e-07, 2.33571512354e-07, 9.30961405743e-08, 1.92061815341e-08, 4.01391453408e-09], "median": [0.000105086553958, 0.00384085695259, 0.00295725720935, 0.00135316653177, 0.00122363469563, 0.00094576983247, 0.000621761369985, 0.00129252346233, 0.000787415890954, 0.000255671766354, 0.000504067982547, 0.00027736890479, 0.000291438482236, 0.000248132622801, 0.000307832495309, 0.000175795983523, 0.000229485129239, 0.000137354101753, 0.000136244139867, 0.000108973348688, 6.64957842673e-05, 5.02560651512e-05, 4.06607650802e-05, 4.79317277495e-05, 3.8010890421e-05, 1.587994484e-05, 8.582462101e-07]}, "melbands_kurtosis": {"dmean": 6.23103761673, "dmean2": 10.1927614212, "max": 305.483093262, "dvar": 191.799575806, "mean": 10.0851716995, "dvar2": 505.435241699, "min": -1.83299219608, "var": 235.630386353, "median": 5.49601316452}, "erbbands_crest": {"dmean": 2.4279987812, "dmean2": 3.81745290756, "max": 28.7577800751, "dvar": 5.63881063461, "mean": 9.53433799744, "dvar2": 13.1880569458, "min": 2.46971821785, "var": 18.9028530121, "median": 8.49628448486}, "melbands_skewness": {"dmean": 0.687497496605, "dmean2": 1.05080091953, "max": 13.3221158981, "dvar": 0.926287412643, "mean": 2.20440769196, "dvar2": 2.20660185814, "min": -3.35513067245, "var": 2.40614533424, "median": 1.97785723209}, "spectral_energyband_middle_low": {"dmean": 0.00546466326341, "dmean2": 0.00830531213433, "max": 0.195898145437, "dvar": 0.000134402347612, "mean": 0.0148285403848, "dvar2": 0.000312716292683, "min": 1.844521763e-22, "var": 0.000199673988391, "median": 0.0114572439343}, "spectral_contrast_coeffs": {"dmean": [0.0471989698708, 0.0464952103794, 0.038929078728, 0.0326440408826, 0.0222019311041, 0.0182632058859], "dmean2": [0.0755619555712, 0.0738999992609, 0.0612884387374, 0.0517528541386, 0.035988137126, 0.0290015935898], "max": [-0.234904527664, -0.322251915932, -0.404687851667, -0.498196065426, -0.5724132061, -0.619210839272], "dvar": [0.0020024755504, 0.0017294381978, 0.00110349140596, 0.000765419506934, 0.000356333854143, 0.000298460276099], "mean": [-0.643158376217, -0.686533927917, -0.730096459389, -0.74362885952, -0.775045573711, -0.77519184351], "dvar2": [0.00453255977482, 0.00402300804853, 0.00258635217324, 0.00184798974078, 0.000856584287249, 0.000696769682691], "min": [-0.976876080036, -0.972907960415, -0.993585526943, -0.969316363335, -0.966557264328, -0.962942481041], "var": [0.00871351268142, 0.00867951009423, 0.00537927821279, 0.00337305502035, 0.00173665408511, 0.00170548062306], "median": [-0.654967844486, -0.695287108421, -0.732292532921, -0.748830258846, -0.779376506805, -0.775478065014]}, "spectral_contrast_valleys": {"dmean": [0.361995398998, 0.352395921946, 0.320388525724, 0.280172377825, 0.266754984856, 0.31518688798], "dmean2": [0.591955304146, 0.569399595261, 0.508231461048, 0.435345768929, 0.386527597904, 0.416638374329], "max": [-5.10425901413, -4.6788020134, -5.16315507889, -5.76805448532, -5.77785396576, -7.39227342606], "dvar": [0.129090443254, 0.122623957694, 0.0999033004045, 0.0859464332461, 0.101318694651, 0.160981893539], "mean": [-7.47968101501, -6.84717226028, -7.53462457657, -7.8056807518, -7.85877513885, -10.2217693329], "dvar2": [0.295766055584, 0.270486563444, 0.204814836383, 0.169029563665, 0.179941743612, 0.266887277365], "min": [-27.8275279999, -27.7280235291, -27.5951004028, -27.5812473297, -27.5360012054, -27.3808097839], "var": [3.45160388947, 2.21246933937, 2.03018832207, 2.04802417755, 2.16935229301, 2.64957809448], "median": [-6.78444671631, -6.52451658249, -7.30761432648, -7.52147006989, -7.52240753174, -9.92070484161]}, "silence_rate_20dB": {"dmean": 0, "dmean2": 0, "max": 1, "dvar": 0, "mean": 1, "dvar2": 0, "min": 1, "var": 0, "median": 1}, "silence_rate_30dB": {"dmean": 0.00341671751812, "dmean2": 0.00683426903561, "max": 1, "dvar": 0.00340484152548, "mean": 0.99829185009, "dvar2": 0.0102038849145, "min": 0, "var": 0.00170518259984, "median": 1}, "spectral_strongpeak": {"dmean": 0.582332551479, "dmean2": 0.961542069912, "max": 14.7282123566, "dvar": 0.752534985542, "mean": 1.24888658524, "dvar2": 1.74345111847, "min": 0, "var": 2.06939435005, "median": 0.571496367455}, "spectral_spread": {"dmean": 642522.375, "dmean2": 925766.6875, "max": 42282068, "dvar": 835809902592, "mean": 4826011.5, "dvar2": 1637511856130.0, "min": 1050223.625, "var": 5142699573250.0, "median": 4563620.5}, "barkbands_flatness_db": {"dmean": 0.0193792488426, "dmean2": 0.028728229925, "max": 0.358811378479, "dvar": 0.000447920407169, "mean": 0.13011033833, "dvar2": 0.00100985378958, "min": 0.0311934035271, "var": 0.00292643276043, "median": 0.11840544641}, "pitch_salience": {"dmean": 0.0639569312334, "dmean2": 0.103034414351, "max": 0.893437147141, "dvar": 0.00470575457439, "mean": 0.528482377529, "dvar2": 0.012850436382, "min": 0.129636526108, "var": 0.0093013131991, "median": 0.528667867184}, "erbbands_kurtosis": {"dmean": 1.01586067677, "dmean2": 1.5194350481, "max": 63.4654388428, "dvar": 2.84829044342, "mean": 1.03885829449, "dvar2": 6.11543750763, "min": -1.74624931812, "var": 7.63988018036, "median": 0.244286179543}, "average_loudness": 0.905058443546, "barkbands_crest": {"dmean": 2.33020043373, "dmean2": 3.68555760384, "max": 24.8539676666, "dvar": 6.47533178329, "mean": 9.38367462158, "dvar2": 15.423125267, "min": 2.57907557487, "var": 14.3359537125, "median": 8.62387084961}, "hfc": {"dmean": 6.34916353226, "dmean2": 9.40513134003, "max": 205.521469116, "dvar": 103.28704834, "mean": 23.8708648682, "dvar2": 212.249923706, "min": 1.13188298058e-16, "var": 364.651824951, "median": 19.3700637817}, "barkbands_kurtosis": {"dmean": 2.63532924652, "dmean2": 4.29776334763, "max": 87.9652023315, "dvar": 25.6609325409, "mean": 3.69011998177, "dvar2": 67.2657089233, "min": -1.91072356701, "var": 38.2570533752, "median": 1.75124430656}, "erbbands": {"dmean": [0.0511755719781, 0.902997434139, 2.88984131813, 2.6983487606, 8.09839057922, 8.34288311005, 9.06548023224, 6.0883102417, 7.10519838333, 18.3179759979, 32.1689796448, 30.2429275513, 14.0099620819, 25.5047492981, 16.0021648407, 14.8482551575, 16.1555252075, 18.8754253387, 18.6418266296, 14.2079963684, 12.1463975906, 10.2545719147, 7.08033370972, 5.26694488525, 5.99343824387, 4.58165407181, 3.58922529221, 3.78795099258, 3.36480164528, 3.07333159447, 2.4577794075, 1.88360071182, 1.61197912693, 1.08169925213, 0.631190359592, 0.268747091293, 0.0844440609217, 0.0198831129819, 0.00258626625873, 6.3314633735e-05], "dmean2": [0.0852392017841, 1.55296170712, 5.03435611725, 4.56831789017, 12.9668960571, 12.9211864471, 14.1243648529, 9.4392080307, 11.2915477753, 27.6129055023, 47.1036834717, 45.1181182861, 19.9005451202, 36.675743103, 24.1805934906, 23.1860675812, 24.8280353546, 29.5961532593, 29.3476791382, 22.4683322906, 18.732170105, 16.7327041626, 11.4859886169, 8.49611759186, 9.41124153137, 7.29373884201, 5.66078138351, 5.96102952957, 5.28832817078, 4.59897661209, 3.67932343483, 2.77780127525, 2.31343460083, 1.60035073757, 1.00741767883, 0.42972522974, 0.132790803909, 0.0317456200719, 0.0044406526722, 0.000106111212517], "max": [1.4686961174, 26.1425533295, 79.121963501, 76.7303848267, 560.643249512, 376.986358643, 617.878479004, 460.474456787, 504.50958252, 674.849365234, 1498.10632324, 1901.98303223, 1122.49206543, 1442.36474609, 1453.58972168, 1249.74353027, 833.960998535, 737.821166992, 1194.67810059, 1194.72412109, 1264.82897949, 460.368255615, 397.817474365, 310.109619141, 413.088653564, 194.143630981, 366.640472412, 167.301437378, 294.710784912, 464.751647949, 208.839385986, 159.251556396, 141.323562622, 97.1079940796, 43.4823799133, 10.6065893173, 4.57553529739, 1.94175124168, 0.727838456631, 0.0103261610493], "dvar": [0.0122962333262, 7.0739197731, 70.7919616699, 28.337430954, 1063.5612793, 650.890075684, 341.09274292, 172.929229736, 229.771438599, 1685.95654297, 5010.20898438, 4851.65429688, 1555.20166016, 3481.38598633, 1608.08691406, 1637.8104248, 1203.38769531, 1314.96582031, 1633.28479004, 990.442749023, 826.794433594, 409.918670654, 251.134140015, 117.467651367, 152.17779541, 79.2315292358, 90.2630462646, 73.2013931274, 122.278717041, 91.7980194092, 74.4110031128, 45.3486862183, 29.6756744385, 9.40035152435, 2.870896101, 0.408507049084, 0.0548348464072, 0.00526198465377, 0.000346496730344, 1.47413700802e-07], "mean": [0.125902339816, 1.33529686928, 4.8577208519, 5.79619836807, 9.79823112488, 11.3789014816, 16.2452030182, 11.8186626434, 14.0868225098, 38.8408622742, 68.1623840332, 66.8894958496, 30.05119133, 61.2764129639, 34.7871437073, 26.7482242584, 33.9627532959, 38.146697998, 39.1806983948, 28.9786167145, 26.4159965515, 20.9982376099, 13.5902643204, 10.6893215179, 12.3801603317, 9.30646038055, 6.60556459427, 6.99868202209, 5.59823131561, 5.40309524536, 3.93802809715, 3.12726902962, 2.71615934372, 1.69102585316, 0.781806886196, 0.326951265335, 0.102243155241, 0.0213574636728, 0.00205880217254, 8.34963575471e-05], "dvar2": [0.0335446409881, 19.1939754486, 201.205337524, 80.8758087158, 2473.47607422, 1500.73168945, 775.843444824, 384.847381592, 550.969238281, 3851.25415039, 10440.9326172, 11030.2490234, 3095.95678711, 7296.08642578, 3676.77246094, 4006.88623047, 2717.91186523, 3069.37548828, 3886.05834961, 2233.05737305, 1694.57873535, 986.464416504, 630.449890137, 282.093780518, 346.826965332, 189.752822876, 213.354187012, 171.658630371, 313.038391113, 190.594558716, 139.043457031, 83.7744827271, 54.1822853088, 18.3109493256, 7.16769742966, 1.0001937151, 0.132777556777, 0.0133980931714, 0.000916945456993, 3.78223575126e-07], "min": [8.22191540644e-23, 1.29004582154e-21, 1.85980493961e-21, 5.97908684194e-21, 1.82643337177e-20, 1.34780090073e-20, 5.54256634591e-20, 1.09376153693e-19, 2.23703448642e-19, 2.85729380079e-19, 2.33580993282e-19, 5.54237428491e-19, 4.77699388689e-19, 1.24118781786e-18, 1.74170942984e-18, 1.24097316449e-18, 2.04939476832e-18, 2.51263410932e-18, 3.44378408704e-18, 4.30197115126e-18, 2.93480227855e-18, 5.81030646052e-18, 5.34036447502e-18, 7.69642177298e-18, 9.10725854421e-18, 1.10771221714e-17, 1.39539463268e-17, 1.23207816049e-17, 1.30817290386e-17, 1.34644208403e-17, 9.98056688362e-18, 1.0874365314e-17, 9.98363158779e-18, 8.54547221375e-18, 6.64648679814e-18, 4.21058920027e-18, 2.54355019151e-18, 1.13261405521e-18, 3.03768121287e-19, 2.95867932514e-20], "var": [0.0202999934554, 5.53910446167, 52.9187202454, 37.9212188721, 971.967651367, 720.887573242, 695.838867188, 374.790893555, 466.846313477, 3412.18823242, 13849.8876953, 15813.1201172, 4661.62792969, 14756.7099609, 3398.4765625, 2373.49584961, 3724.20019531, 4013.52441406, 5140.57275391, 2585.64892578, 3102.70019531, 940.81427002, 351.014221191, 189.40536499, 359.931854248, 168.748199463, 149.320587158, 150.15663147, 151.987472534, 169.706375122, 168.53616333, 103.514259338, 68.5735702515, 19.818359375, 3.28110957146, 0.479477614164, 0.0585351809859, 0.00441379938275, 0.000242962574703, 1.10162851286e-07], "median": [0.0884704142809, 0.886020720005, 3.58162951469, 4.48801088333, 3.92466449738, 4.06520080566, 7.40138149261, 6.16694450378, 7.17799472809, 19.6500339508, 29.8843955994, 17.979763031, 9.97403812408, 17.7859611511, 15.2131671906, 12.8808660507, 15.974609375, 17.0266418457, 15.7691116333, 13.7369995117, 12.4467372894, 12.0179843903, 8.75685691833, 7.30099344254, 6.97702980042, 4.94941329956, 2.7724146843, 2.55709123611, 1.74637961388, 1.80631709099, 1.05050396919, 0.895908474922, 0.783020973206, 0.505224227905, 0.203930512071, 0.0845290273428, 0.0246105659753, 0.00442355684936, 0.00013891395065, 4.32970846305e-05]}, "spectral_energy": {"dmean": 0.00936777424067, "dmean2": 0.0149282105267, "max": 0.20183186233, "dvar": 0.000316948397085, "mean": 0.0317928008735, "dvar2": 0.000800641544629, "min": 1.02381929639e-20, "var": 0.000466870988021, "median": 0.0286602899432}, "zerocrossingrate": {"dmean": 0.0113070923835, "dmean2": 0.0132666621357, "max": 0.72900390625, "dvar": 0.000285618269118, "mean": 0.062240190804, "dvar2": 0.000305000139633, "min": 0.0068359375, "var": 0.00224468391389, "median": 0.05224609375}, "spectral_energyband_high": {"dmean": 0.000457094080048, "dmean2": 0.000669476750772, "max": 0.0259516723454, "dvar": 1.20387221614e-06, "mean": 0.00092