{"tonal": {"hpcp": {"dvar": [0.0577442832291, 0.0552542135119, 0.0467803440988, 0.0486589372158, 0.0388911999762, 0.032204311341, 0.0478325858712, 0.0562246516347, 0.0500709787011, 0.0563516840339, 0.0430318899453, 0.0328791327775, 0.0236855838448, 0.019762000069, 0.0258683599532, 0.0357812605798, 0.0321615003049, 0.0242234524339, 0.0184155739844, 0.0151859279722, 0.0196995772421, 0.0430920496583, 0.0383365042508, 0.0377364680171, 0.0457968898118, 0.0365434251726, 0.0238273926079, 0.0233980789781, 0.0225466415286, 0.0296514704823, 0.0375058203936, 0.0305477418005, 0.0257292743772, 0.0262934546918, 0.0367386229336, 0.0515579171479], "var": [0.0933007225394, 0.0687488764524, 0.0741144269705, 0.109824411571, 0.04413696751, 0.0256812907755, 0.0491221547127, 0.0481969825923, 0.078179307282, 0.144760534167, 0.0563891641796, 0.0262111984193, 0.0225744061172, 0.0170503202826, 0.0308151673526, 0.0809485018253, 0.0582048743963, 0.0207287818193, 0.0123513229191, 0.0098343482241, 0.0216657444835, 0.0686655938625, 0.0478575378656, 0.041991263628, 0.0678496658802, 0.0434265322983, 0.0197837390006, 0.016338147223, 0.0148239135742, 0.0365969352424, 0.0856319740415, 0.0515103302896, 0.0218326281756, 0.0199513304979, 0.0295841023326, 0.0525191500783], "median": [0.0853534340858, 0.0730923712254, 0.0355719104409, 0.0247917473316, 0.0184208527207, 0.0165819693357, 0.0180192999542, 0.023640461266, 0.0510540753603, 0.0707096755505, 0.0456293746829, 0.0122053325176, 0.00848336517811, 0.00896456930786, 0.0256631858647, 0.0499341115355, 0.0392182320356, 0.0122539326549, 0.00461858185008, 0.00496342498809, 0.0273751579225, 0.0573557764292, 0.0498536787927, 0.0288004614413, 0.0232877377421, 0.017559800297, 0.0105248298496, 0.00882590562105, 0.00868224166334, 0.0271429792047, 0.0489551052451, 0.0387520939112, 0.0149993058294, 0.00908195693046, 0.00969266239554, 0.0417687222362], "max": [1, 1, 1, 1, 1, 1, 1, 1, 1, 1, 1, 1, 1, 1, 1, 1, 1, 1, 1, 1, 1, 1, 1, 1, 1, 1, 1, 1, 1, 1, 1, 1, 1, 1, 1, 1], "dmean": [0.16245354712, 0.163299188018, 0.136279284954, 0.114067040384, 0.106866873801, 0.0809659287333, 0.103492490947, 0.124321341515, 0.144377201796, 0.141867041588, 0.129552513361, 0.0782502889633, 0.060256998986, 0.0564948506653, 0.0831093341112, 0.112237632275, 0.104072786868, 0.0692947357893, 0.048520270735, 0.0442981757224, 0.0813940539956, 0.13517652452, 0.126956626773, 0.109312646091, 0.118862874806, 0.0961997658014, 0.0643770396709, 0.0565752647817, 0.0571200959384, 0.090149730444, 0.110170394182, 0.100693799555, 0.0714436843991, 0.0652239769697, 0.0849888175726, 0.133669659495], "dmean2": [0.278274327517, 0.280191093683, 0.240951031446, 0.202813103795, 0.190201178193, 0.144560456276, 0.185257360339, 0.224330827594, 0.25295701623, 0.24420838058, 0.227220535278, 0.1407481879, 0.109902627766, 0.100421786308, 0.140916645527, 0.184852093458, 0.174829259515, 0.123476482928, 0.089407786727, 0.0820328891277, 0.139340922236, 0.222882896662, 0.213081330061, 0.192876204848, 0.206124410033, 0.166035592556, 0.11535846442, 0.104394368827, 0.105247542262, 0.155281245708, 0.182990923524, 0.169129580259, 0.127036198974, 0.118377491832, 0.153844535351, 0.237345308065], "mean": [0.234140142798, 0.193036407232, 0.171917587519, 0.197364255786, 0.117160901427, 0.0720715895295, 0.10211405158, 0.111666597426, 0.210756987333, 0.296375662088, 0.172423660755, 0.0645906478167, 0.0545479878783, 0.0494744330645, 0.0995598137379, 0.185662001371, 0.152205228806, 0.0616394430399, 0.0346838720143, 0.031578514725, 0.0904692262411, 0.176486134529, 0.144942387938, 0.113607726991, 0.147805348039, 0.106307730079, 0.0569309592247, 0.0483505278826, 0.0455004349351, 0.107644461095, 0.185149922967, 0.139083743095, 0.0636573210359, 0.0527545288205, 0.0667384937406, 0.143009051681], "dvar2": [0.144676417112, 0.140315786004, 0.125779166818, 0.120874017477, 0.10743881762, 0.0878636464477, 0.127923920751, 0.154420688748, 0.131650730968, 0.134295478463, 0.114172741771, 0.0918164625764, 0.0666850209236, 0.0540120266378, 0.0650946870446, 0.0846642553806, 0.0785373598337, 0.0653521716595, 0.0519626401365, 0.0426878407598, 0.051417324692, 0.10029810667, 0.0959954410791, 0.0987142324448, 0.112711168826, 0.0918471068144, 0.0690580308437, 0.0692481696606, 0.06625764817, 0.0764168053865, 0.0823412761092, 0.0745581611991, 0.0690123811364, 0.072243347764, 0.0977929159999, 0.140191718936], "min": [0, 0, 0, 0, 0, 0, 0, 0, 0, 0, 0, 0, 0, 0, 0, 0, 0, 0, 0, 0, 0, 0, 0, 0, 0, 0, 0, 0, 0, 0, 0, 0, 0, 0, 0, 0]}, "key_key": "F", "thpcp": [1, 0.581773996353, 0.217935055494, 0.184050157666, 0.16693149507, 0.335924386978, 0.626441478729, 0.513555109501, 0.207977414131, 0.117026723921, 0.106548950076, 0.305251866579, 0.595481216908, 0.489049553871, 0.383323401213, 0.498709470034, 0.358692497015, 0.192090541124, 0.163139328361, 0.153522849083, 0.363202780485, 0.624713659286, 0.469281941652, 0.214785918593, 0.17799885571, 0.22518210113, 0.482526302338, 0.79001134634, 0.651323437691, 0.580066502094, 0.665925979614, 0.395312160254, 0.243176475167, 0.344542622566, 0.376773834229, 0.711114346981], "chords_key": "A", "tuning_equal_tempered_deviation": 0.0512932091951, "tuning_frequency": 439.491973877, "tuning_diatonic_strength": 0.610013246536, "chords_histogram": [12.8565769196, 25.2971477509, 14.8573694229, 3.3280506134, 3.92234539986, 0.475435823202, 4.10063409805, 0.534865319729, 2.53565764427, 0, 0, 0.099049128592, 0, 0, 0.594294786453, 3.26862120628, 0.118858955801, 0, 0, 0.297147393227, 0, 10.2812995911, 8.73613357544, 8.69651317596], "key_strength": 0.774457633495, "key_scale": "major", "chords_strength": {"dvar": 0.000561776978429, "var": 0.0209755357355, "median": 0.490444362164, "max": 0.79466354847, "dmean": 0.010745937936, "dmean2": 0.0105881942436, "mean": 0.48104557395, "dvar2": 0.00105713331141, "min": -1}, "chords_number_rate": 0.00217908085324, "tuning_nontempered_energy_ratio": 0.691335916519, "hpcp_entropy": {"dvar": 0.243210494518, "var": 0.499387651682, "median": 1.78118777275, "max": 4.48232793808, "dmean": 0.574806392193, "dmean2": 0.965038359165, "mean": 1.76950609684, "dvar2": 0.641211569309, "min": 0}, "chords_changes_rate": 0.0661648213863, "chords_scale": "minor"}, "rhythm": {"bpm_histogram_first_peak_spread": {"dvar": 0, "var": 0, "median": 0.0567163825035, "max": 0.0567163825035, "dmean": 0, "dmean2": 0, "mean": 0.0567163825035, "dvar2": 0, "min": 0.0567163825035}, "bpm_histogram_first_peak_weight": {"dvar": 0, "var": 0, "median": 0.92397660017, "max": 0.92397660017, "dmean": 0, "dmean2": 0, "mean": 0.92397660017, "dvar2": 0, "min": 0.92397660017}, "bpm_histogram_first_peak_bpm": {"dvar": 0, "var": 0, "median": 88, "max": 88, "dmean": 0, "dmean2": 0, "mean": 88, "dvar2": 0, "min": 88}, "bpm": 87.9303588867, "bpm_histogram_second_peak_weight": {"dvar": 0, "var": 0, "median": 0.00877192988992, "max": 0.00877192988992, "dmean": 0, "dmean2": 0, "mean": 0.00877192988992, "dvar2": 0, "min": 0.00877192988992}, "beats_loudness": {"dvar": 0.00036999976146, "var": 0.000651701993775, "median": 0.0490639582276, "max": 0.143267259002, "dmean": 0.0213195104152, "dmean2": 0.0362417548895, "mean": 0.0530705526471, "dvar2": 0.000929646543227, "min": 1.03944066895e-11}, "beats_loudness_band_ratio": {"dvar": [0.0422912240028, 0.0096544791013, 0.0189666002989, 0.0255580060184, 0.00450125336647, 0.0130099235103], "var": [0.0687398612499, 0.00897479709238, 0.0182559099048, 0.0308466739953, 0.00464116502553, 0.0107467789203], "median": [0.502187550068, 0.0396466627717, 0.0775513499975, 0.0904812291265, 0.0422533862293, 0.0804093405604], "max": [0.952188909054, 0.610210597515, 0.822694301605, 0.936982452869, 0.466113209724, 0.66987067461], "dmean": [0.222439363599, 0.0718136429787, 0.119053788483, 0.144166395068, 0.0622512698174, 0.088929489255], "dmean2": [0.39505815506, 0.130666613579, 0.211214959621, 0.256720632315, 0.108579270542, 0.160861477256], "mean": [0.498291671276, 0.0754415839911, 0.125365361571, 0.159765467048, 0.064768768847, 0.104842916131], "dvar2": [0.103673703969, 0.0264138393104, 0.0560063607991, 0.0679187253118, 0.0120916059241, 0.0371893085539], "min": [0, 0, 0, 0, 0, 0]}, "bpm_histogram_second_peak_bpm": {"dvar": 0, "var": 0, "median": 101, "max": 101, "dmean": 0, "dmean2": 0, "mean": 101, "dvar2": 0, "min": 101}, "onset_rate": 4.21575450897, "beats_count": 343, "beats_position": [0.650158703327, 1.3235373497, 1.99691605568, 2.67029476166, 3.35528349876, 4.04027223587, 4.71365070343, 5.39863920212, 6.08362817764, 6.76861667633, 7.45360517502, 8.12698364258, 8.8119726181, 9.49696159363, 10.1703395844, 10.8553285599, 11.5403175354, 12.2253055573, 12.9102945328, 13.5836734772, 14.268661499, 14.9536504745, 15.6270294189, 16.3120174408, 16.99700737, 17.6703853607, 18.3553733826, 19.0403633118, 19.7253513336, 20.4103393555, 21.0837192535, 21.7687072754, 22.4536952972, 23.1270751953, 23.8120632172, 24.497051239, 25.1820411682, 25.8670291901, 26.5404071808, 27.22539711, 27.9103851318, 28.5837631226, 29.2687530518, 29.9537410736, 30.6271190643, 31.3121089935, 31.9970970154, 32.6704750061, 33.3554649353, 34.0404510498, 34.725440979, 35.4104309082, 36.0838088989, 36.7571868896, 37.4421768188, 38.1271629333, 38.8121528625, 39.4971427917, 40.1705207825, 40.8555107117, 41.5404968262, 42.2138786316, 42.8988647461, 43.5838546753, 44.2688446045, 44.953830719, 45.6272087097, 46.3121986389, 46.9971885681, 47.6705665588, 48.355556488, 49.0405426025, 49.7255325317, 50.4105224609, 51.0839004517, 51.7688865662, 52.4538764954, 53.1272544861, 53.8122444153, 54.4972343445, 55.182220459, 55.8672103882, 56.5754165649, 57.2836265564, 57.9570045471, 58.6303825378, 59.3037643433, 59.977142334, 60.6505203247, 61.3238983154, 62.0088882446, 62.6938781738, 63.3672561646, 64.0406341553, 64.714012146, 65.3990020752, 66.0839920044, 66.7805862427, 67.4655761719, 68.1505661011, 68.8239440918, 69.508934021, 70.1939239502, 70.8673019409, 71.5406799316, 72.2256698608, 72.8990478516, 73.5840377808, 74.2690200806, 74.9424057007, 75.6273880005, 76.3123779297, 76.9973678589, 77.6707458496, 78.3557357788, 79.040725708, 79.7257156372, 80.410697937, 81.0840835571, 81.7690658569, 82.4540557861, 83.1274337769, 83.8124237061, 84.4974136353, 85.170791626, 85.8557815552, 86.5407714844, 87.2141494751, 87.9107437134, 88.5841217041, 89.2691116333, 89.9541015625, 90.6274795532, 91.3124694824, 91.9974594116, 92.6708374023, 93.3558273315, 94.0408172607, 94.7141952515, 95.3991851807, 96.0841674805, 96.7691574097, 97.4541473389, 98.1275253296, 98.8125152588, 99.497505188, 100.170883179, 100.867477417, 101.540863037, 102.225845337, 102.910835266, 103.584213257, 104.269203186, 104.954193115, 105.627571106, 106.312561035, 106.997550964, 107.670928955, 108.355918884, 109.040908813, 109.714286804, 110.399269104, 111.084259033, 111.769248962, 112.454238892, 113.127616882, 113.812606812, 114.497596741, 115.170974731, 115.855964661, 116.54094696, 117.22593689, 117.910926819, 118.58430481, 119.2576828, 119.942672729, 120.627662659, 121.312652588, 121.997642517, 122.671020508, 123.356010437, 124.040992737, 124.714370728, 125.399360657, 126.084350586, 126.769340515, 127.454330444, 128.127700806, 128.812698364, 129.497680664, 130.171066284, 130.856048584, 131.552658081, 132.237640381, 132.922622681, 133.607620239, 134.280990601, 134.954376221, 135.627746582, 136.312744141, 136.99772644, 137.682723999, 138.367706299, 139.052688599, 139.726074219, 140.399459839, 141.084442139, 141.769424438, 142.454421997, 143.139404297, 143.836013794, 144.520996094, 145.194366455, 145.867752075, 146.541137695, 147.214508057, 147.887893677, 148.584487915, 149.269470215, 149.954467773, 150.627838135, 151.301223755, 151.986206055, 152.671203613, 153.356185913, 154.041183472, 154.714553833, 155.399536133, 156.072921753, 156.734695435, 157.431289673, 158.127883911, 158.81288147, 159.49786377, 160.17124939, 160.856231689, 161.541213989, 162.214599609, 162.911193848, 163.596191406, 164.292785645, 164.977767944, 165.662765503, 166.347747803, 166.951477051, 167.55519104, 168.147293091, 168.7394104, 169.331512451, 170.01651001, 170.724716187, 171.421310425, 172.117904663, 172.802902222, 173.476272583, 174.149658203, 174.823028564, 175.508026123, 176.193008423, 176.866394043, 177.551376343, 178.236373901, 178.921356201, 179.606338501, 180.29133606, 180.976318359, 181.649703979, 182.334686279, 183.019683838, 183.693054199, 184.378051758, 185.063034058, 185.736419678, 186.421401978, 187.094787598, 187.779769897, 188.464752197, 189.149749756, 189.834732056, 190.519729614, 191.204711914, 191.889694214, 192.563079834, 193.236465454, 193.921447754, 194.606430054, 195.291427612, 195.976409912, 196.661407471, 197.346389771, 198.019775391, 198.693145752, 199.378143311, 200.06312561, 200.74810791, 201.433105469, 202.10647583, 202.791473389, 203.476455688, 204.149841309, 204.834823608, 205.519821167, 206.204803467, 206.889785767, 207.563171387, 208.236557007, 208.921539307, 209.606521606, 210.291519165, 210.976501465, 211.649887085, 212.323257446, 213.008255005, 213.693237305, 214.378234863, 215.063217163, 215.748199463, 216.433197021, 217.106567383, 217.779953003, 218.464935303, 219.149932861, 219.834915161, 220.51991272, 221.193283081, 221.878265381, 222.563262939, 223.236633301, 223.921630859, 224.606613159, 225.291610718, 225.976593018, 226.649978638, 227.334960938, 228.019943237, 228.693328857, 229.378311157, 230.063308716, 230.759902954, 231.468109131, 232.176315308, 232.896133423, 233.615966797], "danceability": 1.12029230595, "bpm_histogram_second_peak_spread": {"dvar": 0, "var": 0, "median": 0.399999976158, "max": 0.399999976158, "dmean": 0, "dmean2": 0, "mean": 0.399999976158, "dvar2": 0, "min": 0.399999976158}}, "lowlevel": {"spectral_flux": {"dvar": 0.00178851606324, "var": 0.00327599816956, "median": 0.083874925971, "max": 0.353520423174, "dmean": 0.0344362221658, "dmean2": 0.0542340315878, "mean": 0.092773757875, "dvar2": 0.00385312363505, "min": 6.76538339239e-11}, "spectral_rolloff": {"dvar": 1299799.375, "var": 5617883.5, "median": 1184.32617188, "max": 19789.0136719, "dmean": 551.238769531, "dmean2": 890.787841797, "mean": 1744.04138184, "dvar2": 2682979.75, "min": 64.599609375}, "barkbands_flatness_db": {"dvar": 0.000627019791864, "var": 0.00313963764347, "median": 0.156807780266, "max": 0.494270831347, "dmean": 0.0237865671515, "dmean2": 0.0339844226837, "mean": 0.166346266866, "dvar2": 0.00123323162552, "min": 0.00821123365313}, "spectral_centroid": {"dvar": 84303.4296875, "var": 429924.125, "median": 1363.09594727, "max": 11153.4853516, "dmean": 241.783706665, "dmean2": 343.552429199, "mean": 1477.88427734, "dvar2": 161136.78125, "min": 205.774719238}, "melbands_skewness": {"dvar": 1.49599647522, "var": 5.21712064743, "median": 1.9492572546, "max": 23.0465927124, "dmean": 0.89727294445, "dmean2": 1.20614743233, "mean": 2.43314766884, "dvar2": 2.61788487434, "min": -2.78159832954}, "melbands": {"dvar": [2.33160262724e-05, 1.38638124554e-05, 1.28860233417e-06, 1.56691399411e-07, 3.2237448977e-07, 4.4090026563e-07, 1.50756775952e-07, 9.00768384327e-08, 1.09371598001e-07, 1.12290337029e-07, 9.28543997247e-08, 1.14758584857e-07, 1.30503693185e-07, 7.928325374e-08, 2.05395735975e-08, 6.72977407135e-09, 7.24352666737e-09, 7.87904053112e-09, 5.29989696574e-09, 3.48437456665e-09, 1.51029122542e-09, 9.08170871838e-10, 7.51738171711e-10, 3.88366228066e-10, 5.92497551022e-10, 2.29659707918e-10, 1.06719431903e-10, 8.76793845861e-11, 5.36411158547e-11, 2.920443401e-11, 5.63482108196e-11, 9.41550518108e-11, 1.06564305991e-10, 6.564671029e-11, 5.04114319733e-11, 3.04286804087e-11, 3.64939467534e-11, 3.12839233685e-11, 4.39694322618e-11, 5.29315480335e-11], "var": [5.09093624714e-05, 2.2277365133e-05, 1.17493163998e-06, 1.6722071905e-07, 4.73474756291e-07, 6.64756214519e-07, 4.60051126083e-07, 2.31567724995e-07, 2.29710266808e-07, 1.89834693742e-07, 2.88784889335e-07, 4.79275570342e-07, 5.97379198553e-07, 3.13786642892e-07, 9.94758337924e-08, 1.60297979335e-08, 1.8639273236e-08, 1.41609195481e-08, 9.26296461756e-09, 6.24569462815e-09, 2.95222712943e-09, 2.24176344155e-09, 2.00236249803e-09, 9.11331732301e-10, 1.51408030558e-09, 4.900177486e-10, 2.62456473221e-10, 2.0504475895e-10, 1.07868387833e-10, 5.0284762465e-11, 8.40995745266e-11, 1.3659186282e-10, 1.65915212125e-10, 1.08914308128e-10, 8.38440844531e-11, 5.5104597968e-11, 5.91941010097e-11, 5.23086088333e-11, 8.23583909404e-11, 1.14908291216e-10], "median": [0.00281456927769, 0.0014653330436, 0.000132924615173, 6.23584346613e-05, 7.71664344938e-05, 8.65168112796e-05, 0.000130067230202, 8.83516768226e-05, 7.45474535506e-05, 0.000110318011139, 0.000100977093098, 8.78051650943e-05, 6.09653216088e-05, 7.08910156391e-05, 4.98847730341e-05, 2.98209379253e-05, 1.68939732248e-05, 2.24480827455e-05, 1.60641557159e-05, 1.43345296237e-05, 8.6304571596e-06, 8.56723090692e-06, 1.0045734598e-05, 7.38350991014e-06, 7.42484553484e-06, 6.34036587144e-06, 3.69665986e-06, 3.63193612429e-06, 2.73496266345e-06, 1.23813242681e-06, 1.13858015993e-06, 9.23884954318e-07, 7.21086450994e-07, 4.03580912689e-07, 3.14704379889e-07, 2.73232416248e-07, 3.46400099716e-07, 3.02850537537e-07, 6.64375590986e-07, 1.24466100715e-06], "max": [0.0484088547528, 0.0478849038482, 0.0113999163732, 0.00594982877374, 0.00954081304371, 0.00917524844408, 0.00955445412546, 0.0118014533073, 0.00870573241264, 0.00946889165789, 0.00926027260721, 0.0100951055065, 0.0127940475941, 0.00874052103609, 0.00388336949982, 0.00275661982596, 0.00305166724138, 0.00208076834679, 0.00245277909562, 0.00130819599144, 0.00104889005888, 0.000996298156679, 0.000936115742661, 0.000687118037604, 0.000698712537996, 0.000426129670814, 0.00023910762684, 0.000234906721744, 0.000134034649818, 0.000118509240565, 0.000150795356603, 0.000258292770013, 0.000245684874244, 0.000235865285504, 0.000274131482001, 0.000143278419273, 0.000114786424092, 0.000149140672875, 0.00026668063947, 0.000196849025087], "dmean": [0.00228558504023, 0.0015864262823, 0.000456952955574, 0.000180362840183, 0.000258786429185, 0.000304601475364, 0.000183411568287, 0.000113245012471, 0.0001266420295, 0.000125127160572, 0.000138317060191, 0.000153929824592, 0.000125022852444, 0.000129983367515, 7.21584656276e-05, 4.20843534812e-05, 3.57807803084e-05, 3.77398755518e-05, 2.83282370219e-05, 2.43217182287e-05, 1.43433917401e-05, 1.16728306239e-05, 1.25164015117e-05, 9.53815379034e-06, 1.14497006507e-05, 8.01199439593e-06, 5.02987722939e-06, 4.63147944174e-06, 3.73918351215e-06, 2.44420175477e-06, 3.2496611766e-06, 3.56516898137e-06, 3.26777785631e-06, 2.54827659774e-06, 2.32128263633e-06, 1.99767146114e-06, 2.17674187297e-06, 1.87034856935e-06, 1.99535884349e-06, 2.87721468339e-06], "dmean2": [0.003067094367, 0.00246441434138, 0.000757077068556, 0.000301014515571, 0.000437575683463, 0.00050798576558, 0.00029134619399, 0.000175064516952, 0.000193838262931, 0.000195186483325, 0.000199661124498, 0.000222550035687, 0.000189781669178, 0.000190205741092, 0.000109235777927, 6.53223469271e-05, 5.65660011489e-05, 6.03762964602e-05, 4.46358972113e-05, 3.86546853406e-05, 2.24262566917e-05, 1.81759860425e-05, 1.90539849427e-05, 1.50113710333e-05, 1.78093632712e-05, 1.30822654683e-05, 7.65039931139e-06, 7.14817997505e-06, 5.71515010961e-06, 3.65190931007e-06, 4.95298672831e-06, 5.49136575501e-06, 4.97681730849e-06, 3.75922536477e-06, 3.34712581207e-06, 2.84904149339e-06, 3.19330683851e-06, 2.74677427115e-06, 2.94502751785e-06, 4.26759243055e-06], "mean": [0.00465253228322, 0.00284288520925, 0.000478212721646, 0.000211237653275, 0.000367582164472, 0.000440148141934, 0.000348786503309, 0.000222271963139, 0.000220512694796, 0.000220888818149, 0.000283982604742, 0.000323508633301, 0.00024368717277, 0.000260076514678, 0.000161196338013, 7.69878461142e-05, 5.96040117671e-05, 6.15388562437e-05, 5.00054229633e-05, 4.04212005378e-05, 2.35967236222e-05, 2.12509439734e-05, 2.26253177971e-05, 1.67570779013e-05, 2.00230206246e-05, 1.37913020808e-05, 8.98947564565e-06, 8.31833858683e-06, 6.31077318758e-06, 3.76000480173e-06, 4.40076837549e-06, 4.59005013909e-06, 4.20625019615e-06, 3.24201050717e-06, 2.9141383493e-06, 2.56545081356e-06, 2.70755049314e-06, 2.35084462474e-06, 2.75621914625e-06, 4.10006396123e-06], "dvar2": [3.91851499444e-05, 3.3495874959e-05, 3.29346153194e-06, 4.09072868024e-07, 8.60774548528e-07, 1.14504859994e-06, 3.34552566983e-07, 2.08366913057e-07, 2.45635362717e-07, 2.8469420954e-07, 1.76874252134e-07, 2.38932699403e-07, 2.85541119638e-07, 1.39745282013e-07, 4.25307220553e-08, 1.6543239667e-08, 1.73547203275e-08, 1.94586977642e-08, 1.37388447286e-08, 8.51598347396e-09, 3.57344620561e-09, 2.11580730713e-09, 1.54005519448e-09, 8.86702655745e-10, 1.23292998033e-09, 5.58207757795e-10, 2.36148572919e-10, 2.09928394113e-10, 1.19269247256e-10, 6.29008026221e-11, 1.28463975568e-10, 2.21592341698e-10, 2.40618108771e-10, 1.38174610642e-10, 1.01117905715e-10, 6.15474685106e-11, 8.08310016143e-11, 6.80940373532e-11, 9.28357390961e-11, 1.10910995665e-10], "min": [8.05323249022e-24, 4.94456082683e-24, 5.94322638955e-24, 6.39261954244e-24, 4.62163272667e-24, 3.22267231938e-24, 8.12500384423e-24, 4.16098095094e-24, 8.03630353519e-24, 5.81940678186e-24, 8.18579740989e-24, 9.27120927319e-24, 1.11152734022e-23, 5.43746478624e-24, 1.7877381982e-23, 1.49204410084e-23, 8.86848394816e-24, 9.39009613363e-24, 7.6455128868e-24, 5.13632107998e-24, 6.48418933302e-24, 8.66514242807e-24, 7.62284023552e-24, 1.51650509979e-23, 1.00498512742e-23, 1.02281030732e-23, 5.1478968249e-24, 1.0508611756e-23, 9.91633341059e-24, 7.93299983307e-24, 1.00658430625e-23, 7.75311193655e-24, 9.37428736109e-24, 6.20637303259e-24, 9.72061623115e-24, 9.86577215973e-24, 1.08394931518e-23, 1.2212530012e-23, 7.74418755313e-24, 6.14737767536e-24]}, "spectral_decrease": {"dvar": 2.01014765387e-17, "var": 5.49951658913e-17, "median": -8.61725180101e-09, "max": 1.80872837855e-19, "dmean": 3.05291236735e-09, "dmean2": 4.23163504237e-09, "mean": -9.61286605872e-09, "dvar2": 3.61256706503e-17, "min": -4.14064658116e-08}, "barkbands_kurtosis": {"dvar": 129.279891968, "var": 227.680480957, "median": 1.28726553917, "max": 318.493103027, "dmean": 4.22426939011, "dmean2": 5.95613861084, "mean": 5.16770267487, "dvar2": 232.149673462, "min": -1.94202542305}, "silence_rate_30dB": {"dvar": 0.0355034917593, "var": 0.027812872082, "median": 1, "max": 1, "dmean": 0.0368572287261, "dmean2": 0.0737217590213, "mean": 0.971369147301, "dvar2": 0.0882999300957, "min": 0}, "gfcc": {"mean": [-10.4236516953, 86.419418335, -133.959625244, 23.069355011, -65.9487533569, 31.7456912994, -35.3385658264, 27.417049408, -24.3596343994, 9.33190250397, -3.80947566032, -1.32705426216, 4.11307239532], "cov": [[19308.1914062, 1393.53161621, -436.540771484, 1336.60424805, -350.29675293, 435.148956299, -42.5730628967, 625.463317871, -278.002716064, 443.127655029, -22.6543712616, 80.801574707, -30.3530006409], [1393.53161621, 1425.28869629, 129.669448853, 321.114471436, 431.523223877, 121.121994019, 328.182067871, 106.94669342, 150.970169067, -10.522397995, 169.245330811, -47.6059036255, 91.8985977173], [-436.540771484, 129.669448853, 1390.24597168, 767.02935791, 264.581085205, 297.976318359, 186.680877686, 137.30456543, 91.4239959717, 27.3986186981, -71.5006103516, 18.0373744965, -101.282218933], [1336.60424805, 321.114471436, 767.02935791, 1174.78356934, 336.532989502, 230.575866699, 280.123168945, 119.385665894, 167.996566772, -37.870513916, 4.71651268005, -21.7895698547, -52.3157997131], [-350.29675293, 431.523223877, 264.581085205, 336.532989502, 616.542236328, 214.852478027, 244.88432312, 100.075393677, 125.152954102, 87.3621520996, 109.169586182, 24.8717002869, 65.7377700806], [435.148956299, 121.121994019, 297.976318359, 230.575866699, 214.852478027, 344.812255859, 178.047714233, 56.6646003723, 60.1754379272, 50.8594169617, 18.4975643158, -0.303475767374, -25.3656291962], [-42.5730628967, 328.182067871, 186.680877686, 280.123168945, 244.88432312, 178.047714233, 358.973297119, 87.6592330933, 91.3205184937, 15.5315275192, 99.4377975464, -16.7673034668, -4.9619808197], [625.463317871, 106.94669342, 137.30456543, 119.385665894, 100.075393677, 56.6646003723, 87.6592330933, 206.548797607, 57.060295105, 65.015953064, 22.2273731232, 26.9808120728, 14.3820581436], [-278.002716064, 150.970169067, 91.4239959717, 167.996566772, 125.152954102, 60.1754379272, 91.3205184937, 57.060295105, 193.490768433, 0.983951508999, 45.6862258911, -1.4930742979, 38.1804733276], [443.127655029, -10.522397995, 27.3986186981, -37.870513916, 87.3621520996, 50.8594169617, 15.5315275192, 65.015953064, 0.983951508999, 186.219604492, 57.0413780212, 55.4302101135, 27.7981643677], [-22.6543712616, 169.245330811, -71.5006103516, 4.71651268005, 109.169586182, 18.4975643158, 99.4377975464, 22.2273731232, 45.6862258911, 57.0413780212, 152.822814941, 40.8716087341, 48.7090606689], [80.801574707, -47.6059036255, 18.0373744965, -21.7895698547, 24.8717002869, -0.303475767374, -16.7673034668, 26.9808120728, -1.4930742979, 55.4302101135, 40.8716087341, 119.355705261, 42.5488433838], [-30.3530006409, 91.8985977173, -101.282218933, -52.3157997131, 65.7377700806, -25.3656291962, -4.9619808197, 14.3820581436, 38.1804733276, 27.7981643677, 48.7090606689, 42.5488433838, 110.653160095]], "icov": [[0.000224252813496, -0.000436379603343, 0.000502044043969, -0.000707176048309, 0.000663033279125, -0.000716893177014, 0.000580618856475, -0.000729967025109, 0.000727860198822, -0.000703494704794, 0.000199022935703, -0.00016070730635, 1.15608963824e-05], [-0.000436379603343, 0.00200070394203, -0.0010494774906, 0.0013334256364, -0.00175368157215, 0.00154109252617, -0.00157136481721, 0.00111296959221, -0.00131399871316, 0.00186930655036, -0.00124388188124, 0.00124749843962, -0.000879839120898], [0.000502044043969, -0.0010494774906, 0.00256230402738, -0.00230360054411, 0.00132802198641, -0.00215274677612, 0.00136714591645, -0.00188911054283, 0.00150308699813, -0.00182627607137, 0.00142225064337, -0.00123387970962, 0.00107844604645], [-0.000707176048309, 0.0013334256364, -0.00230360054411, 0.00395013857633, -0.00251251459122, 0.00238771829754, -0.00239298283122, 0.00218712841161, -0.003031342756, 0.00282134488225, -0.000447049504146, 0.000412130902987, 0.000481588707771], [0.000663033279125, -0.00175368157215, 0.00132802198641, -0.00251251459122, 0.00529294880107, -0.00315462634899, 0.000946457323153, -0.0020384057425, 0.0018847361207, -0.0031037221197, 0.000261945591774, -0.000323780783219, -0.00175567693077], [-0.000716893177014, 0.00154109252617, -0.00215274677612, 0.00238771829754, -0.00315462634899, 0.00749951507896, -0.00400029402226, 0.00294593535364, -0.00296313804574, 0.000884988345206, 0.000779050809797, 0.000206047305255, 0.00109084451105], [0.000580618856475, -0.00157136481721, 0.00136714591645, -0.00239298283122, 0.000946457323153, -0.00400029402226, 0.00832840614021, -0.00360000040382, 0.00182031979784, -0.000349710811861, -0.00376135157421, 0.000986496335827, 0.00168253306765], [-0.000729967025109, 0.00111296959221, -0.00188911054283, 0.00218712841161, -0.0020384057425, 0.00294593535364, -0.00360000040382, 0.00934987608343, -0.003879328724, -0.000420112599386, 0.00137819745578, -0.000835627492052, -0.000151279586134], [0.000727860198822, -0.00131399871316, 0.00150308699813, -0.003031342756, 0.0018847361207, -0.00296313804574, 0.00182031979784, -0.003879328724, 0.0100394906476, -0.00106967426836, -0.00115119677503, 0.00104612216819, -0.00307044037618], [-0.000703494704794, 0.00186930655036, -0.00182627607137, 0.00282134488225, -0.0031037221197, 0.000884988345206, -0.000349710811861, -0.000420112599386, -0.00106967426836, 0.0109666418284, -0.00418937252834, -0.00089444470359, -0.000195341839571], [0.000199022935703, -0.00124388188124, 0.00142225064337, -0.000447049504146, 0.000261945591774, 0.000779050809797, -0.00376135157421, 0.00137819745578, -0.00115119677503, -0.00418937252834, 0.0140359327197, -0.0042530442588, -0.00124023261014], [-0.00016070730635, 0.00124749843962, -0.00123387970962, 0.000412130902987, -0.000323780783219, 0.000206047305255, 0.000986496335827, -0.000835627492052, 0.00104612216819, -0.00089444470359, -0.0042530442588, 0.0133108440787, -0.00500467419624], [1.15608963824e-05, -0.000879839120898, 0.00107844604645, 0.000481588707771, -0.00175567693077, 0.00109084451105, 0.00168253306765, -0.000151279586134, -0.00307044037618, -0.000195341839571, -0.00124023261014, -0.00500467419624, 0.0159530229867]]}, "silence_rate_20dB": {"dvar": 0, "var": 0, "median": 1, "max": 1, "dmean": 0, "dmean2": 0, "mean": 1, "dvar2": 0, "min": 1}, "barkbands_skewness": {"dvar": 0.752468526363, "var": 2.68782615662, "median": 1.13880896568, "max": 15.2892198563, "dmean": 0.645485818386, "dmean2": 0.871500849724, "mean": 1.40472435951, "dvar2": 1.30082333088, "min": -3.94040989876}, "erbbands_skewness": {"dvar": 0.139080822468, "var": 0.67230951786, "median": 0.421626776457, "max": 4.41752338409, "dmean": 0.381938368082, "dmean2": 0.551530122757, "mean": 0.47241845727, "dvar2": 0.291019290686, "min": -3.11226296425}, "spectral_contrast_valleys": {"dvar": [0.229100197554, 0.14549998939, 0.114850178361, 0.114704877138, 0.125371411443, 0.198325693607], "var": [4.13339662552, 2.21582603455, 2.09574055672, 2.14624261856, 2.1688952446, 2.07542252541], "median": [-7.16171646118, -6.77143383026, -7.01184082031, -7.65465354919, -7.49704217911, -9.98724937439], "max": [-5.22800970078, -4.83246517181, -5.05402612686, -5.69608974457, -5.2551279068, -7.14596700668], "dmean": [0.46680098772, 0.383864492178, 0.348670631647, 0.334383964539, 0.303536772728, 0.379501074553], "dmean2": [0.743109166622, 0.618609547615, 0.538799345493, 0.484228879213, 0.423684090376, 0.48234885931], "mean": [-7.89629459381, -6.99485301971, -7.26327037811, -7.90265703201, -7.75608634949, -10.045920372], "dvar2": [0.48105442524, 0.356557905674, 0.270092397928, 0.235950574279, 0.233366549015, 0.352668046951], "min": [-26.8689899445, -27.9156284332, -27.384519577, -27.6025753021, -27.3875808716, -27.2069396973]}, "spectral_strongpeak": {"dvar": 1.11655163765, "var": 2.88756012917, "median": 0.484916210175, "max": 11.8619203568, "dmean": 0.572071075439, "dmean2": 0.969189584255, "mean": 1.21419632435, "dvar2": 2.6968126297, "min": 0}, "erbbands_crest": {"dvar": 7.24351596832, "var": 27.1474323273, "median": 9.38114356995, "max": 31.8583755493, "dmean": 2.84893846512, "dmean2": 4.42604112625, "mean": 10.59471035, "dvar2": 16.5623149872, "min": 2.29093050957}, "barkbands_crest": {"dvar": 8.13678073883, "var": 26.863489151, "median": 10.6907520294, "max": 26.3065261841, "dmean": 2.66302132607, "dmean2": 4.04475402832, "mean": 11.9369010925, "dvar2": 16.7589187622, "min": 1.94648897648}, "spectral_energyband_middle_low": {"dvar": 3.25498258462e-05, "var": 7.2768983955e-05, "median": 0.00652488414198, "max": 0.0587266050279, "dmean": 0.00390941556543, "dmean2": 0.00605804938823, "mean": 0.00921387597919, "dvar2": 7.50890394556e-05, "min": 2.10726924242e-22}, "spectral_contrast_coeffs": {"dvar": [0.00169061345514, 0.00161352904979, 0.00131638813764, 0.000869182811584, 0.000450502935564, 0.000343165389495], "var": [0.00845847371966, 0.00599820399657, 0.00593644054607, 0.00444898288697, 0.00257277628407, 0.00202147103846], "median": [-0.690870046616, -0.709966182709, -0.704437255859, -0.743879497051, -0.779486179352, -0.781975984573], "max": [-0.275118887424, -0.389034867287, -0.412309974432, -0.473370015621, -0.498388409615, -0.463734716177], "dmean": [0.0476247705519, 0.0475653074682, 0.0424445942044, 0.0358497276902, 0.0245534405112, 0.0203975513577], "dmean2": [0.07755638659, 0.0771178454161, 0.0660085380077, 0.0545621402562, 0.037550855428, 0.0318901501596], "mean": [-0.67670071125, -0.707750141621, -0.70254188776, -0.738683879375, -0.775122702122, -0.778835654259], "dvar2": [0.00409725308418, 0.0041278344579, 0.00307218357921, 0.00194926990662, 0.000983982696198, 0.000774400716182], "min": [-0.97071403265, -0.968817651272, -0.965885937214, -0.963079631329, -0.962913393974, -0.962834239006]}, "hfc": {"dvar": 264.819641113, "var": 778.254211426, "median": 22.6701126099, "max": 317.341064453, "dmean": 9.66770553589, "dmean2": 13.6342372894, "mean": 29.3563537598, "dvar2": 531.803527832, "min": 1.21478659499e-16}, "spectral_energyband_high": {"dvar": 3.38451695825e-06, "var": 7.74680029281e-06, "median": 0.000418496201746, "max": 0.037602905184, "dmean": 0.000796590058599, "dmean2": 0.00110700307414, "mean": 0.00130864325911, "dvar2": 6.59366651234e-06, "min": 7.61361188821e-21}, "erbbands_spread": {"dvar": 133.828018188, "var": 433.078125, "median": 27.9852313995, "max": 146.923339844, "dmean": 9.05666923523, "dmean2": 12.8090496063, "mean": 32.2815055847, "dvar2": 269.265075684, "min": 1.12092924118}, "dissonance": {"dvar": 0.000564958900213, "var": 0.00129347923212, "median": 0.462621331215, "max": 0.500000119209, "dmean": 0.0234570112079, "dmean2": 0.0389089435339, "mean": 0.453686177731, "dvar2": 0.00150174961891, "min": 0.213366836309}, "spectral_kurtosis": {"dvar": 4.66370391846, "var": 17.8260879517, "median": 4.14612293243, "max": 71.9845275879, "dmean": 1.54970419407, "dmean2": 2.39141440392, "mean": 4.64032649994, "dvar2": 11.1123638153, "min": -1.53656721115}, "spectral_skewness": {"dvar": 0.0640978440642, "var": 0.362642526627, "median": 1.69331121445, "max": 7.25393295288, "dmean": 0.232379227877, "dmean2": 0.337574720383, "mean": 1.68817818165, "dvar2": 0.126254767179, "min": -0.381876528263}, "pitch_salience": {"dvar": 0.00649174489081, "var": 0.020559374243, "median": 0.494238734245, "max": 0.877901494503, "dmean": 0.0742706134915, "dmean2": 0.113835200667, "mean": 0.47889110446, "dvar2": 0.0144345480949, "min": 0.0650276616216}, "spectral_complexity": {"dvar": 19.3628311157, "var": 101.10043335, "median": 19, "max": 57, "dmean": 3.68948769569, "dmean2": 5.42925071716, "mean": 19.9356060028, "dvar2": 35.7884292603, "min": 0}, "spectral_spread": {"dvar": 783708127232, "var": 3880854749180.0, "median": 4694558, "max": 40454572, "dmean": 730997.25, "dmean2": 956060.1875, "mean": 5152280, "dvar2": 1368881496060.0, "min": 962170.5}, "dynamic_complexity": 2.82084679604, "melbands_crest": {"dvar": 11.095744133, "var": 39.7175254822, "median": 15.1050081253, "max": 34.3023338318, "dmean": 3.14930295944, "dmean2": 4.68628454208, "mean": 16.2614974976, "dvar2": 22.7579154968, "min": 1.75157701969}, "zerocrossingrate": {"dvar": 0.000251852645306, "var": 0.00350646860898, "median": 0.0556640625, "max": 0.5205078125, "dmean": 0.0131079303101, "dmean2": 0.0139358527958, "mean": 0.0673987790942, "dvar2": 0.000251946185017, "min": 0.0029296875}, "spectral_energyband_low": {"dvar": 0.00032139220275, "var": 0.000720845302567, "median": 0.0112269874662, "max": 0.154911383986, "dmean": 0.00907497201115, "dmean2": 0.0125927561894, "mean": 0.0192835424095, "dvar2": 0.000584064458963, "min": 6.87225580805e-23}, "melbands_kurtosis": {"dvar": 837.734558105, "var": 1372.24584961, "median": 5.42605113983, "max": 860.848022461, "dmean": 10.5470581055, "dmean2": 14.8842496872, "mean": 15.2804841995, "dvar2": 1596.85168457, "min": -1.86780893803}, "spectral_energyband_middle_high": {"dvar": 1.52273860294e-05, "var": 0.000117651252367, "median": 0.0061282068491, "max": 0.0951690226793, "dmean": 0.00278940959834, "dmean2": 0.00402991566807, "mean": 0.0100001208484, "dvar2": 3.18135644193e-05, "min": 1.7137809043e-21}, "barkbands_spread": {"dvar": 69.4479217529, "var": 259.212310791, "median": 20.7886981964, "max": 126.175292969, "dmean": 6.54986190796, "dmean2": 9.2628660202, "mean": 23.5723953247, "dvar2": 126.571037292, "min": 0.651056110859}, "mfcc": {"mean": [-639.356750488, 112.630767822, -7.73296928406, 0.242303743958, 0.426610320807, -3.26470947266, 12.1854114532, 3.47691011429, 8.34072589874, 0.141170471907, 6.96746301651, 1.46871829033, 8.13596343994], "cov": [[8633.04980469, 364.499755859, 374.041137695, 1089.09729004, 357.840942383, 341.704833984, 404.180999756, 212.217346191, 60.3582572937, 266.834503174, 199.374099731, 18.0398406982, 78.1644515991], [364.499755859, 1296.17675781, -156.522064209, 87.5120773315, 154.29119873, 71.3098373413, 246.963790894, 65.1560134888, 114.214805603, 58.9685554504, 145.902832031, 62.9122238159, 96.1613845825], [374.041137695, -156.522064209, 1139.60119629, 496.232055664, 214.992141724, 254.012405396, 82.8857269287, 243.785614014, 108.680618286, 85.0499954224, 52.1584091187, 46.0742874146, -47.9697914124], [1089.09729004, 87.5120773315, 496.232055664, 866.059020996, 307.323852539, 251.054367065, 184.76902771, 254.634368896, 118.932418823, 155.982086182, 84.0140151978, 63.8430366516, 1.27213168144], [357.840942383, 154.29119873, 214.992141724, 307.323852539, 392.529907227, 205.157028198, 118.50478363, 113.189277649, 125.886917114, 100.77645874, 71.5642089844, 30.369600296, 47.5875358582], [341.704833984, 71.3098373413, 254.012405396, 251.054367065, 205.157028198, 398.690032959, 187.129776001, 147.95098877, 74.3949813843, 108.520896912, 79.6690063477, 33.6077957153, 40.8098564148], [404.180999756, 246.963790894, 82.8857269287, 184.76902771, 118.50478363, 187.129776001, 314.037200928, 119.138397217, 66.5866775513, 92.5875854492, 110.386802673, 39.8880271912, 65.7767791748], [212.217346191, 65.1560134888, 243.785614014, 254.634368896, 113.189277649, 147.95098877, 119.138397217, 245.131027222, 95.8019638062, 82.1245574951, 46.0279388428, 70.6079177856, 11.8285131454], [60.3582572937, 114.214805603, 108.680618286, 118.932418823, 125.886917114, 74.3949813843, 66.5866775513, 95.8019638062, 165.288146973, 65.8154449463, 57.0783348083, 25.5941066742, 29.2107086182], [266.834503174, 58.9685554504, 85.0499954224, 155.982086182, 100.77645874, 108.520896912, 92.5875854492, 82.1245574951, 65.8154449463, 163.075057983, 67.3100128174, 17.5768032074, 15.3517904282], [199.374099731, 145.902832031, 52.1584091187, 84.0140151978, 71.5642089844, 79.6690063477, 110.386802673, 46.0279388428, 57.0783348083, 67.3100128174, 144.5574646, 40.7242660522, 46.1190414429], [18.0398406982, 62.9122238159, 46.0742874146, 63.8430366516, 30.369600296, 33.6077957153, 39.8880271912, 70.6079177856, 25.5941066742, 17.5768032074, 40.7242660522, 109.588226318, 35.442237854], [78.1644515991, 96.1613845825, -47.9697914124, 1.27213168144, 47.5875358582, 40.8098564148, 65.7767791748, 11.8285131454, 29.2107086182, 15.3517904282, 46.1190414429, 35.442237854, 110.825325012]], "icov": [[0.000146422142279, -1.70647308551e-05, 1.58153434313e-05, -0.000209336867556, 2.18302939174e-05, 9.22369144973e-06, -6.68035281706e-05, 5.74019395572e-05, 0.000123831181554, -7.76790839154e-05, -6.93473266438e-05, 0.000117569477879, -8.90823284863e-05], [-1.70647308551e-05, 0.00105359277222, 0.000233465689234, 3.06091351376e-05, -0.00031547882827, 0.000264854024863, -0.000743054784834, 3.76217103621e-05, -0.000419729418354, 0.000315978220897, -0.000497492379509, -0.000241321205976, 2.4550501621e-05], [1.58153434313e-05, 0.000233465689234, 0.0014573498629, -0.000526895513758, -0.000154602923431, -0.000490438134875, 0.000274170277407, -0.000785278098192, -0.00024407748424, 0.000520547211636, -0.000500214693602, 6.73829927109e-05, 0.00077002751641], [-0.000209336867556, 3.06091351376e-05, -0.000526895513758, 0.00264613539912, -0.00126336468384, 0.000174776971107, -0.000349173555151, -0.00132428866345, 0.000428262661444, -0.00065192533657, 0.000118055497296, -0.000296009820886, 0.000712316075806], [2.18302939174e-05, -0.00031547882827, -0.000154602923431, -0.00126336468384, 0.00516596576199, -0.00167057453655, 0.000470646162285, 0.00100550695788, -0.00243788398802, -0.000538651656825, 0.000326280831359, 0.000182295829291, -0.00126069237012], [9.22369144973e-06, 0.000264854024863, -0.000490438134875, 0.000174776971107, -0.00167057453655, 0.00498260324821, -0.00186032161582, -0.00127317605074, 0.000984468380921, -0.000913153926376, -0.000248972821282, 0.000566398492083, -0.000538539432455], [-6.68035281706e-