{"tonal": {"hpcp": {"dvar": [0.0233847759664, 0.0186655763537, 0.0183128081262, 0.0275024138391, 0.0177196450531, 0.00866886693984, 0.00961164478213, 0.0145681789145, 0.0235409643501, 0.0256720241159, 0.0198284145445, 0.0114062083885, 0.00913476850837, 0.0101534193382, 0.0172360464931, 0.019937351346, 0.0176565684378, 0.0169609636068, 0.0163618382066, 0.0160283800215, 0.0161311477423, 0.0219900999218, 0.0239832829684, 0.0296310707927, 0.0348023362458, 0.0247849170119, 0.0171847119927, 0.0136360805482, 0.0159051436931, 0.0215176641941, 0.0290834084153, 0.0238924901932, 0.0194407328963, 0.0193954780698, 0.0195595249534, 0.0205894317478], "var": [0.0516051054001, 0.0285944100469, 0.0488895513117, 0.111637413502, 0.049400806427, 0.0151222385466, 0.0156961660832, 0.024722263217, 0.0812091901898, 0.119686335325, 0.0496309325099, 0.0157916639, 0.017209738493, 0.0151685737073, 0.0349000357091, 0.0655409544706, 0.0388450399041, 0.0388200134039, 0.0559174232185, 0.0291362982243, 0.0292682647705, 0.043978985399, 0.0379220582545, 0.0865267068148, 0.146625205874, 0.0605535656214, 0.0213397629559, 0.031372115016, 0.0233408082277, 0.0480898171663, 0.109904326499, 0.0742674767971, 0.0307070761919, 0.0552880391479, 0.0368363410234, 0.0442201495171], "median": [0.0186202079058, 0.0193449575454, 0.0462625995278, 0.0621938556433, 0.0385853461921, 0.00983188487589, 0.00810705497861, 0.0163028389215, 0.0631922110915, 0.0965795218945, 0.0552615597844, 0.0134713398293, 0.00557381520048, 0.00703302957118, 0.0184241887182, 0.0272220671177, 0.0231125354767, 0.0190499275923, 0.0182572547346, 0.0183876249939, 0.0131664015353, 0.0113963130862, 0.0220518354326, 0.095139876008, 0.117411062121, 0.0577057860792, 0.0122026577592, 0.00563251273707, 0.0128023717552, 0.0618073046207, 0.0858612731099, 0.0514121241868, 0.0259534735233, 0.0167031995952, 0.021301638335, 0.021484753117], "max": [1, 1, 1, 1, 1, 1, 1, 1, 1, 1, 1, 1, 1, 1, 1, 1, 1, 1, 1, 1, 1, 1, 1, 1, 1, 1, 1, 1, 1, 1, 1, 1, 1, 1, 1, 1], "dmean": [0.0768026337028, 0.0692340359092, 0.0784591510892, 0.0921134352684, 0.0736682787538, 0.0399617217481, 0.0420884937048, 0.062753520906, 0.101021148264, 0.105686627328, 0.0912134796381, 0.0490356013179, 0.0357636734843, 0.0405741669238, 0.0621811822057, 0.0704574659467, 0.067425519228, 0.0613977909088, 0.058775395155, 0.0594951882958, 0.0582514852285, 0.0659041404724, 0.0853016003966, 0.117967285216, 0.119588546455, 0.102318458259, 0.0614421255887, 0.0499367788434, 0.0581996962428, 0.0931295529008, 0.109837457538, 0.0955428928137, 0.0742563009262, 0.0647962391376, 0.0711209252477, 0.0734971016645], "dmean2": [0.128624930978, 0.117988117039, 0.130366906524, 0.151983201504, 0.12145908922, 0.0674381777644, 0.0708959326148, 0.106070533395, 0.168625861406, 0.169753998518, 0.149680152535, 0.0834851786494, 0.0612537004054, 0.0686200559139, 0.105312481523, 0.116449996829, 0.111989557743, 0.101988218725, 0.097115136683, 0.0996076539159, 0.0982492640615, 0.112291455269, 0.146745219827, 0.199309125543, 0.201152786613, 0.170759662986, 0.106736548245, 0.0868804901838, 0.0992350801826, 0.158325478435, 0.183160737157, 0.162562727928, 0.12834469974, 0.108234889805, 0.119057320058, 0.123566754162], "mean": [0.120316267014, 0.0875751003623, 0.1519664675, 0.234160095453, 0.144149512053, 0.0525134578347, 0.0525110550225, 0.0838963165879, 0.20953977108, 0.277226567268, 0.158137977123, 0.0575397983193, 0.0467984862626, 0.0497637614608, 0.0949187353253, 0.138904899359, 0.10820069164, 0.0984271392226, 0.114901401103, 0.0849953964353, 0.0807805731893, 0.0962560772896, 0.109999962151, 0.242816239595, 0.331341713667, 0.185364410281, 0.0691938251257, 0.0694326907396, 0.0749319791794, 0.154539763927, 0.251946032047, 0.182710170746, 0.099155806005, 0.115544952452, 0.104658700526, 0.111782975495], "dvar2": [0.058393586427, 0.0498911887407, 0.0485037043691, 0.0675242617726, 0.0459625907242, 0.0217575374991, 0.0257821697742, 0.0388252213597, 0.0602096840739, 0.0604811869562, 0.0507476590574, 0.0295026358217, 0.0233309678733, 0.0263959374279, 0.0472391471267, 0.0510940924287, 0.0486472435296, 0.0429466105998, 0.0382129177451, 0.0417564958334, 0.0428927913308, 0.0579155124724, 0.0659126937389, 0.0769656822085, 0.0875864177942, 0.0648814290762, 0.0490343794227, 0.0369127355516, 0.0438365377486, 0.0579702183604, 0.0722892582417, 0.0641608834267, 0.0530728474259, 0.0452836714685, 0.0502699501812, 0.0520326606929], "min": [0, 0, 0, 0, 0, 0, 0, 0, 0, 0, 0, 0, 0, 0, 0, 0, 0, 0, 0, 0, 0, 0, 0, 0, 0, 0, 0, 0, 0, 0, 0, 0, 0, 0, 0, 0]}, "key_key": "F", "thpcp": [1, 0.559435784817, 0.208829194307, 0.209550097585, 0.226147130132, 0.46640598774, 0.760381281376, 0.551425218582, 0.299255430698, 0.34871840477, 0.315863341093, 0.337364643812, 0.363118380308, 0.264304488897, 0.458639711142, 0.706702709198, 0.435047894716, 0.158487319946, 0.158480063081, 0.253201782703, 0.632397830486, 0.836678743362, 0.477265536785, 0.173656970263, 0.141239345074, 0.15018863976, 0.286467820406, 0.419219464064, 0.326553195715, 0.297056287527, 0.346776127815, 0.25651884079, 0.24379837513, 0.290503948927, 0.331983447075, 0.732827246189], "chords_key": "F", "tuning_equal_tempered_deviation": 0.0193512979895, "tuning_frequency": 446.142181396, "tuning_diatonic_strength": 0.612979590893, "chords_histogram": [13.9400606155, 2.11712956429, 5.60901832581, 5.2790760994, 1.23728346825, 0.577398955822, 2.77701401711, 0.989826798439, 3.87682151794, 0.137475937605, 4.72917222977, 0.192466318607, 0.659884512424, 0.384932637215, 0.632389307022, 6.48886442184, 0.0549903772771, 9.40335464478, 3.46439361572, 6.24140787125, 9.12840270996, 9.04591655731, 10.3106956482, 2.72202372551], "key_strength": 0.764699876308, "key_scale": "major", "chords_strength": {"dvar": 0.000605401583016, "var": 0.030916582793, "median": 0.546783864498, "max": 0.874824821949, "dmean": 0.0086676729843, "dmean2": 0.00718328682706, "mean": 0.533194541931, "dvar2": 0.00117001484614, "min": -1}, "chords_number_rate": 0.00439923023805, "tuning_nontempered_energy_ratio": 0.707022547722, "hpcp_entropy": {"dvar": 0.245714634657, "var": 0.6307310462, "median": 1.78278124332, "max": 3.65643978119, "dmean": 0.560432970524, "dmean2": 0.944824755192, "mean": 1.70905387402, "dvar2": 0.67328029871, "min": 0}, "chords_changes_rate": 0.0456420108676, "chords_scale": "major"}, "rhythm": {"bpm_histogram_first_peak_spread": {"dvar": 0, "var": 0, "median": 0.623188436031, "max": 0.623188436031, "dmean": 0, "dmean2": 0, "mean": 0.623188436031, "dvar2": 0, "min": 0.623188436031}, "bpm_histogram_first_peak_weight": {"dvar": 0, "var": 0, "median": 0.173913046718, "max": 0.173913046718, "dmean": 0, "dmean2": 0, "mean": 0.173913046718, "dvar2": 0, "min": 0.173913046718}, "bpm_histogram_first_peak_bpm": {"dvar": 0, "var": 0, "median": 101, "max": 101, "dmean": 0, "dmean2": 0, "mean": 101, "dvar2": 0, "min": 101}, "bpm": 100.34135437, "bpm_histogram_second_peak_weight": {"dvar": 0, "var": 0, "median": 0.0969899594784, "max": 0.0969899594784, "dmean": 0, "dmean2": 0, "mean": 0.0969899594784, "dvar2": 0, "min": 0.0969899594784}, "beats_loudness": {"dvar": 9.92802233668e-05, "var": 0.000269419833785, "median": 0.00921391323209, "max": 0.096826851368, "dmean": 0.00804780237377, "dmean2": 0.0135352527723, "mean": 0.0159087367356, "dvar2": 0.000251651217695, "min": 6.12401074296e-10}, "beats_loudness_band_ratio": {"dvar": [0.0141504555941, 0.0262871105224, 0.0169249307364, 0.0199607349932, 0.0117473639548, 0.000914102129173], "var": [0.0350684151053, 0.0709270760417, 0.0488671585917, 0.0446449778974, 0.0160773433745, 0.00125093315728], "median": [0.0720787644386, 0.285212516785, 0.26772582531, 0.0795128494501, 0.0380122289062, 0.00874754227698], "max": [1, 0.932547867298, 0.970062196255, 0.867331445217, 0.767641663551, 0.201839193702], "dmean": [0.0994168072939, 0.180260464549, 0.138192132115, 0.11445619911, 0.0715152174234, 0.0189847499132], "dmean2": [0.17291906476, 0.303829461336, 0.233078107238, 0.192254766822, 0.120419248939, 0.0330805256963], "mean": [0.150591090322, 0.351550489664, 0.301417857409, 0.176015496254, 0.0937257781625, 0.0220562368631], "dvar2": [0.0423216931522, 0.0719234198332, 0.0451775453985, 0.0456864014268, 0.0324718765914, 0.00244118389674], "min": [0.00107334449422, 1.88435898829e-11, 2.21029531483e-12, 2.64481660314e-13, 3.5716790853e-14, 3.7538179352e-14]}, "bpm_histogram_second_peak_bpm": {"dvar": 0, "var": 0, "median": 92, "max": 92, "dmean": 0, "dmean2": 0, "mean": 92, "dvar2": 0, "min": 92}, "onset_rate": 0.716687560081, "beats_count": 300, "beats_position": [0.580498874187, 1.17260766029, 1.764716506, 2.35682535172, 2.94893407822, 3.54104304314, 4.13315200806, 4.73687076569, 5.34058952332, 5.94430828094, 6.5596370697, 7.16335582733, 7.76707458496, 8.35918331146, 8.95129203796, 9.54340076447, 10.1355104446, 10.7276191711, 11.3197278976, 11.9118366241, 12.5039453506, 13.084444046, 13.6765527725, 14.268661499, 14.8607711792, 15.4528799057, 16.0449886322, 16.6254863739, 17.2175960541, 17.8097057343, 18.4134235382, 19.0171432495, 19.6208610535, 20.2129707336, 20.8050785065, 21.3971881866, 22.0009059906, 22.5930156708, 23.1967334747, 23.7888431549, 24.3925609589, 24.984670639, 25.5767803192, 26.168888092, 26.7609977722, 27.353105545, 27.9568252563, 28.5605430603, 29.1642627716, 29.7563705444, 30.3368701935, 30.9173698425, 31.5094776154, 32.1015853882, 32.7053070068, 33.3090248108, 33.9243545532, 34.539680481, 35.1550102234, 35.7471199036, 36.3392295837, 36.9429473877, 37.5698852539, 38.1852149963, 38.7889328003, 39.4042625427, 40.0079803467, 40.6000900269, 41.192199707, 41.795917511, 42.3996353149, 43.0033569336, 43.6070747375, 44.1991844177, 44.8145103455, 45.4298400879, 46.0451698303, 46.6488876343, 47.2526054382, 47.8563270569, 48.4600448608, 49.0637626648, 49.6674804688, 50.2712020874, 50.8633079529, 51.4554176331, 52.0475273132, 52.6396369934, 53.2317466736, 53.8354644775, 54.4391822815, 54.9848518372, 55.5305213928, 56.0761909485, 56.5638084412, 57.0514259338, 57.5390472412, 58.0266647339, 58.5026741028, 58.9786834717, 59.4779129028, 59.977142334, 60.4647598267, 60.952381134, 61.4399986267, 61.9276161194, 62.4152374268, 62.9144668579, 63.4020843506, 63.889705658, 64.4121551514, 64.9462127686, 65.5963668823, 66.2465286255, 66.8966903687, 67.5468444824, 68.1970062256, 68.8471679688, 69.508934021, 70.1707000732, 70.8208618164, 71.4710159302, 72.1211776733, 72.7713394165, 73.4098815918, 74.060043335, 74.7102050781, 75.3603591919, 76.0453491211, 76.7303390503, 77.3805007935, 78.0306549072, 78.6808166504, 79.2961425781, 79.9114761353, 80.4803619385, 81.0376434326, 81.6065292358, 82.1754150391, 82.7443084717, 83.2899780273, 83.835647583, 84.3813171387, 84.8341064453, 85.2868881226, 85.7396774292, 86.2621307373, 86.784576416, 87.3070297241, 87.9223556519, 88.537689209, 89.1530151367, 89.7683410645, 90.3952789307, 91.0222167969, 91.6491622925, 92.3341445923, 93.0191345215, 93.6925125122, 94.3775024414, 95.0624923706, 95.6778182983, 96.3047637939, 96.9200897217, 97.5354156494, 98.1855773926, 98.8357315063, 99.4858932495, 100.136054993, 100.786209106, 101.447982788, 102.10974884, 102.748298645, 103.398452759, 104.071838379, 104.756820679, 105.441810608, 106.068748474, 106.684082031, 107.299407959, 107.926345825, 108.541679382, 109.168617249, 109.783943176, 110.410881042, 111.037818909, 111.653152466, 112.268478394, 112.883804321, 113.522354126, 114.172515869, 114.764625549, 115.345123291, 115.937232971, 116.517730713, 117.109840393, 117.690338135, 118.270835876, 118.862945557, 119.292518616, 119.733695984, 120.163261414, 120.604438782, 121.045623779, 121.486801147, 121.927978516, 122.369155884, 122.798728943, 123.228294373, 123.692695618, 124.157096863, 124.609886169, 125.20199585, 125.79410553, 126.362991333, 126.943489075, 127.512374878, 128.081268311, 128.673370361, 129.253875732, 129.822769165, 130.391647339, 131.030197144, 131.668746948, 132.307296753, 132.945846558, 133.584396362, 134.234558105, 134.896316528, 135.511657715, 136.126983643, 136.74230957, 137.334411621, 137.938140869, 138.553466797, 139.168792725, 139.784118652, 140.411056519, 141.037994385, 141.66494751, 142.280273438, 142.895599365, 143.522537231, 144.137863159, 144.683532715, 145.217590332, 145.751647949, 146.285705566, 146.819763184, 147.237731934, 147.655685425, 148.073654175, 148.491607666, 148.921173096, 149.350738525, 149.757095337, 150.16343689, 150.569793701, 150.976135254, 151.382492065, 151.788833618, 152.19519043, 152.601531982, 153.007888794, 153.391021729, 153.762542725, 154.134063721, 154.493972778, 154.900314331, 155.306671143, 155.713012695, 156.107757568, 156.502487183, 156.885620117, 157.268753052, 157.675094604, 158.069839478, 158.47618103, 158.882537842, 159.288879395, 159.695236206, 160.101577759, 160.531158447, 160.960723877, 161.401901245, 161.843078613, 162.284255981, 162.737045288, 163.178222656, 163.607803345, 164.048980713, 164.478546143, 164.908111572, 165.337677002, 165.76725769, 166.208435059, 166.649612427, 167.114013672, 167.578414917, 168.042816162], "danceability": 0.920461177826, "bpm_histogram_second_peak_spread": {"dvar": 0, "var": 0, "median": 0.524590194225, "max": 0.524590194225, "dmean": 0, "dmean2": 0, "mean": 0.524590194225, "dvar2": 0, "min": 0.524590194225}}, "lowlevel": {"spectral_flux": {"dvar": 0.000242201800575, "var": 0.00144115800504, "median": 0.0370387285948, "max": 0.263196587563, "dmean": 0.0121567714959, "dmean2": 0.0205210335553, "mean": 0.0492952540517, "dvar2": 0.00069398956839, "min": 6.38535543884e-11}, "spectral_rolloff": {"dvar": 286660.34375, "var": 1964328.25, "median": 947.4609375, "max": 22028.4667969, "dmean": 213.103393555, "dmean2": 374.016479492, "mean": 1186.33581543, "dvar2": 704599.875, "min": 21.533203125}, "barkbands_flatness_db": {"dvar": 0.000414426351199, "var": 0.00769404927269, "median": 0.186808794737, "max": 1, "dmean": 0.0176327750087, "dmean2": 0.0275186579674, "mean": 0.196684852242, "dvar2": 0.000873310025781, "min": 0.0316857285798}, "spectral_centroid": {"dvar": 64545.90625, "var": 795016.125, "median": 916.260253906, "max": 11363.2216797, "dmean": 140.255645752, "dmean2": 222.297805786, "mean": 1054.6003418, "dvar2": 148588.5625, "min": 236.886535645}, "melbands_skewness": {"dvar": 7959839, "var": 127863512, "median": 1.83503520489, "max": 126918.226562, "dmean": 91.6549911499, "dmean2": 175.101837158, "mean": 1075.51147461, "dvar2": 16029192, "min": -2.36445450783}, "melbands": {"dvar": [4.06999406399e-10, 2.56946974808e-09, 1.75241758882e-08, 5.13806099889e-08, 5.4179860598e-08, 1.31228006239e-07, 1.25445524191e-07, 2.10682770785e-07, 5.73068120957e-07, 5.07385550463e-07, 9.31512573743e-08, 1.55127125367e-07, 3.83342666055e-07, 1.41060311876e-07, 1.33988207196e-08, 6.64776855785e-09, 3.22627724536e-09, 4.22249968324e-09, 3.63479424337e-09, 3.48319040278e-09, 6.65162203095e-10, 3.51919882124e-10, 9.58331122791e-11, 1.2025476448e-10, 5.044993312e-10, 3.04245621752e-11, 3.42173546442e-11, 8.98639149205e-12, 2.31316615168e-12, 5.03839374735e-13, 2.68147862855e-13, 1.42502708852e-13, 4.97809868956e-14, 2.01754997935e-14, 6.45314846074e-15, 5.94917698614e-15, 1.317744085e-15, 3.56817790638e-16, 3.60149647675e-16, 9.91275180459e-17], "var": [1.39034017632e-09, 1.00576675877e-08, 5.15757072606e-08, 1.55789805945e-07, 1.31893983735e-07, 4.10004076912e-07, 3.19573416618e-07, 4.47604492138e-07, 1.04037599158e-06, 9.04771809473e-07, 2.12976985381e-07, 3.48049439935e-07, 7.50350807266e-07, 2.71807408581e-07, 2.83177001847e-08, 1.2579837616e-08, 8.67908500624e-09, 7.50313766673e-09, 7.59138440998e-09, 6.8011667409e-09, 1.34129396478e-09, 9.61368429309e-10, 2.07266412366e-10, 3.64658608865e-10, 8.19521783768e-10, 8.276986041e-11, 1.01939651165e-10, 2.4978243432e-11, 8.19860672407e-12, 1.28371434576e-12, 8.52249152326e-13, 4.05770198258e-13, 1.57744856673e-13, 7.3962679785e-14, 2.24789330487e-14, 1.50968105204e-14, 4.80031655362e-15, 1.56134536079e-15, 1.10313505292e-15, 3.77127311372e-16], "median": [9.24272808334e-06, 2.55836566794e-05, 7.51626503188e-05, 0.000149862637045, 0.000121261648019, 0.000134778441861, 0.000113856352982, 6.24458043603e-05, 3.12320116791e-05, 2.2769010684e-05, 1.55207162607e-05, 1.47999635374e-05, 1.28250840135e-05, 9.60983470577e-06, 6.26464134257e-06, 4.2232186388e-06, 3.80667233912e-06, 3.33716548084e-06, 3.29601698468e-06, 3.77461492462e-06, 2.70336795438e-06, 2.25776807383e-06, 2.46311901719e-06, 2.31538342632e-06, 1.96509199668e-06, 9.21998434933e-07, 5.79944128276e-07, 4.23741823852e-07, 2.14638077978e-07, 9.81074563811e-08, 5.94571503143e-08, 4.88742060156e-08, 2.71687135012e-08, 2.18783853256e-08, 1.45501974913e-08, 8.7401099691e-09, 4.42591563399e-09, 2.28834373672e-09, 1.54753654336e-09, 1.24018284531e-09], "max": [0.000383732869523, 0.00170922442339, 0.00300890370272, 0.00491867773235, 0.00698556099087, 0.00618714932352, 0.00681077502668, 0.00978656951338, 0.0216827355325, 0.0198234021664, 0.00694862473756, 0.0109275607392, 0.0126465419307, 0.00855607073754, 0.00359296170063, 0.00246144714765, 0.00151091034058, 0.00263998913579, 0.00203100405633, 0.00177033455111, 0.000607846537605, 0.000708340317942, 0.000326411245624, 0.000291134783765, 0.00132531614508, 0.000163380274898, 0.000232793856412, 7.57578090997e-05, 3.02439202642e-05, 3.26240588038e-05, 1.48642739077e-05, 1.54605386342e-05, 7.71631584939e-06, 5.20147796124e-06, 4.17980663769e-06, 3.99101463699e-06, 1.81502161922e-06, 9.031278978e-07, 1.01166745026e-06, 6.00237285653e-07], "dmean": [8.99606311577e-06, 2.17030355998e-05, 7.5379080954e-05, 0.000131679960759, 0.000121226548799, 0.000182809875696, 0.000162649012054, 0.000188601668924, 0.000171371662873, 0.000173613472725, 0.000101695244666, 8.95218472579e-05, 0.00015578782768, 9.88440588117e-05, 3.25066866935e-05, 2.40446042881e-05, 1.71669562405e-05, 1.46324555317e-05, 1.56095666171e-05, 1.43008628584e-05, 7.43926057112e-06, 5.05650132254e-06, 4.07203833674e-06, 4.23031042374e-06, 5.29218004885e-06, 1.82033556939e-06, 1.53609971676e-06, 1.06023651369e-06, 5.41893768968e-07, 1.79310674753e-07, 1.36773365966e-07, 9.0697973576e-08, 5.70729312699e-08, 4.05388327351e-08, 1.92934876964e-08, 1.50743630911e-08, 7.00223123928e-09, 3.81636766633e-09, 2.37130581837e-09, 1.44029699278e-09], "dmean2": [1.39386611409e-05, 2.97254555335e-05, 0.000121679062431, 0.000203086354304, 0.000188059013453, 0.000273978803307, 0.000253774633165, 0.000299238105072, 0.000284029461909, 0.000285069836536, 0.000162608528626, 0.000148691498907, 0.000261300068814, 0.000165885037859, 5.43098249182e-05, 3.98026240873e-05, 2.86453851004e-05, 2.48823489528e-05, 2.58067520917e-05, 2.44864968408e-05, 1.25931364892e-05, 8.48411127663e-06, 6.81536766933e-06, 7.06805849404e-06, 8.77795355336e-06, 3.03427577819e-06, 2.56495604845e-06, 1.7533764094e-06, 8.72572172739e-07, 2.9370090715e-07, 2.18855277012e-07, 1.36286246288e-07, 8.99390570908e-08, 6.22830640395e-08, 2.87673440624e-08, 2.3254976611e-08, 1.04344408669e-08, 5.4942539407e-09, 3.3867650906e-09, 2.01311545212e-09], "mean": [2.31950143643e-05, 5.68551586184e-05, 0.000161128409673, 0.000286075519398, 0.000250037031947, 0.000393218855606, 0.000341982347891, 0.000331384828314, 0.000267512863502, 0.000264855625574, 0.000164641300216, 0.000149732804857, 0.000245237228228, 0.000153087530634, 5.56104205316e-05, 3.99548334826e-05, 3.07560585497e-05, 2.54830592894e-05, 2.81551274384e-05, 2.46318832069e-05, 1.38149835038e-05, 1.05449362309e-05, 8.18305124994e-06, 9.19840749702e-06, 1.00552388176e-05, 4.00374074161e-06, 3.31095088768e-06, 2.28937597058e-06, 1.25248402583e-06, 3.97496023652e-07, 3.1437053849e-07, 2.07185223644e-07, 1.33658190293e-07, 9.32227592898e-08, 4.54480648671e-08, 3.49809141653e-08, 1.66033089499e-08, 8.8248395258e-09, 5.43011591247e-09, 3.5334750681e-09], "dvar2": [1.3378835817e-09, 4.5749897204e-09, 4.79290527267e-08, 1.23471650681e-07, 1.3410289057e-07, 3.10266102588e-07, 3.12433314775e-07, 5.36790707883e-07, 1.62204844401e-06, 1.40187910347e-06, 2.31679095464e-07, 4.21634553049e-07, 1.08753590666e-06, 3.99124076012e-07, 3.62456695768e-08, 1.88985804783e-08, 8.37042346546e-09, 1.36533406803e-08, 1.05538431328e-08, 1.05870405775e-08, 1.95921989743e-09, 9.98248372852e-10, 2.76392353449e-10, 3.35430183629e-10, 1.34217081893e-09, 8.59109589024e-11, 9.70944921685e-11, 2.45401390181e-11, 6.31186075628e-12, 1.35177979921e-12, 7.21037867e-13, 3.0748892473e-13, 1.19923466773e-13, 4.36239450596e-14, 1.28700422173e-14, 1.38027423828e-14, 2.53417752379e-15, 6.0121932728e-16, 7.02690486229e-16, 1.54255155258e-16], "min": [1.61457847662e-24, 1.70747621593e-24, 2.40130068132e-24, 1.66260146891e-24, 1.27654625392e-24, 2.94753814602e-24, 3.28355108202e-24, 3.2009011389e-24, 3.59047201112e-24, 2.75033120276e-24, 2.0467877738e-24, 2.21705728652e-24, 3.54463722038e-24, 3.39494179171e-24, 3.52251361629e-24, 4.08156395703e-24, 2.96507491838e-24, 4.97539503304e-24, 4.06241988058e-24, 3.80446670331e-24, 4.26121953402e-24, 4.84211382765e-24, 4.44443642356e-24, 4.09815685731e-24, 4.88388598474e-24, 5.03254721676e-24, 3.85175260369e-24, 4.51965154986e-24, 3.81581367857e-24, 4.66660923675e-24, 5.07467317796e-24, 4.25435486642e-24, 3.839177372e-24, 6.11511918079e-24, 5.46697765043e-24, 6.34163625099e-24, 5.670778682e-24, 5.49534193314e-24, 6.57359172827e-24, 7.12464065285e-24]}, "spectral_decrease": {"dvar": 3.28351060553e-18, "var": 1.62745270891e-17, "median": -2.01093541818e-09, "max": 1.80933715482e-28, "dmean": 1.03319053313e-09, "dmean2": 1.64398050728e-09, "mean": -3.53462925595e-09, "dvar2": 9.08797530977e-18, "min": -3.25173878934e-08}, "barkbands_kurtosis": {"dvar": 163626.484375, "var": 87422.84375, "median": 3.23708963394, "max": 25049.0585938, "dmean": 9.92582130432, "dmean2": 18.2744865417, "mean": 13.3506555557, "dvar2": 485356.40625, "min": -1.87367832661}, "silence_rate_30dB": {"dvar": 0, "var": 0, "median": 1, "max": 1, "dmean": 0, "dmean2": 0, "mean": 1, "dvar2": 0, "min": 1}, "gfcc": {"mean": [-115.974845886, 130.64175415, -143.739517212, -0.788779973984, -51.2744522095, -28.7061500549, -31.8833942413, -8.25896549225, -21.0344314575, -7.34701919556, -10.3266592026, -0.657213389874, -10.505856514], "cov": [[20563.9824219, 2005.93457031, -4534.49902344, -107.450340271, -1172.30541992, -448.084259033, -70.4850006104, -163.380661011, -190.441513062, -305.124328613, -5.77162599564, -316.793212891, -342.419921875], [2005.93457031, 780.56628418, 63.3342895508, -190.308502197, 6.39726686478, -68.164390564, -66.0371932983, -31.3908233643, -102.013771057, -51.4284858704, 1.6995780468, -11.1819915771, -59.2619667053], [-4534.49902344, 63.3342895508, 1893.51000977, 75.8662872314, 341.673706055, 101.272659302, -200.835403442, -13.6261768341, -65.4506759644, 68.7207336426, -41.8111114502, 121.635383606, 76.6087341309], [-107.450340271, -190.308502197, 75.8662872314, 367.639312744, 81.9558334351, 26.9438343048, -79.2079925537, -24.4271030426, 40.6153564453, 14.2837743759, -35.3161888123, -11.8255624771, 12.3325386047], [-1172.30541992, 6.39726686478, 341.673706055, 81.9558334351, 266.513244629, 50.2433357239, -35.4134559631, 15.6108036041, 10.0002632141, 17.9116592407, -28.1790332794, 5.78828382492, 14.7761316299], [-448.084259033, -68.164390564, 101.272659302, 26.9438343048, 50.2433357239, 186.643920898, 121.062728882, 7.96646213531, -33.9726409912, -19.58984375, 21.2799320221, -2.38478016853, -16.0083770752], [-70.4850006104, -66.0371932983, -200.835403442, -79.2079925537, -35.4134559631, 121.062728882, 281.801940918, 58.978313446, -29.4483337402, -27.5864086151, 42.6197509766, 0.813340783119, -22.1706886292], [-163.380661011, -31.3908233643, -13.6261768341, -24.4271030426, 15.6108036041, 7.96646213531, 58.978313446, 101.308135986, 56.2934112549, 25.4946804047, -1.80078363419, 5.18834114075, 12.2146377563], [-190.441513062, -102.013771057, -65.4506759644, 40.6153564453, 10.0002632141, -33.9726409912, -29.4483337402, 56.2934112549, 146.978179932, 73.2024765015, -5.18337869644, -8.20351696014, 25.3276691437], [-305.124328613, -51.4284858704, 68.7207336426, 14.2837743759, 17.9116592407, -19.58984375, -27.5864086151, 25.4946804047, 73.2024765015, 111.516487122, 26.3802127838, 15.1475200653, 30.1629390717], [-5.77162599564, 1.6995780468, -41.8111114502, -35.3161888123, -28.1790332794, 21.2799320221, 42.6197509766, -1.80078363419, -5.18337869644, 26.3802127838, 110.521354675, 31.9877719879, -10.3175315857], [-316.793212891, -11.1819915771, 121.635383606, -11.8255624771, 5.78828382492, -2.38478016853, 0.813340783119, 5.18834114075, -8.20351696014, 15.1475200653, 31.9877719879, 96.6595153809, 38.8241119385], [-342.419921875, -59.2619667053, 76.6087341309, 12.3325386047, 14.7761316299, -16.0083770752, -22.1706886292, 12.2146377563, 25.3276691437, 30.1629390717, -10.3175315857, 38.8241119385, 84.4714508057]], "icov": [[0.00169003556948, -0.00539825856686, 0.00443637790158, -0.0035154868383, 0.00451433099806, -0.0031857683789, 0.00369707099162, -0.0029842578806, 0.00339784822427, -0.0025086181704, 0.00226660515182, -0.00156073179096, 0.000433074485045], [-0.00539825856686, 0.0191247966141, -0.0141353970394, 0.0122115267441, -0.0148921012878, 0.0106744030491, -0.0109833618626, 0.00901137106121, -0.00950643979013, 0.00803206767887, -0.00732063315809, 0.00500228395686, -0.000197572560865], [0.00443637790158, -0.0141353970394, 0.0126650827006, -0.00899395346642, 0.0109832054004, -0.00944630336016, 0.0109277497977, -0.00844315532595, 0.0100667309016, -0.00758473062888, 0.00654917396605, -0.00526084331796, 0.00117911398411], [-0.0035154868383, 0.0122115267441, -0.00899395346642, 0.0113797290251, -0.0104726636782, 0.00529214274138, -0.00607725558802, 0.00722241448238, -0.00783151760697, 0.00531812384725, -0.00389691116288, 0.00296787638217, -0.000383550155675], [0.00451433099806, -0.0148921012878, 0.0109832054004, -0.0104726636782, 0.0177899096161, -0.00999004486948, 0.0102327307686, -0.0091651789844, 0.00871217343956, -0.00700200488791, 0.00687488215044, -0.00372125464492, 0.000863965309691], [-0.0031857683789, 0.0106744030491, -0.00944630336016, 0.00529214274138, -0.00999004486948, 0.0168664492667, -0.0127532668412, 0.00735760712996, -0.00601690728217, 0.00590971903875, -0.00607218081132, 0.00476231938228, -0.00033483619336], [0.00369707099162, -0.0109833618626, 0.0109277497977, -0.00607725558802, 0.0102327307686, -0.0127532668412, 0.0176010597497, -0.0128216920421, 0.0107946526259, -0.00533411698416, 0.00374836078845, -0.004150159657, 0.00155806506518], [-0.0029842578806, 0.00901137106121, -0.00844315532595, 0.00722241448238, -0.0091651789844, 0.00735760712996, -0.0128216920421, 0.0238795764744, -0.0149388685822, 0.00477670133114, -0.00194826326333, 0.00139657140244, -0.00109931163024], [0.00339784822427, -0.00950643979013, 0.0100667309016, -0.00783151760697, 0.00871217343956, -0.00601690728217, 0.0107946526259, -0.0149388685822, 0.0239797476679, -0.0135969771072, 0.00538969505578, -0.00131751724984, 0.000376242242055], [-0.0025086181704, 0.00803206767887, -0.00758473062888, 0.00531812384725, -0.00700200488791, 0.00590971903875, -0.00533411698416, 0.00477670133114, -0.0135969771072, 0.0214716345072, -0.00949408765882, 0.00374686880969, -0.00464968336746], [0.00226660515182, -0.00732063315809, 0.00654917396605, -0.00389691116288, 0.00687488215044, -0.00607218081132, 0.00374836078845, -0.00194826326333, 0.00538969505578, -0.00949408765882, 0.0174992997199, -0.00867725070566, 0.00549344206229], [-0.00156073179096, 0.00500228395686, -0.00526084331796, 0.00296787638217, -0.00372125464492, 0.00476231938228, -0.004150159657, 0.00139657140244, -0.00131751724984, 0.00374686880969, -0.00867725070566, 0.018829734996, -0.00887430738658], [0.000433074485045, -0.000197572560865, 0.00117911398411, -0.000383550155675, 0.000863965309691, -0.00033483619336, 0.00155806506518, -0.00109931163024, 0.000376242242055, -0.00464968336746, 0.00549344206229, -0.00887430738658, 0.0190924145281]]}, "silence_rate_20dB": {"dvar": 0, "var": 0, "median": 1, "max": 1, "dmean": 0, "dmean2": 0, "mean": 1, "dvar2": 0, "min": 1}, "barkbands_skewness": {"dvar": 3.5230345726, "var": 6.66422271729, "median": 1.44685912132, "max": 133.3331604, "dmean": 0.484309613705, "dmean2": 0.764103472233, "mean": 1.71963977814, "dvar2": 9.86332511902, "min": -2.1892516613}, "erbbands_skewness": {"dvar": 0.275420546532, "var": 3.41151642799, "median": 0.816918194294, "max": 16.6363945007, "dmean": 0.415335774422, "dmean2": 0.654699027538, "mean": 0.971153318882, "dvar2": 0.620790719986, "min": -4.87191677094}, "spectral_contrast_valleys": {"dvar": [0.14245583117, 0.128486678004, 0.111888594925, 0.0971062257886, 0.0939463675022, 0.0625530704856], "var": [4.40692520142, 5.83036279678, 5.71704244614, 5.4006280899, 5.42497730255, 3.2101919651], "median": [-8.64961051941, -7.01784992218, -7.90044260025, -8.4441204071, -8.61133384705, -12.3608322144], "max": [-6.92538499832, -4.70462179184, -5.33412599564, -6.13536596298, -6.30049610138, -9.23168373108], "dmean": [0.317792654037, 0.283005386591, 0.248214647174, 0.2048086375, 0.157626092434, 0.120647668839], "dmean2": [0.519373774529, 0.468968480825, 0.411820471287, 0.34236907959, 0.256043702364, 0.190081641078], "mean": [-8.91613388062, -7.27874612808, -8.16529750824, -8.70143222809, -8.86401939392, -12.4964351654], "dvar2": [0.311959296465, 0.265533000231, 0.223510116339, 0.189612671733, 0.174068927765, 0.113983087242], "min": [-28.3645896912, -27.8486022949, -27.5763130188, -27.6841926575, -27.436132431, -27.4060821533]}, "spectral_strongpeak": {"dvar": 0.838323354721, "var": 2.51899695396, "median": 0.771904706955, "max": 17.4727039337, "dmean": 0.577043771744, "dmean2": 0.951248466969, "mean": 1.34547829628, "dvar2": 2.23235702515, "min": 0}, "erbbands_crest": {"dvar": 9.10098266602, "var": 35.6738471985, "median": 11.4736385345, "max": 35.7714042664, "dmean": 3.2060854435, "dmean2": 5.19526338577, "mean": 12.8618202209, "dvar2": 24.0470123291, "min": 2.54094982147}, "barkbands_crest": {"dvar": 4.94875717163, "var": 21.085357666, "median": 10.7925052643, "max": 26.9169921875, "dmean": 2.50803565979, "dmean2": 4.04720163345, "mean": 11.5937728882, "dvar2": 12.9512071609, "min": 3.12628698349}, "spectral_energyband_middle_low": {"dvar": 3.18083948514e-05, "var": 0.000107044972538, "median": 0.0051580760628, "max": 0.125033691525, "dmean": 0.0030604810454, "dmean2": 0.00486570829526, "mean": 0.00880353432149, "dvar2": 8.67703565746e-05, "min": 1.83504748042e-22}, "spectral_contrast_coeffs": {"dvar": [0.00111435470171, 0.00127523206174, 0.000815120700281, 0.000501126982272, 0.000217089327634, 0.000145238736877], "var": [0.00899891834706, 0.00719224801287, 0.00781424250454, 0.00516409240663, 0.00384934875183, 0.00319850002415], "median": [-0.58597612381, -0.700723290443, -0.75042039156, -0.761271774769, -0.772276639938, -0.7533852458], "max": [-0.32850804925, -0.353804320097, -0.402632325888, -0.508514583111, -0.54733479023, -0.60853767395], "dmean": [0.0411849915981, 0.0431288927794, 0.034530185163, 0.0270833671093, 0.0177888944745, 0.0122237401083], "dmean2": [0.066338121891, 0.0696261823177, 0.0566246956587, 0.0450633056462, 0.0293690599501, 0.019444508478], "mean": [-0.592543542385, -0.696834146976, -0.736450135708, -0.757010996342, -0.769340395927, -0.757644414902], "dvar2": [0.00293627032079, 0.00340764038265, 0.00223009102046, 0.00136385136284, 0.000567325158045, 0.000298212544294], "min": [-0.982572138309, -0.985523879528, -0.983749568462, -0.977126836777, -0.973105549812, -0.963843882084]}, "hfc": {"dvar": 46.2387466431, "var": 259.078948975, "median": 5.12048959732, "max": 124.952766418, "dmean": 3.32997250557, "dmean2": 5.34191274643, "mean": 11.9397573471, "dvar2": 128.87272644, "min": 1.10985840341e-16}, "spectral_energyband_high": {"dvar": 4.46916370578e-09, "var": 2.15211422017e-08, "median": 1.83725096576e-05, "max": 0.00141599297058, "dmean": 2.587966992e-05, "dmean2": 4.08003834309e-05, "mean": 7.46938603697e-05, "dvar2": 1.14525553485e-08, "min": 6.81079029067e-21}, "erbbands_spread": {"dvar": 21.1429805756, "var": 155.212692261, "median": 20.0389556885, "max": 121.543800354, "dmean": 4.11480522156, "dmean2": 6.46710586548, "mean": 21.9415092468, "dvar2": 51.3748893738, "min": 1.34277665615}, "dissonance": {"dvar": 0.000597443780862, "var": 0.00139914487954, "median": 0.450691699982, "max": 0.500000119209, "dmean": 0.0260026678443, "dmean2": 0.0441002808511, "mean": 0.443164974451, "dvar2": 0.00167591415811, "min": 0.224222421646}, "spectral_kurtosis": {"dvar": 12.4120197296, "var": 43.7028503418, "median": 9.86116123199, "max": 46.0849113464, "dmean": 3.97579360008, "dmean2": 6.99944639206, "mean": 11.1703109741, "dvar2": 37.9310646057, "min": -1.34422802925}, "spectral_skewness": {"dvar": 0.0863967612386, "var": 0.688044726849, "median": 1.98244857788, "max": 5.42290687561, "dmean": 0.34577575326, "dmean2": 0.596147060394, "mean": 2.10479664803, "dvar2": 0.252639234066, "min": -0.0392256826162}, "pitch_salience": {"dvar": 0.00336768548004, "var": 0.0163907501847, "median": 0.575296878815, "max": 0.846781313419, "dmean": 0.0666554644704, "dmean2": 0.10867651552, "mean": 0.560203254223, "dvar2": 0.00889147818089, "min": 1.63161166711e-05}, "spectral_complexity": {"dvar": 2.84349346161, "var": 54.9946784973, "median": 10, "max": 45, "dmean": 1.74693989754, "dmean2": 2.88968372345, "mean": 12.007563591, "dvar2": 7.09872770309, "min": 0}, "spectral_spread": {"dvar": 1332491321340.0, "var": 24439756423200.0, "median": 2397374.5, "max": 50221784, "dmean": 231000.84375, "dmean2": 392024.21875, "mean": 3067178, "dvar2": 2657854947330.0, "min": 1451409.875}, "dynamic_complexity": 5.22696113586, "melbands_crest": {"dvar": 7.71654891968, "var": 30.2328624725, "median": 13.1986198425, "max": 40, "dmean": 2.99712777138, "dmean2": 4.85540914536, "mean": 14.064863205, "dvar2": 20.4572906494, "min": 1.90723562241}, "zerocrossingrate": {"dvar": 5.73503857595e-05, "var": 0.00129860965535, "median": 0.03955078125, "max": 0.52978515625, "dmean": 0.00435108225793, "dmean2": 0.00548802595586, "mean": 0.0435355901718, "dvar2": 8.80975130713e-05, "min": 0}, "spectral_energyband_low": {"dvar": 3.84321658942e-08, "var": 1.49393912352e-07, "median": 0.000178802292794, "max": 0.00544994324446, "dmean": 0.000105594597699, "dmean2": 0.000150112551637, "mean": 0.000300112063996, "dvar2": 8.04350861472e-08, "min": 1.71090693256e-23}, "melbands_kurtosis": {"dvar": 426205856938000000, "var": 6711668565080000000, "median": 5.88591814041, "max": 30106992640, "dmean": 23938654, "dmean2": 45298796, "mean": 245912256, "dvar2": 864294891952000000, "min": -1.90239655972}, "spectral_energyband_middle_high": {"dvar": 3.53530231223e-05, "var": 0.00011529558833, "median": 0.00126172997989, "max": 0.112279728055, "dmean": 0.00216901837848, "dmean2": 0.00358145800419, "mean": 0.0055464124307, "dvar2": 0.00010000471957, "min": 1.11256519403e-21}, "barkbands_spread": {"dvar": 9.99453735352, "var": 68.4445037842, "median": 8.43790626526, "max": 111.991134644, "dmean": 2.45114159584, "dmean2": 3.84291505814, "mean": 10.8216562271, "dvar2": 24.0638885498, "min": 0.003064973047}, "mfcc": {"mean": [-748.164001465, 171.78477478, -39.1640892029, 24.3772563934, -14.4226198196, -12.9591712952, -12.7525644302, -4.06303548813, -13.0831279755, -5.83325815201, -7.69817781448, -4.43688392639, -1.11865615845], "cov": [[8348.45605469, 610.978210449, -2180.2565918, -83.2390060425, -1006.96264648, -139.351257324, -111.069000244, 206.484024048, -293.483398438, 273.564910889, 82.5071792603, 79.8175048828, -33.4926490784], [610.978210449, 1334.98791504, 154.51789856, -43.2811851501, 79.302230835, -95.5337142944, 47.329750061, -32.4012718201, -80.0199356079, -69.9788513184, -27.8747558594, -18.7900867462, -35.7735671997], [-2180.2565918, 154.51789856, 1030.65844727, 101.148521423, 361.744384766, 83.9581298828, 31.8047828674, -80.3385162354, 12.7243309021, -111.672691345, -67.3888320923, -28.8523216248, -6.45574140549], [-83.2390060425, -43.2811851501, 101.148521423, 251.036026001, 159.726486206, 24.09441185, -75.4083099365, -40.5947952271, 24.4848594666, 5.92931556702, -29.3377494812, -25.9397068024, 13.628361702], [-1006.96264648, 79.302230835, 361.744384766, 159.726486206, 393.118560791, 38.7288589478, -66.5415878296, -76.9913024902, 30.4457149506, -4.91538858414, -43.599861145, -32.0633659363, -5.58214902878], [-139.351257324, -95.5337142944, 83.9581298828, 24.09441185, 38.7288589478, 138.239257812, 78.2632141113, 35.0089530945, -3.77322697639, -1.95100426674, -4.70053052902, -3.67710924149, -2.86555671692], [-111.069000244, 47.329750061, 31.8047828674, -75.4083099365, -66.5415878296, 78.2632141113, 223.59463501, 96.9458618164, -21.6297454834, -15.0117969513, 7.79222345352, 13.1414308548, -6.93510007858], [206.484024048, -32.4012718201, -80.3385162354, -40.5947952271, -76.9913024902, 35.0089530945, 96.9458618164, 142.737960815, 5.72912359238, -4.99977111816, 22.3291091919, 0.790471374989, -9.37350177765], [-293.483398438, -80.0199356079, 12.7243309021, 24.4848594666, 30.4457149506, -3.77322697639, -21.6297454834, 5.72912359238, 145.79699707, 34.4004936218, 5.84338855743, -4.68117380142, 4.9669508934], [273.564910889, -69.9788513184, -111.672691345, 5.92931556702, -4.91538858414, -1.95100426674, -15.0117969513, -4.99977111816, 34.4004936218, 118.832633972, 30.6438083649, 7.68415021896, -3.31546711922], [82.5071792603, -27.8747558594, -67.3888320923, -29.3377494812, -43.599861145, -4.70053052902, 7.79222345352, 22.3291091919, 5.84338855743, 30.6438083649, 97.0745925903, 27.8605003357, -7.42528009415], [79.8175048828, -18.7900867462, -28.8523216248, -25.9397068024, -32.0633659363, -3.67710924149, 13.1414308548, 0.790471374989, -4.68117380142, 7.68415021896, 27.8605003357, 86.1060638428, 37.2648963928], [-33.4926490784, -35.7735671997, -6.45574140549, 13.628361702, -5.58214902878, -2.86555671692, -6.93510007858, -9.37350177765, 4.9669508934, -3.31546711922, -7.42528009415, 37.2648963928, 84.9119262695]], "icov": [[0.000792452367023, -0.000763637537602, 0.00115633744281, -0.00111281662248, 0.00167001143564, -0.00122631876729, 0.00144351972267, -0.000996907474473, 0.0014033667976, -0.00155385804828, 0.00110567512456, -0.000935592397582, 0.000698149960954], [-0.000763637537602, 0.00167975632939, -0.00113840773702, 0.00116191862617, -0.00201815809123, 0.00232311920263, -0.00210824119858, 0.00118288188241, -0.000933542149141, 0.00182036974002, -0.00103002483957, 0.000975239148829, -0.00035483360989], [0.00115633744281, -0.00113840773702, 0.00355808087625, -0.00138708553277, 0.00077393988613, -0.0022734713275, 0.00123358354904, -0.00042517442489, 0.00158232240938, -0.000518369488418, 0.00153141922783, -0.00139113457408, 0.00112924701534], [-0.00111281662248, 0.00116191862617, -0.00138708553277, 0.00785936415195, -0.00458026491106, 0.000180017756065, -8.45324684633e-05, 0.00101196637843, -0.00216275989078, 0.00205148104578, -0.00105168891605, 0.00263647502288, -0.00254894327372], [0.00167001143564, -0.00201815809123, 0.00077393988613, -0.00458026491106, 0.00920728035271, -0.00395910954103, 0.00428504962474, -0.00130470097065, 0.00245376583189, -0.00459315767512, 0.00302574597299, -0.00179734092671, 0.00201057479717], [-0.00122631876729, 0.00232311920263, -0.0022734713275, 0.000180017756065, -0.00395910954103, 0.0138874296099, -0.00710417563096, 0.00065681268461, -0.00121358060278, 0.0018635148881, -0.00157429696992, 0.0017408846179, -0.000763975316659], [0.00144351972267, -0.00210824119858, 0.00123358354904, -8.45324684633e-05, 0.00428504962474, -0.00710417563096, 0.0123587371781, -0.00686704972759, 0.00325616518967, -0.00356890284456, 0.00306703196838, -0.00302043929696, 0.00134575937409], [-0.000996907474473, 0.00118288188241, -0.00042517442489, 0.00101196637843, -0.00130470097065, 0.00065681268461, -0.00686704972759, 0.0133832711726, -0.00343598308973, 0.00396545277908, -0.00370994396508, 0.00262668938376, -0.00035805196967], [0.0014033667976, -0.00093354214914