{"lowlevel": {"spectral_strongpeak": {"max": 17.1231155396, "dmean": 0.499322474003, "dvar2": 2.64941716194, "dmean2": 0.859795093536, "var": 1.83360743523, "median": 0.485512912273, "min": 0, "dvar": 1.05250060558, "mean": 0.900847136974}, "barkbands_flatness_db": {"max": 0.571066558361, "dmean": 0.02504350245, "dvar2": 0.00154463050421, "dmean2": 0.0386019907892, "var": 0.00546459993348, "median": 0.120875947177, "min": 0.0218874532729, "dvar": 0.000682867423166, "mean": 0.137260735035}, "barkbands_skewness": {"max": 12.9525232315, "dmean": 0.655424237251, "dvar2": 1.36870586872, "dmean2": 1.03426826, "var": 2.30503487587, "median": 1.45513617992, "min": -5.8450460434, "dvar": 0.556808888912, "mean": 1.70286071301}, "spectral_energyband_middle_high": {"max": 0.0454181097448, "dmean": 0.00182060187217, "dvar2": 2.07721532206e-05, "dmean2": 0.00268164766021, "var": 4.20460128225e-05, "median": 0.00267142709345, "min": 1.22756874467e-21, "dvar": 9.77374929789e-06, "mean": 0.00526534719393}, "erbbands_kurtosis": {"max": 101.172447205, "dmean": 1.16864383221, "dvar2": 18.3217468262, "dmean2": 1.82100725174, "var": 25.7380142212, "median": 0.0154218673706, "min": -1.79655992985, "dvar": 8.2924489975, "mean": 1.17925715446}, "erbbands_crest": {"max": 33.4911651611, "dmean": 2.68148303032, "dvar2": 16.1693191528, "dmean2": 4.2472076416, "var": 27.5297088623, "median": 9.08284759521, "min": 2.22603154182, "dvar": 6.87670660019, "mean": 10.3483219147}, "dynamic_complexity": 4.12797832489, "barkbands_crest": {"max": 25.2172470093, "dmean": 2.67207598686, "dvar2": 15.3943777084, "dmean2": 4.3893828392, "var": 18.1906757355, "median": 10.0146579742, "min": 2.07876610756, "dvar": 5.926841259, "mean": 10.6192798615}, "dissonance": {"max": 0.499968975782, "dmean": 0.0226738601923, "dvar2": 0.0017434557667, "dmean2": 0.0382076837122, "var": 0.00113308429718, "median": 0.465272217989, "min": 0.149979442358, "dvar": 0.000621008104645, "mean": 0.457340925932}, "spectral_energyband_low": {"max": 0.167737111449, "dmean": 0.00835374370217, "dvar2": 0.000537136220373, "dmean2": 0.0139643251896, "var": 0.000412593246438, "median": 0.00513493688777, "min": 1.04736084199e-23, "dvar": 0.000202230847208, "mean": 0.0145016163588}, "spectral_contrast_coeffs": {"max": [-0.282554060221, -0.363132476807, -0.361677646637, -0.483870953321, -0.545530080795, -0.574535489082], "dmean": [0.0550962872803, 0.0476323030889, 0.0410560779274, 0.0317565761507, 0.0238384734839, 0.017107186839], "dvar2": [0.00625445507467, 0.00404939660802, 0.00302554643713, 0.00182488688733, 0.00113413168583, 0.000709930143785], "dmean2": [0.0933955013752, 0.0774049535394, 0.0651835650206, 0.0503279790282, 0.0373693145812, 0.0270124599338], "var": [0.00586610054597, 0.00678555993363, 0.00660622958094, 0.00490022264421, 0.00329743186012, 0.00149743736256], "median": [-0.649740159512, -0.744592249393, -0.752959549427, -0.782207787037, -0.794221162796, -0.784946203232], "min": [-0.976931452751, -0.976348638535, -0.977976918221, -0.971540868282, -0.968585431576, -0.963967442513], "dvar": [0.00225170049816, 0.00155930884648, 0.0013056268217, 0.000840561173391, 0.000524151313584, 0.000319300190313], "mean": [-0.645885825157, -0.735546290874, -0.744101405144, -0.771968305111, -0.786169171333, -0.786071658134]}, "silence_rate_60dB": {"max": 1, "dmean": 0.0338727086782, "dvar2": 0.0707069709897, "dmean2": 0.0677527263761, "var": 0.104165367782, "median": 0, "min": 0, "dvar": 0.0327257290483, "mean": 0.118110239506}, "mfcc": {"icov": [[9.82987403404e-05, 2.21611171582e-05, 2.10293819691e-05, 1.74180386239e-05, 4.31276275776e-05, 8.83468237589e-05, 0.00013099044736, -3.99801356252e-05, 0.00019007048104, -0.000139539348311, -5.33137572347e-05, -0.000111005116196, 5.41462759429e-05], [2.21611171582e-05, 0.00100674806163, 0.000206606346183, -0.000467033329187, -0.000683635531459, -4.60545270471e-05, -0.000299530511256, -2.60129254457e-05, -0.000566636736039, 0.000547295145225, -0.000546005845536, 0.000103464873973, 0.000129705760628], [2.10293819691e-05, 0.000206606346183, 0.002438924741, -0.00050856557209, -0.000587140151765, -0.000790803984273, 0.000375682633603, -0.000673772243317, -0.000151688436745, 0.000344668078469, 0.000203935211175, -0.00110650993884, 0.00100177177228], [1.74180386239e-05, -0.000467033329187, -0.00050856557209, 0.0044981460087, -0.00125511467922, 0.000957523065154, 0.000375255476683, -0.00191483995877, 0.00164153904188, -0.00147903396282, 0.00021878509142, -0.000447588390671, 0.000928862777073], [4.31276275776e-05, -0.000683635531459, -0.000587140151765, -0.00125511467922, 0.00553897209466, -0.000894935219549, 9.252037853e-05, 0.000435491499957, -0.000790847814642, -0.000653217721265, -0.000666687148623, -4.17587725678e-05, -0.00070784741547], [8.83468237589e-05, -4.60545270471e-05, -0.000790803984273, 0.000957523065154, -0.000894935219549, 0.00633597373962, -0.00253229727969, 0.000521954265423, -0.000911915907636, 0.000697682844475, 0.000556149461772, -0.00103420577943, -0.000790124235209], [0.00013099044736, -0.000299530511256, 0.000375682633603, 0.000375255476683, 9.252037853e-05, -0.00253229727969, 0.00706180091947, -0.00272035575472, 0.00270397029817, -0.00258491141722, -0.000383854319807, 0.000777612265665, -0.00201934133656], [-3.99801356252e-05, -2.60129254457e-05, -0.000673772243317, -0.00191483995877, 0.000435491499957, 0.000521954265423, -0.00272035575472, 0.0104172118008, -0.00590428011492, 0.00470006559044, -0.00339673878625, 8.38198757265e-05, -0.000389572785934], [0.00019007048104, -0.000566636736039, -0.000151688436745, 0.00164153904188, -0.000790847814642, -0.000911915907636, 0.00270397029817, -0.00590428011492, 0.0124977491796, -0.0076509793289, 0.00433659506962, -0.00215675658546, 0.00129531789571], [-0.000139539348311, 0.000547295145225, 0.000344668078469, -0.00147903396282, -0.000653217721265, 0.000697682844475, -0.00258491141722, 0.00470006559044, -0.0076509793289, 0.0168830417097, -0.00852874759585, 0.00380200590007, -0.00173508841544], [-5.33137572347e-05, -0.000546005845536, 0.000203935211175, 0.00021878509142, -0.000666687148623, 0.000556149461772, -0.000383854319807, -0.00339673878625, 0.00433659506962, -0.00852874759585, 0.0179500933737, -0.00719942338765, 0.00145103491377], [-0.000111005116196, 0.000103464873973, -0.00110650993884, -0.000447588390671, -4.17587725678e-05, -0.00103420577943, 0.000777612265665, 8.38198757265e-05, -0.00215675658546, 0.00380200590007, -0.00719942338765, 0.0194156263024, -0.00714532658458], [5.41462759429e-05, 0.000129705760628, 0.00100177177228, 0.000928862777073, -0.00070784741547, -0.000790124235209, -0.00201934133656, -0.000389572785934, 0.00129531789571, -0.00173508841544, 0.00145103491377, -0.00714532658458, 0.0168326459825]], "cov": [[11951.0449219, -712.079162598, -258.710845947, -81.0584030151, -310.211181641, -417.916656494, -361.375152588, -193.152191162, -267.083435059, 23.6570682526, 60.3067893982, 9.55410957336, -71.7232589722], [-712.079162598, 1396.0657959, 46.2465896606, 227.2368927, 262.936889648, 70.6692733765, 103.966445923, 125.326683044, 103.019180298, 33.7958297729, 73.572303772, 31.2041320801, 8.44825172424], [-258.710845947, 46.2465896606, 523.65057373, 94.6120147705, 94.9702758789, 72.6714706421, -2.3171005249, 75.3156051636, 45.2100334167, -11.8912830353, 9.41925430298, 39.1141624451, -15.9524726868], [-81.0584030151, 227.2368927, 94.6120147705, 329.815704346, 110.611053467, -27.0240535736, 4.98543167114, 73.0746841431, 14.5471496582, 24.5083408356, 35.3984832764, 13.8785543442, -15.4019870758], [-310.211181641, 262.936889648, 94.9702758789, 110.611053467, 272.715881348, 56.7791862488, 37.0680847168, 45.9048614502, 49.6929702759, 34.0681381226, 35.0230751038, 23.5244941711, 13.5133285522], [-417.916656494, 70.6692733765, 72.6714706421, -27.0240535736, 56.7791862488, 234.18270874, 99.3843231201, 26.6732444763, 26.9297809601, 3.02820825577, 4.95043087006, 25.4489192963, 32.5022850037], [-361.375152588, 103.966445923, -2.3171005249, 4.98543167114, 37.0680847168, 99.3843231201, 230.677993774, 51.0744857788, -1.8782119751, 28.617269516, 31.444190979, 14.5272388458, 41.8539924622], [-193.152191162, 125.326683044, 75.3156051636, 73.0746841431, 45.9048614502, 26.6732444763, 51.0744857788, 172.053939819, 69.0165405273, 0.969228088856, 28.7026824951, 23.5354099274, 6.73771476746], [-267.083435059, 103.019180298, 45.2100334167, 14.5471496582, 49.6929702759, 26.9297809601, -1.8782119751, 69.0165405273, 153.832382202, 45.564743042, 4.95367956161, 11.6730108261, -1.31526517868], [23.6570682526, 33.7958297729, -11.8912830353, 24.5083408356, 34.0681381226, 3.02820825577, 28.617269516, 0.969228088856, 45.564743042, 109.324295044, 43.9904098511, 2.18464827538, 8.94697284698], [60.3067893982, 73.572303772, 9.41925430298, 35.3984832764, 35.0230751038, 4.95043087006, 31.444190979, 28.7026824951, 4.95367956161, 43.9904098511, 96.6228866577, 32.6434288025, 12.5477485657], [9.55410957336, 31.2041320801, 39.1141624451, 13.8785543442, 23.5244941711, 25.4489192963, 14.5272388458, 23.5354099274, 11.6730108261, 2.18464827538, 32.6434288025, 79.1228866577, 31.2064285278], [-71.7232589722, 8.44825172424, -15.9524726868, -15.4019870758, 13.5133285522, 32.5022850037, 41.8539924622, 6.73771476746, -1.31526517868, 8.94697284698, 12.5477485657, 31.2064285278, 81.8328704834]], "mean": [-669.922058105, 120.373573303, 5.35024642944, 13.4669151306, 10.0741548538, 7.68640136719, 2.80921959877, 4.52286529541, 5.40615797043, 1.49184310436, 0.732897818089, 3.01442480087, -0.21973054111]}, "melbands_spread": {"max": 163.793548584, "dmean": 6.8325176239, "dvar2": 150.851272583, "dmean2": 10.8895053864, "var": 326.369689941, "median": 19.4086036682, "min": 0.273829847574, "dvar": 61.7485237122, "mean": 22.6942577362}, "barkbands_kurtosis": {"max": 238.042114258, "dmean": 4.26557588577, "dvar2": 220.970199585, "dmean2": 6.89896440506, "var": 256.247283936, "median": 2.08248758316, "min": -1.8988802433, "dvar": 92.4034957886, "mean": 6.47928762436}, "spectral_energyband_high": {"max": 0.00907487235963, "dmean": 0.000286856782623, "dvar2": 8.11524159872e-07, "dmean2": 0.00040951606934, "var": 1.15226271191e-06, "median": 0.000340970931575, "min": 6.93430838941e-21, "dvar": 3.87750048958e-07, "mean": 0.000752522610128}, "hfc": {"max": 132.99810791, "dmean": 5.80690336227, "dvar2": 203.133483887, "dmean2": 8.14553165436, "var": 373.809906006, "median": 12.8905277252, "min": 1.08469656179e-16, "dvar": 98.3510971069, "mean": 19.4232616425}, "spectral_skewness": {"max": 8.32225990295, "dmean": 0.217386379838, "dvar2": 0.193652272224, "dmean2": 0.337217658758, "var": 0.445979893208, "median": 1.74416279793, "min": -0.0662246346474, "dvar": 0.0885857567191, "mean": 1.85694074631}, "erbbands": {"max": [1.75225150585, 34.6176681519, 81.209487915, 161.637451172, 325.134185791, 364.616241455, 210.640304565, 335.507019043, 907.715942383, 364.446075439, 662.012817383, 934.471252441, 396.67855835, 1000.53381348, 1231.42687988, 1846.05786133, 1929.75305176, 1610.23046875, 762.061035156, 1217.98364258, 376.293518066, 829.889709473, 748.686828613, 1484.24035645, 318.014892578, 141.539581299, 155.867401123, 156.096557617, 74.6291885376, 56.5323219299, 45.0022697449, 35.9294891357, 26.3013896942, 28.7117042542, 19.9200382233, 11.4478960037, 12.8977537155, 2.21946549416, 0.63985478878, 0.0202696099877], "dmean": [0.0599785633385, 1.46464848518, 4.70505905151, 4.06228971481, 5.87103462219, 10.4833250046, 5.70306968689, 9.6170091629, 16.3967933655, 9.46498298645, 10.7999734879, 11.1991958618, 13.2514543533, 12.0393953323, 19.1835308075, 19.1429672241, 12.6726112366, 15.8101043701, 11.6468906403, 15.9822597504, 10.1604385376, 13.753487587, 7.80146074295, 7.41203641891, 5.63870573044, 3.14353919029, 3.18843817711, 3.2174038887, 1.95210754871, 1.44116258621, 1.29285955429, 1.03556144238, 0.684832155704, 0.459675908089, 0.261853635311, 0.132424488664, 0.0883112847805, 0.0265668239444, 0.00628554308787, 0.000174580374733], "dvar2": [0.0385580770671, 19.0836601257, 193.59928894, 279.449066162, 923.168395996, 2523.47729492, 456.161346436, 1797.3269043, 4316.57617188, 677.41784668, 1473.85998535, 1185.49121094, 1686.31921387, 2429.52563477, 6235.80957031, 4339.83740234, 2169.40405273, 2810.87573242, 1941.50866699, 4706.14501953, 855.067810059, 3191.71875, 625.70300293, 969.085205078, 314.328735352, 154.436538696, 166.781997681, 165.796981812, 53.3980140686, 29.1561050415, 18.6489601135, 10.1725168228, 3.90989327431, 1.62536776066, 0.617561578751, 0.170946791768, 0.199348509312, 0.0111215021461, 0.000528686854523, 4.0453943484e-07], "dmean2": [0.101059377193, 2.45816206932, 8.014585495, 6.93746900558, 10.526509285, 18.4237098694, 9.73774719238, 16.3265476227, 25.7007904053, 15.1210403442, 17.2216014862, 17.2016525269, 20.9071273804, 19.0725574493, 30.1404037476, 29.1766242981, 18.9814815521, 24.3768482208, 18.0570583344, 25.2216835022, 16.3637771606, 22.3338394165, 11.8538713455, 10.4621658325, 8.41405582428, 4.78892803192, 4.91716814041, 5.10280370712, 3.04597783089, 2.27080631256, 1.98930346966, 1.57515156269, 1.00355422497, 0.67253023386, 0.388268172741, 0.194449037313, 0.13456903398, 0.038129452616, 0.00890628062189, 0.000248148106039], "var": [0.0222010016441, 11.7721719742, 119.455787659, 115.558364868, 215.783691406, 749.689758301, 203.531219482, 615.283996582, 4143.27880859, 721.711730957, 1486.92773438, 1341.26306152, 1344.19763184, 2149.1340332, 6241.08349609, 14262.6582031, 4227.55322266, 7581.02294922, 1976.18334961, 3455.98901367, 660.683898926, 2040.71643066, 909.460449219, 3504.77441406, 530.652648926, 121.87563324, 94.2398757935, 95.1333312988, 40.9954147339, 25.133895874, 20.9516143799, 14.3526010513, 7.27066612244, 3.32788848877, 1.30599820614, 0.342707693577, 0.168723240495, 0.0128288036212, 0.000866756949108, 6.4706472358e-07], "median": [0.0259259045124, 0.596682727337, 2.06238389015, 1.63141107559, 1.96087479591, 2.44019341469, 2.54629302025, 3.85136032104, 7.04675865173, 8.80801677704, 7.24914550781, 8.77542877197, 10.0567655563, 8.31066513062, 8.93835258484, 7.20731019974, 7.66833877563, 7.79574728012, 6.61289548874, 8.96602058411, 8.09562683105, 6.22495937347, 5.31295061111, 3.45664906502, 2.90143442154, 2.05910921097, 2.72757983208, 2.36574244499, 1.51367390156, 1.02108049393, 0.922450184822, 0.836635053158, 0.574598014355, 0.403365164995, 0.239059984684, 0.11973529309, 0.0551916882396, 0.0123579120263, 0.00146040238906, 8.01008354756e-05], "min": [1.5440894515e-22, 3.6425014899e-22, 1.49935240488e-21, 3.84921551027e-21, 1.14853591844e-20, 2.41138545105e-20, 4.40585474814e-20, 7.04314952527e-20, 6.97325857962e-20, 3.09993592437e-20, 1.51034701251e-19, 3.85575301592e-19, 4.62107034142e-19, 7.82889588545e-19, 9.23530196713e-19, 1.50830542736e-18, 1.83755360665e-18, 1.35586906856e-18, 2.4761300085e-18, 3.25468625631e-18, 2.79328718538e-18, 4.24169284567e-18, 4.98619758317e-18, 6.70973095982e-18, 8.00395677138e-18, 7.85310549743e-18, 8.73638798067e-18, 9.58366990929e-18, 1.10168058155e-17, 1.258968396e-17, 1.10992881302e-17, 9.9377098289e-18, 9.57152358917e-18, 9.49455856908e-18, 6.19141752005e-18, 4.34429798321e-18, 2.52328199175e-18, 1.02657187882e-18, 2.53766552523e-19, 2.62558387067e-20], "dvar": [0.0138225192204, 7.19492387772, 68.4238815308, 104.759788513, 321.606414795, 918.660522461, 166.637374878, 656.116333008, 2048.62426758, 276.760284424, 593.91583252, 522.539978027, 684.092834473, 1091.46411133, 2560.77441406, 2066.01757812, 1291.61352539, 1312.83215332, 938.146362305, 2003.31481934, 355.307159424, 1289.37854004, 325.790252686, 687.901000977, 155.200912476, 66.2872009277, 69.9425048828, 67.7105026245, 23.0247840881, 12.3154783249, 8.2947435379, 4.85344076157, 1.96579182148, 0.834784984589, 0.289277672768, 0.0813508182764, 0.0828886255622, 0.00493591977283, 0.000291547650704, 2.23310806291e-07], "mean": [0.0972320884466, 2.13608360291, 7.20847177505, 5.83877754211, 5.88314294815, 10.1584863663, 7.59837865829, 12.4962806702, 25.5446052551, 18.6504802704, 19.1093826294, 21.706407547, 23.6670017242, 20.6012973785, 34.4089355469, 46.2686653137, 25.1474876404, 36.0110473633, 20.5367507935, 27.6567840576, 17.7518863678, 21.7480659485, 14.1725187302, 14.9185800552, 11.4355278015, 6.13922166824, 5.67130327225, 5.68599891663, 3.82033991814, 2.94083380699, 2.74774670601, 2.32171702385, 1.65176701546, 1.11982119083, 0.658419072628, 0.336091339588, 0.192575633526, 0.055950447917, 0.0114234248176, 0.000329546979629]}, "spectral_contrast_valleys": {"max": [-5.24972200394, -4.61148738861, -5.17307472229, -5.47617483139, -5.55504751205, -7.92878293991], "dmean": [0.444677054882, 0.453855484724, 0.413897544146, 0.385433346033, 0.335816800594, 0.293159097433], "dvar2": [0.340548396111, 0.429955631495, 0.377335399389, 0.349719703197, 0.305589616299, 0.28446996212], "dmean2": [0.719704985619, 0.707904696465, 0.6196205616, 0.570947885513, 0.46605604887, 0.386887162924], "var": [4.44807195663, 4.42216682434, 4.03892469406, 3.94258189201, 4.1420750618, 3.8141772747], "median": [-7.25070858002, -6.81158733368, -7.44332551956, -7.80287408829, -7.85753631592, -9.9654417038], "min": [-28.2824878693, -27.9877548218, -27.6033859253, -27.7754440308, -27.5014019012, -27.3861675262], "dvar": [0.151281744242, 0.202858492732, 0.193135052919, 0.180789157748, 0.176311597228, 0.164501741529], "mean": [-7.66803073883, -7.16598653793, -7.74617433548, -8.08642292023, -8.21737098694, -10.3243618011]}, "average_loudness": 0.698775351048, "erbbands_spread": {"max": 179.608337402, "dmean": 8.07838916779, "dvar2": 163.250915527, "dmean2": 12.3905096054, "var": 317.926605225, "median": 36.3448944092, "min": 0.600005507469, "dvar": 74.1980514526, "mean": 37.8830795288}, "melbands_flatness_db": {"max": 0.728511929512, "dmean": 0.0316958911717, "dvar2": 0.00239081517793, "dmean2": 0.0490606576204, "var": 0.00887323264033, "median": 0.199402332306, "min": 0.00350297964178, "dvar": 0.00104873103555, "mean": 0.213382273912}, "barkbands_spread": {"max": 119.804992676, "dmean": 5.97163820267, "dvar2": 101.931365967, "dmean2": 9.32058811188, "var": 213.575881958, "median": 21.6426277161, "min": 0.304958879948, "dvar": 45.9531478882, "mean": 23.3521995544}, "spectral_decrease": {"max": 1.39721101714e-28, "dmean": 3.03375879973e-09, "dvar2": 4.91577324562e-17, "dmean2": 4.840525758e-09, "var": 5.08167292015e-17, "median": -4.81440842748e-09, "min": -4.59174849254e-08, "dvar": 1.95234079851e-17, "mean": -7.1078845032e-09}, "melbands_crest": {"max": 31.3584136963, "dmean": 3.80946469307, "dvar2": 31.9797134399, "dmean2": 6.33570337296, "var": 38.8287467957, "median": 15.5225763321, "min": 1.57779383659, "dvar": 11.8559703827, "mean": 16.03647995}, "erbbands_flatness_db": {"max": 0.488709062338, "dmean": 0.0175612028688, "dvar2": 0.000784299394581, "dmean2": 0.02534930408, "var": 0.00317729380913, "median": 0.129156887531, "min": 0.0307006575167, "dvar": 0.000398260744987, "mean": 0.1400462538}, "melbands_kurtosis": {"max": 869.921447754, "dmean": 9.93688964844, "dvar2": 1093.29931641, "dmean2": 16.1705112457, "var": 1306.1282959, "median": 7.77094459534, "min": -1.88382399082, "dvar": 472.679718018, "mean": 17.4500141144}, "spectral_rms": {"max": 0.0130848679692, "dmean": 0.000984681770205, "dvar2": 3.2170587474e-06, "dmean2": 0.0015031961957, "var": 6.623380159e-06, "median": 0.00436411146075, "min": 3.12857010264e-12, "dvar": 1.3764833966e-06, "mean": 0.00461171008646}, "melbands_skewness": {"max": 22.2501964569, "dmean": 0.903722763062, "dvar2": 2.45764279366, "dmean2": 1.4288482666, "var": 4.12430047989, "median": 2.46113228798, "min": -4.55338764191, "dvar": 1.02091681957, "mean": 2.78898620605}, "barkbands": {"max": [0.00231956364587, 0.128245636821, 0.0736678019166, 0.0726240575314, 0.0882311984897, 0.0314687080681, 0.0524138025939, 0.0251390691847, 0.0322507843375, 0.0249964632094, 0.0387120507658, 0.0358694419265, 0.0373431630433, 0.0281500387937, 0.0217959638685, 0.0145370075479, 0.0144578386098, 0.0147388055921, 0.0209341626614, 0.00418524304405, 0.00328349554911, 0.0019097753102, 0.0016012567794, 0.00149421032984, 0.00264001009054, 0.00469830259681, 0.00260763661936], "dmean": [3.51420530933e-05, 0.00521553540602, 0.00382944126613, 0.00142416241579, 0.00251825153828, 0.000990208121948, 0.000987073173746, 0.00046461445163, 0.000525993586052, 0.000404734280892, 0.000492520746775, 0.000439527822891, 0.000276178790955, 0.000325344415614, 0.000270092801657, 0.000211625534575, 0.000244311348069, 0.000144128425745, 0.000140353949973, 6.92854446243e-05, 8.25979295769e-05, 5.17418702657e-05, 4.42758137069e-05, 4.39260438725e-05, 3.69238041458e-05, 3.79403791158e-05, 2.95318277495e-05], "dvar2": [3.49125315324e-08, 0.000248116761213, 0.000134932255605, 5.05556017742e-05, 0.000143297715113, 1.60181898536e-05, 1.39042367664e-05, 2.24957580031e-06, 2.69421593657e-06, 1.99788337341e-06, 4.86356748297e-06, 2.22415087592e-06, 1.23191148305e-06, 1.2181154716e-06, 1.39485950967e-06, 5.2043407095e-07, 9.12849145607e-07, 2.47986235991e-07, 2.41667635237e-07, 7.6425273221e-08, 1.07181463704e-07, 3.73662771835e-08, 2.33308874442e-08, 1.64562408145e-08, 1.01945882847e-08, 2.58850860746e-08, 1.11602416197e-08], "dmean2": [6.15063036093e-05, 0.00874079950154, 0.00652436167002, 0.00247517554089, 0.00445595383644, 0.00167652708478, 0.00153319793753, 0.000744061544538, 0.000814130238723, 0.000644050305709, 0.000784639792982, 0.000669307366479, 0.000423137127655, 0.000501357542817, 0.000422733952291, 0.000341441162163, 0.000398400006816, 0.000216010914301, 0.000202314549824, 0.000106498322566, 0.000129506239318, 8.10382698546e-05, 6.80387602188e-05, 6.50257061352e-05, 5.32171907253e-05, 5.563438026e-05, 4.14914175053e-05], "var": [1.0506254533e-08, 0.000152066364535, 8.91134623089e-05, 1.50668101924e-05, 3.89408851333e-05, 6.28062207397e-06, 1.40894489959e-05, 2.6205696031e-06, 2.57533747572e-06, 1.55248744704e-06, 4.62140587842e-06, 7.68701374909e-06, 2.58298450717e-06, 2.33643663705e-06, 1.06613595108e-06, 3.83467835263e-07, 6.233132126e-07, 3.82523779763e-07, 7.2766545145e-07, 5.8697775529e-08, 6.18797386664e-08, 2.92878112873e-08, 2.57601655562e-08, 2.94313817761e-08, 2.4552285538e-08, 3.01139770897e-08, 1.8581891581e-08], "median": [4.6122177082e-06, 0.00201721815392, 0.00144869065844, 0.000423252233304, 0.00070919864811, 0.000421536562499, 0.000577819242608, 0.00027259424678, 0.000363161962014, 0.000286779977614, 0.000149521758431, 0.000131859545945, 0.000122683573863, 0.000143387587741, 0.000129078805912, 0.00011424778495, 0.000108010513941, 7.40117320674e-05, 6.18787889834e-05, 4.25462530984e-05, 6.56477059238e-05, 4.05912142014e-05, 3.12447773467e-05, 3.75423114747e-05, 3.54474104824e-05, 2.92873555736e-05, 7.16759677744e-06], "min": [3.86829777789e-25, 2.9827680824e-24, 1.14393005828e-24, 1.29369382202e-24, 8.87405251729e-24, 7.81309297548e-24, 7.50056127318e-24, 1.81819383005e-24, 1.70130917748e-23, 1.77765292707e-23, 1.16932615323e-23, 3.01717523686e-23, 3.6932956125e-23, 3.55767969438e-23, 4.77164638183e-23, 5.17342049838e-23, 6.40364024483e-23, 9.93229522215e-23, 1.22589439055e-22, 1.80197376122e-22, 2.75654733203e-22, 3.15680172382e-22, 3.78710764554e-22, 5.36548301147e-22, 9.01358579244e-22, 1.38052587021e-21, 1.78920862862e-21], "dvar": [1.23308083744e-08, 9.35648204177e-05, 4.85796263092e-05, 1.85581684491e-05, 5.11262551299e-05, 5.85239831707e-06, 6.56124666421e-06, 8.99899816886e-07, 1.15165755687e-06, 8.75814464507e-07, 2.00928525373e-06, 1.07125845261e-06, 6.88813770466e-07, 5.75302408379e-07, 6.10870472428e-07, 2.26066191544e-07, 3.71797398202e-07, 1.43386600371e-07, 1.61584893021e-07, 3.36595071815e-08, 4.44308163594e-08, 1.60340434263e-08, 1.0375103443e-08, 8.25991008924e-09, 5.31305266449e-09, 1.11254392365e-08, 6.04694827544e-09], "mean": [4.01978868467e-05, 0.00759272370487, 0.0059675402008, 0.00152335653547, 0.00250966916792, 0.00134747626726, 0.00165336730424, 0.000837791187223, 0.000953977229074, 0.000675301533192, 0.000771573279053, 0.00103342626244, 0.000516429019626, 0.000652414688375, 0.000450692372397, 0.000340301223332, 0.000380919722375, 0.000245661183726, 0.000277553190244, 0.000125565609778, 0.000146801379742, 0.000102487465483, 9.47888329392e-05, 0.000106096296804, 9.51516922214e-05, 9.16833305382e-05, 5.56528539164e-05]}, "spectral_kurtosis": {"max": 100.510734558, "dmean": 1.66182267666, "dvar2": 25.4194812775, "dmean2": 2.64609932899, "var": 41.7613334656, "median": 4.62876415253, "min": -1.26287949085, "dvar": 11.470451355, "mean": 5.93534803391}, "erbbands_skewness": {"max": 7.13699626923, "dmean": 0.377278000116, "dvar2": 0.422358602285, "dmean2": 0.575968563557, "var": 0.654652655125, "median": 0.307844787836, "min": -5.50664710999, "dvar": 0.188867807388, "mean": 0.322235554457}, "melbands": {"max": [0.0269082784653, 0.0394605025649, 0.0285399276763, 0.0241704564542, 0.00744416518137, 0.00722290528938, 0.012782544829, 0.00339581537992, 0.00508318515494, 0.00524267600849, 0.00207960722037, 0.00433250702918, 0.00572571251541, 0.0037433328107, 0.00377848092467, 0.00509943487123, 0.00274889171124, 0.00149603618775, 0.00200311886147, 0.00147490587551, 0.000592065334786, 0.00108415063005, 0.00086842518067, 0.000678691430949, 0.00155695620924, 0.000173117470695, 0.000281656131847, 0.000109568878543, 0.000107253312308, 8.50127398735e-05, 0.000104167258542, 4.74021107948e-05, 3.75557974621e-05, 3.84395389119e-05, 2.79230298474e-05, 2.73371388175e-05, 2.86285539914e-05, 2.00352660613e-05, 1.9485662051e-05, 3.29860813508e-05], "dmean": [0.000998448813334, 0.0022790285293, 0.000698563584592, 0.000628772249911, 0.000246086332481, 0.000216159562115, 0.000231188634643, 9.55117866397e-05, 9.13962139748e-05, 7.23474440747e-05, 6.72717214911e-05, 4.81830538774e-05, 7.51313054934e-05, 4.73641666758e-05, 3.99188138545e-05, 2.83664776362e-05, 3.05154117086e-05, 2.04325715458e-05, 2.02894243557e-05, 1.9237781089e-05, 1.18355255836e-05, 1.69114846358e-05, 8.74868510436e-06, 6.799246421e-06, 6.60616478854e-06, 4.67789686809e-06, 3.16507089337e-06, 2.05476317205e-06, 2.12370787267e-06, 2.20299330067e-06, 1.85548105947e-06, 1.20673530546e-06, 9.45151157339e-07, 8.19486672299e-07, 8.0022698512e-07, 7.44301303257e-07, 6.57930684156e-07, 5.05746413637e-07, 4.88891885198e-07, 3.927606258e-07], "dvar2": [9.57115298661e-06, 4.24400022894e-05, 8.58223029354e-06, 9.53954167926e-06, 9.32189266223e-07, 8.10402866591e-07, 8.49484024457e-07, 6.941173325e-08, 1.03790718242e-07, 4.70507153238e-08, 4.38557101745e-08, 4.04666700149e-08, 1.08844645297e-07, 2.70375739575e-08, 1.8799356738e-08, 1.06140651823e-08, 1.04969650749e-08, 6.3857945598e-09, 1.02424877468e-08, 5.2437854059e-09, 1.3623451256e-09, 5.18961140727e-09, 1.22867216401e-09, 5.40259392778e-10, 9.59540669143e-10, 2.06784742107e-10, 1.40219877376e-10, 7.27609777984e-11, 7.31026142398e-11, 7.39449404485e-11, 5.45219147607e-11, 2.08144057545e-11, 1.17436147612e-11, 9.80823061658e-12, 7.22448793497e-12, 6.29620184114e-12, 4.12049908083e-12, 2.203435134e-12, 2.06647849874e-12, 1.25247175912e-12], "dmean2": [0.0016703348374, 0.00385188893415, 0.0011981142452, 0.00111979723442, 0.000424285448389, 0.000363144528819, 0.000363088562153, 0.000154351742822, 0.00014533547801, 0.000111430927063, 0.000106015933852, 7.66703233239e-05, 0.000118871299492, 7.20531315892e-05, 5.98085316597e-05, 4.37047383457e-05, 4.70048726129e-05, 3.14909375447e-05, 3.21931256622e-05, 3.05593421217e-05, 1.94955246116e-05, 2.77268372884e-05, 1.36871321956e-05, 1.02400681499e-05, 9.35082698561e-06, 7.14080624675e-06, 4.7910352805e-06, 3.20418757838e-06, 3.31391515829e-06, 3.52795882463e-06, 2.97448264064e-06, 1.90608909634e-06, 1.50404389387e-06, 1.30473927129e-06, 1.25755911995e-06, 1.16153319141e-06, 1.01588022972e-06, 7.56900874421e-07, 7.36407912427e-07, 5.81357880947e-07], "var": [5.87416207054e-06, 2.77712133538e-05, 3.38858285431e-06, 2.50738321483e-06, 3.35778793215e-07, 3.04891614178e-07, 7.96713834461e-07, 7.91993031157e-08, 9.69580398191e-08, 5.11634610234e-08, 3.43957182736e-08, 3.48034383535e-08, 1.03063676704e-07, 1.00697626237e-07, 4.44737437988e-08, 2.58769450312e-08, 2.79023613103e-08, 6.57066179244e-09, 7.09573599877e-09, 3.95273458409e-09, 9.11869746378e-10, 2.98058511206e-09, 1.33333089014e-09, 8.36164359974e-10, 3.36347683039e-09, 2.85641482689e-10, 1.72991912462e-10, 4.76437188313e-11, 4.0288272718e-11, 3.94909174806e-11, 3.06759166679e-11, 1.43351736731e-11, 9.48043553384e-12, 7.67947771346e-12, 7.1804641226e-12, 6.60180287174e-12, 5.41754792069e-12, 3.50482273412e-12, 3.32024035002e-12, 2.26661940085e-12], "median": [0.00040358438855, 0.00113654113375, 0.000354926392902, 0.000160475261509, 0.000101663266832, 9.01092935237e-05, 0.000113577138109, 8.53638339322e-05, 5.68580435356e-05, 5.2555660659e-05, 4.75533852295e-05, 2.97971037071e-05, 2.51751225733e-05, 1.65499914146e-05, 1.70500588865e-05, 1.29429117806e-05, 1.29245527205e-05, 9.73135774984e-06, 9.34308991418e-06, 1.04408472907e-05, 7.43034297557e-06, 5.97410871706e-06, 4.83000303575e-06, 3.63253320756e-06, 2.42921555582e-06, 2.2635622372e-06, 1.55471389007e-06, 1.1644802953e-06, 1.5726732272e-06, 1.54241115524e-06, 1.21987773127e-06, 8.67617472977e-07, 6.63348998842e-07, 4.94187247568e-07, 5.09824246819e-07, 5.14052658218e-07, 4.84405916268e-07, 3.75355028837e-07, 3.81044770847e-07, 3.13801962193e-07], "min": [1.08706571018e-24, 6.45233542549e-25, 1.14203521439e-24, 1.45004605344e-24, 1.9951820711e-24, 1.86429328363e-24, 1.10639832439e-24, 1.75578669872e-25, 9.88975293961e-25, 2.06755059283e-24, 2.22144433923e-24, 2.71239034587e-24, 2.72537736296e-24, 3.32590857389e-24, 3.11872707613e-24, 2.45590306938e-24, 2.49299057598e-24, 3.43724997978e-24, 3.67447938664e-24, 2.81409818238e-24, 1.80525217247e-24, 3.65411888668e-24, 3.42423574699e-24, 4.84031601365e-24, 4.493621901e-24, 3.46863757191e-24, 6.07733668774e-24, 4.19555987986e-24, 4.84409978498e-24, 5.40537274133e-24, 3.96910591853e-24, 4.37281495311e-24, 4.31069649556e-24, 6.10683574686e-24, 5.04342442535e-24, 5.20840403405e-24, 5.56595800036e-24, 6.38928147752e-24, 6.08368977904e-24, 6.87899094469e-24], "dvar": [3.57963313036e-06, 1.54030331032e-05, 3.20197773362e-06, 3.3862370401e-06, 3.40063195381e-07, 2.98055510939e-07, 3.97268593133e-07, 2.79379506196e-08, 4.19824957021e-08, 2.05401988751e-08, 1.78643819737e-08, 1.84080448662e-08, 4.51071962004e-08, 1.3052914305e-08, 9.78503944538e-09, 5.91577187237e-09, 4.97442620429e-09, 3.09060510517e-09, 4.30822844066e-09, 2.28435936833e-09, 5.53366130696e-10, 2.04549022165e-09, 5.85323400859e-10, 3.00653141272e-10, 6.7816563476e-10, 9.51891274137e-11, 6.63911425836e-11, 3.03684091763e-11, 3.06556377505e-11, 3.01774091827e-11, 2.19262021733e-11, 8.83288667902e-12, 4.92469866969e-12, 4.03464067711e-12, 3.10726249418e-12, 2.78141854167e-12, 1.87632158075e-12, 1.06277714493e-12, 9.72946007614e-13, 6.25023904161e-13], "mean": [0.00152135477401, 0.00359994964674, 0.00102822540794, 0.00060294859577, 0.000302488828311, 0.000292821787298, 0.000367946893675, 0.000188262347365, 0.000156817230163, 0.00013600155944, 0.000116578994493, 7.83110954217e-05, 0.000122142257169, 0.000114154565381, 8.2500060671e-05, 5.53158424736e-05, 6.75142800901e-05, 3.25024120684e-05, 3.35178156092e-05, 3.27229899995e-05, 1.82633193617e-05, 2.52952922892e-05, 1.40037127494e-05, 1.17461804621e-05, 1.24192529256e-05, 8.78862010723e-06, 5.91986099607e-06, 3.61966181117e-06, 3.50929167325e-06, 3.58297870662e-06, 3.16482510243e-06, 2.19493881559e-06, 1.80019662821e-06, 1.56235876148e-06, 1.58707700848e-06, 1.5100561086e-06, 1.4001219597e-06, 1.13408032121e-06, 1.10018447685e-06, 8.89688408279e-07]}, "spectral_centroid": {"max": 11811.6494141, "dmean": 234.65057373, "dvar2": 173555.796875, "dmean2": 368.141937256, "var": 1040227.8125, "median": 1212.50439453, "min": 107.183517456, "dvar": 77867.1953125, "mean": 1303.24694824}, "pitch_salience": {"max": 0.92777967453, "dmean": 0.0897239521146, "dvar2": 0.0191876366735, "dmean2": 0.146889641881, "var": 0.0213987752795, "median": 0.492171138525, "min": 0.0487557277083, "dvar": 0.00744079379365, "mean": 0.491227328777}, "gfcc": {"icov": [[6.70942827128e-05, 1.13482110464e-05, 5.79373518121e-05, -4.22548946517e-05, 8.47044721013e-05, -3.06692563754e-05, 0.000160847426741, -8.23101654532e-05, 3.50254631485e-05, -6.8637295044e-05, 0.000105654078652, -0.000137019902468, 0.000268667994533], [1.13482110464e-05, 0.000862841843627, 0.000219455876504, -0.000526568852365, -0.000608702073805, -0.000199245536351, 0.000100695026049, -0.000219732479309, -0.00016220821999, 0.000790111196693, -0.000502786366269, 0.00079001497943, -0.000451177649666], [5.79373518121e-05, 0.000219455876504, 0.00169296446256, -0.000565924332477, -0.000709142826963, -0.000288134644506, -3.90942732338e-05, 0.000440261152107, -0.0010973745957, 0.000745725061279, 0.000272699602647, -0.000734016066417, 0.000535673403647], [-4.22548946517e-05, -0.000526568852365, -0.000565924332477, 0.0038655246608, -0.000488226971356, 0.000221673166379, 0.000499181216583, -0.00138014659751, 0.000544977083337, 5.2820349083e-05, -0.000334723939886, 0.000211399586988, 0.000802215130534], [8.47044721013e-05, -0.000608702073805, -0.000709142826963, -0.000488226971356, 0.00527935801074, -0.00107269233558, -0.00126230309252, 0.000116954186524, -0.00163993227761, 0.000455860426882, -0.000557618564926, -6.42115264782e-05, 0.000412955298088], [-3.06692563754e-05, -0.000199245536351, -0.000288134644506, 0.000221673166379, -0.00107269233558, 0.0049637821503, -0.00149447715376, -0.000692219939083, 0.00215862877667, -0.00311512826011, 0.000665690691676, -4.08128871641e-05, -0.00108626764268], [0.000160847426741, 0.000100695026049, -3.90942732338e-05, 0.000499181216583, -0.00126230309252, -0.00149447715376, 0.00608900282532, -0.000547758769244, -0.000101890473161, 0.00105180894025, -0.000340878672432, -0.00061997177545, 0.0019725903403], [-8.23101654532e-05, -0.000219732479309, 0.000440261152107, -0.00138014659751, 0.000116954186524, -0.000692219939083, -0.000547758769244, 0.00664092274383, -0.00238682772033, -0.00012290016457, 0.000125929596834, 0.000170909959706, 2.40495428443e-05], [3.50254631485e-05, -0.00016220821999, -0.0010973745957, 0.000544977083337, -0.00163993227761, 0.00215862877667, -0.000101890473161, -0.00238682772033, 0.0105377696455, -0.00346118095331, 0.00293377158232, -6.79792037772e-06, -0.000587148068007], [-6.8637295044e-05, 0.000790111196693, 0.000745725061279, 5.2820349083e-05, 0.000455860426882, -0.00311512826011, 0.00105180894025, -0.00012290016457, -0.00346118095331, 0.013810521923, -0.00552195496857, 0.00164914596826, 0.000554619473405], [0.000105654078652, -0.000502786366269, 0.000272699602647, -0.000334723939886, -0.000557618564926, 0.000665690691676, -0.000340878672432, 0.000125929596834, 0.00293377158232, -0.00552195496857, 0.0103892255574, -0.0021199809853, -0.000160771029186], [-0.000137019902468, 0.00079001497943, -0.000734016066417, 0.000211399586988, -6.42115264782e-05, -4.08128871641e-05, -0.00061997177545, 0.000170909959706, -6.79792037772e-06, 0.00164914596826, -0.0021199809853, 0.0128787877038, -0.00165459793061], [0.000268667994533, -0.000451177649666, 0.000535673403647, 0.000802215130534, 0.000412955298088, -0.00108626764268, 0.0019725903403, 2.40495428443e-05, -0.000587148068007, 0.000554619473405, -0.000160771029186, -0.00165459793061, 0.014147432521]], "cov": [[20669.9863281, -983.798828125, -1035.99658203, 63.7858085632, -848.741760254, -213.116363525, -686.45916748, 181.812927246, -177.291412354, 147.381072998, -140.684265137, 100.750190735, -287.435791016], [-983.798828125, 1844.76721191, -4.29474067688, 311.499664307, 309.089416504, 105.493125916, 61.8623771667, 139.806671143, 41.4823989868, -57.4725646973, 56.8219985962, -103.766654968, 42.7131233215], [-1035.99658203, -4.29474067688, 894.401916504, 115.125137329, 213.758682251, 32.4987869263, 97.6037521362, -1.50132584572, 111.804321289, -56.7871551514, -50.9124603271, 39.6595916748, -27.2806491852], [63.7858085632, 311.499664307, 115.125137329, 363.522155762, 95.6563186646, 14.2039899826, 2.64467167854, 86.9013824463, 21.6082229614, -12.2670450211, 9.87086486816, -17.5773067474, -19.0333385468], [-848.741760254, 309.089416504, 213.758682251, 95.6563186646, 342.708770752, 92.1380996704, 112.25806427, 40.4937171936, 62.5029182434, -11.1833019257, 11.5275917053, -7.65160036087, -3.92393946648], [-213.116363525, 105.493125916, 32.4987869263, 14.2039899826, 92.1380996704, 299.128753662, 86.2558517456, 30.1089496613, -24.1420631409, 55.4865379333, 31.0562534332, -2.6232585907, 10.4448156357], [-686.45916748, 61.8623771667, 97.6037521362, 2.64467167854, 112.25806427, 86.2558517456, 235.95715332, 18.6204109192, 13.7470617294, -7.45874643326, 8.76039981842, 6.62687444687, -16.6841907501], [181.812927246, 139.806671143, -1.50132584572, 86.9013824463, 40.4937171936, 30.1089496613, 18.6204109192, 196.647506714, 45.8266487122, 10.0246524811, -3.96242284775, -12.2046451569, -5.62915992737], [-177.291412354, 41.4823989868, 111.804321289, 21.6082229614, 62.5029182434, -24.1420631409, 13.7470617294, 45.8266487122, 142.538269043, 6.18291711807, -31.4839630127, -4.2319560051, -1.62104773521], [147.381072998, -57.4725646973, -56.7871551514, -12.2670450211, -11.1833019257, 55.4865379333, -7.45874643326, 10.0246524811, 6.18291711807, 115.620956421, 51.0202903748, -4.77269506454, -0.430678337812], [-140.684265137, 56.8219985962, -50.9124603271, 9.87086486816, 11.5275917053, 31.0562534332, 8.76039981842, -3.96242284775, -31.4839630127, 51.0202903748, 139.139129639, 9.7212305069, 6.09646892548], [100.750190735, -103.766654968, 39.6595916748, -17.5773067474, -7.65160036087, -2.6232585907, 6.62687444687, -12.2046451569, -4.2319560051, -4.77269506454, 9.7212305069, 90.8078308105, 4.13346004486], [-287.435791016, 42.7131233215, -27.2806491852, -19.0333385468, -3.92393946648, 10.4448156357, -16.6841907501, -5.62915992737, -1.62104773521, -0.430678337812, 6.09646892548, 4.13346004486, 83.3718414307]], "mean": [-18.5413017273, 74.467124939, -96.0482025146, 14.6410951614, -42.7489738464, 15.0959310532, -31.5012207031, 9.59281730652, -20.3033542633, 4.15026330948, -18.4158096313, 0.916226506233, -13.9238891602]}, "spectral_flux": {"max": 0.375113278627, "dmean": 0.0289813987911, "dvar2": 0.00273000868037, "dmean2": 0.0444892384112, "var": 0.00336808897555, "median": 0.0657276511192, "min": 6.21404733225e-11, "dvar": 0.00128878036048, "mean": 0.0797994360328}, "zerocrossingrate": {"max": 0.52099609375, "dmean": 0.0119691584259, "dvar2": 0.00024235509045, "dmean2": 0.0140173435211, "var": 0.00356452167034, "median": 0.0595703125, "min": 0.00341796875, "dvar": 0.000194313077372, "mean": 0.0719221234322}, "spectral_energyband_middle_low": {"max": 0.139895573258, "dmean": 0.00537873804569, "dvar2": 0.000382932863431, "dmean2": 0.00885456986725, "var": 0.000154926834512, "median": 0.00523687014356, "min": 1.51020730764e-22, "dvar": 0.000143806144479, "mean": 0.00909541826695}, "silence_rate_20dB": {"max": 1, "dmean": 0, "dvar2": 0, "dmean2": 0, "var": 0, "median": 1, "min": 1, "dvar": 0, "mean": 1}, "silence_rate_30dB": {"max": 1, "dmean": 0.0120819853619, "dvar2": 0.0332914330065, "dmean2": 0.0241665765643, "var": 0.00738785834983, "median": 1, "min": 0, "dvar": 0.0119355628267, "mean": 0.99255746603}, "spectral_entropy": {"max": 9.81876277924, "dmean": 0.180192649364, "dvar2": 0.0966748446226, "dmean2": 0.263225376606, "var": 0.393068939447, "median": 7.64108657837, "min": 4.35305261612, "dvar": 0.0465195402503, "mean": 7.52988815308}, "spectral_rolloff": {"max": 19573.6816406, "dmean": 551.011474609, "dvar2": 2589663.5, "dmean2": 924.930419922, "var": 5280872.5, "median": 1162.79296875, "min": 86.1328125, "dvar": 1210556.875, "mean": 1647.0567627}, "spectral_complexity": {"max": 57, "dmean": 3.63128376007, "dvar2": 39.4500007629, "dmean2": 5.28902816772, "var": 102.786621094, "median": 13, "min": 0, "dvar