{"tonal": {"chords_number_rate": 0.00173796794843, "thpcp": [1, 0.563000202179, 0.150597631931, 0.163117483258, 0.158525437117, 0.150126904249, 0.196827799082, 0.324217796326, 0.457954794168, 0.554352879524, 0.50683426857, 0.35720717907, 0.267709165812, 0.215546399355, 0.177096188068, 0.171001121402, 0.27513679862, 0.40039947629, 0.4447876513, 0.371982008219, 0.250610172749, 0.268200874329, 0.478128939867, 0.537806332111, 0.341493159533, 0.230941861868, 0.252330690622, 0.331193089485, 0.338012933731, 0.242240175605, 0.169358596206, 0.165577933192, 0.254717648029, 0.349064797163, 0.289154052734, 0.613300204277], "hpcp": {"dvar": [0.0469317883253, 0.0416002199054, 0.0354631990194, 0.0336842089891, 0.0405496247113, 0.0492577515543, 0.0497362427413, 0.0486770421267, 0.0373924933374, 0.0436874330044, 0.0489701330662, 0.0540741868317, 0.0413772091269, 0.035050727427, 0.0358947589993, 0.0419420599937, 0.0399255491793, 0.0340729951859, 0.0295270290226, 0.0269506815821, 0.0335740931332, 0.0401142202318, 0.0283357612789, 0.0361480601132, 0.107341527939, 0.0335269421339, 0.0194641109556, 0.0186155084521, 0.0206092875451, 0.0249918513, 0.034441575408, 0.0428930073977, 0.0495217740536, 0.0606246702373, 0.056655459106, 0.0502190850675], "mean": [0.116223186255, 0.0935772582889, 0.0768844932318, 0.0742383822799, 0.119447819889, 0.173829317093, 0.193099990487, 0.161492168903, 0.108799830079, 0.116436652839, 0.207574769855, 0.233483090997, 0.148255750537, 0.100261040032, 0.109546780586, 0.143784075975, 0.146744847298, 0.105166085064, 0.0735252946615, 0.0718839615583, 0.110583052039, 0.151542901993, 0.125533267856, 0.266257971525, 0.434139728546, 0.24442076683, 0.0653804168105, 0.0708157792687, 0.0688221901655, 0.0651760548353, 0.0854507684708, 0.140755832195, 0.198816373944, 0.240666612983, 0.220036879182, 0.155077829957], "min": [0, 0, 0, 0, 0, 0, 0, 0, 0, 0, 0, 0, 0, 0, 0, 0, 0, 0, 0, 0, 0, 0, 0, 0, 0, 0, 0, 0, 0, 0, 0, 0, 0, 0, 0, 0], "median": [0.0308621115983, 0.0241298004985, 0.0184418521821, 0.0196678303182, 0.0399676859379, 0.065631583333, 0.0700209364295, 0.0549046620727, 0.034541927278, 0.0342941582203, 0.0779827088118, 0.0853337347507, 0.0529328994453, 0.0263339579105, 0.0318383425474, 0.0394654721022, 0.0438205674291, 0.0290299877524, 0.0165653470904, 0.0193316545337, 0.0343957021832, 0.0494940429926, 0.0475601963699, 0.192733258009, 0.234768971801, 0.165243059397, 0.0241879448295, 0.0260205827653, 0.0238423235714, 0.0158077236265, 0.0215700417757, 0.049483127892, 0.0885934829712, 0.109753355384, 0.089626967907, 0.0503363609314], "dvar2": [0.127062052488, 0.116032607853, 0.0993245691061, 0.0953124389052, 0.11103926599, 0.132906869054, 0.129658415914, 0.130544990301, 0.102421805263, 0.117149613798, 0.127815514803, 0.138913303614, 0.110044755042, 0.0942573770881, 0.0945780947804, 0.107570439577, 0.103152863681, 0.0915037989616, 0.0827291384339, 0.0747307091951, 0.0901720300317, 0.102758817375, 0.0742577910423, 0.0948532223701, 0.272679030895, 0.0893704295158, 0.0547801367939, 0.0510346926749, 0.057901378721, 0.0696870535612, 0.0975731536746, 0.117569491267, 0.133081704378, 0.157482713461, 0.14592730999, 0.134143278003], "var": [0.0414388887584, 0.0328048579395, 0.0262950249016, 0.0243074875325, 0.0379467234015, 0.0586338937283, 0.0726241543889, 0.0576372928917, 0.0332545265555, 0.0399238243699, 0.0759089887142, 0.0947428792715, 0.0482499338686, 0.0333418361843, 0.035717125982, 0.0554744563997, 0.055744484067, 0.0359006114304, 0.0250564478338, 0.0228145401925, 0.0351491384208, 0.0566393323243, 0.0381363891065, 0.0557967945933, 0.179960221052, 0.0494058020413, 0.016170648858, 0.0173382125795, 0.0175744257867, 0.0199119653553, 0.0284380894154, 0.0467829480767, 0.0642265379429, 0.0843163356185, 0.0797515660524, 0.0552384145558], "dmean2": [0.2477132231, 0.211946159601, 0.178263530135, 0.175703287125, 0.23548386991, 0.296077162027, 0.293884038925, 0.282372504473, 0.230136409402, 0.237488314509, 0.289690196514, 0.299480170012, 0.245071187615, 0.201922535896, 0.208451479673, 0.2322781533, 0.220875009894, 0.19096980989, 0.158258318901, 0.153569951653, 0.202190935612, 0.232991680503, 0.193924307823, 0.295525938272, 0.464456319809, 0.271373897791, 0.127041980624, 0.130134120584, 0.131919324398, 0.144640281796, 0.187056660652, 0.250010341406, 0.314921677113, 0.365523636341, 0.347426444292, 0.289704054594], "max": [1, 1, 1, 1, 1, 1, 1, 1, 1, 1, 1, 1, 1, 1, 1, 1, 1, 1, 1, 1, 1, 1, 1, 1, 1, 1, 1, 1, 1, 1, 1, 1, 1, 1, 1, 1], "dmean": [0.137690633535, 0.116454981267, 0.0968081504107, 0.0957849249244, 0.131365001202, 0.167464062572, 0.169314727187, 0.160461679101, 0.127468675375, 0.132831573486, 0.167985722423, 0.174251839519, 0.142142087221, 0.113925851882, 0.119760647416, 0.134263783693, 0.128412246704, 0.108725354075, 0.0873611569405, 0.085061699152, 0.115646801889, 0.134830966592, 0.113255277276, 0.166783154011, 0.256204664707, 0.151875406504, 0.0708651691675, 0.0733344554901, 0.0741282179952, 0.0796815603971, 0.102860577404, 0.141169115901, 0.180482909083, 0.209818020463, 0.1994535923, 0.163138896227]}, "key_strength": 0.593129336834, "chords_strength": {"dvar": 7.17631046427e-05, "mean": 0.497482329607, "min": 0.245282426476, "median": 0.490515053272, "dvar2": 0.000110908797069, "var": 0.00855109561235, "dmean2": 0.0111269103363, "max": 0.753095269203, "dmean": 0.00958082638681}, "tuning_equal_tempered_deviation": 0.31135648489, "chords_key": "C", "tuning_frequency": 434.193115234, "chords_scale": "major", "chords_changes_rate": 0.0725935846567, "key_scale": "minor", "tuning_diatonic_strength": 0.514791250229, "hpcp_entropy": {"dvar": 0.277495503426, "mean": 2.26466846466, "min": 0, "median": 2.3122382164, "dvar2": 0.768578827381, "var": 0.590555548668, "dmean2": 1.1248831749, "max": 4.50521469116, "dmean": 0.665841221809}, "chords_histogram": [11.1898393631, 1.92513370514, 6.81818199158, 0.735294103622, 2.9144384861, 6.80481290817, 0.601604282856, 1.61764705181, 0.748663127422, 33.2620315552, 0.574866294861, 3.23529410362, 1.84491980076, 0, 0, 0, 0.106951870024, 4.46524047852, 1.08288764954, 0, 0, 0, 4.70588254929, 17.3663101196], "tuning_nontempered_energy_ratio": 0.870156526566, "key_key": "F"}, "metadata": {"version": {"extractor": "music 1.0", "essentia_build_sha": "ca57ba49d9b1854bd80e60cf9ccf267278fb7d6b", "essentia": "2.1-beta1", "essentia_git_sha": "v2.1_beta1-28-g21ef5f4-dirty"}, "audio_properties": {"sample_rate": 44100, "length": 347.297973633, "lossless": false, "analysis_sample_rate": 44100, "downmix": "mix", "bit_rate": 320000, "equal_loudness": 0, "md5_encoded": "b6a4dc5f1f48b13c84848cc1e3213cf8", "codec": "mp3", "replay_gain": -8.99854469299}, "tags": {"catalognumber": ["SUG-CD-3983"], "musicbrainz_recordingid": ["2edeb6a1-2f20-4b91-9a82-c3ccaf8ebfed"], "title": ["Mourning Flies"], "artist": ["Railroad Earth"], "artists": ["Railroad Earth"], "artistsort": ["Railroad Earth"], "originaldate": ["2004"], "musicbrainz_artistid": ["b2e2abfa-fb1e-4be0-b500-56c4584f41cd"], "tracknumber": ["3/12"], "musicbrainz_albumartistid": ["b2e2abfa-fb1e-4be0-b500-56c4584f41cd"], "barcode": ["015891398327"], "musicbrainz album status": ["official"], "date": ["2004-05-18"], "albumartistsort": ["Railroad Earth"], "musicbrainz_releasegroupid": ["0198b3ba-9233-388f-9611-94c0af82e6dc"], "media": ["CD"], "musicbrainz release track id": ["7a35724c-d586-3ccc-9972-fb3a7fe983d0"], "musicbrainz album release country": ["US"], "label": ["Sugar Hill Records"], "musicbrainz album type": ["album"], "asin": ["B000244H12"], "script": ["Latn"], "musicbrainz_albumid": ["0be1b5b1-c640-47b3-a1d0-2fca376798cc"], "file_name": "03 - Mourning Flies.mp3", "album": ["The Good Life"], "albumartist": ["Railroad Earth"]}}, "lowlevel": {"melbands": {"dvar": [2.90933912765e-05, 2.70440659733e-06, 1.32339721404e-06, 1.17389220122e-06, 1.06665640942e-06, 2.2209556505e-07, 1.74803972186e-07, 1.15918531662e-07, 1.43641017303e-07, 5.5182958647e-08, 9.86495649613e-08, 4.26735127235e-08, 2.74865179506e-08, 1.63143401011e-08, 3.46209638735e-09, 2.30350183372e-09, 1.72271552579e-09, 4.99364161133e-10, 1.89550330987e-09, 1.73095260347e-09, 2.77458972464e-10, 1.87957122089e-10, 1.21245846696e-10, 1.06864295191e-10, 5.74625069749e-11, 6.33001151495e-11, 1.80791284721e-10, 9.85578493817e-11, 4.04022509892e-11, 3.34484280551e-11, 1.95094964489e-11, 1.74191494562e-11, 6.18540548641e-12, 1.78138829642e-12, 8.68883849418e-13, 3.21378177976e-13, 1.08487634295e-13, 5.17084171434e-14, 2.07270656259e-14, 6.32647595403e-15], "mean": [0.00602487521246, 0.00147955631837, 0.00115044193808, 0.00131822179537, 0.00105091521982, 0.000386452185921, 0.000282935419818, 0.00024309255241, 0.000172295534867, 0.000102925914689, 0.000177065565367, 0.000106062827399, 0.000109880653326, 8.27740732348e-05, 4.38574097643e-05, 3.34741525876e-05, 3.02664029732e-05, 1.77099846042e-05, 2.38663178607e-05, 2.40432218561e-05, 1.3270456293e-05, 8.62510842126e-06, 7.15078522262e-06, 6.24915082881e-06, 4.95771791975e-06, 4.18702848037e-06, 3.31271030518e-06, 2.90691082228e-06, 2.2762746994e-06, 1.95977781914e-06, 1.82317398867e-06, 1.32314005441e-06, 7.9569178979e-07, 4.58654255908e-07, 3.12579913953e-07, 2.01167168257e-07, 1.20784108049e-07, 9.14829811904e-08, 6.23610745265e-08, 3.69359511865e-08], "min": [1.4800005614e-23, 3.41345604161e-23, 8.68963024829e-24, 1.00538413327e-23, 1.32438291726e-23, 9.01187598376e-24, 5.20999437764e-24, 7.90537629075e-24, 4.72289722335e-24, 7.70274553433e-24, 1.18264875174e-23, 6.11325273589e-24, 1.40611758451e-23, 1.54055873097e-23, 8.55307763673e-24, 1.42844613466e-23, 7.28238206832e-24, 7.095766766e-24, 1.29702119788e-23, 1.90545691342e-23, 9.10104566505e-24, 6.71681376435e-24, 6.19057806511e-24, 5.86456078565e-24, 9.88189411005e-24, 1.43495108169e-23, 1.52660062611e-23, 1.13915443241e-23, 1.47791134218e-23, 1.08717859618e-23, 1.13483202685e-23, 5.96351983633e-24, 6.49114984722e-24, 1.1067907038e-23, 1.07314050082e-23, 1.01012392513e-23, 8.87947278057e-24, 1.70391020965e-23, 1.41580605861e-23, 1.27216568959e-23], "median": [0.0033456988167, 0.000822855043225, 0.000667873420753, 0.000809680554084, 0.000498563749716, 0.000154295295943, 0.000113108326332, 0.000106484876596, 5.61818815186e-05, 3.30407492584e-05, 4.95169661008e-05, 3.88875341741e-05, 3.92934125557e-05, 2.86520771624e-05, 1.53845503519e-05, 1.22310184452e-05, 1.09762495413e-05, 7.2863922469e-06, 7.957823982e-06, 6.11226823821e-06, 5.02666807733e-06, 3.05317007587e-06, 2.60324645751e-06, 1.86382067113e-06, 1.6687902189e-06, 1.38797054205e-06, 8.92206514891e-07, 6.664384955e-07, 5.38180984222e-07, 4.42734233275e-07, 3.44380907791e-07, 2.37514598211e-07, 1.43937242569e-07, 9.72886695649e-08, 7.0122894158e-08, 5.23006526976e-08, 2.9422704273e-08, 2.10459738526e-08, 1.39607667649e-08, 9.22851839391e-09], "dvar2": [7.15600035619e-05, 7.15059923095e-06, 3.60629542229e-06, 2.94215283247e-06, 2.72990587291e-06, 5.01953763887e-07, 3.54869655439e-07, 2.46903937295e-07, 3.03912145228e-07, 1.22990769569e-07, 2.28626859666e-07, 1.04322218419e-07, 6.21891089736e-08, 3.89039200854e-08, 7.88920928585e-09, 5.43221734262e-09, 4.19215995251e-09, 1.29904864643e-09, 4.96928542759e-09, 4.10301970177e-09, 6.84315659694e-10, 4.70343375358e-10, 2.77825346062e-10, 2.75355016566e-10, 1.4052868591e-10, 1.4257146852e-10, 3.29570593038e-10, 1.87192594758e-10, 7.79416114982e-11, 6.88290119344e-11, 4.17109957684e-11, 3.56079575548e-11, 1.27726622681e-11, 3.42667344153e-12, 1.93088817504e-12, 6.73566508558e-13, 2.6888639427e-13, 1.26815956824e-13, 4.88486509543e-14, 1.52202859013e-14], "var": [5.62118621019e-05, 3.95545612264e-06, 2.05307037504e-06, 2.44052830567e-06, 2.42767760028e-06, 5.56060740564e-07, 4.89818432925e-07, 3.24700380361e-07, 3.51761684669e-07, 1.03307094435e-07, 2.01279078738e-07, 8.21477357249e-08, 1.12351074222e-07, 4.61375044836e-08, 9.19662745957e-09, 4.83352247116e-09, 3.81772657931e-09, 1.14586540256e-09, 2.88920909419e-09, 3.74891895305e-09, 6.01439564818e-10, 3.30151822547e-10, 2.41144298974e-10, 1.90320981197e-10, 1.00068626996e-10, 1.20820020655e-10, 3.46375761406e-10, 1.97249577782e-10, 9.54644280293e-11, 6.98293367574e-11, 4.04977891499e-11, 3.2541174616e-11, 1.12429952501e-11, 3.96661132759e-12, 1.52478463883e-12, 5.32558806082e-13, 1.23473212449e-13, 5.26198652522e-14, 2.11173733258e-14, 6.39143321669e-15], "dmean2": [0.00526911672205, 0.00166280509438, 0.00129604176618, 0.00121402973309, 0.000989594380371, 0.000345740409102, 0.000292015029117, 0.000224192714086, 0.000161716612638, 0.000107224776002, 0.000172681015101, 9.69324828475e-05, 8.30973585835e-05, 6.43456878606e-05, 3.71822243324e-05, 3.01710897475e-05, 2.79985870293e-05, 1.53444379976e-05, 2.21443824557e-05, 2.28254557442e-05, 1.22543233374e-05, 8.56531551108e-06, 7.01885528542e-06, 6.24069798505e-06, 4.8032502491e-06, 3.87612044506e-06, 3.18411571243e-06, 3.03088063447e-06, 2.3822615276e-06, 2.07934317586e-06, 2.12264785659e-06, 1.64931645941e-06, 1.00112413293e-06, 5.20481705735e-07, 3.66220092474e-07, 2.41001743007e-07, 1.62280372251e-07, 1.3581126268e-07, 1.02735725704e-07, 6.35320205333e-08], "max": [0.07826731354, 0.028621610254, 0.0181176867336, 0.0184220205992, 0.0310050416738, 0.0143290339038, 0.0284647177905, 0.0176389086992, 0.0168319027871, 0.00936299003661, 0.0111903436482, 0.00809251237661, 0.0121680675074, 0.00676512997597, 0.00266253156587, 0.00170706410427, 0.00131872307975, 0.000787273515016, 0.00217002094723, 0.00131254026201, 0.000344857486198, 0.000483573006932, 0.000620382430498, 0.000308411021251, 0.000382375408662, 0.000522189890034, 0.0014015029883, 0.000961878511589, 0.000348086410668, 0.000445292855147, 0.000306601374177, 0.000333653646521, 0.000169967592228, 9.20616002986e-05, 4.69543410873e-05, 3.74798437406e-05, 9.94838956103e-06, 6.88547197569e-06, 2.58029353972e-06, 1.78263519501e-06], "dmean": [0.00323448050767, 0.000986186671071, 0.000760394264944, 0.000754477281589, 0.000601257313974, 0.000221080539632, 0.000185898374184, 0.000142949385918, 0.000104055623524, 6.80040029692e-05, 0.000110162662168, 6.16178003838e-05, 5.41268091183e-05, 4.22897574026e-05, 2.39318196691e-05, 1.90404880414e-05, 1.76511875907e-05, 9.61011028267e-06, 1.39540225064e-05, 1.45109606819e-05, 7.76534579927e-06, 5.38974700248e-06, 4.45414889327e-06, 3.94836843043e-06, 3.09629763251e-06, 2.52340873885e-06, 2.09819154406e-06, 2.00301610676e-06, 1.60009130923e-06, 1.40788210956e-06, 1.41785892538e-06, 1.09495113065e-06, 6.6429385015e-07, 3.46989480704e-07, 2.37444680806e-07, 1.56881029056e-07, 1.02878232155e-07, 8.55291943935e-08, 6.42174740051e-08, 3.86553935527e-08]}, "spectral_decrease": {"dvar": 2.65994170017e-17, "mean": -1.04677457813e-08, "min": -6.79696583461e-08, "median": -8.86855122673e-09, "dvar2": 6.6254169363e-17, "var": 7.49792638467e-17, "dmean2": 6.33373753445e-09, "max": 1.64840163741e-09, "dmean": 3.93887189531e-09}, "spectral_rolloff": {"dvar": 41786624, "mean": 6142.91601562, "min": 43.06640625, "median": 947.4609375, "dvar2": 105759256, "var": 80031344, "dmean2": 5665.53125, "max": 22050, "dmean": 2966.0012207}, "melbands_crest": {"dvar": 14.4524040222, "mean": 18.802652359, "min": 2.30634498596, "median": 17.2963447571, "dvar2": 35.0629653931, "var": 59.2747650146, "dmean2": 7.08334827423, "max": 38.3823814392, "dmean": 4.31885147095}, "barkbands_skewness": {"dvar": 0.472337633371, "mean": 2.84989905357, "min": -2.33985757828, "median": 2.67700767517, "dvar2": 1.16126084328, "var": 2.03128838539, "dmean2": 1.1003266573, "max": 12.3264856339, "dmean": 0.698656916618}, "spectral_centroid": {"dvar": 52335.7734375, "mean": 775.788818359, "min": 205.403060913, "median": 661.15838623, "dvar2": 102932.914062, "var": 215225.9375, "dmean2": 272.338348389, "max": 11351.4228516, "dmean": 180.152359009}, "spectral_energyband_middle_low": {"dvar": 5.86301612202e-05, "mean": 0.0149364583194, "min": 2.47553185352e-22, "median": 0.010688111186, "dvar2": 0.000140939242556, "var": 0.000204366486287, "dmean2": 0.00910223275423, "max": 0.160894751549, "dmean": 0.00578868808225}, "erbbands_crest": {"dvar": 5.28304433823, "mean": 8.69619750977, "min": 1.94248247147, "median": 7.73529815674, "dvar2": 12.7351160049, "var": 16.8289413452, "dmean2": 4.00796413422, "max": 31.227973938, "dmean": 2.4943921566}, "dynamic_complexity": 3.69675183296, "spectral_energyband_low": {"dvar": 0.000317858794006, "mean": 0.0248907711357, "min": 1.44562257113e-22, "median": 0.0174136199057, "dvar2": 0.000783759169281, "var": 0.000693369307555, "dmean2": 0.0191314350814, "max": 0.249606668949, "dmean": 0.0117343012244}, "silence_rate_60dB": {"dvar": 0.00795546080917, "mean": 0.0443241074681, "min": 0, "median": 0, "dvar2": 0.0207306239754, "var": 0.0423491597176, "dmean2": 0.0160470716655, "max": 1, "dmean": 0.00802299939096}, "erbbands_kurtosis": {"dvar": 4.4603266716, "mean": 0.680334508419, "min": -1.74375832081, "median": -0.0906497240067, "dvar2": 11.0381650925, "var": 17.3359279633, "dmean2": 1.53713011742, "max": 98.416053772, "dmean": 0.970472037792}, "spectral_complexity": {"dvar": 13.1061820984, "mean": 15.4135580063, "min": 0, "median": 14, "dvar2": 24.264043808, "var": 72.379234314, "dmean2": 4.75501489639, "max": 57, "dmean": 3.16734647751}, "barkbands_crest": {"dvar": 5.16473960876, "mean": 11.2047567368, "min": 2.87571525574, "median": 10.8303623199, "dvar2": 13.3869714737, "var": 14.4216928482, "dmean2": 4.49321126938, "max": 24.3647022247, "dmean": 2.71616816521}, "spectral_energy": {"dvar": 0.000398542732, "mean": 0.0483997277915, "min": 1.11323049281e-20, "median": 0.0427506268024, "dvar2": 0.000972647510935, "var": 0.00128892855719, "dmean2": 0.0249479748309, "max": 0.28416454792, "dmean": 0.0157501026988}, "spectral_spread": {"dvar": 315194736640, "mean": 3846256.5, "min": 834799.6875, "median": 3727745.5, "dvar2": 642070413312, "var": 1136691904510.0, "dmean2": 885204.5, "max": 40327344, "dmean": 582184.6875}, "spectral_contrast_valleys": {"dvar": [0.105730958283, 0.0896298438311, 0.0682811513543, 0.0672129616141, 0.118111483753, 0.310821920633], "mean": [-6.77457523346, -6.58293676376, -7.19813251495, -7.75206756592, -8.03904819489, -11.262131691], "min": [-27.3418922424, -27.2029094696, -27.1939353943, -27.3068752289, -27.2893161774, -27.2186756134], "median": [-6.47928524017, -6.45985841751, -7.06435632706, -7.62930393219, -7.89205932617, -11.1332073212], "dvar2": [0.255094259977, 0.216924056411, 0.156575292349, 0.140903100371, 0.233405008912, 0.783675670624], "var": [1.77012884617, 1.29904568195, 1.31331586838, 1.32446408272, 1.4708917141, 1.20900940895], "dmean2": [0.608752906322, 0.59142780304, 0.48599371314, 0.439426988363, 0.515960097313, 1.05550694466], "max": [-4.92429304123, -4.43450737, -5.11801147461, -5.73652410507, -5.48819494247, -8.68041992188], "dmean": [0.372977226973, 0.362217545509, 0.303946584463, 0.286142379045, 0.364972651005, 0.664436101913]}, "spectral_rms": {"dvar": 1.17399247301e-06, "mean": 0.00633388478309, "min": 3.29557063063e-12, "median": 0.00645816745237, "dvar2": 2.73804653261e-06, "var": 7.1011872933e-06, "dmean2": 0.00163612060715, "max": 0.0166503377259, "dmean": 0.00105318310671}, "barkbands_spread": {"dvar": 40.7040939331, "mean": 15.6789216995, "min": 0.515818119049, "median": 12.5596542358, "dvar2": 90.9187164307, "var": 176.639373779, "dmean2": 7.72143602371, "max": 146.576202393, "dmean": 4.99516201019}, "pitch_salience": {"dvar": 0.00470842188224, "mean": 0.512367844582, "min": 0.0636330768466, "median": 0.527798116207, "dvar2": 0.0115762036294, "var": 0.0184734333307, "dmean2": 0.130245491862, "max": 0.845995128155, "dmean": 0.0804715156555}, "erbbands_skewness": {"dvar": 0.092630751431, "mean": 0.477840393782, "min": -3.87841272354, "median": 0.431530952454, "dvar2": 0.221182763577, "var": 0.553907454014, "dmean2": 0.53877478838, "max": 7.91516876221, "dmean": 0.347796738148}, "spectral_energyband_middle_high": {"dvar": 7.53160247768e-06, "mean": 0.00401133531705, "min": 1.63555104508e-21, "median": 0.00202886178158, "dvar2": 1.66699519468e-05, "var": 3.74483024643e-05, "dmean2": 0.00203713704832, "max": 0.117057420313, "dmean": 0.00138721184339}, "erbbands": {"dvar": [0.69644844532, 2.94997763634, 11.6467494965, 49.9946556091, 140.780059814, 405.565155029, 1063.38928223, 383.444244385, 837.932983398, 772.403747559, 1914.09350586, 1175.29052734, 3756.88549805, 2447.42919922, 1974.8392334, 865.225830078, 391.103942871, 431.58102417, 195.667709351, 940.698059082, 238.846374512, 134.804931641, 144.599990845, 77.5962677002, 151.227722168, 234.943740845, 93.2349395752, 61.012676239, 38.9179954529, 8.40385627747, 2.05121254921, 0.379910618067, 0.0787136480212, 0.0113916303962, 0.00129532814026, 0.00292875780724, 0.0033894139342, 0.00594836194068, 0.00114936497994, 8.29848213471e-05], "mean": [0.83962982893, 1.47971260548, 2.54507017136, 5.849132061, 12.6133728027, 23.2753486633, 28.0771961212, 16.4905948639, 19.1436252594, 21.3739681244, 21.8290519714, 17.0174713135, 35.0849304199, 26.7691192627, 32.7971038818, 24.7279663086, 15.3156900406, 16.5515155792, 11.8680992126, 18.8153781891, 12.9506692886, 8.23495864868, 7.66102266312, 6.24142122269, 5.33650588989, 4.47323894501, 3.54425573349, 3.2225625515, 2.1411781311, 1.01100027561, 0.510620296001, 0.237901553512, 0.123717226088, 0.05164591223, 0.0215335916728, 0.0269920192659, 0.0262791067362, 0.0331128649414, 0.0241103991866, 0.0126489810646], "min": [1.48703940949e-21, 1.1898412308e-20, 8.53608386889e-20, 3.87556541331e-20, 7.83404081962e-20, 2.32975522923e-19, 3.30977581302e-19, 4.10969979042e-19, 4.05087432417e-19, 6.11439552789e-19, 6.72041906392e-19, 9.56698071325e-19, 2.19931153497e-18, 1.56820788277e-18, 4.37438585081e-18, 5.56961964974e-18, 4.57132762849e-18, 4.53204978428e-18, 5.25193555881e-18, 1.23946149192e-17, 9.50722849452e-18, 6.571955757e-18, 6.60220202969e-18, 1.22890443392e-17, 2.01508128991e-17, 1.83032586789e-17, 2.10297733637e-17, 1.94196844993e-17, 1.13918892099e-17, 1.74673000257e-17, 1.79875883592e-17, 1.62076445735e-17, 2.34311150779e-17, 1.49862015568e-17, 9.88527650424e-18, 7.27061483624e-18, 3.11824488222e-18, 1.52383067688e-18, 3.61688858742e-19, 2.85700396446e-20], "median": [0.403614521027, 0.764640271664, 1.24103283882, 3.08529996872, 6.77637720108, 14.071390152, 12.1414012909, 6.79933643341, 7.58357191086, 10.173374176, 7.61682415009, 5.83050441742, 10.246515274, 10.3345012665, 11.7970638275, 9.02672576904, 6.15931510925, 6.27953195572, 4.99442863464, 5.48464488983, 4.76244831085, 3.19180703163, 2.5296189785, 2.13860630989, 1.72849392891, 1.11339735985, 0.864402115345, 0.683319807053, 0.405050754547, 0.208521872759, 0.121292769909, 0.0627360641956, 0.0302226766944, 0.0132925938815, 0.00728027150035, 0.00716695562005, 0.00755778513849, 0.00772059289739, 0.00761128496379, 0.00693580880761], "dvar2": [1.72184550762, 7.72738075256, 30.8775749207, 138.063278198, 341.108673096, 1075.12109375, 2658.66943359, 864.624206543, 1708.08288574, 1654.38525391, 4128.04492188, 2627.09155273, 8719.45410156, 5963.51708984, 4362.19091797, 1981.11962891, 888.757202148, 1031.87890625, 500.106018066, 2313.65380859, 574.791015625, 326.108123779, 362.093994141, 184.430297852, 289.301086426, 430.516601562, 173.361312866, 123.548477173, 75.8279800415, 16.2118606567, 4.33545970917, 0.882928907871, 0.187967762351, 0.0269145462662, 0.00315431808122, 0.00668452261016, 0.00724791595712, 0.0123579353094, 0.00241135852411, 0.000189759331988], "var": [1.28252065182, 4.26811981201, 15.6666231155, 68.2058181763, 292.318695068, 799.028991699, 2193.70239258, 963.06842041, 2387.89672852, 2073.45141602, 5104.44384766, 2280.69580078, 7627.66650391, 4983.35302734, 8142.08642578, 2789.25146484, 945.972473145, 1050.32202148, 468.267089844, 1926.33789062, 568.083862305, 264.060180664, 271.825653076, 150.350799561, 331.075408936, 486.163452148, 227.254364014, 137.450622559, 78.8822860718, 18.0539932251, 3.8569688797, 0.5238301754, 0.0840738490224, 0.0119615718722, 0.00143903540447, 0.00330059090629, 0.00548853445798, 0.010562681593, 0.00259328074753, 0.000334026437486], "dmean2": [0.802726924419, 1.67395484447, 3.23005747795, 7.49897527695, 12.3483419418, 22.9697570801, 27.168920517, 14.5968904495, 19.823764801, 19.6807899475, 19.7545089722, 16.7526302338, 33.5656280518, 23.2220859528, 23.5480327606, 19.0349006653, 12.0279579163, 14.2554788589, 9.09942817688, 16.8391094208, 10.9953231812, 7.41009569168, 7.1747136116, 5.55550146103, 4.67059230804, 4.27949619293, 3.50056791306, 3.47317385674, 2.55425333977, 1.15435421467, 0.575220525265, 0.292673796415, 0.180280417204, 0.0849230811, 0.0347108244896, 0.0397870503366, 0.0294208489358, 0.036126434803, 0.0198780689389, 0.006651641801], "max": [12.0103559494, 24.4251594543, 76.260093689, 119.046089172, 297.718505859, 398.217498779, 1142.34973145, 499.161773682, 2103.71362305, 1396.91577148, 1985.83337402, 1227.56274414, 2111.43603516, 1891.25769043, 2510.77661133, 1089.83557129, 882.22845459, 660.88079834, 619.466064453, 1161.15478516, 410.073944092, 410.87991333, 345.497436523, 428.011688232, 1017.51898193, 1588.40637207, 562.482788086, 598.889648438, 475.739868164, 208.215148926, 80.290977478, 29.5813827515, 7.50378751755, 2.00594711304, 0.688846886158, 1.04251360893, 3.13352656364, 4.34164476395, 1.43599462509, 0.387410998344], "dmean": [0.487448990345, 1.009791255, 1.89508020878, 4.33547687531, 7.68102931976, 13.9412956238, 16.6682834625, 9.30111026764, 12.574590683, 12.5483732224, 12.6756258011, 10.6706285477, 21.4112091064, 14.8135356903, 15.4842681885, 12.3907279968, 7.7146062851, 9.0411157608, 5.79927396774, 10.7319402695, 7.03664207458, 4.74892139435, 4.59291267395, 3.647534132, 3.11257195473, 2.88019347191, 2.42100930214, 2.36564517021, 1.71052122116, 0.779817461967, 0.379874706268, 0.190687388182, 0.114616513252, 0.0525334402919, 0.0211915932596, 0.025401731953, 0.019807042554, 0.0248789712787, 0.0139301940799, 0.00463185179979]}, "dissonance": {"dvar": 0.000471825100249, "mean": 0.457403182983, "min": 0.19402974844, "median": 0.464684128761, "dvar2": 0.00129350728821, "var": 0.000969677523244, "dmean2": 0.0392366796732, "max": 0.500000119209, "dmean": 0.0234491433948}, "erbbands_flatness_db": {"dvar": 0.000394747970859, "mean": 0.147371038795, "min": 0.0285749658942, "median": 0.142996132374, "dvar2": 0.000865583366249, "var": 0.00205967552029, "dmean2": 0.0348498895764, "max": 0.388864636421, "dmean": 0.0235587265342}, "melbands_kurtosis": {"dvar": 189.875244141, "mean": 17.4393558502, "min": -1.81120467186, "median": 11.7465171814, "dvar2": 493.058502197, "var": 394.807037354, "dmean2": 13.7849655151, "max": 346.091217041, "dmean": 8.55948162079}, "melbands_spread": {"dvar": 33.5786132812, "mean": 11.7495698929, "min": 0.335008263588, "median": 9.21645545959, "dvar2": 78.8041229248, "var": 170.470626831, "dmean2": 5.75045919418, "max": 232.073974609, "dmean": 3.6374027729}, "melbands_skewness": {"dvar": 0.663033187389, "mean": 3.04149222374, "min": -2.89387893677, "median": 2.81137919426, "dvar2": 1.64936637878, "var": 2.66439270973, "dmean2": 1.2686804533, "max": 14.6060628891, "dmean": 0.805495023727}, "spectral_entropy": {"dvar": 0.0375093333423, "mean": 7.26967573166, "min": 4.91088199615, "median": 7.29086875916, "dvar2": 0.0826657861471, "var": 0.181975021958, "dmean2": 0.335489034653, "max": 9.79887008667, "dmean": 0.224665820599}, "zerocrossingrate": {"dvar": 0.000764462398365, "mean": 0.191189557314, "min": 0.00439453125, "median": 0.175537109375, "dvar2": 0.00118233193643, "var": 0.00983413215727, "dmean2": 0.0414888560772, "max": 0.8193359375, "dmean": 0.0326683223248}, "average_loudness": 0.883657991886, "spectral_contrast_coeffs": {"dvar": [0.00195106549654, 0.00148872076534, 0.000931358314119, 0.000485982309328, 0.000345363951055, 0.00133109674789], "mean": [-0.657087147236, -0.755710840225, -0.783953011036, -0.808951020241, -0.823222517967, -0.754475176334], "min": [-0.973608374596, -0.971402704716, -0.969412207603, -0.989701032639, -0.97745347023, -0.961342155933], "median": [-0.660304486752, -0.759669184685, -0.789400458336, -0.813408613205, -0.823292195797, -0.757517695427], "dvar2": [0.00523765804246, 0.00398344453424, 0.00244684610516, 0.00126411905512, 0.000915406621061, 0.00307872309349], "var": [0.00792404916137, 0.00394781399518, 0.00345428031869, 0.00206440268084, 0.00119311991148, 0.00529577583075], "dmean2": [0.0922850742936, 0.0815702453256, 0.0626553148031, 0.0459473095834, 0.0364641882479, 0.065553702414], "max": [-0.338033497334, -0.398446440697, -0.520211279392, -0.59874266386, -0.588308751583, -0.411211252213], "dmean": [0.0558629967272, 0.0491680838168, 0.0384557545185, 0.0280513241887, 0.0222377795726, 0.0423554070294]}, "barkbands_flatness_db": {"dvar": 0.000646845786832, "mean": 0.171751111746, "min": 0.0378782525659, "median": 0.167897596955, "dvar2": 0.00150960241444, "var": 0.00285683106631, "dmean2": 0.0457848459482, "max": 0.401841640472, "dmean": 0.029863383621}, "silence_rate_30dB": {"dvar": 0.0502632334828, "mean": 0.933346688747, "min": 0, "median": 1, "dvar2": 0.112947076559, "var": 0.0622171424329, "dmean2": 0.106178119779, "max": 1, "dmean": 0.053085513413}, "spectral_energyband_high": {"dvar": 4.95984693316e-07, "mean": 0.000502146605868, "min": 8.14049039549e-21, "median": 0.000165997276781, "dvar2": 9.17962040603e-07, "var": 1.3827955172e-06, "dmean2": 0.00039839130477, "max": 0.0442537255585, "dmean": 0.000281763990643}, "melbands_flatness_db": {"dvar": 0.000898353755474, "mean": 0.285822868347, "min": 0.00611174106598, "median": 0.284421354532, "dvar2": 0.00208793510683, "var": 0.00409608520567, "dmean2": 0.0546401850879, "max": 0.551022827625, "dmean": 0.0357512049377}, "barkbands": {"dvar": [6.63063765387e-05, 0.000180348157301, 1.24226799016e-05, 7.46368596083e-06, 2.43844897341e-05, 1.05420358523e-05, 3.60568196811e-06, 4.27996565122e-06, 3.03204615193e-06, 3.52824167749e-06, 1.63918002727e-06, 1.03097568172e-06, 2.36351098692e-07, 1.62703571505e-07, 2.33646090919e-07, 1.93842069507e-07, 3.91171823821e-08, 4.27318589402e-08, 3.44830013432e-08, 1.21603804359e-07, 4.63377354265e-08, 2.47205917958e-08, 2.87772561336e-09, 4.1367798076e-10, 4.78942024928e-11, 7.03006652891e-10, 1.42905633993e-07], "mean": [0.00931859388947, 0.0138842584565, 0.00239182333462, 0.00217346753925, 0.00669062649831, 0.00235597370192, 0.00130071199965, 0.00116560352035, 0.000728777959011, 0.00106671988033, 0.00077432213584, 0.000706862309016, 0.000325542467181, 0.000290156167466, 0.000280702719465, 0.000290647352813, 0.000143226163345, 0.000133549954626, 0.000115151800856, 9.40379322856e-05, 8.34205129649e-05, 5.40376458957e-05, 1.94751046365e-05, 8.81640971784e-06, 3.60535909749e-06, 1.2949264601e-05, 0.000376346200937], "min": [4.86605567724e-23, 4.79141744492e-23, 7.59282155372e-23, 7.0082884025e-24, 6.83037612923e-23, 3.82429764095e-23, 2.13571389428e-23, 4.49799021826e-23, 6.05410544405e-23, 5.23685343485e-23, 8.84856883906e-23, 1.24083516366e-22, 1.36702551925e-22, 5.4148554805e-23, 1.60841695624e-22, 2.20908998071e-22, 9.96637022672e-23, 1.30819441864e-22, 3.43975565445e-22, 4.47249549598e-22, 5.29320113823e-22, 2.91153918859e-22, 6.88657495877e-22, 1.09519773331e-21, 1.34962675653e-21, 1.72340172569e-21, 2.37369675166e-21], "median": [0.00478818267584, 0.00750975403935, 0.00101404113229, 0.00106789078563, 0.00422030314803, 0.000891907431651, 0.00053164025303, 0.000398848380428, 0.00021579163149, 0.000316424819175, 0.000269966723863, 0.000246046285611, 0.000118842799566, 0.000105377715954, 9.7929223557e-05, 8.66229820531e-05, 5.38751191925e-05, 4.19646676164e-05, 3.97524563596e-05, 2.28862427321e-05, 1.92703428183e-05, 1.01821333374e-05, 4.56367797597e-06, 2.27855275625e-06, 1.01377474948e-06, 3.7144993712e-06, 0.000157732341904], "dvar2": [0.000172618747456, 0.00044970412273, 3.34981705237e-05, 2.07018529181e-05, 6.28439738648e-05, 2.42533787969e-05, 7.36580841476e-06, 9.19659487408e-06, 6.66952837491e-06, 8.47320916364e-06, 3.72547697225e-06, 2.45292198997e-06, 5.5263063814e-07, 4.02289856538e-07, 6.0625234255e-07, 4.66109213448e-07, 9.26463172846e-08, 1.06038442027e-07, 7.66312595601e-08, 2.20947825369e-07, 9.26324972284e-08, 4.80256261426e-08, 5.79640957454e-09, 9.97276927706e-10, 1.14906716087e-10, 1.48082690554e-09, 3.34473668318e-07], "var": [0.00013865881192, 0.000329074711772, 1.68353271874e-05, 1.008743493e-05, 5.69875664951e-05, 2.4066068363e-05, 9.85645874607e-06, 1.26930972328e-05, 5.5834793784e-06, 7.11368693374e-06, 5.9508747654e-06, 3.15531792694e-06, 4.99567761381e-07, 3.51133309096e-07, 3.81323729925e-07, 4.19691559728e-07, 8.01055577426e-08, 8.05432236461e-08, 7.26099642634e-08, 2.43351820473e-07, 1.06791908649e-07, 5.00946342186e-08, 5.90697579739e-09, 4.77998529647e-10, 5.06886130291e-11, 1.19965570811e-09, 4.60444169903e-07], "dmean2": [0.00848051346838, 0.0133298942819, 0.00330581818707, 0.0030016109813, 0.00586016057059, 0.0021734975744, 0.00135026907083, 0.00106089690235, 0.000778195739258, 0.00103788857814, 0.000632372626569, 0.000556507438887, 0.000293959048577, 0.000277036917396, 0.000258511368884, 0.000271755852737, 0.000136373317218, 0.000127742183395, 0.000100769924757, 9.07885259949e-05, 8.52976954775e-05, 6.47160122753e-05, 2.15848085645e-05, 1.18123289212e-05, 6.01930332778e-06, 1.46509173646e-05, 0.000256832805462], "max": [0.123913213611, 0.202778488398, 0.0911143571138, 0.05037843436, 0.0896873176098, 0.12521083653, 0.118611864746, 0.0961849987507, 0.0648773089051, 0.0698672756553, 0.0942437052727, 0.0515396595001, 0.0184808000922, 0.0110186766833, 0.0217146705836, 0.0131018087268, 0.00748703163117, 0.0058393641375, 0.011463095434, 0.0358168072999, 0.0160658787936, 0.0119539070874, 0.00344717479311, 0.000579733226914, 0.000128612024128, 0.00133037858177, 0.0152741735801], "dmean": [0.00512478128076, 0.00813254714012, 0.00192363501992, 0.0017329090042, 0.00362099893391, 0.0013835412683, 0.000860082043801, 0.000680044118781, 0.000497385044582, 0.000658746808767, 0.00041058298666, 0.000365182175301, 0.000185895114555, 0.000172698724782, 0.000162748765433, 0.000172688232851, 8.67992421263e-05, 8.16686369944e-05, 6.64932231302e-05, 6.05991808698e-05, 5.83651089983e-05, 4.35037618445e-05, 1.43040215335e-05, 7.58807482271e-06, 3.67896768694e-06, 9.86416307569e-06, 0.00017732498236]}, "erbbands_spread": {"dvar": 49.9368057251, "mean": 31.825340271, "min": 1.2851883173, "median": 29.9956016541, "dvar2": 101.506118774, "var": 197.28666687, "dmean2": 10.3621091843, "max": 126.045166016, "dmean": 7.00197553635}, "barkbands_kurtosis": {"dvar": 108.931289673, "mean": 14.8543148041, "min": -1.93195259571, "median": 10.2819423676, "dvar2": 279.603729248, "var": 276.925201416, "dmean2": 10.9805603027, "max": 261.363677979, "dmean": 6.82852697372}, "spectral_flux": {"dvar": 0.000843635527417, "mean": 0.103588469326, "min": 1.05509739834e-10, "median": 0.0972202569246, "dvar2": 0.00206169369631, "var": 0.00273494492285, "dmean2": 0.0440915599465, "max": 0.405104607344, "dmean": 0.0275007579476}, "silence_rate_20dB": {"dvar": 0, "mean": 1, "min": 1, "median": 1, "dvar2": 0, "var": 0, "dmean2": 0, "max": 1, "dmean": 0}, "gfcc": {"cov": [[13682.3681641, 126.645507812, -695.077819824, 428.713287354, 185.005462646, -34.5723381042, 422.559173584, -17.7352905273, 147.208908081, 38.8241424561, -12.1202917099, 91.3556518555, -51.0025749207], [126.645507812, 904.696716309, -68.5844955444, -282.357452393, 134.050857544, -78.6462936401, 15.172949791, -62.7782211304, 44.3520965576, -67.4642105103, 48.164855957, -57.9244537354, 51.1474952698], [-695.077819824, -68.5844955444, 335.776916504, 168.882125854, -43.9343223572, 80.9671478271, -39.9670829773, 58.5104522705, -34.672668457, 38.5828285217, -9.24904060364, 3.55613660812, -0.634677767754], [428.713287354, -282.357452393, 168.882125854, 405.665374756, 54.262260437, 41.3410568237, 97.6041564941, 28.1911716461, 28.1131343842, 60.1001663208, -15.0533256531, 54.5360717773, -30.1611804962], [185.005462646, 134.050857544, -43.9343223572, 54.262260437, 183.607070923, 7.68765878677, 85.0045394897, -15.3181180954, 31.6170864105, -11.2682085037, 28.1764068604, 9.13310050964, 16.248588562], [-34.5723381042, -78.6462936401, 80.9671478271, 41.3410568237, 7.68765878677, 200.522033691, 3.64971160889, 74.6275405884, -33.0878791809, 37.9842643738, 7.80911636353, 19.8573074341, 20.5106811523], [422.559173584, 15.172949791, -39.9670829773, 97.6041564941, 85.0045394897, 3.64971160889, 179.83493042, -5.011677742, 46.2413444519, -2.11022543907, 9.67276191711, 33.0553588867, -9.47443675995], [-17.7352905273, -62.7782211304, 58.5104522705, 28.1911716461, -15.3181180954, 74.6275405884, -5.011677742, 140.88999939, 29.0835170746, 43.7868041992, 4.62799072266, -0.634566187859, 26.3781375885], [147.208908081, 44.3520965576, -34.672668457, 28.1131343842, 31.6170864105, -33.0878791809, 46.2413444519, 29.0835170746, 119.265480042, 40.9607543945, -0.946415245533, 5.64531898499, -0.90993976593], [38.8241424561, -67.4642105103, 38.5828285217, 60.1001663208, -11.2682085037, 37.9842643738, -2.11022543907, 43.7868041992, 40.9607543945, 92.0400085449, 23.9212741852, 9.05913352966, 8.49464607239], [-12.1202917099, 48.164855957, -9.24904060364, -15.0533256531, 28.1764068604, 7.80911636353, 9.67276191711, 4.62799072266, -0.946415245533, 23.9212741852, 67.4755859375, 26.9023532867, 11.7468795776], [91.3556518555, -57.9244537354, 3.55613660812, 54.5360717773, 9.13310050964, 19.8573074341, 33.0553588867, -0.634566187859, 5.64531898499, 9.05913352966, 26.9023532867, 70.2041778564, 20.1790027618], [-51.0025749207, 51.1474952698, -0.634677767754, -30.1611804962, 16.248588562, 20.5106811523, -9.47443675995, 26.3781375885, -0.90993976593, 8.49464607239, 11.7468795776, 20.1790027618, 71.9872894287]], "mean": [-23.0697917938, 112.054000854, -80.2172088623, -1.30805516243, -17.0122413635, -17.0083580017, -5.16720867157, -17.7246761322, -5.70039319992, -10.0039138794, -5.17705631256, 0.0870251879096, -0.397510826588], "icov": [[0.000115221948363, -0.000215028616367, 0.000569593452383, -0.000518426124472, 0.000289489980787, -0.00010231500346, -3.84754130209e-05, -0.000160016090376, 0.000194798514713, -5.94988887315e-05, 5.57277780899e-05, 1.4823973288e-05, 3.58398465323e-05], [-0.000215028616367, 0.00309196580201, -0.00274632847868, 0.00305740744807, -0.00199776189402, 0.00014978685067, -0.00071988342097, 0.00199073995464, -0.002959090285, 0.00218683690764, -0.00270835892297, 0.00277840392664, -0.00214072386734], [0.000569593452383, -0.00274632847868, 0.00944027118385, -0.00771625060588, 0.00464070634916, -0.00235624960624, 0.00202413112856, -0.00224142195657, 0.00249661435373, 0.000480033108033, -0.0009515756974, 0.00183449161705, -0.000467330421088], [-0.000518426124472, 0.00305740744807, -0.00771625060588, 0.0126960854977, -0.00824320409447, 0.00394938932732, -0.00301014073193, -0.000427177612437, 0.00201069237664, -0.00777745991945, 0.00830776803195, -0.00875623244792, 0.00524946022779], [0.000289489980787, -0.00199776189402, 0.00464070634916, -0.00824320409447, 0.0150760281831, -0.00519825983793, -0.00206444319338, 0.00322750071064, -0.00563827995211, 0.00945041608065, -0.011666579172, 0.0104809077457, -0.0073850560002], [-0.00010231500346, 0.00014978685067, -0.00235624960624, 0.00394938932732, -0.00519825983793, 0.0108640920371, -0.00139102060348, -0.00604510167614, 0.00844731088728, -0.00906624644995, 0.0078670727089, -0.00808251369745, 0.00372345861979], [-3.84754130209e-05, -0.00071988342097, 0.00202413112856, -0.00301014073193, -0.00206444319338, -0.00139102060348, 0.0102865230292, -0.000375343573978, -0.00296298204921, 0.00290229753591, -0.000547029078007, -0.00303910276853, 0.00215579615906], [-0.000160016090376, 0.00199073995464, -0.00224142195657, -0.000427177612437, 0.00322750071064, -0.00604510167614, -0.000375343573978, 0.0148772001266, -0.00918686110526, 0.00441572116688, -0.00742545956746, 0.00928651541471, -0.00826212018728], [0.000194798514713, -0.002959090285, 0.002496614