{"lowlevel": {"erbbands": {"mean": [0.0620738714933, 1.65230441093, 9.07963562012, 10.9724397659, 11.6190423965, 7.06920528412, 8.4844379425, 22.7074451447, 23.2075901031, 19.7466697693, 20.7482509613, 18.4524917603, 13.7007837296, 10.1087217331, 15.6854133606, 25.3059711456, 16.8525257111, 15.8457212448, 20.85405159, 22.796377182, 28.2655715942, 21.0485877991, 9.77274227142, 9.26528072357, 12.9011983871, 6.96007156372, 6.93077707291, 6.02450847626, 3.43086504936, 2.54996967316, 2.38894844055, 2.43630695343, 2.40256381035, 1.4503184557, 0.753750383854, 0.395853787661, 0.2799705863, 0.0571304708719, 0.00256218248978, 0.000109596148832], "dvar": [0.0116408318281, 6.32277345657, 120.352210999, 243.558929443, 362.174224854, 78.8313980103, 161.851226807, 1334.04125977, 3077.42919922, 4358.81494141, 3604.2800293, 1750.15234375, 1104.7265625, 685.982727051, 2286.97290039, 3254.17382812, 1118.67138672, 2046.45666504, 2440.07177734, 2078.52319336, 1716.86120605, 868.991821289, 159.235671997, 135.360565186, 571.567321777, 137.673599243, 83.0151901245, 55.9865989685, 59.7464485168, 24.5716896057, 21.2884807587, 27.4965133667, 23.8134002686, 9.67216682434, 2.62211799622, 0.816780984402, 0.716449975967, 0.0390899144113, 6.25013562967e-05, 3.70654369419e-08], "min": [1.6300961161e-22, 2.26793900424e-21, 5.60270471905e-21, 1.64083583254e-21, 1.98776590296e-20, 6.81006489205e-20, 2.39951447222e-19, 3.26574292107e-19, 3.1230839922e-19, 4.50593558895e-19, 7.0388386218e-19, 7.01053612016e-19, 8.99051130653e-19, 1.52493837512e-18, 1.25577276982e-18, 1.40758595142e-18, 2.27210198131e-18, 2.65450075425e-18, 2.29459384934e-18, 3.50974346908e-18, 4.11725923894e-18, 4.67499197081e-18, 7.09506064047e-18, 6.14542131491e-18, 1.02742573601e-17, 1.04297515988e-17, 1.2408440416e-17, 1.31648706164e-17, 1.22942688119e-17, 1.16567168732e-17, 1.17312971316e-17, 1.17100931838e-17, 1.19999753208e-17, 9.2389126105e-18, 6.3214308736e-18, 4.96296538849e-18, 2.8663685925e-18, 1.07594918472e-18, 2.51520214323e-19, 2.87809416202e-20], "dmean": [0.0416691675782, 1.12630438805, 5.24502277374, 6.5374584198, 7.7891793251, 4.50774478912, 3.99032998085, 12.0512752533, 15.777841568, 15.5513525009, 13.7098932266, 10.7226657867, 7.89306020737, 5.60737991333, 9.92247486115, 14.9448032379, 10.7501478195, 10.2176780701, 13.2135982513, 12.6727228165, 15.5836210251, 10.5211296082, 4.83239603043, 4.81084728241, 6.87714385986, 3.9195895195, 3.68402385712, 3.24135756493, 2.18775248528, 1.80692207813, 1.68593931198, 1.7533261776, 1.67358005047, 1.06310760975, 0.559819102287, 0.303074359894, 0.245556727052, 0.0556209087372, 0.00238919444382, 7.25864374544e-05], "dmean2": [0.0717115104198, 1.92447340488, 8.85367107391, 10.9541492462, 13.0221033096, 7.18403482437, 5.7063498497, 16.7192573547, 23.5304088593, 24.1307086945, 19.64012146, 13.9419555664, 9.75123023987, 6.98311042786, 13.0596008301, 19.4110927582, 14.6471338272, 14.8556537628, 18.7037754059, 18.420211792, 21.6558113098, 14.9516677856, 6.92546749115, 6.79515123367, 9.72532939911, 5.86976480484, 5.2245965004, 4.79838991165, 3.45862293243, 2.90492844582, 2.69188308716, 2.73869895935, 2.54528355598, 1.63430678844, 0.85060107708, 0.454149842262, 0.359612762928, 0.0834836289287, 0.00360510637984, 0.000107240732177], "dvar2": [0.0323207676411, 18.5946331024, 352.253295898, 706.198120117, 1004.63098145, 186.404937744, 294.228820801, 2568.43579102, 7105.7421875, 11032.7832031, 8170.24511719, 3474.23364258, 1819.84814453, 1391.00842285, 4478.50195312, 5719.43261719, 2073.49389648, 4734.46142578, 4262.20019531, 4628.17333984, 3429.27709961, 1613.60998535, 330.074523926, 300.503326416, 1125.73120117, 301.319641113, 154.707931519, 116.378746033, 147.022766113, 60.2239608765, 50.7276916504, 60.1259918213, 48.4871864319, 21.7601833344, 5.92995500565, 1.77397298813, 1.541492939, 0.0857323929667, 0.000138227042044, 7.88715937006e-08], "max": [1.17578482628, 28.0443592072, 127.016998291, 189.99659729, 206.480163574, 197.435501099, 353.880828857, 788.177856445, 1009.14758301, 1220.84436035, 1048.16479492, 909.63482666, 1079.82067871, 876.020202637, 1422.7286377, 1175.28637695, 604.386779785, 1158.10119629, 1812.14929199, 1513.23071289, 1235.37072754, 942.678222656, 313.998443604, 481.90713501, 1195.92224121, 329.674957275, 234.194458008, 182.514129639, 232.074813843, 96.3510818481, 101.018455505, 152.43536377, 117.11894989, 63.5985145569, 25.5044021606, 15.6871671677, 14.1864128113, 3.53002333641, 0.140511110425, 0.00304134143516], "median": [0.0253864321858, 0.674370110035, 4.15837860107, 5.87808227539, 5.68655395508, 3.18436455727, 1.51421296597, 2.92242884636, 3.39574122429, 2.69881749153, 1.61323773861, 1.83280098438, 1.1012840271, 0.780166745186, 1.12041711807, 1.16652190685, 1.0536557436, 2.26410531998, 3.78684234619, 6.39519166946, 6.10680055618, 3.76519083977, 2.87770652771, 3.08160018921, 2.7052628994, 1.73301672935, 1.64290630817, 1.80714869499, 1.05145204067, 0.544596612453, 0.392671465874, 0.321497440338, 0.222318932414, 0.120191991329, 0.0570739097893, 0.0177908632904, 0.00565826427191, 0.001000547898, 0.00010509245476, 4.37673697888e-05], "var": [0.0141093498096, 7.34765863419, 173.949829102, 249.099258423, 383.729644775, 136.6456604, 492.343383789, 3381.88574219, 4350.44970703, 4385.65332031, 5162.61474609, 3805.42724609, 2683.11352539, 1529.47143555, 4818.7109375, 8231.77832031, 2470.69482422, 3507.28637695, 5863.77441406, 4084.95800781, 4773.15820312, 3182.81616211, 548.706481934, 350.591278076, 1457.39855957, 335.036407471, 308.06842041, 172.717849731, 91.8812942505, 33.8070716858, 38.8010787964, 55.4695472717, 52.6886177063, 16.4461956024, 3.98820257187, 1.23842680454, 0.971379160881, 0.046365942806, 7.76399028837e-05, 6.00994169986e-08]}, "gfcc": {"icov": [[0.000139344134368, -0.000190433886019, 0.000182128278539, -0.000278014020296, 0.000347101944499, -0.000203392744879, 0.000377094605938, -0.000385598890716, 0.000352401082637, -0.000360681966413, 0.000446796562755, -0.000190267819562, 0.000408788415371], [-0.000190433886019, 0.00113845069427, -6.34722018731e-05, 0.000775572902057, -0.000663225422613, 0.00084981211694, -0.00101516209543, 0.00129380938597, -0.000987901934423, 0.00158217642456, -0.00118421029765, 0.00113579095341, -0.00106467388105], [0.000182128278539, -6.34722018731e-05, 0.00129082112107, -0.000369520537788, -7.56723529776e-05, -0.000632927694824, 0.000790313701145, -0.000465024902951, 0.000885883462615, 0.000597897684202, 0.00112277769949, -0.000863469089381, 0.000833726779092], [-0.000278014020296, 0.000775572902057, -0.000369520537788, 0.0031104371883, -0.0014333416475, 0.000382635247661, 0.000270060205366, 0.000782006420195, -0.000914788979571, 0.00224101077765, -0.00149376213085, 0.001723253401, -0.00218553119339], [0.000347101944499, -0.000663225422613, -7.56723529776e-05, -0.0014333416475, 0.00378536223434, -0.00110664358363, 0.000389644264942, 0.000276061997283, -0.000187963014469, -0.00210251822136, 0.000633427815046, 0.000460283452412, 0.000250890589086], [-0.000203392744879, 0.00084981211694, -0.000632927694824, 0.000382635247661, -0.00110664358363, 0.00508560938761, -0.00252900156192, 0.000272901554126, 5.16361833434e-05, -0.000778941903263, -0.000689044070896, 0.000439173105406, 0.000716362905223], [0.000377094605938, -0.00101516209543, 0.000790313701145, 0.000270060205366, 0.000389644264942, -0.00252900156192, 0.00539924018085, -0.00254209083505, 0.00149278051686, 0.000936363299843, 0.00058140110923, -0.000510352489073, 0.0010939061176], [-0.000385598890716, 0.00129380938597, -0.000465024902951, 0.000782006420195, 0.000276061997283, 0.000272901554126, -0.00254209083505, 0.0108481124043, -0.00424479134381, 0.00108469836414, -0.000191623039427, 0.000172583211679, -0.000545701303054], [0.000352401082637, -0.000987901934423, 0.000885883462615, -0.000914788979571, -0.000187963014469, 5.16361833434e-05, 0.00149278051686, -0.00424479134381, 0.0114162350073, -0.00447630882263, -0.000326310808305, 0.00117978523485, -0.00206452631392], [-0.000360681966413, 0.00158217642456, 0.000597897684202, 0.00224101077765, -0.00210251822136, -0.000778941903263, 0.000936363299843, 0.00108469836414, -0.00447630882263, 0.0140012670308, -0.0029840178322, 0.000223725961405, 0.00214762799442], [0.000446796562755, -0.00118421029765, 0.00112277769949, -0.00149376213085, 0.000633427815046, -0.000689044070896, 0.00058140110923, -0.000191623039427, -0.000326310808305, -0.0029840178322, 0.0120233511552, -0.00378381274641, 0.00211085006595], [-0.000190267819562, 0.00113579095341, -0.000863469089381, 0.001723253401, 0.000460283452412, 0.000439173105406, -0.000510352489073, 0.000172583211679, 0.00117978523485, 0.000223725961405, -0.00378381274641, 0.0131566217169, -0.00555019872263], [0.000408788415371, -0.00106467388105, 0.000833726779092, -0.00218553119339, 0.000250890589086, 0.000716362905223, 0.0010939061176, -0.000545701303054, -0.00206452631392, 0.00214762799442, 0.00211085006595, -0.00555019872263, 0.0160057619214]], "mean": [-53.671257019, 84.5093536377, -82.8446578979, 45.8912467957, -34.9751434326, 8.26163005829, -39.0481987, 5.25935077667, -20.8299179077, 1.74291086197, -21.7090320587, -5.66910076141, -13.4141550064], "cov": [[19916.1132812, 117.494186401, -1815.42407227, 288.111114502, -1522.5032959, -196.694091797, -845.923034668, 318.957641602, -199.480117798, 238.719833374, -320.918426514, -62.3023109436, -302.624176025], [117.494186401, 2422.88378906, -585.608154297, -160.922042847, 125.276535034, -320.119232178, 251.794158936, -157.917434692, 122.072769165, -176.723861694, 126.827095032, -120.120910645, 137.545181274], [-1815.42407227, -585.608154297, 1461.11132812, 138.788528442, 157.812423706, 170.840393066, -65.0350723267, -16.5877742767, -142.978591919, -91.9362411499, -108.007575989, 60.4683952332, -26.8793392181], [288.111114502, -160.922042847, 138.788528442, 613.691223145, 162.899780273, -49.9384994507, -168.245819092, -32.4231338501, 26.8128376007, -44.0036621094, -0.578700244427, -37.7836074829, 64.9174804688], [-1522.5032959, 125.276535034, 157.812423706, 162.899780273, 522.983398438, 63.6478004456, 28.4856109619, -57.3953933716, 61.6938362122, 21.713722229, 35.6985740662, -44.9099159241, 31.0541191101], [-196.694091797, -320.119232178, 170.840393066, -49.9384994507, 63.6478004456, 357.691101074, 129.589859009, 39.593662262, -36.4249229431, 45.0834007263, -11.8683338165, 4.99250888824, -63.9526977539], [-845.923034668, 251.794158936, -65.0350723267, -168.245819092, 28.4856109619, 129.589859009, 395.699829102, 35.4213600159, -15.0641889572, -36.3896026611, 20.3254623413, -5.07418107986, -14.8151464462], [318.957641602, -157.917434692, -16.5877742767, -32.4231338501, -57.3953933716, 39.593662262, 35.4213600159, 139.376861572, 24.9376735687, 19.8013801575, -13.0114021301, 8.81435966492, -15.42299366], [-199.480117798, 122.072769165, -142.978591919, 26.8128376007, 61.6938362122, -36.4249229431, -15.0641889572, 24.9376735687, 154.868453979, 41.9418945312, 34.9561271667, -20.2387428284, 29.5867729187], [238.719833374, -176.723861694, -91.9362411499, -44.0036621094, 21.713722229, 45.0834007263, -36.3896026611, 19.8013801575, 41.9418945312, 138.520217896, 21.9667167664, 0.253553956747, -34.2534866333], [-320.918426514, 126.827095032, -108.007575989, -0.578700244427, 35.6985740662, -11.8683338165, 20.3254623413, -13.0114021301, 34.9561271667, 21.9667167664, 122.729492188, 13.6983585358, 10.4442977905], [-62.3023109436, -120.120910645, 60.4683952332, -37.7836074829, -44.9099159241, 4.99250888824, -5.07418107986, 8.81435966492, -20.2387428284, 0.253553956747, 13.6983585358, 109.672607422, 19.9990997314], [-302.624176025, 137.545181274, -26.8793392181, 64.9174804688, 31.0541191101, -63.9526977539, -14.8151464462, -15.42299366, 29.5867729187, -34.2534866333, 10.4442977905, 19.9990997314, 106.452316284]]}, "spectral_skewness": {"mean": 1.74739658833, "dvar": 0.164999768138, "min": -0.0490728579462, "dmean": 0.327943921089, "dmean2": 0.494467288256, "dvar2": 0.353882193565, "max": 7.28005027771, "median": 1.60522794724, "var": 0.706692516804}, "spectral_energyband_low": {"mean": 0.0158829260617, "dvar": 0.000304938293993, "min": 3.42484656199e-23, "dmean": 0.00860894285142, "dmean2": 0.0144111085683, "dvar2": 0.000873894838151, "max": 0.197658807039, "median": 0.0090900817886, "var": 0.000416489288909}, "spectral_energyband_middle_low": {"mean": 0.0117049515247, "dvar": 0.000109721891931, "min": 2.05471116373e-22, "dmean": 0.00552351167426, "dmean2": 0.00849215593189, "dvar2": 0.000290053139906, "max": 0.141101375222, "median": 0.00735827581957, "var": 0.000173082546098}, "mfcc": {"icov": [[9.36018914217e-05, 2.25721869356e-05, 2.4103663236e-05, -3.48569192283e-05, 0.000123382022139, 9.37466174946e-05, 0.000143482917338, 9.41965627135e-05, 3.02089529214e-06, -7.22562181181e-05, 6.66838332108e-06, -4.56801644759e-05, 1.82092808245e-05], [2.25721869356e-05, 0.000541412329767, 0.000256290950347, -0.000153164044605, 0.000107121333713, -1.10650917122e-05, 6.77391608406e-06, -0.000134556175908, -0.000118929834571, 0.000436617643572, -0.000222764530918, 0.000111228648166, 0.000427411840064], [2.4103663236e-05, 0.000256290950347, 0.00155049865134, 0.000289379182504, -0.000701326702256, 1.8307728169e-05, -0.000201190443477, -0.00111778709106, 0.000315282930387, 0.000624232983682, 0.000400986609748, 0.000954392016865, 0.000986607512459], [-3.48569192283e-05, -0.000153164044605, 0.000289379182504, 0.00298999226652, -0.00189628230873, 0.000453132990515, -2.34675408137e-05, -0.000276756472886, -0.000497463915963, 0.000767633959185, 0.000946219020989, 0.000381407968234, 0.000827357522212], [0.000123382022139, 0.000107121333713, -0.000701326702256, -0.00189628230873, 0.00433517340571, -0.00154795078561, 0.000974459631834, 0.00120837974828, 0.000977156450972, -0.00237929727882, 0.000453361484688, 0.000529389479198, -0.00134765577968], [9.37466174946e-05, -1.10650917122e-05, 1.8307728169e-05, 0.000453132990515, -0.00154795078561, 0.00611193105578, -0.00320475921035, 0.000435920839664, -0.000564803718589, -0.000424655037932, -0.00037383812014, -0.000727980746888, 0.000402763340389], [0.000143482917338, 6.77391608406e-06, -0.000201190443477, -2.34675408137e-05, 0.000974459631834, -0.00320475921035, 0.00788958650082, -0.0038133226335, 0.000828011718113, -0.00088744587265, -0.00013480031339, -0.00116631865967, 0.000588886381593], [9.41965627135e-05, -0.000134556175908, -0.00111778709106, -0.000276756472886, 0.00120837974828, 0.000435920839664, -0.0038133226335, 0.0107655450702, -0.00354669010267, 0.00111863121856, -0.000701419601683, 2.42787314164e-06, -0.00135315803345], [3.02089529214e-06, -0.000118929834571, 0.000315282930387, -0.000497463915963, 0.000977156450972, -0.000564803718589, 0.000828011718113, -0.00354669010267, 0.00996734574437, -0.00293038529344, 0.00135281612165, 0.000333637115546, -0.000710759952199], [-7.22562181181e-05, 0.000436617643572, 0.000624232983682, 0.000767633959185, -0.00237929727882, -0.000424655037932, -0.00088744587265, 0.00111863121856, -0.00293038529344, 0.0102053498849, -0.00364324776456, 0.00099651387427, 0.000984967802651], [6.66838332108e-06, -0.000222764530918, 0.000400986609748, 0.000946219020989, 0.000453361484688, -0.00037383812014, -0.00013480031339, -0.000701419601683, 0.00135281612165, -0.00364324776456, 0.0108608901501, -0.00375571171753, 0.00178524525836], [-4.56801644759e-05, 0.000111228648166, 0.000954392016865, 0.000381407968234, 0.000529389479198, -0.000727980746888, -0.00116631865967, 2.42787314164e-06, 0.000333637115546, 0.00099651387427, -0.00375571171753, 0.0141727449372, -0.00423698872328], [1.82092808245e-05, 0.000427411840064, 0.000986607512459, 0.000827357522212, -0.00134765577968, 0.000402763340389, 0.000588886381593, -0.00135315803345, -0.000710759952199, 0.000984967802651, 0.00178524525836, -0.00423698872328, 0.0120308510959]], "mean": [-704.570007324, 118.049781799, 16.967956543, 41.8717765808, 23.5922412872, 10.8838262558, 0.733473598957, 0.465715527534, 5.68940591812, 1.52222812176, -2.49510550499, -0.70169699192, -1.42684614658], "cov": [[13519.3925781, -237.698638916, -730.953186035, -64.8891983032, -520.307617188, -636.357543945, -619.331115723, -345.546539307, -51.9432907104, -30.6348323822, -3.86359214783, 40.9699440002, 21.2995357513], [-237.698638916, 2257.80029297, -385.712188721, 71.9553222656, -193.089111328, -39.6583404541, 8.98186397552, 34.0084571838, 30.837436676, -101.862487793, 38.9817390442, 9.59309482574, -62.3297996521], [-730.953186035, -385.712188721, 1020.26690674, 54.0742797852, 187.096466064, 67.2908782959, 76.5851364136, 94.4030914307, -20.5629081726, -29.9007740021, -81.0065231323, -106.966094971, -71.4208526611], [-64.8891983032, 71.9553222656, 54.0742797852, 547.125366211, 274.211151123, -12.5447177887, -63.8900032043, -39.5833129883, -0.201660752296, -7.23558282852, -84.0143508911, -64.2918701172, -24.3016300201], [-520.307617188, -193.089111328, 187.096466064, 274.211151123, 529.580566406, 98.2210083008, -40.7588577271, -70.355430603, -29.2993297577, 84.70337677, -45.4987754822, -54.8436279297, 2.33351135254], [-636.357543945, -39.6583404541, 67.2908782959, -12.5447177887, 98.2210083008, 280.153747559, 142.647720337, 41.3797988892, 15.8187847137, 50.3226509094, 30.4664096832, 19.5426921844, -3.81193113327], [-619.331115723, 8.98186397552, 76.5851364136, -63.8900032043, -40.7588577271, 142.647720337, 261.480407715, 110.716583252, 23.9275817871, 19.4300270081, 35.3525733948, 30.6090049744, -5.59915161133], [-345.546539307, 34.0084571838, 94.4030914307, -39.5833129883, -70.355430603, 41.3797988892, 110.716583252, 170.00793457, 50.6807556152, -14.0365877151, 9.5169467926, 11.0828266144, 5.36532258987], [-51.9432907104, 30.837436676, -20.5629081726, -0.201660752296, -29.2993297577, 15.8187847137, 23.9275817871, 50.6807556152, 129.384887695, 25.665019989, -1.32889211178, 1.98966419697, 7.8412322998], [-30.6348323822, -101.862487793, -29.9007740021, -7.23558282852, 84.70337677, 50.3226509094, 19.4300270081, -14.0365877151, 25.665019989, 154.129592896, 47.7885742188, 3.65330767632, -5.01854991913], [-3.86359214783, 38.9817390442, -81.0065231323, -84.0143508911, -45.4987754822, 30.4664096832, 35.3525733948, 9.5169467926, -1.32889211178, 47.7885742188, 140.015762329, 46.0648460388, -4.27970314026], [40.9699440002, 9.59309482574, -106.966094971, -64.2918701172, -54.8436279297, 19.5426921844, 30.6090049744, 11.0828266144, 1.98966419697, 3.65330767632, 46.0648460388, 108.011054993, 36.763004303], [21.2995357513, -62.3297996521, -71.4208526611, -24.3016300201, 2.33351135254, -3.81193113327, -5.59915161133, 5.36532258987, 7.8412322998, -5.01854991913, -4.27970314026, 36.763004303, 108.552726746]]}, "silence_rate_20dB": {"mean": 1, "dvar": 0, "min": 1, "dmean": 0, "dmean2": 0, "dvar2": 0, "max": 1, "median": 1, "var": 0}, "dynamic_complexity": 4.69464302063, "silence_rate_60dB": {"mean": 0.094656124711, "dvar": 0.019268585369, "min": 0, "dmean": 0.0196548420936, "dmean2": 0.0393191091716, "dvar2": 0.0449653863907, "max": 1, "median": 0, "var": 0.0856938511133}, "dissonance": {"mean": 0.448033511639, "dvar": 0.000654470000882, "min": 0.153361156583, "dmean": 0.0208116788417, "dmean2": 0.0329674035311, "dvar2": 0.00154805521015, "max": 0.499550700188, "median": 0.46219599247, "var": 0.00222071283497}, "barkbands": {"mean": [1.66240315593e-05, 0.00548601755872, 0.00865882448852, 0.00340290297754, 0.00258516310714, 0.00236993585713, 0.00152221927419, 0.000824428047054, 0.000922342704143, 0.000267403316684, 0.000335182645358, 0.000630551890936, 0.000342299055774, 0.000371758127585, 0.000397500727559, 0.000480440066895, 0.000378970988095, 0.000148587132571, 0.000249376898864, 0.000146737860632, 0.00017235778796, 9.02076208149e-05, 8.64923422341e-05, 0.000132233457407, 0.000116797433293, 0.000129220148665, 1.70430539583e-05], "dvar": [1.79015358093e-09, 7.76717133704e-05, 0.000104991573608, 3.91241519537e-05, 1.20936501844e-05, 1.14593349281e-05, 1.74657834577e-05, 6.24350514045e-06, 4.83594476464e-06, 6.44980957532e-07, 1.24108407817e-06, 2.12385612031e-06, 7.97666757535e-07, 1.09553934635e-06, 1.03714194211e-06, 5.39558186574e-07, 3.96429101102e-07, 6.37557207028e-08, 1.58641043413e-07, 6.80932501496e-08, 4.39981882039e-08, 2.91701436339e-08, 2.89491772776e-08, 6.76018245827e-08, 6.49175788681e-08, 1.30656317765e-07, 3.36628858122e-09], "min": [1.7049067727e-25, 1.71506580726e-23, 1.44979105415e-24, 4.27775997505e-25, 2.93764701356e-23, 4.32047474203e-23, 2.4323853903e-23, 2.82624880969e-23, 2.35453917622e-23, 2.09883228038e-23, 2.62847380769e-23, 3.25953223961e-23, 4.11789747038e-23, 5.2904852479e-23, 4.54116836214e-23, 5.75533794461e-23, 5.36081535304e-23, 1.37538555158e-22, 1.23240154639e-22, 2.18038705579e-22, 3.24461292351e-22, 3.65709150389e-22, 4.59891872331e-22, 7.31204942303e-22, 8.53852441521e-22, 1.5398392204e-21, 2.06289999431e-21], "dmean": [1.40105048558e-05, 0.00385734415613, 0.0048862695694, 0.00239027454518, 0.00173078209627, 0.00119719118811, 0.00117717846297, 0.000580575608183, 0.000561002118047, 0.000164802841027, 0.000217306587729, 0.000385671650292, 0.00025139839272, 0.000264645670541, 0.000249349395745, 0.00027019076515, 0.00021242442017, 8.43852612888e-05, 0.000134032859933, 8.49476346048e-05, 8.92134994501e-05, 5.76032834942e-05, 6.22765801381e-05, 9.07791545615e-05, 8.63367313286e-05, 0.000110133521957, 1.65681794897e-05], "dmean2": [2.47103489528e-05, 0.00659796921536, 0.00819471292198, 0.00405721040443, 0.00276912585832, 0.00167632719968, 0.00181484047789, 0.000849424221087, 0.000732571817935, 0.000219783105422, 0.00029287248617, 0.000494237232488, 0.000349193403963, 0.000389572000131, 0.000366902822861, 0.000389071647078, 0.000307976413751, 0.000128114596009, 0.000183993848623, 0.000127230377984, 0.000127551247715, 8.96830388228e-05, 9.95275186142e-05, 0.000137463299325, 0.00013118723291, 0.000160796305863, 2.57607225649e-05], "dvar2": [5.39055733384e-09, 0.000227411524975, 0.000303648179397, 0.000112375571916, 3.02520929836e-05, 2.22796406888e-05, 4.17870141973e-05, 1.44910591189e-05, 9.4208662631e-06, 1.30493560846e-06, 2.70293708127e-06, 3.48119624505e-06, 1.52678080667e-06, 2.29340662372e-06, 1.99314331439e-06, 1.16401440664e-06, 8.19422439235e-07, 1.51160421069e-07, 2.96520312304e-07, 1.39057860338e-07, 7.91799337208e-08, 6.71600943747e-08, 7.03841749328e-08, 1.34513513217e-07, 1.49690606577e-07, 2.78081728311e-07, 7.70265451422e-09], "max": [0.00048589380458, 0.0990827903152, 0.130345791578, 0.0819660574198, 0.0617997571826, 0.0647839009762, 0.0780049338937, 0.0475143045187, 0.0497145205736, 0.0346438027918, 0.0373060554266, 0.0362492725253, 0.0162808801979, 0.0243417397141, 0.0365606546402, 0.0210766289383, 0.0159121863544, 0.00603625830263, 0.0204593129456, 0.00817545410246, 0.0052417581901, 0.00536460289732, 0.00309895025566, 0.00798858609051, 0.00500963442028, 0.00587180955335, 0.00115176150575], "median": [2.39117048295e-06, 0.0020712800324, 0.00352554628626, 0.00140019191895, 0.0012383981375, 0.000270706077572, 0.00018056484987, 4.25512916991e-05, 9.08184520085e-05, 2.00395443244e-05, 2.43727299676e-05, 2.68542444246e-05, 1.67900743691e-05, 5.54249381821e-05, 6.89333974151e-05, 0.000123612117022, 5.63039757253e-05, 4.80988710478e-05, 5.92510805291e-05, 3.60326666851e-05, 4.53848188045e-05, 2.82200380752e-05, 1.45281937876e-05, 1.5171238374e-05, 9.52376467467e-06, 3.39349571732e-06, 5.19137756783e-07], "var": [1.78580394916e-09, 8.9794593805e-05, 0.00016149203293, 3.80746278097e-05, 1.81295199582e-05, 3.12967640639e-05, 2.06686345336e-05, 8.91180661711e-06, 9.92195055005e-06, 1.36310654852e-06, 2.47094681072e-06, 5.69828262087e-06, 1.47933201333e-06, 2.34090725826e-06, 2.48905030276e-06, 1.33912192268e-06, 1.07174628283e-06, 1.45569870824e-07, 4.30467167689e-07, 1.76830809551e-07, 1.73891365307e-07, 5.34775175254e-08, 4.61865958812e-08, 1.57134195433e-07, 1.0036538356e-07, 1.81103658292e-07, 3.79143694218e-09]}, "spectral_complexity": {"mean": 10.6779298782, "dvar": 10.2733783722, "min": 0, "dmean": 2.49137115479, "dmean2": 3.65092301369, "dvar2": 20.0499401093, "max": 49, "median": 10, "var": 49.8464508057}, "spectral_energyband_high": {"mean": 0.000802583468612, "dvar": 1.28408578348e-06, "min": 7.39322318493e-21, "dmean": 0.000482241302961, "dmean2": 0.00069055496715, "dvar2": 2.77826848105e-06, "max": 0.0200619790703, "median": 0.000198920912226, "var": 2.56703356172e-06}, "hfc": {"mean": 18.4986763, "dvar": 163.11050415, "min": 1.09174347887e-16, "dmean": 7.3504743576, "dmean2": 10.1260004044, "dvar2": 340.04486084, "max": 208.652023315, "median": 10.8806400299, "var": 455.809844971}, "melbands_kurtosis": {"mean": 48.8388023376, "dvar": 1984.29174805, "min": -1.85499763489, "dmean": 25.8446922302, "dmean2": 41.1374435425, "dvar2": 5044.45068359, "max": 714.226867676, "median": 24.284784317, "var": 4743.20263672}, "spectral_strongpeak": {"mean": 0.898595750332, "dvar": 0.783810019493, "min": 0, "dmean": 0.45641669631, "dmean2": 0.731928765774, "dvar2": 1.63748371601, "max": 13.9464387894, "median": 0.504218935966, "var": 1.63358044624}, "silence_rate_30dB": {"mean": 0.989695668221, "dvar": 0.0123089868575, "min": 0, "dmean": 0.0124640464783, "dmean2": 0.0249340683222, "dvar2": 0.0324636548758, "max": 1, "median": 1, "var": 0.0101983277127}, "melbands_spread": {"mean": 17.855260849, "dvar": 173.001068115, "min": 0.290661722422, "dmean": 7.23149824142, "dmean2": 11.1184902191, "dvar2": 393.386505127, "max": 266.341796875, "median": 10.3171768188, "var": 524.64239502}, "melbands_crest": {"mean": 17.7425765991, "dvar": 8.57715415955, "min": 1.66891419888, "dmean": 3.28387069702, "dmean2": 5.27923822403, "dvar2": 21.864200592, "max": 32.4354171753, "median": 17.4350986481, "var": 32.6537590027}, "average_loudness": 0.839384794235, "spectral_flux": {"mean": 0.0783479437232, "dvar": 0.00139764731284, "min": 6.40049610534e-11, "dmean": 0.0303641445935, "dmean2": 0.0471105612814, "dvar2": 0.00289530446753, "max": 0.393830090761, "median": 0.0640661716461, "var": 0.00345637486316}, "spectral_rolloff": {"mean": 1478.20336914, "dvar": 2697291.25, "min": 86.1328125, "dmean": 666.19128418, "dmean2": 1143.4420166, "dvar2": 6218552.5, "max": 20822.6074219, "median": 387.59765625, "var": 7948783}, "melbands": {"mean": [0.00103068584576, 0.0039763902314, 0.00203173328191, 0.000685858831275, 0.000283153029159, 0.000508705561515, 0.000348355330061, 0.000202255643671, 0.000171209569089, 0.000117211224278, 6.7236898758e-05, 3.8605514419e-05, 5.10273021064e-05, 5.90980926063e-05, 6.30408685538e-05, 3.11825388053e-05, 2.90361167572e-05, 3.43655228789e-05, 3.25536129822e-05, 2.89141134999e-05, 3.33670068358e-05, 2.30003533943e-05, 1.35653854159e-05, 6.00955854679e-06, 7.16513295629e-06, 1.11453227873e-05, 6.86650764692e-06, 3.85926250601e-06, 3.84055283575e-06, 4.71776002087e-06, 3.10127188641e-06, 2.04344883059e-06, 1.37191068461e-06, 1.47577304688e-06, 1.32205161663e-06, 1.47788807681e-06, 1.45689489273e-06, 1.68158214819e-06, 1.54512338213e-06, 1.14696706532e-06], "dvar": [2.87694570034e-06, 2.24316336244e-05, 7.90528065409e-06, 9.00411464499e-07, 1.69277214468e-07, 6.11193229361e-07, 6.66084076784e-07, 4.23111771397e-07, 2.43644478815e-07, 7.92804257799e-08, 2.94988105054e-08, 1.18160699003e-08, 2.83048375849e-08, 1.97427567628e-08, 2.66315201003e-08, 7.40993222337e-09, 8.1467961266e-09, 8.46149372791e-09, 6.09273476115e-09, 2.62882915436e-09, 3.44493034099e-09, 1.56574608834e-09, 5.15380127464e-10, 6.94479404539e-11, 1.0213227486e-10, 5.74335190517e-10, 1.78905196213e-10, 5.32208443982e-11, 3.43811264181e-11, 4.67409479177e-11, 1.82622805767e-11, 2.71411157438e-11, 8.18673861341e-12, 1.07478852207e-11, 7.36387339995e-12, 1.10819721455e-11, 1.06125950042e-11, 1.2217057227e-11, 1.13648907993e-11, 6.72480257244e-12], "min": [3.29996451644e-24, 3.29575476022e-24, 5.13585575065e-25, 2.89848125291e-24, 8.22234454677e-24, 7.09334417416e-24, 5.49452427881e-24, 4.69350347716e-24, 6.12904218134e-24, 4.13578986123e-24, 4.10640479251e-24, 5.3038952522e-24, 3.87106707409e-24, 4.21011594128e-24, 3.14990068973e-24, 3.99530635578e-24, 4.60732673416e-24, 3.27727865175e-24, 3.67607249124e-24, 4.35150545348e-24, 3.41134536537e-24, 3.75661400637e-24, 5.86355538242e-24, 6.66420936375e-24, 4.36113271197e-24, 5.82296415011e-24, 5.81488029799e-24, 5.6883872407e-24, 7.23841806121e-24, 8.10535962997e-24, 6.23113182653e-24, 4.24608878742e-24, 5.92737975168e-24, 6.2276939707e-24, 5.97319048217e-24, 6.16304642509e-24, 7.21420476459e-24, 7.81678799996e-24, 6.17987401149e-24, 8.12391521618e-24], "dmean": [0.0007148932782, 0.00229156459682, 0.00117033766583, 0.000446996564278, 0.000140003714478, 0.000265514827333, 0.000242159556365, 0.000158721217304, 0.000112815323519, 6.94887930877e-05, 4.01495817641e-05, 2.25134463108e-05, 3.26932677126e-05, 3.64062216249e-05, 4.0300499677e-05, 2.25277690333e-05, 1.99318219529e-05, 2.37439635384e-05, 1.93591840798e-05, 1.58755083248e-05, 2.0145700546e-05, 1.27257308122e-05, 7.407351859e-06, 3.32423906002e-06, 4.02777232011e-06, 6.2175158746e-06, 4.08158894061e-06, 2.38195252678e-06, 2.25853113989e-06, 2.47373009188e-06, 1.79463552286e-06, 1.35161599246e-06, 9.72241082309e-07, 1.12777058803e-06, 9.7317217751e-07, 1.08960728085e-06, 1.07681000827e-06, 1.18227001167e-06, 1.13847920602e-06, 8.73534759194e-07], "dmean2": [0.00122631038539, 0.00385146238841, 0.00196013995446, 0.000731473788619, 0.000201558563276, 0.000370816356735, 0.00036220124457, 0.000244343013037, 0.000159291244927, 8.84399778442e-05, 5.02589646203e-05, 2.8544345696e-05, 4.37629569205e-05, 4.80088347103e-05, 5.32470548933e-05, 3.11976109515e-05, 2.9625287425e-05, 3.3940825233e-05, 2.7743028113e-05, 2.28898079513e-05, 2.84826128336e-05, 1.86190682143e-05, 1.05782228275e-05, 4.92744811709e-06, 5.84472491028e-06, 8.5491246864e-06, 5.99728491579e-06, 3.65832715943e-06, 3.33029356625e-06, 3.42651219398e-06, 2.7776159186e-06, 2.1293935788e-06, 1.55420457304e-06, 1.85331612101e-06, 1.58090915647e-06, 1.752231924e-06, 1.70973896729e-06, 1.82072153621e-06, 1.75057300567e-06, 1.35935306389e-06], "dvar2": [8.32174919196e-06, 6.54525647406e-05, 2.29270372074e-05, 2.37761628341e-06, 2.96741774264e-07, 1.19883793559e-06, 1.56141118168e-06, 1.06959635104e-06, 5.47538377305e-07, 1.4978442664e-07, 4.92557745702e-08, 2.38246542494e-08, 5.92423496926e-08, 3.38928494159e-08, 4.43399734706e-08, 1.47190091226e-08, 1.88143367552e-08, 1.46437759696e-08, 1.07618047807e-08, 6.18267215202e-09, 7.26880822199e-09, 3.07774272734e-09, 9.98316096457e-10, 1.62979366114e-10, 2.35044178565e-10, 1.08770570328e-09, 3.48823414598e-10, 1.22339319231e-10, 7.32685370708e-11, 7.41293068596e-11, 4.13097715757e-11, 6.75441161335e-11, 2.008443932e-11, 2.70652736334e-11, 1.80611428591e-11, 2.58171574397e-11, 2.34167182173e-11, 2.5696713854e-11, 2.43296060382e-11, 1.57499482206e-11], "max": [0.0178843904287, 0.0565794147551, 0.0326044149697, 0.0173153057694, 0.0124742109329, 0.0156391691417, 0.0147398691624, 0.0106874657795, 0.00962143111974, 0.00663167471066, 0.00547326961532, 0.00334700080566, 0.00504098832607, 0.00444732047617, 0.00353545742109, 0.00172318797559, 0.00210280483589, 0.00315204169601, 0.00387069885619, 0.00154100928921, 0.00198497693054, 0.0012424737215, 0.000715700443834, 0.000298050232232, 0.000411855580751, 0.00141901138704, 0.000424901751103, 0.000169814607943, 0.000123855657876, 0.000193451356608, 0.000118988398754, 0.000168467362528, 8.37809711811e-05, 7.88063553046e-05, 5.26838121004e-05, 8.13676961116e-05, 9.33500414249e-05, 8.17149339127e-05, 7.39807874197e-05, 5.89574301557e-05], "median": [0.000397514697397, 0.00203678221442, 0.00117033300921, 0.000350466754753, 6.45036125206e-05, 6.16345278104e-05, 4.8661207984e-05, 1.94504191313e-05, 1.22850742628e-05, 1.10232122097e-05, 4.62299294668e-06, 2.96115808851e-06, 3.65408777725e-06, 2.78025709122e-06, 2.51106803262e-06, 2.23922688747e-06, 3.88238004234e-06, 5.32817966814e-06, 6.35196602161e-06, 8.32416208141e-06, 6.06595722275e-06, 3.27639691022e-06, 2.55565896623e-06, 2.19504249799e-06, 2.25306575885e-06, 2.30576392823e-06, 1.4174182752e-06, 8.78353432654e-07, 8.48002514431e-07, 1.01564944543e-06, 9.61830664892e-07, 5.72678175104e-07, 3.52600721953e-07, 2.43144398837e-07, 2.08147540093e-07, 2.1920422455e-07, 1.77483073571e-07, 1.5616865312e-07, 1.21577983236e-07, 8.99790961739e-08], "var": [3.31909677698e-06, 3.10666218866e-05, 7.93260187493e-06, 1.18400078009e-06, 4.967449172e-07, 1.54300903432e-06, 8.94842230537e-07, 4.45145786898e-07, 3.62895633543e-07, 1.73066965203e-07, 7.04350426872e-08, 2.5187452124e-08, 5.66171820537e-08, 5.28894652518e-08, 6.34113490605e-08, 1.33119506529e-08, 1.40799238935e-08, 1.99493417341e-08, 1.92135409804e-08, 5.56896617709e-09, 7.41718508834e-09, 4.74563233155e-09, 1.7345916925e-09, 1.49742648836e-10, 2.38601000069e-10, 1.35042532712e-09, 4.65967764374e-10, 1.1541659295e-10, 9.10469893922e-11, 1.93119090164e-10, 4.53444747028e-11, 3.91106938502e-11, 1.23101182026e-11, 1.27750214921e-11, 1.16107722395e-11, 2.02642156527e-11, 2.08377065603e-11, 2.61243179867e-11, 2.24702652318e-11, 1.01075736322e-11]}, "spectral_energy": {"mean": 0.0302817448974, "dvar": 0.000428609200753, "min": 1.04657863781e-20, "dmean": 0.0119960932061, "dmean2": 0.0189808811992, "dvar2": 0.00119595846627, "max": 0.232658535242, "median": 0.0242892187089, "var": 0.000718221010175}, "spectral_decrease": {"mean": -7.57875184831e-09, "dvar": 2.91603665238e-17, "min": -5.97083626985e-08, "dmean": 3.08808356664e-09, "dmean2": 4.91336260566e-09, "dvar2": 8.17681071875e-17, "max": 2.03992771102e-16, "median": -6.0167035798e-09, "var": 4.7238865341e-17}, "erbbands_spread": {"mean": 50.0919685364, "dvar": 270.308898926, "min": 1.75744903088, "dmean": 13.4316339493, "dmean2": 19.8281211853, "dvar2": 575.414916992, "max": 185.764678955, "median": 45.8127593994, "var": 961.207580566}, "spectral_contrast_coeffs": {"mean": [-0.593365728855, -0.672627389431, -0.750459194183, -0.732656359673, -0.7590944767, -0.770674407482], "dvar": [0.00184979906771, 0.0023904228583, 0.00153046764899, 0.0012770309113, 0.00083425239427, 0.000644001527689], "min": [-0.97636538744, -0.97365796566, -0.97151350975, -0.966636061668, -0.961761593819, -0.962086439133], "dmean": [0.0484779179096, 0.0495171993971, 0.0409072823822, 0.0394455641508, 0.0309488102794, 0.0248715430498], "dmean2": [0.0803879499435, 0.0743758305907, 0.0594253055751, 0.0570775568485, 0.0446630828083, 0.0351762771606], "dvar2": [0.00515512144193, 0.00482500251383, 0.00263805431314, 0.002292500576, 0.00147314637434, 0.0011746508535], "max": [-0.303045153618, -0.317248761654, -0.380441308022, -0.425367474556, -0.500042259693, -0.537670254707], "median": [-0.588602483273, -0.683670282364, -0.769666790962, -0.738713562489, -0.765713751316, -0.781009316444], "var": [0.00687759649009, 0.0142379095778, 0.0097385533154, 0.00750116538256, 0.00513777136803, 0.0038769103121]}, "spectral_energyband_middle_high": {"mean": 0.00366162345745, "dvar": 8.25499500934e-06, "min": 1.28317897038e-21, "dmean": 0.0015029743081, "dmean2": 0.00192270753905, "dvar2": 1.32708191813e-05, "max": 0.0514703653753, "median": 0.00107934849802, "var": 3.59834812116e-05}, "erbbands_crest": {"mean": 10.800368309, "dvar": 9.44241428375, "min": 1.93563187122, "dmean": 3.13776397705, "dmean2": 4.92745351791, "dvar2": 23.5035629272, "max": 33.121219635, "median": 9.83912181854, "var": 25.4574451447}, "barkbands_crest": {"mean": 12.077881813, "dvar": 5.70133924484, "min": 3.01492118835, "dmean": 2.61286354065, "dmean2": 4.1600522995, "dvar2": 14.8946170807, "max": 25.4208717346, "median": 11.4556131363, "var": 20.0038375854}, "pitch_salience": {"mean": 0.44964247942, "dvar": 0.00548876356333, "min": 0.0629654154181, "dmean": 0.0781277790666, "dmean2": 0.125831082463, "dvar2": 0.0141713460907, "max": 0.882451295853, "median": 0.453380316496, "var": 0.018918544054}, "melbands_skewness": {"mean": 4.61975336075, "dvar": 2.60001277924, "min": -1.00333833694, "dmean": 1.37517380714, "dmean2": 2.07209873199, "dvar2": 6.02948093414, "max": 19.9060134888, "median": 4.01125860214, "var": 9.9528093338}, "spectral_spread": {"mean": 5526139, "dvar": 2009123651580.0, "min": 1305905.375, "dmean": 970155.4375, "dmean2": 1368993.875, "dvar2": 3671679303680.0, "max": 44635556, "median": 4429584.5, "var": 11120047816700.0}, "spectral_entropy": {"mean": 7.15632343292, "dvar": 0.110209040344, "min": 4.0820851326, "dmean": 0.295424520969, "dmean2": 0.420158624649, "dvar2": 0.217377111316, "max": 9.81313610077, "median": 7.16554927826, "var": 0.601822137833}, "erbbands_flatness_db": {"mean": 0.157265603542, "dvar": 0.0006250278675, "min": 0.0238211546093, "dmean": 0.02360474132, "dmean2": 0.0331327952445, "dvar2": 0.00118156033568, "max": 0.364874392748, "median": 0.158653318882, "var": 0.00332992337644}, "spectral_kurtosis": {"mean": 6.06124305725, "dvar": 16.1026248932, "min": -1.25491678715, "dmean": 2.57843017578, "dmean2": 4.05890083313, "dvar2": 36.3146781921, "max": 71.3207321167, "median": 4.27656030655, "var": 48.0090675354}, "erbbands_skewness": {"mean": 0.430968731642, "dvar": 0.368085682392, "min": -6.76691389084, "dmean": 0.527180314064, "dmean2": 0.790019571781, "dvar2": 0.828927338123, "max": 7.90099573135, "median": 0.348693102598, "var": 2.08255553246}, "erbbands_kurtosis": {"mean": 2.32212972641, "dvar": 25.0736808777, "min": -1.92992901802, "dmean": 2.02107334137, "dmean2": 3.12077474594, "dvar2": 60.223739624, "max": 99.6631698608, "median": -0.110972881317, "var": 66.6491470337}, "barkbands_spread": {"mean": 21.5492553711, "dvar": 143.169250488, "min": 0.301607787609, "dmean": 7.83524370193, "dmean2": 12.1637763977, "dvar2": 313.029968262, "max": 139.001296997, "median": 14.6476478577, "var": 476.223114014}, "zerocrossingrate": {"mean": 0.0583545826375, "dvar": 0.000424907368142, "min": 0.0029296875, "dmean": 0.0143300946802, "dmean2": 0.0164933931082, "dvar2": 0.000509508012328, "max": 0.54443359375, "median": 0.0400390625, "var": 0.00427685026079}, "spectral_centroid": {"mean": 1093.41223145, "dvar": 155335.875, "min": 114.617225647, "dmean": 272.84262085, "dmean2": 414.570953369, "dvar2": 339580.1875, "max": 11375.0380859, "median": 857.090393066, "var": 864576.25}, "barkbands_skewness": {"mean": 2.7146229744, "dvar": 1.27866828442, "min": -3.1679456234, "dmean": 0.97832351923, "dmean2": 1.47562837601, "dvar2": 2.96897172928, "max": 14.6382923126, "median": 2.35694909096, "var": 5.16545200348}, "melbands_flatness_db": {"mean": 0.275411367416, "dvar": 0.00153480295558, "min": 0.0051926234737, "dmean": 0.0376445800066, "dmean2": 0.0552167780697, "dvar2": 0.00330649595708, "max": 0.661330580711, "median": 0.263158649206, "var": 0.0102521972731}, "spectral_contrast_valleys": {"mean": [-7.60863161087, -8.01216030121, -8.79058361053, -8.88807678223, -8.59187984467, -10.7711086273], "dvar": [0.157235920429, 0.190437838435, 0.177674546838, 0.194292470813, 0.235545188189, 0.367636471987], "min": [-28.084274292, -27.7111797333, -27.6597270966, -27.3954238892, -27.3877983093, -27.3227329254], "dmean": [0.394625335932, 0.400471478701, 0.399186968803, 0.413480043411, 0.435487389565, 0.503183603287], "dmean2": [0.636005520821, 0.624743282795, 0.609382629395, 0.610761940479, 0.607745587826, 0.66006487608], "dvar2": [0.344933748245, 0.398462831974, 0.34454280138, 0.364372044802, 0.424759566784, 0.662225782871], "max": [-5.5007314682, -5.22513723373, -5.44793558121, -6.17500400543, -5.70791530609, -7.52721118927], "median": [-7.30056333542, -7.73162126541, -8.57347488403, -8.62344360352, -8.28197288513, -10.6643705368], "var": [2.67157578468, 2.6897315979, 2.37399172783, 2.5173625946, 2.74727773666, 2.9986770153]}, "barkbands_flatness_db": {"mean": 0.191526353359, "dvar": 0.00103693059646, "min": 0.0430396683514, "dmean": 0.0307997446507, "dmean2": 0.0457411073148, "dvar2": 0.00227554002777, "max": 0.505697309971, "median": 0.177734956145, "var": 0.00626700790599}