{"metadata": {"audio_properties": {"downmix": "mix", "bit_rate": 0, "lossless": true, "md5_encoded": "abee2565659d3db27e2e56d325623144", "analysis_sample_rate": 44100, "sample_rate": 44100, "replay_gain": -13.2329120636, "equal_loudness": 0, "codec": "flac", "length": 228.453338623}, "tags": {"album": ["Brand New by Tomorrow"], "musicbrainz_albumid": ["c907c25b-ae78-4f91-94bc-ff89e2bcbe35"], "musicbrainz_recordingid": ["7017132d-f265-4404-98ed-5708601eb805"], "musicbrainz_artistid": ["9641c354-53da-4fd5-b8ee-d52e8e1e7e7e"], "artist": ["Money Mark"], "tracknumber": ["10"], "title": ["Eyes That Ring"], "date": ["2007-00-00"], "file_name": "10-Eyes_That_Ring.flac"}, "version": {"essentia_build_sha": "c0e182ba78c2de26e491b7b7a4a2c98c1ed34208", "essentia_git_sha": "v2.1_beta2-2-gbb40004", "extractor": "music 1.0", "essentia": "2.1-beta2"}}, "tonal": {"chords_scale": "major", "hpcp": {"dmean": [0.114912897348, 0.110627390444, 0.0849700272083, 0.0602776817977, 0.0673019140959, 0.0810250714421, 0.108794644475, 0.108143351972, 0.0912087634206, 0.0558816976845, 0.0424705818295, 0.0401131547987, 0.0534348227084, 0.0601840764284, 0.0492108054459, 0.0428811199963, 0.0433010198176, 0.0505982935429, 0.0928419679403, 0.105859972537, 0.0835647732019, 0.0920835956931, 0.0954842492938, 0.120999626815, 0.161727204919, 0.0950535908341, 0.05007263273, 0.0814359560609, 0.0843023732305, 0.0700226873159, 0.0601011514664, 0.0604440383613, 0.0726196542382, 0.0829277187586, 0.0829647779465, 0.104611083865], "dvar2": [0.10351318121, 0.102613016963, 0.0791841968894, 0.0642135739326, 0.0713441818953, 0.0726597979665, 0.0723976120353, 0.0852489769459, 0.0668568834662, 0.0573397800326, 0.0446975938976, 0.0384884290397, 0.0383272320032, 0.04479682073, 0.0330430939794, 0.028656648472, 0.0350200645626, 0.0366487838328, 0.0554613508284, 0.0726273953915, 0.0623924396932, 0.077778801322, 0.0835548490286, 0.0863908305764, 0.197948992252, 0.0688642114401, 0.0462163425982, 0.069220803678, 0.0655877962708, 0.0529775246978, 0.0610941685736, 0.0759253576398, 0.0891160219908, 0.0874457806349, 0.0885157510638, 0.0962088033557], "mean": [0.246531158686, 0.243400409818, 0.0933727696538, 0.0524698011577, 0.0654442831874, 0.0936410948634, 0.243772104383, 0.321120977402, 0.167297706008, 0.0630710497499, 0.0473728589714, 0.0389264561236, 0.0820642486215, 0.101669050753, 0.0623453333974, 0.0561943277717, 0.0661480203271, 0.0645581334829, 0.163446784019, 0.195012539625, 0.111653476954, 0.125616148114, 0.136696070433, 0.172319173813, 0.217706933618, 0.118300333619, 0.0438608899713, 0.108530625701, 0.150789290667, 0.0975440070033, 0.0685042738914, 0.0775691792369, 0.0673235580325, 0.0949382856488, 0.123707033694, 0.133155867457], "var": [0.126324012876, 0.130098164082, 0.0271613579243, 0.0159192234278, 0.0223035980016, 0.0344826951623, 0.08839379251, 0.154316410422, 0.0542460717261, 0.0287687685341, 0.0236753020436, 0.0115374028683, 0.0297583434731, 0.0440430194139, 0.0167958717793, 0.0202243551612, 0.0328138582408, 0.0161529239267, 0.0541930049658, 0.0793712437153, 0.0308645050973, 0.0506325922906, 0.0599801130593, 0.0614447891712, 0.121423244476, 0.0369392931461, 0.0136669995263, 0.0349061191082, 0.0685384348035, 0.0337781868875, 0.0267662573606, 0.0459113195539, 0.0286865197122, 0.0370356999338, 0.0646385923028, 0.0437536090612], "dmean2": [0.20065292716, 0.191501021385, 0.151596829295, 0.110039323568, 0.121308133006, 0.141227647662, 0.177607730031, 0.179777562618, 0.151719644666, 0.0985266491771, 0.0764229148626, 0.0713954865932, 0.0906595513225, 0.100610531867, 0.0822867080569, 0.0733582377434, 0.0746969208121, 0.0879343599081, 0.153176292777, 0.176242098212, 0.141137093306, 0.155657693744, 0.164775088429, 0.208622485399, 0.286390215158, 0.167775437236, 0.0895042940974, 0.137610733509, 0.139836058021, 0.116076037288, 0.107146315277, 0.109631694853, 0.132357403636, 0.145968079567, 0.145310878754, 0.184583470225], "dvar": [0.0409865751863, 0.041721444577, 0.0286782775074, 0.0223061591387, 0.0252025835216, 0.0274178721011, 0.0297073833644, 0.0387250371277, 0.0252954084426, 0.0211870130152, 0.0162979792804, 0.0135755287483, 0.0148344878107, 0.0182447042316, 0.0124751133844, 0.0109690027311, 0.0136150084436, 0.0133851757273, 0.023788921535, 0.032220184803, 0.0236903056502, 0.029743745923, 0.0315205417573, 0.0345541648567, 0.0797185525298, 0.0267669763416, 0.0167778413743, 0.0257888399065, 0.0274244323373, 0.0201316010207, 0.0216223243624, 0.0283296164125, 0.0311999097466, 0.0316437445581, 0.0334201939404, 0.0344121493399], "min": [0, 0, 0, 0, 0, 0, 0, 0, 0, 0, 0, 0, 0, 0, 0, 0, 0, 0, 0, 0, 0, 0, 0, 0, 0, 0, 0, 0, 0, 0, 0, 0, 0, 0, 0, 0], "median": [0.0382655672729, 0.0303747896105, 0.0198927763849, 0.0128017002717, 0.0133161321282, 0.0238224174827, 0.0898708850145, 0.101046599448, 0.0482481382787, 0.00963780563325, 0.00432805623859, 0.00773405004293, 0.0173354074359, 0.0193373784423, 0.013826337643, 0.00865330547094, 0.00792043376714, 0.0233624521643, 0.0470612868667, 0.0477598793805, 0.0381959080696, 0.0269180946052, 0.0274372752756, 0.0296488050371, 0.0144586572424, 0.0103459591046, 0.00757697410882, 0.0252211559564, 0.028236521408, 0.0205672904849, 0.00873935874552, 0.00572703033686, 0.00672580581158, 0.0122869517654, 0.013140280731, 0.0342225208879], "max": [1, 1, 1, 1, 1, 1, 1, 1, 1, 1, 1, 1, 1, 1, 1, 1, 1, 1, 1, 1, 1, 1, 1, 1, 1, 1, 1, 1, 1, 1, 1, 1, 1, 1, 1, 1]}, "tuning_equal_tempered_deviation": 0.214111253619, "chords_key": "B", "chords_strength": {"dmean": 0.0101606976241, "dvar2": 5.961552597e-05, "mean": 0.494239896536, "var": 0.00903716124594, "dmean2": 0.00813172664493, "dvar": 7.33158522053e-05, "min": 0.18797069788, "median": 0.506783246994, "max": 0.721361815929}, "tuning_diatonic_strength": 0.453953385353, "thpcp": [1, 0.520980298519, 0.196409001946, 0.147523403168, 0.12122053653, 0.255555540323, 0.31660670042, 0.194149047136, 0.174994260073, 0.205990970135, 0.201039910316, 0.508988201618, 0.607286810875, 0.34769910574, 0.391180127859, 0.425684034824, 0.536617636681, 0.677959263325, 0.368398010731, 0.136586815119, 0.337974250317, 0.469571590424, 0.303760915995, 0.213328555226, 0.241557493806, 0.209651693702, 0.295646488667, 0.385234981775, 0.414659500122, 0.767720520496, 0.757971048355, 0.290771305561, 0.163395747542, 0.203799471259, 0.291606903076, 0.759128570557], "chords_histogram": [7.92521858215, 23.4301967621, 25.7061576843, 0.711237549782, 0.548668980598, 0, 0.10160536319, 0, 0.264173954725, 0.670595407486, 0.812842905521, 0.0203210730106, 0.182889655232, 4.83641529083, 0.223531797528, 1.48343837261, 0.447063595057, 0.0203210730106, 7.01077032089, 2.13371276855, 3.12944531441, 3.98293018341, 14.6108512878, 1.74761223793], "tuning_nontempered_energy_ratio": 0.934015512466, "tuning_frequency": 434.193115234, "key_strength": 0.663978993893, "chords_changes_rate": 0.0601503774524, "key_scale": "major", "hpcp_entropy": {"dmean": 0.515196144581, "dvar2": 0.572509407997, "mean": 1.96907746792, "var": 0.586891651154, "dmean2": 0.858003854752, "dvar": 0.225274115801, "min": 0, "median": 1.98577427864, "max": 4.5095539093}, "key_key": "E", "chords_number_rate": 0.00223531806841}, "lowlevel": {"melbands_skewness": {"dmean": 0.87052243948, "dvar2": 2.33053541183, "mean": 3.91687774658, "var": 9.09810066223, "dmean2": 1.27927446365, "dvar": 1.18102943897, "min": -2.01900172234, "median": 3.12866210938, "max": 19.7546443939}, "melbands_kurtosis": {"dmean": 12.6627416611, "dvar2": 1507.10119629, "mean": 32.8495635986, "var": 3709.52758789, "dmean2": 18.3304748535, "dvar": 735.094909668, "min": -1.91963064671, "median": 10.6007919312, "max": 625.24597168}, "barkbands_kurtosis": {"dmean": 3.99997258186, "dvar2": 152.182388306, "mean": 7.68841695786, "var": 340.448730469, "dmean2": 5.74728155136, "dvar": 76.3203811646, "min": -1.95983338356, "median": 1.10353112221, "max": 197.178634644}, "hfc": {"dmean": 10.0132427216, "dvar2": 1019.66845703, "mean": 32.2799682617, "var": 1175.42260742, "dmean2": 14.2616224289, "dvar": 453.994415283, "min": 1.07688102849e-16, "median": 21.8583641052, "max": 621.957763672}, "silence_rate_20dB": {"dmean": 0, "dvar2": 0, "mean": 1, "var": 0, "dmean2": 0, "dvar": 0, "min": 1, "median": 1, "max": 1}, "erbbands_flatness_db": {"dmean": 0.0158216562122, "dvar2": 0.000451268162578, "mean": 0.13032348454, "var": 0.00202840100974, "dmean2": 0.0210485160351, "dvar": 0.000239774453803, "min": 0.0168837439269, "median": 0.125671744347, "max": 0.333365529776}, "spectral_flux": {"dmean": 0.0236707683653, "dvar2": 0.00207805680111, "mean": 0.0720290392637, "var": 0.00242596748285, "dmean2": 0.0359915196896, "dvar": 0.000956333824433, "min": 6.50678261271e-11, "median": 0.0594027787447, "max": 0.355504870415}, "spectral_energyband_low": {"dmean": 0.00750466668978, "dvar2": 0.000422262091888, "mean": 0.0208567604423, "var": 0.000396806019126, "dmean2": 0.0117259742692, "dvar": 0.000171955500264, "min": 1.3823919617e-23, "median": 0.0181887038052, "max": 0.138566762209}, "spectral_rolloff": {"dmean": 633.70916748, "dvar2": 2856103.5, "mean": 2496.01879883, "var": 8322846.5, "dmean2": 1041.57287598, "dvar": 1383600.5, "min": 64.599609375, "median": 1248.92578125, "max": 20779.5410156}, "spectral_entropy": {"dmean": 0.15716329217, "dvar2": 0.0358254685998, "mean": 7.66396808624, "var": 0.173833563924, "dmean2": 0.199085325003, "dvar": 0.0210967864841, "min": 5.97684764862, "median": 7.66807746887, "max": 9.81401729584}, "spectral_energy": {"dmean": 0.00966053735465, "dvar2": 0.000486983597511, "mean": 0.0357356630266, "var": 0.000547146599274, "dmean2": 0.0147509155795, "dvar": 0.000204931304324, "min": 9.97679581244e-21, "median": 0.0344961583614, "max": 0.156771168113}, "spectral_centroid": {"dmean": 299.952362061, "dvar2": 297018.40625, "mean": 2066.93969727, "var": 1356367.625, "dmean2": 442.19631958, "dvar": 141353.9375, "min": 182.130752563, "median": 1857.38989258, "max": 11364.15625}, "barkbands_flatness_db": {"dmean": 0.0197359640151, "dvar2": 0.000833294296172, "mean": 0.133944734931, "var": 0.00292437803, "dmean2": 0.0277031362057, "dvar": 0.00042049161857, "min": 0.0209172591567, "median": 0.128709793091, "max": 0.342074722052}, "spectral_rms": {"dmean": 0.000751531450078, "dvar2": 2.17822253035e-06, "mean": 0.00547406915575, "var": 4.89837111672e-06, "dmean2": 0.00111058820039, "dvar": 9.98265591079e-07, "min": 3.11984921404e-12, "median": 0.00580127444118, "max": 0.0123671935871}, "melbands": {"dmean": [0.00167738704477, 0.00123535317834, 0.000668663706165, 0.000247684831265, 0.000106547537143, 6.0662317992e-05, 8.53325036587e-05, 6.95728085702e-05, 5.16722466273e-05, 5.27667689312e-05, 5.14146486239e-05, 3.6888228351e-05, 5.47103154531e-05, 4.04089041695e-05, 5.80816085858e-05, 3.15417237289e-05, 2.43854137807e-05, 1.48015778905e-05, 1.11108156489e-05, 1.05743665699e-05, 9.58621058089e-06, 1.13432679427e-05, 8.71075371833e-06, 6.91044579071e-06, 5.00259056935e-06, 7.50387880544e-06, 7.96884614829e-06, 1.06452353066e-05, 1.14631557153e-05, 1.74872839125e-05, 1.43688630487e-05, 5.48115122001e-06, 4.41924248662e-06, 2.77470348919e-06, 1.88141279978e-06, 1.16538399197e-06, 1.08136998733e-06, 1.10157191102e-06, 1.52877930759e-06, 9.83488234851e-07], "dvar2": [3.08312119159e-05, 1.11542003651e-05, 5.46640967514e-06, 5.22715595253e-07, 1.09060451337e-07, 3.1923168109e-08, 1.10573040502e-07, 6.39800461499e-08, 2.65930619747e-08, 3.18072714833e-08, 3.21937605463e-08, 1.61909525787e-08, 7.28458786625e-08, 2.96596365246e-08, 3.34965406523e-08, 4.51543620272e-08, 2.12940864941e-08, 6.11243766713e-09, 3.72266328874e-09, 3.62929331033e-09, 2.1136685735e-09, 2.03310057678e-09, 2.22187668264e-09, 8.61435867083e-10, 1.54576218492e-09, 7.67923857836e-09, 8.81893336135e-10, 4.53162174452e-09, 4.21531565209e-09, 4.9016026793e-09, 2.56336196713e-09, 7.1151723402e-10, 7.70194352739e-10, 3.8998998475e-10, 1.77464848372e-10, 3.5298392681e-11, 1.66959154835e-11, 1.06029846361e-11, 3.03357963749e-11, 1.2078557772e-11], "mean": [0.00386206572875, 0.00335246953182, 0.00128216424491, 0.000491096696351, 0.000265070993919, 0.000142323129694, 0.000192627558135, 0.000166414698469, 0.000126738726976, 0.000138776027597, 0.000136566726724, 9.74138019956e-05, 0.000126084909425, 7.3206727393e-05, 0.000118540199765, 5.44435970369e-05, 4.52035237686e-05, 2.80803233181e-05, 1.87568239198e-05, 1.67045564012e-05, 1.41853561217e-05, 1.69101294887e-05, 1.34630763569e-05, 1.23420386444e-05, 7.55577320888e-06, 1.0626542462e-05, 1.71841802512e-05, 1.66626887221e-05, 1.34909269036e-05, 4.28483690484e-05, 5.18651504535e-05, 1.20836202768e-05, 8.86713314685e-06, 3.98670135837e-06, 3.47313653037e-06, 1.9516598968e-06, 1.87959335562e-06, 1.91999993149e-06, 2.46335321208e-06, 1.66814129443e-06], "var": [1.77381025424e-05, 1.25211126942e-05, 2.8651759294e-06, 4.11122925925e-07, 2.18839005584e-07, 7.70084724877e-08, 1.20858246078e-07, 1.1772163333e-07, 4.93065677176e-08, 9.33993646868e-08, 1.46157347558e-07, 6.79340317333e-08, 1.80017210027e-07, 3.97114128248e-08, 6.69524595764e-08, 2.15810977977e-08, 1.28894672713e-08, 5.72578473523e-09, 2.34486408068e-09, 2.4677622168e-09, 1.16520482152e-09, 1.29352206724e-09, 1.09252973335e-09, 4.84104756282e-10, 4.33903829533e-10, 1.77772407906e-09, 7.460342899e-10, 1.61469415616e-09, 1.14761722347e-09, 7.34048422046e-09, 8.78667982818e-09, 7.79692865827e-10, 1.3062422255e-09, 2.47632053751e-10, 6.49995224311e-10, 3.78503998977e-11, 1.63152460292e-11, 1.32117598112e-11, 2.96786310805e-11, 1.42230047184e-11], "dmean2": [0.00269512529485, 0.00193748716265, 0.00107273901813, 0.000398015836254, 0.000161635427503, 8.88637077878e-05, 0.000128747255076, 9.94178481051e-05, 7.23595148884e-05, 7.21792530385e-05, 6.89936568961e-05, 5.0898615882e-05, 7.90971680544e-05, 6.12123549217e-05, 8.54916361277e-05, 5.04738127347e-05, 3.79954071832e-05, 2.31617086683e-05, 1.72174568434e-05, 1.63450840773e-05, 1.53256351041e-05, 1.85627504834e-05, 1.40648344313e-05, 1.08756612462e-05, 8.12765756564e-06, 1.21623043015e-05, 1.26852073663e-05, 1.8054362954e-05, 1.97547797143e-05, 2.7091591619e-05, 2.28566605074e-05, 8.47317005537e-06, 6.64282060825e-06, 4.26827182309e-06, 2.58618229054e-06, 1.6062758732e-06, 1.50200844473e-06, 1.41981911383e-06, 2.10542020795e-06, 1.28180465708e-06], "dvar": [1.14225167636e-05, 4.74953822049e-06, 2.15393015424e-06, 1.9768830839e-07, 4.83677986551e-08, 1.58104302983e-08, 4.37096829842e-08, 3.06192724508e-08, 1.30996520298e-08, 1.58164894515e-08, 2.0152290503e-08, 1.00628145816e-08, 3.48484050505e-08, 1.4376502655e-08, 1.65468936331e-08, 1.79303629722e-08, 8.48171932688e-09, 2.39509523325e-09, 1.42466027864e-09, 1.63408553355e-09, 8.08100975025e-10, 7.79501463377e-10, 8.55585602366e-10, 3.33966576616e-10, 5.63531499242e-10, 2.70559086246e-09, 3.51966705781e-10, 1.60112889613e-09, 1.49098122737e-09, 2.0202837181e-09, 1.10335607317e-09, 2.87397772247e-10, 3.29835714297e-10, 1.64270194669e-10, 1.33558109017e-10, 1.88507421478e-11, 8.32619216629e-12, 5.67410051236e-12, 1.46906913717e-11, 6.58084567742e-12], "min": [1.2660754073e-24, 8.37965425811e-25, 2.52372124419e-24, 3.91633546271e-24, 2.7088339637e-24, 1.28267304075e-24, 4.35000858991e-24, 2.53447085453e-24, 3.96040833262e-24, 3.70029801521e-24, 4.6127477863e-24, 4.49757054426e-24, 2.36227159082e-24, 4.88982965723e-24, 5.03981499228e-24, 3.54667287594e-24, 5.8484656566e-24, 4.17958860197e-24, 7.71261655084e-24, 3.39184551266e-24, 6.94011583193e-24, 7.34123898046e-24, 4.64893046944e-24, 5.37872541438e-24, 5.24882250582e-24, 6.47518921896e-24, 4.62203741232e-24, 5.79767879152e-24, 6.24044748496e-24, 7.44836550253e-24, 5.0635944154e-24, 6.97057296262e-24, 6.67989428513e-24, 8.50289740569e-24, 6.81754341334e-24, 6.47889370977e-24, 8.67188561108e-24, 8.87044821181e-24, 8.27415219786e-24, 6.8455897851e-24], "median": [0.00355108827353, 0.00219569122419, 0.000783351715654, 0.000255314051174, 0.000100919380202, 4.71960011055e-05, 7.03739206074e-05, 4.62106654595e-05, 3.29207250616e-05, 2.76782047877e-05, 1.92240986507e-05, 1.68634414877e-05, 1.96407618205e-05, 2.20039764827e-05, 3.34773831128e-05, 1.38609393616e-05, 8.29082819109e-06, 5.93523509451e-06, 5.85022189625e-06, 4.78873698739e-06, 2.92099139187e-06, 4.60671162728e-06, 3.28216583512e-06, 4.14714122599e-06, 3.06304218611e-06, 3.56579766958e-06, 4.80509379486e-06, 3.20164963341e-06, 3.59342607226e-06, 5.0132157412e-06, 4.18003946834e-06, 2.54928886534e-06, 1.6386727566e-06, 1.15995476335e-06, 1.08606695903e-06, 6.09504127169e-07, 7.69913640397e-07, 8.11884774521e-07, 8.695887459e-07, 6.14867758486e-07], "max": [0.0387453585863, 0.0328350923955, 0.0212417598814, 0.00597687717527, 0.00578216416761, 0.00391726382077, 0.00612535700202, 0.00433373078704, 0.00291153718717, 0.00362444762141, 0.00628169346601, 0.00379280233756, 0.00716207269579, 0.0060223727487, 0.00455970969051, 0.00394388427958, 0.00229460722767, 0.00161723745987, 0.00148100557271, 0.000913613301236, 0.00102392607369, 0.000501838920172, 0.000563250796404, 0.000532555452082, 0.00117355049588, 0.00256268959492, 0.000570231175516, 0.000829308468383, 0.000508878089022, 0.000882148102392, 0.000796203385107, 0.000514806655701, 0.000551635108422, 0.000549057964236, 0.00138617132325, 0.000313037249725, 7.84934381954e-05, 5.20047397004e-05, 0.000119397853268, 8.40782231535e-05]}, "barkbands_crest": {"dmean": 2.06544589996, "dvar2": 12.4279785156, "mean": 11.1948699951, "var": 18.3479633331, "dmean2": 3.29781651497, "dvar": 4.82851552963, "min": 2.41395258904, "median": 10.5604114532, "max": 24.6594753265}, "mfcc": {"icov": [[0.000114691880299, -9.22225808608e-05, 7.78332832851e-05, -8.16586398287e-05, 1.61439093063e-05, -4.99012894579e-05, -1.62886335602e-05, 2.89318159048e-05, 5.76460188313e-05, 3.1709929317e-05, -4.07877887483e-05, 5.92952965235e-05, 4.27678351116e-05], [-9.22225808608e-05, 0.00121239805594, -3.14972057822e-05, 0.000676761730574, 2.16905373236e-05, 0.000375391857233, -0.000326430832502, 4.63016533558e-07, -0.00049173325533, -0.000377691350877, -0.00026465189876, -0.000273311074125, -0.000446702528279], [7.78332832851e-05, -3.14972057822e-05, 0.00311697181314, -0.000841532018967, -1.06760553535e-05, -0.000601919251494, 0.000381124904379, -0.00197906885296, 0.000632650509942, 0.000328184949467, -0.000592604046687, 0.000644489424303, -0.00115243159235], [-8.16586398287e-05, 0.000676761730574, -0.000841532018967, 0.00410852581263, -0.00267201336101, 0.000235354033066, -0.00184027780779, 0.00215981318615, -0.00316185783595, 0.00218130159192, -0.000856247148477, -0.00154694996309, -0.000303896144032], [1.61439093063e-05, 2.16905373236e-05, -1.06760553535e-05, -0.00267201336101, 0.00649566575885, -0.00264911074191, 0.00393980462104, -0.00297143822536, 0.00300090853125, -0.00372590660118, 0.00213433965109, -3.90495551983e-05, -0.00197146390565], [-4.99012894579e-05, 0.000375391857233, -0.000601919251494, 0.000235354033066, -0.00264911074191, 0.00922256056219, -0.00598082086071, 0.00306914467365, -0.00326733663678, 0.00313785974868, -0.00267677544616, 0.000850069220178, 0.00126769079361], [-1.62886335602e-05, -0.000326430832502, 0.000381124904379, -0.00184027780779, 0.00393980462104, -0.00598082086071, 0.0113962627947, -0.00661760009825, 0.00539208436385, -0.00538665708154, 0.00269756908529, -0.00151979608927, 0.000252112367889], [2.89318159048e-05, 4.63016533558e-07, -0.00197906885296, 0.00215981318615, -0.00297143822536, 0.00306914467365, -0.00661760009825, 0.0130284577608, -0.00592416152358, 0.00249563553371, -0.00318476022221, 0.00197516917251, -0.00179647631012], [5.76460188313e-05, -0.00049173325533, 0.000632650509942, -0.00316185783595, 0.00300090853125, -0.00326733663678, 0.00539208436385, -0.00592416152358, 0.0141830071807, -0.00643361033872, 0.00499815447256, -0.00472691189498, 0.0035121452529], [3.1709929317e-05, -0.000377691350877, 0.000328184949467, 0.00218130159192, -0.00372590660118, 0.00313785974868, -0.00538665708154, 0.00249563553371, -0.00643361033872, 0.0135335158557, -0.00702911056578, 0.00500511005521, -0.00374715379439], [-4.07877887483e-05, -0.00026465189876, -0.000592604046687, -0.000856247148477, 0.00213433965109, -0.00267677544616, 0.00269756908529, -0.00318476022221, 0.00499815447256, -0.00702911056578, 0.0143148284405, -0.00696326373145, 0.00590425729752], [5.92952965235e-05, -0.000273311074125, 0.000644489424303, -0.00154694996309, -3.90495551983e-05, 0.000850069220178, -0.00151979608927, 0.00197516917251, -0.00472691189498, 0.00500511005521, -0.00696326373145, 0.0149726234376, -0.00694703077897], [4.27678351116e-05, -0.000446702528279, -0.00115243159235, -0.000303896144032, -0.00197146390565, 0.00126769079361, 0.000252112367889, -0.00179647631012, 0.0035121452529, -0.00374715379439, 0.00590425729752, -0.00694703077897, 0.0154524091631]], "mean": [-645.883361816, 92.8341140747, 22.1483268738, 30.39686203, 1.46934878826, 19.6235656738, 15.8862581253, 2.03768563271, 7.52925729752, -1.98390007019, 4.31003141403, 6.64169502258, -0.612859010696], "cov": [[9621.71484375, 706.480651855, -293.456970215, -24.7142772675, -117.081855774, 60.1594734192, 70.3865432739, -75.9016952515, -33.2903938293, 6.77982378006, 63.4000015259, -24.0821666718, -84.2654266357], [706.480651855, 1158.52783203, -78.2881393433, -334.222229004, -129.390930176, -85.9612121582, 56.7965049744, 56.7200241089, 3.50989365578, 120.897209167, 46.900806427, -19.5179653168, 17.1597003937], [-293.456970215, -78.2881393433, 455.389007568, 176.22555542, 118.946395874, 59.2560043335, 45.4534111023, 92.1128540039, 16.7019138336, 1.85260283947, 16.48695755, 27.413602829, 58.9370727539], [-24.7142772675, -334.222229004, 176.22555542, 657.319580078, 257.021270752, 119.899078369, 2.98744893074, -5.98394060135, 98.4102249146, -59.8444633484, -4.68846893311, 126.159889221, 60.3177833557], [-117.081855774, -129.390930176, 118.946395874, 257.021270752, 354.342102051, 54.4699211121, -30.0749568939, 34.0825958252, 23.4333953857, 27.8815078735, -22.9148483276, 35.1440925598, 81.6923141479], [60.1594734192, -85.9612121582, 59.2560043335, 119.899078369, 54.4699211121, 203.250762939, 93.5191345215, 15.1986589432, 24.5458335876, -6.28077602386, 27.8997173309, 20.4908370972, -13.9081077576], [70.3865432739, 56.7965049744, 45.4534111023, 2.98744893074, -30.0749568939, 93.5191345215, 217.230300903, 82.0188980103, -6.75376939774, 54.6674079895, 30.7991600037, -0.0208758451045, 2.39188694954], [-75.9016952515, 56.7200241089, 92.1128540039, -5.98394060135, 34.0825958252, 15.1986589432, 82.0188980103, 152.422821045, 32.2567138672, 43.5242424011, 21.2193336487, 0.586135745049, 23.4642429352], [-33.2903938293, 3.50989365578, 16.7019138336, 98.4102249146, 23.4333953857, 24.5458335876, -6.75376939774, 32.2567138672, 132.387756348, 25.5464496613, 0.0613623298705, 37.1077690125, 0.97503221035], [6.77982378006, 120.897209167, 1.85260283947, -59.8444633484, 27.8815078735, -6.28077602386, 54.6674079895, 43.5242424011, 25.5464496613, 156.877288818, 44.2678375244, -19.676235199, 17.1534042358], [63.4000015259, 46.900806427, 16.48695755, -4.68846893311, -22.9148483276, 27.8997173309, 30.7991600037, 21.2193336487, 0.0613623298705, 44.2678375244, 125.408149719, 30.2607002258, -24.5224819183], [-24.0821666718, -19.5179653168, 27.413602829, 126.159889221, 35.1440925598, 20.4908370972, -0.0208758451045, 0.586135745049, 37.1077690125, -19.676235199, 30.2607002258, 128.008010864, 39.6806373596], [-84.2654266357, 17.1597003937, 58.9370727539, 60.3177833557, 81.6923141479, -13.9081077576, 2.39188694954, 23.4642429352, 0.97503221035, 17.1534042358, -24.5224819183, 39.6806373596, 116.425643921]]}, "spectral_decrease": {"dmean": 2.40293607234e-09, "dvar2": 3.24770001294e-17, "mean": -8.69253469205e-09, "var": 3.51487538032e-17, "dmean2": 3.69085628726e-09, "dvar": 1.35666984143e-17, "min": -4.10200229339e-08, "median": -8.34149815887e-09, "max": 2.30112861754e-17}, "zerocrossingrate": {"dmean": 0.0142894349992, "dvar2": 0.000297541322652, "mean": 0.0902998298407, "var": 0.00465682568029, "dmean2": 0.0156938899308, "dvar": 0.000255710503552, "min": 0.00634765625, "median": 0.072265625, "max": 0.5849609375}, "spectral_contrast_coeffs": {"dmean": [0.0435513108969, 0.0395970456302, 0.0337911471725, 0.0301256515086, 0.0213092043996, 0.0212236028165], "dvar2": [0.00369673012756, 0.00280469469726, 0.00190672033932, 0.0015052187955, 0.000849983247463, 0.000963026075624], "mean": [-0.662829637527, -0.715107679367, -0.745017886162, -0.747338831425, -0.780272483826, -0.748598635197], "var": [0.00664605339989, 0.00750265177339, 0.00774043472484, 0.00501613458619, 0.00256256130524, 0.00351935136132], "dmean2": [0.0713552981615, 0.0632789433002, 0.0530548356473, 0.0469012819231, 0.0333401672542, 0.0308050196618], "dvar": [0.00144569354597, 0.00113073387183, 0.000795852392912, 0.0006433535018, 0.000362470222171, 0.000457576708868], "min": [-0.973519980907, -0.978074014187, -0.98310983181, -0.973297178745, -0.987262487411, -0.963896811008], "median": [-0.666885852814, -0.716533064842, -0.757376790047, -0.750537633896, -0.784198105335, -0.760202944279], "max": [-0.363173514605, -0.41388681531, -0.425173193216, -0.441552877426, -0.575710296631, -0.540679752827]}, "spectral_skewness": {"dmean": 0.148606806993, "dvar2": 0.0582172088325, "mean": 1.21257972717, "var": 0.20384067297, "dmean2": 0.220386713743, "dvar": 0.0261638555676, "min": -0.0436052642763, "median": 1.14369690418, "max": 4.5098862648}, "spectral_energyband_middle_high": {"dmean": 0.00162186042871, "dvar2": 2.107729415e-05, "mean": 0.00506614381447, "var": 4.44353972853e-05, "dmean2": 0.00234548840672, "dvar": 9.85090446193e-06, "min": 1.26182888543e-21, "median": 0.00303649529815, "max": 0.083591490984}, "gfcc": {"icov": [[0.000104646351247, -0.000102229314507, 0.000146583173773, -0.000119886208267, 8.53151577758e-05, -0.000393658003304, 0.000464912620373, -0.000552405253984, 0.000648984976579, -0.000611358322203, 0.000549521588255, -0.000520439411048, 0.000394168979255], [-0.000102229314507, 0.00147434801329, 0.000269244803349, 0.000133274676045, 0.000345637672581, 3.49403453583e-05, -0.000759744027164, 0.000500847003423, -0.00197468744591, 0.00167705467902, -0.00227957055904, 0.00197097775526, -0.00146596704144], [0.000146583173773, 0.000269244803349, 0.0024199357722, -0.000568394199945, -0.000758153386414, -0.000758161128033, 0.000487035751576, -0.00100055022631, 8.43096204335e-05, 0.000512102968059, 0.000281888642348, -0.00197526020929, 0.00214375718497], [-0.000119886208267, 0.000133274676045, -0.000568394199945, 0.00216341926716, -0.0014457287034, 0.00115448678844, -0.00105539010838, 0.000716975191608, -0.000749939004891, -0.000757754780352, 0.000259684864432, -0.000177931287908, -0.00120631640311], [8.53151577758e-05, 0.000345637672581, -0.000758153386414, -0.0014457287034, 0.00548248225823, -0.00149083859287, 0.000801889575087, -0.000654666684568, -0.000483996642288, 8.54850441101e-05, -0.00148965977132, 0.00108666403685, -0.000603596854489], [-0.000393658003304, 3.49403453583e-05, -0.000758161128033, 0.00115448678844, -0.00149083859287, 0.00862653553486, -0.00496074650437, 0.00216102460399, -0.00304016633891, 0.00382309150882, -0.00351285422221, 0.00229083443992, -0.00120926473755], [0.000464912620373, -0.000759744027164, 0.000487035751576, -0.00105539010838, 0.000801889575087, -0.00496074650437, 0.0083553371951, -0.00470001390204, 0.00594770209864, -0.00611687870696, 0.00392151298001, -0.00311622302979, 0.00188672868535], [-0.000552405253984, 0.000500847003423, -0.00100055022631, 0.000716975191608, -0.000654666684568, 0.00216102460399, -0.00470001390204, 0.0136941084638, -0.010310895741, 0.0085629010573, -0.0074192234315, 0.00665118172765, -0.00238476740196], [0.000648984976579, -0.00197468744591, 8.43096204335e-05, -0.000749939004891, -0.000483996642288, -0.00304016633891, 0.00594770209864, -0.010310895741, 0.0182239878923, -0.0120493508875, 0.00807791948318, -0.0072422856465, 0.00236049783416], [-0.000611358322203, 0.00167705467902, 0.000512102968059, -0.000757754780352, 8.54850441101e-05, 0.00382309150882, -0.00611687870696, 0.0085629010573, -0.0120493508875, 0.0214678216726, -0.0105248596519, 0.00778899341822, -0.00310606439598], [0.000549521588255, -0.00227957055904, 0.000281888642348, 0.000259684864432, -0.00148965977132, -0.00351285422221, 0.00392151298001, -0.0074192234315, 0.00807791948318, -0.0105248596519, 0.0187523532659, -0.00986412353814, 0.0049598487094], [-0.000520439411048, 0.00197097775526, -0.00197526020929, -0.000177931287908, 0.00108666403685, 0.00229083443992, -0.00311622302979, 0.00665118172765, -0.0072422856465, 0.00778899341822, -0.00986412353814, 0.0221372656524, -0.00845606997609], [0.000394168979255, -0.00146596704144, 0.00214375718497, -0.00120631640311, -0.000603596854489, -0.00120926473755, 0.00188672868535, -0.00238476740196, 0.00236049783416, -0.00310606439598, 0.0049598487094, -0.00845606997609, 0.0163876265287]], "mean": [2.93276953697, 58.4018096924, -86.4407501221, 44.5506973267, -49.2127304077, 21.9160747528, -17.8346385956, 4.46534490585, -25.2398662567, 8.95541191101, -14.8295116425, -1.55635404587, -10.3270711899], "cov": [[17909.8789062, 636.755065918, -976.489257812, 20.2893676758, -369.715148926, 278.552307129, -284.711151123, 173.200927734, -211.385528564, 102.828788757, -117.796234131, -23.8628921509, -106.390693665], [636.755065918, 1236.03686523, -283.540344238, -193.354690552, -82.1371078491, 118.368789673, 71.8756637573, 145.828857422, 105.51625824, 5.28542566299, 106.614379883, -61.2614021301, 58.6929702759], [-976.489257812, -283.540344238, 764.538146973, 253.131103516, 216.224838257, 41.3799438477, 16.2023830414, 54.5545578003, 48.0365257263, -27.6030845642, 33.8837852478, 62.5571022034, -56.2926483154], [20.2893676758, -193.354690552, 253.131103516, 834.822998047, 245.275466919, -40.4191856384, 47.0560150146, -7.76353359222, 63.9809570312, 81.7330856323, -5.14755582809, 55.8010520935, 46.6854553223], [-369.715148926, -82.1371078491, 216.224838257, 245.275466919, 314.007385254, 44.0655822754, 18.1928386688, 44.1322021484, 50.1283912659, 18.9874534607, 38.2460250854, 17.6418838501, 4.36560535431], [278.552307129, 118.368789673, 41.3799438477, -40.4191856384, 44.0655822754, 219.308242798, 113.6407547, 51.0586166382, 7.60852622986, -6.41529226303, 39.6674156189, -6.16306686401, -9.84471511841], [-284.711151123, 71.8756637573, 16.2023830414, 47.0560150146, 18.1928386688, 113.6407547, 254.30947876, 41.1764144897, -13.4441270828, 27.8500671387, 20.6887264252, -6.17739200592, -1.84299314022], [173.200927734, 145.828857422, 54.5545578003, -7.76353359222, 44.1322021484, 51.0586166382, 41.1764144897, 180.542999268, 77.7502822876, -8.12520885468, 43.6614303589, -14.2433710098, -5.20668315887], [-211.385528564, 105.51625824, 48.0365257263, 63.9809570312, 50.1283912659, 7.60852622986, -13.4441270828, 77.7502822876, 148.618789673, 40.5781402588, 16.0483608246, 8.86148166656, 14.2184877396], [102.828788757, 5.28542566299, -27.6030845642, 81.7330856323, 18.9874534607, -6.41529226303, 27.8500671387, -8.12520885468, 40.5781402588, 101.608207703, 24.3634300232, -2.18562912941, 8.37605190277], [-117.796234131, 106.614379883, 33.8837852478, -5.14755582809, 38.2460250854, 39.6674156189, 20.6887264252, 43.6614303589, 16.0483608246, 24.3634300232, 110.642402649, 18.2608413696, -5.89126253128], [-23.8628921509, -61.2614021301, 62.5571022034, 55.8010520935, 17.6418838501, -6.16306686401, -6.17739200592, -14.2433710098, 8.86148166656, -2.18562912941, 18.2608413696, 80.2712631226, 24.0541992188], [-106.390693665, 58.6929702759, -56.2926483154, 46.6854553223, 4.36560535431, -9.84471511841, -1.84299314022, -5.20668315887, 14.2184877396, 8.37605190277, -5.89126253128, 24.0541992188, 92.2550506592]]}, "erbbands_spread": {"dmean": 9.20004272461, "dvar2": 218.112350464, "mean": 50.8439598083, "var": 671.933166504, "dmean2": 13.5227279663, "dvar": 102.554382324, "min": 2.26806974411, "median": 48.0507583618, "max": 154.944458008}, "erbbands_kurtosis": {"dmean": 1.13412678242, "dvar2": 12.762804985, "mean": 1.31572067738, "var": 16.4928665161, "dmean2": 1.70465838909, "dvar": 5.47067451477, "min": -1.83116340637, "median": 0.110818862915, "max": 70.2187423706}, "dynamic_complexity": 3.4624607563, "erbbands_crest": {"dmean": 2.1299636364, "dvar2": 11.1053981781, "mean": 11.2628011703, "var": 38.3264846802, "dmean2": 3.34827041626, "dvar": 4.69179058075, "min": 2.12409043312, "median": 9.68370819092, "max": 31.2229976654}, "erbbands": {"dmean": [0.224258780479, 1.04531288147, 2.42022013664, 3.85747241974, 3.88199901581, 3.59286856651, 2.69506907463, 2.60881924629, 5.22048664093, 7.18471860886, 5.38372468948, 7.98647451401, 9.89017105103, 8.98273658752, 13.9020547867, 17.6437492371, 15.2461128235, 13.3691387177, 8.36223316193, 7.88257646561, 7.59804153442, 9.92479610443, 7.19342422485, 6.33189249039, 10.232714653, 14.5146598816, 18.4071331024, 26.898103714, 9.14111042023, 5.29555034637, 2.88187265396, 1.73673725128, 1.69141757488, 1.31948709488, 0.750108540058, 0.332417994738, 0.164037212729, 0.0385725013912, 0.00567642319947, 0.000244597089477], "dvar2": [0.656978189945, 8.5014333725, 55.7845611572, 196.999450684, 163.028335571, 116.055953979, 92.7395782471, 58.3414421082, 484.366577148, 729.914855957, 282.500457764, 869.854248047, 1146.19067383, 955.328125, 3817.95898438, 3269.77246094, 3288.79077148, 7514.47851562, 1808.61437988, 1176.02258301, 1220.30773926, 1527.7779541, 777.938476562, 2037.94567871, 8917.07519531, 6391.921875, 7458.68359375, 8422.87988281, 1957.52392578, 906.433105469, 294.392547607, 38.0168075562, 24.0137557983, 21.2465591431, 15.8754892349, 12.8837032318, 1.38796615601, 0.0623874031007, 0.00128320709337, 1.58642751558e-06], "mean": [0.475077807903, 2.53435540199, 6.36722564697, 7.35859870911, 6.08965110779, 8.05648422241, 6.52285337448, 6.19952058792, 11.7422456741, 17.1464614868, 13.8644943237, 20.8750209808, 26.9446163177, 24.4871635437, 32.0414352417, 35.851978302, 32.9817848206, 25.1302471161, 16.6184444427, 13.7255506516, 12.3746194839, 15.6660585403, 13.596452713, 10.598156929, 17.7935504913, 26.8251914978, 30.6221828461, 92.8819885254, 23.4527339935, 9.14313316345, 5.39939928055, 3.10814428329, 2.98607420921, 2.26918911934, 1.22978448868, 0.459581971169, 0.172659933567, 0.0451221577823, 0.00662439409643, 0.000345587555785], "var": [0.31279078126, 7.38491153717, 55.3220291138, 102.951393127, 82.8746032715, 169.735168457, 194.470443726, 132.655456543, 523.184875488, 1318.09802246, 518.617858887, 2129.63037109, 5154.88964844, 3773.20288086, 9262.05664062, 5374.15771484, 4119.38476562, 4061.22607422, 1551.61608887, 908.20123291, 770.998657227, 1001.00805664, 546.191955566, 621.450378418, 2296.40771484, 3136.14135742, 2885.87451172, 28214.9863281, 2941.0534668, 632.62878418, 976.256408691, 47.291633606, 32.9120979309, 25.8286342621, 16.5856151581, 7.30795240402, 0.412398040295, 0.0196949727833, 0.000413448637119, 6.83614473473e-07], "dmean2": [0.367057442665, 1.63133740425, 3.88651871681, 6.22431182861, 6.29811954498, 5.64380550385, 4.10936880112, 3.81973671913, 7.90650033951, 10.29778862, 7.55779027939, 10.9637060165, 13.2994041443, 12.4673280716, 20.4623756409, 26.0517635345, 23.1958236694, 20.9997711182, 13.0035495758, 12.0337095261, 11.8754253387, 16.0526447296, 11.2868757248, 10.1022310257, 16.4091796875, 23.8985214233, 30.7884502411, 41.8788719177, 13.7879266739, 7.94173431396, 3.95930957794, 2.33342957497, 2.14947199821, 1.72643351555, 0.974685132504, 0.465968102217, 0.265737265348, 0.0614420846105, 0.00912964437157, 0.000373352202587], "dvar": [0.236635118723, 3.45923066139, 22.1565971375, 75.9234771729, 65.0148162842, 46.0540046692, 43.2440948486, 28.581823349, 193.058670044, 343.131988525, 140.155212402, 418.709075928, 702.094604492, 556.404296875, 1812.0333252, 1540.45385742, 1452.92077637, 2983.08618164, 703.918762207, 500.348907471, 489.455841064, 596.168029785, 309.61831665, 744.479736328, 3173.50878906, 2306.91186523, 2702.54321289, 3798.76245117, 819.658508301, 371.043029785, 218.646759033, 20.3898830414, 13.5334482193, 11.6636810303, 8.91903495789, 5.45812749863, 0.507043302059, 0.0223658476025, 0.000458990398329, 6.06687819982e-07], "min": [9.01368752395e-23, 7.64109100588e-22, 1.68789899647e-21, 1.63834801011e-20, 2.95640587093e-20, 7.78369912452e-20, 5.10556521271e-20, 5.44455319814e-20, 2.62208240867e-19, 3.18988554751e-19, 5.48899787095e-19, 6.11799221259e-19, 1.00464787028e-18, 1.24619867121e-18, 9.36861142862e-19, 1.68305384581e-18, 1.95894856539e-18, 3.13622923631e-18, 3.23477105588e-18, 4.30900260006e-18, 5.24412904178e-18, 7.13994015179e-18, 5.92928150239e-18, 6.99659802344e-18, 8.80353850279e-18, 1.00225669792e-17, 1.29199631165e-17, 1.15999499493e-17, 1.23855672177e-17, 1.47687605892e-17, 1.20350163459e-17, 1.47329519405e-17, 1.26116042462e-17, 9.01645561965e-18, 6.350938474e-18, 4.20208164767e-18, 2.85772372791e-18, 1.08945528636e-18, 2.78557672469e-19, 3.05668633368e-20], "median": [0.428725600243, 1.98528575897, 3.66072702408, 4.22289228439, 3.17367601395, 3.29615426064, 2.32298588753, 2.18739080429, 4.11797809601, 5.10139036179, 4.53465557098, 4.78933572769, 4.18519496918, 4.56966972351, 6.58083820343, 12.6039495468, 11.8354616165, 5.43618392944, 4.57315349579, 4.7994761467, 3.22888231277, 4.60182380676, 4.85296392441, 4.57142305374, 6.8013343811, 6.94929695129, 9.80019760132, 8.50932502747, 5.32875442505, 2.6808757782, 1.75214886665, 1.20326519012, 1.19920897484, 0.838885962963, 0.34163916111, 0.097092077136, 0.034021191299, 0.010411599651, 0.00155351799913, 0.000125061604194], "max": [4.99833154678, 28.2447147369, 84.0386428833, 139.400192261, 146.113235474, 173.85269165, 218.115615845, 156.863845825, 462.628356934, 438.219055176, 288.55166626, 604.753173828, 1105.37548828, 771.377197266, 1605.05322266, 1197.3125, 801.846191406, 1430.74365234, 882.447021484, 525.117675781, 618.15222168, 363.779632568, 430.078826904, 1285.73718262, 2698.74731445, 970.262878418, 675.537536621, 1136.58569336, 671.89263916, 608.617553711, 1626.33093262, 150.438049316, 77.5700531006, 94.0478515625, 88.6213607788, 195.709869385, 15.0069608688, 2.8997964859, 0.389476180077, 0.0131077403203]}, "silence_rate_30dB": {"dmean": 0.00650472613052, "dvar2": 0.0175166446716, "mean": 0.995833337307, "var": 0.00414963625371, "dmean2": 0.0130107747391, "dvar": 0.00646221032366, "min": 0, "median": 1, "max": 1}, "silence_rate_60dB": {"dmean": 0.0097570894286, "dvar2": 0.0209654904902, "mean": 0.0729674771428, "var": 0.0676434859633, "dmean2": 0.0195161625743, "dvar": 0.00966068264097, "min": 0, "median": 0, "max": 1}, "spectral_energyband_middle_low": {"dmean": 0.00283269234933, "dvar2": 5.58488354727e-05, "mean": 0.00782208982855, "var": 5.31978657818e-05, "dmean2": 0.00435152696446, "dvar": 2.28779372264e-05, "min": 2.09207325703e-22, "median": 0.00593710644171, "max": 0.0723558217287}, "spectral_spread": {"dmean": 597540.1875, "dvar2": 756776632320, "mean": 6074148.5, "var": 3758427996160.0, "dmean2": 764464.625, "dvar": 411586232320, "min": 1406806.125, "median": 5834405, "max": 42619644}, "barkbands": {"dmean": [0.000629598274827, 0.00547209847718, 0.00223131012172, 0.00152046757285, 0.000953223498072, 0.000334294280037, 0.000492694380227, 0.000197788016521, 0.000433771579992, 0.000270013028057, 0.000370043999283, 0.000500035181176, 0.000328767753672, 0.000242133974098, 0.000148536506458, 0.000141185635584, 0.00019047348178, 0.000141178446938, 0.00016075183521, 0.000287578528514, 0.000599598279223, 0.000225773721468, 0.000112108966277, 9.16211138247e-05, 0.000112106587039, 7.81061753514e-05, 3.13003147312e-05], "dvar2": [5.61523120268e-06, 0.000273589248536, 5.97403450229e-05, 2.90520692943e-05, 7.72831845097e-06, 1.09149175387e-06, 3.16425484925e-06, 4.67244518632e-07, 1.73129114955e-06, 1.3481512724e-06, 3.2215975807e-06, 2.77741764876e-06, 3.80098208552e-06, 1.39752057748e-06, 5.80894777613e-07, 5.42458622022e-07, 5.71150053474e-07, 4.84106521981e-07, 2.