{"lowlevel": {"erbbands": {"mean": [0.603440225124, 5.0557847023, 11.173532486, 12.4545269012, 10.3707933426, 11.7657175064, 11.8196172714, 8.33791637421, 6.34911155701, 5.67604970932, 8.22343826294, 5.27164363861, 6.03516769409, 9.88339233398, 12.8546667099, 25.7372150421, 29.2963924408, 52.7229270935, 31.8616867065, 19.8911495209, 16.8934803009, 14.7755832672, 9.77423095703, 5.33496236801, 3.19567966461, 2.33864855766, 2.3280377388, 1.95237708092, 1.99069845676, 2.42638087273, 2.10184621811, 1.52103638649, 0.970227539539, 0.338596731424, 0.105851918459, 0.0370886176825, 0.0119000608101, 0.00418629217893, 0.000272738485364, 6.10566494288e-05], "dvar": [0.560357272625, 51.1123123169, 208.407272339, 235.525131226, 112.104598999, 230.134246826, 315.89654541, 62.8782844543, 116.307739258, 139.582305908, 717.058776855, 196.969619751, 248.579025269, 980.307739258, 1038.18432617, 6054.53466797, 5073.82861328, 25629.4765625, 7483.31396484, 2708.74047852, 1320.53735352, 911.283081055, 685.62310791, 480.732574463, 59.9198150635, 39.3345909119, 33.002948761, 37.0088157654, 36.3793830872, 80.745513916, 126.275695801, 118.701133728, 29.545759201, 2.14673852921, 0.152626097202, 0.0162393003702, 0.00219396175817, 0.000423406308983, 1.36429252962e-06, 4.65803973171e-09], "min": [1.57225770181e-08, 1.82218812483e-07, 5.35812318958e-07, 6.29568717159e-07, 1.7840595774e-06, 1.59340061145e-06, 3.11436110678e-07, 2.38719877643e-07, 1.30923851316e-07, 8.43525427285e-08, 8.71633716315e-08, 9.52515932795e-08, 7.18008763556e-08, 5.6182720698e-08, 9.48377802956e-08, 1.47653736349e-07, 1.02488357356e-07, 8.18075989173e-08, 8.28831545618e-08, 7.24117441564e-08, 1.21855492807e-07, 7.19459052334e-08, 1.26268929534e-07, 2.09443015819e-07, 2.12372015085e-07, 1.55577396299e-07, 1.97621417897e-07, 2.06378828693e-07, 1.60994332532e-07, 1.32828404276e-07, 9.14747317893e-08, 1.42313794527e-07, 1.30234226958e-07, 1.39707864832e-07, 8.77119674669e-08, 3.75200635006e-08, 2.28287131421e-08, 1.08347206762e-08, 1.07830979701e-08, 2.17590856444e-09], "dmean": [0.334506094456, 3.01192474365, 6.5142698288, 7.47428226471, 6.15435886383, 6.75210666656, 6.47770547867, 3.93108057976, 3.43041443825, 3.30157327652, 5.06149530411, 3.57519578934, 3.9432489872, 5.94847536087, 6.10830497742, 13.3148756027, 14.7318248749, 24.5653133392, 17.0337524414, 12.2899265289, 10.4334754944, 8.1521396637, 5.74532270432, 3.76395130157, 2.2134513855, 1.86321997643, 1.89303421974, 1.72993683815, 1.75415599346, 2.15684485435, 1.67484855652, 1.14165914059, 0.674207389355, 0.261322110891, 0.093059271574, 0.039258569479, 0.0150628583506, 0.00592784862965, 0.000351429218426, 3.22398664139e-05], "dmean2": [0.535197794437, 5.08400249481, 11.1088447571, 12.879573822, 10.4696655273, 11.3874254227, 10.5421152115, 6.24474668503, 5.64744329453, 5.13025045395, 7.69117116928, 5.78705883026, 6.16885995865, 8.92940616608, 9.29996967316, 19.5083713531, 23.6866130829, 37.1517829895, 26.8125247955, 19.2801132202, 16.5016078949, 12.6820201874, 8.71330547333, 5.55121612549, 3.4114689827, 2.89210700989, 2.92513823509, 2.67246937752, 2.69410204887, 3.4141292572, 2.52772736549, 1.77653133869, 0.981395363808, 0.385270744562, 0.14123865962, 0.061980355531, 0.0250297673047, 0.0101985856891, 0.000598275859375, 5.17470471095e-05], "dvar2": [1.38915836811, 139.641342163, 576.036071777, 653.183776855, 309.222625732, 628.382995605, 780.460327148, 145.200012207, 257.717834473, 294.077575684, 1590.04223633, 494.069213867, 539.564086914, 1871.67895508, 2277.40087891, 10636.0048828, 13194.0087891, 52092.625, 14553.1152344, 6335.25048828, 3166.39257812, 1978.90393066, 1530.57885742, 1096.69445801, 140.648696899, 92.7058181763, 77.8064727783, 83.4211120605, 76.1709976196, 158.297225952, 254.141708374, 272.603393555, 56.0369758606, 4.18660926819, 0.310200840235, 0.0370708666742, 0.00544314039871, 0.00108055840246, 3.44265981767e-06, 1.14547100694e-08], "max": [10.1577272415, 102.010871887, 208.705856323, 249.184631348, 223.248077393, 419.319763184, 653.131347656, 249.622787476, 424.693145752, 509.864379883, 1158.35168457, 645.547424316, 723.703369141, 1582.57836914, 1857.95629883, 4655.43261719, 3531.52026367, 10719.0800781, 5095.20849609, 2038.81005859, 1363.9901123, 1167.59875488, 1287.15722656, 1128.50842285, 250.390090942, 258.581268311, 178.098297119, 197.044769287, 273.330566406, 403.924468994, 498.873199463, 622.909362793, 290.115203857, 84.8905181885, 26.5544052124, 4.28603506088, 0.782509207726, 0.473518937826, 0.0234615225345, 0.000996395014226], "median": [0.305408388376, 3.14740157127, 5.8891119957, 5.9699382782, 5.85482168198, 5.28437042236, 3.45449280739, 3.65271687508, 2.55979943275, 1.29843187332, 0.942610383034, 0.812642037868, 0.915536403656, 1.10148346424, 1.49605762959, 2.6334900856, 3.44302177429, 2.95533466339, 2.51723122597, 2.45637202263, 2.68194651604, 2.21941184998, 1.22779893875, 0.69811052084, 0.535094261169, 0.32469239831, 0.385451078415, 0.145421490073, 0.0971268564463, 0.079727627337, 0.0603069327772, 0.0309495776892, 0.020134286955, 0.0107372123748, 0.00362149090506, 0.000981780234724, 0.000226038318942, 4.30598956882e-05, 2.613475408e-05, 4.00768803956e-05], "var": [0.774934589863, 51.755859375, 244.047576904, 332.169952393, 191.073577881, 368.752838135, 814.164611816, 189.427902222, 238.546112061, 278.52532959, 1417.76831055, 308.460876465, 538.228759766, 1838.29125977, 2194.1340332, 16735.6464844, 12514.8691406, 76964.5, 22327.9492188, 4554.84179688, 2218.86523438, 1846.32397461, 1307.57104492, 669.533569336, 83.4324493408, 47.8309593201, 41.4820213318, 45.481716156, 60.0356636047, 177.174804688, 277.100646973, 227.760177612, 77.5629425049, 4.25547504425, 0.231907844543, 0.0198298525065, 0.00187424244359, 0.0003197597689, 1.07374683012e-06, 5.78305403565e-09]}, "gfcc": {"icov": [[0.00017177411064, -0.000351901398972, 0.000387143867556, -0.000419794232585, 0.000292554992484, -0.000505724514369, 0.000154145178385, -0.000332312163664, 5.91034440731e-05, -0.000468569429358, 0.000693362846505, -0.000513559672982, 0.00027496292023], [-0.000351901398972, 0.00324952136725, -0.000952293281443, 0.00239444640465, -0.00154112966266, 0.00275221234187, -0.00166954484303, 0.00185601797421, -0.00247610383667, 0.00350961578079, -0.00402452470735, 0.00334636867046, -0.00279129040428], [0.000387143867556, -0.000952293281443, 0.00161068083253, -0.00162368116435, 0.000794725609012, -0.000907470763195, 1.92437673832e-05, -0.000773962005042, 0.00066392228473, -0.00168441422284, 0.0020223595202, -0.00126510788687, 0.000439746771008], [-0.000419794232585, 0.00239444640465, -0.00162368116435, 0.00493931537494, -0.0010398196755, 0.00211193482392, -0.000731847307179, 0.00128453515936, -0.00227886810899, 0.00226977234706, -0.00367964128964, 0.00198197923601, -0.00189837254584], [0.000292554992484, -0.00154112966266, 0.000794725609012, -0.0010398196755, 0.00392860034481, -0.00104043795727, -4.78118772662e-06, -0.000505455187522, -0.000198924331926, -0.000523499911651, 0.000653589784633, -0.0013980724616, 0.00156433484517], [-0.000505724514369, 0.00275221234187, -0.000907470763195, 0.00211193482392, -0.00104043795727, 0.00616457313299, -0.0012708355207, 0.000211414415389, -0.00173092249315, 0.00328084407374, -0.00344012794085, 0.00332246674225, -0.00109606911428], [0.000154145178385, -0.00166954484303, 1.92437673832e-05, -0.000731847307179, -4.78118772662e-06, -0.0012708355207, 0.00478698359802, -0.00122522714082, 0.000345030653989, -0.00278204726055, 0.00328873004764, -0.000437349284766, -8.48663548823e-05], [-0.000332312163664, 0.00185601797421, -0.000773962005042, 0.00128453515936, -0.000505455187522, 0.000211414415389, -0.00122522714082, 0.0100112026557, -0.00349764269777, 0.00319901830517, -0.001599451527, 0.00161524827126, -0.00119865103625], [5.91034440731e-05, -0.00247610383667, 0.00066392228473, -0.00227886810899, -0.000198924331926, -0.00173092249315, 0.000345030653989, -0.00349764269777, 0.0115044210106, -0.0025096454192, 0.00193509180099, -0.00183780409861, 0.00209062709473], [-0.000468569429358, 0.00350961578079, -0.00168441422284, 0.00226977234706, -0.000523499911651, 0.00328084407374, -0.00278204726055, 0.00319901830517, -0.0025096454192, 0.0131039842963, -0.00523068010807, 0.00331442058086, -0.002715902403], [0.000693362846505, -0.00402452470735, 0.0020223595202, -0.00367964128964, 0.000653589784633, -0.00344012794085, 0.00328873004764, -0.001599451527, 0.00193509180099, -0.00523068010807, 0.01581181027, -0.00469547323883, 0.00247974856757], [-0.000513559672982, 0.00334636867046, -0.00126510788687, 0.00198197923601, -0.0013980724616, 0.00332246674225, -0.000437349284766, 0.00161524827126, -0.00183780409861, 0.00331442058086, -0.00469547323883, 0.0147805698216, -0.00176347140223], [0.00027496292023, -0.00279129040428, 0.000439746771008, -0.00189837254584, 0.00156433484517, -0.00109606911428, -8.48663548823e-05, -0.00119865103625, 0.00209062709473, -0.002715902403, 0.00247974856757, -0.00176347140223, 0.0124879144132]], "mean": [-101.057647705, 139.979919434, -80.9051208496, 47.9081535339, -21.0933647156, 15.4287757874, -30.6308670044, -7.30330610275, -16.8183860779, -0.112138800323, -6.3393163681, -4.62293386459, -4.03730297089], "cov": [[20531.2167969, -1282.08227539, -4440.45947266, -126.51764679, -492.285369873, 1347.08117676, -645.439941406, 535.888122559, 310.592041016, -245.649002075, -180.888153076, 200.132095337, -415.788696289], [-1282.08227539, 2211.8203125, 83.7626953125, -336.218109131, 527.369445801, -439.385131836, 402.882324219, -132.126358032, 174.03263855, -126.185211182, 158.982589722, -189.073318481, 239.13432312], [-4440.45947266, 83.7626953125, 2194.07446289, 362.403411865, -95.6664962769, -272.164520264, 276.154968262, -74.9792327881, -66.6638793945, 174.535293579, -60.7335128784, -16.0480632782, 136.012023926], [-126.51764679, -336.218109131, 362.403411865, 430.803375244, -65.9821090698, -6.65336513519, -22.4314670563, 9.08385848999, 7.94771051407, 44.8993186951, 3.61881995201, 30.7413921356, 0.819941103458], [-492.285369873, 527.369445801, -95.6664962769, -65.9821090698, 445.276031494, -73.8746185303, 86.729095459, -22.047870636, 65.929725647, -50.8395195007, 60.7986068726, -30.8763923645, 19.7380905151], [1347.08117676, -439.385131836, -272.164520264, -6.65336513519, -73.8746185303, 387.55291748, -74.2015609741, 83.7730255127, 9.66617774963, -28.6711158752, -22.9181900024, 10.3851613998, -70.3288116455], [-645.439941406, 402.882324219, 276.154968262, -22.4314670563, 86.729095459, -74.2015609741, 380.260070801, -5.02624320984, 37.6808357239, 37.3713302612, -29.2748603821, -54.2597007751, 75.8240661621], [535.888122559, -132.126358032, -74.9792327881, 9.08385848999, -22.047870636, 83.7730255127, -5.02624320984, 144.209594727, 33.9083404541, -20.3976421356, -16.9782733917, 5.154774189, -19.4019451141], [310.592041016, 174.03263855, -66.6638793945, 7.94771051407, 65.929725647, 9.66617774963, 37.6808357239, 33.9083404541, 133.125183105, -11.8818511963, 12.2341594696, -10.4543190002, 2.94039702415], [-245.649002075, -126.185211182, 174.535293579, 44.8993186951, -50.8395195007, -28.6711158752, 37.3713302612, -20.3976421356, -11.8818511963, 132.23979187, -2.8686144352, 3.28992772102, 11.814745903], [-180.888153076, 158.982589722, -60.7335128784, 3.61881995201, 60.7986068726, -22.9181900024, -29.2748603821, -16.9782733917, 12.2341594696, -2.8686144352, 114.733772278, 3.22809481621, 5.75199222565], [200.132095337, -189.073318481, -16.0480632782, 30.7413921356, -30.8763923645, 10.3851613998, -54.2597007751, 5.154774189, -10.4543190002, 3.28992772102, 3.22809481621, 101.047576904, -20.430398941], [-415.788696289, 239.13432312, 136.012023926, 0.819941103458, 19.7380905151, -70.3288116455, 75.8240661621, -19.4019451141, 2.94039702415, 11.814745903, 5.75199222565, -20.430398941, 126.076339722]]}, "spectral_skewness": {"mean": 2.45510792732, "dvar": 0.280483782291, "min": -0.376551061869, "dmean": 0.495595544577, "dmean2": 0.765016078949, "dvar2": 0.646479249001, "max": 9.06058597565, "median": 2.16834878922, "var": 1.46630144119}, "spectral_energyband_low": {"mean": 0.0343884974718, "dvar": 0.00133128615562, "min": 1.35518085642e-09, "dmean": 0.0168544407934, "dmean2": 0.0276028234512, "dvar2": 0.00343874259852, "max": 0.491364896297, "median": 0.0228444579989, "var": 0.00179112807382}, "spectral_energyband_middle_low": {"mean": 0.0091729387641, "dvar": 4.69048281957e-05, "min": 8.69262994918e-10, "dmean": 0.00409948453307, "dmean2": 0.00679755723104, "dvar2": 0.00012291756866, "max": 0.146756052971, "median": 0.00561148440465, "var": 0.000120395132399}, "mfcc": {"icov": [[0.000121659781144, 1.30907174025e-05, 0.000161951640621, 7.79432521085e-05, 0.000104754057247, -0.000172333355295, 0.000324860477122, -0.000252199621173, -6.7359383138e-07, -6.80115699652e-05, -4.77870453324e-05, 1.03462489278e-05, -5.45246730326e-05], [1.30907174025e-05, 0.000495905987918, 0.000252978614299, -0.000212385653867, -0.000108845379145, 0.000195242086193, -0.000454286433524, 0.000164563040016, -0.000282334891381, -0.000300484796753, 0.000284438108793, -5.30526012881e-05, -0.000110740176751], [0.000161951640621, 0.000252978614299, 0.00126166525297, -0.000689859793056, 0.000320271035889, -0.000427800579928, -0.000122056364489, 0.000147842642036, -0.000362321094144, -0.000609253416769, 0.000929748697672, -0.000200474445592, -0.000218764951569], [7.79432521085e-05, -0.000212385653867, -0.000689859793056, 0.00280202948488, -0.000359928759281, -8.57516643009e-05, 0.00028842422762, 0.000325716478983, -0.00025311956415, 0.000339256803272, -0.000619508849923, 0.000716046488378, -0.00133168243337], [0.000104754057247, -0.000108845379145, 0.000320271035889, -0.000359928759281, 0.00371741713025, -0.000334162905347, 0.000383363309084, -0.000997258466668, 0.00125167216174, 0.000159818766406, 7.09008372723e-06, -0.000890063063707, 0.000102718200651], [-0.000172333355295, 0.000195242086193, -0.000427800579928, -8.57516643009e-05, -0.000334162905347, 0.00692514097318, -0.00188300595619, 0.000378006254323, -0.000991796259768, 0.000178819638677, -0.00162706035189, 0.000123200763483, -0.000254386453889], [0.000324860477122, -0.000454286433524, -0.000122056364489, 0.00028842422762, 0.000383363309084, -0.00188300595619, 0.0088450582698, -0.00189066817984, -0.000880463514477, -0.000241523783188, 0.000344698462868, -0.00191661971621, 0.00124000071082], [-0.000252199621173, 0.000164563040016, 0.000147842642036, 0.000325716478983, -0.000997258466668, 0.000378006254323, -0.00189066817984, 0.00977965258062, -0.00389439659193, 0.00150647445116, -0.00394922401756, 0.0033713998273, -0.00175404048059], [-6.7359383138e-07, -0.000282334891381, -0.000362321094144, -0.00025311956415, 0.00125167216174, -0.000991796259768, -0.000880463514477, -0.00389439659193, 0.0122200287879, -0.00701226620004, 0.00419440679252, -0.00102359289303, 0.00100779347122], [-6.80115699652e-05, -0.000300484796753, -0.000609253416769, 0.000339256803272, 0.000159818766406, 0.000178819638677, -0.000241523783188, 0.00150647445116, -0.00701226620004, 0.0155780930072, -0.0055808997713, 0.000760356429964, 0.000252161407843], [-4.77870453324e-05, 0.000284438108793, 0.000929748697672, -0.000619508849923, 7.09008372723e-06, -0.00162706035189, 0.000344698462868, -0.00394922401756, 0.00419440679252, -0.0055808997713, 0.0136509323493, -0.00245142332278, 0.000533318496309], [1.03462489278e-05, -5.30526012881e-05, -0.000200474445592, 0.000716046488378, -0.000890063063707, 0.000123200763483, -0.00191661971621, 0.0033713998273, -0.00102359289303, 0.000760356429964, -0.00245142332278, 0.012963832356, -0.002688692417], [-5.45246730326e-05, -0.000110740176751, -0.000218764951569, -0.00133168243337, 0.000102718200651, -0.000254386453889, 0.00124000071082, -0.00175404048059, 0.00100779347122, 0.000252161407843, 0.000533318496309, -0.002688692417, 0.0152532551438]], "mean": [-747.365661621, 160.576843262, 18.0160198212, 40.9829978943, 31.7645816803, 26.6768817902, 7.83878612518, 1.7346200943, -1.24049282074, -0.169947713614, -2.0595703125, 4.38906383514, 1.48629403114], "cov": [[15938.7363281, -420.878753662, -2977.9831543, -1113.33227539, -102.530738831, 118.281234741, -521.729675293, 562.666687012, -104.383964539, 17.097114563, 417.148468018, -163.693740845, -13.0358972549], [-420.878753662, 2526.98120117, -324.290710449, 106.67175293, 72.7546844482, -56.3875541687, 137.472045898, -11.1377267838, 96.8119125366, 62.7811584473, -40.2762718201, 26.1539993286, 6.20086336136], [-2977.9831543, -324.290710449, 1738.99621582, 457.606170654, -106.160675049, 62.6530609131, 112.756469727, -129.424728394, 115.312835693, 51.6821784973, -144.172332764, 30.4632148743, 31.5403232574], [-1113.33227539, 106.67175293, 457.606170654, 528.647277832, 23.0794525146, 11.9703769684, 25.4522171021, -45.0038414001, 24.4740486145, 6.87702894211, -31.8274383545, 0.308743089437, 41.7476615906], [-102.530738831, 72.7546844482, -106.160675049, 23.0794525146, 311.156677246, -1.26146173477, -9.06732940674, 14.3171100616, -48.6250686646, -24.7700557709, 17.9169425964, 16.1798324585, 6.76890563965], [118.281234741, -56.3875541687, 62.6530609131, 11.9703769684, -1.26146173477, 170.394180298, 36.446685791, 18.5598220825, 26.1025028229, 18.0877494812, 22.7381134033, 4.54487895966, 1.96118056774], [-521.729675293, 137.472045898, 112.756469727, 25.4522171021, -9.06732940674, 36.446685791, 161.6615448, 13.4134464264, 44.0398330688, 21.1951236725, -8.06585788727, 19.929473877, -7.4235663414], [562.666687012, -11.1377267838, -129.424728394, -45.0038414001, 14.3171100616, 18.5598220825, 13.4134464264, 167.562332153, 40.6540298462, 19.0891780853, 49.3449935913, -28.3788738251, 4.80733442307], [-104.383964539, 96.8119125366, 115.312835693, 24.4740486145, -48.6250686646, 26.1025028229, 44.0398330688, 40.6540298462, 155.195098877, 66.6683120728, -16.0154743195, -2.51324152946, -5.26117420197], [17.097114563, 62.7811584473, 51.6821784973, 6.87702894211, -24.7700557709, 18.0877494812, 21.1951236725, 19.0891780853, 66.6683120728, 105.027389526, 25.3138656616, -0.0277342200279, -4.23194551468], [417.148468018, -40.2762718201, -144.172332764, -31.8274383545, 17.9169425964, 22.7381134033, -8.06585788727, 49.3449935913, -16.0154743195, 25.3138656616, 117.359786987, 5.5574092865, 0.456858426332], [-163.693740845, 26.1539993286, 30.4632148743, 0.308743089437, 16.1798324585, 4.54487895966, 19.929473877, -28.3788738251, -2.51324152946, -0.0277342200279, 5.5574092865, 92.4462661743, 11.419585228], [-13.0358972549, 6.20086336136, 31.5403232574, 41.7476615906, 6.76890563965, 1.96118056774, -7.4235663414, 4.80733442307, -5.26117420197, -4.23194551468, 0.456858426332, 11.419585228, 73.2132873535]]}, "silence_rate_20dB": {"mean": 1, "dvar": 0, "min": 1, "dmean": 0, "dmean2": 0, "dvar2": 0, "max": 1, "median": 1, "var": 0}, "dynamic_complexity": 5.19713878632, "silence_rate_60dB": {"mean": 0.103571787477, "dvar": 0.0200816448778, "min": 0, "dmean": 0.0204975120723, "dmean2": 0.0409991033375, "dvar2": 0.0462816804647, "max": 1, "median": 0, "var": 0.0928575247526}, "dissonance": {"mean": 0.451563477516, "dvar": 0.000519394350704, "min": 0.167276829481, "dmean": 0.0208014585078, "dmean2": 0.0340555645525, "dvar2": 0.00133348372765, "max": 0.500000119209, "median": 0.463971704245, "var": 0.00166171602905}, "barkbands": {"mean": [0.000512684928253, 0.0221969634295, 0.00948358047754, 0.00363153824583, 0.00342895067297, 0.00110768980812, 0.000386076862924, 0.000344200321706, 0.000218063811189, 0.000257904583123, 0.000245228089625, 0.000606263638474, 0.000633742311038, 0.000952823611442, 0.000492366554681, 0.000291990232654, 0.000279527070234, 0.000172250147443, 6.75291303196e-05, 4.928981798e-05, 5.33443962922e-05, 6.15933749941e-05, 7.57024681661e-05, 6.36738695903e-05, 2.09694790101e-05, 7.45360057408e-06, 2.04161210604e-06], "dvar": [7.13565214028e-07, 0.000838449748699, 0.00014786941756, 2.36222858803e-05, 1.2535660062e-05, 1.80824292784e-06, 4.54822185247e-07, 1.2573824506e-06, 3.30031411977e-07, 5.66242420064e-07, 6.04722515618e-07, 3.4381612295e-06, 6.32146384305e-06, 7.05726461092e-06, 2.55545114669e-06, 5.05877778778e-07, 4.55747056094e-07, 5.43076907888e-07, 2.72747087138e-08, 1.62720521502e-08, 2.1595022659e-08, 3.41507622181e-08, 1.28589505266e-07, 1.53498831423e-07, 6.95352175839e-09, 7.79218523039e-10, 1.0562356545e-10], "min": [2.35091649923e-13, 7.29484805895e-10, 4.51252701872e-10, 2.48117637547e-10, 5.21768850348e-10, 3.17458524746e-11, 6.83576979743e-12, 2.7684998391e-12, 3.52463219201e-12, 1.87477811053e-12, 1.68734123895e-12, 2.23580377302e-12, 2.12129814582e-12, 1.49167093608e-12, 1.32921733516e-12, 2.04551436553e-12, 1.78011164836e-12, 3.1601544298e-12, 3.90570215059e-12, 3.99965954453e-12, 5.04361396397e-12, 4.5197257395e-12, 3.64830258018e-12, 7.5146867895e-12, 1.21287754146e-11, 1.08131975596e-11, 8.76027861363e-11], "dmean": [0.000349443929736, 0.0126096950844, 0.00562660954893, 0.00245970115066, 0.00181723048445, 0.000559621490538, 0.000219837282202, 0.000219074863708, 0.000148218416143, 0.000175186884007, 0.000137696930324, 0.000323755491991, 0.000369207176846, 0.000459347473225, 0.000297138787573, 0.000195534856175, 0.00016054311709, 0.000115021233796, 4.57685855508e-05, 3.95928655053e-05, 4.51492560387e-05, 5.4881140386e-05, 6.05684908805e-05, 4.51204286946e-05, 1.71464107552e-05, 9.04447733774e-06, 2.88758815259e-06], "dmean2": [0.000533522164915, 0.0207939706743, 0.00965539272875, 0.00424138270319, 0.00303568365052, 0.000897033780348, 0.00035081099486, 0.000337216886692, 0.000240442968789, 0.000263586029178, 0.000216890330194, 0.000478857575217, 0.000598873419221, 0.000712611828931, 0.000463029718958, 0.000314341188641, 0.000251650140854, 0.000172284795553, 7.01099415892e-05, 6.13489828538e-05, 6.98609583196e-05, 8.48249983392e-05, 9.12110845093e-05, 6.85385602992e-05, 2.54807091551e-05, 1.48805556819e-05, 4.98295685247e-06], "dvar2": [1.7196294948e-06, 0.00222693593241, 0.000416008464526, 6.58081844449e-05, 3.35313598043e-05, 3.96617542719e-06, 9.83955374068e-07, 2.82843052446e-06, 8.12728501387e-07, 1.1064211094e-06, 1.41205885029e-06, 6.39875725028e-06, 1.72768013726e-05, 1.5050485672e-05, 4.92942126584e-06, 1.30186879232e-06, 8.89617865596e-07, 1.22765186461e-06, 6.13591524257e-08, 3.70328798738e-08, 5.07740978151e-08, 6.98535416177e-08, 2.32907680697e-07, 3.27213911078e-07, 1.35538051893e-08, 1.89481341728e-09, 2.71551919839e-10], "max": [0.0146310450509, 0.399701356888, 0.178280174732, 0.119929656386, 0.0836747735739, 0.073193334043, 0.0239820964634, 0.0465687736869, 0.0250098928809, 0.0414890907705, 0.0298235379159, 0.103284463286, 0.134270608425, 0.178973376751, 0.10182787478, 0.0249910764396, 0.0435270853341, 0.0402297265828, 0.00993696786463, 0.00413516163826, 0.00462775817141, 0.00856831204146, 0.0197678208351, 0.0182924475521, 0.00582438055426, 0.000496516411658, 0.000274159305263], "median": [0.000120121927466, 0.0140776513144, 0.00494508771226, 0.00148520979565, 0.00175932387356, 0.000466851575766, 0.000120484255604, 3.87410764233e-05, 3.50326372427e-05, 2.97197184409e-05, 1.72008349182e-05, 5.64402071177e-05, 6.65432744427e-05, 4.78205365653e-05, 4.8258836614e-05, 3.88818698411e-05, 3.79971097573e-05, 1.61872812896e-05, 1.02629473986e-05, 6.60545720166e-06, 6.83638836563e-06, 2.65544872491e-06, 2.25901339945e-06, 1.32861384827e-06, 7.18020260138e-07, 1.34286423759e-07, 3.90427032926e-08], "var": [1.02150920611e-06, 0.000944645202253, 0.000175874301931, 3.47654349753e-05, 2.60316992353e-05, 4.82003179059e-06, 1.02462013274e-06, 2.22687185669e-06, 5.51313007691e-07, 1.20330014397e-06, 9.62209696809e-07, 8.78932041815e-06, 9.23266634345e-06, 2.26657884923e-05, 7.1219410529e-06, 6.88890565925e-07, 8.80076584053e-07, 8.00958844138e-07, 5.0084789649e-08, 2.09710275811e-08, 2.63285748758e-08, 5.98813727493e-08, 3.26353216451e-07, 3.53459398639e-07, 1.16023937125e-08, 7.24635018656e-10, 7.8887271715e-11]}, "spectral_complexity": {"mean": 10.8856830597, "dvar": 16.1200485229, "min": 0, "dmean": 2.66427850723, "dmean2": 4.02308702469, "dvar2": 31.2264862061, "max": 57, "median": 8, "var": 82.4703674316}, "spectral_energyband_high": {"mean": 0.000311112264171, "dvar": 9.37757590691e-07, "min": 1.76731185242e-10, "dmean": 0.000241037880187, "dmean2": 0.000354866439011, "dvar2": 1.78095922365e-06, "max": 0.0394690074027, "median": 2.43576705543e-05, "var": 2.27834198085e-06}, "hfc": {"mean": 13.617102623, "dvar": 155.067123413, "min": 5.66380413147e-06, "dmean": 5.53525733948, "dmean2": 8.19789886475, "dvar2": 318.274688721, "max": 321.128601074, "median": 6.27440738678, "var": 483.913848877}, "melbands_kurtosis": {"mean": 47.2324485779, "dvar": 1175.45336914, "min": -1.93003726006, "dmean": 21.5860004425, "dmean2": 34.5045967102, "dvar2": 2951.24829102, "max": 567.28515625, "median": 31.057220459, "var": 2823.73217773}, "spectral_strongpeak": {"mean": 0.566213488579, "dvar": 0.914397418499, "min": 0, "dmean": 0.292552322149, "dmean2": 0.501999437809, "dvar2": 2.09025716782, "max": 25.0743217468, "median": 0.335287332535, "var": 1.79176223278}, "silence_rate_30dB": {"mean": 0.902895212173, "dvar": 0.0651406347752, "min": 0, "dmean": 0.0700497478247, "dmean2": 0.140113443136, "dvar2": 0.141783297062, "max": 1, "median": 1, "var": 0.0876678153872}, "melbands_spread": {"mean": 10.4264497757, "dvar": 104.113975525, "min": 0.351474404335, "dmean": 4.11638307571, "dmean2": 6.32186889648, "dvar2": 226.404342651, "max": 279.595825195, "median": 3.77777862549, "var": 318.58114624}, "melbands_crest": {"mean": 18.0296516418, "dvar": 6.52168989182, "min": 4.28573846817, "dmean": 2.67827320099, "dmean2": 4.43578481674, "dvar2": 17.4643707275, "max": 33.9437980652, "median": 17.9867343903, "var": 20.7495212555}, "average_loudness": 0.763470590115, "spectral_flux": {"mean": 0.0838702693582, "dvar": 0.0025063639041, "min": 2.07569282793e-05, "dmean": 0.0351374484599, "dmean2": 0.0550136715174, "dvar2": 0.00516748568043, "max": 0.537045180798, "median": 0.0623577237129, "var": 0.005541077815}, "spectral_rolloff": {"mean": 592.014404297, "dvar": 475640.0625, "min": 64.599609375, "dmean": 231.613876343, "dmean2": 391.414398193, "dvar2": 1018274.9375, "max": 9883.74023438, "median": 215.33203125, "var": 1141009}, "melbands": {"mean": [0.00582976359874, 0.00634657219052, 0.00214490992948, 0.000765614910051, 0.000453545479104, 0.000190239647054, 9.39440869843e-05, 6.24442982371e-05, 6.45855761832e-05, 3.03698270727e-05, 3.00969750242e-05, 3.9710492274e-05, 3.68362561858e-05, 6.17700206931e-05, 5.99819686613e-05, 7.96602253104e-05, 9.8371085187e-05, 5.14961939189e-05, 3.22154155583e-05, 2.15994714381e-05, 1.97484423552e-05, 1.57900212798e-05, 1.18074149213e-05, 7.93857907411e-06, 3.89337265005e-06, 2.43743215833e-06, 1.84888835975e-06, 1.47903722336e-06, 1.50008054334e-06, 1.23217148484e-06, 1.09784525648e-06, 1.04728917449e-06, 1.33432149596e-06, 1.32321304136e-06, 1.14686633879e-06, 1.22087396903e-06, 8.18387093204e-07, 7.4505868497e-07, 4.44651305997e-07, 2.33086154822e-07], "dvar": [5.38648964721e-05, 6.34168900433e-05, 5.56663690077e-06, 6.8963367994e-07, 3.53704081135e-07, 3.67804773305e-08, 2.1939397854e-08, 2.14822044597e-08, 4.07852915885e-08, 6.54834941827e-09, 6.76759714935e-09, 1.64998752439e-08, 9.49239353787e-09, 3.04754692593e-08, 3.9250398487e-08, 8.85019915131e-08, 9.40939557381e-08, 1.88624742492e-08, 9.87445414324e-09, 3.59511731496e-09, 2.19901763465e-09, 1.53982970819e-09, 5.79888415064e-10, 2.15052020636e-09, 2.42813297247e-10, 3.98004268432e-11, 2.52195070383e-11, 1.79705694769e-11, 1.34531873489e-11, 1.61259772896e-11, 1.31180743351e-11, 1.19461818909e-11, 1.86972781008e-11, 2.9537164381e-11, 3.39017668105e-11, 9.3664916101e-11, 3.6147179e-11, 1.93610544263e-11, 5.38817384807e-12, 1.25814636487e-12], "min": [1.7675447217e-10, 2.76061923321e-10, 1.62767507805e-10, 1.38665190441e-10, 1.23971631572e-11, 5.38472651884e-12, 1.60739195391e-12, 6.02183667514e-13, 5.10537304706e-13, 4.57270126712e-13, 3.56850996235e-13, 2.04917015973e-13, 2.39244740555e-13, 2.05819234811e-13, 2.22917130176e-13, 1.36461737635e-13, 1.32310408831e-13, 9.68090692788e-14, 8.3507338414e-14, 1.51060465677e-13, 1.15935988023e-13, 7.81547407087e-14, 8.72746360315e-14, 1.49584974941e-13, 1.24343311797e-13, 1.36715400285e-13, 1.38522087681e-13, 9.90525478479e-14, 1.22410653662e-13, 1.38983591888e-13, 1.03987856466e-13, 7.96718038223e-14, 9.5397458379e-14, 7.18560614114e-14, 4.63667935969e-14, 7.08589816597e-14, 9.58396366825e-14, 9.1514381522e-14, 8.68716177552e-14, 1.27767588176e-13], "dmean": [0.00324716977775, 0.00349744036794, 0.00121393019799, 0.000429830688518, 0.000239982793573, 9.06565401237e-05, 5.00060123159e-05, 3.74499286409e-05, 3.97195290134e-05, 2.08619458135e-05, 2.03808631341e-05, 2.50957091339e-05, 1.86687775567e-05, 3.22898631566e-05, 3.27815942001e-05, 4.353440454e-05, 4.69537444587e-05, 2.89575618808e-05, 1.97341450985e-05, 1.47305481732e-05, 1.2676933693e-05, 9.34591389523e-06, 6.50910169497e-06, 5.90089484831e-06, 2.84169186671e-06, 1.74355204763e-06, 1.40361328249e-06, 1.24854466321e-06, 1.22711094264e-06, 1.08141887267e-06, 1.01274883946e-06, 9.51970719143e-07, 1.22373637623e-06, 1.18904472401e-06, 9.50877449668e-07, 9.60153101914e-07, 6.18638182459e-07, 5.23781750417e-07, 3.34947799274e-07, 1.88663960898e-07], "dmean2": [0.00528645887971, 0.00593993859366, 0.00208037812263, 0.000727317237761, 0.000393242167775, 0.000144299134263, 8.15633393358e-05, 5.87785361859e-05, 6.00612438575e-05, 3.38574827765e-05, 3.19796345138e-05, 3.7537614844e-05, 2.91727756121e-05, 4.75163069495e-05, 4.95893400512e-05, 6.91021778039e-05, 7.15355708962e-05, 4.63439719169e-05, 3.03941105813e-05, 2.37006352108e-05, 2.01086859306e-05, 1.46180536831e-05, 1.03491274785e-05, 8.86213274498e-06, 4.23641949965e-06, 2.73570663012e-06, 2.22804146688e-06, 1.9603257897e-06, 1.91558547158e-06, 1.7119966742e-06, 1.59319495197e-06, 1.46814966229e-06, 1.94887002181e-06, 1.87006753549e-06, 1.45323406286e-06, 1.50101050167e-06, 9.94759034256e-07, 7.69292967107e-07, 4.98030829021e-07, 2.83062576045e-07], "dvar2": [0.000140782867675, 0.000171390056494, 1.54385306814e-05, 1.91433923646e-06, 8.82729466412e-07, 8.24090733431e-08, 4.81862372226e-08, 4.77195563064e-08, 8.78523707115e-08, 1.66712617045e-08, 1.45549421404e-08, 3.07472802774e-08, 2.05821564236e-08, 5.42347393662e-08, 7.34291702997e-08, 2.29595059409e-07, 1.87321447243e-07, 3.98550454861e-08, 1.95211882215e-08, 8.79915429408e-09, 4.96490937252e-09, 3.14275583335e-09, 1.32655886276e-09, 4.98354424394e-09, 5.50094303442e-10, 9.49395284611e-11, 6.02633082325e-11, 4.2810203299e-11, 3.15316071864e-11, 4.06920261375e-11, 2.88291474027e-11, 2.62621435015e-11, 4.08797370954e-11, 5.6825651823e-11, 6.78892844719e-11, 2.14846598845e-10, 8.65422247753e-11, 3.70762968938e-11, 1.11456122109e-11, 2.48229887166e-12], "max": [0.0896514058113, 0.104172885418, 0.0412651002407, 0.0227686911821, 0.0167985949665, 0.00767024373636, 0.00560771208256, 0.00658938102424, 0.00950929615647, 0.00354338646866, 0.00364295626059, 0.00695803388953, 0.00469202920794, 0.0093849459663, 0.0186213776469, 0.0160807799548, 0.0223032776266, 0.00653116637841, 0.00631904695183, 0.0022620644886, 0.00251431996003, 0.00195771851577, 0.00105908210389, 0.00267315958627, 0.000739042880014, 0.000230277291848, 0.00018973540864, 0.000178691232577, 0.000109050095489, 0.000144588615512, 0.000128923085867, 0.000171876497916, 0.000176743385964, 0.000287094037049, 0.000313813332468, 0.000572853547055, 0.000318418780807, 0.000235219864408, 0.000109714397695, 8.61863372847e-05], "median": [0.00356385461055, 0.00382493622601, 0.00115149305202, 0.000422047392931, 0.000154222390847, 8.29756027088e-05, 3.74156006728e-05, 1.19551423268e-05, 6.89848684488e-06, 4.64695449409e-06, 4.07794186685e-06, 4.27785971624e-06, 3.66901326743e-06, 6.09777862337e-06, 6.6486832111e-06, 7.26404960005e-06, 4.5699034672e-06, 3.51893686457e-06, 3.53601626557e-06, 2.43085287366e-06, 2.94785490951e-06, 2.14682199839e-06, 1.18832599583e-06, 7.11066718395e-07, 4.75237328601e-07, 3.88219092429e-07, 2.61650910716e-07, 1.58117217097e-07, 2.62743924395e-07, 1.18492692991e-07, 6.16715496449e-08, 4.85358953028e-08, 4.95952079405e-08, 3.9295240839e-08, 3.5703841661e-08, 2.30076011576e-08, 1.50735068871e-08, 1.39037714675e-08, 1.15439853232e-08, 7.68608821033e-09], "var": [6.51928712614e-05, 7.26669968572e-05, 8.3280947365e-06, 1.10654127639e-06, 9.38367747949e-07, 1.08938642995e-07, 4.92758616133e-08, 3.83162159778e-08, 9.01270169607e-08, 1.00306003503e-08, 1.41319524971e-08, 3.18353876594e-08, 1.83332478088e-08, 7.70953860751e-08, 1.0958299157e-07, 1.49671294025e-07, 2.85055961058e-07, 5.13416935632e-08, 2.60332040369e-08, 4.88022644518e-09, 3.83918008495e-09, 2.88251200686e-09, 1.72995939796e-09, 2.58681498444e-09, 3.56701501669e-10, 5.37621683283e-11, 3.09233576246e-11, 2.09232960818e-11, 1.70942860561e-11, 1.70289338186e-11, 1.59087517465e-11, 1.63407256476e-11, 3.47845710569e-11, 6.48616299559e-11, 7.24661025631e-11, 1.60793295345e-10, 6.83798712098e-11, 5.04524269584e-11, 1.17376004749e-11, 1.9677070303e-12]}, "spectral_energy": {"mean": 0.0456433370709, "dvar": 0.00142056681216, "min": 2.43955233792e-09, "dmean": 0.0190830621868, "dmean2": 0.0306680668145, "dvar2": 0.0035949696321, "max": 0.497811704874, "median": 0.033066097647, "var": 0.0023143182043}, "spectral_decrease": {"mean": -1.17661969057e-08, "dvar": 9.7265845507e-17, "min": -1.3076380867e-07, "dmean": 4.95344654183e-09, "dmean2": 7.97399657415e-09, "dvar2": 2.46606363404e-16, "max": -5.10257676684e-16, "median": -8.54851300858e-09, "var": 1.55956301819e-16}, "erbbands_spread": {"mean": 37.4740715027, "dvar": 171.291397095, "min": 1.38888311386, "dmean": 9.95532035828, "dmean2": 15.1657810211, "dvar2": 376.309570312, "max": 161.013244629, "median": 35.118270874, "var": 522.806152344}, "spectral_contrast_coeffs": {"mean": [-0.655394852161, -0.71472042799, -0.799283981323, -0.791366457939, -0.78800958395, -0.793547391891], "dvar": [0.00159671180882, 0.00148063665256, 0.000855861697346, 0.000718373572454, 0.000689645996317, 0.000409700005548], "min": [-0.887944817543, -0.944568157196, -0.968497276306, -0.98650354147, -0.976956605911, -0.922769963741], "dmean": [0.0461776591837, 0.0434373766184, 0.0328792408109, 0.0301562584937, 0.0271722469479, 0.0187943521887], "dmean2": [0.0776762664318, 0.0708797052503, 0.0533697754145, 0.0481555573642, 0.042492646724, 0.0295609347522], "dvar2": [0.00435008155182, 0.0037008121144, 0.00206016306765, 0.00166534772143, 0.00154457532335, 0.000956409669016], "max": [-0.336810827255, -0.424085259438, -0.466752916574, -0.467444181442, -0.481128394604, -0.600689589977], "median": [-0.662357628345, -0.717253446579, -0.807066738605, -0.796304345131, -0.793819308281, -0.790162205696], "var": [0.0054622949101, 0.00633053015918, 0.00446737604216, 0.00456498749554, 0.00358706573024, 0.00231201876886]}, "spectral_energyband_middle_high": {"mean": 0.00399392005056, "dvar": 2.76290120382e-05, "min": 3.02743177749e-11, "dmean": 0.0015691666631, "dmean2": 0.0023024152033, "dvar2": 5.6902950746e-05, "max": 0.208442240953, "median": 0.000648210989311, "var": 0.000105372149847}, "erbbands_crest": {"mean": 9.92706394196, "dvar": 5.96457338333, "min": 2.45795178413, "dmean": 2.34360551834, "dmean2": 3.82042217255, "dvar2": 15.0185699463, "max": 33.690158844, "median": 9.10565185547, "var": 18.5713176727}, "barkbands_crest": {"mean": 14.0519323349, "dvar": 7.17080783844, "min": 2.78887605667, "dmean": 2.76450634003, "dmean2": 4.58649158478, "dvar2": 19.9852714539, "max": 26.3808956146, "median": 13.6319990158, "var": 21.1969470978}, "pitch_salience": {"mean": 0.4500195086, "dvar": 0.00527598988265, "min": 0.0700502097607, "dmean": 0.0777937620878, "dmean2": 0.130740582943, "dvar2": 0.0148182297125, "max": 0.892574310303, "median": 0.456439226866, "var": 0.0165369268507}, "melbands_skewness": {"mean": 4.41529989243, "dvar": 1.60190117359, "min": -2.29179596901, "dmean": 1.10785806179, "dmean2": 1.7214859724, "dvar2": 3.72744417191, "max": 18.0119056702, "median": 4.07978057861, "var": 6.08351707458}, "spectral_spread": {"mean": 3557408, "dvar": 733279617024, "min": 755319.375, "dmean": 685720.375, "dmean2": 982899.0625, "dvar2": 1391866937340.0, "max": 16795348, "median": 3107337.75, "var": 2887087816700.0}, "spectral_entropy": {"mean": 6.71494054794, "dvar": 0.102669127285, "min": 4.46288967133, "dmean": 0.286371856928, "dmean2": 0.40282946825, "dvar2": 0.185135319829, "max": 8.72580242157, "median": 6.79346179962, "var": 0.741879284382}, "erbbands_flatness_db": {"mean": 0.195480108261, "dvar": 0.000720341980923, "min": 0.0483987294137, "dmean": 0.0247948747128, "dmean2": 0.0345876701176, "dvar2": 0.00132462731563, "max": 0.404696375132, "median": 0.194483652711, "var": 0.00370827317238}, "spectral_kurtosis": {"mean": 12.664598465, "dvar": 46.9360122681, "min": -1.09743273258, "dmean": 5.33677434921, "dmean2": 8.62831497192, "dvar2": 114.866569519, "max": 120.580223083, "median": 8.51971435547, "var": 162.824874878}, "erbbands_skewness": {"mean": 0.739511311054, "dvar": 0.263640940189, "min": -8.01815605164, "dmean": 0.474347025156, "dmean2": 0.739983737469, "dvar2": 0.62651091814, "max": 6.80229377747, "median": 0.514772057533, "var": 2.37882733345}, "erbbands_kurtosis": {"mean": 3.91344809532, "dvar": 13.8934669495, "min": -1.95440542698, "dmean": 2.02210569382, "dmean2": 3.29210162163, "dvar2": 38.8989562988, "max": 95.4325256348, "median": 0.421815156937, "var": 86.1399841309}, "barkbands_spread": {"mean": 10.5324230194, "dvar": 53.1188354492, "min": 0.202757000923, "dmean": 3.8721780777, "dmean2": 5.95719814301, "dvar2": 116.660018921, "max": 108.158370972, "median": 5.44931983948, "var": 152.983963013}, "zerocrossingrate": {"mean": 0.027288319543, "dvar": 0.00015155231813, "min": 0.001953125, "dmean": 0.00701978383586, "dmean2": 0.00825189985335, "dvar2": 0.000160008756211, "max": 0.3642578125, "median": 0.01806640625, "var": 0.00103144301102}, "spectral_centroid": {"mean": 699.103637695, "dvar": 91283.84375, "min": 113.212173462, "dmean": 184.66494751, "dmean2": 275.65435791, "dvar2": 174618.03125, "max": 6336.30712891, "median": 479.412384033, "var": 401066.4375}, "barkbands_skewness": {"mean": 3.38344597816, "dvar": 1.26897060871, "min": -5.50679636002, "dmean": 0.972686946392, "dmean2": 1.53496575356, "dvar2": 3.24899721146, "max": 18.1355857849, "median": 3.14961528778, "var": 5.41411066055}, "melbands_flatness_db": {"mean": 0.372518151999, "dvar": 0.00169507833198, "min": 0.0324250422418, "dmean": 0.0387768149376, "dmean2": 0.0570130124688, "dvar2": 0.00340217701159, "max": 0.777046561241, "median": 0.361449092627, "var": 0.0169728826731}, "spectral_contrast_valleys": {"mean": [-6.84391689301, -7.83298158646, -8.49636554718, -8.62736606598, -9.00464630127, -11.6455564499], "dvar": [0.125210747123, 0.140869185328, 0.132575154305, 0.159546896815, 0.25463694334, 0.411631047726], "min": [-15.3862543106, -15.3367452621, -15.9924087524, -16.4368724823, -15.999376297, -17.3799285889], "dmean": [0.363584280014, 0.381749153137, 0.362399280071, 0.394322305918, 0.44122710824, 0.502461493015], "dmean2": [0.580951809883, 0.604580640793, 0.566862046719, 0.571804046631, 0.59352183342, 0.642309606075], "dvar2": [0.272307217121, 0.321888953447, 0.293806284666, 0.316192239523, 0.483762145042, 0.765805363655], "max": [-4.74147176743, -4.7742934227, -5.15074634552, -5.10543107986, -5.29139137268, -7.30488204956], "median": [-6.5277762413, -7.58594655991, -8.24150848389, -8.29148006439, -8.8054599762, -11.6241464615], "var": [1.67086410522, 2.05926561356, 2.52127981186, 3.1277577877, 2.58816480637, 2.5969312191]}, "barkbands_flatness_db": {"mean": 0.265153557062, "dvar": 0.00121057382785, "min": 0.0301986970007, "dmean": 0.0332020223141, "dmean2": 0.0492269508541, "dvar2": 0.00247390149161, "max": 0.596816003323, "median": 0.253782272339, "var": 0.0107920244