{"tonal": {"hpcp": {"dvar": [0.039292242378, 0.0323527753353, 0.0223091393709, 0.0232757870108, 0.0250026453286, 0.034515414387, 0.0480488650501, 0.0314315371215, 0.025068834424, 0.0183766167611, 0.019074305892, 0.02447575517, 0.0330951027572, 0.027570175007, 0.0243598315865, 0.0299519244581, 0.0382143184543, 0.0404857248068, 0.0475614927709, 0.0583589300513, 0.0614295639098, 0.0557373128831, 0.0546848587692, 0.0561702772975, 0.0378043353558, 0.0295840278268, 0.0324049293995, 0.0356374457479, 0.0297706909478, 0.027142830193, 0.0211312286556, 0.0222936142236, 0.0324386060238, 0.0383249185979, 0.0365232713521, 0.038944542408], "var": [0.111162655056, 0.0472310446203, 0.0184198245406, 0.0201727058738, 0.0229506101459, 0.0675453320146, 0.125871911645, 0.0458917617798, 0.0195271205157, 0.0141734378412, 0.0167150646448, 0.0385885313153, 0.070742584765, 0.0316844545305, 0.021900402382, 0.0256832111627, 0.0333005189896, 0.0474247224629, 0.0609818920493, 0.0614293441176, 0.0847571492195, 0.130696967244, 0.0929428637028, 0.0626356676221, 0.0305907968432, 0.0237731654197, 0.0441967993975, 0.0646692961454, 0.0339424237609, 0.0233469866216, 0.0173910278827, 0.0191395450383, 0.0495396442711, 0.0710793882608, 0.0444973632693, 0.0702250227332], "median": [0.0331042930484, 0.0177444033325, 0.0130910910666, 0.0103664565831, 0.0173636917025, 0.120574370027, 0.181392192841, 0.0964104533195, 0.0080824624747, 0.00479596061632, 0.00925532821566, 0.0330466814339, 0.0460005737841, 0.0298838950694, 0.0082933222875, 0.0072008324787, 0.0157022587955, 0.0451327487826, 0.0546582005918, 0.0414363704622, 0.145845338702, 0.227938741446, 0.151838183403, 0.0390665903687, 0.0133705828339, 0.00703225936741, 0.0286104232073, 0.0448838323355, 0.0298084281385, 0.00639508664608, 0.00496030598879, 0.00893991068006, 0.0301681403071, 0.0441218391061, 0.0445139370859, 0.0459682866931], "max": [1, 1, 1, 1, 1, 1, 1, 1, 1, 1, 1, 1, 1, 1, 1, 1, 1, 1, 1, 1, 1, 1, 1, 1, 1, 1, 1, 1, 1, 1, 1, 1, 1, 1, 1, 1], "dmean": [0.112575046718, 0.0979353636503, 0.067087687552, 0.0649710446596, 0.0779268890619, 0.137462705374, 0.161455050111, 0.120452925563, 0.067747309804, 0.0525632575154, 0.0557188689709, 0.0838192477822, 0.103174969554, 0.0861025378108, 0.0685851946473, 0.0777322649956, 0.0987919569016, 0.126156613231, 0.146710500121, 0.167398840189, 0.196461960673, 0.188871607184, 0.185250818729, 0.157444596291, 0.105618044734, 0.0802919790149, 0.0947847962379, 0.10615119338, 0.0892207100987, 0.0646742284298, 0.0525245442986, 0.0616142451763, 0.0974951982498, 0.113884411752, 0.116098284721, 0.124164842069], "dmean2": [0.191602900624, 0.171851292253, 0.120572775602, 0.116164274514, 0.139238357544, 0.231292203069, 0.269965142012, 0.203424230218, 0.122294344008, 0.0952057689428, 0.0993211567402, 0.143335789442, 0.175225421786, 0.149677529931, 0.12309397012, 0.141710504889, 0.177945747972, 0.221804901958, 0.257453203201, 0.2998457551, 0.343396693468, 0.319601744413, 0.31489315629, 0.279047906399, 0.192577585578, 0.14671626687, 0.164301931858, 0.180509462953, 0.154799103737, 0.117513552308, 0.0949893146753, 0.110325604677, 0.168521493673, 0.193300426006, 0.202589035034, 0.213280215859], "mean": [0.216227829456, 0.126495629549, 0.0595358274877, 0.0582736395299, 0.0725169852376, 0.230320155621, 0.337206095457, 0.18205653131, 0.0538401789963, 0.0419389121234, 0.0489205159247, 0.121428214014, 0.167165577412, 0.104268044233, 0.0581032782793, 0.0628115534782, 0.0840322449803, 0.13968744874, 0.164243116975, 0.156348392367, 0.26383331418, 0.363509118557, 0.279999762774, 0.152510762215, 0.0825958102942, 0.0624752119184, 0.11704787612, 0.157397180796, 0.104786232114, 0.0529162585735, 0.0418609455228, 0.0550327263772, 0.12962590158, 0.166861832142, 0.133807525039, 0.181017011404], "dvar2": [0.0924488306046, 0.0859398320317, 0.062281601131, 0.0644953548908, 0.0675119608641, 0.0890575423837, 0.113266095519, 0.0818692967296, 0.0692117139697, 0.0518985465169, 0.0515817739069, 0.0656342953444, 0.0839603766799, 0.0738487243652, 0.0668419450521, 0.0822740644217, 0.104770928621, 0.105451188982, 0.123412720859, 0.152451142669, 0.168134465814, 0.136831134558, 0.137022793293, 0.144971951842, 0.105327703059, 0.0824297517538, 0.0839038863778, 0.0883869677782, 0.0797487124801, 0.0735306292772, 0.0575312376022, 0.0602606087923, 0.0828594714403, 0.0930037498474, 0.0963665470481, 0.10125850141], "min": [0, 0, 0, 0, 0, 0, 0, 0, 0, 0, 0, 0, 0, 0, 0, 0, 0, 0, 0, 0, 0, 0, 0, 0, 0, 0, 0, 0, 0, 0, 0, 0, 0, 0, 0, 0]}, "key_key": "E", "thpcp": [1, 0.770268857479, 0.41955140233, 0.22721798718, 0.171866968274, 0.321994334459, 0.432993769646, 0.2882630229, 0.145570650697, 0.11515789479, 0.151392966509, 0.356596022844, 0.459030658007, 0.36809951067, 0.49797102809, 0.594834685326, 0.347984761, 0.163780838251, 0.160308599472, 0.199491515756, 0.633602142334, 0.927641391754, 0.500830709934, 0.14811232686, 0.115372382104, 0.134578511119, 0.334044486284, 0.459866255522, 0.286837488413, 0.159839943051, 0.172792240977, 0.231169566512, 0.384274959564, 0.451826661825, 0.430108577013, 0.725795567036], "chords_key": "E", "tuning_equal_tempered_deviation": 0.0573531575501, "tuning_frequency": 443.572570801, "tuning_diatonic_strength": 0.703565359116, "chords_histogram": [37.2273254395, 2.05223870277, 15.6142368317, 0, 0.014351320453, 0.014351320453, 0.100459240377, 0.559701502323, 1.56429386139, 0.0430539622903, 0, 0, 1.11940300465, 0.272675096989, 0, 1.59299659729, 0.0430539622903, 1.14810562134, 1.20551085472, 1.86567163467, 0.545350193977, 2.25315737724, 28.9179096222, 3.84615373611], "key_strength": 0.888229191303, "key_scale": "major", "chords_strength": {"dvar": 9.41631951719e-05, "var": 0.00869979802519, "median": 0.564496994019, "max": 0.8125872612, "dmean": 0.0104515086859, "dmean2": 0.0100160650909, "mean": 0.554633498192, "dvar2": 0.000116148890811, "min": 0.26191174984}, "chords_number_rate": 0.00172215839848, "tuning_nontempered_energy_ratio": 0.678657889366, "hpcp_entropy": {"dvar": 0.305599093437, "var": 0.661533713341, "median": 1.82901787758, "max": 4.57403707504, "dmean": 0.615633368492, "dmean2": 1.02746772766, "mean": 1.83878350258, "dvar2": 0.778427481651, "min": 0}, "chords_changes_rate": 0.0477898977697, "chords_scale": "major"}, "rhythm": {"bpm_histogram_first_peak_spread": {"dvar": 0, "var": 0, "median": 0, "max": 0, "dmean": 0, "dmean2": 0, "mean": 0, "dvar2": 0, "min": 0}, "bpm_histogram_first_peak_weight": {"dvar": 0, "var": 0, "median": 0.235372334719, "max": 0.235372334719, "dmean": 0, "dmean2": 0, "mean": 0.235372334719, "dvar2": 0, "min": 0.235372334719}, "bpm_histogram_first_peak_bpm": {"dvar": 0, "var": 0, "median": 178, "max": 178, "dmean": 0, "dmean2": 0, "mean": 178, "dvar2": 0, "min": 178}, "bpm": 178.206253052, "bpm_histogram_second_peak_weight": {"dvar": 0, "var": 0, "median": 0.125, "max": 0.125, "dmean": 0, "dmean2": 0, "mean": 0.125, "dvar2": 0, "min": 0.125}, "beats_loudness": {"dvar": 0.000158579088748, "var": 0.000465987657662, "median": 0.0128758084029, "max": 0.13275142014, "dmean": 0.00982043519616, "dmean2": 0.0168533474207, "mean": 0.0202092584223, "dvar2": 0.000423270888859, "min": 8.01439803411e-09}, "beats_loudness_band_ratio": {"dvar": [0.0326689071953, 0.0221829954535, 0.0203597806394, 0.0105168232694, 0.00718004442751, 0.0557717718184], "var": [0.0627777352929, 0.0375761128962, 0.0261831972748, 0.0166415423155, 0.00703881680965, 0.0413285531104], "median": [0.343193799257, 0.156220436096, 0.129242196679, 0.0515033863485, 0.0379018038511, 0.0538708642125], "max": [0.973768055439, 0.944209575653, 0.851498186588, 0.654235959053, 0.499828279018, 0.996719002724], "dmean": [0.221577718854, 0.1521486938, 0.144977301359, 0.0809201449156, 0.062322575599, 0.142217904329], "dmean2": [0.37793469429, 0.259807527065, 0.255447566509, 0.144413128495, 0.112243466079, 0.26220330596], "mean": [0.359950751066, 0.213441640139, 0.176482647657, 0.101814575493, 0.0663937330246, 0.122580103576], "dvar2": [0.0857774540782, 0.0600316822529, 0.0592892356217, 0.0287011861801, 0.0213698837906, 0.154698595405], "min": [0.000111570705485, 0.000214122832404, 0.000164310535183, 6.07098008913e-05, 2.11423921428e-05, 0.00011817370978]}, "bpm_histogram_second_peak_bpm": {"dvar": 0, "var": 0, "median": 120, "max": 120, "dmean": 0, "dmean2": 0, "mean": 120, "dvar2": 0, "min": 120}, "onset_rate": 4.37340068817, "beats_count": 753, "beats_position": [0.719818592072, 1.45124709606, 2.18267560005, 2.90249419212, 3.62231278419, 4.34213161469, 5.0387301445, 5.74693870544, 6.420317173, 7.08208608627, 7.75546455383, 8.42884349823, 8.95129203796, 9.46213150024, 9.97297000885, 10.4373693466, 10.8901586533, 11.3429479599, 11.807346344, 12.2601356506, 12.7129249573, 13.1657142639, 13.6185035706, 14.0712919235, 14.5240812302, 15.0581407547, 15.5805892944, 16.1030387878, 16.602268219, 17.1247158051, 17.6471652985, 18.1580047607, 18.6688423157, 19.179681778, 19.7369613647, 20.2942390442, 20.8399085999, 21.3971881866, 21.9544658661, 22.5117454529, 23.0574150085, 23.6030826569, 24.1487522125, 24.6944217682, 25.2516994476, 25.7857589722, 26.3198184967, 26.8422679901, 27.353105545, 27.8523349762, 28.3051242828, 28.7579135895, 29.1874828339, 29.6286621094, 30.1162815094, 30.6038990021, 31.0915184021, 31.5907478333, 32.0899772644, 32.5892066956, 33.111656189, 33.6224937439, 34.1449432373, 34.7486610413, 35.3639907837, 35.9561004639, 36.5946464539, 37.244808197, 37.9065742493, 38.5683441162, 39.1488418579, 39.7293434143, 40.2053489685, 40.7161903381, 41.2270278931, 41.7494773865, 42.2835350037, 42.8175964355, 43.3516540527, 43.8857116699, 44.4197731018, 44.9886627197, 45.5459403992, 46.1032180786, 46.6488876343, 47.1829452515, 47.7286148071, 48.2742843628, 48.80834198, 49.3191833496, 49.8300209045, 50.3408622742, 50.8516998291, 51.362537384, 51.8617668152, 52.3609962463, 52.871837616, 53.3594551086, 53.8470726013, 54.3346939087, 54.8223114014, 55.3099327087, 55.7975502014, 56.2851676941, 56.819229126, 57.3532867432, 57.8989562988, 58.3865737915, 58.8974151611, 59.3966445923, 59.884262085, 60.3718795776, 60.859500885, 61.3587303162, 61.8579597473, 62.3687973022, 62.8680267334, 63.3672561646, 63.8664855957, 64.3889312744, 64.899772644, 65.4106140137, 65.9446716309, 66.478729248, 67.0243988037, 67.5584564209, 68.0809020996, 68.5801315308, 69.0793609619, 69.5902023315, 70.0894317627, 70.5770492554, 71.0762786865, 71.5755081177, 72.0747375488, 72.5623550415, 73.0499725342, 73.5375976562, 74.0368270874, 74.5360565186, 75.0352783203, 75.5345077515, 76.0221328735, 76.5213623047, 77.0089797974, 77.5082092285, 77.9958267212, 78.4834442139, 78.9710617065, 79.4702911377, 79.9695205688, 80.46875, 80.9795913696, 81.5020370483, 82.0360946655, 82.5469360352, 83.0577774048, 83.5570068359, 84.0794525146, 84.5902938843, 85.1243515015, 85.6584091187, 86.1692504883, 86.5291595459, 86.8890686035, 87.2373657227, 87.5856704712, 87.9339675903, 88.270652771, 88.6073455811, 88.9440383911, 89.2807235718, 89.6174163818, 89.9541015625, 90.2791824341, 90.6158676147, 90.9525604248, 91.2892532349, 91.6259384155, 91.9626312256, 92.2993164062, 92.6360092163, 92.972694397, 93.309387207, 93.6460723877, 93.9711532593, 94.2962341309, 94.6329269409, 94.9696121216, 95.3063049316, 95.6429901123, 95.9912872314, 96.3511962891, 96.7111129761, 97.0826263428, 97.4425354004, 97.7908401489, 98.1391372681, 98.4758224487, 98.8009033203, 99.1375961304, 99.474281311, 99.7993621826, 100.136054993, 100.472740173, 100.821044922, 101.157730103, 101.506027222, 101.842720032, 102.167800903, 102.504486084, 102.864395142, 103.224304199, 103.572608948, 103.932518005, 104.304031372, 104.687164307, 105.070289612, 105.441810608, 105.813331604, 106.173240662, 106.533149719, 106.881446838, 107.218139648, 107.566436768, 107.914733887, 108.251426697, 108.576507568, 108.913192749, 109.249885559, 109.574966431, 109.900039673, 110.225120544, 110.561813354, 110.898498535, 111.223579407, 111.571876526, 111.920181274, 112.280090332, 112.63999939, 112.999908447, 113.359817505, 113.719726562, 114.091247559, 114.451156616, 114.811065674, 115.147750854, 115.496055603, 115.844352722, 116.181037903, 116.517730713, 116.842811584, 117.167892456, 117.492965698, 117.81804657, 118.15473938, 118.491424561, 118.816505432, 119.141586304, 119.466667175, 119.803352356, 120.140045166, 120.465126038, 120.801811218, 121.138504028, 121.475189209, 121.811882019, 122.1485672, 122.48526001, 122.82194519, 123.158638, 123.50693512, 123.84362793, 124.18031311, 124.528617859, 124.853691101, 125.190383911, 125.527069092, 125.87537384, 126.212059021, 126.548751831, 126.885437012, 127.222129822, 127.547210693, 127.872291565, 128.208984375, 128.545669556, 128.870742798, 129.195831299, 129.532516479, 129.86920166, 130.194290161, 130.519363403, 130.844436646, 131.169525146, 131.494598389, 131.831283569, 132.167984009, 132.504669189, 132.829742432, 133.166442871, 133.503128052, 133.839813232, 134.164901733, 134.501586914, 134.838272095, 135.186569214, 135.523269653, 135.859954834, 136.196640015, 136.533325195, 136.870025635, 137.206710815, 137.543395996, 137.880081177, 138.205169678, 138.541854858, 138.878540039, 139.226852417, 139.575149536, 139.935058594, 140.294967651, 140.654876709, 141.014785767, 141.363082886, 141.711380005, 142.059677124, 142.396362305, 142.733062744, 143.081359863, 143.418045044, 143.754730225, 144.091430664, 144.428115845, 144.764801025, 145.113098145, 145.635559082, 146.099945068, 146.575958252, 147.075195312, 147.562805176, 148.050430298, 148.538040161, 149.060501099, 149.5597229, 150.047348022, 150.546569824, 151.045806885, 151.556640625, 152.067474365, 152.578323364, 153.065933228, 153.565170288, 154.052780151, 154.540405273, 155.051239014, 155.573699951, 156.09614563, 156.618591309, 157.152648926, 157.686706543, 158.22076416, 158.720001221, 159.219223022, 159.730072021, 160.240905762, 160.740127563, 161.250976562, 161.761810303, 162.272644043, 162.79510498, 163.305938721, 163.816772461, 164.316009521, 164.803619385, 165.302856445, 165.813690186, 166.324539185, 166.812149048, 167.29977417, 167.787384033, 168.275009155, 168.762634277, 169.250244141, 169.737869263, 170.202270508, 170.678268433, 171.165893555, 171.665115356, 172.152740479, 172.675186157, 173.209243774, 173.743301392, 174.277359009, 174.799819946, 175.322265625, 175.833099365, 176.343948364, 176.843170166, 177.330795288, 177.818405151, 178.317642212, 178.816864014, 179.316101074, 179.815322876, 180.326171875, 180.860229492, 181.359451294, 181.847076416, 182.334686279, 182.83392334, 183.333145142, 183.832382202, 184.412872314, 184.993377686, 185.573867798, 186.107940674, 186.630386353, 187.152832031, 187.652053833, 188.151290894, 188.650512695, 189.172973633, 189.683807373, 190.194641113, 190.705490112, 191.216323853, 191.715545654, 192.238006592, 192.748840332, 193.259674072, 193.758911133, 194.269744873, 194.768981934, 195.279815674, 195.779037476, 196.289886475, 196.800720215, 197.299957275, 197.810791016, 198.321624756, 198.832473755, 199.343307495, 199.854141235, 200.364990234, 200.864212036, 201.375045776, 201.874282837, 202.361907959, 202.872741699, 203.383575439, 203.8828125, 204.382034302, 204.881271362, 205.380493164, 205.891326904, 206.402175903, 206.913009644, 207.423858643, 207.934692383, 208.445526123, 208.967971802, 209.502029419, 210.036102295, 210.570159912, 211.092605591, 211.591827393, 212.091064453, 212.590286255, 213.089523315, 213.600357056, 214.099594116, 214.598815918, 215.109649658, 215.59727478, 216.084899902, 216.572509766, 217.071746826, 217.570968628, 218.070205688, 218.56942749, 219.068664551, 219.567886353, 220.067123413, 220.566345215, 221.053970337, 221.5415802, 222.029205322, 222.516815186, 223.016052246, 223.515274048, 224.014511108, 224.51373291, 225.024581909, 225.535415649, 226.04624939, 226.54548645, 227.044708252, 227.555557251, 228.054779053, 228.554016113, 229.064849854, 229.575683594, 230.086532593, 230.585754395, 231.084991455, 231.584213257, 232.071838379, 232.559448242, 233.058685303, 233.546295166, 234.033920288, 234.53314209, 235.043991089, 235.543212891, 236.05406189, 236.56489563, 237.07572937, 237.586578369, 238.109024048, 238.619857788, 239.130691528, 239.641540527, 240.140762329, 240.628387451, 241.057952881, 241.499130249, 241.928695679, 242.358276367, 242.776229858, 243.19418335, 243.600540161, 244.018493652, 244.436462402, 244.854415894, 245.295593262, 245.725158691, 246.166351318, 246.607528687, 247.071929932, 247.5131073, 247.965896606, 248.407073975, 248.836639404, 249.266204834, 249.684173584, 250.102127075, 250.520080566, 250.938049316, 251.356002808, 251.762359619, 252.18031311, 252.598266602, 252.993011475, 253.399353027, 253.7940979, 254.188842773, 254.583572388, 254.978317261, 255.384674072, 255.791015625, 256.208984375, 256.626922607, 257.033294678, 257.3699646, 257.706665039, 258.054962158, 258.403259277, 258.763183594, 259.123077393, 259.483001709, 259.831298828, 260.179595947, 260.527893066, 260.864562988, 261.201263428, 261.537963867, 261.874633789, 262.222930908, 262.571228027, 262.931152344, 263.267852783, 263.616149902, 263.952819824, 264.289520264, 264.614593506, 264.951293945, 265.287963867, 265.624664307, 265.961364746, 266.298034668, 266.623138428, 266.95980835, 267.296508789, 267.633178711, 267.981506348, 268.31817627, 268.654876709, 268.991546631, 269.33984375, 269.676544189, 270.001617432, 270.326721191, 270.663391113, 271.000091553, 271.325164795, 271.650238037, 271.986938477, 272.323608398, 272.648712158, 272.98538208, 273.32208252, 273.658782959, 273.995452881, 274.33215332, 274.668823242, 275.017150879, 275.342224121, 275.678894043, 276.003997803, 276.340667725, 276.677368164, 277.014068604, 277.339141846, 277.675811768, 278.012512207, 278.349212646, 278.685882568, 279.034179688, 279.370880127, 279.707580566, 280.044250488, 280.380950928, 280.717651367, 281.054321289, 281.391021729, 281.72769165, 282.05279541, 282.389465332, 282.726165771, 283.062866211, 283.387939453, 283.713012695, 284.049713135, 284.398010254, 284.723083496, 285.071380615, 285.396453857, 285.7215271, 286.046630859, 286.371704102, 286.696777344, 287.021850586, 287.346923828, 287.683624268, 288.020324707, 288.345397949, 288.670471191, 288.995544434, 289.320617676, 289.645721436, 289.970794678, 290.3074646, 290.644165039, 290.980865479, 291.305938721, 291.64263916, 291.967712402, 292.292785645, 292.617858887, 292.942932129, 293.268035889, 293.593109131, 293.929779053, 294.266479492, 294.603179932, 294.939849854, 295.276550293, 295.613250732, 295.938323975, 296.274993896, 296.611694336, 296.936767578, 297.26184082, 297.59854126, 297.935241699, 298.271911621, 298.608612061, 298.9453125, 299.281982422, 299.618682861, 299.955383301, 300.280456543, 300.605529785, 300.930603027, 301.267303467, 301.603973389, 301.940673828, 302.277374268, 302.60244751, 302.939147949, 303.275817871, 303.600891113, 303.925994873, 304.251068115, 304.576141357, 304.912841797, 305.249511719, 305.586212158, 305.92288208, 306.24798584, 306.584655762, 306.921356201, 307.246429443, 307.571502686, 307.908203125, 308.244903564, 308.569976807, 308.906646729, 309.254974365, 309.591644287, 309.916717529, 310.241821289, 310.578491211, 310.91519165, 311.26348877, 311.623382568, 311.983306885, 312.354827881, 312.726348877, 313.109466553, 313.562255859, 314.003448486, 314.444610596, 314.885803223, 315.385040283, 315.884246826, 316.395111084, 316.917541504, 317.440002441, 317.962432861, 318.357177734, 318.751922607, 319.14666748, 319.541412354, 319.936126709, 320.342498779, 320.737213135, 321.131958008, 321.538330078, 321.933044434, 322.339416504, 322.745758057], "danceability": 0.927361786366, "bpm_histogram_second_peak_spread": {"dvar": 0, "var": 0, "median": 0.600000023842, "max": 0.600000023842, "dmean": 0, "dmean2": 0, "mean": 0.600000023842, "dvar2": 0, "min": 0.600000023842}}, "lowlevel": {"spectral_flux": {"dvar": 0.000359427474905, "var": 0.00160091242287, "median": 0.0379954203963, "max": 0.290527194738, "dmean": 0.0148595450446, "dmean2": 0.0225557666272, "mean": 0.0470268242061, "dvar2": 0.000780248024967, "min": 1.03383704375e-10}, "spectral_rolloff": {"dvar": 2398464.25, "var": 4770350.5, "median": 1012.06054688, "max": 20542.6757812, "dmean": 771.934814453, "dmean2": 1264.95288086, "mean": 1789.03869629, "dvar2": 4972517, "min": 21.533203125}, "barkbands_flatness_db": {"dvar": 0.000651091104373, "var": 0.00430852780119, "median": 0.12298180908, "max": 0.432379573584, "dmean": 0.0240016635507, "dmean2": 0.0351204462349, "mean": 0.13603015244, "dvar2": 0.00142293400131, "min": 0.0180323012173}, "spectral_centroid": {"dvar": 221142.40625, "var": 808933.75, "median": 1143.09240723, "max": 11468.6425781, "dmean": 297.919128418, "dmean2": 434.181304932, "mean": 1329.65759277, "dvar2": 393929.65625, "min": 187.900726318}, "melbands_skewness": {"dvar": 1.18799936771, "var": 4.65772199631, "median": 2.4671895504, "max": 21.9699878693, "dmean": 0.7937707901, "dmean2": 1.17496371269, "mean": 2.87942934036, "dvar2": 2.64575386047, "min": -3.50092339516}, "melbands": {"dvar": [3.74378430479e-08, 2.80753624793e-07, 1.07045048026e-06, 2.73029570508e-07, 5.47340874846e-08, 3.21333395448e-08, 6.15806570181e-08, 3.80088600593e-08, 4.03581914554e-08, 5.24501082566e-08, 3.74839537187e-08, 9.94207649541e-09, 1.63579780832e-08, 3.53720586155e-09, 6.8364958139e-09, 3.88670295948e-09, 3.70913633141e-09, 3.96582056084e-09, 1.11165432415e-09, 1.22410215297e-09, 1.66971347859e-09, 6.21700135817e-10, 4.08682809816e-10, 2.0072099538e-10, 6.79702266693e-11, 1.81581333303e-10, 1.37706651637e-10, 1.17677922962e-10, 5.63105291562e-11, 9.91217594115e-11, 1.5733453429e-10, 1.17699266999e-10, 2.49019888043e-10, 1.99367605758e-10, 7.00129329512e-11, 4.50816363406e-11, 4.25751031652e-11, 3.10020308036e-11, 2.13873398158e-11, 1.5794561839e-11], "var": [2.1732029154e-07, 9.13632447919e-07, 1.55413113134e-06, 8.60324462337e-07, 2.09616686675e-07, 6.36798915821e-08, 1.81197535198e-07, 2.46007488158e-07, 7.93935939214e-08, 1.52191816483e-07, 2.17461035845e-07, 1.96243661321e-07, 1.04292979586e-07, 9.73685132521e-09, 1.72897109962e-08, 9.65365920536e-09, 8.72173533395e-09, 9.17266973488e-09, 2.97015145811e-09, 3.24429150211e-09, 3.98636545995e-09, 2.56590393377e-09, 1.30944821652e-09, 5.76510117423e-10, 2.2107854436e-10, 6.079328152e-10, 2.9813893021e-10, 3.17592285803e-10, 9.44227335209e-11, 1.42129863434e-10, 2.40547387564e-10, 1.94981517043e-10, 3.24150539743e-10, 3.08437164698e-10, 1.19591919701e-10, 7.78535222401e-11, 7.91520668453e-11, 4.97273611177e-11, 3.08147743433e-11, 2.17981067224e-11], "median": [2.08817109524e-05, 0.000122304016259, 0.000233659608057, 0.000217494525714, 8.38264677441e-05, 4.52323729405e-05, 3.26610570482e-05, 4.23087039962e-05, 2.4439097615e-05, 2.6796677048e-05, 6.34980187897e-06, 5.31673913429e-06, 4.03639205615e-06, 3.821842256e-06, 5.27026486452e-06, 4.3417062443e-06, 4.48500986749e-06, 3.38426207236e-06, 2.34793628806e-06, 2.15299019146e-06, 1.41005386922e-06, 1.23566314869e-06, 1.5181501567e-06, 9.55550376602e-07, 6.61300418869e-07, 8.3403847384e-07, 1.43181330259e-06, 1.13364296794e-06, 7.52881476274e-07, 5.15123645073e-07, 3.94855987906e-07, 3.77471934598e-07, 6.64280491947e-07, 6.94896414188e-07, 3.19477322819e-07, 2.7710174777e-07, 2.32081447393e-07, 1.22595011476e-07, 1.01734947577e-07, 1.21135386166e-07], "max": [0.00601342972368, 0.0126052228734, 0.0290564671159, 0.0115279704332, 0.00526601914316, 0.00802242103964, 0.00979531183839, 0.00572318118066, 0.00904399529099, 0.00854841526598, 0.00800696387887, 0.00515020405874, 0.00518202781677, 0.00191431201529, 0.0034596696496, 0.00314296642318, 0.00233425362967, 0.00206692586653, 0.00155668659136, 0.00111035094596, 0.00170920323581, 0.000834005593788, 0.000748010003008, 0.000687877240125, 0.000312204443617, 0.000580189342145, 0.000352481467417, 0.000409329833928, 0.000255513528828, 0.000439199648099, 0.00053013372235, 0.000452762440545, 0.000568775285501, 0.000811198726296, 0.00033126436756, 0.000240850145929, 0.00030573058757, 0.000210533253266, 0.000202382172574, 0.000164124212461], "dmean": [7.52264168113e-05, 0.000236940031755, 0.000401487923227, 0.000246219802648, 0.000106944600702, 6.08100854151e-05, 7.22016775399e-05, 7.82053393777e-05, 5.43383284821e-05, 7.25931968191e-05, 4.97111177538e-05, 3.32325071213e-05, 3.30276052409e-05, 1.71003430296e-05, 3.09909009957e-05, 1.54242079589e-05, 1.63424228958e-05, 1.71944429894e-05, 9.33319461183e-06, 9.12360974326e-06, 1.01503592305e-05, 7.21992955732e-06, 7.06187984179e-06, 4.53115490018e-06, 2.78517859442e-06, 3.5542589103e-06, 4.03276817451e-06, 3.58897023034e-06, 2.4189839678e-06, 2.49376989814e-06, 3.19438595398e-06, 3.09098277285e-06, 4.21217464464e-06, 3.80687242796e-06, 2.42225473812e-06, 1.87928424111e-06, 1.70213297679e-06, 1.23569077459e-06, 1.05479819013e-06, 1.03692366338e-06], "dmean2": [0.000101134915894, 0.000366857304471, 0.000618647318333, 0.000379257544409, 0.000161133895745, 9.03262553038e-05, 0.000104816142994, 0.000107969863166, 7.94599327492e-05, 0.000102504243841, 6.60984733258e-05, 4.51934720331e-05, 4.71703206131e-05, 2.52692934737e-05, 4.86944700242e-05, 2.27456257562e-05, 2.43033737206e-05, 2.57070769294e-05, 1.36094449772e-05, 1.30296593852e-05, 1.55509533215e-05, 1.09017664727e-05, 1.04810369521e-05, 6.87229521645e-06, 4.22053335569e-06, 5.20785170011e-06, 6.17437081019e-06, 5.30722036274e-06, 3.68751148017e-06, 3.80377082365e-06, 4.85995906274e-06, 4.71385283163e-06, 6.75621049595e-06, 5.90972740611e-06, 3.74447790819e-06, 2.8984616165e-06, 2.60099704974e-06, 1.87566865861e-06, 1.61168497925e-06, 1.61896218742e-06], "mean": [0.000173133230419, 0.000502494804095, 0.000654648931231, 0.000575012527406, 0.00026180758141, 0.000128580839373, 0.000178012109245, 0.000228739052545, 0.000116357965453, 0.000178534231964, 0.000159302682732, 0.000131978988065, 0.000104445149191, 3.37753263011e-05, 5.89821611356e-05, 3.27802154061e-05, 3.0431747291e-05, 3.10514224111e-05, 1.76225694304e-05, 1.76987177838e-05, 2.00975500775e-05, 1.53970268002e-05, 1.44084469866e-05, 8.92789830687e-06, 6.28663156022e-06, 8.12015696283e-06, 7.6815022112e-06, 6.79795130054e-06, 3.93035224988e-06, 3.52420374838e-06, 4.26329643233e-06, 4.22686343882e-06, 5.70563861402e-06, 5.19313698533e-06, 3.083168167e-06, 2.28599583352e-06, 2.0613038032e-06, 1.46163051795e-06, 1.16350236112e-06, 1.13970008897e-06], "dvar2": [6.61599344198e-08, 6.92574928962e-07, 2.63386141341e-06, 6.69591145197e-07, 1.20329815445e-07, 7.35417771125e-08, 1.27679740558e-07, 7.87848293271e-08, 8.95152325597e-08, 1.15989095661e-07, 7.04032387944e-08, 1.81573440727e-08, 3.76037334604e-08, 7.6149211381e-09, 1.62759974387e-08, 8.83010287112e-09, 8.37478264515e-09, 9.02868180219e-09, 2.23403096022e-09, 2.30080310359e-09, 4.01419919527e-09, 1.41240996676e-09, 8.46338776839e-10, 4.13758055595e-10, 1.32173133549e-10, 3.4270911109e-10, 3.22089133142e-10, 2.53108978221e-10, 1.324899912e-10, 2.30182525818e-10, 3.49925949328e-10, 2.73163935915e-10, 6.40022701504e-10, 4.92872576086e-10, 1.58990390298e-10, 9.61420526524e-11, 8.56059390042e-11, 6.77927575188e-11, 4.64851837578e-11, 3.51670324805e-11], "min": [5.14390006113e-24, 2.62267615335e-24, 6.671869992e-24, 8.60229624633e-24, 3.3609095434e-24, 8.31118527306e-24, 1.17196323635e-23, 1.07958975427e-23, 1.04232522728e-23, 7.01125294178e-24, 1.45504384226e-23, 7.25044424571e-24, 7.52107796761e-24, 1.38681021386e-23, 1.01852639818e-23, 1.39960175121e-23, 6.14727117914e-24, 9.40589701756e-24, 1.20382572274e-23, 1.38480177399e-23, 7.75373908097e-24, 1.11765055745e-23, 9.43245717538e-24, 9.58050743463e-24, 8.11950548372e-24, 1.05229051267e-23, 4.78341271555e-24, 5.44537863884e-24, 1.09714924582e-23, 1.43070038359e-23, 6.66067132259e-24, 1.10155598061e-23, 8.00972286699e-24, 8.80544291778e-24, 9.15027374098e-24, 8.16235483037e-24, 1.27590410142e-23, 1.46450891095e-23, 1.09805683029e-23, 9.93319531244e-24]}, "spectral_decrease": {"dvar": 2.4629507466e-18, "var": 1.7309483891e-17, "median": -1.98245375671e-09, "max": 8.81351223202e-29, "dmean": 8.62541149615e-10, "dmean2": 1.22217236331e-09, "mean": -3.5082374783e-09, "dvar2": 5.30511665475e-18, "min": -3.78012785518e-08}, "barkbands_kurtosis": {"dvar": 162.398544312, "var": 284.190185547, "median": 2.84016227722, "max": 296.545532227, "dmean": 5.092274189, "dmean2": 8.16773605347, "mean": 8.34371757507, "dvar2": 456.103424072, "min": -1.92627370358}, "silence_rate_30dB": {"dvar": 0.00114695087541, "var": 0.00071711622877, "median": 1, "max": 1, "dmean": 0.00114827044308, "dmean2": 0.00229670573026, "mean": 0.999282360077, "dvar2": 0.00315271108411, "min": 0}, "gfcc": {"mean": [-89.8214111328, 69.2864303589, -96.8136672974, 25.1357021332, -63.9472007751, 4.97273683548, -39.8176879883, -0.752989649773, -26.0642108917, 0.16928486526, -21.9335021973, -6.68081760406, -17.0553512573], "cov": [[27374.5332031, -496.798797607, -3830.68603516, 38.2602348328, -1332.71020508, 1031.3026123, -406.873596191, 437.368530273, -429.349243164, -615.247375488, -925.372924805, -162.657165527, -802.179321289], [-496.798797607, 1888.41687012, -299.330993652, -233.363204956, 161.256774902, -145.438049316, 117.808792114, -94.3262557983, 13.1224756241, -60.2436218262, 68.1681137085, -101.951698303, 58.0927467346], [-3830.68603516, -299.330993652, 1513.00231934, 131.221359253, 174.536392212, -91.4049453735, -67.6010360718, -81.4478988647, -33.8591804504, 114.564758301, 116.219352722, 50.5699539185, 141.153244019], [38.2602348328, -233.363204956, 131.221359253, 651.667724609, 89.4384155273, 23.4998474121, -3.51153278351, 12.9290475845, 57.9074554443, 35.0387382507, -5.00852632523, 41.7075614929, -4.50338602066], [-1332.71020508, 161.256774902, 174.536392212, 89.4384155273, 360.164489746, -23.3282318115, 59.532371521, -0.492058426142, 72.4014663696, 36.8493003845, 45.3851852417, 9.13581466675, 46.2099227905], [1031.3026123, -145.438049316, -91.4049453735, 23.4998474121, -23.3282318115, 276.334411621, 94.1394195557, 65.5076599121, -8.3305311203, 6.56636285782, -27.1154956818, -20.5536022186, -43.3943862915], [-406.873596191, 117.808792114, -67.6010360718, -3.51153278351, 59.532371521, 94.1394195557, 310.063995361, 61.7872924805, 57.0892181396, 36.7366981506, 43.0478668213, 3.80402112007, -21.3484420776], [437.368530273, -94.3262557983, -81.4478988647, 12.9290475845, -0.492058426142, 65.5076599121, 61.7872924805, 180.835708618, 43.2504386902, 17.0895633698, -0.332449138165, -13.335975647, -17.5570259094], [-429.349243164, 13.1224756241, -33.8591804504, 57.9074554443, 72.4014663696, -8.3305311203, 57.0892181396, 43.2504386902, 175.055130005, 52.9973106384, 18.1303100586, 19.1164684296, -18.6520576477], [-615.247375488, -60.2436218262, 114.564758301, 35.0387382507, 36.8493003845, 6.56636285782, 36.7366981506, 17.0895633698, 52.9973106384, 136.406005859, 55.1956863403, -11.4891643524, 5.04203891754], [-925.372924805, 68.1681137085, 116.219352722, -5.00852632523, 45.3851852417, -27.1154956818, 43.0478668213, -0.332449138165, 18.1303100586, 55.1956863403, 137.006210327, 38.3226470947, 29.1930103302], [-162.657165527, -101.951698303, 50.5699539185, 41.7075614929, 9.13581466675, -20.5536022186, 3.80402112007, -13.335975647, 19.1164684296, -11.4891643524, 38.3226470947, 142.713256836, 17.8518276215], [-802.179321289, 58.0927467346, 141.153244019, -4.50338602066, 46.2099227905, -43.3943862915, -21.3484420776, -17.5570259094, -18.6520576477, 5.04203891754, 29.1930103302, 17.8518276215, 125.390045166]], "icov": [[0.000121730088722, -5.52274686925e-05, 0.00021098338766, -7.87162643974e-05, 0.000178172529559, -0.000334107578965, 0.000261222099653, -0.000236494102865, 0.000280988664599, -1.68284532265e-05, 0.000416800379753, -0.000238692824496, 0.000373509130441], [-5.52274686925e-05, 0.000826139003038, 0.000120607983263, 0.000215080435737, -0.000419167598011, 0.000534986611456, -0.000514063576702, 0.000613833952229, -0.000314069242449, 0.000685442297254, -0.00086854561232, 0.000994578818791, -0.000539728091098], [0.00021098338766, 0.000120607983263, 0.00130944361445, -0.000218782952288, -0.000103352147562, -0.000421949865995, 0.000546158466022, -6.39996069367e-05, 0.000887129688635, -0.000616120523773, 0.000277003186056, -0.000382781145163, -6.5202199039e-05], [-7.87162643974e-05, 0.000215080435737, -0.000218782952288, 0.00181426701602, -0.00057666603243, 6.49537105346e-05, -4.4890854042e-05, 0.000191308528883, -0.0005573965027, -0.000248135445872, 0.000105316510599, -0.000285186077235, -9.44973071455e-05], [0.000178172529559, -0.000419167598011, -0.000103352147562, -0.00057666603243, 0.00403183186427, -0.000542404479347, -9.14383635973e-05, -0.00022721356072, -0.0010909223929, 0.000165710123838, 0.000277509941952, -9.73689820967e-05, -0.000510944460984], [-0.000334107578965, 0.000534986611456, -0.000421949865995, 6.49537105346e-05, -0.000542404479347, 0.00592159153894, -0.00236163497902, -0.000454010034446, 0.000430750951637, -0.00035445773392, -0.000244993629167, 0.00103664025664, -0.000136638889671], [0.000261222099653, -0.000514063576702, 0.000546158466022, -4.4890854042e-05, -9.14383635973e-05, -0.00236163497902, 0.00513493968174, -0.00139893835876, -0.00016377583961, -0.000514679995831, -0.000295822945191, -0.000965766259469, 0.001390369609], [-0.000236494102865, 0.000613833952229, -6.39996069367e-05, 0.000191308528883, -0.00022721356072, -0.000454010034446, -0.00139893835876, 0.00754349911585, -0.00233084731735, 0.000418034585891, -0.001476508216, 0.00172444037162, -0.00123904517386], [0.000280988664599, -0.000314069242449, 0.000887129688635, -0.0005573965027, -0.0010909223929, 0.000430750951637, -0.00016377583961, -0.00233084731735, 0.00932100694627, -0.00369354407303, 0.00221883342601, -0.00259268889204, 0.00250889384188], [-1.68284532265e-05, 0.000685442297254, -0.000616120523773, -0.000248135445872, 0.000165710123838, -0.00035445773392, -0.000514679995831, 0.000418034585891, -0.00369354407303, 0.0120727000758, -0.00524125434458, 0.00366275548004, -0.000289480085485], [0.000416800379753, -0.00086854561232, 0.000277003186056, 0.000105316510599, 0.000277509941952, -0.000244993629167, -0.000295822945191, -0.001476508216, 0.00221883342601, -0.00524125434458, 0.0133347138762, -0.00481220753863, 0.00043802842265], [-0.000238692824496, 0.000994578818791, -0.000382781145163, -0.000285186077235, -9.73689820967e-05, 0.00103664025664, -0.000965766259469, 0.00172444037162, -0.00259268889204, 0.00366275548004, -0.00481220753863, 0.0101862531155, -0.00195829500444], [0.000373509130441, -0.000539728091098, -6.5202199039e-05, -9.44973071455e-05, -0.000510944460984, -0.000136638889671, 0.001390369609, -0.00123904517386, 0.00250889384188, -0.000289480085485, 0.00043802842265, -0.00195829500444, 0.0114505942911]]}, "silence_rate_20dB": {"dvar": 0, "var": 0, "median": 1, "max": 1, "dmean": 0, "dmean2": 0, "mean": 1, "dvar2": 0, "min": 1}, "barkbands_skewness": {"dvar": 0.914440333843, "var": 2.972625494, "median": 1.5225019455, "max": 16.2229709625, "dmean": 0.670990407467, "dmean2": 1.00320005417, "mean": 1.81765496731, "dvar2": 2.10880422592, "min": -7.49219846725}, "erbbands_skewness": {"dvar": 0.286091387272, "var": 2.31356739998, "median": 0.535216391087, "max": 12.5804853439, "dmean": 0.403868794441, "dmean2": 0.588222622871, "mean": 0.670475244522, "dvar2": 0.598171293736, "min": -6.50356245041}, "spectral_contrast_valleys": {"dvar": [0.146896824241, 0.156400799751, 0.167684540153, 0.164972111583, 0.178485140204, 0.367219030857], "var": [2.1640086174, 2.82064557076, 3.04509592056, 2.87273192406, 2.8604118824, 3.12972354889], "median": [-8.24852275848, -7.57581520081, -8.49993133545, -8.64186286926, -8.46932220459, -10.6297807693], "max": [-5.59683179855, -4.90184593201, -5.19715261459, -5.58741664886, -5.27045059204, -6.81851768494], "dmean": [0.440725028515, 0.389052510262, 0.412599414587, 0.395944416523, 0.400413423777, 0.580611228943], "dmean2": [0.699619114399, 0.598902285099, 0.610988914967, 0.575856268406, 0.546753406525, 0.742510914803], "mean": [-8.52007198334, -7.97847270966, -8.86761760712, -9.05511188507, -8.90676212311, -11.0178728104], "dvar2": [0.342620313168, 0.33059284091, 0.346343427896, 0.324825048447, 0.330923527479, 0.59321475029], "min": [-27.7739620209, -27.2672691345, -27.2095127106, -27.4122753143, -27.2718906403, -27.2701282501]}, "spectral_strongpeak": {"dvar": 0.884855985641, "var": 1.64269196987, "median": 0.327494084835, "max": 23.9618015289, "dmean": 0.366827607155, "dmean2": 0.61921274662, "mean": 0.802210509777, "dvar2": 2.38594412804, "min": 0}, "erbbands_crest": {"dvar": 4.42755842209, "var": 19.6312065125, "median": 8.24672698975, "max": 31.4750518799, "dmean": 2.04000473022, "dmean2": 3.14416146278, "mean": 9.28596687317, "dvar2": 10.2959671021, "min": 2.24031496048}, "barkbands_crest": {"dvar": 5.35127353668, "var": 19.7273731232, "median": 9.06045055389, "max": 26.6481571198, "dmean": 2.25793671608, "dmean2": 3.54845476151, "mean": 10.0696725845, "dvar2": 13.6078052521, "min": 2.28227186203}, "spectral_energyband_middle_low": {"dvar": 2.05391279451e-05, "var": 8.34340389702e-05, "median": 0.00475223502144, "max": 0.113439209759, "dmean": 0.00243243062869, "dmean2": 0.00354145048186, "mean": 0.00778625067323, "dvar2": 4.6767443564e-05, "min": 2.83203639816e-22}, "spectral_contrast_coeffs": {"dvar": [0.00161318539176, 0.00135100306943, 0.0011303111678, 0.000914248696063, 0.000706481456291, 0.000582337379456], "var": [0.0130613986403, 0.0065730153583, 0.00978828314692, 0.00630836188793, 0.00462233554572, 0.00382771482691], "median": [-0.613344073296, -0.708806216717, -0.741219162941, -0.764358580112, -0.770004272461, -0.768447458744], "max": [-0.207633629441, -0.396280378103, -0.396112710238, -0.497107416391, -0.546448588371, -0.563913702965], "dmean": [0.0460885353386, 0.0405987910926, 0.0376897826791, 0.0339003540576, 0.0293831266463, 0.0261443369091], "dmean2": [0.0736801177263, 0.0630278289318, 0.0566107481718, 0.051743388176, 0.0439878255129, 0.0377026684582], "mean": [-0.609473347664, -0.706128358841, -0.733639776707, -0.76059627533, -0.767964959145, -0.765941739082], "dvar2": [0.00392500497401, 0.00305464910343, 0.00240178382955, 0.00196511484683, 0.00144976924639, 0.00111530302092], "min": [-0.981654524803, -0.981079816818, -0.967924296856, -0.963169813156, -0.972842693329, -0.960198044777]}, "hfc": {"dvar": 265.707275391, "var": 732.124206543, "median": 5.98706674576, "max": 403.002288818, "dmean": 6.69843149185, "dmean2": 9.43039798737, "mean": 16.8681221008, "dvar2": 544.175598145, "min": 1.21504599883e-16}, "spectral_energyband_high": {"dvar": 3.82877487937e-06, "var": 7.65765526012e-06, "median": 0.000220968402573, "max": 0.0526989661157, "dmean": 0.000682417477947, "dmean2": 0.000992966350168, "mean": 0.0010374073172, "dvar2": 7.8967123045e-06, "min": 7.98401593482e-21}, "erbbands_spread": {"dvar": 164.899703979, "var": 518.406555176, "median": 40.8384628296, "max": 166.786026001, "dmean": 10.2943105698, "dmean2": 15.4319343567, "mean": 43.3682899475, "dvar2": 378.754211426, "min": 0.971929550171}, "dissonance": {"dvar": 0.000450657040346, "var": 0.00156040873844, "median": 0.459904879332, "max": 0.500000178814, "dmean": 0.0194400884211, "dmean2": 0.0313884802163, "mean": 0.450251489878, "dvar2": 0.0011082990095, "min": 0.0140435583889}, "spectral_kurtosis": {"dvar": 5.32393217087, "var": 23.3754615784, "median": 3.33699846268, "max": 90.9152984619, "dmean": 1.53326022625, "dmean2": 2.41326999664, "mean": 4.4626159668, "dvar2": 12.8206291199, "min": -1.18458211422}, "spectral_skewness": {"dvar": 0.0752986595035, "var": 0.45598462224, "median": 1.48338913918, "max": 7.72292804718, "dmean": 0.240515485406, "dmean2": 0.364085614681, "mean": 1.59774374962, "dvar2": 0.161207154393, "min": -0.262490212917}, "pitch_salience": {"dvar": 0.00421770242974, "var": 0.0157114714384, "median": 0.556399166584, "max": 0.93955975771, "dmean": 0.0642820969224, "dmean2": 0.100298881531, "mean": 0.553469181061, "dvar2":