{"metadata": {"audio_properties": {"downmix": "mix", "bit_rate": 256000, "lossless": false, "md5_encoded": "156d00be9b4333cdee75e6bbf03352fe", "analysis_sample_rate": 44100, "sample_rate": 44100, "replay_gain": -7.74645233154, "equal_loudness": 0, "codec": "mp3", "length": 272.796722412}, "tags": {"album": ["The Sacred WellBest of 2002"], "artist": ["2002"], "musicbrainz_recordingid": ["d6b85207-859b-47ea-b074-e094614200f3"], "albumartist": ["2002"], "encodedby": ["Soundjam V2.5.3"], "title": ["Lovers' Bridge"], "genre": ["Newage"], "tracknumber": ["3"], "date": ["2002"], "file_name": "328179.mp3"}, "version": {"essentia_build_sha": "70f2e5ece6736b2c40cc944ad0e695b16b925413", "essentia_git_sha": "v2.1_beta2", "extractor": "music 1.0", "essentia": "2.1-beta2"}}, "tonal": {"chords_scale": "major", "hpcp": {"dmean": [0.127683967352, 0.118264198303, 0.0309155788273, 0.011452791281, 0.0131747564301, 0.0417961366475, 0.0605887956917, 0.0508509688079, 0.0303388740867, 0.022510368377, 0.0179501567036, 0.0250315442681, 0.0427304878831, 0.0510601773858, 0.112962879241, 0.141973853111, 0.116400890052, 0.0356377847493, 0.0119289541617, 0.0174901895225, 0.05931327492, 0.0868862122297, 0.0661882758141, 0.0322825834155, 0.0200957618654, 0.0167062059045, 0.0550966970623, 0.0805001929402, 0.0682346895337, 0.0740094184875, 0.0721054971218, 0.0629293471575, 0.0249776672572, 0.0177164766937, 0.03628545627, 0.114264190197], "dvar2": [0.0763118043542, 0.0553358346224, 0.0185068529099, 0.0104013765231, 0.00809575803578, 0.0236652493477, 0.0415597371757, 0.0324027612805, 0.021945822984, 0.0150447096676, 0.0118790790439, 0.0138130979612, 0.0300067961216, 0.0393411703408, 0.0602982193232, 0.0870856046677, 0.0663839131594, 0.0280896872282, 0.0118024945259, 0.010975769721, 0.0280405879021, 0.0502846650779, 0.0295461956412, 0.0218892004341, 0.012422461994, 0.0111088007689, 0.0284466296434, 0.0585906915367, 0.0434021987021, 0.0463897772133, 0.0565823540092, 0.0419936999679, 0.0187197774649, 0.0170254223049, 0.0210529509932, 0.0487079620361], "mean": [0.556830048561, 0.289723813534, 0.0248728189617, 0.00756301730871, 0.00943308044225, 0.0746986865997, 0.141832992435, 0.0885038003325, 0.0463415496051, 0.0506824404001, 0.0253512524068, 0.0303716175258, 0.0584342591465, 0.058053933084, 0.213805779815, 0.392427146435, 0.228733867407, 0.0307421647012, 0.00781620852649, 0.0143106682226, 0.116440705955, 0.216217935085, 0.129927992821, 0.0432187430561, 0.0310552511364, 0.0161114744842, 0.0929551720619, 0.160712882876, 0.0989783629775, 0.147113338113, 0.234762892127, 0.123236328363, 0.0204809289426, 0.0127848153934, 0.0301655661315, 0.311744719744], "var": [0.166946202517, 0.0555479489267, 0.00496348226443, 0.00191362912301, 0.00171498546842, 0.0221557933837, 0.072080232203, 0.0277387928218, 0.0176868736744, 0.0292107798159, 0.00815416779369, 0.00631208578125, 0.0208023637533, 0.0181460548192, 0.0507464893162, 0.141377151012, 0.0607695765793, 0.00863413605839, 0.00236461730674, 0.00309412297793, 0.0338434539735, 0.0956528410316, 0.0347872003913, 0.016120089218, 0.0134570626542, 0.00404438655823, 0.0304917898029, 0.0796073302627, 0.0288840699941, 0.0545055381954, 0.1403786093, 0.0450283810496, 0.00506677990779, 0.0034337725956, 0.00573124317452, 0.0639496445656], "dmean2": [0.207302927971, 0.193824678659, 0.0555937215686, 0.0218303240836, 0.0246176999062, 0.0699198618531, 0.09600263834, 0.0840460881591, 0.0526777282357, 0.0370800457895, 0.0302774589509, 0.0426034368575, 0.0718272030354, 0.0886562690139, 0.186614170671, 0.227794528008, 0.188734993339, 0.0629509612918, 0.0225428193808, 0.0306810997427, 0.094083622098, 0.135357111692, 0.105799302459, 0.0558621324599, 0.0352024324238, 0.0298132523894, 0.0868351012468, 0.12956173718, 0.115738168359, 0.121569395065, 0.118542745709, 0.104227907956, 0.0448284819722, 0.0327559672296, 0.0653186291456, 0.184808909893], "dvar": [0.0368410125375, 0.021333726123, 0.00641899788752, 0.00351891666651, 0.00272467569448, 0.00872277002782, 0.018485981971, 0.0122806867585, 0.00787153001875, 0.00621288223192, 0.00443616369739, 0.00524507602677, 0.011837201193, 0.0141995437443, 0.0243318993598, 0.0398049578071, 0.02706893906, 0.00995093025267, 0.00408714683726, 0.00400480441749, 0.0120593635365, 0.0244421027601, 0.0126511668786, 0.0082951085642, 0.00480990298092, 0.0039948541671, 0.012805772014, 0.0275855194777, 0.0167007669806, 0.0184391587973, 0.0276203528047, 0.0170208159834, 0.00670263683423, 0.00590310711414, 0.00756216933951, 0.0193789992481], "min": [0, 0, 0, 0, 0, 0, 0, 0, 0, 0, 0, 0, 0, 0, 0, 0, 0, 0, 0, 0, 0, 0, 0, 0, 0, 0, 0, 0, 0, 0, 0, 0, 0, 0, 0, 0], "median": [0.582051873207, 0.277637124062, 0.0035652872175, 0.000659853569232, 0.000925833650399, 0.00891452934593, 0.0169793050736, 0.0143346842378, 0.00506422482431, 0.00274474080652, 0.0011637294665, 0.00674026133493, 0.00988306850195, 0.0132250841707, 0.133087784052, 0.255932271481, 0.133704185486, 0.00420621456578, 0.000723197706975, 0.00135355885141, 0.0315038077533, 0.0617255046964, 0.0456152781844, 0.00430943071842, 0.00116127333604, 0.0013490045676, 0.0116989091039, 0.0217827521265, 0.0245745405555, 0.0118670184165, 0.00792359933257, 0.00525588262826, 0.0027669807896, 0.0016651537735, 0.00615142006427, 0.29470795393], "max": [1, 1, 1, 1, 1, 1, 1, 1, 1, 1, 1, 1, 1, 1, 1, 1, 1, 1, 1, 1, 1, 1, 1, 1, 1, 1, 1, 1, 1, 1, 1, 1, 1, 1, 1, 1]}, "tuning_equal_tempered_deviation": 0.00182205694728, "chords_key": "D", "chords_strength": {"dmean": 0.00806603301316, "dvar2": 0.000673729286063, "mean": 0.502537369728, "var": 0.0283492095768, "dmean2": 0.00526382355019, "dvar": 0.000364165374776, "min": -1, "median": 0.520299494267, "max": 0.769431114197}, "tuning_diatonic_strength": 0.632813215256, "thpcp": [1, 0.520309209824, 0.0446685999632, 0.0135822724551, 0.0169406812638, 0.134149879217, 0.254715055227, 0.158942207694, 0.0832238644361, 0.0910195857286, 0.0455278083682, 0.0545437820256, 0.104940921068, 0.104257903993, 0.383969545364, 0.704752087593, 0.410778611898, 0.0552092418075, 0.014036973007, 0.0257002450526, 0.209113553166, 0.388301491737, 0.233335092664, 0.0776156783104, 0.0557715073228, 0.0289342757314, 0.166936337948, 0.288621068001, 0.177753269672, 0.264197915792, 0.421606004238, 0.221317663789, 0.0367812924087, 0.0229599960148, 0.0541737414896, 0.559856116772], "chords_histogram": [47.2940788269, 0.0510551407933, 17.4778766632, 0.0680735185742, 0, 0, 0, 0, 0, 0, 0, 0, 0, 0, 0, 0, 0, 4.68005466461, 0.799863874912, 2.79101419449, 4.23757648468, 0.816882252693, 15.793056488, 5.99046993256], "tuning_nontempered_energy_ratio": 0.591769814491, "tuning_frequency": 440.763122559, "key_strength": 0.852925896645, "chords_changes_rate": 0.0328454747796, "key_scale": "major", "hpcp_entropy": {"dmean": 0.41520768404, "dvar2": 0.434518069029, "mean": 1.45028054714, "var": 0.353705137968, "dmean2": 0.697459280491, "dvar": 0.167586639524, "min": 0, "median": 1.51763868332, "max": 3.49980950356}, "key_key": "D", "chords_number_rate": 0.00119128660299}, "lowlevel": {"melbands_skewness": {"dmean": 0.383632957935, "dvar2": 0.325640290976, "mean": 1.57417154312, "var": 0.888487875462, "dmean2": 0.574169576168, "dvar": 0.144390776753, "min": -3.98661899567, "median": 1.47276735306, "max": 7.17404174805}, "melbands_kurtosis": {"dmean": 2.81186437607, "dvar2": 43.6912193298, "mean": 7.88470220566, "var": 72.779296875, "dmean2": 4.26975297928, "dvar": 19.1072940826, "min": -1.75929474831, "median": 5.49943590164, "max": 118.47605896}, "barkbands_kurtosis": {"dmean": 2.77764225006, "dvar2": 41.5981292725, "mean": 8.04408740997, "var": 101.783851624, "dmean2": 4.13852310181, "dvar": 19.5783424377, "min": -1.86170995235, "median": 5.17522144318, "max": 170.459442139}, "hfc": {"dmean": 2.30750966072, "dvar2": 19.0150203705, "mean": 10.4177970886, "var": 73.2964706421, "dmean2": 3.18349409103, "dvar": 10.5808782578, "min": 1.08541488544e-16, "median": 8.23426246643, "max": 90.2977142334}, "silence_rate_20dB": {"dmean": 0.000170227256604, "dvar2": 0.000510514830239, "mean": 0.999914884567, "var": 8.50932410685e-05, "dmean2": 0.000340483500622, "dvar": 0.000170174665982, "min": 0, "median": 1, "max": 1}, "erbbands_flatness_db": {"dmean": 0.0143663687631, "dvar2": 0.000478122674394, "mean": 0.263228178024, "var": 0.00232357252389, "dmean2": 0.020719345659, "dvar": 0.000216625441681, "min": 0.0157193336636, "median": 0.261527180672, "max": 0.461658388376}, "spectral_flux": {"dmean": 0.0154954856262, "dvar2": 0.000858682557009, "mean": 0.0490801595151, "var": 0.000807145202998, "dmean2": 0.0255594011396, "dvar": 0.000330464332364, "min": 6.39767405719e-11, "median": 0.0447920337319, "max": 0.343728929758}, "spectral_energyband_low": {"dmean": 0.00100407039281, "dvar2": 1.28877600218e-05, "mean": 0.0033025261946, "var": 2.32842776313e-05, "dmean2": 0.00151924218517, "dvar": 5.79788456889e-06, "min": 1.82935045318e-23, "median": 0.00148057949264, "max": 0.0927415788174}, "spectral_rolloff": {"dmean": 80.3205718994, "dvar2": 201558.03125, "mean": 931.403137207, "var": 6250418.5, "dmean2": 141.186538696, "dvar": 92378.515625, "min": 86.1328125, "median": 516.796875, "max": 21382.4707031}, "spectral_entropy": {"dmean": 0.133468657732, "dvar2": 0.0451982580125, "mean": 6.27585458755, "var": 0.323707580566, "dmean2": 0.199988812208, "dvar": 0.0199134461582, "min": 4.00503826141, "median": 6.26463603973, "max": 9.83361339569}, "spectral_energy": {"dmean": 0.00556102162227, "dvar2": 0.000113408255856, "mean": 0.0250209309161, "var": 0.000417835952248, "dmean2": 0.00768494326621, "dvar": 6.63577447995e-05, "min": 1.00420671482e-20, "median": 0.02019334957, "max": 0.377571165562}, "spectral_centroid": {"dmean": 47.8885612488, "dvar2": 27694.5585938, "mean": 624.453430176, "var": 1222611.875, "dmean2": 73.6299819946, "dvar": 13112.6220703, "min": 140.188659668, "median": 473.513122559, "max": 11604.8837891}, "barkbands_flatness_db": {"dmean": 0.0154878646135, "dvar2": 0.000538982800208, "mean": 0.243874981999, "var": 0.00294886319898, "dmean2": 0.0228717923164, "dvar": 0.000241287518293, "min": 0.0578140690923, "median": 0.241568595171, "max": 0.545306026936}, "spectral_rms": {"dmean": 0.000511940510478, "dvar2": 6.07450374446e-07, "mean": 0.00455064093694, "var": 3.7024226458e-06, "dmean2": 0.000712905253749, "dvar": 3.29159320245e-07, "min": 3.13003811238e-12, "median": 0.00443856138736, "max": 0.0191927626729}, "melbands": {"dmean": [0.000135197682539, 0.000180994422408, 0.000235097439145, 0.00048936821986, 0.000332946452545, 0.000340925791534, 0.000445671525085, 0.000138133284054, 0.000145689482451, 5.65327463846e-05, 5.29728786205e-05, 4.7698016715e-05, 1.99782843993e-05, 3.32570853061e-05, 2.23131610255e-05, 1.52006705321e-05, 9.73405076365e-06, 5.38585527465e-06, 2.70473196906e-06, 1.82001883786e-06, 2.68048484031e-06, 8.72189389156e-07, 8.77410741396e-07, 3.65567814242e-07, 2.92804543278e-07, 2.55878632061e-07, 2.05776942153e-07, 2.08846415717e-07, 5.03365704674e-08, 2.16632880523e-08, 1.70438276825e-08, 2.11108641679e-08, 1.34610420588e-08, 1.32514825779e-08, 2.00402539008e-08, 3.12067420793e-08, 1.60565782892e-08, 2.48753302401e-08, 1.15388862909e-08, 1.10829683209e-08], "dvar2": [2.9631573284e-07, 6.43359726382e-07, 6.10576933013e-07, 3.11887015414e-06, 8.17744023607e-07, 9.13237272471e-07, 1.49477784817e-06, 1.87577470001e-07, 3.48577515297e-07, 3.29768639062e-08, 3.89525212086e-08, 4.14125480575e-08, 5.00508390289e-09, 2.70135398495e-08, 9.74296465728e-09, 3.83750409227e-09, 2.33032393382e-09, 5.2667858963e-10, 1.23005911012e-10, 2.86371898417e-11, 1.12032466637e-10, 1.40459284828e-11, 9.85276443766e-12, 1.69728445708e-12, 1.58860706707e-12, 9.85472228994e-13, 6.81446598368e-13, 7.82575772847e-13, 2.78888376152e-14, 7.31057111413e-15, 1.20083733877e-14, 2.92842566331e-14, 8.16886875255e-15, 4.5513316423e-15, 8.00267241797e-15, 2.05451720767e-14, 6.85847956051e-15, 2.65740222524e-14, 5.74905189982e-15, 1.46222603117e-14], "mean": [0.000508102064487, 0.000455335451989, 0.000581830274314, 0.00132063217461, 0.00097763875965, 0.00095061614411, 0.00127751473337, 0.000383857928682, 0.000325380795402, 0.000142101591337, 0.000115802838991, 9.49313907768e-05, 4.08729465562e-05, 6.19303100393e-05, 4.01693214371e-05, 2.69874180958e-05, 1.74943706952e-05, 9.58887085289e-06, 5.11073312737e-06, 4.51018559033e-06, 5.27435986442e-06, 1.872082521e-06, 1.79600340289e-06, 6.72067187679e-07, 5.70303882341e-07, 5.54363907668e-07, 4.674371894e-07, 4.0576463789e-07, 1.05849913723e-07, 4.43094343439e-08, 3.28333058519e-08, 3.6995814412e-08, 2.70867275276e-08, 2.78283369681e-08, 4.17468015712e-08, 6.87201548999e-08, 3.94594081854e-08, 5.43351426074e-08, 2.78249565611e-08, 2.43625066787e-08], "var": [5.93550225858e-07, 7.34227910471e-07, 9.50604544414e-07, 6.93604488333e-06, 2.27604527936e-06, 2.3471620807e-06, 4.22080029239e-06, 5.16899149261e-07, 5.51796631498e-07, 8.89214675226e-08, 7.05646385768e-08, 7.23146982295e-08, 5.19239096164e-09, 2.09397406081e-08, 8.13095724084e-09, 5.03459318679e-09, 3.44550299403e-09, 4.44402653565e-10, 1.12323671198e-10, 5.53689004368e-11, 1.85599383085e-10, 1.95973463152e-11, 8.34337373495e-12, 1.38135325661e-12, 1.21932813239e-12, 1.16740081144e-12, 1.09183549788e-12, 7.46597662166e-13, 2.95217443427e-14, 8.45587570233e-15, 8.02645710313e-15, 2.19439622858e-14, 9.46459876889e-15, 5.38425259713e-15, 8.17060347603e-15, 2.5103649289e-14, 1.07487828791e-14, 3.46060799374e-14, 6.77514125938e-15, 1.25259765871e-14], "dmean2": [0.000205203003134, 0.000277431972791, 0.000364301813534, 0.000711708504241, 0.000455597240943, 0.000475462875329, 0.000593416451011, 0.000186273275176, 0.000202221228392, 8.18633561721e-05, 7.7712807979e-05, 6.97752911947e-05, 3.10286886815e-05, 5.29810859007e-05, 3.58688157576e-05, 2.3353679353e-05, 1.46165921251e-05, 8.34363709146e-06, 4.09728863815e-06, 2.69789757112e-06, 4.01560373575e-06, 1.35043740102e-06, 1.39903829677e-06, 5.85609541304e-07, 4.66407584554e-07, 4.08233887583e-07, 3.22676527276e-07, 3.39828488904e-07, 8.12654832316e-08, 3.32662040137e-08, 2.73774993786e-08, 3.32796368241e-08, 2.21064677675e-08, 2.15706226214e-08, 3.32400951208e-08, 5.15214679808e-08, 2.67501434337e-08, 4.1458861233e-08, 1.90382678511e-08, 1.84898905076e-08], "dvar": [1.32531184249e-07, 2.75020738627e-07, 2.91565385169e-07, 2.00881527235e-06, 4.635303128e-07, 4.57353849015e-07, 8.51438471727e-07, 1.0675825024e-07, 1.6920193957e-07, 1.68380562826e-08, 1.87099917781e-08, 2.30945200741e-08, 2.09389017236e-09, 1.07451780806e-08, 4.03507938174e-09, 1.97045446626e-09, 1.38750677614e-09, 2.3004305405e-10, 5.56933908713e-11, 1.47894110153e-11, 5.92626711593e-11, 6.63402839607e-12, 3.9936122985e-12, 7.30467119084e-13, 6.57557829801e-13, 4.09904017196e-13, 3.14570635165e-13, 3.18315876045e-13, 1.11672595067e-14, 3.49948316378e-15, 4.92812747262e-15, 1.35527846541e-14, 3.18387572302e-15, 1.80410669754e-15, 3.20759306906e-15, 8.3646138315e-15, 2.78286110315e-15, 1.06448629479e-14, 2.29257619866e-15, 5.46532127348e-15], "min": [1.06642220637e-24, 1.49788514253e-24, 1.32935842076e-24, 9.0158074693e-25, 1.26477191326e-24, 1.0470395981e-24, 1.72872911479e-24, 1.40321433972e-24, 2.02454564336e-24, 1.41612089299e-24, 2.7304396806e-24, 3.40315304487e-24, 1.76743950549e-24, 2.24120964364e-24, 2.47348105971e-24, 3.06092151836e-24, 2.28670601306e-24, 2.28503520566e-24, 2.8997530939e-24, 2.69465576665e-24, 3.94037915424e-24, 3.26448313065e-24, 3.14600667509e-24, 3.07322695962e-24, 4.12995505154e-24, 5.12938068173e-24, 4.46122811679e-24, 5.04614362889e-24, 5.15844862837e-24, 5.21043929519e-24, 3.97714007242e-24, 5.71848662297e-24, 5.3822046854e-24, 6.01940865932e-24, 5.41714649034e-24, 4.92771194119e-24, 5.65255047306e-24, 5.58278045916e-24, 6.28407819833e-24, 6.21062262628e-24], "median": [0.000172672705958, 0.000188724356121, 0.00029611698119, 0.000703414785676, 0.000493593106512, 0.000429005885962, 0.000531662604772, 0.000141222582897, 8.19234846858e-05, 4.22220473411e-05, 3.0218381653e-05, 3.02089629258e-05, 1.79205617314e-05, 2.13675011764e-05, 1.35348564072e-05, 8.01098940428e-06, 5.06338119521e-06, 3.35235654347e-06, 2.08468600249e-06, 1.96509063244e-06, 1.61002844834e-06, 7.88941406427e-07, 8.59656779539e-07, 3.40003708743e-07, 2.52470783835e-07, 2.36015068822e-07, 1.6636978728e-07, 1.1390628174e-07, 4.65462015597e-08, 1.79505370568e-08, 1.3310144098e-08, 1.03668416074e-08, 6.2360987485e-09, 6.63845955984e-09, 7.70015340379e-09, 9.18852904874e-09, 4.72552752484e-09, 4.45347447808e-09, 3.31943095233e-09, 2.73771760817e-09], "max": [0.0102866534144, 0.021466569975, 0.0163716506213, 0.0994414314628, 0.026326501742, 0.0180617813021, 0.0301680527627, 0.0103957857937, 0.0110659217462, 0.00406440813094, 0.0049299262464, 0.00772631727159, 0.00154802424368, 0.00334111531265, 0.00186903506983, 0.00133131840266, 0.00142582366243, 0.000650398549624, 0.000323963060509, 0.000171807201696, 0.000403679063311, 9.42859624047e-05, 5.66155795241e-05, 2.21673981287e-05, 3.42852872564e-05, 2.85287715087e-05, 2.53867692663e-05, 1.50221721924e-05, 2.71242424787e-06, 1.64457094343e-06, 3.11532380692e-06, 9.34003492148e-06, 2.72023999059e-06, 1.04523462596e-06, 1.86263469004e-06, 2.57954820881e-06, 2.46553986472e-06, 2.9146867746e-06, 2.51897313319e-06, 4.62203570351e-06]}, "barkbands_crest": {"dmean": 2.0182967186, "dvar2": 8.7276391983, "mean": 11.6462936401, "var": 16.4091205597, "dmean2": 3.12392663956, "dvar": 3.59834051132, "min": 3.95560097694, "median": 10.9517879486, "max": 26.230676651}, "mfcc": {"icov": [[0.000253170263022, -0.000249000557233, 1.87237710634e-05, 4.03254562116e-05, 0.000253892532783, 3.45659682353e-05, -0.000255419756286, 0.000144709614688, 0.000274924503174, -0.000460783048766, 0.000429953972343, -0.000331122602802, -0.00018846882449], [-0.000249000557233, 0.00103356561158, 0.000323294603731, -0.000597240752541, -0.00101483461913, 0.000185124357813, 0.000362071703421, -0.000284124311293, 0.000174857021193, 0.00041915170732, -0.000466149329441, 0.000541460467502, 0.00027301730006], [1.87237710634e-05, 0.000323294603731, 0.00287570571527, -0.000253658450674, -0.00125972740352, -0.000606956251431, 0.000365008338122, -0.000494341657031, 0.00111791060772, -3.77286269213e-05, 0.000418143870775, 0.000102833539131, 0.000324818072841], [4.03254562116e-05, -0.000597240752541, -0.000253658450674, 0.00481520593166, -0.00149626797065, -0.00137764366809, 0.00101033062674, -0.000312675780151, -0.00196764594875, 0.000476040702779, -0.00013017821766, 0.000597516831476, -0.00101471773814], [0.000253892532783, -0.00101483461913, -0.00125972740352, -0.00149626797065, 0.00682452600449, -0.00148816313595, -0.000796112697572, 0.00144283066038, -0.00136915512849, -0.000536779116374, 0.00225718086585, -0.00225425022654, 0.000869642593898], [3.45659682353e-05, 0.000185124357813, -0.000606956251431, -0.00137764366809, -0.00148816313595, 0.00987990014255, -0.00159652612638, -0.00317422277294, -0.000209787162021, 0.000327309127897, -0.00148690445349, 0.00133962393738, -0.000547233328689], [-0.000255419756286, 0.000362071703421, 0.000365008338122, 0.00101033062674, -0.000796112697572, -0.00159652612638, 0.00876140221953, -0.00300683407113, 0.00042453489732, -0.000848764379043, 0.000337064644555, -0.000135479756864, 0.000940434110817], [0.000144709614688, -0.000284124311293, -0.000494341657031, -0.000312675780151, 0.00144283066038, -0.00317422277294, -0.00300683407113, 0.0121019855142, -0.00298287090845, -0.00179060280789, 0.00235667126253, -0.0010383244371, -0.00142738141585], [0.000274924503174, 0.000174857021193, 0.00111791060772, -0.00196764594875, -0.00136915512849, -0.000209787162021, 0.00042453489732, -0.00298287090845, 0.0104097537696, -0.0018690188881, -0.00205425545573, 0.00170595711097, -0.000718982773833], [-0.000460783048766, 0.00041915170732, -3.77286269213e-05, 0.000476040702779, -0.000536779116374, 0.000327309127897, -0.000848764379043, -0.00179060280789, -0.0018690188881, 0.00893721170723, -0.00246380944736, -0.00163846008945, 0.000798496243078], [0.000429953972343, -0.000466149329441, 0.000418143870775, -0.00013017821766, 0.00225718086585, -0.00148690445349, 0.000337064644555, 0.00235667126253, -0.00205425545573, -0.00246380944736, 0.0123696886003, -0.00343626085669, 0.000415276299464], [-0.000331122602802, 0.000541460467502, 0.000102833539131, 0.000597516831476, -0.00225425022654, 0.00133962393738, -0.000135479756864, -0.0010383244371, 0.00170595711097, -0.00163846008945, -0.00343626085669, 0.0120044201612, -0.00292180851102], [-0.00018846882449, 0.00027301730006, 0.000324818072841, -0.00101471773814, 0.000869642593898, -0.000547233328689, 0.000940434110817, -0.00142738141585, -0.000718982773833, 0.000798496243078, 0.000415276299464, -0.00292180851102, 0.0100966235623]], "mean": [-752.997253418, 208.97555542, -2.65989136696, 3.1964173317, 3.37415552139, -12.9214363098, -5.51342201233, -8.22524166107, -13.8789081573, -1.83261966705, -8.19325351715, 1.73496806622, 2.79095578194], "cov": [[6699.79248047, 1258.54333496, -174.632415771, -118.843734741, -55.4857902527, -110.329399109, 169.961471558, -7.38035297394, -224.434753418, 253.347305298, -123.726890564, 191.881195068, 91.2278137207], [1258.54333496, 1801.00231934, -42.1408729553, 352.352874756, 301.851959229, 53.4452705383, -38.5233764648, 12.4926137924, 48.3830108643, -25.8799819946, -26.5872306824, -32.5461120605, -9.0206861496], [-174.632415771, -42.1408729553, 434.150939941, 59.9330253601, 107.404373169, 54.1351394653, 0.459817022085, 19.8841438293, -17.8816356659, -12.5545940399, -33.0790061951, -5.87065410614, -14.2314281464], [-118.843734741, 352.352874756, 59.9330253601, 401.0703125, 173.260879517, 97.7325973511, -27.2286224365, 46.7357368469, 109.02040863, -14.8478660583, -1.26781010628, -25.4016971588, 27.7895240784], [-55.4857902527, 301.851959229, 107.404373169, 173.260879517, 285.849365234, 72.840713501, 7.34307289124, 22.0168037415, 56.3815536499, 0.461128383875, -24.9192962646, 6.13223648071, -6.70665597916], [-110.329399109, 53.4452705383, 54.1351394653, 97.7325973511, 72.840713501, 157.321350098, 34.3783798218, 61.4633102417, 48.8112754822, 9.58925914764, 4.76718664169, -10.335606575, 11.8463354111], [169.961471558, -38.5233764648, 0.459817022085, -27.2286224365, 7.34307289124, 34.3783798218, 152.495834351, 51.1167297363, 4.07642459869, 37.6180381775, -6.77865934372, 13.3916931152, -2.81428837776], [-7.38035297394, 12.4926137924, 19.8841438293, 46.7357368469, 22.0168037415, 61.4633102417, 51.1167297363, 134.020782471, 52.8514595032, 36.2469367981, -5.69419813156, 7.46205377579, 22.4928321838], [-224.434753418, 48.3830108643, -17.8816356659, 109.02040863, 56.3815536499, 48.8112754822, 4.07642459869, 52.8514595032, 160.496780396, 30.0096206665, 25.702796936, -11.4458799362, 15.6017723083], [253.347305298, -25.8799819946, -12.5545940399, -14.8478660583, 0.461128383875, 9.58925914764, 37.6180381775, 36.2469367981, 30.0096206665, 158.904602051, 30.9886245728, 39.3641624451, 6.12780618668], [-123.726890564, -26.5872306824, -33.0790061951, -1.26781010628, -24.9192962646, 4.76718664169, -6.77865934372, -5.69419813156, 25.702796936, 30.9886245728, 108.898712158, 25.0055141449, 3.71400165558], [191.881195068, -32.5461120605, -5.87065410614, -25.4016971588, 6.13223648071, -10.335606575, 13.3916931152, 7.46205377579, -11.4458799362, 39.3641624451, 25.0055141449, 115.784324646, 29.3665370941], [91.2278137207, -9.0206861496, -14.2314281464, 27.7895240784, -6.70665597916, 11.8463354111, -2.81428837776, 22.4928321838, 15.6017723083, 6.12780618668, 3.71400165558, 29.3665370941, 117.87411499]]}, "spectral_decrease": {"dmean": 1.4213292765e-09, "dvar2": 7.47720733013e-18, "mean": -6.37907104917e-09, "var": 2.73818322538e-17, "dmean2": 1.96486338311e-09, "dvar": 4.37507861457e-18, "min": -9.78691900855e-08, "median": -5.14805886809e-09, "max": 1.78651212916e-15}, "zerocrossingrate": {"dmean": 0.003072028514, "dvar2": 6.83226753608e-05, "mean": 0.0350761301816, "var": 0.00535859540105, "dmean2": 0.00401431368664, "dvar": 5.27949887328e-05, "min": 0.00341796875, "median": 0.02294921875, "max": 0.84716796875}, "spectral_contrast_coeffs": {"dmean": [0.0372786968946, 0.0389560423791, 0.0312704220414, 0.0266827251762, 0.0189258847386, 0.0134895928204], "dvar2": [0.00263585872017, 0.00263339700177, 0.0016785931075, 0.00124110397883, 0.000713944318704, 0.000500252004713], "mean": [-0.582391440868, -0.637604951859, -0.734187424183, -0.745379626751, -0.770873844624, -0.818312227726], "var": [0.0100759342313, 0.00734649645165, 0.00479545257986, 0.00327372620814, 0.00224273349158, 0.00142491736915], "dmean2": [0.0600726008415, 0.0609059073031, 0.0498787984252, 0.0431602336466, 0.0304942019284, 0.0221901256591], "dvar": [0.0010345504852, 0.00109448248986, 0.000677710631862, 0.000492702820338, 0.000315086042974, 0.000196191598661], "min": [-0.981058657169, -0.998415291309, -0.99877166748, -0.988556802273, -0.989161014557, -0.965053319931], "median": [-0.583036601543, -0.637651562691, -0.736306190491, -0.745709955692, -0.771635711193, -0.82060790062], "max": [-0.244873151183, -0.333849877119, -0.447951376438, -0.508838474751, -0.57238394022, -0.633672058582]}, "spectral_skewness": {"dmean": 0.630695700645, "dvar2": 1.15650939941, "mean": 3.81089186668, "var": 1.34346556664, "dmean2": 1.09452068806, "dvar": 0.389375597239, "min": -0.0909608826041, "median": 3.64196395874, "max": 13.7563371658}, "spectral_energyband_middle_high": {"dmean": 0.000682423240505, "dvar2": 4.4608141252e-06, "mean": 0.00209943670779, "var": 8.84885685082e-06, "dmean2": 0.0010115664918, "dvar": 2.15966201722e-06, "min": 1.17970798557e-21, "median": 0.00118760229088, "max": 0.0494106709957}, "gfcc": {"icov": [[0.000172275147634, -0.000337536388543, 0.000255830236711, -0.000181032228284, 0.000474904256407, -0.000397204770707, 0.000569864409044, -0.000525775307324, 0.00063857214991, -0.000477744324598, 0.000336304859957, -0.000317804398946, 0.000459125207271], [-0.000337536388543, 0.00164592254441, 4.83099684061e-05, -0.000418437237386, -0.00178800965659, 0.0012320993701, -0.000575674348511, 0.00140603666659, -0.00161353545263, 0.00166051252745, -0.000944611907471, 0.00119337404612, -0.000708133855369], [0.000255830236711, 4.83099684061e-05, 0.00246899598278, -0.00108113675378, -0.000628231617156, -0.00110171199776, 0.00185898505151, -0.000510381476488, 0.00114361871965, -0.000845296075568, 0.000966902822256, -0.000944994273596, 0.00131172756664], [-0.000181032228284, -0.000418437237386, -0.00108113675378, 0.00429334910586, -0.000822630652692, -0.000743783602957, -0.00101851252839, 0.000267161551164, -0.00220621167682, 0.00133941066451, -0.000171622086782, 0.000339059071848, -0.00238767173141], [0.000474904256407, -0.00178800965659, -0.000628231617156, -0.000822630652692, 0.00695676496252, -0.00118246686179, -0.000158399780048, -0.000525913783349, 0.000487835233798, -0.00130724883638, 0.00204500625841, -0.000142274613609, -0.00064771756297], [-0.000397204770707, 0.0012320993701, -0.00110171199776, -0.000743783602957, -0.00118246686179, 0.00692175095901, -0.00200596195646, -0.00286724790931, -3.16632667818e-06, 0.00182085321285, -0.00285930139944, 0.000710853317287, -0.000258339860011], [0.000569864409044, -0.000575674348511, 0.00185898505151, -0.00101851252839, -0.000158399780048, -0.00200596195646, 0.00818874128163, -0.00190777448006, 0.000298325292533, -0.000220535235712, 0.00190916005522, -0.00154786976054, 0.00330512528308], [-0.000525775307324, 0.00140603666659, -0.000510381476488, 0.000267161551164, -0.000525913783349, -0.00286724790931, -0.00190777448006, 0.0132261887193, -0.00504138832912, -0.000764601165429, -0.00132678693626, 0.00367862940766, -0.00418255385011], [0.00063857214991, -0.00161353545263, 0.00114361871965, -0.00220621167682, 0.000487835233798, -3.16632667818e-06, 0.000298325292533, -0.00504138832912, 0.0125642232597, -0.00505420379341, 0.00093383929925, -0.00120665959548, 0.00329451262951], [-0.000477744324598, 0.00166051252745, -0.000845296075568, 0.00133941066451, -0.00130724883638, 0.00182085321285, -0.000220535235712, -0.000764601165429, -0.00505420379341, 0.0142170730978, -0.00403696252033, -1.39154863064e-05, -0.000530205434188], [0.000336304859957, -0.000944611907471, 0.000966902822256, -0.000171622086782, 0.00204500625841, -0.00285930139944, 0.00190916005522, -0.00132678693626, 0.00093383929925, -0.00403696252033, 0.011572602205, -0.00254191528074, -8.24210146675e-05], [-0.000317804398946, 0.00119337404612, -0.000944994273596, 0.000339059071848, -0.000142274613609, 0.000710853317287, -0.00154786976054, 0.00367862940766, -0.00120665959548, -1.39154863064e-05, -0.00254191528074, 0.0132567053661, -0.00504055200145], [0.000459125207271, -0.000708133855369, 0.00131172756664, -0.00238767173141, -0.00064771756297, -0.000258339860011, 0.00330512528308, -0.00418255385011, 0.00329451262951, -0.000530205434188, -8.24210146675e-05, -0.00504055200145, 0.0154883237556]], "mean": [-110.230300903, 168.238708496, -107.912475586, -14.3033361435, -48.5517616272, -13.3040437698, -38.7590713501, -4.89078617096, -19.0737380981, -4.92218732834, -0.359382152557, -3.82008242607, -3.95533180237], "cov": [[20869.0234375, 1891.42834473, -1284.50537109, 129.17401123, -959.092102051, 464.565155029, -832.640319824, 381.011199951, -400.8019104, 164.958892822, 205.859817505, -27.2465457916, -72.1091461182], [1891.42834473, 2175.09545898, -248.317245483, 419.930541992, 395.194915771, -233.040618896, 28.4780788422, -130.898727417, 133.788818359, -162.480499268, -90.6265869141, -117.367935181, 27.6600589752], [-1284.50537109, -248.317245483, 738.722290039, 146.011779785, 137.535903931, 110.958335876, -39.7358779907, 20.5359172821, -1.00201499462, 9.3792924881, -20.745759964, 28.4499931335, 17.9796504974], [129.17401123, 419.930541992, 146.011779785, 466.309814453, 180.55947876, 76.861366272, 50.3317565918, 42.558303833, 93.4958190918, -39.1958084106, -15.6314487457, -16.9494819641, 57.6470756531], [-959.092102051, 395.194915771, 137.535903931, 180.55947876, 346.743011475, -20.850227356, 74.6077880859, -22.6858406067, 71.2905807495, -42.2802276611, -56.1935310364, -26.7761917114, 29.1671600342], [464.565155029, -233.040618896, 110.958335876, 76.861366272, -20.850227356, 313.720367432, 23.656036377, 129.309234619, 5.30838108063, 27.4279308319, 61.9605674744, 5.70534706116, 14.2540960312], [-832.640319824, 28.4780788422, -39.7358779907, 50.3317565918, 74.6077880859, 23.656036377, 216.231552124, 15.7803525925, 54.4997329712, -18.6143283844, -24.4307975769, -12.74147892, -17.7643814087], [381.011199951, -130.898727417, 20.5359172821, 42.558303833, -22.6858406067, 129.309234619, 15.7803525925, 167.007644653, 45.7163467407, 43.8512878418, 38.847820282, -11.625169754, 18.6829738617], [-400.8019104, 133.788818359, -1.00201499462, 93.4958190918, 71.2905807495, 5.30838108063, 54.4997329712, 45.7163467407, 157.881378174, 28.0148200989, 2.60027432442, -15.5914201736, -1.40254676342], [164.958892822, -162.480499268, 9.3792924881, -39.1958084106, -42.2802276611, 27.4279308319, -18.6143283844, 43.8512878418, 28.0148200989, 116.302124023, 44.4179992676, 14.5436754227, -1.6601806879], [205.859817505, -90.6265869141, -20.745759964, -15.6314487457, -56.1935310364, 61.9605674744, -24.4307975769, 38.847820282, 2.60027432442, 44.4179992676, 129.006271362, 24.4578399658, 13.1025152206], [-27.2465457916, -117.367935181, 28.4499931335, -16.9494819641, -26.7761917114, 5.70534706116, -12.74147892, -11.625169754, -15.5914201736, 14.5436754227, 24.4578399658, 102.190795898, 26.1758365631], [-72.1091461182, 27.6600589752, 17.9796504974, 57.6470756531, 29.1671600342, 14.2540960312, -17.7643814087, 18.6829738617, -1.40254676342, -1.6601806879, 13.1025152206, 26.1758365631, 94.4546127319]]}, "erbbands_spread": {"dmean": 2.59837818146, "dvar2": 15.4300918579, "mean": 14.478969574, "var": 45.8786315918, "dmean2": 3.85967636108, "dvar": 7.00976610184, "min": 0.926021695137, "median": 13.4455566406, "max": 87.5182189941}, "erbbands_kurtosis": {"dmean": 1.59065961838, "dvar2": 10.7365684509, "mean": 3.1524477005, "var": 17.58543396, "dmean2": 2.40518045425, "dvar": 4.72864627838, "min": -1.63037550449, "median": 2.04026627541, "max": 61.4867248535}, "dynamic_complexity": 3.47312283516, "erbbands_crest": {"dmean": 2.50063371658, "dvar2": 12.7827033997, "mean": 13.154712677, "var": 24.1800403595, "dmean2": 3.78835129738, "dvar": 5.61177492142, "min": 2.02319002151, "median": 12.3627567291, "max": 32.0020980835}, "erbbands": {"dmean": [0.0157212521881, 0.107927083969, 0.410322457552, 1.19713914394, 4.03218746185, 8.13844490051, 10.5640468597, 14.7878952026, 29.8386745453, 13.7841806412, 19.1809043884, 9.22285366058, 10.4686832428, 10.9117431641, 6.15292978287, 11.1281394958, 9.01559829712, 5.37598133087, 3.34010744095, 1.40066003799, 2.10015964508, 0.797536611557, 0.47729665041, 0.344729930162, 0.317740231752, 0.291819900274, 0.0690709799528, 0.0276124253869, 0.031081404537, 0.0212218165398, 0.0393654480577, 0.0310376416892, 0.0260735917836, 0.012023431249, 0.00674270698801, 0.00374746043235, 0.00197961344384, 0.000712176202796, 0.000189115555258, 2.16628814087e-05], "dvar2": [0.004200309515, 0.232619568706, 3.59571743011, 20.7123851776, 164.713241577, 852.60748291, 887.154052734, 1805.25183105, 6867.54443359, 1667.93481445, 6852.38134766, 776.926086426, 1546.82177734, 2054.24584961, 565.196472168, 3710.53808594, 1560.93212891, 742.905334473, 208.700332642, 21.0412139893, 73.7422027588, 7.54660367966, 2.04748988152, 1.76759541035, 1.37210941315, 1.50813138485, 0.0461247488856, 0.019099842757, 0.0480463579297, 0.0108177252114, 0.0315086320043, 0.0190508961678, 0.0238387100399, 0.010436238721, 0.00289826467633, 0.000977164832875, 0.0003628245031, 4.69666083518e-05, 3.61087745659e-06, 2.86851005171e-08], "mean": [0.0623902603984, 0.322214752436, 0.906903326511, 2.77920341492, 10.6206264496, 21.4151649475, 30.0669326782, 42.0218429565, 84.6946411133, 40.2794837952, 42.5556221008, 24.3776512146, 23.4036617279, 22.7180900574, 13.8530654907, 21.2486801147, 15.8127527237, 10.1750640869, 6.24055767059, 3.28039360046, 4.44569301605, 1.91024315357, 1.11408662796, 0.741821229458, 0.744891524315, 0.62960267067, 0.16312430799, 0.0620393753052, 0.0613043382764, 0.0496675483882, 0.0883193388581, 0.0811791345477, 0.0641771629453, 0.0304994173348, 0.0160583760589, 0.00855785980821, 0.00458257459104, 0.00160379952285, 0.000402715319069, 5.89726114413e-05], "var": [0.0100753754377, 0.27617675066, 3.91215157509, 31.9795875549, 312.886047363, 1691.89379883, 2481.64550781, 4788.24609375, 18282.6367188, 5172.69970703, 9930.27441406, 2173.71972656, 2738.5612793, 3680.04833984, 566.193969727, 2255.19628906, 1735.88745117, 1140.17724609, 172.282608032, 28.6182880402, 123.592475891, 10.4001665115, 2.1051030159, 1.51238584518, 2.04818749428, 1.69359862804, 0.0603971295059, 0.0183830596507, 0.0414713323116, 0.0145351318642, 0.0344559885561, 0.0352407842875, 0.0347983762622, 0.0121304616332, 0.00479574361816, 0.001108494238, 0.000449628336355, 7.23676857888e-05, 4.90389584229e-06, 2.31146977114e-08], "dmean2": [0.0235547367483, 0.166145652533, 0.629163920879, 1.83134400845, 6.08464193344, 11.8711872101, 14.2619180679, 20.5731315613, 40.1380119324, 18.2124061584, 26.7777500153, 13.2034273148, 15.3627252579, 15.9095754623, 9.62752437592, 17.8478622437, 14.0775346756, 8.08584880829, 5.15178871155, 2.0995953083, 3.13788628578, 1.22305178642, 0.753450036049, 0.542932450771, 0.494839727879, 0.468347012997, 0.109217509627, 0.0431352891028, 0.0495132170618, 0.0340800173581, 0.0653000697494, 0.0513139367104, 0.0431109964848, 0.0200473405421, 0.011255254969, 0.00619312934577, 0.00314551685005, 0.00110869703349, 0.000305125286104, 3.40603619406e-05], "dvar": [0.0019640289247, 0.0930401459336, 1.57337129116, 10.1203775406, 90.0621185303, 520.875549316, 514.667907715, 916.346984863, 3780.27905273, 1034.69458008, 3225.29272461, 403.600006104, 741.155090332, 1153.73327637, 229.268859863, 1407.98681641, 726.929931641, 450.375823975, 90.8203811646, 9.99347782135, 39.1298904419, 3.44296717644, 0.862532436848, 0.738649368286, 0.620867133141, 0.656556725502, 0.019868126139, 0.00834220275283, 0.0212332326919, 0.00424830662087, 0.0125314453617, 0.00825202837586, 0.00969189964235, 0.00388153060339, 0.00112775340676, 0.00036129259388, 0.000150757696247, 2.01794082386e-05, 1.49675815919e-06, 1.10840332468e-08], "min": [5.71568222245e-23, 5.40775333421e-22, 3.53503268424e-21, 5.97413425958e-21, 1.04898772056e-20, 1.61332854308e-20, 3.36738086475e-20, 5.27756805069e-20, 9.67743026303e-20, 1.35475769971e-19, 2.65151349487e-19, 2.6557189328e-19, 6.05064575205e-19, 8.87140143422e-19, 6.45181956035e-19, 1.13054889541e-18, 1.70514401426e-18, 1.67370112142e-18, 2.47232249614e-18, 2.6587355054e-18, 4.13559617876e-18, 3.5485560242e-18, 5.102768011e-18, 6.12137352014e-18, 7.94466694661e-18, 8.60266679002e-18, 9.91073712349e-18, 9.25399873051e-18, 1.16477287287e-17, 1.06836621325e-17, 1.03786806406e-17, 9.2956199774e-18, 1.02334326882e-17, 8.4387328275e-18, 5.66142263566e-18, 4.00521721138e-18, 2.4725675484e-18, 9.90745342325e-19, 2.38147883293e-19, 2.87649149958e-20], "median": [0.0188040211797, 0.12238150835, 0.335238814354, 1.09555768967, 6.10378313065, 10.8707008362, 14.4135856628, 19.1949596405, 34.9106445312, 15.0238857269, 11.0628795624, 8.23246002197, 6.86340618134, 8.0867433548, 7.02661418915, 7.68765354156, 4.8099398613, 3.34922742844, 2.45751714706, 1.71495008469, 1.70678400993, 1.05268478394, 0.711796879768, 0.380578756332, 0.324086308479, 0.195904612541, 0.0770024657249, 0.0283582434058, 0.0177263207734, 0.0143104465678, 0.0169232226908, 0.012976270169, 0.0072476323694, 0.00383898126893, 0.00181198096834, 0.000647558132187, 0.000219460489461, 4.89896738145e-05, 1.99069691007e-05, 2.76054342976e-05], "max": [1.01347851753, 11.6262731552, 56.4299507141, 96.1562347412, 593.228820801, 1504.72790527, 957.207397461, 881.489440918, 1957.36621094, 944.125976562, 1627.18847656, 746.473083496, 987.29486084, 1743.19543457, 557.896850586, 1101.23632812, 987.12298584, 848.446777344, 446.113342285, 96.5112457275, 358.920471191, 71.9070587158, 32.5263290405, 35.33543396, 31.5111026764, 23.6810913086, 3.21742725372, 4.18967533112, 10.5952882767, 2.40685963631, 2.4545507431, 4.52008295059, 3.18153595924, 3.67036962509, 1.92564499378, 0.653645396233, 0.552050173283, 0.195610433817, 0.0463831573725, 0.004002740141]}, "silence_rate_30dB": {"dmean": 0.00544727221131, "dvar2": 0.0124806854874, "mean": 0.993446826935, "var": 0.00651012966409, "dmean2": 0.0108954720199, "dvar": 0.00541807198897, "min": 0, "median": 1, "max": 1}, "silence_rate_60dB": {"dmean": 0.00766022643074, "dvar2": 0.0183191485703, "mean": 0.0514893606305, "var": 0.0488396473229, "dmean2": 0.0153217567131, "dvar": 0.00760226836428, "min": 0, "median": 0, "max": 1}, "spectral_energyband_middle_low": {"dmean": 0.00503619154915, "dvar2": 0.000102778358269, "mean": 0.0202784854919, "var": 0.000350314687239, "dmean2": 0.00694089476019, "dvar": 6.05390705459e-05, "min": 1.54728137205e-22, "median": 0.0151224490255, "max": 0.375609993935}, "spectral_spread": {"dmean": 279617.21875, "dvar2": 649282453504, "mean": 2568569.75, "var": 16780829392900.0, "dmean2": 477596.6875, "dvar": 277763948544, "min": 504432.53125, "median": 1941398, "max": 43012444}, "barkbands": {"dmean": [5.73973993596e-05, 0.000485921744257, 0.00044346039067, 0.000511746795382, 0.00204899627715, 0.00179724302143, 0.00183511467185, 0.000787194061559, 0.000415689457441, 0.000377723656129, 0.000121093653433, 0.000269029696938, 0.00017949991161, 9.86006925814e-05, 5.27427910129e-05, 3.26568369928e-05, 2.09356385312e-05, 6.56013298794e-06, 6.60849582346e-06, 5.40965856999e-06, 9.50303899572e-07, 8.16978229068e-07, 1.25322412714e-06, 1.43855106671e-06, 8.85876431767e-07, 9.47084117797e-07, 1.18157822726e-06], "dvar2": [1.88027001968e-07, 4.09070526075e-06, 4.25956886829e-06, 4.05689388572e-06, 4.3495922000