{"tonal": {"hpcp": {"dvar": [0.0360083505511, 0.0277916211635, 0.0215461272746, 0.0214869398624, 0.026018127799, 0.0380206368864, 0.0551973581314, 0.0539035536349, 0.0529287904501, 0.0457721315324, 0.0319986753166, 0.0220742896199, 0.0214968044311, 0.0237242151052, 0.0306720398366, 0.0393107272685, 0.0321362428367, 0.0223200600594, 0.0174057632685, 0.0181294120848, 0.0273650232702, 0.0338253043592, 0.0221134033054, 0.0416493862867, 0.0273373611271, 0.0102124996483, 0.0252935104072, 0.0311022493988, 0.0296632871032, 0.0438489429653, 0.0597019940615, 0.0391607619822, 0.0334388054907, 0.0347988940775, 0.0439258553088, 0.0472175702453], "var": [0.073102787137, 0.0433979406953, 0.0183784272522, 0.0170680377632, 0.0226091388613, 0.0623756051064, 0.124665230513, 0.0845249518752, 0.0811338275671, 0.0801526010036, 0.0357827171683, 0.0150765655562, 0.0142312338576, 0.0179245527834, 0.0438669547439, 0.085462808609, 0.0498768426478, 0.0186266433448, 0.013213169761, 0.0136928893626, 0.0396727211773, 0.0649864152074, 0.0287076793611, 0.0445357486606, 0.029221765697, 0.00781920365989, 0.0297466088086, 0.0498878881335, 0.0344957821071, 0.0793548226357, 0.141090139747, 0.0632984414697, 0.0260635763407, 0.02480539307, 0.0326779223979, 0.0503862760961], "median": [0.0859107598662, 0.0520411580801, 0.0099500278011, 0.00665646139532, 0.0143665680662, 0.130552396178, 0.242950826883, 0.208196178079, 0.12345059216, 0.0930902734399, 0.0335254408419, 0.012797945179, 0.0114192068577, 0.0133337182924, 0.0864380598068, 0.166626185179, 0.107448875904, 0.0225882884115, 0.0113302310929, 0.0125900590792, 0.0700720846653, 0.111805468798, 0.0815211758018, 0.0363687872887, 0.0231685228646, 0.0111075369641, 0.042460821569, 0.0685608237982, 0.0699421986938, 0.233563274145, 0.381909519434, 0.203369870782, 0.0231355130672, 0.0110882548615, 0.0103258928284, 0.0485401041806], "max": [1, 1, 1, 1, 1, 1, 1, 1, 1, 1, 1, 1, 1, 1, 1, 1, 1, 1, 1, 1, 1, 1, 1, 1, 1, 1, 1, 1, 1, 1, 1, 1, 1, 1, 1, 1], "dmean": [0.12745988369, 0.101283855736, 0.0634848475456, 0.0605264008045, 0.0864278152585, 0.163418591022, 0.20685364306, 0.219029575586, 0.199798211455, 0.165518835187, 0.111072778702, 0.0715310499072, 0.066297724843, 0.0773602053523, 0.126572847366, 0.163523897529, 0.138816595078, 0.0830019414425, 0.0567560754716, 0.0630681663752, 0.110024623573, 0.13585306704, 0.108855210245, 0.128846734762, 0.10116289556, 0.0494581647217, 0.0979286655784, 0.12176451087, 0.12534300983, 0.197589933872, 0.217020407319, 0.180884122849, 0.103834144771, 0.0885050967336, 0.108241006732, 0.12997931242], "dmean2": [0.212959244847, 0.169956102967, 0.113134853542, 0.110712744296, 0.156529724598, 0.275962740183, 0.345220685005, 0.378805458546, 0.342389464378, 0.279313951731, 0.194777548313, 0.131598293781, 0.122732654214, 0.140909865499, 0.212388202548, 0.270769685507, 0.2339605093, 0.148999720812, 0.103272311389, 0.114647939801, 0.186069458723, 0.225033342838, 0.184950202703, 0.231486603618, 0.182196557522, 0.0878545939922, 0.167760297656, 0.20843988657, 0.219430506229, 0.334456264973, 0.368793904781, 0.307779759169, 0.188942968845, 0.163508608937, 0.19955983758, 0.228902295232], "mean": [0.20414878428, 0.13777756691, 0.0540495999157, 0.0468641519547, 0.0698294937611, 0.231415897608, 0.381885737181, 0.30567368865, 0.244483619928, 0.219013601542, 0.11371819675, 0.0542127713561, 0.0514780208468, 0.0629238188267, 0.168364614248, 0.279786020517, 0.1933285743, 0.0727256834507, 0.0467994883657, 0.05258179456, 0.148688733578, 0.212943002582, 0.14308257401, 0.119906462729, 0.0915881767869, 0.041672386229, 0.110154569149, 0.160700768232, 0.140799686313, 0.318845361471, 0.478361576796, 0.276318579912, 0.0833918601274, 0.0655550286174, 0.0791343450546, 0.144372671843], "dvar2": [0.0893076583743, 0.0721198692918, 0.058786906302, 0.0594775564969, 0.0700963512063, 0.102318845689, 0.133338287473, 0.147866636515, 0.140246227384, 0.114910289645, 0.0865767523646, 0.0625025331974, 0.0619378685951, 0.066511400044, 0.0793143510818, 0.0969427451491, 0.084672562778, 0.0618857778609, 0.048459738493, 0.0499679408967, 0.0730352774262, 0.0846942141652, 0.0589404590428, 0.109787538648, 0.0734303444624, 0.0286144744605, 0.0674020200968, 0.0800670310855, 0.0793801322579, 0.115461997688, 0.136701881886, 0.105976320803, 0.0920534655452, 0.0972655341029, 0.122739516199, 0.131725460291], "min": [0, 0, 0, 0, 0, 0, 0, 0, 0, 0, 0, 0, 0, 0, 0, 0, 0, 0, 0, 0, 0, 0, 0, 0, 0, 0, 0, 0, 0, 0, 0, 0, 0, 0, 0, 0]}, "key_key": "C", "thpcp": [1, 0.577635407448, 0.17432808876, 0.137040749192, 0.1654278934, 0.301806569099, 0.426766693592, 0.28801971674, 0.112989008427, 0.0979680493474, 0.145976379514, 0.483767747879, 0.798320233822, 0.639001369476, 0.511085391045, 0.457841128111, 0.237724348903, 0.113330110908, 0.107613198459, 0.131540283561, 0.351960986853, 0.584883987904, 0.404147386551, 0.152030780911, 0.0978328734636, 0.109920606017, 0.310829162598, 0.445150732994, 0.29910966754, 0.250660717487, 0.191462233663, 0.0871148258448, 0.230274707079, 0.33593994379, 0.294337362051, 0.666536331177], "chords_key": "G", "tuning_equal_tempered_deviation": 0.0120569672436, "tuning_frequency": 440, "tuning_diatonic_strength": 0.650632977486, "chords_histogram": [15.7116451263, 14.4177446365, 49.4146652222, 2.50564789772, 7.5580201149, 0, 1.80735266209, 0.14376668632, 0.780447721481, 0, 0, 0, 0, 0, 0, 0, 0, 0.0821523889899, 0, 0.349147677422, 0, 0.0616142936051, 0, 7.16779613495], "key_strength": 0.81123572588, "key_scale": "major", "chords_strength": {"dvar": 0.000436535221525, "var": 0.0321117714047, "median": 0.575971841812, "max": 0.778244078159, "dmean": 0.00822215061635, "dmean2": 0.00800372101367, "mean": 0.558367669582, "dvar2": 0.000816744752228, "min": -1}, "chords_number_rate": 0.00143766682595, "tuning_nontempered_energy_ratio": 0.638560891151, "hpcp_entropy": {"dvar": 0.238351643085, "var": 0.531684994698, "median": 2.0538547039, "max": 4.36336517334, "dmean": 0.578158795834, "dmean2": 0.966397464275, "mean": 1.98881340027, "dvar2": 0.613956928253, "min": 0}, "chords_changes_rate": 0.0345040038228, "chords_scale": "major"}, "rhythm": {"bpm_histogram_first_peak_spread": {"dvar": 0, "var": 0, "median": 0.263261318207, "max": 0.263261318207, "dmean": 0, "dmean2": 0, "mean": 0.263261318207, "dvar2": 0, "min": 0.263261318207}, "bpm_histogram_first_peak_weight": {"dvar": 0, "var": 0, "median": 0.718390822411, "max": 0.718390822411, "dmean": 0, "dmean2": 0, "mean": 0.718390822411, "dvar2": 0, "min": 0.718390822411}, "bpm_histogram_first_peak_bpm": {"dvar": 0, "var": 0, "median": 140, "max": 140, "dmean": 0, "dmean2": 0, "mean": 140, "dvar2": 0, "min": 140}, "bpm": 139.998733521, "bpm_histogram_second_peak_weight": {"dvar": 0, "var": 0, "median": 0.00766283506528, "max": 0.00766283506528, "dmean": 0, "dmean2": 0, "mean": 0.00766283506528, "dvar2": 0, "min": 0.00766283506528}, "beats_loudness": {"dvar": 0.000179031238076, "var": 0.000370808789739, "median": 0.041924122721, "max": 0.0926408469677, "dmean": 0.0177447795868, "dmean2": 0.0330637171865, "mean": 0.04132373631, "dvar2": 0.00061965698842, "min": 1.98687052921e-10}, "beats_loudness_band_ratio": {"dvar": [0.0349236652255, 0.0313548110425, 0.0107166208327, 0.00257613416761, 0.000981007935479, 0.000465614371933], "var": [0.0645924955606, 0.0386156477034, 0.0155315529555, 0.00303284381516, 0.00104451959487, 0.0011841673404], "median": [0.379399359226, 0.386460900307, 0.172773867846, 0.0540461614728, 0.0245224162936, 0.0113103846088], "max": [0.948533177376, 0.788186371326, 0.613558590412, 0.369195133448, 0.19558429718, 0.325036674738], "dmean": [0.411073386669, 0.25254830718, 0.143429711461, 0.0568090863526, 0.0308878850192, 0.0161483623087], "dmean2": [0.816088140011, 0.487157851458, 0.270863592625, 0.106905981898, 0.0571389272809, 0.0305026639253], "mean": [0.422864466906, 0.368441224098, 0.197476997972, 0.0706712603569, 0.0344577729702, 0.0174849648029], "dvar2": [0.11810272187, 0.114553011954, 0.0318515524268, 0.00801947433501, 0.00302333943546, 0.00123588135466], "min": [0.0219055432826, 0.00248560076579, 0.00400957698002, 0.0047837975435, 0.00129377935082, 0.00041865077219]}, "bpm_histogram_second_peak_bpm": {"dvar": 0, "var": 0, "median": 110, "max": 110, "dmean": 0, "dmean2": 0, "mean": 110, "dvar2": 0, "min": 110}, "onset_rate": 3.96801066399, "beats_count": 523, "beats_position": [0.46439909935, 0.940408170223, 1.39319729805, 1.82276642323, 2.2523355484, 2.69351458549, 3.13469386101, 3.56426286697, 3.99383211136, 4.41179132462, 4.82975053787, 5.25931978226, 5.6888885498, 6.13006782532, 6.5596370697, 6.98920631409, 7.41877555847, 7.84834432602, 8.26630401611, 8.6958732605, 9.12544155121, 9.55501079559, 9.98458003998, 10.4141492844, 10.8437185287, 11.261677742, 11.6912469864, 12.1208162308, 12.538775444, 12.9799547195, 13.4095239639, 13.8390922546, 14.268661499, 14.6982307434, 15.1277999878, 15.5573692322, 15.9753284454, 16.4048976898, 16.8344669342, 17.2640361786, 17.693605423, 18.1231746674, 18.5527439117, 18.9823131561, 19.4118824005, 19.8414516449, 20.2710208893, 20.6889801025, 21.1301574707, 21.5597267151, 21.9892959595, 22.4188652039, 22.8484344482, 23.2780036926, 23.707572937, 24.1371421814, 24.5667114258, 24.984670639, 25.4026298523, 25.8321990967, 26.2617683411, 26.7029476166, 27.1441268921, 27.5736961365, 28.0032653809, 28.4212245941, 28.8391838074, 29.2687530518, 29.6983222961, 30.1394996643, 30.5574588776, 30.9870281219, 31.4165973663, 31.8461666107, 32.2757377625, 32.6936950684, 33.111656189, 33.5412254333, 33.9707946777, 34.4003639221, 34.8299331665, 35.2594985962, 35.6890678406, 36.118637085, 36.5482063293, 36.9777755737, 37.4073448181, 37.8369140625, 38.2664833069, 38.6960525513, 39.1256217957, 39.55519104, 39.9847602844, 40.4259414673, 40.8438987732, 41.2618598938, 41.6914291382, 42.1209983826, 42.550567627, 42.9801368713, 43.3980941772, 43.8276634216, 44.257232666, 44.6984100342, 45.1163711548, 45.5459403992, 45.9755096436, 46.4050788879, 46.8346481323, 47.2642173767, 47.6937866211, 48.111743927, 48.5413131714, 48.9708824158, 49.4004516602, 49.8300209045, 50.2479820251, 50.6775512695, 51.1071205139, 51.5366897583, 51.9662590027, 52.3958282471, 52.8253974915, 53.2549667358, 53.6845359802, 54.1141014099, 54.5436706543, 54.9732398987, 55.4028091431, 55.8323783875, 56.2619476318, 56.6915168762, 57.1210861206, 57.550655365, 57.9802246094, 58.4097938538, 58.8393630981, 59.2689323425, 59.6985015869, 60.1280708313, 60.5460319519, 60.9756011963, 61.4051704407, 61.8347396851, 62.2643089294, 62.6938781738, 63.1234474182, 63.5530128479, 63.9709739685, 64.4005432129, 64.8301086426, 65.2712936401, 65.6892471313, 66.1188201904, 66.5483856201, 66.9779586792, 67.3959197998, 67.8254852295, 68.2550582886, 68.6962356567, 69.1258010864, 69.5553741455, 69.9849395752, 70.4145126343, 70.844078064, 71.273651123, 71.7032165527, 72.1444015503, 72.5623550415, 72.9919281006, 73.4214935303, 73.8394546509, 74.2574157715, 74.6869812012, 75.1165542603, 75.5461196899, 75.975692749, 76.4052581787, 76.8348312378, 77.252784729, 77.6823577881, 78.1119232178, 78.5414962769, 78.9710617065, 79.4006347656, 79.8302001953, 80.2597732544, 80.6893386841, 81.1072998047, 81.5368728638, 81.9664382935, 82.4076156616, 82.8255767822, 83.2435379028, 83.6731033325, 84.1142807007, 84.5438537598, 84.9734191895, 85.4029922485, 85.8441696167, 86.2621307373, 86.691696167, 87.1096572876, 87.5392303467, 87.9687957764, 88.3983688354, 88.8279342651, 89.2575073242, 89.6870727539, 90.116645813, 90.5462112427, 90.9757843018, 91.393737793, 91.8233108521, 92.2528762817, 92.6940536499, 93.123626709, 93.5531921387, 93.9827651978, 94.4123306274, 94.830291748, 95.2482528687, 95.6662139893, 96.1073913574, 96.5485687256, 96.9781417847, 97.4077072144, 97.8372802734, 98.2668457031, 98.6964187622, 99.1259841919, 99.555557251, 99.9851226807, 100.41469574, 100.844261169, 101.26222229, 101.680175781, 102.10974884, 102.53931427, 102.968887329, 103.398452759, 103.828025818, 104.257591248, 104.698776245, 105.116729736, 105.557914734, 105.975868225, 106.405441284, 106.835006714, 107.264579773, 107.694145203, 108.112106323, 108.530067444, 108.959632874, 109.389205933, 109.818771362, 110.248344421, 110.677909851, 111.10748291, 111.525436401, 111.95500946, 112.38457489, 112.825759888, 113.255325317, 113.684898376, 114.114463806, 114.544036865, 114.973602295, 115.403175354, 115.832740784, 116.262313843, 116.691879272, 117.121452332, 117.551017761, 117.98059082, 118.41015625, 118.839729309, 119.269294739, 119.698867798, 120.128433228, 120.557998657, 120.987571716, 121.405532837, 121.835098267, 122.253059387, 122.682624817, 123.112197876, 123.553375244, 123.982948303, 124.412513733, 124.842086792, 125.271652222, 125.689613342, 126.119178772, 126.548751831, 126.978317261, 127.40789032, 127.83745575, 128.267028809, 128.6849823, 129.114562988, 129.544128418, 129.973693848, 130.403259277, 130.844436646, 131.262405396, 131.680358887, 132.109924316, 132.539505005, 132.969070435, 133.398635864, 133.828201294, 134.257781982, 134.687347412, 135.116912842, 135.534866333, 135.964447021, 136.394012451, 136.823577881, 137.253143311, 137.682723999, 138.112289429, 138.541854858, 138.971420288, 139.401000977, 139.830566406, 140.248519897, 140.678085327, 141.107666016, 141.548843384, 141.966796875, 142.396362305, 142.825942993, 143.255508423, 143.685073853, 144.114639282, 144.544219971, 144.962173462, 145.391738892, 145.82131958, 146.239273071, 146.668838501, 147.098403931, 147.527984619, 147.969161987, 148.398727417, 148.828292847, 149.257858276, 149.675827026, 150.105392456, 150.534957886, 150.952926636, 151.394104004, 151.823669434, 152.253234863, 152.682815552, 153.112380981, 153.541946411, 153.971511841, 154.412689209, 154.830657959, 155.24861145, 155.689788818, 156.119369507, 156.548934937, 156.978500366, 157.408065796, 157.826034546, 158.255599976, 158.685165405, 159.114730835, 159.544311523, 159.962265015, 160.391830444, 160.821395874, 161.250976562, 161.680541992, 162.110107422, 162.539672852, 162.96925354, 163.39881897, 163.816772461, 164.234741211, 164.675918579, 165.105484009, 165.535049438, 165.953018188, 166.382583618, 166.812149048, 167.241714478, 167.671295166, 168.112472534, 168.542037964, 168.971603394, 169.401168823, 169.830749512, 170.248703003, 170.678268433, 171.107849121, 171.537414551, 171.96697998, 172.384933472, 172.81451416, 173.24407959, 173.662033081, 174.09161377, 174.521179199, 174.950744629, 175.380310059, 175.821487427, 176.251068115, 176.680633545, 177.098587036, 177.528152466, 177.957733154, 178.387298584, 178.816864014, 179.246429443, 179.676010132, 180.1171875, 180.54675293, 180.976318359, 181.394287109, 181.823852539, 182.253417969, 182.682983398, 183.112564087, 183.530517578, 183.948471069, 184.378051758, 184.807617188, 185.248794556, 185.689971924, 186.119537354, 186.549118042, 186.99029541, 187.41986084, 187.84942627, 188.26739502, 188.685348511, 189.103302002, 189.521270752, 189.96244812, 190.39201355, 190.821578979, 191.251159668, 191.680725098, 192.121902466, 192.539855957, 192.981033325, 193.410614014, 193.840179443, 194.258132935, 194.687713623, 195.117279053, 195.546844482, 195.976409912, 196.394378662, 196.823944092, 197.253509521, 197.683074951, 198.11265564, 198.542221069, 198.971786499, 199.38973999, 199.80770874, 200.225662231, 200.655227661, 201.08480835, 201.514373779, 201.943939209, 202.373504639, 202.803085327, 203.232650757, 203.662216187, 204.080184937, 204.509750366, 204.939315796, 205.357269287, 205.786849976, 206.216415405, 206.657592773, 207.075546265, 207.505126953, 207.934692383, 208.364257812, 208.793823242, 209.23500061, 209.676193237, 210.105758667, 210.535324097, 210.976501465, 211.417678833, 211.847259521, 212.276824951, 212.694778442, 213.124343872, 213.553924561, 213.98348999, 214.41305542, 214.84262085, 215.272201538, 215.690155029, 216.108108521, 216.537689209, 216.967254639, 217.396820068, 217.826385498, 218.255966187, 218.697143555, 219.138320923, 219.579498291, 220.067123413, 220.554733276, 221.042358398, 221.576416016, 222.110473633, 222.656143188, 223.201812744, 223.7474823, 224.304763794, 224.862030029, 225.407699585], "danceability": 1.06683945656, "bpm_histogram_second_peak_spread": {"dvar": 0, "var": 0, "median": 0.5, "max": 0.5, "dmean": 0, "dmean2": 0, "mean": 0.5, "dvar2": 0, "min": 0.5}}, "lowlevel": {"spectral_flux": {"dvar": 0.00103067117743, "var": 0.00234717922285, "median": 0.076984077692, "max": 0.306650608778, "dmean": 0.0257611144334, "dmean2": 0.0413554534316, "mean": 0.0830976888537, "dvar2": 0.00222058338113, "min": 5.07780168846e-06}, "spectral_rolloff": {"dvar": 869706.875, "var": 3266842.75, "median": 775.1953125, "max": 14857.9101562, "dmean": 366.056549072, "dmean2": 619.737670898, "mean": 1212.9140625, "dvar2": 1932022, "min": 21.533203125}, "barkbands_flatness_db": {"dvar": 0.00033277500188, "var": 0.00146706344094, "median": 0.138664856553, "max": 0.339248597622, "dmean": 0.0193113572896, "dmean2": 0.0301020350307, "mean": 0.140345603228, "dvar2": 0.000798178720288, "min": 0.0349866002798}, "spectral_centroid": {"dvar": 40974.5625, "var": 318141.65625, "median": 780.378417969, "max": 4137.33691406, "dmean": 154.308242798, "dmean2": 238.899368286, "mean": 921.740783691, "dvar2": 85227.71875, "min": 226.164474487}, "melbands_skewness": {"dvar": 0.418698579073, "var": 1.21189498901, "median": 2.02116441727, "max": 9.81163311005, "dmean": 0.579949915409, "dmean2": 0.907720565796, "mean": 2.19513845444, "dvar2": 0.989744961262, "min": -0.526818752289}, "melbands": {"dvar": [2.4003757062e-06, 4.05792388847e-06, 1.13188252726e-06, 5.16406771567e-06, 3.76164763338e-07, 3.8997919205e-07, 2.52402827527e-07, 3.74592076469e-07, 1.04201376416e-07, 3.26026849962e-08, 4.8469757985e-08, 7.8347444088e-09, 6.97729074517e-09, 3.80841091996e-09, 1.74276582054e-09, 9.50049039439e-10, 2.06296801863e-09, 1.06095920938e-09, 6.75277556095e-10, 3.03047920092e-10, 2.28188815066e-10, 2.2912075015e-10, 3.99597299694e-10, 1.68238964426e-10, 1.67537182044e-11, 1.38565018834e-11, 1.10963590746e-11, 1.32536316991e-11, 4.77545390384e-12, 1.17105771694e-12, 3.97712976918e-13, 7.61379999846e-13, 4.70407176753e-12, 7.44233581013e-12, 1.11145233642e-11, 7.49938913053e-12, 5.11403029299e-12, 4.63991345345e-12, 4.07512175046e-12, 1.90481701592e-12], "var": [3.037055194e-06, 3.45338889929e-06, 1.58482521329e-06, 5.13628310728e-06, 8.82261133484e-07, 9.33838009587e-07, 9.06235413822e-07, 1.14032764031e-06, 2.68769497325e-07, 9.50130925048e-08, 1.39780922837e-07, 2.75503175828e-08, 1.97481817565e-08, 1.02675725699e-08, 4.68010785681e-09, 2.23901008845e-09, 4.09294065307e-09, 2.50985232597e-09, 1.47490097913e-09, 7.51126161269e-10, 6.53461063038e-10, 8.31767099641e-10, 1.0693388397e-09, 4.58119375768e-10, 4.99914866448e-11, 5.34699159949e-11, 2.88344140231e-11, 3.46358011716e-11, 1.59437255065e-11, 1.52333636157e-12, 5.60877678937e-13, 1.53918652997e-12, 1.1089365537e-11, 1.46245637128e-11, 2.45230277057e-11, 1.8896949977e-11, 1.23944474476e-11, 1.00929186883e-11, 8.40108711764e-12, 3.17944151909e-12], "median": [0.000326668116031, 0.000418025592808, 0.000550766126253, 0.00078191247303, 0.000559758278541, 0.000432047760114, 0.000411866698414, 0.000249265751336, 0.000150795021909, 0.000102276288089, 0.000108907799586, 4.51687119494e-05, 5.22021764482e-05, 3.6397461372e-05, 3.28622481902e-05, 2.31595204241e-05, 2.05711985473e-05, 1.32341783683e-05, 1.00774668681e-05, 6.69465498504e-06, 5.14068005941e-06, 4.86481803819e-06, 7.01950921211e-06, 6.28849193163e-06, 2.56721114056e-06, 1.54393023877e-06, 1.62393234859e-06, 1.23470454128e-06, 6.72773069255e-07, 4.43140208972e-07, 2.1280106921e-07, 2.03183219583e-07, 2.90646880785e-07, 2.95458391975e-07, 1.94079660787e-07, 1.45201894952e-07, 1.57309372639e-07, 1.63271579368e-07, 1.03837351162e-07, 7.06826313035e-08], "max": [0.0149431433529, 0.0229311157018, 0.0148234274238, 0.023352002725, 0.0116168214008, 0.0139411753044, 0.0185442399234, 0.0115270800889, 0.00631540594622, 0.00538791250437, 0.00651562726125, 0.00235942984, 0.00218113861047, 0.0016111175064, 0.00105138274375, 0.000894822063856, 0.00128866371233, 0.000599460967351, 0.00052184285596, 0.000599955616053, 0.000355114141712, 0.000498282373883, 0.000659058103338, 0.000234506747802, 0.000108947293484, 0.000252955855103, 0.000108583582914, 0.000100363249658, 6.25580869382e-05, 4.9188027333e-05, 1.68732458405e-05, 3.8704911276e-05, 9.14740230655e-05, 0.000105810140667, 0.000101770587207, 7.80528062023e-05, 6.64262624923e-05, 7.19695162843e-05, 6.07128458796e-05, 3.84703089367e-05], "dmean": [0.000680430443026, 0.000872541742865, 0.00065325043397, 0.00110053294338, 0.000460414797999, 0.000365612737369, 0.00026640665601, 0.000317733065458, 0.000161562318681, 8.67493872647e-05, 0.000106586026959, 4.22042139689e-05, 4.67955869681e-05, 3.22452797263e-05, 2.46515701292e-05, 1.79609414772e-05, 2.13187886402e-05, 1.59443006851e-05, 1.2154054275e-05, 8.13016140455e-06, 6.41484712105e-06, 6.31036391496e-06, 8.49570824357e-06, 6.75291175867e-06, 2.24729569709e-06, 1.38826158036e-06, 1.56518160566e-06, 1.44739658481e-06, 8.94630261428e-07, 4.24741301686e-07, 2.70782919642e-07, 3.38281779477e-07, 6.66182188525e-07, 7.68963502651e-07, 7.69180871885e-07, 6.25850134384e-07, 5.38977815268e-07, 5.24800725543e-07, 4.55211107919e-07, 3.13583200295e-07], "dmean2": [0.00105394097045, 0.00147688097786, 0.00108727742918, 0.00185069523286, 0.00073516118573, 0.000583413813729, 0.00040599174099, 0.00047645898303, 0.000246479816269, 0.000129975815071, 0.00015911020455, 6.50462752674e-05, 7.24243946024e-05, 4.91455903102e-05, 3.74976516468e-05, 2.79165305983e-05, 3.38492063747e-05, 2.48831856879e-05, 1.88850644918e-05, 1.26556642499e-05, 1.00406841739e-05, 9.57461998041e-06, 1.30330145112e-05, 1.05258231997e-05, 3.55178303835e-06, 2.18354671233e-06, 2.47568937084e-06, 2.28735370911e-06, 1.3731485069e-06, 7.02638772054e-07, 4.47495807521e-07, 5.43589351309e-07, 9.98121208795e-07, 1.16916237403e-06, 1.14697684239e-06, 9.30174053337e-07, 7.8560486827e-07, 7.83074881383e-07, 6.92979313044e-07, 4.85209568524e-07], "mean": [0.00086923368508, 0.000956001807936, 0.00096439110348, 0.00152468087617, 0.000855261518154, 0.000720429059584, 0.000689407228492, 0.000653474591672, 0.000325327477185, 0.000194373220438, 0.000227854136028, 9.4270108093e-05, 9.35421630857e-05, 6.64510807837e-05, 5.23026465089e-05, 3.63052931789e-05, 3.91074281652e-05, 2.95748104691e-05, 2.24364630412e-05, 1.51063613885e-05, 1.27501652969e-05, 1.38572477226e-05, 1.76520716195e-05, 1.3789370314e-05, 4.93950074087e-06, 3.26326244249e-06, 3.30886427946e-06, 3.02357875626e-06, 1.87840839772e-06, 7.99230349458e-07, 4.68291347033e-07, 5.67461313494e-07, 1.16823514418e-06, 1.32120396756e-06, 1.231704573e-06, 1.00723889318e-06, 8.83938469087e-07, 8.61156252085e-07, 6.82714812683e-07, 4.36181323948e-07], "dvar2": [5.15883357366e-06, 1.05423659988e-05, 2.91903074867e-06, 1.4124979316e-05, 9.3868732165e-07, 9.79456672212e-07, 5.63537696507e-07, 8.37644506646e-07, 2.49756851645e-07, 7.29040721126e-08, 1.18272467375e-07, 1.84187545216e-08, 1.72716809743e-08, 9.29125931748e-09, 4.00739086359e-09, 2.22316320908e-09, 4.99231544993e-09, 2.43370434916e-09, 1.63485402993e-09, 6.90218271426e-10, 5.05665953554e-10, 4.76118700021e-10, 8.87628137658e-10, 3.87099935439e-10, 3.83729818754e-11, 3.37586347765e-11, 2.59179240569e-11, 2.92797348866e-11, 9.91292898461e-12, 3.14312703469e-12, 1.04592560741e-12, 1.69006269483e-12, 8.69561714301e-12, 1.58521598626e-11, 2.27303852823e-11, 1.47727958338e-11, 1.03611485711e-11, 9.86488321586e-12, 8.40667639668e-12, 4.21853958016e-12], "min": [2.46432388384e-12, 1.67612709194e-14, 1.97145427695e-14, 1.53579812713e-14, 2.23022080946e-14, 1.25410986663e-14, 1.27456723696e-14, 1.59679432491e-14, 1.87633620392e-14, 1.94738160059e-14, 2.22672950906e-14, 1.07453811948e-14, 2.28112664256e-14, 2.26098318263e-14, 2.41967599115e-14, 1.30753494512e-14, 1.01156553972e-14, 2.57496389662e-14, 2.39022685786e-14, 2.33062707859e-14, 3.1958041492e-14, 3.62384953859e-14, 8.49847468331e-15, 1.07735924741e-14, 1.2781674658e-14, 1.55221684437e-14, 9.45216432522e-15, 2.19361187607e-14, 4.54488639919e-14, 2.90705332799e-14, 1.72621994281e-14, 1.69170402784e-14, 2.70136323521e-14, 2.48047415263e-14, 1.2860908661e-14, 1.63696096608e-14, 1.17832828523e-14, 9.95520872227e-15, 1.26364118957e-14, 1.51028769704e-14]}, "spectral_decrease": {"dvar": 1.18063141414e-17, "var": 2.67022901457e-17, "median": -6.45305942015e-09, "max": -5.91252819985e-18, "dmean": 2.48255771496e-09, "dmean2": 3.91628418583e-09, "mean": -7.33601357439e-09, "dvar2": 2.95143137991e-17, "min": -3.12646832867e-08}, "barkbands_kurtosis": {"dvar": 15.1687965393, "var": 27.2316627502, "median": 3.15820479393, "max": 68.7751159668, "dmean": 2.66646766663, "dmean2": 4.27307128906, "mean": 4.48285055161, "dvar2": 37.2552223206, "min": -1.91869151592}, "silence_rate_30dB": {"dvar": 0, "var": 0, "median": 1, "max": 1, "dmean": 0, "dmean2": 0, "mean": 1, "dvar2": 0, "min": 1}, "gfcc": {"mean": [-36.8810768127, 114.877105713, -109.566368103, 10.6532030106, -56.3370857239, 2.32868289948, -39.757850647, 6.54807472229, -24.5103759766, -0.697134554386, -11.2188844681, -0.0419301725924, -12.9781446457], "cov": [[29945.3378906, 2033.04650879, -1015.78253174, -270.251190186, -875.299865723, 49.1000404358, -1189.56420898, 230.340530396, -160.010192871, -15.867266655, -26.2639789581, 230.573623657, -165.63482666], [2033.04650879, 1582.87329102, -469.686645508, -80.6928710938, 82.7598648071, -232.606521606, 78.7758331299, -83.4795455933, -16.6549873352, -69.2891464233, 72.6582489014, -93.8772506714, 64.5786743164], [-1015.78253174, -469.686645508, 598.744995117, 5.00206708908, 73.371673584, 151.782684326, 14.9822454453, 24.6922397614, 6.56660985947, 38.1041641235, -48.9933433533, 50.3333778381, -50.1212844849], [-270.251190186, -80.6928710938, 5.00206708908, 278.019378662, 60.4644012451, -5.10805463791, 56.6626739502, -6.15333223343, 17.8064670563, 0.397565603256, 10.5643205643, 8.65594959259, 24.1277961731], [-875.299865723, 82.7598648071, 73.371673584, 60.4644012451, 237.206726074, 5.95570898056, 89.5649795532, 35.1008415222, 28.364692688, 10.637670517, 8.51150226593, 16.5795955658, 26.7341270447], [49.1000404358, -232.606521606, 151.782684326, -5.10805463791, 5.95570898056, 204.494567871, 3.20797514915, 32.9924049377, 19.9435195923, 12.8051776886, -7.84218740463, 10.8038606644, -22.4599246979], [-1189.56420898, 78.7758331299, 14.9822454453, 56.6626739502, 89.5649795532, 3.20797514915, 204.134475708, 10.7682600021, 5.37989997864, 26.5662975311, 19.3722934723, -13.1891613007, 17.6722373962], [230.340530396, -83.4795455933, 24.6922397614, -6.15333223343, 35.1008415222, 32.9924049377, 10.7682600021, 123.395324707, 39.7207870483, 20.5681056976, 13.1001176834, 10.4018392563, 0.233328044415], [-160.010192871, -16.6549873352, 6.56660985947, 17.8064670563, 28.364692688, 19.9435195923, 5.37989997864, 39.7207870483, 96.5944595337, 16.1012248993, 13.9929618835, 5.84934425354, 11.5103006363], [-15.867266655, -69.2891464233, 38.1041641235, 0.397565603256, 10.637670517, 12.8051776886, 26.5662975311, 20.5681056976, 16.1012248993, 83.6583557129, 17.9529476166, 3.70145773888, -6.11040735245], [-26.2639789581, 72.6582489014, -48.9933433533, 10.5643205643, 8.51150226593, -7.84218740463, 19.3722934723, 13.1001176834, 13.9929618835, 17.9529476166, 75.7942276001, 6.4443821907, 10.0033273697], [230.573623657, -93.8772506714, 50.3333778381, 8.65594959259, 16.5795955658, 10.8038606644, -13.1891613007, 10.4018392563, 5.84934425354, 3.70145773888, 6.4443821907, 90.977645874, 15.1209316254], [-165.63482666, 64.5786743164, -50.1212844849, 24.1277961731, 26.7341270447, -22.4599246979, 17.6722373962, 0.233328044415, 11.5103006363, -6.11040735245, 10.0033273697, 15.1209316254, 68.6627044678]], "icov": [[0.000104705803096, -0.000325460277963, 0.000100294317235, -0.000260861823335, 0.000361499522114, -0.000337230565492, 0.000628358800896, -0.000537715211976, 0.00033111841185, -0.000450277409982, 0.000362761085853, -0.000582395063248, 0.00029242830351], [-0.000325460277963, 0.00217884383164, 0.000291299918899, 0.00143748673145, -0.0018946682103, 0.00171956978738, -0.00227046129294, 0.00238906824961, -0.00119650061242, 0.00217942218296, -0.00202422845177, 0.00263531575911, -0.00114133604802], [0.000100294317235, 0.000291299918899, 0.0030766967684, 2.98889372061e-05, -0.000964180217125, -0.00156931055244, 0.00038713082904, 8.58590283315e-05, 0.000372085894924, -0.00113580655307, 0.00165987305809, -0.00166582700331, 0.00192706170492], [-0.000260861823335, 0.00143748673145, 2.98889372061e-05, 0.0050327880308, -0.00193462031893, 0.0012284721015, -0.00257302774116, 0.0024037193507, -0.00162626453675, 0.00186236144509, -0.00163143046666, 0.0016180134844, -0.00159906712361], [0.000361499522114, -0.0018946682103, -0.000964180217125, -0.00193462031893, 0.00775253260508, -0.000987670384347, 9.70274559222e-05, -0.00361642707139, 0.000314102304401, -0.0013789240038, 0.00180716963951, -0.00303149712272, -0.000495271349791], [-0.000337230565492, 0.00171956978738, -0.00156931055244, 0.0012284721015, -0.000987670384347, 0.00791721604764, -0.0024952411186, 0.000875950150657, -0.00219088839367, 0.0022711630445, -0.00185828621034, 0.00235034595244, -7.1931463026e-05], [0.000628358800896, -0.00227046129294, 0.00038713082904, -0.00257302774116, 9.70274559222e-05, -0.0024952411186, 0.0105481697246, -0.00334754097275, 0.00303677469492, -0.00481611816213, 0.00128247973043, -0.00189975567628, 0.000574333418626], [-0.000537715211976, 0.00238906824961, 8.58590283315e-05, 0.0024037193507, -0.00361642707139, 0.000875950150657, -0.00334754097275, 0.0134710064158, -0.00522189959884, 0.00140562234446, -0.00320866261609, 0.00274545419961, -0.00095235259505], [0.00033111841185, -0.00119650061242, 0.000372085894924, -0.00162626453675, 0.000314102304401, -0.00219088839367, 0.00303677469492, -0.00522189959884, 0.0140646444634, -0.00320929405279, 3.49337715306e-05, -0.00146798149217, -0.00116078229621], [-0.000450277409982, 0.00217942218296, -0.00113580655307, 0.00186236144509, -0.0013789240038, 0.0022711630445, -0.00481611816213, 0.00140562234446, -0.00320929405279, 0.0168778598309, -0.00552395079285, 0.00285647041164, 0.000110765380668], [0.000362761085853, -0.00202422845177, 0.00165987305809, -0.00163143046666, 0.00180716963951, -0.00185828621034, 0.00128247973043, -0.00320866261609, 3.49337715306e-05, -0.00552395079285, 0.01797025837, -0.00451238686219, 0.0008114069351], [-0.000582395063248, 0.00263531575911, -0.00166582700331, 0.0016180134844, -0.00303149712272, 0.00235034595244, -0.00189975567628, 0.00274545419961, -0.00146798149217, 0.00285647041164, -0.00451238686219, 0.0169011298567, -0.00580355897546], [0.00029242830351, -0.00114133604802, 0.00192706170492, -0.00159906712361, -0.000495271349791, -7.1931463026e-05, 0.000574333418626, -0.00095235259505, -0.00116078229621, 0.000110765380668, 0.0008114069351, -0.00580355897546, 0.0197004303336]]}, "silence_rate_20dB": {"dvar": 0, "var": 0, "median": 1, "max": 1, "dmean": 0, "dmean2": 0, "mean": 1, "dvar2": 0, "min": 1}, "barkbands_skewness": {"dvar": 0.275819182396, "var": 0.723426401615, "median": 1.51986598969, "max": 6.88960456848, "dmean": 0.488797307014, "dmean2": 0.767045915127, "mean": 1.63273608685, "dvar2": 0.64588534832, "min": -1.37200558186}, "erbbands_skewness": {"dvar": 0.0775064155459, "var": 0.444711089134, "median": 0.66808962822, "max": 4.25531435013, "dmean": 0.299046397209, "dmean2": 0.450292080641, "mean": 0.62794059515, "dvar2": 0.172721788287, "min": -4.62888908386}, "spectral_contrast_valleys": {"dvar": [0.163376092911, 0.0916340574622, 0.0726357698441, 0.068049415946, 0.0543806813657, 0.154491126537], "var": [3.23704719543, 3.15774250031, 2.74704241753, 2.58208036423, 2.32312846184, 2.64169979095], "median": [-7.0942029953, -6.17728328705, -7.10327339172, -7.76410198212, -7.98475980759, -10.5477657318], "max": [-5.20775699615, -4.51202106476, -5.38619804382, -6.25520801544, -6.30092716217, -7.68407440186], "dmean": [0.433061927557, 0.307850182056, 0.27591496706, 0.259019672871, 0.221283644438, 0.332133978605], "dmean2": [0.682185292244, 0.492198288441, 0.437198638916, 0.402305662632, 0.341127365828, 0.447247117758], "mean": [-7.50594043732, -6.59469842911, -7.49108028412, -8.1603679657, -8.34007167816, -10.9086360931], "dvar2": [0.324942708015, 0.200861498713, 0.159435927868, 0.139189422131, 0.115897320211, 0.30555665493], "min": [-18.8773269653, -17.8118915558, -18.082113266, -17.511384964, -16.8910236359, -18.2722225189]}, "spectral_strongpeak": {"dvar": 0.349929511547, "var": 0.824969053268, "median": 0.700997948647, "max": 8.40838241577, "dmean": 0.466304272413, "dmean2": 0.771139800549, "mean": 0.959536671638, "dvar2": 0.8613473773, "min": 0}, "erbbands_crest": {"dvar": 4.28984498978, "var": 13.2950410843, "median": 7.95118951797, "max": 28.282087326, "dmean": 2.21375274658, "dmean2": 3.49433159828, "mean": 8.7935590744, "dvar2": 10.0376358032, "min": 2.16578412056}, "barkbands_crest": {"dvar": 6.04517126083, "var": 13.2018299103, "median": 8.60379600525, "max": 24.9702701569, "dmean": 2.6458029747, "dmean2": 4.37822961807, "mean": 9.40602588654, "dvar2": 15.6315507889, "min": 2.40881443024}, "spectral_energyband_middle_low": {"dvar": 0.000121015757031, "var": 0.000257788196905, "median": 0.0168169476092, "max": 0.115477912128, "dmean": 0.00720091629773, "dmean2": 0.0114767467603, "mean": 0.0200652685016, "dvar2": 0.00031500365003, "min": 1.96954605403e-12}, "spectral_contrast_coeffs": {"dvar": [0.00276110530831, 0.00125988433138, 0.000782811373938, 0.000539141474292, 0.0003924172197, 0.000228422388318], "var": [0.0101056937128, 0.00616417219862, 0.00457768468186, 0.00304806651548, 0.00279284757562, 0.00138888438232], "median": [-0.61206972599, -0.715045392513, -0.737648010254, -0.766362905502, -0.772241592407, -0.788059473038], "max": [-0.289964228868, -0.411956012249, -0.525464057922, -0.576851010323, -0.590677857399, -0.654589056969], "dmean": [0.0604604929686, 0.0417724102736, 0.0333464257419, 0.0279382541776, 0.0221849437803, 0.016635209322], "dmean2": [0.0962336584926, 0.0684713795781, 0.0531561337411, 0.0446694716811, 0.0351578891277, 0.0255153086036], "mean": [-0.611721217632, -0.716950297356, -0.740402460098, -0.768166065216, -0.77197176218, -0.79155009985], "dvar2": [0.00659809401259, 0.00325661152601, 0.00190607854165, 0.00132174568716, 0.000848855648655, 0.000505657459144], "min": [-0.906624436378, -0.960051596165, -0.967178761959, -0.957211971283, -0.939839482307, -0.924762308598]}, "hfc": {"dvar": 32.9513053894, "var": 142.911315918, "median": 14.7720489502, "max": 120.678771973, "dmean": 4.02477502823, "dmean2": 6.04511547089, "mean": 16.5055713654, "dvar2": 72.0388641357, "min": 1.84804363812e-07}, "spectral_energyband_high": {"dvar": 2.63372641029e-07, "var": 7.51446293634e-07, "median": 0.000130081301904, "max": 0.0117550725117, "dmean": 0.000169149570866, "dmean2": 0.000247163930908, "mean": 0.000353422015905, "dvar2": 4.91209220854e-07, "min": 1.30473262402e-11}, "erbbands_spread": {"dvar": 56.8697814941, "var": 248.654067993, "median": 27.4274177551, "max": 131.467254639, "dmean": 5.76913499832, "dmean2": 8.75620079041, "mean": 30.9054088593, "dvar2": 113.298248291, "min": 4.61113166809}, "dissonance": {"dvar": 0.000345953245414, "var": 0.000790091697127, "median": 0.4572904706, "max": 0.500000178814, "dmean": 0.0208908263594, "dmean2": 0.0349741652608, "mean": 0.453325867653, "dvar2": 0.000935524702072, "min": 0.318144202232}, "spectral_kurtosis": {"dvar": 5.90037536621, "var": 18.1000595093, "median": 7.22744512558, "max": 34.7750434875, "dmean": 2.22183346748, "dmean2": 3.70988082886, "mean": 7.84430551529, "dvar2": 16.0204391479, "min": -1.15618419647}, "spectral_skewness": {"dvar": 0.0552628934383, "var": 0.296910077333, "median": 2.11412334442, "max": 4.3982462883, "dmean": 0.243027761579, "dmean2": 0.390934109688, "mean": 2.10997915268, "dvar2": 0.135432824492, "min": 0.200924187899}, "pitch_salience": {"dvar": 0.00344855734147, "var": 0.00917545240372, "median": 0.615293741226, "max": 0.839384675026, "dmean": 0.0652128458023, "dmean2": 0.106546290219, "mean": 0.602508723736, "dvar2": 0.00893420446664, "min": 0.123963735998}, "spectral_complexity": {"dvar": 3.94992733002, "var": 46.2888069153, "median": 18, "max": 41, "dmean": 2.13045716286, "dmean2": 3.41668367386, "mean": 17.115447998, "dvar2": 9.36632823944, "min": 0}, "spectral_spread": {"dvar": 763156758528, "var": 3766040395780.0, "median": 3620802.75, "max": 15569250, "dmean": 576968.5, "dmean2": 831419.75, "mean": 4066556, "dvar2": 1404250488830.0, "min": 1317323.25}, "dynamic_complexity": 3.89222693443, "melbands_crest": {"dvar": 8.80142784119, "var": 22.3455924988, "median": 10.8694419861, "max": 37.1098136902, "dmean": 3.13079285622, "dmean2": 5.21697950363, "mean": 11.99721241, "dvar2": 22.2900123596, "min": 4.0862994194}, "zerocrossingrate": {"dvar": 0.00014617794659, "var": 0.00217775977217, "median": 0.03857421875, "max": 0.4580078125, "dmean": 0.0078649148345, "dmean2": 0.00944272894412, "mean": 0.0492045171559, "dvar2": 0.000165160556207, "min": 0.0068359375}, "spectral_energyband_low": {"dvar": 7.60930561228e-05, "var": 8.87169371708e-05, "median": 0.00291633233428, "max": 0.103955715895, "dmean": 0.00412539299577, "dmean2": 0.00656405976042, "mean": 0.00577385444194, "dvar2": 0.00018051204097, "min": 1.25078454538e-11}, "melbands_kurtosis": {"dvar": 58.0923538208, "var": 98.0298843384, "median": 6.50433492661, "max": 150.245223999, "dmean": 4.72539949417, "dmean2": 7.62014913559, "mean": 9.28638744354, "dvar2": 144.019714355, "min": -1.83563017845}, "spectral_energyband_middle_high": {"dvar": 1.7480004999e-06, "var": 1.09453221739e-05, "median": 0.00326382205822, "max": 0.0268702246249, "dmean": 0.0010000198381, "dmean2": 0.00148449849803, "mean": 0.00403521116823, "dvar2": 4.00198814532e-06, "min": 2.88311366968e-12}, "barkbands_spread": {"dvar": 41.9135704041, "var": 271.565002441, "median": 12.116317749, "max": 128.789703369, "dmean": 3.99686694145, "dmean2": 6.13429260254, "mean": 16.480796814, "dvar2": 86.4216918945, "min": 1.04122686386}, "mfcc": {"mean": [-673.580810547, 151.188095093, 0.146757334471, 12.3435153961, 1.87200450897, -5.71898651123, -3.21035337448, 0.363250851631, -9.15861415863, -0.510941028595, -1.64585745335, -0.101260699332, -2.57145404816], "cov": [[14242.1542969, 2262.7121582, -182.554992676, -244.863861084, 135.793212891, -314.137451172, -456.715881348, 67.8548049927, -318.094665527, 23.52501297, -49.8659629822, -33.0582504272, -0.705540239811], [2262.7121582, 1711.99536133, -337.309204102, 131.926315308, -51.0593757629, -81.7884140015, 23.5873432159, -32.3281021118, -34.7635803223, -25.2128620148, -0.627672791481, 45.7363510132, -55.5677452087], [-182.554992676, -337.309204102, 411.734680176, -84.2885437012, 57.6758804321, 83.324836731, -2.05048513412, 25.3984069824, -3.83594870567, 14.7002105713, 17.8201789856, -19.7401313782, 12.4610071182], [-244.863861084, 131.926315308, -84.2885437012, 299.809051514, 5.28843069077, 15.2248296738, 50.2628517151, -4.02923107147, 36.5551147461, -24.1722164154, -15.654551506, 37.4810943604, 11.6969642639], [135.793212891, -51.0593757629, 57.6758804321, 5.28843069077, 183.604217529, 15.2108230591, -12.6746120453, 45.0126686096, 20.4788093567, 21.5369491577, -5.75671482086, 13.3724622726, 3.18229699135], [-314.137451172, -81.7884140015, 83.324836731, 15.2248296738, 15.2108230591, 146.448104858, 42.1871032715, 17.2688369751, 19.5862102509, -1.66108560562, 10.273809433, -5.11177921295, 6.57973146439], [-456.715881348, 23.5873432159, -2.05048513412, 50.2628517151, -12.6746120453, 42.1871032715, 145.102767944, 16.9965629578, 20.9552841187, 21.4579200745, 24.3127841949, 9.70747089386, 1.69976985455], [67.8548049927, -32.3281021118, 25.3984069824, -4.02923107147, 45.0126686096, 17.26883697