{"tonal": {"chords_key": "A", "hpcp_entropy": {"dmean": 0.662489235401, "dmean2": 1.12014114857, "max": 4.34022426605, "dvar": 0.294702321291, "mean": 2.10171079636, "dvar2": 0.801084935665, "min": 0, "var": 0.557834625244, "median": 2.1288933754}, "key_key": "A#", "chords_strength": {"dmean": 0.0112536074594, "dmean2": 0.0126485917717, "max": 0.687014818192, "dvar": 0.000506013224367, "mean": 0.451473683119, "dvar2": 0.000864892615937, "min": -1, "var": 0.0181820653379, "median": 0.45124566555}, "key_scale": "major", "chords_number_rate": 0.00288888881914, "thpcp": [1, 0.534190833569, 0.140425637364, 0.146577462554, 0.195374503732, 0.380666017532, 0.48365226388, 0.372698158026, 0.277582079172, 0.232761994004, 0.220757097006, 0.279377728701, 0.290562599897, 0.241801083088, 0.255165368319, 0.20741815865, 0.135225996375, 0.135874301195, 0.141251415014, 0.192125439644, 0.329332619905, 0.358515530825, 0.224290087819, 0.141287595034, 0.145536765456, 0.370459914207, 0.677467405796, 0.527515172958, 0.260382205248, 0.283856332302, 0.271265387535, 0.178617089987, 0.230173960328, 0.270352900028, 0.215284749866, 0.639634251595], "key_strength": 0.552814304829, "tuning_nontempered_energy_ratio": 0.827331006527, "tuning_frequency": 434.193115234, "chords_changes_rate": 0.0984444469213, "tuning_diatonic_strength": 0.527206480503, "chords_scale": "major", "chords_histogram": [16.177778244, 0.688888907433, 9.35555553436, 1.88888883591, 6.1555557251, 2.8666665554, 6, 1.75555551052, 0.20000000298, 10.6666669846, 20.1333332062, 9.04444408417, 0.0222222227603, 0, 0, 0, 0, 5.91111087799, 0.40000000596, 5, 0.533333361149, 2.28888893127, 0.111111111939, 0.800000011921], "tuning_equal_tempered_deviation": 0.151778653264, "hpcp": {"dmean": [0.112074531615, 0.105706945062, 0.102073311806, 0.0811155512929, 0.0699183642864, 0.0747952535748, 0.0761610642076, 0.0906348675489, 0.111299559474, 0.1275370121, 0.110556930304, 0.0756636857986, 0.0775428637862, 0.125471875072, 0.140196919441, 0.142399117351, 0.117449440062, 0.105347253382, 0.0982415750623, 0.0867069736123, 0.0937440246344, 0.106875151396, 0.103521794081, 0.166421502829, 0.201405867934, 0.156584978104, 0.0817532241344, 0.0848910659552, 0.0967847183347, 0.142308592796, 0.164050459862, 0.149464964867, 0.127233549953, 0.112187080085, 0.102464735508, 0.111910447478], "dmean2": [0.199953958392, 0.187958747149, 0.180059269071, 0.141455292702, 0.126901715994, 0.134711876512, 0.137201488018, 0.162891820073, 0.189098104835, 0.217344999313, 0.196372076869, 0.135966509581, 0.139073848724, 0.220834836364, 0.240937024355, 0.237936422229, 0.204546004534, 0.180922836065, 0.169191807508, 0.154202058911, 0.165617913008, 0.186360999942, 0.186031132936, 0.289285510778, 0.35316029191, 0.277274847031, 0.148922815919, 0.155298814178, 0.173370599747, 0.246479392052, 0.28163382411, 0.259877026081, 0.223194256425, 0.195686399937, 0.179160177708, 0.193379819393], "max": [1, 1, 1, 1, 1, 1, 1, 1, 1, 1, 1, 1, 1, 1, 1, 1, 1, 1, 1, 1, 1, 1, 1, 1, 1, 1, 1, 1, 1, 1, 1, 1, 1, 1, 1, 1], "dvar": [0.0410039424896, 0.0325284749269, 0.0334888473153, 0.0241673141718, 0.0223020929843, 0.0269822441041, 0.0272458270192, 0.0306050032377, 0.0305053517222, 0.0369812138379, 0.0334918275476, 0.0202349461615, 0.0234702564776, 0.0343633256853, 0.0469700843096, 0.0351931266487, 0.0309548154473, 0.0299840327352, 0.0318718478084, 0.0270497705787, 0.0256676804274, 0.031284019351, 0.0299787353724, 0.039868324995, 0.0772058740258, 0.0403523668647, 0.0266510453075, 0.0304411351681, 0.0299934167415, 0.0445179343224, 0.0569681711495, 0.0484359636903, 0.0471734590828, 0.041021168232, 0.0371980592608, 0.0403475835919], "mean": [0.12706798315, 0.105743743479, 0.111588172615, 0.0907075032592, 0.0591366365552, 0.0594201534986, 0.0617716535926, 0.0840197354555, 0.144022777677, 0.156784966588, 0.0980858877301, 0.0617874749005, 0.0636457130313, 0.162008449435, 0.296268075705, 0.230691403151, 0.113869577646, 0.124135226011, 0.11862898618, 0.0781123042107, 0.100659005344, 0.118229940534, 0.0941476970911, 0.279722988605, 0.437317073345, 0.233610779047, 0.0614105276763, 0.0641008242965, 0.0854406058788, 0.166471749544, 0.211509391665, 0.162987262011, 0.121391385794, 0.10179079324, 0.0965408459306, 0.122176647186], "dvar2": [0.100698553026, 0.0844451785088, 0.0856904014945, 0.06403940171, 0.0632918179035, 0.0750711336732, 0.0754316598177, 0.0857840925455, 0.0785887166858, 0.0949742421508, 0.092748567462, 0.0555200092494, 0.0646827965975, 0.0947429016232, 0.11576435715, 0.0883141681552, 0.0802468657494, 0.075422540307, 0.079280488193, 0.0770090594888, 0.0723016485572, 0.0845866575837, 0.0875706523657, 0.103390611708, 0.177346527576, 0.107074923813, 0.074228271842, 0.0824530795217, 0.0817722678185, 0.112826123834, 0.134014055133, 0.124664537609, 0.123345807195, 0.106159389019, 0.090816795826, 0.0986492335796], "min": [0, 0, 0, 0, 0, 0, 0, 0, 0, 0, 0, 0, 0, 0, 0, 0, 0, 0, 0, 0, 0, 0, 0, 0, 0, 0, 0, 0, 0, 0, 0, 0, 0, 0, 0, 0], "var": [0.0536660328507, 0.0327357128263, 0.0373384281993, 0.0251829512417, 0.01669793576, 0.0210739132017, 0.0213818848133, 0.0265658609569, 0.0417333357036, 0.0453795567155, 0.0283142141998, 0.0171742904931, 0.019862305373, 0.0513840280473, 0.139264509082, 0.0813659727573, 0.0324232764542, 0.0494376942515, 0.0532354041934, 0.0222311541438, 0.0319485515356, 0.044821806252, 0.0259860754013, 0.0757687389851, 0.170594453812, 0.0574055090547, 0.020447941497, 0.0245708916336, 0.0271571334451, 0.0673787891865, 0.0976078137755, 0.0661994740367, 0.0550267770886, 0.0424602143466, 0.0394074171782, 0.0486844778061], "median": [0.0352462530136, 0.0400356724858, 0.0426323264837, 0.0354839786887, 0.0181395187974, 0.0118959210813, 0.0136544872075, 0.0239575318992, 0.0633984059095, 0.0731293261051, 0.0363864973187, 0.0142659507692, 0.0137481875718, 0.0462864562869, 0.0828188210726, 0.0826783552766, 0.0436903759837, 0.0291448049247, 0.0244011133909, 0.0221008956432, 0.023427721113, 0.0244459528476, 0.0318062268198, 0.167324334383, 0.261641949415, 0.134934335947, 0.00915085710585, 0.00877218041569, 0.0184822138399, 0.0397815704346, 0.046118747443, 0.0353121198714, 0.0205296576023, 0.0164261013269, 0.0209146924317, 0.0305305887014]}}, "lowlevel": {"melbands_flatness_db": {"dmean": 0.0372370108962, "dmean2": 0.0531037896872, "max": 0.569652199745, "dvar": 0.0016697581159, "mean": 0.246620506048, "dvar2": 0.0031580911018, "min": 0.00306519214064, "var": 0.00830003246665, "median": 0.233742877841}, "melbands_crest": {"dmean": 3.76631784439, "dmean2": 6.22091436386, "max": 36.3124351501, "dvar": 12.6599187851, "mean": 14.9174385071, "dvar2": 32.5709228516, "min": 1.63100004196, "var": 32.7867202759, "median": 14.2160310745}, "spectral_entropy": {"dmean": 0.260757774115, "dmean2": 0.368737995625, "max": 9.82301616669, "dvar": 0.0864424481988, "mean": 7.31766986847, "dvar2": 0.156501710415, "min": 4.80574464798, "var": 0.386864155531, "median": 7.30732297897}, "melbands": {"dmean": [0.000963475904427, 0.00129468133673, 0.00128547602799, 0.000487821322167, 0.00023209558276, 0.000294391677016, 0.000294696073979, 0.000146751815919, 0.000139496376505, 9.47072185227e-05, 0.000138139512273, 8.10002238723e-05, 6.24216045253e-05, 5.71200616832e-05, 2.63082765741e-05, 1.73966236616e-05, 2.42076002905e-05, 2.4501399821e-05, 1.80439765245e-05, 1.71813935594e-05, 1.29501422634e-05, 9.80012646323e-06, 8.86548787093e-06, 7.77385321271e-06, 9.45032479649e-06, 9.8501886896e-06, 7.2366965469e-06, 4.89407329951e-06, 3.82709094993e-06, 2.9879597605e-06, 2.67490372607e-06, 3.26972849507e-06, 3.12724137075e-06, 2.66740698862e-06, 2.17424121729e-06, 1.35874961416e-06, 1.14229567316e-06, 1.22159212879e-06, 8.83994346168e-07, 8.24010726319e-07], "dmean2": [0.00162542925682, 0.00226818211377, 0.0021947931964, 0.000806130643468, 0.000401112018153, 0.000475926877698, 0.000467743870104, 0.000236486419453, 0.000214012427023, 0.000147767234012, 0.000217379129026, 0.000126991653815, 9.8789576441e-05, 8.64984540385e-05, 4.01580327889e-05, 2.78103671008e-05, 3.85304410884e-05, 3.85013991036e-05, 2.86592348857e-05, 2.49764743785e-05, 2.02612700377e-05, 1.48888384501e-05, 1.45901667565e-05, 1.19990809253e-05, 1.41604759847e-05, 1.43657143781e-05, 1.05641538539e-05, 7.08620427758e-06, 5.57943258173e-06, 4.22097309638e-06, 3.79041807719e-06, 4.96166967423e-06, 4.62216848973e-06, 4.00973976866e-06, 3.2906270917e-06, 1.95981670004e-06, 1.73939565684e-06, 1.87946136521e-06, 1.33843786898e-06, 1.24921757561e-06], "max": [0.0246948748827, 0.0423891358078, 0.0266854222864, 0.00965696200728, 0.00493793748319, 0.00726917479187, 0.0123174954206, 0.00574287073687, 0.00506465695798, 0.00427303183824, 0.00349959614687, 0.00556045165285, 0.00337761943229, 0.00352997239679, 0.00195963773876, 0.000840450287797, 0.00103844248224, 0.00157659885008, 0.0017198032001, 0.00125326798297, 0.000447461527074, 0.000294106546789, 0.000247377931373, 0.000460477429442, 0.000322316016536, 0.000274007645203, 0.000234777966398, 0.000139300696901, 0.000219935449422, 0.000102313882962, 0.000144914723933, 0.000256708066445, 0.000168141210452, 0.000130739877932, 0.00012798634998, 6.49941721349e-05, 0.000109218235593, 0.000118537907838, 4.87786528538e-05, 3.79860248358e-05], "dvar": [3.94113112634e-06, 2.20135952986e-05, 9.28897043195e-06, 8.53510812249e-07, 2.16467057612e-07, 2.87458277626e-07, 4.6881436333e-07, 1.05593528588e-07, 1.03229851334e-07, 5.60958000051e-08, 9.64030206774e-08, 5.23849301715e-08, 2.99459088637e-08, 2.60926285023e-08, 5.62447288743e-09, 1.82151571604e-09, 3.36045435922e-09, 4.50373693894e-09, 5.6013687022e-09, 2.79255907287e-09, 8.63812354979e-10, 3.50483281286e-10, 4.61309851429e-10, 3.782059943e-10, 3.42722350499e-10, 3.44319850409e-10, 1.80334608357e-10, 1.5961902633e-10, 1.11698289507e-10, 6.66834920615e-11, 5.97187438389e-11, 9.36805286122e-11, 7.7826127487e-11, 5.83261425269e-11, 4.40957374781e-11, 1.28446350778e-11, 1.43109291778e-11, 1.85525171614e-11, 5.54044136958e-12, 4.06865600239e-12], "mean": [0.00178663397674, 0.00168687023688, 0.00171539920848, 0.000635295291431, 0.000299634353723, 0.000415588816395, 0.000360114354407, 0.000181338851689, 0.000185487646377, 0.000138741408591, 0.000191999410163, 0.000121185519674, 9.51000038185e-05, 8.12286889413e-05, 3.61063757737e-05, 2.15513173316e-05, 3.0746745324e-05, 3.21694424201e-05, 2.44434049819e-05, 2.4302971724e-05, 1.72353229573e-05, 1.56452679221e-05, 1.19036130855e-05, 1.04827895484e-05, 1.42993758345e-05, 1.58683578775e-05, 1.11756044134e-05, 6.33901299807e-06, 4.88834484713e-06, 3.58581223736e-06, 3.30455759467e-06, 3.84723534808e-06, 3.4808572309e-06, 2.95873837786e-06, 2.39297742155e-06, 1.60921115366e-06, 1.40069232657e-06, 1.32863715407e-06, 9.91381284621e-07, 8.90547539711e-07], "dvar2": [1.17200825116e-05, 6.25861794106e-05, 2.51054334512e-05, 2.11076576306e-06, 6.13847362274e-07, 6.88568718488e-07, 1.07737935195e-06, 2.61618737341e-07, 2.28467371244e-07, 1.38115041182e-07, 2.45656792686e-07, 1.16905425784e-07, 7.58074492069e-08, 5.95672489112e-08, 1.16060645539e-08, 4.56076332256e-09, 7.89687959468e-09, 1.10831699374e-08, 1.45772647286e-08, 5.52977974522e-09, 2.02688377193e-09, 7.86635256933e-10, 1.23044707756e-09, 9.41090427808e-10, 7.92102106129e-10, 7.28591686983e-10, 3.90525861649e-10, 3.35555666586e-10, 2.03608532812e-10, 1.20849538709e-10, 1.22046775464e-10, 2.11151540697e-10, 1.6857581997e-10, 1.20700630046e-10, 1.04286725089e-10, 2.88994418673e-11, 3.29333747773e-11, 4.4663692883e-11, 1.2011633875e-11, 8.90241699802e-12], "min": [7.96168666128e-25, 9.0515596316e-25, 1.25773201994e-24, 1.03800595745e-24, 4.11943509833e-25, 1.9533422692e-24, 1.01336342188e-24, 2.4067209446e-24, 2.29016575977e-24, 1.8913099947e-24, 2.73585935223e-24, 2.2011063218e-24, 3.24325192546e-24, 3.01817610413e-24, 3.40124755136e-24, 2.0318564118e-24, 3.18151586823e-24, 2.93498736902e-24, 2.2508753591e-24, 2.3493916616e-24, 2.9484833986e-24, 4.2151571569e-24, 3.74963534837e-24, 3.39042280201e-24, 4.20449333518e-24, 4.99284739727e-24, 4.38299480866e-24, 4.6514362861e-24, 4.24664887867e-24, 3.40807435363e-24, 5.30648547698e-24, 5.46105212174e-24, 5.44263024745e-24, 5.46087660019e-24, 5.6975380272e-24, 5.68167876756e-24, 4.07549840553e-24, 5.32511561055e-24, 6.73408350729e-24, 6.5396817534e-24], "var": [5.99608210905e-06, 1.52046868607e-05, 8.30970293464e-06, 1.08026654289e-06, 2.07032485378e-07, 4.70464044611e-07, 6.22573679721e-07, 1.30962121148e-07, 1.5407987064e-07, 8.01691015795e-08, 1.91411814399e-07, 8.8316355118e-08, 5.12910851569e-08, 4.66679530575e-08, 1.12710694111e-08, 2.52257170708e-09, 5.9261830998e-09, 6.08975403438e-09, 5.27329913069e-09, 4.6097179407e-09, 1.19920107178e-09, 6.78215206218e-10, 5.49046863529e-10, 4.75171457737e-10, 6.64091781566e-10, 7.65072505349e-10, 3.74776043532e-10, 2.36749314597e-10, 1.74480416226e-10, 1.09457255759e-10, 9.75107772305e-11, 1.32302752087e-10, 1.05484225521e-10, 7.87454268458e-11, 5.34599621516e-11, 1.76933728085e-11, 1.71326772214e-11, 1.99749296964e-11, 7.85163340594e-12, 5.5197894866e-12], "median": [0.000747889629565, 0.0006864691386, 0.000771398073994, 0.000242765454459, 0.000139727533679, 0.000161766962265, 8.34305101307e-05, 4.82787218061e-05, 5.07977892994e-05, 4.71210478281e-05, 2.29663637583e-05, 2.95985573757e-05, 2.43136400968e-05, 1.28666360979e-05, 6.59975285089e-06, 4.6174536692e-06, 4.13516499975e-06, 6.35320566289e-06, 4.82853056383e-06, 4.81973893329e-06, 3.65966093341e-06, 4.07278685088e-06, 2.85615487883e-06, 2.092538125e-06, 2.81154643744e-06, 3.13648638439e-06, 2.62297385234e-06, 1.02806382074e-06, 3.51705722323e-07, 2.06966205951e-07, 1.37038739467e-07, 1.28206394834e-07, 1.15936153122e-07, 1.30787839225e-07, 1.65393672091e-07, 1.67048085586e-07, 1.72624623929e-07, 1.50341321614e-07, 1.12900671922e-07, 8.97164014191e-08]}, "silence_rate_60dB": {"dmean": 0.0213380753994, "dmean2": 0.0426808930933, "max": 1, "dvar": 0.0208848156035, "mean": 0.112234689295, "dvar2": 0.047083877027, "min": 0, "var": 0.0996446162462, "median": 0}, "spectral_energyband_middle_high": {"dmean": 0.00200816779397, "dmean2": 0.00284223002382, "max": 0.0476672500372, "dvar": 9.96253402263e-06, "mean": 0.00448264507577, "dvar2": 2.02729697776e-05, "min": 1.12002486469e-21, "var": 3.43198844348e-05, "median": 0.00198437506333}, "erbbands_skewness": {"dmean": 0.509341418743, "dmean2": 0.770779252052, "max": 7.25500488281, "dvar": 0.284843504429, "mean": 0.347870379686, "dvar2": 0.586384356022, "min": -4.60476207733, "var": 0.847537338734, "median": 0.347548723221}, "dynamic_complexity": 4.24506807327, "dissonance": {"dmean": 0.0265125669539, "dmean2": 0.0434933975339, "max": 0.499999940395, "dvar": 0.000732417101972, "mean": 0.44948142767, "dvar2": 0.00190668250434, "min": 0.136813268065, "var": 0.00151376833674, "median": 0.459163606167}, "spectral_skewness": {"dmean": 0.387961298227, "dmean2": 0.567148864269, "max": 6.83505725861, "dvar": 0.165721923113, "mean": 1.77493810654, "dvar2": 0.339179575443, "min": -0.0899289995432, "var": 0.661183357239, "median": 1.73129916191}, "spectral_kurtosis": {"dmean": 3.06702756882, "dmean2": 4.72534990311, "max": 75.1325912476, "dvar": 17.6274528503, "mean": 6.6754488945, "dvar2": 39.7112121582, "min": -1.26286137104, "var": 42.0943870544, "median": 5.4284620285}, "gfcc": {"cov": [[24535.4140625, -576.172790527, -1499.49291992, 862.571716309, -1153.88525391, 355.894256592, -800.933044434, 485.777770996, -504.436645508, 170.666091919, -267.390136719, -87.3506164551, -334.464050293], [-576.172790527, 1977.06713867, -451.067718506, -433.155975342, 461.177764893, -232.266479492, 181.184951782, 54.181842804, 109.80002594, -243.785568237, 250.501220703, -179.611221313, 136.964981079], [-1499.49291992, -451.067718506, 1490.76586914, 350.695587158, -49.7239379883, 201.154434204, 20.0085411072, -130.989929199, -44.1884689331, 24.8645343781, -150.91696167, 154.399398804, -23.9333400726], [862.571716309, -433.155975342, 350.695587158, 548.235046387, -85.2503662109, 10.1437320709, -68.8468322754, -75.5943832397, -6.25096654892, 30.8804359436, -98.2648162842, 58.2810058594, -43.4783477783], [-1153.88525391, 461.177764893, -49.7239379883, -85.2503662109, 466.124664307, -43.037902832, 40.5241279602, 58.2772293091, 51.3053092957, -35.7985725403, 77.7381668091, -72.6822052002, 60.6863899231], [355.894256592, -232.266479492, 201.154434204, 10.1437320709, -43.037902832, 294.518829346, 60.1157531738, -1.34817957878, -30.2144184113, 48.3381767273, -51.1371116638, 40.1636810303, 14.8431510925], [-800.933044434, 181.184951782, 20.0085411072, -68.8468322754, 40.5241279602, 60.1157531738, 285.179443359, 2.62134289742, 23.2115192413, -31.2318325043, 46.2473335266, 18.9392910004, 43.8092041016], [485.777770996, 54.181842804, -130.989929199, -75.5943832397, 58.2772293091, -1.34817957878, 2.62134289742, 231.868270874, 14.9221200943, 1.94818532467, 59.1412467957, -39.7658500671, 0.916871190071], [-504.436645508, 109.80002594, -44.1884689331, -6.25096654892, 51.3053092957, -30.2144184113, 23.2115192413, 14.9221200943, 164.199676514, 27.917552948, 27.1459846497, -0.0580633729696, 21.8149776459], [170.666091919, -243.785568237, 24.8645343781, 30.8804359436, -35.7985725403, 48.3381767273, -31.2318325043, 1.94818532467, 27.917552948, 132.312225342, -5.77127838135, 30.0578460693, -10.1698350906], [-267.390136719, 250.501220703, -150.91696167, -98.2648162842, 77.7381668091, -51.1371116638, 46.2473335266, 59.1412467957, 27.1459846497, -5.77127838135, 149.615158081, -10.4889554977, 21.0625095367], [-87.3506164551, -179.611221313, 154.399398804, 58.2810058594, -72.6822052002, 40.1636810303, 18.9392910004, -39.7658500671, -0.0580633729696, 30.0578460693, -10.4889554977, 133.484420776, 22.1935653687], [-334.464050293, 136.964981079, -23.9333400726, -43.4783477783, 60.6863899231, 14.8431510925, 43.8092041016, 0.916871190071, 21.8149776459, -10.1698350906, 21.0625095367, 22.1935653687, 107.071540833]], "mean": [-55.7673835754, 112.568962097, -103.228813171, 32.9667358398, -51.5403327942, 12.2913331985, -34.3605117798, 16.8675098419, -24.2196445465, -3.32520127296, -7.46571063995, -3.41646695137, -5.47636842728], "icov": [[0.000107279287477, -0.000230176461628, 0.000194279287825, -0.000347008986864, 0.00029666046612, -0.000310986972181, 0.000261378183495, -0.000361105659977, 0.000350185524439, -0.000270874850685, 0.000234838575125, -0.000154597932124, 0.000191959450603], [-0.000230176461628, 0.00188579759561, -0.00044902676018, 0.00128132326063, -0.00121725979261, 0.0010139523074, -0.000768683559727, 0.00131310534198, -0.00142925453838, 0.0024654455483, -0.00185411761049, 0.00138648308348, -0.00125602795742], [0.000194279287825, -0.00044902676018, 0.00137623469345, -0.00109403417446, 0.000213270628592, -0.00111486762762, 0.000393436290324, -0.000475916895084, 0.000709175190423, -0.000253886973951, 0.000993287423626, -0.00134063570295, 0.000835300888866], [-0.000347008986864, 0.00128132326063, -0.00109403417446, 0.00382084515877, -0.0011342309881, 0.00156406813767, -0.000628681387752, 0.00156610715203, -0.00162462133449, 0.00131395750213, -0.000251675024629, 0.000295678706607, -0.000302162079606], [0.00029666046612, -0.00121725979261, 0.000213270628592, -0.0011342309881, 0.00406439742073, -0.000834712060168, 0.000800773734227, -0.00145409954712, 0.000672189809848, -0.00126292055938, 1.06586148831e-05, 0.00116268882994, -0.000932218506932], [-0.000310986972181, 0.0010139523074, -0.00111486762762, 0.00156406813767, -0.000834712060168, 0.00594600802287, -0.00223041325808, 0.000455513451016, 1.78003447218e-05, -0.00104349141475, 0.000861978216562, 0.000563795561902, -0.00171422457788], [0.000261378183495, -0.000768683559727, 0.000393436290324, -0.000628681387752, 0.000800773734227, -0.00223041325808, 0.00522768869996, -0.000600381521508, 9.18521764106e-05, 0.000762642535847, -0.000851796648931, -0.0010619147215, -0.000204654948902], [-0.000361105659977, 0.00131310534198, -0.000475916895084, 0.00156610715203, -0.00145409954712, 0.000455513451016, -0.000600381521508, 0.00665242457762, -0.00167458388023, 0.00150850845966, -0.00323376595043, 0.00204598461278, -0.000631945731584], [0.000350185524439, -0.00142925453838, 0.000709175190423, -0.00162462133449, 0.000672189809848, 1.78003447218e-05, 9.18521764106e-05, -0.00167458388023, 0.00873579550534, -0.00422814441845, 0.00117911247071, -0.000871334574185, -0.000218489134568], [-0.000270874850685, 0.0024654455483, -0.000253886973951, 0.00131395750213, -0.00126292055938, -0.00104349141475, 0.000762642535847, 0.00150850845966, -0.00422814441845, 0.0132130198181, -0.00326645909809, -0.000381310295779, -0.000149570958456], [0.000234838575125, -0.00185411761049, 0.000993287423626, -0.000251675024629, 1.06586148831e-05, 0.000861978216562, -0.000851796648931, -0.00323376595043, 0.00117911247071, -0.00326645909809, 0.0121648591012, -0.00297535187565, 0.00114908418618], [-0.000154597932124, 0.00138648308348, -0.00134063570295, 0.000295678706607, 0.00116268882994, 0.000563795561902, -0.0010619147215, 0.00204598461278, -0.000871334574185, -0.000381310295779, -0.00297535187565, 0.0125218443573, -0.00462518073618], [0.000191959450603, -0.00125602795742, 0.000835300888866, -0.000302162079606, -0.000932218506932, -0.00171422457788, -0.000204654948902, -0.000631945731584, -0.000218489134568, -0.000149570958456, 0.00114908418618, -0.00462518073618, 0.0132280150428]]}, "spectral_complexity": {"dmean": 4.08290719986, "dmean2": 5.55540752411, "max": 68, "dvar": 32.0337486267, "mean": 15.1973552704, "dvar2": 49.087852478, "min": 0, "var": 131.616073608, "median": 13}, "spectral_flux": {"dmean": 0.0291260741651, "dmean2": 0.0455986075103, "max": 0.391300231218, "dvar": 0.00160958291963, "mean": 0.0870626717806, "dvar2": 0.00305455271155, "min": 6.33185864851e-11, "var": 0.00394350569695, "median": 0.0780867263675}, "spectral_energyband_low": {"dmean": 0.0066673909314, "dmean2": 0.0113716768101, "max": 0.164467602968, "dvar": 0.000330233247951, "mean": 0.0120268426836, "dvar2": 0.000909946567845, "min": 2.22092917362e-23, "var": 0.000305696128635, "median": 0.00693159038201}, "spectral_decrease": {"dmean": 2.84143952811e-09, "dmean2": 4.50574511035e-09, "max": 3.09046050583e-20, "dvar": 2.98355973665e-17, "mean": -6.8160530553e-09, "dvar2": 7.55747147738e-17, "min": -5.01402652731e-08, "var": 4.09080517577e-17, "median": -5.59152324442e-09}, "barkbands_spread": {"dmean": 7.49026966095, "dmean2": 11.3206138611, "max": 106.488693237, "dvar": 111.586128235, "mean": 20.2168884277, "dvar2": 224.401046753, "min": 0.763105988503, "var": 270.749267578, "median": 16.2126941681}, "spectral_rms": {"dmean": 0.00092336954549, "dmean2": 0.00140445912257, "max": 0.0136939994991, "dvar": 1.77719266503e-06, "mean": 0.00461731478572, "dvar2": 4.1089442675e-06, "min": 3.13983626425e-12, "var": 5.32679223397e-06, "median": 0.00467841234058}, "spectral_centroid": {"dmean": 337.180419922, "dmean2": 499.05368042, "max": 11601.4560547, "dvar": 192826.359375, "mean": 1273.64746094, "dvar2": 373609.15625, "min": 170.976272583, "var": 1475535.125, "median": 1072.7935791}, "barkbands_skewness": {"dmean": 0.765832066536, "dmean2": 1.16380274296, "max": 9.17690753937, "dvar": 0.77011525631, "mean": 1.71061623096, "dvar2": 1.77894318104, "min": -2.69195699692, "var": 2.34467411041, "median": 1.44959187508}, "spectral_rolloff": {"dmean": 587.396362305, "dmean2": 985.148925781, "max": 19767.4804688, "dvar": 1351269.75, "mean": 1430.44750977, "dvar2": 2887750.25, "min": 43.06640625, "var": 5297758, "median": 796.728515625}, "erbbands_spread": {"dmean": 12.2923870087, "dmean2": 18.6650409698, "max": 161.322463989, "dvar": 224.513549805, "mean": 38.6511611938, "dvar2": 501.222290039, "min": 0.442780941725, "var": 562.848327637, "median": 33.5192222595}, "barkbands": {"dmean": [0.000571672455408, 0.00338359503075, 0.00291525106877, 0.0029210653156, 0.0019296676619, 0.00136798445601, 0.00128225993831, 0.000779117399361, 0.000665787199978, 0.000869651208632, 0.000430723972386, 0.000444613193395, 0.00016948011762, 0.00028479998582, 0.000248444237513, 0.000233071172261, 0.000161984207807, 0.000175367153133, 0.000234647683101, 0.00016834140115, 0.00011898973753, 0.000154359891894, 0.000127258594148, 8.96387791727e-05, 6.70749868732e-05, 1.68284295796e-05, 1.43838826716e-06], "dmean2": [0.000945625361055, 0.0057614245452, 0.00522278761491, 0.00491747492924, 0.00321107823402, 0.00224668369628, 0.00205249642022, 0.00119272142183, 0.0010479404591, 0.00136906665284, 0.000683540769387, 0.000679526128806, 0.000273039506283, 0.000452143111033, 0.000398037984269, 0.000353475450538, 0.000246564683039, 0.000267264258582, 0.000331639515935, 0.000241102214204, 0.000166463985806, 0.000222665403271, 0.000187075696886, 0.000134316942422, 9.9300792499e-05, 2.46950621658e-05, 2.24416157835e-06], "max": [0.0160829294473, 0.0867268592119, 0.105500027537, 0.0543256923556, 0.0334966033697, 0.0319359861314, 0.0577138885856, 0.0302969478071, 0.0230114609003, 0.0305950772017, 0.0213720779866, 0.0301066543907, 0.00684583932161, 0.0127366902307, 0.0166844688356, 0.0140798976645, 0.00442449469119, 0.00673128571361, 0.00556429103017, 0.00560111831874, 0.00378435384482, 0.00777545990422, 0.00696555990726, 0.00734506780282, 0.00336565333419, 0.000995852751657, 0.000159561808687], "dvar": [8.39040069422e-07, 6.57880227664e-05, 0.000133148409077, 4.14440110035e-05, 1.2617369066e-05, 6.06652793067e-06, 9.77518084255e-06, 2.97819610751e-06, 2.36428127209e-06, 4.16440616391e-06, 1.36538744755e-06, 1.53005760239e-06, 1.67619234048e-07, 4.86113094667e-07, 6.91741547598e-07, 4.31796365774e-07, 8.88914755137e-08, 1.76906866045e-07, 1.67898946302e-07, 1.41001876841e-07, 9.548644897e-08, 1.81381523134e-07, 1.3145513833e-07, 7.96608148335e-08, 2.81567587024e-08, 2.00496574898e-09, 2.7254472984e-11], "mean": [0.000948120898101, 0.00587621796876, 0.00326225417666, 0.00374035281129, 0.00254015275277, 0.00195601326413, 0.00147485081106, 0.000983481761068, 0.000966105377302, 0.00124611577485, 0.000650122005027, 0.000624495209195, 0.000217243010411, 0.000361695798347, 0.000325249769958, 0.00031756729004, 0.000261626963038, 0.000234766048379, 0.000401150638936, 0.000239835731918, 0.000151031941641, 0.00018530745001, 0.000143741519423, 0.000107968022348, 7.63900534366e-05, 1.92639672605e-05, 1.54014469445e-06], "dvar2": [2.28564022109e-06, 0.000192296967725, 0.000388621119782, 0.000105836152215, 3.32372728735e-05, 1.52638131112e-05, 2.30154328165e-05, 6.80207131154e-06, 5.66794369661e-06, 1.07820187623e-05, 3.463953135e-06, 3.41828081218e-06, 4.20667163326e-07, 1.16768683256e-06, 1.795566277e-06, 8.93805179203e-07, 2.00366798708e-07, 4.28087759019e-07, 3.36897102216e-07, 2.82345325786e-07, 1.70863486915e-07, 3.78048866878e-07, 2.92715014893e-07, 1.77838600735e-07, 5.92187419102e-08, 4.12347533896e-09, 6.51919282446e-11], "min": [2.06938873734e-25, 3.01843899203e-24, 1.27376660391e-24, 1.05141146524e-24, 4.86911771973e-24, 8.3524750417e-24, 5.81758017444e-24, 9.10114663924e-24, 1.28655561691e-23, 1.62275361967e-23, 1.81516452529e-23, 2.36887388328e-23, 1.33824525441e-23, 3.32356912799e-23, 2.59382940331e-23, 6.43964890525e-23, 7.07960505709e-23, 7.52207776992e-23, 1.31012252091e-22, 1.56144577981e-22, 1.73446089924e-22, 3.32860679373e-22, 3.99454650918e-22, 5.72416153055e-22, 8.65923704688e-22, 1.35572549699e-21, 1.83659299146e-21], "var": [1.71577346464e-06, 7.6511176303e-05, 8.19994675112e-05, 4.43841781816e-05, 1.538280776e-05, 9.35706339078e-06, 1.18341849884e-05, 4.3508739509e-06, 3.51930179932e-06, 7.48487263991e-06, 2.32800130107e-06, 3.08504218083e-06, 2.38111539375e-07, 7.83102336754e-07, 6.91736488534e-07, 6.51912671401e-07, 1.84266369274e-07, 2.27211060633e-07, 4.29907089483e-07, 2.45800436005e-07, 1.68510226217e-07, 2.78755123873e-07, 1.73825966954e-07, 1.02201752838e-07, 4.08584277523e-08, 2.91951840481e-09, 2.95576306486e-11], "median": [0.000393993279431, 0.00241994648241, 0.0011296432931, 0.00135117582977, 0.001040540752, 0.000822988338768, 0.000330773298629, 0.000220307629206, 0.000308090238832, 0.00024964104523, 0.000177952431841, 7.57172310841e-05, 4.89898302476e-05, 5.06183641846e-05, 6.60426812829e-05, 6.87914725859e-05, 6.68361972203e-05, 4.77524881717e-05, 8.54206082295e-05, 5.35541767022e-05, 9.24699725147e-06, 6.43514795229e-06, 1.01198902485e-05, 1.4044202544e-05, 8.64737103257e-06, 1.730784561e-06, 1.12506285177e-07]}, "melbands_kurtosis": {"dmean": 13.1757221222, "dmean2": 21.3905563354, "max": 331.304931641, "dvar": 726.641662598, "mean": 18.8865470886, "dvar2": 1900.34790039, "min": -1.86648356915, "var": 899.746765137, "median": 8.39564418793}, "erbbands_crest": {"dmean": 3.0360584259, "dmean2": 4.85203504562, "max": 33.9744873047, "dvar": 8.05426597595, "mean": 9.88325119019, "dvar2": 18.9746837616, "min": 2.35269069672, "var": 21.9880752563, "median": 8.85152435303}, "melbands_skewness": {"dmean": 1.04465138912, "dmean2": 1.60891568661, "max": 14.2101373672, "dvar": 1.60823369026, "mean": 2.86821985245, "dvar2": 3.82374429703, "min": -2.23985695839, "var": 4.3162112236, "median": 2.47139430046}, "spectral_energyband_middle_low": {"dmean": 0.0064661395736, "dmean2": 0.0103682456538, "max": 0.0904209017754, "dvar": 0.000115445094707, "mean": 0.0121851991862, "dvar2": 0.000282306980807, "min": 1.51123560361e-22, "var": 0.000178166694241, "median": 0.00813418067992}, "spectral_contrast_coeffs": {"dmean": [0.053601142019, 0.0562378689647, 0.0437300093472, 0.0354274585843, 0.0316807478666, 0.0232893265784], "dmean2": [0.0861779302359, 0.09092245996, 0.0665512010455, 0.0542045086622, 0.0462229251862, 0.0327846221626], "max": [-0.320327371359, -0.410261809826, -0.444579213858, -0.539924323559, -0.529697179794, -0.594966173172], "dvar": [0.00229491083883, 0.00230872095563, 0.00146757008042, 0.00105278333649, 0.000915569660719, 0.00048941624118], "mean": [-0.670296669006, -0.714968323708, -0.739034235477, -0.778641521931, -0.778359115124, -0.806192815304], "dvar2": [0.00546293705702, 0.00576666649431, 0.00313089392148, 0.00219876342453, 0.0016683160793, 0.000876264006365], "min": [-0.981958508492, -0.980030238628, -0.97902327776, -0.973361611366, -0.966579794884, -0.965974569321], "var": [0.00855795480311, 0.00673752371222, 0.00676582753658, 0.00491732126102, 0.00464232405648, 0.00251190457493], "median": [-0.675465226173, -0.717159867287, -0.744894266129, -0.78950291872, -0.788917005062, -0.814163684845]}, "spectral_contrast_valleys": {"dmean": [0.375346571207, 0.444946140051, 0.439965307713, 0.412564873695, 0.391077458858, 0.552660048008], "dmean2": [0.604512393475, 0.691011786461, 0.656590044498, 0.604722261429, 0.528433144093, 0.663154542446], "max": [-5.12525320053, -4.68822002411, -5.39701890945, -5.95774269104, -5.48345994949, -7.54240894318], "dvar": [0.145160451531, 0.193538710475, 0.214574739337, 0.222823500633, 0.225252345204, 0.390628784895], "mean": [-7.36143350601, -7.26277065277, -7.99587345123, -8.56175899506, -8.32549285889, -10.8025655746], "dvar2": [0.280874103308, 0.375402867794, 0.408049434423, 0.405023008585, 0.352967917919, 0.608582437038], "min": [-28.3512020111, -28.144575119, -27.7507076263, -27.6720199585, -27.5370235443, -27.3879299164], "var": [5.20760345459, 5.2119140625, 5.01731348038, 4.77045488358, 5.02315044403, 4.83418083191], "median": [-6.95382499695, -6.91096496582, -7.67643547058, -8.27791786194, -7.97833585739, -10.5206394196]}, "silence_rate_20dB": {"dmean": 0, "dmean2": 0, "max": 1, "dvar": 0, "mean": 1, "dvar2": 0, "min": 1, "var": 0, "median": 1}, "silence_rate_30dB": {"dmean": 0.0197821743786, "dmean2": 0.0395687445998, "max": 1, "dvar": 0.019392311573, "mean": 0.988665401936, "dvar2": 0.0548935644329, "min": 0, "var": 0.0112068643793, "median": 1}, "spectral_strongpeak": {"dmean": 0.447156637907, "dmean2": 0.762118399143, "max": 9.45625495911, "dvar": 0.52802670002, "mean": 0.692384660244, "dvar2": 1.38189661503, "min": 0, "var": 0.788754701614, "median": 0.35277685523}, "spectral_spread": {"dmean": 982763.6875, "dmean2": 1342157.125, "max": 42404748, "dvar": 1710983872510.0, "mean": 4696147, "dvar2": 2959307702270.0, "min": 1042730.625, "var": 17003511283700.0, "median": 3702997.5}, "barkbands_flatness_db": {"dmean": 0.0308944415301, "dmean2": 0.0449047386646, "max": 0.447323948145, "dvar": 0.0011392920278, "mean": 0.164774268866, "dvar2": 0.00221255607903, "min": 0.0222466234118, "var": 0.00466735335067, "median": 0.153535544872}, "pitch_salience": {"dmean": 0.0801093652844, "dmean2": 0.132849872112, "max": 0.9545571208, "dvar": 0.0058735171333, "mean": 0.548971354961, "dvar2": 0.0159141644835, "min": 0.128791540861, "var": 0.0120192887262, "median": 0.551130533218}, "erbbands_kurtosis": {"dmean": 1.4299134016, "dmean2": 2.27618765831, "max": 136.623733521, "dvar": 8.01031017303, "mean": 1.0482647419, "dvar2": 18.4321022034, "min": -1.8759200573, "var": 18.8828220367, "median": -0.00347876548767}, "average_loudness": 0.90638422966, "barkbands_crest": {"dmean": 2.75461149216, "dmean2": 4.55055189133, "max": 24.6477222443, "dvar": 6.42757034302, "mean": 9.83196735382, "dvar2": 17.2942199707, "min": 2.54330992699, "var": 13.9683475494, "median": 9.19784164429}, "hfc": {"dmean": 7.5261888504, "dmean2": 10.5634469986, "max": 141.421325684, "dvar": 137.506286621, "mean": 17.4996986389, "dvar2": 229.932785034, "min": 1.07513177311e-16, "var": 375.518707275, "median": 11.9933013916}, "barkbands_kurtosis": {"dmean": 5.32408189774, "dmean2": 8.48964881897, "max": 122.581260681, "dvar": 92.4698257446, "mean": 6.84762382507, "dvar2": 231.310958862, "min": -1.95052993298, "var": 148.363677979, "median": 2.10759353638}, "erbbands": {"dmean": [0.117784135044, 0.756851434708, 2.89489364624, 6.89246940613, 9.29203224182, 5.1628279686, 6.64633607864, 12.9966449738, 20.1041965485, 13.3251523972, 17.4850845337, 14.5916900635, 27.040763855, 18.7819766998, 18.5481185913, 15.9349164963, 8.00851154327, 11.8209962845, 13.8458576202, 12.5774393082, 10.4067554474, 8.44680404663, 9.14579868317, 10.8078670502, 11.993979454, 7.37114572525, 5.49079418182, 4.68237876892, 5.51451730728, 4.88699388504, 3.36027550697, 1.85926282406, 1.53120923042, 0.981425225735, 0.364161729813, 0.106073826551, 0.0238555986434, 0.00400285515934, 0.00020295153081, 1.65381716215e-05], "dmean2": [0.199159309268, 1.29208064079, 5.16647338867, 11.9460430145, 15.2705049515, 8.79382514954, 11.6294336319, 21.097661972, 31.7457447052, 21.7115421295, 26.6552696228, 22.7005844116, 42.358631134, 29.3587551117, 29.1444683075, 23.5902576447, 12.449426651, 18.6827335358, 21.4982051849, 18.695526123, 15.8006277084, 12.8320989609, 14.6021223068, 15.6062059402, 17.4270973206, 10.3435869217, 7.78831386566, 6.43528413773, 8.07021617889, 7.24248838425, 4.95366811752, 2.71500825882, 2.30374526978, 1.47735762596, 0.53316783905, 0.156968057156, 0.0348315052688, 0.00599491130561, 0.000311407260597, 2.49412714766e-05], "max": [2.81506204605, 23.4549064636, 101.87550354, 169.193008423, 193.121063232, 154.218231201, 171.712493896, 370.513885498, 748.997436523, 572.170043945, 735.391967773, 640.35345459, 708.508789062, 1382.51647949, 1078.0020752, 1493.51757812, 292.93157959, 500.118560791, 725.875976562, 830.683166504, 451.123657227, 287.432373047, 282.371002197, 393.154815674, 321.97442627, 210.085235596, 195.322189331, 190.736114502, 329.395965576, 195.685424805, 205.638137817, 118.154571533, 114.119041443, 45.262928009, 21.6619968414, 6.15534591675, 1.7401393652, 0.346728980541, 0.0281989965588, 0.000504218507558], "dvar": [0.0483216941357, 4.46361589432, 127.496139526, 316.075317383, 390.626434326, 101.485191345, 188.005111694, 600.979614258, 2252.18969727, 940.116699219, 1628.0234375, 1313.57788086, 3651.05200195, 2647.40429688, 2602.09570312, 2088.15722656, 351.485290527, 752.032409668, 1218.91503906, 1493.79992676, 597.373718262, 255.061203003, 598.315307617, 410.997039795, 473.764007568, 284.496398926, 217.368484497, 156.920822144, 242.301681519, 184.473587036, 97.2374420166, 27.4882583618, 23.0335025787, 5.83683013916, 0.905042946339, 0.0760869309306, 0.0047953077592, 0.000175721870619, 6.03211731232e-07, 8.35664704102e-10], "mean": [0.223232612014, 1.09620594978, 3.35570430756, 9.32440185547, 11.3841772079, 6.71923017502, 8.63867950439, 18.1291332245, 24.8268260956, 16.4113903046, 23.2056083679, 22.0003223419, 38.7241859436, 30.1461315155, 29.0768661499, 24.4621829987, 11.4869709015, 15.7991447449, 19.1359710693, 19.1699905396, 15.2639160156, 14.3374538422, 12.4655094147, 17.44373703, 19.7431144714, 10.8230867386, 7.28980064392, 5.8049325943, 6.63748407364, 5.5630531311, 3.86351037025, 2.36229491234, 1.74769997597, 1.08716237545, 0.418473809958, 0.1218489483, 0.0275657959282, 0.0045621371828, 0.000234226390603, 3.79560733563e-05], "dvar2": [0.14555414021, 12.7415218353, 368.258880615, 914.155395508, 907.579650879, 267.475067139, 540.090515137, 1444.4375, 5166.21728516, 2367.45532227, 3610.01147461, 3230.83959961, 9184.07128906, 5679.6328125, 6316.18310547, 4232.74462891, 836.15612793, 1762.40063477, 2998.42114258, 3153.73413086, 1269.58166504, 569.814208984, 1585.04626465, 878.77545166, 1006.49017334, 570.60168457, 369.951721191, 305.11730957, 523.256896973, 375.152252197, 223.409179688, 59.5738639832, 51.3586540222, 12.526509285, 1.87158930302, 0.156219899654, 0.0101736802608, 0.000379287492251, 1.45172509747e-06, 1.87716708844e-09], "min": [3.45572068456e-23, 7.61813149322e-22, 1.44764563963e-21, 4.98780458185e-21, 8.50010797459e-21, 2.21839242035e-20, 1.76842959314e-20, 9.24934490899e-20, 7.43873572852e-20, 2.45939976362e-19, 3.04133037184e-19, 3.55857545616e-19, 6.97365575556e-19, 6.58114252828e-19, 1.10882351361e-18, 1.67820449947e-18, 1.34811114839e-18, 1.66112363341e-18, 2.10113077973e-18, 2.27672033746e-18, 3.79190097988e-18, 4.64178604589e-18, 5.47281759778e-18, 6.58326993342e-18, 8.15148691517e-18, 7.64201148665e-18, 7.68313146208e-18, 9.60106551757e-18, 1.06643110692e-17, 1.12210317456e-17, 1.09413173128e-17, 1.05701638535e-17, 8.68626993453e-18, 9.28734403537e-18, 4.93516715683e-18, 4.17736300943e-18, 2.28144684748e-18, 9.92656543131e-19, 2.32514473129e-19, 2.61723290077e-20], "var": [0.0936351120472, 3.9389026165, 81.1971054077, 252.624984741, 453.885314941, 115.429824829, 173.665161133, 945.673950195, 3031.81860352, 1090.49182129, 2439.74121094, 1863.03649902, 7384.32421875, 4620.55712891, 4391.46923828, 4877.24316406, 608.116271973, 1340.99389648, 1718.17041016, 2540.49926758, 967.551635742, 527.221435547, 644.316772461, 897.09954834, 1078.04223633, 501.350097656, 369.62121582, 271.856109619, 366.831207275, 260.940338135, 125.896530151, 38.6496124268, 29.3817157745, 8.29477500916, 1.33347380161, 0.111405022442, 0.00670972187072, 0.000224492090638, 6.33158322216e-07, 1.42265499381e-09], "median": [0.0851422473788, 0.414883047342, 1.30188560486, 4.06607246399, 4.0921330452, 3.01514196396, 3.9683470726, 7.15624952316, 5.56899595261, 5.09412670135, 6.58486413956, 8.36571598053, 5.73151493073, 8.90805721283, 7.94391727448, 4.02425956726, 2.96019458771, 2.72811937332, 4.32219314575, 3.84520578384, 3.47696232796, 3.98605656624, 2.87080287933, 3.76397967339, 4.45543527603, 2.58655714989, 0.687209665775, 0.306759893894, 0.233838766813, 0.238464742899, 0.307630985975, 0.298357218504, 0.21279001236, 0.11571084708, 0.0480680726469, 0.0111948670819, 0.00247896718793, 0.000404575112043, 3.43373467331e-05, 2.9909553632e-05]}, "spectral_energy": {"dmean": 0.0111716166139, "dmean2": 0.0175829306245, "max": 0.192213758826, "dvar": 0.00044388929382, "mean": 0.0273126382381, "dvar2": 0.00111172185279, "min": 1.01050354646e-20, "var": 0.000635169737507, "median": 0.0224347300828}, "zerocrossingrate": {"dmean": 0.0125983944163, "dmean2": 0.0143705671653, "max": 0.521484375, "dvar": 0.000285782996798, "mean": 0.0532771870494, "dvar2": 0.000337869278155, "min": 0.00146484375, "var": 0.0033212271519, "median": 0.0419921875}, "spectral_energyband_high": {"dmean": 0.00059001025511, "dmean2": 0.000801078102086, "max":