{"metadata": {"audio_properties": {"downmix": "mix", "bit_rate": 211209, "lossless": false, "md5_encoded": "b00de2bf0163f1942b3f5d2ecfd0a2c1", "analysis_sample_rate": 44100, "sample_rate": 44100, "replay_gain": -15.2020301819, "equal_loudness": 0, "codec": "mp3", "length": 215.588577271}, "tags": {"encoding": ["LAME"], "album": ["A Town And Two Cities"], "artist": ["Your Vegas"], "label": ["Universal Republic"], "language": ["eng"], "musicbrainz_recordingid": ["084bc9f5-5151-45be-88ef-b9c6a5a4f1ac"], "genre": ["Rock"], "tracknumber": ["7/10"], "title": ["Your Vegas"], "date": ["2008"], "file_name": "1552531.mp3"}, "version": {"essentia_build_sha": "70f2e5ece6736b2c40cc944ad0e695b16b925413", "essentia_git_sha": "v2.1_beta2", "extractor": "music 1.0", "essentia": "2.1-beta2"}}, "tonal": {"chords_scale": "major", "hpcp": {"dmean": [0.13145300746, 0.111899539828, 0.0889391303062, 0.088366985321, 0.0939348638058, 0.124281406403, 0.137813195586, 0.123481445014, 0.0870994329453, 0.077425673604, 0.0901455655694, 0.127686575055, 0.146013006568, 0.131091192365, 0.124140262604, 0.131431490183, 0.128029882908, 0.112637504935, 0.112890616059, 0.127362713218, 0.188737586141, 0.194026827812, 0.18681652844, 0.188604265451, 0.144343987107, 0.0948895514011, 0.113277055323, 0.114330098033, 0.110084138811, 0.0904188603163, 0.0779822692275, 0.0760309994221, 0.100212179124, 0.112557113171, 0.10718563199, 0.131716549397], "dvar2": [0.113102756441, 0.0823555663228, 0.0787742808461, 0.0915122628212, 0.0861234515905, 0.0939391031861, 0.0990398004651, 0.0970934852958, 0.0794633626938, 0.0890178978443, 0.096655651927, 0.104788064957, 0.117627367377, 0.109540432692, 0.126951396465, 0.149601906538, 0.146026656032, 0.12955288589, 0.122841179371, 0.120431736112, 0.124572940171, 0.127250805497, 0.122438810766, 0.199938073754, 0.145275771618, 0.110844679177, 0.11239336431, 0.108813948929, 0.105437703431, 0.0980017632246, 0.0809038355947, 0.0611083656549, 0.0717972368002, 0.0816191807389, 0.0805133581161, 0.100814327598], "mean": [0.254684150219, 0.142494231462, 0.078420355916, 0.0744803622365, 0.0777921155095, 0.158275648952, 0.218574717641, 0.14299915731, 0.0736286714673, 0.0649549663067, 0.0737583488226, 0.170410782099, 0.240850821137, 0.162452250719, 0.13444519043, 0.176588341594, 0.133120238781, 0.0963965877891, 0.106218032539, 0.116847231984, 0.29592525959, 0.426766842604, 0.269505739212, 0.149719908834, 0.110309608281, 0.0731188058853, 0.130948543549, 0.174788594246, 0.119021482766, 0.0678511634469, 0.0559081509709, 0.0591619871557, 0.119946487248, 0.157433286309, 0.127764865756, 0.206082999706], "var": [0.116075754166, 0.0362459942698, 0.0212980750948, 0.022947916761, 0.0220313314348, 0.0478160046041, 0.0765279531479, 0.0395131707191, 0.0232394635677, 0.0253068245947, 0.0255852025002, 0.0555929392576, 0.0938947498798, 0.0484347194433, 0.0476782917976, 0.0948876664042, 0.0583064556122, 0.0350790582597, 0.0386051125824, 0.0352954156697, 0.077730961144, 0.134418293834, 0.0666046068072, 0.058371078223, 0.0396331436932, 0.0272136889398, 0.0511290431023, 0.0825736969709, 0.0439968816936, 0.0236632786691, 0.0183606799692, 0.0150270275772, 0.0306182950735, 0.0484965778887, 0.0338699780405, 0.0822706967592], "dmean2": [0.227604493499, 0.196567639709, 0.163361668587, 0.162878513336, 0.171852350235, 0.212232083082, 0.234702631831, 0.218805551529, 0.159034430981, 0.142733082175, 0.164834871888, 0.221103683114, 0.250846862793, 0.229067623615, 0.221534028649, 0.236901298165, 0.233194425702, 0.207588940859, 0.205843508244, 0.229978740215, 0.321797758341, 0.32683801651, 0.321463346481, 0.347526490688, 0.267433822155, 0.176053106785, 0.200745478272, 0.201465174556, 0.19608168304, 0.167739763856, 0.14561663568, 0.140622913837, 0.176373392344, 0.195648267865, 0.188911363482, 0.223858803511], "dvar": [0.0456924587488, 0.028949374333, 0.0284503791481, 0.0322060510516, 0.0302998535335, 0.0348769538105, 0.0388036109507, 0.0351661741734, 0.0290756709874, 0.032348100096, 0.0344013646245, 0.0391398966312, 0.0465260893106, 0.0399385131896, 0.0457933656871, 0.0579535104334, 0.0527777895331, 0.0459454208612, 0.0439201630652, 0.0435571856797, 0.0472041666508, 0.0568918585777, 0.045299872756, 0.0714030563831, 0.0521687455475, 0.0387911200523, 0.0412488952279, 0.0435443110764, 0.0375784747303, 0.0345425829291, 0.0286506228149, 0.021778639406, 0.0260046608746, 0.0305346250534, 0.0299541987479, 0.0387952253222], "min": [0, 0, 0, 0, 0, 0, 0, 0, 0, 0, 0, 0, 0, 0, 0, 0, 0, 0, 0, 0, 0, 0, 0, 0, 0, 0, 0, 0, 0, 0, 0, 0, 0, 0, 0, 0], "median": [0.0766367614269, 0.0599642507732, 0.0263485461473, 0.0196176618338, 0.0257019251585, 0.0622089281678, 0.0920655429363, 0.061501968652, 0.0196829773486, 0.0142830498517, 0.0196340084076, 0.0671219676733, 0.0991540849209, 0.0671750083566, 0.0373227745295, 0.02835245803, 0.0198395792395, 0.0267607718706, 0.0282340496778, 0.0464578904212, 0.198908522725, 0.302174001932, 0.179489821196, 0.0446860790253, 0.0279318504035, 0.0175962299109, 0.0310403257608, 0.0415699370205, 0.0292839109898, 0.0153636671603, 0.0125381043181, 0.0172114558518, 0.0507080219686, 0.0690007507801, 0.0565291941166, 0.062742844224], "max": [1, 1, 1, 1, 1, 1, 1, 1, 1, 1, 1, 1, 1, 1, 1, 1, 1, 1, 1, 1, 1, 1, 1, 1, 1, 1, 1, 1, 1, 1, 1, 1, 1, 1, 1, 1]}, "tuning_equal_tempered_deviation": 0.0156667903066, "chords_key": "A", "chords_strength": {"dmean": 0.00869488250464, "dvar2": 5.52300771233e-05, "mean": 0.545293927193, "var": 0.00857403874397, "dmean2": 0.00811701733619, "dvar": 5.11663602083e-05, "min": 0.254181802273, "median": 0.550408482552, "max": 0.739658653736}, "tuning_diatonic_strength": 0.663589715958, "thpcp": [1, 0.631505787373, 0.350823670626, 0.258477449417, 0.171331971884, 0.306838601828, 0.409564614296, 0.278891116381, 0.158988833427, 0.131003975868, 0.138628363609, 0.281058579683, 0.368897646666, 0.299378603697, 0.482893645763, 0.596775889397, 0.333892464638, 0.183754563332, 0.1745223701, 0.182282477617, 0.37087148428, 0.512164235115, 0.335075616837, 0.172526687384, 0.152202472091, 0.172830551863, 0.399306505919, 0.56436163187, 0.380658090115, 0.315031945705, 0.413781762123, 0.311927318573, 0.22587646544, 0.248890072107, 0.273796409369, 0.693412005901], "chords_histogram": [41.8819999695, 11.3910417557, 22.7390174866, 0.193798452616, 1.3135228157, 0, 1.52885448933, 0, 0.818260133266, 0.107665807009, 0.301464259624, 0, 0, 0, 0, 1.91645133495, 0, 0.430663228035, 0, 3.53143835068, 0.086132645607, 1.2273901701, 6.54608106613, 5.98621892929], "tuning_nontempered_energy_ratio": 0.670175433159, "tuning_frequency": 440.508575439, "key_strength": 0.874153852463, "chords_changes_rate": 0.0434969849885, "key_scale": "major", "hpcp_entropy": {"dmean": 0.607241749763, "dvar2": 0.706121206284, "mean": 1.89024686813, "var": 0.563082516193, "dmean2": 1.0066024065, "dvar": 0.264053314924, "min": 0, "median": 1.9269452095, "max": 4.47851324081}, "key_key": "A", "chords_number_rate": 0.00215331604704}, "lowlevel": {"melbands_skewness": {"dmean": 0.705016255379, "dvar2": 2.44959568977, "mean": 2.42203307152, "var": 2.23191094398, "dmean2": 1.17893230915, "dvar": 0.886739909649, "min": -0.348334938288, "median": 2.00884532928, "max": 12.7241773605}, "melbands_kurtosis": {"dmean": 6.42204046249, "dvar2": 585.092285156, "mean": 10.4863033295, "var": 310.291015625, "dmean2": 11.0763759613, "dvar": 208.408676147, "min": -1.56775963306, "median": 4.65993213654, "max": 210.898910522}, "barkbands_kurtosis": {"dmean": 2.38321995735, "dvar2": 98.463973999, "mean": 2.69146943092, "var": 55.1164894104, "dmean2": 4.0830321312, "dvar": 34.1012535095, "min": -1.82561969757, "median": 0.2140417099, "max": 98.0222244263}, "hfc": {"dmean": 5.33544778824, "dvar2": 121.199546814, "mean": 24.5271682739, "var": 260.150482178, "dmean2": 8.56012248993, "dvar": 48.5692825317, "min": 7.15695989584e-07, "median": 22.0439987183, "max": 93.9774475098}, "silence_rate_20dB": {"dmean": 0, "dvar2": 0, "mean": 1, "var": 0, "dmean2": 0, "dvar": 0, "min": 1, "median": 1, "max": 1}, "erbbands_flatness_db": {"dmean": 0.014665667899, "dvar2": 0.000442956865299, "mean": 0.146430745721, "var": 0.00154844648205, "dmean2": 0.0219134688377, "dvar": 0.00021090474911, "min": 0.0488340966403, "median": 0.142944782972, "max": 0.384146541357}, "spectral_flux": {"dmean": 0.0260456427932, "dvar2": 0.00189275038429, "mean": 0.085891097784, "var": 0.00214856886305, "dmean2": 0.0409093014896, "dvar": 0.00103450904135, "min": 3.08444105031e-05, "median": 0.0781501084566, "max": 0.310076266527}, "spectral_energyband_low": {"dmean": 0.00819599069655, "dvar2": 0.000710539112333, "mean": 0.012418102473, "var": 0.000187827303307, "dmean2": 0.0148323746398, "dvar": 0.000243411603151, "min": 3.63194307962e-10, "median": 0.0087952176109, "max": 0.14590883255}, "spectral_rolloff": {"dmean": 428.555633545, "dvar2": 810586.125, "mean": 1633.43737793, "var": 1101343.375, "dmean2": 735.375061035, "dvar": 317640.28125, "min": 86.1328125, "median": 1636.5234375, "max": 7730.41992188}, "spectral_entropy": {"dmean": 0.143560871482, "dvar2": 0.0682829469442, "mean": 7.61277627945, "var": 0.221433252096, "dmean2": 0.214237645268, "dvar": 0.0332837663591, "min": 4.71019506454, "median": 7.71893930435, "max": 9.80209445953}, "spectral_energy": {"dmean": 0.0099670868367, "dvar2": 0.000681699195411, "mean": 0.0293677914888, "var": 0.000265561364358, "dmean2": 0.0175188388675, "dvar": 0.000236090520048, "min": 9.51377754355e-10, "median": 0.0271071605384, "max": 0.150931254029}, "spectral_centroid": {"dmean": 222.267181396, "dvar2": 159417.171875, "mean": 1641.63122559, "var": 455715.09375, "dmean2": 351.477203369, "dvar": 72937.6875, "min": 152.92401123, "median": 1765.72595215, "max": 11001.1904297}, "barkbands_flatness_db": {"dmean": 0.0212285052985, "dvar2": 0.00152520253323, "mean": 0.120281405747, "var": 0.00355300609954, "dmean2": 0.0348632447422, "dvar": 0.000569452124182, "min": 0.0316557399929, "median": 0.104319177568, "max": 0.444542586803}, "spectral_rms": {"dmean": 0.000818571890704, "dvar2": 3.35746494784e-06, "mean": 0.0051368274726, "var": 2.26443080464e-06, "dmean2": 0.00140643678606, "dvar": 1.17778677122e-06, "min": 9.6341761946e-07, "median": 0.00514256861061, "max": 0.0121346609667}, "melbands": {"dmean": [0.00168993370607, 0.00170210620854, 0.000354486779543, 0.000293191929813, 0.00018763996195, 0.000120194148622, 9.9889242847e-05, 0.00012783985585, 0.000134095767862, 0.000143464349094, 5.17865191796e-05, 4.92078252137e-05, 4.92849248985e-05, 2.02321571123e-05, 3.70311354345e-05, 3.20218787238e-05, 3.17253034154e-05, 4.92839208164e-05, 2.33072296396e-05, 1.92157476704e-05, 2.67232153419e-05, 1.96751079784e-05, 1.71438205143e-05, 1.41055406857e-05, 9.77730815066e-06, 1.21750435937e-05, 1.13907472041e-05, 6.53289635011e-06, 4.66350684292e-06, 2.81775623989e-06, 2.61982472693e-06, 2.9617481232e-06, 1.99720898308e-06, 1.19014157463e-06, 9.72629095486e-07, 9.36844912758e-07, 7.14160194093e-07, 4.29137998026e-07, 3.46844899468e-07, 2.53277022466e-07], "dvar2": [3.18888633046e-05, 3.11497460643e-05, 4.75748379358e-07, 9.77215790954e-07, 1.95940842218e-07, 1.17088788443e-07, 1.15172269943e-07, 1.51697364004e-07, 1.39975924185e-07, 2.06811321846e-07, 4.98521011139e-08, 2.22351008716e-08, 3.54524480883e-08, 6.13799144844e-09, 9.6069605604e-09, 9.74448433055e-09, 9.99505722632e-09, 2.54510332809e-08, 6.39826902571e-09, 3.645415525e-09, 5.32678345877e-09, 3.53990747826e-09, 1.91023530327e-09, 1.68964586766e-09, 5.42358546962e-10, 7.82882980666e-10, 9.8428598605e-10, 2.3165573626e-10, 1.27206245537e-10, 5.64109453594e-11, 4.91200760622e-11, 6.33412419737e-11, 2.96738397743e-11, 1.05849374404e-11, 9.40539486571e-12, 9.5847886919e-12, 6.5913624385e-12, 1.88729240569e-12, 1.02268779383e-12, 3.64268213033e-13], "mean": [0.00196218839847, 0.00243214983493, 0.000899623380974, 0.000488322926685, 0.000363569357432, 0.000243435919401, 0.000193085914361, 0.000263680150965, 0.000314560427796, 0.000327696208842, 0.000115091897896, 9.78791649686e-05, 9.28146691876e-05, 3.73782932002e-05, 7.2324051871e-05, 5.97733633185e-05, 5.4518070101e-05, 9.38258745009e-05, 4.6104494686e-05, 4.09230269725e-05, 5.3663035942e-05, 4.00885946874e-05, 3.64827355952e-05, 2.93695047731e-05, 2.15143772948e-05, 2.78686347883e-05, 2.59228509094e-05, 1.40572492455e-05, 8.85149984242e-06, 5.63119647268e-06, 4.80567405248e-06, 4.97591008752e-06, 3.86822512155e-06, 2.36139817389e-06, 1.87925650152e-06, 1.61165098689e-06, 1.11410793124e-06, 7.65179549944e-07, 6.57124189729e-07, 5.19310447089e-07], "var": [8.22984657134e-06, 8.19472279545e-06, 5.0010146424e-07, 3.0929965078e-07, 1.39524061638e-07, 9.7493774831e-08, 1.16174319942e-07, 2.78765099893e-07, 3.3553098433e-07, 4.06237859352e-07, 1.09134312254e-07, 3.8794436108e-08, 4.37436860068e-08, 5.70085001428e-09, 1.06997788407e-08, 8.28545854148e-09, 7.21680404325e-09, 2.81695058391e-08, 7.84941356358e-09, 5.6638285173e-09, 5.64479307741e-09, 3.65857300011e-09, 2.09261119544e-09, 2.129919352e-09, 5.74308711698e-10, 9.93501725333e-10, 1.10609943427e-09, 2.65440724956e-10, 9.10326466985e-11, 4.50476669855e-11, 3.60575111436e-11, 3.40502383234e-11, 2.04572244561e-11, 7.70647434756e-12, 6.03875109639e-12, 4.6648913031e-12, 2.3491310893e-12, 9.53383747816e-13, 7.45627626482e-13, 4.30795237807e-13], "dmean2": [0.00308246305212, 0.00306559703313, 0.000581233412959, 0.000508542812895, 0.000307420879835, 0.000191901170183, 0.000160586118, 0.000194746055058, 0.000192478473764, 0.000207512595807, 7.8021788795e-05, 7.41438925616e-05, 7.65192089602e-05, 3.16272089549e-05, 5.78490944463e-05, 5.05454736413e-05, 4.98310837429e-05, 7.93959043222e-05, 3.70420857507e-05, 3.05913563352e-05, 4.32839769928e-05, 3.1925188523e-05, 2.80611657217e-05, 2.27529253607e-05, 1.62679662026e-05, 2.01991788344e-05, 1.84139480552e-05, 1.08903659566e-05, 8.00258021627e-06, 4.72552892461e-06, 4.33625064034e-06, 5.07206050315e-06, 3.30835337081e-06, 1.97836675397e-06, 1.59230194186e-06, 1.53278244852e-06, 1.24556243009e-06, 7.15313888122e-07, 5.59255681765e-07, 3.89371876963e-07], "dvar": [1.07374135041e-05, 1.08184594865e-05, 1.77656559686e-07, 3.40743611105e-07, 7.58101919018e-08, 4.98192456178e-08, 5.01735257785e-08, 7.04812421759e-08, 7.01927689306e-08, 9.70098810171e-08, 2.31746817292e-08, 1.0581367782e-08, 1.51387595793e-08, 2.56358756445e-09, 4.22529611299e-09, 4.18301659977e-09, 4.20892876107e-09, 1.00505088696e-08, 2.80664025354e-09, 1.58420943031e-09, 2.09366723958e-09, 1.39537947863e-09, 7.60271678946e-10, 6.69024613487e-10, 2.01243119391e-10, 3.0484448299e-10, 4.01649991044e-10, 8.91033843931e-11, 4.75282868617e-11, 2.18306102362e-11, 1.93499695433e-11, 2.40844653249e-11, 1.16995614585e-11, 4.13223795459e-12, 3.70269483477e-12, 3.67593889355e-12, 2.33259440409e-12, 7.06927300986e-13, 4.12861829143e-13, 1.67189097853e-13], "min": [6.01984434523e-11, 4.91187576723e-11, 4.0008839991e-11, 6.20772530602e-11, 5.34148983725e-12, 1.36065356031e-12, 1.06706733293e-12, 9.27066691643e-13, 3.39152620918e-12, 1.23781471184e-11, 6.71959059576e-12, 1.54640417225e-12, 2.84436124827e-12, 7.07838215125e-12, 4.04008684146e-12, 3.59378629286e-12, 2.21464827813e-13, 7.99173607065e-13, 4.21977177593e-14, 2.03453519223e-13, 1.79103066877e-14, 5.69317186574e-15, 1.82880444187e-13, 5.62988349516e-13, 5.72518432402e-13, 2.6030496118e-13, 1.35173271773e-13, 1.12665112699e-13, 5.5904384583e-14, 1.28395612285e-13, 7.36574700972e-14, 3.60011011887e-13, 1.70097863204e-13, 3.06573952964e-14, 1.93452855325e-14, 9.66115683006e-14, 2.09361811199e-14, 1.70469056758e-14, 1.42851903267e-14, 2.88156746186e-14], "median": [0.00104766176082, 0.00166132324375, 0.000723363715224, 0.000342911458574, 0.000251879915595, 0.000146434409544, 9.80310069281e-05, 9.01080638869e-05, 0.000106693958514, 9.46949585341e-05, 2.93446064461e-05, 3.98951087845e-05, 2.52617683145e-05, 1.67442740349e-05, 3.91642170143e-05, 3.38483296218e-05, 2.67332907242e-05, 4.36914851889e-05, 2.10918242374e-05, 2.20017755055e-05, 2.72030611086e-05, 2.24476225412e-05, 2.25603544095e-05, 1.67166654137e-05, 1.48351100506e-05, 1.90478713193e-05, 1.65633900906e-05, 1.0237119568e-05, 6.50810761726e-06, 3.75810986952e-06, 2.84881343759e-06, 3.11824896926e-06, 2.4527921596e-06, 1.43874046898e-06, 9.86952045423e-07, 9.0078822268e-07, 6.29241299066e-07, 4.53454788385e-07, 3.73553092459e-07, 3.07002352429e-07], "max": [0.0286464206874, 0.0310330148786, 0.00688158953562, 0.00675025908276, 0.00444939313456, 0.00454684207216, 0.00541533157229, 0.00526268361136, 0.00741406297311, 0.0076762791723, 0.00450888182968, 0.00319429580122, 0.00256390892901, 0.00135910056997, 0.00201832619496, 0.00157310685609, 0.00153926911298, 0.00223427335732, 0.00176630180795, 0.00140388775617, 0.000917469267733, 0.000959180819336, 0.000844242575113, 0.00086579436902, 0.000317707454087, 0.000304328947095, 0.000652155722491, 0.000184240023373, 9.81542543741e-05, 0.00011540651758, 7.65514996601e-05, 6.07800357102e-05, 4.87346223963e-05, 3.77943251806e-05, 3.19872997352e-05, 2.90828065772e-05, 2.00464182853e-05, 1.17707277241e-05, 1.08967560664e-05, 7.98893688625e-06]}, "barkbands_crest": {"dmean": 2.81733179092, "dvar2": 26.6439285278, "mean": 9.37557983398, "var": 17.3802375793, "dmean2": 4.83232116699, "dvar": 8.99618434906, "min": 2.22626662254, "median": 8.40307044983, "max": 24.3469676971}, "mfcc": {"icov": [[0.000514452112839, 0.000786670134403, 0.000769217964262, 0.000174235814484, 0.000244894385105, -0.000250081822742, -7.8826189565e-05, -0.000157977352501, -7.77252716944e-05, -0.000284696754534, -0.000182719508302, -0.000235405721469, -0.000161295451107], [0.000786670134403, 0.00263403519057, 0.000953212089371, 0.000652651942801, -0.000311603303999, 2.79249086077e-08, -0.000673270435072, -8.55673133628e-05, -0.000259129330516, -1.8513044779e-05, -0.000460131996078, -0.000348163302988, -0.0004360609164], [0.000769217964262, 0.000953212089371, 0.0029764494393, 0.000570319709368, 0.000164882469107, -0.000909873691853, -0.000175576133188, 0.000210202197195, -0.000869719660841, 0.000643235340249, -0.000824858318083, -0.000606262707151, 2.58118161582e-05], [0.000174235814484, 0.000652651942801, 0.000570319709368, 0.00494023831561, -0.00102595658973, -0.00042954221135, -0.000581380270887, 0.00124442542437, -0.000879801285919, -0.0019531166181, 0.00124200701248, -0.00188879412599, -0.000920233957004], [0.000244894385105, -0.000311603303999, 0.000164882469107, -0.00102595658973, 0.00809047557414, -0.00261638849042, 0.00138702685945, -0.000127967112348, -0.00119358405937, 0.000314197706757, -1.97370354726e-05, 0.000994556467049, -0.00139184761792], [-0.000250081822742, 2.79249086077e-08, -0.000909873691853, -0.00042954221135, -0.00261638849042, 0.00935132429004, -0.00248840171844, -0.000611222116277, -0.000233342463616, 0.00181342929136, 0.000491349084768, -0.000575299025513, 0.00224621454254], [-7.8826189565e-05, -0.000673270435072, -0.000175576133188, -0.000581380270887, 0.00138702685945, -0.00248840171844, 0.0113305477425, -0.0048180129379, 0.00112715922296, 5.1511280617e-05, -0.00250687031075, 0.000831583107356, -0.0012433930533], [-0.000157977352501, -8.55673133628e-05, 0.000210202197195, 0.00124442542437, -0.000127967112348, -0.000611222116277, -0.0048180129379, 0.0147888073698, -0.00372065161355, 0.000232152218814, 0.000305824534735, 0.0012595745502, 1.44281329995e-05], [-7.77252716944e-05, -0.000259129330516, -0.000869719660841, -0.000879801285919, -0.00119358405937, -0.000233342463616, 0.00112715922296, -0.00372065161355, 0.0132382437587, -0.0046851458028, 0.00204018945806, -9.40293975873e-05, 5.32269186806e-05], [-0.000284696754534, -1.8513044779e-05, 0.000643235340249, -0.0019531166181, 0.000314197706757, 0.00181342929136, 5.1511280617e-05, 0.000232152218814, -0.0046851458028, 0.0165801644325, -0.00731683429331, 0.00201958534308, 0.000956766773015], [-0.000182719508302, -0.000460131996078, -0.000824858318083, 0.00124200701248, -1.97370354726e-05, 0.000491349084768, -0.00250687031075, 0.000305824534735, 0.00204018945806, -0.00731683429331, 0.016799248755, -0.0044835889712, 0.000813092279714], [-0.000235405721469, -0.000348163302988, -0.000606262707151, -0.00188879412599, 0.000994556467049, -0.000575299025513, 0.000831583107356, 0.0012595745502, -9.40293975873e-05, 0.00201958534308, -0.0044835889712, 0.0176779069006, -0.00598648982123], [-0.000161295451107, -0.0004360609164, 2.58118161582e-05, -0.000920233957004, -0.00139184761792, 0.00224621454254, -0.0012433930533, 1.44281329995e-05, 5.32269186806e-05, 0.000956766773015, 0.000813092279714, -0.00598648982123, 0.0166954640299]], "mean": [-618.371459961, 115.636444092, -2.96559381485, 33.7148208618, 8.7970457077, 7.94896125793, 0.974744319916, 5.16115474701, 1.35841226578, 7.04481315613, 4.59045600891, -1.06213533878, -0.818775296211], "cov": [[6055.83349609, -1430.11816406, -1158.73327637, 118.85005188, -222.393936157, -46.4679679871, -6.97548484802, 47.9284973145, -9.57763385773, 184.431762695, 48.8612136841, 29.4594364166, 14.2909450531], [-1430.11816406, 792.821350098, 137.326583862, -68.6729202271, 61.2898979187, 2.41206431389, 33.9905776978, 6.01702213287, 2.28813290596, -35.818397522, 5.98082637787, -2.03029227257, 11.230764389], [-1158.73327637, 137.326583862, 635.690490723, -52.520778656, 38.5825424194, 54.2613945007, 9.84858131409, -5.83173942566, 17.6423225403, -50.5288658142, 4.39286851883, 6.66837072372, -9.81426334381], [118.85005188, -68.6729202271, -52.520778656, 259.153717041, 33.3084602356, 7.58586931229, -3.78781175613, -17.6716957092, 24.187128067, 33.1967201233, -4.59645414352, 29.2005691528, 23.9241905212], [-222.393936157, 61.2898979187, 38.5825424194, 33.3084602356, 155.725799561, 41.1604957581, -8.65607643127, 0.192504495382, 18.8778324127, -8.2248916626, -10.6510190964, -2.87763118744, 7.92635202408], [-46.4679679871, 2.41206431389, 54.2613945007, 7.58586931229, 41.1604957581, 138.910171509, 30.1214962006, 16.2975826263, 6.56399202347, -18.5567245483, -6.99175262451, -2.10869574547, -12.4531993866], [-6.97548484802, 33.9905776978, 9.84858131409, -3.78781175613, -8.65607643127, 30.1214962006, 119.461700439, 40.0581092834, 0.104429773986, 3.30197548866, 18.825302124, -1.00993669033, 3.21596908569], [47.9284973145, 6.01702213287, -5.83173942566, -17.6716957092, 0.192504495382, 16.2975826263, 40.0581092834, 89.7863693237, 22.1637306213, 4.54891109467, 2.33060288429, -10.1583080292, -3.70304727554], [-9.57763385773, 2.28813290596, 17.6423225403, 24.187128067, 18.8778324127, 6.56399202347, 0.104429773986, 22.1637306213, 96.2928466797, 27.319229126, -2.00191807747, -2.71151709557, -0.794937849045], [184.431762695, -35.818397522, -50.5288658142, 33.1967201233, -8.2248916626, -18.5567245483, 3.30197548866, 4.54891109467, 27.319229126, 94.7597808838, 35.2102050781, 0.424019783735, -2.27314901352], [48.8612136841, 5.98082637787, 4.39286851883, -4.59645414352, -10.6510190964, -6.99175262451, 18.825302124, 2.33060288429, -2.00191807747, 35.2102050781, 83.9400024414, 17.7053070068, 2.07003355026], [29.4594364166, -2.03029227257, 6.66837072372, 29.2005691528, -2.87763118744, -2.10869574547, -1.00993669033, -10.1583080292, -2.71151709557, 0.424019783735, 17.7053070068, 74.9806442261, 27.8160095215], [14.2909450531, 11.230764389, -9.81426334381, 23.9241905212, 7.92635202408, -12.4531993866, 3.21596908569, -3.70304727554, -0.794937849045, -2.27314901352, 2.07003355026, 27.8160095215, 74.2466812134]]}, "spectral_decrease": {"dmean": 2.55825605144e-09, "dvar2": 4.69465264776e-17, "mean": -7.19168946617e-09, "var": 1.69862779559e-17, "dmean2": 4.51070425456e-09, "dvar": 1.61930299464e-17, "min": -3.95624688565e-08, "median": -6.59705090555e-09, "max": -2.34872468925e-16}, "zerocrossingrate": {"dmean": 0.00752899702638, "dvar2": 7.13404515409e-05, "mean": 0.0605674348772, "var": 0.000623224244919, "dmean2": 0.00944990385324, "dvar": 5.13918275828e-05, "min": 0.00341796875, "median": 0.06103515625, "max": 0.19775390625}, "spectral_contrast_coeffs": {"dmean": [0.0450399965048, 0.043753746897, 0.039436083287, 0.0312286652625, 0.0226420108229, 0.0175603572279], "dvar2": [0.00399113027379, 0.00334815168753, 0.00253331102431, 0.00155848416034, 0.000906300905626, 0.00060014083283], "mean": [-0.667507350445, -0.721224367619, -0.729104995728, -0.756522417068, -0.776012778282, -0.745771706104], "var": [0.00335628190078, 0.0050118942745, 0.00524757103994, 0.00302048376761, 0.00212878244929, 0.00178808427881], "dmean2": [0.0754560977221, 0.0716837123036, 0.0626914203167, 0.0504895858467, 0.0362614095211, 0.0282468385994], "dvar": [0.00143268075772, 0.00133480702061, 0.00107694452163, 0.000652169401292, 0.000398313131882, 0.000247128395131], "min": [-0.970535516739, -0.967272996902, -0.965739905834, -0.960541844368, -0.965026497841, -0.958134174347], "median": [-0.671071052551, -0.727590680122, -0.736850321293, -0.759187102318, -0.777668476105, -0.740166127682], "max": [-0.364448577166, -0.39620923996, -0.416163563728, -0.521526753902, -0.545100390911, -0.629245638847]}, "spectral_skewness": {"dmean": 0.197880551219, "dvar2": 0.178835898638, "mean": 1.45921695232, "var": 0.771669387817, "dmean2": 0.327954977751, "dvar": 0.0656144693494, "min": -0.0177033711225, "median": 1.26941609383, "max": 10.3756141663}, "spectral_energyband_middle_high": {"dmean": 0.00165974278934, "dvar2": 9.62750073086e-06, "mean": 0.00693995133042, "var": 3.1172112358e-05, "dmean2": 0.00259121903218, "dvar": 4.16244756707e-06, "min": 1.50285353606e-10, "median": 0.00606408622116, "max": 0.0470108613372}, "gfcc": {"icov": [[0.00067708583083, 0.000499392393976, 0.000908623682335, -0.0006815479137, 0.000236130537814, -0.000814146886114, 0.00047860541963, -0.000879547384102, 0.000493285944685, -0.000934733776376, 0.000536641047802, -0.000510151789058, 0.000316460907925], [0.000499392393976, 0.00465279864147, -0.00053336302517, 0.00215068366379, -0.00239750253968, 0.00223241071217, -0.00255314726382, 0.00185545289423, -0.00270001986064, 0.00332934083417, -0.00404928904027, 0.00384710682556, -0.00232097948901], [0.000908623682335, -0.00053336302517, 0.00297271669842, -0.00108750443906, 0.00101960590109, -0.0025616150815, 0.00115822337102, -0.00115679635201, 0.00101381423883, -0.00289371423423, 0.002486073412, -0.0025767062325, 0.00122676091269], [-0.0006815479137, 0.00215068366379, -0.00108750443906, 0.00579538522288, -0.00213492847979, 0.00217854045331, -0.00238410150632, 0.00243671797216, -0.00319239683449, 0.00222462415695, -0.00345540815033, 0.00363119272515, -0.00285390624776], [0.000236130537814, -0.00239750253968, 0.00101960590109, -0.00213492847979, 0.00698187993839, -0.00215028971434, 0.000726880214643, -0.000507439312059, 0.000721460091881, -0.00320126023144, 0.00318699027412, -0.00359354750253, 0.000223837865633], [-0.000814146886114, 0.00223241071217, -0.0025616150815, 0.00217854045331, -0.00215028971434, 0.0102670118213, -0.00404277024791, 0.000932202499826, -0.000161596748512, 0.00341641157866, -0.00241844076663, 0.000851527263876, -0.00126057665329], [0.00047860541963, -0.00255314726382, 0.00115822337102, -0.00238410150632, 0.000726880214643, -0.00404277024791, 0.0115722138435, -0.00502537423745, 0.00276020728052, -0.00196044589393, 0.000868571398314, -0.00115749717224, 0.00148797943257], [-0.000879547384102, 0.00185545289423, -0.00115679635201, 0.00243671797216, -0.000507439312059, 0.000932202499826, -0.00502537423745, 0.0133352018893, -0.00561943789944, 0.00156975607388, -0.00233219144866, 0.00433741463348, -0.00212204968557], [0.000493285944685, -0.00270001986064, 0.00101381423883, -0.00319239683449, 0.000721460091881, -0.000161596748512, 0.00276020728052, -0.00561943789944, 0.0173199623823, -0.00743219768628, 0.00390946539119, -0.00087536132196, -0.000610335555393], [-0.000934733776376, 0.00332934083417, -0.00289371423423, 0.00222462415695, -0.00320126023144, 0.00341641157866, -0.00196044589393, 0.00156975607388, -0.00743219768628, 0.0218836180866, -0.00794933084399, 0.00248900917359, 0.00206918152981], [0.000536641047802, -0.00404928904027, 0.002486073412, -0.00345540815033, 0.00318699027412, -0.00241844076663, 0.000868571398314, -0.00233219144866, 0.00390946539119, -0.00794933084399, 0.0186203531921, -0.00743098650128, 0.00298186484724], [-0.000510151789058, 0.00384710682556, -0.0025767062325, 0.00363119272515, -0.00359354750253, 0.000851527263876, -0.00115749717224, 0.00433741463348, -0.00087536132196, 0.00248900917359, -0.00743098650128, 0.0212845820934, -0.00890612322837], [0.000316460907925, -0.00232097948901, 0.00122676091269, -0.00285390624776, 0.000223837865633, -0.00126057665329, 0.00148797943257, -0.00212204968557, -0.000610335555393, 0.00206918152981, 0.00298186484724, -0.00890612322837, 0.0198832526803]], "mean": [21.7159748077, 92.0721740723, -116.945068359, 43.2693099976, -48.5461807251, 13.7869749069, -33.0143890381, 11.6089391708, -19.6932353973, 4.1154384613, -16.4798545837, -2.64746260643, -13.4681329727], "cov": [[6588.06933594, -1864.83422852, -1355.83068848, 670.054626465, -221.890151978, 238.526657104, -117.508544922, 309.026428223, -55.4001159668, 177.603393555, -68.8523712158, 17.3212184906, -85.4145965576], [-1864.83422852, 971.074645996, 221.402282715, -203.966506958, 145.72203064, -133.313858032, 92.420501709, -82.8757400513, 56.160030365, -76.4158630371, 67.8293762207, -50.4303398132, 51.159828186], [-1355.83068848, 221.402282715, 871.278808594, -137.094802856, 22.8499526978, 88.70703125, 9.28678131104, -48.2559394836, -6.11891508102, 14.1495275497, -23.3574428558, 57.3793754578, 1.05527842045], [670.054626465, -203.966506958, -137.094802856, 336.290008545, 26.3291683197, -3.26703643799, 10.3485774994, 23.2617321014, 32.4053688049, 26.251373291, 11.7512979507, -12.2166452408, 14.4866819382], [-221.890151978, 145.72203064, 22.8499526978, 26.3291683197, 211.511123657, 5.89570188522, 20.8087844849, -16.5696239471, 18.2187614441, 4.46023321152, 2.80767345428, 18.4925899506, 25.5353527069], [238.526657104, -133.313858032, 88.70703125, -3.26703643799, 5.89570188522, 173.856155396, 30.625, 20.1953239441, -26.0012931824, 3.03168296814, -7.46154165268, 27.8292503357, -2.01005172729], [-117.508544922, 92.420501709, 9.28678131104, 10.3485774994, 20.8087844849, 30.625, 133.927230835, 35.9222183228, 3.3728415966, -3.22104620934, 16.0611038208, -10.8416128159, 2.263412714], [309.026428223, -82.8757400513, -48.2559394836, 23.2617321014, -16.5696239471, 20.1953239441, 35.9222183228, 124.281486511, 27.4683017731, 17.0099201202, -1.68412995338, -17.9135131836, -4.93206977844], [-55.4001159668, 56.160030365, -6.11891508102, 32.4053688049, 18.2187614441, -26.0012931824, 3.3728415966, 27.4683017731, 90.5765609741, 22.1183185577, 0.877677083015, -14.6372089386, 7.08232593536], [177.603393555, -76.4158630371, 14.1495275497, 26.251373291, 4.46023321152, 3.03168296814, -3.22104620934, 17.0099201202, 22.1183185577, 76.7411193848, 14.9441738129, 3.28215622902, -14.7316541672], [-68.8523712158, 67.8293762207, -23.3574428558, 11.7512979507, 2.80767345428, -7.46154165268, 16.0611038208, -1.68412995338, 0.877677083015, 14.9441738129, 83.8462600708, 11.3196048737, 1.22279417515], [17.3212184906, -50.4303398132, 57.3793754578, -12.2166452408, 18.4925899506, 27.8292503357, -10.8416128159, -17.9135131836, -14.6372089386, 3.28215622902, 11.3196048737, 83.6042251587, 23.9591655731], [-85.4145965576, 51.159828186, 1.05527842045, 14.4866819382, 25.5353527069, -2.01005172729, 2.263412714, -4.93206977844, 7.08232593536, -14.7316541672, 1.22279417515, 23.9591655731, 70.8273925781]]}, "erbbands_spread": {"dmean": 6.81867027283, "dvar2": 133.884719849, "mean": 36.9335441589, "var": 209.410018921, "dmean2": 10.7777938843, "dvar": 57.0849952698, "min": 2.32030200958, "median": 35.6021270752, "max": 162.425460815}, "erbbands_kurtosis": {"dmean": 0.770633876324, "dvar2": 3.33191585541, "mean": 0.424423784018, "var": 4.51104927063, "dmean2": 1.20335423946, "dvar": 1.40300095081, "min": -1.67694282532, "median": -0.153466820717, "max": 32.4618988037}, "dynamic_complexity": 2.31270980835, "erbbands_crest": {"dmean": 2.48321676254, "dvar2": 13.4293403625, "mean": 9.20211029053, "var": 22.6638298035, "dmean2": 3.89672088623, "dvar": 5.79416751862, "min": 2.4545686245, "median": 7.82162284851, "max": 31.2241191864}, "erbbands": {"dmean": [0.150686576962, 1.74145591259, 2.56907868385, 2.01865553856, 3.17534804344, 5.04535341263, 5.18166828156, 5.45107412338, 6.33161306381, 11.191119194, 14.7630062103, 24.614522934, 10.2518234253, 11.2450704575, 12.0200986862, 8.64886474609, 15.9840450287, 15.0446166992, 26.2507781982, 13.7948465347, 21.3071498871, 17.62890625, 14.1664800644, 11.4039726257, 15.8910856247, 9.97352409363, 5.98170185089, 4.30610990524, 4.5314283371, 2.37492585182, 1.55152225494, 1.25174713135, 0.574681639671, 0.308122545481, 0.148380309343, 0.0751467272639, 0.0236908607185, 0.0028162910603, 0.000305054854834, 1.70109924511e-05], "dvar2": [0.222302317619, 36.3934364319, 59.4784431458, 15.7620182037, 96.1889266968, 254.274993896, 154.486450195, 263.71282959, 505.269104004, 1372.34814453, 1947.55554199, 6085.41552734, 1814.15710449, 1048.19067383, 1862.81152344, 708.346252441, 2235.50610352, 2099.7878418, 8456.6953125, 1503.21020508, 3382.27514648, 2496.42553711, 1449.20471191, 696.619750977, 1347.54541016, 534.668579102, 211.026901245, 131.256896973, 148.089889526, 42.8485565186, 22.8626804352, 21.737745285, 3.2190618515, 0.6219856143, 0.397284090519, 0.0780156180263, 0.00697500631213, 9.3564252893e-05, 1.19161381917e-06, 1.610014011e-09], "mean": [0.178888529539, 1.9680147171, 4.15175628662, 4.97824239731, 5.75128030777, 7.97397279739, 9.88267421722, 10.9090862274, 12.1350212097, 22.8403377533, 34.140460968, 56.703250885, 24.3126144409, 23.4306411743, 23.2048473358, 18.1262493134, 32.1103973389, 29.107213974, 53.1157989502, 30.7869243622, 45.9527053833, 40.2448577881, 34.7255401611, 28.7595367432, 38.5075454712, 24.6988620758, 12.9410715103, 8.73126792908, 8.32094478607, 5.04597663879, 3.19702720642, 2.08982348442, 1.09058046341, 0.65686249733, 0.276184648275, 0.118391469121, 0.0344627685845, 0.00451845210046, 0.000459973874968, 4.6764005674e-05], "var": [0.0698292702436, 8.40070343018, 20.0821380615, 16.3490791321, 36.819694519, 90.9689331055, 117.920661926, 210.175338745, 461.867980957, 2306.43432617, 4849.46533203, 12168.6103516, 3904.70727539, 1747.08166504, 2119.3659668, 670.911804199, 2085.3972168, 1686.12927246, 9923.82128906, 1901.71984863, 3938.60131836, 2964.90991211, 2081.88452148, 929.320800781, 1853.19360352, 773.824829102, 174.807449341, 107.809135437, 89.226272583, 33.0176963806, 15.7194833755, 8.00103282928, 1.80536937714, 0.649738669395, 0.216758474708, 0.0505778640509, 0.00391019461676, 7.77119930717e-05, 7.47575882087e-07, 9.40266642324e-10], "dmean2": [0.267696768045, 3.20959210396, 4.46880340576, 3.30651259422, 5.44224500656, 8.74292182922, 8.33999156952, 8.71789646149, 10.2565002441, 17.1486415863, 21.2596473694, 35.5003356934, 15.3112373352, 17.1055107117, 18.5369529724, 13.3024959564, 24.9795894623, 23.6227169037, 42.1456184387, 22.0294704437, 34.4320106506, 28.5907878876, 22.9747180939, 18.7883262634, 25.9834041595, 16.3266448975, 10.1998500824, 7.10683298111, 7.67864561081, 3.91934132576, 2.49528193474, 2.14764118195, 0.94847714901, 0.474429517984, 0.228170588613, 0.121271952987, 0.0380407348275, 0.00427767308429, 0.000470425322419, 2.84456582449e-05], "dvar": [0.0760425925255, 12.2819929123, 21.2156963348, 5.90196990967, 34.2611503601, 87.6645431519, 61.8995742798, 111.705825806, 216.634597778, 635.578796387, 990.250732422, 2912.14086914, 830.743347168, 480.177429199, 813.583984375, 299.39352417, 962.292114258, 895.104431152, 3330.44018555, 654.130187988, 1328.90991211, 990.872497559, 569.816345215, 261.368865967, 537.001281738, 214.049179077, 80.0153656006, 51.918926239, 57.2192115784, 17.0722961426, 9.19101715088, 7.80489015579, 1.22831225395, 0.275295078754, 0.154318869114, 0.0312641970813, 0.00274123065174, 4.05429491366e-05, 4.82605400975e-07, 6.27333796022e-10], "min": [6.14368422802e-09, 5.38727356059e-08, 6.79357299305e-08, 1.11816653714e-07, 6.3787081217e-07, 6.34073046513e-07, 1.02757482523e-07, 5.38498134972e-08, 6.6628054185e-08, 8.64177565063e-08, 2.88127324666e-07, 1.78327172762e-06, 1.41820498811e-06, 4.70593676027e-07, 1.23410700326e-06, 2.39856740336e-06, 1.72390844e-06, 3.46812413454e-07, 3.81617581979e-07, 9.69469837742e-08, 4.78936463821e-08, 3.49883713113e-08, 3.67172447113e-07, 6.98206576999e-07, 3.64983918644e-07, 1.50366673779e-07, 1.34190941026e-07, 1.5903987105e-07, 4.91477408104e-07, 1.41131906162e-07, 7.52645306079e-08, 6.28525853585e-08, 2.41260291745e-08, 3.18931334675e-08, 5.13418996206e-08, 1.38895197566e-08, 1.13355369535e-08, 6.1564233711e-09, 3.24939269936e-10, 2.61138506652e-11], "median": [0.0802051126957, 1.15112686157, 2.76422691345, 3.94748210907, 3.98733973503, 5.19543743134, 6.43627166748, 6.35736656189, 6.54569673538, 8.09068870544, 11.8618946075, 17.6093997955, 7.67561292648, 10.2392215729, 8.57727432251, 10.4782810211, 19.7613182068, 16.7164878845, 26.8345050812, 18.5184593201, 23.8851547241, 24.4111442566, 22.3582649231, 20.9566993713, 26.5334606171, 18.8551826477, 10.1373729706, 5.69749927521, 5.41157150269, 3.15148639679, 1.77398085594, 1.23172903061, 0.667385280132, 0.398546874523, 0.150380402803, 0.059706941247, 0.0150420619175, 0.00196097325534, 0.000201939343242, 4.16488182964e-05], "max": [2.08652830124, 32.9236984253, 42.5559883118, 36.0510025024, 77.4767990112, 154.514389038, 126.967254639, 225.646331787, 355.805389404, 572.250244141, 1034.37402344, 1340.94763184, 783.148620605, 564.578857422, 584.758239746, 705.22479248, 872.750976562, 646.59967041, 1494.16003418, 562.022583008, 769.708679199, 724.29498291, 707.570007324, 392.201965332, 453.257080078, 327.918792725, 124.898880005, 162.305099487, 98.1684875488, 66.6466064453, 42.4976425171, 36.7524452209, 14.7386264801, 9.24933338165, 9.36120128632, 6.73511505127, 1.3464704752, 0.25248131156, 0.0244356878102, 0.000568313815165]}, "silence_rate_30dB": {"dmean": 0, "dvar2": 0, "mean": 1, "var": 0, "dmean2": 0, "dvar": 0, "min": 1, "median": 1, "max": 1}, "silence_rate_60dB": {"dmean": 0.00172320951242, "dvar2": 0.00462075974792, "mean": 0.0317682549357, "var": 0.0307568814605, "dmean2": 0.00333907804452, "dvar": 0.00172013486736, "min": 0, "median": 0, "max": 1}, "spectral_energyband_middle_low": {"dmean": 0.00305762095377, "dvar2": 4.11508117395e-05, "mean": 0.0100974747911, "var": 4.86026983708e-05, "dmean2": 0.00488362694159, "dvar": 1.58446673595e-05, "min": 4.16551765303e-10, "median": 0.00841365940869, "max": 0.067584708333}, "spectral_spread": {"dmean": 390263.40625, "dvar2": 554537844736, "mean": 4279933.5, "var": 1533761945600.0, "dmean2": 585947.4375, "dvar": 374944595968, "min": 621813.5625, "median": 4113909, "max": 42452496}, "barkbands": {"dmean": [0.000180369723239, 0.006970141083, 0.0017508410383, 0.000827023293823, 0.00129658658989, 0.00064162077615, 0.000564507499803, 0.000628674461041, 0.000982950441539, 0.000352502043825, 0.000330780079821, 0.000223790179007, 0.000347880355548, 0.000460720417323, 0.000388425629353, 0.000355477532139, 0.000327363959514, 0.000264117057668, 0.000284066685708, 0.000233780578128, 0.00011588884081, 0.000116227878607, 5.55107071705e-05, 4.60986957478e-05, 2.35839124798e-05, 1.41836590046e-05, 1.59129751864e-06], "dvar2": [1.87857054357e-07, 0.0005679220194, 2.03572872124e-05, 3.00837973555e-06, 1.5955123672e-05, 2.86203135147e-06, 3.50766708834e-06, 3.86768078897e-06, 9.17858687899e-06, 1.93436471818e-06, 1.64245648193e-06, 4.50994974699e-07, 1.05113235804e-06, 1.86941315405e-06, 2.25142798627e-06, 9.47919431837e-07, 6.91748653026e-07, 4.96195639244e-07, 4.12158271956e-07, 3.36693034342e-07, 8.33639219877e-08, 9.63128101716e-08, 2.58387249374e-08, 2.68801922942e-08, 5.90613646878e-09, 2.61922905587e-09, 3.41434797102e-11], "mean": [0.000208876983379, 0.00810171756893, 0.0031311030034, 0.00183