{"tonal": {"chords_number_rate": 0.00273037538864, "thpcp": [1, 0.541891276836, 0.160316064954, 0.172862529755, 0.0931194573641, 0.367343842983, 0.784014880657, 0.52756768465, 0.442885130644, 0.646667122841, 0.324183493853, 0.120495781302, 0.169268667698, 0.137291565537, 0.353054881096, 0.604693114758, 0.347899258137, 0.12316917628, 0.151760429144, 0.117751970887, 0.469828337431, 0.885468780994, 0.607135951519, 0.430543065071, 0.549504816532, 0.323779344559, 0.200925514102, 0.258164018393, 0.173836275935, 0.336546123028, 0.628283441067, 0.400269597769, 0.180250808597, 0.251561611891, 0.214587971568, 0.604786634445], "hpcp": {"dvar": [0.0101092616096, 0.00988634303212, 0.0134573588148, 0.020157456398, 0.0133276693523, 0.00645774649456, 0.0126211093739, 0.0132396742702, 0.0162571854889, 0.0280419848859, 0.0144830103964, 0.00509335938841, 0.00613819016144, 0.00375478039496, 0.0107279000804, 0.0230654571205, 0.0148469172418, 0.0134843438864, 0.019958216697, 0.00989960040897, 0.00504642399028, 0.00663838535547, 0.00783236604184, 0.0135133266449, 0.0219749771059, 0.0110534550622, 0.0035571618937, 0.00474986899644, 0.00466225948185, 0.0133975632489, 0.0262844320387, 0.0266379583627, 0.0268540699035, 0.0244293939322, 0.0161184910685, 0.00869318749756], "mean": [0.0827608257532, 0.0557274967432, 0.107888147235, 0.201411724091, 0.128316268325, 0.0577838346362, 0.0806442648172, 0.0687914565206, 0.193879231811, 0.320574611425, 0.173716589808, 0.0513932593167, 0.0554153397679, 0.0298517346382, 0.11776111275, 0.251335263252, 0.169124796987, 0.141977727413, 0.207305058837, 0.103924997151, 0.0386278890073, 0.0542632378638, 0.0440121926367, 0.113180428743, 0.193849265575, 0.11152766645, 0.0394849106669, 0.0486505404115, 0.0377482920885, 0.150615036488, 0.283858805895, 0.194632381201, 0.138021171093, 0.176157295704, 0.103795439005, 0.0644116178155], "min": [0, 0, 0, 0, 0, 0, 0, 0, 0, 0, 0, 0, 0, 0, 0, 0, 0, 0, 0, 0, 0, 0, 0, 0, 0, 0, 0, 0, 0, 0, 0, 0, 0, 0, 0, 0], "median": [0.010505371727, 0.00880655087531, 0.0269650928676, 0.0496734753251, 0.034570582211, 0.0119730941951, 0.00769936433062, 0.0136571656913, 0.0714241266251, 0.100929826498, 0.0545815899968, 0.00697962008417, 0.00194472295698, 0.00232046656311, 0.0299134235829, 0.0578705444932, 0.0488599166274, 0.0469736792147, 0.050883539021, 0.02797318995, 0.00590077135712, 0.00435951724648, 0.0071483720094, 0.0258313901722, 0.0393907167017, 0.0245547369123, 0.00715397298336, 0.00347755756229, 0.00559958256781, 0.0544772967696, 0.0967787876725, 0.0647710934281, 0.0389866381884, 0.0315238088369, 0.0203148052096, 0.0105648022145], "dvar2": [0.025367025286, 0.0268172025681, 0.0366922579706, 0.0444968529046, 0.0335921384394, 0.0170284882188, 0.0325607806444, 0.0369147062302, 0.0389220751822, 0.0588070489466, 0.0363972038031, 0.0129645345733, 0.0127462083474, 0.00983477570117, 0.0270373690873, 0.0470505133271, 0.0350774489343, 0.0324311479926, 0.0404518172145, 0.0237679835409, 0.0132185574621, 0.0166646558791, 0.0231667105108, 0.0355931557715, 0.0461346767843, 0.0254332218319, 0.00903911050409, 0.0117219174281, 0.0127418870106, 0.0357996709645, 0.0555350109935, 0.0742659345269, 0.0766329169273, 0.0541702285409, 0.0406536124647, 0.0226289387792], "var": [0.0404704548419, 0.0172565374523, 0.0319045484066, 0.0946789234877, 0.0411544851959, 0.0173815321177, 0.0435460694134, 0.0221776105464, 0.0588663704693, 0.149028405547, 0.0511984676123, 0.0178435463458, 0.0356635004282, 0.00816900189966, 0.0299595445395, 0.122778505087, 0.0552281700075, 0.0440930463374, 0.0982212722301, 0.0261419061571, 0.0115336785093, 0.02952061221, 0.0122188413516, 0.0351203307509, 0.0948708280921, 0.0332497432828, 0.0128468526527, 0.0287664271891, 0.0102896280587, 0.0409885458648, 0.126083850861, 0.0654571205378, 0.0459418855608, 0.08472571522, 0.0342540740967, 0.022911567241], "dmean2": [0.063749410212, 0.0660491064191, 0.0957286208868, 0.116513490677, 0.101144686341, 0.0594148375094, 0.0688730925322, 0.0844158232212, 0.128295853734, 0.146398305893, 0.1174069345, 0.0469956733286, 0.030469853431, 0.0314826779068, 0.0873106941581, 0.119868651032, 0.113584175706, 0.108227103949, 0.112516820431, 0.0821456536651, 0.03987268731, 0.0402429550886, 0.0544611252844, 0.0933669805527, 0.116644255817, 0.0845846906304, 0.0357987843454, 0.0324532948434, 0.0464404150844, 0.114902548492, 0.150453239679, 0.168028905988, 0.157308712602, 0.127435520291, 0.104544453323, 0.0681680142879], "max": [1, 1, 1, 1, 1, 1, 1, 1, 1, 1, 1, 1, 1, 1, 1, 1, 1, 1, 1, 1, 1, 1, 1, 1, 1, 1, 1, 1, 1, 1, 1, 1, 1, 1, 1, 1], "dmean": [0.0383949428797, 0.0384662523866, 0.0571341514587, 0.0724846720695, 0.0615985579789, 0.0347974598408, 0.0407863110304, 0.0495800077915, 0.0805864185095, 0.0905333682895, 0.0724671632051, 0.0278450530022, 0.0193487945944, 0.0185807235539, 0.0538355484605, 0.0764000117779, 0.0723906308413, 0.0676191002131, 0.0719314962626, 0.0521041639149, 0.0236254893243, 0.0240062456578, 0.0316421128809, 0.0572843439877, 0.0731546208262, 0.0534241311252, 0.0216113142669, 0.0193032287061, 0.0265062544495, 0.0697364285588, 0.0945008918643, 0.0995531752706, 0.091186478734, 0.0795876830816, 0.063575565815, 0.0401828214526]}, "key_strength": 0.741760969162, "chords_strength": {"dvar": 0.000364180479664, "mean": 0.502345263958, "min": -1, "median": 0.515424191952, "dvar2": 0.000638490077108, "var": 0.0205088574439, "dmean2": 0.00548363057896, "max": 0.777536273003, "dmean": 0.00752732111141}, "tuning_equal_tempered_deviation": 0, "chords_key": "C", "tuning_frequency": 444.341888428, "chords_scale": "minor", "chords_changes_rate": 0.0343003422022, "key_scale": "minor", "tuning_diatonic_strength": 0.444666385651, "hpcp_entropy": {"dvar": 0.172162488103, "mean": 1.48097848892, "min": 0, "median": 1.5791580677, "dvar2": 0.424539804459, "var": 0.483640879393, "dmean2": 0.71258431673, "max": 3.29763174057, "dmean": 0.427890509367}, "chords_histogram": [18.9249153137, 5.68259382248, 7.21843004227, 14.3515357971, 2.15017056465, 1.72354948521, 0.477815687656, 3.65187716484, 0.290102392435, 12.6109218597, 0.631399333477, 1.94539248943, 0.58020478487, 1.82593858242, 1.12627983093, 1.62116038799, 0.648464143276, 1.19453930855, 0.392491459846, 0.051194537431, 2.55972695351, 0.733788371086, 8.95904445648, 10.6484642029], "tuning_nontempered_energy_ratio": 0.608215808868, "key_key": "C"}, "metadata": {"version": {"extractor": "music 1.0", "essentia_build_sha": "2d9f1f26377add8aeb1075a9c2973f962c4f09fd", "essentia": "2.1-beta2", "essentia_git_sha": "v2.1_beta2-1-ge3940c0"}, "audio_properties": {"sample_rate": 44100, "length": 272.091430664, "lossless": false, "analysis_sample_rate": 44100, "downmix": "mix", "bit_rate": 320000, "equal_loudness": 0, "md5_encoded": "d40f984b289af2311ed46834f344c4f2", "codec": "mp3", "replay_gain": -8.60063171387}, "tags": {"genre": ["Soundtrack"], "catalognumber": ["FDM 36255-2"], "musicbrainz_recordingid": ["18514aaa-534e-48f5-acb1-8e47a4b632f4"], "language": ["fra"], "title": ["Thème Mellie"], "artist": ["Francis Lai"], "discnumber": ["1/1"], "artistsort": ["Lai, Francis"], "originaldate": ["2003"], "musicbrainz_artistid": ["ddec1c79-0653-4d7a-a92a-ceaabc60748f"], "tracknumber": ["12/20"], "musicbrainz_albumartistid": ["ddec1c79-0653-4d7a-a92a-ceaabc60748f"], "barcode": ["3460503625525"], "musicbrainz album status": ["official"], "originalyear": ["2003"], "date": ["2003"], "albumartistsort": ["Lai, Francis"], "musicbrainz_releasegroupid": ["40167314-2281-32f4-90b9-aa98a6273cd8"], "media": ["CD"], "musicbrainz album release country": ["FR"], "bpm": ["0"], "label": ["Disques Dreyfus"], "musicbrainz album type": ["album/soundtrack"], "asin": ["B00008GYFQ"], "script": ["Latn", "Latn"], "musicbrainz_albumid": ["14cdf16b-ab36-4a2a-afc2-f38fa4e0f49b"], "file_name": "12. Theme Mellie.mp3", "album": ["Le Passager de la pluie"], "albumartist": ["Francis Lai"]}}, "lowlevel": {"melbands": {"dvar": [9.84698431239e-07, 2.76398964161e-06, 3.42542648468e-07, 1.1259458006e-06, 5.67431072795e-07, 2.12097646113e-07, 1.34839979182e-07, 1.89301559317e-07, 1.20913966839e-07, 7.97223407289e-08, 6.7950253424e-08, 1.69021845409e-08, 1.70712279868e-08, 1.98244318739e-08, 5.55686341386e-09, 1.12757858606e-09, 1.41982570145e-09, 1.32950350729e-09, 4.14124023962e-09, 1.53964418992e-09, 4.77751505024e-10, 2.00303551523e-09, 1.69215974566e-10, 5.07908611003e-11, 1.04654167277e-10, 6.28590304808e-11, 3.47197270933e-11, 5.63662744951e-12, 1.26735265078e-12, 2.07308215733e-12, 5.75531782605e-14, 2.00058255416e-14, 6.6039086363e-14, 3.93046072712e-15, 1.52293601653e-15, 7.22115651627e-16, 1.6488908481e-16, 7.29194120679e-17, 1.98739313944e-16, 6.21858926166e-16], "mean": [0.000922910054214, 0.0013907996472, 0.000706764694769, 0.00110044691246, 0.00106571835931, 0.000775066146161, 0.000497428292874, 0.000502506562043, 0.000436284724856, 0.000305705500068, 0.000230301986448, 0.000170246319612, 0.000149615458213, 0.000157369984663, 7.21561154933e-05, 3.52247516275e-05, 3.43863757735e-05, 2.31141275435e-05, 3.23637214024e-05, 3.49548499798e-05, 2.00559497898e-05, 2.67674186034e-05, 1.17394602057e-05, 7.92723949417e-06, 7.06177843313e-06, 4.07458719565e-06, 3.59843784281e-06, 1.69493910107e-06, 8.42740178086e-07, 4.18133907942e-07, 1.65119118378e-07, 1.11923434076e-07, 7.85829215033e-08, 4.70674486053e-08, 3.18697281898e-08, 2.32315393589e-08, 1.16662217664e-08, 7.66635199767e-09, 6.61631727183e-09, 3.79759912406e-09], "min": [9.67324414771e-25, 1.51158203582e-24, 1.71408174272e-24, 1.21735871045e-24, 1.09504434799e-24, 8.31631562996e-25, 1.97789162057e-24, 1.36479523592e-24, 2.33581950694e-24, 1.86719530569e-24, 1.84281457334e-24, 1.28704165383e-24, 2.91241332536e-24, 2.43759203005e-24, 2.76617389632e-24, 3.35925648537e-24, 2.99583595773e-24, 3.65562087784e-24, 3.72490534785e-24, 3.28421076695e-24, 4.1283990234e-24, 3.92041781789e-24, 4.42254040584e-24, 4.49257389929e-24, 4.14585138764e-24, 4.25203719308e-24, 5.22467192364e-24, 4.82075107991e-24, 4.76756647211e-24, 4.66599274196e-24, 5.9898539855e-24, 5.58656738594e-24, 5.48278721183e-24, 5.0356679505e-24, 4.78861052005e-24, 6.26764149251e-24, 5.86537370681e-24, 5.67215406099e-24, 6.34578605378e-24, 7.23222708083e-24], "median": [0.000158066570293, 0.000257204606896, 0.000299822480883, 0.000391066743759, 0.000407128711231, 0.000360714824637, 0.000220421046834, 0.000162708296557, 0.000169279723195, 7.79394613346e-05, 7.09973683115e-05, 6.57195414533e-05, 4.34101930296e-05, 2.81545417238e-05, 2.25209132623e-05, 1.0876124179e-05, 1.36254848258e-05, 9.76414594334e-06, 1.20076656458e-05, 1.65611727425e-05, 9.45721694734e-06, 8.84580640559e-06, 5.46244609723e-06, 4.30697627962e-06, 2.80137965092e-06, 1.39032954394e-06, 1.36743949497e-06, 6.94833772741e-07, 3.32251147483e-07, 1.36864414912e-07, 6.67745894134e-08, 4.49712693751e-08, 2.6489729521e-08, 1.48317544912e-08, 1.04703197223e-08, 7.83097586776e-09, 4.02855615533e-09, 2.73437739118e-09, 2.12656670051e-09, 1.33971844729e-09], "dvar2": [1.85508565664e-06, 4.60371211375e-06, 7.21683591109e-07, 2.04729144571e-06, 1.36708820264e-06, 4.82645475586e-07, 3.61352562095e-07, 3.20109904806e-07, 2.06558112836e-07, 1.5079848481e-07, 1.41185893199e-07, 3.17824131457e-08, 3.09521546171e-08, 3.56330431828e-08, 1.28040387182e-08, 2.69110733697e-09, 3.71375374897e-09, 3.08585357267e-09, 1.18151533002e-08, 4.2458290217e-09, 1.34231059601e-09, 5.59074520012e-09, 4.77114514563e-10, 1.41831019151e-10, 2.94316626626e-10, 1.67126562589e-10, 9.38831096198e-11, 1.57886290847e-11, 3.51778935842e-12, 7.50324368609e-12, 1.54757025879e-13, 5.10787904486e-14, 1.35972410089e-13, 1.02183284959e-14, 4.16092992174e-15, 1.85872486429e-15, 4.47569615291e-16, 1.97258898876e-16, 5.45185292022e-16, 1.81614981199e-15], "var": [5.88607099417e-06, 1.13218293336e-05, 1.30341015847e-06, 4.00541421186e-06, 2.8703859698e-06, 1.51013614413e-06, 5.3492999541e-07, 1.09936058834e-06, 5.49020967355e-07, 5.15895351327e-07, 2.32497001207e-07, 1.06612304762e-07, 1.35746518026e-07, 2.70923607104e-07, 2.28539871472e-08, 7.50131512461e-09, 8.12309686182e-09, 5.1250270694e-09, 7.42702432888e-09, 3.86519172224e-09, 1.12575626598e-09, 3.90515886295e-09, 3.5850469815e-10, 1.14929600559e-10, 1.91659424442e-10, 1.18695331341e-10, 7.23870616226e-11, 1.20320394273e-11, 3.31210991793e-12, 2.38965900019e-12, 1.13688992573e-13, 4.58907509161e-14, 1.18310268808e-13, 9.797247242e-15, 4.28254437121e-15, 1.95498359424e-15, 5.1312371854e-16, 2.19202571159e-16, 2.53964618026e-16, 3.66346461308e-16], "dmean2": [0.000447455357062, 0.000690145301633, 0.000408569758292, 0.00069240265293, 0.000546965748072, 0.000408783671446, 0.000311284937197, 0.000226786243729, 0.000200486625545, 0.000132488261443, 0.000121283417684, 8.19722190499e-05, 6.78918440826e-05, 6.00894345553e-05, 4.69352307846e-05, 2.36154301092e-05, 2.57083702309e-05, 1.79334165296e-05, 3.44210820913e-05, 3.2687355997e-05, 1.869447442e-05, 2.64321697614e-05, 9.56543954089e-06, 6.46224543743e-06, 6.65836660119e-06, 3.82812322641e-06, 3.23313702211e-06, 1.46519369082e-06, 6.82918425809e-07, 3.95932147512e-07, 1.3267168697e-07, 8.57710560354e-08, 6.11092900726e-08, 3.57241667359e-08, 2.32329142591e-08, 1.63263642605e-08, 7.83793741022e-09, 5.01998176361e-09, 4.95096896813e-09, 3.28089932999e-09], "max": [0.0292282979935, 0.0484532639384, 0.012324264273, 0.020175345242, 0.023014549166, 0.0154487714171, 0.00816212035716, 0.0169021487236, 0.00955443456769, 0.00823534466326, 0.00969829969108, 0.00492002023384, 0.00520261237398, 0.00815996713936, 0.00209469022229, 0.00138756353408, 0.00197734544054, 0.00241777393967, 0.00334186945111, 0.00141485815402, 0.000656721880659, 0.00170497409999, 0.000388320564525, 0.000175838300493, 0.000253405713011, 0.000385482882848, 0.000275447964668, 7.6379692473e-05, 3.99118325731e-05, 7.42156189517e-05, 8.17129057396e-06, 5.68573113924e-06, 1.88118301594e-05, 2.26569159167e-06, 1.68858105098e-06, 9.05016293018e-07, 4.29491393561e-07, 2.70416450121e-07, 4.97675443967e-07, 1.61811090038e-06], "dmean": [0.000299921870464, 0.000492607243359, 0.00027217756724, 0.000478567118989, 0.000352883682353, 0.000266434275545, 0.000197636589292, 0.00017052993644, 0.000149717016029, 9.65707877185e-05, 8.54927639011e-05, 5.80908308621e-05, 4.71115854452e-05, 4.17498522438e-05, 3.10701689159e-05, 1.49658080772e-05, 1.5786728909e-05, 1.10528553705e-05, 2.04283987841e-05, 1.93368250621e-05, 1.10625378511e-05, 1.56850765052e-05, 5.71201780986e-06, 3.80922324439e-06, 3.95235110773e-06, 2.27588475354e-06, 1.90741548067e-06, 8.69526331826e-07, 4.0666961354e-07, 2.28662784707e-07, 8.00471866569e-08, 5.25337569002e-08, 3.93447301406e-08, 2.1745862e-08, 1.38210829448e-08, 9.96525173491e-09, 4.69071537168e-09, 3.01588265472e-09, 2.9501332488e-09, 1.88976434501e-09]}, "spectral_decrease": {"dvar": 4.60973321074e-18, "mean": -7.59383578242e-09, "min": -5.08701063495e-08, "median": -6.36850794322e-09, "dvar2": 8.54876191104e-18, "var": 3.46310115317e-17, "dmean2": 2.17656559443e-09, "max": 2.4509504034e-24, "dmean": 1.48642687048e-09}, "spectral_rolloff": {"dvar": 122083.09375, "mean": 1165.45153809, "min": 21.533203125, "median": 861.328125, "dvar2": 268214.15625, "var": 2735307.25, "dmean2": 310.028411865, "max": 19444.4824219, "dmean": 179.615341187}, "melbands_crest": {"dvar": 5.62457799911, "mean": 13.3157014847, "min": 1.60749459267, "median": 12.2685880661, "dvar2": 12.8656816483, "var": 27.8154029846, "dmean2": 3.65798592567, "max": 37.8625411987, "dmean": 2.35173535347}, "barkbands_skewness": {"dvar": 0.194503799081, "mean": 1.17550349236, "min": -2.23008537292, "median": 1.05587160587, "dvar2": 0.398548692465, "var": 1.38238072395, "dmean2": 0.512428104877, "max": 20.9977588654, "dmean": 0.342177420855}, "spectral_centroid": {"dvar": 25012.2988281, "mean": 1000.63983154, "min": 144.302536011, "median": 832.217529297, "dvar2": 46948.9414063, "var": 976792.4375, "dmean2": 176.047454834, "max": 11763.7724609, "dmean": 112.599708557}, "spectral_energyband_middle_low": {"dvar": 3.45530243067e-05, "mean": 0.0183626376092, "min": 1.69881094965e-22, "median": 0.0144336111844, "dvar2": 7.40227333154e-05, "var": 0.000232272737776, "dmean2": 0.00652302335948, "max": 0.12386380136, "dmean": 0.00438667600974}, "erbbands_crest": {"dvar": 4.4926199913, "mean": 11.0723590851, "min": 2.21394586563, "median": 10.1106204987, "dvar2": 10.4340324402, "var": 21.7564105988, "dmean2": 3.30203652382, "max": 29.4380989075, "dmean": 2.12488174438}, "dynamic_complexity": 3.03923296928, "spectral_energyband_low": {"dvar": 3.91584908357e-05, "mean": 0.00662043504417, "min": 1.55470805571e-23, "median": 0.00160229892936, "dvar2": 6.43462408334e-05, "var": 0.0002066638408, "dmean2": 0.0029080582317, "max": 0.174188032746, "dmean": 0.00204167189077}, "silence_rate_60dB": {"dvar": 0.00728482566774, "mean": 0.0616946853697, "min": 0, "median": 0, "dvar2": 0.0171933025122, "var": 0.0578964017332, "dmean2": 0.0146795250475, "max": 1, "dmean": 0.00733913620934}, "erbbands_kurtosis": {"dvar": 0.984594345093, "mean": 0.641108810902, "min": -1.73814666271, "median": -0.0444358475506, "dvar2": 2.01861643791, "var": 5.57145452499, "dmean2": 1.12141227722, "max": 31.9211921692, "dmean": 0.72841322422}, "spectral_complexity": {"dvar": 2.24273753166, "mean": 15.758597374, "min": 0, "median": 17, "dvar2": 5.84443426132, "var": 27.1299381256, "dmean2": 2.89971828461, "max": 32, "dmean": 1.73237752914}, "barkbands_crest": {"dvar": 3.6870803833, "mean": 10.8525915146, "min": 2.77326893806, "median": 9.86152744293, "dvar2": 8.1941652298, "var": 19.8704414368, "dmean2": 2.96962118149, "max": 25.9978923798, "dmean": 1.92703783512}, "spectral_energy": {"dvar": 6.85936465743e-05, "mean": 0.0301166772842, "min": 1.01179892422e-20, "median": 0.025591192767, "dvar2": 0.000128006548039, "var": 0.000522818532772, "dmean2": 0.00854034535587, "max": 0.194465458393, "dmean": 0.00582308555022}, "spectral_spread": {"dvar": 214165078016, "mean": 2348327.5, "min": 610185.3125, "median": 2087951.375, "dvar2": 421966577664, "var": 11192224448500.0, "dmean2": 333815.625, "max": 43816144, "dmean": 193248.171875}, "spectral_contrast_valleys": {"dvar": [0.092643648386, 0.0651421323419, 0.0663970634341, 0.058295711875, 0.0376794859767, 0.0291089881212], "mean": [-7.68930721283, -6.80364942551, -7.81023216248, -8.55044269562, -8.90024280548, -12.5146942139], "min": [-28.4229812622, -27.8576965332, -27.9127807617, -27.6242256165, -27.5898532867, -27.39960289], "median": [-7.49943494797, -6.53807497025, -7.54118871689, -8.24857521057, -8.55600070953, -12.3992433548], "dvar2": [0.217870429158, 0.150859832764, 0.153893560171, 0.130937591195, 0.0767212435603, 0.0615446642041], "var": [3.68689966202, 3.9083313942, 3.54224014282, 3.27699518204, 3.14131355286, 1.84694743156], "dmean2": [0.530457377434, 0.43357732892, 0.415476173162, 0.3683578372, 0.264435172081, 0.21456335485], "max": [-5.18182897568, -4.63057613373, -5.18197011948, -6.4186873436, -6.7385597229, -9.86890792847], "dmean": [0.319525510073, 0.267630964518, 0.254597783089, 0.222448483109, 0.160506099463, 0.128981277347]}, "spectral_rms": {"dvar": 3.33916489126e-07, "mean": 0.00499837566167, "min": 3.1418481098e-12, "median": 0.00499670067802, "dvar2": 6.07340894021e-07, "var": 4.39836412625e-06, "dmean2": 0.000721316144336, "max": 0.0137739758939, "dmean": 0.000493245839607}, "barkbands_spread": {"dvar": 6.56188392639, "mean": 12.3832902908, "min": 0.154141992331, "median": 10.9758729935, "dvar2": 16.1745471954, "var": 54.9379463196, "dmean2": 3.40640759468, "max": 73.9176864624, "dmean": 2.18774604797}, "pitch_salience": {"dvar": 0.00236009643413, "mean": 0.513678431511, "min": 0.0634349137545, "median": 0.514239728451, "dvar2": 0.0056663765572, "var": 0.0108040971681, "dmean2": 0.0796606242657, "max": 0.939470052719, "dmean": 0.0503569357097}, "erbbands_skewness": {"dvar": 0.0667152553797, "mean": 0.4865706563, "min": -2.69985198975, "median": 0.460551679134, "dvar2": 0.149059072137, "var": 0.576854348183, "dmean2": 0.427823513746, "max": 4.71831035614, "dmean": 0.279956012964}, "spectral_energyband_middle_high": {"dvar": 4.90488400828e-06, "mean": 0.00587098812684, "min": 1.16580373782e-21, "median": 0.00385351106524, "dvar2": 1.00540410131e-05, "var": 4.50578700111e-05, "dmean2": 0.00194658059627, "max": 0.0601694956422, "dmean": 0.00130546942819}, "erbbands": {"dvar": [0.00791556295007, 1.1183142662, 16.1204547882, 8.1514005661, 155.849639893, 230.388244629, 525.834472656, 439.267669678, 720.047851563, 1202.04760742, 1803.3359375, 1779.72741699, 2598.61621094, 964.644470215, 2166.76879883, 1653.37207031, 144.613113403, 381.037384033, 356.56350708, 733.788452148, 360.713592529, 1370.4185791, 90.5696563721, 107.527732849, 70.334022522, 14.1427087784, 1.91194939613, 0.535735666752, 0.0685034841299, 0.0253150649369, 0.00271378085017, 0.000506746408064, 0.000118727337394, 0.000395266222768, 6.73199610901e-05, 5.06732021677e-07, 2.14330793114e-08, 1.46363490772e-10, 1.46344984742e-11, 8.2892623321e-11], "mean": [0.0833777263761, 0.947644114494, 2.66039800644, 3.06268334389, 10.6649179459, 18.769575119, 31.3105392456, 33.0665550232, 33.890422821, 43.5461235046, 53.9806289673, 50.0509910583, 46.0914878845, 42.2012672424, 50.2093391418, 45.7677612305, 17.2372741699, 18.9022846222, 15.4915590286, 23.2061214447, 20.1512012482, 22.7627487183, 11.3471956253, 8.48458194733, 5.9273648262, 3.04361009598, 1.08220493793, 0.431595802307, 0.19212269783, 0.10435833782, 0.0533315949142, 0.0251312237233, 0.0110063422471, 0.00536591140553, 0.00228292075917, 0.000745278201066, 0.000212275219383, 2.85571422864e-05, 1.56156074809e-05, 3.43202809745e-05], "min": [7.96691580328e-23, 9.48961652196e-22, 1.50932421257e-21, 6.47404255914e-21, 9.46612083632e-21, 1.15644122863e-20, 4.01097391023e-20, 3.38779639313e-20, 1.12158634178e-19, 1.17772269555e-19, 2.55694943176e-19, 3.72137028758e-19, 4.30768805497e-19, 4.37193853357e-19, 1.02652979601e-18, 8.47696294407e-19, 1.80687947479e-18, 1.84088507656e-18, 2.67833306847e-18, 2.47518205952e-18, 4.16850349148e-18, 4.54474328437e-18, 6.72690860602e-18, 5.86865619452e-18, 7.91687119649e-18, 9.11008088446e-18, 9.97385679449e-18, 1.10143391629e-17, 1.13228113569e-17, 9.75544554401e-18, 9.55406925107e-18, 1.14962777488e-17, 8.98088106304e-18, 8.83803110716e-18, 5.80437805707e-18, 4.57473271748e-18, 2.54574614924e-18, 9.74162128802e-19, 2.5129718575e-19, 2.52367150335e-20], "median": [0.0143742514774, 0.165556564927, 0.444232851267, 1.1770067215, 3.39830422401, 6.99468994141, 11.7412729263, 15.0297393799, 15.377207756, 15.545586586, 22.1838951111, 15.8049449921, 15.4997797012, 17.7944450378, 13.0385017395, 12.2651700974, 8.22079467773, 8.18879985809, 8.3161277771, 12.5819358826, 11.0279397964, 8.72843647003, 6.67667818069, 4.00957536697, 2.29328489304, 1.3593518734, 0.483881890774, 0.170109242201, 0.0785432606936, 0.0351193994284, 0.0184700861573, 0.00878802593797, 0.00397459883243, 0.00192070531193, 0.00084422447253, 0.000306219328195, 0.000107181353087, 1.83187639777e-05, 1.38678651638e-05, 2.96314974548e-05], "dvar2": [0.0164118893445, 1.90946543217, 27.2330932617, 18.0723876953, 275.242370605, 466.583312988, 1441.80493164, 941.010559082, 2008.46972656, 2084.5625, 3017.43969727, 3314.04614258, 5451.60742188, 1837.4621582, 3813.21704102, 3172.82348633, 349.612670898, 1000.26501465, 888.887268066, 2057.38305664, 1017.51086426, 3822.78369141, 254.083190918, 301.998443604, 193.069656372, 39.3248443604, 6.14994955063, 1.76024436951, 0.156278371811, 0.0582459792495, 0.00737447710708, 0.00133038277272, 0.000316756137181, 0.00114359578583, 0.000188989448361, 1.09940538096e-06, 5.64637012701e-08, 3.59262619654e-10, 2.78808868354e-11, 1.55973817195e-10], "var": [0.0418042764068, 7.36947202682, 51.2280578613, 30.6115818024, 547.384521484, 1013.61334229, 2395.81469727, 3297.92041016, 2590.07446289, 6844.00439453, 8364.11035156, 11822.4326172, 8616.328125, 5947.04541016, 20221.3242188, 13610.0810547, 705.231079102, 2547.90893555, 1181.4642334, 1470.41577148, 977.66192627, 2699.58959961, 213.317947388, 210.237014771, 151.59375, 31.7648506165, 4.34695100784, 0.875795483589, 0.160182759166, 0.0578239969909, 0.00951409433037, 0.00202348409221, 0.000397032708861, 0.000285532121779, 5.27460761077e-05, 1.88311798865e-06, 9.87621646686e-08, 1.1325826943e-09, 1.19762408324e-10, 6.44245989889e-10], "dmean2": [0.0446153245866, 0.440113961697, 1.5212341547, 1.79330813885, 7.026263237, 11.0630846024, 16.8154754639, 16.9280719757, 22.0722942352, 19.7967529297, 24.0251483917, 20.8509483337, 23.7383041382, 19.8813667297, 20.2863388062, 21.5471572876, 10.3437290192, 13.1435823441, 12.0662527084, 21.187620163, 17.1822319031, 20.9443283081, 8.45677471161, 7.11720085144, 5.01967000961, 2.36529588699, 0.761637091637, 0.323751091957, 0.12998509407, 0.0708013996482, 0.0327900201082, 0.0144681297243, 0.00620236713439, 0.00373378000222, 0.00142593123019, 0.000299912557239, 7.49902901589e-05, 9.72805810306e-06, 4.14519172409e-06, 9.58951568464e-06], "max": [2.35343408585, 33.0107269287, 123.995864868, 79.755569458, 280.066223145, 431.754547119, 510.970825195, 747.610351563, 620.859313965, 1289.4197998, 1218.97619629, 1359.25842285, 1943.30737305, 1236.58618164, 2180.81787109, 1572.74951172, 276.189727783, 1150.43884277, 1056.56054688, 1201.00671387, 542.837280273, 1480.90600586, 254.754180908, 276.417663574, 222.883621216, 118.290176392, 51.4333381653, 30.9065246582, 13.9277238846, 8.66315555573, 2.16960549355, 0.703158199787, 0.381516575813, 1.22431159019, 0.508246481419, 0.0578067675233, 0.00956227164716, 0.000658754317556, 8.6919280875e-05, 0.000211289094295], "dmean": [0.0292201433331, 0.305658966303, 1.0713146925, 1.14950370789, 4.90424013138, 7.48389434814, 10.6452474594, 11.2375535965, 13.8118505478, 14.6430234909, 18.0003299713, 15.2649860382, 16.7176856995, 14.0797290802, 14.0744342804, 14.7091999054, 6.66351366043, 8.08453559875, 7.29242134094, 12.5407867432, 10.155913353, 12.4537916183, 5.00314760208, 4.225481987, 2.97968959808, 1.40468418598, 0.452368706465, 0.192110016942, 0.0813744217157, 0.0441852025688, 0.0197085868567, 0.00886891409755, 0.00375002878718, 0.0021970749367, 0.000844624766614, 0.000187449084478, 4.62076095573e-05, 5.92505284658e-06, 2.81325765172e-06, 6.52495828035e-06]}, "dissonance": {"dvar": 0.000502922281157, "mean": 0.432255357504, "min": 0.187199398875, "median": 0.440732985735, "dvar2": 0.00137517298572, "var": 0.00182663532905, "dmean2": 0.0394385010004, "max": 0.499999791384, "dmean": 0.0235232431442}, "erbbands_flatness_db": {"dvar": 9.85521110124e-05, "mean": 0.256085336208, "min": 0.0305031016469, "median": 0.253221571445, "dvar2": 0.000222614355152, "var": 0.00186515925452, "dmean2": 0.0161548685282, "max": 0.409552723169, "dmean": 0.0106782764196}, "melbands_kurtosis": {"dvar": 282.018585205, "mean": 7.03393650055, "min": -1.6132529974, "median": 3.48133635521, "dvar2": 732.567138672, "var": 644.22869873, "dmean2": 4.70253372192, "max": 1071.62854004, "dmean": 3.1030163765}, "melbands_spread": {"dvar": 18.5207862854, "mean": 17.76039505, "min": 0.204523459077, "median": 14.6779718399, "dvar2": 44.8141059875, "var": 225.809051514, "dmean2": 5.15436029434, "max": 155.797683716, "dmean": 3.31701731682}, "melbands_skewness": {"dvar": 0.271243005991, "mean": 1.6721777916, "min": -1.8372246027, "median": 1.51012349129, "dvar2": 0.596086621284, "var": 1.79212212563, "dmean2": 0.574273049831, "max": 26.2673931122, "dmean": 0.384703457355}, "spectral_entropy": {"dvar": 0.0122013511136, "mean": 6.65546321869, "min": 4.05604934692, "median": 6.74436330795, "dvar2": 0.0275063682348, "var": 0.286511480808, "dmean2": 0.162047713995, "max": 9.82449626923, "dmean": 0.105494499207}, "zerocrossingrate": {"dvar": 4.01384713768e-05, "mean": 0.0405443422496, "min": 0, "median": 0.03466796875, "dvar2": 6.49137218716e-05, "var": 0.00188439094927, "dmean2": 0.00483067985624, "max": 0.52880859375, "dmean": 0.00379011756741}, "average_loudness": 0.76496219635, "spectral_contrast_coeffs": {"dvar": [0.00126967637334, 0.00104002549779, 0.00074621749809, 0.000561256310903, 0.000265109265456, 0.000141867436469], "mean": [-0.614156663418, -0.667805433273, -0.688093721867, -0.696314871311, -0.717946529388, -0.752323210239], "min": [-0.98375916481, -0.989184081554, -0.976282060146, -0.972073733807, -0.967100083828, -0.96482694149], "median": [-0.616236448288, -0.671525120735, -0.691221356392, -0.695883333683, -0.718938231468, -0.746303796768], "dvar2": [0.00326193589717, 0.00268511637114, 0.00181692966726, 0.00147846248001, 0.000708275299985, 0.000367491273209], "var": [0.011896119453, 0.00673811603338, 0.00586981792003, 0.00349698099308, 0.00358709762804, 0.00210611964576], "dmean2": [0.0672634541988, 0.0605299770832, 0.0490659475327, 0.0470957607031, 0.0330356806517, 0.0220566429198], "max": [-0.258653849363, -0.396349817514, -0.437465131283, -0.463803231716, -0.535132169724, -0.583680033684], "dmean": [0.041367854923, 0.0376826860011, 0.0310883410275, 0.0284731164575, 0.0199649333954, 0.013215135783]}, "barkbands_flatness_db": {"dvar": 0.000201340109925, "mean": 0.215973481536, "min": 0.0563992783427, "median": 0.2088573277, "dvar2": 0.000411685963627, "var": 0.00337485503405, "dmean2": 0.0206236615777, "max": 0.482761949301, "dmean": 0.0136420698836}, "silence_rate_30dB": {"dvar": 0.00745215872303, "mean": 0.990101516247, "min": 0, "median": 1, "dvar2": 0.0178700294346, "var": 0.0098012983799, "dmean2": 0.0150209097192, "max": 1, "dmean": 0.00750981410965}, "spectral_energyband_high": {"dvar": 2.6809034992e-09, "mean": 5.11699508934e-05, "min": 7.11245352811e-21, "median": 2.20342317334e-05, "dvar2": 8.02620370166e-09, "var": 8.13751288575e-09, "dmean2": 3.24971006194e-05, "max": 0.00165556138381, "dmean": 1.93927589862e-05}, "melbands_flatness_db": {"dvar": 0.000281767745037, "mean": 0.284174859524, "min": 0.00317074893974, "median": 0.276125609875, "dvar2": 0.000540647597518, "var": 0.00636259932071, "dmean2": 0.0224385857582, "max": 0.606703162193, "dmean": 0.0150896497071}, "barkbands": {"dvar": [4.16136058945e-09, 1.69057038875e-05, 1.58631028171e-05, 8.03295677088e-07, 2.05657888728e-05, 6.27732651992e-06, 2.8337715321e-06, 5.3908420341e-06, 2.97138421956e-06, 2.37173708229e-06, 1.19666253795e-06, 1.14882755042e-06, 7.75257973373e-08, 2.42357373281e-07, 3.4348107647e-07, 2.08750847719e-07, 3.48111456105e-07, 1.93627016642e-08, 3.86118159668e-08, 9.96215465676e-09, 8.96900553826e-10, 5.72175536118e-11, 3.9194845286e-12, 5.59942988244e-13, 2.64714877622e-12, 9.92631219327e-15, 2.09838185176e-17], "mean": [5.31514197064e-05, 0.00378292682581, 0.00235987827182, 0.000873479002621, 0.00581987574697, 0.00421981560066, 0.00214036088437, 0.00272018043324, 0.00202227151021, 0.00141541392077, 0.00122706126422, 0.00118974840734, 0.000339525344316, 0.000397555850213, 0.000340923957992, 0.000400856515625, 0.000408383697504, 0.00016162430984, 0.000147265251144, 7.45213110349e-05, 1.37252918648e-05, 4.83031953991e-06, 2.02027217711e-06, 8.23526477234e-07, 4.02833961743e-07, 1.22315938711e-07, 5.65101920813e-09], "min": [3.97036799738e-25, 3.20707653928e-24, 9.80449778335e-25, 1.37383863873e-24, 3.46572943618e-24, 5.89089177937e-24, 8.27560291307e-24, 8.57290802217e-24, 1.23166123198e-23, 1.7135286329e-23, 1.32625630414e-23, 1.97368265321e-23, 3.15996600268e-23, 3.87395801265e-23, 4.39525749366e-23, 5.73824932414e-23, 6.27670305885e-23, 1.13489038678e-22, 1.42753152933e-22, 1.63004007542e-22, 2.54005032571e-22, 3.240408358e-22, 3.82724084943e-22, 6.13926039131e-22, 8.43553325978e-22, 1.3602004714e-21, 1.80228579672e-21], "median": [1.17521913126e-05, 0.00064256490441, 0.000378909520805, 0.000365913001588, 0.00225680368021, 0.00193875015248, 0.000887092202902, 0.000857397040818, 0.000529273471329, 0.000405975966714, 0.000360988429748, 0.000291589589324, 0.000134169356897, 0.000137388822623, 0.00014605812612, 0.000180536182597, 0.000160373732797, 9.17264042073e-05, 6.07728870818e-05, 3.1191179005e-05, 5.45311240785e-06, 1.91867411559e-06, 6.83695077441e-07, 2.90855581397e-07, 1.42449664509e-07, 5.50987238057e-08, 3.93117138842e-09], "dvar2": [8.68303384749e-09, 3.01952295558e-05, 2.74700578302e-05, 2.31030162468e-06, 3.71353999071e-05, 1.68407113961e-05, 7.48284446672e-06, 8.84436485649e-06, 5.74255682295e-06, 4.81856659462e-06, 2.10692974179e-06, 2.20629726755e-06, 1.82605916166e-07, 5.98533802076e-07, 9.77072204478e-07, 5.82027610108e-07, 9.75513898993e-07, 5.4202505595e-08, 1.05464046385e-07, 2.71278519648e-08, 3.16343795603e-09, 1.25470134282e-10, 9.81925131482e-12, 1.50295628807e-12, 7.60896467361e-12, 2.59740552634e-14, 5.35072797276e-17], "var": [2.94616242513e-08, 0.000108424006612, 5.03802730236e-05, 1.88041394722e-06, 9.1518923e-05, 3.71491260012e-05, 1.07068372017e-05, 2.98854538414e-05, 1.8405067749e-05, 9.28613644646e-06, 8.61932767293e-06, 1.28269075503e-05, 3.74743137854e-07, 1.22222286336e-06, 6.29268583907e-07, 5.6352592992e-07, 6.7505629886e-07, 4.50083383896e-08, 7.24126536511e-08, 2.28685621551e-08, 1.26487753604e-09, 1.25379595595e-10, 1.3227064409e-11, 2.31256051635e-12, 1.8989360865e-12, 3.82785572987e-14, 7.58207381403e-17], "dmean2": [4.42712735094e-05, 0.00178232067265, 0.00144224055111, 0.000671450339723, 0.00319158867933, 0.00221095816232, 0.00141917169094, 0.00121270096861, 0.000911367766093, 0.000746867037378, 0.000585222209338, 0.000549457268789, 0.000230771300266, 0.000296941550914, 0.000354241085006, 0.000375196977984, 0.000395592360292, 0.000128640051116, 0.000132952496642, 6.07904330536e-05, 1.1090969565e-05, 3.25298924508e-06, 1.25786755234e-06, 4.57858618574e-07, 2.72810439128e-07, 4.38377050216e-08, 4.50213599734e-09], "max": [0.00351031450555, 0.125924006104, 0.121927917004, 0.0202329829335, 0.105605304241, 0.0675399303436, 0.0433803126216, 0.077590547502, 0.0455641373992, 0.0521683171391, 0.0384577102959, 0.0560419782996, 0.00760195637122, 0.024147707969, 0.0298105627298, 0.0160416085273, 0.0209526084363, 0.00357045815326, 0.00825785193592, 0.00414738524705, 0.00145946419798, 0.000472210638691, 6.34110620013e-05, 2.85242695099e-05, 0.000100156430562, 7.4886506809e-06, 2.88335598952e-07], "dmean": [2.70558157354e-05, 0.00121166638564, 0.000993783585727, 0.000408770225476, 0.00222795153968, 0.00141198199708, 0.00089071894763, 0.000932659313548, 0.000661045254674, 0.00052505225176, 0.00041746973875, 0.000370158260921, 0.000147384649608, 0.00018273711612, 0.000210561382119, 0.000222654838581, 0.000233936763834, 7.61784176575e-05, 7.9091922089e-05, 3.61707279808e-05, 6.50051924822e-06, 2.0502282041e-06, 7.77516163453e-07, 2.76447792658e-07, 1.60269806315e-07, 2.69688715804e-08, 2.61624100162e-09]}, "erbbands_spread": {"dvar": 11.7214784622, "mean": 22.0968036652, "min": 1.98380410671, "median": 21.2586250305, "dvar2": 27.0646305084, "var": 102.231651306, "dmean2": 4.94982624054, "max": 140.60824585, "dmean": 3.22430229187}, "barkbands_kurtosis": {"dvar": 112.853469849, "mean": 3.7301838398, "min": -1.7317122221, "median": 1.45681488514, "dvar2": 254.58052063, "var": 187.166870117, "dmean2": 2.89882445335, "max": 855.036315918, "dmean": 1.93134915829}, "spectral_flux": {"dvar": 0.000466688972665, "mean": 0.0547579564154, "min": 6.39427330529e-11, "median": 0.0490317605436, "dvar2": 0.0011428919388, "var": 0.00096424203366, "dmean2": 0.0260368380696, "max": 0.282629400492, "dmean": 0.0158926025033}, "silence_rate_20dB": {"dvar": 0, "mean": 1, "min": 1, "median": 1, "dvar2": 0, "var": 0, "dmean2": 0, "max": 1, "dmean": 0}, "gfcc": {"cov": [[13191.6494141, 1611.94165039, -2092.82617188, 423.057098389, -415.223083496, -226.198867798, -66.1054153442, 5.32706689835, -151.073760986, -239.499588013, -27.1656723022, -143.166030884, -27.8117179871], [1611.94165039, 1224.62976074, 287.411468506, -315.292449951, 70.4142456055, -188.973480225, -16.6809253693, -246.726898193, -52.4380493164, -126.06729126, 1.22883045673, -54.1460266113, 51.5025482178], [-2092.82617188, 287.411468506, 947.98614502, -130.204559326, 131.559906006, 21.5311412811, -6.64063310623, -124.697975159, -11.0906906128, -34.3216819763, -35.510219574, -33.805519104, 6.31274652481], [423.057098389, -315.292449951, -130.204559326, 419.082733154, 57.0257720947, 84.6551513672, 42.2083778381, 133.371185303, 27.6791038513, 22.0596370697, -25.6613941193, -23.2567958832, -41.8645553589], [-415.223083496, 70.4142456055, 131.559906006, 57.0257720947, 180.117996216, 50.0153770447, 44.1208686829, 10.2351865768, 24.8173408508, 6.7533197403, 13.1193847656, 0.659691274166, 9.13721656799], [-226.198867798, -188.973480225, 21.5311412811, 84.6551513672, 50.0153770447, 205.85484314, 83.8554763794, 83.3438491821, 17.1670188904, 23.7808704376, 5.4398150444, 21.9642505646, -5.46465539932], [-66.1054153442, -16.6809253693, -6.64063310623, 42.2083778381, 44.1208686829, 83.8554763794, 164.988952637, 66.2032699585, 31.6483783722, 2.80036425591, 17.0835990906, 5.78141927719, 9.15622806549], [5.32706689835, -246.726898193, -124.697975159, 133.371185303, 10.2351865768, 83.3438491821, 66.2032699585, 182.855987549, 75.0648651123, 51.7855186462, 9.15900230408, 13.1593580246, -12.0098609924], [-151.073760986, -52.4380493164, -11.0906906128, 27.6791038513, 24.8173408508, 17.1670188904, 31.6483783722, 75.0648651123, 115.804039001, 65.4783096313, 18.1725158691, 1.36195707321, -3.45420670509], [-239.499588013, -126.06729126, -34.3216819763, 22.0596370697, 6.7533197403, 23.7808704376, 2.80036425591, 51.7855186462, 65.4783096313, 112.563781738, 40.0914840698, 12.7719202042, -6.51773929596], [-27.1656723022, 1.22883045673, -35.510219574, -25.6613941193, 13.1193847656, 5.4398150444, 17.0835990906, 9.15900230408, 18.1725158691, 40.0914840698, 93.6998672485, 51.7874221802, 11.746096611], [-143.166030884, -54.1460266113, -33.805519104, -23.2567958832, 0.659691274166, 21.9642505646, 5.78141927719, 13.1593580246, 1.36195707321, 12.7719202042, 51.7874221802, 92.6735153198, 42.1334114075], [-27.8117179871, 51.5025482178, 6.31274652481, -41.8645553589, 9.13721656799, -5.46465539932, 9.15622806549, -12.0098609924, -3.45420670509, -6.51773929596, 11.746096611, 42.1334114075, 88.366897583]], "mean": [-74.0467453003, 171.838638306, -148.902450562, 9.64897632599, -39.9532241821, -16.9936408997, -27.6645698547, 1.46076655388, -14.1142072678, -7.2361164093, -6.12538146973, -4.08584928513, -0.286214262247], "icov": [[0.000774123414885, -0.00231445301324, 0.00184598844498, -0.0019028725801, 0.00212903460488, -0.00152493279893, 0.00102939817589, -0.000553519756068, 0.000331728690071, 0.000297497288557, -0.000461060320958, 0.000688940112013, -0.000169440012542], [-0.00231445301324, 0.00863475352526, -0.00559421116486, 0.00643280846998, -0.00722979288548, 0.00543249258772, -0.00359271815978, 0.0029932607431, -0.00191708409693, 0.000852902478073, 0.000228782388149, -0.000493561034091, -0.000258273794316], [0.00184598844498, -0.00559421116486, 0.00586620159447, -0.00411387486383, 0.00398032041267, -0.00422047590837, 0.00257244706154, -0.000274603604339, 0.000289016432362, 0.000716577516869, -0.000338914978784, 0.00172619149089, -0.000216892556637], [-0.0019028725801, 0.00643280846998, -0.00411387486383, 0.00883307121694, -0.00730357924476, 0.00380185805261, -0.00241359672509, -0.000876530772075, 7.25319041521e-05, -0.000283874222077, 0.00183474190999, -0.000608263595495, 0.00127982755657], [0.00212903460488, -0.00722979288548, 0.00398032041267, -0.00730357924476, 0.0142608694732, -0.00603913608938, 0.00214385008439, -0.000655167037621, -0.000830738514196, 0.00096584809944, -0.00309028103948, 0.0023472008761, -0.0016895319568], [-0.00152493279893, 0.00543249258772, -0.00422047590837, 0.00380185805261, -0.00603913608938, 0.0118137411773, -0.00571700744331, -0.00113724463154, 0.00190777319949, -0.00223012524657, 0.00289413984865, -0.00413876911625, 0.00174810655881], [0.00102939817589, -0.00359271815978, 0.00257244706154, -0.00241359672509, 0.00214385008439, -0.00571700744331, 0.01121182926, -0.0036372074391