{"tonal": {"hpcp": {"dvar": [0.0555287972093, 0.0376188009977, 0.0353007391095, 0.0384077206254, 0.0316052027047, 0.0335866622627, 0.0442583076656, 0.0439377650619, 0.0377425998449, 0.029216889292, 0.0244750380516, 0.025810405612, 0.0283247325569, 0.025666449219, 0.0298739895225, 0.0353457666934, 0.033097282052, 0.0318912751973, 0.0240805596113, 0.0307332389057, 0.0584987588227, 0.0624656677246, 0.0407432802022, 0.0575051754713, 0.0627796128392, 0.0446626916528, 0.02909495309, 0.0295179169625, 0.0378691777587, 0.0477214343846, 0.0472812466323, 0.0313809104264, 0.0316706374288, 0.0383944660425, 0.0439596362412, 0.0519084334373], "var": [0.117813177407, 0.0473429560661, 0.0343050286174, 0.0317624621093, 0.0251837354153, 0.0285881888121, 0.0384480915964, 0.0354507490993, 0.0451644062996, 0.0378936193883, 0.0235697962344, 0.0327169187367, 0.0354164354503, 0.0225971341133, 0.0776916444302, 0.108592614532, 0.0435678251088, 0.0290969554335, 0.0195323042572, 0.0282541662455, 0.0753249749541, 0.104970782995, 0.0549431964755, 0.0555875338614, 0.0510442070663, 0.0327939651906, 0.0257349368185, 0.0269321650267, 0.0340579487383, 0.0685677304864, 0.0816803276539, 0.0356484875083, 0.0314623787999, 0.0394100286067, 0.0533981919289, 0.112327054143], "median": [0.382684469223, 0.157196432352, 0.0486629381776, 0.0353897735476, 0.0389357246459, 0.0592994056642, 0.0684448182583, 0.0584611557424, 0.0443428345025, 0.0415278561413, 0.0495267957449, 0.0649616345763, 0.0654018372297, 0.0638487040997, 0.0819209590554, 0.114698842168, 0.103284344077, 0.0455015413463, 0.0327389426529, 0.047001440078, 0.133887767792, 0.188580110669, 0.137597471476, 0.0677428543568, 0.0493846349418, 0.0387005023658, 0.0394467040896, 0.0411113202572, 0.0515230447054, 0.0979745313525, 0.101333484054, 0.0710799768567, 0.0593956038356, 0.0689378455281, 0.115425035357, 0.332592487335], "max": [1, 1, 1, 1, 1, 1, 1, 1, 1, 1, 1, 1, 1, 1, 1, 1, 1, 1, 1, 1, 1, 1, 1, 1, 1, 1, 1, 1, 1, 1, 1, 1, 1, 1, 1, 1], "dmean": [0.220645040274, 0.165350645781, 0.116696998477, 0.109711959958, 0.0996709316969, 0.107017792761, 0.127849817276, 0.123717643321, 0.11186081171, 0.0982489287853, 0.0893575772643, 0.0977090150118, 0.101162292063, 0.0938084349036, 0.110271297395, 0.128576412797, 0.126035898924, 0.100741140544, 0.0821635276079, 0.114204704762, 0.192397803068, 0.214104011655, 0.171924158931, 0.171518161893, 0.15482968092, 0.111908480525, 0.0878499671817, 0.0887241363525, 0.114244610071, 0.153266847134, 0.156837299466, 0.119499601424, 0.113092295825, 0.132147952914, 0.170319139957, 0.215282037854], "dmean2": [0.375915229321, 0.287665963173, 0.210638999939, 0.200555041432, 0.180972546339, 0.193608909845, 0.231301262975, 0.225273564458, 0.200145244598, 0.172361403704, 0.15884141624, 0.169577345252, 0.176280081272, 0.16717210412, 0.189939111471, 0.218186557293, 0.217215269804, 0.179007768631, 0.147551834583, 0.204288780689, 0.334533005953, 0.364521056414, 0.292464494705, 0.311748445034, 0.28284573555, 0.204277634621, 0.156693845987, 0.159302189946, 0.203957289457, 0.268045634031, 0.271647661924, 0.207494944334, 0.201471835375, 0.237100720406, 0.304364591837, 0.366987377405], "mean": [0.455010592937, 0.232339948416, 0.116768576205, 0.102898880839, 0.094760350883, 0.115437798202, 0.137893930078, 0.126468032598, 0.128379315138, 0.118724234402, 0.102304935455, 0.130847811699, 0.132034614682, 0.112119652331, 0.211002632976, 0.275138705969, 0.184250161052, 0.107353836298, 0.080603800714, 0.111025229096, 0.24689283967, 0.31833589077, 0.226393654943, 0.16565041244, 0.140978172421, 0.102638944983, 0.099533803761, 0.100108884275, 0.121989093721, 0.212173998356, 0.230933398008, 0.147171959281, 0.126060754061, 0.145822778344, 0.20929735899, 0.420831114054], "dvar2": [0.138246655464, 0.107023149729, 0.100364543498, 0.110703550279, 0.0914943814278, 0.0974890366197, 0.127887532115, 0.12893101573, 0.104649379849, 0.0792988091707, 0.0692196637392, 0.0718546062708, 0.0770962536335, 0.0714471191168, 0.0784574002028, 0.0901722237468, 0.0934367105365, 0.0918541029096, 0.0675369352102, 0.0857126861811, 0.149083554745, 0.152984589338, 0.110568091273, 0.163278654218, 0.177028566599, 0.123954661191, 0.080125644803, 0.0824143588543, 0.107663854957, 0.131390243769, 0.123672790825, 0.0862834006548, 0.08723077178, 0.10923088342, 0.12751865387, 0.132342994213], "min": [0, 0, 0, 0, 0, 0, 0, 0, 0, 0, 0, 0, 0, 0, 0, 0, 0, 0, 0, 0, 0, 0, 0, 0, 0, 0, 0, 0, 0, 0, 0, 0, 0, 0, 0, 0]}, "key_key": "D", "thpcp": [1, 0.510625362396, 0.256628245115, 0.226146116853, 0.208259657025, 0.253703534603, 0.303056538105, 0.277945250273, 0.282145768404, 0.260926306248, 0.224840775132, 0.287570923567, 0.290179222822, 0.246411085129, 0.463731259108, 0.604686379433, 0.404935985804, 0.235936999321, 0.177147090435, 0.244005814195, 0.542608976364, 0.699623048306, 0.497556895018, 0.364058375359, 0.30983492732, 0.225574851036, 0.218750521541, 0.220014408231, 0.268101662397, 0.466305613518, 0.507534086704, 0.323447316885, 0.27705013752, 0.320482164621, 0.459983497858, 0.924881994724], "chords_key": "A", "tuning_equal_tempered_deviation": 0.091907389462, "tuning_frequency": 442.804626465, "tuning_diatonic_strength": 0.653626561165, "chords_histogram": [4.19176101685, 1.58997833729, 8.79306221008, 4.96265983582, 0.192724645138, 6.88990592957, 2.79450726509, 8.55215644836, 1.68634068966, 43.2185020447, 3.25222826004, 1.37316310406, 0.216815218329, 1.80679357052, 0, 0, 0.67453622818, 4.98675012589, 0, 1.56588768959, 0, 0, 3.10768485069, 0.144543483853], "key_strength": 0.72591739893, "key_scale": "minor", "chords_strength": {"dvar": 4.95453496114e-05, "var": 0.00778730679303, "median": 0.538088798523, "max": 0.738645136356, "dmean": 0.00746687594801, "dmean2": 0.00803342461586, "mean": 0.53141105175, "dvar2": 6.38256751699e-05, "min": 0.244760811329}, "chords_number_rate": 0.0036135870032, "tuning_nontempered_energy_ratio": 0.755480051041, "hpcp_entropy": {"dvar": 0.286940872669, "var": 0.678868591785, "median": 2.2166287899, "max": 4.59255027771, "dmean": 0.632098674774, "dmean2": 1.06901586056, "mean": 2.21445846558, "dvar2": 0.76528429985, "min": 0.0469211563468}, "chords_changes_rate": 0.0633582249284, "chords_scale": "major"}, "rhythm": {"bpm_histogram_first_peak_spread": {"dvar": 0, "var": 0, "median": 0.464882910252, "max": 0.464882910252, "dmean": 0, "dmean2": 0, "mean": 0.464882910252, "dvar2": 0, "min": 0.464882910252}, "bpm_histogram_first_peak_weight": {"dvar": 0, "var": 0, "median": 0.32719835639, "max": 0.32719835639, "dmean": 0, "dmean2": 0, "mean": 0.32719835639, "dvar2": 0, "min": 0.32719835639}, "bpm_histogram_first_peak_bpm": {"dvar": 0, "var": 0, "median": 157, "max": 157, "dmean": 0, "dmean2": 0, "mean": 157, "dvar2": 0, "min": 157}, "bpm": 155.289215088, "bpm_histogram_second_peak_weight": {"dvar": 0, "var": 0, "median": 0.130879342556, "max": 0.130879342556, "dmean": 0, "dmean2": 0, "mean": 0.130879342556, "dvar2": 0, "min": 0.130879342556}, "beats_loudness": {"dvar": 0.000156972979312, "var": 0.000348175788531, "median": 0.02804030478, "max": 0.100746378303, "dmean": 0.0134480716661, "dmean2": 0.02374907583, "mean": 0.0281781628728, "dvar2": 0.000480596936541, "min": 7.63405605397e-09}, "beats_loudness_band_ratio": {"dvar": [0.0241036303341, 0.00466667767614, 0.00595712056383, 0.00477221654728, 0.00771355582401, 0.00584241142496], "var": [0.0480653345585, 0.00634064339101, 0.012499846518, 0.007287024986, 0.0185945201665, 0.00808057188988], "median": [0.490460991859, 0.0824653655291, 0.0478091314435, 0.0669541656971, 0.120032027364, 0.128679841757], "max": [0.932290911674, 0.632498145103, 0.51860076189, 0.625301778316, 0.742161393166, 0.614093601704], "dmean": [0.172171026468, 0.0661702379584, 0.0594375394285, 0.0567814037204, 0.0820735991001, 0.0753324404359], "dmean2": [0.299324125051, 0.118135422468, 0.104127652943, 0.099233917892, 0.143663629889, 0.129599377513], "mean": [0.445917963982, 0.101992927492, 0.0995005443692, 0.0975122824311, 0.166278719902, 0.12935243547], "dvar2": [0.0721073374152, 0.0151089243591, 0.0171122979373, 0.013749779202, 0.0198363717645, 0.016392506659], "min": [0.000596287660301, 0.00292111653835, 0.00429782178253, 0.00692362524569, 0.00842265971005, 0.00101866549812]}, "bpm_histogram_second_peak_bpm": {"dvar": 0, "var": 0, "median": 152, "max": 152, "dmean": 0, "dmean2": 0, "mean": 152, "dvar2": 0, "min": 152}, "onset_rate": 2.33506631851, "beats_count": 490, "beats_position": [0.603718817234, 1.21904754639, 1.82276642323, 2.43809509277, 2.97215414047, 3.50621318817, 4.04027223587, 4.5627207756, 5.08516979218, 5.59600877762, 6.11845779419, 6.64090681076, 7.16335582733, 7.65097475052, 8.15020370483, 8.63782310486, 9.11383247375, 9.58984088898, 10.0542402267, 10.5186395645, 10.9830379486, 11.4474372864, 11.9350566864, 12.4226751328, 12.9102945328, 13.3863039017, 13.873922348, 14.3499317169, 14.8259410858, 15.2322902679, 15.6502494812, 16.0565986633, 16.4629478455, 16.8692970276, 17.2756462097, 17.6819953918, 18.088344574, 18.4946937561, 18.9010429382, 19.3073921204, 19.7369613647, 20.154920578, 20.5728797913, 20.9792289734, 21.3855781555, 21.7919273376, 22.2098865509, 22.616235733, 23.0225849152, 23.4289340973, 23.8352832794, 24.2416324615, 24.6363716125, 25.0311107635, 25.4258499146, 25.8205890656, 26.2153282166, 26.6100673676, 27.0048065186, 27.3995456696, 27.7942848206, 28.1890239716, 28.5837631226, 28.9785022736, 29.3732414246, 29.7679805756, 30.1627197266, 30.5574588776, 30.9521980286, 31.3469390869, 31.7416782379, 32.1364173889, 32.5311546326, 32.9258956909, 33.3206329346, 33.7153739929, 34.1101112366, 34.5048522949, 34.9112014771, 35.3175506592, 35.6890678406, 36.0605888367, 36.4204978943, 36.7920188904, 37.1751480103, 37.5582771301, 37.94140625, 38.3245353699, 38.7076644897, 39.1024017334, 39.4855308533, 39.8686599731, 40.251789093, 40.6349182129, 41.0180473328, 41.4011802673, 41.795917511, 42.1906585693, 42.5621757507, 42.9336967468, 43.3052139282, 43.6883430481, 44.071472168, 44.4662132263, 44.8493423462, 45.2440795898, 45.6272087097, 45.9987297058, 46.3702468872, 46.7533760071, 47.1365089417, 47.5196380615, 47.9027671814, 48.2858963013, 48.6690254211, 49.052154541, 49.4352836609, 49.8184127808, 50.2015419006, 50.5846710205, 50.9678001404, 51.3393173218, 51.7108383179, 52.0939674377, 52.4770965576, 52.8602256775, 53.2433547974, 53.6264839172, 54.0096130371, 54.392742157, 54.7758712769, 55.1473922729, 55.5189094543, 55.8904304504, 56.2735595703, 56.6566886902, 57.0398178101, 57.4229469299, 57.794467926, 58.1659851074, 58.5375061035, 58.9206352234, 59.2921524048, 59.6752815247, 60.0584106445, 60.4415397644, 60.8246688843, 61.2077980042, 61.5793190002, 61.9624481201, 62.34557724, 62.7170982361, 63.0886154175, 63.4601364136, 63.831653595, 64.2031707764, 64.5746917725, 64.9462127686, 65.3293380737, 65.7124710083, 66.0839920044, 66.4671173096, 66.8386383057, 67.2217712402, 67.5932846069, 67.964805603, 68.3247146606, 68.6846237183, 69.0793609619, 69.474105835, 69.8804550171, 70.2868041992, 70.6815414429, 71.0762786865, 71.4594116211, 71.8657608032, 72.2721099854, 72.6784591675, 73.0848083496, 73.4911575317, 73.8975067139, 74.303855896, 74.6985931396, 75.0933303833, 75.4764633179, 75.859588623, 76.2427215576, 76.6258468628, 77.0089797974, 77.3805007935, 77.7636260986, 78.1583633423, 78.5298843384, 78.9014053345, 79.2845306396, 79.6676635742, 80.0391845703, 80.410697937, 80.7822189331, 81.1653518677, 81.5484771729, 81.9199981689, 82.291519165, 82.6630401611, 83.0345535278, 83.4060745239, 83.77759552, 84.1491165161, 84.5206298828, 84.9037628174, 85.2752838135, 85.6468048096, 86.0299301147, 86.4130630493, 86.7961883545, 87.1793212891, 87.5624465942, 87.9455795288, 88.328704834, 88.7002258301, 89.0601348877, 89.4316558838, 89.814781189, 90.1863021851, 90.5578231812, 90.9061203003, 91.2660293579, 91.637550354, 92.0206756592, 92.3921966553, 92.7637176514, 93.1352386475, 93.5183639526, 93.9014968872, 94.2730178833, 94.64453125, 95.0160522461, 95.3875732422, 95.7706985474, 96.1538314819, 96.525352478, 96.8968658447, 97.2683868408, 97.6399078369, 98.011428833, 98.3829498291, 98.7544631958, 99.1259841919, 99.497505188, 99.8690261841, 100.240539551, 100.612060547, 100.983581543, 101.366706848, 101.761451721, 102.144577026, 102.53931427, 102.922447205, 103.305580139, 103.700317383, 104.095054626, 104.48979187, 104.872924805, 105.25605011, 105.650794983, 106.033920288, 106.417053223, 106.811790466, 107.20652771, 107.589660645, 107.97278595, 108.367523193, 108.762268066, 109.145393372, 109.528526306, 109.92326355, 110.306388855, 110.68952179, 111.072654724, 111.455780029, 111.850517273, 112.233650208, 112.616775513, 112.999908447, 113.383033752, 113.766166687, 114.149291992, 114.544036865, 114.938774109, 115.321899414, 115.705032349, 116.099769592, 116.494506836, 116.877639771, 117.260765076, 117.655509949, 118.038635254, 118.421768188, 118.816505432, 119.199638367, 119.582763672, 119.965896606, 120.349021912, 120.732154846, 121.115280151, 121.498413086, 121.881538391, 122.276275635, 122.659408569, 123.054145813, 123.437278748, 123.820404053, 124.203536987, 124.575057983, 124.94657135, 125.318092346, 125.689613342, 126.061134338, 126.432647705, 126.804168701, 127.175689697, 127.558815002, 127.941947937, 128.313461304, 128.6849823, 129.068115234, 129.451248169, 129.822769165, 130.205886841, 130.589019775, 130.97215271, 131.355285645, 131.726806641, 132.109924316, 132.469833374, 132.829742432, 133.189651489, 133.561172485, 133.932693481, 134.315826416, 134.698959351, 135.070480347, 135.441986084, 135.81350708, 136.196640015, 136.579772949, 136.951293945, 137.322814941, 137.682723999, 138.054244995, 138.437362671, 138.808883667, 139.180404663, 139.540313721, 139.900222778, 140.271743774, 140.654876709, 141.026397705, 141.409515381, 141.781036377, 142.164169312, 142.547302246, 142.918823242, 143.290344238, 143.650253296, 144.010162354, 144.381668091, 144.753189087, 145.124710083, 145.496231079, 145.867752075, 146.239273071, 146.610794067, 146.982315063, 147.35383606, 147.725341797, 148.096862793, 148.468383789, 148.851516724, 149.234649658, 149.606170654, 149.97769165, 150.349197388, 150.720718384, 151.09223938, 151.463760376, 151.835281372, 152.206802368, 152.578323364, 152.94984436, 153.321365356, 153.692871094, 154.076004028, 154.459136963, 154.830657959, 155.213790894, 155.596908569, 155.968429565, 156.328338623, 156.699859619, 157.071380615, 157.45451355, 157.837631226, 158.22076416, 158.603897095, 158.987030029, 159.358551025, 159.730072021, 160.101577759, 160.484710693, 160.856231689, 161.239364624, 161.61088562, 161.982406616, 162.330703735, 162.702224731, 163.050521851, 163.445251465, 163.816772461, 164.188293457, 164.559814453, 164.931335449, 165.302856445, 165.674377441, 166.045898438, 166.405807495, 166.765716553, 167.137237549, 167.508743286, 167.880264282, 168.251785278, 168.623306274, 168.994827271, 169.366348267, 169.737869263, 170.109390259, 170.469299316, 170.852416992, 171.223937988, 171.595458984, 171.96697998, 172.338500977, 172.710021973, 173.081542969, 173.453063965, 173.824569702, 174.207702637, 174.590835571, 174.962356567, 175.345489502, 175.728607178, 176.123352051, 176.506484985, 176.9012146, 177.284347534, 177.679092407, 178.062225342, 178.445343018, 178.828475952, 179.211608887, 179.583129883, 179.966262817, 180.360992432, 180.744125366, 181.138870239, 181.545211792, 181.951568604, 182.357910156, 182.787475586, 183.205444336, 183.623397827, 184.041351318, 184.459320068, 184.888885498, 185.318450928, 185.771240234, 186.212417603, 186.653594971, 187.094787598, 187.524353027, 187.965530396, 188.406707764, 188.847885132, 189.2890625, 189.730239868, 190.183029175, 190.635818481, 191.088607788, 191.541397095, 191.994186401], "danceability": 1.16471207142, "bpm_histogram_second_peak_spread": {"dvar": 0, "var": 0, "median": 0.333333313465, "max": 0.333333313465, "dmean": 0, "dmean2": 0, "mean": 0.333333313465, "dvar2": 0, "min": 0.333333313465}}, "lowlevel": {"spectral_flux": {"dvar": 0.000748100515921, "var": 0.00207616272382, "median": 0.0659253895283, "max": 0.286644816399, "dmean": 0.0203671045601, "dmean2": 0.0326588004827, "mean": 0.0711760818958, "dvar2": 0.00180240406189, "min": 4.28873718192e-05}, "spectral_rolloff": {"dvar": 737932.25, "var": 1640267, "median": 2540.91796875, "max": 13350.5859375, "dmean": 592.923950195, "dmean2": 999.360839844, "mean": 2528.84057617, "dvar2": 1941247.625, "min": 21.533203125}, "barkbands_flatness_db": {"dvar": 0.000358950172085, "var": 0.00160399952438, "median": 0.0877643227577, "max": 0.340903580189, "dmean": 0.0177995152771, "dmean2": 0.0290456973016, "mean": 0.096555583179, "dvar2": 0.00097058567917, "min": 0.0136991925538}, "spectral_centroid": {"dvar": 77347.2890625, "var": 385962.8125, "median": 2200.24658203, "max": 11354.3740234, "dmean": 252.332611084, "dmean2": 410.330657959, "mean": 2086.51098633, "dvar2": 186886.296875, "min": 308.885253906}, "melbands_skewness": {"dvar": 0.71517843008, "var": 2.1329843998, "median": 1.6208691597, "max": 16.252948761, "dmean": 0.715631484985, "dmean2": 1.15617287159, "mean": 1.85810494423, "dvar2": 1.81822049618, "min": -1.21550226212}, "melbands": {"dvar": [1.73341891241e-06, 2.43722070081e-06, 4.76484183309e-06, 9.57998281592e-07, 1.22990382323e-08, 1.71060090537e-08, 4.12021279317e-08, 5.89745763335e-09, 3.06811842599e-09, 5.91568483088e-09, 9.47336431523e-10, 3.62062380077e-09, 1.19068310767e-09, 1.20870646825e-09, 3.19751114475e-09, 2.13760587009e-09, 1.43333735991e-08, 7.70059038757e-09, 1.99965244363e-09, 3.68883168456e-09, 3.13103964977e-09, 3.14417447633e-09, 1.2133273275e-09, 7.21021076178e-10, 4.33003410905e-10, 3.96173427397e-10, 3.6511213497e-10, 4.88408063992e-11, 1.22680365866e-10, 6.31561469788e-11, 5.54024291721e-11, 4.44785146214e-11, 3.81843758002e-11, 3.16400516898e-11, 9.66757403298e-12, 3.25281381691e-12, 1.48389677282e-12, 1.08384048264e-12, 5.80155715135e-13, 1.45223351573e-13], "var": [1.900514917e-06, 2.83643839794e-06, 4.83438907395e-06, 9.79218953034e-07, 2.20337046386e-08, 2.9130225343e-08, 8.41961735887e-08, 1.05040500742e-08, 9.55679002601e-09, 1.85392252661e-08, 2.81642176247e-09, 7.92988874565e-09, 2.87710566482e-09, 2.8659243867e-09, 7.50098561042e-09, 4.41653513761e-09, 2.85436456693e-08, 1.61967417256e-08, 4.64269955813e-09, 7.25727877793e-09, 5.74202463355e-09, 6.74548328305e-09, 2.74118239219e-09, 2.09029749065e-09, 9.60333035316e-10, 1.14014198083e-09, 9.74243685725e-10, 1.17409901246e-10, 2.66380612013e-10, 1.86439821914e-10, 1.17207146766e-10, 1.01870845093e-10, 1.11178934115e-10, 7.35730781853e-11, 2.50145269082e-11, 8.47792495928e-12, 3.87667502266e-12, 3.07483118828e-12, 1.5052383168e-12, 4.10220983701e-13], "median": [0.00016311503714, 0.000429199455539, 0.000270252930932, 0.000207648525247, 8.71299853316e-05, 6.72943569953e-05, 5.88377952226e-05, 2.03615345526e-05, 2.02314186026e-05, 1.51754748003e-05, 1.1801812434e-05, 1.86061224667e-05, 1.90243099496e-05, 1.3857958038e-05, 1.7603582819e-05, 2.09790141525e-05, 3.16327386827e-05, 4.87390752824e-05, 2.66376337095e-05, 2.19022567762e-05, 2.54356182268e-05, 2.5658224331e-05, 2.00377908186e-05, 1.38477907967e-05, 1.3784136172e-05, 1.4699698113e-05, 1.15757366075e-05, 4.77886715089e-06, 2.936504643e-06, 1.96111750483e-06, 1.81306450031e-06, 2.84955171992e-06, 2.93727475764e-06, 1.28315946313e-06, 7.75245325713e-07, 6.31829720987e-07, 4.7821094995e-07, 5.64251251944e-07, 4.74427793051e-07, 2.7527883617e-07], "max": [0.0162550620735, 0.0185421556234, 0.0225859731436, 0.00975496508181, 0.00176355428994, 0.00346968090162, 0.00390731496736, 0.00181266746949, 0.00179251923691, 0.00225578295067, 0.00105260882992, 0.00199602264911, 0.00111012731213, 0.000974493683316, 0.00244131637737, 0.00128850003239, 0.00277986144647, 0.00230116350576, 0.000921656028368, 0.00218707160093, 0.00123463547789, 0.00126911792904, 0.000889737217221, 0.00100986554753, 0.000436397502199, 0.00055484729819, 0.000782963295933, 0.000185255441465, 0.000228057615459, 0.000108649794129, 8.76233534655e-05, 0.000103413534816, 0.000124846061226, 0.000189417332876, 0.000117136027256, 5.90138843108e-05, 3.15226716339e-05, 2.83884382952e-05, 2.08080782613e-05, 8.69445466378e-06], "dmean": [0.000542103196494, 0.000766655488405, 0.000886512803845, 0.000440460571554, 7.24019264453e-05, 7.66163866501e-05, 9.57815209404e-05, 3.12076335831e-05, 2.41926172748e-05, 3.29259964928e-05, 1.33894400278e-05, 2.53018242802e-05, 1.98498873942e-05, 1.74178730958e-05, 2.55733411905e-05, 2.32973889069e-05, 4.80760718347e-05, 4.87590841658e-05, 2.56784041994e-05, 2.55000031757e-05, 2.74735466519e-05, 2.78805091511e-05, 1.91112903849e-05, 1.26212407849e-05, 1.18171110444e-05, 1.16807987069e-05, 9.57381871558e-06, 4.22730363425e-06, 5.43721762369e-06, 3.80781898457e-06, 3.80326559934e-06, 3.28925511894e-06, 3.10162045025e-06, 2.27959458243e-06, 1.24305586269e-06, 7.02738020664e-07, 4.99537634369e-07, 4.33698829738e-07, 3.40889158679e-07, 1.78555723096e-07], "dmean2": [0.000898046710063, 0.00124426570255, 0.00146786426194, 0.000750300474465, 0.00012182383216, 0.000125183811178, 0.000148570121382, 5.00176101923e-05, 3.6321918742e-05, 4.7981433454e-05, 2.04090392799e-05, 3.96611685574e-05, 3.19176178891e-05, 2.77579147223e-05, 4.08879350289e-05, 3.74760456907e-05, 7.79811671237e-05, 8.12533180579e-05, 4.21959775849e-05, 4.15315262217e-05, 4.56067209598e-05, 4.56395900983e-05, 3.11239055009e-05, 2.01456023206e-05, 1.90945793292e-05, 1.88220383279e-05, 1.53857708938e-05, 6.74813463775e-06, 8.8461820269e-06, 5.62730292586e-06, 6.27978442935e-06, 5.20996309206e-06, 4.60341880171e-06, 3.3203766634e-06, 1.86396027857e-06, 9.67445316746e-07, 7.1473840535e-07, 6.42827387765e-07, 5.04017691583e-07, 2.61637723042e-07], "mean": [0.000637246470433, 0.000957095297053, 0.000988375628367, 0.000532995210961, 0.000131140754092, 0.000120473319839, 0.000159882125445, 4.95197236887e-05, 5.28219861735e-05, 6.49905123282e-05, 2.55430059042e-05, 4.48633436463e-05, 3.63190520147e-05, 2.99848707073e-05, 4.25120597356e-05, 4.04544625781e-05, 7.89247133071e-05, 8.91554227564e-05, 4.84611373395e-05, 4.56127563666e-05, 5.02049297211e-05, 5.14870007464e-05, 3.69587069144e-05, 2.60880806309e-05, 2.34403269133e-05, 2.44699585892e-05, 1.99366513698e-05, 8.78507398738e-06, 1.03833835965e-05, 8.43326597533e-06, 6.79494223732e-06, 6.6784491537e-06, 7.04514786776e-06, 4.49554136139e-06, 2.47444654633e-06, 1.59645492204e-06, 1.14215936264e-06, 1.05665219508e-06, 8.1450258449e-07, 4.58999380726e-07], "dvar2": [4.33303102909e-06, 5.9245430748e-06, 1.21394687085e-05, 2.36173718804e-06, 3.38789121201e-08, 4.18397618773e-08, 9.83692700629e-08, 1.43562237653e-08, 7.24943038932e-09, 1.20936212156e-08, 2.06731720631e-09, 8.77300099233e-09, 2.82088441494e-09, 2.87840484781e-09, 7.3149779567e-09, 5.24237586674e-09, 3.59454475074e-08, 2.12645208109e-08, 4.96286567397e-09, 9.08280028966e-09, 8.39438918376e-09, 8.03590172183e-09, 3.01908475997e-09, 1.6495151911e-09, 1.0660224925e-09, 9.88089166043e-10, 8.95700735803e-10, 1.17115636633e-10, 2.95171553866e-10, 1.17790069365e-10, 1.43509468198e-10, 9.52340983851e-11, 7.31785049224e-11, 6.7974820217e-11, 2.06346918719e-11, 6.40231530985e-12, 2.96499088302e-12, 2.16793705383e-12, 1.16834059788e-12, 3.03138942984e-13], "min": [1.40412043104e-10, 4.26748636428e-11, 1.36405661072e-11, 5.40341079172e-12, 8.54770334374e-12, 3.29194787749e-12, 2.96343136662e-12, 5.0674724833e-12, 2.61358968322e-12, 3.5943045415e-12, 2.08006875613e-12, 2.37714622292e-12, 2.50919033815e-12, 3.5712784726e-12, 4.42756942221e-12, 3.50809355523e-12, 3.07591127048e-12, 2.05951683659e-12, 1.88537943938e-12, 1.38564051726e-12, 1.14899713008e-12, 7.63936385938e-13, 1.54997412474e-12, 1.2011897553e-12, 1.52207066395e-12, 1.80640615313e-12, 1.06976265953e-12, 1.26506216527e-12, 1.49955341113e-12, 1.45837378632e-12, 1.60223722311e-12, 9.37180021088e-13, 8.30639214095e-13, 9.18242587002e-13, 8.10377210215e-13, 9.67308915259e-13, 3.90250196524e-13, 4.03289543687e-13, 5.85103146489e-13, 4.6631719753e-13]}, "spectral_decrease": {"dvar": 8.19614308772e-18, "var": 1.48077704269e-17, "median": -3.20698889666e-09, "max": -7.31957274502e-16, "dmean": 1.79320336358e-09, "dmean2": 2.76877343275e-09, "mean": -4.09530009904e-09, "dvar2": 1.85728186426e-17, "min": -2.82528613837e-08}, "barkbands_kurtosis": {"dvar": 62.7605552673, "var": 61.8162345886, "median": -0.594768881798, "max": 288.117706299, "dmean": 1.62293028831, "dmean2": 2.77847194672, "mean": 0.571642994881, "dvar2": 196.264907837, "min": -1.83473932743}, "silence_rate_30dB": {"dvar": 0, "var": 0, "median": 1, "max": 1, "dmean": 0, "dmean2": 0, "mean": 1, "dvar2": 0, "min": 1}, "gfcc": {"mean": [-29.4340305328, 61.2879981995, -126.328132629, 38.4461746216, -39.3199005127, 8.01403045654, -39.6839828491, 1.88624417782, -24.5102977753, 2.3717982769, -18.62981987, -0.929531931877, -16.5418663025], "cov": [[28169.2207031, -1363.38000488, -180.341171265, 2143.35571289, -61.5028495789, 511.879333496, -523.045776367, -348.553619385, -227.873031616, 247.090682983, -11.2041320801, 262.84765625, -9.99571228027], [-1363.38000488, 1421.97351074, -304.508453369, -368.417572021, 64.9141845703, -192.512832642, 97.3500823975, 62.747505188, 22.6703300476, -80.2486038208, 33.8628540039, -143.985168457, -11.4763021469], [-180.341171265, -304.508453369, 765.528137207, 217.000289917, -11.7789049149, 183.022338867, 96.9277572632, 53.4877243042, 22.0341930389, 64.3887329102, -11.6636571884, 52.8332443237, 1.19793045521], [2143.35571289, -368.417572021, 217.000289917, 491.76739502, 71.7157821655, 100.556510925, 2.39346575737, -79.596031189, 12.2818422318, 32.5168037415, -22.9390449524, 52.1649894714, 13.1042137146], [-61.5028495789, 64.9141845703, -11.7789049149, 71.7157821655, 339.882019043, 21.7078666687, 55.4616508484, 28.8081951141, 32.8509635925, 14.7750282288, -2.40660691261, 33.7336387634, 19.9787330627], [511.879333496, -192.512832642, 183.022338867, 100.556510925, 21.7078666687, 189.38230896, 35.0566482544, 38.7713241577, 6.77544403076, 42.5824356079, 34.5764274597, 46.3000564575, 15.5016222], [-523.045776367, 97.3500823975, 96.9277572632, 2.39346575737, 55.4616508484, 35.0566482544, 152.920730591, 33.1852340698, 25.1952838898, 11.443397522, 5.13470554352, -10.3325614929, -5.60037899017], [-348.553619385, 62.747505188, 53.4877243042, -79.596031189, 28.8081951141, 38.7713241577, 33.1852340698, 157.930541992, 35.2329559326, 19.9058856964, 40.5107727051, 16.3414802551, 19.4777965546], [-227.873031616, 22.6703300476, 22.0341930389, 12.2818422318, 32.8509635925, 6.77544403076, 25.1952838898, 35.2329559326, 76.4175643921, 29.0524120331, 11.6094560623, 18.8879795074, 9.55980300903], [247.090682983, -80.2486038208, 64.3887329102, 32.5168037415, 14.7750282288, 42.5824356079, 11.443397522, 19.9058856964, 29.0524120331, 86.2988433838, 45.3867492676, 32.9394874573, 8.69631958008], [-11.2041320801, 33.8628540039, -11.6636571884, -22.9390449524, -2.40660691261, 34.5764274597, 5.13470554352, 40.5107727051, 11.6094560623, 45.3867492676, 98.3531799316, 40.1052856445, 12.0651884079], [262.84765625, -143.985168457, 52.8332443237, 52.1649894714, 33.7336387634, 46.3000564575, -10.3325614929, 16.3414802551, 18.8879795074, 32.9394874573, 40.1052856445, 90.2534255981, 33.7555847168], [-9.99571228027, -11.4763021469, 1.19793045521, 13.1042137146, 19.9787330627, 15.5016222, -5.60037899017, 19.4777965546, 9.55980300903, 8.69631958008, 12.0651884079, 33.7555847168, 53.2214508057]], "icov": [[9.16204371606e-05, -0.000140508549521, 0.000242229187279, -0.000556321348995, 0.000166149344295, -0.000238750857534, 0.00023971038172, -0.000307808193611, 0.000537355022971, -0.000536176841706, 0.000478233676404, -0.000460980692878, 0.000438529765233], [-0.000140508549521, 0.0016871568514, -0.000461525662104, 0.00149491941556, -0.000836396939121, 0.00127883255482, -0.00104610365815, 0.000789278536104, -0.00183281884529, 0.00230486737564, -0.00310489907861, 0.00361313787289, -0.00211286428384], [0.000242229187279, -0.000461525662104, 0.00296284048818, -0.00227039051242, 0.001205871813, -0.00194595044013, -0.000630189897493, -0.00206422107294, 0.0021648958791, -0.00291585782543, 0.00357767380774, -0.00286734499969, 0.00233670207672], [-0.000556321348995, 0.00149491941556, -0.00227039051242, 0.00697500444949, -0.00199640681967, 0.000465249409899, -0.00118582206778, 0.00450230203569, -0.00469941087067, 0.00368256145157, -0.00327975326218, 0.0033593440894, -0.00375176453963], [0.000166149344295, -0.000836396939121, 0.001205871813, -0.00199640681967, 0.00425852555782, -0.000708779436536, -0.00100142043084, -0.00171092280652, 0.00113061000593, -0.00203708512709, 0.00331216864288, -0.00383836170658, 0.00125726999249], [-0.000238750857534, 0.00127883255482, -0.00194595044013, 0.000465249409899, -0.000708779436536, 0.0100831752643, -0.00224993005395, -0.00095336540835, 0.000388217304135, 0.000720742740668, -0.00412956811488, 0.000944955041632, -0.00224917707965], [0.00023971038172, -0.00104610365815, -0.000630189897493, -0.00118582206778, -0.00100142043084, -0.00224993005395, 0.00990777369589, -0.000952167261858, -0.000976085313596, -0.00119168881793, 0.000638911733404, 0.00110201095231, 0.00207416038029], [-0.000307808193611, 0.000789278536104, -0.00206422107294, 0.00450230203569, -0.00171092280652, -0.00095336540835, -0.000952167261858, 0.0118051441386, -0.00656608818099, 0.00398690160364, -0.00618389854208, 0.00426522316411, -0.00522573292255], [0.000537355022971, -0.00183281884529, 0.0021648958791, -0.00469941087067, 0.00113061000593, 0.000388217304135, -0.000976085313596, -0.00656608818099, 0.0226716771722, -0.0107349501923, 0.00766930542886, -0.00821443740278, 0.00372999184765], [-0.000536176841706, 0.00230486737564, -0.00291585782543, 0.00368256145157, -0.00203708512709, 0.000720742740668, -0.00119168881793, 0.00398690160364, -0.0107349501923, 0.0246486570686, -0.0140013815835, 0.00520752044395, -0.00370261701755], [0.000478233676404, -0.00310489907861, 0.00357767380774, -0.00327975326218, 0.00331216864288, -0.00412956811488, 0.000638911733404, -0.00618389854208, 0.00766930542886, -0.0140013815835, 0.0258395057172, -0.0150890564546, 0.00705982465297], [-0.000460980692878, 0.00361313787289, -0.00286734499969, 0.0033593440894, -0.00383836170658, 0.000944955041632, 0.00110201095231, 0.00426522316411, -0.00821443740278, 0.00520752044395, -0.0150890564546, 0.030635792762, -0.0157348569483], [0.000438529765233, -0.00211286428384, 0.00233670207672, -0.00375176453963, 0.00125726999249, -0.00224917707965, 0.00207416038029, -0.00522573292255, 0.00372999184765, -0.00370261701755, 0.00705982465297, -0.0157348569483, 0.0299156010151]]}, "silence_rate_20dB": {"dvar": 0, "var": 0, "median": 1, "max": 1, "dmean": 0, "dmean2": 0, "mean": 1, "dvar2": 0, "min": 1}, "barkbands_skewness": {"dvar": 0.416102290154, "var": 1.22255289555, "median": 0.52656775713, "max": 16.3869857788, "dmean": 0.50841486454, "dmean2": 0.823903560638, "mean": 0.606111466885, "dvar2": 1.13402760029, "min": -2.3064866066}, "erbbands_skewness": {"dvar": 0.0623993687332, "var": 0.390792638063, "median": -0.588862478733, "max": 2.2548251152, "dmean": 0.269478142262, "dmean2": 0.41779255867, "mean": -0.555627405643, "dvar2": 0.146706178784, "min": -3.20438027382}, "spectral_contrast_valleys": {"dvar": [0.121359117329, 0.102347478271, 0.0781882032752, 0.0925059989095, 0.0822782292962, 0.0702102780342], "var": [3.72916150093, 2.33040642738, 2.08661723137, 2.46850371361, 2.88271951675, 3.12632417679], "median": [-7.35603904724, -7.08901786804, -7.51858043671, -7.28496932983, -7.03640365601, -9.78239250183], "max": [-5.56406211853, -5.33068609238, -5.94720458984, -5.90909528732, -5.53870677948, -7.90935468674], "dmean": [0.395108550787, 0.333267122507, 0.284440249205, 0.275851249695, 0.219457760453, 0.179937928915], "dmean2": [0.654118061066, 0.54644382, 0.454847276211, 0.437193334103, 0.333719432354, 0.233916819096], "mean": [-8.00398349762, -7.49090623856, -7.89367961884, -7.70227336884, -7.48482847214, -10.3136501312], "dvar2": [0.288228183985, 0.224965751171, 0.15884745121, 0.180526643991, 0.147789716721, 0.0926679968834], "min": [-27.1437397003, -27.4851799011, -26.9807529449, -27.4666290283, -27.2245864868, -27.3538017273]}, "spectral_strongpeak": {"dvar": 1.43845641613, "var": 1.93755662441, "median": 0.318990439177, "max": 13.4155435562, "dmean": 0.665864229202, "dmean2": 1.16607773304, "mean": 0.881952464581, "dvar2": 3.76617836952, "min": 0}, "erbbands_crest": {"dvar": 4.47083711624, "var": 11.420838356, "median": 7.26110363007, "max": 32.8590240479, "dmean": 2.13014507294, "dmean2": 3.52070426941, "mean": 7.9261598587, "dvar2": 11.4212207794, "min": 2.1160902977}, "barkbands_crest": {"dvar": 7.07088184357, "var": 14.0304889679, "median": 7.20678806305, "max": 26.4886646271, "dmean": 2.64627289772, "dmean2": 4.4807767868, "mean": 8.09056663513, "dvar2": 18.860332489, "min": 2.27849411964}, "spectral_energyband_middle_low": {"dvar": 7.82345814514e-05, "var": 8.8628505182e-05, "median": 0.00348474876955, "max": 0.092147551477, "dmean": 0.00394558953121, "dmean2": 0.00640538381413, "mean": 0.00613880297169, "dvar2": 0.000189815254998, "min": 4.67638761048e-10}, "spectral_contrast_coeffs": {"dvar": [0.00239178189076, 0.00115786923561, 0.000694055343047, 0.000646792759653, 0.000325689296005, 0.00031999940984], "var": [0.00901214405894, 0.00394898699597, 0.0032677417621, 0.00345866382122, 0.00264323246665, 0.00284527847543], "median": [-0.654154062271, -0.756198048592, -0.792057156563, -0.773434042931, -0.778373599052, -0.752676486969], "max": [-0.316552340984, -0.462826311588, -0.548518538475, -0.512535989285, -0.5540984869, -0.612029671669], "dmean": [0.0551033727825, 0.0412520803511, 0.0330280587077, 0.0301400236785, 0.0206231102347, 0.0157888457179], "dmean2": [0.091615781188, 0.0682516992092, 0.0538758896291, 0.0493020527065, 0.033729698509, 0.0256607793272], "mean": [-0.64635848999, -0.755131602287, -0.788744688034, -0.770936727524, -0.7760617733, -0.750754654408], "dvar2": [0.00621918169782, 0.00317655527033, 0.00179687247146, 0.00161490624305, 0.000808398472145, 0.000693882175256], "min": [-0.953065633774, -0.961995065212, -0.96208178997, -0.958783864975, -0.961218297482, -0.95661598444]}, "hfc": {"dvar": 79.6889572144, "var": 364.629699707, "median": 17.5666694641, "max": 135.071090698, "dmean": 5.82079648972, "dmean2": 8.12281894684, "mean": 22.0573768616, "dvar2": 147.695480347, "min": 8.46564853418e-06}, "spectral_energyband_high": {"dvar": 7.06729622379e-07, "var": 2.75837328445e-06, "median": 0.000523611321114, "max": 0.0154405841604, "dmean": 0.000391504727304, "dmean2": 0.000512194645125, "mean": 0.00119380094111, "dvar2": 1.15276759516e-06, "min": 3.72755715183e-10}, "erbbands_spread": {"dvar": 78.9677276611, "var": 277.981048584, "median": 30.2818107605, "max": 115.939041138, "dmean": 7.55619812012, "dmean2": 12.0890722275, "mean": 33.5925865173, "dvar2": 188.017669678, "min": 2.3239672184}, "dissonance": {"dvar": 0.000145493700984, "var": 0.00070295331534, "median": 0.487701684237, "max": 0.500000059605, "dmean": 0.00961779803038, "dmean2": 0.0162874609232, "mean": 0.47929930687, "dvar2": 0.000390047411202, "min": 0.27147385478}, "spectral_kurtosis": {"dvar": 3.40040922165, "var": 10.4244651794, "median": 4.21680498123, "max": 31.1596031189, "dmean": 1.25932216644, "dmean2": 2.1237206459, "mean": 4.88223838806, "dvar2": 9.59394073486, "min": -1.17246961594}, "spectral_skewness": {"dvar": 0.0366658009589, "var": 0.194225564599, "median": 1.42714715004, "max": 3.73025298119, "dmean": 0.164454683661, "dmean2": 0.267306804657, "mean": 1.42112052441, "dvar2": 0.0910413786769, "min": -0.0622500181198}, "pitch_salience": {"dvar": 0.00610401760787, "var": 0.0120687810704, "median": 0.588645637035, "max": 0.823712706566, "dmean": 0.0785321295261, "dmean2": 0.131555587053, "mean": 0.572629451752, "dvar2": 0.0164630301297, "min": 0.0295506604016}, "spectral_complexity": {"dvar": 22.6820964813, "var": 166.632720947, "median": 23, "max": 58, "dmean": 4.05952501297, "dmean2": 6.11665439606, "mean": 23.2999992371, "dvar2": 44.0840835571, "min": 0}, "spectral_spread": {"dvar": 251885371392, "var": 1723250900990.0, "median": 4274115.5, "max": 40312920, "dmean": 334784.96875, "dmean2": 512124.28125, "mean": 4218931, "dvar2": 390455984128, "min": 1543436.25}, "dynamic_complexity": 5.82512617111, "melbands_crest": {"dvar": 13.1075077057, "var": 34.9517631531, "median": 12.2449874878, "max": 39.3577041626, "dmean": 3.70985627174, "dmean2": 6.14969015121, "mean": 13.332113266, "dvar2": 34.0448532104, "min": 3.41686463356}, "zerocrossingrate": {"dvar": 0.000112716668809, "var": 0.00101560598705, "median": 0.08740234375, "max": 0.27001953125, "dmean": 0.0101262321696, "dmean2": 0.0126242302358, "mean": 0.0870074257255, "dvar2": 0.000163370845257, "min": 0}, "spectral_energyband_low": {"dvar": 4.19183015765e-05, "var": 5.71232703805e-05, "median": 0.00239765504375, "max": 0.0720302835107, "dmean": 0.00353537360206, "dmean2": 0.00565738184378, "mean": 0.00508608249947, "dvar2": 9.98850446194e-05, "min": 1.27195298738e-09}, "melbands_kurtosis": {"dvar": 105.560340881, "var": 146.771911621, "median": 2.28747057915, "max": 304.136260986, "dmean": 4.5542011261, "dmean2": 7.66565656662, "mean": 5.5046415329, "dvar2": 297.692657471, "min": -1.86944162846}, "spectral_energyband_middle_high": {"dvar": 5.49117112314e-06, "var": 2.82771197817e-05, "median": 0.00462164403871, "max": 0.0483956970274, "dmean": 0.00168896163814, "dmean2": 0.00262886541896, "mean": 0.00591717846692, "dvar2": 1.26460936372e-05, "min": 4.03403643823e-10}, "barkbands_spread": {"dvar": 53.0901832581, "var": 195.015853882, "median": 33.768913269, "max": 114.075202942, "dmean": 6.58008289337, "dmean2": 10.6924438477, "mean": 34.6451072693, "dvar2": 138.151168823, "min": 1.35400283337}, "mfcc": {"mean": [-660.655151367, 88.9167556763, -19.0640907288, 29.5369586945, 13.6084766388, 9.8308172226, -2.59689712524, 0.155646234751, -4.23367500305, -0.171528562903, 0.964098930359, -6.38172674179, -1.77661919594], "cov": [[17595.6464844, 442.693267822, -154.778106689, 1491.92114258, 504.936218262, 805.806213379, 73.4914703369, 141.942840576, -131.397979736, -32.270401001, 76.6676254272, -35.9479484558, 63.2639465332], [442.693267822, 1146.82373047, -209.260253906, -97.0937347412, 42.0141372681, -146.728408813, 52.4359474182, 2.7097325325, -24.8295040131, 47.8764801025, 67.5925445557, -46.8676986694, -1.88812065125], [-154.778106689, -209.260253906, 661.424133301, 32.351184845, -75.2250976562, 99.1153030396, 45.2058830261, 34.271572113, 21.6181411743, 46.8514289856, 16.6854629517, 19.597486496, -4.31924819946], [1491.92114258, -97.0937347412, 32.351184845, 408.680389404, 122.221389771, 178.541992188, 6.47666501999, 28.5798587799, 38.9452705383, -7.29152965546, -17.3121528625, 23.8826637268, 9.04863643646], [504.936218262, 42.0141372681, -75.2250976562, 122.221389771, 211.5025177, 64.7913284302, 32.056438446, 43.8906745911, 29.0820884705, 4.32108592987, 5.8832859993, 1.54693138599, 28.8251609802], [805.806213379, -146.728408813, 99.1153030396, 178.541992188, 64.7913284302, 223.895401001, 35.3230171204, 23.3366012573, 23.4914054871, -2.75988125801, -7.16594934464, 28.3369579315, 8.18609619141], [73.4914703369, 52.4359474182, 45.2058830261, 6.47666501999, 32.056438446, 35.3230171204, 121.107841492, 49.1476783752, 9.17029857635, 32.4773445129, 39.8545379639, 1.24548089504, 4.43670749664], [141.942840576, 2.7097325325, 34.271572113, 28.5798587799, 43.8906745911, 23.3366012573, 49.1476783752, 87.5456848145, 37.5996398926, 16.8982391357, 22.2004432678, 10.292181015, 6.03331279755], [-131.397979736, -24.8295040131, 21.6181411743, 38.9452705383, 29.0820884705, 23.4914054871, 9.17029857635, 37.5996398926, 89.1421661377, 26.9259910583, -3.9731066227, 8.51094245911, 1.55046415329], [-32.270401001, 47.8764801025, 46.8514289856, -7.29152965546, 4.321085929