{"lowlevel": {"erbbands": {"mean": [0.842941820621, 2.97535324097, 3.87123131752, 4.91124296188, 7.70410919189, 4.97649383545, 8.12366390228, 24.0795269012, 25.587808609, 27.3887939453, 32.3875312805, 27.0399112701, 27.5882339478, 46.291809082, 87.8711166382, 125.414886475, 106.016990662, 91.5598144531, 46.1544418335, 26.2127838135, 19.8104953766, 13.6727743149, 10.8842811584, 9.85402774811, 7.29273414612, 5.84752130508, 5.37705087662, 4.9120349884, 3.5390753746, 2.20794057846, 1.27269899845, 0.547897279263, 0.183360949159, 0.0421769171953, 0.0221586432308, 0.0386412627995, 0.0943595692515, 0.101315170527, 0.0496341846883, 0.0238067246974], "dvar": [1.31665623188, 17.1178016663, 31.359916687, 46.8265762329, 171.123596191, 98.7291412354, 287.778076172, 2323.45629883, 3515.65844727, 3910.77832031, 4861.47363281, 1715.05981445, 2528.18432617, 3498.06933594, 6001.53125, 10303.7041016, 11165.5751953, 7616.62597656, 1405.25036621, 348.158874512, 260.973907471, 128.633514404, 79.8459472656, 60.4275436401, 24.0469970703, 21.8127765656, 46.4975547791, 94.077003479, 57.0577812195, 11.740026474, 2.36616969109, 0.363014519215, 0.0309225078672, 0.00311452313326, 0.00119237112813, 0.00128805474378, 0.010365979746, 0.00892652850598, 0.000710983353201, 4.67526442662e-05], "min": [1.04511094758e-22, 6.78530793773e-22, 4.88800572562e-21, 4.87763244453e-21, 2.11918826175e-20, 4.4200047065e-20, 6.27437691125e-20, 3.85730540128e-20, 9.40055158626e-20, 2.27543531238e-19, 3.4573662893e-19, 7.61090691068e-19, 8.95513072378e-19, 1.46395955094e-18, 1.68859678309e-18, 1.53599281682e-18, 1.954323385e-18, 2.31057104967e-18, 2.15340114982e-18, 3.73280719692e-18, 4.93324933857e-18, 4.46344466505e-18, 5.59506165743e-18, 6.43249476008e-18, 1.00493180002e-17, 6.1117496873e-18, 1.05527690724e-17, 9.18004547503e-18, 1.21167500622e-17, 1.31242601842e-17, 1.10389585395e-17, 1.19116067887e-17, 1.0648372126e-17, 8.62739535444e-18, 6.69202846754e-18, 4.38091644175e-18, 2.24204720093e-18, 8.87929273727e-19, 2.73602188516e-19, 2.99296628465e-20], "dmean": [0.68088054657, 2.51804971695, 3.16891050339, 3.49258732796, 5.93932247162, 3.98616433144, 6.0084195137, 18.2806663513, 19.2565307617, 19.3956279755, 23.2972240448, 18.1079750061, 18.8900375366, 28.8755531311, 44.9636611938, 63.648109436, 58.3926467896, 50.6172981262, 23.3428878784, 13.1389818192, 10.5052375793, 7.16544055939, 5.63569736481, 4.75403928757, 3.37975072861, 2.6792986393, 2.65229463577, 2.72559380531, 2.12868714333, 1.27490317822, 0.746631383896, 0.330255508423, 0.115654431283, 0.0363114327192, 0.0212524589151, 0.0243804305792, 0.0530753619969, 0.0492193475366, 0.0172057561576, 0.00574567494914], "dmean2": [1.16205871105, 4.25032758713, 5.15257120132, 5.61322593689, 9.81758594513, 6.67562007904, 9.51473712921, 28.6129550934, 30.2758731842, 30.909658432, 37.4415206909, 29.6956253052, 30.2078475952, 46.7055625916, 70.8209457397, 100.06061554, 92.2738952637, 81.0229415894, 37.4065933228, 21.180015564, 16.8267917633, 11.776550293, 9.1966714859, 7.61222457886, 5.23045969009, 4.08005714417, 3.90522861481, 4.00244522095, 3.04795646667, 1.80487418175, 1.0491642952, 0.465476065874, 0.167566522956, 0.0589592345059, 0.0350020863116, 0.0354394651949, 0.0714459195733, 0.064603254199, 0.0221876204014, 0.0078449677676], "dvar2": [3.46290421486, 44.6338844299, 74.4820404053, 102.631782532, 433.905212402, 255.469100952, 657.798156738, 5494.19726562, 8645.50390625, 8932.53515625, 12806.5644531, 4512.47558594, 5982.99511719, 9264.50195312, 14741.5576172, 25261.1367188, 28443.6679688, 19766.4648438, 3426.4934082, 886.654907227, 663.481933594, 338.163116455, 211.616851807, 151.861206055, 58.6224555969, 50.6688652039, 99.1841888428, 212.528610229, 129.514297485, 25.3026561737, 4.72278928757, 0.684909582138, 0.0596902221441, 0.00762791885063, 0.00296420441009, 0.00255316914991, 0.0194328576326, 0.0164175834507, 0.00124508258887, 8.8910368504e-05], "max": [12.7684841156, 44.7652282715, 67.3730392456, 166.249786377, 357.597167969, 271.486541748, 470.422729492, 1046.79040527, 1655.75634766, 2018.2142334, 2142.45361328, 990.209472656, 1188.57836914, 1294.59741211, 1558.9263916, 1707.93005371, 2260.14550781, 1750.5904541, 698.605102539, 464.800384521, 358.094268799, 188.241241455, 128.720672607, 258.661529541, 99.9203338623, 120.149803162, 210.259429932, 336.475616455, 320.146972656, 125.528457642, 32.6673278809, 9.855676651, 2.2815413475, 0.724850535393, 0.450277507305, 0.525267243385, 1.59797799587, 1.91651177406, 0.540594279766, 0.143402278423], "median": [0.38689404726, 1.326202631, 1.73947739601, 2.06881284714, 3.27951717377, 2.66718387604, 3.10672974586, 5.41133213043, 7.17342948914, 8.89978027344, 10.7650775909, 12.6232738495, 11.6641139984, 24.4829368591, 48.9402160645, 70.5267944336, 63.2444000244, 51.4395484924, 31.8103523254, 19.5043392181, 13.9247560501, 9.53718185425, 6.99618291855, 5.98395442963, 5.33236026764, 3.91426968575, 3.33372974396, 2.5747256279, 1.46339654922, 0.869875013828, 0.487063884735, 0.205366760492, 0.0856788754463, 0.0213834531605, 0.00961310975254, 0.01889898628, 0.0328488573432, 0.0418465770781, 0.029678221792, 0.0207932889462], "var": [1.4951249361, 18.9225559235, 38.1405220032, 99.3589935303, 201.389343262, 88.7814788818, 432.971496582, 3607.97851562, 4683.38867188, 6024.54492188, 7084.92236328, 2777.27441406, 3677.14379883, 5475.9140625, 15092.3037109, 27655.1835938, 21067.71875, 15107.2792969, 3174.77441406, 720.786071777, 473.023620605, 227.739196777, 164.730545044, 165.764434814, 63.3513336182, 53.4305725098, 89.5919113159, 127.14151001, 79.8149108887, 19.1692085266, 4.50633096695, 0.751397371292, 0.0640050172806, 0.00356387486681, 0.00126566365361, 0.00265149003826, 0.0228769853711, 0.0226972494274, 0.00331897800788, 0.000400522141717]}, "gfcc": {"icov": [[0.000135907917866, -0.000265480543021, 0.00064594502328, -0.000266363989795, 4.39862924395e-05, -3.53881623596e-05, 4.45199657406e-05, -0.000211003047298, 0.000242951602559, -0.000473014981253, 0.000571213429794, -0.00079831876792, 0.000502862210851], [-0.000265480543021, 0.00291901128367, -0.00281396484934, 0.00176474172622, -0.00101512717083, 0.000817475374788, -0.000560240354389, 0.00109608029015, -0.00153668399435, 0.00222997157834, -0.00350271211937, 0.00549379782751, -0.00412384141237], [0.00064594502328, -0.00281396484934, 0.0103867137805, -0.00718125747517, 0.00550711574033, -0.00576307252049, 0.00374495587312, -0.00184089748655, -0.00194080313668, 0.00319738336839, -0.00259542139247, -0.00206268113106, 0.00240209768526], [-0.000266363989795, 0.00176474172622, -0.00718125747517, 0.0124346800148, -0.0103803193197, 0.007084810175, -0.00295594730414, -0.0033364535775, 0.00975735578686, -0.0120182596147, 0.0140378195792, -0.0099234348163, 0.00549860112369], [4.39862924395e-05, -0.00101512717083, 0.00550711574033, -0.0103803193197, 0.0154102407396, -0.00771160330623, 0.000105252227513, 0.00450717844069, -0.011088937521, 0.0149069670588, -0.0167353115976, 0.0137486448511, -0.00857791956514], [-3.53881623596e-05, 0.000817475374788, -0.00576307252049, 0.007084810175, -0.00771160330623, 0.0102178025991, -0.00192181405146, -0.00291660032235, 0.00857119355351, -0.00884184613824, 0.0085417078808, -0.00609832629561, 0.00459140446037], [4.45199657406e-05, -0.000560240354389, 0.00374495587312, -0.00295594730414, 0.000105252227513, -0.00192181405146, 0.0105581711978, -0.000345545326127, -0.00414287904277, 0.00445434218273, -0.00292566325516, -0.00191968411673, 0.00245390227064], [-0.000211003047298, 0.00109608029015, -0.00184089748655, -0.0033364535775, 0.00450717844069, -0.00291660032235, -0.000345545326127, 0.0101941376925, -0.0090279430151, 0.0075568985194, -0.0088902246207, 0.00855582300574, -0.00813017040491], [0.000242951602559, -0.00153668399435, -0.00194080313668, 0.00975735578686, -0.011088937521, 0.00857119355351, -0.00414287904277, -0.0090279430151, 0.0268483925611, -0.0233222208917, 0.0208539701998, -0.0198284704238, 0.0143270762637], [-0.000473014981253, 0.00222997157834, 0.00319738336839, -0.0120182596147, 0.0149069670588, -0.00884184613824, 0.00445434218273, 0.0075568985194, -0.0233222208917, 0.0382930412889, -0.032258991152, 0.0252928305417, -0.017315229401], [0.000571213429794, -0.00350271211937, -0.00259542139247, 0.0140378195792, -0.0167353115976, 0.0085417078808, -0.00292566325516, -0.0088902246207, 0.0208539701998, -0.032258991152, 0.0473269671202, -0.0349476113915, 0.0173926781863], [-0.00079831876792, 0.00549379782751, -0.00206268113106, -0.0099234348163, 0.0137486448511, -0.00609832629561, -0.00191968411673, 0.00855582300574, -0.0198284704238, 0.0252928305417, -0.0349476113915, 0.0430734157562, -0.0205571819097], [0.000502862210851, -0.00412384141237, 0.00240209768526, 0.00549860112369, -0.00857791956514, 0.00459140446037, 0.00245390227064, -0.00813017040491, 0.0143270762637, -0.017315229401, 0.0173926781863, -0.0205571819097, 0.0265983585268]], "mean": [7.59457206726, 92.0198745728, -95.6842041016, -8.43479728699, -8.89332962036, 1.30271136761, 6.05641937256, -21.2707653046, -0.596704781055, -2.68572020531, -0.13417981565, 0.508177101612, -11.4903268814], "cov": [[15159.0439453, -201.743545532, -1464.65393066, 223.83442688, 122.361862183, -724.886169434, 443.817962646, -204.354095459, 272.959869385, 148.855331421, -46.4038314819, 184.578643799, -47.8155822754], [-201.743545532, 1075.86547852, 34.1219329834, -290.047241211, 141.78717041, 48.1935119629, -77.5800704956, -0.585241615772, -24.6279315948, -3.55692720413, 57.4982261658, -148.114959717, 130.759933472], [-1464.65393066, 34.1219329834, 496.95010376, 158.416641235, -59.7120513916, 187.229263306, -94.4934692383, 116.711616516, -50.3177986145, -10.3495483398, -2.42913913727, 21.6330947876, -13.1579790115], [223.83442688, -290.047241211, 158.416641235, 415.982940674, 54.5733070374, -14.945725441, 47.897480011, 44.7470855713, -12.3870134354, -5.11359500885, -43.8071708679, 60.2063026428, -41.5434570312], [122.361862183, 141.78717041, -59.7120513916, 54.5733070374, 242.066589355, 37.17552948, 54.0779647827, -21.0833911896, 1.4371663332, -25.579826355, 20.5202045441, -29.4416236877, 20.3964138031], [-724.886169434, 48.1935119629, 187.229263306, -14.945725441, 37.17552948, 266.295349121, -33.0564193726, 41.1006126404, -54.260887146, -9.21209526062, 6.41431808472, -13.2999200821, -2.25170302391], [443.817962646, -77.5800704956, -94.4934692383, 47.897480011, 54.0779647827, -33.0564193726, 169.502243042, -3.30910420418, 46.3963165283, -13.0479154587, 12.5599441528, 36.3042678833, -28.9294681549], [-204.354095459, -0.585241615772, 116.711616516, 44.7470855713, -21.0833911896, 41.1006126404, -3.30910420418, 189.281616211, 41.0528869629, 19.3942470551, 16.8658752441, 18.8133525848, 22.2741203308], [272.959869385, -24.6279315948, -50.3177986145, -12.3870134354, 1.4371663332, -54.260887146, 46.3963165283, 41.0528869629, 127.426147461, 47.4270629883, 18.5519065857, 29.3154182434, -11.0129146576], [148.855331421, -3.55692720413, -10.3495483398, -5.11359500885, -25.579826355, -9.21209526062, -13.0479154587, 19.3942470551, 47.4270629883, 97.9172439575, 41.1614265442, 10.5383424759, 18.5247364044], [-46.4038314819, 57.4982261658, -2.42913913727, -43.8071708679, 20.5202045441, 6.41431808472, 12.5599441528, 16.8658752441, 18.5519065857, 41.1614265442, 92.6298751831, 40.3073501587, 15.9589519501], [184.578643799, -148.114959717, 21.6330947876, 60.2063026428, -29.4416236877, -13.2999200821, 36.3042678833, 18.8133525848, 29.3154182434, 10.5383424759, 40.3073501587, 106.493515015, 1.36752593517], [-47.8155822754, 130.759933472, -13.1579790115, -41.5434570312, 20.3964138031, -2.25170302391, -28.9294681549, 22.2741203308, -11.0129146576, 18.5247364044, 15.9589519501, 1.36752593517, 93.6065979004]]}, "spectral_skewness": {"mean": 2.92730212212, "dvar": 0.30041205883, "min": -0.0642672330141, "dmean": 0.412643581629, "dmean2": 0.608231723309, "dvar2": 0.698884606361, "max": 8.99629211426, "median": 2.76065707207, "var": 0.961521863937}, "spectral_energyband_low": {"mean": 0.0268979687244, "dvar": 0.000795943837147, "min": 1.99112294787e-23, "dmean": 0.0186043102294, "dmean2": 0.0305109750479, "dvar2": 0.00199679867364, "max": 0.278239488602, "median": 0.0165141746402, "var": 0.00101863942109}, "spectral_energyband_middle_low": {"mean": 0.0108173107728, "dvar": 6.39845748083e-05, "min": 2.1051850088e-22, "dmean": 0.00538277439773, "dmean2": 0.00841559749097, "dvar2": 0.000155056259246, "max": 0.113325692713, "median": 0.00659460481256, "var": 0.000141574273584}, "mfcc": {"icov": [[0.000212147599086, -8.40953725856e-05, 0.000338291138178, -0.000282049120869, 0.000208745768759, -0.000268570467597, 0.000412762601627, -0.000264772272203, 5.17142834724e-05, 3.24155298586e-05, -0.000300370680634, 0.000127876133774, -0.000285214046016], [-8.40953725856e-05, 0.00117823167238, 0.000156828871695, 0.000727227481548, -0.000689154549036, 0.000357999379048, -0.000772455125116, 0.000775505788624, -0.000312010204652, -0.000323287589708, 0.000384731160011, -0.000241529807681, -0.000201615126571], [0.000338291138178, 0.000156828871695, 0.00258397264406, -4.12131157645e-05, -0.000859310035594, 0.000159178001923, 0.000477720983326, -0.00091940513812, 0.000487015262479, -0.000201262213523, -6.2091035943e-05, 0.000167370395502, -0.000518388289493], [-0.000282049120869, 0.000727227481548, -4.12131157645e-05, 0.00342590059154, -0.000832734280266, 0.000195994376554, -3.63289427696e-06, -0.000664480729029, -0.000168911094079, -0.000446271384135, 0.000523879891261, -3.07437512674e-05, 0.000260955421254], [0.000208745768759, -0.000689154549036, -0.000859310035594, -0.000832734280266, 0.00687488820404, -0.00138695025817, -0.00193419773132, 0.000221739683184, -0.00178361404687, 0.000749487138819, -0.00205467222258, 0.00181806634646, -0.000562716159038], [-0.000268570467597, 0.000357999379048, 0.000159178001923, 0.000195994376554, -0.00138695025817, 0.00779345305637, -0.00363025977276, 0.000758873240557, 0.00183338520583, -0.00188664649613, 0.00361304567195, -0.00437155459076, 0.00389275839552], [0.000412762601627, -0.000772455125116, 0.000477720983326, -3.63289427696e-06, -0.00193419773132, -0.00363025977276, 0.0122394831851, -0.00371129787527, -0.000602442247327, 0.00520472927019, -0.00521784601733, 0.0042149736546, -0.0021188352257], [-0.000264772272203, 0.000775505788624, -0.00091940513812, -0.000664480729029, 0.000221739683184, 0.000758873240557, -0.00371129787527, 0.00825247727334, -0.000685997481924, -0.00318886851892, 0.00192836776841, -0.00255415891297, 0.00167253077962], [5.17142834724e-05, -0.000312010204652, 0.000487015262479, -0.000168911094079, -0.00178361404687, 0.00183338520583, -0.000602442247327, -0.000685997481924, 0.0131544144824, -0.0046064844355, 0.000704808917362, 0.00291999615729, -0.00307782669552], [3.24155298586e-05, -0.000323287589708, -0.000201262213523, -0.000446271384135, 0.000749487138819, -0.00188664649613, 0.00520472927019, -0.00318886851892, -0.0046064844355, 0.0206406228244, -0.00989039707929, -0.000428792176535, 0.00269312062301], [-0.000300370680634, 0.000384731160011, -6.2091035943e-05, 0.000523879891261, -0.00205467222258, 0.00361304567195, -0.00521784601733, 0.00192836776841, 0.000704808917362, -0.00989039707929, 0.0229279398918, -0.0092357210815, 7.82190763857e-05], [0.000127876133774, -0.000241529807681, 0.000167370395502, -3.07437512674e-05, 0.00181806634646, -0.00437155459076, 0.0042149736546, -0.00255415891297, 0.00291999615729, -0.000428792176535, -0.0092357210815, 0.0269337855279, -0.0118230618536], [-0.000285214046016, -0.000201615126571, -0.000518388289493, 0.000260955421254, -0.000562716159038, 0.00389275839552, -0.0021188352257, 0.00167253077962, -0.00307782669552, 0.00269312062301, 7.82190763857e-05, -0.0118230618536, 0.0223731156439]], "mean": [-653.017272949, 157.589431763, -21.5268287659, 15.9156389236, -1.36566245556, 31.8255119324, 6.99083995819, 9.37741470337, -3.26630067825, 6.60621213913, 2.45809841156, 10.2811841965, 2.41052603722], "cov": [[8917.59667969, -214.325744629, -1171.52111816, 675.910400391, -465.137298584, 142.998748779, -325.683929443, 148.69758606, -52.8053131104, 137.412475586, 65.4586639404, 133.429351807, 44.6600723267], [-214.325744629, 1270.17687988, -73.1831054688, -284.700805664, 143.162918091, -27.5462989807, 94.2933502197, -137.68409729, 52.9006195068, -26.4908905029, 14.2422780991, -12.3035888672, 41.8699493408], [-1171.52111816, -73.1831054688, 589.764648438, -37.8664855957, 108.116188049, -22.9321899414, 41.9728813171, 45.2590332031, 4.43415641785, -2.70352625847, 1.24278664589, -12.0253686905, 0.389697104692], [675.910400391, -284.700805664, -37.8664855957, 422.797119141, -13.7992277145, 18.9846305847, -26.7496700287, 79.3838119507, 1.05847656727, 26.8474674225, 0.959102809429, 6.19125652313, -11.6935119629], [-465.137298584, 143.162918091, 108.116188049, -13.7992277145, 235.044677734, 27.5886440277, 85.5255050659, 1.20699667931, 33.7905426025, -9.5617685318, 15.2693090439, -19.2349529266, 2.72883367538], [142.998748779, -27.5462989807, -22.9321899414, 18.9846305847, 27.5886440277, 190.212783813, 46.3489761353, 17.1052856445, -28.2438983917, -1.69413161278, -12.5106134415, 9.46440696716, -27.1053905487], [-325.683929443, 94.2933502197, 41.9728813171, -26.7496700287, 85.5255050659, 46.3489761353, 154.082794189, 30.1143093109, 9.78883361816, -24.1405963898, 11.155714035, -14.6371507645, 0.888724505901], [148.69758606, -137.68409729, 45.2590332031, 79.3838119507, 1.20699667931, 17.1052856445, 30.1143093109, 177.292190552, 8.86928081512, 28.5183544159, 8.47027206421, 11.143445015, -8.9235458374], [-52.8053131104, 52.9006195068, 4.43415641785, 1.05847656727, 33.7905426025, -28.2438983917, 9.78883361816, 8.86928081512, 98.3477478027, 21.0337734222, 10.0599040985, -8.23305892944, 12.5337514877], [137.412475586, -26.4908905029, -2.70352625847, 26.8474674225, -9.5617685318, -1.69413161278, -24.1405963898, 28.5183544159, 21.0337734222, 80.3619308472, 33.4857940674, 15.6866464615, -1.83394408226], [65.4586639404, 14.2422780991, 1.24278664589, 0.959102809429, 15.2693090439, -12.5106134415, 11.155714035, 8.47027206421, 10.0599040985, 33.4857940674, 74.6377792358, 27.7417831421, 15.7168388367], [133.429351807, -12.3035888672, -12.0253686905, 6.19125652313, -19.2349529266, 9.46440696716, -14.6371507645, 11.143445015, -8.23305892944, 15.6866464615, 27.7417831421, 65.8426818848, 28.5661678314], [44.6600723267, 41.8699493408, 0.389697104692, -11.6935119629, 2.72883367538, -27.1053905487, 0.888724505901, -8.9235458374, 12.5337514877, -1.83394408226, 15.7168388367, 28.5661678314, 68.3104248047]]}, "silence_rate_20dB": {"mean": 1, "dvar": 0, "min": 1, "dmean": 0, "dmean2": 0, "dvar2": 0, "max": 1, "median": 1, "var": 0}, "dynamic_complexity": 3.24307107925, "silence_rate_60dB": {"mean": 0.0554323717952, "dvar": 0.0186169538647, "min": 0, "dmean": 0.0189725272357, "dmean2": 0.0379497297108, "dvar2": 0.043897151947, "max": 1, "median": 0, "var": 0.052366502583}, "dissonance": {"mean": 0.469672948122, "dvar": 0.000503079383634, "min": 0.147941976786, "dmean": 0.0207153726369, "dmean2": 0.035515177995, "dvar2": 0.00135856831912, "max": 0.500000119209, "median": 0.478350549936, "var": 0.000812485406641}, "barkbands": {"mean": [0.00587805919349, 0.0187105890363, 0.00280097965151, 0.00189564819448, 0.00191100151278, 0.00243799970485, 0.00169784610625, 0.00144923664629, 0.00118415150791, 0.00110007461626, 0.00142664671876, 0.00339241256006, 0.00236041471362, 0.00148700131103, 0.000619477010332, 0.000372668320779, 0.000244007707806, 0.000198302019271, 0.000167075049831, 0.000125726190163, 0.000129459280288, 9.52110713115e-05, 4.85294622194e-05, 1.62877186085e-05, 2.95217728308e-06, 4.44750876341e-05, 0.000778546091169], "dvar": [6.82355967001e-05, 0.000582474749535, 1.58000693773e-05, 9.07688172447e-06, 1.05631379483e-05, 1.99347487069e-05, 1.40010915857e-05, 1.30350772451e-05, 4.04262846132e-06, 3.15973352372e-06, 2.91599235425e-06, 7.71295344748e-06, 5.78828257858e-06, 2.48804894909e-06, 2.44855925757e-07, 9.87646586736e-08, 4.48679990939e-08, 3.07771230723e-08, 1.48409444733e-08, 1.21120580232e-08, 3.98756085929e-08, 4.21367865044e-08, 3.77245834571e-09, 2.73806088913e-10, 2.39952745174e-11, 2.09530393036e-09, 7.61753682355e-08], "min": [7.56211431468e-25, 3.42166287715e-24, 4.8725173158e-24, 2.05838284582e-24, 1.41268295828e-23, 5.11006621133e-24, 9.86215996565e-24, 9.94934723948e-24, 3.58659397091e-23, 3.5206385728e-23, 1.7945132512e-23, 3.21667342663e-23, 3.78549578183e-23, 3.89921260567e-23, 4.2036952446e-23, 7.48182314456e-23, 7.10887242776e-23, 1.0996203526e-22, 1.62647947284e-22, 1.38733420683e-22, 2.90518967872e-22, 3.53974560434e-22, 3.7979553034e-22, 6.59750552597e-22, 9.60328115477e-22, 1.28534395811e-21, 2.05530673478e-21], "dmean": [0.00476369075477, 0.0147882541642, 0.00234515010379, 0.00147726817522, 0.00145802996121, 0.00181665713899, 0.00127036566846, 0.00112777308095, 0.000830861274153, 0.000781432085205, 0.000930914131459, 0.00175628962461, 0.00138698786031, 0.000883558124769, 0.000338865764206, 0.000210753307329, 0.000137751078, 0.000106947445602, 8.06884272606e-05, 5.84476474614e-05, 6.6634878749e-05, 5.71876080357e-05, 2.83040462818e-05, 9.97601637209e-06, 2.98680765809e-06, 2.4631000997e-05, 0.000225056690397], "dmean2": [0.00787859130651, 0.0249499455094, 0.00386289204471, 0.00238948245533, 0.00240842672065, 0.00283849448897, 0.00201111682691, 0.00178879010491, 0.0013605884742, 0.00126693968195, 0.00149277644232, 0.00275769876316, 0.00221385597251, 0.00142224295996, 0.000553179590497, 0.000339035177603, 0.000227667303989, 0.000174732485902, 0.00012778963719, 8.96801429917e-05, 9.68054300756e-05, 8.14525628812e-05, 3.98183510697e-05, 1.41549344335e-05, 4.94328514833e-06, 3.33953030349e-05, 0.000311355572194], "dvar2": [0.000168504600879, 0.0015267347917, 3.85043604183e-05, 2.06099812203e-05, 2.70233304036e-05, 4.6224489779e-05, 3.40573533322e-05, 3.28900569002e-05, 1.05973194877e-05, 7.81455673859e-06, 7.27532960809e-06, 1.80817132787e-05, 1.47105183714e-05, 6.56035626889e-06, 6.24282733952e-07, 2.50251815714e-07, 1.18062729371e-07, 8.15396674625e-08, 3.67817953872e-08, 2.94017432623e-08, 8.55675352796e-08, 9.81503305297e-08, 7.60784679699e-09, 5.12994202673e-10, 5.96597354852e-11, 3.82260445519e-09, 1.39765262475e-07], "max": [0.107982397079, 0.239688828588, 0.0455753803253, 0.0710261389613, 0.0734339430928, 0.0834459811449, 0.0920044481754, 0.100151397288, 0.0487709343433, 0.033239133656, 0.0324350073934, 0.0639067441225, 0.0456545315683, 0.0331374183297, 0.0132062453777, 0.00574271474034, 0.00294715980999, 0.00251076882705, 0.00444282218814, 0.0035262524616, 0.00686016120017, 0.00943480897695, 0.00160257087555, 0.00022316823015, 6.32882656646e-05, 0.000697038485669, 0.00588148273528], "median": [0.00281675951555, 0.0092830657959, 0.00119095458649, 0.000681231031194, 0.000950932269916, 0.000592243217397, 0.000533174257725, 0.000393775117118, 0.000525724783074, 0.000459006201709, 0.00068150163861, 0.0016229194589, 0.00128141709138, 0.00082706194371, 0.000443621538579, 0.00024846571614, 0.000164538796525, 0.00012048388453, 0.000114006965305, 8.37267725728e-05, 7.55781147745e-05, 3.90014247387e-05, 1.82254734682e-05, 6.76290801493e-06, 1.11039867079e-06, 1.65140700119e-05, 0.000638753874227], "var": [7.93909639469e-05, 0.000664555933326, 1.97704775928e-05, 1.62599571922e-05, 1.09979919216e-05, 3.27197012666e-05, 1.94264121092e-05, 1.80028928298e-05, 6.01034889769e-06, 4.72078727398e-06, 5.0256785471e-06, 2.64051686827e-05, 1.11883618956e-05, 4.43582302978e-06, 4.71401989444e-07, 1.79300513992e-07, 7.75570399014e-08, 6.25178273594e-08, 3.9184076428e-08, 2.655081488e-08, 6.50717097983e-08, 5.57998163231e-08, 7.00187330338e-09, 5.79526537869e-10, 2.51728447115e-11, 4.79752459981e-09, 5.07821823703e-07]}, "spectral_complexity": {"mean": 22.0240211487, "dvar": 13.1322450638, "min": 0, "dmean": 3.75409626961, "dmean2": 5.5943813324, "dvar2": 26.0457954407, "max": 57, "median": 23, "var": 101.188919067}, "spectral_energyband_high": {"mean": 0.000852836179547, "dvar": 3.43598884456e-07, "min": 7.27328845846e-21, "dmean": 0.000306152680423, "dmean2": 0.000393933063606, "dvar2": 6.70373992762e-07, "max": 0.0205856375396, "median": 0.000575733371079, "var": 9.91700972008e-07}, "hfc": {"mean": 118.154335022, "dvar": 1206.00134277, "min": 1.10260290447e-16, "dmean": 26.6804275513, "dmean2": 39.8724861145, "dvar2": 2805.84472656, "max": 1323.1817627, "median": 114.703720093, "var": 6999.43457031}, "melbands_kurtosis": {"mean": 12.3496170044, "dvar": 499.893981934, "min": -1.92908811569, "dmean": 9.51253032684, "dmean2": 15.7061891556, "dvar2": 1201.19787598, "max": 807.077941895, "median": 3.12228870392, "var": 1053.45947266}, "spectral_strongpeak": {"mean": 1.46867620945, "dvar": 51.2337532043, "min": 0, "dmean": 1.58253419399, "dmean2": 2.93576288223, "dvar2": 149.963394165, "max": 142.463943481, "median": 0.293132275343, "var": 36.4236221313}, "silence_rate_30dB": {"mean": 0.909830033779, "dvar": 0.0814392343163, "min": 0, "dmean": 0.0894419103861, "dmean2": 0.17890585959, "dvar2": 0.176952943206, "max": 1, "median": 1, "var": 0.082035459578}, "melbands_spread": {"mean": 23.8045120239, "dvar": 75.5894088745, "min": 0.230368077755, "dmean": 7.6027970314, "dmean2": 12.0470752716, "dvar2": 169.744003296, "max": 273.050384521, "median": 21.931678772, "var": 319.011138916}, "melbands_crest": {"mean": 17.7133159637, "dvar": 19.1768989563, "min": 1.00156068802, "dmean": 5.11730623245, "dmean2": 8.46873569489, "dvar2": 49.2813568115, "max": 36.8748397827, "median": 16.9646854401, "var": 49.4375839233}, "average_loudness": 0.883599579334, "spectral_flux": {"mean": 0.130382627249, "dvar": 0.00206233258359, "min": 6.42495570635e-11, "dmean": 0.0402155667543, "dmean2": 0.0644999295473, "dvar2": 0.00459191901609, "max": 0.417433649302, "median": 0.123534813523, "var": 0.00424729799852}, "spectral_rolloff": {"mean": 5600.87109375, "dvar": 42011828, "min": 21.533203125, "dmean": 3471.25390625, "dmean2": 6531.78759766, "dvar2": 102821016, "max": 22028.4667969, "median": 1550.390625, "var": 61711644}, "melbands": {"mean": [0.00649261428043, 0.00270083919168, 0.000965080456808, 0.000470572413178, 0.000257700856309, 0.000534246792085, 0.000380041106837, 0.000303575128783, 0.000259991502389, 0.000161847099662, 0.000136938004289, 0.000180535338586, 0.000241876652581, 0.000412022229284, 0.00025244045537, 0.000227254844503, 0.000159836621606, 7.81827329774e-05, 4.39024624939e-05, 2.77596391243e-05, 2.20543006435e-05, 1.53704659169e-05, 9.56499752647e-06, 9.7591919257e-06, 7.87933004176e-06, 5.76570846533e-06, 4.51677988167e-06, 3.72568365492e-06, 3.27679754264e-06, 3.19914715874e-06, 2.80751532955e-06, 2.12539157474e-06, 1.53937310188e-06, 1.09273446469e-06, 7.7553573874e-07, 5.02669536218e-07, 2.67980908575e-07, 1.43079617487e-07, 5.95319242791e-08, 2.6712282164e-08], "dvar": [6.71094239806e-05, 1.22532492242e-05, 1.43501313232e-06, 6.7278745064e-07, 2.37274292658e-07, 1.02443175365e-06, 6.73393515171e-07, 5.13912084443e-07, 3.09243688434e-07, 6.79146268112e-08, 6.77786431424e-08, 6.12006161305e-08, 5.94737663562e-08, 1.23614313452e-07, 6.20099243065e-08, 5.4703384933e-08, 2.69874949055e-08, 6.07040462342e-09, 1.21620591376e-09, 5.6274157556e-10, 4.09881434349e-10, 1.95659224933e-10, 7.61095284019e-11, 9.82127920657e-11, 4.59861315694e-11, 1.91174749642e-11, 1.48265913436e-11, 1.05482705903e-11, 2.17831690186e-11, 2.31020914204e-11, 4.19160157972e-11, 2.60844540412e-11, 7.95274002902e-12, 2.70623410834e-12, 9.63593788095e-13, 3.9597974422e-13, 8.73299506711e-14, 2.04339244635e-14, 4.07935641376e-15, 2.03903933228e-15], "min": [2.3018529313e-24, 2.87577073631e-24, 2.14609372607e-24, 2.03765966705e-24, 2.18515220164e-24, 8.74280538975e-25, 1.52229506273e-24, 2.13532498585e-24, 2.91756360099e-24, 4.77448044352e-24, 4.23446097768e-24, 5.52461380032e-24, 5.51684273154e-24, 3.2494695299e-24, 3.78602668522e-24, 3.9004272937e-24, 3.83904642109e-24, 3.0589791456e-24, 4.64357607604e-24, 3.57115951287e-24, 5.17785697322e-24, 4.27512399633e-24, 6.00877284216e-24, 4.63007196064e-24, 4.4497434853e-24, 6.32425646196e-24, 4.86886488981e-24, 3.71017810361e-24, 5.80915198452e-24, 6.63314244358e-24, 4.93629514227e-24, 6.67140456406e-24, 6.35258406264e-24, 6.13452476463e-24, 4.61847452204e-24, 7.26460903213e-24, 5.53095979187e-24, 6.78431974745e-24, 7.01039544998e-24, 7.19168673005e-24], "dmean": [0.0049849729985, 0.0021322008688, 0.000662853592075, 0.000361026759492, 0.000191116385395, 0.000401239667553, 0.000281602755422, 0.000220303074457, 0.000188322082977, 0.000111962668598, 9.79532414931e-05, 0.000118520314572, 0.000137797993375, 0.000215079970076, 0.000149370724102, 0.000132819463033, 9.37819640967e-05, 4.45126133855e-05, 2.4181264962e-05, 1.60213730851e-05, 1.26353979795e-05, 8.91848867468e-06, 5.46255705558e-06, 5.6068251979e-06, 4.09266021961e-06, 2.92595768769e-06, 2.3015898023e-06, 1.86008685432e-06, 1.73073919996e-06, 1.76432001808e-06, 1.72408090293e-06, 1.37619201723e-06, 9.32092348194e-07, 6.59070281017e-07, 4.70885709092e-07, 3.14356043418e-07, 1.67539354834e-07, 9.14007642905e-08, 4.49529267144e-08, 2.74027840419e-08], "dmean2": [0.00840746145695, 0.00348171568476, 0.00106371985748, 0.000596664554905, 0.000304098968627, 0.000624519423582, 0.000442089192802, 0.000349743582774, 0.000303093605908, 0.000184006174095, 0.000157199290697, 0.000193040265003, 0.000219334600843, 0.000336754019372, 0.000237428263063, 0.000212150407606, 0.000150644613313, 7.2114962677e-05, 3.9596849092e-05, 2.58937070612e-05, 2.05052583624e-05, 1.47560385813e-05, 9.04321950657e-06, 9.19238937058e-06, 6.61018248138e-06, 4.63611877421e-06, 3.61181901098e-06, 2.87788611786e-06, 2.61506170318e-06, 2.68642975243e-06, 2.58931095232e-06, 2.02530668503e-06, 1.36275252771e-06, 9.51952358719e-07, 6.79801587466e-07, 4.53325611716e-07, 2.41015243319e-07, 1.33354390641e-07, 7.07203398065e-08, 4.53957333946e-08], "dvar2": [0.000174600427272, 2.94914079859e-05, 3.28372016156e-06, 1.72255477082e-06, 5.4531085425e-07, 2.4037105959e-06, 1.6503115603e-06, 1.20032007089e-06, 8.24212975203e-07, 1.75965993776e-07, 1.60418835549e-07, 1.6080774401e-07, 1.4918570912e-07, 2.80866430558e-07, 1.54390548346e-07, 1.42046701512e-07, 7.05006684143e-08, 1.47819996243e-08, 3.16066195438e-09, 1.41585498881e-09, 1.05344133416e-09, 5.08379116582e-10, 2.11831829855e-10, 2.60851146239e-10, 1.15740778073e-10, 4.8653806678e-11, 3.78074689611e-11, 2.48288160865e-11, 5.03424905929e-11, 5.0355074277e-11, 9.87294690447e-11, 6.07159808541e-11, 1.83849758334e-11, 5.78247649416e-12, 2.00067414892e-12, 8.1426234028e-13, 1.69305243653e-13, 4.04982884521e-14, 9.21909219836e-15, 5.06953199987e-15], "max": [0.0848785638809, 0.0473874695599, 0.0246825143695, 0.0186706110835, 0.0125068323687, 0.0202860794961, 0.0219354573637, 0.018550246954, 0.0203073453158, 0.00557644525543, 0.0060940105468, 0.0050953454338, 0.00460775755346, 0.00931313447654, 0.00553850689903, 0.00401642080396, 0.00304801226594, 0.00151611398906, 0.00082799087977, 0.00033580759191, 0.000534299586434, 0.000246928684646, 0.000130023268866, 0.000168561731698, 0.000236838110141, 0.000131370339659, 0.000103544865851, 8.92399912118e-05, 0.000188163758139, 0.000181430325028, 0.000254850339843, 0.000224411123781, 0.000103394049802, 5.9373309341e-05, 1.97418848984e-05, 1.36418393595e-05, 4.25481084676e-06, 2.00918088922e-06, 7.09585322056e-07, 5.80119490223e-07], "median": [0.00351456925273, 0.00133192993235, 0.000448680541012, 0.000222671107622, 0.000109131280624, 0.000124556710944, 0.000113311456516, 9.20879465411e-05, 9.05285269255e-05, 7.28142695152e-05, 5.44214562979e-05, 8.83705797605e-05, 0.00013105267135, 0.000181641371455, 0.000144528021337, 0.000122108118376, 8.63043314894e-05, 4.79605587316e-05, 3.10015202558e-05, 1.86668839888e-05, 1.46674701682e-05, 1.00772367659e-05, 6.38170331513e-06, 5.31368823431e-06, 4.60153478343e-06, 3.9910655687e-06, 3.12172414851e-06, 2.36079699789e-06, 1.94906670004e-06, 1.85086878446e-06, 1.33047478812e-06, 8.32339310364e-07, 6.10756387687e-07, 4.15750463389e-07, 2.978267446e-07, 1.78552653551e-07, 1.01912689843e-07, 6.58335679304e-08, 2.9501372012e-08, 9.6966168428e-09], "var": [7.79440015322e-05, 1.51781396198e-05, 2.72428269454e-06, 7.0432594157e-07, 3.56318736294e-07, 1.6282449451e-06, 9.11727283892e-07, 7.5587433912e-07, 4.32352095459e-07, 1.05623968238e-07, 9.73895666334e-08, 9.37056867656e-08, 1.14180487287e-07, 4.72585952593e-07, 1.16177247378e-07, 1.03461509582e-07, 4.98930603499e-08, 1.18812240046e-08, 2.32018981805e-09, 1.01522024121e-09, 6.71765143512e-10, 3.30389271497e-10, 1.17469672878e-10, 1.90641141762e-10, 1.16099990732e-10, 4.46164598322e-11, 2.96120003518e-11, 2.39274381558e-11, 3.75480341264e-11, 3.75307319944e-11, 5.06318285909e-11, 3.38346538287e-11, 1.15149669314e-11, 4.4654948142e-12, 1.72787717294e-12, 7.13884084225e-13, 1.76308647586e-13, 4.07456525659e-14, 6.13616713254e-15, 2.12956470797e-15]}, "spectral_energy": {"mean": 0.0542825162411, "dvar": 0.000837703526486, "min": 9.96045091741e-21, "dmean": 0.0222578160465, "dmean2": 0.034753035754, "dvar2": 0.0020151194185, "max": 0.315871328115, "median": 0.0483431071043, "var": 0.00158019643277}, "spectral_decrease": {"mean": -1.15429061864e-08, "dvar": 5.79473635713e-17, "min": -7.99773118842e-08, "dmean": 5.72222402795e-09, "dmean2": 9.05171582133e-09, "dvar2": 1.4087094943e-16, "max": 4.22732959748e-09, "median": -9.35787447531e-09, "var": 9.51987211562e-17}, "erbbands_spread": {"mean": 23.7503433228, "dvar": 42.1382293701, "min": 1.68794310093, "dmean": 6.42569971085, "dmean2": 9.74811553955, "dvar2": 93.659538269, "max": 149.513824463, "median": 20.7602500916, "var": 184.217712402}, "spectral_contrast_coeffs": {"mean": [-0.718353867531, -0.770887672901, -0.777604520321, -0.783954799175, -0.822842001915, -0.72892677784], "dvar": [0.00192855601199, 0.00182604743168, 0.00110624684021, 0.000708213017788, 0.000455320521723, 0.0010649394244], "min": [-0.978071570396, -0.996467530727, -0.996010541916, -0.987317204475, -0.988109230995, -0.963825464249], "dmean": [0.0546465702355, 0.0522207431495, 0.0421366132796, 0.0332685783505, 0.0231896769255, 0.0353488586843], "dmean2": [0.0902935117483, 0.0861527174711, 0.0690079927444, 0.054373268038, 0.0381813421845, 0.0546185895801], "dvar2": [0.0051364954561, 0.00480857025832, 0.00297558959574, 0.00188003235962, 0.00115881254897, 0.00245500728488], "max": [-0.370598584414, -0.415116727352, -0.507813572884, -0.582009553909, -0.624561488628, -0.463794499636], "median": [-0.726864814758, -0.783973395824, -0.780543148518, -0.785119175911, -0.816478729248, -0.71461379528], "var": [0.00606809183955, 0.00599164236337, 0.00337001984008, 0.00245853280649, 0.00178148702253, 0.00541970087215]}, "spectral_energyband_middle_high": {"mean": 0.0113235339522, "dvar": 2.11353890336e-05, "min": 1.29333485402e-21, "dmean": 0.00373756769113, "dmean2": 0.0055435243994, "dvar2": 4.99494271935e-05, "max": 0.0733018890023, "median": 0.00936038605869, "var": 9.83406062005e-05}, "erbbands_crest": {"mean": 10.0239515305, "dvar": 7.22993564606, "min": 2.50955295563, "dmean": 2.92122125626, "dmean2": 4.72069406509, "dvar2": 17.9609889984, "max": 30.6844139099, "median": 9.16452312469, "var": 18.6291427612}, "barkbands_crest": {"mean": 10.7846908569, "dvar": 8.63230514526, "min": 2.93581151962, "dmean": 3.34110307693, "dmean2": 5.55302667618, "dvar2": 22.5024337769, "max": 25.3285369873, "median": 9.90529918671, "var": 20.3215732574}, "pitch_salience": {"mean": 0.505577802658, "dvar": 0.00674583856016, "min": 0.0610628500581, "dmean": 0.0921974405646, "dmean2": 0.151944160461, "dvar2": 0.0176613759249, "max": 0.996036112309, "median": 0.520634293556, "var": 0.0162661001086}, "melbands_skewness": {"mean": 2.30268144608, "dvar": 1.37928807735, "min": -2.26808404922, "dmean": 1.03889727592, "dmean2": 1.63826274872, "dvar2": 3.33234357834, "max": 22.2966823578, "median": 1.80008721352, "var": 4.67040061951}, "spectral_spread": {"mean": 4073694.25, "dvar": 361956245504, "min": 1294160.25, "dmean": 504428.875, "dmean2": 766431.5, "dvar2": 788620247040, "max": 42249148, "median": 3815040.5, "var": 5824516194300.0}, "spectral_entropy": {"mean": 7.549908638, "dvar": 0.0383721850812, "min": 5.81693553925, "dmean": 0.177612930536, "dmean2": 0.264665126801, "dvar2": 0.0834037587047, "max": 9.81723213196, "median": 7.62021160126, "var": 0.168472886086}, "erbbands_flatness_db": {"mean": 0.156872406602, "dvar": 0.000500214286149, "min": 0.0512741319835, "dmean": 0.0240659285337, "dmean2": 0.0359200313687, "dvar2": 0.00107567571104, "max": 0.349777668715, "median": 0.151392698288, "var": 0.0023443326354}, "spectral_kurtosis": {"mean": 18.6985588074, "dvar": 70.924331665, "min": -1.24850428104, "dmean": 5.29535865784, "dmean2": 8.06007957458, "dvar2": 173.770721436, "max": 134.122253418, "median": 15.9903974533, "var": 155.152679443}, "erbbands_skewness": {"mean": -0.11650262773, "dvar": 0.154567211866, "min": -4.3452911377, "dmean": 0.41339674592, "dmean2": 0.629676163197, "dvar2": 0.349773615599, "max": 5.12097024918, "median": -0.101354941726, "var": 0.638451516628}, "erbbands_kurtosis": {"mean": 2.11762189865, "dvar": 5.03558588028, "min": -1.68939125538, "dmean": 1.57946050167, "dmean2": 2.49058294296, "dvar2": 12.2010250092, "max": 43.1644096375, "median": 1.11625385284, "var": 12.7767887115}, "barkbands_spread": {"mean": 26.7997531891, "dvar": 56.681137085, "min": 0.21249255538, "dmean": 7.17446660995, "dmean2": 11.0337839127, "dvar2": 124.199867249, "max": 120.9270401, "median": 25.1577396393, "var": 231.90536499}, "zerocrossingrate": {"mean": 0.195440128446, "dvar": 0.000834737671539, "min": 0.00634765625, "dmean": 0.032545145601, "dmean2": 0.0409540198743, "dvar2": 0.00131599954329, "max": 0.537109375, "median": 0.1884765625, "var": 0.00636139186099}, "spectral_centroid": {"mean": 1212.59277344, "dvar": 65506.2265625, "min": 120.311805725, "dmean": 212.812896729, "dmean2": 316.306091309, "dvar2": 131409.921875, "max": 11640.8271484, "median": 1139.38891602, "var": 588981.125}, "barkbands_skewness": {"mean": 1.81298005581, "dvar": 0.81722086668, "min": -2.97422409058, "dmean": 0.778092086315, "dmean2": 1.22635376453, "dvar2": 1.97885537148, "max": 13.8191547394, "median": 1.41910624504, "var": 2.83791542053}, "melbands_flatness_db": {"mean": 0.245225459337, "dvar": 0.00125343329273, "min": -6.90292125682e-08, "dmean": 0.0378867946565, "dmean2": 0.0592007264495, "dvar2": 0.00301009626128, "max": 0.647231996059, "median": 0.236511647701, "var": 0.00538729550317}, "spectral_contrast_valleys": {"mean": [-6.83922672272, -6.59806346893, -6.78144264221, -7.11218976974, -7.71560287476, -10.9727258682], "dvar": [0.144922569394, 0.116189323366, 0.087676987052, 0.104048058391, 0.167454496026, 0.240753099322], "min": [-28.3133277893, -27.8115501404, -27.7106513977, -27.4450969696, -27.4651489258, -27.4236793518], "dmean": [0.444373220205, 0.396413266659, 0.330818146467, 0.310428470373, 0.344686537981, 0.53911036253], "dmean2": [0.705267310143, 0.635811030865, 0.513946354389, 0.463849067688, 0.490417212248, 0.824963569641], "dvar2": [0.325591772795, 0.264239132404, 0.185390979052, 0.200538739562, 0.34921246767, 0.594807088375], "max": [-4.93499565125, -4.48284196854, -5.02227210999, -5.39234638214, -5.80569648743, -9.05659103394], "median": [-6.61417675018, -6.35298156738, -6.47530651093, -6.74284410477, -7.29484272003, -10.7479286194], "var": [2.45144629478, 2.52926087379, 2.53574800491, 2.6488802433, 2.67620325089, 1.89183151722]}, "barkbands_flatness_db": {"mean": 0.140411958098, "dvar": 0.000795416359324, "min": 0.0315000452101, "dmean": 0.0290445778519, "dmean2": 0.0459993071854, "dvar2": 0.00193087279331, "max": 0.490864425898, "median": 0.13105738163, "var": 0.00309291598387}, "barkbands_kurtosis": {"mean": 7.88731765747, "dvar": 206.039352417, "min": -1.95308530331, "dmean": 5.803376197