{"tonal": {"chords_key": "F#", "hpcp_entropy": {"dmean": 0.495505988598, "dmean2": 0.828793406487, "max": 3.68777704239, "dvar": 0.179365754128, "mean": 1.84304404259, "dvar2": 0.486905306578, "min": 0, "var": 0.391664654016, "median": 1.89233350754}, "key_key": "F#", "chords_strength": {"dmean": 0.00754556618631, "dmean2": 0.0056730825454, "max": 0.799936175346, "dvar": 0.000226898220717, "mean": 0.524221241474, "dvar2": 0.00039276163443, "min": -1, "var": 0.0164079163224, "median": 0.530315160751}, "key_scale": "major", "chords_number_rate": 0.000923894229345, "thpcp": [1, 0.949952185154, 0.270355015993, 0.0356420874596, 0.0134188663214, 0.0574127435684, 0.264605283737, 0.289349347353, 0.0956855788827, 0.0521733090281, 0.0466445609927, 0.0836411565542, 0.250713825226, 0.232142835855, 0.153345271945, 0.387269318104, 0.39797487855, 0.145097285509, 0.0628949999809, 0.0972053855658, 0.320389896631, 0.903733670712, 0.895670294762, 0.279097884893, 0.0440897867084, 0.0194845497608, 0.0177591051906, 0.032806199044, 0.039459079504, 0.0722969993949, 0.235419586301, 0.251585751772, 0.115002930164, 0.0851985663176, 0.0745230466127, 0.323864936829], "key_strength": 0.772787094116, "tuning_nontempered_energy_ratio": 0.89877396822, "tuning_frequency": 434.193115234, "chords_changes_rate": 0.0458482503891, "tuning_diatonic_strength": 0.637974917889, "chords_scale": "major", "chords_histogram": [41.8639564514, 0.277168273926, 5.10451555252, 0, 0, 0, 0, 0, 0, 0, 0, 0, 0.0692920684814, 0, 0, 3.92655038834, 0, 20.2910270691, 9.27358818054, 9.5392074585, 5.52026796341, 0.438849747181, 3.6955769062, 0], "tuning_equal_tempered_deviation": 0.19171564281, "hpcp": {"dmean": [0.0193511545658, 0.0165686048567, 0.0251896884292, 0.054393928498, 0.0579952448606, 0.0541254878044, 0.0901850759983, 0.0996645018458, 0.0620878748596, 0.039421454072, 0.0565243288875, 0.108348436654, 0.154910445213, 0.150121971965, 0.0877300947905, 0.0291110090911, 0.0127587979659, 0.00999616924673, 0.0130645902827, 0.0158010516316, 0.0259370878339, 0.0537497662008, 0.0524491034448, 0.0321140214801, 0.0238959155977, 0.0292154569179, 0.081587292254, 0.136266678572, 0.134913414717, 0.0735445395112, 0.0182926468551, 0.00889918487519, 0.0209014154971, 0.0530789345503, 0.0571265518665, 0.0330988802016], "dmean2": [0.0328717455268, 0.0278693195432, 0.0415938571095, 0.0843819007277, 0.0924036726356, 0.092380836606, 0.146567523479, 0.164160579443, 0.108190618455, 0.0714354515076, 0.102753147483, 0.183924540877, 0.243620976806, 0.239870682359, 0.147265762091, 0.0533195585012, 0.0233075171709, 0.0183084644377, 0.0225795973092, 0.027304828167, 0.0441772304475, 0.0860948115587, 0.0843244194984, 0.0534416548908, 0.0415953621268, 0.050434216857, 0.12959960103, 0.220905452967, 0.208277702332, 0.118385344744, 0.0319406278431, 0.0165088884532, 0.0352046228945, 0.0833060517907, 0.0892714187503, 0.0549049116671], "max": [1, 1, 1, 1, 1, 1, 1, 1, 1, 1, 1, 1, 1, 1, 1, 1, 1, 1, 1, 1, 1, 1, 1, 1, 1, 1, 1, 1, 1, 1, 1, 1, 1, 1, 1, 1], "dvar": [0.00603683898225, 0.00505710346624, 0.00539672048762, 0.0141323274001, 0.0138028021902, 0.0114867491648, 0.0244727116078, 0.0290754362941, 0.0186156500131, 0.0168876759708, 0.0248912125826, 0.0354359522462, 0.0361782237887, 0.0395906865597, 0.0232199225575, 0.0111827608198, 0.00389755307697, 0.00287809292786, 0.00254539703019, 0.00263309269212, 0.00263845245354, 0.0105345500633, 0.0106815844774, 0.00429631583393, 0.00694318907335, 0.00650464557111, 0.0152927804738, 0.0329901985824, 0.029475428164, 0.0130313662812, 0.00331069645472, 0.00245391437784, 0.003068407299, 0.0101680103689, 0.0116275399923, 0.0066477926448], "mean": [0.0253529045731, 0.0226662848145, 0.0406442731619, 0.121830940247, 0.112806625664, 0.0745160281658, 0.18818821013, 0.19339042902, 0.0705080330372, 0.0305629614741, 0.0472356230021, 0.155689075589, 0.439156979322, 0.435238689184, 0.135623782873, 0.0214248262346, 0.00946824997663, 0.00862979330122, 0.0159417223185, 0.0191745981574, 0.0351317338645, 0.114398919046, 0.122254639864, 0.0558840967715, 0.0414010733366, 0.0362134538591, 0.157377719879, 0.485936284065, 0.461616247892, 0.131375312805, 0.0173197835684, 0.00652071414515, 0.0278989356011, 0.128581315279, 0.140605345368, 0.0464970953763], "dvar2": [0.0144834220409, 0.012160686776, 0.0140566769987, 0.0306522622705, 0.033155374229, 0.0313746593893, 0.0585595592856, 0.0729525461793, 0.0517648309469, 0.0474944673479, 0.0708106011152, 0.10094948113, 0.090200714767, 0.102615840733, 0.0663981661201, 0.0326107144356, 0.0110795348883, 0.00839513074607, 0.00673762522638, 0.00688886083663, 0.00694678304717, 0.0238694287837, 0.0247619021684, 0.0113178556785, 0.0188672654331, 0.0176048018038, 0.0358451269567, 0.075803771615, 0.0612672679126, 0.0327300429344, 0.00854254327714, 0.00723631866276, 0.00795822031796, 0.0233360249549, 0.0271074324846, 0.0182792562991], "min": [0, 0, 0, 0, 0, 0, 0, 0, 0, 0, 0, 0, 0, 0, 0, 0, 0, 0, 0, 0, 0, 0, 0, 0, 0, 0, 0, 0, 0, 0, 0, 0, 0, 0, 0, 0], "var": [0.0121677219868, 0.0117231942713, 0.0077816513367, 0.0621394924819, 0.04852456972, 0.0173611566424, 0.087662614882, 0.087363421917, 0.0200491547585, 0.0140604767948, 0.0222945399582, 0.0553440675139, 0.12367606163, 0.136149600148, 0.0317247211933, 0.00769096892327, 0.00281743332744, 0.00248597469181, 0.00454692076892, 0.00476547842845, 0.00494566746056, 0.0471410416067, 0.057491004467, 0.0118572833017, 0.0231709294021, 0.00961016956717, 0.0325482338667, 0.155168756843, 0.142778977752, 0.0301937442273, 0.00387581530958, 0.00153608503751, 0.00411333283409, 0.0508967339993, 0.0597119517624, 0.00809631124139], "median": [0.000524748349562, 0.000440318719484, 0.00655491789803, 0.0137606179342, 0.0144010744989, 0.0222413707525, 0.0343780703843, 0.0350986681879, 0.0113548776135, 0.000836788560264, 0.000885933346581, 0.0601156353951, 0.377587467432, 0.332966834307, 0.0654518827796, 0.00119788432494, 0.000370469206246, 0.00053650297923, 0.00140959932469, 0.00221214490011, 0.0119943302125, 0.023543830961, 0.0197989232838, 0.0104968119413, 0.00489159347489, 0.00451013864949, 0.105632185936, 0.438234776258, 0.410549402237, 0.0700254887342, 0.000848386727739, 0.000227161595831, 0.00690724560991, 0.0307498890907, 0.0345390625298, 0.0115223182365]}}, "lowlevel": {"melbands_flatness_db": {"dmean": 0.0166897661984, "dmean2": 0.0249464288354, "max": 0.804729878902, "dvar": 0.000308527931338, "mean": 0.36088642478, "dvar2": 0.000809404533356, "min": 0.00327148544602, "var": 0.00739304115996, "median": 0.354807138443}, "melbands_crest": {"dmean": 2.28133249283, "dmean2": 3.56187319756, "max": 39.5925865173, "dvar": 5.19612026215, "mean": 15.3492469788, "dvar2": 14.5564022064, "min": 1.71128726006, "var": 30.0525665283, "median": 14.1627674103}, "spectral_entropy": {"dmean": 0.160875618458, "dmean2": 0.243188068271, "max": 9.82453536987, "dvar": 0.0281716305763, "mean": 6.20410490036, "dvar2": 0.0728371813893, "min": 3.74447107315, "var": 0.444790035486, "median": 6.13788700104}, "melbands": {"dmean": [0.000431161432061, 0.000425580336014, 0.000244178227149, 0.000388942426071, 0.00070896348916, 0.000210896832868, 0.000180350893061, 0.000269365671556, 0.000125618404127, 0.000110013053927, 5.21209694853e-05, 2.43703070737e-05, 2.30315927183e-05, 5.83637665841e-06, 7.40716075143e-07, 9.01825899291e-07, 8.40362247345e-07, 1.57163313474e-07, 1.33204721919e-07, 1.50719145608e-07, 1.30077694394e-07, 7.19670651961e-08, 7.71408181777e-08, 6.34398631405e-08, 5.20582581487e-08, 8.68884271199e-08, 1.10403981068e-07, 1.45731149814e-07, 2.66723418463e-07, 3.36525801004e-07, 4.85172733988e-07, 7.04754029357e-07, 8.19539650365e-07, 7.86001351116e-07, 5.76927106977e-07, 7.31506077045e-07, 1.50551841216e-06, 2.10695907299e-06, 1.44885939335e-06, 4.67146946903e-07], "dmean2": [0.000679225486238, 0.000564085552469, 0.000369408400729, 0.000656391377561, 0.00112855108455, 0.000247388816206, 0.000276116945315, 0.000431565218605, 0.000207693825359, 0.000182856834726, 8.36466642795e-05, 3.26491972373e-05, 3.18022066494e-05, 9.23378229345e-06, 1.22523294976e-06, 1.47879563883e-06, 1.32328602831e-06, 2.57068478504e-07, 2.23613611183e-07, 2.50529296864e-07, 2.05825983812e-07, 1.16244521564e-07, 1.20033547546e-07, 1.02641543265e-07, 7.96309436168e-08, 1.33153463366e-07, 1.74703018274e-07, 2.30351403729e-07, 4.20406678359e-07, 5.21737661074e-07, 7.97078826054e-07, 1.08097106022e-06, 1.22916799228e-06, 1.21424136523e-06, 8.74646559623e-07, 1.13613543817e-06, 2.29637498705e-06, 3.21124571201e-06, 2.24267182602e-06, 6.68912264246e-07], "max": [0.190526410937, 0.134168848395, 0.035158649087, 0.0473174005747, 0.181551113725, 0.0196906272322, 0.0329220592976, 0.0548713579774, 0.0235953796655, 0.015796314925, 0.00630100117996, 0.0210318528116, 0.0241944324225, 0.00493055023253, 0.000163184653502, 0.000121275057609, 0.000268366391538, 8.9763350843e-05, 1.71286210389e-05, 1.90105456568e-05, 1.81047362275e-05, 0.000120430770039, 0.000103520505945, 5.03163246321e-05, 2.34490689763e-05, 1.94976055354e-05, 0.000145345373312, 0.000140315984027, 9.75080256467e-05, 0.000266897346592, 0.000799867499154, 0.000586254231166, 0.00199961452745, 0.000838901323732, 0.000375643867301, 0.000554787809961, 0.000724704470485, 0.00199562567286, 0.00270042638294, 0.000192899358808], "dvar": [8.91672698344e-06, 4.62818616143e-06, 4.69528998792e-07, 3.0100229651e-06, 1.42665357998e-05, 1.88588728633e-07, 3.76988083417e-07, 7.52541097881e-07, 1.84376801826e-07, 2.13579141928e-07, 4.30009308161e-08, 4.63779556981e-08, 5.32947481702e-08, 3.00460900604e-09, 6.3444176128e-12, 8.17280965126e-12, 1.4534894989e-11, 1.1491683256e-12, 2.00087694894e-13, 3.65313600767e-13, 2.44660709877e-13, 1.74733209672e-12, 1.44038015022e-12, 2.5640237546e-13, 6.21954812413e-14, 1.61016518044e-13, 2.65687949072e-12, 2.66872461629e-12, 2.16449145933e-12, 1.36666546136e-11, 1.03252524586e-10, 6.18518777862e-11, 3.51716822333e-10, 1.58369969916e-10, 3.63847042772e-11, 7.82561029866e-11, 2.21594909089e-10, 7.80420339463e-10, 9.27405874318e-10, 1.40917416624e-11], "mean": [0.00171702541411, 0.00192093558144, 0.000804874056485, 0.000689411477651, 0.00123739603441, 0.000618803140242, 0.000569404917769, 0.000559735519346, 0.000231776808505, 0.00018286240811, 8.98081198102e-05, 5.62887726119e-05, 4.83203439217e-05, 1.07026398837e-05, 1.47179264331e-06, 1.98857878786e-06, 1.54493488935e-06, 2.90462537578e-07, 2.80418959164e-07, 3.23186810647e-07, 2.51280596331e-07, 1.22935190916e-07, 1.34697017984e-07, 1.27761992985e-07, 1.18132092553e-07, 1.87473730762e-07, 2.1594911459e-07, 2.90611751552e-07, 5.03487001424e-07, 6.15923511305e-07, 7.18052604043e-07, 1.23389315831e-06, 1.35862683237e-06, 1.2067841908e-06, 9.5470272754e-07, 1.06946993128e-06, 2.30210571317e-06, 3.35858680955e-06, 2.26200222642e-06, 7.86349062309e-07], "dvar2": [2.80626791209e-05, 1.17667959785e-05, 1.22752794596e-06, 8.78725222719e-06, 3.64625448128e-05, 3.19885657518e-07, 9.98978180178e-07, 1.63977369994e-06, 4.92684137043e-07, 5.98996678036e-07, 1.10325956371e-07, 7.59973062259e-08, 8.76939338923e-08, 6.82559919696e-09, 1.71202323151e-11, 2.27992295182e-11, 3.06140668371e-11, 3.31812138529e-12, 5.70644714207e-13, 1.06177967894e-12, 7.0937006269e-13, 5.39975789776e-12, 4.23096670546e-12, 5.80026857707e-13, 1.183236316e-13, 3.75434709363e-13, 7.77904043264e-12, 7.52051459302e-12, 4.4931124793e-12, 3.47621792463e-11, 2.72648847943e-10, 1.39977501812e-10, 6.56914356245e-10, 3.98309496497e-10, 8.98694660356e-11, 2.08007666647e-10, 5.47090317493e-10, 2.05050354474e-09, 2.66263144866e-09, 2.81399278879e-11], "min": [1.34402595809e-25, 8.40568765406e-25, 6.83387589091e-25, 7.32383000357e-25, 1.52780081881e-24, 8.78937382114e-25, 1.87240770412e-24, 1.93205367438e-24, 1.52996663643e-24, 2.43415397701e-24, 3.15164860828e-24, 2.48043467138e-24, 1.94116659556e-24, 2.22175692536e-24, 3.52388899528e-24, 2.28323048913e-24, 2.95736281695e-24, 4.0258325118e-24, 2.77663360027e-24, 2.15554684351e-24, 3.12494665272e-24, 3.69166984906e-24, 3.9618807415e-24, 2.73213415382e-24, 3.45260673502e-24, 4.44723017445e-24, 5.10954398541e-24, 5.55574422379e-24, 4.99978818995e-24, 4.6434719464e-24, 4.22405116918e-24, 4.44094137532e-24, 6.59298626806e-24, 6.14379072482e-24, 5.27105497272e-24, 5.74505900813e-24, 6.14977147378e-24, 6.03381483717e-24, 6.46404261436e-24, 6.04097493317e-24], "var": [3.86065730709e-05, 3.25765577145e-05, 2.10743178286e-06, 4.82050018036e-06, 2.68877756753e-05, 1.09180643904e-06, 1.6207261524e-06, 2.41703469328e-06, 4.66232052077e-07, 3.70520979232e-07, 8.58570032847e-08, 2.07108570294e-07, 2.39964435877e-07, 7.50271755834e-09, 1.86672535069e-11, 2.50650195044e-11, 4.05108897816e-11, 1.55015431914e-12, 5.1973659751e-13, 1.03985635207e-12, 5.57983726498e-13, 1.42973339331e-12, 1.36163020963e-12, 4.45238274418e-13, 2.33947897946e-13, 3.90476279782e-13, 2.49821149011e-12, 2.75677983046e-12, 5.36131295609e-12, 2.22215943563e-11, 9.48083694885e-11, 1.37733754957e-10, 5.73477321186e-10, 1.85587753498e-10, 5.13076560404e-11, 7.87946027869e-11, 3.10716896657e-10, 9.00906904633e-10, 7.0157929466e-10, 3.11669370867e-11], "median": [0.000133194611408, 0.000289194023935, 0.000340685481206, 0.000164716388099, 0.00018201644707, 0.000182586605661, 0.0001767873473, 0.000167019985383, 5.89204355492e-05, 2.16740263568e-05, 1.67356920429e-05, 1.05413209894e-05, 5.763534773e-06, 1.72194472725e-06, 3.91494637597e-07, 5.35356377895e-07, 3.15238082749e-07, 8.95816540947e-08, 6.35792218873e-08, 6.64661854444e-08, 5.07957977902e-08, 1.54031241095e-08, 2.71275908403e-08, 4.18220089671e-08, 3.08409369154e-08, 3.76040247829e-08, 4.23354435952e-08, 8.11998503991e-08, 9.70625819718e-08, 5.63340094573e-08, 5.34206350267e-08, 5.57576775861e-08, 3.32055556385e-08, 2.37314310425e-08, 4.27142836656e-08, 4.87952291905e-08, 1.12108075712e-07, 1.06398204025e-07, 7.61205853905e-08, 3.56669218604e-08]}, "silence_rate_60dB": {"dmean": 0.0130522670224, "dmean2": 0.0261060409248, "max": 1, "dvar": 0.0128804054111, "mean": 0.159563407302, "dvar2": 0.0305010341108, "min": 0, "var": 0.134095147252, "median": 0}, "spectral_energyband_middle_high": {"dmean": 0.000304817134747, "dmean2": 0.000420875439886, "max": 0.169038280845, "dvar": 4.63695869257e-06, "mean": 0.000805545132607, "dvar2": 7.5226989793e-06, "min": 1.20679926135e-21, "var": 2.3145972591e-05, "median": 0.000207304372452}, "erbbands_skewness": {"dmean": 0.547573506832, "dmean2": 0.840342640877, "max": 10.2024421692, "dvar": 0.32788965106, "mean": 2.40283274651, "dvar2": 0.846956908703, "min": -3.92697405815, "var": 2.40496635437, "median": 2.38079881668}, "dynamic_complexity": 5.28154563904, "dissonance": {"dmean": 0.0497416034341, "dmean2": 0.0850737467408, "max": 0.500000119209, "dvar": 0.00210903584957, "mean": 0.377586841583, "dvar2": 0.00600182404742, "min": 0, "var": 0.00468131201342, "median": 0.380075186491}, "spectral_skewness": {"dmean": 0.306891202927, "dmean2": 0.496625453234, "max": 10.3651037216, "dvar": 0.0874210298061, "mean": 3.07362008095, "dvar2": 0.232143655419, "min": -0.295526385307, "var": 1.98636507988, "median": 2.9353890419}, "spectral_kurtosis": {"dmean": 3.44833707809, "dmean2": 5.77836847305, "max": 130.408157349, "dvar": 21.714515686, "mean": 14.2475233078, "dvar2": 60.6848945618, "min": -1.49186372757, "var": 246.98109436, "median": 10.0953674316}, "gfcc": {"cov": [[13851.3681641, 406.992431641, -738.034057617, 404.1875, -1221.65112305, 706.375183105, -308.393554688, 379.476867676, 36.1767539978, -102.803771973, -108.543144226, -263.804077148, -13.1628255844], [406.992431641, 1544.2635498, -2.95552015305, -220.157608032, 254.309814453, -411.026184082, 120.785057068, -150.8150177, 51.6632385254, -113.009880066, 100.270942688, -192.032241821, 82.8821411133], [-738.034057617, -2.95552015305, 971.184753418, 20.6698513031, 11.5679178238, 271.612182617, 75.9071121216, 91.6173706055, -37.0725250244, 41.0154304504, -62.1014518738, 9.6700963974, -3.47186565399], [404.1875, -220.157608032, 20.6698513031, 371.700561523, -106.229515076, 20.2551898956, 24.7052440643, -63.7039070129, -6.20619440079, -27.8086414337, 6.08919286728, 61.6233253479, 18.5851459503], [-1221.65112305, 254.309814453, 11.5679178238, -106.229515076, 606.290893555, 64.7680969238, 139.163543701, 156.764755249, 156.010879517, 2.84087729454, 5.86716651917, -89.9360961914, -54.0645675659], [706.375183105, -411.026184082, 271.612182617, 20.2551898956, 64.7680969238, 621.458618164, 72.8689880371, 348.95211792, 157.228485107, 97.125289917, -96.3950958252, -46.2006263733, -105.919013977], [-308.393554688, 120.785057068, 75.9071121216, 24.7052440643, 139.163543701, 72.8689880371, 185.27482605, 76.5564727783, 63.0950393677, 2.0022277832, 10.9323005676, -18.2004833221, -11.3746204376], [379.476867676, -150.8150177, 91.6173706055, -63.7039070129, 156.764755249, 348.95211792, 76.5564727783, 349.164581299, 141.438705444, 56.1858558655, -58.4911346436, -78.2227249146, -76.5341644287], [36.1767539978, 51.6632385254, -37.0725250244, -6.20619440079, 156.010879517, 157.228485107, 63.0950393677, 141.438705444, 228.503601074, 68.3791809082, 15.7162561417, -45.5202522278, -47.5264434814], [-102.803771973, -113.009880066, 41.0154304504, -27.8086414337, 2.84087729454, 97.125289917, 2.0022277832, 56.1858558655, 68.3791809082, 114.873603821, 20.2213668823, 7.14580869675, -15.8570642471], [-108.543144226, 100.270942688, -62.1014518738, 6.08919286728, 5.86716651917, -96.3950958252, 10.9323005676, -58.4911346436, 15.7162561417, 20.2213668823, 123.725715637, 40.3493309021, 25.9313602448], [-263.804077148, -192.032241821, 9.6700963974, 61.6233253479, -89.9360961914, -46.2006263733, -18.2004833221, -78.2227249146, -45.5202522278, 7.14580869675, 40.3493309021, 145.495620728, 35.774356842], [-13.1628255844, 82.8821411133, -3.47186565399, 18.5851459503, -54.0645675659, -105.919013977, -11.3746204376, -76.5341644287, -47.5264434814, -15.8570642471, 25.9313602448, 35.774356842, 93.239616394]], "mean": [-134.025405884, 134.077941895, -48.4737854004, 11.7007637024, -104.709388733, 12.9715652466, -30.370256424, 5.59621858597, -20.3519859314, -2.46832847595, -3.68701410294, -14.5395612717, 0.0762552991509], "icov": [[0.00023817102192, -0.000522485061083, 0.000397490657633, -0.000494502834044, 0.000586116744671, -0.000736759626307, 0.000578783685341, -0.000519279274158, 0.000379874400096, 8.16718165879e-05, -0.000100089746411, -1.00646648207e-05, -2.07058337764e-06], [-0.000522485061083, 0.00317504140548, -0.00145488721319, 0.00223430269398, -0.00122631818522, 0.00265188259073, -0.00247848383151, 0.00206358474679, -0.0025733707007, 0.00187901849858, -0.00121970369946, 0.00309758400545, -0.00154412072152], [0.000397490657633, -0.00145488721319, 0.00221621221863, -0.00111401814502, 0.000771504070144, -0.00251869414933, 0.000705243030097, -0.000634188123513, 0.00206412700936, -0.00101783545688, 0.000551367935259, -0.000875046185683, -0.000132987159304], [-0.000494502834044, 0.00223430269398, -0.00111401814502, 0.00521262502298, -0.000531614699867, 0.00114637508523, -0.00285340636037, 0.00298860948533, -0.0028129494749, 0.00261934008449, -0.000513086095452, 0.000612309086137, -0.00111794343684], [0.000586116744671, -0.00122631818522, 0.000771504070144, -0.000531614699867, 0.00419530505314, -0.000986540107988, -3.47104942193e-05, -0.00209550862201, -0.000685346196406, 0.00122529268265, -0.000438721413957, 0.000440253556008, 0.000707306957338], [-0.000736759626307, 0.00265188259073, -0.00251869414933, 0.00114637508523, -0.000986540107988, 0.00875134393573, -0.00251497561112, -0.00271834037267, -0.00322963204235, -0.00108161533717, 0.00181735598017, 0.000394021190004, 0.00156087975483], [0.000578783685341, -0.00247848383151, 0.000705243030097, -0.00285340636037, -3.47104942193e-05, -0.00251497561112, 0.00984061602503, -0.00299730920233, 0.00110583391506, 0.000201602044399, -0.000893270422239, -0.00174004840665, 0.00025699735852], [-0.000519279274158, 0.00206358474679, -0.000634188123513, 0.00298860948533, -0.00209550862201, -0.00271834037267, -0.00299730920233, 0.0109047526494, -0.00287546007894, 0.000966173072811, 0.000172760439455, 0.00308388075791, -0.000777377339546], [0.000379874400096, -0.0025733707007, 0.00206412700936, -0.0028129494749, -0.000685346196406, -0.00322963204235, 0.00110583391506, -0.00287546007894, 0.0113591570407, -0.00570659898221, -0.00100514967926, -0.000923695624806, 0.00214058370329], [8.16718165879e-05, 0.00187901849858, -0.00101783545688, 0.00261934008449, 0.00122529268265, -0.00108161533717, 0.000201602044399, 0.000966173072811, -0.00570659898221, 0.0159499831498, -0.00466203643009, 0.001623639022, -0.00144190981518], [-0.000100089746411, -0.00121970369946, 0.000551367935259, -0.000513086095452, -0.000438721413957, 0.00181735598017, -0.000893270422239, 0.000172760439455, -0.00100514967926, -0.00466203643009, 0.0134538849816, -0.0051296162419, -4.2977713747e-05], [-1.00646648207e-05, 0.00309758400545, -0.000875046185683, 0.000612309086137, 0.000440253556008, 0.000394021190004, -0.00174004840665, 0.00308388075791, -0.000923695624806, 0.001623639022, -0.0051296162419, 0.0146885374561, -0.00429138774052], [-2.07058337764e-06, -0.00154412072152, -0.000132987159304, -0.00111794343684, 0.000707306957338, 0.00156087975483, 0.00025699735852, -0.000777377339546, 0.00214058370329, -0.00144190981518, -4.2977713747e-05, -0.00429138774052, 0.0163961276412]]}, "spectral_complexity": {"dmean": 1.10678601265, "dmean2": 1.90597200394, "max": 22, "dvar": 1.08225381374, "mean": 7.23793029785, "dvar2": 2.80238103867, "min": 0, "var": 8.17213439941, "median": 7}, "spectral_flux": {"dmean": 0.0133237279952, "dmean2": 0.0220917891711, "max": 0.856590867043, "dvar": 0.00050746765919, "mean": 0.047543887049, "dvar2": 0.0013380603632, "min": 6.35511504532e-11, "var": 0.00210875202902, "median": 0.0363408625126}, "spectral_energyband_low": {"dmean": 0.00231010909192, "dmean2": 0.0033082193695, "max": 0.873731017113, "dvar": 0.000147567683598, "mean": 0.0104415938258, "dvar2": 0.000421222124714, "min": 1.62231264643e-23, "var": 0.00080932083074, "median": 0.00217162258923}, "spectral_decrease": {"dmean": 1.80860137977e-09, "dmean2": 2.80499068417e-09, "max": 1.43142781075e-28, "dvar": 3.02370446614e-17, "mean": -7.24456272749e-09, "dvar2": 8.18059060328e-17, "min": -2.45647413522e-07, "var": 1.30499639796e-16, "median": -3.98492172593e-09}, "barkbands_spread": {"dmean": 2.02192354202, "dmean2": 3.0396258831, "max": 109.258148193, "dvar": 25.6136112213, "mean": 9.41718959808, "dvar2": 57.4185218811, "min": 0.306363373995, "var": 145.197998047, "median": 6.55357837677}, "spectral_rms": {"dmean": 0.00050650339108, "dmean2": 0.000765311648138, "max": 0.0302083306015, "dvar": 7.41994199416e-07, "mean": 0.00439169630408, "dvar2": 1.99111877919e-06, "min": 3.15063773682e-12, "var": 8.39138010633e-06, "median": 0.00390242459252}, "spectral_centroid": {"dmean": 54.824054718, "dmean2": 84.9498291016, "max": 11931.9072266, "dvar": 29617.1582031, "mean": 545.714355469, "dvar2": 61690.4921875, "min": 98.0417938232, "var": 709396.5625, "median": 421.381958008}, "barkbands_skewness": {"dmean": 0.459874987602, "dmean2": 0.723654568195, "max": 13.8782444, "dvar": 0.300845772028, "mean": 1.40799570084, "dvar2": 0.780236124992, "min": -3.32292604446, "var": 2.5544052124, "median": 1.03161501884}, "spectral_rolloff": {"dmean": 142.019378662, "dmean2": 255.393325806, "max": 19509.0820312, "dvar": 569254.5625, "mean": 726.531616211, "dvar2": 1316236.5, "min": 21.533203125, "var": 2976748, "median": 473.73046875}, "erbbands_spread": {"dmean": 4.76896762848, "dmean2": 7.25191831589, "max": 178.354293823, "dvar": 70.5335845947, "mean": 18.280128479, "dvar2": 159.933135986, "min": 0.792565882206, "var": 502.268310547, "median": 10.5205936432}, "barkbands": {"dmean": [0.000429519539466, 0.00156194681767, 0.00073388160672, 0.000533074489795, 0.00303851231001, 0.00118651159573, 0.00119197007734, 0.000923638872337, 0.000783798575867, 0.000176789661054, 0.000177039561095, 4.23519340984e-05, 8.53248820931e-06, 7.58689520808e-06, 1.505974069e-06, 2.25933740694e-06, 1.32489913085e-06, 1.11471592845e-06, 1.91634308067e-06, 3.58629154107e-06, 1.6879685063e-05, 3.55455413228e-05, 3.88232583646e-05, 0.000139269977808, 3.88785410905e-05, 6.37299535811e-06, 1.77856691153e-07], "dmean2": [0.000817016523797, 0.00228747865185, 0.00102892320137, 0.000829893397167, 0.00493353139609, 0.00154053559527, 0.0018867427716, 0.00150966341607, 0.00130642205477, 0.000243967340793, 0.000253439182416, 6.66331834509e-05, 1.42752196552e-05, 1.20845234051e-05, 2.51121900874e-06, 3.64721836377e-06, 2.07351263271e-06, 1.77210824859e-06, 2.91091464533e-06, 5.66236758459e-06, 2.70727723546e-05, 5.29024509888e-05, 5.83235669183e-05, 0.000212446102523, 5.37142732355e-05, 8.9717523224e-06, 2.5847268148e-07], "max": [0.0814253538847, 0.721705436707, 0.223698973656, 0.0602884478867, 0.623284935951, 0.107376761734, 0.226626709104, 0.18186122179, 0.0939957350492, 0.130070596933, 0.167821004987, 0.0382336862385, 0.00098468340002, 0.0020747887902, 0.000261995533947, 0.000334948243108, 0.00231570750475, 0.000621835293714, 0.00070898164995, 0.00404142634943, 0.019749596715, 0.0627059489489, 0.0366063639522, 0.171563714743, 0.0192423444241, 0.00593924801797, 0.000198467518203], "dvar": [6.92970161253e-06, 0.000109604843601, 1.48615154103e-05, 1.81406835509e-06, 0.00024200277403, 8.7036351033e-06, 1.66772515513e-05, 1.17934414448e-05, 1.02131716631e-05, 1.39903704621e-06, 2.88586807073e-06, 1.76603791147e-07, 7.21612991583e-10, 1.11314890638e-09, 2.47929038411e-11, 8.80959125094e-11, 6.72206235119e-10, 5.05783470661e-11, 9.70316049731e-11, 2.06778283385e-09, 6.39809201175e-08, 3.90893717395e-07, 2.26738478659e-07, 4.32291381003e-06, 1.01166378386e-07, 8.68341842875e-09, 8.05403747167e-12], "mean": [0.00182670424692, 0.00675605842844, 0.00237573729828, 0.00148282165173, 0.0055649317801, 0.00297957798466, 0.00312634860165, 0.0015974099515, 0.00132831768133, 0.00037403483293, 0.000365516112652, 7.64327633078e-05, 1.77700094355e-05, 1.3363826838e-05, 3.18662478094e-06, 4.68195821668e-06, 2.27565828936e-06, 2.36166647483e-06, 4.40099256593e-06, 7.58196665629e-06, 2.98840113828e-05, 6.29175483482e-05, 6.34281823295e-05, 0.000226667238167, 6.89442749717e-05, 8.82650238054e-06, 2.34665165522e-07], "dvar2": [2.6430005164e-05, 0.000332413648721, 4.09958047385e-05, 5.02113107359e-06, 0.000639785721432, 2.0515626602e-05, 3.92913207179e-05, 3.1004743505e-05, 2.86941249215e-05, 2.32320917348e-06, 4.79140726384e-06, 4.07097985544e-07, 2.07976591504e-09, 2.50969556248e-09, 7.0289662979e-11, 2.55143323136e-10, 2.04435823825e-09, 1.12602552282e-10, 2.0914135701e-10, 6.01556138236e-09, 1.67001502405e-07, 7.50312949549e-07, 6.20458934009e-07, 1.19920659927e-05, 1.9468591006e-07, 2.05022381294e-08, 1.87452657563e-11], "min": [1.03222726782e-25, 6.640434871e-25, 1.55881961847e-24, 5.21652022948e-25, 2.38735973418e-24, 4.90050136755e-24, 1.10382198356e-23, 3.98878918141e-24, 1.52747705058e-23, 1.19376537961e-23, 1.47825560108e-23, 3.12389801992e-23, 2.79154145422e-23, 4.33412077351e-23, 4.43500661696e-23, 3.53703141796e-23, 5.04734096197e-23, 6.89369830963e-23, 1.39170866143e-22, 1.64910299386e-22, 2.41482515722e-22, 3.51712940395e-22, 3.64583161888e-22, 5.82323185795e-22, 8.38747560099e-22, 1.29187739248e-21, 2.0029615097e-21], "var": [7.24710344002e-06, 0.000571439333726, 4.54816363344e-05, 7.60737566452e-06, 0.000461271003587, 2.74481917586e-05, 6.71465604682e-05, 2.9617742257e-05, 1.86018150998e-05, 5.93622735323e-06, 1.35376722028e-05, 4.12791933968e-07, 2.11443595965e-09, 2.74297806691e-09, 6.29295990318e-11, 2.39885944442e-10, 5.47948297847e-10, 1.01220962168e-10, 2.93347512947e-10, 1.98968153065e-09, 7.11472765147e-08, 6.7703467721e-07, 2.40110267669e-07, 3.96266750613e-06, 2.38799827912e-07, 1.20268959236e-08, 1.02845952241e-11], "median": [0.00105080171488, 0.000173678039573, 0.0005644406192, 0.000565808382817, 0.00101792556234, 0.000921699393075, 0.000754619366489, 0.000422853976488, 0.000160173556651, 7.8363402281e-05, 4.32267261203e-05, 1.37778097269e-05, 4.81069673697e-06, 3.10563996209e-06, 7.61989440434e-07, 8.79267417986e-07, 2.60822758946e-07, 8.24307221592e-07, 9.63008233157e-07, 2.19686307901e-06, 3.64527022612e-06, 2.18583090827e-06, 2.49458753387e-06, 8.81979667611e-06, 3.06835318042e-06, 1.94575761725e-07, 1.53053960616e-08]}, "melbands_kurtosis": {"dmean": 9.8024930954, "dmean2": 15.6363420486, "max": 879.729797363, "dvar": 590.101257324, "mean": 24.7806243896, "dvar2": 1440.8782959, "min": -1.85303676128, "var": 2339.94873047, "median": 9.76633262634}, "erbbands_crest": {"dmean": 2.86167621613, "dmean2": 4.45533847809, "max": 31.5547542572, "dvar": 6.38593912125, "mean": 14.2731285095, "dvar2": 16.8293228149, "min": 2.77540326118, "var": 23.2278995514, "median": 13.7125387192}, "melbands_skewness": {"dmean": 0.621214330196, "dmean2": 0.980651855469, "max": 21.9948787689, "dvar": 0.60387724638, "mean": 2.1572329998, "dvar2": 1.50867128372, "min": -1.80598700047, "var": 4.68142461777, "median": 1.5304236412}, "spectral_energyband_middle_low": {"dmean": 0.00562755949795, "dmean2": 0.00891013629735, "max": 0.74697470665, "dvar": 0.000309845461743, "mean": 0.0161669496447, "dvar2": 0.000807590375189, "min": 1.53085148199e-22, "var": 0.000805206946097, "median": 0.0085184071213}, "spectral_contrast_coeffs": {"dmean": [0.0386836379766, 0.040516179055, 0.033471621573, 0.0208691209555, 0.0146857872605, 0.0101525494829], "dmean2": [0.0632450282574, 0.0652189701796, 0.0550043769181, 0.0343429856002, 0.0245317611843, 0.0167292505503], "max": [-0.190709576011, -0.369418263435, -0.410897582769, -0.596566438675, -0.569837033749, -0.619191646576], "dvar": [0.00117344083264, 0.00112536922097, 0.000804381095804, 0.000277828308754, 0.000144481018651, 8.78464925336e-05], "mean": [-0.56716054678, -0.689975976944, -0.728165209293, -0.786862611771, -0.801074504852, -0.818652749062], "dvar2": [0.00333673157729, 0.00303673325107, 0.00223994371481, 0.000760068185627, 0.000384139828384, 0.000214121260797], "min": [-0.978832960129, -0.978638112545, -0.975953280926, -0.969363033772, -0.969777405262, -0.964325487614], "var": [0.01029291749, 0.00693225022405, 0.00486593227834, 0.00205675559118, 0.00206609372981, 0.00194796430878], "median": [-0.567266464233, -0.693797707558, -0.734459996223, -0.788235902786, -0.799910843372, -0.823797941208]}, "spectral_contrast_valleys": {"dmean": [0.323167085648, 0.273546338081, 0.252885907888, 0.188186973333, 0.135969087481, 0.114150233567], "dmean2": [0.521275281906, 0.452473163605, 0.423033297062, 0.318588614464, 0.226118668914, 0.174715414643], "max": [-4.37123918533, -4.51917934418, -5.61494684219, -7.46558332443, -7.37334060669, -6.97140598297], "dvar": [0.0884394869208, 0.0599383711815, 0.0504577085376, 0.0339482165873, 0.0268307700753, 0.0269547272474], "mean": [-8.28659343719, -6.95541524887, -8.53447723389, -10.47240448, -10.4134750366, -11.3391284943], "dvar2": [0.223378688097, 0.143087670207, 0.118481695652, 0.0736418068409, 0.049667827785, 0.0468062870204], "min": [-28.0427894592, -28.2560482025, -27.781206131, -27.7091846466, -27.515253067, -27.3932857513], "var": [3.41045260429, 2.99926567078, 2.66176438332, 2.31827640533, 2.16641068459, 2.4646384716], "median": [-8.00808525085, -6.728556633, -8.32419204712, -10.3632316589, -10.161195755, -11.3644733429]}, "silence_rate_20dB": {"dmean": 0.00219462905079, "dmean2": 0.00438951142132, "max": 1, "dvar": 0.0021898096893, "mean": 0.996765971184, "dvar2": 0.00495100999251, "min": 0, "var": 0.00322448345833, "median": 1}, "silence_rate_30dB": {"dmean": 0.014438347891, "dmean2": 0.028878364712, "max": 1, "dvar": 0.0142347058281, "mean": 0.952933728695, "dvar2": 0.0333616919816, "min": 0, "var": 0.0448485426605, "median": 1}, "spectral_strongpeak": {"dmean": 0.348878651857, "dmean2": 0.56825864315, "max": 59.221118927, "dvar": 1.63460099697, "mean": 0.884709954262, "dvar2": 3.81286334991, "min": 0, "var": 2.57271409035, "median": 0.57796639204}, "spectral_spread": {"dmean": 508264.09375, "dmean2": 793146.875, "max": 42998656, "dvar": 451425796096, "mean": 4881724.5, "dvar2": 933903597568, "min": 715168.25, "var": 12999099154400.0, "median": 3881544.5}, "barkbands_flatness_db": {"dmean": 0.0146940620616, "dmean2": 0.0222765542567, "max": 0.627758443356, "dvar": 0.000242051377427, "mean": 0.268920630217, "dvar2": 0.000638570694719, "min": 0.0518704093993, "var": 0.00424825260416, "median": 0.263896226883}, "pitch_salience": {"dmean": 0.0510488599539, "dmean2": 0.0806181654334, "max": 0.988427877426, "dvar": 0.00229864916764, "mean": 0.529554128647, "dvar2": 0.00627163564786, "min": 0.0194021370262, "var": 0.0152696827427, "median": 0.541203141212}, "erbbands_kurtosis": {"dmean": 5.677546978, "dmean2": 8.89197826385, "max": 144.344696045, "dvar": 68.6610794067, "mean": 15.1902542114, "dvar2": 182.410903931, "min": -1.90907502174, "var": 184.032318115, "median": 12.1427078247}, "average_loudness": 0.0118477474898, "barkbands_crest": {"dmean": 1.8822299242, "dmean2": 2.96393418312, "max": 26.6067657471, "dvar": 3.64840722084, "mean": 11.8471479416, "dvar2": 10.2658948898, "min": 3.48192191124, "var": 19.8816566467, "median": 10.7768325806}, "hfc": {"dmean": 4.09689044952, "dmean2": 6.11019229889, "max": 2110.48022461, "dvar": 730.877258301, "mean": 11.3312559128, "dvar2": 1912.0958252, "min": 1.07923227284e-16, "var": 1092.84838867, "median": 4.96453952789}, "barkbands_kurtosis": {"dmean": 4.34181308746, "dmean2": 6.96348714828, "max": 337.942810059, "dvar": 99.1321487427, "mean": 10.9421024323, "dvar2": 256.049682617, "min": -1.9254052639, "var": 357.832855225, "median": 5.34846067429}, "erbbands": {"dmean": [0.0450371429324, 0.354708731174, 0.814768850803, 1.21895253658, 2.57978653908, 11.2529764175, 18.5499515533, 9.90617275238, 10.1196508408, 24.869890213, 16.681892395, 17.4350967407, 10.3495159149, 6.01383924484, 5.10586166382, 0.991688728333, 0.35426735878, 0.455968856812, 0.087942250073, 0.0937807187438, 0.127374768257, 0.074495986104, 0.0589249804616, 0.0633919164538, 0.123604372144, 0.20289324224, 0.480289280415, 0.76825016737, 1.2296346426, 1.33982145786, 1.02774572372, 1.9782500267, 2.80172467232, 0.751786649227, 0.16411203146, 0.0519739426672, 0.0065090386197, 0.000383259553928, 4.57317219116e-05, 1.17539539133e-05], "dmean2": [0.0769315361977, 0.490402162075, 1.08795952797, 1.83051240444, 3.97998547554, 19.0682563782, 29.2311115265, 11.3155660629, 15.0715656281, 39.4275474548, 27.3992977142, 29.1428909302, 16.6677589417, 8.13262939453, 7.1184015274, 1.56995165348, 0.581351339817, 0.716876983643, 0.142680585384, 0.156324014068, 0.203846529126, 0.119429081678, 0.0932243093848, 0.0975279435515, 0.189132899046, 0.31782412529, 0.755184829235, 1.24557173252, 1.87050318718, 2.0167632103, 1.52698838711, 3.01422142982, 4.25484371185, 1.07827699184, 0.22674639523, 0.0717789828777, 0.0096735060215, 0.000546291994397, 6.64667604724e-05, 1.76670582732e-05], "max": [17.9301929474, 167.652435303, 259.711364746, 228.812576294, 263.173187256, 1777.53198242, 5098.22412109, 855.926635742, 1939.98168945, 6017.54492188, 3617.44042969, 2176.82641602, 1282.51159668, 4692.37890625, 5029.29443359, 714.067443848, 57.3115081787, 123.796768188, 38.7597427368, 18.4938316345, 18.1027927399, 136.006729126, 30.8901958466, 23.5087566376, 84.1726150513, 237.48425293, 226.587036133, 1273.32165527, 994.358398438, 2511.16357422, 666.63885498, 1156.77905273, 3674.41699219, 683.173522949, 89.8931732178, 45.5078163147, 8.22786998749, 0.375454694033, 0.0497527420521, 0.00556158507243], "dvar": [0.110152646899, 5.53524971008, 17.0887107849, 17.5175895691, 36.0131950378, 3487.83691406, 9768.85253906, 407.188598633, 1309.27050781, 7164.46728516, 3410.02148438, 5344.62255859, 1710.95947266, 2676.70483398, 2390.89794922, 60.0367431641, 1.1506100893, 3.86998724937, 0.234579727054, 0.0956143736839, 0.258706241846, 2.22628450394, 0.22077691555, 0.0872539803386, 1.14669764042, 7.02816534042, 10.9868164062, 220.402481079, 215.134933472, 639.273193359, 108.164848328, 404.123382568, 1973.90014648, 79.8474349976, 2.26324677467, 0.441312849522, 0.0107493894175, 2.57302217506e-05, 4.16441281459e-07, 5.49185630305e-09], "mean": [0.14441883564, 1.6778537035, 3.05732131004, 4.1611495018, 6.41528940201, 17.5721683502, 33.0122528076, 29.1833324432, 34.3225402832, 53.6327438354, 31.3865356445, 29.1973228455, 18.5267391205, 13.9383325577, 11.0305099487, 2.10175037384, 0.839863181114, 0.889716744423, 0.197768762708, 0.213880047202, 0.256702274084, 0.136613518, 0.131298914552, 0.158051073551, 0.282575428486, 0.436622023582, 0.926788628101, 1.27655088902, 2.25575852394, 2.22438907623, 1.77391910553, 3.13450288773, 4.52255153656, 1.31045126915, 0.278472810984, 0.0764312893152, 0.00877197273076, 0.000582411070354, 7.3933872045e-05, 3.75801428163e-05], "dvar2": [0.358951896429, 16.2274494171, 44.2861785889, 44.6055526733, 94.744758606, 9835.57226562, 24782.9316406, 646.97869873, 3529.98925781, 14706.3740234, 9038.52929688, 15191.0332031, 4409.57324219, 4403.42529297, 4021.546875, 137.727874756, 3.0778875351, 8.45926094055, 0.655508220196, 0.276721358299, 0.750956773758, 6.89753293991, 0.568540096283, 0.175819501281, 3.06938147545, 20.3152332306, 24.7367248535, 573.803039551, 458.687805176, 1330.22302246, 269.726013184, 1042.48535156, 5456.53271484, 206.329299927, 4.6737112999, 0.929326534271, 0.0299250427634, 5.9682468418e-05, 9.33399746827e-07, 1.42761091837e-08], "min": [1.66961937273e-23, 4.23818285499e-22, 1.7024489742e-21, 3.74057333397e-21, 8.38202390319e-21, 1.2484645871e-20, 4.12951018448e-20, 3.95093933857e-20, 1.20904440644e-19, 1.64656078268e-19, 2.11560656969e-19, 3.3736985213e-19, 6.13561374458e-19, 6.72871775341e-19, 6.65871294118e-19, 1.18456606416e-18, 1.89487370758e-18, 1.63872285864e-18, 2.72513081162e-18, 2.65969793004e-18, 2.80278011688e-18, 4.74484365122e-18, 4.73189537951e-18, 5.51600345679e-18, 6.90852603567e-18, 8.21346342257e-18, 9.63412958101e-18, 9.89663534841e-18, 1.14279253333e-17, 1.20237427013e-17, 1.17377359055e-17, 1.14810361188e-17, 9.8106300714e-18, 7.93293256244e-18, 6.56619444403e-18, 4.20689873397e-18, 2.42385529572e-18, 9.92148654235e-19, 2.52945239723e-19, 2.67852294519e-20], "var": [0.335164994001, 34.7155990601, 88.3128814697, 75.971031189, 167.541168213, 5588.00488281, 18120.7597656, 2468.53466797, 5635.27490234, 24278.4707031, 8795.53808594, 8900.06933594, 3481.62060547, 12063.8603516, 10239.7988281, 171.497497559, 4.76658821106, 11.0572538376, 0.393367797136, 0.244263291359, 0.60632276535, 1.62668931484, 0.328564554453, 0.320345759392, 1.79107272625, 6.52354574203, 24.3000583649, 221.825714111, 486.929443359, 936.685852051, 160.394699097, 515.371459961, 1860.77661133, 102.976593018, 4.46408367157, 0.747517824173, 0.00965113379061, 4.47424608865e-05, 5.97574057792e-07, 7.93426746526e-09], "median": [0.0068878531456, 0.0655291900039, 0.604456305504, 1.54404950142, 2.19745206833, 2.44460630417, 5.46226787567, 8.3961019516, 11.0124835968, 14.7884521484, 9.66033172607, 4.27242469788, 3.62767124176, 2.81763792038, 1.47339570522, 0.490711182356, 0.259549468756, 0.201738029718, 0.0701323822141, 0.0571326687932, 0.0562240630388, 0.0274179410189, 0.0433329865336, 0.0450287088752, 0.060820274055, 0.121569693089, 0.149297505617, 0.105023302138, 0.0914894342422, 0.0516844689846, 0.0822533965111, 0.148507714272, 0.145645707846, 0.0575123615563, 0.00962122343481, 0.00153250084259, 0.000265126000158, 2.63732345047e-05, 1.22299506984e-05, 1.8418621039e-05]}, "spectral_energy": {"dmean": 0.00714421411976, "dmean2": 0.0110650183633, "max": 0.935356855392, "dvar": 0.00046033563558, "mean": 0.0283703990281, "dvar2": 0.00123624003027, "min": 1.01746801947e-20, "var": 0.00197201943956, "median": 0.0156096387655}, "zerocrossingrate": {"dmean": 0.00486211385578, "dmean2": 0.00601955968887, "max": 0.529296875, "dvar": 0.000100312689028, "mean": 0.0320934094489, "dvar2": 0.