{"tonal": {"hpcp": {"dvar": [0.0605001971126, 0.0661128535867, 0.0574376024306, 0.0592958070338, 0.0560158863664, 0.0479045026004, 0.0448078550398, 0.0459683872759, 0.0456355176866, 0.0509498044848, 0.0491187907755, 0.0389439985156, 0.0307378340513, 0.0328780785203, 0.0384091958404, 0.0376383811235, 0.0452455617487, 0.0464344136417, 0.0379225835204, 0.0381330959499, 0.0328777171671, 0.0286062378436, 0.0258905105293, 0.0360769629478, 0.0670756399632, 0.0323743261397, 0.026614991948, 0.023412078619, 0.0243700090796, 0.0298139825463, 0.0452266223729, 0.0554928332567, 0.0503782518208, 0.0470949299634, 0.0461630783975, 0.0487048737705], "var": [0.0794029310346, 0.0957618430257, 0.055462282151, 0.0599295310676, 0.0653754845262, 0.046643730253, 0.0461625792086, 0.0539010167122, 0.048432379961, 0.0762952044606, 0.0822016075253, 0.0432498343289, 0.0288837272674, 0.0284453481436, 0.0315967202187, 0.0448930189013, 0.082503631711, 0.0659250989556, 0.0519964285195, 0.0542823560536, 0.0311000887305, 0.0253647826612, 0.0289637800306, 0.04093298316, 0.0813018456101, 0.0480288825929, 0.0264831930399, 0.0192949324846, 0.0214750561863, 0.0283786542714, 0.0702995955944, 0.0840176567435, 0.0469103530049, 0.0409243106842, 0.0498877502978, 0.0528715364635], "median": [0.0260746162385, 0.0251778587699, 0.0234202872962, 0.0142945945263, 0.0149174183607, 0.0152454329655, 0.0134771503508, 0.0115850102156, 0.0161055214703, 0.0247632507235, 0.0253373533487, 0.0154763013124, 0.00808857753873, 0.00676117138937, 0.0085214022547, 0.0158263258636, 0.0208428427577, 0.01851798594, 0.0142809832469, 0.00981856510043, 0.00842697918415, 0.00872844830155, 0.00906303152442, 0.0173566434532, 0.0209856610745, 0.0196485519409, 0.00942794233561, 0.00902292877436, 0.00791406258941, 0.0133788175881, 0.0232070591301, 0.0298701394349, 0.0225707106292, 0.0120538482442, 0.0110282916576, 0.0153964590281], "max": [1, 1, 1, 1, 1, 1, 1, 1, 1, 1, 1, 1, 1, 1, 1, 1, 1, 1, 1, 1, 1, 1, 1, 1, 1, 1, 1, 1, 1, 1, 1, 1, 1, 1, 1, 1], "dmean": [0.155677869916, 0.15835699439, 0.146295130253, 0.137541994452, 0.132679700851, 0.1260022223, 0.114478945732, 0.110646054149, 0.119221560657, 0.135507211089, 0.131395444274, 0.105215191841, 0.0835837647319, 0.0833525583148, 0.0912569761276, 0.103401109576, 0.116803430021, 0.121236510575, 0.103271000087, 0.0920879915357, 0.0831555128098, 0.0753220021725, 0.072252586484, 0.116265133023, 0.153691530228, 0.114204242826, 0.077859185636, 0.0675173997879, 0.0662272647023, 0.086623288691, 0.125371232629, 0.142877399921, 0.131256595254, 0.113743789494, 0.112275645137, 0.126650691032], "dmean2": [0.279302567244, 0.285325080156, 0.264149993658, 0.251753747463, 0.242619514465, 0.227244362235, 0.205712974072, 0.199488699436, 0.212282419205, 0.236603394151, 0.228642776608, 0.185625821352, 0.150377765298, 0.150735676289, 0.166325390339, 0.181803077459, 0.206213921309, 0.21050837636, 0.181651771069, 0.165541321039, 0.149859532714, 0.135566294193, 0.129044666886, 0.210104331374, 0.279800415039, 0.204400882125, 0.137440502644, 0.120671138167, 0.118678420782, 0.153009474277, 0.217451184988, 0.247084975243, 0.234405383468, 0.206961989403, 0.203940659761, 0.224412292242], "mean": [0.172397956252, 0.190386220813, 0.138585343957, 0.124372147024, 0.130708247423, 0.113500192761, 0.106719046831, 0.108972400427, 0.115242294967, 0.16024312377, 0.166228368878, 0.106567159295, 0.0724944770336, 0.0680990442634, 0.0737782940269, 0.108234092593, 0.154847294092, 0.14137789607, 0.112837456167, 0.1026943326, 0.0757537558675, 0.0647997632623, 0.070309266448, 0.111732706428, 0.157681852579, 0.124464683235, 0.0712053030729, 0.0575056262314, 0.0578904747963, 0.078983463347, 0.150997042656, 0.173696354032, 0.119164533913, 0.0962530374527, 0.104703068733, 0.119661286473], "dvar2": [0.166784107685, 0.184083104134, 0.156953319907, 0.162772208452, 0.15552932024, 0.133586928248, 0.123221665621, 0.124525167048, 0.125638097525, 0.13171467185, 0.125155597925, 0.106516167521, 0.0824471861124, 0.0889938399196, 0.10474486649, 0.100375406444, 0.114740923047, 0.123988799751, 0.0980202704668, 0.100870981812, 0.0900530740619, 0.078041292727, 0.0691227912903, 0.0970047935843, 0.181452676654, 0.0840181559324, 0.0710956528783, 0.0649320706725, 0.0670269280672, 0.081474378705, 0.117940194905, 0.139615491033, 0.137768998742, 0.130443289876, 0.127580195665, 0.131663545966], "min": [0, 0, 0, 0, 0, 0, 0, 0, 0, 0, 0, 0, 0, 0, 0, 0, 0, 0, 0, 0, 0, 0, 0, 0, 0, 0, 0, 0, 0, 0, 0, 0, 0, 0, 0, 0]}, "key_key": "A#", "thpcp": [1, 0.727916896343, 0.653262317181, 0.686542570591, 0.596157610416, 0.560539782047, 0.57237547636, 0.605307936668, 0.841673970222, 0.873111367226, 0.559741973877, 0.380775868893, 0.357688933611, 0.387519091368, 0.568497538567, 0.813332438469, 0.742584705353, 0.592676579952, 0.539400041103, 0.397895157337, 0.340359508991, 0.369298070669, 0.586873888969, 0.828220903873, 0.653748393059, 0.374004513025, 0.30204719305, 0.304068624973, 0.41485914588, 0.793109118938, 0.91233676672, 0.62590944767, 0.505567252636, 0.549950897694, 0.628518640995, 0.905516982079], "chords_key": "C", "tuning_equal_tempered_deviation": 0.247869715095, "tuning_frequency": 434.193115234, "tuning_diatonic_strength": 0.571553349495, "chords_histogram": [9.95295906067, 8.12082195282, 7.57613277435, 3.51572179794, 7.89799451828, 4.20896244049, 8.54171848297, 3.1938598156, 5.17454814911, 0.990344166756, 3.51572179794, 0, 0.742758095264, 0.0495172068477, 0, 0, 0.173310220242, 1.58455061913, 1.31220602989, 2.55013608932, 3.02054953575, 18.3213672638, 3.21861839294, 6.3382024765], "key_strength": 0.584050834179, "key_scale": "major", "chords_strength": {"dvar": 0.000582110718824, "var": 0.0607566349208, "median": 0.49271646142, "max": 0.744694113731, "dmean": 0.012152406387, "dmean2": 0.0139677384868, "mean": 0.464847236872, "dvar2": 0.00110168894753, "min": -1}, "chords_number_rate": 0.00420896243304, "tuning_nontempered_energy_ratio": 0.910947859287, "hpcp_entropy": {"dvar": 0.379619777203, "var": 0.883478939533, "median": 2.04107069969, "max": 4.68647909164, "dmean": 0.719783484936, "dmean2": 1.20719349384, "mean": 2.03446102142, "dvar2": 0.984027564526, "min": 0}, "chords_changes_rate": 0.0789799466729, "chords_scale": "minor"}, "rhythm": {"bpm_histogram_first_peak_spread": {"dvar": 0, "var": 0, "median": 0.458193957806, "max": 0.458193957806, "dmean": 0, "dmean2": 0, "mean": 0.458193957806, "dvar2": 0, "min": 0.458193957806}, "bpm_histogram_first_peak_weight": {"dvar": 0, "var": 0, "median": 0.506250023842, "max": 0.506250023842, "dmean": 0, "dmean2": 0, "mean": 0.506250023842, "dvar2": 0, "min": 0.506250023842}, "bpm_histogram_first_peak_bpm": {"dvar": 0, "var": 0, "median": 101, "max": 101, "dmean": 0, "dmean2": 0, "mean": 101, "dvar2": 0, "min": 101}, "bpm": 102.0572052, "bpm_histogram_second_peak_weight": {"dvar": 0, "var": 0, "median": 0.0375000014901, "max": 0.0375000014901, "dmean": 0, "dmean2": 0, "mean": 0.0375000014901, "dvar2": 0, "min": 0.0375000014901}, "beats_loudness": {"dvar": 0.00147320493124, "var": 0.00179819541518, "median": 0.0632270127535, "max": 0.20721077919, "dmean": 0.0472930110991, "dmean2": 0.0875618606806, "mean": 0.0648263916373, "dvar2": 0.00507116038352, "min": 0}, "beats_loudness_band_ratio": {"dvar": [0.116447411478, 0.0311956200749, 0.0153008205816, 0.0146297011524, 0.0111715365201, 0.0144655974582], "var": [0.134198740125, 0.0216226223856, 0.033073425293, 0.0122068338096, 0.00854237098247, 0.0104208700359], "median": [0.792504608631, 0.0631456002593, 0.0266304854304, 0.0151885617524, 0.0173663310707, 0.00871643703431], "max": [0.999615967274, 0.889581143856, 0.977674126625, 0.67823767662, 0.627881467342, 0.598129212856], "dmean": [0.403222948313, 0.126703262329, 0.0775079727173, 0.0742032974958, 0.092006161809, 0.10777977854], "dmean2": [0.783389627934, 0.237513244152, 0.141173526645, 0.14161658287, 0.178910329938, 0.213850751519], "mean": [0.616845548153, 0.1119286865, 0.0889748930931, 0.054913725704, 0.0601181834936, 0.0604898668826], "dvar2": [0.333030641079, 0.0931335911155, 0.0427314601839, 0.0409006029367, 0.0307764578611, 0.042898952961], "min": [0, 0, 0, 0, 0, 0]}, "bpm_histogram_second_peak_bpm": {"dvar": 0, "var": 0, "median": 120, "max": 120, "dmean": 0, "dmean2": 0, "mean": 120, "dvar2": 0, "min": 120}, "onset_rate": 3.98397612572, "beats_count": 321, "beats_position": [0.592108845711, 1.18421769142, 1.764716506, 2.34521532059, 2.93732428551, 3.51782298088, 4.09832191467, 4.7020406723, 5.2941493988, 5.87464857101, 6.46675729752, 7.05886602402, 7.63936471939, 8.2198638916, 8.78875255585, 9.39247131348, 9.98458003998, 10.5766887665, 11.1687984467, 11.749297142, 12.3297958374, 12.9219045639, 13.5024032593, 14.1061220169, 14.6982307434, 15.2787294388, 15.870839119, 16.4629478455, 17.0550556183, 17.6471652985, 18.2276649475, 18.8081626892, 19.3886623383, 19.9807701111, 20.5728797913, 21.153377533, 21.733877182, 22.3143768311, 22.8948745728, 23.4985942841, 24.0907020569, 24.6828117371, 25.2749195099, 25.8670291901, 26.4475269318, 27.0280265808, 27.620136261, 28.2122440338, 28.7927436829, 29.3848514557, 29.9769611359, 30.5690689087, 31.1611785889, 31.7416782379, 32.3105659485, 32.9142837524, 33.5063934326, 34.0868911743, 34.6790008545, 35.2711105347, 35.8516082764, 36.4437179565, 37.0358276367, 37.6163253784, 38.2084350586, 38.8005447388, 39.3810424805, 39.9731521606, 40.5652618408, 41.1457595825, 41.7378692627, 42.3299751282, 42.9104766846, 43.50258255, 44.0946922302, 44.6751937866, 45.2556915283, 45.8478012085, 46.439907074, 47.0204086304, 47.6009063721, 48.1930160522, 48.7851219177, 49.3656234741, 49.9461212158, 50.5498390198, 51.1419487, 51.7340583801, 52.3261680603, 52.9182739258, 53.4987754822, 54.0792732239, 54.6713829041, 55.2518806458, 55.8323783875, 56.4244880676, 57.0165977478, 57.608707428, 58.1892051697, 58.7813148499, 59.37342453, 59.9539222717, 60.5460319519, 61.1381378174, 61.7186393738, 62.310749054, 62.9028549194, 63.4833564758, 64.0754623413, 64.6675720215, 65.2480697632, 65.8401794434, 66.4322891235, 67.0127868652, 67.6048965454, 68.1970062256, 68.7775039673, 69.358001709, 69.9501113892, 70.5422210693, 71.122718811, 71.7148284912, 72.3069381714, 72.8874359131, 73.4679336548, 74.060043335, 74.6521530151, 75.2442626953, 75.8363723755, 76.4168701172, 77.0089797974, 77.6010894775, 78.1931991577, 78.7736968994, 79.3658065796, 79.9463043213, 80.526802063, 81.1072998047, 81.6994094849, 82.291519165, 82.8952331543, 83.4757385254, 84.0562362671, 84.6367340088, 85.2172317505, 85.8093414307, 86.4014511108, 86.993560791, 87.5856704712, 88.1661682129, 88.7582778931, 89.3503875732, 89.9308853149, 90.5113830566, 91.0918807983, 91.695602417, 92.2993164062, 92.8798141479, 93.4719238281, 94.0524215698, 94.64453125, 95.2250289917, 95.8055343628, 96.3976364136, 96.9897460938, 97.5702438354, 98.1623535156, 98.7428588867, 99.3349609375, 99.9270706177, 100.519180298, 101.09967804, 101.69178772, 102.2838974, 102.864395142, 103.456504822, 104.048614502, 104.629112244, 105.221221924, 105.813331604, 106.393829346, 106.985939026, 107.578048706, 108.158546448, 108.739044189, 109.33115387, 109.92326355, 110.503761292, 111.095870972, 111.687980652, 112.268478394, 112.860588074, 113.452697754, 114.033195496, 114.613693237, 115.205802917, 115.797912598, 116.390022278, 116.982131958, 117.5626297, 118.143127441, 118.723625183, 119.304122925, 119.884620667, 120.465126038, 121.068840027, 121.649337769, 122.253059387, 122.856781006, 123.437278748, 124.017776489, 124.586662292, 125.167160034, 125.759269714, 126.351379395, 126.943489075, 127.535598755, 128.127700806, 128.719818115, 129.311920166, 129.892425537, 130.484527588, 131.076644897, 131.65713501, 132.249252319, 132.84135437, 133.421859741, 134.002349854, 134.594467163, 135.186569214, 135.778686523, 136.370788574, 136.951293945, 137.531784058, 138.112289429, 138.716003418, 139.308120728, 139.900222778, 140.480728149, 141.061218262, 141.653335571, 142.245437622, 142.825942993, 143.418045044, 144.010162354, 144.590652466, 145.171157837, 145.763259888, 146.355377197, 146.93586731, 147.527984619, 148.12008667, 148.700592041, 149.292694092, 149.884811401, 150.465301514, 151.057418823, 151.649520874, 152.230026245, 152.822128296, 153.414230347, 153.994735718, 154.586837769, 155.16734314, 155.759460449, 156.339950562, 156.932067871, 157.524169922, 158.116271973, 158.696777344, 159.288879395, 159.869384766, 160.461486816, 161.053604126, 161.634094238, 162.226211548, 162.818313599, 163.39881897, 163.979324341, 164.571426392, 165.163528442, 165.744033813, 166.336135864, 166.916641235, 167.508743286, 168.100860596, 168.692962646, 169.273468018, 169.865570068, 170.457687378, 171.03817749, 171.618682861, 172.210784912, 172.802902222, 173.383392334, 173.975509644, 174.567611694, 175.171340942, 175.78666687, 176.401992798, 176.9012146, 177.40045166, 177.899673462, 178.398910522, 178.898132324, 179.385757446, 179.873382568, 180.360992432, 180.860229492, 181.359451294, 181.858688354, 182.369522095, 182.868743896, 183.356369019, 183.85559082, 184.343215942, 184.842453003, 185.341674805, 185.829299927, 186.31690979, 186.804534912], "danceability": 1.39400887489, "bpm_histogram_second_peak_spread": {"dvar": 0, "var": 0, "median": 0.428571462631, "max": 0.428571462631, "dmean": 0, "dmean2": 0, "mean": 0.428571462631, "dvar2": 0, "min": 0.428571462631}}, "lowlevel": {"spectral_flux": {"dvar": 0.00376493483782, "var": 0.0068574375473, "median": 0.0853987783194, "max": 0.560546576977, "dmean": 0.0422321893275, "dmean2": 0.0666741728783, "mean": 0.101763740182, "dvar2": 0.00793878920376, "min": 6.19385584488e-11}, "spectral_rolloff": {"dvar": 2753538.25, "var": 14713199, "median": 645.99609375, "max": 19616.7480469, "dmean": 735.262573242, "dmean2": 1214.62805176, "mean": 2127.86425781, "dvar2": 5899624, "min": 21.533203125}, "barkbands_flatness_db": {"dvar": 0.00183111184742, "var": 0.0105335600674, "median": 0.168435141444, "max": 0.727782487869, "dmean": 0.038548450917, "dmean2": 0.0572113916278, "mean": 0.188270330429, "dvar2": 0.00388521747664, "min": 0.0167765151709}, "spectral_centroid": {"dvar": 214919.546875, "var": 3576730, "median": 1064.77856445, "max": 11738.5917969, "dmean": 323.341461182, "dmean2": 469.779663086, "mean": 1518.12976074, "dvar2": 387381.78125, "min": 73.4455795288}, "melbands_skewness": {"dvar": 4.87859916687, "var": 10.488945961, "median": 3.23332571983, "max": 63.0372467041, "dmean": 1.3643913269, "dmean2": 2.12915587425, "mean": 3.7126057148, "dvar2": 12.5080385208, "min": -4.73654985428}, "melbands": {"dvar": [3.25681976392e-05, 0.000113156384032, 1.02894300653e-05, 4.82498990095e-07, 9.05992010303e-07, 1.04932360045e-06, 1.21122766927e-07, 2.87569061896e-08, 7.99619996883e-08, 1.81761436124e-07, 5.98280038844e-08, 2.43375577469e-08, 1.29915909142e-08, 7.48393169658e-09, 6.06249184187e-09, 5.85460568914e-09, 9.40067934607e-09, 6.73387079431e-09, 5.00042585116e-09, 3.99987287736e-09, 3.8470844288e-09, 1.33702771077e-09, 9.74879621474e-10, 8.55600534866e-10, 4.84500772835e-10, 2.79989226248e-10, 2.12222961427e-10, 1.3749942851e-10, 3.50979106889e-11, 3.17295634211e-11, 5.56987025946e-11, 1.28081364958e-10, 1.39668651644e-10, 1.29024402273e-10, 1.68660627131e-10, 2.07619657577e-10, 1.63970989564e-10, 1.93697335948e-10, 1.95487070975e-10, 8.79234948736e-11], "var": [4.2067385948e-05, 9.30730820983e-05, 1.01924142655e-05, 1.07301241314e-06, 1.14478950763e-06, 7.71638212882e-07, 1.3219967343e-07, 6.74161881875e-08, 3.74253659174e-07, 4.45882847089e-07, 1.45521539707e-07, 1.76214086878e-07, 1.70876024441e-08, 9.11893138777e-09, 6.38357589011e-09, 7.80856090898e-09, 1.62079381028e-08, 1.06849480375e-08, 7.00859015268e-09, 5.3810680356e-09, 5.13127274004e-09, 2.24986540509e-09, 1.86687021397e-09, 1.20209064924e-09, 7.48903716818e-10, 4.07506972611e-10, 3.85840942529e-10, 1.95115743007e-10, 5.53877534115e-11, 5.20161205775e-11, 9.58163826059e-11, 2.36686253929e-10, 3.23538446034e-10, 2.53742915568e-10, 3.73664377218e-10, 5.01272579001e-10, 4.78062034404e-10, 5.10875119986e-10, 5.40283484618e-10, 2.15122863967e-10], "median": [0.000486369943246, 0.00105179927777, 0.000703138764948, 0.000254136917647, 0.000223902432481, 9.49627356022e-05, 5.14911007485e-05, 2.47973130172e-05, 2.42804489972e-05, 2.35894622165e-05, 2.62641151494e-05, 1.40556494443e-05, 1.45802187035e-05, 1.29379695863e-05, 9.19610283745e-06, 7.16577915227e-06, 8.48948002385e-06, 9.57651263889e-06, 1.00456254586e-05, 9.33884257392e-06, 5.76199909119e-06, 4.49965591542e-06, 3.94463222619e-06, 3.43315150531e-06, 3.65699315807e-06, 2.3781199161e-06, 1.59008027367e-06, 1.36353821745e-06, 8.49728849062e-07, 5.6985129504e-07, 4.59580746792e-07, 4.44907328756e-07, 4.15587834368e-07, 3.98269719426e-07, 5.26161329617e-07, 5.68691120861e-07, 4.42510838639e-07, 3.68509972759e-07, 2.90615560061e-07, 1.86297228311e-07], "max": [0.0634445995092, 0.0991828963161, 0.0357167199254, 0.0132783204317, 0.0165730044246, 0.0134533569217, 0.00852882862091, 0.00536811677739, 0.0084760542959, 0.0138223636895, 0.00835405755788, 0.00854013953358, 0.00249049556442, 0.00188329652883, 0.00164107664023, 0.00167023064569, 0.00359561783262, 0.00164297968149, 0.00144729914609, 0.00101809343323, 0.00144349981565, 0.000997500726953, 0.000687627878506, 0.000715482980013, 0.000482511823066, 0.000525940326042, 0.000398767617298, 0.000371381669538, 0.000157848757226, 0.000126358863781, 0.000173106382135, 0.000324086518958, 0.000327337591443, 0.00028856258723, 0.000295409787213, 0.000421073957114, 0.000559633015655, 0.000367537082639, 0.000433887878899, 0.000306931062369], "dmean": [0.00310449698009, 0.00389783806168, 0.00125646754168, 0.000370107387425, 0.000394752656575, 0.000288877694402, 0.000101090350654, 5.76936399739e-05, 9.03374821064e-05, 0.000110623012006, 7.87951867096e-05, 5.05684656673e-05, 4.45277546532e-05, 3.34371325152e-05, 2.73898313026e-05, 2.5880357498e-05, 3.1192197639e-05, 3.088133235e-05, 2.87483908323e-05, 2.46188719757e-05, 2.10797315958e-05, 1.38619598147e-05, 1.24896041598e-05, 1.12288826131e-05, 8.86345333129e-06, 6.19236016064e-06, 5.18823298989e-06, 4.13186216974e-06, 2.69493875749e-06, 2.31413559959e-06, 2.45622300099e-06, 3.55263068741e-06, 3.79963421437e-06, 3.58401712219e-06, 4.22648281528e-06, 4.01243278247e-06, 3.29264639731e-06, 3.63927097169e-06, 3.58607348971e-06, 2.55191775977e-06], "dmean2": [0.0052532912232, 0.00684085488319, 0.00207778438926, 0.000589484989177, 0.000641767226625, 0.000494030071422, 0.000167741935002, 9.27199580474e-05, 0.000139282259624, 0.000168683356605, 0.000123604986584, 8.11829304439e-05, 7.43561904528e-05, 5.48305215489e-05, 4.57440692117e-05, 4.19357929786e-05, 5.04872587044e-05, 5.03522423969e-05, 4.60134106106e-05, 3.97790536226e-05, 3.41851919075e-05, 2.21701866394e-05, 1.97018125618e-05, 1.7928705347e-05, 1.37773367896e-05, 9.83384052233e-06, 8.02327849669e-06, 6.46656644676e-06, 4.20125752498e-06, 3.57101794179e-06, 3.7222021092e-06, 5.33192815055e-06, 5.61135220778e-06, 5.45774264538e-06, 6.6949714892e-06, 6.09382459515e-06, 4.84068232254e-06, 5.60647958991e-06, 5.67270717511e-06, 4.02960040446e-06], "mean": [0.00404822733253, 0.00482332333922, 0.00177505775355, 0.000663562910631, 0.000631837756373, 0.000336558528943, 0.000138838280691, 8.82812237251e-05, 0.000184820513823, 0.000184155942407, 0.000120755525131, 8.74153556651e-05, 5.47108866158e-05, 4.32234264736e-05, 3.35593867931e-05, 3.23593885696e-05, 4.09257845604e-05, 4.23745550506e-05, 4.04136262659e-05, 3.48700996256e-05, 2.90297884931e-05, 2.07293578569e-05, 1.86389097507e-05, 1.56613514264e-05, 1.28842857521e-05, 8.63910190674e-06, 7.19377339919e-06, 5.60557782592e-06, 3.61010029337e-06, 2.98902932627e-06, 3.26482199853e-06, 4.75736896988e-06, 5.39090751772e-06, 5.01371869177e-06, 5.93797631154e-06, 6.02334466748e-06, 5.10046584168e-06, 5.34295713805e-06, 5.1898368838e-06, 3.45010494129e-06], "dvar2": [8.87748974492e-05, 0.00032602090505, 2.779350325e-05, 1.20009940474e-06, 2.42787928073e-06, 2.97268070426e-06, 3.21778031775e-07, 6.39778932054e-08, 1.88534286849e-07, 4.333487027e-07, 1.26652906829e-07, 6.13763475599e-08, 3.38924479593e-08, 1.9497296222e-08, 1.59411737144e-08, 1.44192862095e-08, 2.30507044563e-08, 1.68980740511e-08, 1.24936789803e-08, 1.00753450027e-08, 9.70686375723e-09, 3.13548231823e-09, 2.24988094821e-09, 2.09601536127e-09, 1.09690601047e-09, 6.64394206318e-10, 4.90671836495e-10, 3.16603576689e-10, 8.2227287479e-11, 6.93528082185e-11, 1.29405722249e-10, 2.91434987254e-10, 3.06714931231e-10, 2.98969682344e-10, 3.91427085189e-10, 4.69986105589e-10, 3.23962523474e-10, 4.15234208129e-10, 4.05084799038e-10, 1.93094290557e-10], "min": [9.47918929541e-25, 6.77336483606e-25, 1.05038703075e-24, 7.86806563512e-25, 1.68555811011e-24, 1.55723233172e-24, 8.05127118479e-25, 1.43011045368e-24, 9.69145302956e-25, 1.17696962375e-24, 1.84528094696e-24, 2.10205260781e-24, 2.07649469777e-24, 2.58586869237e-24, 2.29968652204e-24, 2.73913154727e-24, 3.05914894791e-24, 2.20376655799e-24, 2.78485274204e-24, 3.31638938935e-24, 3.28837338873e-24, 2.37755458756e-24, 3.43365790165e-24, 2.8362105452e-24, 3.87074955758e-24, 4.02551026212e-24, 4.45477247357e-24, 5.21380733682e-24, 4.02460583309e-24, 4.69260180915e-24, 4.26479189063e-24, 4.32773667997e-24, 4.3309414274e-24, 4.69873678041e-24, 5.68273505231e-24, 5.52534783539e-24, 4.35740573862e-24, 5.57876279057e-24, 6.05771771703e-24, 5.06551529171e-24]}, "spectral_decrease": {"dvar": 1.26835269387e-16, "var": 1.38749290716e-16, "median": -6.97122626292e-09, "max": 1.35560356343e-11, "dmean": 5.73065639387e-09, "dmean2": 9.70476765616e-09, "mean": -1.0225921443e-08, "dvar2": 3.48500694719e-16, "min": -9.75352634214e-08}, "barkbands_kurtosis": {"dvar": 2789.41992188, "var": 3233.94628906, "median": 4.79543399811, "max": 1593.40002441, "dmean": 13.6397428513, "dmean2": 22.5527172089, "mean": 17.0638313293, "dvar2": 7272.30029297, "min": -1.9349950552}, "silence_rate_30dB": {"dvar": 0.0673054084182, "var": 0.0658057257533, "median": 1, "max": 1, "dmean": 0.0725696608424, "dmean2": 0.145157292485, "mean": 0.929172873497, "dvar2": 0.141427978873, "min": 0}, "gfcc": {"mean": [-80.2181854248, 84.4797592163, -96.3533248901, 26.3492698669, -45.4058876038, 14.7204799652, -38.8149795532, 9.22207450867, -21.2826728821, -1.99099302292, -13.3486881256, -0.90540856123, -6.360060215], "cov": [[58039.3125, 268.458557129, -3783.45361328, 3323.19262695, -1621.32348633, 1244.90795898, -2182.83520508, 476.987304688, -1308.78466797, -426.296844482, -1118.47058105, -123.399536133, -711.325378418], [268.458557129, 4193.55712891, -248.950180054, -13.3531475067, 903.653930664, -64.4272842407, 562.805236816, -17.0819587708, 194.418319702, -144.491622925, 278.840606689, -311.806640625, 174.485488892], [-3783.45361328, -248.950180054, 1805.99243164, 427.666137695, 326.876464844, 142.127838135, 237.92539978, 27.4022254944, 141.116836548, 6.6311917305, 60.5552825928, 79.3882446289, -29.2369384766], [3323.19262695, -13.3531475067, 427.666137695, 1165.19921875, 347.766571045, 254.028686523, 3.44796156883, 82.6879119873, -11.967341423, -88.6540985107, -102.839263916, -3.58996319771, -92.4372634888], [-1621.32348633, 903.653930664, 326.876464844, 347.766571045, 896.210998535, 86.8919677734, 364.617279053, -5.88066101074, 90.1493911743, -81.6819229126, 26.6996250153, -104.793365479, 48.9699172974], [1244.90795898, -64.4272842407, 142.127838135, 254.028686523, 86.8919677734, 387.785797119, 125.541748047, 43.2696151733, -20.1785640717, 25.2893886566, -25.8943004608, -28.6595439911, -40.8521575928], [-2182.83520508, 562.805236816, 237.92539978, 3.44796156883, 364.617279053, 125.541748047, 499.393493652, 13.1109323502, 108.604621887, 29.6599845886, 92.8224029541, -70.8714447021, 47.0441894531], [476.987304688, -17.0819587708, 27.4022254944, 82.6879119873, -5.88066101074, 43.2696151733, 13.1109323502, 207.347106934, 83.5201950073, 10.7266044617, 6.55895137787, 18.0062484741, 0.346342384815], [-1308.78466797, 194.418319702, 141.116836548, -11.967341423, 90.1493911743, -20.1785640717, 108.604621887, 83.5201950073, 268.09085083, 54.6171607971, 57.0454826355, 35.0551757812, 23.2879753113], [-426.296844482, -144.491622925, 6.6311917305, -88.6540985107, -81.6819229126, 25.2893886566, 29.6599845886, 10.7266044617, 54.6171607971, 158.161895752, 64.3448028564, 30.1228370667, -2.5475525856], [-1118.47058105, 278.840606689, 60.5552825928, -102.839263916, 26.6996250153, -25.8943004608, 92.8224029541, 6.55895137787, 57.0454826355, 64.3448028564, 173.271102905, 15.4155550003, 35.1244087219], [-123.399536133, -311.806640625, 79.3882446289, -3.58996319771, -104.793365479, -28.6595439911, -70.8714447021, 18.0062484741, 35.0551757812, 30.1228370667, 15.4155550003, 166.561080933, 24.4133911133], [-711.325378418, 174.485488892, -29.2369384766, -92.4372634888, 48.9699172974, -40.8521575928, 47.0441894531, 0.346342384815, 23.2879753113, -2.5475525856, 35.1244087219, 24.4133911133, 123.21269989]], "icov": [[5.49334254174e-05, -7.9916579125e-05, 0.00010393208504, -0.000169140839716, 0.000114592912723, -0.00014548539184, 0.000145794620039, -0.000117136791232, 0.00016972515732, -7.81729249866e-05, 0.00019295461243, -9.57810334512e-05, 0.000109238433652], [-7.9916579125e-05, 0.000594315468334, -1.9902411168e-06, 0.000205446733162, -0.000438325601863, 0.000248502095928, -0.00031068874523, 0.000263632275164, -0.000569688796531, 0.000710367225111, -0.00113901123405, 0.000834144593682, -0.000493070692755], [0.00010393208504, -1.9902411168e-06, 0.000962202146184, -0.000549274322111, 3.51005910488e-05, -0.0003281601239, -4.4096414058e-05, -3.04481600324e-05, -1.06073057395e-05, 0.000174291446456, -0.000124982005218, -0.000532166683115, 0.000459922390291], [-0.000169140839716, 0.000205446733162, -0.000549274322111, 0.00202981894836, -0.00108422106132, -0.000380809418857, 0.000176447836566, -0.000145815269207, -0.000393908063415, 0.000633385148831, -0.000204178679269, -0.000184633128811, 0.000545099901501], [0.000114592912723, -0.000438325601863, 3.51005910488e-05, -0.00108422106132, 0.00269821286201, -2.58869113168e-05, -0.00106793886516, 0.000198657973669, -4.04853517466e-06, 0.00047303570318, 0.000828310789075, 0.000352256931365, -0.000491942162625], [-0.00014548539184, 0.000248502095928, -0.0003281601239, -0.000380809418857, -2.58869113168e-05, 0.00431862706318, -0.00189454806969, -0.000458482390968, 0.00057262374321, -0.00111186143477, 0.000355342723196, 0.00048199822777, 0.00028341365396], [0.000145794620039, -0.00031068874523, -4.4096414058e-05, 0.000176447836566, -0.00106793886516, -0.00189454806969, 0.00471554277465, -0.000196034685359, -0.000466394412797, -0.000671343586873, -0.000649959838483, 0.000937843753491, -0.000526298594195], [-0.000117136791232, 0.000263632275164, -3.04481600324e-05, -0.000145815269207, 0.000198657973669, -0.000458482390968, -0.000196034685359, 0.00635031610727, -0.00273597193882, 0.000829912722111, -0.000794770312496, 0.00028682811535, -0.00063616677653], [0.00016972515732, -0.000569688796531, -1.06073057395e-05, -0.000393908063415, -4.04853517466e-06, 0.00057262374321, -0.000466394412797, -0.00273597193882, 0.00650705490261, -0.00238761981018, 0.000996679416858, -0.0018797183875, 0.00067488203058], [-7.81729249866e-05, 0.000710367225111, 0.000174291446456, 0.000633385148831, 0.00047303570318, -0.00111186143477, -0.000671343586873, 0.000829912722111, -0.00238761981018, 0.0102443303913, -0.00439252704382, -0.000111972898594, 0.000694062095135], [0.00019295461243, -0.00113901123405, -0.000124982005218, -0.000204178679269, 0.000828310789075, 0.000355342723196, -0.000649959838483, -0.000794770312496, 0.000996679416858, -0.00439252704382, 0.0106178512797, -0.00188947666902, -0.000348544592271], [-9.57810334512e-05, 0.000834144593682, -0.000532166683115, -0.000184633128811, 0.000352256931365, 0.00048199822777, 0.000937843753491, 0.00028682811535, -0.0018797183875, -0.000111972898594, -0.00188947666902, 0.00949516985565, -0.00332786515355], [0.000109238433652, -0.000493070692755, 0.000459922390291, 0.000545099901501, -0.000491942162625, 0.00028341365396, -0.000526298594195, -0.00063616677653, 0.00067488203058, 0.000694062095135, -0.000348544592271, -0.00332786515355, 0.0111007913947]]}, "silence_rate_20dB": {"dvar": 0, "var": 0, "median": 1, "max": 1, "dmean": 0, "dmean2": 0, "mean": 1, "dvar2": 0, "min": 1}, "barkbands_skewness": {"dvar": 2.61019444466, "var": 7.39699792862, "median": 1.91981256008, "max": 37.2194671631, "dmean": 1.13142907619, "dmean2": 1.76896476746, "mean": 2.2404255867, "dvar2": 6.52848052979, "min": -6.80296516418}, "erbbands_skewness": {"dvar": 0.44273146987, "var": 1.83764028549, "median": 0.187637284398, "max": 11.3326787949, "dmean": 0.543397009373, "dmean2": 0.822742700577, "mean": 0.324049860239, "dvar2": 0.960844039917, "min": -5.45235300064}, "spectral_contrast_valleys": {"dvar": [0.364008396864, 0.3080483675, 0.302656441927, 0.327495396137, 0.333164721727, 0.492675542831], "var": [14.2188444138, 12.6089668274, 12.2897586823, 12.4807691574, 12.8637094498, 11.4328422546], "median": [-7.25823831558, -7.23873138428, -7.67871761322, -7.92089557648, -7.89707756042, -10.1050033569], "max": [-4.7315621376, -4.78660202026, -5.17372608185, -4.73102378845, -5.46147012711, -6.86084699631], "dmean": [0.531784415245, 0.498671919107, 0.482931703329, 0.480922341347, 0.450649112463, 0.528483629227], "dmean2": [0.808651804924, 0.767546594143, 0.72673624754, 0.701937437057, 0.62023961544, 0.673679590225], "mean": [-8.31432628632, -8.03738594055, -8.43333053589, -8.73219585419, -8.81739139557, -10.9770517349], "dvar2": [0.616393327713, 0.618155479431, 0.568226158619, 0.608761191368, 0.591595888138, 0.824452459812], "min": [-28.1409263611, -28.3152542114, -27.8784370422, -27.7670993805, -27.58045578, -27.4942760468]}, "spectral_strongpeak": {"dvar": 1.27753484249, "var": 2.00157189369, "median": 0.470729857683, "max": 15.854850769, "dmean": 0.503731787205, "dmean2": 0.858989775181, "mean": 0.904626309872, "dvar2": 3.31178283691, "min": 0}, "erbbands_crest": {"dvar": 9.01068210602, "var": 35.638584137, "median": 9.07447624207, "max": 34.2990150452, "dmean": 3.0136089325, "dmean2": 4.7708158493, "mean": 10.5590591431, "dvar2": 20.8253326416, "min": 2.01965928078}, "barkbands_crest": {"dvar": 9.20717906952, "var": 28.349899292, "median": 12.3986635208, "max": 26.9292449951, "dmean": 3.19807696342, "dmean2": 5.21798372269, "mean": 12.7547197342, "dvar2": 24.3431873322, "min": 2.31078004837}, "spectral_energyband_middle_low": {"dvar": 9.56671428867e-05, "var": 0.000135460664751, "median": 0.00785996578634, "max": 0.137795224786, "dmean": 0.0051668821834, "dmean2": 0.00845577847213, "mean": 0.0107164010406, "dvar2": 0.000257200677879, "min": 1.01172635407e-22}, "spectral_contrast_coeffs": {"dvar": [0.00249943276867, 0.00205525895581, 0.00137067062315, 0.000985994702205, 0.000692406611051, 0.000371606438421], "var": [0.0167386196554, 0.0106787867844, 0.00811567250639, 0.00555769354105, 0.00464892014861, 0.00257819448598], "median": [-0.635318517685, -0.736667215824, -0.787787795067, -0.791498303413, -0.793060183525, -0.798454999924], "max": [-0.210539266467, -0.374802350998, -0.398625642061, -0.520040631294, -0.51049220562, -0.609830737114], "dmean": [0.0551946982741, 0.0506200268865, 0.0418339371681, 0.0349259786308, 0.0277846939862, 0.019756866619], "dmean2": [0.0879888683558, 0.0824966356158, 0.0663455203176, 0.0551394149661, 0.0429186224937, 0.030188748613], "mean": [-0.632642865181, -0.727446734905, -0.775819242001, -0.784724593163, -0.789187371731, -0.803256571293], "dvar2": [0.00607377197593, 0.00514068547636, 0.00312061305158, 0.00222325744107, 0.00151326460764, 0.000821543682832], "min": [-0.981644272804, -0.980582535267, -0.978743612766, -0.970704972744, -0.968007445335, -0.966094851494]}, "hfc": {"dvar": 775.872619629, "var": 2258.37084961, "median": 13.7448158264, "max": 462.203063965, "dmean": 13.3606882095, "dmean2": 19.9504985809, "mean": 27.8696174622, "dvar2": 1637.14343262, "min": 1.06898013016e-16}, "spectral_energyband_high": {"dvar": 7.73493229644e-06, "var": 2.62857211055e-05, "median": 0.000256474653725, "max": 0.0479614622891, "dmean": 0.00102813681588, "dmean2": 0.0014850118896, "mean": 0.00177215156145, "dvar2": 1.47108339661e-05, "min": 6.83407251686e-21}, "erbbands_spread": {"dvar": 187.675125122, "var": 598.742797852, "median": 38.5538253784, "max": 157.563583374, "dmean": 11.4660415649, "dmean2": 17.3655643463, "mean": 41.7171630859, "dvar2": 399.558349609, "min": 0.575052320957}, "dissonance": {"dvar": 0.000796033942606, "var": 0.00194267299958, "median": 0.468320012093, "max": 0.500000059605, "dmean": 0.0228462647647, "dmean2": 0.0370693951845, "mean": 0.45493838191, "dvar2": 0.00203127716668, "min": 0.12183380872}, "spectral_kurtosis": {"dvar": 77.9337539673, "var": 394.343811035, "median": 4.14482498169, "max": 311.984436035, "dmean": 3.69148254395, "dmean2": 5.73465442657, "mean": 9.07501888275, "dvar2": 163.704727173, "min": -1.26429533958}, "spectral_skewness": {"dvar": 0.297015696764, "var": 2.13230800629, "median": 1.63931727409, "max": 15.6190433502, "dmean": 0.371352463961, "dmean2": 0.555376946926, "mean": 1.93075716496, "dvar2": 0.611506402493, "min": -0.276543587446}, "pitch_salience": {"dvar": 0.00742592616007, "var": 0.0250769983977, "median": 0.485107004642, "max": 0.914213895798, "dmean": 0.0876618176699, "dmean2": 0.142006665468, "mean": 0.487912654877, "dvar2": 0.0191431771964, "min": 0.0136230168864}, "spectral_complexity": {"dvar": 36.1508407593, "var": 122.716659546, "median": 13, "max": 59, "dmean": 4.35517024994, "dmean2": 6.36908578873, "mean": 14.4858837128, "dvar2": 69.974571228, "min": 0}, "spectral_spread": {"dvar": 1498507509760.0, "var": 40391315292200.0, "median": 4850202, "max": 43266860, "dmean": 893414.75, "dmean2": 1275036, "mean": 6018659.5, "dvar2": 2932078804990.0, "min": 359171.40625}, "dynamic_complexity": 4.07200193405, "melbands_crest": {"dvar": 13.7842540741, "var": 49.6490364075, "median": 17.4748802185, "max": 39.8849487305, "dmean": 3.96680951118, "dmean2": 6.43453979492, "mean": 17.7195644379, "dvar2": 34.7730865479, "min": 1.60560667515}, "zerocrossingrate": {"dvar": 0.000663227459881, "var": 0.0102046309039, "median": 0.04345703125, "max": 0.5302734375, "dmean": 0.0167983863503, "dmean2": 0.0185508169234, "mean": 0.07598426193, "dvar2": 0.000720363284927, "min": 0}, "spectral_energyband_low": {"dvar": 0.00165572715923, "var": 0.00173592788633, "median": 0.00751653965563, "max": 0.359667986631, "dmean": 0.0183594897389, "dmean2": 0.0314333774149, "mean": 0.0260942541063, "dvar2": 0.00460572680458, "min": 1.82533104909e-23}, "melbands_kurtosis": {"dvar": 25815.3359375, "var": 17650.3320312, "median": 14.8042478561, "max": 5316.59179688, "dmean": 27.7174949646, "dmean2": 46.5481109619, "mean": 37.3201141357, "dvar2": 73374.09375, "min": -1.94528722763}, "spectral_energyband_middle_high": {"dvar": 1.8696197003e-05, "var": 3.93900809286e-05, "median": 0.0021456242539, "max": 0.0743011385202, "dmean": 0.00212118588388, "dmean2": 0.00331641943194, "mean": 0.00423650722951, "dvar2": 4.52492167824e-05, "min": 1.06991742974e-21}, "barkbands_spread": {"dvar": 130.991622925, "var": 312.062347412, "median": 15.1807289124, "max": 128.645523071, "dmean": 7.85548782349, "dmean2": 12.208817482, "mean": 19.4601993561, "dvar2": 310.924530029, "min": 0.155718430877}, "mfcc": {"mean": [-704.277770996, 112.61631012, 9.15121459961, 18.0777320862, 15.9707565308, 3.93735074997, 1.69281804562, 5.08702707291, -0.672393858433, 3.51261591911, -4.60602855682, -3.5819041729, -2.37214255333], "cov": [[23078.6210938, 657.411071777, -173.248794556, 756.4296875, 841.395996094, 314.687744141, -189.899810791, 275.903045654, -223.933700562, 49.7639465332, -259.409881592, -356.963867188, -256.544555664], [657.411071777, 3746.71118164, -340.269958496, 479.452606201, 423.20111084, 247.410980225, 501.905181885, 158.615631104, 157.719924927, 175.966201782, 13.331372261, 40.0073318481, -33.740196228], [-173.248794556, -340.269958496, 1180.95117188, 255.598175049, 114.500213623, 140.516296387, 18.3333034515, 139.302322388, 29.7282886505, -19.1511802673, 91.9259796143, 70.2145462036, 17.0306015015], [756.4296875, 479.452606201, 255.598175049, 716.616210938, 413.769592285, 206.963851929, 123.429428101, 183.810684204, 103.821929932, 6.3427901268, 40.1401672363, 50.2533874512, 9.6774148941], [841.395996094, 423.20111084, 114.500213623, 413.769592285, 534.885803223, 178.078033447, 109.654640198, 160.235809326, 105.72000885, 6.7891626358, -2.90785002708, 12.5810279846, -26.661277771], [314.687744141, 247.410980225, 140.516296387, 206.963851929, 178.078033447, 419.486602783, 218.439437866, 101.300453186, 92.0160675049, 50.8757705688, 56.1390380859, -14.1090869904, 30.0048980713], [-189.899810791, 501.905181885, 18.3333034515, 123.429428101, 109.654640198, 218.439437866, 397.756347656, 73.888053894, 59.2272872925, 108.482337952, 9.44416999817, -1.89664816856, 3.58100199699], [275.903045654, 158.615631104, 139.302322388, 183.810684204, 160.235809326, 101.300453186, 73.888053894, 227.379943848, 110.433815002, 26.7171077728, 31.7961215973, 36.4335403442, 14.9988641739], [-223.933700562, 157.719924927, 29.7282886505, 103.821929932, 105.72000885, 92.0160675049, 59.2272872925, 110.433815002, 206.190429688, 43.5361824036, 31.4504299164, 36.7404823303, 25.2163047791], [49.7639465332, 175.966201782, -19.1511802673, 6.3427901268, 6.7891626358, 50.8757705688, 108.482337952, 26.7171077728, 43.5361824036, 198.268188477, 44.8374481201, 7.08994865417, 6.4449672699], [-259.409881592, 13.331372261, 91.9259796143, 40.1401672363, -2.90785002708, 56.1390380859, 9.44416999817, 31.7961215973, 31.4504299164, 44.8374481201, 165.850143433, 47.3185768127, 32.4506111145], [-356.963867188, 40.0073318481, 70.2145462036, 50.2533874512, 12.5810279846, -14.1090869904, -1.89664816856, 36.4335403442, 36.7404823303, 7.08994865417, 47.3185768127, 165.234909058, 62.3279533386], [-256.544555664, -33.740196228, 17.0306015015, 9.6774148941, -26.661277771, 30.0048980713, 3.58100199699, 14.9988641739, 25.2163047791, 6.4449672699, 32.4506111145, 62.3279533386, 145.434432983]], "icov": [[5.41082263226e-05, -6.75128285366e-06, 2.02765331778e-05, -3.11880503432e-05, -5.71457385377e-05, -7.43121927371e-05, 0.000119257965707, -0.000100794284663, 0.000147512066178, -9.10983944777e-05, 8.7057807832e-05, 7.47680969653e-05, 3.28874193656e-05], [-6.75128285366e-06, 0.000376941694412, 0.000158272974659, -0.000176342073246, -0.000116779323434, 0.000104924794869, -0.000431942549767, 3.34044598276e-05, -7.89651458035e-05, -7.17260627425e-05, -5.91710449953e-05, -0.000119417549286, 0.000114125774417], [2.02765331778e-05, 0.000158272974659, 0.00110250385478, -0.000365261483239, 9.65035142144e-05, -0.000296946906019, 3.56550845027e-05, -0.000563706678804, 0.000360559904948, 0.000104627164546, -0.000344980770024, -0.000344357453287, 0.000261300941929], [-3.11880503432e-05, -0.000176342073246, -0.000365261483239, 0.00298611400649, -0.00178202497773, -0.0003353546781, -1.84728833119e-05, -0.000588076480199, 0.000110512337415, 0.000337867269991, -0.000309579219902, -0.000400375720346, -0.000241716843448], [-5.71457385377e-05, -0.000116779323434, 9.65035142144e-05, -0.00178202497773, 0.00406404398382, -0.000633156450931, 6.64995823172e-05, -0.000906221044715, -0.000669614062645, 0.000263740628725, 0.000668895721901, -0.000180551636731, 0.000979400705546], [-7.43121927371e-05, 0.000104924794869, -0.000296946906019, -0.0003353546781, -0.000633156450931, 0.00463313376531, -0.0023898286745, 0.00013670460612, -0.00109959382098, 0.000595036137383, -0.00149877334479, 0.00154439907055, -0.00124002248049], [0.000119257965707, -0.000431942549767, 3.56550845027e-05, -1.84728833119e-05, 6.64995823172e-05, -0.0023898286745, 0.00498494040221, -0.000709447136614, 0.000687488063704, -0.00211240397766, 0.00130170374177, -0.000203849223908, 0.000334205135005], 