{"tonal": {"hpcp": {"dvar": [0.0416209809482, 0.039558943361, 0.0317098014057, 0.0372703261673, 0.0429637245834, 0.0447937957942, 0.0543105565012, 0.0521830059588, 0.0443496890366, 0.0322284474969, 0.0241881534457, 0.0316956192255, 0.0188190788031, 0.0205215886235, 0.0215099491179, 0.0398836284876, 0.0463304296136, 0.0346451327205, 0.0321739427745, 0.0412539169192, 0.0421608686447, 0.0385495387018, 0.0409549511969, 0.0362710431218, 0.0427485667169, 0.0314214006066, 0.0217148512602, 0.0197984557599, 0.0142239062116, 0.0268344581127, 0.0558407865465, 0.0445528663695, 0.0391810126603, 0.0536475852132, 0.0366016104817, 0.0576171055436], "var": [0.0501945577562, 0.0566233247519, 0.0835938155651, 0.0652261376381, 0.039751753211, 0.0487964265049, 0.091237463057, 0.0899291262031, 0.0753948614001, 0.0426420755684, 0.0262712314725, 0.0296484567225, 0.0248041246086, 0.0211179889739, 0.020368905738, 0.0470628887415, 0.0490192547441, 0.0407199375331, 0.0477028973401, 0.0456693097949, 0.0471538640559, 0.0786839649081, 0.094831302762, 0.0701494291425, 0.0583042614162, 0.0441932082176, 0.0211508721113, 0.0158471576869, 0.0146265896037, 0.0554659105837, 0.111937813461, 0.0853114724159, 0.0593423545361, 0.053934853524, 0.0371524915099, 0.0488728322089], "median": [0.0692586377263, 0.0634228140116, 0.0583197548985, 0.0536956638098, 0.0527479350567, 0.0717129930854, 0.114635251462, 0.129220381379, 0.0876753404737, 0.0618449524045, 0.0522740855813, 0.0553084872663, 0.0444536879659, 0.0360858477652, 0.0614031404257, 0.10157238692, 0.099982522428, 0.0898172259331, 0.0981428474188, 0.0862800627947, 0.0874731019139, 0.11921595782, 0.154066503048, 0.120018772781, 0.100567482412, 0.0675060600042, 0.0394787341356, 0.0357366800308, 0.0478217974305, 0.094747595489, 0.139449641109, 0.127912431955, 0.090708732605, 0.0547554083169, 0.0473757460713, 0.0597464963794], "max": [1, 1, 1, 1, 1, 1, 1, 1, 1, 1, 1, 1, 1, 1, 1, 1, 1, 1, 1, 1, 1, 1, 1, 1, 1, 1, 1, 1, 0.73284059763, 1, 1, 1, 1, 1, 1, 1], "dmean": [0.138563334942, 0.129203081131, 0.117125794291, 0.127181887627, 0.12833674252, 0.146005839109, 0.18473470211, 0.183984234929, 0.161038830876, 0.124916024506, 0.108652606606, 0.106329590082, 0.0848625600338, 0.0804508626461, 0.0935884490609, 0.146152317524, 0.160327270627, 0.132380530238, 0.140853151679, 0.144671425223, 0.152717366815, 0.171567231417, 0.173258602619, 0.145613595843, 0.159204185009, 0.123640663922, 0.0908843651414, 0.0800415873528, 0.0875249356031, 0.148172140121, 0.189656585455, 0.169705092907, 0.144111946225, 0.150229647756, 0.122582368553, 0.144396796823], "dmean2": [0.244724392891, 0.221644833684, 0.195761218667, 0.217019185424, 0.234820976853, 0.25783213973, 0.320525586605, 0.312866449356, 0.272757291794, 0.214968025684, 0.18750077486, 0.187620520592, 0.136612191796, 0.135182350874, 0.156594738364, 0.249150842428, 0.28388184309, 0.228516623378, 0.234715595841, 0.252914011478, 0.260819047689, 0.276294708252, 0.283430606127, 0.249067544937, 0.273128449917, 0.208005234599, 0.156477481127, 0.142386123538, 0.153438583016, 0.247530579567, 0.336317688227, 0.286246687174, 0.252498477697, 0.270533323288, 0.211982294917, 0.25787717104], "mean": [0.15469186008, 0.16380225122, 0.190139830112, 0.168552368879, 0.130602315068, 0.168970525265, 0.251461267471, 0.263394594193, 0.215005844831, 0.151813328266, 0.118211939931, 0.114607155323, 0.0975261852145, 0.0865283310413, 0.11050631851, 0.177005127072, 0.184786781669, 0.167074725032, 0.18173122406, 0.169783502817, 0.169677078724, 0.24647679925, 0.280600100756, 0.227295592427, 0.198421269655, 0.155964359641, 0.097731679678, 0.075969979167, 0.0923795774579, 0.195169433951, 0.296838909388, 0.257894098759, 0.185783848166, 0.151039302349, 0.122516028583, 0.137270122766], "dvar2": [0.112336248159, 0.0989335253835, 0.0743212178349, 0.0981490164995, 0.115950889885, 0.116210125387, 0.136220052838, 0.13393856585, 0.118890874088, 0.0824295282364, 0.0673234015703, 0.0890462994576, 0.0445529893041, 0.0530844628811, 0.0593645088375, 0.10234516114, 0.12339732796, 0.0916653349996, 0.0850604325533, 0.113201804459, 0.114964202046, 0.0854216441512, 0.100493855774, 0.0826835259795, 0.105448625982, 0.0796903669834, 0.0584921352565, 0.0563118308783, 0.0383974947035, 0.075386621058, 0.138013660908, 0.106219515204, 0.0976167991757, 0.154371157289, 0.101111091673, 0.162895098329], "min": [0.000829131575301, 0.000712314737029, 0.000402329314966, 0.00111980165821, 0.0014916525688, 0.000418375479057, 0.000495948363096, 0.000604322704021, 0.00109456770588, 0.000355712400051, 0.0014717906015, 0.000996317598037, 0.000525273673702, 0.000658674922306, 0.00100071402267, 0.00122130406089, 0.00148467696272, 0.00316232070327, 0.000247791205766, 0.00203908258118, 0.00134450150654, 0.000137290160637, 0.00084684434114, 0.00190887984354, 0.00061860709684, 0.000800030189566, 0.000879953440744, 0.000400915043429, 0.000358316872735, 0.000340305065038, 0.000705451471731, 0.00112867983989, 0.00129088922404, 0.000225449970458, 0.000522665737662, 0.000818805187009]}, "key_key": "E", "thpcp": [1, 0.868801534176, 0.625874340534, 0.508825838566, 0.412735760212, 0.462439775467, 0.521130681038, 0.551822006702, 0.640548884869, 0.567824363708, 0.43997707963, 0.569233059883, 0.847130417824, 0.887331783772, 0.724318265915, 0.511433362961, 0.398236006498, 0.386092096567, 0.328549206257, 0.29149928689, 0.372277081013, 0.596300303936, 0.622515380383, 0.562846422195, 0.612221717834, 0.571971833706, 0.571613311768, 0.830338597298, 0.945294201374, 0.765720367432, 0.668447673321, 0.525417506695, 0.329241484404, 0.255929976702, 0.311211138964, 0.657492756844], "chords_key": "E", "tuning_equal_tempered_deviation": 0.155349522829, "tuning_frequency": 438.477722168, "tuning_diatonic_strength": 0.514951467514, "chords_histogram": [56.1403503418, 8.77192974091, 0, 0, 0, 11.9298248291, 0, 7.71929836273, 0, 0, 0, 0, 0, 0, 0, 0, 0, 4.91228055954, 0, 1.05263161659, 2.45614027977, 5.61403512955, 1.40350878239, 0], "key_strength": 0.651050925255, "key_scale": "minor", "chords_strength": {"dvar": 0.000100138917333, "var": 0.0143847949803, "median": 0.482841432095, "max": 0.770030379295, "dmean": 0.0129838129506, "dmean2": 0.0148675264791, "mean": 0.522831857204, "dvar2": 0.000148547624121, "min": 0.311971873045}, "chords_number_rate": 0.0315789468586, "tuning_nontempered_energy_ratio": 0.853916466236, "hpcp_entropy": {"dvar": 0.351445287466, "var": 0.652894854546, "median": 2.37385892868, "max": 4.36156988144, "dmean": 0.744421303272, "dmean2": 1.24964702129, "mean": 2.35065674782, "dvar2": 1.01058030128, "min": 0.0598275586963}, "chords_changes_rate": 0.0842105299234, "chords_scale": "minor"}, "rhythm": {"bpm_histogram_first_peak_spread": {"dvar": 0, "var": 0, "median": 0.285714268684, "max": 0.285714268684, "dmean": 0, "dmean2": 0, "mean": 0.285714268684, "dvar2": 0, "min": 0.285714268684}, "bpm_histogram_first_peak_weight": {"dvar": 0, "var": 0, "median": 0.3125, "max": 0.3125, "dmean": 0, "dmean2": 0, "mean": 0.3125, "dvar2": 0, "min": 0.3125}, "bpm_histogram_first_peak_bpm": {"dvar": 0, "var": 0, "median": 78, "max": 78, "dmean": 0, "dmean2": 0, "mean": 78, "dvar2": 0, "min": 78}, "bpm": 84.5096511841, "bpm_histogram_second_peak_weight": {"dvar": 0, "var": 0, "median": 0.1875, "max": 0.1875, "dmean": 0, "dmean2": 0, "mean": 0.1875, "dvar2": 0, "min": 0.1875}, "beats_loudness": {"dvar": 0.000464549782919, "var": 0.000433693407103, "median": 0.00563023099676, "max": 0.0682636573911, "dmean": 0.0209276527166, "dmean2": 0.0406120680273, "mean": 0.0167144183069, "dvar2": 0.00116084190086, "min": 0.00133565405849}, "beats_loudness_band_ratio": {"dvar": [0.0427309200168, 0.019691510126, 0.0570281334221, 0.074473708868, 0.0653945431113, 0.000823104637675], "var": [0.0436346158385, 0.02900162898, 0.073597766459, 0.0602984130383, 0.0526128485799, 0.00184768589679], "median": [0.022424345836, 0.144042536616, 0.164391443133, 0.120636202395, 0.116230241954, 0.039346255362], "max": [0.728303194046, 0.585449814796, 0.742674410343, 0.873130142689, 0.815077364445, 0.138053953648], "dmean": [0.191991969943, 0.169452801347, 0.283918738365, 0.26750048995, 0.238620102406, 0.0406725555658], "dmean2": [0.395852595568, 0.299577444792, 0.545501172543, 0.52558106184, 0.408274054527, 0.0718588680029], "mean": [0.154358804226, 0.182154297829, 0.297713577747, 0.214441299438, 0.180949628353, 0.0553590245545], "dvar2": [0.0967509374022, 0.0355682596564, 0.138239651918, 0.263939499855, 0.180639371276, 0.00204574293457], "min": [0.00155580230057, 0.00108344317414, 0.0266753435135, 0.0189745817333, 0.0120799746364, 0.00623628357425]}, "bpm_histogram_second_peak_bpm": {"dvar": 0, "var": 0, "median": 83, "max": 83, "dmean": 0, "dmean2": 0, "mean": 83, "dvar2": 0, "min": 83}, "onset_rate": 3.71850895882, "beats_count": 17, "beats_position": [0.708208620548, 1.42802715302, 2.13623571396, 2.85605430603, 3.5758728981, 4.26086139679, 4.94585037231, 5.64244890213, 6.35065746307, 7.05886602402, 7.79029464722, 8.52172279358, 9.287981987, 10.0542402267, 10.8204984665, 11.5983667374, 12.3646259308], "danceability": 0.930411756039, "bpm_histogram_second_peak_spread": {"dvar": 0, "var": 0, "median": 0.571428537369, "max": 0.571428537369, "dmean": 0, "dmean2": 0, "mean": 0.571428537369, "dvar2": 0, "min": 0.571428537369}}, "lowlevel": {"spectral_flux": {"dvar": 0.000468217564048, "var": 0.00235770805739, "median": 0.0407955721021, "max": 0.21881172061, "dmean": 0.0172910541296, "dmean2": 0.0275271404535, "mean": 0.0604316480458, "dvar2": 0.000980388373137, "min": 0.00269524450414}, "spectral_rolloff": {"dvar": 1043133.9375, "var": 2166377.75, "median": 2153.3203125, "max": 10249.8046875, "dmean": 579.952758789, "dmean2": 954.689147949, "mean": 2177.43139648, "dvar2": 2317947, "min": 172.265625}, "barkbands_flatness_db": {"dvar": 0.000395576789742, "var": 0.0026820958592, "median": 0.116512745619, "max": 0.279495626688, "dmean": 0.023313773796, "dmean2": 0.0356538742781, "mean": 0.12534506619, "dvar2": 0.000903487205505, "min": 0.0353617556393}, "spectral_centroid": {"dvar": 60322.1367188, "var": 318042.625, "median": 1734.42651367, "max": 3680.46826172, "dmean": 269.585266113, "dmean2": 419.510284424, "mean": 1720.93469238, "dvar2": 134776.53125, "min": 256.38168335}, "melbands_skewness": {"dvar": 0.377479821444, "var": 1.85267806053, "median": 1.50820279121, "max": 7.4137635231, "dmean": 0.647273898125, "dmean2": 1.02179718018, "mean": 1.58211219311, "dvar2": 0.854281544685, "min": -2.3796210289}, "melbands": {"dvar": [1.72288565636e-07, 8.89717625796e-07, 5.06993501403e-07, 9.2716754807e-07, 4.20895780451e-08, 1.34504730909e-07, 1.63973666645e-07, 2.65507740238e-08, 1.46352505226e-07, 3.88487677583e-08, 5.21687752553e-07, 4.20995682759e-08, 2.94918351074e-07, 2.33290222695e-08, 4.1946016438e-08, 7.62940199905e-09, 7.18620407625e-09, 1.03618544856e-08, 2.41718534078e-09, 4.99465024895e-10, 8.65428395613e-10, 1.11656395241e-09, 6.30062335638e-10, 2.52228654629e-10, 2.03850408775e-10, 6.34270205802e-11, 4.55824371304e-11, 3.01838519456e-11, 3.22284629539e-11, 1.56076141594e-11, 4.840551137e-12, 3.44318692481e-12, 4.36820241437e-12, 2.30452072356e-12, 1.87062778462e-12, 1.93831495993e-12, 1.76407835822e-12, 1.61254961207e-12, 8.41413256344e-13, 1.02663450657e-12], "var": [1.22136881942e-07, 7.64318599522e-07, 5.64864933494e-07, 7.10531821824e-07, 5.47055947209e-08, 1.66898715293e-07, 2.51530764217e-07, 3.03293461457e-08, 1.67737823631e-07, 6.28919707424e-08, 6.29404723895e-07, 1.05130204986e-07, 6.16913439444e-07, 5.83908921215e-08, 5.47329541689e-08, 1.45903351623e-08, 1.41928060415e-08, 2.35062653786e-08, 3.48613804491e-09, 1.46478285057e-09, 2.33093455648e-09, 3.08261571824e-09, 2.20375073745e-09, 8.2205048324e-10, 5.52848045121e-10, 1.61942126375e-10, 1.32988592361e-10, 1.33757727117e-10, 1.00851695051e-10, 5.58928979488e-11, 1.8653903075e-11, 8.81390706947e-12, 8.28548687992e-12, 5.50462453397e-12, 4.98045094749e-12, 4.31861274172e-12, 3.89150820942e-12, 3.50102932756e-12, 1.84885483659e-12, 2.17338647079e-12], "median": [1.21655853036e-06, 2.29753140957e-06, 1.29089485199e-05, 2.81317625195e-05, 2.33429600485e-05, 2.69730298896e-05, 2.32015772781e-05, 1.62272699527e-05, 2.66164061031e-05, 3.95818969992e-05, 3.53596951754e-05, 2.59923963313e-05, 1.523312676e-05, 9.87598104984e-06, 8.08352251624e-06, 5.0859230214e-06, 6.8696181188e-06, 5.10951304022e-06, 4.04999127568e-06, 2.72857914752e-06, 3.430801371e-06, 7.51226070861e-06, 9.68293716141e-06, 2.14947408494e-06, 1.18474940791e-06, 1.161023647e-06, 9.08023423563e-07, 5.85188900004e-07, 3.64550430731e-07, 3.55600207058e-07, 3.2250102322e-07, 3.12586308837e-07, 2.51456242495e-07, 1.98641060933e-07, 1.33919314749e-07, 1.34203020252e-07, 1.39602363447e-07, 1.07595127474e-07, 9.38788673466e-08, 4.6380996821e-08], "max": [0.00408528652042, 0.00804637931287, 0.00786896236241, 0.0122522013262, 0.00227613653988, 0.00506016798317, 0.00483469571918, 0.00230081798509, 0.0049288677983, 0.0024589849636, 0.00776078691706, 0.00294507853687, 0.00740484567359, 0.00166828732472, 0.00325841619633, 0.000853765348438, 0.00155420298688, 0.00236380985007, 0.00075697916327, 0.000324503402226, 0.000360130856279, 0.000433038716437, 0.000375130941393, 0.000241346904659, 0.000191469633137, 0.0001055345856, 8.32777877804e-05, 6.77581774653e-05, 5.96900463279e-05, 5.10435202159e-05, 2.11424558074e-05, 1.98584439204e-05, 2.31164358411e-05, 1.64549492183e-05, 1.5288922441e-05, 1.61705720529e-05, 1.50281830429e-05, 1.85171011253e-05, 1.15977381938e-05, 1.46111733557e-05], "dmean": [0.00010667549941, 0.000282000808511, 0.000223771479796, 0.000259062973782, 8.61376174726e-05, 0.000138376708492, 0.000153441040311, 5.87768554396e-05, 0.00012343666458, 8.1962083641e-05, 0.000238487380557, 8.76934427652e-05, 0.000161155141541, 6.25099492026e-05, 6.01007268415e-05, 3.44059371855e-05, 2.80122094409e-05, 2.57839001279e-05, 1.66564404935e-05, 1.23822173919e-05, 1.60310137289e-05, 1.88135472854e-05, 1.41060436363e-05, 7.35394314688e-06, 6.47054139336e-06, 3.75117679141e-06, 3.40098563356e-06, 2.77733806797e-06, 2.71667954621e-06, 1.87041746358e-06, 1.14838951504e-06, 9.18717148579e-07, 8.82903577804e-07, 6.90857632435e-07, 6.08456332429e-07, 5.9718462353e-07, 5.30183910996e-07, 4.6512428753e-07, 3.69338096107e-07, 3.80805090572e-07], "dmean2": [0.000192261941265, 0.000486936361995, 0.000379753531888, 0.000446906458819, 0.000137237817398, 0.000232973208767, 0.000248328171438, 9.75856455625e-05, 0.000199008922209, 0.000133635316161, 0.00035471492447, 0.000139819720061, 0.00026519887615, 0.000102040459751, 9.75485527306e-05, 5.41112603969e-05, 4.38819843112e-05, 3.70017223759e-05, 2.80151016341e-05, 1.90146984096e-05, 2.53761700151e-05, 3.02467178699e-05, 2.11285278056e-05, 1.07013393063e-05, 9.94369747787e-06, 5.77352511755e-06, 4.667054327e-06, 4.10608754464e-06, 4.18596118834e-06, 2.77058870779e-06, 1.69382451531e-06, 1.3030368109e-06, 1.2997312524e-06, 9.83944687505e-07, 8.64102105425e-07, 8.42984661631e-07, 7.92307048414e-07, 6.76137915434e-07, 5.5409958577e-07, 5.84761437494e-07], "mean": [8.78332502907e-05, 0.000293555145618, 0.000318726612022, 0.000262376939645, 0.000123742400319, 0.000207576085813, 0.00018765348068, 6.95093913237e-05, 0.00014259852469, 0.000121721364849, 0.000287526549073, 0.000138548479299, 0.000235324725509, 0.000103838334326, 9.112067346e-05, 5.20289759152e-05, 4.89196936542e-05, 4.0184277168e-05, 2.33791652136e-05, 2.34624076256e-05, 2.98442737403e-05, 3.60382146027e-05, 3.09887691401e-05, 1.59723349498e-05, 1.30905646074e-05, 7.66793436924e-06, 6.500942618e-06, 6.83657026457e-06, 5.83538621868e-06, 4.33376726505e-06, 2.76007313005e-06, 1.79956953161e-06, 1.51310030105e-06, 1.23351912862e-06, 1.17481249617e-06, 1.07776634195e-06, 9.26843426896e-07, 7.79769777637e-07, 6.46203488941e-07, 6.47886110983e-07], "dvar2": [4.63881889345e-07, 2.4616151677e-06, 1.37915901632e-06, 2.55211784861e-06, 1.09375740465e-07, 3.73679000631e-07, 3.84102293083e-07, 6.78605331927e-08, 3.44948773545e-07, 8.84306672333e-08, 1.2218105212e-06, 1.05803437123e-07, 8.01102999048e-07, 5.96617155679e-08, 1.08328556792e-07, 1.85180901724e-08, 1.7615048975e-08, 1.76933792062e-08, 6.38982378121e-09, 1.15612286411e-09, 2.10809436574e-09, 2.70014788306e-09, 1.53737134134e-09, 5.07281772144e-10, 4.74897066116e-10, 1.40376071878e-10, 8.75082853402e-11, 5.94066879023e-11, 7.69539085232e-11, 3.64386645857e-11, 1.07807859862e-11, 7.61314882664e-12, 9.68203728996e-12, 4.6266918248e-12, 3.69949340259e-12, 4.14300408216e-12, 4.02410179831e-12, 3.47592310837e-12, 1.76859742129e-12, 2.16461115525e-12], "min": [1.27353763091e-08, 3.63158236816e-09, 2.03786516551e-08, 7.04303531052e-08, 1.33073456254e-07, 1.02540397506e-07, 1.05015367069e-07, 1.39923670872e-07, 1.65947255937e-07, 1.82356458822e-07, 6.57873684418e-08, 5.6863889597e-08, 2.77238445534e-08, 4.28377795458e-08, 3.43266997049e-08, 3.44256569917e-08, 2.93854771627e-08, 4.76702659569e-08, 2.60223487203e-08, 8.73803873702e-09, 3.18277137978e-08, 8.18387277945e-08, 7.68650068039e-08, 2.0459404837e-08, 1.67022484732e-08, 1.36146329766e-08, 9.856248262e-09, 1.01251851348e-08, 8.80973161088e-09, 4.31340607676e-09, 2.92550272896e-09, 2.42436515308e-09, 1.04146702373e-09, 9.48605971551e-10, 3.68974351073e-10, 2.44364445345e-10, 3.28701649233e-10, 3.40198286208e-10, 2.78131628839e-10, 2.8097343896e-10]}, "spectral_decrease": {"dvar": 6.88170139558e-18, "var": 1.82922555224e-17, "median": -9.86219661492e-10, "max": -8.73104713528e-12, "dmean": 1.43576639466e-09, "dmean2": 2.26677854265e-09, "mean": -3.2662246241e-09, "dvar2": 1.81572927336e-17, "min": -2.26416378979e-08}, "barkbands_kurtosis": {"dvar": 15.5073804855, "var": 30.0527381897, "median": 0.684398889542, "max": 45.5542259216, "dmean": 2.33564281464, "dmean2": 3.86357617378, "mean": 2.59886717796, "dvar2": 37.3992156982, "min": -1.76970183849}, "silence_rate_30dB": {"dvar": 0, "var": 0, "median": 1, "max": 1, "dmean": 0, "dmean2": 0, "mean": 1, "dvar2": 0, "min": 1}, "gfcc": {"mean": [-73.9674911499, 59.3280906677, -158.778900146, 8.55896663666, -72.2118835449, 4.82245779037, -41.7508811951, 10.1490783691, -28.3950252533, -8.60944747925, -18.2968292236, -0.889999508858, -8.3788766861], "cov": [[11332.9521484, 99.5628814697, 1178.07104492, 1039.80310059, 272.117675781, 601.87097168, -193.022644043, -172.546478271, -601.269165039, 319.295013428, -48.7090110779, 123.547988892, -169.354232788], [99.5628814697, 728.59161377, 208.381530762, 129.848999023, 167.65826416, -79.7391662598, 108.942649841, -109.718940735, -24.4645061493, -26.6076164246, -1.08312690258, -17.5745124817, -26.3388404846], [1178.07104492, 208.381530762, 1118.35620117, 464.685119629, 49.2270584106, -32.6842346191, -71.1331787109, -64.4371185303, -162.572570801, 149.140380859, 20.8556652069, 22.0896339417, -143.210525513], [1039.80310059, 129.848999023, 464.685119629, 589.869506836, 225.752700806, 30.4649162292, -5.80330228806, -54.8506202698, -89.3545074463, 72.5646057129, -15.5490846634, 13.3980302811, -49.3109893799], [272.117675781, 167.65826416, 49.2270584106, 225.752700806, 508.084777832, 27.1410865784, 82.134979248, -40.5257987976, -37.1902961731, 43.684803009, -79.8704452515, 50.3780136108, 28.8233089447], [601.87097168, -79.7391662598, -32.6842346191, 30.4649162292, 27.1410865784, 272.136810303, 155.828262329, 53.1683273315, -48.8053321838, 0.779254078865, -8.36937236786, 40.586353302, 43.1372146606], [-193.022644043, 108.942649841, -71.1331787109, -5.80330228806, 82.134979248, 155.828262329, 349.022918701, 53.3926315308, -26.3068141937, -25.3953552246, -16.0897274017, 33.5562286377, 42.7051315308], [-172.546478271, -109.718940735, -64.4371185303, -54.8506202698, -40.5257987976, 53.1683273315, 53.3926315308, 129.13130188, 32.3753547668, -26.979139328, 10.6036090851, 6.19327306747, 11.2129220963], [-601.269165039, -24.4645061493, -162.572570801, -89.3545074463, -37.1902961731, -48.8053321838, -26.3068141937, 32.3753547668, 141.884857178, -15.6964168549, -3.18886327744, -33.8054504395, -3.95346689224], [319.295013428, -26.6076164246, 149.140380859, 72.5646057129, 43.684803009, 0.779254078865, -25.3953552246, -26.979139328, -15.6964168549, 129.689468384, 29.4447097778, 12.1101226807, -22.4039287567], [-48.7090110779, -1.08312690258, 20.8556652069, -15.5490846634, -79.8704452515, -8.36937236786, -16.0897274017, 10.6036090851, -3.18886327744, 29.4447097778, 108.185791016, 28.3024730682, -20.2991466522], [123.547988892, -17.5745124817, 22.0896339417, 13.3980302811, 50.3780136108, 40.586353302, 33.5562286377, 6.19327306747, -33.8054504395, 12.1101226807, 28.3024730682, 98.4833679199, 22.4516067505], [-169.354232788, -26.3388404846, -143.210525513, -49.3109893799, 28.8233089447, 43.1372146606, 42.7051315308, 11.2129220963, -3.95346689224, -22.4039287567, -20.2991466522, 22.4516067505, 97.4658050537]], "icov": [[0.000186086021131, -0.000192986946786, 0.000138454837725, -0.000222724076593, 0.000148850129335, -0.000564662739635, 0.000430996675277, -0.000168112048414, 0.000661799684167, -0.000453785527498, 0.000451893749414, -0.000200383437914, 0.000461141637061], [-0.000192986946786, 0.00289508886635, -0.0011350720888, 0.000531444384251, -0.00139396963641, 0.00132110761479, -0.0020337132737, 0.00294443638995, -0.00160771270748, 0.00285509927198, -0.00273098656908, 0.00171470432542, -0.000944732222706], [0.000138454837725, -0.0011350720888, 0.00267476611771, -0.001657348359, 0.00134504039306, -3.30223447236e-05, 0.000825484283268, -0.00171391223557, 0.00271330005489, -0.00295560853556, 0.00241278950125, -0.00163260207046, 0.00278706918471], [-0.000222724076593, 0.000531444384251, -0.001657348359, 0.00371448998339, -0.00197692215443, -0.000141738695675, -0.00032558615203, 0.001093749539, -0.000825086550321, 0.00137542851735, -0.00177855603397, 0.00154310895596, -0.000578314415179], [0.000148850129335, -0.00139396963641, 0.00134504039306, -0.00197692215443, 0.0044229500927, 0.000107282925455, 0.000168876285898, -0.00114013825078, 0.00109170854557, -0.00332226837054, 0.00491113727912, -0.00354382861406, 0.000679561228026], [-0.000564662739635, 0.00132110761479, -3.30223447236e-05, -0.000141738695675, 0.000107282925455, 0.00817819591612, -0.0039032837376, -0.00104551296681, -7.14414418326e-05, 0.000427277002018, -0.000490778882522, -0.000430995947681, -0.0024727541022], [0.000430996675277, -0.0020337132737, 0.000825484283268, -0.00032558615203, 0.000168876285898, -0.0039032837376, 0.00619997316971, -0.00287707755342, 0.00232392479666, -0.00154773157556, 0.00200039870106, -0.00126551929861, 0.000986183062196], [-0.000168112048414, 0.00294443638995, -0.00171391223557, 0.001093749539, -0.00114013825078, -0.00104551296681, -0.00287707755342, 0.013618898578, -0.00504443934187, 0.00508461240679, -0.00433431519195, 0.00127213459928, -0.00119923637249], [0.000661799684167, -0.00160771270748, 0.00271330005489, -0.000825086550321, 0.00109170854557, -7.14414418326e-05, 0.00232392479666, -0.00504443934187, 0.0139469560236, -0.00408339267597, 0.00325133954175, 0.000905699038412, 0.00365127972327], [-0.000453785527498, 0.00285509927198, -0.00295560853556, 0.00137542851735, -0.00332226837054, 0.000427277002018, -0.00154773157556, 0.00508461240679, -0.00408339267597, 0.0146012939513, -0.00770220765844, 0.00271601951681, -0.00181638589129], [0.000451893749414, -0.00273098656908, 0.00241278950125, -0.00177855603397, 0.00491113727912, -0.000490778882522, 0.00200039870106, -0.00433431519195, 0.00325133954175, -0.00770220765844, 0.0184033699334, -0.00849035289139, 0.00522964308038], [-0.000200383437914, 0.00171470432542, -0.00163260207046, 0.00154310895596, -0.00354382861406, -0.000430995947681, -0.00126551929861, 0.00127213459928, 0.000905699038412, 0.00271601951681, -0.00849035289139, 0.0167240072042, -0.00481570931152], [0.000461141637061, -0.000944732222706, 0.00278706918471, -0.000578314415179, 0.000679561228026, -0.0024727541022, 0.000986183062196, -0.00119923637249, 0.00365127972327, -0.00181638589129, 0.00522964308038, -0.00481570931152, 0.0171369295567]]}, "silence_rate_20dB": {"dvar": 0, "var": 0, "median": 1, "max": 1, "dmean": 0, "dmean2": 0, "mean": 1, "dvar2": 0, "min": 1}, "barkbands_skewness": {"dvar": 0.260386288166, "var": 1.49899816513, "median": 0.71498632431, "max": 5.32105064392, "dmean": 0.542577624321, "dmean2": 0.853036880493, "mean": 0.81883919239, "dvar2": 0.571686685085, "min": -3.92593431473}, "erbbands_skewness": {"dvar": 0.192963704467, "var": 1.37347471714, "median": 0.346557885408, "max": 4.26404476166, "dmean": 0.504510343075, "dmean2": 0.773817658424, "mean": 0.395663797855, "dvar2": 0.454493820667, "min": -4.2832608223}, "spectral_contrast_valleys": {"dvar": [0.202599793673, 0.0932855829597, 0.0662480443716, 0.0588385909796, 0.0465637110174, 0.123828023672], "var": [2.76096534729, 0.85845053196, 0.957580864429, 1.03331720829, 1.09276163578, 1.34632861614], "median": [-9.77556228638, -7.4034318924, -7.65210056305, -8.09487342834, -8.20719337463, -10.6798725128], "max": [-5.76256990433, -5.2706489563, -5.3232126236, -5.60134458542, -5.78933525085, -8.14145565033], "dmean": [0.522999882698, 0.375291824341, 0.297437757254, 0.279831200838, 0.22087559104, 0.284300833941], "dmean2": [0.855731904507, 0.606428802013, 0.45814755559, 0.438388556242, 0.321776241064, 0.37259042263], "mean": [-9.50635433197, -7.42372655869, -7.48315668106, -7.92097568512, -7.84676647186, -10.558722496], "dvar2": [0.423644453287, 0.239307925105, 0.154902607203, 0.134204149246, 0.0856333598495, 0.216544464231], "min": [-12.6321239471, -9.42555046082, -9.95375156403, -10.4018630981, -9.99921131134, -13.1782741547]}, "spectral_strongpeak": {"dvar": 0.839244782925, "var": 1.91237676144, "median": 0.740607142448, "max": 9.37954139709, "dmean": 0.672503948212, "dmean2": 1.0779800415, "mean": 1.26028895378, "dvar2": 2.14847683907, "min": 0}, "erbbands_crest": {"dvar": 10.5327138901, "var": 38.9128417969, "median": 10.5163726807, "max": 30.0984859467, "dmean": 3.57888364792, "dmean2": 5.78057050705, "mean": 11.9304943085, "dvar2": 25.184923172, "min": 3.34094882011}, "barkbands_crest": {"dvar": 7.41817092896, "var": 24.0303153992, "median": 9.33801651001, "max": 24.2463092804, "dmean": 3.17692565918, "dmean2": 5.24868965149, "mean": 10.386510849, "dvar2": 17.7814388275, "min": 2.9685959816}, "spectral_energyband_middle_low": {"dvar": 4.41290976596e-05, "var": 7.02335819369e-05, "median": 0.00232754508033, "max": 0.0638037621975, "dmean": 0.00343967089429, "dmean2": 0.00569207360968, "mean": 0.0056235101074, "dvar2": 0.000115967719466, "min": 1.04795672087e-05}, "spectral_contrast_coeffs": {"dvar": [0.00208144565113, 0.00176609377377, 0.00106007698923, 0.000625489454251, 0.000316083634971, 0.000206881726626], "var": [0.00771798798814, 0.00718828989193, 0.00525096012279, 0.00264174723998, 0.00184534676373, 0.00179595127702], "median": [-0.630829751492, -0.767600178719, -0.774094820023, -0.804051280022, -0.787796258926, -0.777961909771], "max": [-0.291021823883, -0.432490944862, -0.506626844406, -0.601490914822, -0.673071801662, -0.659927368164], "dmean": [0.0554631501436, 0.0521498844028, 0.0401255227625, 0.0312024578452, 0.0221586227417, 0.0169181395322], "dmean2": [0.0913818627596, 0.0835600271821, 0.0594640336931, 0.049474876374, 0.0339616425335, 0.025126138702], "mean": [-0.626582205296, -0.757300496101, -0.763554811478, -0.799191832542, -0.784791886806, -0.775281846523], "dvar2": [0.00496064452454, 0.00430752197281, 0.00262214639224, 0.00137962214649, 0.00075988646131, 0.000432514119893], "min": [-0.932178378105, -0.939302563667, -0.916855573654, -0.902714192867, -0.871062219143, -0.907833635807]}, "hfc": {"dvar": 69.6296615601, "var": 463.105255127, "median": 5.06970071793, "max": 83.9407653809, "dmean": 5.46740913391, "dmean2": 7.84828948975, "mean": 16.9468917847, "dvar2": 161.215332031, "min": 0.0407270118594}, "spectral_energyband_high": {"dvar": 2.17955431481e-07, "var": 9.43165900935e-07, "median": 7.92461360106e-05, "max": 0.0050712749362, "dmean": 0.000221716501983, "dmean2": 0.000310266332235, "mean": 0.00061734567862, "dvar2": 4.34737245314e-07, "min": 1.04183322946e-06}, "erbbands_spread": {"dvar": 42.3189506531, "var": 246.009048462, "median": 24.3315811157, "max": 82.9696884155, "dmean": 6.27366161346, "dmean2": 9.62822437286, "mean": 27.6359062195, "dvar2": 88.6984176636, "min": 3.45294260979}, "dissonance": {"dvar": 0.000616222037934, "var": 0.0012479305733, "median": 0.480471432209, "max": 0.49997857213, "dmean": 0.0211743172258, "dmean2": 0.0353750400245, "mean": 0.468430370092, "dvar2": 0.00151649909094, "min": 0.251683831215}, "spectral_kurtosis": {"dvar": 3.97263765335, "var": 9.75002765656, "median": 4.71140766144, "max": 28.3424720764, "dmean": 1.77617144585, "dmean2": 3.08892631531, "mean": 5.28960132599, "dvar2": 11.1984262466, "min": -0.666309833527}, "spectral_skewness": {"dvar": 0.0378617197275, "var": 0.169918134809, "median": 1.56993556023, "max": 3.04785180092, "dmean": 0.212906509638, "dmean2": 0.345877557993, "mean": 1.62290275097, "dvar2": 0.10433344543, "min": 0.499061256647}, "pitch_salience": {"dvar": 0.00460862601176, "var": 0.0169249866158, "median": 0.605987846851, "max": 0.821824610233, "dmean": 0.0765549987555, "dmean2": 0.127427518368, "mean": 0.573430538177, "dvar2": 0.011740478687, "min": 0.161002576351}, "spectral_complexity": {"dvar": 11.5574588776, "var": 247.067977905, "median": 8, "max": 56, "dmean": 2.83774256706, "dmean2": 4.03533554077, "mean": 16.0158443451, "dvar2": 18.1082763672, "min": 0}, "spectral_spread": {"dvar": 687553904640, "var": 1779427049470.0, "median": 3920651.5, "max": 14989016, "dmean": 532875.4375, "dmean2": 758553, "mean": 4097464.25, "dvar2": 1063144521730.0, "min": 1527600.75}, "dynamic_complexity": 6.33030366898, "melbands_crest": {"dvar": 11.8753128052, "var": 40.2085609436, "median": 13.1561965942, "max": 31.9736442566, "dmean": 4.05814170837, "dmean2": 6.59658002853, "mean": 14.319776535, "dvar2": 29.5081787109, "min": 3.82771134377}, "zerocrossingrate": {"dvar": 0.00026051804889, "var": 0.0012946218485, "median": 0.07373046875, "max": 0.29248046875, "dmean": 0.0114259533584, "dmean2": 0.0131533993408, "mean": 0.0783699974418, "dvar2": 0.000311540818075, "min": 0.0146484375}, "spectral_energyband_low": {"dvar": 1.2620972484e-05, "var": 1.30588041429e-05, "median": 2.0827526896e-05, "max": 0.0316626578569, "dmean": 0.00113037414849, "dmean2": 0.00187664257828, "mean": 0.00138989905827, "dvar2": 3.35230761266e-05, "min": 1.31689432692e-07}, "melbands_kurtosis": {"dvar": 50.0729217529, "var": 104.519302368, "median": 3.1126408577, "max": 94.3199462891, "dmean": 4.28192710876, "dmean2": 7.08252191544, "mean": 6.439245224, "dvar2": 121.152374268, "min": -1.5384837389}, "spectral_energyband_middle_high": {"dvar": 2.69687971013e-05, "var": 0.00011652840476, "median": 0.00181321927812, "max": 0.059991966933, "dmean": 0.00285172183067, "dmean2": 0.00413662614301, "mean": 0.00699502322823, "dvar2": 6.83024773025e-05, "min": 1.11360004666e-05}, "barkbands_spread": {"dvar": 30.4426498413, "var": 167.111618042, "median": 16.6295967102, "max": 73.1422424316, "dmean": 5.28030538559, "dmean2": 7.9311041832, "mean": 20.1688365936, "dvar2": 61.9194374084, "min": 1.86442160606}, "mfcc": {"mean": [-705.013366699, 96.7491531372, -32.4741020203, -0.425212055445, -11.8610534668, -11.1902685165, -5.3805513382, 4.29189109802, -2.16543459892, -5.99889802933, -5.97777557373, -1.50979042053, -8.02924633026], "cov": [[11020.7949219, -317.854797363, 686.888916016, 527.004821777, 453.334686279, 600.779418945, 414.592102051, -154.517669678, -176.674942017, -254.602157593, -308.753723145, 28.3160381317, 294.611236572], [-317.854797363, 654.385742188, -33.1946182251, 129.924850464, 17.3213443756, 34.9563064575, 26.2936344147, -1.49072992802, -11.5227432251, -49.9819717407, -12.7692480087, -23.6438865662, 38.859085083], [686.888916016, -33.1946182251, 908.224121094, 265.250793457, 37.0284156799, -18.9208698273, 28.4500179291, -90.74193573, -169.049850464, -12.8230361938, 30.458240509, -33.6352157593, 141.301834106], [527.004821777, 129.924850464, 265.250793457, 603.787658691, 257.422729492, 153.765304565, 75.2390441895, -77.7671127319, -25.8776016235, -49.5933837891, -15.8906908035, -0.088115952909, 4.68992090225], [453.334686279, 17.3213443756, 37.0284156799, 257.422729492, 322.09866333, 75.0094833374, -24.5236301422, -76.9384994507, -7.307700634, -28.9853916168, -23.5231628418, 14.7522649765, -18.4922428131], [600.779418945, 34.9563064575, -18.9208698273, 153.765304565, 75.0094833374, 271.110656738, 156.525878906, 32.5500411987, 69.5883865356, -42.9116210938, -23.8479232788, 11.4408102036, -9.78273582458], [414.592102051, 26.2936344147, 28.4500179291, 75.2390441895, -24.5236301422, 156.525878906, 278.412445068, 94.8959197998, 53.8043937683, -20.5283641815, -33.1923408508, 13.733338356, 19.6522121429], [-154.517669678, -1.49072992802, -90.74193573, -77.7671127319, -76.9384994507, 32.5500411987, 94.8959197998, 193.793930054, 83.6824264526, 4.04377555847, 8.23152160645, 11.9323358536, -33.3229827881], [-176.674942017, -11.5227432251, -169.049850464, -25.8776016235, -7.307700634, 69.5883865356, 53.8043937683, 83.6824264526, 169.640380859, 20.0659484863, -25.0767936707, 2.99492788315, -54.2960891724], [-254.602157593, -49.9819717407, -12.8230361938, -49.5933837891, -28.9853916168, -42.9116210938, -20.5283641815, 4.04377555847, 20.0659484863, 130.97479248, 21.2437477112, -17.360496521, -2.65160489082], [-308.753723145, -12.7692480087, 30.458240509, -15.8906908035, -23.5231628418, -23.8479232788, -33.1923408508, 8.23152160645, -25.0767936707, 21.2437477112, 107.366989136, 35.5305519104, -14.0281238556], [28.3160381317, -23.6438865662, -33.6352157593, -0.088115952909, 14.7522649765, 11.4408102036, 13.733338356, 11.9323358536, 2.99492788315, -17.360496521, 35.5305519104, 94.6349105835, -4.41960334778], [294.611236572, 38.859085083, 141.301834106, 4.68992090225, -18.4922428131, -9.78273582458, 19.6522121429, -33.3229827881, -54.2960891724, -2.65160489082, -14.0281238556, -4.41960334778, 146.134216309]], "icov": [[0.000139905707329, 9.74343856797e-05, -6.81076635374e-05, 5.10656827828e-05, -0.000131783701363, -0.000320965918945, -2.22393373406e-05, -2.94964920613e-05, 0.000243414877332, 6.17264013272e-05, 0.000403026788263, -0.000130522355903, -0.000159343369887], [9.74343856797e-05, 0.00187409552746, 0.000400630902732, -0.000675552524626, 0.000197514105821, -8.58605344547e-05, -1.37550277941e-05, -0.000220667920075, 0.000245256815106, 0.00077002128819, -0.000137800830998, 0.000729913939722, -0.00097575946711], [-6.81076635374e-05, 0.000400630902732, 0.00199880660512, -0.00114223000128, 0.000415637361584, 0.000544798385818, -0.000368136679754, -4.10670436395e-05, 0.00105218123645, 0.000134306479595, -0.00111305259634, 0.00110086693894, -0.00141624757089], [5.10656827828e-05, -0.000675552524626, -0.00114223000128, 0.00383479939774, -0.00252056098543, -0.00111730815843, -0.000874056015164, 0.000845487113111, -7.51168990973e-05, 0.000158131442731, -0.000132077679154, 8.66228583618e-05, 0.000939561112318], [-0.000131783701363, 0.000197514105821, 0.000415637361584, -0.00252056098543, 0.00596840167418, -0.000814846949652, 0.00165506021585, 0.000943014514633, -4.20095748268e-05, -0.00019692828937, 0.00131492188666, -0.00145500828512, 0.00064836977981], [-0.000320965918945, -8.58605344547e-05, 0.000544798385818, -0.00111730815843, -0.000814846949652, 0.00841445475817, -0.00406062975526, 0.00126761686988, -0.00339949899353, 0.001961074071, -0.00249235704541, 0.00121153972577, 4.41840857093e-05], [-2.22393373406e-05, -1.37550277941e-05, -0.000368136679754, -0.000874056015164, 0.00165506021585, -0.00406062975526, 0.00783307570964, -0.00350054563023, 0.000697809213307, -0.000895466946531, 0.00290061137639, -0.00191381014884, -0.00101792952046], [-2.94964920613e-05, -0.000220667920075, -4.10670436395e-05, 0.000845487113111, 0.000943014514633, 0.00126761686988, -0.00350054563023, 0.00933679286391, -0.003998210188, 0.00100445596036, -0.00232340116054, 0.00021190084226, 0.00125080079306], [0.000243414877332, 0.000245256815106, 0.00105218123645, -7.51168990973e-05, -4.20095748268e-05, -0.00339949899353, 0.000697809213307, -0.003998210188, 0.0119495820254, -0.00288014463149, 0.00419171480462, -0.00120677554514, 0.00194411631674], [6.17264013272e-05, 0.00077002128819, 0.000134306479595, 0.000158131442731, -0.00019692828937, 0.001961074071, -0.000895466946531, 0.00100445596036, -0.00288014463149, 0.00997441634536, -0.00357035826892, 0.00322676450014, -0.00114258914255], [0.000403026788263, -0.000137800830998, -0.00111305259634, -0.000132077679154, 0.00131492188666, -0.00249235704541, 0.00290061137639, -0.00232340116054, 0.00419171480462, -0.00357035826892, 0.0159322991967, -0.00724964030087, 0.00218708789907], [-0.000130522355903, 0.000729913939722, 0.00110086693894, 8.66228583618e-05, -0.00145500828512, 0.00121153972577, -0.00191381014884, 0.00021190084226, -0.00120677554514, 0.00322676450014, -0.00724964030087, 0.0147960931063, -0.00143379636575], [-0.000159343369887, -0.00097575946711, -0.00141624757089, 0.000939561112318, 0.00064836977981, 4.41840857093e-05, -0.00101792952046, 0.00125080079306, 0.00194411631674, -0.00114258914255, 0.00218708789907, -0.00143379636575, 0.0101383002475]]}, "silence_rate_60dB": {"dvar": 0.0715792626143, "var": 0.246202409267, "median": 0, "max": 1, "dmean": 0.0776014104486, "dmean2": 0.153710246086, "mean": 0.438380271196, "dvar2": 0.147752255201, "min": 0}, "melbands_flatness_db": {"dvar": 0.000508598866872, "var": 0.0027882012073, "median": 0.153430312872, "max": 0.375135213137, "dmean": 0.0265726651996, "dmean2": 0.0409747473896, "mean": 0.158379986882, "dvar2": 0.0011470830068, "min": 0.0378615409136}, "spectral_rms": {"dvar": 6.57897203382e-07, "var": 4.82723407913e-06, "median": 0.00200652563944, "max": 0.00944952201098, "dmean": 0.00065033941064, "dmean2": 0.000960580480751, "mean": 0.00294944318011, "dvar2": 1.55217060183e-06, "min": 0.000189914295333}, "melbands_spread": {"dvar": 123.059539795, "var": 381.338043213, "median": 26.2434597015, "max": 149.305831909, "dmean": 8.93175411224, "dmean2": 13.8404035568, "mean": 28.6607780457, "dvar2": 266.215759277, "min": 1.79112505913}, "average_loudness": 0.684880435467, "erbbands_kurtosis": {"dvar": 5.64773178101, "var": 13.451133728, "median": 0.174968719482, "max": 27.2824497223, "dmean": 1.60008382797, "dmean2": 2.5951731205, "mean": 1.43423950672, "dvar2": 12.9340143204, "min": -1.69722902775}, "spectral_energy": {"dvar": 0.000110385779408, "var": 0.000323093059706, "median": 0.00412684446201, "max": 0.0915258079767, "dmean": 0.00584791461006, "dmean2": 0.00915512535721, "mean": 0.0138646159321, "dvar2": 0.000288776529487, "min": 3.69691260858e-05}, "spectral_entropy": {"dvar": 0.0274944994599, "var": 0.158249393106, "median": 7.67839384079, "max": 8.68182182312, "dmean": 0.173032820225, "dmean2": 0.251790434122, "mean": 7.61468601227, "dvar2": 0.0644451007247, "min": 6.411195755}, "erbbands": {"dvar": [0.000839018204715, 0.304208725691, 4.53069448471, 8.28096389771, 131.205413818, 135.820587158, 28.4612846375, 260.765472412, 866.520629883, 261.4453125, 1804.06262207, 1077.03674316, 20785.2910156, 2150.68505859, 23878.1484375, 4614.12597656, 1536.62036133, 1533.38000488, 4392.31152344, 296.052520752, 519.418640137, 764.963989258, 350.395477295, 250.313552856, 67.2474822998, 54.0110206604, 48.4488830566, 18.0771217346, 11.2211027145, 7.91609048843, 4.68982839584, 4.0408000946, 2.49387097359, 1.22721028328, 2.70129299164, 0.22412468493, 0.00959815550596, 0.000299082224956, 6.6340317062e-06, 1.39541995736e-08], "var": [0.000639812438749, 0.212913811207, 3.83391475677, 11.4843902588, 99.9111862183, 116.13633728, 36.1341819763, 313.330963135, 1313.37304688, 252.324935913, 2267.40258789, 1689.38342285, 24506.6816406, 6046.86865234, 48619.078125, 9707.86230469, 3128.13256836, 3320.3828125, 8