{"lowlevel": {"erbbands": {"mean": [0.0104594854638, 0.211823150516, 3.06716227531, 13.1816329956, 10.0234804153, 10.4550848007, 23.1040611267, 24.5820331573, 23.4106407166, 22.3163738251, 16.8975448608, 11.3300247192, 15.7413825989, 6.29149389267, 3.09921479225, 2.43922686577, 2.63848590851, 3.81346511841, 3.57500529289, 2.43578886986, 3.5722618103, 3.60277676582, 4.18953895569, 5.00715970993, 6.20698547363, 5.91219377518, 4.29477024078, 2.27447915077, 0.82791352272, 0.2629994452, 0.0887081995606, 0.0403918549418, 0.0228378400207, 0.0140809984878, 0.00881506036967, 0.00541778001934, 0.00409550406039, 0.0070672207512, 0.00860768463463, 0.00222253333777], "dvar": [0.000180803603143, 0.0485165715218, 4.17863225937, 107.148544312, 106.326789856, 287.85055542, 1600.29248047, 2091.97509766, 2279.68188477, 2196.06030273, 3065.54663086, 377.681640625, 1987.72045898, 133.291915894, 21.4692230225, 43.2646408081, 35.8519439697, 25.645149231, 30.7121238708, 23.9705162048, 104.475639343, 145.740341187, 244.565811157, 476.365966797, 566.698974609, 523.786376953, 283.344451904, 52.1721343994, 8.28845119476, 1.09504950047, 0.0550608485937, 0.00584902148694, 0.0022542073857, 0.00103100796696, 0.000408189516747, 0.000129406209453, 6.17348050582e-05, 0.000398913078243, 0.000585703703109, 7.99082226877e-06], "min": [1.50263058264e-22, 6.59030354145e-22, 3.39326087427e-21, 9.26211095541e-21, 1.26276447194e-20, 4.09428230702e-20, 7.80679620443e-20, 5.46225421702e-20, 9.89935829774e-20, 2.72806906056e-19, 3.59219259324e-19, 3.89783893151e-19, 7.63534596187e-19, 8.72636565357e-19, 1.72304833862e-18, 1.88904291144e-18, 1.95868179964e-18, 1.81625494664e-18, 2.85186584161e-18, 4.43118379398e-18, 5.54028451649e-18, 5.7460870529e-18, 7.19830270709e-18, 7.08066935218e-18, 7.90465208448e-18, 9.38716653733e-18, 1.02105661073e-17, 1.02690866541e-17, 1.09777678536e-17, 1.15309118011e-17, 1.32226872325e-17, 1.04302090297e-17, 1.15594437419e-17, 9.71289454612e-18, 6.98310257175e-18, 4.57180160298e-18, 2.31542329114e-18, 1.06369595151e-18, 2.78899453159e-19, 2.61794375911e-20], "dmean": [0.00739437481388, 0.121456094086, 1.24641239643, 5.36901569366, 5.47368478775, 6.46691894531, 15.5087738037, 14.2967395782, 12.7988672256, 13.6899337769, 10.4958295822, 6.10005140305, 9.19035148621, 4.10817527771, 2.06305074692, 2.05064487457, 2.09101676941, 2.56487965584, 2.35037207603, 1.63369846344, 2.72528672218, 3.0215742588, 3.68340945244, 4.41382551193, 5.2547454834, 5.01516151428, 3.50773024559, 1.63087618351, 0.624733507633, 0.217159435153, 0.077544093132, 0.0370985195041, 0.0223657097667, 0.0143025107682, 0.00894723646343, 0.00523514393717, 0.00356393982656, 0.00526203261688, 0.00629153195769, 0.00112795177847], "dmean2": [0.0120957288891, 0.187449708581, 1.77802765369, 7.68385648727, 8.72721290588, 9.69403934479, 22.7850265503, 21.3005714417, 19.2984924316, 20.6915588379, 16.4999217987, 9.32427787781, 13.9533672333, 6.65281152725, 3.28346371651, 3.37195825577, 3.39285254478, 4.0939207077, 3.74072813988, 2.54120397568, 4.24015378952, 4.69203042984, 5.72976207733, 6.68032932281, 7.58509016037, 7.33404111862, 5.23896932602, 2.41712546349, 0.943560898304, 0.337513357401, 0.121067211032, 0.059370752424, 0.0365378968418, 0.0234775990248, 0.0146740172058, 0.00854688417166, 0.00570864463225, 0.00791228376329, 0.00900897942483, 0.00169148563873], "dvar2": [0.000489538710099, 0.118970863521, 7.95536375046, 233.706604004, 287.540527344, 634.8671875, 3336.03271484, 4904.71923828, 4997.1796875, 5032.54492188, 7340.2734375, 843.641662598, 4612.87109375, 350.426025391, 51.7078514099, 115.054496765, 92.3399276733, 63.2695350647, 76.504486084, 54.4875144958, 215.071777344, 306.593383789, 543.690979004, 1064.6640625, 1108.83312988, 1076.4074707, 613.202392578, 94.2367630005, 15.4891119003, 2.10684776306, 0.114988386631, 0.0140624539927, 0.0056586288847, 0.00258246227168, 0.00102026225068, 0.000323363521602, 0.000149059764226, 0.000715801375918, 0.00108229962643, 1.83879365068e-05], "max": [0.265466421843, 3.39030742645, 33.4471359253, 169.124084473, 202.832092285, 376.479736328, 690.009765625, 1383.9140625, 986.611938477, 1201.5501709, 1969.57653809, 490.432281494, 1737.82080078, 305.240234375, 107.024101257, 130.200622559, 108.984794617, 75.97706604, 133.850463867, 118.049621582, 277.163024902, 297.715209961, 410.419830322, 732.368103027, 822.854980469, 546.155883789, 474.931182861, 272.097015381, 90.879524231, 44.7351989746, 10.2048063278, 1.22730314732, 0.888931214809, 0.605693817139, 0.378219723701, 0.208739936352, 0.18252825737, 0.712965488434, 0.61916744709, 0.0420040413737], "median": [0.00444528274238, 0.102137051523, 1.70572423935, 4.09613800049, 3.34057927132, 3.00706624985, 2.51986646652, 2.33597278595, 1.66846871376, 1.27187204361, 1.08050894737, 1.01882040501, 1.13651990891, 0.944083154202, 0.779434263706, 0.624478161335, 0.766523778439, 1.22144138813, 0.919254422188, 0.741916239262, 1.0835442543, 0.811699390411, 0.747502505779, 0.529125154018, 0.599247097969, 0.603501319885, 0.720511078835, 0.574306070805, 0.207281529903, 0.0674813762307, 0.0244459733367, 0.0119981914759, 0.00626804679632, 0.00312317535281, 0.0018329473678, 0.00144717085641, 0.00130660028663, 0.00213299738243, 0.00190511695109, 0.000492723134812], "var": [0.000280452368315, 0.105522572994, 14.7344856262, 430.82244873, 264.529144287, 502.107177734, 3004.06494141, 7273.12841797, 7600.18798828, 4289.6484375, 6943.39746094, 1121.51635742, 5138.96044922, 262.97064209, 43.4604225159, 43.0868682861, 37.9805297852, 45.0118408203, 59.6684265137, 32.3244972229, 134.20375061, 181.042221069, 291.420379639, 674.831726074, 995.699462891, 798.507324219, 394.495147705, 92.2297058105, 14.3791885376, 1.63928937912, 0.084102883935, 0.00723027065396, 0.00242807809263, 0.00109389249701, 0.000437648646766, 0.000142529999721, 7.7003336628e-05, 0.000706192629877, 0.00104448385537, 1.54274930537e-05]}, "gfcc": {"icov": [[0.000100691839179, -0.00016316511028, 0.000282301771222, -0.000236260064412, 0.000281195767457, 0.000104651597212, 0.00017487090372, 3.01116142509e-05, 0.000146500140545, 2.77665913018e-05, 7.42747652112e-05, 0.000231346988585, -0.00012365001021], [-0.00016316511028, 0.0017476961948, -0.00230939150788, 0.00296061811969, -0.00208850228228, 0.00084526091814, -0.000957232550718, 0.000472114945296, 0.000398572214181, -0.00136513682082, 0.00156471063383, -0.000809666584246, 0.00107730564196], [0.000282301771222, -0.00230939150788, 0.00567820481956, -0.00650677271187, 0.00574351660907, -0.00359487370588, 0.00261873728596, 0.000600195548031, -0.00166801281739, 0.00357876089402, -0.00346577772871, 0.00516911456361, -0.00438220007345], [-0.000236260064412, 0.00296061811969, -0.00650677271187, 0.0131787080318, -0.0123842330649, 0.00730942981318, -0.00345467962325, -0.00402592448518, 0.00920266658068, -0.00995257496834, 0.0119999479502, -0.0116080818698, 0.00987820141017], [0.000281195767457, -0.00208850228228, 0.00574351660907, -0.0123842330649, 0.0177370533347, -0.0097836162895, 0.00138726248406, 0.007818069309, -0.0114820692688, 0.0149457426742, -0.0176331084222, 0.0161227621138, -0.0112542202696], [0.000104651597212, 0.00084526091814, -0.00359487370588, 0.00730942981318, -0.0097836162895, 0.0121883908287, -0.000761431641877, -0.00787319708616, 0.0126238837838, -0.0130342766643, 0.0135816112161, -0.0139261428267, 0.00958512350917], [0.00017487090372, -0.000957232550718, 0.00261873728596, -0.00345467962325, 0.00138726248406, -0.000761431641877, 0.00678212288767, 0.00119590573013, -0.00275300280191, 0.00100035767537, -0.00217544287443, 0.00127952580806, -0.00112259527668], [3.01116142509e-05, 0.000472114945296, 0.000600195548031, -0.00402592448518, 0.007818069309, -0.00787319708616, 0.00119590573013, 0.0118269426748, -0.0123483175412, 0.0105094052851, -0.0115603245795, 0.0107690794393, -0.00657445285469], [0.000146500140545, 0.000398572214181, -0.00166801281739, 0.00920266658068, -0.0114820692688, 0.0126238837838, -0.00275300280191, -0.0123483175412, 0.0254841502756, -0.0170205589384, 0.0184536743909, -0.0179613791406, 0.0108988927677], [2.77665913018e-05, -0.00136513682082, 0.00357876089402, -0.00995257496834, 0.0149457426742, -0.0130342766643, 0.00100035767537, 0.0105094052851, -0.0170205589384, 0.0264799389988, -0.0241073705256, 0.0192343946546, -0.00969868060201], [7.42747652112e-05, 0.00156471063383, -0.00346577772871, 0.0119999479502, -0.0176331084222, 0.0135816112161, -0.00217544287443, -0.0115603245795, 0.0184536743909, -0.0241073705256, 0.0413042232394, -0.0286534391344, 0.0148078706115], [0.000231346988585, -0.000809666584246, 0.00516911456361, -0.0116080818698, 0.0161227621138, -0.0139261428267, 0.00127952580806, 0.0107690794393, -0.0179613791406, 0.0192343946546, -0.0286534391344, 0.0379092022777, -0.0168011002243], [-0.00012365001021, 0.00107730564196, -0.00438220007345, 0.00987820141017, -0.0112542202696, 0.00958512350917, -0.00112259527668, -0.00657445285469, 0.0108988927677, -0.00969868060201, 0.0148078706115, -0.0168011002243, 0.0249530225992]], "mean": [-119.755050659, 99.2300262451, -82.8739089966, 18.6826019287, -26.1478290558, -30.5555229187, -8.72588062286, -23.7220973969, -14.7503185272, -8.79653930664, -16.9697914124, -10.2329568863, -9.02045154572], "cov": [[17517.6445312, 2062.05200195, -370.477813721, -724.147094727, -587.81829834, -927.922973633, -340.997131348, -503.469085693, -135.641738892, -146.472595215, -373.403381348, -386.644104004, 126.291732788], [2062.05200195, 2095.5222168, 820.052429199, -348.638275146, -237.307601929, 78.2168426514, -231.678878784, -117.098526001, -107.771888733, 17.6246566772, -172.459228516, -180.125076294, 58.4146461487], [-370.477813721, 820.052429199, 1192.25085449, 202.073196411, -136.261169434, 340.931396484, -285.895446777, 64.4086990356, -210.925140381, 13.0580759048, -134.032287598, -111.92779541, 5.21575927734], [-724.147094727, -348.638275146, 202.073196411, 563.643066406, 268.406921387, 59.248134613, 97.7678451538, -72.1542282104, -98.3904953003, -8.59434127808, 13.6217327118, 11.1879425049, -53.4108276367], [-587.81829834, -237.307601929, -136.261169434, 268.406921387, 349.638183594, -7.63001537323, 125.846305847, -90.2695922852, -17.2177295685, -41.6996803284, 52.8992614746, 18.6829051971, -7.85078668594], [-927.922973633, 78.2168426514, 340.931396484, 59.248134613, -7.63001537323, 424.23034668, -93.87109375, 101.797943115, -95.4129257202, 70.3894729614, -3.78168869019, 12.8432273865, -35.4330177307], [-340.997131348, -231.678878784, -285.895446777, 97.7678451538, 125.846305847, -93.87109375, 288.511199951, -53.8110694885, 65.165725708, 12.0929861069, 55.3083305359, 42.6824798584, -16.8260173798], [-503.469085693, -117.098526001, 64.4086990356, -72.1542282104, -90.2695922852, 101.797943115, -53.8110694885, 265.19732666, 67.4165878296, -0.400900185108, 7.13265180588, 11.1620740891, 3.75199484825], [-135.641738892, -107.771888733, -210.925140381, -98.3904953003, -17.2177295685, -95.4129257202, 65.165725708, 67.4165878296, 163.11618042, 23.7688789368, 24.6802501678, 32.1697235107, 0.475149363279], [-146.472595215, 17.6246566772, 13.0580759048, -8.59434127808, -41.6996803284, 70.3894729614, 12.0929861069, -0.400900185108, 23.7688789368, 132.351333618, 41.020942688, 6.30179786682, -20.2382278442], [-373.403381348, -172.459228516, -134.032287598, 13.6217327118, 52.8992614746, -3.78168869019, 55.3083305359, 7.13265180588, 24.6802501678, 41.020942688, 99.6825561523, 54.6895484924, -10.8245286942], [-386.644104004, -180.125076294, -111.92779541, 11.1879425049, 18.6829051971, 12.8432273865, 42.6824798584, 11.1620740891, 32.1697235107, 6.30179786682, 54.6895484924, 92.9612350464, 8.66475105286], [126.291732788, 58.4146461487, 5.21575927734, -53.4108276367, -7.85078668594, -35.4330177307, -16.8260173798, 3.75199484825, 0.475149363279, -20.2382278442, -10.8245286942, 8.66475105286, 74.7244796753]]}, "spectral_skewness": {"mean": 2.26122808456, "dvar": 0.170706093311, "min": -0.0799703225493, "dmean": 0.366804033518, "dmean2": 0.572857558727, "dvar2": 0.388677209616, "max": 8.59941768646, "median": 2.1475186348, "var": 0.526858985424}, "spectral_energyband_low": {"mean": 0.00801264960319, "dvar": 2.32458278333e-05, "min": 2.23994687455e-23, "dmean": 0.00295217731036, "dmean2": 0.00421271007508, "dvar2": 4.89804442623e-05, "max": 0.0775862783194, "median": 0.00414739688858, "var": 0.00010492423462}, "spectral_energyband_middle_low": {"mean": 0.0141017762944, "dvar": 0.00010580446542, "min": 1.61063182523e-22, "dmean": 0.00542241660878, "dmean2": 0.00774774095044, "dvar2": 0.000216807122342, "max": 0.242675378919, "median": 0.00521091837436, "var": 0.000571602606215}, "mfcc": {"icov": [[0.000224322080612, -0.000293140881695, 0.00018462027947, -0.000182926829439, 0.000346872897353, -0.000196243490791, 0.000513063976541, -0.000165721488884, 0.000540110457223, -0.000415321905166, 0.000633235089481, -0.000450962106697, 0.000350948917912], [-0.000293140881695, 0.00120016338769, -0.000615826342255, 0.000427556748036, -0.000253820791841, 0.000267285620794, -0.000402045843657, 0.00106895260978, -0.00163016852457, 0.00157298555132, -0.00131277309265, 0.0010107193375, 8.1328485976e-05], [0.00018462027947, -0.000615826342255, 0.00147376279347, 0.000150443520397, -0.000730132858735, -0.000173723237822, -5.78371009397e-06, 7.94383959146e-05, 0.000114314825623, -0.000735544017516, 0.000828664400615, -0.00105848396197, 0.00115470192395], [-0.000182926829439, 0.000427556748036, 0.000150443520397, 0.00229314621538, -0.000321111350786, -0.000629028538242, -0.000735195702873, 0.000132286833832, -0.000660759571474, 0.000783965399023, 0.000140861971886, -0.000439857802121, 0.0011306569213], [0.000346872897353, -0.000253820791841, -0.000730132858735, -0.000321111350786, 0.00497489282861, -0.000790472317021, -7.30514293537e-05, -0.00175280100666, 0.00152153440285, -0.000337656878401, 0.0018991578836, -0.00113999051973, 0.000657403725199], [-0.000196243490791, 0.000267285620794, -0.000173723237822, -0.000629028538242, -0.000790472317021, 0.00669051613659, -0.00454039219767, 0.00249458407052, -0.00136801274493, 0.00282084965147, -0.00132056034636, -0.000198946072487, -0.000852384895552], [0.000513063976541, -0.000402045843657, -5.78371009397e-06, -0.000735195702873, -7.30514293537e-05, -0.00454039219767, 0.0100867897272, -0.00273223198019, 0.00220571132377, -0.00160490151029, 0.0020081824623, -0.00262301811017, -0.00012563119526], [-0.000165721488884, 0.00106895260978, 7.94383959146e-05, 0.000132286833832, -0.00175280100666, 0.00249458407052, -0.00273223198019, 0.00909263174981, -0.00335201225244, 0.000378954486223, -0.00192618905567, 0.00290893833153, -0.00128302420489], [0.000540110457223, -0.00163016852457, 0.000114314825623, -0.000660759571474, 0.00152153440285, -0.00136801274493, 0.00220571132377, -0.00335201225244, 0.0160750318319, -0.00773667311296, 0.00320924655534, -0.00327104632743, 0.00346078467555], [-0.000415321905166, 0.00157298555132, -0.000735544017516, 0.000783965399023, -0.000337656878401, 0.00282084965147, -0.00160490151029, 0.000378954486223, -0.00773667311296, 0.0190243236721, -0.00870277918875, 0.00474411202595, -0.00381213147193], [0.000633235089481, -0.00131277309265, 0.000828664400615, 0.000140861971886, 0.0018991578836, -0.00132056034636, 0.0020081824623, -0.00192618905567, 0.00320924655534, -0.00870277918875, 0.0209958124906, -0.010317357257, 0.000725080491975], [-0.000450962106697, 0.0010107193375, -0.00105848396197, -0.000439857802121, -0.00113999051973, -0.000198946072487, -0.00262301811017, 0.00290893833153, -0.00327104632743, 0.00474411202595, -0.010317357257, 0.0244159232825, -0.0103980610147], [0.000350948917912, 8.1328485976e-05, 0.00115470192395, 0.0011306569213, 0.000657403725199, -0.000852384895552, -0.00012563119526, -0.00128302420489, 0.00346078467555, -0.00381213147193, 0.000725080491975, -0.0103980610147, 0.0191617067903]], "mean": [-777.925354004, 148.758666992, -0.0447428748012, 49.9325256348, -4.03905582428, 9.3970375061, -0.30253881216, -7.70446252823, 1.95667350292, -4.93370246887, -5.04396390915, -2.73373103142, -7.85971641541], "cov": [[11547.4248047, 2433.36425781, -734.567260742, 319.898132324, -877.247131348, -190.111816406, -703.80480957, -450.465301514, -59.9684143066, -170.977676392, -215.634002686, -181.507781982, -323.086883545], [2433.36425781, 2341.45556641, 723.883605957, -201.55569458, -67.8666763306, -21.0445766449, -178.973358154, -267.03717041, 94.5841369629, -114.429840088, -52.1901130676, -81.2942428589, -185.882843018], [-734.567260742, 723.883605957, 1295.87243652, -125.999656677, 268.78729248, 77.0913925171, 68.8624267578, -54.2361297607, 54.2502670288, -29.2753067017, -30.2622833252, 2.50509381294, -82.3645401001], [319.898132324, -201.55569458, -125.999656677, 613.562194824, 34.2697792053, 149.881103516, 93.0099716187, -5.76502323151, -19.4680137634, -52.9991226196, -34.9844436646, 15.5277843475, -25.1770896912], [-877.247131348, -67.8666763306, 268.78729248, 34.2697792053, 346.048065186, 83.0016555786, 105.811767578, 53.3705253601, -9.44874000549, -18.8420848846, -18.5131225586, 15.9439334869, 1.53315663338], [-190.111816406, -21.0445766449, 77.0913925171, 149.881103516, 83.0016555786, 318.515136719, 160.375183105, -46.4597625732, -23.210100174, -56.3924026489, -4.53027296066, 46.0025558472, 17.4510803223], [-703.80480957, -178.973358154, 68.8624267578, 93.0099716187, 105.811767578, 160.375183105, 230.214828491, 38.385723114, -17.3937683105, -12.9919729233, 6.04685306549, 43.3132171631, 35.4272994995], [-450.465301514, -267.03717041, -54.2361297607, -5.76502323151, 53.3705253601, -46.4597625732, 38.385723114, 182.37286377, 22.1458568573, 38.9215774536, 14.2892436981, -4.19400691986, 22.484336853], [-59.9684143066, 94.5841369629, 54.2502670288, -19.4680137634, -9.44874000549, -23.210100174, -17.3937683105, 22.1458568573, 96.4718017578, 35.9791603088, 6.8040971756, -5.40642499924, -14.2201480865], [-170.977676392, -114.429840088, -29.2753067017, -52.9991226196, -18.8420848846, -56.3924026489, -12.9919729233, 38.9215774536, 35.9791603088, 102.476585388, 40.7235527039, 4.24337291718, 23.8181266785], [-215.634002686, -52.1901130676, -30.2622833252, -34.9844436646, -18.5131225586, -4.53027296066, 6.04685306549, 14.2892436981, 6.8040971756, 40.7235527039, 88.3492355347, 39.2220649719, 34.30235672], [-181.507781982, -81.2942428589, 2.50509381294, 15.5277843475, 15.9439334869, 46.0025558472, 43.3132171631, -4.19400691986, -5.40642499924, 4.24337291718, 39.2220649719, 83.9465713501, 49.9946174622], [-323.086883545, -185.882843018, -82.3645401001, -25.1770896912, 1.53315663338, 17.4510803223, 35.4272994995, 22.484336853, -14.2201480865, 23.8181266785, 34.30235672, 49.9946174622, 100.942436218]]}, "silence_rate_20dB": {"mean": 1, "dvar": 0, "min": 1, "dmean": 0, "dmean2": 0, "dvar2": 0, "max": 1, "median": 1, "var": 0}, "dynamic_complexity": 6.75252914429, "silence_rate_60dB": {"mean": 0.259122341871, "dvar": 0.0601775683463, "min": 0, "dmean": 0.064308680594, "dmean2": 0.128638044, "dvar2": 0.122698232532, "max": 1, "median": 0, "var": 0.191974163055}, "dissonance": {"mean": 0.454168230295, "dvar": 0.000558397790883, "min": 0.230027168989, "dmean": 0.0225441884249, "dmean2": 0.0366590954363, "dvar2": 0.00143222161569, "max": 0.500000119209, "median": 0.463935822248, "var": 0.00158910732716}, "barkbands": {"mean": [6.35807227809e-05, 0.000614605029114, 0.00413074437529, 0.00417154608294, 0.00357760698535, 0.0033632684499, 0.00152842304669, 0.000747472571675, 0.000483526295284, 0.00038317538565, 9.13095936994e-05, 5.48121133761e-05, 5.62965396966e-05, 8.40350112412e-05, 4.77576249978e-05, 6.00979728915e-05, 6.31478105788e-05, 8.00716807134e-05, 0.000110481130832, 0.000128171974211, 7.96258755145e-05, 1.93576288439e-05, 3.49714582626e-06, 1.55226018705e-06, 1.23894722037e-06, 2.0674458483e-06, 5.74233854422e-05], "dvar": [1.34064856994e-08, 6.20100195192e-07, 6.98355279383e-06, 1.78068403329e-05, 1.60735253303e-05, 2.94214387395e-05, 1.09832217277e-05, 5.15405281476e-06, 8.1392215634e-07, 1.00155159544e-06, 2.9389127576e-08, 2.21161222669e-08, 1.51413761529e-08, 1.43106193562e-08, 7.96478527576e-09, 2.83602741291e-08, 4.99367622808e-08, 1.06635411612e-07, 1.85285074394e-07, 2.55142794003e-07, 7.2959245756e-08, 4.93457497086e-09, 9.09924219306e-11, 9.30964420137e-12, 8.14878459848e-12, 1.57179425725e-11, 1.39808271626e-08], "min": [2.29076430799e-25, 4.23257007809e-24, 3.30463338971e-24, 6.93788473608e-25, 1.2793796648e-23, 4.69672873497e-24, 7.43123696569e-24, 1.6344268678e-23, 1.92932358456e-23, 1.96673957284e-23, 3.07586459494e-23, 3.07997456026e-23, 4.34988000558e-23, 4.05223300417e-23, 6.8042294923e-23, 7.91972298849e-23, 9.90403696235e-23, 1.1571461093e-22, 1.45931391479e-22, 1.89867498155e-22, 2.61658876618e-22, 2.79726038024e-22, 4.35257753123e-22, 6.67867464306e-22, 1.03932386398e-21, 1.31190814859e-21, 2.00854114181e-21], "dmean": [6.35368851363e-05, 0.000426552520366, 0.00163019564934, 0.0020637223497, 0.00196839566343, 0.00201391172595, 0.000914105621632, 0.000502526469063, 0.000277131068287, 0.000233740604017, 6.62178063067e-05, 4.79909576825e-05, 4.5313310693e-05, 5.7447119616e-05, 3.41172089975e-05, 4.51004198112e-05, 5.46261180716e-05, 7.20009920769e-05, 9.39314122661e-05, 0.000109200511361, 5.94196935708e-05, 1.50294845298e-05, 3.05196658701e-06, 1.48631522734e-06, 1.26455563532e-06, 1.84803570846e-06, 3.95079914597e-05], "dmean2": [0.000104916951386, 0.000675519753713, 0.00231968006119, 0.0030300472863, 0.00295106740668, 0.00302293873392, 0.00141174916644, 0.000779973343015, 0.000427324062912, 0.000363259750884, 0.000108249194454, 7.89409023128e-05, 7.38086819183e-05, 9.15155105758e-05, 5.48087191419e-05, 6.95145354257e-05, 8.5736712208e-05, 0.000113332840556, 0.000138228730066, 0.00015886433539, 8.83013708517e-05, 2.29152356042e-05, 4.79663640363e-06, 2.40841700361e-06, 2.07603670788e-06, 2.96692201118e-06, 5.65273185202e-05], "dvar2": [3.38789192256e-08, 1.59670696576e-06, 1.38595087265e-05, 4.09049171139e-05, 3.80341771233e-05, 6.68466309435e-05, 2.62134035438e-05, 1.25121941892e-05, 1.80846222975e-06, 2.25063604375e-06, 7.46399351215e-08, 5.86931285795e-08, 3.86890519621e-08, 3.53968658828e-08, 2.00935978967e-08, 5.75896059729e-08, 1.11918026846e-07, 2.46671874038e-07, 3.5811831367e-07, 5.27357883584e-07, 1.43558850141e-07, 9.19116693865e-09, 1.84685988724e-10, 2.32507641612e-11, 2.038198256e-11, 3.77223495496e-11, 2.58559342825e-08], "max": [0.00174137938302, 0.0107494704425, 0.0404914878309, 0.0613710507751, 0.0733625665307, 0.143779635429, 0.0916438996792, 0.0773232281208, 0.0209810398519, 0.0347187556326, 0.00332466745749, 0.00290667475201, 0.00210899696685, 0.00229486310855, 0.00214817770757, 0.0046072723344, 0.00605120649561, 0.0105710336939, 0.014059218578, 0.0132136819884, 0.00740317068994, 0.00242758146487, 0.000379483914003, 5.58987121622e-05, 5.36537227163e-05, 8.56188053149e-05, 0.00275193550624], "median": [1.72554136952e-05, 0.000222346803639, 0.00209720572457, 0.000982310040854, 0.00105948932469, 0.000318427395541, 0.000104646096588, 4.40681869804e-05, 4.69712431368e-05, 2.79269042949e-05, 1.77287111001e-05, 1.35885366035e-05, 1.57988160936e-05, 2.35519837588e-05, 1.15944949357e-05, 1.86420002137e-05, 1.43099896377e-05, 1.29553372972e-05, 1.06877087092e-05, 1.32186196424e-05, 1.7164986275e-05, 4.83795702166e-06, 9.01821351817e-07, 4.49216742027e-07, 2.5584702712e-07, 6.32356545793e-07, 1.48867929965e-05], "var": [1.51944394844e-08, 1.10624966965e-06, 2.70578784693e-05, 5.46890296391e-05, 3.81633399229e-05, 9.5334929938e-05, 2.04863754334e-05, 1.13651694846e-05, 2.05797050512e-06, 2.57559577221e-06, 5.17859213289e-08, 2.14399413778e-08, 1.66140026181e-08, 2.56401655463e-08, 1.24991421657e-08, 3.65481689357e-08, 5.60667388072e-08, 1.21100939054e-07, 3.28387358195e-07, 3.92306418462e-07, 1.17465120297e-07, 8.29620905307e-09, 1.41411618526e-10, 1.03852751052e-11, 8.68227538475e-12, 1.99483780189e-11, 2.60777497374e-08]}, "spectral_complexity": {"mean": 7.07731866837, "dvar": 14.1433916092, "min": 0, "dmean": 2.49196147919, "dmean2": 3.72600102425, "dvar2": 27.5263614655, "max": 42, "median": 6, "var": 39.0841293335}, "spectral_energyband_high": {"mean": 0.000223703638767, "dvar": 4.56778423086e-07, "min": 6.96967359177e-21, "dmean": 0.000163750053616, "dmean2": 0.000238138469285, "dvar2": 8.79039419033e-07, "max": 0.0206306558102, "median": 5.24198112544e-05, "var": 7.57580153277e-07}, "hfc": {"mean": 39.5576553345, "dvar": 1075.33459473, "min": 1.12885563188e-16, "dmean": 13.1664743423, "dmean2": 18.6909885406, "dvar2": 2347.55883789, "max": 766.603027344, "median": 8.4971408844, "var": 4831.24462891}, "melbands_kurtosis": {"mean": 41.8789596558, "dvar": 1041.97375488, "min": -1.92297184467, "dmean": 19.9907855988, "dmean2": 31.18633461, "dvar2": 2400.89013672, "max": 519.835510254, "median": 22.774394989, "var": 2891.95166016}, "spectral_strongpeak": {"mean": 0.749040722847, "dvar": 6.81536626816, "min": 0, "dmean": 0.490778625011, "dmean2": 0.845906257629, "dvar2": 19.3735389709, "max": 61.9806213379, "median": 0.457187473774, "var": 4.28346681595}, "silence_rate_30dB": {"mean": 0.97717410326, "dvar": 0.0111271850765, "min": 0, "dmean": 0.0112540191039, "dmean2": 0.0225116573274, "dvar2": 0.025862634182, "max": 1, "median": 1, "var": 0.0223043784499}, "melbands_spread": {"mean": 14.622376442, "dvar": 328.86618042, "min": 0.288840502501, "dmean": 7.83580303192, "dmean2": 12.8736572266, "dvar2": 764.456481934, "max": 167.885375977, "median": 5.42397642136, "var": 570.26953125}, "melbands_crest": {"mean": 16.1113262177, "dvar": 10.8726978302, "min": 1.55115270615, "dmean": 3.38224864006, "dmean2": 5.31075143814, "dvar2": 25.0044498444, "max": 33.3817749023, "median": 15.947930336, "var": 39.2009429932}, "average_loudness": 0.530161857605, "spectral_flux": {"mean": 0.0572736263275, "dvar": 0.000493076746352, "min": 6.3280269913e-11, "dmean": 0.0190137587488, "dmean2": 0.0301830228418, "dvar2": 0.00119983765762, "max": 0.309012115002, "median": 0.0489206835628, "var": 0.00195874669589}, "spectral_rolloff": {"mean": 3255.28295898, "dvar": 30708642, "min": 107.666015625, "dmean": 2208.59985352, "dmean2": 4155.05664062, "dvar2": 74599096, "max": 22028.4667969, "median": 495.263671875, "var": 39552092}, "melbands": {"mean": [0.0001309265499, 0.00120172614697, 0.0020575649105, 0.000714916503057, 0.000713942747097, 0.000583074637689, 0.000361023179721, 0.000220902089495, 0.000122397264931, 7.13609479135e-05, 7.66340090195e-05, 2.50044377026e-05, 1.19037140394e-05, 6.09169455856e-06, 5.9467383835e-06, 5.91601838096e-06, 7.35522507966e-06, 6.49311414236e-06, 3.11020994559e-06, 3.57120666195e-06, 4.34145113104e-06, 3.69254576071e-06, 3.63419667337e-06, 3.82760481443e-06, 4.01934494221e-06, 4.26890483141e-06, 4.6359755288e-06, 3.77651736017e-06, 2.98447457681e-06, 1.9125691324e-06, 1.08297456336e-06, 5.0156990028e-07, 2.47798993769e-07, 1.00464305319e-07, 5.30577928259e-08, 3.1479043372e-08, 2.1493480773e-08, 1.63473998782e-08, 1.32659794261e-08, 1.1323452398e-08], "dvar": [2.69723674506e-08, 5.92115384279e-07, 2.40484041569e-06, 9.33141791393e-07, 1.24101086385e-06, 1.04724438188e-06, 5.14086082148e-07, 2.11468076827e-07, 1.55777556188e-07, 1.56579478272e-08, 4.78318469277e-08, 2.60733501456e-09, 4.09246997402e-10, 1.99692651304e-10, 2.3140016292e-10, 1.82416068362e-10, 9.65084262505e-11, 1.1393828242e-10, 3.71181627101e-11, 7.52705953122e-11, 2.01232155939e-10, 1.70664357646e-10, 1.8050541617e-10, 2.6457466773e-10, 3.78341996621e-10, 2.92636276322e-10, 3.89049154004e-10, 2.55854198938e-10, 1.91905463742e-10, 4.92597421187e-11, 1.38544054701e-11, 3.50483054037e-12, 1.23121825235e-12, 1.40247473465e-13, 2.44750898557e-14, 4.32147527601e-15, 1.71427948876e-15, 1.15187015233e-15, 8.72843629344e-16, 6.88613751558e-16], "min": [2.39710058864e-24, 1.53025092218e-24, 2.53775626298e-24, 1.50787626311e-24, 2.81912440964e-24, 1.07369934961e-24, 1.30083873246e-24, 3.7475413171e-24, 2.54887979339e-24, 2.83569561625e-24, 3.64447348439e-24, 3.09071087829e-24, 4.94200452307e-24, 3.89981040447e-24, 4.69685968589e-24, 3.80492384821e-24, 3.24966003981e-24, 3.94847562814e-24, 5.36164736464e-24, 4.89441096694e-24, 6.25972685105e-24, 6.60800223539e-24, 5.21086133577e-24, 5.59863538007e-24, 4.82729546998e-24, 5.85711078326e-24, 6.0365482402e-24, 6.00040854998e-24, 5.61448438451e-24, 4.15661105596e-24, 6.56946322473e-24, 5.52475500642e-24, 6.01168926093e-24, 5.73547040382e-24, 7.12492385392e-24, 6.19532385232e-24, 7.02598334146e-24, 7.78531560528e-24, 6.34427222971e-24, 7.03443914151e-24], "dmean": [9.13522817427e-05, 0.000484889373183, 0.000846802024171, 0.00041469259304, 0.000464153476059, 0.000331420800649, 0.000195016764337, 0.000137212889967, 7.71942941356e-05, 3.97473158955e-05, 4.54855835414e-05, 1.76187259058e-05, 8.28940846986e-06, 5.07393588123e-06, 4.90017191623e-06, 4.80806193082e-06, 5.02958027937e-06, 4.45405748906e-06, 2.191756721e-06, 2.62573348664e-06, 3.51073299498e-06, 3.21643324241e-06, 3.24405277752e-06, 3.48099410985e-06, 3.67540201296e-06, 3.71242163055e-06, 4.07030802307e-06, 3.37823439622e-06, 2.61663012679e-06, 1.5156755353e-06, 8.00998122941e-07, 3.94939661419e-07, 2.05023013677e-07, 8.77368009355e-08, 4.76150283646e-08, 2.85876353701e-08, 2.03606091986e-08, 1.60618558454e-08, 1.33751294484e-08, 1.16113358928e-08], "dmean2": [0.000146650883835, 0.000693726702593, 0.00123343046289, 0.000647188804578, 0.000674244540278, 0.0004942715168, 0.000297227030387, 0.000206891782, 0.000121763325296, 6.07980255154e-05, 6.91735913279e-05, 2.86446702376e-05, 1.33823223223e-05, 8.2456281234e-06, 8.10952951724e-06, 7.89523710409e-06, 8.05483796285e-06, 7.13443250788e-06, 3.52031452167e-06, 4.06276649301e-06, 5.51651100977e-06, 5.02735792907e-06, 5.1832198551e-06, 5.46159708392e-06, 5.66101016375e-06, 5.60990201848e-06, 5.82974917052e-06, 5.09645133207e-06, 3.94896005673e-06, 2.30659929912e-06, 1.17085585316e-06, 6.14638338448e-07, 3.20281003496e-07, 1.39731469062e-07, 7.49720499016e-08, 4.58380853274e-08, 3.28127462979e-08, 2.62528008221e-08, 2.19583853323e-08, 1.90716331616e-08], "dvar2": [7.21391657521e-08, 1.14447470878e-06, 5.56787199457e-06, 2.30815271607e-06, 2.54277529166e-06, 2.38061625168e-06, 1.14703061627e-06, 4.88703335577e-07, 3.75291278942e-07, 3.48558160113e-08, 1.10926599461e-07, 6.85779966147e-09, 9.99218152664e-10, 5.18731779753e-10, 6.15819395478e-10, 4.72889283287e-10, 2.38932817975e-10, 2.88661289316e-10, 9.37819058522e-11, 1.58410881634e-10, 4.44016073908e-10, 3.74049208274e-10, 3.97262250873e-10, 6.27023044597e-10, 8.88606965788e-10, 6.06657113433e-10, 7.64917573726e-10, 5.60383517367e-10, 4.45368297797e-10, 1.14289390452e-10, 2.41706463872e-11, 7.19177105021e-12, 2.32387047973e-12, 2.80732522732e-13, 5.46850298334e-14, 1.02334124586e-14, 4.25707239642e-15, 2.89367588254e-15, 2.19149721597e-15, 1.72282933345e-15], "max": [0.00270428229123, 0.0122112808749, 0.0240992121398, 0.019583651796, 0.0192249491811, 0.0308485031128, 0.0153446663171, 0.011085562408, 0.013820967637, 0.00275521865115, 0.00833733938634, 0.00142692390364, 0.000440610776423, 0.000292942015221, 0.000284983223537, 0.000217990760575, 0.000141888362123, 0.000261311157374, 0.000183119394933, 0.000255286286119, 0.000385101680877, 0.000354427756974, 0.000327832647599, 0.000596757687163, 0.000684293860104, 0.000484450691147, 0.000603932305239, 0.000435730908066, 0.000458835915197, 0.000188023725059, 0.000168157421285, 5.5598506151e-05, 4.70785234938e-05, 1.59517549037e-05, 7.0925871114e-06, 1.20546087601e-06, 7.16719000593e-07, 6.32682883861e-07, 5.57756550279e-07, 4.94562073072e-07], "median": [4.94569394505e-05, 0.000687849707901, 0.000887880334631, 0.000228361197514, 9.47313164943e-05, 5.35516010132e-05, 2.46636591328e-05, 1.27825051095e-05, 7.95910364104e-06, 6.3967195274e-06, 5.5337154663e-06, 3.58098350262e-06, 2.489844519e-06, 1.61345292327e-06, 1.51088295297e-06, 1.67391294781e-06, 2.24659402193e-06, 1.51131905568e-06, 8.22496986075e-07, 1.13066482754e-06, 1.22426718008e-06, 8.41986377509e-07, 6.52795733913e-07, 6.01846863901e-07, 3.69199966599e-07, 4.23033554853e-07, 3.78160052605e-07, 3.79605950229e-07, 4.37209479287e-07, 4.36970452711e-07, 2.71026436849e-07, 1.18604361887e-07, 5.72516896113e-08, 2.34717756342e-08, 1.37436488856e-08, 9.28420540447e-09, 6.28713792139e-09, 4.47595160935e-09, 3.22470827818e-09, 2.31876806644e-09], "var": [4.6504482043e-08, 2.17376805267e-06, 9.17797297006e-06, 1.78243783466e-06, 2.52099357567e-06, 3.94965491068e-06, 1.57921988375e-06, 4.25255620939e-07, 3.58318231974e-07, 4.45340191391e-08, 1.2220668566e-07, 4.56274484861e-09, 7.8989131902e-10, 2.20783127891e-10, 2.27195373625e-10, 1.91193116894e-10, 1.71335043375e-10, 2.10034281634e-10, 5.08710365499e-11, 9.76222783167e-11, 2.33295244234e-10, 1.95025690042e-10, 2.17662124435e-10, 2.91429935739e-10, 4.96880092626e-10, 4.73896921704e-10, 6.25471174853e-10, 3.37721572929e-10, 2.32363336905e-10, 6.21168949611e-11, 2.45607839622e-11, 5.4792073656e-12, 1.84139140567e-12, 1.99584150747e-13, 3.46166983425e-14, 5.37589365249e-15, 1.96552767213e-15, 1.23830965284e-15, 9.25106409222e-16, 7.30723623954e-16]}, "spectral_energy": {"mean": 0.0214357413352, "dvar": 0.000126869083033, "min": 1.00786682748e-20, "dmean": 0.00679919170216, "dmean2": 0.00966524612159, "dvar2": 0.000259626074694, "max": 0.258465021849, "median": 0.0123306894675, "var": 0.000803830276709}, "spectral_decrease": {"mean": -4.72884487124e-09, "dvar": 7.22639706941e-18, "min": -6.0229908172e-08, "dmean": 1.63576363565e-09, "dmean2": 2.35522357173e-09, "dvar2": 1.51909982416e-17, "max": 1.37792222077e-10, "median": -2.84142798179e-09, "var": 3.78853054976e-17}, "erbbands_spread": {"mean": 32.21900177, "dvar": 149.350204468, "min": 1.62080085278, "dmean": 10.1037750244, "dmean2": 15.9853916168, "dvar2": 357.29107666, "max": 117.270622253, "median": 29.3413543701, "var": 359.236206055}, "spectral_contrast_coeffs": {"mean": [-0.601857364178, -0.771922528744, -0.825031399727, -0.84357881546, -0.841781437397, -0.737547695637], "dvar": [0.00214749621227, 0.00186131172813, 0.00115123868454, 0.000698119343724, 0.000548199692275, 0.00189534469973], "min": [-0.973768353462, -0.974712014198, -0.974332690239, -0.980912029743, -0.971019625664, -0.964907467365], "dmean": [0.0562852323055, 0.0520430095494, 0.0407265610993, 0.0319954976439, 0.0261298492551, 0.0489225685596], "dmean2": [0.0871035307646, 0.0822851136327, 0.0651055276394, 0.0513451397419, 0.0408829785883, 0.0752719789743], "dvar2": [0.0049877744168, 0.00423803087324, 0.00288751884364, 0.00175840326119, 0.00124691973906, 0.00439642462879], "max": [-0.281883537769, -0.420541405678, -0.510142922401, -0.634732186794, -0.626640319824, -0.468949764967], "median": [-0.597124814987, -0.783670604229, -0.838624596596, -0.843982219696, -0.842621684074, -0.744600057602], "var": [0.0159212369472, 0.00873300433159, 0.00565470149741, 0.00240156240761, 0.00181797111873, 0.00642453879118]}, "spectral_energyband_middle_high": {"mean": 0.000950277491938, "dvar": 1.64268010394e-06, "min": 1.25877492088e-21, "dmean": 0.000558385858312, "dmean2": 0.000824218208436, "dvar2": 3.28792862092e-06, "max": 0.0277332272381, "median": 0.000314289529342, "var": 3.52956521965e-06}, "erbbands_crest": {"mean": 11.1543922424, "dvar": 8.0862121582, "min": 2.14833688736, "dmean": 3.11400651932, "dmean2": 4.89197492599, "dvar2": 18.3828792572, "max": 29.9354190826, "median": 10.1476449966, "var": 27.4616966248}, "barkbands_crest": {"mean": 11.2166280746, "dvar": 5.80266094208, "min": 2.15777897835, "dmean": 2.61633348465, "dmean2": 4.15915393829, "dvar2": 13.7884483337, "max": 24.2617645264, "median": 10.7960691452, "var": 18.5377922058}, "pitch_salience": {"mean": 0.559218943119, "dvar": 0.00663612643257, "min": 0.0869514271617, "dmean": 0.0849824398756, "dmean2": 0.131758615375, "dvar2": 0.0142947463319, "max": 0.954410672188, "median": 0.573895335197, "var": 0.025923397392}, "melbands_skewness": {"mean": 3.75863599777, "dvar": 2.23347592354, "min": -5.35519361496, "dmean": 1.26585292816, "dmean2": 1.90448701382, "dvar2": 4.6022310257, "max": 16.0628108978, "median": 3.45445847511, "var": 8.54627418518}, "spectral_spread": {"mean": 3888452.5, "dvar": 831077023744, "min": 1156705.375, "dmean": 581561.5, "dmean2": 916465.6875, "dvar2": 1579586682880.0, "max": 41291508, "median": 3736241.25, "var": 6122848124930.0}, "spectral_entropy": {"mean": 7.080037117, "dvar": 0.0916036590934, "min": 4.42862319946, "dmean": 0.292115956545, "dmean2": 0.44574162364, "dvar2": 0.203425213695, "max": 9.82620334625, "median": 7.09168672562, "var": 0.381804972887}, "erbbands_flatness_db": {"mean": 0.176243335009, "dvar": 0.000941766484175, "min": 0.0398942753673, "dmean": 0.032378192991, "dmean2": 0.0487889349461, "dvar2": 0.00197601737455, "max": 0.414102882147, "median": 0.170668303967, "var": 0.00305931689218}, "spectral_kurtosis": {"mean": 12.2830924988, "dvar": 26.6558303833, "min": -1.24227774143, "dmean": 3.67585253716, "dmean2": 5.69802331924, "dvar2": 57.1703796387, "max": 108.88558197, "median": 10.3454008102, "var": 62.025970459}, "erbbands_skewness": {"mean": 1.07730042934, "dvar": 0.669241368771, "min": -5.8505730629, "dmean": 0.681211829185, "dmean2": 1.02471578121, "dvar2": 1.40629720688, "max": 9.42872714996, "median": 1.17308938503, "var": 2.05728340149}, "erbbands_kurtosis": {"mean": 3.79178142548, "dvar": 41.4378814697, "min": -1.8593198061, "dmean": 3.31383681297, "dmean2": 5.34344863892, "dvar2": 99.1207351685, "max": 121.607307434, "median": 1.55491399765, "var": 54.5449790955}, "barkbands_spread": {"mean": 12.1183357239, "dvar": 100.557472229, "min": 0.234214797616, "dmean": 5.58787059784, "dmean2": 9.20119667053, "dvar2": 258.432495117, "max": 94.9682388306, "median": 6.33582210541, "var": 205.804519653}, "zerocrossingrate": {"mean": 0.132862344384, "dvar": 0.000932743947487, "min": 0.00634765625, "dmean": 0.0283484943211, "dmean2": 0.034290548414, "dvar2": 0.00130170991179, "max": 0.6025390625, "median": 0.13330078125, "var": 0.00808665063232}, "spectral_centroid": {"mean": 968.670715332, "dvar": 273443.9375, "min": 127.641792297, "dmean": 268.108306885, "dmean2": 396.634063721, "dvar2": 439461.78125, "max": 11677.4335938, "median": 483.785705566, "var": 1314707.875}, "barkbands_skewness": {"mean": 3.27237033844, "dvar": 1.48960137367, "min": -2.66133236885, "dmean": 1.04171669483, "dmean2": 1.57968378067, "dvar2": 3.19801306725, "max": 16.5944366455, "median": 3.25161194801, "var": 5.38944721222}, "melbands_flatness_db": {"mean": 0.292699754238, "dvar": 0.00191740773153, "min": 0.00379205588251, "dmean": 0.0436730496585, "dmean2": 0.0649546384811, "dvar2": 0.00376434763893, "max": 0.648366034031, "median": 0.307503193617, "var": 0.0100788651034}, "spectral_contrast_valleys": {"mean": [-8.19074821472, -7.54365301132, -8.37164783478, -8.73024749756, -8.53914642334, -11.9695749283], "dvar": [0.247391402721, 0.265478491783, 0.276923030615, 0.258935272694, 0.282915174961, 0.387605279684], "min": [-27.9248275757, -27.716463089, -27.8848514557, -27.8519973755, -27.4220676422, -27.3816356659], "dmean": [0.527251064777, 0.523579776287, 0.527591049671, 0.480158120394, 0.470397800207, 0.701318740845], "dmean2": [0.805203258991, 0.769316375256, 0.779976785183, 0.690211951733, 0.637009680271, 1.08911252022], "dvar2": [0.465067327023, 0.513455867767, 0.578196108341, 0.509065210819, 0.508057951927, 0.943125963211], "max": [-5.97441864014, -4.13866710663, -5.46694564819, -6.28155755997, -5.52734708786, -9.03859806061], "median": [-7.7555141449, -7.2886838913, -8.10125160217, -8.45555782318, -8.32414531708, -11.7763710022], "var": [3.08195495605, 3.47756958008, 2.84345269203, 2.62822914124, 2.66070914268, 2.26650571823]}, "barkbands_flatness_db": {"mean": 0.192411124706, "dvar": 0.00126749754418, "min": 0.0141160907224, "dmean": 0.0372419841588, "dmean2": 0.0563500784338, "dvar2": 0.0027106755