{"tonal": {"chords_key": "C", "hpcp_entropy": {"dmean": 0.355922371149, "dmean2": 0.58555996418, "max": 4.81887531281, "dvar": 0.21960195899, "mean": 1.40518057346, "dvar2": 0.529588758945, "min": 0, "var": 0.605946242809, "median": 1.42108309269}, "key_key": "D#", "chords_strength": {"dmean": 0.00536995986477, "dmean2": 0.00352584128268, "max": 0.777145147324, "dvar": 2.12156137422e-05, "mean": 0.594761252403, "dvar2": 2.209318518e-05, "min": 0.376347064972, "var": 0.00698125874624, "median": 0.598718047142}, "key_scale": "major", "chords_number_rate": 0.000920132501051, "thpcp": [1, 0.699808001518, 0.0823381021619, 0.00744642550126, 0.00313052511774, 0.0844300091267, 0.213659062982, 0.138731062412, 0.00997164193541, 0.00588442897424, 0.015335328877, 0.399516940117, 0.855459153652, 0.536505281925, 0.0895580500364, 0.0666291862726, 0.058112770319, 0.0131882429123, 0.00238856836222, 0.011302003637, 0.31051915884, 0.655614435673, 0.393663167953, 0.0420868210495, 0.00444870954379, 0.00723653798923, 0.169165924191, 0.537323534489, 0.492117851973, 0.126593321562, 0.0110115287825, 0.00347120966762, 0.00179246719927, 0.00140175351407, 0.00776424538344, 0.383270353079], "key_strength": 0.688967347145, "tuning_nontempered_energy_ratio": 0.687607526779, "tuning_frequency": 453.940612793, "chords_changes_rate": 0.024475524202, "tuning_diatonic_strength": 0.538036048412, "chords_scale": "minor", "chords_histogram": [32.0758171082, 0, 0.460066258907, 0, 0.294442385435, 0.276039749384, 0.239234447479, 0.404858291149, 0, 0, 0, 0, 0, 0, 0, 1.6194331646, 0, 2.48435783386, 0, 0.846521914005, 0, 0.0552079491317, 2.55796837807, 58.686050415], "tuning_equal_tempered_deviation": 0.125155359507, "hpcp": {"dmean": [0.00213064672425, 0.00918065663427, 0.0591991133988, 0.076353803277, 0.0663810223341, 0.017299156636, 0.00216704444028, 0.00442079128698, 0.0406908504665, 0.0827751681209, 0.0852949544787, 0.0278638992459, 0.00453345570713, 0.00324157858267, 0.00164234021213, 0.00114750233479, 0.00668293517083, 0.0532190389931, 0.102995306253, 0.0915504097939, 0.0205596480519, 0.00373280094936, 0.00279708905146, 0.0137320579961, 0.0243009068072, 0.020687378943, 0.00575426919386, 0.00541969621554, 0.0120887188241, 0.0697777122259, 0.108654260635, 0.108100429177, 0.0457110144198, 0.0363532453775, 0.0280158817768, 0.0065177208744], "dmean2": [0.00418765796348, 0.0173845030367, 0.0968991294503, 0.118550881743, 0.108292616904, 0.0312177371234, 0.00388392293826, 0.00825414154679, 0.0680565610528, 0.125482052565, 0.138179346919, 0.0483543388546, 0.0087326541543, 0.00644134124741, 0.00323643395677, 0.0022290062625, 0.0128858434036, 0.0873529165983, 0.162176504731, 0.144890487194, 0.0354012660682, 0.0071716750972, 0.00550256855786, 0.0233687795699, 0.039979852736, 0.0350921265781, 0.0110440580174, 0.0107164951041, 0.0233791973442, 0.10481133312, 0.169153898954, 0.172930270433, 0.0797563567758, 0.059006087482, 0.0423252023757, 0.010272516869], "max": [0.478768646717, 0.500701367855, 1, 1, 1, 0.970888912678, 1, 0.85613566637, 0.900355875492, 1, 1, 1, 1, 0.553153753281, 0.313443273306, 0.479717373848, 0.560094118118, 1, 1, 1, 1, 1, 0.432287454605, 1, 1, 1, 0.940532982349, 1, 1, 1, 1, 1, 1, 1, 1, 0.325597584248], "dvar": [0.000447861733846, 0.00102030509152, 0.0109089491889, 0.0212294086814, 0.0128600150347, 0.00481824297458, 0.000542846100871, 0.00053368677618, 0.00608239043504, 0.0226819589734, 0.0230418797582, 0.00366140413098, 0.000820768123958, 0.000700014701579, 0.000167189355125, 0.000149528976181, 0.00150981929619, 0.00768558355048, 0.0344690829515, 0.0205699689686, 0.004067750182, 0.000944286060985, 0.000461243849713, 0.00277904095128, 0.00913327373564, 0.00598541507497, 0.00117740489077, 0.00214374088682, 0.00415814807639, 0.0124328099191, 0.0434946641326, 0.0314837917686, 0.0109797865152, 0.0183318294585, 0.0114225698635, 0.000582358450629], "mean": [0.00115132820792, 0.00544774672017, 0.14967520535, 0.316016644239, 0.189751937985, 0.020286520943, 0.00214434927329, 0.00348812714219, 0.0815406814218, 0.258998543024, 0.237208679318, 0.0610200054944, 0.00530773308128, 0.00167317863088, 0.000863997847773, 0.000675667601172, 0.00374249042943, 0.184742435813, 0.482015997171, 0.337318658829, 0.0396882817149, 0.00358929624781, 0.00150896317791, 0.0406966134906, 0.102987088263, 0.0668705925345, 0.00480649108067, 0.00283638900146, 0.00739187374711, 0.192573562264, 0.412344992161, 0.25860413909, 0.0431684143841, 0.0321163348854, 0.0280112847686, 0.00635694386438], "dvar2": [0.00133830565028, 0.00301414588466, 0.0289198234677, 0.0474332533777, 0.0330208018422, 0.0133085502312, 0.0010619222885, 0.00124324706849, 0.015088904649, 0.042392924428, 0.0504253432155, 0.00962263531983, 0.00243295240216, 0.00208706781268, 0.000496430380736, 0.000445403042249, 0.00441460078582, 0.0180463474244, 0.0667544975877, 0.0438958778977, 0.0108996992931, 0.00281222281046, 0.00137543538585, 0.00741274608299, 0.0197095312178, 0.0144075872377, 0.00350785395131, 0.00639326218516, 0.0123116308823, 0.028856234625, 0.0882767662406, 0.0778531208634, 0.0291506964713, 0.0453067906201, 0.0254282690585, 0.001404090086], "min": [0, 0, 0, 0, 0, 0, 0, 0, 0, 0, 0, 0, 0, 0, 0, 0, 0, 0, 0, 0, 0, 0, 0, 0, 0, 0, 0, 0, 0, 0, 0, 0, 0, 0, 0, 0], "var": [0.000226138086873, 0.000579537765589, 0.0373144708574, 0.148427069187, 0.0546047128737, 0.00555298291147, 0.000488455581944, 0.000418903189711, 0.0190946813673, 0.112034209073, 0.0977740436792, 0.019289219752, 0.000616113597061, 0.00035428951378, 8.57038539834e-05, 7.64001379139e-05, 0.000809345452581, 0.0312208812684, 0.168404698372, 0.0793031007051, 0.00973742920905, 0.000547455158085, 0.000233775164816, 0.0113029666245, 0.0705474466085, 0.0302253197879, 0.00066101399716, 0.00108601246029, 0.0022037923336, 0.0466735437512, 0.182118430734, 0.0750973150134, 0.0119135072455, 0.0173438303173, 0.0133363204077, 0.000636625045445], "median": [2.58815052803e-05, 5.45623042854e-05, 0.043234013021, 0.096914216876, 0.059048704803, 0.00247656879947, 5.08396915393e-05, 3.73011898773e-05, 0.0186808742583, 0.0924293622375, 0.0789523422718, 0.0132602388039, 0.000152027962031, 1.6152711396e-05, 1.70571292983e-05, 6.4698906499e-05, 9.20269230846e-05, 0.130250781775, 0.37154686451, 0.282564103603, 0.0151686407626, 0.000128838582896, 5.15187020937e-05, 0.000725925609004, 0.00178376818076, 0.00136749981903, 0.000216198895941, 1.02616368167e-05, 0.000236782929278, 0.0852746516466, 0.199001997709, 0.146752923727, 0.00599413923919, 0.000144773977809, 4.47141355835e-05, 4.25403704867e-05]}}, "lowlevel": {"melbands_flatness_db": {"dmean": 0.0438780449331, "dmean2": 0.067168481648, "max": 1, "dvar": 0.0049749892205, "mean": 0.536571204662, "dvar2": 0.0112102879211, "min": 0.00376840517856, "var": 0.0235509779304, "median": 0.510886371136}, "melbands_crest": {"dmean": 1.63398373127, "dmean2": 2.27278399467, "max": 32.2186164856, "dvar": 4.20513772964, "mean": 17.2100791931, "dvar2": 8.96761322021, "min": 1.47517549992, "var": 37.6252746582, "median": 15.963845253}, "spectral_entropy": {"dmean": 0.334216892719, "dmean2": 0.554069399834, "max": 9.81993675232, "dvar": 0.433060228825, "mean": 5.01947879791, "dvar2": 1.0267816782, "min": 2.41387033463, "var": 0.914884388447, "median": 5.01432132721}, "melbands": {"dmean": [0.000115002956591, 0.000236272942857, 5.60109438084e-05, 0.000473136809887, 0.000445921235951, 0.000353370269295, 0.000482508417917, 2.40404824581e-05, 5.78464714636e-05, 5.04872950842e-05, 7.08650668457e-06, 2.13763132706e-06, 1.19864512271e-06, 2.43085605689e-06, 3.4951951875e-06, 2.13010162042e-06, 9.6239227787e-07, 1.79801293143e-06, 1.78948187113e-06, 2.10594021155e-06, 1.21578364087e-06, 1.91749947476e-07, 1.59020643764e-07, 1.71596866494e-07, 1.87486435266e-07, 1.27665160221e-07, 1.05415786322e-07, 7.04181317701e-08, 6.00467728873e-08, 5.18725968846e-08, 5.67879538949e-08, 7.68506538407e-08, 4.34049667319e-08, 3.90575642939e-08, 3.52825786365e-08, 2.06870360842e-08, 1.39246694175e-08, 9.31253119063e-09, 4.63510518856e-09, 5.12989117851e-09], "dmean2": [5.41314802831e-05, 0.000100817065686, 5.89442315686e-05, 0.000725827587303, 0.000667426211294, 0.000459995178971, 0.000659898680169, 3.33438692905e-05, 7.99342960818e-05, 6.69574801577e-05, 9.16225326364e-06, 2.98011059385e-06, 1.6752439933e-06, 2.93276752927e-06, 4.99166844747e-06, 2.88905744128e-06, 1.2568253851e-06, 2.20887818614e-06, 2.08418396141e-06, 2.4172893518e-06, 1.43525653584e-06, 3.10077524546e-07, 2.5520176905e-07, 2.67045493274e-07, 3.18118338782e-07, 2.13536637261e-07, 1.73899636025e-07, 1.2382045611e-07, 1.09646826729e-07, 9.77716325679e-08, 1.04645451415e-07, 1.28040539948e-07, 8.14096168256e-08, 7.19667596627e-08, 6.3359166802e-08, 3.87729812701e-08, 2.54703511615e-08, 1.71385483583e-08, 8.06764166583e-09, 8.47911785229e-09], "max": [0.00556707708165, 0.00614186143503, 0.00164935376961, 0.0177475530654, 0.0107164885849, 0.014204964973, 0.0145562337711, 0.00076193123823, 0.0028276045341, 0.00223866687156, 0.000250737968599, 9.19736776268e-05, 9.62556368904e-05, 0.000364006962627, 0.000333833188051, 0.000218566288822, 0.000158357055625, 0.000341173465131, 0.000199813497602, 0.00019742565928, 0.000287438364467, 8.09717221273e-06, 6.72773421684e-06, 7.98924702394e-06, 6.35201922705e-06, 4.11354221797e-06, 2.47729690273e-06, 2.70943496616e-06, 1.61398520504e-06, 1.27547514239e-06, 1.65659253071e-06, 3.60866420124e-06, 1.32772402139e-06, 1.11449458018e-06, 1.21047435186e-06, 6.68751852118e-07, 4.74799151107e-07, 5.72858652959e-07, 1.50740589788e-07, 3.07043563907e-07], "dvar": [2.90311010787e-08, 9.0274532738e-08, 1.35612117091e-08, 8.54700772379e-07, 5.62365130463e-07, 7.58974067594e-07, 1.32672414566e-06, 2.28561147786e-09, 3.00999865033e-08, 2.025451451e-08, 1.41675185472e-10, 1.5718986876e-11, 2.08617446235e-11, 2.81716788786e-10, 2.71195566004e-10, 1.09305321738e-10, 3.66209979008e-11, 1.64583568996e-10, 1.15054771266e-10, 1.22608145858e-10, 1.1265294253e-10, 2.29890433946e-13, 1.65668138387e-13, 2.60874844947e-13, 3.53288253686e-13, 1.49717830364e-13, 6.69379035165e-14, 5.05576212406e-14, 3.05534067556e-14, 2.67798038248e-14, 3.02286204423e-14, 7.31191772711e-14, 2.22165527349e-14, 1.66784310971e-14, 1.3022359917e-14, 5.53639580808e-15, 2.14842368478e-15, 1.35840547812e-15, 2.46015346165e-16, 5.20301528675e-16], "mean": [0.00063269835664, 0.00124185683671, 0.000174269094714, 0.00148168590385, 0.00139741366729, 0.00111286866013, 0.00094186339993, 7.90689009591e-05, 0.000128526982735, 0.000122694938909, 2.11013957596e-05, 5.81993117521e-06, 4.74039507026e-06, 1.43036340887e-05, 1.53940163727e-05, 1.01551177067e-05, 3.3364481169e-06, 6.74556440572e-06, 6.59197894493e-06, 7.70059159549e-06, 3.80437631975e-06, 2.49876336511e-07, 1.91965298768e-07, 2.2973341629e-07, 1.82793968406e-07, 1.20054835406e-07, 1.07402051697e-07, 5.55419781278e-08, 4.22668691158e-08, 3.23943645242e-08, 3.77651119265e-08, 6.15750010979e-08, 2.67564637113e-08, 2.79521685798e-08, 2.44034481511e-08, 1.54198556146e-08, 1.18863141552e-08, 5.98257710038e-09, 3.90252496985e-09, 4.95422547431e-09], "dvar2": [9.38557409569e-09, 2.82756094094e-08, 2.68456954444e-08, 2.10708753912e-06, 1.28994611259e-06, 1.48982917381e-06, 2.88196474685e-06, 4.38024860827e-09, 6.39731041474e-08, 4.03200424159e-08, 2.3278054484e-10, 2.98752932115e-11, 3.87821996739e-11, 4.89454865527e-10, 5.25827381637e-10, 2.01488381535e-10, 6.63486765529e-11, 2.9524310774e-10, 2.09609482549e-10, 2.23822335665e-10, 2.09673514662e-10, 5.64505094145e-13, 3.57782054851e-13, 5.10895904575e-13, 9.51242123265e-13, 3.99069693307e-13, 1.7028575544e-13, 1.33622876219e-13, 8.63860374835e-14, 7.77125217476e-14, 8.65586763507e-14, 1.71463930836e-13, 6.34083917642e-14, 4.80668937541e-14, 3.48919840503e-14, 1.60647641972e-14, 6.14224374691e-15, 3.49312088755e-15, 6.45996188789e-16, 1.29533656953e-15], "min": [1.16264903731e-24, 5.37663828564e-25, 1.38896060924e-24, 1.7196392678e-24, 1.51274274603e-24, 1.58166315674e-24, 1.1894679415e-24, 2.2002539576e-24, 2.31708327158e-24, 2.91217627265e-24, 1.96158409072e-24, 1.88581005647e-24, 2.10313689712e-24, 2.88687632013e-24, 1.93765537567e-24, 3.07237143997e-24, 3.15642792208e-24, 2.30985710848e-24, 4.23644693501e-24, 4.35246786378e-24, 3.56485533095e-24, 3.7991095489e-24, 3.30621663355e-24, 3.48514369749e-24, 4.61318481524e-24, 5.84806530969e-24, 5.46382141795e-24, 5.83632705942e-24, 5.13535590866e-24, 4.91015031972e-24, 4.34724994333e-24, 4.89053292673e-24, 6.15629101473e-24, 6.81498829287e-24, 5.95620196815e-24, 5.17226434383e-24, 6.42148238524e-24, 6.04005472693e-24, 6.89781632133e-24, 7.01750545332e-24], "var": [7.51998470605e-07, 2.14891088035e-06, 5.74918743723e-08, 4.42628879682e-06, 2.29302213484e-06, 3.05918251797e-06, 3.02548619402e-06, 1.25160353193e-08, 7.37830276876e-08, 6.18784099515e-08, 8.21229029224e-10, 7.26087731606e-11, 1.48288353818e-10, 2.26380780788e-09, 1.59047530701e-09, 6.81575462735e-10, 1.68531646971e-10, 7.76075259612e-10, 5.21200194115e-10, 5.46368061904e-10, 4.57437726586e-10, 2.67652761933e-13, 2.43958661866e-13, 5.69910980387e-13, 2.92856613526e-13, 1.33178055172e-13, 7.39426288211e-14, 4.31179479057e-14, 1.94981156871e-14, 1.49356438675e-14, 1.85976332668e-14, 7.75637285519e-14, 1.29179216017e-14, 1.02448330039e-14, 9.09110806112e-15, 3.3673161661e-15, 1.56505610626e-15, 9.99792057039e-16, 2.21213056799e-16, 5.09772485624e-16], "median": [0.000305910652969, 0.00048363089445, 4.39673422079e-05, 0.000471470673801, 0.00101639924105, 0.000393755995901, 0.000189348182175, 3.26279441651e-05, 2.59144107986e-05, 2.2229485694e-05, 1.04906821434e-05, 2.52633321907e-06, 5.88656007494e-07, 1.03284044428e-07, 3.6130825265e-07, 2.19213504238e-07, 7.39265644256e-08, 7.02518079265e-08, 3.92640586711e-08, 6.6751205452e-08, 4.86818976242e-08, 4.04681124166e-08, 1.74809766662e-08, 1.76431242949e-08, 1.56312331967e-08, 6.38786445961e-09, 3.68759911495e-09, 1.70773362118e-09, 1.70973801783e-09, 8.36188118747e-10, 6.91930568397e-10, 5.34178312694e-10, 4.17007789411e-10, 4.42352487973e-10, 3.87319926132e-10, 3.46326856082e-10, 3.3039232461e-10, 2.13679407501e-10, 2.8498359228e-10, 3.04375386007e-10]}, "silence_rate_60dB": {"dmean": 0.019878519699, "dmean2": 0.039760697633, "max": 1, "dvar": 0.0194841194898, "mean": 0.177049785852, "dvar2": 0.0440706834197, "min": 0, "var": 0.145709201694, "median": 0}, "spectral_energyband_middle_high": {"dmean": 0.000137108101626, "dmean2": 0.000174143788172, "max": 0.00544933509082, "dvar": 1.1537282063e-07, "mean": 0.000621115555987, "dvar2": 2.18652033368e-07, "min": 1.17877346939e-21, "var": 7.43918917578e-07, "median": 0.000218267174205}, "erbbands_skewness": {"dmean": 0.466634571552, "dmean2": 0.688245415688, "max": 13.8799161911, "dvar": 0.601257205009, "mean": 1.49502670765, "dvar2": 1.46665620804, "min": -2.3645658493, "var": 2.04235982895, "median": 1.25766849518}, "dynamic_complexity": 5.83396625519, "dissonance": {"dmean": 0.0441758558154, "dmean2": 0.0740516260266, "max": 0.500000119209, "dvar": 0.0020957919769, "mean": 0.329735636711, "dvar2": 0.00499846413732, "min": 0.0187005270272, "var": 0.00672769360244, "median": 0.338495910168}, "spectral_skewness": {"dmean": 1.70493483543, "dmean2": 2.77249789238, "max": 23.4708023071, "dvar": 3.35264849663, "mean": 7.70877695084, "dvar2": 7.29297494888, "min": -0.0471340380609, "var": 13.7232580185, "median": 7.18263721466}, "spectral_kurtosis": {"dmean": 39.1026573181, "dmean2": 64.0371704102, "max": 739.952636719, "dvar": 2507.52099609, "mean": 108.214836121, "dvar2": 6363.79345703, "min": -1.28286468983, "var": 8178.55175781, "median": 84.3902893066}, "gfcc": {"cov": [[28675.3125, 3031.99169922, -3648.23828125, -817.890930176, -3494.41625977, -2065.41772461, -1981.19494629, 68.4439239502, 80.7335205078, 583.402648926, -221.044036865, -206.472808838, -128.099700928], [3031.99169922, 4709.88818359, 2083.64501953, -31.1692466736, -243.52545166, -1161.2286377, -130.119293213, 103.335426331, 295.909912109, -208.966659546, 105.320861816, -273.177215576, 257.934448242], [-3648.23828125, 2083.64501953, 3468.79370117, 1084.10888672, 518.027160645, -318.601959229, 465.417358398, 171.57510376, 98.5969390869, -195.294937134, -82.6580123901, -130.147140503, 109.875312805], [-817.890930176, -31.1692466736, 1084.10888672, 1094.63049316, 116.661834717, -172.914520264, 288.950683594, 171.999801636, -0.422372490168, -1.28206849098, -136.878082275, -22.6177978516, -21.0219726562], [-3494.41625977, -243.52545166, 518.027160645, 116.661834717, 1053.52844238, 398.149780273, 21.7307624817, -90.8795928955, 70.3344192505, -12.9991559982, -43.0930519104, -53.9110946655, 92.3335952759], [-2065.41772461, -1161.2286377, -318.601959229, -172.914520264, 398.149780273, 864.388916016, 79.1781845093, -233.297164917, -77.3262863159, -35.1831054688, 126.233161926, 13.0776405334, -108.208656311], [-1981.19494629, -130.119293213, 465.417358398, 288.950683594, 21.7307624817, 79.1781845093, 546.038085938, 104.536422729, -65.9556503296, -135.806213379, 39.8261260986, 67.3535308838, -70.8000869751], [68.4439239502, 103.335426331, 171.57510376, 171.999801636, -90.8795928955, -233.297164917, 104.536422729, 352.103302002, 48.6359863281, 35.8171615601, -129.602264404, -15.1407184601, 101.111114502], [80.7335205078, 295.909912109, 98.5969390869, -0.422372490168, 70.3344192505, -77.3262863159, -65.9556503296, 48.6359863281, 174.519790649, 23.5349559784, -66.0809173584, -53.396270752, 75.2552947998], [583.402648926, -208.966659546, -195.294937134, -1.28206849098, -12.9991559982, -35.1831054688, -135.806213379, 35.8171615601, 23.5349559784, 189.624023438, -34.4210243225, -39.8371887207, 51.5471420288], [-221.044036865, 105.320861816, -82.6580123901, -136.878082275, -43.0930519104, 126.233161926, 39.8261260986, -129.602264404, -66.0809173584, -34.4210243225, 301.059783936, -1.31135642529, -75.9325714111], [-206.472808838, -273.177215576, -130.147140503, -22.6177978516, -53.9110946655, 13.0776405334, 67.3535308838, -15.1407184601, -53.396270752, -39.8371887207, -1.31135642529, 223.439071655, -30.6957626343], [-128.099700928, 257.934448242, 109.875312805, -21.0219726562, 92.3335952759, -108.208656311, -70.8000869751, 101.111114502, 75.2552947998, 51.5471420288, -75.9325714111, -30.6957626343, 169.936004639]], "mean": [-240.552307129, 192.854568481, -53.2421302795, -4.67895650864, -35.7927207947, -16.8484668732, -35.805644989, -4.21168708801, -8.4283618927, -5.23971176147, -3.8133392334, -1.79434478283, 3.57240056992], "icov": [[0.000197706380277, -0.000402204837883, 0.000367146130884, -0.000385840161471, 0.000453188957181, -0.000295554724289, 0.000553547870368, -0.000157880131155, 0.000264793023234, -0.000401517172577, 0.000403721584007, -0.000118561707495, 0.00052803393919], [-0.000402204837883, 0.00186803936958, -0.00142560899258, 0.00142771122046, -0.000729677150957, 0.00189754064195, -0.000880538194906, 0.000803867471404, -0.00139572436456, 0.00193246977869, -0.00166628719307, 0.00101162877399, -0.00181050493848], [0.000367146130884, -0.00142560899258, 0.00171969539952, -0.00163985276595, 0.000463139615022, -0.00109645037446, 0.000597481848672, -0.000389544613427, 0.00095506478101, -0.000859481049702, 0.00111662223935, -0.00039024403668, 0.000922932871617], [-0.000385840161471, 0.00142771122046, -0.00163985276595, 0.00295932893641, -0.000943447637837, 0.00161891488824, -0.00154859793838, 0.00023871344456, -0.000844810332637, 0.00036553046084, -0.000567664625123, 0.000735680456273, -0.000132780187414], [0.000453188957181, -0.000729677150957, 0.000463139615022, -0.000943447637837, 0.00276808207855, -0.00147062563337, 0.00137455086224, 0.000240869354457, 6.86197527102e-05, -0.000603938300628, 0.00107620551717, -7.73303254391e-05, -0.000358390883775], [-0.000295554724289, 0.00189754064195, -0.00109645037446, 0.00161891488824, -0.00147062563337, 0.00428648618981, -0.00129235466011, 0.00169506354723, -0.00105922296643, 0.00164462288376, -0.00179081503302, 0.00139170826878, -0.000790806952864], [0.000553547870368, -0.000880538194906, 0.000597481848672, -0.00154859793838, 0.00137455086224, -0.00129235466011, 0.00535499956459, -0.00240604253486, 0.00104950077366, 0.00112657411955, 0.000113443602459, -0.000970258726738, 0.00233768788166], [-0.000157880131155, 0.000803867471404, -0.000389544613427, 0.00023871344456, 0.000240869354457, 0.00169506354723, -0.00240604253486, 0.0061574135907, -0.000757931207772, -8.21395005914e-05, 0.000741854135413, 0.00100825389381, -0.00390116428025], [0.000264793023234, -0.00139572436456, 0.00095506478101, -0.000844810332637, 6.86197527102e-05, -0.00105922296643, 0.00104950077366, -0.000757931207772, 0.00906183291227, -0.00104433391243, 0.00221340847202, 0.000598679296672, -0.000826529285405], [-0.000401517172577, 0.00193246977869, -0.000859481049702, 0.00036553046084, -0.000603938300628, 0.00164462288376, 0.00112657411955, -8.21395005914e-05, -0.00104433391243, 0.0100659094751, -0.0020546533633, 0.00193809322082, -0.00390013237484], [0.000403721584007, -0.00166628719307, 0.00111662223935, -0.000567664625123, 0.00107620551717, -0.00179081503302, 0.000113443602459, 0.000741854135413, 0.00221340847202, -0.0020546533633, 0.00630174390972, -0.00016812470858, 0.00235056178644], [-0.000118561707495, 0.00101162877399, -0.00039024403668, 0.000735680456273, -7.73303254391e-05, 0.00139170826878, -0.000970258726738, 0.00100825389381, 0.000598679296672, 0.00193809322082, -0.00016812470858, 0.0060339672491, -0.00119567883667], [0.00052803393919, -0.00181050493848, 0.000922932871617, -0.000132780187414, -0.000358390883775, -0.000790806952864, 0.00233768788166, -0.00390116428025, -0.000826529285405, -0.00390013237484, 0.00235056178644, -0.00119567883667, 0.0137871662155]]}, "spectral_complexity": {"dmean": 0.615681946278, "dmean2": 1.03304183483, "max": 15, "dvar": 0.682161092758, "mean": 6.37443637848, "dvar2": 1.48248815536, "min": 0, "var": 10.2977190018, "median": 7}, "spectral_flux": {"dmean": 0.0179421640933, "dmean2": 0.0296237338334, "max": 0.281500011683, "dvar": 0.000726477359422, "mean": 0.0349223725498, "dvar2": 0.00187000178266, "min": 6.25191357018e-11, "var": 0.0011881578248, "median": 0.026848135516}, "spectral_energyband_low": {"dmean": 0.0008857116336, "dmean2": 0.000381347927032, "max": 0.0227085612714, "dvar": 1.17331478577e-06, "mean": 0.00478240195662, "dvar2": 4.05624660971e-07, "min": 1.29470510226e-23, "var": 2.91767864837e-05, "median": 0.00210302229971}, "spectral_decrease": {"dmean": 1.38815681172e-09, "dmean2": 1.87461801637e-09, "max": 1.76767241667e-23, "dvar": 5.42246876826e-18, "mean": -5.92392446208e-09, "dvar2": 1.21198619157e-17, "min": -3.80122813226e-08, "var": 2.70595742677e-17, "median": -4.75712225168e-09}, "barkbands_spread": {"dmean": 1.36707746983, "dmean2": 2.33998894691, "max": 89.3107757568, "dvar": 25.5287570953, "mean": 4.01381826401, "dvar2": 73.7191925049, "min": 0.00501726055518, "var": 23.0072116852, "median": 3.12256455421}, "spectral_rms": {"dmean": 0.000501935079228, "dmean2": 0.000638049794361, "max": 0.0120107615367, "dvar": 4.90407330744e-07, "mean": 0.00419255672023, "dvar2": 1.05154606445e-06, "min": 3.12684036649e-12, "var": 4.88601972393e-06, "median": 0.00423740968108}, "spectral_centroid": {"dmean": 62.9582824707, "dmean2": 106.577590942, "max": 11410.6298828, "dvar": 82939.9921875, "mean": 479.745758057, "dvar2": 190793.09375, "min": 68.2692871094, "var": 899973.8125, "median": 354.251312256}, "barkbands_skewness": {"dmean": 0.593274354935, "dmean2": 0.888024926186, "max": 92.3012771606, "dvar": 4.80236959457, "mean": 1.80232012272, "dvar2": 12.4135761261, "min": -68.9212722778, "var": 20.9825019836, "median": 1.32994413376}, "spectral_rolloff": {"dmean": 73.5001144409, "dmean2": 134.059753418, "max": 20284.2773438, "dvar": 256994.296875, "mean": 581.625183105, "dvar2": 616308, "min": 86.1328125, "var": 2677691, "median": 409.130859375}, "erbbands_spread": {"dmean": 3.46974396706, "dmean2": 5.83216571808, "max": 165.160018921, "dvar": 127.988861084, "mean": 11.2680492401, "dvar2": 325.263061523, "min": 0.128455787897, "var": 172.182510376, "median": 6.92459917068}, "barkbands": {"dmean": [6.22434936304e-06, 0.000595444173086, 0.000299937353702, 7.95477608335e-05, 0.00266957259737, 0.00135256524663, 0.00194269232452, 4.52796521131e-05, 0.000451965868706, 3.67990796803e-05, 6.0280544858e-06, 1.79844228114e-05, 3.56800373993e-05, 1.99593469006e-05, 2.76066657534e-05, 1.85722183232e-05, 3.13591249324e-06, 2.97111409964e-06, 4.12757071899e-06, 2.56849671132e-06, 2.28958356274e-06, 2.85453234028e-06, 1.96441624212e-06, 9.37363665798e-07, 8.74635588843e-07, 1.85567114386e-06, 3.06822727225e-07], "dmean2": [1.10996916192e-05, 0.000265299691819, 0.000136056580232, 7.90061094449e-05, 0.00409377925098, 0.00180936267134, 0.00264865229838, 6.62533420837e-05, 0.00061060214648, 4.89674166602e-05, 9.25510812522e-06, 2.2043919671e-05, 4.97454566357e-05, 2.48565193033e-05, 3.1770865462e-05, 2.32128604694e-05, 5.03489309267e-06, 4.79005348097e-06, 6.94673417456e-06, 4.38951701653e-06, 4.26691576649e-06, 5.02528337165e-06, 3.58534657607e-06, 1.68888618646e-06, 1.50756329731e-06, 3.60723947779e-06, 5.93843196839e-07], "max": [0.000143907760503, 0.0206681229174, 0.0120074227452, 0.00311435922049, 0.0750017017126, 0.0586781352758, 0.0575245171785, 0.00272320583463, 0.0210937596858, 0.00151215062942, 0.00033159260056, 0.00264198402874, 0.003549344372, 0.0037325876765, 0.00308285630308, 0.00350858643651, 0.000116235481983, 0.00010647252202, 0.000140526972245, 8.44012392918e-05, 6.5413696575e-05, 9.33309420361e-05, 5.84712106502e-05, 2.79521864286e-05, 3.36976445396e-05, 5.26767507836e-05, 8.80672541825e-06], "dvar": [1.14175724431e-10, 6.69436360567e-07, 2.80630814586e-07, 3.76782978151e-08, 2.40516401391e-05, 1.03690281321e-05, 2.16396092583e-05, 7.69901475905e-09, 1.73143052962e-06, 4.93258234258e-09, 2.61553417813e-10, 1.46944678647e-08, 2.97026705454e-08, 1.98223162329e-08, 2.6594745961e-08, 1.75880874309e-08, 6.58793575248e-11, 6.14096204443e-11, 1.76205980362e-10, 5.01844676926e-11, 5.09256768699e-11, 8.02068966799e-11, 4.17023152122e-11, 8.36629290152e-12, 6.76185323012e-12, 6.26719925956e-11, 1.63242141159e-12], "mean": [6.00606972512e-06, 0.00325641129166, 0.0014265376376, 0.000210013895412, 0.00800461135805, 0.00461472757161, 0.00370194274001, 0.00012187899847, 0.00105232244823, 9.82512356131e-05, 1.07970108729e-05, 0.00010325047333, 0.000163595002959, 7.42431802792e-05, 0.000102241960121, 5.6592765759e-05, 4.02052728532e-06, 3.76944808522e-06, 3.8965317799e-06, 2.3005550247e-06, 1.4854985011e-06, 2.07092216442e-06, 1.35828565817e-06, 7.82982965575e-07, 7.65474396758e-07, 1.02155524928e-06, 1.76857383849e-07], "dvar2": [3.21719845209e-10, 2.10810313206e-07, 8.89161313467e-08, 4.6695245004e-08, 5.89413721173e-05, 2.03475156013e-05, 4.68476719107e-05, 1.48809080613e-08, 3.56254781764e-06, 8.40301961347e-09, 5.66264979351e-10, 2.56919587827e-08, 5.63242039675e-08, 3.56372638066e-08, 4.74518166982e-08, 3.3434144342e-08, 1.46589879124e-10, 1.36950770169e-10, 4.73839301129e-10, 1.31282207327e-10, 1.47539980233e-10, 2.12299705593e-10, 1.18172430175e-10, 2.31129299727e-11, 1.7542446662e-11, 1.8378454314e-10, 4.78356416977e-12], "min": [1.07508646291e-24, 4.22707645075e-24, 2.9664611442e-25, 4.43113425654e-25, 7.33518841732e-24, 9.8280456758e-24, 4.76080041213e-24, 1.06935002418e-23, 1.78090208737e-23, 1.3637126821e-23, 1.74295772005e-23, 2.38818551378e-23, 3.29602746944e-23, 3.11587625114e-23, 4.75141714832e-23, 5.39438927317e-23, 8.23748941398e-23, 6.78321423778e-23, 1.42555811489e-22, 2.15761636488e-22, 2.50549594614e-22, 3.0174515275e-22, 4.44764322202e-22, 5.67404147381e-22, 9.12532484733e-22, 1.27764588737e-21, 1.87411096368e-21], "var": [1.08625025641e-10, 1.70590301423e-05, 6.43561224933e-06, 2.44537261551e-07, 9.86949162325e-05, 4.53733191534e-05, 4.97202236147e-05, 3.99446591359e-08, 4.76917739434e-06, 2.48485836352e-08, 5.06146458079e-10, 1.1703968994e-07, 1.79182649163e-07, 9.29151653395e-08, 1.24419699432e-07, 6.8661115904e-08, 8.54047527143e-11, 1.20572857254e-10, 1.51152576566e-10, 4.60820756554e-11, 2.9146223629e-11, 6.41100367238e-11, 2.56822323824e-11, 6.26757673539e-12, 6.1372977013e-12, 3.29487166717e-11, 8.64083002199e-13], "median": [2.35468496612e-06, 0.00163894169964, 0.000342461542459, 9.85082442639e-06, 0.00394244305789, 0.00218064291403, 0.000601063482463, 4.40028452431e-05, 0.000177640191396, 3.05022040266e-05, 2.23424581236e-06, 1.11882877718e-06, 3.52038750862e-06, 9.87310500022e-07, 6.04370029578e-07, 1.54552128606e-06, 5.7902059325e-07, 3.26818934582e-07, 1.99476900775e-07, 1.09753365507e-07, 3.82154681233e-08, 2.58884860216e-08, 2.5241762458e-08, 2.83948420332e-08, 6.58937082676e-08, 7.67991004125e-09, 2.22544360717e-09]}, "melbands_kurtosis": {"dmean": 6.25011587143, "dmean2": 10.0124406815, "max": 763.80090332, "dvar": 744.7734375, "mean": 15.003947258, "dvar2": 1927.32006836, "min": -1.91343295574, "var": 2229.06103516, "median": 5.96102619171}, "erbbands_crest": {"dmean": 2.16521596909, "dmean2": 3.25704813004, "max": 35.3846893311, "dvar": 7.92414903641, "mean": 15.9007072449, "dvar2": 18.6629962921, "min": 2.51033949852, "var": 32.1118965149, "median": 14.8745126724}, "melbands_skewness": {"dmean": 0.484408885241, "dmean2": 0.733538925648, "max": 20.521736145, "dvar": 1.2515912056, "mean": 1.63394987583, "dvar2": 2.9627161026, "min": -13.5083370209, "var": 3.24659776688, "median": 1.44850885868}, "spectral_energyband_middle_low": {"dmean": 0.00507353059947, "dmean2": 0.00717628654093, "max": 0.145533323288, "dvar": 8.32564328448e-05, "mean": 0.0177283417434, "dvar2": 0.000182732037501, "min": 1.57908685535e-22, "var": 0.000373626680812, "median": 0.0114511428401}, "spectral_contrast_coeffs": {"dmean": [0.0366425439715, 0.0370144955814, 0.0353492796421, 0.0300135072321, 0.030910756439, 0.0316676199436], "dmean2": [0.0585934706032, 0.0585861317813, 0.0564379580319, 0.0488025546074, 0.0476799719036, 0.0485942699015], "max": [-0.245392382145, -0.286246955395, -0.391005933285, -0.399762749672, -0.527275562286, -0.610852360725], "dvar": [0.00134397798683, 0.00151147553697, 0.00136257812846, 0.00141038652509, 0.00145078811329, 0.000978146679699], "mean": [-0.519556820393, -0.61776304245, -0.692966222763, -0.748584449291, -0.801885247231, -0.83957606554], "dvar2": [0.00327227567323, 0.0035526775755, 0.00319509766996, 0.00324419350363, 0.00312861427665, 0.00219132658094], "min": [-0.984978795052, -0.995929181576, -0.995663285255, -0.98602437973, -0.979219913483, -0.976414561272], "var": [0.0170424208045, 0.0129036093131, 0.0119179747999, 0.0152065046132, 0.00605050241575, 0.00333995325491], "median": [-0.502929508686, -0.614166498184, -0.667025089264, -0.763695478439, -0.801677823067, -0.852727890015]}, "spectral_contrast_valleys": {"dmean": [0.357964992523, 0.355437397957, 0.425103008747, 0.462842494249, 0.578095316887, 0.656745314598], "dmean2": [0.554829478264, 0.575120151043, 0.71081161499, 0.762562274933, 0.921733498573, 1.08231878281], "max": [-6.25836467743, -5.23291635513, -6.61190080643, -7.21024274826, -7.36879682541, -9.87191200256], "dvar": [0.19193482399, 0.239027202129, 0.299368679523, 0.487743407488, 0.859133422375, 0.755839705467], "mean": [-8.86079788208, -8.37270736694, -10.2456035614, -11.0809955597, -11.5122299194, -13.9042387009], "dvar2": [0.366768091917, 0.469220608473, 0.653609991074, 1.09499204159, 1.86898243427, 1.77102935314], "min": [-28.3598423004, -28.2366333008, -27.8050003052, -27.7698364258, -27.5037593842, -27.4418144226], "var": [5.14476442337, 7.2763133049, 4.17492294312, 3.56152272224, 4.07724046707, 3.25456953049], "median": [-8.50121498108, -7.32426404953, -9.71541976929, -10.7265100479, -11.1863622665, -13.3964014053]}, "silence_rate_20dB": {"dmean": 0, "dmean2": 0, "max": 1, "dvar": 0, "mean": 1, "dvar2": 0, "min": 1, "var": 0, "median": 1}, "silence_rate_30dB": {"dmean": 0.00404932815582, "dmean2": 0.00809940136969, "max": 1, "dvar": 0.00403255270794, "mean": 0.99797552824, "dvar2": 0.0120825534686, "min": 0, "var": 0.00202019163407, "median": 1}, "spectral_strongpeak": {"dmean": 0.284884870052, "dmean2": 0.425345808268, "max": 5.32306671143, "dvar": 0.208023533225, "mean": 0.966881513596, "dvar2": 0.465297281742, "min": 0, "var": 0.693301618099, "median": 0.68425565958}, "spectral_spread": {"dmean": 696393.375, "dmean2": 1172538, "max": 43201084, "dvar": 1505772044290.0, "mean": 1747160.5, "dvar2": 3258090520580.0, "min": 160953.1875, "var": 12631875256300.0, "median": 1150970.125}, "barkbands_flatness_db": {"dmean": 0.03838089481, "dmean2": 0.0595641992986, "max": 0.880526721478, "dvar": 0.00393441086635, "mean": 0.428898721933, "dvar2": 0.00890091620386, "min": 0.0620590187609, "var": 0.0170643106103, "median": 0.401941746473}, "pitch_salience": {"dmean": 0.0429374538362, "dmean2": 0.0631097182631, "max": 0.98295968771, "dvar": 0.00357760256156, "mean": 0.437919527292, "dvar2": 0.00823992490768, "min": 0.00603802222759, "var": 0.02431762591, "median": 0.471349418163}, "erbbands_kurtosis": {"dmean": 3.91533374786, "dmean2": 5.78558826447, "max": 343.181243896, "dvar": 126.273361206, "mean": 9.98429489136, "dvar2": 288.659606934, "min": -1.83700168133, "var": 555.012268066, "median": 3.6500005722}, "average_loudness": 0.704420149326, "barkbands_crest": {"dmean": 1.57694375515, "dmean2": 2.29532885551, "max": 26.9969806671, "dvar": 3.43494677544, "mean": 14.4835882187, "dvar2": 7.92603492737, "min": 3.44003653526, "var": 22.0545692444, "median": 13.6806955338}, "hfc": {"dmean": 1.92564570904, "dmean2": 2.61619138718, "max": 49.9446678162, "dvar": 11.1377954483, "mean": 7.3518204689, "dvar2": 23.5784988403, "min": 1.09357644493e-16, "var": 52.262714386, "median": 5.36009883881}, "barkbands_kurtosis": {"dmean": 23.3560123444, "dmean2": 32.3063583374, "max": 24719.6621094, "dvar": 124637.671875, "mean": 65.5563812256, "dvar2": 243956.78125, "min": -1.93902230263, "var": 481438.03125, "median": 4.73529815674}, "erbbands": {"dmean": [0.006395584438, 0.168247550726, 0.438333660364, 0.213551193476, 1.79677021503, 12.6209926605, 9.38729000092, 13.8905057907, 36.9022369385, 4.31010818481, 4.34014558792, 9.22797203064, 1.53353619576, 0.409096330404, 0.462320327759, 0.626692473888, 1.71090078354, 0.43423935771, 0.852355897427, 2.05007219315, 1.14100265503, 0.23325972259, 0.176549583673, 0.217942103744, 0.152932018042, 0.113659590483, 0.0915059000254, 0.0994802266359, 0.116110242903, 0.0718190595508, 0.0537595488131, 0.0270786881447, 0.0117565914989, 0.00587301095948, 0.00819895416498, 0.00753023847938, 0.00366196082905, 0.00063934258651, 5.62670866202e-05, 7.33531760488e-06], "dmean2": [0.00352277513593, 0.0732434242964, 0.191351830959, 0.176167681813, 2.5767660141, 19.5087432861, 13.608540535, 18.3490104675, 50.3355026245, 5.97243928909, 6.07963705063, 12.2360219955, 1.97979736328, 0.574692606926, 0.603650867939, 0.821883261204, 2.34444880486, 0.565979778767, 1.03637742996, 2.3384346962, 1.32756531239, 0.340461879969, 0.277295917273, 0.364076912403, 0.252868562937, 0.195753410459, 0.168501168489, 0.18272562325, 0.199108600616, 0.132440105081, 0.0976965501904, 0.0490819178522, 0.0214735157788, 0.00969027727842, 0.0148836672306, 0.0143447443843, 0.00711331469938, 0.0012418058468, 0.000108163134428, 1.09086158773e-05], "max": [0.495425224304, 4.97931814194, 15.0583600998, 10.0672912598, 77.4316864014, 383.645050049, 242.530044556, 716.950073242, 1128.53442383, 134.223709106, 206.501235962, 413.077606201, 47.2758712769, 17.0192184448, 55.612991333, 62.1030578613, 175.254852295, 59.3492774963, 144.192703247, 224.775360107, 240.887008667, 19.5803031921, 7.22372531891, 6.69069910049, 4.21905231476, 3.81966543198, 2.56010079384, 2.65173220634, 4.39627790451, 2.07914471626, 1.77836251259, 0.816672861576, 0.58529484272, 0.258924394846, 0.265229016542, 0.204268783331, 0.103787943721, 0.0181828830391, 0.00165805779397, 0.000164419281646], "dvar": [0.000122331271996, 0.0496207177639, 0.435280323029, 0.143072798848, 19.901676178, 536.662414551, 245.280303955, 1522.02880859, 7831.50830078, 80.422203064, 156.840087891, 694.76348877, 6.24792051315, 0.571177423, 6.40216827393, 8.72034358978, 71.0705718994, 5.42978429794, 29.6589393616, 145.274749756, 79.6514282227, 0.576675355434, 0.211475551128, 0.404535770416, 0.162197679281, 0.107789076865, 0.0748601928353, 0.0885940864682, 0.14055930078, 0.0570386238396, 0.0315649434924, 0.00801187474281, 0.00171488814522, 0.00045431216131, 0.0006164132501, 0.000895111181308, 0.000243689268245, 7.34952618586e-06, 5.21484189164e-08, 1.45888148784e-10], "mean": [0.0351781845093, 0.916877090931, 2.20673394203, 0.821668386459, 4.53954648972, 39.7447967529, 31.5429763794, 46.9237213135, 71.5107421875, 12.0613851547, 10.1039676666, 22.2278766632, 4.74325227737, 1.1934504509, 2.37896943092, 3.43938112259, 8.11487007141, 1.65339243412, 3.2623462677, 7.71340322495, 3.75657486916, 0.45696631074, 0.236689478159, 0.228895545006, 0.153887152672, 0.0974049419165, 0.0622846484184, 0.0667143687606, 0.0886001810431, 0.0491384863853, 0.036696780473, 0.0234928652644, 0.00814661197364, 0.00577002577484, 0.00594925275072, 0.00465606059879, 0.0020277639851, 0.000358829100151, 4.1173734644e-05, 2.67204304691e-05], "dvar2": [4.61355048174e-05, 0.0155503144488, 0.126836553216, 0.197103500366, 46.9451065063, 1324.73071289, 505.586334229, 2950.81933594, 16958.2109375, 166.37437439, 339.244995117, 1378.9440918, 10.6311721802, 1.12951636314, 11.4134321213, 15.8248147964, 132.874237061, 9.99383163452, 53.3162231445, 263.822174072, 148.402648926, 1.10925233364, 0.460580229759, 1.08012962341, 0.425133287907, 0.283631205559, 0.21504598856, 0.253453999758, 0.353103935719, 0.16439139843, 0.0875464379787, 0.0227770600468, 0.00443921471015, 0.00109094905201, 0.00171604182106, 0.00261693773791, 0.000714838330168, 2.15497875615e-05, 1.53112523549e-07, 3.76255526735e-10], "min": [7.29186038987e-23, 9.15826969822e-22, 1.33112091273e-21, 6.33397802088e-21, 1.08440615652e-20, 2.69273122624e-20, 4.12990018721e-20, 6.35002839438e-20, 9.78984733945e-20, 2.07113010213e-19, 2.94584787976e-19, 4.77276699396e-19, 4.30386854849e-19, 7.16992141649e-19, 9.75194243412e-19, 9.97923202091e-19, 1.79367953337e-18, 2.30571818781e-18, 1.78607650277e-18, 3.69412492275e-18, 4.34159930646e-18, 4.60201272049e-18, 4.23601880025e-18, 6.14559585002e-18, 8.7537728356e-18, 9.16289884811e-18, 9.33522290358e-18, 8.24383914902e-18, 9.98293923762e-18, 1.27309746804e-17, 1.15730756784e-17, 1.07698866124e-17, 9.79848871437e-18, 8.96982248543e-18, 6.88922129453e-18, 3.9920964725e-18, 2.47413236732e-18, 9.5668845535e-19, 2.43676319068e-19, 2.61869775363e-20], "var": [0.00323931546882, 1.25414729118, 10.1409540176, 1.21582627296, 43.9609298706, 2983.29541016, 1178.17773438, 6537.38085938, 17983.015625, 293.95501709, 370.345672607, 2123.46508789, 34.7486038208, 2.55844449997, 50.1972427368, 68.4653778076, 437.247711182, 24.6772937775, 141.096069336, 663.099731445, 320.762359619, 1.75617265701, 0.445202410221, 0.357028245926, 0.16324660182, 0.0962069779634, 0.0448095165193, 0.0547845773399, 0.129518374801, 0.0338383279741, 0.020386012271, 0.00602140789852, 0.00128212431446, 0.000530964345671, 0.000420378433773, 0.000483979762066, 0.000128082945594, 3.8696325646e-06, 2.76030380775e-08, 5.35218813713e-10], "median": [0.0141206905246, 0.462778270245, 0.696019887924, 0.245707020164, 1.71778738499, 14.9662752151, 22.3804931641, 16.4157428741, 13.044380188, 5.45811605453, 3.37043523788, 3.68190836906, 2.77649927139, 0.638115763664, 0.220801278949, 0.145909100771, 0.179816931486, 0.104177899659, 0.0656105801463, 0.0655454769731, 0.0995318442583, 0.0790645182133, 0.0282116904855, 0.0233832765371, 0.00878380984068, 0.00499576423317, 0.0025405776687, 0.00144200224895, 0.00104999367613, 0.000912277027965, 0.000804659095593, 0.00062427361263, 0.000496422580909, 0.00040663802065, 0.000418785144575, 0.000174769738805, 2.79513151327e-05, 5.09639221491