{"tonal": {"chords_key": "A", "hpcp_entropy": {"dmean": 0.577548503876, "dmean2": 0.978112697601, "max": 4.39297533035, "dvar": 0.241202458739, "mean": 1.97088205814, "dvar2": 0.637977838516, "min": 0, "var": 0.55383348465, "median": 1.97236788273}, "key_key": "A", "chords_strength": {"dmean": 0.00830517429858, "dmean2": 0.00877061393112, "max": 0.736771762371, "dvar": 4.94588894071e-05, "mean": 0.491061031818, "dvar2": 5.81728381803e-05, "min": 0.236005306244, "var": 0.00998595636338, "median": 0.48631337285}, "key_scale": "minor", "chords_number_rate": 0.00233001471497, "thpcp": [1, 0.930950164795, 0.325228363276, 0.112037785351, 0.0956809073687, 0.123418815434, 0.266486048698, 0.361386030912, 0.275501519442, 0.261208951473, 0.244243785739, 0.14440664649, 0.120918929577, 0.120440758765, 0.0988918244839, 0.139031544328, 0.154725819826, 0.0974920019507, 0.0629215538502, 0.0565233714879, 0.0775942355394, 0.17411249876, 0.224871665239, 0.424328953028, 0.655860245228, 0.36577180028, 0.0616248883307, 0.0701695680618, 0.0781820639968, 0.0980273857713, 0.23328794539, 0.329369336367, 0.254675060511, 0.163523510098, 0.150528207421, 0.40902659297], "key_strength": 0.633030235767, "tuning_nontempered_energy_ratio": 0.890264332294, "tuning_frequency": 434.193115234, "chords_changes_rate": 0.0599449276924, "tuning_diatonic_strength": 0.482437044382, "chords_scale": "major", "chords_histogram": [7.37131977081, 1.1438254118, 11.9889850616, 8.91760253906, 1.05909764767, 0.0847278088331, 2.5418343544, 24.9523410797, 0.0635458603501, 15.9500102997, 0.847278118134, 0.804914236069, 0.233001485467, 0, 0, 0.3812751472, 4.3211183548, 0.0211819522083, 0, 0, 0.0211819522083, 0, 4.21520853043, 15.0815505981], "tuning_equal_tempered_deviation": 0.195795327425, "hpcp": {"dmean": [0.155871316791, 0.167916864157, 0.129033595324, 0.0655887052417, 0.0562301389873, 0.0649522393942, 0.0854183658957, 0.0936268866062, 0.0984029769897, 0.0911540612578, 0.0784599706531, 0.0661070197821, 0.0508051998913, 0.0449430607259, 0.0429159253836, 0.0521044693887, 0.0500287413597, 0.0378091223538, 0.0302868466824, 0.0262975916266, 0.0301958993077, 0.0452535673976, 0.0460541620851, 0.0950015708804, 0.14155612886, 0.0782339423895, 0.0244077146053, 0.0266533140093, 0.0284620504826, 0.0419140085578, 0.0842565521598, 0.110356785357, 0.114073298872, 0.0924017876387, 0.0820491909981, 0.150359019637], "dmean2": [0.261715710163, 0.28147739172, 0.222123935819, 0.121454738081, 0.105838611722, 0.117350816727, 0.145919576287, 0.15761397779, 0.169023811817, 0.16171836853, 0.130799084902, 0.114712700248, 0.087573774159, 0.0792528614402, 0.0749804973602, 0.0898146778345, 0.0846951603889, 0.0662134960294, 0.0550495460629, 0.0468112565577, 0.0517142675817, 0.0739807486534, 0.0734079554677, 0.167506575584, 0.258046239614, 0.138898923993, 0.0431195050478, 0.0459514185786, 0.0481767393649, 0.0742661058903, 0.147216767073, 0.193243473768, 0.206206545234, 0.169806033373, 0.148925155401, 0.262205779552], "max": [1, 1, 1, 1, 1, 1, 1, 1, 1, 1, 1, 1, 1, 1, 1, 1, 1, 1, 1, 1, 1, 1, 1, 1, 1, 1, 1, 1, 1, 1, 1, 1, 1, 1, 1, 1], "dvar": [0.0422131307423, 0.0428097508848, 0.0358473099768, 0.0242746211588, 0.0261572264135, 0.0263703875244, 0.0295452438295, 0.0363350473344, 0.0333190187812, 0.0380614474416, 0.0300887487829, 0.0259850695729, 0.0181461200118, 0.0193747356534, 0.0127199310809, 0.0188496243209, 0.0178657397628, 0.0145324096084, 0.0124671924859, 0.00981844030321, 0.00909458938986, 0.0114355180413, 0.0119540849701, 0.0262848846614, 0.0829747840762, 0.0226891748607, 0.00678237900138, 0.00880040600896, 0.00779639929533, 0.00980192236602, 0.0295718368143, 0.0457273721695, 0.0503884330392, 0.0374927632511, 0.0276266783476, 0.0412037484348], "mean": [0.437763750553, 0.407536238432, 0.14237318933, 0.0490460805595, 0.0418856330216, 0.0540282838047, 0.116657927632, 0.15820170939, 0.12060457468, 0.114347808063, 0.106921076775, 0.0632159933448, 0.0529339239001, 0.0527245998383, 0.0432912558317, 0.0608629696071, 0.0677333548665, 0.0426784642041, 0.0275447741151, 0.0247438829392, 0.0339679419994, 0.0762201398611, 0.0984406620264, 0.185755833983, 0.287111848593, 0.160121634603, 0.0269771423191, 0.0307176932693, 0.0342252738774, 0.0429128371179, 0.102125003934, 0.144185960293, 0.11148750782, 0.0715846642852, 0.0658957958221, 0.179057016969], "dvar2": [0.100388966501, 0.1018114537, 0.0969836637378, 0.0672953352332, 0.0729646533728, 0.0720387399197, 0.0724221393466, 0.0842842757702, 0.0859004184604, 0.0986266061664, 0.071085691452, 0.0678706616163, 0.0463279485703, 0.0460315383971, 0.0329281054437, 0.0476059913635, 0.0429534912109, 0.0375919081271, 0.0350730232894, 0.0281474143267, 0.024558076635, 0.0299550592899, 0.0279533714056, 0.0676597803831, 0.212301194668, 0.0577526502311, 0.0192260332406, 0.02358581312, 0.0210619717836, 0.0275632906705, 0.0818005055189, 0.116950303316, 0.128960579634, 0.103135675192, 0.075367026031, 0.113247051835], "min": [0, 0, 0, 0, 0, 0, 0, 0, 0, 0, 0, 0, 0, 0, 0, 0, 0, 0, 0, 0, 0, 0, 0, 0, 0, 0, 0, 0, 0, 0, 0, 0, 0, 0, 0, 0], "var": [0.16114358604, 0.1421828866, 0.0422374308109, 0.0187609847635, 0.0205851048231, 0.0247730687261, 0.050631120801, 0.0823618993163, 0.0480172149837, 0.0602549500763, 0.0566695965827, 0.0269798282534, 0.0230344459414, 0.0287051796913, 0.0150283155963, 0.0261942073703, 0.0325740799308, 0.0183841735125, 0.0120437052101, 0.0105893313885, 0.0125722019002, 0.0265602655709, 0.0469264760613, 0.0548668168485, 0.169091463089, 0.055342566222, 0.00767578883097, 0.0109534561634, 0.0119409803301, 0.0113099310547, 0.0392189100385, 0.0684412047267, 0.0517785735428, 0.0301243439317, 0.0241119973361, 0.0515387095511], "median": [0.317884892225, 0.297932952642, 0.0558248572052, 0.00388493784703, 0.00199471809901, 0.00325226574205, 0.0139203667641, 0.0204398147762, 0.0135190710425, 0.0037381015718, 0.00290781352669, 0.00413448922336, 0.00601136917248, 0.00503606721759, 0.00378241762519, 0.00419036112726, 0.0040983883664, 0.00300551555119, 0.00194273726083, 0.00153488956857, 0.00263904617168, 0.011436611414, 0.0151787865907, 0.028213230893, 0.0118626533076, 0.00729448022321, 0.00142755790148, 0.00227510812692, 0.00289633474313, 0.00528016034514, 0.00963121466339, 0.0160830803216, 0.0127236573026, 0.00652415025979, 0.00649592000991, 0.085791669786]}}, "lowlevel": {"melbands_flatness_db": {"dmean": 0.0271171387285, "dmean2": 0.0379207506776, "max": 0.74366658926, "dvar": 0.000773909850977, "mean": 0.311412036419, "dvar2": 0.00138642056845, "min": 0.00493517471477, "var": 0.00708020431921, "median": 0.305717051029}, "melbands_crest": {"dmean": 3.22472429276, "dmean2": 5.10848236084, "max": 38.9763832092, "dvar": 10.1579961777, "mean": 19.1138381958, "dvar2": 24.2724380493, "min": 1.86505830288, "var": 50.5737953186, "median": 17.8933429718}, "spectral_entropy": {"dmean": 0.211272329092, "dmean2": 0.30081012845, "max": 9.81353378296, "dvar": 0.0489085428417, "mean": 7.05929851532, "dvar2": 0.088059514761, "min": 5.18872261047, "var": 0.346883445978, "median": 7.06592130661}, "melbands": {"dmean": [0.00299248215742, 0.00107812311035, 0.000520883477293, 0.00105316448025, 0.000582937034778, 0.000183398093213, 9.16376229725e-05, 0.000120692675409, 6.20053324383e-05, 3.05442263198e-05, 5.10799509357e-05, 3.60890844604e-05, 8.82328386069e-05, 3.59280638804e-05, 1.49550314745e-05, 6.19107458988e-06, 6.6606476139e-06, 7.1246877269e-06, 6.44910460323e-06, 6.194357411e-06, 3.75820627596e-06, 2.33057221521e-06, 1.64182722528e-06, 1.96379596673e-06, 2.44057150667e-06, 1.7732318156e-06, 1.41930070185e-06, 1.62403614468e-06, 1.54309441314e-06, 1.01531543351e-06, 8.57408338106e-07, 8.6227578322e-07, 9.73472651822e-07, 1.44460113916e-06, 1.65830294918e-06, 1.8234518393e-06, 1.42570479511e-06, 8.60828379246e-07, 5.88341436014e-07, 4.49064799568e-07], "dmean2": [0.00412926962599, 0.00174763286486, 0.000862453307491, 0.00162676384207, 0.000865310372319, 0.000271984696155, 0.000138822186273, 0.000178097252501, 9.37965451158e-05, 4.61392919533e-05, 7.60487600928e-05, 5.63232460991e-05, 0.000144866236951, 5.3952964663e-05, 2.34031103901e-05, 1.00582810774e-05, 1.11527142508e-05, 1.17615754789e-05, 1.07258329081e-05, 1.03008123915e-05, 6.33553418083e-06, 3.91889489038e-06, 2.7510993732e-06, 3.10209497911e-06, 3.84832401323e-06, 2.83283657154e-06, 2.16729904423e-06, 2.51634332926e-06, 2.40594977186e-06, 1.56517535288e-06, 1.3240600083e-06, 1.3579407323e-06, 1.49157972373e-06, 2.20055267164e-06, 2.51325832323e-06, 2.74008925771e-06, 2.11179531107e-06, 1.27327291466e-06, 8.36742174215e-07, 6.58175395074e-07], "max": [0.0878651663661, 0.0312134567648, 0.019210960716, 0.0250074565411, 0.0201049223542, 0.0133649110794, 0.00771711859852, 0.0126458276063, 0.00635104766116, 0.00237271469086, 0.00891339313239, 0.00609131157398, 0.0109828105196, 0.00650720531121, 0.00319762830622, 0.000447880011052, 0.000349980284227, 0.000512567698024, 0.000672359776217, 0.000258526270045, 0.000450597202871, 0.000206879718462, 0.000254229293205, 0.000293052900815, 0.000259933614871, 0.000176880377694, 0.000743156066164, 0.000617197132669, 0.000407673855079, 0.000117765419418, 9.94431320578e-05, 0.000145006910316, 0.000122299330542, 0.000256099854596, 0.000261185778072, 0.00025834797998, 0.000181765819434, 0.000134029905894, 8.03011862445e-05, 9.89909603959e-05], "dvar": [5.19583300047e-05, 3.73559123545e-06, 8.67339906563e-07, 2.10787447941e-06, 1.14814361041e-06, 2.28292023507e-07, 4.0381028299e-08, 1.17456004034e-07, 4.07498532695e-08, 8.61088267357e-09, 3.03410381264e-08, 1.99998595463e-08, 1.16519629501e-07, 2.48440432671e-08, 3.71091379847e-09, 2.37520503266e-10, 2.6929797281e-10, 3.07837005886e-10, 2.19689502701e-10, 1.51372733792e-10, 1.1773269859e-10, 4.41976143184e-11, 2.68618807753e-11, 3.93522402165e-11, 5.69011539275e-11, 3.05900131614e-11, 1.27053617627e-10, 1.56495594261e-10, 6.58336371528e-11, 1.32461307548e-11, 1.17323789572e-11, 1.91474232303e-11, 2.30603938722e-11, 6.03340710725e-11, 7.73832317669e-11, 8.89489454314e-11, 4.22551472978e-11, 1.38047195203e-11, 5.34359926099e-12, 5.07728754873e-12], "mean": [0.00610214564949, 0.00306272087619, 0.00128695904277, 0.00222937110811, 0.00150949670933, 0.000374537456082, 0.000177244030056, 0.000226450458285, 0.000111803412437, 5.60640619369e-05, 9.60406614468e-05, 6.42859668005e-05, 0.000151833679411, 7.03940168023e-05, 2.89272720693e-05, 1.07648038465e-05, 1.13919404612e-05, 1.24636608234e-05, 1.20170316222e-05, 1.06293855424e-05, 6.24181166131e-06, 4.01583929488e-06, 2.70556324722e-06, 3.36432617587e-06, 4.13958787249e-06, 3.01281784232e-06, 2.1024434318e-06, 2.31522790273e-06, 2.32407342082e-06, 1.54116264639e-06, 1.14957106234e-06, 1.03929494344e-06, 1.16024909858e-06, 1.76761693638e-06, 1.99851092475e-06, 2.33236301028e-06, 2.04867023967e-06, 1.31155184135e-06, 9.68838094195e-07, 7.16933641343e-07], "dvar2": [9.70995752141e-05, 9.82367510005e-06, 2.50479502029e-06, 5.53271684112e-06, 2.48227206612e-06, 4.69678695936e-07, 8.37737914594e-08, 2.31175292242e-07, 8.65132108174e-08, 1.86235169508e-08, 6.18082012238e-08, 4.71932857238e-08, 3.16713851589e-07, 5.59504584885e-08, 8.42740455198e-09, 6.01048544269e-10, 7.30755844724e-10, 7.93589416404e-10, 5.93192384102e-10, 4.19061230161e-10, 3.21922100088e-10, 1.1751062623e-10, 7.32703411832e-11, 8.3823815944e-11, 1.32944086295e-10, 7.48328413125e-11, 2.9165972415e-10, 3.6763470046e-10, 1.50322296277e-10, 3.03554820169e-11, 2.70163683092e-11, 4.33682846579e-11, 5.10844214152e-11, 1.34564651089e-10, 1.75865488838e-10, 1.93597499143e-10, 8.97250190812e-11, 2.95392842131e-11, 9.50950689721e-12, 1.11159362964e-11], "min": [5.18878033018e-24, 6.68564823657e-24, 3.38794420105e-24, 9.59189227521e-24, 6.85628042809e-24, 4.4586288201e-24, 5.15028470686e-24, 7.63213538357e-24, 4.65731803301e-24, 4.45870494518e-24, 6.97866194234e-24, 7.9270668102e-24, 4.25091030528e-24, 8.41591444684e-24, 1.17862500892e-23, 8.84232847599e-24, 3.64386763921e-24, 6.53356492594e-24, 7.73983225207e-24, 3.81607124166e-24, 6.71452449e-24, 1.12320177164e-23, 8.24324147215e-24, 9.74693184208e-24, 1.18130934481e-23, 9.16547509062e-24, 7.41535009592e-24, 6.19118114927e-24, 5.49501179485e-24, 7.61633371077e-24, 1.11163659746e-23, 9.78297410798e-24, 9.57867412189e-24, 9.93461841751e-24, 8.88124061786e-24, 8.53121830105e-24, 9.51450344269e-24, 9.34940905472e-24, 9.67596354847e-24, 8.8982681805e-24], "var": [0.00012868498743, 7.98967721494e-06, 1.68665167166e-06, 6.47051092528e-06, 5.28784403286e-06, 6.85269640144e-07, 1.09541431925e-07, 3.69984803683e-07, 1.14316492272e-07, 1.95105744893e-08, 8.99655034914e-08, 4.57485356264e-08, 2.77990494624e-07, 9.50756415818e-08, 1.46861562911e-08, 4.7729520336e-10, 5.23280752063e-10, 6.68556321415e-10, 3.64005492415e-10, 2.51668658136e-10, 1.36605241008e-10, 5.70243782749e-11, 2.88514611507e-11, 6.42502023807e-11, 9.16427420061e-11, 4.3275470013e-11, 1.24197499507e-10, 1.73444911211e-10, 1.17106949138e-10, 1.99216060315e-11, 1.53497232286e-11, 2.3738139926e-11, 3.08451944542e-11, 8.51043888139e-11, 1.04049602268e-10, 1.34970160048e-10, 7.49567352631e-11, 2.41215953461e-11, 1.2069100927e-11, 8.8025923356e-12], "median": [0.00203288835473, 0.00224673748016, 0.00088854751084, 0.00138122448698, 0.000476455490571, 0.000101410223579, 8.83552420419e-05, 5.02385009895e-05, 1.99236419576e-05, 1.44725954669e-05, 1.09360316856e-05, 1.44816285683e-05, 2.21170012082e-05, 8.36497201817e-06, 4.49621666121e-06, 3.54162057192e-06, 3.6633534819e-06, 3.95036749978e-06, 6.03880744166e-06, 5.2946265896e-06, 2.59306602857e-06, 1.78634741133e-06, 1.19611217997e-06, 1.11799818114e-06, 1.36437120091e-06, 1.25083226976e-06, 6.66875223487e-07, 6.35796766346e-07, 6.86403268446e-07, 4.71509622457e-07, 2.7118323942e-07, 1.26799349687e-07, 7.89812304447e-08, 6.62163728293e-08, 8.15426233203e-08, 1.24951142766e-07, 1.7622359394e-07, 1.73052967511e-07, 1.78935380291e-07, 1.24534111023e-07]}, "silence_rate_60dB": {"dmean": 0.00381355942227, "dmean2": 0.00762792676687, "max": 1, "dvar": 0.00379936373793, "mean": 0.0379197113216, "dvar2": 0.0090547837317, "min": 0, "var": 0.0364783555269, "median": 0}, "spectral_energyband_middle_high": {"dmean": 0.00101954909042, "dmean2": 0.0015961433528, "max": 0.0686002597213, "dvar": 7.26737835066e-06, "mean": 0.00272621284239, "dvar2": 1.85145654541e-05, "min": 1.52575685418e-21, "var": 2.87064540316e-05, "median": 0.000882424181327}, "erbbands_skewness": {"dmean": 0.451539695263, "dmean2": 0.661023557186, "max": 6.00904130936, "dvar": 0.228332385421, "mean": 0.871290922165, "dvar2": 0.434192121029, "min": -5.98654317856, "var": 1.19819056988, "median": 0.855202913284}, "dynamic_complexity": 4.11908340454, "dissonance": {"dmean": 0.0218405649066, "dmean2": 0.0361328087747, "max": 0.499999940395, "dvar": 0.000397947762394, "mean": 0.445475369692, "dvar2": 0.00105798034929, "min": 0.239967286587, "var": 0.00117794261314, "median": 0.451425045729}, "spectral_skewness": {"dmean": 0.300958633423, "dmean2": 0.44202247262, "max": 5.55893659592, "dvar": 0.0972806066275, "mean": 2.06409239769, "dvar2": 0.197092890739, "min": -0.506690204144, "var": 0.56057113409, "median": 2.05942511559}, "spectral_kurtosis": {"dmean": 2.42494869232, "dmean2": 3.82636618614, "max": 53.5074005127, "dvar": 9.30471229553, "mean": 7.30464935303, "dvar2": 23.783826828, "min": -1.48396754265, "var": 34.0876502991, "median": 6.06745958328}, "gfcc": {"cov": [[11521.0322266, -506.478393555, 171.761062622, 680.951904297, -779.34588623, 470.946014404, -467.425842285, 396.367095947, -256.218383789, 149.637939453, 276.91796875, -36.451675415, 418.639190674], [-506.478393555, 1223.83850098, -116.263824463, -360.814422607, 394.285247803, -263.920837402, 211.630187988, -102.867935181, 31.6336631775, -120.24282074, 55.0927467346, -80.6184616089, 102.829956055], [171.761062622, -116.263824463, 503.248260498, 117.602767944, -13.9906826019, 77.0251617432, -46.6654624939, 13.0719966888, 48.7594909668, 13.4577665329, -5.88503408432, 4.39381933212, 22.4998378754], [680.951904297, -360.814422607, 117.602767944, 436.182617188, -60.8490333557, 61.2833404541, -35.1529121399, 5.88020038605, 64.5199508667, 5.13242340088, 15.3387117386, 25.7127494812, -11.1321802139], [-779.34588623, 394.285247803, -13.9906826019, -60.8490333557, 373.571807861, -54.1855545044, 127.413650513, -29.9651260376, 61.1769523621, -36.9584388733, 21.867395401, 17.4823513031, 9.05115413666], [470.946014404, -263.920837402, 77.0251617432, 61.2833404541, -54.1855545044, 272.579315186, 28.8322753906, 39.2849311829, 38.9285202026, 30.3104839325, 34.7106323242, 34.7921447754, -0.155360981822], [-467.425842285, 211.630187988, -46.6654624939, -35.1529121399, 127.413650513, 28.8322753906, 247.932022095, -12.0605621338, 56.9331092834, -14.345957756, 14.7509422302, 14.4386434555, -0.684462189674], [396.367095947, -102.867935181, 13.0719966888, 5.88020038605, -29.9651260376, 39.2849311829, -12.0605621338, 147.862869263, 7.9006114006, 54.8717079163, 42.6158294678, -4.4934425354, 27.7878036499], [-256.218383789, 31.6336631775, 48.7594909668, 64.5199508667, 61.1769523621, 38.9285202026, 56.9331092834, 7.9006114006, 164.374343872, 8.15117740631, 29.2489967346, 21.8045578003, -16.5388622284], [149.637939453, -120.24282074, 13.4577665329, 5.13242340088, -36.9584388733, 30.3104839325, -14.345957756, 54.8717079163, 8.15117740631, 133.291137695, 33.8731880188, -6.96984815598, 21.1518745422], [276.91796875, 55.0927467346, -5.88503408432, 15.3387117386, 21.867395401, 34.7106323242, 14.7509422302, 42.6158294678, 29.2489967346, 33.8731880188, 129.376113892, 9.58642864227, 53.308013916], [-36.451675415, -80.6184616089, 4.39381933212, 25.7127494812, 17.4823513031, 34.7921447754, 14.4386434555, -4.4934425354, 21.8045578003, -6.96984815598, 9.58642864227, 92.1122970581, -7.99079465866], [418.639190674, 102.829956055, 22.4998378754, -11.1321802139, 9.05115413666, -0.155360981822, -0.684462189674, 27.7878036499, -16.5388622284, 21.1518745422, 53.308013916, -7.99079465866, 121.970947266]], "mean": [-49.2429008484, 125.210540771, -83.6368942261, 36.4449234009, -45.3821372986, 17.4049911499, -39.154712677, 7.54226589203, -28.4633579254, -2.88554787636, -12.087231636, -4.86936330795, 0.878877520561], "icov": [[0.000268821400823, -0.000912523188163, 0.000138844319736, -0.000978316529654, 0.000791312369984, -0.000984953599982, 0.000671643007081, -0.000829772267025, 0.000711704895366, -0.000372391194105, 0.000303046195768, -0.000590529816691, -0.000145471596625], [-0.000912523188163, 0.0076727415435, -0.000701125245541, 0.00621191272512, -0.00511447107419, 0.00639232108369, -0.00433708820492, 0.00482458015904, -0.00407594256103, 0.00432369066402, -0.00350103783421, 0.00553977349773, -0.00278554437682], [0.000138844319736, -0.000701125245541, 0.00247619836591, -0.00112538936082, 0.000280673528323, -0.00137813645415, 0.00115180853754, -0.000529480690602, -0.000329788395902, -0.00041667665937, 0.00115928682499, -0.000248388998443, -0.000835847284179], [-0.000978316529654, 0.00621191272512, -0.00112538936082, 0.00814196094871, -0.00389300310053, 0.00530605111271, -0.00336903659627, 0.00443539721891, -0.00472942739725, 0.00349353114143, -0.0029879398644, 0.00388752366416, -0.00134879758116], [0.000791312369984, -0.00511447107419, 0.000280673528323, -0.00389300310053, 0.00746830366552, -0.00342860398814, 0.00138674885966, -0.00312770158052, 0.00186517823022, -0.00196575117297, 0.00147379597183, -0.00423709722236, 0.00102261861321], [-0.000984953599982, 0.00639232108369, -0.00137813645415, 0.00530605111271, -0.00342860398814, 0.0104294922203, -0.00493554165587, 0.00361857726239, -0.00407019071281, 0.00300162495114, -0.00379398046061, 0.00294314115308, -0.00107584812213], [0.000671643007081, -0.00433708820492, 0.00115180853754, -0.00336903659627, 0.00138674885966, -0.00493554165587, 0.00817318446934, -0.00266338116489, 0.00100970931817, -0.00204569101334, 0.00212019705214, -0.00300466874614, 0.000742865435313], [-0.000829772267025, 0.00482458015904, -0.000529480690602, 0.00443539721891, -0.00312770158052, 0.00361857726239, -0.00266338116489, 0.0121781583875, -0.00317511265166, -0.000186850127648, -0.00377384992316, 0.00389699963853, -0.00176310027018], [0.000711704895366, -0.00407594256103, -0.000329788395902, -0.00472942739725, 0.00186517823022, -0.00407019071281, 0.00100970931817, -0.00317511265166, 0.0109754065052, -0.00266655534506, -0.000313589785947, -0.00358119653538, 0.00306124170311], [-0.000372391194105, 0.00432369066402, -0.00041667665937, 0.00349353114143, -0.00196575117297, 0.00300162495114, -0.00204569101334, -0.000186850127648, -0.00266655534506, 0.0119978804141, -0.00347122503445, 0.00391937792301, -0.00245884270407], [0.000303046195768, -0.00350103783421, 0.00115928682499, -0.0029879398644, 0.00147379597183, -0.00379398046061, 0.00212019705214, -0.00377384992316, -0.000313589785947, -0.00347122503445, 0.0133449751884, -0.00339327566326, -0.00331296003424], [-0.000590529816691, 0.00553977349773, -0.000248388998443, 0.00388752366416, -0.00423709722236, 0.00294314115308, -0.00300466874614, 0.00389699963853, -0.00358119653538, 0.00391937792301, -0.00339327566326, 0.0161225870252, -0.00145541410893], [-0.000145471596625, -0.00278554437682, -0.000835847284179, -0.00134879758116, 0.00102261861321, -0.00107584812213, 0.000742865435313, -0.00176310027018, 0.00306124170311, -0.00245884270407, -0.00331296003424, -0.00145541410893, 0.0136001482606]]}, "spectral_complexity": {"dmean": 1.89406776428, "dmean2": 3.03273653984, "max": 43, "dvar": 4.09449529648, "mean": 10.9701299667, "dvar2": 9.01819705963, "min": 0, "var": 39.1977119446, "median": 10}, "spectral_flux": {"dmean": 0.0255335830152, "dmean2": 0.0408237986267, "max": 0.409232795238, "dvar": 0.00103947741445, "mean": 0.0766358226538, "dvar2": 0.00229804380797, "min": 6.81535522462e-11, "var": 0.00265349610709, "median": 0.0699495598674}, "spectral_energyband_low": {"dmean": 0.0103762717918, "dmean2": 0.0140334544703, "max": 0.276717126369, "dvar": 0.000430508691352, "mean": 0.026429945603, "dvar2": 0.000737463706173, "min": 5.94955108185e-23, "var": 0.00131206796505, "median": 0.0131763927639}, "spectral_decrease": {"dmean": 3.4879843458e-09, "dmean2": 4.80870232522e-09, "max": 1.18597128935e-28, "dvar": 2.78775185815e-17, "mean": -1.19832543888e-08, "dvar2": 4.84537686677e-17, "min": -7.40100460916e-08, "var": 1.14432430638e-16, "median": -9.47692768705e-09}, "barkbands_spread": {"dmean": 3.79873085022, "dmean2": 5.53451013565, "max": 115.295646667, "dvar": 64.7337722778, "mean": 11.2116727829, "dvar2": 110.717475891, "min": 0.0775446891785, "var": 201.303207397, "median": 6.92755270004}, "spectral_rms": {"dmean": 0.000866890943144, "dmean2": 0.00121100083925, "max": 0.016554184258, "dvar": 9.77374497779e-07, "mean": 0.00610635243356, "dvar2": 1.74552144472e-06, "min": 3.21617602342e-12, "var": 8.07211927167e-06, "median": 0.00602112850174}, "spectral_centroid": {"dmean": 158.750488281, "dmean2": 233.886062622, "max": 10767.0214844, "dvar": 90122.5, "mean": 668.019104004, "dvar2": 157464.8125, "min": 72.9257202148, "var": 309282.03125, "median": 496.074920654}, "barkbands_skewness": {"dmean": 0.739532411098, "dmean2": 1.11972677708, "max": 16.4856014252, "dvar": 0.764857292175, "mean": 3.0283510685, "dvar2": 1.67454659939, "min": -2.20129680634, "var": 3.00777578354, "median": 2.89661049843}, "spectral_rolloff": {"dmean": 220.323562622, "dmean2": 379.119384766, "max": 18820.0195313, "dvar": 695674.9375, "mean": 621.168151855, "dvar2": 1419806.25, "min": 43.06640625, "var": 1541849, "median": 279.931640625}, "erbbands_spread": {"dmean": 9.37390708923, "dmean2": 14.1874322891, "max": 179.013565063, "dvar": 157.230102539, "mean": 38.937625885, "dvar2": 334.186462402, "min": 2.95264911652, "var": 542.677185059, "median": 33.3199958801}, "barkbands": {"dmean": [0.00137205643114, 0.0084981713444, 0.00228221900761, 0.000875916797668, 0.00455894973129, 0.00124093366321, 0.000453380402178, 0.00053247861797, 0.000215210369788, 0.000335955497576, 0.000567033188418, 0.000256288039964, 7.53315543989e-05, 7.27752776584e-05, 9.53330163611e-05, 6.73235626891e-05, 4.24470345024e-05, 3.59761215805e-05, 4.90310958412e-05, 4.66086385131e-05, 4.33154345956e-05, 4.42423988716e-05, 9.67105370364e-05, 8.48113631946e-05, 3.60788799298e-05, 6.52623339192e-06, 1.92201397908e-07], "dmean2": [0.00214636977762, 0.0119417477399, 0.00376279116608, 0.00146760314237, 0.00695161195472, 0.00184611021541, 0.000685352482833, 0.000805497751571, 0.000325915432768, 0.000509901379701, 0.000931637478061, 0.000389813503716, 0.000122436016682, 0.000122030760394, 0.000158933442435, 0.000112763831567, 7.13391855243e-05, 5.65747468499e-05, 7.85607626312e-05, 7.24561832612e-05, 6.47998022032e-05, 6.73797694617e-05, 0.000145889542182, 0.000121984681755, 5.06203869008e-05, 9.34849140322e-06, 2.96317750781e-07], "max": [0.0578040592372, 0.248120039701, 0.0809094458818, 0.0314148925245, 0.112575411797, 0.0656113475561, 0.0246846191585, 0.0514484681189, 0.0155150545761, 0.0464281737804, 0.0665586665273, 0.0516426339746, 0.00512260571122, 0.00456126220524, 0.00729905255139, 0.00434039719403, 0.00450225174427, 0.00550459418446, 0.00431992765516, 0.0163305494934, 0.00553598161787, 0.00575356232002, 0.01290069893, 0.00950428191572, 0.006028550677, 0.00117686658632, 2.89447616524e-05], "dvar": [1.66949175764e-05, 0.000392220827052, 2.5166411433e-05, 2.64847494691e-06, 3.75577292289e-05, 9.12694031285e-06, 8.34544550798e-07, 2.73930209005e-06, 3.86907913708e-07, 1.41793157127e-06, 4.59030025013e-06, 1.5570699361e-06, 4.4012704592e-08, 3.12889092413e-08, 4.4372292507e-08, 2.33421459939e-08, 1.46005820767e-08, 1.30442980861e-08, 2.20325002687e-08, 1.16367537828e-07, 2.59758969889e-08, 4.27388862079e-08, 2.49021184118e-07, 1.28288590417e-07, 2.43615563278e-08, 9.16787534777e-10, 6.4479639076e-13], "mean": [0.0026977409143, 0.0173432081938, 0.00579411396757, 0.00171162269544, 0.0108750779182, 0.00247540511191, 0.000845351780299, 0.000976629089564, 0.000386754167266, 0.000614175689407, 0.000967191008385, 0.000506987445988, 0.000128160740132, 0.000125482940348, 0.000175656241481, 0.000115001384984, 7.45383076719e-05, 6.44084357191e-05, 8.7609703769e-05, 7.0808971941e-05, 6.78038195474e-05, 5.59584186703e-05, 0.000124664278701, 0.000136228627525, 6.24780950602e-05, 1.03436223071e-05, 2.617909729e-07], "dvar2": [4.40550611529e-05, 0.000734100525733, 7.37523077987e-05, 7.6055594036e-06, 9.43846243899e-05, 1.97071476578e-05, 1.6918147594e-06, 5.51277935301e-06, 7.8220409705e-07, 3.09405709231e-06, 1.25209962789e-05, 3.55156953447e-06, 1.09505833734e-07, 8.38450304741e-08, 1.17201736316e-07, 6.33657251115e-08, 3.99287962694e-08, 2.82587038214e-08, 5.26191783479e-08, 2.45002752308e-07, 5.42774820644e-08, 9.13806914582e-08, 5.37793539479e-07, 2.53343444001e-07, 4.84325823891e-08, 1.91063831423e-09, 1.3850819363e-12], "min": [3.50447986156e-24, 1.51128867817e-23, 2.75332690204e-24, 6.45183735844e-24, 3.93600066067e-23, 2.2204432353e-23, 3.05993938653e-23, 2.48468497505e-23, 3.39486542997e-23, 4.91180203668e-23, 4.11942375846e-23, 9.19516970836e-23, 1.07282583999e-22, 4.11959604568e-23, 9.73853457552e-23, 6.709995324e-23, 2.1311194737e-22, 1.75067154908e-22, 2.86944304633e-22, 1.75716229661e-22, 3.19139295897e-22, 5.30709771193e-22, 5.80909698514e-22, 7.86994296236e-22, 1.03354551464e-21, 1.49639497166e-21, 2.59117497472e-21], "var": [2.61761288129e-05, 0.000961722340435, 3.51171183866e-05, 6.55393341731e-06, 0.000151638261741, 2.74291596725e-05, 2.20953575081e-06, 8.60414456838e-06, 1.00997237951e-06, 3.66322433365e-06, 1.09585043901e-05, 6.07795755059e-06, 9.87402088981e-08, 6.02332619337e-08, 9.00199026432e-08, 3.27382068122e-08, 1.9340816948e-08, 2.17016307147e-08, 3.39795533932e-08, 1.49456269583e-07, 4.4921364406e-08, 6.12456574345e-08, 3.77698569309e-07, 2.6459287028e-07, 4.95478431617e-08, 1.87335302826e-09, 1.07756230154e-12], "median": [0.000281334039755, 0.00679341889918, 0.00427030632272, 0.000667077081744, 0.00690134475008, 0.000564877293073, 0.000409066793509, 0.000140645017382, 9.45376959862e-05, 7.76416054578e-05, 0.000137875991641, 6.74281036481e-05, 3.45794906025e-05, 4.00498574891e-05, 8.25200841064e-05, 5.49567957933e-05, 3.27895613736e-05, 2.33958835452e-05, 3.59843179467e-05, 2.04575098905e-05, 2.13897856156e-05, 5.89718592892e-06, 5.65692334931e-06, 1.61307270901e-05, 1.19620463011e-05, 1.87498733339e-06, 5.12140161391e-08]}, "melbands_kurtosis": {"dmean": 17.7665195465, "dmean2": 27.8247356415, "max": 1474.04125977, "dvar": 1711.76782227, "mean": 40.9327507019, "dvar2": 4540.12597656, "min": -1.85289752483, "var": 4226.52148438, "median": 26.9472846985}, "erbbands_crest": {"dmean": 2.79486870766, "dmean2": 4.43265247345, "max": 31.3404788971, "dvar": 7.1800069809, "mean": 11.4682807922, "dvar2": 17.5615921021, "min": 2.43461441994, "var": 27.7331237793, "median": 10.2912006378}, "melbands_skewness": {"dmean": 0.993367731571, "dmean2": 1.50496041775, "max": 31.0312252045, "dvar": 1.56142568588, "mean": 4.24267530441, "dvar2": 3.59544014931, "min": -0.471310198307, "var": 6.56397771835, "median": 3.7795586586}, "spectral_energyband_middle_low": {"dmean": 0.00585302477702, "dmean2": 0.00889247562736, "max": 0.124196574092, "dvar": 5.23815324414e-05, "mean": 0.017581006512, "dvar2": 0.000126006678329, "min": 1.98625091137e-22, "var": 0.000273516983725, "median": 0.013276421465}, "spectral_contrast_coeffs": {"dmean": [0.046040289104, 0.0440576858819, 0.0351864956319, 0.0272578578442, 0.0206243190914, 0.0197182670236], "dmean2": [0.0740135014057, 0.0711536034942, 0.0571967065334, 0.0453452207148, 0.0338830389082, 0.0302332304418], "max": [-0.285048455, -0.406473696232, -0.487306058407, -0.61581915617, -0.594223737717, -0.591592490673], "dvar": [0.00143498193938, 0.00133376871236, 0.000833628815599, 0.000466878438601, 0.000309183174977, 0.000323501502862], "mean": [-0.599437892437, -0.71928280592, -0.767381429672, -0.803155004978, -0.812479019165, -0.796018362045], "dvar2": [0.00361121376045, 0.00329251331277, 0.00216371985152, 0.0012824377045, 0.000787502736785, 0.000719346862752], "min": [-0.958883464336, -0.959227085114, -0.968937397003, -0.957076847553, -0.960267782211, -0.961732506752], "var": [0.0112521322444, 0.00673536490649, 0.00429147901013, 0.00188056856859, 0.00127149478067, 0.00158309901599], "median": [-0.598563730717, -0.725803732872, -0.774160683155, -0.803457438946, -0.814968407154, -0.801229655743]}, "spectral_contrast_valleys": {"dmean": [0.323091685772, 0.331931143999, 0.283277899027, 0.234963729978, 0.22993247211, 0.292944401503], "dmean2": [0.533008933067, 0.546896398067, 0.466267675161, 0.385134667158, 0.342129260302, 0.399478822947], "max": [-4.82386493683, -5.07156848907, -5.54324436188, -6.33619308472, -6.0525226593, -7.51598548889], "dvar": [0.0898797512054, 0.083774343133, 0.060753710568, 0.0494061373174, 0.0635382309556, 0.121985189617], "mean": [-6.9855556488, -7.1833319664, -7.79800128937, -8.24935436249, -8.35155296326, -10.7945423126], "dvar2": [0.213964194059, 0.214789286256, 0.151930049062, 0.118357509375, 0.123261921108, 0.202649712563], "min": [-27.5639095306, -27.555229187, -27.1149578094, -27.4020347595, -27.3103752136, -27.3482837677], "var": [1.91808152199, 1.03537881374, 1.03270936012, 0.878207862377, 1.12202560902, 1.84447300434], "median": [-6.49735546112, -7.08995866776, -7.80582237244, -8.16508960724, -8.13294887543, -10.5433101654]}, "silence_rate_20dB": {"dmean": 0, "dmean2": 0, "max": 1, "dvar": 0, "mean": 1, "dvar2": 0, "min": 1, "var": 0, "median": 1}, "silence_rate_30dB": {"dmean": 0.0491525419056, "dmean2": 0.098315499723, "max": 1, "dvar": 0.0467343479395, "mean": 0.917381644249, "dvar2": 0.0981795042753, "min": 0, "var": 0.0757962241769, "median": 1}, "spectral_strongpeak": {"dmean": 0.365028977394, "dmean2": 0.616538107395, "max": 10.0809087753, "dvar": 0.467650175095, "mean": 0.760099768639, "dvar2": 1.16701734066, "min": 0, "var": 0.788808822632, "median": 0.484784185886}, "spectral_spread": {"dmean": 591387.0625, "dmean2": 820065.3125, "max": 41901564, "dvar": 665757155328, "mean": 4548971, "dvar2": 1091813769220.0, "min": 1114730.125, "var": 3952555851780.0, "median": 4236596}, "barkbands_flatness_db": {"dmean": 0.0234931576997, "dmean2": 0.0333470441401, "max": 0.595818281174, "dvar": 0.000550755881704, "mean": 0.217162296176, "dvar2": 0.00103867414873, "min": 0.0289749242365, "var": 0.00496608018875, "median": 0.211060762405}, "pitch_salience": {"dmean": 0.070379704237, "dmean2": 0.112662374973, "max": 0.900089323521, "dvar": 0.00474080489948, "mean": 0.482503592968, "dvar2": 0.0114911962301, "min": 0.0239851213992, "var": 0.0179584380239, "median": 0.494193524122}, "erbbands_kurtosis": {"dmean": 1.64098381996, "dmean2": 2.56343960762, "max": 41.6366996765, "dvar": 5.62004232407, "mean": 1.92930161953, "dvar2": 13.4188051224, "min": -1.86362361908, "var": 14.8731327057, "median": 0.746929705143}, "average_loudness": 0.861315429211, "barkbands_crest": {"dmean": 2.53140997887, "dmean2": 4.04785060883, "max": 26.1326828003, "dvar": 5.56023550034, "mean": 13.6069574356, "dvar2": 13.9371871948, "min": 2.50827026367, "var": 22.4029273987, "median": 13.1460990906}, "hfc": {"dmean": 4.00757217407, "dmean2": 5.83094167709, "max": 182.63609314, "dvar": 63.2316665649, "mean": 13.9569101334, "dvar2": 122.089851379, "min": 1.21826234175e-16, "var": 202.875747681, "median": 10.6893453598}, "barkbands_kurtosis": {"dmean": 8.3449048996, "dmean2": 12.9219074249, "max": 580.827514648, "dvar": 290.997924805, "mean": 18.7456970215, "dvar2": 672.488708496, "min": -1.96584689617, "var": 734.459777832, "median": 13.2132968903}, "erbbands": {"dmean": [0.445722639561, 1.16896545887, 2.34016871452, 2.50125789642, 8.8868637085, 18.7009792328, 15.3251171112, 7.53535795212, 6.13561105728, 10.4910430908, 8.46403884888, 4.86106061935, 10.1141633987, 9.5369682312, 23.1637973785, 10.2967386246, 3.76659154892, 3.26806402206, 4.19999027252, 5.11869239807, 3.09311175346, 1.90798592567, 1.62091338634, 2.71280527115, 2.10280156136, 2.22295045853, 2.13509011269, 1.46164989471, 1.54949331284, 2.21383523941, 2.84345245361, 2.41687583923, 1.08225977421, 0.544820725918, 0.182716101408, 0.0458832643926, 0.00973277166486, 0.000930522975978, 3.46536689904e-05, 1.55146171892e-05], "dmean2": [0.606901884079, 1.75072586536, 3.87075519562, 4.19779396057, 14.1223163605, 28.3956794739, 22.5585975647, 11.1502017975, 9.33670711517, 15.4226198196, 12.7867822647, 7.40093803406, 14.985159874, 15.0841207504, 37.6757164001, 15.7626848221, 6.07483720779, 5.45505857468, 6.95402812958, 8.4962978363, 5.17414236069, 3.17416810989, 2.55878686905, 4.24760198593, 3.28554987907, 3.40481162071, 3.24534249306, 2.21206307411, 2.38132858276, 3.32813835144, 4.26612091064, 3.55034017563, 1.54371905327, 0.774480521679, 0.260663747787, 0.0665896758437, 0.0135526666418, 0.0013054816518, 5.05638636241e-05, 2.14852552745e-05], "max": [13.100484848, 35.6154823303, 77.0662918091, 117.105773926, 234.462905884, 590.931030273, 589.169189453, 675.123718262, 561.540649414, 1091.45788574, 940.399108887, 419.164886475, 1784.52587891, 1390.41259766, 2571.42675781, 2505.49609375, 211.393249512, 168.205245972, 314.97076416, 399.546905518, 317.803466797, 226.85307312, 179.294906616, 316.207214355, 558.038330078, 883.994628906, 438.682952881, 177.804763794, 243.996124268, 360.447174072, 439.683746338, 305.898498535, 133.197509766, 85.3014144897, 32.2744407654, 6.30048036575, 2.29042243958, 0.15837533772, 0.00479422882199, 0.000384471000871], "dvar": [1.1844701767, 6.70303726196, 24.5090560913, 28.7432231903, 146.570587158, 857.873779297, 994.806152344, 440.91986084, 197.936080933, 845.283752441, 785.234985352, 220.638946533, 1198.80200195, 1172.72900391, 7310.61767578, 3172.26879883, 101.207847595, 62.3079719543, 104.912246704, 111.603790283, 66.5888061523, 31.2291088104, 22.4709243774, 70.0400619507, 99.2651290894, 285.947875977, 95.5097198486, 29.6894168854, 59.6792373657, 126.900505066, 220.010131836, 124.070960999, 19.0592517853, 5.93474912643, 0.628367006779, 0.0447229631245, 0.0025473611895, 1.47761275002e-05, 2.12306670022e-08, 4.94839280663e-10], "mean": [0.898913502693, 2.36575841904, 6.17268419266, 6.05811452866, 16.6097793579, 42.9247360229, 36.6115150452, 15.8636713028, 12.0486345291, 19.7625904083, 15.604092598, 9.20241928101, 19.3975048065, 18.1598472595, 42.0226516724, 21.8520774841, 7.19470024109, 6.1021490097, 7.94766998291, 9.32218265533, 5.72795724869, 3.63690876961, 3.16936278343, 4.95424222946, 3.64512085915, 3.43965959549, 3.4129486084, 2.15125799179, 1.95281279087, 2.81650876999, 3.64144968987, 3.49439477921, 1.79965734482, 0.92446821928, 0.316371291876, 0.0725021660328, 0.0156499501318, 0.00156369537581, 6.99023585184e-05, 5.47179406567e-05], "dvar2": [2.22414016724, 14.1413536072, 71.5917358398, 83.3402938843, 381.533050537, 2239.82177734, 2073.61083984, 874.322998047, 422.036254883, 1657.14147949, 1670.81884766, 485.111968994, 2430.20458984, 2860.22583008, 19385.3671875, 7303.57470703, 249.276489258, 169.194488525, 271.699554443, 305.519683838, 179.077850342, 82.1615066528, 47.364238739, 159.254318237, 245.929275513, 620.930480957, 200.292495728, 65.5581665039, 130.375244141, 275.876647949, 479.818634033, 258.594512939, 36.8631439209, 11.5602149963, 1.32831919193, 0.103375725448, 0.00479488121346, 2.8037951779e-05, 4.52090134218e-08, 8.80200745623e-10], "min": [5.38387950021e-22, 3.71537784872e-21, 6.8783048692e-21, 1.36238003981e-20, 6.5457781014e-20, 1.75835101129e-19, 1.503041069e-19, 2.10800969125e-19, 2.73302051201e-19, 7.34388111822e-19, 5.40170860283e-19, 7.28410646222e-19, 1.41473444627e-18, 1.99497186748e-18, 1.35756003253e-18, 4.18832687486e-18, 5.56788794712e-18, 2.16037056007e-18, 4.66367117694e-18, 4.01705127081e-18, 5.22333206682e-18, 1.054861828e-17, 1.04113608923e-17, 1.40091010757e-17, 1.29076604592e-17, 9.72329386078e-18, 1.08261282766e-17, 1.69898844633e-17, 1.75421797235e-17, 1.79233511672e-17, 1.57002751468e-17, 1.50047122046e-17, 1.42924369053e-17, 1.1381882806e-17, 7.43445450017e-18, 4.52464403626e-18, 3.02148460289e-18, 1.54939893301e-18, 3.741234513e-19, 3.19466167544e-20], "var": [2.97763299942, 14.1959171295, 36.3665046692, 45.9706993103, 363.33883667, 3200.91162109, 4033.48925781, 1305.37353516, 529.284118652, 2561.76782227, 2233.5546875, 467.07635498, 3588.49902344, 2815.80712891, 18824.8710938, 13091.1777344, 270.609344482, 129.880279541, 245.715545654, 189.927093506, 86.095664978, 39.4639320374, 40.4599075317, 119.195846558, 103.927711487, 341.367370605, 180.581436157, 43.4535255432, 80.0170898438, 189.079742432, 325.28112793, 224.432800293, 40.5189285278, 12.4419698715, 1.09144294262, 0.0746320933104, 0.00544552598149, 3.43227548001e-05, 3.7592769786e-08, 2.1309318754e-09], "median": [0.239457443357, 1.19318330288, 4.63912630081, 3.85744285583, 10.6202087402, 22.259973526, 9.15704441071, 4.82884216309, 6.04399442673, 5.10628318787, 2.90099167824, 2.77642989159, 2.40007066727, 4.12652778625, 5.99031829834, 2.40533542633, 1.90691244602, 2.14446425438, 2.88328742981, 4.9198551178, 2.81008124352, 1.79586684704, 1.35549223423, 1.82496953011, 1.51604986191, 1.05672764778, 1.09586346149, 0.598260939121, 0.24714460969, 0.139469817281, 0.185882911086, 0.292142510414, 0.272288024426, 0.17566613853, 0.0582087337971, 0.0132488645613, 0.00276197935455, 0.000331230665324, 3.35969125445e-05, 4.51576379419e-05]}, "spectral_energy": {"dmean": 0.0133627979085, "dmean2": 0.0184564683586, "max": 0.280892044306, "dvar": 0.000399362208555, "mean": 0.0464935787022, "dvar2": 0.000695694761816, "min": 1.06023834624e-20, "var": 0.00166860199533, "median": 0.0371603369713}, "zerocrossingrate": {"dmean": 0.00756685947999, "dmean2": 0.00860293768346, "max": 0.509765625, "dvar": 0.000160791823873, "mean": 0.0311820935458, "dvar2": 0.000154715628014, "min": 0.00146484375, "var": 0.00104036659468, "median": 0.02294921875}, "spectral_energyband_