{"tonal": {"hpcp": {"dvar": [0.00889123696834, 0.00529106520116, 0.00769275985658, 0.0164803564548, 0.0177299659699, 0.025348233059, 0.0354213938117, 0.0381593033671, 0.0306518189609, 0.0387099720538, 0.0161775927991, 0.0092041734606, 0.0113773420453, 0.00985241308808, 0.0132544664666, 0.0236412137747, 0.0141071379185, 0.00659515010193, 0.00786283519119, 0.00281849387102, 0.00899671763182, 0.015153657645, 0.00744564970955, 0.0141087342054, 0.0140704913065, 0.00458001857623, 0.00328075117432, 0.00419397698715, 0.00232352782041, 0.0071173789911, 0.0112901031971, 0.00994798913598, 0.024322507903, 0.0286495611072, 0.0100433612242, 0.00700548663735], "var": [0.0442374646664, 0.012170814909, 0.0212485194206, 0.0536341443658, 0.0281468033791, 0.0403763353825, 0.08101734519, 0.0425306893885, 0.0912799611688, 0.164530321956, 0.0434489399195, 0.0172132961452, 0.0401890873909, 0.0207953918725, 0.0333425737917, 0.117274738848, 0.0523800067604, 0.0118561014533, 0.0214917324483, 0.00671705091372, 0.0304214172065, 0.0663032308221, 0.0230768676847, 0.0538204088807, 0.0663626119494, 0.0140133397654, 0.00771853234619, 0.00858099386096, 0.0050203083083, 0.0283050183207, 0.0477041900158, 0.0273017324507, 0.102232165635, 0.152292147279, 0.0325932875276, 0.0239705331624], "median": [0.00603164825588, 0.00519291451201, 0.00322390231304, 0.00352889928035, 0.00439680786803, 0.00750806275755, 0.0086979214102, 0.0226140841842, 0.0970265418291, 0.106551498175, 0.0434840917587, 0.00193493266124, 0.00098654080648, 0.00328733748756, 0.0311755910516, 0.0430822893977, 0.0249311346561, 0.0161304529756, 0.0135802300647, 0.00780394580215, 0.0108885485679, 0.0168732982129, 0.0253612175584, 0.0127915535122, 0.0110725490376, 0.00558846769854, 0.00281976861879, 0.00242838729173, 0.00251348339953, 0.00481651118025, 0.00802688486874, 0.02153856121, 0.0971095561981, 0.134410873055, 0.0577463135123, 0.00603271787986], "max": [1, 1, 1, 1, 1, 1, 1, 1, 1, 1, 1, 1, 1, 1, 1, 1, 1, 1, 1, 1, 1, 1, 1, 1, 1, 1, 1, 1, 1, 1, 1, 1, 1, 1, 1, 1], "dmean": [0.0304986424744, 0.0249715298414, 0.0307937730104, 0.0469892993569, 0.0524443052709, 0.0663591995835, 0.0797863900661, 0.0977820977569, 0.107914224267, 0.100137472153, 0.0712546408176, 0.030744953081, 0.0303767528385, 0.0308965127915, 0.0527072623372, 0.067155726254, 0.0543602928519, 0.032564304769, 0.0315484814346, 0.0206670518965, 0.0369272604585, 0.0492289029062, 0.0407493039966, 0.0478729531169, 0.0500639714301, 0.0248156897724, 0.0140941450372, 0.0147932581604, 0.0140603529289, 0.0272189993411, 0.0394560955465, 0.0481396354735, 0.0868682414293, 0.0914380922914, 0.0598713420331, 0.0296391583979], "dmean2": [0.0485135316849, 0.0404980368912, 0.0507835149765, 0.0779108181596, 0.0867049023509, 0.113591298461, 0.139910265803, 0.171777769923, 0.179385259748, 0.16646386683, 0.117905810475, 0.0509739071131, 0.0508480705321, 0.0518361777067, 0.0844613090158, 0.103475801647, 0.084142640233, 0.0519022084773, 0.0486727431417, 0.0319404900074, 0.0582240372896, 0.0775936618447, 0.0644842162728, 0.075346313417, 0.0765890032053, 0.0381528101861, 0.0222143046558, 0.023012900725, 0.0222374144942, 0.0422066301107, 0.0621054880321, 0.0766604170203, 0.137197062373, 0.144554629922, 0.0931126400828, 0.0481276772916], "mean": [0.0800039842725, 0.0441747419536, 0.0575298704207, 0.0945512056351, 0.070871450007, 0.0950363054872, 0.139039292932, 0.115796983242, 0.253120660782, 0.345188498497, 0.153696060181, 0.0474357306957, 0.0680643618107, 0.0518259778619, 0.11676876992, 0.225781276822, 0.142716392875, 0.0536991879344, 0.0632744058967, 0.0374074429274, 0.086797632277, 0.138293474913, 0.0915436148643, 0.122360065579, 0.139361947775, 0.0543567426503, 0.0233590602875, 0.0247275680304, 0.022829471156, 0.0655082315207, 0.0940842106938, 0.0887815505266, 0.265114635229, 0.346219390631, 0.143217325211, 0.060248028487], "dvar2": [0.0194193907082, 0.0134740751237, 0.0192169453949, 0.0375045761466, 0.0428200848401, 0.0642330422997, 0.0886554569006, 0.104937814176, 0.0704864487052, 0.0815504416823, 0.043554764241, 0.0231193490326, 0.0287386197597, 0.0255703125149, 0.032302826643, 0.0444644354284, 0.0292540602386, 0.0159090403467, 0.0174998864532, 0.00657355925068, 0.0201827008277, 0.0329273305833, 0.0190648939461, 0.0315239690244, 0.0285210758448, 0.0102984802797, 0.00744268624112, 0.00930573884398, 0.00544021697715, 0.014548602514, 0.0240111295134, 0.0232370700687, 0.0546846389771, 0.0615737885237, 0.0233262944967, 0.0167255271226], "min": [0, 0, 0, 0, 0, 0, 0, 1.36687208396e-06, 0, 0, 0, 0, 0, 0, 0, 0, 0, 0, 3.03748102226e-08, 8.02265276434e-08, 0, 1.82577238661e-07, 0, 0, 0, 0, 0, 0, 0, 0, 0, 0, 0, 0, 0, 0]}, "key_key": "F", "thpcp": [1, 0.413660615683, 0.174016907811, 0.231078863144, 0.127591758966, 0.166165933013, 0.273096203804, 0.204700991511, 0.274497359991, 0.401593029499, 0.334461301565, 0.731099009514, 0.99702244997, 0.443926781416, 0.137010619044, 0.196593150496, 0.149691149592, 0.337268143892, 0.652133524418, 0.412213742733, 0.15510161221, 0.182758122683, 0.108045488596, 0.250701248646, 0.399438858032, 0.264409273863, 0.353417724371, 0.402524977922, 0.157000854611, 0.0674689561129, 0.071421675384, 0.065939322114, 0.189210176468, 0.271747380495, 0.256431490183, 0.765741705894], "chords_key": "F", "tuning_equal_tempered_deviation": 0.0302399396896, "tuning_frequency": 441.527557373, "tuning_diatonic_strength": 0.30124694109, "chords_histogram": [26.0556278229, 19.7723007202, 1.38348460197, 0.201758176088, 1.81582355499, 2.47874331474, 1.77258968353, 1.44112980366, 2.3058078289, 3.60282468796, 4.02075242996, 5.26012372971, 0.0432338938117, 0.129701688886, 0.74938750267, 6.08156776428, 2.16169476509, 13.402507782, 2.50756597519, 0, 0, 0.273814678192, 4.38103485107, 0.158524289727], "key_strength": 0.492927104235, "key_scale": "minor", "chords_strength": {"dvar": 4.76165987493e-05, "var": 0.0092817498371, "median": 0.483945846558, "max": 0.738957583904, "dmean": 0.00821465905756, "dmean2": 0.00547188753262, "mean": 0.484389603138, "dvar2": 3.29655995301e-05, "min": 0.231275767088}, "chords_number_rate": 0.00230580777861, "tuning_nontempered_energy_ratio": 0.657118916512, "hpcp_entropy": {"dvar": 0.166692838073, "var": 0.496554046869, "median": 1.49127662182, "max": 3.75347733498, "dmean": 0.390654623508, "dmean2": 0.652134954929, "mean": 1.41930997372, "dvar2": 0.414989024401, "min": 0.0330534540117}, "chords_changes_rate": 0.0478455126286, "chords_scale": "minor"}, "rhythm": {"bpm_histogram_first_peak_spread": {"dvar": 0, "var": 0, "median": 0.518867850304, "max": 0.518867850304, "dmean": 0, "dmean2": 0, "mean": 0.518867850304, "dvar2": 0, "min": 0.518867850304}, "bpm_histogram_first_peak_weight": {"dvar": 0, "var": 0, "median": 0.378712892532, "max": 0.378712892532, "dmean": 0, "dmean2": 0, "mean": 0.378712892532, "dvar2": 0, "min": 0.378712892532}, "bpm_histogram_first_peak_bpm": {"dvar": 0, "var": 0, "median": 71, "max": 71, "dmean": 0, "dmean2": 0, "mean": 71, "dvar2": 0, "min": 71}, "bpm": 71.1568145752, "bpm_histogram_second_peak_weight": {"dvar": 0, "var": 0, "median": 0.0495049506426, "max": 0.0495049506426, "dmean": 0, "dmean2": 0, "mean": 0.0495049506426, "dvar2": 0, "min": 0.0495049506426}, "beats_loudness": {"dvar": 0.000158613343956, "var": 0.000472294253996, "median": 0.0107374656945, "max": 0.109119854867, "dmean": 0.0109751485288, "dmean2": 0.0179955884814, "mean": 0.0190507434309, "dvar2": 0.000436396047007, "min": 3.16736295645e-05}, "beats_loudness_band_ratio": {"dvar": [0.0260773003101, 0.0303520262241, 0.0241537783295, 0.0187898185104, 0.00436350796372, 0.000285659159999], "var": [0.0532562807202, 0.0449067018926, 0.0472410805523, 0.0367305018008, 0.00570771843195, 0.000276914361166], "median": [0.270283818245, 0.256325483322, 0.223237887025, 0.120510935783, 0.0205629989505, 0.00435982644558], "max": [0.894975304604, 0.847119987011, 0.867363333702, 0.922790586948, 0.797586858273, 0.11912304163], "dmean": [0.163603961468, 0.21065428853, 0.16382342577, 0.122933536768, 0.0365226007998, 0.00898589845747], "dmean2": [0.274304777384, 0.360245972872, 0.271185338497, 0.203686147928, 0.0609669350088, 0.0157501045614], "mean": [0.296273618937, 0.298244923353, 0.290331423283, 0.183061495423, 0.0455336384475, 0.0104293227196], "dvar2": [0.0678687095642, 0.0818138122559, 0.0600669197738, 0.0471233464777, 0.0116403447464, 0.000839859305415], "min": [8.58725616126e-06, 1.53748205776e-05, 0.0124893058091, 0.000676496769302, 8.26967370813e-05, 1.79204962478e-05]}, "bpm_histogram_second_peak_bpm": {"dvar": 0, "var": 0, "median": 98, "max": 98, "dmean": 0, "dmean2": 0, "mean": 98, "dvar2": 0, "min": 98}, "onset_rate": 1.78764462471, "beats_count": 405, "beats_position": [0.603718817234, 1.21904754639, 1.83437633514, 2.43809509277, 3.05342388153, 3.66875267029, 4.28408145905, 4.8994102478, 5.51473903656, 6.13006782532, 6.74539661407, 7.36072540283, 7.95283412933, 8.54494285583, 9.18349170685, 9.82204055786, 10.4605894089, 11.110748291, 11.7609071732, 12.4110651016, 13.0612239838, 13.6765527725, 14.2918815613, 14.8956003189, 15.5109291077, 16.114648819, 16.7183666229, 17.3220863342, 18.0535144806, 18.7965526581, 19.5628108978, 20.3290691376, 21.1417675018, 21.9544658661, 22.7787742615, 23.614692688, 24.4390010834, 25.2516994476, 26.0527877808, 26.8538761139, 27.6433563232, 28.4444446564, 29.2571430206, 30.0698413849, 30.8825397491, 31.6952381134, 32.5079345703, 33.3206329346, 34.1333312988, 34.9460296631, 35.7587280273, 36.5598182678, 37.3841247559, 38.1968231201, 38.9979133606, 39.7989997864, 40.6000900269, 41.4011802673, 42.2138786316, 43.0265769958, 43.8392753601, 44.6519737244, 45.4646720886, 46.2773704529, 47.0900688171, 47.8795471191, 48.6690254211, 49.4701118469, 50.2712020874, 51.0839004517, 51.8849868774, 52.6860771179, 53.4987754822, 54.3114738464, 55.1125602722, 55.9136505127, 56.7031288147, 57.5042152405, 58.305305481, 59.1180038452, 59.919090271, 60.7201805115, 61.5212669373, 62.3339653015, 63.1466636658, 63.9709739685, 64.7836685181, 65.5963668823, 66.409072876, 67.2217712402, 68.0460739136, 68.8819961548, 69.7179107666, 70.5422210693, 71.3549194336, 72.1792297363, 73.0035324097, 73.8162307739, 74.6405410767, 75.4648513794, 76.2775497437, 77.0902481079, 77.9029464722, 78.7272567749, 79.5515594482, 80.3642578125, 81.1769561768, 81.9896621704, 82.8139648438, 83.626663208, 84.4393615723, 85.263671875, 86.0879821777, 86.9122848511, 87.7482070923, 88.5957336426, 89.4432601929, 90.3023986816, 91.1383209229, 91.9626312256, 92.7869338989, 93.6112442017, 94.4355545044, 95.2714691162, 96.1073913574, 96.9317016602, 97.7560043335, 98.6035385132, 99.439453125, 100.286979675, 101.122901917, 101.958816528, 102.79473877, 103.630653381, 104.466575623, 105.314102173, 106.161628723, 106.997550964, 107.833465576, 108.657775879, 109.493690491, 110.329612732, 111.177139282, 111.989837646, 112.814147949, 113.650062561, 114.474372864, 115.298683167, 116.122993469, 116.958908081, 117.783218384, 118.607528687, 119.443443298, 120.27936554, 121.12689209, 121.962806702, 122.810340881, 123.646255493, 124.482177734, 125.306480408, 126.13079071, 126.943489075, 127.756187439, 128.580490112, 129.416412354, 130.263946533, 131.099868774, 131.935775757, 132.771697998, 133.607620239, 134.44354248, 135.279449463, 136.126983643, 136.962905884, 137.810424805, 138.646347046, 139.493881226, 140.341400146, 141.177322388, 142.024856567, 142.872375488, 143.719909668, 144.555831909, 145.391738892, 146.239273071, 147.075195312, 147.911102295, 148.758636475, 149.606170654, 150.442077637, 151.277999878, 152.113922119, 152.96144104, 153.80897522, 154.668121338, 155.538864136, 156.386398315, 157.222305298, 158.069839478, 158.917373657, 159.75328064, 160.600814819, 161.448348999, 162.284255981, 163.120178223, 163.956100464, 164.792022705, 165.627929688, 166.463851929, 167.29977417, 168.147293091, 168.994827271, 169.85395813, 170.70149231, 171.572235107, 172.454605103, 173.336959839, 174.207702637, 175.078460693, 175.937591553, 176.796737671, 177.702316284, 178.607894897, 179.490249634, 180.326171875, 181.173690796, 182.032836914, 182.880355835, 183.716278076, 184.575408936, 185.422943115, 186.293685913, 187.152832031, 188.011962891, 188.894332886, 189.776687622, 190.635818481, 191.4949646, 192.354095459, 193.1900177, 194.03755188, 194.885070801, 195.73260498, 196.58013916, 197.43927002, 198.286804199, 199.145935059, 199.993469238, 200.840988159, 201.688522339, 202.536056519, 203.395187378, 204.242721558, 205.090240479, 205.937774658, 206.785308838, 207.632827759, 208.46875, 209.304672241, 210.152191162, 210.999725342, 211.858856201, 212.729614258, 213.588745117, 214.459503174, 215.330245972, 216.177780151, 217.036911011, 217.896057129, 218.766799927, 219.637542725, 220.508300781, 221.379043579, 222.238174438, 223.108932495, 223.979675293, 224.838821411, 225.709564209, 226.580307007, 227.451065063, 228.321807861, 229.204162598, 230.074920654, 230.957275391, 231.828018188, 232.698776245, 233.569519043, 234.428665161, 235.299407959, 236.170150757, 237.029296875, 237.876815796, 238.724349976, 239.583480835, 240.431015015, 241.278549194, 242.137680054, 243.02003479, 243.914016724, 244.807983398, 245.678726196, 246.549468994, 247.431838989, 248.302581787, 249.161712646, 250.032470703, 250.903213501, 251.762359619, 252.633102417, 253.515457153, 254.374603271, 255.233734131, 256.09286499, 256.975219727, 257.86920166, 258.739959717, 259.599090576, 260.469848633, 261.340576172, 262.222930908, 263.105316162, 263.976043701, 264.835174561, 265.68270874, 266.5418396, 267.401000977, 268.271728516, 269.142486572, 270.001617432, 270.837554932, 271.696685791, 272.55581665, 273.41494751, 274.297332764, 275.1796875, 276.062042236, 276.932769775, 277.815155029, 278.674285889, 279.545043945, 280.415771484, 281.286529541, 282.168884277, 283.051239014, 283.92199707, 284.804351807, 285.675109863, 286.534240723, 287.416595459, 288.298950195, 289.192932129, 290.075286865, 290.957641602, 291.828399658, 292.687530518, 293.535064697, 294.301300049, 295.079193115, 295.7293396, 296.379486084, 297.029663086, 297.58694458, 298.155822754, 298.701477051, 299.235565186, 299.769622803, 300.222412109, 300.686798096, 301.139587402, 301.592376709, 302.033569336, 302.474731445, 302.927520752, 303.368713379, 303.809875488, 304.262664795, 304.738677979, 305.226287842, 305.713928223, 306.224761963, 306.735595703, 307.234832764, 307.734039307, 308.233276367, 308.732513428, 309.231750488, 309.730957031, 310.241821289, 310.729431152, 311.228668213, 311.727874756, 312.28515625, 312.842437744, 313.399719238, 314.003448486, 314.618774414, 315.338592529, 316.058410645, 316.789825439, 317.521270752, 318.252685547, 318.984130859, 319.703948975, 320.42376709, 321.155181885], "danceability": 0.886041283607, "bpm_histogram_second_peak_spread": {"dvar": 0, "var": 0, "median": 0.199999988079, "max": 0.199999988079, "dmean": 0, "dmean2": 0, "mean": 0.199999988079, "dvar2": 0, "min": 0.199999988079}}, "lowlevel": {"spectral_flux": {"dvar": 0.000180988863576, "var": 0.000744022720028, "median": 0.0192196145654, "max": 0.213316842914, "dmean": 0.00961934216321, "dmean2": 0.0155870448798, "mean": 0.0288307890296, "dvar2": 0.000455364672234, "min": 1.04362775366e-10}, "spectral_rolloff": {"dvar": 91840.0859375, "var": 308951.375, "median": 839.794921875, "max": 18841.5527344, "dmean": 115.133239746, "dmean2": 195.428726196, "mean": 915.266479492, "dvar2": 148812.65625, "min": 129.19921875}, "barkbands_flatness_db": {"dvar": 0.000400859717047, "var": 0.00634268112481, "median": 0.224639087915, "max": 0.602667629719, "dmean": 0.0155632095411, "dmean2": 0.023413753137, "mean": 0.242840096354, "dvar2": 0.00090010772692, "min": 0.0603448003531}, "spectral_centroid": {"dvar": 27193.828125, "var": 195493.40625, "median": 752.820983887, "max": 10939.8828125, "dmean": 86.0944442749, "dmean2": 125.5546875, "mean": 814.813232422, "dvar2": 42437.1445312, "min": 124.149902344}, "melbands_skewness": {"dvar": 0.234823152423, "var": 1.23592972755, "median": 1.5472266674, "max": 10.495882988, "dmean": 0.387835890055, "dmean2": 0.586784362793, "mean": 1.6166229248, "dvar2": 0.53909856081, "min": -2.35429739952}, "melbands": {"dvar": [1.51529469528e-10, 1.58522965421e-07, 1.04711645577e-07, 2.48500413136e-07, 6.60213359538e-08, 3.94050481134e-08, 1.26503337583e-07, 1.5565473177e-07, 3.94683183913e-08, 1.48940353384e-08, 1.74349654714e-08, 9.21876619486e-09, 2.9421295622e-08, 1.43037279798e-08, 1.35534294898e-09, 3.40325723158e-09, 6.51424969522e-10, 1.57355484198e-09, 4.15618456318e-10, 2.22401819183e-10, 5.31836186202e-10, 1.35907285426e-10, 3.75579845002e-10, 4.82912043687e-11, 3.7758487309e-11, 6.63418885799e-12, 3.5639336534e-12, 4.47083516042e-12, 2.69256839047e-12, 1.74476817542e-12, 5.14453226113e-13, 3.0598413343e-13, 1.24077831343e-13, 3.18621302573e-14, 7.29923442516e-15, 3.83998532638e-15, 4.73637869512e-15, 7.38622047368e-15, 1.82960958904e-15, 1.21421071846e-15], "var": [3.37848277132e-10, 4.40913311195e-07, 2.08445555927e-07, 5.43664953057e-07, 6.45918589726e-07, 3.57339843049e-07, 1.18401817417e-06, 1.74340004833e-06, 1.63580281765e-07, 6.89809667165e-08, 1.0843560716e-07, 5.25254186812e-08, 1.6463599195e-07, 6.47080824479e-08, 6.373579442e-09, 1.29144641647e-08, 2.4963804357e-09, 7.05642833054e-09, 1.74117198437e-09, 7.64464713754e-10, 1.41435596568e-09, 5.53472268017e-10, 1.21588372703e-09, 1.59671248445e-10, 1.19391829756e-10, 2.43523239768e-11, 1.57956980829e-11, 2.59539542635e-11, 1.00663401226e-11, 9.07326037219e-12, 1.90420118909e-12, 1.60678328281e-12, 3.31093415488e-13, 1.30709841822e-13, 3.95410023083e-14, 1.30412961856e-14, 1.36603663087e-14, 1.35213605788e-14, 4.87677144151e-15, 2.06747316953e-15], "median": [1.83424162969e-06, 8.388209244e-05, 0.000213700361201, 3.06841975544e-05, 7.85550219007e-05, 8.44392925501e-05, 0.000102772843093, 1.88748472283e-05, 2.28873541346e-05, 8.79956678546e-06, 2.50147477345e-05, 1.90637438209e-05, 1.15394677778e-05, 7.3716728366e-06, 5.82759867029e-06, 3.66063545698e-06, 1.80408642336e-06, 1.54421275056e-06, 6.65083803142e-07, 1.09385018732e-06, 8.57680845456e-07, 6.18668195784e-07, 5.63310209145e-07, 3.84486952498e-07, 3.54803802338e-07, 2.16216278659e-07, 2.57490967215e-07, 3.3001268207e-07, 1.91920534576e-07, 7.54126858737e-08, 3.2825809626e-08, 2.33853736376e-08, 1.28137509492e-08, 8.93079565856e-09, 6.60819088338e-09, 4.8024926258e-09, 3.1566567138e-09, 2.39881714492e-09, 1.87968707266e-09, 1.06041786463e-09], "max": [0.000526211922988, 0.0138558223844, 0.00927181448787, 0.012797431089, 0.0118379890919, 0.00688558397815, 0.0113181956112, 0.0152337970212, 0.00614376878366, 0.00576556334272, 0.00622377404943, 0.00373346242122, 0.0082796048373, 0.00407723570243, 0.00159099278972, 0.00366726098582, 0.000732394983061, 0.00226381979883, 0.00109470204916, 0.000489368278068, 0.000841499248054, 0.00036745966645, 0.00172547134571, 0.000300343264826, 0.000231908546994, 0.000114753005619, 7.98547334853e-05, 6.61175436107e-05, 6.87563733663e-05, 7.36386355129e-05, 3.08665330522e-05, 4.31356565969e-05, 1.49906800289e-05, 1.04808568722e-05, 5.99760278419e-06, 3.04724630951e-06, 4.0222039388e-06, 5.8857813201e-06, 1.72253817254e-06, 1.51150072725e-06], "dmean": [3.42370390172e-06, 0.000142819568282, 0.00015437019465, 0.000134585352498, 8.72779128258e-05, 8.47298870212e-05, 0.000143175479025, 0.000124487662106, 6.1069658841e-05, 2.89071285806e-05, 4.19770876761e-05, 3.57417884516e-05, 5.12516380695e-05, 3.45133812516e-05, 1.22378451124e-05, 1.69077302417e-05, 6.85769509801e-06, 7.11893380867e-06, 4.59372313344e-06, 5.25103087057e-06, 5.77748005526e-06, 3.77152650799e-06, 4.16616558141e-06, 1.81995187631e-06, 1.58195302902e-06, 6.94008292612e-07, 6.98403539445e-07, 8.50834055655e-07, 4.93631489462e-07, 3.38659219778e-07, 1.77390703016e-07, 1.26830485669e-07, 7.80218343266e-08, 4.12064551369e-08, 2.35237074264e-08, 1.92580067448e-08, 1.75631669208e-08, 1.51560488604e-08, 1.04483781627e-08, 6.2991514227e-09], "dmean2": [4.99195766679e-06, 0.000209600184462, 0.0002490618499, 0.000194742999156, 0.000128682717332, 0.000121658413264, 0.000197041241336, 0.000164429089637, 8.71636220836e-05, 3.57487151632e-05, 5.47704476048e-05, 4.59097791463e-05, 7.20051975804e-05, 4.76363238704e-05, 1.62471824297e-05, 2.47842017416e-05, 9.44584917306e-06, 9.76405135589e-06, 6.4014407144e-06, 8.04966475698e-06, 8.67812104843e-06, 5.51841594643e-06, 5.95142591919e-06, 2.700750656e-06, 2.44643297265e-06, 1.07513744751e-06, 1.06188394966e-06, 1.29986892716e-06, 6.96418226198e-07, 4.73550301194e-07, 2.51420857467e-07, 1.85244161344e-07, 1.13771065458e-07, 5.88893165343e-08, 3.31104068607e-08, 2.86039405495e-08, 2.55524188475e-08, 2.18507949512e-08, 1.50404577681e-08, 9.28729360083e-09], "mean": [6.74709372106e-06, 0.00027663417859, 0.000343728839653, 0.000245221803198, 0.00030489146593, 0.000317679834552, 0.000573930155952, 0.000528813980054, 0.000176434128662, 9.01700987015e-05, 0.000145563244587, 0.000112465371785, 0.000149537037942, 9.16761782719e-05, 3.27416346408e-05, 3.9091311919e-05, 1.71361953107e-05, 1.87238583749e-05, 1.09053698907e-05, 1.10005739771e-05, 1.31398355734e-05, 9.734334526e-06, 9.22263006942e-06, 4.16409739046e-06, 3.69750205209e-06, 1.77772710686e-06, 1.8735811409e-06, 2.30239606935e-06, 1.3207916254e-06, 9.85559495348e-07, 4.34233328406e-07, 3.431443929e-07, 1.8318624484e-07, 1.03195183954e-07, 6.20871318802e-08, 4.76880046563e-08, 4.24798720644e-08, 3.61395962045e-08, 2.36247306162e-08, 1.30014772282e-08], "dvar2": [3.74613340348e-10, 3.13852865474e-07, 2.74952043355e-07, 4.7709448836e-07, 1.56212507818e-07, 9.45848839251e-08, 2.80770109384e-07, 3.03079730202e-07, 8.62470130869e-08, 2.46112463742e-08, 3.63518992685e-08, 1.71436660423e-08, 6.52673861623e-08, 2.89209616255e-08, 2.57409560334e-09, 7.60378604525e-09, 1.20112597646e-09, 2.38902098104e-09, 6.64770738457e-10, 5.27327737032e-10, 1.26969601499e-09, 2.93330110201e-10, 7.03558267201e-10, 1.08243587704e-10, 9.69284374985e-11, 1.72870693455e-11, 8.41752362257e-12, 1.08744506455e-11, 4.77518111858e-12, 2.93990504684e-12, 8.64717965201e-13, 5.86786316151e-13, 2.87302462636e-13, 6.13487871073e-14, 1.10524120035e-14, 8.43639394454e-15, 1.02417142285e-14, 1.90749905427e-14, 3.93852321023e-15, 2.99076131665e-15], "min": [5.90747639661e-24, 2.23114271353e-23, 2.71173744515e-23, 6.87714974334e-24, 8.77125210843e-24, 8.79311933272e-24, 6.53053333348e-24, 3.62213412684e-24, 5.92064406284e-24, 6.27141579751e-24, 1.47811092399e-23, 1.30993642862e-23, 6.84407990533e-24, 9.65571427789e-24, 7.0767489073e-24, 6.7497274079e-24, 9.01538325935e-24, 6.37804336506e-24, 9.50048932871e-24, 4.21535476656e-24, 1.76176653062e-23, 8.01822284324e-24, 8.34003943839e-24, 8.2392955899e-24, 7.20426196174e-24, 1.18983448572e-23, 8.5281480544e-24, 6.92144112772e-24, 6.82407833708e-24, 5.35827695642e-24, 6.74233499236e-24, 1.22941479278e-23, 1.060243335e-23, 7.88804580552e-24, 9.81844208314e-24, 1.27787609591e-23, 7.95158145169e-24, 9.18744565569e-24, 1.16181493523e-23, 1.06587485523e-23]}, "spectral_decrease": {"dvar": 1.30739173517e-18, "var": 1.95567251658e-17, "median": -1.54417822973e-09, "max": 2.23662006024e-29, "dmean": 6.21281359692e-10, "dmean2": 8.59896209793e-10, "mean": -3.43640249589e-09, "dvar2": 2.53916489349e-18, "min": -3.56212304098e-08}, "barkbands_kurtosis": {"dvar": 46.7860946655, "var": 107.633621216, "median": 2.48660087585, "max": 358.896850586, "dmean": 2.18652939796, "dmean2": 3.38725399971, "mean": 4.98097753525, "dvar2": 112.534729004, "min": -1.66543018818}, "silence_rate_30dB": {"dvar": 0.000864085333887, "var": 0.00143913051579, "median": 1, "max": 1, "dmean": 0.000864802510478, "dmean2": 0.00172972970176, "mean": 0.998558759689, "dvar2": 0.00201514665969, "min": 0}, "gfcc": {"mean": [-144.954193115, 139.604644775, -132.347106934, -4.77989673615, -59.1159477234, -17.6908683777, -28.9943008423, -7.03091287613, -27.5033664703, -7.9201540947, -14.095533371, -7.52535676956, -12.6332998276], "cov": [[13978.5185547, -2037.74169922, -3800.82202148, 530.496948242, -1185.3515625, -121.699317932, -431.837554932, -55.254119873, -117.747200012, 207.301727295, -71.8304290771, 126.986839294, -44.708026886], [-2037.74169922, 2125.17529297, 1195.63049316, -70.9526901245, 457.574157715, -364.983306885, 118.472969055, -231.839630127, -9.27737617493, -292.657043457, 21.8624687195, -236.94241333, -11.6778917313], [-3800.82202148, 1195.63049316, 2145.80395508, 51.4318008423, 429.949890137, -45.1248512268, 58.3987426758, -11.4103746414, -44.7883605957, -194.672973633, -112.868415833, -162.207641602, -40.9866256714], [530.496948242, -70.9526901245, 51.4318008423, 474.622406006, 124.06111145, 103.758110046, -4.62159156799, -40.3556365967, -22.725030899, -13.1834402084, -47.3930854797, -35.1813812256, -9.69256496429], [-1185.3515625, 457.574157715, 429.949890137, 124.06111145, 418.732635498, 36.3909606934, 55.0660133362, -29.1023960114, 14.3931484222, -75.8497924805, -59.5415763855, -63.2186508179, -24.6367740631], [-121.699317932, -364.983306885, -45.1248512268, 103.758110046, 36.3909606934, 293.548278809, 67.2108230591, 30.6765327454, -12.4556484222, 55.5020637512, 8.59479999542, 50.9180297852, 6.20639896393], [-431.837554932, 118.472969055, 58.3987426758, -4.62159156799, 55.0660133362, 67.2108230591, 164.670318604, 28.1987133026, 14.9739217758, -27.3923034668, 5.14933252335, 0.852404236794, 10.448135376], [-55.254119873, -231.839630127, -11.4103746414, -40.3556365967, -29.1023960114, 30.6765327454, 28.1987133026, 172.097717285, 55.110004425, 7.61041927338, -48.358997345, 16.668964386, 2.42791628838], [-117.747200012, -9.27737617493, -44.7883605957, -22.725030899, 14.3931484222, -12.4556484222, 14.9739217758, 55.110004425, 150.285446167, 40.2363128662, -28.5725765228, -25.2239303589, -21.4150295258], [207.301727295, -292.657043457, -194.672973633, -13.1834402084, -75.8497924805, 55.5020637512, -27.3923034668, 7.61041927338, 40.2363128662, 224.550308228, 94.518409729, 19.6792125702, -26.7376308441], [-71.8304290771, 21.8624687195, -112.868415833, -47.3930854797, -59.5415763855, 8.59479999542, 5.14933252335, -48.358997345, -28.5725765228, 94.518409729, 196.451416016, 48.6974983215, -3.73118042946], [126.986839294, -236.94241333, -162.207641602, -35.1813812256, -63.2186508179, 50.9180297852, 0.852404236794, 16.668964386, -25.2239303589, 19.6792125702, 48.6974983215, 134.523086548, 38.6339797974], [-44.708026886, -11.6778917313, -40.9866256714, -9.69256496429, -24.6367740631, 6.20639896393, 10.448135376, 2.42791628838, -21.4150295258, -26.7376308441, -3.73118042946, 38.6339797974, 119.587379456]], "icov": [[0.000302325177472, -0.000481230468722, 0.000644226092845, -0.000575449783355, 0.000830612902064, -0.000281050917692, 0.000651986920275, -0.000487856712425, 0.000595729623456, -0.000306715373881, 0.000827554846182, -0.000246699841227, 0.000522459100466], [-0.000481230468722, 0.00380329973996, -0.00200190697797, 0.00142541876994, -0.00309238722548, 0.00345448404551, -0.00335400085896, 0.00379930739291, -0.00229697674513, 0.00292243575677, -0.00399356801063, 0.00301671307534, -0.00183667102829], [0.000644226092845, -0.00200190697797, 0.0023494779598, -0.00125794683117, 0.00172404572368, -0.00156036450062, 0.00216097244993, -0.00226343981922, 0.00208423868753, -0.00113471539225, 0.00254581309855, -0.000753688567784, 0.00148440618068], [-0.000575449783355, 0.00142541876994, -0.00125794683117, 0.00390469259582, -0.00256467866711, -0.000159586052177, -0.00103457830846, 0.00204583490267, -0.000995735405013, 0.00100604281761, -0.00146562012378, 0.00171173014678, -0.00121392775327], [0.000830612902064, -0.00309238722548, 0.00172404572368, -0.00256467866711, 0.0070544462651, -0.00300923385657, 0.00228622346185, -0.00211715651676, 0.00145493540913, -0.00152965437155, 0.00416048336774, -0.00184490287211, 0.00248866900802], [-0.000281050917692, 0.00345448404551, -0.00156036450062, -0.000159586052177, -0.00300923385657, 0.00863962434232, -0.00540115172043, 0.00276409648359, -0.000605702458415, 0.000388744985685, -0.00229754764587, 0.000440994830569, -0.00120372057427], [0.000651986920275, -0.00335400085896, 0.00216097244993, -0.00103457830846, 0.00228622346185, -0.00540115172043, 0.0114235784858, -0.00468206265941, 0.000980550888926, -0.000124443002278, 0.00160855136346, -0.00123391917441, 0.0010179025121], [-0.000487856712425, 0.00379930739291, -0.00226343981922, 0.00204583490267, -0.00211715651676, 0.00276409648359, -0.00468206265941, 0.0120798368007, -0.00492525566369, 0.00227738055401, -0.00118452333845, 0.00108034303412, -0.00159590365365], [0.000595729623456, -0.00229697674513, 0.00208423868753, -0.000995735405013, 0.00145493540913, -0.000605702458415, 0.000980550888926, -0.00492525566369, 0.0113233570009, -0.00454344553873, 0.00462830951437, -0.000373350689188, 0.00225445348769], [-0.000306715373881, 0.00292243575677, -0.00113471539225, 0.00100604281761, -0.00152965437155, 0.000388744985685, -0.000124443002278, 0.00227738055401, -0.00454344553873, 0.0104685304686, -0.00735181570053, 0.00356637989171, -0.000361894723028], [0.000827554846182, -0.00399356801063, 0.00254581309855, -0.00146562012378, 0.00416048336774, -0.00229754764587, 0.00160855136346, -0.00118452333845, 0.00462830951437, -0.00735181570053, 0.0137555589899, -0.00609896145761, 0.00311761489138], [-0.000246699841227, 0.00301671307534, -0.000753688567784, 0.00171173014678, -0.00184490287211, 0.000440994830569, -0.00123391917441, 0.00108034303412, -0.000373350689188, 0.00356637989171, -0.00609896145761, 0.0142051391304, -0.0042832037434], [0.000522459100466, -0.00183667102829, 0.00148440618068, -0.00121392775327, 0.00248866900802, -0.00120372057427, 0.0010179025121, -0.00159590365365, 0.00225445348769, -0.000361894723028, 0.00311761489138, -0.0042832037434, 0.0111108720303]]}, "silence_rate_20dB": {"dvar": 0, "var": 0, "median": 1, "max": 1, "dmean": 0, "dmean2": 0, "mean": 1, "dvar2": 0, "min": 1}, "barkbands_skewness": {"dvar": 0.19586622715, "var": 1.08465611935, "median": 1.22562003136, "max": 10.1207180023, "dmean": 0.347020208836, "dmean2": 0.52345174551, "mean": 1.30635166168, "dvar2": 0.444945693016, "min": -2.36778378487}, "erbbands_skewness": {"dvar": 0.105309978127, "var": 0.70334649086, "median": 0.737981319427, "max": 7.29951143265, "dmean": 0.267359554768, "dmean2": 0.394907087088, "mean": 0.794719576836, "dvar2": 0.23087964952, "min": -3.10874629021}, "spectral_contrast_valleys": {"dvar": [0.185324460268, 0.115974530578, 0.111627399921, 0.102706752717, 0.0875114277005, 0.0885367840528], "var": [0.975722312927, 1.98821187019, 1.95384097099, 1.70143890381, 1.62598061562, 0.927007377148], "median": [-9.25580406189, -7.84362363815, -8.87484741211, -9.67525959015, -9.8331861496, -13.2221059799], "max": [-6.45916652679, -4.6101474762, -5.5300617218, -6.36861133575, -6.48458337784, -9.42765045166], "dmean": [0.421540766954, 0.291346520185, 0.274775534868, 0.258017718792, 0.208598926663, 0.19484975934], "dmean2": [0.692664861679, 0.475503146648, 0.439461380243, 0.411255449057, 0.327441126108, 0.305384784937], "mean": [-9.34339523315, -7.84870052338, -8.8815870285, -9.71959972382, -9.88695144653, -13.1063671112], "dvar2": [0.415182799101, 0.232849657536, 0.218261912465, 0.197693049908, 0.161947786808, 0.172178044915], "min": [-27.1053714752, -27.1060810089, -27.4519958496, -27.5638217926, -27.3514881134, -27.2624206543]}, "spectral_strongpeak": {"dvar": 0.356137782335, "var": 1.49806725979, "median": 0.719521939754, "max": 14.5905132294, "dmean": 0.304926455021, "dmean2": 0.490873336792, "mean": 1.15231585503, "dvar2": 0.840250849724, "min": 0}, "erbbands_crest": {"dvar": 4.359790802, "var": 30.9886779785, "median": 13.0885410309, "max": 33.6249046326, "dmean": 1.91600179672, "dmean2": 2.84752106667, "mean": 13.9695777893, "dvar2": 9.67365550995, "min": 3.38762712479}, "barkbands_crest": {"dvar": 3.43553233147, "var": 17.8237419128, "median": 11.3251504898, "max": 26.1805038452, "dmean": 1.71580398083, "dmean2": 2.64399862289, "mean": 11.9310302734, "dvar2": 8.33022117615, "min": 3.18589806557}, "spectral_energyband_middle_low": {"dvar": 1.34618821903e-05, "var": 0.000162346754223, "median": 0.00335150072351, "max": 0.123621061444, "dmean": 0.00180837744847, "dmean2": 0.00251414533705, "mean": 0.00888551399112, "dvar2": 2.71095868811e-05, "min": 2.982284487e-22}, "spectral_contrast_coeffs": {"dvar": [0.00118192867376, 0.00106989312917, 0.000884699402377, 0.000652650545817, 0.000425677368185, 0.000298510072753], "var": [0.0115949790925, 0.0099917743355, 0.00858901627362, 0.00680202944204, 0.00650122296065, 0.00604728516191], "median": [-0.54581964016, -0.645700991154, -0.663938641548, -0.709795475006, -0.732726693153, -0.737659692764], "max": [-0.263707429171, -0.293144017458, -0.36000430584, -0.378120332956, -0.506738007069, -0.49444809556], "dmean": [0.0394677631557, 0.0340917222202, 0.0303785484284, 0.0262149255723, 0.0200303513557, 0.0153065659106], "dmean2": [0.0652397349477, 0.0548388250172, 0.0467142090201, 0.0409388057888, 0.0309453736991, 0.0234413295984], "mean": [-0.560778617859, -0.645844042301, -0.665096640587, -0.709522247314, -0.737193405628, -0.745360910892], "dvar2": [0.00316663552076, 0.00251877377741, 0.00197664671578, 0.00147498189472, 0.000904343149159, 0.000606659625191], "min": [-0.963610172272, -0.967963695526, -0.961034238338, -0.965430021286, -0.95940810442, -0.96087539196]}, "hfc": {"dvar": 9.70648097992, "var": 171.525497437, "median": 3.6619720459, "max": 102.596588135, "dmean": 1.54118013382, "dmean2": 2.04707455635, "mean": 9.41117858887, "dvar2": 17.9937171936, "min": 1.1683484107e-16}, "spectral_energyband_high": {"dvar": 5.09954434236e-09, "var": 3.55880338532e-08, "median": 1.62006654136e-05, "max": 0.00276572094299, "dmean": 2.69651700364e-05, "dmean2": 3.84418672184e-05, "mean": 9.56154981395e-05, "dvar2": 9.66435198535e-09, "min": 7.56423146747e-21}, "erbbands_spread": {"dvar": 17.8742923737, "var": 81.4882888794, "median": 17.1866607666, "max": 99.9902038574, "dmean": 2.80889177322, "dmean2": 4.16456413269, "mean": 17.8575782776, "dvar2": 41.642539978, "min": 1.41661334038}, "dissonance": {"dvar": 0.000921862665564, "var": 0.00575087079778, "median": 0.414958149195, "max": 0.500000119209, "dmean": 0.0301108248532, "dmean2": 0.0505668856204, "mean": 0.395070284605, "dvar2": 0.00249561085366, "min": 0.0682300776243}, "spectral_kurtosis": {"dvar": 68.2859115601, "var": 445.009307861, "median": 11.4710092545, "max": 198.645782471, "dmean": 6.52409505844, "dmean2": 11.0820236206, "mean": 19.2917633057, "dvar2": 177.377151489, "min": -1.21515762806}, "spectral_skewness": {"dvar": 0.280648082495, "var": 2.58944606781, "median": 2.3306684494, "max": 12.1872940063, "dmean": 0.481246501207, "dmean2": 0.813815295696, "mean": 2.90652704239, "dvar2": 0.73928552866, "min": -0.030392954126}, "pitch_salience": {"dvar": 0.002395743737, "var": 0.0120496461168, "median": 0.473298966885, "max": 0.929574489594, "dmean": 0.044225640595, "dmean2": 0.0690163522959, "mean": 0.473347663879, "dvar2": 0.00579458475113, "min": 0.0554776489735}, "spectral_complexity": {"dvar": 1.66688108444, "var": 57.0029716492, "median": 7, "max": 41, "dmean": 1.06039202213, "dmean2": 1.72252249718, "mean": 9.70894241333, "dvar2": 3.61110663414, "min": 0}, "spectral_spread": {"dvar": 285737549824, "var": 824823775232, "median": 2361710.75, "max": 42913728, "dmean": 246381.625, "dmean2": 396458.75, "mean": 2435067.5, "dvar2": 389424775168, "min": 586631.125}, "dynamic_complexity": 6.74943304062, "melbands_crest": {"dvar": 4.74058389664, "var": 26.9052734375, "median": 14.6519575119, "max": 32.1810455322, "dmean": 2.07539415359, "dmean2": 3.22747802734, "mean": 15.172955513, "dvar2": 11.8161907196, "min": 2.373711586}, "zerocrossingrate": {"dvar": 3.41363302141e-05, "var": 0.000349121779436, "median": 0.033203125, "max": 0.48876953125, "dmean": 0.00337166013196, "dmean2": 0.00419770553708, "mean": 0.0350582562387, "dvar2": 3.60840640496e-05, "min": 0.0048828125}, "spectral_energyband_low": {"dvar": 2.71579028777e-06, "var": 6.36637605567e-06, "median": 0.000643106235657, "max": 0.0590316131711, "dmean": 0.00063457590295, "dmean2": 0.000976299168542, "mean": 0.00136391760316, "dvar2": 6.11100176684e-06, "min": 1.44067912694e-22}, "melbands_kurtosis": {"dvar": 40.551990509, "var": 96.0258178711, "median": 4.16760873795, "max": 207.622955322, "dmean": 2.76306962967, "dmean2": 4.28461027145, "mean": 6.72998714447, "dvar2": 99.2660522461, "min": -1.76270246506}, "spectral_energyband_middle_high": {"dvar": 3.93206710214e-06, "var": 3.92558504245e-05, "median": 0.00124545977451, "max": 0.0715750381351, "dmean": 0.000873313227203, "dmean2": 0.00117354909889, "mean": 0.00390990031883, "dvar2": 7.98251676315e-06, "min": 1.59980880507e-21}, "barkbands_spread": {"dvar": 4.11093378067, "var": 33.7264556885, "median": 8.33851623535, "max": 42.6516189575, "dmean": 1.4992287159, "dmean2": 2.23665523529, "mean": 9.19763946533, "dvar2": 8.9686870575, "min": 0.164153635502}, "mfcc": {"mean": [-785.403198242, 166.191940308, -13.526257515, 11.1330604553, -16.0773544312, -11.2034730911, -4.24798488617, -6.99595069885, -8.60234355927, -9.41808509827, -12.0227737427, -1.21377635002, -2.56942939758], "cov": [[13436.7060547, -633.981140137, -3571.17480469, 97.9381790161, -1308.07348633, -287.970458984, -559.964172363, -313.964752197, -275.851409912, -110.519699097, -288.321105957, 336.972259521, 100.783782959], [-633.981140137, 1565.50085449, 427.111877441, 206.376693726, 184.05847168, -66.260635376, -6.46645736694, -18.8554801941, -117.621803284, 4.35540056229, -110.533500671, -225.541229248, -1.1632130146], [-3571.17480469, 427.111877441, 1749.14782715, 231.173873901, 448.792877197, 114.109031677, 124.701049805, 124.467811584, 82.3430709839, 19.919342041, 35.5833358765, -199.836212158, -119.880645752], [97.9381790161, 206.376693726, 231.173873901, 399.144104004, 171.12348938, 72.547203064, 10.1936454773, -4.8775267601, 9.97115707397, 21.3847522736, -36.0858421326, -56.053817749, -53.9817657471], [-1308.07348633, 184.05847168, 448.792877197, 171.12348938, 408.659606934, 125.03289032, 72.2319107056, 46.2502746582, 53.0396728516, 31.4050121307, 27.0367660522, -60.0770835876, -51.182094574], [-287.970458984, -66.260635376, 114.109031677, 72.547203064, 125.03289032, 251.628219604, 106.319480896, 12.4227495193, 19.3962574005, 3.79711818695, 24.2989082336, 15.947476387, 2.26201939583], [-559.964172363, -6.46645736694, 124.701049805, 10.1936454773, 72.2319107056, 106.319480896, 210.720657349, 39.9875297546, -2.02980709076, -16.87458992, 11.6979894638, 7.6771979332, 17.0854225159], [-313.964752197, -18.8554801941, 124.467811584, -4.8775267601, 46.2502746582, 12.4227495193, 39.9875297546, 196.398345947, 96.5071792603, -19.5530509949, -20.6696739197, -52.5794296265, -29.2692756653], [-275.851409912, -117.621803284, 82.3430709839, 9.97115707397, 53.0396728516, 19.3962574005, -2.02980709076, 96.5071792603, 198.559814453, 42.4598197937, 1.19469714165, -21.3958473206, -50.5838279724], [-110.519699097, 4.35540056229, 19.919342041, 21.3847522736, 31.4050121307, 3.79711818695, -16.87458992, -19.5530509949, 42.4598197937, 133.371551514, 41.5411109924, -4.21452331543, -23.5269126892], [-288.321105957, -110.533500671, 35.5833358765, -36.0858421326, 27.0367660522, 24.2989082336, 11.6979894638, -20.6696739197, 1.19469714165, 41.5411109924, 165.256652832, 89.7038269043, -3.45976305008], [336.972259521, -225.541229248, -199.836212158, -56.053817749, -60.0770835876, 15.947476387, 7.6771979332, -52.5794296265, -21.3958473206, -4.21452331543, 89.7038269043, 217.596878052, 64.4564285278], [100.783782959, -1.1632130146, -119.880645752, -53.9817657471, -51.182094574, 2.26201939583, 17.0854225159, -29.2692756653, -50.5838279724, -23.5269126892, -3.45976305008, 64.4564285278, 175.640960693]], "icov": [[0.000283915782347, -1.9970259018e-05, 0.000483296025777, -0.00054004980484, 0.000588454829995, -0.00023