{"tonal": {"hpcp": {"dvar": [0.0293636731803, 0.0288408957422, 0.0158001631498, 0.011989267543, 0.0195260513574, 0.0121452370659, 0.0110519798473, 0.0190544575453, 0.0111414194107, 0.020027667284, 0.0182717032731, 0.011008146219, 0.00927036907524, 0.0133616458625, 0.0140968216583, 0.0202601533383, 0.0253782514483, 0.0108683835715, 0.00861299224198, 0.0119543140754, 0.00921918731183, 0.0119305672124, 0.0232637003064, 0.0244697220623, 0.0655428171158, 0.0295928008854, 0.0111793493852, 0.017332226038, 0.0340261943638, 0.0433975383639, 0.0514473095536, 0.0612706840038, 0.0473638288677, 0.039108030498, 0.0379031412303, 0.0326276049018], "var": [0.129272714257, 0.140046671033, 0.023845301941, 0.0172417443246, 0.0312992371619, 0.0108176283538, 0.0215342659503, 0.050035443157, 0.0150114614516, 0.0318596325815, 0.0383268259466, 0.00959157478064, 0.0110990721732, 0.0234298072755, 0.0151809761301, 0.0493645370007, 0.0815715715289, 0.0178721565753, 0.0203651785851, 0.0367169678211, 0.0132096223533, 0.0734257623553, 0.138299465179, 0.0399652086198, 0.0937258377671, 0.0998349711299, 0.0199161954224, 0.014127750881, 0.0389005281031, 0.0482257679105, 0.0988297536969, 0.135510697961, 0.0554932504892, 0.0271235629916, 0.0301356464624, 0.049661103636], "median": [0.0918245986104, 0.0922699719667, 0.0305498763919, 0.00136503437534, 0.000773271429352, 0.00176957959775, 0.00514838891104, 0.00541105540469, 0.00473446631804, 0.00202752277255, 0.00184800673742, 0.00179519853555, 0.00267996406183, 0.00302858510986, 0.00646385084838, 0.0182050839067, 0.0193890351802, 0.0136501891539, 0.00130583916325, 0.000691491120961, 0.00485930079594, 0.0156256482005, 0.0209593176842, 0.0613465718925, 0.0117739988491, 0.00511293485761, 0.0044331504032, 0.00199225568213, 0.00403906684369, 0.0152654219419, 0.0250394046307, 0.0231859236956, 0.0124016730115, 0.00717983581126, 0.00514925224707, 0.0251379013062], "max": [1, 1, 1, 1, 1, 1, 1, 1, 0.942521989346, 1, 1, 1, 1, 1, 1, 1, 1, 1, 1, 1, 1, 1, 1, 1, 1, 1, 1, 1, 1, 1, 1, 1, 1, 1, 1, 1], "dmean": [0.105653420091, 0.0984336361289, 0.0675329118967, 0.0416669398546, 0.0465042665601, 0.0360067337751, 0.0410149283707, 0.0507228523493, 0.0415463149548, 0.0468350760639, 0.0465533621609, 0.0346321649849, 0.0338209234178, 0.0436090305448, 0.0529747419059, 0.0720670521259, 0.0768036916852, 0.0513023100793, 0.0333112552762, 0.0324005037546, 0.0365692526102, 0.0574090592563, 0.0715119168162, 0.112952508032, 0.140992730856, 0.0937742590904, 0.0471718497574, 0.0501332953572, 0.0847830176353, 0.117112077773, 0.140654325485, 0.145820856094, 0.123011097312, 0.0920166894794, 0.0894570276141, 0.0979524552822], "dmean2": [0.175787240267, 0.162999778986, 0.114284493029, 0.0741287693381, 0.0830825194716, 0.0644416585565, 0.0713580027223, 0.0871343910694, 0.073492474854, 0.0842231884599, 0.0829149261117, 0.0624011904001, 0.0587851554155, 0.0774400234222, 0.0952340513468, 0.12025745213, 0.125098049641, 0.0871948078275, 0.057759180665, 0.0563780367374, 0.0628727674484, 0.092770844698, 0.117108494043, 0.194657981396, 0.256302803755, 0.161601424217, 0.0804989486933, 0.0910195857286, 0.149848043919, 0.209184661508, 0.246267482638, 0.254446923733, 0.214184015989, 0.168938830495, 0.161737412214, 0.163612157106], "mean": [0.28958812356, 0.296732842922, 0.104634739459, 0.0443658046424, 0.0565660893917, 0.0356801897287, 0.0613095499575, 0.0876225978136, 0.0528962127864, 0.0610090605915, 0.0707687139511, 0.0343747474253, 0.0358280427754, 0.0524169653654, 0.052383992821, 0.122029364109, 0.156766667962, 0.073628462851, 0.0483956299722, 0.0588917918503, 0.0470865927637, 0.168739050627, 0.245491579175, 0.158985108137, 0.190474718809, 0.192156046629, 0.0711911842227, 0.0444292724133, 0.0824938863516, 0.117439828813, 0.224781051278, 0.258886814117, 0.139451742172, 0.0661154165864, 0.0712263584137, 0.127831578255], "dvar2": [0.0712989345193, 0.0702929571271, 0.0416668429971, 0.0336565412581, 0.0553034953773, 0.0357992909849, 0.0303929746151, 0.0507439151406, 0.0316592231393, 0.0546217299998, 0.0462339818478, 0.0332892909646, 0.0254211183637, 0.0345529541373, 0.0393257513642, 0.0529543869197, 0.0604452900589, 0.029556132853, 0.0232186261564, 0.0318304300308, 0.0259526595473, 0.0289180092514, 0.0565652288496, 0.0654862746596, 0.176247820258, 0.0711218565702, 0.0313558764756, 0.0501015223563, 0.0959263518453, 0.126630946994, 0.146407991648, 0.148652210832, 0.126059040427, 0.113485604525, 0.106958091259, 0.0791833996773], "min": [0, 0, 0, 0, 0, 0, 0, 0, 0, 0, 0, 0, 0, 0, 0, 0, 0, 0, 0, 0, 0, 0, 0, 0, 0, 0, 0, 0, 0, 0, 0, 0, 0, 0, 0, 0]}, "key_key": "D", "thpcp": [1, 0.352622717619, 0.149514302611, 0.190629690886, 0.120243482292, 0.206615313888, 0.295291215181, 0.178262069821, 0.205602660775, 0.238493025303, 0.115844093263, 0.12074174732, 0.176646992564, 0.176535874605, 0.411243200302, 0.528309106827, 0.248130485415, 0.163094952703, 0.198467388749, 0.15868344903, 0.56865644455, 0.827315151691, 0.535785317421, 0.641906440258, 0.647572577, 0.23991677165, 0.149728193879, 0.278007268906, 0.395776301622, 0.757519960403, 0.872457563877, 0.469957232475, 0.222811251879, 0.240035310388, 0.430796861649, 0.975922048092], "chords_key": "A", "tuning_equal_tempered_deviation": 0.291417658329, "tuning_frequency": 434.193115234, "tuning_diatonic_strength": 0.453375011683, "chords_histogram": [6.44776105881, 4.11940288544, 0.417910456657, 1.07462692261, 5.9104475975, 7.82089567184, 0, 8.7164182663, 0, 28.4776115417, 0, 6.56716394424, 0, 2.92537307739, 0, 0, 0, 0, 2.38805961609, 0, 9.49253749847, 0, 15.6417913437, 0], "key_strength": 0.554378986359, "key_scale": "minor", "chords_strength": {"dvar": 2.58860854956e-05, "var": 0.00700133526698, "median": 0.503443956375, "max": 0.698489129543, "dmean": 0.00600685551763, "dmean2": 0.00542798638344, "mean": 0.502492308617, "dvar2": 2.75578877336e-05, "min": 0.29029405117}, "chords_number_rate": 0.00716417888179, "tuning_nontempered_energy_ratio": 0.979971528053, "hpcp_entropy": {"dvar": 0.233006626368, "var": 0.595296323299, "median": 1.58923411369, "max": 4.37793207169, "dmean": 0.510018467903, "dmean2": 0.858968555927, "mean": 1.52631545067, "dvar2": 0.588468074799, "min": 0.0350905880332}, "chords_changes_rate": 0.037611939013, "chords_scale": "major"}, "rhythm": {"bpm_histogram_first_peak_spread": {"dvar": 0, "var": 0, "median": 0.43119263649, "max": 0.43119263649, "dmean": 0, "dmean2": 0, "mean": 0.43119263649, "dvar2": 0, "min": 0.43119263649}, "bpm_histogram_first_peak_weight": {"dvar": 0, "var": 0, "median": 0.346368700266, "max": 0.346368700266, "dmean": 0, "dmean2": 0, "mean": 0.346368700266, "dvar2": 0, "min": 0.346368700266}, "bpm_histogram_first_peak_bpm": {"dvar": 0, "var": 0, "median": 140, "max": 140, "dmean": 0, "dmean2": 0, "mean": 140, "dvar2": 0, "min": 140}, "bpm": 139.614898682, "bpm_histogram_second_peak_weight": {"dvar": 0, "var": 0, "median": 0.145251393318, "max": 0.145251393318, "dmean": 0, "dmean2": 0, "mean": 0.145251393318, "dvar2": 0, "min": 0.145251393318}, "beats_loudness": {"dvar": 0.00369071797468, "var": 0.00271430588327, "median": 0.017733450979, "max": 0.272510021925, "dmean": 0.0351093374193, "dmean2": 0.063565723598, "mean": 0.0373117476702, "dvar2": 0.0101370299235, "min": 1.27258390421e-05}, "beats_loudness_band_ratio": {"dvar": [0.0336450822651, 0.0210029445589, 0.00854152627289, 0.00339910015464, 0.000953335256781, 0.00217597931623], "var": [0.10375957191, 0.0795619636774, 0.0135227628052, 0.00430001271889, 0.00167506572325, 0.00315978052095], "median": [0.427058696747, 0.326049864292, 0.0778218582273, 0.0167731400579, 0.00464602839202, 0.000804072595201], "max": [0.999921917915, 0.941326618195, 0.545921683311, 0.476705521345, 0.252007305622, 0.355414390564], "dmean": [0.198634251952, 0.164942368865, 0.089740216732, 0.0352836921811, 0.017563700676, 0.0203730333596], "dmean2": [0.314125239849, 0.277763724327, 0.146805047989, 0.0599044188857, 0.0290281027555, 0.0363637879491], "mean": [0.487912625074, 0.351196974516, 0.116553425789, 0.0438112802804, 0.0221394300461, 0.0236555673182], "dvar2": [0.0660767108202, 0.0467319004238, 0.0225998908281, 0.00817759335041, 0.00188478035852, 0.00529632950202], "min": [0.00677086552605, 9.32612456381e-05, 5.720833542e-06, 3.43171700479e-06, 2.46616946242e-06, 1.6702872017e-05]}, "bpm_histogram_second_peak_bpm": {"dvar": 0, "var": 0, "median": 133, "max": 133, "dmean": 0, "dmean2": 0, "mean": 133, "dvar2": 0, "min": 133}, "onset_rate": 3.64032030106, "beats_count": 180, "beats_position": [0.429569154978, 0.870748281479, 1.28870749474, 1.70666658878, 2.12462592125, 2.55419492722, 3.01859402657, 3.48299312592, 3.94739222527, 4.41179132462, 4.87619018555, 5.32897949219, 5.78176879883, 6.23455762863, 6.68734693527, 7.1517457962, 7.61614513397, 8.08054447174, 8.54494285583, 9.0093421936, 9.47374153137, 9.91492080688, 10.3560991287, 10.7972784042, 11.2384576797, 11.7028570175, 12.1672563553, 12.6316547394, 13.084444046, 13.5140132904, 13.9319725037, 14.361541748, 14.7795009613, 15.2090702057, 15.6618595123, 16.114648819, 16.5674381256, 17.031835556, 17.4846248627, 17.9374141693, 18.3785934448, 18.8313827515, 19.2841720581, 19.7369613647, 20.1781406403, 20.6193199158, 21.0721092224, 21.5248966217, 21.9776859283, 22.430475235, 22.8716545105, 23.312833786, 23.7656230927, 24.195192337, 24.6363716125, 25.0775508881, 25.5187301636, 25.9715194702, 26.4243087769, 26.8770961761, 27.3298854828, 27.7942848206, 28.2586841583, 28.7230834961, 29.1874828339, 29.6518821716, 30.1162815094, 30.5806789398, 31.0334682465, 31.5094776154, 31.9854869843, 32.4614944458, 32.9026756287, 33.3438529968, 33.7850341797, 34.2262115479, 34.6673927307, 35.1085700989, 35.5613594055, 36.0141487122, 36.455329895, 36.8848991394, 37.3144645691, 37.7440338135, 38.1736030579, 38.6147842407, 39.0675735474, 39.4971427917, 39.9151000977, 40.3330612183, 40.7510185242, 41.1805877686, 41.6101570129, 42.0397262573, 42.4576873779, 42.8872566223, 43.3052139282, 43.7347831726, 44.164352417, 44.5939216614, 45.0234909058, 45.4530601501, 45.8826293945, 46.3121986389, 46.7417678833, 47.1713371277, 47.6009063721, 48.0304756165, 48.4600448608, 48.8780021667, 49.3075714111, 49.748752594, 50.1667098999, 50.5962791443, 51.0142402649, 51.4438095093, 51.8733787537, 52.302947998, 52.7325172424, 53.1736946106, 53.5916557312, 54.0212249756, 54.45079422, 54.8803634644, 55.3099327087, 55.7278900146, 56.1458511353, 56.5870285034, 57.0049858093, 57.4345550537, 57.8641242981, 58.2936935425, 58.7232627869, 59.1528320312, 59.5824012756, 60.01197052, 60.4415397644, 60.8711090088, 61.3006782532, 61.7302474976, 62.1598167419, 62.5777778625, 63.0073471069, 63.4369163513, 63.8548736572, 64.2844467163, 64.714012146, 65.1435852051, 65.5731506348, 66.0027160645, 66.4322891235, 66.8734664917, 67.2914276123, 67.720993042, 68.1505661011, 68.5685272217, 68.9748764038, 69.4044418335, 69.8340148926, 70.2635803223, 70.6931533813, 71.1111068726, 71.4477996826, 71.7728805542, 72.0863494873, 72.3998184204, 72.724899292, 73.0499725342, 73.3866653442, 73.7233581543, 74.0484313965, 74.396736145, 74.7450332642, 75.0933303833, 75.4416275024, 75.789932251, 76.1382293701, 76.4865264893, 76.8348312378, 77.1831283569], "danceability": 1.05890631676, "bpm_histogram_second_peak_spread": {"dvar": 0, "var": 0, "median": 0.458333313465, "max": 0.458333313465, "dmean": 0, "dmean2": 0, "mean": 0.458333313465, "dvar2": 0, "min": 0.458333313465}}, "lowlevel": {"spectral_flux": {"dvar": 0.00111478043254, "var": 0.00175032950938, "median": 0.0373517647386, "max": 0.388959109783, "dmean": 0.020504694432, "dmean2": 0.0335685536265, "mean": 0.046356163919, "dvar2": 0.00274349143729, "min": 7.45045545045e-05}, "spectral_rolloff": {"dvar": 2791059.75, "var": 2432648.25, "median": 387.59765625, "max": 17312.6953125, "dmean": 425.563446045, "dmean2": 761.689208984, "mean": 759.476623535, "dvar2": 7284274.5, "min": 21.533203125}, "barkbands_flatness_db": {"dvar": 0.00103564513847, "var": 0.0129055799916, "median": 0.270659983158, "max": 0.697323441505, "dmean": 0.0266057550907, "dmean2": 0.0374429635704, "mean": 0.26303628087, "dvar2": 0.00191036856268, "min": 0.0356745459139}, "spectral_centroid": {"dvar": 18172.6152344, "var": 163829.484375, "median": 409.222808838, "max": 2765.15942383, "dmean": 84.6404724121, "dmean2": 125.992851257, "mean": 562.922485352, "dvar2": 36869.4609375, "min": 60.8454017639}, "melbands_skewness": {"dvar": 1.45027184486, "var": 6.79832315445, "median": 1.91564524174, "max": 25.5958805084, "dmean": 0.742413699627, "dmean2": 1.06954586506, "mean": 2.67348003387, "dvar2": 2.74972987175, "min": -0.982095479965}, "melbands": {"dvar": [2.04093175853e-05, 9.57596876106e-06, 2.74222571761e-07, 4.16751078092e-07, 5.11038138029e-07, 3.89767052411e-07, 1.82216950861e-07, 5.5835254642e-08, 1.79923862476e-08, 6.00921623573e-09, 3.48875017764e-09, 1.20046839136e-09, 1.75888581477e-10, 1.8965040649e-10, 4.42783518184e-11, 1.87341531177e-10, 7.72444955222e-11, 1.81232237551e-10, 6.32887145469e-11, 3.08363647117e-11, 7.72057938414e-12, 7.96142318737e-12, 5.66590958179e-12, 5.5195197371e-12, 4.69881945853e-13, 8.49700084599e-12, 3.33400597711e-13, 6.18049936316e-13, 8.99497761431e-14, 1.30120279785e-13, 7.50301174814e-14, 1.93314619548e-14, 1.23174557102e-14, 9.78243687092e-15, 4.05739149418e-14, 2.69356087592e-14, 4.50828339504e-14, 4.88226165496e-14, 1.25924783296e-13, 1.63602123385e-13], "var": [7.37300870242e-05, 4.1712741222e-05, 9.72592033577e-07, 4.64764525532e-06, 3.60144758815e-06, 4.98184999742e-06, 9.98808332042e-07, 1.60622150247e-07, 1.7652770623e-07, 2.56557246558e-08, 6.2343454843e-09, 5.94162719025e-09, 5.67930147355e-10, 5.6781224167e-10, 1.53139959047e-10, 3.93805876797e-10, 1.50276333044e-10, 3.97726768187e-10, 1.35618224983e-10, 6.75124747773e-11, 1.47957705116e-11, 1.98101240273e-11, 1.46939699991e-11, 8.13811084494e-12, 8.16450314474e-13, 2.92182840422e-11, 3.46198980941e-12, 1.42502231803e-12, 1.55677391551e-13, 2.87932844885e-13, 8.39541652344e-14, 3.6313772898e-14, 2.77186500613e-14, 1.8272447154e-14, 8.07412201876e-14, 5.17635691526e-14, 1.08684911656e-13, 7.6237878044e-14, 2.0649874497e-13, 2.72270107935e-13], "median": [0.000594706623815, 0.000385997613193, 0.000156500434969, 0.000133857538458, 0.000227009601076, 0.00030775446794, 5.96502104599e-05, 3.11194307869e-05, 2.96494290524e-05, 1.45213907672e-05, 1.40290867421e-05, 1.26379345602e-05, 3.69970871361e-06, 4.22932362198e-06, 2.44911802838e-06, 2.1514722448e-06, 1.99879855245e-06, 1.82410576599e-06, 1.80325719157e-06, 1.29040358843e-06, 5.97805581037e-07, 5.39871621186e-07, 5.40013672889e-07, 2.0997539707e-07, 1.32771219796e-07, 1.2469632793e-07, 6.99317581621e-08, 4.72749306368e-08, 3.53856108859e-08, 1.69165641495e-08, 1.01290353882e-08, 7.75063924152e-09, 6.68007116289e-09, 4.15547640742e-09, 2.81539813685e-09, 1.99205318907e-09, 1.54567525446e-09, 1.088998558e-09, 1.05240749448e-09, 8.2771572929e-10], "max": [0.0835614278913, 0.0521932318807, 0.0115281548351, 0.0229427367449, 0.0132397832349, 0.0170794576406, 0.0154518792406, 0.0109841795638, 0.00469759153202, 0.00156702334061, 0.00133637187537, 0.00102491350845, 0.000358760706149, 0.000344431377016, 0.000178018177394, 0.000457048154203, 0.000173927328433, 0.000321805011481, 0.000170020459336, 0.000118443429528, 6.00472958467e-05, 9.33476985665e-05, 7.15201167623e-05, 7.56098161219e-05, 1.25199385366e-05, 0.000127362771309, 3.61874845112e-05, 3.93133850594e-05, 8.78285482031e-06, 1.46971497088e-05, 1.25673086586e-05, 3.18338720717e-06, 3.65890014109e-06, 2.49847380474e-06, 6.7519363256e-06, 4.07577226724e-06, 4.98912686453e-06, 4.59204011349e-06, 8.57640952745e-06, 8.56552105688e-06], "dmean": [0.00125720817596, 0.00104842300061, 0.000249011354754, 0.000242511960096, 0.000324827269651, 0.000300545594655, 0.000118761505291, 4.30513828178e-05, 4.95767781103e-05, 2.98877439491e-05, 1.94397380255e-05, 1.66919235198e-05, 5.33809952685e-06, 5.70160318603e-06, 2.96635994346e-06, 3.81910285796e-06, 3.08739367938e-06, 4.38784354628e-06, 2.98443774227e-06, 2.12163968172e-06, 1.10943017262e-06, 1.11064150587e-06, 1.07865014343e-06, 5.01199167502e-07, 2.50967644888e-07, 4.37085645899e-07, 1.49176017317e-07, 1.1979950898e-07, 6.83702978677e-08, 6.17311002316e-08, 4.03077109468e-08, 4.0273697266e-08, 3.31011555943e-08, 2.85720709314e-08, 4.98567445106e-08, 4.22773851483e-08, 5.87042947586e-08, 5.8917635215e-08, 9.53763006351e-08, 1.16733254174e-07], "dmean2": [0.00174870714545, 0.00136487418786, 0.000382384198019, 0.000354765914381, 0.000447232858278, 0.000375704810722, 0.000163339587743, 6.60845253151e-05, 6.55897747492e-05, 4.19728348788e-05, 3.0995131965e-05, 2.24517389142e-05, 7.5599750744e-06, 8.55983853398e-06, 4.43579119747e-06, 6.15894668954e-06, 4.87278384753e-06, 7.1540666795e-06, 4.91226819577e-06, 3.39690791407e-06, 1.82289420536e-06, 1.83030704193e-06, 1.80838310371e-06, 8.32139789964e-07, 4.23418185846e-07, 6.6309723934e-07, 2.27175561918e-07, 2.00707475528e-07, 1.1372090114e-07, 1.00134172953e-07, 6.65951915835e-08, 5.67134890161e-08, 3.91317875881e-08, 4.04365678719e-08, 6.9034662431e-08, 6.17189428453e-08, 9.58258681294e-08, 9.50151530787e-08, 1.43782656892e-07, 1.71841364249e-07], "mean": [0.00323842652142, 0.00248795584776, 0.000574270496145, 0.000919376441743, 0.00114850397222, 0.00120332709048, 0.000341101374943, 0.000114814072731, 0.000161107513122, 7.34280038159e-05, 3.63765393558e-05, 3.87954678445e-05, 1.15118282338e-05, 1.29806321638e-05, 6.89710577717e-06, 7.09025562173e-06, 5.7659290178e-06, 7.46746900404e-06, 5.35789831702e-06, 3.81691734219e-06, 1.92360153051e-06, 1.95906659428e-06, 1.84493637789e-06, 8.08624577076e-07, 4.23238219582e-07, 8.28585882573e-07, 3.9812712771e-07, 2.21588749127e-07, 1.23831199517e-07, 9.63506181506e-08, 5.66669520197e-08, 5.6392504888e-08, 4.8600092839e-08, 4.00378290522e-08, 6.81506904243e-08, 5.83207260263e-08, 9.0551196763e-08, 7.13481043135e-08, 1.12817858167e-07, 1.32869743652e-07], "dvar2": [3.18555721606e-05, 1.34677957249e-05, 6.37576306417e-07, 9.88675310509e-07, 1.09032396267e-06, 5.78910771765e-07, 4.22670325406e-07, 1.72868126924e-07, 2.98873992222e-08, 1.23201724378e-08, 8.88563178592e-09, 2.08266470736e-09, 3.30202754029e-10, 4.66119032261e-10, 9.99363578003e-11, 4.49285941784e-10, 1.95841939887e-10, 4.91452045726e-10, 1.74322084545e-10, 7.62782129127e-11, 1.87049785383e-11, 1.95426678312e-11, 1.40987187203e-11, 1.36567493425e-11, 1.32790935366e-12, 1.90142068757e-11, 6.58354609977e-13, 1.41751909689e-12, 2.36728957834e-13, 3.14765737346e-13, 2.18196473259e-13, 3.35142138108e-14, 1.85952327755e-14, 1.74254328415e-14, 7.26288874962e-14, 5.24574144973e-14, 9.04444433843e-14, 1.11776548033e-13, 2.74504675718e-13, 3.49833822934e-13], "min": [4.49124380264e-13, 3.7518146684e-13, 2.5802461296e-13, 1.4051295392e-13, 5.72402029746e-14, 3.55997715573e-14, 6.00818155535e-14, 8.9815829741e-14, 8.92854041569e-14, 6.08563492568e-14, 3.45653444289e-14, 2.39535225422e-14, 1.52378601409e-14, 4.31679668953e-15, 3.82342794984e-15, 1.01544368007e-14, 1.14211847377e-14, 9.08512377335e-15, 4.87272812974e-15, 1.00220948907e-15, 1.18674260465e-15, 1.17449831988e-15, 7.99203220184e-16, 1.13477575691e-15, 4.98254796305e-16, 7.26476441937e-16, 8.88284722335e-16, 2.59887262975e-15, 3.14992007799e-15, 1.36005412187e-15, 1.78407373307e-15, 1.62463502734e-15, 2.00969069945e-15, 1.73894339412e-15, 6.13124841222e-15, 2.58832262264e-15, 1.13376588188e-15, 7.67001462749e-16, 7.96590441179e-16, 4.55527648649e-16]}, "spectral_decrease": {"dvar": 2.85673905211e-17, "var": 1.25722268095e-16, "median": -4.08455314016e-09, "max": -1.53702824015e-18, "dmean": 2.07467731883e-09, "dmean2": 2.84500045744e-09, "mean": -7.86218734561e-09, "dvar2": 4.27305887275e-17, "min": -9.31421269001e-08}, "barkbands_kurtosis": {"dvar": 11329.9511719, "var": 73209.25, "median": 5.39225769043, "max": 2989.7800293, "dmean": 22.5985088348, "dmean2": 34.196269989, "mean": 64.2881622314, "dvar2": 26553.8007812, "min": -1.81722402573}, "silence_rate_30dB": {"dvar": 0.0181758664548, "var": 0.0389595516026, "median": 1, "max": 1, "dmean": 0.0185185186565, "dmean2": 0.0370481014252, "mean": 0.959390878677, "dvar2": 0.036871150136, "min": 0}, "gfcc": {"mean": [-137.350799561, 147.921081543, -78.7296295166, 2.90680837631, -29.574300766, -6.23353672028, -29.8869628906, 1.75536453724, -13.8104133606, 0.817185938358, -7.63323831558, 3.82468152046, -1.94467389584], "cov": [[12102.2783203, 1977.78662109, -1613.50854492, -814.087524414, -848.558410645, -755.921447754, -656.369750977, -106.258895874, -134.021621704, 91.5568237305, -83.9882659912, -164.194946289, 14.7075185776], [1977.78662109, 3793.55175781, -971.174072266, -89.1767959595, 15.3701753616, -973.928588867, 250.701309204, -409.672973633, 154.391036987, -321.788208008, 277.552734375, -194.483901978, 392.784942627], [-1613.50854492, -971.174072266, 2167.52441406, 621.65032959, 274.109771729, 732.575317383, 212.900421143, 211.250366211, 9.01214313507, 75.2914123535, -85.7934646606, 36.3580551147, -119.466087341], [-814.087524414, -89.1767959595, 621.65032959, 607.626220703, 317.713592529, 212.028762817, 252.546859741, 96.1544113159, 48.9897384644, 19.0584983826, 20.2651023865, -26.4922523499, -11.4766979218], [-848.558410645, 15.3701753616, 274.109771729, 317.713592529, 434.783630371, 185.022949219, 214.554489136, 103.087852478, 90.5210266113, 0.62829208374, 47.596912384, -7.2157664299, 7.88013601303], [-755.921447754, -973.928588867, 732.575317383, 212.028762817, 185.022949219, 623.817993164, 66.6228179932, 190.708694458, 25.5011920929, 123.993530273, -78.569519043, 56.5583877563, -152.494796753], [-656.369750977, 250.701309204, 212.900421143, 252.546859741, 214.554489136, 66.6228179932, 269.231414795, 63.2508735657, 59.630153656, -35.4469718933, 45.9936294556, -13.1639051437, 60.4004364014], [-106.258895874, -409.672973633, 211.250366211, 96.1544113159, 103.087852478, 190.708694458, 63.2508735657, 166.709335327, 35.8268013, 56.7005691528, -18.1855640411, 35.5819740295, -37.4393539429], [-134.021621704, 154.391036987, 9.01214313507, 48.9897384644, 90.5210266113, 25.5011920929, 59.630153656, 35.8268013, 104.809158325, 32.3428611755, 45.4117927551, 7.06968259811, 15.1938362122], [91.5568237305, -321.788208008, 75.2914123535, 19.0584983826, 0.62829208374, 123.993530273, -35.4469718933, 56.7005691528, 32.3428611755, 162.706954956, 27.8440132141, 39.0700645447, -47.0203514099], [-83.9882659912, 277.552734375, -85.7934646606, 20.2651023865, 47.596912384, -78.569519043, 45.9936294556, -18.1855640411, 45.4117927551, 27.8440132141, 106.604278564, 32.8884544373, 45.2436714172], [-164.194946289, -194.483901978, 36.3580551147, -26.4922523499, -7.2157664299, 56.5583877563, -13.1639051437, 35.5819740295, 7.06968259811, 39.0700645447, 32.8884544373, 93.502281189, 19.2978801727], [14.7075185776, 392.784942627, -119.466087341, -11.4766979218, 7.88013601303, -152.494796753, 60.4004364014, -37.4393539429, 15.1938362122, -47.0203514099, 45.2436714172, 19.2978801727, 133.735687256]], "icov": [[0.000189721991774, -0.000321818195516, 8.37892948766e-05, -0.000118924355775, 0.000208679542993, -0.000104249760625, 0.000697694486007, -0.000986040569842, 0.000555374950636, -0.000418707437348, 0.000277663872112, 0.000199121262995, -6.63309911033e-05], [-0.000321818195516, 0.00157208484598, -0.000106079605757, 0.000302832573652, -3.07813970721e-05, 0.000328256806824, -0.00154622178525, 0.002718513133, -0.00232419651002, 0.0018343643751, -0.00265641440637, 0.00198948406614, -0.00129452825058], [8.37892948766e-05, -0.000106079605757, 0.00112184823956, -0.00109497900121, 0.000737084366847, -0.00160231837071, 0.000687795691192, -0.000543326255865, 0.000401374854846, 0.000516921689268, -0.000576836639084, 0.000648943940178, -0.000885073328391], [-0.000118924355775, 0.000302832573652, -0.00109497900121, 0.00471571739763, -0.00228411401622, 0.00141184940003, -0.00376540469006, 0.00137809442822, 0.00052061752649, -0.00159327220172, 0.000783753406722, 0.000144242090755, 0.00147578422911], [0.000208679542993, -3.07813970721e-05, 0.000737084366847, -0.00228411401622, 0.00659860344604, -0.00294277817011, 0.000397090043407, -0.00278329499997, -0.00164061225951, 0.00267673539929, -0.00485669728369, 0.0038922384847, -0.0019641018007], [-0.000104249760625, 0.000328256806824, -0.00160231837071, 0.00141184940003, -0.00294277817011, 0.0086707174778, -0.00430467398837, 0.00135577155743, -0.00166994298343, -0.00385535648093, 0.0083313267678, -0.00776209495962, 0.00725697493181], [0.000697694486007, -0.00154622178525, 0.000687795691192, -0.00376540469006, 0.000397090043407, -0.00430467398837, 0.0159291531891, -0.00904440041631, 0.00211289944127, 0.00324253528379, -0.00663691712543, 0.00742931105196, -0.0078290104866], [-0.000986040569842, 0.002718513133, -0.000543326255865, 0.00137809442822, -0.00278329499997, 0.00135577155743, -0.00904440041631, 0.0202462356538, -0.00759400380775, -0.000904356245883, 0.00544429477304, -0.00705810682848, 0.00294114556164], [0.000555374950636, -0.00232419651002, 0.000401374854846, 0.00052061752649, -0.00164061225951, -0.00166994298343, 0.00211289944127, -0.00759400380775, 0.019527874887, -0.00480402214453, -0.00336295040324, 0.00207993458025, -0.000789418350905], [-0.000418707437348, 0.0018343643751, 0.000516921689268, -0.00159327220172, 0.00267673539929, -0.00385535648093, 0.00324253528379, -0.000904356245883, -0.00480402214453, 0.0154710449278, -0.0126367025077, 0.00445528235286, -0.00167052308097], [0.000277663872112, -0.00265641440637, -0.000576836639084, 0.000783753406722, -0.00485669728369, 0.0083313267678, -0.00663691712543, 0.00544429477304, -0.00336295040324, -0.0126367025077, 0.0358275212348, -0.0218549128622, 0.00860320869833], [0.000199121262995, 0.00198948406614, 0.000648943940178, 0.000144242090755, 0.0038922384847, -0.00776209495962, 0.00742931105196, -0.00705810682848, 0.00207993458025, 0.00445528235286, -0.0218549128622, 0.0326000787318, -0.0156648531556], [-6.63309911033e-05, -0.00129452825058, -0.000885073328391, 0.00147578422911, -0.0019641018007, 0.00725697493181, -0.0078290104866, 0.00294114556164, -0.000789418350905, -0.00167052308097, 0.00860320869833, -0.0156648531556, 0.0222249552608]]}, "silence_rate_20dB": {"dvar": 0.000597014906816, "var": 0.000298501778161, "median": 1, "max": 1, "dmean": 0.000597371545155, "dmean2": 0.0011951001361, "mean": 0.99970138073, "dvar2": 0.00179122237023, "min": 0}, "barkbands_skewness": {"dvar": 2.59079241753, "var": 20.4277210236, "median": 1.54404437542, "max": 42.158744812, "dmean": 0.907845497131, "dmean2": 1.38509047031, "mean": 2.84340882301, "dvar2": 5.87251138687, "min": -1.12867867947}, "erbbands_skewness": {"dvar": 0.233147904277, "var": 3.10477685928, "median": 1.13242685795, "max": 14.3370800018, "dmean": 0.415461838245, "dmean2": 0.58143812418, "mean": 1.48635315895, "dvar2": 0.439939558506, "min": -1.77764117718}, "spectral_contrast_valleys": {"dvar": [0.118425264955, 0.0925339907408, 0.0873306617141, 0.0695939660072, 0.0706872269511, 0.258781939745], "var": [2.01190328598, 2.21184563637, 1.9668264389, 1.53556919098, 1.04134845734, 1.27571332455], "median": [-7.40478038788, -7.35513067245, -8.36614131927, -9.16586780548, -9.53496170044, -12.6358585358], "max": [-4.98296022415, -5.16401767731, -6.12832117081, -6.49899959564, -6.57379961014, -8.63020038605], "dmean": [0.366393387318, 0.336164712906, 0.303964704275, 0.257405877113, 0.225494369864, 0.344504237175], "dmean2": [0.56432723999, 0.535159289837, 0.491200298071, 0.410846471786, 0.345926523209, 0.466571956873], "mean": [-7.73712730408, -7.71601867676, -8.6973695755, -9.40124893188, -9.69294261932, -12.2936735153], "dvar2": [0.2517542243, 0.215404123068, 0.197178587317, 0.157699495554, 0.136529743671, 0.519620120525], "min": [-16.6473884583, -17.3086948395, -17.3992977142, -17.9424095154, -17.9199848175, -19.2762870789]}, "spectral_strongpeak": {"dvar": 0.104368060827, "var": 0.618459820747, "median": 0.423475682735, "max": 4.46408700943, "dmean": 0.209416329861, "dmean2": 0.332964509726, "mean": 0.743568897247, "dvar2": 0.22432872653, "min": 0}, "erbbands_crest": {"dvar": 4.48691797256, "var": 25.9116077423, "median": 12.2574443817, "max": 27.4333648682, "dmean": 2.20026087761, "dmean2": 3.36540269852, "mean": 13.0076732635, "dvar2": 10.8639888763, "min": 2.61234331131}, "barkbands_crest": {"dvar": 5.61416292191, "var": 28.4218845367, "median": 13.0805654526, "max": 26.335811615, "dmean": 2.26323890686, "dmean2": 3.47987771034, "mean": 13.8472671509, "dvar2": 14.3687019348, "min": 3.04276752472}, "spectral_energyband_middle_low": {"dvar": 2.77207909676e-05, "var": 0.000349672161974, "median": 0.00545969419181, "max": 0.124098114669, "dmean": 0.00293861585669, "dmean2": 0.0040888087824, "mean": 0.0142853399739, "dvar2": 5.97098041908e-05, "min": 2.58736977156e-12}, "spectral_contrast_coeffs": {"dvar": [0.00121120293625, 0.000984554644674, 0.000759046874009, 0.000485045689857, 0.000243149333983, 0.000232746155234], "var": [0.00955584086478, 0.0121560506523, 0.00500822253525, 0.00360768102109, 0.00243922672234, 0.00166031147819], "median": [-0.65495634079, -0.664155006409, -0.745211482048, -0.772099137306, -0.800387620926, -0.821772158146], "max": [-0.353590190411, -0.324250340462, -0.482050716877, -0.569059491158, -0.629675269127, -0.602335870266], "dmean": [0.0409868620336, 0.038065366447, 0.0314226001501, 0.0254315566272, 0.0179549213499, 0.0142484419048], "dmean2": [0.06670858711, 0.0599671378732, 0.0504042208195, 0.0417871251702, 0.028934283182, 0.0235476400703], "mean": [-0.647067546844, -0.659046947956, -0.7428830266, -0.77199023962, -0.799882173538, -0.823734045029], "dvar2": [0.00309728854336, 0.00259503955022, 0.00184486852959, 0.0012073754333, 0.000584533729125, 0.000555460923351], "min": [-0.989435851574, -0.954573631287, -0.954035878181, -0.947877526283, -0.940382659435, -0.918304443359]}, "hfc": {"dvar": 8.94246292114, "var": 55.9202041626, "median": 5.43724012375, "max": 49.6616821289, "dmean": 1.86679041386, "dmean2": 2.66147542, "mean": 7.65627813339, "dvar2": 19.1628761292, "min": 2.07972767896e-08}, "spectral_energyband_high": {"dvar": 2.96010487233e-08, "var": 5.83600900939e-08, "median": 3.59661339644e-06, "max": 0.00373343890533, "dmean": 5.29625940544e-05, "dmean2": 7.45705910958e-05, "mean": 6.97572977515e-05, "dvar2": 5.99353029429e-08, "min": 1.40665083748e-12}, "erbbands_spread": {"dvar": 148.761642456, "var": 551.419433594, "median": 17.7619380951, "max": 212.927932739, "dmean": 6.18200111389, "dmean2": 8.72792720795, "mean": 23.8462486267, "dvar2": 239.630508423, "min": 0.632617473602}, "dissonance": {"dvar": 0.000615096767433, "var": 0.00280119571835, "median": 0.421784728765, "max": 0.499934375286, "dmean": 0.027130400762, "dmean2": 0.0449239872396, "mean": 0.412729054689, "dvar2": 0.00155462580733, "min": 0.167765200138}, "spectral_kurtosis": {"dvar": 87.4256515503, "var": 392.508178711, "median": 17.0100307465, "max": 113.79675293, "dmean": 8.17726516724, "dmean2": 13.6012096405, "mean": 23.8015823364, "dvar2": 237.972854614, "min": -0.879321098328}, "spectral_skewness": {"dvar": 0.382642179728, "var": 2.17781639099, "median": 3.14019727707, "max": 9.60784435272, "dmean": 0.609582602978, "dmean2": 0.978512644768, "mean": 3.43620228767, "dvar2": 0.9645139575, "min": 0.410872489214}, "pitch_salience": {"dvar": 0.00370623939671, "var": 0.0241522192955, "median": 0.488814294338, "max": 0.844574928284, "dmean": 0.05921632424, "dmean2": 0.092068977654, "mean": 0.468941152096, "dvar2": 0.00897269044071, "min": 0.0402120314538}, "spectral_complexity": {"dvar": 1.54219102859, "var": 20.4217262268, "median": 8, "max": 35, "dmean": 1.1206690073, "dmean2": 1.85300266743, "mean": 7.7909822464, "dvar2": 3.58634996414, "min": 0}, "spectral_spread": {"dvar": 2857412329470.0, "var": 10647568908300.0, "median": 2255996.25, "max": 22031368, "dmean": 972516.3125, "dmean2": 1396623.625, "mean": 3687649.75, "dvar2": 5583549759490.0, "min": 833177.5625}, "dynamic_complexity": 6.62648630142, "melbands_crest": {"dvar": 7.59776353836, "var": 44.4304046631, "median": 16.3942241669, "max": 39.036365509, "dmean": 2.62514638901, "dmean2": 4.0675163269, "mean": 17.387386322, "dvar2": 18.7632217407, "min": 5.30008220673}, "zerocrossingrate": {"dvar": 0.00029204718885, "var": 0.00129920395557, "median": 0.0185546875, "max": 0.30712890625, "dmean": 0.00944652128965, "dmean2": 0.0110419839621, "mean": 0.0323830060661, "dvar2": 0.00032784769428, "min": 0.001953125}, "spectral_energyband_low": {"dvar": 0.00038713903632, "var": 0.00155513046775, "median": 0.00370468874462, "max": 0.340618342161, "dmean": 0.00580254383385, "dmean2": 0.00786098930985, "mean": 0.0156362000853, "dvar2": 0.000559491920285, "min": 2.74230573145e-12}, "melbands_kurtosis": {"dvar": 1982.9473877, "var": 6681.51367188, "median": 8.63027954102, "max": 1303.05395508, "dmean": 13.4267702103, "dmean2": 19.736869812, "mean": 30.9010124207, "dvar2": 4025.15991211, "min": -1.46221995354}, "spectral_energyband_middle_high": {"dvar": 1.69030911934e-07, "var": 1.01745251868e-06, "median": 0.000457213347545, "max": 0.00891900993884, "dmean": 0.000229603479966, "dmean2": 0.000343129911926, "mean": 0.000805291754659, "dvar2": 3.88084913538e-07, "min": 6.81812191341e-13}, "barkbands_spread": {"dvar": 101.333053589, "var": 199.361968994, "median": 4.97635984421, "max": 111.226066589, "dmean": 4.55718994141, "dmean2": 7.03527784348, "mean": 10.3109989166, "dvar2": 228.736297607, "min": 0.0465453639627}, "mfcc": {"mean": [-798.291870117, 193.236968994, 11.3849945068, 22.9636268616, 15.8655996323, 0.182813286781, -1.52965402603, -0.609127283096, 0.153788745403, 0.340692490339, -1.78833782673, -2.24992704391, 0.762822389603], "cov": [[10126.8056641, 2675.42407227, -1576.53894043, -338.26171875, -693.820739746, -864.893371582, -654.932373047, -638.780517578, -314.124969482, -133.064285278, -190.176376343, -162.572341919, -32.4061203003], [2675.42407227, 3306.51635742, -811.002380371, 349.431365967, -424.293670654, -438.157897949, -259.684631348, -275.945343018, -179.276901245, -147.886291504, -243.056884766, -124.085754395, 24.5519523621], [-1576.53894043, -811.002380371, 1511.58044434, 126.77835083, 363.349761963, 407.518066406, 285.034576416, 239.40473938, 155.462997437, 109.697052002, 121.161682129, 35.0813140869, 18.0842132568], [-338.26171875, 349.431365967, 126.77835083, 615.895263672, 98.9494552612, 99.6564178467, 184.661193848, 96.7495269775, 79.2466430664, 48.5331954956, -6.87599277496, 16.0407772064, 25.8124141693], [-693.820739746, -424.293670654, 363.349761963, 98.9494552612, 340.911254883, 234.715301514, 160.838897705, 153.241958618, 103.506401062, 90.9663162231, 103.164352417, 56.8137321472, 9.37757587433], [-864.893371582, -438.157897949, 407.518066406, 99.6564178467, 234.715301514, 317.354553223, 181.927490234, 145.91015625, 98.7600402832, 94.7573699951, 104.503547668, 56.8893852234, 19.7508583069], [-654.932373047, -259.684631348, 285.034576416, 184.661193848, 160.838897705, 181.927490234, 224.946868896, 151.54397583, 99.5701065063, 70.373878479, 52.0715942383, 33.6865844727, 16.1563167572], [-638.780517578, -275.945343018, 239.40473938, 96.7495269775, 153.241958618, 145.91015625, 151.54397583, 213.257919312, 110.559524536, 50.6685829163, 49.9097671509, 26.227563858, -3.00827383995], [-314.124969482, -179.276901245, 155.462997437, 79.2466430664, 103.506401062, 98.7600402832, 99.5701065063, 110.559524536, 127.02318573, 67.4148864746, 30.1942920685, 20.3513450623, 8.15477371216], [-133.064285278, -147.886291504, 109.697052002, 48.5331954956, 90.9663162231, 94.7573699951, 70.373878479, 50.6685829163, 67.4148864746, 100.343536377, 63.961681366, 30.0245552063, 7.08975934982], [-190.176376343, -243.056884766, 121.161682129, -6.87599277496, 103.164352417, 104.503547668, 52.0715942383, 49.9097671509, 30.1942920685, 63.961681366, 123.135620117, 68.8345184326, 7.78395032883], [-162.572341919, -124.085754395, 35.0813140869, 16.0407772064, 56.8137321472, 56.8893852234, 33.6865844727, 26.227563858, 20.3513450623, 30.0245552063, 68.8345184326, 101.477241516, 48.5682601929], [-32.4061203003, 24.5519523621, 18.0842132568, 25.8124141693, 9.37757587433, 19.7508583069, 16.1563167572, -3.00827383995, 8.15477371216, 7.08975934982, 7.78395032883, 48.5682601929, 79.7519302368]], "icov": [[0.000166163954418, -0.000104945334897, 4.5478456741e-05, 7.87383978604e-05, -3.62073005817e-05, 0.000281871383777, 3.56298478437e-05, 0.000233541519265, -0.000124489684822, -0.00018253212329, -0.000302286178339, 0.000219862442464, -7.53630083636e-05], [-0.000104945334897, 0.000570702657569, 6.66499618092e-05, -0.000563908310141, 0.000193135041627, 3.31631599693e-05, 0.00044388443348, -0.000172757572727, 0.000367458211258, -7.56861190894e-05, 0.000409802101785, 0.000220681089559, -0.000383533159038], [4.5478456741e-05, 6.66499618092e-05, 0.00113533518743, 4.67080099043e-05, -0.000368399400031, -0.000829788215924, -0.000402485835366, 4.38958522864e-05, -0.000264208734734, 0.00048533277004, -0.000488856108859, 0.00105371861719, -0.000552711542696], [7.87383978604e-05, -0.000563908310141, 4.67080099043e-05, 0.00291361636482, -0.000401174504077, 0.000263209134573, -0.00299570779316, 0.000527654367033, -0.000385495193768, -0.000405097205658, 0.00096212211065, -0.000684452126734, 0.000259104504948], [-3.62073005817e-05, 0.000193135041627, -0.000368399400031, -0.000401174504077, 0.00719065545127, -0.00290861912072, 6.69478395139e-05, -0.00157922087237, -0.000610940158367, -0.000703545520082, -0.00147658295464, -0.000576642749365, 0.000561202643439], [0.000281871383777, 3.31631599693e-05, -0.000829788215924, 0.000263209134573, -0.00290861912072, 0.0106934998184, -0.00369043648243, 4.9503716582e-05, 0.000259284803178, -0.00196938309819, -0.00333577161655, 0.00112287478987, -0.00155918020755], [3.56298478437e-05, 0.00044388443348, -0.000402485835366, -0.00299570779316, 6.69478395139e-05, -0.00369043648243, 0.0154470363632, -0.0057056224905, -4.82122086396e-05, -0.00280212773941, 0.00152658182196, 8.68792194524e-05, -0.00144762836862], [0.000233541519265, -0.000172757572727, 4.38958522864e-05, 0.000527654367033, -0.00157922087237, 4.9503716582e-05, -0.0057056224905, 0.0141632389277, -0.00927842222154, 0.00599578069523, -0.00316071603447, 0.000228724238696, 0.00241580395959], [-0.000124489684822, 0.000367458211258, -0.000264208734734, -0.000385495193768, -0.000610940158367, 0.000259284803178, -4.82122086396e-05, -0.00927842222154, 0.0229037236422, -0.0136565137655, 0.00773738883436, -0.00245276163332, -0.000701010110788], [-0.00018253212329, -7.56861190894e-05, 0.00048533277004, -0.000405097205658, -0.000703545520082, -0.00196938309819, -0.00280212773941, 0.00599578069523, -0.0136565137655, 0.0269023664296, -0.0130126206204, 0.00455222651362, -0.00116289744619], [-0.000302286178339, 0.000409802101785, -0.000488856108859, 0.00096212211065, -0.00147658295464, -0.00333577161655, 0.00152658182196, -0.00316071603447, 0.00773738883436, -0.0130126206204, 0.0278997253627, -0.0176647882909, 0.00852198898792], [0.000219862442464, 0.000220681089559, 0.00105371861719, -0.000684452126734, -0.000576642749365, 0.00112287478987, 8.68792194524e-05, 0.000228724238696, -0.00245276163332, 0.00455222651362, -0.0176647882909, 0.0286576524377, -0.0160972941667], [-7.53630083636e-05, -0.000383533159038, -0.000552711542696, 0.000259104504948, 0.000561202643439, -0.00155918020755, -0.00144762836862, 0.00241580395959, -0.000701010110788, -0.00116289744619, 0.00852198898792, -0.0160972941667, 0.0225187502801]]}, "silence_rate_60dB": {"dvar": 0.0422510094941, "var": 0.164281651378, "median": 0, "max": 1, "dmean": 0.044205494225, "dmean2": 0.0884374082088, "mean": 0.207226037979, "dvar2": 0.0895775333047, "min": 0}, "melbands_flatness_db": {"dvar": 0.00124796829186, "var": 0.0176691245288, "median": 0.384332716465, "max": 0.871833860874, "dmean": 0.0282194577157, "dmean2": 0.0387225933373, "mean": 