{"tonal": {"hpcp": {"dvar": [0.0288979094476, 0.0255493056029, 0.0215068366379, 0.0208745580167, 0.0172461308539, 0.0125552890822, 0.0135129773989, 0.0200735479593, 0.0288646128029, 0.0406335964799, 0.0280303936452, 0.0212643072009, 0.0170085486025, 0.0173630937934, 0.0256993081421, 0.0336521938443, 0.0306004434824, 0.0274340100586, 0.0208209920675, 0.0222618915141, 0.0270699616522, 0.0355051420629, 0.0414430089295, 0.0518268495798, 0.0532350465655, 0.0405333638191, 0.0367218442261, 0.0273967646062, 0.0269352104515, 0.0341865494847, 0.0401505716145, 0.0289138983935, 0.0235839001834, 0.0207208860666, 0.0210838895291, 0.0258026458323], "var": [0.0460019446909, 0.026405243203, 0.0264602992684, 0.0592818744481, 0.0274490043521, 0.00965315196663, 0.0126320580021, 0.018464749679, 0.0507108233869, 0.119472824037, 0.059045009315, 0.0181873794645, 0.0121242022142, 0.0140191623941, 0.0422559641302, 0.109698802233, 0.0575652010739, 0.0213262625039, 0.01480310224, 0.0167162362486, 0.0234219767153, 0.0374522767961, 0.0475836955011, 0.094686999917, 0.150564074516, 0.0704461038113, 0.0290107727051, 0.0192203447223, 0.0242950748652, 0.0595793388784, 0.091026134789, 0.0419043637812, 0.0194675251842, 0.0215139742941, 0.0196994077414, 0.0314624197781], "median": [0.0488035455346, 0.0302300658077, 0.0141676012427, 0.00918154139072, 0.0079109556973, 0.00823197327554, 0.00653647538275, 0.00930309295654, 0.0877626240253, 0.172170609236, 0.105267703533, 0.011219939217, 0.00517760869116, 0.00727649778128, 0.0237843059003, 0.0337472520769, 0.0260799899697, 0.0108543634415, 0.00611617602408, 0.00368055468425, 0.00896321795881, 0.0174805987626, 0.0458917282522, 0.300164520741, 0.465896397829, 0.21851336956, 0.0143033489585, 0.0057627260685, 0.00636546686292, 0.0280242972076, 0.0482566729188, 0.0336814597249, 0.0102894734591, 0.00673149805516, 0.00947597436607, 0.0358116030693], "max": [1, 1, 1, 1, 1, 1, 1, 1, 1, 1, 1, 1, 1, 1, 1, 1, 1, 1, 1, 1, 1, 1, 1, 1, 1, 1, 1, 1, 1, 1, 1, 1, 1, 1, 1, 1], "dmean": [0.0941049307585, 0.0768928676844, 0.0641031488776, 0.0616292282939, 0.0579317882657, 0.0428849123418, 0.044623080641, 0.060844168067, 0.109870053828, 0.141830638051, 0.115889616311, 0.0624648332596, 0.0495729967952, 0.0565917752683, 0.0886481255293, 0.0952100306749, 0.0959578752518, 0.0718543678522, 0.0539295971394, 0.0523073188961, 0.0686294063926, 0.0940534248948, 0.132773324847, 0.196260049939, 0.18537093699, 0.160492122173, 0.0945738479495, 0.0698118507862, 0.0736898183823, 0.101602613926, 0.120189890265, 0.0961358547211, 0.0660898834467, 0.0583190284669, 0.0640352070332, 0.0826272144914], "dmean2": [0.156965658069, 0.132698327303, 0.111955784261, 0.103594452143, 0.0993711128831, 0.0767731145024, 0.0798311904073, 0.107748895884, 0.182274088264, 0.233839854598, 0.193374291062, 0.111593566835, 0.0891867801547, 0.100395053625, 0.152566239238, 0.161186128855, 0.164192169905, 0.128298088908, 0.0986969619989, 0.095451824367, 0.121786296368, 0.167286753654, 0.233209595084, 0.33402121067, 0.312187969685, 0.272888869047, 0.171034827828, 0.128382861614, 0.131566599011, 0.174887552857, 0.201249986887, 0.163618192077, 0.118000932038, 0.102226935327, 0.113560050726, 0.142699465156], "mean": [0.136482700706, 0.0901013165712, 0.080030798912, 0.110311195254, 0.07588326931, 0.0380818657577, 0.0414190478623, 0.055501755327, 0.188102036715, 0.32923412323, 0.209707707167, 0.0553041696548, 0.0395139306784, 0.0476332753897, 0.125874325633, 0.207896083593, 0.145295277238, 0.0593441724777, 0.0409042909741, 0.0392333120108, 0.0616079568863, 0.0940333530307, 0.138294309378, 0.36206689477, 0.510716497898, 0.281974822283, 0.0773261263967, 0.0514846034348, 0.0616141371429, 0.143529728055, 0.202968135476, 0.12776710093, 0.0572078339756, 0.0542746111751, 0.0586243607104, 0.103800758719], "dvar2": [0.0715391263366, 0.0683268979192, 0.0594442524016, 0.048495747149, 0.0448193028569, 0.0350774601102, 0.0373659990728, 0.0546457357705, 0.0732582509518, 0.0939614400268, 0.0697927772999, 0.0560167878866, 0.0490016974509, 0.0491081215441, 0.0713659673929, 0.0819912850857, 0.0833636671305, 0.0773985758424, 0.0574731826782, 0.0603562444448, 0.0723634436727, 0.0974459797144, 0.112779192626, 0.131810933352, 0.122295461595, 0.10975509882, 0.101058110595, 0.0770560130477, 0.0743664354086, 0.0860701724887, 0.0921304523945, 0.0729681327939, 0.0644258186221, 0.0540464445949, 0.0558395050466, 0.0653644651175], "min": [0, 0, 0, 0, 0, 0, 0, 0, 0, 0, 0, 0, 0, 0, 0, 0, 0, 0, 0, 0, 0, 0, 0, 0, 0, 0, 0, 0, 0, 0, 0, 0, 0, 0, 0, 0]}, "key_key": "F", "thpcp": [1, 0.552116155624, 0.151407137513, 0.100808575749, 0.120642542839, 0.281036019325, 0.397418409586, 0.250172257423, 0.112014852464, 0.106271505356, 0.114788457751, 0.203245356679, 0.267237693071, 0.176421388984, 0.156702980399, 0.215993016958, 0.148581981659, 0.0745655670762, 0.0810998827219, 0.108674295247, 0.36831009388, 0.644651412964, 0.410614699125, 0.108287416399, 0.0773696005344, 0.093267545104, 0.246466144919, 0.407067477703, 0.284493029118, 0.116197876632, 0.0800919681787, 0.0768201351166, 0.120630443096, 0.184120446444, 0.270784884691, 0.70893907547], "chords_key": "F", "tuning_equal_tempered_deviation": 0.0187696628273, "tuning_frequency": 441.272583008, "tuning_diatonic_strength": 0.687644541264, "chords_histogram": [45.373046875, 0, 7.69230747223, 0.231347605586, 0, 0, 0, 0, 1.85078084469, 0, 0, 0, 0, 0, 0, 0.0289184506983, 0.0867553502321, 14.6327352524, 0, 0.433776736259, 0, 1.64835166931, 16.6859455109, 11.3360319138], "key_strength": 0.838212549686, "key_scale": "major", "chords_strength": {"dvar": 0.000598914979491, "var": 0.0469876714051, "median": 0.533134102821, "max": 0.734313726425, "dmean": 0.00801587756723, "dmean2": 0.00799568742514, "mean": 0.503617286682, "dvar2": 0.00103877321817, "min": -1}, "chords_number_rate": 0.00202429154888, "tuning_nontempered_energy_ratio": 0.635762631893, "hpcp_entropy": {"dvar": 0.255099684, "var": 0.579405546188, "median": 1.6310082674, "max": 4.1602435112, "dmean": 0.527670323849, "dmean2": 0.876324236393, "mean": 1.63437485695, "dvar2": 0.649410188198, "min": 0}, "chords_changes_rate": 0.0468478873372, "chords_scale": "major"}, "rhythm": {"bpm_histogram_first_peak_spread": {"dvar": 0, "var": 0, "median": 0.426523268223, "max": 0.426523268223, "dmean": 0, "dmean2": 0, "mean": 0.426523268223, "dvar2": 0, "min": 0.426523268223}, "bpm_histogram_first_peak_weight": {"dvar": 0, "var": 0, "median": 0.47619047761, "max": 0.47619047761, "dmean": 0, "dmean2": 0, "mean": 0.47619047761, "dvar2": 0, "min": 0.47619047761}, "bpm_histogram_first_peak_bpm": {"dvar": 0, "var": 0, "median": 129, "max": 129, "dmean": 0, "dmean2": 0, "mean": 129, "dvar2": 0, "min": 129}, "bpm": 128.017456055, "bpm_histogram_second_peak_weight": {"dvar": 0, "var": 0, "median": 0.0803571417928, "max": 0.0803571417928, "dmean": 0, "dmean2": 0, "mean": 0.0803571417928, "dvar2": 0, "min": 0.0803571417928}, "beats_loudness": {"dvar": 0.000148805585923, "var": 0.000490060774609, "median": 0.0390991345048, "max": 0.0902831479907, "dmean": 0.0146145690233, "dmean2": 0.0263264272362, "mean": 0.0354734174907, "dvar2": 0.000452632026281, "min": 0}, "beats_loudness_band_ratio": {"dvar": [0.0381795912981, 0.0166454873979, 0.0139952702448, 0.0162953790277, 0.00571761932224, 0.0168711617589], "var": [0.0619657151401, 0.0191184319556, 0.026220947504, 0.0250157937407, 0.00832149852067, 0.011817002669], "median": [0.350663274527, 0.156012564898, 0.147609218955, 0.0858708024025, 0.037841193378, 0.0356228128076], "max": [0.983438789845, 0.845606207848, 0.892791032791, 0.867397665977, 0.733413040638, 0.998771309853], "dmean": [0.249638393521, 0.149355098605, 0.131451070309, 0.111792713404, 0.0561953708529, 0.0924967080355], "dmean2": [0.460224896669, 0.277701973915, 0.234859928489, 0.204047992826, 0.0975686833262, 0.179140388966], "mean": [0.382125407457, 0.178901478648, 0.191234752536, 0.140783414245, 0.0722963660955, 0.0699399188161], "dvar2": [0.120707474649, 0.0501888170838, 0.0369343981147, 0.0450239218771, 0.01528993994, 0.051231328398], "min": [0, 0, 0, 0, 0, 0]}, "bpm_histogram_second_peak_bpm": {"dvar": 0, "var": 0, "median": 123, "max": 123, "dmean": 0, "dmean2": 0, "mean": 123, "dvar2": 0, "min": 123}, "onset_rate": 3.78092384338, "beats_count": 337, "beats_position": [0.417959183455, 0.859138309956, 1.3235373497, 1.8111563921, 2.28716540337, 2.77478456497, 3.25079369545, 3.73841261864, 4.21442174911, 4.67882061005, 5.14321994781, 5.61922883987, 6.10684776306, 6.58285713196, 7.05886602402, 7.53487491608, 8.01088428497, 8.48689365387, 8.96290206909, 9.43891143799, 9.91492080688, 10.379319191, 10.8553285599, 11.3313379288, 11.7957363129, 12.2601356506, 12.7477550507, 13.235373497, 13.7113828659, 14.1873922348, 14.66340065, 15.1394100189, 15.6270294189, 16.114648819, 16.5790481567, 17.0550556183, 17.5310649872, 18.0070743561, 18.483083725, 18.9590930939, 19.4118824005, 19.8762817383, 20.3406791687, 20.8399085999, 21.3507480621, 21.8499774933, 22.3492050171, 22.8368244171, 23.3244438171, 23.8120632172, 24.2880725861, 24.7756919861, 25.2633094788, 25.7509288788, 26.2269382477, 26.7145576477, 27.2021770477, 27.6897945404, 28.1774139404, 28.6418132782, 29.1178226471, 29.6054420471, 30.081451416, 30.5574588776, 31.0218582153, 31.4862575531, 31.962266922, 32.4382743835, 32.9142837524, 33.3902931213, 33.8663024902, 34.3423118591, 34.8067131042, 35.2827186584, 35.7587280273, 36.2231292725, 36.6991386414, 37.1751480103, 37.6511573792, 38.1271629333, 38.5915641785, 39.0675735474, 39.5435829163, 40.0079803467, 40.4723815918, 40.9367790222, 41.4011802673, 41.8655776978, 42.3415870667, 42.8175964355, 43.281993866, 43.7463951111, 44.2107925415, 44.6751937866, 45.139591217, 45.6156005859, 46.0916099548, 46.5560073853, 47.0204086304, 47.4848060608, 47.9492073059, 48.4136047363, 48.8780021667, 49.3540115356, 49.8300209045, 50.2944221497, 50.7588195801, 51.2232208252, 51.6992263794, 52.1636276245, 52.6280250549, 53.1040344238, 53.5684356689, 54.0328330994, 54.5088424683, 54.9848518372, 55.4492492676, 55.9136505127, 56.3780479431, 56.8424491882, 57.3068466187, 57.7712478638, 58.2356452942, 58.7000427246, 59.1760520935, 59.6520614624, 60.1164627075, 60.5808601379, 61.0452613831, 61.5096588135, 61.9740562439, 62.438457489, 62.9028549194, 63.3672561646, 63.831653595, 64.3076629639, 64.7836685181, 65.2480697632, 65.7240829468, 66.1884765625, 66.6644897461, 67.1288909912, 67.5932846069, 68.0576858521, 68.5220870972, 68.9980926514, 69.474105835, 69.9501113892, 70.4261245728, 70.8905181885, 71.3549194336, 71.8193206787, 72.2837142944, 72.7481155396, 73.2125167847, 73.6885223389, 74.152923584, 74.6289291382, 75.0933303833, 75.5577316284, 76.0337371826, 76.5097503662, 76.9741516113, 77.4385452271, 77.9145584106, 78.3905639648, 78.85496521, 79.3193664551, 79.7837600708, 80.2481613159, 80.712562561, 81.1769561768, 81.6645812988, 82.1289749146, 82.5933761597, 83.0577774048, 83.5221786499, 83.9749679565, 84.4277572632, 84.8921508789, 85.3681640625, 85.8441696167, 86.3085708618, 86.7729721069, 87.2373657227, 87.7017669678, 88.1661682129, 88.6305618286, 89.0949630737, 89.5593643188, 90.023765564, 90.4881591797, 90.9641723633, 91.4401779175, 91.9045791626, 92.3689804077, 92.8449859619, 93.309387207, 93.7737884521, 94.2381820679, 94.702583313, 95.1785888672, 95.6429901123, 96.1073913574, 96.5717926025, 97.0361862183, 97.5005874634, 97.976600647, 98.4526062012, 98.9286117554, 99.404624939, 99.8690261841, 100.3334198, 100.797821045, 101.26222229, 101.726615906, 102.202629089, 102.678634644, 103.143035889, 103.619049072, 104.095054626, 104.559455872, 105.023849487, 105.488250732, 105.964263916, 106.44026947, 106.916282654, 107.403900146, 107.879905701, 108.355918884, 108.831924438, 109.319541931, 109.795555115, 110.271560669, 110.759178162, 111.235191345, 111.711196899, 112.198822021, 112.674827576, 113.15083313, 113.626846313, 114.102851868, 114.567253113, 115.054870605, 115.542495728, 116.006889343, 116.471290588, 116.935691833, 117.400085449, 117.864486694, 118.328887939, 118.793289185, 119.246078491, 119.698867798, 120.163261414, 120.627662659, 121.092063904, 121.55645752, 122.009246826, 122.462036133, 122.926437378, 123.390838623, 123.866844177, 124.342857361, 124.807250977, 125.28326416, 125.759269714, 126.223670959, 126.688072205, 127.164077759, 127.640090942, 128.104492188, 128.580490112, 129.044891357, 129.509292603, 129.985305786, 130.449707031, 130.914108276, 131.378494263, 131.842895508, 132.307296753, 132.771697998, 133.236099243, 133.700500488, 134.164901733, 134.62928772, 135.093688965, 135.55809021, 136.022491455, 136.4868927, 136.951293945, 137.42729187, 137.903305054, 138.367706299, 138.832107544, 139.296508789, 139.760910034, 140.236907959, 140.712921143, 141.200546265, 141.66494751, 142.129333496, 142.593734741, 143.058135986, 143.522537231, 143.986938477, 144.451339722, 144.927337646, 145.391738892, 145.867752075, 146.343765259, 146.819763184, 147.330612183, 147.853057861, 148.37550354, 148.956008911, 149.513290405, 150.070556641, 150.604629517, 151.138687134, 151.637908936, 152.148742676, 152.647979736, 153.158813477, 153.669662476, 154.180496216, 154.691329956, 155.190567017, 155.689788818, 156.200637817, 156.711471558, 157.233917236, 157.756362915, 158.290420532, 158.824493408, 159.358551025, 159.892608643], "danceability": 1.04460787773, "bpm_histogram_second_peak_spread": {"dvar": 0, "var": 0, "median": 0.205882370472, "max": 0.205882370472, "dmean": 0, "dmean2": 0, "mean": 0.205882370472, "dvar2": 0, "min": 0.205882370472}}, "lowlevel": {"spectral_flux": {"dvar": 0.000619218975771, "var": 0.00223011872731, "median": 0.0526830106974, "max": 0.272937774658, "dmean": 0.0194847583771, "dmean2": 0.0298999920487, "mean": 0.0621973052621, "dvar2": 0.00136989564635, "min": 6.31225280379e-11}, "spectral_rolloff": {"dvar": 1459523.125, "var": 10549463, "median": 1055.12695312, "max": 19659.8144531, "dmean": 453.627685547, "dmean2": 738.46484375, "mean": 1928.4329834, "dvar2": 3001501.25, "min": 86.1328125}, "barkbands_flatness_db": {"dvar": 0.000488218589453, "var": 0.0043216412887, "median": 0.13451051712, "max": 0.451998323202, "dmean": 0.0203256420791, "dmean2": 0.0288231745362, "mean": 0.14895299077, "dvar2": 0.000895784702152, "min": 0.0299425441772}, "spectral_centroid": {"dvar": 120757.789062, "var": 2805692, "median": 1065.59521484, "max": 11838.3291016, "dmean": 216.682769775, "dmean2": 317.536590576, "mean": 1407.3182373, "dvar2": 215696.34375, "min": 180.054016113}, "melbands_skewness": {"dvar": 0.55392152071, "var": 2.53191137314, "median": 1.87576746941, "max": 16.0062274933, "dmean": 0.580906689167, "dmean2": 0.869956433773, "mean": 2.08340597153, "dvar2": 1.27496385574, "min": -4.79694271088}, "melbands": {"dvar": [1.65709593603e-06, 2.04679531635e-06, 7.72773773861e-07, 2.5818039262e-07, 1.48147279333e-07, 1.24264602164e-07, 1.30050992198e-07, 1.89295377595e-07, 1.40434664786e-07, 1.60702313678e-07, 5.9854350809e-08, 2.870572402e-08, 1.81686115042e-08, 1.16795995098e-08, 2.14008544219e-08, 2.85412564693e-08, 5.23769871918e-09, 3.54359253052e-09, 1.44760003984e-09, 3.31204708104e-09, 3.3874600347e-10, 2.10145470469e-10, 8.90414908472e-10, 6.34313157555e-10, 1.61940169607e-10, 3.66968511134e-10, 1.38949865502e-10, 4.95536771339e-11, 5.17139837897e-11, 4.04398493858e-11, 2.82303746352e-11, 3.04033222209e-11, 2.53075442547e-11, 1.88624602049e-11, 1.14074418314e-11, 1.33889063031e-11, 3.02251626505e-11, 9.32950938726e-12, 6.88672209537e-12, 5.11678720228e-12], "var": [2.56939733845e-06, 3.41646136803e-06, 1.14668614515e-06, 4.95211679663e-07, 4.19101894522e-07, 3.10280967142e-07, 1.68824399793e-07, 7.40010648315e-07, 3.4438139096e-07, 4.9798325108e-07, 2.16095301653e-07, 8.1269263319e-08, 6.79696441352e-08, 4.61743034919e-08, 8.52544133068e-08, 1.32720671786e-07, 1.56306967369e-08, 9.18746234646e-09, 2.85038392889e-09, 8.23314838527e-09, 9.24182230744e-10, 4.68255600961e-10, 1.47176637544e-09, 1.17827791968e-09, 4.52834936215e-10, 7.33966387667e-10, 2.80333645186e-10, 1.13950619773e-10, 1.24924154354e-10, 1.06440384284e-10, 8.97040289272e-11, 8.05108479884e-11, 6.93851781586e-11, 5.30293933765e-11, 3.18482393236e-11, 2.90792823848e-11, 3.9750303743e-11, 1.52828999456e-11, 1.18400532434e-11, 7.37618299773e-12], "median": [0.000179672148079, 0.000450218532933, 0.000407944171457, 0.000306371774059, 0.000172233601916, 0.00025212863693, 9.74829963525e-05, 9.13512776606e-05, 4.63289907202e-05, 5.24146671523e-05, 3.62697865057e-05, 1.61915668286e-05, 3.27247107634e-05, 2.27799628192e-05, 8.82631866261e-06, 1.57543563546e-05, 8.53878555063e-06, 7.35306593924e-06, 3.28005626216e-06, 2.77704793916e-06, 3.02739022118e-06, 3.28568921759e-06, 3.80146275347e-06, 2.69937640951e-06, 2.53711982623e-06, 2.83125677925e-06, 2.3686231998e-06, 1.28482213313e-06, 9.37490938213e-07, 5.87892088788e-07, 3.20543335874e-07, 2.73074533652e-07, 2.96544243383e-07, 3.17357120139e-07, 2.30205230878e-07, 1.95255879021e-07, 2.59059618202e-07, 2.06219297638e-07, 1.85358501881e-07, 1.54598211566e-07], "max": [0.0208941884339, 0.0326631329954, 0.0151976468042, 0.00813090335578, 0.0115650771186, 0.00797240715474, 0.00632152194157, 0.01459661033, 0.012831822969, 0.0112618934363, 0.0102475536987, 0.00700498418882, 0.00454809097573, 0.00427743932232, 0.00813932530582, 0.0056238733232, 0.00278521329165, 0.00237465510145, 0.000867881055456, 0.00134740653448, 0.000412695138948, 0.000387457868783, 0.000968039152212, 0.0010382370092, 0.000411646498833, 0.000547399336938, 0.000318034406519, 0.000160084848176, 0.000190371007193, 0.000219526933506, 0.00018251669826, 0.000253861857345, 0.000126286962768, 0.000125756792841, 0.000106209612568, 0.000122455385281, 0.000108899213956, 8.25603347039e-05, 7.85933661973e-05, 5.63415233046e-05], "dmean": [0.000479589041788, 0.000620597333182, 0.000452724576462, 0.000269759242656, 0.000162196010933, 0.000186611170648, 0.000137864073622, 0.00015169379185, 0.000115136732347, 0.000121753044368, 7.96368913143e-05, 4.14105161326e-05, 5.1639337471e-05, 3.68433175026e-05, 3.52801762347e-05, 5.53596728423e-05, 2.43591766775e-05, 2.13348284888e-05, 1.30054650072e-05, 2.06742279261e-05, 7.61862293075e-06, 6.35995729681e-06, 9.83786139841e-06, 7.66335233493e-06, 5.44079421161e-06, 7.25988002159e-06, 4.48732316727e-06, 2.7773205602e-06, 2.54303245129e-06, 1.94010340238e-06, 1.49029960994e-06, 1.31520721425e-06, 1.42019314353e-06, 1.14644421956e-06, 8.85760982783e-07, 9.01713747226e-07, 1.43257602758e-06, 8.78992011621e-07, 7.59448425924e-07, 6.87053784532e-07], "dmean2": [0.000752572959755, 0.000989014515653, 0.00074513128493, 0.000443294440629, 0.000260293280007, 0.000288399169222, 0.000225647629122, 0.000228660472203, 0.00016809348017, 0.000181002455065, 0.000109559674456, 5.79937950533e-05, 7.42750708014e-05, 5.21100409969e-05, 4.81175411551e-05, 8.11636346043e-05, 3.47399545717e-05, 3.21367297147e-05, 1.99012301891e-05, 3.08417038468e-05, 1.14819840746e-05, 1.01590130726e-05, 1.55017041834e-05, 1.17464160212e-05, 8.57768554852e-06, 1.14782769742e-05, 6.82138261254e-06, 4.21589220423e-06, 3.9256792661e-06, 2.93274274554e-06, 2.21476034312e-06, 1.9648525722e-06, 2.08026153814e-06, 1.70742100636e-06, 1.30122521114e-06, 1.27937357774e-06, 2.17687352233e-06, 1.31901799705e-06, 1.12665998131e-06, 1.03265790585e-06], "mean": [0.000776144617703, 0.00110996305011, 0.000758244364988, 0.000526967109181, 0.000361566024367, 0.000431104621384, 0.000225172538194, 0.00033871002961, 0.000220696703764, 0.000240105044213, 0.000170889295987, 7.90365593275e-05, 0.000112679008453, 7.93315994088e-05, 6.74519542372e-05, 0.000121147510072, 4.88445875817e-05, 3.88330881833e-05, 2.24690047617e-05, 3.62594764738e-05, 1.5299901861e-05, 1.18294492495e-05, 1.75362583832e-05, 1.38127225e-05, 9.7786059996e-06, 1.2365544535e-05, 8.24272137834e-06, 5.02809643876e-06, 4.47581214758e-06, 3.41748250321e-06, 2.6284917567e-06, 2.28503677135e-06, 2.3190614229e-06, 1.95937332137e-06, 1.5196944787e-06, 1.52812879151e-06, 1.94789868146e-06, 1.290337309e-06, 1.17413947009e-06, 9.75648617896e-07], "dvar2": [3.75156287191e-06, 5.02266630065e-06, 2.03194508686e-06, 6.87737724547e-07, 3.77154151465e-07, 3.1574603554e-07, 3.43401495684e-07, 3.92052925235e-07, 2.87036385771e-07, 3.98549673264e-07, 1.05910714865e-07, 4.96158918395e-08, 3.5833270573e-08, 2.30019256975e-08, 3.09616545735e-08, 6.53905232184e-08, 9.53775192158e-09, 7.14219083875e-09, 3.44309203371e-09, 7.5841235514e-09, 7.90305487719e-10, 5.24929322232e-10, 2.30145280611e-09, 1.57742308105e-09, 3.86419007903e-10, 8.72497074589e-10, 3.28573973585e-10, 1.1172248543e-10, 1.18293583262e-10, 9.23259454999e-11, 6.06381403423e-11, 6.92422161275e-11, 5.39759001383e-11, 4.17622950111e-11, 2.44785736819e-11, 2.85033229658e-11, 7.08541281202e-11, 1.98882490338e-11, 1.53263703812e-11, 1.22665766433e-11], "min": [1.46560929302e-24, 9.62587009212e-25, 1.4497476668e-24, 9.38331804352e-25, 1.03466996329e-24, 1.67328678708e-24, 1.19650980698e-24, 1.05563305438e-24, 2.03713191911e-24, 1.41434871697e-24, 2.85751649496e-24, 1.9743987417e-24, 2.63481139787e-24, 2.30815849373e-24, 1.66058928195e-24, 2.45090602997e-24, 1.94801982467e-24, 2.50601644446e-24, 2.21434301336e-24, 2.1439634072e-24, 2.62782307633e-24, 2.90836055246e-24, 3.27939634885e-24, 4.20683861865e-24, 4.65992482387e-24, 4.01755814976e-24, 4.5879558602e-24, 5.24769680131e-24, 4.01716016944e-24, 4.1977493633e-24, 3.89680287227e-24, 6.20784662476e-24, 5.24755520078e-24, 6.02955498828e-24, 5.85228610996e-24, 4.51106322118e-24, 5.61631769726e-24, 5.41925432668e-24, 5.95002360954e-24, 5.97783963391e-24]}, "spectral_decrease": {"dvar": 5.08549482545e-18, "var": 2.20063758821e-17, "median": -4.03173627816e-09, "max": 1.18473376014e-15, "dmean": 1.46539813617e-09, "dmean2": 2.13837014762e-09, "mean": -5.23281462605e-09, "dvar2": 1.06161468237e-17, "min": -3.33282734744e-08}, "barkbands_kurtosis": {"dvar": 442.409088135, "var": 637.494873047, "median": 2.40255212784, "max": 1138.6427002, "dmean": 3.35802435875, "dmean2": 5.09473419189, "mean": 5.76626968384, "dvar2": 932.877197266, "min": -1.93768572807}, "silence_rate_30dB": {"dvar": 0.000289187213639, "var": 0.000144590638229, "median": 1, "max": 1, "dmean": 0.000289268151391, "dmean2": 0.000578620005399, "mean": 0.999855399132, "dvar2": 0.000867606082465, "min": 0}, "gfcc": {"mean": [-61.1716880798, 95.939201355, -102.795089722, 12.0665950775, -52.1813774109, 6.67166948318, -37.9557762146, 10.1099967957, -30.1962871552, 3.63905668259, -11.7516908646, -0.916065990925, -15.5162143707], "cov": [[41773.0664062, 441.819854736, -3032.38061523, 1855.76184082, -2339.42944336, 750.610351562, -1275.69311523, 626.655273438, -926.36315918, 206.035018921, -649.864379883, -127.841056824, -679.781005859], [441.819854736, 2148.97241211, -628.841674805, -622.044555664, 275.535736084, -162.941116333, 10.3640155792, -70.0490646362, 28.6244850159, -85.1012191772, 111.596176147, -54.7606277466, 59.6916770935], [-3032.38061523, -628.841674805, 1494.91796875, 282.864013672, 38.185760498, 63.1246910095, 103.922340393, 21.6447353363, 8.75516414642, 46.8185577393, 32.4714317322, 136.83694458, 2.60255384445], [1855.76184082, -622.044555664, 282.864013672, 836.43572998, -233.3203125, 118.136940002, -28.2110614777, 79.3846282959, -27.3439693451, 53.4610748291, -33.2321434021, 5.8190279007, -18.5895233154], [-2339.42944336, 275.535736084, 38.185760498, -233.3203125, 509.476959229, -24.5017719269, 106.515388489, -25.203496933, 138.312911987, 28.3589019775, 30.8561553955, 26.3688411713, 42.8519248962], [750.610351562, -162.941116333, 63.1246910095, 118.136940002, -24.5017719269, 264.121948242, 45.9539337158, 45.7775726318, -18.6143054962, 25.3656864166, 13.7900304794, 4.94231796265, 2.23170542717], [-1275.69311523, 10.3640155792, 103.922340393, -28.2110614777, 106.515388489, 45.9539337158, 250.324035645, 31.8636951447, 56.1570625305, -2.91072916985, 35.8891563416, 18.398349762, 15.8502855301], [626.655273438, -70.0490646362, 21.6447353363, 79.3846282959, -25.203496933, 45.7775726318, 31.8636951447, 139.244033813, 24.2669734955, 10.8309717178, 1.54392290115, 3.44142913818, -8.65396308899], [-926.36315918, 28.6244850159, 8.75516414642, -27.3439693451, 138.312911987, -18.6143054962, 56.1570625305, 24.2669734955, 156.425567627, 39.6699981689, 9.2526845932, 4.68741893768, 20.2453613281], [206.035018921, -85.1012191772, 46.8185577393, 53.4610748291, 28.3589019775, 25.3656864166, -2.91072916985, 10.8309717178, 39.6699981689, 109.744911194, 17.1907806396, 13.0974397659, -6.21175956726], [-649.864379883, 111.596176147, 32.4714317322, -33.2321434021, 30.8561553955, 13.7900304794, 35.8891563416, 1.54392290115, 9.2526845932, 17.1907806396, 122.970314026, 22.5105361938, 24.0833969116], [-127.841056824, -54.7606277466, 136.83694458, 5.8190279007, 26.3688411713, 4.94231796265, 18.398349762, 3.44142913818, 4.68741893768, 13.0974397659, 22.5105361938, 105.745101929, 14.7049827576], [-679.781005859, 59.6916770935, 2.60255384445, -18.5895233154, 42.8519248962, 2.23170542717, 15.8502855301, -8.65396308899, 20.2453613281, -6.21175956726, 24.0833969116, 14.7049827576, 95.9800109863]], "icov": [[0.000111461551569, -0.000160560652148, 0.000230159697821, -0.000205869408092, 0.00027096705162, -0.000290720403427, 0.000292086275294, -0.000416415248765, 0.00035103247501, -0.000411479530158, 0.000525514711626, -0.000469722639536, 0.000482599483803], [-0.000160560652148, 0.000964404607657, -0.000107235828182, 0.000606397399679, -0.000681243720464, 0.000656921707559, -0.00035914912587, 0.000550676719286, -0.000365877087461, 0.000960106728598, -0.00144309271127, 0.000918265373912, -0.000858030922245], [0.000230159697821, -0.000107235828182, 0.00139284343459, -0.000656387943309, 0.000335312332027, -0.000522638903931, 0.000308106624288, -0.000757551111747, 0.000916729914024, -0.00084657111438, 0.00084312033141, -0.00190083147027, 0.00110667676199], [-0.000205869408092, 0.000606397399679, -0.000656387943309, 0.00223053037189, 0.000197089029825, 0.000129289808683, -0.000396266084863, 0.000182740041055, -0.000821481575258, 0.000150365958689, -0.000746317207813, 0.00114302942529, -0.00119932449888], [0.00027096705162, -0.000681243720464, 0.000335312332027, 0.000197089029825, 0.00405600201339, -0.000977541669272, -2.84170746454e-05, -0.000193709041923, -0.00167075544596, -0.00150017545093, 0.00161559006665, -0.00160111882724, 0.000666221778374], [-0.000290720403427, 0.000656921707559, -0.000522638903931, 0.000129289808683, -0.000977541669272, 0.00546215567738, -0.00174194318242, -0.000170998828253, 0.00068666547304, -7.91323182057e-05, -0.00179345917422, 0.00156458606943, -0.00178634282202], [0.000292086275294, -0.00035914912587, 0.000308106624288, -0.000396266084863, -2.84170746454e-05, -0.00174194318242, 0.00604008184746, -0.00194005575031, -0.000602356216405, 0.000441421143478, 9.75537623162e-05, -0.00135615642648, 0.00142668711487], [-0.000416415248765, 0.000550676719286, -0.000757551111747, 0.000182740041055, -0.000193709041923, -0.000170998828253, -0.00194005575031, 0.0102273710072, -0.00353147205897, 0.0018742766697, -0.00203299964778, 0.00127042864915, -0.000721137854271], [0.00035103247501, -0.000365877087461, 0.000916729914024, -0.000821481575258, -0.00167075544596, 0.00068666547304, -0.000602356216405, -0.00353147205897, 0.0118232183158, -0.00488724047318, 0.00224630953744, -0.000666737090796, -0.000230891062529], [-0.000411479530158, 0.000960106728598, -0.00084657111438, 0.000150365958689, -0.00150017545093, -7.91323182057e-05, 0.000441421143478, 0.0018742766697, -0.00488724047318, 0.0134994629771, -0.00423722248524, 0.000751152343582, 0.000161052434123], [0.000525514711626, -0.00144309271127, 0.00084312033141, -0.000746317207813, 0.00161559006665, -0.00179345917422, 9.75537623162e-05, -0.00203299964778, 0.00224630953744, -0.00423722248524, 0.0126499645412, -0.0037303394638, 0.000222355272854], [-0.000469722639536, 0.000918265373912, -0.00190083147027, 0.00114302942529, -0.00160111882724, 0.00156458606943, -0.00135615642648, 0.00127042864915, -0.000666737090796, 0.000751152343582, -0.0037303394638, 0.0135064925998, -0.00355205312371], [0.000482599483803, -0.000858030922245, 0.00110667676199, -0.00119932449888, 0.000666221778374, -0.00178634282202, 0.00142668711487, -0.000721137854271, -0.000230891062529, 0.000161052434123, 0.000222355272854, -0.00355205312371, 0.0140991909429]]}, "silence_rate_20dB": {"dvar": 0, "var": 0, "median": 1, "max": 1, "dmean": 0, "dmean2": 0, "mean": 1, "dvar2": 0, "min": 1}, "barkbands_skewness": {"dvar": 0.553345024586, "var": 2.63521838188, "median": 1.23345410824, "max": 10.4106111526, "dmean": 0.492358744144, "dmean2": 0.720835149288, "mean": 1.28970634937, "dvar2": 1.02229738235, "min": -30.3614959717}, "erbbands_skewness": {"dvar": 0.186534866691, "var": 0.989240765572, "median": 0.504998207092, "max": 6.60097169876, "dmean": 0.348818510771, "dmean2": 0.505595803261, "mean": 0.424722254276, "dvar2": 0.369926810265, "min": -4.85475444794}, "spectral_contrast_valleys": {"dvar": [0.129411458969, 0.15012152493, 0.134881705046, 0.158523768187, 0.172689765692, 0.176549240947], "var": [10.6692705154, 10.8248004913, 9.96134662628, 9.61000156403, 10.3145799637, 8.69333744049], "median": [-7.41051721573, -7.01097011566, -7.7457780838, -8.38263511658, -8.07981109619, -10.3724212646], "max": [-5.29451274872, -4.62981700897, -5.19661808014, -5.72531509399, -5.53937101364, -7.37113189697], "dmean": [0.3866751194, 0.360223323107, 0.334904760122, 0.349623262882, 0.346057802439, 0.356869548559], "dmean2": [0.625794529915, 0.564759075642, 0.502277374268, 0.509661376476, 0.475154101849, 0.43687620759], "mean": [-8.15207099915, -7.68559932709, -8.34404754639, -8.97580623627, -8.83412075043, -11.04596138], "dvar2": [0.287454873323, 0.300141602755, 0.238122269511, 0.275443762541, 0.298981457949, 0.27174898982], "min": [-28.2044963837, -28.1469421387, -27.7961788177, -27.8194503784, -27.5516700745, -27.4175662994]}, "spectral_strongpeak": {"dvar": 0.825949370861, "var": 2.18164992332, "median": 0.436207413673, "max": 12.2812538147, "dmean": 0.498171746731, "dmean2": 0.823193371296, "mean": 1.0330747366, "dvar2": 1.99736094475, "min": 0}, "erbbands_crest": {"dvar": 5.16530942917, "var": 26.0172863007, "median": 8.77534294128, "max": 33.9960746765, "dmean": 2.21635389328, "dmean2": 3.38169670105, "mean": 10.0936260223, "dvar2": 11.913526535, "min": 2.64240789413}, "barkbands_crest": {"dvar": 4.65071678162, "var": 18.3591804504, "median": 8.63213539124, "max": 26.3031158447, "dmean": 2.09552311897, "dmean2": 3.31912875175, "mean": 9.68988609314, "dvar2": 11.2087306976, "min": 2.72059392929}, "spectral_energyband_middle_low": {"dvar": 3.38478566846e-05, "var": 0.000111927125545, "median": 0.00794567074627, "max": 0.091232933104, "dmean": 0.00344697618857, "dmean2": 0.00531328935176, "mean": 0.0106752729043, "dvar2": 8.00975467428e-05, "min": 1.36410004436e-22}, "spectral_contrast_coeffs": {"dvar": [0.00153767841402, 0.00141124695074, 0.00114701443817, 0.000865475099999, 0.000525359006133, 0.000443554803496], "var": [0.00964497029781, 0.00774038117379, 0.00801354646683, 0.00751785747707, 0.00396036589518, 0.00275313551538], "median": [-0.640982568264, -0.684378683567, -0.721954405308, -0.740890681744, -0.769403457642, -0.803406357765], "max": [-0.21717646718, -0.349443972111, -0.435392826796, -0.472822457552, -0.575348138809, -0.609534084797], "dmean": [0.0450452789664, 0.0410797446966, 0.0357304699719, 0.0318360179663, 0.0249344743788, 0.0197953134775], "dmean2": [0.0742693468928, 0.0649381950498, 0.0547367818654, 0.0486872792244, 0.0382214970887, 0.0305241532624], "mean": [-0.641152381897, -0.685094118118, -0.720458805561, -0.736247003078, -0.768896281719, -0.804737210274], "dvar2": [0.00414353283122, 0.00338026578538, 0.00238738814369, 0.00183855963405, 0.00111539242789, 0.00099881447386], "min": [-0.980929911137, -0.978221535683, -0.981227099895, -0.971729099751, -0.970048844814, -0.965086460114]}, "hfc": {"dvar": 152.701675415, "var": 515.84979248, "median": 10.3302526474, "max": 164.598693848, "dmean": 6.3898768425, "dmean2": 8.69087123871, "mean": 19.3497333527, "dvar2": 316.833862305, "min": 1.08500963311e-16}, "spectral_energyband_high": {"dvar": 1.18532580018e-06, "var": 3.27377006215e-06, "median": 0.000173243955942, "max": 0.019076930359, "dmean": 0.000423436402343, "dmean2": 0.000582135631703, "mean": 0.000785225711297, "dvar2": 2.41058887696e-06, "min": 7.07214462912e-21}, "erbbands_spread": {"dvar": 116.133895874, "var": 391.900085449, "median": 27.8122119904, "max": 209.020721436, "dmean": 7.32855176926, "dmean2": 10.8350276947, "mean": 32.1083030701, "dvar2": 249.004226685, "min": 0.862538456917}, "dissonance": {"dvar": 0.000642491562758, "var": 0.00199408875778, "median": 0.453815877438, "max": 0.5, "dmean": 0.0232498664409, "dmean2": 0.0385891459882, "mean": 0.442690253258, "dvar2": 0.001700890949, "min": 0.189591541886}, "spectral_kurtosis": {"dvar": 22.2884864807, "var": 118.775604248, "median": 5.34628295898, "max": 89.9378967285, "dmean": 2.81304359436, "dmean2": 4.46153116226, "mean": 8.98040866852, "dvar2": 58.5926895142, "min": -1.33352637291}, "spectral_skewness": {"dvar": 0.161830291152, "var": 1.0949729681, "median": 1.85857689381, "max": 7.71979665756, "dmean": 0.314036041498, "dmean2": 0.478759735823, "mean": 2.09035611153, "dvar2": 0.384364247322, "min": -0.0905105471611}, "pitch_salience": {"dvar": 0.00352374115027, "var": 0.0137414969504, "median": 0.563402533531, "max": 0.904407739639, "dmean": 0.0597481802106, "dmean2": 0.094885982573, "mean": 0.560821712017, "dvar2": 0.00863993819803, "min": 0.0791014581919}, "spectral_complexity": {"dvar": 12.1160116196, "var": 88.1224899292, "median": 13, "max": 49, "dmean": 2.64622497559, "dmean2": 3.87386083603, "mean": 14.7438898087, "dvar2": 22.3772125244, "min": 0}, "spectral_spread": {"dvar": 989006200832, "var": 34529207124000.0, "median": 4343027.5, "max": 42868732, "dmean": 691606.875, "dmean2": 951490.625, "mean": 5410095, "dvar2": 1807796011010.0, "min": 990827.75}, "dynamic_complexity": 4.43033456802, "melbands_crest": {"dvar": 6.59210920334, "var": 26.6013336182, "median": 12.2062606812, "max": 35.8533744812, "dmean": 2.5654540062, "dmean2": 4.08061981201, "mean": 12.8557701111, "dvar2": 16.4615077972, "min": 1.55674028397}, "zerocrossingrate": {"dvar": 0.00036874457146, "var": 0.007294411771, "median": 0.05029296875, "max": 0.7841796875, "dmean": 0.0121567482129, "dmean2": 0.0133076943457, "mean": 0.0712085664272, "dvar2": 0.000352005037712, "min": 0.0048828125}, "spectral_energyband_low": {"dvar": 4.02920086344e-05, "var": 7.68512909417e-05, "median": 0.00238018785603, "max": 0.110661312938, "dmean": 0.00290255132131, "dmean2": 0.00449794344604, "mean": 0.00558762811124, "dvar2": 9.04256812646e-05, "min": 1.53134010243e-23}, "melbands_kurtosis": {"dvar": 126.126708984, "var": 272.795379639, "median": 5.34683322906, "max": 325.617248535, "dmean": 5.27723407745, "dmean2": 8.16989040375, "mean": 10.6858654022, "dvar2": 311.864318848, "min": -1.90606749058}, "spectral_energyband_middle_high": {"dvar": 8.26118230179e-06, "var": 5.96306454099e-05, "median": 0.00208661076613, "max": 0.0701942592859, "dmean": 0.00154706195462, "dmean2": 0.00209989049472, "mean": 0.00532434415072, "dvar2": 1.40401116369e-05, "min": 1.18378300119e-21}, "barkbands_spread": {"dvar": 82.1503143311, "var": 272.568664551, "median": 16.1361999512, "max": 140.296524048, "dmean": 5.40261507034, "dmean2": 7.94080162048, "mean": 20.0504245758, "dvar2": 159.115356445, "min": 0.227477997541}, "mfcc": {"mean": [-695.152770996, 133.979324341, 4.60062408447, 12.0412149429, 4.86538171768, -4.26322031021, 5.02988243103, -1.03129732609, -7.23401594162, 0.423724532127, -0.860190808773, -0.26752486825, -1.17050850391], "cov": [[16662.2890625, -631.997253418, -110.709442139, 777.116638184, -111.466201782, -38.4408302307, 96.4183654785, 113.561965942, -5.0668463707, 278.928436279, 142.756546021, -54.7304954529, -220.839706421], [-631.997253418, 2493.18603516, -399.081695557, -322.141235352, 134.459106445, -95.5418014526, 18.9340438843, -3.16251468658, -44.3216667175, -29.2117347717, -33.4558677673, -1.91626381874, 73.7058944702], [-110.709442139, -399.081695557, 946.338562012, 271.602539062, -23.1284923553, 52.1370048523, 94.3016967773, 29.0102100372, -34.3657951355, -63.5528945923, -9.70944023132, 50.8379020691, 20.9108486176], [777.116638184, -322.141235352, 271.602539062, 519.012756348, 43.5369949341, 30.4543113708, 13.2087249756, 11.6334724426, 27.7351856232, 11.4504184723, 21.4753322601, 27.9225711823, -16.1844997406], [-111.466201782, 134.459106445, -23.1284923553, 43.5369949341, 242.943786621, 44.1310386658, -7.03760957718, -10.6125764847, 31.208732605, 28.0235748291, 9.55340766907, 7.20219898224, 14.9885196686], [-38.4408302307, -95.5418014526, 52.1370048523, 30.4543113708, 44.1310386658, 195.419143677, 45.0064697266, 15.8524427414, 33.2380027771, 9.46319961548, 35.6329879761, 13.2050027847, 5.30892467499], [96.4183654785, 18.9340438843, 94.3016967773, 13.2087249756, -7.03760957718, 45.0064697266, 180.384307861, 64.128364563, -10.9229431152, 13.1681041718, 9.13214683533, 32.7676277161, 11.3458881378], [113.561965942, -3.16251468658, 29.0102100372, 11.6334724426, -10.6125764847, 15.8524427414, 64.128364563, 144.714202881, 35.5013961792, 2.20476937294, 26.9608840942, 23.1279582977, 12.4829683304], [-5.0668463707, -44.3216667175, -34.3657951355, 27.7351856232, 31.208732605, 33.2380027771, -10.9229431152, 35.5013961792, 127.900901794, 41.1902885437, 16.069726944, -0.368163645267, 1.38895440102], [278.928436279, -29.2117347717, -63.5528945923, 11.4504184723, 28.0235748291, 9.46319961548, 13.1681041718, 2.20476937294, 41.1902885437, 134.883468628, 31.0436763763, -9.79552459717, 4.06414890289], [142.756546021, -33.4558677673, -9.70944023132, 21.4753322601, 9.55340766907, 35.6329879761, 9.13214683533, 26.9608840942, 16.069726944, 31.0436763763, 122.72505188, 36.0352478027, -5.10614395142], [-54.7304954529, -1.91626381874, 50.8379020691, 27.9225711823, 7.20219898224, 13.2050027847, 32.7676277161, 23.1279582977, -0.368163645267, -9.79552459717, 36.0352478027, 103.940689087, 31.2503757477], [-220.839706421, 73.7058944702, 20.9108486176, -16.1844997406, 14.9885196686, 5.30892467499, 11.3458881378, 12.4829683304, 1.38895440102, 4.06414890289, -5.10614395142, 31.2503757477, 96.4473419189]], "icov": [[7.1940390626e-05, 1.53270343617e-06, 3.91608191421e-05, -0.000128043378936, 4.98099398101e-05, 1.35783939186e-05, -1.87565146916e-05, -7.59648100939e-05, 9.64934879448e-05, -0.000153755405336, -2.29250144912e-05, 2.45943647315e-05, 0.000133033754537], [1.53270343617e-06, 0.000505855947267, 0.000174028216861, 0.000217576991417, -0.000382465572329, 0.000294654717436, -0.000254278449574, 7.67900655774e-06, 9.66001825873e-05, 0.000249235716183, -3.97290095862e-05, 7.7277472883e-05, -0.000351189053617], [3.91608191421e-05, 0.000174028216861, 0.00151260115672, -0.000769457081333, 0.000112742272904, -0.000153341141413, -0.000713500194252, 2.62098046733e-06, 0.000361648504622, 0.000646075932309, 0.00015960172459, -0.000145335216075, -0.000402771227527], [-0.000128043378936, 0.000217576991417, -0.000769457081333, 0.00278172292747, -0.000684177444782, 9.53949929681e-05, 0.00020940277318, 0.000100070908957, -0.000594545679633, -3.22164160025e-05, -7.11290122126e-05, -0.000599525577854, 0.000438055372797], [4.98099398101e-05, -0.000382465572329, 0.000112742272904, -0.000684177444782, 0.0049567995593, -0.00119537638966, 0.000404987193178, 0.000535266648512, -0.000690586864948, -0.00091095326934, 0.000179396112799, -0.000323240092257, -0.000391792767914], [1.35783939186e-05, 0.000294654717436, -0.000153341141413, 9.53949929681e-05, -0.00119537638966, 0.00660800142214, -0.00219175615348, 0.000948154600337, -0.00190977868624, 0.00108239811379, -0.00211311760359, 0.000785091833677, -0.000572045624722], [-1.8756514