{"tonal": {"hpcp": {"dvar": [0.0242468826473, 0.0166410822421, 0.00834321323782, 0.00873880181462, 0.0113726295531, 0.014503872022, 0.0219177678227, 0.0322486311197, 0.043828163296, 0.0513707511127, 0.054821908474, 0.0461011976004, 0.0370383188128, 0.0310419928282, 0.0350242815912, 0.0389640368521, 0.0402090474963, 0.0321612730622, 0.030118951574, 0.0260813310742, 0.0328149683774, 0.0395974181592, 0.0354331992567, 0.0548318587244, 0.0557431876659, 0.0277763493359, 0.015227066353, 0.0147324511781, 0.0193097498268, 0.0248892325908, 0.0380068644881, 0.0393502488732, 0.0295099150389, 0.0279368255287, 0.0172839798033, 0.0189446937293], "var": [0.0535812005401, 0.0300055164844, 0.00570662831888, 0.0053984625265, 0.00741370301694, 0.0102303763852, 0.0201787594706, 0.0309174414724, 0.0763076990843, 0.158547416329, 0.0840212851763, 0.0367768183351, 0.025524802506, 0.0219252109528, 0.0341702103615, 0.107779435813, 0.0920045152307, 0.0294817928225, 0.0210551526397, 0.0188607275486, 0.038627166301, 0.080277249217, 0.05090405792, 0.0916084349155, 0.164432436228, 0.0493372939527, 0.0106162372977, 0.0108668794855, 0.0137329837307, 0.0289110429585, 0.0826638415456, 0.0526417568326, 0.0209286343306, 0.0194829944521, 0.0115356212482, 0.018624484539], "median": [0.0217889398336, 0.018307633698, 0.00696190539747, 0.00346371624619, 0.00234504789114, 0.00492230989039, 0.00851996615529, 0.0123015902936, 0.0874448120594, 0.207925990224, 0.157032549381, 0.016885669902, 0.00535846548155, 0.00503144599497, 0.0170715525746, 0.0289839822799, 0.0252203457057, 0.00919525697827, 0.00330251222476, 0.00314340554178, 0.0165518224239, 0.0415693372488, 0.0585989952087, 0.071792408824, 0.057931996882, 0.0266385804862, 0.00476648285985, 0.00330093177035, 0.00369003158994, 0.0241295602173, 0.051742143929, 0.0384695492685, 0.0083267185837, 0.00301327230409, 0.00289236824028, 0.0118539147079], "max": [1, 1, 1, 1, 1, 1, 1, 1, 1, 1, 1, 1, 1, 1, 1, 1, 1, 1, 1, 1, 1, 1, 1, 1, 1, 1, 1, 1, 1, 1, 1, 1, 1, 1, 1, 1], "dmean": [0.0733730494976, 0.0601732172072, 0.0324106514454, 0.0271670427173, 0.0324804894626, 0.041645295918, 0.0592123754323, 0.0907147228718, 0.142221301794, 0.154179409146, 0.172641590238, 0.118375584483, 0.0845534279943, 0.0750852674246, 0.0950024425983, 0.105084463954, 0.107552580535, 0.0858591943979, 0.0673600882292, 0.0657564401627, 0.091382227838, 0.111154362559, 0.121852070093, 0.160578742623, 0.136391863227, 0.0927408859134, 0.0467433072627, 0.0404507853091, 0.0528673045337, 0.0830976590514, 0.108985185623, 0.107612662017, 0.0718408077955, 0.0572382770479, 0.0456122048199, 0.0589784123003], "dmean2": [0.122228294611, 0.100334368646, 0.0586162917316, 0.0498827509582, 0.0602213516831, 0.0752238631248, 0.105229601264, 0.16108122468, 0.248813346028, 0.262806534767, 0.298882871866, 0.215427458286, 0.157728776336, 0.139148056507, 0.170687243342, 0.182674005628, 0.189695581794, 0.153578937054, 0.123823165894, 0.121559232473, 0.162693321705, 0.190951317549, 0.210092186928, 0.288789361715, 0.246698096395, 0.163529127836, 0.0860317051411, 0.0746273100376, 0.0983833968639, 0.146710842848, 0.186241969466, 0.188828721642, 0.132567733526, 0.105580762029, 0.0838118419051, 0.105545781553], "mean": [0.126600518823, 0.0921172127128, 0.0285286102444, 0.02100584656, 0.0230206120759, 0.0331835560501, 0.054504673928, 0.0806853994727, 0.229024991393, 0.398462384939, 0.276540279388, 0.0928608030081, 0.0576761290431, 0.0525703020394, 0.0991571322083, 0.204684540629, 0.183716475964, 0.0776880607009, 0.0478155128658, 0.0465475171804, 0.100994341075, 0.177408501506, 0.159734234214, 0.243554353714, 0.31685167551, 0.153130412102, 0.0357083976269, 0.0308153703809, 0.038279119879, 0.0991947501898, 0.191333979368, 0.146011188626, 0.0557569637895, 0.0413893535733, 0.0325969345868, 0.066531419754], "dvar2": [0.0594064705074, 0.0404369011521, 0.0239591747522, 0.0253028832376, 0.0324005931616, 0.0405967719853, 0.0599319040775, 0.0882198736072, 0.118458010256, 0.131550654769, 0.145923823118, 0.129569500685, 0.105502665043, 0.0877251699567, 0.0979117304087, 0.101136140525, 0.107651084661, 0.0872907340527, 0.0856620147824, 0.0729350522161, 0.089458823204, 0.10036431253, 0.0956333652139, 0.162045150995, 0.155484735966, 0.0784676074982, 0.0435587465763, 0.0412267521024, 0.0548975393176, 0.0686321333051, 0.095043875277, 0.107896074653, 0.0833077281713, 0.0774906948209, 0.0483743771911, 0.0548232123256], "min": [0, 0, 0, 0, 0, 0, 0, 0, 0, 0, 0, 0, 0, 0, 0, 0, 0, 0, 0, 0, 0, 0, 0, 0, 0, 0, 0, 0, 0, 0, 0, 0, 0, 0, 0, 0]}, "key_key": "F", "thpcp": [1, 0.694018542767, 0.233047857881, 0.144746735692, 0.131932914257, 0.24884942174, 0.513686001301, 0.461063534021, 0.194969624281, 0.120000064373, 0.116817846894, 0.253460168839, 0.445232748985, 0.400876581669, 0.611235499382, 0.795185923576, 0.384303301573, 0.0896154791117, 0.0773357078433, 0.0960670858622, 0.248943820596, 0.480180770159, 0.366436570883, 0.139930307865, 0.103872671723, 0.0818068012595, 0.166970387101, 0.317722648382, 0.231181696057, 0.0715967491269, 0.0527172647417, 0.0577736124396, 0.0832790210843, 0.136787503958, 0.202491879463, 0.574771940708], "chords_key": "C", "tuning_equal_tempered_deviation": 0.0839530229568, "tuning_frequency": 438.224517822, "tuning_diatonic_strength": 0.666209638119, "chords_histogram": [25.7751941681, 7.09302330017, 35.0775184631, 0.0775193795562, 5.23255825043, 1.33720934391, 0.0968992263079, 0, 0, 0, 1.20155036449, 0, 0, 0, 0, 0, 0, 6.64728689194, 0.368217051029, 1.10465121269, 0, 0.019379844889, 0, 15.9689922333], "key_strength": 0.865712344646, "key_scale": "major", "chords_strength": {"dvar": 3.86205174436e-05, "var": 0.011530244723, "median": 0.550796031952, "max": 0.78898447752, "dmean": 0.00729741249233, "dmean2": 0.00660715484992, "mean": 0.54603946209, "dvar2": 3.68713299395e-05, "min": 0.239333108068}, "chords_number_rate": 0.00174418604001, "tuning_nontempered_energy_ratio": 0.726856648922, "hpcp_entropy": {"dvar": 0.242642685771, "var": 0.575298905373, "median": 1.83438956738, "max": 4.16982841492, "dmean": 0.542917251587, "dmean2": 0.914625585079, "mean": 1.77308154106, "dvar2": 0.648215055466, "min": 0}, "chords_changes_rate": 0.0441860482097, "chords_scale": "major"}, "rhythm": {"bpm_histogram_first_peak_spread": {"dvar": 0, "var": 0, "median": 0.299412876368, "max": 0.299412876368, "dmean": 0, "dmean2": 0, "mean": 0.299412876368, "dvar2": 0, "min": 0.299412876368}, "bpm_histogram_first_peak_weight": {"dvar": 0, "var": 0, "median": 0.648550748825, "max": 0.648550748825, "dmean": 0, "dmean2": 0, "mean": 0.648550748825, "dvar2": 0, "min": 0.648550748825}, "bpm_histogram_first_peak_bpm": {"dvar": 0, "var": 0, "median": 140, "max": 140, "dmean": 0, "dmean2": 0, "mean": 140, "dvar2": 0, "min": 140}, "bpm": 139.639022827, "bpm_histogram_second_peak_weight": {"dvar": 0, "var": 0, "median": 0.0253623183817, "max": 0.0253623183817, "dmean": 0, "dmean2": 0, "mean": 0.0253623183817, "dvar2": 0, "min": 0.0253623183817}, "beats_loudness": {"dvar": 0.00457621831447, "var": 0.00347199733369, "median": 0.0437954030931, "max": 0.309873968363, "dmean": 0.0536769628525, "dmean2": 0.101854465902, "mean": 0.0598398447037, "dvar2": 0.0122173968703, "min": 2.14257389608e-09}, "beats_loudness_band_ratio": {"dvar": [0.0390741378069, 0.0206977818161, 0.0148157486692, 0.022596238181, 0.00240423483774, 0.00789960753173], "var": [0.0735026821494, 0.0364109799266, 0.0195841547102, 0.0187865067273, 0.00240900623612, 0.00564100686461], "median": [0.503821134567, 0.199790790677, 0.0884001478553, 0.0380036495626, 0.015531164594, 0.00695554446429], "max": [0.997902095318, 0.935662865639, 0.811002850533, 0.77056646347, 0.362001210451, 0.639734268188], "dmean": [0.237313121557, 0.174405187368, 0.117783077061, 0.1103252545, 0.0335778705776, 0.0488217361271], "dmean2": [0.393734037876, 0.298313617706, 0.207169741392, 0.203477397561, 0.0588773824275, 0.0897999703884], "mean": [0.525655925274, 0.234823077917, 0.134702324867, 0.0907185077667, 0.0334936827421, 0.0357918739319], "dvar2": [0.10292378068, 0.0558220744133, 0.0422502681613, 0.0582534521818, 0.00652540707961, 0.0234671160579], "min": [0.00239341286942, 0.00172009912785, 0.000355033989763, 7.05604688847e-05, 6.25545999355e-06, 7.99322492639e-07]}, "bpm_histogram_second_peak_bpm": {"dvar": 0, "var": 0, "median": 133, "max": 133, "dmean": 0, "dmean2": 0, "mean": 133, "dvar2": 0, "min": 133}, "onset_rate": 3.41425871849, "beats_count": 553, "beats_position": [0.417959183455, 0.870748281479, 1.31192743778, 1.75310659409, 2.19428563118, 2.63546490669, 3.07664394379, 3.52943301201, 3.97061228752, 4.41179132462, 4.85297060013, 5.2941493988, 5.73532867432, 6.17650794983, 6.6176867485, 7.05886602402, 7.51165533066, 7.95283412933, 8.40562343597, 8.85841274261, 9.31120204926, 9.75238037109, 10.1935596466, 10.6115188599, 11.0062580109, 11.412607193, 11.8189563751, 12.2601356506, 12.7013149261, 13.1424942017, 13.5836734772, 14.0248527527, 14.4544210434, 14.8839902878, 15.3251695633, 15.7431287766, 16.1726989746, 16.602268219, 17.0434455872, 17.4730148315, 17.9141941071, 18.3553733826, 18.7965526581, 19.2377319336, 19.667301178, 20.0968704224, 20.5148296356, 20.9211788177, 21.339138031, 21.7570972443, 22.1750564575, 22.6046257019, 23.0341949463, 23.4637641907, 23.9049434662, 24.3345127106, 24.7873020172, 25.2400894165, 25.681268692, 26.1224479675, 26.5520172119, 26.9815864563, 27.4111557007, 27.8407249451, 28.2819042206, 28.711473465, 29.1526527405, 29.6054420471, 30.0117912292, 30.4065303802, 30.8012695313, 31.1843986511, 31.6255779266, 32.0667572021, 32.4963264465, 32.9258956909, 33.3438529968, 33.7734222412, 34.2029914856, 34.6209526062, 35.0389099121, 35.4684791565, 35.8980484009, 36.3160095215, 36.7455787659, 37.1751480103, 37.6047172546, 38.034286499, 38.4638557434, 38.8934249878, 39.3229942322, 39.7525634766, 40.1937408447, 40.6233100891, 41.0528793335, 41.4708366394, 41.9120178223, 42.3415870667, 42.771156311, 43.1891136169, 43.6302947998, 44.0482521057, 44.4662132263, 44.8957824707, 45.3137397766, 45.7317008972, 46.1612701416, 46.6024475098, 47.0436286926, 47.473197937, 47.9027671814, 48.3323364258, 48.7619056702, 49.1914749146, 49.6094322205, 50.0390014648, 50.4685707092, 50.8981399536, 51.327709198, 51.7572784424, 52.1868476868, 52.6164169312, 53.0459861755, 53.4755554199, 53.9051246643, 54.3346939087, 54.7642631531, 55.1938323975, 55.6234016418, 56.0529708862, 56.4825401306, 56.9004974365, 57.3184585571, 57.7480278015, 58.1775970459, 58.6071662903, 59.03673172, 59.4663009644, 59.8958702087, 60.3254394531, 60.7550086975, 61.1845779419, 61.6025390625, 62.0437164307, 62.473285675, 62.9028549194, 63.3324241638, 63.7619934082, 64.1799545288, 64.6095199585, 65.0390930176, 65.4802703857, 65.9098434448, 66.3394088745, 66.7573699951, 67.1869354248, 67.6165084839, 68.0460739136, 68.4756469727, 68.9052124023, 69.3347854614, 69.7643508911, 70.1939239502, 70.6234893799, 71.053062439, 71.4826278687, 71.9122009277, 72.3417663574, 72.7713394165, 73.1892929077, 73.6188659668, 74.0484313965, 74.4780044556, 74.9075698853, 75.3371429443, 75.766708374, 76.1962814331, 76.6258468628, 77.0554199219, 77.4849853516, 77.9029464722, 78.3209075928, 78.7504730225, 79.1800460815, 79.6096115112, 80.0391845703, 80.46875, 80.8983230591, 81.3278884888, 81.7574615479, 82.1870269775, 82.6166000366, 83.0461654663, 83.4757385254, 83.9053039551, 84.3348770142, 84.7644424438, 85.1940155029, 85.6235809326, 86.0531539917, 86.4711074829, 86.900680542, 87.3302459717, 87.7598190308, 88.1893844604, 88.6305618286, 89.0601348877, 89.4780960083, 89.907661438, 90.3372344971, 90.7667999268, 91.1963729858, 91.6259384155, 92.0555114746, 92.4850769043, 92.9146499634, 93.3442153931, 93.7853927612, 94.2265777588, 94.667755127, 95.1437606812, 95.6197738647, 96.0957794189, 96.5485687256, 96.9897460938, 97.4309310913, 97.8837203979, 98.3597259521, 98.8357315063, 99.3117446899, 99.7529220581, 100.194099426, 100.635284424, 101.053237915, 101.471199036, 101.900772095, 102.330337524, 102.748298645, 103.177864075, 103.607437134, 104.037002563, 104.466575623, 104.907752991, 105.33732605, 105.766891479, 106.196456909, 106.626029968, 107.043991089, 107.46194458, 107.891517639, 108.321083069, 108.762268066, 109.191833496, 109.621406555, 110.039360046, 110.468933105, 110.898498535, 111.328071594, 111.757637024, 112.187210083, 112.616775513, 113.046348572, 113.475914001, 113.893875122, 114.323448181, 114.753013611, 115.18258667, 115.6121521, 116.041717529, 116.471290588, 116.912467957, 117.353645325, 117.783218384, 118.189567566, 118.607528687, 119.037094116, 119.466667175, 119.896232605, 120.325805664, 120.755371094, 121.196548462, 121.614509583, 122.044082642, 122.473648071, 122.90322113, 123.33278656, 123.762359619, 124.191925049, 124.621498108, 125.051063538, 125.480628967, 125.910202026, 126.339767456, 126.769340515, 127.198905945, 127.628479004, 128.046432495, 128.476013184, 128.905578613, 129.335144043, 129.764709473, 130.194290161, 130.623855591, 131.053421021, 131.471374512, 131.9009552, 132.33052063, 132.76008606, 133.189651489, 133.619232178, 134.048797607, 134.478363037, 134.907928467, 135.337509155, 135.767074585, 136.185028076, 136.614593506, 137.044174194, 137.473739624, 137.903305054, 138.332870483, 138.762451172, 139.192016602, 139.621582031, 140.039550781, 140.480728149, 140.910293579, 141.339859009, 141.769424438, 142.199005127, 142.616958618, 143.046524048, 143.476104736, 143.917282104, 144.335235596, 144.764801025, 145.194366455, 145.623947144, 146.053512573, 146.483078003, 146.912643433, 147.342224121, 147.771789551, 148.189743042, 148.61932373, 149.04888916, 149.490066528, 149.919631958, 150.349197388, 150.778778076, 151.208343506, 151.637908936, 152.067474365, 152.485443115, 152.903396606, 153.321365356, 153.750930786, 154.168884277, 154.598449707, 155.028030396, 155.457595825, 155.887161255, 156.316726685, 156.746307373, 157.175872803, 157.605438232, 158.035003662, 158.464584351, 158.882537842, 159.312103271, 159.75328064, 160.194458008, 160.635650635, 161.076828003, 161.518005371, 162.052062988, 162.586120605, 163.120178223, 163.65423584, 164.176681519, 164.699142456, 165.198364258, 165.709197998, 166.208435059, 166.62638855, 167.067565918, 167.497146606, 167.926712036, 168.344665527, 168.774230957, 169.203811646, 169.621765137, 170.039718628, 170.469299316, 170.910476685, 171.340042114, 171.769607544, 172.199172974, 172.617141724, 173.035095215, 173.464660645, 173.882629395, 174.312194824, 174.741760254, 175.171340942, 175.600906372, 176.030471802, 176.460037231, 176.88961792, 177.330795288, 177.760360718, 178.189926147, 178.619491577, 179.060684204, 179.490249634, 179.919815063, 180.349380493, 180.778961182, 181.208526611, 181.638092041, 182.056045532, 182.485626221, 182.91519165, 183.34475708, 183.77432251, 184.203903198, 184.633468628, 185.063034058, 185.492599487, 185.922180176, 186.351745605, 186.781311035, 187.210876465, 187.640457153, 188.058410645, 188.487976074, 188.905944824, 189.335510254, 189.765075684, 190.194641113, 190.624221802, 191.042175293, 191.471740723, 191.901306152, 192.330886841, 192.760452271, 193.1900177, 193.61958313, 194.049163818, 194.46711731, 194.908294678, 195.337860107, 195.767440796, 196.197006226, 196.626571655, 197.044525146, 197.474105835, 197.903671265, 198.333236694, 198.762802124, 199.180770874, 199.621948242, 200.051513672, 200.481079102, 200.91065979, 201.34022522, 201.758178711, 202.187744141, 202.617324829, 203.03527832, 203.46484375, 203.894424438, 204.335601807, 204.765167236, 205.194732666, 205.624298096, 206.042266846, 206.471832275, 206.901397705, 207.330978394, 207.760543823, 208.190109253, 208.619674683, 209.049255371, 209.467208862, 209.896774292, 210.326339722, 210.76751709, 211.197097778, 211.626663208, 212.044616699, 212.474197388, 212.903762817, 213.333328247, 213.762893677, 214.192474365, 214.622039795, 215.051605225, 215.481170654, 215.910751343, 216.328704834, 216.758270264, 217.187835693, 217.617416382, 218.046981812, 218.476547241, 218.906112671, 219.335693359, 219.753646851, 220.18321228, 220.61277771, 221.042358398, 221.471923828, 221.901489258, 222.331054688, 222.760635376, 223.190200806, 223.631378174, 224.049331665, 224.478912354, 224.908477783, 225.326431274, 225.756011963, 226.185577393, 226.615142822, 227.044708252, 227.47428894, 227.90385437, 228.3334198, 228.762985229, 229.192550659, 229.622131348, 230.040084839, 230.481262207, 230.922439575, 231.363616943, 231.81640625, 232.257598877, 232.710388184, 233.16317749, 233.650787354, 234.126800537, 234.602813721, 235.043991089, 235.473556519, 235.903121948, 236.332687378, 236.762268066, 237.191833496, 237.633010864, 238.074188232, 238.515365601, 238.956542969], "danceability": 1.0809442997, "bpm_histogram_second_peak_spread": {"dvar": 0, "var": 0, "median": 0, "max": 0, "dmean": 0, "dmean2": 0, "mean": 0, "dvar2": 0, "min": 0}}, "lowlevel": {"spectral_flux": {"dvar": 0.00145298463758, "var": 0.00427843397483, "median": 0.0784338787198, "max": 0.54759067297, "dmean": 0.0287363044918, "dmean2": 0.046499080956, "mean": 0.088401325047, "dvar2": 0.00337546644732, "min": 7.08443650965e-11}, "spectral_rolloff": {"dvar": 715160.3125, "var": 2471626.5, "median": 495.263671875, "max": 19250.6835938, "dmean": 340.578582764, "dmean2": 561.170166016, "mean": 947.89831543, "dvar2": 1395407.125, "min": 64.599609375}, "barkbands_flatness_db": {"dvar": 0.000677231117152, "var": 0.00862472690642, "median": 0.183318853378, "max": 0.677445173264, "dmean": 0.0243524648249, "dmean2": 0.0358630828559, "mean": 0.203192546964, "dvar2": 0.00138172553852, "min": 0.0234437156469}, "spectral_centroid": {"dvar": 100833.601563, "var": 480276.78125, "median": 624.662353516, "max": 11203.1796875, "dmean": 193.367279053, "dmean2": 271.864959717, "mean": 844.006713867, "dvar2": 157088.203125, "min": 104.419464111}, "melbands_skewness": {"dvar": 0.734681665897, "var": 3.33100056648, "median": 2.85108947754, "max": 16.8461055756, "dmean": 0.744092226028, "dmean2": 1.15595424175, "mean": 3.08652806282, "dvar2": 1.70039772987, "min": -2.0129609108}, "melbands": {"dvar": [1.65546953212e-05, 2.69228075922e-05, 1.77860856638e-05, 1.52170582624e-06, 8.4642880438e-07, 5.64716856388e-07, 1.7443525735e-07, 8.83079351865e-08, 8.92195259894e-08, 4.96093726099e-08, 4.28467501479e-08, 4.92811977892e-08, 1.66809286384e-07, 1.20627262845e-07, 6.2294560621e-09, 1.56087711645e-08, 9.8347969768e-09, 4.12515221981e-09, 1.6123661295e-09, 1.22515619871e-09, 6.84603262968e-10, 5.58309121157e-10, 2.48682963111e-10, 9.79521325162e-11, 6.90592305563e-11, 1.29954616512e-10, 1.00003540171e-10, 8.90909776508e-11, 8.16733208842e-11, 5.41169400958e-11, 6.53057330435e-11, 1.20914167567e-10, 4.59926714769e-11, 2.43709843972e-11, 3.09656779385e-11, 2.1529661734e-11, 1.24162477175e-11, 9.43913176787e-12, 8.56324906817e-12, 3.48343879783e-12], "var": [2.61157420027e-05, 4.03900485253e-05, 1.47691780512e-05, 2.28432440963e-06, 1.38269467698e-06, 1.13388307454e-06, 3.56438675908e-07, 1.71195509324e-07, 1.49274200112e-07, 8.98627021684e-08, 6.66598793941e-08, 8.61169837663e-08, 1.90515422105e-07, 1.04983719496e-07, 1.06009183654e-08, 4.18542178693e-08, 1.85568911348e-08, 5.32877608705e-09, 3.16445070148e-09, 3.41306582996e-09, 1.92245575015e-09, 9.72836811108e-10, 3.64791558072e-10, 1.22979251782e-10, 1.83077261684e-10, 2.77783851477e-10, 2.03446884339e-10, 2.25715002244e-10, 1.51925180769e-10, 1.31640781609e-10, 1.4860752906e-10, 2.61210275632e-10, 1.23431390109e-10, 6.04411937166e-11, 7.08870948052e-11, 5.68710946391e-11, 3.68795792516e-11, 2.32869210026e-11, 1.6125855859e-11, 6.42119604016e-12], "median": [0.0020591202192, 0.00218811142258, 0.0012244930258, 0.000553623132873, 0.000417838513386, 0.000334356998792, 0.00015752427862, 0.000133693829412, 8.2191079855e-05, 4.41750598839e-05, 2.24846389756e-05, 1.96905384655e-05, 2.3430580768e-05, 1.29336194732e-05, 1.52824923134e-05, 1.5209774574e-05, 9.28702866076e-06, 9.24708365346e-06, 7.50510298531e-06, 6.98907069818e-06, 5.8284208535e-06, 4.59879538539e-06, 2.42312103182e-06, 1.1518326346e-06, 1.11901010769e-06, 9.26806194457e-07, 8.7923257297e-07, 6.03903345109e-07, 6.68316033625e-07, 5.90044635373e-07, 5.39432278401e-07, 3.21233841305e-07, 2.66548710215e-07, 2.21325962002e-07, 2.00165700903e-07, 1.71820701667e-07, 1.28336395733e-07, 9.07365702574e-08, 9.04357051468e-08, 7.17249690751e-08], "max": [0.0474253036082, 0.0697819143534, 0.060864251107, 0.022524215281, 0.0128542371094, 0.0134033169597, 0.00999372079968, 0.00654762797058, 0.00778432283551, 0.00657649291679, 0.0086397882551, 0.00864269584417, 0.00902712251991, 0.00763586815447, 0.00212092115544, 0.00356597523205, 0.00243359687738, 0.00275586522184, 0.00147059455048, 0.00147858599667, 0.00103234942071, 0.000605974986684, 0.000580672116484, 0.000583299901336, 0.000494225765578, 0.000374365918105, 0.000282853347016, 0.000294938450679, 0.000302474683849, 0.000227847645874, 0.000195597924176, 0.000317766563967, 0.00020049190789, 0.00014243547048, 0.000202025999897, 0.000142954930197, 0.000176175613888, 0.000119084630569, 8.52472512634e-05, 5.07519107487e-05], "dmean": [0.00189170846716, 0.00188390072435, 0.00143024208955, 0.000546989089344, 0.000497411354445, 0.000396903982619, 0.000188870108104, 0.000136107555591, 0.000110958579171, 7.61644769227e-05, 4.9073703849e-05, 5.36167863174e-05, 8.03845614428e-05, 5.46748196939e-05, 2.80556796497e-05, 3.64456464013e-05, 3.02243042825e-05, 1.9119173885e-05, 1.22563751574e-05, 1.09849352157e-05, 8.74852958077e-06, 8.02939939604e-06, 4.86915178044e-06, 2.21108371079e-06, 2.24755513045e-06, 3.1556032809e-06, 3.07983373204e-06, 2.96049552162e-06, 2.72961938208e-06, 2.60728256762e-06, 2.70247346634e-06, 3.00492320093e-06, 2.0771005893e-06, 1.52371751483e-06, 1.69368979641e-06, 1.43066029068e-06, 9.97194774754e-07, 8.51682102621e-07, 7.96115955382e-07, 5.42951454463e-07], "dmean2": [0.00321804685518, 0.00310843507759, 0.00245780497789, 0.000897638441529, 0.000801859365311, 0.000637433084194, 0.000294958619634, 0.000210528232856, 0.000170464831172, 0.000118411939184, 7.66829107306e-05, 8.34328820929e-05, 0.000120153803437, 8.55683683767e-05, 4.36718692072e-05, 5.38054773642e-05, 4.73454456369e-05, 3.08859416691e-05, 1.86612087418e-05, 1.64058874361e-05, 1.3313274394e-05, 1.25298820421e-05, 7.61308729125e-06, 3.43024021277e-06, 3.31455839842e-06, 4.67945073979e-06, 4.67456675324e-06, 4.41918882643e-06, 4.01258375859e-06, 3.71603209715e-06, 3.83126371162e-06, 4.35945867139e-06, 2.93718994726e-06, 2.18703894461e-06, 2.40394069806e-06, 2.03285230782e-06, 1.42064845932e-06, 1.22878020647e-06, 1.1204299426e-06, 7.76521801527e-07], "mean": [0.00357988360338, 0.00374125363305, 0.00215739291161, 0.00101507583167, 0.000830185541417, 0.000746463134419, 0.000362929538824, 0.000269739102805, 0.000199669593712, 0.000135004636832, 8.40331776999e-05, 8.86838170118e-05, 0.000116698502097, 7.14851266821e-05, 4.64530421596e-05, 7.52455816837e-05, 4.89327030664e-05, 3.15818906529e-05, 2.07384564419e-05, 2.05970100069e-05, 1.66684476426e-05, 1.31247688842e-05, 7.5905054473e-06, 3.39284497386e-06, 3.84464919989e-06, 5.08455286763e-06, 5.22198570252e-06, 5.03866522195e-06, 4.34889898315e-06, 4.40466646978e-06, 4.35648325947e-06, 4.41042493549e-06, 3.260063977e-06, 2.44016200668e-06, 2.59044350059e-06, 2.23546066991e-06, 1.5710174921e-06, 1.28147451051e-06, 1.16583089493e-06, 7.77561638188e-07], "dvar2": [4.46305202786e-05, 6.81525852997e-05, 4.88849473186e-05, 3.66981362276e-06, 2.20463448386e-06, 1.48984156567e-06, 4.20331360829e-07, 2.11896306723e-07, 2.0213521168e-07, 1.1755678031e-07, 1.06245373388e-07, 1.23912428762e-07, 4.02946199074e-07, 3.16435716741e-07, 1.46673473367e-08, 3.19670760973e-08, 2.2306592129e-08, 1.01327604085e-08, 3.26373217341e-09, 2.15934359282e-09, 1.40784583991e-09, 1.30250454866e-09, 5.96193150404e-10, 2.27852292589e-10, 1.36489999858e-10, 2.60249738426e-10, 2.17087223198e-10, 1.82818676864e-10, 1.84095891309e-10, 1.07017311679e-10, 1.2696420304e-10, 2.48315173978e-10, 8.30710153443e-11, 4.74331650346e-11, 6.10415329394e-11, 4.02356828411e-11, 2.24659301579e-11, 1.93979866892e-11, 1.86409273434e-11, 7.35060363272e-12], "min": [9.61606376221e-24, 4.21128779416e-24, 6.12896684512e-24, 8.28009705364e-24, 1.36504195217e-24, 1.15315292695e-24, 1.0846286033e-23, 6.39059887523e-24, 1.50921129186e-23, 1.86307062812e-23, 5.89547230022e-24, 5.77929557141e-24, 1.0785539799e-23, 8.02605071e-24, 1.03525261595e-23, 7.0150339521e-24, 4.31382077918e-24, 5.54779960561e-24, 4.26736121059e-24, 6.34224722376e-24, 8.52201702745e-24, 1.33138752878e-23, 9.11135528822e-24, 9.89163654223e-24, 7.70429249057e-24, 3.10026773094e-24, 8.98416803333e-24, 6.4140797145e-24, 4.75579469525e-24, 8.47209159848e-24, 8.07910476132e-24, 9.20984220565e-24, 8.84847685788e-24, 8.49901384345e-24, 1.04628412574e-23, 1.10557017821e-23, 1.0544148362e-23, 1.07661227767e-23, 8.73925433239e-24, 8.48069728209e-24]}, "spectral_decrease": {"dvar": 4.26921678424e-17, "var": 8.76045413885e-17, "median": -9.29031340746e-09, "max": 1.15132200409e-28, "dmean": 3.53496343308e-09, "dmean2": 5.78967274123e-09, "mean": -1.04601589612e-08, "dvar2": 1.02876902769e-16, "min": -9.41844575664e-08}, "barkbands_kurtosis": {"dvar": 60.205997467, "var": 312.043395996, "median": 4.84929895401, "max": 296.004272461, "dmean": 4.3778181076, "dmean2": 6.95036411285, "mean": 9.12469768524, "dvar2": 145.821640015, "min": -1.95260536671}, "silence_rate_30dB": {"dvar": 0.0238258056343, "var": 0.0435587838292, "median": 1, "max": 1, "dmean": 0.0244233384728, "dmean2": 0.0488514117897, "mean": 0.954356014729, "dvar2": 0.0546031557024, "min": 0}, "gfcc": {"mean": [-43.1468200684, 129.090621948, -92.5559844971, 22.2119464874, -50.0601844788, 13.5315303802, -37.3073501587, 1.78029489517, -17.8305263519, 5.46771526337, -12.997710228, -0.955963373184, -7.84610176086], "cov": [[19557.2050781, -3391.19824219, -1152.8614502, 2271.01635742, -739.387878418, 1051.6652832, -311.514587402, 260.800445557, -658.333557129, 461.338867188, -686.364440918, 128.794082642, -239.781494141], [-3391.19824219, 3160.36669922, 141.091415405, -903.38671875, 907.478759766, -337.982299805, 421.889770508, -129.139587402, 358.850311279, -307.3777771, 301.638214111, -186.229507446, 201.03565979], [-1152.8614502, 141.091415405, 862.43157959, -9.40457820892, 83.0582122803, 71.4321975708, 99.6991729736, 59.053565979, 73.7173309326, 63.0237007141, 35.9214515686, 33.9625778198, -15.0121841431], [2271.01635742, -903.38671875, -9.40457820892, 797.639343262, -159.006347656, 193.605194092, -21.5661792755, 57.2569732666, -49.137802124, 91.6216964722, -68.0938262939, 23.225353241, -7.04430913925], [-739.387878418, 907.478759766, 83.0582122803, -159.006347656, 597.078063965, -38.2179641724, 195.253616333, 26.9868831635, 124.614242554, -66.6831436157, 105.888420105, -45.5394477844, 63.2912750244], [1051.6652832, -337.982299805, 71.4321975708, 193.605194092, -38.2179641724, 289.084503174, 59.7671546936, 37.9597167969, -22.8984642029, 45.7549324036, -25.6391468048, 22.6526603699, -12.0925197601], [-311.514587402, 421.889770508, 99.6991729736, -21.5661792755, 195.253616333, 59.7671546936, 321.164337158, 55.260055542, 84.9387435913, 7.066447258, 78.2038574219, -14.169880867, 45.6613006592], [260.800445557, -129.139587402, 59.053565979, 57.2569732666, 26.9868831635, 37.9597167969, 55.260055542, 144.797958374, 27.3067932129, 52.41979599, 7.78239536285, 17.9261054993, 1.39197325706], [-658.333557129, 358.850311279, 73.7173309326, -49.137802124, 124.614242554, -22.8984642029, 84.9387435913, 27.3067932129, 178.728881836, 20.9026069641, 59.3630599976, -16.7131824493, 56.098777771], [461.338867188, -307.3777771, 63.0237007141, 91.6216964722, -66.6831436157, 45.7549324036, 7.066447258, 52.41979599, 20.9026069641, 181.717391968, 13.3712425232, 26.9861774445, -14.1360788345], [-686.364440918, 301.638214111, 35.9214515686, -68.0938262939, 105.888420105, -25.6391468048, 78.2038574219, 7.78239536285, 59.3630599976, 13.3712425232, 152.041183472, 11.6507034302, 31.7039890289], [128.794082642, -186.229507446, 33.9625778198, 23.225353241, -45.5394477844, 22.6526603699, -14.169880867, 17.9261054993, -16.7131824493, 26.9861774445, 11.6507034302, 108.821685791, 15.5311317444], [-239.781494141, 201.03565979, -15.0121841431, -7.04430913925, 63.2912750244, -12.0925197601, 45.6613006592, 1.39197325706, 56.098777771, -14.1360788345, 31.7039890289, 15.5311317444, 107.911659241]], "icov": [[0.000175062348717, -0.000324900523992, 0.000302800879581, -0.000517686421517, 6.84748447384e-05, -0.000476059183711, 0.00020259640587, -0.000361776095815, 0.000589497270994, -0.000634813331999, 0.000714624184184, -0.000402920559281, 0.000286456022877], [-0.000324900523992, 0.0025257691741, -0.000809461227618, 0.00213817507029, -0.0014140214771, 0.00161863456015, -0.00145687081385, 0.00200843554921, -0.00246803439222, 0.00281243468635, -0.00253205071203, 0.00250030937605, -0.00176361948252], [0.000302800879581, -0.000809461227618, 0.00188632647041, -0.000973512302153, 0.000159142480697, -0.0011823521927, 0.000260983244516, -0.000932235212531, 0.000593474484049, -0.00153345696162, 0.0014327946119, -0.00149761151988, 0.00134064920712], [-0.000517686421517, 0.00213817507029, -0.000973512302153, 0.00392724061385, -0.000755564891733, 0.000881456013303, -0.00112834013999, 0.00146524060983, -0.00231959926896, 0.00232237996534, -0.00245282705873, 0.00248525477946, -0.00213922862895], [6.84748447384e-05, -0.0014140214771, 0.000159142480697, -0.000755564891733, 0.00354832387529, -0.000578543869779, -0.000193052299437, -0.00149860407691, 0.000357556913514, -0.000286775612039, 0.000163554243045, -0.000527772004716, 0.000518763321452], [-0.000476059183711, 0.00161863456015, -0.0011823521927, 0.000881456013303, -0.000578543869779, 0.00634219823405, -0.00231823092327, 0.00133310770616, -0.001503003994, 0.0018820182886, -0.00157487182878, 0.00101899600122, -0.000822538975626], [0.00020259640587, -0.00145687081385, 0.000260983244516, -0.00112834013999, -0.000193052299437, -0.00231823092327, 0.00584113970399, -0.00245201704092, 0.000843864865601, -0.00152844050899, -5.23345333932e-05, -0.000491299550049, -1.24222733575e-05], [-0.000361776095815, 0.00200843554921, -0.000932235212531, 0.00146524060983, -0.00149860407691, 0.00133310770616, -0.00245201704092, 0.0104626482353, -0.00310328486376, 0.000426253973274, -0.0014859092189, 0.000561872555409, -0.00062385405181], [0.000589497270994, -0.00246803439222, 0.000593474484049, -0.00231959926896, 0.000357556913514, -0.001503003994, 0.000843864865601, -0.00310328486376, 0.0121613135561, -0.00500590261072, 0.00179849227425, -0.000279820378637, -0.00232233386487], [-0.000634813331999, 0.00281243468635, -0.00153345696162, 0.00232237996534, -0.000286775612039, 0.0018820182886, -0.00152844050899, 0.000426253973274, -0.00500590261072, 0.0112192835659, -0.00483616581187, 0.00179823499639, -0.000457340065623], [0.000714624184184, -0.00253205071203, 0.0014327946119, -0.00245282705873, 0.000163554243045, -0.00157487182878, -5.23345333932e-05, -0.0014859092189, 0.00179849227425, -0.00483616581187, 0.0128915635869, -0.00457511283457, 0.00141564279329], [-0.000402920559281, 0.00250030937605, -0.00149761151988, 0.00248525477946, -0.000527772004716, 0.00101899600122, -0.000491299550049, 0.000561872555409, -0.000279820378637, 0.00179823499639, -0.00457511283457, 0.0140457777306, -0.00527137471363], [0.000286456022877, -0.00176361948252, 0.00134064920712, -0.00213922862895, 0.000518763321452, -0.000822538975626, -1.24222733575e-05, -0.00062385405181, -0.00232233386487, -0.000457340065623, 0.00141564279329, -0.00527137471363, 0.0143427858129]]}, "silence_rate_20dB": {"dvar": 0, "var": 0, "median": 1, "max": 1, "dmean": 0, "dmean2": 0, "mean": 1, "dvar2": 0, "min": 1}, "barkbands_skewness": {"dvar": 0.449232667685, "var": 2.32233715057, "median": 1.98003399372, "max": 12.4275045395, "dmean": 0.598109006882, "dmean2": 0.918086051941, "mean": 2.13724541664, "dvar2": 1.01142072678, "min": -2.58737921715}, "erbbands_skewness": {"dvar": 0.171159490943, "var": 1.22590911388, "median": 0.508729636669, "max": 12.8587732315, "dmean": 0.387747168541, "dmean2": 0.571154296398, "mean": 0.497383028269, "dvar2": 0.354124128819, "min": -5.02505874634}, "spectral_contrast_valleys": {"dvar": [0.111160933971, 0.107911504805, 0.114705741405, 0.103833302855, 0.126031339169, 0.172515869141], "var": [2.40316343307, 1.46839809418, 1.70168220997, 1.94588708878, 2.79910683632, 3.31023788452], "median": [-6.72882318497, -6.61869192123, -7.55856513977, -8.02017974854, -8.32765960693, -10.6111049652], "max": [-4.90081071854, -4.6170258522, -5.20474290848, -5.24277734756, -5.4910607338, -7.51450967789], "dmean": [0.359121143818, 0.33074516058, 0.325875550508, 0.301276743412, 0.305883914232, 0.348514705896], "dmean2": [0.588645279408, 0.533434867859, 0.52315223217, 0.466018527746, 0.432578802109, 0.439094185829], "mean": [-7.14697647095, -6.83376216888, -7.80000495911, -8.33328151703, -8.71918869019, -10.9443855286], "dvar2": [0.252674967051, 0.249696657062, 0.249024689198, 0.207864165306, 0.223210766912, 0.27133500576], "min": [-27.2536716461, -27.1965885162, -27.2842655182, -27.2647247314, -27.1921596527, -27.2507743835]}, "spectral_strongpeak": {"dvar": 0.431967020035, "var": 0.562842786312, "median": 0.451912939548, "max": 9.64566802979, "dmean": 0.351700127125, "dmean2": 0.608516871929, "mean": 0.661661863327, "dvar2": 1.12043249607, "min": 0}, "erbbands_crest": {"dvar": 6.33888626099, "var": 24.9381961823, "median": 8.99179172516, "max": 32.3124885559, "dmean": 2.43474149704, "dmean2": 3.86536288261, "mean": 10.3209915161, "dvar2": 14.9243221283, "min": 2.42190718651}, "barkbands_crest": {"dvar": 5.82938575745, "var": 23.0406513214, "median": 10.9193553925, "max": 26.2904872894, "dmean": 2.40335583687, "dmean2": 3.92898201942, "mean": 11.8811664581, "dvar2": 15.6629018784, "min": 2.50535869598}, "spectral_energyband_middle_low": {"dvar": 0.000134540139697, "var": 0.000228852353757, "median": 0.0139930127189, "max": 0.147680580616, "dmean": 0.00651855161414, "dmean2": 0.0105540296063, "mean": 0.0169196594507, "dvar2": 0.000349683017703, "min": 3.26913349724e-22}, "spectral_contrast_coeffs": {"dvar": [0.00188084982801, 0.00146654632408, 0.00102613936178, 0.000693278794643, 0.000466880825115, 0.00036594903213], "var": [0.010664658621, 0.0055172466673, 0.00486616836861, 0.00399172119796, 0.00291731371544, 0.00299354712479], "median": [-0.633521914482, -0.696278631687, -0.75634098053, -0.760023117065, -0.782285988331, -0.778635084629], "max": [-0.250197917223, -0.420054107904, -0.469511896372, -0.502524137497, -0.518800020218, -0.523462355137], "dmean": [0.0489606000483, 0.044076859951, 0.0351912789047, 0.0298383235931, 0.0241687651724, 0.0205448884517], "dmean2": [0.0804445147514, 0.0721151307225, 0.0563462823629, 0.0476289875805, 0.0381521210074, 0.0303304996341], "mean": [-0.624533653259, -0.693277716637, -0.749545097351, -0.756715416908, -0.778455197811, -0.780352532864], "dvar2": [0.0048650149256, 0.0037640624214, 0.00243517197669, 0.00156036834233, 0.0010253227083, 0.00073451444041], "min": [-0.977091372013, -0.996657729149, -0.963185250759, -0.969717383385, -0.96545612812, -0.960481464863]}, "hfc": {"dvar": 116.092048645, "var": 393.085845947, "median": 12.9448051453, "max": 265.296875, "dmean": 6.00098896027, "dmean2": 8.20479106903, "mean": 18.6611366272, "dvar2": 219.76020813, "min": 1.21153981182e-16}, "spectral_energyband_high": {"dvar": 1.23207325942e-06, "var": 4.22096672992e-06, "median": 0.000121889861475, "max": 0.0198751371354, "dmean": 0.000435768713942, "dmean2": 0.000552487384994, "mean": 0.000840340391733, "dvar2": 1.8743818373e-06, "min": 7.55424310001e-21}, "erbbands_spread": {"dvar": 111.887321472, "var": 438.447418213, "median": 30.4301300049, "max": 169.443191528, "dmean": 7.68706846237, "dmean2": 11.4534082413, "mean": 34.4009819031, "dvar2": 229.786087036, "min": 0.774718225002}, "dissonance": {"dvar": 0.000667919812258, "var": 0.00265836459585, "median": 0.45370644331, "max": 0.49999332428, "dmean": 0.0248679574579, "dmean2": 0.0414217412472, "mean": 0.440002590418, "dvar2": 0.00176931475289, "min": 0.105033569038}, "spectral_kurtosis": {"dvar": 117.481552124, "var": 663.287475586, "median": 6.71097183228, "max": 267.119781494, "dmean": 5.20312786102, "dmean2": 8.57307338715, "mean": 15.4102926254, "dvar2": 324.108062744, "min": -1.25965166092}, "spectral_skewness": {"dvar": 0.322509735823, "var": 3.00612235069, "median": 2.13083815575, "max": 14.0371761322, "dmean": 0.430322825909, "dmean2": 0.666044235229, "mean": 2.5441505909, "dvar2": 0.822576761246, "min": -0.0388116799295}, "pitch_salience": {"dvar": 0.00404075160623, "var": 0.0169882867485, "median": 0.515427112579, "max": 0.981375455856, "dmean": 0.0654979124665, "dmean2": 0.106673724949, "mean": 0.502584993839, "dvar2": 0.0105122821406, "min": 0.088387593627}, "spectral_complexity": {"dvar": 8.86028862, "var": 66.6873168945, "median": 14, "max": 56, "dmean": 2.49098658562, "dmean2": 3.73887753487, "mean": 14.6245756149, "dvar2": 15.9731149673, "min": 0}, "spectral_spread": {"dvar": 753150590976, "var": 4531314753540.0, "median": 3873765, "max": 43098184, "dmean": 621511.0625, "dmean2": 857247.125, "mean": 4090604, "dvar2": 1341517332480.0, "min": 460471.25}, "dynamic_complexity": 3.83632922173, "melbands_crest": {"dvar": 8.92721271515, "var": 26.2010822296, "median": 14.7282009125, "max": 33.6211242676, "dmean": 2.95036840439, "dmean2": 4.86911010742, "mean": 15.3892669678, "dvar2": 23.8488368988, "min": 1.77970659733}, "zerocrossingrate": {"dvar": 0.000168077589478, "var": 0.00173331634142, "median": 0.02978515625, "max": 0.52001953125, "dmean": 0.008949062787, "dmean2": 0.00979208108038, "mean": 0.0406270436943, "dvar2": 0.000155174784595, "min": 0.001953125}, "spectral_energyband_low": {"dvar": 0.000544375681784, "var": 0.000948598666582, "median": 0.0151243666187, "max": 0.310453683138, "dmean": 0.00985286664218, "dmean2": 0.0166482850909, "mean": 0.0217583701015, "dvar2": 0.00132303906139, "min": 7.43590954661e-23}, "melbands_kurtosis": {"dvar": 241.76385498, "var": 942.583312988, "median": 12.129283905, "max": 439.420013428, "dmean": 8.68301391602, "dmean2": 13.8837566376, "mean": 19.8517532349, "dvar2": 614.677062988, "min": -1.76509833336}, "spectral_energyband_middle_high": {"dvar": 3.7300564145e-05, "var": 5.06366268382e-05, "median": 0.00212165573612, "max": 0.129898741841, "dmean": 0.00169572571758, "dmean2": 0.00251772650518, "mean": 0.00408923951909, "dvar2": 8.94464537851e-05, "min": 1.41638685587e-21}, "barkbands_spread": {"dvar": 56.9998588562, "var": 219.405227661, "median": 10.5640277863, "max": 104.368087769, "dmean": 4.69084215164, "dmean2": 6.82944726944, "mean": 15.0597381592, "dvar2": 102.901748657, "min": 0.223732084036}, "mfcc": {"mean": [-686.889282227, 155.247802734, 19.3685760498, 18.8182621002, 9.15548038483, 11.4715242386, -3.49706482887, -2.51991057396, 0.80717420578, 0.353950440884, -1.55768382549, 3.59219026566, 1.57173061371], "cov": [[13550.6152344, -2292.90380859, -729.964477539, 696.021850586, -40.1136550903, 494.280181885, 23.827457428, -65.9077911377, 138.823547363, 105.970840454, -110.21421051, 9.6973400116, -107.0313797], [-2292.90380859, 2804.65527344, -229.204925537, -157.029464722, 301.234771729, -15.3724079132, 139.263549805, 141.999908447, 85.729888916, 8.21963977814, 76.2918930054, 41.7563896179, 39.6642494202], [-729.964477539, -229.204925537, 790.055725098, 23.4700737, -35.1165771484, 81.5340881348, 31.8995380402, 32.5058403015, 46.2972755432, 42.7658538818, 72.5683746338, 42.7495956421, 33.9660873413], [696.021850586, -157.029464722, 23.4700737, 359.999908447, 87.1597671509, 51.326751709, 37.0287055969, 29.1501312256, 49.9750022888, 43.7198905945, 7.67732000351, 20.9961185455, 23.7077064514], [-40.1136550903, 301.234771729, -35.1165771484, 87.1597671509, 299.303131104, 46.405822753