{"tonal": {"chords_key": "G#", "hpcp_entropy": {"dmean": 0.664109170437, "dmean2": 1.09216892719, "max": 4.68207597733, "dvar": 0.336823999882, "mean": 2.08844208717, "dvar2": 0.820238113403, "min": 0.0357426330447, "var": 0.755394399166, "median": 1.9813131094}, "key_key": "G#", "chords_strength": {"dmean": 0.011613807641, "dmean2": 0.0128331920132, "max": 0.731844782829, "dvar": 9.38335360843e-05, "mean": 0.457137852907, "dvar2": 0.000131884997245, "min": 0.201661244035, "var": 0.00857562944293, "median": 0.454842150211}, "key_scale": "major", "chords_number_rate": 0.00177403260022, "thpcp": [1, 0.608231604099, 0.198025345802, 0.279278337955, 0.329858541489, 0.293693006039, 0.392970502377, 0.550638616085, 0.574068784714, 0.783896565437, 0.955135285854, 0.680850327015, 0.579669237137, 0.543604552746, 0.424459666014, 0.617464542389, 0.694867730141, 0.494366586208, 0.413158148527, 0.410120725632, 0.384587466717, 0.487480312586, 0.621035695076, 0.674949169159, 0.843568205833, 0.805002570152, 0.485136419535, 0.361403763294, 0.378137558699, 0.438581556082, 0.8488240242, 0.946759283543, 0.442771106958, 0.283858418465, 0.314078003168, 0.620174348354], "key_strength": 0.665077745914, "tuning_nontempered_energy_ratio": 0.902053177357, "tuning_frequency": 434.193115234, "chords_changes_rate": 0.0817163735628, "tuning_diatonic_strength": 0.519804060459, "chords_scale": "major", "chords_histogram": [26.8987693787, 7.30679655075, 4.24659061432, 0.487858951092, 3.04911851883, 1.70750641823, 1.14203345776, 4.72336196899, 1.26399827003, 0, 0, 0, 0, 0.654174506664, 8.02749729156, 1.92926049232, 2.21754074097, 2.92715382576, 0.720700740814, 5.5882024765, 0.898104012012, 9.26932048798, 11.8305797577, 5.11143159866], "tuning_equal_tempered_deviation": 0.207506135106, "hpcp": {"dmean": [0.119761832058, 0.115992337465, 0.106493756175, 0.122420065105, 0.127660483122, 0.110382258892, 0.0947874560952, 0.0932709798217, 0.100531235337, 0.117740690708, 0.126438975334, 0.150097027421, 0.143455684185, 0.132094055414, 0.110639594495, 0.0944881141186, 0.0984218642116, 0.101380638778, 0.134403005242, 0.144140139222, 0.0853650197387, 0.0537094995379, 0.05004221946, 0.112550489604, 0.185285270214, 0.112916946411, 0.0472586192191, 0.0606474578381, 0.0734059214592, 0.0747846588492, 0.0986314117908, 0.13375158608, 0.143650442362, 0.154462590814, 0.170511618257, 0.151933953166], "dmean2": [0.220641314983, 0.209619879723, 0.191439509392, 0.212678641081, 0.220236286521, 0.19421222806, 0.167965486646, 0.165612563491, 0.183314993978, 0.212236866355, 0.22385469079, 0.267574131489, 0.247101470828, 0.224504739046, 0.197567462921, 0.173154383898, 0.180358543992, 0.179915577173, 0.229148998857, 0.24578435719, 0.147587701678, 0.0940582081676, 0.0860412567854, 0.207869246602, 0.346788883209, 0.207872658968, 0.0835504457355, 0.106598824263, 0.128786683083, 0.133040130138, 0.178404390812, 0.249030664563, 0.263086557388, 0.27371302247, 0.306113302708, 0.275479078293], "max": [1, 1, 1, 1, 1, 1, 1, 1, 1, 1, 1, 1, 1, 1, 1, 1, 1, 1, 1, 1, 1, 1, 1, 1, 1, 1, 1, 1, 1, 1, 1, 1, 1, 1, 1, 1], "dvar": [0.0574102513492, 0.0550597533584, 0.0417201295495, 0.0479587055743, 0.0475970245898, 0.0381755083799, 0.0350831821561, 0.0381568968296, 0.0389818437397, 0.0483202189207, 0.0524829626083, 0.0638389214873, 0.0598069354892, 0.0560924895108, 0.0469582155347, 0.0424647219479, 0.046855982393, 0.0404108837247, 0.047240819782, 0.0548565723002, 0.0248358342797, 0.015808140859, 0.0153623940423, 0.0303619075567, 0.100612424314, 0.0326250605285, 0.014923594892, 0.0187796298414, 0.026621222496, 0.023247493431, 0.0347591973841, 0.0593773201108, 0.0600683316588, 0.0579860396683, 0.077978104353, 0.0607384480536], "mean": [0.120197825134, 0.112719602883, 0.0880142077804, 0.128034904599, 0.144084915519, 0.102509818971, 0.0856707766652, 0.085040949285, 0.0797464773059, 0.1010819152, 0.128775402904, 0.139954686165, 0.174918830395, 0.166922017932, 0.100595891476, 0.074939198792, 0.0784090459347, 0.0909424647689, 0.176008656621, 0.196316108108, 0.0918111950159, 0.0588597171009, 0.0651259198785, 0.128596797585, 0.207355886698, 0.126120403409, 0.0410617217422, 0.0579100064933, 0.0683981105685, 0.0608989745378, 0.0814847499132, 0.114178158343, 0.119036540389, 0.16254556179, 0.198052927852, 0.141178324819], "dvar2": [0.143175721169, 0.138693466783, 0.115280851722, 0.12378513068, 0.12085030973, 0.103574641049, 0.0934049412608, 0.0991723462939, 0.106672920287, 0.134311690927, 0.134476780891, 0.169281020761, 0.14441177249, 0.12766417861, 0.124190084636, 0.11438728869, 0.124995805323, 0.104068703949, 0.11095187068, 0.126719266176, 0.0642184540629, 0.0401563420892, 0.0371422506869, 0.0675824433565, 0.215690761805, 0.0746674910188, 0.0421465672553, 0.0500432774425, 0.0700703561306, 0.0623684935272, 0.0953776165843, 0.164371967316, 0.166765972972, 0.151337876916, 0.192688584328, 0.171630725265], "min": [5.07226445734e-07, 7.41736130294e-07, 9.2907492899e-07, 1.48819117385e-06, 1.26548889057e-06, 1.67516225247e-06, 5.69472490497e-07, 6.69866835779e-07, 1.02639739907e-06, 2.05647256735e-06, 2.36389064412e-06, 4.06318304158e-06, 4.97861151416e-07, 7.82530833021e-07, 9.87600060398e-07, 6.39851293727e-07, 4.7811784043e-07, 1.89589127331e-06, 1.60986269293e-06, 1.73192813691e-06, 8.24867754545e-07, 1.47772354353e-07, 2.05077668625e-07, 6.78165235968e-07, 5.10171958013e-07, 1.61183649539e-07, 2.22801668315e-06, 8.83017150954e-07, 1.16213914225e-06, 5.45645775674e-07, 3.91421707491e-07, 4.26532920983e-07, 9.27518271965e-07, 2.28728595175e-06, 1.47756429669e-06, 1.63086508564e-06], "var": [0.0694554448128, 0.0636459589005, 0.0341123789549, 0.056095033884, 0.0656661912799, 0.0385337732732, 0.0349409468472, 0.0384320504963, 0.031687553972, 0.0446889735758, 0.0657832697034, 0.0686067938805, 0.0903510823846, 0.0896366089582, 0.0439313836396, 0.0346454642713, 0.0387661606073, 0.0390806235373, 0.0745293423533, 0.0911036133766, 0.0269153509289, 0.0219853427261, 0.02891645208, 0.0377610437572, 0.122348479927, 0.0381908230484, 0.013206763193, 0.0202097818255, 0.027067752555, 0.019798014313, 0.0295902919024, 0.0587870664895, 0.0526608414948, 0.065398953855, 0.103383257985, 0.0553659908473], "median": [0.00809438899159, 0.00611707800999, 0.0103930877522, 0.0193621087819, 0.0227099582553, 0.0165547896177, 0.00909462478012, 0.0069495504722, 0.00807231105864, 0.0111919268966, 0.0125052081421, 0.0141706466675, 0.0193795543164, 0.0160013735294, 0.00974239688367, 0.00459583383054, 0.00444677425548, 0.0115166744217, 0.0402103811502, 0.050211507827, 0.0228216331452, 0.00593204936013, 0.00610199337825, 0.0228296816349, 0.0212267190218, 0.0200936496258, 0.00515160243958, 0.00589948240668, 0.00567502574995, 0.00543286092579, 0.00653906725347, 0.00799839198589, 0.014484343119, 0.0362786501646, 0.0323703549802, 0.0236619915813]}}, "lowlevel": {"melbands_flatness_db": {"dmean": 0.0534842796624, "dmean2": 0.0740341097116, "max": 0.743893444538, "dvar": 0.00294366828166, "mean": 0.286062508821, "dvar2": 0.00526488712057, "min": 0.00907460786402, "var": 0.0166720058769, "median": 0.277400702238}, "melbands_crest": {"dmean": 3.87691450119, "dmean2": 6.08091974258, "max": 36.6255531311, "dvar": 16.0994377136, "mean": 20.7280864716, "dvar2": 35.4045829773, "min": 2.40756702423, "var": 64.245513916, "median": 20.7893848419}, "spectral_entropy": {"dmean": 0.34872931242, "dmean2": 0.490204811096, "max": 9.80033779144, "dvar": 0.13547514379, "mean": 7.51972579956, "dvar2": 0.256672382355, "min": 4.30303001404, "var": 0.543463945389, "median": 7.69247198105}, "melbands": {"dmean": [0.00474895443767, 0.00352838216349, 0.00117275526281, 0.000476252665976, 0.000291387637844, 0.000145196041558, 0.000106533028884, 8.56996193761e-05, 8.44827882247e-05, 7.07656872692e-05, 3.21108818753e-05, 3.20033395838e-05, 4.07450752391e-05, 3.64781699318e-05, 2.80017102341e-05, 2.78197967418e-05, 3.16355544783e-05, 2.9580834962e-05, 2.89450636046e-05, 1.44862142406e-05, 1.04168402686e-05, 1.35166419568e-05, 1.03307829704e-05, 9.83369318419e-06, 9.44761177379e-06, 5.05361822434e-06, 4.8873639571e-06, 4.35540096078e-06, 4.75088745588e-06, 3.25818632518e-06, 7.1103290793e-06, 6.33508807368e-06, 3.69153144675e-06, 3.57512612936e-06, 3.65990149476e-06, 2.70994496532e-06, 1.5357193206e-06, 1.1399675941e-06, 1.37411893775e-06, 1.49021025209e-06], "dmean2": [0.00781989004463, 0.00583437317982, 0.00216538202949, 0.000812168524135, 0.00047439604532, 0.000246627343586, 0.000174699758645, 0.000132358531118, 0.000126630577142, 0.000112148503831, 5.03875999129e-05, 4.98299705214e-05, 6.63346727379e-05, 5.92854848946e-05, 4.31127919001e-05, 4.24259633292e-05, 4.71176899737e-05, 4.66437159048e-05, 4.66558121843e-05, 2.27209693549e-05, 1.46485399455e-05, 2.08455039683e-05, 1.49556908582e-05, 1.45472859003e-05, 1.51922504301e-05, 7.89610658103e-06, 7.29518114895e-06, 6.52108428767e-06, 6.85169288772e-06, 4.8125016292e-06, 1.00287561509e-05, 8.8861097538e-06, 5.50656841369e-06, 5.16408499607e-06, 5.38232234248e-06, 4.08767300542e-06, 2.22790708904e-06, 1.60466265697e-06, 1.93646383195e-06, 2.23030974666e-06], "max": [0.0792488530278, 0.0677730292082, 0.0335633829236, 0.0217324662954, 0.0104306777939, 0.0079355603084, 0.00689537450671, 0.0128835234791, 0.0102437045425, 0.00657143210992, 0.00713230669498, 0.00795590039343, 0.0104625672102, 0.00626029400155, 0.00574029795825, 0.002725915052, 0.00189079367556, 0.00271093915217, 0.00273054698482, 0.00227195117623, 0.000867506954819, 0.00165402702987, 0.000989222200587, 0.00044291766244, 0.000408623192925, 0.000304875866277, 0.000272686505923, 0.000568806484807, 0.000367045518942, 0.000145348429214, 0.000122028992337, 0.000106475556095, 0.000134575398988, 9.01948369574e-05, 6.88244326739e-05, 6.59558063489e-05, 3.62874889106e-05, 5.07539734826e-05, 3.06231377181e-05, 2.159536416e-05], "dvar": [7.82437273301e-05, 6.73557588016e-05, 1.34945239552e-05, 7.82984159287e-07, 2.29890417813e-07, 1.0353364388e-07, 6.37651211832e-08, 7.89500589349e-08, 6.52793872291e-08, 2.54563143898e-08, 8.49640358069e-09, 1.7556427423e-08, 2.77334137877e-08, 1.72397367493e-08, 9.78792691342e-09, 7.5510868669e-09, 1.11833777794e-08, 8.16596656961e-09, 8.94096974235e-09, 2.58725152413e-09, 1.19743392979e-09, 2.31353936009e-09, 1.09617415145e-09, 1.18925769232e-09, 1.47207002144e-09, 2.93988056121e-10, 2.22287022122e-10, 1.1875506134e-10, 9.67853922007e-11, 5.11777530077e-11, 1.66283375957e-10, 1.02057376439e-10, 3.10736159026e-11, 2.83549694141e-11, 2.51422684755e-11, 1.95178283258e-11, 3.87425291501e-12, 2.67984636218e-12, 3.28346594705e-12, 4.60711286829e-12], "mean": [0.00882123596966, 0.00470144953579, 0.00109192065429, 0.000719670439139, 0.000500496476889, 0.000224029019591, 0.000169218852534, 0.000148604769493, 0.000158344017109, 0.00011318455654, 4.26790793426e-05, 4.38089482486e-05, 4.5448065066e-05, 4.22654957219e-05, 3.5589961044e-05, 3.46479246218e-05, 3.51223279722e-05, 3.69150657207e-05, 3.96741452278e-05, 1.65677010955e-05, 1.19881624414e-05, 1.40205493153e-05, 1.19194455692e-05, 1.01278510556e-05, 8.14289978734e-06, 5.24304778082e-06, 5.34226683158e-06, 4.58822432847e-06, 5.16331556355e-06, 3.87097816201e-06, 1.14250824481e-05, 1.00731831481e-05, 4.17646924689e-06, 4.11588416682e-06, 4.41048450739e-06, 3.12496649713e-06, 1.98907832782e-06, 1.61611217209e-06, 1.82258827408e-06, 1.7920232267e-06], "dvar2": [0.000212816114072, 0.000170844898093, 3.93483278458e-05, 2.11038127418e-06, 5.72545843625e-07, 2.70044807849e-07, 1.61407328392e-07, 1.80904734748e-07, 1.40584148767e-07, 5.74711798151e-08, 1.53791486213e-08, 4.07030107397e-08, 6.53829275166e-08, 4.20329371309e-08, 2.23595648663e-08, 1.52472399151e-08, 2.20926299477e-08, 1.84321358176e-08, 2.17080451392e-08, 5.86302606465e-09, 2.62335420054e-09, 5.41333244897e-09, 2.28303176364e-09, 2.75131384342e-09, 3.84168519219e-09, 7.34401373048e-10, 5.40739342192e-10, 2.64828103891e-10, 2.00189878563e-10, 1.15374203247e-10, 3.06040442988e-10, 1.81706497071e-10, 6.88477885813e-11, 6.71028094201e-11, 5.07336880839e-11, 4.45496625701e-11, 9.02770826844e-12, 5.52076006438e-12, 5.95452766955e-12, 9.56953960518e-12], "min": [6.4644484833e-24, 8.97037716698e-24, 4.37787983455e-24, 1.13290752179e-23, 6.00927416327e-24, 2.17681118086e-24, 4.47253288799e-24, 1.03817897437e-23, 3.8928865723e-24, 3.94022887624e-24, 9.82365329828e-24, 2.09710641049e-23, 9.33881938593e-24, 2.34582036995e-23, 1.43579863384e-23, 9.23267262911e-24, 3.74812270759e-24, 4.24894130846e-24, 2.54638257531e-23, 1.4434479025e-23, 1.68215800128e-23, 1.24895369411e-23, 9.4952915242e-24, 1.08101096608e-23, 1.42906933478e-23, 7.90134442266e-24, 1.05462419989e-23, 1.04913230804e-23, 1.00705367849e-23, 1.16616384652e-23, 1.35042747559e-23, 1.23609597133e-23, 7.33858840782e-24, 7.04895181558e-24, 1.21212114736e-23, 9.61827178388e-24, 1.04436585267e-23, 1.59949784241e-23, 1.4047048924e-23, 8.91386474946e-24], "var": [0.000114272123028, 8.04833034636e-05, 8.57621307659e-06, 1.34108211114e-06, 5.19423622336e-07, 1.50440598645e-07, 1.22885694509e-07, 1.68671903111e-07, 1.99045743443e-07, 8.32765181258e-08, 2.71609597036e-08, 3.77450035671e-08, 4.9916522471e-08, 2.27011973664e-08, 1.6881665843e-08, 1.46187648653e-08, 1.50696628509e-08, 1.22990009288e-08, 1.77187473582e-08, 3.86008913722e-09, 1.73389902436e-09, 2.77196487986e-09, 1.53858692453e-09, 1.25486276925e-09, 1.18077336797e-09, 2.9120453271e-10, 2.3821700168e-10, 1.53321272345e-10, 1.53797447e-10, 7.90681548013e-11, 3.45796558054e-10, 2.28677687897e-10, 4.7527513175e-11, 4.40371350496e-11, 3.92681581696e-11, 2.42877089968e-11, 6.90326398475e-12, 6.24082079417e-12, 6.53422845345e-12, 6.83541417912e-12], "median": [0.00510039227083, 0.00114306714386, 0.00029406248359, 0.000307820999296, 0.000264166214038, 0.00010665012087, 5.92740761931e-05, 4.36098707723e-05, 3.68050787074e-05, 2.78067509498e-05, 6.17267187408e-06, 3.38971381098e-06, 2.18226500692e-06, 1.84177895335e-06, 1.91811159311e-06, 1.48879212247e-06, 1.30077182803e-06, 1.46542834045e-06, 1.22785797885e-06, 6.429726227e-07, 7.11611789939e-07, 8.55016253354e-07, 7.90011938534e-07, 9.44738644648e-07, 8.71526026458e-07, 8.85531903805e-07, 9.99142571345e-07, 8.83711209099e-07, 9.6900544122e-07, 7.34635705157e-07, 1.90904120245e-06, 2.34245658248e-06, 1.12737802738e-06, 1.2305653172e-06, 1.58811531037e-06, 1.03664672224e-06, 8.03676471151e-07, 7.09671326149e-07, 7.49074558826e-07, 6.09202857049e-07]}, "silence_rate_60dB": {"dmean": 0.050454646349, "dmean2": 0.100859440863, "max": 1, "dvar": 0.047918047756, "mean": 0.104673728347, "dvar2": 0.105188757181, "min": 0, "var": 0.0937433093786, "median": 0}, "spectral_energyband_middle_high": {"dmean": 0.00212662061676, "dmean2": 0.00291230506264, "max": 0.0937024056911, "dvar": 3.5922479583e-05, "mean": 0.00304648536257, "dvar2": 7.29574967409e-05, "min": 1.88681472921e-21, "var": 5.92610012973e-05, "median": 0.000353309034836}, "erbbands_skewness": {"dmean": 0.699969530106, "dmean2": 1.0140311718, "max": 9.13168907166, "dvar": 0.559336602688, "mean": 0.347042530775, "dvar2": 1.18564677238, "min": -7.63775730133, "var": 1.81989490986, "median": 0.39552116394}, "dynamic_complexity": 3.70554161072, "dissonance": {"dmean": 0.0258685126901, "dmean2": 0.0411161407828, "max": 0.500000178814, "dvar": 0.000806224707048, "mean": 0.449748873711, "dvar2": 0.00189980282448, "min": 0.114612370729, "var": 0.00237173703499, "median": 0.463900864124}, "spectral_skewness": {"dmean": 0.408594071865, "dmean2": 0.561139822006, "max": 12.431596756, "dvar": 0.236376479268, "mean": 1.52368211746, "dvar2": 0.44548240304, "min": -0.0385481715202, "var": 1.2394708395, "median": 1.29191303253}, "spectral_kurtosis": {"dmean": 2.46132683754, "dmean2": 3.74472260475, "max": 223.71383667, "dvar": 29.0024299622, "mean": 4.70873355865, "dvar2": 69.2633209229, "min": -1.1813904047, "var": 140.886306763, "median": 1.84730672836}, "gfcc": {"cov": [[10821.6220703, -790.499084473, -644.686950684, -23.1522903442, 477.983154297, 530.249084473, -496.094146729, 344.300323486, -524.285827637, 98.5685882568, -306.67755127, 151.966659546, -299.440673828], [-790.499084473, 3769.13598633, 468.893890381, -390.626068115, 546.91595459, -175.884872437, 123.858673096, -72.9491577148, 366.613983154, -329.222625732, 340.071685791, -216.317596436, 244.109832764], [-644.686950684, 468.893890381, 1983.64648438, 569.929626465, -39.5287208557, -28.6898002625, 302.18838501, 101.23449707, 159.418807983, 142.280303955, 11.7118635178, 7.92529773712, 23.6004447937], [-23.1522903442, -390.626068115, 569.929626465, 796.684326172, 120.465957642, 154.311340332, 153.275817871, 36.4960594177, 68.3057861328, 76.4615325928, 8.59352874756, 2.70297598839, 16.4492416382], [477.983154297, 546.91595459, -39.5287208557, 120.465957642, 906.536621094, 337.328979492, 144.481033325, 142.540939331, 85.7685546875, -37.957359314, 92.0974273682, -21.8672885895, 17.6069545746], [530.249084473, -175.884872437, -28.6898002625, 154.311340332, 337.328979492, 441.936889648, 182.516647339, 99.7103271484, 29.3054065704, 48.4788780212, 32.0357475281, 12.4853496552, -32.9326934814], [-496.094146729, 123.858673096, 302.18838501, 153.275817871, 144.481033325, 182.516647339, 373.939056396, 96.0645065308, 95.9213409424, 48.4202461243, 63.8353919983, 15.6140136719, 13.1982307434], [344.300323486, -72.9491577148, 101.23449707, 36.4960594177, 142.540939331, 99.7103271484, 96.0645065308, 212.711791992, 73.8605575562, 54.5074806213, 15.3154020309, 17.3464107513, -19.0355186462], [-524.285827637, 366.613983154, 159.418807983, 68.3057861328, 85.7685546875, 29.3054065704, 95.9213409424, 73.8605575562, 234.879165649, 54.180103302, 79.3389434814, -41.4195251465, 51.6681365967], [98.5685882568, -329.222625732, 142.280303955, 76.4615325928, -37.957359314, 48.4788780212, 48.4202461243, 54.5074806213, 54.180103302, 161.161178589, 0.134515926242, 33.7255935669, -23.6534233093], [-306.67755127, 340.071685791, 11.7118635178, 8.59352874756, 92.0974273682, 32.0357475281, 63.8353919983, 15.3154020309, 79.3389434814, 0.134515926242, 152.559570312, 5.79190301895, 43.3179664612], [151.966659546, -216.317596436, 7.92529773712, 2.70297598839, -21.8672885895, 12.4853496552, 15.6140136719, 17.3464107513, -41.4195251465, 33.7255935669, 5.79190301895, 94.6148605347, 5.07936906815], [-299.440673828, 244.109832764, 23.6004447937, 16.4492416382, 17.6069545746, -32.9326934814, 13.1982307434, -19.0355186462, 51.6681365967, -23.6534233093, 43.3179664612, 5.07936906815, 96.82472229]], "mean": [-40.0004692078, 66.3546066284, -63.9632835388, 45.6638565063, -68.3908081055, 20.2275791168, -33.9706420898, 9.36869049072, -14.9653787613, 11.761557579, -15.6528940201, 3.86101436615, -9.0470123291], "icov": [[0.0001936841727, -0.000227693104534, 0.000114896880405, -0.00020653847605, 8.03749935585e-05, -0.000346716260538, 0.000445555575425, -0.000587851973251, 0.000680313271005, -0.000536872888915, 0.00039258931065, -0.000283265835606, 0.000216308384552], [-0.000227693104534, 0.00129619881045, -0.000680415134411, 0.00110228394624, -0.000708544510417, 0.000731084030122, -0.000607731344644, 0.00131445308216, -0.00188291177619, 0.00240916479379, -0.00176280387677, 0.00143061880954, -0.000967820698861], [0.000114896880405, -0.000680415134411, 0.0011517504463, -0.0010848348029, 0.000370251975255, 0.000178372007213, -0.000312065065373, -0.000821974070277, 0.000831925484817, -0.00161013682373, 0.0011114779627, -0.000700908945873, 0.000550839700736], [-0.00020653847605, 0.00110228394624, -0.0010848348029, 0.00274238199927, -0.000691859517246, -3.50048976543e-05, -0.000576623599045, 0.00150029186625, -0.00161172600929, 0.00159105157945, -0.00124728679657, 0.0014079780085, -0.00139888783451], [8.03749935585e-05, -0.000708544510417, 0.000370251975255, -0.000691859517246, 0.00228896434419, -0.00173609657213, 0.000486260949401, -0.00155662745237, 0.000761512201279, -0.000204325988307, 0.000270782940788, -0.00041424765368, 0.000127478633658], [-0.000346716260538, 0.000731084030122, 0.000178372007213, -3.50048976543e-05, -0.00173609657213, 0.00536368181929, -0.00267893704586, 0.000929997942876, -0.000950753281359, 0.000281535933027, -0.0011497719679, 0.000888976093847, 0.000778951565735], [0.000445555575425, -0.000607731344644, -0.000312065065373, -0.000576623599045, 0.000486260949401, -0.00267893704586, 0.00560383312404, -0.00214792438783, 0.000696703675203, -0.000857711478602, 3.49784604623e-05, -0.00153950008098, 0.000382197147701], [-0.000587851973251, 0.00131445308216, -0.000821974070277, 0.00150029186625, -0.00155662745237, 0.000929997942876, -0.00214792438783, 0.00952957943082, -0.00570108974352, 0.00224993983284, -0.00090258626733, -0.00123026163783, 0.00163942924701], [0.000680313271005, -0.00188291177619, 0.000831925484817, -0.00161172600929, 0.000761512201279, -0.000950753281359, 0.000696703675203, -0.00570108974352, 0.0140106705949, -0.00848341174424, -0.000647183565889, 0.00523775769398, -0.00428966293111], [-0.000536872888915, 0.00240916479379, -0.00161013682373, 0.00159105157945, -0.000204325988307, 0.000281535933027, -0.000857711478602, 0.00224993983284, -0.00848341174424, 0.0153676196933, -0.00244627986103, -0.00307788094506, 0.00261714938097], [0.00039258931065, -0.00176280387677, 0.0011114779627, -0.00124728679657, 0.000270782940788, -0.0011497719679, 3.49784604623e-05, -0.00090258626733, -0.000647183565889, -0.00244627986103, 0.0120424553752, -0.00446982961148, -0.00042850637692], [-0.000283265835606, 0.00143061880954, -0.000700908945873, 0.0014079780085, -0.00041424765368, 0.000888976093847, -0.00153950008098, -0.00123026163783, 0.00523775769398, -0.00307788094506, -0.00446982961148, 0.0186049006879, -0.00672868080437], [0.000216308384552, -0.000967820698861, 0.000550839700736, -0.00139888783451, 0.000127478633658, 0.000778951565735, 0.000382197147701, 0.00163942924701, -0.00428966293111, 0.00261714938097, -0.00042850637692, -0.00672868080437, 0.0175253916532]]}, "spectral_complexity": {"dmean": 3.56997108459, "dmean2": 4.9513168335, "max": 65, "dvar": 39.7382049561, "mean": 11.021566391, "dvar2": 49.3632087708, "min": 0, "var": 129.135269165, "median": 8}, "spectral_flux": {"dmean": 0.0468052960932, "dmean2": 0.0680858269334, "max": 0.571752071381, "dvar": 0.00327008217573, "mean": 0.102759107947, "dvar2": 0.00636396277696, "min": 1.0452673449e-10, "var": 0.00834675319493, "median": 0.0719870775938}, "spectral_energyband_low": {"dmean": 0.0192504264414, "dmean2": 0.0296498704702, "max": 0.312092065811, "dvar": 0.0012356704101, "mean": 0.0365166626871, "dvar2": 0.00279638450593, "min": 4.38533425456e-23, "var": 0.00219400343485, "median": 0.018936695531}, "spectral_decrease": {"dmean": 5.64006885639e-09, "dmean2": 8.26117396713e-09, "max": -2.7131814944e-29, "dvar": 8.24005827188e-17, "mean": -1.24978996041e-08, "dvar2": 1.69600070305e-16, "min": -8.69644480872e-08, "var": 1.7948004789e-16, "median": -7.39368166691e-09}, "barkbands_spread": {"dmean": 9.7379026413, "dmean2": 14.6183462143, "max": 124.607124329, "dvar": 168.483627319, "mean": 20.3829116821, "dvar2": 339.860321045, "min": 0.157272607088, "var": 446.303894043, "median": 12.345290184}, "spectral_rms": {"dmean": 0.00141427968629, "dmean2": 0.00200251932256, "max": 0.0179969985038, "dvar": 3.32195645569e-06, "mean": 0.0059638149105, "dvar2": 5.97636108068e-06, "min": 3.26486667562e-12, "var": 1.23039662867e-05, "median": 0.00533232511953}, "spectral_centroid": {"dmean": 432.937835693, "dmean2": 620.940917969, "max": 10948.0253906, "dvar": 328930.15625, "mean": 1429.80126953, "dvar2": 518951.71875, "min": 113.874893188, "var": 1557839.375, "median": 989.823608398}, "barkbands_skewness": {"dmean": 1.47474682331, "dmean2": 2.15954065323, "max": 22.82188797, "dvar": 2.78402853012, "mean": 3.18533086777, "dvar2": 5.49557495117, "min": -11.1289548874, "var": 12.4362840652, "median": 2.73005628586}, "spectral_rolloff": {"dmean": 780.729064941, "dmean2": 1271.52258301, "max": 18906.1523438, "dvar": 2647348, "mean": 1754.31188965, "dvar2": 4727730.5, "min": 21.533203125, "var": 7760186, "median": 322.998046875}, "erbbands_spread": {"dmean": 19.9247207642, "dmean2": 28.4957389832, "max": 201.602966309, "dvar": 453.980926514, "mean": 59.5946121216, "dvar2": 847.407592773, "min": 1.06212770939, "var": 1639.02124023, "median": 49.2890853882}, "barkbands": {"dmean": [0.00139443192165, 0.0166583638638, 0.00532778771594, 0.00210492755286, 0.00205937889405, 0.000818900414743, 0.000558126252145, 0.000370357156498, 0.000505991221871, 0.000180021452252, 0.000306046480546, 0.000315045530442, 0.000268000992946, 0.000342471117619, 0.00038001165376, 0.000162102805916, 0.000230977500905, 0.000199616668397, 0.000156057867571, 0.000154456312885, 0.000129438907607, 0.000301649299217, 0.000198931855266, 0.000114237278467, 0.000136141825351, 7.47735975892e-05, 5.85222915106e-06], "dmean2": [0.00237590493634, 0.0276330094784, 0.00975563377142, 0.00389787484892, 0.00346174393781, 0.00136380689219, 0.000897848920431, 0.000567834940739, 0.000788781035226, 0.000279609957943, 0.000491076614708, 0.00050673232181, 0.000406365696108, 0.000516098691151, 0.000605615729, 0.000230990699492, 0.000357351877028, 0.000291342206765, 0.000245182105573, 0.000228236371186, 0.000180621413165, 0.000412359251641, 0.000282239750959, 0.000158369730343, 0.000193601241335, 9.63729980867e-05, 8.98905091162e-06], "max": [0.0576802417636, 0.292390793562, 0.128083497286, 0.0683849453926, 0.0777327716351, 0.0492286719382, 0.069690592587, 0.0524804331362, 0.0355777442455, 0.0443861745298, 0.0753712058067, 0.0609524399042, 0.0354365184903, 0.0243407543749, 0.0284973531961, 0.0214859507978, 0.0177097152919, 0.00752327218652, 0.00777609460056, 0.0136741362512, 0.00537982722744, 0.0050285384059, 0.00378771335818, 0.00263632391579, 0.00167178688571, 0.00139649782795, 0.000236329709878], "dvar": [9.15055534279e-06, 0.00111983856186, 0.000220710237045, 4.99081215821e-05, 1.22954015751e-05, 3.10178347718e-06, 2.09842414733e-06, 1.67417533703e-06, 1.37177323722e-06, 3.44810672459e-07, 1.68091423802e-06, 1.14519286853e-06, 7.61486489864e-07, 1.27214298118e-06, 1.38739324029e-06, 2.96662136634e-07, 6.77908076341e-07, 4.46211032568e-07, 3.12231406951e-07, 1.34511580541e-07, 7.605989083e-08, 2.0457730443e-07, 6.9775850875e-08, 2.05764720818e-08, 4.02588860027e-08, 1.3621843209e-08, 9.75716660245e-11], "mean": [0.00193808367476, 0.0289776958525, 0.0046972790733, 0.0019480981864, 0.00321574928239, 0.00138798193075, 0.000909333990421, 0.00064722483512, 0.00084780639736, 0.000245475384872, 0.000344319239957, 0.000384128768928, 0.000340663187671, 0.00036996541894, 0.000515919062309, 0.000197580418899, 0.000233976170421, 0.000216676955461, 0.000154894572916, 0.000166825615452, 0.000159644681844, 0.000479367619846, 0.00024388654856, 0.000155596033437, 0.000178946895176, 0.000103313766886, 7.03833802618e-06], "dvar2": [2.62044068222e-05, 0.00303823361173, 0.000638844736386, 0.000145781363244, 3.22953492287e-05, 7.90674039308e-06, 5.20095636602e-06, 3.62671539733e-06, 2.89592526315e-06, 6.26031066986e-07, 3.93788059228e-06, 2.77165941043e-06, 1.55130408075e-06, 2.71731732937e-06, 3.33131288244e-06, 6.07281094744e-07, 1.61864977599e-06, 1.0029546047e-06, 7.9473943515e-07, 3.02824673781e-07, 1.5771573203e-07, 3.46009244367e-07, 1.45394380979e-07, 4.42655974098e-08, 7.73008750343e-08, 2.50765808119e-08, 2.26794943936e-10], "min": [4.80446899083e-24, 2.76200334648e-23, 1.42004523934e-23, 4.47562640603e-24, 5.10083803758e-23, 1.19268456129e-23, 2.97465247863e-23, 4.27918166017e-23, 2.24351299916e-23, 1.39723826083e-22, 6.80472047932e-23, 1.91307932924e-22, 9.27041820347e-23, 3.87521230149e-23, 2.88799175367e-22, 1.95736396098e-22, 2.11215550998e-22, 1.79405940374e-22, 2.85812106218e-22, 3.61593745088e-22, 5.04986241386e-22, 4.96851305783e-22, 6.17642444897e-22, 1.08199879032e-21, 1.12209513863e-21, 1.38958436629e-21, 2.83600912693e-21], "var": [9.94109177554e-06, 0.00141484930646, 0.000179225578904, 2.95209447359e-05, 2.26990887313e-05, 6.16246461504e-06, 4.10329903389e-06, 4.88799696541e-06, 4.12397730543e-06, 1.12464886115e-06, 2.98319650938e-06, 1.6847433244e-06, 1.41602436088e-06, 1.6307030819e-06, 2.51760525316e-06, 5.40238374924e-07, 7.41159681183e-07, 5.19858531334e-07, 2.87008475652e-07, 1.7477510994e-07, 1.25243815319e-07, 4.83158260067e-07, 1.19611357263e-07, 4.38568150685e-08, 6.55831513541e-08, 2.51972327447e-08, 1.46301512571e-10], "median": [0.000801210058853, 0.0155219417065, 0.000493826344609, 0.000438550370745, 0.00148670736235, 0.000634857686237, 0.000301755761029, 0.000107892992673, 0.000229809476878, 2.40162698901e-05, 1.51521244334e-05, 1.76275880222e-05, 1.53771034093e-05, 1.48681428982e-05, 1.71288356796e-05, 9.63355887507e-06, 1.42527478602e-05, 1.93514988496e-05, 2.37145832216e-05, 3.33777279593e-05, 3.61674792657e-05, 0.000134742862429, 8.49367133924e-05, 6.71577145113e-05, 5.98694714427e-05, 1.6176563804e-05, 1.0057478903e-06]}, "melbands_kurtosis": {"dmean": 58.1101417542, "dmean2": 87.3997344971, "max": 2896.37573242, "dvar": 20435.3789062, "mean": 98.4039306641, "dvar2": 40075.5117188, "min": -1.9606692791, "var": 53500.5195312, "median": 25.4771385193}, "erbbands_crest": {"dmean": 2.56595230103, "dmean2": 4.11509227753, "max": 30.0779933929, "dvar": 6.172062397, "mean": 9.06229877472, "dvar2": 14.9740161896, "min": 2.14830183983, "var": 17.0580673218, "median": 8.13285446167}, "melbands_skewness": {"dmean": 2.03482079506, "dmean2": 2.96090459824, "max": 40.7305107117, "dvar": 6.36506175995, "mean": 5.64141702652, "dvar2": 11.9522914886, "min": -6.48377847672, "var": 29.7001571655, "median": 4.11708450317}, "spectral_energyband_middle_low": {"dmean": 0.00519577087834, "dmean2": 0.00892280414701, "max": 0.104733005166, "dvar": 0.00011729230755, "mean": 0.00901764538139, "dvar2": 0.000327744492097, "min": 1.79378790937e-22, "var": 0.000121879675135, "median": 0.00580776762217}, "spectral_contrast_coeffs": {"dmean": [0.0589843280613, 0.0445548444986, 0.0400943383574, 0.0303033161908, 0.027055632323, 0.0213404987007], "dmean2": [0.0964087322354, 0.0715910345316, 0.0645660236478, 0.0482573024929, 0.0406685806811, 0.0317801423371], "max": [-0.242145776749, -0.342783689499, -0.399306297302, -0.440599411726, -0.505472421646, -0.62411147356], "dvar": [0.00282408599742, 0.001513925381, 0.00124787143432, 0.000725022866391, 0.000524800270796, 0.000381762132747], "mean": [-0.671630263329, -0.733607828617, -0.785070121288, -0.81460994482, -0.812109589577, -0.788023412228], "dvar2": [0.00695100007579, 0.00363152544014, 0.00302637228742, 0.00164962734561, 0.00113848573528, 0.000762158480939], "min": [-0.945537388325, -0.968562960625, -0.971445500851, -0.962827444077, -0.956044614315, -0.961708247662], "var": [0.0117393443361, 0.00713829044253, 0.00626226514578, 0.00525781419128, 0.002125301864, 0.0014111812925], "median": [-0.692898154259, -0.740039944649, -0.796574831009, -0.83258754015, -0.81876295805, -0.788848221302]}, "spectral_contrast_valleys": {"dmean": [0.519159913063, 0.48622584343, 0.573366045952, 0.580804049969, 0.570288598537, 0.62252497673], "dmean2": [0.767310857773, 0.739599883556, 0.827910006046, 0.816377222538, 0.723157167435, 0.761129021645], "max": [-4.85820436478, -4.89357995987, -4.7704911232, -5.11361455917, -5.23715591431, -7.74173784256], "dvar": [0.365085124969, 0.333106935024, 0.414533257484, 0.462813854218, 0.340207487345, 0.406514972448], "mean": [-7.30974435806, -7.23023176193, -8.34492492676, -8.64905071259, -8.33243083954, -9.82967185974], "dvar2": [0.613391697407, 0.691078901291, 0.823067128658, 0.857635438442, 0.613871276379, 0.70367205143], "min": [-27.5418567657, -27.3204231262, -26.9563140869, -27.1193695068, -27.3458881378, -27.2193260193], "var": [2.51296401024, 1.3085039854, 1.46115517616, 1.67497014999, 1.44673061371, 1.73732948303], "median": [-6.79052639008, -7.01363325119, -8.37574100494, -8.6640996933, -8.20129203796, -9.52579975128]}, "silence_rate_20dB": {"dmean": 0, "dmean2": 0, "max": 1, "dvar": 0, "mean": 1, "dvar2": 0, "min": 1, "var": 0, "median": 1}, "silence_rate_30dB": {"dmean": 0.0816145464778, "dmean2": 0.163238152862, "max": 1, "dvar": 0.0749629065394, "mean": 0.883461773396, "dvar2": 0.14278896153, "min": 0, "var": 0.102949678898, "median": 1}, "spectral_strongpeak": {"dmean": 0.575329184532, "dmean2": 0.983998656273, "max": 16.4324703217, "dvar": 2.08910608292, "mean": 1.04547894001, "dvar2": 4.76794910431, "min": 0, "var": 3.17876625061, "median": 0.522385954857}, "spectral_spread": {"dmean": 1178773.25, "dmean2": 1545567.625, "max": 40130736, "dvar": 1650201722880.0, "mean": 6832298, "dvar2": 2784604979200.0, "min": 568912.75, "var": 6403165519870.0, "median": 6800973.5}, "barkbands_flatness_db": {"dmean": 0.0450469218194, "dmean2": 0.0647766515613, "max": 0.633148193359, "dvar": 0.00223569897935, "mean": 0.208865106106, "dvar2": 0.00422880612314, "min": 0.0246225036681, "var": 0.00975360069424, "median": 0.190860822797}, "pitch_salience": {"dmean": 0.103482447565, "dmean2": 0.168995931745, "max": 0.883582532406, "dvar": 0.0123965572566, "mean": 0.423292607069, "dvar2": 0.0312775783241, "min": 0.00598165299743, "var": 0.0294151883572, "median": 0.415336787701}, "erbbands_kurtosis": {"dmean": 2.68657970428, "dmean2": 4.27361488342, "max": 108.363830566, "dvar": 32.8739204407, "mean": 2.27453756332, "dvar2": 83.7847824097, "min": -1.94216430187, "var": 43.560005188, "median": 0.345336437225}, "average_loudness": 0.942914664745, "barkbands_crest": {"dmean": 3.35241222382, "dmean2": 5.35319805145, "max": 26.3965835571, "dvar": 11.1563539505, "mean": 15.4689130783, "dvar2": 27.6774215698, "min": 2.63086652756, "var": 33.734046936, "median": 15.9340391159}, "hfc": {"dmean": 11.9491300583, "dmean2": 15.5147886276, "max": 179.031387329, "dvar": 301.768951416, "mean": 20.9241065979, "dvar2": 598.02142334, "min": 1.19328400188e-16, "var": 572.673828125, "median": 12.4963922501}, "barkbands_kurtosis": {"dmean": 21.1542949677, "dmean2": 32.3960380554, "max": 964.686706543, "dvar": 2665.16796875, "mean": 31.0654411316, "dvar2": 4791.93408203, "min": -1.97948908806, "var": 5963.26318359, "median": 10.6106872559}, "erbbands": {"dmean": [0.564051806927, 3.60569405556, 6.07387781143, 7.2724852562, 5.42538309097, 8.60181522369, 7.46539735794, 6.35957527161, 6.68919372559, 8.21943855286, 9.57567024231, 11.4456596375, 6.49990129471, 8.25637435913, 12.7273712158, 11.9550237656, 11.4182386398, 15.848285675, 17.7438316345, 16.4676933289, 9.10836982727, 12.6726675034, 9.66881275177, 11.2883987427, 7.23310613632, 6.28920650482, 6.28843832016, 9.066447258, 9.17877578735, 6.35822677612, 5.80589962006, 3.04684138298, 1.70755827427, 1.68200576305, 0.886674046516, 0.425284445286, 0.117580257356, 0.0185303762555, 0.000914420990739, 3.91372086597e-05], "dmean2": [0.905919730663, 6.05111074448, 10.7093715668, 13.5248250961, 9.79748344421, 14.2844228745, 12.083445549, 10.8556671143, 11.055270195, 12.8345460892, 14.4163961411, 18.0384597778, 10.1694793701, 12.8743391037, 21.0444774628, 18.8004627228, 16.6753044128, 23.4874362946, 27.8510971069, 26.6531162262, 12.3768634796, 19.2706069946, 13.5490789413, 17.8046607971, 10.946846962, 9.18735980988, 8.77321529388, 12.5518312454, 12.8291339874, 8.91694831848, 8.5203962326, 4.33300733566, 2.30425524712, 2.49838066101, 1.17965734005, 0.548214554787, 0.160401910543, 0.0258130654693, 0.00139824149664, 5.36358529644e-05], "max": [10.2004117966, 65.8791656494, 133.856704712, 216.296463013, 215.125595093, 402.965118408, 388.87298584, 399.093200684, 425.275909424, 1456.01672363, 1411.7779541, 1111.99707031, 1351.08483887, 2033.92565918, 2054.42675781, 3073.32275391, 1212.5234375, 797.716186523, 1768.87976074, 1416.36303711, 921.670959473, 1159.3449707, 530.537658691, 471.439208984, 486.580444336, 601.468383789, 379.656341553, 172.004394531, 164.834671021, 176.829345703, 107.695495605, 63.6534729004, 54.9090538025, 23.915977478, 11.1968250275, 7.69823455811, 2.04501008987, 0.364954441786, 0.0291855484247, 0.000591933785472], "dvar": [0.921637952328, 64.1009750366, 251.438156128, 556.292114258, 198.293945312, 214.029876709, 184.731811523, 206.918029785, 250.417144775, 737.045410156, 914.059448242, 673.478637695, 325.259887695, 1199.13525391, 2515.60595703, 1874.56933594, 1289.02148438, 2686.64160156, 2747.16088867, 2988.20800781, 860.653442383, 1984.40026855, 904.838684082, 1995.24243164, 542.83807373, 253.516937256, 145.870376587, 253.762893677, 171.42590332, 83.8191146851, 65.8322372437, 16.2461662292, 5.0371928215, 5.71986293793, 1.86076390743, 0.44503724575, 0.0345620624721, 0.000880014616996, 2.40304188992e-06, 2.51196374812e-09], "mean": [1.08903944492, 5.42596817017, 6.42217493057, 6.39473247528, 6.70626974106, 13.1143093109, 13.3416690826, 9.38865852356, 10.3463144302, 14.1061668396, 18.0533809662, 18.8799686432, 9.1460981369, 11.3075370789, 13.852227211, 15.1096115112, 15.2525262833, 18.6850605011, 24.1632461548, 20.0054416656, 11.3435173035, 13.4500551224, 11.5150241852, 10.1545639038, 7.8223323822, 6.93355417252, 7.49719572067, 13.9060058594, 13.4727134705, 7.59066534042, 7.07440328598, 3.83209085464, 2.43454885483, 2.15107893944, 1.18734371662, 0.576840996742, 0.158198580146, 0.0243509355932, 0.001106575015, 8.2423328422e-05], "dvar2": [2.48289275169, 174.142120361, 682.89251709, 1625.89208984, 573.474182129, 536.778747559, 459.206695557, 539.995483398, 627.340881348, 1727.96252441, 1975.75646973, 1509.02697754, 598.825866699, 2777.99853516, 6201.82910156, 4611.54003906, 2553.10009766, 5150.87402344, 6172.74804688, 7317.60449219, 1721.58740234, 4588.27832031, 1874.10766602, 5118.52099609, 1329.41601562, 576.076843262, 275.852783203, 517.890563965, 319.354003906, 190.767883301, 134.159820557, 37.3248100281, 9.91821670532, 10.5587406158, 3.86691665649, 0.805334687233, 0.0711113214493, 0.00179317989387, 5.58138754059e-06, 4.54692594687e-09], "min": [5.23409993164e-22, 6.96588342435e-21, 1.41237826107e-20, 1.97156689544e-20, 8.48937336744e-20, 1.84118410235e-19, 1.69504300161e-19, 9.95295960143e-20, 2.45297308725e-19, 8.94699436848e-19, 6.30531243218e-19, 6.29471366359e-19, 1.93966801929e-18, 4.96177424841e-18, 3.5912087653e-18, 9.64944979314e-18, 4.72619362354e-18, 2.36140233229e-18, 4.79141598766e-18, 1.67954440798e-17, 1.38772551035e-17, 1.2106330068e-17, 1.09904080006e-17, 1.67431712282e-17, 1.19280345957e-17, 1.60635513651e-17, 1.73678944227e-17, 2.34293349852e-17, 1.9669812336e-17, 1.29948924451e-17, 2.05624543679e-17, 1.57784271711e-17, 2.12933461941e-17, 1.22849779193e-17, 8.18831961349e-18, 5.69762005927e-18, 2.41532458206e-18, 1.22949251797e-18, 4.10548349574e-19, 4.21021328546e-20], "var": [1.69979059696, 70.433555603, 249.73677063, 341.520507812, 162.560180664, 487.808441162, 468.457122803, 266.264923096, 460.929656982, 1370.02148438, 2725.80273438, 2104.29443359, 1035.17333984, 2487.76171875, 3503.7512207, 2609.18798828, 2531.85864258, 3842.91674805, 4717.41601562, 3872.7277832, 1524.01489258, 2341.8203125, 1276.18481445, 1669.82519531, 571.245605469, 320.309112549, 264.489501953, 457.740783691, 361.160583496, 140.491592407, 102.694084167, 26.3610954285, 12.0880413055, 9.34850025177, 3.02350592613, 0.803517043591, 0.0589409098029, 0.00147977890447, 3.57274643648e-06, 6.3551288676e-09], "median": [0.638844490051, 1.90908789635, 1.07626998425, 1.4041916132, 2.93385696411, 5.60524749756, 6.79050970078, 4.53729772568, 3.7515130043, 4.58924627304, 4.26773881912, 4.98914813995, 1.67815792561, 0.921771705151, 0.709570646286, 0.816983699799, 0.878859221935, 0.839445114136, 0.994638442993, 0.751129508018, 0.661854922771, 0.884408295155, 1.02469468117, 1.18649208546, 1.41160035133, 1.52459585667, 1.77453279495, 3.76265406609, 4.0198302269, 2.25473189354, 2.50566959381, 1.49741983414, 1.06934976578, 0.800246238708, 0.330935001373, 0.0973240658641, 0.0251680482179, 0.00376585032791, 0.000162132913829, 6.00047533226e-05]}, "spectral_energy": {"dmean": 0.0219010990113, "dmean2": 0.0318947732449, "max": 0.331989