{"metadata": {"version": {"essentia_git_sha": "v2.1_beta2", "essentia_build_sha": "70f2e5ece6736b2c40cc944ad0e695b16b925413", "extractor": "music 1.0", "essentia": "2.1-beta2"}, "audio_properties": {"analysis_sample_rate": 44100, "md5_encoded": "e598006be3e973555982edce3a29d6a3", "downmix": "mix", "sample_rate": 44100, "equal_loudness": 0, "lossless": false, "codec": "mp3", "bit_rate": 256000, "length": 95.1118392944, "replay_gain": -7.51922798157}, "tags": {"album": ["Hermit of Mink Hollow"], "albumartist": ["Todd Rundgren"], "musicbrainz_recordingid": ["04229463-2bfc-4e58-8e65-97b629e44a9e"], "file_name": "369717.mp3", "artist": ["Todd Rundgren"], "tracknumber": ["5"], "date": ["1990"], "title": ["05-Onomatopoeia"]}}, "rhythm": {"beats_loudness": {"var": 0.000745867320802, "mean": 0.0504216998816, "dmean2": 0.030913297087, "dvar": 0.000765915436205, "dmean": 0.0181300342083, "max": 0.299097388983, "min": 2.49222398452e-06, "median": 0.0471736565232, "dvar2": 0.00216131936759}, "beats_position": [0.603718817234, 1.25387752056, 1.90403628349, 2.55419492722, 3.20435357094, 3.85451245308, 4.5046710968, 5.15482997894, 5.80498838425, 6.45514726639, 7.10530614853, 7.74385452271, 8.39401340485, 9.04417228699, 9.69433116913, 10.3328800201, 10.9830379486, 11.6448068619, 12.3065757751, 12.9567346573, 13.6068935394, 14.2570514679, 14.90721035, 15.5573692322, 16.2075271606, 16.8576869965, 17.5078449249, 18.1580047607, 18.8081626892, 19.458322525, 20.1084804535, 20.758638382, 21.4087982178, 22.0589561462, 22.7091159821, 23.3592739105, 24.009431839, 24.6595916748, 25.3213596344, 25.9715194702, 26.6216773987, 27.2834453583, 27.9336051941, 28.5837631226, 29.2339229584, 29.8840808868, 30.5342407227, 31.1843986511, 31.8345565796, 32.4847145081, 33.1348762512, 33.7850341797, 34.4351921082, 35.0853500366, 35.7355079651, 36.3856697083, 37.0358276367, 37.6859855652, 38.3361434937, 38.9863014221, 39.6364631653, 40.2866210938, 40.9367790222, 41.5869369507, 42.2370948792, 42.8872566223, 43.5374145508, 44.1875724792, 44.8377304077, 45.4878921509, 46.1380500793, 46.7882080078, 47.4383659363, 48.0885238647, 48.7386856079, 49.3888435364, 50.0390014648, 50.6891593933, 51.3393173218, 51.9894790649, 52.6396369934, 53.2897949219, 53.9399528503, 54.5901107788, 55.240272522, 55.8904304504, 56.5405883789, 57.1907463074, 57.8409042358, 58.491065979, 59.1412239075, 59.7913818359, 60.4415397644, 61.0916976929, 61.741859436, 62.3920173645, 63.042175293, 63.6923332214, 64.3424911499, 64.9926528931, 65.6428070068, 66.29296875, 66.9431304932, 67.5932846069, 68.2434463501, 68.8936004639, 69.543762207, 70.1939239502, 70.8556900024, 71.5174560547, 72.1676177979, 72.817779541, 73.4679336548, 74.1180953979, 74.7682495117, 75.4184112549, 76.068572998, 76.7187271118, 77.368888855, 78.0190429688, 78.6692047119, 79.3193664551, 79.9695205688, 80.619682312, 81.2698364258, 81.9199981689, 82.5701599121, 83.2203140259, 83.870475769, 84.5206298828, 85.170791626, 85.8209533691, 86.4711074829, 87.1212692261, 87.7714233398, 88.4331970215, 89.0717468262, 89.7219009399, 90.3720626831, 91.0222167969, 91.67237854, 92.3225402832, 92.972694397, 93.6692962646, 94.3658905029], "bpm_histogram_first_peak_spread": {"var": 0, "mean": 0.0211267471313, "dmean2": 0, "dvar": 0, "dmean": 0, "max": 0.0211267471313, "min": 0.0211267471313, "median": 0.0211267471313, "dvar2": 0}, "danceability": 1.57064533234, "bpm_histogram_second_peak_weight": {"var": 0, "mean": 0.0138888889924, "dmean2": 0, "dvar": 0, "dmean": 0, "max": 0.0138888889924, "min": 0.0138888889924, "median": 0.0138888889924, "dvar2": 0}, "bpm_histogram_first_peak_weight": {"var": 0, "mean": 0.965277791023, "dmean2": 0, "dvar": 0, "dmean": 0, "max": 0.965277791023, "min": 0.965277791023, "median": 0.965277791023, "dvar2": 0}, "bpm": 92.240852356, "bpm_histogram_second_peak_spread": {"var": 0, "mean": 0, "dmean2": 0, "dvar": 0, "dmean": 0, "max": 0, "min": 0, "median": 0, "dvar2": 0}, "bpm_histogram_second_peak_bpm": {"var": 0, "mean": 86, "dmean2": 0, "dvar": 0, "dmean": 0, "max": 86, "min": 86, "median": 86, "dvar2": 0}, "beats_count": 145, "beats_loudness_band_ratio": {"var": [0.0324662923813, 0.0114186257124, 0.0227874200791, 0.00537888612598, 0.000995676615275, 0.0195961594582], "mean": [0.277700483799, 0.196806654334, 0.273011386395, 0.0787139311433, 0.0473815985024, 0.176474526525], "dmean2": [0.229900419712, 0.175855964422, 0.254884570837, 0.0877580493689, 0.0439440310001, 0.215754181147], "dvar": [0.0203392468393, 0.0101867634803, 0.0164758022875, 0.00412727240473, 0.000635888194665, 0.0211819447577], "dmean": [0.136566132307, 0.102036885917, 0.144171237946, 0.0495674982667, 0.0268663708121, 0.127171352506], "max": [0.999829113483, 0.780223548412, 0.777149856091, 0.409341692924, 0.166839271784, 0.95174998045], "min": [0.0058850380592, 2.48813666985e-05, 7.17514922144e-06, 7.22476988813e-06, 9.92653804133e-06, 0.000135307302116], "median": [0.269893974066, 0.177792966366, 0.2576354146, 0.0511409491301, 0.0397216081619, 0.146020770073], "dvar2": [0.0495830327272, 0.0304195601493, 0.0458431877196, 0.0108131840825, 0.00167767133098, 0.0549896135926]}, "onset_rate": 3.78420948982, "bpm_histogram_first_peak_bpm": {"var": 0, "mean": 92, "dmean2": 0, "dvar": 0, "dmean": 0, "max": 92, "min": 92, "median": 92, "dvar2": 0}}, "lowlevel": {"hfc": {"var": 5886.82373047, "mean": 38.7618598938, "dmean2": 48.0501670837, "dvar": 6836.42236328, "dmean": 29.9652423859, "max": 1335.02575684, "min": 1.12907837508e-16, "median": 17.6035652161, "dvar2": 17358.1328125}, "barkbands_spread": {"var": 443.390167236, "mean": 23.6867866516, "dmean2": 14.324213028, "dvar": 209.464202881, "dmean": 9.75878715515, "max": 111.077735901, "min": 0.049772746861, "median": 16.3139381409, "dvar2": 424.11730957}, "spectral_spread": {"var": 6369488404480.0, "mean": 5106617, "dmean2": 1446726, "dvar": 2245647400960.0, "dmean": 1065450.625, "max": 39885328, "min": 1571573.5, "median": 4371423, "dvar2": 3556625088510.0}, "spectral_energy": {"var": 0.000641076650936, "mean": 0.0353841073811, "dmean2": 0.0212953425944, "dvar": 0.000395491602831, "dmean": 0.0137998461723, "max": 0.277581572533, "min": 9.99251224408e-21, "median": 0.0316786244512, "dvar2": 0.000965900835581}, "gfcc": {"icov": [[8.69091963978e-05, -1.89944748854e-05, -8.76649937709e-06, 1.21773782666e-05, 0.000135627313284, 5.39487555216e-05, 3.36926859745e-05, -6.28680718364e-05, 4.55337503809e-05, -9.50756730163e-05, 0.000171848747414, -9.28737881623e-06, 0.000342506944435], [-1.89944748854e-05, 0.000707962433808, 0.000277600134723, -2.99271832773e-05, -0.000566205242649, -1.67244888871e-05, -1.86928245967e-05, 0.000553949386813, -0.000235956977122, 0.00104087521322, -0.000939202203881, 0.00146947836038, -0.000755834276788], [-8.76649937709e-06, 0.000277600134723, 0.00130242516752, -0.000236053630942, -0.000639220175799, -0.000396851741243, -0.000494116102345, -4.37437702203e-05, 0.000737438327633, -0.000107392581413, 0.000348489469616, -0.000138595016324, 0.00109331996646], [1.21773782666e-05, -2.99271832773e-05, -0.000236053630942, 0.00224891374819, -0.000170486338902, -0.000931235437747, 0.000505759613588, -0.00114712491632, -0.000439229304902, 0.00110680458602, -0.000200768467039, 4.6384990128e-05, 0.000248379568802], [0.000135627313284, -0.000566205242649, -0.000639220175799, -0.000170486338902, 0.00376348919235, 0.000731698062737, -0.000896740995813, 0.000194347070646, -0.000226360396482, -0.000660277204588, 0.000179311493412, -6.95870403433e-05, -0.000705023296177], [5.39487555216e-05, -1.67244888871e-05, -0.000396851741243, -0.000931235437747, 0.000731698062737, 0.00503511168063, -0.00111989188008, 0.000397133175284, 0.000590464798734, -0.00178214209154, 0.00081638013944, -0.000432717119111, -0.000961585261393], [3.36926859745e-05, -1.86928245967e-05, -0.000494116102345, 0.000505759613588, -0.000896740995813, -0.00111989188008, 0.00661179097369, -0.000900781946257, -0.00148415728472, 0.00291425688192, -0.00137535098474, -0.00101935281418, 0.00140307517722], [-6.28680718364e-05, 0.000553949386813, -4.37437702203e-05, -0.00114712491632, 0.000194347070646, 0.000397133175284, -0.000900781946257, 0.00722599495202, -0.000124562124256, -0.000403334677685, -0.00153268792201, 0.00336554949172, -0.00329097919166], [4.55337503809e-05, -0.000235956977122, 0.000737438327633, -0.000439229304902, -0.000226360396482, 0.000590464798734, -0.00148415728472, -0.000124562124256, 0.00769531307742, -0.00423429859802, 0.00289279874414, -0.00187833805103, 0.00225007394329], [-9.50756730163e-05, 0.00104087521322, -0.000107392581413, 0.00110680458602, -0.000660277204588, -0.00178214209154, 0.00291425688192, -0.000403334677685, -0.00423429859802, 0.0145209953189, -0.00504387915134, 0.00171639001928, -5.15021129104e-05], [0.000171848747414, -0.000939202203881, 0.000348489469616, -0.000200768467039, 0.000179311493412, 0.00081638013944, -0.00137535098474, -0.00153268792201, 0.00289279874414, -0.00504387915134, 0.0148931480944, -0.00304481992498, 0.000987352686934], [-9.28737881623e-06, 0.00146947836038, -0.000138595016324, 4.6384990128e-05, -6.95870403433e-05, -0.000432717119111, -0.00101935281418, 0.00336554949172, -0.00187833805103, 0.00171639001928, -0.00304481992498, 0.0137207731605, -0.00401081005111], [0.000342506944435, -0.000755834276788, 0.00109331996646, 0.000248379568802, -0.000705023296177, -0.000961585261393, 0.00140307517722, -0.00329097919166, 0.00225007394329, -5.15021129104e-05, 0.000987352686934, -0.00401081005111, 0.0167272444814]], "mean": [6.04916238785, 90.4322509766, -99.0677490234, 20.2852630615, -59.1170158386, 2.19936490059, -36.6745376587, -2.03193259239, -19.4998416901, -2.99064993858, -19.8579902649, -8.08373260498, -11.2764139175], "cov": [[14567.4746094, -914.308288574, 159.695800781, -159.778274536, -701.582519531, -126.457290649, -180.747299194, 3.51195383072, 45.4621315002, 117.354827881, -191.59916687, -74.2167358398, -380.890808105], [-914.308288574, 3048.99243164, -666.25, -13.9884109497, 394.094604492, -155.97517395, 7.15361404419, -62.4824905396, -53.6733436584, -182.442703247, 106.386405945, -241.649688721, 137.434860229], [159.695800781, -666.25, 1183.48791504, 148.801513672, 86.8983459473, 131.375411987, 112.636032104, 17.3172836304, -55.9613113403, 9.25642108917, -35.734539032, 49.6751823425, -86.1887054443], [-159.778274536, -13.9884109497, 148.801513672, 560.916870117, 28.43542099, 98.8882064819, 9.59593868256, 91.5118637085, -4.93007993698, -28.2440223694, -2.15202879906, -13.2855529785, 6.18503475189], [-701.582519531, 394.094604492, 86.8983459473, 28.43542099, 387.021331787, -28.8499145508, 61.3897209167, -8.22751045227, 2.09472823143, -23.3213977814, 19.0683517456, -18.645898819, 28.0067844391], [-126.457290649, -155.97517395, 131.375411987, 98.8882064819, -28.8499145508, 250.537063599, 32.9187240601, 9.84997367859, -6.9367609024, 19.7989826202, -7.26487970352, 21.6635246277, 4.46664428711], [-180.747299194, 7.15361404419, 112.636032104, 9.59593868256, 61.3897209167, 32.9187240601, 198.730529785, 7.30459690094, 18.3306655884, -28.5645332336, 8.01982402802, 18.6640281677, -12.7846975327], [3.51195383072, -62.4824905396, 17.3172836304, 91.5118637085, -8.22751045227, 9.84997367859, 7.30459690094, 186.807296753, -10.3222503662, 7.41885471344, 12.911447525, -30.8442211151, 24.227432251], [45.4621315002, -53.6733436584, -55.9613113403, -4.93007993698, 2.09472823143, -6.9367609024, 18.3306655884, -10.3222503662, 177.916732788, 43.3732299805, -16.4589385986, 17.7405605316, -22.077835083], [117.354827881, -182.442703247, 9.25642108917, -28.2440223694, -23.3213977814, 19.7989826202, -28.5645332336, 7.41885471344, 43.3732299805, 108.98260498, 14.8699569702, 8.73035049438, -11.104804039], [-191.59916687, 106.386405945, -35.734539032, -2.15202879906, 19.0683517456, -7.26487970352, 8.01982402802, 12.911447525, -16.4589385986, 14.8699569702, 87.4121856689, 4.04225587845, 11.4209356308], [-74.2167358398, -241.649688721, 49.6751823425, -13.2855529785, -18.645898819, 21.6635246277, 18.6640281677, -30.8442211151, 17.7405605316, 8.73035049438, 4.04225587845, 112.417228699, 4.73344659805], [-380.890808105, 137.434860229, -86.1887054443, 6.18503475189, 28.0067844391, 4.46664428711, -12.7846975327, 24.227432251, -22.077835083, -11.104804039, 11.4209356308, 4.73344659805, 90.0061569214]]}, "silence_rate_60dB": {"var": 0.032084453851, "mean": 0.0331869199872, "dmean2": 0.0322265625, "dvar": 0.0158497262746, "dmean": 0.0161093492061, "max": 1, "min": 0, "median": 0, "dvar2": 0.0365582592785}, "spectral_centroid": {"var": 585456.875, "mean": 1133.15307617, "dmean2": 402.195007324, "dvar": 151494.640625, "dmean": 275.759338379, "max": 11208.5576172, "min": 182.034484863, "median": 929.112915039, "dvar2": 272680.0625}, "spectral_complexity": {"var": 76.4600906372, "mean": 18.7628116608, "dmean2": 6.099609375, "dvar": 21.4325027466, "dmean": 4.12594604492, "max": 56, "min": 0, "median": 18, "dvar2": 42.6245307922}, "melbands_spread": {"var": 456.115203857, "mean": 21.2531795502, "dmean2": 11.5726985931, "dvar": 169.770812988, "dmean": 7.81802940369, "max": 217.486022949, "min": 0.0409910157323, "median": 15.0896091461, "dvar2": 340.646514893}, "spectral_strongpeak": {"var": 1.18007051945, "mean": 0.911560475826, "dmean2": 0.86064773798, "dvar": 1.02353286743, "dmean": 0.50310331583, "max": 22.0926933289, "min": 0, "median": 0.599255919456, "dvar2": 2.91205644608}, "zerocrossingrate": {"var": 0.00432905787602, "mean": 0.0731443613768, "dmean2": 0.0263993740082, "dvar": 0.00115597713739, "dmean": 0.0223498623818, "max": 0.505859375, "min": 0, "median": 0.04833984375, "dvar2": 0.00147211691365}, "erbbands_kurtosis": {"var": 5.14819335938, "mean": 0.451867341995, "dmean2": 1.76975297928, "dvar": 2.44193935394, "dmean": 1.11341619492, "max": 21.3342590332, "min": -1.81619167328, "median": -0.227312922478, "dvar2": 5.56175804138}, "spectral_energyband_middle_low": {"var": 0.000244068301981, "mean": 0.0207016598433, "dmean2": 0.0112430267036, "dvar": 8.07940232335e-05, "dmean": 0.00734508782625, "max": 0.193219617009, "min": 2.55603605553e-22, "median": 0.0184381362051, "dvar2": 0.000192877530935}, "erbbands": {"var": [0.0433619916439, 5.06650352478, 37.384853363, 195.181274414, 723.813049316, 544.371887207, 421.418395996, 1566.84143066, 3452.93457031, 7670.80078125, 3854.29736328, 2580.76196289, 2464.54199219, 1293.62219238, 958.551513672, 425.79876709, 742.397155762, 395.578948975, 906.661987305, 658.01171875, 374.343200684, 476.816741943, 526.304321289, 652.281616211, 649.789550781, 402.472961426, 351.990753174, 607.48626709, 484.153137207, 731.666564941, 335.491027832, 168.393325806, 142.218597412, 51.1928367615, 10.5826301575, 3.57735037804, 4.70185232162, 5.5506196022, 0.26632604003, 0.000206028547836], "mean": [0.0824798718095, 0.942300260067, 4.47759342194, 11.952375412, 21.0678081512, 19.9041156769, 18.9139137268, 21.9273033142, 32.6870498657, 55.960231781, 44.4068145752, 37.882850647, 29.0375671387, 20.8483028412, 21.2434139252, 14.2075099945, 15.4906244278, 16.0974979401, 25.1276817322, 20.7987556458, 15.4127035141, 13.5587043762, 10.9226055145, 9.18015480042, 12.4123659134, 12.3840284348, 10.1096324921, 10.7099704742, 11.4662303925, 12.6799468994, 8.55969238281, 5.94762516022, 4.39426660538, 2.53874087334, 1.22751426697, 0.645530760288, 0.556722044945, 0.529663980007, 0.112977102399, 0.0032816992607], "dmean2": [0.14509819448, 1.775821805, 5.3422870636, 10.6455774307, 14.7888860703, 13.971370697, 16.0617313385, 20.9235706329, 30.4122238159, 49.5177993774, 45.7186927795, 41.515789032, 29.9268665314, 20.839017868, 22.2723045349, 13.6886177063, 15.5093250275, 14.9998893738, 24.6622276306, 18.2068767548, 14.8656215668, 10.8714771271, 8.85058689117, 8.34823417664, 10.5688304901, 11.5829305649, 11.2761573792, 11.9531087875, 12.8324708939, 13.8161058426, 10.9555311203, 7.90973854065, 6.68409013748, 3.99122714996, 2.00651979446, 1.15664553642, 1.21420252323, 1.28157091141, 0.276627987623, 0.00783485081047], "dvar": [0.0551091469824, 7.91594362259, 49.3895301819, 138.529571533, 239.206039429, 209.458572388, 247.215652466, 797.393188477, 1973.36022949, 3491.53222656, 2190.49658203, 1570.43676758, 1611.70935059, 754.247619629, 649.070861816, 268.105438232, 491.247039795, 210.571609497, 460.903625488, 279.768371582, 199.193359375, 202.391021729, 174.316360474, 335.364868164, 210.158508301, 173.576599121, 205.486968994, 281.298034668, 250.812576294, 304.937530518, 219.14302063, 111.860275269, 129.422866821, 52.0859222412, 10.0141963959, 3.85317492485, 6.26266384125, 7.82783460617, 0.379157453775, 0.000289515330223], "dmean": [0.0866788700223, 0.993266701698, 3.02463102341, 6.26700687408, 9.12555122375, 9.19235706329, 10.1759634018, 13.1804513931, 20.9868354797, 34.1839065552, 30.1441192627, 26.5665302277, 18.6651878357, 13.0371322632, 13.7294254303, 8.5187702179, 9.93170547485, 9.44377231598, 15.1957807541, 11.4934406281, 9.15783119202, 7.11672401428, 5.91196012497, 5.39544057846, 6.78447675705, 7.28602838516, 7.04249715805, 7.51999616623, 8.16216087341, 8.79360103607, 6.82580280304, 5.03050851822, 4.1362195015, 2.49672150612, 1.2604906559, 0.716927170753, 0.72319406271, 0.743501424789, 0.161322966218, 0.00460169278085], "max": [1.90118682384, 25.0261096954, 71.3521270752, 170.365020752, 336.120239258, 323.309753418, 229.906723022, 896.213684082, 1835.86303711, 1145.07214355, 891.789245605, 795.26171875, 1218.90917969, 931.799804688, 507.643005371, 260.336730957, 697.070861816, 205.283584595, 381.421234131, 339.532684326, 281.031097412, 490.808563232, 690.229064941, 838.784484863, 519.819641113, 328.836578369, 322.724517822, 529.865905762, 312.64755249, 338.035491943, 398.41809082, 212.646606445, 249.127410889, 173.915802002, 55.7431793213, 22.3861179352, 33.3990898132, 41.3248672485, 10.9985675812, 0.284376472235], "min": [3.5660453434e-22, 3.72225782653e-21, 3.19311466998e-21, 1.0183338934e-20, 3.02505539942e-20, 2.5408837748e-19, 1.92922442462e-19, 1.70213181021e-19, 1.66286115213e-19, 2.19779665707e-19, 1.05785254087e-18, 2.16337239851e-18, 1.22537936238e-18, 1.30892760277e-18, 1.66781056148e-18, 2.87858894527e-18, 3.60062249426e-18, 4.86583742737e-18, 5.98042732043e-18, 5.70949216901e-18, 4.07261423333e-18, 4.52704823671e-18, 1.05301680165e-17, 1.01931316215e-17, 1.59600346745e-17, 1.17705518148e-17, 1.49646088341e-17, 1.51378287262e-17, 1.25908362226e-17, 2.20101412082e-17, 1.66857152629e-17, 1.33859834387e-17, 1.19982398958e-17, 1.02916802654e-17, 8.92258054629e-18, 6.02668243311e-18, 1.99516646172e-18, 9.04660552579e-19, 3.06206442938e-19, 3.11676161814e-20], "median": [0.0266793500632, 0.399183690548, 3.27652931213, 9.75737953186, 14.105222702, 12.8473892212, 13.0114021301, 12.5402050018, 14.6779432297, 23.3393821716, 22.5847434998, 20.0689563751, 13.4183063507, 10.4119958878, 12.1574792862, 7.78648853302, 8.7186126709, 9.8412399292, 15.6766853333, 12.7145471573, 9.35389041901, 6.76410579681, 4.68334436417, 3.6833987236, 5.33708906174, 5.22702980042, 3.12157297134, 2.0276761055, 1.96250200272, 1.52330803871, 1.05589044094, 0.648233652115, 0.396556138992, 0.273382276297, 0.0881509333849, 0.0234172604978, 0.00566081004217, 0.00166974938475, 0.000226197851589, 5.26884759893e-05], "dvar2": [0.13892814517, 21.8469696045, 138.913299561, 406.008270264, 602.525817871, 464.193572998, 640.72467041, 1843.94458008, 4211.75585938, 7460.71630859, 5075.62841797, 3658.01000977, 3606.24487305, 1913.29418945, 1842.05090332, 707.569152832, 1012.42077637, 502.513580322, 1248.37353516, 685.244140625, 529.780090332, 406.74319458, 338.492553711, 784.859069824, 500.735809326, 441.536010742, 532.338623047, 625.377197266, 599.832885742, 678.145324707, 495.351409912, 238.508895874, 306.744506836, 127.370689392, 24.2867603302, 9.60828590393, 16.2269535065, 20.5487976074, 1.00025141239, 0.000760400958825]}, "barkbands_crest": {"var": 12.1686992645, "mean": 8.90895462036, "dmean2": 3.76842021942, "dvar": 5.17119169235, "dmean": 2.29859447479, "max": 26.9181747437, "min": 2.65108847618, "median": 8.25693130493, "dvar2": 14.2155437469}, "melbands_crest": {"var": 21.8439350128, "mean": 12.6146793365, "dmean2": 4.61688518524, "dvar": 8.07089519501, "dmean": 2.84307026863, "max": 39.9843482971, "min": 2.18228554726, "median": 11.9148483276, "dvar2": 20.1513385773}, "spectral_flux": {"var": 0.00328673725016, "mean": 0.0979501232505, "dmean2": 0.0494103580713, "dvar": 0.0015646556858, "dmean": 0.0329576171935, "max": 0.379511982203, "min": 9.99625521247e-11, "median": 0.0819053724408, "dvar2": 0.00285877496935}, "spectral_contrast_valleys": {"var": [2.08248972893, 1.79207968712, 1.53649652004, 1.45948898792, 1.46125984192, 2.24977850914], "mean": [-7.30468273163, -6.51971101761, -7.33068370819, -7.77159690857, -7.81357431412, -10.1799736023], "dmean2": [0.692357301712, 0.649847865105, 0.562318086624, 0.489623397589, 0.527455210686, 0.690212547779], "dvar": [0.298324197531, 0.220024213195, 0.169103175402, 0.149189189076, 0.214950606227, 0.466272801161], "dmean": [0.474987596273, 0.421203017235, 0.371830195189, 0.334898352623, 0.375597923994, 0.546650528908], "max": [-5.01487827301, -4.59671783447, -5.34395027161, -5.9586148262, -5.8328666687, -7.28690195084], "min": [-27.5066795349, -27.7974147797, -27.5051441193, -27.3240718842, -27.3278160095, -27.2410774231], "median": [-6.88418102264, -6.30548763275, -7.16302680969, -7.5759100914, -7.73190021515, -10.227689743], "dvar2": [0.468177109957, 0.378400862217, 0.274213910103, 0.220089897513, 0.321866959333, 0.702871501446]}, "mfcc": {"icov": [[0.000149440471432, 5.00457690578e-06, -0.000132557921461, -6.13520678598e-05, 0.000131981432787, 8.8757427875e-05, 0.000142837816384, 9.94184083538e-05, 2.61423319898e-05, -8.67817288963e-05, -4.35866168118e-05, 1.58592263233e-06, 4.85390191898e-05], [5.00457690578e-06, 0.000525181530975, 0.000347612338373, -0.000181385345059, -0.000216782544157, -8.55155885802e-05, -0.000321563537, 0.000241334113525, 5.649749437e-05, 9.40337267821e-05, 4.11025903304e-05, 0.000369270332158, 6.16466204519e-05], [-0.000132557921461, 0.000347612338373, 0.00171535648406, -0.000211758160731, -0.000260025524767, -0.000649467401672, -0.000723560922779, -0.000316338904668, 3.2951895264e-05, 0.000134335859912, 0.000166613113834, -0.000687349238433, 0.000293185061309], [-6.13520678598e-05, -0.000181385345059, -0.000211758160731, 0.0034566859249, -0.00171878829133, 0.000486843899125, -4.15845315729e-05, -0.00171822833363, 0.00024567526998, -0.00043246106361, 0.0005712294369, -0.000919244543184, 0.000411717803217], [0.000131981432787, -0.000216782544157, -0.000260025524767, -0.00171878829133, 0.00552606396377, -0.0007118122885, -0.00105660152622, 0.00189552293159, -0.00162571994588, 0.000456395646324, -0.000638583966065, 0.000491098966449, -0.00114580930676], [8.8757427875e-05, -8.55155885802e-05, -0.000649467401672, 0.000486843899125, -0.0007118122885, 0.00453957170248, 0.000764228461776, -0.00170076079667, 0.00104316195939, -0.00070078013232, -0.000246587995207, 0.00019430698012, 0.00115184858441], [0.000142837816384, -0.000321563537, -0.000723560922779, -4.15845315729e-05, -0.00105660152622, 0.000764228461776, 0.00519482605159, -0.00160884018987, 0.000178598871571, 0.000389877473935, 0.000301879423205, 0.000206228243769, -0.000347024266375], [9.94184083538e-05, 0.000241334113525, -0.000316338904668, -0.00171822833363, 0.00189552293159, -0.00170076079667, -0.00160884018987, 0.00973200239241, -0.00301239523105, 0.00109733839054, -0.00072091864422, -0.000218434972339, 0.0017931376351], [2.61423319898e-05, 5.649749437e-05, 3.2951895264e-05, 0.00024567526998, -0.00162571994588, 0.00104316195939, 0.000178598871571, -0.00301239523105, 0.0115048140287, -0.00419382378459, 0.00146676728036, -0.000472993793665, -0.000275365571724], [-8.67817288963e-05, 9.40337267821e-05, 0.000134335859912, -0.00043246106361, 0.000456395646324, -0.00070078013232, 0.000389877473935, 0.00109733839054, -0.00419382378459, 0.0132903503254, -0.00514215976, 0.000210130092455, -0.000238537992118], [-4.35866168118e-05, 4.11025903304e-05, 0.000166613113834, 0.0005712294369, -0.000638583966065, -0.000246587995207, 0.000301879423205, -0.00072091864422, 0.00146676728036, -0.00514215976, 0.0145977092907, -0.00455542793497, 0.00188614882063], [1.58592263233e-06, 0.000369270332158, -0.000687349238433, -0.000919244543184, 0.000491098966449, 0.00019430698012, 0.000206228243769, -0.000218434972339, -0.000472993793665, 0.000210130092455, -0.00455542793497, 0.0167901590466, -0.00555632542819], [4.85390191898e-05, 6.16466204519e-05, 0.000293185061309, 0.000411717803217, -0.00114580930676, 0.00115184858441, -0.000347024266375, 0.0017931376351, -0.000275365571724, -0.000238537992118, 0.00188614882063, -0.00555632542819, 0.0185790937394]], "mean": [-640.306518555, 128.424362183, 11.9347276688, 18.9203014374, -1.44826829433, 2.85911035538, -7.70631361008, -3.45488405228, -0.740776002407, 2.73629927635, -4.90988445282, -5.90676593781, -1.4901778698], "cov": [[7862.93017578, -758.093505859, 601.484436035, 18.262424469, -240.939529419, -73.3010482788, -246.470489502, -53.2469482422, -30.6995620728, 79.9502792358, 61.4226531982, 57.9689254761, -26.0304355621], [-758.093505859, 2581.21850586, -545.17767334, 127.19329834, 180.646942139, -54.4070892334, 136.177032471, -80.3196411133, -18.127910614, -43.90184021, -50.8185195923, -92.9998550415, 0.523722112179], [601.484436035, -545.17767334, 872.961730957, 93.1536178589, 33.2256660461, 116.776824951, 84.4012908936, 88.7717437744, 15.1153888702, 6.31747770309, 13.9208641052, 50.084602356, -13.9140424728], [18.262424469, 127.19329834, 93.1536178589, 405.165496826, 131.020462036, -0.863629341125, 68.5579147339, 65.3797454834, 28.7438697815, 6.59188270569, -4.31467580795, 18.4984664917, -1.33310317993], [-240.939529419, 180.646942139, 33.2256660461, 131.020462036, 266.744873047, 14.1748914719, 72.891494751, -8.73105621338, 30.5771484375, 0.687089860439, -1.19819164276, 1.20660078526, 15.322842598], [-73.3010482788, -54.4070892334, 116.776824951, -0.863629341125, 14.1748914719, 270.641326904, -9.29303359985, 50.6683769226, -7.32669305801, 11.2225580215, 13.8946752548, -1.42951500416, -24.2227554321], [-246.470489502, 136.177032471, 84.4012908936, 68.5579147339, 72.891494751, -9.29303359985, 251.613342285, 43.8514442444, 12.6892147064, -16.0399265289, -12.7936906815, -2.04597830772, 3.54892325401], [-53.2469482422, -80.3196411133, 88.7717437744, 65.3797454834, -8.73105621338, 50.6683769226, 43.8514442444, 150.996505737, 31.9190502167, 2.45413994789, 5.52839708328, 6.494120121, -17.9924869537], [-30.6995620728, -18.127910614, 15.1153888702, 28.7438697815, 30.5771484375, -7.32669305801, 12.6892147064, 31.9190502167, 111.36089325, 32.5750846863, 3.17009949684, 6.43886375427, 2.43376851082], [79.9502792358, -43.90184021, 6.31747770309, 6.59188270569, 0.687089860439, 11.2225580215, -16.0399265289, 2.45413994789, 32.5750846863, 101.339080811, 36.6410865784, 11.2210617065, -0.0789144039154], [61.4226531982, -50.8185195923, 13.9208641052, -4.31467580795, -1.19819164276, 13.8946752548, -12.7936906815, 5.52839708328, 3.17009949684, 36.6410865784, 90.2375335693, 24.6367607117, -3.0993039608], [57.9689254761, -92.9998550415, 50.084602356, 18.4984664917, 1.20660078526, -1.42951500416, -2.04597830772, 6.494120121, 6.43886375427, 11.2210617065, 24.6367607117, 77.9307937622, 19.4995174408], [-26.0304355621, 0.523722112179, -13.9140424728, -1.33310317993, 15.322842598, -24.2227554321, 3.54892325401, -17.9924869537, 2.43376851082, -0.0789144039154, -3.0993039608, 19.4995174408, 64.5701446533]]}, "erbbands_flatness_db": {"var": 0.00298058078624, "mean": 0.150442972779, "dmean2": 0.035014975816, "dvar": 0.000787543249317, "dmean": 0.0260261688381, "max": 0.302077353001, "min": 0.0247287489474, "median": 0.157234996557, "dvar2": 0.0012812349014}, "barkbands": {"var": [1.19434091062e-07, 8.10628989711e-05, 3.70761808881e-05, 4.32586857642e-05, 4.60563969682e-05, 1.63947952387e-05, 1.88188005268e-05, 1.00127435871e-05, 5.39618713447e-06, 2.11756673707e-06, 6.29654721251e-07, 3.30689118755e-07, 4.04741172133e-07, 1.98255378336e-07, 2.84264928041e-07, 1.71219511458e-07, 1.50969540869e-07, 1.93811516169e-07, 1.9735927026e-07, 2.14028219148e-07, 2.66952724814e-07, 4.75596976912e-07, 4.98139513638e-07, 4.37533429931e-07, 2.92860221407e-07, 1.20384299862e-06, 7.29601833882e-06], "mean": [0.000141714379424, 0.00365772889927, 0.00483815837651, 0.00482912128791, 0.00633028615266, 0.00251478608698, 0.00298179569654, 0.00209995754994, 0.00171927339397, 0.000772613158915, 0.000517588341609, 0.000355609983671, 0.000330412440235, 0.000362556806067, 0.00042875573854, 0.000328843860188, 0.000218002358451, 0.000203788396902, 0.000202747251024, 0.000268758507445, 0.000249124015681, 0.000345843582181, 0.000325092900312, 0.00027338185464, 0.000201805945835, 0.000289202027488, 0.000597192440182], "dmean2": [0.000208242199733, 0.00679857190698, 0.00511061539873, 0.00447531836107, 0.00404554838315, 0.00240029138513, 0.00276611768641, 0.00224301265553, 0.00186928105541, 0.000848660885822, 0.000561854802072, 0.000378311873646, 0.000351183087332, 0.00038210285129, 0.000442426971858, 0.000317989004543, 0.000187847355846, 0.000188679943676, 0.000183980519068, 0.000255585007835, 0.000279810075881, 0.000371060101315, 0.000407291809097, 0.00039105291944, 0.000319105223753, 0.00061982893385, 0.00145756348502], "dvar": [1.12475724734e-07, 0.000117855997814, 3.93586960854e-05, 2.48692558671e-05, 1.56204077939e-05, 8.50804099173e-06, 9.6639023468e-06, 5.66648805034e-06, 3.01969475913e-06, 1.28220449369e-06, 4.24495681273e-07, 2.31916246207e-07, 2.62635836634e-07, 1.01277215947e-07, 1.55309763272e-07, 7.84630671546e-08, 7.20930160014e-08, 8.875108648e-08, 7.78394024792e-08, 9.59969597147e-08, 1.34648416861e-07, 2.00925342142e-07, 3.06177383891e-07, 3.42118653407e-07, 2.88528468673e-07, 1.57900649356e-06, 1.03549946289e-05], "dmean": [0.000132210261654, 0.003906567581, 0.00293894903734, 0.00262616225518, 0.00261331140064, 0.00150760286488, 0.00190263078548, 0.00147952325642, 0.00119210057892, 0.000522222951986, 0.000350599642843, 0.000232431528275, 0.000222645350732, 0.000239006491029, 0.00027311759186, 0.000195663844352, 0.000124202488223, 0.000120971722936, 0.000115319446195, 0.00015895155957, 0.000175546680111, 0.000236679465161, 0.000255108752754, 0.000245766772423, 0.000200527269044, 0.000369764049537, 0.000850356416777], "max": [0.00451446324587, 0.0974963158369, 0.0650173798203, 0.0679873079062, 0.081081353128, 0.0967911779881, 0.0735605880618, 0.0541568249464, 0.041491586715, 0.0255278646946, 0.0137082096189, 0.0071910568513, 0.0155477812514, 0.00586173031479, 0.00499518960714, 0.00452898489311, 0.00933586247265, 0.0115540567786, 0.00843814946711, 0.00873669236898, 0.00881876796484, 0.00783185847104, 0.0176348332316, 0.0110852411017, 0.01017484162, 0.0155091118068, 0.0551304593682], "min": [4.75811355188e-24, 1.38707227345e-23, 1.19477224223e-24, 5.97236572809e-24, 5.0832486482e-23, 2.10663790126e-23, 8.09920178175e-24, 2.21933883003e-23, 8.10735891905e-23, 3.92164244556e-23, 3.96178410604e-23, 7.03804975787e-23, 6.48734722211e-23, 1.13092273198e-22, 1.33997604679e-22, 4.67793128401e-23, 7.98634197639e-23, 1.82907675e-22, 2.63305311369e-22, 2.8310529095e-22, 3.4986973218e-22, 4.68098297664e-22, 6.12596562381e-22, 7.00499295184e-22, 1.17722846321e-21, 1.23522097313e-21, 2.15388703442e-21], "median": [3.50425070792e-05, 0.00124345556833, 0.00315398909152, 0.00276011205278, 0.00453544175252, 0.00149040215183, 0.00127729028463, 0.000850525160786, 0.000859447813127, 0.000312238495098, 0.000256370898569, 0.000173354899744, 0.000163994118338, 0.00021669974376, 0.000263791938778, 0.000194374180865, 9.9882032373e-05, 7.85082520451e-05, 8.24505550554e-05, 0.000110228342237, 5.83261171414e-05, 5.47715389985e-05, 3.97015173803e-05, 2.40512636083e-05, 1.93842461158e-05, 4.03008198191e-06, 1.18210368782e-06], "dvar2": [2.61339920371e-07, 0.000316286226735, 0.00011105582962, 7.18881201465e-05, 3.6030447518e-05, 1.95658813027e-05, 2.16483185795e-05, 1.34201536639e-05, 6.87890633344e-06, 3.30631951329e-06, 1.20987499486e-06, 6.37226150957e-07, 5.39206268968e-07, 2.48223898325e-07, 4.06786483609e-07, 2.07919825357e-07, 1.46277812973e-07, 1.9044767896e-07, 1.8043823502e-07, 2.59802732216e-07, 3.09039990043e-07, 4.68949934884e-07, 6.92508649536e-07, 7.67030314819e-07, 7.03297132532e-07, 4.06697017752e-06, 2.72798151855e-05]}, "spectral_energyband_low": {"var": 0.000208354686038, "mean": 0.0107772909105, "dmean2": 0.012064576149, "dvar": 0.000235879910178, "dmean": 0.0071906154044, "max": 0.142871275544, "min": 3.62653052755e-23, "median": 0.00832475256175, "dvar2": 0.000620810256805}, "erbbands_spread": {"var": 660.843444824, "mean": 44.1067504883, "dmean2": 19.5661697388, "dvar": 244.00050354, "dmean": 13.0014333725, "max": 182.017959595, "min": 4.49584150314, "median": 37.033000946, "dvar2": 506.39074707}, "average_loudness": 0.917664885521, "spectral_energyband_middle_high": {"var": 8.90720457392e-06, "mean": 0.00370563659817, "dmean2": 0.00197757221758, "dvar": 2.46540412263e-06, "dmean": 0.00131215015426, "max": 0.0288746021688, "min": 1.46889323577e-21, "median": 0.00310639105737, "dvar2": 5.6890498854e-06}, "barkbands_flatness_db": {"var": 0.00418240437284, "mean": 0.136238917708, "dmean2": 0.0361459180713, "dvar": 0.000743284646887, "dmean": 0.025290986523, "max": 0.64349770546, "min": 0.0218165386468, "median": 0.13013997674, "dvar2": 0.0014743343927}, "spectral_entropy": {"var": 0.357865899801, "mean": 7.45754146576, "dmean2": 0.347821682692, "dvar": 0.0855264291167, "dmean": 0.255677580833, "max": 9.80051422119, "min": 5.2688703537, "median": 7.41347122192, "dvar2": 0.151985660195}, "melbands_skewness": {"var": 37.2029685974, "mean": 3.14484143257, "dmean2": 1.3365200758, "dvar": 2.95007753372, "dmean": 0.910159170628, "max": 136.390945435, "min": -2.37934231758, "median": 2.60061573982, "dvar2": 3.79001379013}, "spectral_contrast_coeffs": {"var": [0.00712067401037, 0.00536457123235, 0.00435931561515, 0.00281436974183, 0.00232237507589, 0.00238217576407], "mean": [-0.584389567375, -0.715442717075, -0.75840228796, -0.777653932571, -0.786338806152, -0.764457285404], "dmean2": [0.0764894112945, 0.080663844943, 0.069862768054, 0.0538831800222, 0.0409184470773, 0.0331208370626], "dvar": [0.00185395858716, 0.00182761519682, 0.00121670251247, 0.000734059663955, 0.000538334774319, 0.000424936937634], "dmean": [0.0484445542097, 0.0509355068207, 0.0440846309066, 0.03407644853, 0.0261261500418, 0.0208316743374], "max": [-0.304051101208, -0.446961164474, -0.510164797306, -0.556296288967, -0.582151293755, -0.528972446918], "min": [-0.97302532196, -0.962633430958, -0.973052978516, -0.962151110172, -0.959806323051, -0.960064947605], "median": [-0.57514166832, -0.71521794796, -0.763660550117, -0.780685484409, -0.792066454887, -0.766113042831], "dvar2": [0.004448922351, 0.00456597469747, 0.00299135781825, 0.00177459092811, 0.0012469550129, 0.000930012378376]}, "pitch_salience": {"var": 0.0105300638825, "mean": 0.603488326073, "dmean2": 0.112656109035, "dvar": 0.00420887675136, "dmean": 0.0694646909833, "max": 0.84921425581, "min": 0.00377618847415, "median": 0.612694859505, "dvar2": 0.0113958464935}, "spectral_rolloff": {"var": 10474776, "mean": 2066.59814453, "dmean2": 2225.06640625, "dvar": 9009488, "dmean": 1313.09057617, "max": 19379.8828125, "min": 21.533203125, "median": 796.728515625, "dvar2": 20664866}, "melbands_kurtosis": {"var": 645259.8125, "mean": 56.6893806458, "dmean2": 22.3074169159, "dvar": 59021.3828125, "dmean": 18.6094245911, "max": 21093.734375, "min": -1.75487136841, "median": 9.6119852066, "dvar2": 47938.25}, "silence_rate_30dB": {"var": 0.00582224316895, "mean": 0.994143486023, "dmean2": 0.0166015625, "dvar": 0.00822973344475, "dmean": 0.0082987556234, "max": 1, "min": 0, "median": 1, "dvar2": 0.0226730145514}, "spectral_decrease": {"var": 3.73502189029e-17, "mean": -8.44366621067e-09, "dmean2": 5.07184472198e-09, "dvar": 2.36164349679e-17, "dmean": 3.2239542147e-09, "max": 1.17177578751e-09, "min": -6.61873329477e-08, "median": -7.59883356238e-09, "dvar2": 5.89207169243e-17}, "spectral_rms": {"var": 4.47396632808e-06, "mean": 0.00548152765259, "dmean2": 0.00160136749037, "dvar": 1.78892435088e-06, "dmean": 0.00108535308391, "max": 0.0164563450962, "min": 3.12230558248e-12, "median": 0.00555931404233, "dvar2": 3.91148159906e-06}, "spectral_skewness": {"var": 0.505010068417, "mean": 1.73947691917, "dmean2": 0.518794953823, "dvar": 0.154135197401, "dmean": 0.335043370724, "max": 6.80745172501, "min": -0.0744831711054, "median": 1.62263858318, "dvar2": 0.330273002386}, "erbbands_crest": {"var": 14.1198673248, "mean": 8.51158618927, "dmean2": 4.39529800415, "dvar": 6.4353146553, "dmean": 2.75993990898, "max": 26.4399452209, "min": 2.25598669052, "median": 7.73877811432, "dvar2": 15.5553379059}, "melbands_flatness_db": {"var": 0.00651584658772, "mean": 0.212240338326, "dmean2": 0.0440453924239, "dvar": 0.00117803737521, "dmean": 0.0315862894058, "max": 0.627344846725, "min": 0.00737540936098, "median": 0.207784220576, "dvar2": 0.00227545434609}, "dynamic_complexity": 2.33008313179, "dissonance": {"var": 0.00104265240952, "mean": 0.453034549952, "dmean2": 0.0358236692846, "dvar": 0.000446941092378, "dmean": 0.0222592391074, "max": 0.500000119209, "min": 0.258867919445, "median": 0.459811329842, "dvar2": 0.00116840214469}, "melbands": {"var": [4.80543485537e-06, 9.35861226026e-06, 7.07848812453e-06, 2.57143710769e-06, 5.70940528632e-07, 7.72671967297e-07, 7.68837765008e-07, 7.84542692145e-07, 2.17523833612e-07, 9.75410188175e-08, 6.31383727523e-08, 2.63293760128e-08, 1.4135322246e-08, 5.81442938241e-09, 3.21092730182e-09, 4.31285229752e-09, 1.41353106997e-09, 2.7652895529e-09, 1.5531206321e-09, 8.81714090628e-10, 6.72489008924e-10, 6.1053229139e-10, 5.37903388498e-10, 5.4263232796e-10, 5.02405561598e-10, 3.59401647332e-10, 2.64317012721e-10, 2.25700444445e-10, 1.88361312659e-10, 1.34424027465e-10, 2.84467588374e-10, 1.40402509063e-10, 2.58895016536e-10, 2.44643583169e-10, 1.49883688794e-10, 6.9732761232e-11, 6.93337123825e-11, 7.98072233299e-11, 6.87582352166e-11, 3.40070124838e-11], "mean": [0.00088889041217, 0.00202985713258, 0.00245094229467, 0.00145117170177, 0.000734356231987, 0.000482758128783, 0.000532967678737, 0.00059710413916, 0.000344492902514, 0.000227310607443, 0.000142186574521, 8.55722246342e-05, 7.55914370529e-05, 4.54358669231e-05, 3.13717137033e-05, 3.3993703255e-05, 2.79065461655e-05, 4.03500744142e-05, 3.23595486407e-05, 2.1852174541e-05, 1.77126166818e-05, 1.34119090944e-05, 1.20022696137e-05, 8.91993113328e-06, 7.00266855347e-06, 8.44044825499e-06, 9.01784460439e-06, 8.20957120595e-06, 6.61022886561e-06, 5.55612450626e-06, 6.45799946142e-06, 6.10454162597e-06, 7.44624912841e-06, 6.89452690494e-06, 5.05238904225e-06, 4.038305633e-06, 3.54391841029e-06, 3.20378990182e-06, 2.60544243247e-06, 2.01073680728e-06], "dmean2": [0.00160044583026, 0.00264132232405, 0.00193066243082, 0.0009741372196, 0.000565519207157, 0.000460475974251, 0.000488469318952, 0.000541937013622, 0.000363564438885, 0.000254245387623, 0.000153208689881, 9.29406232899e-05, 8.31500656204e-05, 4.98033186886e-05, 3.19830032822e-05, 3.66035274055e-05, 2.80344756902e-05, 4.17598857894e-05, 3.27288471453e-05, 2.03481995413e-05, 1.94650820049e-05, 1.18010830192e-05, 1.03082547867e-05, 8.73336011864e-06, 6.85628356223e-06, 8.06331263448e-06, 8.03404873295e-06, 8.43233465275e-06, 7.71114900999e-06, 6.85816303303e-06, 7.40006862543e-06, 7.44979115552e-06, 8.03485818324e-06, 8.08902223071e-06, 6.77515436109e-06, 5.5254408835e-06, 4.90536740472e-06, 5.02544435221e-06, 4.12833787777e-06, 3.27797761202e-06], "dvar": [6.58645694784e-06, 1.31308643176e-05, 4.0613431338e-06, 9.32336092774e-07, 2.87161867618e-07, 3.89531180645e-07, 4.14502778767e-07, 3.5475378013e-07, 1.22595210428e-07, 6.04761822