{"metadata": {"audio_properties": {"downmix": "mix", "bit_rate": 188491, "lossless": false, "md5_encoded": "f8aa72793113fe2f3fb58ba571c159bd", "analysis_sample_rate": 44100, "sample_rate": 44100, "replay_gain": -9.99857711792, "equal_loudness": 0, "codec": "mp3", "length": 323.709381104}, "tags": {"album": ["Colors of the sun"], "artist": ["Hatchback"], "musicbrainz_recordingid": ["54435a0d-95b9-4d3c-a561-ec8cc684e056"], "title": ["Nesso"], "file_name": "1518287.mp3", "tracknumber": ["1"], "date": ["2008"], "genre": ["Electronic"]}, "version": {"essentia_build_sha": "70f2e5ece6736b2c40cc944ad0e695b16b925413", "essentia_git_sha": "v2.1_beta2", "extractor": "music 1.0", "essentia": "2.1-beta2"}}, "tonal": {"chords_scale": "major", "hpcp": {"dmean": [0.0904892086983, 0.0675182044506, 0.0791564062238, 0.103082768619, 0.121833212674, 0.109912589192, 0.0749853774905, 0.0751691609621, 0.111139006913, 0.130649253726, 0.106232322752, 0.0928589105606, 0.0851884484291, 0.0784485340118, 0.0493990257382, 0.0475136637688, 0.0836720690131, 0.169456914067, 0.210020959377, 0.180060490966, 0.0839956402779, 0.0403862036765, 0.043275564909, 0.0887110084295, 0.0961376056075, 0.0794343426824, 0.0890955924988, 0.0810237079859, 0.0529945157468, 0.0660502016544, 0.0919878482819, 0.119942478836, 0.208087831736, 0.251781642437, 0.238794893026, 0.151052549481], "dvar2": [0.115586631, 0.0905041396618, 0.0799833461642, 0.0889188721776, 0.12089407444, 0.140912085772, 0.09435364604, 0.0855680629611, 0.0863811075687, 0.0995427966118, 0.0735553130507, 0.0770638212562, 0.0777918100357, 0.0679176077247, 0.0406803078949, 0.0370017401874, 0.0664599612355, 0.097684904933, 0.135288640857, 0.106927268207, 0.0609688535333, 0.0321267768741, 0.0335188433528, 0.0908138230443, 0.085777759552, 0.0615537390113, 0.111247047782, 0.0970613211393, 0.046807706356, 0.048374209553, 0.0694133490324, 0.108147665858, 0.127461194992, 0.179873466492, 0.158974289894, 0.148213803768], "mean": [0.0554120093584, 0.0424428470433, 0.0733893215656, 0.124628648162, 0.128043711185, 0.0864127799869, 0.0546656437218, 0.0556875728071, 0.126047447324, 0.180507749319, 0.123389214277, 0.111226849258, 0.150972649455, 0.100913181901, 0.0447947494686, 0.0418530628085, 0.0675624907017, 0.242781400681, 0.405699312687, 0.252288907766, 0.0590776242316, 0.0258080139756, 0.0293456166983, 0.0826073661447, 0.114256851375, 0.0804339125752, 0.0721561685205, 0.0686638504267, 0.0420974083245, 0.066107109189, 0.100192904472, 0.102702669799, 0.281894177198, 0.510487258434, 0.364245355129, 0.117690876126], "var": [0.0248629953712, 0.0186501797289, 0.0244413614273, 0.0468888767064, 0.0548792295158, 0.0420007184148, 0.024962188676, 0.0216704774648, 0.0376790240407, 0.0689275562763, 0.0372026376426, 0.0409826599061, 0.0840278640389, 0.0404142737389, 0.0133391590789, 0.0119536081329, 0.0202680490911, 0.0658640265465, 0.137539699674, 0.0666710063815, 0.015298535116, 0.00693010212854, 0.00772350188345, 0.0310610737652, 0.0493453927338, 0.0263024866581, 0.0338277257979, 0.0356169939041, 0.0133646093309, 0.0146610550582, 0.0301672481, 0.029265390709, 0.0672573372722, 0.153948634863, 0.106384932995, 0.0423941202462], "dmean2": [0.172894194722, 0.129015639424, 0.143271952868, 0.17949077487, 0.212857589126, 0.19974707067, 0.138633862138, 0.138382032514, 0.196234107018, 0.226490259171, 0.185913518071, 0.163622304797, 0.147276744246, 0.136891379952, 0.0897759124637, 0.0859357640147, 0.151129871607, 0.283263415098, 0.355174809694, 0.306862443686, 0.155050337315, 0.0765453875065, 0.0808634012938, 0.159750372171, 0.168537408113, 0.140418708324, 0.161825358868, 0.144315093756, 0.0952873528004, 0.11914755404, 0.164501935244, 0.219590142369, 0.358018428087, 0.435449749231, 0.410062789917, 0.277640163898], "dvar": [0.0405488312244, 0.0317366495728, 0.0284769441932, 0.0330247282982, 0.0464052855968, 0.0520096458495, 0.034415807575, 0.0308239273727, 0.0321074873209, 0.0394512973726, 0.027863631025, 0.0282267574221, 0.0317310020328, 0.0248429682106, 0.0144852763042, 0.0134373242036, 0.0240264404565, 0.039721518755, 0.0612962245941, 0.0417890883982, 0.0219171531498, 0.0113375848159, 0.0118677951396, 0.0333935506642, 0.0332469455898, 0.0231744870543, 0.0419882647693, 0.0386824719608, 0.0172635447234, 0.0170185752213, 0.0254189688712, 0.0380538888276, 0.0471061505377, 0.0793915241957, 0.0621910765767, 0.052989397198], "min": [0, 0, 0, 0, 0, 0, 0, 0, 0, 0, 0, 0, 0, 0, 0, 0, 0, 0, 0, 0, 0, 0, 0, 0, 0, 0, 0, 0, 0, 0, 0, 0, 0, 0, 0, 0], "median": [0.00451266812161, 0.00481413956732, 0.0163481552154, 0.034002777189, 0.02487821877, 0.00787822529674, 0.00511116487905, 0.00906723737717, 0.0412846729159, 0.0595417842269, 0.039367325604, 0.0202602427453, 0.0139775741845, 0.0111698200926, 0.0100036850199, 0.00882892217487, 0.0148597080261, 0.146896466613, 0.265521466732, 0.153250187635, 0.0124512398615, 0.00245368713513, 0.0032470843289, 0.011010707356, 0.0170716326684, 0.012378167361, 0.00686430884525, 0.00434807827696, 0.00525491684675, 0.0190101824701, 0.0270510576665, 0.0350562781096, 0.212943583727, 0.456811219454, 0.273323446512, 0.0308123230934], "max": [1, 1, 1, 1, 1, 1, 1, 1, 1, 1, 1, 1, 1, 1, 1, 1, 1, 1, 1, 1, 1, 1, 1, 1, 1, 1, 1, 1, 1, 1, 1, 1, 1, 1, 1, 1]}, "tuning_equal_tempered_deviation": 0.0241678152233, "chords_key": "G#", "chords_strength": {"dmean": 0.0069595570676, "dvar2": 0.000586395035498, "mean": 0.599976360798, "var": 0.0123092522845, "dmean2": 0.00759543804452, "dvar": 0.000314354081638, "min": -1, "median": 0.619595468044, "max": 0.790572881699}, "tuning_diatonic_strength": 0.701725721359, "thpcp": [1, 0.713524878025, 0.230546161532, 0.10854729265, 0.0831418335438, 0.143763273954, 0.24413664639, 0.250826448202, 0.169275090098, 0.107085227966, 0.109087094665, 0.246915951371, 0.353598922491, 0.24170871079, 0.217883691192, 0.295742243528, 0.1976801157, 0.087749004364, 0.0819865018129, 0.132349029183, 0.475587576628, 0.794729530811, 0.49421197176, 0.115727908909, 0.0505556464195, 0.0574855022132, 0.161820620298, 0.223819196224, 0.157563015819, 0.141347631812, 0.134506493807, 0.0824651494622, 0.129498064518, 0.196269154549, 0.201185569167, 0.552206099033], "chords_histogram": [79.3316116333, 1.95065975189, 0.172117039561, 0.0143430866301, 0.0573723465204, 0.172117039561, 0, 0, 0, 0, 0.172117039561, 0.114744693041, 0.143430873752, 0, 0.0860585197806, 0.358577162027, 0, 2.03671836853, 0, 0, 0.717154324055, 5.40734386444, 4.91967868805, 4.34595537186], "tuning_nontempered_energy_ratio": 0.659022092819, "tuning_frequency": 439.745910645, "key_strength": 0.839507222176, "chords_changes_rate": 0.0243832468987, "key_scale": "major", "hpcp_entropy": {"dmean": 0.605567216873, "dvar2": 0.683808743954, "mean": 1.9140048027, "var": 0.558356881142, "dmean2": 1.01167047024, "dvar": 0.260457992554, "min": 0, "median": 1.91850662231, "max": 4.59922599792}, "key_key": "G#", "chords_number_rate": 0.000860585190821}, "lowlevel": {"melbands_skewness": {"dmean": 1.20309388638, "dvar2": 4.2112903595, "mean": 3.75373029709, "var": 5.47922372818, "dmean2": 1.83618283272, "dvar": 1.82605588436, "min": -2.59333586693, "median": 3.26411700249, "max": 22.470495224}, "melbands_kurtosis": {"dmean": 16.4806671143, "dvar2": 1808.0222168, "mean": 28.0928058624, "var": 1348.30603027, "dmean2": 25.8375072479, "dvar": 757.015808105, "min": -1.95586538315, "median": 16.035949707, "max": 819.968200684}, "barkbands_kurtosis": {"dmean": 5.3815164566, "dvar2": 172.142044067, "mean": 6.92228507996, "var": 134.546539307, "dmean2": 8.26762104034, "dvar": 76.3800354004, "min": -1.9584877491, "median": 3.32904314995, "max": 195.337875366}, "hfc": {"dmean": 82.1661453247, "dvar2": 68367.140625, "mean": 63.9992752075, "var": 18680.1289062, "dmean2": 142.984329224, "dvar": 25808.4511719, "min": 1.23736836101e-16, "median": 11.3723735809, "max": 1270.76501465}, "silence_rate_20dB": {"dmean": 0, "dvar2": 0, "mean": 1, "var": 0, "dmean2": 0, "dvar": 0, "min": 1, "median": 1, "max": 1}, "erbbands_flatness_db": {"dmean": 0.021373430267, "dvar2": 0.00105508393608, "mean": 0.128171786666, "var": 0.00220319395885, "dmean2": 0.0311329383403, "dvar": 0.000506173644681, "min": 0.0277214348316, "median": 0.119374066591, "max": 0.345611423254}, "spectral_flux": {"dmean": 0.0502894148231, "dvar2": 0.00802135560662, "mean": 0.0970554053783, "var": 0.00801501143724, "dmean2": 0.0751085579395, "dvar": 0.00429751351476, "min": 1.04301692283e-10, "median": 0.0614435113966, "max": 0.515858590603}, "spectral_energyband_low": {"dmean": 0.00688437977806, "dvar2": 0.000642306345981, "mean": 0.0105017982423, "var": 0.000418084178818, "dmean2": 0.0108672976494, "dvar": 0.000300912710372, "min": 2.03222859638e-23, "median": 0.00512063736096, "max": 0.179328978062}, "spectral_rolloff": {"dmean": 2289.83227539, "dvar2": 28442168, "mean": 3531.25048828, "var": 20338306, "dmean2": 4118.32861328, "dvar": 14091963, "min": 64.599609375, "median": 925.927734375, "max": 19164.5507812}, "spectral_entropy": {"dmean": 0.325505495071, "dvar2": 0.305286079645, "mean": 7.7280921936, "var": 0.448462605476, "dmean2": 0.452898830175, "dvar": 0.164588853717, "min": 4.58821249008, "median": 7.83924055099, "max": 9.80017089844}, "spectral_energy": {"dmean": 0.0212082564831, "dvar2": 0.00324256788008, "mean": 0.0306974500418, "var": 0.0018665001262, "dmean2": 0.0331803821027, "dvar": 0.00146144523751, "min": 1.08788435406e-20, "median": 0.0154316723347, "max": 0.37115418911}, "spectral_centroid": {"dmean": 479.811737061, "dvar2": 1367864.5, "mean": 1364.04846191, "var": 1064949.625, "dmean2": 768.299865723, "dvar": 578841.8125, "min": 175.192779541, "median": 1057.40209961, "max": 11310.9541016}, "barkbands_flatness_db": {"dmean": 0.028182586655, "dvar2": 0.00165893591475, "mean": 0.1402169168, "var": 0.00315352575853, "dmean2": 0.0412872694433, "dvar": 0.000815126870293, "min": 0.0313522703946, "median": 0.13050583005, "max": 0.460653841496}, "spectral_rms": {"dmean": 0.00152554770466, "dvar2": 9.33392948355e-06, "mean": 0.00450988532975, "var": 9.60973102337e-06, "dmean2": 0.0022841822356, "dvar": 4.56364432466e-06, "min": 3.2578375761e-12, "median": 0.00388011476025, "max": 0.0190289691091}, "melbands": {"dmean": [0.00106553558726, 0.00139915070031, 0.00174821005203, 0.00112016964704, 0.000293798104394, 0.000212824321352, 0.000149348197738, 0.000125878534163, 0.000242778653046, 0.00010378377192, 5.03320625285e-05, 3.58794532076e-05, 6.42982704449e-05, 3.55168740498e-05, 3.76854404749e-05, 1.60726376635e-05, 1.57060148922e-05, 9.30536225496e-06, 5.86193164054e-06, 6.64396930006e-06, 5.22988966623e-06, 5.64497941014e-06, 3.53524865204e-06, 3.39941902894e-06, 2.83574377136e-06, 2.33942228078e-06, 2.16976604861e-06, 2.38000711761e-06, 2.46468948717e-06, 2.97961651086e-06, 2.17186925511e-06, 2.05596575142e-06, 2.62365506387e-06, 3.30114789904e-06, 2.75365096059e-06, 5.25754512637e-06, 1.56351052283e-05, 1.35297741508e-05, 1.98380585061e-05, 4.21328622906e-05], "dvar2": [1.61646094057e-05, 4.16428156313e-05, 6.78694341332e-05, 4.14189926232e-05, 8.64778087362e-07, 4.94372557114e-07, 2.6321802693e-07, 2.94007065804e-07, 1.01373018424e-06, 1.96082325488e-07, 5.95898264066e-08, 2.4920211672e-08, 1.37383395327e-07, 3.45007187263e-08, 6.08498282872e-08, 9.99792071354e-09, 7.93252397102e-09, 1.816632067e-09, 6.48826214977e-10, 7.60705887171e-10, 5.70463787319e-10, 3.97190114132e-10, 1.70861477744e-10, 1.57317894822e-10, 1.02304768823e-10, 5.96120930396e-11, 4.32435372233e-11, 5.86032056216e-11, 4.47690981509e-11, 6.89985013569e-11, 3.08842187935e-11, 3.13731471357e-11, 5.76288704257e-11, 8.69061281272e-11, 6.30968194359e-11, 3.98323513062e-10, 3.67958219449e-09, 1.84523996083e-09, 6.34015639989e-09, 2.79070651032e-08], "mean": [0.00144834176172, 0.00177696347237, 0.00189048389439, 0.00131900596898, 0.000491726445034, 0.000319871061947, 0.000227142285439, 0.000208516416023, 0.000254336220678, 0.000113409543701, 8.82669628481e-05, 5.02068032802e-05, 5.99334271101e-05, 3.62176724593e-05, 3.88833977922e-05, 1.75290406332e-05, 1.70689945662e-05, 1.08345211629e-05, 7.29785779185e-06, 9.3876833489e-06, 6.73836484566e-06, 7.45955003367e-06, 4.68890402772e-06, 4.47938919024e-06, 3.81666450266e-06, 3.34593551088e-06, 3.37680808116e-06, 4.48997252533e-06, 4.30477530244e-06, 4.49342132924e-06, 3.75137142328e-06, 2.92554091175e-06, 3.27829911839e-06, 3.95754386773e-06, 3.19196487908e-06, 4.86050066684e-06, 1.3565538211e-05, 1.1835109035e-05, 1.30462976813e-05, 2.58634445345e-05], "var": [1.14233653221e-05, 1.50938521983e-05, 2.50514658546e-05, 1.41981636261e-05, 5.50397658117e-07, 2.14496111539e-07, 1.6044894835e-07, 2.58027910149e-07, 2.95200010214e-07, 6.12503683328e-08, 3.82138125588e-08, 1.07953708195e-08, 3.62907925933e-08, 9.76849268142e-09, 1.78644494753e-08, 4.46560610712e-09, 2.41403896872e-09, 6.99399149706e-10, 3.6006048143e-10, 5.1253551403e-10, 2.78290335221e-10, 2.68629563038e-10, 9.51425535578e-11, 7.67841346061e-11, 6.15484468947e-11, 3.46269332652e-11, 2.88946713778e-11, 6.66407207195e-11, 5.65655092211e-11, 5.06000484568e-11, 3.4328512255e-11, 2.17170361555e-11, 2.8637809138e-11, 4.65879348988e-11, 3.08942281479e-11, 1.47612089219e-10, 1.31876254361e-09, 6.92296775462e-10, 1.42619804855e-09, 6.22604856559e-09], "dmean2": [0.00165145343635, 0.00234091584571, 0.00282048620284, 0.00180818885565, 0.000470754544949, 0.000367084256141, 0.000255003629718, 0.000206635944778, 0.000417707546148, 0.000178855014383, 7.94392326497e-05, 5.72299941268e-05, 0.000111742992885, 6.22967927484e-05, 6.56486445223e-05, 2.73390614893e-05, 2.70770469797e-05, 1.5752055333e-05, 9.67447340372e-06, 1.07987807496e-05, 8.55482994666e-06, 9.3288899734e-06, 5.84517010793e-06, 5.74007435716e-06, 4.68193456982e-06, 3.77983019462e-06, 3.41032477991e-06, 3.66853555533e-06, 3.65021924154e-06, 4.5925885388e-06, 3.15919305649e-06, 3.24883012581e-06, 4.16790544477e-06, 5.21252377439e-06, 4.46924605058e-06, 8.75544992596e-06, 2.59004864347e-05, 2.25722469622e-05, 3.61708152923e-05, 7.78487810749e-05], "dvar": [7.90089870861e-06, 1.62028536579e-05, 2.82138425973e-05, 1.63781605806e-05, 3.48277723106e-07, 1.77594102979e-07, 9.43060882719e-08, 1.16565040287e-07, 3.76288454618e-07, 7.25794677692e-08, 2.24347083133e-08, 9.48579170768e-09, 4.96142789075e-08, 1.24893970721e-08, 2.1548149931e-08, 3.51349416228e-09, 2.84618573154e-09, 6.69192867786e-10, 2.48822878968e-10, 3.09619024863e-10, 2.20940085671e-10, 1.55913865152e-10, 6.59140381165e-11, 6.02658686844e-11, 4.08575499822e-11, 2.3571018401e-11, 1.89390760019e-11, 2.447165387e-11, 2.23242258013e-11, 3.20604862103e-11, 1.59973007063e-11, 1.325630751e-11, 2.38892395449e-11, 3.66480908121e-11, 2.57198012887e-11, 1.65885097325e-10, 1.52075407822e-09, 7.62560459222e-10, 2.2905299879e-09, 1.01128225793e-08], "min": [1.7774582362e-24, 3.80224803201e-24, 6.1691289371e-24, 2.68901422788e-24, 9.88409108767e-24, 1.05545124166e-23, 5.97610059005e-24, 1.08947465473e-23, 6.4920601927e-24, 4.20850193187e-24, 4.83357361949e-24, 6.2252122143e-24, 6.90865684789e-24, 6.53670222576e-24, 7.89319943382e-24, 1.21595611576e-23, 2.13971341907e-23, 2.00952391735e-23, 1.2647156872e-23, 1.15762442722e-23, 8.79588586791e-24, 1.14400829356e-23, 8.84328378654e-24, 7.69908364201e-24, 9.77915128803e-24, 5.54477747948e-24, 1.11314466285e-23, 1.50193452333e-23, 9.82753686052e-24, 1.35018008881e-23, 6.97633006951e-24, 7.91900544061e-24, 1.09466488617e-23, 7.80829749003e-24, 9.23580519576e-24, 1.05651423173e-23, 1.22155671265e-23, 9.40361089866e-24, 1.40648850691e-23, 1.26605012431e-23], "median": [0.000211196849705, 0.000815720763057, 0.00059883564245, 0.000467673817184, 0.00023879861692, 0.000163092365256, 8.89330185601e-05, 4.3753261707e-05, 7.10420499672e-05, 2.83443241642e-05, 2.26759912039e-05, 1.30743528644e-05, 9.07970570552e-06, 5.20972480444e-06, 5.52049368707e-06, 2.52214613283e-06, 3.10300833917e-06, 2.01224315788e-06, 1.22313861084e-06, 1.99563100978e-06, 1.1663796613e-06, 1.43644808759e-06, 9.73347141553e-07, 1.21403968478e-06, 1.11139502224e-06, 1.32525758545e-06, 1.73685884874e-06, 2.29101146942e-06, 2.0054626475e-06, 2.03987883651e-06, 1.84474311027e-06, 1.27990074361e-06, 1.37270671985e-06, 1.45286207953e-06, 1.15816055768e-06, 9.49404807216e-07, 1.62229798661e-06, 1.32416516863e-06, 8.6655126097e-07, 6.88836394147e-07], "max": [0.0325740389526, 0.0393750965595, 0.0619271881878, 0.0469167493284, 0.0107101751491, 0.00664656795561, 0.00862570945174, 0.0106633752584, 0.0091054411605, 0.00336117390543, 0.00299995322712, 0.00163053290453, 0.00555599061772, 0.00275808153674, 0.00359743530862, 0.00131725601386, 0.00124797597528, 0.000474804663099, 0.000346522341715, 0.000519681198057, 0.000208786164876, 0.000213619117858, 0.000111740155262, 9.88324100035e-05, 0.000140053598443, 6.79894365021e-05, 6.47294073133e-05, 0.000190861494048, 0.000137293158332, 9.9214783404e-05, 7.70057085901e-05, 6.34418902337e-05, 5.60719636269e-05, 6.82055033394e-05, 7.07590952516e-05, 0.000137682422064, 0.000344511703588, 0.000263359252131, 0.000465677585453, 0.000870027986821]}, "barkbands_crest": {"dmean": 2.60588502884, "dvar2": 15.3655776978, "mean": 9.79511070251, "var": 14.1269664764, "dmean2": 4.2692732811, "dvar": 6.11607170105, "min": 2.2609307766, "median": 9.30715465546, "max": 25.5449886322}, "mfcc": {"icov": [[8.26631294331e-05, -4.18859563069e-05, -4.19452735514e-05, -1.259633882e-05, -5.24826464243e-05, 7.14395355317e-05, -0.000155311921844, 0.000136250353535, -0.000145377664012, -2.92135828204e-05, 7.94595034677e-05, -0.000176838308107, 7.14574707672e-05], [-4.18859563069e-05, 0.000614252057858, -7.61827759561e-05, 0.000137244118378, 0.000238795386394, -0.000299490522593, 0.00052538869204, -0.00128868455067, 0.00037709006574, 0.000245982781053, -0.000197106230189, 0.000648811575957, -0.000321084313327], [-4.19452735514e-05, -7.61827759561e-05, 0.00128912809305, 7.78768880991e-05, 0.000242540932959, -4.3914977141e-05, -0.00103554676753, 0.000588092254475, -0.00132627156563, 0.000228395103477, -0.000256150815403, -5.35163526365e-05, 0.00179445068352], [-1.259633882e-05, 0.000137244118378, 7.78768880991e-05, 0.0021932949312, -0.000991788459942, -0.00143509625923, -9.90495827864e-05, -0.000629085290711, 0.000352435046807, -0.00258563482203, 0.00186670769472, 0.000437038892414, -0.000937941833399], [-5.24826464243e-05, 0.000238795386394, 0.000242540932959, -0.000991788459942, 0.00412167329341, -0.00141164381057, -0.000919548794627, -0.000220349073061, -3.84741470043e-05, 0.00224818498828, -0.00291279261, 0.00144055346027, 0.00108194141649], [7.14395355317e-05, -0.000299490522593, -4.3914977141e-05, -0.00143509625923, -0.00141164381057, 0.00874164048582, -0.0028471541591, -0.00228253891692, 0.00125395483337, -4.08829691878e-05, 0.00214190059341, -0.0023260039743, 0.000748446502257], [-0.000155311921844, 0.00052538869204, -0.00103554676753, -9.90495827864e-05, -0.000919548794627, -0.0028471541591, 0.0110759912059, -0.00339336553589, -0.00226532691158, -0.000714161607902, 0.0003356829111, 0.000612019735854, -0.00394054595381], [0.000136250353535, -0.00128868455067, 0.000588092254475, -0.000629085290711, -0.000220349073061, -0.00228253891692, -0.00339336553589, 0.0171974916011, -0.00581144820899, -0.00114590954036, 0.000927411834709, -0.00151997175999, 0.000966794788837], [-0.000145377664012, 0.00037709006574, -0.00132627156563, 0.000352435046807, -3.84741470043e-05, 0.00125395483337, -0.00226532691158, -0.00581144820899, 0.0197145808488, -0.00759264174849, -0.00416095927358, 0.00284455833025, -0.00177078600973], [-2.92135828204e-05, 0.000245982781053, 0.000228395103477, -0.00258563482203, 0.00224818498828, -4.08829691878e-05, -0.000714161607902, -0.00114590954036, -0.00759264174849, 0.0214467719197, -0.00755578512326, -0.00418657111004, 0.00257460493594], [7.94595034677e-05, -0.000197106230189, -0.000256150815403, 0.00186670769472, -0.00291279261, 0.00214190059341, 0.0003356829111, 0.000927411834709, -0.00416095927358, -0.00755578512326, 0.0211778953671, -0.00500415917486, -0.00480993743986], [-0.000176838308107, 0.000648811575957, -5.35163526365e-05, 0.000437038892414, 0.00144055346027, -0.0023260039743, 0.000612019735854, -0.00151997175999, 0.00284455833025, -0.00418657111004, -0.00500415917486, 0.0211181137711, -0.0080999257043], [7.14574707672e-05, -0.000321084313327, 0.00179445068352, -0.000937941833399, 0.00108194141649, 0.000748446502257, -0.00394054595381, 0.000966794788837, -0.00177078600973, 0.00257460493594, -0.00480993743986, -0.0080999257043, 0.0208881180733]], "mean": [-687.92980957, 93.312461853, 44.1977729797, 8.90350627899, 0.726711094379, -0.984178304672, -1.13522362709, -2.90694451332, -2.07228541374, -4.21032047272, -5.69301652908, -0.929739832878, -5.26880693436], "cov": [[14526.3554688, 524.371154785, 1062.05432129, 446.801696777, 281.524261475, 182.833297729, 499.902740479, 175.410263062, 367.794952393, 254.854598999, 135.32510376, 146.419433594, 39.9518508911], [524.371154785, 2177.40405273, 74.1359329224, -179.453262329, -132.670730591, 27.1481285095, -70.6934661865, 122.105064392, -28.2794704437, -61.0279350281, -37.4412879944, -61.8291740417, -23.3120269775], [1062.05432129, 74.1359329224, 1148.91088867, -3.19279956818, 2.0777721405, 33.4787063599, 147.411590576, 42.7559432983, 137.379043579, 61.152141571, 33.2187767029, -13.5306358337, -70.302947998], [446.801696777, -179.453262329, -3.19279956818, 1076.6295166, 339.066467285, 334.07901001, 236.360412598, 161.928497314, 98.9455718994, 151.312225342, 1.3518652916, 45.2437400818, 59.4864959717], [281.524261475, -132.670730591, 2.0777721405, 339.066467285, 421.379455566, 160.811019897, 121.722618103, 63.8624725342, 38.6264419556, 27.1541748047, 24.0138435364, -1.01684761047, 9.52611351013], [182.833297729, 27.1481285095, 33.4787063599, 334.07901001, 160.811019897, 263.732055664, 134.630691528, 93.0738754272, 39.2595748901, 47.8723564148, -4.25437259674, 26.3328857422, 21.8870620728], [499.902740479, -70.6934661865, 147.411590576, 236.360412598, 121.722618103, 134.630691528, 225.843154907, 93.1760787964, 91.7035064697, 76.1437835693, 37.7388038635, 36.9884033203, 43.7389068604], [175.410263062, 122.105064392, 42.7559432983, 161.928497314, 63.8624725342, 93.0738754272, 93.1760787964, 127.103302002, 65.2457351685, 53.5613136292, 21.340259552, 22.3031597137, 22.4189434052], [367.794952393, -28.2794704437, 137.379043579, 98.9455718994, 38.6264419556, 39.2595748901, 91.7035064697, 65.2457351685, 130.541229248, 82.0726165771, 55.9262657166, 28.0975284576, 26.5450744629], [254.854598999, -61.0279350281, 61.152141571, 151.312225342, 27.1541748047, 47.8723564148, 76.1437835693, 53.5613136292, 82.0726165771, 122.886199951, 59.1150054932, 45.5256080627, 31.5720405579], [135.32510376, -37.4412879944, 33.2187767029, 1.3518652916, 24.0138435364, -4.25437259674, 37.7388038635, 21.340259552, 55.9262657166, 59.1150054932, 99.8820800781, 43.2751312256, 38.4446678162], [146.419433594, -61.8291740417, -13.5306358337, 45.2437400818, -1.01684761047, 26.3328857422, 36.9884033203, 22.3031597137, 28.0975284576, 45.5256080627, 43.2751312256, 86.5727615356, 47.1039161682], [39.9518508911, -23.3120269775, -70.302947998, 59.4864959717, 9.52611351013, 21.8870620728, 43.7389068604, 22.4189434052, 26.5450744629, 31.5720405579, 38.4446678162, 47.1039161682, 87.5032196045]]}, "spectral_decrease": {"dmean": 4.04310673829e-09, "dvar2": 1.71739821113e-16, "mean": -6.59538734737e-09, "var": 9.76513116724e-17, "dmean2": 6.24590423826e-09, "dvar": 7.69014463018e-17, "min": -9.19540141808e-08, "median": -3.53453177837e-09, "max": 5.66015879999e-11}, "zerocrossingrate": {"dmean": 0.0365509726107, "dvar2": 0.00223527103662, "mean": 0.114822514355, "var": 0.00944406632334, "dmean2": 0.0449184440076, "dvar": 0.00169448030647, "min": 0.0048828125, "median": 0.08447265625, "max": 0.748046875}, "spectral_contrast_coeffs": {"dmean": [0.0571471862495, 0.050467595458, 0.0436209067702, 0.0366793610156, 0.0229443944991, 0.019680397585], "dvar2": [0.00555686280131, 0.00506822438911, 0.00365398777649, 0.00289385695942, 0.000941141450312, 0.000758683192544], "mean": [-0.611164808273, -0.720598697662, -0.753206014633, -0.784881591797, -0.804885327816, -0.799117743969], "var": [0.0138361668214, 0.00545085640624, 0.0045068138279, 0.0034516104497, 0.00181871652603, 0.00120182009414], "dmean2": [0.0863275825977, 0.083800509572, 0.0705908611417, 0.0598740167916, 0.0364314205945, 0.0310244672], "dvar": [0.00271033588797, 0.00188013829757, 0.00142270035576, 0.00108306261245, 0.000389701861423, 0.000326024834067], "min": [-0.972161114216, -0.986844182014, -0.976771593094, -0.978332400322, -0.958603203297, -0.961706876755], "median": [-0.614477872849, -0.719105899334, -0.750271141529, -0.790757536888, -0.803902864456, -0.801605820656], "max": [-0.200747281313, -0.427871227264, -0.519101917744, -0.547927558422, -0.656087398529, -0.693368434906]}, "spectral_skewness": {"dmean": 0.381800800562, "dvar2": 0.554705023766, "mean": 1.35881519318, "var": 0.746834635735, "dmean2": 0.543207883835, "dvar": 0.300362169743, "min": -0.675809621811, "median": 1.17229855061, "max": 8.95737075806}, "spectral_energyband_middle_high": {"dmean": 0.00142428185791, "dvar2": 2.45275514317e-05, "mean": 0.00216044439003, "var": 1.37232973429e-05, "dmean2": 0.00232319231145, "dvar": 9.47050739342e-06, "min": 1.54594674562e-21, "median": 0.000597910780925, "max": 0.0544103123248}, "gfcc": {"icov": [[0.000103703336208, -0.000107549851236, 3.43367901223e-05, -0.000113297261123, 0.000227184791584, -0.000449365790701, 0.000484499527374, -0.00058809312759, 0.00047094974434, -0.000208760917303, 6.02596519457e-05, 5.22185000591e-05, 7.60289767641e-05], [-0.000107549851236, 0.00062161666574, 5.67962451896e-05, 0.000107775376819, -0.000255987397395, 0.000462621042971, -0.00113086972851, 0.00086191209266, -0.000740107672755, 0.000896474753972, 0.000291181233479, -0.000577940198127, 0.00058518408332], [3.43367901223e-05, 5.67962451896e-05, 0.00107751553878, 6.71469824738e-05, 8.45614777063e-05, -0.00109122926369, -4.2284623305e-06, -0.000756955356337, 0.000731524545699, -4.11221044487e-05, 0.00106443325058, 0.000436893024016, -0.000114098802442], [-0.000113297261123, 0.000107775376819, 6.71469824738e-05, 0.00119990506209, -0.00104014610406, 0.000349493406247, -0.00140713935252, 0.00100298179314, -0.00024216681777, -0.000203047617106, 0.000118739073514, 0.000933524570428, -0.000552835874259], [0.000227184791584, -0.000255987397395, 8.45614777063e-05, -0.00104014610406, 0.00308302114718, -0.00169751129579, 0.00154371303506, -0.00192180310842, 0.000733659195248, 0.000862424436491, -0.00097494025249, -0.000502500974108, 0.000891630712431], [-0.000449365790701, 0.000462621042971, -0.00109122926369, 0.000349493406247, -0.00169751129579, 0.00897421129048, -0.00429811188951, 0.00182690983638, -0.000923066283576, -0.000524427858181, -0.000109019376396, -0.00131524458993, 0.000553506659344], [0.000484499527374, -0.00113086972851, -4.2284623305e-06, -0.00140713935252, 0.00154371303506, -0.00429811188951, 0.0100197484717, -0.0051825218834, -1.1632529322e-06, -0.000127354185679, -0.00208992487751, 0.001872078632, -0.00169181951787], [-0.00058809312759, 0.00086191209266, -0.000756955356337, 0.00100298179314, -0.00192180310842, 0.00182690983638, -0.0051825218834, 0.0133911510929, -0.00481185363606, -0.00478704506531, 0.00242189294659, 0.00107889354695, -0.00101810123306], [0.00047094974434, -0.000740107672755, 0.000731524545699, -0.00024216681777, 0.000733659195248, -0.000923066283576, -1.1632529322e-06, -0.00481185363606, 0.0147879486904, -0.00359845790081, -0.00306813954376, 0.00064485805342, 0.000648804998491], [-0.000208760917303, 0.000896474753972, -4.11221044487e-05, -0.000203047617106, 0.000862424436491, -0.000524427858181, -0.000127354185679, -0.00478704506531, -0.00359845790081, 0.017663391307, -0.00594132579863, -0.00345257599838, 0.00235359277576], [6.02596519457e-05, 0.000291181233479, 0.00106443325058, 0.000118739073514, -0.00097494025249, -0.000109019376396, -0.00208992487751, 0.00242189294659, -0.00306813954376, -0.00594132579863, 0.0186753384769, -0.00410164799541, -0.00431557092816], [5.22185000591e-05, -0.000577940198127, 0.000436893024016, 0.000933524570428, -0.000502500974108, -0.00131524458993, 0.001872078632, 0.00107889354695, 0.00064485805342, -0.00345257599838, -0.00410164799541, 0.0169436205178, -0.00648694206029], [7.60289767641e-05, 0.00058518408332, -0.000114098802442, -0.000552835874259, 0.000891630712431, 0.000553506659344, -0.00169181951787, -0.00101810123306, 0.000648804998491, 0.00235359277576, -0.00431557092816, -0.00648694206029, 0.0196959003806]], "mean": [-33.9301872253, 49.3549919128, -68.544090271, 19.9665126801, -72.8184509277, 15.6466417313, -46.2287406921, 8.57107925415, -31.9120483398, 3.33667469025, -20.7459869385, 1.0307674408, -12.2713041306], "cov": [[24454.0859375, 950.676696777, 1448.63867188, 554.815063477, -542.483703613, 919.989929199, -205.037597656, 776.657836914, -457.343902588, 272.078155518, -420.051330566, -209.101989746, -255.792022705], [950.676696777, 2646.35058594, -254.782546997, 228.571289062, 110.876647949, 1.96897244453, 185.81060791, -114.147651672, 30.0848808289, -157.723602295, -49.8524665833, 1.2436876297, -65.02734375], [1448.63867188, -254.782546997, 1489.38659668, 17.7546234131, 7.74922990799, 249.251022339, 75.18699646, 160.573104858, -85.8144302368, 7.3784365654, -138.775802612, -96.2659606934, -41.6603355408], [554.815063477, 228.571289062, 17.7546234131, 1564.56945801, 477.596191406, 156.465423584, 268.883789062, 65.8134155273, 38.4949264526, 15.5037794113, 29.5379428864, -73.7128372192, 14.6394920349], [-542.483703613, 110.876647949, 7.74922990799, 477.596191406, 572.356811523, 92.7140808105, 83.8822021484, 37.1889038086, 25.5996685028, -5.06484174728, 33.2505722046, -2.87921953201, -1.03910958767], [919.989929199, 1.96897244453, 249.251022339, 156.465423584, 92.7140808105, 237.8855896, 111.446182251, 84.8633270264, 9.8283290863, 41.3366088867, 2.56598711014, -6.19844245911, -1.4395031929], [-205.037597656, 185.81060791, 75.18699646, 268.883789062, 83.8822021484, 111.446182251, 270.754547119, 100.764137268, 71.1156234741, 43.9173583984, 43.1026420593, -9.26757717133, 23.5912570953], [776.657836914, -114.147651672, 160.573104858, 65.8134155273, 37.1889038086, 84.8633270264, 100.764137268, 202.422393799, 55.5378684998, 85.2282943726, 12.5396490097, -9.91950702667, 5.68781661987], [-457.343902588, 30.0848808289, -85.8144302368, 38.4949264526, 25.5996685028, 9.8283290863, 71.1156234741, 55.5378684998, 128.629638672, 53.460067749, 53.5133209229, 17.7072925568, 15.9310646057], [272.078155518, -157.723602295, 7.3784365654, 15.5037794113, -5.06484174728, 41.3366088867, 43.9173583984, 85.2282943726, 53.460067749, 125.042007446, 53.1188659668, 27.7264003754, 15.4268779755], [-420.051330566, -49.8524665833, -138.775802612, 29.5379428864, 33.2505722046, 2.56598711014, 43.1026420593, 12.5396490097, 53.5133209229, 53.1188659668, 113.531036377, 48.1950950623, 38.5397758484], [-209.101989746, 1.2436876297, -96.2659606934, -73.7128372192, -2.87921953201, -6.19844245911, -9.26757717133, -9.91950702667, 17.7072925568, 27.7264003754, 48.1950950623, 97.7649917603, 36.0021629333], [-255.792022705, -65.02734375, -41.6603355408, 14.6394920349, -1.03910958767, -1.4395031929, 23.5912570953, 5.68781661987, 15.9310646057, 15.4268779755, 38.5397758484, 36.0021629333, 74.2025985718]]}, "erbbands_spread": {"dmean": 20.6550617218, "dvar2": 1221.98266602, "mean": 66.9991760254, "var": 1381.33325195, "dmean2": 31.4215660095, "dvar": 566.464904785, "min": 2.6745197773, "median": 64.3473358154, "max": 179.250976562}, "erbbands_kurtosis": {"dmean": 1.700527668, "dvar2": 24.1453456879, "mean": 1.06104183197, "var": 20.0803985596, "dmean2": 2.60565209389, "dvar": 11.4675426483, "min": -1.94394516945, "median": -0.276431322098, "max": 110.156715393}, "dynamic_complexity": 5.02137184143, "erbbands_crest": {"dmean": 2.43240094185, "dvar2": 15.7794294357, "mean": 7.85314559937, "var": 10.1540794373, "dmean2": 4.0838098526, "dvar": 5.87785291672, "min": 2.19657874107, "median": 7.19238853455, "max": 26.1461219788}, "erbbands": {"dmean": [0.126362293959, 0.880853235722, 3.05092811584, 7.42270898819, 20.1498413086, 9.60160160065, 8.70674228668, 9.15875148773, 10.987112999, 10.5043487549, 24.7402553558, 19.0156841278, 9.96481800079, 8.786860466, 21.8488521576, 11.4096479416, 9.32980537415, 7.85492038727, 5.3755273819, 3.64265465736, 4.72029399872, 4.97263145447, 3.65483999252, 3.40283441544, 2.96981596947, 3.29356360435, 4.10718774796, 3.89139866829, 3.59492635727, 5.79597187042, 5.79142284393, 19.3587379456, 20.5139446259, 42.8335647583, 34.0920448303, 10.0145568848, 1.97670376301, 0.201256394386, 0.0238157566637, 0.000799929839559], "dvar2": [0.211653828621, 14.1248874664, 208.200164795, 829.672546387, 16683.0292969, 1611.29284668, 708.850158691, 1069.29150391, 1451.57104492, 1927.765625, 9540.97558594, 6852.37988281, 1975.45092773, 1042.05371094, 17308.171875, 3501.52807617, 2334.01782227, 1639.26855469, 616.315307617, 199.03163147, 402.088775635, 293.929412842, 178.120025635, 148.977523804, 93.7992401123, 91.470993042, 129.305145264, 93.3463668823, 88.7697296143, 261.501617432, 303.206054688, 5356.48730469, 4380.74658203, 27384.4433594, 15784.8330078, 1244.62670898, 49.7121696472, 0.464430361986, 0.00687639322132, 7.14312000127e-06], "mean": [0.170133709908, 1.08924567699, 3.74866938591, 8.59557914734, 20.1146507263, 13.6526546478, 14.8514213562, 12.7637701035, 16.5850982666, 17.9924411774, 27.841003418, 20.1496047974, 17.9552440643, 12.7623157501, 19.3581809998, 13.2990436554, 10.2570781708, 8.98263454437, 6.56423187256, 5.43615818024, 6.67099142075, 6.81659173965, 5.14621591568, 4.81422567368, 4.56881952286, 6.31760978699, 7.10843086243, 6.77418804169, 5.23039102554, 7.07091903687, 6.37474298477, 17.0794258118, 16.6957378387, 26.6329345703, 22.1592216492, 6.65544605255, 1.3607416153, 0.138521283865, 0.0160538442433, 0.000563668843824], "var": [0.168111041188, 6.18260860443, 68.1171722412, 350.65045166, 5074.64160156, 860.807128906, 493.647827148, 390.787109375, 899.633789062, 1693.16955566, 3080.35864258, 2004.70654297, 1457.74047852, 582.465332031, 4440.87060547, 1203.81298828, 889.807250977, 557.400817871, 243.916366577, 137.277770996, 237.572235107, 207.543899536, 101.06035614, 89.2678833008, 58.4704856873, 113.182380676, 137.006790161, 103.55682373, 62.9690208435, 143.268661499, 138.624465942, 1987.04675293, 1426.23327637, 6143.65332031, 3873.45751953, 317.4659729, 12.9490404129, 0.122894749045, 0.00175712211058, 1.90164416836e-06], "dmean2": [0.183698445559, 1.49628937244, 5.16059827805, 11.9621372223, 33.3779182434, 15.3537435532, 13.7655820847, 16.0097198486, 18.8249511719, 17.1078739166, 42.3957901001, 32.8635368347, 15.639550209, 13.9389944077, 38.264251709, 19.8248996735, 16.0279979706, 13.405711174, 9.04166126251, 5.95524358749, 7.62026834488, 8.13188362122, 6.13350820541, 5.59766340256, 4.69519042969, 4.98661708832, 6.12673664093, 5.70316791534, 5.59015512466, 9.11208438873, 9.40754985809, 32.03490448, 34.9322624207, 78.9157943726, 61.2819595337, 17.7857952118, 3.48434519768, 0.35388097167, 0.0422565154731, 0.00140327250119], "dvar": [0.11174659431, 5.62664604187, 80.0621566772, 353.344909668, 6533.55615234, 684.265380859, 290.456542969, 376.349731445, 519.490905762, 759.946655273, 3557.44018555, 2526.76611328, 753.278747559, 411.173797607, 6254.15332031, 1250.60839844, 833.691772461, 593.773132324, 227.546875, 79.4930953979, 160.559249878, 116.656150818, 67.9694595337, 59.5586929321, 39.0069313049, 41.5830497742, 64.649520874, 49.0226097107, 38.5214195251, 112.034706116, 127.771560669, 2241.3894043, 1737.59338379, 9929.06445312, 5848.99755859, 465.367401123, 18.5601425171, 0.174999147654, 0.0025686705485, 2.69492375082e-06], "min": [9.36446178297e-23, 1.98988716887e-21, 7.47369315669e-21, 2.47654805783e-20, 5.72873174382e-20, 4.39915232336e-20, 3.63078677267e-19, 4.8561297391e-19, 3.12690866856e-19, 1.07834046047e-18, 8.26219170187e-19, 6.46660282886e-19, 9.4684417888e-19, 1.53433814541e-18, 2.19715238677e-18, 2.41241476746e-18, 5.16094900015e-18, 9.78112453895e-18, 1.02963099952e-17, 8.70299966242e-18, 8.74783946907e-18, 1.10148942011e-17, 8.79686067371e-18, 1.16933816539e-17, 1.012699605e-17, 2.16056929021e-17, 1.99772654435e-17, 1.43872500014e-17, 1.54987177013e-17, 1.62327875554e-17, 1.71215319122e-17, 1.96367581988e-17, 1.61728930616e-17, 1.5332408076e-17, 1.03737456811e-17, 5.86955947575e-18, 3.48441395796e-18, 1.32180597773e-18, 3.34570466142e-19, 3.05514247862e-20], "median": [0.00814433675259, 0.445987999439, 1.63019037247, 2.26688861847, 5.91360855103, 5.81666755676, 7.18623256683, 6.38151836395, 6.43662071228, 4.80787658691, 8.36238288879, 5.04712677002, 4.96865749359, 3.41012477875, 2.61939668655, 2.23335981369, 1.61711812019, 1.68353188038, 1.20484471321, 1.17044353485, 1.29432189465, 1.34357190132, 1.31733047962, 1.4894824028, 2.02835559845, 3.50837755203, 3.52293109894, 3.38629245758, 2.41028165817, 2.70421147346, 2.09885311127, 2.31723499298, 1.74380397797, 0.935745835304, 0.446011632681, 0.212167724967, 0.0645987913013, 0.00506054610014, 0.000406789418776, 3.70785273844e-05], "max": [4.44477319717, 24.7306804657, 92.4609451294, 262.724304199, 931.938354492, 384.085968018, 287.48727417, 324.769134521, 620.696228027, 856.588684082, 872.04510498, 644.47088623, 573.164367676, 304.703948975, 2035.65380859, 864.519897461, 513.080383301, 588.052856445, 294.306243896, 155.595077515, 204.577575684, 178.575515747, 115.751075745, 152.479919434, 86.9638290405, 203.880126953, 190.68371582, 106.842857361, 84.899055481, 116.537902832, 110.159988403, 405.750366211, 370.562438965, 835.253601074, 751.03302002, 159.259185791, 42.7752342224, 3.88920044899, 0.470452368259, 0.0136843929067]}, "silence_rate_30dB": {"dmean": 0.0730220228434, "dvar2": 0.1548615098, "mean": 0.937024831772, "var": 0.059009976685, "dmean2": 0.146054521203, "dvar": 0.0676818266511, "min": 0, "median": 1, "max": 1}, "silence_rate_60dB": {"dmean": 0.0428950563073, "dvar2": 0.0850357040763, "mean": 0.162602216005, "var": 0.136198416352, "dmean2": 0.0857962667942, "dvar": 0.0410481989384, "min": 0, "median": 0, "max": 1}, "spectral_energyband_middle_low": {"dmean": 0.00976764690131, "dvar2": 0.00174690282438, "mean": 0.0142781566828, "var": 0.000720575102605, "dmean2": 0.0156949535012, "dvar": 0.000726027123164, "min": 2.13855066965e-22, "median": 0.00774134183303, "max": 0.309160768986}, "spectral_spread": {"dmean": 2225378.5, "dvar2": 15958641999900.0, "mean": 8775807, "var": 17985953595400.0, "dmean2": 3165685.75, "dvar": 8585277865980.0, "min": 816457.3125, "median": 7363687, "max": 39246112}, "barkbands": {"dmean": [0.000141720796819, 0.00376285961829, 0.00313202710822, 0.00362226855941, 0.00442140409723, 0.00113930215593, 0.000637821794953, 0.00084225658793, 0.00101237988565, 0.000339455902576, 0.00046177348122, 0.000313059630571, 0.000186002987903, 0.000145702942973, 8.45758258947e-05, 9.32631810429e-05, 8.60710060806e-05, 6.70763110975e-05, 6.23469022685e-05, 7.12844412192e-05, 0.00010169489542, 0.000122829776956, 0.000183613257832, 0.00108575518243, 0.00445681298152, 0.00137894961517, 0.000113725138362], "dvar2": [2.57478660615e-07, 0.000216033164179, 0.000200149384909, 0.000283242989099, 0.000629625632428, 1.23354993775e-05, 4.42971395387e-06, 9.68865333562e-06, 1.93766773009e-05, 3.50962386619e-06, 5.87594422541e-06, 2.35874131249e-06, 9.17853981264e-07, 6.1345275526e-07, 1.62422239214e-07, 1.38652580972e-07, 9.07037360776e-08, 6.17349442678e-08, 4.45673187244e-08, 3.92993442233e-08, 7.40889376516e-08, 1.09071514487e-07, 2.76174347391e-07, 1.30460093715e-05, 0.000263383146375, 2.32285037782e-05, 1.52665251107e-07], "mean": [0.000168286147527, 0.0051103727892, 0.00367198302411, 0.00364878657274, 0.00528657063842, 0.00186947139446, 0.00100147747435, 0.00118221354205, 0.00103194