{"tonal": {"hpcp": {"dvar": [0.0312863066792, 0.0200788993388, 0.0129679813981, 0.0121586751193, 0.0119869317859, 0.0160417910665, 0.0193305686116, 0.0148014603183, 0.00992446392775, 0.00955073628575, 0.0131918117404, 0.0173989217728, 0.0218462068588, 0.0217555034906, 0.025527421385, 0.0369138158858, 0.0238075461239, 0.0153270736337, 0.00908451713622, 0.0100975139067, 0.017547192052, 0.0206432249397, 0.015795821324, 0.0105510847643, 0.0076564042829, 0.010860173963, 0.017611535266, 0.0279035177082, 0.0232192836702, 0.0256330966949, 0.0276692211628, 0.02311594598, 0.0147581910715, 0.0125470869243, 0.0180764906108, 0.0247671734542], "var": [0.109156697989, 0.0380034595728, 0.0124873844907, 0.0109823215753, 0.0111567033455, 0.0220464151353, 0.0358981713653, 0.0213851239532, 0.00916483812034, 0.00803737621754, 0.012061172165, 0.0283773466945, 0.0471827201545, 0.0303498953581, 0.0585083737969, 0.139383047819, 0.0686257258058, 0.0156722385436, 0.00695576146245, 0.00858238525689, 0.0322754122317, 0.0701777413487, 0.0313860811293, 0.00959182530642, 0.00694900285453, 0.00998685602099, 0.0313683785498, 0.0588218681514, 0.0335756130517, 0.0594471171498, 0.149550437927, 0.0610933601856, 0.0119671905413, 0.0120487445965, 0.0163538213819, 0.0577821917832], "median": [0.334987014532, 0.170454740524, 0.0117157688364, 0.00681783258915, 0.00812352914363, 0.028168965131, 0.0430076904595, 0.027029113844, 0.0126838926226, 0.00852506514639, 0.00668049743399, 0.0359782986343, 0.0559998564422, 0.0407393500209, 0.334729194641, 0.66806012392, 0.329695761204, 0.0193437021226, 0.00526511855423, 0.00684802047908, 0.0591145046055, 0.103212557733, 0.0562520287931, 0.0144691402093, 0.0110985999927, 0.0148398391902, 0.0868827328086, 0.126092925668, 0.0647126287222, 0.0788782313466, 0.0735712423921, 0.040900234133, 0.0176481734961, 0.01249632705, 0.0183639526367, 0.191227003932], "max": [1, 1, 1, 1, 1, 1, 1, 1, 1, 1, 1, 1, 1, 1, 1, 1, 1, 1, 1, 1, 1, 1, 1, 1, 1, 1, 1, 1, 1, 1, 1, 1, 1, 1, 1, 1], "dmean": [0.151924490929, 0.117265127599, 0.0481104888022, 0.0396793670952, 0.0402218960226, 0.0576196424663, 0.0708307623863, 0.0542214252055, 0.0368538722396, 0.0339804105461, 0.0411304570735, 0.0684632286429, 0.0877455472946, 0.0861759334803, 0.143415942788, 0.140891939402, 0.134872674942, 0.0647387430072, 0.0339432358742, 0.038622148335, 0.0746126696467, 0.0948169454932, 0.0716336518526, 0.0389417372644, 0.0316146276891, 0.0383223481476, 0.0893369093537, 0.122614920139, 0.0961108133197, 0.107485570014, 0.0933760181069, 0.0913719460368, 0.0538114048541, 0.0448582731187, 0.0631713792682, 0.127293840051], "dmean2": [0.241750538349, 0.193300262094, 0.0842354819179, 0.0688083767891, 0.0701330006123, 0.0976398587227, 0.116805002093, 0.0895157083869, 0.0642569288611, 0.0597361959517, 0.0726621523499, 0.111916728318, 0.143147289753, 0.144555285573, 0.230727538466, 0.231191918254, 0.217108011246, 0.111201271415, 0.0607555545866, 0.0675457939506, 0.121897764504, 0.148542031646, 0.114944696426, 0.0675664693117, 0.0547224469483, 0.0668346211314, 0.146650284529, 0.201494395733, 0.160204842687, 0.181299135089, 0.152810961008, 0.154700919986, 0.095252841711, 0.0779305547476, 0.113030694425, 0.212848886847], "mean": [0.438592374325, 0.229907602072, 0.0472975075245, 0.0382292568684, 0.038212865591, 0.0800519958138, 0.115304023027, 0.076800622046, 0.0396652854979, 0.0324313230813, 0.0369049981236, 0.099115088582, 0.142448469996, 0.110938981175, 0.349860042334, 0.61352789402, 0.356204390526, 0.0641518384218, 0.0285262838006, 0.0344346538186, 0.129875332117, 0.213661789894, 0.128168165684, 0.0436479002237, 0.0346277691424, 0.0411910451949, 0.150982782245, 0.217720165849, 0.136878043413, 0.202162101865, 0.314391970634, 0.183349937201, 0.0531288944185, 0.048292722553, 0.0613619796932, 0.272815436125], "dvar2": [0.0728302672505, 0.0555909946561, 0.0353578180075, 0.0320142321289, 0.0307748913765, 0.0423960536718, 0.0502497181296, 0.0371636115015, 0.027249827981, 0.0260720681399, 0.0347580686212, 0.0431925617158, 0.0532991811633, 0.0557657666504, 0.0646362006664, 0.0861036404967, 0.0603493228555, 0.0401904396713, 0.0252348780632, 0.0273165162653, 0.0453060269356, 0.0478317402303, 0.0395607203245, 0.0287058576941, 0.020866503939, 0.0293336417526, 0.0455455258489, 0.0700058117509, 0.0612542256713, 0.0722472146153, 0.0644599050283, 0.0648549497128, 0.0427278988063, 0.0347702912986, 0.0530170351267, 0.0681820213795], "min": [0, 0, 0, 0, 0, 0, 0, 0, 0, 0, 0, 0, 0, 0, 0, 0, 0, 0, 0, 0, 0, 0, 0, 0, 0, 0, 0, 0, 0, 0, 0, 0, 0, 0, 0, 0]}, "key_key": "D", "thpcp": [1, 0.580583870411, 0.104562222958, 0.0464954972267, 0.056125652045, 0.211686104536, 0.348251134157, 0.208903566003, 0.0711424872279, 0.0564404167235, 0.0671380162239, 0.24608951807, 0.354865968227, 0.223099946976, 0.32950758934, 0.512433052063, 0.29884532094, 0.0865957289934, 0.0787131637335, 0.100014977157, 0.444666713476, 0.714869499207, 0.374730467796, 0.0770910456777, 0.0623105429113, 0.0622838288546, 0.130478173494, 0.187936067581, 0.125178694725, 0.0646511539817, 0.0528603903949, 0.0601521097124, 0.161549434066, 0.232179284096, 0.180821418762, 0.570243120193], "chords_key": "D", "tuning_equal_tempered_deviation": 0.0133863808587, "tuning_frequency": 436.960693359, "tuning_diatonic_strength": 0.627206742764, "chords_histogram": [60.5338020325, 0.392900705338, 12.9386262894, 0, 0, 0, 0, 0, 0, 0, 0, 0, 0, 0.0135482996702, 0, 4.76900148392, 0.149031296372, 1.49031293392, 0.203224495053, 0, 0.0948380976915, 0.189676195383, 18.6695575714, 0.55548030138], "key_strength": 0.843382239342, "key_scale": "major", "chords_strength": {"dvar": 0.000287471106276, "var": 0.0275141447783, "median": 0.504004120827, "max": 0.708998739719, "dmean": 0.0063708378002, "dmean2": 0.00565512245521, "mean": 0.493872195482, "dvar2": 0.000495160929859, "min": -1}, "chords_number_rate": 0.000677414995153, "tuning_nontempered_energy_ratio": 0.60133844614, "hpcp_entropy": {"dvar": 0.180338934064, "var": 0.447977691889, "median": 1.74259591103, "max": 4.14803552628, "dmean": 0.47976911068, "dmean2": 0.788949668407, "mean": 1.71595108509, "dvar2": 0.457301795483, "min": 0}, "chords_changes_rate": 0.0289933606982, "chords_scale": "major"}, "rhythm": {"bpm_histogram_first_peak_spread": {"dvar": 0, "var": 0, "median": 0.438356161118, "max": 0.438356161118, "dmean": 0, "dmean2": 0, "mean": 0.438356161118, "dvar2": 0, "min": 0.438356161118}, "bpm_histogram_first_peak_weight": {"dvar": 0, "var": 0, "median": 0.271074384451, "max": 0.271074384451, "dmean": 0, "dmean2": 0, "mean": 0.271074384451, "dvar2": 0, "min": 0.271074384451}, "bpm_histogram_first_peak_bpm": {"dvar": 0, "var": 0, "median": 91, "max": 91, "dmean": 0, "dmean2": 0, "mean": 91, "dvar2": 0, "min": 91}, "bpm": 89.4256591797, "bpm_histogram_second_peak_weight": {"dvar": 0, "var": 0, "median": 0.119008265436, "max": 0.119008265436, "dmean": 0, "dmean2": 0, "mean": 0.119008265436, "dvar2": 0, "min": 0.119008265436}, "beats_loudness": {"dvar": 0.000104280014057, "var": 0.000525575131178, "median": 0.0205415952951, "max": 0.108499608934, "dmean": 0.00906241405755, "dmean2": 0.0156446378678, "mean": 0.0260435007513, "dvar2": 0.000289219635306, "min": 0}, "beats_loudness_band_ratio": {"dvar": [0.0147883789614, 0.0117381960154, 0.0149137796834, 0.00581900915131, 0.0015454411041, 0.00914670433849], "var": [0.0269203539938, 0.0220537576824, 0.0226024240255, 0.00728147896007, 0.00189024803694, 0.00650785397738], "median": [0.187902316451, 0.277645796537, 0.273240327835, 0.119375392795, 0.0590924695134, 0.00878964364529], "max": [0.889321327209, 0.760780990124, 0.885221660137, 0.561404168606, 0.313418835402, 0.856511890888], "dmean": [0.126818865538, 0.144243687391, 0.146883279085, 0.0873956233263, 0.0430822558701, 0.0300783328712], "dmean2": [0.221138253808, 0.248053744435, 0.250455111265, 0.155028820038, 0.0748659446836, 0.0570943020284], "mean": [0.222696632147, 0.299560785294, 0.298973917961, 0.135815039277, 0.0680008679628, 0.0239505842328], "dvar2": [0.0414401963353, 0.0321013182402, 0.0428520403802, 0.0172916445881, 0.00431232433766, 0.0246141813695], "min": [0, 0, 0, 0, 0, 0]}, "bpm_histogram_second_peak_bpm": {"dvar": 0, "var": 0, "median": 167, "max": 167, "dmean": 0, "dmean2": 0, "mean": 167, "dvar2": 0, "min": 167}, "onset_rate": 2.51503968239, "beats_count": 606, "beats_position": [0.383129239082, 0.777868449688, 1.19582760334, 1.60217678547, 1.99691605568, 2.39165520668, 2.7863945961, 3.15791368484, 3.52943301201, 3.88934230804, 4.2492518425, 4.60916090012, 4.96907043457, 5.32897949219, 5.6888885498, 6.03718805313, 6.38548755646, 6.73378658295, 7.0936961174, 7.45360517502, 7.81351470947, 8.17342376709, 8.53333282471, 8.893242836, 9.26476192474, 9.63628101349, 10.0078001022, 10.3677091599, 10.71600914, 11.0643081665, 11.4242172241, 11.7841272354, 12.1556463242, 12.5155553818, 12.8754644394, 13.235373497, 13.5836734772, 13.9435825348, 14.2918815613, 14.6517915726, 15.0233106613, 15.4064397812, 15.7895689011, 16.1843090057, 16.5790481567, 16.9737873077, 17.3569164276, 17.7400455475, 18.1231746674, 18.5063037872, 18.9010429382, 19.2957820892, 19.6789112091, 20.062040329, 20.4335594177, 20.8050785065, 21.1649875641, 21.5365066528, 21.8964176178, 22.2563266754, 22.616235733, 22.9761447906, 23.3360538483, 23.6959629059, 24.0558719635, 24.4157810211, 24.7756919861, 25.1239910126, 25.4955101013, 25.8554191589, 26.2153282166, 26.5868473053, 26.9467563629, 27.3066654205, 27.6665763855, 28.0264854431, 28.3863945007, 28.7463035583, 29.1178226471, 29.4893417358, 29.8608608246, 30.2323799133, 30.5922889709, 30.9521980286, 31.3237190247, 31.7068481445, 32.0899772644, 32.4847145081, 32.8678436279, 33.2509727478, 33.6457138062, 34.0404510498, 34.4235839844, 34.8299331665, 35.2246704102, 35.60779953, 35.9909286499, 36.362449646, 36.7339668274, 37.093875885, 37.4421768188, 37.790473938, 38.1503829956, 38.4986839294, 38.8469848633, 39.2185020447, 39.5784111023, 39.9383201599, 40.2982292175, 40.6581382751, 41.0180473328, 41.3663482666, 41.7262573242, 42.0745582581, 42.4344673157, 42.7943763733, 43.1658935547, 43.5374145508, 43.9205436707, 44.3152809143, 44.7448501587, 45.1628112793, 45.5807685852, 46.0219497681, 46.4166870117, 46.7882080078, 47.1597251892, 47.508026123, 47.8563270569, 48.2278442383, 48.5877532959, 48.9476623535, 49.3075714111, 49.6674804688, 50.0157814026, 50.3640823364, 50.7123794556, 51.0606803894, 51.4089775085, 51.7572784424, 52.1171875, 52.4770965576, 52.8370056152, 53.1969146729, 53.5684356689, 53.9399528503, 54.299861908, 54.6713829041, 55.0545120239, 55.4260292053, 55.7975502014, 56.1690673828, 56.5522003174, 56.9237174988, 57.2952384949, 57.6783676147, 58.0498847961, 58.4097938538, 58.7697029114, 59.1180038452, 59.4663009644, 59.8146018982, 60.162902832, 60.5111999512, 60.859500885, 61.2077980042, 61.556098938, 61.9043960571, 62.252696991, 62.6009979248, 62.9609069824, 63.3092041016, 63.6575050354, 64.0058059692, 64.3657150269, 64.7256240845, 65.0855331421, 65.4570541382, 65.8285675049, 66.200088501, 66.5716094971, 66.9431304932, 67.3030395508, 67.6745529175, 68.0460739136, 68.4059829712, 68.7658920288, 69.1374130249, 69.5205459595, 69.9036712646, 70.2868041992, 70.6699295044, 71.0414505005, 71.4245758057, 71.8077087402, 72.1792297363, 72.5623550415, 72.9222640991, 73.2821731567, 73.6420822144, 74.001991272, 74.3735122681, 74.7450332642, 75.1281585693, 75.5112915039, 75.8828125, 76.2659378052, 76.6490707397, 77.0205917358, 77.3921051025, 77.7636260986, 78.1351470947, 78.5066680908, 79.0175018311, 79.5283432007, 80.0507888794, 80.5964584351, 81.1421279907, 81.6994094849, 82.256690979, 82.8139648438, 83.3596343994, 83.9053039551, 84.4509735107, 85.0082550049, 85.5655288696, 86.2156906128, 86.865852356, 87.5160064697, 88.2474365234, 88.9788665771, 89.7102966309, 90.4417190552, 91.1615371704, 91.8813552856, 92.6011810303, 93.3209991455, 94.0408172607, 94.7490234375, 95.4572296143, 96.1770477295, 96.8852615356, 97.5818557739, 98.2552337646, 98.9053955078, 99.555557251, 100.217323303, 100.890701294, 101.564079285, 102.237457275, 102.922447205, 103.607437134, 104.304031372, 104.989021301, 105.685623169, 106.370613098, 107.067207336, 107.763809204, 108.460403442, 109.15700531, 109.853607178, 110.538589478, 111.235191345, 111.943397522, 112.628387451, 113.31337738, 113.99836731, 114.694961548, 115.391563416, 116.076553345, 116.749931335, 117.434921265, 118.096687317, 118.793289185, 119.489883423, 120.174873352, 120.859863281, 121.54485321, 122.22983551, 122.926437378, 123.623039246, 124.319633484, 125.016235352, 125.71282959, 126.397819519, 127.082809448, 127.779411316, 128.464401245, 129.137771606, 129.822769165, 130.496139526, 131.181137085, 131.866119385, 132.562713623, 133.25932312, 133.955917358, 134.652511597, 135.349105835, 136.045715332, 136.74230957, 137.438903809, 138.123901367, 138.797271729, 139.482269287, 140.167251587, 140.852249146, 141.537231445, 142.222213745, 142.918823242, 143.61541748, 144.323623657, 145.031829834, 145.716827393, 146.401809692, 147.086807251, 147.771789551, 148.456771851, 149.141769409, 149.815139771, 150.488525391, 151.161895752, 151.846893311, 152.520263672, 153.20526123, 153.89024353, 154.586837769, 155.295059204, 155.991653442, 156.699859619, 157.408065796, 158.093063354, 158.778045654, 159.474639893, 160.159637451, 160.844619751, 161.52961731, 162.226211548, 162.922805786, 163.607803345, 164.292785645, 164.977767944, 165.662765503, 166.347747803, 167.021133423, 167.694503784, 168.391113281, 169.08770752, 169.772689819, 170.457687378, 171.142669678, 171.827667236, 172.501037598, 173.186035156, 173.882629395, 174.579223633, 175.275817871, 175.972427368, 176.669021606, 177.365615845, 178.062225342, 178.747207642, 179.420593262, 180.105575562, 180.790557861, 181.487167358, 182.183761597, 182.868743896, 183.553741455, 184.238723755, 184.912109375, 185.597091675, 186.293685913, 186.99029541, 187.686889648, 188.383483887, 189.091690063, 189.799911499, 190.484893799, 191.169876099, 191.866485596, 192.551467896, 193.236465454, 193.921447754, 194.606430054, 195.279815674, 195.941589355, 196.614959717, 197.299957275, 197.973327637, 198.646713257, 199.343307495, 200.06312561, 200.759719849, 201.456329346, 202.152923584, 202.849517822, 203.546112061, 204.231109619, 204.90447998, 205.566253662, 206.239639282, 206.913009644, 207.574783325, 208.236557007, 208.886703491, 209.536865234, 210.175415039, 210.825576782, 211.464126587, 212.11428833, 212.764434814, 213.414596558, 214.053146362, 214.691696167, 215.34185791, 216.015228271, 216.688613892, 217.350387573, 218.012145996, 218.685531616, 219.347290039, 220.009063721, 220.659225464, 221.332611084, 221.982757568, 222.64453125, 223.306304932, 223.968063354, 224.629837036, 225.279998779, 225.941757202, 226.603530884, 227.253692627, 227.915466309, 228.577224731, 229.250610352, 229.900772095, 230.562530518, 231.212692261, 231.874465942, 232.536224365, 233.197998047, 233.859771729, 234.521530151, 235.171691895, 235.821853638, 236.472015381, 237.133789062, 237.795547485, 238.457321167, 239.119094849, 239.780853271, 240.442626953, 241.092788696, 241.742950439, 242.404708862, 243.066482544, 243.716644287, 244.366790771, 245.016952515, 245.667114258, 246.328887939, 246.990646362, 247.664031982, 248.314193726, 248.975952148, 249.63772583, 250.31111145, 250.984481812, 251.634643555, 252.284805298, 252.934967041, 253.585113525, 254.235275269, 254.885437012, 255.535598755, 256.185760498, 256.835906982, 257.497680664, 258.136230469, 258.763183594, 259.413330078, 260.040252686, 260.690429688, 261.340576172, 261.990753174, 262.640899658, 263.31427002, 263.976043701, 264.626220703, 265.287963867, 265.961364746, 266.634735107, 267.308105469, 267.96987915, 268.643249512, 269.305023193, 269.955200195, 270.616943359, 271.278717041, 271.940490723, 272.602264404, 273.252410889, 273.925811768, 274.599182129, 275.260955811, 275.922729492, 276.596099854, 277.246246338, 277.89642334, 278.558166504, 279.219940186, 279.881713867, 280.543487549, 281.193634033, 281.843811035, 282.505584717, 283.167327881, 283.829101562, 284.490875244, 285.141052246, 285.79119873, 286.441345215, 287.126342773, 287.799713135, 288.461486816, 289.123260498, 289.78503418, 290.446807861, 291.108551025, 291.758728027, 292.408874512, 293.070648193, 293.720825195, 294.394195557, 295.067565918, 295.7293396, 296.379486084, 297.041259766, 297.703033447, 298.364807129, 299.026580811, 299.688323975, 300.350097656, 301.000274658, 301.650421143, 302.300598145, 302.962341309, 303.62411499, 304.274291992, 304.936035156, 305.597808838, 306.25958252, 306.909759521, 307.559906006, 308.221679688, 308.883453369, 309.545196533, 310.206970215, 310.868743896, 311.530517578, 312.19229126, 312.854064941, 313.515808105, 314.165985107, 314.816131592, 315.466308594, 316.116455078, 316.766601562, 317.416778564, 318.090148926, 318.763519287, 319.425292969, 320.08706665, 320.748840332, 321.410614014, 322.072387695, 322.734130859, 323.395904541, 324.057678223, 324.719451904, 325.381225586, 326.03137207, 326.693145752, 327.354919434, 328.016693115, 328.690063477, 329.363433838, 330.036804199, 330.710205078, 331.395172119, 332.068572998, 332.753540039, 333.438537598, 334.123535156, 334.820129395, 335.52835083, 336.224945068, 336.909912109, 337.583312988, 338.25668335, 338.976501465, 339.69631958, 340.427734375, 341.159179688, 341.890594482], "danceability": 1.10824966431, "bpm_histogram_second_peak_spread": {"dvar": 0, "var": 0, "median": 0, "max": 0, "dmean": 0, "dmean2": 0, "mean": 0, "dvar2": 0, "min": 0}}, "lowlevel": {"spectral_flux": {"dvar": 0.000284993468085, "var": 0.00141872826498, "median": 0.0509715080261, "max": 0.288857936859, "dmean": 0.0126885036007, "dmean2": 0.020432792604, "mean": 0.0561369024217, "dvar2": 0.000690727145411, "min": 6.38572250633e-11}, "spectral_rolloff": {"dvar": 385128.28125, "var": 5242457, "median": 861.328125, "max": 20801.0742188, "dmean": 233.579864502, "dmean2": 386.895355225, "mean": 1272.51855469, "dvar2": 739732.3125, "min": 150.732421875}, "barkbands_flatness_db": {"dvar": 0.000192591498489, "var": 0.00180554843973, "median": 0.144995942712, "max": 0.346718043089, "dmean": 0.0139942923561, "dmean2": 0.0209313333035, "mean": 0.149712473154, "dvar2": 0.000398036354454, "min": 0.0345783159137}, "spectral_centroid": {"dvar": 37264.7226562, "var": 1050524.75, "median": 785.97265625, "max": 11686.8134766, "dmean": 114.779083252, "dmean2": 171.872665405, "mean": 931.258666992, "dvar2": 73824.359375, "min": 185.938949585}, "melbands_skewness": {"dvar": 0.149482160807, "var": 0.677674114704, "median": 1.69512927532, "max": 10.699587822, "dmean": 0.373211473227, "dmean2": 0.567784190178, "mean": 1.77803003788, "dvar2": 0.34618729353, "min": -2.93628525734}, "melbands": {"dvar": [6.88044622166e-07, 1.99707938009e-06, 2.81103638144e-07, 1.674217458e-07, 6.21917820354e-07, 1.43057235391e-07, 7.60785709986e-08, 1.81935121191e-07, 4.54898355429e-07, 5.17973326453e-08, 3.11230294869e-08, 7.18544015399e-08, 2.63636046327e-09, 6.65502319919e-09, 1.26485699692e-09, 1.541446637e-09, 7.63589802499e-10, 3.85872267472e-09, 6.71497191185e-10, 3.04655883854e-10, 2.45714726343e-10, 1.93776522606e-10, 7.58280244151e-11, 2.46703057288e-11, 5.59987603163e-12, 1.94332796383e-11, 5.15884834851e-11, 1.03501027193e-11, 3.05134151453e-12, 2.59415622664e-12, 3.47404505337e-12, 2.42347288071e-12, 5.54110793707e-12, 7.53234280504e-12, 1.51382864577e-11, 4.86080316622e-12, 2.74719461589e-12, 9.28004092841e-13, 4.31830027466e-13, 1.87170510211e-13], "var": [9.72714587988e-07, 3.44299041899e-06, 4.11561728697e-07, 3.98887607389e-07, 1.46400054746e-06, 4.32150244478e-07, 2.2674015554e-07, 4.1725598976e-07, 1.31097647227e-06, 1.35355577413e-07, 8.33908799791e-08, 1.55719888539e-07, 7.80353204277e-09, 1.93502476264e-08, 2.6071664827e-09, 3.68364094783e-09, 1.81308734692e-09, 6.8749979043e-09, 1.38567990415e-09, 6.47463749281e-10, 5.83498138695e-10, 4.11051692684e-10, 2.16889325944e-10, 5.96865543101e-11, 1.45809891938e-11, 3.10628363309e-11, 9.02199912001e-11, 2.41304545789e-11, 7.91685553919e-12, 6.96962626501e-12, 7.46645540534e-12, 6.78481489741e-12, 1.42060044284e-11, 1.67074080265e-11, 3.2739217587e-11, 1.33943333855e-11, 5.98364456941e-12, 1.87581113836e-12, 9.46164804491e-13, 4.56007627492e-13], "median": [0.000192831255845, 0.000610302202404, 0.000343716994394, 0.000250488665188, 0.000544962764252, 0.000278132589301, 0.000231370315305, 0.000139595329529, 0.000181131239515, 0.00012533221161, 0.000106405546831, 8.86386769707e-05, 2.81080574496e-05, 3.72011418222e-05, 1.78393220267e-05, 1.58288039529e-05, 1.2071828678e-05, 1.79204798769e-05, 1.01747691588e-05, 6.81409255776e-06, 1.00749812191e-05, 7.71764644014e-06, 5.9889575823e-06, 3.14841759064e-06, 1.221448656e-06, 9.52462869463e-07, 5.58742044632e-07, 4.03506732027e-07, 2.30622575259e-07, 1.78244633275e-07, 1.77445826921e-07, 1.61253623787e-07, 1.50926254605e-07, 1.97344206754e-07, 2.15598205955e-07, 1.3900219642e-07, 1.03236992288e-07, 8.3407421414e-08, 6.37758148514e-08, 6.48869331599e-08], "max": [0.0160950440913, 0.0332589000463, 0.0132287666202, 0.0126010943204, 0.0174105614424, 0.00589561089873, 0.00768990349025, 0.0110601726919, 0.0156952831894, 0.00920805521309, 0.00429130252451, 0.00669335341081, 0.00140383443795, 0.00229737674817, 0.0016275254311, 0.000822813773993, 0.000663545564748, 0.00119424425066, 0.000624268956017, 0.000385041057598, 0.000519238645211, 0.000456933281384, 0.000196243374376, 0.000134374611662, 9.12003524718e-05, 0.000333334843162, 0.000476812885609, 0.000251966528594, 8.99080259842e-05, 0.000100931429188, 7.29600360501e-05, 4.86287244712e-05, 7.04593840055e-05, 9.10782400751e-05, 0.00014825220569, 0.000108905929665, 6.59060606267e-05, 3.2767700759e-05, 2.35895604419e-05, 1.67425223481e-05], "dmean": [0.000278576218989, 0.000492668303195, 0.000232524238527, 0.000235012703342, 0.000408952240832, 0.000226859134273, 0.00015011538926, 0.000183565571206, 0.000273152487352, 0.000106716048322, 9.02553656488e-05, 0.000116580442409, 2.59427306446e-05, 3.90489549318e-05, 1.68612095877e-05, 1.87642854144e-05, 1.41687132782e-05, 2.88483806798e-05, 1.20834629342e-05, 8.09576158645e-06, 8.53321944305e-06, 6.2657172748e-06, 5.05587786392e-06, 2.74230160358e-06, 1.0365693015e-06, 9.41728330872e-07, 9.43237182582e-07, 6.9806111469e-07, 4.86458702653e-07, 4.34808413274e-07, 4.68417965749e-07, 4.12406706118e-07, 5.48508864995e-07, 6.06898424849e-07, 7.71514521603e-07, 4.63161057951e-07, 3.27340615058e-07, 2.16511381268e-07, 1.56306754207e-07, 1.15194367822e-07], "dmean2": [0.000489109021146, 0.000817190273665, 0.000384658487746, 0.000399813929107, 0.000617324491031, 0.000353073497536, 0.000218415865675, 0.000271314929705, 0.000389211112633, 0.000161105912412, 0.000136512273457, 0.000175611305167, 3.96397590521e-05, 5.67147253605e-05, 2.61010955001e-05, 2.99195562548e-05, 2.23718761845e-05, 4.60980882053e-05, 1.89731345017e-05, 1.2752974726e-05, 1.35828458951e-05, 9.84770122159e-06, 7.98706150817e-06, 4.47619504484e-06, 1.65814014963e-06, 1.483048095e-06, 1.46331251472e-06, 1.05782135051e-06, 7.52986238695e-07, 6.51411767194e-07, 7.0780669148e-07, 6.07020695043e-07, 7.90284332197e-07, 8.72401528795e-07, 1.11271879177e-06, 6.48192099106e-07, 4.72754038583e-07, 3.17081742196e-07, 2.26929657288e-07, 1.70849233427e-07], "mean": [0.00055767968297, 0.00124833337031, 0.000524967792444, 0.000468578189611, 0.00092265807325, 0.000524829432834, 0.000383168138796, 0.000371589994757, 0.000554158119485, 0.0002441413817, 0.000201997638214, 0.000212949758861, 5.77469400014e-05, 8.2346246927e-05, 3.38114768965e-05, 3.63706058124e-05, 2.71348708338e-05, 4.80645430798e-05, 2.37096519413e-05, 1.58663387992e-05, 1.76286284841e-05, 1.39056974149e-05, 1.11842018669e-05, 5.87968179389e-06, 2.4817850317e-06, 2.06691447602e-06, 1.83918518815e-06, 1.49022582718e-06, 1.07395419491e-06, 9.23379104734e-07, 9.22082904253e-07, 8.36129174786e-07, 1.02164301552e-06, 1.12068266844e-06, 1.40396150528e-06, 8.63738478074e-07, 5.76489810555e-07, 4.02186714155e-07, 3.09524125441e-07, 2.3408520633e-07], "dvar2": [1.97114422917e-06, 5.61981778446e-06, 7.8799308767e-07, 4.96667496463e-07, 1.53389930801e-06, 3.73238151496e-07, 1.73096182721e-07, 4.26552901445e-07, 9.40220502343e-07, 1.26009069845e-07, 7.8580654872e-08, 1.78944418394e-07, 5.82614889666e-09, 1.34795126172e-08, 3.15698400755e-09, 3.87423826353e-09, 1.86284920822e-09, 1.02437596183e-08, 1.66584690486e-09, 7.78360320641e-10, 6.08121497603e-10, 5.1176013427e-10, 1.80889914159e-10, 6.63477744967e-11, 1.40868211193e-11, 4.41956714281e-11, 1.04018627045e-10, 2.08571840354e-11, 6.80872589212e-12, 5.26191243355e-12, 8.25361914231e-12, 4.82583027359e-12, 1.08961190765e-11, 1.56782746508e-11, 3.19360822509e-11, 8.94096862519e-12, 5.73405645882e-12, 1.93010885052e-12, 8.86164134694e-13, 3.86029560097e-13], "min": [1.11903370672e-24, 6.06858417739e-25, 7.0400279252e-25, 1.4484602458e-24, 1.44057183397e-24, 1.66232102885e-24, 1.05858723986e-24, 2.52854394533e-24, 2.06839644893e-24, 7.4698762603e-25, 1.38844824408e-24, 2.46812607467e-24, 2.74589031029e-24, 2.35563214301e-24, 3.15276859355e-24, 2.19284083445e-24, 1.93744711639e-24, 3.91296623778e-24, 3.4613402141e-24, 3.40687212961e-24, 3.12736313089e-24, 3.54176971098e-24, 3.80533681689e-24, 4.4673741321e-24, 3.99868859691e-24, 3.44107989947e-24, 4.55179210972e-24, 4.62007709297e-24, 4.84877418028e-24, 5.36020098817e-24, 4.26806408566e-24, 4.70747223164e-24, 5.35187771676e-24, 5.58784179073e-24, 5.73979060057e-24, 5.82618664691e-24, 6.52417945332e-24, 5.8943931385e-24, 4.94171895542e-24, 5.12649423968e-24]}, "spectral_decrease": {"dvar": 4.94464540587e-18, "var": 2.71020930055e-17, "median": -4.61387639206e-09, "max": 9.94258061299e-13, "dmean": 1.3185778025e-09, "dmean2": 2.02609617972e-09, "mean": -5.82382719827e-09, "dvar2": 1.2354407324e-17, "min": -3.99559105801e-08}, "barkbands_kurtosis": {"dvar": 4.10039663315, "var": 11.8847789764, "median": 2.32946777344, "max": 54.9305763245, "dmean": 1.46403706074, "dmean2": 2.2850215435, "mean": 3.12784337997, "dvar2": 9.76357936859, "min": -1.88438904285}, "silence_rate_30dB": {"dvar": 0.000947630498558, "var": 0.000609260343481, "median": 1, "max": 1, "dmean": 0.000948509492446, "dmean2": 0.00189714750741, "mean": 0.999390304089, "dvar2": 0.00257118255831, "min": 0}, "gfcc": {"mean": [-55.6845245361, 121.679237366, -116.193534851, -1.35469710827, -57.8155555725, 2.12095189095, -44.3597068787, 5.61687517166, -17.2736358643, -7.39825725555, -16.8724403381, -0.195669144392, -9.79118347168], "cov": [[25675.9257812, 689.872009277, -1298.97375488, 880.683288574, -1008.38354492, 815.724975586, -418.297027588, 276.9190979, 11.5937337875, 178.65322876, -162.667739868, 77.7160797119, -54.0274734497], [689.872009277, 1572.60266113, -414.508087158, -204.459716797, 355.472473145, -223.860717773, 95.8406219482, 37.1071815491, 12.4093704224, -92.6756362915, 71.814956665, -30.0298213959, 79.9193344116], [-1298.97375488, -414.508087158, 518.34954834, 119.606201172, 32.8847427368, 97.2888031006, 66.4840698242, 25.9661941528, 46.271697998, 46.3466529846, -1.28220593929, 41.9456062317, -6.51797580719], [880.683288574, -204.459716797, 119.606201172, 461.775512695, -18.2253227234, 187.769302368, 103.407997131, 71.4908218384, 70.6090087891, 71.0865020752, 10.405506134, 32.9046554565, 46.1963615417], [-1008.38354492, 355.472473145, 32.8847427368, -18.2253227234, 408.425567627, -56.9203453064, 167.166809082, 55.3408927917, 33.4152450562, 27.7638130188, 36.411907196, 18.1399478912, 50.3070068359], [815.724975586, -223.860717773, 97.2888031006, 187.769302368, -56.9203453064, 267.156341553, 39.9900093079, 51.3706626892, 52.8208885193, 49.5794868469, 21.9740276337, 29.1629695892, 1.50711238384], [-418.297027588, 95.8406219482, 66.4840698242, 103.407997131, 167.166809082, 39.9900093079, 240.860229492, 56.0661964417, 32.3187980652, 55.550579071, 20.2619628906, 17.9324378967, 37.2184906006], [276.9190979, 37.1071815491, 25.9661941528, 71.4908218384, 55.3408927917, 51.3706626892, 56.0661964417, 108.755310059, 40.3372039795, 32.4887084961, 18.717042923, 11.0017442703, 15.6559438705], [11.5937337875, 12.4093704224, 46.271697998, 70.6090087891, 33.4152450562, 52.8208885193, 32.3187980652, 40.3372039795, 102.905647278, 29.9934387207, 25.1058959961, 22.3429450989, 11.8433256149], [178.65322876, -92.6756362915, 46.3466529846, 71.0865020752, 27.7638130188, 49.5794868469, 55.550579071, 32.4887084961, 29.9934387207, 109.515708923, 10.3883752823, 1.44756233692, 17.374578476], [-162.667739868, 71.814956665, -1.28220593929, 10.405506134, 36.411907196, 21.9740276337, 20.2619628906, 18.717042923, 25.1058959961, 10.3883752823, 75.9204330444, 15.5924091339, 6.05815792084], [77.7160797119, -30.0298213959, 41.9456062317, 32.9046554565, 18.1399478912, 29.1629695892, 17.9324378967, 11.0017442703, 22.3429450989, 1.44756233692, 15.5924091339, 71.8545303345, 15.7293491364], [-54.0274734497, 79.9193344116, -6.51797580719, 46.1963615417, 50.3070068359, 1.50711238384, 37.2184906006, 15.6559438705, 11.8433256149, 17.374578476, 6.05815792084, 15.7293491364, 71.6351165771]], "icov": [[8.69200666784e-05, -0.000153516346472, 0.000204027310247, -0.000168320868397, 0.000193875908735, -0.00026353544672, 0.000192284802324, -0.000215928026591, 0.000178250527824, -0.000336320284987, 0.000379774690373, -0.000348846690031, 0.000277200073469], [-0.000153516346472, 0.00169433478732, 0.000616343517322, 0.000555219477974, -0.00124418362975, 0.00094185891794, -0.000680451630615, -1.13492478704e-05, -0.000998616451398, 0.00195373990573, -0.00157185236458, 0.00131795089692, -0.0015633078292], [0.000204027310247, 0.000616343517322, 0.00347045063972, -0.000517354579642, -0.00042568158824, -0.00074278539978, -5.75871163164e-05, -0.000474231463159, -0.000476721499581, -0.000431519001722, 0.000986661063507, -0.00153230258729, 0.0010002887575], [-0.000168320868397, 0.000555219477974, -0.000517354579642, 0.00416414579377, 0.000258957443293, -0.00126547215041, -0.0015825148439, -0.000360908830771, -0.00141054741107, 0.000518716464285, -0.000259038788499, 0.000800431589596, -0.00277944770642], [0.000193875908735, -0.00124418362975, -0.00042568158824, 0.000258957443293, 0.00538785336539, 0.00045301852515, -0.00219845422544, -0.00143404072151, 8.57212071423e-05, -0.00134883716237, 0.000238740554778, -0.00133420142811, -0.00042330622091], [-0.00026353544672, 0.00094185891794, -0.00074278539978, -0.00126547215041, 0.00045301852515, 0.00739200459793, -0.00109771557618, -0.000880464271177, -0.00161851558369, 0.000387345004128, -0.00267847580835, 2.26212378038e-05, 0.000183241878403], [0.000192284802324, -0.000680451630615, -5.75871163164e-05, -0.0015825148439, -0.00219845422544, -0.00109771557618, 0.00791905075312, -0.00138012075331, 0.00129953410942, -0.00288166361861, 0.00104385009035, -0.00114113849122, 0.00032005875255], [-0.000215928026591, -1.13492478704e-05, -0.000474231463159, -0.000360908830771, -0.00143404072151, -0.000880464271177, -0.00138012075331, 0.0135414106771, -0.00306161632761, -0.000713987043127, -0.00150245579425, 0.00108726799954, -0.000609765702393], [0.000178250527824, -0.000998616451398, -0.000476721499581, -0.00141054741107, 8.57212071423e-05, -0.00161851558369, 0.00129953410942, -0.00306161632761, 0.0143913626671, -0.00302430614829, -0.00142424972728, -0.00329136266373, 0.00127996667288], [-0.000336320284987, 0.00195373990573, -0.000431519001722, 0.000518716464285, -0.00134883716237, 0.000387345004128, -0.00288166361861, -0.000713987043127, -0.00302430614829, 0.0146841071546, -0.00274511869065, 0.00432076305151, -0.00399288581684], [0.000379774690373, -0.00157185236458, 0.000986661063507, -0.000259038788499, 0.000238740554778, -0.00267847580835, 0.00104385009035, -0.00150245579425, -0.00142424972728, -0.00274511869065, 0.0178438164294, -0.00441328110173, 0.0023328801617], [-0.000348846690031, 0.00131795089692, -0.00153230258729, 0.000800431589596, -0.00133420142811, 2.26212378038e-05, -0.00114113849122, 0.00108726799954, -0.00329136266373, 0.00432076305151, -0.00441328110173, 0.0188898593187, -0.0053756646812], [0.000277200073469, -0.0015633078292, 0.0010002887575, -0.00277944770642, -0.00042330622091, 0.000183241878403, 0.00032005875255, -0.000609765702393, 0.00127996667288, -0.00399288581684, 0.0023328801617, -0.0053756646812, 0.0197965335101]]}, "silence_rate_20dB": {"dvar": 0, "var": 0, "median": 1, "max": 1, "dmean": 0, "dmean2": 0, "mean": 1, "dvar2": 0, "min": 1}, "barkbands_skewness": {"dvar": 0.105125643313, "var": 0.577305495739, "median": 1.31146168709, "max": 5.89807796478, "dmean": 0.313283503056, "dmean2": 0.480374634266, "mean": 1.33544993401, "dvar2": 0.236154660583, "min": -5.53020620346}, "erbbands_skewness": {"dvar": 0.0639456734061, "var": 0.307541698217, "median": 0.61875975132, "max": 3.35374188423, "dmean": 0.262882053852, "dmean2": 0.397453606129, "mean": 0.622201681137, "dvar2": 0.139642313123, "min": -3.7679977417}, "spectral_contrast_valleys": {"dvar": [0.0862944871187, 0.0532835200429, 0.0449745543301, 0.0495368279517, 0.0501036532223, 0.0869360938668], "var": [5.48491287231, 5.09665107727, 4.83072900772, 4.57165908813, 4.70550775528, 4.40924835205], "median": [-7.27902603149, -6.24574422836, -6.89809274673, -7.86549091339, -8.43140029907, -10.7337274551], "max": [-5.10213422775, -4.48545742035, -5.26708173752, -6.08386707306, -5.78837108612, -7.79959201813], "dmean": [0.345227360725, 0.262559294701, 0.238373205066, 0.238039791584, 0.202716082335, 0.207521870732], "dmean2": [0.576913893223, 0.425613969564, 0.383770495653, 0.365584939718, 0.295301675797, 0.278446882963], "mean": [-8.02369499207, -6.65570402145, -7.3553814888, -8.29254817963, -8.82852935791, -11.2236680984], "dvar2": [0.231583714485, 0.127314388752, 0.104203432798, 0.104298278689, 0.0878970697522, 0.132519334555], "min": [-28.2072467804, -27.9381141663, -28.0360107422, -27.7785816193, -27.5402812958, -27.3941040039]}, "spectral_strongpeak": {"dvar": 0.362165570259, "var": 0.811052978039, "median": 0.485728681087, "max": 6.44353628159, "dmean": 0.383117884398, "dmean2": 0.642824172974, "mean": 0.809872984886, "dvar2": 0.88842189312, "min": 0}, "erbbands_crest": {"dvar": 3.89746260643, "var": 11.8402872086, "median": 7.7376408577, "max": 27.752822876, "dmean": 1.98638677597, "dmean2": 3.11598086357, "mean": 8.54476261139, "dvar2": 9.44085025787, "min": 2.53285002708}, "barkbands_crest": {"dvar": 2.59097027779, "var": 7.37337112427, "median": 7.62491416931, "max": 24.3807697296, "dmean": 1.72463488579, "dmean2": 2.81206655502, "mean": 8.14156532288, "dvar2": 6.94739055634, "min": 3.01222658157}, "spectral_energyband_middle_low": {"dvar": 3.30816001224e-05, "var": 0.000176709057996, "median": 0.010072437115, "max": 0.107439152896, "dmean": 0.00378331076354, "dmean2": 0.00568007119, "mean": 0.0140359951183, "dvar2": 7.57944872021e-05, "min": 1.13354982812e-22}, "spectral_contrast_coeffs": {"dvar": [0.00108039157931, 0.00096205342561, 0.000688440573867, 0.000511863385327, 0.000286373106064, 0.000131490043714], "var": [0.00919123273343, 0.0047999615781, 0.00339411431924, 0.00247696507722, 0.00256039667875, 0.00147629890125], "median": [-0.614229738712, -0.724525690079, -0.758495986462, -0.766943693161, -0.760807514191, -0.793807208538], "max": [-0.325455248356, -0.420209139585, -0.511620879173, -0.594653189182, -0.585661172867, -0.664188623428], "dmean": [0.0402585826814, 0.0375320315361, 0.0316040106118, 0.0273609086871, 0.0198660753667, 0.0130333518609], "dmean2": [0.0674602091312, 0.0603521615267, 0.0504481606185, 0.0438058115542, 0.0315648652613, 0.0207581073046], "mean": [-0.610831201077, -0.724664568901, -0.757213830948, -0.768394470215, -0.761739253998, -0.797841072083], "dvar2": [0.00305657321587, 0.00250721210614, 0.00172339566052, 0.00125722924713, 0.00066494056955, 0.000321503321175], "min": [-0.980947911739, -0.980053663254, -0.98137909174, -0.974782586098, -0.969866991043, -0.96550577879]}, "hfc": {"dvar": 22.1142539978, "var": 174.998748779, "median": 10.0171976089, "max": 105.576507568, "dmean": 3.02932715416, "dmean2": 4.18662929535, "mean": 14.0364847183, "dvar2": 42.8487052917, "min": 1.0687256894e-16}, "spectral_energyband_high": {"dvar": 1.39323745429e-07, "var": 4.79378854834e-07, "median": 7.31968539185e-05, "max": 0.0117195714265, "dmean": 0.000104716840724, "dmean2": 0.000138202798553, "mean": 0.000258359621512, "dvar2": 2.28823324733e-07, "min": 6.90397008641e-21}, "erbbands_spread": {"dvar": 41.0125198364, "var": 182.028442383, "median": 24.0012054443, "max": 177.250289917, "dmean": 4.50688505173, "dmean2": 6.57875776291, "mean": 26.6905269623, "dvar2": 78.2400054932, "min": 4.9852514267}, "dissonance": {"dvar": 0.000364376435755, "var": 0.000978197087534, "median": 0.456683039665, "max": 0.500000119209, "dmean": 0.021194126457, "dmean2": 0.0351814106107, "mean": 0.451382219791, "dvar2": 0.000955437368248, "min": 0.127549141645}, "spectral_kurtosis": {"dvar": 20.3846416473, "var": 84.9430084229, "median": 8.6730928421, "max": 93.293586731, "dmean": 3.15800046921, "dmean2": 5.2410774231, "mean": 10.9334192276, "dvar2": 58.0518493652, "min": -1.27047967911}, "spectral_skewness": {"dvar": 0.10468710959, "var": 0.654982984066, "median": 2.33850574493, "max": 7.47795677185, "dmean": 0.287970304489, "dmean2": 0.456580251455, "mean": 2.4016623497, "dvar2": 0.266016662121, "min": -0.109861329198}, "pitch_salience": {"dvar": 0.00183210591786, "var": 0.00759713258594, "median": 0.628161251545, "max": 0.884876608849, "dmean": 0.0492015369236, "dmean2": 0.0800559595227, "mean": 0.625747382641, "dvar2": 0.00497116753832, "min": 0.244987428188}, "spectral_complexity": {"dvar": 3.90870285034, "var": 58.6829681396, "median": 17, "max": 54, "dmean": 1.99308943748, "dmean2": 3.1579375267, "mean": 16.4251060486, "dvar2": 8.57916736603, "min": 0}, "spectral_spread": {"dvar": 419682287616, "var": 14580833058800.0, "median": 3379455.5, "max": 42806736, "dmean": 393288.96875, "dmean2": 565087.125, "mean": 3901422.75, "dvar2": 708709646336, "min": 835684.375}, "dynamic_complexity": 4.93603563309, "melbands_crest": {"dvar": 4.55328130722, "var": 16.3176441193, "median": 10.697675705, "max": 31.0094833374, "dmean": 2.27603673935, "dmean2": 3.67428660393, "mean": 11.4337968826, "dvar2": 12.06665802, "min": 1.53086471558}, "zerocrossingrate": {"dvar": 0.000112416913908, "var": 0.00366735178977, "median": 0.03759765625, "max": 0.57763671875, "dmean": 0.00622958876193, "dmean2": 0.00721775554121, "mean": 0.0488911420107, "dvar2": 9.41428734222e-05, "min": 0.00634765625}, "spectral_energyband_low": {"dvar": 3.57469834853e-05, "var": 5.42484376638e-05, "median": 0.00285736960359, "max": 0.12716242671, "dmean": 0.00201753876172, "dmean2": 0.00342524400912, "mean": 0.00517169991508, "dvar2": 0.000100388650026, "min": 1.45987072437e-23}, "melbands_kurtosis": {"dvar": 12.1168813705, "var": 33.1795501709, "median": 4.54568815231, "max": 124.117851257, "dmean": 2.31581735611, "dmean2": 3.5771586895, "mean": 5.91861820221, "dvar2": 29.4725894928, "min": -1.88924527168}, "spectral_energyband_middle_high": {"dvar": 5.0027879297e-06, "var": 2.39137498284e-05, "median": 0.00265903561376, "max": 0.0492192842066, "dmean": 0.00126454350539, "dmean2": 0.00180266820826, "mean": 0.00424051703885, "dvar2": 1.10637702164e-05, "min": 1.16564349177e-21}, "barkbands_spread": {"dvar": 18.5236797333, "var": 83.3863677979, "median": 12.7074899673, "max": 107.374038696, "dmean": 2.8282058239, "dmean2": 4.17968702316, "mean": 14.3223638535, "dvar2": 33.5228157043, "min": 1.44682610035}, "mfcc": {"mean": [-692.558776855, 160.012756348, -4.17967844009, -0.224157005548, 2.85791611671, -8.38957023621, -14.1907129288, 4.15243911743, -2.66938900948, -2.25811386108, -4.10840845108, -3.27547216415, -3.5860106945], "cov": [[13075.7558594, 482.245605469, -74.3237991333, 324.253692627, -18.6081562042, 397.394317627, 10.7842254639, 198.059249878, 199.764205933, 286