{"lowlevel": {"erbbands": {"mean": [0.272903054953, 2.99912714958, 4.70688867569, 4.08344459534, 8.44262599945, 10.1299762726, 9.12675666809, 8.84484767914, 12.1664123535, 11.3303356171, 14.3257169724, 24.3141326904, 27.4480991364, 30.8026847839, 40.3569908142, 69.1593551636, 69.4698791504, 59.9065666199, 62.0999183655, 55.5025062561, 33.2094306946, 20.8395462036, 22.9939079285, 33.4214134216, 26.5134735107, 18.8102035522, 23.3356990814, 19.6761245728, 14.7792816162, 11.7526931763, 10.1636457443, 8.72983646393, 6.20935106277, 3.20859289169, 1.32956027985, 0.412163466215, 0.114530034363, 0.0241967476904, 0.00278939609416, 0.000206634140341], "dvar": [0.106844648719, 7.5653629303, 19.3159122467, 19.213306427, 317.717926025, 126.380119324, 64.6037139893, 72.2635650635, 192.618667603, 318.548522949, 372.371704102, 1132.10266113, 1660.92724609, 1250.25939941, 1616.79345703, 3893.99414063, 3428.51953125, 2876.72900391, 2485.57299805, 2400.58691406, 859.996520996, 561.260131836, 434.044219971, 794.845947266, 603.351989746, 227.693191528, 343.470245361, 280.920196533, 199.782577515, 82.0874328613, 32.7644615173, 51.5659637451, 47.1195411682, 6.76558494568, 0.898222863674, 0.120925113559, 0.0170178674161, 0.00111622922122, 2.32489564951e-05, 7.97657406792e-08], "min": [1.08935190797e-22, 6.79003655933e-22, 8.28371704167e-22, 3.52434113248e-21, 6.28540337421e-21, 1.47725539361e-20, 3.65396049603e-20, 6.02687090104e-20, 8.09349700474e-20, 1.46447571164e-19, 2.15058687458e-19, 4.26313429772e-19, 5.07586820088e-19, 5.60882894135e-19, 9.30678484771e-19, 1.0334250702e-18, 1.90937087499e-18, 1.44009900918e-18, 2.92361693551e-18, 2.51926210077e-18, 3.72456434212e-18, 5.19805632243e-18, 5.04816830031e-18, 6.00432415474e-18, 7.04505343654e-18, 7.32152697576e-18, 7.70803290724e-18, 9.76033252707e-18, 1.09770862568e-17, 1.16946637838e-17, 1.12297990329e-17, 1.027923037e-17, 1.033522388e-17, 6.72810346841e-18, 5.75261226716e-18, 4.02414848047e-18, 2.32340330931e-18, 9.08044031477e-19, 2.47802606156e-19, 2.67801484304e-20], "dmean": [0.179781407118, 1.629306674, 2.36797118187, 2.64976906776, 7.22707891464, 6.38701963425, 4.64932155609, 4.82850551605, 7.66900253296, 7.33225870132, 8.72124385834, 14.5741453171, 17.4924697876, 17.5463275909, 20.4592647552, 34.7294006348, 34.357837677, 29.5246372223, 28.4421329498, 26.6246948242, 16.9147853851, 10.7545700073, 11.1938476563, 16.3750171661, 12.9747047424, 9.61546611786, 11.268404007, 9.92047977448, 7.98985433578, 5.44918632507, 3.99220561981, 3.74857664108, 2.80278325081, 1.34942603111, 0.574527680874, 0.203738808632, 0.0681571215391, 0.0174619741738, 0.00225127465092, 0.000135284164571], "dmean2": [0.296182453632, 2.76309609413, 4.07404518127, 4.71640253067, 12.7988815308, 10.9029998779, 7.51391553879, 7.88793802261, 12.3970928192, 11.9247026443, 13.4426212311, 22.7098293304, 27.9437351227, 27.8492507935, 31.2862014771, 53.890953064, 51.6385154724, 45.4121551514, 44.0034675598, 42.1531715393, 26.6541461945, 16.4204788208, 17.1552391052, 25.1856269836, 20.3299808502, 15.6142311096, 17.9751415253, 16.2592220306, 13.8115062714, 8.96622276306, 6.33131599426, 5.82123804092, 4.26815700531, 2.03311800957, 0.874342799187, 0.309581726789, 0.102129846811, 0.0258621908724, 0.00340249156579, 0.000204048570595], "dvar2": [0.266393810511, 20.5133895874, 54.4092712402, 55.55991745, 893.727600098, 356.748748779, 158.731307983, 180.801239014, 462.421264648, 855.496643066, 841.354858398, 2725.21020508, 4075.24658203, 3086.46826172, 3643.49584961, 9229.26757813, 7412.83935547, 6298.35742188, 5541.171875, 5660.77685547, 1958.22644043, 1230.61010742, 967.687438965, 1822.27905273, 1345.81848145, 580.843505859, 778.669311523, 679.904296875, 562.39263916, 213.692489624, 79.3489532471, 116.080635071, 100.037483215, 13.8574533463, 1.99717724323, 0.277319341898, 0.0403921455145, 0.00279241194949, 5.98414771957e-05, 2.01861311666e-07], "max": [3.31899809837, 24.7149791718, 47.4176139832, 37.9328422546, 172.220092773, 154.90838623, 239.297409058, 165.368499756, 196.335784912, 673.608032227, 309.059661865, 711.364135742, 721.567260742, 742.106506348, 889.902648926, 1226.46704102, 1379.49157715, 1317.5333252, 1209.86828613, 1031.15637207, 699.373657227, 618.102722168, 505.630981445, 619.507324219, 532.00012207, 203.021636963, 448.676239014, 484.53225708, 163.725479126, 215.308502197, 103.033355713, 152.379989624, 130.05708313, 48.1405143738, 19.6493778229, 5.108730793, 1.64743494987, 0.490893781185, 0.072379887104, 0.00344011955895], "median": [0.16259393096, 2.31049418449, 3.39658856392, 3.07771682739, 4.68251132965, 6.73711061478, 5.66864681244, 4.90341520309, 5.2414059639, 4.60677337646, 4.72200393677, 8.52646541595, 11.8758993149, 18.3186397552, 25.6246986389, 40.1996078491, 41.947845459, 33.1293716431, 34.3666648865, 29.1569423676, 16.9848251343, 8.9216709137, 11.2285346985, 17.240978241, 14.5371446609, 12.427690506, 13.6222515106, 13.1921615601, 11.3802862167, 8.79172229767, 8.33887195587, 6.59848690033, 3.95254945755, 2.11961650848, 0.949546158314, 0.270185261965, 0.0634587183595, 0.0109731908888, 0.00108460220508, 0.000105367456854], "var": [0.123637385666, 8.50887107849, 24.1222267151, 16.4776439667, 228.14074707, 137.745315552, 124.331352234, 152.034332275, 367.122436523, 464.813171387, 794.411621094, 2304.08178711, 2531.09936523, 1968.3137207, 3115.87109375, 9092.5390625, 8446.65527344, 7094.34619141, 8588.43847656, 7496.50048828, 2135.57421875, 1363.54003906, 1271.43444824, 2098.53369141, 1415.45153809, 422.934661865, 898.377685547, 621.227539063, 218.72706604, 133.798110962, 85.1683959961, 108.068572998, 101.698402405, 18.4748783112, 2.13463497162, 0.226618126035, 0.0239019021392, 0.00128401268739, 2.27063919738e-05, 8.08765392435e-08]}, "gfcc": {"icov": [[0.00011605941836, -0.00013737550762, 0.00029038375942, -0.000200374197448, 0.000236484745983, -0.000338804442436, 0.000267723633442, -0.000257965148194, 0.000371585483663, -0.00055194000015, 0.000668908061925, -0.000633487652522, 0.000589373172261], [-0.00013737550762, 0.0015911689261, 0.000199946764042, -0.000298197235679, -0.000384187122108, 0.000365632236935, -0.00069154711673, 0.00122061616275, -0.000682887446601, 0.00126756052487, -0.0019971167203, 0.00173896958586, -0.00193205592223], [0.00029038375942, 0.000199946764042, 0.00224636215717, -0.000620569160674, 0.00021986986394, -0.000821307243314, 0.000726802274585, -4.50731276942e-05, 0.000156606154633, 0.000179066468263, 0.000545077316929, -0.0023234852124, 0.00165740877856], [-0.000200374197448, -0.000298197235679, -0.000620569160674, 0.00417246483266, -0.000507494667545, -0.000419858261012, 0.000471103674499, -0.000166823825566, -0.000937846663874, 0.00198579207063, -0.00133793952409, 0.00116807641461, -0.00104353833012], [0.000236484745983, -0.000384187122108, 0.00021986986394, -0.000507494667545, 0.0062513765879, -0.00100755412132, -0.00247073615901, 0.00158013065811, -0.00169312104117, -0.00145084992982, 0.00267256679945, -0.00256665074266, 0.000313930824632], [-0.000338804442436, 0.000365632236935, -0.000821307243314, -0.000419858261012, -0.00100755412132, 0.0061382506974, -0.0020177133847, 0.000542142253835, 0.000641582300887, -0.00122515624389, -0.000534133170731, 0.000842927780468, -0.00167401391082], [0.000267723633442, -0.00069154711673, 0.000726802274585, 0.000471103674499, -0.00247073615901, -0.0020177133847, 0.0102056274191, -0.00202791625634, -0.0010709046619, 0.000252457393799, -0.000799814530183, 0.000596029916778, 0.00153134285938], [-0.000257965148194, 0.00122061616275, -4.50731276942e-05, -0.000166823825566, 0.00158013065811, 0.000542142253835, -0.00202791625634, 0.00770732946694, -0.00320219178684, 0.00117851910181, -0.00328395166434, 0.00196194462478, -0.00153713615146], [0.000371585483663, -0.000682887446601, 0.000156606154633, -0.000937846663874, -0.00169312104117, 0.000641582300887, -0.0010709046619, -0.00320219178684, 0.0167980194092, -0.00794745143503, 0.00407623732463, -0.00142832531128, -0.0017333670985], [-0.00055194000015, 0.00126756052487, 0.000179066468263, 0.00198579207063, -0.00145084992982, -0.00122515624389, 0.000252457393799, 0.00117851910181, -0.00794745143503, 0.0237571112812, -0.00998770911247, 0.00183330604341, 0.00336036016233], [0.000668908061925, -0.0019971167203, 0.000545077316929, -0.00133793952409, 0.00267256679945, -0.000534133170731, -0.000799814530183, -0.00328395166434, 0.00407623732463, -0.00998770911247, 0.0222735032439, -0.00851314235479, 0.00204359414056], [-0.000633487652522, 0.00173896958586, -0.0023234852124, 0.00116807641461, -0.00256665074266, 0.000842927780468, 0.000596029916778, 0.00196194462478, -0.00142832531128, 0.00183330604341, -0.00851314235479, 0.0247156694531, -0.00840376783162], [0.000589373172261, -0.00193205592223, 0.00165740877856, -0.00104353833012, 0.000313930824632, -0.00167401391082, 0.00153134285938, -0.00153713615146, -0.0017333670985, 0.00336036016233, 0.00204359414056, -0.00840376783162, 0.0250073131174]], "mean": [24.8634548187, 61.9227981567, -102.753181458, 40.0044746399, -46.9395866394, 33.4220542908, -29.6092700958, 2.46248626709, -25.504283905, 5.09745311737, -11.7326202393, 0.736842632294, -8.33905601501], "cov": [[35266.1640625, 909.164855957, -3315.30493164, 787.073364258, -1234.20214844, 1036.16564941, -675.488464355, 541.192810059, -534.323608398, 450.892120361, -283.928588867, -5.80905103683, -425.229095459], [909.164855957, 1057.15246582, -291.632537842, 125.293663025, 65.153678894, 14.4925193787, 59.5690460205, -91.8519287109, 9.00434017181, -25.5898151398, 29.8454017639, -37.6079101563, 64.6490707397], [-3315.30493164, -291.632537842, 912.623596191, -15.5009851456, 96.0923919678, -35.5063400269, 9.36684036255, -56.0323295593, 31.5778007507, -45.8214263916, 23.3637886047, 54.7326698303, 11.6999568939], [787.073364258, 125.293663025, -15.5009851456, 299.967041016, -3.48705792427, 48.8092422485, -15.2505636215, 10.4514493942, -2.14001584053, -12.7883005142, 1.56713950634, -1.87194609642, 10.3755283356], [-1234.20214844, 65.153678894, 96.0923919678, -3.48705792427, 285.47756958, 21.5304584503, 91.0284576416, -65.8519363403, 55.1589889526, -0.988757967949, -7.23158836365, 14.2562465668, 25.1807861328], [1036.16564941, 14.4925193787, -35.5063400269, 48.8092422485, 21.5304584503, 232.554916382, 25.1604404449, 6.3672747612, -9.10550880432, 27.9937915802, -3.68993067741, 7.00190544128, -6.50110340118], [-675.488464355, 59.5690460205, 9.36684036255, -15.2505636215, 91.0284576416, 25.1604404449, 152.399780273, 10.6020126343, 35.333694458, 3.38176012039, 12.9741630554, -6.16944313049, 9.98711109161], [541.192810059, -91.8519287109, -56.0323295593, 10.4514493942, -65.8519363403, 6.3672747612, 10.6020126343, 190.45791626, 19.0020980835, 19.1737251282, 18.1106815338, -4.54755067825, -7.65843057632], [-534.323608398, 9.00434017181, 31.5778007507, -2.14001584053, 55.1589889526, -9.10550880432, 35.333694458, 19.0020980835, 92.7677688599, 19.6219062805, 4.72180461884, 2.37640953064, 13.0149765015], [450.892120361, -25.5898151398, -45.8214263916, -12.7883005142, -0.988757967949, 27.9937915802, 3.38176012039, 19.1737251282, 19.6219062805, 72.8081054688, 20.4397754669, 4.37158346176, -15.86739254], [-283.928588867, 29.8454017639, 23.3637886047, 1.56713950634, -7.23158836365, -3.68993067741, 12.9741630554, 18.1106815338, 4.72180461884, 20.4397754669, 73.5409011841, 16.0330619812, 4.6357960701], [-5.80905103683, -37.6079101563, 54.7326698303, -1.87194609642, 14.2562465668, 7.00190544128, -6.16944313049, -4.54755067825, 2.37640953064, 4.37158346176, 16.0330619812, 59.4075813293, 12.1448459625], [-425.229095459, 64.6490707397, 11.6999568939, 10.3755283356, 25.1807861328, -6.50110340118, 9.98711109161, -7.65843057632, 13.0149765015, -15.86739254, 4.6357960701, 12.1448459625, 59.5655708313]]}, "spectral_skewness": {"mean": 1.25348818302, "dvar": 0.0303513612598, "min": -0.107983902097, "dmean": 0.150826081634, "dmean2": 0.23570638895, "dvar2": 0.0704873353243, "max": 3.78721547127, "median": 1.23849248886, "var": 0.153211578727}, "spectral_energyband_low": {"mean": 0.0164260715246, "dvar": 0.00016042443167, "min": 7.57948286245e-24, "dmean": 0.00769639434293, "dmean2": 0.0127391070127, "dvar2": 0.000404452963267, "max": 0.111686438322, "median": 0.0133904088289, "var": 0.00020500922983}, "spectral_energyband_middle_low": {"mean": 0.00837612804025, "dvar": 5.03394112457e-05, "min": 2.04940231917e-22, "dmean": 0.00378333148547, "dmean2": 0.00642014062032, "dvar2": 0.000139438023325, "max": 0.0670826137066, "median": 0.00667739193887, "var": 5.45839502593e-05}, "mfcc": {"icov": [[9.75426082732e-05, -6.88381041982e-05, 7.14222842362e-05, 5.02091934322e-05, -1.75642126123e-05, -3.45324697264e-05, -1.22044084492e-05, -5.64281144761e-05, 9.1794601758e-05, -0.000232275633607, 5.38008644071e-05, -0.00025900505716, -3.30267084792e-07], [-6.88381041982e-05, 0.0014114434598, 0.00031866010977, -0.000670182693284, 0.000212961531361, -0.000648173561785, -0.000523062131833, 0.000268585718004, 2.4989612939e-05, -2.72296460935e-06, 7.77535897214e-05, 0.000268766190857, -0.000421140197432], [7.14222842362e-05, 0.00031866010977, 0.00221308763139, -0.000288334442303, -0.00104038696736, -7.15835922165e-05, 0.000189689948456, -0.0012192260474, 0.00161644641776, -0.000314958480885, 0.000332024326781, -0.00030284942477, -5.57500243303e-05], [5.02091934322e-05, -0.000670182693284, -0.000288334442303, 0.00478166388348, -0.00108565937262, -7.72221537773e-05, 0.000434778718045, -0.000515892228577, -0.000751899555326, 0.00116325030103, -1.19576079669e-05, -0.0012178014731, 0.00125606695656], [-1.75642126123e-05, 0.000212961531361, -0.00104038696736, -0.00108565937262, 0.00905678141862, -0.00257627246901, 0.000209068151889, -0.000140279837069, -0.00250361906365, 0.00218884763308, -6.75449518894e-06, -0.00136774522252, -4.98790250276e-05], [-3.45324697264e-05, -0.000648173561785, -7.15835922165e-05, -7.72221537773e-05, -0.00257627246901, 0.00602882867679, -0.00200404413044, 0.000238142194576, 0.000200279813726, 0.000126422513858, -0.00229064538144, 0.00589767796919, -0.00271768192761], [-1.22044084492e-05, -0.000523062131833, 0.000189689948456, 0.000434778718045, 0.000209068151889, -0.00200404413044, 0.0128013389185, -0.0065483758226, 0.00340088433586, -0.00408095121384, 0.00108802190516, -0.0029222916346, 0.00258858548477], [-5.64281144761e-05, 0.000268585718004, -0.0012192260474, -0.000515892228577, -0.000140279837069, 0.000238142194576, -0.0065483758226, 0.0185946691781, -0.0082397563383, 0.00254770833999, -0.00127181899734, 7.30373722035e-05, -0.00185116857756], [9.1794601758e-05, 2.4989612939e-05, 0.00161644641776, -0.000751899555326, -0.00250361906365, 0.000200279813726, 0.00340088433586, -0.0082397563383, 0.0179847944528, -0.00725762173533, 0.00210407748818, -0.000655368552543, 0.000301165739074], [-0.000232275633607, -2.72296460935e-06, -0.000314958480885, 0.00116325030103, 0.00218884763308, 0.000126422513858, -0.00408095121384, 0.00254770833999, -0.00725762173533, 0.0198177918792, -0.00772697245702, 0.00235978444107, 2.14768842852e-05], [5.38008644071e-05, 7.77535897214e-05, 0.000332024326781, -1.19576079669e-05, -6.75449518894e-06, -0.00229064538144, 0.00108802190516, -0.00127181899734, 0.00210407748818, -0.00772697245702, 0.0228117313236, -0.00877606030554, 0.000623913074378], [-0.00025900505716, 0.000268766190857, -0.00030284942477, -0.0012178014731, -0.00136774522252, 0.00589767796919, -0.0029222916346, 7.30373722035e-05, -0.000655368552543, 0.00235978444107, -0.00877606030554, 0.0239326599985, -0.00777411740273], [-3.30267084792e-07, -0.000421140197432, -5.57500243303e-05, 0.00125606695656, -4.98790250276e-05, -0.00271768192761, 0.00258858548477, -0.00185116857756, 0.000301165739074, 2.14768842852e-05, 0.000623913074378, -0.00777411740273, 0.019776750356]], "mean": [-605.397155762, 91.2738418579, 8.49765491486, 16.8907756805, 10.0405416489, 25.0424613953, 12.1735067368, 4.75991868973, -1.07119965553, 3.57460689545, -0.191431701183, -0.892961204052, -1.08079195023], "cov": [[12059.1220703, 743.772644043, -515.233215332, -101.383552551, -60.8773880005, 89.1349182129, 157.17729187, 43.9758987427, 36.4776191711, 207.509628296, 100.8359375, 144.13420105, 69.3612594604], [743.772644043, 927.993835449, -142.151916504, 100.834342957, 14.9742689133, 163.367080688, 58.662776947, 4.6719121933, 8.52449989319, 17.9863071442, 6.43606996536, -24.5589351654, 18.2087497711], [-515.233215332, -142.151916504, 568.679077148, 42.1932144165, 75.8239059448, 15.1007976532, 1.01018261909, 28.5757369995, -33.1870155334, -27.1862716675, -7.26024103165, 6.41477870941, 3.98208737373], [-101.383552551, 100.834342957, 42.1932144165, 250.52230835, 48.7159461975, 22.7914485931, -1.15519464016, 15.591334343, 13.6111125946, -19.7568035126, -2.21334409714, 7.62349748611, -5.90057849884], [-60.8773880005, 14.9742689133, 75.8239059448, 48.7159461975, 154.084579468, 74.8151550293, 5.02024650574, 18.48828125, 17.5628986359, -14.6204748154, -0.18372400105, -1.95483124256, 8.16635894775], [89.1349182129, 163.367080688, 15.1007976532, 22.7914485931, 74.8151550293, 293.888244629, 42.9620780945, 14.9074296951, 4.85251379013, 8.22154331207, 8.15040969849, -54.778968811, 16.54845047], [157.17729187, 58.662776947, 1.01018261909, -1.15519464016, 5.02024650574, 42.9620780945, 114.580085754, 38.379447937, 4.1029009819, 24.7391395569, 10.5062074661, 5.28162384033, -2.50512957573], [43.9758987427, 4.6719121933, 28.5757369995, 15.591334343, 18.48828125, 14.9074296951, 38.379447937, 84.9821853638, 35.1354866028, 9.43010425568, 6.75071716309, 8.04716968536, 6.62185382843], [36.4776191711, 8.52449989319, -33.1870155334, 13.6111125946, 17.5628986359, 4.85251379013, 4.1029009819, 35.1354866028, 87.0047454834, 26.8284111023, 4.79877853394, 3.04258370399, 2.37755775452], [207.509628296, 17.9863071442, -27.1862716675, -19.7568035126, -14.6204748154, 8.22154331207, 24.7391395569, 9.43010425568, 26.8284111023, 78.3737030029, 25.2960567474, 3.19418358803, 0.266046881676], [100.8359375, 6.43606996536, -7.26024103165, -2.21334409714, -0.18372400105, 8.15040969849, 10.5062074661, 6.75071716309, 4.79877853394, 25.2960567474, 60.9376144409, 22.4574184418, 7.44000053406], [144.13420105, -24.5589351654, 6.41477870941, 7.62349748611, -1.95483124256, -54.778968811, 5.28162384033, 8.04716968536, 3.04258370399, 3.19418358803, 22.4574184418, 72.3438720703, 19.2223510742], [69.3612594604, 18.2087497711, 3.98208737373, -5.90057849884, 8.16635894775, 16.54845047, -2.50512957573, 6.62185382843, 2.37755775452, 0.266046881676, 7.44000053406, 19.2223510742, 61.8666725159]]}, "silence_rate_20dB": {"mean": 1, "dvar": 0, "min": 1, "dmean": 0, "dmean2": 0, "dvar2": 0, "max": 1, "median": 1, "var": 0}, "dynamic_complexity": 2.25623941422, "silence_rate_60dB": {"mean": 0.0451343283057, "dvar": 0.00593436323106, "min": 0, "dmean": 0.00597086222842, "dmean2": 0.0119431503117, "dvar2": 0.0139516983181, "max": 1, "median": 0, "var": 0.0430973097682}, "dissonance": {"mean": 0.477708786726, "dvar": 0.000147994229337, "min": 0.289855509996, "dmean": 0.0115942014381, "dmean2": 0.0195789411664, "dvar2": 0.000419742311351, "max": 0.5, "median": 0.482845395803, "var": 0.00042780028889}, "barkbands": {"mean": [0.000177955458639, 0.012434463948, 0.00312099908479, 0.00140248786192, 0.00309345545247, 0.00112823361997, 0.000881635118276, 0.000499384361319, 0.0010824217461, 0.000930043752305, 0.000820951827336, 0.0015855821548, 0.00135930790566, 0.00112337060273, 0.00124624522869, 0.000642357335892, 0.000372641574359, 0.000444789679023, 0.000642220315058, 0.000395509443479, 0.00055603729561, 0.000386110623367, 0.000374627124984, 0.000404907099437, 0.000230441975873, 7.09122105036e-05, 1.80254173756e-05], "dvar": [6.55291287899e-08, 0.000133135414217, 1.28261790451e-05, 4.97075870953e-06, 1.79551552719e-05, 9.91862179944e-07, 1.1517696521e-06, 6.26074836418e-07, 1.98304678634e-06, 1.74303420408e-06, 7.90789101757e-07, 2.10596817851e-06, 1.50820665112e-06, 1.1401169786e-06, 8.80561970007e-07, 3.48203684553e-07, 1.94057335534e-07, 1.92779083363e-07, 2.8955926723e-07, 9.88326576135e-08, 1.87900198512e-07, 1.44256546264e-07, 4.59070328418e-08, 1.42935462577e-07, 2.80762844085e-08, 4.95033791736e-09, 8.46264225363e-10], "min": [5.3534921206e-25, 2.7743776553e-24, 4.50130294103e-25, 4.572151525e-25, 6.55114824109e-24, 7.17386872878e-24, 9.30490152245e-24, 9.46790306244e-24, 1.72123012414e-23, 1.26349303169e-23, 1.78386725774e-23, 2.00395739926e-23, 3.96071851273e-23, 2.06851335812e-23, 5.25400768855e-23, 6.31886798977e-23, 7.59265305303e-23, 7.04443574467e-23, 1.12935952521e-22, 1.3053980645e-22, 2.56278946219e-22, 3.21722771185e-22, 3.76779027213e-22, 5.63666537034e-22, 8.64962935215e-22, 1.26142559449e-21, 1.9433348334e-21], "dmean": [0.000131105683977, 0.00682170595974, 0.00182363833301, 0.00111085898243, 0.00207953946665, 0.000591482501477, 0.000578338978812, 0.000332806986989, 0.000660924299154, 0.000620950770099, 0.000474195199786, 0.000842830108013, 0.000717384449672, 0.000599893799517, 0.000581688305829, 0.000354462332325, 0.000210574420635, 0.000234352148254, 0.000321372412145, 0.000206664495636, 0.00026898298529, 0.000211259583011, 0.000149408340803, 0.000171650754055, 9.51446927502e-05, 3.8615813537e-05, 1.43525758176e-05], "dmean2": [0.000202146868105, 0.0114626763389, 0.00320511241443, 0.00199665082619, 0.00357532920316, 0.000970511639025, 0.000937191769481, 0.000523685943335, 0.00104057660792, 0.000994267757051, 0.000745202763937, 0.00130544463173, 0.00109629193321, 0.000919677841011, 0.000905081338715, 0.00056413578568, 0.000327635585563, 0.000363317754818, 0.000500870170072, 0.000337375735398, 0.000431354448665, 0.000365610932931, 0.000236548556131, 0.00026276067365, 0.000143257464515, 5.81251842959e-05, 2.14091887756e-05], "dvar2": [1.48753997564e-07, 0.000349510490196, 3.67210886907e-05, 1.44364639709e-05, 5.04022209498e-05, 2.42655164584e-06, 2.85851024273e-06, 1.44534214996e-06, 4.8232732297e-06, 4.33154946222e-06, 1.91048570741e-06, 4.8528163461e-06, 3.31286059918e-06, 2.44282887252e-06, 2.0182856133e-06, 8.20667366952e-07, 4.38255199242e-07, 4.44959454171e-07, 6.53712049825e-07, 2.49082859227e-07, 4.22304538006e-07, 4.04809327392e-07, 1.09789432656e-07, 3.06538055383e-07, 5.89855133626e-08, 1.15798730604e-08, 2.16855311486e-09], "max": [0.00378925679252, 0.109584085643, 0.0435034260154, 0.0210325457156, 0.039903793484, 0.0234434120357, 0.020103065297, 0.0150623545051, 0.0252022147179, 0.0213149562478, 0.0171989630908, 0.0258945114911, 0.0294626560062, 0.0219022724777, 0.0195382926613, 0.0110318399966, 0.00867694336921, 0.0101977270097, 0.0081045627594, 0.00435731140897, 0.012452846393, 0.00492883613333, 0.00295050698332, 0.00662393728271, 0.00280582741834, 0.000912369694561, 0.000409195898101], "median": [5.22459122294e-05, 0.009535767138, 0.00206158775836, 0.000938028970268, 0.00206053932197, 0.000653536699247, 0.000366521388059, 0.000139383555506, 0.000377025338821, 0.000421213539084, 0.000446183083113, 0.000877838931046, 0.000773833249696, 0.000562233559322, 0.000644588086288, 0.000332962634275, 0.000143010081956, 0.00020427389245, 0.00033688012627, 0.000261990411673, 0.000342517683748, 0.000288435927359, 0.00030456710374, 0.000285363203147, 0.000161389398272, 4.33427012467e-05, 6.16317356616e-06], "var": [9.33144477244e-08, 0.000149963074364, 1.30867274493e-05, 3.58740408046e-06, 1.5576268197e-05, 2.18485865844e-06, 2.00673775907e-06, 1.1726909861e-06, 4.01663919547e-06, 2.55786130765e-06, 1.46027639403e-06, 4.96456505061e-06, 3.53094969796e-06, 2.80299605038e-06, 3.25845508087e-06, 7.878891779e-07, 4.58833767425e-07, 4.947065122e-07, 7.34487457521e-07, 1.89377772131e-07, 5.14019575348e-07, 1.53515912871e-07, 1.17444471925e-07, 3.15284012231e-07, 7.57449285516e-08, 7.74029196293e-09, 8.70620353588e-10]}, "spectral_complexity": {"mean": 25.4150447845, "dvar": 22.1964683533, "min": 0, "dmean": 4.39073324203, "dmean2": 6.72590446472, "dvar2": 48.0384407043, "max": 58, "median": 27, "var": 142.68536377}, "spectral_energyband_high": {"mean": 0.00226192246191, "dvar": 1.34909998906e-06, "min": 6.96965905148e-21, "dmean": 0.000780721078627, "dmean2": 0.00122412934434, "dvar2": 3.36218408847e-06, "max": 0.0133760785684, "median": 0.00200724112801, "var": 3.21526954394e-06}, "hfc": {"mean": 35.3128700256, "dvar": 120.027046204, "min": 1.0617775046e-16, "dmean": 8.46452045441, "dmean2": 12.651222229, "dvar2": 275.579803467, "max": 119.369140625, "median": 34.9566383362, "var": 443.500640869}, "melbands_kurtosis": {"mean": 16.4006290436, "dvar": 572.309082031, "min": -1.84019684792, "dmean": 9.18584251404, "dmean2": 15.0853977203, "dvar2": 1536.33605957, "max": 544.374267578, "median": 6.05305194855, "var": 1059.47216797}, "spectral_strongpeak": {"mean": 0.666315019131, "dvar": 1.01128935814, "min": 0, "dmean": 0.438204288483, "dmean2": 0.782618224621, "dvar2": 2.57276797295, "max": 16.3040142059, "median": 0.353224098682, "var": 1.31211078167}, "silence_rate_30dB": {"mean": 1, "dvar": 0, "min": 1, "dmean": 0, "dmean2": 0, "dvar2": 0, "max": 1, "median": 1, "var": 0}, "melbands_spread": {"mean": 34.5936050415, "dvar": 117.188346863, "min": 0.639148294926, "dmean": 9.36400413513, "dmean2": 14.744931221, "dvar2": 290.264648438, "max": 168.926483154, "median": 32.7749404907, "var": 502.933441162}, "melbands_crest": {"mean": 14.5129203796, "dvar": 9.59384918213, "min": 1.00272107124, "dmean": 3.09985589981, "dmean2": 5.04783821106, "dvar2": 23.8251037598, "max": 35.3598556519, "median": 14.0730199814, "var": 29.6052627563}, "average_loudness": 0.945491492748, "spectral_flux": {"mean": 0.0944014489651, "dvar": 0.000857560196891, "min": 6.26383805935e-11, "dmean": 0.025756014511, "dmean2": 0.0378397814929, "dvar2": 0.00161804095842, "max": 0.285060882568, "median": 0.0891689732671, "var": 0.00240295333788}, "spectral_rolloff": {"mean": 2377.05688477, "dvar": 1409829.75, "min": 64.599609375, "dmean": 699.629638672, "dmean2": 1178.53820801, "dvar2": 3316246.5, "max": 20090.4785156, "median": 1744.18945313, "var": 8591129}, "melbands": {"mean": [0.00302454968914, 0.0031716232188, 0.000834823702462, 0.000714986177627, 0.00034096246236, 0.000202727736905, 0.000186774792382, 0.000114268266771, 0.000130691856612, 0.000152219508891, 0.000136024536914, 0.000122997211292, 0.000128560728626, 0.000171831721673, 0.000175690933247, 0.000125752369058, 0.000109070031613, 9.76973315119e-05, 7.60991242714e-05, 6.09611379332e-05, 3.42907842423e-05, 2.05907108466e-05, 2.00671038328e-05, 2.23578626901e-05, 2.78061252175e-05, 2.32384445553e-05, 1.36369799293e-05, 1.20359245557e-05, 1.43099769048e-05, 1.41423579407e-05, 1.04281316453e-05, 8.8042970674e-06, 6.52446169624e-06, 6.90278056936e-06, 6.31120110484e-06, 5.06665674038e-06, 5.3661228776e-06, 4.53780921816e-06, 3.48453886545e-06, 2.45700925916e-06], "dvar": [9.63846559898e-06, 6.63996843286e-06, 1.2537591374e-06, 1.26567056213e-06, 6.7893957123e-08, 3.43671793246e-08, 4.46673631416e-08, 3.20561142075e-08, 2.94597661821e-08, 4.50401635987e-08, 4.26453539148e-08, 2.39611441799e-08, 1.65994400447e-08, 2.9755589992e-08, 2.41902053943e-08, 1.14427152198e-08, 1.14074323321e-08, 7.62739826854e-09, 3.21253912361e-09, 3.04199043732e-09, 1.24336085872e-09, 7.998881002e-10, 4.9430587401e-10, 5.51896361944e-10, 6.85448309223e-10, 5.07449970932e-10, 1.9473349322e-10, 1.30944005639e-10, 1.49609866162e-10, 1.7268647623e-10, 1.06230156616e-10, 8.09557976211e-11, 4.19248177841e-11, 2.65974655494e-11, 1.34785507408e-11, 1.64860746582e-11, 2.49537612795e-11, 3.35942280938e-11, 1.41956515987e-11, 3.95715491625e-12], "min": [1.12810186004e-24, 6.78256394029e-25, 8.77527391854e-25, 1.21726424436e-24, 1.03700568182e-24, 1.40994342185e-24, 1.32061813776e-24, 1.5761954632e-24, 1.85916943484e-24, 2.18823329512e-24, 2.44057767136e-24, 1.97819572645e-24, 2.34124884212e-24, 1.98063863146e-24, 3.19144427437e-24, 3.50832319189e-24, 1.97140540899e-24, 2.85800775809e-24, 4.39433862848e-24, 3.46751383955e-24, 3.8615731331e-24, 4.04694716279e-24, 3.94593707375e-24, 3.28794700941e-24, 4.0519300027e-24, 4.79149617324e-24, 4.35664172683e-24, 4.69466231383e-24, 3.97139716503e-24, 4.76747811969e-24, 4.47746090206e-24, 6.31023406494e-24, 4.68941599438e-24, 5.65890474766e-24, 5.31827342549e-24, 5.63886058091e-24, 5.72786933457e-24, 6.80755643428e-24, 4.57217509222e-24, 5.72004067895e-24], "dmean": [0.00178205838893, 0.00151673087385, 0.000578281527851, 0.000527362222783, 0.000166664656717, 0.000108780252049, 0.000117280942504, 7.43894415791e-05, 8.04133887868e-05, 9.37807271839e-05, 8.9578818006e-05, 7.40576797398e-05, 6.98327930877e-05, 9.41578400671e-05, 8.91158852028e-05, 6.36040786048e-05, 5.82421744184e-05, 4.81627648696e-05, 3.5459161154e-05, 3.19751889037e-05, 1.96142937057e-05, 1.22566443679e-05, 1.06990510176e-05, 1.21058074001e-05, 1.47586624735e-05, 1.24346806842e-05, 7.28589111532e-06, 6.8715235102e-06, 7.58167561798e-06, 7.17271450412e-06, 5.94669154452e-06, 5.13143459102e-06, 3.71269879906e-06, 3.29074623551e-06, 2.68860844699e-06, 2.27473742598e-06, 2.52044765148e-06, 2.24371206059e-06, 1.67115842942e-06, 1.09947427518e-06], "dmean2": [0.00297287409194, 0.00256915902719, 0.00103439495433, 0.000915289798286, 0.000269743060926, 0.000177446505404, 0.00018987164367, 0.000120240525575, 0.000124267302454, 0.000147549988469, 0.000143423283589, 0.000117957526527, 0.000108106745756, 0.000146576756379, 0.000135774505907, 9.77056188276e-05, 9.02732062968e-05, 7.51789484639e-05, 5.59148902539e-05, 5.08260527567e-05, 3.11974326905e-05, 1.93061987375e-05, 1.62973337865e-05, 1.89150032384e-05, 2.30955974985e-05, 1.94688109332e-05, 1.17466024676e-05, 1.13563864943e-05, 1.21571247291e-05, 1.15701186587e-05, 9.9150247479e-06, 8.89492184797e-06, 6.42972236164e-06, 5.35752496944e-06, 4.29977308158e-06, 3.62156015399e-06, 3.94766084355e-06, 3.49403921973e-06, 2.56858083958e-06, 1.69370343883e-06], "dvar2": [2.48748947342e-05, 1.80474617082e-05, 3.58446663995e-06, 3.57551834895e-06, 1.70669792965e-07, 8.43906704517e-08, 1.07618625123e-07, 8.52321164757e-08, 6.72765594345e-08, 1.09333150533e-07, 1.04624412245e-07, 5.93407030181e-08, 3.89261529676e-08, 6.79954794691e-08, 5.42172351459e-08, 2.57078642818e-08, 2.50788634304e-08, 1.68554077362e-08, 7.42153938305e-09, 7.34690441817e-09, 2.86891754797e-09, 1.81048054326e-09, 1.07239417346e-09, 1.27483179568e-09, 1.60754309864e-09, 1.1613925377e-09, 4.44639297603e-10, 3.44605316505e-10, 3.49081097362e-10, 3.84927784092e-10, 2.68806116255e-10, 2.27194221769e-10, 1.15536795409e-10, 6.63645458032e-11, 3.30144661609e-11, 4.00119069821e-11, 5.66106848898e-11, 7.46468095669e-11, 3.076172303e-11, 8.43696119912e-12], "max": [0.0306257922202, 0.0258238390088, 0.0104441093281, 0.0105600040406, 0.0068267788738, 0.00377983180806, 0.00289214914665, 0.0066297207959, 0.00263818842359, 0.00453852163628, 0.00354298599996, 0.00320889800787, 0.00270039797761, 0.0036431059707, 0.00335835060105, 0.00287196878344, 0.00225646980107, 0.00216530659236, 0.000992407207377, 0.000957558338996, 0.000761102652177, 0.00067798839882, 0.000717037240975, 0.000559579522815, 0.000563784968108, 0.000405143277021, 0.000390013650758, 0.00019392077229, 0.000204011579626, 0.000395116512664, 0.000206210374017, 0.000116049151984, 0.000114173977636, 0.000107907435449, 5.06852084072e-05, 8.00787165645e-05, 0.000100571007351, 0.000116948933282, 8.15258026705e-05, 4.67404861411e-05], "median": [0.00219259038568, 0.00250451895408, 0.000623749103397, 0.00044545478886, 0.00023135234369, 0.000112737427116, 8.04874871392e-05, 4.50785119028e-05, 4.20505348302e-05, 5.34568316652e-05, 5.6507618865e-05, 6.86512212269e-05, 7.54972643335e-05, 9.29445232032e-05, 0.00010510312859, 7.53844724386e-05, 5.32971498615e-05, 5.05232274008e-05, 4.21158911195e-05, 3.08740818582e-05, 1.48830731632e-05, 7.38391509003e-06, 8.95690754987e-06, 9.81369430519e-06, 1.37800407174e-05, 1.14263493742e-05, 8.51308504934e-06, 7.59162867325e-06, 7.76911019784e-06, 8.18723583507e-06, 6.82726704326e-06, 6.45446516501e-06, 4.48437185696e-06, 5.01045860801e-06, 4.90623506266e-06, 3.94108383261e-06, 3.82167445423e-06, 2.73601972367e-06, 2.08421488423e-06, 1.60086131018e-06], "var": [1.05902472569e-05, 8.60998261487e-06, 9.28547251533e-07, 1.02548256109e-06, 1.32316174017e-07, 7.57472449209e-08, 8.52601758083e-08, 4.83155773168e-08, 6.45688089662e-08, 8.6661195553e-08, 6.44389643867e-08, 3.64643319983e-08, 3.26201714529e-08, 6.71980657785e-08, 5.48941301304e-08, 2.55876280164e-08, 2.74576965609e-08, 2.29760352966e-08, 1.06056381455e-08, 7.94335797139e-09, 2.80848211354e-09, 1.58120327942e-09, 1.25186894184e-09, 1.37634625919e-09, 1.6081412868e-09, 1.1764814678e-09, 3.70946107164e-10, 2.1063779887e-10, 3.59781482384e-10, 4.81676254438e-10, 1.73367833978e-10, 8.83103104532e-11, 5.10417680344e-11, 5.00654517843e-11, 3.59309110243e-11, 3.15296226627e-11, 4.82668939539e-11, 6.25120510911e-11, 3.20540226306e-11, 1.02252433951e-11]}, "spectral_energy": {"mean": 0.0354253388941, "dvar": 0.000174560860614, "min": 9.97964893932e-21, "dmean": 0.00968210864812, "dmean2": 0.0157477725297, "dvar2": 0.00043408779311, "max": 0.115218855441, "median": 0.034928239882, "var": 0.0003204998211}, "spectral_decrease": {"mean": -8.53747650353e-09, "dvar": 1.17583500736e-17, "min": -3.01360252308e-08, "dmean": 2.47229170469e-09, "dmean2": 4.05216393773e-09, "dvar2": 2.94407642078e-17, "max": 1.74450568805e-19, "median": -8.30033375365e-09, "var": 2.00496238948e-17}, "erbbands_spread": {"mean": 43.9010543823, "dvar": 94.8436660767, "min": 2.27122616768, "dmean": 8.77418613434, "dmean2": 13.3383760452, "dvar2": 223.1381073, "max": 173.816390991, "median": 39.879863739, "var": 467.595550537}, "spectral_contrast_coeffs": {"mean": [-0.678607463837, -0.739017963409, -0.77100110054, -0.777995944023, -0.792556405067, -0.760160803795], "dvar": [0.00199689995497, 0.00135327712633, 0.000975837407168, 0.000637685297988, 0.000400653108954, 0.000463382981252], "min": [-0.980184912682, -0.995321512222, -0.995232880116, -0.987082540989, -0.988678216934, -0.964523434639], "dmean": [0.0478830374777, 0.0446403808892, 0.0373542867601, 0.0300391111523, 0.0229828115553, 0.0207657627761], "dmean2": [0.0812137573957, 0.0738022997975, 0.0597513131797, 0.0477364249527, 0.0361286997795, 0.0335452519357], "dvar2": [0.0057059340179, 0.00358994025737, 0.00238488800824, 0.00147055799607, 0.000882171734702, 0.0011668947991], "max": [-0.327521651983, -0.451643556356, -0.503076374531, -0.542029798031, -0.610808134079, -0.58575206995], "median": [-0.680837154388, -0.740497350693, -0.77311694622, -0.782745957375, -0.797419071198, -0.759602248669], "var": [0.00561361666769, 0.00475688138977, 0.00398308597505, 0.00362467183731, 0.00250492896885, 0.00242093880661]}, "spectral_energyband_middle_high": {"mean": 0.00919531285763, "dvar": 9.58590317168e-06, "min": 1.10696930507e-21, "dmean": 0.00251612719148, "dmean2": 0.0035868587438, "dvar2": 1.7911715986e-05, "max": 0.0469384156168, "median": 0.00839046947658, "var": 5.16046857229e-05}, "erbbands_crest": {"mean": 7.84274625778, "dvar": 4.68205118179, "min": 2.4311902523, "dmean": 2.13207697868, "dmean2": 3.41420316696, "dvar2": 11.504825592, "max": 30.5586242676, "median": 6.74227237701, "var": 17.021232605}, "barkbands_crest": {"mean": 10.0510549545, "dvar": 8.95487785339, "min": 2.52264428139, "dmean": 2.85792517662, "dmean2": 4.69954538345, "dvar2": 24.2748565674, "max": 25.7605762482, "median": 9.17553710938, "var": 20.1263237}, "pitch_salience": {"mean": 0.517906904221, "dvar": 0.00631328392774, "min": 0.0475755222142, "dmean": 0.0780189633369, "dmean2": 0.129908099771, "dvar2": 0.0173394195735, "max": 0.995782196522, "median": 0.52697956562, "var": 0.0137841291726}, "melbands_skewness": {"mean": 2.88576340675, "dvar": 1.20945942402, "min": -1.10083436966, "dmean": 0.854541599751, "dmean2": 1.3436204195, "dvar2": 3.03240633011, "max": 20.8814239502, "median": 2.34849452972, "var": 4.300385952}, "spectral_spread": {"mean": 6320384.5, "dvar": 799230853120, "min": 1879895.5, "dmean": 603793.5625, "dmean2": 868794.4375, "dvar2": 1405457006590.0, "max": 42658256, "median": 5610984.5, "var": 18835614728200.0}, "spectral_entropy": {"mean": 7.97319698334, "dvar": 0.0240190438926, "min": 5.1819601059, "dmean": 0.122573666275, "dmean2": 0.175110533834, "dvar2": 0.0451252199709, "max": 9.81962394714, "median": 8.03927230835, "var": 0.221732974052}, "erbbands_flatness_db": {"mean": 0.120437651873, "dvar": 0.000227652140893, "min": 0.0369817204773, "dmean": 0.0145338224247, "dmean2": 0.0206779316068, "dvar2": 0.000435082562035, "max": 0.317865818739, "median": 0.114666126668, "var": 0.0012442303123}, "spectral_kurtosis": {"mean": 2.528870821, "dvar": 1.14904737473, "min": -1.4073754549, "dmean": 0.750762462616, "dmean2": 1.20091426373, "dvar2": 2.92479300499, "max": 24.3847427368, "median": 2.28292822838, "var": 3.78791904449}, "erbbands_skewness": {"mean": 0.0305760297924, "dvar": 0.0852351114154, "min": -4.12113285065, "dmean": 0.294231981039, "dmean2": 0.449837237597, "dvar2": 0.192170768976, "max": 8.67697715759, "median": -0.00391462538391, "var": 0.630060613155}, "erbbands_kurtosis": {"mean": 0.830341517925, "dvar": 1.19363760948, "min": -1.80610454082, "dmean": 0.746700465679, "dmean2": 1.13691818714, "dvar2": 2.49287819862, "max": 99.321937561, "median": -0.00864687282592, "var": 27.3704833984}, "barkbands_spread": {"mean": 36.0177345276, "dvar": 76.1207046509, "min": 0.816376030445, "dmean": 7.29545116425, "dmean2": 11.6211767197, "dvar2": 180.350967407, "max": 162.334976196, "median": 35.5077552795, "var": 302.877471924}, "zerocrossingrate": {"mean": 0.0886135175824, "dvar": 0.000193103085621, "min": 0.00341796875, "dmean": 0.0125589855015, "dmean2": 0.0149838719517, "dvar2": 0.000252923957305, "max": 0.5380859375, "median": 0.07958984375, "var": 0.00460992660373}, "spectral_centroid": {"mean": 1910.09558105, "dvar": 112145, "min": 165.998153687, "dmean": 282.066619873, "dmean2": 442.939208984, "dvar2": 253542.546875, "max": 11760.6289063, "median": 1819.74707031, "var": 1539999.375}, "barkbands_skewness": {"mean": 1.30687189102, "dvar": 0.478658080101, "min": -2.18486881256, "dmean": 0.541230082512, "dmean2": 0.851435124874, "dvar2": 1.1766269207, "max": 13.887008667, "median": 0.98739528656, "var": 2.05265307426}, "melbands_flatness_db": {"mean": 0.166642084718, "dvar": 0.000972480745986, "min": 2.63174484871e-07, "dmean": 0.0278525296599, "dmean2": 0.0430518575013, "dvar2": 0.00227842922322, "max": 0.52881860733, "median": 0.151867777109, "var": 0.00534979626536}, "spectral_contrast_valleys": {"mean": [-7.09691905975, -7.33027696609, -7.33185148239, -7.4482088089, -7.53250837326, -9.52935886383], "dvar": [0.121861495078, 0.15806978941, 0.103348322213, 0.111739702523, 0.131338357925, 0.151895850897], "min": [-28.1563587189, -27.920375824, -27.8302650452, -27.7537918091, -27.5836467743, -27.3982315063], "dmean": [0.340491533279, 0.378034412861, 0.301479458809, 0.285762995481, 0.272381305695, 0.255190551281], "dmean2": [0.566845715046, 0.606547832489, 0.479309260845, 0.443831384182, 0.402558863163, 0.350058674812], "dvar2": [0.251860141754, 0.323493212461, 0.184806495905, 0.188740983605, 0.219055980444, 0.239897564054], "max": [-5.40355110168, -5.07305574417, -5.29172992706, -5.58369922638, -5.66368293762, -7.65810489655], "median": [-6.57058620453, -6.84126091003, -6.78818368912, -6.8375825882, -6.96425294876, -8.89177322388], "var": [7.36537218094, 7.29286289215, 7.27308750153, 7.36398363113, 7.17859840393, 6.0800652504]}, "barkbands_flatness_db": {"mean": 0.103328488767, "dvar": 0.000591874588281, "min": 0.0206752456725, "dmean": 0.0210001599044, "dmean2": 0.0319988057017, "dvar2": 0.0013696316164, "max": 0.412527263165, "median": 0.0876386240125, "var": 0.00298887304962}, "barkbands_kurtosis": {"mean": 3.45728778839, "dvar": 49.3513793945, "min": -1.96771645546, "dmean": 2.58960151672, "dmean2": 4.24211025238, "dvar2": 123.6980