{"tonal": {"hpcp": {"dvar": [0.0628242939711, 0.0533146820962, 0.0504357479513, 0.065321624279, 0.0811236798763, 0.0417511984706, 0.0268785953522, 0.0315848663449, 0.0384663380682, 0.0368684269488, 0.0307840295136, 0.0279915444553, 0.0313950404525, 0.0324893295765, 0.0311468839645, 0.0397278219461, 0.0390766747296, 0.0325157679617, 0.0266526099294, 0.0205174740404, 0.0230681020766, 0.0245386417955, 0.0287330169231, 0.0541000105441, 0.153302326798, 0.0428270474076, 0.0213748719543, 0.0154206370935, 0.0172035135329, 0.0230439044535, 0.0393762402236, 0.0507493950427, 0.0621370412409, 0.0590709634125, 0.0564488694072, 0.0652845278382], "var": [0.0554337091744, 0.0507522374392, 0.0522186085582, 0.105358041823, 0.137299075723, 0.0507152639329, 0.0252551939338, 0.0310743432492, 0.0375026725233, 0.0424252822995, 0.0388418361545, 0.0254395063967, 0.0294694378972, 0.0338001288474, 0.0352564305067, 0.0552499182522, 0.0545557364821, 0.0354494042695, 0.0253118388355, 0.0183888543397, 0.0184013545513, 0.0236679278314, 0.0320324487984, 0.0674716979265, 0.197294801474, 0.0599650256336, 0.0209515616298, 0.0147665543482, 0.0167490188032, 0.0251375883818, 0.0470394901931, 0.0643529370427, 0.0783711448312, 0.0601209029555, 0.0499061867595, 0.0564360097051], "median": [0.0130414944142, 0.0154546815902, 0.0322593003511, 0.0768431276083, 0.0871140807867, 0.0406899601221, 0.00879760552198, 0.00972322002053, 0.011861205101, 0.0138337947428, 0.0120217353106, 0.00975969061255, 0.00847877841443, 0.00909929908812, 0.0125544266775, 0.0190245676786, 0.0199614036828, 0.0132815251127, 0.00703225750476, 0.00500455126166, 0.00480806035921, 0.00573126459494, 0.00718962913379, 0.165141776204, 0.224152475595, 0.189793497324, 0.0100841633976, 0.00609053624794, 0.00574181228876, 0.00950024090707, 0.0182932056487, 0.0295057222247, 0.025568228215, 0.0156060159206, 0.0116779161617, 0.0106884976849], "max": [1, 1, 1, 1, 1, 1, 1, 1, 1, 1, 1, 1, 1, 1, 1, 1, 1, 1, 1, 1, 1, 1, 1, 1, 1, 1, 1, 1, 1, 1, 1, 1, 1, 1, 1, 1], "dmean": [0.149598479271, 0.142620459199, 0.152800962329, 0.20090252161, 0.213841468096, 0.147520825267, 0.0877906605601, 0.0955864340067, 0.1088719666, 0.105198442936, 0.096065364778, 0.0875781923532, 0.0918693467975, 0.0958380028605, 0.100931786001, 0.117193557322, 0.117509864271, 0.0999437347054, 0.0820306316018, 0.0655030086637, 0.0639388784766, 0.074516043067, 0.0826670154929, 0.208156734705, 0.328895777464, 0.189449772239, 0.0733774378896, 0.0576231256127, 0.0590245611966, 0.0790984407067, 0.115946017206, 0.14916279912, 0.156217932701, 0.145402878523, 0.135976940393, 0.147870004177], "dmean2": [0.262349545956, 0.247830167413, 0.264000594616, 0.341293513775, 0.367075443268, 0.254005551338, 0.151648119092, 0.161396041512, 0.186248719692, 0.183065205812, 0.162384867668, 0.151411190629, 0.157763659954, 0.163009688258, 0.17196059227, 0.196775600314, 0.193723350763, 0.165404751897, 0.13912498951, 0.111973129213, 0.111192978919, 0.126796245575, 0.137354686856, 0.371264129877, 0.608113110065, 0.341794192791, 0.12637975812, 0.0974301695824, 0.1010370031, 0.1320348382, 0.197083607316, 0.255773484707, 0.274731367826, 0.257898181677, 0.242318108678, 0.262840270996], "mean": [0.119001016021, 0.118861190975, 0.14008833468, 0.260941684246, 0.299542248249, 0.156285330653, 0.0745919495821, 0.0821447297931, 0.0939046293497, 0.103495769203, 0.0980295538902, 0.0748755037785, 0.0769616961479, 0.0845698788762, 0.0948351174593, 0.125797837973, 0.125760316849, 0.0923827439547, 0.0694629326463, 0.0559772886336, 0.0534370690584, 0.0661210864782, 0.0772426947951, 0.26704710722, 0.450530380011, 0.261754840612, 0.0661972090602, 0.0517137497663, 0.0529565885663, 0.074154637754, 0.119031272829, 0.159464985132, 0.164927199483, 0.134271100163, 0.110675483942, 0.117316924036], "dvar2": [0.163645684719, 0.135558634996, 0.125901073217, 0.147928237915, 0.171950295568, 0.106287039816, 0.0706372708082, 0.0798936262727, 0.0990913212299, 0.0958766192198, 0.0774251371622, 0.075605250895, 0.0804184153676, 0.0796686038375, 0.0783496946096, 0.0942787155509, 0.0930958837271, 0.0791928693652, 0.0659880265594, 0.0524818189442, 0.0630983561277, 0.0633907988667, 0.0689184814692, 0.107315212488, 0.28628462553, 0.0869783088565, 0.0561810433865, 0.0406112410128, 0.0443203747272, 0.0576869174838, 0.0993085429072, 0.126670390368, 0.147438660264, 0.152605563402, 0.149953961372, 0.17237187922], "min": [0, 0, 0, 0, 0, 0, 0, 0, 0, 0, 0, 0, 0, 0, 0, 0, 0, 0, 0, 0, 0, 0, 0, 0, 0, 0, 0, 0, 0, 0, 0, 0, 0, 0, 0, 0]}, "key_key": "A#", "thpcp": [1, 0.580992639065, 0.146931737661, 0.114784158766, 0.117542766035, 0.164594084024, 0.264202535152, 0.353949457407, 0.366073429585, 0.298028945923, 0.245655983686, 0.26039737463, 0.26413539052, 0.263825029135, 0.310940921307, 0.579187750816, 0.664865791798, 0.346891880035, 0.165564745665, 0.182328954339, 0.2084312886, 0.229719847441, 0.217586994171, 0.16619412601, 0.17082464695, 0.187711820006, 0.210496604443, 0.279221653938, 0.27913838625, 0.205053299665, 0.154180347919, 0.124247536063, 0.118609249592, 0.146762773395, 0.171448364854, 0.592739403248], "chords_key": "A#", "tuning_equal_tempered_deviation": 0.181400701404, "tuning_frequency": 434.193115234, "tuning_diatonic_strength": 0.603030085564, "chords_histogram": [57.3296203613, 0.921560227871, 0.10715816915, 0.02143163234, 1.39305615425, 0.0642948970199, 0, 0, 0, 0, 0.0428632646799, 0, 0, 0, 0, 0, 0, 17.3167591095, 0.17145305872, 3.72910404205, 0, 0, 0.15002143383, 18.7526798248], "key_strength": 0.731133162975, "key_scale": "major", "chords_strength": {"dvar": 0.000509591773152, "var": 0.00578796025366, "median": 0.515191078186, "max": 0.731846630573, "dmean": 0.0100038945675, "dmean2": 0.0117169637233, "mean": 0.512100636959, "dvar2": 0.000624727807008, "min": -1}, "chords_number_rate": 0.001071581617, "tuning_nontempered_energy_ratio": 0.82996827364, "hpcp_entropy": {"dvar": 0.542715609074, "var": 1.14194130898, "median": 1.73091447353, "max": 4.67234611511, "dmean": 0.800530910492, "dmean2": 1.30172681808, "mean": 1.88990211487, "dvar2": 1.19031834602, "min": 0}, "chords_changes_rate": 0.0572224594653, "chords_scale": "major"}, "rhythm": {"bpm_histogram_first_peak_spread": {"dvar": 0, "var": 0, "median": 0.344632744789, "max": 0.344632744789, "dmean": 0, "dmean2": 0, "mean": 0.344632744789, "dvar2": 0, "min": 0.344632744789}, "bpm_histogram_first_peak_weight": {"dvar": 0, "var": 0, "median": 0.646239578724, "max": 0.646239578724, "dmean": 0, "dmean2": 0, "mean": 0.646239578724, "dvar2": 0, "min": 0.646239578724}, "bpm_histogram_first_peak_bpm": {"dvar": 0, "var": 0, "median": 99, "max": 99, "dmean": 0, "dmean2": 0, "mean": 99, "dvar2": 0, "min": 99}, "bpm": 99.9543914795, "bpm_histogram_second_peak_weight": {"dvar": 0, "var": 0, "median": 0.0083565460518, "max": 0.0083565460518, "dmean": 0, "dmean2": 0, "mean": 0.0083565460518, "dvar2": 0, "min": 0.0083565460518}, "beats_loudness": {"dvar": 0.000621090875939, "var": 0.00164538866375, "median": 0.0527264401317, "max": 0.268481105566, "dmean": 0.0505331605673, "dmean2": 0.0826372951269, "mean": 0.0458483733237, "dvar2": 0.00235874461941, "min": 0}, "beats_loudness_band_ratio": {"dvar": [0.139486759901, 0.0271299835294, 0.0581599809229, 0.0163306798786, 0.00582016212866, 0.0147839020938], "var": [0.131420195103, 0.0170132461935, 0.0453766807914, 0.0240993481129, 0.0122484257445, 0.0471229888499], "median": [0.022665720433, 0.0185027606785, 0.0653490647674, 0.151287913322, 0.132911115885, 0.203162908554], "max": [0.999293804169, 0.908933758736, 0.948816597462, 0.920350134373, 0.741272389889, 0.896780729294], "dmean": [0.415277600288, 0.103926688433, 0.209554374218, 0.193405851722, 0.168160334229, 0.373493045568], "dmean2": [0.77392822504, 0.202047109604, 0.395486444235, 0.346372753382, 0.313953578472, 0.734245061874], "mean": [0.263886243105, 0.0670996084809, 0.156089216471, 0.160171717405, 0.132530197501, 0.245030865073], "dvar2": [0.400251716375, 0.0839469507337, 0.165722057223, 0.047801323235, 0.0222804062068, 0.0494773797691], "min": [0, 0, 0, 0, 0, 0]}, "bpm_histogram_second_peak_bpm": {"dvar": 0, "var": 0, "median": 105, "max": 105, "dmean": 0, "dmean2": 0, "mean": 105, "dvar2": 0, "min": 105}, "onset_rate": 3.83099675179, "beats_count": 360, "beats_position": [0.626938760281, 1.28870749474, 1.93886613846, 2.56580495834, 3.16952371597, 3.76163268089, 4.38857126236, 4.99229001999, 5.58439922333, 6.1648979187, 6.78022670746, 7.38394546509, 7.99927425385, 8.6146030426, 9.2067117691, 9.79882049561, 10.4025392532, 11.017868042, 11.6099767685, 12.202085495, 12.7941951752, 13.4095239639, 14.0016326904, 14.6053514481, 15.2090702057, 15.8243989944, 16.4165077209, 17.0202255249, 17.6239452362, 18.2276649475, 18.8081626892, 19.4118824005, 20.0156002045, 20.6309299469, 21.2230377197, 21.8151473999, 22.4072551727, 22.9993648529, 23.6030826569, 24.2068023682, 24.8105201721, 25.4142398834, 26.0063495636, 26.5984573364, 27.2137870789, 27.8058948517, 28.3980045319, 29.0017223358, 29.6054420471, 30.2091598511, 30.8128795624, 31.4049873352, 31.9970970154, 32.6008148193, 33.204536438, 33.8082542419, 34.4119720459, 35.0156898499, 35.6194114685, 36.2231292725, 36.8268470764, 37.4305648804, 38.0110664368, 38.6147842407, 39.2185020447, 39.8222198486, 40.4259414673, 41.0180473328, 41.6101570129, 42.2138786316, 42.8059844971, 43.4097061157, 44.0018119812, 44.6055335999, 45.2092514038, 45.8245811462, 46.4166870117, 47.0087966919, 47.6009063721, 48.204624176, 48.80834198, 49.4120635986, 50.0157814026, 50.6078910828, 51.2000007629, 51.8037185669, 52.4074363708, 53.0111541748, 53.6148757935, 54.2185935974, 54.8223114014, 55.4260292053, 56.0181388855, 56.6218566895, 57.2139663696, 57.8176841736, 58.4097938538, 59.0135154724, 59.6056213379, 60.2093429565, 60.8130607605, 61.4167785645, 62.0204963684, 62.6126060486, 63.2047157288, 63.8084335327, 64.4121551514, 65.0274810791, 65.6195907593, 66.2117004395, 66.8038101196, 67.4075241089, 68.0112457275, 68.6265716553, 69.2186813354, 69.7875747681, 70.4029006958, 71.0182266235, 71.6103363037, 72.2140579224, 72.817779541, 73.4331054688, 74.0252151489, 74.6173248291, 75.2094345093, 75.8131484985, 76.3936462402, 76.9973678589, 77.6010894775, 78.2048034668, 78.8085250854, 79.3890228271, 79.9927444458, 80.5964584351, 81.2001800537, 81.8039016724, 82.4076156616, 83.0113372803, 83.6150588989, 84.2303848267, 84.8224945068, 85.414604187, 86.0067138672, 86.6104278564, 87.2141494751, 87.8178634644, 88.421585083, 89.0253067017, 89.6058044434, 90.2095184326, 90.8132400513, 91.4169616699, 92.0206756592, 92.6243972778, 93.216506958, 93.8202285767, 94.4123306274, 95.0160522461, 95.5965499878, 96.2002716064, 96.8039855957, 97.4077072144, 98.011428833, 98.6035385132, 99.1956481934, 99.7993621826, 100.403083801, 101.006797791, 101.610519409, 102.214241028, 102.817955017, 103.421676636, 104.025398254, 104.617500305, 105.209609985, 105.813331604, 106.417053223, 107.020767212, 107.624488831, 108.216598511, 108.808708191, 109.41242218, 110.00453186, 110.608253479, 111.200363159, 111.804077148, 112.407798767, 113.011520386, 113.615234375, 114.207344055, 114.799453735, 115.403175354, 116.006889343, 116.610610962, 117.214332581, 117.806434631, 118.398544312, 119.00226593, 119.605987549, 120.209701538, 120.813423157, 121.417137146, 122.020858765, 122.624580383, 123.216690063, 123.797187805, 124.389297485, 124.993011475, 125.608345032, 126.212059021, 126.804168701, 127.384666443, 127.988388062, 128.603713989, 129.195831299, 129.799545288, 130.403259277, 131.006988525, 131.610702515, 132.214416504, 132.818145752, 133.421859741, 134.002349854, 134.606079102, 135.209793091, 135.81350708, 136.417236328, 136.986114502, 137.601455688, 138.216781616, 138.808883667, 139.412597656, 140.016326904, 140.620040894, 141.223754883, 141.815872192, 142.407974243, 143.000091553, 143.592193604, 144.195922852, 144.799636841, 145.40335083, 146.007064819, 146.599182129, 147.19128418, 147.795013428, 148.398727417, 149.002441406, 149.606170654, 150.209884644, 150.813598633, 151.417327881, 152.02104187, 152.613143921, 153.20526123, 153.80897522, 154.412689209, 155.016418457, 155.620132446, 156.212234497, 156.804351807, 157.408065796, 158.011795044, 158.615509033, 159.219223022, 159.822952271, 160.415054321, 161.018768311, 161.61088562, 162.202987671, 162.79510498, 163.39881897, 164.002532959, 164.606262207, 165.209976196, 165.802078247, 166.394195557, 166.997909546, 167.601623535, 168.205352783, 168.809066772, 169.412780762, 170.01651001, 170.620223999, 171.223937988, 171.816055298, 172.408157349, 173.011871338, 173.615600586, 174.219314575, 174.823028564, 175.415145874, 176.007247925, 176.610977173, 177.214691162, 177.818405151, 178.422134399, 179.025848389, 179.617950439, 180.221679688, 180.813781738, 181.405899048, 181.998001099, 182.601715088, 183.205444336, 183.809158325, 184.412872314, 185.004989624, 185.597091675, 186.200805664, 186.804534912, 187.408248901, 188.011962891, 188.615692139, 189.219406128, 189.811508179, 190.403625488, 190.995727539, 191.587844849, 192.203170776, 192.818496704, 193.422225952, 194.025939941, 194.618041992, 195.210159302, 195.802261353, 196.405975342, 197.00970459, 197.601806641, 198.205535889, 198.809249878, 199.424575806, 200.016693115, 200.608795166, 201.200897217, 201.804626465, 202.408340454, 203.012054443, 203.615783691, 204.184661865, 204.800003052, 205.415328979, 206.00743103, 206.611160278, 207.214874268, 207.818588257, 208.422302246, 209.026031494, 209.618133545, 210.210250854, 210.802352905, 211.394470215, 211.986572266, 212.567077637, 213.170791626, 213.762893677, 214.366622925, 214.958724976, 215.574050903, 216.177780151], "danceability": 1.2072776556, "bpm_histogram_second_peak_spread": {"dvar": 0, "var": 0, "median": 0, "max": 0, "dmean": 0, "dmean2": 0, "mean": 0, "dvar2": 0, "min": 0}}, "lowlevel": {"spectral_flux": {"dvar": 0.00181546714157, "var": 0.00515693984926, "median": 0.0758669599891, "max": 0.540579974651, "dmean": 0.0365906693041, "dmean2": 0.0590290762484, "mean": 0.0902920290828, "dvar2": 0.00430312426761, "min": 6.47575812418e-11}, "spectral_rolloff": {"dvar": 4702319, "var": 12070891, "median": 1205.859375, "max": 19250.6835938, "dmean": 1272.4519043, "dmean2": 1966.4810791, "mean": 2722.93725586, "dvar2": 9385513, "min": 21.533203125}, "barkbands_flatness_db": {"dvar": 0.00195815996267, "var": 0.00919778831303, "median": 0.154355049133, "max": 0.699702858925, "dmean": 0.0432951785624, "dmean2": 0.0632537901402, "mean": 0.170903548598, "dvar2": 0.0038999686949, "min": 0.0218732245266}, "spectral_centroid": {"dvar": 230137.578125, "var": 1093306.125, "median": 1737.03076172, "max": 11457.5986328, "dmean": 405.379730225, "dmean2": 572.758056641, "mean": 1849.00415039, "dvar2": 409132.34375, "min": 83.9182739258}, "melbands_skewness": {"dvar": 7.82709169388, "var": 15.493637085, "median": 2.70734858513, "max": 43.5555458069, "dmean": 1.97357273102, "dmean2": 3.06060171127, "mean": 3.84516000748, "dvar2": 17.7716426849, "min": -4.59285259247}, "melbands": {"dvar": [0.000108588530566, 1.005165268e-05, 1.0140466884e-06, 1.74967610178e-07, 1.05307556453e-07, 5.99788805289e-08, 6.40935908791e-08, 7.66583241329e-08, 1.57954062274e-07, 1.09282943583e-07, 6.96020876489e-08, 1.13556993142e-07, 3.62871830362e-08, 2.27819025866e-08, 6.99318158937e-09, 8.9491374311e-09, 1.92798133014e-08, 9.90960558056e-09, 5.20425480488e-09, 2.89287283017e-09, 3.40756733941e-09, 7.24733772994e-10, 6.3112370885e-10, 3.56871782126e-10, 2.58350202342e-10, 5.04409070068e-10, 2.79596540365e-10, 1.22955645665e-10, 1.3673182031e-10, 2.52279169777e-10, 1.34491084935e-10, 1.0153843738e-10, 8.50386150386e-11, 1.47724568689e-10, 7.64921945229e-11, 7.90494891767e-11, 1.62040159069e-10, 4.78339728938e-11, 7.12411449277e-11, 6.791432694e-11], "var": [0.000114582355309, 1.53434375534e-05, 1.65249718975e-06, 2.34902913121e-07, 1.18638553204e-07, 9.54223864369e-08, 9.45829583543e-08, 1.04087490627e-07, 2.77098109791e-07, 1.42047241525e-07, 1.74555040644e-07, 2.81614632058e-07, 5.98198184321e-08, 3.45818875758e-08, 1.07681508155e-08, 1.96575076217e-08, 4.17971861566e-08, 1.36443158993e-08, 1.03065289636e-08, 4.93637086763e-09, 3.64013685861e-09, 1.37655586929e-09, 1.25308674548e-09, 6.88069101695e-10, 4.74140005036e-10, 6.55754117673e-10, 4.77792916342e-10, 2.58584542667e-10, 2.9689681269e-10, 4.29736496388e-10, 2.58885468618e-10, 1.86559073745e-10, 1.90404539357e-10, 2.82001560992e-10, 1.45608955449e-10, 1.3521254949e-10, 2.52354526165e-10, 8.45410685901e-11, 1.07374838187e-10, 1.13165088411e-10], "median": [0.000607633613981, 8.08374825283e-05, 3.22876439895e-06, 7.57410543883e-06, 1.75742516149e-05, 2.63901038124e-05, 6.22431471129e-05, 4.36995724158e-05, 7.69333382777e-06, 7.92105765868e-06, 1.1857593563e-05, 1.95841184905e-05, 1.08399026431e-05, 4.76661170978e-06, 2.69351698989e-06, 2.41001816903e-06, 2.79775690615e-06, 2.33994114751e-06, 2.31254307437e-06, 1.74962144683e-06, 2.37506765188e-06, 1.89156742181e-06, 2.17410683945e-06, 2.05736068892e-06, 3.44714112543e-06, 2.18504487748e-06, 2.402813152e-06, 2.26300790018e-06, 1.34725996759e-06, 1.60846559538e-06, 7.68474649249e-07, 6.16106149209e-07, 1.25968472275e-06, 4.68419699473e-07, 7.52354935685e-07, 1.03143872821e-06, 7.96205938514e-07, 8.71064457897e-07, 7.61992680509e-07, 6.54411508094e-07], "max": [0.10652140528, 0.0425526984036, 0.0147798899561, 0.00800102483481, 0.00997579377145, 0.0041836486198, 0.00548852188513, 0.0080737946555, 0.00824201200157, 0.0133947627619, 0.00762732001022, 0.00816896371543, 0.00642936304212, 0.0054341587238, 0.00196262379177, 0.00256379740313, 0.00493848090991, 0.00433425372466, 0.00166945916135, 0.00172638264485, 0.00341860041954, 0.000553919642698, 0.000338119571097, 0.000260181172052, 0.00024071491498, 0.000377936958103, 0.000185090684681, 0.000127581035485, 0.000198758410988, 0.000182808027603, 0.000133722161991, 9.9649259937e-05, 0.000101128178358, 0.000130754371639, 0.000100968027255, 0.000110791792395, 0.000147294602357, 7.88055185694e-05, 8.56623155414e-05, 9.39635210671e-05], "dmean": [0.00430218502879, 0.00106012506876, 0.000259958702372, 0.000147492013639, 9.96661838144e-05, 9.88220635918e-05, 0.000115042072139, 0.000105593127955, 0.000106190855149, 8.92713505891e-05, 8.9798711997e-05, 0.000104113700218, 5.87565155001e-05, 4.34273351857e-05, 3.13690434268e-05, 3.13481759804e-05, 3.5848828702e-05, 2.832478458e-05, 2.68522053375e-05, 1.83410520549e-05, 1.65201927302e-05, 1.19118894872e-05, 1.14940730782e-05, 8.81450068846e-06, 8.31004763313e-06, 7.99867302703e-06, 6.70085319143e-06, 5.36512516192e-06, 5.17433409186e-06, 6.09092785453e-06, 4.16101192968e-06, 3.49924016518e-06, 3.21775587508e-06, 3.63597951036e-06, 2.99901421386e-06, 3.08679523187e-06, 4.03829199058e-06, 2.56287989941e-06, 3.06903802993e-06, 2.97586188935e-06], "dmean2": [0.00716584175825, 0.00179795222357, 0.000378705561161, 0.000241110799834, 0.000167739301105, 0.000162398268003, 0.00019076638273, 0.000172752552317, 0.000165605655639, 0.000146685008076, 0.000140411197208, 0.000159829796758, 9.00770028238e-05, 6.47507913527e-05, 4.81447095808e-05, 4.65391058242e-05, 5.01739668834e-05, 4.2848103476e-05, 3.97379953938e-05, 2.70317414106e-05, 2.61780714936e-05, 1.75995064637e-05, 1.65659912454e-05, 1.31970746224e-05, 1.34691626954e-05, 1.19570422612e-05, 1.02510593933e-05, 7.79806123319e-06, 7.32560920369e-06, 8.44936221256e-06, 5.56978557142e-06, 5.27926886207e-06, 4.34698677054e-06, 5.00633950651e-06, 3.80965184377e-06, 4.15345357396e-06, 5.50058484805e-06, 3.36686048286e-06, 4.00692761104e-06, 4.01928446081e-06], "mean": [0.00492119789124, 0.00140113465022, 0.000333611707902, 0.000166918442119, 0.000126065584482, 0.000146054691868, 0.000168976795976, 0.000146993028466, 0.000135874492116, 0.000103844809928, 0.000132697678055, 0.000162506854394, 8.81010564626e-05, 6.23668747721e-05, 4.23693163611e-05, 4.56626767118e-05, 5.23811431776e-05, 3.76308998966e-05, 3.88323642255e-05, 2.586404662e-05, 2.34981798712e-05, 1.85272383533e-05, 1.7831380319e-05, 1.42809876706e-05, 1.32359982672e-05, 1.11623976409e-05, 1.03991924334e-05, 8.80047264218e-06, 8.36088020151e-06, 8.64467165229e-06, 6.13821794104e-06, 5.06051082994e-06, 5.33180445927e-06, 5.23015478393e-06, 4.1654884626e-06, 4.35027823187e-06, 5.0806188483e-06, 3.67797224499e-06, 3.89430351788e-06, 4.14235819335e-06], "dvar2": [0.000306209694827, 2.61409459199e-05, 2.21719005822e-06, 4.29196404639e-07, 2.91938732744e-07, 1.57887470209e-07, 1.70892747064e-07, 1.92872036564e-07, 3.55298283239e-07, 2.73591098221e-07, 1.59078467732e-07, 2.55757299783e-07, 8.80485018229e-08, 5.64543505277e-08, 1.64607474318e-08, 1.80951538198e-08, 3.72674513471e-08, 2.30256294032e-08, 1.06812461098e-08, 6.2330407502e-09, 9.10322128789e-09, 1.59214574857e-09, 1.31740107712e-09, 8.19844858668e-10, 6.98080870887e-10, 1.22934840086e-09, 6.38459840552e-10, 2.48248754886e-10, 2.4971913426e-10, 4.73717731708e-10, 2.09183725897e-10, 2.04256847547e-10, 1.34968480836e-10, 2.24247578839e-10, 1.11705124317e-10, 1.31957153537e-10, 2.68418176574e-10, 8.07557493099e-11, 1.34959460274e-10, 1.15263888711e-10], "min": [2.04050784935e-24, 3.21749699741e-24, 1.73838319455e-24, 6.27754702169e-25, 1.35689351205e-24, 2.93310356918e-24, 2.72523576242e-24, 1.64452620038e-24, 1.64081677919e-24, 1.69309567606e-24, 3.31918708455e-24, 2.5645106778e-24, 3.04036774747e-24, 3.39464596887e-24, 3.39527271886e-24, 2.60679125573e-24, 3.12800802468e-24, 4.0535593949e-24, 2.72706276428e-24, 4.20172088353e-24, 4.16542223784e-24, 3.95586962141e-24, 6.58212325896e-24, 6.25826864167e-24, 3.50721681448e-24, 5.12878864163e-24, 3.9053699017e-24, 4.56372678635e-24, 5.92098524518e-24, 7.09878889213e-24, 6.11996239232e-24, 6.79763493067e-24, 5.516789089e-24, 6.74570737273e-24, 5.9684581056e-24, 7.2568955502e-24, 7.34187716893e-24, 6.42199001723e-24, 7.19557739203e-24, 6.44827446816e-24]}, "spectral_decrease": {"dvar": 7.66753414445e-17, "var": 1.26978947351e-16, "median": -3.30491789491e-09, "max": 1.24343035868e-10, "dmean": 4.15716350233e-09, "dmean2": 6.61133237045e-09, "mean": -7.05131819601e-09, "dvar2": 2.02166779826e-16, "min": -1.02571895866e-07}, "barkbands_kurtosis": {"dvar": 2280.65185547, "var": 2482.58129883, "median": 2.13146781921, "max": 1173.87145996, "dmean": 14.9646034241, "dmean2": 24.093372345, "mean": 15.3691530228, "dvar2": 5622.29882812, "min": -1.97324204445}, "silence_rate_30dB": {"dvar": 0.0307196751237, "var": 0.0600762031972, "median": 1, "max": 1, "dmean": 0.031725615263, "dmean2": 0.0634580329061, "mean": 0.935805380344, "dvar2": 0.0729387030005, "min": 0}, "gfcc": {"mean": [-65.245262146, 33.974937439, -110.086174011, 23.615737915, -67.9566955566, 16.6962833405, -28.3325576782, 28.8245925903, -15.3255681992, 17.4558067322, -0.566553533077, 12.1503696442, 0.256572365761], "cov": [[24708.9628906, -1133.35241699, -1180.46960449, 368.036346436, 488.031097412, 1224.92956543, -637.845825195, -15.3464832306, -245.293563843, 60.1548614502, -685.620849609, 133.418746948, -184.431838989], [-1133.35241699, 2584.41162109, 803.01348877, 745.861328125, 505.721282959, 29.8441753387, 319.729888916, -70.9074401855, 148.289291382, -138.973327637, 153.514175415, -173.772903442, 114.308303833], [-1180.46960449, 803.01348877, 2039.8536377, 806.105407715, 599.364685059, 18.9014072418, 334.222595215, 125.238990784, 26.836265564, -31.5777664185, 9.99362850189, -20.3880844116, -32.6082496643], [368.036346436, 745.861328125, 806.105407715, 1120.39074707, 480.708251953, 36.0465888977, 69.7426757812, 80.956199646, 87.1757965088, -93.7367324829, -11.6692609787, -52.0776176453, 36.2417182922], [488.031097412, 505.721282959, 599.364685059, 480.708251953, 774.106933594, 245.86340332, 263.523406982, 80.9814071655, 91.9494400024, 65.1413955688, -13.6717586517, -65.8935928345, -28.9126472473], [1224.92956543, 29.8441753387, 18.9014072418, 36.0465888977, 245.86340332, 535.013549805, 179.305145264, 2.60612773895, 67.2927627563, 96.7103729248, 17.82878685, -1.11177229881, -22.277179718], [-637.845825195, 319.729888916, 334.222595215, 69.7426757812, 263.523406982, 179.305145264, 462.223754883, 129.494476318, 48.5857582092, 88.2608795166, 109.022628784, -8.71947288513, -19.3582439423], [-15.3464832306, -70.9074401855, 125.238990784, 80.956199646, 80.9814071655, 2.60612773895, 129.494476318, 242.597259521, 75.4801101685, 80.1838150024, 60.3585891724, 48.2357177734, 3.75303411484], [-245.293563843, 148.289291382, 26.836265564, 87.1757965088, 91.9494400024, 67.2927627563, 48.5857582092, 75.4801101685, 230.728302002, 64.5696258545, 53.3895072937, 30.7779197693, 50.5730628967], [60.1548614502, -138.973327637, -31.5777664185, -93.7367324829, 65.1413955688, 96.7103729248, 88.2608795166, 80.1838150024, 64.5696258545, 188.45753479, 78.6256103516, 30.1949424744, -14.5834875107], [-685.620849609, 153.514175415, 9.99362850189, -11.6692609787, -13.6717586517, 17.82878685, 109.022628784, 60.3585891724, 53.3895072937, 78.6256103516, 175.453598022, 43.3896255493, 33.8984718323], [133.418746948, -173.772903442, -20.3880844116, -52.0776176453, -65.8935928345, -1.11177229881, -8.71947288513, 48.2357177734, 30.7779197693, 30.1949424744, 43.3896255493, 132.671691895, 44.9242172241], [-184.431838989, 114.308303833, -32.6082496643, 36.2417182922, -28.9126472473, -22.277179718, -19.3582439423, 3.75303411484, 50.5730628967, -14.5834875107, 33.8984718323, 44.9242172241, 115.454116821]], "icov": [[6.93299225532e-05, -4.30056970799e-05, 6.76007912261e-05, -5.81699896429e-05, -2.49632230407e-05, -0.00019843505288, 0.000142627002788, -0.000137192793773, 0.000169976148754, -0.000116724964755, 0.000321211176924, -0.000239764165599, 8.43003872433e-05], [-4.30056970799e-05, 0.000882915395778, -0.000164249329828, -0.000183660740731, -0.000247403950198, 0.000263917492703, -0.000488359830342, 0.000701017386746, -0.000574530451559, 0.000902011990547, -0.00132953433786, 0.00133163086139, -0.000809476827271], [6.76007912261e-05, -0.000164249329828, 0.000958816031925, -0.00054507231107, -0.000308693386614, 0.000124365236843, -0.000406516279327, -7.11990069249e-05, 0.000367870467016, -0.000189028171008, 0.000653309049085, -0.000958409276791, 0.000589447910897], [-5.81699896429e-05, -0.000183660740731, -0.00054507231107, 0.00201122765429, -0.000917599070817, -4.12933914049e-05, 0.000873010896612, -0.00087960169185, -0.000359685829608, 0.00142572110053, -0.000807966454886, 0.000610812741797, -0.00042195720016], [-2.49632230407e-05, -0.000247403950198, -0.000308693386614, -0.000917599070817, 0.00310835172422, -0.00063698773738, -0.00107618665788, 3.75428571715e-05, -0.000368563196389, -0.0016172984615, 0.00170516583603, 0.000609949987847, 9.89276813925e-05], [-0.00019843505288, 0.000263917492703, 0.000124365236843, -4.12933914049e-05, -0.00063698773738, 0.00342771387659, -0.00165015715174, 0.00173086614814, -0.00109097640961, -0.00071191159077, -0.000360999169061, 1.26614431792e-05, 0.000127749488456], [0.000142627002788, -0.000488359830342, -0.000406516279327, 0.000873010896612, -0.00107618665788, -0.00165015715174, 0.00514093181118, -0.00261603202671, 0.00100870104507, 0.000291642762022, -0.00178692024201, 0.000288506998913, 0.000688997039106], [-0.000137192793773, 0.000701017386746, -7.11990069249e-05, -0.00087960169185, 3.75428571715e-05, 0.00173086614814, -0.00261603202671, 0.00759609648958, -0.00201542722061, -0.00152063020505, -0.000841642904561, -0.0012563803466, 0.000427342078183], [0.000169976148754, -0.000574530451559, 0.000367870467016, -0.000359685829608, -0.000368563196389, -0.00109097640961, 0.00100870104507, -0.00201542722061, 0.00694137718529, -0.00225791730918, 0.000848251103889, -0.00103599403519, -0.00218271743506], [-0.000116724964755, 0.000902011990547, -0.000189028171008, 0.00142572110053, -0.0016172984615, -0.00071191159077, 0.000291642762022, -0.00152063020505, -0.00225791730918, 0.0113086476922, -0.0057796635665, 0.000834795006085, 0.00176513195038], [0.000321211176924, -0.00132953433786, 0.000653309049085, -0.000807966454886, 0.00170516583603, -0.000360999169061, -0.00178692024201, -0.000841642904561, 0.000848251103889, -0.0057796635665, 0.0131342010573, -0.00408117566258, -0.00101722148247], [-0.000239764165599, 0.00133163086139, -0.000958409276791, 0.000610812741797, 0.000609949987847, 1.26614431792e-05, 0.000288506998913, -0.0012563803466, -0.00103599403519, 0.000834795006085, -0.00408117566258, 0.0136296600103, -0.00546534499153], [8.43003872433e-05, -0.000809476827271, 0.000589447910897, -0.00042195720016, 9.89276813925e-05, 0.000127749488456, 0.000688997039106, 0.000427342078183, -0.00218271743506, 0.00176513195038, -0.00101722148247, -0.00546534499153, 0.0136518999934]]}, "silence_rate_20dB": {"dvar": 0, "var": 0, "median": 1, "max": 1, "dmean": 0, "dmean2": 0, "mean": 1, "dvar2": 0, "min": 1}, "barkbands_skewness": {"dvar": 3.04070258141, "var": 6.83802366257, "median": 1.42840766907, "max": 32.24061203, "dmean": 1.31316757202, "dmean2": 1.97520685196, "mean": 2.06093502045, "dvar2": 7.00986671448, "min": -6.76187467575}, "erbbands_skewness": {"dvar": 0.417611390352, "var": 1.25015997887, "median": 0.323771744967, "max": 6.37165880203, "dmean": 0.566327273846, "dmean2": 0.834869921207, "mean": 0.4658177495, "dvar2": 0.880383312702, "min": -6.24533939362}, "spectral_contrast_valleys": {"dvar": [0.39080658555, 0.288345485926, 0.28692099452, 0.283637702465, 0.218097344041, 0.199608132243], "var": [5.01234340668, 3.4456140995, 4.05894231796, 4.26917600632, 3.87233781815, 3.66719675064], "median": [-8.5957698822, -7.86639308929, -8.38393115997, -8.72559356689, -8.06325531006, -9.77027225494], "max": [-4.75390863419, -4.86534881592, -5.1150188446, -5.34272146225, -5.32408094406, -7.14370727539], "dmean": [0.733973622322, 0.56935608387, 0.501471340656, 0.450698405504, 0.388622015715, 0.376611232758], "dmean2": [0.939063489437, 0.84985524416, 0.725187420845, 0.581513106823, 0.464805275202, 0.425618350506], "mean": [-8.75543880463, -8.00928401947, -8.40294742584, -8.73887443542, -8.14301013947, -10.0815238953], "dvar2": [0.601292610168, 0.587834000587, 0.506677567959, 0.44798874855, 0.311923623085, 0.259157717228], "min": [-28.2096138, -27.8871612549, -27.7274188995, -27.6712112427, -27.5099124908, -27.4557323456]}, "spectral_strongpeak": {"dvar": 0.713591516018, "var": 1.45984971523, "median": 0.309101819992, "max": 12.2943811417, "dmean": 0.484546303749, "dmean2": 0.813821196556, "mean": 0.779746353626, "dvar2": 1.70311939716, "min": 0}, "erbbands_crest": {"dvar": 11.0156230927, "var": 37.4195709229, "median": 8.93735027313, "max": 32.3886299133, "dmean": 3.26205658913, "dmean2": 5.0703792572, "mean": 10.4616651535, "dvar2": 24.1809158325, "min": 1.90539193153}, "barkbands_crest": {"dvar": 12.7438058853, "var": 34.0958824158, "median": 13.004863739, "max": 26.5639705658, "dmean": 3.95063376427, "dmean2": 6.4963889122, "mean": 13.1540374756, "dvar2": 31.9243221283, "min": 1.92989838123}, "spectral_energyband_middle_low": {"dvar": 2.23905935854e-05, "var": 5.01047725265e-05, "median": 0.00220525218174, "max": 0.0706956163049, "dmean": 0.00262635783292, "dmean2": 0.00408053444698, "mean": 0.00475035374984, "dvar2": 5.22155169165e-05, "min": 1.42003646721e-22}, "spectral_contrast_coeffs": {"dvar": [0.00273746182211, 0.00279255514033, 0.00187634571921, 0.0011748985853, 0.000585283793043, 0.00024040399876], "var": [0.00858737900853, 0.010631502606, 0.0104014743119, 0.0071771023795, 0.00292963464744, 0.00152036291547], "median": [-0.744345664978, -0.694050431252, -0.75916069746, -0.813669264317, -0.804701209068, -0.792065858841], "max": [-0.309011846781, -0.344580858946, -0.366229116917, -0.423497349024, -0.53738284111, -0.610584139824], "dmean": [0.0615405701101, 0.0632149204612, 0.0482437051833, 0.0358234643936, 0.0244350880384, 0.0173803120852], "dmean2": [0.0994619429111, 0.098888233304, 0.0732733905315, 0.0539823882282, 0.0370856560767, 0.0264550317079], "mean": [-0.731189012527, -0.690315425396, -0.74078720808, -0.792610168457, -0.79493701458, -0.7919023633], "dvar2": [0.00659746862948, 0.00644379341975, 0.00370154320262, 0.0023097563535, 0.00113863823935, 0.000521728012245], "min": [-0.984223246574, -0.972451329231, -0.977388679981, -0.969492733479, -0.967315375805, -0.963660657406]}, "hfc": {"dvar": 1091.82312012, "var": 2648.70849609, "median": 10.5801792145, "max": 331.930541992, "dmean": 15.5020513535, "dmean2": 19.6364688873, "mean": 29.1456031799, "dvar2": 1358.08203125, "min": 1.10094225668e-16}, "spectral_energyband_high": {"dvar": 1.0745239706e-05, "var": 2.34392919083e-05, "median": 0.0004265907628, "max": 0.0327137112617, "dmean": 0.00133400899358, "dmean2": 0.00170655548573, "mean": 0.00212436867878, "dvar2": 1.3656092051e-05, "min": 7.11399318265e-21}, "erbbands_spread": {"dvar": 201.98789978, "var": 695.804321289, "median": 41.9486083984, "max": 184.875717163, "dmean": 12.8656921387, "dmean2": 19.2042446136, "mean": 45.5974731445, "dvar2": 440.178894043, "min": 1.60744857788}, "dissonance": {"dvar": 0.000869928451721, "var": 0.002331324853, "median": 0.468456655741, "max": 0.500000059605, "dmean": 0.0247627329081, "dmean2": 0.0391579717398, "mean": 0.45341771841, "dvar2": 0.00198083883151, "min": 0.152072176337}, "spectral_kurtosis": {"dvar": 4.61432647705, "var": 12.2823553085, "median": 2.43780422211, "max": 47.719417572, "dmean": 1.10858440399, "dmean2": 1.73412144184, "mean": 3.02882790565, "dvar2": 10.4389390945, "min": -1.24198269844}, "spectral_skewness": {"dvar": 0.0688614919782, "var": 0.272535651922, "median": 1.27434718609, "max": 5.6644616127, "dmean": 0.196212872863, "dmean2": 0.293845176697, "mean": 1.36564660072, "dvar2": 0.142463728786, "min": -0.0886502414942}, "pitch_salience": {"dvar": 0.0115357404575, "var": 0.0350358821452, "median": 0.466804504395, "max": 0.919523715973, "dmean": 0.115601830184, "dmean2": 0.182032436132, "mean": 0.463869392872, "dvar2": 0.0269148275256, "min": 0.0201324447989}, "spectral_complexity": {"dvar": 37.3032417297, "var": 255.745880127, "median": 8, "max": 67, "dmean": 4.20214366913, "dmean2": 5.26766014099, "mean": 14.2609577179, "dvar2": 44.4835090637, "min": 0}, "spectral_spread": {"dvar": 1052692774910.0, "var": 9606914899970.0, "median": 5885599, "max": 41902888, "dmean": 805992.125, "dmean2": 1117841, "mean": 6460619, "dvar2": 1915904983040.0, "min": 1476181.75}, "dynamic_complexity": 4.9847111702, "melbands_crest": {"dvar": 27.6863460541, "var": 85.0120849609, "median": 20.3263282776, "max": 39.7852401733, "dmean": 5.65715885162, "dmean2": 9.11075592041, "mean": 20.6496753693, "dvar2": 58.8122520447, "min": 1.73677778244}, "zerocrossingrate": {"dvar": 0.000826360774226, "var": 0.00638498133048, "median": 0.06884765625, "max": 0.5302734375, "dmean": 0.0248124860227, "dmean2": 0.0254304036498, "mean": 0.0926528722048, "dvar2": 0.000860038329847, "min": 0.0009765625}, "spectral_energyband_low": {"dvar": 0.00116616138257, "var": 0.00151187030133, "median": 0.00207817554474, "max": 0.365595251322, "dmean": 0.0136833516881, "dmean2": 0.0227706879377, "mean": 0.0177012756467, "dvar2": 0.003210315248, "min": 2.65760139221e-23}, "melbands_kurtosis": {"dvar": 15725.1416016, "var": 16799.171875, "median": 10.2862005234, "max": 3060.42651367, "dmean": 42.018497467, "dmean2": 68.2628936768, "mean": 45.3417625427, "dvar2": 37874.7539062, "min": -1.9321397543}, "spectral_energyband_middle_high": {"dvar": 1.95900120161e-05, "var": 6.44026586087e-05, "median": 0.00177424144931, "max": 0.0794732272625, "dmean": 0.00225193775259, "dmean2": 0.00298290955834, "mean": 0.00503063714132, "dvar2": 3.4121749195e-05, "min": 1.28289038613e-21}, "barkbands_spread": {"dvar": 186.880569458, "var": 466.097900391, "median": 24.4237155914, "max": 133.421478271, "dmean": 11.1229600906, "dmean2": 17.0221328735, "mean": 27.7961006165, "dvar2": 413.261871338, "min": 0.142760202289}, "mfcc": {"mean": [-708.625549316, 69.2527313232, 8.96647071838, 12.1225538254, -2.79177618027, -7.73313426971, 6.48403358459, 4.57808685303, 5.33414888382, 7.04245090485, 3.17639780045, 10.4456663132, 13.4150037766], "cov": [[17994.1835938, -282.933898926, -1308.15612793, -550.940063477, 410.811126709, 678.259521484, -146.798599243, 149.763214111, 249.273788452, -15.4700460434, 140.124511719, -279.135742188, -789.054931641], [-282.933898926, 1664.7989502, 526.211608887, 540.026489258, 303.487030029, 292.20022583, 248.496765137, 111.291633606, 71.3250427246, 85.8365020752, 46.6158294678, 43.1349563599, -23.8798542023], [-1308.15612793, 526.211608887, 1276.91333008, 679.156616211, 315.813995361, 116.777946472, 210.373474121, 145.740112305, 93.4679107666, -20.0619773865, -20.4453678131, 90.8232803345, 86.1554412842], [-550.940063477, 540.026489258, 679.156616211, 1100.60681152, 493.824432373, 84.618270874, 182.706665039, 157.647094727, 129.357925415, 9.53702354431, -11.5082902908, 70.1795120239, 21.6357307434], [410.811126709, 303.487030029, 315.813995361, 493.824432373, 517.268249512, 224.797805786, 94.2487258911, 103.4324646, 143.437561035, 49.903465271, 33.7128601074, 33.7064704895, -11.6878404617], [678.259521484, 292.20022583, 116.777946472, 84.618270874, 224.797805786, 485.792816162, 205.196884155, 106.12676239, 96.3436279297, 119.239654541, 113.575752258, -6.76817989349, -40.8006057739], [-146.798599243, 248.496765137, 210.373474121, 182.706665039, 94.2487258911, 205.196884155, 386.09664917, 119.330627441, 51.8598899841, 121.990570068, 100.063072205, 39.0813331604, 52.6273460388], [149.763214111, 111.291633606, 145.740112305, 157.647094727, 103.4324646, 106.12676239, 119.330627441, 185.551345825, 96.7805786133, 48.1997871399, 56.2039871216, 40.2154693604, 27.6246128082], [249.273788452, 71.3250427246, 93.4679107666, 129.357925415, 143.437561035, 96.3436279297, 51.8598899841, 96.7805786133, 171.048629761, 76.7697296143, 50.6136360168, 31.8195476532, 21.1834602356], [-15.4700460434, 85.8365020752, -20.0619773865, 9.53702354431, 49.903465271, 119.239654541, 121.990570068, 48.1997871399, 76.7697296143, 183.796081543, 103.953529358, 33.9842720032, 43.2813911438], [140.124511719, 46.6158294678, -20.4453678131, -11.5082902908, 33.7128601074, 113.575752258, 100.063072205, 56.2039871216, 50.6136360168, 103.953529358, 148.923934937, 63.0091362, 33.903629303], [-279.135742188, 43.1349563599, 90.8232803345, 70.1795120239, 33.7064704895, -6.76817989349, 39.0813331604, 40.2154693604, 31.8195476532, 33.9842720032, 63.0091362, 139.296386719, 82.6881790161], [-789.054931641, -23.8798542023, 86.1554412842, 21.6357307434, -11.6878404617, -40.8006057739, 52.6273460388, 27.6246128082, 21.1834602356, 43.2813911438, 33.903629303, 82.6881790161, 196.566986084]], "icov": [[8.32705991343e-05, 9.20545971894e-06, 8.26696341392e-05, 5.90821073274e-05, -0.000107920452137, -4.16494876845e-05, -1.51066133185e-05, -8.44249370857e-05, -0.000114808528451, 0.000118802483485, -7.31395048206e-05, -1.3528452655e-05, 0.000298011233099], [9.20545971894e-06, 0.000837805797346, -0.000157734917593, -0.000296025798889, 4.34658322774e-05, -0.000407090265071, -0.000126571481815, 5.84460285609e-05, 0.000232329621213, -0.000325542321661, 0.000238191074459, -0.000259506370639, 0.000298935046885], [8.26696341392e-05, -0.000157734917593, 0.00146549881902, -0.000540041306522, -8.69571740623e-05, -0.000290282274364, -0.000441190088168, -0.000217631779378, -0.000360053149052, 0.000791682861745, 0.000592615979258, -0.000536163279321, -0.000199103204068], [5.90821073274e-05, -0.000296025798889, -0.000540041306522, 0.00259242556058, -0.00227953540161, 0.0012365001021, -0.000788616132922, -0.000812018930446, 7.34121495043e-05, 0.000136442162329, 0.000434040208347, -0.00028191061574, 0.000604703032877], [-0.000107920452137, 4.34658322774e-05, -8.69571740623e-05, -0.00227953540161, 0.00547338509932, -0.00228466116823, 0.000912663643248, 0.000886467809323, -0.00220170337707, 7.58172318456e-05, 0.000432891538367, -0.000506739772391, -0.000297536462313], [-4.16494876845e-05, -0.000407090265071, -0.000290282274364, 0.00