{"tonal": {"chords_number_rate": 0.00354683911428, "thpcp": [1, 0.638733386993, 0.391061097383, 0.549851000309, 0.508581697941, 0.348304182291, 0.384003251791, 0.484044313431, 0.564580321312, 0.52107155323, 0.537472009659, 0.791243195534, 0.87681812048, 0.794276714325, 0.815780580044, 0.830212056637, 0.712138772011, 0.670079052448, 0.726033687592, 0.621103286743, 0.566706001759, 0.572917401791, 0.478871643543, 0.465650558472, 0.544249713421, 0.506522834301, 0.52686882019, 0.682118356228, 0.600619971752, 0.466653376818, 0.4734993577, 0.427541464567, 0.391091585159, 0.38261654973, 0.500266611576, 0.84570235014], "hpcp": {"dvar": [0.0673025995493, 0.0722527652979, 0.0695209950209, 0.0712904185057, 0.0675316080451, 0.0647625774145, 0.0734289959073, 0.0642310976982, 0.0589100196958, 0.0603828430176, 0.0599924065173, 0.0577125735581, 0.0490279905498, 0.0465246737003, 0.0449993237853, 0.0535633377731, 0.0558970458806, 0.0578984133899, 0.0536769628525, 0.0462546311319, 0.0390420556068, 0.0422420315444, 0.0430557318032, 0.0466079823673, 0.0779804140329, 0.0439397208393, 0.0325721465051, 0.0387218743563, 0.0361261069775, 0.0396662205458, 0.0522709190845, 0.0562048330903, 0.0559901632369, 0.0526648908854, 0.0535336919129, 0.0641191005707], "mean": [0.262545794249, 0.237830400467, 0.244269311428, 0.248590528965, 0.2132358253, 0.200641870499, 0.217396378517, 0.185977056623, 0.169688865542, 0.171548753977, 0.143388614058, 0.139429822564, 0.162964776158, 0.151668205857, 0.157760411501, 0.204246804118, 0.179843738675, 0.139730095863, 0.141779989004, 0.128018811345, 0.117104612291, 0.114566937089, 0.149794921279, 0.253228783607, 0.299430161715, 0.191256046295, 0.11709548533, 0.164641976357, 0.152284696698, 0.104292780161, 0.114982157946, 0.144937470555, 0.169052377343, 0.156024545431, 0.160935327411, 0.236922070384], "min": [0, 0, 0, 0, 0, 0, 0, 0, 0, 0, 0, 0, 0, 0, 0, 0, 0, 0, 0, 0, 0, 0, 0, 0, 0, 0, 0, 0, 0, 0, 0, 0, 0, 0, 0, 0], "median": [0.141609877348, 0.100353129208, 0.106375440955, 0.113569758832, 0.0891383439302, 0.0850559175014, 0.0879766196012, 0.0727790221572, 0.0723927766085, 0.0711598694324, 0.0540471188724, 0.0499293319881, 0.0650351569057, 0.0598005130887, 0.0734700784087, 0.0861038863659, 0.0762040764093, 0.0447810813785, 0.0391418114305, 0.0466070920229, 0.0433674827218, 0.0410271957517, 0.0563750304282, 0.16289177537, 0.159779399633, 0.0909294337034, 0.0433628000319, 0.0545042715967, 0.0549851171672, 0.0343083366752, 0.0262823738158, 0.0533640831709, 0.069733440876, 0.0566261671484, 0.0709050446749, 0.116425089538], "dvar2": [0.185000792146, 0.198268339038, 0.186984986067, 0.192607372999, 0.18145352602, 0.18188996613, 0.205950751901, 0.176235124469, 0.160085305572, 0.16989159584, 0.169726476073, 0.159535571933, 0.132844761014, 0.128721147776, 0.125601455569, 0.14321757853, 0.155192241073, 0.1574075073, 0.142760396004, 0.12891754508, 0.108272470534, 0.117513298988, 0.117488749325, 0.121766790748, 0.188021272421, 0.112800627947, 0.088919274509, 0.10610485822, 0.0988819599152, 0.109076730907, 0.140083014965, 0.147287607193, 0.149188354611, 0.143998861313, 0.14914278686, 0.176227048039], "var": [0.0856449529529, 0.0890793949366, 0.0877483040094, 0.0888192951679, 0.0757943242788, 0.0658122301102, 0.0789702907205, 0.0633457973599, 0.0558535940945, 0.0558503195643, 0.0480389222503, 0.047893371433, 0.0525937750936, 0.047816067934, 0.0434925295413, 0.0718999803066, 0.0569512844086, 0.0488765463233, 0.05232584849, 0.0410364754498, 0.0328335613012, 0.0349362045527, 0.0464517697692, 0.0677561759949, 0.107154853642, 0.0538815446198, 0.0317338556051, 0.0602315813303, 0.0476444289088, 0.030946502462, 0.0431660190225, 0.0488028898835, 0.0548489652574, 0.052392795682, 0.0485472269356, 0.0789536982775], "dmean2": [0.455095589161, 0.419522792101, 0.422159105539, 0.440205276012, 0.407237738371, 0.400125831366, 0.417931944132, 0.36730915308, 0.344034582376, 0.343702018261, 0.323188692331, 0.310372143984, 0.296651482582, 0.279643088579, 0.296524226665, 0.323650538921, 0.329291433096, 0.315981119871, 0.291226029396, 0.263289541006, 0.23930105567, 0.239530026913, 0.268150091171, 0.364360034466, 0.473498135805, 0.324134737253, 0.227633357048, 0.255846828222, 0.24957332015, 0.23822414875, 0.271431416273, 0.312631994486, 0.32497304678, 0.30629748106, 0.328527271748, 0.415221482515], "max": [1, 1, 1, 1, 1, 1, 1, 1, 1, 1, 1, 1, 1, 1, 1, 1, 1, 1, 1, 1, 1, 1, 1, 1, 1, 1, 1, 1, 1, 1, 1, 1, 1, 1, 1, 1], "dmean": [0.254543572664, 0.233317762613, 0.236743703485, 0.246145918965, 0.226856321096, 0.222183704376, 0.230299174786, 0.203669697046, 0.190476760268, 0.189676716924, 0.175509259105, 0.169224336743, 0.165827810764, 0.155789732933, 0.165082409978, 0.182276323438, 0.183046773076, 0.173763006926, 0.161021649837, 0.145447358489, 0.131721884012, 0.132102310658, 0.150939017534, 0.210900887847, 0.268566220999, 0.185460373759, 0.126843348145, 0.143848881125, 0.139762997627, 0.130972459912, 0.150716975331, 0.172614663839, 0.180583298206, 0.170454099774, 0.18014998734, 0.23178049922]}, "key_strength": 0.628295719624, "chords_strength": {"dvar": 9.15119235287e-05, "mean": 0.418400734663, "min": 0.195844992995, "median": 0.417974233627, "dvar2": 0.000151872722199, "var": 0.00827209930867, "dmean2": 0.014746947214, "max": 0.702705442905, "dmean": 0.011647567153}, "tuning_equal_tempered_deviation": 0.12032739073, "chords_key": "A#", "tuning_frequency": 434.193115234, "chords_scale": "major", "chords_changes_rate": 0.0899228006601, "key_scale": "major", "tuning_diatonic_strength": 0.292879223824, "hpcp_entropy": {"dvar": 0.253155469894, "mean": 2.59036850929, "min": 0, "median": 2.64736604691, "dvar2": 0.750279009342, "var": 0.44385612011, "dmean2": 1.10982728004, "max": 4.47015571594, "dmean": 0.641137957573}, "chords_histogram": [28.7919883728, 5.06989336014, 6.50949287415, 5.06989336014, 0.79282283783, 0.584185242653, 1.18923425674, 8.38723182678, 1.62737321854, 3.8180680275, 7.5735449791, 2.35760474205, 9.11746311188, 0.417275190353, 7.34404325485, 2.25328612328, 3.29647397995, 1.56478202343, 0.166910082102, 1.54391825199, 1.98205721378, 0.312956392765, 0, 0.229501351714], "tuning_nontempered_energy_ratio": 0.799511194229, "key_key": "A#"}, "metadata": {"version": {"extractor": "music 1.0", "essentia_build_sha": "ca57ba49d9b1854bd80e60cf9ccf267278fb7d6b", "essentia": "2.1-beta1", "essentia_git_sha": "v2.1_beta1-28-g21ef5f4-dirty"}, "audio_properties": {"sample_rate": 44100, "length": 222.533340454, "lossless": true, "analysis_sample_rate": 44100, "downmix": "mix", "bit_rate": 0, "equal_loudness": 0, "md5_encoded": "abba8bceed8b9575de26381da208d251", "codec": "flac", "replay_gain": -10.0968952179}, "tags": {"disctotal": ["1"], "catalognumber": ["WARPCDD333"], "releasecountry": ["GB"], "musicbrainz_recordingid": ["f239b45b-1039-4a49-a393-c490839ce91b"], "title": ["rale"], "releasetype": ["album"], "discnumber": ["1"], "artistsort": ["Autechre"], "musicbrainz_artistid": ["410c9baf-5469-44f6-9852-826524b80c61"], "musicbrainz_albumid": ["da6d7583-ebc9-4e21-ba42-e0d74a4c1823"], "isrc": ["GBBPW0700212"], "tracknumber": ["11"], "musicbrainz_albumartistid": ["410c9baf-5469-44f6-9852-826524b80c61"], "totaltracks": ["20"], "tracktotal": ["20"], "date": ["2008-01-29"], "albumartistsort": ["Autechre"], "musicbrainz_releasegroupid": ["d2229a06-a11a-3841-a916-f5646e38db38"], "media": ["Digital Media"], "label": ["Warp Records"], "albumartist": ["Autechre"], "script": ["Latn"], "originaldate": ["2008-01-29"], "file_name": "01-11 rale.flac", "type": ["LP"], "releasestatus": ["official"], "totaldiscs": ["1"], "album": ["Quaristice"], "artist": ["Autechre"]}}, "lowlevel": {"melbands": {"dvar": [0.000124159603729, 0.000113315370982, 4.8232050176e-06, 1.4147501588e-06, 1.14317572297e-06, 2.89665564424e-07, 2.00391468752e-07, 9.43404501186e-08, 7.47747321839e-08, 6.88835228857e-08, 4.40370513388e-08, 6.2322442318e-08, 6.02319616405e-08, 9.9494110728e-09, 2.2170671965e-09, 9.82344761091e-10, 3.57139817719e-10, 2.03103270313e-10, 8.80829090222e-11, 7.20299167534e-11, 5.26891863473e-11, 7.79101158588e-11, 6.7675087756e-11, 1.36332264922e-10, 1.44433534577e-10, 2.82189653589e-11, 6.22613896203e-12, 3.24059269002e-12, 2.09524151501e-12, 2.13998914075e-12, 2.52526862268e-12, 2.09639141983e-12, 1.23754207836e-12, 7.33342585876e-13, 4.30491146203e-13, 2.55980837655e-13, 1.90402286494e-13, 1.47228244678e-13, 1.04166824363e-13, 6.96320239424e-14], "mean": [0.00791952479631, 0.00759891653433, 0.00180439720862, 0.000917183293495, 0.00081932649482, 0.000515304680448, 0.00048334163148, 0.000293506804155, 0.000269775424385, 0.000279838568531, 0.000207731296541, 0.000180498318514, 0.000152744920342, 6.28059278824e-05, 2.40795761783e-05, 1.08273925434e-05, 8.5827186922e-06, 7.32517355573e-06, 5.76771890337e-06, 4.66799565402e-06, 3.51492349182e-06, 3.70238080905e-06, 2.93268112728e-06, 2.48142237069e-06, 2.42787746174e-06, 1.5026366782e-06, 8.98009204775e-07, 6.56536144561e-07, 5.27816325757e-07, 4.87572663133e-07, 4.42196238737e-07, 4.36262212133e-07, 3.43407492664e-07, 2.58215351323e-07, 2.14920049757e-07, 1.70372345565e-07, 1.4888777855e-07, 1.17129978605e-07, 8.63953957264e-08, 6.92818318271e-08], "min": [5.92737013985e-12, 8.41666993533e-15, 2.65728668995e-14, 1.58311897798e-14, 2.24515383092e-14, 1.44549204827e-14, 1.52365574042e-14, 1.98616063239e-14, 2.70397531541e-14, 2.04947651461e-14, 5.1406998775e-14, 1.68193028407e-14, 1.83757953379e-14, 2.85728506014e-14, 2.94062835876e-14, 1.26346415968e-14, 1.1693010316e-14, 1.06995668768e-14, 2.21515039926e-14, 2.48516891744e-14, 7.08697728594e-15, 6.92117439817e-15, 2.32644680159e-14, 1.69894582072e-14, 2.06206359361e-14, 2.45031503632e-14, 1.34790326483e-14, 1.27501912904e-14, 1.89672242349e-14, 1.56929489206e-14, 3.13751405228e-14, 1.79670663655e-14, 2.07886872728e-14, 2.30822051604e-14, 2.6186143843e-14, 1.23566428425e-14, 6.62930802037e-15, 8.37610806859e-15, 1.31249076548e-14, 1.01212051571e-14], "median": [0.00121817481704, 0.00155883724801, 0.000846865703352, 0.000542558613233, 0.000505699252244, 0.000342764396919, 0.000308576738462, 0.00019242624694, 0.000161598494742, 0.000158303271746, 0.000113150053949, 7.71464401623e-05, 5.15466017532e-05, 2.53522939602e-05, 1.07026444311e-05, 4.30762793258e-06, 2.75299112218e-06, 1.76298556198e-06, 1.05904132397e-06, 5.58921044558e-07, 3.2460476973e-07, 1.94281483346e-07, 1.35358163789e-07, 9.20802136761e-08, 6.72789752798e-08, 4.6398255904e-08, 3.11921688478e-08, 2.08174508742e-08, 1.35111086763e-08, 9.31144050753e-09, 7.22143500553e-09, 4.61148230713e-09, 3.33470828728e-09, 2.58179921886e-09, 2.04981387419e-09, 1.72708669588e-09, 1.36979605436e-09, 1.00747699072e-09, 8.15139622468e-10, 6.6379590713e-10], "dvar2": [0.000228225093451, 0.000295431702398, 1.31235174194e-05, 3.98499150833e-06, 3.14223234454e-06, 8.23921425308e-07, 5.40516396086e-07, 2.71959947895e-07, 2.00338959644e-07, 1.83472266713e-07, 1.16478247492e-07, 1.62048579e-07, 1.62357039812e-07, 2.77299765372e-08, 6.04266681137e-09, 2.91781754314e-09, 7.67319929817e-10, 4.62270027812e-10, 2.22118781701e-10, 1.55422757997e-10, 1.25298549314e-10, 1.79286877011e-10, 1.69119579452e-10, 3.783742486e-10, 3.98628491327e-10, 7.07902417241e-11, 1.51674228732e-11, 8.13066801386e-12, 5.04362177023e-12, 5.29498016613e-12, 6.02064665484e-12, 5.1765150326e-12, 3.13250207024e-12, 1.84572496176e-12, 9.78956716038e-13, 5.63536576344e-13, 4.3591969227e-13, 3.41181103551e-13, 2.58569234817e-13, 1.68588084573e-13], "var": [0.000304357614368, 0.000188951074961, 6.14513010078e-06, 1.41603936754e-06, 1.19647836527e-06, 3.4612600075e-07, 3.21898369293e-07, 1.25892512415e-07, 1.26176772142e-07, 1.45043287603e-07, 8.13582872183e-08, 9.39995956628e-08, 8.5869878319e-08, 1.38173721353e-08, 2.56352428174e-09, 7.42466532699e-10, 5.36856337163e-10, 3.01695612936e-10, 1.44532344426e-10, 1.37893252372e-10, 8.34903188252e-11, 1.18917459213e-10, 8.60536156222e-11, 9.80951916918e-11, 1.02922441403e-10, 2.76127454235e-11, 7.2176457519e-12, 3.98203605506e-12, 2.76610288494e-12, 2.60787832301e-12, 2.70690588e-12, 2.35393714069e-12, 1.52726952179e-12, 1.09674812634e-12, 6.08234925099e-13, 3.58942286701e-13, 2.63896706137e-13, 1.79655417062e-13, 1.08467678199e-13, 6.96146902602e-14], "dmean2": [0.00777341751382, 0.00893869716674, 0.0023292216938, 0.00122774008196, 0.001042502583, 0.000611457217019, 0.000541248242371, 0.000315600278554, 0.000274024961982, 0.000262601795839, 0.000207294535358, 0.000200132810278, 0.00017917243531, 7.54330540076e-05, 3.06606671074e-05, 1.4845178157e-05, 1.06685083665e-05, 8.67471771926e-06, 7.12893370292e-06, 5.05150546815e-06, 4.16061220676e-06, 4.48741138825e-06, 3.97863823309e-06, 4.71771818411e-06, 4.59487227999e-06, 2.31206399803e-06, 1.2563934888e-06, 9.11308404739e-07, 7.05224920239e-07, 6.69689086408e-07, 7.06718708443e-07, 6.17566115579e-07, 4.26194304737e-07, 3.00469736203e-07, 2.42562606445e-07, 1.95415609028e-07, 1.79333682127e-07, 1.51448631414e-07, 1.32185746793e-07, 1.11754701493e-07], "max": [0.118984811008, 0.107398249209, 0.0193464402109, 0.0154557460919, 0.017167782411, 0.0109983962029, 0.00755951972678, 0.00918202009052, 0.00868122372776, 0.00834690313786, 0.00406410172582, 0.00352185685188, 0.00402638874948, 0.00201577343978, 0.001797943376, 0.00146811804734, 0.00136986980215, 0.000851809571031, 0.00018463881861, 0.000147073413245, 9.56297881203e-05, 0.000152876367792, 0.000171311345184, 0.000138434217661, 0.000145830577821, 0.00012097855506, 3.30009243044e-05, 2.14913325181e-05, 1.469437575e-05, 1.55210291268e-05, 1.97349327209e-05, 1.59229293786e-05, 3.8032863813e-05, 4.40430158051e-05, 2.54346523434e-05, 6.16877923676e-06, 4.38731058239e-06, 4.18861463913e-06, 6.89252146913e-06, 4.81880533698e-06], "dmean": [0.00506968190894, 0.00528974598274, 0.00136101071257, 0.00070769287413, 0.000597389531322, 0.000352345348801, 0.000317532045301, 0.000181898634764, 0.000161688876688, 0.000155752582941, 0.000123224395793, 0.000117974268505, 0.000104289611045, 4.33182030974e-05, 1.73461321538e-05, 8.24815379019e-06, 6.23973301117e-06, 5.23386597706e-06, 4.15623026129e-06, 3.13818100039e-06, 2.56586645264e-06, 2.9024606647e-06, 2.37731933339e-06, 2.68963822236e-06, 2.63938022727e-06, 1.37480321882e-06, 7.6662979609e-07, 5.39208542705e-07, 4.26067487069e-07, 4.1200902956e-07, 4.38303970896e-07, 3.78033490733e-07, 2.74107605946e-07, 1.95408219383e-07, 1.62249847335e-07, 1.38240721981e-07, 1.17414764134e-07, 1.00354171195e-07, 7.90281262653e-08, 7.07696514723e-08]}, "spectral_decrease": {"dvar": 1.4614817645e-16, "mean": -1.5496693706e-08, "min": -1.27549952822e-07, "median": -7.04804881124e-09, "dvar2": 2.71903717057e-16, "var": 4.61916976989e-16, "dmean2": 9.82379511072e-09, "max": 1.384413413e-15, "dmean": 6.42346709157e-09}, "spectral_rolloff": {"dvar": 456461.625, "mean": 614.280883789, "min": 64.599609375, "median": 452.197265625, "dvar2": 1577655.875, "var": 1956248.125, "dmean2": 292.592468262, "max": 21511.6699219, "dmean": 171.86076355}, "melbands_crest": {"dvar": 9.71365642548, "mean": 14.5421104431, "min": 3.52650141716, "median": 13.6537017822, "dvar2": 25.904958725, "var": 35.3928833008, "dmean2": 6.52837514877, "max": 35.2113990784, "dmean": 3.84531950951}, "barkbands_skewness": {"dvar": 0.416373252869, "mean": 1.46357429028, "min": -2.90697669983, "median": 1.1997461319, "dvar2": 1.03532731533, "var": 2.00332927704, "dmean2": 1.09412646294, "max": 10.8541107178, "dmean": 0.690548360348}, "spectral_centroid": {"dvar": 35620.3125, "mean": 496.341217041, "min": 85.99269104, "median": 425.909759521, "dvar2": 79537.375, "var": 106081.515625, "dmean2": 182.152618408, "max": 3905.66259766, "dmean": 112.329612732}, "spectral_energyband_middle_low": {"dvar": 0.000139953393955, "mean": 0.0158661641181, "min": 2.37372014406e-12, "median": 0.0129793556407, "dvar2": 0.000387027306715, "var": 0.000204479962122, "dmean2": 0.0125867892057, "max": 0.138292998075, "dmean": 0.00733118411154}, "erbbands_crest": {"dvar": 4.75225782394, "mean": 9.08722782135, "min": 2.53826832771, "median": 8.27280902863, "dvar2": 13.0995368958, "var": 13.2067165375, "dmean2": 4.12659931183, "max": 26.5920524597, "dmean": 2.43820691109}, "dynamic_complexity": 5.25054073334, "spectral_energyband_low": {"dvar": 0.00201033055782, "mean": 0.0420704074204, "min": 2.53682561069e-11, "median": 0.00927976984531, "dvar2": 0.00390945887193, "var": 0.00566185265779, "dmean2": 0.0330534800887, "max": 0.463608711958, "dmean": 0.0216840282083}, "silence_rate_60dB": {"dvar": 0.0111415479332, "mean": 0.0774126201868, "min": 0, "median": 0, "dvar2": 0.0284012611955, "var": 0.0714236646891, "dmean2": 0.0224355626851, "max": 1, "dmean": 0.0112687814981}, "erbbands_kurtosis": {"dvar": 14.4496030807, "mean": 2.56753873825, "min": -1.70565664768, "median": 1.04471731186, "dvar2": 42.9665756226, "var": 24.4163684845, "dmean2": 3.54004693031, "max": 75.0170135498, "dmean": 2.08788394928}, "spectral_complexity": {"dvar": 18.5817775726, "mean": 13.5667190552, "min": 0, "median": 13, "dvar2": 39.9752197266, "var": 72.9134292603, "dmean2": 4.51967048645, "max": 53, "dmean": 2.8739566803}, "barkbands_crest": {"dvar": 6.84353256226, "mean": 10.8308010101, "min": 2.42374491692, "median": 9.62191295624, "dvar2": 16.4002227783, "var": 24.7500457764, "dmean2": 4.90269374847, "max": 25.669631958, "dmean": 2.9589509964}, "spectral_energy": {"dvar": 0.00211728736758, "mean": 0.0596856474876, "min": 7.87394982549e-10, "median": 0.0276619661599, "dvar2": 0.00394053384662, "var": 0.00670998031273, "dmean2": 0.0376519076526, "max": 0.485578089952, "dmean": 0.0246094800532}, "spectral_spread": {"dvar": 381637984256, "mean": 1918495, "min": 71938.2421875, "median": 1363721.875, "dvar2": 775293173760, "var": 2403341697020.0, "dmean2": 748387.5625, "max": 17617486, "dmean": 451633.5625}, "spectral_contrast_valleys": {"dvar": [0.136962622404, 0.0976275652647, 0.14218261838, 0.217909291387, 0.375814586878, 0.343657881021], "mean": [-6.75892829895, -6.34916114807, -7.29855966568, -8.75392436981, -9.89915847778, -12.6327228546], "min": [-18.7649326324, -17.4034004211, -17.8500671387, -17.9369106293, -16.7635650635, -18.4159584045], "median": [-6.5679526329, -5.88475990295, -6.58456230164, -8.3772277832, -9.5337934494, -12.6530666351], "dvar2": [0.341299414635, 0.269105702639, 0.36138895154, 0.531453251839, 0.848189234734, 0.700588285923], "var": [2.12856626511, 2.69450426102, 4.12502527237, 3.33270740509, 4.87964344025, 3.42879414558], "dmean2": [0.728097498417, 0.621328413486, 0.610192358494, 0.674701988697, 0.755701959133, 0.611277043819], "max": [-4.46437692642, -4.11561155319, -4.45494747162, -5.67128944397, -6.12490844727, -8.65962982178], "dmean": [0.43386259675, 0.36878412962, 0.365968465805, 0.409981966019, 0.469142794609, 0.394937992096]}, "spectral_rms": {"dvar": 3.38315294357e-06, "mean": 0.00631638430059, "min": 8.76464639532e-07, "median": 0.00519492849708, "dvar2": 5.87527847529e-06, "var": 1.83334923349e-05, "dmean2": 0.00209450116381, "max": 0.021765448153, "dmean": 0.00135389075149}, "barkbands_spread": {"dvar": 15.2416725159, "mean": 7.81979656219, "min": 0.131744131446, "median": 6.2529335022, "dvar2": 35.622089386, "var": 67.611000061, "dmean2": 4.15780353546, "max": 123.013442993, "dmean": 2.54762625694}, "pitch_salience": {"dvar": 0.00744143733755, "mean": 0.606538116932, "min": 0.113190807402, "median": 0.647558450699, "dvar2": 0.0186422821134, "var": 0.0256041958928, "dmean2": 0.162211835384, "max": 0.900136590004, "dmean": 0.0970629602671}, "erbbands_skewness": {"dvar": 0.194188117981, "mean": 0.419439256191, "min": -2.87163805962, "median": 0.340850740671, "dvar2": 0.519808530807, "var": 0.849889814854, "dmean2": 0.788072109222, "max": 5.01155138016, "dmean": 0.474320650101}, "spectral_energyband_middle_high": {"dvar": 1.19617379823e-05, "mean": 0.00324808689766, "min": 3.1242218014e-12, "median": 0.00160572037566, "dvar2": 3.12669544655e-05, "var": 2.18329769268e-05, "dmean2": 0.0029617799446, "max": 0.0438809990883, "dmean": 0.00175301125273}, "erbbands": {"dvar": [1.64267730713, 111.711006165, 354.265045166, 183.18812561, 155.174942017, 515.840209961, 1053.25268555, 546.538574219, 940.789733887, 819.73425293, 1149.61987305, 1672.90161133, 1676.36694336, 3767.53222656, 4189.99169922, 641.575866699, 274.517272949, 96.2604980469, 57.0361671448, 38.6308174133, 36.2782402039, 72.1725311279, 93.7376022339, 190.088241577, 33.2078742981, 8.50569534302, 5.15875005722, 6.76195383072, 5.26555919647, 2.79973840714, 1.03055524826, 0.533482253551, 0.255520701408, 0.100731164217, 0.0553641170263, 0.0138274403289, 0.00359418988228, 0.0010191691108, 2.52663153333e-06, 1.66717004646e-08], "mean": [0.78079611063, 6.88995838165, 12.1451654434, 10.2487983704, 10.1345033646, 15.7471323013, 23.9438858032, 22.4217510223, 32.5698890686, 27.2761707306, 33.0635871887, 43.5802536011, 41.8121147156, 44.9824447632, 40.5216560364, 16.6890239716, 6.61303472519, 4.78803491592, 4.45505094528, 3.91640758514, 3.19296264648, 3.54779720306, 2.84132146835, 2.95101261139, 1.75190019608, 1.06589841843, 0.835730135441, 0.7852024436, 0.723242342472, 0.51557046175, 0.359476685524, 0.252220988274, 0.159081712365, 0.0872827768326, 0.0515111535788, 0.0285750012845, 0.0205903258175, 0.00633446732536, 0.000340431026416, 8.16047031549e-05], "min": [6.80272282949e-10, 1.10644111928e-10, 2.94197305406e-11, 1.42627951116e-10, 1.80953169115e-10, 4.42159031611e-10, 5.77280001579e-10, 6.98003044253e-10, 7.73722974579e-10, 1.80576908981e-09, 3.36428773728e-09, 3.72469077803e-09, 9.9848591617e-09, 6.21626883301e-09, 5.96908478201e-09, 1.42953862081e-08, 9.34609900582e-09, 6.7092593703e-09, 8.26360047057e-09, 2.06927968094e-08, 8.10825895314e-09, 9.85223458372e-09, 2.19756302045e-08, 2.69675641817e-08, 3.66856980349e-08, 1.95604261677e-08, 2.71372595506e-08, 5.64338655806e-08, 3.61470213761e-08, 4.02982252012e-08, 3.80904836561e-08, 1.43981386813e-08, 1.40877380872e-08, 1.32134632125e-08, 1.38901992131e-08, 8.8306713053e-09, 1.0725919708e-08, 7.18963066859e-09, 6.19612094965e-09, 1.03765556148e-08], "median": [0.130919322371, 0.830178201199, 3.23915743828, 4.25691843033, 5.88024997711, 8.88869667053, 14.3330841064, 14.798625946, 20.5091705322, 17.9332332611, 19.5729789734, 25.4517402649, 23.4935054779, 19.3844127655, 14.4694986343, 7.51383972168, 2.93013310432, 1.67480957508, 1.07121491432, 0.632729709148, 0.328953593969, 0.190556794405, 0.127552568913, 0.0886827707291, 0.0586909763515, 0.0363086909056, 0.0214221589267, 0.0136038037017, 0.00805250648409, 0.00520248990506, 0.00356243760325, 0.00254210596904, 0.00153675803449, 0.000898253987543, 0.000517015520018, 0.000279366708128, 0.000152599313878, 5.57075836696e-05, 3.29727008648e-05, 3.73136863345e-05], "dvar2": [3.48499298096, 239.95350647, 1020.5189209, 500.819458008, 440.21987915, 1424.09594727, 2925.30493164, 1541.87341309, 2522.96948242, 2369.1574707, 3106.12133789, 4471.11132812, 4436.79833984, 9797.73144531, 11404.9609375, 1773.92590332, 802.661193848, 225.976989746, 133.067367554, 89.9704208374, 81.4973449707, 167.353393555, 245.6978302, 521.007385254, 82.3292236328, 21.1729984283, 12.3473892212, 16.0020446777, 12.7841472626, 7.08771467209, 2.29497385025, 1.17490983009, 0.583042502403, 0.243896082044, 0.141140118241, 0.0340398363769, 0.00993010029197, 0.00141291145701, 5.87156546317e-06, 4.30778435145e-08], "var": [3.16575407982, 232.136932373, 433.344451904, 224.22517395, 162.492004395, 491.841888428, 1088.71264648, 667.877380371, 1489.60900879, 1085.65844727, 1856.53186035, 3456.41381836, 3179.02075195, 5785.66015625, 5972.4453125, 912.804260254, 235.592437744, 133.10697937, 91.6704330444, 73.6641769409, 64.8024215698, 111.426589966, 89.6626358032, 139.396011353, 34.1141548157, 10.2434415817, 6.84178304672, 7.74397325516, 6.2444601059, 4.13407897949, 1.54882407188, 0.75838124752, 0.321607649326, 0.104293987155, 0.0469996854663, 0.0194915402681, 0.00424021994695, 0.00368920224719, 4.07615470976e-06, 1.915282688e-08], "dmean2": [0.943268477917, 6.77352333069, 17.9251365662, 14.1996116638, 14.4312372208, 21.5398807526, 31.9649276733, 26.8492870331, 37.0790405273, 29.4384059906, 33.9183807373, 40.9517326355, 40.4646949768, 48.6185569763, 47.2069740295, 19.3442955017, 8.50882339478, 5.76387834549, 5.08353376389, 4.32763195038, 3.45757699013, 4.34185409546, 4.30133390427, 5.50348949432, 2.59902882576, 1.47157406807, 1.12327957153, 1.17032551765, 0.946926295757, 0.588442146778, 0.383948147297, 0.28983643651, 0.201640546322, 0.134877040982, 0.0920559167862, 0.0471258722246, 0.0314034223557, 0.00718594761565, 0.000506833835971, 6.38069323031e-05], "max": [13.8273305893, 99.3742523193, 157.692260742, 126.206764221, 128.14831543, 274.872497559, 546.504272461, 538.959960938, 486.044403076, 856.14251709, 875.605285645, 1337.83850098, 794.854858398, 807.869018555, 1007.24572754, 679.040649414, 779.260009766, 603.726806641, 357.488464355, 84.1255264282, 82.1744995117, 169.683776855, 167.929000854, 159.965179443, 127.881813049, 34.1694564819, 21.1734333038, 29.0043468475, 26.7122535706, 89.2699356079, 33.481098175, 7.26706314087, 6.19246912003, 3.61830592155, 2.23749470711, 4.22164058685, 0.89981597662, 3.48062109947, 0.0980106666684, 0.00719426199794], "dmean": [0.587027966976, 4.35453081131, 10.3395204544, 8.24726390839, 8.20670413971, 12.4377222061, 18.2161521912, 15.492852211, 21.7881221771, 16.8929100037, 20.0453605652, 24.2472057343, 24.0373783112, 28.64585495, 27.3783416748, 11.0814676285, 4.74494457245, 3.34743213654, 3.07089209557, 2.62836790085, 2.19003081322, 2.77350640297, 2.5779941082, 3.16484618187, 1.5619533062, 0.87830466032, 0.680325388908, 0.729690611362, 0.593413233757, 0.3885230124, 0.268830776215, 0.196065187454, 0.133994191885, 0.08525531739, 0.0565550029278, 0.028751777485, 0.0181966517121, 0.00445891031995, 0.000300998159219, 4.05042846978e-05]}, "dissonance": {"dvar": 0.00178405700717, "mean": 0.440320760012, "min": 0.0928779393435, "median": 0.459369421005, "dvar2": 0.00517958123237, "var": 0.00379290548153, "dmean2": 0.0694181621075, "max": 0.500000178814, "dmean": 0.0401190184057}, "erbbands_flatness_db": {"dvar": 0.00106870662421, "mean": 0.27580332756, "min": 0.0296590290964, "median": 0.285256296396, "dvar2": 0.00227136607282, "var": 0.00850637443364, "dmean2": 0.0463168136775, "max": 0.604661524296, "dmean": 0.0288784839213}, "melbands_kurtosis": {"dvar": 75.323600769, "mean": 8.64325046539, "min": -1.74615323544, "median": 4.00618648529, "dvar2": 196.326065063, "var": 171.252548218, "dmean2": 8.88835906982, "max": 182.7368927, "dmean": 5.45300292969}, "melbands_spread": {"dvar": 15.2589683533, "mean": 8.67752361298, "min": 0.177730113268, "median": 6.96947288513, "dvar2": 36.9763183594, "var": 52.0270233154, "dmean2": 4.68102836609, "max": 93.5888290405, "dmean": 2.86234617233}, "melbands_skewness": {"dvar": 0.423707634211, "mean": 1.91620028019, "min": -1.55934655666, "median": 1.64517319202, "dvar2": 1.04509055614, "var": 2.0674738884, "dmean2": 1.15453529358, "max": 9.07433795929, "dmean": 0.725069701672}, "spectral_entropy": {"dvar": 0.0830730199814, "mean": 6.30560064316, "min": 3.01699137688, "median": 6.28275871277, "dvar2": 0.162168115377, "var": 0.804234564304, "dmean2": 0.390692621469, "max": 8.95469856262, "dmean": 0.243470415473}, "zerocrossingrate": {"dvar": 5.46453265997e-05, "mean": 0.0243931245059, "min": 0.00146484375, "median": 0.0185546875, "dvar2": 8.31022844068e-05, "var": 0.00180401594844, "dmean2": 0.0056489398703, "max": 0.7607421875, "dmean": 0.00457111559808}, "average_loudness": 0.947221457958, "spectral_contrast_coeffs": {"dvar": [0.00185273389798, 0.00142166111618, 0.000895299599506, 0.000533662154339, 0.000362009130185, 0.000809587945696], "mean": [-0.66827827692, -0.776637256145, -0.80487549305, -0.838856458664, -0.834746718407, -0.823703289032], "min": [-0.908600449562, -0.955232799053, -0.956209361553, -0.987393140793, -0.978954970837, -0.968017816544], "median": [-0.670026659966, -0.781153321266, -0.804108023643, -0.838016271591, -0.841433286667, -0.819418072701], "dvar2": [0.00537949195132, 0.00419649342075, 0.00258099427447, 0.0015339528909, 0.000997708644718, 0.00222232635133], "var": [0.00381022621877, 0.00275163352489, 0.00260365963914, 0.00195945170708, 0.00270673795603, 0.0035795380827], "dmean2": [0.0950180664659, 0.0830192789435, 0.063937664032, 0.0466923490167, 0.0341523587704, 0.0414872467518], "max": [-0.412153065205, -0.52333521843, -0.586131870747, -0.553576767445, -0.608177781105, -0.546330809593], "dmean": [0.0562762916088, 0.0487433858216, 0.0375326015055, 0.027357282117, 0.0204890426248, 0.0242945570499]}, "barkbands_flatness_db": {"dvar": 0.00173572008498, "mean": 0.297994971275, "min": 0.0211320649832, "median": 0.286697119474, "dvar2": 0.00384521158412, "var": 0.0176337175071, "dmean2": 0.0596237294376, "max": 0.910029947758, "dmean": 0.0373045131564}, "silence_rate_30dB": {"dvar": 0.0555648989975, "mean": 0.821178913116, "min": 0, "median": 1, "dvar2": 0.109604768455, "var": 0.146846324205, "dmean2": 0.118125848472, "max": 1, "dmean": 0.0590567626059}, "spectral_energyband_high": {"dvar": 6.91507224815e-08, "mean": 9.4377923233e-05, "min": 2.39023828508e-10, "median": 2.41738484874e-06, "dvar2": 1.62795785741e-07, "var": 8.95649208132e-08, "dmean2": 0.000117493975267, "max": 0.00341330911033, "dmean": 7.5010008004e-05}, "melbands_flatness_db": {"dvar": 0.00244546984322, "mean": 0.426280260086, "min": 0.0653106123209, "median": 0.415410131216, "dvar2": 0.00519809871912, "var": 0.0254853479564, "dmean2": 0.0710420683026, "max": 1, "dmean": 0.0444928854704}, "barkbands": {"dvar": [3.44036106981e-06, 0.00174514495302, 0.000210403872188, 1.59550272656e-05, 2.75872644124e-05, 1.20026243167e-05, 4.46932017439e-06, 2.17091769628e-06, 3.22280720866e-06, 2.40837721321e-06, 3.37213828061e-06, 5.16037687248e-07, 1.21472737646e-07, 4.16026395555e-08, 1.62536579751e-08, 1.29517889746e-08, 2.11853983245e-08, 4.18266168367e-08, 4.15757988037e-08, 3.53513485152e-09, 3.56236351529e-09, 3.77194808721e-09, 1.42990697061e-09, 1.00680497273e-09, 9.78639169702e-10, 6.74548583657e-10, 4.40106950883e-10], "mean": [0.00132556993049, 0.0297777317464, 0.00958189275116, 0.00261278799735, 0.0044457395561, 0.00285828928463, 0.00227535935119, 0.00135729392059, 0.00198563956656, 0.00122236437164, 0.00117554829922, 0.00044038699707, 0.000130723972688, 9.1406996944e-05, 7.72821804276e-05, 6.22784427833e-05, 6.07303809375e-05, 5.17760381626e-05, 4.73981017421e-05, 2.25311905524e-05, 1.95966313186e-05, 2.01754082809e-05, 1.28291967485e-05, 1.06065963337e-05, 7.62314721214e-06, 9.74152317212e-06, 2.56025009548e-06], "min": [2.70141964354e-11, 9.3288907415e-13, 1.11557034362e-14, 4.32671747822e-14, 1.18352457825e-13, 7.5278582738e-14, 8.79579408982e-14, 9.96048133296e-14, 1.68374239247e-13, 2.28172407184e-13, 1.32101320442e-13, 4.67363181576e-13, 1.44388258403e-13, 1.12490305428e-13, 2.73106217545e-13, 2.30786012046e-13, 1.63655520342e-13, 4.43092882264e-13, 7.31740189275e-13, 4.02027993144e-13, 1.1911705346e-12, 1.00708991927e-12, 1.30189706671e-12, 7.66431731448e-13, 1.56890472836e-12, 4.57353122388e-12, 4.48708264988e-10], "median": [0.000479790731333, 0.00408288510516, 0.00301920995116, 0.00117769627832, 0.00279015256092, 0.00186510966159, 0.00145417649765, 0.000788583129179, 0.00116835918743, 0.00059081451036, 0.000397704658099, 0.000183658805327, 5.24209208379e-05, 2.79148480331e-05, 1.49564593812e-05, 6.69857672619e-06, 3.24303709931e-06, 2.09353675018e-06, 1.39615769967e-06, 7.35118874218e-07, 4.07882367881e-07, 2.0927726041e-07, 1.29428727291e-07, 1.0000616868e-07, 6.82026310983e-08, 7.29091524931e-08, 8.74878551826e-08], "dvar2": [9.69807024376e-06, 0.00338381715119, 0.000591854739469, 4.53489483334e-05, 7.54112770665e-05, 3.46313754562e-05, 1.22566352729e-05, 6.00714702159e-06, 8.53933124745e-06, 6.30297063253e-06, 8.98183043319e-06, 1.45127148699e-06, 3.61165206186e-07, 8.42368166332e-08, 4.09839557847e-08, 2.88074950561e-08, 4.88707385671e-08, 1.13429123871e-07, 1.1197486316e-07, 8.57116955189e-09, 8.55446646852e-09, 8.93149731951e-09, 3.26223248415e-09, 2.2585655568e-09, 2.42425590713e-09, 1.76059244961e-09, 6.77433442675e-10], "var": [5.13556960868e-06, 0.00420318543911, 0.000253907375736, 1.54389963427e-05, 3.03779743263e-05, 1.22791097965e-05, 7.17831380825e-06, 3.15765873893e-06, 6.95058861311e-06, 3.69328586203e-06, 5.01464273839e-06, 6.80341827319e-07, 1.00787467261e-07, 6.49250040397e-08, 2.57940708792e-08, 2.49213130132e-08, 3.29751834727e-08, 3.43588197893e-08, 3.30175957686e-08, 4.53894966057e-09, 4.26338297999e-09, 4.85570073039e-09, 2.06224437527e-09, 1.35893785114e-09, 9.09090691614e-10, 9.02237062839e-10, 1.42337408526e-09], "dmean2": [0.00179000501521, 0.0275589022785, 0.0140691595152, 0.00432098424062, 0.00535655161366, 0.00364845362492, 0.00252356613055, 0.00151960831136, 0.00179721997119, 0.00140010332689, 0.00135454861447, 0.000550653669052, 0.000180677045137, 0.000108378750156, 9.69070970314e-05, 6.53654060443e-05, 7.44640346966e-05, 8.82140375325e-05, 8.03415605333e-05, 2.94906803902e-05, 2.83623285213e-05, 2.53008893196e-05, 1.45390486068e-05, 1.28256624521e-05, 1.28542624225e-05, 1.40693209687e-05, 3.42692624145e-06], "max": [0.0236553866416, 0.408222407103, 0.136771678925, 0.039460554719, 0.0684330388904, 0.0550902299583, 0.037113904953, 0.0273744855076, 0.063579313457, 0.0274057425559, 0.028286119923, 0.0160752218217, 0.015963261947, 0.0160287898034, 0.00300716073252, 0.00165755208582, 0.00302377203479, 0.00286127766594, 0.00239794142544, 0.000634558440652, 0.000510451733135, 0.0014994967496, 0.00115522218402, 0.000337063189363, 0.000291182921501, 0.000494312611409, 0.00220546708442], "dmean": [0.00106651557144, 0.0181807968765, 0.00815875362605, 0.00244492874481, 0.00312587572262, 0.00207481603138, 0.00147608912084, 0.000892880139872, 0.00106777762994, 0.000826864736155, 0.000791273312643, 0.000314899807563, 0.000100760858913, 6.44661922706e-05, 5.70203264942e-05, 4.19596726715e-05, 4.77222456539e-05, 5.12737206009e-05, 4.70792438136e-05, 1.78631034942e-05, 1.74012857315e-05, 1.60923736985e-05, 9.96169455902e-06, 8.49974821904e-06, 8.010437341e-06, 8.30225690152e-06, 2.14742885873e-06]}, "erbbands_spread": {"dvar": 34.7053833008, "mean": 15.8523654938, "min": 0.546531438828, "median": 12.4172496796, "dvar2": 71.8673324585, "var": 146.748687744, "dmean2": 7.18603181839, "max": 98.3487625122, "dmean": 4.48763656616}, "barkbands_kurtosis": {"dvar": 71.6306686401, "mean": 6.43668317795, "min": -1.89232611656, "median": 2.5676240921, "dvar2": 193.095016479, "var": 138.93711853, "dmean2": 7.42327404022, "max": 259.931549072, "dmean": 4.50853157043}, "spectral_flux": {"dvar": 0.00339623098262, "mean": 0.122287936509, "min": 4.22543562308e-05, "median": 0.101353175938, "dvar2": 0.00815813150257, "var": 0.00760703906417, "dmean2": 0.0624894797802, "max": 0.571560621262, "dmean": 0.0383170992136}, "silence_rate_20dB": {"dvar": 0.0210315790027, "mean": 0.982681274414, "min": 0, "median": 1, "dvar2": 0.0509572774172, "var": 0.0170193724334, "dmean2": 0.0429928004742, "max": 1, "dmean": 0.0214941576123}, "gfcc": {"cov": [[26496.8378906, -2105.17993164, -4337.58349609, 743.526489258, -2013.78417969, 1095.97375488, 1031.04162598, 1114.43713379, -856.742919922, 739.676269531, -272.812530518, 293.760681152, -258.585754395], [-2105.17993164, 3109.27026367, 290.063201904, -968.276489258, 513.68762207, -165.208831787, 464.031890869, -271.994445801, 289.541320801, -281.777160645, 259.034942627, -218.246505737, 255.668502808], [-4337.58349609, 290.063201904, 2597.40307617, 200.622894287, 506.666259766, -75.1586837769, -153.517684937, -81.2325057983, 129.484466553, 53.5483016968, -20.1100006104, -56.0207443237, -69.4760894775], [743.526489258, -968.276489258, 200.622894287, 973.760253906, -145.865432739, 101.730484009, -43.3234596252, 87.0567398071, -36.0455665588, 69.2007369995, -15.1743516922, -29.7925128937, -31.1744403839], [-2013.78417969, 513.68762207, 506.666259766, -145.865432739, 709.817504883, -144.293548584, -16.0757751465, -3.06638813019, 67.5272064209, -57.8035736084, 30.3190250397, 2.59142875671, -9.12773704529], [1095.97375488, -165.208831787, -75.1586837769, 101.730484009, -144.293548584, 259.360351562, 129.999160767, 29.9780693054, -36.0571899414, 11.8196840286, 4.06507301331, 9.07073020935, 24.8628158569], [1031.04162598, 464.031890869, -153.517684937, -43.3234596252, -16.0757751465, 129.999160767, 391.828643799, 15.5981988907, -7.69296741486, -27.6899032593, 68.2746276855, -37.391418457, 76.52318573], [1114.43713379, -271.994445801, -81.2325057983, 87.0567398071, -3.06638813019, 29.9780693054, 15.5981988907, 178.910934448, -52.0027275085, 61.3330345154, -30.8146152496, 42.8767166138, -42.3348731995], [-856.742919922, 289.541320801, 129.484466553, -36.0455665588, 67.5272064209, -36.0571899414, -7.69296741486, -52.0027275085, 134.632522583, -27.4314155579, 44.1027526855, -34.1720428467, 39.0792160034], [739.676269531, -281.777160645, 53.5483016968, 69.2007369995, -57.8035736084, 11.8196840286, -27.6899032593, 61.3330345154, -27.4314155579, 119.837036133, -28.4826641083, 32.3021965027, -44.9334106445], [-272.812530518, 259.034942627, -20.1100006104, -15.1743516922, 30.3190250397, 4.06507301331, 68.2746276855, -30.8146152496, 44.1027526855, -28.4826641083, 95.2187194824, -26.6791992188, 49.6186180115], [293.760681152, -218.246505737, -56.0207443237, -29.7925128937, 2.59142875671, 9.07073020935, -37.391418457, 42.8767166138, -34.1720428467, 32.3021965027, -26.6791992188, 85.3057937622, -24.8762321472], [-258.585754395, 255.668502808, -69.4760894775, -31.1744403839, -9.12773704529, 24.8628158569, 76.52318573, -42.3348731995, 39.0792160034, -44.9334106445, 49.6186180115, -24.8762321472, 92.6361846924]], "mean": [-132.267318726, 196.761566162, -65.5081863403, -12.6360206604, -37.4682769775, -0.114249154925, -18.424905777, -0.172251775861, -10.8493442535, -6.47902965546, -8.82517814636, -2.07880425453, -3.73615550995], "icov": [[0.00019953395531, -0.000339270191034, 0.000307792419335, -0.000299540581182, 0.000280623877188, -0.000510397774633, -0.000102496873296, -0.000598942453507, 0.000533823273145, -0.00101428630296, 0.000384621234844, -0.000260892586084, 0.000605713983532], [-0.000339270191034, 0.00222113681957, -0.000748288817704, 0.00188041629735, -0.000882312073372, 0.00166950048879, -0.00133108580485, 0.00107867992483, -0.00205803639255, 0.00270595867187, -0.00173433474265, 0.00273483619094, -0.00210401136428], [0.000307792419335, -0.000748288817704, 0.00106677296571, -0.000791916565504, -7.0095038609e-06, -0.00115369865671, 0.000172037762241, -0.000472190149594, 0.000561836815905, -0.00230272207409, 0.0010161761893, -0.000281382817775, 0.00143519719131], [-0.000299540581182, 0.00188041629735, -0.000791916565504, 0.00289456360042, -0.000542405585293, 0.000886376656126, -0.000629062880762, 0.000171524559846, -0.00145504274406, 0.00197528605349, -0.00184097257443, 0.00344574265182, -0.00185575999785], [0.000280623877188, -0.000882312073372, -7.0095038609e-06, -0.000542405585293, 0.00276207039133, 0.000267993658781, -0.000214985062485, -0.00174553599209, 0.000481406634208, 1.56261121447e-05, 7.94938678155e-05, -0.00199991301633, 0.00183562922757], [-0.000510397774633, 0.00166950048879, -0.00115369865671, 0.000886376656126, 0.000267993658781, 0.00766652077436, -0.00255378219299, 0.00120588100981, -0.00129719171673, 0.0035325458739, -0.000994434230961, -6.79762233631e-05, -0.0031948548276], [-0.000102496873296, -0.00133108580485, 0.000172037762241, -0.000629062880762, -0.000214985062485, -0.00255378219299, 0.00586909474805, -0.000923211395275, 0.00215322175063, -0.000836596882436, -0.00123922014609, 0.000410303182434, -0.0018412010977], [-0.000598942453507, 0.00107867992483, -0.000472190149594, 0.000171524559846, -0.00174553599209, 0.00120588100981, -0.000923211395275, 0.0106914760545, -0.000727065198589, -2.16124044528e-