{"tonal": {"chords_number_rate": 0.00113093736582, "thpcp": [1, 0.544066488743, 0.197654217482, 0.132845789194, 0.184588089585, 0.366200685501, 0.419907748699, 0.324246913195, 0.379160404205, 0.38418880105, 0.259593367577, 0.213173344731, 0.188026666641, 0.206908911467, 0.391524165869, 0.419768512249, 0.229595839977, 0.146835058928, 0.17036435008, 0.326854646206, 0.690318763256, 0.73178845644, 0.355471253395, 0.178175866604, 0.164553970098, 0.125881567597, 0.132500365376, 0.149557501078, 0.167499288917, 0.283684670925, 0.314893305302, 0.199937835336, 0.166771441698, 0.21178136766, 0.329891741276, 0.796415746212], "hpcp": {"dvar": [0.0484961941838, 0.0468106120825, 0.0309573691338, 0.0261483676732, 0.0251278541982, 0.0214269086719, 0.0207491908222, 0.0230886340141, 0.02468807064, 0.0347497612238, 0.036868814379, 0.0285110846162, 0.0310449339449, 0.0418193005025, 0.0454819686711, 0.0535152107477, 0.0606286153197, 0.050177950412, 0.0390552766621, 0.0290558859706, 0.0332605727017, 0.0414215698838, 0.0467949546874, 0.0421838760376, 0.0675484910607, 0.0567292533815, 0.0415525212884, 0.0332703590393, 0.0310229193419, 0.0332276448607, 0.0398651696742, 0.0442248508334, 0.0340981259942, 0.0325864851475, 0.0338148027658, 0.0424486733973], "mean": [0.258830964565, 0.274379789829, 0.133281856775, 0.0668059960008, 0.0616985447705, 0.0471985563636, 0.0496802330017, 0.056075707078, 0.0628028735518, 0.106365904212, 0.118067391217, 0.0749655142426, 0.0625299736857, 0.0794061794877, 0.123690970242, 0.298611402512, 0.374944120646, 0.203994527459, 0.0741092860699, 0.0498097501695, 0.069210216403, 0.137304797769, 0.157441943884, 0.121574468911, 0.142163962126, 0.144049331546, 0.0973330065608, 0.0799280926585, 0.0704994946718, 0.0775792822242, 0.146799683571, 0.157389730215, 0.0860856100917, 0.0550549402833, 0.0638771131635, 0.122552223504], "min": [0, 0, 0, 0, 0, 0, 0, 0, 0, 0, 0, 0, 0, 0, 0, 0, 0, 0, 0, 0, 0, 0, 0, 0, 0, 0, 0, 0, 0, 0, 0, 0, 0, 0, 0, 0], "median": [0.103394329548, 0.121382236481, 0.0487289577723, 0.00815508794039, 0.00537416525185, 0.00696885213256, 0.00915029086173, 0.00983396172523, 0.0142283607274, 0.0253626033664, 0.0231106095016, 0.0128400875255, 0.00861526094377, 0.00931083597243, 0.0333116948605, 0.151213675737, 0.195013463497, 0.0911076813936, 0.00847772881389, 0.00355132902041, 0.00777060166001, 0.029076077044, 0.0394720472395, 0.0293214246631, 0.0129560371861, 0.0136818643659, 0.0150908026844, 0.0133014814928, 0.0106053687632, 0.0102233123034, 0.0171659123152, 0.0194906964898, 0.0146415214986, 0.00729861855507, 0.00711548374966, 0.0234123952687], "dvar2": [0.126816138625, 0.11657603085, 0.0838501304388, 0.0706994086504, 0.0675359815359, 0.0597200915217, 0.0576679445803, 0.0636941045523, 0.0687232613564, 0.0920647755265, 0.0931123271585, 0.076634734869, 0.0856618136168, 0.114677347243, 0.125668600202, 0.140788093209, 0.146958008409, 0.138591483235, 0.109773263335, 0.0816686600447, 0.0935492068529, 0.105116099119, 0.120399564505, 0.114539057016, 0.182081192732, 0.14078129828, 0.10996222496, 0.0931630283594, 0.085304826498, 0.0926365852356, 0.0997233092785, 0.112200558186, 0.0970852822065, 0.0932980328798, 0.0959142223001, 0.11947119236], "var": [0.100507169962, 0.104628205299, 0.0384508706629, 0.029506733641, 0.0308584049344, 0.0168569069356, 0.0165217854083, 0.0206535533071, 0.0202701222152, 0.0417396724224, 0.051698166877, 0.0267128292471, 0.0243276525289, 0.0344027802348, 0.0452072732151, 0.102784335613, 0.146768674254, 0.0635550096631, 0.0293954610825, 0.020667174831, 0.0276636555791, 0.0579010546207, 0.0678052082658, 0.0432643890381, 0.0746419355273, 0.0736438930035, 0.0391200371087, 0.0306172594428, 0.029703065753, 0.0306122209877, 0.0727891474962, 0.0821100920439, 0.0314441137016, 0.0219118986279, 0.0252642799169, 0.0473832786083], "dmean2": [0.272299647331, 0.266170084476, 0.19294500351, 0.125138789415, 0.109565146267, 0.10503064096, 0.104136884212, 0.113366320729, 0.129882112145, 0.169719547033, 0.175570860505, 0.145099416375, 0.14579975605, 0.184946596622, 0.243002563715, 0.320702314377, 0.320207566023, 0.291914343834, 0.18942977488, 0.135451063514, 0.150750756264, 0.19793958962, 0.222161248326, 0.224647015333, 0.267808586359, 0.242142766714, 0.196714252234, 0.16655626893, 0.147202298045, 0.15800358355, 0.187888026237, 0.195207968354, 0.168074607849, 0.14690592885, 0.162361696362, 0.221518486738], "max": [1, 1, 1, 1, 1, 1, 1, 1, 1, 1, 1, 1, 1, 1, 1, 1, 1, 1, 1, 1, 1, 1, 1, 1, 1, 1, 1, 1, 1, 1, 1, 1, 1, 1, 1, 1], "dmean": [0.158325850964, 0.157760739326, 0.111704654992, 0.0699353292584, 0.0612244382501, 0.0579285956919, 0.0580188483, 0.063176818192, 0.0723352953792, 0.0973776504397, 0.100784704089, 0.0819597989321, 0.080240033567, 0.101607128978, 0.136096253991, 0.186196580529, 0.187729716301, 0.165820628405, 0.102456562221, 0.0728577449918, 0.0840566977859, 0.115590423346, 0.129275158048, 0.126798465848, 0.148297816515, 0.137683019042, 0.111196540296, 0.0918229073286, 0.0809132009745, 0.0878751277924, 0.107491798699, 0.11252310127, 0.0924579277635, 0.0788219571114, 0.0881580561399, 0.123198539019]}, "key_strength": 0.783524274826, "chords_strength": {"dvar": 0.000559446343686, "mean": 0.485180407763, "min": -1, "median": 0.488884091377, "dvar2": 0.00107450084761, "var": 0.0201705191284, "dmean2": 0.0112118097022, "max": 0.784304261208, "dmean": 0.0104108164087}, "tuning_equal_tempered_deviation": 0.251239746809, "chords_key": "D", "tuning_frequency": 434.193115234, "chords_scale": "minor", "chords_changes_rate": 0.0713747143745, "key_scale": "minor", "tuning_diatonic_strength": 0.583886623383, "hpcp_entropy": {"dvar": 0.285494506359, "mean": 1.77500069141, "min": 0, "median": 1.81904995441, "dvar2": 0.755666077137, "var": 0.617744743824, "dmean2": 1.04609727859, "max": 4.04069852829, "dmean": 0.622238755226}, "chords_histogram": [43.2772064209, 2.38753461838, 8.90927410126, 6.86102056503, 0.238753452897, 8.2809753418, 0.26388540864, 17.5420951843, 0, 3.40537834167, 0.251319438219, 0.653430521488, 0, 0, 0, 0, 0.113093741238, 0.0125659713522, 0.175923600793, 0, 0.113093741238, 0, 1.85976374149, 5.6546869278], "tuning_nontempered_energy_ratio": 0.954496264458, "key_key": "D"}, "metadata": {"version": {"extractor": "music 1.0", "essentia_build_sha": "2d9f1f26377add8aeb1075a9c2973f962c4f09fd", "essentia": "2.1-beta2", "essentia_git_sha": "v2.1_beta2-1-ge3940c0"}, "audio_properties": {"sample_rate": 44100, "length": 369.502044678, "lossless": false, "analysis_sample_rate": 44100, "downmix": "mix", "bit_rate": 260167, "equal_loudness": 0, "md5_encoded": "3d94f8f235036416afb476311fa2473b", "codec": "mp3", "replay_gain": -14.5883522034}, "tags": {"genre": ["Folk"], "catalognumber": ["ecc 002"], "musicbrainz_recordingid": ["403926c8-746b-4f76-9eb0-783553b7891c"], "language": ["eng"], "filetype": ["MPG/3"], "title": ["My Son John"], "artist": ["The Imagined Village"], "discnumber": ["1/1"], "artistsort": ["Imagined Village, The"], "originaldate": ["2010"], "musicbrainz_artistid": ["ad4d86ef-d1fc-462a-9f00-f81086b89da3"], "tracknumber": ["1/11"], "musicbrainz_albumartistid": ["ad4d86ef-d1fc-462a-9f00-f81086b89da3"], "barcode": ["5060214040020"], "musicbrainz album status": ["official"], "date": ["2010"], "albumartistsort": ["Imagined Village, The"], "media": ["CD"], "musicip_puid": ["e5708c29-80d1-4b7d-38b5-1437b1e3b9fe"], "musicbrainz album release country": ["GB"], "label": ["ECC Records"], "musicbrainz album type": ["album"], "asin": ["B002WN2QHI"], "script": ["Latn"], "musicbrainz_albumid": ["9b34567d-f4a5-4d8c-8119-621152eb349d"], "file_name": "01 My Son John.mp3", "album": ["Empire & Love"], "albumartist": ["The Imagined Village"]}}, "lowlevel": {"melbands": {"dvar": [8.03140119388e-06, 8.6702984845e-06, 4.31277112511e-06, 2.52444806392e-06, 7.25144957414e-07, 5.65933135022e-07, 3.24385524664e-07, 1.33884512366e-07, 1.60190012366e-07, 8.15884888539e-08, 2.72790572353e-08, 5.98635523374e-08, 1.12795559559e-08, 6.8832828326e-09, 4.70065320002e-09, 4.07555367232e-09, 2.42712761001e-09, 1.543716599e-09, 5.91285076457e-10, 2.66056982001e-10, 1.80393366911e-10, 1.45552042641e-10, 9.18024753438e-11, 4.97668330157e-11, 2.02152357354e-11, 3.58336381401e-11, 1.44565158455e-11, 5.60859214974e-12, 3.19297062748e-12, 1.62508624179e-12, 3.7398599842e-12, 3.32155006624e-12, 2.51586533724e-12, 2.15048855459e-12, 1.56187833934e-12, 8.09124360394e-13, 2.37781447093e-13, 1.05838989374e-13, 8.07515675421e-14, 6.44814198781e-14], "mean": [0.00128713820595, 0.00180883379653, 0.00160167564172, 0.00105874333531, 0.000786577933468, 0.000627175031696, 0.000465534627438, 0.000270233576884, 0.000295611826004, 0.000158677561558, 0.000108981243102, 0.000118465635751, 5.63106659683e-05, 4.95082495036e-05, 3.88587759517e-05, 3.00277297356e-05, 2.32761121879e-05, 2.2886773877e-05, 1.59431474458e-05, 1.17163381219e-05, 1.07478281279e-05, 9.27016390051e-06, 6.55113990433e-06, 4.62268644696e-06, 2.93570860777e-06, 3.84506665796e-06, 2.23742790695e-06, 1.34149297537e-06, 8.54343454648e-07, 7.19201125321e-07, 9.41918813169e-07, 7.98781400135e-07, 5.77010666802e-07, 5.7431083178e-07, 4.54751386769e-07, 3.24780728533e-07, 2.31051032529e-07, 1.67572963505e-07, 1.3398533838e-07, 1.18063148591e-07], "min": [1.07878710802e-24, 7.52590116179e-25, 1.2241877807e-24, 1.70989683562e-24, 1.83271458995e-24, 1.60454958932e-24, 1.17025099403e-24, 1.91616641018e-24, 2.54698317456e-24, 2.88883447011e-24, 3.04043795609e-24, 2.20363146556e-24, 1.51634498075e-24, 2.5869622508e-24, 2.02017949547e-24, 2.52289925112e-24, 2.48636513045e-24, 1.84801592772e-24, 3.76497238209e-24, 3.13756290518e-24, 2.7842447275e-24, 3.16131807083e-24, 3.15590687945e-24, 4.52410388081e-24, 4.72868036265e-24, 4.98285568505e-24, 3.89971534673e-24, 4.60282786041e-24, 4.36307804296e-24, 4.66306291255e-24, 4.93293222823e-24, 5.95044722784e-24, 5.62861209446e-24, 5.35390075055e-24, 5.65192727295e-24, 5.77871930852e-24, 5.92478282158e-24, 6.33715985979e-24, 6.38968734645e-24, 6.24308583026e-24], "median": [0.000192458828678, 0.000630001595709, 0.000794615945779, 0.000426971906563, 0.00031905961805, 0.000262891204329, 0.000174052867806, 9.96491144178e-05, 9.54466231633e-05, 4.79361260659e-05, 2.70604759862e-05, 2.14937554119e-05, 1.70472976606e-05, 1.82374024007e-05, 1.42937378769e-05, 9.8204391179e-06, 5.16926138516e-06, 6.38181518298e-06, 4.86065528094e-06, 4.29447209171e-06, 3.16668638334e-06, 2.93962193609e-06, 2.45295314016e-06, 1.32114371354e-06, 1.15174020721e-06, 1.42590761243e-06, 8.31521106193e-07, 4.30998341017e-07, 2.38046638401e-07, 1.60028378104e-07, 1.83855263458e-07, 1.65807577446e-07, 1.10444382528e-07, 1.15271795664e-07, 8.12729936683e-08, 4.67931968728e-08, 3.61486058864e-08, 2.44867983668e-08, 1.69755054458e-08, 1.62464210973e-08], "dvar2": [1.44675223055e-05, 2.19321445911e-05, 9.55042469286e-06, 6.25812344879e-06, 1.93135838344e-06, 1.39634278185e-06, 7.49543005441e-07, 2.91728468937e-07, 3.45598209606e-07, 1.8423222059e-07, 6.17456024088e-08, 1.30519268282e-07, 2.34209718286e-08, 1.68476699258e-08, 9.51338829935e-09, 8.73775896082e-09, 5.48721690308e-09, 3.85586407248e-09, 1.43495337834e-09, 6.65863753024e-10, 4.66219507445e-10, 3.51955242728e-10, 2.21224483177e-10, 1.269854083e-10, 4.76126325866e-11, 8.60127039037e-11, 3.48847062348e-11, 1.29480818428e-11, 6.45816169639e-12, 3.85572563461e-12, 8.37401155362e-12, 7.18774475703e-12, 5.96461942337e-12, 4.83601526879e-12, 3.3625910216e-12, 1.77116958253e-12, 5.27303949203e-13, 2.40288800142e-13, 1.86835735685e-13, 1.52409131864e-13], "var": [1.36614635267e-05, 1.09211441668e-05, 7.05859565642e-06, 3.6653659663e-06, 1.4832872921e-06, 9.90540115708e-07, 7.54349343879e-07, 2.80759849147e-07, 3.46356586078e-07, 1.43592686186e-07, 6.07231029903e-08, 1.28389956444e-07, 3.05753182772e-08, 1.29148505223e-08, 1.01269526098e-08, 7.23758342147e-09, 3.85041420969e-09, 2.36336061832e-09, 1.01084607351e-09, 4.66565064361e-10, 3.8429795457e-10, 2.94644891818e-10, 1.87461407508e-10, 9.85957079869e-11, 3.30390437231e-11, 5.81806790245e-11, 2.12780938702e-11, 8.44226598351e-12, 5.81840001526e-12, 2.58900409791e-12, 5.75774454156e-12, 5.25832849485e-12, 3.09194076592e-12, 2.91151434559e-12, 2.33671133658e-12, 1.18297656827e-12, 3.53226047587e-13, 1.56189419579e-13, 1.17891793875e-13, 9.14588635945e-14], "dmean2": [0.00129517179448, 0.00184332591016, 0.00153341330588, 0.00105242128484, 0.000726899888832, 0.000617541547399, 0.000431985536125, 0.000248326687142, 0.000243231435888, 0.000150714287884, 0.000100714452856, 0.000119145355711, 5.20716821484e-05, 4.93068073411e-05, 3.69399422198e-05, 2.99606563203e-05, 2.48450360232e-05, 2.52395075222e-05, 1.55448778969e-05, 1.17924182632e-05, 1.03037646113e-05, 8.63989589561e-06, 6.41058886686e-06, 4.4755415729e-06, 2.88993260256e-06, 3.92002766603e-06, 2.1417224616e-06, 1.31829324346e-06, 8.72056148182e-07, 7.22948072962e-07, 1.04389903299e-06, 8.54297297792e-07, 6.56851568692e-07, 6.03103444519e-07, 5.01903230088e-07, 3.80353071705e-07, 2.67865090109e-07, 1.96589553525e-07, 1.6489053678e-07, 1.47776731296e-07], "max": [0.0416151434183, 0.0461186468601, 0.0293298121542, 0.02435923554, 0.0148621741682, 0.0130790229887, 0.0172419734299, 0.00942450575531, 0.0125440200791, 0.00864309817553, 0.0045182206668, 0.0122873215005, 0.00534074753523, 0.00261200568639, 0.00341503787786, 0.00307382270694, 0.0017456287751, 0.00112103181891, 0.000812454964034, 0.000381755176932, 0.000342192419339, 0.000325446948409, 0.000378925644327, 0.000197729779757, 0.000136326270876, 0.000182548785233, 0.000191615297808, 0.000107905187178, 0.000156079680892, 3.27515954268e-05, 5.80944688409e-05, 7.30317333364e-05, 4.95113381476e-05, 4.95719250466e-05, 4.99749621667e-05, 3.02201333398e-05, 1.30876096591e-05, 7.26816233509e-06, 6.06819367022e-06, 4.24557174483e-06], "dmean": [0.00091555522522, 0.00114841677714, 0.00096798746381, 0.000646680709906, 0.00045277675963, 0.000387377804145, 0.000277700397419, 0.000161667747307, 0.000164769342518, 9.81151461019e-05, 6.61669546389e-05, 7.68360623624e-05, 3.3806933061e-05, 3.11291405524e-05, 2.41400066443e-05, 1.9450309992e-05, 1.61741991178e-05, 1.56890837388e-05, 9.74783506535e-06, 7.27825727154e-06, 6.37289986116e-06, 5.48121806787e-06, 4.05226592193e-06, 2.78153265754e-06, 1.83691020084e-06, 2.49707750299e-06, 1.37757638186e-06, 8.53530764289e-07, 5.691287015e-07, 4.71588720075e-07, 6.8219668492e-07, 5.62791683478e-07, 4.2948988721e-07, 4.01332670208e-07, 3.35722944556e-07, 2.53521733384e-07, 1.78418915198e-07, 1.29860225684e-07, 1.08916282215e-07, 9.6480476941e-08]}, "spectral_decrease": {"dvar": 1.65908574989e-17, "mean": -7.12832148864e-09, "min": -4.89465357134e-08, "median": -5.01661201469e-09, "dvar2": 3.33440839347e-17, "var": 5.04338537657e-17, "dmean2": 3.70345176748e-09, "max": 4.90713979613e-16, "dmean": 2.53345922019e-09}, "spectral_rolloff": {"dvar": 406614.4375, "mean": 960.813110352, "min": 64.599609375, "median": 581.396484375, "dvar2": 976818.625, "var": 4489859, "dmean2": 410.894561768, "max": 19745.9472656, "dmean": 242.18019104}, "melbands_crest": {"dvar": 10.1622266769, "mean": 15.3158187866, "min": 1.4893065691, "median": 14.4920425415, "dvar2": 25.1465072632, "var": 31.6865139008, "dmean2": 5.59468126297, "max": 34.5886535645, "dmean": 3.43799734116}, "barkbands_skewness": {"dvar": 0.349805921316, "mean": 1.96266257763, "min": -7.55367326736, "median": 1.89721035957, "dvar2": 0.777107834816, "var": 1.64486789703, "dmean2": 0.881789088249, "max": 11.2391605377, "dmean": 0.573219656944}, "spectral_centroid": {"dvar": 64957.9570313, "mean": 794.763122559, "min": 119.137306213, "median": 637.647338867, "dvar2": 131550.0625, "var": 751110.4375, "dmean2": 244.098266602, "max": 11514.4951172, "dmean": 157.276412964}, "spectral_energyband_middle_low": {"dvar": 0.000141705866554, "mean": 0.0164816919714, "min": 1.51810752873e-22, "median": 0.0113645382226, "dvar2": 0.000313269789331, "var": 0.000327234680299, "dmean2": 0.00989767163992, "max": 0.158578544855, "dmean": 0.00651210965589}, "erbbands_crest": {"dvar": 7.27188014984, "mean": 10.5345277786, "min": 2.8109433651, "median": 9.27097988129, "dvar2": 17.8961219788, "var": 25.1444473267, "dmean2": 4.53487539291, "max": 33.3168869019, "dmean": 2.835105896}, "dynamic_complexity": 4.321808815, "spectral_energyband_low": {"dvar": 0.000129923850182, "mean": 0.0101277353242, "min": 1.71638856922e-23, "median": 0.00442690448835, "dvar2": 0.000265757902525, "var": 0.000273193698376, "dmean2": 0.00817020796239, "max": 0.184206649661, "dmean": 0.00528205977753}, "silence_rate_60dB": {"dvar": 0.0239081587642, "mean": 0.11680804193, "min": 0, "median": 0, "dvar2": 0.0536454468966, "var": 0.103181526065, "dmean2": 0.0490165278316, "max": 1, "dmean": 0.0245067235082}, "erbbands_kurtosis": {"dvar": 6.43295717239, "mean": 1.52891695499, "min": -1.93147182465, "median": 0.440439999104, "dvar2": 15.5234451294, "var": 14.991150856, "dmean2": 2.15232777596, "max": 125.338539124, "dmean": 1.37542200089}, "spectral_complexity": {"dvar": 6.63149499893, "mean": 12.8624572754, "min": 0, "median": 12, "dvar2": 13.5797376633, "var": 55.6252861023, "dmean2": 3.54590582848, "max": 42, "dmean": 2.34749269485}, "barkbands_crest": {"dvar": 5.85714006424, "mean": 10.9070825577, "min": 2.81689953804, "median": 9.98990726471, "dvar2": 14.1620111465, "var": 18.2301502228, "dmean2": 4.12027406693, "max": 26.0727977753, "dmean": 2.55471348763}, "spectral_energy": {"dvar": 0.000245546601946, "mean": 0.0279410965741, "min": 1.01954170634e-20, "median": 0.0197403747588, "dvar2": 0.00049210852012, "var": 0.000761212140787, "dmean2": 0.0143056986853, "max": 0.186207354069, "dmean": 0.00981589592993}, "spectral_spread": {"dvar": 505505742848, "mean": 3528683, "min": 516616.78125, "median": 3080593.5, "dvar2": 1032876457980.0, "var": 9266079465470.0, "dmean2": 752896.6875, "max": 42875912, "dmean": 516968.4375}, "spectral_contrast_valleys": {"dvar": [0.146933287382, 0.109175093472, 0.094999037683, 0.0915241762996, 0.106745317578, 0.181506365538], "mean": [-7.95418787003, -7.03267335892, -7.82356023788, -8.48367881775, -8.77811050415, -11.6950931549], "min": [-28.2350502014, -28.2501811981, -27.6132621765, -27.7303314209, -27.5808696747, -27.4321060181], "median": [-7.37280702591, -6.69892454147, -7.54895067215, -8.18506526947, -8.46841049194, -11.3085870743], "dvar2": [0.331156909466, 0.250926762819, 0.201465323567, 0.185804829001, 0.207469105721, 0.342136144638], "var": [4.98676156998, 4.05796670914, 3.63730287552, 3.44757580757, 3.36305642128, 3.80540657043], "dmean2": [0.67920422554, 0.587473809719, 0.528965055943, 0.481542676687, 0.441504836082, 0.515119373798], "max": [-5.12653446198, -4.28876304626, -4.73884916306, -5.38998508453, -6.15490818024, -8.45298862457], "dmean": [0.425999194384, 0.375300914049, 0.34506753087, 0.325153589249, 0.311758190393, 0.400618195534]}, "spectral_rms": {"dvar": 1.01661646568e-06, "mean": 0.00459736818448, "min": 3.15384675841e-12, "median": 0.00438849627972, "dvar2": 1.88218700714e-06, "var": 6.12368830843e-06, "dmean2": 0.00116360548418, "max": 0.0134783424437, "dmean": 0.00081713864347}, "barkbands_spread": {"dvar": 28.6670970917, "mean": 11.1857595444, "min": 0.198027104139, "median": 9.06943798065, "dvar2": 60.1714477539, "var": 81.1971511841, "dmean2": 5.30464458466, "max": 118.602104187, "dmean": 3.40600800514}, "pitch_salience": {"dvar": 0.00490771792829, "mean": 0.544722795486, "min": 0.0710070133209, "median": 0.554299354553, "dvar2": 0.0121684279293, "var": 0.0157236158848, "dmean2": 0.120037041605, "max": 0.978136360645, "dmean": 0.0741842016578}, "erbbands_skewness": {"dvar": 0.163734555244, "mean": 0.75690060854, "min": -4.30426454544, "median": 0.715533792973, "dvar2": 0.368042767048, "var": 0.673197686672, "dmean2": 0.611553490162, "max": 6.59948968887, "dmean": 0.398474752903}, "spectral_energyband_middle_high": {"dvar": 5.45613056602e-06, "mean": 0.00295141129754, "min": 1.06828891791e-21, "median": 0.00147469132207, "dvar2": 1.10102118924e-05, "var": 1.92359239009e-05, "dmean2": 0.00173213495873, "max": 0.0730551481247, "dmean": 0.00119380571414}, "erbbands": {"dvar": [0.175899118185, 5.38828849792, 31.9503498077, 84.4599609375, 674.908691406, 306.06060791, 844.697387695, 1221.10119629, 1555.50463867, 1109.9934082, 2600.65478516, 2240.48242188, 1038.62792969, 3063.18847656, 992.587524414, 787.716003418, 929.530029297, 609.854492188, 521.75604248, 187.414779663, 93.5352325439, 92.1833648682, 46.3438682556, 28.2625694275, 40.7049407959, 13.1107559204, 4.7556886673, 8.45682907104, 9.51242256165, 6.25642156601, 3.69252634048, 0.858971714973, 0.195492431521, 0.0850454717875, 0.0259592179209, 0.0059641241096, 0.0010906716343, 0.000126192331663, 2.24553173211e-06, 1.72845016078e-09], "mean": [0.13006991148, 1.18772065639, 3.58532238007, 8.08300590515, 14.4977941513, 13.7123308182, 24.7271823883, 27.2418727875, 31.7979698181, 24.1687278748, 37.2761154175, 27.706489563, 21.8518810272, 27.854473114, 18.1383609772, 17.9170150757, 15.2908000946, 13.1250772476, 14.6232004166, 9.95638084412, 8.98456954956, 8.3155002594, 5.65153121948, 4.0799446106, 4.55352592468, 2.28938245773, 1.31675946712, 1.510866642, 1.35293638706, 1.00441992283, 0.743990123272, 0.423013269901, 0.233882367611, 0.143123760819, 0.075154133141, 0.0306457597762, 0.0117563800886, 0.00340466760099, 0.000468910788186, 4.24641111749e-05], "min": [6.49849919096e-23, 3.3718161765e-22, 1.29245425806e-21, 4.76085376752e-21, 1.13115632063e-20, 2.73809319711e-20, 4.84321195674e-20, 8.127714494e-20, 9.40976818774e-20, 1.33128011673e-19, 3.49452117446e-19, 4.64523487205e-19, 6.00029320022e-19, 6.25187242871e-19, 5.81790142611e-19, 1.16993623765e-18, 1.14084222756e-18, 1.56521462632e-18, 1.71786232977e-18, 2.9754478659e-18, 3.11445019116e-18, 4.07738086161e-18, 5.27781762659e-18, 7.06743198083e-18, 6.74136234645e-18, 8.69077393297e-18, 8.79570262085e-18, 8.71094142348e-18, 1.14158658671e-17, 1.15028166116e-17, 1.0770722892e-17, 1.11019690226e-17, 9.87492764759e-18, 7.87317289909e-18, 6.46311739995e-18, 4.39061596161e-18, 2.47259463856e-18, 1.04083485073e-18, 2.46678648649e-19, 2.74929600142e-20], "median": [0.0123963281512, 0.272899329662, 1.20908355713, 4.14076948166, 5.02729845047, 6.41046953201, 9.25278759003, 11.0123033524, 11.7124509811, 9.54011440277, 12.0663290024, 9.10172080994, 6.00013160706, 5.70286417007, 6.12166595459, 6.70301628113, 5.65569925308, 3.5426068306, 4.39008426666, 3.51526618004, 3.119576931, 3.02402591705, 2.21447873116, 1.70340311527, 1.79512512684, 0.865785777569, 0.393474698067, 0.330168753862, 0.292595416307, 0.22241795063, 0.138967722654, 0.0708472505212, 0.0364027358592, 0.0208629723638, 0.0114776520059, 0.0040009142831, 0.000848187599331, 0.000115716502478, 1.86079760169e-05, 2.41000361711e-05], "dvar2": [0.355580866337, 11.8938512802, 84.245765686, 203.516525269, 1585.9029541, 782.528320313, 2252.63549805, 3001.46875, 3611.74145508, 2464.48657227, 5649.84765625, 5026.51806641, 2353.9284668, 6653.46142578, 2123.38037109, 1903.00610352, 1991.59631348, 1328.50561523, 1296.95117188, 459.322753906, 236.621200562, 218.029907227, 113.199638367, 66.1660995483, 96.8847045898, 30.3413791656, 10.1947774887, 18.9265327454, 20.3928985596, 14.1438150406, 7.78199863434, 1.8576772213, 0.435302913189, 0.196266397834, 0.0623307302594, 0.0148522108793, 0.00265034520999, 0.000309125171043, 5.10375866725e-06, 3.39590111587e-09], "var": [0.222288429737, 7.59162712097, 40.673374176, 143.673934937, 952.429748535, 492.695648193, 1651.7824707, 2028.10705566, 3515.98071289, 2224.6875, 5495.86376953, 4147.19384766, 2299.83032227, 6562.65771484, 2780.80444336, 1371.09912109, 1657.66601563, 1076.48962402, 859.864196777, 363.91784668, 224.519104004, 204.119766235, 95.0379714966, 51.207195282, 71.3584594727, 20.4587478638, 8.8087015152, 13.4443912506, 15.1452512741, 8.39693927765, 5.76831245422, 1.31236290932, 0.301048904657, 0.127102598548, 0.0347009040415, 0.007018213626, 0.00130100245588, 0.000134546979098, 2.56489397543e-06, 3.40061689919e-09], "dmean2": [0.167209565639, 1.26768672466, 3.7810652256, 7.71743631363, 15.8591852188, 12.696015358, 23.7192230225, 27.6581993103, 29.6201095581, 22.4661159515, 31.3239021301, 24.4164447784, 19.478471756, 27.1009292603, 15.5802001953, 17.6518135071, 14.3058767319, 12.7987880707, 15.2397613525, 8.9275188446, 7.79828739166, 7.17451620102, 4.84080505371, 3.60038256645, 4.33973836899, 2.06612181664, 1.20790195465, 1.54849600792, 1.39796972275, 1.02853536606, 0.789890944958, 0.469615995884, 0.264931380749, 0.17115201056, 0.0942646786571, 0.0412830933928, 0.0167663227767, 0.00519986543804, 0.000708010222297, 2.80934491457e-05], "max": [5.50049114227, 41.3399467468, 75.6092376709, 143.048080444, 402.884521484, 401.495544434, 556.57611084, 640.479370117, 1186.59191895, 834.120117188, 1703.79309082, 1510.39794922, 921.23425293, 2955.40405273, 1412.62158203, 1032.1895752, 1291.47705078, 802.670532227, 717.291809082, 447.222106934, 215.143173218, 264.739624023, 185.260940552, 151.995193481, 177.770599365, 156.453826904, 138.450271606, 88.0494537354, 130.955230713, 79.0170135498, 64.518447876, 28.2802886963, 10.0118694305, 5.73479270935, 3.23203873634, 1.55080282688, 0.627430140972, 0.332846581936, 0.0364945232868, 0.000769945327193], "dmean": [0.113869525492, 0.815107405186, 2.29386878014, 4.82824897766, 9.73879528046, 7.81693935394, 14.7628936768, 17.2765655518, 18.9475383759, 14.5451164246, 21.0684814453, 16.0018558502, 12.8666353226, 17.5334339142, 10.2071523666, 11.1298666, 9.32739925385, 8.41209888458, 9.51460361481, 5.64187765121, 4.88553857803, 4.59477853775, 3.07394385338, 2.30694127083, 2.78262519836, 1.34896039963, 0.805998086929, 1.02879953384, 0.932314157486, 0.693433582783, 0.535304903984, 0.317260891199, 0.177393108606, 0.113859176636, 0.0615491904318, 0.0266913175583, 0.0109353791922, 0.00340337934904, 0.000473993801279, 2.03290801437e-05]}, "dissonance": {"dvar": 0.000691947294399, "mean": 0.435942053795, "min": 0.167093619704, "median": 0.447588533163, "dvar2": 0.00180880585685, "var": 0.00213869009167, "dmean2": 0.0458779223263, "max": 0.500000059605, "dmean": 0.027809644118}, "erbbands_flatness_db": {"dvar": 0.000428898551036, "mean": 0.201432988048, "min": 0.0176473148167, "median": 0.195490300655, "dvar2": 0.000876417208929, "var": 0.00391397951171, "dmean2": 0.0300615988672, "max": 0.595775485039, "dmean": 0.0210675764829}, "melbands_kurtosis": {"dvar": 111.536407471, "mean": 14.3672161102, "min": -1.82038128376, "median": 9.74239826202, "dvar2": 263.953155518, "var": 291.723754883, "dmean2": 10.6814727783, "max": 302.834838867, "dmean": 6.77185058594}, "melbands_spread": {"dvar": 53.9669723511, "mean": 12.9032173157, "min": 0.401858270168, "median": 9.62152385712, "dvar2": 115.696250916, "var": 223.307998657, "dmean2": 6.11088895798, "max": 202.8462677, "dmean": 3.90730929375}, "melbands_skewness": {"dvar": 0.537795960903, "mean": 2.58613371849, "min": -4.5283241272, "median": 2.42844772339, "dvar2": 1.22889018059, "var": 2.33881163597, "dmean2": 1.08181679249, "max": 14.095952034, "dmean": 0.703889966011}, "spectral_entropy": {"dvar": 0.0509329736233, "mean": 6.94070482254, "min": 4.59347105026, "median": 6.96725320816, "dvar2": 0.10115224123, "var": 0.349769860506, "dmean2": 0.31495603919, "max": 9.82622241974, "dmean": 0.215023040771}, "zerocrossingrate": {"dvar": 8.78473219927e-05, "mean": 0.0388989411294, "min": 0.001953125, "median": 0.02880859375, "dvar2": 0.000102141486423, "var": 0.00410352414474, "dmean2": 0.00758405448869, "max": 0.81201171875, "dmean": 0.00624680286273}, "average_loudness": 0.807624876499, "spectral_contrast_coeffs": {"dvar": [0.00205210479908, 0.0017143645091, 0.00101330911275, 0.000647932174616, 0.000460431125248, 0.000346202723449], "mean": [-0.582059979439, -0.691491544247, -0.758572876453, -0.772825360298, -0.773522973061, -0.767459630966], "min": [-0.978784263134, -0.989816188812, -0.976054906845, -0.971286714077, -0.971351087093, -0.964500010014], "median": [-0.591489851475, -0.696159422398, -0.76608735323, -0.778328478336, -0.775706887245, -0.768706142902], "dvar2": [0.00497715687379, 0.00415373686701, 0.0023540884722, 0.0015230551362, 0.0010184138082, 0.000749718514271], "var": [0.0124850887805, 0.00787363294512, 0.00479701487347, 0.00316730956547, 0.00268000271171, 0.00234084599651], "dmean2": [0.082933627069, 0.0776371210814, 0.0598605014384, 0.0491648055613, 0.0377091467381, 0.0303775724024], "max": [-0.229525744915, -0.373885571957, -0.436383247375, -0.513581752777, -0.531005501747, -0.515425801277], "dmean": [0.0517966598272, 0.0492244511843, 0.0379598364234, 0.0309559162706, 0.0244688503444, 0.0200218055397]}, "barkbands_flatness_db": {"dvar": 0.000630582740996, "mean": 0.199300691485, "min": 0.0305021815002, "median": 0.194290161133, "dvar2": 0.00131377147045, "var": 0.00418337062001, "dmean2": 0.0380993969738, "max": 0.53160315752, "dmean": 0.0255848933011}, "silence_rate_30dB": {"dvar": 0.0283089876175, "mean": 0.980584383011, "min": 0, "median": 1, "dvar2": 0.0756608843803, "var": 0.0190381631255, "dmean2": 0.0583170987666, "max": 1, "dmean": 0.0291567165405}, "spectral_energyband_high": {"dvar": 5.61168391755e-08, "mean": 0.000154803667101, "min": 7.17027539163e-21, "median": 4.41392512585e-05, "dvar2": 1.16693072982e-07, "var": 1.0164654185e-07, "dmean2": 0.000135097870952, "max": 0.00476732710376, "dmean": 9.52659320319e-05}, "melbands_flatness_db": {"dvar": 0.000852941942867, "mean": 0.275166451931, "min": 0.00280824839137, "median": 0.273440659046, "dvar2": 0.001726289629, "var": 0.00527423107997, "dmean2": 0.0427186898887, "max": 0.580814480782, "dmean": 0.0288152210414}, "barkbands": {"dvar": [7.39442725717e-07, 9.11662209546e-05, 1.95698976313e-05, 2.92935656034e-05, 3.60843914677e-05, 1.58730854309e-05, 6.46809166938e-06, 4.78716401631e-06, 3.47323111782e-06, 2.61426544057e-06, 6.0608209651e-07, 4.52632662018e-07, 4.955797408e-07, 2.19498247134e-07, 1.58895971936e-07, 3.40312453773e-08, 4.87854947551e-08, 1.50174610525e-08, 1.69527396565e-08, 6.96023993996e-09, 3.28743388067e-09, 6.39753583442e-09, 4.76746553346e-09, 9.75498792855e-10, 5.53824541782e-10, 3.08470388122e-10, 7.19705198216e-11], "mean": [0.000197430126718, 0.00505365245044, 0.00320676388219, 0.00338100432418, 0.00472747953609, 0.00351599673741, 0.00193612929434, 0.0016292516375, 0.00106892280746, 0.000937934441026, 0.000392607616959, 0.000387087988202, 0.000333600444719, 0.000219281457248, 0.000268809788395, 0.000141830023495, 0.000184617034392, 8.75532059581e-05, 8.99001315702e-05, 4.66686360596e-05, 3.39155340043e-05, 3.50279078702e-05, 2.86692120426e-05, 1.60537765623e-05, 1.17295394375e-05, 6.5866965997e-06, 2.47760681304e-06], "min": [1.91649652382e-25, 3.2702670588e-24, 1.461029068e-24, 4.03130084629e-25, 7.59424797201e-24, 7.01454643606e-24, 4.93764448885e-24, 1.24523342608e-23, 2.09430626982e-23, 1.45403962233e-23, 1.2635525118e-23, 2.98352022183e-23, 2.5863823986e-23, 2.99178148878e-23, 4.95304841797e-23, 4.0714701662e-23, 5.47437661352e-23, 9.19763095438e-23, 1.36114743265e-22, 2.03081347458e-22, 2.20052408723e-22, 3.22522133407e-22, 4.00155538055e-22, 5.76253929804e-22, 8.76667964974e-22, 1.37700399123e-21, 1.97358932781e-21], "median": [2.11868359656e-06, 0.00091498461552, 0.00111018307507, 0.00125869945623, 0.00228796806186, 0.00155295443255, 0.000708924373612, 0.000516259693541, 0.000296213547699, 0.000202170485863, 0.000111125053081, 0.00013116071932, 0.000110413006041, 4.76258355775e-05, 8.10307901702e-05, 5.26458752574e-05, 5.98553815507e-05, 3.01242671412e-05, 3.62912323908e-05, 1.61972839123e-05, 8.35239097796e-06, 7.47031845094e-06, 5.82373377256e-06, 2.72287411462e-06, 1.81113625786e-06, 6.12301676028e-07, 2.47288323152e-08], "dvar2": [1.53304483774e-06, 0.000170426879777, 5.14943203598e-05, 6.43522871542e-05, 9.26190477912e-05, 4.08294763474e-05, 1.5048338355e-05, 1.02681187855e-05, 7.61827823226e-06, 5.75463081987e-06, 1.30900195927e-06, 1.10049097657e-06, 1.05823937702e-06, 5.18394813298e-07, 3.93405855448e-07, 8.58867466036e-08, 1.21000482523e-07, 3.731492626e-08, 4.0056331585e-08, 1.58449235954e-08, 7.47203543483e-09, 1.42018521387e-08, 1.00909645084e-08, 2.1352184465e-09, 1.27877608502e-09, 7.52749695909e-10, 1.69856378962e-10], "var": [8.26491543648e-07, 0.000162603566423, 2.93363991659e-05, 4.53251304862e-05, 5.49883479835e-05, 2.79796422546e-05, 1.38673876791e-05, 1.02264657471e-05, 6.66385312798e-06, 6.01468309469e-06, 1.5600454617e-06, 7.79973049703e-07, 9.31610259158e-07, 3.30387848635e-07, 2.76845781855e-07, 6.30919885225e-08, 1.07755653289e-07, 2.75635017033e-08, 2.85774888198e-08, 1.08008793021e-08, 5.49474998834e-09, 9.42077260646e-09, 7.48240047699e-09, 1.49235390712e-09, 8.33627722407e-10, 3.7011579912e-10, 7.75617139959e-11], "dmean2": [0.000318125501508, 0.00503514287993, 0.00334306596778, 0.00365257728845, 0.00450191833079, 0.00337353022769, 0.00189365679398, 0.0014389740536, 0.00101085926872, 0.000890044611879, 0.000383051723475, 0.000415450165747, 0.000332673429511, 0.000245763978455, 0.000270135235041, 0.000139473588206, 0.000171264066012, 8.31023717183e-05, 8.5289189883e-05, 4.45416153525e-05, 3.27276502503e-05, 3.6399167584e-05, 2.91978376481e-05, 1.78712816705e-05, 1.39520279845e-05, 9.18340083444e-06, 3.87486898035e-06], "max": [0.0119563564658, 0.148709267378, 0.0630195736885, 0.0819108858705, 0.0856520459056, 0.0645836368203, 0.0730894431472, 0.0623734928668, 0.0517457313836, 0.0623074173927, 0.037875585258, 0.0200906004757, 0.0301508568227, 0.0171192046255, 0.0116848936304, 0.00458468776196, 0.00520810810849, 0.00318290642463, 0.00336927059107, 0.00395032996312, 0.0014534345828, 0.00220919656567, 0.00178890954703, 0.000727095932234, 0.00043368228944, 0.0003414437233, 0.000284186156932], "dmean": [0.000211774735362, 0.00329899787903, 0.00203920551576, 0.00229980610311, 0.00275681726635, 0.00211228406988, 0.00121548073366, 0.000955605239142, 0.000659410841763, 0.000577026687097, 0.000246658135438, 0.000260084838374, 0.00021531166567, 0.000157806454808, 0.000167661884916, 8.64333487698e-05, 0.000107481217128, 5.20526045875e-05, 5.481693006e-05, 2.90130119538e-05, 2.18145632971e-05, 2.43549020524e-05, 1.98689504032e-05, 1.20215017887e-05, 9.29799625737e-06, 5.99090662945e-06, 2.56439716395e-06]}, "erbbands_spread": {"dvar": 62.5461578369, "mean": 28.9743289948, "min": 0.379957258701, "median": 27.3580207825, "dvar2": 134.793731689, "var": 229.700363159, "dmean2": 9.84238147736, "max": 138.41607666, "dmean": 6.50061559677}, "barkbands_kurtosis": {"dvar": 39.1529693604, "mean": 7.88016843796, "min": -1.91128337383, "median": 5.17854595184, "dvar2": 91.0216674805, "var": 96.9880218506, "dmean2": 6.28564071655, "max": 188.328857422, "dmean": 3.99399995804}, "spectral_flux": {"dvar": 0.00109446526039, "mean": 0.0769685134292, "min": 6.39075251052e-11, "median": 0.0638114660978, "dvar2": 0.00265686353669, "var": 0.00337208458222, "dmean2": 0.0417057201266, "max": 0.35977652669, "dmean": 0.0263971984386}, "silence_rate_20dB": {"dvar": 0, "mean": 1, "min": 1, "median": 1, "dvar2": 0, "var": 0, "dmean2": 0, "max": 1, "dmean": 0}, "gfcc": {"cov": [[21721.1914063, 586.012390137, 347.577484131, 854.123413086, -937.27935791, 777.489624023, -839.165161133, 630.420349121, -254.558609009, 440.244934082, -397.476531982, 221.550521851, -305.037139893], [586.012390137, 1650.1932373, -279.293029785, 30.9075012207, 147.694091797, -253.000244141, 121.54964447, -140.265914917, 35.0660934448, -164.853683472, 91.1875915527, -130.849853516, 65.1994018555], [347.577484131, -279.293029785, 1135.25964355, 296.212005615, 126.034469604, 314.673522949, -23.6190814972, 146.543380737, 20.4011192322, 116.881591797, -38.8724021912, 50.0391273499, -86.6845932007], [854.123413086, 30.9075012207, 296.212005615, 617.640991211, 96.4064331055, 103.225761414, 12.2238035202, -3.43493700027, 50.6329078674, 41.4826583862, -7.03922080994, -18.6044254303, -50.8714485168], [-937.27935791, 147.694091797, 126.034469604, 96.4064331055, 477.829559326, 35.5619049072, 119.774208069, 23.5199203491, 54.4828643799, 39.4971389771, 8.42888450623, -19.0497570038, 65.6772918701], [777.489624023, -253.000244141, 314.673522949, 103.225761414, 35.5619049072, 347.42855835, 25.3021717072, 127.500495911, 21.6126098633, 90.8424758911, -24.8906459808, 39.282333374, -43.9762039185], [-839.165161133, 121.54964447, -23.6190814972, 12.2238035202, 119.774208069, 25.3021717072, 280.236663818, 35.0132713318, 52.4559135437, -20.687959671, 27.0386371613, -12.7521505356, 48.1619377136], [630.420349121, -140.265914917, 146.543380737, -3.43493700027, 23.5199203491, 127.500495911, 35.0132713318, 220.391448975, 23.6897525787, 61.2194366455, -14.6337471008, 34.6060295105, -2.36008882523], [-254.558609009, 35.0660934448, 20.4011192322, 50.6329078674, 54.4828643799, 21.6126098633, 52.4559135437, 23.6897525787, 135.373397827, 36.2644462585, 15.8284339905, 10.7812290192, 13.4060401917], [440.244934082, -164.853683472, 116.881591797, 41.4826583862, 39.4971389771, 90.8424758911, -20.687959671, 61.2194366455, 36.2644462585, 152.969650269, 4.85945701599, 31.0023155212, 11.9512395859], [-397.476531982, 91.1875915527, -38.8724021912, -7.03922080994, 8.42888450623, -24.8906459808, 27.0386371613, -14.6337471008, 15.8284339905, 4.85945701599, 107.896438599, 21.4623126984, 14.3852806091], [221.550521851, -130.849853516, 50.0391273499, -18.6044254303, -19.0497570038, 39.282333374, -12.7521505356, 34.6060295105, 10.7812290192, 31.0023155212, 21.4623126984, 113.021179199, 30.4871883392], [-305.037139893, 65.1994018555, -86.6845932007, -50.8714485168, 65.6772918701, -43.9762039185, 48.1619377136, -2.36008882523, 13.4060401917, 11.9512395859, 14.3852806091, 30.4871883392, 141.882522583]], "mean": [-74.9439315796, 136.137710571, -116.121391296, 17.9735546112, -54.3802375793, -3.04521417618, -35.9847450256, -3.15962553024, -20.4616222382, -6.79038572311, -12.5110654831, -4.96548843384, -12.0643253326], "icov": [[0.000133778085001, -0.000261602137471, 0.000143705736264, -0.000241441608523, 0.000269031064818, -0.000247286719969, 0.000289273681119, -0.000377769640181, 0.00035056163324, -0.000466495606815, 0.000586834736168, -0.000445096375188, 0.00014571333304], [-0.000261602137471, 0.00140773993917, -0.000269335374469, 0.0003631512227, -0.000722413591575, 0.000762073672377, -0.00058431137586, 0.00076816935325, -0.000996479182504, 0.00170917995274, -0.00194253539667, 0.00181933946442, -0.000705740065314], [0.000143705736264, -0.000269335374469, 0.00156116741709, -0.000714856490958, -8.78441351233e-05, -0.0010502350051, 0.000503303366713, -0.00073618767783, 0.000604420376476, -0.000722467375454, 0.00084918102948, -0.00100541301072, 0.000795968051534], [-0.000241441608523, 0.0003631512227, -0.000714856490958, 0.00249662413262, -0.000720563053619, 0.000130343920318, -0.000536211940926, 0.00126721290872, -0.00127201504074, 0.000576042337343, -0.000991071457975, 0.00107930332888, 0.000289722287562], [0.000269031064818, -0.000722413591575, -8.78441351233e-05, -0.000720563053619, 0.00337727251463, -0.000534558843356, -0.00029619797715, -0.000683649792336, 0.000332511786837, -0.00163744366728, 0.00129404838663, -5.64830115763e-05, -0.00105406099465], [-0.000247286719969, 0.000762073672377, -0.0010502350051, 0.000130343920318, -0.000534558843356, 0.00576880248263, -0.00152942433488, -0.000861457025167, -0.000367899046978, -0.000815755804069, -0.000327527610352, -0.000162589363754, 0.00123516540043], [0.000289273681119, -0.00058431137586, 0.000503303366713, -0.000536211940926, -0.00029619797715, -0.00152942433488, 0.00574655551463, -0.00180400570389, -0.000882606720552, 0.00103800278157, -0.000105990089651, 0.000317867292324, -0.001373532461], [-0.000377769640181, 0.00076816935325, -0.00073618767783, 0.00126721290872, -0.000683649792336, -0.000861457025167, -0.00180400570389, 0.0075816353783, -0.00136592064518, -0.000130185493617, -0.000690198561642, 0.000174696266185, -