{"tonal": {"hpcp": {"dvar": [0.0261098146439, 0.0199672635645, 0.0216761920601, 0.0286933984607, 0.037576790899, 0.0397777147591, 0.0400176979601, 0.0326321683824, 0.013346824795, 0.00273407832719, 0.0010805237107, 0.00405312888324, 0.0104032829404, 0.0032988791354, 0.000635169039015, 0.00134995323606, 0.00243574357592, 0.0105971386656, 0.0208508949727, 0.0251429062337, 0.0382347218692, 0.0277256984264, 0.0252669211477, 0.0189884491265, 0.016821231693, 0.0242082532495, 0.0433054864407, 0.0498653799295, 0.0446509160101, 0.0529893636703, 0.0371198281646, 0.0411261729896, 0.0429850444198, 0.0400887019932, 0.0432749465108, 0.0369860716164], "var": [0.0244854800403, 0.0151037769392, 0.0236177034676, 0.04715160653, 0.0441046543419, 0.064113214612, 0.114395536482, 0.0518662557006, 0.0112912580371, 0.00172513234429, 0.000683949445374, 0.0143605172634, 0.044550575316, 0.0111737158149, 0.000419179326855, 0.000891142233741, 0.00156777061056, 0.0247876811773, 0.0768654942513, 0.0357947386801, 0.0849364325404, 0.117527812719, 0.0378654710948, 0.0134889855981, 0.0109191080555, 0.0175921712071, 0.0733448117971, 0.147545427084, 0.0894687473774, 0.0431388430297, 0.0249442793429, 0.0329121463001, 0.0781824439764, 0.12540525198, 0.0748959705234, 0.0392676629126], "median": [0.00127459189389, 0.000821470515803, 0.00762663688511, 0.0170879606158, 0.0192323885858, 0.0871322453022, 0.139464393258, 0.0730310305953, 0.00285426224582, 0.000482438743347, 0.00139940856025, 0.0325784943998, 0.0550110004842, 0.0271913129836, 0.00122825498693, 0.000432394794188, 0.000911662296858, 0.0365678444505, 0.0734110698104, 0.0662217289209, 0.00848991889507, 0.00358693837188, 0.00197094259784, 0.00187204079702, 0.0015359763056, 0.0061313919723, 0.118209756911, 0.212221965194, 0.106024377048, 0.00257345964201, 0.000605740817264, 0.00116222084034, 0.0143991662189, 0.0261565633118, 0.0145627707243, 0.00240300735459], "max": [1, 1, 1, 1, 1, 1, 1, 1, 1, 1, 0.881976366043, 1, 1, 1, 1, 1, 1, 1, 1, 1, 1, 1, 1, 1, 1, 1, 1, 1, 1, 1, 1, 1, 1, 1, 1, 1], "dmean": [0.0537699274719, 0.0443537309766, 0.0552796013653, 0.0750131979585, 0.102904066443, 0.137229144573, 0.140351802111, 0.116726689041, 0.0494246408343, 0.0156122017652, 0.00829135347158, 0.0358719564974, 0.0576447509229, 0.0330417454243, 0.00603440543637, 0.00670021167025, 0.0156713556498, 0.0585201233625, 0.0873519331217, 0.102848634124, 0.102320276201, 0.0744589194655, 0.0705511793494, 0.0480041541159, 0.0433907844126, 0.0719715133309, 0.153440445662, 0.155676841736, 0.152197435498, 0.121692925692, 0.084955573082, 0.0917943939567, 0.109919168055, 0.103482328355, 0.109423451126, 0.0814471468329], "dmean2": [0.0986774116755, 0.0824642404914, 0.0976070836186, 0.133363500237, 0.182566478848, 0.236604094505, 0.232281371951, 0.20178078115, 0.0891424119473, 0.0288031268865, 0.0150780892, 0.0576340444386, 0.0872407332063, 0.0504233688116, 0.0111099807546, 0.012704288587, 0.0296906773001, 0.0985747203231, 0.141014203429, 0.178717911243, 0.185639113188, 0.131209462881, 0.125627741218, 0.0904831662774, 0.0826349407434, 0.132584661245, 0.263796061277, 0.266656607389, 0.26359218359, 0.224869027734, 0.161352097988, 0.17033714056, 0.191788896918, 0.178101375699, 0.191062808037, 0.147677272558], "mean": [0.0424023196101, 0.0309104435146, 0.0568858832121, 0.0972362980247, 0.107626207173, 0.199778959155, 0.291379272938, 0.174009621143, 0.0393059439957, 0.0106128100306, 0.00692980736494, 0.075586900115, 0.13529676199, 0.067652925849, 0.00513714132831, 0.00465051317587, 0.0103374188766, 0.106103956699, 0.198879435658, 0.147502586246, 0.167481407523, 0.196088775992, 0.0956401228905, 0.033992741257, 0.0283872988075, 0.0536504164338, 0.238195553422, 0.389155566692, 0.250701993704, 0.0891778022051, 0.0524142868817, 0.0675767585635, 0.163895010948, 0.231802374125, 0.158046916127, 0.0734532475471], "dvar2": [0.0731002688408, 0.0566036999226, 0.0587714612484, 0.0774810910225, 0.103623814881, 0.111862890422, 0.100007764995, 0.0903899371624, 0.0368346571922, 0.00775808421895, 0.00323052448221, 0.010039483197, 0.0227520130575, 0.00749936327338, 0.00185985071585, 0.00387030490674, 0.00708150584251, 0.0291123185307, 0.0483843125403, 0.0750854983926, 0.11680971086, 0.0767327398062, 0.0754152238369, 0.0581368356943, 0.051270544529, 0.0737187936902, 0.128805756569, 0.1256429106, 0.127491369843, 0.166539773345, 0.111348927021, 0.123063258827, 0.120112814009, 0.104260921478, 0.122445717454, 0.104496799409], "min": [0, 0, 0, 0, 0, 0, 0, 0, 0, 0, 0, 0, 0, 0, 0, 0, 0, 0, 0, 0, 0, 0, 0, 0, 0, 0, 0, 0, 0, 0, 0, 0, 0, 0, 0, 0]}, "key_key": "B", "thpcp": [1, 0.644220471382, 0.229157209396, 0.134687229991, 0.173649728298, 0.421155512333, 0.595654785633, 0.406127870083, 0.188750341535, 0.108959816396, 0.0794295296073, 0.146177738905, 0.249864846468, 0.276563465595, 0.513365268707, 0.748747527599, 0.447146683931, 0.101003162563, 0.0272713825107, 0.0178072936833, 0.194233119488, 0.34766754508, 0.17384545505, 0.0132007393986, 0.0119502674788, 0.026563718915, 0.272651791573, 0.511053800583, 0.379032433033, 0.43037134409, 0.50388276577, 0.245763212442, 0.0873500034213, 0.0729458928108, 0.13786368072, 0.612083137035], "chords_key": "B", "tuning_equal_tempered_deviation": 0.00803099386394, "tuning_frequency": 441.017791748, "tuning_diatonic_strength": 0.569841265678, "chords_histogram": [30.4868526459, 1.96129477024, 26.425409317, 0.112817846239, 2.81176781654, 0, 1.53605830669, 0, 0.0260348860174, 0, 0.0520697720349, 0, 0.347131818533, 0.303740352392, 0, 0.0173565912992, 0, 1.03271722794, 0, 5.80577993393, 1.53605830669, 18.6236228943, 0.746333420277, 8.17495441437], "key_strength": 0.856816768646, "key_scale": "major", "chords_strength": {"dvar": 0.000186819059309, "var": 0.0131930960342, "median": 0.484260380268, "max": 0.746095538139, "dmean": 0.00552783440799, "dmean2": 0.00475678266957, "mean": 0.480949908495, "dvar2": 0.000370701309294, "min": -1}, "chords_number_rate": 0.000867829541676, "tuning_nontempered_energy_ratio": 0.595738470554, "hpcp_entropy": {"dvar": 0.144915938377, "var": 0.329079777002, "median": 1.80854463577, "max": 3.72918868065, "dmean": 0.387066364288, "dmean2": 0.650085926056, "mean": 1.78454720974, "dvar2": 0.39109107852, "min": 0}, "chords_changes_rate": 0.0349735319614, "chords_scale": "major"}, "rhythm": {"bpm_histogram_first_peak_spread": {"dvar": 0, "var": 0, "median": 0.601379334927, "max": 0.601379334927, "dmean": 0, "dmean2": 0, "mean": 0.601379334927, "dvar2": 0, "min": 0.601379334927}, "bpm_histogram_first_peak_weight": {"dvar": 0, "var": 0, "median": 0.290160655975, "max": 0.290160655975, "dmean": 0, "dmean2": 0, "mean": 0.290160655975, "dvar2": 0, "min": 0.290160655975}, "bpm_histogram_first_peak_bpm": {"dvar": 0, "var": 0, "median": 112, "max": 112, "dmean": 0, "dmean2": 0, "mean": 112, "dvar2": 0, "min": 112}, "bpm": 111.51272583, "bpm_histogram_second_peak_weight": {"dvar": 0, "var": 0, "median": 0.0622489973903, "max": 0.0622489973903, "dmean": 0, "dmean2": 0, "mean": 0.0622489973903, "dvar2": 0, "min": 0.0622489973903}, "beats_loudness": {"dvar": 0.0015834053047, "var": 0.00180310092401, "median": 0.0430133379996, "max": 0.480846166611, "dmean": 0.0282101258636, "dmean2": 0.0487666428089, "mean": 0.0480873174965, "dvar2": 0.00465395255014, "min": 0}, "beats_loudness_band_ratio": {"dvar": [0.0227570664138, 0.0194207057357, 0.00519902724773, 0.00108894787263, 0.000218670174945, 0.000142591510667], "var": [0.0473858527839, 0.0404957085848, 0.00885478314012, 0.00100971234497, 0.000182411822607, 9.61201876635e-05], "median": [0.662743806839, 0.311613023281, 0.0500349923968, 0.0120882140473, 0.006629914511, 0.000368729699403], "max": [0.995367288589, 0.966392874718, 0.795573055744, 0.536180794239, 0.133787617087, 0.221861049533], "dmean": [0.170148432255, 0.161239519715, 0.0571411773562, 0.0177317522466, 0.00900888536125, 0.00263972836547], "dmean2": [0.292651832104, 0.280121982098, 0.0993370339274, 0.0315406359732, 0.0162910781801, 0.00463250791654], "mean": [0.635021448135, 0.333489716053, 0.07795856148, 0.021786428988, 0.0105174509808, 0.00194509967696], "dvar2": [0.0591696128249, 0.0530912429094, 0.0130799943581, 0.00304684531875, 0.00063134933589, 0.00035378272878], "min": [0, 0, 0, 0, 0, 0]}, "bpm_histogram_second_peak_bpm": {"dvar": 0, "var": 0, "median": 105, "max": 105, "dmean": 0, "dmean2": 0, "mean": 105, "dvar2": 0, "min": 105}, "onset_rate": 1.9081236124, "beats_count": 997, "beats_position": [0.592108845711, 1.18421769142, 1.77632653713, 2.36843538284, 2.97215414047, 3.5758728981, 4.1679816246, 4.77170038223, 5.3754196167, 5.9675283432, 6.5596370697, 7.1517457962, 7.75546455383, 8.33596324921, 8.92807197571, 9.53179073334, 10.1355104446, 10.7276191711, 11.3197278976, 11.9350566864, 12.538775444, 13.1541042328, 13.7346029282, 14.3034915924, 14.90721035, 15.4993190765, 16.0914287567, 16.6603164673, 17.2524261475, 17.8561439514, 18.4714736938, 19.0751914978, 19.6440811157, 20.2013607025, 20.7702484131, 21.339138031, 21.8964176178, 22.4420852661, 22.9761447906, 23.4985942841, 24.0674819946, 24.6363716125, 25.3097496033, 26.0063495636, 26.6913375854, 27.2602272034, 27.8407249451, 28.4212245941, 29.0017223358, 29.5822219849, 30.1627197266, 30.7316093445, 31.3004989624, 31.869386673, 32.4614944458, 33.053604126, 33.6341018677, 34.2378234863, 34.8415412903, 35.4452590942, 36.0605888367, 36.6643066406, 37.244808197, 37.8253059387, 38.4058036804, 38.9863014221, 39.5668029785, 40.1705207825, 40.7510185242, 41.3315200806, 41.9120178223, 42.492515564, 43.0730133057, 43.6535148621, 44.2340126038, 44.8029022217, 45.3717918396, 45.929069519, 46.5095672607, 47.0900688171, 47.6821746826, 48.2742843628, 48.866394043, 49.4236717224, 49.9925613403, 50.5498390198, 51.1071205139, 51.6643981934, 52.1984558105, 52.7325172424, 53.2665748596, 53.8238525391, 54.3811340332, 54.9500198364, 55.5189094543, 56.0994110107, 56.6799087524, 57.2487983704, 57.8176841736, 58.3865737915, 58.9554634094, 59.5243530273, 60.0932426453, 60.673740387, 61.2426300049, 61.8115196228, 62.4036254883, 62.9957351685, 63.5762329102, 64.1567306519, 64.7372360229, 65.3177337646, 65.8982315063, 66.4903411865, 67.0708389282, 67.6397247314, 68.2086181641, 68.7775039673, 69.3347854614, 69.9036712646, 70.4725646973, 71.053062439, 71.6567764282, 72.2604980469, 72.8526077271, 73.4563217163, 74.060043335, 74.5824966431, 75.1049423218, 75.638999939, 76.1614532471, 76.6838989258, 77.2063446045, 77.7171859741, 78.2280273438, 78.738861084, 79.2729263306, 79.8069839478, 80.3294296265, 80.8402709961, 81.3511123657, 81.9199981689, 82.4772796631, 83.0345535278, 83.5802230835, 84.1258926392, 84.6715621948, 85.2172317505, 85.7512893677, 86.2853469849, 86.8194122314, 87.3534698486, 87.9107437134, 88.4680252075, 89.0253067017, 89.5825805664, 90.151473999, 90.7784118652, 91.393737793, 92.0206756592, 92.5779571533, 93.1352386475, 93.6925125122, 94.2497940063, 94.8070755005, 95.3643493652, 95.9100189209, 96.467300415, 97.0361862183, 97.5934677124, 98.1507492065, 98.7080230713, 99.2653045654, 99.8109741211, 100.356643677, 100.913917542, 101.471199036, 102.02848053, 102.597366333, 103.177864075, 103.746757507, 104.327255249, 104.896141052, 105.465034485, 106.033920288, 106.602806091, 107.160087585, 107.728981018, 108.286254883, 108.855148315, 109.424034119, 109.992919922, 110.561813354, 111.130699158, 111.687980652, 112.222038269, 112.779319763, 113.324989319, 113.847434998, 114.381492615, 114.903945923, 115.426391602, 115.972061157, 116.517730713, 117.063400269, 117.620681763, 118.166343689, 118.712013245, 119.2576828, 119.803352356, 120.337409973, 120.87147522, 121.417137146, 121.97441864, 122.543312073, 123.112197876, 123.66947937, 124.226753235, 124.784034729, 125.329704285, 125.87537384, 126.421043396, 126.966712952, 127.500770569, 128.023223877, 128.557281494, 129.10295105, 129.660217285, 130.229110718, 130.844436646, 131.448165894, 132.051879883, 132.620773315, 133.189651489, 133.746932983, 134.315826416, 134.87310791, 135.441986084, 135.999267578, 136.556549072, 137.125442505, 137.694335938, 138.263214111, 138.832107544, 139.401000977, 139.981491089, 140.56199646, 141.154098511, 141.734603882, 142.315093994, 142.930435181, 143.53414917, 144.149475098, 144.776412964, 145.391738892, 145.983856201, 146.575958252, 147.156463623, 147.736953735, 148.305847168, 148.851516724, 149.408798218, 149.966079712, 150.523345947, 151.080627441, 151.626296997, 152.171966553, 152.70602417, 153.251693726, 153.785751343, 154.331420898, 154.900314331, 155.457595825, 156.014877319, 156.572158813, 157.129425049, 157.686706543, 158.243988037, 158.801269531, 159.207611084, 159.613967896, 160.020309448, 160.438278198, 160.774963379, 161.100036621, 161.425125122, 161.750198364, 162.075286865, 162.400360107, 162.72543335, 163.050521851, 163.387207031, 163.700683594, 164.025756836, 164.350830078, 164.675918579, 165.000991821, 165.314468384, 165.627929688, 165.94140625, 166.266479492, 166.614776611, 166.96307373, 167.29977417, 167.648071289, 168.019592285, 168.379501343, 168.751022339, 169.122543335, 169.482452393, 169.85395813, 170.237091064, 170.608612061, 170.968521118, 171.340042114, 171.71156311, 172.083084106, 172.512649536, 172.942214966, 173.371795654, 173.801361084, 174.230926514, 174.660491943, 175.090057373, 175.519638062, 175.949203491, 176.378768921, 176.808334351, 177.237915039, 177.667480469, 178.097045898, 178.619491577, 179.141952515, 179.676010132, 180.186843872, 180.697677612, 181.208526611, 181.719360352, 182.218597412, 182.717819214, 183.205444336, 183.693054199, 184.19229126, 184.691513062, 185.202362061, 185.713195801, 186.235641479, 186.758087158, 187.268936157, 187.779769897, 188.313827515, 188.824661255, 189.335510254, 189.846343994, 190.345581055, 190.844802856, 191.344039917, 191.854873657, 192.365707397, 192.864944458, 193.375778198, 193.886611938, 194.409072876, 194.919906616, 195.442352295, 195.953201294, 196.464035034, 196.974868774, 197.508926392, 198.03137207, 198.553833008, 199.064666748, 199.575500488, 200.097961426, 200.620407104, 201.142852783, 201.665298462, 202.176147461, 202.686981201, 203.20942688, 203.731872559, 204.265930176, 204.788391113, 205.299224854, 205.810058594, 206.332519531, 206.85496521, 207.389022827, 207.923080444, 208.445526123, 208.956375122, 209.467208862, 209.989654541, 210.523712158, 211.046157837, 211.568618774, 212.091064453, 212.601898193, 213.124343872, 213.64680481, 214.192474365, 214.738143921, 215.272201538, 215.806259155, 216.351928711, 216.897598267, 217.443267822, 217.988937378, 218.522994995, 219.057052612, 219.602722168, 220.148391724, 220.682449341, 221.216506958, 221.738952637, 222.273010254, 222.807067871, 223.352737427, 223.898406982, 224.444076538, 225.001358032, 225.558639526, 226.081085205, 226.603530884, 227.125976562, 227.6484375, 228.170883179, 228.693328857, 229.215774536, 229.749832153, 230.283889771, 230.829559326, 231.375228882, 231.920898438, 232.466567993, 233.012237549, 233.557907104, 234.10357666, 234.649246216, 235.183303833, 235.71736145, 236.251419067, 236.785476685, 237.319549561, 237.841995239, 238.376052856, 238.910110474, 239.432556152, 239.955001831, 240.489059448, 241.011520386, 241.533966064, 242.056411743, 242.59046936, 243.124526978, 243.646972656, 244.181045532, 244.715103149, 245.260772705, 245.806442261, 246.340499878, 246.862945557, 247.385391235, 247.907836914, 248.430297852, 248.95274353, 249.475189209, 250.020858765, 250.56652832, 251.100585938, 251.646255493, 252.191925049, 252.737594604, 253.28326416, 253.817321777, 254.351379395, 254.885437012, 255.419494629, 255.953552246, 256.487609863, 257.02166748, 257.555725098, 258.101409912, 258.647064209, 259.181121826, 259.715179443, 260.249237061, 260.794921875, 261.328979492, 261.874633789, 262.420318604, 262.9659729, 263.511657715, 264.057312012, 264.602996826, 265.148651123, 265.694335938, 266.239990234, 266.774047852, 267.308105469, 267.853790283, 268.3878479, 268.921905518, 269.467559814, 270.001617432, 270.535675049, 271.069732666, 271.603790283, 272.137878418, 272.671936035, 273.205993652, 273.728424072, 274.262481689, 274.796539307, 275.319000244, 275.853057861, 276.387115479, 276.932769775, 277.47845459, 278.024108887, 278.569793701, 279.115447998, 279.637908936, 280.171966553, 280.70602417, 281.240081787, 281.774139404, 282.308197021, 282.842254639, 283.376312256, 283.910369873, 284.44442749, 284.978485107, 285.500946045, 286.023406982, 286.545837402, 287.06829834, 287.59072876, 288.113189697, 288.635650635, 289.158081055, 289.680541992, 290.20300293, 290.72543335, 291.247894287, 291.770324707, 292.292785645, 292.803619385, 293.326080322, 293.848510742, 294.394195557, 294.939849854, 295.485534668, 296.031188965, 296.588470459, 297.134155273, 297.67980957, 298.225494385, 298.759552002, 299.281982422, 299.816040039, 300.350097656, 300.884155273, 301.418212891, 301.952270508, 302.486358643, 303.02041626, 303.554473877, 304.100128174, 304.634185791, 305.156646729, 305.690704346, 306.224761963, 306.75881958, 307.292877197, 307.826934814, 308.372589111, 308.918273926, 309.452331543, 309.98638916, 310.520446777, 311.042907715, 311.565338135, 312.099395752, 312.633453369, 313.167510986, 313.713195801, 314.247253418, 314.781311035, 315.326965332, 315.84942627, 316.371887207, 316.905944824, 317.440002441, 317.962432861, 318.484893799, 319.007354736, 319.541412354, 320.08706665, 320.621124268, 321.155181885, 321.700866699, 322.246520996, 322.780578613, 323.31463623, 323.848693848, 324.382751465, 324.916809082, 325.450866699, 325.996551514, 326.530609131, 327.076263428, 327.610321045, 328.144378662, 328.678466797, 329.224121094, 329.769775391, 330.327056885, 330.861114502, 331.406799316, 331.952453613, 332.498138428, 333.032196045, 333.577850342, 334.111907959, 334.657592773, 335.20324707, 335.737304688, 336.259765625, 336.793823242, 337.339508057, 337.873565674, 338.407623291, 338.941680908, 339.487335205, 340.021392822, 340.567077637, 341.101135254, 341.646789551, 342.192474365, 342.738128662, 343.283813477, 343.829467773, 344.375152588, 344.909210205, 345.443267822, 345.977325439, 346.522979736, 347.057037354, 347.602722168, 348.148376465, 348.694061279, 349.239715576, 349.785400391, 350.319458008, 350.853515625, 351.387573242, 351.921630859, 352.455688477, 352.989746094, 353.523803711, 354.057861328, 354.591918945, 355.125976562, 355.66003418, 356.194091797, 356.716552734, 357.238983154, 357.761444092, 358.295501709, 358.841186523, 359.375244141, 359.920898438, 360.466583252, 361.012237549, 361.546295166, 362.09197998, 362.637634277, 363.183319092, 363.728973389, 364.286254883, 364.83190918, 365.377593994, 365.911651611, 366.445709229, 366.991363525, 367.53704834, 368.071105957, 368.616760254, 369.162445068, 369.696502686, 370.218963623, 370.741394043, 371.26385498, 371.797912598, 372.343566895, 372.877624512, 373.423309326, 373.957366943, 374.50302124, 375.048706055, 375.582763672, 376.116821289, 376.650878906, 377.184936523, 377.73059082, 378.276275635, 378.810333252, 379.344390869, 379.878448486, 380.424133301, 380.969787598, 381.515472412, 382.049530029, 382.583587646, 383.106018066, 383.651702881, 384.185760498, 384.731414795, 385.265472412, 385.799530029, 386.333587646, 386.867645264, 387.401702881, 387.924163818, 388.458221436, 388.980682373, 389.51473999, 390.048797607, 390.582855225, 391.116912842, 391.650970459, 392.185028076, 392.719085693, 393.253143311, 393.775604248, 394.298034668, 394.820495605, 395.342926025, 395.87701416, 396.411071777, 396.945129395, 397.479187012, 398.024841309, 398.570526123, 399.10458374, 399.62701416, 400.149475098, 400.683532715, 401.217590332, 401.751647949, 402.285705566, 402.819763184, 403.353820801, 403.899505615, 404.445159912, 404.979217529, 405.524902344, 406.070556641, 406.616241455, 407.173492432, 407.719177246, 408.264831543, 408.78729248, 409.321350098, 409.855407715, 410.389465332, 410.923522949, 411.457580566, 411.991638184, 412.525695801, 413.059753418, 413.593811035, 414.13949585, 414.685150146, 415.230834961, 415.776489258, 416.322174072, 416.867828369, 417.413513184, 417.95916748, 418.504852295, 419.050506592, 419.596191406, 420.141845703, 420.687530518, 421.233184814, 421.778869629, 422.336151123, 422.88180542, 423.439086914, 423.984741211, 424.530426025, 425.064483643, 425.59854126, 426.132598877, 426.678283691, 427.223937988, 427.757995605, 428.292053223, 428.82611084, 429.360168457, 429.905853271, 430.451507568, 430.997192383, 431.53125, 432.076904297, 432.622589111, 433.168243408, 433.713928223, 434.25958252, 434.793640137, 435.327697754, 435.884979248, 436.442260742, 436.987915039, 437.545196533, 438.090881348, 438.636535645, 439.182220459, 439.727874756, 440.261932373, 440.807617188, 441.341674805, 441.875732422, 442.409790039, 442.932250977, 443.454681396, 443.988739014, 444.534423828, 445.068481445, 445.602539062, 446.13659668, 446.670654297, 447.216308594, 447.750366211, 448.296051025, 448.841705322, 449.387390137, 449.944671631, 450.490325928, 451.036010742, 451.581665039, 452.115722656, 452.661407471, 453.207061768, 453.729522705, 454.251953125, 454.797637939, 455.343292236, 455.877349854, 456.399810791, 456.933868408, 457.479553223, 458.01361084, 458.547668457, 459.081726074, 459.604156494, 460.138214111, 460.660675049, 461.183135986, 461.717193604, 462.251251221, 462.785308838, 463.307739258, 463.841796875, 464.375854492, 464.909912109, 465.443969727, 465.966430664, 466.488891602, 467.022949219, 467.557006836, 468.091064453, 468.62512207, 469.159179688, 469.704833984, 470.238891602, 470.772949219, 471.295410156, 471.829467773, 472.375152588, 472.920806885, 473.466491699, 474.012145996, 474.546203613, 475.08026123, 475.614318848, 476.148376465, 476.670837402, 477.20489502, 477.750549316, 478.296234131, 478.841888428, 479.375946045, 479.910003662, 480.444061279, 480.978118896, 481.512176514, 482.057861328, 482.603515625, 483.149200439, 483.694854736, 484.240539551, 484.786193848, 485.320251465, 485.865936279, 486.411590576, 486.96887207, 487.502929688, 488.036987305, 488.571044922, 489.105102539, 489.639160156, 490.173248291, 490.707305908, 491.241363525, 491.775421143, 492.321075439, 492.866760254, 493.400817871, 493.934875488, 494.468933105, 495.002990723, 495.53704834, 496.071105957, 496.605163574, 497.139221191, 497.673278809, 498.218933105, 498.76461792, 499.310272217, 499.855957031, 500.401611328, 500.947296143, 501.48135376, 502.027008057, 502.561065674, 503.095123291, 503.629211426, 504.174865723, 504.732147217, 505.266204834, 505.800262451, 506.345916748, 506.891601562, 507.448883057, 508.006164551, 508.551818848, 509.097503662, 509.643157959, 510.177215576, 510.722900391, 511.280181885, 511.837463379, 512.394714355, 512.975219727, 513.555725098, 514.136230469, 514.693481445, 515.250793457, 515.808044434, 516.365356445, 516.922607422, 517.468261719, 518.013977051, 518.559631348, 519.082092285, 519.616149902, 520.126953125, 520.649414062, 521.171875, 521.694335938, 522.216796875, 522.750854492, 523.284912109, 523.818969727, 524.353027344, 524.875427246, 525.397888184, 525.920349121, 526.442810059, 526.965270996, 527.487670898, 528.010131836, 528.520996094, 529.031799316, 529.554260254, 530.065124512, 530.529541016, 530.993896484, 531.458312988, 532.02722168, 532.596069336, 533.153381348, 533.722229004, 534.291137695], "danceability": 0.970009505749, "bpm_histogram_second_peak_spread": {"dvar": 0, "var": 0, "median": 0.523076951504, "max": 0.523076951504, "dmean": 0, "dmean2": 0, "mean": 0.523076951504, "dvar2": 0, "min": 0.523076951504}}, "lowlevel": {"spectral_flux": {"dvar": 0.000669581233524, "var": 0.00244264560752, "median": 0.0707887783647, "max": 0.638755977154, "dmean": 0.0207088347524, "dmean2": 0.0334483347833, "mean": 0.072331301868, "dvar2": 0.00180683133658, "min": 6.5255148507e-11}, "spectral_rolloff": {"dvar": 43199.3984375, "var": 1123168.375, "median": 322.998046875, "max": 20413.4765625, "dmean": 76.0988693237, "dmean2": 136.649032593, "mean": 410.741821289, "dvar2": 97685.671875, "min": 107.666015625}, "barkbands_flatness_db": {"dvar": 0.000474409636809, "var": 0.00373618490994, "median": 0.300296664238, "max": 0.54990118742, "dmean": 0.0231076683849, "dmean2": 0.0397916436195, "mean": 0.304808437824, "dvar2": 0.00139509805012, "min": 0.0521132834256}, "spectral_centroid": {"dvar": 16356.4589844, "var": 249491.015625, "median": 341.123535156, "max": 11914.7138672, "dmean": 58.7976493835, "dmean2": 101.085289001, "mean": 391.489990234, "dvar2": 37985.9882812, "min": 115.529396057}, "melbands_skewness": {"dvar": 0.360152900219, "var": 1.75886762142, "median": 2.8542137146, "max": 10.9717388153, "dmean": 0.615900754929, "dmean2": 1.0488922596, "mean": 2.94366765022, "dvar2": 1.03822791576, "min": -1.22776591778}, "melbands": {"dvar": [4.92232743454e-07, 1.87884761544e-05, 6.41770702714e-06, 3.40889891959e-06, 1.33130538416e-06, 3.88327606515e-07, 1.5117755936e-08, 2.02301055907e-08, 1.01705248667e-08, 1.0503118375e-09, 8.54024684305e-10, 1.42601361275e-10, 2.76595052418e-10, 2.36483166383e-09, 4.68215466398e-10, 1.17987314363e-10, 1.92228316598e-10, 1.86850201978e-10, 7.63559548922e-10, 2.91751449388e-11, 5.24443995176e-11, 4.96191282506e-11, 2.37860842134e-11, 8.46412523403e-11, 5.78045987812e-12, 2.91136559305e-12, 1.70526787135e-11, 9.09969907585e-13, 1.04212259211e-13, 5.29571707124e-14, 2.89249825263e-14, 7.43768382386e-14, 4.01686232291e-14, 2.07162507092e-14, 4.12272721116e-14, 3.23486219365e-14, 2.84082293246e-15, 4.2982907137e-15, 1.99135709482e-15, 2.0514070721e-15], "var": [1.64790401413e-06, 3.57705212082e-05, 1.5596866433e-05, 7.69192411099e-06, 4.06906337957e-06, 1.28888154904e-06, 8.87659226123e-08, 9.21439848867e-08, 6.10970332104e-08, 6.20927842476e-09, 6.91762203076e-09, 1.37419442492e-09, 1.54341139869e-09, 8.6857250281e-09, 1.26650989696e-09, 2.93302965249e-10, 4.82688722325e-10, 4.5274883842e-10, 1.03331665446e-09, 7.90683629681e-11, 1.26000793133e-10, 1.952450146e-10, 3.57340025625e-11, 6.72278899216e-11, 9.15484875408e-12, 3.82502579957e-12, 2.79438121947e-11, 1.29075244416e-12, 4.00874483348e-13, 1.28810726191e-13, 7.92266981729e-14, 1.65950667921e-13, 1.12015912767e-13, 1.1458470281e-14, 3.40513174027e-14, 2.27976478299e-14, 5.95030862216e-15, 2.99001148073e-15, 2.27524230467e-15, 1.20355303228e-15], "median": [0.00039414485218, 0.00251492881216, 0.00208832044154, 0.00122842122801, 0.00059328757925, 0.000382951227948, 0.000101072444522, 0.000111414839921, 6.2490311393e-05, 2.73313744401e-05, 2.12088125409e-05, 6.07888068771e-06, 8.1309080997e-06, 1.01924633782e-05, 5.47032232134e-06, 2.27168129641e-06, 2.82197242996e-06, 4.09919721278e-06, 2.81927850665e-06, 1.5169374592e-06, 1.22371443467e-06, 5.47164745512e-07, 9.1121000878e-07, 6.54513087284e-07, 1.80854016207e-07, 6.70177016104e-08, 1.54288130716e-07, 5.76946845854e-08, 1.65746882885e-08, 1.54643391426e-08, 5.33030197758e-09, 1.72841274626e-09, 1.03779573823e-09, 8.93050744466e-10, 9.52091072648e-10, 9.70396318856e-10, 6.76932565558e-10, 5.78378345217e-10, 5.47516865179e-10, 4.70151306775e-10], "max": [0.0153634548187, 0.120131410658, 0.0533770136535, 0.0457564480603, 0.0759346708655, 0.0361416079104, 0.0135789625347, 0.00326376641169, 0.00309951161034, 0.000881662650499, 0.000912434828933, 0.000636465440039, 0.000782738032285, 0.000869572104421, 0.000617979269009, 0.000602961343247, 0.000873869401403, 0.00100728450343, 0.0027351595927, 0.000220065194299, 0.000235923813307, 0.000393239053665, 0.000426848389907, 0.000822431524284, 0.000226213101996, 0.000164457203937, 0.000217470151256, 5.46660266991e-05, 2.72991546808e-05, 1.69702943822e-05, 1.56329624588e-05, 2.22681792366e-05, 1.89266156667e-05, 1.51983904288e-05, 1.66475438164e-05, 9.75773036771e-06, 4.53986785942e-06, 6.0492279772e-06, 3.56117448064e-06, 4.26860242442e-06], "dmean": [0.000426892715041, 0.00281392061152, 0.00169661280233, 0.00107162108179, 0.000440019386588, 0.00026458746288, 5.64434631087e-05, 9.22640392673e-05, 5.74859332119e-05, 1.896244612e-05, 1.69817540154e-05, 5.8116938817e-06, 8.82877338881e-06, 2.57896754192e-05, 1.09372986117e-05, 3.85079965781e-06, 4.57311944047e-06, 5.49800461158e-06, 6.44101010039e-06, 2.16281432586e-06, 3.01861427943e-06, 2.38697498389e-06, 1.0504978718e-06, 1.03387424133e-06, 2.73072402024e-07, 1.57602727313e-07, 4.75614456263e-07, 1.33261380597e-07, 4.92772826988e-08, 3.44741053482e-08, 2.00181329291e-08, 2.64387303162e-08, 1.58602606604e-08, 5.51303136476e-09, 1.38813271988e-08, 9.54990309054e-09, 4.98883290234e-09, 4.14975520613e-09, 3.82378884112e-09, 2.05996664171e-09], "dmean2": [0.000706993567292, 0.00491962162778, 0.0029942241963, 0.00186964136083, 0.000716898357496, 0.000412937049987, 8.6187159468e-05, 0.000138919276651, 7.52082924009e-05, 2.74631784123e-05, 2.22815087909e-05, 7.28628356228e-06, 1.17637755466e-05, 3.43309911841e-05, 1.58518614626e-05, 5.22216714671e-06, 6.19572938376e-06, 8.09643188404e-06, 9.15500550036e-06, 3.33511206918e-06, 4.69803171654e-06, 3.70206043954e-06, 1.65175299571e-06, 1.61350646977e-06, 4.13073422578e-07, 2.36503325368e-07, 7.4478168699e-07, 2.1198903255e-07, 7.80695472713e-08, 4.96130461158e-08, 2.82710619359e-08, 3.72402055859e-08, 2.21057803174e-08, 9.43912414897e-09, 2.26848566598e-08, 1.66079523467e-08, 7.47425765724e-09, 6.67236177421e-09, 5.90894533303e-09, 3.55467233426e-09], "mean": [0.000879164552316, 0.00460679177195, 0.00333386007696, 0.00213684258051, 0.00115556304809, 0.000735084235203, 0.000166578771314, 0.000226541334996, 0.000160850540851, 5.66017697565e-05, 5.57784696866e-05, 2.18520344788e-05, 2.5547669793e-05, 5.23654452991e-05, 1.94450840354e-05, 8.11278732726e-06, 1.04532418845e-05, 1.10763712655e-05, 1.26531203932e-05, 4.75951537737e-06, 5.07142704009e-06, 4.85309283249e-06, 2.87942134491e-06, 2.29112083616e-06, 6.48215802812e-07, 4.47772663392e-07, 1.0108249171e-06, 2.71667516927e-07, 9.98137963393e-08, 7.63871241816e-08, 4.46725678671e-08, 5.03268005048e-08, 3.00934743791e-08, 6.55263932003e-09, 1.89181292853e-08, 1.11204450093e-08, 8.85328077516e-09, 5.85644910345e-09, 5.80019632324e-09, 2.46340836618e-09], "dvar2": [1.25835185827e-06, 5.45032344235e-05, 2.00670638151e-05, 9.62345166045e-06, 2.98326744996e-06, 9.66711468209e-07, 3.29256160114e-08, 4.36077165489e-08, 1.67892153513e-08, 2.2311137382e-09, 1.48172507597e-09, 2.03797340115e-10, 4.96725549581e-10, 4.47157777472e-09, 9.46582923156e-10, 2.41518582911e-10, 4.00992405947e-10, 3.937944415e-10, 1.91959492746e-09, 6.76592323834e-11, 1.18190318643e-10, 1.12759482307e-10, 6.72795708034e-11, 2.42692865804e-10, 1.41842267098e-11, 8.19070072183e-12, 4.56745405386e-11, 2.39285089139e-12, 2.23480901753e-13, 1.04029367857e-13, 5.30451571069e-14, 1.63299752952e-13, 8.41802484924e-14, 6.09977292201e-14, 1.15968378563e-13, 8.95137710157e-14, 6.33358256046e-15, 1.22441755018e-14, 5.10800889501e-15, 5.98474389959e-15], "min": [1.60190986352e-24, 3.39171377288e-24, 2.98962841127e-24, 2.3054795221e-24, 1.2738584076e-24, 1.57287642955e-24, 2.41576385437e-24, 2.65053635394e-24, 1.82587891299e-24, 2.70748994193e-24, 2.550491239e-24, 1.96213885715e-24, 3.39677747104e-24, 3.07095563186e-24, 2.54231252635e-24, 3.17402583115e-24, 2.79910923354e-24, 3.83978321718e-24, 3.60731853018e-24, 5.27489041444e-24, 3.46728704204e-24, 4.45994266794e-24, 3.94083866572e-24, 3.34741883863e-24, 3.98500895995e-24, 4.2759629499e-24, 5.21050595394e-24, 5.30667717018e-24, 4.20010095766e-24, 3.20703689902e-24, 6.13300068536e-24, 5.77546131298e-24, 5.97350642096e-24, 5.87447834495e-24, 4.83023239913e-24, 6.56057788992e-24, 5.03580481787e-24, 6.20867768972e-24, 6.04260038107e-24, 6.52693533889e-24]}, "spectral_decrease": {"dvar": 2.28283220957e-17, "var": 7.52557274598e-17, "median": -8.76948202944e-09, "max": 1.64658981525e-28, "dmean": 3.47898221342e-09, "dmean2": 6.02230842972e-09, "mean": -1.00200905351e-08, "dvar2": 6.30919372905e-17, "min": -1.23300338828e-07}, "barkbands_kurtosis": {"dvar": 52.10597229, "var": 172.352645874, "median": 8.24365997314, "max": 234.446899414, "dmean": 4.79455518723, "dmean2": 8.21637439728, "mean": 12.0796604156, "dvar2": 155.791534424, "min": -1.82425379753}, "silence_rate_30dB": {"dvar": 0.0232974831015, "var": 0.029948009178, "median": 1, "max": 1, "dmean": 0.0238673835993, "dmean2": 0.04773683846, "mean": 0.969103932381, "dvar2": 0.0567480958998, "min": 0}, "gfcc": {"mean": [-131.114562988, 194.79598999, -85.0472869873, 5.29622459412, -22.0670204163, -18.2357597351, -30.0268497467, -6.90166664124, -19.5330905914, -9.35507202148, -12.2516040802, -13.9647445679, -10.0331726074], "cov": [[10582.8154297, 2356.25024414, -2686.19848633, 155.823181152, 722.686950684, -467.713806152, -46.7519035339, -273.750274658, -187.568756104, -424.437133789, 55.3265380859, -74.5623626709, 294.838409424], [2356.25024414, 1193.57092285, -629.04284668, -241.897216797, 404.000335693, -280.756896973, -3.80468511581, -101.098495483, -23.1375541687, -132.422210693, 10.7426929474, -37.2827987671, 108.497924805], [-2686.19848633, -629.04284668, 1543.06567383, 81.5810928345, -357.565582275, 348.926330566, 55.5695075989, 100.403686523, 85.5333251953, 131.984481812, -40.6781806946, -37.8135261536, -176.289779663], [155.823181152, -241.897216797, 81.5810928345, 278.852081299, -31.5718460083, 74.4378814697, 38.6461334229, 10.2657461166, -3.23327183723, -8.49722385406, 5.48562145233, -0.842510104179, -6.8697924614], [722.686950684, 404.000335693, -357.565582275, -31.5718460083, 318.317047119, -101.956062317, 14.4763832092, -36.5403556824, -17.2582740784, -58.116809845, 17.017288208, 1.702647686, 61.3055458069], [-467.713806152, -280.756896973, 348.926330566, 74.4378814697, -101.956062317, 260.290710449, 58.6216468811, 22.5086040497, 18.3525066376, 29.6055641174, -2.66348433495, 0.592311382294, -60.6226844788], [-46.7519035339, -3.80468511581, 55.5695075989, 38.6461334229, 14.4763832092, 58.6216468811, 118.312683105, 38.0166511536, 2.0324473381, -0.0133023289964, -2.5851893425, -4.19726085663, -6.79566955566], [-273.750274658, -101.098495483, 100.403686523, 10.2657461166, -36.5403556824, 22.5086040497, 38.0166511536, 99.3442306519, 39.9196243286, 16.8938407898, -9.30546283722, 0.125459641218, -23.6269989014], [-187.568756104, -23.1375541687, 85.5333251953, -3.23327183723, -17.2582740784, 18.3525066376, 2.0324473381, 39.9196243286, 83.3007278442, 31.4786758423, -11.5467710495, -2.41661524773, -7.14065217972], [-424.437133789, -132.422210693, 131.984481812, -8.49722385406, -58.116809845, 29.6055641174, -0.0133023289964, 16.8938407898, 31.4786758423, 98.0452575684, 21.779882431, 0.208453714848, -19.1052188873], [55.3265380859, 10.7426929474, -40.6781806946, 5.48562145233, 17.017288208, -2.66348433495, -2.5851893425, -9.30546283722, -11.5467710495, 21.779882431, 73.458770752, 36.9760437012, 7.4120631218], [-74.5623626709, -37.2827987671, -37.8135261536, -0.842510104179, 1.702647686, 0.592311382294, -4.19726085663, 0.125459641218, -2.41661524773, 0.208453714848, 36.9760437012, 82.9236221313, 36.102191925], [294.838409424, 108.497924805, -176.289779663, -6.8697924614, 61.3055458069, -60.6226844788, -6.79566955566, -23.6269989014, -7.14065217972, -19.1052188873, 7.4120631218, 36.102191925, 91.6469268799]], "icov": [[0.00108468660619, -0.00373184168711, 0.00189224933274, -0.00362696452066, 0.00254336185753, -0.00286478432827, 0.00239237560891, -0.00214647478424, 0.00209639500827, -0.00131050357595, 0.000995300593786, -0.00026747607626, 0.000239166576648], [-0.00373184168711, 0.0160346534103, -0.00661216955632, 0.0148711297661, -0.0108282966539, 0.0116827515885, -0.0103550348431, 0.0101073589176, -0.010011702776, 0.00823098700494, -0.00622890191153, 0.00386112974957, -0.00185366498772], [0.00189224933274, -0.00661216955632, 0.0045857205987, -0.00642895326018, 0.00517089245841, -0.00610215542838, 0.00422285217792, -0.00402245111763, 0.00337135721929, -0.00319825066254, 0.00249018683098, -0.000770929909777, 0.00155836634804], [-0.00362696452066, 0.0148711297661, -0.00642895326018, 0.0180257093161, -0.00956615805626, 0.00983703322709, -0.0104202385992, 0.00903715379536, -0.00912961643189, 0.00831756275147, -0.00668558618054, 0.00405398290604, -0.00252290186472], [0.00254336185753, -0.0108282966539, 0.00517089245841, -0.00956615805626, 0.0125843305141, -0.00711185950786, 0.00495094526559, -0.00531351240352, 0.00488779321313, -0.00286196661182, 0.00156177184545, -0.000669843226206, -0.000336850760505], [-0.00286478432827, 0.0116827515885, -0.00610215542838, 0.00983703322709, -0.00711185950786, 0.0159711558372, -0.0110965268686, 0.00977330934256, -0.00845859199762, 0.00572471087798, -0.00378818670288, -0.00011990157509, 0.00229162327014], [0.00239237560891, -0.0103550348431, 0.00422285217792, -0.0104202385992, 0.00495094526559, -0.0110965268686, 0.0193837732077, -0.0130036156625, 0.00968264788389, -0.00593305518851, 0.00407045008615, -0.000702964200173, -0.0011974190129], [-0.00214647478424, 0.0101073589176, -0.00402245111763, 0.00903715379536, -0.00531351240352, 0.00977330934256, -0.0130036156625, 0.0236574113369, -0.0143061252311, 0.00632618367672, -0.00286200037226, -0.000543001748156, 0.0036830950994], [0.00209639500827, -0.010011702776, 0.00337135721929, -0.00912961643189, 0.00488779321313, -0.00845859199762, 0.00968264788389, -0.0143061252311, 0.0252734664828, -0.0121136754751, 0.00897421594709, -0.00358874024823, -0.000794299587142], [-0.00131050357595, 0.00823098700494, -0.00319825066254, 0.00831756275147, -0.00286196661182, 0.00572471087798, -0.00593305518851, 0.00632618367672, -0.0121136754751, 0.0225205719471, -0.0131702534854, 0.00728532765061, -0.00221853959374], [0.000995300593786, -0.00622890191153, 0.00249018683098, -0.00668558618054, 0.00156177184545, -0.00378818670288, 0.00407045008615, -0.00286200037226, 0.00897421594709, -0.0131702534854, 0.0272764954716, -0.0152052072808, 0.00621198117733], [-0.00026747607626, 0.00386112974957, -0.000770929909777, 0.00405398290604, -0.000669843226206, -0.00011990157509, -0.000702964200173, -0.000543001748156, -0.00358874024823, 0.00728532765061, -0.0152052072808, 0.0251762345433, -0.0121617075056], [0.000239166576648, -0.00185366498772, 0.00155836634804, -0.00252290186472, -0.000336850760505, 0.00229162327014, -0.0011974190129, 0.0036830950994, -0.000794299587142, -0.00221853959374, 0.00621198117733, -0.0121617075056, 0.0215110015124]]}, "silence_rate_20dB": {"dvar": 0.000260254950263, "var": 0.000260243657976, "median": 1, "max": 1, "dmean": 0.000260371452896, "dmean2": 0.000520765548572, "mean": 0.999739646912, "dvar2": 0.000520316709299, "min": 0}, "barkbands_skewness": {"dvar": 0.29725921154, "var": 1.33702397346, "median": 2.18364191055, "max": 11.1927194595, "dmean": 0.531022310257, "dmean2": 0.908982157707, "mean": 2.30509114265, "dvar2": 0.891894519329, "min": -2.34337353706}, "erbbands_skewness": {"dvar": 0.0925887748599, "var": 0.750585973263, "median": 0.987083554268, "max": 8.02375125885, "dmean": 0.306405603886, "dmean2": 0.498703479767, "mean": 1.12932646275, "dvar2": 0.257916301489, "min": -2.86254000664}, "spectral_contrast_valleys": {"dvar": [0.11353610456, 0.061099100858, 0.0569260194898, 0.0543670319021, 0.0580981224775, 0.0543854795396], "var": [1.95248472691, 1.95293164253, 2.03380441666, 2.04383111, 1.25030708313, 0.582883358002], "median": [-6.90404176712, -6.60994005203, -8.08752822876, -8.65823364258, -9.6107006073, -12.9597301483], "max": [-4.78648328781, -5.08574295044, -6.2737455368, -6.72703027725, -7.04429578781, -9.27666187286], "dmean": [0.389003574848, 0.27417960763, 0.260207384825, 0.231651201844, 0.212344452739, 0.170878618956], "dmean2": [0.668301284313, 0.461691766977, 0.431673943996, 0.378655105829, 0.343717098236, 0.284272193909], "mean": [-7.17326831818, -6.93255472183, -8.48246383667, -9.20225524902, -9.89829730988, -12.9778270721], "dvar2": [0.310474455357, 0.158717811108, 0.138148888946, 0.123731277883, 0.12892819941, 0.130666211247], "min": [-27.9849681854, -27.8595924377, -27.7692604065, -27.6560077667, -27.5766162872, -27.3