{"metadata": {"audio_properties": {"downmix": "mix", "bit_rate": 0, "lossless": true, "md5_encoded": "723c92094352d789e9e02585e898169d", "analysis_sample_rate": 44100, "sample_rate": 44100, "replay_gain": -11.1808834076, "equal_loudness": 0, "codec": "flac", "length": 307.133331299}, "tags": {"releasestatus": ["official"], "musicbrainz_albumid": ["0ed317af-6715-4ec9-bfaa-24523a4eeb55"], "musicbrainz_recordingid": ["4c8f16ae-d369-4119-9b96-700688043b61"], "tracknumber": ["1"], "artist": ["Horslips"], "acoustid_id": ["d820fae1-65b4-45c4-9fc3-9adfc1bea80a"], "barcode": ["5391513560958"], "originaldate": ["1974"], "musicbrainz_releasegroupid": ["d0a084ff-7c2d-393a-9243-8f6eb53d9442"], "asin": ["B0035Q4TVM"], "releasetype": ["album"], "media": ["CD"], "musicbrainz_albumartistid": ["cdec5425-518d-4311-925b-ffbce165f4a0"], "file_name": "01 Nighttown Boy.flac", "musicbrainz_workid": ["f7e964dd-74c9-4a0c-a2c8-0e7b592429d4"], "musicbrainz_artistid": ["cdec5425-518d-4311-925b-ffbce165f4a0"], "albumartistsort": ["Horslips"], "musicbrainz_releasetrackid": ["1ceea46c-8733-4484-aa5d-0a435dc493a3"], "script": ["Latn"], "releasecountry": ["DE"], "work": ["Nighttown Boy"], "album": ["Dancehall Sweethearts"], "date": ["2012-01-06"], "title": ["Nighttown Boy"], "discnumber": ["1"], "artistsort": ["Horslips"], "disctotal": ["1"], "genre": ["Folk-Rock"], "originalyear": ["1974"], "tracktotal": ["13"], "albumartist": ["Horslips"]}, "version": {"essentia_build_sha": "2d9f1f26377add8aeb1075a9c2973f962c4f09fd", "essentia_git_sha": "v2.1_beta2-1-ge3940c0", "extractor": "music 1.0", "essentia": "2.1-beta2"}}, "tonal": {"chords_scale": "minor", "hpcp": {"dmean": [0.146462231874, 0.144872382283, 0.0867130234838, 0.074052542448, 0.0820945948362, 0.0924362242222, 0.102544590831, 0.104137383401, 0.103433743119, 0.0979863777757, 0.0831053480506, 0.064950838685, 0.0701990798116, 0.0697515979409, 0.0917979329824, 0.124409675598, 0.122027471662, 0.0753039866686, 0.0514527522027, 0.0577984750271, 0.0965617224574, 0.136550679803, 0.137744635344, 0.0835043787956, 0.0630894601345, 0.060572039336, 0.0683702006936, 0.0894353315234, 0.113484360278, 0.134803235531, 0.146686628461, 0.135325998068, 0.10598038137, 0.0960223823786, 0.10474088788, 0.128965452313], "dvar2": [0.121832661331, 0.110412351787, 0.0695356056094, 0.0746365264058, 0.0798385366797, 0.088509708643, 0.0843212082982, 0.089369431138, 0.0993976965547, 0.0953862071037, 0.0685046687722, 0.0620400905609, 0.0663666054606, 0.063492231071, 0.0842561200261, 0.105503380299, 0.0973119214177, 0.0630536973476, 0.0484411418438, 0.0544997602701, 0.0719994977117, 0.109735615551, 0.0961253046989, 0.0669078230858, 0.0715303272009, 0.0752803534269, 0.0738474950194, 0.0984067767859, 0.12634305656, 0.142837494612, 0.153279587626, 0.139233738184, 0.113718263805, 0.0980937853456, 0.110269390047, 0.110277101398], "mean": [0.269804984331, 0.216247841716, 0.0878661647439, 0.0808736011386, 0.0833860561252, 0.0878378450871, 0.118854135275, 0.113304898143, 0.128242269158, 0.165610015392, 0.111664354801, 0.0622072070837, 0.0709123834968, 0.0663828924298, 0.098247282207, 0.208559334278, 0.196503266692, 0.0811293199658, 0.042430575937, 0.0471246577799, 0.12631046772, 0.262843668461, 0.227678403258, 0.090152412653, 0.0557882040739, 0.0553553849459, 0.0636267662048, 0.093650251627, 0.107956662774, 0.136206179857, 0.181852251291, 0.148885771632, 0.0954457968473, 0.0973467454314, 0.0982441976666, 0.151097640395], "var": [0.129176989198, 0.0838781297207, 0.0230674557388, 0.0391416363418, 0.0370789952576, 0.0315649993718, 0.0412645824254, 0.0389268584549, 0.049163877964, 0.0932132080197, 0.0412385948002, 0.0191474799067, 0.0255504380912, 0.0214716102928, 0.0316882543266, 0.0985267013311, 0.090749181807, 0.0231011398137, 0.0133636472747, 0.0163770522922, 0.0436159819365, 0.120369173586, 0.0900208577514, 0.0255325715989, 0.0216107610613, 0.0252276435494, 0.0226208623499, 0.0423090308905, 0.0474635362625, 0.0562908947468, 0.0882299691439, 0.0656444057822, 0.0357158668339, 0.0422119461, 0.0433029159904, 0.0500611774623], "dmean2": [0.246573507786, 0.242656156421, 0.152615457773, 0.134803846478, 0.14577434957, 0.16282774508, 0.177397206426, 0.182120606303, 0.181639790535, 0.169267311692, 0.141511559486, 0.116120539606, 0.123476721346, 0.122287891805, 0.161491081119, 0.210818648338, 0.204944893718, 0.131682559848, 0.0934592559934, 0.10334084183, 0.165005922318, 0.227693617344, 0.230322688818, 0.145439296961, 0.1152420789, 0.11150547117, 0.12308678031, 0.158096656203, 0.204009518027, 0.24084469676, 0.25616273284, 0.237202480435, 0.187941819429, 0.168349266052, 0.18595866859, 0.22443331778], "dvar": [0.0557728484273, 0.0440946780145, 0.0251027997583, 0.0272833816707, 0.0295064859092, 0.0329930186272, 0.0323009751737, 0.0332889743149, 0.0363701693714, 0.0401125960052, 0.0262423772365, 0.0225797276944, 0.0251395441592, 0.0235505867749, 0.0302354805171, 0.0434205494821, 0.0413307063282, 0.0225814376026, 0.0172912310809, 0.020166227594, 0.0274351872504, 0.0470833852887, 0.0402664393187, 0.0245035551488, 0.0253502335399, 0.026450432837, 0.026213562116, 0.0366165675223, 0.0459079742432, 0.0528318807483, 0.0606588348746, 0.0532293654978, 0.0414197482169, 0.038495849818, 0.0430323258042, 0.0412685647607], "min": [0, 0, 0, 0, 0, 0, 0, 0, 0, 0, 0, 0, 0, 0, 0, 0, 0, 0, 0, 0, 0, 0, 0, 0, 0, 0, 0, 0, 0, 0, 0, 0, 0, 0, 0, 0], "median": [0.0740534737706, 0.0654040649533, 0.0269817113876, 0.010560576804, 0.00993917882442, 0.0199261624366, 0.0325743742287, 0.0305547174066, 0.0254295654595, 0.0181637257338, 0.0139925489202, 0.0128031615168, 0.0119660887867, 0.0126116182655, 0.0225966591388, 0.0394720137119, 0.0373193956912, 0.0204211119562, 0.00667711254209, 0.00710001634434, 0.0295812208205, 0.0722465962172, 0.0692135095596, 0.0249268822372, 0.00603459542617, 0.0048359897919, 0.00794600788504, 0.0126591948792, 0.0180719140917, 0.0282986685634, 0.0335254743695, 0.0271095708013, 0.0212322529405, 0.0171190742403, 0.01780186221, 0.041678532958], "max": [1, 1, 1, 1, 1, 1, 1, 1, 1, 1, 1, 1, 1, 1, 1, 1, 1, 1, 1, 1, 1, 1, 1, 1, 1, 1, 1, 1, 1, 1, 1, 1, 1, 1, 1, 1]}, "tuning_equal_tempered_deviation": 0.133153915405, "chords_key": "A", "chords_strength": {"dmean": 0.0120185287669, "dvar2": 0.00119577185251, "mean": 0.522044599056, "var": 0.0262492019683, "dmean2": 0.0113687608391, "dvar": 0.000655352836475, "min": -1, "median": 0.530380606651, "max": 0.822486758232}, "tuning_diatonic_strength": 0.53187417984, "thpcp": [1, 0.801496863365, 0.325665473938, 0.299748361111, 0.309060484171, 0.325560510159, 0.440518677235, 0.419951081276, 0.475314676762, 0.613813757896, 0.413870602846, 0.230563595891, 0.262828290462, 0.246040269732, 0.364141821861, 0.773000299931, 0.72831594944, 0.30069616437, 0.157263875008, 0.174661919475, 0.46815469861, 0.974198698997, 0.843862831593, 0.334139168262, 0.206772327423, 0.205168128014, 0.235825017095, 0.347103476524, 0.400128483772, 0.504831969738, 0.674013674259, 0.55182737112, 0.353758454323, 0.360804110765, 0.364130407572, 0.560025393963], "chords_histogram": [27.3469390869, 11.3076343536, 3.71882081032, 14.8752832413, 1.43613004684, 12.3960695267, 0.166288733482, 18.3673477173, 0.45351472497, 2.22222232819, 0.151171579957, 0, 0.015117158182, 0.0302343163639, 0, 0, 0, 0, 0.347694635391, 0, 1.73847317696, 4.05139827728, 1.25472414494, 0.120937265456], "tuning_nontempered_energy_ratio": 0.831271529198, "tuning_frequency": 443.828887939, "key_strength": 0.619756102562, "chords_changes_rate": 0.0669690072536, "key_scale": "minor", "hpcp_entropy": {"dmean": 0.592877030373, "dvar2": 0.688319146633, "mean": 1.9176248312, "var": 0.507374167442, "dmean2": 0.997144460678, "dvar": 0.25620675087, "min": 0, "median": 1.95697450638, "max": 4.1449546814}, "key_key": "A", "chords_number_rate": 0.00166288740002}, "lowlevel": {"melbands_skewness": {"dmean": 15.9958000183, "dvar2": 2597982.25, "mean": 45.4353370667, "var": 3918312.5, "dmean2": 30.5967674255, "dvar": 1301870.625, "min": -3.56873631477, "median": 2.61826086044, "max": 95403.1171875}, "melbands_kurtosis": {"dmean": 3612426.75, "dvar2": 144430833812000000, "mean": 9955601, "var": 218563756048000000, "dmean2": 6944283, "dvar": 72640730337600000, "min": -1.85014867783, "median": 8.89301109314, "max": 22784374784}, "barkbands_kurtosis": {"dmean": 5.49255418777, "dvar2": 437.754394531, "mean": 9.3100938797, "var": 995.010742188, "dmean2": 8.70553874969, "dvar": 191.949401855, "min": -1.98114848137, "median": 2.44836974144, "max": 992.150390625}, "hfc": {"dmean": 5.35481977463, "dvar2": 111.440658569, "mean": 20.7742214203, "var": 212.537612915, "dmean2": 7.88562631607, "dvar": 56.088973999, "min": 1.08555934426e-16, "median": 17.2380714417, "max": 136.38458252}, "silence_rate_20dB": {"dmean": 0, "dvar2": 0, "mean": 1, "var": 0, "dmean2": 0, "dvar": 0, "min": 1, "median": 1, "max": 1}, "erbbands_flatness_db": {"dmean": 0.0183597039431, "dvar2": 0.000699316267855, "mean": 0.195004418492, "var": 0.00371758500114, "dmean2": 0.0253468248993, "dvar": 0.000398220174247, "min": 0.0159067045897, "median": 0.187131032348, "max": 0.451951175928}, "spectral_flux": {"dmean": 0.0313231609762, "dvar2": 0.00433098664507, "mean": 0.0855059251189, "var": 0.00395831884816, "dmean2": 0.0485380105674, "dvar": 0.00192287855316, "min": 6.4052603499e-11, "median": 0.0684308633208, "max": 0.447744488716}, "spectral_energyband_low": {"dmean": 0.0106520401314, "dvar2": 0.00174892821815, "mean": 0.0220700874925, "var": 0.00103645992931, "dmean2": 0.0173378009349, "dvar": 0.000636894372292, "min": 2.00996694163e-23, "median": 0.00795490667224, "max": 0.270861387253}, "spectral_rolloff": {"dmean": 477.570404053, "dvar2": 2352994.25, "mean": 1681.12585449, "var": 7093143.5, "dmean2": 792.260253906, "dvar": 1031403.125, "min": 21.533203125, "median": 882.861328125, "max": 21770.0683594}, "spectral_entropy": {"dmean": 0.18168720603, "dvar2": 0.0935069844127, "mean": 7.28465461731, "var": 0.395968794823, "dmean2": 0.263480216265, "dvar": 0.045081526041, "min": 3.30053758621, "median": 7.32265329361, "max": 9.82257270813}, "spectral_energy": {"dmean": 0.0137247489765, "dvar2": 0.0017297064187, "mean": 0.0381887070835, "var": 0.00116271479055, "dmean2": 0.0220413785428, "dvar": 0.000653611379676, "min": 9.87282470244e-21, "median": 0.0270941741765, "max": 0.279973983765}, "spectral_centroid": {"dmean": 262.850158691, "dvar2": 236055.125, "mean": 1441.70727539, "var": 1356066, "dmean2": 393.042236328, "dvar": 112924.0625, "min": 130.231719971, "median": 1236.34521484, "max": 11580.0810547}, "barkbands_flatness_db": {"dmean": 0.0261735189706, "dvar2": 0.00235405843705, "mean": 0.184395641088, "var": 0.00680871680379, "dmean2": 0.0387822687626, "dvar": 0.00104818900581, "min": 0.0318439677358, "median": 0.17409875989, "max": 1}, "spectral_rms": {"dmean": 0.000954361807089, "dvar2": 4.73134196e-06, "mean": 0.00554542103782, "var": 6.50541096547e-06, "dmean2": 0.00146100507118, "dvar": 2.00896556635e-06, "min": 3.10355018594e-12, "median": 0.00514133647084, "max": 0.0165271088481}, "melbands": {"dmean": [0.000962116173469, 0.00278581120074, 0.00131961051375, 0.000823077745736, 0.000251506688073, 0.000128555329866, 0.000120429780509, 0.000105384926428, 0.000110092092655, 9.44381099544e-05, 6.01566862315e-05, 5.68005671084e-05, 3.86648680433e-05, 2.11165024666e-05, 2.29829420277e-05, 1.85851113201e-05, 1.80325023393e-05, 2.42635851464e-05, 1.76144530997e-05, 1.52581242219e-05, 1.79755043064e-05, 1.55679408635e-05, 2.12165869016e-05, 1.14105441753e-05, 9.18004934647e-06, 1.06312954813e-05, 7.07025583324e-06, 4.11212295148e-06, 2.08264305002e-06, 1.98649740923e-06, 1.5379270053e-06, 1.90682044376e-06, 2.84520660898e-06, 2.69974043476e-06, 1.50083167227e-06, 1.08985636871e-06, 1.10139239951e-06, 1.29025647766e-06, 9.39090909924e-07, 3.00431310052e-07], "dvar2": [2.37423046201e-05, 0.00014341690985, 1.61398838827e-05, 1.48692060975e-05, 7.34601087515e-07, 2.87373097763e-07, 2.92407236202e-07, 2.38157085164e-07, 1.31367727363e-07, 9.19344032013e-08, 5.47166187914e-08, 2.78366325546e-08, 1.65578040168e-08, 5.46026113213e-09, 1.20177254814e-08, 1.45272318619e-08, 6.12726180904e-09, 1.09018172267e-08, 3.70353769874e-09, 3.32967742267e-09, 4.56808013638e-09, 2.08048400729e-09, 6.05930638997e-09, 1.56050328215e-09, 8.05404964943e-10, 1.18145238037e-09, 5.15170517357e-10, 1.99929794942e-10, 5.50173413771e-11, 7.15788886496e-11, 5.74330340231e-11, 6.45269948585e-11, 1.41445147261e-10, 1.40806477589e-10, 4.61251731254e-11, 3.77353287506e-11, 2.61217956987e-11, 4.70371276651e-11, 2.60368948624e-11, 2.71737385198e-12], "mean": [0.00119256158359, 0.00513909477741, 0.00323867145926, 0.00102514994796, 0.000377740972908, 0.000194720894797, 0.000181229726877, 0.000175362671143, 0.000217557375436, 0.000179958631634, 0.000107960950118, 0.000105214225187, 6.72707683407e-05, 3.60499070666e-05, 3.90085078834e-05, 3.00627943943e-05, 3.1413124816e-05, 4.37856106146e-05, 3.10882678605e-05, 2.66168390226e-05, 3.29828217218e-05, 2.81529264612e-05, 3.40681217494e-05, 2.07639714063e-05, 1.72171548911e-05, 2.11767564906e-05, 1.42263061207e-05, 8.14257145976e-06, 4.44013858214e-06, 3.86976444133e-06, 2.67819564215e-06, 2.89479635285e-06, 3.88905164073e-06, 3.66539507013e-06, 2.16145303966e-06, 1.71942588167e-06, 1.78580933152e-06, 1.92567267732e-06, 1.34379138217e-06, 4.50901694649e-07], "var": [8.77016918821e-06, 7.28673985577e-05, 2.18044660869e-05, 6.0283714447e-06, 4.27333645803e-07, 1.68959260805e-07, 2.25684502198e-07, 1.42065573527e-07, 1.02963070958e-07, 9.21168421542e-08, 6.75709657116e-08, 2.99631608414e-08, 1.2987333875e-08, 4.4318335668e-09, 9.90254012123e-09, 9.46763822895e-09, 6.03882366335e-09, 1.0142141349e-08, 3.17873682931e-09, 2.46203146759e-09, 3.72827946293e-09, 1.78784675953e-09, 4.82362860765e-09, 1.68045688476e-09, 6.19952922332e-10, 1.13590881146e-09, 5.54923718088e-10, 2.13805390059e-10, 6.71689995291e-11, 7.15437847854e-11, 4.19857239253e-11, 4.05130200221e-11, 8.73808456148e-11, 7.61608345834e-11, 2.98060465198e-11, 2.63506438891e-11, 2.51235022369e-11, 3.70248276482e-11, 1.82294301182e-11, 2.30445805667e-12], "dmean2": [0.00166499929037, 0.00455399509519, 0.00208620098419, 0.00134454038925, 0.000406596052926, 0.000207776902243, 0.000186959980056, 0.000165166246006, 0.0001663119765, 0.00014084923896, 9.30526584852e-05, 8.62714223331e-05, 6.14208111074e-05, 3.36229713866e-05, 3.70061352442e-05, 3.08339986077e-05, 2.89103427349e-05, 3.91650901292e-05, 2.85423138848e-05, 2.46698655246e-05, 2.90717653115e-05, 2.51620695053e-05, 3.38899189956e-05, 1.84215132322e-05, 1.4792562979e-05, 1.69901632034e-05, 1.12529396574e-05, 6.60067189528e-06, 3.31778824147e-06, 3.19125001624e-06, 2.45651449404e-06, 2.97254518955e-06, 4.37626567873e-06, 4.2187211875e-06, 2.31664535022e-06, 1.65091466897e-06, 1.63494325989e-06, 1.92363836504e-06, 1.40675410876e-06, 4.43717624421e-07], "dvar": [8.52898210724e-06, 5.24240349478e-05, 6.6104717007e-06, 6.04349679634e-06, 2.96450934911e-07, 1.17561619106e-07, 1.26478795437e-07, 9.73766276502e-08, 5.5695551282e-08, 4.14866931919e-08, 2.39006805458e-08, 1.20317844576e-08, 6.42056852129e-09, 2.3209327793e-09, 4.63883065294e-09, 5.22010834558e-09, 2.4119017894e-09, 4.08311340294e-09, 1.42645939505e-09, 1.28478561123e-09, 1.76087178172e-09, 8.07009958859e-10, 2.45731790471e-09, 6.1544630503e-10, 3.29706845159e-10, 4.84340845208e-10, 2.12159984025e-10, 8.27298715644e-11, 2.20242244581e-11, 2.81876119668e-11, 2.03751755051e-11, 2.67565882645e-11, 6.07682237863e-11, 5.7447557128e-11, 1.9299879403e-11, 1.54414658143e-11, 1.22540736239e-11, 2.09861364397e-11, 1.16550753423e-11, 1.30990801973e-12], "min": [7.78155076661e-25, 1.17580605392e-24, 2.18279370475e-24, 1.06794766614e-24, 1.08594059732e-24, 1.78833347264e-24, 1.12618630855e-24, 1.70693466292e-24, 2.21469287317e-24, 1.85289621571e-24, 1.88347423933e-24, 2.52132862906e-24, 2.14987335588e-24, 2.95097481856e-24, 2.97151557324e-24, 2.89673096778e-24, 3.12699986044e-24, 2.86889048871e-24, 2.32116227411e-24, 2.73899783535e-24, 3.66818388219e-24, 3.60672372906e-24, 3.62287920597e-24, 3.83681157815e-24, 3.98051679153e-24, 3.68661246179e-24, 4.24005557922e-24, 3.79717881184e-24, 5.84802823323e-24, 5.59758777278e-24, 4.81459165396e-24, 4.26242688563e-24, 3.98826971651e-24, 4.83878601793e-24, 5.1708858094e-24, 5.34953046114e-24, 5.38882046738e-24, 4.9370804533e-24, 5.1800819554e-24, 6.66268370676e-24], "median": [0.000356538366759, 0.00132663198747, 0.00108212872874, 0.000307003094349, 0.000156609225087, 7.77463646955e-05, 4.01305587729e-05, 7.75297230575e-05, 0.000112475659989, 7.73917199695e-05, 3.37324672728e-05, 5.01683171024e-05, 3.10537179757e-05, 1.3958197087e-05, 1.27995535877e-05, 7.4306726674e-06, 5.87665317653e-06, 8.8194374257e-06, 9.41912912822e-06, 9.63867660175e-06, 1.15991333587e-05, 1.33593212013e-05, 1.32276718432e-05, 7.94846164354e-06, 9.35581283557e-06, 1.06911656985e-05, 6.23769392405e-06, 2.85003534373e-06, 1.09367965706e-06, 7.0748762937e-07, 6.13554789197e-07, 4.79283414734e-07, 5.10567872425e-07, 3.86429150012e-07, 2.42314769139e-07, 1.63100850159e-07, 1.70324483406e-07, 1.68810259993e-07, 1.14255932715e-07, 4.57033415557e-08], "max": [0.0350403934717, 0.0805252194405, 0.0452532283962, 0.0279211811721, 0.00992996338755, 0.00980175193399, 0.00842030718923, 0.0139835197479, 0.00502031715587, 0.00472497940063, 0.00398909114301, 0.00311106257141, 0.00188071408775, 0.00153467513155, 0.00228561926633, 0.00249508814886, 0.00135740020778, 0.00218517682515, 0.000618000922259, 0.00083624292165, 0.00160963565577, 0.000550365424715, 0.00141251541208, 0.000452869513538, 0.000388196582207, 0.000621550483629, 0.00044115979108, 0.000258951011347, 0.000109813729068, 0.000116447983601, 0.000209903228097, 0.000183066920727, 0.000134245346999, 0.00021118595032, 9.84138387139e-05, 0.000218183296965, 0.000120237571537, 0.00022954888118, 0.000117729745398, 7.79314286774e-05]}, "barkbands_crest": {"dmean": 2.4627327919, "dvar2": 15.6710739136, "mean": 11.7693996429, "var": 26.1617450714, "dmean2": 3.85593986511, "dvar": 6.62949466705, "min": 2.54616641998, "median": 11.0013160706, "max": 26.9169921875}, "mfcc": {"icov": [[0.000133683875902, 3.42740859196e-05, 6.53592214803e-05, -7.0640751801e-05, -0.000109226057248, -4.6220364311e-05, 0.000290903873974, -0.000157776579726, 0.000231640267884, -0.000150447332999, 8.10827114037e-05, -5.59387535759e-06, -1.55746638484e-05], [3.42740859196e-05, 0.000610249408055, 0.000257221574429, -0.000369728833903, -5.49864598725e-05, 0.000252130645094, -0.000556994054932, -3.52731985913e-05, 0.000183785537956, -7.74639556766e-05, -1.10135006253e-05, 0.00048549065832, -3.98379306716e-05], [6.53592214803e-05, 0.000257221574429, 0.00114270194899, -2.12930171983e-05, -0.000899137812667, 7.23420307622e-05, 0.000300055020489, -0.000988217070699, 0.000756034220103, -8.47423507366e-05, 0.000245673116297, 0.000292629847536, 0.000456664187368], [-7.0640751801e-05, -0.000369728833903, -2.12930171983e-05, 0.0025206389837, -0.000358316348866, 0.000103243182821, -0.000704364734702, 7.80308546382e-05, -0.00134389149025, 0.000893711054232, 0.000126333383378, 0.000108735599497, 7.32468470233e-05], [-0.000109226057248, -5.49864598725e-05, -0.000899137812667, -0.000358316348866, 0.00495186913759, -0.00180664320942, 0.000107453932287, 0.00149900384713, -0.000191138809896, -0.00107789167669, 0.000199864880415, 0.000178358255653, -0.000963340920862], [-4.6220364311e-05, 0.000252130645094, 7.23420307622e-05, 0.000103243182821, -0.00180664320942, 0.00400571292266, -0.00120337074623, 0.000132550892886, -7.5928051956e-05, 0.000610843824688, -0.000412951398175, -0.000661030877382, 0.00126567902043], [0.000290903873974, -0.000556994054932, 0.000300055020489, -0.000704364734702, 0.000107453932287, -0.00120337074623, 0.00652664713562, -0.00238867499866, 0.000452862586826, -0.00138655211776, 0.00105192896444, -0.00154231744818, 0.000122498808196], [-0.000157776579726, -3.52731985913e-05, -0.000988217070699, 7.80308546382e-05, 0.00149900384713, 0.000132550892886, -0.00238867499866, 0.00618871860206, -0.00253154570237, 0.00180655636359, -0.00206081173383, 0.00192739628255, -0.00145111500751], [0.000231640267884, 0.000183785537956, 0.000756034220103, -0.00134389149025, -0.000191138809896, -7.5928051956e-05, 0.000452862586826, -0.00253154570237, 0.00814882107079, -0.00283524324186, 0.000601448700763, 0.000412692432292, 0.0015388984466], [-0.000150447332999, -7.74639556766e-05, -8.47423507366e-05, 0.000893711054232, -0.00107789167669, 0.000610843824688, -0.00138655211776, 0.00180655636359, -0.00283524324186, 0.00893419235945, -0.0023256316781, -0.000637969584204, 0.000295248930342], [8.10827114037e-05, -1.10135006253e-05, 0.000245673116297, 0.000126333383378, 0.000199864880415, -0.000412951398175, 0.00105192896444, -0.00206081173383, 0.000601448700763, -0.0023256316781, 0.0104426322505, -0.00183209753595, -0.00111885135993], [-5.59387535759e-06, 0.00048549065832, 0.000292629847536, 0.000108735599497, 0.000178358255653, -0.000661030877382, -0.00154231744818, 0.00192739628255, 0.000412692432292, -0.000637969584204, -0.00183209753595, 0.00972410943359, -0.00230643851683], [-1.55746638484e-05, -3.98379306716e-05, 0.000456664187368, 7.32468470233e-05, -0.000963340920862, 0.00126567902043, 0.000122498808196, -0.00145111500751, 0.0015388984466, 0.000295248930342, -0.00111885135993, -0.00230643851683, 0.0110485991463]], "mean": [-664.768737793, 132.721206665, -10.187871933, 39.8702392578, 4.18861532211, -3.49079966545, 5.15953683853, 15.6228723526, 3.19883513451, 4.69504022598, -2.69709157944, -6.05319213867, -1.53085386753], "cov": [[9532.09179688, -1197.43115234, 142.405639648, -194.090408325, 342.91305542, 158.618637085, -554.61907959, -183.609649658, -295.729919434, 55.9325218201, -15.6418762207, 39.954914093, 44.7351913452], [-1197.43115234, 2795.13525391, -736.139099121, 536.249145508, -205.254547119, -196.060684204, 371.182647705, 153.845352173, 151.223846436, -6.13444185257, -16.616153717, -112.902770996, 9.76494979858], [142.405639648, -736.139099121, 1413.53186035, -133.295852661, 238.581604004, 102.551719666, -105.69682312, 94.7782363892, -98.7335662842, -29.0308876038, -17.2380924225, -46.2389907837, -34.1904411316], [-194.090408325, 536.249145508, -133.295852661, 574.300415039, -16.101606369, -17.7879123688, 130.080993652, 81.1282577515, 114.844108582, -25.293012619, -19.5832519531, -38.7714271545, -12.1879997253], [342.91305542, -205.254547119, 238.581604004, -16.101606369, 340.137298584, 154.584945679, -38.2303771973, -89.2942504883, -32.3390426636, 39.6247787476, -8.30802345276, 21.2028675079, -2.33633589745], [158.618637085, -196.060684204, 102.551719666, -17.7879123688, 154.584945679, 355.6902771, 30.0809669495, -38.8786048889, -12.2724075317, 11.0337209702, 3.24623370171, 36.0169830322, -28.0498580933], [-554.61907959, 371.182647705, -105.69682312, 130.080993652, -38.2303771973, 30.0809669495, 272.314025879, 101.224914551, 58.779838562, 14.5115222931, 1.33782923222, 7.62720060349, 0.711943686008], [-183.609649658, 153.845352173, 94.7782363892, 81.1282577515, -89.2942504883, -38.8786048889, 101.224914551, 305.320800781, 79.1744003296, -34.9797058105, 28.1087932587, -54.3118286133, 12.9026985168], [-295.729919434, 151.223846436, -98.7335662842, 114.844108582, -32.3390426636, -12.2724075317, 58.779838562, 79.1744003296, 193.29335022, 35.3444366455, 3.80052423477, -22.6589393616, -20.431432724], [55.9325218201, -6.13444185257, -29.0308876038, -25.293012619, 39.6247787476, 11.0337209702, 14.5115222931, -34.9797058105, 35.3444366455, 148.349838257, 26.716835022, 23.4436950684, -2.4275906086], [-15.6418762207, -16.616153717, -17.2380924225, -19.5832519531, -8.30802345276, 3.24623370171, 1.33782923222, 28.1087932587, 3.80052423477, 26.716835022, 114.170852661, 24.1078872681, 18.6920318604], [39.954914093, -112.902770996, -46.2389907837, -38.7714271545, 21.2028675079, 36.0169830322, 7.62720060349, -54.3118286133, -22.6589393616, 23.4436950684, 24.1078872681, 137.567596436, 26.0109996796], [44.7351913452, 9.76494979858, -34.1904411316, -12.1879997253, -2.33633589745, -28.0498580933, 0.711943686008, 12.9026985168, -20.431432724, -2.4275906086, 18.6920318604, 26.0109996796, 107.031181335]]}, "spectral_decrease": {"dmean": 3.56741636232e-09, "dvar2": 1.20163786432e-16, "mean": -9.61904333963e-09, "var": 8.00687142499e-17, "dmean2": 5.74134562115e-09, "dvar": 4.5295139794e-17, "min": -7.32988141294e-08, "median": -6.58693188882e-09, "max": 3.3692418955e-15}, "zerocrossingrate": {"dmean": 0.0104625364766, "dvar2": 0.000383369420888, "mean": 0.0618628971279, "var": 0.00574956461787, "dmean2": 0.0118408296257, "dvar": 0.000284102221485, "min": 0, "median": 0.046875, "max": 0.84814453125}, "spectral_contrast_coeffs": {"dmean": [0.0514830946922, 0.0458698682487, 0.0389276668429, 0.0324170291424, 0.0253210887313, 0.0198053922504], "dvar2": [0.0052473177202, 0.00392315909266, 0.002586762188, 0.00198708358221, 0.00118182238657, 0.000725163379684], "mean": [-0.592386901379, -0.717120707035, -0.731186747551, -0.751323223114, -0.751137256622, -0.739508271217], "var": [0.0100711518899, 0.00619250582531, 0.00499925715849, 0.00485366536304, 0.0028795551043, 0.00316171022132], "dmean2": [0.0834212452173, 0.0734383389354, 0.061368573457, 0.0525511950254, 0.0399923026562, 0.0297414660454], "dvar": [0.00214053504169, 0.00156977795996, 0.00106785143726, 0.000802350521553, 0.000506898853928, 0.000365678861272], "min": [-0.981445908546, -0.98520052433, -0.985376060009, -0.99466997385, -0.987644612789, -0.973444163799], "median": [-0.589438378811, -0.721821188927, -0.732336997986, -0.756583869457, -0.751806616783, -0.736754953861], "max": [-0.25046685338, -0.415033191442, -0.408941417933, -0.43251055479, -0.542240977287, -0.508264303207]}, "spectral_skewness": {"dmean": 0.291794389486, "dvar2": 0.256713658571, "mean": 1.37821984291, "var": 0.546674907207, "dmean2": 0.475116640329, "dvar": 0.0981107726693, "min": -0.262034624815, "median": 1.28791069984, "max": 9.9148235321}, "spectral_energyband_middle_high": {"dmean": 0.00145062315278, "dvar2": 8.7833886937e-06, "mean": 0.00488312449306, "var": 1.50770856635e-05, "dmean2": 0.00225287070498, "dvar": 3.65793312085e-06, "min": 1.13770090255e-21, "median": 0.00385936186649, "max": 0.0325666181743}, "gfcc": {"icov": [[0.000340175756719, -0.000821501715109, 0.000570586009417, -0.000945768784732, 0.000581428001169, -0.000766067940276, 0.000789254845586, -0.000705669517629, 0.000666639767587, -0.000621639890596, 0.000922955630813, -0.000689867592882, 0.000861188047566], [-0.000821501715109, 0.00308708427474, -0.00127264379989, 0.00243770075031, -0.00174951448571, 0.00261513190344, -0.00224276212975, 0.00203412328847, -0.00174500013236, 0.00276348134503, -0.00300054321997, 0.00286623626016, -0.0022841298487], [0.000570586009417, -0.00127264379989, 0.00172948627733, -0.00167072494514, 0.000674014736433, -0.00151725136675, 0.00149616866838, -0.00124123052228, 0.00115597690456, -0.000513477250934, 0.00165597500745, -0.0014281347394, 0.00184185768012], [-0.000945768784732, 0.00243770075031, -0.00167072494514, 0.00492016598582, -0.00171734858304, 0.00173396081664, -0.00185098720249, 0.0019965225365, -0.0020419023931, 0.00245021586306, -0.00241469056346, 0.00259347097017, -0.00291039166041], [0.000581428001169, -0.00174951448571, 0.000674014736433, -0.00171734858304, 0.00432810001075, -0.00151686265599, -0.000615702127106, 0.000143191820825, 0.000811434234492, -0.00258814287372, 0.00187458342407, -0.000211387363379, 0.000840917113237], [-0.000766067940276, 0.00261513190344, -0.00151725136675, 0.00173396081664, -0.00151686265599, 0.00506050884724, -0.00118578213733, 0.00156573031563, -0.00148055725731, 0.00158737774473, -0.00260321237147, 0.00196009548381, -0.000915429380257], [0.000789254845586, -0.00224276212975, 0.00149616866838, -0.00185098720249, -0.000615702127106, -0.00118578213733, 0.00561072630808, -0.00307548441924, 0.00109628168866, 0.000379248667741, 0.0021274338942, -0.00241622701287, 0.00255183549598], [-0.000705669517629, 0.00203412328847, -0.00124123052228, 0.0019965225365, 0.000143191820825, 0.00156573031563, -0.00307548441924, 0.00690782396123, -0.00239640823565, 0.00082534638932, -0.00106035196222, 0.00093163177371, -0.00101569108665], [0.000666639767587, -0.00174500013236, 0.00115597690456, -0.0020419023931, 0.000811434234492, -0.00148055725731, 0.00109628168866, -0.00239640823565, 0.00907858833671, -0.00294743850827, 0.00116951693781, -0.00089534081053, 0.000447531958343], [-0.000621639890596, 0.00276348134503, -0.000513477250934, 0.00245021586306, -0.00258814287372, 0.00158737774473, 0.000379248667741, 0.00082534638932, -0.00294743850827, 0.00945934094489, -0.00417416775599, 0.00247451197356, -0.000976432929747], [0.000922955630813, -0.00300054321997, 0.00165597500745, -0.00241469056346, 0.00187458342407, -0.00260321237147, 0.0021274338942, -0.00106035196222, 0.00116951693781, -0.00417416775599, 0.010768965818, -0.00347781297751, 0.00225226022303], [-0.000689867592882, 0.00286623626016, -0.0014281347394, 0.00259347097017, -0.000211387363379, 0.00196009548381, -0.00241622701287, 0.00093163177371, -0.00089534081053, 0.00247451197356, -0.00347781297751, 0.0115325683728, -0.00361913209781], [0.000861188047566, -0.0022841298487, 0.00184185768012, -0.00291039166041, 0.000840917113237, -0.000915429380257, 0.00255183549598, -0.00101569108665, 0.000447531958343, -0.000976432929747, 0.00225226022303, -0.00361913209781, 0.0138605060056]], "mean": [-38.0449409485, 116.992553711, -128.870437622, 46.8827896118, -49.3433380127, 3.76058673859, -24.2790279388, 12.158039093, -19.373544693, -16.0045871735, -14.6831521988, -12.3163776398, -9.69075775146], "cov": [[21585.9042969, 54.409866333, -1944.25500488, 1345.63049316, -1659.98120117, 906.340270996, -1585.65148926, 362.614501953, -355.102081299, 137.416137695, -238.323364258, -21.5074157715, -257.973449707], [54.409866333, 2754.48876953, -474.199890137, -213.256347656, 655.239929199, -768.273803711, 783.061584473, -199.246841431, 53.1861953735, -357.432373047, 70.0697631836, -229.313110352, 121.354927063], [-1944.25500488, -474.199890137, 1578.45678711, 137.283813477, -28.021900177, 264.20980835, -128.45022583, 29.9002819061, -49.8197212219, -54.1507453918, -62.4509620667, 58.3155708313, -70.1126098633], [1345.63049316, -213.256347656, 137.283813477, 506.525054932, -53.85546875, 134.349609375, -120.780784607, -6.83817720413, -6.80004262924, -14.7177753448, -28.2576942444, -17.0753879547, 2.55717039108], [-1659.98120117, 655.239929199, -28.021900177, -53.85546875, 644.948913574, -185.473236084, 384.603027344, -108.976387024, 51.6665802002, -35.1616325378, 15.6437940598, -91.0426025391, 42.9010429382], [906.340270996, -768.273803711, 264.20980835, 134.349609375, -185.473236084, 561.07611084, -297.035186768, 36.1035308838, -23.7036018372, 101.407730103, -4.11604547501, 38.329662323, -65.5913162231], [-1585.65148926, 783.061584473, -128.45022583, -120.780784607, 384.603027344, -297.035186768, 675.553894043, 21.1729106903, 41.1098632813, -160.790374756, -8.48208904266, -35.367893219, 32.985710144], [362.614501953, -199.246841431, 29.9002819061, -6.83817720413, -108.976387024, 36.1035308838, 21.1729106903, 244.061096191, 18.4915924072, 9.27539920807, -26.6822719574, 36.9861450195, -23.7417850494], [-355.102081299, 53.1861953735, -49.8197212219, -6.80004262924, 51.6665802002, -23.7036018372, 41.1098632813, 18.4915924072, 149.605209351, 35.5200080872, 20.705072403, -11.628821373, 16.3777637482], [137.416137695, -357.432373047, -54.1507453918, -14.7177753448, -35.1616325378, 101.407730103, -160.790374756, 9.27539920807, 35.5200080872, 227.692260742, 46.0073204041, 4.18733215332, -15.7111539841], [-238.323364258, 70.0697631836, -62.4509620667, -28.2576942444, 15.6437940598, -4.11604547501, -8.48208904266, -26.6822719574, 20.705072403, 46.0073204041, 147.661468506, 6.93161678314, 7.49371147156], [-21.5074157715, -229.313110352, 58.3155708313, -17.0753879547, -91.0426025391, 38.329662323, -35.367893219, 36.9861450195, -11.628821373, 4.18733215332, 6.93161678314, 136.666488647, 4.71830368042], [-257.973449707, 121.354927063, -70.1126098633, 2.55717039108, 42.9010429382, -65.5913162231, 32.985710144, -23.7417850494, 16.3777637482, -15.7111539841, 7.49371147156, 4.71830368042, 101.659561157]]}, "erbbands_spread": {"dmean": 9.78104877472, "dvar2": 274.548431396, "mean": 41.3904151917, "var": 543.309143066, "dmean2": 14.1493291855, "dvar": 140.174255371, "min": 0.795316457748, "median": 36.9383850098, "max": 153.447952271}, "erbbands_kurtosis": {"dmean": 1.28012371063, "dvar2": 50.4685745239, "mean": 1.35529208183, "var": 129.764968872, "dmean2": 1.99600720406, "dvar": 25.4801959991, "min": -1.9045124054, "median": -0.218316152692, "max": 319.894958496}, "dynamic_complexity": 2.64720749855, "erbbands_crest": {"dmean": 2.78633832932, "dvar2": 20.2846355438, "mean": 10.2490434647, "var": 25.9569149017, "dmean2": 4.48439502716, "dvar": 8.10702991486, "min": 2.36440300941, "median": 8.89396572113, "max": 35.7713813782}, "erbbands": {"dmean": [0.064635194838, 1.39002597332, 6.31576299667, 6.99284505844, 11.7039871216, 10.2058115005, 6.02259254456, 5.61885309219, 7.89192008972, 9.42371368408, 12.7715005875, 16.3105278015, 11.9890031815, 13.5593767166, 10.3130426407, 8.03535461426, 10.7690153122, 8.74543952942, 14.8670406342, 10.4087238312, 13.1380205154, 14.1663188934, 15.0772476196, 10.6929864883, 12.5146579742, 6.31775856018, 3.10005664825, 2.58721446991, 3.55893421173, 4.75504302979, 2.36534976959, 1.69201850891, 1.66934716702, 0.524961650372, 0.168947264552, 0.102978035808, 0.0122429253533, 0.00191274622921, 6.060566011e-05, 1.66857753356e-05], "dvar2": [0.11044690758, 50.0426063538, 657.051635742, 449.314819336, 3820.12402344, 1667.45788574, 440.071929932, 601.305480957, 1306.06359863, 2048.6652832, 1985.10620117, 2824.99414063, 2141.4765625, 1543.57067871, 1291.82958984, 822.485473633, 5831.24658203, 1220.72570801, 3916.85180664, 1118.8137207, 2684.76538086, 1505.98339844, 2279.51855469, 1000.93182373, 1553.05566406, 402.211853027, 107.166107178, 127.220695496, 208.257736206, 400.395599365, 106.708305359, 54.9465141296, 74.9288864136, 6.95747756958, 0.582376778126, 0.336392998695, 0.00472179567441, 0.000148234626977, 9.51324707898e-08, 2.07216399595e-09], "mean": [0.0837450399995, 1.81011784077, 12.259428978, 18.8487606049, 15.6890296936, 12.8918848038, 9.63687515259, 8.43994235992, 11.8434238434, 15.4133090973, 24.954208374, 32.0113639832, 23.0361537933, 26.0813674927, 18.7885608673, 14.3604927063, 17.7129974365, 16.5340061188, 27.3734226227, 20.0111789703, 26.2571086884, 28.1780738831, 28.5149536133, 22.4566383362, 26.7523841858, 13.8855829239, 7.20843458176, 5.17434358597, 5.56270885468, 6.71155309677, 3.6503033638, 2.92011857033, 2.56403923035, 0.805959880352, 0.259372353554, 0.12690795958, 0.014780648984, 0.00201353011653, 8.85908739292e-05, 4.82357827423e-05], "var": [0.0446565113962, 16.7643146515, 411.324615479, 860.31451416, 1262.57067871, 929.68157959, 279.974029541, 330.299316406, 962.152404785, 1189.93933105, 1511.63037109, 2856.56176758, 2655.92944336, 1691.69750977, 1054.59326172, 722.44921875, 3850.88964844, 1285.72338867, 3398.38378906, 967.076477051, 2225.56274414, 1470.15795898, 2318.36303711, 879.660522461, 1825.6282959, 488.422485352, 163.506515503, 119.38633728, 143.208190918, 240.458129883, 78.563293457, 58.5841331482, 60.1037902832, 5.98582553864, 0.611252486706, 0.245215535164, 0.00422507943586, 7.62438794482e-05, 5.92363242902e-08, 1.53197776687e-09], "dmean2": [0.107923619449, 2.40974402428, 10.063451767, 10.7101993561, 20.1279125214, 16.5223484039, 9.76707839966, 9.12758731842, 12.2651062012, 14.8106775284, 19.3623428345, 24.2301311493, 18.5083618164, 20.581319809, 16.3178634644, 12.7295732498, 17.9442100525, 14.0685415268, 24.0324115753, 16.7818470001, 21.1747093201, 22.8761100769, 24.2006664276, 17.1038608551, 19.7396659851, 10.0182380676, 4.90569972992, 4.08899259567, 5.47707653046, 7.30972337723, 3.57038021088, 2.49072670937, 2.44986057281, 0.765044987202, 0.241288125515, 0.150447756052, 0.0176310203969, 0.00284786825068, 8.76568592503e-05, 2.61943914666e-05], "dvar": [0.0420161262155, 17.6071052551, 247.328201294, 202.82649231, 1397.51342773, 754.21685791, 173.813369751, 242.528686523, 562.723815918, 843.795043945, 845.817810059, 1280.84069824, 931.004821777, 668.876953125, 507.000335693, 350.015960693, 2101.12817383, 481.111572266, 1468.26806641, 439.326507568, 1027.18078613, 599.905639648, 907.544250488, 411.147491455, 658.578063965, 168.40461731, 44.5114822388, 46.3123817444, 89.6750335693, 169.452285767, 45.9297180176, 25.9223003387, 33.9217910767, 3.34402513504, 0.29856979847, 0.1624481529, 0.00247616716661, 6.80045122863e-05, 4.55698305757e-08, 8.08270395058e-10], "min": [4.91267893446e-23, 5.03299164521e-22, 1.97196748027e-21, 8.3693270039e-21, 5.95653122607e-21, 1.46236533479e-20, 4.00633362086e-20, 7.81023998996e-20, 6.98894786939e-20, 1.73663079937e-19, 3.1654340886e-19, 3.64406534795e-19, 4.63020344936e-19, 7.16753293247e-19, 8.52327626958e-19, 1.38278604268e-18, 1.17110897297e-18, 1.93822272796e-18, 2.08804188731e-18, 3.0556339273e-18, 4.13174110351e-18, 4.59505902667e-18, 4.95946765527e-18, 5.81769566493e-18, 7.27233454473e-18, 6.67626778173e-18, 1.00384471926e-17, 1.06134328441e-17, 9.65118604524e-18, 9.38904175578e-18, 1.14250914125e-17, 1.08273549854e-17, 9.76351138216e-18, 8.31593372967e-18, 6.2493383609e-18, 3.94227703857e-18, 2.47552389191e-18, 9.18942136048e-19, 2.41830749874e-19, 2.69711253699e-20], "median": [0.0235959216952, 0.559465825558, 2.97070765495, 5.11904144287, 4.34983348846, 4.06443977356, 4.03668308258, 3.31860566139, 2.68722391129, 6.65291881561, 13.2116127014, 14.5851430893, 8.66521263123, 13.4152994156, 8.90130710602, 5.89656448364, 5.00733804703, 4.44214344025, 6.27036190033, 8.0113992691, 10.0154047012, 14.5998077393, 12.2994823456, 12.4900217056, 12.9588489532, 5.77487564087, 1.87878060341, 1.19681370258, 0.94256991148, 0.820330440998, 0.447856813669, 0.319523572922, 0.247576311231, 0.0878793001175, 0.0181644614786, 0.00366219575517, 0.000407581246691, 5.57217827009e-05, 3.00791780319e-05, 3.762173219e-05], "max": [3.42096233368, 46.33826828, 165.788803101, 309.307220459, 460.032196045, 417.167022705, 335.778411865, 478.976226807, 580.132202148, 1275.57043457, 753.734313965, 843.054199219, 790.373657227, 743.889770508, 703.398742676, 552.85333252, 1687.16796875, 597.753173828, 1161.51806641, 495.944793701, 1377.24475098, 587.50958252, 632.005004883, 386.409698486, 740.216064453, 417.879119873, 135.270370483, 318.927215576, 268.610412598, 312.482513428, 190.991592407, 191.870681763, 280.738067627, 92.1788024902, 18.7432098389, 10.5945692062, 2.88005590439, 0.209877163172, 0.00449577486143, 0.000304114451865]}, "silence_rate_30dB": {"dmean": 0.0430904142559, "dvar2": 0.0931325778365, "mean": 0.950109601021, "var": 0.0474081374705, "dmean2": 0.0861873477697, "dvar": 0.0412344448268, "min": 0, "median": 1, "max": 1}, "silence_rate_60dB": {"dmean": 0.00725733302534, "dvar2": 0.0155174266547, "mean": 0.0393831729889, "var": 0.0378373228014, "dmean2": 0.0145157631487, "dvar": 0.00720537081361, "min": 0, "median": 0, "max": 1}, "spectral_energyband_middle_low": {"dmean": 0.00598419178277, "dvar2": 0.000380305777071, "mean": 0.0140274520963, "var": 0.000266894581728, "dmean2": 0.00944931432605, "dvar": 0.000154106630362, "min": 1.86895928545e-22, "median": 0.0081720771268, "max": 0.14969265461}, "spectral_spread": {"dmean": 567037.4375, "dvar2": 1689207570430.0, "mean": 4262381, "var": 16859507195900.0, "dmean2": 764344.25, "dvar": 898446000128, "min": 793797, "median": 3429095, "max": 47815924}, "barkbands": {"dmean": [2.71792068816e-05, 0.00486404588446, 0.00593804847449, 0.0023033360485, 0.0033188352827, 0.000699385302141, 0.00057814019965, 0.000566928007174, 0.000613000651356, 0.0