{"metadata": {"audio_properties": {"downmix": "mix", "bit_rate": 0, "lossless": true, "md5_encoded": "49d8220c8df48cf424870efdef194d51", "analysis_sample_rate": 44100, "sample_rate": 44100, "replay_gain": -4.66894721985, "equal_loudness": 0, "codec": "flac", "length": 66.3600006104}, "tags": {"releasestatus": ["official"], "musicbrainz_albumid": ["f9fc42e9-ecca-4a9c-b339-35776db1c963"], "musicbrainz_recordingid": ["1d2d3ccc-f824-418d-b760-2a234fde9c5a"], "tracknumber": ["4"], "fmps_playcount": ["1"], "djmixer": ["Rae & Christian"], "acoustid_id": ["133d3e63-c4dd-4ff9-932a-70c9eaf54348"], "tracktotal": ["16"], "totaltracks": ["16"], "artist": ["Dubble D"], "originaldate": ["2001"], "albumartist": ["Rae & Christian"], "asin": ["B00005OAGH"], "releasetype": ["album", "compilation", "dj-mix"], "media": ["CD"], "compilation": ["1"], "musicbrainz_albumartistid": ["3f41479a-8486-4c70-a338-be75e10b6efc"], "file_name": "05 - Dubble D - Introlude.flac", "musicbrainz_artistid": ["0d29e49a-ddda-44cd-ae73-fce21971f5d6"], "catalognumber": ["67728-54694-2"], "albumartistsort": ["Rae & Christian"], "script": ["Latn"], "label": ["Kinetic Records"], "releasecountry": ["US"], "album": ["AnotherLateNight: Rae & Christian"], "date": ["2001"], "title": ["Introlude"], "fmps_rating_amarok_score": ["0.5"], "discnumber": ["1"], "artistsort": ["Dubble D"], "disctotal": ["1"], "musicbrainz_releasegroupid": ["628bc001-426a-314f-bf4a-729c3d1bf5d1"], "totaldiscs": ["1"], "genre": ["Acid Jazz"]}, "version": {"essentia_build_sha": "ca57ba49d9b1854bd80e60cf9ccf267278fb7d6b", "essentia_git_sha": "v2.1_beta1-28-g21ef5f4-dirty", "extractor": "music 1.0", "essentia": "2.1-beta1"}}, "tonal": {"chords_scale": "minor", "hpcp": {"dmean": [0.137044280767, 0.160702839494, 0.184525534511, 0.171928673983, 0.0998223796487, 0.062003094703, 0.0601029545069, 0.08424603194, 0.123743899167, 0.149362877011, 0.153990209103, 0.132070809603, 0.0817697569728, 0.060668554157, 0.0521965920925, 0.0742120817304, 0.103905297816, 0.117813140154, 0.119702324271, 0.148564815521, 0.14636130631, 0.163078501821, 0.228669390082, 0.265183895826, 0.281603515148, 0.161557435989, 0.0664730593562, 0.0519717521966, 0.0424296967685, 0.0587522163987, 0.089895196259, 0.125967651606, 0.147338926792, 0.132817327976, 0.108777441084, 0.111041136086], "dvar2": [0.138398095965, 0.162463411689, 0.180232003331, 0.197041854262, 0.107755050063, 0.0603162199259, 0.0645371302962, 0.109101764858, 0.14493444562, 0.148592785001, 0.147705286741, 0.16155873239, 0.103744782507, 0.0756321698427, 0.0597174502909, 0.0837266519666, 0.113467857242, 0.13247667253, 0.147656723857, 0.223560884595, 0.195887476206, 0.17983186245, 0.235600829124, 0.210094213486, 0.238947615027, 0.113872013986, 0.0907143875957, 0.0711316987872, 0.0372571721673, 0.0573437362909, 0.104869797826, 0.125798985362, 0.145171970129, 0.117423884571, 0.11134968698, 0.115091107786], "mean": [0.114896610379, 0.177832961082, 0.191345915198, 0.136582970619, 0.0702376440167, 0.0394356958568, 0.0387257300317, 0.0543078333139, 0.0955722182989, 0.166521832347, 0.174943074584, 0.104426257312, 0.0530709065497, 0.0367402136326, 0.0345622524619, 0.0590052045882, 0.0978020206094, 0.0998193025589, 0.0829139724374, 0.0920813828707, 0.0977147147059, 0.126831799746, 0.214500457048, 0.298601299524, 0.276096075773, 0.138644948602, 0.0480338037014, 0.0332201160491, 0.0323894768953, 0.0491802021861, 0.0682144761086, 0.108895525336, 0.144749253988, 0.117278762162, 0.0765564292669, 0.0729185193777], "var": [0.0512483566999, 0.0908929780126, 0.0874720662832, 0.0661854967475, 0.0310612972826, 0.0131009602919, 0.0140681061894, 0.024008218199, 0.0438313670456, 0.0911653414369, 0.0967425256968, 0.0506939329207, 0.0238244757056, 0.0158639717847, 0.0138965006918, 0.0278023220599, 0.0492080375552, 0.045814935118, 0.037891626358, 0.0550420321524, 0.0532436072826, 0.0575568191707, 0.0971304178238, 0.114708460867, 0.11606259644, 0.0442170538008, 0.0219627767801, 0.0142197646201, 0.00962634943426, 0.0185970366001, 0.0283732749522, 0.0462234765291, 0.0658232271671, 0.0472906269133, 0.0295113679022, 0.0297939702868], "dmean2": [0.249660670757, 0.286583840847, 0.323933452368, 0.306772381067, 0.184582084417, 0.116973802447, 0.113371871412, 0.160256892443, 0.224206641316, 0.264771431684, 0.273528337479, 0.237212687731, 0.153511300683, 0.114662833512, 0.0978183820844, 0.132744133472, 0.180194199085, 0.208903506398, 0.225086271763, 0.281440764666, 0.275140553713, 0.292002230883, 0.413630217314, 0.464752525091, 0.499675631523, 0.291590809822, 0.126305148005, 0.0982443764806, 0.0770942270756, 0.105487942696, 0.16502726078, 0.225421190262, 0.262820243835, 0.233875483274, 0.200531482697, 0.205738529563], "dvar": [0.0500913411379, 0.0652008503675, 0.0700420737267, 0.0705476924777, 0.0401873141527, 0.0209346674383, 0.0225380957127, 0.0379128418863, 0.0521123856306, 0.0640612840652, 0.0674910098314, 0.0592814311385, 0.0372464470565, 0.0265985764563, 0.0212466809899, 0.0321284532547, 0.0458590835333, 0.0495626889169, 0.0541864149272, 0.0808766633272, 0.0717474371195, 0.0668645501137, 0.0869204849005, 0.0836511179805, 0.0965833291411, 0.0428889282048, 0.0317396335304, 0.0243985373527, 0.0134449349716, 0.0213136170059, 0.0373727642, 0.0471667684615, 0.0554920099676, 0.0452913530171, 0.0396017245948, 0.0419563613832], "min": [2.46149443228e-06, 7.24394112694e-06, 1.88931244338e-05, 1.01154746517e-05, 2.8925649076e-06, 1.61157902312e-06, 2.6959742172e-06, 6.20195669399e-06, 3.6529629142e-05, 3.36571720254e-05, 3.16881887557e-05, 1.9901676751e-06, 3.42386056218e-06, 4.65609309686e-06, 4.92716753797e-06, 7.68004701968e-06, 1.08899084807e-05, 7.04008061803e-06, 2.13744260691e-06, 4.39698487753e-06, 3.95832284994e-06, 4.97032169733e-06, 1.40558422572e-05, 2.05751384783e-05, 6.03117132414e-06, 3.07843174596e-06, 2.84084148916e-06, 4.66288111056e-06, 5.42757061339e-06, 6.58254930386e-06, 1.27395269374e-05, 4.32887281931e-06, 4.57141914012e-06, 6.25408210908e-06, 1.32010598008e-06, 2.07762559512e-06], "median": [0.0100297834724, 0.029177851975, 0.033580198884, 0.0153893567622, 0.00532755628228, 0.00401485804468, 0.00468373857439, 0.00606426550075, 0.0104490146041, 0.0139861442149, 0.0130036454648, 0.00778565416113, 0.0031940578483, 0.0025461523328, 0.00280275847763, 0.00405796151608, 0.00855910591781, 0.0113094765693, 0.00877114664763, 0.00436408445239, 0.00639455579221, 0.0207965299487, 0.0482124313712, 0.127416744828, 0.105067387223, 0.0376136116683, 0.00270845089108, 0.00217794417404, 0.00335835386068, 0.0049165035598, 0.00784428045154, 0.0157486945391, 0.020806837827, 0.0147192077711, 0.00625480758026, 0.00459524989128], "max": [1, 1, 1, 1, 1, 1, 1, 1, 1, 1, 1, 1, 1, 1, 1, 1, 1, 1, 1, 1, 1, 1, 1, 1, 1, 1, 1, 1, 1, 1, 1, 1, 1, 1, 1, 1]}, "tuning_equal_tempered_deviation": 0.277953237295, "chords_key": "A", "chords_strength": {"dmean": 0.0134106017649, "dvar2": 0.000165736331837, "mean": 0.600533366203, "var": 0.00544845219702, "dmean2": 0.0153112839907, "dvar": 0.000108977103082, "min": 0.414195299149, "median": 0.600645184517, "max": 0.80582010746}, "tuning_diatonic_strength": 0.699086010456, "thpcp": [1, 0.924631178379, 0.464314609766, 0.160862669349, 0.111252419651, 0.108470648527, 0.164701908827, 0.228446677327, 0.364685356617, 0.484757602215, 0.392760396004, 0.256383448839, 0.244200274348, 0.384782701731, 0.595553219318, 0.640807390213, 0.45740917325, 0.235222160816, 0.132068067789, 0.129690423608, 0.181874066591, 0.320066303015, 0.557672858238, 0.585875153542, 0.349718034267, 0.177731662989, 0.123041033745, 0.11574716121, 0.197605311871, 0.327533811331, 0.334289580584, 0.277674525976, 0.308375686407, 0.327241420746, 0.424753010273, 0.718350708485], "chords_histogram": [41.4685325623, 21.6083908081, 31.1888103485, 0.629370629787, 1.95804190636, 0, 0, 0, 0, 0, 0, 0, 0, 0, 0, 0, 0, 0, 0.349650353193, 0, 0, 0, 0, 2.79720282555], "tuning_nontempered_energy_ratio": 0.913842916489, "tuning_frequency": 434.193115234, "key_strength": 0.799096226692, "chords_changes_rate": 0.0524475537241, "key_scale": "minor", "hpcp_entropy": {"dmean": 0.734281122684, "dvar2": 0.977983593941, "mean": 2.23857855797, "var": 0.555892646313, "dmean2": 1.25417685509, "dvar": 0.346062660217, "min": 0.0613225921988, "median": 2.23830246925, "max": 4.54314804077}, "key_key": "A", "chords_number_rate": 0.00349650345743}, "lowlevel": {"melbands_skewness": {"dmean": 1.71153199673, "dvar2": 6.44627857208, "mean": 5.1922955513, "var": 8.9612827301, "dmean2": 2.6702401638, "dvar": 3.05069899559, "min": -1.28181743622, "median": 4.44924354553, "max": 17.5541858673}, "melbands_kurtosis": {"dmean": 41.2297592163, "dvar2": 7988.70703125, "mean": 68.0302352905, "var": 8258.36621094, "dmean2": 63.2267837524, "dvar": 3922.53881836, "min": -1.85791242123, "median": 34.049331665, "max": 633.599609375}, "barkbands_kurtosis": {"dmean": 33.4884109497, "dvar2": 11015.2333984, "mean": 43.8165588379, "var": 5370.07324219, "dmean2": 55.6296157837, "dvar": 4211.66845703, "min": -1.7976180315, "median": 16.1848621368, "max": 814.17980957}, "hfc": {"dmean": 8.7005739212, "dvar2": 825.055541992, "mean": 8.93433475494, "var": 282.000732422, "dmean2": 14.3142652512, "dvar": 321.367431641, "min": 0.0250693168491, "median": 3.20137619972, "max": 136.515762329}, "silence_rate_20dB": {"dmean": 0.0286913923919, "dvar2": 0.0730093866587, "mean": 0.980762481689, "var": 0.0188673622906, "dmean2": 0.0574028715491, "dvar": 0.0278687402606, "min": 0, "median": 1, "max": 1}, "erbbands_flatness_db": {"dmean": 0.0303412955254, "dvar2": 0.00186425400898, "mean": 0.158637315035, "var": 0.00292935268953, "dmean2": 0.0454709790647, "dvar": 0.000737798807677, "min": 0.0476888976991, "median": 0.154665663838, "max": 0.352851510048}, "spectral_flux": {"dmean": 0.073101580143, "dvar2": 0.0292537473142, "mean": 0.11599881202, "var": 0.0193925462663, "dmean2": 0.12211381644, "dvar": 0.0138394068927, "min": 0.00363787473179, "median": 0.0582571662962, "max": 0.79322963953}, "spectral_energyband_low": {"dmean": 0.0431977473199, "dvar2": 0.0348854921758, "mean": 0.0420824736357, "var": 0.00946648046374, "dmean2": 0.077255398035, "dvar": 0.0123787485063, "min": 1.43212246257e-05, "median": 0.00819136481732, "max": 0.768587470055}, "spectral_rolloff": {"dmean": 484.60458374, "dvar2": 4743506, "mean": 554.981262207, "var": 1597994.625, "dmean2": 867.251037598, "dvar": 1860404, "min": 21.533203125, "median": 236.865234375, "max": 13221.3867188}, "spectral_entropy": {"dmean": 0.375256448984, "dvar2": 0.361342579126, "mean": 6.91163444519, "var": 0.533078551292, "dmean2": 0.577231526375, "dvar": 0.136504292488, "min": 4.40457868576, "median": 6.91702032089, "max": 8.53375244141}, "spectral_energy": {"dmean": 0.0513839237392, "dvar2": 0.0377748347819, "mean": 0.0505136065185, "var": 0.0103778829798, "dmean2": 0.0916194021702, "dvar": 0.0135463699698, "min": 8.00718626124e-05, "median": 0.0142220426351, "max": 0.77932459116}, "spectral_centroid": {"dmean": 318.051544189, "dvar2": 564676.375, "mean": 709.44921875, "var": 371946.03125, "dmean2": 521.228637695, "dvar": 224473.140625, "min": 99.6174621582, "median": 523.651123047, "max": 4241.83984375}, "barkbands_flatness_db": {"dmean": 0.0456005111337, "dvar2": 0.00434649456292, "mean": 0.241103872657, "var": 0.00986885372549, "dmean2": 0.0716553926468, "dvar": 0.0017142824363, "min": 0.0337555333972, "median": 0.242066279054, "max": 0.524390459061}, "spectral_rms": {"dmean": 0.00250029028393, "dvar2": 4.26366641477e-05, "mean": 0.0052407104522, "var": 2.1816469598e-05, "dmean2": 0.00411747768521, "dvar": 1.66559821082e-05, "min": 0.00027949755895, "median": 0.0037249380257, "max": 0.0275738406926}, "melbands": {"dmean": [0.00617669848725, 0.010406631045, 0.00200383784249, 0.00185976736248, 0.000479221838759, 0.000141077834996, 7.78687681304e-05, 1.40842175824e-05, 5.41615736438e-06, 1.63818742749e-06, 2.82110545413e-06, 6.24633412372e-06, 1.56420355779e-05, 1.22839364849e-05, 2.32702986978e-05, 2.35828392761e-05, 1.77640631591e-05, 2.92574827654e-06, 1.09346035515e-06, 5.2441993148e-07, 1.18489651868e-06, 3.6574904243e-06, 3.99839018428e-06, 2.10097005038e-06, 5.69624262425e-07, 7.07227400198e-07, 1.74113358753e-06, 2.38210805037e-06, 1.01564830857e-06, 5.73349893784e-07, 3.55732731805e-06, 2.2205881578e-06, 3.14218198127e-07, 8.41984672206e-07, 5.0615130931e-07, 4.42416990154e-07, 6.31891680314e-07, 2.2010870282e-07, 3.69080481732e-07, 2.99990318808e-07], "dvar2": [0.000662110745907, 0.00228282832541, 9.16438948479e-05, 0.000182969568414, 1.03923130155e-05, 2.56823625477e-07, 6.24240783509e-08, 4.14658085646e-09, 7.7644984886e-10, 6.09111233674e-11, 2.50473919383e-10, 7.51343431915e-10, 3.42981332224e-09, 5.94592064473e-09, 2.75069478306e-08, 2.71081432857e-08, 1.52658206076e-08, 1.10583209256e-10, 4.98226494783e-11, 7.70839728853e-12, 2.93660859518e-11, 2.22937363015e-10, 2.38541547626e-10, 7.68447389055e-11, 6.08752761741e-12, 7.48908747517e-12, 3.61517066283e-11, 1.39735098492e-10, 3.00794632258e-11, 6.733308789e-12, 4.10228517822e-10, 1.59862276194e-10, 1.424090121e-12, 5.86486458357e-12, 2.44115361606e-12, 2.73798822156e-12, 4.1450866177e-12, 4.31504604183e-13, 1.10153390315e-12, 7.88335380048e-13], "mean": [0.00680135237053, 0.00902647245675, 0.00154978828505, 0.0012777535012, 0.000401397614041, 0.000179732916877, 0.000124724814668, 1.91688195628e-05, 6.12982057646e-06, 1.87825037301e-06, 3.22814980791e-06, 7.46375462768e-06, 1.79373309948e-05, 1.15517314043e-05, 1.86208671948e-05, 1.77160090971e-05, 1.57267149916e-05, 3.28376836478e-06, 1.05332196654e-06, 5.5869861626e-07, 1.34786091621e-06, 3.85802422898e-06, 4.14816395278e-06, 2.28628687182e-06, 6.07020012922e-07, 8.8598721959e-07, 2.07166112887e-06, 2.39895962295e-06, 9.88129500001e-07, 5.29704550445e-07, 2.81464826912e-06, 1.85839962796e-06, 3.74301492911e-07, 8.66614868755e-07, 4.70175024248e-07, 3.50402558524e-07, 5.45087630144e-07, 2.11376942616e-07, 3.61587098041e-07, 2.61895110043e-07], "var": [0.0002121967118, 0.000565285270568, 1.90825467143e-05, 4.10678549088e-05, 2.38888424064e-06, 1.09605380771e-07, 6.98497544249e-08, 1.89692639374e-09, 3.06009745321e-10, 1.73219737165e-11, 7.83417219985e-11, 2.91999285862e-10, 1.8041760308e-09, 1.28613575345e-09, 5.77555026027e-09, 5.98204108471e-09, 3.40447736669e-09, 4.75805402023e-11, 1.35408568039e-11, 3.123980458e-12, 1.3085792866e-11, 1.12304512911e-10, 1.0504579151e-10, 3.75468788005e-11, 3.22084654954e-12, 3.47661114307e-12, 1.63759474731e-11, 4.83983235433e-11, 1.19169188406e-11, 2.50493939827e-12, 1.07890259227e-10, 5.00732823261e-11, 1.14165491297e-12, 4.46991315489e-12, 1.17338842635e-12, 8.21597510078e-13, 1.71367163081e-12, 2.19379026121e-13, 6.73319310463e-13, 3.61013356796e-13], "dmean2": [0.0108475144953, 0.018783967942, 0.00368704251014, 0.00337243336253, 0.00085251883138, 0.000235942890868, 0.000122289711726, 2.30856276175e-05, 8.89004968485e-06, 2.79130586023e-06, 4.74204171041e-06, 9.92742116068e-06, 2.53738853644e-05, 2.21724603762e-05, 4.22564553446e-05, 4.22517368861e-05, 3.16075820592e-05, 4.74016815133e-06, 1.91170238395e-06, 8.26363134365e-07, 1.82328744813e-06, 5.48526759303e-06, 6.0728407334e-06, 3.21896186506e-06, 8.61173134581e-07, 1.15983607429e-06, 2.79546111415e-06, 3.80850406145e-06, 1.5764373984e-06, 9.27310679799e-07, 5.90536228628e-06, 3.58412262358e-06, 4.46922001629e-07, 1.22206461128e-06, 7.92841376551e-07, 7.57093403081e-07, 9.98458062895e-07, 3.29710928781e-07, 5.57551913971e-07, 4.7173045914e-07], "dvar": [0.000240331602981, 0.000806717725936, 3.20950130117e-05, 6.60615478409e-05, 3.7366437482e-06, 9.90603581386e-08, 2.86911454594e-08, 1.53586243723e-09, 3.05828418146e-10, 2.15556097277e-11, 9.10261310771e-11, 2.89195806191e-10, 1.43558043231e-09, 2.05813721621e-09, 9.63372848162e-09, 9.65009228082e-09, 5.36455946332e-09, 4.448812152e-11, 1.74611991532e-11, 3.04732389496e-12, 1.19861577261e-11, 9.79677242108e-11, 9.99972327165e-11, 3.19269159721e-11, 2.64202093363e-12, 3.02020908283e-12, 1.4949978755e-11, 5.49210260603e-11, 1.22339048614e-11, 2.68898401809e-12, 1.51419640715e-10, 6.11240016934e-11, 6.95709115317e-13, 3.07011143938e-12, 1.04803167013e-12, 1.0250102633e-12, 1.72516243912e-12, 1.90740123891e-13, 5.32177546388e-13, 3.34376650717e-13], "min": [2.46880085797e-06, 4.46681127642e-07, 2.26491906119e-07, 4.80616471066e-08, 2.63246704435e-08, 6.57127614545e-08, 1.02906440702e-07, 6.05106080798e-08, 8.94265161921e-10, 3.85511678136e-10, 1.18948817462e-09, 8.31860968997e-10, 5.33440069894e-10, 8.82105444244e-10, 4.03411776206e-10, 5.89132520545e-10, 3.63390928459e-10, 1.20676094117e-10, 2.11718684251e-10, 9.44993597263e-11, 7.87039045047e-11, 7.61666216209e-11, 4.52949448781e-11, 7.05574348947e-11, 7.02956165499e-11, 3.46890016711e-11, 6.8227146155e-11, 1.35228092613e-10, 9.81988865223e-11, 9.59375912046e-11, 1.05019201668e-10, 1.22017507209e-10, 9.61404914013e-11, 8.64781857235e-11, 1.27649585346e-10, 1.23868942881e-10, 1.28631244545e-10, 1.10256602459e-10, 1.74700615085e-10, 1.57346399798e-10], "median": [0.0011437459616, 0.00127686094493, 0.0002849654702, 0.00013551376469, 0.000106754974695, 6.17142650299e-05, 2.69635693257e-05, 7.05303500581e-06, 1.59627336416e-06, 7.70469114286e-07, 8.72611678915e-07, 1.85964063348e-06, 4.13614679928e-06, 3.74082264898e-06, 4.44538409283e-06, 3.1055258205e-06, 1.483155188e-06, 7.36240565402e-07, 1.43415732623e-07, 9.22347780374e-08, 2.77536685189e-07, 6.5510243985e-07, 8.15029522983e-07, 3.7886292148e-07, 8.45937719873e-08, 2.62337238155e-07, 7.54055008656e-07, 5.59375791909e-07, 7.90536631712e-08, 2.78535292608e-08, 7.17110211212e-08, 4.87572862085e-08, 1.50786689801e-08, 3.9174782529e-08, 2.17696722871e-08, 1.64399232006e-08, 2.40484610003e-08, 1.01400621233e-08, 1.40563569673e-08, 7.89562015768e-09], "max": [0.136396408081, 0.18762871623, 0.0422300733626, 0.0748043879867, 0.0203373786062, 0.00345216388814, 0.00339263421483, 0.000568627729081, 0.000174375119968, 4.72047358926e-05, 0.00013294260134, 0.000233566039242, 0.000569763185922, 0.000468466314487, 0.000991383334622, 0.00101895991247, 0.000842668116093, 7.05721031409e-05, 5.36346451554e-05, 2.23912829824e-05, 4.3592594011e-05, 0.000125613441924, 8.7811575213e-05, 5.68407849642e-05, 1.93089344975e-05, 2.74677149719e-05, 4.69002479804e-05, 0.000121021694213, 6.37576376903e-05, 2.13880193769e-05, 0.000161607575137, 0.00011105145677, 1.02748335848e-05, 1.97409081011e-05, 1.15278635349e-05, 1.20994482131e-05, 1.43079096233e-05, 4.24038671554e-06, 8.04088449513e-06, 3.6254925817e-06]}, "barkbands_crest": {"dmean": 3.78740906715, "dvar2": 24.1349773407, "mean": 15.4287338257, "var": 30.93816185, "dmean2": 6.16200828552, "dvar": 10.095366478, "min": 3.0897667408, "median": 15.3077201843, "max": 26.5040855408}, "mfcc": {"icov": [[0.000316375051625, 0.000318819220411, 0.000166209982126, -9.24107807805e-05, -9.72110356088e-05, -0.000613204436377, 0.00037754434743, -0.000274960766546, 0.000236909923842, 0.000141994896694, 8.18218104541e-05, 0.000336138618877, -1.01974983409e-05], [0.000318819220411, 0.00111102557275, 0.000135606052936, 0.000407905230531, -0.00113308092114, 0.000200091279112, -0.000242895534029, -0.000500562833622, 0.000516982690897, -6.15024619037e-05, 0.000243343922193, -8.54221252666e-06, -0.0005324932863], [0.000166209982126, 0.000135606052936, 0.00263561424799, -0.00145065004472, 0.00100026628934, -0.00149205536582, 0.000314593635267, -0.00206904578954, -0.000435533875134, 0.000752793042921, -0.000330699404003, 0.000750245235395, -0.00114624085836], [-9.24107807805e-05, 0.000407905230531, -0.00145065004472, 0.00945383589715, -0.00426300102845, 0.000507536809891, -0.000972433539573, 0.000418574170908, 0.00094524747692, -0.00241532642394, 0.00182687840424, -0.00060692965053, 0.00077349296771], [-9.72110356088e-05, -0.00113308092114, 0.00100026628934, -0.00426300102845, 0.0138212861493, -0.00626279320568, 0.000448815495474, -0.00186845543794, 0.00235776812769, -0.0033174068667, -0.00299499440007, -0.000647521577775, 0.00302827055566], [-0.000613204436377, 0.000200091279112, -0.00149205536582, 0.000507536809891, -0.00626279320568, 0.0163355544209, -0.00792389921844, 0.00320515083149, -0.0064070080407, 0.00768941966817, -0.00471900543198, -0.00115356978495, 0.00209444249049], [0.00037754434743, -0.000242895534029, 0.000314593635267, -0.000972433539573, 0.000448815495474, -0.00792389921844, 0.0188002604991, -0.0119605464861, 0.00802981574088, -0.00743557978421, 0.00996856950223, -0.00288297655061, -0.00126079574693], [-0.000274960766546, -0.000500562833622, -0.00206904578954, 0.000418574170908, -0.00186845543794, 0.00320515083149, -0.0119605464861, 0.0242916438729, -0.0114596188068, 0.00284743262455, -0.00108084839303, 0.0018778545782, -0.00324136693962], [0.000236909923842, 0.000516982690897, -0.000435533875134, 0.00094524747692, 0.00235776812769, -0.0064070080407, 0.00802981574088, -0.0114596188068, 0.0156116997823, -0.00583919603378, 0.00119659944903, -0.00195417064242, 0.00382790714502], [0.000141994896694, -6.15024619037e-05, 0.000752793042921, -0.00241532642394, -0.0033174068667, 0.00768941966817, -0.00743557978421, 0.00284743262455, -0.00583919603378, 0.0195115376264, -0.00928012281656, 0.00500970706344, -0.00363653153181], [8.18218104541e-05, 0.000243343922193, -0.000330699404003, 0.00182687840424, -0.00299499440007, -0.00471900543198, 0.00996856950223, -0.00108084839303, 0.00119659944903, -0.00928012281656, 0.0239333882928, -0.0116940299049, 0.00055954081472], [0.000336138618877, -8.54221252666e-06, 0.000750245235395, -0.00060692965053, -0.000647521577775, -0.00115356978495, -0.00288297655061, 0.0018778545782, -0.00195417064242, 0.00500970706344, -0.0116940299049, 0.0182947777212, -0.00857486296445], [-1.01974983409e-05, -0.0005324932863, -0.00114624085836, 0.00077349296771, 0.00302827055566, 0.00209444249049, -0.00126079574693, -0.00324136693962, 0.00382790714502, -0.00363653153181, 0.00055954081472, -0.00857486296445, 0.0164318978786]], "mean": [-765.995727539, 147.139358521, 34.0428352356, 42.0208816528, 20.958322525, 22.1150798798, 23.598897934, 2.87854146957, -17.9183082581, -10.4223775864, 1.17594778538, 15.1310596466, 8.1006860733], "cov": [[7023.51660156, -2476.27880859, -133.754425049, 53.3674621582, 15.4876441956, 377.172424316, -307.013397217, -108.825164795, 170.003173828, -272.463653564, -39.5730667114, -265.603973389, -420.841094971], [-2476.27880859, 2005.23217773, -20.5457324982, -2.02788543701, 112.012779236, -120.262016296, 214.524749756, 82.5734481812, -133.326248169, 131.935317993, 4.83493375778, 121.492424011, 213.03453064], [-133.754425049, -20.5457324982, 609.664733887, 84.917640686, 14.7827806473, 106.489982605, 86.7111434937, 127.775474548, 95.2637405396, -8.87387561798, -7.81289386749, 12.531788826, 35.9923706055], [53.3674621582, -2.02788543701, 84.917640686, 158.840881348, 67.1764373779, 36.6527099609, 46.6767692566, 25.9146308899, 2.80595016479, 24.7086277008, -5.54090023041, -2.8250682354, -6.41557073593], [15.4876441956, 112.012779236, 14.7827806473, 67.1764373779, 155.460037231, 78.5933532715, 36.1612854004, 22.760099411, 13.0862941742, 26.1917037964, 37.7201118469, 26.7679710388, -14.4627714157], [377.172424316, -120.262016296, 106.489982605, 36.6527099609, 78.5933532715, 182.145950317, 35.6743507385, 42.2438087463, 72.6740188599, -31.8966178894, 26.3944625854, 20.6417942047, -38.7064857483], [-307.013397217, 214.524749756, 86.7111434937, 46.6767692566, 36.1612854004, 35.6743507385, 183.596740723, 86.7506484985, -19.1798686981, 33.176448822, -47.7311019897, 8.3234167099, 48.3803024292], [-108.825164795, 82.5734481812, 127.775474548, 25.9146308899, 22.760099411, 42.2438087463, 86.7506484985, 119.399032593, 59.7807197571, 16.1824798584, -14.0521717072, 7.13193225861, 24.7870254517], [170.003173828, -133.326248169, 95.2637405396, 2.80595016479, 13.0862941742, 72.6740188599, -19.1798686981, 59.7807197571, 158.539108276, 4.81258153915, 26.075012207, 5.80667877197, -32.7812652588], [-272.463653564, 131.935317993, -8.87387561798, 24.7086277008, 26.1917037964, -31.8966178894, 33.176448822, 16.1824798584, 4.81258153915, 101.524971008, 27.5603160858, 15.9536905289, 36.0348548889], [-39.5730667114, 4.83493375778, -7.81289386749, -5.54090023041, 37.7201118469, 26.3944625854, -47.7311019897, -14.0521717072, 26.075012207, 27.5603160858, 118.359230042, 77.9445877075, 19.7672958374], [-265.603973389, 121.492424011, 12.531788826, -2.8250682354, 26.7679710388, 20.6417942047, 8.3234167099, 7.13193225861, 5.80667877197, 15.9536905289, 77.9445877075, 142.071655273, 72.9235992432], [-420.841094971, 213.03453064, 35.9923706055, -6.41557073593, -14.4627714157, -38.7064857483, 48.3803024292, 24.7870254517, -32.7812652588, 36.0348548889, 19.7672958374, 72.9235992432, 139.505996704]]}, "spectral_decrease": {"dmean": 1.34171607158e-08, "dvar2": 2.59616487718e-15, "mean": -1.3169101365e-08, "var": 7.12317439191e-16, "dmean2": 2.39541844138e-08, "dvar": 9.30473104097e-16, "min": -2.04741439802e-07, "median": -3.67661145972e-09, "max": -2.06129280311e-11}, "zerocrossingrate": {"dmean": 0.0128034586087, "dvar2": 0.000525006500538, "mean": 0.0325554981828, "var": 0.00113707326818, "dmean2": 0.0170037057251, "dvar": 0.000358458783012, "min": 0.00244140625, "median": 0.02001953125, "max": 0.2998046875}, "spectral_contrast_coeffs": {"dmean": [0.0693932697177, 0.050392780453, 0.0366282276809, 0.0331549048424, 0.0227562487125, 0.0227583739907], "dvar2": [0.00986029021442, 0.00430962676182, 0.00214317091741, 0.00194984651171, 0.000795388477854, 0.00108615541831], "mean": [-0.662846207619, -0.684069156647, -0.803173840046, -0.777300179005, -0.798728108406, -0.801373541355], "var": [0.00753223523498, 0.0065409289673, 0.00274440390058, 0.00235579744913, 0.00150525337085, 0.00157092011068], "dmean2": [0.114473126829, 0.0822276249528, 0.0602910593152, 0.0538831055164, 0.0365866348147, 0.0327195264399], "dvar": [0.00411213748157, 0.00162291061133, 0.000828220276162, 0.000774396699853, 0.000330692681018, 0.000546680064872], "min": [-0.876439511776, -0.888588309288, -0.953113973141, -0.985322833061, -0.971530258656, -0.894347190857], "median": [-0.672580301762, -0.691368997097, -0.809713721275, -0.785265386105, -0.80267727375, -0.803613960743], "max": [-0.275370448828, -0.389251768589, -0.554944634438, -0.601881086826, -0.671703219414, -0.649926483631]}, "spectral_skewness": {"dmean": 0.410923749208, "dvar2": 0.436207085848, "mean": 2.20879650116, "var": 0.956200361252, "dmean2": 0.61547511816, "dvar": 0.210315272212, "min": 0.644305169582, "median": 1.90481770039, "max": 6.35581350327}, "spectral_energyband_middle_high": {"dmean": 0.000748350983486, "dvar2": 1.7603066226e-05, "mean": 0.000782600371167, "var": 4.68160124001e-06, "dmean2": 0.001246571308, "dvar": 6.44563806418e-06, "min": 3.25529612155e-08, "median": 0.000257839739788, "max": 0.0254111941904}, "gfcc": {"icov": [[0.000363067345461, 0.000126455939608, 0.000151867454406, -0.000468753685709, 0.00028195566847, -0.000923266692553, 0.000620536622591, 0.000345392152667, -0.000138160292408, 0.000210429861909, -5.64124457014e-05, 5.72056742385e-05, -0.000224037707085], [0.000126455939608, 0.00173375266604, -0.000453144690255, 0.0011190433288, -0.00165683671366, 0.00149581814185, -0.00129188562278, 0.00155306828674, -0.00168264925014, 0.00256928568706, -0.00260308221914, 0.00108067831025, -0.000248424767051], [0.000151867454406, -0.000453144690255, 0.00228237779811, -0.00104750040919, 0.000934813870117, -0.00128965813201, -0.00157780502923, 9.2642949312e-05, -0.000314974749926, 0.000493301835377, 0.00107661995571, -0.00107495684642, 0.00164124288131], [-0.000468753685709, 0.0011190433288, -0.00104750040919, 0.00577370589599, -0.00196210527793, -0.000231306577916, 1.43390197991e-05, -0.000386420782888, 2.43253361987e-05, 0.00116503529716, -0.00164143613074, 0.00150520855095, -0.000629861606285], [0.00028195566847, -0.00165683671366, 0.000934813870117, -0.00196210527793, 0.00836284458637, -0.00502593349665, -0.00025453150738, 0.00168674148154, -0.00228876946494, 0.00109656096902, -0.00206688465551, 0.00379071594216, -0.000927306013182], [-0.000923266692553, 0.00149581814185, -0.00128965813201, -0.000231306577916, -0.00502593349665, 0.0175325460732, -0.0100752962753, 0.00329314148985, -0.00269283284433, 0.000866681570187, 0.00310607184656, -0.00512049021199, 0.00331223011017], [0.000620536622591, -0.00129188562278, -0.00157780502923, 1.43390197991e-05, -0.00025453150738, -0.0100752962753, 0.0207247976214, -0.0108586559072, 0.00472884206101, -0.00111839210149, -0.000760725000873, -0.00133796723094, -0.0042110546492], [0.000345392152667, 0.00155306828674, 9.2642949312e-05, -0.000386420782888, 0.00168674148154, 0.00329314148985, -0.0108586559072, 0.0229194946587, -0.0124888168648, 0.00817872770131, -0.00845344271511, 0.00607658922672, -0.00287484307773], [-0.000138160292408, -0.00168264925014, -0.000314974749926, 2.43253361987e-05, -0.00228876946494, -0.00269283284433, 0.00472884206101, -0.0124888168648, 0.0225008800626, -0.0198929794133, 0.0113302925602, -0.00629525072873, 0.0042589334771], [0.000210429861909, 0.00256928568706, 0.000493301835377, 0.00116503529716, 0.00109656096902, 0.000866681570187, -0.00111839210149, 0.00817872770131, -0.0198929794133, 0.0321512110531, -0.0166788529605, 0.0020738048479, 0.00168495543767], [-5.64124457014e-05, -0.00260308221914, 0.00107661995571, -0.00164143613074, -0.00206688465551, 0.00310607184656, -0.000760725000873, -0.00845344271511, 0.0113302925602, -0.0166788529605, 0.0209314692765, -0.011623444967, 0.00533327553421], [5.72056742385e-05, 0.00108067831025, -0.00107495684642, 0.00150520855095, 0.00379071594216, -0.00512049021199, -0.00133796723094, 0.00607658922672, -0.00629525072873, 0.0020738048479, -0.011623444967, 0.0283685624599, -0.0144447535276], [-0.000224037707085, -0.000248424767051, 0.00164124288131, -0.000629861606285, -0.000927306013182, 0.00331223011017, -0.0042110546492, -0.00287484307773, 0.0042589334771, 0.00168495543767, 0.00533327553421, -0.0144447535276, 0.0229121576995]], "mean": [-94.7341537476, 103.301391602, -55.4224853516, 37.5538330078, -24.4079856873, 9.62896728516, -21.0066432953, -7.87075614929, -29.4265937805, 4.46460962296, 9.07664585114, 8.85078907013, -12.4629955292], "cov": [[6466.31494141, -2141.31933594, -205.844726562, 697.736633301, -303.940216064, 371.64743042, -305.96697998, -287.792572021, -104.223167419, -136.589553833, -459.643676758, 5.32243824005, 55.3306884766], [-2141.31933594, 1948.0892334, 173.756378174, -313.653198242, 366.165466309, -117.750152588, 195.849090576, 105.632698059, 50.8286933899, 28.0335159302, 301.86340332, -12.2363367081, -29.2826366425], [-205.844726562, 173.756378174, 768.977966309, 113.472846985, 68.5275039673, 162.74005127, 172.092514038, 56.6321144104, 34.9736709595, -38.4324913025, -30.5593013763, 22.9000511169, -16.2347373962], [697.736633301, -313.653198242, 113.472846985, 316.321716309, 27.8767547607, 99.1391677856, 11.4524078369, -9.09042358398, -11.051484108, -28.6721343994, -54.5200042725, -5.30190229416, 5.26090049744], [-303.940216064, 366.165466309, 68.5275039673, 27.8767547607, 268.458618164, 69.4700317383, 78.4369430542, 29.5901699066, 44.4215354919, 14.123008728, 58.0586242676, -13.4652795792, -15.4921970367], [371.64743042, -117.750152588, 162.74005127, 99.1391677856, 69.4700317383, 184.215637207, 84.4094390869, 11.4305009842, 29.6179962158, -10.4299440384, -39.3269996643, 24.6934642792, 6.53773927689], [-305.96697998, 195.849090576, 172.092514038, 11.4524078369, 78.4369430542, 84.4094390869, 168.823059082, 75.4876937866, 17.2553367615, -3.60745954514, 46.2532043457, 31.1453647614, 24.5179233551], [-287.792572021, 105.632698059, 56.6321144104, -9.09042358398, 29.5901699066, 11.4305009842, 75.4876937866, 111.372528076, 58.795955658, 30.5067405701, 56.2893791199, 12.379483223, 2.94751477242], [-104.223167419, 50.8286933899, 34.9736709595, -11.051484108, 44.4215354919, 29.6179962158, 17.2553367615, 58.795955658, 170.002944946, 104.488891602, 36.2461471558, 16.0420055389, -32.8200950623], [-136.589553833, 28.0335159302, -38.4324913025, -28.6721343994, 14.123008728, -10.4299440384, -3.60745954514, 30.5067405701, 104.488891602, 133.956237793, 88.7738342285, 23.9825649261, -28.6407089233], [-459.643676758, 301.86340332, -30.5593013763, -54.5200042725, 58.0586242676, -39.3269996643, 46.2532043457, 56.2893791199, 36.2461471558, 88.7738342285, 194.792663574, 43.7409858704, -7.96437501907], [5.32243824005, -12.2363367081, 22.9000511169, -5.30190229416, -13.4652795792, 24.6934642792, 31.1453647614, 12.379483223, 16.0420055389, 23.9825649261, 43.7409858704, 80.5847702026, 37.1727828979], [55.3306884766, -29.2826366425, -16.2347373962, 5.26090049744, -15.4921970367, 6.53773927689, 24.5179233551, 2.94751477242, -32.8200950623, -28.6407089233, -7.96437501907, 37.1727828979, 81.9758987427]]}, "erbbands_spread": {"dmean": 16.2350769043, "dvar2": 992.040161133, "mean": 45.1240882874, "var": 633.574523926, "dmean2": 26.4802684784, "dvar": 361.353179932, "min": 2.62489271164, "median": 41.8046417236, "max": 153.711532593}, "erbbands_kurtosis": {"dmean": 2.30942845345, "dvar2": 34.657749176, "mean": 1.79967451096, "var": 24.442073822, "dmean2": 3.85344219208, "dvar": 13.7740077972, "min": -1.80529046059, "median": 0.130796909332, "max": 89.9361190796}, "dynamic_complexity": 4.72288894653, "erbbands_crest": {"dmean": 4.06348562241, "dvar2": 29.5027503967, "mean": 11.8428277969, "var": 24.257598877, "dmean2": 6.70583200455, "dvar": 10.9865341187, "min": 2.613904953, "median": 11.0779457092, "max": 29.1034965515}, "erbbands": {"dmean": [0.500196754932, 7.38507461548, 19.5192089081, 11.6278076172, 13.4924716949, 32.8065261841, 7.85224437714, 6.47021770477, 5.83587121964, 1.43840754032, 0.742728412151, 0.301347643137, 0.550663530827, 1.7099853754, 4.50063085556, 5.88066959381, 12.0314874649, 9.62658786774, 1.89032649994, 0.543155550957, 0.945589721203, 3.56324529648, 3.26770496368, 0.897641837597, 1.56462299824, 3.21435523033, 1.33917534351, 4.33341932297, 2.89065408707, 1.16582262516, 0.774906635284, 0.991601228714, 0.427008628845, 0.35563147068, 0.189839795232, 0.087369389832, 0.0355567410588, 0.013888203539, 0.00352899031714, 0.000428102823207], "dvar2": [3.68488740921, 1070.39111328, 8971.47265625, 3617.23388672, 6239.04443359, 61868.0078125, 2020.1105957, 633.131835938, 350.815979004, 33.8147697449, 14.1365070343, 2.2001824379, 9.13949775696, 51.2745666504, 313.061645508, 1601.64782715, 7230.49560547, 4641.07861328, 74.5554428101, 10.9401845932, 17.9155673981, 189.304229736, 168.82270813, 13.7026367188, 29.30742836, 215.120819092, 46.3717727661, 543.930725098, 244.377716064, 11.6941719055, 5.80440855026, 10.9341640472, 1.48940908909, 1.01421546936, 0.306609213352, 0.0741653889418, 0.0113573670387, 0.0018032649532, 0.000123290083138, 1.90389619092e-06], "mean": [0.582929730415, 7.18180179596, 15.4082527161, 8.76957035065, 10.0854930878, 22.1415119171, 7.82896709442, 7.87893676758, 9.1511631012, 2.22528386116, 0.878224134445, 0.349080234766, 0.662255764008, 2.09427642822, 4.87702274323, 5.2481508255, 9.30050373077, 8.39398097992, 1.99929666519, 0.590761244297, 1.06953120232, 3.8298573494, 3.51189422607, 1.03760588169, 1.99033868313, 3.40209674835, 1.34625267982, 3.51878666878, 2.48737120628, 1.25557434559, 0.716841697693, 0.836672902107, 0.413587421179, 0.323269695044, 0.168258696795, 0.0712843686342, 0.0307129155844, 0.012439629063, 0.00313995289616, 0.000382730358979], "var": [1.34829854965, 302.479919434, 2012.46472168, 737.488037109, 1390.57397461, 13906.0830078, 479.072967529, 250.951156616, 368.822143555, 22.3860626221, 5.25436449051, 0.664132595062, 2.96767306328, 21.5850219727, 116.273666382, 337.80267334, 1560.82495117, 1024.2722168, 24.8649024963, 3.6543006897, 8.39745330811, 102.018005371, 77.8724136353, 7.74431419373, 15.1727457047, 80.6881866455, 19.3010387421, 153.260940552, 81.1632843018, 9.99300670624, 2.80049657822, 4.1463842392, 0.831634700298, 0.529548227787, 0.15658916533, 0.0272115822881, 0.00475135911256, 0.000798412540462, 5.3897525504e-05, 7.38349456242e-07], "dmean2": [0.861763596535, 13.1064777374, 35.7503700256, 21.4435310364, 24.4983043671, 59.4556617737, 13.7500886917, 10.8491096497, 9.16366481781, 2.34586381912, 1.22187292576, 0.51087808609, 0.917629778385, 2.70715475082, 7.55492115021, 10.5838537216, 21.6476821899, 17.1397247314, 3.13892436028, 0.897511601448, 1.41346943378, 5.25452232361, 4.96360349655, 1.33987224102, 2.48439240456, 5.05829000473, 2.09444665909, 7.08911848068, 4.59433889389, 1.67884337902, 1.20568335056, 1.58599305153, 0.635756134987, 0.54557955265, 0.290926188231, 0.140596732497, 0.0558731667697, 0.0221686139703, 0.00556532666087, 0.000693310867064], "dvar": [1.33736515045, 386.271881104, 3130.92260742, 1259.98364258, 2242.33666992, 22338.0292969, 718.969665527, 242.351531982, 160.145263672, 13.1345186234, 5.43096733093, 0.794259130955, 3.34458994865, 19.9934577942, 119.407089233, 558.648071289, 2555.14404297, 1633.26416016, 28.3748607635, 4.01144123077, 7.46086931229, 85.7173995972, 70.6076583862, 6.03027296066, 12.523188591, 86.1747817993, 19.1038837433, 204.08921814, 94.6226501465, 6.30574560165, 2.48643231392, 4.3950920105, 0.681374967098, 0.452046185732, 0.134521961212, 0.0298030264676, 0.00472779758275, 0.000739160401281, 5.05866410094e-05, 7.66875302816e-07], "min": [0.000169964623637, 0.000701818964444, 0.000233774830122, 0.000900655752048, 0.00107703742106, 0.000716850569006, 0.00122663541697, 0.00332163018174, 0.00706383073702, 0.00695374654606, 0.00105203560088, 0.000287945207674, 0.00026645854814, 0.000222435497562, 0.000186526158359, 0.00027896129177, 0.000205368647585, 0.000221725087613, 0.000103039717942, 0.000103741294879, 6.98767835274e-05, 6.86741841491e-05, 6.81306191836e-05, 8.3473380073e-05, 6.34774623904e-05, 0.000177121401066, 0.000156045076437, 0.000174190907273, 0.000199397443794, 0.00017176727124, 0.00026258037542, 0.000208980374737, 0.000184273972991, 0.000207311735721, 0.000177766443812, 0.000134660833282, 9.51095644268e-05, 6.93856200087e-05, 2.37749172811e-05, 5.59173759029e-06], "median": [0.112747959793, 1.00417470932, 1.66217803955, 1.32123458385, 2.16899180412, 1.622199893, 2.8881111145, 2.41228294373, 2.01804876328, 0.949019134045, 0.274805426598, 0.139435008168, 0.203070282936, 0.537994980812, 1.31996095181, 1.6994355917, 1.8691599369, 0.91576820612, 0.402885705233, 0.100544981658, 0.217421784997, 0.645020186901, 0.649400770664, 0.217764630914, 0.697715580463, 0.962917387486, 0.142459914088, 0.100843518972, 0.068668551743, 0.0552256293595, 0.0335602127016, 0.0381988659501, 0.0182466283441, 0.0107327578589, 0.00518016982824, 0.00255536986515, 0.00148581212852, 0.000654116272926, 0.000149286890519, 4.68478574476e-05], "max": [11.1240253448, 154.073028564, 386.459625244, 271.216796875, 420.98538208, 1429.36071777, 287.175170898, 173.945159912, 247.465194702, 51.5645751953, 26.4046344757, 8.75637531281, 24.95794487, 59.1677017212, 129.612747192, 267.160858154, 558.815124512, 451.839050293, 56.560459137, 24.646692276, 32.8536071777, 114.6170578, 78.8634796143, 27.4342136383, 56.3571281433, 144.615463257, 78.1119766235, 174.751480103, 130.359588623, 30.206741333, 19.0266208649, 24.1239395142, 8.05180168152, 4.69414615631, 2.77407860756, 1.09474015236, 0.509734272957, 0.212750181556, 0.0594080202281, 0.00795141700655]}, "silence_rate_30dB": {"dmean": 0.119664102793, "dvar2": 0.197490796447, "mean": 0.841203212738, "var": 0.133578985929, "dmean2": 0.239411965013, "dvar": 0.105341844261, "min": 0, "median": 1, "max": 1}, "silence_rate_60dB": {"dmean": 0.074877537787, "dvar2": 0.145564094186, "mean": 0.154249742627, "var": 0.130458280444, "dmean2": 0.149807482958, "dvar": 0.069269426167, "min": 0, "median": 0, "max": 1}, "spectral_energyband_middle_low": {"dmean": 0.00999216362834, "dvar2": 0.00317136873491, "mean": 0.00829580146819, "var": 0.000737852824386, "dmean2": 0.0179772