{"lowlevel": {"erbbands": {"mean": [0.0236290842295, 0.301812916994, 0.331483215094, 0.40077534318, 1.25991904736, 4.94659042358, 5.64262676239, 6.57103157043, 8.8927564621, 12.2595901489, 24.3939208984, 40.0409622192, 40.0859718323, 36.3924865723, 42.4001960754, 30.8217334747, 34.220993042, 44.0837211609, 38.8426589966, 36.2275238037, 18.177690506, 19.7042388916, 20.4947052002, 17.4236240387, 13.6232824326, 6.92841863632, 4.92063856125, 3.96649670601, 3.08790254593, 1.77455317974, 0.968711972237, 0.62277674675, 0.360751986504, 0.221539676189, 0.117293559015, 0.0302218869328, 0.00517786294222, 0.000587562972214, 2.36679752561e-05, 1.82195999514e-05], "dvar": [0.000374474504497, 0.0845302045345, 0.154314100742, 0.116400495172, 1.54177057743, 42.2420387268, 57.4973068237, 86.3577575684, 320.162567139, 865.853759766, 1630.0715332, 5033.67138672, 7155.45898438, 5661.65722656, 3537.63598633, 4906.79882813, 7381.40332031, 8799.49023438, 9987.9296875, 4862.99853516, 1212.54089355, 1124.62158203, 527.390197754, 554.183776855, 558.485229492, 396.729797363, 394.802154541, 154.37689209, 356.152404785, 79.5749282837, 11.548995018, 7.92573356628, 1.60466277599, 0.435662895441, 0.168617323041, 0.0113870240748, 0.00022353453096, 3.52757274413e-06, 2.98797120379e-09, 6.5975350183e-11], "min": [3.85683335701e-22, 3.14555037112e-21, 1.43458822208e-20, 6.04548828094e-20, 9.54388259937e-20, 1.76256678899e-19, 1.48833832135e-19, 2.75370468021e-19, 5.4838843438e-19, 4.71404234035e-19, 8.88654090739e-19, 7.25613638378e-19, 1.24096489268e-18, 1.85309178086e-18, 1.57265501254e-18, 3.25226840738e-18, 3.54938444558e-18, 6.89829629303e-18, 4.60132781495e-18, 3.98259713035e-18, 1.07758423128e-17, 7.83409688695e-18, 1.3630196934e-17, 1.27377451537e-17, 1.71701932933e-17, 1.0331441183e-17, 1.45296838855e-17, 1.68437514276e-17, 1.8761465453e-17, 1.54538001397e-17, 1.51457597339e-17, 1.75308523121e-17, 1.50518333754e-17, 1.19123595231e-17, 9.32346866708e-18, 5.97419699606e-18, 3.38202409417e-18, 1.27710979032e-18, 2.66635906042e-19, 3.03651702078e-20], "dmean": [0.00766985630617, 0.103321932256, 0.14906321466, 0.192388311028, 0.707091271877, 3.22038054466, 3.08190846443, 3.61801481247, 6.07347011566, 8.68351650238, 14.0946445465, 23.8086185455, 23.3708133698, 19.5905990601, 17.0425224304, 16.7060070038, 19.9789924622, 25.4966716766, 24.2781200409, 18.6764450073, 10.2891368866, 10.4258766174, 9.45342731476, 8.48670864105, 6.73479127884, 3.9243915081, 3.21162962914, 2.223954916, 2.02403855324, 1.13200080395, 0.573599219322, 0.404745608568, 0.220199212432, 0.129641503096, 0.0665902420878, 0.0173044521362, 0.003018834861, 0.000407444982557, 1.16899509521e-05, 5.02281272929e-06], "dmean2": [0.0104285944253, 0.143164366484, 0.235890761018, 0.306799054146, 1.09300851822, 5.05726289749, 4.73812437057, 5.6342215538, 9.5674238205, 13.4301891327, 21.2012805939, 34.6097946167, 32.8032455444, 28.2149276733, 23.2212085724, 22.7686595917, 27.9963474274, 37.2217636108, 36.1390914917, 26.747467041, 14.344745636, 14.7252340317, 13.1562252045, 12.0267677307, 9.61775493622, 5.64553976059, 4.77794694901, 3.20998597145, 3.0562286377, 1.66558873653, 0.820071697235, 0.575888633728, 0.311117321253, 0.186232462525, 0.0942243039608, 0.0248975697905, 0.00416393158957, 0.00059399928432, 1.62035958056e-05, 6.68009352012e-06], "dvar2": [0.000656739459373, 0.155213952065, 0.379025042057, 0.305137187243, 3.84699082375, 105.84324646, 115.981742859, 184.837081909, 780.585205078, 1983.08349609, 3547.61547852, 11143.2841797, 14107.9082031, 11802.5634766, 5780.63330078, 9351.45800781, 12964.1240234, 18818.0195313, 23886.8339844, 9747.8515625, 2317.50146484, 2536.23486328, 1042.16174316, 1085.89050293, 1271.06591797, 912.451599121, 968.08404541, 321.495910645, 801.203430176, 173.260635376, 24.0130405426, 18.0417900085, 3.51090598106, 0.907479047775, 0.349323660135, 0.024584857747, 0.000409601576393, 7.48349066271e-06, 6.54686260759e-09, 1.09010411808e-10], "max": [0.397285372019, 5.97641324997, 12.7987794876, 6.29571485519, 31.0357971191, 123.757011414, 218.297790527, 435.125183105, 491.597961426, 934.43347168, 1172.66882324, 1457.0456543, 2071.81835938, 2059.34057617, 2404.63256836, 2792.75634766, 3168.62451172, 2278.50610352, 3497.57104492, 2151.69873047, 887.356750488, 1558.09301758, 591.562011719, 479.263977051, 621.837097168, 724.913085938, 916.22277832, 459.448455811, 923.779663086, 385.410308838, 182.021743774, 142.533843994, 59.8934631348, 29.8660297394, 19.9253158569, 6.06371688843, 0.651289522648, 0.0668931826949, 0.00204368634149, 0.000218295608647], "median": [0.0080138631165, 0.0769164115191, 0.121394649148, 0.186040848494, 0.615884363651, 1.47353506088, 1.84790551662, 3.23559737206, 2.82665252686, 2.2454996109, 3.45556306839, 4.43971538544, 3.44556760788, 3.14012145996, 2.82746911049, 2.98412513733, 2.0578815937, 2.08825111389, 2.29003429413, 1.81623601913, 2.149995327, 4.42797470093, 4.0906047821, 3.58982992172, 1.73278260231, 0.73592376709, 0.443897157907, 0.426777839661, 0.244228929281, 0.0809014439583, 0.0469513311982, 0.0281591508538, 0.0216168425977, 0.0162985660136, 0.00607215007767, 0.00144039071165, 0.000355546624633, 6.04420274612e-05, 8.1623729784e-06, 1.06393508759e-05], "var": [0.00158208329231, 0.355227202177, 0.346460342407, 0.348571062088, 3.49135780334, 75.3609008789, 166.604492188, 167.675338745, 486.737609863, 1199.94873047, 5396.04199219, 11629.3085938, 17855.625, 13697.3154297, 22023.0371094, 12287.9833984, 19222.6816406, 20557.1855469, 17966.4082031, 17651.6621094, 3079.22216797, 2019.35961914, 1759.86682129, 1641.22583008, 1457.42700195, 688.961181641, 538.483581543, 330.130279541, 567.123779297, 159.032424927, 36.1147537231, 15.5276708603, 3.82388758659, 1.31861519814, 0.533041477203, 0.0421592146158, 0.000834355305415, 7.10337644705e-06, 5.98164717758e-09, 4.016960653e-10]}, "gfcc": {"icov": [[0.00020301535551, -0.000273711892078, 0.000477161695017, -0.000364301871741, 0.000439494469902, -0.000383773003705, 0.000256589031778, -0.000244243623456, 0.000147382161231, -0.000298654689686, 0.000301654392388, 4.46057638328e-05, 7.41077019484e-05], [-0.000273711892078, 0.00223163608462, -0.00170071271714, 0.0012777535012, -0.00208912417293, 0.00201244233176, -0.00136787863448, 0.00106785679236, -0.00109076371882, 0.00249908072874, -0.00181413302198, 0.00133036298212, -6.59267388983e-05], [0.000477161695017, -0.00170071271714, 0.00266424310394, -0.00193869881332, 0.00171003700234, -0.00140344630927, 0.000974113878328, -0.000762506970204, 0.000542705238331, -0.0018102445174, 0.00199828366749, -0.0011586114997, 0.000998325180262], [-0.000364301871741, 0.0012777535012, -0.00193869881332, 0.00326061970554, -0.00162225135136, 0.000748860533349, -0.000137213108246, 0.000579230370931, -0.00114261894487, 0.00139895395841, -0.000690316606779, 0.000322030333336, -0.000549982418306], [0.000439494469902, -0.00208912417293, 0.00171003700234, -0.00162225135136, 0.0049510654062, -0.00212060194463, 0.00164267537184, -0.00125825509895, 0.00044489960419, -0.00167150597554, 0.000735897745471, -0.000711246510036, -0.000234033897868], [-0.000383773003705, 0.00201244233176, -0.00140344630927, 0.000748860533349, -0.00212060194463, 0.00530579546466, -0.00218705344014, 0.000993132125586, -0.000558387953788, 0.000853330886457, -0.00128308846615, 5.10749014211e-05, 0.00190972106066], [0.000256589031778, -0.00136787863448, 0.000974113878328, -0.000137213108246, 0.00164267537184, -0.00218705344014, 0.00467659672722, -0.00222150259651, 0.00135420914739, -0.000765499193221, -0.000475605222164, -0.000138996285386, -0.00139034085441], [-0.000244243623456, 0.00106785679236, -0.000762506970204, 0.000579230370931, -0.00125825509895, 0.000993132125586, -0.00222150259651, 0.00857402384281, -0.00344488071278, 0.00283014308661, 0.000627699890174, -0.00125009566545, 0.00116037181579], [0.000147382161231, -0.00109076371882, 0.000542705238331, -0.00114261894487, 0.00044489960419, -0.000558387953788, 0.00135420914739, -0.00344488071278, 0.00860304292291, -0.00301722134463, 0.000163357064594, 0.000602441141382, 0.000545376911759], [-0.000298654689686, 0.00249908072874, -0.0018102445174, 0.00139895395841, -0.00167150597554, 0.000853330886457, -0.000765499193221, 0.00283014308661, -0.00301722134463, 0.00940403901041, -0.00244240788743, 0.0033022610005, -0.00176608085167], [0.000301654392388, -0.00181413302198, 0.00199828366749, -0.000690316606779, 0.000735897745471, -0.00128308846615, -0.000475605222164, 0.000627699890174, 0.000163357064594, -0.00244240788743, 0.0113985696808, -0.00495790224522, 0.00202723382972], [4.46057638328e-05, 0.00133036298212, -0.0011586114997, 0.000322030333336, -0.000711246510036, 5.10749014211e-05, -0.000138996285386, -0.00125009566545, 0.000602441141382, 0.0033022610005, -0.00495790224522, 0.0104305082932, -0.00326121365651], [7.41077019484e-05, -6.59267388983e-05, 0.000998325180262, -0.000549982418306, -0.000234033897868, 0.00190972106066, -0.00139034085441, 0.00116037181579, 0.000545376911759, -0.00176608085167, 0.00202723382972, -0.00326121365651, 0.0107304751873]], "mean": [-95.1306304932, 116.249786377, -139.26600647, 22.4054870605, -53.3249855042, -1.9722751379, -32.7708511353, 13.3307981491, -20.203956604, -0.525342226028, -7.71627998352, 3.30263209343, -3.70268130302], "cov": [[10684.3056641, -1596.99365234, -1988.50732422, 111.740852356, -566.859558105, 455.096801758, -197.339294434, 12.7757787704, -45.088344574, 234.225021362, -162.805435181, -264.078308105, -21.8376064301], [-1596.99365234, 2318.47485352, 816.481811523, -100.276435852, 436.856414795, -416.656738281, 188.619949341, 38.6011123657, 81.1538772583, -319.864105225, 124.274497986, -11.6208362579, -35.6620483398], [-1988.50732422, 816.481811523, 1594.41394043, 501.767181396, 135.817443848, -61.2238998413, -108.179077148, 30.2946929932, 112.628013611, -44.5813751221, -73.4081726074, 18.9490032196, -100.739997864], [111.740852356, -100.276435852, 501.767181396, 677.474853516, 81.3376846313, 50.1196556091, -153.879806519, 15.8726387024, 84.6772842407, 23.4825153351, -63.3850288391, 0.286569386721, -30.524263382], [-566.859558105, 436.856414795, 135.817443848, 81.3376846313, 403.035736084, -12.5814609528, -21.2702674866, 21.4715843201, 42.9507827759, -38.6717147827, 34.0883827209, 12.8963527679, -6.98500728607], [455.096801758, -416.656738281, -61.2238998413, 50.1196556091, -12.5814609528, 379.559631348, 52.4879493713, 10.0197792053, -7.30681705475, 56.501739502, 6.88326931, 13.0800285339, -47.2003669739], [-197.339294434, 188.619949341, -108.179077148, -153.879806519, -21.2702674866, 52.4879493713, 378.018920898, 58.041557312, -43.3467903137, -54.8620452881, 65.7912216187, 40.5389518738, 30.6619949341], [12.7757787704, 38.6011123657, 30.2946929932, 15.8726387024, 21.4715843201, 10.0197792053, 58.041557312, 171.782852173, 46.0419158936, -48.8750686646, -2.19866704941, 27.4902248383, -15.8408060074], [-45.088344574, 81.1538772583, 112.628013611, 84.6772842407, 42.9507827759, -7.30681705475, -43.3467903137, 46.0419158936, 168.855529785, 32.8510284424, -10.5072565079, -24.4820098877, -22.3173847198], [234.225021362, -319.864105225, -44.5813751221, 23.4825153351, -38.6717147827, 56.501739502, -54.8620452881, -48.8750686646, 32.8510284424, 210.090072632, -17.0785198212, -48.6642189026, 10.3906917572], [-162.805435181, 124.274497986, -73.4081726074, -63.3850288391, 34.0883827209, 6.88326931, 65.7912216187, -2.19866704941, -10.5072565079, -17.0785198212, 142.84135437, 55.9265785217, 1.48390543461], [-264.078308105, -11.6208362579, 18.9490032196, 0.286569386721, 12.8963527679, 13.0800285339, 40.5389518738, 27.4902248383, -24.4820098877, -48.6642189026, 55.9265785217, 158.335983276, 31.028049469], [-21.8376064301, -35.6620483398, -100.739997864, -30.524263382, -6.98500728607, -47.2003669739, 30.6619949341, -15.8408060074, -22.3173847198, 10.3906917572, 1.48390543461, 31.028049469, 126.860221863]]}, "spectral_skewness": {"mean": 1.83078253269, "dvar": 0.125017717481, "min": -0.140295818448, "dmean": 0.368319660425, "dmean2": 0.595226883888, "dvar2": 0.30918315053, "max": 8.96061706543, "median": 1.7386777401, "var": 0.542473971844}, "spectral_energyband_low": {"mean": 0.00147444219328, "dvar": 1.53363544086e-06, "min": 6.39107589942e-23, "dmean": 0.000483968964545, "dmean2": 0.00068432855187, "dvar2": 2.96944767797e-06, "max": 0.0263137593865, "median": 0.000533863028977, "var": 6.4976907197e-06}, "spectral_energyband_middle_low": {"mean": 0.00590443983674, "dvar": 1.53688961291e-05, "min": 2.3841312736e-22, "dmean": 0.00234731566161, "dmean2": 0.00340279564261, "dvar2": 3.23830245179e-05, "max": 0.0673147290945, "median": 0.00311387097463, "var": 5.48466705368e-05}, "mfcc": {"icov": [[0.000186807432328, 8.12030484667e-05, 0.000225911237067, -0.000127990686451, 0.000167055608472, -0.000211618258618, 0.000215891122934, -0.000126846367493, 2.92859767796e-05, -0.000164262397448, -0.00011490281031, -2.98171526083e-05, 0.000121428878629], [8.12030484667e-05, 0.000648165296298, -8.24879680295e-05, -0.000210677535506, -0.000234229912166, 0.000687307561748, -0.000451365951449, 3.90378008888e-05, 3.41981758538e-05, 0.00015508432989, -0.000474691158161, 6.65503175696e-05, 0.000237109983573], [0.000225911237067, -8.24879680295e-05, 0.00141422741581, -0.000763272168115, 0.000211754057091, -0.000834220729303, 0.000770504528191, -0.000692479428835, 7.68980535213e-05, -0.000455320638139, 0.000229552373639, -0.000692732573953, 4.66721430712e-05], [-0.000127990686451, -0.000210677535506, -0.000763272168115, 0.00314539554529, -0.00110013398807, 0.000550436670892, -0.000203153846087, 0.000229137353017, -0.000959541706834, 8.81556334207e-05, 0.00110585056245, -8.0128746049e-05, -0.000818026368506], [0.000167055608472, -0.000234229912166, 0.000211754057091, -0.00110013398807, 0.00327260768972, -0.00138228246942, 0.00178613304161, -0.000932061462663, 0.000856693775859, -0.00068232457852, -0.000568992982153, 0.000728736515157, -0.000261570530711], [-0.000211618258618, 0.000687307561748, -0.000834220729303, 0.000550436670892, -0.00138228246942, 0.00568596366793, -0.00251380493864, 0.00135970569681, -0.0002404795232, -0.000455386179965, -0.000772142433561, -0.000280497886706, -0.000384771788958], [0.000215891122934, -0.000451365951449, 0.000770504528191, -0.000203153846087, 0.00178613304161, -0.00251380493864, 0.00620271405205, -0.00179413030855, -0.00010039726476, 0.000632634037174, -9.13740586839e-05, -0.000464777345769, 0.00035322754411], [-0.000126846367493, 3.90378008888e-05, -0.000692479428835, 0.000229137353017, -0.000932061462663, 0.00135970569681, -0.00179413030855, 0.00535446126014, -0.00164126290474, 0.00254722917452, -0.0025501199998, 0.000864490168169, -0.00124576408416], [2.92859767796e-05, 3.41981758538e-05, 7.68980535213e-05, -0.000959541706834, 0.000856693775859, -0.0002404795232, -0.00010039726476, -0.00164126290474, 0.008066768758, -0.00245372508653, 0.00092762458371, -0.000842992449179, 0.00148642039858], [-0.000164262397448, 0.00015508432989, -0.000455320638139, 8.81556334207e-05, -0.00068232457852, -0.000455386179965, 0.000632634037174, 0.00254722917452, -0.00245372508653, 0.00721849547699, -0.00175751000643, 0.00181778310798, -0.00173799309414], [-0.00011490281031, -0.000474691158161, 0.000229552373639, 0.00110585056245, -0.000568992982153, -0.000772142433561, -9.13740586839e-05, -0.0025501199998, 0.00092762458371, -0.00175751000643, 0.00941393431276, -0.00369613105431, 0.0029036521446], [-2.98171526083e-05, 6.65503175696e-05, -0.000692732573953, -8.0128746049e-05, 0.000728736515157, -0.000280497886706, -0.000464777345769, 0.000864490168169, -0.000842992449179, 0.00181778310798, -0.00369613105431, 0.0109467385337, -0.0043040625751], [0.000121428878629, 0.000237109983573, 4.66721430712e-05, -0.000818026368506, -0.000261570530711, -0.000384771788958, 0.00035322754411, -0.00124576408416, 0.00148642039858, -0.00173799309414, 0.0029036521446, -0.0043040625751, 0.0116512328386]], "mean": [-731.391418457, 143.867492676, -23.0762023926, 24.3291912079, -0.349998950958, -9.26546382904, -1.13068771362, 4.73591947556, -1.07866322994, -5.17080354691, 4.720038414, -0.603354454041, -4.09413480759], "cov": [[8707.49121094, -1887.64868164, -1483.23693848, -377.317718506, -428.506500244, 290.245117188, -113.359260559, -222.933044434, 28.4417934418, 235.483642578, 75.9063720703, -65.1684875488, -104.811218262], [-1887.64868164, 2494.07128906, 356.691741943, 236.013809204, 182.564529419, -299.470153809, 127.730766296, 238.272964478, -10.2849464417, -165.744491577, 108.943389893, 16.7995204926, -44.4844818115], [-1483.23693848, 356.691741943, 1325.93469238, 388.454467773, 235.270431519, 63.591709137, -92.0274887085, 97.2946090698, 42.29139328, 47.4297790527, -25.4954891205, 75.8093795776, 86.7739486694], [-377.317718506, 236.013809204, 388.454467773, 538.26373291, 215.145019531, -20.4159049988, -74.0439224243, 12.6801939011, 47.5402641296, 38.7934913635, -65.2399368286, 6.43169116974, 61.4772262573], [-428.506500244, 182.564529419, 235.270431519, 215.145019531, 521.127563477, 46.3019180298, -127.914726257, 26.4240341187, -16.7507076263, 63.0447120667, 7.87356376648, -21.6096439362, 36.441280365], [290.245117188, -299.470153809, 63.591709137, -20.4159049988, 46.3019180298, 285.013702393, 41.9882965088, -50.2285575867, 6.12919044495, 58.6483840942, 14.8929166794, 18.6383609772, 16.3298912048], [-113.359260559, 127.730766296, -92.0274887085, -74.0439224243, -127.914726257, 41.9882965088, 277.280517578, 97.9869842529, 8.2381105423, -76.6968612671, 41.9656906128, 26.2823543549, -18.9035758972], [-222.933044434, 238.272964478, 97.2946090698, 12.6801939011, 26.4240341187, -50.2285575867, 97.9869842529, 337.387115479, 25.7009315491, -110.49356842, 82.7422180176, 26.7353343964, -0.492639243603], [28.4417934418, -10.2849464417, 42.29139328, 47.5402641296, -16.7507076263, 6.12919044495, 8.2381105423, 25.7009315491, 150.438278198, 39.7177963257, -4.40366458893, 4.21129703522, -5.2087430954], [235.483642578, -165.744491577, 47.4297790527, 38.7934913635, 63.0447120667, 58.6483840942, -76.6968612671, -110.49356842, 39.7177963257, 226.95161438, -9.79505634308, -22.2319030762, 20.3310642242], [75.9063720703, 108.943389893, -25.4954891205, -65.2399368286, 7.87356376648, 14.8929166794, 41.9656906128, 82.7422180176, -4.40366458893, -9.79505634308, 168.136016846, 39.877204895, -27.3134803772], [-65.1684875488, 16.7995204926, 75.8093795776, 6.43169116974, -21.6096439362, 18.6383609772, 26.2823543549, 26.7353343964, 4.21129703522, -22.2319030762, 39.877204895, 128.63041687, 36.4029808044], [-104.811218262, -44.4844818115, 86.7739486694, 61.4772262573, 36.441280365, 16.3298912048, -18.9035758972, -0.492639243603, -5.2087430954, 20.3310642242, -27.3134803772, 36.4029808044, 117.623680115]]}, "silence_rate_20dB": {"mean": 1, "dvar": 0, "min": 1, "dmean": 0, "dmean2": 0, "dvar2": 0, "max": 1, "median": 1, "var": 0}, "dynamic_complexity": 5.35909938812, "silence_rate_60dB": {"mean": 0.249194949865, "dvar": 0.0734124332666, "min": 0, "dmean": 0.0797720775008, "dmean2": 0.159563928843, "dvar2": 0.149467036128, "max": 1, "median": 0, "var": 0.187097430229}, "dissonance": {"mean": 0.448270738125, "dvar": 0.000803966773674, "min": 0.163357362151, "dmean": 0.0265538915992, "dmean2": 0.0438310392201, "dvar2": 0.00215460103936, "max": 0.500000119209, "median": 0.461420059204, "var": 0.00201389100403}, "barkbands": {"mean": [3.53938980879e-06, 0.00120301591232, 0.000196784749278, 0.000154771434609, 0.00108793214895, 0.000792576640379, 0.00070159410825, 0.000840902735945, 0.00199260166846, 0.000914176227525, 0.00115948531311, 0.000776776229031, 0.000791874539573, 0.000795819389168, 0.00084987480659, 0.000327454152284, 0.000343939405866, 0.000357245531632, 0.000312986347126, 0.000145173500641, 0.00010763478349, 7.95745072537e-05, 3.75836098101e-05, 2.49330914812e-05, 1.80928855116e-05, 4.0167365114e-06, 1.03729874468e-07], "dvar": [1.12947446534e-11, 1.24261589463e-06, 8.20468741836e-08, 2.2359319729e-08, 1.36302935516e-06, 1.1031829672e-06, 2.01860575544e-06, 2.9111170079e-06, 1.01626237665e-05, 5.7689935602e-06, 3.98001293433e-06, 3.31885894411e-06, 4.43735052613e-06, 3.69763938579e-06, 3.71085661754e-06, 6.41536018975e-07, 3.39104047953e-07, 1.95064430386e-07, 2.6503977324e-07, 1.68876240991e-07, 1.47625385694e-07, 1.69024943375e-07, 1.94291480682e-08, 9.35352240106e-09, 2.90836887906e-09, 1.57635890452e-10, 2.41144669337e-13], "min": [1.25305608636e-23, 1.36777578908e-23, 1.29889655691e-23, 3.0962478141e-23, 3.58183051322e-23, 2.68046699886e-23, 3.5546561483e-23, 3.84410088957e-23, 3.64528869325e-23, 4.16731518847e-23, 3.41817406091e-23, 6.38236624393e-23, 7.9006035245e-23, 1.36981329058e-22, 6.64216401466e-23, 1.83711858739e-22, 1.15162484027e-22, 2.98130932871e-22, 2.73210400356e-22, 2.74574385037e-22, 3.04160278811e-22, 6.0996007564e-22, 5.60047773316e-22, 8.44439929904e-22, 1.1318467216e-21, 1.77142020648e-21, 2.00045209898e-21], "dmean": [1.95088159671e-06, 0.000402863894124, 0.000112973844807, 8.53977326187e-05, 0.000632415350992, 0.000423533929279, 0.000494422100019, 0.000552517652977, 0.00113723054528, 0.000619147496764, 0.000483257725136, 0.000440818956122, 0.000499802525155, 0.000507869466674, 0.000494411156978, 0.000222728907829, 0.000194479507627, 0.000177975278348, 0.00016545742983, 8.67589187692e-05, 6.3661384047e-05, 5.00766873301e-05, 2.27931632253e-05, 1.55579818966e-05, 9.94458332571e-06, 2.30178625316e-06, 9.6420322393e-08], "dmean2": [3.21828883898e-06, 0.000554519938305, 0.000190418664715, 0.000134834175697, 0.000984111684375, 0.000654383678921, 0.000772620318457, 0.000860435015056, 0.00165754940826, 0.000894742843229, 0.000693279958796, 0.000624566513579, 0.000730277155526, 0.000760696013458, 0.000724665471353, 0.000322780193528, 0.000280961889075, 0.000253564561717, 0.000244172813836, 0.000125228296383, 9.4503739092e-05, 7.15173664503e-05, 3.21210063703e-05, 2.18264121941e-05, 1.39585690704e-05, 3.23214248965e-06, 1.54523050355e-07], "dvar2": [2.86064227861e-11, 2.25907115237e-06, 2.22787633675e-07, 5.78226000414e-08, 3.36312473337e-06, 2.31552553487e-06, 4.55704139313e-06, 6.65324296278e-06, 2.11910719372e-05, 1.14650565592e-05, 7.60316015658e-06, 6.54806626699e-06, 8.11885911389e-06, 8.04089359008e-06, 7.73576721258e-06, 1.34458150569e-06, 7.42210659155e-07, 3.99322544808e-07, 5.98551594067e-07, 3.76309316152e-07, 3.3969789115e-07, 3.51204079152e-07, 4.06850730883e-08, 2.0584428384e-08, 5.60621815637e-09, 3.10530767766e-10, 5.60952326256e-13], "max": [5.21312394994e-05, 0.0226158872247, 0.0086984410882, 0.00265110563487, 0.0203866977245, 0.0385301522911, 0.0276211574674, 0.0423406362534, 0.0526848956943, 0.0548622608185, 0.05581555143, 0.057298976928, 0.0597094707191, 0.0463305227458, 0.0643003359437, 0.0191391650587, 0.0229382310063, 0.00952857919037, 0.014986670576, 0.0160654205829, 0.0172375012189, 0.01929920353, 0.00724314013496, 0.00427952036262, 0.00243693543598, 0.000664780265652, 1.33097701109e-05], "median": [1.33586399897e-06, 0.000337290461175, 8.7152744527e-05, 6.56679330859e-05, 0.000417695526266, 0.000343506835634, 0.000124610873172, 9.32752736844e-05, 0.000171421284904, 6.27506233286e-05, 4.70667619084e-05, 5.44135000382e-05, 3.43277206412e-05, 3.28618771164e-05, 3.56315322279e-05, 2.75319671346e-05, 7.15223795851e-05, 6.61542580929e-05, 4.91596729262e-05, 1.3549481082e-05, 1.10284054244e-05, 5.75052035856e-06, 1.68492363173e-06, 1.32235800265e-06, 1.21095445138e-06, 2.26623484423e-07, 6.82547618425e-09], "var": [2.88905930429e-11, 5.21972742717e-06, 1.18599714938e-07, 5.35827666681e-08, 2.90502998723e-06, 2.68635562861e-06, 3.31014121002e-06, 7.44596172808e-06, 2.73866407952e-05, 1.24888165374e-05, 2.09562913369e-05, 8.53699384606e-06, 1.0783356629e-05, 7.44122689866e-06, 9.46557884163e-06, 1.2231898836e-06, 6.45381589948e-07, 6.23493292551e-07, 6.17825776317e-07, 3.13751655767e-07, 2.33043579101e-07, 3.4481101352e-07, 5.73389620229e-08, 2.1001850925e-08, 1.03092219206e-08, 6.25902774054e-10, 3.05678605258e-13]}, "spectral_complexity": {"mean": 11.1324005127, "dvar": 9.34163475037, "min": 0, "dmean": 2.63000130653, "dmean2": 3.73290395737, "dvar2": 15.5756549835, "max": 56, "median": 9, "var": 57.8514862061}, "spectral_energyband_high": {"mean": 0.000339605554473, "dvar": 5.37904440989e-07, "min": 7.80527787564e-21, "dmean": 0.000156118767336, "dmean2": 0.000209302786971, "dvar2": 9.715708984e-07, "max": 0.0336998552084, "median": 3.67972206732e-05, "var": 2.41297470893e-06}, "hfc": {"mean": 15.5093002319, "dvar": 79.5225830078, "min": 1.15678085232e-16, "dmean": 4.61910152435, "dmean2": 5.95277786255, "dvar2": 122.93510437, "max": 237.11088562, "median": 5.31987571716, "var": 498.742279053}, "melbands_kurtosis": {"mean": 9.2075510025, "dvar": 95.5350646973, "min": -1.78507399559, "dmean": 4.77779626846, "dmean2": 7.17474746704, "dvar2": 203.715545654, "max": 321.029174805, "median": 4.3537607193, "var": 291.360778809}, "spectral_strongpeak": {"mean": 1.44841217995, "dvar": 1.08298444748, "min": 0, "dmean": 0.594467580318, "dmean2": 0.941423416138, "dvar2": 2.5211789608, "max": 14.0900669098, "median": 0.454834759235, "var": 4.42593812943}, "silence_rate_30dB": {"mean": 1, "dvar": 0, "min": 1, "dmean": 0, "dmean2": 0, "dvar2": 0, "max": 1, "median": 1, "var": 0}, "melbands_spread": {"mean": 22.6073150635, "dvar": 85.8228988647, "min": 0.460166990757, "dmean": 6.51199483871, "dmean2": 9.42614173889, "dvar2": 174.797409058, "max": 172.741821289, "median": 17.134431839, "var": 362.818786621}, "melbands_crest": {"mean": 13.6239042282, "dvar": 8.45610046387, "min": 1.80848062038, "dmean": 3.08560585976, "dmean2": 4.89767217636, "dvar2": 20.1479110718, "max": 34.4244499207, "median": 12.9456481934, "var": 27.1230754852}, "average_loudness": 0.716269373894, "spectral_flux": {"mean": 0.0592403709888, "dvar": 0.000508986820932, "min": 6.68106958646e-11, "dmean": 0.0187128819525, "dmean2": 0.0276532098651, "dvar2": 0.00107065367047, "max": 0.304970234632, "median": 0.0464535355568, "var": 0.00205273926258}, "spectral_rolloff": {"mean": 1512.9041748, "dvar": 518118.53125, "min": 86.1328125, "dmean": 379.922424316, "dmean2": 597.040161133, "dvar2": 1052938.625, "max": 18798.4863281, "median": 1141.25976563, "var": 2137520.25}, "melbands": {"mean": [0.000291358941467, 0.000270913180429, 8.46986586112e-05, 0.000216424305108, 0.000212455794099, 0.000148757739225, 0.000138957737363, 0.000136084854603, 0.000216744840145, 0.000270978896879, 0.000197075874894, 0.00014026046847, 0.000163823089679, 8.68118586368e-05, 7.72701168898e-05, 8.05840973044e-05, 8.0862257164e-05, 5.87641334278e-05, 6.3941886765e-05, 3.00740684906e-05, 1.95120792341e-05, 1.90522841876e-05, 2.05244850804e-05, 1.77641923074e-05, 1.37136903504e-05, 1.10344244604e-05, 7.05371530785e-06, 4.05897662858e-06, 3.24931693285e-06, 2.46653530667e-06, 2.23086249207e-06, 1.90334219496e-06, 1.2167516843e-06, 8.84151120317e-07, 5.76442630518e-07, 4.31797474221e-07, 3.62031471468e-07, 2.61960082071e-07, 2.02333836796e-07, 1.83385296282e-07], "dvar": [6.7475752985e-08, 7.0033493671e-08, 4.24230561791e-09, 7.17010593121e-08, 5.46653389222e-08, 4.07298941241e-08, 6.95971493769e-08, 1.01146618192e-07, 1.24425724835e-07, 2.28757869536e-07, 1.83288960898e-07, 9.83165477919e-08, 5.45333485036e-08, 3.19296766804e-08, 6.08803034652e-08, 4.96874861255e-08, 3.63092276245e-08, 2.92469231056e-08, 2.19198010853e-08, 4.96027618979e-09, 1.93374494195e-09, 1.78812398222e-09, 6.39009734016e-10, 5.32387522956e-10, 4.55317866743e-10, 5.02816122072e-10, 1.95377394818e-10, 2.48913584189e-10, 2.25576002322e-10, 1.22017743132e-10, 6.83447465288e-11, 1.96680186026e-10, 5.24688903436e-11, 2.09850088695e-11, 6.76826997226e-12, 3.59145720975e-12, 3.88296512999e-12, 1.03630949308e-12, 5.21242174856e-13, 3.47480860275e-13], "min": [4.31138004354e-24, 5.95251483227e-24, 1.23138371072e-23, 8.70823395501e-24, 5.65286365084e-24, 6.61869761154e-24, 8.43008159983e-24, 5.77236148406e-24, 6.96294231108e-24, 4.87253230416e-24, 6.33697881621e-24, 8.03088169419e-24, 5.34047828225e-24, 6.01961100214e-24, 8.52649617967e-24, 8.4849042773e-24, 1.39653797322e-23, 7.03183984482e-24, 5.46627990296e-24, 5.66937569288e-24, 1.55058988624e-23, 8.28912951101e-24, 8.16227042226e-24, 1.50960950885e-23, 9.08403624621e-24, 1.09177773414e-23, 1.2671946826e-23, 6.0400492049e-24, 8.12603251885e-24, 6.26237702926e-24, 1.15806831925e-23, 1.07671822169e-23, 9.78859079763e-24, 7.98429945774e-24, 7.98064860947e-24, 1.02132409338e-23, 1.05159907609e-23, 1.06323919206e-23, 9.66346483628e-24, 1.01109162081e-23], "dmean": [9.64347273111e-05, 9.93183857645e-05, 4.092893505e-05, 0.000134294445161, 0.000115813760203, 8.18937114673e-05, 9.40118407016e-05, 9.69434622675e-05, 0.000125471851788, 0.000160367155331, 0.000118481220852, 8.06190946605e-05, 6.39443242108e-05, 4.62190691906e-05, 5.01349386468e-05, 4.98579211126e-05, 5.00169117004e-05, 4.03543490393e-05, 3.71944479411e-05, 1.83554038813e-05, 1.22291448861e-05, 1.13654914458e-05, 1.05046010503e-05, 8.77097681951e-06, 7.39401548344e-06, 5.92697460888e-06, 3.79740981771e-06, 2.67726227321e-06, 2.36530490838e-06, 1.61508262408e-06, 1.39910002872e-06, 1.42080830301e-06, 8.64195897066e-07, 5.97892380938e-07, 3.84736352999e-07, 2.98822357081e-07, 2.53715825238e-07, 1.6733544328e-07, 1.29830681317e-07, 1.09795969649e-07], "dmean2": [0.000131958615384, 0.000145283920574, 6.34268508293e-05, 0.000211018777918, 0.000178281217813, 0.000127570441691, 0.000146974285599, 0.000150107269292, 0.000189173530089, 0.000232420905377, 0.000166835699929, 0.00011693740089, 8.88749200385e-05, 6.44188257866e-05, 7.26864091121e-05, 7.04449703335e-05, 7.44626086089e-05, 6.1283884861e-05, 5.40989858564e-05, 2.63934161921e-05, 1.76094763447e-05, 1.64804387168e-05, 1.48813105625e-05, 1.261410398e-05, 1.073347903e-05, 8.687378795e-06, 5.40955807082e-06, 4.01195438826e-06, 3.64865513802e-06, 2.42462010647e-06, 2.03014906219e-06, 2.21045183935e-06, 1.28086969653e-06, 8.93945070857e-07, 5.85726297686e-07, 4.41111893679e-07, 3.80029689495e-07, 2.41355536446e-07, 1.92613939021e-07, 1.62064338838e-07], "dvar2": [1.21111312978e-07, 1.45695850051e-07, 1.11165014971e-08, 1.80182240683e-07, 1.16555327168e-07, 8.81633894778e-08, 1.64100654843e-07, 2.3655073278e-07, 2.68441681328e-07, 4.9168716032e-07, 3.60682975042e-07, 2.01567956992e-07, 9.59273620538e-08, 6.60047163592e-08, 1.10708448631e-07, 8.80484520849e-08, 7.9779454154e-08, 7.28817752815e-08, 4.39969412014e-08, 1.00987298524e-08, 3.96863564234e-09, 4.24000301535e-09, 1.30668664777e-09, 1.1668928046e-09, 9.09638364632e-10, 1.19206222671e-09, 3.96207816555e-10, 6.12382367038e-10, 5.92021764945e-10, 2.85102275122e-10, 1.54461235469e-10, 4.66260974274e-10, 1.19932494491e-10, 4.53404258582e-11, 1.58238491754e-11, 8.27444709972e-12, 9.53951240917e-12, 2.30306854317e-12, 1.29456048745e-12, 7.35882492095e-13], "max": [0.00519819976762, 0.00709506636485, 0.000985138351098, 0.00475075934082, 0.00564145902172, 0.00873219408095, 0.0064176642336, 0.00914774555713, 0.00934238452464, 0.0098545383662, 0.0103935869411, 0.00841608643532, 0.00758446194232, 0.00509910378605, 0.00789430551231, 0.00763066345826, 0.00484325131401, 0.00488137314096, 0.00476475292817, 0.00250708707608, 0.00124946108554, 0.00208342331462, 0.000574341625907, 0.0006935436395, 0.000465914723463, 0.000864471832756, 0.000551160075702, 0.000603804597631, 0.000645680644084, 0.000518578686751, 0.00037786809844, 0.00067479320569, 0.000302135915263, 0.000194731619558, 0.000131144333864, 9.47777298279e-05, 9.99846306513e-05, 4.44660545327e-05, 3.07046502712e-05, 2.45284281846e-05], "median": [8.74749966897e-05, 8.63346213009e-05, 4.47460442956e-05, 7.52023624955e-05, 7.65637378208e-05, 7.20630996511e-05, 4.18832132709e-05, 2.17587603402e-05, 2.31431440625e-05, 2.42582536885e-05, 1.20926379168e-05, 9.69930260908e-06, 8.02969589131e-06, 6.73028807796e-06, 4.30698219134e-06, 3.60713147529e-06, 3.2534840102e-06, 2.98335680782e-06, 2.49537583841e-06, 1.83617328275e-06, 2.10748657992e-06, 4.11906694353e-06, 4.12025838159e-06, 2.97950441563e-06, 2.48747028309e-06, 1.39647568176e-06, 6.62368051962e-07, 3.53210708681e-07, 2.54036592651e-07, 2.30661271416e-07, 2.30071350416e-07, 1.45673737961e-07, 6.12339192685e-08, 3.12005390413e-08, 2.70803397484e-08, 1.6884786902e-08, 1.52501211659e-08, 1.33275461778e-08, 1.48460319593e-08, 1.17547109824e-08], "var": [2.82328898038e-07, 2.51602443768e-07, 1.16060645539e-08, 1.34411905606e-07, 1.57542274337e-07, 8.28745001513e-08, 1.13092220033e-07, 1.48977022718e-07, 4.17997057411e-07, 5.64259266866e-07, 4.53013740298e-07, 2.29211153169e-07, 3.9111426986e-07, 1.08971072166e-07, 1.24673363189e-07, 1.10481671811e-07, 7.82252342901e-08, 4.7498684097e-08, 5.73010758842e-08, 1.22858834217e-08, 4.37864500213e-09, 2.55384335901e-09, 1.7295170851e-09, 1.84070358955e-09, 1.16280618467e-09, 1.02910280297e-09, 5.74455427671e-10, 3.20644982787e-10, 2.6054042257e-10, 1.56773483084e-10, 1.22089963139e-10, 2.58477184101e-10, 8.33400640166e-11, 4.07819299164e-11, 1.52294652583e-11, 6.6527998388e-12, 6.15485136815e-12, 2.23819877562e-12, 1.02107233259e-12, 9.94743350191e-13]}, "spectral_energy": {"mean": 0.0140204820782, "dvar": 3.44553591276e-05, "min": 1.08049368915e-20, "dmean": 0.00383622408845, "dmean2": 0.00518020847812, "dvar2": 5.94828234171e-05, "max": 0.0839981213212, "median": 0.00837581604719, "var": 0.000207482822589}, "spectral_decrease": {"mean": -3.34206351482e-09, "dvar": 1.92424606395e-18, "min": -1.95134930436e-08, "dmean": 9.18455977938e-10, "dmean2": 1.24852983507e-09, "dvar2": 3.39749505996e-18, "max": 6.02702247124e-30, "median": -2.06806305414e-09, "var": 1.13316721156e-17}, "erbbands_spread": {"mean": 27.7160663605, "dvar": 62.6540794373, "min": 1.33896672726, "dmean": 6.64274549484, "dmean2": 9.83293437958, "dvar2": 124.813339233, "max": 143.402603149, "median": 23.8625068665, "var": 310.143035889}, "spectral_contrast_coeffs": {"mean": [-0.680634021759, -0.719160974026, -0.745575249195, -0.764884471893, -0.748472332954, -0.755951046944], "dvar": [0.00153642881196, 0.00181762780994, 0.00159391039051, 0.00103423243854, 0.000730853294954, 0.000498130568303], "min": [-0.973796844482, -0.953922092915, -0.965659201145, -0.96459877491, -0.957702040672, -0.962842285633], "dmean": [0.0473834946752, 0.051050838083, 0.0436778664589, 0.0356960482895, 0.0294534638524, 0.0228684339672], "dmean2": [0.0764737799764, 0.0811577513814, 0.0667723715305, 0.0537161938846, 0.0436780415475, 0.0340038202703], "dvar2": [0.00379280000925, 0.0043195434846, 0.00316757825203, 0.00206694984809, 0.00140619382728, 0.000935062416829], "max": [-0.350528806448, -0.33667948842, -0.329586803913, -0.409041762352, -0.532094061375, -0.525503158569], "median": [-0.687532663345, -0.734236240387, -0.781230807304, -0.792757630348, -0.752492904663, -0.764987111092], "var": [0.00773191079497, 0.00915295444429, 0.0134008135647, 0.00878417398781, 0.00553294224665, 0.00331598264165]}, "spectral_energyband_middle_high": {"mean": 0.0065056164749, "dvar": 2.00171525648e-05, "min": 1.57017823022e-21, "dmean": 0.00212816987187, "dmean2": 0.00278840656392, "dvar2": 3.324921272e-05, "max": 0.0791423395276, "median": 0.00120849348605, "var": 0.000128502113512}, "erbbands_crest": {"mean": 11.0786848068, "dvar": 8.70452022552, "min": 2.40093040466, "dmean": 3.07887101173, "dmean2": 4.94062900543, "dvar2": 20.8643379211, "max": 32.3372497559, "median": 9.7702255249, "var": 28.1602859497}, "barkbands_crest": {"mean": 11.3912143707, "dvar": 6.09523677826, "min": 2.11583399773, "dmean": 2.69159293175, "dmean2": 4.23767852783, "dvar2": 14.2562446594, "max": 26.0151538849, "median": 10.5775880814, "var": 22.3732566833}, "pitch_salience": {"mean": 0.572619974613, "dvar": 0.00389752769843, "min": 0.100818790495, "dmean": 0.0699146166444, "dmean2": 0.109130956233, "dvar2": 0.00921297166497, "max": 0.910102307796, "median": 0.580788731575, "var": 0.0149618713185}, "melbands_skewness": {"mean": 1.7750582695, "dvar": 0.429452627897, "min": -2.45965242386, "dmean": 0.609649419785, "dmean2": 0.886844336987, "dvar2": 0.841023564339, "max": 13.9898271561, "median": 1.58300542831, "var": 2.41170668602}, "spectral_spread": {"mean": 3159937, "dvar": 413072654336, "min": 665017.3125, "dmean": 400916.96875, "dmean2": 580689.125, "dvar2": 725149417472, "max": 40389364, "median": 2752787.75, "var": 1933120765950.0}, "spectral_entropy": {"mean": 7.12668514252, "dvar": 0.0372373089194, "min": 4.93890762329, "dmean": 0.189327210188, "dmean2": 0.266046255827, "dvar2": 0.0661752298474, "max": 9.81133270264, "median": 7.13131046295, "var": 0.315961807966}, "erbbands_flatness_db": {"mean": 0.220609515905, "dvar": 0.000427572231274, "min": 0.0455441139638, "dmean": 0.0202239882201, "dmean2": 0.028508644551, "dvar2": 0.000761240546126, "max": 0.410355180502, "median": 0.221594244242, "var": 0.00367639865726}, "spectral_kurtosis": {"mean": 8.39473152161, "dvar": 15.4028491974, "min": -1.18289136887, "dmean": 3.54439711571, "dmean2": 6.01757764816, "dvar2": 41.6120948792, "max": 112.923034668, "median": 7.15996551514, "var": 41.9630432129}, "erbbands_skewness": {"mean": 0.493437200785, "dvar": 0.198803842068, "min": -2.91511678696, "dmean": 0.449704647064, "dmean2": 0.658505737782, "dvar2": 0.401966422796, "max": 7.0180516243, "median": 0.418577313423, "var": 1.11882150173}, "erbbands_kurtosis": {"mean": 1.47328794003, "dvar": 6.0967798233, "min": -1.83794689178, "dmean": 1.48234856129, "dmean2": 2.26938915253, "dvar2": 13.7586011887, "max": 57.3145256042, "median": 0.177039861679, "var": 16.0817298889}, "barkbands_spread": {"mean": 16.7036151886, "dvar": 35.3391494751, "min": 0.384894430637, "dmean": 4.51849079132, "dmean2": 6.53663635254, "dvar2": 69.1579055786, "max": 128.650177002, "median": 13.6063804626, "var": 162.520172119}, "zerocrossingrate": {"mean": 0.0530536882579, "dvar": 0.0001310158259, "min": 0.00244140625, "dmean": 0.00817558076233, "dmean2": 0.00916356034577, "dvar2": 0.000161781790666, "max": 0.50341796875, "median": 0.04541015625, "var": 0.00155823526438}, "spectral_centroid": {"mean": 1332.76428223, "dvar": 85601.0390625, "min": 138.422851563, "dmean": 239.377288818, "dmean2": 339.533721924, "dvar2": 149628.484375, "max": 11114.1992188, "median": 1260.77819824, "var": 522120.1875}, "barkbands_skewness": {"mean": 1.1569596529, "dvar": 0.334500610828, "min": -3.05297589302, "dmean": 0.534541368484, "dmean2": 0.778426885605, "dvar2": 0.666187345982, "max": 14.7988986969, "median": 1.03656446934, "var": 1.81052625179}, "melbands_flatness_db": {"mean": 0.237852707505, "dvar": 0.000745621160604, "min": 0.00446472596377, "dmean": 0.0259571000934, "dmean2": 0.0354135558009, "dvar2": 0.00122001289856, "max": 0.638281524181, "median": 0.232088580728, "var": 0.00680040335283}, "spectral_contrast_valleys": {"mean": [-8.21492195129, -7.39816331863, -7.98762655258, -8.53295898438, -8.50283527374, -11.6695652008], "dvar": [0.101182684302, 0.133194059134, 0.11561113596, 0.106526747346, 0.11111138761, 0.15925681591], "min": [-27.57554245, -27.4382133484, -27.1289825439, -27.3215522766, -27.4490451813, -27.2895450592], "dmean": [0.352995812893, 0.404685735703, 0.374405294657, 0.337517976761, 0.324750036001, 0.374959200621], "dmean2": [0.575602352619, 0.62833493948, 0.549730718136, 0.479270964861, 0.429411321878, 0.468084156513], "dvar2": [0.225065335631, 0.271957665682, 0.215939179063, 0.182956308126, 0.170555517077, 0.229641363025], "max": [-6.04100942612, -4.98621177673, -5.17605447769, -5.29277896881, -5.72254800797, -7.69624948502], "median": [-8.06218624115, -7.26300096512, -7.9415102005, -8.48956108093, -8.39141178131, -11.7608528137], "var": [1.31834924221, 1.13803207874, 1.09330880642, 1.29089891911, 1.31275582314, 1.79754507542]}, "barkbands_flatness_db": {"mean": 0.187993511558, "dvar": 0.000507918535732, "min": 0.0105004617944, "dmean": 0.0224617868662, "dmean2": 0.0316136032343, "dvar2": 0.0009106002