{"tonal": {"chords_number_rate": 0.0012236906914, "thpcp": [1, 0.559722781181, 0.113066010177, 0.0686836913228, 0.114964827895, 0.218583226204, 0.24545674026, 0.159918889403, 0.0808604285121, 0.0456295162439, 0.060006968677, 0.144495472312, 0.193413972855, 0.132694035769, 0.113805837929, 0.147806212306, 0.10379229486, 0.0553765930235, 0.0516237020493, 0.0655657574534, 0.268447518349, 0.527445197105, 0.344300687313, 0.0593438632786, 0.0248604584485, 0.0276821125299, 0.0931745097041, 0.164676830173, 0.10981040448, 0.0303670335561, 0.0175320338458, 0.0202894490212, 0.0443742647767, 0.0744943469763, 0.168059378862, 0.644776523113], "hpcp": {"dvar": [0.0123068410903, 0.0180009976029, 0.0248035117984, 0.0281070992351, 0.0239111799747, 0.0105976108462, 0.00446383701637, 0.00481518916786, 0.00829482637346, 0.0128725077957, 0.0102098323405, 0.00596815627068, 0.0046611269936, 0.00583190843463, 0.00999858323485, 0.0184898283333, 0.031283095479, 0.0375681333244, 0.0423503443599, 0.0359848253429, 0.0278069395572, 0.0238884724677, 0.0254128035158, 0.0294761937112, 0.0290346592665, 0.0329996682703, 0.028530055657, 0.0186833124608, 0.0186130777001, 0.0246040597558, 0.0209397058934, 0.0213555842638, 0.0173001494259, 0.0153231211007, 0.01552083157, 0.0137740951031], "mean": [0.0270799770951, 0.0343934893608, 0.140818119049, 0.276679188013, 0.180608019233, 0.031129701063, 0.0130409216508, 0.0145210614428, 0.0488760694861, 0.0863836705685, 0.057602673769, 0.0159294772893, 0.00919668748975, 0.0106431310996, 0.0232771765441, 0.0390771143138, 0.0881580337882, 0.338227063417, 0.524564802647, 0.293610870838, 0.0593104474247, 0.036029048264, 0.0603065006435, 0.114661067724, 0.128757968545, 0.083887822926, 0.0424165353179, 0.0239356383681, 0.0314775444567, 0.0757972374558, 0.101458162069, 0.0696066245437, 0.0596985369921, 0.0775339379907, 0.054445784539, 0.0290486123413], "min": [0, 0, 0, 0, 0, 0, 0, 0, 0, 0, 0, 0, 0, 0, 0, 0, 0, 0, 0, 0, 0, 0, 0, 0, 0, 0, 0, 0, 0, 0, 0, 0, 0, 0, 0, 0], "median": [0.0012914345134, 0.00127402599901, 0.0403328537941, 0.0946236029267, 0.0623212642968, 0.00730663118884, 0.000652865506709, 0.000904750893824, 0.00343768624589, 0.0051354393363, 0.00419089477509, 0.00172524736263, 0.000529450771865, 0.000304871296976, 0.000658967532218, 0.00135676027276, 0.0137059278786, 0.257849425077, 0.509671926498, 0.210848495364, 0.00422793440521, 0.000741701980587, 0.00158710544929, 0.00439737690613, 0.00723506929353, 0.00334695633501, 0.000648922577966, 0.000223444483709, 0.000340149446856, 0.00192279228941, 0.00336652738042, 0.00257944688201, 0.00265923747793, 0.00280912034214, 0.00335203018039, 0.00266738981009], "dvar2": [0.033562336117, 0.0504435636103, 0.0681811720133, 0.0641586557031, 0.0607395581901, 0.0294809825718, 0.0124508449808, 0.0134555511177, 0.0207459423691, 0.0290425345302, 0.0265459492803, 0.0166233181953, 0.0132512366399, 0.0162185896188, 0.0270199887455, 0.0498125702143, 0.0859634578228, 0.0960558280349, 0.0983259528875, 0.0924869328737, 0.075337536633, 0.0668332874775, 0.0657028779387, 0.0721986219287, 0.0709697604179, 0.0834750086069, 0.0754746869206, 0.0519379898906, 0.0515219084918, 0.0658393129706, 0.0496703535318, 0.0570457726717, 0.0482918471098, 0.0358991697431, 0.0414282120764, 0.0380960442126], "var": [0.00975748803467, 0.0142576228827, 0.0473891757429, 0.125404521823, 0.0589092746377, 0.00818846933544, 0.00313832168467, 0.00333725917153, 0.0159284360707, 0.0454614534974, 0.0209781918675, 0.00421484792605, 0.00295540364459, 0.00386048387736, 0.00809869263321, 0.0150603372604, 0.0301479231566, 0.101548805833, 0.173242270947, 0.0839897245169, 0.0228759665042, 0.0168819129467, 0.0269351005554, 0.0664860680699, 0.0749824866652, 0.0443066991866, 0.0222432017326, 0.0121280346066, 0.0162705201656, 0.0473572164774, 0.067143291235, 0.0359755009413, 0.0265229195356, 0.0462268330157, 0.0219052359462, 0.0108663905412], "dmean2": [0.057613901794, 0.0812686905265, 0.130383580923, 0.128849625587, 0.132026553154, 0.0591759234667, 0.026924835518, 0.0323642008007, 0.0531341731548, 0.0627993866801, 0.0583341307938, 0.0317906960845, 0.0230215806514, 0.0261846333742, 0.0448338650167, 0.0811038017273, 0.158179029822, 0.229999408126, 0.202836707234, 0.221345335245, 0.130412578583, 0.0945201665163, 0.106031231582, 0.11897918582, 0.121172703803, 0.130529031157, 0.105256274343, 0.0697556436062, 0.0702693834901, 0.0929956063628, 0.0831662863493, 0.0920948460698, 0.0836563780904, 0.0653950497508, 0.0722119808197, 0.060281496495], "max": [1, 1, 1, 1, 1, 1, 1, 1, 1, 1, 1, 1, 1, 1, 1, 1, 1, 1, 1, 1, 1, 1, 1, 1, 1, 1, 1, 1, 1, 1, 1, 1, 1, 1, 1, 1], "dmean": [0.0321942158043, 0.0447303205729, 0.075515806675, 0.0802319869399, 0.0803581848741, 0.0329765453935, 0.0149123230949, 0.0183338541538, 0.0322000607848, 0.0388855710626, 0.035317722708, 0.0179182738066, 0.0126123540103, 0.0143135832623, 0.0252091195434, 0.0450954288244, 0.0895097032189, 0.136453822255, 0.122238859534, 0.131349623203, 0.0735363140702, 0.0512513704598, 0.060799729079, 0.0690786242485, 0.0703035518527, 0.0750613212585, 0.0583634637296, 0.0373591929674, 0.0386615470052, 0.0517007708549, 0.0481231883168, 0.0526517108083, 0.0472408756614, 0.0385897122324, 0.0411267131567, 0.033617656678]}, "key_strength": 0.791325867176, "chords_strength": {"dvar": 0.000286432885332, "mean": 0.487526714802, "min": -1, "median": 0.509945750237, "dvar2": 0.000472165207611, "var": 0.0571825951338, "dmean2": 0.0073489244096, "max": 0.783942580223, "dmean": 0.00851014815271}, "tuning_equal_tempered_deviation": 0.053770583123, "chords_key": "D#", "tuning_frequency": 445.884552002, "chords_scale": "major", "chords_changes_rate": 0.0510279014707, "key_scale": "major", "tuning_diatonic_strength": 0.655979931355, "hpcp_entropy": {"dvar": 0.221033528447, "mean": 1.75141119957, "min": 0, "median": 1.76196336746, "dvar2": 0.550960898399, "var": 0.611080884933, "dmean2": 0.806879997253, "max": 4.34404611588, "dmean": 0.487553477287}, "chords_histogram": [38.3015174866, 1.65198242664, 2.50856590271, 0.256975024939, 6.20411157608, 0.416054815054, 1.88448357582, 0.428291738033, 0.208027407527, 0, 0.0244738124311, 0.0611845329404, 2.2883014679, 0.0122369062155, 0.0856583490968, 0.56289768219, 0, 4.5276556015, 0.354870289564, 0.293685764074, 0, 3.26725411415, 16.7400875092, 19.9216842651], "tuning_nontempered_energy_ratio": 0.683321356773, "key_key": "D#"}, "metadata": {"version": {"extractor": "music 1.0", "essentia_build_sha": "70f2e5ece6736b2c40cc944ad0e695b16b925413", "essentia": "2.1-beta2", "essentia_git_sha": "v2.1_beta2"}, "audio_properties": {"sample_rate": 44100, "length": 379.454681396, "lossless": false, "analysis_sample_rate": 44100, "downmix": "mix", "bit_rate": 192000, "equal_loudness": 0, "md5_encoded": "d5ec7072e9c5cc83c768dbe027587bf7", "codec": "mp3", "replay_gain": -7.99289894104}, "tags": {"artist": ["Mark Kozelek"], "musicbrainz_recordingid": ["4957e598-9a9b-48eb-aa6b-104e116a74b4"], "file_name": "1486218.mp3", "title": ["Ruth Marie"], "tracknumber": ["7"], "album": ["If You Want Blood"]}}, "lowlevel": {"melbands": {"dvar": [5.75827421301e-08, 7.02948341313e-07, 2.25372446039e-06, 4.47050666708e-07, 7.40552579259e-08, 2.28741953379e-07, 4.62678741542e-07, 1.01107218597e-07, 3.50447648678e-09, 6.4906831021e-09, 1.87114864048e-07, 2.95995903343e-08, 1.68396863121e-09, 1.06238995379e-09, 8.243127958e-09, 6.97334723299e-09, 2.76451528336e-10, 5.49999656929e-10, 1.2302048269e-10, 1.60104221547e-10, 1.25181787158e-09, 9.89264781204e-11, 3.78603121076e-11, 1.39986919626e-11, 1.29640534419e-11, 4.65337941791e-11, 1.51512871693e-10, 5.84932172143e-11, 4.04582756186e-11, 1.22254525947e-10, 7.29874632954e-11, 3.54894585941e-11, 9.57126183865e-11, 4.49543943737e-11, 3.21193419084e-11, 4.16387792301e-11, 1.75457235546e-11, 7.62653221825e-12, 1.31609653731e-11, 1.38888249859e-11], "mean": [0.00012824498117, 0.000741985917557, 0.00177386868745, 0.000717226823326, 0.000317132129567, 0.000426032813266, 0.000359790312359, 0.000144529461977, 4.66603742098e-05, 4.56238813058e-05, 0.000160054900334, 6.20269856881e-05, 2.33185182879e-05, 2.14953943214e-05, 3.47104250977e-05, 4.04717247875e-05, 1.21308885355e-05, 1.31537362904e-05, 4.30525642514e-06, 6.42161148789e-06, 7.17767034075e-06, 5.83625978834e-06, 3.37835422215e-06, 1.00702459349e-06, 8.17074123916e-07, 2.56329121839e-06, 1.1133447515e-05, 5.97478856434e-06, 1.85675867215e-06, 1.67124562722e-06, 1.24051791772e-06, 1.05673200324e-06, 1.71170745489e-06, 2.12329018723e-06, 2.17464594243e-06, 1.67194014011e-06, 1.19788217035e-06, 8.57118891417e-07, 7.82338190675e-07, 7.17629802693e-07], "min": [4.50048499087e-25, 3.55804075602e-25, 7.52429336466e-25, 7.34317484512e-25, 8.89406749618e-25, 1.64810693863e-24, 1.41150546505e-24, 1.6182839535e-24, 1.77791774768e-24, 1.32693020829e-24, 1.79176580644e-24, 8.85681156778e-25, 1.90915343673e-24, 2.11399497584e-24, 2.36472218722e-24, 2.53763694777e-24, 2.38148055107e-24, 2.31470958912e-24, 1.70013882344e-24, 2.40662016762e-24, 3.07074756979e-24, 2.29915009662e-24, 2.11838715614e-24, 3.45331947085e-24, 3.03165596207e-24, 3.77707193065e-24, 4.11254607465e-24, 3.08934378234e-24, 4.66396063626e-24, 3.63801192471e-24, 4.19963474087e-24, 4.30582843492e-24, 4.4514959398e-24, 4.63555296621e-24, 4.80934020692e-24, 5.73877928089e-24, 5.90304930921e-24, 5.22004801545e-24, 5.51383677706e-24, 5.33281804843e-24], "median": [4.79265581816e-05, 0.000296846556012, 0.000955043011345, 0.00021349482995, 0.000101752266346, 0.000100057302916, 3.34513570124e-05, 2.13119383261e-05, 1.89803972717e-06, 1.29224338252e-06, 2.59287298832e-06, 2.5190067845e-06, 1.10536325337e-06, 3.23064881513e-07, 6.53256449823e-07, 5.39928123544e-07, 3.48391438365e-07, 3.91918632658e-07, 1.54156822418e-07, 3.68835571862e-07, 3.75126433028e-07, 1.24913327681e-07, 6.30832417414e-08, 5.27329149236e-08, 3.56915101918e-08, 5.95665099468e-08, 1.25244397964e-07, 7.80108635468e-08, 4.15250767105e-08, 2.03301411261e-08, 9.32898647221e-09, 9.61218304951e-09, 1.12304405775e-08, 1.62050763919e-08, 1.61641739993e-08, 9.97881688392e-09, 1.04243884635e-08, 8.4471221129e-09, 6.6135776855e-09, 3.78257336564e-09], "dvar2": [1.42537771808e-07, 1.67809230334e-06, 6.75076262269e-06, 1.1536093325e-06, 1.75697167037e-07, 4.49254457635e-07, 9.17266220313e-07, 1.97438168925e-07, 6.5921388348e-09, 1.0009188145e-08, 3.76181844786e-07, 5.63650637275e-08, 3.28882343581e-09, 1.67824110164e-09, 1.2987104725e-08, 1.29116815017e-08, 4.95275820356e-10, 1.04980990567e-09, 2.7362775934e-10, 3.38634592589e-10, 2.89418156108e-09, 2.04458519559e-10, 6.98231819585e-11, 3.06592806698e-11, 2.77529683262e-11, 1.06694264534e-10, 2.89374302298e-10, 1.31602659326e-10, 7.92239468472e-11, 2.81440454275e-10, 1.62027072315e-10, 7.00304952916e-11, 2.10950229507e-10, 8.07920536028e-11, 6.11720535337e-11, 8.31724619732e-11, 3.31599955827e-11, 1.42268419268e-11, 2.27082814358e-11, 2.49157378757e-11], "var": [6.65001991251e-08, 2.22266612582e-06, 5.09989195052e-06, 1.43085730997e-06, 2.54634159091e-07, 9.92631385088e-07, 1.95221309696e-06, 2.6639267503e-07, 2.25908074469e-08, 4.9505601396e-08, 6.56618738049e-07, 7.69940911027e-08, 9.96723859004e-09, 1.02989554662e-08, 2.80147531839e-08, 3.35287353437e-08, 2.3657689141e-09, 3.21741988607e-09, 3.052726405e-10, 5.04049968431e-10, 1.65318703171e-09, 3.95651900131e-10, 1.96112001638e-10, 2.04394487446e-11, 2.27856084695e-11, 1.33438593508e-10, 8.74692318575e-10, 2.54116450105e-10, 9.58386356387e-11, 2.84080453605e-10, 1.64473462627e-10, 9.62369697821e-11, 1.97785385292e-10, 1.21530646657e-10, 8.65822760709e-11, 9.67527516438e-11, 4.60743700137e-11, 2.11883635637e-11, 3.73450853575e-11, 3.9881108832e-11], "dmean2": [0.000125027552713, 0.00048911065096, 0.00123433757108, 0.000486495875521, 0.000134324189276, 0.000182699921425, 0.000152807973791, 6.19833954261e-05, 2.10004545806e-05, 1.66587051353e-05, 5.72933713556e-05, 2.92609038297e-05, 1.05372319013e-05, 7.35654202799e-06, 1.61053812917e-05, 1.74836113729e-05, 5.50548020328e-06, 6.55323492538e-06, 2.85310193249e-06, 3.78798495149e-06, 5.83486280448e-06, 3.45412627212e-06, 1.96105793293e-06, 8.99645044683e-07, 6.75897751989e-07, 1.66764777987e-06, 4.8908905228e-06, 2.82889823211e-06, 1.41918781082e-06, 1.752136086e-06, 1.32023171773e-06, 9.61204023042e-07, 1.55545774305e-06, 1.38699419949e-06, 1.40443967211e-06, 1.29358966205e-06, 9.20978038721e-07, 6.64971025799e-07, 6.74428463299e-07, 6.28449924989e-07], "max": [0.00635012052953, 0.0231509041041, 0.0298498012125, 0.025535589084, 0.00788954272866, 0.0205045230687, 0.0374321639538, 0.0255141556263, 0.00224969047122, 0.00480940006673, 0.043279029429, 0.0109966453165, 0.00259364023805, 0.00159076415002, 0.00659460341558, 0.00476767262444, 0.0013243376743, 0.00210094894283, 0.000887235044502, 0.00075517850928, 0.00339676695876, 0.000360315636499, 0.000312731746817, 0.000262730929535, 0.000247560004937, 0.000492261839099, 0.000618950172793, 0.000407607061788, 0.0003327660379, 0.000757273985073, 0.00046121070045, 0.00035270533408, 0.000573730678298, 0.000428207538789, 0.000327826885041, 0.000331407849444, 0.000173054097104, 0.000103854792542, 0.000180506816832, 0.000223404655117], "dmean": [7.68974714447e-05, 0.000318327191053, 0.000740173272789, 0.000298045371892, 9.16428471101e-05, 0.00012751063332, 0.000109829903522, 4.73243744636e-05, 1.51375052155e-05, 1.31435654112e-05, 4.60740120616e-05, 2.15717354877e-05, 7.78660705691e-06, 5.85780389883e-06, 1.22442825159e-05, 1.29493009808e-05, 3.98118936573e-06, 4.65209905087e-06, 1.95133998204e-06, 2.58879208559e-06, 4.02491559726e-06, 2.37320386987e-06, 1.39245491937e-06, 6.1746254687e-07, 4.77148944356e-07, 1.14295164622e-06, 3.42299722433e-06, 1.95467077901e-06, 9.85746623883e-07, 1.14203328394e-06, 8.98366636193e-07, 6.80612060933e-07, 1.0358230611e-06, 9.928031659e-07, 9.60938450589e-07, 9.02980104911e-07, 6.58880423998e-07, 4.65020320917e-07, 4.74841215237e-07, 4.56362897694e-07]}, "spectral_decrease": {"dvar": 5.47997519162e-18, "mean": -4.22615276108e-09, "min": -8.35192395243e-08, "median": -2.49352116732e-09, "dvar2": 1.23692725868e-17, "var": 2.47711112743e-17, "dmean2": 1.72264957854e-09, "max": 4.93615385095e-16, "dmean": 1.1175490533e-09}, "spectral_rolloff": {"dvar": 713245.9375, "mean": 1110.72460938, "min": 86.1328125, "median": 322.998046875, "dvar2": 1452784.5, "var": 10025265, "dmean2": 327.18572998, "max": 20908.7402344, "dmean": 191.644851685}, "melbands_crest": {"dvar": 7.3600897789, "mean": 18.418258667, "min": 1.39610445499, "median": 18.1855068207, "dvar2": 22.0394935608, "var": 41.5168380737, "dmean2": 4.07344818115, "max": 34.7106552124, "dmean": 2.47665405273}, "barkbands_skewness": {"dvar": 0.634701788425, "mean": 3.12636017799, "min": -4.62073516846, "median": 2.82088112831, "dvar2": 1.47440516949, "var": 5.22565317154, "dmean2": 0.988377809525, "max": 19.6578960419, "dmean": 0.63958376646}, "spectral_centroid": {"dvar": 80045.2578125, "mean": 846.310241699, "min": 119.523155212, "median": 348.037994385, "dvar2": 147831, "var": 3009595.25, "dmean2": 182.592269897, "max": 11813.3710938, "dmean": 121.802978516}, "spectral_energyband_middle_low": {"dvar": 5.70218180656e-05, "mean": 0.0118595426902, "min": 1.42147093188e-22, "median": 0.00594439869747, "dvar2": 0.000138025934575, "var": 0.000236808118643, "dmean2": 0.00542889628559, "max": 0.224928215146, "dmean": 0.00341385090724}, "erbbands_crest": {"dvar": 4.13144779205, "mean": 11.5194501877, "min": 2.25119352341, "median": 10.9901885986, "dvar2": 11.2793941498, "var": 19.8264732361, "dmean2": 2.85522580147, "max": 28.351108551, "dmean": 1.86040019989}, "dynamic_complexity": 6.16704034805, "spectral_energyband_low": {"dvar": 1.39304920594e-05, "mean": 0.00477827666327, "min": 6.28189187034e-24, "median": 0.00253759766929, "dvar2": 3.46938759321e-05, "var": 4.18014533352e-05, "dmean2": 0.00285470997915, "max": 0.0774692296982, "dmean": 0.001825499814}, "silence_rate_60dB": {"dvar": 0.0346797592938, "mean": 0.253686606884, "min": 0, "median": 0, "dvar2": 0.0773006007075, "var": 0.18933737278, "dmean2": 0.0719662234187, "max": 1, "dmean": 0.0359809063375}, "erbbands_kurtosis": {"dvar": 16.7314300537, "mean": 7.0476474762, "min": -1.85173976421, "median": 3.20559501648, "dvar2": 34.1698570251, "var": 120.482246399, "dmean2": 3.49699831009, "max": 142.573043823, "dmean": 2.38478851318}, "spectral_complexity": {"dvar": 3.71549749374, "mean": 7.16086387634, "min": 0, "median": 5, "dvar2": 6.58358621597, "var": 36.4895973206, "dmean2": 1.75876629353, "max": 43, "dmean": 1.14184308052}, "barkbands_crest": {"dvar": 4.0043554306, "mean": 13.0454549789, "min": 3.03596258163, "median": 12.5438346863, "dvar2": 11.3998689651, "var": 19.5488033295, "dmean2": 3.06825518608, "max": 25.551322937, "dmean": 1.88095986843}, "spectral_energy": {"dvar": 8.49780408316e-05, "mean": 0.0169350095093, "min": 9.84002424466e-21, "median": 0.00989276356995, "dvar2": 0.000190185251995, "var": 0.000404050777433, "dmean2": 0.00676914211363, "max": 0.345869362354, "dmean": 0.00441079773009}, "spectral_spread": {"dvar": 650465509376, "mean": 5037142.5, "min": 942935.0625, "median": 4068783, "dvar2": 1265040752640.0, "var": 34750930616300.0, "dmean2": 780079.5, "max": 43457504, "dmean": 514939.375}, "spectral_contrast_valleys": {"dvar": [0.128403320909, 0.124585293233, 0.0993163064122, 0.083775267005, 0.0962864384055, 0.118793576956], "mean": [-8.55465221405, -8.60484981537, -9.76441669464, -10.0645303726, -10.0563669205, -12.0802574158], "min": [-28.4269523621, -28.3190441132, -27.7879085541, -27.8392238617, -27.5628108978, -27.4150714874], "median": [-8.09015846252, -8.17043113708, -9.37938690186, -9.65928459167, -9.75551319122, -12.0093450546], "dvar2": [0.286654561758, 0.249530687928, 0.182254180312, 0.141107156873, 0.141634404659, 0.169630408287], "var": [9.46868991852, 9.94645881653, 8.81771278381, 8.61964893341, 8.6561756134, 7.36187171936], "dmean2": [0.583211064339, 0.484357297421, 0.460071563721, 0.398317784071, 0.324123263359, 0.303234010935], "max": [-5.4468998909, -4.77182388306, -4.92126369476, -5.98757171631, -5.86884832382, -7.03448390961], "dmean": [0.363240331411, 0.307725042105, 0.29436865449, 0.263796031475, 0.234251022339, 0.232554376125]}, "spectral_rms": {"dvar": 5.02959778714e-07, "mean": 0.00343750161119, "min": 3.0983904678e-12, "median": 0.00310668256134, "dvar2": 1.10435269107e-06, "var": 4.70556415166e-06, "dmean2": 0.000710580789018, "max": 0.0183693636209, "dmean": 0.00046703213593}, "barkbands_spread": {"dvar": 51.5895462036, "mean": 8.89074230194, "min": 0.228319168091, "median": 3.65460896492, "dvar2": 114.517776489, "var": 161.061233521, "dmean2": 4.21731472015, "max": 161.519668579, "dmean": 2.68625760078}, "pitch_salience": {"dvar": 0.00335498992354, "mean": 0.481761753559, "min": 0.0588440746069, "median": 0.48777487874, "dvar2": 0.00942945946008, "var": 0.0216404031962, "dmean2": 0.0893776416779, "max": 0.990060448647, "dmean": 0.0551612451673}, "erbbands_skewness": {"dvar": 0.244222804904, "mean": 1.67381930351, "min": -4.16341972351, "median": 1.50996410847, "dvar2": 0.49910479784, "var": 2.1694996357, "dmean2": 0.564607739449, "max": 9.20180606842, "dmean": 0.385861158371}, "spectral_energyband_middle_high": {"dvar": 1.01358100437e-05, "mean": 0.00227784668095, "min": 1.09951841915e-21, "median": 0.000102484074887, "dvar2": 1.80579081643e-05, "var": 4.96619140904e-05, "dmean2": 0.000668057182338, "max": 0.27567845583, "dmean": 0.000545096059795}, "erbbands": {"dvar": [0.000223920753342, 0.143475160003, 4.08437108994, 56.6024742126, 176.302398682, 46.0531921387, 81.9087295532, 358.408843994, 2625.96582031, 1208.43505859, 64.4663696289, 96.5153808594, 7007.48583984, 1496.60668945, 58.5500679016, 415.980041504, 1906.11816406, 88.010848999, 152.704742432, 26.9502429962, 756.060119629, 93.7091827393, 12.3953075409, 19.0059013367, 71.6792526245, 157.028808594, 113.707778931, 196.046447754, 132.256790161, 146.890258789, 92.5725860596, 56.4229698181, 18.1135864258, 15.7608108521, 5.39593267441, 0.498992443085, 0.0790133923292, 0.00485488772392, 7.35198627808e-05, 1.33884825004e-07], "mean": [0.00764528336003, 0.224983036518, 1.94077575207, 9.05663108826, 13.4781112671, 6.57137012482, 10.3734703064, 16.8979206085, 23.8689346313, 16.0736713409, 6.7181687355, 7.00382709503, 31.5628185272, 15.2033720016, 5.31401634216, 12.965057373, 18.1050624847, 8.02098369598, 7.19395399094, 2.94589996338, 6.7492146492, 5.93861961365, 1.68275988102, 1.33883833885, 7.2190656662, 11.2392778397, 3.03351306915, 2.36971974373, 2.25242781639, 3.49978661537, 3.60368776321, 2.14520382881, 1.24484014511, 0.857629537582, 0.428821712732, 0.144535139203, 0.0536894537508, 0.0120789203793, 0.00130780856125, 7.01531607774e-05], "min": [4.64397902619e-23, 2.69045921596e-22, 8.22625111219e-22, 2.97631216624e-21, 6.41510795998e-21, 1.49379480533e-20, 2.80166461213e-20, 6.32205676498e-20, 1.01461334163e-19, 1.30600367441e-19, 1.87760977611e-19, 2.8788351349e-19, 4.14432738032e-19, 5.26335799249e-19, 8.97932368874e-19, 1.14933396033e-18, 1.33154975176e-18, 1.61414122218e-18, 1.74959721737e-18, 2.39383897924e-18, 2.96046204153e-18, 3.67333332447e-18, 4.85873897695e-18, 4.73286152646e-18, 6.05629136313e-18, 6.27405658555e-18, 8.96164580508e-18, 7.60272950654e-18, 9.50661224496e-18, 9.54735337167e-18, 1.0062213746e-17, 1.02879124577e-17, 9.29305406314e-18, 7.10323814801e-18, 5.43231139037e-18, 4.22100009546e-18, 2.09765786193e-18, 9.40553780514e-19, 2.449912002e-19, 2.56925270939e-20], "median": [0.00285216979682, 0.0933195650578, 0.794473350048, 4.59009552002, 4.4659576416, 1.94325733185, 3.33872246742, 4.01383686066, 1.96358370781, 2.69779348373, 0.477536529303, 0.25290954113, 0.525792598724, 0.635097622871, 0.264069110155, 0.172041833401, 0.30656889081, 0.210298240185, 0.227089807391, 0.17076793313, 0.359734684229, 0.144619598985, 0.0678451880813, 0.0601965561509, 0.128014281392, 0.141744747758, 0.0670701414347, 0.0298361200839, 0.0231075305492, 0.0297615453601, 0.0271940473467, 0.0178342331201, 0.0128047224134, 0.00589824886993, 0.00262198480777, 0.000929028377868, 0.000299773266306, 9.4863724371e-05, 1.32370314532e-05, 1.26857366922e-05], "dvar2": [0.00056484749075, 0.360232681036, 9.66113185883, 166.992721558, 483.922454834, 104.808540344, 196.826858521, 716.755981445, 5227.25732422, 2331.9453125, 121.367500305, 142.637771606, 13905.0166016, 2961.21704102, 110.091583252, 669.677124023, 3311.89282227, 151.309387207, 306.591308594, 53.7308654785, 1722.55725098, 188.792480469, 25.433052063, 38.799118042, 135.775543213, 335.466827393, 221.384567261, 395.612609863, 248.177978516, 260.789733887, 165.624145508, 100.804374695, 31.0204181671, 25.4361019135, 9.05801677704, 0.817719638348, 0.113545671105, 0.00812922231853, 0.000131940643769, 3.04890392044e-07], "var": [0.000247537449468, 0.175827890635, 15.4640111923, 141.208862305, 439.916564941, 251.067474365, 280.647949219, 1474.1072998, 10661.3417969, 3309.06835938, 392.279022217, 931.368408203, 25445.390625, 4058.38818359, 401.336120605, 3254.88500977, 7469.94384766, 766.981201172, 758.558349609, 77.5722732544, 1104.14465332, 424.242889404, 33.2664108276, 40.3784751892, 400.821228027, 817.836853027, 314.821258545, 541.518676758, 384.42666626, 407.800537109, 264.579406738, 155.144424438, 54.6248397827, 50.9898147583, 14.927485466, 1.5785523653, 0.274645209312, 0.0171721763909, 0.000206958371564, 2.05576426993e-07], "dmean2": [0.00760853942484, 0.196418732405, 1.21122479439, 6.14268779755, 10.0847711563, 3.84967970848, 4.35717916489, 7.57444906235, 10.671792984, 6.68788290024, 2.85904788971, 2.23066926003, 11.0820026398, 6.72740745544, 2.14383101463, 4.38298177719, 7.97227239609, 2.95939230919, 3.59107637405, 1.58691954613, 4.90093374252, 3.33006978035, 1.05059957504, 0.905588567257, 3.14075160027, 4.8492102623, 2.19983077049, 2.19754338264, 1.88104832172, 2.33399009705, 2.26547431946, 1.54033458233, 0.914766907692, 0.688125193119, 0.39094504714, 0.132511466742, 0.0493261441588, 0.012376354076, 0.00154619989917, 7.83622672316e-05], "max": [0.577505350113, 9.28435707092, 61.0662117004, 136.513549805, 381.722808838, 289.507202148, 266.75100708, 661.975341797, 2934.44116211, 2831.49755859, 278.5703125, 522.359008789, 8429.41992188, 2584.19506836, 540.333312988, 938.603820801, 2241.63085938, 537.956848145, 920.885314941, 269.368041992, 2645.31860352, 374.731079102, 172.606048584, 304.834472656, 440.430999756, 663.767272949, 610.131286621, 866.00769043, 765.786621094, 700.037719727, 515.502319336, 345.410430908, 168.310470581, 243.449417114, 136.747970581, 46.6173286438, 25.943775177, 7.53345918655, 0.921631634235, 0.0249976404011], "dmean": [0.00464112870395, 0.122384242713, 0.78524595499, 3.73887324333, 6.04896879196, 2.46041607857, 2.9617831707, 5.26283216476, 7.57638549805, 5.12542819977, 2.08748102188, 1.77394688129, 8.94817256927, 5.00641298294, 1.58017063141, 3.52559399605, 6.0570526123, 2.2102856636, 2.55351376534, 1.10315012932, 3.40233588219, 2.32586574554, 0.75942927599, 0.661420047283, 2.26963591576, 3.40332126617, 1.54464757442, 1.51926231384, 1.32047462463, 1.67715907097, 1.57226455212, 1.11320710182, 0.665136575699, 0.50959944725, 0.276741832495, 0.095323190093, 0.0366267152131, 0.00889203231782, 0.00104301027022, 5.05644384248e-05]}, "dissonance": {"dvar": 0.000625226297416, "mean": 0.412405192852, "min": 0.0958269461989, "median": 0.420868217945, "dvar2": 0.00159006810281, "var": 0.0029762731865, "dmean2": 0.041121289134, "max": 0.500000119209, "dmean": 0.0252028778195}, "erbbands_flatness_db": {"dvar": 0.000373029266484, "mean": 0.198959290981, "min": 0.0322954542935, "median": 0.195829093456, "dvar2": 0.000710888882168, "var": 0.00323700718582, "dmean2": 0.0217352006584, "max": 0.412770956755, "dmean": 0.015381840989}, "melbands_kurtosis": {"dvar": 509.498809814, "mean": 41.7091636658, "min": -1.88936126232, "median": 24.6905250549, "dvar2": 1269.32666016, "var": 2522.88330078, "dmean2": 21.3154449463, "max": 543.672729492, "dmean": 13.4224672318}, "melbands_spread": {"dvar": 128.070465088, "mean": 12.2251605988, "min": 0.313571453094, "median": 3.49526500702, "dvar2": 227.916061401, "var": 828.898376465, "dmean2": 4.73865318298, "max": 270.983917236, "dmean": 3.15111494064}, "melbands_skewness": {"dvar": 0.847885072231, "mean": 3.76793026924, "min": -1.86868596077, "median": 3.32399320602, "dvar2": 2.0546605587, "var": 6.13096570969, "dmean2": 1.12777996063, "max": 18.5669727325, "dmean": 0.727211654186}, "spectral_entropy": {"dvar": 0.062818557024, "mean": 6.41759586334, "min": 4.31580257416, "median": 6.39503860474, "dvar2": 0.118977285922, "var": 0.894062578678, "dmean2": 0.283460944891, "max": 9.82375907898, "dmean": 0.195166900754}, "zerocrossingrate": {"dvar": 0.000223265378736, "mean": 0.0424337126315, "min": 0.00341796875, "median": 0.01806640625, "dvar2": 0.000220955102122, "var": 0.00710159633309, "dmean2": 0.00744508625939, "max": 0.5791015625, "dmean": 0.00640400778502}, "average_loudness": 0.447598397732, "spectral_contrast_coeffs": {"dvar": [0.00132847612258, 0.00105002662167, 0.000660056772176, 0.000464061507955, 0.000339781749062, 0.000194986248971], "mean": [-0.56659245491, -0.657881975174, -0.756818771362, -0.78301012516, -0.788277804852, -0.813124239445], "min": [-0.984290122986, -0.994827985764, -0.980519592762, -0.973419427872, -0.96925342083, -0.964924573898], "median": [-0.560726165771, -0.65511983633, -0.771636784077, -0.801513552666, -0.808649539948, -0.816437602043], "dvar2": [0.00366470683366, 0.00231819646433, 0.00138880778104, 0.000974137568846, 0.000661793164909, 0.000390649074689], "var": [0.0123197911307, 0.011486007832, 0.0107587417588, 0.00798230525106, 0.00754102179781, 0.00270039285533], "dmean2": [0.0673155933619, 0.0505415834486, 0.0433642268181, 0.0364860855043, 0.0279126949608, 0.0203745625913], "max": [-0.287701308727, -0.227856636047, -0.369788825512, -0.460149198771, -0.479576289654, -0.554862558842], "dmean": [0.0405130460858, 0.032199639827, 0.027688972652, 0.0232707653195, 0.0185068808496, 0.0134924119338]}, "barkbands_flatness_db": {"dvar": 0.000597514270339, "mean": 0.254402399063, "min": 0.0345229431987, "median": 0.254652559757, "dvar2": 0.00124096113723, "var": 0.00838910602033, "dmean2": 0.0314566046, "max": 0.511951088905, "dmean": 0.0211241692305}, "silence_rate_30dB": {"dvar": 0.00353602156974, "mean": 0.995227336884, "min": 0, "median": 1, "dvar2": 0.00802846904844, "var": 0.00475001055747, "dmean2": 0.00709870876744, "max": 1, "dmean": 0.00354913715273}, "spectral_energyband_high": {"dvar": 2.08865617424e-06, "mean": 0.000501645961776, "min": 7.01802811469e-21, "median": 6.8785352596e-06, "dvar2": 2.71824524134e-06, "var": 8.59321517055e-06, "dmean2": 0.000295105070109, "max": 0.0906659439206, "dmean": 0.000225334530114}, "melbands_flatness_db": {"dvar": 0.00078855722677, "mean": 0.344560742378, "min": 0.00152032624464, "median": 0.352575480938, "dvar2": 0.0015940485755, "var": 0.0155289527029, "dmean2": 0.0345060005784, "max": 0.649960458279, "dmean": 0.0234109368175}, "barkbands": {"dvar": [8.47641568047e-10, 1.69330667177e-06, 4.06942353948e-06, 1.82008971024e-05, 6.36297590972e-06, 4.0520899347e-06, 9.29350972001e-06, 2.55679168504e-07, 4.05016066907e-07, 6.31223156233e-06, 2.28423360227e-07, 1.75937216795e-07, 7.93980234448e-07, 5.33692556814e-08, 3.15865413825e-08, 1.59320990178e-07, 2.34071233507e-08, 4.05218036903e-09, 1.68263127875e-08, 8.61662243778e-08, 1.15891090502e-07, 1.09602034115e-07, 1.26833924696e-07, 8.42762162279e-08, 1.05977704834e-07, 2.14643183227e-08, 1.96884708537e-09], "mean": [3.79376433557e-06, 0.000679720542394, 0.00197936571203, 0.00433141319081, 0.00248373229988, 0.00224176188931, 0.00165817700326, 0.000299874605844, 0.000245937815635, 0.000949062523432, 0.00023267432698, 0.000251197925536, 0.000371893984266, 0.000136023401865, 7.69788894104e-05, 0.000119653668662, 9.56931471592e-05, 1.96711971512e-05, 4.49725121143e-05, 0.000266100163572, 6.09733069723e-05, 6.47763663437e-05, 0.000129971973365, 8.70749063324e-05, 6.74371549394e-05, 2.97051228699e-05, 7.08287416273e-06], "min": [9.93160287344e-26, 1.13114449655e-24, 3.3801047972e-25, 2.42346525687e-25, 5.63092148476e-24, 3.21954941627e-24, 6.59187476304e-24, 5.57834824417e-24, 1.13860562188e-23, 8.69176175045e-24, 8.34394508873e-24, 1.96397761304e-23, 1.29547384721e-23, 2.9085412016e-23, 2.32016582446e-23, 3.65789595269e-23, 3.68915724819e-23, 8.79943416427e-23, 1.31140931082e-22, 1.15894130428e-22, 2.1690754215e-22, 2.42936847065e-22, 3.41040220327e-22, 5.42061997112e-22, 8.32919077078e-22, 1.08371757309e-21, 1.89913095577e-21], "median": [4.696258884e-07, 0.000258751126239, 0.000717203132808, 0.00188017287292, 0.000516931875609, 0.000635014963336, 0.000166578596691, 1.03065267467e-05, 7.87107182987e-06, 1.78301579581e-05, 9.76060891844e-06, 3.54702024197e-06, 7.17451575838e-06, 3.53177301804e-06, 2.53832558883e-06, 6.83244525135e-06, 2.04156935979e-06, 1.06904860786e-06, 1.2355628769e-06, 3.34179594574e-06, 8.95126390787e-07, 5.7244318441e-07, 9.86370650935e-07, 8.46144871502e-07, 4.1686709551e-07, 1.85601322755e-07, 6.61885195541e-08], "dvar2": [2.07767070215e-09, 4.26472206527e-06, 9.35261141422e-06, 5.58845567866e-05, 1.59431692737e-05, 8.36952767713e-06, 1.85224689631e-05, 5.47429806375e-07, 6.83727932937e-07, 1.237334709e-05, 4.63291200958e-07, 3.16986927373e-07, 1.31074489218e-06, 9.33810397896e-08, 7.09323870751e-08, 3.48599598965e-07, 4.58486688615e-08, 8.4270457279e-09, 3.90028667141e-08, 1.81699945756e-07, 2.41092010356e-07, 2.17933589397e-07, 2.15243773027e-07, 1.4532389514e-07, 1.63024694189e-07, 3.17608659373e-08, 3.70368757885e-09], "var": [7.90808751816e-10, 1.88205456197e-06, 1.89761194633e-05, 3.90291606891e-05, 2.09742083825e-05, 1.87469468074e-05, 3.73689326807e-05, 8.8512115326e-07, 1.79336120709e-06, 2.11474325624e-05, 1.21536845654e-06, 1.22475341868e-06, 3.11215808324e-06, 4.55477220385e-07, 9.33490014177e-08, 2.76431052271e-07, 1.17346068862e-07, 6.92231694188e-09, 4.39572929167e-08, 4.47712892537e-07, 3.18261697885e-07, 2.88922933578e-07, 3.72661759229e-07, 2.53399491612e-07, 3.41544108551e-07, 7.68458363609e-08, 5.46622969111e-09], "dmean2": [6.01390956945e-06, 0.000666932726745, 0.0012588215759, 0.00333601748571, 0.00165512342937, 0.000910060130991, 0.000734011351597, 0.00015690352302, 0.000118776144518, 0.000355837546522, 0.000106000516098, 9.69802422333e-05, 0.000170130035258, 6.54121904518e-05, 5.09733035869e-05, 8.26522518764e-05, 5.31946861884e-05, 1.6835398128e-05, 2.98012801068e-05, 0.000114140741061, 5.57076709811e-05, 5.47684721823e-05, 7.97865723143e-05, 6.31735820207e-05, 5.54588841624e-05, 2.66370825557e-05, 8.64409776113e-06], "max": [0.00199300656095, 0.0333709977567, 0.0625394955277, 0.0843740254641, 0.0999591350555, 0.0733570605516, 0.149723693728, 0.0184392929077, 0.0462292805314, 0.242392003536, 0.0351191423833, 0.0215876344591, 0.050161074847, 0.0232455097139, 0.012702299282, 0.0378219820559, 0.00631669862196, 0.00361772021279, 0.0092704212293, 0.0129063995555, 0.0231558419764, 0.0203509349376, 0.0224408488721, 0.013208492659, 0.0202834289521, 0.0137758525088, 0.00424649380147], "dmean": [3.74465730602e-06, 0.000411886401707, 0.000837871222757, 0.00196264637634, 0.00104422774166, 0.00063820334617, 0.00053242535796, 0.000111086716061, 8.99682563613e-05, 0.00028421531897, 7.86500313552e-05, 7.39194729249e-05, 0.000127093589981, 4.64839758934e-05, 3.44224099535e-05, 5.68599498365e-05, 3.69004483218e-05, 1.17188637887e-05, 2.06356817216e-05, 8.01054266049e-05, 3.85271196137e-05, 3.78319091396e-05, 5.70197807974e-05, 4.57601599919e-05, 4.13015586673e-05, 1.98749003175e-05, 5.76157799514e-06]}, "erbbands_spread": {"dvar": 119.463569641, "mean": 30.8108139038, "min": 1.20899653435, "median": 24.676700592, "dvar2": 267.985748291, "var": 564.16217041, "dmean2": 9.29661369324, "max": 177.546539307, "dmean": 6.19764566422}, "barkbands_kurtosis": {"dvar": 221.751968384, "mean": 28.6308231354, "min": -1.95149815083, "median": 15.8594074249, "dvar2": 533.708435059, "var": 1371.39782715, "dmean2": 13.7858686447, "max": 515.807922363, "dmean": 8.74982833862}, "spectral_flux": {"dvar": 0.000437675655121, "mean": 0.0368362180889, "min": 6.34650873521e-11, "median": 0.02392347157, "dvar2": 0.000959110911936, "var": 0.00147899065632, "dmean2": 0.0199662465602, "max": 0.406132102013, "dmean": 0.0132828885689}, "silence_rate_20dB": {"dvar": 0, "mean": 1, "min": 1, "median": 1, "dvar2": 0, "var": 0, "dmean2": 0, "max": 1, "dmean": 0}, "gfcc": {"cov": [[38703.9140625, 588.358520508, -5274.66845703, 415.729064941, -3288.23095703, 313.501525879, -1699.23327637, -244.551834106, -919.964233398, -373.477752686, -354.243499756, -703.84375, -408.761047363], [588.358520508, 1992.29528809, 296.604919434, -191.488098145, 195.606048584, -243.997421265, -17.6000614166, -93.3368530273, 8.39224243164, -90.6118545532, 61.0240135193, -16.7288265228, 19.6419429779], [-5274.66845703, 296.604919434, 1724.1796875, 220.39680481, 691.462280273, -122.505897522, 216.53717041, 46.6102027893, 145.594543457, 130.373718262, -40.5506515503, 204.88494873, 65.4856414795], [415.729064941, -191.488098145, 220.39680481, 476.465484619, 88.336265564, 71.8871078491, -49.1999969482, 4.82185745239, 18.9308681488, 22.3021888733, -46.7916679382, -17.0110340118, 11.9914112091], [-3288.23095703, 195.606048584, 691.462280273, 88.336265564, 585.171691895, -23.0748310089, 155.803436279, 36.8262176514, 95.2962646484, 57.648891449, -8.64404773712, 98.8202896118, 34.8163032532], [313.501525879, -243.997421265, -122.505897522, 71.8871078491, -23.0748310089, 231.098098755, 71.7405471802, 26.9245491028, -37.0408554077, -16.4615516663, 12.5872087479, -57.0597343445, -25.5297718048], [-1699.23327637, -17.6000614166, 216.53717041, -49.1999969482, 155.803436279, 71.7405471802, 235.004898071, 61.6783409119, 12.1215009689, -3.84504246712, 43.8769645691, 21.4806137085, -0.882332980633], [-244.551834106, -93.3368530273, 46.6102027893, 4.82185745239, 36.8262176514, 26.9245491028, 61.6783409119, 96.9855422974, 28.3746204376, 17.3008708954, 1.64813196659, 24.1852550507, -6.44133472443], [-919.964233398, 8.39224243164, 145.594543457, 18.9308681488, 95.2962646484, -37.0408554077, 12.1215009689, 28.3746204376, 126.351669312, 44.2573471069, 10.4445371628, 24.6464138031, 15.4622297287], [-373.477752686, -90.6118545532, 130.373718262, 22.3021888733, 57.648891449, -16.4615516663, -3.84504246712, 17.3008708954, 44.2573471069, 115.675468445, 6.64396858215, 35.3930358887, -7.12130451202], [-354.243499756, 61.0240135193, -40.5506515503, -46.7916679382, -8.64404773712, 12.5872087479, 43.8769645691, 1.64813196659, 10.4445371628, 6.64396858215, 104.689949036, -5.69120788574, -19.489408493], [-703.84375, -16.7288265228, 204.88494873, -17.0110340118, 98.8202896118, -57.0597343445, 21.4806137085, 24.1852550507, 24.6464138031, 35.3930358887, -5.69120788574, 135.33895874, 30.0878639221], [-408.761047363, 19.6419429779, 65.4856414795, 11.9914112091, 34.8163032532, -25.5297718048, -0.882332980633, -6.44133472443, 15.4622297287, -7.12130451202, -19.489408493, 30.0878639221, 89.0054550171]], "mean": [-156.8540802, 116.944511414, -62.3068580627, 30.6320610046, -50.8061180115, 0.599550843239, -42.7543067932, -7.4432477951, -27.078294754, -7.56913709641, -14.2840003967, -9.8451461792, -12.6365184784], "icov": [[0.000143367957207, -0.000243949732976, 0.000273051438853, -0.000326141103869, 0.000490971200634, -0.000255363091128, 0.000461092073238, -0.000396467832616, 0.000458962109406, -0.000275364815025, 0.000496417691465, -0.000279769854387, 0.000367390370229], [-0.000243949732976, 0.00117088574916, -0.000636761658825, 0.00084550929023, -0.00122600584291, 0.00116548570804, -0.000448253646027, 0.000852762372233, -0.000574561941903, 0.00124433112796, -0.00152850185987, 0.00111441069748, -0.000665052386466], [0.000273051438853, -0.000636761658825, 0.00205573090352, -0.0013939262135, -2.92058648483e-05, 0.000253996404354, -0.000537690299097, -6.07960500929e-05, 0.000584930647165, -0.00141556200106, 0.00176550296601, -0.00157185376156, 0.000847441900987], [-0.000326141103869, 0.00084550929023, -0.0013939262135, 0.00391601165757, -0.00156614754815, -0.000938945973758, 0.00117117434274, 0.000218532339204, -0.00108415738214, 0.000932258844841, -0.0010067068506, 0.00174812832847, -0.00136413390283], [0.000490971200634, -0.00122600584291, -2.92058648483e-05, -0.00156614754815, 0.00570821156725, -0.00138422520831, -0.000385184364859, -0.000533941609319, -0.000107025429315, -0.00139427720569, 0.00269832625054, -0.00213867379352, 0.00130632077344], [-0.000255363091128, 0.00116548570804, 0.000253996404354, -0.000938945973758, -0.00138422520831, 0.00850384309888, -0.00392750790343, -0.000146287929965, 0.00121938460506, 0.000398574164137, -0.00134769256692, 0.00320195057429, -0.000116658222396], [0.000461092073238, -0.000448253646027, -0.000537690299097, 0.00117117434274, -0.000385184364859, -0.00392750790343, 0.01179030817, -0.00644013332203, 0.00293541443534, 0.00149549765047, -0.00262129213661, 0.000147163897054, 0.000115238050057], [-0.000396467832616, 0.000852762372233, -6.07960500929e-05, 0.000218532339204, -0.000533941609319, -0.000146287929965, -0.00644013332203, 0.0168609749526, -0.00541659165174, -0.000148136416101, 0.001317936345, -0.00274725467898, 0.00147600763012], [0.000458962109406, -0.000574561941903, 0.000584930647165, -0.00108415738214, -0.000107025429315, 0.00121938460506, 0.00293541443534, -0.00541659165174, 0.0135044120252, -0.0038349153474, -0.00094862782862, 0.001176497899, -0.00127925060224], [-0.000275364815025, 0.00124433112796, -0.00141556200106, 0.000932258844841, -0.00139427720569, 0.000398574164137, 0.00149549765047, -0.000148136416101, -0.0038349153474, 0.0130682224408, -0.00280041014776, -0.00122511794325, 0.00155323941726], [0.000496417691465, -0.00152850185987, 0.00176550296601, -0.0010067068506, 0.00269832625054, -0.00134769256692, -0