{"tonal": {"hpcp": {"dvar": [0.0528375916183, 0.0423073805869, 0.0253148674965, 0.020147735253, 0.0161582119763, 0.017063267529, 0.0251982379705, 0.021848814562, 0.0311766136438, 0.0320603922009, 0.0204364359379, 0.0162517763674, 0.0157226193696, 0.0161598846316, 0.0287291184068, 0.041020873934, 0.0278598871082, 0.0131063777953, 0.0123164877295, 0.0162186734378, 0.0270306020975, 0.0376668535173, 0.0280899740756, 0.0344376564026, 0.0317052602768, 0.0256579760462, 0.0268463641405, 0.0295124128461, 0.0322410576046, 0.0436004474759, 0.0417694114149, 0.0312281176448, 0.0271711423993, 0.0274244695902, 0.0352524220943, 0.0473476201296], "var": [0.150784835219, 0.0705847591162, 0.0207328498363, 0.0149485617876, 0.0102524403483, 0.0142121836543, 0.0257371068001, 0.0227172132581, 0.0480790100992, 0.0682202652097, 0.0249546095729, 0.0137561988086, 0.0174747612327, 0.0145112620667, 0.070190936327, 0.157408580184, 0.0537169054151, 0.0110004758462, 0.00891923438758, 0.0126257333905, 0.0467094406486, 0.0903987139463, 0.0407090187073, 0.0412772670388, 0.0489430688322, 0.027663115412, 0.0208473801613, 0.0240013953298, 0.0313578434289, 0.0686126872897, 0.0750548690557, 0.0375375971198, 0.0221914052963, 0.021513286978, 0.0350031033158, 0.0821902751923], "median": [0.316382348537, 0.149377867579, 0.00759908789769, 0.00216681719758, 0.00254071620293, 0.00737225916237, 0.00951639655977, 0.0135037256405, 0.0242413599044, 0.0280495211482, 0.0138807389885, 0.00486305728555, 0.0049041104503, 0.014737659134, 0.132169350982, 0.204492539167, 0.103753253818, 0.00601773150265, 0.00266376230866, 0.00420402130112, 0.0236155800521, 0.0368944182992, 0.031684152782, 0.0173700973392, 0.0177889000624, 0.0119271548465, 0.00863822828978, 0.00806161947548, 0.00711208861321, 0.0118853487074, 0.0137586798519, 0.00797897297889, 0.0045197783038, 0.00429309345782, 0.0164615754038, 0.199972957373], "max": [1, 1, 1, 1, 1, 1, 1, 1, 1, 1, 1, 1, 1, 1, 1, 1, 1, 1, 1, 1, 1, 1, 1, 1, 1, 1, 1, 1, 1, 1, 1, 1, 1, 1, 1, 1], "dmean": [0.171012416482, 0.166956856847, 0.0774136707187, 0.0469297841191, 0.040671620518, 0.049032241106, 0.0638832226396, 0.0656521618366, 0.0933125391603, 0.0942327231169, 0.0682129338384, 0.0462819002569, 0.0471278987825, 0.0640953853726, 0.127483800054, 0.131157308817, 0.116363547742, 0.0524424053729, 0.0366392210126, 0.0508418045938, 0.0904382318258, 0.10948728025, 0.100331127644, 0.0949687808752, 0.0937264710665, 0.0761461108923, 0.0672750994563, 0.0696177259088, 0.083611279726, 0.107411317527, 0.106238208711, 0.0846127867699, 0.0647591799498, 0.068264760077, 0.103972136974, 0.181719690561], "dmean2": [0.288266062737, 0.2862675488, 0.139983043075, 0.0867054015398, 0.0760056450963, 0.0873905941844, 0.110616922379, 0.113800242543, 0.157662257552, 0.155938386917, 0.11734803766, 0.0847208723426, 0.085125118494, 0.113899596035, 0.212597429752, 0.215340703726, 0.198087394238, 0.0946699604392, 0.0677602514625, 0.0918449237943, 0.152238458395, 0.182485729456, 0.172377720475, 0.167284563184, 0.162333264947, 0.135438799858, 0.123059093952, 0.127346903086, 0.149358093739, 0.186428681016, 0.182102024555, 0.148057594895, 0.117416620255, 0.125000923872, 0.186436221004, 0.308164656162], "mean": [0.444860547781, 0.252674967051, 0.0593278594315, 0.0332341752946, 0.0278844982386, 0.0464690960944, 0.0657113790512, 0.0667565986514, 0.122052930295, 0.148677796125, 0.0781253799796, 0.0392796806991, 0.0447357296944, 0.0577621608973, 0.246894687414, 0.390013188124, 0.205771908164, 0.0404929816723, 0.0264163184911, 0.0396216548979, 0.127023503184, 0.188334539533, 0.126229152083, 0.100926749408, 0.113310843706, 0.0763753131032, 0.0565406009555, 0.058773085475, 0.0739691853523, 0.130961060524, 0.142336696386, 0.0845856145024, 0.0501411296427, 0.050772048533, 0.0890101641417, 0.294632107019], "dvar2": [0.121917463839, 0.112064540386, 0.069284312427, 0.0560290254653, 0.0467989630997, 0.0459451340139, 0.0650908052921, 0.0579661056399, 0.080172367394, 0.0741952136159, 0.0529983714223, 0.0449055619538, 0.0426592566073, 0.0441503338516, 0.0730554535985, 0.0903191491961, 0.0716014057398, 0.0354677438736, 0.0338328555226, 0.0445684678853, 0.0683687999845, 0.0860698521137, 0.0720383524895, 0.0893977060914, 0.0805940032005, 0.0690310001373, 0.0744820833206, 0.0807476192713, 0.0867707356811, 0.109531201422, 0.0970088168979, 0.0818758755922, 0.074152931571, 0.0742316395044, 0.0942451581359, 0.126457288861], "min": [0, 0, 0, 0, 0, 0, 0, 0, 0, 0, 0, 0, 0, 0, 0, 0, 0, 0, 0, 0, 0, 0, 0, 0, 0, 0, 0, 0, 0, 0, 0, 0, 0, 0, 0, 0]}, "key_key": "D", "thpcp": [1, 0.567986905575, 0.133362829685, 0.0747069492936, 0.0626814365387, 0.10445766896, 0.147712305188, 0.150061860681, 0.274362236261, 0.33421215415, 0.175617679954, 0.0882966145873, 0.100561246276, 0.129843294621, 0.554993450642, 0.876708865166, 0.462553739548, 0.0910239890218, 0.0593811236322, 0.089065335691, 0.285535544157, 0.423356354237, 0.283749938011, 0.22687278688, 0.254710942507, 0.171683713794, 0.127097353339, 0.132115751505, 0.166274994612, 0.294386774302, 0.319958001375, 0.190139621496, 0.112712018192, 0.11413025856, 0.200085535645, 0.662302196026], "chords_key": "D", "tuning_equal_tempered_deviation": 0.0136293042451, "tuning_frequency": 441.782684326, "tuning_diatonic_strength": 0.501344323158, "chords_histogram": [37.4881248474, 3.11609339714, 21.6796512604, 3.1350941658, 0.342010259628, 8.91126728058, 4.29412889481, 12.0653619766, 0, 6.61219835281, 0.0950028523803, 0.0950028523803, 0, 0, 0, 0.228006839752, 0, 0, 0.171005129814, 0, 0, 0, 1.36804103851, 0.399011969566], "key_strength": 0.783141732216, "key_scale": "minor", "chords_strength": {"dvar": 0.000410416774685, "var": 0.0106315780431, "median": 0.52705591917, "max": 0.750656843185, "dmean": 0.0082792956382, "dmean2": 0.00740608293563, "mean": 0.526951551437, "dvar2": 0.000740558549296, "min": -1}, "chords_number_rate": 0.00171005132142, "tuning_nontempered_energy_ratio": 0.630691349506, "hpcp_entropy": {"dvar": 0.239313587546, "var": 0.526434779167, "median": 1.67128872871, "max": 4.2324719429, "dmean": 0.529635846615, "dmean2": 0.886110186577, "mean": 1.66033470631, "dvar2": 0.602073073387, "min": 0}, "chords_changes_rate": 0.0376211293042, "chords_scale": "minor"}, "rhythm": {"bpm_histogram_first_peak_spread": {"dvar": 0, "var": 0, "median": 0, "max": 0, "dmean": 0, "dmean2": 0, "mean": 0, "dvar2": 0, "min": 0}, "bpm_histogram_first_peak_weight": {"dvar": 0, "var": 0, "median": 0.507757425308, "max": 0.507757425308, "dmean": 0, "dmean2": 0, "mean": 0.507757425308, "dvar2": 0, "min": 0.507757425308}, "bpm_histogram_first_peak_bpm": {"dvar": 0, "var": 0, "median": 178, "max": 178, "dmean": 0, "dmean2": 0, "mean": 178, "dvar2": 0, "min": 178}, "bpm": 178.205429077, "bpm_histogram_second_peak_weight": {"dvar": 0, "var": 0, "median": 0.249647393823, "max": 0.249647393823, "dmean": 0, "dmean2": 0, "mean": 0.249647393823, "dvar2": 0, "min": 0.249647393823}, "beats_loudness": {"dvar": 0.00298888329417, "var": 0.00265890499577, "median": 0.0222632680088, "max": 0.385584145784, "dmean": 0.0317090600729, "dmean2": 0.0563006587327, "mean": 0.0387961864471, "dvar2": 0.00833758432418, "min": 0}, "beats_loudness_band_ratio": {"dvar": [0.0272394753993, 0.0225767530501, 0.0171292517334, 0.00438897917047, 0.00157344026957, 0.00299537880346], "var": [0.053468156606, 0.0461533255875, 0.0229881238192, 0.00461826100945, 0.00119908736087, 0.00176272471435], "median": [0.397090554237, 0.390395790339, 0.0978457406163, 0.0194069705904, 0.0117562292144, 0.00866242591292], "max": [0.971596121788, 0.917240023613, 0.831907212734, 0.527770757675, 0.273224174976, 0.645841658115], "dmean": [0.214185342193, 0.19529902935, 0.125244572759, 0.0423431359231, 0.0244716089219, 0.0215346068144], "dmean2": [0.355884641409, 0.336307108402, 0.220426499844, 0.0756388008595, 0.0442076846957, 0.0396895706654], "mean": [0.428341239691, 0.405113965273, 0.153774321079, 0.0421073064208, 0.0227629113942, 0.0177893768996], "dvar2": [0.0738434270024, 0.0658802613616, 0.0499882027507, 0.0118508189917, 0.00446653505787, 0.00865023583174], "min": [0, 0, 0, 0, 0, 0]}, "bpm_histogram_second_peak_bpm": {"dvar": 0, "var": 0, "median": 172, "max": 172, "dmean": 0, "dmean2": 0, "mean": 172, "dvar2": 0, "min": 172}, "onset_rate": 3.99028277397, "beats_count": 710, "beats_position": [0.348299324512, 0.684988677502, 1.02167797089, 1.369977355, 1.70666658878, 2.04335594177, 2.38004541397, 2.71673464775, 3.05342388153, 3.39011335373, 3.72680258751, 4.06349182129, 4.40018129349, 4.73687076569, 5.06195020676, 5.39863920212, 5.73532867432, 6.07201814651, 6.40870714188, 6.74539661407, 7.08208608627, 7.40716552734, 7.73224496841, 8.05732440948, 8.38240337372, 8.70748329163, 9.03256225586, 9.35764122009, 9.682721138, 10.0078001022, 10.3444900513, 10.6811790466, 11.0062580109, 11.3313379288, 11.656416893, 11.9814968109, 12.3065757751, 12.6432647705, 12.9683446884, 13.3050336838, 13.6301136017, 13.9551925659, 14.2802715302, 14.6169614792, 14.9768705368, 15.3251695633, 15.6850786209, 16.0333786011, 16.3816776276, 16.7299766541, 17.0782756805, 17.4381847382, 17.7748756409, 18.1115646362, 18.4482536316, 18.784942627, 19.1100215912, 19.4351024628, 19.7717914581, 20.0968704224, 20.4219493866, 20.758638382, 21.0837192535, 21.4087982178, 21.733877182, 22.0589561462, 22.3840351105, 22.7091159821, 23.0341949463, 23.3592739105, 23.6959629059, 24.0326519012, 24.3577327728, 24.6828117371, 25.0078907013, 25.3329696655, 25.6696586609, 25.9947395325, 26.3314285278, 26.6565074921, 26.9815864563, 27.3066654205, 27.6317462921, 27.9684352875, 28.2935142517, 28.6302032471, 28.9668922424, 29.291973114, 29.6170520782, 29.9537410736, 30.2788200378, 30.6155090332, 30.9521980286, 31.3004989624, 31.66040802, 31.9970970154, 32.3337860107, 32.6704750061, 33.0071640015, 33.3438529968, 33.6805419922, 34.0172348022, 34.3539237976, 34.690612793, 35.0273017883, 35.3639907837, 35.7122879028, 36.0605888367, 36.4088897705, 36.7571868896, 37.1054878235, 37.4421768188, 37.790473938, 38.1271629333, 38.4638557434, 38.8121528625, 39.1488418579, 39.4855308533, 39.8222198486, 40.1589126587, 40.4956016541, 40.8322906494, 41.1689796448, 41.5056686401, 41.8423576355, 42.2022666931, 42.550567627, 42.8988647461, 43.2587738037, 43.6070747375, 43.9669837952, 44.3152809143, 44.6751937866, 45.0234909058, 45.3717918396, 45.708480835, 46.0451698303, 46.3818588257, 46.718547821, 47.0668487549, 47.4035377502, 47.7402267456, 48.0885238647, 48.4368247986, 48.7735137939, 49.1102027893, 49.4468917847, 49.7951927185, 50.1434898376, 50.480178833, 50.8168716431, 51.1535606384, 51.4902496338, 51.8269386292, 52.1752357483, 52.5235366821, 52.871837616, 53.2317466736, 53.5800437927, 53.9283447266, 54.2650337219, 54.6133308411, 54.9500198364, 55.2867126465, 55.6234016418, 55.971698761, 56.3083877563, 56.6566886902, 57.0049858093, 57.3416786194, 57.6899757385, 58.0382766724, 58.3749656677, 58.7232627869, 59.0715637207, 59.4198646545, 59.7681617737, 60.104850769, 60.4415397644, 60.766620636, 61.1033096313, 61.4399986267, 61.7650794983, 62.1017684937, 62.438457489, 62.7867546082, 63.1234474182, 63.4601364136, 63.7968254089, 64.1335144043, 64.470199585, 64.806892395, 65.1551895142, 65.5034942627, 65.8517913818, 66.200088501, 66.5251693726, 66.8734664917, 67.2217712402, 67.5700683594, 67.9183654785, 68.2666625977, 68.6033554077, 68.9516525269, 69.2883453369, 69.6366424561, 69.9849395752, 70.3332443237, 70.6815414429, 71.029838562, 71.3781356812, 71.7264404297, 72.0747375488, 72.4114303589, 72.7481155396, 73.0964126587, 73.4447174072, 73.7930145264, 74.1413116455, 74.4780044556, 74.8146896362, 75.1629943848, 75.5112915039, 75.859588623, 76.2078933716, 76.5445785522, 76.8928756714, 77.2295684814, 77.554649353, 77.8913345337, 78.2512435913, 78.5995483398, 78.947845459, 79.2961425781, 79.6444396973, 79.9927444458, 80.3178253174, 80.6428985596, 80.9795913696, 81.3162765503, 81.6529693604, 81.9896621704, 82.3379592896, 82.6746444702, 83.0113372803, 83.3480224609, 83.684715271, 84.0214080811, 84.3580932617, 84.6831741333, 85.019859314, 85.356552124, 85.6816329956, 86.0299301147, 86.3782272339, 86.7265319824, 87.0748291016, 87.4231262207, 87.7714233398, 88.1197280884, 88.456413269, 88.7931060791, 89.1297912598, 89.4664840698, 89.8031692505, 90.1398620605, 90.4881591797, 90.8248519897, 91.1615371704, 91.5098419189, 91.8465270996, 92.1832199097, 92.5199050903, 92.8565979004, 93.1932830811, 93.5299758911, 93.8666687012, 94.2033538818, 94.5400466919, 94.8767318726, 95.2018127441, 95.5501098633, 95.8868026733, 96.2350997925, 96.5717926025, 96.8968658447, 97.2335586548, 97.5818557739, 97.918548584, 98.2552337646, 98.5919265747, 98.9286117554, 99.2653045654, 99.6136016846, 99.9619064331, 100.298591614, 100.635284424, 100.971969604, 101.308662415, 101.656959534, 102.005256653, 102.353561401, 102.690246582, 103.015327454, 103.352012634, 103.677093506, 104.013786316, 104.362083435, 104.698776245, 105.035461426, 105.372154236, 105.708839417, 106.045532227, 106.393829346, 106.730522156, 107.067207336, 107.403900146, 107.740585327, 108.088890076, 108.425575256, 108.762268066, 109.098953247, 109.435646057, 109.772331238, 110.109024048, 110.457321167, 110.805618286, 111.153923035, 111.502220154, 111.850517273, 112.198822021, 112.535507202, 112.872200012, 113.220497131, 113.56879425, 113.905487061, 114.242172241, 114.578865051, 114.915550232, 115.252243042, 115.588935852, 115.925621033, 116.262313843, 116.598999023, 116.935691833, 117.272377014, 117.609069824, 117.957366943, 118.294059753, 118.642356873, 118.979042053, 119.327346802, 119.675643921, 120.012336731, 120.349021912, 120.697319031, 121.034011841, 121.38230896, 121.730613708, 122.078910828, 122.427207947, 122.775505066, 123.123809814, 123.460494995, 123.797187805, 124.133872986, 124.482177734, 124.807250977, 125.132331848, 125.469024658, 125.805709839, 126.142402649, 126.47908783, 126.81578064, 127.15246582, 127.48915863, 127.82585144, 128.162536621, 128.487609863, 128.824310303, 129.160995483, 129.497680664, 129.834381104, 130.171066284, 130.507751465, 130.844436646, 131.192733765, 131.517822266, 131.842895508, 132.167984009, 132.504669189, 132.829742432, 133.166442871, 133.503128052, 133.839813232, 134.164901733, 134.489974976, 134.815048218, 135.163360596, 135.500045776, 135.836730957, 136.161804199, 136.498504639, 136.835189819, 137.160263062, 137.485351562, 137.810424805, 138.147125244, 138.483810425, 138.832107544, 139.168792725, 139.505477905, 139.830566406, 140.167251587, 140.503936768, 140.829025269, 141.154098511, 141.490783691, 141.827484131, 142.164169312, 142.500854492, 142.849151611, 143.197463989, 143.545761108, 143.882446289, 144.21913147, 144.555831909, 144.89251709, 145.240814209, 145.57749939, 145.914199829, 146.239273071, 146.564346313, 146.889434814, 147.226119995, 147.562805176, 147.911102295, 148.247802734, 148.584487915, 148.921173096, 149.257858276, 149.594558716, 149.931243896, 150.279541016, 150.627838135, 150.964538574, 151.301223755, 151.672744751, 152.032653809, 152.404174805, 152.78729248, 153.193649292, 153.588394165, 153.983123779, 154.389480591, 154.73777771, 155.086074829, 155.42276001, 155.759460449, 156.084533691, 156.421218872, 156.757904053, 157.094604492, 157.419677734, 157.733154297, 158.058227539, 158.39491272, 158.731613159, 159.079910278, 159.428207397, 159.776504517, 160.113189697, 160.449890137, 160.786575317, 161.123260498, 161.471557617, 161.819854736, 162.156555176, 162.493240356, 162.829925537, 163.166610718, 163.503311157, 163.839996338, 164.188293457, 164.536590576, 164.873291016, 165.209976196, 165.546661377, 165.883346558, 166.231658936, 166.579956055, 166.916641235, 167.253326416, 167.601623535, 167.949935913, 168.298233032, 168.646530151, 168.994827271, 169.331512451, 169.668212891, 170.004898071, 170.341583252, 170.678268433, 171.014968872, 171.351654053, 171.699951172, 172.036636353, 172.361724854, 172.698410034, 173.035095215, 173.383392334, 173.731704712, 174.080001831, 174.42829895, 174.776596069, 175.124893188, 175.484802246, 175.833099365, 176.193008423, 176.541305542, 176.878005981, 177.214691162, 177.551376343, 177.899673462, 178.25958252, 178.619491577, 178.956192017, 179.304489136, 179.641174316, 179.977859497, 180.314559937, 180.651245117, 180.999542236, 181.347839355, 181.684524536, 182.032836914, 182.369522095, 182.706207275, 183.042892456, 183.391204834, 183.739501953, 184.076187134, 184.412872314, 184.737960815, 185.086257935, 185.434555054, 185.782852173, 186.119537354, 186.467849731, 186.816146851, 187.152832031, 187.50112915, 187.84942627, 188.18611145, 188.534423828, 188.871109009, 189.196182251, 189.54447937, 189.88117981, 190.21786499, 190.554550171, 190.89125061, 191.227935791, 191.564620972, 191.901306152, 192.24961853, 192.586303711, 192.911376953, 193.236465454, 193.573150635, 193.898223877, 194.234924316, 194.571609497, 194.908294678, 195.244979858, 195.581680298, 195.90675354, 196.231826782, 196.556915283, 196.881988525, 197.218673706, 197.555374146, 197.903671265, 198.240356445, 198.577041626, 198.913742065, 199.250427246, 199.587112427, 199.923812866, 200.272109985, 200.608795166, 200.945480347, 201.282180786, 201.618865967, 201.955551147, 202.292236328, 202.617324829, 202.95401001, 203.29069519, 203.62739563, 203.964080811, 204.300765991, 204.637451172, 204.962539673, 205.287612915, 205.624298096, 205.960998535, 206.297683716, 206.645980835, 206.994277954, 207.330978394, 207.679275513, 208.015960693, 208.352645874, 208.700942993, 209.037643433, 209.385940552, 209.722625732, 210.059310913, 210.396011353, 210.744308472, 211.080993652, 211.417678833, 211.754379272, 212.091064453, 212.427749634, 212.764434814, 213.089523315, 213.414596558, 213.739685059, 214.064758301, 214.389831543, 214.714920044, 215.051605225, 215.388290405, 215.724990845, 216.061676025, 216.386749268, 216.723449707, 217.060134888, 217.38520813, 217.721893311, 218.046981812, 218.383666992, 218.708755493, 219.033828735, 219.358901978, 219.683990479, 220.020675659, 220.345748901, 220.682449341, 221.007522583, 221.332611084, 221.669296265, 222.005981445, 222.342666626, 222.679367065, 223.016052246, 223.352737427, 223.677825928, 224.00289917, 224.327972412, 224.653060913, 224.978134155, 225.314819336, 225.651519775, 225.988204956, 226.324890137, 226.649978638, 226.986663818, 227.323348999, 227.671646118, 228.019943237, 228.368255615, 228.704940796, 229.08807373, 229.471191406, 229.854324341, 230.341949463, 230.829559326, 231.317184448, 231.80480957, 232.292419434, 232.780044556, 233.267654419, 233.766891479, 234.266113281, 234.765350342, 235.264572144, 235.763809204, 236.274642944, 236.739044189, 237.203445435, 237.66784668, 238.050964355, 238.43409729, 238.817230225, 239.211975098, 239.583480835, 239.96661377, 240.349746704, 240.732879639, 241.115997314, 241.499130249, 241.882263184, 242.25378418, 242.625305176, 242.996826172, 243.368347168, 243.739852905], "danceability": 1.07679259777, "bpm_histogram_second_peak_spread": {"dvar": 0, "var": 0, "median": 0, "max": 0, "dmean": 0, "dmean2": 0, "mean": 0, "dvar2": 0, "min": 0}}, "lowlevel": {"spectral_flux": {"dvar": 0.000914449221455, "var": 0.00216264324263, "median": 0.0511791408062, "max": 0.568298101425, "dmean": 0.0209018979222, "dmean2": 0.0328576341271, "mean": 0.0613684430718, "dvar2": 0.00210313266143, "min": 6.56310839009e-11}, "spectral_rolloff": {"dvar": 894477.375, "var": 2841572, "median": 430.6640625, "max": 20456.5429688, "dmean": 242.68145752, "dmean2": 413.698486328, "mean": 786.551574707, "dvar2": 1905627, "min": 64.599609375}, "barkbands_flatness_db": {"dvar": 0.00044867064571, "var": 0.00405357126147, "median": 0.175181955099, "max": 0.428075373173, "dmean": 0.0213684439659, "dmean2": 0.0321480184793, "mean": 0.184656366706, "dvar2": 0.000947887892835, "min": 0.0473114326596}, "spectral_centroid": {"dvar": 58318.0078125, "var": 582447.8125, "median": 487.850158691, "max": 11697.2958984, "dmean": 119.146812439, "dmean2": 180.409057617, "mean": 632.664306641, "dvar2": 103988.578125, "min": 172.624649048}, "melbands_skewness": {"dvar": 0.623655498028, "var": 2.82728910446, "median": 2.8845281601, "max": 13.4532737732, "dmean": 0.718444049358, "dmean2": 1.11314344406, "mean": 3.12512588501, "dvar2": 1.49798512459, "min": -1.15686178207}, "melbands": {"dvar": [1.49417610373e-05, 3.43340366271e-06, 9.22429762795e-07, 1.5500849031e-06, 1.51257938796e-06, 7.54577172302e-07, 1.02214255548e-06, 2.62656357108e-07, 1.05932720373e-07, 3.06289322793e-08, 1.38129729876e-08, 6.9364864963e-09, 4.37069136439e-09, 1.96829788024e-08, 1.4714072627e-08, 9.74054614744e-09, 4.12839512576e-10, 2.91905583039e-10, 1.714001302e-10, 2.00487335067e-10, 4.88088111594e-11, 7.38051633697e-11, 3.38198150041e-11, 9.01220851418e-12, 1.00397103825e-11, 3.8462309726e-11, 2.06258673335e-11, 5.57644251956e-12, 9.3719901631e-12, 8.87947528005e-12, 1.12658658444e-11, 2.62908427667e-11, 1.88869045403e-10, 1.17764895058e-11, 4.02699817936e-11, 2.25009004484e-11, 4.97914383335e-11, 1.32902794672e-11, 4.92907312188e-11, 1.40828069692e-11], "var": [6.6158863774e-05, 7.41252188163e-06, 2.53357302427e-06, 3.70129919247e-06, 2.92021559289e-06, 1.82876658528e-06, 1.85604017133e-06, 5.80700714181e-07, 2.40751631964e-07, 9.62584252306e-08, 5.23328509416e-08, 4.04270501519e-08, 1.68501443909e-08, 3.39543326788e-08, 1.84159318906e-08, 1.2226128554e-08, 8.77425521129e-10, 6.9512567924e-10, 6.72349897979e-10, 8.57580562119e-10, 1.05951684926e-10, 1.60953653183e-10, 7.45018352566e-11, 1.62743030857e-11, 1.40942197149e-11, 4.43917125281e-11, 2.31777600584e-11, 8.37738559079e-12, 1.23843383465e-11, 1.0522275759e-11, 1.09229847389e-11, 3.33895827653e-11, 2.33515734527e-10, 2.06380572354e-11, 4.63618136937e-11, 2.76530343762e-11, 4.46308268121e-11, 1.37144713988e-11, 3.3588298809e-11, 9.78911743332e-12], "median": [0.000194309017388, 0.000380131037673, 0.000433969224105, 0.000724435318261, 0.000641471589915, 0.000304671411868, 0.000110326531285, 6.79280637996e-05, 5.73207398702e-05, 2.20041365537e-05, 1.10432847578e-05, 9.95715527097e-06, 8.73487442732e-06, 5.80443975196e-06, 4.51744017482e-06, 4.46864669357e-06, 2.50421817327e-06, 3.86981628253e-06, 3.49498532159e-06, 3.30871671395e-06, 1.69785505477e-06, 1.24532687096e-06, 1.12109569272e-06, 7.34619902687e-07, 4.47040918061e-07, 4.03550927786e-07, 3.97128786744e-07, 2.8846773148e-07, 1.96131864527e-07, 1.75649006451e-07, 1.32382709239e-07, 1.61413097999e-07, 2.3350261813e-07, 2.15935926917e-07, 1.74423917088e-07, 1.94988231783e-07, 1.86355393339e-07, 1.46778091903e-07, 1.24695901604e-07, 9.85894104133e-08], "max": [0.134302020073, 0.0555383004248, 0.0403457134962, 0.0248369574547, 0.0449651703238, 0.0392856001854, 0.0254911147058, 0.016638752073, 0.0134952599183, 0.00524642784148, 0.00528492825106, 0.00790301710367, 0.00329296500422, 0.00753182731569, 0.00664071831852, 0.00500372378156, 0.000884747540113, 0.000646268366836, 0.000615248107351, 0.000783589319326, 0.000292088487186, 0.000349954963895, 0.0002018717787, 0.000144716512295, 0.000108036256279, 0.00031343405135, 0.000151633881615, 8.10300043668e-05, 0.000121957986266, 0.000113014386443, 0.000135437265271, 0.000330199982272, 0.00111075676978, 0.000103935119114, 0.000373361457605, 0.000244975555688, 0.000452785840025, 0.00015035198885, 0.000552832963876, 0.000275601603789], "dmean": [0.000816230487544, 0.000610916584264, 0.000485900294734, 0.000677013187669, 0.000540424196515, 0.000349164445652, 0.000275022001006, 0.000140376941999, 8.98081998457e-05, 4.82267787447e-05, 2.85789574264e-05, 2.27536147577e-05, 1.77367201104e-05, 1.99179139599e-05, 1.82632284123e-05, 1.41531618283e-05, 5.86669420954e-06, 6.7363494054e-06, 5.04431454829e-06, 5.08974699187e-06, 2.46106719715e-06, 2.69358383775e-06, 2.05132892006e-06, 1.0067351468e-06, 8.36540266391e-07, 1.12086115678e-06, 1.0406211004e-06, 6.99541885751e-07, 7.38845528758e-07, 6.51115044548e-07, 6.803022643e-07, 7.56052656925e-07, 1.07966377527e-06, 8.50636922678e-07, 9.98139057629e-07, 1.00320869478e-06, 1.05762899238e-06, 7.5138120792e-07, 5.66725248063e-07, 4.17448006829e-07], "dmean2": [0.00120290240739, 0.000971567700617, 0.000784591422416, 0.00110204715747, 0.000855905411299, 0.00055628141854, 0.000426551443525, 0.000211603168282, 0.000133615831146, 6.91034874762e-05, 4.12608424085e-05, 3.29914582835e-05, 2.66954175459e-05, 2.98604281852e-05, 2.81670218101e-05, 2.11858405237e-05, 9.09679420147e-06, 1.05021408672e-05, 7.52880941945e-06, 7.27745918994e-06, 3.84203394788e-06, 4.13206998928e-06, 3.19287437378e-06, 1.6042391735e-06, 1.3297943724e-06, 1.78156290076e-06, 1.6435147927e-06, 1.0917902955e-06, 1.12355371584e-06, 1.01907119188e-06, 1.09180041363e-06, 1.18094180834e-06, 1.70627663465e-06, 1.29490456402e-06, 1.54992005719e-06, 1.5854469666e-06, 1.66680695202e-06, 1.19417643418e-06, 9.13442988804e-07, 6.8212335691e-07], "mean": [0.00221272348426, 0.00137965020258, 0.00101589271799, 0.00134281697683, 0.00114343152381, 0.000692184315994, 0.000457100570202, 0.000256347790128, 0.000185082419193, 0.000107040992589, 6.62148449919e-05, 4.58538961539e-05, 3.8174661313e-05, 3.76205971406e-05, 2.77732124232e-05, 2.19384801312e-05, 1.0090525393e-05, 1.21628791021e-05, 1.1280471881e-05, 1.17095514724e-05, 4.55224517282e-06, 4.61722947875e-06, 3.60175226888e-06, 1.79731523531e-06, 1.32662808028e-06, 1.60472654898e-06, 1.42222268096e-06, 1.01185185031e-06, 9.73569399321e-07, 8.21060325507e-07, 7.75056150815e-07, 9.18245461889e-07, 1.32865386604e-06, 1.14546423902e-06, 1.31224669531e-06, 1.27295083985e-06, 1.28213287098e-06, 8.85200847733e-07, 6.32578462501e-07, 4.79661480313e-07], "dvar2": [2.98351860692e-05, 8.84998371475e-06, 2.10123471334e-06, 3.96722407459e-06, 3.7962774968e-06, 1.74110732587e-06, 2.31795274885e-06, 5.57527187084e-07, 2.41488265829e-07, 6.27412148901e-08, 2.50840255234e-08, 1.15460130345e-08, 8.65516547321e-09, 4.90101683681e-08, 3.63132066639e-08, 2.23531895216e-08, 8.83638662241e-10, 6.30168861537e-10, 2.97384811221e-10, 3.25080434793e-10, 1.10402957609e-10, 1.59679380829e-10, 7.30867796839e-11, 1.98582088273e-11, 2.38483312959e-11, 9.70823976765e-11, 5.1137413748e-11, 1.22910683367e-11, 2.12053360982e-11, 2.11580631487e-11, 2.90747599607e-11, 6.27347201965e-11, 4.76905959168e-10, 2.50909588245e-11, 1.04599023887e-10, 5.50325375548e-11, 1.27728591592e-10, 3.39036888841e-11, 1.36158015418e-10, 3.8893506471e-11], "min": [1.67371336362e-24, 2.1730193237e-24, 1.39598038662e-24, 1.76204034424e-24, 1.39733880509e-24, 2.0848609621e-24, 1.86212115513e-24, 7.58181808794e-25, 2.7482943639e-24, 4.00148195338e-24, 2.29123644124e-24, 1.56181009155e-24, 2.54789509776e-24, 2.60703343603e-24, 4.10980399415e-24, 3.56485848639e-24, 2.28101477606e-24, 3.54511053692e-24, 2.69280371846e-24, 3.88512181441e-24, 1.68914683558e-24, 3.0111309846e-24, 3.87708332179e-24, 6.41451950446e-24, 3.66259283052e-24, 5.34144029812e-24, 6.04456858903e-24, 4.13637953475e-24, 4.50294347589e-24, 4.89826021372e-24, 5.12615857937e-24, 5.13355493921e-24, 6.21402103906e-24, 6.24704038997e-24, 5.87290890618e-24, 6.23039108614e-24, 5.66603762796e-24, 5.99558939871e-24, 7.38415616915e-24, 6.72555670976e-24]}, "spectral_decrease": {"dvar": 2.21372077309e-17, "var": 9.31748881299e-17, "median": -4.10640277337e-09, "max": 1.10806245171e-21, "dmean": 2.1826003227e-09, "dmean2": 3.26032711939e-09, "mean": -7.16097536824e-09, "dvar2": 4.67692881421e-17, "min": -1.37860780569e-07}, "barkbands_kurtosis": {"dvar": 65.0483322144, "var": 207.452041626, "median": 9.96971321106, "max": 191.303894043, "dmean": 5.45439481735, "dmean2": 8.6198425293, "mean": 13.9292268753, "dvar2": 166.18989563, "min": -1.95129692554}, "silence_rate_30dB": {"dvar": 0.0166308823973, "var": 0.0378796346486, "median": 1, "max": 1, "dmean": 0.0169153288007, "dmean2": 0.0338338725269, "mean": 0.960566341877, "dvar2": 0.036874204874, "min": 0}, "gfcc": {"mean": [-63.8819198608, 111.734321594, -73.7021942139, 17.9202098846, -61.982635498, 8.16331672668, -52.6630554199, 3.06101131439, -24.2411212921, 0.834933400154, -16.8756103516, 2.11223196983, -10.1019039154], "cov": [[20368.0566406, -1436.30200195, -1712.13708496, 674.605834961, -456.664825439, 751.898620605, -928.812988281, 107.577072144, -287.966400146, 250.143325806, -106.764564514, 435.409637451, -35.3015060425], [-1436.30200195, 1589.16723633, -165.458862305, -411.35635376, 205.822769165, -235.756317139, 263.095825195, -65.1125259399, 146.210708618, -54.0703582764, 124.928314209, -150.265380859, 74.4448852539], [-1712.13708496, -165.458862305, 945.977294922, 89.141960144, -22.3295021057, 71.6866836548, -12.3229589462, 91.7434997559, -13.7506246567, 7.84920310974, -36.2788619995, 40.6872367859, -77.3456192017], [674.605834961, -411.35635376, 89.141960144, 464.859863281, 2.2769780159, 18.8963718414, -91.2316207886, 4.57433176041, -10.0965852737, -12.5074834824, -29.5638122559, 52.4126663208, 22.6100826263], [-456.664825439, 205.822769165, -22.3295021057, 2.2769780159, 237.542709351, -12.7859506607, 43.2567405701, 3.27737164497, 53.3511047363, -6.17268657684, 7.59552812576, -15.2230615616, 34.0717086792], [751.898620605, -235.756317139, 71.6866836548, 18.8963718414, -12.7859506607, 254.024688721, -8.58572292328, 54.5193519592, -6.72500944138, 29.2139091492, -10.2566232681, 46.9610481262, -17.749704361], [-928.812988281, 263.095825195, -12.3229589462, -91.2316207886, 43.2567405701, -8.58572292328, 240.758773804, 34.8034324646, 51.5600547791, 22.2349739075, 59.8395080566, -28.4686164856, 28.0279560089], [107.577072144, -65.1125259399, 91.7434997559, 4.57433176041, 3.27737164497, 54.5193519592, 34.8034324646, 150.736480713, 49.2309494019, 16.1427440643, -15.2355031967, 18.1685447693, -10.389383316], [-287.966400146, 146.210708618, -13.7506246567, -10.0965852737, 53.3511047363, -6.72500944138, 51.5600547791, 49.2309494019, 148.058959961, 29.4430770874, 15.9545707703, -13.1939992905, 15.7036428452], [250.143325806, -54.0703582764, 7.84920310974, -12.5074834824, -6.17268657684, 29.2139091492, 22.2349739075, 16.1427440643, 29.4430770874, 125.024864197, 46.0429763794, 10.8701047897, -5.35355043411], [-106.764564514, 124.928314209, -36.2788619995, -29.5638122559, 7.59552812576, -10.2566232681, 59.8395080566, -15.2355031967, 15.9545707703, 46.0429763794, 123.038970947, 20.3247280121, 18.2635936737], [435.409637451, -150.265380859, 40.6872367859, 52.4126663208, -15.2230615616, 46.9610481262, -28.4686164856, 18.1685447693, -13.1939992905, 10.8701047897, 20.3247280121, 117.070129395, 19.5750789642], [-35.3015060425, 74.4448852539, -77.3456192017, 22.6100826263, 34.0717086792, -17.749704361, 28.0279560089, -10.389383316, 15.7036428452, -5.35355043411, 18.2635936737, 19.5750789642, 106.953170776]], "icov": [[0.000149207087816, -0.000235475206864, 0.000396311719669, -0.000322233769111, 0.000249785574852, -0.000466119556222, 0.000571158074308, -0.000396265066229, 0.000383021717425, -0.000510695739649, 0.000208783952985, -0.000406514765928, 0.000179723123438], [-0.000235475206864, 0.00203636102378, -0.00076733098831, 0.00168410106562, -0.0012149035465, 0.00157274398953, -0.00151254038792, 0.00117839011364, -0.00176895933691, 0.00211981730536, -0.00171937607229, 0.00171580258757, -0.000901780033018], [0.000396311719669, -0.00076733098831, 0.00231559295207, -0.00120527471881, 0.00066704780329, -0.00135006732307, 0.00136518978979, -0.0017177517293, 0.0013554597972, -0.00151793612167, 0.000922588747926, -0.00161378178746, 0.00149592675734], [-0.000322233769111, 0.00168410106562, -0.00120527471881, 0.00405229628086, -0.0012436194811, 0.00160235795192, -0.000753443338908, 0.00123011809774, -0.00179748714436, 0.00207165139727, -0.00108293327503, 0.000851974531543, -0.00163121556398], [0.000249785574852, -0.0012149035465, 0.00066704780329, -0.0012436194811, 0.00571318017319, -0.00132933212444, 0.000773530919105, -0.00049449026119, -0.000483009644086, -0.000919405254535, 0.00106086197775, -0.000666643318255, -0.00065225653816], [-0.000466119556222, 0.00157274398953, -0.00135006732307, 0.00160235795192, -0.00132933212444, 0.00670141773298, -0.0022434045095, 9.48871311266e-05, -0.0010866826633, 0.0010497358162, -0.000498982321005, -2.90440857498e-05, -0.000128258077893], [0.000571158074308, -0.00151254038792, 0.00136518978979, -0.000753443338908, 0.000773530919105, -0.0022434045095, 0.00861290469766, -0.00350292166695, 0.00119807757437, -0.00212016724981, -0.00188155111391, 0.000233349652262, -0.000831659766845], [-0.000396265066229, 0.00117839011364, -0.0017177517293, 0.00123011809774, -0.00049449026119, 9.48871311266e-05, -0.00350292166695, 0.0108635425568, -0.00472985720262, 0.00133111397736, 0.00150126661174, -0.000575564394239, 0.000303314474877], [0.000383021717425, -0.00176895933691, 0.0013554597972, -0.00179748714436, -0.000483009644086, -0.0010866826633, 0.00119807757437, -0.00472985720262, 0.0112000657246, -0.0041523152031, 0.00105380476452, -0.000494106207043, -2.37994481722e-05], [-0.000510695739649, 0.00211981730536, -0.00151793612167, 0.00207165139727, -0.000919405254535, 0.0010497358162, -0.00212016724981, 0.00133111397736, -0.0041523152031, 0.0131054101512, -0.00592989986762, 0.00233169319108, -0.000176217654371], [0.000208783952985, -0.00171937607229, 0.000922588747926, -0.00108293327503, 0.00106086197775, -0.000498982321005, -0.00188155111391, 0.00150126661174, 0.00105380476452, -0.00592989986762, 0.0138978268951, -0.00499355560169, 0.000469121616334], [-0.000406514765928, 0.00171580258757, -0.00161378178746, 0.000851974531543, -0.000666643318255, -2.90440857498e-05, 0.000233349652262, -0.000575564394239, -0.000494106207043, 0.00233169319108, -0.00499355560169, 0.013781116344, -0.00406543770805], [0.000179723123438, -0.000901780033018, 0.00149592675734, -0.00163121556398, -0.00065225653816, -0.000128258077893, -0.000831659766845, 0.000303314474877, -2.37994481722e-05, -0.000176217654371, 0.000469121616334, -0.00406543770805, 0.0125560974702]]}, "silence_rate_20dB": {"dvar": 0.00113892764784, "var": 0.000664727762341, "median": 1, "max": 1, "dmean": 0.00114035920706, "dmean2": 0.00228093517944, "mean": 0.999334871769, "dvar2": 0.00322589208372, "min": 0}, "barkbands_skewness": {"dvar": 0.413186222315, "var": 1.93605279922, "median": 2.45435476303, "max": 11.5365600586, "dmean": 0.598834514618, "dmean2": 0.931490838528, "mean": 2.54712986946, "dvar2": 0.972142457962, "min": -2.16731023788}, "erbbands_skewness": {"dvar": 0.200543791056, "var": 1.1138279438, "median": 1.24103927612, "max": 7.39341926575, "dmean": 0.416886240244, "dmean2": 0.627008855343, "mean": 1.34141433239, "dvar2": 0.415610641241, "min": -3.83021664619}, "spectral_contrast_valleys": {"dvar": [0.129974752665, 0.0963533893228, 0.0832948833704, 0.0817226320505, 0.104726813734, 0.206142708659], "var": [2.74462604523, 2.8178935051, 2.89807105064, 3.12649726868, 2.99575066566, 3.27665305138], "median": [-7.30744886398, -6.77766990662, -7.98106765747, -8.54489803314, -8.80935668945, -10.8010911942], "max": [-4.63290929794, -4.31610965729, -5.24830770493, -6.00340223312, -6.23667049408, -7.61477327347], "dmean": [0.395278126001, 0.336850732565, 0.308285355568, 0.294376045465, 0.311369538307, 0.461010634899], "dmean2": [0.642207741737, 0.545121729374, 0.48463177681, 0.451131492853, 0.455988407135, 0.640374243259], "mean": [-7.48476409912, -6.99747657776, -8.19263744354, -8.81116676331, -9.11821269989, -11.098941803], "dvar2": [0.311174303293, 0.221854284406, 0.183307573199, 0.169113963842, 0.206131234765, 0.38342577219], "min": [-27.8843307495, -27.9694538116, -27.9303016663, -27.5561275482, -27.4900588989, -27.3926811218]}, "spectral_strongpeak": {"dvar": 0.686776697636, "var": 0.97386598587, "median": 0.53706073761, "max": 37.5664634705, "dmean": 0.33847001195, "dmean2": 0.56169205904, "mean": 0.768212676048, "dvar2": 1.88328957558, "min": 0}, "erbbands_crest": {"dvar": 5.66425275803, "var": 20.1227855682, "median": 10.3220386505, "max": 30.751739502, "dmean": 2.49998021126, "dmean2": 3.95158624649, "mean": 11.1895990372, "dvar2": 13.7736129761, "min": 2.23017787933}, "barkbands_crest": {"dvar": 4.61920261383, "var": 17.0059452057, "median": 10.5478515625, "max": 25.37657547, "dmean": 2.24920201302, "dmean2": 3.66191935539, "mean": 11.3029508591, "dvar2": 12.108704567, "min": 3.34314274788}, "spectral_energyband_middle_low": {"dvar": 9.7349875432e-05, "var": 0.000327391317114, "median": 0.0109176412225, "max": 0.306227058172, "dmean": 0.00579042406753, "dmean2": 0.00892101600766, "mean": 0.0164662282914, "dvar2": 0.000225166862947, "min": 1.5550917261e-22}, "spectral_contrast_coeffs": {"dvar": [0.00153877015691, 0.00136566616129, 0.000766866782214, 0.000558203959372, 0.000470616854727, 0.000421984150307], "var": [0.00816137623042, 0.00546431494877, 0.00405071908608, 0.00343961291946, 0.00259316433221, 0.00239895307459], "median": [-0.596069455147, -0.687785029411, -0.76841044426, -0.780228614807, -0.78912460804, -0.796213984489], "max": [-0.258482813835, -0.346093773842, -0.469728589058, -0.539040565491, -0.593559443951, -0.560249447823], "dmean": [0.04711599648, 0.0435653552413, 0.0326652340591, 0.0278633758426, 0.0246170982718, 0.0230705179274], "dmean2": [0.077186435461, 0.0717416554689, 0.0522336810827, 0.0448201708496, 0.0382180139422, 0.0351233184338], "mean": [-0.597383439541, -0.686952650547, -0.762879371643, -0.777272224426, -0.787463009357, -0.794314622879], "dvar2": [0.00423295842484, 0.00357829546556, 0.00186080206186, 0.00131947291084, 0.00103279622272, 0.00089395721443], "min": [-0.975414633751, -0.980903446674, -0.971041381359, -0.970414221287, -0.969338953495, -0.964752495289]}, "hfc": {"dvar": 128.21307373, "var": 231.331192017, "median": 6.91185760498, "max": 509.415649414, "dmean": 4.02327680588, "dmean2": 5.92690324783, "mean": 11.2817668915, "dvar2": 312.228057861, "min": 1.09104414729e-16}, "spectral_energyband_high": {"dvar": 1.28448300529e-06, "var": 1.57223848873e-06, "median": 9.80133481789e-05, "max": 0.0531225278974, "dmean": 0.000244308059337, "dmean2": 0.000364403793355, "mean": 0.000357518845703, "dvar2": 3.11929193231e-06, "min": 7.24837610486e-21}, "erbbands_spread": {"dvar": 132.22253418, "var": 459.286407471, "median": 28.1935195923, "max": 156.60043335, "dmean": 8.15717792511, "dmean2": 12.4009971619, "mean": 32.8930511475, "dvar2": 279.113677979, "min": 1.68089330196}, "dissonance": {"dvar": 0.000759635993745, "var": 0.00188153015915, "median": 0.436248481274, "max": 0.500000178814, "dmean": 0.0287288725376, "dmean2": 0.0478246733546, "mean": 0.429091304541, "dvar2": 0.00210357527249, "min": 0.160949751735}, "spectral_kurtosis": {"dvar": 21.3421363831, "var": 182.746643066, "median": 6.86970806122, "max": 112.874168396, "dmean": 3.16247963905, "dmean2": 5.08756065369, "mean": 10.4285650253, "dvar2": 59.6156921387, "min": -1.39613461494}, "spectral_skewness": {"dvar": 0.124856710434, "var": 1.35586297512, "median": 2.29475069046, "max": 9.28113746643, "dmean": 0.337678492069, "dmean2": 0.520369887352, "mean": 2.49924874306, "dvar2": 0.296629548073, "min": -0.101489551365}, "pitch_salience": {"dvar": 0.00329329702072, "var": 0.0140787223354, "median": 0.613701939583, "max": 0.923378169537, "dmean": 0.0625556334853, "dmean2": 0.101363115013, "mean": 0.597784936428, "dvar2": 0.00852227210999, "min": 0.116039872169}, "spectral_complexity": {"dvar": 4.25434064865, "var": 29.3438663483, "median": 10, "max": 39, "dmean": 1.77306854725, "dmean2": 2.8097319603, "mean": 10.5859937668, "dvar2": 9.12398433685, "min": 0}, "spectral_spread": {"dvar": 1038348124160.0, "var": 9210516471810.0, "median": 4609209, "max": 42311676, "dmean": 838624.6875, "dmean2": 1241072.25, "mean": 4997256, "dvar2": 2018304458750.0, "min": 808969.375}, "dynamic_complexity": 4.3728055954, "melbands_crest": {"dvar": 6.58034467697, "var": 26.9272861481, "median": 13.6311531067, "max": 32.5410041809, "dmean": 2.73960995674, "dmean2": 4.42550849915, "mean": 14.702911377, "dvar2": 16.4808673859, "min": 1.68627154827}, "zerocrossingrate": {"dvar": 