{"metadata": {"version": {"essentia_git_sha": "v2.1_beta2", "essentia_build_sha": "70f2e5ece6736b2c40cc944ad0e695b16b925413", "extractor": "music 1.0", "essentia": "2.1-beta2"}, "audio_properties": {"analysis_sample_rate": 44100, "md5_encoded": "047c70ce6cf8cfdddd4c91c84f6fa48e", "downmix": "mix", "sample_rate": 44100, "equal_loudness": 0, "lossless": false, "codec": "mp3", "bit_rate": 255863, "length": 436.819580078, "replay_gain": -15.0514831543}, "tags": {"album": ["With Triumph Comes Loss"], "albumartist": ["Cataract"], "musicbrainz_recordingid": ["f828b480-4499-4b4c-9fbe-e58f96bb1900"], "file_name": "114549.mp3", "genre": ["Hardcore"], "artist": ["Cataract"], "tracknumber": ["11"], "date": ["2004"], "title": ["With Triumph Comes Loss"]}}, "rhythm": {"beats_loudness": {"var": 0.000466620433144, "mean": 0.0339190140367, "dmean2": 0.0303115341812, "dvar": 0.000337998382747, "dmean": 0.0165657103062, "max": 0.114439286292, "min": 0, "median": 0.0305252484977, "dvar2": 0.00100127293263}, "beats_position": [0.615328788757, 1.24226760864, 1.8575963974, 2.47292518616, 3.08825397491, 3.70358276367, 4.31891155243, 4.95746040344, 5.58439922333, 6.25777769089, 6.93115615845, 7.56970500946, 8.2198638916, 8.85841274261, 9.42730140686, 9.99619007111, 10.5650787354, 11.1339683533, 11.6912469864, 12.2369155884, 12.7941951752, 13.3398637772, 13.8274831772, 14.3267116547, 14.8259410858, 15.2322902679, 15.6502494812, 16.0682086945, 16.4745578766, 16.8809070587, 17.298866272, 17.7168254852, 18.1347846985, 18.5527439117, 18.970703125, 19.365442276, 19.7485713959, 20.1433105469, 20.5380496979, 20.9327888489, 21.3275279999, 21.7222671509, 22.1170063019, 22.523355484, 22.918094635, 23.312833786, 23.707572937, 24.1139221191, 24.5202713013, 24.9150104523, 25.37940979, 25.8438091278, 26.3082084656, 26.8190479279, 27.3298854828, 27.8407249451, 28.3515644073, 28.8507938385, 29.3500213623, 29.8608608246, 30.3717002869, 30.8825397491, 31.4049873352, 31.9274368286, 32.4382743835, 32.9491157532, 33.4599533081, 33.9707946777, 34.4932403564, 35.0040817261, 35.514919281, 35.9328804016, 36.3508377075, 36.7687988281, 37.186756134, 37.5931053162, 38.0110664368, 38.4290237427, 38.8469848633, 39.2649421692, 39.6829032898, 40.1008605957, 40.5420417786, 40.9832191467, 41.4243965149, 41.9120178223, 42.3996353149, 42.8872566223, 43.3864860535, 43.8857116699, 44.3849411011, 44.8841705322, 45.3717918396, 45.8594093323, 46.347026825, 46.8462562561, 47.3338775635, 47.8331069946, 48.3323364258, 48.8315620422, 49.4004516602, 49.9693412781, 50.5266189575, 51.0722885132, 51.6179580688, 52.1752357483, 52.7325172424, 53.2897949219, 53.8470726013, 54.392742157, 54.9384117126, 55.4376411438, 55.936870575, 56.4361000061, 56.9237174988, 57.4113349915, 57.8989562988, 58.3865737915, 58.8741950989, 59.37342453, 59.8610420227, 60.3602714539, 60.8478889465, 61.3471183777, 61.8579597473, 62.3571853638, 62.8680267334, 63.3672561646, 63.8780937195, 64.3773193359, 64.8765487671, 65.3641738892, 65.8517913818, 66.351020813, 66.8502502441, 67.3378677368, 67.837097168, 68.3363265991, 68.8471679688, 69.3463897705, 69.8456192017, 70.3448486328, 70.8556900024, 71.3549194336, 71.8425369263, 72.3533782959, 72.8642196655, 73.3634490967, 73.8626708984, 74.3619003296, 74.8611297607, 75.3487548828, 75.8363723755, 76.3356018066, 76.8348312378, 77.3224487305, 77.8332901001, 78.3325119019, 78.8433532715, 79.3541946411, 79.8534240723, 80.3526535034, 80.8518829346, 81.3395004272, 81.8503417969, 82.349571228, 82.8487930298, 83.3364181519, 83.835647583, 84.3464813232, 84.8573226929, 85.356552124, 85.8557815552, 86.3666229248, 86.877456665, 87.3766860962, 87.8643035889, 88.3519287109, 88.8511581421, 89.3503875732, 89.8380050659, 90.3372344971, 90.8480682373, 91.3472976685, 91.8349151611, 92.3457565308, 92.8565979004, 93.3558273315, 93.8550567627, 94.3426742554, 94.830291748, 95.3295211792, 95.8403625488, 96.33959198, 96.8272094727, 97.3148269653, 97.802444458, 98.3016738892, 98.7892990112, 99.2769165039, 99.7529220581, 100.240539551, 100.716552734, 101.204170227, 101.703399658, 102.202629089, 102.701858521, 103.201087952, 103.688705444, 104.176322937, 104.652336121, 105.139953613, 105.615959167, 106.10358429, 106.591201782, 107.067207336, 107.531608582, 107.996009827, 108.460403442, 108.948028564, 109.447257996, 109.958091736, 110.457321167, 110.956550598, 111.455780029, 111.943397522, 112.431015015, 112.918640137, 113.394645691, 113.893875122, 114.381492615, 114.869110107, 115.356735229, 115.832740784, 116.308753967, 116.79637146, 117.283988953, 117.794830322, 118.305664062, 118.804893494, 119.304122925, 119.803352356, 120.302581787, 120.79019928, 121.277824402, 121.765441895, 122.253059387, 122.729064941, 123.205078125, 123.681083679, 124.145484924, 124.598274231, 125.085891724, 125.596733093, 126.107574463, 126.606803894, 127.106025696, 127.593650818, 128.081268311, 128.568893433, 129.056503296, 129.555740356, 130.054962158, 130.54258728, 131.030197144, 131.517822266, 131.993835449, 132.469833374, 132.980682373, 133.503128052, 134.02557373, 134.536407471, 135.04725647, 135.546478271, 136.045715332, 136.533325195, 137.009338379, 137.508575439, 138.007797241, 138.495422363, 138.983032227, 139.447433472, 139.923446655, 140.411056519, 140.898681641, 141.374694824, 141.873916626, 142.34992981, 142.837554932, 143.325164795, 143.801177979, 144.277191162, 144.753189087, 145.229202271, 145.728439331, 146.204437256, 146.680450439, 147.156463623, 147.632461548, 148.096862793, 148.584487915, 149.083709717, 149.582946777, 150.070556641, 150.558181763, 151.034194946, 151.51020813, 151.997817993, 152.485443115, 152.973052979, 153.460678101, 153.948303223, 154.424301147, 154.900314331, 155.387939453, 155.863937378, 156.339950562, 156.815963745, 157.291976929, 157.779586792, 158.255599976, 158.731613159, 159.195999146, 159.672012329, 160.148025513, 160.624038696, 161.100036621, 161.576049805, 162.052062988, 162.516464233, 162.980865479, 163.445251465, 163.90965271, 164.385665894, 164.861679077, 165.326080322, 165.790466309, 166.254867554, 166.719268799, 167.183670044, 167.659683228, 168.135681152, 168.623306274, 169.08770752, 169.552108765, 170.01651001, 170.480911255, 170.945297241, 171.409698486, 171.88571167, 172.373336792, 172.849334717, 173.313735962, 173.778137207, 174.242538452, 174.706939697, 175.171340942, 175.635726929, 176.100128174, 176.55291748, 177.005706787, 177.458496094, 177.899673462, 178.352462769, 178.805252075, 179.26965332, 179.734054565, 180.186843872, 180.639633179, 181.092422485, 181.545211792, 182.009613037, 182.462402344, 182.903579712, 183.333145142, 183.762710571, 184.19229126, 184.633468628, 185.063034058, 185.504211426, 185.945388794, 186.386566162, 186.839355469, 187.280548096, 187.733337402, 188.174514771, 188.6040802, 189.03364563, 189.474822998, 189.916000366, 190.357177734, 190.798370361, 191.239547729, 191.669113159, 192.110290527, 192.551467896, 192.992645264, 193.422225952, 193.86340332, 194.316192627, 194.768981934, 195.210159302, 195.639724731, 196.069290161, 196.498855591, 196.928436279, 197.346389771, 197.7759552, 198.205535889, 198.646713257, 199.087890625, 199.529067993, 199.9818573, 200.434646606, 200.875823975, 201.328613281, 201.781402588, 202.222579956, 202.663757324, 203.116546631, 203.557723999, 204.010513306, 204.451690674, 204.892883301, 205.334060669, 205.775238037, 206.216415405, 206.669204712, 207.121994019, 207.586395264, 208.03918457, 208.491973877, 208.933151245, 209.385940552, 209.82711792, 210.25668335, 210.697860718, 211.139038086, 211.580215454, 212.021408081, 212.439361572, 212.857315063, 213.286895752, 213.716461182, 214.15763855, 214.598815918, 215.039993286, 215.481170654, 215.922348022, 216.363540649, 216.804718018, 217.245895386, 217.687072754, 218.128250122, 218.557815552, 218.987380981, 219.405349731, 219.823303223, 220.264480591, 220.705657959, 221.146850586, 221.611236572, 222.075637817, 222.540039062, 223.004440308, 223.468841553, 223.921630859, 224.374420166, 224.838821411, 225.303222656, 225.767608643, 226.232009888, 226.684799194, 227.137588501, 227.532333374, 227.927078247, 228.321807861, 228.716552734, 229.157730103, 229.598907471, 230.051696777, 230.504486084, 230.957275391, 231.410064697, 231.862854004, 232.327255249, 232.791656494, 233.244445801, 233.697235107, 234.150024414, 234.591201782, 235.055603027, 235.519989014, 235.996002197, 236.472015381, 236.948028564, 237.424026489, 237.876815796, 238.341217041, 238.794006348, 239.246795654, 239.699584961, 240.163986206, 240.628387451, 241.069564819, 241.522354126, 241.963531494, 242.404708862, 242.84588623, 243.298675537, 243.763076782, 244.227478027, 244.691879272, 245.167892456, 245.643890381, 246.108291626, 246.572692871, 247.025482178, 247.478271484, 247.942672729, 248.407073975, 248.859863281, 249.312652588, 249.753829956, 250.195007324, 250.659408569, 251.112197876, 251.58821106, 252.064208984, 252.551834106, 253.02784729, 253.492233276, 253.956634521, 254.421035767, 254.885437012, 255.349838257, 255.791015625, 256.232208252, 256.673370361, 257.126159668, 257.578948975, 258.020141602, 258.461303711, 258.925720215, 259.390106201, 259.854522705, 260.295684814, 260.760070801, 261.224487305, 261.677276611, 262.130065918, 262.594451904, 263.058868408, 263.511657715, 263.964447021, 264.417236328, 264.870025635, 265.334411621, 265.798828125, 266.274810791, 266.750823975, 267.215240479, 267.679626465, 268.144042969, 268.596832275, 269.049621582, 269.502410889, 269.955200195, 270.419586182, 270.883972168, 271.348388672, 271.801177979, 272.253967285, 272.718353271, 273.194366455, 273.670379639, 274.134765625, 274.599182129, 275.063568115, 275.527984619, 275.992370605, 276.433563232, 276.897949219, 277.362365723, 277.826751709, 278.291137695, 278.743927002, 279.196716309, 279.661132812, 280.125518799, 280.601531982, 281.077545166, 281.55355835, 282.029571533, 282.49395752, 282.958374023, 283.41116333, 283.852325439, 284.293518066, 284.734680176, 285.187469482, 285.628662109, 286.058227539, 286.487792969, 286.940582275, 287.381774902, 287.834564209, 288.298950195, 288.763336182, 289.239349365, 289.715362549, 290.179779053, 290.644165039, 291.108551025, 291.572967529, 292.037353516, 292.50177002, 292.966156006, 293.43057251, 293.883361816, 294.336151123, 294.800537109, 295.264923096, 295.7293396, 296.193725586, 296.65814209, 297.122528076, 297.58694458, 298.039733887, 298.492523193, 298.95690918, 299.421295166, 299.88571167, 300.373321533, 300.872558594, 301.371795654, 301.871002197, 302.370239258, 302.881072998, 303.380310059, 303.867919922, 304.343933105, 304.819946289, 305.295959473, 305.771972656, 306.24798584, 306.712371826, 307.17678833, 307.641174316, 308.105560303, 308.569976807, 309.04598999, 309.522003174, 309.99798584, 310.473999023, 310.938415527, 311.414428711, 311.890411377, 312.354827881, 312.819213867, 313.295227051, 313.771240234, 314.235626221, 314.711639404, 315.187652588, 315.652069092, 316.116455078, 316.569244385, 317.022033691, 317.486419678, 317.950836182, 318.415222168, 318.879638672, 319.344024658, 319.796813965, 320.249603271, 320.690795898, 321.143585205, 321.596374512, 322.060760498, 322.513549805, 322.966339111, 323.419128418, 323.871917725, 324.313110352, 324.777496338, 325.230285645, 325.683074951, 326.135864258, 326.588653564, 327.041442871, 327.494232178, 327.935424805, 328.388214111, 328.841003418, 329.305389404, 329.746582031, 330.187744141, 330.628936768, 331.070098877, 331.534515381, 332.010528564, 332.498138428, 332.974151611, 333.450164795, 333.926147461, 334.390563965, 334.854949951, 335.319366455, 335.783752441, 336.248168945, 336.712554932, 337.176940918, 337.629730225, 338.082519531, 338.523712158, 338.988098145, 339.452514648, 339.916900635, 340.381317139, 340.857330322, 341.333312988, 341.797729492, 342.262115479, 342.726531982, 343.190917969, 343.655334473, 344.119720459, 344.584106445, 345.036895752, 345.489685059, 345.942474365, 346.418487549, 346.894500732, 347.370513916, 347.8465271, 348.322540283, 348.78692627, 349.27456665, 349.738952637, 350.203338623, 350.667755127, 351.132141113, 351.596557617, 352.072570801, 352.536956787, 353.012969971, 353.500579834, 353.988189697, 354.475830078, 354.951843262, 355.416229248, 355.892242432, 356.356628418, 356.809417725, 357.262207031, 357.703399658, 358.144561768, 358.597351074, 359.061767578, 359.514556885, 359.967346191, 360.408508301, 360.861297607, 361.302490234, 361.743652344, 362.208068848, 362.718902588, 363.218139648, 363.717376709, 364.204986572, 364.692596436, 365.180206299, 365.66784668, 366.143859863, 366.619842529, 367.10748291, 367.595092773, 368.071105957, 368.547119141, 369.034729004, 369.510742188, 369.998352051, 370.485992432, 370.973602295, 371.449615479, 371.925628662, 372.401611328, 372.866027832, 373.353637695, 373.841278076, 374.317260742, 374.793273926, 375.280914307, 375.745300293, 376.221313477, 376.69732666, 377.184936523, 377.684173584, 378.183380127, 378.671020508, 379.158630371, 379.646240234, 380.133880615, 380.598266602, 381.085876465, 381.573516846, 382.049530029, 382.525512695, 382.989929199, 383.454315186, 383.918731689, 384.383117676, 384.84753418, 385.335144043, 385.822753906, 386.31036377, 386.80960083, 387.285614014, 387.773223877, 388.249237061, 388.736877441, 389.212860107, 389.700500488, 390.176513672, 390.652496338, 391.140136719, 391.627746582, 392.115356445, 392.614593506, 393.113830566, 393.613067627, 394.10067749, 394.588287354, 395.064300537, 395.540313721, 396.016326904, 396.492340088, 396.968322754, 397.444335938, 397.920349121, 398.396362305, 398.872375488, 399.348388672, 399.812774658, 400.277191162, 400.741577148, 401.205993652, 401.670379639, 402.134765625, 402.599182129, 403.063568115, 403.527984619, 403.992370605, 404.468383789, 404.955993652, 405.432006836, 405.966064453, 406.488525391, 407.010955811, 407.521820068, 408.032653809, 408.555084229, 409.065948486, 409.576782227, 410.087615967, 410.610046387, 411.132507324, 411.654968262, 412.177398682, 412.711456299, 413.29196167, 413.872467041, 414.441345215, 415.06829834, 415.695220947, 416.368621826, 417.03036499, 417.703765869, 418.37713623, 419.038909912, 419.700683594, 420.374053955, 421.117095947, 421.860137939, 422.614776611, 423.369415283, 424.124084473, 424.878723145, 425.540496826, 426.202270508, 426.852416992, 427.502563477, 428.141113281, 428.779663086, 429.418212891, 430.056762695, 430.706939697, 431.461578369, 432.216217041, 432.97088623, 433.725524902, 434.480163574, 435.234832764, 435.989471436], "bpm_histogram_first_peak_spread": {"var": 0, "mean": 0.558536589146, "dmean2": 0, "dvar": 0, "dmean": 0, "max": 0.558536589146, "min": 0.558536589146, "median": 0.558536589146, "dvar2": 0}, "danceability": 1.22233724594, "bpm_histogram_second_peak_weight": {"var": 0, "mean": 0.134955748916, "dmean2": 0, "dvar": 0, "dmean": 0, "max": 0.134955748916, "min": 0.134955748916, "median": 0.134955748916, "dvar2": 0}, "bpm_histogram_first_peak_weight": {"var": 0, "mean": 0.20022124052, "dmean2": 0, "dvar": 0, "dmean": 0, "max": 0.20022124052, "min": 0.20022124052, "median": 0.20022124052, "dvar2": 0}, "bpm": 129.047424316, "bpm_histogram_second_peak_spread": {"var": 0, "mean": 0.432558178902, "dmean2": 0, "dvar": 0, "dmean": 0, "max": 0.432558178902, "min": 0.432558178902, "median": 0.432558178902, "dvar2": 0}, "bpm_histogram_second_peak_bpm": {"var": 0, "mean": 123, "dmean2": 0, "dvar": 0, "dmean": 0, "max": 123, "min": 123, "median": 123, "dvar2": 0}, "beats_count": 905, "beats_loudness_band_ratio": {"var": [0.0742884799838, 0.0140624828637, 0.011050960049, 0.002661813749, 0.0146963307634, 0.00683177961037], "mean": [0.508438706398, 0.112994365394, 0.0796390920877, 0.0461195334792, 0.164111316204, 0.11779037863], "dmean2": [0.337056607008, 0.156947627664, 0.0956201404333, 0.0594547912478, 0.138352558017, 0.136372372508], "dvar": [0.0291743818671, 0.00775843113661, 0.00615080352873, 0.00229345727712, 0.00517949508503, 0.00612766761333], "dmean": [0.196053698659, 0.0896972417831, 0.0558773316443, 0.0344320386648, 0.0812746435404, 0.0755742862821], "max": [0.954193294048, 0.736031413078, 0.605013430119, 0.419726729393, 0.845384597778, 0.779147684574], "min": [0, 0, 0, 0, 0, 0], "median": [0.527159869671, 0.0709865540266, 0.0336051359773, 0.0288233812898, 0.134317561984, 0.101907014847], "dvar2": [0.0846904218197, 0.0220376532525, 0.0167301334441, 0.00648516137153, 0.0147610111162, 0.0180162917823]}, "onset_rate": 2.3670156002, "bpm_histogram_first_peak_bpm": {"var": 0, "mean": 129, "dmean2": 0, "dvar": 0, "dmean": 0, "max": 129, "min": 129, "median": 129, "dvar2": 0}}, "lowlevel": {"hfc": {"var": 428.742919922, "mean": 28.3531703949, "dmean2": 15.9859447479, "dvar": 319.999694824, "dmean": 9.26229953766, "max": 257.694519043, "min": 1.08946734252e-16, "median": 24.8148479462, "dvar2": 889.752258301}, "barkbands_spread": {"var": 212.738082886, "mean": 41.0187225342, "dmean2": 14.0573997498, "dvar": 98.5715255737, "dmean": 8.45743179321, "max": 121.141311646, "min": 1.37107253075, "median": 41.0951690674, "dvar2": 275.874694824}, "spectral_spread": {"var": 6816968736770.0, "mean": 3979888.25, "dmean2": 495099.4375, "dvar": 260575182848, "dmean": 318672.1875, "max": 42358740, "min": 1378662.625, "median": 3791244.5, "dvar2": 452782784512}, "spectral_energy": {"var": 0.000392300396925, "mean": 0.027761766687, "dmean2": 0.0175013225526, "dvar": 0.000254532962572, "dmean": 0.0106265265495, "max": 0.137075871229, "min": 1.00839334732e-20, "median": 0.0249818637967, "dvar2": 0.000665408850182}, "gfcc": {"icov": [[0.000160929892445, -0.000287809496513, 0.000110406501335, -0.000295555219054, 0.000280976004433, -0.000624560983852, 0.000498702633195, -0.00036497914698, 0.000662889331579, -0.000824086659122, 0.00104003341403, -0.000782438030001, 0.000359445315553], [-0.000287809496513, 0.00252451375127, 0.000298464117805, -0.00014731430565, -0.00140496424865, 0.00132201681845, -0.00199407036416, 0.00131298881024, -0.00161601812579, 0.00250050798059, -0.0033143395558, 0.00296234013513, -0.00211936957203], [0.000110406501335, 0.000298464117805, 0.00236188992858, -0.000467111414764, -0.00140461896081, -0.00232932087965, 0.000562385772355, -0.000150595893501, 0.000491886225063, -0.00109992502257, 0.00190391007345, -0.000990502885543, 0.000731871230528], [-0.000295555219054, -0.00014731430565, -0.000467111414764, 0.0042949328199, -0.00075634883251, -0.000422797282226, 2.64808386419e-05, 0.00128284073435, -0.000673716596793, 0.00187181227375, -0.00278382468969, 0.00434620119631, -0.00335184298456], [0.000280976004433, -0.00140496424865, -0.00140461896081, -0.00075634883251, 0.00769828213379, -0.00170574162621, -0.00182448606938, 0.00234900787473, 0.000161108051543, -0.0037917450536, 0.00200953311287, -0.00212793215178, 0.000263991678366], [-0.000624560983852, 0.00132201681845, -0.00232932087965, -0.000422797282226, -0.00170574162621, 0.00997461471707, -0.0040221652016, -0.00328893121332, 0.00228265253827, 0.00306157697923, -0.00518650375307, 0.00448752380908, -0.000120158481877], [0.000498702633195, -0.00199407036416, 0.000562385772355, 2.64808386419e-05, -0.00182448606938, -0.0040221652016, 0.0148410927504, -0.00790541712195, 0.00184968940448, 0.00168736837804, 0.00291377049871, -0.00282726902515, 0.00136172864586], [-0.00036497914698, 0.00131298881024, -0.000150595893501, 0.00128284073435, 0.00234900787473, -0.00328893121332, -0.00790541712195, 0.0231169145554, -0.0122916866094, -0.000113105626951, 0.00595990708098, -0.00179454300087, -0.000116755407362], [0.000662889331579, -0.00161601812579, 0.000491886225063, -0.000673716596793, 0.000161108051543, 0.00228265253827, 0.00184968940448, -0.0122916866094, 0.0283741597086, -0.0148509880528, -0.000310229865136, 0.00635700672865, -0.00182402494829], [-0.000824086659122, 0.00250050798059, -0.00109992502257, 0.00187181227375, -0.0037917450536, 0.00306157697923, 0.00168736837804, -0.000113105626951, -0.0148509880528, 0.0306046437472, -0.013979642652, 0.00287680863403, 0.00223458069377], [0.00104003341403, -0.0033143395558, 0.00190391007345, -0.00278382468969, 0.00200953311287, -0.00518650375307, 0.00291377049871, 0.00595990708098, -0.000310229865136, -0.013979642652, 0.029242541641, -0.018444461748, 0.00622410839424], [-0.000782438030001, 0.00296234013513, -0.000990502885543, 0.00434620119631, -0.00212793215178, 0.00448752380908, -0.00282726902515, -0.00179454300087, 0.00635700672865, 0.00287680863403, -0.018444461748, 0.0311952792108, -0.0125182513148], [0.000359445315553, -0.00211936957203, 0.000731871230528, -0.00335184298456, 0.000263991678366, -0.000120158481877, 0.00136172864586, -0.000116755407362, -0.00182402494829, 0.00223458069377, 0.00622410839424, -0.0125182513148, 0.0198690034449]], "mean": [0.0628272071481, 66.0058822632, -131.313873291, 71.5676040649, -43.893573761, 5.43913507462, -32.7395401001, 10.5992679596, -20.4677677155, 0.903487563133, -15.6169061661, 0.115634612739, -5.65378189087], "cov": [[19453.328125, 447.989746094, 1517.35668945, 1302.39306641, 120.694198608, 1753.77478027, 244.810317993, 431.775909424, -474.404296875, -199.034790039, -611.90222168, -162.830780029, -77.6337585449], [447.989746094, 880.034179688, -220.740890503, 222.053970337, 100.530128479, -70.9716720581, 44.090927124, -73.1600875854, 10.0961685181, -37.7015571594, 61.4650039673, -14.3176364899, 103.032402039], [1517.35668945, -220.740890503, 1205.79907227, 210.057327271, 273.469360352, 547.801513672, 158.804412842, 132.168182373, -67.4287872314, -25.7746238708, -141.562576294, -66.2119827271, -71.0649719238], [1302.39306641, 222.053970337, 210.057327271, 471.392913818, 99.9292755127, 181.776473999, 38.3086547852, -4.59504842758, -38.9498977661, -44.2180900574, -31.2141113281, -50.599319458, 48.3246536255], [120.694198608, 100.530128479, 273.469360352, 99.9292755127, 250.554138184, 136.413696289, 69.7589035034, 6.82353210449, -7.97897624969, 6.47558355331, -5.67344045639, -8.74289035797, 2.88760256767], [1753.77478027, -70.9716720581, 547.801513672, 181.776473999, 136.413696289, 474.593414307, 142.880584717, 115.000999451, -63.3277931213, -44.4237174988, -99.4379653931, -54.9011077881, -41.1271133423], [244.810317993, 44.090927124, 158.804412842, 38.3086547852, 69.7589035034, 142.880584717, 155.201950073, 73.0774917603, -7.22059440613, -30.2491855621, -47.3311004639, -21.8248825073, -5.56750059128], [431.775909424, -73.1600875854, 132.168182373, -4.59504842758, 6.82353210449, 115.000999451, 73.0774917603, 122.607292175, 25.8710021973, -1.65714490414, -58.865272522, -28.4974517822, -21.8947429657], [-474.404296875, 10.0961685181, -67.4287872314, -38.9498977661, -7.97897624969, -63.3277931213, -7.22059440613, 25.8710021973, 91.748336792, 47.3570022583, 19.4219341278, -14.1431159973, -5.95590257645], [-199.034790039, -37.7015571594, -25.7746238708, -44.2180900574, 6.47558355331, -44.4237174988, -30.2491855621, -1.65714490414, 47.3570022583, 83.5428695679, 46.358505249, 10.7494792938, -18.0199317932], [-611.90222168, 61.4650039673, -141.562576294, -31.2141113281, -5.67344045639, -99.4379653931, -47.3311004639, -58.865272522, 19.4219341278, 46.358505249, 122.450935364, 53.9538574219, 12.1503925323], [-162.830780029, -14.3176364899, -66.2119827271, -50.599319458, -8.74289035797, -54.9011077881, -21.8248825073, -28.4974517822, -14.1431159973, 10.7494792938, 53.9538574219, 83.6951217651, 29.7563743591], [-77.6337585449, 103.032402039, -71.0649719238, 48.3246536255, 2.88760256767, -41.1271133423, -5.56750059128, -21.8947429657, -5.95590257645, -18.0199317932, 12.1503925323, 29.7563743591, 89.8813323975]]}, "silence_rate_60dB": {"var": 0.0809337198734, "mean": 0.0887636840343, "dmean2": 0.00297682336532, "dvar": 0.00148613913916, "dmean": 0.00148833252024, "max": 1, "min": 0, "median": 0, "dvar2": 0.00328691513278}, "spectral_centroid": {"var": 566146.125, "mean": 2489.75219727, "dmean2": 468.77822876, "dvar": 106901.992188, "dmean": 285.464233398, "max": 11725.4140625, "min": 213.161651611, "median": 2516.51269531, "dvar2": 280887.03125}, "spectral_complexity": {"var": 202.198791504, "mean": 30.8613796234, "dmean2": 6.76281118393, "dvar": 19.5321292877, "dmean": 4.28395271301, "max": 66, "min": 0, "median": 34, "dvar2": 41.3796730042}, "melbands_spread": {"var": 471.863891602, "mean": 41.5743179321, "dmean2": 21.8301448822, "dvar": 204.997192383, "dmean": 13.318936348, "max": 190.976745605, "min": 1.0110142231, "median": 39.6404418945, "dvar2": 556.180603027}, "spectral_strongpeak": {"var": 0.905761539936, "mean": 0.540097355843, "dmean2": 0.557194888592, "dvar": 0.520914852619, "dmean": 0.316208779812, "max": 14.8012571335, "min": 0, "median": 0.23374709487, "dvar2": 1.34948909283}, "zerocrossingrate": {"var": 0.00189152453095, "mean": 0.0883542001247, "dmean2": 0.0138686718419, "dvar": 0.00011680489115, "dmean": 0.0107705034316, "max": 0.6318359375, "min": 0.00634765625, "median": 0.083984375, "dvar2": 0.000183760450454}, "erbbands_kurtosis": {"var": 3.63334989548, "mean": 1.12876677513, "dmean2": 1.6931425333, "dvar": 1.7005109787, "dmean": 1.0341553688, "max": 39.4025840759, "min": -1.85174584389, "median": 0.940653204918, "dvar2": 4.4580206871}, "spectral_energyband_middle_low": {"var": 3.20776634908e-05, "mean": 0.00599323306233, "dmean2": 0.00441109854728, "dvar": 2.25652966037e-05, "dmean": 0.00266659911722, "max": 0.0711881667376, "min": 1.59923284826e-22, "median": 0.00472020544112, "dvar2": 6.04333945375e-05}, "erbbands": {"var": [0.119709759951, 7.3794798851, 46.0349884033, 47.4605789185, 54.6111030579, 162.709686279, 114.106567383, 260.02255249, 390.95803833, 654.371826172, 332.715820312, 1072.54919434, 694.717163086, 504.8253479, 754.241821289, 931.651000977, 930.289367676, 826.544128418, 1111.30603027, 2042.25830078, 3889.52612305, 5062.06689453, 1749.20617676, 1597.05432129, 1016.21868896, 2671.83642578, 1474.78894043, 383.875457764, 385.614990234, 207.195968628, 84.5922164917, 37.4123878479, 11.4443178177, 6.70042037964, 2.11895823479, 0.376509130001, 0.0191012714058, 0.000505692209117, 7.78910180088e-06, 1.49771182123e-08], "mean": [0.224679782987, 1.9948849678, 5.4953289032, 6.21329307556, 6.0999250412, 6.29043102264, 6.67048501968, 8.36281871796, 8.53992176056, 7.51013803482, 6.66008758545, 11.7074775696, 11.4460926056, 8.8638792038, 11.9589309692, 12.8489809036, 12.8313560486, 14.78353405, 20.3400859833, 30.627450943, 55.3407440186, 56.2526168823, 41.1409912109, 55.8489761353, 43.5840950012, 40.1041908264, 30.6203517914, 23.913230896, 14.8648891449, 8.49591064453, 5.10608482361, 3.37225675583, 2.00281071663, 1.11331760883, 0.509483098984, 0.19211293757, 0.0442640855908, 0.00818148814142, 0.00114877114538, 8.10497949715e-05], "dmean2": [0.32794624567, 3.00737714767, 7.4554066658, 6.50307369232, 6.41016054153, 8.46638965607, 7.80213165283, 8.14885902405, 9.09490680695, 9.805519104, 7.00636816025, 12.1413803101, 11.2467565536, 8.86119842529, 11.363114357, 12.2300653458, 12.5218381882, 13.6396465302, 18.3969669342, 25.6405010223, 42.6738624573, 43.2271652222, 30.8317604065, 40.83618927, 34.3646430969, 49.4033050537, 37.6867485046, 19.5592288971, 16.5730476379, 9.26760673523, 5.42330598831, 2.96543693542, 1.55546092987, 0.979853272438, 0.468918710947, 0.213214665651, 0.0532294213772, 0.00881829485297, 0.00112349132542, 6.35085307295e-05], "dvar": [0.144991636276, 9.13315486908, 42.5426902771, 25.8517951965, 38.1641845703, 206.98374939, 103.120323181, 193.797958374, 296.032501221, 601.575744629, 242.300506592, 689.918151855, 389.391357422, 334.373748779, 420.821960449, 434.817932129, 509.277984619, 416.579620361, 585.73840332, 1361.81567383, 2226.91235352, 3655.21044922, 1143.77856445, 949.708068848, 817.246520996, 3613.64624023, 2163.78344727, 307.418334961, 445.00201416, 161.01725769, 73.5337295532, 25.9839286804, 7.08327007294, 4.40170764923, 1.41081047058, 0.358014822006, 0.0195320937783, 0.000459161470644, 5.3583476074e-06, 1.08085504991e-08], "dmean": [0.190125793219, 1.74770891666, 4.32199001312, 3.90411877632, 3.83219671249, 4.89627170563, 4.56022882462, 4.8971362114, 5.64778614044, 6.04777431488, 4.33579444885, 7.41891813278, 6.90739965439, 5.43277645111, 6.94636011124, 7.60164022446, 7.65567779541, 8.29075050354, 11.0288925171, 15.4492921829, 26.1777801514, 26.054605484, 18.4822788239, 24.2789306641, 19.926525116, 27.3822479248, 20.662525177, 11.181646347, 9.26619052887, 5.29006052017, 3.10821342468, 1.74514651299, 0.945944845676, 0.593807458878, 0.294436424971, 0.131602093577, 0.0324987731874, 0.00548717891797, 0.000721653283108, 3.95801725972e-05], "max": [3.91540670395, 25.4734134674, 66.1428146362, 62.7500915527, 88.8026428223, 234.603088379, 170.171386719, 378.310638428, 432.129547119, 546.058044434, 500.268432617, 574.632141113, 411.844604492, 608.243896484, 660.393920898, 825.454589844, 584.172851562, 553.000366211, 891.061157227, 1466.50354004, 2018.06896973, 3628.5847168, 1125.62268066, 524.51348877, 412.366455078, 757.210021973, 597.885986328, 238.128189087, 345.048950195, 389.514343262, 376.795562744, 282.099121094, 112.39251709, 107.662338257, 58.2026977539, 19.3359279633, 4.43070268631, 0.747007608414, 0.0641434714198, 0.00224857777357], "min": [7.08809888023e-23, 3.68705559652e-22, 2.55916171176e-21, 4.39731919742e-21, 1.17967466408e-20, 3.49189448828e-20, 4.22426953976e-20, 1.122814188e-19, 1.57881714621e-19, 1.56922055863e-19, 2.048811089e-19, 4.63568765682e-19, 3.90645996295e-19, 6.7385441421e-19, 8.02129447702e-19, 1.38787671897e-18, 2.12789317447e-18, 1.64861738633e-18, 2.93545637162e-18, 2.32184448744e-18, 3.89677135153e-18, 3.97328721255e-18, 4.82919456701e-18, 6.18153188455e-18, 7.79155995113e-18, 8.80299008205e-18, 1.0229923788e-17, 7.68517707973e-18, 9.72300682911e-18, 1.00273232677e-17, 1.25087691525e-17, 1.0524427383e-17, 9.36690557541e-18, 7.86645040225e-18, 5.8887612329e-18, 4.10715977725e-18, 2.1866130718e-18, 9.5059533956e-19, 2.46745236689e-19, 2.62859823314e-20], "median": [0.136791229248, 1.30824708939, 3.56148815155, 4.23052358627, 3.91512823105, 3.21007037163, 3.29065585136, 3.96507740021, 3.53471207619, 2.11326408386, 2.37952280045, 4.05097007751, 4.53851175308, 3.38646459579, 4.84792137146, 5.12037611008, 5.27516746521, 8.06454086304, 12.9338226318, 22.7876472473, 44.0628051758, 46.6830978394, 34.4369125366, 50.128074646, 38.8742294312, 27.0163002014, 22.674785614, 19.9749221802, 9.71995925903, 4.66564941406, 3.0022752285, 2.05443811417, 1.0867497921, 0.500749111176, 0.183830797672, 0.0530063100159, 0.0094703193754, 0.00141926261131, 0.000153597604367, 4.12632798543e-05], "dvar2": [0.401183336973, 25.5396690369, 118.01146698, 67.9739685059, 103.311325073, 581.091552734, 287.897125244, 488.913024902, 714.85144043, 1443.58581543, 593.452392578, 1797.28979492, 1000.88122559, 863.725097656, 1064.03466797, 1030.57531738, 1268.17321777, 1052.19104004, 1496.42138672, 3501.03295898, 5336.92626953, 9460.08105469, 3043.98657227, 2636.17041016, 2306.95288086, 10316.4648438, 6250.76464844, 880.16418457, 1255.84130859, 419.321655273, 190.820175171, 59.5213165283, 16.2325572968, 10.2694673538, 3.20556354523, 0.886685967445, 0.0490732192993, 0.00116088672075, 1.2983081433e-05, 2.74438658465e-08]}, "barkbands_crest": {"var": 14.3819847107, "mean": 9.37366199493, "dmean2": 5.35124397278, "dvar": 9.16014194489, "dmean": 3.21128964424, "max": 25.0078601837, "min": 2.40207910538, "median": 8.71745109558, "dvar2": 25.8398990631}, "melbands_crest": {"var": 21.2555541992, "mean": 15.0448389053, "dmean2": 5.75797796249, "dvar": 9.09363746643, "dmean": 3.49207878113, "max": 31.6135349274, "min": 1.48621809483, "median": 14.8718852997, "dvar2": 24.7106056213}, "spectral_flux": {"var": 0.00284625543281, "mean": 0.090910255909, "dmean2": 0.0365920513868, "dvar": 0.000854053068906, "dmean": 0.0230109449476, "max": 0.316159069538, "min": 6.34374705544e-11, "median": 0.0846084654331, "dvar2": 0.00166583596729}, "spectral_contrast_valleys": {"var": [4.76954555511, 3.68183517456, 3.56179785728, 3.18827557564, 3.12016749382, 3.34133791924], "mean": [-7.31049919128, -7.49393081665, -7.8051071167, -7.63824415207, -6.80916118622, -10.0642900467], "dmean2": [0.627767682076, 0.58116620779, 0.482249110937, 0.392951369286, 0.338385879993, 0.34688231349], "dvar": [0.0989695042372, 0.100111581385, 0.0761795416474, 0.0610159747303, 0.0641532763839, 0.107873566449], "dmean": [0.373143672943, 0.349463939667, 0.294997513294, 0.242369517684, 0.20612321794, 0.213755115867], "max": [-5.31463479996, -4.72592163086, -4.87633180618, -5.4713101387, -5.02666902542, -7.26008939743], "min": [-28.2516708374, -27.8259792328, -27.7612476349, -27.6335811615, -27.4799423218, -27.3772850037], "median": [-6.62874126434, -7.03193950653, -7.38202476501, -7.21222543716, -6.39029073715, -9.54421710968], "dvar2": [0.252354472876, 0.244826242328, 0.170156538486, 0.126844972372, 0.138281881809, 0.25012716651]}, "mfcc": {"icov": [[0.000182921023224, -0.000175857843715, -0.000132800763822, 3.58555075763e-06, 0.000110313609184, -0.000457939808257, 0.000305329594994, -0.000295037694741, -4.33841296399e-06, -0.000308148155455, 0.000160026116646, -0.000107637293695, 0.000140469521284], [-0.000175857843715, 0.00206445832737, 0.000736020680051, -0.000805413641501, 0.000167193531524, -0.000322171923472, -0.00085863575805, 5.74303230678e-05, -0.000478975038277, 0.000827029114589, -0.000278084160527, -0.000519226596225, 0.00073553819675], [-0.000132800763822, 0.000736020680051, 0.00378784281202, 0.000293654389679, -0.00145293900277, -0.00078534259228, -0.000916368328035, -0.00162668444682, 0.00201874645427, -0.00420260848477, 0.00161427073181, 0.000735497567803, -0.000146057558595], [3.58555075763e-06, -0.000805413641501, 0.000293654389679, 0.00470677018166, -0.00175598752685, -0.00140971655492, 0.00114644516725, 0.00149587192573, -0.00259044277482, 0.000767607649323, 0.00143526133616, -0.00028661932447, -0.000530563876964], [0.000110313609184, 0.000167193531524, -0.00145293900277, -0.00175598752685, 0.0111635439098, -0.00580096617341, -5.88526609135e-06, 0.00216491962783, 0.000869988987688, 0.000133515422931, 0.00090636103414, -0.00191763055045, 0.00134904135484], [-0.000457939808257, -0.000322171923472, -0.00078534259228, -0.00140971655492, -0.00580096617341, 0.0186587050557, -0.0109538864344, 0.00155333732255, 0.00230561150238, -0.00347881461494, 0.000886395748239, 4.80718199469e-06, 8.86630223249e-05], [0.000305329594994, -0.00085863575805, -0.000916368328035, 0.00114644516725, -5.88526609135e-06, -0.0109538864344, 0.0218235123903, -0.0120875788853, 0.00144550402183, 0.00290264491923, 0.000523821217939, -0.00198663352057, 0.00179222831503], [-0.000295037694741, 5.74303230678e-05, -0.00162668444682, 0.00149587192573, 0.00216491962783, 0.00155333732255, -0.0120875788853, 0.0223133862019, -0.0102989980951, 0.00104333658237, 0.000742485222872, -8.66908667376e-05, -0.000546439492609], [-4.33841296399e-06, -0.000478975038277, 0.00201874645427, -0.00259044277482, 0.000869988987688, 0.00230561150238, 0.00144550402183, -0.0102989980951, 0.0244189314544, -0.015042334795, 0.00423481594771, 0.00240990496241, 0.00187907204963], [-0.000308148155455, 0.000827029114589, -0.00420260848477, 0.000767607649323, 0.000133515422931, -0.00347881461494, 0.00290264491923, 0.00104333658237, -0.015042334795, 0.0279164668173, -0.0141264209524, -0.000174028071342, 0.0043260618113], [0.000160026116646, -0.000278084160527, 0.00161427073181, 0.00143526133616, 0.00090636103414, 0.000886395748239, 0.000523821217939, 0.000742485222872, 0.00423481594771, -0.0141264209524, 0.027487039566, -0.0152389081195, 0.00412957463413], [-0.000107637293695, -0.000519226596225, 0.000735497567803, -0.00028661932447, -0.00191763055045, 4.80718199469e-06, -0.00198663352057, -8.66908667376e-05, 0.00240990496241, -0.000174028071342, -0.0152389081195, 0.0300660841167, -0.0142924264073], [0.000140469521284, 0.00073553819675, -0.000146057558595, -0.000530563876964, 0.00134904135484, 8.86630223249e-05, 0.00179222831503, -0.000546439492609, 0.00187907204963, 0.0043260618113, 0.00412957463413, -0.0142924264073, 0.0240296348929]], "mean": [-627.071472168, 79.056098938, -16.0368499756, 57.6266860962, 12.7585067749, 8.18295764923, 2.01396965981, 5.76796722412, 5.39220905304, -1.3883805275, -2.62433123589, 1.54518508911, 0.34534907341], "cov": [[10221.4394531, 731.997558594, 1350.71899414, 164.562057495, 353.137481689, 789.399536133, 580.056091309, 631.40625, 490.093353271, 644.865844727, 51.5884246826, -90.1925201416, -338.887084961], [731.997558594, 697.118347168, -94.4875717163, 154.062484741, 28.3403129578, 74.8901519775, 63.6110534668, 34.6356163025, 37.2808761597, -11.0436935425, -10.532289505, 4.13399791718, -25.2726135254], [1350.71899414, -94.4875717163, 758.439086914, -32.6408538818, 162.940093994, 244.939590454, 211.034088135, 197.940246582, 116.878990173, 217.077835083, 12.615234375, -37.8016357422, -95.2763366699], [164.562057495, 154.062484741, -32.6408538818, 310.300750732, 69.9288711548, 48.368927002, -0.318126291037, -20.8065891266, 20.0899143219, -14.3702955246, -30.9065914154, -6.51646566391, -1.12699949741], [353.137481689, 28.3403129578, 162.940093994, 69.9288711548, 178.999832153, 123.85798645, 73.3650894165, 27.6830711365, 9.12974357605, 37.0699501038, -5.45187425613, 1.29192662239, -21.4282646179], [789.399536133, 74.8901519775, 244.939590454, 48.368927002, 123.85798645, 216.860046387, 151.061553955, 96.8368682861, 48.0208625793, 81.5135498047, -0.622619688511, -8.01862716675, -44.2608947754], [580.056091309, 63.6110534668, 211.034088135, -0.318126291037, 73.3650894165, 151.061553955, 185.602981567, 126.6329422, 53.4277153015, 63.4539413452, -4.55073308945, -10.230931282, -40.6064605713], [631.40625, 34.6356163025, 197.940246582, -20.8065891266, 27.6830711365, 96.8368682861, 126.6329422, 165.93951416, 93.6390533447, 87.2321929932, 1.51383340359, -20.0746421814, -46.8172569275], [490.093353271, 37.2808761597, 116.878990173, 20.0899143219, 9.12974357605, 48.0208625793, 53.4277153015, 93.6390533447, 134.165420532, 103.727882385, 10.6952638626, -24.9990539551, -51.269985199], [644.865844727, -11.0436935425, 217.077835083, -14.3702955246, 37.0699501038, 81.5135498047, 63.4539413452, 87.2321929932, 103.727882385, 168.450836182, 53.7310943604, -4.03600883484, -57.6323432922], [51.5884246826, -10.532289505, 12.615234375, -30.9065914154, -5.45187425613, -0.622619688511, -4.55073308945, 1.51383340359, 10.6952638626, 53.7310943604, 86.2570877075, 41.7313690186, -0.414722561836], [-90.1925201416, 4.13399791718, -37.8016357422, -6.51646566391, 1.29192662239, -8.01862716675, -10.230931282, -20.0746421814, -24.9990539551, -4.03600883484, 41.7313690186, 75.7835464478, 40.8752632141], [-338.887084961, -25.2726135254, -95.2763366699, -1.12699949741, -21.4282646179, -44.2608947754, -40.6064605713, -46.8172569275, -51.269985199, -57.6323432922, -0.414722561836, 40.8752632141, 85.8641433716]]}, "erbbands_flatness_db": {"var": 0.00312856095843, "mean": 0.156501501799, "dmean2": 0.0180214773864, "dvar": 0.00011734378495, "dmean": 0.0113646453246, "max": 0.369606226683, "min": 0.0531685389578, "median": 0.140024006367, "dvar2": 0.00027217096067}, "barkbands": {"var": [4.62514634592e-07, 0.000139392213896, 4.53593347629e-05, 2.87853436021e-06, 9.28430745262e-06, 2.61749414676e-06, 3.1671643228e-06, 6.36492700323e-07, 1.82342807875e-06, 5.68564587411e-07, 4.30655916261e-07, 5.68452264815e-07, 4.71408185376e-07, 3.45197321394e-07, 5.12460246682e-07, 1.13608018637e-06, 1.67052951383e-06, 5.50436141111e-07, 5.10142228904e-07, 1.07224843759e-06, 3.58910256182e-07, 2.82464327483e-07, 1.18322887488e-07, 5.60444171072e-08, 4.69272443127e-08, 9.58350732105e-09, 2.31480473678e-10], "mean": [0.000301713385852, 0.00850449409336, 0.00515469349921, 0.00160006235819, 0.00191004795488, 0.00099574867636, 0.000582384236623, 0.000257822801359, 0.000535264902283, 0.000298412633128, 0.000262675835984, 0.000299592124065, 0.000277709477814, 0.000317916565109, 0.000440847623395, 0.000919467769563,