{"lowlevel": {"spectral_strongpeak": {"max": 12.9066438675, "dmean": 0.625878930092, "dvar2": 2.61181569099, "dmean2": 1.05031943321, "var": 1.47538745403, "median": 0.40116789937, "min": 0, "dvar": 1.0163642168, "mean": 0.875697076321}, "barkbands_flatness_db": {"max": 0.467930853367, "dmean": 0.0244070775807, "dvar2": 0.0010911540594, "dmean2": 0.0381231419742, "var": 0.00247867079452, "median": 0.138075143099, "min": 0.0500833727419, "dvar": 0.000465295335744, "mean": 0.146730616689}, "barkbands_skewness": {"max": 9.78199768066, "dmean": 0.68827521801, "dvar2": 1.09329986572, "dmean2": 1.05224835873, "var": 1.85512459278, "median": 1.07548999786, "min": -4.04433584213, "dvar": 0.461586862803, "mean": 1.27717769146}, "spectral_energyband_middle_high": {"max": 0.0551211871207, "dmean": 0.00285277538933, "dvar2": 3.13433411065e-05, "dmean2": 0.0040386673063, "var": 5.7708206441e-05, "median": 0.00295952381566, "min": 1.52886473895e-21, "dvar": 1.60659365065e-05, "mean": 0.00615925667807}, "erbbands_kurtosis": {"max": 54.9016571045, "dmean": 1.25193846226, "dvar2": 8.18854904175, "dmean2": 2.00311303139, "var": 9.46581554413, "median": -0.104225635529, "min": -1.83510458469, "dvar": 3.49044466019, "mean": 0.776006937027}, "erbbands_crest": {"max": 30.6970405579, "dmean": 2.9147772789, "dvar2": 18.8151702881, "dmean2": 4.75515842438, "var": 18.8756389618, "median": 7.72883987427, "min": 2.22001338005, "dvar": 7.50947666168, "mean": 8.76305484772}, "dynamic_complexity": 3.90786528587, "barkbands_crest": {"max": 25.2725830078, "dmean": 2.78349208832, "dvar2": 15.596821785, "dmean2": 4.58723068237, "var": 16.7318649292, "median": 7.89084482193, "min": 2.2766661644, "dvar": 6.1868853569, "mean": 8.8743724823}, "dissonance": {"max": 0.49999961257, "dmean": 0.0202769767493, "dvar2": 0.00108955113683, "dmean2": 0.0338122993708, "var": 0.000944827974308, "median": 0.471865236759, "min": 0.191346928477, "dvar": 0.000410520471632, "mean": 0.463607877493}, "spectral_energyband_low": {"max": 0.090752825141, "dmean": 0.00460030324757, "dvar2": 0.00033121969318, "dmean2": 0.00798870064318, "var": 0.000100802295492, "median": 0.00182293006219, "min": 2.00385058749e-23, "dvar": 0.000118485084386, "mean": 0.00574541836977}, "spectral_contrast_coeffs": {"max": [-0.336749762297, -0.405946969986, -0.458928138018, -0.513410329819, -0.313130617142, -0.514900505543], "dmean": [0.0577246248722, 0.0549527108669, 0.0449805296957, 0.0378184877336, 0.0369922406971, 0.0284715425223], "dvar2": [0.00587012572214, 0.00521105248481, 0.00320651708171, 0.00237169768661, 0.00260411133058, 0.00142111128662], "dmean2": [0.0944495424628, 0.0894109383225, 0.0717396065593, 0.0604017861187, 0.0566203966737, 0.0438651069999], "var": [0.00646959105507, 0.00586326792836, 0.00430171564221, 0.00326438597403, 0.00502100028098, 0.00209553586319], "median": [-0.661791980267, -0.74726742506, -0.788022756577, -0.793742954731, -0.778026938438, -0.769781708717], "min": [-0.974215447903, -0.973367154598, -0.963759064674, -0.964969336987, -0.96333616972, -0.963271856308], "dvar": [0.00236971792765, 0.00206565926783, 0.00130606698804, 0.000993706518784, 0.00125971529633, 0.000649005814921], "mean": [-0.652597427368, -0.737806618214, -0.77830517292, -0.785525858402, -0.76548075676, -0.765919208527]}, "silence_rate_60dB": {"max": 1, "dmean": 0.0410683117807, "dvar2": 0.0850636512041, "dmean2": 0.0821476504207, "var": 0.117167346179, "median": 0, "min": 0, "dvar": 0.0393844805658, "mean": 0.135534077883}, "mfcc": {"icov": [[0.00019257456006, 0.000201677088626, 0.000165210440173, 5.42815396329e-05, -3.94461239921e-05, 5.90856361669e-05, 8.14508603071e-05, -2.94862020382e-05, -5.63289067941e-05, 6.50440706522e-05, -0.000284691719571, 0.000129220163217, -0.000242823443841], [0.000201677088626, 0.00120457902085, 0.000408292020438, -0.000117596748169, 4.92597100674e-05, -0.000202553710551, -8.58509811223e-05, -0.000152130567585, -0.000332037365297, 0.000176482237293, -0.000347347697243, 0.000150900727022, -0.000187720885151], [0.000165210440173, 0.000408292020438, 0.00183021533303, -0.000643609149847, 0.000149194704136, -0.000644277315587, -0.000222957794904, 9.33088085731e-05, -8.00501875347e-05, 0.000121755037981, 0.000621191749815, -0.00013786436466, -1.48194085341e-05], [5.42815396329e-05, -0.000117596748169, -0.000643609149847, 0.00345245422795, -0.00103634549305, -0.000140858115628, 0.000356103177182, 7.83700743341e-05, 0.000224049392273, -0.000683159742039, 0.000426892016549, 0.000348697329173, -0.000398180942284], [-3.94461239921e-05, 4.92597100674e-05, 0.000149194704136, -0.00103634549305, 0.00396005250514, -0.000442409917014, 0.000966486521065, 0.000100022414699, -3.32630843332e-05, 0.000255093415035, 2.90895659418e-05, -5.6200524341e-06, 4.96805114381e-05], [5.90856361669e-05, -0.000202553710551, -0.000644277315587, -0.000140858115628, -0.000442409917014, 0.00651625776663, -0.00280909100547, 0.00225767912343, -0.00168563984334, 0.000265641894657, -6.68583525112e-05, -0.000544490874745, 0.00106181844603], [8.14508603071e-05, -8.58509811223e-05, -0.000222957794904, 0.000356103177182, 0.000966486521065, -0.00280909100547, 0.00689565576613, -0.00366020109504, 0.00142074050382, -0.00164021085948, 0.000765976437833, 0.000346272776369, -0.00107455905527], [-2.94862020382e-05, -0.000152130567585, 9.33088085731e-05, 7.83700743341e-05, 0.000100022414699, 0.00225767912343, -0.00366020109504, 0.00839782785624, -0.00234535709023, 0.00184023962356, -0.00159962137695, 0.000666881795041, -0.00060742063215], [-5.63289067941e-05, -0.000332037365297, -8.00501875347e-05, 0.000224049392273, -3.32630843332e-05, -0.00168563984334, 0.00142074050382, -0.00234535709023, 0.00937531050295, -0.00304344668984, 0.000815045379568, -0.00187378807459, 0.00131717976183], [6.50440706522e-05, 0.000176482237293, 0.000121755037981, -0.000683159742039, 0.000255093415035, 0.000265641894657, -0.00164021085948, 0.00184023962356, -0.00304344668984, 0.00959828402847, -0.00314069073647, 0.00170433148742, -0.00178911536932], [-0.000284691719571, -0.000347347697243, 0.000621191749815, 0.000426892016549, 2.90895659418e-05, -6.68583525112e-05, 0.000765976437833, -0.00159962137695, 0.000815045379568, -0.00314069073647, 0.0114421378821, -0.00175445526838, -0.000202397306566], [0.000129220163217, 0.000150900727022, -0.00013786436466, 0.000348697329173, -5.6200524341e-06, -0.000544490874745, 0.000346272776369, 0.000666881795041, -0.00187378807459, 0.00170433148742, -0.00175445526838, 0.0119697600603, -0.00239204778336], [-0.000242823443841, -0.000187720885151, -1.48194085341e-05, -0.000398180942284, 4.96805114381e-05, 0.00106181844603, -0.00107455905527, -0.00060742063215, 0.00131717976183, -0.00178911536932, -0.000202397306566, -0.00239204778336, 0.0129681322724]], "cov": [[7827.07226562, -1049.76745605, -814.749450684, -291.764862061, 56.5167961121, -337.422668457, -224.769683838, 55.8415718079, -45.51354599, 10.3868169785, 242.703430176, -29.6817932129, 137.244430542], [-1049.76745605, 1081.2220459, -118.672653198, 15.301158905, -25.2825317383, 53.0081634521, 59.2827835083, 41.6219711304, 43.8809165955, 8.81811332703, 14.2069664001, 1.18093121052, -3.8534822464], [-814.749450684, -118.672653198, 787.413879395, 163.828170776, 9.13919067383, 129.784957886, 58.546333313, -38.9827461243, 7.73225164413, -6.7419834137, -83.0756454468, 6.8872423172, -20.4217147827], [-291.764862061, 15.301158905, 163.828170776, 365.916625977, 94.9672470093, 35.2005195618, -18.825712204, -33.7298583984, -1.15403425694, 16.9955348969, -29.4019565582, -8.61463737488, 0.209071725607], [56.5167961121, -25.2825317383, 9.13919067383, 94.9672470093, 296.240264893, 6.97052717209, -65.2149276733, -35.0808753967, -0.891422331333, -9.68084907532, -7.32573890686, 0.220182910562, -6.45272779465], [-337.422668457, 53.0081634521, 129.784957886, 35.2005195618, 6.97052717209, 227.58164978, 79.0463180542, -28.6283512115, 32.4322052002, 13.1706371307, -20.6448707581, 9.73071289062, -17.7780017853], [-224.769683838, 59.2827835083, 58.546333313, -18.825712204, -65.2149276733, 79.0463180542, 245.322219849, 82.4132919312, 5.26207256317, 28.5591430664, -3.66611361504, -5.72489070892, 16.3962669373], [55.8415718079, 41.6219711304, -38.9827461243, -33.7298583984, -35.0808753967, -28.6283512115, 82.4132919312, 177.618423462, 23.1040878296, -3.14223194122, 22.4345016479, -3.8308904171, 15.0581140518], [-45.51354599, 43.8809165955, 7.73225164413, -1.15403425694, -0.891422331333, 32.4322052002, 5.26207256317, 23.1040878296, 133.840438843, 34.9746246338, 5.18980312347, 15.3844766617, -7.22781896591], [10.3868169785, 8.81811332703, -6.7419834137, 16.9955348969, -9.68084907532, 13.1706371307, 28.5591430664, -3.14223194122, 34.9746246338, 136.557266235, 32.2523345947, -6.78608798981, 16.5532569885], [242.703430176, 14.2069664001, -83.0756454468, -29.4019565582, -7.32573890686, -20.6448707581, -3.66611361504, 22.4345016479, 5.18980312347, 32.2523345947, 113.103843689, 10.5815658569, 13.8575191498], [-29.6817932129, 1.18093121052, 6.8872423172, -8.61463737488, 0.220182910562, 9.73071289062, -5.72489070892, -3.8308904171, 15.3844766617, -6.78608798981, 10.5815658569, 92.4184112549, 12.466711998], [137.244430542, -3.8534822464, -20.4217147827, 0.209071725607, -6.45272779465, -17.7780017853, 16.3962669373, 15.0581140518, -7.22781896591, 16.5532569885, 13.8575191498, 12.466711998, 88.6872558594]], "mean": [-651.462219238, 108.898406982, 4.69016885757, 15.1812772751, 6.76802873611, 2.33408784866, -3.71789216995, 4.34837341309, -2.48978638649, 1.25940299034, 1.55341041088, 0.31235653162, -1.45636868477]}, "melbands_spread": {"max": 228.081069946, "dmean": 12.4163856506, "dvar2": 706.274963379, "dmean2": 19.3471908569, "var": 702.114624023, "median": 24.7676181793, "min": 0.586679160595, "dvar": 322.986724854, "mean": 30.6889705658}, "barkbands_kurtosis": {"max": 161.930526733, "dmean": 3.115691185, "dvar2": 87.2747039795, "dmean2": 4.99529695511, "var": 121.753829956, "median": 0.964151501656, "min": -1.93101608753, "dvar": 36.5246429443, "mean": 4.04335403442}, "spectral_energyband_high": {"max": 0.0201436206698, "dmean": 0.000631293747574, "dvar2": 3.89997285311e-06, "dmean2": 0.000930771580897, "var": 3.90221248381e-06, "median": 0.000366189575288, "min": 7.80183586725e-21, "dvar": 1.82700568985e-06, "mean": 0.00104271003511}, "hfc": {"max": 153.240463257, "dmean": 9.04500007629, "dvar2": 333.270477295, "dmean2": 13.2627286911, "var": 483.423461914, "median": 15.8659992218, "min": 1.13624030334e-16, "dvar": 150.052185059, "mean": 22.4478168488}, "spectral_skewness": {"max": 6.18462276459, "dmean": 0.252741903067, "dvar2": 0.140115663409, "dmean2": 0.386636555195, "var": 0.270412385464, "median": 1.45625925064, "min": -0.0451250970364, "dvar": 0.0649220123887, "mean": 1.4841542244}, "erbbands": {"max": [1.32444190979, 14.0591917038, 47.8312416077, 63.9657020569, 143.655639648, 360.118469238, 474.3956604, 656.749572754, 1132.27087402, 1180.74572754, 1063.78063965, 1580.82629395, 1396.36523438, 1737.82312012, 1277.71032715, 1008.44128418, 953.505126953, 2029.83850098, 1480.67956543, 1195.05749512, 959.361633301, 1546.27001953, 1238.38415527, 807.326171875, 469.639770508, 395.390441895, 199.183670044, 469.733825684, 348.250762939, 329.030578613, 260.228881836, 231.267929077, 117.728630066, 84.6069412231, 43.6600379944, 3.73192715645, 0.0862312614918, 0.00497387256473, 0.00102511059958, 0.000219790279516], "dmean": [0.0535425320268, 0.594521462917, 2.26435518265, 2.80393457413, 4.68436384201, 8.49371147156, 8.15409660339, 11.2112474442, 14.2952337265, 17.7367763519, 21.833272934, 20.0740833282, 19.7283420563, 16.2133541107, 19.008430481, 21.7905368805, 24.4284877777, 28.1497631073, 23.6219215393, 20.5440559387, 20.9554920197, 23.6242008209, 18.8369865417, 14.3546447754, 10.8446807861, 6.17836475372, 4.4602894783, 4.59447431564, 4.41760349274, 4.79014539719, 4.91137504578, 3.45349836349, 2.42242026329, 1.62823665142, 0.881189882755, 0.0909601226449, 0.00210980139673, 0.000142318065627, 2.31236044783e-05, 1.31850083562e-05], "dvar2": [0.0368135944009, 5.96258211136, 88.568107605, 102.914230347, 202.638916016, 734.691955566, 1071.30480957, 1857.78942871, 3119.90283203, 5066.73632812, 6501.66650391, 6414.86425781, 5645.86181641, 4396.18359375, 6966.93164062, 8234.69824219, 7195.30224609, 13027.5166016, 10264.5439453, 6156.31689453, 4281.50732422, 6355.90478516, 5457.90380859, 2199.35571289, 1290.15856934, 447.198669434, 209.689117432, 456.736328125, 364.280517578, 457.014160156, 565.6171875, 250.589797974, 105.010856628, 44.7914962769, 10.7055044174, 0.108760170639, 5.62587338209e-05, 2.63865160832e-07, 7.37910976767e-09, 8.86087536678e-10], "dmean2": [0.0911230668426, 1.03383636475, 4.0332903862, 4.89761400223, 8.01891326904, 14.2109327316, 13.2788286209, 18.1695632935, 23.2624778748, 28.6917133331, 35.7349357605, 32.3151245117, 31.1754665375, 25.1932487488, 30.0735549927, 33.8474273682, 37.6353263855, 44.3611373901, 36.9322738647, 31.9302177429, 32.240070343, 36.4878692627, 29.3076820374, 22.3034305573, 16.8423347473, 9.76920795441, 6.90841817856, 7.2643032074, 6.77483940125, 7.38559675217, 7.663230896, 5.3970990181, 3.79568171501, 2.53733849525, 1.38160395622, 0.143203750253, 0.00330705661327, 0.000228114193305, 3.73013353965e-05, 2.07858374779e-05], "var": [0.0136122936383, 1.74728274345, 23.7698574066, 32.0155639648, 94.1983184814, 475.262145996, 682.219421387, 1296.24084473, 1942.17687988, 2838.09741211, 3396.421875, 3823.95361328, 4113.12207031, 4970.07958984, 4035.54052734, 5738.58056641, 5747.19580078, 9224.48242188, 5840.62109375, 4832.43017578, 4577.99316406, 4703.37255859, 3790.17089844, 1695.98632812, 1264.36938477, 335.778656006, 165.213745117, 244.11114502, 287.040313721, 341.377380371, 309.11831665, 160.118026733, 66.0837249756, 29.1086444855, 7.12458181381, 0.0703143998981, 3.8014488382e-05, 1.52996562974e-07, 3.53656548491e-09, 7.45225381404e-10], "median": [0.0190052408725, 0.163086280227, 0.632506966591, 1.25841724873, 2.27799940109, 3.35666942596, 3.20640516281, 4.60873222351, 6.37079524994, 8.34569454193, 9.55771923065, 8.78269290924, 8.88815689087, 6.18583393097, 7.16129159927, 6.9578037262, 8.18983650208, 9.96273326874, 8.00284576416, 7.50628376007, 10.5467567444, 10.5249214172, 8.40437316895, 7.5459728241, 5.55579090118, 3.42518615723, 2.56098127365, 2.27757978439, 2.09095573425, 2.06089687347, 1.62891292572, 1.00378930569, 0.715280413628, 0.50696772337, 0.30568754673, 0.0298209171742, 0.000745826982893, 5.07543518324e-05, 1.92475854419e-05, 2.47844582191e-05], "min": [2.01077615515e-22, 1.19654159571e-21, 9.1828397493e-21, 9.47668677618e-21, 3.68121803592e-20, 1.15796755457e-19, 1.66750202311e-19, 1.82102881275e-19, 2.38863394523e-19, 5.36611760601e-19, 3.38824500936e-19, 6.16956950872e-19, 1.55588961248e-18, 7.33885082612e-19, 2.45679218014e-18, 1.63176895802e-18, 2.6084152136e-18, 4.07971971479e-18, 4.56798747318e-18, 2.98495982256e-18, 6.67512296377e-18, 7.10145557379e-18, 1.0285908199e-17, 1.3488472771e-17, 9.62148281663e-18, 9.67645227705e-18, 1.63648088899e-17, 1.39409016886e-17, 1.45649317057e-17, 1.74284705134e-17, 1.62207702754e-17, 1.39965725981e-17, 1.59728890613e-17, 1.15976652765e-17, 8.9439044353e-18, 4.98061287327e-18, 3.35447877298e-18, 1.29958366718e-18, 3.05768993641e-19, 3.28948306927e-20], "dvar": [0.0137200942263, 2.16396546364, 30.7663555145, 36.3390655518, 77.5771789551, 313.557250977, 467.386505127, 831.109130859, 1286.65185547, 2081.07324219, 2701.53198242, 2707.65209961, 2398.11938477, 1978.06237793, 2810.10839844, 3500.95483398, 3187.02001953, 5655.81640625, 4198.29052734, 2626.56884766, 1987.83654785, 2806.30200195, 2401.88574219, 957.260253906, 539.430603027, 189.222473145, 92.4448928833, 179.067214966, 163.589172363, 204.836715698, 233.417785645, 112.359306335, 45.8601112366, 19.7262153625, 4.68479728699, 0.0468262135983, 2.43956255872e-05, 1.073602931e-07, 2.78332534798e-09, 3.38776645625e-10], "mean": [0.0653210654855, 0.650914132595, 2.42745947838, 3.33886694908, 5.47412061691, 9.89977645874, 10.0369701385, 14.2948083878, 18.3605594635, 22.6586589813, 27.1504421234, 25.3022994995, 27.539018631, 24.2190265656, 25.9792499542, 29.6049613953, 33.7712135315, 38.5297012329, 31.7214660645, 28.3861618042, 32.0936775208, 34.2545280457, 26.9744930267, 21.2505779266, 18.1428928375, 9.50923728943, 6.60277891159, 6.5843706131, 6.52789068222, 6.89504671097, 6.49317169189, 4.53150558472, 3.10893774033, 2.12188529968, 1.16256153584, 0.115633904934, 0.00278305448592, 0.0001842421334, 3.68043438357e-05, 3.11770781991e-05]}, "spectral_contrast_valleys": {"max": [-5.06638526917, -4.5732254982, -5.14515686035, -5.43434143066, -5.66683626175, -7.43010187149], "dmean": [0.47738301754, 0.438018858433, 0.424908906221, 0.428105711937, 0.411145925522, 0.459318846464], "dvar2": [0.499541759491, 0.380756437778, 0.359676301479, 0.396497130394, 0.352654218674, 0.393142104149], "dmean2": [0.772046744823, 0.694823145866, 0.658072352409, 0.631726562977, 0.579392790794, 0.627470493317], "var": [0.953419446945, 1.03382253647, 1.14416217804, 1.28747880459, 1.37062799931, 1.66504704952], "median": [-7.44599533081, -6.65532779694, -7.25369644165, -7.50464057922, -7.57966566086, -9.91849708557], "min": [-27.3557872772, -27.2052879333, -27.4611282349, -27.5358524323, -27.5151062012, -27.3528804779], "dvar": [0.224589183927, 0.171070292592, 0.173386663198, 0.194754600525, 0.184862360358, 0.214502885938], "mean": [-7.49280452728, -6.84965515137, -7.41625976562, -7.71034765244, -7.83721876144, -10.1176290512]}, "average_loudness": 0.900307953358, "erbbands_spread": {"max": 134.561264038, "dmean": 11.4841489792, "dvar2": 344.969268799, "dmean2": 17.6566162109, "var": 426.786102295, "median": 36.9655227661, "min": 2.00363254547, "dvar": 152.093643188, "mean": 40.2393341064}, "melbands_flatness_db": {"max": 0.586071014404, "dmean": 0.0322198048234, "dvar2": 0.0022428536322, "dmean2": 0.049711830914, "var": 0.00465166894719, "median": 0.164842605591, "min": 0.00481263222173, "dvar": 0.000967108993791, "mean": 0.173644468188}, "barkbands_spread": {"max": 111.048942566, "dmean": 8.40927505493, "dvar2": 228.502471924, "dmean2": 13.0213375092, "var": 266.544677734, "median": 22.7388839722, "min": 0.439206600189, "dvar": 105.421325684, "mean": 25.8685932159}, "spectral_decrease": {"max": 7.64206895447e-30, "dmean": 2.38337194425e-09, "dvar2": 3.492380369e-17, "dmean2": 3.82538267729e-09, "var": 2.22841514036e-17, "median": -4.01293132057e-09, "min": -2.95393878247e-08, "dvar": 1.30887120974e-17, "mean": -5.17202014549e-09}, "melbands_crest": {"max": 32.8558616638, "dmean": 3.70420217514, "dvar2": 25.7808685303, "dmean2": 6.0791478157, "var": 25.62774086, "median": 11.5989894867, "min": 1.91855192184, "dvar": 10.0519943237, "mean": 12.4558992386}, "erbbands_flatness_db": {"max": 0.383574873209, "dmean": 0.0218594539911, "dvar2": 0.000813225982711, "dmean2": 0.0317435227334, "var": 0.00183237099554, "median": 0.159565657377, "min": 0.0719538703561, "dvar": 0.000400738383178, "mean": 0.164557769895}, "melbands_kurtosis": {"max": 252.453796387, "dmean": 7.90834712982, "dvar2": 424.928131104, "dmean2": 12.7535552979, "var": 396.08291626, "median": 5.40128803253, "min": -1.82581067085, "dvar": 170.362121582, "mean": 12.2181835175}, "spectral_rms": {"max": 0.0106727723032, "dmean": 0.000927537446842, "dvar2": 2.83738427242e-06, "dmean2": 0.00140239123721, "var": 4.13649786424e-06, "median": 0.00407997332513, "min": 3.18260413683e-12, "dvar": 1.16452031307e-06, "mean": 0.00411025853828}, "melbands_skewness": {"max": 12.6327886581, "dmean": 0.91343998909, "dvar2": 2.14085817337, "dmean2": 1.41434061527, "var": 2.85095858574, "median": 2.05609083176, "min": -1.46116685867, "dvar": 0.892183840275, "mean": 2.35396194458}, "barkbands": {"max": [0.0116659421474, 0.0575746148825, 0.0430223047733, 0.0227489881217, 0.0667294040322, 0.0632286891341, 0.0646530687809, 0.036666367203, 0.0864093974233, 0.0403381511569, 0.0326300300658, 0.0312540307641, 0.0212185010314, 0.0377244800329, 0.0232293754816, 0.0238054767251, 0.0234078858048, 0.0195269174874, 0.0108482800424, 0.00935300346464, 0.00923333875835, 0.011028575711, 0.00874762795866, 0.00732170138508, 0.00676624570042, 3.94293965655e-05, 6.3575735112e-06], "dmean": [0.000320035149343, 0.00230808230117, 0.00216246512718, 0.000874254503287, 0.00211151130497, 0.00127257988788, 0.00102153932676, 0.00103676365688, 0.000901761348359, 0.000623623142019, 0.000456741428934, 0.000545096234418, 0.000562875473406, 0.000582462118473, 0.000443389290012, 0.000374756433303, 0.000451428961242, 0.000348997622496, 0.000251491699601, 0.000140134594403, 0.000111697685497, 0.000125214719446, 0.000167198682902, 0.00014947730233, 0.000134081841679, 5.2394540262e-07, 5.20619707345e-08], "dvar2": [1.42619785493e-06, 8.49580901559e-05, 7.90180856711e-05, 9.61095611274e-06, 3.79460652766e-05, 2.04127663892e-05, 1.58468556037e-05, 1.37553206514e-05, 1.37352744787e-05, 5.58096144232e-06, 3.68658447769e-06, 5.26596704731e-06, 3.87067484553e-06, 5.71308373765e-06, 3.56098325938e-06, 1.6828940943e-06, 2.25481835514e-06, 1.8795875576e-06, 5.866702395e-07, 2.29088499282e-07, 1.98750470304e-07, 2.80413701148e-07, 5.9875134184e-07, 4.03634999202e-07, 2.62889273017e-07, 7.46920754413e-12, 2.16978209488e-13], "dmean2": [0.000531053694431, 0.00396978063509, 0.00385772809386, 0.00153570098337, 0.00353062921204, 0.00206063664518, 0.00165716477204, 0.00170397211332, 0.00145580840763, 0.000987870269455, 0.000712799024768, 0.000861371459905, 0.000872201635502, 0.000931887130719, 0.00070824258728, 0.000588266877457, 0.000705959217157, 0.000551391975023, 0.000394252332626, 0.000220638859901, 0.000175074557774, 0.000191470622667, 0.000259218708379, 0.000232478836551, 0.000207566146855, 9.26099403387e-07, 9.91671669226e-08], "var": [6.48119851121e-07, 2.65125836449e-05, 2.16427033592e-05, 2.93915513794e-06, 2.44773254963e-05, 1.52918037202e-05, 1.00329325505e-05, 7.21089236322e-06, 7.31779618945e-06, 4.59544344267e-06, 2.70633609034e-06, 3.46257411366e-06, 2.89134436571e-06, 3.59748855772e-06, 2.25290818889e-06, 1.69213581103e-06, 1.60374622737e-06, 1.17055378723e-06, 5.22133859704e-07, 1.71494590973e-07, 1.26398319367e-07, 2.33685781836e-07, 3.64248819551e-07, 2.7073681963e-07, 1.85118366858e-07, 2.05261935921e-12, 4.08728464214e-14], "median": [7.29519379092e-05, 0.000696035916917, 0.000582183711231, 0.000374178343918, 0.00106691312976, 0.000540595909115, 0.000397023308324, 0.00043173530139, 0.00034163845703, 0.000231805519434, 0.000144709541928, 0.000145903759403, 0.000158248294611, 0.00019130059809, 0.00011113556684, 0.000163276417879, 0.000186181510799, 0.000135794034577, 0.000126097031171, 6.87074643793e-05, 5.96535646764e-05, 6.23274318059e-05, 5.79774714424e-05, 4.64247495984e-05, 4.7721361625e-05, 1.63372781969e-08, 2.714972136e-10], "min": [5.29618571457e-24, 4.6138111708e-24, 1.08675269018e-23, 9.2455237649e-25, 4.01110526756e-23, 2.06236197855e-23, 2.78415519179e-23, 1.84884020848e-23, 2.48563555244e-23, 3.05677163668e-23, 4.63993784955e-23, 4.43213011455e-23, 5.15896383343e-23, 8.26535955421e-23, 1.12321877948e-22, 7.97154673234e-23, 1.41029308839e-22, 2.32778439064e-22, 1.91551987556e-22, 2.07461052716e-22, 3.96658725921e-22, 4.21898134946e-22, 5.6871625657e-22, 7.83862278629e-22, 1.22129329937e-21, 1.50853883527e-21, 2.41929488098e-21], "dvar": [5.66819551295e-07, 3.10451214318e-05, 2.73778041446e-05, 3.38091786034e-06, 1.56575788424e-05, 9.15506279853e-06, 6.77381331116e-06, 5.62654167879e-06, 5.59057070859e-06, 2.50842686e-06, 1.63543404597e-06, 2.22260359806e-06, 1.70662463006e-06, 2.40622853198e-06, 1.45662716022e-06, 7.35250864636e-07, 9.95362825051e-07, 8.01288251751e-07, 2.49074190606e-07, 9.63394128917e-08, 8.13856289028e-08, 1.30114102603e-07, 2.52301077808e-07, 1.80832074648e-07, 1.1818775647e-07, 2.68423673046e-12, 7.43371225578e-14], "mean": [0.000335703574819, 0.00266269408166, 0.00228587794118, 0.000987801584415, 0.00266030081548, 0.00165065005422, 0.00127110874746, 0.0012627254473, 0.00109659053851, 0.00084340875037, 0.000588443304878, 0.00069464877015, 0.000723196193576, 0.000750226317905, 0.000558914500289, 0.000536083301995, 0.000627258850727, 0.000467887235573, 0.000388607004425, 0.000205674339668, 0.000162884345627, 0.000187758880202, 0.000228519114899, 0.000197507906705, 0.000181551586138, 3.98923077682e-07, 2.99898594847e-08]}, "spectral_kurtosis": {"max": 51.7709655762, "dmean": 1.61801683903, "dvar2": 10.0756521225, "dmean2": 2.57992482185, "var": 11.720864296, "median": 3.17796397209, "min": -1.29248082638, "dvar": 4.05242776871, "mean": 3.76139259338}, "erbbands_skewness": {"max": 6.66652345657, "dmean": 0.471859633923, "dvar2": 0.420516550541, "dmean2": 0.714036226273, "var": 0.846270620823, "median": 0.281165778637, "min": -3.47441673279, "dvar": 0.188865825534, "mean": 0.287752956152}, "melbands": {"max": [0.0140889715403, 0.0226464308798, 0.0104927215725, 0.0191354844719, 0.0141697684303, 0.0135779641569, 0.0153097938746, 0.0118962265551, 0.00883554760367, 0.0128673492, 0.00719105638564, 0.00730841234326, 0.0039946557954, 0.00437167100608, 0.00319783645682, 0.00261190370657, 0.00453356932849, 0.00288739521056, 0.00243484182283, 0.00198334432207, 0.00122025073506, 0.00195524771698, 0.00121935200877, 0.000917431316338, 0.000718656403478, 0.000534796563443, 0.000392182904761, 0.000322801381117, 0.000178781192517, 0.00024709070567, 0.00024637626484, 0.000195775617613, 0.000361371028703, 0.000208542594919, 0.00021503737662, 0.000199228365091, 0.000141701340908, 0.000101961457403, 0.000102636266092, 7.42735646782e-05], "dmean": [0.000559045409318, 0.00105418404564, 0.000506528536789, 0.00048682175111, 0.000296951417113, 0.000253184087342, 0.000216505519347, 0.000202418144909, 0.000178043890628, 0.000125723076053, 0.000100364712125, 6.80229059071e-05, 6.29657151876e-05, 6.38664496364e-05, 5.84789922868e-05, 5.49125725229e-05, 5.61052729608e-05, 4.1548461013e-05, 3.35030454153e-05, 2.66225706582e-05, 2.63743331743e-05, 2.76203354588e-05, 2.14184583456e-05, 1.56827645696e-05, 1.21552820929e-05, 9.2371046776e-06, 6.74769171383e-06, 3.89034903492e-06, 2.92045979222e-06, 2.83313306682e-06, 2.79694222627e-06, 2.55426107287e-06, 2.65221638074e-06, 2.86838780994e-06, 3.02711146105e-06, 2.56115072261e-06, 2.00053978006e-06, 1.75199579644e-06, 1.6501301161e-06, 1.34388676543e-06], "dvar2": [4.47723641628e-06, 1.93651394511e-05, 3.10663858727e-06, 2.26564839068e-06, 1.08077279037e-06, 8.64916103183e-07, 6.56212591821e-07, 5.80313212595e-07, 4.51509464483e-07, 2.54910787589e-07, 1.46136528656e-07, 7.84234828188e-08, 7.01373963352e-08, 8.34821705098e-08, 5.40966205165e-08, 4.0182534633e-08, 5.75164733618e-08, 3.61942831262e-08, 2.25437197798e-08, 9.99003102464e-09, 7.09405378885e-09, 1.00938732928e-08, 6.85348000573e-09, 3.90037113718e-09, 1.67595981537e-09, 1.05026920494e-09, 6.08166295102e-10, 2.04706682161e-10, 9.75313649287e-11, 1.37959532687e-10, 1.84864595854e-10, 1.21093093886e-10, 1.74285391674e-10, 1.82106579816e-10, 2.39605030261e-10, 1.6127292557e-10, 8.36196736853e-11, 6.04906194579e-11, 5.15062263673e-11, 3.15647299964e-11], "dmean2": [0.000949247390963, 0.00187059724703, 0.000884444452822, 0.00082479591947, 0.000482712232042, 0.000409754749853, 0.000351678347215, 0.00032878210186, 0.000289993506158, 0.000202164621442, 0.0001588769519, 0.00010667440074, 9.85378210316e-05, 0.000101941433968, 9.16248100111e-05, 8.55196485645e-05, 8.98556827451e-05, 6.6239030275e-05, 5.32453559572e-05, 4.17299743276e-05, 4.09949789173e-05, 4.32924243796e-05, 3.38507743436e-05, 2.46682920988e-05, 1.91399303731e-05, 1.45281055666e-05, 1.07199475678e-05, 6.19840193394e-06, 4.58584645457e-06, 4.52067024526e-06, 4.49183789897e-06, 3.97562826038e-06, 4.13018779e-06, 4.46904323326e-06, 4.7905991778e-06, 4.07391371482e-06, 3.138548891e-06, 2.77810022453e-06, 2.59702096628e-06, 2.13022485696e-06], "var": [1.55097791321e-06, 5.22227492183e-06, 9.89211912383e-07, 1.33785863454e-06, 7.42354927752e-07, 6.26723931418e-07, 4.22948232881e-07, 3.25536490209e-07, 2.26198807241e-07, 1.65462211044e-07, 1.06807988232e-07, 8.57223980688e-08, 4.65536906802e-08, 4.76428496654e-08, 3.64444616707e-08, 2.95967002018e-08, 3.72398751836e-08, 1.8069069796e-08, 1.42278810955e-08, 9.41509714636e-09, 6.33979535536e-09, 6.32724539429e-09, 4.58394211478e-09, 2.32636909736e-09, 1.20244492141e-09, 8.92760254612e-10, 4.91173379746e-10, 1.39937783583e-10, 6.90381155022e-11, 7.94398574699e-11, 9.10341801941e-11, 9.31972207741e-11, 1.08588540937e-10, 1.19467033488e-10, 1.19451407099e-10, 8.69243704793e-11, 5.36672026263e-11, 3.45276168767e-11, 3.04619697522e-11, 1.92238169827e-11], "median": [0.000192362655071, 0.000318827165756, 0.000265662383754, 0.000219667272177, 0.000126743660076, 0.000103730460978, 9.49564273469e-05, 9.08054207684e-05, 7.26547441445e-05, 4.98094523209e-05, 4.07832631026e-05, 2.27000691666e-05, 2.1804966309e-05, 1.78374175448e-05, 1.83292795555e-05, 1.48615108628e-05, 1.83046977327e-05, 1.27590155898e-05, 7.8676839621e-06, 1.03366337498e-05, 1.18259849842e-05, 1.08146832645e-05, 8.27962958283e-06, 5.85666111874e-06, 5.48064281247e-06, 4.07487186749e-06, 2.85703413283e-06, 1.78076720658e-06, 1.44186401485e-06, 1.39817393574e-06, 1.2271509604e-06, 1.08571896362e-06, 1.1919521512e-06, 1.04546359125e-06, 9.30534838517e-07, 7.34765990273e-07, 5.23446033185e-07, 4.7026219363e-07, 4.65873824851e-07, 3.91835385471e-07], "min": [2.24012298774e-24, 3.64378678097e-24, 1.68467872742e-24, 6.88619087817e-24, 5.22399665871e-24, 4.06866687009e-24, 4.36881503389e-24, 5.78935118137e-24, 2.59386340322e-24, 3.75499368607e-24, 7.87384867581e-24, 2.39906662723e-24, 7.46212875874e-24, 5.34285551459e-24, 5.46362380829e-24, 6.4886704574e-24, 6.91142732739e-24, 5.60325889383e-24, 5.35010593517e-24, 4.30217245905e-24, 8.20989868827e-24, 7.03899323551e-24, 7.89375084759e-24, 1.08802701608e-23, 1.1015537718e-23, 6.78478438653e-24, 6.80470864641e-24, 6.13843396485e-24, 9.47053075811e-24, 8.13133524186e-24, 7.71696632987e-24, 7.07706997369e-24, 9.92489097369e-24, 9.4029845431e-24, 9.40585047477e-24, 7.72092483389e-24, 7.60558705866e-24, 1.15809671824e-23, 7.96585510091e-24, 1.01869103345e-23], "dvar": [1.6675637653e-06, 6.78423930367e-06, 1.10148596377e-06, 9.19283536405e-07, 4.78498179746e-07, 3.8344600739e-07, 2.73665477835e-07, 2.375257111e-07, 1.84906951972e-07, 1.1043933057e-07, 6.2536557266e-08, 3.51453159908e-08, 2.95809474693e-08, 3.41308528107e-08, 2.2514559106e-08, 1.77747949692e-08, 2.45994264958e-08, 1.46646073063e-08, 9.23697829336e-09, 4.2196450778e-09, 3.29249294495e-09, 4.28472368696e-09, 2.94335245066e-09, 1.64855817886e-09, 7.18599124649e-10, 4.31445129623e-10, 2.49081977266e-10, 8.73714225968e-11, 4.28360784344e-11, 5.56273187236e-11, 7.12184547447e-11, 5.40867836629e-11, 7.51080933559e-11, 7.8128475911e-11, 9.60971649477e-11, 6.82124010054e-11, 3.80463473226e-11, 2.57841456519e-11, 2.21324885502e-11, 1.36335239972e-11], "mean": [0.000677897187416, 0.0011616650736, 0.000619537895545, 0.00057800731156, 0.000374345778255, 0.000326877139742, 0.000279646075796, 0.000255744176684, 0.00021598499734, 0.000156383684953, 0.000136045651743, 9.73347050603e-05, 8.35274768178e-05, 8.00116540631e-05, 7.64589203754e-05, 7.07286526449e-05, 7.2482311225e-05, 5.19378772879e-05, 4.18153686041e-05, 3.66788699466e-05, 3.77156138711e-05, 3.71396236005e-05, 2.92067707051e-05, 2.06741169677e-05, 1.68279493664e-05, 1.42824446812e-05, 1.03231241155e-05, 5.34918808626e-06, 4.04728370995e-06, 3.90522018279e-06, 3.792596317e-06, 3.6256740259e-06, 3.69968597624e-06, 3.91081312046e-06, 3.87876843888e-06, 3.24930715578e-06, 2.5423041734e-06, 2.15641398427e-06, 2.04776893042e-06, 1.69878990164e-06]}, "spectral_centroid": {"max": 10910.6894531, "dmean": 359.11114502, "dvar2": 334180.96875, "dmean2": 555.278076172, "var": 534557.625, "median": 1404.90124512, "min": 149.338729858, "dvar": 157452.1875, "mean": 1472.67480469}, "pitch_salience": {"max": 0.913438439369, "dmean": 0.0795681253076, "dvar2": 0.0116421170533, "dmean2": 0.128250047565, "var": 0.012985676527, "median": 0.616808176041, "min": 0.0936971157789, "dvar": 0.00477211130783, "mean": 0.601593971252}, "gfcc": {"icov": [[0.000209513731534, -0.000133731067763, 0.00034186852281, -0.000321514642565, 0.000254524900811, -0.00032112779445, 0.000428570376243, -0.000400733144488, 0.000197415123694, -0.000226236312301, 0.000175015506102, -0.000300036714179, 0.000478278903756], [-0.000133731067763, 0.00373256579041, -0.00184530485421, 0.00287043931894, -0.00324013456702, 0.00331067875959, -0.00394749408588, 0.00277266581543, -0.0026880344376, 0.00179361959454, -0.00107806024607, 0.00193680054508, -0.00147827633191], [0.00034186852281, -0.00184530485421, 0.00318492134102, -0.00303599168546, 0.00220561097376, -0.00280564045534, 0.00262849358842, -0.0013792704558, 0.00206684297882, -0.00111554795876, 0.00131958047859, -0.00113042187877, 0.00121311657131], [-0.000321514642565, 0.00287043931894, -0.00303599168546, 0.00615573208779, -0.00341062457301, 0.00351344421506, -0.00354357832111, 0.00274138525128, -0.00270673399791, 0.00134900666308, -0.0012246548431, 0.00218200939707, -0.00171263434459], [0.000254524900811, -0.00324013456702, 0.00220561097376, -0.00341062457301, 0.00689024012536, -0.00386898336001, 0.00416063237935, -0.00287381699309, 0.00186448206659, -0.00105669023469, 0.0008056020597, -0.000697866897099, 0.00161981501151], [-0.00032112779445, 0.00331067875959, -0.00280564045534, 0.00351344421506, -0.00386898336001, 0.00989487580955, -0.0066190562211, 0.00246595079079, -0.000949198903982, -0.000518715183716, 0.000823669426609, 0.000609003880527, -0.00058479065774], [0.000428570376243, -0.00394749408588, 0.00262849358842, -0.00354357832111, 0.00416063237935, -0.0066190562211, 0.0098673934117, -0.00463774427772, 0.00285803433508, -9.59149765549e-05, -0.00149584934115, 0.000666965905111, 0.000331748189637], [-0.000400733144488, 0.00277266581543, -0.0013792704558, 0.00274138525128, -0.00287381699309, 0.00246595079079, -0.00463774427772, 0.00962649844587, -0.0036544080358, 0.00120144162793, 0.000444193225121, -0.00106474128552, 0.00187265546992], [0.000197415123694, -0.0026880344376, 0.00206684297882, -0.00270673399791, 0.00186448206659, -0.000949198903982, 0.00285803433508, -0.0036544080358, 0.0105482405052, -0.00373672903515, 0.000364555249689, 0.000771233637352, -0.000455685454654], [-0.000226236312301, 0.00179361959454, -0.00111554795876, 0.00134900666308, -0.00105669023469, -0.000518715183716, -9.59149765549e-05, 0.00120144162793, -0.00373672903515, 0.010449424386, -0.00205059559084, 0.00157046469394, -0.00113305298146], [0.000175015506102, -0.00107806024607, 0.00131958047859, -0.0012246548431, 0.0008056020597, 0.000823669426609, -0.00149584934115, 0.000444193225121, 0.000364555249689, -0.00205059559084, 0.0125559763983, -0.00405258778483, 0.00247993669473], [-0.000300036714179, 0.00193680054508, -0.00113042187877, 0.00218200939707, -0.000697866897099, 0.000609003880527, 0.000666965905111, -0.00106474128552, 0.000771233637352, 0.00157046469394, -0.00405258778483, 0.0155438799411, -0.00524422200397], [0.000478278903756, -0.00147827633191, 0.00121311657131, -0.00171263434459, 0.00161981501151, -0.00058479065774, 0.000331748189637, 0.00187265546992, -0.000455685454654, -0.00113305298146, 0.00247993669473, -0.00524422200397, 0.0181365702301]], "cov": [[7802.61572266, -1115.06091309, -738.127075195, -81.1902770996, -101.651847839, 53.823135376, -370.904968262, 377.499725342, -11.2313175201, 172.031509399, -62.3188591003, 180.038848877, -205.278274536], [-1115.06091309, 1128.01245117, 42.8875389099, -69.1511459351, 197.739089966, -97.4819641113, 243.099716187, -118.058692932, 104.724594116, -100.720527649, 60.4128837585, -116.349472046, 53.3238258362], [-738.127075195, 42.8875389099, 812.833312988, 258.572937012, -26.1313877106, 92.6427764893, -21.8367938995, -69.4977264404, -67.2279968262, 8.22851657867, -53.6366233826, -14.1974725723, 7.95922517776], [-81.1902770996, -69.1511459351, 258.572937012, 382.760559082, 51.0344734192, -13.3098363876, -8.61642932892, -40.6555252075, 14.3304548264, 6.29661607742, -6.62798881531, -27.7335472107, 8.36210632324], [-101.651847839, 197.739089966, -26.1313877106, 51.0344734192, 279.462188721, 15.5387802124, -0.130077108741, 8.75926494598, 25.3134403229, -5.59827184677, -2.02646493912, -26.759185791, -7.16944122314], [53.823135376, -97.4819641113, 92.6427764893, -13.3098363876, 15.5387802124, 229.622573853, 98.2613601685, 26.2505226135, -39.6315498352, 21.0707302094, -17.7630748749, 2.26358509064, -11.9061861038], [-370.904968262, 243.099716187, -21.8367938995, -8.61642932892, -0.130077108741, 98.2613601685, 307.300354004, 32.9709281921, -2.4942677021, -34.3103561401, 37.7685279846, -37.0437316895, 6.31545591354], [377.499725342, -118.058692932, -69.4977264404, -40.6555252075, 8.75926494598, 26.2505226135, 32.9709281921, 182.446990967, 21.4467716217, 8.41360282898, -3.62534070015, 19.8293457031, -30.851606369], [-11.2313175201, 104.724594116, -67.2279968262, 14.3304548264, 25.3134403229, -39.6315498352, -2.4942677021, 21.4467716217, 151.077560425, 30.8205337524, 9.81631469727, -21.548625946, 7.12279939651], [172.031509399, -100.720527649, 8.22851657867, 6.29661607742, -5.59827184677, 21.0707302094, -34.3103561401, 8.41360282898, 30.8205337524, 127.207893372, 4.52243757248, 2.34839010239, -2.98157525063], [-62.3188591003, 60.4128837585, -53.6366233826, -6.62798881531, -2.02646493912, -17.7630748749, 37.7685279846, -3.62534070015, 9.81631469727, 4.52243757248, 101.17741394, 12.1416893005, -0.973693907261], [180.038848877, -116.349472046, -14.1974725723, -27.7335472107, -26.759185791, 2.26358509064, -37.0437316895, 19.8293457031, -21.548625946, 2.34839010239, 12.1416893005, 94.3363418579, 10.4152097702], [-205.278274536, 53.3238258362, 7.95922517776, 8.36210632324, -7.16944122314, -11.9061861038, 6.31545591354, -30.851606369, 7.12279939651, -2.98157525063, -0.973693907261, 10.4152097702, 71.6180114746]], "mean": [-21.3712177277, 95.8813705444, -130.449737549, 45.4869689941, -73.1714172363, 25.8410568237, -48.4499511719, 13.5931901932, -20.8969650269, -2.72827315331, -8.20213794708, -9.70002365112, -2.72911548615]}, "spectral_flux": {"max": 0.337616741657, "dmean": 0.0277245547622, "dvar2": 0.00210862443782, "dmean2": 0.0424350239336, "var": 0.00309686572291, "median": 0.0843027830124, "min": 6.58350943206e-11, "dvar": 0.000988260377198, "mean": 0.0910559743643}, "zerocrossingrate": {"max": 0.50341796875, "dmean": 0.016284648329, "dvar2": 0.000562909059227, "dmean2": 0.0188093800098, "var": 0.00221929722466, "median": 0.0654296875, "min": 0.00537109375, "dvar": 0.000451186788268, "mean": 0.0750193148851}, "spectral_energyband_middle_low": {"max": 0.0893484428525, "dmean": 0.0049905134365, "dvar2": 0.000121953584312, "dmean2": 0.00810652878135, "var": 9.41749312915e-05, "median": 0.00611256109551, "min": 2.20680291517e-22, "dvar": 4.8323199735e-05, "mean": 0.00923363026232}, "silence_rate_20dB": {"max": 1, "dmean": 0, "dvar2": 0, "dmean2": 0, "var": 0, "median": 1, "min": 1, "dvar": 0, "mean": 1}, "silence_rate_30dB": {"max": 1, "dmean": 0, "dvar2": 0, "dmean2": 0, "var": 0, "median": 1, "min": 1, "dvar": 0, "mean": 1}, "spectral_entropy": {"max": 9.81202697754, "dmean": 0.20028488338, "dvar2": 0.0793282836676, "dmean2": 0.294784754515, "var": 0.240936264396, "median": 7.69267749786, "min": 4.57075786591, "dvar": 0.0392152667046, "mean": 7.64069795609}, "spectral_rolloff": {"max": 18841.5527344, "dmean": 871.715209961, "dvar2": 4928089, "dmean2": 1452.22619629, "var": 4122913, "median": 1442.72460938, "min": 86.1328125, "dvar": 2305336, "mean": 1982.92785645}, "spectral_complexity": {"max": 54, "dmean": 4.87840557098, "dvar2": 53.3655891418, "dmean2": 6.98617458344, "var": 121.467796326, "median": 18, "min": 0, "dvar": 26.2177524567, "mean": 18.3645992279}, "spectral_spread