{"lowlevel": {"spectral_strongpeak": {"max": 14.4194812775, "dmean": 0.43883061409, "dvar2": 1.31458723545, "dmean2": 0.704058885574, "var": 1.19981920719, "median": 0.590435028076, "min": 0, "dvar": 0.539917290211, "mean": 0.986334741116}, "barkbands_flatness_db": {"max": 0.627892315388, "dmean": 0.0272803101689, "dvar2": 0.00187369761989, "dmean2": 0.0389404594898, "var": 0.00592362694442, "median": 0.175925701857, "min": 0.0151867410168, "dvar": 0.000939081830438, "mean": 0.185323387384}, "barkbands_skewness": {"max": 20.0893745422, "dmean": 0.67825293541, "dvar2": 1.44763278961, "dmean2": 0.995677828789, "var": 2.93211293221, "median": 1.53205561638, "min": -4.78080844879, "dvar": 0.675998151302, "mean": 1.79840660095}, "spectral_energyband_middle_high": {"max": 0.0673642382026, "dmean": 0.000943943858147, "dvar2": 9.71897316049e-06, "dmean2": 0.00151145562995, "var": 1.35271056934e-05, "median": 0.00107730575837, "min": 1.1876839373e-21, "dvar": 4.05282798965e-06, "mean": 0.00235152081586}, "erbbands_kurtosis": {"max": 105.520210266, "dmean": 2.36205768585, "dvar2": 38.2753982544, "dmean2": 3.62660241127, "var": 41.6517333984, "median": 1.13461780548, "min": -1.88062655926, "dvar": 17.3238716125, "mean": 3.08324837685}, "erbbands_crest": {"max": 33.618057251, "dmean": 3.28991937637, "dvar2": 20.1151809692, "dmean2": 5.17023611069, "var": 32.3449134827, "median": 11.4856700897, "min": 2.66689753532, "dvar": 8.54843425751, "mean": 12.5287599564}, "dynamic_complexity": 4.72575187683, "barkbands_crest": {"max": 26.5726547241, "dmean": 2.82750034332, "dvar2": 13.6184129715, "dmean2": 4.31012153625, "var": 25.182844162, "median": 11.6606111526, "min": 2.16776919365, "dvar": 6.1700334549, "mean": 12.5081338882}, "dissonance": {"max": 0.499995976686, "dmean": 0.0275150127709, "dvar2": 0.00187615433242, "dmean2": 0.0456652417779, "var": 0.00217730435543, "median": 0.442185401917, "min": 0.151109680533, "dvar": 0.000696105242241, "mean": 0.432343661785}, "spectral_energyband_low": {"max": 0.110484413803, "dmean": 0.00435982318595, "dvar2": 8.83128668647e-05, "dmean2": 0.00504475831985, "var": 0.000272268080153, "median": 0.00185655243695, "min": 1.65249888228e-23, "dvar": 6.57692216919e-05, "mean": 0.00958119519055}, "spectral_contrast_coeffs": {"max": [-0.355106502771, -0.307894349098, -0.3900385499, -0.495620787144, -0.576624035835, -0.593069553375], "dmean": [0.0490616187453, 0.046373590827, 0.0387334153056, 0.0291024278849, 0.0206642486155, 0.0169344432652], "dvar2": [0.00388868013397, 0.00353892659768, 0.00245830696076, 0.00156929891091, 0.000805134419352, 0.000657883647364], "dmean2": [0.0763046070933, 0.0738374814391, 0.0609334148467, 0.0482553131878, 0.0335122942924, 0.027123041451], "var": [0.0100534372032, 0.00822351779789, 0.00585526088253, 0.00322468718514, 0.00220601889305, 0.0021941580344], "median": [-0.698229908943, -0.678116977215, -0.742281079292, -0.786533951759, -0.803229808807, -0.777483582497], "min": [-0.980728209019, -0.977835834026, -0.975279152393, -0.97187179327, -0.967170655727, -0.965029776096], "dvar": [0.0016999153886, 0.00141736492515, 0.000996116083115, 0.000580524734687, 0.000333200558089, 0.000285152171273], "mean": [-0.682424604893, -0.674115359783, -0.735567927361, -0.781396389008, -0.800448417664, -0.780043125153]}, "silence_rate_60dB": {"max": 1, "dmean": 0.0250347703695, "dvar2": 0.054611261934, "dmean2": 0.0500741824508, "var": 0.114944078028, "median": 0, "min": 0, "dvar": 0.0244076084346, "mean": 0.132486552}, "mfcc": {"icov": [[0.000127608334878, 0.000149582658196, 0.000161414602189, -6.16454190094e-06, 3.95529423258e-05, -3.43337997037e-05, -5.14324674441e-05, 0.000106875479105, -9.23561383388e-05, 0.000167869031429, -0.000161129850312, 9.20276725083e-05, -9.6415176813e-05], [0.000149582658196, 0.000698365212884, 0.00044197414536, -5.03952869622e-05, -0.000319131504511, 0.000268593372311, -0.000480478309328, 0.000172805317561, -6.0513488279e-05, 0.000114644193673, -0.00038347960799, 0.000216938467929, -0.000497853092384], [0.000161414602189, 0.00044197414536, 0.0010004992364, -3.78937620553e-05, -0.000191872604773, -0.000410863693105, -0.000320086226566, 4.31928528997e-05, -0.000103710459371, 0.000373312010197, -0.000509755394887, 4.3701591494e-05, 0.000126399929286], [-6.16454190094e-06, -5.03952869622e-05, -3.78937620553e-05, 0.00314666563645, -0.00062716944376, -0.000427339080488, -0.000269033276709, -4.08464111388e-05, -0.000720364856534, 0.000151042317157, 0.000266884511802, -0.000380039709853, 0.000510043348186], [3.95529423258e-05, -0.000319131504511, -0.000191872604773, -0.00062716944376, 0.00601362576708, -0.00201898743398, 0.000379719713237, 5.10385871166e-06, -0.000774334941525, 0.00125524506439, 5.22406044183e-05, -0.00141877622809, 0.000193795582163], [-3.43337997037e-05, 0.000268593372311, -0.000410863693105, -0.000427339080488, -0.00201898743398, 0.00795091502368, -0.00254227756523, -0.00174531387165, 0.00361242308281, -0.00312057021074, 0.0014605136821, -0.000523185590282, -0.000525680079591], [-5.14324674441e-05, -0.000480478309328, -0.000320086226566, -0.000269033276709, 0.000379719713237, -0.00254227756523, 0.0079906899482, -0.00120507762767, -0.00150653440505, 0.00177008856554, -0.00157147529535, 0.00020196751575, 0.00060713593848], [0.000106875479105, 0.000172805317561, 4.31928528997e-05, -4.08464111388e-05, 5.10385871166e-06, -0.00174531387165, -0.00120507762767, 0.00915584806353, -0.002957503777, -0.001978344284, 0.00110990426037, 0.0010717412224, -0.00187617831398], [-9.23561383388e-05, -6.0513488279e-05, -0.000103710459371, -0.000720364856534, -0.000774334941525, 0.00361242308281, -0.00150653440505, -0.002957503777, 0.0102028837427, -0.00304312515073, -0.000337861769367, -0.00068768276833, 0.000282127264654], [0.000167869031429, 0.000114644193673, 0.000373312010197, 0.000151042317157, 0.00125524506439, -0.00312057021074, 0.00177008856554, -0.001978344284, -0.00304312515073, 0.00992203131318, -0.00526987714693, 0.0018258857308, -0.000405370461522], [-0.000161129850312, -0.00038347960799, -0.000509755394887, 0.000266884511802, 5.22406044183e-05, 0.0014605136821, -0.00157147529535, 0.00110990426037, -0.000337861769367, -0.00526987714693, 0.0139308217913, -0.00463149137795, 0.000919859565329], [9.20276725083e-05, 0.000216938467929, 4.3701591494e-05, -0.000380039709853, -0.00141877622809, -0.000523185590282, 0.00020196751575, 0.0010717412224, -0.00068768276833, 0.0018258857308, -0.00463149137795, 0.012159589678, -0.00465185660869], [-9.6415176813e-05, -0.000497853092384, 0.000126399929286, 0.000510043348186, 0.000193795582163, -0.000525680079591, 0.00060713593848, -0.00187617831398, 0.000282127264654, -0.000405370461522, 0.000919859565329, -0.00465185660869, 0.0130490362644]], "cov": [[11873.5039062, -1875.49267578, -1176.00305176, -101.282165527, -250.372390747, -153.509170532, -116.27948761, -175.366973877, -9.88760852814, -167.49382019, -21.1664009094, -63.7303085327, -16.9612846375], [-1875.49267578, 2581.09106445, -822.213256836, 35.7978172302, 94.0831451416, -107.774917603, 81.6910552979, -4.62458181381, 53.2183189392, 11.3411283493, 49.30493927, 31.311674118, 87.8664245605], [-1176.00305176, -822.213256836, 1671.09204102, 52.302822113, 77.6310806274, 169.744140625, 70.4356155396, 43.4335975647, -21.4657878876, 4.50609111786, 21.0375576019, 20.0993652344, -43.3508148193], [-101.282165527, 35.7978172302, 52.302822113, 347.784912109, 58.2801818848, 38.0640335083, 32.4449272156, 19.5098609924, 27.6497211456, 2.10390758514, 0.112624414265, 15.8241434097, -6.41877412796], [-250.372390747, 94.0831451416, 77.6310806274, 58.2801818848, 212.16229248, 62.9577255249, 22.7619762421, 11.1989812851, 1.36473870277, -14.4823131561, 1.02745878696, 34.4732398987, 10.3836631775], [-153.509170532, -107.774917603, 169.744140625, 38.0640335083, 62.9577255249, 220.497467041, 58.1590652466, 53.5254821777, -32.5330505371, 46.7500152588, -0.939303278923, 9.48368644714, 10.1621866226], [-116.27948761, 81.6910552979, 70.4356155396, 32.4449272156, 22.7619762421, 58.1590652466, 162.027297974, 37.643825531, 21.2362136841, 6.23978710175, 16.8988876343, 6.4231095314, 1.01895475388], [-175.366973877, -4.62458181381, 43.4335975647, 19.5098609924, 11.1989812851, 53.5254821777, 37.643825531, 160.819168091, 52.5156288147, 63.5007591248, 6.87889957428, -6.03948831558, 18.9047660828], [-9.88760852814, 53.2183189392, -21.4657878876, 27.6497211456, 1.36473870277, -32.5330505371, 21.2362136841, 52.5156288147, 147.705581665, 55.4145698547, 28.0294818878, 6.54300546646, 5.20090961456], [-167.49382019, 11.3411283493, 4.50609111786, 2.10390758514, -14.4823131561, 46.7500152588, 6.23978710175, 63.5007591248, 55.4145698547, 179.544891357, 57.0151290894, -2.78774547577, 9.37396812439], [-21.1664009094, 49.30493927, 21.0375576019, 0.112624414265, 1.02745878696, -0.939303278923, 16.8988876343, 6.87889957428, 28.0294818878, 57.0151290894, 108.774627686, 35.9022865295, 7.96240949631], [-63.7303085327, 31.311674118, 20.0993652344, 15.8241434097, 34.4732398987, 9.48368644714, 6.4231095314, -6.03948831558, 6.54300546646, -2.78774547577, 35.9022865295, 116.161552429, 37.2649765015], [-16.9612846375, 87.8664245605, -43.3508148193, -6.41877412796, 10.3836631775, 10.1621866226, 1.01895475388, 18.9047660828, 5.20090961456, 9.37396812439, 7.96240949631, 37.2649765015, 96.3597640991]], "mean": [-709.44519043, 139.832382202, 17.4561748505, 21.8454151154, -0.628859639168, -2.57814407349, -5.35907697678, -7.27984857559, 2.02273273468, 2.93124127388, 7.69654893875, 3.60982489586, 4.19612026215]}, "melbands_spread": {"max": 310.452636719, "dmean": 6.86279392242, "dvar2": 391.296264648, "dmean2": 10.3020820618, "var": 830.201721191, "median": 11.2628068924, "min": 0.118535354733, "dvar": 206.436737061, "mean": 19.1677703857}, "barkbands_kurtosis": {"max": 733.187744141, "dmean": 5.55462360382, "dvar2": 601.393859863, "dmean2": 8.28587913513, "var": 485.309753418, "median": 3.96873784065, "min": -1.97362613678, "dvar": 261.110778809, "mean": 9.2514295578}, "spectral_energyband_high": {"max": 0.0730913877487, "dmean": 0.000633210060187, "dvar2": 7.50991557652e-06, "dmean2": 0.000910976610612, "var": 2.03005765798e-05, "median": 0.00012443914602, "min": 7.04856109593e-21, "dvar": 4.57476789961e-06, "mean": 0.00116386567242}, "hfc": {"max": 636.805664062, "dmean": 7.1310710907, "dvar2": 533.341918945, "dmean2": 10.4266757965, "var": 1288.74267578, "median": 9.62876796722, "min": 1.05738974159e-16, "dvar": 303.073791504, "mean": 18.7999401093}, "spectral_skewness": {"max": 9.09914588928, "dmean": 0.323470383883, "dvar2": 0.382501393557, "dmean2": 0.515736579895, "var": 1.09629952908, "median": 1.87571144104, "min": -0.461952269077, "dvar": 0.157154709101, "mean": 2.00710082054}, "erbbands": {"max": [3.41120576859, 26.1966133118, 45.5935783386, 53.5747451782, 89.561126709, 182.199417114, 702.298156738, 973.305358887, 1149.0559082, 1759.59875488, 2322.80517578, 2917.84960938, 843.042114258, 881.501464844, 1756.29992676, 360.930023193, 439.11907959, 538.133300781, 392.440338135, 407.312255859, 324.953918457, 279.700653076, 238.048278809, 463.698547363, 760.375244141, 865.01550293, 1422.21838379, 800.948059082, 669.603637695, 737.423522949, 932.552124023, 519.938537598, 285.287261963, 339.741271973, 225.833145142, 55.7606391907, 12.70246315, 1.82194721699, 0.121350727975, 0.00342243071645], "dmean": [0.136837407947, 0.947221517563, 1.74166917801, 1.93950688839, 2.11903524399, 4.56435966492, 11.9056777954, 12.2787294388, 18.4080486298, 19.6730709076, 29.4550476074, 23.4789276123, 7.95078229904, 8.36739349365, 12.666926384, 4.84045743942, 5.2378115654, 11.1530694962, 8.51575374603, 6.56590843201, 3.48819899559, 3.05211400986, 3.93596291542, 3.42426252365, 2.9386909008, 4.52003669739, 4.42843151093, 4.11933755875, 3.55833482742, 3.77144837379, 4.87541341782, 3.22094917297, 1.79623150826, 1.63980591297, 0.82345199585, 0.249979510903, 0.0719261690974, 0.0135300140828, 0.000799553119577, 3.78967961296e-05], "dvar2": [0.102226145566, 8.32646751404, 60.6881484985, 108.062484741, 79.3759536743, 182.964660645, 1208.6307373, 1656.94152832, 3877.66625977, 6762.18457031, 14238.8652344, 9812.109375, 1183.99414062, 1396.34680176, 5817.17529297, 321.969421387, 330.478729248, 2909.15625, 1374.98510742, 591.774963379, 204.367370605, 153.242919922, 243.206039429, 183.705215454, 283.069976807, 961.872680664, 1400.70861816, 629.623168945, 332.403778076, 513.678649902, 758.049316406, 416.732299805, 119.634681702, 119.81627655, 28.228433609, 1.55963385105, 0.116772606969, 0.00400412548333, 1.45772610267e-05, 1.58101229886e-08], "dmean2": [0.169449433684, 1.21040010452, 2.61588168144, 3.32128477097, 3.61050438881, 6.85629987717, 17.208366394, 17.2282714844, 26.6950321198, 29.3102855682, 41.8996925354, 34.6969909668, 11.7752180099, 12.7491464615, 19.063501358, 7.5861287117, 8.51743602753, 19.8360290527, 14.8891401291, 10.9706058502, 5.7576713562, 5.08203029633, 6.79829263687, 5.65428972244, 4.81116819382, 7.07508468628, 6.91387701035, 6.61370277405, 5.2988319397, 5.85127735138, 7.72951173782, 4.77876853943, 2.6618180275, 2.36922621727, 1.20912206173, 0.37239381671, 0.112573154271, 0.0221200231463, 0.00127188197803, 5.61234992347e-05], "var": [0.244472771883, 10.5860853195, 29.5641460419, 31.1433391571, 33.942440033, 309.073669434, 1960.03649902, 2994.9987793, 6984.85986328, 7749.06347656, 23685.3144531, 12524.7304688, 1502.23278809, 1796.1517334, 6434.17382812, 338.919006348, 312.565582275, 1037.85046387, 623.119628906, 437.839294434, 156.599533081, 183.196914673, 176.439926147, 191.247268677, 430.692138672, 1374.18322754, 2252.84692383, 945.181335449, 771.441345215, 928.20526123, 1163.25109863, 613.795593262, 187.921569824, 202.857681274, 51.7585754395, 3.27178812027, 0.141596883535, 0.00329204578884, 1.54796471179e-05, 2.5425023864e-08], "median": [0.0481484904885, 0.205955088139, 0.28513866663, 0.347900629044, 0.832304120064, 2.25355243683, 6.78683757782, 8.05567932129, 12.0389442444, 9.6490688324, 8.65666866302, 7.31966495514, 3.06018209457, 3.50113773346, 3.1173119545, 2.78872251511, 3.38960456848, 3.33925008774, 3.50495672226, 3.85533332825, 2.62942743301, 1.85032558441, 2.00484228134, 1.98134160042, 1.21257090569, 1.37152147293, 1.07849359512, 0.875750422478, 0.684844851494, 0.293534517288, 0.169681191444, 0.135877847672, 0.117591038346, 0.174180567265, 0.0845120549202, 0.0129361655563, 0.00184725574218, 0.00031991515425, 4.7290661314e-05, 3.43732681358e-05], "min": [1.34622470868e-22, 3.41922305659e-22, 2.42598038249e-21, 6.09952724718e-21, 1.52325729854e-20, 3.38501209026e-20, 9.24150478775e-20, 1.36099580475e-19, 9.78879979276e-20, 3.54289056078e-19, 2.84620363522e-19, 3.67646730501e-19, 6.66483356073e-19, 7.04904654755e-19, 1.24821616473e-18, 8.86568768414e-19, 1.06952716124e-18, 1.52532715e-18, 2.04719508827e-18, 2.48187912055e-18, 3.36907272052e-18, 4.19297025323e-18, 4.12249694658e-18, 5.20908470795e-18, 6.96868646803e-18, 7.85094821039e-18, 6.4159011034e-18, 1.05709323042e-17, 9.40106565316e-18, 1.01972791051e-17, 1.10154517208e-17, 9.14665384806e-18, 1.1205535344e-17, 7.44373794818e-18, 6.75548480105e-18, 4.22493044414e-18, 2.42070187643e-18, 1.06471131571e-18, 2.79342511774e-19, 2.84153827194e-20], "dvar": [0.0707399249077, 5.05093002319, 27.1747512817, 41.5923461914, 29.4479827881, 86.6976394653, 595.837097168, 863.243408203, 1824.10583496, 2897.48925781, 6949.71679688, 4930.28808594, 567.530273438, 648.434082031, 2610.13378906, 132.905776978, 133.483917236, 1037.61279297, 497.066009521, 219.235946655, 74.0438690186, 60.8850822449, 90.2360076904, 77.0165252686, 148.109298706, 460.274047852, 624.397155762, 272.970306396, 186.627212524, 254.069076538, 379.55355835, 217.893096924, 65.006362915, 72.2890014648, 16.7703056335, 0.943225979805, 0.0534594580531, 0.00168724218383, 6.54886116536e-06, 7.80496556274e-09], "mean": [0.284231483936, 1.43145108223, 1.79912090302, 1.64916610718, 2.82337427139, 9.77872848511, 23.6239299774, 26.8180618286, 38.7824020386, 38.980178833, 59.4816360474, 42.4510574341, 14.4192762375, 15.192574501, 22.1354579926, 9.09487533569, 8.84410953522, 13.2627954483, 11.3206214905, 10.9353713989, 6.95351982117, 6.18075084686, 6.8874168396, 6.68401527405, 4.99389123917, 7.65253067017, 7.91035461426, 6.40303897858, 6.20435428619, 5.86045265198, 6.56199359894, 4.9952249527, 2.92383861542, 2.68162035942, 1.40549683571, 0.417017638683, 0.102498918772, 0.0166357997805, 0.0011475806823, 7.97204484115e-05]}, "spectral_contrast_valleys": {"max": [-5.50206756592, -4.5380616188, -5.90163373947, -5.935505867, -5.6481127739, -6.88544273376], "dmean": [0.35439953208, 0.315886437893, 0.300954341888, 0.282973080873, 0.261259943247, 0.365360230207], "dvar2": [0.291695952415, 0.273339897394, 0.307466000319, 0.404148310423, 0.468198925257, 0.697069585323], "dmean2": [0.597547471523, 0.52465069294, 0.497449606657, 0.475767463446, 0.423660635948, 0.531416118145], "var": [3.21140646935, 3.5100979805, 3.49031758308, 3.77137827873, 3.97234654427, 4.16692876816], "median": [-7.49325466156, -6.78933238983, -8.02672195435, -8.28552246094, -8.27312755585, -10.6563606262], "min": [-28.286775589, -27.9335670471, -27.9173774719, -27.7046985626, -27.6043395996, -27.4031524658], "dvar": [0.116192989051, 0.111522249877, 0.126824229956, 0.166566461325, 0.196561723948, 0.347554981709], "mean": [-7.68938398361, -7.02589941025, -8.31425857544, -8.61994552612, -8.59835529327, -10.9564094543]}, "average_loudness": 0.680258512497, "erbbands_spread": {"max": 157.226638794, "dmean": 8.9069185257, "dvar2": 331.285095215, "dmean2": 13.7717380524, "var": 600.598510742, "median": 25.0316772461, "min": 1.10196352005, "dvar": 149.741439819, "mean": 32.30701828}, "melbands_flatness_db": {"max": 0.79432362318, "dmean": 0.0312563851476, "dvar2": 0.00294169900008, "dmean2": 0.0442623086274, "var": 0.0101866722107, "median": 0.256115913391, "min": 0.00315221655183, "dvar": 0.00142863078509, "mean": 0.265563189983}, "barkbands_spread": {"max": 130.050674438, "dmean": 6.11865663528, "dvar2": 243.432647705, "dmean2": 9.54988765717, "var": 355.423980713, "median": 10.7345924377, "min": 0.0633169859648, "dvar": 112.151473999, "mean": 17.2159347534}, "spectral_decrease": {"max": 2.2969143666e-28, "dmean": 1.91968019259e-09, "dvar2": 9.7598105761e-18, "dmean2": 2.43025710667e-09, "var": 3.95491660648e-17, "median": -4.5789407821e-09, "min": -4.13569125612e-08, "dvar": 5.92293371837e-18, "mean": -6.4770189212e-09}, "melbands_crest": {"max": 35.9409446716, "dmean": 3.58108663559, "dvar2": 22.1693439484, "dmean2": 5.61276006699, "var": 41.4443969727, "median": 15.933257103, "min": 1.5943801403, "dvar": 9.23077297211, "mean": 16.8274440765}, "erbbands_flatness_db": {"max": 0.39678171277, "dmean": 0.0231896024197, "dvar2": 0.00115225510672, "dmean2": 0.0341691821814, "var": 0.00343286013231, "median": 0.188950806856, "min": 0.0473385117948, "dvar": 0.000561078719329, "mean": 0.189450547099}, "melbands_kurtosis": {"max": 747.188720703, "dmean": 9.39745330811, "dvar2": 965.321594238, "dmean2": 14.0556659698, "var": 1287.27685547, "median": 8.12345409393, "min": -1.88215553761, "dvar": 474.095458984, "mean": 17.8917140961}, "spectral_rms": {"max": 0.0126705979928, "dmean": 0.000688899774104, "dvar2": 7.87856663464e-07, "dmean2": 0.000894226133823, "var": 5.70851716475e-06, "median": 0.00429036049172, "min": 3.09133534743e-12, "dvar": 4.68339635518e-07, "mean": 0.00445021502674}, "melbands_skewness": {"max": 19.8712158203, "dmean": 0.785250604153, "dvar2": 1.89041435719, "dmean2": 1.16293203831, "var": 4.04466581345, "median": 2.05255031586, "min": -2.70310544968, "dvar": 0.874607682228, "mean": 2.50319576263}, "barkbands": {"max": [0.00429996103048, 0.0995992571115, 0.0431503690779, 0.0171394795179, 0.0473145172, 0.103810839355, 0.0871417373419, 0.0834800750017, 0.0923895686865, 0.0288324002177, 0.0483140163124, 0.00818111561239, 0.00791842862964, 0.0132270241156, 0.00661664549261, 0.00697159627452, 0.00489154458046, 0.00552558014169, 0.0133196143433, 0.0182896740735, 0.0268428362906, 0.0180245004594, 0.0305252037942, 0.0187024064362, 0.034427292645, 0.00574566330761, 0.000969354994595], "dmean": [0.000215693900827, 0.00411539338529, 0.00158601987641, 0.000639288278762, 0.00121736247092, 0.0016371946549, 0.00129909103271, 0.00131585530471, 0.000838318723254, 0.000268389616394, 0.00035206170287, 0.000105918319605, 0.000112334644655, 0.000260770786554, 0.000123568912386, 8.53757665027e-05, 6.72782553011e-05, 7.96294480097e-05, 5.53663594474e-05, 9.23800907913e-05, 0.000103125174064, 0.000104023085441, 0.000155366404215, 0.00012597173918, 0.000129701496917, 4.27777049481e-05, 4.84146858071e-06], "dvar2": [3.32573620199e-07, 0.000125446400489, 6.81968886056e-05, 1.26633503896e-05, 1.08441536213e-05, 2.28510343732e-05, 2.08578785532e-05, 2.49613676715e-05, 1.20463091662e-05, 1.38550819884e-06, 3.99569444198e-06, 1.55888614017e-07, 1.51401465587e-07, 1.6482765659e-06, 1.78266958528e-07, 1.16405509232e-07, 8.07019731042e-08, 9.88341497532e-08, 7.24467597024e-08, 4.32844387888e-07, 4.1729489908e-07, 2.77897470369e-07, 7.6444774777e-07, 5.96235736339e-07, 7.00813245658e-07, 3.5087975192e-08, 6.91935786445e-10], "dmean2": [0.000350974121829, 0.00518999062479, 0.0026683465112, 0.00114012509584, 0.00184769998305, 0.00233484758064, 0.00192099425476, 0.00188167777378, 0.00125362316612, 0.000406771985581, 0.000531412195414, 0.000164405777468, 0.000183726748219, 0.000464548385935, 0.000209845675272, 0.000140386575367, 0.000113332484034, 0.000136878865305, 9.17725119507e-05, 0.000144380275742, 0.000164852579474, 0.000156947644427, 0.000241582354647, 0.000184043004992, 0.000187356345123, 6.59598154016e-05, 7.75390617491e-06], "var": [2.94054245842e-07, 0.000214700397919, 2.19787380047e-05, 3.09381084662e-06, 1.73898060893e-05, 4.18821473431e-05, 2.99001476378e-05, 4.3798929255e-05, 1.52787397383e-05, 1.59055753102e-06, 4.63258902528e-06, 1.54141631015e-07, 1.40040384622e-07, 5.68565155845e-07, 1.20588239838e-07, 9.16657967309e-08, 7.58685345659e-08, 6.66984760755e-08, 9.47291312059e-08, 6.02438149144e-07, 8.97867948879e-07, 6.2328479089e-07, 1.35791447065e-06, 8.96083690805e-07, 1.33758328502e-06, 6.12575590253e-08, 6.09068295798e-10], "median": [0.000117318893899, 0.00119698257186, 0.00020005175611, 9.92430941551e-05, 0.000656040152535, 0.000988519983366, 0.000812959682662, 0.000308068003505, 0.00022582829115, 9.24215564737e-05, 6.58231438138e-05, 4.56028647022e-05, 5.71624514123e-05, 6.69888831908e-05, 5.80398045713e-05, 5.28694290551e-05, 3.65956439055e-05, 3.32054842147e-05, 2.77952676697e-05, 2.7614640203e-05, 2.24088271352e-05, 1.78326954483e-05, 6.0711668084e-06, 6.57098644297e-06, 1.47841528815e-05, 1.41459031511e-06, 1.70575845004e-07], "min": [1.53931685683e-25, 2.61570913105e-24, 1.08551766926e-24, 1.61691961857e-24, 1.13119766578e-23, 1.57049253133e-23, 5.97776942529e-24, 8.91926529121e-24, 1.27537872006e-23, 2.10122505328e-23, 2.20630495461e-23, 2.10134133137e-23, 3.21339649843e-23, 2.25076105315e-23, 3.04571843322e-23, 5.02613795856e-23, 7.40865093134e-23, 7.690107036e-23, 9.6237673045e-23, 1.81254172055e-22, 2.35781083483e-22, 3.03636046029e-22, 3.30720985676e-22, 6.4078537718e-22, 8.00605668326e-22, 1.28286564745e-21, 1.96251831502e-21], "dvar": [1.20388861546e-07, 7.94358857092e-05, 2.73377845588e-05, 4.64388949695e-06, 5.15661486133e-06, 1.16881310532e-05, 9.1279116532e-06, 1.23204736155e-05, 5.89746105106e-06, 6.40793643925e-07, 1.8341439727e-06, 6.55349268186e-08, 6.13336936794e-08, 5.8180734186e-07, 6.79917349089e-08, 4.3778513259e-08, 2.99154905292e-08, 3.71471244875e-08, 3.60228860075e-08, 2.07689808462e-07, 2.05254863772e-07, 1.50708473257e-07, 3.99578709676e-07, 3.12050133289e-07, 4.37778226114e-07, 1.86217690157e-08, 2.99871877329e-10], "mean": [0.000370660593035, 0.00762033369392, 0.00133128487505, 0.000506559794303, 0.00251332577318, 0.00351405586116, 0.00260209455155, 0.00263570295647, 0.00146373093594, 0.000443971948698, 0.000591250602156, 0.00018060739967, 0.000176793793798, 0.000292291893857, 0.000182502524694, 0.000150288862642, 0.000122272365843, 0.00012897477427, 0.000102239464468, 0.000155751287821, 0.00017294184363, 0.000175331850187, 0.000220955713303, 0.000201685281354, 0.000222538496018, 6.59548313706e-05, 6.65732932248e-06]}, "spectral_kurtosis": {"max": 110.95917511, "dmean": 2.90047287941, "dvar2": 55.2229003906, "dmean2": 4.8310341835, "var": 84.6635131836, "median": 5.5832028389, "min": -1.37158048153, "dvar": 20.6124134064, "mean": 8.05880451202}, "erbbands_skewness": {"max": 8.27913570404, "dmean": 0.528837323189, "dvar2": 0.669502079487, "dmean2": 0.78429287672, "var": 1.48457968235, "median": 0.983689427376, "min": -4.92067241669, "dvar": 0.304922699928, "mean": 1.0161536932}, "melbands": {"max": [0.0275959353894, 0.0273991208524, 0.00805971957743, 0.00855147186667, 0.0203919820487, 0.0208974033594, 0.0182941481471, 0.018889227882, 0.0192281492054, 0.0184877254069, 0.00420429278165, 0.00382257578894, 0.00779152521864, 0.00233455304988, 0.000612753094174, 0.000803457805887, 0.00125987408683, 0.000856369384564, 0.000358612829586, 0.00057413050672, 0.00028491782723, 0.000397520430852, 0.000347810826497, 0.00038627293543, 0.000442488468252, 0.000690200773533, 0.000629347981885, 0.000628661131486, 0.00104717223439, 0.000488163845148, 0.000466253899503, 0.000413786619902, 0.00028978814953, 0.000446737511083, 0.000651618640404, 0.00040500954492, 0.000372595444787, 0.000265740789473, 0.00027832298656, 0.0003661547089], "dmean": [0.00117031938862, 0.000874237157404, 0.000316959281918, 0.000214187020902, 0.000376999349101, 0.00028952510911, 0.000274538440863, 0.000217581851757, 0.000245395669481, 0.000128409214085, 3.68858818547e-05, 3.31772498612e-05, 5.06682372361e-05, 1.43270872286e-05, 1.19605483633e-05, 1.14590775411e-05, 2.37489766732e-05, 1.62939650181e-05, 8.58436305862e-06, 7.77349032433e-06, 4.08457253798e-06, 3.14776843879e-06, 4.25167036155e-06, 4.46722742709e-06, 2.84588759314e-06, 1.94482959159e-06, 2.64137406703e-06, 3.23750737152e-06, 3.13514760819e-06, 2.58477939497e-06, 2.40119152295e-06, 1.97208328245e-06, 2.32541970036e-06, 2.18411969399e-06, 3.34017749992e-06, 2.2561764581e-06, 1.89085301372e-06, 1.34898334636e-06, 1.16181820431e-06, 1.57092176778e-06], "dvar2": [8.45260728966e-06, 8.11425434222e-06, 2.23376946451e-06, 4.00593194172e-07, 1.05534422801e-06, 7.83942425642e-07, 8.64213177465e-07, 7.70615997681e-07, 9.19204126149e-07, 3.44526313256e-07, 2.9455430095e-08, 2.37202240072e-08, 8.75348149521e-08, 4.61706184396e-09, 1.64813662717e-09, 1.69411029649e-09, 1.35724356198e-08, 5.60144064465e-09, 8.87053375198e-10, 8.95387097799e-10, 2.87804335919e-10, 1.71554395689e-10, 3.59378221626e-10, 3.64309860057e-10, 1.43208153669e-10, 1.33347749509e-10, 2.9926894296e-10, 5.68005864565e-10, 9.29027854646e-10, 2.56453441816e-10, 2.56001525534e-10, 1.18675527738e-10, 1.62218558031e-10, 1.99875463402e-10, 3.86681991982e-10, 2.16352755156e-10, 1.67616781566e-10, 7.89890930442e-11, 6.21129189748e-11, 1.25565682851e-10], "dmean2": [0.00144774490036, 0.00113701471128, 0.000518214830663, 0.000337808742188, 0.000545758404769, 0.000405555620091, 0.000398665579269, 0.000321693398291, 0.00035126862349, 0.000189978789422, 5.48740681552e-05, 5.07342410856e-05, 7.63696953072e-05, 2.18955137825e-05, 1.91260751308e-05, 1.89716647583e-05, 4.22662051278e-05, 2.86356480501e-05, 1.45250032801e-05, 1.27647772388e-05, 6.78451488056e-06, 5.22935033587e-06, 7.19630133972e-06, 7.75125863584e-06, 4.67982272312e-06, 3.22069490721e-06, 4.34545563621e-06, 5.07884169565e-06, 4.94538562634e-06, 4.28291605203e-06, 3.79155449082e-06, 2.88438832285e-06, 3.77120591111e-06, 3.43624219568e-06, 5.48671960132e-06, 3.38935615218e-06, 2.83039844362e-06, 2.05672245102e-06, 1.70466228155e-06, 2.31071157941e-06], "var": [1.74767646968e-05, 9.49744662648e-06, 8.22215611151e-07, 5.31628700173e-07, 1.80108258974e-06, 1.5475118289e-06, 1.51063682097e-06, 9.9855458302e-07, 1.48199444538e-06, 4.51989393468e-07, 3.52591698061e-08, 2.91997785951e-08, 9.75062377506e-08, 5.14232745275e-09, 1.57209756324e-09, 1.40771605484e-09, 4.77411310484e-09, 2.38350383874e-09, 6.07860095592e-10, 7.45296102611e-10, 2.0128070044e-10, 1.8852497341e-10, 3.03257918777e-10, 1.98500479942e-10, 1.33335453789e-10, 1.8843250571e-10, 4.06687572507e-10, 6.99222679756e-10, 1.21648502382e-09, 3.67888802755e-10, 3.26357496583e-10, 2.61621946329e-10, 2.3480575817e-10, 3.2444019693e-10, 4.38553471316e-10, 3.26237870052e-10, 2.09274111929e-10, 9.94224702566e-11, 8.51462164664e-11, 1.88568521908e-10], "median": [0.00037358229747, 0.000218003318878, 7.2605907917e-05, 8.80708685145e-05, 0.000246481387876, 0.000188967795111, 0.000174955726834, 9.1526977485e-05, 7.18170194887e-05, 3.47886671079e-05, 1.00483848655e-05, 1.24706202769e-05, 9.89693762676e-06, 5.45621242054e-06, 7.83144605521e-06, 5.30620900463e-06, 5.91217940382e-06, 5.11802591063e-06, 4.46581225333e-06, 4.54883956991e-06, 2.29649731409e-06, 1.65552387443e-06, 1.7382230908e-06, 1.64373841471e-06, 1.49230993429e-06, 8.59476301684e-07, 7.29929524823e-07, 8.93383344192e-07, 6.79244976709e-07, 4.85687110086e-07, 4.66605285965e-07, 3.97980329581e-07, 2.21584457449e-07, 1.23894878357e-07, 9.64899555811e-08, 8.01756243618e-08, 7.65373613376e-08, 6.47444977631e-08, 1.01864145563e-07, 1.53299225758e-07], "min": [1.19482430705e-24, 1.4894230316e-24, 1.32543659877e-24, 2.81827500366e-24, 3.42195712227e-24, 2.70643326275e-24, 1.40095237969e-24, 3.49677584596e-24, 2.12323115653e-24, 2.59421898227e-24, 3.19670676547e-24, 2.20090831772e-24, 3.69552816774e-24, 2.92978739515e-24, 2.55782744821e-24, 2.80655667213e-24, 2.74313324143e-24, 2.66996481475e-24, 2.74048700752e-24, 2.11066657446e-24, 3.12984035134e-24, 3.30347396139e-24, 3.57623859381e-24, 3.99876629971e-24, 3.76666133329e-24, 4.01893076774e-24, 4.98988640786e-24, 5.37139571328e-24, 2.59082707759e-24, 5.95746887876e-24, 4.77342021446e-24, 5.09185890721e-24, 4.78824448859e-24, 5.54085881294e-24, 5.15533736096e-24, 6.40454238616e-24, 5.52184529297e-24, 6.91303187047e-24, 6.2002013793e-24, 5.5733322721e-24], "dvar": [5.65564005228e-06, 4.87904799229e-06, 9.29758812163e-07, 1.70679911093e-07, 5.26279166024e-07, 4.12802364735e-07, 4.02228494067e-07, 3.43814008374e-07, 4.46123749498e-07, 1.77162405635e-07, 1.39547129407e-08, 1.09820454952e-08, 3.98618986708e-08, 2.09816519714e-09, 6.49657216911e-10, 6.90709489604e-10, 4.84039430759e-09, 2.02172545372e-09, 3.32619848331e-10, 3.3762564966e-10, 1.0441613546e-10, 7.13815603848e-11, 1.32273622611e-10, 1.35465250128e-10, 5.89334206436e-11, 7.19543105654e-11, 1.54220247683e-10, 2.59271160097e-10, 4.02544914069e-10, 1.1190189747e-10, 1.07896955259e-10, 6.67982127944e-11, 7.72459873843e-11, 9.53367038092e-11, 1.75031794614e-10, 1.10619499671e-10, 8.32295621311e-11, 3.92365098745e-11, 3.38167861769e-11, 7.23158685711e-11], "mean": [0.00229572993703, 0.00128009484615, 0.000307128211716, 0.000414921669289, 0.000778506800998, 0.000637152639683, 0.000570964766666, 0.000430272019003, 0.000483681622427, 0.000225940224482, 6.23824162176e-05, 5.72415483475e-05, 8.46826660563e-05, 2.56834646279e-05, 2.08861783904e-05, 1.7404634491e-05, 2.6561161576e-05, 1.97323570319e-05, 1.33080711748e-05, 1.30918488139e-05, 7.30799638404e-06, 5.8890168475e-06, 6.98307894709e-06, 6.67146377964e-06, 5.32064723302e-06, 3.34755191034e-06, 3.91020284951e-06, 5.31447449248e-06, 5.47153058506e-06, 3.74568071493e-06, 3.6968015138e-06, 3.47651416632e-06, 3.34112360179e-06, 3.28197825183e-06, 4.00348108087e-06, 3.39304665431e-06, 2.86498311652e-06, 2.0843067432e-06, 1.81238124242e-06, 2.49383947448e-06]}, "spectral_centroid": {"max": 11598.5136719, "dmean": 232.504364014, "dvar2": 349096.03125, "dmean2": 349.161895752, "var": 1256683.625, "median": 745.568115234, "min": 78.5566482544, "dvar": 169037.25, "mean": 1039.48376465}, "pitch_salience": {"max": 0.885831594467, "dmean": 0.0704867839813, "dvar2": 0.00946583040059, "dmean2": 0.109065406024, "var": 0.0177476909012, "median": 0.507237315178, "min": 0.0283782090992, "dvar": 0.00422692997381, "mean": 0.495834946632}, "gfcc": {"icov": [[0.000144628284033, -0.000100535144156, 0.000256666186033, -0.00022340437863, 0.000263990164967, -0.000415482121753, 0.000436907343101, -0.000412167893955, 0.000274688296486, -0.000441353040515, 0.000268461590167, -0.00036833374179, 0.000201295493753], [-0.000100535144156, 0.0011178086279, -0.000154692301294, 0.000637232034933, -0.00094322161749, 0.00109446328133, -0.000938985846005, 0.000594819546677, -0.00034413105459, 0.00130055262707, -0.00154611468315, 0.00178951176349, -0.00103645620402], [0.000256666186033, -0.000154692301294, 0.00115740613546, -0.000473964115372, 0.000549763499293, -0.0012638225453, 0.000602345447987, -0.000675304676406, 0.000691945722792, -0.00092449929798, 0.000664158316795, -0.00104200455826, 0.000836319755763], [-0.00022340437863, 0.000637232034933, -0.000473964115372, 0.00280537595972, -0.000683068821672, 0.000313746684697, -0.000930469774175, 0.00110584846698, -0.000541484274436, 0.000798891764134, -0.000746274541598, 0.00105977244675, -0.00142828235403], [0.000263990164967, -0.00094322161749, 0.000549763499293, -0.000683068821672, 0.00461140321568, -0.00141093460843, 0.000118155578093, -0.000669197412208, -0.000494071398862, 6.09352391621e-05, -0.000169752835063, -0.00178489845712, 0.000832710589748], [-0.000415482121753, 0.00109446328133, -0.0012638225453, 0.000313746684697, -0.00141093460843, 0.00753990374506, -0.00361500959843, 0.00132902443875, -0.000201199596631, 0.000336118799169, -0.00130188185722, 0.000737729773391, 0.000391631067032], [0.000436907343101, -0.000938985846005, 0.000602345447987, -0.000930469774175, 0.000118155578093, -0.00361500959843, 0.00870593357831, -0.00394001929089, -0.000916186138056, 0.000543383299373, -0.000381064019166, 0.000120962307847, 0.000729345309082], [-0.000412167893955, 0.000594819546677, -0.000675304676406, 0.00110584846698, -0.000669197412208, 0.00132902443875, -0.00394001929089, 0.00945914071053, -0.00216856971383, -0.00204755202867, 0.00313614611514, 0.000526812335011, -0.0022313320078], [0.000274688296486, -0.00034413105459, 0.000691945722792, -0.000541484274436, -0.000494071398862, -0.000201199596631, -0.000916186138056, -0.00216856971383, 0.00797309074551, -0.00271506980062, -0.000578469829634, 0.000188767284271, 0.000954595627263], [-0.000441353040515, 0.00130055262707, -0.00092449929798, 0.000798891764134, 6.09352391621e-05, 0.000336118799169, 0.000543383299373, -0.00204755202867, -0.00271506980062, 0.0155962053686, -0.00805425830185, 0.00233718380332, -0.000250227953074], [0.000268461590167, -0.00154611468315, 0.000664158316795, -0.000746274541598, -0.000169752835063, -0.00130188185722, -0.000381064019166, 0.00313614611514, -0.000578469829634, -0.00805425830185, 0.0154919167981, -0.00585053069517, -0.00184149120469], [-0.00036833374179, 0.00178951176349, -0.00104200455826, 0.00105977244675, -0.00178489845712, 0.000737729773391, 0.000120962307847, 0.000526812335011, 0.000188767284271, 0.00233718380332, -0.00585053069517, 0.0147410845384, -0.00466380873695], [0.000201295493753, -0.00103645620402, 0.000836319755763, -0.00142828235403, 0.000832710589748, 0.000391631067032, 0.000729345309082, -0.0022313320078, 0.000954595627263, -0.000250227953074, -0.00184149120469, -0.00466380873695, 0.0116630941629]], "cov": [[19291.2773438, -2530.78320312, -1719.73095703, 690.606933594, -1080.10473633, 356.184112549, -811.400634766, 366.922149658, -500.816009521, 436.461608887, -240.898544312, 293.807556152, -34.0635948181], [-2530.78320312, 3007.06298828, -803.624755859, -368.970245361, 596.055480957, -361.454437256, 294.229888916, -104.482078552, 232.83493042, -177.037948608, 233.90322876, -187.840286255, 193.500961304], [-1719.73095703, -803.624755859, 1886.24182129, 146.758926392, -140.538009644, 289.765258789, 12.8423576355, 27.3224811554, -94.4167022705, 54.4331436157, -71.5511322021, 67.9749755859, -129.509231567], [690.606933594, -368.970245361, 146.758926392, 493.225921631, -26.2666397095, 84.9006118774, -3.89851403236, -5.71663999557, -14.0660190582, 26.8289413452, 5.10585403442, 33.8661613464, 19.4193534851], [-1080.10473633, 596.055480957, -140.538009644, -26.2666397095, 406.640289307, -15.8733587265, 121.152458191, -10.8166036606, 98.4503479004, -34.6895637512, 77.7046127319, -10.3431482315, 39.6569595337], [356.184112549, -361.454437256, 289.765258789, 84.9006118774, -15.8733587265, 263.970367432, 55.5400085449, 31.3195762634, -9.64104557037, 38.7840805054, -8.34108543396, 27.6704921722, -42.492225647], [-811.400634766, 294.229888916, 12.8423576355, -3.89851403236, 121.152458191, 55.5400085449, 248.054351807, 64.5875244141, 91.3001708984, -13.718993187, 26.4441356659, -33.1519508362, 8.2342338562], [366.922149658, -104.482078552, 27.3224811554, -5.71663999557, -10.8166036606, 31.3195762634, 64.5875244141, 182.214981079, 46.0597724915, 33.6468315125, -33.0285682678, -3.99726653099, 2.40393424034], [-500.816009521, 232.83493042, -94.4167022705, -14.0660190582, 98.4503479004, -9.64104557037, 91.3001708984, 46.0597724915, 198.942672729, 23.735118866, 41.2880630493, -22.3792228699, 12.5761184692], [436.461608887, -177.037948608, 54.4331436157, 26.8289413452, -34.6895637512, 38.7840805054, -13.718993187, 33.6468315125, 23.735118866, 119.45954895, 42.2015380859, 25.2071075439, 1.94939482212], [-240.898544312, 233.90322876, -71.5511322021, 5.10585403442, 77.7046127319, -8.34108543396, 26.4441356659, -33.0285682678, 41.2880630493, 42.2015380859, 147.678222656, 39.4515266418, 54.0782852173], [293.807556152, -187.840286255, 67.9749755859, 33.8661613464, -10.3431482315, 27.6704921722, -33.1519508362, -3.99726653099, -22.3792228699, 25.2071075439, 39.4515266418, 121.395385742, 35.7720336914], [-34.0635948181, 193.500961304, -129.509231567, 19.4193534851, 39.6569595337, -42.492225647, 8.2342338562, 2.40393424034, 12.5761184692, 1.94939482212, 54.0782852173, 35.7720336914, 135.584747314]], "mean": [-64.0246810913, 107.842758179, -95.5959243774, 20.297750473, -61.683883667, 3.74133348465, -34.6085205078, 11.6071529388, -13.2896490097, 14.2584486008, -6.22044801712, 1.95053577423, -2.15714716911]}, "spectral_flux": {"max": 0.257821500301, "dmean": 0.0204829126596, "dvar2": 0.000985538237728, "dmean2": 0.0301405508071, "var": 0.00228818343021, "median": 0.0616163164377, "min": 6.39971894922e-11, "dvar": 0.000503237941302, "mean": 0.0715853124857}, "zerocrossingrate": {"max": 0.52685546875, "dmean": 0.0114547116682, "dvar2": 0.000383825565223, "dmean2": 0.0126474536955, "var": 0.00471492530778, "median": 0.03466796875, "min": 0.001953125, "dvar": 0.000404171762057, "mean": 0.0550530552864}, "spectral_energyband_middle_low": {"max": 0.160229489207, "dmean": 0.00471385428682, "dvar2": 8.85679182829e-05, "dmean2": 0.0068996688351, "var": 0.000219404464588, "median": 0.00806318409741, "min": 1.48422159833e-22, "dvar": 4.236195673e-05, "mean": 0.0134218167514}, "silence_rate_20dB": {"max": 1, "dmean": 0, "dvar2": 0, "dmean2": 0, "var": 0, "median": 1, "min": 1, "dvar": 0, "mean": 1}, "silence_rate_30dB": {"max": 1, "dmean": 0.00853036623448, "dvar2": 0.0195524748415, "dmean2": 0.0170623138547, "var": 0.00982228480279, "median": 1, "min": 0, "dvar": 0.00845866091549, "mean": 0.990079760551}, "spectral_entropy": {"max": 9.82419013977, "dmean": 0.239484369755, "dvar2": 0.190409034491, "dmean2": 0.353428423405, "var": 0.538304567337, "median": 7.15472984314, "min": 4.29094076157, "dvar": 0.0918649584055, "mean": 7.1702170372}, "spectral_rolloff": {"max": 19595.2148438, "dmean": 506.699920654, "dvar2": 3674185.25, "dmean2": 855.171203613, "var": 7031042.5, "median": 602.9296875, "min": 64.599609375, "dvar": 1734985.25, "mean": 1463.16149902}, "spectral_complexity": {"max": 53, "dmean": 2.2405192852, "dvar2": 19.7175807953, "dmean2": 3.75092720985, "var": 60.5501098633, "median": 10, "min": 0, "dvar": 7.5453314781