{"tonal": {"hpcp": {"dvar": [0.0301762651652, 0.0311874710023, 0.0194172784686, 0.0139327459037, 0.0128645393997, 0.0152770997956, 0.0208564959466, 0.0224955640733, 0.0224222652614, 0.0271306931973, 0.025240406394, 0.0185165554285, 0.0158508867025, 0.0156444720924, 0.0188879650086, 0.0355567671359, 0.0380006842315, 0.0329896509647, 0.0262896306813, 0.0202775616199, 0.020290017128, 0.0332870855927, 0.0446731410921, 0.0533212758601, 0.0798820108175, 0.0286343321204, 0.0158521644771, 0.0197119787335, 0.0193178132176, 0.0216444563121, 0.0337486192584, 0.0376073941588, 0.0273031312972, 0.0231505259871, 0.0252995099872, 0.0281186141074], "var": [0.0894491896033, 0.0834418088198, 0.0207569971681, 0.0105084078386, 0.00940666720271, 0.0124001996592, 0.0238403882831, 0.0329536125064, 0.0250714365393, 0.0925257876515, 0.084992647171, 0.0165168084204, 0.0136202136055, 0.013471769169, 0.0148589788005, 0.0809181183577, 0.149634301662, 0.0493310280144, 0.0195286013186, 0.0146050797775, 0.0159502867609, 0.0666865855455, 0.101533032954, 0.0543396919966, 0.0857679694891, 0.0428692251444, 0.0124685056508, 0.0328840389848, 0.0392932966352, 0.0273273289204, 0.0971944481134, 0.120238527656, 0.0348287448287, 0.016302941367, 0.0185359511524, 0.0288426093757], "median": [0.0351297818124, 0.039686921984, 0.0175204668194, 0.00366104580462, 0.002161802724, 0.00385604333133, 0.0110925268382, 0.0136982928962, 0.0130819510669, 0.00759971467778, 0.0064832479693, 0.00587535370141, 0.00513922981918, 0.00515069579706, 0.0105863744393, 0.0344501845539, 0.0443847216666, 0.0231158509851, 0.00455928361043, 0.00231284019537, 0.00615018466488, 0.0249455664307, 0.0331253148615, 0.0261788964272, 0.00640193000436, 0.00399280199781, 0.00619089836255, 0.0123820109293, 0.0152670936659, 0.0221549402922, 0.033469196409, 0.0283196605742, 0.0129466028884, 0.00351182720624, 0.00327716651373, 0.0102120731026], "max": [1, 1, 1, 1, 1, 1, 1, 1, 1, 1, 1, 1, 1, 1, 1, 1, 1, 1, 1, 1, 1, 1, 1, 1, 1, 1, 1, 1, 1, 1, 1, 1, 1, 1, 1, 1], "dmean": [0.0877065137029, 0.0932297185063, 0.067225985229, 0.0373679734766, 0.0330873429775, 0.0408648923039, 0.0562065392733, 0.0593142323196, 0.0658818632364, 0.0649358853698, 0.0649576559663, 0.0533908419311, 0.0412620566785, 0.0415219217539, 0.0592000670731, 0.106014803052, 0.092632137239, 0.0978351980448, 0.0601997077465, 0.0452351421118, 0.0571790933609, 0.0925906524062, 0.105414621532, 0.137514740229, 0.144682750106, 0.0806922838092, 0.0459533818066, 0.0579094476998, 0.0609674006701, 0.0754289552569, 0.101784490049, 0.0971156433225, 0.0797612592578, 0.0542495138943, 0.0569746978581, 0.0748227387667], "dmean2": [0.150317817926, 0.158601686358, 0.115178257227, 0.0676634609699, 0.060255035758, 0.0740419700742, 0.0975839719176, 0.102685391903, 0.116057001054, 0.115438573062, 0.114147379994, 0.0960166603327, 0.0743576586246, 0.074876062572, 0.105783566833, 0.179582446814, 0.160269275308, 0.170530557632, 0.110580183566, 0.0836457163095, 0.104123525321, 0.162224262953, 0.184628471732, 0.244372159243, 0.265357911587, 0.145550280809, 0.0830760747194, 0.0992195904255, 0.104711093009, 0.132613927126, 0.177014842629, 0.16815033555, 0.141841128469, 0.100659660995, 0.105583652854, 0.13242842257], "mean": [0.176351651549, 0.178511798382, 0.0750882700086, 0.0301503650844, 0.0254922173917, 0.0342550426722, 0.065910898149, 0.0784577429295, 0.0767236202955, 0.143223255873, 0.137695997953, 0.0542248487473, 0.0388213843107, 0.0390264540911, 0.0528044477105, 0.19478751719, 0.271381407976, 0.138759613037, 0.0454085171223, 0.0337411165237, 0.0496403984725, 0.147630482912, 0.191559121013, 0.147292479873, 0.136915177107, 0.0869003534317, 0.042754676193, 0.0788361951709, 0.0895792394876, 0.0917221233249, 0.202994242311, 0.22167289257, 0.096813313663, 0.0401794090867, 0.0424162484705, 0.0789796933532], "dvar2": [0.0736179798841, 0.0758979991078, 0.0522811450064, 0.0387906134129, 0.0367978513241, 0.0437204539776, 0.0577730387449, 0.0562807433307, 0.060877636075, 0.068414889276, 0.0640266686678, 0.0527672767639, 0.0442479178309, 0.0441575944424, 0.053692728281, 0.0955243632197, 0.0932247713208, 0.0908084511757, 0.0742550268769, 0.0569916702807, 0.0581574589014, 0.0909379273653, 0.113406307995, 0.142036631703, 0.20765593648, 0.0756932646036, 0.0462763011456, 0.0510658398271, 0.0487388633192, 0.0601838901639, 0.0898785665631, 0.0953753292561, 0.0792630687356, 0.0673224031925, 0.0728969499469, 0.0780023485422], "min": [0, 0, 0, 0, 0, 0, 0, 0, 0, 0, 0, 0, 0, 0, 0, 0, 0, 0, 0, 0, 0, 0, 0, 0, 0, 0, 0, 0, 0, 0, 0, 0, 0, 0, 0, 0]}, "key_key": "G", "thpcp": [1, 0.51130849123, 0.167323604226, 0.124330982566, 0.182917460799, 0.543996274471, 0.705866754055, 0.542750835419, 0.504512012005, 0.32021483779, 0.157544597983, 0.29049962759, 0.330086141825, 0.337982326746, 0.748003482819, 0.81683152914, 0.356742620468, 0.148055121303, 0.156297549605, 0.291028380394, 0.649829506874, 0.657789349556, 0.276689082384, 0.111099600792, 0.093935020268, 0.126224726439, 0.242871820927, 0.289105087519, 0.282715082169, 0.527756333351, 0.507389187813, 0.199810475111, 0.14305101335, 0.143806666136, 0.194576516747, 0.717762947083], "chords_key": "D", "tuning_equal_tempered_deviation": 0.212468057871, "tuning_frequency": 434.193115234, "tuning_diatonic_strength": 0.627724170685, "chords_histogram": [15.1064147949, 1.68179786205, 22.2652187347, 0.238130673766, 9.01919937134, 0.401845514774, 1.13112068176, 0, 0, 0.119065336883, 0, 0.0595326684415, 0, 0, 0, 1.30971872807, 0.0297663342208, 1.75621366501, 0.0892990007997, 10.2545022964, 5.31329059601, 11.2516746521, 13.9604110718, 6.01279973984], "key_strength": 0.758110165596, "key_scale": "major", "chords_strength": {"dvar": 0.000327828485752, "var": 0.0221094507724, "median": 0.540684878826, "max": 0.766776502132, "dmean": 0.00842423178256, "dmean2": 0.00769058195874, "mean": 0.531345188618, "dvar2": 0.000595359771978, "min": -1}, "chords_number_rate": 0.00178598007187, "tuning_nontempered_energy_ratio": 0.936725616455, "hpcp_entropy": {"dvar": 0.214532181621, "var": 0.502587854862, "median": 1.91533911228, "max": 4.43282938004, "dmean": 0.531744241714, "dmean2": 0.899169027805, "mean": 1.86520314217, "dvar2": 0.564010798931, "min": 0}, "chords_changes_rate": 0.0476261340082, "chords_scale": "major"}, "rhythm": {"bpm_histogram_first_peak_spread": {"dvar": 0, "var": 0, "median": 0.409090936184, "max": 0.409090936184, "dmean": 0, "dmean2": 0, "mean": 0.409090936184, "dvar2": 0, "min": 0.409090936184}, "bpm_histogram_first_peak_weight": {"dvar": 0, "var": 0, "median": 0.532786905766, "max": 0.532786905766, "dmean": 0, "dmean2": 0, "mean": 0.532786905766, "dvar2": 0, "min": 0.532786905766}, "bpm_histogram_first_peak_bpm": {"dvar": 0, "var": 0, "median": 117, "max": 117, "dmean": 0, "dmean2": 0, "mean": 117, "dvar2": 0, "min": 117}, "bpm": 116.793518066, "bpm_histogram_second_peak_weight": {"dvar": 0, "var": 0, "median": 0.0393442623317, "max": 0.0393442623317, "dmean": 0, "dmean2": 0, "mean": 0.0393442623317, "dvar2": 0, "min": 0.0393442623317}, "beats_loudness": {"dvar": 0.00203969608992, "var": 0.00324131711386, "median": 0.0648279190063, "max": 0.249283835292, "dmean": 0.0529339164495, "dmean2": 0.0891631096601, "mean": 0.0745089650154, "dvar2": 0.00608697207645, "min": 0}, "beats_loudness_band_ratio": {"dvar": [0.0213224943727, 0.00788374058902, 0.00474392995238, 0.00474719610065, 0.00276249879971, 0.00580877717584], "var": [0.0383697524667, 0.00741773750633, 0.00521631445736, 0.00406484073028, 0.00266558025032, 0.00552745396271], "median": [0.779113471508, 0.064302764833, 0.0294908620417, 0.0176166798919, 0.0145022440702, 0.0489527583122], "max": [0.988275051117, 0.887982010841, 0.609679698944, 0.463734805584, 0.441911846399, 0.685581028461], "dmean": [0.200771391392, 0.077858529985, 0.0520947389305, 0.0443796999753, 0.0334856510162, 0.074343405664], "dmean2": [0.352197885513, 0.140745058656, 0.0918063372374, 0.0778354033828, 0.0596336834133, 0.137546822429], "mean": [0.746688246727, 0.0851061418653, 0.0525187589228, 0.0423068776727, 0.0302177723497, 0.0626191720366], "dvar2": [0.0619843751192, 0.0220592785627, 0.0128493746743, 0.0129871331155, 0.00707615539432, 0.0165946297348], "min": [0, 0, 0, 0, 0, 0]}, "bpm_histogram_second_peak_bpm": {"dvar": 0, "var": 0, "median": 112, "max": 112, "dmean": 0, "dmean2": 0, "mean": 112, "dvar2": 0, "min": 112}, "onset_rate": 3.65390563011, "beats_count": 611, "beats_position": [0.568888902664, 1.17260766029, 1.75310659409, 2.32199549675, 2.85605430603, 3.39011335373, 3.9125623703, 4.43501138687, 4.94585037231, 5.46829938889, 5.99074840546, 6.51319694519, 7.03564596176, 7.5464849472, 8.05732440948, 8.56816291809, 9.07900238037, 9.58984088898, 10.1006803513, 10.6115188599, 11.1223583221, 11.6331968307, 12.144036293, 12.6432647705, 13.1541042328, 13.6533327103, 14.1641721725, 14.6750106812, 15.1858501434, 15.696688652, 16.2075271606, 16.7183666229, 17.2175960541, 17.7168254852, 18.2276649475, 18.7385025024, 19.2493419647, 19.760181427, 20.2710208893, 20.7818584442, 21.2926979065, 21.8035373688, 22.3143768311, 22.825214386, 23.3360538483, 23.8468933105, 24.3461227417, 24.8453502655, 25.3561897278, 25.8670291901, 26.3778686523, 26.8770961761, 27.3763256073, 27.8871650696, 28.3863945007, 28.8856239319, 29.3964614868, 29.9073009491, 30.4181404114, 30.9289798737, 31.4398174286, 31.9506568909, 32.4614944458, 32.9723358154, 33.4831733704, 33.99401474, 34.5048522949, 35.0156898499, 35.5265312195, 36.0257606506, 36.5249862671, 37.0358276367, 37.5350570679, 38.034286499, 38.545124054, 39.0443534851, 39.5435829163, 40.0544204712, 40.5652618408, 41.0760993958, 41.5869369507, 42.0861663818, 42.585395813, 43.0962333679, 43.5954627991, 44.0946922302, 44.6055335999, 45.1163711548, 45.6156005859, 46.1148300171, 46.625667572, 47.1248970032, 47.6241264343, 48.1233558655, 48.6225852966, 49.1218147278, 49.6210403442, 50.1318817139, 50.631111145, 51.1419487, 51.6411781311, 52.152015686, 52.6628570557, 53.1736946106, 53.6845359802, 54.1953735352, 54.6946029663, 55.1938323975, 55.7046699524, 56.2155075073, 56.726348877, 57.2371864319, 57.7480278015, 58.2588653564, 58.7697029114, 59.280544281, 59.7913818359, 60.3022193909, 60.8130607605, 61.3122901917, 61.8231277466, 62.3223571777, 62.8331947327, 63.3440361023, 63.8548736572, 64.3657150269, 64.8765487671, 65.3757781982, 65.8982315063, 66.409072876, 66.9199066162, 67.4307479858, 67.9415893555, 68.4640350342, 68.9748764038, 69.485710144, 69.9965515137, 70.4957809448, 71.0066223145, 71.5290679932, 72.0515213013, 72.5623550415, 73.0731964111, 73.5840377808, 74.094871521, 74.6057128906, 75.1165542603, 75.6273880005, 76.1382293701, 76.6490707397, 77.15990448, 77.6707458496, 78.1815872192, 78.6808166504, 79.2032623291, 79.7141036987, 80.2249450684, 80.7357788086, 81.2466201782, 81.7574615479, 82.2799072266, 82.8023605347, 83.3248062134, 83.8472518921, 84.3580932617, 84.8805389404, 85.4029922485, 85.9138336182, 86.4362792969, 86.9587249756, 87.4811782837, 87.9920196533, 88.514465332, 89.0253067017, 89.5361404419, 90.0469818115, 90.5578231812, 91.0686569214, 91.579498291, 92.0903396606, 92.6011810303, 93.1120147705, 93.6344680786, 94.1569137573, 94.6793670654, 95.2018127441, 95.7126541138, 96.223487854, 96.7343292236, 97.2451705933, 97.7560043335, 98.2668457031, 98.7776870728, 99.2769165039, 99.7993621826, 100.321815491, 100.844261169, 101.355102539, 101.865936279, 102.388389587, 102.910835266, 103.421676636, 103.932518005, 104.443351746, 104.954193115, 105.465034485, 105.975868225, 106.486709595, 106.997550964, 107.519996643, 108.042449951, 108.553283691, 109.064125061, 109.574966431, 110.085800171, 110.596641541, 111.10748291, 111.629928589, 112.140769958, 112.663215637, 113.174057007, 113.684898376, 114.195732117, 114.706573486, 115.217414856, 115.728248596, 116.239089966, 116.749931335, 117.272377014, 117.783218384, 118.282447815, 118.793289185, 119.304122925, 119.814964294, 120.325805664, 120.836639404, 121.347480774, 121.858322144, 122.369155884, 122.879997253, 123.390838623, 123.901672363, 124.412513733, 124.923355103, 125.434196472, 125.945030212, 126.455871582, 126.955101013, 127.465942383, 127.965164185, 128.476013184, 128.986846924, 129.497680664, 130.008529663, 130.519363403, 131.030197144, 131.541046143, 132.051879883, 132.562713623, 133.073562622, 133.584396362, 134.095230103, 134.61769104, 135.12852478, 135.650970459, 136.161804199, 136.672653198, 137.183486938, 137.694335938, 138.216781616, 138.727615356, 139.238449097, 139.749298096, 140.271743774, 140.794189453, 141.316635132, 141.827484131, 142.338317871, 142.849151611, 143.36000061, 143.870834351, 144.381668091, 144.89251709, 145.414962769, 145.937408447, 146.459854126, 146.970703125, 147.493148804, 148.003982544, 148.514831543, 149.025665283, 149.536499023, 150.058959961, 150.58140564, 151.09223938, 151.603088379, 152.113922119, 152.624755859, 153.147201538, 153.669662476, 154.192108154, 154.702941895, 155.225387573, 155.736236572, 156.247070313, 156.757904053, 157.268753052, 157.79119873, 158.313644409, 158.824493408, 159.335327148, 159.857772827, 160.380218506, 160.902679443, 161.425125122, 161.935958862, 162.446792603, 162.957641602, 163.48008728, 164.002532959, 164.513381958, 165.024215698, 165.535049438, 166.057495117, 166.579956055, 167.090789795, 167.601623535, 168.124084473, 168.646530151, 169.16897583, 169.691421509, 170.202270508, 170.713104248, 171.223937988, 171.746398926, 172.268844604, 172.779678345, 173.290512085, 173.801361084, 174.323806763, 174.846252441, 175.35710144, 175.867935181, 176.378768921, 176.88961792, 177.40045166, 177.9112854, 178.433731079, 178.956192017, 179.467025757, 179.989471436, 180.511917114, 181.022766113, 181.533599854, 182.067657471, 182.590103149, 183.112564087, 183.623397827, 184.145843506, 184.668289185, 185.190750122, 185.713195801, 186.224029541, 186.74647522, 187.268936157, 187.779769897, 188.290603638, 188.801452637, 189.312286377, 189.834732056, 190.357177734, 190.89125061, 191.413696289, 191.936141968, 192.446975708, 192.957824707, 193.480270386, 194.002716064, 194.513549805, 195.024398804, 195.535232544, 196.057678223, 196.58013916, 197.0909729, 197.601806641, 198.11265564, 198.62348938, 199.145935059, 199.668380737, 200.179229736, 200.701675415, 201.224121094, 201.746566772, 202.257415771, 202.756637573, 203.267486572, 203.778320313, 204.289154053, 204.800003052, 205.310836792, 205.821670532, 206.332519531, 206.85496521, 207.377410889, 207.888244629, 208.399093628, 208.909927368, 209.432373047, 209.954818726, 210.465667725, 210.976501465, 211.487350464, 211.998184204, 212.509017944, 213.019866943, 213.530700684, 214.053146362, 214.563980103, 215.08644104, 215.620498657, 216.154556274, 216.688613892, 217.222671509, 217.756729126, 218.279174805, 218.813232422, 219.324081421, 219.834915161, 220.380584717, 220.914642334, 221.425476074, 221.95954895, 222.493606567, 223.027664185, 223.561721802, 224.08416748, 224.606613159, 225.129058838, 225.651519775, 226.173965454, 226.696411133, 227.23046875, 227.764526367, 228.286987305, 228.809432983, 229.320266724, 229.831100464, 230.341949463, 230.864395142, 231.38684082, 231.909286499, 232.431747437, 232.942581177, 233.453414917, 233.975875854, 234.498321533, 235.009155273, 235.531600952, 236.05406189, 236.576507568, 237.098953247, 237.609786987, 238.120635986, 238.631469727, 239.142303467, 239.653152466, 240.187210083, 240.698043823, 241.208877563, 241.731338501, 242.25378418, 242.776229858, 243.298675537, 243.821136475, 244.343582153, 244.866027832, 245.388473511, 245.89932251, 246.421768188, 246.944213867, 247.466659546, 247.989105225, 248.511566162, 249.034011841, 249.55645752, 250.078903198, 250.589752197, 251.112197876, 251.634643555, 252.157089233, 252.679534912, 253.20199585, 253.724441528, 254.235275269, 254.757720947, 255.268569946, 255.791015625, 256.313476563, 256.835906982, 257.35836792, 257.88079834, 258.403259277, 258.925720215, 259.436553955, 259.958984375, 260.481445313, 261.00390625, 261.51473999, 262.03717041, 262.559631348, 263.082092285, 263.592926025, 264.115356445, 264.637817383, 265.148651123, 265.671112061, 266.19354248, 266.704406738, 267.215240479, 267.749298096, 268.271728516, 268.794189453, 269.316650391, 269.839080811, 270.361541748, 270.872375488, 271.383209229, 271.905670166, 272.416503906, 272.927337646, 273.449798584, 273.960632324, 274.483093262, 275.005523682, 275.527984619, 276.050415039, 276.572875977, 277.106933594, 277.629394531, 278.151824951, 278.662658691, 279.173522949, 279.684356689, 280.19519043, 280.70602417, 281.21685791, 281.72769165, 282.250152588, 282.772613525, 283.295043945, 283.817504883, 284.328338623, 284.850799561, 285.361633301, 285.884063721, 286.394927979, 286.905761719, 287.416595459, 287.927429199, 288.438262939, 288.94909668, 289.459960938, 289.982391357, 290.504852295, 291.015686035, 291.526519775, 292.037353516, 292.548217773, 293.059051514, 293.569885254, 294.080718994, 294.591552734, 295.114013672, 295.636444092, 296.14730835, 296.681365967, 297.215423584, 297.749481201, 298.283538818, 298.701477051, 299.107849121, 299.525787354, 299.943756104, 300.292053223, 300.640350342, 300.988647461, 301.33694458, 301.685241699, 302.021942139, 302.370239258, 302.718536377, 303.066833496, 303.473205566, 303.879547119, 304.285888672, 304.703857422, 305.121795654, 305.539764404, 305.957733154, 306.422119141, 306.886535645, 307.350921631, 307.792114258, 308.233276367, 308.674468994, 309.115631104, 309.55682373, 309.99798584, 310.439178467, 310.880371094, 311.321533203], "danceability": 1.2539588213, "bpm_histogram_second_peak_spread": {"dvar": 0, "var": 0, "median": 0.0399999879301, "max": 0.0399999879301, "dmean": 0, "dmean2": 0, "mean": 0.0399999879301, "dvar2": 0, "min": 0.0399999879301}}, "lowlevel": {"spectral_flux": {"dvar": 0.00342293339781, "var": 0.0062399902381, "median": 0.0530142150819, "max": 0.52841591835, "dmean": 0.0329557955265, "dmean2": 0.0513247214258, "mean": 0.0790052562952, "dvar2": 0.00748338503763, "min": 6.42031497411e-11}, "spectral_rolloff": {"dvar": 1616405, "var": 6628621.5, "median": 452.197265625, "max": 19595.2148438, "dmean": 451.889099121, "dmean2": 746.306213379, "mean": 1319.21826172, "dvar2": 3283125.5, "min": 43.06640625}, "barkbands_flatness_db": {"dvar": 0.000646623200737, "var": 0.00498417532071, "median": 0.169673740864, "max": 0.446647912264, "dmean": 0.0242281276733, "dmean2": 0.0345401279628, "mean": 0.179048880935, "dvar2": 0.00136015668977, "min": 0.0309403054416}, "spectral_centroid": {"dvar": 127025.15625, "var": 1347911.375, "median": 866.803100586, "max": 12075.5712891, "dmean": 234.37890625, "dmean2": 336.850158691, "mean": 1149.06225586, "dvar2": 221390.859375, "min": 128.966583252}, "melbands_skewness": {"dvar": 1.64957773685, "var": 5.16610717773, "median": 3.3887181282, "max": 21.1245155334, "dmean": 0.964705228806, "dmean2": 1.45158672333, "mean": 3.76631426811, "dvar2": 3.52481079102, "min": -1.34320998192}, "melbands": {"dvar": [2.47002790275e-05, 5.30499492015e-05, 4.5719290938e-05, 6.13781458014e-06, 2.6978213441e-07, 4.17358343441e-08, 4.2555665658e-08, 6.86013237328e-08, 7.32330605047e-08, 1.60754165535e-08, 2.18906475169e-08, 2.34279209366e-08, 7.3716961424e-09, 5.77759884379e-09, 3.47881123908e-09, 2.44050579745e-09, 5.72843283919e-09, 3.12352765874e-09, 2.04750305599e-09, 9.64388791047e-10, 8.53425663472e-10, 7.51829987156e-10, 4.77820671918e-10, 2.75424266727e-10, 5.30060266513e-11, 1.03500437387e-10, 7.28393248495e-11, 3.5622654132e-11, 4.19893703141e-11, 6.88558307593e-11, 6.8895875116e-11, 3.72980174523e-10, 1.5908742379e-10, 2.66596272835e-10, 2.89832990941e-10, 1.97939026281e-10, 1.43241807304e-10, 1.66696240145e-10, 1.01768087013e-10, 1.49618095691e-10], "var": [3.84808699891e-05, 4.28076236858e-05, 3.39104262821e-05, 4.53744723927e-06, 2.29709684163e-07, 6.12873876094e-08, 6.61760992671e-08, 1.13252625056e-07, 1.32478717774e-07, 4.14902920909e-08, 7.18686976597e-08, 8.01301496267e-08, 2.15482582888e-08, 1.29288180162e-08, 7.99852983846e-09, 7.06966973851e-09, 1.57244297583e-08, 7.40225436502e-09, 5.78686520925e-09, 3.08095127188e-09, 2.70803779401e-09, 2.96029956104e-09, 1.93698945772e-09, 7.06847469445e-10, 1.44414896708e-10, 2.74524680766e-10, 1.8225529419e-10, 8.17639914108e-11, 6.42614086943e-11, 8.75720745919e-11, 9.86247541968e-11, 3.79774822701e-10, 2.78642192653e-10, 5.06778008447e-10, 5.96804938802e-10, 5.29933708027e-10, 3.23273463554e-10, 4.60743915243e-10, 2.62830202047e-10, 4.2572331771e-10], "median": [0.00320255686529, 0.00218376889825, 0.000559957523365, 0.000389402761357, 0.000142081422382, 0.000128254308947, 7.89490150055e-05, 2.89404433715e-05, 1.93020750885e-05, 2.04137286346e-05, 2.52116715274e-05, 2.37572712649e-05, 1.2064871953e-05, 1.40181773531e-05, 1.45641961353e-05, 1.05250201159e-05, 8.57551367517e-06, 5.40235532753e-06, 2.89336117021e-06, 2.45870637627e-06, 3.04665400108e-06, 2.0698194021e-06, 2.03261379284e-06, 2.08734309126e-06, 1.82471001153e-06, 1.33189075768e-06, 9.22889967114e-07, 6.77334185184e-07, 3.92174086983e-07, 1.71143327066e-07, 1.41931593589e-07, 1.98029866283e-07, 2.08234922638e-07, 2.06533869118e-07, 1.93839909457e-07, 1.62283626537e-07, 1.79436582926e-07, 1.61755835393e-07, 8.99525716136e-08, 8.03113024972e-08], "max": [0.0694503188133, 0.0822175741196, 0.0716049298644, 0.0277523789555, 0.0108456546441, 0.00349872536026, 0.00631646485999, 0.0067753107287, 0.00833274796605, 0.00414759851992, 0.00523176696151, 0.00704291090369, 0.00396558223292, 0.0030573210679, 0.00191019277554, 0.00164847355336, 0.00218314584345, 0.00235413433984, 0.00127514638007, 0.00133336440194, 0.00122984172776, 0.000955248833634, 0.000543969043065, 0.000804811890703, 0.000232862192206, 0.00039191020187, 0.000255616643699, 0.000167298261658, 0.00029742193874, 0.000386888248613, 0.000329193979269, 0.00169409776572, 0.000806107127573, 0.000757101050112, 0.0010342921596, 0.000785946380347, 0.000556512037292, 0.000535169208888, 0.000427028397098, 0.000607853231486], "dmean": [0.00181363080628, 0.00215962086804, 0.00186577858403, 0.000694081187248, 0.000181933908607, 0.000103963480797, 8.8929933554e-05, 7.65946679167e-05, 6.52170056128e-05, 4.33277091361e-05, 4.96565698995e-05, 5.63353678444e-05, 2.59138960246e-05, 2.27497403102e-05, 1.91374256246e-05, 1.74143842742e-05, 2.38564553001e-05, 1.66579957295e-05, 1.22057126646e-05, 8.49300158734e-06, 9.06763852981e-06, 8.93413107406e-06, 8.10973233456e-06, 4.86126600663e-06, 3.21757670463e-06, 3.63298045158e-06, 3.06531705974e-06, 2.2756398721e-06, 1.79273479262e-06, 1.85858948498e-06, 1.83055101388e-06, 2.32058437177e-06, 2.34173057834e-06, 2.73747173196e-06, 2.82390192297e-06, 2.53103621617e-06, 2.3613920348e-06, 2.31832154896e-06, 1.80623896995e-06, 2.1525977445e-06], "dmean2": [0.00295763486065, 0.00387286418118, 0.00319787627086, 0.00119504216127, 0.000307469803374, 0.000165855191881, 0.000140436837683, 0.000118075200589, 9.57610682235e-05, 6.37485136394e-05, 7.29029270587e-05, 8.43960224302e-05, 3.92073488911e-05, 3.48435496562e-05, 2.90789739665e-05, 2.62408557319e-05, 3.63173858204e-05, 2.468250932e-05, 1.75216591742e-05, 1.20229269669e-05, 1.33615803861e-05, 1.28429574033e-05, 1.15807433758e-05, 7.17981993148e-06, 4.81444976685e-06, 5.32785816176e-06, 4.51137339041e-06, 3.3317476209e-06, 2.60940373664e-06, 2.75747265732e-06, 2.67334735327e-06, 3.38137147082e-06, 3.37555911756e-06, 3.87811769542e-06, 3.92630090573e-06, 3.43939768754e-06, 3.33272328135e-06, 3.21643983625e-06, 2.55097711488e-06, 2.97639985547e-06], "mean": [0.00432751281187, 0.00339387147687, 0.00193084834609, 0.000908469897695, 0.000277329003438, 0.000199173940928, 0.000153307410073, 0.000118442825624, 0.000109091561171, 8.16239771666e-05, 9.76063529379e-05, 0.000109262378828, 4.96486281918e-05, 4.27518461947e-05, 3.63649814972e-05, 3.36581833835e-05, 4.50485749752e-05, 2.93561988656e-05, 2.28619483096e-05, 1.6590451196e-05, 1.86632532859e-05, 1.94930053112e-05, 1.76341818587e-05, 9.76169485511e-06, 6.23685355094e-06, 6.6991510721e-06, 5.48367552256e-06, 3.68531368622e-06, 2.50406014857e-06, 2.21202822104e-06, 2.29824081543e-06, 3.18140837408e-06, 3.67841744264e-06, 4.16429384131e-06, 4.42894588559e-06, 4.14204669141e-06, 3.72896852241e-06, 3.7389438603e-06, 2.72526881417e-06, 3.25573932969e-06], "dvar2": [5.68635223317e-05, 0.000150474355905, 0.00012073165999, 1.67489179148e-05, 7.52155585815e-07, 1.10922847796e-07, 1.01019473675e-07, 1.56278730401e-07, 1.58664207106e-07, 3.31541443188e-08, 4.29249382705e-08, 4.72123744544e-08, 1.50810901545e-08, 1.35863418294e-08, 7.6821509154e-09, 5.04132779966e-09, 1.36589530797e-08, 6.5015979267e-09, 4.12334077993e-09, 1.89728077693e-09, 1.76128389651e-09, 1.5748332638e-09, 9.00544028237e-10, 5.77299374971e-10, 1.16969156583e-10, 2.31475422163e-10, 1.46841247495e-10, 7.26798482509e-11, 9.56746140646e-11, 1.58513702164e-10, 1.5701666356e-10, 9.1970059346e-10, 3.40977385216e-10, 5.5471838234e-10, 5.62425050976e-10, 3.55566048826e-10, 2.87330020887e-10, 3.18794740606e-10, 1.96889324289e-10, 2.85398621402e-10], "min": [8.03184449892e-25, 5.26848101819e-25, 1.05310879809e-24, 1.1730482948e-24, 1.01823463797e-24, 9.81226116073e-25, 1.3324194969e-24, 1.4016105855e-24, 2.4563994601e-24, 2.50653097898e-24, 1.89256014202e-24, 2.88979569713e-24, 3.52987289967e-24, 2.1080118603e-24, 1.34148952376e-24, 2.90394293139e-24, 2.52781346013e-24, 4.25189007052e-24, 2.59905430519e-24, 3.93030579491e-24, 2.94755175387e-24, 4.08544751927e-24, 4.79327584344e-24, 4.28043105807e-24, 4.20739634331e-24, 4.52904885539e-24, 4.66433573962e-24, 4.13047806632e-24, 4.84524876089e-24, 3.87639346293e-24, 3.75722379585e-24, 6.16541734654e-24, 5.64486736228e-24, 5.14987607691e-24, 6.03686694001e-24, 5.98966978648e-24, 5.88569160828e-24, 5.47684314491e-24, 6.14920664937e-24, 6.42310901642e-24]}, "spectral_decrease": {"dvar": 1.05426088129e-16, "var": 1.19263244825e-16, "median": -6.47848130697e-09, "max": 1.95286997282e-28, "dmean": 4.22724433236e-09, "dmean2": 7.02981362011e-09, "mean": -8.99986396519e-09, "dvar2": 2.68561245638e-16, "min": -8.64970175485e-08}, "barkbands_kurtosis": {"dvar": 101.71396637, "var": 235.149185181, "median": 4.69571065903, "max": 190.669082642, "dmean": 5.5052781105, "dmean2": 8.6341085434, "mean": 9.91280937195, "dvar2": 234.985687256, "min": -1.95533180237}, "silence_rate_30dB": {"dvar": 0.0622448846698, "var": 0.0699031054974, "median": 1, "max": 1, "dmean": 0.0666865110397, "dmean2": 0.133382961154, "mean": 0.924387872219, "dvar2": 0.127507358789, "min": 0}, "gfcc": {"mean": [-41.2246055603, 102.32862854, -84.3840408325, 26.1042308807, -37.3320045471, 19.0586681366, -30.1550445557, 7.3237528801, -23.606842041, 0.566811382771, -7.79376077652, 2.12993240356, -11.2228212357], "cov": [[22044.9960938, -1652.17834473, -40.6765975952, 731.533325195, -595.154602051, 592.978393555, -930.086608887, 605.365844727, -3.84967875481, -24.7512016296, -304.311340332, 212.453674316, -369.450408936], [-1652.17834473, 3000.75805664, -797.753173828, -229.252227783, 423.943908691, -248.414520264, 368.206878662, -246.545318604, 29.4351596832, -127.272377014, 278.62210083, -153.330169678, 200.792633057], [-40.6765975952, -797.753173828, 1227.50415039, 38.7423286438, -16.1671028137, 191.073272705, -2.43410038948, -77.9730377197, -9.77804279327, 140.963851929, -42.7517318726, 83.9860534668, -13.1653518677], [731.533325195, -229.252227783, 38.7423286438, 410.480224609, -13.5339164734, 15.1343326569, -38.8577957153, 15.0340585709, 59.7579231262, 0.747140467167, -1.41529321671, 5.6866645813, 3.72840571404], [-595.154602051, 423.943908691, -16.1671028137, -13.5339164734, 342.164001465, -31.9467029572, 102.665115356, -21.399148941, 51.0256309509, 6.7108836174, 56.1845779419, -17.5282726288, 62.9942932129], [592.978393555, -248.414520264, 191.073272705, 15.1343326569, -31.9467029572, 267.380706787, -22.9527568817, 61.6453132629, 26.2918186188, 59.29870224, 20.608165741, 57.6666870117, -15.5167818069], [-930.086608887, 368.206878662, -2.43410038948, -38.8577957153, 102.665115356, -22.9527568817, 361.862304688, -29.7375831604, -3.44945502281, 8.19519233704, 52.4429016113, 4.58868646622, 68.8960723877], [605.365844727, -246.545318604, -77.9730377197, 15.0340585709, -21.399148941, 61.6453132629, -29.7375831604, 252.562133789, 71.0745544434, 2.38088154793, 1.12073087692, 42.2053108215, -23.1355495453], [-3.84967875481, 29.4351596832, -9.77804279327, 59.7579231262, 51.0256309509, 26.2918186188, -3.44945502281, 71.0745544434, 182.864624023, 28.9835281372, 27.7777328491, 12.9480886459, 11.6912202835], [-24.7512016296, -127.272377014, 140.963851929, 0.747140467167, 6.7108836174, 59.29870224, 8.19519233704, 2.38088154793, 28.9835281372, 127.986404419, 33.4765472412, 22.382440567, 0.178977221251], [-304.311340332, 278.62210083, -42.7517318726, -1.41529321671, 56.1845779419, 20.608165741, 52.4429016113, 1.12073087692, 27.7777328491, 33.4765472412, 145.591812134, 25.7782058716, 20.2121486664], [212.453674316, -153.330169678, 83.9860534668, 5.6866645813, -17.5282726288, 57.6666870117, 4.58868646622, 42.2053108215, 12.9480886459, 22.382440567, 25.7782058716, 111.720748901, 17.3709354401], [-369.450408936, 200.792633057, -13.1653518677, 3.72840571404, 62.9942932129, -15.5167818069, 68.8960723877, -23.1355495453, 11.6912202835, 0.178977221251, 20.2121486664, 17.3709354401, 104.141960144]], "icov": [[6.63302707835e-05, -5.55928891117e-05, 6.81465326124e-06, -0.000140309028211, 3.47687782778e-05, -0.000117815223348, 0.000125087040942, -0.000142012911965, 9.88311730907e-05, -4.91022292408e-05, 0.000201944247237, -0.000160606403369, 0.000172080704942], [-5.55928891117e-05, 0.000995901413262, 0.00041182647692, 0.000572965829633, -0.000498073291965, 8.96850397112e-05, -0.000454273656942, 0.000923838349991, -0.000456663256045, 0.000879320839886, -0.00172462523915, 0.00111970957369, -0.00106772291474], [6.81465326124e-06, 0.00041182647692, 0.00136201037094, 6.36529512121e-05, -0.000381725549232, -0.00065931212157, -0.000238543740124, 0.00100649590604, -9.18250443647e-05, -0.000723899807781, 0.000215231208131, -0.00045256598969, -4.06081562687e-05], [-0.000140309028211, 0.000572965829633, 6.36529512121e-05, 0.00313825905323, -7.07933140802e-05, 0.000205119868042, -0.000163689022884, 0.000788739940617, -0.0013754820684, 0.00083692552289, -0.00122209300753, 0.000883217144292, -0.0011070399778], [3.47687782778e-05, -0.000498073291965, -0.000381725549232, -7.07933140802e-05, 0.00411619339138, 0.000237790445681, -0.000329037691699, -0.000415097398218, -0.000828598916996, -0.000202644790988, -0.000323366402881, 0.000638523953967, -0.0012413833756], [-0.000117815223348, 8.96850397112e-05, -0.00065931212157, 0.000205119868042, 0.000237790445681, 0.00538503238931, -3.53462528437e-05, -0.000856784114148, -0.000225776064326, -0.00119965826161, -0.000954332994297, -0.00113096123096, 0.000211263934034], [0.000125087040942, -0.000454273656942, -0.000238543740124, -0.000163689022884, -0.000329037691699, -3.53462528437e-05, 0.00381028349511, -0.00059986388078, 0.000690879940521, -0.000448446255177, 3.77652540919e-05, -0.000453441462014, -0.00117338146083], [-0.000142012911965, 0.000923838349991, 0.00100649590604, 0.000788739940617, -0.000415097398218, -0.000856784114148, -0.00059986388078, 0.00653556594625, -0.00265892432071, 0.0011535884114, -0.000939497258514, -0.00110198464245, 0.000448822363978], [9.88311730907e-05, -0.000456663256045, -9.18250443647e-05, -0.0013754820684, -0.000828598916996, -0.000225776064326, 0.000690879940521, -0.00265892432071, 0.00759538356215, -0.00190803792793, 0.000217555934796, -0.000235765473917, -0.000163749937201], [-4.91022292408e-05, 0.000879320839886, -0.000723899807781, 0.00083692552289, -0.000202644790988, -0.00119965826161, -0.000448446255177, 0.0011535884114, -0.00190803792793, 0.0113346148282, -0.00389918545261, 0.000930379843339, -0.000697980518453], [0.000201944247237, -0.00172462523915, 0.000215231208131, -0.00122209300753, -0.000323366402881, -0.000954332994297, 3.77652540919e-05, -0.000939497258514, 0.000217555934796, -0.00389918545261, 0.012225786224, -0.00447613792494, 0.00228836247697], [-0.000160606403369, 0.00111970957369, -0.00045256598969, 0.000883217144292, 0.000638523953967, -0.00113096123096, -0.000453441462014, -0.00110198464245, -0.000235765473917, 0.000930379843339, -0.00447613792494, 0.0138160465285, -0.0047279605642], [0.000172080704942, -0.00106772291474, -4.06081562687e-05, -0.0011070399778, -0.0012413833756, 0.000211263934034, -0.00117338146083, 0.000448822363978, -0.000163749937201, -0.000697980518453, 0.00228836247697, -0.0047279605642, 0.0143283084035]]}, "silence_rate_20dB": {"dvar": 0, "var": 0, "median": 1, "max": 1, "dmean": 0, "dmean2": 0, "mean": 1, "dvar2": 0, "min": 1}, "barkbands_skewness": {"dvar": 0.691573560238, "var": 2.84000778198, "median": 2.08377027512, "max": 11.6578559875, "dmean": 0.685786306858, "dmean2": 1.03178858757, "mean": 2.30777287483, "dvar2": 1.50829982758, "min": -4.21797084808}, "erbbands_skewness": {"dvar": 0.13978882134, "var": 0.706037163734, "median": 0.21344190836, "max": 4.63983058929, "dmean": 0.358798235655, "dmean2": 0.531908094883, "mean": 0.175958916545, "dvar2": 0.284966051579, "min": -5.17076587677}, "spectral_contrast_valleys": {"dvar": [0.128879725933, 0.147746264935, 0.108782857656, 0.13030873239, 0.181365817785, 0.307170152664], "var": [4.42980623245, 3.98695015907, 3.7036588192, 3.66151309013, 3.92038106918, 4.68233346939], "median": [-6.70720291138, -7.22791576385, -7.83707952499, -8.37135601044, -8.34451770782, -10.5845155716], "max": [-4.88683652878, -5.0352306366, -4.66481161118, -6.04419755936, -5.42834281921, -6.32894897461], "dmean": [0.356197595596, 0.355428934097, 0.299303919077, 0.301056802273, 0.343087643385, 0.475307792425], "dmean2": [0.579483747482, 0.569224894047, 0.472615152597, 0.457520753145, 0.45089045167, 0.545877635479], "mean": [-7.09950494766, -7.46921348572, -8.07009983063, -8.61343097687, -8.56494808197, -10.8346319199], "dvar2": [0.283690810204, 0.320398241282, 0.213394060731, 0.251897722483, 0.293882012367, 0.438250273466], "min": [-27.9820098877, -28.1760311127, -27.6450405121, -27.5728416443, -27.5019855499, -27.4161167145]}, "spectral_strongpeak": {"dvar": 0.38504076004, "var": 0.54000389576, "median": 0.346199810505, "max": 10.2749300003, "dmean": 0.246451213956, "dmean2": 0.426363021135, "mean": 0.525669932365, "dvar2": 1.0096180439, "min": 0}, "erbbands_crest": {"dvar": 5.67198991776, "var": 18.6432247162, "median": 8.40370178223, "max": 30.9067363739, "dmean": 2.48626995087, "dmean2": 4.0360212326, "mean": 9.32758522034, "dvar2": 14.3011522293, "min": 2.27869582176}, "barkbands_crest": {"dvar": 5.44363689423, "var": 25.0717983246, "median": 12.9532165527, "max": 25.8564472198, "dmean": 2.25339984894, "dmean2": 3.62869119644, "mean": 13.2951850891, "dvar2": 14.2599449158, "min": 2.92134904861}, "spectral_energyband_middle_low": {"dvar": 0.000720663112588, "var": 0.000564790330827, "median": 0.00600410718471, "max": 0.269163012505, "dmean": 0.00763581087813, "dmean2": 0.0127544002607, "mean": 0.011030302383, "dvar2": 0.001896410482, "min": 1.44118324061e-22}, "spectral_contrast_coeffs": {"dvar": [0.00218195654452, 0.00128169241361, 0.000951498979703, 0.000775878201239, 0.000564840156585, 0.00029768346576], "var": [0.00742703909054, 0.00510891573504, 0.00558011885732, 0.00491918157786, 0.00463428813964, 0.0018070533406], "median": [-0.679416239262, -0.709565222263, -0.747108757496, -0.761121094227, -0.793153107166, -0.799210011959], "max": [-0.281445264816, -0.412022411823, -0.457416683435, -0.48018476367, -0.51297557354, -0.62996506691], "dmean": [0.0468686521053, 0.0415993928909, 0.0359457470477, 0.0305574778467, 0.0240996908396, 0.0186695512384], "dmean2": [0.0766982808709, 0.0672251880169, 0.0566568784416, 0.0472868271172, 0.0359613038599, 0.0284205246717], "mean": [-0.673346996307, -0.710660934448, -0.740873277187, -0.752109289169, -0.778385221958, -0.795797467232], "dvar2": [0.00542231695727, 0.00323214987293, 0.00213080365211, 0.0016128658317, 0.00104408757761, 0.000666735286359], "min": [-0.981250464916, -0.976326823235, -0.978373289108, -0.972304999828, -0.969553887844, -0.965064406395]}, "hfc": {"dvar": 1373.0760498, "var": 4767.02929688, "median": 8.31685638428, "max": 1512.07336426, "dmean": 11.6664867401, "dmean2": 15.4659166336, "mean": 24.9590034485, "dvar2": 2177.73388672, "min": 1.06559874816e-16}, "spectral_energyband_high": {"dvar": 1.51596677824e-05, "var": 4.97005021316e-05, "median": 0.000114673057396, "max": 0.16719609499, "dmean": 0.000910069677047, "dmean2": 0.0011628633365, "mean": 0.00157433352433, "dvar2": 2.43257327384e-05, "min": 7.04225626714e-21}, "erbbands_spread": {"dvar": 196.124603271, "var": 600.560180664, "median": 34.7241477966, "max": 193.798110962, "dmean": 10.6095542908, "dmean2": 14.9466400146, "mean": 41.4822692871, "dvar2": 375.505554199, "min": 4.29650783539}, "dissonance": {"dvar": 0.000496460357681, "var": 0.0013322258601, "median": 0.456327348948, "max": 0.500000178814, "dmean": 0.0220881961286, "dmean2": 0.0363753549755, "mean": 0.447358459234, "dvar2": 0.00130964163691, "min": 0.223699107766}, "spectral_kurtosis": {"dvar": 25.37591362, "var": 71.4192352295, "median": 5.19627332687, "max": 120.968185425, "dmean": 2.90089821815, "dmean2": 4.42199659348, "mean": 7.32149028778, "dvar2": 59.6492614746, "min": -1.39055919647}, "spectral_skewness": {"dvar": 0.160632327199, "var": 0.803107857704, "median": 1.84113824368, "max": 8.89706707001, "dmean": 0.326481550932, "dmean2": 0.468780606985, "mean": 1.95338797569, "dvar2": 0.329927831888, "min": -0.38091468811}, "pitch_salience": {"dvar": 0.00440530711785, "var": 0.0180266220123, "median": 0.478851020336, "max": 0.891581356525, "dmean": 0.0644547715783, "dmean2": 0.105310663581, "mean": 0.478417575359, "dvar2": 0.0117502855137, "min": 0.118542298675}, "spectral_complexity": {"dvar": 11.6242113113, "var": 57.6859321594, "median": 12, "max": 57, "dmean": 2.5409348011, "dmean2": 3.81719398499, "mean": 13.2752847672, "dvar2": 21.6945667267, "min": 0}, "spectral_spread": {"dvar": 1795778674690.0, "var": 16835576594400.0, "median": 4583446.5, "max": 42777960, "dmean": 975187.25, "dmean2": 1278053.5, "mean": 5401780, "dvar2": 2995112640510.0, "min": 719563.0625}, "dynamic_complexity": 4.15100812912, "melbands_crest": {"dvar": 8.80066776276, "var": 29.9005870819, "median": 17.1070365906, "max": 34.86510849, "dmean": 2.64824056625, "dmean2": 4.32952880859, "mean": 17.1905441284, "dvar2": 22.8586139679, "min": 1.69002330303}, "zerocrossingrate": {"dvar": 0.00038277436397, "var": 0.00448133377358, "median": 0.03564453125, "max": 0.5283203125, "dmean": 0.0120397889987, "dmean2": 0.0133882099763, "mean": 0.0532396994531, "dvar2": 0.000355809606845, "min": 0.00244140625}, "spectral_energyband_low": {"dvar": 0.00086402206216, "var": 0.00106993690133, "median": 0.0159059129655, "max": 0.312400460243, "dmean": 0.0106895593926, "dmean2": 0.0179105419666, "mean": 0.0219458788633, "dvar2": 0.00216850941069, "min": 1.20372585295e-23}, "melbands_kurtosis": {"dvar": 932.891784668, "var": 1670.36914063, "median": 15.0992584229, "max": 742.040100098, "dmean": 14.9546604156, "dmean2": 23.3068599701, "mean": 28.0792999268, "dvar2": 2119.47900391, "min": -1.88854122162}, "spectral_energyband_middle_high": {"dvar": 4.75566184832e-06, "var": 2.65035905613e-05, "median": 0.00162439991254, "max": 0.0538929030299, "dmean": 0.00112190574873, "dmean2": 0.001590701635, "mean": 0.00358674745075, "dvar2": 9.02964166016e-06, "min": 1.13298359007e-21}, "barkbands_spread": {"dvar": 106.866104126, "var": 390.453216553, "median": 14.0585985184, "max": 131.003768921, "dmean": 6.09441995621, "dmean2": 9.05733776093, "mean": 20.2300662994, "dvar2": 211.635986328, "min": 0.414307206869}, "mfcc": {"mean": [-691.847290039, 140.965713501, 16.5418510437, 20.9742107391, 17.4721641541, 11.6994752884, 10.429558754, 9.26320457458, -5.8114695549, 3.7