{"tonal": {"hpcp": {"dvar": [0.052497766912, 0.0428051352501, 0.0419631302357, 0.0362385697663, 0.040853921324, 0.0371158644557, 0.0400351434946, 0.0407668538392, 0.0392963811755, 0.0372671000659, 0.0352000705898, 0.0298857577145, 0.0312047675252, 0.0244625099003, 0.0274215713143, 0.0419701375067, 0.0445538423955, 0.0405471622944, 0.0427733324468, 0.0541872754693, 0.0530615672469, 0.0552154518664, 0.0480312220752, 0.0456640161574, 0.0773496553302, 0.0456002429128, 0.0326758883893, 0.032195944339, 0.0298251844943, 0.0252023991197, 0.0344863496721, 0.036331012845, 0.0431763492525, 0.0475901439786, 0.0498240925372, 0.0495733506978], "var": [0.0903775170445, 0.0508437603712, 0.0367194637656, 0.0467938445508, 0.0467504225671, 0.041796144098, 0.075254522264, 0.0526051968336, 0.0448774471879, 0.0745792910457, 0.0522814020514, 0.0277808029205, 0.028295615688, 0.018463190645, 0.0224582105875, 0.0474572256207, 0.0511420145631, 0.0456357970834, 0.0630347058177, 0.0573391132057, 0.0501858741045, 0.0696218758821, 0.0531332008541, 0.0641951039433, 0.139349669218, 0.0606108121574, 0.0306011661887, 0.035902172327, 0.0247273147106, 0.0255884490907, 0.0559232421219, 0.0476389303803, 0.0395267605782, 0.0776681229472, 0.0936795771122, 0.0629164278507], "median": [0.0363036356866, 0.0351078622043, 0.0444825217128, 0.0661349669099, 0.0749797299504, 0.0602971091866, 0.0416135415435, 0.0407042838633, 0.0432314127684, 0.048739168793, 0.052755869925, 0.0381805859506, 0.0267000366002, 0.0246428083628, 0.0283757857978, 0.0431637316942, 0.0596955232322, 0.0830554515123, 0.10120498389, 0.0876815915108, 0.0653477460146, 0.0492645017803, 0.0400203093886, 0.0757821276784, 0.0922986716032, 0.0890957042575, 0.0386864282191, 0.0345708355308, 0.0270740427077, 0.0381934083998, 0.0732864141464, 0.0690671876073, 0.046495936811, 0.0406639538705, 0.0451355613768, 0.0504083819687], "max": [1, 1, 1, 1, 1, 1, 1, 1, 1, 1, 1, 1, 1, 1, 1, 1, 1, 1, 1, 1, 1, 1, 1, 1, 1, 1, 1, 1, 1, 1, 1, 1, 1, 1, 1, 1], "dmean": [0.136877596378, 0.130318239331, 0.124167434871, 0.13557484746, 0.149071410298, 0.132533431053, 0.129201665521, 0.131479889154, 0.130246713758, 0.128443449736, 0.130236580968, 0.115774922073, 0.105547122657, 0.0868585556746, 0.0981558933854, 0.132815361023, 0.14419414103, 0.147054791451, 0.16760841012, 0.17846108973, 0.169559031725, 0.165908351541, 0.148154839873, 0.164163812995, 0.204906359315, 0.162910312414, 0.116974055767, 0.110718458891, 0.101258322597, 0.105577997863, 0.131649956107, 0.136001989245, 0.128218710423, 0.136960312724, 0.13897241652, 0.149257257581], "dmean2": [0.2435285151, 0.232700780034, 0.224166765809, 0.235569804907, 0.255671679974, 0.236270159483, 0.230064794421, 0.235159039497, 0.228683054447, 0.220639526844, 0.227150544524, 0.203986912966, 0.183548435569, 0.156360641122, 0.177093490958, 0.233491703868, 0.256246507168, 0.253279626369, 0.283098310232, 0.315860241652, 0.302846670151, 0.289402514696, 0.267412871122, 0.287774860859, 0.358980745077, 0.288732141256, 0.211496144533, 0.194942638278, 0.183191791177, 0.187360167503, 0.225989505649, 0.236133038998, 0.229901432991, 0.240387588739, 0.244871467352, 0.264570057392], "mean": [0.181335359812, 0.141591221094, 0.115225695074, 0.158632859588, 0.167259424925, 0.149440467358, 0.16874229908, 0.146426618099, 0.135843932629, 0.177934214473, 0.15340487659, 0.10752312094, 0.0939074233174, 0.0729058161378, 0.0875288173556, 0.136009603739, 0.152889728546, 0.164979547262, 0.202273339033, 0.185214221478, 0.162026196718, 0.176433682442, 0.149329766631, 0.206591710448, 0.303071439266, 0.207587122917, 0.108967967331, 0.108907938004, 0.0879892781377, 0.1014829427, 0.162919506431, 0.157623931766, 0.123522080481, 0.177682563663, 0.195833042264, 0.175103247166], "dvar2": [0.140266239643, 0.119069710374, 0.120265886188, 0.100913614035, 0.11264847219, 0.102672189474, 0.10671544075, 0.110603481531, 0.112691313028, 0.0952830761671, 0.100096009672, 0.0836421921849, 0.0857706069946, 0.0716271847486, 0.0778663232923, 0.111377395689, 0.119602151215, 0.109793126583, 0.110507711768, 0.155680045485, 0.151243641973, 0.150204494596, 0.13025765121, 0.121887840331, 0.193950280547, 0.126616373658, 0.0896705910563, 0.0846816748381, 0.0849689543247, 0.0726059302688, 0.0901342779398, 0.0944232046604, 0.12271566689, 0.126578316092, 0.131077215075, 0.140821292996], "min": [0, 0, 0, 0, 0, 0, 0, 0, 0, 0, 0, 0, 0, 0, 0, 0, 0, 0, 0, 0, 0, 0, 0, 0, 0, 0, 0, 0, 0, 0, 0, 0, 0, 0, 0, 0]}, "key_key": "A#", "thpcp": [1, 0.68494451046, 0.359545469284, 0.359347403049, 0.290325194597, 0.334848254919, 0.537561416626, 0.520088374615, 0.40756753087, 0.586272895336, 0.646161317825, 0.577762305737, 0.598325490952, 0.467187613249, 0.380193173885, 0.52341735363, 0.551881194115, 0.493086606264, 0.556774020195, 0.483142256737, 0.448224127293, 0.587103188038, 0.5061673522, 0.354778140783, 0.309852421284, 0.240556538105, 0.288805902004, 0.44877076149, 0.504467606544, 0.544358611107, 0.667411446571, 0.611123979092, 0.534613847733, 0.58215212822, 0.492721349001, 0.681660115719], "chords_key": "G#", "tuning_equal_tempered_deviation": 0.149725809693, "tuning_frequency": 434.193115234, "tuning_diatonic_strength": 0.481935620308, "chords_histogram": [13.5349321365, 6.73618364334, 0.354535967112, 2.37747645378, 1.37643373013, 6.79874849319, 5.21376419067, 0.0834202319384, 0.417101144791, 0, 4.40041732788, 0.458811253309, 2.14807081223, 0.771637141705, 0, 1.50156414509, 0, 0.271115750074, 0.47966632247, 13.9728879929, 22.8154335022, 7.40354537964, 6.67361831665, 2.21063613892], "key_strength": 0.471073001623, "key_scale": "major", "chords_strength": {"dvar": 0.00147624057718, "var": 0.0333818756044, "median": 0.45826792717, "max": 0.700365960598, "dmean": 0.0125557715073, "dmean2": 0.0147101096809, "mean": 0.436661779881, "dvar2": 0.00289498106577, "min": -1}, "chords_number_rate": 0.00291970791295, "tuning_nontempered_energy_ratio": 0.849777519703, "hpcp_entropy": {"dvar": 0.31308683753, "var": 0.748695313931, "median": 2.26114749908, "max": 4.34599208832, "dmean": 0.647694766521, "dmean2": 1.10432863235, "mean": 2.16985416412, "dvar2": 0.858296692371, "min": 0}, "chords_changes_rate": 0.0794577673078, "chords_scale": "major"}, "rhythm": {"bpm_histogram_first_peak_spread": {"dvar": 0, "var": 0, "median": 0.0762942805886, "max": 0.0762942805886, "dmean": 0, "dmean2": 0, "mean": 0.0762942805886, "dvar2": 0, "min": 0.0762942805886}, "bpm_histogram_first_peak_weight": {"dvar": 0, "var": 0, "median": 0.706250011921, "max": 0.706250011921, "dmean": 0, "dmean2": 0, "mean": 0.706250011921, "dvar2": 0, "min": 0.706250011921}, "bpm_histogram_first_peak_bpm": {"dvar": 0, "var": 0, "median": 136, "max": 136, "dmean": 0, "dmean2": 0, "mean": 136, "dvar2": 0, "min": 136}, "bpm": 135.830917358, "bpm_histogram_second_peak_weight": {"dvar": 0, "var": 0, "median": 0.0979166701436, "max": 0.0979166701436, "dmean": 0, "dmean2": 0, "mean": 0.0979166701436, "dvar2": 0, "min": 0.0979166701436}, "beats_loudness": {"dvar": 0.000480516202515, "var": 0.00101655465551, "median": 0.032848034054, "max": 0.119638942182, "dmean": 0.021141115576, "dmean2": 0.0406084731221, "mean": 0.0404952317476, "dvar2": 0.00162314332556, "min": 0}, "beats_loudness_band_ratio": {"dvar": [0.0417774431407, 0.0173703655601, 0.00560351694003, 0.00551735144109, 0.00205845665187, 0.0205487217754], "var": [0.0927621498704, 0.0239487141371, 0.0111524993554, 0.00986363738775, 0.00369209214114, 0.0258039273322], "median": [0.446381002665, 0.162565857172, 0.0716580525041, 0.0269097983837, 0.0207649488002, 0.081396907568], "max": [0.999427497387, 0.796040415764, 0.686129450798, 0.59929805994, 0.554228544235, 0.786977648735], "dmean": [0.248843431473, 0.143983319402, 0.0678428635001, 0.0444745533168, 0.0283376146108, 0.126688048244], "dmean2": [0.446765363216, 0.254568070173, 0.119286179543, 0.0779881849885, 0.0522325187922, 0.239483043551], "mean": [0.455328583717, 0.205331325531, 0.100205726922, 0.0688708126545, 0.0430272594094, 0.149509578943], "dvar2": [0.131916716695, 0.0500191375613, 0.0162732973695, 0.015444746241, 0.00625618034974, 0.0608891770244], "min": [0, 0, 0, 0, 0, 0]}, "bpm_histogram_second_peak_bpm": {"dvar": 0, "var": 0, "median": 112, "max": 112, "dmean": 0, "dmean2": 0, "mean": 112, "dvar2": 0, "min": 112}, "onset_rate": 4.75271272659, "beats_count": 481, "beats_position": [0.452789098024, 0.905578196049, 1.35836732388, 1.8111563921, 2.26394557953, 2.71673464775, 3.15791368484, 3.61070299149, 4.05188179016, 4.49306106567, 4.93424034119, 5.3754196167, 5.8282084465, 6.26938772202, 6.71056699753, 7.1517457962, 7.59292507172, 8.03410434723, 8.47528362274, 8.91646194458, 9.35764122009, 9.79882049561, 10.22838974, 10.6811790466, 11.1339683533, 11.5867567062, 12.0743761063, 12.5619955063, 13.0380039215, 13.5024032593, 13.966802597, 14.4312019348, 14.8839902878, 15.3251695633, 15.7663488388, 16.2075271606, 16.6487064362, 17.0898857117, 17.5310649872, 17.9722442627, 18.4134235382, 18.8546028137, 19.2957820892, 19.7369613647, 20.1781406403, 20.6193199158, 21.0604991913, 21.5016784668, 21.942855835, 22.3840351105, 22.825214386, 23.2663936615, 23.707572937, 24.1487522125, 24.589931488, 25.0311107635, 25.4722900391, 25.9134693146, 26.3546485901, 26.7958278656, 27.2370071411, 27.6781845093, 28.1193637848, 28.5605430603, 29.0017223358, 29.4429016113, 29.8840808868, 30.3252601624, 30.7664394379, 31.2076187134, 31.6487979889, 32.0899772644, 32.5311546326, 32.9723358154, 33.4135131836, 33.8546943665, 34.2958717346, 34.7370529175, 35.1782302856, 35.6194114685, 36.0605888367, 36.5017662048, 36.9429473877, 37.3841247559, 37.8253059387, 38.2664833069, 38.7076644897, 39.1488418579, 39.5900230408, 40.0312004089, 40.4723815918, 40.91355896, 41.3547401428, 41.795917511, 42.2370948792, 42.678276062, 43.1194534302, 43.560634613, 44.0018119812, 44.4429931641, 44.8841705322, 45.3253517151, 45.7665290833, 46.2077102661, 46.6488876343, 47.0900688171, 47.5312461853, 47.9724235535, 48.4136047363, 48.8547821045, 49.2959632874, 49.7371406555, 50.1783218384, 50.6194992065, 51.0606803894, 51.5018577576, 51.9430389404, 52.3842163086, 52.8253974915, 53.2665748596, 53.7077522278, 54.1489334106, 54.5901107788, 55.0312919617, 55.4724693298, 55.9136505127, 56.3548278809, 56.7960090637, 57.2371864319, 57.6783676147, 58.1195449829, 58.5607261658, 59.0019035339, 59.4430847168, 59.884262085, 60.3254394531, 60.766620636, 61.2077980042, 61.648979187, 62.0901565552, 62.531337738, 62.9725151062, 63.4136962891, 63.8548736572, 64.2960510254, 64.7372360229, 65.1784133911, 65.6195907593, 66.0607681274, 66.5019454956, 66.9431304932, 67.3843078613, 67.8254852295, 68.2666625977, 68.7078475952, 69.1490249634, 69.5902023315, 70.0313796997, 70.4725646973, 70.9137420654, 71.3549194336, 71.7960968018, 72.2372741699, 72.6784591675, 73.1196365356, 73.5608139038, 74.001991272, 74.4431762695, 74.8843536377, 75.3255310059, 75.766708374, 76.2078933716, 76.6490707397, 77.0902481079, 77.5314254761, 77.9726028442, 78.4137878418, 78.85496521, 79.2961425781, 79.7373199463, 80.1785049438, 80.619682312, 81.0608596802, 81.5368728638, 82.012878418, 82.4772796631, 82.9416732788, 83.4060745239, 83.8820877075, 84.3348770142, 84.7876663208, 85.228843689, 85.6700210571, 86.1228103638, 86.5639877319, 87.0051651001, 87.4463500977, 87.8875274658, 88.328704834, 88.7698822021, 89.2110671997, 89.6522445679, 90.093421936, 90.5345993042, 90.9757843018, 91.4169616699, 91.8581390381, 92.2993164063, 92.7404937744, 93.181678772, 93.6228561401, 94.0640335083, 94.5052108765, 94.9347839355, 95.3875732422, 95.8287506104, 96.2699279785, 96.7111129761, 97.1522903442, 97.5934677124, 98.0346450806, 98.4758224487, 98.9286117554, 99.381401062, 99.8225860596, 100.263763428, 100.704940796, 101.146118164, 101.587303162, 102.02848053, 102.469657898, 102.910835266, 103.352012634, 103.793197632, 104.234375, 104.675552368, 105.116729736, 105.557914734, 105.999092102, 106.44026947, 106.881446838, 107.322631836, 107.763809204, 108.204986572, 108.64616394, 109.087341309, 109.528526306, 109.981315613, 110.445709229, 110.910110474, 111.386123657, 111.838912964, 112.30330658, 112.767707825, 113.23210907, 113.696502686, 114.149291992, 114.59047699, 115.031654358, 115.472831726, 115.914009094, 116.355194092, 116.79637146, 117.237548828, 117.678726196, 118.119903564, 118.561088562, 119.00226593, 119.443443298, 119.884620667, 120.325805664, 120.766983032, 121.2081604, 121.649337769, 122.090522766, 122.531700134, 122.972877502, 123.414054871, 123.855232239, 124.296417236, 124.737594604, 125.178771973, 125.619949341, 126.061134338, 126.502311707, 126.943489075, 127.384666443, 127.82585144, 128.267028809, 128.708206177, 129.149383545, 129.590560913, 130.031738281, 130.472915649, 130.914108276, 131.355285645, 131.796463013, 132.237640381, 132.678817749, 133.119995117, 133.561172485, 134.002349854, 134.44354248, 134.884719849, 135.325897217, 135.767074585, 136.208251953, 136.649429321, 137.090606689, 137.531784058, 137.972961426, 138.414154053, 138.855331421, 139.296508789, 139.737686157, 140.178863525, 140.620040894, 141.061218262, 141.50239563, 141.943572998, 142.384765625, 142.825942993, 143.267120361, 143.708297729, 144.149475098, 144.590652466, 145.031829834, 145.473007202, 145.914199829, 146.355377197, 146.796554565, 147.237731934, 147.678909302, 148.12008667, 148.561264038, 149.002441406, 149.443618774, 149.884811401, 150.32598877, 150.767166138, 151.208343506, 151.649520874, 152.090698242, 152.53187561, 152.973052979, 153.414230347, 153.855422974, 154.296600342, 154.73777771, 155.178955078, 155.620132446, 156.061309814, 156.502487183, 156.943664551, 157.384857178, 157.826034546, 158.267211914, 158.708389282, 159.14956665, 159.590744019, 160.031921387, 160.473098755, 160.914276123, 161.35546875, 161.796646118, 162.237823486, 162.679000854, 163.120178223, 163.561355591, 164.002532959, 164.443710327, 164.884887695, 165.326080322, 165.76725769, 166.208435059, 166.649612427, 167.090789795, 167.531967163, 167.973144531, 168.414321899, 168.855514526, 169.285079956, 169.737869263, 170.190658569, 170.643447876, 171.061401367, 171.490966797, 171.920547485, 172.454605103, 173.000274658, 173.545944214, 174.080001831, 174.614059448, 175.136505127, 175.658950806, 176.193008423, 176.72706604, 177.261123657, 177.783584595, 178.306030273, 178.840087891, 179.374145508, 179.908203125, 180.442260742, 180.976318359, 181.498779297, 182.021224976, 182.555282593, 183.08934021, 183.623397827, 184.157455444, 184.679901123, 185.21395874, 185.748016357, 186.270477295, 186.804534912, 187.338592529, 187.872650146, 188.406707764, 188.940765381, 189.46321106, 189.985671997, 190.519729614, 191.053787231, 191.587844849, 192.121902466, 192.655960083, 193.178405762, 193.70085144, 194.234924316, 194.768981934, 195.303039551, 195.837097168, 196.371154785, 196.905212402, 197.427658081, 197.95010376, 198.484161377, 199.018234253, 199.55229187, 200.086349487, 200.620407104, 201.154464722, 201.6769104, 202.199356079, 202.733413696, 203.267486572, 203.801544189, 204.335601807, 204.869659424, 205.403717041, 205.92616272, 206.448608398, 206.982666016, 207.516723633, 208.03918457, 208.584854126, 209.130523682, 209.687789917, 210.245071411, 210.802352905, 211.371246338, 211.940139771, 212.497406006, 212.996643066, 213.495864868, 213.98348999, 214.482711792, 214.981948853, 215.527618408, 216.073287964, 216.61895752, 217.199447632, 217.779953003, 218.360443115, 218.964172363, 219.556274414, 220.159988403, 220.752105713, 221.344207764, 221.936325073], "danceability": 1.10905742645, "bpm_histogram_second_peak_spread": {"dvar": 0, "var": 0, "median": 0.389610350132, "max": 0.389610350132, "dmean": 0, "dmean2": 0, "mean": 0.389610350132, "dvar2": 0, "min": 0.389610350132}}, "lowlevel": {"spectral_flux": {"dvar": 0.00172038783785, "var": 0.00467767659575, "median": 0.0764907225966, "max": 0.402533918619, "dmean": 0.030007975176, "dmean2": 0.0475033447146, "mean": 0.0893647000194, "dvar2": 0.00355649041012, "min": 6.3768823555e-11}, "spectral_rolloff": {"dvar": 4605828.5, "var": 15526244, "median": 947.4609375, "max": 19552.1484375, "dmean": 1340.09350586, "dmean2": 2103.32495117, "mean": 2747.21704102, "dvar2": 9288720, "min": 21.533203125}, "barkbands_flatness_db": {"dvar": 0.000763776421081, "var": 0.00551805784926, "median": 0.0961935967207, "max": 0.501604735851, "dmean": 0.0250748023391, "dmean2": 0.0385543853045, "mean": 0.119768507779, "dvar2": 0.00158982328139, "min": 0.0121332677081}, "spectral_centroid": {"dvar": 232550.96875, "var": 2727776.75, "median": 1298.52783203, "max": 11673.3554688, "dmean": 390.925109863, "dmean2": 585.05267334, "mean": 1646.81970215, "dvar2": 494135.1875, "min": 139.294113159}, "melbands_skewness": {"dvar": 1.21568202972, "var": 3.83387923241, "median": 2.92342281342, "max": 41.4249038696, "dmean": 0.889830768108, "dmean2": 1.40639925003, "mean": 3.11860728264, "dvar2": 3.13298559189, "min": -0.884729981422}, "melbands": {"dvar": [6.41879296381e-06, 6.86629573465e-06, 9.92022251012e-06, 9.13810652037e-07, 5.58027807074e-07, 3.83441090435e-07, 2.05838702527e-07, 2.37813097215e-07, 1.78765588998e-07, 2.55700545182e-08, 1.05689199614e-08, 7.68073071811e-09, 7.05637903664e-09, 4.26176338664e-09, 2.50818366077e-09, 1.81966997026e-09, 3.99536537188e-09, 3.52772500101e-09, 3.46274720009e-09, 2.78671086207e-09, 2.58332105707e-10, 3.87870097152e-10, 4.26683938182e-10, 6.14174322511e-10, 4.16569723161e-10, 2.85609008666e-10, 3.22469967395e-10, 4.10568551379e-10, 2.04979186402e-10, 4.46618214633e-10, 3.24983234767e-10, 2.85710149983e-10, 4.17929607588e-10, 4.71062688856e-10, 1.76564027288e-10, 2.72084160757e-10, 5.96857063773e-10, 4.25457252762e-10, 2.42781544868e-10, 2.16803797137e-10], "var": [8.09074845165e-06, 1.15450511657e-05, 6.06098046774e-06, 8.72031591825e-07, 6.48811806059e-07, 5.15109888966e-07, 2.25660244269e-07, 1.97840577698e-07, 1.59369207609e-07, 2.67464965731e-08, 2.75974620934e-08, 2.33024373131e-08, 2.46602258613e-08, 7.65718688456e-09, 3.9313450273e-09, 2.01826555468e-09, 2.74758216179e-09, 3.87058340934e-09, 3.01503555455e-09, 2.02775551905e-09, 3.05303310411e-10, 4.07995914831e-10, 3.78784281718e-10, 5.85583970203e-10, 4.3546088957e-10, 3.24144461272e-10, 3.32154193039e-10, 3.81717435438e-10, 2.34828378964e-10, 3.91549986878e-10, 3.3970556923e-10, 2.78916140184e-10, 3.52653406477e-10, 3.52535056702e-10, 1.658344434e-10, 2.40736514057e-10, 4.41482989055e-10, 3.05400704725e-10, 1.96481025894e-10, 1.57368271192e-10], "median": [0.000928314169869, 0.000720110081602, 0.000450554769486, 0.00027345016133, 0.000274892372545, 0.000239472312387, 0.000119919757708, 5.64012516406e-05, 4.10202519561e-05, 2.87777693302e-05, 3.50279005943e-05, 2.88825303869e-05, 1.49141033035e-05, 1.18632660815e-05, 1.24072257677e-05, 6.90455635777e-06, 8.00658381195e-06, 7.45600254959e-06, 7.52520827518e-06, 5.94753964833e-06, 4.72793817607e-06, 5.29288581674e-06, 3.88609578295e-06, 3.9244778236e-06, 4.20968626713e-06, 3.89441174775e-06, 3.5723514884e-06, 2.96185476145e-06, 2.57341912402e-06, 2.42019677898e-06, 2.20995934797e-06, 1.84656551028e-06, 1.65452024703e-06, 1.39881717587e-06, 1.77660490408e-06, 1.56895362124e-06, 1.36093740366e-06, 1.12827967769e-06, 1.07752430267e-06, 7.60500029173e-07], "max": [0.0360849611461, 0.0334035865963, 0.0330063737929, 0.010249895975, 0.00865269172937, 0.00629120133817, 0.00391685543582, 0.00402646046132, 0.00524118822068, 0.00176603079308, 0.00181155605242, 0.00199235812761, 0.00236293603666, 0.00142955908086, 0.00116804684512, 0.00080034066923, 0.00218921434134, 0.00162318837829, 0.00185647793114, 0.0017958630342, 0.00053087057313, 0.000293651362881, 0.000275182741461, 0.000412816851167, 0.000374679133529, 0.0002808085992, 0.000231654077652, 0.000266916584224, 0.000272261415375, 0.000212305065361, 0.000177387235453, 0.000155738205649, 0.000229646931984, 0.000287585280603, 0.000158867667778, 0.000215342821321, 0.00023949041497, 0.000227743657888, 0.000201386792469, 0.000168696962646], "dmean": [0.00116221734788, 0.001244010753, 0.00088353571482, 0.000433850480476, 0.000415777321905, 0.00036439858377, 0.000248915166594, 0.000204888972803, 0.000172682543052, 7.16548602213e-05, 5.67591960134e-05, 4.42115560872e-05, 3.33282223437e-05, 2.64210975729e-05, 2.46578874794e-05, 1.84135096788e-05, 1.61564366863e-05, 1.68989590748e-05, 1.8368158635e-05, 1.35700647661e-05, 7.53194808567e-06, 8.66753634909e-06, 7.92515402281e-06, 1.04775654108e-05, 9.2387172117e-06, 7.84202256909e-06, 8.6219934019e-06, 9.22747494769e-06, 6.67507902108e-06, 9.97203642328e-06, 9.08019774215e-06, 8.03407147032e-06, 9.21896025829e-06, 8.55694361235e-06, 6.39311838313e-06, 6.91328250468e-06, 8.29337841424e-06, 6.81731853547e-06, 5.47484569324e-06, 4.81444476463e-06], "dmean2": [0.00193539483007, 0.00192188739311, 0.00164096348453, 0.000736531277653, 0.000697773124557, 0.000619415426627, 0.000436791975517, 0.000363273487892, 0.000301451713312, 0.00012270269508, 9.34887284529e-05, 7.19861927791e-05, 5.33690763405e-05, 4.48847131338e-05, 4.26447040809e-05, 3.15978468279e-05, 2.74062767858e-05, 2.85241949314e-05, 3.31030569214e-05, 2.39427499764e-05, 1.26346294564e-05, 1.44893383549e-05, 1.33903067763e-05, 1.80496117537e-05, 1.56828882609e-05, 1.2921472262e-05, 1.4509842913e-05, 1.58156981342e-05, 1.09970060294e-05, 1.69889171957e-05, 1.52235261339e-05, 1.33143803396e-05, 1.52498805619e-05, 1.41697000799e-05, 1.00595998447e-05, 1.10282389869e-05, 1.3784148905e-05, 1.10928649519e-05, 8.94015920494e-06, 7.97800294094e-06], "mean": [0.00180435238872, 0.00178694236092, 0.000956418865826, 0.000579697429202, 0.000544837326743, 0.000501068308949, 0.000300650252029, 0.000220398360398, 0.000173433858436, 8.40687425807e-05, 0.000101543169876, 8.22062356747e-05, 5.75440390094e-05, 3.63201979781e-05, 3.15038814733e-05, 2.11503047467e-05, 1.99287096621e-05, 2.00907998078e-05, 2.01600560104e-05, 1.53973232955e-05, 1.0527825907e-05, 1.14307986223e-05, 9.52510526986e-06, 1.18371581266e-05, 1.11533054223e-05, 1.01912273749e-05, 1.01786399682e-05, 1.01425321191e-05, 8.18880198494e-06, 1.01586447272e-05, 9.65184335655e-06, 8.17033651401e-06, 8.68765710038e-06, 7.88392571849e-06, 6.61754756948e-06, 6.87271131028e-06, 7.43316468288e-06, 6.27736562819e-06, 5.40585415365e-06, 4.3174518396e-06], "dvar2": [1.71491137735e-05, 1.42961125675e-05, 2.97398237308e-05, 2.54722090176e-06, 1.44958130477e-06, 1.01476609871e-06, 5.71097189095e-07, 6.61108174427e-07, 5.10956169819e-07, 6.38057784386e-08, 2.63711967818e-08, 1.96848937151e-08, 1.83187882641e-08, 1.11794724589e-08, 7.65517871315e-09, 5.29296162455e-09, 1.22775531963e-08, 9.71600311317e-09, 1.02400701252e-08, 8.29770119282e-09, 6.91581292234e-10, 1.04836128667e-09, 1.16773724024e-09, 1.66170732729e-09, 1.09322295661e-09, 7.45963457671e-10, 8.36776703483e-10, 1.08832942658e-09, 5.17915210718e-10, 1.19577725499e-09, 7.89838250359e-10, 7.19012183126e-10, 1.08254682996e-09, 1.27824351104e-09, 4.48402481812e-10, 6.84032108733e-10, 1.59835089608e-09, 1.15941234391e-09, 6.32417007651e-10, 5.86446835538e-10], "min": [1.03619749382e-24, 5.55804769763e-25, 6.60676037111e-25, 8.73588017708e-25, 1.63405772034e-24, 1.72834671447e-24, 6.01027897484e-25, 1.73667945221e-24, 2.11966018043e-24, 1.28814753821e-24, 1.67432591411e-24, 1.80168376017e-24, 2.53558669828e-24, 1.63647360686e-24, 3.03644553105e-24, 2.67018885124e-24, 1.67439119235e-24, 1.91900887324e-24, 2.09456237351e-24, 1.92839079598e-24, 3.64681048482e-24, 2.54608288705e-24, 3.17706688994e-24, 3.42823408849e-24, 3.49430000601e-24, 3.95931378812e-24, 3.83068055119e-24, 3.7388244041e-24, 4.39384164611e-24, 4.47976871464e-24, 4.64077285882e-24, 4.59670590536e-24, 5.1990051508e-24, 4.45338210622e-24, 5.92546834171e-24, 5.82843056176e-24, 5.8570504354e-24, 4.98627381935e-24, 5.64804883831e-24, 5.01585807545e-24]}, "spectral_decrease": {"dvar": 2.08001265189e-17, "var": 4.24006032201e-17, "median": -4.23375201564e-09, "max": 5.84985462848e-11, "dmean": 2.71718070266e-09, "dmean2": 4.34950386818e-09, "mean": -6.15534023751e-09, "dvar2": 4.89700220141e-17, "min": -4.42620127217e-08}, "barkbands_kurtosis": {"dvar": 80.5016403198, "var": 233.591201782, "median": 2.48286581039, "max": 339.523468018, "dmean": 3.97595858574, "dmean2": 6.16177558899, "mean": 5.79333972931, "dvar2": 181.770767212, "min": -1.92010521889}, "silence_rate_30dB": {"dvar": 0.0139835858718, "var": 0.0120554771274, "median": 1, "max": 1, "dmean": 0.0141858765855, "dmean2": 0.0283747129142, "mean": 0.987797260284, "dvar2": 0.0350774377584, "min": 0}, "gfcc": {"mean": [-48.8111076355, 60.5287017822, -85.789604187, 23.441444397, -57.4543457031, 6.24890995026, -35.0328102112, 4.67545557022, -22.694732666, 1.95145153999, -13.5806531906, 2.1245033741, -9.02035713196], "cov": [[59614.734375, -2916.89916992, -1140.30859375, 1726.47009277, -2405.87744141, 970.372558594, -1179.96118164, 916.20715332, -798.171142578, 634.278137207, -677.897277832, 519.722839355, -621.497924805], [-2916.89916992, 3550.85473633, -567.401306152, 323.183776855, 519.207458496, -62.8864364624, 122.445579529, -62.5071334839, 289.390441895, -36.0637702942, 310.615905762, -204.169342041, 248.021179199], [-1140.30859375, -567.401306152, 1689.72021484, 419.125, 166.259643555, 217.126556396, 153.812286377, 217.452301025, 60.6487350464, 112.365379333, -27.7230396271, 34.1312828064, -120.197860718], [1726.47009277, 323.183776855, 419.125, 587.143981934, 84.662361145, 126.980300903, 47.0706443787, 153.529342651, 85.1010284424, 97.287979126, 80.6061096191, 19.2640857697, 20.7447509766], [-2405.87744141, 519.207458496, 166.259643555, 84.662361145, 491.730010986, 26.7678928375, 174.309539795, -53.0879096985, 101.913703918, -58.6752700806, 68.5704498291, -54.7305145264, 74.7584152222], [970.372558594, -62.8864364624, 217.126556396, 126.980300903, 26.7678928375, 213.881530762, 40.4172592163, 92.0404586792, 10.0880241394, 44.4555664063, -5.2701625824, 9.72695541382, -28.10414505], [-1179.96118164, 122.445579529, 153.812286377, 47.0706443787, 174.309539795, 40.4172592163, 193.443832397, 24.3127651215, 63.5635108948, -1.48139882088, 33.8164100647, -12.6174545288, 22.2007331848], [916.20715332, -62.5071334839, 217.452301025, 153.529342651, -53.0879096985, 92.0404586792, 24.3127651215, 166.939468384, 46.3837471008, 69.4926300049, 13.9674625397, 29.1929473877, -20.9366436005], [-798.171142578, 289.390441895, 60.6487350464, 85.1010284424, 101.913703918, 10.0880241394, 63.5635108948, 46.3837471008, 160.527435303, 64.8114089966, 72.0948181152, -14.6665716171, 51.1817970276], [634.278137207, -36.0637702942, 112.365379333, 97.287979126, -58.6752700806, 44.4555664063, -1.48139882088, 69.4926300049, 64.8114089966, 131.937011719, 42.541469574, 23.9082202911, -9.98999977112], [-677.897277832, 310.615905762, -27.7230396271, 80.6061096191, 68.5704498291, -5.2701625824, 33.8164100647, 13.9674625397, 72.0948181152, 42.541469574, 133.102890015, 19.7788906097, 56.7033729553], [519.722839355, -204.169342041, 34.1312828064, 19.2640857697, -54.7305145264, 9.72695541382, -12.6174545288, 29.1929473877, -14.6665716171, 23.9082202911, 19.7788906097, 79.4156417847, 11.2198476791], [-621.497924805, 248.021179199, -120.197860718, 20.7447509766, 74.7584152222, -28.10414505, 22.2007331848, -20.9366436005, 51.1817970276, -9.98999977112, 56.7033729553, 11.2198476791, 101.847259521]], "icov": [[3.94086091546e-05, 3.70180146092e-06, 0.000107748892333, -0.000193222615053, 4.38103706983e-05, -0.000116220806376, 8.78056453075e-05, -5.54866492166e-05, 9.45528881857e-05, -0.000134069588967, 0.000256575091043, -0.000192203413462, 0.000120870507089], [3.70180146092e-06, 0.000638228782918, 0.000235386527493, -0.000355448835762, -0.000273328623734, 6.69707242196e-06, 0.000226313713938, -0.000253650650848, -0.000155998088303, 0.000317252881359, -0.00115387234837, 0.00177881633863, -0.000524471746758], [0.000107748892333, 0.000235386527493, 0.00143897882663, -0.00117271975614, -0.000621063343715, -0.000349420617567, -6.36350305285e-05, -0.000770380778704, 4.88879995828e-05, -0.000633258896414, 0.00099267216865, -0.000832241494209, 0.00168869795743], [-0.000193222615053, -0.000355448835762, -0.00117271975614, 0.00415995763615, -0.000705923943315, 9.69370885286e-05, 0.000230679492233, -0.00185820169281, 0.000613361189608, -0.000625365355518, -0.0019214405911, 0.00110900611617, -0.00185417872854], [4.38103706983e-05, -0.000273328623734, -0.000621063343715, -0.000705923943315, 0.00557688483968, -0.00156291900203, -0.00284987594932, 0.0033582879696, -0.00263697421178, 0.00333661795594, -0.000768951023929, 0.000617378856987, -0.000856937724166], [-0.000116220806376, 6.69707242196e-06, -0.000349420617567, 9.69370885286e-05, -0.00156291900203, 0.00766977109015, -0.000906734843738, -0.0035483809188, 0.00209406274371, -0.0019159798976, 0.000280169886537, 0.000931381713599, 7.53585845814e-05], [8.78056453075e-05, 0.000226313713938, -6.36350305285e-05, 0.000230679492233, -0.00284987594932, -0.000906734843738, 0.00905200839043, -0.00204347865656, -0.00129901629407, 0.000557995343115, -0.000482728239149, -1.35048740049e-05, 0.000288813258521], [-5.54866492166e-05, -0.000253650650848, -0.000770380778704, -0.00185820169281, 0.0033582879696, -0.0035483809188, -0.00204347865656, 0.0145444320515, -0.00580103695393, 0.000848325318657, 0.000709806219675, -0.00433117663488, 0.00281989434734], [9.45528881857e-05, -0.000155998088303, 4.88879995828e-05, 0.000613361189608, -0.00263697421178, 0.00209406274371, -0.00129901629407, -0.00580103695393, 0.0179724786431, -0.00987806357443, -0.00152481824625, 0.0063752476126, -0.00736035872251], [-0.000134069588967, 0.000317252881359, -0.000633258896414, -0.000625365355518, 0.00333661795594, -0.0019159798976, 0.000557995343115, 0.000848325318657, -0.00987806357443, 0.0184147618711, -0.00550969783217, -0.00226762448438, 0.00495187146589], [0.000256575091043, -0.00115387234837, 0.00099267216865, -0.0019214405911, -0.000768951023929, 0.000280169886537, -0.000482728239149, 0.000709806219675, -0.00152481824625, -0.00550969783217, 0.018045976758, -0.00833264086396, -0.00207188469358], [-0.000192203413462, 0.00177881633863, -0.000832241494209, 0.00110900611617, 0.000617378856987, 0.000931381713599, -1.35048740049e-05, -0.00433117663488, 0.0063752476126, -0.00226762448438, -0.00833264086396, 0.0256781205535, -0.00941216107458], [0.000120870507089, -0.000524471746758, 0.00168869795743, -0.00185417872854, -0.000856937724166, 7.53585845814e-05, 0.000288813258521, 0.00281989434734, -0.00736035872251, 0.00495187146589, -0.00207188469358, -0.00941216107458, 0.0217455346137]]}, "silence_rate_20dB": {"dvar": 0, "var": 0, "median": 1, "max": 1, "dmean": 0, "dmean2": 0, "mean": 1, "dvar2": 0, "min": 1}, "barkbands_skewness": {"dvar": 0.530257940292, "var": 2.02793693542, "median": 1.61553025246, "max": 14.1520214081, "dmean": 0.687813043594, "dmean2": 1.03424549103, "mean": 1.65741598606, "dvar2": 1.20275092125, "min": -3.89102196693}, "erbbands_skewness": {"dvar": 0.214256972075, "var": 0.585715651512, "median": 0.361126363277, "max": 5.09402942657, "dmean": 0.453920871019, "dmean2": 0.693154573441, "mean": 0.366881519556, "dvar2": 0.508960366249, "min": -2.42790961266}, "spectral_contrast_valleys": {"dvar": [0.231703966856, 0.235356688499, 0.198157399893, 0.214126884937, 0.218752622604, 0.314885944128], "var": [13.115945816, 11.9827489853, 11.0042285919, 10.920375824, 11.7674798965, 11.7232818604], "median": [-6.85011577606, -6.68281650543, -7.56240081787, -7.90465354919, -7.49946022034, -9.34630012512], "max": [-5.28250217438, -4.41070604324, -5.56765794754, -5.81484508514, -5.19992589951, -6.63382291794], "dmean": [0.446483522654, 0.451420366764, 0.401478409767, 0.383420526981, 0.378059625626, 0.459641456604], "dmean2": [0.716999530792, 0.743390083313, 0.655510187149, 0.610515117645, 0.569580376148, 0.629152655602], "mean": [-8.20987129211, -7.45994281769, -8.31878089905, -8.68463611603, -8.39777374268, -10.3850221634], "dvar2": [0.492848455906, 0.53591054678, 0.450221300125, 0.468287289143, 0.445726960897, 0.602587580681], "min": [-28.2951049805, -28.0376548767, -27.7705078125, -27.7226734161, -27.4992904663, -27.4165763855]}, "spectral_strongpeak": {"dvar": 0.232073500752, "var": 0.521088600159, "median": 0.253164023161, "max": 7.35682582855, "dmean": 0.297150105238, "dmean2": 0.501312375069, "mean": 0.523582160473, "dvar2": 0.61020565033, "min": 0}, "erbbands_crest": {"dvar": 7.78383255005, "var": 17.5079040527, "median": 6.64330673218, "max": 29.9094696045, "dmean": 2.72073769569, "dmean2": 4.38550233841, "mean": 7.75140810013, "dvar2": 19.5322818756, "min": 1.78445839882}, "barkbands_crest": {"dvar": 6.67082881927, "var": 13.4846439362, "median": 8.52633285522, "max": 26.4827899933, "dmean": 2.72704768181, "dmean2": 4.41214704514, "mean": 9.22999858856, "dvar2": 17.3422031403, "min": 2.16166377068}, "spectral_energyband_middle_low": {"dvar": 0.00016346485063, "var": 0.000169878054294, "median": 0.00681793317199, "max": 0.124260619283, "dmean": 0.00656211003661, "dmean2": 0.0111584188417, "mean": 0.0105151236057, "dvar2": 0.000457364541944, "min": 1.21333761821e-22}, "spectral_contrast_coeffs": {"dvar": [0.0024698076304, 0.00182244088501, 0.00103534839582, 0.000741974450648, 0.000357032404281, 0.000407743413234], "var": [0.0114322723821, 0.00635433429852, 0.00478606065735, 0.0036405667197, 0.00209811935201, 0.00235848664306], "median": [-0.663744270802, -0.739763379097, -0.772851586342, -0.804156899452, -0.803761899471, -0.786836266518], "max": [-0.322619974613, -0.42946383357, -0.535634815693, -0.573895096779, -0.568801701069, -0.626528501511], "dmean": [0.0556322857738, 0.0514356046915, 0.0389081947505, 0.0305694807321, 0.0220185592771, 0.0205916166306], "dmean2": [0.0927611067891, 0.0855703577399, 0.064417026937, 0.0513158068061, 0.0365938097239, 0.033742044121], "mean": [-0.657427549362, -0.740836799145, -0.772522330284, -0.799430966377, -0.806911408901, -0.789288938046], "dvar2": [0.00674133328721, 0.00499244267121, 0.00279087596573, 0.00203138729557, 0.000965114915743, 0.00103546958417], "min": [-0.981142103672, -0.980982244015, -0.979746758938, -0.973426818848, -0.970503747463, -0.965526759624]}, "hfc": {"dvar": 5783.03515625, "var": 4619.60595703, "median": 13.6571807861, "max": 810.402954102, "dmean": 29.8864574432, "dmean2": 48.1453704834, "mean": 34.5886077881, "dvar2": 15493.6533203, "min": 1.04985260419e-16}, "spectral_energyband_high": {"dvar": 5.78329891141e-05, "var": 4.52744352515e-05, "median": 0.000692403642461, "max": 0.0798685029149, "dmean": 0.0029681250453, "dmean2": 0.00475887069479, "mean": 0.00293427915312, "dvar2": 0.000155064990395, "min": 7.02665454219e-21}, "erbbands_spread": {"dvar": 176.983734131, "var": 692.99041748, "median": 50.5375518799, "max": 155.320983887, "dmean": 12.0049104691, "dmean2": 18.3008213043, "mean": 54.2910194397, "dvar2": 433.624938965, "min": 3.96068120003}, "dissonance": {"dvar": 0.000453272252344, "var": 0.000841132889036, "median": 0.468684762716, "max": 0.500000119209, "dmean": 0.0207105241716, "dmean2": 0.0349144637585, "mean": 0.462633907795, "dvar2": 0.00122000265401, "min": 0.0412189513445}, "spectral_kurtosis": {"dvar": 8.87858963013, "var": 43.3404884338, "median": 2.53449726105, "max": 147.839889526, "dmean": 1.50529432297, "dmean2": 2.46006512642, "mean": 4.13941907883, "dvar2": 23.3337173462, "min": -1.26418673992}, "spectral_skewness": {"dvar": 0.0771241113544, "var": 0.548698186874, "median": 1.35577702522, "max": 9.48131465912, "dmean": 0.234146699309, "dmean2": 0.35739672184, "mean": 1.46819841862, "dvar2": 0.189108669758, "min": -0.0694263651967}, "pitch_salience": {"dvar": 0.00574638880789, "var": 0.0150024928153, "median": 0.606190443039, "max": 0.958376228809, "dmean": 0.0836210921407, "dmean2": 0.135484993458, "mean": 0.596148788929, "dvar2": 0.0148514397442, "min": 0.0251088235527}, "spectral_complexity": {"dvar": 51.3108711243, "var": 158.525695801, "median": 13, "max": 62, "dmean": 5.60279560089, "dmean2": 8.20947170258, "mean": 16.3802661896, "dvar2": 106.105857849, "min": 0}, "spectral_spread": {"dvar": 1418254352380.0, "var": 33052849864700.0, "median": 6390854, "max": 42893060, "dmean": 824435, "dmean2": 1204238, "mean": 7116502, "dvar2": 2668620152830.0, "min": 665025.25}, "dynamic_complexity": 6.49307107925, "melbands_crest": {"dvar": 10.4374790192, "var": 30.6920280457, "median": 12.6803150177, "max": 39.3389968872, "dmean": 3.58993697166, "dmean2": 5.94949102402, "mean": 13.4971342087, "dvar2": 26.6414661407, "min": 1.53702831268}, "zerocrossingrate": {"dvar": 0.000818539701868, "var": 0.00820909440517, "median": 0.07568359375, "max": 0.59765625, "dmean": 0.0244373381138, "dmean2": 0.0284141898155, "mean": 0.0996777713299, "dvar2": 0.00111127272248, "min": 0.0009765625}, "spectral_energyband_low": {"dvar": 0.000138165385579, "var": 0.000268874806352, "median": 0.00615641102195, "max": 0.155408486724, "dmean": 0.00591356540099, "dmean2": 0.0093050096184, "mean": 0.0108480965719, "dvar2": 0.000301042076899, "min": 1.48848933583e-23}, "melbands_kurtosis": {"dvar": 2813.91918945, "var": 2552.05541992, "median": 12.0833263397, "max": 3660.25, "dmean": 11.6170921326, "dmean2": 18.5597991943, "mean": 20.2458763123, "dvar2": 8374.39257813, "min": -1.66627764702}, "spectral_energyband_middle_high": {"dvar": 5.6982339629e-06, "var": 1.559532393e-05, "median": 0.00162986386567, "max": 0.037670891732, "dmean": 0.00145668024197, "dmean2": 0.00233552232385, "mean": 0.00308259576559, "dvar2": 1.43210236274e-05, "min": 1.06830830495e-21}, "barkbands_spread": {"dvar": 156.812545776, "var": 420.92098999, "median": 24.8062229156, "max": 121.665039063, "dmean": 10.7616147995, "dmean2": 15.5157833099, "mean": 29.5640621185, "dvar2": 310.618133545, "min": 0.292926728725}, "mfcc": {"mean": [-677.693725586, 95.106552124, 20.639623642, 19.0457839966, 2.00783276558, 0.978912353516, -1.04292047024, -0.370690941811, -2.62352180481, -0.399087458849, -3.44787096977, -2.31155514717, -0.91960734129], "cov": [[22874.0742188, -0.35456314683, 1476.86022949, 618.054992676, -183.733840942, 116.598350525, -19.9187774658, 178.439712524, 90.7165756226, 228.776107788, 122.663841248, 125.364128113, 23.094625473], [-0.35456314683, 2389.84912109, -309.844604492, 369.490905762, 347.400604248, 126.771003723, 108.448013306, -5.44576883316, 56.3228340149, 107.975090027, 27.7318668365, 23.3437004089, 88.8316955566], [1476.86022949, -309.844604492, 1141.19067383, 314.171966553, 133.137451172, 72.7038574219, 75.751121521, 118.796951294, 52.8062667847, 137.743545532, 121.048492432, 63.4550971985, 14.3376598358], [618.054992676, 369.490905762, 314.171966553, 458.038787842, 190.583084106, 79.1704940796, 88.5874786377, 59.6517486572, 57.0619010925, 75.1614990234, 63.4624824524, 44.713508606, 49.6018638611], [-183.733840942, 347.400604248, 133.137451172, 190.583084106, 255.438751221, 99.3190460205, 73.5563659668, 53.1679878235, 39.5301856995, 56.8995857239, 26.1696338654, 8.24006080627, 24.1645317078], [116.598350525, 126.771003723, 72.7038574219, 79.1704940796, 99.3190460205, 149.307754517, 81.302482605, 38.4313011169, 42.9441452026, 32.1983337402, 22.6319217682, 20.8903522491, 10.9355993271], [-19.9187774658, 108.448013306, 75.751121521, 88.5874786377, 73.5563659668, 81.302482605, 133.14666748, 72.3811187744, 27.7782058716, 25.0519561768, 15.7983579636, 9.50245571136, 9.71955394745], [178.439712524, -5.44576883316, 118.796951294, 59.6517486572, 53.1679878235, 38.4313011169, 72.3811187744, 111.849731445, 44.1491928101, 23.1100978851, 13.8059282303, 9.22869586945, 4.93629264832], [90.7165756226, 56.3228340149, 52.8062667847, 57.0619010925, 39.5301856995, 42.9441452026, 27.7782058716, 44.1491928101, 96.8644790649, 50.5826721191, 25.5113563538, 18.846075058, 7.75195980072], [228.776107788, 107.975090027, 137.743545532, 75.1614990234, 56.8995857239, 32.1983337402, 25.0519561768, 23.1100978851, 50.5826721191, 119.318740845, 67.3318328857, 29.6649246216, 20.513425827], [122.66384124