{"tonal": {"chords_key": "G", "hpcp_entropy": {"dmean": 0.493233799934, "dmean2": 0.826717495918, "max": 3.82913970947, "dvar": 0.193167954683, "mean": 1.60416150093, "dvar2": 0.507066547871, "min": 0, "var": 0.48267558217, "median": 1.64382719994}, "key_key": "G", "chords_strength": {"dmean": 0.00674538547173, "dmean2": 0.0051456601359, "max": 0.79688835144, "dvar": 3.79633165721e-05, "mean": 0.53159558773, "dvar2": 2.77135477518e-05, "min": 0.223535314202, "var": 0.00882490258664, "median": 0.53407561779}, "key_scale": "minor", "chords_number_rate": 0.000762239797041, "thpcp": [1, 0.426176339388, 0.095880202949, 0.0860682651401, 0.13107354939, 0.520188450813, 0.855601131916, 0.509400486946, 0.322328537703, 0.461212515831, 0.271935909986, 0.0989727526903, 0.0998078137636, 0.1009888798, 0.260733485222, 0.348578423262, 0.184611067176, 0.104467734694, 0.139941886067, 0.194656446576, 0.615629434586, 0.930348336697, 0.552359759808, 0.289388567209, 0.285460472107, 0.155834168196, 0.171746969223, 0.243081629276, 0.221229329705, 0.315767258406, 0.378146380186, 0.222016736865, 0.155761197209, 0.19619345665, 0.262234449387, 0.801131665707], "key_strength": 0.820148468018, "tuning_nontempered_energy_ratio": 0.64612197876, "tuning_frequency": 444.085327148, "chords_changes_rate": 0.036177072674, "tuning_diatonic_strength": 0.545442223549, "chords_scale": "minor", "chords_histogram": [22.9316921234, 4.41512775421, 15.1627092361, 5.88683652878, 6.4555850029, 2.33362650871, 1.41893875599, 5.21254777908, 0.480797410011, 13.2981529236, 0.709469377995, 4.50894165039, 0.797420084476, 0.340076237917, 0, 0, 0.181764885783, 0.140721201897, 1.16681325436, 0.246262088418, 0.0058633829467, 0, 8.50190544128, 5.80474948883], "tuning_equal_tempered_deviation": 0.0226201415062, "hpcp": {"dmean": [0.106011755764, 0.103266946971, 0.0754143744707, 0.0706903859973, 0.0564763247967, 0.0321741625667, 0.0294172707945, 0.0332870297134, 0.0531703345478, 0.0597342662513, 0.0462183058262, 0.0368942022324, 0.0413901172578, 0.065697260201, 0.115743644536, 0.115948177874, 0.115583755076, 0.0716988146305, 0.0540057122707, 0.0410653539002, 0.0376619249582, 0.0436298325658, 0.0604482553899, 0.0766200944781, 0.0577336624265, 0.0472852550447, 0.0378940701485, 0.0398640632629, 0.0712582021952, 0.106100656092, 0.0936811938882, 0.0846339389682, 0.0411440320313, 0.0362626351416, 0.0523609519005, 0.0967265069485], "dmean2": [0.169700413942, 0.172585651278, 0.129724875093, 0.114799909294, 0.0933963283896, 0.0569726601243, 0.0515479668975, 0.0578367747366, 0.0883839204907, 0.0975479483604, 0.0783039033413, 0.0657607764006, 0.0731273368001, 0.116817481816, 0.193866595626, 0.186416760087, 0.195388227701, 0.124167621136, 0.0898443758488, 0.0705045089126, 0.0625079199672, 0.0701495558023, 0.103306815028, 0.132114574313, 0.0947914645076, 0.0788553729653, 0.0642907992005, 0.0683753415942, 0.122103214264, 0.17498806119, 0.154652103782, 0.141880497336, 0.0747434124351, 0.06643088907, 0.0943679884076, 0.162255167961], "max": [1, 1, 1, 1, 1, 1, 1, 1, 1, 1, 1, 1, 1, 1, 1, 1, 1, 1, 1, 1, 1, 1, 1, 1, 1, 1, 1, 1, 1, 1, 1, 1, 1, 1, 1, 1], "dvar": [0.0286418609321, 0.024638844654, 0.0183740481734, 0.0206897109747, 0.0133404200897, 0.00880441349, 0.00903580803424, 0.0101714534685, 0.0152799654752, 0.0189174339175, 0.0136312674731, 0.0122232045978, 0.0133028104901, 0.0198249705136, 0.0281789135188, 0.0300997402519, 0.0282712839544, 0.02007089369, 0.0171661861241, 0.0105069866404, 0.00819160509855, 0.0106003731489, 0.0137799186632, 0.0215682368726, 0.0130263436586, 0.0107514169067, 0.00919272378087, 0.0118324458599, 0.018486853689, 0.0271457638592, 0.0274577215314, 0.0218045879155, 0.0132232354954, 0.0127451028675, 0.0165784042329, 0.0235003344715], "mean": [0.306763648987, 0.182638332248, 0.115566328168, 0.165361210704, 0.0974987670779, 0.035485278815, 0.035784676671, 0.0362081304193, 0.0934823006392, 0.124977856874, 0.0661896839738, 0.0374554246664, 0.0501741804183, 0.0697913095355, 0.220725208521, 0.33356320858, 0.198040768504, 0.103756166995, 0.102347806096, 0.0558721348643, 0.0615774393082, 0.0871534720063, 0.0793186426163, 0.1132138744, 0.135579019785, 0.0796009525657, 0.0558459684253, 0.0703423842788, 0.0940204486251, 0.287234395742, 0.358535826206, 0.152799487114, 0.0343764871359, 0.0308585558087, 0.0469945631921, 0.186506196856], "dvar2": [0.06716940552, 0.0690084248781, 0.0509368143976, 0.0498290844262, 0.0356000997126, 0.025164693594, 0.0248533859849, 0.0280078481883, 0.0401785932481, 0.0477719642222, 0.0378795154393, 0.035181928426, 0.0374308265746, 0.0579073019326, 0.0793400779366, 0.0725143700838, 0.0814500972629, 0.0560829900205, 0.0432972870767, 0.0288434568793, 0.0215163640678, 0.0252269078046, 0.0385881736875, 0.0610632114112, 0.0316112414002, 0.0291032996029, 0.0248054061085, 0.0312770344317, 0.0517056211829, 0.0709953531623, 0.067199587822, 0.0611217208207, 0.0382845588028, 0.0368483290076, 0.0480060838163, 0.0645494312048], "min": [0, 0, 0, 0, 0, 0, 0, 0, 0, 0, 0, 0, 0, 0, 0, 0, 0, 0, 0, 0, 0, 0, 0, 0, 0, 0, 0, 0, 0, 0, 0, 0, 0, 0, 0, 0], "var": [0.135183915496, 0.0528440102935, 0.0369951464236, 0.0860082432628, 0.032229013741, 0.00953055080026, 0.0131772318855, 0.010911594145, 0.0385913439095, 0.0642371177673, 0.0202597901225, 0.0120900953189, 0.022015793249, 0.0233408343047, 0.069290228188, 0.133909285069, 0.0573883615434, 0.0408734120429, 0.054566513747, 0.0166886020452, 0.0206594727933, 0.0386874973774, 0.0204872526228, 0.0403142236173, 0.0673583224416, 0.0267977062613, 0.0195246655494, 0.0366424247622, 0.0281203053892, 0.11563706398, 0.167404338717, 0.0441873930395, 0.0105245551094, 0.0120471110567, 0.0162246003747, 0.059522215277], "median": [0.112401939929, 0.0727377012372, 0.0283168442547, 0.0185363125056, 0.0135693782941, 0.00772615149617, 0.00539482152089, 0.00605504587293, 0.00975723844022, 0.0100566660985, 0.00732123479247, 0.00470451684669, 0.00380537263118, 0.0126588791609, 0.100878618658, 0.159320876002, 0.0919711217284, 0.0152512975037, 0.00272519607097, 0.0036395851057, 0.00896956119686, 0.0119854435325, 0.021359693259, 0.0273858867586, 0.0218943748623, 0.0131228789687, 0.00708508864045, 0.00600051647052, 0.0230184141546, 0.0986290574074, 0.118296079338, 0.0461504198611, 0.00323568191379, 0.00141828495543, 0.0055453768, 0.0666200071573]}}, "lowlevel": {"melbands_flatness_db": {"dmean": 0.0165072027594, "dmean2": 0.0252789221704, "max": 0.708769142628, "dvar": 0.000244855240453, "mean": 0.337196677923, "dvar2": 0.000610000628512, "min": 0.00412881979719, "var": 0.00882341805845, "median": 0.330574572086}, "melbands_crest": {"dmean": 2.625852108, "dmean2": 4.17964935303, "max": 38.5735435486, "dvar": 6.28477287292, "mean": 14.5499343872, "dvar2": 17.2027435303, "min": 1.57892823219, "var": 28.1015071869, "median": 13.6304092407}, "spectral_entropy": {"dmean": 0.111371539533, "dmean2": 0.170974716544, "max": 9.80979347229, "dvar": 0.0107495831326, "mean": 6.4447927475, "dvar2": 0.0256133414805, "min": 4.08739852905, "var": 0.325122058392, "median": 6.44993400574}, "melbands": {"dmean": [0.000241898553213, 0.000292653363431, 0.00019828407676, 0.000193511601537, 9.88647225313e-05, 0.000110765446152, 0.000121571130876, 8.57692502905e-05, 7.0374335337e-05, 6.06794747e-05, 5.07614022354e-05, 3.10420327878e-05, 1.9467117454e-05, 2.53179478023e-05, 1.46514848893e-05, 1.37629858727e-05, 1.11611871034e-05, 7.34166087568e-06, 6.97502127878e-06, 4.24086101702e-06, 4.93004836244e-06, 5.50025379198e-06, 7.64219294069e-06, 4.94229516335e-06, 2.79232108369e-06, 8.84164705894e-07, 8.31133434076e-07, 4.89939850468e-07, 3.17655661775e-07, 2.24973007334e-07, 1.51143566995e-07, 1.30720778202e-07, 1.08111329666e-07, 1.14580252841e-07, 9.39872109029e-08, 8.38703186901e-08, 5.27142631768e-08, 3.19007114058e-08, 2.46117242142e-08, 1.5067328718e-08], "dmean2": [0.000412322609918, 0.000475808279589, 0.000328475551214, 0.000301111256704, 0.000151132466272, 0.000163406628417, 0.000184667966096, 0.00013497636246, 0.000114225149446, 0.000102231359051, 8.46614566399e-05, 4.88288096676e-05, 3.19833961839e-05, 4.15023059759e-05, 2.38397133216e-05, 2.11768237932e-05, 1.85140524991e-05, 1.21389275591e-05, 1.1289494978e-05, 6.888509688e-06, 8.263978998e-06, 9.15186501516e-06, 1.28904857775e-05, 8.27417261462e-06, 4.69849283036e-06, 1.48533445099e-06, 1.34792367135e-06, 8.15713804059e-07, 5.14317264333e-07, 3.665111592e-07, 2.52920926869e-07, 2.12135788047e-07, 1.76182169298e-07, 1.8496643861e-07, 1.45481564573e-07, 1.2168229091e-07, 7.75309914047e-08, 4.76604817834e-08, 3.75573279143e-08, 2.27462919611e-08], "max": [0.0764694362879, 0.0913356989622, 0.0546045415103, 0.08903529495, 0.011934960261, 0.0487827993929, 0.0366323851049, 0.0217463653535, 0.0165803432465, 0.0235932450742, 0.0262562874705, 0.00606854679063, 0.00402086414397, 0.006788586732, 0.00586412195116, 0.0113927014172, 0.00815469771624, 0.00290496367961, 0.00510353595018, 0.0022745761089, 0.00224805390462, 0.00141637877095, 0.00258555449545, 0.00163354165852, 0.00077981618233, 0.000208084238693, 0.000801724847406, 0.000646537810098, 0.000409951811889, 0.000304571440211, 0.000209226316656, 0.000159331568284, 0.000111971829028, 0.000255323044257, 0.000213284220081, 0.00025334986276, 0.000122746409033, 5.36151746928e-05, 6.39676654828e-05, 3.62219652743e-05], "dvar": [1.58367174663e-06, 1.67132634488e-06, 9.96598600977e-07, 1.12721818368e-06, 8.69860414809e-08, 2.22566526986e-07, 2.95517963878e-07, 1.51740579213e-07, 1.2674769323e-07, 1.82997354159e-07, 1.8737959806e-07, 1.62039572871e-08, 8.2064035567e-09, 1.85454869239e-08, 7.0754526682e-09, 1.17722693815e-08, 9.15905307153e-09, 2.16670725806e-09, 2.64260080485e-09, 1.1462971683e-09, 7.37093830416e-10, 9.08088215734e-10, 2.93004531748e-09, 1.02429331683e-09, 2.84057943833e-10, 1.98813101399e-11, 3.27048284288e-11, 2.01572369907e-11, 9.42372829077e-12, 4.25898162223e-12, 2.79528700534e-12, 1.36769350186e-12, 8.72317626119e-13, 3.25652764303e-12, 1.46052928866e-12, 1.75945694646e-12, 4.24837492659e-13, 1.06698693934e-13, 1.16900534934e-13, 4.04559300285e-14], "mean": [0.000438641611254, 0.000555167905986, 0.000350103102392, 0.000404504040489, 0.000249565200647, 0.000287554168608, 0.0002810228616, 0.00017753020802, 0.00012383160356, 0.000104292659671, 8.5400257376e-05, 5.6953427702e-05, 3.44972613675e-05, 4.42468117399e-05, 2.55140039371e-05, 2.67099439952e-05, 2.06493623409e-05, 1.2876060282e-05, 1.24658627101e-05, 7.67865458329e-06, 9.46598538576e-06, 1.10791324914e-05, 1.62033175002e-05, 1.10748887892e-05, 5.62104924029e-06, 1.96832570509e-06, 1.89539798612e-06, 1.09380698632e-06, 6.92383423484e-07, 5.08855862336e-07, 3.68351322777e-07, 3.19041674857e-07, 2.8320729939e-07, 2.5638772172e-07, 2.36284350308e-07, 2.16334242964e-07, 1.51655854097e-07, 9.03355470427e-08, 6.35759391798e-08, 4.01894553193e-08], "dvar2": [4.90918318974e-06, 4.79466098113e-06, 2.80958238363e-06, 2.61259151557e-06, 2.17184762619e-07, 4.68237999485e-07, 7.66541802477e-07, 3.90198209743e-07, 3.5442741364e-07, 5.58762565106e-07, 5.61818978895e-07, 4.13852916381e-08, 2.1983304066e-08, 5.1627232267e-08, 1.89787794369e-08, 2.57048746732e-08, 2.64998387678e-08, 6.1158713649e-09, 6.82605083568e-09, 2.94030000347e-09, 2.03864947146e-09, 2.53089771363e-09, 8.27192891961e-09, 2.81724488183e-09, 8.13374867459e-10, 5.60786694859e-11, 8.00177771265e-11, 4.9097229754e-11, 2.78582018565e-11, 9.97620996229e-12, 8.64724437888e-12, 3.77377165975e-12, 2.30528812185e-12, 9.11140433935e-12, 3.60196421301e-12, 3.26753294561e-12, 8.32507619699e-13, 2.18218469011e-13, 2.92604861781e-13, 8.31419080718e-14], "min": [5.87762944983e-24, 1.07989993438e-23, 4.69111717293e-24, 1.31448255513e-23, 8.98740157418e-24, 7.47608528588e-24, 2.10493451391e-24, 7.50646747478e-24, 5.75523373608e-24, 4.79886373967e-24, 6.61335071233e-24, 6.8318746494e-24, 9.65571743333e-24, 8.35685321972e-24, 1.14418271071e-23, 1.4734858325e-23, 8.88125402849e-24, 6.00905407107e-24, 4.75924556728e-24, 3.61775358224e-24, 1.09332382263e-23, 8.96441732284e-24, 8.40745628021e-24, 1.05503314538e-23, 1.16969810114e-23, 1.2794198967e-23, 7.51510155739e-24, 9.41363416532e-24, 7.28777472147e-24, 7.84158820909e-24, 8.97301827329e-24, 9.83828509035e-24, 9.37038723278e-24, 1.12285467284e-23, 9.8793587111e-24, 1.01525814745e-23, 1.11389218744e-23, 8.89064383985e-24, 8.60619953009e-24, 6.8797332628e-24], "var": [2.61732225226e-06, 2.81612778963e-06, 1.31727142616e-06, 2.13801899918e-06, 3.98095778564e-07, 1.98910902327e-06, 9.01861767488e-07, 3.72743613752e-07, 2.44284478867e-07, 2.98195942605e-07, 3.13190241741e-07, 3.99997190925e-08, 1.80547967688e-08, 3.92173618025e-08, 1.36271074425e-08, 3.38037509096e-08, 2.13002699923e-08, 4.44245484843e-09, 6.95074842127e-09, 2.59592125573e-09, 1.99803085188e-09, 2.64103583447e-09, 9.04738151064e-09, 3.76949449432e-09, 7.91686105561e-10, 7.07302480474e-11, 1.61216248684e-10, 7.62204188653e-11, 2.47713984741e-11, 1.39217908035e-11, 1.34234758725e-11, 6.5985823576e-12, 5.26866744677e-12, 8.17947966303e-12, 5.27695161873e-12, 7.40425949719e-12, 3.33609550575e-12, 8.28849738409e-13, 6.17157204248e-13, 2.36053581196e-13], "median": [5.64161091461e-05, 0.000103939251858, 8.93181859283e-05, 0.0001066072291, 5.25018804183e-05, 3.13041527988e-05, 3.6499248381e-05, 1.81727918971e-05, 9.28102963371e-06, 6.3012503233e-06, 5.56624218007e-06, 4.77771664009e-06, 1.87813702723e-06, 1.46591241901e-06, 1.05160711428e-06, 7.87735530139e-07, 7.3284707014e-07, 4.60249054868e-07, 3.73758837213e-07, 2.32696706348e-07, 2.28706511507e-07, 1.69836283703e-07, 9.02561012595e-08, 6.73002489293e-08, 5.35288009473e-08, 3.14145438551e-08, 2.31546479768e-08, 1.15089662245e-08, 8.40780423061e-09, 5.18898435331e-09, 2.2220860707e-09, 2.02327310461e-09, 1.7049062162e-09, 8.9706564399e-10, 6.97025104301e-10, 4.5752659994e-10, 3.52164908346e-10, 2.32622116014e-10, 1.89833704312e-10, 1.4905826573e-10]}, "silence_rate_60dB": {"dmean": 0.0355352275074, "dmean2": 0.0710725411773, "max": 1, "dvar": 0.0342728234828, "mean": 0.530491352081, "dvar2": 0.0788108855486, "min": 0, "var": 0.248992264271, "median": 1}, "spectral_energyband_middle_high": {"dmean": 0.000601788109634, "dmean2": 0.000942359969486, "max": 0.16763022542, "dvar": 6.89906983098e-06, "mean": 0.0023213387467, "dvar2": 1.76326575456e-05, "min": 1.47984358439e-21, "var": 6.79643271724e-05, "median": 0.000151021435158}, "erbbands_skewness": {"dmean": 0.298113465309, "dmean2": 0.455269724131, "max": 8.14484977722, "dvar": 0.0694618225098, "mean": 0.733587503433, "dvar2": 0.166123181581, "min": -3.6485440731, "var": 0.700080037117, "median": 0.659511327744}, "dynamic_complexity": 8.65722465515, "dissonance": {"dmean": 0.0295787323266, "dmean2": 0.0498646087945, "max": 0.500000119209, "dvar": 0.000699725991581, "mean": 0.417711883783, "dvar2": 0.00194990762975, "min": 0.135435685515, "var": 0.00231992267072, "median": 0.425575017929}, "spectral_skewness": {"dmean": 0.505996406078, "dmean2": 0.877526402473, "max": 11.0484132767, "dvar": 0.224828779697, "mean": 3.40169835091, "dvar2": 0.661165058613, "min": -0.0381588302553, "var": 2.52908086777, "median": 2.96497941017}, "spectral_kurtosis": {"dmean": 7.45193624496, "dmean2": 12.9581327438, "max": 176.202987671, "dvar": 65.9873046875, "mean": 25.1647834778, "dvar2": 192.846801758, "min": -1.1955729723, "var": 492.549957275, "median": 17.5294208527}, "gfcc": {"cov": [[14773.7519531, -631.590270996, -3012.21411133, 858.637817383, -1125.32128906, 363.774230957, -459.441955566, 416.411437988, -75.3053436279, 19.31615448, 147.261947632, 39.0508613586, -112.688598633], [-631.590270996, 1215.2590332, 511.680938721, -276.328430176, 200.202362061, -131.663009644, 130.506637573, -138.844604492, 66.133140564, -70.4078292847, 24.0953006744, -126.978935242, 39.0577697754], [-3012.21411133, 511.680938721, 1643.90185547, -177.41204834, 293.391448975, 22.759765625, 147.696731567, -16.2494487762, 41.2890129089, -17.8753051758, -72.3589477539, -19.8932723999, -47.8189353943], [858.637817383, -276.328430176, -177.41204834, 362.810516357, -18.0939006805, 93.230140686, -39.4746704102, 57.361530304, -17.3648872375, 18.516544342, 4.92348527908, 17.7486457825, -2.66678595543], [-1125.32128906, 200.202362061, 293.391448975, -18.0939006805, 305.39831543, 14.2520742416, 70.9081497192, -33.8352165222, 26.3701858521, -0.0634764507413, -3.10496640205, -13.2440347672, 13.496591568], [363.774230957, -131.663009644, 22.759765625, 93.230140686, 14.2520742416, 186.747543335, 24.142999649, 55.309967041, -3.76670861244, 13.4881782532, -1.61163330078, 9.77948760986, -7.27272319794], [-459.441955566, 130.506637573, 147.696731567, -39.4746704102, 70.9081497192, 24.142999649, 148.707977295, 23.0573310852, 23.0489940643, 2.00141763687, -0.3734126091, -9.12183952332, 3.65174031258], [416.411437988, -138.844604492, -16.2494487762, 57.361530304, -33.8352165222, 55.309967041, 23.0573310852, 148.085708618, 34.5694618225, 7.62732601166, 1.58362412453, 29.2282600403, -24.0808601379], [-75.3053436279, 66.133140564, 41.2890129089, -17.3648872375, 26.3701858521, -3.76670861244, 23.0489940643, 34.5694618225, 90.5193252563, 33.0843315125, 22.5341110229, -0.804056763649, 3.02152872086], [19.31615448, -70.4078292847, -17.8753051758, 18.516544342, -0.0634764507413, 13.4881782532, 2.00141763687, 7.62732601166, 33.0843315125, 92.2416229248, 34.7762145996, 11.2879362106, -1.82874977589], [147.261947632, 24.0953006744, -72.3589477539, 4.92348527908, -3.10496640205, -1.61163330078, -0.3734126091, 1.58362412453, 22.5341110229, 34.7762145996, 83.7115783691, 28.7071495056, 11.9711151123], [39.0508613586, -126.978935242, -19.8932723999, 17.7486457825, -13.2440347672, 9.77948760986, -9.12183952332, 29.2282600403, -0.804056763649, 11.2879362106, 28.7071495056, 83.7758636475, 20.9079551697], [-112.688598633, 39.0577697754, -47.8189353943, -2.66678595543, 13.496591568, -7.27272319794, 3.65174031258, -24.0808601379, 3.02152872086, -1.82874977589, 11.9711151123, 20.9079551697, 83.2488021851]], "mean": [-189.898666382, 170.57963562, -102.602851868, 2.07149577141, -37.7146148682, -11.5781402588, -25.1578178406, -5.51688766479, -13.486038208, -8.92690944672, -7.24693393707, -4.80314254761, -6.53347539902], "icov": [[0.000275125406915, -0.000601472333074, 0.000493096536957, -0.000451142637758, 0.000665933417622, -0.000647090782877, 0.000568884017412, -0.000621944258455, 0.000232922495343, -0.000328366731992, 0.000357603770681, -0.00060285901418, 0.000638362951577], [-0.000601472333074, 0.00349635118619, -0.0016096701147, 0.00163037038874, -0.0017740362091, 0.00213367911056, -0.00215248274617, 0.0022207647562, -0.0018036091933, 0.00305347889662, -0.00354768452235, 0.00476689543575, -0.00267063174397], [0.000493096536957, -0.0016096701147, 0.00189440348186, -0.000604525906965, 0.000569466908928, -0.00152508285828, 0.000793961749878, -0.00107425777242, 0.000362871098332, -0.00116402411368, 0.002217319794, -0.00250917952508, 0.00219294242561], [-0.000451142637758, 0.00163037038874, -0.000604525906965, 0.00469063874334, -0.00177979341242, -0.000248722935794, 4.65937409899e-05, -0.000251489313086, 0.000481747323647, 0.000356216070941, -0.00133309466764, 0.00223741331138, -0.00176045042463], [0.000665933417622, -0.0017740362091, 0.000569466908928, -0.00177979341242, 0.00635316595435, -0.00209439825267, -0.000162265801919, 0.000290293537546, -0.000883863598574, -0.00056666857563, 0.00109854456969, -0.00197507394478, 0.00123967265245], [-0.000647090782877, 0.00213367911056, -0.00152508285828, -0.000248722935794, -0.00209439825267, 0.00892300158739, -0.00266202143393, -0.000838409992866, 0.00098364870064, 0.00023036118364, -0.00174363248516, 0.00300670461729, -0.00230268971063], [0.000568884017412, -0.00215248274617, 0.000793961749878, 4.65937409899e-05, -0.000162265801919, -0.00266202143393, 0.0105972252786, -0.00420327018946, 0.000901160528883, -0.00173800240736, 0.00102387811057, -0.000623769708909, 0.000289077230264], [-0.000621944258455, 0.0022207647562, -0.00107425777242, -0.000251489313086, 0.000290293537546, -0.000838409992866, -0.00420327018946, 0.0143559984863, -0.00786940101534, 0.00378149142489, 0.000533826532774, -0.00334512721747, 0.00283987470903], [0.000232922495343, -0.0018036091933, 0.000362871098332, 0.000481747323647, -0.000883863598574, 0.00098364870064, 0.000901160528883, -0.00786940101534, 0.0187669824809, -0.00724366679788, -0.00193974829745, 0.00199166173115, -0.00176282145549], [-0.000328366731992, 0.00305347889662, -0.00116402411368, 0.000356216070941, -0.00056666857563, 0.00023036118364, -0.00173800240736, 0.00378149142489, -0.00724366679788, 0.0178308617324, -0.00791170820594, 0.00310305110179, -0.000239250337472], [0.000357603770681, -0.00354768452235, 0.002217319794, -0.00133309466764, 0.00109854456969, -0.00174363248516, 0.00102387811057, 0.000533826532774, -0.00193974829745, -0.00791170820594, 0.0216906368732, -0.011524126865, 0.00283034821041], [-0.00060285901418, 0.00476689543575, -0.00250917952508, 0.00223741331138, -0.00197507394478, 0.00300670461729, -0.000623769708909, -0.00334512721747, 0.00199166173115, 0.00310305110179, -0.011524126865, 0.024686448276, -0.00932651106268], [0.000638362951577, -0.00267063174397, 0.00219294242561, -0.00176045042463, 0.00123967265245, -0.00230268971063, 0.000289077230264, 0.00283987470903, -0.00176282145549, -0.000239250337472, 0.00283034821041, -0.00932651106268, 0.0177332535386]]}, "spectral_complexity": {"dmean": 1.12205708027, "dmean2": 1.90658533573, "max": 59, "dvar": 1.72736763954, "mean": 8.19320964813, "dvar2": 4.50424814224, "min": 0, "var": 74.0342941284, "median": 6}, "spectral_flux": {"dmean": 0.00707670347765, "dmean2": 0.0118296025321, "max": 0.504084706306, "dvar": 0.000144303980051, "mean": 0.0328502804041, "dvar2": 0.000388898362871, "min": 1.03532828144e-10, "var": 0.00171262561344, "median": 0.0175434425473}, "spectral_energyband_low": {"dmean": 0.00146537623368, "dmean2": 0.00242932816036, "max": 0.43098911643, "dvar": 4.04079692089e-05, "mean": 0.00316568952985, "dvar2": 0.000118954485515, "min": 7.67116932556e-23, "var": 8.51934892125e-05, "median": 0.000636198325083}, "spectral_decrease": {"dmean": 7.52419737626e-10, "dmean2": 1.20589493946e-09, "max": 5.97216611836e-29, "dvar": 6.23055887945e-18, "mean": -2.9844786642e-09, "dvar2": 1.68422277609e-17, "min": -1.32673420694e-07, "var": 4.23246581137e-17, "median": -7.24563964383e-10}, "barkbands_spread": {"dmean": 1.71406912804, "dmean2": 2.6930501461, "max": 134.731063843, "dvar": 5.06274271011, "mean": 8.92938232422, "dvar2": 13.0708055496, "min": 0.226584285498, "var": 62.2439613342, "median": 6.83929443359}, "spectral_rms": {"dmean": 0.00028977135662, "dmean2": 0.000448500330094, "max": 0.0225555412471, "dvar": 2.34892567619e-07, "mean": 0.00246804160997, "dvar2": 6.18896422111e-07, "min": 3.23382228114e-12, "var": 5.52820893063e-06, "median": 0.00166055175941}, "spectral_centroid": {"dmean": 69.6469039917, "dmean2": 107.986877441, "max": 11349.1962891, "dvar": 13874.9150391, "mean": 600.847961426, "dvar2": 26671.0195312, "min": 111.273384094, "var": 150046.140625, "median": 483.260681152}, "barkbands_skewness": {"dmean": 0.405915439129, "dmean2": 0.635858118534, "max": 29.9236526489, "dvar": 0.246623933315, "mean": 1.38668358326, "dvar2": 0.695071280003, "min": -3.69370532036, "var": 1.18608653545, "median": 1.25843787193}, "spectral_rolloff": {"dmean": 122.001304626, "dmean2": 210.088577271, "max": 18626.2207031, "dvar": 96688.9453125, "mean": 673.181335449, "dvar2": 228022.828125, "min": 21.533203125, "var": 574599.75, "median": 495.263671875}, "erbbands_spread": {"dmean": 3.25444674492, "dmean2": 4.99585485458, "max": 168.142486572, "dvar": 13.6619033813, "mean": 19.5541439056, "dvar2": 32.9567718506, "min": 1.00361204147, "var": 114.732933044, "median": 18.0193824768}, "barkbands": {"dmean": [0.000204389201826, 0.000875507947057, 0.000589756877162, 0.000437074224465, 0.000769543170463, 0.000559662643354, 0.000589121249504, 0.000406392588047, 0.00038705294719, 0.000315070268698, 0.000162266078405, 0.00021087739151, 0.000118874464533, 0.00010503239173, 9.60556208156e-05, 5.50084441784e-05, 0.000105643492134, 0.000118571020721, 3.69347799278e-05, 1.64661396411e-05, 7.69632333686e-06, 5.35509616384e-06, 5.067794973e-06, 3.00093620353e-06, 1.16391674965e-06, 4.13121426845e-07, 2.61207077301e-07], "dmean2": [0.00034815640538, 0.00146836100612, 0.000970995228272, 0.000730045663659, 0.00119801121764, 0.000832829624414, 0.000912408926524, 0.000647663895506, 0.000650141795631, 0.000508418306708, 0.000266211951384, 0.000341765553458, 0.000184808232007, 0.000176367844688, 0.000155890200404, 9.05989509192e-05, 0.000174370899913, 0.000198084206204, 6.19924758212e-05, 2.70325108431e-05, 1.25114484035e-05, 8.52971425047e-06, 7.74171803641e-06, 4.16671537096e-06, 1.62092078426e-06, 5.29624855972e-07, 3.51154113787e-07], "max": [0.0482585541904, 0.331651002169, 0.107149764895, 0.140935957432, 0.317808002234, 0.199947312474, 0.195594057441, 0.105111241341, 0.123136892915, 0.125742867589, 0.0289225764573, 0.069159090519, 0.0834411680698, 0.0800068154931, 0.054653480649, 0.0238005518913, 0.0339864082634, 0.0426275506616, 0.0108220810071, 0.0154538974166, 0.0114993732423, 0.00656793406233, 0.0134321590886, 0.00714959483594, 0.00204218435101, 0.000713646819349, 0.00079284759704], "dvar": [7.98845974259e-07, 1.84246673598e-05, 7.78544563218e-06, 5.36612014912e-06, 1.49681891344e-05, 4.43108092441e-06, 8.33123885968e-06, 4.09184531236e-06, 6.38046276435e-06, 4.58234399048e-06, 5.42358691291e-07, 1.42526539548e-06, 6.96806466749e-07, 8.60340151121e-07, 4.16229880784e-07, 1.44016112813e-07, 3.50642977764e-07, 6.34035643543e-07, 4.05988309637e-08, 1.32971358369e-08, 5.76049208334e-09, 2.07655270756e-09, 4.38755476395e-09, 1.18330079069e-09, 1.34545388719e-10, 3.66874412794e-11, 5.29906778179e-11], "mean": [0.00034986747778, 0.00159578118473, 0.000916456221603, 0.000660436984617, 0.00172224116977, 0.0014606048353, 0.00128316984046, 0.000723136297893, 0.00066771794809, 0.000535141327418, 0.000268989853794, 0.000366072228644, 0.000228945355047, 0.000184272692422, 0.000171122082975, 0.000104906081106, 0.000212564918911, 0.000269354262855, 8.10550991446e-05, 4.19832613261e-05, 2.04557636607e-05, 1.57863105414e-05, 1.44569994518e-05, 9.95274422166e-06, 3.706530606e-06, 1.22391304558e-06, 4.49569341754e-07], "dvar2": [2.30209093388e-06, 5.61032866244e-05, 2.16274384002e-05, 1.51746771735e-05, 3.50698974216e-05, 9.72139332589e-06, 2.17061369767e-05, 1.12623938548e-05, 1.92974075617e-05, 1.32311924972e-05, 1.43528359331e-06, 3.92023184759e-06, 1.56149860686e-06, 2.55248801295e-06, 1.11636666134e-06, 3.82095834084e-07, 9.8520422398e-07, 1.75992988716e-06, 1.14408052809e-07, 3.24670708096e-08, 1.5071684345e-08, 5.4634892166e-09, 1.02783239697e-08, 2.16908735418e-09, 2.80546252895e-10, 6.20961546072e-11, 8.30237961713e-11], "min": [9.53213132848e-24, 2.03841941899e-23, 4.98326115955e-24, 8.67799376107e-24, 5.65739297462e-23, 4.68717452501e-23, 1.7430504901e-23, 3.70572111839e-23, 3.68147973831e-23, 5.387716141e-23, 5.99012630029e-23, 8.4581262361e-23, 1.27451144638e-22, 1.06980469205e-22, 6.10601249162e-23, 1.10957072852e-22, 1.34284926753e-22, 2.05950907887e-22, 3.07391528809e-22, 2.8606590486e-22, 3.07925959984e-22, 4.43952439181e-22, 7.37950725406e-22, 8.72224797433e-22, 8.81898731242e-22, 1.38266197932e-21, 2.35061546412e-21], "var": [2.5777267183e-06, 2.89120107482e-05, 1.07989135358e-05, 6.50371066513e-06, 2.97439692076e-05, 3.59745827154e-05, 2.14514675463e-05, 8.5560250227e-06, 1.09393422463e-05, 7.85229622124e-06, 1.10658629637e-06, 3.0080268516e-06, 1.99953501578e-06, 1.78859431799e-06, 1.06249467535e-06, 3.72291736994e-07, 9.7011957223e-07, 2.3847335342e-06, 1.36704073839e-07, 9.15595350648e-08, 2.5111024371e-08, 1.51155212791e-08, 2.37263915182e-08, 1.32844686362e-08, 1.48795098465e-09, 2.30611196805e-10, 1.19448589908e-10], "median": [2.6597033866e-05, 0.000231419922784, 0.000155130037456, 0.000129135034513, 0.000473109481391, 0.000191487517441, 0.000162243697559, 4.45940968348e-05, 3.97406111006e-05, 4.37980270362e-05, 1.27561434056e-05, 1.24575572045e-05, 7.48596539779e-06, 6.16892566541e-06, 5.28297459823e-06, 2.51713345278e-06, 3.31553133037e-06, 1.49403319938e-06, 1.2184782463e-06, 4.42158125225e-07, 2.23996323712e-07, 1.01621964177e-07, 4.30767386206e-08, 2.4445760971e-08, 1.49508032621e-08, 7.39405514594e-09, 4.46581438496e-08]}, "melbands_kurtosis": {"dmean": 4.0638012886, "dmean2": 6.46602106094, "max": 2240.56958008, "dvar": 581.982666016, "mean": 9.45893764496, "dvar2": 1785.11999512, "min": -1.79755246639, "var": 825.649780273, "median": 5.49321746826}, "erbbands_crest": {"dmean": 2.28379559517, "dmean2": 3.57184362411, "max": 32.6757278442, "dvar": 4.42223072052, "mean": 11.2464666367, "dvar2": 11.2852478027, "min": 2.4457423687, "var": 20.688375473, "median": 10.298707962}, "melbands_skewness": {"dmean": 0.44774928689, "dmean2": 0.689129769802, "max": 37.9945678711, "dvar": 0.304998874664, "mean": 1.96992182732, "dvar2": 0.838018774986, "min": -2.74386429787, "var": 1.71506428719, "median": 1.78134357929}, "spectral_energyband_middle_low": {"dmean": 0.00201850850135, "dmean2": 0.00317806820385, "max": 0.328005701303, "dvar": 4.93915213156e-05, "mean": 0.00678487634286, "dvar2": 0.000129484353238, "min": 2.31957190686e-22, "var": 0.000239382061409, "median": 0.00161205756012}, "spectral_contrast_coeffs": {"dmean": [0.0386025495827, 0.0349060036242, 0.0296206194907, 0.0232065171003, 0.0167752504349, 0.0115234134719], "dmean2": [0.0636793151498, 0.0564448907971, 0.0475444272161, 0.0385022647679, 0.0280000045896, 0.0191644020379], "max": [-0.228584632277, -0.356195926666, -0.466192632914, -0.496654480696, -0.518274903297, -0.616692185402], "dvar": [0.00101769738831, 0.000821872323286, 0.000578015169594, 0.000344118860085, 0.000186645134818, 8.88681606739e-05], "mean": [-0.653839766979, -0.719588875771, -0.752954542637, -0.789446592331, -0.797197759151, -0.798709571362], "dvar2": [0.00283097242936, 0.00219717435539, 0.0015196321765, 0.000937135075219, 0.000501931528561, 0.000238438369706], "min": [-0.967728734016, -0.963708460331, -0.954922735691, -0.958883941174, -0.958532035351, -0.96409034729], "var": [0.00653951568529, 0.00470997625962, 0.00414946582168, 0.00383859197609, 0.00377617985941, 0.00231729843654], "median": [-0.6586124897, -0.725469648838, -0.756853103638, -0.792068719864, -0.80478566885, -0.800104439259]}, "spectral_contrast_valleys": {"dmean": [0.328508853912, 0.268914282322, 0.237398922443, 0.194848150015, 0.139568015933, 0.126735642552], "dmean2": [0.552142798901, 0.441251039505, 0.395651966333, 0.328533381224, 0.231358677149, 0.198802441359], "max": [-4.94058465958, -4.46724796295, -4.96687221527, -5.57984018326, -5.52689886093, -7.63990306854], "dvar": [0.0792389437556, 0.0549648851156, 0.0421062596142, 0.0297433845699, 0.0207996815443, 0.0231544803828], "mean": [-8.19534778595, -7.74950361252, -8.7565612793, -9.54655456543, -10.0656433105, -13.2176742554], "dvar2": [0.204688444734, 0.132031410933, 0.101670011878, 0.0682552754879, 0.0396304577589, 0.0409035906196], "min": [-27.5061149597, -27.6707668304, -27.4083385468, -27.4468402863, -27.397895813, -27.1834526062], "var": [1.38667714596, 1.7671816349, 1.83399689198, 1.67443394661, 1.81024420261, 1.47761118412], "median": [-8.11314201355, -7.71737098694, -8.81986713409, -9.64677238464, -10.1986961365, -13.5116939545]}, "silence_rate_20dB": {"dmean": 5.86389905948e-05, "dmean2": 0.000117281415442, "max": 1, "dvar": 5.86353016843e-05, "mean": 0.99994134903, "dvar2": 0.000117266667075, "min": 0, "var": 5.86335845583e-05, "median": 1}, "silence_rate_30dB": {"dmean": 0.00603981595486, "dmean2": 0.0120799858123, "max": 1, "dvar": 0.00600218353793, "mean": 0.980591058731, "dvar2": 0.0142250237986, "min": 0, "var": 0.0190259963274, "median": 1}, "spectral_strongpeak": {"dmean": 0.210347399116, "dmean2": 0.350659757853, "max": 15.5076503754, "dvar": 0.318699479103, "mean": 0.503486216068, "dvar2": 0.874915540218, "min": 0, "var": 0.721601188183, "median": 0.223561033607}, "spectral_spread": {"dmean": 216999.765625, "dmean2": 359773.375, "max": 40602164, "dvar": 110692016128, "mean": 2193172, "dvar2": 191434637312, "min": 579034.4375, "var": 1076992737280.0, "median": 2094255}, "barkbands_flatness_db": {"dmean": 0.0150191849098, "dmean2": 0.0232148785144, "max": 0.549277245998, "dvar": 0.00020913525077, "mean": 0.232723489404, "dvar2": 0.000543014262803, "min": 0.0285088364035, "var": 0.00477652112022, "median": 0.227274596691}, "pitch_salience": {"dmean": 0.0588277764618, "dmean2": 0.0946494042873, "max": 0.862554848194, "dvar": 0.00267686671577, "mean": 0.551265358925, "dvar2": 0.00727264769375, "min": 0.0710796043277, "var": 0.0125451274216, "median": 0.563642323017}, "erbbands_kurtosis": {"dmean": 1.05078995228, "dmean2": 1.61860489845, "max": 119.418273926, "dvar": 2.91745448112, "mean": 1.67290425301, "dvar2": 6.37505531311, "min": -1.88474774361, "var": 15.5105600357, "median": 0.609406471252}, "average_loudness": 0.00112049398012, "barkbands_crest": {"dmean": 2.02621936798, "dmean2": 3.2181854248, "max": 25.5155544281, "dvar": 3.62087416649, "mean": 10.6736602783, "dvar2": 9.7819519043, "min": 2.61455321312, "var": 16.5481185913, "median": 9.84858512878}, "hfc": {"dmean": 1.35203802586, "dmean2": 2.08445501328, "max": 356.460968018, "dvar": 28.3102226257, "mean": 7.12038087845, "dvar2": 72.1477813721, "min": 1.11423028456e-16, "var": 479.475219727, "median": 0.877451181412}, "barkbands_kurtosis": {"dmean": 2.69283914566, "dmean2": 4.36538171768, "max": 1107.98352051, "dvar": 142.868530273, "mean": 5.4803442955, "dvar2": 433.838012695, "min": -1.88678467274, "var": 172.421585083, "median": 3.07667422295}, "erbbands": {"dmean": [0.0282213762403, 0.200171768665, 0.613040626049, 1.12591075897, 2.01430726051, 2.88804268837, 3.03908228874, 4.98396348953, 7.54040956497, 7.9844121933, 8.83860397339, 9.29788589478, 10.2960863113, 7.58473300934, 6.17722129822, 9.22366046906, 5.29213523865, 5.7223238945, 4.61743450165, 3.47514820099, 3.47655200958, 4.64208936691, 6.91117620468, 3.14362192154, 1.17962288857, 0.716383576393, 0.390362650156, 0.240633398294, 0.19331265986, 0.178375899792, 0.141991063952, 0.0869467109442, 0.0378698296845, 0.0168653223664, 0.00683194631711, 0.00226677348837, 0.000716004287824, 0.000267365481704, 5.00615387864e-05, 4.4434677875e-06], "dmean2": [0.049340441823, 0.330856114626, 0.995730936527, 1.87469422817, 3.23984646797, 4.4495511055, 4.64293575287, 7.34139966965, 11.3260583878, 12.5215187073, 14.3550739288, 15.582447052, 17.1806812286, 11.9662485123, 10.1401958466, 14.8923559189, 8.28245258331, 9.32271289825, 7.55144929886, 5.64564085007, 5.76843070984, 7.6342420578, 11.6011419296, 5.25224351883, 1.94691479206, 1.1767282486, 0.629404246807, 0.389378041029, 0.312514722347, 0.283575952053, 0.21069265902, 0.124302737415, 0.054852925241, 0.0244696326554, 0.0096617443487, 0.0030762294773, 0.000940915662795, 0.000364979496226, 6.72600363032e-05, 6.72379383104e-06], "max": [8.95723724365, 84.0479125977, 133.768966675, 311.780731201, 728.434875488, 1095.16943359, 440.007293701, 2530.99658203, 2074.38305664, 2450.25, 2401.53466797, 3669.23706055, 5325.32226562, 1417.1875, 1529.31054688, 3430.70385742, 3253.33276367, 3484.32128906, 2268.43603516, 2394.75415039, 1454.37451172, 1294.92089844, 2569.85986328, 804.458312988, 448.987762451, 852.358215332, 595.075561523, 394.760559082, 282.106872559, 348.027679443, 334.629577637, 227.292739868, 85.7273178101, 38.1614379883, 11.7852373123, 4.77949810028, 1.4304047823, 0.706803679466, 0.145433574915, 0.00453854631633], "dvar": [0.0266701672226, 0.919238865376, 7.59527492523, 37.1151275635, 114.001472473, 172.44203186, 92.8630981445, 522.847717285, 1009.39465332, 1437.86743164, 2205.19824219, 4062.07324219, 7706.91845703, 947.489440918, 970.623901367, 3067.11669922, 1159.5826416, 2017.11572266, 836.381103516, 738.180603027, 345.768768311, 702.476867676, 2312.14526367, 340.827270508, 34.6788291931, 33.2701263428, 13.9017181396, 6.96263885498, 3.19752168655, 4.52420425415, 2.97298288345, 1.21283745766, 0.169998899102, 0.0379487872124, 0.00442021526396, 0.000891326984856, 0.00013294540986, 4.04620004701e-05, 1.96193036572e-06, 1.60620394762e-09], "mean": [0.0424253679812, 0.37168264389, 1.08011555672, 1.82892525196, 3.90661692619, 6.22620677948, 7.44783592224, 12.9804611206, 17.7219314575, 16.893699646, 15.8155250549, 16.7360115051, 17.731180191, 14.481461525, 11.3864631653, 16.1084747314, 10.8782320023, 11.4133615494, 8.74424648285, 6.87976026535, 7.50577497482, 11.2152690887, 15.947924614, 7.33705282211, 2.98547673225, 1.88311004639, 1.03065121174, 0.693983852863, 0.55795609951, 0.479541420937, 0.411903202534, 0.279437512159, 0.123335376382, 0.0541929006577, 0.0208996329457, 0.00678892759606, 0.00197323854081, 0.000597642618231, 8.60052969074e-05, 1.61081552505e-05], "dvar2": [0.0835371986032, 2.78922176361, 21.1036396027, 105.443733215, 286.351654053, 404.381378174, 230.673797607, 1081.86584473, 2587.69897461, 3675.27246094, 6171.51660156, 12389.4707031, 23176.1855469, 2423.88208008, 2596.00024414, 8369.3671875, 2659.51196289, 5793.97265625, 2315.34228516, 1902.28808594, 939.097961426, 1969.140625, 6569.46679688, 969.121154785, 93.3799285889, 83.1120147705, 40.4444274902, 19.1418476105, 8.63794231415, 11.9120016098, 5.91002893448, 1.98723757267, 0.346962273121, 0.0788188576698, 0.00914515089244, 0.00191870634444, 0.000239151297137, 6.256087363e-05, 3.14960402648e-06, 2.74952838275e-09], "min": [3.89618274871e-22, 6.57037396148e-21, 1.01503736863e-20, 2.60132082153e-20, 1.02759794467e-19, 2.11082132985e-19, 2.6217569648e-19, 3.11529815469e-19, 1.19332396814e-19, 5.90378241923e-19, 7.53437305848e-19, 6.72165311399e-19, 1.36038351015e-18, 1.69060838295e-18, 3.05173480468e-18, 3.611658738e-18, 5.9442737374e-18, 5.20253881417e-18, 3.7213523998e-18, 3.27139633866e-18, 7.97809248799e-18, 8.33525253287e-18, 1.1090928643e-17, 1.47656305378e-17, 1.60297279499e-17, 1.30565769577e-17, 1.15136874192e-17, 1.55228515228e-17, 1.8087781438e-17, 1.9954097769e-17, 1.75984031897e-17, 1.75733627782e-17, 1.22805566389e-17, 9.73474204046e-18, 6.55138832466e-18, 5.32911978177e-18, 2.70655419622e-18, 1.1385576581e-18, 3.54012183218e-19, 3.38946012476e-20], "var": [0.0376689508557, 1.37301957607, 12.5059871674, 47.2112846375, 179.561721802, 378.634185791, 429.179199219, 5056.84716797, 3465.52172852, 3466.3894043, 4134.05566406, 6806.32861328, 12877.0576172, 2459.9909668, 2199.86499023, 6090.11572266, 3276.62255859, 5051.97802734, 2043.75085449, 1992.66540527, 1181.00048828, 2776.79272461, 8461.99707031, 1226.67260742, 171.312683105, 179.318450928, 50.1624412537, 37.0292625427, 21.1532421112, 20.1183853149, 18.2471370697, 11.1612567902, 1.75539076328, 0.381465494633, 0.0479702726007, 0.00630992092192, 0.000636887678411, 0.000122338315123, 4.23123674409e-06, 4.3910715064e-09], "median": [0.00406451150775, 0.0572097674012, 0.200281351805, 0.391593158245, 1.07430922985, 1.4603946209, 1.3960711956, 1.35849273205, 2.33430838585, 1.89949810505, 1.22557258606, 1.13530862331, 1.22909772396, 1.26535344124, 0.615520715714, 0.588636517525, 0.457469820976, 0.463776469231, 0.326266407967, 0.257350832224, 0.207603961229, 0.157130613923, 0.0998468399048, 0.0752885192633, 0.0443426221609, 0.0236439723521, 0.0135771688074, 0.00604158267379, 0.00375026138499, 0.00230865180492, 0.0011830200674, 0.000645943335257, 0.000334761512931, 0.000193083978957, 9.35686693992e-05, 3.42017046933e-05, 1.41525943036e-05, 2.48274445767e-05, 1.08229860416e-05, 3.69711278836e-06]}, "spectral_energy": {"dmean": 0.00293677859008, "dmean2": 0.00470268819481, "max": 0.521471261978, "dvar": 9.42785482039e-05, "mean": 0.011909882538, "dvar2": 0.000254022714216, "min": 1.0719046625e-20, "var": 0.000691597582772, "median": 0.00282636797056}, "zerocrossingrate": {"dmean": 0.0030821