{"metadata": {"audio_properties": {"downmix": "mix", "bit_rate": 192000, "lossless": false, "md5_encoded": "6a0df8a8cb7b321c7f7ea31c6730c53a", "analysis_sample_rate": 44100, "sample_rate": 44100, "replay_gain": -3.61065292358, "equal_loudness": 0, "codec": "mp3", "length": 330.266113281}, "tags": {"album": ["Chrysalis"], "artist": ["2002"], "musicbrainz_recordingid": ["e8db3031-4dad-43b4-8bee-ba78904e2573"], "albumartist": ["2002"], "title": ["06-Journey Within"], "tracknumber": ["6"], "date": ["1997"], "file_name": "328172.mp3"}, "version": {"essentia_build_sha": "70f2e5ece6736b2c40cc944ad0e695b16b925413", "essentia_git_sha": "v2.1_beta2", "extractor": "music 1.0", "essentia": "2.1-beta2"}}, "tonal": {"chords_scale": "minor", "hpcp": {"dmean": [0.00580965587869, 0.0124831311405, 0.064755782485, 0.115677334368, 0.0978259146214, 0.0431548282504, 0.00931853987277, 0.0151136415079, 0.0230794399977, 0.0192533452064, 0.0284184087068, 0.0460629016161, 0.0770179703832, 0.0585594139993, 0.0144751807675, 0.00533852353692, 0.0217630602419, 0.084043905139, 0.0999331250787, 0.100179754198, 0.0210110805929, 0.0110833253711, 0.0214296672493, 0.0373238511384, 0.0413508601487, 0.0462450645864, 0.0867752507329, 0.0785709396005, 0.0845893770456, 0.022026270628, 0.00860696285963, 0.0143842864782, 0.048230510205, 0.0431865826249, 0.0547135695815, 0.0177461653948], "dvar2": [0.000833698024508, 0.00305283465423, 0.0211494751275, 0.0518697872758, 0.0456211529672, 0.021908948198, 0.00442246673629, 0.0116526130587, 0.00992634892464, 0.011092483066, 0.0116471471265, 0.0142515068874, 0.0406253635883, 0.0272752474993, 0.00295104389079, 0.00120371696539, 0.00593877909705, 0.0286354199052, 0.0462838448584, 0.0338809378445, 0.00671617919579, 0.0148064531386, 0.0375525727868, 0.0459364280105, 0.0287773758173, 0.0483679547906, 0.0276837591082, 0.0389857776463, 0.030030887574, 0.00946293398738, 0.00748478528112, 0.014264983125, 0.0331163033843, 0.0301653239876, 0.0354970060289, 0.00970266573131], "mean": [0.00551319587976, 0.0115134725347, 0.116428487003, 0.278422653675, 0.208716362715, 0.0605326555669, 0.0411216318607, 0.0250238757581, 0.0668904110789, 0.118750654161, 0.0701309293509, 0.0829019397497, 0.164914354682, 0.109828844666, 0.0189664512873, 0.00625478569418, 0.0240395963192, 0.253622919321, 0.477210909128, 0.267501473427, 0.0273462254554, 0.00893515907228, 0.0180749483407, 0.0658870115876, 0.0966953188181, 0.0637901648879, 0.235062777996, 0.453031718731, 0.255847305059, 0.0231729988009, 0.00874891225249, 0.012380618602, 0.119012124836, 0.23544870317, 0.139782100916, 0.0174997206777], "var": [0.000192486564629, 0.000905360735487, 0.0176989547908, 0.0822815075517, 0.0536467805505, 0.0185787454247, 0.0332510396838, 0.0135954804718, 0.0293080005795, 0.0876344144344, 0.0241884980351, 0.012130221352, 0.0504800416529, 0.0273423362523, 0.00138834386598, 0.00026030515437, 0.00214267312549, 0.0597289204597, 0.149230524898, 0.0481353215873, 0.002607220551, 0.00319058308378, 0.00797203928232, 0.026575230062, 0.0421800389886, 0.0206477064639, 0.0522478073835, 0.167563319206, 0.0594606697559, 0.0027358783409, 0.00144938100129, 0.00259825191461, 0.0434295013547, 0.143584534526, 0.055004041642, 0.00251461262815], "dmean2": [0.0103797316551, 0.0221208687872, 0.103866271675, 0.185774445534, 0.159959793091, 0.0721621960402, 0.0166773200035, 0.0239801015705, 0.0352971330285, 0.0307661741972, 0.0447612330317, 0.074531942606, 0.124590300024, 0.0953100472689, 0.0247271377593, 0.00937634147704, 0.0377035327256, 0.134021982551, 0.158164963126, 0.158822819591, 0.0361457765102, 0.0208421256393, 0.0405245311558, 0.0654608756304, 0.0689314231277, 0.0815253853798, 0.131706655025, 0.121859572828, 0.1309941113, 0.0384525470436, 0.0153721207753, 0.026189468801, 0.0792889520526, 0.0723903253675, 0.0898730009794, 0.0311194155365], "dvar": [0.000263988826191, 0.00101880752482, 0.00801987666637, 0.021931014955, 0.0168678220361, 0.00833777710795, 0.00179756642319, 0.00477870181203, 0.00433731079102, 0.00506003946066, 0.00481665367261, 0.00544618628919, 0.0157559253275, 0.010494238697, 0.00104206148535, 0.00040821658331, 0.0020883041434, 0.0107066277415, 0.0204420313239, 0.0131940841675, 0.00234438106418, 0.00437869457528, 0.0106635382399, 0.013640451245, 0.0106722284108, 0.0151997022331, 0.0120826130733, 0.0177311766893, 0.0127252992243, 0.00324836955406, 0.00230150017887, 0.00400702981278, 0.0107816364616, 0.0116499178112, 0.0119725186378, 0.00295639014803], "min": [0, 0, 0, 0, 0, 0, 0, 0, 0, 0, 0, 0, 0, 0, 0, 0, 0, 0, 0, 0, 0, 0, 0, 0, 0, 0, 0, 0, 0, 0, 0, 0, 0, 0, 0, 0], "median": [0.000945169420447, 0.00184425804764, 0.068855650723, 0.174728140235, 0.123217992485, 0.0116316899657, 0.000559038249776, 0.000620350358076, 0.00152004440315, 0.00282848486677, 0.00693521369249, 0.0378860756755, 0.0654607489705, 0.0384261831641, 0.00473035080358, 0.00275275460444, 0.00728922849521, 0.160786569118, 0.371128290892, 0.228153854609, 0.0118289561942, 0.00102977128699, 0.000578278035391, 0.00403499277309, 0.010370194912, 0.0136640286073, 0.164411455393, 0.335222303867, 0.189146593213, 0.0075935581699, 0.00205241306685, 0.00212939619087, 0.00575224962085, 0.0112417330965, 0.00793902482837, 0.00253062020056], "max": [0.355245858431, 0.519367039204, 1, 1, 1, 1, 1, 1, 1, 1, 1, 0.892760634422, 1, 1, 0.924362659454, 0.82802605629, 0.820584952831, 1, 1, 1, 1, 1, 1, 1, 1, 1, 1, 1, 1, 1, 1, 1, 1, 1, 1, 0.982908129692]}, "tuning_equal_tempered_deviation": 0.0153716141358, "chords_key": "D#", "chords_strength": {"dmean": 0.0062914849259, "dvar2": 0.000526442832779, "mean": 0.565026760101, "var": 0.0234226342291, "dmean2": 0.00447976915166, "dvar": 0.000298793747788, "min": -1, "median": 0.582074582577, "max": 0.792861700058}, "tuning_diatonic_strength": 0.459189862013, "thpcp": [1, 0.56055188179, 0.0573042742908, 0.0187237113714, 0.0378762260079, 0.138066858053, 0.202625960112, 0.133672893047, 0.492576301098, 0.949332296848, 0.536130487919, 0.0485592409968, 0.0183334294707, 0.0259437039495, 0.249391034245, 0.493384987116, 0.29291471839, 0.0366708301008, 0.0115529540926, 0.0241265911609, 0.243976995349, 0.58343732357, 0.437367111444, 0.126846760511, 0.0861707702279, 0.0524377711117, 0.140169486403, 0.248843118548, 0.146960034966, 0.173721805215, 0.345579594374, 0.230147391558, 0.0397443808615, 0.0131069626659, 0.0503752045333, 0.531469225883], "chords_histogram": [54.1965408325, 11.3173065186, 0.351469129324, 10.473780632, 0, 14.6351747513, 0.0843525901437, 0.14058765769, 0, 0, 0, 0, 0, 0, 0, 0, 0.154646426439, 0, 0.070293828845, 0.520174324512, 1.74328696728, 0, 3.23351621628, 3.07886958122], "tuning_nontempered_energy_ratio": 0.625486135483, "tuning_frequency": 437.718536377, "key_strength": 0.598145604134, "chords_changes_rate": 0.0213693231344, "key_scale": "minor", "hpcp_entropy": {"dmean": 0.416287750006, "dvar2": 0.367377191782, "mean": 1.59697031975, "var": 0.307936400175, "dmean2": 0.708370506763, "dvar": 0.135815709829, "min": 0, "median": 1.61647725105, "max": 3.42070865631}, "key_key": "D#", "chords_number_rate": 0.00098411354702}, "lowlevel": {"melbands_skewness": {"dmean": 0.439823269844, "dvar2": 0.369621813297, "mean": 1.61918616295, "var": 0.931882560253, "dmean2": 0.702713310719, "dvar": 0.138985171914, "min": -2.21652984619, "median": 1.5058093071, "max": 8.02590560913}, "melbands_kurtosis": {"dmean": 2.40056943893, "dvar2": 20.3401756287, "mean": 4.72397136688, "var": 43.2731552124, "dmean2": 3.84822964668, "dvar": 7.97362279892, "min": -1.74154400826, "median": 2.62047433853, "max": 81.7831573486}, "barkbands_kurtosis": {"dmean": 1.43633699417, "dvar2": 6.44901132584, "mean": 2.10184812546, "var": 10.8098955154, "dmean2": 2.33534598351, "dvar": 2.42623806, "min": -1.77439558506, "median": 1.09190940857, "max": 29.3450927734}, "hfc": {"dmean": 4.72401046753, "dvar2": 73.7640914917, "mean": 20.0094890594, "var": 107.619255066, "dmean2": 7.82882118225, "dvar": 26.296295166, "min": 1.05592225701e-16, "median": 19.1362800598, "max": 83.6719360352}, "silence_rate_20dB": {"dmean": 0, "dvar2": 0, "mean": 1, "var": 0, "dmean2": 0, "dvar": 0, "min": 1, "median": 1, "max": 1}, "erbbands_flatness_db": {"dmean": 0.0153615642339, "dvar2": 0.000520774454344, "mean": 0.294316530228, "var": 0.00140980223659, "dmean2": 0.0252775680274, "dvar": 0.000190975930309, "min": 0.0407277494669, "median": 0.294180423021, "max": 0.508086025715}, "spectral_flux": {"dmean": 0.0153241707012, "dvar2": 0.000584455847275, "mean": 0.0695946291089, "var": 0.000892758311238, "dmean2": 0.0257873833179, "dvar": 0.000206783675821, "min": 6.31727170575e-11, "median": 0.0698098689318, "max": 0.195133000612}, "spectral_energyband_low": {"dmean": 0.00209560384974, "dvar2": 2.76883019978e-05, "mean": 0.00900758057833, "var": 0.000103089114418, "dmean2": 0.00306300190277, "dvar": 1.22030805869e-05, "min": 1.15355792814e-23, "median": 0.00514900265262, "max": 0.0691594853997}, "spectral_rolloff": {"dmean": 152.083328247, "dvar2": 199097.65625, "mean": 1093.68395996, "var": 3284802.5, "dmean2": 272.186004639, "dvar": 85721.875, "min": 129.19921875, "median": 925.927734375, "max": 19638.28125}, "spectral_entropy": {"dmean": 0.0937075540423, "dvar2": 0.0191230569035, "mean": 6.27097892761, "var": 0.170960336924, "dmean2": 0.150281310081, "dvar": 0.00752253038809, "min": 4.28139543533, "median": 6.25893163681, "max": 9.82167816162}, "spectral_energy": {"dmean": 0.0071164262481, "dvar2": 0.000138555653393, "mean": 0.040205989033, "var": 0.000338590762112, "dmean2": 0.0115873450413, "dvar": 5.04628187628e-05, "min": 1.00874893805e-20, "median": 0.039948951453, "max": 0.141075953841}, "spectral_centroid": {"dmean": 97.82371521, "dvar2": 37572.5976562, "mean": 847.820556641, "var": 1103535.25, "dmean2": 159.44921875, "dvar": 16264.9765625, "min": 292.000213623, "median": 699.047424316, "max": 11867.8964844}, "barkbands_flatness_db": {"dmean": 0.0192039646208, "dvar2": 0.000687143299729, "mean": 0.285201430321, "var": 0.00128823320847, "dmean2": 0.0328716337681, "dvar": 0.000235002109548, "min": 0.0538833253086, "median": 0.284856915474, "max": 0.482882410288}, "spectral_rms": {"dmean": 0.000535930914339, "dvar2": 6.56160239032e-07, "mean": 0.00600981665775, "var": 3.10747918775e-06, "dmean2": 0.000869455921929, "dvar": 2.36569221101e-07, "min": 3.13710906211e-12, "median": 0.00624296301976, "max": 0.0117317978293}, "melbands": {"dmean": [0.000179222595762, 0.000398100499297, 0.000749248836655, 0.000436992617324, 0.000239048298681, 0.000197343702894, 0.000169815219124, 0.000136368515086, 0.00031902952469, 0.000192682520719, 0.000139918047353, 0.000294303172268, 0.000195152606466, 0.00019916461315, 0.000109178145067, 3.15740762744e-05, 1.22296250993e-05, 7.89163004811e-06, 1.21180446513e-05, 4.48159789812e-06, 7.66696575738e-06, 1.71918254637e-05, 3.5980785924e-06, 3.17055855703e-06, 2.00168005904e-06, 1.41459508995e-06, 2.70904024546e-06, 3.13147438646e-07, 3.79681182494e-07, 3.53718007773e-07, 2.73077972679e-07, 2.71584212896e-07, 1.86248485079e-07, 7.3726056371e-08, 2.7464636787e-08, 3.28692308926e-08, 2.47213916005e-09, 6.88791468306e-10, 1.78598177913e-11, 1.48901516117e-11], "dvar2": [3.90990720689e-07, 1.38305165365e-06, 3.7849358705e-06, 1.05539857032e-06, 4.27526600788e-07, 1.16752651991e-07, 9.66099378275e-08, 8.12339209233e-08, 7.80828543157e-07, 2.63516199084e-07, 1.18774138969e-07, 7.19227728041e-07, 2.39447814465e-07, 3.86756084936e-07, 1.08008755717e-07, 1.17267981992e-08, 4.67335370402e-09, 4.75828765278e-10, 1.09680331484e-09, 2.57475984977e-10, 9.77309788652e-10, 5.12994047241e-09, 1.04201251794e-10, 1.00207606102e-10, 3.78182520022e-11, 1.18817941597e-11, 5.71205929778e-11, 2.15961797057e-12, 1.8267898045e-12, 9.83251674525e-13, 7.43826170362e-13, 1.37785843932e-12, 1.13813212327e-12, 1.05174868109e-13, 1.40268046202e-14, 5.04698178052e-14, 1.20984402539e-16, 2.73001713294e-17, 1.78313785801e-21, 1.10905280662e-21], "mean": [0.000707177445292, 0.00176580611151, 0.00241506984457, 0.00173824769445, 0.000875781290233, 0.000826784584206, 0.000468401558464, 0.000330877694068, 0.000646293628961, 0.000376183073968, 0.000229730721912, 0.000455844332464, 0.000302135420498, 0.000302482658299, 0.000165642413776, 5.4877025832e-05, 2.20459114644e-05, 1.35009613587e-05, 1.83064967132e-05, 7.63500520407e-06, 1.241438531e-05, 2.59416228801e-05, 6.25177108304e-06, 6.41917813482e-06, 3.86400688512e-06, 2.71384101325e-06, 4.29734291174e-06, 5.26554572389e-07, 6.15563124029e-07, 6.894185276e-07, 5.06059166128e-07, 4.02226390861e-07, 2.34065140603e-07, 1.1816830181e-07, 3.95118284757e-08, 3.98383335209e-08, 3.22924686991e-09, 9.89615500657e-10, 1.5097733827e-11, 1.23681525091e-11], "var": [1.77886397523e-06, 6.28746238363e-06, 4.84445763504e-06, 2.50087759923e-06, 1.16267710837e-06, 7.34885020393e-07, 2.18909562477e-07, 1.26842692794e-07, 7.29380587927e-07, 2.45782501906e-07, 9.25637877458e-08, 3.97891341208e-07, 1.18326916265e-07, 2.1441016429e-07, 5.98788005846e-08, 1.28548007794e-08, 2.74167888392e-09, 5.0497911408e-10, 8.5785351045e-10, 2.14319312297e-10, 5.75755887411e-10, 2.80318657175e-09, 7.28461457822e-11, 1.03528949302e-10, 2.72538259322e-11, 1.02042324243e-11, 3.7362904437e-11, 2.07574625891e-12, 1.18188683666e-12, 9.96279230989e-13, 6.2892611041e-13, 6.82738099996e-13, 3.77965183023e-13, 6.16878645604e-14, 7.50141102528e-15, 1.94409714564e-14, 6.39795087052e-17, 1.92373408051e-17, 5.97096165035e-22, 3.00993854246e-22], "dmean2": [0.000243274305831, 0.000564117217436, 0.00120142067317, 0.000680364726577, 0.000338380981702, 0.000272863777354, 0.00024139333982, 0.000205977456062, 0.000504816824105, 0.000303515756968, 0.000223096838454, 0.000487453798996, 0.000332021503709, 0.00033272721339, 0.00018230616115, 4.72692954645e-05, 1.95396914933e-05, 1.24696352941e-05, 1.96500513994e-05, 7.37528489481e-06, 1.29250211103e-05, 2.96861053357e-05, 6.04151364314e-06, 5.10846166435e-06, 3.27659859067e-06, 2.32674574363e-06, 4.49828985438e-06, 5.02927548496e-07, 6.3678510287e-07, 5.75523699808e-07, 4.56555625306e-07, 4.8250404916e-07, 3.42391814456e-07, 1.2572667174e-07, 4.84534901091e-08, 5.93961004824e-08, 3.96923427459e-09, 1.13450338013e-09, 3.27257561328e-11, 2.75656927839e-11], "dvar": [2.19768736542e-07, 6.88605950927e-07, 1.29336353893e-06, 3.59484459977e-07, 1.77101938448e-07, 5.87053428092e-08, 4.58064732811e-08, 3.2965512986e-08, 2.94147071145e-07, 1.03412752139e-07, 4.60158346982e-08, 2.51763196957e-07, 8.31678121926e-08, 1.43061143376e-07, 3.77298192689e-08, 5.11578779339e-09, 1.59643975817e-09, 2.03699515589e-10, 4.42943376422e-10, 9.90026879921e-11, 3.45116518696e-10, 1.75012371262e-09, 3.8254694551e-11, 3.88733108203e-11, 1.45114528033e-11, 4.46782107838e-12, 2.12347535389e-11, 9.02203279533e-13, 6.76265467237e-13, 3.80836990633e-13, 2.71931376071e-13, 4.47002108722e-13, 3.29298166426e-13, 3.68726960586e-14, 4.699200725e-15, 1.54938927899e-14, 4.59712209784e-17, 9.93058863101e-18, 6.04963468531e-22, 3.48899799298e-22], "min": [1.88037914357e-24, 9.81525686002e-25, 1.35280405712e-24, 1.63674546805e-24, 1.16771352432e-24, 1.33791943513e-24, 1.63793260511e-24, 1.40491492662e-24, 1.70113061881e-24, 2.0258736907e-24, 2.81122593983e-24, 1.93853889988e-24, 2.19089589789e-24, 2.68612818026e-24, 3.01692122365e-24, 2.26619839054e-24, 1.73157059177e-24, 1.22917712871e-24, 2.60304475808e-24, 3.82427855051e-24, 3.19308076632e-24, 2.37857497914e-24, 2.43765316677e-24, 3.15480484077e-24, 5.01379796519e-24, 4.4829647846e-24, 3.29325012685e-24, 4.42123523547e-24, 4.5680974702e-24, 5.41560663385e-24, 4.87960128673e-24, 4.4459407813e-24, 4.40428774222e-24, 5.74955472643e-24, 5.89045987803e-24, 5.47745372325e-24, 4.92355937738e-24, 6.66060426941e-24, 5.99273529996e-24, 6.60481799834e-24], "median": [5.76875754632e-06, 0.000368811539374, 0.00187306571752, 0.00147197442129, 0.000447095691925, 0.000519601569977, 0.000332994852215, 0.00021131883841, 0.00035044903052, 0.000208046199987, 0.000116311872262, 0.00022342633747, 0.000199424655875, 0.000128385610878, 7.29258972569e-05, 1.62854648806e-05, 7.28038867237e-06, 6.08529717283e-06, 7.95134201326e-06, 2.19977005145e-06, 4.51705409432e-06, 6.97263749316e-06, 3.43120882462e-06, 2.75705338026e-06, 2.0275863335e-06, 1.61348145866e-06, 1.75735272023e-06, 1.14101958104e-07, 2.56289780509e-07, 3.1680065149e-07, 1.7716298828e-07, 1.19442034929e-07, 3.78442273075e-08, 4.79492641148e-08, 1.10524958075e-08, 4.66038141411e-09, 1.87549337172e-10, 2.12969017421e-11, 6.38200386635e-12, 5.51438929242e-12], "max": [0.00999534968287, 0.0169533509761, 0.0285464525223, 0.0128569174558, 0.0103550972417, 0.00559928687289, 0.00442610681057, 0.00349269644357, 0.0125310756266, 0.00724799372256, 0.00320745701902, 0.00845977943391, 0.00461695250124, 0.00574683118612, 0.00295188720338, 0.00179068290163, 0.00147476280108, 0.000373577175196, 0.000364830397302, 0.000207118398976, 0.000398276286433, 0.000834508624393, 0.000155892004841, 0.000171308260178, 8.64764733706e-05, 4.32430242654e-05, 8.279686881e-05, 3.04209042952e-05, 1.64796183526e-05, 1.0808676052e-05, 7.85672182246e-06, 1.5481518858e-05, 8.33311605675e-06, 4.21220511271e-06, 1.23464087665e-06, 3.01154500448e-06, 1.57704633352e-07, 9.00294168105e-08, 5.80539671891e-10, 2.48689263627e-10]}, "barkbands_crest": {"dmean": 1.62957572937, "dvar2": 6.35057210922, "mean": 9.35735034943, "var": 8.91599464417, "dmean2": 2.64036226273, "dvar": 2.31499695778, "min": 3.5977640152, "median": 8.84302806854, "max": 23.9149932861}, "mfcc": {"icov": [[0.0116788037121, -0.0161748826504, 0.0155165418983, -0.0149480225518, 0.0141771929339, -0.0124811613932, 0.0121144205332, -0.0100708175451, 0.00863916613162, -0.00693991407752, 0.00581138208508, -0.00541985081509, 0.00539127038792], [-0.0161748826504, 0.023275161162, -0.0208565648645, 0.0201333649457, -0.0200454778969, 0.0174430217594, -0.0173745788634, 0.0133835198358, -0.0115985507146, 0.00997297465801, -0.00773612130433, 0.00737736467272, -0.00752072921023], [0.0155165418983, -0.0208565648645, 0.0241602044553, -0.0217034947127, 0.018132166937, -0.0166467335075, 0.0146658690646, -0.0149660278112, 0.0125626353547, -0.00890594068915, 0.00841736700386, -0.00766003271565, 0.00677520316094], [-0.0149480225518, 0.0201333649457, -0.0217034947127, 0.024451829493, -0.0185759924352, 0.0136343706399, -0.0155551210046, 0.0140071203932, -0.0125258751214, 0.00932424888015, -0.00696552870795, 0.00822963099927, -0.00622018938884], [0.0141771929339, -0.0200454778969, 0.018132166937, -0.0185759924352, 0.02126744017, -0.0164391361177, 0.015619341284, -0.0129152107984, 0.00929282046854, -0.0107559645548, 0.00656743627042, -0.00801166612655, 0.00524142710492], [-0.0124811613932, 0.0174430217594, -0.0166467335075, 0.0136343706399, -0.0164391361177, 0.0210267044604, -0.013551001437, 0.0100466609001, -0.00986533518881, 0.00762073183432, -0.00669501442462, 0.00673476653174, -0.00457057356834], [0.0121144205332, -0.0173745788634, 0.0146658690646, -0.0155551210046, 0.015619341284, -0.013551001437, 0.017160050571, -0.0117123825476, 0.00766827724874, -0.00846365839243, 0.00596134923398, -0.00636126659811, 0.00588690955192], [-0.0100708175451, 0.0133835198358, -0.0149660278112, 0.0140071203932, -0.0129152107984, 0.0100466609001, -0.0117123825476, 0.0156845618039, -0.00643933517858, 0.00656851101667, -0.00744027504697, 0.00570448022336, -0.00642882660031], [0.00863916613162, -0.0115985507146, 0.0125626353547, -0.0125258751214, 0.00929282046854, -0.00986533518881, 0.00766827724874, -0.00643933517858, 0.0125000681728, -0.0048581501469, 0.00358524522744, -0.00553689384833, 0.00392102217302], [-0.00693991407752, 0.00997297465801, -0.00890594068915, 0.00932424888015, -0.0107559645548, 0.00762073183432, -0.00846365839243, 0.00656851101667, -0.0048581501469, 0.0114836758003, -0.00308389449492, 0.00411602295935, -0.00420577451587], [0.00581138208508, -0.00773612130433, 0.00841736700386, -0.00696552870795, 0.00656743627042, -0.00669501442462, 0.00596134923398, -0.00744027504697, 0.00358524522744, -0.00308389449492, 0.0085833305493, -0.00276935496368, 0.00402801996097], [-0.00541985081509, 0.00737736467272, -0.00766003271565, 0.00822963099927, -0.00801166612655, 0.00673476653174, -0.00636126659811, 0.00570448022336, -0.00553689384833, 0.00411602295935, -0.00276935496368, 0.00879617780447, -0.00155379017815], [0.00539127038792, -0.00752072921023, 0.00677520316094, -0.00622018938884, 0.00524142710492, -0.00457057356834, 0.00588690955192, -0.00642882660031, 0.00392102217302, -0.00420577451587, 0.00402801996097, -0.00155379017815, 0.0102443080395]], "mean": [-711.492004395, 211.177764893, -41.7947731018, 21.6313877106, -29.860294342, -5.14270114899, -4.70816707611, 8.24304294586, -14.0055532455, -18.2313156128, -5.57985544205, -10.2416238785, -4.89308547974], "cov": [[5153.54150391, 2131.29321289, -669.459777832, 273.782623291, -335.263183594, 120.982070923, -172.342178345, 18.4807605743, -196.163619995, -144.712005615, -139.252197266, -111.766952515, -148.880569458], [2131.29321289, 1645.45385742, 76.9144058228, 225.804580688, 259.352905273, 108.565994263, 273.885345459, 200.901977539, 35.799243927, 15.5897769928, -7.88153266907, 32.7367744446, 57.7821083069], [-669.459777832, 76.9144058228, 663.134521484, 280.341339111, 252.403579712, 161.492950439, 273.122650146, 209.229431152, 35.7004165649, 63.518787384, 2.98672533035, 12.4693517685, 70.8213348389], [273.782623291, 225.804580688, 280.341339111, 432.902618408, 195.139816284, 191.183609009, 162.652862549, 59.6138381958, 117.499526978, 27.9097137451, -8.71378993988, -13.7378730774, -3.64154529572], [-335.263183594, 259.352905273, 252.403579712, 195.139816284, 578.473937988, 164.248046875, 152.26789856, 145.074432373, 146.257537842, 153.167572021, 52.0585289001, 84.4748916626, 98.4899215698], [120.982070923, 108.565994263, 161.492950439, 191.183609009, 164.248046875, 240.735916138, 117.354942322, 74.236656189, 81.6314697266, 31.0415248871, 35.4526367188, -5.68604755402, -5.47242689133], [-172.342178345, 273.885345459, 273.122650146, 162.652862549, 152.26789856, 117.354942322, 415.975219727, 153.879623413, 90.6538925171, 62.7377624512, 33.2313270569, 42.4542350769, 26.3053073883], [18.4807605743, 200.901977539, 209.229431152, 59.6138381958, 145.074432373, 74.236656189, 153.879623413, 296.173614502, -10.7793836594, 32.9463768005, 84.2381591797, -18.855474472, 73.5855712891], [-196.163619995, 35.799243927, 35.7004165649, 117.499526978, 146.257537842, 81.6314697266, 90.6538925171, -10.7793836594, 262.81072998, 27.9433612823, 34.6257476807, 74.7670593262, -11.4141874313], [-144.712005615, 15.5897769928, 63.518787384, 27.9097137451, 153.167572021, 31.0415248871, 62.7377624512, 32.9463768005, 27.9433612823, 192.29838562, -1.6244508028, 2.98499155045, 51.9892120361], [-139.252197266, -7.88153266907, 2.98672533035, -8.71378993988, 52.0585289001, 35.4526367188, 33.2313270569, 84.2381591797, 34.6257476807, -1.6244508028, 229.406494141, 12.6573925018, -19.0205631256], [-111.766952515, 32.7367744446, 12.4693517685, -13.7378730774, 84.4748916626, -5.68604755402, 42.4542350769, -18.855474472, 74.7670593262, 2.98499155045, 12.6573925018, 212.139816284, -15.9148988724], [-148.880569458, 57.7821083069, 70.8213348389, -3.64154529572, 98.4899215698, -5.47242689133, 26.3053073883, 73.5855712891, -11.4141874313, 51.9892120361, -19.0205631256, -15.9148988724, 178.343719482]]}, "spectral_decrease": {"dmean": 1.78936832018e-09, "dvar2": 8.76562054352e-18, "mean": -1.01718882206e-08, "var": 2.19071721112e-17, "dmean2": 2.90931945202e-09, "dvar": 3.20193529429e-18, "min": -3.64379637574e-08, "median": -1.00914760992e-08, "max": 1.77373211167e-21}, "zerocrossingrate": {"dmean": 0.00336173945107, "dvar2": 4.91108949063e-05, "mean": 0.0373037941754, "var": 0.00231983559206, "dmean2": 0.00460693333298, "dvar": 2.63106176135e-05, "min": 0.00634765625, "median": 0.03125, "max": 0.5322265625}, "spectral_contrast_coeffs": {"dmean": [0.0349046364427, 0.0362828671932, 0.0425001718104, 0.0336132124066, 0.0268625020981, 0.0597504712641], "dvar2": [0.00243161222897, 0.00222273077816, 0.00305154919624, 0.00185044878162, 0.00117964192759, 0.00629779649898], "mean": [-0.463731199503, -0.656588315964, -0.651050209999, -0.602421939373, -0.581841349602, -0.642212569714], "var": [0.0179964210838, 0.00609535584226, 0.00544254202396, 0.00538712088019, 0.00522988662124, 0.0063266963698], "dmean2": [0.0588824041188, 0.0581388920546, 0.0692354366183, 0.0541098453104, 0.0421414338052, 0.106673017144], "dvar": [0.000839327170979, 0.00086156843463, 0.00112525967415, 0.000714107824024, 0.000504418916535, 0.00206078588963], "min": [-0.983811438084, -0.991221129894, -0.976586043835, -0.988555490971, -0.972709476948, -0.965178728104], "median": [-0.424312055111, -0.657029211521, -0.649948775768, -0.600349903107, -0.575114250183, -0.639190196991], "max": [-0.215425536036, -0.327046453953, -0.392704963684, -0.366037964821, -0.391266733408, -0.395013153553]}, "spectral_skewness": {"dmean": 0.76146531105, "dvar2": 1.11322915554, "mean": 2.5896320343, "var": 0.751167118549, "dmean2": 1.35785675049, "dvar": 0.353818565607, "min": -0.0996235460043, "median": 2.50744771957, "max": 6.94221735001}, "spectral_energyband_middle_high": {"dmean": 0.00379996141419, "dvar2": 6.05238310527e-05, "mean": 0.00872936844826, "var": 4.28231724072e-05, "dmean2": 0.00634052883834, "dvar": 2.14527972275e-05, "min": 1.05441506339e-21, "median": 0.00743644312024, "max": 0.0704213380814}, "gfcc": {"icov": [[0.000995816080831, -0.00294212508015, 0.0021368986927, -0.00122044980526, 0.00131132954266, -0.00102331361268, 0.000294654601021, 0.000423843914177, -0.000185917917406, 0.00089160510106, -5.44634385733e-05, 0.000888420734555, -0.000200676760869], [-0.00294212508015, 0.0102983620018, -0.00638722535223, 0.00411418732256, -0.00620867172256, 0.00497595546767, -0.00349722197279, 0.000907056266442, -0.0010692164069, 0.000199583475478, -0.00170905410778, -0.00155277654994, 0.000210763988434], [0.0021368986927, -0.00638722535223, 0.0067252246663, -0.0037630116567, 0.00214447872713, -0.00361260399222, 0.00143847509753, -0.000770707672928, 0.00171175063588, 0.00146780221257, -4.88330551889e-05, 0.00132103741635, -9.73794958554e-05], [-0.00122044980526, 0.00411418732256, -0.0037630116567, 0.00579103641212, -0.00307222269475, 0.00277837063186, -0.00317980628461, 0.00359286717139, -0.00402043526992, 0.00183298159391, -0.00242302916013, 0.000593773263972, -0.00219231541269], [0.00131132954266, -0.00620867172256, 0.00214447872713, -0.00307222269475, 0.00974334962666, -0.00684880372137, 0.00565228937194, -0.00524505693465, 0.00373932695948, -0.00618526898324, 0.00562720745802, -0.0015620397171, 6.83212274453e-05], [-0.00102331361268, 0.00497595546767, -0.00361260399222, 0.00277837063186, -0.00684880372137, 0.0135399335995, -0.0076433098875, 0.00434639351442, -0.00741688162088, 0.0072385459207, -0.007643353194, 0.00200654217042, -0.000447520753369], [0.000294654601021, -0.00349722197279, 0.00143847509753, -0.00317980628461, 0.00565228937194, -0.0076433098875, 0.0143612064421, -0.0090203480795, 0.0108132185414, -0.00902395881712, 0.00752702448517, -0.00611259555444, 0.0021239828784], [0.000423843914177, 0.000907056266442, -0.000770707672928, 0.00359286717139, -0.00524505693465, 0.00434639351442, -0.0090203480795, 0.0173820611089, -0.00966771692038, 0.00689916592091, -0.00903725810349, 0.00463206600398, -0.00382845639251], [-0.000185917917406, -0.0010692164069, 0.00171175063588, -0.00402043526992, 0.00373932695948, -0.00741688162088, 0.0108132185414, -0.00966771692038, 0.0179728455842, -0.00990439765155, 0.00763171073049, -0.00652423175052, 0.0044771595858], [0.00089160510106, 0.000199583475478, 0.00146780221257, 0.00183298159391, -0.00618526898324, 0.0072385459207, -0.00902395881712, 0.00689916592091, -0.00990439765155, 0.018151473254, -0.00637195399031, 0.00578864151612, -0.00571857159957], [-5.44634385733e-05, -0.00170905410778, -4.88330551889e-05, -0.00242302916013, 0.00562720745802, -0.007643353194, 0.00752702448517, -0.00903725810349, 0.00763171073049, -0.00637195399031, 0.0158511716872, -0.0058930539526, 0.00224844249897], [0.000888420734555, -0.00155277654994, 0.00132103741635, 0.000593773263972, -0.0015620397171, 0.00200654217042, -0.00611259555444, 0.00463206600398, -0.00652423175052, 0.00578864151612, -0.0058930539526, 0.0120265781879, -0.0044560530223], [-0.000200676760869, 0.000210763988434, -9.73794958554e-05, -0.00219231541269, 6.83212274453e-05, -0.000447520753369, 0.0021239828784, -0.00382845639251, 0.0044771595858, -0.00571857159957, 0.00224844249897, -0.0044560530223, 0.0120614413172]], "mean": [-88.2230606079, 199.823684692, -170.779495239, 13.4886083603, -53.4833831787, -30.2278785706, 1.24702012539, -32.6015014648, -10.5458536148, -32.7246284485, -8.22087860107, -5.20689535141, -13.5468635559], "cov": [[15207.8310547, 3016.27441406, -1788.0859375, 106.513343811, -545.148925781, -363.462005615, -19.2800598145, -629.407836914, -104.389701843, -585.369018555, -198.509246826, -310.348999023, -317.980041504], [3016.27441406, 1346.61010742, 268.871337891, 89.0093765259, 359.492218018, 63.8945198059, 202.045410156, 32.777130127, -73.1450958252, -42.6896705627, 27.8314189911, 53.0989303589, 41.5015983582], [-1788.0859375, 268.871337891, 1097.19177246, 261.678741455, 437.820678711, 283.298797607, 171.64151001, 206.259033203, -39.3525924683, 40.5381584167, 149.093429565, 126.713088989, 118.096237183], [106.513343811, 89.0093765259, 261.678741455, 413.304107666, 120.91103363, 84.4520721436, 38.7615356445, 2.83625817299, 44.8622779846, 2.93933343887, 40.8156585693, 42.3531837463, 66.7550735474], [-545.148925781, 359.492218018, 437.820678711, 120.91103363, 548.196899414, 165.62789917, 114.49634552, 156.86050415, 32.5142173767, 131.28817749, 29.6266288757, 87.2972793579, 119.73311615], [-363.462005615, 63.8945198059, 283.298797607, 84.4520721436, 165.62789917, 250.899642944, 78.7069091797, 88.628112793, 30.0634174347, -16.9466571808, 94.1959838867, 63.2648735046, 19.7355899811], [-19.2800598145, 202.045410156, 171.64151001, 38.7615356445, 114.49634552, 78.7069091797, 250.547988892, 86.4118881226, -61.2275390625, 49.6991615295, 26.7241611481, 81.2893753052, 61.5000801086], [-629.407836914, 32.777130127, 206.259033203, 2.83625817299, 156.86050415, 88.628112793, 86.4118881226, 180.167510986, 27.1875896454, 44.6610031128, 68.8414306641, 55.076499939, 54.1039390564], [-104.389701843, -73.1450958252, -39.3525924683, 44.8622779846, 32.5142173767, 30.0634174347, -61.2275390625, 27.1875896454, 150.761703491, 36.6403198242, -4.39275979996, 18.8450565338, -3.08829331398], [-585.369018555, -42.6896705627, 40.5381584167, 2.93933343887, 131.28817749, -16.9466571808, 49.6991615295, 44.6610031128, 36.6403198242, 173.327575684, -9.96010017395, 19.9578285217, 73.7272796631], [-198.509246826, 27.8314189911, 149.093429565, 40.8156585693, 29.6266288757, 94.1959838867, 26.7241611481, 68.8414306641, -4.39275979996, -9.96010017395, 150.693099976, 56.9324035645, 15.1558389664], [-310.348999023, 53.0989303589, 126.713088989, 42.3531837463, 87.2972793579, 63.2648735046, 81.2893753052, 55.076499939, 18.8450565338, 19.9578285217, 56.9324035645, 169.314437866, 62.0565376282], [-317.980041504, 41.5015983582, 118.096237183, 66.7550735474, 119.73311615, 19.7355899811, 61.5000801086, 54.1039390564, -3.08829331398, 73.7272796631, 15.1558389664, 62.0565376282, 152.580688477]]}, "erbbands_spread": {"dmean": 4.45639896393, "dvar2": 36.1528549194, "mean": 21.2730827332, "var": 79.5406494141, "dmean2": 7.20143079758, "dvar": 14.1923151016, "min": 1.4920181036, "median": 19.7131576538, "max": 79.8589019775}, "erbbands_kurtosis": {"dmean": 0.985513806343, "dvar2": 5.05454730988, "mean": 0.921223461628, "var": 3.90821671486, "dmean2": 1.63214612007, "dvar": 1.86607813835, "min": -1.6784965992, "median": 0.492570877075, "max": 36.0328865051}, "dynamic_complexity": 2.24114012718, "erbbands_crest": {"dmean": 2.85288977623, "dvar2": 20.9733543396, "mean": 10.438624382, "var": 19.3922672272, "dmean2": 4.76612043381, "dvar": 7.62539386749, "min": 2.71543455124, "median": 9.34887123108, "max": 32.3462295532}, "erbbands": {"dmean": [0.0140538755804, 0.236472770572, 0.815155208111, 3.32894849777, 7.5151143074, 5.11945104599, 7.31557369232, 8.89359664917, 10.3932962418, 11.2809267044, 33.3464736938, 28.917552948, 27.502122879, 77.1527099609, 50.6158370972, 50.5552253723, 19.1214694977, 7.52351331711, 4.91321754456, 4.3928732872, 6.99943733215, 13.4023170471, 3.76714277267, 2.35064506531, 2.44641804695, 1.02086031437, 0.494433194399, 0.599675953388, 0.432735353708, 0.152873650193, 0.0525759458542, 0.0151958297938, 0.000942319922615, 4.47934980912e-05, 1.39327448778e-05, 7.76873184805e-06, 4.09186168326e-06, 1.30342323246e-06, 3.49282709067e-06, 8.10181518318e-06], "dvar2": [0.00253379554488, 0.67428278923, 6.25054216385, 91.9754180908, 338.111755371, 245.766082764, 306.941558838, 271.700897217, 369.224395752, 486.625305176, 7688.01953125, 6164.65478516, 4145.26171875, 51369.1953125, 15933.5498047, 15706.2724609, 2637.3371582, 1571.10681152, 122.000480652, 112.67376709, 686.525024414, 2931.37011719, 160.995010376, 45.9587059021, 33.7871627808, 6.34145355225, 2.18260073662, 3.44956636429, 2.89388203621, 0.263567447662, 0.0599220618606, 0.00689316540956, 2.18794884859e-05, 2.06301624672e-08, 7.33443306089e-10, 2.02093175528e-10, 5.12239244077e-11, 5.6693209155e-12, 3.31801704168e-11, 1.79634890296e-10], "mean": [0.0571809150279, 0.884096980095, 3.82240104675, 10.5604352951, 27.23371315, 18.9856529236, 27.237651825, 37.1293945312, 28.7722015381, 29.1206550598, 69.8086929321, 58.7252120972, 48.6244468689, 119.691825867, 82.527671814, 85.577796936, 35.8378410339, 14.7441110611, 9.14980792999, 7.83274459839, 12.0723791122, 21.0008792877, 7.74311971664, 5.03304958344, 4.578125, 1.85924744606, 0.942521870136, 1.17317426205, 0.656279861927, 0.247575134039, 0.0785941928625, 0.0199530664831, 0.00142008718103, 9.85322840279e-05, 4.17876981373e-05, 2.79574542219e-05, 1.63582681125e-05, 3.94839389628e-06, 1.97773897526e-05, 4.55361878267e-05], "var": [0.0120052043349, 2.74821138382, 29.6314239502, 170.780319214, 630.325439453, 491.962432861, 1038.97155762, 1725.97521973, 821.351074219, 861.047424316, 7470.68798828, 5721.01855469, 3410.51928711, 27822.2929688, 8578.62402344, 9676.46679688, 2472.50830078, 960.74005127, 129.371490479, 99.0923080444, 408.268463135, 1573.44128418, 146.181686401, 34.6380081177, 24.1205234528, 4.87437915802, 1.60774195194, 2.92783951759, 1.28049468994, 0.126734793186, 0.0267677977681, 0.0027105610352, 1.44118057506e-05, 1.2602532351e-08, 4.73671435408e-10, 1.80431419805e-10, 5.88061960238e-11, 4.38480154963e-12, 7.90277912555e-11, 4.28431984334e-10], "dmean2": [0.0200637169182, 0.31426268816, 1.19886362553, 5.3551030159, 11.8398265839, 7.91940164566, 9.91271400452, 12.4278268814, 14.7769021988, 16.8146057129, 53.1903610229, 45.614402771, 43.8754272461, 127.865280151, 85.6390686035, 84.8061752319, 30.463054657, 11.7610149384, 7.79537248611, 7.10488510132, 11.8033752441, 23.119550705, 6.20436811447, 3.83150196075, 4.03600263596, 1.68284606934, 0.813717067242, 1.00349032879, 0.776731848717, 0.26921454072, 0.0936190783978, 0.0268203560263, 0.00159422773868, 7.8626384493e-05, 2.49472996074e-05, 1.36886774271e-05, 7.09056894266e-06, 2.30416389968e-06, 5.69121039007e-06, 1.32106333695e-05], "dvar": [0.00125635624863, 0.398499488831, 2.71657419205, 31.2098503113, 115.596076965, 87.5497436523, 144.643722534, 135.999908447, 185.239044189, 207.103546143, 2871.98339844, 2392.44091797, 1615.52563477, 17996, 5620.32373047, 5665.23583984, 1022.51312256, 541.569030762, 51.3341140747, 45.8589401245, 243.321533203, 1001.83099365, 60.0526809692, 17.6144294739, 12.7765579224, 2.4535753727, 0.836461603642, 1.24823796749, 0.894820928574, 0.0835010707378, 0.0189703032374, 0.0021367110312, 7.73438478063e-06, 6.87579060354e-09, 2.3273054317e-10, 6.55551307682e-11, 1.70449314385e-11, 1.83649905179e-12, 1.20544190949e-11, 6.52209744545e-11], "min": [1.12969539062e-22, 4.07101603476e-22, 1.09673304596e-21, 5.18626290148e-21, 1.34294105307e-20, 2.64752515953e-20, 4.26428440189e-20, 4.72566248312e-20, 1.28171791011e-19, 1.87022008056e-19, 2.29651937071e-19, 3.24942988541e-19, 5.64264615274e-19, 6.05946866726e-19, 6.91062666083e-19, 1.49269859715e-18, 1.17182541477e-18, 1.15666247036e-18, 1.60740145795e-18, 2.34482728717e-18, 3.07853090704e-18, 3.62070974826e-18, 4.27727856921e-18, 7.06141506906e-18, 6.08787766841e-18, 7.1034904381e-18, 9.78862127684e-18, 1.20533152354e-17, 8.80925266647e-18, 1.19919086554e-17, 1.17634107646e-17, 9.98763348759e-18, 1.06689341817e-17, 8.5554579381e-18, 5.75978557743e-18, 3.72864068817e-18, 2.13119527948e-18, 9.55645173803e-19, 2.18748972815e-19, 2.46785587593e-20], "median": [0.00144042854663, 0.0415321290493, 1.01524758339, 5.93463659286, 21.2407093048, 10.1690235138, 14.1274776459, 20.1134204865, 21.0431938171, 19.5271720886, 40.1357536316, 33.6759414673, 28.04205513, 58.276802063, 55.7869186401, 51.9720077515, 18.4271945953, 5.8322057724, 5.44006538391, 4.68180847168, 5.94436645508, 7.07987880707, 4.65438127518, 3.07297229767, 2.96141624451, 1.10994791985, 0.535695254803, 0.50940746069, 0.25069463253, 0.13293941319, 0.030906798318, 0.00661985902116, 0.000451489118859, 7.27564693079e-05, 3.92452711822e-05, 2.69999636657e-05, 1.59266801347e-05, 3.7197560232e-06, 1.97085792024e-05, 4.53392494819e-05], "max": [1.15554463863, 13.2437200546, 39.5273399353, 169.166503906, 152.616851807, 250.857955933, 294.676971436, 281.93927002, 346.948913574, 237.55657959, 1154.04724121, 1082.6652832, 592.537963867, 2291.54736328, 1464.58703613, 948.1484375, 684.070983887, 879.807617188, 161.749603271, 111.930969238, 348.194366455, 637.576049805, 238.861953735, 97.2949295044, 56.0837059021, 31.6929607391, 16.7645702362, 16.6595516205, 17.2447128296, 4.43331193924, 3.01932477951, 1.10688447952, 0.0753406360745, 0.00177556928247, 0.000210371028516, 0.000118899879453, 5.88544280617e-05, 1.89167567441e-05, 6.48943168926e-05, 0.0001556504576]}, "silence_rate_30dB": {"dmean": 0.00267154094763, "dvar2": 0.00728360190988, "mean": 0.99732863903, "var": 0.00266428012401, "dmean2": 0.00534345768392, "dvar": 0.00266445637681, "min": 0, "median": 1, "max": 1}, "silence_rate_60dB": {"dmean": 0.000562429719139, "dvar2": 0.00126444187481, "mean": 0.0441476255655, "var": 0.0422025844455, "dmean2": 0.00112493848428, "dvar": 0.000562052067835, "min": 0, "median": 0, "max": 1}, "spectral_energyband_middle_low": {"dmean": 0.00479371240363, "dvar2": 7.88242832641e-05, "mean": 0.0244964137673, "var": 0.000177258611075, "dmean2": 0.00773282488808, "dvar": 2.82626770058e-05, "min": 1.33481411968e-22, "median": 0.0243834238499, "max": 0.112162142992}, "spectral_spread": {"dmean": 246044.421875, "dvar2": 410500038656, "mean": 2144940.25, "var": 14251219484700.0, "dmean2": 432388.625, "dvar": 182123659264, "min": 769004.125, "median": 1741255.625, "max": 42707128}, "barkbands": {"dmean": [5.1314553275e-05, 0.000861548585817, 0.000752049032599, 0.00184467795771, 0.00179152842611, 0.00105774775147, 0.000859912775923, 0.00104878097773, 0.00173410039861, 0.000819293374661, 0.0021047659684, 0.0017757511232, 0.00037798754056, 0.000128299288917, 0.000116238174087, 0.000102719939605, 0.000195306289243, 6.15988465142e-05, 3.6475907109e-05, 4.55616027466e-05, 1.48161125253e-05, 9.63163165579e-06, 2.84718134935e-06, 1.39203123695e-07, 1.61263846721e-09, 1.61672419896e-09, 1.6625506527e-09], "dvar2": [8.34881532796e-08, 9.15550936043e-06, 6.92218191034e-06, 3.15175129799e-05, 2.00518370548e-05, 3.00176384371e-06, 2.76141304312e-06, 6.62420279696e-06, 1.70207713381e-05, 5.69319126953e-06, 3.79168341169e-05, 2.18146051338e-05, 1.31670344672e-06, 3.00266151498e-07, 9.78712577648e-08, 1.57416650381e-07, 6.16498425643e-07, 3.97002999364e-08, 9.27147514318e-09, 1.46255416666e-08, 1.42108214085e-09, 1.44203204933e-09, 1.4727920272