{"tonal": {"chords_number_rate": 0.00198294664733, "thpcp": [1, 0.5587028265, 0.160114109516, 0.126591309905, 0.109786689281, 0.212621331215, 0.276305943727, 0.189325258136, 0.189885869622, 0.212148725986, 0.150261700153, 0.212136045098, 0.265043437481, 0.23850607872, 0.525091052055, 0.633314549923, 0.28318810463, 0.0836448222399, 0.0710685104132, 0.114303395152, 0.38337957859, 0.512038707733, 0.261870384216, 0.166650474072, 0.188103049994, 0.117564968765, 0.176336705685, 0.267865329981, 0.204304873943, 0.271637946367, 0.37696775794, 0.229723319411, 0.106113411486, 0.111478112638, 0.160284340382, 0.629854500294], "hpcp": {"dvar": [0.0347057543695, 0.0233789533377, 0.0138890631497, 0.0132303312421, 0.0162756033242, 0.0215895175934, 0.0282045546919, 0.018516195938, 0.0187469832599, 0.0167302079499, 0.0129887722433, 0.0147298509255, 0.0223541539162, 0.021322645247, 0.0218513365835, 0.0263206735253, 0.02037502639, 0.0167879294604, 0.0180327035487, 0.0234171375632, 0.0293980240822, 0.0379409603775, 0.0250359922647, 0.0237222611904, 0.0219658333808, 0.0196699388325, 0.0216138456017, 0.024544255808, 0.0254989955574, 0.0271672140807, 0.0252201687545, 0.0185586027801, 0.017521455884, 0.0207190867513, 0.0229839086533, 0.0326632633805], "mean": [0.321569383144, 0.143790513277, 0.0424711741507, 0.0360854752362, 0.0580382533371, 0.194663345814, 0.259990811348, 0.132966309786, 0.0846178084612, 0.0955104827881, 0.0596943385899, 0.0895360484719, 0.136010274291, 0.103737063706, 0.137925848365, 0.191407710314, 0.116643436253, 0.0538797415793, 0.0566036999226, 0.0813853666186, 0.319812506437, 0.507756173611, 0.283684819937, 0.0812989249825, 0.0642775222659, 0.0557448677719, 0.107959792018, 0.140296041965, 0.0961310714483, 0.09641572088, 0.107719823718, 0.0762963071465, 0.107713386416, 0.134577438235, 0.121102936566, 0.266618221998], "min": [0, 0, 0, 0, 0, 0, 0, 0, 0, 0, 0, 0, 0, 0, 0, 0, 0, 0, 0, 0, 0, 0, 0, 0, 0, 0, 0, 0, 0, 0, 0, 0, 0, 0, 0, 0], "median": [0.116807490587, 0.0562909841537, 0.00771861802787, 0.00619837734848, 0.0127810472623, 0.0816533118486, 0.124005168676, 0.0662472695112, 0.0142641244456, 0.0101524749771, 0.0109259868041, 0.0205058138818, 0.0229647196829, 0.0286197848618, 0.0410131700337, 0.0400007255375, 0.024829627946, 0.0150079149753, 0.0160049423575, 0.0282501578331, 0.247452527285, 0.420589327812, 0.233298286796, 0.0194932986051, 0.00859611760825, 0.00895443651825, 0.0247805528343, 0.0355414524674, 0.0251879170537, 0.0150925405324, 0.0170990899205, 0.0242067724466, 0.0442578792572, 0.0516661852598, 0.0537421405315, 0.0850086063147], "dvar2": [0.087154276669, 0.0618157126009, 0.0361236743629, 0.0354964472353, 0.0444348305464, 0.0542740821838, 0.0671550631523, 0.0475439615548, 0.048750769347, 0.0385996997356, 0.034097455442, 0.0368728637695, 0.0548479817808, 0.0577918253839, 0.0576170124114, 0.0615422278643, 0.0533939637244, 0.0466843359172, 0.0491737276316, 0.0619648918509, 0.0770848691463, 0.0876820161939, 0.0673645064235, 0.0629472434521, 0.0583791099489, 0.0520021468401, 0.054441191256, 0.0634049996734, 0.0695269927382, 0.0705828294158, 0.0607289262116, 0.0499083250761, 0.0473871603608, 0.0512081570923, 0.0630865320563, 0.0843121632934], "var": [0.141764506698, 0.0381324365735, 0.0132530741394, 0.0116373142228, 0.0160986557603, 0.0624020434916, 0.0916430428624, 0.0278671178967, 0.0315583832562, 0.0465271621943, 0.0161388088018, 0.0283990036696, 0.0643202587962, 0.029265044257, 0.044470500201, 0.0889784693718, 0.0384465418756, 0.0139251956716, 0.0149546265602, 0.0212308131158, 0.0720409303904, 0.142909824848, 0.052597116679, 0.0263381078839, 0.0267929211259, 0.0194976683706, 0.041093301028, 0.0614746548235, 0.031095739454, 0.0402275882661, 0.0489945150912, 0.0210509225726, 0.0287831630558, 0.0457341521978, 0.0295317955315, 0.107207119465], "dmean2": [0.198722422123, 0.161503851414, 0.0858055278659, 0.0750798285007, 0.103347323835, 0.160072520375, 0.188834100962, 0.144011199474, 0.10736771673, 0.0952184721828, 0.0847611427307, 0.0995799377561, 0.12708362937, 0.131720334291, 0.143506616354, 0.148961231112, 0.129206061363, 0.0987071245909, 0.104634985328, 0.144776389003, 0.235780254006, 0.241677761078, 0.217363730073, 0.138811737299, 0.108785137534, 0.100014492869, 0.12191465497, 0.136233389378, 0.137914612889, 0.13395678997, 0.12670263648, 0.111107803881, 0.120448090136, 0.134129434824, 0.161228388548, 0.201942667365], "max": [1, 1, 1, 1, 1, 1, 1, 1, 1, 1, 1, 1, 1, 1, 1, 1, 1, 1, 1, 1, 1, 1, 1, 1, 1, 1, 1, 1, 1, 1, 1, 1, 1, 1, 1, 1], "dmean": [0.119612067938, 0.0963811725378, 0.0482139736414, 0.0419321246445, 0.0591349489987, 0.0974529311061, 0.117165066302, 0.0860160067677, 0.0633214563131, 0.0581543669105, 0.0494773536921, 0.0594531223178, 0.075702406466, 0.0762308910489, 0.0849770903587, 0.0907282307744, 0.0768978074193, 0.0554491579533, 0.0592274516821, 0.0833931565285, 0.142647996545, 0.148718297482, 0.131462350488, 0.0788730531931, 0.0616822764277, 0.0575582459569, 0.0725372955203, 0.0808079242706, 0.0799920782447, 0.0789741873741, 0.0762456655502, 0.0650527849793, 0.0721725299954, 0.0814193785191, 0.0949740484357, 0.121421806514]}, "key_strength": 0.845784544945, "chords_strength": {"dvar": 4.3537835154e-05, "mean": 0.518700778484, "min": 0.28355550766, "median": 0.513341069221, "dvar2": 3.29105387209e-05, "var": 0.00816883612424, "dmean2": 0.00604838179424, "max": 0.773297548294, "dmean": 0.00823023635894}, "tuning_equal_tempered_deviation": 0.0330333374441, "chords_key": "A", "tuning_frequency": 442.03793335, "chords_scale": "major", "chords_changes_rate": 0.043228238821, "key_scale": "major", "tuning_diatonic_strength": 0.588037967682, "hpcp_entropy": {"dvar": 0.189189791679, "mean": 1.78289306164, "min": 0, "median": 1.78608286381, "dvar2": 0.492346942425, "var": 0.453193157911, "dmean2": 0.837418794632, "max": 4.1049952507, "dmean": 0.501667618752}, "chords_histogram": [26.4921665192, 1.80448150635, 23.3591117859, 0, 0, 0, 0.237953603268, 0, 0.138806268573, 0, 0, 0, 0, 0, 0, 4.04521131516, 0, 13.5236959457, 9.14138412476, 7.4360499382, 1.98294663429, 5.41344451904, 6.40491771698, 0.019829466939], "tuning_nontempered_energy_ratio": 0.628409266472, "key_key": "A"}, "metadata": {"version": {"extractor": "music 1.0", "essentia_build_sha": "70f2e5ece6736b2c40cc944ad0e695b16b925413", "essentia": "2.1-beta2", "essentia_git_sha": "v2.1_beta2"}, "audio_properties": {"sample_rate": 44100, "length": 234.135513306, "lossless": false, "analysis_sample_rate": 44100, "downmix": "mix", "bit_rate": 192412, "equal_loudness": 0, "md5_encoded": "74b57da5787563f69fa00c908e87d43e", "codec": "mp3", "replay_gain": -14.3450832367}, "tags": {"genre": ["Rock"], "date": ["2008"], "encoding": ["LAME 3.97 -V2 --vbr-new"], "musicbrainz_recordingid": ["15d303c1-68d6-4d2e-bef4-f4ed59be4507"], "language": ["eng"], "title": ["The Dogs"], "label": ["Yep Roc Records"], "albumartist": ["Sloan"], "file_name": "61950.mp3", "tracknumber": ["7"], "album": ["Parallel Play"], "artist": ["Sloan"]}}, "lowlevel": {"melbands": {"dvar": [6.72062810736e-07, 9.78300704446e-07, 4.73508407595e-07, 1.75193036966e-07, 1.58904882142e-07, 3.15912615179e-07, 5.63184471503e-07, 3.56007944902e-07, 1.96359835059e-07, 4.99361476614e-08, 2.54052938686e-08, 1.03145572083e-08, 8.20378343036e-09, 5.44761347143e-09, 1.28390604814e-08, 6.24126439419e-09, 2.9694564585e-09, 3.32026850458e-09, 1.50606804805e-09, 1.30339627979e-09, 6.80144218723e-10, 3.71214198269e-10, 5.36602207113e-10, 1.38646372161e-10, 4.7110908924e-11, 3.82071388416e-11, 4.5044433461e-11, 2.32241899323e-11, 5.67669565868e-12, 3.77244676469e-12, 2.92011271934e-12, 1.87022901506e-12, 4.46257614195e-12, 1.77345486387e-12, 7.09258389867e-13, 1.06696498425e-12, 4.12985997397e-13, 2.63086427643e-13, 1.76729467107e-13, 7.61344248279e-14], "mean": [0.000542660709471, 0.00110914628021, 0.00100126827601, 0.000603739288636, 0.000682949088514, 0.000851337448694, 0.00105612992775, 0.000658672186546, 0.000483027659357, 0.00024899202981, 0.00013476969616, 9.25306449062e-05, 5.96396930632e-05, 4.96899883728e-05, 8.47535047797e-05, 7.25490681361e-05, 5.61841407034e-05, 5.96412646701e-05, 4.50423831353e-05, 4.31806220149e-05, 2.9144637665e-05, 2.63745478151e-05, 2.8599797588e-05, 1.33775401991e-05, 9.68888161879e-06, 8.18310127215e-06, 5.6894714362e-06, 4.64741106043e-06, 1.92147945199e-06, 1.95731695385e-06, 1.6940155092e-06, 1.22301935335e-06, 1.24862413031e-06, 7.46648822769e-07, 5.33606112185e-07, 5.73634451939e-07, 3.44786997175e-07, 2.6132360631e-07, 2.06594961583e-07, 1.52667041675e-07], "min": [1.16720033086e-23, 1.00030946995e-23, 9.71392116864e-24, 1.1027492905e-23, 8.71128132469e-24, 2.06504173905e-23, 1.46451948168e-23, 1.08277975e-23, 5.5679155587e-24, 1.76920091356e-23, 7.43157696474e-24, 9.27814493827e-24, 6.545678674e-24, 6.70374391687e-24, 1.03384939017e-23, 1.07787161522e-23, 1.2051230045e-23, 1.22288042125e-23, 9.3099147335e-24, 7.91826154478e-24, 6.74751465306e-24, 6.07262639927e-24, 7.36209882938e-24, 7.81620266516e-24, 1.90724415668e-23, 8.26826177348e-24, 1.0823906838e-23, 8.25261471743e-24, 1.05169452826e-23, 9.02215563022e-24, 6.4035638042e-24, 7.55744287762e-24, 1.0275914355e-23, 7.74658253483e-24, 9.67190328139e-24, 8.34170630148e-24, 1.25175722688e-23, 1.12155557671e-23, 1.31900943343e-23, 1.1893763942e-23], "median": [0.000302968692267, 0.000884446024429, 0.000727845006622, 0.000400212040404, 0.000440169445937, 0.000406078295782, 0.000493339495733, 0.000297541875625, 0.000184601391084, 0.000128067185869, 4.14661335526e-05, 3.08125709125e-05, 2.1128798835e-05, 1.85488243005e-05, 4.45313453383e-05, 3.82487669413e-05, 2.97811984638e-05, 3.2884767279e-05, 2.58755881077e-05, 2.38876637013e-05, 1.52213906404e-05, 1.64034427144e-05, 1.73520584212e-05, 8.36216440803e-06, 6.62167303744e-06, 5.4916749832e-06, 2.90103139378e-06, 2.38223196902e-06, 8.97785923826e-07, 9.45326348756e-07, 8.4880821305e-07, 5.81115443765e-07, 4.17187152379e-07, 2.78587094726e-07, 2.00716016252e-07, 2.16515388729e-07, 1.37417941914e-07, 9.44932381231e-08, 7.87707463701e-08, 5.94441402768e-08], "dvar2": [1.88687670288e-06, 2.76014134215e-06, 1.39669577948e-06, 4.73043058946e-07, 4.07055438245e-07, 7.44472174574e-07, 1.44544208069e-06, 7.52936728077e-07, 4.82166115034e-07, 1.06825147839e-07, 4.4624897555e-08, 1.6484040799e-08, 2.13596305088e-08, 9.62258095427e-09, 2.81647025702e-08, 1.35671260892e-08, 6.63885835195e-09, 7.53618856209e-09, 3.35885208536e-09, 3.05915448529e-09, 1.44700051941e-09, 8.56057058574e-10, 1.34035371691e-09, 3.18246901054e-10, 1.18505177893e-10, 9.70389740784e-11, 9.76807523756e-11, 5.38239799952e-11, 1.28010813755e-11, 8.48109256435e-12, 6.15962402611e-12, 3.95860167562e-12, 1.04062088807e-11, 4.31768770043e-12, 1.72433356656e-12, 2.40619980538e-12, 9.27981433016e-13, 5.37003492888e-13, 3.55312025462e-13, 1.57768709121e-13], "var": [6.6136925625e-07, 1.08650192487e-06, 8.89801640369e-07, 4.45885575573e-07, 5.30641841578e-07, 1.2732984942e-06, 1.81561540558e-06, 9.80417553365e-07, 7.08056177245e-07, 1.47605575762e-07, 1.01746415737e-07, 4.94837451015e-08, 1.63222839689e-08, 1.99570440174e-08, 2.20571294562e-08, 1.35723459138e-08, 7.54671081182e-09, 7.8296160666e-09, 3.89044796378e-09, 3.20571413859e-09, 1.94952542998e-09, 1.08451014835e-09, 1.29866406517e-09, 3.56959684034e-10, 1.23460935919e-10, 9.7683340583e-11, 1.0513411669e-10, 5.99277225066e-11, 1.27400147723e-11, 9.19498244906e-12, 6.87096777044e-12, 3.96911236517e-12, 5.99610638918e-12, 2.36496803044e-12, 1.19295849241e-12, 1.74299377015e-12, 6.94333479601e-13, 5.02951196316e-13, 3.73848331849e-13, 1.60376865867e-13], "dmean2": [0.000544493203051, 0.000881278188899, 0.000813981401734, 0.000445671583293, 0.000431629043305, 0.000499928253703, 0.000731162843294, 0.000449479732197, 0.000298353174003, 0.000158453505719, 8.21882567834e-05, 6.19775164523e-05, 5.09752826474e-05, 3.6701116187e-05, 7.16021240805e-05, 5.92868418607e-05, 4.38572824351e-05, 4.890666969e-05, 3.3181226172e-05, 3.27997768181e-05, 1.98946381715e-05, 1.78953850991e-05, 2.22961843974e-05, 9.69302163867e-06, 6.63174296278e-06, 5.43393480257e-06, 3.75563081434e-06, 3.50101254298e-06, 1.51197116338e-06, 1.44870341501e-06, 1.30428509237e-06, 9.2870482149e-07, 1.29589739117e-06, 6.65973061587e-07, 4.49199603736e-07, 5.26167809767e-07, 2.76751279671e-07, 2.0256982225e-07, 1.60125324555e-07, 1.17398556654e-07], "max": [0.0100370226428, 0.0130444960669, 0.00927409343421, 0.00811131484807, 0.00668872660026, 0.0102586112916, 0.0122939860448, 0.0120757492259, 0.00912808440626, 0.00693753967062, 0.00422678375617, 0.00402116356418, 0.002464590827, 0.00390523998067, 0.00307969399728, 0.00201158691198, 0.00147706153803, 0.00146865402348, 0.0014409335563, 0.000785854004789, 0.00056264270097, 0.000383028876968, 0.000412019609939, 0.000361420970876, 0.000213575505768, 0.000254654471064, 0.00042304181261, 0.000211856327951, 8.38661871967e-05, 7.39650567994e-05, 5.1536848332e-05, 4.14298701799e-05, 5.35323852091e-05, 6.50414731354e-05, 3.155149534e-05, 4.11160108342e-05, 2.80947879219e-05, 2.36348769249e-05, 1.43028946695e-05, 8.16025931272e-06], "dmean": [0.000308986112941, 0.000505418865941, 0.000480674876599, 0.000272281293292, 0.000275551952654, 0.000325415050611, 0.000470377533929, 0.000305615278194, 0.000201064482098, 0.000112492300104, 5.94602242927e-05, 4.41883930762e-05, 3.32775634888e-05, 2.49883050856e-05, 4.77257526654e-05, 3.90561144741e-05, 2.83209756162e-05, 3.10848845402e-05, 2.19638041017e-05, 2.13589464693e-05, 1.30900671138e-05, 1.13572323244e-05, 1.39244630191e-05, 6.12521671428e-06, 4.03947660743e-06, 3.37557821695e-06, 2.48580181506e-06, 2.19140156332e-06, 9.58186205935e-07, 9.09573259378e-07, 8.43702537168e-07, 6.10884058005e-07, 8.4698496039e-07, 4.31606906659e-07, 2.9465891771e-07, 3.46543430396e-07, 1.81759602924e-07, 1.3665305687e-07, 1.06607238592e-07, 7.84150842037e-08]}, "spectral_decrease": {"dvar": 3.24386197761e-18, "mean": -7.26308746479e-09, "min": -2.29923600159e-08, "median": -7.07571423675e-09, "dvar2": 7.94803688043e-18, "var": 1.55702605525e-17, "dmean2": 2.41623787645e-09, "max": 1.60937530528e-16, "dmean": 1.55077672925e-09}, "spectral_rolloff": {"dvar": 193069.390625, "mean": 1127.03088379, "min": 86.1328125, "median": 968.994140625, "dvar2": 431105.875, "var": 550229.8125, "dmean2": 481.791717529, "max": 18970.7519531, "dmean": 285.15246582}, "melbands_crest": {"dvar": 6.41285943985, "mean": 12.3739976883, "min": 2.03520274162, "median": 11.3812084198, "dvar2": 17.4469795227, "var": 19.7917823792, "dmean2": 4.26141405106, "max": 29.4954280853, "dmean": 2.60927438736}, "barkbands_skewness": {"dvar": 0.0989443138242, "mean": 1.31846225262, "min": -8.05986213684, "median": 1.28942453861, "dvar2": 0.234893739223, "var": 0.496590167284, "dmean2": 0.488723039627, "max": 7.38157701492, "dmean": 0.316948264837}, "spectral_centroid": {"dvar": 31031.21875, "mean": 1038.76074219, "min": 255.025848389, "median": 984.865661621, "dvar2": 60647.5820312, "var": 154252.75, "dmean2": 224.71446228, "max": 11156.5107422, "dmean": 147.947967529}, "spectral_energyband_middle_low": {"dvar": 3.35698459821e-05, "mean": 0.0190323442221, "min": 3.76919002692e-22, "median": 0.017497818917, "dvar2": 8.23744558147e-05, "var": 0.000160420458997, "dmean2": 0.0075829741545, "max": 0.0795314759016, "dmean": 0.00493874959648}, "erbbands_crest": {"dvar": 5.33634901047, "mean": 9.96316432953, "min": 2.76164197922, "median": 9.09016227722, "dvar2": 13.0146532059, "var": 17.3362941742, "dmean2": 3.79180192947, "max": 30.2627449036, "dmean": 2.42135643959}, "dynamic_complexity": 2.58410811424, "spectral_energyband_low": {"dvar": 1.94502154045e-05, "mean": 0.00565403560176, "min": 7.60818288436e-23, "median": 0.00502999871969, "dvar2": 5.46330556972e-05, "var": 2.08276087506e-05, "dmean2": 0.00430144323036, "max": 0.0573074445128, "dmean": 0.00247747148387}, "silence_rate_60dB": {"dvar": 0.0045392550528, "mean": 0.037878036499, "min": 0, "median": 0, "dvar2": 0.00963672902435, "var": 0.0364429727197, "dmean2": 0.00912426877767, "max": 1, "dmean": 0.00456168176606}, "erbbands_kurtosis": {"dvar": 0.578042805195, "mean": -0.122292421758, "min": -1.7437915802, "median": -0.509231090546, "dvar2": 1.4291908741, "var": 1.79251825809, "dmean2": 0.915452361107, "max": 13.6639480591, "dmean": 0.588569700718}, "spectral_complexity": {"dvar": 6.04801177979, "mean": 19.9411010742, "min": 0, "median": 20, "dvar2": 13.0248651505, "var": 58.175037384, "dmean2": 3.88555002213, "max": 52, "dmean": 2.49305820465}, "barkbands_crest": {"dvar": 3.99576401711, "mean": 9.25821208954, "min": 2.6587677002, "median": 8.62319564819, "dvar2": 10.3972549438, "var": 11.5648107529, "dmean2": 3.28430438042, "max": 24.9191513062, "dmean": 2.04799556732}, "spectral_energy": {"dvar": 4.96932334499e-05, "mean": 0.0291539635509, "min": 1.09812814584e-20, "median": 0.0284330453724, "dvar2": 0.000120428034279, "var": 0.000250040990068, "dmean2": 0.00946176890284, "max": 0.0900762826204, "dmean": 0.00610030675307}, "spectral_spread": {"dvar": 272114778112, "mean": 3334222.75, "min": 718688.8125, "median": 3334790.75, "dvar2": 392700690432, "var": 1354430676990.0, "dmean2": 467237.8125, "max": 41226116, "dmean": 329794.4375}, "spectral_contrast_valleys": {"dvar": [0.127180144191, 0.0745274722576, 0.0721684768796, 0.064989104867, 0.0634830594063, 0.101703755558], "mean": [-7.46990060806, -6.34953117371, -7.57580852509, -7.72043800354, -7.88409614563, -10.9453773499], "min": [-26.7784767151, -27.2434501648, -27.2375679016, -27.1705551147, -27.3263549805, -27.1296539307], "median": [-7.21915483475, -6.23448944092, -7.47177457809, -7.59217977524, -7.61485338211, -10.5568342209], "dvar2": [0.295017391443, 0.162440747023, 0.147543907166, 0.128565564752, 0.104409463704, 0.148051545024], "var": [1.06062090397, 0.681401431561, 0.680805504322, 0.687180459499, 1.12979865074, 1.87628209591], "dmean2": [0.612214803696, 0.468905776739, 0.454831242561, 0.400409668684, 0.314785212278, 0.308519154787], "max": [-5.51285505295, -4.67922592163, -5.69834518433, -5.99162721634, -5.71568107605, -8.24548912048], "dmean": [0.374930173159, 0.292635917664, 0.286883801222, 0.254983842373, 0.209678202868, 0.23075966537]}, "spectral_rms": {"dvar": 3.26979801457e-07, "mean": 0.00508788740262, "min": 3.27314000556e-12, "median": 0.0052668354474, "dvar2": 7.71308066305e-07, "var": 2.55626173384e-06, "dmean2": 0.00082775572082, "max": 0.00937439594418, "dmean": 0.00053991592722}, "barkbands_spread": {"dvar": 12.642745018, "mean": 16.572933197, "min": 1.25952839851, "median": 15.4276456833, "dvar2": 27.2984352112, "var": 55.6718215942, "dmean2": 4.89189958572, "max": 71.8983230591, "dmean": 3.24609541893}, "pitch_salience": {"dvar": 0.00252109393477, "mean": 0.564931869507, "min": 0.214703068137, "median": 0.571248590946, "dvar2": 0.00686628883705, "var": 0.00865069683641, "dmean2": 0.0891145691276, "max": 0.844923138618, "dmean": 0.055077303201}, "erbbands_skewness": {"dvar": 0.0743921026587, "mean": 0.395924836397, "min": -2.70749354362, "median": 0.383605241776, "dvar2": 0.17228679359, "var": 0.367184430361, "dmean2": 0.462806612253, "max": 3.16786193848, "dmean": 0.308136880398}, "spectral_energyband_middle_high": {"dvar": 3.59665659744e-06, "mean": 0.00539796520025, "min": 1.44078282744e-21, "median": 0.00424567563459, "dvar2": 7.1865206337e-06, "var": 2.21690006583e-05, "dmean2": 0.0019639255479, "max": 0.0405690856278, "dmean": 0.00136326684151}, "erbbands": {"dvar": [0.00507834739983, 0.80242317915, 3.09179139137, 15.6136627197, 33.5585327148, 56.5666465759, 167.563430786, 673.288452148, 2634.81445312, 3409.49731445, 3642.85668945, 1363.14855957, 974.591308594, 520.321899414, 403.256286621, 789.649047852, 2599.77758789, 772.370666504, 963.919555664, 1053.64123535, 422.204925537, 294.096435547, 162.423202515, 63.8037185669, 55.6856918335, 46.7341156006, 11.3576250076, 7.30841779709, 6.25725507736, 6.94067573547, 2.33587169647, 1.17564928532, 0.491631954908, 0.114118307829, 0.0293551981449, 0.00954495556653, 0.00216914853081, 0.000793020008132, 9.78042044153e-06, 4.55953985679e-09], "mean": [0.0425311625004, 0.654568850994, 2.24803924561, 5.27576828003, 7.36459922791, 10.0194759369, 20.2671852112, 38.0834999084, 69.2807235718, 65.0306243896, 61.644618988, 45.18800354, 27.808511734, 21.8932609558, 16.8903217316, 21.8348731995, 40.5477180481, 30.301202774, 34.0323791504, 40.067527771, 25.5103034973, 26.6972923279, 20.2392921448, 12.6020679474, 9.87392139435, 7.23995161057, 3.36381387711, 3.00688076019, 2.21305918694, 1.63322341442, 0.995030105114, 0.663622319698, 0.36290538311, 0.198445543647, 0.113692678511, 0.0536864623427, 0.021202692762, 0.00757766515017, 0.000963708094787, 5.71953351027e-05], "min": [1.12536165387e-21, 8.70104985555e-21, 1.68199842797e-20, 5.73833802492e-20, 7.00012708612e-20, 2.45515219118e-19, 2.10189062267e-19, 9.91305446998e-19, 8.63546367413e-19, 1.15543886344e-18, 7.40785216487e-19, 2.55010497748e-18, 1.56149469171e-18, 2.2479789131e-18, 2.23527362569e-18, 3.20766310644e-18, 4.39393626459e-18, 6.43736106363e-18, 6.86226802786e-18, 7.38995052885e-18, 5.76384992937e-18, 6.79563366644e-18, 7.34565666141e-18, 2.0930203979e-17, 1.40704232832e-17, 1.3724780074e-17, 1.63500966555e-17, 1.20556478847e-17, 1.49270366363e-17, 1.48685516583e-17, 1.67588463008e-17, 1.70063701729e-17, 1.60923885356e-17, 1.5099581549e-17, 9.66285839087e-18, 5.86688147852e-18, 3.58063326117e-18, 1.29649983446e-18, 3.81192123225e-19, 4.1509722902e-20], "median": [0.0166500341147, 0.45104137063, 1.59350943565, 3.5646686554, 4.79969263077, 5.96300268173, 11.9979019165, 18.7731704712, 30.915851593, 30.0656700134, 21.5345363617, 25.4843063354, 10.1730413437, 7.97256469727, 6.94834947586, 10.701675415, 22.0479774475, 16.5360202789, 19.3239345551, 23.5454883575, 14.5521354675, 17.5394172668, 14.0903177261, 9.05273246765, 6.55018424988, 4.1167755127, 1.71208333969, 1.57106149197, 1.03388631344, 0.596110582352, 0.377813518047, 0.269400537014, 0.135317325592, 0.079803481698, 0.0433232709765, 0.0171104893088, 0.00496378028765, 0.00134325399995, 0.000140938049299, 4.0756429371e-05], "dvar2": [0.0140074733645, 2.2797935009, 8.83110046387, 47.0038833618, 93.4460144043, 148.05317688, 421.790985107, 1590.59594727, 6878.17675781, 7051.30517578, 9028.97167969, 2986.83374023, 1730.52697754, 872.858398438, 976.590515137, 1610.85754395, 5633.69873047, 1705.3614502, 2120.02709961, 2496.77709961, 882.529724121, 685.592407227, 370.370391846, 157.077011108, 128.396957397, 96.1063766479, 23.6952915192, 14.8046321869, 13.2230501175, 16.1740760803, 5.3770275116, 2.55850934982, 0.976670861244, 0.226041480899, 0.0603815130889, 0.0207571480423, 0.00489272037521, 0.00199340167455, 2.37515796471e-05, 1.06338324812e-08], "var": [0.00552087090909, 0.733701467514, 4.71533870697, 27.2404594421, 68.3394165039, 151.841720581, 537.569519043, 2548.19921875, 8280.27832031, 9779.4296875, 12314.8037109, 3942.03637695, 3787.23779297, 2401.99902344, 980.832214355, 2074.64648438, 4628.86572266, 2043.45996094, 2479.32763672, 2537.73095703, 1303.57971191, 922.227539062, 519.596008301, 188.452316284, 163.115463257, 136.800704956, 31.0301589966, 19.9103145599, 12.7782936096, 9.88503932953, 4.08015346527, 2.21276211739, 1.00663995743, 0.259600400925, 0.0625726878643, 0.0161003749818, 0.00331348716281, 0.000800198584329, 1.12270463433e-05, 6.40800834617e-09], "dmean2": [0.0466437451541, 0.617624282837, 1.75161612034, 4.55600976944, 6.16896152496, 7.53104400635, 13.3042821884, 22.5850009918, 48.7960548401, 43.8492660522, 38.5162162781, 27.5771598816, 16.1929206848, 14.2565469742, 12.6380281448, 15.8183851242, 33.7153549194, 21.7995624542, 24.750333786, 30.2758541107, 15.230890274, 17.0671253204, 12.4356679916, 7.51606607437, 5.83774852753, 4.74647474289, 2.22575902939, 2.00425577164, 1.66800940037, 1.44130516052, 0.808326601982, 0.503038764, 0.261535942554, 0.139952540398, 0.0840408653021, 0.0439100898802, 0.0197611264884, 0.00899625103921, 0.00113675056491, 3.47490276909e-05], "max": [0.878898441792, 12.2925863266, 20.1101264954, 50.4624443054, 85.3803787231, 143.126083374, 195.799667358, 504.926330566, 885.669250488, 1329.23596191, 1294.14562988, 1111.5814209, 859.699829102, 960.278442383, 627.507751465, 1761.11645508, 1444.72302246, 683.052307129, 812.405212402, 664.53314209, 472.463012695, 334.483062744, 308.190734863, 247.846923828, 297.059906006, 350.041412354, 126.883598328, 90.5170059204, 65.9355163574, 114.180801392, 59.2811012268, 40.9274177551, 30.2098350525, 10.1803607941, 4.61264371872, 1.98261928558, 1.17557489872, 0.740145027637, 0.0714675039053, 0.0018581909826], "dmean": [0.0268591828644, 0.348324269056, 1.01291120052, 2.65979957581, 3.69170331955, 4.64957475662, 8.52164745331, 14.6146059036, 31.0869731903, 29.7246170044, 25.7783470154, 19.6072463989, 11.6723012924, 10.0984268188, 8.33917713165, 10.749789238, 22.2323551178, 14.1995487213, 15.9747619629, 19.8115730286, 10.15280056, 10.8022546768, 7.95858240128, 4.65203905106, 3.77792167664, 3.05144333839, 1.43381631374, 1.30545020103, 1.12056744099, 0.957988739014, 0.540855467319, 0.339958906174, 0.178532838821, 0.0957528725266, 0.0579071417451, 0.0298900604248, 0.0134583488107, 0.00594803644344, 0.000759935006499, 2.34442395595e-05]}, "dissonance": {"dvar": 0.000298392726108, "mean": 0.45201292634, "min": 0.149658799171, "median": 0.459597408772, "dvar2": 0.000788494711742, "var": 0.00123364885803, "dmean2": 0.029535068199, "max": 0.5, "dmean": 0.0178708285093}, "erbbands_flatness_db": {"dvar": 0.0002387099521, "mean": 0.188410639763, "min": 0.034175299108, "median": 0.180623918772, "dvar2": 0.000431452790508, "var": 0.00257201911882, "dmean2": 0.0206835269928, "max": 0.39774081111, "dmean": 0.0146874329075}, "melbands_kurtosis": {"dvar": 11.2296409607, "mean": 6.77872514725, "min": -1.66803050041, "median": 5.40047073364, "dvar2": 28.1586399078, "var": 44.1800422668, "dmean2": 3.9783205986, "max": 119.734428406, "dmean": 2.52650284767}, "melbands_spread": {"dvar": 20.4240589142, "mean": 18.8385543823, "min": 1.0443829298, "median": 17.2573242188, "dvar2": 48.0674629211, "var": 83.987953186, "dmean2": 6.12661886215, "max": 142.742752075, "dmean": 3.98276472092}, "melbands_skewness": {"dvar": 0.1451485008, "mean": 2.00588059425, "min": -0.699532866478, "median": 1.92078781128, "dvar2": 0.369188576937, "var": 0.772601902485, "dmean2": 0.579456329346, "max": 8.16701412201, "dmean": 0.373655706644}, "spectral_entropy": {"dvar": 0.017130676657, "mean": 7.20432567596, "min": 4.95378637314, "median": 7.28732872009, "dvar2": 0.0322013497353, "var": 0.237150788307, "dmean2": 0.178600713611, "max": 9.80829620361, "dmean": 0.125334694982}, "zerocrossingrate": {"dvar": 6.91356399329e-05, "mean": 0.0451580509543, "min": 0.00439453125, "median": 0.04296875, "dvar2": 7.47378726373e-05, "var": 0.000462227937533, "dmean2": 0.0069187944755, "max": 0.7734375, "dmean": 0.00572752347216}, "average_loudness": 0.901693582535, "spectral_contrast_coeffs": {"dvar": [0.00147086672951, 0.00119636498857, 0.000808126991615, 0.000623569823802, 0.000347328808857, 0.000242115507717], "mean": [-0.601656079292, -0.674435973167, -0.726042091846, -0.72858774662, -0.749369859695, -0.751967847347], "min": [-0.973403036594, -0.964158117771, -0.981549263, -0.961428284645, -0.960600912571, -0.962801218033], "median": [-0.616387367249, -0.678148806095, -0.731800317764, -0.730410397053, -0.755829274654, -0.751008868217], "dvar2": [0.0038668976631, 0.00302053522319, 0.00192775158212, 0.00152340298519, 0.000844674243126, 0.000528804492205], "var": [0.00874483305961, 0.00550995068625, 0.00441397400573, 0.0025546727702, 0.002162813209, 0.00131560093723], "dmean2": [0.0724270045757, 0.0678580328822, 0.0549438372254, 0.048959672451, 0.0348856523633, 0.0261482074857], "max": [-0.299309015274, -0.376456618309, -0.438992351294, -0.538355529308, -0.566789567471, -0.574549794197], "dmean": [0.0441971719265, 0.0419976226985, 0.0349558331072, 0.0307444352657, 0.0218821819872, 0.0169702619314]}, "barkbands_flatness_db": {"dvar": 0.000248339318205, "mean": 0.152969226241, "min": 0.0340589247644, "median": 0.142396703362, "dvar2": 0.000495616986882, "var": 0.00314178643748, "dmean2": 0.0230111535639, "max": 0.393903285265, "dmean": 0.0158111155033}, "silence_rate_30dB": {"dvar": 0, "mean": 1, "min": 1, "median": 1, "dvar2": 0, "var": 0, "dmean2": 0, "max": 1, "dmean": 0}, "spectral_energyband_high": {"dvar": 6.43986410864e-08, "mean": 0.000302670057863, "min": 7.92554864423e-21, "median": 0.000160716823302, "dvar2": 1.22221010201e-07, "var": 1.90272501754e-07, "dmean2": 0.000167031626916, "max": 0.00656411517411, "dmean": 0.000118257412396}, "melbands_flatness_db": {"dvar": 0.000342618790455, "mean": 0.225199088454, "min": 0.0033718245104, "median": 0.213267400861, "dvar2": 0.000729086634237, "var": 0.00450469646603, "dmean2": 0.0266303047538, "max": 0.540510058403, "dmean": 0.0179072134197}, "barkbands": {"dvar": [1.02372306188e-08, 1.23976897157e-05, 2.44313537223e-06, 3.41513441526e-06, 3.16938826472e-06, 7.30951296646e-06, 1.28417850647e-05, 7.55107794248e-06, 2.27236409955e-06, 8.59322312863e-07, 4.57285523225e-07, 4.40323674411e-07, 1.18789034786e-06, 3.98466937668e-07, 3.49950624923e-07, 1.48330869365e-07, 1.50632899931e-07, 5.38393898353e-08, 2.17941664715e-08, 1.91630871171e-08, 4.85197881872e-09, 6.04361805046e-09, 3.08462899667e-09, 1.80310244513e-09, 6.23341323003e-10, 6.22557061458e-10, 3.92704729846e-10], "mean": [5.10180107085e-05, 0.00246157916263, 0.00204586749896, 0.00224042823538, 0.00271589751355, 0.00415945285931, 0.00524184945971, 0.00270512839779, 0.00170750042889, 0.000847588875331, 0.000401621771744, 0.000468112586532, 0.000839656742755, 0.000701014825609, 0.000678385607898, 0.000450647232356, 0.000541933288332, 0.000292376644211, 0.000225809839321, 0.000140881136758, 7.6668424299e-05, 6.4159539761e-05, 3.70757188648e-05, 2.50775738095e-05, 1.66836325661e-05, 1.23146246551e-05, 5.29508588443e-06], "min": [1.18779583249e-23, 3.909464642e-23, 1.2612096738e-23, 2.62021459178e-23, 5.2228391631e-23, 8.6746956914e-23, 7.43540215127e-23, 2.15329018857e-23, 1.13222113392e-22, 5.16265822682e-23, 4.62994140416e-23, 7.31797610345e-23, 9.36256599245e-23, 1.51768747607e-22, 1.28752992323e-22, 1.1627439925e-22, 9.49453863536e-23, 1.6052549493e-22, 3.76667349752e-22, 2.8771069878e-22, 3.46412779611e-22, 4.42199426166e-22, 5.71171444142e-22, 8.61520220007e-22, 1.40470202095e-21, 1.79602781996e-21, 2.71850182012e-21], "median": [5.84046574659e-06, 0.00152322789654, 0.00117591675371, 0.00136214459781, 0.00182679283898, 0.00204235501587, 0.00239031598903, 0.000781261827797, 0.000866883608978, 0.000274015183095, 0.000125421545818, 0.000184199016076, 0.000433089968283, 0.000400390010327, 0.000367865810404, 0.000247374991886, 0.000332115218043, 0.000187703495612, 0.000158404844115, 7.84043368185e-05, 3.93190930481e-05, 2.79058094748e-05, 1.42708558997e-05, 1.00259358078e-05, 6.8929975896e-06, 3.15599299938e-06, 7.89435318893e-07], "dvar2": [2.32149321988e-08, 3.50435548171e-05, 7.22882396076e-06, 9.90910484688e-06, 8.51758886711e-06, 1.71395749931e-05, 3.10950308631e-05, 1.80030838237e-05, 4.91758373755e-06, 1.44293017001e-06, 1.18460900467e-06, 8.78786181602e-07, 2.58012141785e-06, 9.42421877426e-07, 7.83307655183e-07, 3.26144913743e-07, 3.5477972915e-07, 1.23165591503e-07, 5.29513108916e-08, 3.77686646402e-08, 9.62829727058e-09, 1.28300641222e-08, 6.98365010265e-09, 3.60848817493e-09, 1.22629184585e-09, 1.36807287721e-09, 9.86593584607e-10], "var": [1.44217846554e-08, 1.16898281703e-05, 5.04456875206e-06, 7.16451177141e-06, 8.35084938444e-06, 3.01384698105e-05, 4.19501011493e-05, 2.3030452212e-05, 6.72611804475e-06, 4.19922980655e-06, 9.1587554607e-07, 1.30306113988e-06, 2.13328326026e-06, 9.38902360303e-07, 9.12254961349e-07, 4.08544849506e-07, 4.43576396947e-07, 1.46295647596e-07, 6.60407692976e-08, 5.58883286317e-08, 1.40582754327e-08, 1.1267494493e-08, 5.32906252459e-09, 3.85201115449e-09, 1.46847956017e-09, 9.92613991002e-10, 4.01136346362e-10], "dmean2": [6.16241886746e-05, 0.00237155891955, 0.00168234785087, 0.00204043113627, 0.00198142253794, 0.00245318841189, 0.00354743702337, 0.00186907837633, 0.00112076487858, 0.000528094824404, 0.000366546533769, 0.000366886088159, 0.000726804835722, 0.000582331267651, 0.000497364497278, 0.00030692567816, 0.000381669116905, 0.000199542642804, 0.00013813356054, 9.37268632697e-05, 5.019137825e-05, 5.15443789482e-05, 2.9756101867e-05, 1.7819707864e-05, 1.14005724754e-05, 1.08917465695e-05, 6.54914902043e-06], "max": [0.00144814723171, 0.0461998358369, 0.0158748365939, 0.024964010343, 0.0292208660394, 0.0465646833181, 0.0527470037341, 0.0514224655926, 0.0363086871803, 0.0283773262054, 0.0194478351623, 0.0349112711847, 0.0312376059592, 0.0146436607465, 0.0133095132187, 0.00820856913924, 0.00655586225912, 0.00679292110726, 0.00612515816465, 0.00825559161603, 0.00297896261327, 0.0019883599598, 0.00183817220386, 0.0013798357686, 0.00073036015965, 0.000595218036324, 0.000536515610293], "dmean": [3.87718355341e-05, 0.00134095083922, 0.000972581561655, 0.00120737403631, 0.00121559947729, 0.00161190156359, 0.00231525790878, 0.00124789064284, 0.000783470866736, 0.000371014524717, 0.000237943590037, 0.000246813433478, 0.000475971639389, 0.00036646288936, 0.000331144576194, 0.000199994596187, 0.000238512729993, 0.000127347244415, 8.6450134404e-05, 6.10661008977e-05, 3.27987872879e-05, 3.46822780557e-05, 1.99581463676e-05, 1.22123701658e-05, 7.9199890024e-06, 7.49082710172e-06, 4.30993577538e-06]}, "erbbands_spread": {"dvar": 21.406873703, "mean": 31.2261276245, "min": 4.31338357925, "median": 30.7324562073, "dvar2": 47.9162063599, "var": 117.575866699, "dmean2": 6.71140003204, "max": 111.286056519, "dmean": 4.48074293137}, "barkbands_kurtosis": {"dvar": 4.04921865463, "mean": 2.36147880554, "min": -1.78090298176, "median": 1.59962368011, "dvar2": 9.15093708038, "var": 12.5367879868, "dmean2": 2.1782746315, "max": 84.4670791626, "dmean": 1.38769686222}, "spectral_flux": {"dvar": 0.000355985510396, "mean": 0.0708320438862, "min": 1.04791612887e-10, "median": 0.0670278072357, "dvar2": 0.000799902423751, "var": 0.00133040337823, "dmean2": 0.0281768925488, "max": 0.228262484074, "dmean": 0.0179088469595}, "silence_rate_20dB": {"dvar": 0, "mean": 1, "min": 1, "median": 1, "dvar2": 0, "var": 0, "dmean2": 0, "max": 1, "dmean": 0}, "gfcc": {"cov": [[6152.10644531, -2187.45068359, 272.875183105, 557.441162109, -966.348449707, 715.918151855, -292.794525146, 303.131408691, -153.899795532, 215.601623535, 53.9470863342, 133.869354248, -78.8373718262], [-2187.45068359, 1574.75476074, -262.901611328, -239.815795898, 457.573669434, -310.647521973, 194.925445557, -97.5307998657, 130.388916016, -126.155136108, 46.7824134827, -87.9406661987, 74.7224655151], [272.875183105, -262.901611328, 483.572692871, 54.4575920105, -29.5282554626, 146.836181641, -14.490644455, 32.0752449036, 17.131280899, 98.8642883301, 7.52106761932, 42.0303344727, -34.5036735535], [557.441162109, -239.815795898, 54.4575920105, 317.296447754, -55.4972801208, 69.6322479248, 0.856096804142, 26.151632309, 4.99193191528, 39.1161766052, 26.1487884521, 20.1525497437, 19.2252025604], [-966.348449707, 457.573669434, -29.5282554626, -55.4972801208, 358.449737549, -112.616889954, 69.6604537964, -19.702331543, 56.5266494751, -25.6933612823, -4.09258365631, 5.33620500565, 26.643327713], [715.918151855, -310.647521973, 146.836181641, 69.6322479248, -112.616889954, 297.109832764, 22.1361598969, 59.8064804077, -30.2620334625, 33.9797821045, 23.9821910858, 13.4161062241, -21.9290275574], [-292.794525146, 194.925445557, -14.490644455, 0.856096804142, 69.6604537964, 22.1361598969, 168.504760742, 1.00546348095, 20.3047218323, -25.3632621765, 16.8458786011, -1.75039148331, 13.8688344955], [303.131408691, -97.5307998657, 32.0752449036, 26.151632309, -19.702331543, 59.8064804077, 1.00546348095, 139.947387695, 20.7011585236, 17.1736965179, 10.4729661942, 19.3307971954, 8.9755487442], [-153.899795532, 130.388916016, 17.131280899, 4.99193191528, 56.5266494751, -30.2620334625, 20.3047218323, 20.7011585236, 146.215805054, 42.5757598877, 10.3151512146, 2.52433300018, 8.61994552612], [215.601623535, -126.155136108, 98.8642883301, 39.1161766052, -25.6933612823, 33.9797821045, -25.3632621765, 17.1736965179, 42.5757598877, 130.856643677, 38.998966217, 8.37108516693, -12.7009506226], [53.9470863342, 46.7824134827, 7.52106761932, 26.1487884521, -4.09258365631, 23.9821910858, 16.8458786011, 10.4729661942, 10.3151512146, 38.998966217, 103.504150391, 27.761007309, 5.03472709656], [133.869354248, -87.9406661987, 42.0303344727, 20.1525497437, 5.33620500565, 13.4161062241, -1.75039148331, 19.3307971954, 2.52433300018, 8.37108516693, 27.761007309, 89.9691009521, 24.3350715637], [-78.8373718262, 74.7224655151, -34.5036735535, 19.2252025604, 26.643327713, -21.9290275574, 13.8688344955, 8.9755487442, 8.61994552612, -12.7009506226, 5.03472709656, 24.3350715637, 72.0491409302]], "mean": [-5.95951652527, 124.136688232, -127.102355957, 16.5174751282, -46.1114349365, -9.88997936249, -41.5240898132, 1.67621076107, -15.016793251, 3.79104089737, -14.7920694351, -4.52189779282, -17.0708599091], "icov": [[0.000533984624781, 0.000222465940169, 0.0002715945011, -0.000456806243164, 0.000771380786318, -0.000657579919789, 0.0003978725872, -0.000513577600941, -1.17332092486e-05, -0.000239383574808, 0.000101745521533, -0.000502038397826, 0.000229189856327], [0.000222465940169, 0.00242844643071, 1.93065843632e-05, 0.000929122325033, -0.00145591201726, 0.000816551968455, -0.00100988440681, 0.000394814152969, -0.00143700558692, 0.00187942862976, -0.00283210654743, 0.00293091055937, -0.00187047477812], [0.0002715945011, 1.93065843632e-05, 0.00330844568089, -0.000403011887101, 5.41082881682e-05, -0.00177734415047, 0.000271286233328, -0.000106410676381, 3.11195290124e-05, -0.00243896385655, 0.0015269452706, -0.00222294637933, 0.00157959817443], [-0.000456806243164, 0.000929122325033, -0.000403011887101, 0.00452548172325, -0.00108147552237, 0.000509412609972, -0.000999627285637, 0.00062413548585, -0.000709988526069, 0.000384005747037, -0.00179610773921, 0.00182008114643, -0.00253095687367], [0.000771380786318, -0.00145591201726, 5.41082881682e-05, -0.00108147552237, 0.00631230138242, -0.000341384526109, -7.74474392529e-05, -0.0010842384072, 2.68039366347e-06, -0.00130369153339, 0.0023084920831, -0.00333904288709, 0.00111663062125], [-0.000657579919789, 0.000816551968455, -0.00177734415047, 0.000509412609972, -0.000341384526109, 0.00682659633458, -0.00264139124192, -0.00100786460098, 0.000624758482445, 0.00112075626384, -0.00217099417932, 0.00226391060278, -0.000205588730751], [0.0003978725872, -0.00100988440681, 0.000271286233328, -0.000999627285637, -7.74474392529e-05, -0.00264139124192, 0.00849194079638, -0.000296204671031, -0.000651437207125, 0.00122820062097, -0.000437558774138, -0.000847410294227, 0.000117582618259], [-0.000513577600941, 0.000394814152969, -0.000106410676381, 0.00062413548585, -0.0010842384072, -0.00100786460098, -0.000296204671031, 0.009103493765, -0.00195468124002, 0.00058246293338, -0.00068282551365, 8.47099545354e-06, -0.00179040466901], [-1.17332092486e-05, -0.00143700558692, 3.11195290124e-05, -0.000709988526069, 2.68039366347e-06, 0.000624758482445, -0.000651437207125, -0.00195468124002, 0.00989972893149, -0.00494971079752, 0.00227183313109, -0.00159956829157, 0.00056446652161], [-0.000239383574808, 0.00187942862976, -0.00243896385655, 0.000384005747037, -0.00130369153339, 0.00112075626384, 0.00122820062097, 0.00058246293338, -0.00494971079752, 0.0146481385455, -0.00735816452652, 0.00429970305413, -0.000731018895749], [0.000101745521533, -0.00283210654743, 0.0015269452706, -0.00179610773921, 0.0023084920831, -0.00217099417932, -0.000437558774138, -0.00068282551365, 0.00227183313109, -0.00735816452652, 0.0165664348751, -0.00819594785571, 0.00295555614866], [-0.0005020383978