{"tonal": {"hpcp": {"dvar": [0.0606909692287, 0.0617964193225, 0.0293952748179, 0.0219574663788, 0.0143442172557, 0.0138727277517, 0.0227737557143, 0.0198036860675, 0.0180081613362, 0.0118119586259, 0.0156193198636, 0.0294329021126, 0.039883159101, 0.0204144529998, 0.011771241203, 0.0178838577121, 0.016799248755, 0.0117371724918, 0.0151702808216, 0.015328405425, 0.0222741104662, 0.0540229231119, 0.0571861453354, 0.0224180258811, 0.00678582629189, 0.00226957350969, 0.00720545649529, 0.0132721913978, 0.0125732198358, 0.00535647477955, 0.00315821473487, 0.00324395718053, 0.00889761373401, 0.0161867681891, 0.0247138570994, 0.0417283289135], "var": [0.124432213604, 0.125950589776, 0.0466003865004, 0.0159354247153, 0.0104314126074, 0.0114940376952, 0.0344344712794, 0.052088059485, 0.0273125637323, 0.00838345196098, 0.0117706460878, 0.0667319968343, 0.155116960406, 0.0500285848975, 0.00968411751091, 0.0276316646487, 0.0402211993933, 0.0128941144794, 0.00857240334153, 0.0104780467227, 0.0243384949863, 0.139414995909, 0.158341348171, 0.0282850973308, 0.00393570959568, 0.00144421716686, 0.00524078682065, 0.0271079931408, 0.0358599349856, 0.00696945143864, 0.00213174358942, 0.00218105898239, 0.00575776444748, 0.0144523615018, 0.037790607661, 0.0807301104069], "median": [0.175326645374, 0.118664234877, 0.0117710586637, 0.000609896436799, 0.000502859125845, 0.000656744930893, 0.000809273682535, 0.000888074049726, 0.000689482199959, 0.000471840554383, 0.000879595172592, 0.00279880338348, 0.00293672014959, 0.00250978302211, 0.000837912084535, 0.000445720157586, 0.000422986078775, 0.000425158650614, 0.000350092246663, 0.000330306123942, 0.011838465929, 0.0649027451873, 0.0616120398045, 0.0122573208064, 0.000405597151257, 0.000271225057077, 0.000336421420798, 0.000424283440225, 0.000548699637875, 0.000527096679434, 0.000425407954026, 0.000516704283655, 0.000956963631324, 0.00161044369452, 0.00297076348215, 0.0364391319454], "max": [1, 1, 1, 1, 1, 1, 1, 1, 1, 1, 1, 1, 1, 1, 1, 1, 1, 1, 1, 1, 1, 1, 1, 1, 1, 0.929641246796, 1, 1, 1, 1, 1, 0.772377610207, 1, 1, 1, 1], "dmean": [0.189981535077, 0.178577244282, 0.0989568457007, 0.0467335097492, 0.0323775708675, 0.0344123914838, 0.0489858090878, 0.0455524995923, 0.043309841305, 0.030182402581, 0.0372123867273, 0.0768454968929, 0.0781156122684, 0.0646837726235, 0.0328924059868, 0.0377024486661, 0.0333110913634, 0.0303583517671, 0.0271074660122, 0.0301026366651, 0.0693529844284, 0.13890402019, 0.135996729136, 0.0721781179309, 0.0198073685169, 0.00900276191533, 0.0190804768354, 0.0311044920236, 0.0276285316795, 0.0188914518803, 0.0125042721629, 0.0156787522137, 0.0277536790818, 0.0431169345975, 0.0677214041352, 0.126164123416], "dmean2": [0.315773069859, 0.292514652014, 0.160544663668, 0.0845900774002, 0.0595217272639, 0.0610288567841, 0.0854045003653, 0.0775798037648, 0.0739225745201, 0.054341275245, 0.0673351287842, 0.131739273667, 0.134171545506, 0.108806662261, 0.0583515539765, 0.0653364732862, 0.0561123155057, 0.0527049414814, 0.0512888878584, 0.0558033809066, 0.121220968664, 0.236988499761, 0.23329089582, 0.125202834606, 0.0370310358703, 0.016622716561, 0.0344100035727, 0.0524196512997, 0.0454927794635, 0.0334957502782, 0.0232612751424, 0.0290519464761, 0.0516282096505, 0.0766357332468, 0.117605209351, 0.215158358216], "mean": [0.323588162661, 0.292348861694, 0.120941057801, 0.0333743207157, 0.0234794411808, 0.0284541938454, 0.0598951019347, 0.0780709311366, 0.0501941889524, 0.0222079250962, 0.0291205793619, 0.14948476851, 0.240473523736, 0.125492855906, 0.0264291912317, 0.0454592555761, 0.0540684983134, 0.0298950783908, 0.0160392038524, 0.0206068605185, 0.0798629894853, 0.294987380505, 0.312328606844, 0.0940579175949, 0.0122690917924, 0.00619236100465, 0.0146838054061, 0.0442332811654, 0.0496587641537, 0.0208252128214, 0.00851440057158, 0.0104664536193, 0.018811693415, 0.0358055382967, 0.0750604793429, 0.183456361294], "dvar2": [0.146073400974, 0.126143798232, 0.0672320276499, 0.0604526288807, 0.0400303378701, 0.0375990271568, 0.0575594119728, 0.0460255295038, 0.045180786401, 0.0328193940222, 0.043583765626, 0.0759056359529, 0.0851972401142, 0.0495016686618, 0.0316559448838, 0.0455367006361, 0.0358903408051, 0.0314816460013, 0.0451411493123, 0.0415899790823, 0.0607773438096, 0.129305198789, 0.122749947011, 0.0585875697434, 0.0196332335472, 0.00644152564928, 0.020184405148, 0.0317497998476, 0.0250799953938, 0.0141434026882, 0.00882980041206, 0.00875954702497, 0.0255447309464, 0.0440586693585, 0.0603456534445, 0.112232588232], "min": [0, 0, 0, 0, 0, 0, 0, 0, 0, 0, 0, 0, 0, 0, 0, 0, 0, 0, 0, 0, 0, 0, 0, 0, 0, 0, 0, 0, 0, 0, 0, 0, 0, 0, 0, 0]}, "key_key": "A", "thpcp": [1, 0.903459668159, 0.373749941587, 0.103138260543, 0.0725596398115, 0.0879333615303, 0.185096696019, 0.241266340017, 0.155117511749, 0.0686302110553, 0.089992724359, 0.461959928274, 0.743146836758, 0.38781657815, 0.0816753953695, 0.140484914184, 0.167090475559, 0.0923861935735, 0.049566719681, 0.0636823698878, 0.24680441618, 0.911613643169, 0.965204060078, 0.290671676397, 0.0379157625139, 0.0191365499049, 0.0453780665994, 0.136696234345, 0.153462857008, 0.0643571540713, 0.0263124592602, 0.032344982028, 0.0581346787512, 0.110651567578, 0.231962993741, 0.566944003105], "chords_key": "A", "tuning_equal_tempered_deviation": 0.163620322943, "tuning_frequency": 441.782684326, "tuning_diatonic_strength": 0.715811789036, "chords_histogram": [73.388671875, 0.341796875, 1.123046875, 0, 0, 0, 0, 0, 0, 0, 0, 0, 0, 0, 0, 0.341796875, 0, 23.33984375, 0, 0, 0, 0, 0.48828125, 0.9765625], "key_strength": 0.781727492809, "key_scale": "major", "chords_strength": {"dvar": 0.000987019040622, "var": 0.0232613421977, "median": 0.616449117661, "max": 0.812846362591, "dmean": 0.00975616555661, "dmean2": 0.00933760404587, "mean": 0.599758923054, "dvar2": 0.00176768447272, "min": -1}, "chords_number_rate": 0.00146484375, "tuning_nontempered_energy_ratio": 0.875950694084, "hpcp_entropy": {"dvar": 0.340782910585, "var": 0.753109097481, "median": 1.1739859581, "max": 4.17371892929, "dmean": 0.595031023026, "dmean2": 0.988341748714, "mean": 1.2456599474, "dvar2": 0.808742880821, "min": 0}, "chords_changes_rate": 0.0302734375, "chords_scale": "major"}, "rhythm": {"bpm_histogram_first_peak_spread": {"dvar": 0, "var": 0, "median": 0, "max": 0, "dmean": 0, "dmean2": 0, "mean": 0, "dvar2": 0, "min": 0}, "bpm_histogram_first_peak_weight": {"dvar": 0, "var": 0, "median": 0.322580635548, "max": 0.322580635548, "dmean": 0, "dmean2": 0, "mean": 0.322580635548, "dvar2": 0, "min": 0.322580635548}, "bpm_histogram_first_peak_bpm": {"dvar": 0, "var": 0, "median": 178, "max": 178, "dmean": 0, "dmean2": 0, "mean": 178, "dvar2": 0, "min": 178}, "bpm": 178.205825806, "bpm_histogram_second_peak_weight": {"dvar": 0, "var": 0, "median": 0.308243721724, "max": 0.308243721724, "dmean": 0, "dmean2": 0, "mean": 0.308243721724, "dvar2": 0, "min": 0.308243721724}, "beats_loudness": {"dvar": 0.000587042653933, "var": 0.000778549117967, "median": 0.0227304361761, "max": 0.138164043427, "dmean": 0.0244293659925, "dmean2": 0.0446612425148, "mean": 0.0299609974027, "dvar2": 0.00152269925456, "min": 1.39135867272e-08}, "beats_loudness_band_ratio": {"dvar": [0.00368967582472, 0.0775985047221, 0.0795752257109, 0.000362387654604, 0.000752236810513, 0.016783811152], "var": [0.00504728173837, 0.0998377650976, 0.0902482792735, 0.000237846907112, 0.000431633321568, 0.0186279211193], "median": [0.00710531603545, 0.782002091408, 0.162252128124, 0.00322042545304, 0.00249985558912, 0.00107991998084], "max": [0.689116239548, 0.99785900116, 0.983886182308, 0.12273593992, 0.181832239032, 0.95730471611], "dmean": [0.0281784776598, 0.368127405643, 0.360838532448, 0.0119855310768, 0.0125354398042, 0.0402117595077], "dmean2": [0.0435072742403, 0.659438729286, 0.662272930145, 0.0226514600217, 0.0238947235048, 0.0772945135832], "mean": [0.0300750043243, 0.661222457886, 0.296567767859, 0.00869269203395, 0.00822753179818, 0.0321438200772], "dvar2": [0.00546628748998, 0.249845519662, 0.261910289526, 0.00105164200068, 0.00221624784172, 0.0459447838366], "min": [4.98652625538e-05, 3.16882615152e-05, 8.25116221677e-05, 0.000184359014384, 3.86053761758e-05, 7.2286361501e-06]}, "bpm_histogram_second_peak_bpm": {"dvar": 0, "var": 0, "median": 172, "max": 172, "dmean": 0, "dmean2": 0, "mean": 172, "dvar2": 0, "min": 172}, "onset_rate": 3.72432088852, "beats_count": 280, "beats_position": [0.359909296036, 0.719818592072, 1.06811785698, 1.40480720997, 1.71827661991, 2.03174591064, 2.35682535172, 2.68190479279, 3.01859402657, 3.34367346764, 3.66875267029, 3.99383211136, 4.31891155243, 4.63238096237, 4.96907043457, 5.30575942993, 5.64244890213, 5.99074840546, 6.31582736969, 6.62929677963, 6.9543762207, 7.26784563065, 7.59292507172, 7.94122457504, 8.26630401611, 8.57977294922, 8.893242836, 9.21832180023, 9.54340076447, 9.8800907135, 10.2167797089, 10.5418596268, 10.8785486221, 11.2152376175, 11.5635375977, 11.900226593, 12.2136955261, 12.538775444, 12.8638544083, 13.1889343262, 13.5140132904, 13.8274831772, 14.1409521103, 14.4544210434, 14.7678909302, 15.0929698944, 15.4412698746, 15.7895689011, 16.1262588501, 16.4629478455, 16.7996368408, 17.1363258362, 17.4614048004, 17.786485672, 18.1115646362, 18.4598636627, 18.784942627, 19.1100215912, 19.4351024628, 19.7717914581, 20.1084804535, 20.4335594177, 20.7818584442, 21.1069393158, 21.4436283112, 21.7803173065, 22.128616333, 22.4769153595, 22.8019943237, 23.1154651642, 23.4521541595, 23.7772331238, 24.1139221191, 24.4390010834, 24.7756919861, 25.1007709503, 25.4374599457, 25.7625389099, 26.0992279053, 26.4243087769, 26.7609977722, 27.0860767365, 27.4227657318, 27.7710647583, 28.1309738159, 28.4908847809, 28.8275737762, 29.1758728027, 29.5125617981, 29.8376407623, 30.1743297577, 30.4994106293, 30.8360996246, 31.1843986511, 31.5326976776, 31.869386673, 32.2060775757, 32.5543746948, 32.8794555664, 33.204536438, 33.5412254333, 33.8546943665, 34.1913833618, 34.5048522949, 34.8299331665, 35.1434020996, 35.4684791565, 35.8051681519, 36.1302490234, 36.4669380188, 36.8036270142, 37.151927948, 37.5002250671, 37.848526001, 38.1968231201, 38.5335159302, 38.8702049255, 39.1952819824, 39.520362854, 39.8454399109, 40.1821289063, 40.5072097778, 40.8438987732, 41.1805877686, 41.5172767639, 41.8655776978, 42.2138786316, 42.550567627, 42.8872566223, 43.2355537415, 43.560634613, 43.8973236084, 44.22240448, 44.5358734131, 44.8841705322, 45.2324714661, 45.5807685852, 45.9058494568, 46.2541503906, 46.5792274475, 46.9043083191, 47.2409973145, 47.5776863098, 47.9259872437, 48.262676239, 48.5993652344, 48.9476623535, 49.2959632874, 49.6210403442, 49.9577331543, 50.3060302734, 50.6427192688, 50.9910202026, 51.3393173218, 51.6876182556, 52.024307251, 52.3609962463, 52.6976852417, 53.0575942993, 53.4058952332, 53.7541923523, 54.1024932861, 54.45079422, 54.7990913391, 55.1473922729, 55.4956893921, 55.8439903259, 56.1922874451, 56.5405883789, 56.8772773743, 57.2139663696, 57.5622673035, 57.8989562988, 58.2356452942, 58.583946228, 58.9322433472, 59.280544281, 59.6288414001, 59.9655303955, 60.3022193909, 60.6273002625, 60.9407691956, 61.2774581909, 61.6025390625, 61.9392280579, 62.2643089294, 62.6009979248, 62.9492950439, 63.2975959778, 63.6575050354, 63.9941940308, 64.3424911499, 64.6907958984, 65.0390930176, 65.3873901367, 65.7240829468, 66.0723800659, 66.409072876, 66.7573699951, 67.0824508667, 67.4307479858, 67.7558288574, 68.0925140381, 68.4292068481, 68.7775039673, 69.1258010864, 69.474105835, 69.8340148926, 70.1823120117, 70.5422210693, 70.8905181885, 71.238822937, 71.5638961792, 71.8889770508, 72.2140579224, 72.5391387939, 72.8874359131, 73.2241287231, 73.5608139038, 73.8975067139, 74.2341918945, 74.5708847046, 74.9307937622, 75.2674789429, 75.6041717529, 75.9524688721, 76.3007659912, 76.6374588013, 76.9741516113, 77.3224487305, 77.6707458496, 78.0074386597, 78.3441238403, 78.6808166504, 79.0175018311, 79.3541946411, 79.6908798218, 80.0159606934, 80.3642578125, 80.712562561, 81.0608596802, 81.4091567993, 81.7574615479, 82.08253479, 82.4192276001, 82.7559204102, 83.1158294678, 83.4525146484, 83.8124237061, 84.1607208252, 84.5090255737, 84.8689346313, 85.2172317505, 85.5423126221, 85.8906097412, 86.2273025513, 86.5755996704, 86.935508728, 87.2954177856, 87.6553268433, 87.9804077148, 88.328704834, 88.6770019531, 89.0369110107, 89.3968200684, 89.7683410645, 90.151473999, 90.5229949951, 90.8596801758, 91.2079772949, 91.5330581665, 91.8465270996, 92.1599960327, 92.5083007813, 92.8449859619, 93.181678772, 93.5299758911, 93.8782730103, 94.2265777588, 94.5748748779], "danceability": 1.18467223644, "bpm_histogram_second_peak_spread": {"dvar": 0, "var": 0, "median": 0, "max": 0, "dmean": 0, "dmean2": 0, "mean": 0, "dvar2": 0, "min": 0}}, "lowlevel": {"spectral_flux": {"dvar": 0.00119005970191, "var": 0.00152963690925, "median": 0.0246535725892, "max": 0.294199734926, "dmean": 0.0207940209657, "dmean2": 0.0335437171161, "mean": 0.0364699698985, "dvar2": 0.00298627419397, "min": 1.00874052167e-10}, "spectral_rolloff": {"dvar": 660893.6875, "var": 10014022, "median": 409.130859375, "max": 21963.8671875, "dmean": 184.020111084, "dmean2": 318.638397217, "mean": 1110.36560059, "dvar2": 1311353.625, "min": 64.599609375}, "barkbands_flatness_db": {"dvar": 0.00109952641651, "var": 0.00789741240442, "median": 0.348811805248, "max": 0.658637404442, "dmean": 0.0328286997974, "dmean2": 0.0454675965011, "mean": 0.350544124842, "dvar2": 0.0021135492716, "min": 0.0620783045888}, "spectral_centroid": {"dvar": 146456.4375, "var": 755030.875, "median": 384.582641602, "max": 11210.6933594, "dmean": 124.063514709, "dmean2": 170.14263916, "mean": 648.309875488, "dvar2": 219212.65625, "min": 205.726226807}, "melbands_skewness": {"dvar": 2.64835977554, "var": 8.45522975922, "median": 4.22736120224, "max": 27.6878948212, "dmean": 1.34691345692, "dmean2": 1.97168719769, "mean": 4.54179048538, "dvar2": 6.09496545792, "min": -6.93000507355}, "melbands": {"dvar": [3.22348640835e-11, 1.0186936017e-10, 1.84857418262e-09, 3.96417249249e-07, 2.55429836216e-06, 1.97813710656e-06, 2.05583478419e-06, 6.02525247473e-08, 1.87134152618e-09, 1.11914677525e-09, 1.12998901902e-10, 1.5329439107e-10, 5.32578980916e-11, 1.99679283525e-11, 5.89552061683e-12, 3.90902804917e-12, 1.86508924624e-12, 9.56468498153e-12, 6.73604878473e-12, 1.66873708862e-12, 4.18044722103e-13, 1.6103419054e-13, 2.75225832793e-13, 2.04517501025e-13, 5.3673471917e-13, 1.78276081506e-13, 1.45271316677e-12, 1.35809625264e-12, 6.6356604456e-13, 3.38168165345e-12, 3.77270159557e-11, 9.3496113629e-11, 6.54377801945e-11, 4.4516530219e-12, 1.97060488587e-12, 3.65204286083e-13, 2.90057352594e-14, 6.16268561654e-15, 2.00629303854e-15, 6.22256078739e-16], "var": [2.12768795638e-11, 6.49346826309e-11, 3.6552809668e-09, 1.21931475405e-06, 1.38651957968e-05, 5.20128060089e-06, 2.89339914161e-06, 1.16037796261e-07, 8.42229930242e-09, 5.87247805939e-09, 3.8618547249e-10, 5.29680632688e-10, 1.18316148545e-10, 3.56506768551e-11, 1.68950374524e-11, 1.08095719875e-11, 2.26145643011e-12, 1.78563934472e-11, 1.00783817056e-11, 3.87177182676e-12, 6.6755834801e-13, 3.57513687708e-13, 5.23680491332e-13, 3.01013527255e-13, 8.89886200752e-13, 4.52131957091e-13, 2.01141880929e-12, 2.50949174635e-12, 9.33805875507e-13, 3.60316854478e-12, 3.73746346372e-11, 9.68212662822e-11, 1.44924697243e-10, 6.68714042473e-12, 2.71000474665e-12, 4.93052701531e-13, 5.60299758521e-14, 1.57303962472e-14, 4.53654752923e-15, 1.01159514352e-15], "median": [4.79100776829e-07, 8.58399403114e-07, 7.24672190699e-06, 0.000276043399936, 0.000406339328038, 0.000175542591023, 5.96947065787e-05, 3.10881659971e-05, 3.04449349642e-06, 1.88249873645e-06, 8.6243522901e-07, 1.33770208777e-06, 2.66920295644e-07, 1.38797972227e-07, 1.66674013258e-07, 1.96397223817e-07, 8.25138357641e-08, 2.35971683082e-07, 1.9454924427e-07, 1.83227371053e-07, 1.15869397632e-07, 7.75146133947e-08, 8.73098997545e-08, 5.02004020575e-08, 7.76944020231e-08, 7.07484275608e-08, 3.19740962595e-08, 4.06247515627e-08, 8.80114043866e-08, 5.14421856224e-08, 2.83356715869e-08, 2.24194902643e-08, 1.35874067553e-08, 6.35769303869e-09, 4.7236978773e-09, 8.03132849114e-09, 1.09912878798e-08, 5.8055151797e-09, 4.15745482485e-09, 1.32841326828e-09], "max": [0.000185541852261, 0.000273675599601, 0.000579347426537, 0.00901284068823, 0.0296791642904, 0.0307591147721, 0.0250265132636, 0.00481188623235, 0.00112321798224, 0.0012797586387, 0.000398739997763, 0.000365791958757, 0.000362890859833, 0.000229049139307, 0.000105660728877, 6.35075921309e-05, 5.68118193769e-05, 8.53650999488e-05, 8.43656816869e-05, 4.8881793191e-05, 1.55319703481e-05, 1.34702522701e-05, 9.69820939645e-06, 1.87186087715e-05, 3.11470721499e-05, 1.31946262627e-05, 5.766821414e-05, 7.27260121494e-05, 2.19712528633e-05, 5.59969012102e-05, 0.000158510621986, 0.000431633117842, 0.00040696785436, 5.14019557158e-05, 4.93545776408e-05, 1.88345402421e-05, 4.20619335273e-06, 1.92509378394e-06, 1.40989993724e-06, 6.52805965728e-07], "dmean": [1.21577056689e-06, 2.57540568782e-06, 1.82453659363e-05, 0.000291567645036, 0.000599297287408, 0.000499303394463, 0.000423495308496, 7.98172331997e-05, 1.49924408106e-05, 7.75865919422e-06, 2.46950594374e-06, 3.68812766283e-06, 1.16554167562e-06, 6.53322558719e-07, 5.64040988138e-07, 6.3078346102e-07, 2.78867673842e-07, 8.94918230188e-07, 6.60269733999e-07, 4.18560063054e-07, 2.56128373621e-07, 1.63164031619e-07, 2.28416240589e-07, 1.24303127791e-07, 1.94532205455e-07, 1.76041851319e-07, 1.296801031e-07, 1.53859545549e-07, 2.45219041517e-07, 3.06493063817e-07, 7.21657272607e-07, 1.04240325527e-06, 7.8256755387e-07, 3.30010948346e-07, 1.66749970276e-07, 8.3664964734e-08, 4.19220533843e-08, 2.19739941798e-08, 1.4175419949e-08, 6.53496146086e-09], "dmean2": [2.06000527214e-06, 4.51312234873e-06, 2.79940650216e-05, 0.000411607383285, 0.000751296582166, 0.000643820618279, 0.000623877625912, 0.000109113876533, 1.8831984562e-05, 1.03124148154e-05, 3.4104673432e-06, 4.63302649223e-06, 1.63120012076e-06, 9.96635662887e-07, 7.99331928647e-07, 9.22375193113e-07, 4.22511362785e-07, 1.25108147131e-06, 9.59951989898e-07, 6.29358225979e-07, 3.94199815901e-07, 2.47866324798e-07, 3.56807674962e-07, 1.94131288822e-07, 3.11600643954e-07, 2.80823286403e-07, 2.13683534867e-07, 2.40270537688e-07, 4.04533579967e-07, 5.04222839481e-07, 1.17649642561e-06, 1.61107618624e-06, 1.13279668312e-06, 5.06156084157e-07, 2.57576800777e-07, 1.27546840645e-07, 6.29197600688e-08, 3.07704546287e-08, 2.05980636991e-08, 9.8199723908e-09], "mean": [1.22335154629e-06, 2.51573737842e-06, 3.10511422867e-05, 0.000700441247318, 0.00184837158304, 0.00101811334025, 0.000572394230403, 0.000141285985592, 3.80996061722e-05, 1.72071650013e-05, 5.4742440625e-06, 7.86034888733e-06, 2.33292212215e-06, 1.1472765209e-06, 9.73057808551e-07, 9.87873477243e-07, 4.28019632182e-07, 1.38560426421e-06, 9.99043095362e-07, 6.42276347662e-07, 3.92666549942e-07, 2.65582059455e-07, 3.35689350095e-07, 2.11665081906e-07, 3.43579898754e-07, 2.91033728672e-07, 1.79420965196e-07, 2.17544737779e-07, 3.18619271411e-07, 3.48005471551e-07, 7.28963186702e-07, 1.18949765238e-06, 1.15202533379e-06, 3.94222041677e-07, 1.98592545075e-07, 1.15522958311e-07, 6.89592241088e-08, 3.81758944457e-08, 2.41564137582e-08, 1.03749275837e-08], "dvar2": [8.9914894974e-11, 2.92147500636e-10, 4.30039959198e-09, 8.33464753214e-07, 4.18476884079e-06, 3.68742189494e-06, 4.93524476042e-06, 1.293161489e-07, 3.3056386517e-09, 1.86882864739e-09, 2.37336844622e-10, 2.14012002564e-10, 9.99054172723e-11, 4.5243121749e-11, 9.43687229055e-12, 7.46630621912e-12, 4.6437684427e-12, 1.88373101839e-11, 1.35173712501e-11, 2.78207209874e-12, 1.03152328259e-12, 3.27766026126e-13, 6.31762816974e-13, 5.32736723659e-13, 1.38287103123e-12, 3.86412202149e-13, 3.73453698521e-12, 2.91837430957e-12, 1.64880717586e-12, 8.43701931236e-12, 9.58136001095e-11, 2.25141433274e-10, 1.16658446792e-10, 1.04168661544e-11, 3.92248776862e-12, 8.47213954807e-13, 5.73903853043e-14, 1.0532107616e-14, 3.61071553041e-15, 1.45148857567e-15], "min": [2.34598595186e-24, 5.04014158069e-24, 9.26314317043e-24, 1.27400436659e-23, 5.36255376582e-24, 5.58111320164e-24, 3.10009418155e-24, 4.54369169151e-24, 6.43784809358e-24, 2.62258149004e-24, 5.15888565731e-24, 9.25377939149e-24, 7.57629507553e-24, 9.70136644734e-24, 5.00916025193e-24, 3.55376000231e-24, 6.59226169932e-24, 8.14926841682e-24, 8.61536293836e-24, 9.58869502197e-24, 1.13647096427e-23, 7.6033182947e-24, 8.3036074752e-24, 1.01710865736e-23, 8.16602224472e-24, 4.71098660698e-24, 6.08489239749e-24, 1.24980881933e-23, 8.01320963219e-24, 9.70263178023e-24, 9.46751415401e-24, 9.32360462565e-24, 8.60143086592e-24, 7.76517756409e-24, 1.12360487957e-23, 1.04445483618e-23, 1.14984594315e-23, 9.7967736518e-24, 9.83704342329e-24, 1.16582447855e-23]}, "spectral_decrease": {"dvar": 8.04438026073e-18, "var": 2.67900076866e-17, "median": -1.81678472266e-09, "max": 5.91783888467e-15, "dmean": 1.47406065132e-09, "dmean2": 1.92321647496e-09, "mean": -3.79057230049e-09, "dvar2": 1.62734236301e-17, "min": -3.71129900145e-08}, "barkbands_kurtosis": {"dvar": 42913.515625, "var": 136661.171875, "median": 47.3002319336, "max": 7696.93310547, "dmean": 56.2907867432, "dmean2": 81.0709533691, "mean": 122.423942566, "dvar2": 87927.59375, "min": -1.98697698116}, "silence_rate_30dB": {"dvar": 0.00389381125569, "var": 0.00413513462991, "median": 1, "max": 1, "dmean": 0.00390911335126, "dmean2": 0.00782013684511, "mean": 0.995847582817, "dvar2": 0.00922514684498, "min": 0}, "gfcc": {"mean": [-225.560470581, 124.766288757, -108.596122742, 18.3952331543, -100.792686462, -35.703704834, -59.1867027283, -27.3476276398, -13.5637207031, -13.1168031693, 1.84091079235, -11.2750453949, 14.8248214722], "cov": [[17759.703125, 2856.34008789, -2187.47192383, 513.498291016, -2235.11010742, -726.407348633, -1572.42687988, -350.027832031, -736.304260254, -250.299194336, -86.5778961182, -487.47946167, 301.701965332], [2856.34008789, 2516.96069336, -99.5863342285, -634.921325684, 4.76972484589, -510.480102539, -349.441558838, -406.18536377, -76.1971664429, -208.534317017, 87.5424957275, -112.590866089, 88.6520690918], [-2187.47192383, -99.5863342285, 1044.77990723, -171.820510864, 190.214920044, 60.9634437561, 56.8099098206, -41.9953079224, 49.9664497375, -30.0729045868, -34.5104827881, 88.689201355, -87.8383712769], [513.498291016, -634.921325684, -171.820510864, 977.931396484, -226.307907104, 70.1044082642, 38.420124054, 23.3159980774, 32.4870300293, -27.2609081268, -143.146759033, 48.7809753418, -88.631439209], [-2235.11010742, 4.76972484589, 190.214920044, -226.307907104, 641.904296875, -31.8548965454, 155.949920654, -13.4440612793, 77.3142242432, -5.41325187683, 55.328830719, 32.4610710144, -30.3055038452], [-726.407348633, -510.480102539, 60.9634437561, 70.1044082642, -31.8548965454, 409.049591064, 144.327941895, 41.7360458374, 1.29476249218, 74.2339172363, -47.9699363708, -38.5467796326, -34.8860626221], [-1572.42687988, -349.441558838, 56.8099098206, 38.420124054, 155.949920654, 144.327941895, 316.893066406, 0.485719025135, 90.7773361206, 55.5974388123, -8.78027439117, 53.5504875183, -31.7611083984], [-350.027832031, -406.18536377, -41.9953079224, 23.3159980774, -13.4440612793, 41.7360458374, 0.485719025135, 406.352600098, -30.5951824188, 0.607454478741, 36.4347496033, -26.9642219543, -0.12728407979], [-736.304260254, -76.1971664429, 49.9664497375, 32.4870300293, 77.3142242432, 1.29476249218, 90.7773361206, -30.5951824188, 227.920471191, 70.0675354004, 9.84354019165, 95.5170440674, -28.3500804901], [-250.299194336, -208.534317017, -30.0729045868, -27.2609081268, -5.41325187683, 74.2339172363, 55.5974388123, 0.607454478741, 70.0675354004, 213.923248291, 57.0140571594, 41.8430137634, 29.5122566223], [-86.5778961182, 87.5424957275, -34.5104827881, -143.146759033, 55.328830719, -47.9699363708, -8.78027439117, 36.4347496033, 9.84354019165, 57.0140571594, 200.864837646, 40.2021217346, 23.9618186951], [-487.47946167, -112.590866089, 88.689201355, 48.7809753418, 32.4610710144, -38.5467796326, 53.5504875183, -26.9642219543, 95.5170440674, 41.8430137634, 40.2021217346, 209.390533447, 15.1310577393], [301.701965332, 88.6520690918, -87.8383712769, -88.631439209, -30.3055038452, -34.8860626221, -31.7611083984, -0.12728407979, -28.3500804901, 29.5122566223, 23.9618186951, 15.1310577393, 137.776824951]], "icov": [[0.000397851486923, -0.000317118421663, 0.00056060787756, -0.000153447224875, 0.00085372623289, 1.86828185633e-06, 0.00104762788396, 0.000144182165968, 0.000497061177157, -0.000244082286372, 0.000115196729894, -3.90150562453e-05, 0.000160247378517], [-0.000317118421663, 0.00126505631488, -0.000351204274921, 0.000676495663356, -0.0005261041224, 0.000764540513046, -0.000391534296796, 0.0008428543224, -0.000761317263823, 0.00100654049311, -0.000446869380539, 0.000616415520199, -0.000282146589598], [0.00056060787756, -0.000351204274921, 0.00205311574973, 0.000217166656512, 0.000945859123021, -0.000253423495451, 0.00173771567643, 0.000326914800098, 0.000797001062892, -0.000119666583487, 0.000642294238787, -0.000947295862716, 0.00117374979891], [-0.000153447224875, 0.000676495663356, 0.000217166656512, 0.00187968008686, 0.000215620937524, 0.000346308894223, -0.000330436218064, 0.000294369936455, -0.000338546698913, 0.000582293432672, 0.000812065729406, -0.00056317349663, 0.00103381264489], [0.00085372623289, -0.0005261041224, 0.000945859123021, 0.000215620937524, 0.00410039629787, 0.000658103439491, 0.000982945784926, 0.000448274251539, 0.000593674252741, -3.8903181121e-06, -0.000257722043898, 0.000278562569292, 0.000643567065708], [1.86828185633e-06, 0.000764540513046, -0.000253423495451, 0.000346308894223, 0.000658103439491, 0.00436572963372, -0.00159660214558, 0.000382100755814, 0.000424906407716, -0.000953482987825, 0.000490246224217, 0.00146827334538, 0.000492823775858], [0.00104762788396, -0.000391534296796, 0.00173771567643, -0.000330436218064, 0.000982945784926, -0.00159660214558, 0.00822140555829, 0.000793896731921, 6.9836009061e-05, -0.000588398892432, 0.000515419233125, -0.000942176906392, 0.000715302536264], [0.000144182165968, 0.0008428543224, 0.000326914800098, 0.000294369936455, 0.000448274251539, 0.000382100755814, 0.000793896731921, 0.00357604329474, 3.999854016e-05, 0.00086509808898, -0.00108764518518, 0.000869558250997, -0.000162013893714], [0.000497061177157, -0.000761317263823, 0.000797001062892, -0.000338546698913, 0.000593674252741, 0.000424906407716, 6.9836009061e-05, 3.999854016e-05, 0.00767414551228, -0.00280055566691, 0.00109690031968, -0.00285144872032, 0.00224742107093], [-0.000244082286372, 0.00100654049311, -0.000119666583487, 0.000582293432672, -3.8903181121e-06, -0.000953482987825, -0.000588398892432, 0.00086509808898, -0.00280055566691, 0.00768869929016, -0.00242762826383, 0.000328761554556, -0.00202910625376], [0.000115196729894, -0.000446869380539, 0.000642294238787, 0.000812065729406, -0.000257722043898, 0.000490246224217, 0.000515419233125, -0.00108764518518, 0.00109690031968, -0.00242762826383, 0.00726221268997, -0.00204670755193, 0.000859888328705], [-3.90150562453e-05, 0.000616415520199, -0.000947295862716, -0.00056317349663, 0.000278562569292, 0.00146827334538, -0.000942176906392, 0.000869558250997, -0.00285144872032, 0.000328761554556, -0.00204670755193, 0.00791812315583, -0.00223155878484], [0.000160247378517, -0.000282146589598, 0.00117374979891, 0.00103381264489, 0.000643567065708, 0.000492823775858, 0.000715302536264, -0.000162013893714, 0.00224742107093, -0.00202910625376, 0.000859888328705, -0.00223155878484, 0.0099258236587]]}, "silence_rate_20dB": {"dvar": 0, "var": 0, "median": 1, "max": 1, "dmean": 0, "dmean2": 0, "mean": 1, "dvar2": 0, "min": 1}, "barkbands_skewness": {"dvar": 7.94877052307, "var": 36.2510108948, "median": 5.07305335999, "max": 64.5513458252, "dmean": 1.78469026089, "dmean2": 2.53699636459, "mean": 5.7045583725, "dvar2": 17.0547027588, "min": -24.599275589}, "erbbands_skewness": {"dvar": 1.29492747784, "var": 5.58434152603, "median": 3.02873039246, "max": 13.1498947144, "dmean": 0.926714837551, "dmean2": 1.28343594074, "mean": 3.25185394287, "dvar2": 2.47588849068, "min": -8.42809963226}, "spectral_contrast_valleys": {"dvar": [0.165187671781, 0.283560633659, 0.185176134109, 0.189525559545, 0.172654539347, 0.146729201078], "var": [2.3201482296, 2.66793727875, 2.12264037132, 2.03342008591, 2.0406908989, 1.60251498222], "median": [-10.0726566315, -8.53877544403, -9.73863124847, -10.201669693, -9.87299156189, -12.4081020355], "max": [-7.33247470856, -5.60830068588, -6.44559621811, -7.41559028625, -7.09591722488, -9.19746398926], "dmean": [0.472521871328, 0.516024112701, 0.406704723835, 0.40953502059, 0.365504086018, 0.333574175835], "dmean2": [0.759621202946, 0.814131677151, 0.623146295547, 0.609470188618, 0.497621893883, 0.460053175688], "mean": [-10.2181692123, -8.72889137268, -9.99787330627, -10.4768209457, -10.1469144821, -12.5803985596], "dvar2": [0.357294201851, 0.590200424194, 0.353121310472, 0.348563313484, 0.277510195971, 0.23213493824], "min": [-27.8263492584, -27.5704402924, -27.3507423401, -27.3815803528, -27.2725887299, -27.2939548492]}, "spectral_strongpeak": {"dvar": 0.304325312376, "var": 0.823004603386, "median": 0.681914389133, "max": 11.7918605804, "dmean": 0.333833128214, "dmean2": 0.478931605816, "mean": 0.97687125206, "dvar2": 0.668876349926, "min": 0}, "erbbands_crest": {"dvar": 9.85042762756, "var": 39.1248016357, "median": 17.6523933411, "max": 33.2017288208, "dmean": 2.9623978138, "dmean2": 4.45516681671, "mean": 17.9959812164, "dvar2": 22.8625183105, "min": 2.87954139709}, "barkbands_crest": {"dvar": 7.06411647797, "var": 22.7509632111, "median": 19.356967926, "max": 26.9704208374, "dmean": 2.41925382614, "dmean2": 3.64345812798, "mean": 18.914396286, "dvar2": 17.0604076385, "min": 4.84498786926}, "spectral_energyband_middle_low": {"dvar": 0.000121542150737, "var": 0.000401800090913, "median": 0.00688141398132, "max": 0.144742339849, "dmean": 0.00570828747004, "dmean2": 0.00744691677392, "mean": 0.0145620331168, "dvar2": 0.00024633857538, "min": 2.14627368102e-22}, "spectral_contrast_coeffs": {"dvar": [0.00270160660148, 0.00282111903653, 0.000932420196477, 0.00073331699241, 0.000466213590698, 0.000536932318937], "var": [0.0269024893641, 0.0169750079513, 0.00597445294261, 0.00353803252801, 0.00223827408627, 0.003988284152], "median": [-0.453265756369, -0.552621722221, -0.746080696583, -0.790499150753, -0.805335819721, -0.772859454155], "max": [-0.173089370131, -0.242189735174, -0.529367446899, -0.59532481432, -0.635172307491, -0.510828018188], "dmean": [0.0485486127436, 0.052991040051, 0.0352215208113, 0.0311724934727, 0.02444447577, 0.0246852319688], "dmean2": [0.0761760249734, 0.0829392746091, 0.0544956214726, 0.0498365163803, 0.0378652177751, 0.037065718323], "mean": [-0.496791362762, -0.555081784725, -0.747193098068, -0.787912786007, -0.806000649929, -0.769948363304], "dvar2": [0.00580937601626, 0.0061498186551, 0.00217554531991, 0.00169936276507, 0.00105189473834, 0.00114056514576], "min": [-0.95786601305, -0.964993596077, -0.962951242924, -0.959338963032, -0.959913611412, -0.962525367737]}, "hfc": {"dvar": 20.0622577667, "var": 53.1519508362, "median": 2.69772577286, "max": 71.6272277832, "dmean": 2.31409645081, "dmean2": 3.0823097229, "mean": 5.53638982773, "dvar2": 42.1774139404, "min": 1.11197016243e-16}, "spectral_energyband_high": {"dvar": 1.46131867496e-07, "var": 2.92678834057e-07, "median": 1.07214445961e-05, "max": 0.01249650307, "dmean": 6.53586248518e-05, "dmean2": 9.32126349653e-05, "mean": 9.8191005236e-05, "dvar2": 2.79903929368e-07, "min": 7.38826979478e-21}, "erbbands_spread": {"dvar": 179.165313721, "var": 454.296051025, "median": 9.22041702271, "max": 165.717330933, "dmean": 7.05689620972, "dmean2": 10.8352441788, "mean": 17.602640152, "dvar2": 410.230987549, "min": 0.29754075408}, "dissonance": {"dvar": 0.00177573773544, "var": 0.00774926552549, "median": 0.363719701767, "max": 0.5, "dmean": 0.0417311862111, "dmean2": 0.0656403526664, "mean": 0.352331489325, "dvar2": 0.00442265579477, "min": 0.0829205289483}, "spectral_kurtosis": {"dvar": 215.659011841, "var": 832.000427246, "median": 10.136133194, "max": 293.216918945, "dmean": 8.9690580368, "dmean2": 14.0118770599, "mean": 19.6758861542, "dvar2": 543.874328613, "min": -1.42559325695}, "spectral_skewness": {"dvar": 0.622385144234, "var": 4.44021654129, "median": 2.5948381424, "max": 15.1139802933, "dmean": 0.701639354229, "dmean2": 1.0274348259, "mean": 3.00503945351, "dvar2": 1.24099731445, "min": -0.903614342213}, "pitch_salience": {"dvar": 0.00838572438806, "var": 0.0278492514044, "median": 0.420132040977, "max": 0.917029678822, "dmean": 0.0784874558449, "dmean2": 0.123004347086, "mean": 0.410423666239, "dvar2": 0.0207655560225, "min": 0.0270170848817}, "spectral_complexity": {"dvar": 0.904727458954, "var": 3.53486919403, "median": 3, "max": 13, "dmean": 0.702663064003, "dmean2": 1.16911041737, "mean": 3.39423537254, "dvar2": 1.98459935188, "min": 0}, "spectral_spread": {"dvar": 874907697152, "var": 6849329889280.0, "median": 3291535.5, "max": 40850748, "dmean": 633908.125, "dmean2": 971104.1875, "mean": 3677456.75, "dvar2": 1570737487870.0, "min": 391797.21875}, "dynamic_complexity": 6.5874171257, "melbands_crest": {"dvar": 10.5694007874, "var": 39.2597541809, "median": 22.1235466003, "max": 39.4709205627, "dmean": 2.90997648239, "dmean2": 4.44881820679, "mean": 21.7529602051, "dvar2": 26.8192214966, "min": 1.70099556446}, "zerocrossingrate": {"dvar": 0.000377097836463, "var": 0.0137514797971, "median": 0.01904296875, "max": 0.8642578125, "dmean": 0.00664363149554, "dmean2": 0.00729498406872, "mean": 0.0448258630931, "dvar2": 0.000463628355647, "min": 0.009765625}, "spectral_energyband_low": {"dvar": 2.12373074682e-09, "var": 1.5537866549e-09, "median": 5.14941984875e-06, "max": 0.00107346614823, "dmean": 1.41212231028e-05, "dmean2": 2.41724155785e-05, "mean": 1.52801785589e-05, "dvar2": 5.94137050669e-09, "min": 2.3862423916e-23}, "melbands_kurtosis": {"dvar": 2619.91992188, "var": 4943.00585938, "median": 45.0813484192, "max": 1156.81384277, "dmean": 30.0029582977, "dmean2": 45.5950088501, "mean": 66.1742095947, "dvar2": 6625.62988281, "min": -1.98324251175}, "spectral_energyband_middle_high": {"dvar": 1.94669169673e-08, "var": 8.02700057534e-08, "median": 5.58790125069e-05, "max": 0.00446162093431, "dmean": 5.40652908967e-05, "dmean2": 6.9335270382e-05, "mean": 0.000139491981827, "dvar2": 2.79235354839e-08, "min": 1.32075237743e-21}, "barkbands_spread": {"dvar": 51.5998725891, "var": 108.473701477, "median": 1.69841611385, "max": 159.538589478, "dmean": 2.50292181969, "dmean2": 3.75836372375, "mean": 5.07839727402, "dvar2": 115.033149719, "min": 0.0109419254586}, "mfcc": {"mean": [-855.469848633, 136.825637817, 29.1643428802, 22.3960533142, -17.7486248016, -22.7575836182, -34.4562606812, -31.8383140564, -20.3339233398, -16.5571193695, -18.2476654053, -8.14694881439, -8.05531692505], "cov": [[7534.51757813, 797.910095215, -667.764831543, 204.630126953, -635.21661377, -373.15057373, -488.675720215, -393.713134766, -267.073913574, -134.484161377, -347.636810303, -217.287384033, -252.154800415], [797.910095215, 2255.83935547, -121.704071045, -358.710571289, 136.819915771, -371.897857666, -66.5301513672, -322.286621094, -255.454177856, -120.397201538, -149.839706421, -90.6603851318, -158.544891357], [-667.764831543, -121.704071045, 763.418334961, 0.728497624397, -10.7089166641, 101.300201416, -82.3980789185, 46.2520866394, -22.513004303, -61.1589050293, 58.4972496033, 37.4010162354, -58.2502288818], [204.630126953, -358.710571289, 0.728497624397, 563.467651367, 16.8444728851, 34.5635070801, -132.673171997, 101.543869019, 20.2569923401, -104.981201172, 20.4382534027, 11.5089225769, 25.3874053955], [-635.21661377, 136.819915771, -10.7089166641, 16.8444728851, 305.482055664, -56.2130317688, 45.1914863586, 25.8074474335, -23.3553161621, -0.578490495682, 3.55038952827, 39.7457084656, -13.0583639145], [-373.15057373, -371.897857666, 101.300201416, 34.5635070801, -56.2130317688, 528.38482666, -16.3438282013, 5.50661325455, 32.6808166504, 74.3053588867, 37.18724823, -122.579597473, 134.82170105], [-488.675720215, -66.5301513672, -82.3980789185, -132.673171997, 45.1914863586, -16.3438282013, 285.671905518, 29.8147296906, 19.7217483521, 75.720375061, 1.95031225681, 24.2396411896, -3.38731861115], [-393.713134766, -322.286621094, 46.2520866394, 101.543869019, 25.8074474335, 5.50661325455, 29.8147296906, 251.052368164, 58.4817733765, -24.6979160309, 74.46484375, 40.3905296326, -24.8108406067], [-267.073913574, -255.454177856, -22.513004303, 20.2569923401, -23.3553161621, 32.6808166504, 19.7217483521, 58.4817733765, 197.302322388, 45.4861221313, 13.5312852859, 18.9584159851, 14.4144744873], [-134.484161377, -120.397201538, -61.1589050293, -104.981201172, -0.578490495682, 74.3053588867, 75.720375061, -24.6979160309, 45.4861221313, 213.220306396, -9.08296585083, -27.0457420349, 57.1178627014], [-347.636810303, -149.839706421, 58.4972496033, 20.4382534027, 3.55038952827, 37.18724823, 1.95031225681, 74.46484375, 13.5312852859, -9.08296585083, 184.809753418, 82.2398452759, -18.2582569122], [-217.287384033, -90.6603851318, 37.4010162354, 11.5089225769, 39.7457084656, -122.579597473, 24.2396411896, 40.3905296326, 18.9584159851, -27.0457420349, 82.2398452759, 219.217559814, -14.0495681763], [-252.154800415, -158.544891357, -58.2502288818, 25.3874053955, -13.0583639145, 134.82170105, -3.38731861115, -24.8108406067, 14.4144744873, 57.1178627014, -18.2582569122, -14.0495681763, 244.995269775]], "icov": [[0.000305037683574, -1.12556435852e-05, 0.000309211987769, -0.000144262245158, 0.000647293054499, 6.6692387918e-05, 0.000451002793852, 0.00016534558381, 0.000403019948862, -0.000160814946867, 0.000436388276285, -9.70240434981e-05, 0.000456653680885], [-1.12556435852e-05, 0.000880444305949, 8.83710745256e-05, 0.000533628975973, -0.000480569637148, 0.000483147799969, 0.000271225027973, 0.00075743929483, 0.000510582176503, 0.000506137963384, -2.25802723435e-05, 0.000536802166607, 0.000193919680896], [0.000309211987769, 8.83710745256e-05, 0.00189673982095, 0.00016777003475, 0.000598516315222, -0.000520702335052, 0.00102280301508, -7.92633218225e-05, 0.00071876385482, 0.000187564830412, 0.000496144115459, -0.00064555730205, 0.0010475179879], [-0.000144262245158, 0.000533628975973, 0.00016777003475, 0.00284285075031, -0.000841114728246, -2.79209580185e-05, 0.00107305741403, -0.000692946545314, -7.53068597987e-05, 0.00136329559609, 3.20707222272e-05, 0.000179997223313, -0.000443346711108], [0.000647293054499, -0.000480569637148, 0.000598516315222, -0.000841114728246, 0.00517581496388, 0.000100126693724, 0.000238831707975, -0.00040450016968, 0.00124930520542, -0.000854228506796, 0.00119888677727, -0.00105349393561, 0.000922373437788], [6.6692387918e-05, 0.000483147799969, -0.000520702335052, -2.79209580185e-05, 0.000100126693724, 0.00356894708239, 4.62865900772e-05, 0.000624822743703, -6.59938232275e-05, -0.000342822866514, -0.00165016530082, 0.00269860681146, -0.00151877186727], [0.000451002793852, 0.000271225027973, 0.00102280301508, 0.00107305741403, 0.000238831707975, 4.62865900772e-05, 0.00552543345839, -0.000691904686391, 0.000862651271746, -0.00131640268955, 0.00115420343354, -0.000774426560383, 0.00106302881613], [0.00016534558381, 0.00075743929483, -7.92633218225e-05, -0.000692946545314, -0.00040450016968, 0.000624822743703, -0.000691904686391, 0.0064246240072, -0.000945001665968, 0.000966405437794, -0.00182939611841, 0.000776418019086, 0.000727443082724], [0.000403019948862, 0.000510582176503, 0.00071876385482, -7.53068597987e-05, 0.00124930520542, -6.59938232275e-05, 0.000862651271746, -0.000945001665968, 0.00699140550569, -0.00147386430763, 0.00120887707453, -0.000874047807883, 0.000915