{"lowlevel": {"spectral_strongpeak": {"max": 12.8594312668, "dmean": 0.818818747997, "dvar2": 3.71811461449, "dmean2": 1.40754282475, "var": 2.75817656517, "median": 0.537121772766, "min": 0, "dvar": 1.50829875469, "mean": 1.3321698904}, "barkbands_flatness_db": {"max": 0.431446075439, "dmean": 0.0177481453866, "dvar2": 0.000774073880166, "dmean2": 0.0274846591055, "var": 0.0025372649543, "median": 0.083548232913, "min": 0.0163739696145, "dvar": 0.00031641573878, "mean": 0.0956512615085}, "barkbands_skewness": {"max": 6.55220270157, "dmean": 0.470026522875, "dvar2": 0.742375016212, "dmean2": 0.742489755154, "var": 0.819738149643, "median": 0.455936700106, "min": -6.83868837357, "dvar": 0.298462539911, "mean": 0.527043879032}, "spectral_energyband_middle_high": {"max": 0.0381048619747, "dmean": 0.00225864280947, "dvar2": 1.66886438819e-05, "dmean2": 0.00359735777602, "var": 3.13489836117e-05, "median": 0.00762250740081, "min": 1.31362541674e-21, "dvar": 6.58533281239e-06, "mean": 0.0087893307209}, "erbbands_kurtosis": {"max": 57.3984489441, "dmean": 0.985293567181, "dvar2": 6.96397161484, "dmean2": 1.57712030411, "var": 6.73629903793, "median": 0.0840792730451, "min": -1.71545124054, "dvar": 3.21867465973, "mean": 0.650516629219}, "erbbands_crest": {"max": 31.3967399597, "dmean": 2.61336779594, "dvar2": 16.261516571, "dmean2": 4.25094223022, "var": 18.835893631, "median": 7.39809846878, "min": 2.31970906258, "dvar": 6.59625911713, "mean": 8.58386898041}, "dynamic_complexity": 2.3400759697, "barkbands_crest": {"max": 26.3273468018, "dmean": 2.68403816223, "dvar2": 22.2207984924, "dmean2": 4.39776039124, "var": 19.6476192474, "median": 7.72796535492, "min": 2.16764616966, "dvar": 8.17284679413, "mean": 8.8391122818}, "dissonance": {"max": 0.500000059605, "dmean": 0.0110735455528, "dvar2": 0.000415221904404, "dmean2": 0.018766572699, "var": 0.000274159247056, "median": 0.487349063158, "min": 0.275774627924, "dvar": 0.000155852059834, "mean": 0.482668370008}, "spectral_energyband_low": {"max": 0.0686003193259, "dmean": 0.00323312939145, "dvar2": 9.35529460548e-05, "dmean2": 0.00517855864018, "var": 5.83106993872e-05, "median": 0.00485998438671, "min": 6.94248336128e-23, "dvar": 3.70405541616e-05, "mean": 0.00678722932935}, "spectral_contrast_coeffs": {"max": [-0.264553636312, -0.377890437841, -0.40688547492, -0.490854620934, -0.581052899361, -0.457379758358], "dmean": [0.0578107871115, 0.0489568226039, 0.0419196598232, 0.0327663123608, 0.0214089080691, 0.0184355806559], "dvar2": [0.00748387956992, 0.00405679084361, 0.00283078476787, 0.00179871823639, 0.00077082606731, 0.000689360313118], "dmean2": [0.0958520546556, 0.0800091028214, 0.0669734105468, 0.0528733953834, 0.0348432101309, 0.0288527309895], "var": [0.00800924003124, 0.00650027161464, 0.00612478516996, 0.00305260252208, 0.00139635638334, 0.00171401246917], "median": [-0.660167276859, -0.757513821125, -0.747591674328, -0.768439352512, -0.786519885063, -0.746055722237], "min": [-0.958651721478, -0.966065764427, -0.971542954445, -0.962827384472, -0.964166343212, -0.962492883205], "dvar": [0.00286697829142, 0.00157083780505, 0.00115891220048, 0.000722228549421, 0.000300759915262, 0.000308548391331], "mean": [-0.660555899143, -0.74978685379, -0.744244456291, -0.763490974903, -0.784470558167, -0.746333897114]}, "silence_rate_60dB": {"max": 1, "dmean": 0.00537760090083, "dvar2": 0.013211726211, "dmean2": 0.0107564600185, "var": 0.0520292781293, "median": 0, "min": 0, "dvar": 0.00534844212234, "mean": 0.0550555214286}, "mfcc": {"icov": [[0.000116736351629, -9.02983665583e-05, -8.37787811179e-05, -9.41214384511e-05, 0.000141762371641, -0.00015709384752, 0.000240967900027, -0.000379345903639, 0.000120955868624, 1.27353368953e-05, 3.25667315337e-05, -0.000374059571186, 0.000362512480933], [-9.02983665583e-05, 0.00202254811302, 0.000795053434558, -0.00126576924231, 0.000216592321522, 0.000228692049859, -0.00098541425541, 0.000115754810395, 0.000304331770167, -0.000711467408109, -7.55557339289e-05, 0.000502623559441, -0.000519098772202], [-8.37787811179e-05, 0.000795053434558, 0.00304480385967, -0.000616620411165, -0.00122801563703, 4.63674223283e-05, 0.000678416108713, -0.00169309705961, 0.00108925788663, 0.000169216538779, -0.00133465509862, 0.000206472293939, 0.00041863010847], [-9.41214384511e-05, -0.00126576924231, -0.000616620411165, 0.00475019821897, -0.00238390918821, -0.000460759270936, 0.000724400684703, 0.00112047512084, -0.00122750434093, 0.000842985522468, 0.000701174489222, -0.000251491030212, 0.000294500292512], [0.000141762371641, 0.000216592321522, -0.00122801563703, -0.00238390918821, 0.00773743027821, -0.00409749522805, 0.00214039790444, -0.000822189147584, -0.000391120032873, -0.00079541746527, 0.000252028665273, -0.00188915035687, -0.00193677446805], [-0.00015709384752, 0.000228692049859, 4.63674223283e-05, -0.000460759270936, -0.00409749522805, 0.0123341605067, -0.00682659773156, 0.000548298412468, 0.00154407380614, 3.40857332048e-05, -0.00102445902303, 0.00314146350138, 0.000467783829663], [0.000240967900027, -0.00098541425541, 0.000678416108713, 0.000724400684703, 0.00214039790444, -0.00682659773156, 0.0156928244978, -0.0087587768212, 0.00137623725459, -4.05887622037e-05, -0.0001125885683, -0.00110658328049, -0.00116314331535], [-0.000379345903639, 0.000115754810395, -0.00169309705961, 0.00112047512084, -0.000822189147584, 0.000548298412468, -0.0087587768212, 0.0183186475188, -0.0104937274009, 0.00382779049687, -0.00173500482924, 0.00146895553917, 0.000474423984997], [0.000120955868624, 0.000304331770167, 0.00108925788663, -0.00122750434093, -0.000391120032873, 0.00154407380614, 0.00137623725459, -0.0104937274009, 0.0210835747421, -0.0134506579489, 0.00526248337701, -0.0022482026834, 0.00111944973469], [1.27353368953e-05, -0.000711467408109, 0.000169216538779, 0.000842985522468, -0.00079541746527, 3.40857332048e-05, -4.05887622037e-05, 0.00382779049687, -0.0134506579489, 0.0233410615474, -0.0145386597142, 0.00758619559929, -0.000863221997861], [3.25667315337e-05, -7.55557339289e-05, -0.00133465509862, 0.000701174489222, 0.000252028665273, -0.00102445902303, -0.0001125885683, -0.00173500482924, 0.00526248337701, -0.0145386597142, 0.0304266102612, -0.0181862711906, 0.00492816604674], [-0.000374059571186, 0.000502623559441, 0.000206472293939, -0.000251491030212, -0.00188915035687, 0.00314146350138, -0.00110658328049, 0.00146895553917, -0.0022482026834, 0.00758619559929, -0.0181862711906, 0.0247219335288, -0.0115146767348], [0.000362512480933, -0.000519098772202, 0.00041863010847, 0.000294500292512, -0.00193677446805, 0.000467783829663, -0.00116314331535, 0.000474423984997, 0.00111944973469, -0.000863221997861, 0.00492816604674, -0.0115146767348, 0.0201393850148]], "cov": [[11638.46875, 452.057922363, 547.425537109, 420.87097168, 103.375076294, 157.826095581, 36.0924034119, 318.220947266, 61.5836753845, 3.58005356789, 149.791427612, 181.754623413, -150.518447876], [452.057922363, 720.117492676, -157.173202515, 176.321502686, 5.5582652092, 31.0103759766, 54.098033905, 13.2573251724, 24.8692874908, 28.7426204681, -9.67819976807, -17.4761333466, 5.96514701843], [547.425537109, -157.173202515, 516.81060791, 99.2980804443, 149.330612183, 44.1060371399, -13.2599020004, 51.6874427795, -5.02136611938, -2.77889561653, 50.9978103638, 48.5477867126, 0.691114842892], [420.87097168, 176.321502686, 99.2980804443, 368.093017578, 156.710723877, 52.348487854, -15.8285999298, -3.98229026794, 9.00036334991, -1.51874053478, 4.16992902756, 20.9269008636, 12.9357700348], [103.375076294, 5.5582652092, 149.330612183, 156.710723877, 265.165649414, 81.2639007568, -0.700972318649, 17.5882377625, 10.6544733047, 10.0725412369, 29.5826797485, 46.7836875916, 35.394115448], [157.826095581, 31.0103759766, 44.1060371399, 52.348487854, 81.2639007568, 151.175872803, 71.376991272, 41.0718421936, 5.73349428177, 2.47776556015, 2.13877391815, -10.3490362167, -2.91837859154], [36.0924034119, 54.098033905, -13.2599020004, -15.8285999298, -0.700972318649, 71.376991272, 141.504302979, 81.4398345947, 30.0378093719, 10.6531734467, 3.8272459507, -5.81107854843, 0.308509588242], [318.220947266, 13.2573251724, 51.6874427795, -3.98229026794, 17.5882377625, 41.0718421936, 81.4398345947, 142.139877319, 72.5286712646, 27.4264659882, 12.5792798996, -2.64463710785, -11.7561178207], [61.5836753845, 24.8692874908, -5.02136611938, 9.00036334991, 10.6544733047, 5.73349428177, 30.0378093719, 72.5286712646, 122.499130249, 69.9267807007, 12.9750919342, -8.38210105896, -11.3564243317], [3.58005356789, 28.7426204681, -2.77889561653, -1.51874053478, 10.0725412369, 2.47776556015, 10.6531734467, 27.4264659882, 69.9267807007, 105.174446106, 40.2377204895, -1.45766198635, -8.42188930511], [149.791427612, -9.67819976807, 50.9978103638, 4.16992902756, 29.5826797485, 2.13877391815, 3.8272459507, 12.5792798996, 12.9750919342, 40.2377204895, 88.3279190063, 64.1610412598, 14.7265586853], [181.754623413, -17.4761333466, 48.5477867126, 20.9269008636, 46.7836875916, -10.3490362167, -5.81107854843, -2.64463710785, -8.38210105896, -1.45766198635, 64.1610412598, 119.453895569, 52.4296607971], [-150.518447876, 5.96514701843, 0.691114842892, 12.9357700348, 35.394115448, -2.91837859154, 0.308509588242, -11.7561178207, -11.3564243317, -8.42188930511, 14.7265586853, 52.4296607971, 82.7231216431]], "mean": [-611.159667969, 71.5416641235, -15.8718967438, 23.8470821381, 6.53449487686, 5.51826000214, 3.65840888023, 8.2164516449, 6.60967683792, 2.3020825386, -5.34965229034, -3.62449932098, -3.30603861809]}, "melbands_spread": {"max": 223.227890015, "dmean": 12.4014978409, "dvar2": 393.54574585, "dmean2": 19.4186763763, "var": 529.459960938, "median": 45.1233482361, "min": 2.24899840355, "dvar": 162.756362915, "mean": 47.0546340942}, "barkbands_kurtosis": {"max": 89.0889053345, "dmean": 1.23122668266, "dvar2": 20.6852855682, "dmean2": 2.05548119545, "var": 12.2278022766, "median": -0.583275556564, "min": -1.90814673901, "dvar": 7.79396247864, "mean": 0.245991036296}, "spectral_energyband_high": {"max": 0.0190573297441, "dmean": 0.000694678805303, "dvar2": 1.87512659977e-06, "dmean2": 0.000967994274106, "var": 3.11960252475e-06, "median": 0.00191448861733, "min": 7.7730864942e-21, "dvar": 9.57152906267e-07, "mean": 0.00222338922322}, "hfc": {"max": 172.169815063, "dmean": 6.98456430435, "dvar2": 151.55796814, "dmean2": 10.2118330002, "var": 343.746856689, "median": 34.1805152893, "min": 1.1826700173e-16, "dvar": 75.0223464966, "mean": 35.089756012}, "spectral_skewness": {"max": 6.22743082047, "dmean": 0.161989837885, "dvar2": 0.135958760977, "dmean2": 0.256027549505, "var": 0.130368158221, "median": 1.25600540638, "min": -0.21608529985, "dvar": 0.0515894889832, "mean": 1.26378536224}, "erbbands": {"max": [0.893698275089, 8.20334243774, 49.1926040649, 65.8439712524, 250.864746094, 275.344970703, 153.689208984, 221.078582764, 253.39112854, 425.601837158, 682.730773926, 867.601745605, 1161.09814453, 1002.40319824, 924.737915039, 706.795288086, 939.79510498, 955.737487793, 1152.42895508, 907.119934082, 574.053222656, 521.985656738, 821.164794922, 776.440246582, 483.48727417, 317.447052002, 244.09576416, 211.237213135, 138.375106812, 133.704833984, 147.92628479, 216.882995605, 214.253417969, 112.319107056, 49.1073303223, 5.86126852036, 1.9234752655, 0.446911722422, 0.0284184254706, 0.000579747371376], "dmean": [0.0319175757468, 0.399155914783, 2.14879179001, 2.34999442101, 8.35278606415, 7.9402050972, 3.92226409912, 3.98247933388, 3.62884473801, 6.33598279953, 7.12417984009, 22.529914856, 29.1071910858, 24.7672939301, 23.3500728607, 10.8150815964, 19.0015258789, 16.8863391876, 27.1582317352, 22.5447311401, 23.5278663635, 24.3705711365, 22.4367237091, 19.615480423, 16.2720508575, 12.1242589951, 10.6566495895, 8.82121276855, 5.49676990509, 4.76946401596, 3.62767720222, 2.34404373169, 2.32011985779, 1.36369860172, 0.593083798885, 0.158552154899, 0.0484909564257, 0.00818054098636, 0.000542914203834, 1.5545028873e-05], "dvar2": [0.0134680820629, 1.14305412769, 57.0095901489, 60.9977378845, 2346.29467773, 2070.93603516, 178.903213501, 165.985778809, 124.644012451, 684.247924805, 912.083251953, 6641.70166016, 9345.73632813, 8999.26855469, 7092.03613281, 1962.04003906, 4524.90527344, 4114.52685547, 8306.17382813, 4061.62182617, 2799.53930664, 2917.32861328, 2827.69213867, 2285.38769531, 1353.84130859, 599.728149414, 455.380889893, 315.46673584, 141.266540527, 101.62172699, 71.0870056152, 70.4551849365, 92.1569900513, 38.7019004822, 4.46048402786, 0.157638370991, 0.0158003810793, 0.000651860726066, 4.83485428049e-06, 1.88553772595e-09], "dmean2": [0.0503689013422, 0.628670334816, 3.64483833313, 4.05531787872, 15.1755180359, 13.9897613525, 6.7587313652, 6.57767152786, 6.1112279892, 10.1026620865, 11.6231403351, 35.530456543, 46.7423782349, 39.6552658081, 37.5032463074, 17.3330783844, 31.176399231, 27.9044818878, 44.1574363708, 36.4684562683, 38.6309967041, 39.8124504089, 36.7984771729, 31.5118598938, 26.0793361664, 19.3281841278, 16.5893192291, 13.6233959198, 8.40415859222, 7.20646095276, 5.30144262314, 3.3512442112, 3.36385345459, 1.96824848652, 0.868582487106, 0.229796603322, 0.0692959502339, 0.0117222247645, 0.000781311362516, 2.3224256438e-05], "var": [0.00620393222198, 0.963169515133, 24.9462928772, 26.4732723236, 539.499389648, 524.81262207, 68.6182479858, 105.221061707, 77.6033248901, 551.564453125, 508.57119751, 5522.19042969, 7082.05859375, 7597.11621094, 5625.25537109, 1500.50158691, 2760.6418457, 2367.83056641, 6453.56201172, 3903.07006836, 2367.28320313, 2647.22558594, 2721.87255859, 2329.59960938, 1242.59692383, 642.256896973, 608.502563477, 425.91506958, 161.840713501, 104.895370483, 76.8441467285, 58.0214805603, 73.6731643677, 33.4574508667, 4.06775760651, 0.213045030832, 0.0193031113595, 0.000710959138814, 4.35412175648e-06, 1.7234876859e-09], "median": [0.0195898674428, 0.356561332941, 2.05219101906, 2.06847429276, 1.5716753006, 1.74173665047, 2.56397008896, 3.27480983734, 3.17681717873, 2.99621677399, 4.09820699692, 10.9727191925, 15.9678726196, 13.9778823853, 11.6175689697, 11.3350744247, 15.6268177032, 15.715669632, 23.6756515503, 30.8723487854, 39.2726707458, 42.7129440308, 34.7673339844, 31.4636554718, 31.3648834229, 24.5972881317, 19.9034366608, 16.6796283722, 9.62669372559, 8.8452205658, 6.50297307968, 4.10978317261, 3.25186014175, 1.69299924374, 0.988874197006, 0.352928102016, 0.0923002511263, 0.0120901670307, 0.000410806998843, 5.03056071466e-05], "min": [8.3221512285e-23, 1.65348840416e-21, 1.20924556319e-20, 2.96362205242e-20, 4.88540204539e-20, 5.43564291198e-20, 6.32911558828e-20, 2.28386609228e-19, 7.4573687473e-19, 4.49142994293e-19, 5.60471061588e-19, 1.06840043785e-18, 1.00987172264e-18, 1.48978743838e-18, 2.8765354694e-18, 2.5747136007e-18, 4.48205581524e-18, 3.28879980516e-18, 2.63044572165e-18, 4.79511100346e-18, 1.03206340683e-17, 5.84891635638e-18, 8.22194698693e-18, 7.90354945272e-18, 1.00815160056e-17, 1.43664761875e-17, 1.12441009857e-17, 1.73119869395e-17, 1.49342695036e-17, 1.87243564764e-17, 1.82205207653e-17, 1.33124652802e-17, 1.27481312335e-17, 1.08048143137e-17, 1.13838448784e-17, 5.67124375107e-18, 3.00592119966e-18, 1.3998133488e-18, 3.18033884927e-19, 3.16444567239e-20], "dvar": [0.00554851442575, 0.496909111738, 20.6555805206, 21.7330150604, 826.463256836, 758.128173828, 65.8552856445, 66.3366622925, 47.4280586243, 299.763244629, 361.256256104, 2584.87890625, 3602.67456055, 3425.42480469, 2741.13208008, 819.546630859, 1775.52490234, 1563.02941895, 3275.36743164, 1849.4185791, 1090.64123535, 1155.53173828, 1068.58178711, 1003.60662842, 548.75958252, 238.275848389, 192.400665283, 136.307723999, 65.2300186157, 46.6345939636, 33.4532661438, 33.9533500671, 43.2059440613, 18.7119464874, 2.12178397179, 0.0782765224576, 0.00733263930306, 0.000293957156828, 2.17169281314e-06, 8.18413892212e-10], "mean": [0.0430976375937, 0.752334952354, 3.74415588379, 3.75938630104, 6.87475633621, 6.9130616188, 5.06520986557, 6.09940910339, 6.1834897995, 10.676235199, 10.8530664444, 39.0008964539, 48.7858695984, 44.3057403564, 38.3185997009, 20.3447265625, 31.8388442993, 29.5517253876, 47.9798431396, 45.9747772217, 51.2942581177, 55.6885375977, 49.7084007263, 42.9195098877, 38.6653747559, 30.3766441345, 26.7113437653, 21.9425201416, 13.0658340454, 11.13468647, 8.56241989136, 5.52685403824, 4.92264127731, 2.81862449646, 1.38649570942, 0.434045523405, 0.121754184365, 0.0192236956209, 0.00102192512713, 5.64223410038e-05]}, "spectral_contrast_valleys": {"max": [-5.7902431488, -4.82151699066, -5.61755418777, -5.81729602814, -5.58968353271, -7.39097595215], "dmean": [0.437375247478, 0.398800551891, 0.312077313662, 0.259791761637, 0.217481613159, 0.239857807755], "dvar2": [0.358929604292, 0.327488541603, 0.189703792334, 0.136951163411, 0.121515348554, 0.149820387363], "dmean2": [0.719236373901, 0.642098069191, 0.498078286648, 0.406824916601, 0.3293825984, 0.298592895269], "var": [2.91435694695, 2.3967192173, 2.17991232872, 2.16839790344, 2.15385437012, 2.92592763901], "median": [-7.32795190811, -7.00586557388, -7.11097764969, -7.07493305206, -6.53736639023, -9.0224313736], "min": [-28.3011951447, -27.3059539795, -27.3625679016, -27.3258457184, -27.3082427979, -27.2415676117], "dvar": [0.151519298553, 0.14129973948, 0.0907749384642, 0.0712841227651, 0.0690992921591, 0.104297809303], "mean": [-7.77142477036, -7.30836486816, -7.3671503067, -7.38786840439, -6.86761140823, -9.4982881546]}, "average_loudness": 0.958946466446, "erbbands_spread": {"max": 98.7922363281, "dmean": 7.80435848236, "dvar2": 191.991439819, "dmean2": 12.3651695251, "var": 195.90977478, "median": 33.8407783508, "min": 0.899001300335, "dvar": 79.0142745972, "mean": 35.2533035278}, "melbands_flatness_db": {"max": 0.411984890699, "dmean": 0.0232857093215, "dvar2": 0.00137458101381, "dmean2": 0.0355973355472, "var": 0.00306062586606, "median": 0.118969932199, "min": 0.00197796174325, "dvar": 0.00055532134138, "mean": 0.129105821252}, "barkbands_spread": {"max": 106.99974823, "dmean": 7.33288574219, "dvar2": 126.276863098, "dmean2": 11.4573993683, "var": 232.831039429, "median": 36.4466972351, "min": 0.646520197392, "dvar": 52.8848190308, "mean": 37.0795173645}, "spectral_decrease": {"max": 7.65510328722e-29, "dmean": 1.72765057815e-09, "dvar2": 2.34637936752e-17, "dmean2": 2.87442913915e-09, "var": 1.12169926227e-17, "median": -5.48734790939e-09, "min": -2.96456388327e-08, "dvar": 8.81172759086e-18, "mean": -5.57746249186e-09}, "melbands_crest": {"max": 36.2328681946, "dmean": 3.69991445541, "dvar2": 35.2218666077, "dmean2": 6.06567764282, "var": 40.1918716431, "median": 13.4150743484, "min": 1.5784522295, "dvar": 13.4918298721, "mean": 14.5107812881}, "erbbands_flatness_db": {"max": 0.497040778399, "dmean": 0.0156556051224, "dvar2": 0.000515817431733, "dmean2": 0.0232041012496, "var": 0.00300168362446, "median": 0.136418268085, "min": 0.0424793958664, "dvar": 0.000275542523013, "mean": 0.149326249957}, "melbands_kurtosis": {"max": 122.064460754, "dmean": 3.91480875015, "dvar2": 124.832984924, "dmean2": 6.50624084473, "var": 66.4488220215, "median": 2.21441817284, "min": -1.85828149319, "dvar": 48.132194519, "mean": 4.99370861053}, "spectral_rms": {"max": 0.0107121272013, "dmean": 0.000616974954028, "dvar2": 1.78490040526e-06, "dmean2": 0.000983486301266, "var": 2.25028247769e-06, "median": 0.00483331410214, "min": 3.22194376214e-12, "dvar": 7.14236193744e-07, "mean": 0.00462515186518}, "melbands_skewness": {"max": 9.17847633362, "dmean": 0.673031747341, "dvar2": 1.60359442234, "dmean2": 1.06558406353, "var": 1.85882949829, "median": 1.47880244255, "min": -5.68916082382, "dvar": 0.649345397949, "mean": 1.73485410213}, "barkbands": {"max": [0.00112911185715, 0.0273376628757, 0.045717369765, 0.0164833106101, 0.0913140401244, 0.0215989220887, 0.0180149879307, 0.0218225829303, 0.034369751811, 0.0277197659016, 0.0318375974894, 0.019920989871, 0.018886808306, 0.0162013024092, 0.0290406960994, 0.0149217545986, 0.0106084672734, 0.0117831388488, 0.0113201662898, 0.00635760603473, 0.00424214592203, 0.00365892099217, 0.00522054266185, 0.0111669953912, 0.00839652772993, 0.000999749521725, 0.00021756523347], "dmean": [4.70512168249e-05, 0.00145645125303, 0.00205359118991, 0.000770296494011, 0.00271865329705, 0.000488667516038, 0.000320856430335, 0.000317287252983, 0.000921915227082, 0.000805068586487, 0.000768037745729, 0.000283516914351, 0.000451428815722, 0.000324808119331, 0.000629211834166, 0.000420239724917, 0.000521095527802, 0.000380022218451, 0.000380117940949, 0.000266094895778, 0.000241881949478, 0.000157905320521, 0.000135237627546, 0.000123088073451, 9.80140684987e-05, 2.68487619905e-05, 3.43651890944e-06], "dvar2": [3.02119076423e-08, 1.31952492666e-05, 5.09627643623e-05, 6.37775792711e-06, 0.000259216991253, 2.1924952307e-06, 1.35318975936e-06, 1.46820423197e-06, 1.04384371298e-05, 6.74304646964e-06, 6.97809491612e-06, 1.24954976854e-06, 2.55361896961e-06, 1.5043502799e-06, 4.19282150688e-06, 1.13259693535e-06, 1.30813464239e-06, 7.67142125824e-07, 6.6441140234e-07, 2.71882186098e-07, 2.21892079821e-07, 1.04659470423e-07, 9.72760076934e-08, 2.51428787124e-07, 1.66518873357e-07, 4.55311299774e-09, 1.6279545767e-10], "dmean2": [7.59643007768e-05, 0.00223650922999, 0.00349688529968, 0.00135146081448, 0.00486177904531, 0.000815992010757, 0.00052369030891, 0.000510929152369, 0.00146888114978, 0.00127735431306, 0.00123078818433, 0.000455787434475, 0.000743522658013, 0.000537330226507, 0.00101517396979, 0.000693142821547, 0.000850274693221, 0.000626816530712, 0.000606479530688, 0.000425934180385, 0.000374099530745, 0.000238555730903, 0.000198963927687, 0.000176864981768, 0.000140316056786, 3.78228942282e-05, 4.88591831527e-06], "var": [1.44705536442e-08, 1.32941386255e-05, 2.25038784265e-05, 2.14124042941e-06, 6.24406166025e-05, 1.20252229863e-06, 1.0991354884e-06, 1.03338459212e-06, 8.19515480543e-06, 5.43405212738e-06, 5.63561115996e-06, 8.60220609411e-07, 1.56327905643e-06, 8.27478572774e-07, 4.23054734711e-06, 8.2184698158e-07, 1.15809712042e-06, 7.58771761866e-07, 6.96528729804e-07, 2.93379116556e-07, 3.07000078692e-07, 1.23976093391e-07, 1.02246062283e-07, 1.96479831516e-07, 1.51159383677e-07, 6.34622265849e-09, 1.50558371326e-10], "median": [1.47667851707e-05, 0.00119202549104, 0.00177357206121, 0.00037270388566, 0.000583184242714, 0.000423511664849, 0.000202462848392, 0.000112624067697, 0.000448153441539, 0.000374588998966, 0.000344374886481, 0.000228953300393, 0.000309208175167, 0.000256235653069, 0.000491207116283, 0.000576989492401, 0.000782417831942, 0.000569192285184, 0.000659271376207, 0.000527500640601, 0.000445895740995, 0.000278271647403, 0.000250886863796, 0.000197356013814, 0.000145302459714, 5.92450051045e-05, 2.06042977879e-06], "min": [1.21853746586e-24, 2.39235440701e-24, 1.14502481972e-23, 1.1276852626e-23, 2.66262328073e-23, 4.19585901592e-23, 3.67232232538e-23, 2.38276856372e-23, 4.89035543302e-23, 2.8721677719e-23, 5.40899077298e-23, 4.42895289837e-23, 9.83160186076e-23, 6.32375892739e-23, 6.39027946545e-23, 1.5972358311e-22, 9.07552601476e-23, 1.46563969572e-22, 1.81588661701e-22, 2.56792021351e-22, 3.60704717781e-22, 4.98747702156e-22, 5.96547572228e-22, 6.84599999277e-22, 1.37301137055e-21, 1.47265694795e-21, 2.44289658952e-21], "dvar": [1.26751462659e-08, 6.29032820143e-06, 1.82927105925e-05, 2.27866644309e-06, 9.3030037533e-05, 8.44808823786e-07, 5.64821220905e-07, 6.15991723407e-07, 3.99921964345e-06, 2.6913705824e-06, 2.65969538304e-06, 5.08454490955e-07, 9.95891014099e-07, 5.70181043713e-07, 1.88929220712e-06, 4.48593823421e-07, 5.18229683166e-07, 2.87366333396e-07, 2.87715863578e-07, 1.08678449351e-07, 9.49370786429e-08, 4.94737228962e-08, 4.51739730067e-08, 1.17691151047e-07, 8.09739546526e-08, 2.21991136584e-09, 7.30418087125e-11], "mean": [5.3258430853e-05, 0.0027019965928, 0.00350898061879, 0.000910466013011, 0.00234036333859, 0.000732067797799, 0.000543648027815, 0.000443387485575, 0.00157339021098, 0.0013061555801, 0.0012710285373, 0.000468544982141, 0.000713569927029, 0.000502224545926, 0.00108516286127, 0.000803450471722, 0.00107063679025, 0.000822382979095, 0.0008597264532, 0.000651504436973, 0.000601530598942, 0.000368764158338, 0.000321754865581, 0.000278592749964, 0.00022052192071, 7.43731870898e-05, 5.90062245465e-06]}, "spectral_kurtosis": {"max": 62.5711288452, "dmean": 1.09379506111, "dvar2": 12.5555315018, "dmean2": 1.78574621677, "var": 11.3740673065, "median": 2.9372689724, "min": -1.20561718941, "dvar": 4.59506130219, "mean": 3.46018528938}, "erbbands_skewness": {"max": 5.44796085358, "dmean": 0.360960096121, "dvar2": 0.286489009857, "dmean2": 0.552635133266, "var": 0.607688009739, "median": -0.26728105545, "min": -4.41393470764, "dvar": 0.128064721823, "mean": -0.235005483031}, "melbands": {"max": [0.00789280422032, 0.0196302719414, 0.0102103762329, 0.0243130419403, 0.00403861887753, 0.00455308239907, 0.0034771442879, 0.00412504328415, 0.00597532279789, 0.00616148253903, 0.00560376606882, 0.00388700328767, 0.00389417773113, 0.00296718021855, 0.00203999597579, 0.00239088130184, 0.00176965177525, 0.00195558392443, 0.00306545896456, 0.00130363262724, 0.000696750765201, 0.000714909576345, 0.000747975835111, 0.000508128490765, 0.000741504365578, 0.000561707653105, 0.000272927747574, 0.000289831310511, 0.000243444301304, 0.000132663844852, 0.000131864231662, 8.28732663649e-05, 6.98180228937e-05, 8.2224898506e-05, 9.42339102039e-05, 7.6888834883e-05, 0.000180477858521, 0.000176511064637, 0.000139131283504, 0.000102144367702], "dmean": [0.00032559473766, 0.000898070051335, 0.000522873189766, 0.000706737569999, 0.000145726808114, 8.87743226485e-05, 5.82681095693e-05, 6.89372973284e-05, 6.43975508865e-05, 0.000153593005962, 0.00014493209892, 9.72234483925e-05, 8.31162105897e-05, 3.84197628591e-05, 2.89077943307e-05, 5.46506671526e-05, 3.17358317261e-05, 4.12160152337e-05, 4.85590244352e-05, 3.25965884258e-05, 3.09442730213e-05, 3.05370376736e-05, 2.53862581303e-05, 1.53988985403e-05, 1.80720890057e-05, 1.51735748659e-05, 9.63567254075e-06, 9.01105067896e-06, 7.44331464375e-06, 6.95296375852e-06, 5.15149167768e-06, 3.52623419531e-06, 3.06444280795e-06, 2.82731048173e-06, 2.38852749135e-06, 1.82692065209e-06, 1.46091213082e-06, 1.73937235104e-06, 1.62050287145e-06, 1.08349536276e-06], "dvar2": [7.83209657129e-07, 8.9195846158e-06, 3.26840881826e-06, 1.80388233275e-05, 3.03744343455e-07, 7.66023404708e-08, 3.23415711989e-08, 7.0829933918e-08, 7.4581052445e-08, 3.08497732249e-07, 2.31578312082e-07, 1.38709765451e-07, 8.50342303238e-08, 2.34263826115e-08, 1.04293853553e-08, 3.99490822645e-08, 1.7876240932e-08, 2.12461390703e-08, 3.20038751056e-08, 7.59244045412e-09, 5.12260456276e-09, 4.6836601264e-09, 3.32198912822e-09, 1.23791898954e-09, 2.1119213045e-09, 1.51321311037e-09, 3.8757055898e-10, 3.92884474953e-10, 2.20687954022e-10, 2.08393899359e-10, 1.28015403833e-10, 6.17890877352e-11, 4.5162810991e-11, 3.78755950214e-11, 3.00070870929e-11, 2.31806344952e-11, 4.08748347669e-11, 5.5483243e-11, 5.02748155606e-11, 2.51797888096e-11], "dmean2": [0.000486464501591, 0.00149137049448, 0.00092321226839, 0.00126595655456, 0.000251557707088, 0.000147622340592, 9.66576844803e-05, 0.000109638349386, 0.000105425191578, 0.000242073074332, 0.000232817401411, 0.000155904286657, 0.000134058456752, 6.2510742282e-05, 4.623667337e-05, 9.00852392078e-05, 5.26872463524e-05, 6.74473049003e-05, 7.74864965933e-05, 5.33571510459e-05, 5.08207303938e-05, 5.01180256833e-05, 4.20261785621e-05, 2.50713765126e-05, 2.92218701361e-05, 2.44219500019e-05, 1.56555106514e-05, 1.44954610732e-05, 1.17431618492e-05, 1.09578841148e-05, 8.0767667896e-06, 5.46586807104e-06, 4.80470407638e-06, 4.35947913502e-06, 3.56865621143e-06, 2.73476371149e-06, 2.16534999709e-06, 2.58454133473e-06, 2.39142445935e-06, 1.60198283083e-06], "var": [6.32013438917e-07, 4.36067284681e-06, 1.10223845695e-06, 4.31307171311e-06, 9.79140324375e-08, 4.58900828448e-08, 2.56143639632e-08, 6.24658582637e-08, 4.33690594548e-08, 2.58147110799e-07, 1.71175059904e-07, 1.15801377376e-07, 6.7792385039e-08, 1.51853853936e-08, 8.65793481353e-09, 2.39560176141e-08, 9.67317159706e-09, 1.44995100371e-08, 3.68873536161e-08, 5.27393195782e-09, 4.11612521845e-09, 3.88138943208e-09, 2.98384650321e-09, 1.17194109972e-09, 2.07073269642e-09, 1.37092870389e-09, 3.3427105528e-10, 3.46684125851e-10, 2.73816525009e-10, 2.2799143129e-10, 1.41954142885e-10, 6.36631650175e-11, 3.86318060874e-11, 3.47099259057e-11, 2.95272556405e-11, 2.09838518089e-11, 2.59863554286e-11, 3.65378526046e-11, 3.9827710574e-11, 2.05959919258e-11], "median": [0.000260611181147, 0.0010418354068, 0.000386894360418, 0.000120054755826, 9.23145198612e-05, 7.75215885369e-05, 4.67234131065e-05, 3.07868358504e-05, 2.8482549169e-05, 7.33713241061e-05, 6.96127317497e-05, 4.66010496893e-05, 3.98701886297e-05, 2.49430504482e-05, 2.6852289011e-05, 3.25179498759e-05, 2.33610080613e-05, 3.17796948366e-05, 3.66522071999e-05, 3.82391153835e-05, 4.46386547992e-05, 4.49463295809e-05, 3.7596502807e-05, 2.31192079809e-05, 2.32249931287e-05, 2.2728676413e-05, 1.83244701475e-05, 1.49539728227e-05, 1.21550692711e-05, 1.09739939944e-05, 8.4832927314e-06, 5.25670338902e-06, 4.83141184304e-06, 4.85823329655e-06, 3.84621262128e-06, 2.94095229947e-06, 2.24044333663e-06, 2.35893048739e-06, 1.78186689936e-06, 1.27038185838e-06], "min": [7.36495282953e-25, 8.70720449153e-24, 5.78923521882e-24, 2.91484577796e-24, 3.74321125959e-24, 5.90367250933e-24, 1.07087836329e-23, 5.03990373913e-24, 4.01208582166e-24, 7.49597483588e-24, 5.07398450239e-24, 5.65125634675e-24, 7.93249653981e-24, 4.74402015738e-24, 1.19383787593e-23, 7.25708882112e-24, 6.18795076387e-24, 3.52756114279e-24, 5.63819675446e-24, 9.12095572543e-24, 1.20632483409e-23, 4.95946517035e-24, 6.94779775943e-24, 5.94998929409e-24, 5.07501081042e-24, 6.21396660766e-24, 7.44175405928e-24, 9.50547335191e-24, 6.04526002561e-24, 8.48187031826e-24, 9.20392574886e-24, 7.52189917181e-24, 1.0062533791e-23, 9.9527346082e-24, 1.11608900729e-23, 8.38250145433e-24, 6.83371032873e-24, 8.47656680639e-24, 9.18871177744e-24, 8.16886529943e-24], "dvar": [3.6171942952e-07, 3.31852766067e-06, 1.16358091873e-06, 6.47372917228e-06, 1.1081476714e-07, 3.01992564289e-08, 1.28160255741e-08, 3.15640029669e-08, 2.97304367791e-08, 1.19940196441e-07, 8.92661589091e-08, 5.28655803578e-08, 3.25006759283e-08, 9.03994035184e-09, 4.59479609916e-09, 1.55767612142e-08, 6.73921629613e-09, 8.06439626189e-09, 1.56763224624e-08, 3.05790992527e-09, 1.99389416089e-09, 1.86354531806e-09, 1.24647425714e-09, 4.8432163835e-10, 9.35768684762e-10, 6.31664998085e-10, 1.52321391611e-10, 1.5193320213e-10, 9.29646915004e-11, 8.51957740466e-11, 5.3166148567e-11, 2.78277748067e-11, 1.92334533716e-11, 1.6739963582e-11, 1.35497750173e-11, 1.06775126935e-11, 1.84679060239e-11, 2.45249150849e-11, 2.30929806527e-11, 1.20729849729e-11], "mean": [0.00055575883016, 0.00167979625985, 0.000730288098566, 0.000580188119784, 0.00018064379401, 0.000136388727697, 0.000101672259916, 0.000113264613901, 9.08598813112e-05, 0.000265771872364, 0.00023330305703, 0.000166681857081, 0.000138133240398, 6.2944709498e-05, 4.91741848236e-05, 8.33374870126e-05, 4.87772194901e-05, 6.75956180203e-05, 8.3839353465e-05, 5.75446611037e-05, 6.13251831965e-05, 6.15833487245e-05, 5.22280643054e-05, 3.3223106584e-05, 3.49047259078e-05, 3.14841672662e-05, 2.19781486521e-05, 1.98765519599e-05, 1.69845188793e-05, 1.54126701091e-05, 1.17516156024e-05, 7.57819043429e-06, 6.4153787207e-06, 6.19162483417e-06, 5.20462799614e-06, 3.99203145207e-06, 3.12060615215e-06, 3.51090898221e-06, 3.08358539769e-06, 2.15002069126e-06]}, "spectral_centroid": {"max": 10991.7314453, "dmean": 283.657867432, "dvar2": 240215.5, "dmean2": 442.637481689, "var": 317933.53125, "median": 2319.16772461, "min": 444.020568848, "dvar": 96315.3984375, "mean": 2294.28393555}, "pitch_salience": {"max": 0.943499445915, "dmean": 0.070717394352, "dvar2": 0.0135880121961, "dmean2": 0.116332501173, "var": 0.0121871829033, "median": 0.548551380634, "min": 0.0896377488971, "dvar": 0.00479511776939, "mean": 0.538394927979}, "gfcc": {"icov": [[0.000121679149743, -0.000249056553002, 0.000215398744331, -9.58124583121e-05, 0.000215449777897, -0.000356256699888, 0.000648879038636, -0.000374282622943, 0.000208566241781, -0.000135557856993, 0.000465034769149, -0.000448853941634, 0.000501947535668], [-0.000249056553002, 0.00215583154932, 3.92609908886e-05, -0.000809097895399, -0.000717784278095, 0.00132449448574, -0.00220608850941, 0.000898784957826, -0.000660033605527, 0.00122740084771, -0.00230350159109, 0.00208948226646, -0.00120525422972], [0.000215398744331, 3.92609908886e-05, 0.00262751663104, -0.00124285835773, -0.000201212256798, -0.00098357303068, 0.00172600359656, -0.00118968845345, -0.000314990989864, 0.000475081469631, 0.000966143095866, -0.00225730915554, 0.00308032939211], [-9.58124583121e-05, -0.000809097895399, -0.00124285835773, 0.00414106715471, -0.00120575400069, -0.000313181022648, 0.00129110284615, -0.000297163584037, 0.000658433767967, 0.000581664207857, -0.00111414573621, 0.00195233081467, -0.00115580507554], [0.000215449777897, -0.000717784278095, -0.000201212256798, -0.00120575400069, 0.00529613858089, -0.00163089379203, -0.000797476503067, 0.00158663047478, -0.00254573323764, -0.000917980156373, 0.00202747690491, -0.002444407437, 0.000924828695133], [-0.000356256699888, 0.00132449448574, -0.00098357303068, -0.000313181022648, -0.00163089379203, 0.00676324171945, -0.0030900570564, -0.00194827956147, 0.00261004990898, 0.000123306439491, -0.00155061588157, 0.00192865170538, -0.00117796554696], [0.000648879038636, -0.00220608850941, 0.00172600359656, 0.00129110284615, -0.000797476503067, -0.0030900570564, 0.0114509882405, -0.00506949983537, 0.00193387060426, 0.000680732715409, 0.00115916680079, -0.000728182320017, 0.000299990875646], [-0.000374282622943, 0.000898784957826, -0.00118968845345, -0.000297163584037, 0.00158663047478, -0.00194827956147, -0.00506949983537, 0.0115252044052, -0.0064589609392, -0.00112581730355, 0.0024858394172, -0.00209015235305, 0.00144397024997], [0.000208566241781, -0.000660033605527, -0.000314990989864, 0.000658433767967, -0.00254573323764, 0.00261004990898, 0.00193387060426, -0.0064589609392, 0.0180442016572, -0.00831136386842, -0.00145152735058, 0.00689147040248, -0.00556593528017], [-0.000135557856993, 0.00122740084771, 0.000475081469631, 0.000581664207857, -0.000917980156373, 0.000123306439491, 0.000680732715409, -0.00112581730355, -0.00831136386842, 0.0199649129063, -0.00806301552802, -0.00238952203654, 0.00515047367662], [0.000465034769149, -0.00230350159109, 0.000966143095866, -0.00111414573621, 0.00202747690491, -0.00155061588157, 0.00115916680079, 0.0024858394172, -0.00145152735058, -0.00806301552802, 0.0184585358948, -0.0107928747311, 0.00231093959883], [-0.000448853941634, 0.00208948226646, -0.00225730915554, 0.00195233081467, -0.002444407437, 0.00192865170538, -0.000728182320017, -0.00209015235305, 0.00689147040248, -0.00238952203654, -0.0107928747311, 0.022947255522, -0.00893047824502], [0.000501947535668, -0.00120525422972, 0.00308032939211, -0.00115580507554, 0.000924828695133, -0.00117796554696, 0.000299990875646, 0.00144397024997, -0.00556593528017, 0.00515047367662, 0.00231093959883, -0.00893047824502, 0.0194084178656]], "cov": [[23488.6152344, 188.380279541, 205.233657837, 578.920959473, -809.211242676, 826.506164551, -838.507080078, 559.413024902, -468.305023193, -54.9905357361, -397.156433105, -7.19092130661, -609.532897949], [188.380279541, 1138.85693359, -341.197845459, 180.893310547, 113.859313965, -162.649093628, 132.235809326, -117.452201843, 51.2533111572, -60.2356643677, 66.0777206421, -77.7562942505, 109.209266663], [205.233657837, -341.197845459, 889.607421875, 217.076705933, 86.1209259033, 181.469436646, -115.228744507, 129.001449585, -9.35713195801, 37.1006736755, -26.1315250397, 44.1893997192, -144.749954224], [578.920959473, 180.893310547, 217.076705933, 412.65637207, 97.914604187, 49.8567657471, -54.4711227417, 4.03227758408, -2.99204754829, -16.9647579193, -1.04081833363, -23.9258975983, -21.9559745789], [-809.211242676, 113.859313965, 86.1209259033, 97.914604187, 307.479400635, 35.9795608521, 60.2852134705, -5.49106693268, 55.0426979065, 19.2316074371, 15.5636491776, 5.00211811066, 18.3002071381], [826.506164551, -162.649093628, 181.469436646, 49.8567657471, 35.9795608521, 307.041687012, 38.3843345642, 117.711860657, -38.2205886841, -0.91044151783, -35.7401618958, 8.8364315033, -52.1357345581], [-838.507080078, 132.235809326, -115.228744507, -54.4711227417, 60.2852134705, 38.3843345642, 213.284500122, 43.8951644897, 21.0554771423, -15.4699478149, -0.204583361745, -12.8261346817, 42.1025695801], [559.413024902, -117.452201843, 129.001449585, 4.03227758408, -5.49106693268, 117.711860657, 43.8951644897, 206.184738159, 40.9779968262, 33.5894584656, -29.4081192017, 4.64145565033, -42.1325454712], [-468.305023193, 51.2533111572, -9.35713195801, -2.99204754829, 55.0426979065, -38.2205886841, 21.0554771423, 40.9779968262, 127.196533203, 54.8308258057, 26.1098499298, -13.00801754, 21.1168384552], [-54.9905357361, -60.2356643677, 37.1006736755, -16.9647579193, 19.2316074371, -0.91044151783, -15.4699478149, 33.5894584656, 54.8308258057, 110.589347839, 56.7661705017, 28.2206535339, -19.8454532623], [-397.156433105, 66.0777206421, -26.1315250397, -1.04081833363, 15.5636491776, -35.7401618958, -0.204583361745, -29.4081192017, 26.1098499298, 56.7661705017, 127.228897095, 50.7709655762, 18.3764629364], [-7.19092130661, -77.7562942505, 44.1893997192, -23.9258975983, 5.00211811066, 8.8364315033, -12.8261346817, 4.64145565033, -13.00801754, 28.2206535339, 50.7709655762, 92.1879501343, 12.2242116928], [-609.532897949, 109.209266663, -144.749954224, -21.9559745789, 18.3002071381, -52.1357345581, 42.1025695801, -42.1325454712, 21.1168384552, -19.8454532623, 18.3764629364, 12.2242116928, 108.942306519]], "mean": [17.9294338226, 44.1843528748, -132.94631958, 41.7928085327, -51.7939186096, 18.6161766052, -35.5461845398, 15.950217247, -27.4062957764, 1.24197530746, -24.4551544189, 0.535124599934, -10.385175705]}, "spectral_flux": {"max": 0.303969860077, "dmean": 0.0215504020452, "dvar2": 0.00177196611185, "dmean2": 0.0336426459253, "var": 0.00183591677342, "median": 0.0820052623749, "min": 6.64100094361e-11, "dvar": 0.000853274250403, "mean": 0.0867890194058}, "zerocrossingrate": {"max": 0.505859375, "dmean": 0.0131798833609, "dvar2": 0.000224544943194, "dmean2": 0.014990628697, "var": 0.0014943870483, "median": 0.0986328125, "min": 0.01904296875, "dvar": 0.000177284382517, "mean": 0.103574752808}, "spectral_energyband_middle_low": {"max": 0.104707539082, "dmean": 0.00447024684399, "dvar2": 0.000327157787979, "dmean2": 0.00765290437266, "var": 9.96307062451e-05, "median": 0.0049385628663, "min": 3.10582717295e-22, "dvar": 0.000119028722111, "mean": 0.00726820342243}, "silence_rate_20dB": {"max": 1, "dmean": 0, "dvar2": 0, "dmean2": 0, "var": 0, "median": 1, "min": 1, "dvar": 0, "mean": 1}, "silence_rate_30dB": {"max": 1, "dmean": 0, "dvar2": 0, "dmean2": 0, "var": 0, "median": 1, "min": 1, "dvar": 0, "mean": 1}, "spectral_entropy": {"max": 9.81499195099, "dmean": 0.110956571996, "dvar2": 0.0289483089, "dmean2": 0.16158567369, "var": 0.135063439608, "median": 8.00878334045, "min": 5.32457113266, "dvar": 0.0147840315476, "mean": 7.94126415253}, "spectral_rolloff": {"max": 18798.4863281, "dmean": 764.849060059, "dvar2": 2070936, "dmean2": 1222.2755127, "var": 2771440.25, "median": 2820.84960938, "min": 129.19921875, "dvar": 947447.125, "mean": 3086.64501953}, "spectral_complexity": {"max": 60, "dmean": 4.47977542877, "dvar2": 40.9384765625, "dmean2": 6.87969112396, "var": 155.184783936, "median": 32, "min": 0, "dvar": 19.7672786713, "mean": 30.1540622711}, "spectral_spread": {"max": 40845044, "dmean": 436958.375, "dvar2": 62119162