{"tonal": {"chords_number_rate": 0.00230225292034, "thpcp": [1, 0.760310709476, 0.45038023591, 0.255193561316, 0.160738930106, 0.189845710993, 0.205329030752, 0.169253900647, 0.196400895715, 0.231536284089, 0.186779245734, 0.154077246785, 0.174602165818, 0.289188414812, 0.570928931236, 0.667662918568, 0.460653603077, 0.309556424618, 0.281792908907, 0.325276553631, 0.537259042263, 0.755743920803, 0.680049300194, 0.608387231827, 0.577277421951, 0.33567944169, 0.153398752213, 0.120483249426, 0.122290961444, 0.23750166595, 0.377077251673, 0.312801271677, 0.175867587328, 0.133772939444, 0.226628646255, 0.681185543537], "hpcp": {"dvar": [0.0538321360946, 0.0540839955211, 0.055358659476, 0.0500069931149, 0.0541107393801, 0.0648918971419, 0.0693965852261, 0.0720582082868, 0.059509165585, 0.0533966720104, 0.037294767797, 0.024545783177, 0.0183283220977, 0.0219656359404, 0.0310200639069, 0.0348790846765, 0.040560670197, 0.0331553146243, 0.0232177078724, 0.0317771360278, 0.0563445240259, 0.0581434518099, 0.0571819655597, 0.0628073513508, 0.0370224937797, 0.023650791496, 0.0221131779253, 0.0171021092683, 0.0148727940395, 0.0179458409548, 0.0194385424256, 0.0153166521341, 0.0169106349349, 0.023387407884, 0.0368422567844, 0.052208442241], "mean": [0.184536188841, 0.127320617437, 0.0855586826801, 0.0778850913048, 0.0899035930634, 0.148493692279, 0.208880990744, 0.187959671021, 0.16815289855, 0.159554421902, 0.0927788540721, 0.0423980690539, 0.0333005152643, 0.0338001511991, 0.0656433776021, 0.104220844805, 0.0864555314183, 0.0486082620919, 0.036973670125, 0.0626381710172, 0.188273712993, 0.276391237974, 0.210143223405, 0.124481149018, 0.0705332607031, 0.0444268323481, 0.0524716898799, 0.0567511469126, 0.04678029567, 0.0542834885418, 0.0639946013689, 0.0516241453588, 0.0425856001675, 0.0482585094869, 0.0799291431904, 0.157799750566], "min": [0, 0, 0, 0, 0, 0, 0, 0, 0, 0, 0, 0, 0, 0, 0, 0, 0, 0, 0, 0, 0, 0, 0, 0, 0, 0, 0, 0, 0, 0, 0, 0, 0, 0, 0, 0], "median": [0.0202487073839, 0.0162999145687, 0.00726497638971, 0.00558600435033, 0.00919711589813, 0.0259932968765, 0.0363727472723, 0.0351981967688, 0.0298293568194, 0.019389141351, 0.010001164861, 0.0044256974943, 0.00356927071698, 0.0033240376506, 0.00360101857223, 0.00371478451416, 0.00383123150095, 0.00308056827635, 0.00252719945274, 0.00834680721164, 0.0334364436567, 0.0572175830603, 0.0526505187154, 0.0151036269963, 0.00697246240452, 0.00438571954146, 0.00663524121046, 0.00695785460994, 0.00740343891084, 0.00669080484658, 0.00673266593367, 0.00792467594147, 0.00697400839999, 0.00785098318011, 0.0106279272586, 0.0161459930241], "dvar2": [0.137451842427, 0.151198744774, 0.153103545308, 0.136784419417, 0.153380185366, 0.183913975954, 0.173996940255, 0.202191010118, 0.162077322602, 0.137909218669, 0.105029426515, 0.0720457062125, 0.0526098683476, 0.0629451572895, 0.0871748402715, 0.0866108760238, 0.111568935215, 0.0926407724619, 0.0644169896841, 0.0902841389179, 0.152099654078, 0.14768345654, 0.164538323879, 0.170074462891, 0.102506287396, 0.0679176226258, 0.0645324960351, 0.0476240888238, 0.0422511585057, 0.0496230013669, 0.0526851564646, 0.0427131094038, 0.0477324537933, 0.0661374628544, 0.103438809514, 0.137200340629], "var": [0.0979732125998, 0.0560711696744, 0.041237346828, 0.0370865575969, 0.0417042709887, 0.0682942271233, 0.108873292804, 0.0869748443365, 0.0772426426411, 0.0851640701294, 0.0385670699179, 0.0172203071415, 0.0130568780005, 0.0142184300348, 0.0325982421637, 0.0716042295098, 0.0489634424448, 0.0234586913139, 0.0156169142574, 0.0228230692446, 0.0830740109086, 0.142514526844, 0.0869036540389, 0.0557167753577, 0.0286296829581, 0.0161501858383, 0.0161513090134, 0.0158557984978, 0.0122547019273, 0.0172382313758, 0.0258082859218, 0.0169540084898, 0.0118782380596, 0.0159518774599, 0.031540080905, 0.0812258645892], "dmean2": [0.227542236447, 0.239455118775, 0.222570508718, 0.206778675318, 0.230469629169, 0.279201984406, 0.284594804049, 0.322606146336, 0.27321472764, 0.219626203179, 0.166060313582, 0.102684669197, 0.0804393291473, 0.0873170793056, 0.122772656381, 0.123211413622, 0.150796592236, 0.124387823045, 0.100110560656, 0.158207625151, 0.26689183712, 0.257629305124, 0.311967283487, 0.276116490364, 0.174465924501, 0.116880647838, 0.116028688848, 0.104544147849, 0.0956459864974, 0.101827897131, 0.101872734725, 0.0936497077346, 0.0938015505672, 0.116729162633, 0.174499720335, 0.224438101053], "max": [1, 1, 1, 1, 1, 1, 1, 1, 1, 1, 1, 1, 1, 1, 1, 1, 1, 1, 1, 1, 1, 1, 1, 1, 1, 1, 1, 1, 1, 1, 1, 1, 1, 1, 1, 1], "dmean": [0.129197761416, 0.132408842444, 0.119960002601, 0.111270844936, 0.125511601567, 0.157467618585, 0.160646051168, 0.181821480393, 0.153801381588, 0.123687162995, 0.092812307179, 0.0553828850389, 0.0434430465102, 0.0466554574668, 0.0681518316269, 0.0683856233954, 0.0830427184701, 0.0669532716274, 0.0537690967321, 0.0855311527848, 0.155052661896, 0.145668938756, 0.174411594868, 0.152397483587, 0.0935325920582, 0.0620914064348, 0.0633051544428, 0.0588453151286, 0.0530948340893, 0.0573373027146, 0.0571057908237, 0.0519019141793, 0.0513295307755, 0.0635964050889, 0.0959278643131, 0.127624288201]}, "key_strength": 0.872406899929, "chords_strength": {"dvar": 8.93215401447e-05, "mean": 0.498465329409, "min": 0.218909338117, "median": 0.486187428236, "dvar2": 0.000112806439574, "var": 0.0109351184219, "dmean2": 0.0117857130244, "max": 0.798050105572, "dmean": 0.0110985543579}, "tuning_equal_tempered_deviation": 0.108132965863, "chords_key": "A", "tuning_frequency": 443.828887939, "chords_scale": "minor", "chords_changes_rate": 0.0845255702734, "key_scale": "minor", "tuning_diatonic_strength": 0.535237312317, "hpcp_entropy": {"dvar": 0.301291644573, "mean": 2.25111293793, "min": 0, "median": 2.18223834038, "dvar2": 0.786089360714, "var": 0.752384066582, "dmean2": 1.11359596252, "max": 4.76019048691, "dmean": 0.658102691174}, "chords_histogram": [22.0029602051, 8.74856090546, 5.31162643433, 4.86762046814, 8.64989280701, 0.674231231213, 1.26623904705, 10.6068077087, 1.52935373783, 7.0054268837, 15.3593158722, 3.10804152489, 0.394671916962, 0.592007875443, 0.115112647414, 0.0164446644485, 0.953790485859, 1.43068575859, 0.772899210453, 0.131557315588, 0.032889328897, 0.0164446644485, 1.23334980011, 5.18006896973], "tuning_nontempered_energy_ratio": 0.81778460741, "key_key": "A"}, "metadata": {"version": {"extractor": "music 1.0", "essentia_build_sha": "70f2e5ece6736b2c40cc944ad0e695b16b925413", "essentia": "2.1-beta2", "essentia_git_sha": "v2.1_beta2"}, "audio_properties": {"sample_rate": 44100, "length": 282.333343506, "lossless": true, "analysis_sample_rate": 44100, "downmix": "mix", "bit_rate": 0, "equal_loudness": 0, "md5_encoded": "9a7d532c51cb68069908e64bba468210", "codec": "flac", "replay_gain": -5.85629463196}, "tags": {"disctotal": ["1"], "genre": ["Alternative Rock"], "catalognumber": ["CAD 810 CD"], "releasecountry": ["GB"], "musicbrainz_recordingid": ["b3dadd34-53ab-409c-be48-eda30df421fb"], "language": ["eng"], "title": ["Bottom Drawer"], "musicbrainz_releasetrackid": ["6d8a2a34-f681-32d6-ad84-4dc756d8a2ea"], "discnumber": ["1"], "artistsort": ["Wolfgang Press, The"], "releasetype": ["album"], "originaldate": ["1988-11-07"], "musicbrainz_discid": ["Pl3DyF.ud_Nop3PrPT5RCwnsGkU-"], "musicbrainz_artistid": ["84e4c923-0b83-49d3-9a89-a71a3339edcb"], "tracknumber": ["3"], "musicbrainz_albumartistid": ["84e4c923-0b83-49d3-9a89-a71a3339edcb"], "barcode": ["5014436810022"], "tracktotal": ["13"], "grouping": ["Electronic"], "date": ["1988-11-07"], "albumartistsort": ["Wolfgang Press, The"], "musicbrainz_releasegroupid": ["4f792245-d936-3afd-9ca9-228d3b6e7431"], "media": ["CD"], "label": ["4AD"], "albumartist": ["The Wolfgang Press"], "asin": ["B000008MEW"], "script": ["Latn"], "musicbrainz_albumid": ["faea8a4b-c4b6-4e0e-9d70-01e8dd6b5f21"], "file_name": "1-03 Bottom Drawer.flac", "releasestatus": ["official"], "totaldiscs": ["1"], "album": ["Bird Wood Cage"], "artist": ["The Wolfgang Press"]}}, "lowlevel": {"melbands": {"dvar": [1.2364424947e-05, 2.69532010861e-05, 4.43353110313e-06, 1.01440195976e-06, 4.09051175154e-08, 2.16100008998e-08, 4.51619825981e-08, 1.06794530552e-07, 9.68116520284e-09, 3.87428178428e-09, 2.99064484288e-09, 2.51625809078e-09, 2.70976108219e-09, 9.52597445369e-10, 8.49045334039e-10, 3.74624220534e-10, 4.33781705e-10, 2.14016207534e-10, 2.46453607522e-10, 2.1720872323e-10, 3.01125707702e-10, 4.85288809138e-10, 1.81490877882e-10, 2.20826190667e-10, 4.1091652303e-10, 3.70294378493e-10, 1.9572875265e-10, 1.86957518911e-10, 1.99950653257e-10, 1.43848488676e-10, 1.18516876868e-10, 3.71615571648e-10, 3.29908628194e-10, 1.4870395193e-10, 5.87537449248e-11, 4.23420604134e-11, 2.99499106071e-11, 1.7870434299e-11, 1.48889234275e-11, 1.03402460205e-11], "mean": [0.00629500066862, 0.00609040819108, 0.00232922658324, 0.00120754633099, 0.000223101174925, 0.000104388615, 0.000130526503199, 0.000221040056203, 7.46022778912e-05, 5.05883908772e-05, 4.6158918849e-05, 3.41981540259e-05, 3.89256529161e-05, 2.29861907428e-05, 1.65809815371e-05, 1.24294629131e-05, 1.08645635919e-05, 8.75141813594e-06, 9.51892616285e-06, 9.44878411246e-06, 1.01252726381e-05, 1.13030382636e-05, 9.17495981412e-06, 9.66747847997e-06, 1.28319961732e-05, 1.26869126689e-05, 9.0870380518e-06, 7.60414786782e-06, 8.19909837446e-06, 7.19073432265e-06, 6.97584255249e-06, 9.28944609768e-06, 8.58150815475e-06, 6.99703150531e-06, 4.67302152174e-06, 3.60371154784e-06, 3.15901093018e-06, 2.87467423732e-06, 2.59800481217e-06, 1.85246403817e-06], "min": [5.01579233334e-14, 6.74893490702e-15, 1.38558293257e-14, 2.08556028756e-14, 1.50808642782e-14, 5.00329741152e-15, 2.19950315963e-15, 4.91148825152e-16, 1.44583314844e-15, 2.7989174597e-15, 2.73410228682e-15, 1.35336129104e-15, 2.56595714118e-16, 4.61014145746e-16, 9.97243546659e-16, 6.4794409987e-16, 1.14594783032e-16, 3.80760420972e-16, 4.95187531184e-16, 1.14497678645e-16, 2.05044256627e-16, 1.9192836172e-16, 7.82259411335e-17, 1.45125728273e-16, 5.64218903206e-17, 9.05045836765e-17, 6.03022739834e-17, 6.43141727462e-17, 4.60449492408e-17, 2.99705336855e-17, 2.62083987999e-17, 3.09986596299e-17, 1.88226602748e-17, 1.85487096364e-17, 1.71298930538e-17, 1.49562112965e-17, 1.96742840744e-17, 2.06535699667e-17, 1.25372026588e-17, 1.35998931723e-17], "median": [0.00540212960914, 0.00461939442903, 0.00171441957355, 0.000888995127752, 0.000135470021632, 3.77856958949e-05, 4.00824137614e-05, 3.57531280315e-05, 2.42752084887e-05, 1.28200217659e-05, 1.3526042494e-05, 9.98769792204e-06, 1.3272850083e-05, 6.77323350828e-06, 4.09082349506e-06, 3.57259204975e-06, 2.86909858005e-06, 1.83651286534e-06, 2.61353716269e-06, 2.64202731159e-06, 2.00743625101e-06, 2.28557905757e-06, 2.21935306399e-06, 2.02735805033e-06, 2.11338260669e-06, 1.98235966309e-06, 1.62327125963e-06, 1.09246343527e-06, 1.72860472958e-06, 9.12435780265e-07, 7.48028810449e-07, 8.45303759434e-07, 8.59280305576e-07, 8.04399462595e-07, 5.98836720656e-07, 4.37280419874e-07, 3.87423654047e-07, 3.72164237206e-07, 4.65094188939e-07, 2.3972322083e-07], "dvar2": [3.24826651195e-05, 7.82990100561e-05, 1.17653007692e-05, 2.67837936008e-06, 1.1160377511e-07, 5.49433849528e-08, 1.24424460068e-07, 2.58423028754e-07, 2.35224035805e-08, 9.88247084166e-09, 7.32529281677e-09, 6.3747895851e-09, 5.64950664028e-09, 1.95933691494e-09, 2.02343075628e-09, 8.62506732702e-10, 1.17521647969e-09, 5.39986111381e-10, 5.84571502316e-10, 5.79844006143e-10, 7.10832392947e-10, 1.34839395205e-09, 4.58575649676e-10, 5.65686386622e-10, 9.27623866609e-10, 8.05066180387e-10, 4.28786672835e-10, 3.96197602504e-10, 4.10757095004e-10, 2.51257653572e-10, 2.10279627044e-10, 7.53011208943e-10, 5.90816229273e-10, 2.90191426444e-10, 1.08416713107e-10, 8.64233407061e-11, 6.54036894088e-11, 3.73419281607e-11, 3.38659413013e-11, 2.38174792389e-11], "var": [3.15178294841e-05, 3.80897799914e-05, 5.72413773625e-06, 1.49034724473e-06, 7.98317216777e-08, 3.38313199677e-08, 8.61034550326e-08, 2.83013918079e-07, 2.14799502629e-08, 1.21552332644e-08, 9.92093784902e-09, 8.03364041957e-09, 7.58439977488e-09, 2.77078138211e-09, 1.60811397532e-09, 7.81643139103e-10, 6.71446120926e-10, 4.4324946491e-10, 6.50607956398e-10, 4.05128014469e-10, 7.78581532579e-10, 1.03692265885e-09, 4.85712858822e-10, 4.32743840761e-10, 7.73555663969e-10, 8.48529246866e-10, 4.46649106589e-10, 3.61265573012e-10, 3.8630842969e-10, 3.19259202408e-10, 2.86213774903e-10, 6.51059040013e-10, 5.75667291614e-10, 2.88958384997e-10, 1.34235442206e-10, 1.09933305514e-10, 7.3411554613e-11, 5.00635609357e-11, 3.18290255263e-11, 2.11545000267e-11], "dmean2": [0.00413136184216, 0.00484940921888, 0.00200726999901, 0.00100487633608, 0.000211217964534, 0.000116514813271, 0.000149658721057, 0.000197972505703, 6.81477831677e-05, 4.55483641417e-05, 4.12169429183e-05, 3.15949946526e-05, 3.23590320477e-05, 2.16272546822e-05, 1.72961827047e-05, 1.22150404422e-05, 1.27765506477e-05, 9.02570991457e-06, 9.48024808167e-06, 1.05503395389e-05, 1.02790600067e-05, 1.24587995742e-05, 8.81813775777e-06, 9.90124681266e-06, 1.36660901262e-05, 1.26189352159e-05, 8.48370746098e-06, 7.16357044439e-06, 7.44852604839e-06, 6.14928467257e-06, 6.38155552224e-06, 1.02440908449e-05, 8.33834474179e-06, 7.21490550859e-06, 4.68032158096e-06, 3.14179851557e-06, 2.92335130325e-06, 2.40148710873e-06, 2.46841113949e-06, 1.77172216809e-06], "max": [0.0519553497434, 0.0725205093622, 0.0267785806209, 0.0185268074274, 0.00382559234276, 0.00321696186438, 0.00566229037941, 0.00782848149538, 0.00386946368963, 0.0018438299885, 0.00175562419463, 0.00229871063493, 0.00182933465112, 0.00135004543699, 0.00103228492662, 0.000537709973287, 0.000706661783624, 0.000397378113121, 0.000754866516218, 0.000346001965227, 0.000748228165321, 0.000982187688351, 0.000381540565286, 0.000413308036514, 0.000353712704964, 0.000655579497106, 0.000308981951093, 0.000212585626286, 0.000188435878954, 0.000181799769052, 0.000199133923161, 0.000283014582237, 0.000251781020779, 0.000489198719151, 0.00027503160527, 0.000332680880092, 0.000129587133415, 9.861568833e-05, 0.000115653783723, 0.000108346226625], "dmean": [0.00251859449781, 0.00282626622356, 0.00118626805488, 0.000596262514591, 0.000126182319946, 7.00726450305e-05, 8.81181331351e-05, 0.000127706400235, 4.2693605792e-05, 2.77777417068e-05, 2.5362627639e-05, 1.93252799363e-05, 2.08955261769e-05, 1.36175685839e-05, 1.07406531242e-05, 7.59975819165e-06, 7.46705109123e-06, 5.56652730666e-06, 5.73079341848e-06, 6.20011815045e-06, 6.23175492365e-06, 7.25801555745e-06, 5.35185336048e-06, 6.0423967625e-06, 8.55431335367e-06, 8.10146138974e-06, 5.71315013076e-06, 4.75675005873e-06, 5.21893980476e-06, 4.62071329821e-06, 4.68228290629e-06, 6.71965426591e-06, 6.160369594e-06, 4.89166995976e-06, 3.12369638777e-06, 2.18174454858e-06, 1.94281051336e-06, 1.67310906818e-06, 1.62551361882e-06, 1.16033118047e-06]}, "spectral_decrease": {"dvar": 3.72968425924e-17, "mean": -1.19272742793e-08, "min": -8.56968753737e-08, "median": -1.1161761293e-08, "dvar2": 1.00879665254e-16, "var": 7.05919508173e-17, "dmean2": 6.45105346919e-09, "max": -1.71616505855e-19, "dmean": 3.91288867974e-09}, "spectral_rolloff": {"dvar": 1106964.75, "mean": 864.702514648, "min": 21.533203125, "median": 215.33203125, "dvar2": 2446833.75, "var": 2410600, "dmean2": 669.78704834, "max": 12489.2578125, "dmean": 399.239196777}, "melbands_crest": {"dvar": 6.52827978134, "mean": 18.0637836456, "min": 4.0829873085, "median": 17.9324207306, "dvar2": 17.6876850128, "var": 21.226228714, "dmean2": 4.66030740738, "max": 39.9909324646, "dmean": 2.76662564278}, "barkbands_skewness": {"dvar": 1.15674185753, "mean": 3.55070137978, "min": -3.71700000763, "median": 3.27942061424, "dvar2": 2.54181051254, "var": 6.10664844513, "dmean2": 1.32291162014, "max": 65.9570465088, "dmean": 0.849466085434}, "spectral_centroid": {"dvar": 112317.21875, "mean": 1044.54162598, "min": 129.452316284, "median": 802.725830078, "dvar2": 226453, "var": 641168.9375, "dmean2": 366.672943115, "max": 10325.8867188, "dmean": 244.060913086}, "spectral_energyband_middle_low": {"dvar": 5.46015216969e-05, "mean": 0.0116168158129, "min": 2.79950867176e-13, "median": 0.00967379752547, "dvar2": 0.000134847490699, "var": 0.000100408666185, "dmean2": 0.00744042173028, "max": 0.113751418889, "dmean": 0.00453542079777}, "erbbands_crest": {"dvar": 5.74907493591, "mean": 9.1786441803, "min": 1.85461127758, "median": 7.72732782364, "dvar2": 13.7088460922, "var": 27.3930702209, "dmean2": 3.81409144402, "max": 33.2963256836, "dmean": 2.36545062065}, "dynamic_complexity": 3.10576915741, "spectral_energyband_low": {"dvar": 0.000454979744973, "mean": 0.0335220359266, "min": 3.25774021474e-13, "median": 0.0296720545739, "dvar2": 0.0012722389074, "var": 0.000778090499807, "dmean2": 0.0219657309353, "max": 0.315437823534, "dmean": 0.0130892256275}, "silence_rate_60dB": {"dvar": 0.00588591583073, "mean": 0.0762272849679, "min": 0, "median": 0, "dvar2": 0.0133466161788, "var": 0.0704108923674, "dmean2": 0.0118430787697, "max": 1, "dmean": 0.00592105276883}, "erbbands_kurtosis": {"dvar": 9.15691661835, "mean": 1.64186167717, "min": -1.84047746658, "median": 0.172682762146, "dvar2": 20.3921089172, "var": 49.2312927246, "dmean2": 2.24749016762, "max": 213.848052979, "dmean": 1.46842074394}, "spectral_complexity": {"dvar": 34.8597412109, "mean": 13.5248746872, "min": 0, "median": 9, "dvar2": 66.0998687744, "var": 156.469238281, "dmean2": 5.50571584702, "max": 61, "dmean": 3.68141436577}, "barkbands_crest": {"dvar": 5.91231489182, "mean": 14.5453386307, "min": 2.79805088043, "median": 14.4493722916, "dvar2": 15.0976819992, "var": 23.6137313843, "dmean2": 4.31191158295, "max": 26.9103717804, "dmean": 2.61883330345}, "spectral_energy": {"dvar": 0.000570969714317, "mean": 0.0469690561295, "min": 6.73961103939e-13, "median": 0.0439754091203, "dvar2": 0.00152437598445, "var": 0.0010866781231, "dmean2": 0.0250543113798, "max": 0.33010867238, "dmean": 0.0152944652364}, "spectral_spread": {"dvar": 1134379925500.0, "mean": 5893156, "min": 1215455.25, "median": 5640257.5, "dvar2": 2114666889220.0, "var": 5232303538180.0, "dmean2": 1174663.25, "max": 40075272, "dmean": 826389.25}, "spectral_contrast_valleys": {"dvar": [0.101973481476, 0.115851916373, 0.0897411853075, 0.111975207925, 0.194648981094, 0.256135880947], "mean": [-6.70353794098, -7.22520875931, -7.75051259995, -8.30509185791, -7.94282388687, -10.0565719604], "min": [-27.3170394897, -27.6191997528, -26.898935318, -27.4368782043, -27.1855773926, -27.2262973785], "median": [-6.28633356094, -7.03271722794, -7.62841510773, -8.20818996429, -7.87565279007, -9.94723320007], "dvar2": [0.2358045578, 0.282511621714, 0.206906497478, 0.21558944881, 0.39135608077, 0.446248352528], "var": [2.77184653282, 2.20972967148, 1.50161361694, 1.64537751675, 2.00192975998, 2.47366762161], "dmean2": [0.582650244236, 0.597919940948, 0.503291189671, 0.449493765831, 0.462437450886, 0.513712525368], "max": [-4.86370182037, -4.72705125809, -5.60579061508, -5.67792510986, -5.33015966415, -7.35971736908], "dmean": [0.351414382458, 0.360183566809, 0.303943246603, 0.288161277771, 0.315506607294, 0.391560167074]}, "spectral_rms": {"dvar": 1.64674452208e-06, "mean": 0.00625948561355, "min": 2.56422119094e-08, "median": 0.00655002566054, "dvar2": 4.13777843278e-06, "var": 6.64209073875e-06, "dmean2": 0.00162548350636, "max": 0.0179459545761, "dmean": 0.00101348059252}, "barkbands_spread": {"dvar": 80.0620117188, "mean": 17.4408245087, "min": 0.122374720871, "median": 10.1153230667, "dvar2": 161.058120728, "var": 350.365631104, "dmean2": 8.81151103973, "max": 116.410346985, "dmean": 5.94654369354}, "pitch_salience": {"dvar": 0.00420076679438, "mean": 0.477785259485, "min": 0.00181715341751, "median": 0.482422679663, "dvar2": 0.0110553009436, "var": 0.0153294000775, "dmean2": 0.117518544197, "max": 0.848448455334, "dmean": 0.0708238855004}, "erbbands_skewness": {"dvar": 0.214130520821, "mean": 0.597390115261, "min": -4.36515903473, "median": 0.577004611492, "dvar2": 0.442144781351, "var": 1.49921429157, "dmean2": 0.631533622742, "max": 9.79603290558, "dmean": 0.429021328688}, "spectral_energyband_middle_high": {"dvar": 2.36565688283e-06, "mean": 0.00203393795528, "min": 4.65405573238e-14, "median": 0.000780593953095, "dvar2": 4.75054866911e-06, "var": 9.33958654059e-06, "dmean2": 0.00121776689775, "max": 0.0343895293772, "dmean": 0.00081922969548}, "erbbands": {"dvar": [0.126541644335, 12.9813909531, 123.383377075, 134.276184082, 373.392272949, 106.830696106, 24.850151062, 46.0020370483, 197.722244263, 805.173706055, 191.117614746, 97.6872024536, 118.732597351, 143.679077148, 323.896057129, 58.087474823, 106.227325439, 104.219718933, 63.3713150024, 99.5824661255, 172.100357056, 310.163513184, 212.754684448, 523.037963867, 431.054840088, 401.078125, 475.957000732, 363.711486816, 1031.5177002, 525.821044922, 146.638977051, 74.9754714966, 31.7189178467, 13.6803731918, 5.29680490494, 0.62628364563, 0.0278601869941, 0.00176387745887, 2.78131919913e-05, 5.04712929228e-08], "mean": [0.587563216686, 5.90745782852, 9.05063724518, 11.1805772781, 19.1160526276, 13.0022859573, 4.49227142334, 4.75170373917, 8.4115152359, 19.4890289307, 10.3779573441, 8.11527729034, 9.37480735779, 8.80222034454, 12.5539016724, 6.33002614975, 6.56666231155, 5.92168283463, 5.72237205505, 7.05315208435, 8.56875038147, 10.5637798309, 10.2517995834, 15.5455846786, 14.935423851, 12.259979248, 13.0574083328, 12.3009300232, 16.2080459595, 13.2509851456, 7.86409282684, 5.40791893005, 4.10344648361, 2.41099953651, 1.20021867752, 0.388935416937, 0.0860776677728, 0.0162969771773, 0.00162082281895, 0.000125368955196], "min": [5.52501967788e-12, 2.94161847658e-11, 9.15212072794e-11, 1.94832316947e-10, 3.22233767447e-10, 3.54464596564e-10, 3.87113591183e-10, 2.99367086676e-10, 1.62605859333e-10, 4.95400213907e-11, 1.49412829331e-10, 4.18235113209e-10, 5.45245015804e-10, 3.11811659826e-10, 7.77593406331e-11, 2.75965833518e-10, 3.77935349682e-10, 1.02238835453e-10, 2.72264710777e-10, 2.231632934e-10, 1.45987499867e-10, 1.49022863494e-10, 1.4661305503e-10, 8.67994218168e-11, 9.12847297752e-11, 1.05231892644e-10, 7.09004174815e-11, 4.94764541836e-11, 4.64311748771e-11, 3.3831163565e-11, 2.94111818233e-11, 2.96875267425e-11, 2.60007935321e-11, 1.55124645768e-11, 1.02760256901e-11, 6.53465042494e-12, 4.53669046774e-12, 1.21855520466e-12, 2.51488581479e-13, 2.62524732991e-14], "median": [0.4559635818, 4.54164075851, 5.86696863174, 7.88446521759, 13.6801376343, 8.54557037354, 2.51247096062, 1.7707580328, 2.80230641365, 3.35583019257, 3.25235295296, 2.24312138557, 2.84648251534, 2.94102191925, 4.00583362579, 1.98569107056, 1.91127085686, 1.65504205227, 1.35885322094, 2.07938718796, 1.86313140392, 2.36080741882, 2.39239239693, 2.75822544098, 2.61867666245, 2.14996314049, 2.57159590721, 1.41561937332, 1.55440795422, 1.51442825794, 1.02738821507, 0.690968573093, 0.629822075367, 0.371898919344, 0.1549359411, 0.048338919878, 0.0096153318882, 0.00116352154873, 0.000114287882752, 6.46626358503e-05], "dvar2": [0.326321512461, 35.576751709, 362.545288086, 376.693145752, 958.138671875, 299.782501221, 65.8053131104, 118.196075439, 543.370117188, 1968.92651367, 465.769470215, 256.03805542, 290.222229004, 359.502258301, 629.801452637, 143.652526855, 238.187332153, 277.694000244, 150.149978638, 249.421737671, 404.15814209, 845.716430664, 544.937316895, 1163.77172852, 907.273681641, 808.167724609, 924.028930664, 613.351013184, 1887.97692871, 937.38079834, 262.67565918, 152.483276367, 65.6526412964, 30.9052200317, 12.8624258041, 1.55664622784, 0.0631803944707, 0.00425084400922, 6.89212902216e-05, 1.24326120954e-07], "var": [0.329567849636, 32.1200447083, 122.272209167, 147.559249878, 470.469909668, 198.040893555, 46.9140472412, 69.5467910767, 342.457397461, 2109.59472656, 437.492919922, 276.546966553, 396.301361084, 452.300109863, 978.114807129, 126.062889099, 237.487197876, 174.597259521, 167.538864136, 263.034912109, 480.026611328, 791.66796875, 509.221405029, 1069.6229248, 1110.70483398, 857.516418457, 983.448974609, 900.341674805, 1951.66247559, 1059.48510742, 380.409332275, 207.721115112, 88.6008682251, 30.044424057, 9.96401691437, 1.15189051628, 0.0484907627106, 0.00181633303873, 2.48054693657e-05, 4.96689480656e-08], "dmean2": [0.403368413448, 4.09428691864, 9.10569763184, 10.4552221298, 17.1420917511, 11.5610322952, 4.23575210571, 5.30013275146, 9.93656253815, 17.698507309, 9.42637634277, 7.21400308609, 8.15417957306, 7.69287347794, 10.28677845, 5.97466039658, 6.10157489777, 6.36368370056, 5.21745204926, 6.75747442245, 8.14620399475, 10.5123033524, 9.31592464447, 15.5122051239, 13.451842308, 10.4782037735, 10.9456481934, 10.39610672, 16.0482006073, 12.8213825226, 7.26712846756, 4.61258459091, 3.33692574501, 2.16676330566, 1.16796398163, 0.406172096729, 0.0999688878655, 0.0240497067571, 0.00261069671251, 0.000127136823721], "max": [5.23175382614, 52.123374939, 160.559417725, 171.275360107, 346.768249512, 166.902359009, 127.117927551, 160.181808472, 404.110961914, 692.052612305, 411.102111816, 301.962341309, 356.95703125, 514.046875, 753.905517578, 153.978317261, 379.904418945, 390.155487061, 195.533172607, 516.218444824, 550.753173828, 760.166381836, 494.79977417, 400.922210693, 640.204833984, 283.15914917, 292.893707275, 318.780609131, 389.562530518, 739.296447754, 445.730499268, 311.711090088, 147.522247314, 103.80657959, 101.782493591, 35.5133666992, 4.58250617981, 0.560495138168, 0.0696155801415, 0.00276410998777], "dmean": [0.245200306177, 2.4680685997, 5.21185684204, 6.12069225311, 10.2216424942, 6.8159031868, 2.55648612976, 3.17787528038, 5.83279705048, 11.3049345016, 5.92637634277, 4.40021181107, 5.02379512787, 4.72404670715, 6.7026181221, 3.66481041908, 3.84302854538, 3.7580435276, 3.25833511353, 4.06939220428, 4.96643972397, 6.16312503815, 5.79326152802, 9.77164077759, 8.83991146088, 7.35972690582, 8.07678413391, 7.97998380661, 11.348783493, 9.04625225067, 4.98297739029, 3.16759586334, 2.32162737846, 1.44641721249, 0.764401733875, 0.2657995224, 0.0677153989673, 0.0156397297978, 0.00166574330069, 8.21506837383e-05]}, "dissonance": {"dvar": 0.000408022315241, "mean": 0.46752807498, "min": 0, "median": 0.47549790144, "dvar2": 0.00109690090176, "var": 0.00086433859542, "dmean2": 0.0294282622635, "max": 0.500000119209, "dmean": 0.0173845458776}, "erbbands_flatness_db": {"dvar": 0.000363777973689, "mean": 0.133369669318, "min": 0.0256044864655, "median": 0.12002966553, "dvar2": 0.0007204276626, "var": 0.00444604689255, "dmean2": 0.0260527376086, "max": 0.559425354004, "dmean": 0.0179082695395}, "melbands_kurtosis": {"dvar": 9779.42285156, "mean": 68.2913589478, "min": -1.81538844109, "median": 43.9837532043, "dvar2": 17199.9375, "var": 20309.9082031, "dmean2": 40.7378311157, "max": 8674.02441406, "dmean": 25.7771892548}, "melbands_spread": {"dvar": 75.2724456787, "mean": 11.5837059021, "min": 0.108725860715, "median": 6.17530059814, "dvar2": 163.793869019, "var": 262.253112793, "dmean2": 6.8630399704, "max": 227.339706421, "dmean": 4.51349830627}, "melbands_skewness": {"dvar": 2.23053145409, "mean": 5.58781528473, "min": -5.37331581116, "median": 5.17490291595, "dvar2": 4.75785112381, "var": 10.7849931717, "dmean2": 1.89435517788, "max": 90.1817626953, "dmean": 1.2217079401}, "spectral_entropy": {"dvar": 0.068725630641, "mean": 7.47454833984, "min": 4.56253814697, "median": 7.55802488327, "dvar2": 0.136424079537, "var": 0.427124470472, "dmean2": 0.311951756477, "max": 9.79962253571, "dmean": 0.212597757578}, "zerocrossingrate": {"dvar": 0.000197696994292, "mean": 0.0442597791553, "min": 0, "median": 0.03271484375, "dvar2": 0.000215911917621, "var": 0.00158536701929, "dmean2": 0.0122054647654, "max": 0.4775390625, "dmean": 0.0106956083328}, "average_loudness": 0.929519057274, "spectral_contrast_coeffs": {"dvar": [0.00151920167264, 0.00115627003834, 0.000687139690854, 0.000377149757696, 0.00026688457001, 0.000515784020536], "mean": [-0.662321984768, -0.77895462513, -0.800437629223, -0.822268605232, -0.812596261501, -0.78629553318], "min": [-0.992994785309, -0.97021239996, -0.967296600342, -0.981582164764, -0.960787832737, -0.960526525974], "median": [-0.657326042652, -0.789756178856, -0.8144338727, -0.830777943134, -0.818407416344, -0.79613673687], "dvar2": [0.00425487104803, 0.0031603986863, 0.00187103217468, 0.00101453159004, 0.000658512406517, 0.00114834611304], "var": [0.00542480312288, 0.00492923613638, 0.0043935617432, 0.00203795731068, 0.00144927063957, 0.00271560437977], "dmean2": [0.0781431868672, 0.0712202191353, 0.0554560646415, 0.0402688272297, 0.0311639159918, 0.0337290279567], "max": [-0.405634462833, -0.455206096172, -0.405732393265, -0.517270803452, -0.610984623432, -0.608691036701], "dmean": [0.0461408123374, 0.0427444465458, 0.0333066880703, 0.0240237917751, 0.0190933123231, 0.021420173347]}, "barkbands_flatness_db": {"dvar": 0.000795298081357, "mean": 0.194098338485, "min": 0.025217499584, "median": 0.188867598772, "dvar2": 0.00170850136783, "var": 0.00569722289219, "dmean2": 0.0393785536289, "max": 0.613796472549, "dmean": 0.0258558001369}, "silence_rate_30dB": {"dvar": 0.0440812073648, "mean": 0.95543128252, "min": 0, "median": 1, "dvar2": 0.10511444509, "var": 0.0425820760429, "dmean2": 0.0924418121576, "max": 1, "dmean": 0.0462171062827}, "spectral_energyband_high": {"dvar": 4.58359090771e-06, "mean": 0.00170191831421, "min": 1.11731675615e-14, "median": 0.00027411498013, "dvar2": 7.40606174077e-06, "var": 1.18117432066e-05, "dmean2": 0.00128517264966, "max": 0.0348927937448, "dmean": 0.000957590877078}, "melbands_flatness_db": {"dvar": 0.00111161544919, "mean": 0.288115978241, "min": 0.0263824574649, "median": 0.28846976161, "dvar2": 0.00239867321216, "var": 0.00782051030546, "dmean2": 0.0464884489775, "max": 0.592309355736, "dmean": 0.0306735746562}, "barkbands": {"dvar": [1.91815743733e-07, 0.000197226559976, 0.000111673281936, 1.89459187823e-05, 1.48232711581e-05, 4.58688504068e-07, 1.2422749478e-06, 1.73165733486e-06, 2.23581253067e-07, 1.2095870261e-07, 1.47585623722e-07, 4.21572465825e-08, 5.84098032164e-08, 4.54372148795e-08, 3.26127320704e-08, 5.26844523563e-08, 9.61888204642e-08, 8.91603093578e-08, 2.23731575488e-07, 1.69185454979e-07, 2.19897586362e-07, 7.22392826447e-07, 2.43008372536e-07, 1.24720827444e-07, 9.59243209309e-08, 1.43318281687e-08, 9.63103485851e-10], "mean": [0.000361712416634, 0.0248237717897, 0.00649040844291, 0.00472760247067, 0.0043908697553, 0.00049077096628, 0.000699865573552, 0.000830039614812, 0.000370728783309, 0.000276813312666, 0.0002809651196, 0.000160236697411, 0.000144166231621, 0.000112613852252, 0.000123597390484, 0.000143784331158, 0.000182349496754, 0.000203223346034, 0.000324738241034, 0.000254689337453, 0.000309883704176, 0.000440774892922, 0.00031393385143, 0.000254488055361, 0.00018708553398, 6.08824266237e-05, 9.11199549591e-06], "min": [1.03844070929e-13, 1.47799022912e-13, 1.31046974487e-14, 2.0436147078e-14, 8.42311314556e-14, 2.77388890666e-14, 7.07892200262e-15, 3.94275583387e-15, 1.9124204851e-14, 1.52747890833e-14, 2.37539950376e-15, 5.55299468924e-15, 8.02265223113e-15, 1.44295016592e-15, 6.64419631848e-15, 1.73389190138e-15, 2.85218291483e-15, 2.59438928436e-15, 1.79343387065e-15, 1.86630178576e-15, 1.4863421815e-15, 1.23137901751e-15, 1.12260018769e-15, 1.51919424848e-15, 1.38452331553e-15, 1.93614494622e-15, 1.90950025431e-15], "median": [0.000162542215548, 0.0208589807153, 0.00377737847157, 0.00281496508978, 0.00311523186974, 0.000168502490851, 0.000186723074876, 0.000154159672093, 9.10099915927e-05, 8.56849583215e-05, 9.27053770283e-05, 4.71754465252e-05, 3.89730594179e-05, 2.71546305157e-05, 3.42668645317e-05, 3.37810161e-05, 4.06300059694e-05, 4.08402884204e-05, 5.45948605577e-05, 4.14619935327e-05, 5.34871833224e-05, 4.46157828264e-05, 3.9617963921e-05, 3.94454036723e-05, 2.60742326645e-05, 7.57145244279e-06, 4.62991749828e-07], "dvar2": [5.02740590491e-07, 0.000528735632543, 0.000324872962665, 4.82173127239e-05, 3.98687188863e-05, 1.15315469884e-06, 3.32778813572e-06, 4.11820246882e-06, 5.74040711854e-07, 3.11060944114e-07, 3.178938357e-07, 9.92248700982e-08, 1.33417202619e-07, 1.22527865187e-07, 7.70780133053e-08, 1.31073036869e-07, 2.59997790408e-07, 2.25214407124e-07, 4.78707022467e-07, 3.40200244864e-07, 3.78389557909e-07, 1.27789564885e-06, 4.44137469913e-07, 2.51240891203e-07, 2.24238178248e-07, 3.47635236153e-08, 2.38229969085e-09], "var": [2.89571715939e-07, 0.000505759555381, 9.32312032091e-05, 3.31058618031e-05, 2.11317455978e-05, 7.66545952047e-07, 2.76444393421e-06, 4.45053365183e-06, 6.80953462506e-07, 3.79361011937e-07, 3.84362834893e-07, 9.88433157545e-08, 1.25206227608e-07, 7.3925008337e-08, 9.13238409339e-08, 1.14441093046e-07, 2.45255591835e-07, 1.93342884813e-07, 5.03278670294e-07, 3.76728110041e-07, 5.30112970409e-07, 1.38934490224e-06, 5.86037515404e-07, 3.66028530152e-07, 2.00807846795e-07, 2.43257716193e-08, 8.53476456175e-10], "dmean2": [0.000388171523809, 0.0163314118981, 0.00811177771538, 0.00426839571446, 0.00384329771623, 0.000534525956027, 0.00076587224612, 0.000773099134676, 0.000336249329848, 0.00025796846603, 0.000245896138949, 0.000162720127264, 0.000142224991578, 0.000130356609588, 0.000118596406537, 0.000154555295012, 0.00018682263908, 0.000201989023481, 0.000310750678182, 0.000220719070057, 0.000248565484071, 0.000420328520704, 0.00029838757473, 0.000205971635296, 0.000167214224348, 6.94952395861e-05, 1.51591857502e-05], "max": [0.0077013601549, 0.203243091702, 0.155772119761, 0.0601207464933, 0.0709153860807, 0.0127801522613, 0.0281613133848, 0.0336415879428, 0.0137355010957, 0.0141348494217, 0.0111133689061, 0.00687073823065, 0.00901111774147, 0.00696856714785, 0.008037135005, 0.00785516947508, 0.0127692148089, 0.00840010400862, 0.0128311710432, 0.00637018447742, 0.00741527648643, 0.0102133695036, 0.017826737836, 0.00778671912849, 0.0122829647735, 0.00373980263248, 0.000415062182583], "dmean": [0.000237824788201, 0.00991252157837, 0.00463944952935, 0.00256454339251, 0.00227654469199, 0.000322965875966, 0.000456394947832, 0.000500477210153, 0.000203934017918, 0.000156666777912, 0.00015804656141, 9.92339264485e-05, 8.92168900464e-05, 7.60688708397e-05, 7.25329227862e-05, 9.21831597225e-05, 0.000109303437057, 0.000123005462228, 0.000201779446797, 0.000154593828483, 0.000190104605281, 0.000308350136038, 0.000200852824491, 0.000141310752952, 0.0001123564507, 4.54826767964e-05, 9.64477021625e-06]}, "erbbands_spread": {"dvar": 258.366790771, "mean": 58.9563522339, "min": 0.364870995283, "median": 53.5773620605, "dvar2": 542.948608398, "var": 1094.2076416, "dmean2": 20.5278987885, "max": 180.754989624, "dmean": 13.6953897476}, "barkbands_kurtosis": {"dvar": 2754.18579102, "mean": 25.1484699249, "min": -1.94903981686, "median": 13.52850914, "dvar2": 5035.93164062, "var": 5488.23242188, "dmean2": 16.9350910187, "max": 4518.71142578, "dmean": 10.6330547333}, "spectral_flux": {"dvar": 0.00137324002571, "mean": 0.0832385644317, "min": 2.38502070715e-06, "median": 0.0716721042991, "dvar2": 0.00284088286571, "var": 0.00320097105578, "dmean2": 0.0443351268768, "max": 0.432774841785, "dmean": 0.0285282954574}, "silence_rate_20dB": {"dvar": 0, "mean": 1, "min": 1, "median": 1, "dvar2": 0, "var": 0, "dmean2": 0, "max": 1, "dmean": 0}, "gfcc": {"cov": [[17807.953125, -152.372344971, 1900.70214844, 2298.84057617, -977.454772949, -15.1506004333, -997.091064453, -258.037445068, -181.776000977, 233.397827148, -241.825149536, -21.8906841278, -284.706420898], [-152.372344971, 1645.69348145, 72.7173538208, -105.962219238, 141.771026611, -165.300201416, 59.9920578003, -75.1606292725, 52.6365280151, -108.572952271, 106.152671814, -111.773918152, 126.790664673], [1900.70214844, 72.7173538208, 1516.06848145, 540.689208984, -207.869094849, 134.101837158, -296.780883789, -82.9595565796, -42.1231613159, 117.706207275, 16.1231899261, -14.2599430084, -18.5563755035], [2298.84057617, -105.962219238, 540.689208984, 743.772705078, -95.6434631348, 31.5500259399, -171.476837158, -112.092735291, -21.5338745117, 45.6330604553, -17.5617198944, -32.1184844971, -28.3524971008], [-977.454772949, 141.771026611, -207.869094849, -95.6434631348, 278.409057617, -10.3173837662, 112.489646912, -9.0295124054, 3.43538856506, -45.3984565735, 5.16648197174, -8.4816827774, 42.3503913879], [-15.1506004333, -165.300201416, 134.101837158, 31.5500259399, -10.3173837662, 170.059844971, -0.0846486464143, 26.4910049438, -28.7853469849, -1.90115082264, -5.17299461365, 8.36966514587, 8.40011310577], [-997.091064453, 59.9920578003, -296.780883789, -171.476837158, 112.489646912, -0.0846486464143, 201.190536499, 32.9848823547, 27.1632938385, -46.3185806274, 11.8991451263, 2.54196476936, 21.0794372559], [-258.037445068, -75.1606292725, -82.9595565796, -112.092735291, -9.0295124054, 26.4910049438, 32.9848823547, 118.04347229, 26.8448162079, 11.5031509399, 4.00814676285, 4.26407194138, -3.56208634377], [-181.776000977, 52.6365280151, -42.1231613159, -21.5338745117, 3.43538856506, -28.7853469849, 27.1632938385, 26.8448162079, 96.9234161377, 25.0342330933, 24.4641113281, -5.52464151382, -14.720328331], [233.397827148, -108.572952271, 117.706207275, 45.6330604553, -45.3984565735, -1.90115082264, -46.3185806274, 11.5031509399, 25.0342330933, 92.427230835, 14.6920051575, 6.15268373489, -30.9060554504], [-241.825149536, 106.152671814, 16.1231899261, -17.5617198944, 5.16648197174, -5.17299461365, 11.8991451263, 4.00814676285, 24.4641113281, 14.6920051575, 69.1343154907, 4.34448957443, 5.12705612183], [-21.8906841278, -111.773918152, -14.2599430084, -32.1184844971, -8.4816827774, 8.36966514587, 2.54196476936, 4.26407194138, -5.52464151382, 6.15268373489, 4.34448957443, 72.5973739624, 4.17116069794], [-284.706420898, 126.790664673, -18.5563755035, -28.3524971008, 42.3503913879, 8.40011310577, 21.0794372559, -3.56208634377, -14.720328331, -30.9060554504, 5.12705612183, 4.17116069794, 83.7129592896]], "mean": [-26.4849510193, 87.0449981689, -74.9493331909, 51.9820289612, -47.4089317322, 25.4396972656, -24.7841415405, 14.4401502609, -23.2527580261, -1.88923120499, -15.5836162567, -3.13550949097, -11.2021379471], "icov": [[0.000149946892634, -0.00017615739489, 7.61000919738e-05, -0.000453321379609, 0.000294099532766, -2.73466102954e-05, 0.000265125650913, -0.000234415798332, 0.000214009764022, -0.000143149547512, 0.00055688188877, -0.000396804767661, 0.000387779349694], [-0.00017615739489, 0.00151461339556, -0.000514863699209, 0.000891338801011, -0.000568905903492, 0.00131324701943, -0.00027991386014, 0.000773015606683, -0.00088504422456, 0.00179997971281, -0.00252786464989, 0.00235911435448, -0.00189977721311], [7.61000919738e-05, -0.000514863699209, 0.0014430731535, -0.000840283930302, 0.000474243453937, -0.00139983417466, 0.00124185788445, 0.000140527292388, 0.000324118940625, -0.00145215250086, 0.000360416626791, -0.000578060920816, 0.000195328975678], [-0.000453321379609, 0.000891338801011, -0.000840283930302, 0.00370023888536, -0.00089588353876, 6.14441614744e-06, 3.62662613043e-05, 0.00259578647092, -0.00140676170122, 0.000743675569538, -0.00162792624906, 0.002448619809, -0.00126597168855], [0.000294099532766, -0.000568905903492, 0.000474243453937, -0.00089588353876, 0.00576853193343, -0.000303488050122, -0.00193338515237, 0.000669237109832, 0.000544926559087, -0.000425151054515, 0.001383516239, -0.000310174567858, -0.000839366344735], [-2.73466102954e-05, 0.00131324701943, -0.00139983417466, 6.14441614744e-06, -0.000303488050122, 0.00900066830218, -0.00155863014515, -0.00253324210644, 0.00219598971307, 0.0020302454941, -0.00182545033749, 0.00107140326872, -0.0016610865714], [0.000265125650913, -0.00027991386014, 0.00124185788445, 3.62662613043e-05, -0.00193338515237, -0.00155863014515, 0.0103988219053, -0.00105838908348, -0.00237644976005, 0.00277884420939, -0.000374602532247, -0.000876717560459, 0.00075884902617], [-0.000234415798332, 0.000