{"metadata": {"audio_properties": {"downmix": "mix", "bit_rate": 223083, "lossless": false, "md5_encoded": "590cf5bffb694dec3e36ca78b905ca65", "analysis_sample_rate": 44100, "sample_rate": 44100, "replay_gain": -7.45109367371, "equal_loudness": 0, "codec": "mp3", "length": 368.014129639}, "tags": {"musicbrainz_albumid": ["8fc543ac-71c0-453c-b703-c7025559df36"], "musicbrainz_recordingid": ["841af47a-7b47-4b69-a8ca-56b54d9446e6"], "tracknumber": ["7/13"], "artist": ["His Name Is Alive"], "acoustid_id": ["96ac9134-bfd8-46fc-a45b-889ca55c0d47"], "barcode": ["652637221022"], "album": ["Last Night"], "musicbrainz album type": ["album"], "originaldate": ["2002"], "albumartist": ["His Name Is Alive"], "asin": ["B00006YXE6"], "artistsort": ["His Name Is Alive"], "media": ["CD"], "musicbrainz_albumartistid": ["45b675bb-83f5-40e9-bbd4-a597fd9fc6c8"], "musicbrainz release track id": ["d318f642-a214-33e2-9eaa-72d35270c9f6"], "musicbrainz album release country": ["GB"], "musicbrainz_artistid": ["45b675bb-83f5-40e9-bbd4-a597fd9fc6c8"], "catalognumber": ["CAD 2210 CD"], "albumartistsort": ["His Name Is Alive"], "script": ["Latn"], "label": ["4AD"], "musicbrainz album status": ["official"], "date": ["2002-09-23"], "title": ["I Have Special Powers"], "musicbrainz disc id": ["EcueEyVKRBDw1sBFk3Ae7RsgF2A-"], "artists": ["His Name Is Alive"], "file_name": "07 - I Have Special Powers.mp3", "musicbrainz_releasegroupid": ["4eb2db08-3d5f-35ba-aa72-fbd13dda1be1"]}, "version": {"essentia_build_sha": "ca57ba49d9b1854bd80e60cf9ccf267278fb7d6b", "essentia_git_sha": "v2.1_beta1-28-g21ef5f4-dirty", "extractor": "music 1.0", "essentia": "2.1-beta1"}}, "tonal": {"chords_scale": "major", "hpcp": {"dmean": [0.205793038011, 0.163482174277, 0.110495634377, 0.0815193876624, 0.0785480588675, 0.101722814143, 0.12733130157, 0.12308409065, 0.123490937054, 0.133830964565, 0.131871312857, 0.137837409973, 0.171692192554, 0.16677287221, 0.150393217802, 0.105819813907, 0.0782970115542, 0.0645294338465, 0.0588286854327, 0.0571657493711, 0.0529927201569, 0.0692133307457, 0.0869175642729, 0.134259417653, 0.198453471065, 0.163839548826, 0.130122333765, 0.113998308778, 0.0951792597771, 0.101729467511, 0.130081146955, 0.162854090333, 0.17481225729, 0.174122929573, 0.178786501288, 0.197933599353], "dvar2": [0.185076728463, 0.154469296336, 0.1203032583, 0.099798001349, 0.093610830605, 0.0825747475028, 0.105928406119, 0.111897446215, 0.122561819851, 0.148327261209, 0.157187849283, 0.155875876546, 0.156897008419, 0.1362760216, 0.111655168235, 0.0813638195395, 0.070078484714, 0.0533128269017, 0.048044282943, 0.0436130464077, 0.0388550236821, 0.0476594567299, 0.063234783709, 0.0839695557952, 0.16429245472, 0.103680461645, 0.101013429463, 0.0940337330103, 0.0775779560208, 0.0963647887111, 0.124998755753, 0.137693583965, 0.153764173388, 0.156961157918, 0.166372209787, 0.180085584521], "mean": [0.220101192594, 0.163818329573, 0.0907366797328, 0.0605674646795, 0.0627322793007, 0.111703827977, 0.16646976769, 0.144019380212, 0.118253268301, 0.125704690814, 0.115765988827, 0.113338328898, 0.179076835513, 0.279318928719, 0.223037064075, 0.102797649801, 0.0758122578263, 0.0642969161272, 0.0652068927884, 0.0629299804568, 0.0549444295466, 0.0818636640906, 0.110318318009, 0.166605323553, 0.233925759792, 0.224076896906, 0.181695118546, 0.12954120338, 0.088428504765, 0.0895211026073, 0.124724544585, 0.190512269735, 0.205607503653, 0.163608759642, 0.172634527087, 0.215245977044], "var": [0.0870261564851, 0.0641697570682, 0.0340052135289, 0.0253666006029, 0.0242449343204, 0.034292884171, 0.0675447583199, 0.0542064495385, 0.0440814644098, 0.0557257160544, 0.0536080561578, 0.0482311546803, 0.0625061914325, 0.124490253627, 0.0906014591455, 0.0283760614693, 0.0236694533378, 0.0172816924751, 0.021157855168, 0.0171952713281, 0.0124928308651, 0.0243106298149, 0.0390554741025, 0.045641195029, 0.0889893323183, 0.0651515200734, 0.0701483115554, 0.0407878160477, 0.0260869637132, 0.0320004224777, 0.0492173731327, 0.0721593424678, 0.0806092247367, 0.059168767184, 0.0666909962893, 0.0863529667258], "dmean2": [0.364732205868, 0.290827006102, 0.201871871948, 0.151021301746, 0.144680842757, 0.177422344685, 0.219545736909, 0.21690556407, 0.220318108797, 0.241676002741, 0.240351170301, 0.251452475786, 0.304802387953, 0.292928278446, 0.262897372246, 0.187875330448, 0.139467969537, 0.114832758904, 0.102804936469, 0.0993764474988, 0.0926541462541, 0.119218140841, 0.149312630296, 0.233798265457, 0.349579960108, 0.284450173378, 0.228068709373, 0.202715903521, 0.170028328896, 0.183081433177, 0.233696773648, 0.287150889635, 0.307874232531, 0.310862988234, 0.319993048906, 0.350014209747], "dvar": [0.0702189207077, 0.057178709656, 0.0434482209384, 0.0354802757502, 0.0331339687109, 0.0302697885782, 0.041190225631, 0.041113294661, 0.0440026298165, 0.0537061057985, 0.0555505268276, 0.054711855948, 0.0561906993389, 0.0532210841775, 0.0418112836778, 0.0291350968182, 0.0250982120633, 0.0191962197423, 0.0177313629538, 0.0160026717931, 0.0139142246917, 0.0182822793722, 0.0246075000614, 0.0322041921318, 0.0664442405105, 0.0393116883934, 0.0372148454189, 0.0343160070479, 0.028560006991, 0.0351829826832, 0.0462576858699, 0.0523688793182, 0.0580691024661, 0.057112172246, 0.0593910291791, 0.0681517869234], "min": [0, 0, 0, 0, 0, 0, 0, 0, 0, 0, 0, 0, 0, 0, 0, 0, 0, 0, 0, 0, 0, 0, 0, 0, 0, 0, 0, 0, 0, 0, 0, 0, 0, 0, 0, 0], "median": [0.0774273350835, 0.0468699298799, 0.0212040506303, 0.0103045981377, 0.0137399509549, 0.0344695076346, 0.0471227392554, 0.042270116508, 0.031854249537, 0.0253005065024, 0.0197422076017, 0.0217572133988, 0.0640456452966, 0.0901458859444, 0.0674253329635, 0.0375232324004, 0.0219035372138, 0.0182675234973, 0.0156279411167, 0.0180359743536, 0.0203935019672, 0.0235984064639, 0.0286509618163, 0.0723684132099, 0.101584888995, 0.117717459798, 0.060553047806, 0.044916279614, 0.0256420113146, 0.0196181721985, 0.028153963387, 0.0644261613488, 0.0697695612907, 0.0539243817329, 0.0513278320432, 0.0700145661831], "max": [1, 1, 1, 1, 1, 1, 1, 1, 1, 1, 1, 1, 1, 1, 1, 1, 1, 1, 1, 1, 1, 1, 1, 1, 1, 1, 1, 1, 1, 1, 1, 1, 1, 1, 1, 1]}, "tuning_equal_tempered_deviation": 0.254814565182, "chords_key": "A", "chords_strength": {"dmean": 0.0121551342309, "dvar2": 0.000131553315441, "mean": 0.494438737631, "var": 0.0112329293042, "dmean2": 0.0132759092376, "dvar": 9.75587390712e-05, "min": 0.2116432935, "median": 0.493826031685, "max": 0.819108784199}, "tuning_diatonic_strength": 0.430324941874, "thpcp": [1, 0.798503220081, 0.368029654026, 0.271418273449, 0.230191767216, 0.233449608088, 0.225297942758, 0.196708574891, 0.293083131313, 0.394954681396, 0.59646987915, 0.83748626709, 0.80222594738, 0.650493383408, 0.463775247335, 0.31658616662, 0.320497810841, 0.446530938148, 0.682060003281, 0.736102998257, 0.585741758347, 0.618055224419, 0.770610034466, 0.787992417812, 0.586492061615, 0.32484972477, 0.216839820147, 0.224590152502, 0.399915009737, 0.595984578133, 0.51560908556, 0.423362880945, 0.450040012598, 0.414458096027, 0.40576672554, 0.641119599342], "chords_histogram": [4.12566232681, 19.164773941, 7.78450679779, 8.18824100494, 4.32752943039, 2.08175635338, 0.492051482201, 3.45697712898, 1.9177390337, 3.0027756691, 0.908402740955, 0.428967952728, 1.38783752918, 0.113550342619, 0.126167044044, 0.706535458565, 6.39666938782, 5.47564983368, 9.07141017914, 10.6232652664, 3.16679286957, 2.37194037437, 2.23315668106, 2.44764065742], "tuning_nontempered_energy_ratio": 0.905274152756, "tuning_frequency": 434.193115234, "key_strength": 0.603501856327, "chords_changes_rate": 0.0957607850432, "key_scale": "minor", "hpcp_entropy": {"dmean": 0.616813838482, "dvar2": 0.712777197361, "mean": 2.31174850464, "var": 0.481545984745, "dmean2": 1.04424142838, "dvar": 0.255833357573, "min": 0, "median": 2.33161044121, "max": 4.51653718948}, "key_key": "F#", "chords_number_rate": 0.00227100681514}, "lowlevel": {"melbands_skewness": {"dmean": 0.807311654091, "dvar2": 1.99634063244, "mean": 2.7756421566, "var": 3.5811214447, "dmean2": 1.2806032896, "dvar": 0.821639358997, "min": -1.87435889244, "median": 2.44890856743, "max": 17.0545387268}, "melbands_kurtosis": {"dmean": 10.0724897385, "dvar2": 1075.50256348, "mean": 19.8714122772, "var": 1251.1817627, "dmean2": 16.1681308746, "dvar": 444.597259521, "min": -1.83587741852, "median": 8.47151279449, "max": 710.236450195}, "barkbands_kurtosis": {"dmean": 7.85556030273, "dvar2": 654.114990234, "mean": 16.4373817444, "var": 708.723937988, "dmean2": 12.5757293701, "dvar": 271.390045166, "min": -1.89905309677, "median": 8.61069011688, "max": 588.530700684}, "hfc": {"dmean": 40.5663642883, "dvar2": 5787.46533203, "mean": 189.966415405, "var": 20649.9160156, "dmean2": 60.3951568604, "dvar": 2536.48535156, "min": 1.17127054202e-16, "median": 158.462799072, "max": 919.062316895}, "silence_rate_20dB": {"dmean": 0, "dvar2": 0, "mean": 1, "var": 0, "dmean2": 0, "dvar": 0, "min": 1, "median": 1, "max": 1}, "erbbands_flatness_db": {"dmean": 0.0269073452801, "dvar2": 0.00145173317287, "mean": 0.172817647457, "var": 0.00218394212425, "dmean2": 0.0415139719844, "dvar": 0.000577946659178, "min": 0.0336998924613, "median": 0.168015673757, "max": 0.388737291098}, "spectral_flux": {"dmean": 0.027436632663, "dvar2": 0.0024731582962, "mean": 0.0957534834743, "var": 0.00286294030957, "dmean2": 0.0443107075989, "dvar": 0.00103641557507, "min": 1.03890077097e-10, "median": 0.0877247676253, "max": 0.431374549866}, "spectral_energyband_low": {"dmean": 0.0111103476956, "dvar2": 0.000793344224803, "mean": 0.0206693299115, "var": 0.000623175292276, "dmean2": 0.018008209765, "dvar": 0.00030957054696, "min": 7.17605182245e-23, "median": 0.0122984945774, "max": 0.240951284766}, "spectral_rolloff": {"dmean": 3427.50292969, "dvar2": 133744488, "mean": 14541.1435547, "var": 97378616, "dmean2": 6692.34667969, "dvar": 53935264, "min": 43.06640625, "median": 21447.0703125, "max": 22006.9335938}, "spectral_entropy": {"dmean": 0.271266043186, "dvar2": 0.173427417874, "mean": 6.9933218956, "var": 0.230628028512, "dmean2": 0.414026290178, "dvar": 0.0697329938412, "min": 4.23541164398, "median": 7.03385066986, "max": 9.80113220215}, "spectral_energy": {"dmean": 0.0146241029724, "dvar2": 0.00108571990859, "mean": 0.0454985052347, "var": 0.00127545080613, "dmean2": 0.0227629356086, "dvar": 0.000448233477073, "min": 1.079314876e-20, "median": 0.0372136831284, "max": 0.420769810677}, "spectral_centroid": {"dmean": 116.581550598, "dvar2": 59648.3632812, "mean": 607.007202148, "var": 126496.070312, "dmean2": 174.739242554, "dvar": 33862.2695312, "min": 89.3038864136, "median": 551.213012695, "max": 11423.7773438}, "barkbands_flatness_db": {"dmean": 0.0322414413095, "dvar2": 0.00207457807846, "mean": 0.188901588321, "var": 0.00333928549662, "dmean2": 0.0507079958916, "dvar": 0.000833348778542, "min": 0.0265205260366, "median": 0.182816967368, "max": 0.615370929241}, "spectral_rms": {"dmean": 0.000970608787611, "dvar2": 2.8090687465e-06, "mean": 0.00613227626309, "var": 6.78373316987e-06, "dmean2": 0.00148067355622, "dvar": 1.2285900084e-06, "min": 3.2449808899e-12, "median": 0.00602544844151, "max": 0.0202609766275}, "melbands": {"dmean": [0.00175293779466, 0.00217081513256, 0.00119025993627, 0.000593538803514, 0.000271982513368, 0.000302628381178, 0.000226617397857, 0.000198217836441, 0.000115885566629, 8.56412370922e-05, 4.45288824267e-05, 5.6614735513e-05, 4.29570063716e-05, 3.38818172168e-05, 2.77296057902e-05, 1.63034856087e-05, 1.33820194606e-05, 1.02973435787e-05, 4.97863129567e-06, 3.42149610333e-06, 3.04559239339e-06, 2.32855563809e-06, 2.24667564908e-06, 1.94558697331e-06, 1.44315242778e-06, 1.24167411286e-06, 1.10795360797e-06, 7.60967793667e-07, 5.78562151077e-07, 5.07432389441e-07, 3.95409728071e-07, 2.96039473824e-07, 2.02432772767e-07, 1.39554771295e-07, 7.97559920329e-08, 5.22653600399e-08, 3.94035168938e-08, 3.19658184367e-08, 2.54508218944e-08, 2.20327187606e-08], "dvar2": [3.92083202314e-05, 3.14384997182e-05, 1.04284672489e-05, 3.66357676285e-06, 2.92298068416e-06, 1.55677741986e-06, 6.15247984115e-07, 9.73981741481e-07, 2.85480751927e-07, 6.82645477923e-08, 1.94325604497e-08, 2.60191956869e-08, 1.35442386195e-08, 8.21954149188e-09, 5.48678258383e-09, 1.89602844536e-09, 1.3452495784e-09, 7.51754769546e-10, 1.60719548781e-09, 2.31302879627e-10, 1.52040990908e-10, 1.2378550962e-10, 1.0205498252e-10, 9.8395701309e-11, 5.02229022259e-11, 8.61554924625e-11, 6.7513349078e-11, 1.72618447314e-11, 5.86400199232e-12, 1.13072736938e-11, 6.42960728062e-12, 4.16635389383e-12, 1.86508837888e-12, 6.14320172423e-13, 1.02778510258e-13, 1.9091914261e-14, 9.6389223846e-15, 6.6539558321e-15, 4.67145107861e-15, 3.63703284408e-15], "mean": [0.00224709883332, 0.00379673507996, 0.00256998185068, 0.0010674323421, 0.000407446117606, 0.000486587756313, 0.000434439512901, 0.000382503203582, 0.000209412741242, 0.000169025384821, 8.17122709122e-05, 0.00010926136747, 8.2992031821e-05, 6.50912115816e-05, 5.41576810065e-05, 3.01233740174e-05, 2.52293721132e-05, 1.92991210497e-05, 8.99214228411e-06, 5.86699025007e-06, 5.0844546422e-06, 3.58477859663e-06, 3.14418548442e-06, 2.6800496471e-06, 2.12047075365e-06, 1.92295715351e-06, 1.78650896032e-06, 1.41953114507e-06, 1.07080734324e-06, 7.97200584657e-07, 6.2484002683e-07, 4.5025595341e-07, 3.25967647541e-07, 2.22910742309e-07, 1.19709554269e-07, 7.0351923398e-08, 4.9099359245e-08, 3.79984221865e-08, 2.83636616416e-08, 2.30623946607e-08], "var": [1.43704837683e-05, 3.21458828694e-05, 1.18718662634e-05, 3.978697805e-06, 1.5902018049e-06, 1.47754508362e-06, 7.38494463803e-07, 1.34929200613e-06, 2.25636242135e-07, 8.23618151458e-08, 2.27270451347e-08, 3.34566543359e-08, 1.47727163835e-08, 1.00885113596e-08, 6.9177024109e-09, 2.04463068698e-09, 1.94320315394e-09, 1.12061782076e-09, 9.28229493269e-10, 2.98053665082e-10, 1.65763416882e-10, 1.5716854207e-10, 1.41566217082e-10, 7.34669963753e-11, 5.60117612014e-11, 6.92115531553e-11, 5.00880899257e-11, 1.83923189179e-11, 5.28737253633e-12, 7.5998382934e-12, 5.59855937651e-12, 3.56111667932e-12, 1.65409352881e-12, 5.66417409937e-13, 8.87504452525e-14, 1.48689993152e-14, 6.27903956789e-15, 3.75559797494e-15, 2.30159879362e-15, 1.72010379319e-15], "dmean2": [0.00292304088362, 0.00355466944166, 0.00187777599785, 0.000947553256992, 0.000428926083259, 0.000465474498924, 0.000352877366822, 0.000307310576318, 0.000190675389604, 0.000136839196784, 7.10266904207e-05, 8.78215869307e-05, 6.73738977639e-05, 5.32226331416e-05, 4.3091855332e-05, 2.54291826423e-05, 2.05457781703e-05, 1.55931775225e-05, 7.65741333453e-06, 5.4032798289e-06, 4.73380623589e-06, 3.52490678779e-06, 3.35992240252e-06, 2.94518099508e-06, 2.13557609641e-06, 1.84909572454e-06, 1.7385374349e-06, 1.19438175261e-06, 8.98586449694e-07, 7.6974259855e-07, 5.92633114138e-07, 4.44196160743e-07, 3.04239449633e-07, 2.0874304596e-07, 1.21925467056e-07, 8.16785359348e-08, 6.27502814154e-08, 5.16811162754e-08, 4.17052063995e-08, 3.63241703383e-08], "dvar": [1.49754059748e-05, 1.22710753203e-05, 4.21473441747e-06, 1.5428114466e-06, 1.22118649415e-06, 7.5905347785e-07, 2.79387791124e-07, 4.20898459197e-07, 1.05888915414e-07, 2.9099545884e-08, 8.14543898997e-09, 1.1643833453e-08, 5.77090952802e-09, 3.59808627337e-09, 2.38276554043e-09, 8.26829271716e-10, 5.96685423293e-10, 3.53282542109e-10, 6.27767504646e-10, 1.10821962718e-10, 6.65582450265e-11, 6.22304915932e-11, 5.49356185542e-11, 4.26495956607e-11, 2.53306004644e-11, 3.89865049966e-11, 2.85508092862e-11, 8.1219215381e-12, 2.64338551048e-12, 4.98926377643e-12, 3.14261594178e-12, 2.02290029346e-12, 9.05754529539e-13, 2.99981149946e-13, 4.8180419886e-14, 8.4717321591e-15, 4.14026740003e-15, 2.77279898701e-15, 1.91509469517e-15, 1.48808410476e-15], "min": [2.59334393831e-24, 1.49442993176e-23, 1.22040836783e-23, 5.21747948434e-24, 1.12646087159e-23, 6.53159237925e-24, 4.78519790777e-24, 6.72484121292e-24, 8.12826893952e-24, 6.74463925506e-24, 1.07122467323e-23, 1.38789331988e-23, 2.03939397775e-23, 1.67436957756e-23, 2.79882800463e-23, 1.65556234472e-23, 5.13896258072e-24, 1.1899372743e-23, 1.20331217429e-23, 1.2210856838e-23, 9.10687534714e-24, 9.28272979785e-24, 1.96415763109e-23, 8.95231225225e-24, 5.37568475002e-24, 1.41085469425e-23, 7.43287464093e-24, 8.34123929583e-24, 8.7168301723e-24, 1.38104285178e-23, 9.21573972978e-24, 8.5070215705e-24, 1.20177618322e-23, 1.09697348761e-23, 9.58645229041e-24, 1.2393265934e-23, 1.08099006126e-23, 9.44654307571e-24, 9.14590581814e-24, 1.07227504153e-23], "median": [0.00117219204549, 0.00181409332436, 0.00135802896693, 0.000424576923251, 0.000126506085508, 0.00018629792612, 0.000196373657673, 0.000121170742204, 9.61491386988e-05, 8.36870822241e-05, 3.88090520573e-05, 4.91604005219e-05, 4.12792142015e-05, 3.31509472744e-05, 2.58443233179e-05, 1.41993141369e-05, 1.10417686301e-05, 8.25258848636e-06, 3.85136354453e-06, 2.31397507378e-06, 1.87866362467e-06, 1.00927206859e-06, 7.53174788315e-07, 7.16931197076e-07, 5.65683592413e-07, 5.40978135177e-07, 5.11654093316e-07, 4.2127726374e-07, 3.87014040371e-07, 2.1602991751e-07, 1.63389586305e-07, 1.13624892606e-07, 9.11961635097e-08, 6.45709405944e-08, 4.0150645475e-08, 2.67235336082e-08, 2.01199039651e-08, 1.62076094767e-08, 1.2231833324e-08, 9.06205332996e-09], "max": [0.0667790025473, 0.0721359401941, 0.0559975281358, 0.042719528079, 0.0571465194225, 0.0518703833222, 0.0184746459126, 0.0332063287497, 0.0109273875132, 0.00690093729645, 0.00354336807504, 0.00274688587524, 0.0017452739412, 0.00162722240202, 0.000953194510657, 0.000823416863568, 0.000873524462804, 0.000643938663416, 0.00285019446164, 0.000871623342391, 0.000495134736411, 0.000716868613381, 0.000648501503747, 0.00037311547203, 0.000291033298708, 0.000361093727406, 0.000272887671599, 0.00022276447271, 5.79056504648e-05, 8.70319927344e-05, 6.76675044815e-05, 5.54820944672e-05, 4.72745887237e-05, 2.26803513215e-05, 1.03427728391e-05, 1.95983739104e-06, 1.0904255987e-06, 1.03974059584e-06, 8.35089338125e-07, 7.50942206196e-07]}, "barkbands_crest": {"dmean": 2.57641887665, "dvar2": 13.8586559296, "mean": 10.3153533936, "var": 14.2758245468, "dmean2": 4.22423601151, "dvar": 5.2719874382, "min": 2.93395161629, "median": 9.65322971344, "max": 25.0697364807}, "mfcc": {"icov": [[0.000195643355255, -9.2910056992e-05, 0.000265613547526, -0.000167829537531, 0.000207433724427, -8.11537829577e-05, 0.00021641231433, -8.88716167537e-05, 0.000324423483107, -0.000270585529506, 0.000275603699265, -0.000273420417216, 3.8725331251e-05], [-9.2910056992e-05, 0.00133574311621, 6.6574968514e-05, 0.000690734770615, 0.000171107982169, -8.07360338513e-05, -0.000706949853338, 0.000933200644795, -0.000630925758742, 0.000101157216704, -0.000407060404541, 0.000268600095296, -0.000764502212405], [0.000265613547526, 6.6574968514e-05, 0.00222340296023, -0.000526194169652, -0.000459909264464, 0.000460519397166, -0.000382053171052, 0.000461029761937, 0.000220913614612, -0.000582557171583, 0.000808192417026, 2.28826047532e-05, -0.000617448182311], [-0.000167829537531, 0.000690734770615, -0.000526194169652, 0.00215557729825, 1.54879508045e-05, -0.000280279375147, 0.000756371067837, -0.000195735585294, -0.000422594283009, 1.79983089765e-05, 0.000819199776743, 0.000626919907518, -0.00118639087304], [0.000207433724427, 0.000171107982169, -0.000459909264464, 1.54879508045e-05, 0.00575491786003, -0.00133972079493, -0.000998640898615, 0.000283300585579, -0.000576247519348, 0.00110026774928, -0.000498692097608, -0.00111769419163, 0.00172304746229], [-8.11537829577e-05, -8.07360338513e-05, 0.000460519397166, -0.000280279375147, -0.00133972079493, 0.00890107173473, -0.00355578889139, -0.000312069430947, 0.00183914240915, -0.00141964538489, -0.000523567781784, 0.0019790942315, -0.000950297922827], [0.00021641231433, -0.000706949853338, -0.000382053171052, 0.000756371067837, -0.000998640898615, -0.00355578889139, 0.0103034861386, -0.0031754092779, -3.22101732309e-05, 0.000298004655633, 0.00100816192571, 0.000182461852091, 2.01092607313e-05], [-8.88716167537e-05, 0.000933200644795, 0.000461029761937, -0.000195735585294, 0.000283300585579, -0.000312069430947, -0.0031754092779, 0.0125302178785, -0.00744468718767, 0.00356647954322, -0.0018885913305, -0.00317794666626, 0.00314798811451], [0.000324423483107, -0.000630925758742, 0.000220913614612, -0.000422594283009, -0.000576247519348, 0.00183914240915, -3.22101732309e-05, -0.00744468718767, 0.0191921554506, -0.010213249363, 0.00225340179168, 0.00206437450834, -4.64024415123e-05], [-0.000270585529506, 0.000101157216704, -0.000582557171583, 1.79983089765e-05, 0.00110026774928, -0.00141964538489, 0.000298004655633, 0.00356647954322, -0.010213249363, 0.0196843445301, -0.00821580551565, 0.00335260364227, -0.000818317756057], [0.000275603699265, -0.000407060404541, 0.000808192417026, 0.000819199776743, -0.000498692097608, -0.000523567781784, 0.00100816192571, -0.0018885913305, 0.00225340179168, -0.00821580551565, 0.0215547997504, -0.0114437174052, 0.00385209475644], [-0.000273420417216, 0.000268600095296, 2.28826047532e-05, 0.000626919907518, -0.00111769419163, 0.0019790942315, 0.000182461852091, -0.00317794666626, 0.00206437450834, 0.00335260364227, -0.0114437174052, 0.0225615408272, -0.0104021728039], [3.8725331251e-05, -0.000764502212405, -0.000617448182311, -0.00118639087304, 0.00172304746229, -0.000950297922827, 2.01092607313e-05, 0.00314798811451, -4.64024415123e-05, -0.000818317756057, 0.00385209475644, -0.0104021728039, 0.0200902596116]], "mean": [-713.166259766, 185.62461853, 7.29871845245, 20.4456996918, -2.74684524536, 16.1925849915, 7.90915584564, 3.0345685482, 1.67639029026, 4.43282413483, 1.46556663513, 1.46711087227, 1.00715827942], "cov": [[8086.07226562, 329.697845459, -948.38470459, 393.441894531, -464.841522217, -30.7539596558, -295.374969482, -88.9750823975, -144.602355957, 28.6991176605, -22.1872329712, 96.9807662964, 98.9992294312], [329.697845459, 1101.71679688, -157.128295898, -398.59552002, -37.5551757812, 36.6267166138, 76.8403396606, -61.052028656, 2.47765564919, 26.6327209473, 43.6771850586, 19.7666931152, 30.314540863], [-948.38470459, -157.128295898, 652.102905273, 157.494338989, 79.2582550049, -16.2218208313, 20.6640491486, -25.6111869812, 7.34484767914, -2.86044740677, -42.393032074, -27.803571701, 15.2512979507], [393.441894531, -398.59552002, 157.494338989, 742.461914062, -32.1148147583, -20.7933559418, -89.7802200317, -8.82142925262, -0.584073126316, -8.09747409821, -69.5124740601, -30.1742115021, 33.3753662109], [-464.841522217, -37.5551757812, 79.2582550049, -32.1148147583, 226.815353394, 41.5033378601, 55.0755119324, 21.6929092407, 9.49585342407, -10.9568338394, 8.05445861816, 0.151317894459, -22.8279972076], [-30.7539596558, 36.6267166138, -16.2218208313, -20.7933559418, 41.5033378601, 147.873352051, 62.375087738, 10.9779281616, -3.26751184464, 5.30881261826, 2.05858778954, -11.8007965088, -4.91707515717], [-295.374969482, 76.8403396606, 20.6640491486, -89.7802200317, 55.0755119324, 62.375087738, 155.84362793, 43.1901779175, 17.2814769745, -1.37456762791, 4.41979503632, -5.28640174866, -13.4706907272], [-88.9750823975, -61.052028656, -25.6111869812, -8.82142925262, 21.6929092407, 10.9779281616, 43.1901779175, 135.916473389, 50.1751251221, 3.41963648796, 18.8444137573, 12.7221107483, -22.9121932983], [-144.602355957, 2.47765564919, 7.34484767914, -0.584073126316, 9.49585342407, -3.26751184464, 17.2814769745, 50.1751251221, 98.3082275391, 43.8847579956, 7.92961359024, -12.0510988235, -14.0296278], [28.6991176605, 26.6327209473, -2.86044740677, -8.09747409821, -10.9568338394, 5.30881261826, -1.37456762791, 3.41963648796, 43.8847579956, 86.1203231812, 27.0546703339, -4.7175359726, -2.97240614891], [-22.1872329712, 43.6771850586, -42.393032074, -69.5124740601, 8.05445861816, 2.05858778954, 4.41979503632, 18.8444137573, 7.92961359024, 27.0546703339, 85.4983978271, 42.3728485107, -0.587236702442], [96.9807662964, 19.7666931152, -27.803571701, -30.1742115021, 0.151317894459, -11.8007965088, -5.28640174866, 12.7221107483, -12.0510988235, -4.7175359726, 42.3728485107, 87.1182785034, 32.1323928833], [98.9992294312, 30.314540863, 15.2512979507, 33.3753662109, -22.8279972076, -4.91707515717, -13.4706907272, -22.9121932983, -14.0296278, -2.97240614891, -0.587236702442, 32.1323928833, 75.1030349731]]}, "spectral_decrease": {"dmean": 3.61765817303e-09, "dvar2": 7.1529424384e-17, "mean": -7.48967732278e-09, "var": 7.03828064712e-17, "dmean2": 5.73400615878e-09, "dvar": 2.91047237383e-17, "min": -1.0187432764e-07, "median": -4.52745840818e-09, "max": 5.59121193788e-09}, "zerocrossingrate": {"dmean": 0.0378856025636, "dvar2": 0.0017971486086, "mean": 0.287082880735, "var": 0.0135233718902, "dmean2": 0.0486404709518, "dvar": 0.0011221265886, "min": 0.00732421875, "median": 0.2783203125, "max": 0.78857421875}, "spectral_contrast_coeffs": {"dmean": [0.0535114333034, 0.0487632453442, 0.037913966924, 0.0313519984484, 0.0262881815434, 0.0345861576498], "dvar2": [0.00469299638644, 0.00387869193219, 0.00238551315852, 0.00173821323551, 0.00146505399607, 0.00239401916042], "mean": [-0.639302492142, -0.756112039089, -0.78854984045, -0.809270560741, -0.847935557365, -0.794684827328], "var": [0.00793103408068, 0.004939829465, 0.00385467126034, 0.0033496033866, 0.00194613053463, 0.00463368277997], "dmean2": [0.0879899859428, 0.079542376101, 0.0616989247501, 0.0509753003716, 0.0426105409861, 0.0536762811244], "dvar": [0.00176301784813, 0.00145677395631, 0.000910465430934, 0.000663573970087, 0.000585439265706, 0.00106080470141], "min": [-0.998356878757, -0.992508947849, -0.975038409233, -0.984803199768, -0.976573288441, -0.96002304554], "median": [-0.639052867889, -0.761364221573, -0.792892813683, -0.812589883804, -0.842549026012, -0.805265903473], "max": [-0.337715834379, -0.417854130268, -0.533776283264, -0.559888362885, -0.661225795746, -0.46806576848]}, "spectral_skewness": {"dmean": 0.643306136131, "dvar2": 1.60635066032, "mean": 3.44097733498, "var": 1.80685734749, "dmean2": 1.00196051598, "dvar": 0.618385016918, "min": -0.00594286201522, "median": 3.09782934189, "max": 10.9682979584}, "spectral_energyband_middle_high": {"dmean": 0.000913173891604, "dvar2": 3.77479614144e-06, "mean": 0.00281538860872, "var": 8.52323591971e-06, "dmean2": 0.00131704122759, "dvar": 1.88902174614e-06, "min": 1.81574686872e-21, "median": 0.00199142075144, "max": 0.0645688846707}, "gfcc": {"icov": [[0.000151816915604, -0.000312487245537, 0.000463022559416, -0.000210035897908, 0.000282987195533, -0.000246461975621, 0.000116551898827, -0.000132080618641, 0.000354231189704, -0.00042231741827, 0.000329356000293, -0.000290850322926, 0.000411161774537], [-0.000312487245537, 0.00515607418492, -0.00303625664674, 0.00227614841424, -0.00232264492661, 0.00329772103578, -0.00196237838827, 0.00205324054696, -0.00301079987548, 0.00208718026988, -0.00400936650112, 0.00427153008059, -0.00379851763137], [0.000463022559416, -0.00303625664674, 0.00498459208757, -0.0029792401474, 0.00302768521942, -0.00370539259166, 0.00204015965573, -0.00131869327743, 0.00236515980214, -0.000991638749838, 0.0011171780061, -0.000177625857759, 0.00163328263443], [-0.000210035897908, 0.00227614841424, -0.0029792401474, 0.00512738339603, -0.00395872630179, 0.00466658081859, -0.00180077704135, -0.000744476623368, 0.00185286265332, -0.00352634629235, 0.00448146974668, -0.00427257455885, 0.00130422518123], [0.000282987195533, -0.00232264492661, 0.00302768521942, -0.00395872630179, 0.00959376338869, -0.0058206259273, 0.00060173246311, 0.00154403655324, -0.00253526284359, 0.0052630440332, -0.00503353541717, 0.00412989733741, -0.00213961373083], [-0.000246461975621, 0.00329772103578, -0.00370539259166, 0.00466658081859, -0.0058206259273, 0.00974413845688, -0.00216661766171, -0.0021843444556, 0.00195214955602, -0.00202015414834, 0.000422252720455, -0.00041326371138, -0.000180826391443], [0.000116551898827, -0.00196237838827, 0.00204015965573, -0.00180077704135, 0.00060173246311, -0.00216661766171, 0.00761212734506, -0.000307119946228, -0.00218658498488, 0.00198100227863, -0.000127079852973, 9.4321607321e-05, -0.000226437827223], [-0.000132080618641, 0.00205324054696, -0.00131869327743, -0.000744476623368, 0.00154403655324, -0.0021843444556, -0.000307119946228, 0.0102194286883, -0.00641228817403, 0.00339567335322, -0.00323467724957, 0.00305677973665, -0.00398327922449], [0.000354231189704, -0.00301079987548, 0.00236515980214, 0.00185286265332, -0.00253526284359, 0.00195214955602, -0.00218658498488, -0.00641228817403, 0.0184185486287, -0.0119057651609, 0.00907065346837, -0.00921479146928, 0.00778962811455], [-0.00042231741827, 0.00208718026988, -0.000991638749838, -0.00352634629235, 0.0052630440332, -0.00202015414834, 0.00198100227863, 0.00339567335322, -0.0119057651609, 0.0259323138744, -0.0182845406234, 0.0117646129802, -0.00686751352623], [0.000329356000293, -0.00400936650112, 0.0011171780061, 0.00448146974668, -0.00503353541717, 0.000422252720455, -0.000127079852973, -0.00323467724957, 0.00907065346837, -0.0182845406234, 0.0312306731939, -0.0199966523796, 0.00850171875209], [-0.000290850322926, 0.00427153008059, -0.000177625857759, -0.00427257455885, 0.00412989733741, -0.00041326371138, 9.4321607321e-05, 0.00305677973665, -0.00921479146928, 0.0117646129802, -0.0199966523796, 0.0272076576948, -0.0118055539206], [0.000411161774537, -0.00379851763137, 0.00163328263443, 0.00130422518123, -0.00213961373083, -0.000180826391443, -0.000226437827223, -0.00398327922449, 0.00778962811455, -0.00686751352623, 0.00850171875209, -0.0118055539206, 0.0217339899391]], "mean": [-43.6535720825, 123.861053467, -70.3429641724, -9.60307216644, -21.1248512268, -8.37854385376, -0.0321842953563, -15.8856830597, -7.37451982498, -7.50601243973, -6.51485681534, -11.7591428757, -8.29098701477], "cov": [[10227.9228516, -70.994430542, -972.174865723, 127.803741455, -247.514434814, -284.470214844, 24.6592197418, -68.2427444458, 66.7766494751, 162.244018555, 24.6870670319, 98.6887741089, -108.212219238], [-70.994430542, 611.898864746, 37.5659408569, -285.98449707, 108.148986816, -3.97708129883, 84.2694549561, -71.2651824951, 39.9232368469, -4.30286836624, 55.1784362793, -75.8244247437, 42.6163711548], [-972.174865723, 37.5659408569, 625.031738281, 207.868789673, -62.6869468689, 68.7328338623, -92.2852783203, 39.3509712219, -83.8180541992, 0.407191336155, -39.6071586609, -33.5606918335, -6.40282869339], [127.803741455, -285.98449707, 207.868789673, 743.064208984, -46.0221633911, -188.035736084, -20.8480587006, 22.0389709473, -34.0240058899, 13.2225408554, -79.4117050171, 80.024848938, -23.9803009033], [-247.514434814, 108.148986816, -62.6869468689, -46.0221633911, 242.105117798, 100.752113342, 59.0847587585, -10.8844022751, 12.1187849045, -29.3983840942, 24.3977108002, -17.2555370331, 21.8003368378], [-284.470214844, -3.97708129883, 68.7328338623, -188.035736084, 100.752113342, 287.604064941, 14.3919019699, 50.6022224426, -19.095293045, -9.28715229034, 23.4882793427, -28.1501846313, 11.9712047577], [24.6592197418, 84.2694549561, -92.2852783203, -20.8480587006, 59.0847587585, 14.3919019699, 188.623184204, 7.14119100571, 44.2941970825, -12.5857019424, 6.20428705215, 2.64846158028, 10.8175268173], [-68.2427444458, -71.2651824951, 39.3509712219, 22.0389709473, -10.8844022751, 50.6022224426, 7.14119100571, 150.399978638, 37.1039123535, 8.687707901, -0.089521214366, 11.5983505249, 7.32626390457], [66.7766494751, 39.9232368469, -83.8180541992, -34.0240058899, 12.1187849045, -19.095293045, 44.2941970825, 37.1039123535, 122.434906006, 36.5918540955, 17.603849411, 17.4971351624, -7.35063266754], [162.244018555, -4.30286836624, 0.407191336155, 13.2225408554, -29.3983840942, -9.28715229034, -12.5857019424, 8.687707901, 36.5918540955, 88.6292648315, 41.0989646912, 11.7335958481, -0.96865093708], [24.6870670319, 55.1784362793, -39.6071586609, -79.4117050171, 24.3977108002, 23.4882793427, 6.20428705215, -0.089521214366, 17.603849411, 41.0989646912, 96.426651001, 38.7205619812, 9.55412483215], [98.6887741089, -75.8244247437, -33.5606918335, 80.024848938, -17.2555370331, -28.1501846313, 2.64846158028, 11.5983505249, 17.4971351624, 11.7335958481, 38.7205619812, 100.89214325, 19.9142284393], [-108.212219238, 42.6163711548, -6.40282869339, -23.9803009033, 21.8003368378, 11.9712047577, 10.8175268173, 7.32626390457, -7.35063266754, -0.96865093708, 9.55412483215, 19.9142284393, 70.5358123779]]}, "erbbands_spread": {"dmean": 5.69548654556, "dvar2": 105.397468567, "mean": 24.6789283752, "var": 180.922119141, "dmean2": 8.81958007812, "dvar": 45.5364990234, "min": 1.4772837162, "median": 22.0731449127, "max": 137.498275757}, "erbbands_kurtosis": {"dmean": 1.67651629448, "dvar2": 59.1412811279, "mean": 2.10947203636, "var": 28.6268081665, "dmean2": 2.71144318581, "dvar": 20.9171733856, "min": -1.79170143604, "median": 0.944922685623, "max": 200.258026123}, "dynamic_complexity": 3.42648816109, "erbbands_crest": {"dmean": 2.55557131767, "dvar2": 16.2494468689, "mean": 9.94683361053, "var": 19.9201908112, "dmean2": 4.1035785675, "dvar": 6.23641967773, "min": 2.63901019096, "median": 8.90616607666, "max": 30.9267940521}, "erbbands": {"dmean": [0.21653072536, 1.18151724339, 4.96119403839, 7.06728744507, 8.85934066772, 7.26474046707, 8.0015001297, 13.6253242493, 14.192486763, 20.6679782867, 13.2908382416, 14.6441574097, 8.71957683563, 13.4141311646, 11.5579767227, 10.9345359802, 8.90299224854, 6.82572984695, 5.63826274872, 2.88946604729, 2.46137857437, 2.12275314331, 2.26885962486, 1.76310622692, 1.56809687614, 1.17149531841, 0.850414991379, 0.691646516323, 0.472464174032, 0.269734948874, 0.127358466387, 0.0693910270929, 0.0436560623348, 0.027003062889, 0.0174037683755, 0.0107232360169, 0.00685055181384, 0.00511625688523, 0.0023937583901, 0.00236213533208], "dvar2": [0.76549834013, 9.125041008, 193.974487305, 446.779327393, 694.407775879, 797.194946289, 3682.91381836, 3203.82519531, 2328.04711914, 11062.1855469, 4366.69726562, 2175.65698242, 749.244506836, 1392.82897949, 875.663574219, 800.448608398, 584.2734375, 333.79006958, 237.327636719, 425.19140625, 95.6991348267, 83.3150177002, 98.5070495605, 71.3645172119, 133.536697388, 43.4077720642, 15.4559383392, 19.3207378387, 10.1215763092, 2.11373329163, 0.206484347582, 0.0293164104223, 0.0125253330916, 0.00545106222853, 0.00215255073272, 0.000697554962244, 0.000233433340327, 0.000417105591623, 6.47722699796e-05, 1.92199186131e-05], "mean": [0.247874394059, 1.68071722984, 8.62835025787, 14.3592300415, 16.3982505798, 11.9587774277, 11.5576705933, 21.4449863434, 26.2995548248, 39.9814682007, 24.7761421204, 29.0692024231, 17.0307788849, 26.7373867035, 23.8587970734, 23.0474071503, 17.6970767975, 13.8626270294, 11.2500972748, 5.41433334351, 4.4440574646, 3.44568610191, 3.2677462101, 2.69960069656, 2.58332133293, 2.24747228622, 1.6197218895, 1.15811121464, 0.766117095947, 0.453176617622, 0.196161717176, 0.0910703837872, 0.0521098859608, 0.029015738517, 0.0187002755702, 0.0128303393722, 0.0098343025893, 0.00921718776226, 0.00572687573731, 0.0108515573665], "var": [0.248673781753, 4.61674070358, 212.887710571, 481.732727051, 810.417663574, 680.961181641, 1809.51452637, 3085.06298828, 2603.72485352, 14839.4072266, 3543.06884766, 2635.55053711, 882.120422363, 1770.22119141, 948.506408691, 1260.32263184, 671.083129883, 509.16619873, 397.92288208, 290.996887207, 132.204696655, 150.997772217, 105.519050598, 84.8769226074, 103.563316345, 48.9568443298, 14.3433294296, 17.3885574341, 9.2541847229, 2.40910053253, 0.205953016877, 0.0215372703969, 0.0069750873372, 0.00259622745216, 0.00103967066389, 0.000371503701899, 0.00019511723076, 0.000533160520718, 8.52062439662e-05, 7.19877280062e-05], "dmean2": [0.364904522896, 1.99426019192, 8.05914211273, 11.0037488937, 14.6759109497, 11.237039566, 12.7025613785, 21.0820713043, 22.186372757, 31.9140148163, 22.0445365906, 23.4049530029, 13.9031038284, 20.7383956909, 18.0920906067, 16.8976669312, 13.7983160019, 10.4483213425, 8.44955444336, 4.45239686966, 3.73842477798, 3.08107447624, 3.36117839813, 2.52960658073, 2.3414182663, 1.79719686508, 1.28559112549, 1.02427983284, 0.697566509247, 0.394582659006, 0.192077666521, 0.109046265483, 0.0706060826778, 0.0444553308189, 0.0286210197955, 0.0174083039165, 0.0107165463269, 0.00753886764869, 0.00352831697091, 0.00336567265913], "dvar": [0.289287149906, 3.30991172791, 77.9468917847, 184.340148926, 271.712432861, 349.936553955, 1522.22729492, 1594.59899902, 1052.41394043, 4795.76269531, 1602.50292969, 930.225830078, 314.061309814, 623.845825195, 371.727264404, 369.321044922, 257.670074463, 150.816513062, 117.277496338, 163.671432495, 46.2407951355, 49.5696372986, 48.3216438293, 36.8672294617, 58.3733406067, 20.7387084961, 7.18381023407, 9.50926876068, 5.00362348557, 1.12379956245, 0.101076349616, 0.0129135865718, 0.00521709118038, 0.00223077833652, 0.000881726853549, 0.000287314091111, 0.000104314647615, 0.000229132681852, 3.27501147694e-05, 9.93782759906e-06], "min": [1.21204338145e-22, 4.83453261876e-21, 3.56443758176e-20, 7.64114488571e-20, 7.77923622663e-20, 7.66128931856e-20, 3.92291982316e-19, 2.45817967222e-19, 2.74873616816e-19, 6.79958076553e-19, 8.95990355591e-19, 1.13279200244e-18, 2.07100837734e-18, 3.51987395005e-18, 5.7172705619e-18, 7.59683253595e-18, 1.05275822499e-17, 3.45938388621e-18, 7.74862845016e-18, 7.29058132186e-18, 9.50156975195e-18, 1.16633095027e-17, 1.57173646982e-17, 8.07874299774e-18, 1.67592946327e-17, 1.21391178531e-17, 1.73667562222e-17, 1.81513850097e-17, 1.72787243527e-17, 2.10852407868e-17, 1.92213480951e-17, 1.78806438321e-17, 1.31710215314e-17, 1.21414314773e-17, 8.50853529068e-18, 5.85891200691e-18, 3.87479026752e-18, 1.32805925637e-18, 2.88344253092e-19, 4.03587689343e-20], "median": [0.107037454844, 0.948516666889, 3.34803676605, 6.44553375244, 7.18586015701, 4.16781711578, 3.5860054493, 7.97851324081, 11.489151001, 12.2805233002, 11.4866819382, 13.8562307358, 9.01465320587, 13.0446710587, 13.6158094406, 11.9057340622, 8.88396453857, 6.57685184479, 5.05813360214, 2.47773122787, 1.77588248253, 1.00928926468, 0.859745979309, 0.762215971947, 0.776914536953, 0.690241634846, 0.574939250946, 0.32614466548, 0.208453610539, 0.136298835278, 0.0687300860882, 0.0371715761721, 0.0226922798902, 0.0120558636263, 0.00777363171801, 0.00628127390519, 0.00490142498165, 0.0041091516614, 0.00368451233953, 0.0092978188768], "max": [9.28311347961, 27.4117565155, 193.170837402, 380.888092041, 674.12310791, 747.179504395, 2187.77246094, 2626.40258789, 1249.25854492, 3408.85351562, 1367.20068359, 1286.51293945, 746.619934082, 700.865966797, 365.402679443, 612.133728027, 363.227325439, 423.985717773, 653.998779297, 1446.73791504, 494.991912842, 722.540466309, 448.898132324, 363.473724365, 426.709777832, 315.957855225, 106.140411377, 137.188415527, 99.9792175293, 47.0959129333, 13.9817934036, 2.06095290184, 1.42454063892, 0.916844725609, 0.576691627502, 0.325387775898, 0.181369766593, 0.558828234673, 0.220901921391, 0.0626938268542]}, "silence_rate_30dB": {"dmean": 0.0470662452281, "dvar2": 0.10371465981, "mean": 0.937417209148, "var": 0.0586590059102, "dmean2": 0.0941384285688, "dvar": 0.0448473058641, "min": 0, "median": 1, "max": 1}, "silence_rate_60dB": {"dmean": 0.00466876989231, "dvar2": 0.0107628237456, "mean": 0.0541921630502, "var": 0.0512483306229, "dmean2": 0.00933812838048, "dvar": 0.00464779790491, "min": 0, "median": 0, "max": 1}, "spectral_energyband_middle_low": {"dmean": 0.00558707676828, "dvar2": 0.000228344128118, "mean": 0.0157618094236, "var": 0.000331764109433, "dmean2": 0.00856559723616, "dvar": 9.89801628748e-05, "min": 2.16646675315e-22, "median": 0.0100142853335, "max": 0.281668365002}, "spectral_spread": {"dmean": 613808.625, "dvar2": 911537471488, "mean": 3641733.25, "var": 970790141952, "dmean2": 982046.5625, "dvar": 392112930816, "min": 1204533.25, "median": 3560729, "max": 42147612}, "barkbands": {"dmean": [0.00223559979