{"tonal": {"chords_number_rate": 0.00197368417867, "thpcp": [1, 0.591873824596, 0.106276318431, 0.0675639882684, 0.172503858805, 0.47650411725, 0.532914757729, 0.265240907669, 0.12700715661, 0.103583216667, 0.140315636992, 0.378794401884, 0.58226698637, 0.447008609772, 0.430664777756, 0.596835196018, 0.371662259102, 0.0884500816464, 0.0726135522127, 0.136221185327, 0.415709286928, 0.588253617287, 0.307079464197, 0.0568547546864, 0.0440314896405, 0.103571861982, 0.529892921448, 0.83237272501, 0.41657859087, 0.0553200468421, 0.0355574823916, 0.0685124024749, 0.340394854546, 0.677415788174, 0.529679179192, 0.620771586895], "hpcp": {"dvar": [0.0210127141327, 0.0180239826441, 0.00598004646599, 0.00576232327148, 0.0122728412971, 0.0188458096236, 0.0248154308647, 0.0145075004548, 0.00779912807047, 0.00522094219923, 0.00818824023008, 0.0190139859915, 0.0207248348743, 0.0289780404419, 0.0295498520136, 0.0296032484621, 0.0241378769279, 0.0147180287167, 0.00994785130024, 0.0188161786646, 0.0305098257959, 0.0345168411732, 0.0307916402817, 0.0244990251958, 0.0201652273536, 0.0198487136513, 0.0323557332158, 0.036845061928, 0.0376602113247, 0.0379748120904, 0.0322001613677, 0.0246751513332, 0.0143969552591, 0.0111984517425, 0.0154013456777, 0.0261257402599], "mean": [0.175380915403, 0.0915521383286, 0.0169505774975, 0.0131274722517, 0.0308787338436, 0.157981351018, 0.248162150383, 0.124198019505, 0.0164930224419, 0.0106010455638, 0.0204261690378, 0.10148473084, 0.201963558793, 0.157917633653, 0.185075759888, 0.298138260841, 0.176460236311, 0.0316850356758, 0.0201434101909, 0.0514300018549, 0.142064109445, 0.158882275224, 0.0790784657001, 0.037865690887, 0.0308821201324, 0.041833460331, 0.11293310672, 0.173596069217, 0.13327036798, 0.128397643566, 0.177939400077, 0.11080674082, 0.0263703539968, 0.0216488782316, 0.0406127460301, 0.123938843608], "min": [0, 0, 0, 0, 0, 0, 0, 0, 0, 0, 0, 0, 0, 0, 0, 0, 0, 0, 0, 0, 0, 0, 0, 0, 0, 0, 0, 0, 0, 0, 0, 0, 0, 0, 0, 0], "median": [0.0209050327539, 0.012354769744, 0.00139516859781, 0.00058339512907, 0.00180243013892, 0.0179089047015, 0.0284941252321, 0.0139875672758, 0.00134811154567, 0.000579823332373, 0.0008415277116, 0.00939364358783, 0.0170742683113, 0.0192926339805, 0.0777594894171, 0.0846194624901, 0.0372522249818, 0.00216537620872, 0.000890617899131, 0.00164534617215, 0.00516344932839, 0.00810205657035, 0.00730951875448, 0.00221287203021, 0.00167427118868, 0.00192612886894, 0.0107365250587, 0.0218877177685, 0.0190061070025, 0.0136238746345, 0.00268814433366, 0.00162553694099, 0.00201502675191, 0.00177170732059, 0.00279057072476, 0.0135763455182], "dvar2": [0.0489658676088, 0.0447138808668, 0.0165465921164, 0.0161787718534, 0.0333458520472, 0.0438427105546, 0.0528878755867, 0.0354971773922, 0.0214324686676, 0.0139781339094, 0.0213393140584, 0.0469183064997, 0.0468664988875, 0.071456156671, 0.0747476667166, 0.0684416219592, 0.0612331926823, 0.0395559631288, 0.0263931136578, 0.0473938137293, 0.072629198432, 0.0796488076448, 0.082095451653, 0.0680103003979, 0.0574536137283, 0.0545142516494, 0.0835127010942, 0.0887534022331, 0.0923355892301, 0.10219874233, 0.0815128833055, 0.0665263831615, 0.0416399985552, 0.0318260528147, 0.0400857850909, 0.0663088485599], "var": [0.0885186120868, 0.0307845864445, 0.00406815810129, 0.00372501346283, 0.0102923754603, 0.0629435628653, 0.136572867632, 0.0399894304574, 0.00583165045828, 0.00407477561384, 0.00709823146462, 0.0357561148703, 0.110851660371, 0.0673228129745, 0.0525840222836, 0.143979549408, 0.0595403499901, 0.011932537891, 0.00767489895225, 0.0209839511663, 0.0828723609447, 0.0897635370493, 0.0311263632029, 0.0165252108127, 0.0125357955694, 0.0166257750243, 0.0527598112822, 0.0904183760285, 0.0560915209353, 0.052647780627, 0.103465847671, 0.0487047210336, 0.00875226501375, 0.00754711171612, 0.0148796215653, 0.0527774021029], "dmean2": [0.105201028287, 0.106794796884, 0.0395155772567, 0.0302177257836, 0.0624841786921, 0.109066404402, 0.112273231149, 0.0950106903911, 0.0369878523052, 0.0248448140919, 0.0446982085705, 0.104904741049, 0.108261615038, 0.164519250393, 0.178678184748, 0.145888730884, 0.134688854218, 0.0694468617439, 0.0477727614343, 0.0905150920153, 0.126700460911, 0.143675893545, 0.135548964143, 0.100172586739, 0.0831588879228, 0.0940245613456, 0.144578427076, 0.163572341204, 0.181899517775, 0.181133359671, 0.1381418854, 0.115517854691, 0.0679091289639, 0.0503235347569, 0.0812205150723, 0.132894858718], "max": [1, 1, 1, 1, 1, 1, 1, 1, 1, 1, 1, 1, 1, 1, 1, 1, 1, 1, 1, 1, 1, 1, 1, 1, 1, 1, 1, 1, 1, 1, 1, 1, 1, 1, 1, 1], "dmean": [0.0638194158673, 0.0637010931969, 0.0218336042017, 0.0168774817139, 0.0352934002876, 0.0676748082042, 0.0703304708004, 0.0587671287358, 0.0206076130271, 0.0136236147955, 0.0249266065657, 0.0647769644856, 0.0658298432827, 0.098466604948, 0.1070798859, 0.0887030214071, 0.0819657146931, 0.0383353643119, 0.0262379702181, 0.052944701165, 0.0767674893141, 0.08500341326, 0.0777947306633, 0.0539086908102, 0.0444873943925, 0.0526024438441, 0.0849775671959, 0.098085641861, 0.109599329531, 0.103626422584, 0.0798739939928, 0.0673200190067, 0.036531496793, 0.0270147491246, 0.0458609461784, 0.0788873806596]}, "key_strength": 0.771092176437, "chords_strength": {"dvar": 0.000470825296361, "mean": 0.529967308044, "min": -1, "median": 0.537168979645, "dvar2": 0.000868659291882, "var": 0.0239579323679, "dmean2": 0.00682743499056, "max": 0.828510046005, "dmean": 0.00886184629053}, "tuning_equal_tempered_deviation": 0.00918661057949, "chords_key": "A", "tuning_frequency": 439.238189697, "chords_scale": "major", "chords_changes_rate": 0.0458333343267, "key_scale": "major", "tuning_diatonic_strength": 0.59394800663, "hpcp_entropy": {"dvar": 0.213163971901, "mean": 1.7276995182, "min": 0, "median": 1.73950242996, "dvar2": 0.54075717926, "var": 0.505713284016, "dmean2": 0.80318325758, "max": 4.4187836647, "dmean": 0.474957406521}, "chords_histogram": [13.2236843109, 8.20175457001, 31.9078941345, 1.71052634716, 0.109649121761, 0.350877195597, 1.05263161659, 0.065789476037, 3.72807025909, 1.20614039898, 0.614035069942, 0, 0.109649121761, 0, 0, 0, 0, 0.635964930058, 0, 0, 0, 0.131578952074, 15.5043859482, 21.4473686218], "tuning_nontempered_energy_ratio": 0.643511593342, "key_key": "D"}, "metadata": {"version": {"extractor": "music 1.0", "essentia_build_sha": "70f2e5ece6736b2c40cc944ad0e695b16b925413", "essentia": "2.1-beta2", "essentia_git_sha": "v2.1_beta2"}, "audio_properties": {"sample_rate": 44100, "length": 211.69631958, "lossless": false, "analysis_sample_rate": 44100, "downmix": "mix", "bit_rate": 320000, "equal_loudness": 0, "md5_encoded": "f2cc70f3e8bca11013fbdea7a0f8ac9a", "codec": "mp3", "replay_gain": -10.3457736969}, "tags": {"artist": ["Jeremy Messersmith"], "date": ["2006"], "musicbrainz_recordingid": ["6c702fd1-0d5f-41e8-a8c3-94bfcbdf88d0"], "file_name": "2025602.mp3", "title": ["Scientists"], "tracknumber": ["6"], "album": ["The Alcatraz Kid"]}}, "lowlevel": {"melbands": {"dvar": [4.3105035985e-08, 1.29452325837e-06, 4.03083367928e-06, 8.7688857775e-07, 3.36022253578e-07, 6.71704754041e-08, 1.94786675678e-08, 2.43831657087e-08, 1.10710409729e-08, 2.26455321162e-09, 8.18632384103e-10, 1.44537404267e-09, 3.73515468555e-10, 8.91156370919e-10, 2.6734578995e-09, 9.59063606309e-10, 9.76348779602e-10, 2.99118041447e-09, 3.85257159508e-10, 1.50942980337e-10, 1.08169057045e-10, 6.04832781081e-11, 1.56529636475e-10, 3.9727776624e-11, 1.49069190152e-12, 3.47562048586e-11, 5.0984858696e-11, 2.32869799832e-11, 7.58259843803e-11, 5.19986484426e-11, 2.5681262672e-11, 5.39958485909e-12, 1.752569769e-12, 2.21448328425e-11, 9.58465164874e-12, 8.82217801416e-13, 6.70974831685e-13, 2.17238943848e-12, 1.13190305653e-12, 7.95541963469e-13], "mean": [0.000184747186722, 0.00144804921001, 0.00281208381057, 0.00191487534903, 0.00115122145507, 0.000363133236533, 0.000167852107552, 0.000222208735067, 0.000109067608719, 4.67693207611e-05, 3.19572427543e-05, 3.11764706566e-05, 1.67767266248e-05, 1.83206957445e-05, 2.91983233183e-05, 2.34103954426e-05, 2.17037268158e-05, 3.05774265144e-05, 1.41055606946e-05, 9.03914678929e-06, 6.73791510053e-06, 6.80498806105e-06, 1.01037521745e-05, 4.53805432699e-06, 8.64251603616e-07, 1.44107127653e-06, 1.89541651707e-06, 2.49284175879e-06, 2.50150674219e-06, 1.66318829997e-06, 9.9025783129e-07, 4.69975731221e-07, 3.5636688267e-07, 9.21934145026e-07, 7.48049046706e-07, 4.24784786901e-07, 4.4482277417e-07, 6.29618966741e-07, 5.29206033661e-07, 2.95265550676e-07], "min": [2.81654429214e-25, 4.63613849821e-25, 1.96182449608e-24, 1.13221379751e-24, 1.0116228003e-24, 2.07713742219e-24, 1.55882070315e-24, 1.89392053265e-24, 2.14946728973e-24, 1.64922583922e-24, 2.82966793007e-24, 2.10436475912e-24, 1.60727086362e-24, 3.03878115098e-24, 2.62894345603e-24, 1.03590344592e-24, 3.55118831576e-24, 3.42395136264e-24, 2.87655151139e-24, 3.45613491542e-24, 2.79209369629e-24, 2.79665666498e-24, 2.66521232222e-24, 4.51074570467e-24, 4.42189275104e-24, 4.62303137706e-24, 4.29593848575e-24, 5.33001680336e-24, 3.99251142159e-24, 4.39824191224e-24, 4.29631240582e-24, 5.73665369518e-24, 6.2974549127e-24, 6.42265108267e-24, 5.99506007305e-24, 5.49461499781e-24, 6.64225299817e-24, 6.42773331905e-24, 6.28950358921e-24, 6.25220703447e-24], "median": [2.88001283479e-05, 0.000673209200613, 0.00182267115451, 0.000993534689769, 0.000320798077155, 9.76390583673e-05, 3.16701989505e-05, 3.68828114006e-05, 1.09448519652e-05, 5.45230977878e-06, 4.99062662129e-06, 5.23047674506e-06, 3.34515675604e-06, 2.2195188194e-06, 1.74556339516e-06, 2.50975449489e-06, 1.49681011408e-06, 2.33560558627e-06, 1.10941971343e-06, 1.0821622709e-06, 8.02276645118e-07, 3.72154431716e-07, 6.44205556455e-07, 4.17223276372e-07, 1.53900742816e-07, 1.53829716965e-07, 1.9442886412e-07, 1.94858529312e-07, 1.51966929707e-07, 1.07799444038e-07, 6.7969324391e-08, 3.19851558572e-08, 3.91075758444e-08, 5.99156209091e-08, 4.44724861381e-08, 3.23041788874e-08, 2.4683426858e-08, 2.54766447938e-08, 1.43479201853e-08, 6.74075328888e-09], "dvar2": [7.46079891201e-08, 3.05800085698e-06, 1.24246780615e-05, 2.22981111619e-06, 7.21116009572e-07, 1.15436591841e-07, 4.36130100923e-08, 5.09085360534e-08, 2.60156891585e-08, 5.64177460305e-09, 2.03806149734e-09, 3.43893868937e-09, 9.13656983403e-10, 1.85489923421e-09, 5.74431435751e-09, 2.57948595817e-09, 2.30135954737e-09, 7.7582171798e-09, 8.83953132913e-10, 3.4291550155e-10, 2.30762686737e-10, 1.36499325731e-10, 3.59461072019e-10, 8.79937234188e-11, 3.55597495894e-12, 6.13500777957e-11, 1.1649899101e-10, 5.46646512778e-11, 1.76032022292e-10, 1.36332001244e-10, 6.38003191944e-11, 1.36270465398e-11, 4.51573891128e-12, 5.26162967363e-11, 2.27778716028e-11, 1.80744839668e-12, 1.27107590946e-12, 5.46364255921e-12, 2.68349361829e-12, 1.87055926304e-12], "var": [1.94598101189e-07, 5.01518570672e-06, 9.46352975006e-06, 5.54864436708e-06, 3.67421853298e-06, 4.72795534279e-07, 8.55318660342e-08, 1.4327136455e-07, 4.75330601546e-08, 8.61256932438e-09, 3.49742190764e-09, 4.53388748767e-09, 1.2941112626e-09, 4.34750635492e-09, 2.1198637512e-08, 2.78988765423e-09, 3.97492305737e-09, 1.10390407926e-08, 1.76133030383e-09, 5.73987135599e-10, 4.62940741297e-10, 2.81801887381e-10, 6.27295992928e-10, 1.44042763828e-10, 4.37554246308e-12, 1.27357818736e-10, 9.49657158467e-11, 6.62920690564e-11, 1.24534452195e-10, 6.08495129284e-11, 3.58575703852e-11, 7.06929697072e-12, 2.30855850929e-12, 3.23888242615e-11, 1.43308490075e-11, 1.77574296413e-12, 2.02449493801e-12, 3.75820208287e-12, 2.33835802284e-12, 1.05493001487e-12], "dmean2": [0.000107502994069, 0.000936727272347, 0.00208865501918, 0.000896184996236, 0.000418973533669, 0.000151871790877, 8.87457354111e-05, 0.00010578079673, 6.77101052133e-05, 3.25028704538e-05, 2.06627919397e-05, 2.13094554056e-05, 1.16991395771e-05, 1.21634830066e-05, 1.66944410012e-05, 1.84131058631e-05, 1.63022959896e-05, 2.39020027948e-05, 9.23193965718e-06, 6.09330118095e-06, 4.73480577057e-06, 4.15591102865e-06, 6.61282410874e-06, 2.9453578918e-06, 6.50882043374e-07, 1.18726836718e-06, 1.59367471042e-06, 1.85062413038e-06, 2.11403789763e-06, 1.69002066741e-06, 1.09768927814e-06, 5.40892585832e-07, 3.57596491085e-07, 9.26678410451e-07, 6.96817039625e-07, 3.12266337232e-07, 3.01771734712e-07, 4.40735675511e-07, 3.52337991671e-07, 2.32457210814e-07], "max": [0.00702416757122, 0.0264670681208, 0.0205376427621, 0.0138441557065, 0.0149477180094, 0.00618243031204, 0.00382418558002, 0.00340341753326, 0.0026343234349, 0.00106472056359, 0.000697660841979, 0.000914663425647, 0.000675286690239, 0.00106762652285, 0.00233979593031, 0.000604489818215, 0.000937119184528, 0.00162598863244, 0.000730770232622, 0.000416875031078, 0.000548467738554, 0.000283322762698, 0.000337559147738, 0.000202504335903, 3.08397175104e-05, 0.000444362784037, 0.000287551898509, 0.000174946078914, 0.000303752574837, 0.000328481517499, 0.000155553207151, 6.936135469e-05, 4.10921493312e-05, 0.000164931057952, 0.000112052759505, 4.95562999276e-05, 3.28217138303e-05, 5.24911301909e-05, 3.80772362405e-05, 4.02699661208e-05], "dmean": [7.8661229054e-05, 0.000608889968134, 0.0012263256358, 0.000583520508371, 0.000291915581329, 0.000118032614409, 6.0390913859e-05, 7.4561816291e-05, 4.45665136795e-05, 2.10595972021e-05, 1.320667252e-05, 1.40572674354e-05, 7.47575495552e-06, 8.261489711e-06, 1.11293429654e-05, 1.1268372873e-05, 1.02022831925e-05, 1.49744628288e-05, 5.87378417549e-06, 3.85956127502e-06, 3.08072708322e-06, 2.74076319329e-06, 4.26222959504e-06, 1.92732613868e-06, 4.17116581275e-07, 8.12000507722e-07, 1.03079582914e-06, 1.18855280107e-06, 1.40759982514e-06, 1.06383038201e-06, 7.01094961642e-07, 3.49716827941e-07, 2.26353492394e-07, 5.96530469466e-07, 4.52814617802e-07, 2.07123761697e-07, 2.01004553446e-07, 2.86425461127e-07, 2.33482865042e-07, 1.47856837884e-07]}, "spectral_decrease": {"dvar": 4.48862693803e-18, "mean": -6.8323142699e-09, "min": -3.04456406752e-08, "median": -5.35604760543e-09, "dvar2": 1.23819896615e-17, "var": 3.52984304807e-17, "dmean2": 2.53392617999e-09, "max": 1.8401755062e-28, "dmean": 1.57753532459e-09}, "spectral_rolloff": {"dvar": 235252.53125, "mean": 636.935424805, "min": 107.666015625, "median": 301.46484375, "dvar2": 494248.21875, "var": 3570707.75, "dmean2": 237.598175049, "max": 19832.0800781, "dmean": 136.461608887}, "melbands_crest": {"dvar": 7.80844593048, "mean": 18.7061538696, "min": 1.58578705788, "median": 18.2311706543, "dvar2": 24.3963489532, "var": 33.7928352356, "dmean2": 4.73462200165, "max": 33.0014266968, "dmean": 2.79258513451}, "barkbands_skewness": {"dvar": 0.528106272221, "mean": 3.1256685257, "min": -2.75800180435, "median": 2.94945812225, "dvar2": 1.33124959469, "var": 2.58626556396, "dmean2": 1.03952169418, "max": 12.8737297058, "dmean": 0.648270785809}, "spectral_centroid": {"dvar": 55797.53125, "mean": 580.397705078, "min": 140.07989502, "median": 370.495178223, "dvar2": 97360.8828125, "var": 1224912.5, "dmean2": 152.722351074, "max": 11799.9521484, "dmean": 98.3686599731}, "spectral_energyband_middle_low": {"dvar": 4.81433926325e-05, "mean": 0.0196954514831, "min": 1.28195362327e-22, "median": 0.0147463921458, "dvar2": 0.000137455732329, "var": 0.00030537773273, "dmean2": 0.00825629010797, "max": 0.0896670594811, "dmean": 0.00508282892406}, "erbbands_crest": {"dvar": 5.03719758987, "mean": 12.1052618027, "min": 2.64878153801, "median": 11.2424650192, "dvar2": 14.0067901611, "var": 25.6946163177, "dmean2": 3.55013036728, "max": 33.1605758667, "dmean": 2.18140053749}, "dynamic_complexity": 5.04528427124, "spectral_energyband_low": {"dvar": 3.34067735821e-05, "mean": 0.00869301147759, "min": 9.30816109571e-24, "median": 0.00482881534845, "dvar2": 9.5485462225e-05, "var": 0.000113004403829, "dmean2": 0.00557649927214, "max": 0.0947862863541, "dmean": 0.00336108892225}, "silence_rate_60dB": {"dvar": 0.0285333395004, "mean": 0.14093002677, "min": 0, "median": 0, "dvar2": 0.0638941973448, "var": 0.121059946716, "dmean2": 0.0587977170944, "max": 1, "dmean": 0.0293956343085}, "erbbands_kurtosis": {"dvar": 19.3250961304, "mean": 3.94832253456, "min": -1.91720449924, "median": 1.07615995407, "dvar2": 50.416973114, "var": 62.8245658875, "dmean2": 3.52208018303, "max": 118.478416443, "dmean": 2.16151642799}, "spectral_complexity": {"dvar": 2.56758475304, "mean": 9.18348312378, "min": 0, "median": 7, "dvar2": 5.83569145203, "var": 44.4123916626, "dmean2": 2.15379548073, "max": 38, "dmean": 1.30898320675}, "barkbands_crest": {"dvar": 4.40418624878, "mean": 13.3828983307, "min": 3.06173634529, "median": 12.9788837433, "dvar2": 13.3601932526, "var": 16.0845451355, "dmean2": 3.57721590996, "max": 26.0035037994, "dmean": 2.16811227798}, "spectral_energy": {"dvar": 6.61614030832e-05, "mean": 0.0267048254609, "min": 1.00099694709e-20, "median": 0.020720589906, "dvar2": 0.000182043484529, "var": 0.000540944281965, "dmean2": 0.00975189357996, "max": 0.11656190455, "dmean": 0.006073217839}, "spectral_spread": {"dvar": 400260366336, "mean": 3719762.25, "min": 302787.96875, "median": 3591011.5, "dvar2": 691446874112, "var": 16061127721000.0, "dmean2": 708079.0625, "max": 42703688, "dmean": 453716.5}, "spectral_contrast_valleys": {"dvar": [0.158257812262, 0.0943009406328, 0.0909565314651, 0.100637175143, 0.149649083614, 0.161789700389], "mean": [-8.04943084717, -8.04098510742, -9.22210121155, -9.52917861938, -9.7935590744, -12.1474151611], "min": [-28.5125408173, -28.7814369202, -27.6858654022, -27.6512184143, -27.5853652954, -27.4247703552], "median": [-7.76964092255, -7.93596935272, -9.12899971008, -9.23326587677, -9.23392963409, -11.5569324493], "dvar2": [0.337634921074, 0.184176400304, 0.165152296424, 0.171972379088, 0.267673105001, 0.339298009872], "var": [4.87957620621, 4.87517499924, 4.77845096588, 5.1846165657, 5.43746089935, 6.21342945099], "dmean2": [0.664925098419, 0.454949527979, 0.422298520803, 0.415105432272, 0.431732535362, 0.487284451723], "max": [-5.43580007553, -5.0434346199, -5.81912708282, -6.31960868835, -5.99811220169, -7.84465074539], "dmean": [0.423633307219, 0.282152593136, 0.273194938898, 0.277502149343, 0.30889287591, 0.321577936411]}, "spectral_rms": {"dvar": 4.59603285208e-07, "mean": 0.00451572984457, "min": 3.12503170043e-12, "median": 0.00449613248929, "dvar2": 1.21842049339e-06, "var": 5.66163089388e-06, "dmean2": 0.000923758896533, "max": 0.010663907975, "dmean": 0.000577959872317}, "barkbands_spread": {"dvar": 17.3439006805, "mean": 7.27114295959, "min": 0.186374202371, "median": 4.56349563599, "dvar2": 33.6770553589, "var": 76.2465438843, "dmean2": 3.14795947075, "max": 87.9624404907, "dmean": 2.02408242226}, "pitch_salience": {"dvar": 0.003498747712, "mean": 0.459520637989, "min": 0.0839328914881, "median": 0.466511577368, "dvar2": 0.0100970454514, "var": 0.0171778220683, "dmean2": 0.0993584021926, "max": 0.88091635704, "dmean": 0.0599265471101}, "erbbands_skewness": {"dvar": 0.243652909994, "mean": 1.35769367218, "min": -4.67670154572, "median": 1.20161449909, "dvar2": 0.583941698074, "var": 1.37604987621, "dmean2": 0.646567702293, "max": 9.5024061203, "dmean": 0.411649107933}, "spectral_energyband_middle_high": {"dvar": 7.13860003998e-07, "mean": 0.00170116545632, "min": 1.25225188685e-21, "median": 0.000371467671357, "dvar2": 1.71147382844e-06, "var": 7.47551121094e-06, "dmean2": 0.00064446387114, "max": 0.0235726963729, "dmean": 0.000420533207944}, "erbbands": {"dvar": [5.97288017161e-05, 0.177847728133, 7.75092124939, 147.324523926, 241.948577881, 254.859130859, 263.171203613, 161.878753662, 83.6466522217, 276.481811523, 228.134628296, 55.188999176, 30.0444221497, 79.4480895996, 27.7608737946, 329.471496582, 148.431655884, 245.556182861, 735.103210449, 162.719482422, 62.9276008606, 59.8936729431, 82.4511871338, 4.1547908783, 80.6037597656, 42.4970092773, 138.659423828, 89.8369903564, 13.7828950882, 24.442363739, 12.4173755646, 1.59278893471, 4.59232091904, 0.629192113876, 0.23835106194, 0.00570125458762, 4.8043912102e-05, 4.7299158723e-07, 1.53553714188e-09, 8.7363040413e-11], "mean": [0.00689854752272, 0.420746654272, 3.67777252197, 15.071428299, 22.8608264923, 31.8356952667, 28.417804718, 16.999382019, 9.89238071442, 20.701133728, 15.9003753662, 7.56880712509, 6.3238363266, 7.49480581284, 4.8739824295, 9.11361026764, 10.6977138519, 12.22290802, 16.5449848175, 9.87463283539, 6.22077655792, 7.49367237091, 8.06069278717, 1.68104398251, 2.29605102539, 3.56619262695, 3.56764292717, 2.05145525932, 0.834282875061, 1.24212133884, 1.11759495735, 0.721390068531, 0.881600618362, 0.409035205841, 0.157805725932, 0.0274332668632, 0.00369275128469, 0.000205495860428, 2.19577668759e-05, 3.1017971196e-05], "min": [2.47673246826e-23, 3.79988820195e-22, 1.16362713806e-21, 6.51160455611e-21, 6.23898836365e-21, 1.46040724318e-20, 3.23560323835e-20, 9.61856537646e-20, 1.00742746855e-19, 1.84365427046e-19, 2.90572625963e-19, 3.23968854123e-19, 5.96012065678e-19, 6.63469833704e-19, 7.52821469882e-19, 1.68238672464e-18, 8.54766775789e-19, 2.10214035367e-18, 2.49341684253e-18, 2.91607304832e-18, 2.78056535435e-18, 3.2297360075e-18, 5.20863968478e-18, 7.07151163561e-18, 7.33741959687e-18, 7.96795208086e-18, 7.74341886666e-18, 1.02841322423e-17, 1.18718872301e-17, 1.22980630894e-17, 1.09422172853e-17, 1.07950312486e-17, 9.47847983233e-18, 8.45203223739e-18, 6.68375624782e-18, 4.2585189401e-18, 2.23352537947e-18, 9.09002216819e-19, 2.42381264422e-19, 2.51716585708e-20], "median": [0.00164226046763, 0.0917088836432, 1.83305168152, 8.87111759186, 12.6350450516, 10.9022674561, 8.66787338257, 4.47902584076, 2.06195306778, 3.70779943466, 1.82918047905, 1.31491017342, 1.11124992371, 1.36626029015, 1.124604702, 0.723620653152, 1.27249920368, 1.01552593708, 1.4621617794, 0.823393404484, 0.929265379906, 0.524503588676, 0.762560844421, 0.286195188761, 0.282620429993, 0.345892161131, 0.252503275871, 0.173225358129, 0.0786743983626, 0.112625807524, 0.0784971863031, 0.0461150482297, 0.0351089574397, 0.0113838016987, 0.00538428127766, 0.00115296128206, 0.000180724135134, 1.90684695554e-05, 1.21757475426e-05, 2.37149106397e-05], "dvar2": [0.00011077545787, 0.320477247238, 19.4295406342, 476.868865967, 674.513000488, 561.452270508, 564.490844727, 275.116729736, 180.527160645, 571.877563477, 537.967407227, 135.442092896, 75.0895690918, 189.183990479, 63.9635391235, 656.06072998, 371.244415283, 609.510864258, 1912.87609863, 360.031524658, 141.100448608, 134.020095825, 191.746963501, 8.58518409729, 157.874816895, 91.2790222168, 320.776855469, 229.322967529, 34.6004180908, 57.3789253235, 28.6841754913, 2.88822507858, 11.5264520645, 1.38429689407, 0.526106595993, 0.0128286490217, 0.000116559065646, 1.25752012536e-06, 3.74902020539e-09, 2.32807648159e-10], "var": [0.000234571460169, 0.846181333065, 27.9928646088, 304.023010254, 712.876098633, 2399.31640625, 2629.04760742, 1124.00549316, 359.952362061, 1505.92456055, 983.497558594, 221.630584717, 128.136077881, 261.241699219, 121.809692383, 2381.00610352, 727.379333496, 952.808837891, 2552.29882812, 852.250427246, 282.171966553, 304.305725098, 365.047088623, 15.9312314987, 245.290664673, 123.349266052, 223.101501465, 120.610099792, 18.7654647827, 39.8399467468, 20.798166275, 4.82387208939, 7.44279241562, 1.25578546524, 0.400280326605, 0.00899699237198, 8.93956239452e-05, 4.69397093639e-07, 1.88172255555e-09, 7.51991802161e-10], "dmean2": [0.00412487657741, 0.24096223712, 2.41928195953, 12.0906772614, 15.225566864, 12.0187177658, 11.3303451538, 6.99171447754, 5.15235805511, 10.2970714569, 9.51074123383, 4.85805177689, 3.95385050774, 4.96629619598, 3.00731444359, 4.68611860275, 7.02883577347, 8.90007305145, 12.2443466187, 5.90497016907, 3.98453688622, 4.19156312943, 4.88639688492, 0.987340688705, 1.73084676266, 2.48604869843, 2.87562274933, 2.05858898163, 0.879734158516, 1.13432908058, 0.911626040936, 0.439704954624, 0.58233487606, 0.266072124243, 0.117475412786, 0.0188845023513, 0.00245021493174, 0.000158346039825, 9.82210258371e-06, 1.08882204586e-05], "max": [0.261344879866, 13.3987112045, 57.1789207458, 126.847671509, 182.960327148, 330.344665527, 446.810028076, 315.132049561, 294.319061279, 373.851287842, 375.98223877, 168.14881897, 128.827087402, 213.765777588, 264.369171143, 826.005737305, 472.708496094, 502.100646973, 739.007446289, 597.68157959, 357.85369873, 205.726272583, 257.418884277, 91.9057846069, 629.346130371, 202.726898193, 361.799530029, 350.480072021, 109.072242737, 162.428100586, 119.41986084, 61.0088424683, 83.2061920166, 31.5409908295, 17.1978874207, 3.24447512627, 0.297717124224, 0.0310502257198, 0.00206985813566, 0.000218496512389], "dmean": [0.00294771720655, 0.17171882093, 1.54582750797, 6.93717241287, 9.46356391907, 8.3580198288, 7.82857894897, 5.48308086395, 3.51534962654, 7.29218673706, 6.28089141846, 3.17867183685, 2.53356742859, 3.28003358841, 1.9568977356, 3.29397749901, 4.43410205841, 5.52829742432, 7.68887281418, 3.74509191513, 2.55413675308, 2.74803948402, 3.19139575958, 0.668845951557, 1.18423819542, 1.6381187439, 1.92856788635, 1.32469964027, 0.572462916374, 0.730135858059, 0.60205000639, 0.29815992713, 0.382274001837, 0.173911005259, 0.0786678269506, 0.0125865479931, 0.00158717832528, 0.000100431410829, 6.40788130113e-06, 6.8369931796e-06]}, "dissonance": {"dvar": 0.000715830887202, "mean": 0.417938053608, "min": 0.131328269839, "median": 0.427713900805, "dvar2": 0.00184962095227, "var": 0.00262970943004, "dmean2": 0.0430647917092, "max": 0.500000059605, "dmean": 0.0263853576034}, "erbbands_flatness_db": {"dvar": 0.000397803232772, "mean": 0.236747398973, "min": 0.0651572868228, "median": 0.209300100803, "dvar2": 0.00086024106713, "var": 0.00658888975158, "dmean2": 0.0249562188983, "max": 0.495275467634, "dmean": 0.016868557781}, "melbands_kurtosis": {"dvar": 513.097290039, "mean": 37.8181419373, "min": -1.80702233315, "median": 25.1674919128, "dvar2": 1300.73583984, "var": 1518.75195312, "dmean2": 21.8472442627, "max": 356.423583984, "dmean": 13.6191186905}, "melbands_spread": {"dvar": 31.3604602814, "mean": 7.71389627457, "min": 0.369565457106, "median": 4.07469749451, "dvar2": 64.9309005737, "var": 243.827270508, "dmean2": 3.3093521595, "max": 187.304962158, "dmean": 2.07321453094}, "melbands_skewness": {"dvar": 0.844036996365, "mean": 4.11178588867, "min": -1.20784580708, "median": 3.77347373962, "dvar2": 2.02083778381, "var": 4.26550531387, "dmean2": 1.21599781513, "max": 15.1556272507, "dmean": 0.77392500639}, "spectral_entropy": {"dvar": 0.0715898275375, "mean": 6.21106624603, "min": 3.92722654343, "median": 6.36907577515, "dvar2": 0.152589827776, "var": 1.00164401531, "dmean2": 0.328443139791, "max": 9.82216453552, "dmean": 0.21794629097}, "zerocrossingrate": {"dvar": 8.72082164278e-05, "mean": 0.0288543794304, "min": 0.0048828125, "median": 0.01904296875, "dvar2": 0.000128291911096, "var": 0.00256985262968, "dmean2": 0.005417693872, "max": 0.54052734375, "dmean": 0.0042881667614}, "average_loudness": 0.709453642368, "spectral_contrast_coeffs": {"dvar": [0.00142831308767, 0.000886226305738, 0.000625791668426, 0.00054379645735, 0.00040753398207, 0.000340813130606], "mean": [-0.502244055271, -0.657810330391, -0.735158622265, -0.749433815479, -0.779586672783, -0.791514694691], "min": [-0.979174315929, -0.977998673916, -0.975742816925, -0.972961366177, -0.966166079044, -0.965648293495], "median": [-0.502189278603, -0.663804471493, -0.736520886421, -0.755469083786, -0.78560346365, -0.798464119434], "dvar2": [0.00404600054026, 0.00203975476325, 0.00141259096563, 0.00119580235332, 0.000828007236123, 0.000797464454081], "var": [0.00882877316326, 0.00805971119553, 0.00578834023327, 0.00614000856876, 0.0056072617881, 0.00265797623433], "dmean2": [0.0737098157406, 0.0507471896708, 0.0432000458241, 0.040793903172, 0.0320546589792, 0.0299739427865], "max": [-0.209899768233, -0.362861394882, -0.446754455566, -0.453958630562, -0.504881024361, -0.575203239918], "dmean": [0.0452046319842, 0.0328710377216, 0.0278428103775, 0.0259339306504, 0.0211977288127, 0.0192251205444]}, "barkbands_flatness_db": {"dvar": 0.000685244973283, "mean": 0.286344140768, "min": 0.0225320085883, "median": 0.258406817913, "dvar2": 0.00168122828472, "var": 0.0118207773194, "dmean2": 0.0371115766466, "max": 0.562549233437, "dmean": 0.0235634632409}, "silence_rate_30dB": {"dvar": 0.00109561649151, "mean": 0.999232292175, "min": 0, "median": 1, "dvar2": 0.00284748896956, "var": 0.000767096644267, "dmean2": 0.00219394476153, "max": 1, "dmean": 0.00109685200732}, "spectral_energyband_high": {"dvar": 2.96300726177e-07, "mean": 0.000260175671428, "min": 7.07126655751e-21, "median": 2.72362340183e-05, "dvar2": 6.32457556549e-07, "var": 6.85288455315e-07, "dmean2": 0.000151209547766, "max": 0.0156429409981, "dmean": 0.000107792555355}, "melbands_flatness_db": {"dvar": 0.000961722747888, "mean": 0.369714796543, "min": 0.0035441305954, "median": 0.334698557854, "dvar2": 0.00222565722652, "var": 0.0186777934432, "dmean2": 0.0416829623282, "max": 0.700219333172, "dmean": 0.0268873609602}, "barkbands": {"dvar": [2.62008775787e-10, 1.86993122497e-06, 9.06566947378e-06, 3.28047026414e-05, 1.49711768245e-05, 1.70979842551e-06, 7.27729570826e-07, 4.09577921801e-07, 1.2615247158e-07, 5.0749381586e-08, 2.56328327453e-08, 1.9050037281e-07, 1.02080491615e-07, 1.97448500217e-07, 1.23246095995e-07, 2.18499192073e-08, 2.38553035103e-08, 2.39285675718e-08, 1.25005907847e-08, 2.4719318148e-08, 7.9292000521e-08, 8.33100344266e-09, 3.41718795482e-08, 7.29807902999e-09, 2.8241706751e-09, 2.21179567717e-11, 3.16832165701e-14], "mean": [2.65409767053e-06, 0.00124803604558, 0.00380780757405, 0.006449802313, 0.00904653780162, 0.00210908567533, 0.000937210745178, 0.000782131392043, 0.000350129703293, 0.000184956050362, 0.00011678768351, 0.000233646176639, 0.000231023499509, 0.000296724610962, 0.000238076871028, 0.000102483245428, 0.00012415945821, 0.000122166107758, 3.21939260175e-05, 7.29446182959e-05, 7.17665316188e-05, 2.22796224989e-05, 4.59362927359e-05, 4.53393695352e-05, 2.81594529952e-05, 2.8062659112e-06, 2.56654590913e-08], "min": [3.60827911625e-25, 1.08804162973e-24, 4.12345557724e-25, 9.19434444152e-25, 6.8806412417e-24, 9.79491036234e-24, 9.86542663866e-24, 6.06668903767e-24, 1.47677680243e-23, 1.31871234842e-23, 1.35891135908e-23, 3.51320466318e-23, 1.77572116449e-23, 3.56755781063e-23, 3.46969898425e-23, 3.93698452799e-23, 4.76167044682e-23, 9.98498608191e-23, 1.22497464185e-22, 1.56961976718e-22, 2.49663394584e-22, 3.7208625146e-22, 4.21893868787e-22, 6.35664521324e-22, 8.59845663942e-22, 1.31345699178e-21, 1.66359713285e-21], "median": [5.92755178275e-08, 0.000191829909454, 0.00213287957013, 0.00366406142712, 0.00442907866091, 0.000693814363331, 0.00013139139628, 7.3540431913e-05, 3.77608521376e-05, 2.90862444672e-05, 1.51326312334e-05, 1.89378188225e-05, 2.58955697063e-05, 1.89886341104e-05, 2.08609781112e-05, 1.55265697686e-05, 6.71146744935e-06, 1.10775117719e-05, 4.04931233788e-06, 7.09572759661e-06, 5.31329806108e-06, 2.14647661778e-06, 3.10079099108e-06, 2.44543048211e-06, 8.79322442415e-07, 1.30885155158e-07, 8.22234991205e-09], "dvar2": [6.93358037651e-10, 3.23792005474e-06, 2.47489770118e-05, 0.000101486475614, 3.65256018995e-05, 3.14210296892e-06, 1.63735626302e-06, 9.74630211203e-07, 3.18491913731e-07, 1.20096004252e-07, 6.06763634892e-08, 3.929940533e-07, 2.67544862709e-07, 4.78048093555e-07, 3.02688903275e-07, 4.99797643272e-08, 5.31218269373e-08, 5.46944107782e-08, 2.25217036132e-08, 5.66867477403e-08, 1.91370219227e-07, 2.10992148197e-08, 8.02749440254e-08, 1.62781521595e-08, 5.76552583453e-09, 5.25795448847e-11, 7.99474012382e-14], "var": [2.62321886435e-10, 8.80066818354e-06, 2.40340141318e-05, 6.6988162871e-05, 0.00011784855451, 1.12864518087e-05, 3.21224206346e-06, 2.10527696254e-06, 4.69498360189e-07, 1.58208351309e-07, 8.49509262935e-08, 1.41417876875e-06, 3.6025846839e-07, 9.97687038762e-07, 4.43014755547e-07, 7.53640279072e-08, 9.66914370792e-08, 9.83188073178e-08, 4.56714346342e-08, 5.718528584e-08, 1.12141151476e-07, 1.16204486034e-08, 5.24635872523e-08, 1.7243797501e-08, 6.53021725583e-09, 4.61057372836e-11, 2.66227503638e-14], "dmean2": [4.61546460429e-06, 0.000718387425877, 0.00276375864632, 0.00571008352563, 0.00372191751376, 0.000905807421077, 0.000552882673219, 0.000444236007752, 0.000247444550041, 0.000129643944092, 8.9315995865e-05, 0.000133099107188, 0.000184231059393, 0.00021517399, 0.000171539810253, 7.83627256169e-05, 7.99144254415e-05, 7.88456891314e-05, 2.52085792454e-05, 5.56474406039e-05, 6.51853624731e-05, 2.23316728807e-05, 4.0019825974e-05, 2.74068406725e-05, 1.79418075277e-05, 1.84036048267e-06, 2.94554585167e-08], "max": [0.000517687061802, 0.0450776591897, 0.0450728610158, 0.0618963390589, 0.0582984611392, 0.0263799652457, 0.0162364095449, 0.0143655221909, 0.00666739046574, 0.00513453269377, 0.00435612769797, 0.0195995960385, 0.0110454894602, 0.0175400525331, 0.00914577860385, 0.00556309102103, 0.00452274363488, 0.00446977792308, 0.00870901625603, 0.00518794823438, 0.0102212363854, 0.00264787836932, 0.00657371152192, 0.00288793817163, 0.00179190933704, 0.000166166952113, 7.47654576116e-06], "dmean": [2.69658789875e-06, 0.000525148701854, 0.00174002279527, 0.00333419069648, 0.00245587876998, 0.000680777360685, 0.000376220938051, 0.000294678029604, 0.000157970105647, 8.39449930936e-05, 5.74455589231e-05, 9.21737882891e-05, 0.000112968984467, 0.000136892136652, 0.000107308267616, 4.97928922414e-05, 5.2924380725e-05, 5.17491353094e-05, 1.71244228113e-05, 3.61845559382e-05, 4.29337378591e-05, 1.44926334542e-05, 2.6266412533e-05, 1.85111166502e-05, 1.20730746858e-05, 1.19759204154e-06, 1.82622503786e-08]}, "erbbands_spread": {"dvar": 77.5446777344, "mean": 30.7083072662, "min": 0.784751772881, "median": 29.7218093872, "dvar2": 166.258544922, "var": 415.731964111, "dmean2": 8.81962013245, "max": 138.578582764, "dmean": 5.81264209747}, "barkbands_kurtosis": {"dvar": 141.831604004, "mean": 20.5793190002, "min": -1.87623488903, "median": 13.9741764069, "dvar2": 381.737091064, "var": 427.528503418, "dmean2": 12.6836986542, "max": 242.599990845, "dmean": 7.74418258667}, "spectral_flux": {"dvar": 0.000375239120331, "mean": 0.0510047897696, "min": 6.31303828658e-11, "median": 0.0435459427536, "dvar2": 0.000909584050532, "var": 0.00140603084583, "dmean2": 0.0255178231746, "max": 0.251034766436, "dmean": 0.0162011161447}, "silence_rate_20dB": {"dvar": 0, "mean": 1, "min": 1, "median": 1, "dvar2": 0, "var": 0, "dmean2": 0, "max": 1, "dmean": 0}, "gfcc": {"cov": [[27975.2382812, -3602.03271484, -3525.15991211, 1443.42724609, -2786.62329102, 1593.16894531, -2437.67553711, 1804.14990234, -662.385559082, 292.502258301, -612.195617676, -368.573364258, -103.392936707], [-3602.03271484, 2838.19482422, 602.747314453, -857.807312012, 965.397033691, -535.392883301, 733.965026855, -767.862487793, 100.621887207, -194.855361938, 145.330688477, -48.034450531, -22.1377506256], [-3525.15991211, 602.747314453, 1157.49475098, -219.848205566, 304.875366211, -113.29649353, 210.238983154, -213.650604248, 116.402709961, 19.8363933563, 78.4958267212, 51.8896713257, 20.7220420837], [1443.42724609, -857.807312012, -219.848205566, 790.063903809, -236.964904785, 94.2282333374, -118.278930664, 197.081207275, 5.5597910881, 8.99740791321, -23.1661548615, 32.734577179, 28.3196315765], [-2786.62329102, 965.397033691, 304.875366211, -236.964904785, 670.071105957, -209.344100952, 377.224151611, -274.41519165, 89.0517196655, -80.8848724365, 66.4202880859, -11.964849472, -3.26500320435], [1593.16894531, -535.392883301, -113.29649353, 94.2282333374, -209.344100952, 363.455078125, -143.76625061, 182.206954956, -48.5603866577, 73.5091323853, -38.0454750061, -37.2824287415, -32.010509491], [-2437.67553711, 733.965026855, 210.238983154, -118.278930664, 377.224151611, -143.76625061, 532.731750488, -282.730163574, 12.7821846008, -64.3747634888, 70.3565139771, 21.008808136, -17.1615219116], [1804.14990234, -767.862487793, -213.650604248, 197.081207275, -274.41519165, 182.206954956, -282.730163574, 389.302581787, -7.94411182404, 26.9254875183, -69.2844848633, -2.98955464363, 14.040520668], [-662.385559082, 100.621887207, 116.402709961, 5.5597910881, 89.0517196655, -48.5603866577, 12.7821846008, -7.94411182404, 119.128608704, -9.33170318604, -8.02507686615, 7.16849374771, 14.9323091507], [292.502258301, -194.855361938, 19.8363933563, 8.99740791321, -80.8848724365, 73.5091323853, -64.3747634888, 26.9254875183, -9.33170318604, 141.227279663, 17.6363773346, -11.6301603317, 6.39341115952], [-612.195617676, 145.330688477, 78.4958267212, -23.1661548615, 66.4202880859, -38.0454750061, 70.3565139771, -69.2844848633, -8.02507686615, 17.6363773346, 110.470581055, 23.1657009125, -11.3907680511], [-368.573364258, -48.034450531, 51.8896713257, 32.734577179, -11.964849472, -37.2824287415, 21.008808136, -2.98955464363, 7.16849374771, -11.6301603317, 23.1657009125, 95.1047744751, 15.531162262], [-103.392936707, -22.1377506256, 20.7220420837, 28.3196315765, -3.26500320435, -32.010509491, -17.1615219116, 14.040520668, 14.9323091507, 6.39341115952, -11.3907680511, 15.531162262, 84.8197860718]], "mean": [-131.832855225, 151.724853516, -86.5732498169, 27.3469390869, -49.4224967957, -2.68622946739, -47.3642730713, -17.2277450562, -27.6763038635, -13.563325882, -18.2055969238, -18.7740020752, -9.92635631561], "icov": [[0.000516487983987, -0.00155841221567, 0.000930187874474, -0.00125223223586, 0.00113189604599, -0.001390506397, 0.00167168979533, -0.00134543899912, 0.00162155064754, -0.000987975974567, 0.0013181498507, -0.00032512913458, 0.000518988235854], [-0.00155841221567, 0.006434855517, -0.00287246867083, 0.00483345380053, -0.00413200352341, 0.00479200156406, -0.00548855075613, 0.005605394952, -0.005385780707, 0.00426514307037, -0.00464052567258, 0.00223393598571, -0.00192674843129], [0.000930187874474, -0.00287246867083, 0.00287574063987, -0.00206881784834, 0.0018549086526, -0.00275581958704, 0.00294348783791, -0.00210047699511, 0.001874856418, -0.00218862434849, 0.00202530343086, -0.00128075259272, 0.000688372412696], [-0.00125223223586, 0.00483345380053, -0.00206881784834, 0.00530366459861, -0.00264613796026, 0.00360461813398, -0.00470780162141, 0.00358401332051, -0.00491164904088, 0.00335397548042, -0.00398227060214, 0.00119463959709, -0.00195924402215], [0.00113189604599, -0.00413200352341, 0.0018549086526, -0.00264613796026, 0.00643021101132, -0.00276194652542, 0.00203290162608, -0.00325227179565, 0.00159800692927, -0.00163342268206, 0.00207410054281, 0.000395326700527, 0.000934434006922], [-0.001390506397, 0.00479200156406, -0.00275581958704, 0.00360461813398, -0.00276194652542, 0.00877213850617, -0.00511007942259, 0.00213317247108, -0.00324853067286, 0.00111027841922, -0.00293305166997, 0.00260140676983, 0.000460654584458], [0.00167168979533, -0.00548855075613, 0.00294348783791, -0.00470780162141, 0.00203290162608, -0.00511007942259, 0.00976312626153, -0.00269468361512, 0.0063901823014, -0.00275337439962, 0.00414987280965, -0.0024427974131, 0.00211629783735], [-0.00134543899912, 0.005605394952, -0.00210047699511, 0.00358401332051, -0.00325227179565, 0.00213317247108, -0.00269468361512, 0.0107762087137, -0.00562358647585, 0.00452995719388, -0.00301597244106, 0.00100298388861, -0.0024498233106], [0.00162155064754, -0.005385780707, 0.001874856418, -0.00491164904088, 0.00159800692927, -0.00324853067286, 0.0063901823014, -0.00562358647585, 0.0168404988945, -0.00407130271196, 0.00646867603064, -0.00199883012101, 0.00138901628088], [-0.000987975974567, 0.00426514307037, -0.00218862434849, 0.00335397548042, -0.00163342268206, 0.00111027841922, -0.00275337439962, 0.00452995719388, -0.00407130271196, 0.0123823992908, -0.00614666426554, 0.00319514377043, -0.0032541770488], [0.0013181498507, -0.00464052567258, 0.00202530343086, -0.00398227060214, 0.00207410054281, -0.00293305166997, 0.00414987280965, -0.00301597244106, 0.00646867603064, -0.00614666426554, 0.01623