{"tonal": {"chords_number_rate": 0.00156128022354, "thpcp": [1, 0.46970641613, 0.193380087614, 0.138263314962, 0.13703815639, 0.216638013721, 0.234584510326, 0.139958336949, 0.105430439115, 0.103831097484, 0.104272551835, 0.154428422451, 0.175831243396, 0.143329516053, 0.208342015743, 0.259358584881, 0.178153470159, 0.117075033486, 0.108094632626, 0.116412095726, 0.232568919659, 0.28834438324, 0.299308717251, 0.357393711805, 0.226203635335, 0.0901143699884, 0.100327029824, 0.110094211996, 0.106111064553, 0.121388487518, 0.13209310174, 0.160477906466, 0.237002074718, 0.311461150646, 0.477911114693, 0.958378016949], "hpcp": {"dvar": [0.0675273388624, 0.0654194951057, 0.0581578724086, 0.0485058836639, 0.0412420853972, 0.0400098338723, 0.0423585027456, 0.0389560982585, 0.0304458681494, 0.0293449424207, 0.0252526551485, 0.0254225190729, 0.0244168881327, 0.029122332111, 0.028326779604, 0.0335615724325, 0.0395093970001, 0.0344363152981, 0.0290674455464, 0.0247339587659, 0.0270985737443, 0.0283757876605, 0.0321719534695, 0.0261794291437, 0.0375188700855, 0.0265321005136, 0.0207854453474, 0.0236834641546, 0.027383569628, 0.0289146210998, 0.0335136279464, 0.0337133407593, 0.0406500324607, 0.051347810775, 0.0591141693294, 0.0660424381495], "mean": [0.478046864271, 0.498808264732, 0.234293445945, 0.096459582448, 0.0689668878913, 0.0683557614684, 0.108060829341, 0.117012694478, 0.0698123723269, 0.0525895729661, 0.0517918094993, 0.0520120114088, 0.0770301744342, 0.0877060741186, 0.0714939460158, 0.103922717273, 0.129370212555, 0.0888644233346, 0.0583979934454, 0.0539184957743, 0.0580673143268, 0.116007298231, 0.143828555942, 0.149297654629, 0.178270936012, 0.11283224076, 0.0449497923255, 0.05004395172, 0.0549159012735, 0.0529290772974, 0.0605495795608, 0.0658891275525, 0.0800477042794, 0.118218593299, 0.155359402299, 0.238386020064], "min": [0, 0, 0, 0, 0, 0, 0, 0, 0, 0, 0, 0, 0, 0, 0, 0, 0, 0, 0, 0, 0, 0, 0, 0, 0, 0, 0, 0, 0, 0, 0, 0, 0, 0, 0, 0], "median": [0.426499783993, 0.442975342274, 0.136823445559, 0.0135498326272, 0.00757542066276, 0.0101708192378, 0.0284766890109, 0.0317858159542, 0.0176268555224, 0.00731369340792, 0.00743516907096, 0.00987668707967, 0.0230245701969, 0.0254496112466, 0.0161168761551, 0.0255468674004, 0.0282554514706, 0.0184723325074, 0.00821125879884, 0.00720866210759, 0.0114335883409, 0.0532574430108, 0.0678677856922, 0.0529873818159, 0.0187003798783, 0.0146576613188, 0.00631109438837, 0.00903685111552, 0.0093609187752, 0.00745501928031, 0.0062904721126, 0.00715211592615, 0.0104829324409, 0.0208060946316, 0.0325423441827, 0.10895832628], "dvar2": [0.169464722276, 0.153990447521, 0.159413471818, 0.128758892417, 0.113341294229, 0.109724491835, 0.114421933889, 0.102973729372, 0.0857074186206, 0.0811411291361, 0.0698212683201, 0.0705270916224, 0.0665466636419, 0.0776754915714, 0.0765925049782, 0.0889333635569, 0.104673683643, 0.0938904508948, 0.078243277967, 0.0667416602373, 0.0728079080582, 0.0774246752262, 0.082158729434, 0.0666934102774, 0.0868496745825, 0.0709315389395, 0.0575081519783, 0.0653669536114, 0.0751208811998, 0.0817177966237, 0.0913264602423, 0.0907327607274, 0.106646150351, 0.134084835649, 0.153476089239, 0.17838832736], "var": [0.13147072494, 0.144714429975, 0.0691172257066, 0.0421164929867, 0.0308583732694, 0.0302825979888, 0.0391640625894, 0.0424484163523, 0.0236594900489, 0.0223780740052, 0.0198884326965, 0.0193768534809, 0.0237221512944, 0.0301434006542, 0.0254492070526, 0.0359885133803, 0.0522907450795, 0.031740501523, 0.0248898938298, 0.022316576913, 0.0217213928699, 0.0289530754089, 0.0413295961916, 0.0429406799376, 0.104824319482, 0.039393723011, 0.0167724825442, 0.0188728030771, 0.0225821267813, 0.0216696988791, 0.0283703058958, 0.0287002939731, 0.0357782356441, 0.0530180074275, 0.0667747408152, 0.0827617645264], "dmean2": [0.454449385405, 0.404452502728, 0.355935484171, 0.222417131066, 0.172290727496, 0.164853125811, 0.197777867317, 0.194644853473, 0.139456436038, 0.12129470706, 0.115659356117, 0.115255512297, 0.130420252681, 0.145598977804, 0.137125492096, 0.168916657567, 0.192424848676, 0.16375887394, 0.127927720547, 0.11316665262, 0.126895755529, 0.174770340323, 0.190629199147, 0.162424460053, 0.166148588061, 0.135395646095, 0.0993003174663, 0.106457695365, 0.115966320038, 0.124009892344, 0.139306023717, 0.149925664067, 0.175322219729, 0.224368140101, 0.282377392054, 0.398030996323], "max": [1, 1, 1, 1, 1, 1, 1, 1, 1, 1, 1, 1, 1, 1, 1, 1, 1, 1, 1, 1, 1, 1, 1, 1, 1, 1, 1, 1, 1, 1, 1, 1, 1, 1, 1, 1], "dmean": [0.262236177921, 0.238314062357, 0.202253162861, 0.123446598649, 0.0938949361444, 0.0901417285204, 0.111087583005, 0.111202955246, 0.0779651626945, 0.0662294924259, 0.0643687695265, 0.0637636631727, 0.0746555477381, 0.0832551568747, 0.0778966769576, 0.0967473685741, 0.111129686236, 0.0915713906288, 0.0709632262588, 0.0632275938988, 0.0706482976675, 0.100545883179, 0.110363699496, 0.0955328121781, 0.0989074259996, 0.0779242143035, 0.054739587009, 0.0590827055275, 0.0642540678382, 0.067670956254, 0.0760458633304, 0.0832546725869, 0.0972224920988, 0.126286104321, 0.159365549684, 0.225688442588]}, "key_strength": 0.675467848778, "chords_strength": {"dvar": 0.000423352321377, "mean": 0.498379290104, "min": -1, "median": 0.500855326653, "dvar2": 0.000787821307313, "var": 0.00712318858132, "dmean2": 0.0101716471836, "max": 0.720000386238, "dmean": 0.00891814008355}, "tuning_equal_tempered_deviation": 0.214072659612, "chords_key": "A", "tuning_frequency": 434.193115234, "chords_scale": "major", "chords_changes_rate": 0.0573770478368, "key_scale": "minor", "tuning_diatonic_strength": 0.606134295464, "hpcp_entropy": {"dvar": 0.315854072571, "mean": 1.91634690762, "min": 0, "median": 1.92204546928, "dvar2": 0.834457218647, "var": 0.600588142872, "dmean2": 1.1122866869, "max": 4.32106637955, "dmean": 0.66257506609}, "chords_histogram": [26.1904754639, 3.7665886879, 3.55191254616, 0, 0, 0.0390320047736, 0, 9.87509727478, 3.74707269669, 44.5550346375, 2.53708028793, 3.78610467911, 0, 0, 0, 0.0585480108857, 0.839188158512, 0.897736132145, 0, 0, 0, 0, 0.156128019094, 0], "tuning_nontempered_energy_ratio": 0.950013816357, "key_key": "D"}, "metadata": {"version": {"extractor": "music 1.0", "essentia_build_sha": "70f2e5ece6736b2c40cc944ad0e695b16b925413", "essentia": "2.1-beta2", "essentia_git_sha": "v2.1_beta2"}, "audio_properties": {"sample_rate": 44100, "length": 237.897140503, "lossless": false, "analysis_sample_rate": 44100, "downmix": "mix", "bit_rate": 181755, "equal_loudness": 0, "md5_encoded": "27fcdcb4c6d0790911f6245d73325052", "codec": "mp3", "replay_gain": -13.599155426}, "tags": {"genre": ["Hip-Hop"], "date": ["2007"], "encoding": ["LAME"], "musicbrainz_recordingid": ["3037e50d-3ed7-43a3-b8e5-c9e2b7ed7c00"], "language": ["fra"], "title": ["sale connasse"], "label": ["Warner Musci"], "albumartist": ["Fatal Bazooka"], "file_name": "265879.mp3", "encodedby": ["  "], "tracknumber": ["12"], "album": ["T'As Vu"], "artist": ["Fatal Bazooka"]}}, "lowlevel": {"melbands": {"dvar": [2.63513720711e-06, 1.40876909427e-05, 6.49348567094e-06, 7.082956472e-06, 2.31660305872e-06, 3.65296557447e-07, 4.9309142014e-07, 3.813651972e-07, 2.04756759103e-07, 6.54075975604e-08, 5.4197467847e-08, 5.16155367336e-08, 1.02013926195e-08, 1.08207274252e-08, 1.56799426776e-08, 1.17438334613e-08, 4.47752723787e-09, 2.36221868732e-08, 6.17842443873e-09, 1.15812037738e-09, 8.59522286678e-10, 4.50019771447e-10, 7.39947159101e-10, 6.75238809311e-10, 3.58067381301e-10, 4.3897005475e-10, 2.77658757097e-10, 1.25355531511e-10, 8.52436732313e-11, 5.99668231738e-11, 6.68959332373e-11, 2.04479724819e-10, 2.50802656421e-10, 2.25035226564e-10, 1.12757289616e-10, 7.98914337463e-11, 6.43077466278e-11, 7.38803532241e-11, 5.81334147487e-11, 2.48056176294e-11], "mean": [0.00105281954166, 0.00144820124842, 0.000902027648408, 0.00147451576777, 0.000654328148812, 0.000267036637524, 0.000382211786928, 0.000237888598349, 0.000168256054167, 0.000104067417851, 9.4401439128e-05, 0.000118117539387, 5.46588598809e-05, 5.63242138014e-05, 6.64102481096e-05, 5.23534181411e-05, 2.56947696471e-05, 6.68933789711e-05, 4.45564146503e-05, 2.04362095246e-05, 1.19746828204e-05, 1.23157742564e-05, 1.63197018992e-05, 1.22017390822e-05, 1.02354251794e-05, 1.23762874864e-05, 9.23759853322e-06, 5.80367122893e-06, 4.07916650147e-06, 3.55165502697e-06, 3.50425739271e-06, 4.55899953522e-06, 4.53864822703e-06, 4.50935658591e-06, 4.38108781964e-06, 3.84448458135e-06, 3.88827902498e-06, 4.1785274334e-06, 3.90187551602e-06, 2.7120897812e-06], "min": [2.24622699621e-24, 2.14157749739e-24, 1.51733884688e-24, 1.5690860515e-24, 2.67672752207e-24, 3.7178249268e-24, 2.68866456529e-24, 2.02203903784e-24, 2.87045637761e-24, 3.20824799773e-24, 3.67686095771e-24, 3.20930645185e-24, 4.87484287775e-24, 1.69406952485e-24, 3.39976330956e-24, 4.11073406115e-24, 3.69429872802e-24, 2.24322636655e-24, 4.1233100817e-24, 3.23876212362e-24, 3.64897511914e-24, 4.38013716003e-24, 5.30657737928e-24, 5.68058658964e-24, 6.30361433865e-24, 5.61263135025e-24, 4.11797777642e-24, 5.90505774908e-24, 4.80595323262e-24, 5.04125348014e-24, 5.50100437671e-24, 4.84514936442e-24, 5.84266003477e-24, 6.57832883801e-24, 5.4692128878e-24, 5.92799861306e-24, 5.11217365324e-24, 6.93735481876e-24, 4.80069508026e-24, 7.25010030236e-24], "median": [5.31590849278e-05, 0.000461402349174, 0.000323962798575, 0.000470193946967, 0.00013812436373, 6.82597747073e-05, 6.30785070825e-05, 2.68599869742e-05, 1.92453680938e-05, 1.30919324874e-05, 1.47483706314e-05, 2.76967384707e-05, 1.77137135324e-05, 2.07256016438e-05, 1.2652636542e-05, 9.26976554183e-06, 4.52528684036e-06, 9.84209691524e-06, 9.76611863734e-06, 5.67870574741e-06, 2.62823209596e-06, 3.12349197884e-06, 5.06747301188e-06, 3.23773861055e-06, 3.49243850906e-06, 4.99338830195e-06, 3.20748108606e-06, 1.63112520113e-06, 6.23208904926e-07, 4.61693701936e-07, 5.99160728143e-07, 5.53679569748e-07, 5.65511527384e-07, 6.36509525975e-07, 4.14259972104e-07, 2.85345549855e-07, 2.06221798749e-07, 1.91563842122e-07, 1.84431328876e-07, 1.87806051599e-07], "dvar2": [6.87401688992e-06, 3.38426252711e-05, 1.73336029547e-05, 1.86283250514e-05, 5.6068424783e-06, 8.33966851133e-07, 1.15944658319e-06, 8.94522202088e-07, 4.74916845405e-07, 1.45163554066e-07, 1.11169640604e-07, 1.02505865129e-07, 2.49899319016e-08, 2.66158206585e-08, 3.80376157239e-08, 2.90578530127e-08, 1.04115533972e-08, 5.15169347182e-08, 1.31524027225e-08, 2.5713335905e-09, 2.08880246433e-09, 9.92805615496e-10, 1.74849301704e-09, 1.73141900817e-09, 9.04062602558e-10, 1.11754017151e-09, 7.02331470759e-10, 3.11235842654e-10, 2.06256858815e-10, 1.39836850432e-10, 1.38573888475e-10, 4.60396692992e-10, 5.4070886657e-10, 5.30368082785e-10, 2.51800608142e-10, 1.69009153894e-10, 1.31910704582e-10, 1.56409080132e-10, 1.18874299293e-10, 4.97377243558e-11], "var": [8.08580625744e-06, 1.68276874319e-05, 5.22209256815e-06, 7.92974333308e-06, 2.85459873339e-06, 5.178268907e-07, 7.01773842593e-07, 4.88870057325e-07, 2.78903826256e-07, 1.14543595942e-07, 1.02510639977e-07, 1.25866350231e-07, 1.63806745945e-08, 1.56452912847e-08, 2.35608688115e-08, 1.67370419746e-08, 6.6402310317e-09, 3.38852821358e-08, 1.12515969874e-08, 1.92339100202e-09, 1.15600773398e-09, 7.26329829615e-10, 1.09960607286e-09, 7.8823791938e-10, 4.66483740524e-10, 5.29049748454e-10, 3.31000366005e-10, 1.52205109627e-10, 1.10951643706e-10, 8.60609500331e-11, 1.00059072139e-10, 2.82867423929e-10, 3.18446630176e-10, 2.60707594402e-10, 1.73461467412e-10, 1.41959985434e-10, 1.43135739372e-10, 1.55208679242e-10, 1.2279796624e-10, 5.16007341023e-11], "dmean2": [0.000763153948355, 0.00144934223499, 0.00114119169302, 0.0018632869469, 0.000897249672562, 0.00031340419082, 0.000464640790597, 0.000331460410962, 0.000213665727642, 0.000117650502943, 9.61104960879e-05, 0.000106677325675, 5.22266418557e-05, 5.83015753364e-05, 7.4645060522e-05, 6.31355433143e-05, 3.32185190928e-05, 8.10777273728e-05, 4.42510390712e-05, 2.09226218431e-05, 1.45407839227e-05, 1.35736572702e-05, 1.85981589311e-05, 1.49642082761e-05, 1.14182976176e-05, 1.46186775964e-05, 1.0850300896e-05, 6.80199991621e-06, 4.94102778248e-06, 4.07276866099e-06, 3.78408344659e-06, 5.19486411577e-06, 5.15758529218e-06, 4.98247436553e-06, 4.80271000924e-06, 3.95830693378e-06, 3.72748718291e-06, 4.04701540901e-06, 3.97094117943e-06, 2.76753394246e-06], "max": [0.02385318093, 0.0553398430347, 0.0386427491903, 0.0363392755389, 0.033053163439, 0.0114927915856, 0.0135420029983, 0.0105291279033, 0.00845903810114, 0.00612435489893, 0.00586686655879, 0.00651595368981, 0.00333429244347, 0.00229732599109, 0.00244914158247, 0.00298117776401, 0.00217081815936, 0.00211139419116, 0.00224017864093, 0.000860193918925, 0.00065350701334, 0.000502867449541, 0.000604950648267, 0.000586904701777, 0.000529695418663, 0.000409605301684, 0.00041989289457, 0.000315669662086, 0.00020932352345, 0.000186648219824, 0.000216114713112, 0.000591628078837, 0.000628192443401, 0.000733079272322, 0.000276937818853, 0.000219291076064, 0.000191620216356, 0.000191763770999, 0.000179415394086, 0.000134304835228], "dmean": [0.000529172830284, 0.000951890135184, 0.000691160734277, 0.00115626130719, 0.000555168895517, 0.000199296409846, 0.000297482241876, 0.000210284837522, 0.000137087321491, 7.82512797741e-05, 6.69450455462e-05, 7.27962615201e-05, 3.32920171786e-05, 3.63662693417e-05, 4.74855114589e-05, 3.96062714572e-05, 2.08671172004e-05, 5.54558755539e-05, 3.07973423332e-05, 1.39384565045e-05, 9.21330865822e-06, 8.68863025971e-06, 1.17815725389e-05, 9.41826237977e-06, 7.25723111827e-06, 9.05834986042e-06, 6.77089929013e-06, 4.27568511441e-06, 3.14613498631e-06, 2.62975345322e-06, 2.54869655691e-06, 3.42105772688e-06, 3.46181786881e-06, 3.23808035319e-06, 3.12506836053e-06, 2.68262306236e-06, 2.54104134001e-06, 2.72405213764e-06, 2.64280970441e-06, 1.85090539162e-06]}, "spectral_decrease": {"dvar": 2.8148314353e-17, "mean": -6.32915275744e-09, "min": -6.54689955581e-08, "median": -4.57660132014e-09, "dvar2": 6.63640785053e-17, "var": 5.01854613539e-17, "dmean2": 4.27012070148e-09, "max": 1.30830936868e-28, "dmean": 2.79916978485e-09}, "spectral_rolloff": {"dvar": 2538121.25, "mean": 1983.72924805, "min": 43.06640625, "median": 1033.59375, "dvar2": 5140150, "var": 7372015, "dmean2": 1266.1385498, "max": 19595.2148438, "dmean": 771.519226074}, "melbands_crest": {"dvar": 11.8545389175, "mean": 17.3522014618, "min": 1.83267593384, "median": 16.5739097595, "dvar2": 28.8306617737, "var": 43.5693092346, "dmean2": 6.20972251892, "max": 36.3619689941, "dmean": 3.88588953018}, "barkbands_skewness": {"dvar": 0.866564750671, "mean": 2.02503299713, "min": -5.88351774216, "median": 1.56784546375, "dvar2": 1.79672706127, "var": 4.99130392075, "dmean2": 1.16665327549, "max": 24.840965271, "dmean": 0.791226327419}, "spectral_centroid": {"dvar": 210628.15625, "mean": 1299.10498047, "min": 109.744590759, "median": 1095.19299316, "dvar2": 383557.65625, "var": 1020388.375, "dmean2": 512.785583496, "max": 11781.7851562, "dmean": 345.370544434}, "spectral_energyband_middle_low": {"dvar": 0.000192432504264, "mean": 0.0128426486626, "min": 1.79114894876e-22, "median": 0.00723704369739, "dvar2": 0.000495579442941, "var": 0.000253325299127, "dmean2": 0.0118635883555, "max": 0.165010988712, "dmean": 0.00754059711471}, "erbbands_crest": {"dvar": 10.8881521225, "mean": 11.0299711227, "min": 2.53942751884, "median": 9.74714851379, "dvar2": 25.3146286011, "var": 29.0663738251, "dmean2": 5.43951416016, "max": 33.3261947632, "dmean": 3.45899438858}, "dynamic_complexity": 4.15636825562, "spectral_energyband_low": {"dvar": 0.000248068768997, "mean": 0.00801276881248, "min": 1.90428419279e-23, "median": 0.00209691585042, "dvar2": 0.00062471133424, "var": 0.000359705794835, "dmean2": 0.00705461250618, "max": 0.222162187099, "dmean": 0.00443875556812}, "silence_rate_60dB": {"dvar": 0.0223144330084, "mean": 0.102469012141, "min": 0, "median": 0, "dvar2": 0.0508124008775, "var": 0.0919666960835, "dmean2": 0.0456808209419, "max": 1, "dmean": 0.0228381808847}, "erbbands_kurtosis": {"dvar": 12.2283639908, "mean": 1.78195643425, "min": -1.91663837433, "median": 0.131196498871, "dvar2": 28.1848316193, "var": 52.2876281738, "dmean2": 2.68490123749, "max": 107.066139221, "dmean": 1.71936607361}, "spectral_complexity": {"dvar": 16.9962005615, "mean": 14.6496534348, "min": 0, "median": 13, "dvar2": 29.9098529816, "var": 88.9916229248, "dmean2": 4.85212278366, "max": 60, "dmean": 3.27015423775}, "barkbands_crest": {"dvar": 8.24491405487, "mean": 11.8794031143, "min": 2.37634849548, "median": 11.1662464142, "dvar2": 20.1680526733, "var": 24.3702201843, "dmean2": 4.97185564041, "max": 25.9819450378, "dmean": 3.08963322639}, "spectral_energy": {"dvar": 0.000423822231824, "mean": 0.0260121896863, "min": 1.00181087988e-20, "median": 0.0196425858885, "dvar2": 0.00100171018858, "var": 0.000768027966842, "dmean2": 0.0168505832553, "max": 0.251903831959, "dmean": 0.0110778100789}, "spectral_spread": {"dvar": 1180742057980.0, "mean": 5191774.5, "min": 1384704.75, "median": 4490086.5, "dvar2": 2089853517820.0, "var": 7922807472130.0, "dmean2": 1104450.875, "max": 41911416, "dmean": 777135.3125}, "spectral_contrast_valleys": {"dvar": [0.151040032506, 0.129579201341, 0.116775810719, 0.139197453856, 0.189637243748, 0.287566751242], "mean": [-7.93913555145, -7.56283092499, -8.0718164444, -8.45883846283, -8.31025028229, -10.4936256409], "min": [-28.5477027893, -27.6648712158, -27.6758346558, -27.7007160187, -27.5601863861, -27.424621582], "median": [-7.82604408264, -7.26753425598, -7.745241642, -8.15582084656, -7.94444894791, -10.28038311], "dvar2": [0.335004270077, 0.271395981312, 0.224941164255, 0.259912669659, 0.322799384594, 0.454343110323], "var": [2.41345262527, 2.82120728493, 3.04235816002, 3.03964447975, 3.20671248436, 3.62783503532], "dmean2": [0.687899947166, 0.579921483994, 0.531165242195, 0.540623366833, 0.516403317451, 0.543005347252], "max": [-5.176445961, -4.61482477188, -5.30024003983, -5.45783281326, -5.37730360031, -7.37911844254], "dmean": [0.430294811726, 0.366348862648, 0.343784660101, 0.360607415438, 0.372384607792, 0.42727124691]}, "spectral_rms": {"dvar": 1.46121283251e-06, "mean": 0.00445282366127, "min": 3.12630216853e-12, "median": 0.00437761330977, "dvar2": 3.13250916406e-06, "var": 5.55023825655e-06, "dmean2": 0.0013332485687, "max": 0.0156767293811, "dmean": 0.000919746118598}, "barkbands_spread": {"dvar": 134.054138184, "mean": 23.1706237793, "min": 0.287768214941, "median": 17.2925605774, "dvar2": 268.812438965, "var": 421.224700928, "dmean2": 11.9908647537, "max": 113.305473328, "dmean": 7.90567970276}, "pitch_salience": {"dvar": 0.00568656995893, "mean": 0.508669674397, "min": 0.0651703327894, "median": 0.516681492329, "dvar2": 0.0135731538758, "var": 0.0183265153319, "dmean2": 0.129550173879, "max": 0.88368922472, "dmean": 0.0821851268411}, "erbbands_skewness": {"dvar": 0.322951823473, "mean": 0.377122044563, "min": -5.81871891022, "median": 0.291413962841, "dvar2": 0.67044621706, "var": 1.68016648293, "dmean2": 0.785542666912, "max": 9.54659461975, "dmean": 0.535789191723}, "spectral_energyband_middle_high": {"dvar": 1.24126545415e-05, "mean": 0.00453942874447, "min": 1.35662992286e-21, "median": 0.00235626497306, "dvar2": 2.86525082629e-05, "var": 3.60103767889e-05, "dmean2": 0.00308629497886, "max": 0.0619066879153, "dmean": 0.00210268143564}, "erbbands": {"dvar": [0.0454079061747, 1.2548122406, 111.583007812, 260.328186035, 436.165924072, 2358.47583008, 1882.20593262, 680.383056641, 2105.65332031, 3476.35913086, 3233.80493164, 1658.71057129, 2030.57910156, 2782.97412109, 659.674682617, 1716.95983887, 3389.74731445, 1167.4152832, 9799.27929688, 1338.29211426, 515.656921387, 371.764831543, 698.813842773, 505.971496582, 675.409790039, 279.975708008, 197.419265747, 168.085205078, 593.614379883, 696.396118164, 278.027618408, 151.173568726, 123.271072388, 38.4705543518, 5.82192802429, 0.227041423321, 0.0200618840754, 0.0155494613573, 0.000347440276528, 4.79986738355e-07], "mean": [0.142881333828, 0.599722504616, 3.47556757927, 4.5081987381, 12.0604705811, 24.0081367493, 16.2976436615, 11.5858602524, 24.87266922, 23.2132663727, 20.5584316254, 17.5712661743, 18.5688800812, 27.7106533051, 16.9396152496, 21.0414047241, 30.4685096741, 16.296289444, 43.6429977417, 24.4822425842, 11.0879631042, 13.1726026535, 15.347899437, 13.3053894043, 15.7125587463, 9.83949661255, 6.55313825607, 5.99252128601, 8.0640039444, 8.00954818726, 7.30541038513, 6.42080688477, 5.95658397675, 3.54699468613, 1.48590159416, 0.310491740704, 0.0745915025473, 0.0314815379679, 0.00486457301304, 0.000188180434634], "min": [1.21269769424e-22, 1.03184884523e-21, 4.33653515488e-21, 6.56157628175e-21, 7.34688814593e-21, 2.24199340188e-20, 7.17824362893e-20, 1.40033767791e-19, 1.8626580988e-19, 1.78985134149e-19, 3.62156008993e-19, 4.55600276347e-19, 7.15812065107e-19, 9.06615387162e-19, 1.44798545254e-18, 1.33224665142e-18, 1.61892263632e-18, 2.24226102712e-18, 1.80185166423e-18, 3.55606144748e-18, 3.93564387724e-18, 5.56811666256e-18, 7.17821793463e-18, 8.2975091087e-18, 8.15171273548e-18, 9.25937457732e-18, 8.60302082333e-18, 1.03187001201e-17, 1.167924431e-17, 1.27020159143e-17, 1.19612243906e-17, 1.07109235239e-17, 1.06386304199e-17, 8.61499260833e-18, 6.45109102102e-18, 4.76613403942e-18, 2.66055840467e-18, 1.05252518753e-18, 2.78553691663e-19, 2.95909517727e-20], "median": [0.00293055223301, 0.11474737525, 1.13308024406, 1.53631782532, 3.93620562553, 6.49903249741, 3.29790735245, 3.28720879555, 4.46722173691, 3.20182919502, 2.58405637741, 2.61592483521, 3.05958604813, 6.82381629944, 6.61805725098, 7.00614023209, 5.46342849731, 3.64729118347, 6.8715004921, 6.63291311264, 3.18790912628, 3.87515950203, 4.92356538773, 4.98280715942, 6.35813808441, 3.34123039246, 1.1338224411, 1.0137720108, 1.03176689148, 1.16989552975, 0.722034752369, 0.418047487736, 0.292842745781, 0.234400451183, 0.109589762986, 0.0278047658503, 0.00719007384032, 0.00180990970694, 0.000229944547755, 3.8836402382e-05], "dvar2": [0.128868386149, 2.52765893936, 277.447784424, 715.414672852, 1123.50061035, 6203.94775391, 4433.81640625, 1544.92211914, 4904.80175781, 8270.12695312, 7603.55126953, 3693.51171875, 4210.71240234, 5610.08300781, 1625.46716309, 4246.96240234, 8227.95703125, 2744.25, 21131.203125, 2942.88769531, 1224.16955566, 817.878356934, 1669.02758789, 1268.09387207, 1715.74035645, 694.106262207, 471.285308838, 351.051696777, 1295.51049805, 1576.09802246, 601.366638184, 298.629333496, 251.568466187, 75.1202087402, 11.9329719543, 0.479333519936, 0.0462541468441, 0.0386637225747, 0.000860398286022, 1.26540362544e-06], "var": [0.149194017053, 2.85073423386, 109.121009827, 189.339889526, 513.278564453, 2541.89355469, 2300.9140625, 1016.06677246, 3103.69775391, 4304.67480469, 4175.77539062, 2893.15234375, 3773.01855469, 6834.23291016, 1040.00415039, 2270.64160156, 5261.94628906, 1793.28210449, 14003.4003906, 2451.6706543, 769.289916992, 648.860595703, 1005.42626953, 684.309875488, 824.405944824, 357.98034668, 267.221710205, 259.307647705, 826.733764648, 843.951904297, 448.156188965, 351.757568359, 281.76071167, 86.6324081421, 13.3539390564, 0.534417033195, 0.0359239205718, 0.0187842082232, 0.000459127273643, 5.84686404181e-07], "dmean2": [0.101016886532, 0.522449314594, 3.80933189392, 6.21338176727, 14.7874851227, 32.6195449829, 22.1450862885, 13.1523780823, 29.8019580841, 31.8920516968, 26.4562416077, 19.5313739777, 18.2800807953, 24.4883651733, 14.936920166, 21.950214386, 34.1335144043, 18.5402107239, 50.6259384155, 23.4191799164, 11.8197031021, 13.6303243637, 16.6718406677, 13.9377059937, 17.7766933441, 10.7966594696, 7.42403316498, 6.183634758, 8.82071399689, 8.40586090088, 7.43958950043, 5.8208026886, 5.48652553558, 3.40075826645, 1.36155903339, 0.275417119265, 0.0779586881399, 0.0378513634205, 0.00557142216712, 0.000202079463634], "max": [3.03418874741, 21.2239665985, 147.948379517, 196.53527832, 344.804443359, 655.144470215, 1007.62133789, 509.015167236, 813.396911621, 947.479492188, 1103.23608398, 1090.25671387, 1124.64526367, 1517.33972168, 696.813232422, 1100.71520996, 1581.22375488, 944.603820801, 1438.23999023, 929.219909668, 449.310333252, 352.472320557, 550.2578125, 636.762268066, 533.225280762, 435.938568115, 360.176422119, 315.469970703, 863.520507812, 1272.88171387, 454.93347168, 298.684936523, 203.575836182, 181.79927063, 43.6532096863, 9.93455505371, 2.30965256691, 2.46400094032, 0.382276177406, 0.0134828966111], "dmean": [0.0683672726154, 0.35769662261, 2.46413373947, 3.67480874062, 9.21830368042, 20.0141391754, 13.8476877213, 8.36696529388, 19.1188297272, 20.1288356781, 16.9175243378, 12.8967828751, 12.8196763992, 16.7387275696, 9.49635791779, 13.7307825089, 21.6254768372, 11.8432426453, 34.9385795593, 16.0658435822, 7.66779708862, 8.74079990387, 10.6830739975, 8.95294952393, 11.1109704971, 6.82930755615, 4.79657745361, 4.21518516541, 5.90678977966, 5.63914012909, 4.98301935196, 4.01373529434, 3.75320124626, 2.3009185791, 0.930237948895, 0.18582546711, 0.0516884215176, 0.0255518592894, 0.00372845446691, 0.000132699060487]}, "dissonance": {"dvar": 0.000477945664898, "mean": 0.454941809177, "min": 0.220030114055, "median": 0.462856590748, "dvar2": 0.00119478779379, "var": 0.00117763190065, "dmean2": 0.0339719951153, "max": 0.499999970198, "dmean": 0.0210079401731}, "erbbands_flatness_db": {"dvar": 0.000525457842741, "mean": 0.16435739398, "min": 0.0339367836714, "median": 0.162628784776, "dvar2": 0.00103095697705, "var": 0.00242064753547, "dmean2": 0.0318820625544, "max": 0.403864681721, "dmean": 0.0222250651568}, "melbands_kurtosis": {"dvar": 818.943969727, "mean": 28.2646961212, "min": -1.90254068375, "median": 9.15664100647, "dvar2": 1882.42114258, "var": 3742.88085938, "dmean2": 21.2843265533, "max": 882.788879395, "dmean": 13.9097862244}, "melbands_spread": {"dvar": 389.85055542, "mean": 27.6540260315, "min": 0.247618347406, "median": 17.1725883484, "dvar2": 758.053955078, "var": 1126.06054688, "dmean2": 16.7539424896, "max": 260.658569336, "dmean": 11.1607894897}, "melbands_skewness": {"dvar": 1.3200122118, "mean": 3.27192640305, "min": -2.86410284042, "median": 2.65523076057, "dvar2": 2.86735367775, "var": 6.34941577911, "dmean2": 1.51215195656, "max": 20.7835407257, "dmean": 1.0170443058}, "spectral_entropy": {"dvar": 0.0834776833653, "mean": 7.32843971252, "min": 4.67646408081, "median": 7.34803676605, "dvar2": 0.157470911741, "var": 0.528744339943, "dmean2": 0.353738993406, "max": 9.82009029388, "dmean": 0.25001847744}, "zerocrossingrate": {"dvar": 0.000566063041333, "mean": 0.0709264874458, "min": 0.0029296875, "median": 0.048828125, "dvar2": 0.000553857185878, "var": 0.00462162820622, "dmean2": 0.0185391493142, "max": 0.517578125, "dmean": 0.0168478004634}, "average_loudness": 0.912905752659, "spectral_contrast_coeffs": {"dvar": [0.00221045245416, 0.00243566883728, 0.00109790009446, 0.000933572417125, 0.000652109039947, 0.000355278112693], "mean": [-0.57626581192, -0.697231590748, -0.755239009857, -0.751473128796, -0.764538824558, -0.780881226063], "min": [-0.979300320148, -0.976310908794, -0.971887350082, -0.96716105938, -0.966336667538, -0.965464890003], "median": [-0.577093839645, -0.707332730293, -0.757262527943, -0.754133403301, -0.76777523756, -0.781788110733], "dvar2": [0.00527339288965, 0.00513246282935, 0.0025923056528, 0.0020600494463, 0.00142513297033, 0.000785022741184], "var": [0.00980162899941, 0.00920902844518, 0.00500277103856, 0.00485612358898, 0.00335520133376, 0.00205688388087], "dmean2": [0.0872021540999, 0.0814911201596, 0.0597305186093, 0.05556762591, 0.0438541769981, 0.0311732944101], "max": [-0.24643830955, -0.390087932348, -0.464877545834, -0.512850403786, -0.498234272003, -0.617383599281], "dmean": [0.0547822862864, 0.0528887398541, 0.0379146002233, 0.0358296185732, 0.0280335042626, 0.0204281564802]}, "barkbands_flatness_db": {"dvar": 0.000795146042947, "mean": 0.15788424015, "min": 0.0228498205543, "median": 0.143827334046, "dvar2": 0.00161947659217, "var": 0.00601595826447, "dmean2": 0.0393693000078, "max": 0.491430312395, "dmean": 0.0267804339528}, "silence_rate_30dB": {"dvar": 0.0191391389817, "mean": 0.981262803078, "min": 0, "median": 1, "dvar2": 0.0425957962871, "var": 0.018385976553, "dmean2": 0.0390434339643, "max": 1, "dmean": 0.0195198133588}, "spectral_energyband_high": {"dvar": 3.96109271605e-06, "mean": 0.00139926420525, "min": 7.00075910381e-21, "median": 0.000187182391528, "dvar2": 7.41481562727e-06, "var": 9.33213323151e-06, "dmean2": 0.00107660144567, "max": 0.0494505316019, "dmean": 0.000763224961702}, "melbands_flatness_db": {"dvar": 0.00123841653112, "mean": 0.227483212948, "min": 0.00345464330167, "median": 0.215044751763, "dvar2": 0.00241102580912, "var": 0.0101670660079, "dmean2": 0.0470325350761, "max": 0.641246199608, "dmean": 0.0327242948115}, "barkbands": {"dvar": [3.61488190492e-07, 3.00997235172e-05, 0.000160512310686, 1.44907571666e-05, 0.00012371930643, 1.45302219607e-05, 1.32213181132e-05, 7.45816851122e-06, 3.67796110368e-06, 2.80363292404e-06, 8.21826517949e-07, 9.55799123403e-07, 1.49819459239e-06, 5.20033154316e-07, 2.74902458841e-06, 1.69241843651e-07, 1.47975612208e-07, 2.54283094137e-07, 2.13983426534e-07, 1.31754703148e-07, 1.04964776426e-07, 4.96607128753e-07, 3.69317803006e-07, 3.39172089525e-07, 1.68812633206e-07, 6.95726631861e-09, 1.74070429182e-08], "mean": [0.000594071578234, 0.0033183414489, 0.00340081355534, 0.00133196660317, 0.00631640525535, 0.00148444669321, 0.00187580520287, 0.000899476697668, 0.000788790930528, 0.000848465133458, 0.000389037100831, 0.000481146184029, 0.000632894807495, 0.000286049034912, 0.000858897401486, 0.000182810617844, 0.000238879380049, 0.000263204216026, 0.000302342843497, 0.000203835690627, 0.000147739425302, 0.000231212950894, 0.000259953696514, 0.000339010788593, 0.000258796062553, 4.84645242977e-05, 2.94103811029e-05], "min": [2.64400759318e-25, 6.26360094696e-24, 3.16878779474e-24, 2.46425118991e-24, 6.34230796605e-24, 1.39786957043e-23, 8.52750197732e-24, 1.40681746191e-23, 2.03863020262e-23, 2.6689407944e-23, 2.52900822941e-23, 2.35054186024e-23, 3.62596601869e-23, 3.06364040636e-23, 4.6527180273e-23, 6.38617675765e-23, 6.43419819194e-23, 1.30169306882e-22, 1.84657179161e-22, 1.55679579187e-22, 2.31020175392e-22, 3.87850772059e-22, 4.11099575787e-22, 5.88678804606e-22, 8.89984845822e-22, 1.41155513962e-21, 2.10944667523e-21], "median": [1.3359460354e-05, 0.000306575733703, 0.00103586772457, 0.000347620341927, 0.00200536451302, 0.000341657403624, 0.000277164654108, 7.70744736656e-05, 9.18789228308e-05, 0.000177428155439, 8.94275581231e-05, 0.000163728574989, 0.000103126338217, 5.1268722018e-05, 0.000155203888426, 4.90708589496e-05, 7.09660089342e-05, 6.90082451911e-05, 0.000126008540974, 6.30823196843e-05, 2.37213316723e-05, 3.24636348523e-05, 2.94981109619e-05, 1.8792494302e-05, 1.90693772311e-05, 4.7408766477e-06, 1.15112652566e-06], "dvar2": [7.93094045548e-07, 7.08507213858e-05, 0.000417137693148, 3.93112022721e-05, 0.000325629283907, 3.37560013577e-05, 3.16917248711e-05, 1.72746367753e-05, 8.24650851428e-06, 5.52024539502e-06, 1.94865788217e-06, 2.41483508034e-06, 3.66396488971e-06, 1.20587367292e-06, 5.8499986153e-06, 3.99403290885e-07, 3.34264939283e-07, 6.26159419426e-07, 5.37938547041e-07, 3.28577698383e-07, 2.41850528937e-07, 1.05593312583e-06, 8.11488405361e-07, 6.4889445639e-07, 3.30875877808e-07, 1.58016035812e-08, 4.42514682675e-08], "var": [2.23990218728e-06, 8.08310942375e-05, 0.000129783758894, 1.34787405841e-05, 0.000139116396895, 1.77979436558e-05, 1.73613225343e-05, 9.68870244833e-06, 6.23630830887e-06, 6.20162336418e-06, 1.46393688283e-06, 1.21939308428e-06, 2.27758391702e-06, 7.95825883415e-07, 4.22052835347e-06, 2.3896822654e-07, 2.31640200354e-07, 3.37889616731e-07, 2.87305539359e-07, 1.66132792856e-07, 1.44670579516e-07, 6.79771630985e-07, 5.65993502732e-07, 8.88868441962e-07, 3.95259633024e-07, 1.39319542569e-08, 2.06102210853e-08], "dmean2": [0.000318420643453, 0.00259450031444, 0.00439400644973, 0.00183153350372, 0.00797529425472, 0.00186249648686, 0.00240129674785, 0.00126891012769, 0.000914013304282, 0.000804934534244, 0.000415547692683, 0.000536953040864, 0.000736142217647, 0.000365904881619, 0.000903499661945, 0.00021918056882, 0.000265422626399, 0.000305424240651, 0.000331629096763, 0.000234615770751, 0.000164293669513, 0.000245350238401, 0.000265475129709, 0.000290800177027, 0.000236085310462, 4.72202227684e-05, 3.64304723917e-05], "max": [0.0107679320499, 0.0905514955521, 0.167738854885, 0.0660205408931, 0.139858260751, 0.0845584347844, 0.070309445262, 0.0442696027458, 0.0483139231801, 0.0368629172444, 0.0308285225183, 0.0239576939493, 0.0298801381141, 0.0193194523454, 0.0263778306544, 0.00814872328192, 0.00776866683736, 0.0120847076178, 0.0106710996479, 0.00767417997122, 0.00603933027014, 0.027193216607, 0.0169748235494, 0.0108986170962, 0.0103155812249, 0.00151325471234, 0.00262094219215], "dmean": [0.000208461235161, 0.00178827822674, 0.00272548082285, 0.00109221157618, 0.00495477952063, 0.0011779172346, 0.00152467307635, 0.000806173426099, 0.000598907063249, 0.000549458200112, 0.000263802328845, 0.00033148584771, 0.000465253164293, 0.000230331424973, 0.000634730269667, 0.000138497256557, 0.000168366663274, 0.000194433523575, 0.000208696656046, 0.000147425511386, 0.000107748921437, 0.000166466692463, 0.000176901216037, 0.000200442736968, 0.000160594441695, 3.16155856126e-05, 2.40120934905e-05]}, "erbbands_spread": {"dvar": 182.348709106, "mean": 40.727645874, "min": 1.57654333115, "median": 36.987285614, "dvar2": 435.343597412, "var": 477.219177246, "dmean2": 17.6162757874, "max": 182.811630249, "dmean": 11.4303159714}, "barkbands_kurtosis": {"dvar": 410.667724609, "mean": 13.4764947891, "min": -1.93581700325, "median": 2.44830513, "dvar2": 1038.63586426, "var": 2003.68005371, "dmean2": 10.3634634018, "max": 888.41619873, "dmean": 6.70386457443}, "spectral_flux": {"dvar": 0.00143368868157, "mean": 0.0837506577373, "min": 6.50843060002e-11, "median": 0.0734097883105, "dvar2": 0.00298514217138, "var": 0.00380241894163, "dmean2": 0.0461139120162, "max": 0.457814782858, "dmean": 0.0294160656631}, "silence_rate_20dB": {"dvar": 0, "mean": 1, "min": 1, "median": 1, "dvar2": 0, "var": 0, "dmean2": 0, "max": 1, "dmean": 0}, "gfcc": {"cov": [[20683.0292969, -1949.41125488, -1874.84741211, -907.025695801, -1107.05322266, -144.445861816, -737.032897949, 305.858764648, -407.528167725, 73.0827865601, -123.004455566, 165.172485352, -175.195251465], [-1949.41125488, 2496.48632812, -292.693878174, -113.155654907, 264.379577637, -240.088226318, 235.403594971, -134.149993896, 170.979705811, -112.973014832, 126.375686646, -95.8517150879, 30.6674919128], [-1874.84741211, -292.693878174, 1076.01342773, 302.764007568, 101.387306213, 129.62713623, 43.4555397034, 28.9040775299, -21.7657642365, 22.0988750458, -14.5069360733, 35.4020118713, 58.9329566956], [-907.025695801, -113.155654907, 302.764007568, 618.899047852, 159.174133301, 98.6078109741, -10.2396564484, -58.3752975464, 25.9358139038, 0.971371352673, 20.8918228149, -13.3194828033, 51.7222137451], [-1107.05322266, 264.379577637, 101.387306213, 159.174133301, 404.332061768, 71.0219116211, 36.7348060608, -90.7122344971, 83.9318695068, 36.8477478027, 12.3009605408, -31.7419166565, 38.8310012817], [-144.445861816, -240.088226318, 129.62713623, 98.6078109741, 71.0219116211, 298.47177124, 92.3674621582, 22.9416027069, 13.501540184, 48.3304595947, 2.88547372818, -8.71586513519, 37.1529769897], [-737.032897949, 235.403594971, 43.4555397034, -10.2396564484, 36.7348060608, 92.3674621582, 317.019714355, 77.0832061768, 47.4679374695, -2.85592126846, 34.9542007446, 15.5481042862, 8.37894439697], [305.858764648, -134.149993896, 28.9040775299, -58.3752975464, -90.7122344971, 22.9416027069, 77.0832061768, 241.662704468, 19.1354408264, 13.1765995026, 27.5536613464, 37.0962371826, -20.9501838684], [-407.528167725, 170.979705811, -21.7657642365, 25.9358139038, 83.9318695068, 13.501540184, 47.4679374695, 19.1354408264, 165.417388916, 51.2704772949, 22.1467475891, -5.54554462433, 10.5640153885], [73.0827865601, -112.973014832, 22.0988750458, 0.971371352673, 36.8477478027, 48.3304595947, -2.85592126846, 13.1765995026, 51.2704772949, 148.368148804, 26.2586536407, -7.35159063339, 4.14814138412], [-123.004455566, 126.375686646, -14.5069360733, 20.8918228149, 12.3009605408, 2.88547372818, 34.9542007446, 27.5536613464, 22.1467475891, 26.2586536407, 119.221366882, 18.8306083679, -1.69058048725], [165.172485352, -95.8517150879, 35.4020118713, -13.3194828033, -31.7419166565, -8.71586513519, 15.5481042862, 37.0962371826, -5.54554462433, -7.35159063339, 18.8306083679, 113.353248596, 23.5422401428], [-175.195251465, 30.6674919128, 58.9329566956, 51.7222137451, 38.8310012817, 37.1529769897, 8.37894439697, -20.9501838684, 10.5640153885, 4.14814138412, -1.69058048725, 23.5422401428, 127.368423462]], "mean": [-39.5754089355, 81.5503845215, -102.207839966, 32.0463294983, -52.9289131165, 11.6165542603, -42.6546363831, -0.945116341114, -31.0750980377, -5.25468015671, -13.5063247681, -4.92308616638, -13.9872903824], "icov": [[8.15234307083e-05, 1.93134983419e-05, 0.000146101709106, 1.80671195267e-05, 0.00011301698396, -8.17007748992e-05, 0.000170485611307, -0.000101555328001, 0.00012682468514, -9.72006309894e-05, 5.9446949308e-05, -0.000122832527268, 1.0143749023e-05], [1.93134983419e-05, 0.000801544054411, 9.8776370578e-05, 0.000239401764702, -0.000390591652831, 0.000787463854067, -0.000667140411679, 0.000401373836212, -0.000592280761339, 0.000801409769338, -0.0009398223483, 0.000831504468806, -0.000453204003861], [0.000146101709106, 9.8776370578e-05, 0.00145279837307, -0.000503629096784, -3.37840683642e-05, -0.000270651216852, 0.000132394648972, -0.000467522215331, 0.000640172569547, -0.000390464498196, 0.000442780146841, -0.000560018641409, -0.000217863038415], [1.80671195267e-05, 0.000239401764702, -0.000503629096784, 0.00229045609012, -0.000605750596151, -0.000329664821038, 0.000245953211561, 0.000430546846474, -0.000494899228215, 0.000842683832161, -0.000983074307442, 0.000528778822627, -0.000491586572025], [0.00011301698396, -0.000390591652831, -3.37840683642e-05, -0.000605750596151, 0.00399410584942, -0.000960945792031, 0.000223281749641, 0.00111061707139, -0.0011648213258, -0.000768297002651, 0.000311440002406, -3.75910822186e-05, -0.000125560240122], [-8.17007748992e-05, 0.000787463854067, -0.000270651216852, -0.000329664821038, -0.000960945792031, 0.00544291688129, -0.00225152098574, 3.74390547222e-05, 0.000119987074868, -0.000747207901441, -0.000407773564802, 0.00160748162307, -0.00147147406824], [0.000170485611307, -0.000667140411679, 0.000132394648972, 0.000245953211561, 0.000223281749641, -0.00225152098574, 0.00517348339781, -0.00166469125543, -0.000301404710626, 0.000359664467396, -7.67860838096e-05, -0.00116986455396, 0.000437032955233], [-0.000101555328001, 0.000401373836212, -0.000467522215331, 0.000430546846474, 0.00111061707139, 3.74390547222e-05, -0.00166469125543, 0.00603880081326, -0.00156812742352, 0.00028289295733, -0.00132612651214, -0.000754522858188, 0.000801148067694], [0.00012682468514, -0.000592280761339, 0.000640172569547, -0.000494899228215, -0.0011648213258, 0.000119987074868, -0.000301404710626, -0.00156812742352, 0.00895741861314, -0.00345838093199, 0.000674510549288, -0.000559821608476, -0.000214037499973], [-9.72006309894e-05, 0.000801409769338, -0.000390464498196, 0.000842683832161, -0.000768297002651, -0.000747207901441, 0.000359664467396, 0.00028289295733, -0.00345838093199, 0.00968159548938, -0.00297598633915, 0.00165940471925, -0.000387821841286], [5.9446949308e-05, -0.0009398223483, 0.000442780146841, -0.000983074307442, 0.000311440002406, -0.000407773564802, -7.67860838096e-05, -0.00132612651214, 0.000674510549288, -0.00297598633915, 0.0109697822