{"tonal": {"chords_number_rate": 0.00197415659204, "thpcp": [1, 0.627351522446, 0.258675813675, 0.172830402851, 0.160449504852, 0.155106201768, 0.138804540038, 0.136833995581, 0.194485381246, 0.269753456116, 0.24025298655, 0.196640983224, 0.20021687448, 0.320512503386, 0.702687382698, 0.782366752625, 0.497314184904, 0.384542137384, 0.331176072359, 0.246478587389, 0.259068697691, 0.302040100098, 0.262525200844, 0.256704807281, 0.307389318943, 0.372304528952, 0.539797008038, 0.568895041943, 0.397800177336, 0.31123894453, 0.294578850269, 0.242240294814, 0.179435700178, 0.205047011375, 0.340653300285, 0.754423558712], "hpcp": {"dvar": [0.0424280054867, 0.0357108823955, 0.0277344807982, 0.0258068442345, 0.0388968326151, 0.0502901189029, 0.0617992170155, 0.0504548326135, 0.0384494960308, 0.034403167665, 0.0272555220872, 0.0221809651703, 0.017025699839, 0.0144812921062, 0.0153298601508, 0.0220607053488, 0.0210160333663, 0.0188480019569, 0.0207454841584, 0.0345290489495, 0.0475639924407, 0.0526450350881, 0.0497218295932, 0.064154855907, 0.0461262650788, 0.0369954109192, 0.0305623766035, 0.0310750901699, 0.0344533808529, 0.0404835306108, 0.0389271304011, 0.0466303341091, 0.0692106932402, 0.0722093209624, 0.0791726186872, 0.0573216304183], "mean": [0.13773971796, 0.113267160952, 0.0839008763433, 0.0958762615919, 0.159283295274, 0.352754741907, 0.467581838369, 0.293338179588, 0.120952107012, 0.0808123573661, 0.0750232711434, 0.0725248456001, 0.064902484417, 0.0639810934663, 0.0909378305078, 0.126131817698, 0.112337931991, 0.0919457525015, 0.0936177745461, 0.149865821004, 0.328563868999, 0.365820497274, 0.232535079122, 0.17980492115, 0.154851913452, 0.115248911083, 0.121135823429, 0.141228467226, 0.122752018273, 0.120030507445, 0.143729656935, 0.174082830548, 0.252399265766, 0.26600497961, 0.186004132032, 0.145529672503], "min": [0, 0, 0, 0, 0, 0, 0, 0, 0, 0, 0, 0, 0, 0, 0, 0, 0, 0, 0, 0, 0, 0, 0, 0, 0, 0, 0, 0, 0, 0, 0, 0, 0, 0, 0, 0], "median": [0.0466723814607, 0.0398313365877, 0.0319781824946, 0.0384441837668, 0.0756118446589, 0.273360282183, 0.387827217579, 0.213395059109, 0.0452317073941, 0.0283787325025, 0.0321284160018, 0.0352714583278, 0.0309690199792, 0.0311307813972, 0.0506795607507, 0.0677002593875, 0.0559291280806, 0.0480633378029, 0.0441490709782, 0.0712757706642, 0.217374160886, 0.247780591249, 0.139374256134, 0.0672537386417, 0.0536617562175, 0.0388921871781, 0.0537840127945, 0.0641769915819, 0.0466763526201, 0.0379665642977, 0.0495911724865, 0.0778939276934, 0.133222937584, 0.132847115397, 0.0717345625162, 0.0527996085584], "dvar2": [0.11516738683, 0.0993415415287, 0.0780288279057, 0.0713983103633, 0.107887253165, 0.134658917785, 0.147828578949, 0.140678182244, 0.106627866626, 0.0982633829117, 0.079279653728, 0.064186476171, 0.048805013299, 0.0409392230213, 0.0432952642441, 0.0618173219264, 0.0587441064417, 0.0530667640269, 0.0568410456181, 0.0979930385947, 0.115749582648, 0.134667694569, 0.139161616564, 0.174716427922, 0.122306123376, 0.100454956293, 0.0829146131873, 0.084628239274, 0.0969100221992, 0.114330805838, 0.1039185673, 0.130803793669, 0.186115264893, 0.177880033851, 0.224372267723, 0.162293002009], "var": [0.0500155389309, 0.0382359772921, 0.0228719301522, 0.0233140327036, 0.0423739217222, 0.0893952697515, 0.131872370839, 0.0744400843978, 0.0332188755274, 0.0233557131141, 0.0182511992753, 0.0154913840815, 0.0125828031451, 0.0116639751941, 0.0148990955204, 0.0274439398199, 0.0252342391759, 0.0181771311909, 0.0207674913108, 0.0368997231126, 0.100683808327, 0.116454869509, 0.0590113140643, 0.0648733451962, 0.0535645224154, 0.0370671078563, 0.0329955965281, 0.0402002893388, 0.0368933267891, 0.0418021567166, 0.0501468889415, 0.0545286349952, 0.0810236632824, 0.0919773429632, 0.0670597851276, 0.0497534126043], "dmean2": [0.224089160562, 0.193056106567, 0.160064160824, 0.179777920246, 0.278145700693, 0.396852999926, 0.416746079922, 0.396080821753, 0.258484363556, 0.188276588917, 0.159341037273, 0.137907058001, 0.115882225335, 0.106364056468, 0.132915645838, 0.166854143143, 0.155612796545, 0.137758657336, 0.154756754637, 0.260052084923, 0.325485169888, 0.357087373734, 0.353527337313, 0.35632404685, 0.274795293808, 0.209863737226, 0.194285005331, 0.203544929624, 0.207138180733, 0.213407710195, 0.220437154174, 0.293159276247, 0.402454018593, 0.412815451622, 0.414092928171, 0.296594530344], "max": [1, 1, 1, 1, 1, 1, 1, 1, 1, 1, 1, 1, 1, 1, 1, 1, 1, 1, 1, 1, 1, 1, 1, 1, 1, 1, 1, 1, 1, 1, 1, 1, 1, 1, 1, 1], "dmean": [0.126055672765, 0.107837036252, 0.0885331779718, 0.100193247199, 0.156839758158, 0.232029676437, 0.247080475092, 0.22712123394, 0.142484381795, 0.101303249598, 0.0862896218896, 0.0755833759904, 0.0643605291843, 0.0600462891161, 0.0761872753501, 0.0961994677782, 0.0884156599641, 0.0783797651529, 0.0869333222508, 0.147010356188, 0.194784015417, 0.210655018687, 0.198571458459, 0.196813821793, 0.153381690383, 0.118835516274, 0.11016831547, 0.116294540465, 0.115810289979, 0.119933716953, 0.124456197023, 0.164204493165, 0.229883953929, 0.235677525401, 0.22465698421, 0.162662774324]}, "key_strength": 0.766667187214, "chords_strength": {"dvar": 0.000418082025135, "mean": 0.543801605701, "min": -1, "median": 0.551220715046, "dvar2": 0.000711682951078, "var": 0.0224299039692, "dmean2": 0.00997182168067, "max": 0.8136048913, "dmean": 0.00904119759798}, "tuning_equal_tempered_deviation": 0.0886877700686, "chords_key": "E", "tuning_frequency": 443.828887939, "chords_scale": "major", "chords_changes_rate": 0.0468413494527, "key_scale": "major", "tuning_diatonic_strength": 0.553903520107, "hpcp_entropy": {"dvar": 0.238522931933, "mean": 2.55651926994, "min": 0, "median": 2.63783764839, "dvar2": 0.669382512569, "var": 0.558562755585, "dmean2": 1.011064291, "max": 4.5374121666, "dmean": 0.601505160332}, "chords_histogram": [43.7185935974, 1.18449389935, 5.97631025314, 0.61019384861, 0, 0.125628143549, 0, 0.376884430647, 0.771715700626, 0.35893753171, 1.54343140125, 0.843503236771, 0.753768861294, 2.18951892853, 0, 1.47164392471, 0.035893753171, 15.5419960022, 12.3115577698, 7.69921016693, 2.81765961647, 0, 1.65111267567, 0.0179468765855], "tuning_nontempered_energy_ratio": 0.761116623878, "key_key": "E"}, "metadata": {"version": {"extractor": "music 1.0", "essentia_build_sha": "70f2e5ece6736b2c40cc944ad0e695b16b925413", "essentia": "2.1-beta2", "essentia_git_sha": "v2.1_beta2"}, "audio_properties": {"sample_rate": 44100, "length": 258.693328857, "lossless": true, "analysis_sample_rate": 44100, "downmix": "mix", "bit_rate": 0, "equal_loudness": 0, "md5_encoded": "39acb762ce4b7792926a5eec936ca067", "codec": "flac", "replay_gain": -7.30567741394}, "tags": {"disctotal": ["1"], "genre": ["Male Vocal; Neo-Folk; Rock"], "catalognumber": ["HR!92"], "releasecountry": ["AT"], "musicbrainz_recordingid": ["a229399c-6502-47c5-b20e-10f63ed255ca"], "language": ["eng"], "title": ["Corruption Is the Currency"], "musicbrainz_releasetrackid": ["f0993661-eaea-3650-8af8-04d315e8639a"], "discnumber": ["1"], "artistsort": ["Wolfkind, Bain"], "releasetype": ["album"], "originaldate": ["2008"], "musicbrainz_artistid": ["27d3ba79-e995-4a20-9ee1-18292cbc7a37"], "composer": ["Bain Wolfkind"], "tracknumber": ["1"], "musicbrainz_albumartistid": ["27d3ba79-e995-4a20-9ee1-18292cbc7a37"], "totaltracks": ["15"], "barcode": ["4038846310928"], "tracktotal": ["15"], "date": ["2008"], "acoustid_id": ["2b96309c-e715-431c-b5dc-7fc40320dd41"], "albumartistsort": ["Wolfkind, Bain"], "musicbrainz_releasegroupid": ["bc53079a-a630-44c4-9413-1e0f401875f2"], "media": ["CD"], "label": ["Hau Ruck!"], "albumartist": ["Bain Wolfkind"], "script": ["Latn"], "musicbrainz_albumid": ["8933a812-d754-41be-b559-46fc5d3c5d02"], "file_name": "01_Corruption_Is_the_Currency.flac", "releasestatus": ["official"], "totaldiscs": ["1"], "album": ["The Swamp Angel"], "artist": ["Bain Wolfkind"]}}, "lowlevel": {"melbands": {"dvar": [2.68985786533e-05, 1.69705290318e-05, 2.7199428132e-06, 4.46325384473e-06, 2.95100960557e-07, 1.13250720801e-07, 7.99624331194e-08, 1.77180922378e-07, 2.24836114171e-08, 1.08104432073e-08, 5.22832133143e-09, 6.954216758e-09, 2.97192115362e-09, 5.32551025501e-09, 3.60484442297e-09, 2.66562061313e-09, 4.4226307061e-09, 7.86269827024e-10, 1.05608377599e-09, 1.12213216497e-09, 6.58088528116e-10, 2.1428592234e-09, 6.18998297064e-10, 2.53418896978e-10, 4.4052847481e-10, 2.47723896951e-10, 1.4165782436e-10, 5.19936316223e-11, 2.18143367953e-11, 7.95501095552e-11, 3.32766800226e-11, 2.39774016614e-11, 5.52417556143e-11, 1.55960119819e-10, 3.11330711211e-10, 2.76074801908e-10, 2.57878718379e-10, 3.11084324967e-10, 7.92650875492e-11, 7.42490964545e-12], "mean": [0.00297173578292, 0.0028007812798, 0.0018627808895, 0.00202468712814, 0.000779044348747, 0.000549426767975, 0.000352036091499, 0.000375744246412, 0.000141826501931, 0.000112014517072, 0.000113775764476, 9.503554611e-05, 6.72440946801e-05, 8.99622318684e-05, 9.0488443675e-05, 7.91707934695e-05, 9.35294956435e-05, 4.73518557556e-05, 5.23502858414e-05, 4.6234094043e-05, 4.1399627662e-05, 5.04134550283e-05, 3.53094255843e-05, 2.23457282118e-05, 1.95885695575e-05, 1.50284658957e-05, 1.12837860797e-05, 9.16606677492e-06, 6.32160845271e-06, 7.47424246583e-06, 5.28070268047e-06, 4.47470074505e-06, 4.88307432533e-06, 6.65646848574e-06, 7.96654603619e-06, 7.06506534698e-06, 6.29746227787e-06, 7.9155088315e-06, 4.86210819872e-06, 2.05107994589e-06], "min": [6.36906178922e-25, 1.71403026955e-24, 1.66087682175e-24, 6.67695074926e-25, 1.87678844594e-24, 1.05571016553e-24, 2.03772750909e-24, 1.82571206891e-24, 2.68736905847e-24, 2.16696836613e-24, 1.95768415962e-24, 1.23198784012e-24, 1.94280072092e-24, 2.09394745644e-24, 2.62547483463e-24, 2.66575308637e-24, 2.40327086143e-24, 2.55403480219e-24, 2.99394722751e-24, 2.71443487612e-24, 3.07979245172e-24, 2.48720980326e-24, 2.57906989466e-24, 3.99955634391e-24, 3.52056118555e-24, 3.63066368538e-24, 5.39563543674e-24, 4.13141326092e-24, 5.08961854224e-24, 5.15351864214e-24, 5.10430476571e-24, 5.88667452897e-24, 5.61417870091e-24, 6.23117245287e-24, 4.92577647096e-24, 6.22120953406e-24, 5.82779631759e-24, 6.12752125751e-24, 6.39613352334e-24, 6.13905755939e-24], "median": [0.000719528528862, 0.00156839634292, 0.00135424197651, 0.00122653937433, 0.000493568077218, 0.00025493078283, 0.000245237140916, 0.000240264169406, 9.12463001441e-05, 7.14425987098e-05, 8.17037798697e-05, 6.333951751e-05, 4.35711626778e-05, 5.8427816839e-05, 6.13503798377e-05, 5.24388378835e-05, 6.01161409577e-05, 3.46852975781e-05, 3.83541992051e-05, 3.12236443278e-05, 3.00603715004e-05, 2.86362665065e-05, 2.22180515266e-05, 1.51291624206e-05, 1.20719323604e-05, 8.59558531374e-06, 6.62698357701e-06, 5.58233477932e-06, 4.21696040576e-06, 3.5787638808e-06, 2.85435498881e-06, 2.21325171879e-06, 1.7112002979e-06, 1.71857709574e-06, 1.43348825077e-06, 8.36918275127e-07, 7.60394414101e-07, 1.13466649054e-06, 7.15229418802e-07, 4.17110868511e-07], "dvar2": [4.90249003633e-05, 4.34615249105e-05, 7.40891482565e-06, 1.1315237316e-05, 8.0245956724e-07, 2.89760578198e-07, 2.11507583003e-07, 4.86990018089e-07, 6.32800478684e-08, 2.71465694368e-08, 1.35503421816e-08, 1.77516685795e-08, 7.75333841574e-09, 1.29947217431e-08, 9.01102570339e-09, 7.03318381312e-09, 1.21879750736e-08, 2.05078620752e-09, 2.77180145503e-09, 2.84381806992e-09, 1.66821678693e-09, 5.70374192321e-09, 1.62991753427e-09, 6.45656805798e-10, 1.09413611504e-09, 5.28316779214e-10, 3.70690006468e-10, 1.25279134289e-10, 5.40318519093e-11, 1.6158614724e-10, 7.40291924983e-11, 5.15180363647e-11, 1.05876266088e-10, 3.14660741907e-10, 5.93800397741e-10, 4.41880032565e-10, 5.29186139353e-10, 7.47633122078e-10, 1.79470022177e-10, 1.68473325568e-11], "var": [4.53985012427e-05, 1.80051483767e-05, 3.4121749195e-06, 6.26073233434e-06, 7.6592783671e-07, 1.2455260503e-06, 1.30931098852e-07, 2.10180147064e-07, 3.32201075537e-08, 2.52159590985e-08, 1.30326478498e-08, 1.64056235263e-08, 6.68997257591e-09, 1.2901751667e-08, 9.64344604171e-09, 6.85552858926e-09, 1.17294662871e-08, 2.27071206282e-09, 2.3856949749e-09, 2.56952148447e-09, 1.68965064162e-09, 5.10759079475e-09, 2.20336748846e-09, 6.8633487782e-10, 1.28661781229e-09, 5.80230030689e-10, 3.54580587114e-10, 1.33825228676e-10, 5.39238202701e-11, 2.87928847431e-10, 8.57978063595e-11, 5.45210057656e-11, 1.45639930671e-10, 3.48121531601e-10, 8.24407375699e-10, 9.01968388867e-10, 5.66402702518e-10, 4.4902198626e-10, 1.56124654871e-10, 1.78248266841e-11], "dmean2": [0.00347806117497, 0.00357691245154, 0.0018751041498, 0.00207261811011, 0.00062895717565, 0.000355865980964, 0.00035402958747, 0.00044047794654, 0.000139713432873, 9.21659229789e-05, 9.11606039153e-05, 8.07656469988e-05, 6.10041570326e-05, 7.96607127995e-05, 6.99794254615e-05, 6.18026679149e-05, 7.65427830629e-05, 3.61245583917e-05, 4.14434689446e-05, 3.57530298061e-05, 3.17124286084e-05, 4.20123833464e-05, 2.61011919065e-05, 1.67182861333e-05, 1.57037393365e-05, 1.24586376842e-05, 9.30190799409e-06, 7.04480498825e-06, 4.80546350445e-06, 5.48701655134e-06, 4.12629469793e-06, 3.62422429134e-06, 3.88425496567e-06, 5.91247089687e-06, 6.61123067403e-06, 5.36953621122e-06, 5.39253596799e-06, 7.3827450251e-06, 4.01434726882e-06, 1.67110204075e-06], "max": [0.0554125607014, 0.0454439371824, 0.0294887851924, 0.0276337750256, 0.00792163889855, 0.0125369755551, 0.00467998720706, 0.00861491635442, 0.00615874445066, 0.00410204427317, 0.0015181544004, 0.00222914037295, 0.00145379232708, 0.00304475869052, 0.00140496424865, 0.000982434954494, 0.00168833322823, 0.000650617119391, 0.000754258711822, 0.000781933369581, 0.000766927259974, 0.00121253798716, 0.000956526433583, 0.000427020393545, 0.00118746969383, 0.000783636525739, 0.000384999177186, 0.000242237656494, 0.000130870001158, 0.000457798480056, 0.000396420888137, 0.000146825113916, 0.000259752647253, 0.000574095640332, 0.000774019863456, 0.000627026427537, 0.000684735830873, 0.000495653890539, 0.000243248898187, 5.50154582015e-05], "dmean": [0.0022507107351, 0.00211982149631, 0.00111126038246, 0.00127435335889, 0.0003812793002, 0.000217929540668, 0.000210029771551, 0.00025946056121, 8.28571792226e-05, 5.68100040255e-05, 5.60312910238e-05, 4.88414189022e-05, 3.71269852621e-05, 4.86509743496e-05, 4.31907137681e-05, 3.76684620278e-05, 4.62752796011e-05, 2.18469867832e-05, 2.49771655945e-05, 2.1778876544e-05, 1.93183659576e-05, 2.53451489698e-05, 1.59862647706e-05, 1.02365447674e-05, 9.58034343057e-06, 7.74084583099e-06, 5.6144294831e-06, 4.37305698142e-06, 2.98008308164e-06, 3.59752402801e-06, 2.75017828244e-06, 2.41216685026e-06, 2.70867553809e-06, 4.04308002544e-06, 4.71776047561e-06, 4.0974600779e-06, 3.87447607864e-06, 4.94908863402e-06, 2.69849851975e-06, 1.12150144105e-06]}, "spectral_decrease": {"dvar": 2.89612773852e-17, "mean": -1.05197406342e-08, "min": -5.62130892945e-08, "median": -8.83400375074e-09, "dvar2": 6.60331599382e-17, "var": 4.8607273537e-17, "dmean2": 6.32993435445e-09, "max": 2.15557999763e-28, "dmean": 3.85571352624e-09}, "spectral_rolloff": {"dvar": 1604950.25, "mean": 2042.36547852, "min": 21.533203125, "median": 1356.59179688, "dvar2": 3080399, "var": 6358606.5, "dmean2": 1175.04248047, "max": 19724.4140625, "dmean": 728.66192627}, "melbands_crest": {"dvar": 11.8159637451, "mean": 14.0582914352, "min": 1.59175682068, "median": 12.8066921234, "dvar2": 24.1769657135, "var": 34.1049613953, "dmean2": 5.8693189621, "max": 37.8984947205, "dmean": 3.71750378609}, "barkbands_skewness": {"dvar": 0.595015883446, "mean": 1.64659130573, "min": -2.15893435478, "median": 1.42671704292, "dvar2": 1.19877302647, "var": 1.74088263512, "dmean2": 0.874887168407, "max": 34.6968269348, "dmean": 0.567413508892}, "spectral_centroid": {"dvar": 71898.9296875, "mean": 1460.74536133, "min": 61.845916748, "median": 1316.57202148, "dvar2": 158879.5, "var": 1063872.875, "dmean2": 379.0128479, "max": 11768.8203125, "dmean": 245.036849976}, "spectral_energyband_middle_low": {"dvar": 0.000122263387311, "mean": 0.0186428129673, "min": 1.65348880805e-22, "median": 0.0153661202639, "dvar2": 0.000321709667332, "var": 0.000191611296032, "dmean2": 0.0122978333384, "max": 0.164189755917, "dmean": 0.00754030654207}, "erbbands_crest": {"dvar": 3.27613377571, "mean": 6.72198104858, "min": 1.96011316776, "median": 5.95522117615, "dvar2": 8.83327293396, "var": 9.07718372345, "dmean2": 3.12618350983, "max": 26.5752716064, "dmean": 1.8844486475}, "dynamic_complexity": 2.08712220192, "spectral_energyband_low": {"dvar": 0.000371238333173, "mean": 0.017020387575, "min": 1.32633866122e-23, "median": 0.00905809178948, "dvar2": 0.000784037983976, "var": 0.000634906988125, "dmean2": 0.0171856600791, "max": 0.213419482112, "dmean": 0.0105001730844}, "silence_rate_60dB": {"dvar": 0.000896698562428, "mean": 0.0382337085903, "min": 0, "median": 0, "dvar2": 0.00179223855957, "var": 0.036771196872, "dmean2": 0.00179533218034, "max": 1, "dmean": 0.000897585472558}, "erbbands_kurtosis": {"dvar": 4.52534198761, "mean": -0.27227807045, "min": -1.76827728748, "median": -0.480050325394, "dvar2": 12.2674636841, "var": 3.81825709343, "dmean2": 0.844804406166, "max": 168.277435303, "dmean": 0.524775147438}, "spectral_complexity": {"dvar": 11.6810216904, "mean": 28.3630409241, "min": 0, "median": 29, "dvar2": 28.1118202209, "var": 76.6407318115, "dmean2": 5.81633758545, "max": 53, "dmean": 3.66358494759}, "barkbands_crest": {"dvar": 8.97529506683, "mean": 9.74719810486, "min": 2.02673745155, "median": 8.28485965729, "dvar2": 17.3125972748, "var": 24.5168037415, "dmean2": 4.63402271271, "max": 25.9717140198, "dmean": 2.88908791542}, "spectral_energy": {"dvar": 0.000415870279539, "mean": 0.0431125499308, "min": 9.99422072748e-21, "median": 0.037067361176, "dvar2": 0.000951483438257, "var": 0.000704030913766, "dmean2": 0.0242715068161, "max": 0.213619932532, "dmean": 0.0148299140856}, "spectral_spread": {"dvar": 555664932864, "mean": 5505193.5, "min": 1913494.875, "median": 4642777, "dvar2": 886411296768, "var": 13352288911400.0, "dmean2": 745955.1875, "max": 43129232, "dmean": 548572.5}, "spectral_contrast_valleys": {"dvar": [0.135646045208, 0.0840744301677, 0.0645421817899, 0.0533372759819, 0.0596858300269, 0.0887840241194], "mean": [-6.88851118088, -6.45248603821, -7.02837228775, -7.14833068848, -7.24690580368, -9.73671245575], "min": [-28.1366176605, -28.1684207916, -27.7932567596, -27.6826896667, -27.5365657806, -27.3616504669], "median": [-6.57088565826, -6.11758899689, -6.70030641556, -6.8223323822, -6.92288303375, -9.50262451172], "dvar2": [0.328218251467, 0.200528085232, 0.142070829868, 0.109431058168, 0.115136787295, 0.129224061966], "var": [4.50589609146, 4.68860912323, 4.53574705124, 4.49047708511, 4.37756633759, 3.98772883415], "dmean2": [0.706468999386, 0.537836194038, 0.441872119904, 0.358468949795, 0.295856714249, 0.331817775965], "max": [-5.1637005806, -4.66847419739, -5.19786643982, -5.70016479492, -5.71513414383, -7.17915630341], "dmean": [0.429802209139, 0.320788472891, 0.263821363449, 0.216572120786, 0.186244741082, 0.259872406721]}, "spectral_rms": {"dvar": 1.40621227729e-06, "mean": 0.0061781979166, "min": 3.12257251306e-12, "median": 0.00601359084249, "dvar2": 3.10612290377e-06, "var": 3.89085244024e-06, "dmean2": 0.00164638552815, "max": 0.0144364014268, "dmean": 0.00102058192715}, "barkbands_spread": {"dvar": 67.1134567261, "mean": 29.300611496, "min": 0.0730378553271, "median": 25.4081249237, "dvar2": 125.301040649, "var": 313.098083496, "dmean2": 10.5087890625, "max": 108.083137512, "dmean": 6.99613189697}, "pitch_salience": {"dvar": 0.00625271862373, "mean": 0.599510133266, "min": 0.0256095845252, "median": 0.630540132523, "dvar2": 0.0125474119559, "var": 0.0182283595204, "dmean2": 0.125166773796, "max": 0.855831384659, "dmean": 0.0775191783905}, "erbbands_skewness": {"dvar": 0.0690954327583, "mean": -0.0527155436575, "min": -4.39675998688, "median": -0.0627340227365, "dvar2": 0.157253682613, "var": 0.354523122311, "dmean2": 0.420406609774, "max": 11.7546806335, "dmean": 0.2704449296}, "spectral_energyband_middle_high": {"dvar": 3.07035065816e-06, "mean": 0.00685188779607, "min": 1.20147388226e-21, "median": 0.00620852317661, "dvar2": 7.52528649173e-06, "var": 1.56369060278e-05, "dmean2": 0.00252886442468, "max": 0.0327582657337, "dmean": 0.00161419098731}, "erbbands": {"dvar": [0.472620695829, 17.2415828705, 57.0669021606, 61.4075202942, 686.738830566, 673.349731445, 187.310058594, 242.514312744, 278.9581604, 2004.93188477, 349.07522583, 292.466400146, 200.27507019, 392.206756592, 201.034606934, 1087.32128906, 362.609313965, 1262.17089844, 288.535980225, 621.39074707, 429.979980469, 1423.16992188, 485.525268555, 434.641601562, 230.69644165, 110.352478027, 57.3351135254, 83.5064926147, 71.8867263794, 343.99130249, 761.453308105, 580.929748535, 390.725036621, 21.6888256073, 2.10782504082, 0.32480353117, 0.0418561920524, 0.0069980090484, 0.000940710538998, 6.00520752414e-06], "mean": [0.326270520687, 2.33268022537, 4.83240747452, 8.79000282288, 21.5747680664, 29.2265777588, 18.1758346558, 24.6339797974, 21.3602619171, 38.7654495239, 18.7241153717, 18.3279018402, 22.7209625244, 23.0315551758, 19.3832454681, 42.5769767761, 32.7607269287, 50.833770752, 31.8988323212, 36.7397499084, 37.7845916748, 46.2627372742, 32.4573669434, 24.1937637329, 18.4821853638, 14.6829576492, 11.1432380676, 10.0098114014, 8.15496826172, 11.1285982132, 13.546746254, 10.7494688034, 10.051440239, 3.33704996109, 1.17196846008, 0.451764285564, 0.144843772054, 0.0661311820149, 0.0259111225605, 0.00261515961029], "min": [5.5226896108e-23, 2.43868258292e-22, 2.13643748168e-21, 8.35222843747e-21, 1.20982135844e-20, 1.73496464436e-20, 3.76795761667e-20, 5.4293576318e-20, 1.47709732456e-19, 2.1185013141e-19, 3.30542096559e-19, 3.77227963537e-19, 4.08928368043e-19, 3.93940243084e-19, 7.30661508066e-19, 9.59367589957e-19, 1.32949162299e-18, 1.67816748314e-18, 2.16720824181e-18, 2.35931473522e-18, 2.56352412176e-18, 3.73824177354e-18, 5.8637419145e-18, 5.60075472799e-18, 6.64889678886e-18, 8.20991895364e-18, 8.82908928474e-18, 9.49359573084e-18, 1.15031797438e-17, 1.15573683458e-17, 1.03707918191e-17, 1.17811215286e-17, 1.05977412279e-17, 8.42349864216e-18, 6.20100330258e-18, 4.63816919866e-18, 2.30194562383e-18, 9.42664331847e-19, 2.68598779786e-19, 2.84250956293e-20], "median": [0.0576768070459, 0.787623167038, 2.94987130165, 6.15204048157, 12.6184358597, 17.8740139008, 10.7862520218, 11.2931938171, 14.7507534027, 24.5167751312, 12.5505371094, 11.7138690948, 16.3711471558, 15.5630550385, 13.4266834259, 28.2202796936, 23.4134922028, 33.546585083, 24.7561454773, 25.4896678925, 28.6899471283, 28.7808799744, 22.6030921936, 16.1121349335, 11.5574874878, 9.16290855408, 7.10484695435, 5.44298887253, 3.92970228195, 3.12235546112, 2.30032968521, 1.45530581474, 1.51201224327, 0.59874522686, 0.260198682547, 0.11874140054, 0.0399399548769, 0.0164335109293, 0.0061985431239, 0.00082004716387], "dvar2": [0.838647842407, 41.8261375427, 155.233383179, 169.022003174, 1764.94824219, 1803.05273438, 508.422180176, 630.823547363, 742.649291992, 5526.75, 970.612487793, 748.452575684, 517.304870605, 1003.71740723, 517.345031738, 2715.15429688, 882.959228516, 3488.64916992, 736.336914062, 1575.8963623, 1086.99414062, 3735.2043457, 1272.61450195, 1083.99450684, 526.067626953, 272.789733887, 132.073120117, 170.462493896, 139.221389771, 648.643798828, 1321.76062012, 1082.27636719, 903.698303223, 47.4078102112, 4.50854063034, 0.571458399296, 0.0761259794235, 0.0144886355847, 0.0020497913938, 1.10072387542e-05], "var": [0.72288697958, 21.7777633667, 48.1601333618, 79.638923645, 817.107543945, 1100.46057129, 588.681762695, 2569.63012695, 483.394134521, 2295.93334961, 507.657012939, 658.218200684, 509.061401367, 928.484924316, 486.24987793, 2574.44897461, 1071.91516113, 3227.31323242, 786.74041748, 1443.96850586, 1158.53625488, 3578.25708008, 1624.08056641, 1310.42077637, 652.24041748, 324.476135254, 182.026153564, 263.446990967, 198.421310425, 877.132202148, 2360.83764648, 1595.50793457, 654.483276367, 51.7349624634, 5.66583490372, 1.19638454914, 0.122617200017, 0.0178630743176, 0.00344999949448, 2.94421006402e-05], "dmean2": [0.395582020283, 3.23064136505, 6.57214069366, 9.13507843018, 24.9909725189, 28.8023166656, 14.4921331406, 15.9895181656, 20.6424293518, 46.6044540405, 17.7689743042, 14.8214588165, 17.7123088837, 18.9865512848, 15.0556087494, 36.5414581299, 22.2543697357, 39.9368858337, 22.1690216064, 26.7841148376, 26.8585414886, 35.0005683899, 22.901348114, 16.9673652649, 13.3527183533, 10.2194976807, 7.37154531479, 6.89812755585, 5.82063007355, 8.958776474, 10.2831707001, 8.16047382355, 8.5243806839, 2.51690912247, 0.895102202892, 0.348182141781, 0.110337123275, 0.0500892773271, 0.0179032292217, 0.00156818062533], "max": [7.95737981796, 51.0143356323, 103.737457275, 124.218803406, 326.412353516, 309.887542725, 257.458099365, 580.32244873, 299.318511963, 816.830322266, 729.95501709, 599.399902344, 298.900848389, 533.513671875, 408.21887207, 1015.62854004, 480.65914917, 930.224304199, 372.442626953, 563.334716797, 628.210510254, 1018.92767334, 777.575866699, 1129.15637207, 622.447387695, 439.31539917, 223.483963013, 577.161560059, 271.546661377, 854.823425293, 1182.77429199, 1058.79724121, 497.240203857, 101.608947754, 40.1458854675, 32.3281555176, 9.84832000732, 1.36759400368, 0.627185583115, 0.0610006563365], "dmean": [0.280707359314, 1.91978549957, 3.84095907211, 5.37608194351, 15.0414609909, 17.6546859741, 8.72581577301, 9.77607822418, 12.2803106308, 27.3718585968, 10.5818824768, 9.13965129852, 10.8879079819, 11.4828948975, 9.24898529053, 22.3390960693, 13.7890872955, 24.1778507233, 13.4762601852, 16.3122444153, 16.3814411163, 21.2408409119, 13.9621543884, 10.4447374344, 8.28881835938, 6.37511301041, 4.72262001038, 4.66621303558, 4.04819107056, 6.31340122223, 7.63411903381, 6.13107013702, 5.87980031967, 1.73232901096, 0.610044658184, 0.244934365153, 0.0830340012908, 0.0358216613531, 0.0127847269177, 0.00116705789696]}, "dissonance": {"dvar": 9.06382192625e-05, "mean": 0.478680670261, "min": 0.379236668348, "median": 0.481080234051, "dvar2": 0.000258568557911, "var": 0.000169470746187, "dmean2": 0.0185634698719, "max": 0.500000119209, "dmean": 0.0108778337017}, "erbbands_flatness_db": {"dvar": 0.000121497396322, "mean": 0.111692108214, "min": 0.0251327250153, "median": 0.111475095153, "dvar2": 0.000235787578276, "var": 0.000954939285293, "dmean2": 0.017317885533, "max": 0.352505832911, "dmean": 0.0121126547456}, "melbands_kurtosis": {"dvar": 379.206298828, "mean": 15.4450378418, "min": -1.60299253464, "median": 8.83676433563, "dvar2": 844.226196289, "var": 638.016418457, "dmean2": 12.9703321457, "max": 1182.65405273, "dmean": 8.21376419067}, "melbands_spread": {"dvar": 113.280235291, "mean": 27.0899124146, "min": 0.128014162183, "median": 22.13073349, "dvar2": 226.70350647, "var": 495.969787598, "dmean2": 12.7232646942, "max": 229.79234314, "dmean": 8.27748775482}, "melbands_skewness": {"dvar": 0.919605255127, "mean": 3.06839537621, "min": -0.283999115229, "median": 2.72708082199, "dvar2": 1.75021576881, "var": 2.78512120247, "dmean2": 1.22124159336, "max": 25.4815044403, "dmean": 0.789486289024}, "spectral_entropy": {"dvar": 0.0147856185213, "mean": 7.83894634247, "min": 4.56398391724, "median": 7.79641437531, "dvar2": 0.0297706816345, "var": 0.141200721264, "dmean2": 0.176750868559, "max": 9.81673145294, "dmean": 0.120943106711}, "zerocrossingrate": {"dvar": 0.000259083491983, "mean": 0.0806533545256, "min": 0.001953125, "median": 0.06298828125, "dvar2": 0.000261922628852, "var": 0.00380178913474, "dmean2": 0.0157371647656, "max": 0.53076171875, "dmean": 0.0143580371514}, "average_loudness": 0.953185498714, "spectral_contrast_coeffs": {"dvar": [0.00224349251948, 0.00135922327172, 0.000658984412439, 0.000406859326176, 0.000241442350671, 0.000216785847442], "mean": [-0.621927142143, -0.756615936756, -0.800313651562, -0.797305166721, -0.791500151157, -0.76823335886], "min": [-0.977918028831, -0.978617966175, -0.979773521423, -0.97442984581, -0.96734470129, -0.963991522789], "median": [-0.620854616165, -0.760753691196, -0.800909042358, -0.797436714172, -0.795000433922, -0.769631683826], "dvar2": [0.00558529840782, 0.0039595621638, 0.00186937488616, 0.00116233353037, 0.000624301435892, 0.000503615709022], "var": [0.00844254996628, 0.00434282748029, 0.00198376597837, 0.00161034159828, 0.00170241785236, 0.00199796515517], "dmean2": [0.0946817025542, 0.0784971490502, 0.055400647223, 0.0444155596197, 0.0318315401673, 0.026294901967], "max": [-0.316430211067, -0.456683307886, -0.58197003603, -0.647487878799, -0.599013924599, -0.602596879005], "dmean": [0.0595206283033, 0.0463953465223, 0.0328420512378, 0.0262332893908, 0.0193181019276, 0.0170140806586]}, "barkbands_flatness_db": {"dvar": 0.000500232039485, "mean": 0.0949395149946, "min": 0.013642469421, "median": 0.0857064649463, "dvar2": 0.000995887094177, "var": 0.00210969150066, "dmean2": 0.0317428484559, "max": 0.667940080166, "dmean": 0.020207228139}, "silence_rate_30dB": {"dvar": 0.0347836911678, "mean": 0.962394535542, "min": 0, "median": 1, "dvar2": 0.074855774641, "var": 0.0361882261932, "dmean2": 0.0721723511815, "max": 1, "dmean": 0.0360829383135}, "spectral_energyband_high": {"dvar": 3.97593657908e-06, "mean": 0.00215830956586, "min": 6.75661319172e-21, "median": 0.000837909639813, "dvar2": 6.63959235681e-06, "var": 1.4644154362e-05, "dmean2": 0.00119198020548, "max": 0.0526927225292, "dmean": 0.000910439004656}, "melbands_flatness_db": {"dvar": 0.000810798665043, "mean": 0.177945896983, "min": 0.00342888548039, "median": 0.171131774783, "dvar2": 0.00157384062186, "var": 0.00376577791758, "dmean2": 0.0417712107301, "max": 0.809570431709, "dmean": 0.027193358168}, "barkbands": {"dvar": [1.39624205531e-06, 0.000318223726936, 3.81247555197e-05, 1.33533221742e-05, 6.73930771882e-05, 3.17122589877e-06, 4.15607200921e-06, 9.1139605729e-07, 4.89244825985e-07, 3.05492136476e-07, 1.70125915133e-07, 4.9361034371e-07, 1.78679513851e-07, 4.19482233838e-07, 1.44470831742e-07, 1.95961561644e-07, 3.44123122886e-07, 1.30908816232e-07, 1.35252932409e-07, 5.36788462568e-08, 5.07071078459e-08, 7.94699275275e-08, 7.55330859192e-07, 1.07002392724e-06, 8.07651545642e-08, 1.18360805601e-08, 3.26542348716e-08], "mean": [0.000678043579683, 0.0108261061832, 0.00406852131709, 0.00359132350422, 0.00811086408794, 0.0028030469548, 0.0021837411914, 0.000926729524508, 0.000805956311524, 0.000764967582654, 0.000488026707899, 0.000929460278712, 0.000623504514806, 0.000922630599234, 0.000644789310172, 0.000686171639245, 0.000761530187447, 0.000526101852302, 0.000431437743828, 0.000300762563711, 0.000273719168035, 0.000244917901, 0.000458791851997, 0.000563085603062, 0.000224072427955, 8.70976218721e-05, 0.000175655150088], "min": [3.81406950711e-25, 5.39225871764e-25, 9.37776249059e-25, 4.42281029488e-25, 7.84070941805e-24, 4.11686784912e-24, 5.55116133636e-24, 1.01414695798e-23, 1.44827715119e-23, 1.39345699807e-23, 1.0583377626e-23, 1.91741604474e-23, 2.68819278702e-23, 3.65005625301e-23, 3.58659397091e-23, 3.15920427859e-23, 5.71999508279e-23, 1.11518741816e-22, 1.15234099975e-22, 1.67412250633e-22, 2.30767108813e-22, 3.66893754412e-22, 3.61121236339e-22, 6.24608553696e-22, 8.11099411632e-22, 1.32671288421e-21, 2.00310287357e-21], "median": [0.000271000986686, 0.00307809608057, 0.0025456729345, 0.00220577581786, 0.00495088193566, 0.00124680902809, 0.00151209929027, 0.000594812037889, 0.000525186711457, 0.000529788201675, 0.000309304217808, 0.000619022524916, 0.000409053493058, 0.000595810241066, 0.000480655231513, 0.000486035743961, 0.000465129589429, 0.000360069301678, 0.000267550291028, 0.000189421596588, 0.000157217436936, 0.00010570694576, 8.76808626344e-05, 8.79126455402e-05, 4.4645552407e-05, 2.41498637479e-05, 5.03651681356e-05], "dvar2": [3.26063650391e-06, 0.00065579864895, 0.000107677966298, 3.69221052097e-05, 0.00017186657351, 8.00415091362e-06, 1.125669678e-05, 2.50008611147e-06, 1.27655312099e-06, 7.75860939939e-07, 4.4196352178e-07, 1.22837013805e-06, 4.42107136678e-07, 1.15550164992e-06, 3.77236688109e-07, 4.9222984444e-07, 9.03434340671e-07, 3.44428173094e-07, 3.18671311561e-07, 1.36877716272e-07, 1.06004712563e-07, 1.51098987544e-07, 1.29325030684e-06, 2.19453272621e-06, 1.74681929366e-07, 1.98911038751e-08, 6.16055331193e-08], "var": [1.59993373927e-06, 0.000511067220941, 3.04956211039e-05, 1.90700102394e-05, 9.48435190367e-05, 3.31979281327e-05, 5.38519861948e-06, 1.30005537358e-06, 1.14193210266e-06, 7.49714160975e-07, 3.76845861183e-07, 1.20743698062e-06, 4.7368573064e-07, 1.17019158097e-06, 3.44018843634e-07, 4.75597488503e-07, 9.08344873096e-07, 4.56671159554e-07, 3.92570115082e-07, 1.50630427243e-07, 1.71236322899e-07, 2.23609887939e-07, 2.33978471442e-06, 2.37260042013e-06, 2.08848774719e-07, 4.25535837678e-08, 1.37418481927e-07], "dmean2": [0.00112642534077, 0.0133112305775, 0.00569717818871, 0.00403563817963, 0.00822695251554, 0.00187653582543, 0.002403548453, 0.000973380694631, 0.000674018112477, 0.000638248457108, 0.000461593474029, 0.000792677339632, 0.000496363965794, 0.000741621304769, 0.00050463801017, 0.00052400311688, 0.000582536973525, 0.000382394966437, 0.000323615648085, 0.000216455053305, 0.000180463815923, 0.000177511392394, 0.000348678033333, 0.00045222841436, 0.000167389895068, 6.41147562419e-05, 0.000108962070954], "max": [0.0335064046085, 0.205484390259, 0.101845085621, 0.0746731162071, 0.107203938067, 0.0634891912341, 0.029779266566, 0.0250207595527, 0.021862719208, 0.0138013800606, 0.00976429414004, 0.020487871021, 0.00878973398358, 0.0165823958814, 0.00759902317077, 0.00906175840646, 0.0146996742114, 0.0131715433672, 0.0157877989113, 0.00914865080267, 0.0102710854262, 0.00806039571762, 0.0344873480499, 0.0420080423355, 0.00690560415387, 0.00539990561083, 0.00389894703403], "dmean": [0.000675156072248, 0.0081504797563, 0.00329521438107, 0.00236789998598, 0.00506306160241, 0.00114323291928, 0.00141197431367, 0.000580390624236, 0.000411168439314, 0.000392294750782, 0.000278899533441, 0.000486595701659, 0.000303547160001, 0.000449467886938, 0.000306152331177, 0.000320275459671, 0.000356014206773, 0.000233918239246, 0.000200062306249, 0.00013389531523, 0.000119875636301, 0.000123981051729, 0.000256726227235, 0.000321562431054, 0.000115252449177, 4.72360261483e-05, 8.15807579784e-05]}, "erbbands_spread": {"dvar": 68.3442077637, "mean": 47.4360809326, "min": 2.64639759064, "median": 43.2952079773, "dvar2": 131.141952515, "var": 349.75869751, "dmean2": 11.7622976303, "max": 140.385421753, "dmean": 7.92187690735}, "barkbands_kurtosis": {"dvar": 341.999511719, "mean": 4.40427207947, "min": -1.88549458981, "median": 1.35459446907, "dvar2": 686.046020508, "var": 493.952301025, "dmean2": 5.20891475677, "max": 1463.47668457, "dmean": 3.21652603149}, "spectral_flux": {"dvar": 0.00158532313071, "mean": 0.111128978431, "min": 6.42061057099e-11, "median": 0.101500406861, "dvar2": 0.00413158303127, "var": 0.00259599485435, "dmean2": 0.0525133572519, "max": 0.370733439922, "dmean": 0.0317346118391}, "silence_rate_20dB": {"dvar": 0, "mean": 1, "min": 1, "median": 1, "dvar2": 0, "var": 0, "dmean2": 0, "max": 1, "dmean": 0}, "gfcc": {"cov": [[24168.1914062, 388.895355225, -1452.61547852, 130.667678833, -719.757568359, 117.370132446, -494.303283691, -228.353561401, -196.168884277, -204.042755127, -52.4563331604, -172.677597046, -169.552246094], [388.895355225, 1150.05737305, -396.614135742, -14.985212326, 224.077636719, -144.227920532, 78.7039260864, -3.345941782, 1.43223750591, 65.0277862549, -31.1887283325, 54.3200187683, 27.245677948], [-1452.61547852, -396.614135742, 537.132202148, 17.1238555908, -45.6042480469, 111.881271362, -31.4870586395, 48.6330375671, 15.6318750381, 1.65794789791, 34.1594543457, -3.54661774635, 18.4561843872], [130.667678833, -14.985212326, 17.1238555908, 185.994934082, 25.0066566467, 26.2059345245, 45.3763694763, 0.16304397583, 21.9279937744, 13.9986162186, 5.86616802216, 11.3727140427, -3.40146970749], [-719.757568359, 224.077636719, -45.6042480469, 25.0066566467, 204.943984985, -17.7841854095, 83.159286499, 35.7933349609, 27.3137950897, 45.7926559448, 5.10671854019, 20.7287712097, 16.9524497986], [117.370132446, -144.227920532, 111.881271362, 26.2059345245, -17.7841854095, 139.179504395, 4.51804208755, 50.5225639343, 20.117898941, 12.2834978104, 23.3785381317, 5.80190181732, -6.59298086166], [-494.303283691, 78.7039260864, -31.4870586395, 45.3763694763, 83.159286499, 4.51804208755, 171.706771851, 31.7652187347, 45.7393569946, 37.6150093079, 1.31939709187, 25.412569046, -0.32806250453], [-228.353561401, -3.345941782, 48.6330375671, 0.16304397583, 35.7933349609, 50.5225639343, 31.7652187347, 108.058059692, 28.6741714478, 35.8999023438, 21.5992050171, 17.1902446747, 0.452181965113], [-196.168884277, 1.43223750591, 15.6318750381, 21.9279937744, 27.3137950897, 20.117898941, 45.7393569946, 28.6741714478, 87.7132110596, 31.2329044342, 19.4831809998, 18.420135498, 4.29684877396], [-204.042755127, 65.0277862549, 1.65794789791, 13.9986162186, 45.7926559448, 12.2834978104, 37.6150093079, 35.8999023438, 31.2329044342, 83.2916412354, 20.6250953674, 29.8595046997, -1.16959226131], [-52.4563331604, -31.1887283325, 34.1594543457, 5.86616802216, 5.10671854019, 23.3785381317, 1.31939709187, 21.5992050171, 19.4831809998, 20.6250953674, 66.9204483032, 14.5068845749, 15.3150835037], [-172.677597046, 54.3200187683, -3.54661774635, 11.3727140427, 20.7287712097, 5.80190181732, 25.412569046, 17.1902446747, 18.420135498, 29.8595046997, 14.5068845749, 68.7200088501, 9.27661800385], [-169.552246094, 27.245677948, 18.4561843872, -3.40146970749, 16.9524497986, -6.59298086166, -0.32806250453, 0.452181965113, 4.29684877396, -1.16959226131, 15.3150835037, 9.27661800385, 56.0231285095]], "mean": [43.2067222595, 70.5867080688, -95.5545654297, 22.550113678, -37.0931472778, 4.46800231934, -34.5255432129, -1.80388092995, -17.8354701996, -4.28022575378, -11.4583778381, -4.09912014008, -11.2711715698], "icov": [[7.15148999006e-05, -4.05028040404e-05, 0.00025442140759, -0.000122936413391, 0.000262664369075, -0.000254754413618, 0.000156677415362, 6.01534975431e-06, 2.2778973289e-05, 2.58777163253e-06, -6.02687832725e-05, 0.000129523366923, 2.95974423352e-05], [-4.05028040404e-05, 0.00167142658029, 0.000806367956102, 0.000170786544913, -0.00152449635789, 0.000863307388499, 0.000175562294316, -0.000176301720785, 0.000253503967542, -0.000709270767402, 0.000679422635585, -0.000851578370202, -0.000704342673998], [0.00025442140759, 0.000806367956102, 0.00383113441058, -0.000533979793545, 0.000547280942556, -0.00214775232598, 0.00110526091885, -0.000590306008235, 9.68466993072e-05, -0.000385675957659, -0.000139113908517, 0.00039875076618, -0.00136730703525], [-0.000122936413391, 0.000170786544913, -0.000533979793545, 0.00635491637513, -0.00104439305142, -0.000981552526355, -0.00164872163441, 0.00163811934181, -0.000684916449245, -0.000202404102311, -6.77550779073e-05, -0.000702604360413, 0.00046744471183], [0.000262664369075, -0.00152449635789, 0.000547280942556, -0.00104439305142, 0.00931622367352, -0.000137571420055, -0.00219090888277, -0.00170468632132, 8.90539304237e-05, -0.00199086521752, -0.000105756567791, 0.00161456409842, -0.00182850984856], [-0.000254754413618, 0.000863307388499, -0.00214775232598, -0.000981552526355, -0.000137571420055, 0.0123132001609, -0.00040966636152, -0.00462926272303, -0.000692444446031, 0.0002835332416, -0.00147773884237, -0.000798175518867, 0.00157791550737], [0.000156677415362, 0.000175562294316, 0.00110526091885, -0.00164872163441, -0.00219090888277, -0.00040966636152, 0.00921260099858, -0.00101287814323, -0.00296849687584, -0.000794119550847, 0.00145510444418, -0.00112063391134, 0.000600330939051], [6.01534975431e-06, -0.000176301720785, -0.000590306008235, 0.00163811934181, -0.00170468632132, -0.00462926272303, -0.00101287814323, 0.01432536