{"lowlevel": {"spectral_strongpeak": {"max": 173.755004883, "dmean": 2.65911221504, "dvar2": 470.838104248, "dmean2": 4.97732114792, "var": 159.35635376, "median": 0.180867776275, "min": 0, "dvar": 175.509857178, "mean": 2.22089982033}, "barkbands_flatness_db": {"max": 0.634158670902, "dmean": 0.0346295237541, "dvar2": 0.00347025226802, "dmean2": 0.0555668435991, "var": 0.00748580414802, "median": 0.158576160669, "min": 0.0280052348971, "dvar": 0.00131056504324, "mean": 0.180003851652}, "barkbands_skewness": {"max": 20.7272205353, "dmean": 0.959604620934, "dvar2": 3.90540409088, "dmean2": 1.53167641163, "var": 7.89281702042, "median": 2.33538126945, "min": -9.19688129425, "dvar": 1.51815748215, "mean": 3.15217089653}, "spectral_energyband_middle_high": {"max": 0.0771108865738, "dmean": 0.00232450664043, "dvar2": 3.70119523723e-05, "dmean2": 0.00376488687471, "var": 0.000135741080157, "median": 0.00155693874694, "min": 1.33281647143e-21, "dvar": 1.37055149025e-05, "mean": 0.00947134103626}, "erbbands_kurtosis": {"max": 66.4607086182, "dmean": 1.36922848225, "dvar2": 21.7886638641, "dmean2": 2.20739030838, "var": 19.601682663, "median": 1.07320559025, "min": -1.86623823643, "dvar": 8.43393611908, "mean": 2.14771652222}, "erbbands_crest": {"max": 30.0359039307, "dmean": 2.18660473824, "dvar2": 11.6414136887, "dmean2": 3.59689688683, "var": 14.1792182922, "median": 7.51971721649, "min": 1.99374687672, "dvar": 4.4916176796, "mean": 8.30534076691}, "dynamic_complexity": 6.61653518677, "barkbands_crest": {"max": 25.5363922119, "dmean": 2.86922621727, "dvar2": 16.5777339935, "dmean2": 4.7301659584, "var": 22.1662330627, "median": 11.4042797089, "min": 2.65932965279, "dvar": 6.32135629654, "mean": 11.4706630707}, "dissonance": {"max": 0.500000119209, "dmean": 0.0166135784239, "dvar2": 0.000970577297267, "dmean2": 0.0276491995901, "var": 0.0011978703551, "median": 0.481386601925, "min": 0.212008461356, "dvar": 0.000374246039428, "mean": 0.468825250864}, "spectral_energyband_low": {"max": 0.373322844505, "dmean": 0.0186612010002, "dvar2": 0.00370657001622, "dmean2": 0.0310425981879, "var": 0.0013289876515, "median": 0.016848180443, "min": 1.04078773738e-23, "dvar": 0.00143684609793, "mean": 0.0266348682344}, "spectral_contrast_coeffs": {"max": [-0.33823120594, -0.460676819086, -0.536810219288, -0.649532318115, -0.612250089645, -0.405555456877], "dmean": [0.0501719713211, 0.0427990294993, 0.0377052500844, 0.0293216761202, 0.0238261260092, 0.043986774981], "dvar2": [0.00424601417035, 0.00328659405932, 0.00250229355879, 0.00150881835725, 0.00112199143041, 0.00387030350976], "dmean2": [0.0839935168624, 0.0719242542982, 0.0628695636988, 0.0491268485785, 0.0396016426384, 0.0707068443298], "var": [0.00500275520608, 0.00427579367533, 0.00381839787588, 0.00251089292578, 0.00253277597949, 0.00566553045064], "median": [-0.734524488449, -0.797700941563, -0.806934952736, -0.814982533455, -0.812470078468, -0.75469481945], "min": [-0.976006627083, -0.979883432388, -0.972852110863, -0.986595392227, -0.970539987087, -0.962798535824], "dvar": [0.00154772901442, 0.00118455197662, 0.000926648033783, 0.000560029002372, 0.000426185375545, 0.00154193502385], "mean": [-0.730573713779, -0.794126868248, -0.808469474316, -0.822260320187, -0.818330049515, -0.751113295555]}, "silence_rate_60dB": {"max": 1, "dmean": 0.00843676459044, "dvar2": 0.0180504638702, "dmean2": 0.0168748982251, "var": 0.0490011014044, "median": 0, "min": 0, "dvar": 0.00836558546871, "mean": 0.0516709946096}, "mfcc": {"icov": [[0.000211435763049, -9.92293917079e-06, 0.00037988187978, 0.000147365091834, 6.07230686001e-05, -5.19578534295e-05, 0.000106210638478, -0.000346557993907, 0.000403261830797, -0.000189042053535, 6.6507077463e-06, -3.6068209738e-05, 3.70333400497e-05], [-9.92293917079e-06, 0.00125042558648, 0.000209413658013, 0.000331087241648, 1.75077439053e-05, 0.000149660350871, -0.000134166533826, 0.000944891537074, -0.00107199896593, 0.000539764936548, -0.000678350334056, -0.000342058367096, 3.19711398333e-05], [0.00037988187978, 0.000209413658013, 0.00186085933819, -0.000307846290525, -0.000767046993133, 0.000946643413045, 0.000243122296524, -0.000261262903223, 0.000735666661058, -0.00122923462186, -0.000713931629434, 0.000241496993112, -0.000210259619053], [0.000147365091834, 0.000331087241648, -0.000307846290525, 0.00321351550519, 0.00107963103801, -0.000560230109841, -5.24392999068e-06, -5.16213331139e-05, 0.00022934966546, -0.00145108357538, 0.000116525261546, 0.000274883437669, -0.000661716680042], [6.07230686001e-05, 1.75077439053e-05, -0.000767046993133, 0.00107963103801, 0.00724758999422, -0.00202125590295, -0.00214659422636, -0.000134817732032, -0.00266969064251, 0.0025698854588, -0.00134716834873, -0.000300650513964, -0.000588879920542], [-5.19578534295e-05, 0.000149660350871, 0.000946643413045, -0.000560230109841, -0.00202125590295, 0.00874048378319, -0.00197048787959, -0.00466276239604, 0.00166237039957, -0.000925419386476, 0.00418196246028, -0.00279039284214, -0.00052237813361], [0.000106210638478, -0.000134166533826, 0.000243122296524, -5.24392999068e-06, -0.00214659422636, -0.00197048787959, 0.00932045280933, -0.000499845074955, -0.00314253475517, 0.00245546642691, -0.000232917183894, 0.0017951389309, -0.00121076137293], [-0.000346557993907, 0.000944891537074, -0.000261262903223, -5.16213331139e-05, -0.000134817732032, -0.00466276239604, -0.000499845074955, 0.0132454168051, -0.00307367416099, -0.00302706216462, -0.00146440148819, 0.00262820487842, -0.0013547167182], [0.000403261830797, -0.00107199896593, 0.000735666661058, 0.00022934966546, -0.00266969064251, 0.00166237039957, -0.00314253475517, -0.00307367416099, 0.0169057864696, -0.00799523107708, 0.00140851631295, -0.00255945674144, 0.00195876159705], [-0.000189042053535, 0.000539764936548, -0.00122923462186, -0.00145108357538, 0.0025698854588, -0.000925419386476, 0.00245546642691, -0.00302706216462, -0.00799523107708, 0.0267811529338, -0.0130792185664, 0.00136686547194, 0.00211220909841], [6.6507077463e-06, -0.000678350334056, -0.000713931629434, 0.000116525261546, -0.00134716834873, 0.00418196246028, -0.000232917183894, -0.00146440148819, 0.00140851631295, -0.0130792185664, 0.0269814003259, -0.0120160477236, 0.00103300448973], [-3.6068209738e-05, -0.000342058367096, 0.000241496993112, 0.000274883437669, -0.000300650513964, -0.00279039284214, 0.0017951389309, 0.00262820487842, -0.00255945674144, 0.00136686547194, -0.0120160477236, 0.0296641904861, -0.0100362636149], [3.70333400497e-05, 3.19711398333e-05, -0.000210259619053, -0.000661716680042, -0.000588879920542, -0.00052237813361, -0.00121076137293, -0.0013547167182, 0.00195876159705, 0.00211220909841, 0.00103300448973, -0.0100362636149, 0.0212531350553]], "cov": [[11764.265625, 225.690994263, -3085.56152344, -764.616882324, -177.801849365, 631.87322998, 43.5712623596, 312.630523682, -248.588043213, -251.026611328, -298.746063232, -56.6995353699, -6.55251455307], [225.690994263, 1047.58276367, -206.105209351, -180.150283813, 31.734210968, -54.5235977173, 31.2184791565, -86.3613128662, 63.7949905396, -25.9632663727, 26.1051712036, 32.9856147766, -2.79580402374], [-3085.56152344, -206.105209351, 1519.94934082, 299.148986816, 41.699886322, -267.405273438, -78.5340042114, -75.0659255981, 53.0766830444, 141.639343262, 150.029998779, 24.4408779144, 0.642796456814], [-764.616882324, -180.150283813, 299.148986816, 434.948822021, -61.1803817749, -35.2144966125, -36.955165863, 3.91549348831, 0.537073373795, 59.8996238708, 33.470249176, 1.6401604414, 6.83375501633], [-177.801849365, 31.734210968, 41.699886322, -61.1803817749, 226.795516968, 74.8323059082, 91.735786438, 33.4434013367, 49.9575004578, -14.3252925873, -0.489501774311, 11.5755624771, 16.5604057312], [631.87322998, -54.5235977173, -267.405273438, -35.2144966125, 74.8323059082, 259.688201904, 86.5067596436, 99.560005188, 1.29850637913, -31.5941562653, -54.9507980347, 0.086151137948, 20.7015399933], [43.5712623596, 31.2184791565, -78.5340042114, -36.955165863, 91.735786438, 86.5067596436, 171.608795166, 38.4060897827, 38.6529006958, -22.9551544189, -21.4798126221, -3.20459651947, 13.09171772], [312.630523682, -86.3613128662, -75.0659255981, 3.91549348831, 33.4434013367, 99.560005188, 38.4060897827, 135.809036255, 24.9304294586, 17.483423233, -4.51662158966, -2.39018034935, 8.2384185791], [-248.588043213, 63.7949905396, 53.0766830444, 0.537073373795, 49.9575004578, 1.29850637913, 38.6529006958, 24.9304294586, 103.790748596, 36.7954216003, 25.2431144714, 12.7729654312, -2.33152627945], [-251.026611328, -25.9632663727, 141.639343262, 59.8996238708, -14.3252925873, -31.5941562653, -22.9551544189, 17.483423233, 36.7954216003, 87.6946411133, 54.7585945129, 13.7254734039, -5.91067314148], [-298.746063232, 26.1051712036, 150.029998779, 33.470249176, -0.489501774311, -54.9507980347, -21.4798126221, -4.51662158966, 25.2431144714, 54.7585945129, 88.8576507568, 31.5813598633, 2.95790052414], [-56.6995353699, 32.9856147766, 24.4408779144, 1.6401604414, 11.5755624771, 0.086151137948, -3.20459651947, -2.39018034935, 12.7729654312, 13.7254734039, 31.5813598633, 55.1440391541, 22.294084549], [-6.55251455307, -2.79580402374, 0.642796456814, 6.83375501633, 16.5604057312, 20.7015399933, 13.09171772, 8.2384185791, -2.33152627945, -5.91067314148, 2.95790052414, 22.294084549, 60.7116203308]], "mean": [-696.198913574, 161.324905396, -15.7630872726, 32.1414451599, 9.79260826111, 26.2536888123, 6.26486968994, 11.3690137863, 6.27843904495, 5.06129646301, 1.90633702278, 7.4101228714, 3.60154128075]}, "melbands_spread": {"max": 335.206634521, "dmean": 5.58234119415, "dvar2": 144.656448364, "dmean2": 8.89155578613, "var": 334.688049316, "median": 11.7913951874, "min": 0.0269803330302, "dvar": 61.5030937195, "mean": 18.5457401276}, "barkbands_kurtosis": {"max": 627.176086426, "dmean": 14.1594638824, "dvar2": 2799.95654297, "dmean2": 23.2058010101, "var": 3054.41699219, "median": 6.57555961609, "min": -1.96025085449, "dvar": 1047.89160156, "mean": 27.7967910767}, "spectral_energyband_high": {"max": 0.0146260531619, "dmean": 0.000252435333095, "dvar2": 3.57284790198e-07, "dmean2": 0.000385661958717, "var": 1.18569118968e-06, "median": 0.00031205380219, "min": 7.06953303251e-21, "dvar": 1.58710719234e-07, "mean": 0.000891481118742}, "hfc": {"max": 1459.11425781, "dmean": 40.6703033447, "dvar2": 14099.1748047, "dmean2": 65.9381637573, "var": 57396.9921875, "median": 31.8876667023, "min": 1.11889664201e-16, "dvar": 5301.53759766, "mean": 196.259613037}, "spectral_skewness": {"max": 7.41100358963, "dmean": 0.367942094803, "dvar2": 0.403547257185, "dmean2": 0.567308604717, "var": 1.00739121437, "median": 2.93002223969, "min": -0.287490934134, "dvar": 0.172723650932, "mean": 2.99351119995}, "erbbands": {"max": [15.6289396286, 51.0638313293, 128.923446655, 74.0048217773, 99.780632019, 270.954223633, 435.897277832, 346.004882812, 527.931396484, 1202.05493164, 1308.74145508, 1053.4876709, 703.221313477, 1305.36083984, 1010.41687012, 1424.73999023, 1095.99597168, 698.718994141, 570.957702637, 543.842590332, 250.586105347, 371.260040283, 306.063140869, 117.369888306, 116.570167542, 264.260559082, 412.734954834, 128.847702026, 54.5747451782, 31.1067848206, 17.3653926849, 7.31137514114, 2.95769476891, 1.0440570116, 0.612121105194, 0.792567670345, 1.15167617798, 1.00116419792, 0.614356040955, 0.312980651855], "dmean": [0.68442773819, 1.83747410774, 2.99339985847, 2.60847592354, 3.76747274399, 3.71276402473, 3.54566764832, 4.5837020874, 6.24918746948, 6.70241260529, 10.9302253723, 7.99031066895, 11.9036540985, 19.7649078369, 35.9983024597, 44.4021606445, 37.7891311646, 30.6649303436, 18.3324623108, 20.2040977478, 12.7666368484, 11.3221101761, 6.56295585632, 4.16231155396, 3.0161254406, 2.2994427681, 2.08841395378, 1.07656729221, 0.782868087292, 0.660448431969, 0.378679275513, 0.167710229754, 0.0744469463825, 0.037472076714, 0.0214678123593, 0.0191680882126, 0.0235778857023, 0.0217813681811, 0.0100936600938, 0.0102316699922], "dvar2": [6.51132774353, 25.8717861176, 105.410003662, 62.6048698425, 102.365074158, 137.931732178, 212.883789062, 273.450592041, 831.788330078, 1496.53674316, 4140.56201172, 846.228393555, 1461.02307129, 4551.48730469, 13132.7773438, 18552.6367188, 13322.4091797, 8634.66015625, 2660.57836914, 3394.36279297, 1155.5012207, 1012.8515625, 390.715026855, 170.514190674, 95.0537490845, 69.5691757202, 92.0503387451, 21.0578784943, 7.27544212341, 5.10605144501, 1.59295582771, 0.270023941994, 0.0465475954115, 0.0112332524732, 0.00379603845067, 0.0032524948474, 0.00608774414286, 0.00502227060497, 0.000756916298997, 0.000830258592032], "dmean2": [1.16868591309, 3.03454041481, 4.93563652039, 4.29880142212, 6.31896162033, 6.01332473755, 5.68013572693, 7.33131456375, 9.75434303284, 10.9100513458, 17.2523345947, 12.5618772507, 19.6121921539, 33.2185707092, 60.435218811, 74.7060546875, 64.3660812378, 52.6437072754, 30.8982715607, 34.3306694031, 21.4096946716, 18.7561378479, 10.7531805038, 6.8087644577, 4.88998651505, 3.61665821075, 3.22411060333, 1.63274693489, 1.14936041832, 0.96227067709, 0.546382308006, 0.246089607477, 0.115253359079, 0.0609330162406, 0.0354698896408, 0.0295603666455, 0.0328023657203, 0.0297842398286, 0.0143983270973, 0.0168062839657], "var": [1.89546692371, 12.9808912277, 46.3125572205, 30.7010974884, 64.0936355591, 94.3102798462, 183.652069092, 315.838867188, 787.313659668, 1197.51599121, 6029.03613281, 1760.92651367, 1253.05456543, 3885.41845703, 11339.9501953, 18007.328125, 13176.9853516, 8255.17480469, 3448.47851562, 3593.39257812, 1531.47424316, 1178.37084961, 414.335784912, 160.109359741, 91.7737350464, 110.793373108, 136.706512451, 23.7169036865, 8.06311321259, 5.75451946259, 1.64720904827, 0.240410640836, 0.0336376354098, 0.00537577038631, 0.00161895912606, 0.0022448906675, 0.00640027364716, 0.00682480726391, 0.00288576935418, 0.00439432216808], "median": [0.443995773792, 1.3950612545, 1.81971871853, 1.90668833256, 2.84457778931, 2.78680968285, 2.15283560753, 2.86632728577, 3.35204935074, 3.40082144737, 4.09682178497, 6.85929107666, 9.14981937408, 4.62014579773, 5.54151582718, 8.2536239624, 8.0632610321, 7.48332691193, 6.56458377838, 8.60165786743, 6.57100200653, 6.50594711304, 4.63791131973, 2.22226715088, 1.57089209557, 1.35012722015, 1.2070966959, 0.811167240143, 0.422103464603, 0.265173077583, 0.152114480734, 0.0664985328913, 0.0219453629106, 0.012095304206, 0.00738915335387, 0.00622283574194, 0.0104253496975, 0.0145741961896, 0.015612218529, 0.00645931996405], "min": [1.67734762214e-22, 1.21378859421e-21, 3.06571976797e-21, 6.13397560385e-21, 1.06237132516e-20, 1.28289137567e-20, 3.48478461242e-20, 6.55392647667e-20, 2.37120085533e-19, 4.49788505364e-19, 2.48684665032e-19, 4.21464703817e-19, 7.98805267314e-19, 7.71302339127e-19, 1.10220007165e-18, 1.79470771887e-18, 1.95134181248e-18, 3.12242938215e-18, 2.76269453081e-18, 4.07308283114e-18, 5.96837323096e-18, 5.36100097694e-18, 7.56546915585e-18, 7.2364837098e-18, 7.33563784983e-18, 9.46402319676e-18, 1.10263878757e-17, 1.08880046951e-17, 1.18924021365e-17, 1.21457501873e-17, 1.42111961886e-17, 1.19661320532e-17, 1.1419771814e-17, 9.25798822261e-18, 6.75552740085e-18, 5.25323712751e-18, 2.55948913473e-18, 9.67781774545e-19, 2.57554031602e-19, 3.21474665469e-20], "dvar": [2.42835736275, 10.1659450531, 41.415309906, 23.8207931519, 37.4416236877, 58.1045684814, 106.622665405, 117.365730286, 355.522705078, 563.097961426, 1766.85583496, 392.502075195, 555.029602051, 1715.20983887, 4728.19091797, 6666.06396484, 4675.76708984, 2977.35864258, 941.006164551, 1193.12646484, 413.94921875, 375.48916626, 151.58782959, 66.9055328369, 37.8768043518, 34.1423377991, 44.5064582825, 9.21150875092, 3.33280181885, 2.54035043716, 0.801899373531, 0.135619074106, 0.0225995741785, 0.0046990388073, 0.00151355715934, 0.00156002643052, 0.00326410471462, 0.00265137944371, 0.000362785533071, 0.000298628321616], "mean": [0.7977232337, 2.54799818993, 4.03551197052, 3.80243420601, 5.70362138748, 5.73999977112, 5.4274969101, 7.67710065842, 10.7267408371, 11.5180244446, 21.506565094, 16.5797252655, 22.0556259155, 36.6915512085, 68.8281936646, 90.701171875, 79.54737854, 65.4357833862, 44.0305671692, 45.10704422, 31.4172077179, 26.3146800995, 14.302526474, 8.14011383057, 5.91371059418, 4.77346086502, 4.35368537903, 2.31983542442, 1.43901908398, 1.10343277454, 0.594839334488, 0.232844054699, 0.0844901129603, 0.0386919416487, 0.0220560804009, 0.022150600329, 0.0371930263937, 0.0456865765154, 0.0392677634954, 0.0531404055655]}, "spectral_contrast_valleys": {"max": [-4.90792894363, -4.46936702728, -4.99587631226, -5.19033622742, -5.52643013, -8.80106449127], "dmean": [0.395237147808, 0.410259008408, 0.375670522451, 0.339648038149, 0.358474969864, 0.71869879961], "dvar2": [0.289269000292, 0.359502464533, 0.356760174036, 0.375617235899, 0.420417159796, 1.01865613461], "dmean2": [0.6517765522, 0.671746909618, 0.611139535904, 0.548363983631, 0.556792855263, 1.15895283222], "var": [1.67451190948, 1.68291580677, 2.49896454811, 2.84848713875, 2.01678109169, 1.54659557343], "median": [-6.54350662231, -6.79973602295, -7.211186409, -7.44393539429, -7.75127506256, -11.1121196747], "min": [-28.0198974609, -27.8420448303, -27.67927742, -27.7904644012, -27.4851398468, -27.3766059875], "dvar": [0.125254109502, 0.149677380919, 0.149975985289, 0.161660403013, 0.185425877571, 0.393878281116], "mean": [-6.76691484451, -6.98181200027, -7.25232458115, -7.47287654877, -7.96554660797, -11.2839002609]}, "average_loudness": 0.790800571442, "erbbands_spread": {"max": 173.635223389, "dmean": 6.81635475159, "dvar2": 163.465423584, "dmean2": 10.5804042816, "var": 386.588592529, "median": 24.6586227417, "min": 2.43102288246, "dvar": 68.9727325439, "mean": 30.0340080261}, "melbands_flatness_db": {"max": 0.774147093296, "dmean": 0.0423547327518, "dvar2": 0.00440334761515, "dmean2": 0.0679698884487, "var": 0.0100564779714, "median": 0.277051061392, "min": 0.00121058081277, "dvar": 0.00168815790676, "mean": 0.292443871498}, "barkbands_spread": {"max": 135.41053772, "dmean": 6.82103395462, "dvar2": 161.894210815, "dmean2": 10.9222259521, "var": 466.619995117, "median": 21.1682758331, "min": 0.253581821918, "dvar": 67.8374862671, "mean": 26.612651825}, "spectral_decrease": {"max": 6.61479315767e-09, "dmean": 5.65948621301e-09, "dvar2": 3.09190557382e-16, "dmean2": 9.27260224159e-09, "var": 1.24905688629e-16, "median": -6.39477892861e-09, "min": -1.1327215077e-07, "dvar": 1.23170673985e-16, "mean": -9.23160836663e-09}, "melbands_crest": {"max": 39.3627052307, "dmean": 4.61208343506, "dvar2": 48.0031089783, "dmean2": 7.5490322113, "var": 74.7270355225, "median": 19.509223938, "min": 1.50240778923, "dvar": 19.0388336182, "mean": 20.53383255}, "erbbands_flatness_db": {"max": 0.33265593648, "dmean": 0.0236080344766, "dvar2": 0.00118011713494, "dmean2": 0.0367459245026, "var": 0.00213390914723, "median": 0.148336857557, "min": 0.0341917723417, "dvar": 0.000478511821711, "mean": 0.147338330746}, "melbands_kurtosis": {"max": 8680.78613281, "dmean": 35.3744697571, "dvar2": 56960.2617188, "dmean2": 58.0150222778, "var": 57996.3476562, "median": 10.4015522003, "min": -1.91151511669, "dvar": 21843.1230469, "mean": 64.7666473389}, "spectral_rms": {"max": 0.0205011125654, "dmean": 0.00123749137856, "dvar2": 7.3764613262e-06, "dmean2": 0.00195206189528, "var": 1.06947354652e-05, "median": 0.00587604101747, "min": 3.14781837749e-12, "dvar": 3.22785081153e-06, "mean": 0.00637689838186}, "melbands_skewness": {"max": 62.891872406, "dmean": 1.38756084442, "dvar2": 11.0227508545, "dmean2": 2.22500967979, "var": 21.240447998, "median": 2.89293861389, "min": -3.07286930084, "dvar": 4.16045761108, "mean": 4.14741516113}, "barkbands": {"max": [0.269433021545, 0.261339902878, 0.119029425085, 0.024743963033, 0.0487665198743, 0.0385198965669, 0.0521986857057, 0.0633510202169, 0.0431427918375, 0.0337665900588, 0.0264996066689, 0.0409143343568, 0.0210256483406, 0.0115138115361, 0.0127701163292, 0.00496176537126, 0.00628978153691, 0.00542211346328, 0.00187810324132, 0.00715344771743, 0.00741000846028, 0.00117957836483, 0.000654238567222, 0.000268256175332, 8.69772266014e-05, 0.000569622847252, 0.0127671761438], "dmean": [0.00779316201806, 0.0126357935369, 0.00249465811066, 0.000864177301992, 0.00112000631634, 0.000512957398314, 0.000448758655693, 0.000452417880297, 0.000409841915825, 0.000463018863229, 0.000686117797159, 0.00129643222317, 0.000832126475871, 0.000567365495954, 0.000398351316107, 0.000270546239335, 0.000223086521146, 0.000114895330626, 6.58603894408e-05, 4.95759632031e-05, 3.87687105103e-05, 2.18645127461e-05, 1.44787045429e-05, 5.73958050154e-06, 3.12263705382e-06, 1.15685606943e-05, 0.000425023899879], "dvar2": [0.00104313483462, 0.00160886358935, 7.85408337833e-05, 6.47252227282e-06, 9.04131138668e-06, 3.49616743733e-06, 4.25881171395e-06, 7.41333360565e-06, 1.96718337975e-06, 2.72729153039e-06, 4.70878512715e-06, 1.75586465048e-05, 6.37486164123e-06, 2.82564064946e-06, 1.31784759105e-06, 5.22342361364e-07, 3.77540573027e-07, 1.21913856788e-07, 4.25040127539e-08, 3.20843795976e-08, 2.88547763461e-08, 5.13098674659e-09, 2.28270469194e-09, 2.86282331174e-10, 7.97023419485e-11, 1.43986467194e-09, 1.43105785355e-06], "dmean2": [0.0132278762758, 0.02123073861, 0.00413642590865, 0.00145844765939, 0.00182381214108, 0.000818201864604, 0.000708852312528, 0.000717997143511, 0.000651969807222, 0.000773705134634, 0.00115606328472, 0.00217082584277, 0.001420118846, 0.000972245063167, 0.000674815790262, 0.000457764836028, 0.000373539252905, 0.000189445709111, 0.000107100793684, 7.85853990237e-05, 5.90225390624e-05, 3.17237390846e-05, 2.09002337215e-05, 8.62309843797e-06, 5.14607017976e-06, 1.61630850926e-05, 0.000708762090653], "var": [0.000340919068549, 0.000571524549741, 3.18189886457e-05, 3.22628534377e-06, 6.7745618253e-06, 4.07039260608e-06, 4.10200482293e-06, 9.69099346548e-06, 3.22609844261e-06, 2.15275827031e-06, 3.68738869838e-06, 1.47948694575e-05, 5.66304197491e-06, 2.56274915955e-06, 1.39301459967e-06, 5.8683667703e-07, 4.13105652797e-07, 1.16757647106e-07, 3.93950223554e-08, 4.8782617057e-08, 4.16346637166e-08, 6.32275698464e-09, 2.50819076619e-09, 2.40121089679e-10, 3.45915032729e-11, 1.52772416939e-09, 4.56201041743e-06], "median": [0.0036339443177, 0.00993816740811, 0.00130490516312, 0.000529529643245, 0.00102216133382, 0.000332855910528, 0.000238464941503, 0.00015017928672, 0.000344646628946, 0.000143135883263, 0.000104627899418, 0.000195313710719, 0.000160959694767, 0.000138878705911, 0.000147414568346, 0.00012579606846, 0.000115185670438, 7.22387048882e-05, 3.38440477208e-05, 2.7983523978e-05, 2.64250393229e-05, 1.08235881271e-05, 5.79826746616e-06, 2.00570548259e-06, 1.02972262539e-06, 5.14508883498e-06, 0.000275684928056], "min": [5.62920936078e-25, 5.75266283839e-24, 1.54114947932e-25, 2.00796102612e-24, 6.43164804129e-24, 1.0361841818e-23, 2.0190680299e-23, 1.45218485257e-23, 1.39474489239e-23, 2.49974243646e-23, 1.49305037181e-23, 3.55550433155e-23, 3.86489904956e-23, 5.7295314645e-23, 5.47353095463e-23, 9.18098788255e-23, 9.23993598701e-23, 1.55172360558e-22, 1.32987850098e-22, 2.04025733868e-22, 2.37452686052e-22, 3.12339668303e-22, 4.61222914181e-22, 6.48341074309e-22, 8.93183607373e-22, 1.44034227702e-21, 2.15511548648e-21], "dvar": [0.000416112423409, 0.000610042712651, 3.02938515233e-05, 2.4354251309e-06, 3.70679549633e-06, 1.61861419201e-06, 1.87317652944e-06, 3.10432665174e-06, 8.73979331573e-07, 1.03395291262e-06, 1.67566349774e-06, 6.4023511186e-06, 2.22515177484e-06, 9.73630562839e-07, 4.59364713379e-07, 1.84709776363e-07, 1.38467257216e-07, 4.73297241399e-08, 1.67402305351e-08, 1.55421986392e-08, 1.40128664228e-08, 2.46926679104e-09, 1.17035148239e-09, 1.44475806318e-10, 3.21419627025e-11, 7.68859531597e-10, 5.08917480602e-07], "mean": [0.00829555373639, 0.0167049057782, 0.00315160676837, 0.00115947180893, 0.00188511540182, 0.000870362098794, 0.000761091767345, 0.000830470293295, 0.00078705966007, 0.000791199330706, 0.00120179576334, 0.00243874941953, 0.00162772776093, 0.00114443060011, 0.000861940323375, 0.000597699719947, 0.000490219797939, 0.0002300884953, 0.00012524095655, 9.96918824967e-05, 8.32489167806e-05, 3.96426476073e-05, 2.30864534387e-05, 7.22079721527e-06, 3.17453532261e-06, 1.82348085218e-05, 0.0016966694966]}, "spectral_kurtosis": {"max": 89.4851760864, "dmean": 4.66714382172, "dvar2": 78.7001266479, "dmean2": 7.31999254227, "var": 142.297454834, "median": 16.9657249451, "min": -1.33864498138, "dvar": 32.205745697, "mean": 19.3695659637}, "erbbands_skewness": {"max": 7.48866224289, "dmean": 0.367200285196, "dvar2": 0.418865710497, "dmean2": 0.58114105463, "var": 1.0962625742, "median": -0.0911896675825, "min": -4.73117733002, "dvar": 0.169083699584, "mean": 0.0988625735044}, "melbands": {"max": [0.109394945204, 0.059968765825, 0.0122233014554, 0.0126856360584, 0.0117968395352, 0.00765349483117, 0.00951704289764, 0.0123561779037, 0.0093244779855, 0.00567509559914, 0.0034686634317, 0.00568804005161, 0.00396364554763, 0.00563097791746, 0.00396465929225, 0.00204327749088, 0.00131233746652, 0.000755398883484, 0.00090459047351, 0.000435002264567, 0.000353688141331, 0.00045202387264, 0.000407248269767, 0.000175237379153, 0.000102224417788, 8.09027187643e-05, 0.000131863795104, 0.000211135789868, 0.00026146764867, 0.000204830153962, 6.69467699481e-05, 2.98357899737e-05, 2.14313968172e-05, 2.13264174818e-05, 1.14883287097e-05, 6.32527007838e-06, 3.56443297278e-06, 2.34934032051e-06, 1.29754221234e-06, 8.02588203896e-07], "dmean": [0.0049329767935, 0.00173047068529, 0.000463201780804, 0.00026525996509, 0.000130597269163, 0.000102744263131, 9.40065874602e-05, 7.45147917769e-05, 8.7262604211e-05, 5.39192733413e-05, 6.15793542238e-05, 7.96257736511e-05, 0.00010407895752, 0.000153660002979, 0.00010885312804, 7.67829333199e-05, 6.06039175182e-05, 3.32604759024e-05, 3.12451265927e-05, 2.35036586673e-05, 1.65472029039e-05, 1.39589692481e-05, 8.4221983343e-06, 5.41441249879e-06, 3.47699528902e-06, 2.47385696639e-06, 2.07922721529e-06, 1.56208625413e-06, 1.48361311858e-06, 9.69796815298e-07, 5.96696736466e-07, 4.59631138483e-07, 4.45820489858e-07, 3.46443869148e-07, 2.46017265226e-07, 1.47471496348e-07, 8.77377530628e-08, 5.5402484378e-08, 3.99235986492e-08, 2.88598602793e-08], "dvar2": [0.000307410315145, 2.66386887233e-05, 1.69686961726e-06, 5.2383251159e-07, 2.20057472688e-07, 1.34434344545e-07, 1.81568239555e-07, 1.89725014366e-07, 2.20061394884e-07, 3.53715812196e-08, 3.88729723966e-08, 7.72358035306e-08, 1.07488453693e-07, 2.78641550722e-07, 1.11616635934e-07, 5.55540289326e-08, 3.39263266369e-08, 9.01162078293e-09, 8.45066328026e-09, 4.27504787126e-09, 2.03656225217e-09, 1.53485946175e-09, 6.56687704215e-10, 2.86842660735e-10, 1.24158114345e-10, 6.53865572797e-11, 5.20037762852e-11, 3.65372593292e-11, 5.60780172298e-11, 1.66795102036e-11, 6.41220279998e-12, 2.62020895432e-12, 2.42578353238e-12, 1.54603023092e-12, 7.48212201831e-13, 2.29633505136e-13, 8.13646838706e-14, 2.81057779995e-14, 1.35875307926e-14, 7.04087624724e-15], "dmean2": [0.00832547713071, 0.00282956752926, 0.000764709257055, 0.000436047615949, 0.000207012184546, 0.000163159784279, 0.000146337551996, 0.000121093115013, 0.000136687478516, 8.56642145663e-05, 0.000101521392935, 0.000133909998112, 0.000174392043846, 0.000258839398157, 0.000184963340871, 0.000131253647851, 0.000104121434561, 5.63234571018e-05, 5.33015336259e-05, 3.98883857997e-05, 2.79250598396e-05, 2.33185492107e-05, 1.39938383654e-05, 9.00160830497e-06, 5.74961404709e-06, 4.04746197091e-06, 3.4090905956e-06, 2.46437662099e-06, 2.3427405722e-06, 1.49884363054e-06, 9.27931409933e-07, 6.97766722624e-07, 6.59540887682e-07, 5.14110979566e-07, 3.61331501608e-07, 2.17920131718e-07, 1.32594436764e-07, 8.63869189516e-08, 6.40081978531e-08, 4.76104276004e-08], "var": [9.79305114015e-05, 1.35977479658e-05, 9.56482608672e-07, 3.42771585338e-07, 1.98781179961e-07, 1.63576316936e-07, 1.8209938446e-07, 1.57862757533e-07, 3.49911829289e-07, 6.17837443428e-08, 3.25823812375e-08, 6.32112104881e-08, 9.46735809748e-08, 1.99673593215e-07, 9.75351639454e-08, 4.9674042657e-08, 2.8120203055e-08, 9.1437932781e-09, 8.18749423814e-09, 4.26694324318e-09, 2.05992134461e-09, 1.57233592812e-09, 5.677312509e-10, 2.5286131522e-10, 9.94498788875e-11, 5.42780681512e-11, 4.52875688339e-11, 5.46488063136e-11, 6.64628838076e-11, 2.48839265166e-11, 5.22898304517e-12, 2.61108170675e-12, 2.5091278881e-12, 1.54737702686e-12, 7.02168032919e-13, 2.00052810689e-13, 6.13995209927e-14, 1.964257038e-14, 7.59506915232e-15, 3.01613355331e-15], "median": [0.00365649582818, 0.00135510286782, 0.000400982331485, 0.000227647949941, 8.510259795e-05, 6.60942459945e-05, 5.36428815394e-05, 3.55865922756e-05, 3.43191459251e-05, 4.46957710665e-05, 4.47205893579e-05, 1.69039194589e-05, 1.63883414643e-05, 2.02788651222e-05, 2.22733760893e-05, 1.35297641464e-05, 1.40450883919e-05, 9.95673963189e-06, 1.08140629891e-05, 9.86556551652e-06, 6.99665724824e-06, 6.75725686961e-06, 5.58184274269e-06, 2.77168010143e-06, 1.58446266596e-06, 1.16064916256e-06, 9.91495539893e-07, 8.19583533485e-07, 7.684841421e-07, 5.91567186348e-07, 3.99468603973e-07, 2.29023996212e-07, 1.79476330686e-07, 1.28261760324e-07, 9.12132378517e-08, 5.97098761546e-08, 2.85736749817e-08, 1.40879699018e-08, 1.12270051034e-08, 9.14828213183e-09], "min": [1.46600293461e-24, 1.86340936499e-24, 1.67622509674e-24, 1.26119383741e-24, 1.19742547728e-24, 1.42182554063e-24, 4.19082434785e-24, 4.84221519628e-24, 2.02000180455e-24, 2.19110317109e-24, 4.07059326842e-24, 3.00756316395e-24, 3.12510462211e-24, 3.72827891151e-24, 3.38215711745e-24, 4.31064640289e-24, 6.41618676198e-24, 3.85672321626e-24, 4.68768050039e-24, 6.70713049674e-24, 6.63937365587e-24, 5.43655404633e-24, 4.56021832748e-24, 5.79057509907e-24, 5.54347033696e-24, 4.46726171942e-24, 6.00713043376e-24, 5.43308266391e-24, 6.58086857569e-24, 5.07501514916e-24, 6.6596055715e-24, 6.35309248349e-24, 6.31074485237e-24, 6.95248517092e-24, 7.9212836709e-24, 6.4356763595e-24, 7.38328842215e-24, 7.37894732059e-24, 7.23546772143e-24, 7.69932582231e-24], "dvar": [0.000116858514957, 1.05732751763e-05, 6.53187044009e-07, 2.07627266491e-07, 1.0703224973e-07, 5.85718176183e-08, 7.95851491375e-08, 7.15021428732e-08, 9.55258627755e-08, 1.58633426395e-08, 1.47295553532e-08, 2.93376949401e-08, 3.85142051584e-08, 1.00548064097e-07, 3.91212680029e-08, 1.95242346734e-08, 1.16734124589e-08, 3.16998760574e-09, 2.92825164117e-09, 1.49284373752e-09, 7.21912640778e-10, 5.59632618025e-10, 2.45719167236e-10, 1.09549980198e-10, 4.79365436235e-11, 2.56524732012e-11, 2.02814987027e-11, 1.78831099235e-11, 2.50049789902e-11, 8.42600902246e-12, 2.56633017788e-12, 1.1481767143e-12, 1.15691841957e-12, 7.45228152191e-13, 3.61619452915e-13, 1.1117555444e-13, 3.93457036158e-14, 1.35243573813e-14, 6.0550472107e-15, 2.84392434359e-15], "mean": [0.00625017844141, 0.00255851796828, 0.000735342619009, 0.000423887919169, 0.000205970849493, 0.000176393135916, 0.000165280565852, 0.000127829349367, 0.000173145715962, 0.000104920480226, 0.000110165899969, 0.00014095044753, 0.000197678105906, 0.000273010169622, 0.000209349149372, 0.000152863707626, 0.000117540505016, 6.92685425747e-05, 6.52221715427e-05, 4.97178079968e-05, 3.50895024894e-05, 2.96719135804e-05, 1.70590119524e-05, 1.01389314295e-05, 6.15144836047e-06, 4.44648412667e-06, 3.78801405532e-06, 3.00208535009e-06, 2.86390149995e-06, 1.95973348127e-06, 1.14593524358e-06, 8.03631962754e-07, 7.35965670629e-07, 5.52790993424e-07, 3.75503589112e-07, 2.15920167079e-07, 1.09353976541e-07, 6.10290058489e-08, 4.14809662175e-08, 2.89638162343e-08]}, "spectral_centroid": {"max": 11575.0742188, "dmean": 180.925964355, "dvar2": 137450.296875, "dmean2": 281.673828125, "var": 610848.3125, "median": 1109.42504883, "min": 66.6096878052, "dvar": 64630.625, "mean": 1118.52392578}, "pitch_salience": {"max": 0.909158051014, "dmean": 0.0906033962965, "dvar2": 0.018145699054, "dmean2": 0.149121701717, "var": 0.0291555263102, "median": 0.505939602852, "min": 0.0200173240155, "dvar": 0.00708210747689, "mean": 0.480673283339}, "gfcc": {"icov": [[0.000158883660333, -0.000129899824969, 0.000730813364498, -0.00033922464354, 0.000322873238474, -0.000469365157187, 0.000143405675772, 0.000161938281963, -0.000221031266847, 0.000234412058489, -0.000247207237408, 0.000132545712404, 7.86775563029e-05], [-0.000129899824969, 0.00184263871051, -0.00228823232464, 0.00170642219018, -0.000942110433243, 0.00162784650456, -0.000595993304159, -0.000324483320583, -0.000412997702369, 0.000610226474237, -0.000469193561003, 0.00082651322009, -0.000592803757172], [0.000730813364498, -0.00228823232464, 0.00986481178552, -0.00718199694529, 0.00576507579535, -0.00623872177675, 0.00249429955147, 0.00144690228626, -0.00281444191933, 0.000386026978958, -0.00276012113318, 0.00383214908652, -0.0015323337866], [-0.00033922464354, 0.00170642219018, -0.00718199694529, 0.0106393964961, -0.00718910526484, 0.00642337184399, -0.0033794650808, -0.00400769012049, 0.00718263909221, -0.00742198992521, 0.00950295850635, -0.0097493827343, 0.00537356128916], [0.000322873238474, -0.000942110433243, 0.00576507579535, -0.00718910526484, 0.0129457106814, -0.0083503369242, -0.000578675768338, 0.00552302226424, -0.00894739478827, 0.0108067663386, -0.0118426764384, 0.0102992327884, -0.00787134934217], [-0.000469365157187, 0.00162784650456, -0.00623872177675, 0.00642337184399, -0.0083503369242, 0.0105079505593, -0.000959610333666, -0.00591398729011, 0.00675199367106, -0.00457998178899, 0.00701627926901, -0.00839567743242, 0.00278083514422], [0.000143405675772, -0.000595993304159, 0.00249429955147, -0.0033794650808, -0.000578675768338, -0.000959610333666, 0.00908920355141, 0.00150545930956, -0.00489547569305, 0.00289549282752, -0.00235430733301, 0.00173572613858, -0.00102108065039], [0.000161938281963, -0.000324483320583, 0.00144690228626, -0.00400769012049, 0.00552302226424, -0.00591398729011, 0.00150545930956, 0.0114672407508, -0.00626826193184, 0.000229717290495, -0.00418428797275, 0.00775744579732, -0.00454542366788], [-0.000221031266847, -0.000412997702369, -0.00281444191933, 0.00718263909221, -0.00894739478827, 0.00675199367106, -0.00489547569305, -0.00626826193184, 0.0212006885558, -0.0153919765726, 0.0128077836707, -0.0119793051854, 0.0101228598505], [0.000234412058489, 0.000610226474237, 0.000386026978958, -0.00742198992521, 0.0108067663386, -0.00457998178899, 0.00289549282752, 0.000229717290495, -0.0153919765726, 0.0366489216685, -0.0243555009365, 0.0128100914881, -0.00798028800637], [-0.000247207237408, -0.000469193561003, -0.00276012113318, 0.00950295850635, -0.0118426764384, 0.00701627926901, -0.00235430733301, -0.00418428797275, 0.0128077836707, -0.0243555009365, 0.0378748290241, -0.0189310833812, 0.00398234883323], [0.000132545712404, 0.00082651322009, 0.00383214908652, -0.0097493827343, 0.0102992327884, -0.00839567743242, 0.00173572613858, 0.00775744579732, -0.0119793051854, 0.0128100914881, -0.0189310833812, 0.0292704831809, -0.0069449916482], [7.86775563029e-05, -0.000592803757172, -0.0015323337866, 0.00537356128916, -0.00787134934217, 0.00278083514422, -0.00102108065039, -0.00454542366788, 0.0101228598505, -0.00798028800637, 0.00398234883323, -0.0069449916482, 0.0205651670694]], "cov": [[14434.8417969, -318.45022583, -2504.17529297, -1119.62817383, 1045.40820312, 13.6268510818, 440.102844238, -780.368713379, 45.4589347839, -534.026123047, 118.226585388, 57.4392967224, 56.1179084778], [-318.45022583, 1010.45526123, 118.635734558, -164.596572876, 11.6718301773, -115.943901062, 20.1008586884, 18.0276489258, 59.6785049438, 17.9869194031, 27.6080589294, -95.1100006104, 47.459777832], [-2504.17529297, 118.635734558, 930.239257812, 465.29574585, -405.882476807, 123.305000305, -191.652770996, 301.670410156, -22.9950447083, 185.207870483, -53.0579147339, 12.6125688553, -56.4078941345], [-1119.62817383, -164.596572876, 465.29574585, 523.95501709, -161.382705688, 20.9499130249, -21.420293808, 133.467422485, -8.32923984528, 88.8601760864, -50.2063827515, 60.6101303101, -70.0914306641], [1045.40820312, 11.6718301773, -405.882476807, -161.382705688, 516.887695312, 106.232521057, 182.397750854, -161.175338745, 21.9043540955, -117.63659668, 57.9773101807, -4.4568195343, 96.0067749023], [13.6268510818, -115.943901062, 123.305000305, 20.9499130249, 106.232521057, 345.770080566, -29.809753418, 98.4027099609, -42.4764709473, 6.02439165115, 7.63552713394, 27.2374019623, 45.4597892761], [440.102844238, 20.1008586884, -191.652770996, -21.420293808, 182.397750854, -29.809753418, 219.74546814, -85.7333755493, 54.520866394, -47.1779937744, 15.2172966003, 7.65420675278, 10.5114326477], [-780.368713379, 18.0276489258, 301.670410156, 133.467422485, -161.175338745, 98.4027099609, -85.7333755493, 256.905334473, 14.0819787979, 95.6993789673, -12.2934455872, -15.068611145, -3.86543679237], [45.4589347839, 59.6785049438, -22.9950447083, -8.32923984528, 21.9043540955, -42.4764709473, 54.520866394, 14.0819787979, 120.865005493, 25.7814426422, 1.92050969601, 4.66664505005, -26.3288040161], [-534.026123047, 17.9869194031, 185.207870483, 88.8601760864, -117.63659668, 6.02439165115, -47.1779937744, 95.6993789673, 25.7814426422, 105.901252747, 19.1514091492, 2.4183037281, -8.37525844574], [118.226585388, 27.6080589294, -53.0579147339, -50.2063827515, 57.9773101807, 7.63552713394, 15.2172966003, -12.2934455872, 1.92050969601, 19.1514091492, 69.9233169556, 17.1981182098, 27.4594974518], [57.4392967224, -95.1100006104, 12.6125688553, 60.6101303101, -4.4568195343, 27.2374019623, 7.65420675278, -15.068611145, 4.66664505005, 2.4183037281, 17.1981182098, 79.024887085, -4.19985246658], [56.1179084778, 47.459777832, -56.4078941345, -70.0914306641, 96.0067749023, 45.4597892761, 10.5114326477, -3.86543679237, -26.3288040161, -8.37525844574, 27.4594974518, -4.19985246658, 97.1321182251]], "mean": [-31.4002571106, 98.991065979, -85.5642471313, 5.15429067612, -0.405698984861, -5.40493106842, 4.41788625717, -14.6611814499, 1.70787167549, -5.40396022797, -4.95824337006, -0.28567636013, -5.37205266953]}, "spectral_flux": {"max": 0.561463773251, "dmean": 0.0345665179193, "dvar2": 0.00639770925045, "dmean2": 0.0569479130208, "var": 0.00689003104344, "median": 0.0944761484861, "min": 6.35037647467e-11, "dvar": 0.0026970312465, "mean": 0.115857943892}, "zerocrossingrate": {"max": 0.7890625, "dmean": 0.0296348333359, "dvar2": 0.00179594545625, "dmean2": 0.0376696363091, "var": 0.0210132226348, "median": 0.15966796875, "min": 0.0009765625, "dvar": 0.0011667329818, "mean": 0.183012068272}, "spectral_energyband_middle_low": {"max": 0.0793589055538, "dmean": 0.00247526937164, "dvar2": 3.97752664867e-05, "dmean2": 0.00396047066897, "var": 6.52792659821e-05, "median": 0.00392987206578, "min": 1.75917294529e-22, "dvar": 1.64970715559e-05, "mean": 0.0064804283902}, "silence_rate_20dB": {"max": 1, "dmean": 0, "dvar2": 0, "dmean2": 0, "var": 0, "median": 1, "min": 1, "dvar": 0, "mean": 1}, "silence_rate_30dB": {"max": 1, "dmean": 0.10221464932, "dvar2": 0.187797859311, "dmean2": 0.204445883632, "var": 0.109314158559, "median": 1, "min": 0, "dvar": 0.0917668193579, "mean": 0.875081121922}, "spectral_entropy": {"max": 9.81439304352, "dmean": 0.195245951414, "dvar2": 0.139602169394, "dmean2": 0.307662785053, "var": 0.189270272851, "median": 7.57204151154, "min": 4.74234294891, "dvar": 0.0558463744819, "mean": 7.48494815826}, "spectral_rolloff": {"max": 22028.4667969, "dmean": 2236.42578125, "dvar2": 79219576, "dmean2": 4264.87744141, "var": 97845800, "median": 882.861328125, "min": 21.533203125, "dvar": 32251552, "mean": 8493.98925781}, "spectral_complexity": {"max": 59, "dmean": 2.85470914841, "dvar2": 26.0455608368, "dmean2": 4.4314455986, "var": 207.839614868, "median": 13, "min": 0, "dvar": 13.5835790634, "mean": 18.6225662231}, "spectral_spread": {"max": 42582968, "dmean":