{"tonal": {"chords_number_rate": 0.00248962664045, "thpcp": [1, 0.619644641876, 0.136701837182, 0.0817040503025, 0.0951244905591, 0.530063807964, 0.937476038933, 0.524110734463, 0.160941451788, 0.226664170623, 0.169519752264, 0.231635451317, 0.350451797247, 0.216059952974, 0.252647548914, 0.354214429855, 0.191184163094, 0.133277103305, 0.178574562073, 0.187132254243, 0.608139932156, 0.988547742367, 0.57802927494, 0.188993155956, 0.230803504586, 0.212623029947, 0.255728751421, 0.398551732302, 0.281258374453, 0.13307659328, 0.148734152317, 0.126025781035, 0.29378426075, 0.505743741989, 0.354911535978, 0.565941095352], "hpcp": {"dvar": [0.0412743277848, 0.0355984158814, 0.0192964859307, 0.0214613880962, 0.0211868174374, 0.0205018036067, 0.0251991450787, 0.0190452225506, 0.0144663052633, 0.0119640259072, 0.0139431962743, 0.0150842648, 0.0264224279672, 0.0222552120686, 0.0268352199346, 0.03839404881, 0.0291100051254, 0.0124512948096, 0.0105005959049, 0.0127492798492, 0.0178941916674, 0.0300262793899, 0.0174421910197, 0.011453801766, 0.0121424067765, 0.0115630691871, 0.0130106778815, 0.0170005392283, 0.0114628365263, 0.0131192998961, 0.0149101959541, 0.0105872061104, 0.00966853369027, 0.011319199577, 0.0174268297851, 0.0337932892144], "mean": [0.305952966213, 0.178898558021, 0.0584928914905, 0.0714330896735, 0.0658062770963, 0.0791473910213, 0.123350732028, 0.0870487391949, 0.0411868616939, 0.0460328347981, 0.0390046536922, 0.0909254699945, 0.156526386738, 0.109844207764, 0.175157308578, 0.309497416019, 0.191778406501, 0.0423088632524, 0.0252871923149, 0.0294407829642, 0.164053380489, 0.290146410465, 0.162210911512, 0.0498109646142, 0.070151977241, 0.0524659231305, 0.0716905742884, 0.108463928103, 0.0668699964881, 0.0781937614083, 0.1096284464, 0.0591710060835, 0.0412489213049, 0.0552683658898, 0.0579169504344, 0.188217744231], "min": [0, 0, 0, 0, 0, 0, 0, 0, 0, 0, 0, 0, 0, 0, 0, 0, 0, 0, 0, 0, 0, 0, 0, 0, 0, 0, 0, 0, 0, 0, 0, 0, 0, 0, 0, 0], "median": [0.104355245829, 0.053343296051, 0.00720799341798, 0.00287814158946, 0.00296661164612, 0.0104663167149, 0.0121856024489, 0.0085068680346, 0.00277975015342, 0.00136025086977, 0.00145385251381, 0.007338588126, 0.00920414179564, 0.0123658431694, 0.0467640012503, 0.0773359239101, 0.0370210595429, 0.00325753260404, 0.000853926467244, 0.0023737475276, 0.0308117810637, 0.0667922198772, 0.0435688868165, 0.00767286494374, 0.00192344421521, 0.00152535736561, 0.00391178391874, 0.00398148549721, 0.00506537500769, 0.00333648291416, 0.00233572628349, 0.00215755216777, 0.0028372425586, 0.00325877126306, 0.00790466926992, 0.0564768761396], "dvar2": [0.0864490047097, 0.0978628993034, 0.0545729920268, 0.0535855852067, 0.0526235178113, 0.0531592592597, 0.0599841624498, 0.0470657348633, 0.0405352115631, 0.030865015462, 0.0388121902943, 0.03932698071, 0.0593257918954, 0.0549208521843, 0.0669706612825, 0.0798944756389, 0.0683942437172, 0.0293923392892, 0.0274501461536, 0.0355911180377, 0.0432873778045, 0.0647046267986, 0.044267617166, 0.030275259167, 0.0274370387197, 0.0280778259039, 0.0300453249365, 0.0365133211017, 0.0273023378104, 0.029612371698, 0.0327666290104, 0.0268799718469, 0.0234035663307, 0.0276652108878, 0.0497518852353, 0.0867231041193], "var": [0.136617615819, 0.0607871338725, 0.0163754690439, 0.0383814424276, 0.0290200859308, 0.0296011418104, 0.0658649876714, 0.0377140417695, 0.015957897529, 0.0280989874154, 0.0163868628442, 0.0331552699208, 0.0857865959406, 0.0409902557731, 0.0603918172419, 0.14987282455, 0.073099963367, 0.0159050226212, 0.0120942611247, 0.00991549529135, 0.0540946051478, 0.141038224101, 0.0479851923883, 0.0171108003706, 0.0453195944428, 0.0243341848254, 0.0319974943995, 0.0677299275994, 0.0243743509054, 0.036926496774, 0.071461610496, 0.0250530187041, 0.0175306964666, 0.0263632982969, 0.0159914065152, 0.0658888071775], "dmean2": [0.197380170226, 0.208578497171, 0.121067158878, 0.104273639619, 0.105734393001, 0.110545791686, 0.114421322942, 0.0973563268781, 0.0718351304531, 0.0543445535004, 0.0694463774562, 0.092087559402, 0.118559524417, 0.129081487656, 0.15681616962, 0.174392879009, 0.155730396509, 0.0662500932813, 0.0454227812588, 0.0609093122184, 0.113233424723, 0.147570282221, 0.118134394288, 0.0660820528865, 0.0542209967971, 0.0549300871789, 0.0648701637983, 0.0717559084296, 0.0690443739295, 0.0687320232391, 0.0671858116984, 0.060343246907, 0.0490911640227, 0.05999494344, 0.111589238048, 0.187968656421], "max": [1, 1, 1, 1, 1, 1, 1, 1, 1, 1, 1, 1, 1, 1, 1, 1, 1, 1, 1, 1, 1, 1, 1, 1, 1, 1, 1, 1, 1, 1, 1, 1, 1, 1, 1, 1], "dmean": [0.11889141798, 0.120155461133, 0.0668703690171, 0.0592166259885, 0.0623875297606, 0.0649377480149, 0.0686150565743, 0.0588219314814, 0.0400902666152, 0.0308953970671, 0.0385537818074, 0.0550387911499, 0.0718907937407, 0.0763558000326, 0.0951850563288, 0.107334978878, 0.0965325981379, 0.0401940979064, 0.0256136581302, 0.0337783433497, 0.0688908025622, 0.0909641757607, 0.0725258514285, 0.0379796214402, 0.0327437445521, 0.0336071439087, 0.0396708101034, 0.0449189320207, 0.0419189222157, 0.0420248359442, 0.0406259708107, 0.035811919719, 0.0294398330152, 0.0351706668735, 0.0613567717373, 0.110901154578]}, "key_strength": 0.839592278004, "chords_strength": {"dvar": 0.000452631851658, "mean": 0.510132968426, "min": -1, "median": 0.510388493538, "dvar2": 0.000832218909636, "var": 0.015284367837, "dmean2": 0.00689727347344, "max": 0.762229442596, "dmean": 0.0094717470929}, "tuning_equal_tempered_deviation": 0.00474049616605, "chords_key": "A", "tuning_frequency": 441.782684326, "chords_scale": "major", "chords_changes_rate": 0.0421161837876, "key_scale": "major", "tuning_diatonic_strength": 0.587730526924, "hpcp_entropy": {"dvar": 0.228978827596, "mean": 1.4141215086, "min": 0, "median": 1.48410773277, "dvar2": 0.552898526192, "var": 0.479158192873, "dmean2": 0.810584127903, "max": 4.1721072197, "dmean": 0.484705507755}, "chords_histogram": [23.1950206757, 2.11618256569, 30.8506221771, 1.78423237801, 6.57676362991, 0, 0, 0, 0.60165977478, 0, 0, 0, 0, 0.62240666151, 0.497925311327, 6.12033176422, 4.14937782288, 5.89211606979, 1.63900411129, 0.0622406639159, 0.62240666151, 1.95020747185, 4.48132801056, 8.83817386627], "tuning_nontempered_energy_ratio": 0.609631717205, "key_key": "D"}, "metadata": {"version": {"extractor": "music 1.0", "essentia_build_sha": "70f2e5ece6736b2c40cc944ad0e695b16b925413", "essentia": "2.1-beta2", "essentia_git_sha": "v2.1_beta2"}, "audio_properties": {"sample_rate": 44100, "length": 223.791015625, "lossless": false, "analysis_sample_rate": 44100, "downmix": "mix", "bit_rate": 320000, "equal_loudness": 0, "md5_encoded": "0e427cf787a044ab5c381cdd613c215d", "codec": "mp3", "replay_gain": -10.1836185455}, "tags": {"artist": ["Luke Temple"], "date": ["2005"], "musicbrainz_recordingid": ["5c7d1709-001b-4e4c-98e9-dc3d6f107680"], "file_name": "1973745.mp3", "title": ["Mr. Disgrace"], "tracknumber": ["4"], "album": ["Hold a Match for a Gasoline World"]}}, "lowlevel": {"melbands": {"dvar": [3.22160437216e-10, 2.64512948434e-07, 3.97114973794e-07, 2.91206333713e-06, 9.00857344277e-07, 5.0426854159e-07, 2.27164491662e-07, 2.33728076893e-08, 1.26879356799e-07, 4.57260966868e-08, 6.64531967232e-08, 2.96080600037e-08, 2.63271426881e-09, 4.24893320528e-09, 4.12356548907e-09, 2.15309592377e-09, 1.36466848932e-09, 6.06149741511e-10, 3.44429179622e-10, 1.89937357509e-10, 1.32189356683e-10, 8.53502199472e-11, 9.93617688128e-11, 8.98438407004e-11, 6.16391104824e-11, 9.86630221966e-11, 6.63451585337e-11, 1.24385599043e-10, 9.98866961366e-11, 1.00505367917e-10, 7.38819838642e-11, 1.96999309227e-11, 9.73554917238e-12, 7.90304627296e-12, 9.08715377251e-12, 1.42555117016e-11, 1.34021847439e-11, 1.26594654898e-11, 6.46019002182e-12, 1.14493408244e-12], "mean": [2.37492040469e-05, 0.000683792168275, 0.00108671770431, 0.00109182053711, 0.00127430004068, 0.00099341198802, 0.000495483051054, 0.000223406867008, 0.000407314073527, 0.000184617951163, 0.000168901795405, 9.52983464231e-05, 2.39552555286e-05, 4.14668247686e-05, 2.8488726457e-05, 3.66595377272e-05, 2.81113407254e-05, 2.89006529783e-05, 1.59854007507e-05, 6.46818398309e-06, 6.39222707832e-06, 4.08503728977e-06, 4.03932108384e-06, 3.48092271452e-06, 1.6737955093e-06, 1.59298713243e-06, 1.38992527354e-06, 1.55663781243e-06, 1.80913707482e-06, 1.81571920166e-06, 1.53466010033e-06, 9.04449677819e-07, 8.02696774826e-07, 7.49575065129e-07, 8.0836861116e-07, 9.13483290788e-07, 1.01817602172e-06, 9.52955531375e-07, 6.37708467366e-07, 2.96979408176e-07], "min": [1.44762301376e-14, 3.61787703516e-16, 1.2393815201e-16, 7.16951238808e-16, 1.7777618553e-15, 7.92655708442e-16, 8.81871306496e-16, 1.12820913399e-15, 2.5035945522e-15, 8.97464018384e-16, 2.49509563536e-15, 1.95830375164e-15, 8.41987860202e-16, 7.00303441505e-16, 6.0774788666e-16, 3.45291646871e-15, 3.98249057294e-15, 2.52180787815e-15, 1.91011752957e-15, 1.7233620113e-15, 3.43889087366e-15, 5.19603202949e-16, 7.99560562209e-16, 9.01370957854e-16, 1.5208324102e-15, 3.08363106778e-15, 4.69850954611e-15, 1.88687854539e-15, 1.83649257877e-15, 2.77720228779e-15, 4.28087486927e-15, 2.13279529163e-15, 9.7901232714e-16, 1.49792906282e-15, 3.23598497817e-15, 2.7890594785e-15, 1.71010636919e-15, 2.9436900017e-15, 2.1504603755e-15, 1.88908908963e-15], "median": [1.03183738247e-05, 0.000322165957186, 0.000721071264707, 0.000436076836195, 0.000527861411683, 0.000288639392238, 8.93921533134e-05, 6.82183454046e-05, 5.48952812096e-05, 2.53375874308e-05, 2.52583995461e-05, 1.2105901078e-05, 5.03780438521e-06, 1.03965603557e-05, 5.37973573955e-06, 4.1824669097e-06, 2.88108253699e-06, 4.9888490139e-06, 3.58241732101e-06, 1.85844294265e-06, 1.78802440587e-06, 8.63376726556e-07, 1.03580532596e-06, 9.74942054199e-07, 3.76170845584e-07, 2.51370465776e-07, 1.90565273783e-07, 1.20574881635e-07, 9.40176576592e-08, 8.27678050541e-08, 5.20085734479e-08, 3.80797580135e-08, 3.82447282732e-08, 2.45565310308e-08, 1.55408041991e-08, 9.76646585826e-09, 9.42152311723e-09, 8.70078409321e-09, 5.76437386712e-09, 3.58432661329e-09], "dvar2": [7.98602906027e-10, 5.04729314343e-07, 1.08516007913e-06, 5.5667169363e-06, 1.71717942976e-06, 1.0031282045e-06, 4.94149958286e-07, 4.1043076493e-08, 2.06713025364e-07, 9.63650634844e-08, 1.40245631997e-07, 7.22812600884e-08, 4.83856155142e-09, 8.50919246176e-09, 1.05259294614e-08, 4.90659557428e-09, 2.54393395238e-09, 1.26053556482e-09, 7.54455498075e-10, 3.85456361274e-10, 2.93497087744e-10, 2.18488740988e-10, 2.60535065744e-10, 2.10542833168e-10, 1.37081929141e-10, 2.00769872949e-10, 1.27992977328e-10, 2.90705431949e-10, 2.1499305114e-10, 2.09300007881e-10, 1.64992144946e-10, 4.21825838148e-11, 1.93115714392e-11, 1.46075530144e-11, 1.59693976792e-11, 2.449132043e-11, 2.44265614679e-11, 2.30016439923e-11, 1.16136440742e-11, 2.13594441613e-12], "var": [1.05778197312e-09, 1.18752177514e-06, 1.37675760925e-06, 5.16170439369e-06, 3.84501299777e-06, 3.80058372684e-06, 1.49522952597e-06, 1.37565692171e-07, 7.97128791419e-07, 1.67122081507e-07, 2.15812008264e-07, 8.27464674558e-08, 9.73676517191e-09, 1.3676960009e-08, 7.9286932575e-09, 1.02378177047e-08, 8.11723399607e-09, 4.81529616181e-09, 1.74987480062e-09, 4.07557737558e-10, 2.89114093777e-10, 1.35758154718e-10, 1.39321595927e-10, 1.38317551857e-10, 9.41827241197e-11, 1.82147852357e-10, 1.15459530825e-10, 1.52256388053e-10, 1.75625125554e-10, 1.89467913581e-10, 1.30633767692e-10, 3.83324101627e-11, 2.20478201668e-11, 2.0361714051e-11, 2.59942380121e-11, 3.99505636905e-11, 3.7592564478e-11, 3.4266971205e-11, 1.5815144333e-11, 2.77815964678e-12], "dmean2": [1.54560984811e-05, 0.000407728861319, 0.000667178654112, 0.00090804125648, 0.000592593918554, 0.000361349288141, 0.000163838223671, 7.84585499787e-05, 0.000153435961693, 8.31765864859e-05, 9.20194288483e-05, 7.33695414965e-05, 2.19710545935e-05, 2.50187058555e-05, 1.85845437954e-05, 2.11435035453e-05, 1.52397205966e-05, 1.48205754158e-05, 9.37362710829e-06, 5.65883146919e-06, 5.59287718715e-06, 3.66416225006e-06, 3.58670740752e-06, 3.01676254821e-06, 1.60490435519e-06, 1.61745799687e-06, 1.57014460456e-06, 1.8390594505e-06, 2.01490456675e-06, 1.85515671092e-06, 1.71711894836e-06, 9.37580523441e-07, 7.35625462767e-07, 6.82129780216e-07, 7.18696412605e-07, 8.00681675628e-07, 8.83155678366e-07, 8.01931548722e-07, 5.43375904272e-07, 2.59129137703e-07], "max": [0.000457909889519, 0.0176021102816, 0.0103226471692, 0.026727963239, 0.0250958763063, 0.0219155680388, 0.0216877926141, 0.00708077521995, 0.0121711334214, 0.00824441760778, 0.00775494193658, 0.00744394771755, 0.00308749987744, 0.00316758593544, 0.00309192482382, 0.00131743575912, 0.00154617067892, 0.000801753427368, 0.000636052747723, 0.00054696953157, 0.000373976130504, 0.000325766712194, 0.000364053878002, 0.000315401674015, 0.000445206824224, 0.000518320710398, 0.000367592991097, 0.000546635244973, 0.000344503147062, 0.000461685762275, 0.000260310975136, 0.000129276071675, 0.000106998202682, 8.70269941515e-05, 0.000116001669085, 0.000230689009186, 0.000108079679194, 0.000111017652671, 0.000123050296679, 2.92568001896e-05], "dmean": [9.70746077655e-06, 0.000282735156361, 0.000411146989791, 0.000632056267932, 0.000420989585109, 0.000260223285295, 0.000117383409815, 6.13911397522e-05, 0.000123687219457, 6.01318206463e-05, 6.4306826971e-05, 4.67712779937e-05, 1.36996059155e-05, 1.75364402821e-05, 1.25371661852e-05, 1.42647777466e-05, 1.04106502476e-05, 1.00488423413e-05, 6.19792626821e-06, 3.72328145204e-06, 3.54031703864e-06, 2.30701539294e-06, 2.26724705499e-06, 2.01985653803e-06, 1.02619310383e-06, 1.03654019767e-06, 1.01636396721e-06, 1.21848643175e-06, 1.31555646021e-06, 1.29030468088e-06, 1.14815861707e-06, 6.34810476186e-07, 5.12628389515e-07, 4.71039328431e-07, 4.99959924127e-07, 5.57306236715e-07, 5.97586904405e-07, 5.72958811063e-07, 3.90628997593e-07, 1.82764807732e-07]}, "spectral_decrease": {"dvar": 4.66781328386e-18, "mean": -6.03661653997e-09, "min": -3.96260624314e-08, "median": -4.86116524812e-09, "dvar2": 9.24888013688e-18, "var": 2.24046269511e-17, "dmean2": 2.01438044023e-09, "max": 1.51193382087e-14, "dmean": 1.41720690738e-09}, "spectral_rolloff": {"dvar": 558548.6875, "mean": 957.227905273, "min": 129.19921875, "median": 559.86328125, "dvar2": 1034962.3125, "var": 4508111, "dmean2": 339.082000732, "max": 21856.2011719, "dmean": 204.366836548}, "melbands_crest": {"dvar": 7.4612827301, "mean": 15.9810838699, "min": 2.0997338295, "median": 15.1936635971, "dvar2": 18.4382629395, "var": 30.6612987518, "dmean2": 4.21919107437, "max": 34.6126441956, "dmean": 2.68531990051}, "barkbands_skewness": {"dvar": 0.89208394289, "mean": 1.87832283974, "min": -67.185760498, "median": 1.95204877853, "dvar2": 1.87956225872, "var": 17.3841209412, "dmean2": 0.822878360748, "max": 13.0406303406, "dmean": 0.555041193962}, "spectral_centroid": {"dvar": 73925.7421875, "mean": 639.15802002, "min": 169.80670166, "median": 490.629302979, "dvar2": 116078.703125, "var": 382183.5, "dmean2": 156.447052002, "max": 11314.8701172, "dmean": 106.956108093}, "spectral_energyband_middle_low": {"dvar": 6.26708570053e-05, "mean": 0.0189534313977, "min": 3.62197285239e-14, "median": 0.0141709642485, "dvar2": 0.000123068050016, "var": 0.000280579784885, "dmean2": 0.00684071192518, "max": 0.147333472967, "dmean": 0.00482655921951}, "erbbands_crest": {"dvar": 5.7505531311, "mean": 12.9688224792, "min": 2.71832084656, "median": 11.9516716003, "dvar2": 13.1763162613, "var": 26.5929889679, "dmean2": 3.46472859383, "max": 31.2719535828, "dmean": 2.27481603622}, "dynamic_complexity": 3.73278212547, "spectral_energyband_low": {"dvar": 5.74148680244e-06, "mean": 0.00358231295832, "min": 6.06006130693e-14, "median": 0.00233689509332, "dvar2": 1.36680246214e-05, "var": 2.04060925171e-05, "dmean2": 0.002160807373, "max": 0.0695214495063, "dmean": 0.00140030914918}, "silence_rate_60dB": {"dvar": 0.0171283949167, "mean": 0.0468928329647, "min": 0, "median": 0, "dvar2": 0.0396731123328, "var": 0.0446924492717, "dmean2": 0.0348656214774, "max": 1, "dmean": 0.0174310021102}, "erbbands_kurtosis": {"dvar": 8.39484405518, "mean": 2.65098929405, "min": -1.85142505169, "median": 1.19588184357, "dvar2": 17.7814350128, "var": 23.831073761, "dmean2": 2.44687128067, "max": 69.5344696045, "dmean": 1.62964069843}, "spectral_complexity": {"dvar": 3.97344899178, "mean": 10.1044712067, "min": 0, "median": 10, "dvar2": 8.43779468536, "var": 19.1392822266, "dmean2": 2.56677389145, "max": 45, "dmean": 1.58248603344}, "barkbands_crest": {"dvar": 4.69378566742, "mean": 12.159157753, "min": 3.00775241852, "median": 11.2761926651, "dvar2": 11.1075439453, "var": 19.3154506683, "dmean2": 3.23785209656, "max": 26.9167346954, "dmean": 2.09627151489}, "spectral_energy": {"dvar": 7.07265280653e-05, "mean": 0.023920988664, "min": 2.38672948592e-12, "median": 0.0195769872516, "dvar2": 0.000140567455674, "var": 0.000345686537912, "dmean2": 0.00789797771722, "max": 0.153879642487, "dmean": 0.00556032406166}, "spectral_spread": {"dvar": 564102234112, "mean": 3354190.25, "min": 836014.9375, "median": 2552114.75, "dvar2": 1034968694780.0, "var": 8642732490750.0, "dmean2": 712532.5, "max": 40095636, "dmean": 469703.0625}, "spectral_contrast_valleys": {"dvar": [0.165641352534, 0.115088053048, 0.206260278821, 0.164863452315, 0.173396781087, 0.207301989198], "mean": [-8.43093109131, -7.40855741501, -8.47425365448, -9.05180835724, -9.26905727386, -11.6114110947], "min": [-26.8126277924, -27.3782234192, -26.9994125366, -27.4537754059, -27.3183670044, -27.2018699646], "median": [-8.29758644104, -7.32411670685, -8.43335723877, -8.97372341156, -9.24908065796, -11.9903898239], "dvar2": [0.396188497543, 0.240090504289, 0.452205091715, 0.345795810223, 0.365525871515, 0.4268014431], "var": [1.6035490036, 1.30735838413, 1.07613587379, 1.06307935715, 1.14234292507, 1.64588594437], "dmean2": [0.734792292118, 0.501257061958, 0.635251820087, 0.589197874069, 0.5026871562, 0.416949480772], "max": [-6.28165531158, -5.13260746002, -5.65373897552, -6.4648900032, -5.66167593002, -7.32467079163], "dmean": [0.450852006674, 0.314986139536, 0.404387533665, 0.38103094697, 0.327182292938, 0.281178325415]}, "spectral_rms": {"dvar": 4.44560754431e-07, "mean": 0.00445883441716, "min": 4.82547051206e-08, "median": 0.00437029730529, "dvar2": 8.40957909531e-07, "var": 3.4564507132e-06, "dmean2": 0.000765687727835, "max": 0.0122526111081, "dmean": 0.000542794412468}, "barkbands_spread": {"dvar": 34.0095405579, "mean": 8.71838951111, "min": 0.046110458672, "median": 6.31096076965, "dvar2": 66.0154266357, "var": 114.612838745, "dmean2": 3.83259701729, "max": 131.078979492, "dmean": 2.51643228531}, "pitch_salience": {"dvar": 0.00312440609559, "mean": 0.492701411247, "min": 0.0702714622021, "median": 0.490112960339, "dvar2": 0.00746952462941, "var": 0.0125947957858, "dmean2": 0.0863274335861, "max": 0.919560968876, "dmean": 0.0551625974476}, "erbbands_skewness": {"dvar": 0.211178764701, "mean": 1.02242660522, "min": -3.77241897583, "median": 0.960210442543, "dvar2": 0.417085677385, "var": 1.10533928871, "dmean2": 0.541861236095, "max": 6.82611751556, "dmean": 0.371138572693}, "spectral_energyband_middle_high": {"dvar": 3.57518706551e-06, "mean": 0.00247548473999, "min": 3.24894787723e-13, "median": 0.00103807193227, "dvar2": 8.2973501776e-06, "var": 1.49590432557e-05, "dmean2": 0.0011395533802, "max": 0.0768098458648, "dmean": 0.000761765695643}, "erbbands": {"dvar": [1.23934717067e-06, 0.0028779944405, 1.89291715622, 14.2081880569, 141.744873047, 733.603637695, 1082.72167969, 1119.60290527, 1228.04052734, 161.374160767, 2104.46313477, 818.861694336, 2587.06323242, 1488.60070801, 194.092132568, 967.997802734, 334.946807861, 418.216339111, 200.758041382, 101.024093628, 68.3026351929, 69.8605728149, 107.449188232, 85.6346588135, 145.036880493, 196.965072632, 193.016616821, 192.524261475, 48.9845848083, 24.0866146088, 26.5925121307, 32.9824295044, 20.9751167297, 2.39511489868, 0.0975710526109, 0.0167324356735, 0.00473103579134, 0.000482365052449, 1.71588715148e-06, 4.82733586438e-09], "mean": [0.00140177563298, 0.0904656872153, 1.90091502666, 5.84420442581, 9.84432983398, 20.6311073303, 39.0804443359, 44.1276741028, 34.5715713501, 17.7751750946, 53.0460014343, 30.3008289337, 34.1415138245, 22.7121582031, 8.58068180084, 14.9094600677, 14.1364555359, 16.5572986603, 18.1986484528, 6.95281791687, 5.44024896622, 3.95727396011, 4.27740621567, 2.33955097198, 2.09231710434, 2.29808425903, 2.85287928581, 2.81636857986, 1.60008895397, 1.41015911102, 1.46709752083, 1.59640932083, 1.25196540356, 0.452110946178, 0.10538700968, 0.0406667292118, 0.0212258193642, 0.00462227640674, 0.000382476078812, 4.98368790431e-05], "min": [1.6331685353e-12, 2.45072191707e-13, 8.64711243147e-13, 6.73564882255e-13, 3.53951872152e-12, 2.08124420475e-11, 5.38759176161e-11, 3.23155772974e-11, 5.44369896383e-11, 1.04833371151e-10, 2.74477024442e-10, 1.78171685739e-10, 4.4711206959e-10, 4.04372396678e-10, 2.78104733686e-10, 3.10864334274e-10, 7.46531336748e-10, 2.23598806137e-09, 1.5036654144e-09, 1.25335730683e-09, 2.89420176713e-09, 7.2505279558e-10, 1.08737752136e-09, 1.9301624743e-09, 5.9905813643e-09, 3.47832163072e-09, 3.12044234896e-09, 6.88191104103e-09, 3.39758665646e-09, 2.44540965255e-09, 5.55390489154e-09, 3.31372307372e-09, 3.99534272333e-09, 2.31634977865e-09, 1.89802551454e-09, 1.61782609531e-09, 6.67066013538e-10, 2.56533794207e-10, 7.60406460021e-11, 7.51781883274e-12], "median": [0.000836325401906, 0.0421450585127, 0.928620934486, 3.73609948158, 4.25121545792, 7.88281965256, 14.9326562881, 12.4957313538, 6.31880712509, 6.98966503143, 7.82329416275, 5.76661300659, 5.92465543747, 3.65282440186, 2.69742703438, 4.31311941147, 2.49273681641, 2.3020401001, 3.8558754921, 2.2999985218, 1.77114784718, 1.07985794544, 1.29665446281, 0.617766022682, 0.363126754761, 0.227251216769, 0.157166421413, 0.119517274201, 0.0785333514214, 0.0567548647523, 0.0271928980947, 0.0173156708479, 0.011937327683, 0.00539401825517, 0.00237530795857, 0.00116425775923, 0.000492026621941, 0.000173482287209, 4.42329728685e-05, 2.89852578135e-05], "dvar2": [2.82301448351e-06, 0.00541359046474, 3.5439991951, 40.2114982605, 299.342834473, 1391.16796875, 2044.39599609, 2203.79956055, 2683.99975586, 306.145355225, 3320.64916992, 1707.99316406, 5459.49365234, 3652.88525391, 353.675354004, 2296.52905273, 794.839233398, 775.141845703, 435.388336182, 199.566513062, 151.904281616, 188.952667236, 257.150726318, 185.277389526, 286.294586182, 435.408905029, 383.568328857, 388.334320068, 98.5046157837, 42.1151809692, 41.3605003357, 56.2695655823, 35.7460517883, 4.02103376389, 0.175760835409, 0.0313377827406, 0.00914810039103, 0.000927803688683, 2.60980891653e-06, 7.78213493646e-09], "var": [3.20518165609e-06, 0.0155079625547, 8.63690185547, 42.2879753113, 272.263824463, 1500.50024414, 4472.75878906, 8560.97363281, 7460.74560547, 867.625671387, 13661.4189453, 3528.48852539, 8422.83203125, 4207.22802734, 770.911315918, 2153.35571289, 1170.56982422, 2677.48120117, 1743.92053223, 294.383636475, 165.13822937, 99.215675354, 168.525436401, 138.735656738, 272.921234131, 274.345214844, 399.091827393, 408.673553467, 107.28163147, 67.2807159424, 86.4160995483, 97.5897674561, 58.5979614258, 6.59506368637, 0.253398984671, 0.0471043549478, 0.0154046332464, 0.00176097196527, 7.92384344095e-06, 2.18482583136e-08], "dmean2": [0.000856950937305, 0.047355350107, 1.08334112167, 3.74139881134, 7.72559595108, 15.6012897491, 17.626493454, 15.8090372086, 11.505698204, 6.26279687881, 19.7398395538, 12.3833312988, 18.2034549713, 17.1711006165, 6.48458099365, 8.76675128937, 8.43149375916, 8.53177165985, 9.0035982132, 4.57900238037, 4.44514989853, 3.19752049446, 3.47689437866, 2.01722931862, 2.09633374214, 2.49752259254, 2.7880115509, 2.80369734764, 1.48183906078, 1.17857134342, 1.17685449123, 1.33373498917, 0.990805923939, 0.352568536997, 0.0885785967112, 0.0329460427165, 0.0167791843414, 0.0036975867115, 0.000264627626166, 2.21959853661e-05], "max": [0.0465819500387, 1.40065026283, 47.2660064697, 72.9942779541, 196.680847168, 436.016387939, 915.493225098, 1129.37756348, 1661.8145752, 594.622070312, 1549.71484375, 913.980834961, 1527.28625488, 1647.93786621, 780.965759277, 1697.22583008, 660.8046875, 909.764465332, 515.646118164, 467.915985107, 271.65057373, 293.980255127, 440.793304443, 490.785308838, 513.33984375, 637.126464844, 573.344970703, 419.564971924, 234.136032104, 151.634017944, 206.138870239, 240.594802856, 181.177703857, 49.3663635254, 9.21686458588, 4.3530254364, 4.04336214066, 1.65957891941, 0.0974014699459, 0.00425602169707], "dmean": [0.000557798426598, 0.0326043330133, 0.755905747414, 2.27757811546, 5.11483430862, 10.9417457581, 12.6939268112, 11.4651651382, 8.2199382782, 4.70870399475, 16.0210838318, 9.16192531586, 12.7400426865, 10.9160051346, 4.20079660416, 6.10849142075, 5.68510007858, 5.83077430725, 6.07211494446, 3.04809308052, 2.82322001457, 2.02139997482, 2.30450677872, 1.31448614597, 1.37880659103, 1.66672980785, 1.91889989376, 1.92890608311, 1.04461228848, 0.830709218979, 0.834713876247, 0.918855965137, 0.726135730743, 0.25971326232, 0.0617540255189, 0.0228505954146, 0.0118546625599, 0.00256438856013, 0.000188636520761, 1.56229325512e-05]}, "dissonance": {"dvar": 0.00085772771854, "mean": 0.404159486294, "min": 0.144079983234, "median": 0.412313699722, "dvar2": 0.00224172067828, "var": 0.00316622713581, "dmean2": 0.0509048588574, "max": 0.500000059605, "dmean": 0.0310563407838}, "erbbands_flatness_db": {"dvar": 0.000413759611547, "mean": 0.233501672745, "min": 0.013540524058, "median": 0.234352052212, "dvar2": 0.000874545949046, "var": 0.00302085070871, "dmean2": 0.0250873211771, "max": 0.424551486969, "dmean": 0.0171455405653}, "melbands_kurtosis": {"dvar": 211.212188721, "mean": 16.8288516998, "min": -1.82400369644, "median": 9.10728931427, "dvar2": 468.218933105, "var": 594.408569336, "dmean2": 10.4437103271, "max": 557.806762695, "dmean": 6.8965959549}, "melbands_spread": {"dvar": 92.0603485107, "mean": 11.571972847, "min": 0.411056995392, "median": 7.44080924988, "dvar2": 165.519393921, "var": 339.771697998, "dmean2": 4.90301704407, "max": 258.029663086, "dmean": 3.30454587936}, "melbands_skewness": {"dvar": 0.58473020792, "mean": 2.54953241348, "min": -1.55769383907, "median": 2.23749136925, "dvar2": 1.27166295052, "var": 3.12856864929, "dmean2": 0.875544905663, "max": 19.1251239777, "dmean": 0.591335356236}, "spectral_entropy": {"dvar": 0.091165445745, "mean": 6.39393854141, "min": 4.06935071945, "median": 6.33478784561, "dvar2": 0.194371879101, "var": 0.489234626293, "dmean2": 0.339038074017, "max": 9.81070137024, "dmean": 0.229241505265}, "zerocrossingrate": {"dvar": 0.000220484202146, "mean": 0.0381751954556, "min": 0.00537109375, "median": 0.025390625, "dvar2": 0.000217467386392, "var": 0.00581827946007, "dmean2": 0.00664152670652, "max": 0.90283203125, "dmean": 0.00586773408577}, "average_loudness": 0.701607942581, "spectral_contrast_coeffs": {"dvar": [0.00143710989505, 0.00123629264999, 0.00124777015299, 0.000805650895927, 0.000529393262696, 0.000247303571086], "mean": [-0.497036010027, -0.612819194794, -0.684613764286, -0.726373791695, -0.770821988583, -0.797767996788], "min": [-0.970142662525, -0.961618185043, -0.974572062492, -0.957102298737, -0.96026968956, -0.960986673832], "median": [-0.496493935585, -0.618888020515, -0.688590764999, -0.728683233261, -0.770432114601, -0.800034761429], "dvar2": [0.00363081716932, 0.00279419124126, 0.00284377648495, 0.0018057791749, 0.00113998504821, 0.000556000624783], "var": [0.00745925633237, 0.0092525659129, 0.00890207197517, 0.00609546527267, 0.00318011105992, 0.00183733133599], "dmean2": [0.0730300098658, 0.0573073625565, 0.0594944767654, 0.0511259138584, 0.0369474329054, 0.0242207497358], "max": [-0.210544586182, -0.305627852678, -0.39063552022, -0.492385357618, -0.553814828396, -0.633242726326], "dmean": [0.0449835062027, 0.0368473045528, 0.0386125296354, 0.0325702503324, 0.0239216722548, 0.0156483147293]}, "barkbands_flatness_db": {"dvar": 0.000694736372679, "mean": 0.239913970232, "min": 0.0364472307265, "median": 0.236843422055, "dvar2": 0.00148021045607, "var": 0.00408752402291, "dmean2": 0.0329845808446, "max": 0.588706314564, "dmean": 0.0221919324249}, "silence_rate_30dB": {"dvar": 0.00227725785226, "mean": 0.998443841934, "min": 0, "median": 1, "dvar2": 0.00599673669785, "var": 0.00155389367137, "dmean2": 0.00456573627889, "max": 1, "dmean": 0.00228263135068}, "spectral_energyband_high": {"dvar": 9.0658602403e-07, "mean": 0.00031554888119, "min": 1.69275140779e-12, "median": 1.51863241626e-05, "dvar2": 1.34583876843e-06, "var": 3.06006927531e-06, "dmean2": 0.000211282283999, "max": 0.0253335759044, "dmean": 0.000160542971571}, "melbands_flatness_db": {"dvar": 0.0010331486119, "mean": 0.315346986055, "min": 0.00972360838205, "median": 0.314298599958, "dvar2": 0.00216925120912, "var": 0.00635009072721, "dmean2": 0.0376379564404, "max": 0.625233054161, "dmean": 0.0257153213024}, "barkbands": {"dvar": [5.83551219499e-12, 1.31210047272e-08, 3.34010996994e-06, 2.12693043977e-06, 3.96505201934e-05, 1.4491818547e-05, 3.63147273674e-06, 3.00262922792e-06, 2.58833665612e-06, 2.23997244575e-06, 1.39312419378e-07, 4.55299584701e-07, 1.77155584424e-07, 1.35886111252e-07, 6.49860396607e-08, 2.94919946242e-08, 3.18682467082e-08, 3.45653283773e-08, 5.23888772364e-08, 8.33439486314e-08, 1.16940881867e-07, 3.27805267375e-08, 3.03142115854e-08, 7.31217042471e-08, 6.90074131171e-09, 1.07064723753e-09, 1.13689314907e-10], "mean": [3.98817604719e-07, 0.000165201752679, 0.00219875620678, 0.00229093339294, 0.00569452112541, 0.00552252586931, 0.0017009639414, 0.00208127731457, 0.00129673129413, 0.000965256243944, 0.000137582683237, 0.000362006772775, 0.000302263855701, 0.00032060261583, 0.000265666807536, 9.16148128454e-05, 7.65190998209e-05, 7.2532777267e-05, 4.06865437981e-05, 4.95436797792e-05, 7.41871335777e-05, 4.4906653784e-05, 4.91318278364e-05, 7.86112941569e-05, 2.55388149526e-05, 1.05726803667e-05, 2.52362883657e-06], "min": [6.99149736044e-14, 1.19349779829e-15, 3.8095881197e-16, 1.99525175231e-16, 5.34915875158e-15, 5.17039753026e-15, 5.25316958986e-15, 8.84745564571e-15, 8.15444039333e-15, 2.0903224762e-14, 5.84889548496e-15, 6.42906223186e-15, 2.48385635519e-14, 4.02175580165e-14, 2.58465005719e-14, 4.33195010896e-14, 9.0158322431e-15, 1.85959680001e-14, 8.05076017245e-14, 8.47330696276e-14, 1.31497392727e-13, 8.13510568046e-14, 1.68266008765e-13, 2.01123229941e-13, 2.10223494428e-13, 4.05699698012e-13, 5.32793915323e-13], "median": [1.36730122335e-07, 6.62132079015e-05, 0.0010668290779, 0.00131625356153, 0.00245161517523, 0.00183285272215, 0.000347795372363, 0.000272194884019, 0.000161777425092, 0.000144802921568, 1.63553086168e-05, 9.07178400666e-05, 3.43066167261e-05, 2.94121891784e-05, 5.76989914407e-05, 2.72469787888e-05, 1.74826145667e-05, 2.0692774342e-05, 7.22506592865e-06, 4.63117021354e-06, 3.35257936968e-06, 2.23972483582e-06, 9.98335053737e-07, 8.3122279193e-07, 4.01581218057e-07, 2.75263602134e-07, 2.41757675212e-07], "dvar2": [1.12720891648e-11, 3.18929807008e-08, 6.87240253683e-06, 5.92367950958e-06, 7.63798379921e-05, 2.87365146505e-05, 7.72765633883e-06, 4.70092254545e-06, 5.40090650247e-06, 4.97193514093e-06, 2.89644191298e-07, 1.02653666545e-06, 4.22305873826e-07, 2.49580494938e-07, 1.45953805486e-07, 6.61813643887e-08, 8.48493115768e-08, 8.53000514667e-08, 1.07812255123e-07, 1.75805539016e-07, 2.2416189438e-07, 6.35388914816e-08, 4.72830699039e-08, 1.16808358541e-07, 1.22815384529e-08, 1.90882953888e-09, 2.08389264178e-10], "var": [7.31513807861e-12, 5.3394995092e-08, 1.36346025101e-05, 8.07890410215e-06, 8.34625461721e-05, 8.59105348354e-05, 2.05982451007e-05, 1.97764202312e-05, 9.08243055164e-06, 7.04135300111e-06, 3.81580747444e-07, 1.2168561625e-06, 6.16211650595e-07, 8.47094554501e-07, 4.5104968649e-07, 6.14101125507e-08, 4.44148042789e-08, 5.18179632536e-08, 9.78107621563e-08, 1.24860918049e-07, 2.68753325372e-07, 7.65215162346e-08, 9.69695221897e-08, 2.24949445737e-07, 1.83128516795e-08, 3.80639120223e-09, 4.61368998561e-10], "dmean2": [5.10324582592e-07, 0.000102504731331, 0.001444933936, 0.00144291191828, 0.00392621615902, 0.00214125355706, 0.000635825679637, 0.000780911592301, 0.000622826162726, 0.000589766714256, 0.000164430777659, 0.000220828471356, 0.000191921455553, 0.000176691959496, 0.000151763961185, 8.25847091619e-05, 6.88376603648e-05, 6.08118643868e-05, 3.98909323849e-05, 5.51523698959e-05, 6.83652906446e-05, 4.01227625844e-05, 4.01948818762e-05, 6.14753662376e-05, 2.06586901186e-05, 7.89538717072e-06, 1.87024397746e-06], "max": [0.000175134424353, 0.00251487875357, 0.0617988929152, 0.0274935625494, 0.094739459455, 0.089400164783, 0.0907346457243, 0.0560955218971, 0.0712791085243, 0.0482759550214, 0.0186958964914, 0.0348324030638, 0.0119047816843, 0.0151557214558, 0.00843046791852, 0.00589823909104, 0.0064360704273, 0.00732310675085, 0.0109125059098, 0.0118203079328, 0.0121747478843, 0.00538250198588, 0.00722917960957, 0.0095346653834, 0.00270686997101, 0.00183347612619, 0.000727780919988], "dmean": [3.2603713862e-07, 6.52383096167e-05, 0.000983215868473, 0.000870151503477, 0.00274037732743, 0.00156458956189, 0.00045914738439, 0.000633120420389, 0.000446864287369, 0.000394936621888, 9.84088619589e-05, 0.00015253238962, 0.00012896102271, 0.000120663236885, 0.000100261975604, 5.23766684637e-05, 4.26380756835e-05, 4.01722281822e-05, 2.56164348684e-05, 3.66818276234e-05, 4.83762778458e-05, 2.85877995339e-05, 2.84825819108e-05, 4.40759140474e-05, 1.4793590708e-05, 5.68339692109e-06, 1.29109844238e-06]}, "erbbands_spread": {"dvar": 75.5908584595, "mean": 22.9649028778, "min": 1.00535750389, "median": 18.8241252899, "dvar2": 168.030227661, "var": 268.383331299, "dmean2": 7.53722047806, "max": 158.184371948, "dmean": 5.03925704956}, "barkbands_kurtosis": {"dvar": 6860.57861328, "mean": 29.5678882599, "min": -1.94794583321, "median": 6.41958713531, "dvar2": 19340.1640625, "var": 57622.28125, "dmean2": 14.6935091019, "max": 6429.13183594, "dmean": 9.24478340149}, "spectral_flux": {"dvar": 0.000572191434912, "mean": 0.0483234189451, "min": 3.79872290068e-05, "median": 0.0401558950543, "dvar2": 0.00143992411904, "var": 0.00111252302304, "dmean2": 0.0307521261275, "max": 0.307341456413, "dmean": 0.0192856006324}, "silence_rate_20dB": {"dvar": 0, "mean": 1, "min": 1, "median": 1, "dvar2": 0, "var": 0, "dmean2": 0, "max": 1, "dmean": 0}, "gfcc": {"cov": [[9933.18945312, 32.1064376831, -1118.16491699, 423.204620361, -1145.95471191, 137.543258667, -697.317077637, 111.937927246, -139.07989502, 46.2284431458, -217.093032837, 3.44202303886, -170.262863159], [32.1064376831, 2227.80786133, -279.74420166, -464.152984619, 414.046386719, -226.371932983, 235.866622925, -145.889541626, 73.1666412354, -17.903295517, -1.73510336876, -104.589164734, -67.2069778442], [-1118.16491699, -279.74420166, 1133.99035645, 252.985549927, -4.40327692032, 143.007324219, -107.562736511, 47.5001029968, -89.4706039429, -39.6948623657, 63.0804252625, 79.6341018677, 33.9251289368], [423.204620361, -464.152984619, 252.985549927, 603.670837402, -32.5453834534, 56.4904747009, -101.847473145, 44.3877906799, -78.7303619385, -25.5605812073, -15.7098093033, -14.8774347305, 17.5150356293], [-1145.95471191, 414.046386719, -4.40327692032, -32.5453834534, 449.067504883, -40.8266487122, 133.425872803, -33.2500114441, 22.6731529236, -10.116938591, -5.33866262436, -51.1819839478, -6.16381788254], [137.543258667, -226.371932983, 143.007324219, 56.4904747009, -40.8266487122, 202.457595825, -7.75213527679, 26.338054657, -15.8759155273, -1.2122682333, -5.00722455978, -1.43168723583, -14.8756580353], [-697.317077637, 235.866622925, -107.562736511, -101.847473145, 133.425872803, -7.75213527679, 278.017181396, -14.2392854691, 22.6423740387, 18.8816318512, 6.42271852493, -36.2240753174, -31.2402267456], [111.937927246, -145.889541626, 47.5001029968, 44.3877906799, -33.2500114441, 26.338054657, -14.2392854691, 125.255500793, 21.8503017426, -9.24348735809, -3.58183550835, 2.67135024071, 1.33725833893], [-139.07989502, 73.1666412354, -89.4706039429, -78.7303619385, 22.6731529236, -15.8759155273, 22.6423740387, 21.8503017426, 129.454925537, 37.9068450928, -3.63028502464, -23.1489467621, -16.8944530487], [46.2284431458, -17.903295517, -39.6948623657, -25.5605812073, -10.116938591, -1.2122682333, 18.8816318512, -9.24348735809, 37.9068450928, 112.376335144, 26.0357322693, -15.9268407822, -17.6757564545], [-217.093032837, -1.73510336876, 63.0804252625, -15.7098093033, -5.33866262436, -5.00722455978, 6.42271852493, -3.58183550835, -3.63028502464, 26.0357322693, 100.878875732, 41.2641868591, 0.340155750513], [3.44202303886, -104.589164734, 79.6341018677, -14.8774347305, -51.1819839478, -1.43168723583, -36.2240753174, 2.67135024071, -23.1489467621, -15.9268407822, 41.2641868591, 119.387695312, 33.4330482483], [-170.262863159, -67.2069778442, 33.9251289368, 17.5150356293, -6.16381788254, -14.8756580353, -31.2402267456, 1.33725833893, -16.8944530487, -17.6757564545, 0.340155750513, 33.4330482483, 99.483833313]], "mean": [-83.0500183105, 133.647079468, -101.933296204, -2.73642706871, -55.1487770081, -11.8716115952, -47.0894622803, -12.6197118759, -25.9048786163, -11.7978496552, -20.4974079132, -10.1528778076, -13.8250789642], "icov": [[0.000500882975757, -0.000555003935006, 0.000756916822866, -0.000660744321067, 0.00116530084051, -0.000793657731265, 0.00112553057261, -0.00071364332689, 0.000837892526761, -0.000802108959761, 0.000968849577475, -0.00077577540651, 0.000914255098905], [-0.000555003935006, 0.00140395830385, -0.000902873696759, 0.00122278544586, -0.00176202948205, 0.00152411242016, -0.00139858329203, 0.00130960415117, -0.00101180945057, 0.00134072918445, -0.00125322968233, 0.00140740198549, -0.000649178691674], [0.000756916822866, -0.000902873696759, 0.00236331974156, -0.00138077698648, 0.00151209230535, -0.00201938208193, 0.0020555164665, -0.00140080705751, 0.00167126778979, -0.00106416631024, 0.000748740916606, -0.00170745141804, 0.00124470819719], [-0.000660744321067, 0.00122278544586, -0.00138077698648, 0.0033506040927, -0.0019140210934, 0.00129492371343, -0.000923541549128, 0.000454709399492, 0.000145340469317, 0.00113455811515, -0.00118136650417, 0.00224901200272, -0.0011704195058], [0.00116530084051, -0.00176202948205, 0.00151209230535, -0.0019140210934, 0.00590925524011, -0.00164883723482, 0.00133542728145, -0.00118446908891, 0.00132387282792, -0.00130158348475, 0.0020992627833, -0.000936419295613, 0.00148129533045], [-0.000793657731265, 0.00152411242016, -0.00201938208193, 0.00129492371343, -0.00164883723482, 0.00766264600679, -0.00231521623209, 0.000662929611281, -0.00087898230413, 0.00127589644399, -0.000877742713783, 0.00186738965567, -0.000107498373836], [0.00112553057261, -0.00139858329203, 0.0020555164665, -0.000923541549128, 0.00133542728145, -0.00231521623209, 0.00737287150696, -0.00193624501117, 0.00226735789329, -0.00229170010425, 0.0015026028268, -0.00110663357191, 0.00286558480002], [-0.00071364332689, 0.00130960415117, -0.00140080705751, 0.000454709399492, -0.00118446908891, 0.000662929611281, -0.00193624501117, 0.0107448138297, -0.00423859013245, 0.00299016805366, -0.0015440613497, 0.00130216032267, -0.00128660013434], [0.000837892526761, -0.00101180945057, 0.00167126778979, 0.000145340469317, 0.00132387282792, -0.00087898230413, 0.00226735789329, -0.00423859013245, 0.0121196564287, -0.00483935931697, 0.00232899654657, -0.00038223573938, 0.00219338107854], [-0.000802108959761, 0.00134072918445, -0.00106416631024, 0.00113455811515, -0.00130158348475, 0.00127589644399, -0.00229170010425, 0.00299016805366, -0.00483935931697, 0.0132383229211, -0.00573186203837, 0.00373751600273, -0.000659759738483], [0.000968849577475, -0.00125322968233, 0.000748740916606, -0.00118136650417, 0.0020992627833, -0.000877742713783, 0.0015026028268, -0.0