{"tonal": {"hpcp": {"dvar": [0.0353594385087, 0.0444528646767, 0.0296515934169, 0.0187911838293, 0.0168908201158, 0.0193185731769, 0.0240246821195, 0.0309687349945, 0.0202911328524, 0.0155304251239, 0.0113065149635, 0.0118050929159, 0.0107777575031, 0.0171898249537, 0.0232215188444, 0.0314786359668, 0.0449298024178, 0.0388323627412, 0.0256619229913, 0.0191524103284, 0.0296656545252, 0.0367396734655, 0.0451098456979, 0.0465748980641, 0.0736855939031, 0.0291621889919, 0.0215633455664, 0.026228249073, 0.0291680693626, 0.0220600664616, 0.0243566241115, 0.0267734508961, 0.0213800836354, 0.0179512500763, 0.0235641840845, 0.0275246780366], "var": [0.0756196156144, 0.149741902947, 0.0492726042867, 0.0135092148557, 0.0133164077997, 0.019503492862, 0.0510769560933, 0.0828981399536, 0.0337533466518, 0.0105748865753, 0.00659788958728, 0.00744686275721, 0.0123129626736, 0.0279731657356, 0.0233519431204, 0.0545580200851, 0.16255953908, 0.0865180492401, 0.0176981501281, 0.013101477176, 0.0231205672026, 0.0485028140247, 0.0893345698714, 0.067393399775, 0.0579856336117, 0.0238364655524, 0.0253049880266, 0.0509379133582, 0.0705875456333, 0.0380803272128, 0.0570842586458, 0.0894033536315, 0.0246517322958, 0.0117262462154, 0.0164100099355, 0.0193158444017], "median": [0.0374507047236, 0.0617411918938, 0.0346067473292, 0.00506425229833, 0.00374955590814, 0.00416408153251, 0.00966982822865, 0.00976112019271, 0.00737826665863, 0.00325597659685, 0.00180862518027, 0.00171536603011, 0.00449156900868, 0.00693506747484, 0.0118494555354, 0.049862369895, 0.0653804168105, 0.0352054350078, 0.00685661798343, 0.00239605014212, 0.00488110119477, 0.0136312814429, 0.0171909481287, 0.0164534430951, 0.00759745948017, 0.00501226168126, 0.00477855559438, 0.0196651536971, 0.0271730013192, 0.0194210894406, 0.00608967011794, 0.00373180862516, 0.00339918001555, 0.00309886713512, 0.00247073196806, 0.00509546278045], "max": [1, 1, 1, 1, 1, 1, 1, 1, 1, 1, 1, 1, 1, 1, 1, 1, 1, 1, 1, 1, 1, 1, 1, 1, 1, 1, 1, 1, 1, 1, 1, 1, 1, 1, 1, 1], "dmean": [0.114841803908, 0.109257861972, 0.104879684746, 0.0482952818274, 0.039956625551, 0.0494479611516, 0.069618858397, 0.0763735696673, 0.0611127801239, 0.0370068736374, 0.0274107921869, 0.0263874288648, 0.0349756665528, 0.0510374046862, 0.0711804702878, 0.116723962128, 0.115958452225, 0.126999720931, 0.0736490264535, 0.0514564812183, 0.0728290751576, 0.10202075541, 0.107532285154, 0.135226845741, 0.14950761199, 0.0885827317834, 0.0609282366931, 0.0862015411258, 0.0889122337103, 0.0786516219378, 0.0765988230705, 0.0635449513793, 0.0615835227072, 0.0434590764344, 0.0486877672374, 0.0683611929417], "dmean2": [0.19948938489, 0.187131732702, 0.182454898953, 0.0886129662395, 0.0723325163126, 0.0874911993742, 0.119215883315, 0.130015939474, 0.104458838701, 0.0678700655699, 0.0508809238672, 0.0489629618824, 0.0603197216988, 0.089652121067, 0.128503859043, 0.199150621891, 0.199968978763, 0.220661908388, 0.135029911995, 0.0959809720516, 0.132241174579, 0.178066730499, 0.188203468919, 0.235479399562, 0.268184632063, 0.159251302481, 0.107782311738, 0.145419076085, 0.150145083666, 0.137595042586, 0.1342253685, 0.111497506499, 0.111815072596, 0.0807792916894, 0.0908857658505, 0.127246648073], "mean": [0.190831914544, 0.288591712713, 0.152171596885, 0.0383437722921, 0.0329658389091, 0.0476195439696, 0.110180325806, 0.144998520613, 0.0832341685891, 0.0280640926212, 0.0189297012985, 0.0188987683505, 0.0361527428031, 0.0603218898177, 0.0664003938437, 0.177008330822, 0.317119121552, 0.209679752588, 0.0533470064402, 0.0350455008447, 0.0572433434427, 0.115967132151, 0.16113550961, 0.146524995565, 0.109461665154, 0.0665955170989, 0.0601351559162, 0.119759015739, 0.149553954601, 0.103389553726, 0.116041183472, 0.135219156742, 0.0684617459774, 0.0305240340531, 0.0339473150671, 0.0507615469396], "dvar2": [0.0963598787785, 0.10122268647, 0.0815746113658, 0.0530089959502, 0.0481819808483, 0.0543245561421, 0.0620685443282, 0.0804505124688, 0.0531058311462, 0.0444602407515, 0.0326782912016, 0.0331937894225, 0.0278378389776, 0.0432393550873, 0.0638190507889, 0.0841944813728, 0.103777222335, 0.0974948182702, 0.0712231844664, 0.0531172826886, 0.0826850086451, 0.0973156765103, 0.110574580729, 0.119861252606, 0.198564767838, 0.0785190239549, 0.0578837543726, 0.0673911422491, 0.0687211975455, 0.0582804717124, 0.0652927234769, 0.0639529749751, 0.0599211156368, 0.0501215979457, 0.0672146379948, 0.0816053375602], "min": [0, 0, 0, 0, 0, 0, 0, 0, 0, 0, 0, 0, 0, 0, 0, 0, 0, 0, 0, 0, 0, 0, 0, 0, 0, 0, 0, 0, 0, 0, 0, 0, 0, 0, 0, 0]}, "key_key": "D", "thpcp": [1, 0.661201834679, 0.168223872781, 0.11051210016, 0.180510535836, 0.365689486265, 0.508122980595, 0.462050318718, 0.345175236464, 0.210001587868, 0.189629554749, 0.377646774054, 0.471601814032, 0.32602751255, 0.365923017263, 0.426398634911, 0.21588653326, 0.0962541550398, 0.10704909265, 0.16007091105, 0.601767301559, 0.910041987896, 0.47985625267, 0.120912835002, 0.10395412147, 0.150162950158, 0.34744143486, 0.457236766815, 0.262469738722, 0.088497005403, 0.0596927143633, 0.0595951713622, 0.114003665745, 0.190218389034, 0.20938628912, 0.558176159859], "chords_key": "D", "tuning_equal_tempered_deviation": 0.298667311668, "tuning_frequency": 434.193115234, "tuning_diatonic_strength": 0.692442774773, "chords_histogram": [37.3261413574, 3.32103323936, 13.2557477951, 0, 0.681237578392, 0, 0, 0.0283848997205, 0.738007366657, 0, 0, 0, 0, 0, 0, 1.10701107979, 0.0567697994411, 17.0877094269, 0, 0.879931867123, 0, 10.3037185669, 5.30797624588, 9.90633010864], "key_strength": 0.845487356186, "key_scale": "major", "chords_strength": {"dvar": 0.000582598324399, "var": 0.020222608, "median": 0.537343859673, "max": 0.790606439114, "dmean": 0.00884507689625, "dmean2": 0.00809144694358, "mean": 0.518546581268, "dvar2": 0.00111612176988, "min": -1}, "chords_number_rate": 0.00227079191245, "tuning_nontempered_energy_ratio": 0.981491982937, "hpcp_entropy": {"dvar": 0.264310121536, "var": 0.52894359827, "median": 1.66109740734, "max": 4.29027509689, "dmean": 0.553773105145, "dmean2": 0.925704419613, "mean": 1.66402328014, "dvar2": 0.67158895731, "min": 0}, "chords_changes_rate": 0.0598921366036, "chords_scale": "major"}, "rhythm": {"bpm_histogram_first_peak_spread": {"dvar": 0, "var": 0, "median": 0.433476448059, "max": 0.433476448059, "dmean": 0, "dmean2": 0, "mean": 0.433476448059, "dvar2": 0, "min": 0.433476448059}, "bpm_histogram_first_peak_weight": {"dvar": 0, "var": 0, "median": 0.538775503635, "max": 0.538775503635, "dmean": 0, "dmean2": 0, "mean": 0.538775503635, "dvar2": 0, "min": 0.538775503635}, "bpm_histogram_first_peak_bpm": {"dvar": 0, "var": 0, "median": 91, "max": 91, "dmean": 0, "dmean2": 0, "mean": 91, "dvar2": 0, "min": 91}, "bpm": 90.1042785645, "bpm_histogram_second_peak_weight": {"dvar": 0, "var": 0, "median": 0.0244897957891, "max": 0.0244897957891, "dmean": 0, "dmean2": 0, "mean": 0.0244897957891, "dvar2": 0, "min": 0.0244897957891}, "beats_loudness": {"dvar": 0.000243069502176, "var": 0.000403276324505, "median": 0.0379667133093, "max": 0.106797933578, "dmean": 0.016498202458, "dmean2": 0.0284504815936, "mean": 0.0405740886927, "dvar2": 0.000667761545628, "min": 0}, "beats_loudness_band_ratio": {"dvar": [0.0191182028502, 0.00625592237338, 0.0100862914696, 0.0127960033715, 0.00206578639336, 0.00116215553135], "var": [0.0362465046346, 0.0087927877903, 0.0099115408957, 0.0108295893297, 0.00240122782998, 0.00177057064138], "median": [0.657443940639, 0.103118032217, 0.0422726348042, 0.0402232557535, 0.0392801165581, 0.0560790225863], "max": [0.968184411526, 0.505987644196, 0.64530813694, 0.700908958912, 0.475348204374, 0.240392446518], "dmean": [0.177556693554, 0.0883550345898, 0.0820532441139, 0.0845671072602, 0.0314754769206, 0.035902351141], "dmean2": [0.322807967663, 0.154619991779, 0.14468716085, 0.156266957521, 0.0561365075409, 0.0627823397517], "mean": [0.637990236282, 0.125997394323, 0.083523966372, 0.0799212753773, 0.0502842850983, 0.0632816851139], "dvar2": [0.0515491962433, 0.0176323223859, 0.0280476994812, 0.0357423871756, 0.00578708853573, 0.00343282986432], "min": [0, 0, 0, 0, 0, 0]}, "bpm_histogram_second_peak_bpm": {"dvar": 0, "var": 0, "median": 105, "max": 105, "dmean": 0, "dmean2": 0, "mean": 105, "dvar2": 0, "min": 105}, "onset_rate": 3.68031454086, "beats_count": 246, "beats_position": [0.626938760281, 1.26548755169, 1.90403628349, 2.56580495834, 3.23918366432, 3.92417216301, 4.59755086899, 5.27092981339, 5.94430828094, 6.6176867485, 7.27945566177, 7.94122457504, 8.6146030426, 9.287981987, 9.94974994659, 10.6115188599, 11.2732877731, 11.9466667175, 12.6200447083, 13.2818136215, 13.9551925659, 14.6285715103, 15.3135595322, 15.9869384766, 16.6719264984, 17.3453063965, 18.0186843872, 18.7036724091, 19.3886623383, 20.062040329, 20.7354183197, 21.3971881866, 22.0589561462, 22.7323360443, 23.3941040039, 24.0558719635, 24.7292518616, 25.3910198212, 26.0527877808, 26.7261676788, 27.3879356384, 28.0497055054, 28.7230834961, 29.3848514557, 30.0466213226, 30.7083892822, 31.3701572418, 32.0319252014, 32.6936950684, 33.3438529968, 34.0172348022, 34.690612793, 35.3523788452, 36.0141487122, 36.6875267029, 37.3492965698, 38.0226745605, 38.6844444275, 39.3578224182, 40.0195922852, 40.6813583374, 41.3547401428, 42.0165061951, 42.678276062, 43.3516540527, 44.0250320435, 44.6984100342, 45.3717918396, 46.0335578918, 46.6953277588, 47.3454856873, 48.018863678, 48.6806335449, 49.3424034119, 49.9925613403, 50.6543312073, 51.3160972595, 51.9662590027, 52.6280250549, 53.2781867981, 53.9399528503, 54.6133308411, 55.2867126465, 55.9484786987, 56.6102485657, 57.2836265564, 57.9453964233, 58.6071662903, 59.2689323425, 59.9307022095, 60.6040802002, 61.2774581909, 61.9508361816, 62.6242179871, 63.2975959778, 63.9709739685, 64.6443557739, 65.3061218262, 65.9678878784, 66.6412658691, 67.3146438599, 67.9764175415, 68.6381835938, 69.3115615845, 69.9849395752, 70.6583175659, 71.3200912476, 71.9818572998, 72.632019043, 73.2937850952, 73.9555511475, 74.6057128906, 75.2674789429, 75.9292526245, 76.5910186768, 77.252784729, 77.9145584106, 78.5763244629, 79.2380905151, 79.8998641968, 80.5500183105, 81.2001800537, 81.861946106, 82.5237197876, 83.1854858398, 83.8472518921, 84.5090255737, 85.170791626, 85.8325576782, 86.4827194214, 87.1444854736, 87.8062591553, 88.4680252075, 89.1181869507, 89.7915649414, 90.4533309937, 91.1150970459, 91.788482666, 92.4502487183, 93.1120147705, 93.7737884521, 94.4355545044, 95.1089324951, 95.7823104858, 96.4440765381, 97.1058502197, 97.7792282104, 98.4526062012, 99.1259841919, 99.7877502441, 100.449523926, 101.122901917, 101.784667969, 102.44644165, 103.096595764, 103.746757507, 104.396911621, 105.047073364, 105.720451355, 106.382217407, 107.055595398, 107.71736908, 108.39074707, 109.064125061, 109.737503052, 110.399269104, 111.061042786, 111.734420776, 112.407798767, 113.081176758, 113.754554749, 114.427932739, 115.10131073, 115.763084412, 116.424850464, 117.098228455, 117.771606445, 118.444984436, 119.118362427, 119.780136108, 120.441902161, 121.115280151, 121.788658142, 122.450431824, 123.112197876, 123.785575867, 124.447341919, 125.12071991, 125.79410553, 126.47908783, 127.15246582, 127.83745575, 128.522445679, 129.195831299, 129.86920166, 130.54258728, 131.215957642, 131.889343262, 132.562713623, 133.236099243, 133.909469604, 134.571243286, 135.233016968, 135.894775391, 136.556549072, 137.218322754, 137.880081177, 138.541854858, 139.20362854, 139.865386963, 140.527160645, 141.200546265, 141.850692749, 142.500854492, 143.174240112, 143.836013794, 144.497772217, 145.171157837, 145.844528198, 146.517913818, 147.179672241, 147.841445923, 148.503219604, 149.164993286, 149.815139771, 150.465301514, 151.115463257, 151.777236938, 152.438995361, 153.100769043, 153.762542725, 154.435913086, 155.120910645, 155.805892944, 156.421218872, 157.0365448, 157.617050171, 158.185943604, 158.754821777, 159.32371521, 159.892608643, 160.461486816, 161.030380249, 161.61088562, 162.191375732, 162.771881104], "danceability": 1.11025607586, "bpm_histogram_second_peak_spread": {"dvar": 0, "var": 0, "median": 0.399999976158, "max": 0.399999976158, "dmean": 0, "dmean2": 0, "mean": 0.399999976158, "dvar2": 0, "min": 0.399999976158}}, "lowlevel": {"spectral_flux": {"dvar": 0.00347006577067, "var": 0.00589927239344, "median": 0.0629509687424, "max": 0.491141527891, "dmean": 0.0374053306878, "dmean2": 0.0596555806696, "mean": 0.0858257040381, "dvar2": 0.00699269911274, "min": 6.33165811448e-11}, "spectral_rolloff": {"dvar": 573865.875, "var": 4581095, "median": 430.6640625, "max": 19724.4140625, "dmean": 280.246429443, "dmean2": 471.979736328, "mean": 974.921203613, "dvar2": 1344511.75, "min": 64.599609375}, "barkbands_flatness_db": {"dvar": 0.00115855946206, "var": 0.00563617562875, "median": 0.19283130765, "max": 0.470236301422, "dmean": 0.0311120115221, "dmean2": 0.0459614917636, "mean": 0.200265049934, "dvar2": 0.00253413710743, "min": 0.0275997351855}, "spectral_centroid": {"dvar": 70120.0703125, "var": 1312933, "median": 702.99395752, "max": 11883.0527344, "dmean": 182.075241089, "dmean2": 267.574981689, "mean": 944.542297363, "dvar2": 134502.4375, "min": 139.86630249}, "melbands_skewness": {"dvar": 1.2881295681, "var": 5.66726016998, "median": 3.28680753708, "max": 16.4475746155, "dmean": 0.977256596088, "dmean2": 1.51235222816, "mean": 3.55234479904, "dvar2": 3.04268264771, "min": -1.58250713348}, "melbands": {"dvar": [0.000123007645016, 1.95968823391e-05, 6.29282112641e-06, 4.55774738839e-07, 2.17618723042e-08, 3.69920769572e-08, 3.91411063561e-08, 2.5201206455e-08, 1.92088123185e-07, 5.85721906532e-08, 6.85106229525e-08, 1.44424774362e-07, 9.18397802252e-09, 2.57315786456e-08, 1.05484891932e-08, 6.56208598571e-09, 7.97415289355e-09, 4.59500393291e-09, 2.20375961923e-09, 1.58626578539e-09, 8.53967951908e-10, 4.87840379204e-10, 3.60189156279e-10, 1.05792430372e-10, 6.18198825464e-11, 1.07493972057e-10, 6.81731268659e-11, 4.36461145004e-11, 3.30229038559e-11, 2.29109908129e-11, 1.29027491816e-11, 1.501660081e-11, 2.68454633523e-11, 2.56107288155e-11, 1.5214034893e-11, 8.25146374839e-12, 6.03149344705e-12, 5.14290216316e-12, 6.36649630584e-12, 1.01304659106e-11], "var": [8.5301049694e-05, 1.46496986417e-05, 7.29249859432e-06, 7.25294910353e-07, 5.61651738451e-08, 1.33389164603e-07, 1.12916303863e-07, 5.49479253209e-08, 5.55891290333e-07, 2.71413057362e-07, 3.0419766972e-07, 9.01474436432e-07, 3.22623279203e-08, 1.36409894935e-07, 5.934090197e-08, 2.63342379014e-08, 2.99382421076e-08, 1.9153986841e-08, 8.18479772846e-09, 7.99612909219e-09, 4.48468151504e-09, 2.77804734772e-09, 1.76221881532e-09, 3.44868578139e-10, 1.49964429763e-10, 2.92661395118e-10, 1.89059434774e-10, 8.08777073091e-11, 7.80689055069e-11, 2.8784911954e-11, 1.93404493809e-11, 2.98523809839e-11, 7.41593592091e-11, 5.73309490159e-11, 2.47385480157e-11, 1.48759563695e-11, 1.76647255851e-11, 1.64268789543e-11, 1.62680251214e-11, 2.49922669365e-11], "median": [0.00148018437903, 0.00305234314874, 0.00111518939957, 0.000449759449111, 0.000160232855706, 7.63140415074e-05, 5.79439802095e-05, 3.61877719115e-05, 3.17830745189e-05, 2.24799168791e-05, 3.05648973153e-05, 5.35967155884e-05, 1.50938667502e-05, 1.61684856721e-05, 1.40580696097e-05, 1.10914361358e-05, 5.38877611689e-06, 4.77657658848e-06, 3.71795954379e-06, 2.79015239357e-06, 2.40859162659e-06, 2.1061755433e-06, 1.77143783731e-06, 1.60230263191e-06, 1.64811513059e-06, 1.89103445791e-06, 1.32342620418e-06, 7.96462529706e-07, 4.11716257531e-07, 1.58854376764e-07, 7.3615872509e-08, 8.90572806611e-08, 1.2930185278e-07, 9.89628006209e-08, 5.00830168448e-08, 3.43560628835e-08, 3.81325158116e-08, 5.30598285309e-08, 4.22161967606e-08, 3.47189335059e-08], "max": [0.0781998857856, 0.0432594940066, 0.0341580845416, 0.0121586630121, 0.00213457481004, 0.0057459929958, 0.00464664772153, 0.00356078124605, 0.0122103206813, 0.00555309792981, 0.00954615976661, 0.0147388596088, 0.00284562539309, 0.00821951217949, 0.0030440595001, 0.00253058690578, 0.0023227436468, 0.00220233062282, 0.00176480901428, 0.00167925702408, 0.00150811485946, 0.00114391592797, 0.00058055849513, 0.000419359159423, 0.000186813820619, 0.000220483154408, 0.000266980612651, 0.000244959257543, 0.000289681600407, 0.000227783602895, 7.5746611401e-05, 8.40265638544e-05, 0.000275481375866, 0.000279737141682, 0.000137409442686, 9.08406218514e-05, 9.93592620944e-05, 9.0608089522e-05, 0.000107408246549, 0.000135540540214], "dmean": [0.00359785067849, 0.00192066689488, 0.00124425324611, 0.000385730294511, 9.80680197245e-05, 9.01232997421e-05, 8.3386345068e-05, 6.10323768342e-05, 0.000114165159175, 8.56186961755e-05, 8.51326112752e-05, 0.000109531509224, 3.34124815708e-05, 4.3756361265e-05, 2.99498042295e-05, 2.6092176995e-05, 2.58597974607e-05, 1.96113651327e-05, 1.29928175738e-05, 1.0493155969e-05, 7.75085482019e-06, 7.19088802725e-06, 6.44560259389e-06, 3.76729190066e-06, 3.60832927981e-06, 4.53963639302e-06, 3.43672149938e-06, 2.2767756036e-06, 1.6681786974e-06, 1.30297860323e-06, 1.14973238396e-06, 1.28726549065e-06, 1.52285610966e-06, 1.43383113027e-06, 1.08832773549e-06, 8.38880453102e-07, 6.93857202805e-07, 6.51293078135e-07, 7.21821322713e-07, 8.10689527952e-07], "dmean2": [0.00643429625779, 0.00338543043472, 0.0021185434889, 0.000629386748187, 0.000158818380442, 0.000135878057336, 0.000127811581478, 9.55740979407e-05, 0.00016011527623, 0.00012645109382, 0.000119739816, 0.000149736748426, 4.80882408738e-05, 6.20240607532e-05, 4.24559402745e-05, 3.54859876097e-05, 3.55492593371e-05, 2.81205739157e-05, 1.88178164535e-05, 1.53620658239e-05, 1.13739870358e-05, 1.08247613753e-05, 9.19989543036e-06, 5.52661867914e-06, 5.39166330782e-06, 6.68126040182e-06, 4.95619860885e-06, 3.3052742765e-06, 2.37128460867e-06, 1.94512449525e-06, 1.72147224475e-06, 1.89564912034e-06, 2.26542829296e-06, 2.18981790567e-06, 1.70869873273e-06, 1.29209865918e-06, 1.02495459942e-06, 9.90812281998e-07, 1.1299811149e-06, 1.28073224914e-06], "mean": [0.00375835527666, 0.00361325149424, 0.00197113119066, 0.000727568753064, 0.000231864498346, 0.000190879320144, 0.000163869306562, 0.000113907488412, 0.000229628043598, 0.000193291532923, 0.00020708332886, 0.000278956547845, 7.09784217179e-05, 0.00010298644338, 7.45912184357e-05, 5.87862959947e-05, 5.73203033127e-05, 4.17595147155e-05, 2.74511457974e-05, 2.18797667912e-05, 1.71585270436e-05, 1.58664752234e-05, 1.39722087624e-05, 6.83325743012e-06, 6.26596829534e-06, 8.25408551464e-06, 6.19445063421e-06, 3.5198970636e-06, 2.422855232e-06, 1.59072442329e-06, 1.41818827615e-06, 1.71358726675e-06, 2.19307094085e-06, 1.83128304343e-06, 1.24689563563e-06, 9.82376263892e-07, 9.42091332945e-07, 9.0201791636e-07, 8.46366731366e-07, 9.31224349188e-07], "dvar2": [0.000338437530445, 5.49986325495e-05, 1.66990630532e-05, 1.15981345061e-06, 5.59899078212e-08, 7.44805603858e-08, 8.37772731188e-08, 5.99859433237e-08, 3.67814692481e-07, 1.31059863406e-07, 1.29505920654e-07, 2.46516577818e-07, 1.84577455542e-08, 4.67806557936e-08, 2.00987884114e-08, 1.10490541161e-08, 1.54817563214e-08, 9.37380573163e-09, 4.8394843688e-09, 3.23922466627e-09, 1.79009240764e-09, 1.11819742354e-09, 7.33507532491e-10, 2.21582696636e-10, 1.3942194621e-10, 2.40030578746e-10, 1.45846223987e-10, 9.70299396386e-11, 6.51970907817e-11, 5.36653811667e-11, 2.97684168982e-11, 3.39177366748e-11, 5.5378108349e-11, 5.57803941925e-11, 3.80054321347e-11, 1.96179912593e-11, 1.25524495312e-11, 1.04872404164e-11, 1.39378925068e-11, 2.32160627528e-11], "min": [1.33884467036e-24, 1.04519267751e-24, 1.23046612743e-24, 2.15005439946e-24, 1.16694034203e-24, 1.89463011304e-24, 2.40103818785e-24, 2.51217508155e-24, 1.21532364653e-24, 2.26423077422e-24, 3.7170853697e-24, 2.50605095712e-24, 1.27138434259e-24, 2.23471238801e-24, 1.71513388595e-24, 2.58703186778e-24, 3.33393799462e-24, 3.57781276574e-24, 4.08272239927e-24, 2.54009740493e-24, 3.07531349671e-24, 2.63305401299e-24, 3.95262661422e-24, 4.42397731598e-24, 3.75521101725e-24, 5.23003460008e-24, 4.72661196936e-24, 5.19410395799e-24, 3.99029985004e-24, 5.80496116097e-24, 6.28189108147e-24, 5.55035038735e-24, 4.95769891078e-24, 5.96519656019e-24, 5.37149195431e-24, 4.91146061768e-24, 5.52510092193e-24, 5.56010386358e-24, 4.84557811032e-24, 5.9382029233e-24]}, "spectral_decrease": {"dvar": 1.00128413205e-16, "var": 9.0695841069e-17, "median": -7.30231075607e-09, "max": 1.28014997169e-22, "dmean": 4.63459048916e-09, "dmean2": 7.86797205166e-09, "mean": -9.55960022253e-09, "dvar2": 2.66696555544e-16, "min": -7.8922361979e-08}, "barkbands_kurtosis": {"dvar": 363.512390137, "var": 507.472290039, "median": 5.15317153931, "max": 388.939758301, "dmean": 7.78071546555, "dmean2": 12.8552732468, "mean": 12.9962110519, "dvar2": 970.184326172, "min": -1.89871358871}, "silence_rate_30dB": {"dvar": 0.0622740425169, "var": 0.0527942478657, "median": 1, "max": 1, "dmean": 0.0667234510183, "dmean2": 0.133465856314, "mean": 0.944073796272, "dvar2": 0.139510110021, "min": 0}, "gfcc": {"mean": [-55.0473022461, 119.716751099, -90.0107879639, 25.4048633575, -35.5516929626, 14.3509302139, -23.1951541901, 8.81370449066, -30.3116054535, -4.06955099106, -14.0694150925, -4.4367108345, -11.9170484543], "cov": [[25973.171875, 309.146270752, -2624.0625, 174.807373047, -701.096557617, 527.875061035, -578.24597168, 496.385498047, -293.405853271, 40.1202964783, -410.94442749, -194.299362183, -610.265808105], [309.146270752, 2434.68261719, -479.42565918, -276.396850586, 281.112060547, -142.853286743, 342.095367432, 7.97525691986, -43.9665184021, -114.425727844, 263.846893311, -115.416656494, 233.856842041], [-2624.0625, -479.42565918, 1295.37133789, 299.977416992, 10.0027761459, 14.9161205292, 27.1125221252, -162.664733887, 1.36539328098, 56.9351844788, -19.786693573, 129.064315796, 44.6214561462], [174.807373047, -276.396850586, 299.977416992, 408.555267334, 37.253868103, -19.9309806824, -60.2175865173, -41.2442893982, 21.9805908203, 25.577539444, -8.2060174942, 38.0033683777, -1.81406462193], [-701.096557617, 281.112060547, 10.0027761459, 37.253868103, 307.166595459, 21.2844257355, 118.966918945, 4.28915548325, 30.1235160828, 10.5668830872, 80.2985534668, -1.45338606834, 52.0673828125], [527.875061035, -142.853286743, 14.9161205292, -19.9309806824, 21.2844257355, 208.462356567, 38.9499397278, 32.3727378845, 10.1148662567, 23.5808029175, -7.26599884033, 17.667963028, -33.2285385132], [-578.24597168, 342.095367432, 27.1125221252, -60.2175865173, 118.966918945, 38.9499397278, 293.472808838, 5.15828561783, -36.6155738831, -8.78653717041, 64.0714874268, 12.5368642807, 68.8057174683], [496.385498047, 7.97525691986, -162.664733887, -41.2442893982, 4.28915548325, 32.3727378845, 5.15828561783, 164.497619629, 79.1655654907, 19.7179660797, 18.3712730408, -10.8815002441, -1.19409370422], [-293.405853271, -43.9665184021, 1.36539328098, 21.9805908203, 30.1235160828, 10.1148662567, -36.6155738831, 79.1655654907, 179.526000977, 34.0165328979, 6.30010414124, -2.25093269348, 10.0946741104], [40.1202964783, -114.425727844, 56.9351844788, 25.577539444, 10.5668830872, 23.5808029175, -8.78653717041, 19.7179660797, 34.0165328979, 85.1753387451, 19.8086948395, 11.6700019836, -12.2497797012], [-410.94442749, 263.846893311, -19.786693573, -8.2060174942, 80.2985534668, -7.26599884033, 64.0714874268, 18.3712730408, 6.30010414124, 19.8086948395, 127.254936218, 9.27876186371, 29.4965648651], [-194.299362183, -115.416656494, 129.064315796, 38.0033683777, -1.45338606834, 17.667963028, 12.5368642807, -10.8815002441, -2.25093269348, 11.6700019836, 9.27876186371, 86.2895126343, 19.8131408691], [-610.265808105, 233.856842041, 44.6214561462, -1.81406462193, 52.0673828125, -33.2285385132, 68.8057174683, -1.19409370422, 10.0946741104, -12.2497797012, 29.4965648651, 19.8131408691, 115.866767883]], "icov": [[0.000109042979602, -0.000200881564524, 0.000222621005378, -0.000344702799339, 0.000184865901247, -0.000308494840283, 0.000140376010677, -0.000342641287716, 0.000357021257514, -0.000378956261557, 0.000581939704716, -0.000310180650558, 0.00046392850345], [-0.000200881564524, 0.00136747106444, -0.000208791199839, 0.000942563870922, -0.00050184893189, 0.000814128608909, -0.000703938829247, 0.00100921560079, -0.000728678598534, 0.00166604865808, -0.00272923684679, 0.00188808143139, -0.00222389912233], [0.000222621005378, -0.000208791199839, 0.00177306553815, -0.00133835838642, 0.00056593248155, -0.000724515761249, -0.000182606556336, 0.000704985053744, 0.000228116026847, -0.00131032406352, 0.00115751533303, -0.00159187440295, 0.000362907681847], [-0.000344702799339, 0.000942563870922, -0.00133835838642, 0.00448029441759, -0.00149459624663, 0.001484522596, 0.000331344723236, 0.00125901110005, -0.00124039722141, 0.00116150884423, -0.00211373111233, 0.000692593050189, -0.00156826770399], [0.000184865901247, -0.00050184893189, 0.00056593248155, -0.00149459624663, 0.00524549093097, -0.0013133402681, -0.00124932196923, 0.000367719185306, -0.0006824604352, -0.000731823151, -0.00104494113475, 0.000347936758772, -5.43094865861e-05], [-0.000308494840283, 0.000814128608909, -0.000724515761249, 0.001484522596, -0.0013133402681, 0.00706951273605, -0.00177803519182, -0.000253192789387, -0.000986350467429, 0.000167161211721, -0.00072288652882, -0.000642852799501, 0.00110265577678], [0.000140376010677, -0.000703938829247, -0.000182606556336, 0.000331344723236, -0.00124932196923, -0.00177803519182, 0.00597254419699, -0.00143523083534, 0.00233113137074, -0.000456422305433, 0.000135546724778, -0.000767934659962, -0.00142888934352], [-0.000342641287716, 0.00100921560079, 0.000704985053744, 0.00125901110005, 0.000367719185306, -0.000253192789387, -0.00143523083534, 0.0112743955106, -0.00562123535201, 0.000520734116435, -0.00356324831955, 0.00131416739896, -0.00213558366522], [0.000357021257514, -0.000728678598534, 0.000228116026847, -0.00124039722141, -0.0006824604352, -0.000986350467429, 0.00233113137074, -0.00562123535201, 0.0098218685016, -0.00353945256211, 0.0027316394262, -0.000373287330149, -3.60521480616e-05], [-0.000378956261557, 0.00166604865808, -0.00131032406352, 0.00116150884423, -0.000731823151, 0.000167161211721, -0.000456422305433, 0.000520734116435, -0.00353945256211, 0.017255557701, -0.00665359105915, 0.00133239442948, -0.000583902001381], [0.000581939704716, -0.00272923684679, 0.00115751533303, -0.00211373111233, -0.00104494113475, -0.00072288652882, 0.000135546724778, -0.00356324831955, 0.0027316394262, -0.00665359105915, 0.016882782802, -0.00521722715348, 0.00389253394678], [-0.000310180650558, 0.00188808143139, -0.00159187440295, 0.000692593050189, 0.000347936758772, -0.000642852799501, -0.000767934659962, 0.00131416739896, -0.000373287330149, 0.00133239442948, -0.00521722715348, 0.0177053548396, -0.00621777540073], [0.00046392850345, -0.00222389912233, 0.000362907681847, -0.00156826770399, -5.43094865861e-05, 0.00110265577678, -0.00142888934352, -0.00213558366522, -3.60521480616e-05, -0.000583902001381, 0.00389253394678, -0.00621777540073, 0.0165791884065]]}, "silence_rate_20dB": {"dvar": 0, "var": 0, "median": 1, "max": 1, "dmean": 0, "dmean2": 0, "mean": 1, "dvar2": 0, "min": 1}, "barkbands_skewness": {"dvar": 0.975440561771, "var": 3.55087780952, "median": 2.11540198326, "max": 12.9733524323, "dmean": 0.775754392147, "dmean2": 1.19987642765, "mean": 2.34443998337, "dvar2": 2.41142988205, "min": -2.91101765633}, "erbbands_skewness": {"dvar": 0.152931302786, "var": 0.82188564539, "median": 0.344091057777, "max": 9.22552871704, "dmean": 0.366205692291, "dmean2": 0.548046886921, "mean": 0.415468990803, "dvar2": 0.338624477386, "min": -2.84619092941}, "spectral_contrast_valleys": {"dvar": [0.176579490304, 0.108911931515, 0.0892623141408, 0.116759710014, 0.170152306557, 0.339172840118], "var": [5.2885518074, 5.06339883804, 4.98398208618, 4.81214284897, 4.92851018906, 4.39888572693], "median": [-6.83774757385, -7.23129272461, -7.76975870132, -8.30021572113, -8.28731060028, -11.0398159027], "max": [-5.09314393997, -5.06991624832, -4.63669395447, -6.05956220627, -5.74890947342, -7.20025396347], "dmean": [0.414460480213, 0.367698162794, 0.323934614658, 0.331178754568, 0.357736468315, 0.521712720394], "dmean2": [0.658240377903, 0.586928784847, 0.501272797585, 0.472615271807, 0.469533801079, 0.643888950348], "mean": [-7.28644037247, -7.57821893692, -8.12842655182, -8.62931346893, -8.57136058807, -11.1314725876], "dvar2": [0.344686418772, 0.230385690928, 0.167326107621, 0.175641238689, 0.250661432743, 0.610239267349], "min": [-28.2905235291, -28.0676898956, -27.8106021881, -27.6215991974, -27.514787674, -27.4292526245]}, "spectral_strongpeak": {"dvar": 1.09407699108, "var": 2.47997331619, "median": 0.428434967995, "max": 12.7815103531, "dmean": 0.466102868319, "dmean2": 0.800138294697, "mean": 0.951530754566, "dvar2": 2.60255050659, "min": 0}, "erbbands_crest": {"dvar": 5.71483135223, "var": 23.2324142456, "median": 9.69425964355, "max": 30.6807861328, "dmean": 2.48794460297, "dmean2": 3.84768009186, "mean": 10.5820093155, "dvar2": 13.3774299622, "min": 2.31242275238}, "barkbands_crest": {"dvar": 7.85168886185, "var": 20.4290981293, "median": 11.3733558655, "max": 24.9988193512, "dmean": 2.63674235344, "dmean2": 4.36466360092, "mean": 12.1203479767, "dvar2": 20.6335716248, "min": 3.02983808517}, "spectral_energyband_middle_low": {"dvar": 7.30389147066e-05, "var": 0.000121471261082, "median": 0.00838148407638, "max": 0.115783564746, "dmean": 0.0049591367133, "dmean2": 0.00807081721723, "mean": 0.0114931464195, "dvar2": 0.000186822915566, "min": 1.67127970406e-22}, "spectral_contrast_coeffs": {"dvar": [0.00179130432662, 0.00138365535531, 0.0010460568592, 0.000706075923517, 0.000553987047169, 0.000190081380424], "var": [0.00791359879076, 0.00677666859701, 0.0096348747611, 0.0077675357461, 0.00509270699695, 0.00134043442085], "median": [-0.623459458351, -0.711579918861, -0.724164962769, -0.788162827492, -0.805096447468, -0.801499664783], "max": [-0.335169523954, -0.3890632689, -0.379519760609, -0.470453888178, -0.520228803158, -0.659116744995], "dmean": [0.0482686571777, 0.0446238443255, 0.0375531837344, 0.0291616208851, 0.0237693749368, 0.0156316850334], "dmean2": [0.080541588366, 0.0705295279622, 0.0584855116904, 0.0450410731137, 0.0355668663979, 0.0242828447372], "mean": [-0.622170627117, -0.705804109573, -0.713753461838, -0.767051517963, -0.788242042065, -0.80371260643], "dvar2": [0.00461126398295, 0.00343142845668, 0.00226063956507, 0.00135201972444, 0.000988890766166, 0.000422414275818], "min": [-0.983342409134, -0.989339828491, -0.993435323238, -0.994780004025, -0.987815082073, -0.96546715498]}, "hfc": {"dvar": 126.916542053, "var": 579.620361328, "median": 9.23009872437, "max": 365.396392822, "dmean": 6.12871360779, "dmean2": 8.59475898743, "mean": 17.9093360901, "dvar2": 249.48008728, "min": 1.07896486189e-16}, "spectral_energyband_high": {"dvar": 1.13560724913e-06, "var": 3.62156856681e-06, "median": 5.15532410645e-05, "max": 0.0351743288338, "dmean": 0.000368198234355, "dmean2": 0.000505520787556, "mean": 0.000549960474018, "dvar2": 2.18796503759e-06, "min": 7.29211489533e-21}, "erbbands_spread": {"dvar": 151.893249512, "var": 581.359069824, "median": 29.8826808929, "max": 157.939605713, "dmean": 9.00437927246, "dmean2": 13.3491716385, "mean": 35.9367485046, "dvar2": 312.455474854, "min": 1.92055273056}, "dissonance": {"dvar": 0.000736062589567, "var": 0.00219736271538, "median": 0.444990307093, "max": 0.499730467796, "dmean": 0.028032546863, "dmean2": 0.0457885600626, "mean": 0.434282898903, "dvar2": 0.00190597807523, "min": 0.200755015016}, "spectral_kurtosis": {"dvar": 18.2250175476, "var": 45.4635505676, "median": 7.25265884399, "max": 71.4867324829, "dmean": 3.44242405891, "dmean2": 5.50632762909, "mean": 8.8378238678, "dvar2": 43.7500038147, "min": -1.26224732399}, "spectral_skewness": {"dvar": 0.158153384924, "var": 0.638145267963, "median": 2.06000566483, "max": 6.78294992447, "dmean": 0.354923188686, "dmean2": 0.548125207424, "mean": 2.14288592339, "dvar2": 0.344585299492, "min": -0.0800396949053}, "pitch_salience": {"dvar": 0.00561350258067, "var": 0.0130090294406, "median": 0.483269900084, "max": 0.996062755585, "dmean": 0.0746938064694, "dmean2": 0.123374298215, "mean": 0.482581228018, "dvar2": 0.0142551977187, "min": 0.0883539095521}, "spectral_complexity": {"dvar": 18.5567398071, "var": 64.8367004395, "median": 11, "max": 55, "dmean": 2.80068135262, "dmean2": 4.06275749207, "mean": 12.7444992065, "dvar2": 32.4290351868, "min": 0}, "spectral_spread": {"dvar": 1135395995650.0, "var": 16484646518800.0, "median": 3506983.25, "max": 43075156, "dmean": 781987.5625, "dmean2": 1094420.5, "mean": 4499294, "dvar2": 2011579809790.0, "min": 1279873.75}, "dynamic_complexity": 3.3781516552, "melbands_crest": {"dvar": 12.5778846741, "var": 32.2467536926, "median": 16.2443561554, "max": 35.5004806519, "dmean": 3.43066978455, "dmean2": 5.72400903702, "mean": 16.9306240082, "dvar2": 33.7494354248, "min": 1.00176143646}, "zerocrossingrate": {"dvar": 0.000164971643244, "var": 0.00342135224491, "median": 0.02783203125, "max": 0.52587890625, "dmean": 0.00879134982824, "dmean2": 0.00989630911499, "mean": 0.0413412377238, "dvar2": 0.000201070870389, "min": 0.001953125}, "spectral_energyband_low": {"dvar": 0.00142919481732, "var": 0.00108902622014, "median": 0.0153532503173, "max": 0.279530674219, "dmean": 0.0149860233068, "dmean2": 0.0260269138962, "mean": 0.0221875850111, "dvar2": 0.00382885686122, "min": 1.42857724335e-23}, "melbands_kurtosis": {"dvar": 627.294555664, "var": 1518.88476563, "median": 14.896905899, "max": 429.568023682, "dmean": 14.2763681412, "dmean2": 23.0807476044, "mean": 29.0168228149, "dvar2": 1564.08679199, "min": -1.71512532234}, "spectral_energyband_middle_high": {"dvar": 1.03174124888e-05, "var": 0.000105822808109, "median": 0.00184057326987, "max": 0.100678302348, "dmean": 0.00155126932077, "dmean2": 0.00206614844501, "mean": 0.00566573999822, "dvar2": 1.81517370947e-05, "min": 1.23222264536e-21}, "barkbands_spread": {"dvar": 46.9946479797, "var": 194.476242065, "median": 10.623257637, "max": 117.934776306, "dmean": 4.46400976181, "dmean2": 6.61281251907, "mean": 14.5103168488, "dvar2": 99.4545440674, "min": 0.224501296878}, "mfcc": {"mean": [-700.979248047, 157.215408325, 7.66698741913, 26.4717178345, 11.9062271118, 8.42237949371, 17.5899448395, 9.28968715668, -1.11877799034, 3.71980857849, -1.64530432224, -6.41597318649, 1.93332791328], "cov": [[11877.6835938, -458.694549561, -955.815795898, -276.752746582, 98.1565170288, -80.5327606201, -173.36807251, 214.228210449, 63.6086616516, 254.515319824, 393.262176514, -50.6375389099, 47.8735656738], [-458.694549561, 2561.54882813, -422.825286865, 61.332157135, -56.5810432434, -41.6868362427, 391.452941895, 80.0213470459, -1.2403639555, 74.8787078857, -40.0467224121, -22.3301448822, 72.4930725098], [-955.815795898, -422.825286865, 998.217712402, 219.208435059, 42.8785209656, 158.724014282, -45.6610450745, -52.4605064392, 11.4475860596, -98.8646011353, -92.9774627686, 54.5312232971, -24.9844379425], [-276.752746582, 61.332157135, 219.208435059, 401.19921875, 85.6557693481, 57.9053459167, 38.21534729, -23.9727935791, 2.5165116787, -23.8654270172, -99.3877410889, 67.0221557617, 23.1761074066], [98.1565170288, -56.5810432434, 42.8785209656, 85.6557693481, 237.33416748, 25.2743988037, -58.0611076355, 6.97494268417, 3.56159472466, 34.6651763916, 31.7777023315, 11.1284732819, 38.7698135376], [-80.5327606201, -41.6868362427, 158.724014282, 57.9053459167, 25.2743988037, 212.264160156, 79.615486145, 10.6608438492, 14.2810678482, -36.8598670959, -2.65058493614, 20.4463367462, -20.1185398102], [-173.36807251, 391.452941895, -45.6610450745, 38.21534729, -58.0611076355, 79.615486145, 259.581359863, 39.8221626282, -9.36404323578, -11.7104701996, -12.5438756943, 16.5829925537, 4.24349021912], [214.228210449, 80.0213470459, -52.4605064392, -23.9727935791, 6.97494268417, 10.6608438492, 39.8221626282, 117.272979736, 33.7965431213, 15.6150426865, 31.493894577, 3.13914442062, 18.6324806213], [63.6086616516, -1.2403639555, 11.4475860596, 2.5165116787, 3.56159472466, 14.2810678482, -9.36404323578, 33.7965431213, 113.233291626, 37.9498062134, -3.87619328499, 1.0651037693, 1.21149563789], [254.515319824, 74.8787078857, -98.8646011353, -23.8654270172, 34.6651763916, -36.8598670959, -11.7104701996, 15.6150426865, 37.9498062134, 113.552856445, 55.2018127441, -7.34646606445, 22.2232685089], [393.262176514, -40.0467224121, -92.9774627686, -99.3877410889, 31.7777023315, -2.65058493614, -12.5438756943, 31.493894577, -3.87619328499, 55.2018127441, 153.29258728, 6.68254184723, 18.1837863922], [-50.6375389099, -22.3301448822, 54.5312232971, 67.0221557617, 11.1284732819, 20.4463367462, 16.5829925537, 3.13914442062, 1.0651037693, -7.34646606445, 6.68254184723, 101.634971619, 23.159324646], [47.8735656738, 72.4930725098, -24.9844379425, 23.1761074066, 38.7698135376, -20.1185398102, 4.24349021912, 18.6324806213, 1.21149563789, 22.2232685089, 18.1837863922, 23.159324646, 90.3074874878]], "icov": [[0.00010312457016, 2.72259476333e-05, 0.000101104880741, -5.99643099122e-05, 3.49304318661e-05, -6.97873911122e-05, 9.16436765692e-05, -0.000150169420522, 2.04513326025e-05, -9.93098583422e-05, -0.000171980645973, 4.40897892986e-05, 1.04577184175e-05], [2.72259476333e-05, 0.000601928855758, 0.000181059789611, -9.72808120423e-05, -6.92230387358e-05, 0.000277215440292, -0.000945808365941, -8.11892241472e-05, 1.23856962091e-05, -0.000342843297403, 0.000240858033067, 0.000248602009378, -0.000297944992781], [0.000101104880741, 0.000181059789611, 0.00158652663231, -0.000645802880172, 8.74896722962e-05, -0.000998906209134, 0.000501330534462, 0.000175373395905, -0.000295775360428, 0.000632554467302, 7.7844299085e-05, -0.000179257447599, -3.55098127329e-05], [-5.99643099122e-05, -9.72808120423e-05, -0.000645802880172, 0.00460860040039, -0.0018753616605, -0.000247025047429, -0.000790880818386, 0.000457069225376, 0.000344329309883, -0.000937143980991, 0.00345280021429, -0.00258936127648, -0.000363779632607], [3.49304318661e-05, -6.92230387358e-05, 8.74896722962e-05, -0.0018753616605, 0.00637380313128, -0.00184659694787, 0.00239197281189, -0.000755625602324, 0.00100986042526, -0.00172012893017, -0.00141877436545, 0.000936966505833, -0.00210652640089], [-6.97873911122e-05, 0.000277215440292, -0.000998906209134, -0.000247025047429, -0.00184659694787, 0.00794616900384, -0.00358018931001, 0.000479922047816, -0.0023158416152, 0.00299164443277, -0.00174230069388, -0.000186114644748, 0.00192712771241], [9.16436765692e-05, -0.000945808365941, 0.000501330534462, -0.000790880818386, 0.00239197281189, -0.00358018931001, 0.0076199406758, -0.00229491759092, 0.00189524004236, -0.000834697682876, 0.000266191986157, -0.000637778954115, -0.000366787135135], [-0.000150169420522, -8.11892241472e-05, 0.000175373395905, 0.000457069225376, -0.000755625602324, 0.000479922047816, -0.00229491759092, 0.011732689105, -0.00447738589719, 0.00221101287752, -0.00236487830989, 0.000303264241666, -0.001891195192], [2.04513326025e-05, 1.23856962091e-05, -0.000295775360428, 0.000344329309883, 0.00100986042526, -0.0023158416152, 0.00189524004236, -0.00447738589719, 0.0129735674709, -0.00673211645335, 0.00352885015309, -0.000883588741999, 0.000692961853929], [-9.93098583422e-05, -0.000342843297403, 0.000632554467302, -0.000937143980991, -0.00172012893017, 0.00299164443277, -0.000834697682876, 0.00221101287752, -0.00673211645335, 0.0163426306099, -0.00613747676834, 0.00178776402026, -0.00142267462797], [-0.000171980645973, 0.000240858033067, 7.7844299085e-05, 0.00345280021429, -0.00141877436545, -0.00174230069388, 0.000266191986157, -0.00236487830989, 0.00352885015309, -0.00613747676834, 0.0125829698518, -0.00299327657558, -0.000573395518586], [4.40897892986e-05, 0.000248602009378, -0.000179257447599, -0.00258936127648, 0.000936966505833, -0.000186114644748, -0.00063777895411