{"tonal": {"chords_key": "C", "hpcp_entropy": {"dmean": 0.726771891117, "dmean2": 1.22833514214, "max": 4.27315759659, "dvar": 0.342804968357, "mean": 2.01721453667, "dvar2": 0.940669000149, "min": 0, "var": 0.680340945721, "median": 2.06129026413}, "key_key": "C", "chords_strength": {"dmean": 0.00974956993014, "dmean2": 0.011171752587, "max": 0.811443150043, "dvar": 7.34812274459e-05, "mean": 0.552924096584, "dvar2": 0.000112688598165, "min": 0.325316995382, "var": 0.00500024994835, "median": 0.551729023457}, "key_scale": "minor", "chords_number_rate": 0.00204876041971, "thpcp": [1, 0.665170669556, 0.250318199396, 0.186606168747, 0.207190915942, 0.306603968143, 0.39945974946, 0.347206711769, 0.320354670286, 0.376349240541, 0.325183749199, 0.268297463655, 0.272459328175, 0.296869248152, 0.40591558814, 0.487538874149, 0.395019948483, 0.272152215242, 0.234993338585, 0.258556216955, 0.529822826385, 0.799909949303, 0.580015003681, 0.309699565172, 0.298994630575, 0.293241351843, 0.298665493727, 0.331322431564, 0.308623105288, 0.368446737528, 0.514481723309, 0.42362177372, 0.276127934456, 0.271772235632, 0.301121711731, 0.65538328886], "key_strength": 0.711449325085, "tuning_nontempered_energy_ratio": 0.718520581722, "tuning_frequency": 442.804626465, "chords_changes_rate": 0.0600286833942, "tuning_diatonic_strength": 0.573813617229, "chords_scale": "major", "chords_histogram": [15.1813154221, 11.9442739487, 3.95410776138, 6.26920700073, 0.163900837302, 17.988117218, 1.63900840282, 33.2718696594, 0, 1.72095882893, 0.512190103531, 0, 0, 0, 0, 0.0819504186511, 0, 0, 0, 0, 0, 0, 4.15898370743, 3.11411595345], "tuning_equal_tempered_deviation": 0.0458874814212, "hpcp": {"dmean": [0.141822606325, 0.143171235919, 0.144598469138, 0.157473906875, 0.148300841451, 0.125373661518, 0.12617598474, 0.139421105385, 0.185637772083, 0.203174710274, 0.182181730866, 0.114350125194, 0.0930515527725, 0.101369351149, 0.125017628074, 0.140159487724, 0.135484576225, 0.12348844111, 0.124442920089, 0.121202498674, 0.11546587199, 0.115004494786, 0.127269208431, 0.152649670839, 0.160422429442, 0.14477981627, 0.121491327882, 0.112242892385, 0.122608825564, 0.17230463028, 0.207623273134, 0.182098314166, 0.134388148785, 0.124186709523, 0.129203274846, 0.133484020829], "dmean2": [0.247158631682, 0.251212954521, 0.256012201309, 0.275326877832, 0.258274048567, 0.22237482667, 0.224681332707, 0.244562029839, 0.315891385078, 0.346360385418, 0.309552460909, 0.202829867601, 0.166373476386, 0.180875137448, 0.219121769071, 0.240303322673, 0.233460366726, 0.215798050165, 0.218419760466, 0.209923580289, 0.203035131097, 0.200732290745, 0.222836136818, 0.263277381659, 0.274971753359, 0.251594930887, 0.213624447584, 0.197416961193, 0.217111214995, 0.295131146908, 0.355020105839, 0.31147518754, 0.239347979426, 0.220593646169, 0.229772552848, 0.233635440469], "max": [1, 1, 1, 1, 1, 1, 1, 1, 1, 1, 1, 1, 1, 1, 1, 1, 1, 1, 1, 1, 1, 1, 1, 1, 1, 1, 1, 1, 1, 1, 1, 1, 1, 1, 1, 1], "dvar": [0.0464129336178, 0.0464976131916, 0.0423113144934, 0.0496194511652, 0.0431411005557, 0.0371633209288, 0.0406718440354, 0.0398033410311, 0.0446275100112, 0.0624945648015, 0.0432169139385, 0.0309489052743, 0.0275992788374, 0.0293824654073, 0.0353739783168, 0.0388820506632, 0.0376435592771, 0.0333713516593, 0.0375384278595, 0.0333241149783, 0.033518999815, 0.0346502438188, 0.0368088781834, 0.0441730394959, 0.048924792558, 0.043247114867, 0.0377550721169, 0.034450750798, 0.0365606360137, 0.0423949696124, 0.0570124946535, 0.0453536249697, 0.0400421507657, 0.040476590395, 0.0425294861197, 0.0418691523373], "mean": [0.139019280672, 0.129494890571, 0.154596239328, 0.215870931745, 0.17774708569, 0.115860268474, 0.114032663405, 0.126347392797, 0.274991691113, 0.419589102268, 0.279098361731, 0.105030789971, 0.0782979130745, 0.0869350507855, 0.128647685051, 0.167608961463, 0.145684152842, 0.134417325258, 0.157912045717, 0.136443555355, 0.11257468909, 0.114320963621, 0.124563097954, 0.170317754149, 0.204566001892, 0.165746062994, 0.114192098379, 0.098600640893, 0.10848736763, 0.222307890654, 0.335633486509, 0.24336796999, 0.129946559668, 0.125454887748, 0.123040869832, 0.125316783786], "dvar2": [0.119496792555, 0.125300750136, 0.114510700107, 0.125150159001, 0.113464802504, 0.0988125056028, 0.106529399753, 0.107542417943, 0.115282274783, 0.147772952914, 0.112137846649, 0.0838742852211, 0.07466802001, 0.0803217813373, 0.094621039927, 0.101235240698, 0.0993335917592, 0.0881769955158, 0.0981159135699, 0.0854777321219, 0.0888191759586, 0.0929183810949, 0.0982225611806, 0.115948498249, 0.122502736747, 0.114508569241, 0.100602559745, 0.0929946154356, 0.0998755991459, 0.112478487194, 0.139201626182, 0.120609462261, 0.108106859028, 0.108990363777, 0.113791048527, 0.10996851325], "min": [0, 0, 0, 0, 0, 0, 0, 0, 0, 0, 0, 0, 0, 0, 0, 0, 0, 0, 0, 0, 0, 0, 0, 0, 0, 0, 0, 0, 0, 0, 0, 0, 0, 0, 0, 0], "var": [0.0512025207281, 0.0445553138852, 0.048266235739, 0.0941576212645, 0.0638336539268, 0.0370681546628, 0.0405773073435, 0.0386373922229, 0.0779355987906, 0.151860386133, 0.0751226097345, 0.027924740687, 0.0227284375578, 0.0244500376284, 0.0374101884663, 0.0520059727132, 0.0427547171712, 0.0421121306717, 0.0646645799279, 0.0444021821022, 0.0331618115306, 0.0356872268021, 0.039210755378, 0.0553691796958, 0.0767226070166, 0.0554217025638, 0.0367174372077, 0.0309822261333, 0.0327349752188, 0.0624207593501, 0.111156359315, 0.0621262937784, 0.039803892374, 0.0504134483635, 0.0456674546003, 0.04217518121], "median": [0.0402314290404, 0.0407548397779, 0.0537568628788, 0.0604330785573, 0.0532264299691, 0.0378983840346, 0.0307601783425, 0.0450299270451, 0.16916076839, 0.266873985529, 0.178954526782, 0.0393666103482, 0.0221579670906, 0.0272960681468, 0.0505013279617, 0.0707175061107, 0.0608510263264, 0.0444791503251, 0.0408305339515, 0.0414142347872, 0.0408908091486, 0.0397329926491, 0.0449646003544, 0.0653822720051, 0.0757325813174, 0.061484798789, 0.0377925299108, 0.0287647116929, 0.0358054190874, 0.116250418127, 0.199126079679, 0.153361842036, 0.0452615618706, 0.0306197889149, 0.0316759720445, 0.0390951745212]}}, "lowlevel": {"melbands_flatness_db": {"dmean": 0.0256803836673, "dmean2": 0.0362673252821, "max": 0.416216373444, "dvar": 0.000593835138716, "mean": 0.19706492126, "dvar2": 0.00111134618055, "min": 0.00541690178216, "var": 0.00312090851367, "median": 0.193272814155}, "melbands_crest": {"dmean": 3.08174395561, "dmean2": 5.0984454155, "max": 31.5344181061, "dvar": 7.61422109604, "mean": 11.2857542038, "dvar2": 19.8111972809, "min": 2.58046555519, "var": 16.0478439331, "median": 10.5409355164}, "spectral_entropy": {"dmean": 0.185148566961, "dmean2": 0.254756122828, "max": 9.81339931488, "dvar": 0.0318823494017, "mean": 7.42409706116, "dvar2": 0.0529497079551, "min": 5.5748295784, "var": 0.181063532829, "median": 7.40517187119}, "melbands": {"dmean": [0.000127453633468, 0.000405828963267, 0.000308311049594, 0.000252389756497, 0.000257356907241, 0.000224417453865, 0.000269128475338, 0.000304654124193, 0.000211478836718, 0.000118730276881, 0.000103873469925, 6.55756011838e-05, 8.00935813459e-05, 8.08269469417e-05, 8.69566720212e-05, 0.000104067730717, 9.12724790396e-05, 5.8459911088e-05, 3.71370078938e-05, 2.33216906054e-05, 1.75501500053e-05, 1.59654064191e-05, 1.23660056488e-05, 7.26953157937e-06, 9.36848664423e-06, 6.35072592559e-06, 2.28052795137e-06, 1.34331412482e-06, 1.09471466203e-06, 8.87723217602e-07, 1.02552166936e-06, 1.17060824323e-06, 1.20524043723e-06, 1.11419603854e-06, 9.92823402157e-07, 7.65481956932e-07, 7.34360526167e-07, 6.83649432176e-07, 7.40945438338e-07, 6.48308628115e-07], "dmean2": [0.000209910489502, 0.000685928447638, 0.000523485185113, 0.000403695943533, 0.000413477391703, 0.000354002637323, 0.000413795176428, 0.000466538360342, 0.000319318234688, 0.000177569570951, 0.000162344207638, 0.000101135497971, 0.000125892285723, 0.000127599312691, 0.000135475114803, 0.000158969807671, 0.000138263189001, 8.96669516806e-05, 5.77086029807e-05, 3.47190507455e-05, 2.60603428615e-05, 2.35230691032e-05, 1.79790913535e-05, 1.0698456208e-05, 1.33479670694e-05, 9.07902449399e-06, 3.42450107382e-06, 2.08214419217e-06, 1.68186568317e-06, 1.33970331717e-06, 1.52993106894e-06, 1.72455156644e-06, 1.68768337971e-06, 1.57276872415e-06, 1.41325472214e-06, 1.11034603378e-06, 1.05021001673e-06, 1.00693318927e-06, 1.10552946353e-06, 9.41397047427e-07], "max": [0.00740913767368, 0.010602065362, 0.0105247246101, 0.00623182905838, 0.00933918263763, 0.00938121601939, 0.0158485285938, 0.0107717784122, 0.0087680593133, 0.0107847657055, 0.00541835837066, 0.00579774938524, 0.0113757541403, 0.00707206409425, 0.00728970021009, 0.00904000829905, 0.00730719836429, 0.0046431417577, 0.00332875363529, 0.00224195793271, 0.00252680620179, 0.00133397057652, 0.000811414502095, 0.000422271696152, 0.000645211781375, 0.000505907344632, 0.000202987663215, 0.000122048433695, 0.000140001560794, 0.00010374518024, 0.000306863745209, 0.00027602512273, 0.000247760734055, 0.000212477709283, 0.00045316919568, 0.00026873650495, 0.000376491283532, 0.000387675798265, 0.000639431993477, 0.000359798490535], "dvar": [6.72797284551e-08, 5.75313492845e-07, 3.69537474398e-07, 1.36168239351e-07, 2.02237274038e-07, 1.93431731077e-07, 3.88834109799e-07, 4.31276873769e-07, 2.69327159685e-07, 9.876110596e-08, 7.03075571096e-08, 3.97878103797e-08, 7.56799920509e-08, 8.44844905146e-08, 8.9421945404e-08, 1.32008935338e-07, 8.93184761708e-08, 4.66027358925e-08, 1.88970474824e-08, 5.48417533608e-09, 2.79117506885e-09, 1.77095749176e-09, 1.1989428339e-09, 3.13131770513e-10, 5.79503445231e-10, 3.14824666336e-10, 3.69893074503e-11, 1.4395692971e-11, 9.44912117301e-12, 6.43281868745e-12, 2.53238974929e-11, 3.63391192137e-11, 3.13439517396e-11, 2.86634448815e-11, 3.71316206949e-11, 2.43134731098e-11, 3.70705723063e-11, 4.23309616526e-11, 9.55861084728e-11, 2.96725213844e-11], "mean": [0.000239814427914, 0.000662095670123, 0.000519736495335, 0.000487182638608, 0.000445800978923, 0.000362785503967, 0.000403943879064, 0.000441165087977, 0.000293381715892, 0.00016948558914, 0.000161927368026, 9.57667871262e-05, 0.000105573519249, 0.000103289479739, 0.000104097343865, 0.000122085781186, 0.000107629217382, 6.75882183714e-05, 4.46213743999e-05, 3.20326253131e-05, 2.4893994123e-05, 2.39579876506e-05, 1.93077758013e-05, 1.18778007163e-05, 1.51523818204e-05, 1.02431176856e-05, 3.64461584468e-06, 2.13754265133e-06, 1.64925040735e-06, 1.34066942792e-06, 1.43116983509e-06, 1.6432617258e-06, 1.68524127275e-06, 1.55627412823e-06, 1.40364477375e-06, 1.13119449452e-06, 1.08102278773e-06, 9.72261887e-07, 1.05337517198e-06, 1.03519698769e-06], "dvar2": [1.74666311636e-07, 1.57393526479e-06, 1.0130827377e-06, 3.42999726399e-07, 4.92833692078e-07, 4.46717479008e-07, 8.49605555686e-07, 9.70147311818e-07, 5.88183979744e-07, 2.02696554652e-07, 1.80043201681e-07, 9.2059778467e-08, 1.81163585466e-07, 2.0242734422e-07, 2.15673964021e-07, 2.87052245085e-07, 1.92477784822e-07, 1.03087344883e-07, 4.44841283809e-08, 1.09458140329e-08, 5.55097834365e-09, 3.44692652199e-09, 2.34573560576e-09, 6.56107224106e-10, 1.11446363249e-09, 6.27183360802e-10, 7.76406508529e-11, 3.18963293278e-11, 2.0384128413e-11, 1.25538607287e-11, 5.49087927904e-11, 7.68257818473e-11, 5.79154918467e-11, 5.54136007913e-11, 6.45752618045e-11, 5.00726404784e-11, 7.28998250654e-11, 9.97952970261e-11, 2.54290977164e-10, 6.94781940314e-11], "min": [1.32018736054e-23, 4.79434987757e-24, 5.79613893503e-24, 9.14924269977e-24, 1.6388194031e-23, 1.50126919804e-23, 1.60285681215e-23, 2.8250532121e-23, 9.06518168171e-24, 8.30605688831e-24, 9.10597289026e-24, 7.18769588273e-24, 8.15166418739e-24, 1.18110345211e-23, 1.12149759543e-23, 1.73737779133e-23, 9.20018575931e-24, 1.29673121261e-23, 7.84889542766e-24, 3.9200151044e-24, 9.18267778038e-24, 1.55169239824e-23, 6.74539498381e-24, 9.30398171064e-24, 6.71957556638e-24, 1.04294061768e-23, 6.88090708783e-24, 8.39710721399e-24, 7.13842284173e-24, 1.56227417842e-23, 1.25704614482e-23, 1.32457413715e-23, 1.52861143256e-23, 1.06120006551e-23, 9.27212198526e-24, 1.12266873833e-23, 7.87340139168e-24, 7.8376533709e-24, 1.28011685531e-23, 1.64768051987e-23], "var": [1.10168429046e-07, 7.40955499623e-07, 4.49336482689e-07, 3.10012069349e-07, 3.88545004171e-07, 3.5700483636e-07, 7.14405018698e-07, 7.43802104353e-07, 4.3931194682e-07, 1.95705695205e-07, 1.31380730295e-07, 7.12733410069e-08, 1.07254315651e-07, 1.05406414264e-07, 1.15561114455e-07, 1.7765380278e-07, 1.20902441836e-07, 5.74029321854e-08, 2.38685089471e-08, 9.6642018832e-09, 4.4965156043e-09, 3.39646155645e-09, 2.53319898391e-09, 6.39317043749e-10, 1.37392741628e-09, 7.74176944773e-10, 7.27625945607e-11, 2.62998945538e-11, 1.62143631854e-11, 1.34564590373e-11, 4.04786135166e-11, 6.66797450588e-11, 6.45311581948e-11, 5.61977131497e-11, 7.00785471319e-11, 5.22128451586e-11, 7.37713640175e-11, 5.72157807244e-11, 8.88035339708e-11, 4.62435055526e-11], "median": [0.000124158686958, 0.0003929665545, 0.000313932832796, 0.000327562825987, 0.000253419333603, 0.000164719822351, 0.000127956387587, 0.00012895760301, 7.8553770436e-05, 4.22737102781e-05, 4.37561975559e-05, 2.39006149059e-05, 2.85051246465e-05, 2.38114826061e-05, 1.92744337255e-05, 1.71750834852e-05, 1.63079166668e-05, 1.03494930954e-05, 8.48501804285e-06, 7.05037473381e-06, 6.27876579529e-06, 5.58266719963e-06, 4.92170056532e-06, 3.40537485499e-06, 2.99683870253e-06, 1.82058306564e-06, 1.17109516395e-06, 9.10419146294e-07, 6.79060121911e-07, 3.99985395916e-07, 3.1398829492e-07, 3.27667720512e-07, 3.0262580708e-07, 2.36293615785e-07, 1.79848484549e-07, 1.29681168914e-07, 1.08124062592e-07, 9.58744905688e-08, 8.81229951233e-08, 8.65446807552e-08]}, "silence_rate_60dB": {"dmean": 0.0368852466345, "dmean2": 0.0737780481577, "max": 1, "dvar": 0.0355293489993, "mean": 0.109312571585, "dvar2": 0.07754778862, "min": 0, "var": 0.0973756611347, "median": 0}, "spectral_energyband_middle_high": {"dmean": 0.00312616303563, "dmean2": 0.00434005260468, "max": 0.0904509276152, "dvar": 3.10814320983e-05, "mean": 0.00670157372952, "dvar2": 5.6548640714e-05, "min": 1.37739991105e-21, "var": 9.1420384706e-05, "median": 0.00294502614997}, "erbbands_skewness": {"dmean": 0.468362390995, "dmean2": 0.686042428017, "max": 4.54152441025, "dvar": 0.203263863921, "mean": 0.328342139721, "dvar2": 0.409776329994, "min": -5.92601156235, "var": 0.906041383743, "median": 0.420816421509}, "dynamic_complexity": 3.82948374748, "dissonance": {"dmean": 0.0225224010646, "dmean2": 0.0367100983858, "max": 0.500000119209, "dvar": 0.000508729426656, "mean": 0.45470264554, "dvar2": 0.00129506317899, "min": 0.202163890004, "var": 0.00124242075253, "median": 0.463733524084}, "spectral_skewness": {"dmean": 0.31099319458, "dmean2": 0.47175693512, "max": 6.09976387024, "dvar": 0.101167999208, "mean": 1.9550267458, "dvar2": 0.22944585979, "min": -0.265848338604, "var": 0.373281091452, "median": 1.95165431499}, "spectral_kurtosis": {"dmean": 2.6849629879, "dmean2": 4.27316045761, "max": 64.4071502686, "dvar": 12.2907037735, "mean": 7.31793355942, "dvar2": 31.4115905762, "min": -1.28240919113, "var": 27.9179935455, "median": 6.30453443527}, "gfcc": {"cov": [[8072.32763672, -92.8495635986, -80.954460144, 220.378463745, -207.973098755, 28.043888092, -405.756164551, 7.93345546722, -62.9371986389, -0.531970739365, -138.064819336, -122.592727661, -182.337646484], [-92.8495635986, 1523.90722656, -296.371795654, 33.5622291565, 315.269378662, -168.047073364, 128.327728271, -11.4704408646, 103.243377686, -43.6660957336, 166.898773193, -67.69480896, -83.4368667603], [-80.954460144, -296.371795654, 958.687316895, 92.3845062256, -109.042549133, 148.576416016, -5.67243480682, 48.0263214111, -107.507476807, 3.54649400711, -55.3700065613, 90.7421722412, 59.7711334229], [220.378463745, 33.5622291565, 92.3845062256, 527.511474609, 78.968132019, -44.3410682678, -20.6719722748, -19.5016384125, 65.281829834, -3.35168337822, 26.2377414703, 29.9715576172, -28.1291275024], [-207.973098755, 315.269378662, -109.042549133, 78.968132019, 293.045288086, -8.99470806122, 15.6115665436, -26.5435886383, 73.1602096558, 23.6766910553, 43.5986824036, -27.4443740845, -15.1833229065], [28.043888092, -168.047073364, 148.576416016, -44.3410682678, -8.99470806122, 270.648071289, 53.9629554749, 14.1974334717, -47.5940818787, 36.3004302979, -34.1227035522, 2.54020571709, 24.5022087097], [-405.756164551, 128.327728271, -5.67243480682, -20.6719722748, 15.6115665436, 53.9629554749, 221.006637573, 47.0928192139, -5.14039325714, -23.3080768585, 33.0289497375, -0.274560302496, -14.0036821365], [7.93345546722, -11.4704408646, 48.0263214111, -19.5016384125, -26.5435886383, 14.1974334717, 47.0928192139, 179.351119995, 7.71050548553, -22.233751297, -9.87003517151, 25.9554729462, 1.83902382851], [-62.9371986389, 103.243377686, -107.507476807, 65.281829834, 73.1602096558, -47.5940818787, -5.14039325714, 7.71050548553, 144.349273682, 38.4635543823, 21.5212421417, -22.991809845, -26.8801193237], [-0.531970739365, -43.6660957336, 3.54649400711, -3.35168337822, 23.6766910553, 36.3004302979, -23.3080768585, -22.233751297, 38.4635543823, 109.780395508, 25.9457702637, -20.0571632385, -12.5628061295], [-138.064819336, 166.898773193, -55.3700065613, 26.2377414703, 43.5986824036, -34.1227035522, 33.0289497375, -9.87003517151, 21.5212421417, 25.9457702637, 108.673805237, 18.8835296631, -36.6190757751], [-122.592727661, -67.69480896, 90.7421722412, 29.9715576172, -27.4443740845, 2.54020571709, -0.274560302496, 25.9554729462, -22.991809845, -20.0571632385, 18.8835296631, 90.8073577881, 31.2642002106], [-182.337646484, -83.4368667603, 59.7711334229, -28.1291275024, -15.1833229065, 24.5022087097, -14.0036821365, 1.83902382851, -26.8801193237, -12.5628061295, -36.6190757751, 31.2642002106, 100.002853394]], "mean": [-26.2011089325, 95.7202072144, -119.261283875, 9.67512512207, -54.6426582336, 4.83876132965, -42.7460632324, 6.46057128906, -25.4598846436, 0.944929242134, -14.3497447968, -0.24147169292, -15.6968660355], "icov": [[0.000166171637829, -6.93828769727e-05, 4.90999809699e-05, -0.000116457609693, 0.000168179496541, -0.00015477433044, 0.000384435465094, -0.000117154770123, 0.000153335029609, 4.04610636906e-06, 0.000204335039598, 0.000117402792966, 0.000382279016776], [-6.93828769727e-05, 0.00125272257719, -7.98851906438e-05, 0.000193130559637, -0.00108559872024, 0.000487916782731, -0.000474577856949, -7.33390552341e-05, -0.000272564502666, 0.00120851781685, -0.00194675696548, 0.00125968235079, -0.000356840173481], [4.90999809699e-05, -7.98851906438e-05, 0.00148598151281, -0.000466718251118, 0.000314133736538, -0.000537260610145, 9.89222899079e-05, -0.000293044315185, 0.000965580635238, -0.000817248655949, 0.000978777301498, -0.00131375226192, 0.000128010389744], [-0.000116457609693, 0.000193130559637, -0.000466718251118, 0.00247137062252, -0.000814046128653, 0.000347293389495, -0.000146634731209, 0.000602565531153, -0.00138344650622, 0.000714419584256, -0.000200772774406, -0.00118144252338, 0.000696331087966], [0.000168179496541, -0.00108559872024, 0.000314133736538, -0.000814046128653, 0.00554580707103, -0.0012246289989, 0.000671086832881, 0.000376656680601, -0.00159966421779, -0.000268113974016, -0.000560377840884, 0.000881247338839, -0.000731104926672], [-0.00015477433044, 0.000487916782731, -0.000537260610145, 0.000347293389495, -0.0012246289989, 0.0059568490833, -0.00257506594062, -5.55283149879e-05, 0.00193612603471, -0.00338967796415, 0.00222708075307, -0.000541775778402, -0.000381850404665], [0.000384435465094, -0.000474577856949, 9.89222899079e-05, -0.000146634731209, 0.000671086832881, -0.00257506594062, 0.00722629530355, -0.00177044316661, -8.62823726493e-05, 0.00282402080484, -0.00289519270882, 0.00189381488599, 0.000661256955937], [-0.000117154770123, -7.33390552341e-05, -0.000293044315185, 0.000602565531153, 0.000376656680601, -5.55283149879e-05, -0.00177044316661, 0.00693448772654, -0.00189712469, 0.000798409280833, 0.00166379194707, -0.00294587598182, 0.000885781541001], [0.000153335029609, -0.000272564502666, 0.000965580635238, -0.00138344650622, -0.00159966421779, 0.00193612603471, -8.62823726493e-05, -0.00189712469, 0.0114883966744, -0.00511745689437, 0.0018932208186, 0.000401147000957, 0.00140443129931], [4.04610636906e-06, 0.00120851781685, -0.000817248655949, 0.000714419584256, -0.000268113974016, -0.00338967796415, 0.00282402080484, 0.000798409280833, -0.00511745689437, 0.0162998139858, -0.00855351705104, 0.00585131440312, -0.00141362263821], [0.000204335039598, -0.00194675696548, 0.000978777301498, -0.000200772774406, -0.000560377840884, 0.00222708075307, -0.00289519270882, 0.00166379194707, 0.0018932208186, -0.00855351705104, 0.0212020426989, -0.0112972725183, 0.00777007639408], [0.000117402792966, 0.00125968235079, -0.00131375226192, -0.00118144252338, 0.000881247338839, -0.000541775778402, 0.00189381488599, -0.00294587598182, 0.000401147000957, 0.00585131440312, -0.0112972725183, 0.0213209297508, -0.00765568530187], [0.000382279016776, -0.000356840173481, 0.000128010389744, 0.000696331087966, -0.000731104926672, -0.000381850404665, 0.000661256955937, 0.000885781541001, 0.00140443129931, -0.00141362263821, 0.00777007639408, -0.00765568530187, 0.016015810892]]}, "spectral_complexity": {"dmean": 3.39282798767, "dmean2": 4.86812162399, "max": 52, "dvar": 11.2095499039, "mean": 16.5999393463, "dvar2": 20.1017818451, "min": 0, "var": 69.7697219849, "median": 16}, "spectral_flux": {"dmean": 0.0240118857473, "dmean2": 0.0363052040339, "max": 0.29956227541, "dvar": 0.000672949186992, "mean": 0.0820497870445, "dvar2": 0.00131762272213, "min": 1.05938778583e-10, "var": 0.00242918753065, "median": 0.0745503976941}, "spectral_energyband_low": {"dmean": 0.0016771859955, "dmean2": 0.00279360450804, "max": 0.040558218956, "dvar": 9.67851519817e-06, "mean": 0.00312427268364, "dvar2": 2.58905201918e-05, "min": 6.12902135541e-23, "var": 1.39289268191e-05, "median": 0.00199519353919}, "spectral_decrease": {"dmean": 1.67580582744e-09, "dmean2": 2.4345812033e-09, "max": -9.58341611853e-31, "dvar": 4.52639559121e-18, "mean": -4.94886398528e-09, "dvar2": 8.5544553952e-18, "min": -2.84736021428e-08, "var": 1.57858717966e-17, "median": -3.97429467114e-09}, "barkbands_spread": {"dmean": 5.62257528305, "dmean2": 8.34988212585, "max": 121.003433228, "dvar": 48.0468826294, "mean": 19.487537384, "dvar2": 100.552261353, "min": 1.00381612778, "var": 162.342056274, "median": 16.6585445404}, "spectral_rms": {"dmean": 0.000742690754123, "dmean2": 0.00104977702722, "max": 0.0105452435091, "dvar": 6.82937979946e-07, "mean": 0.00405384972692, "dvar2": 1.17609249628e-06, "min": 3.30897158632e-12, "var": 3.50097457158e-06, "median": 0.00400261254981}, "spectral_centroid": {"dmean": 251.315887451, "dmean2": 365.343383789, "max": 11638.4150391, "dvar": 102419.898438, "mean": 1208.25305176, "dvar2": 185242.125, "min": 239.296783447, "var": 349675.59375, "median": 1079.37854004}, "barkbands_skewness": {"dmean": 0.542443990707, "dmean2": 0.803731024265, "max": 7.25287675858, "dvar": 0.294466584921, "mean": 1.02833104134, "dvar2": 0.604345858097, "min": -4.88128709793, "var": 1.18394708633, "median": 1.10504460335}, "spectral_rolloff": {"dmean": 480.056396484, "dmean2": 774.877746582, "max": 18798.4863281, "dvar": 835955.0625, "mean": 1538.27307129, "dvar2": 1729721.75, "min": 43.06640625, "var": 2104752, "median": 1184.32617188}, "erbbands_spread": {"dmean": 7.80387496948, "dmean2": 11.5186386108, "max": 138.410339355, "dvar": 73.9052963257, "mean": 29.8927402496, "dvar2": 150.925491333, "min": 0.858535647392, "var": 296.532775879, "median": 27.4225673676}, "barkbands": {"dmean": [1.52016855282e-05, 0.000585775764193, 0.00104523962364, 0.000628889538348, 0.00124280701857, 0.00115673313849, 0.00142620073166, 0.00137470336631, 0.000855674385093, 0.000630625232588, 0.000597906822804, 0.000708952371497, 0.00100245431531, 0.000913494557608, 0.00051298137987, 0.000302016880596, 0.00026978252572, 0.000164640499861, 0.000179287264473, 4.7718280257e-05, 3.67772154277e-05, 5.69823023397e-05, 5.65172631468e-05, 5.58758802072e-05, 6.12705553067e-05, 2.44355142058e-05, 7.64125616115e-06], "dmean2": [2.35383558902e-05, 0.000977087998763, 0.00176722742617, 0.00108454341535, 0.00198313500732, 0.00186131463852, 0.00220552715473, 0.00212652329355, 0.00128402072005, 0.000982714351267, 0.000957060314249, 0.00112094113138, 0.00154086668044, 0.00141396257095, 0.000781951122917, 0.000449539133115, 0.00039633634151, 0.000241147892666, 0.000256421830272, 7.28370068828e-05, 5.38012463949e-05, 7.99842528068e-05, 7.77576569817e-05, 7.88531906437e-05, 8.53970850585e-05, 3.55886550096e-05, 1.14635840873e-05], "max": [0.001831891248, 0.0268529150635, 0.0305084194988, 0.0221515893936, 0.0271893329918, 0.0405182540417, 0.0752772837877, 0.0602820850909, 0.0560872033238, 0.0340832360089, 0.0712804868817, 0.0508683659136, 0.0681631937623, 0.0607220642269, 0.0438572354615, 0.0267487894744, 0.0205408744514, 0.00967473722994, 0.0150086740032, 0.00487808091566, 0.0067317308858, 0.0101066231728, 0.018599351868, 0.0230323951691, 0.0305417645723, 0.00556563213468, 0.00042013937491], "dvar": [1.6733504582e-09, 1.22685798942e-06, 4.42203281636e-06, 1.7259814058e-06, 3.1611311897e-06, 4.7488256314e-06, 1.05921735667e-05, 9.42253973335e-06, 4.69597443953e-06, 2.64666959993e-06, 3.60857575288e-06, 5.89610681345e-06, 1.11565750558e-05, 9.05492288439e-06, 3.39089046975e-06, 8.06712307622e-07, 4.57894060446e-07, 1.70379649944e-07, 2.20994024858e-07, 1.67203300094e-08, 1.50539953836e-08, 7.20980040114e-08, 9.04305821336e-08, 2.22287823703e-07, 2.15653443547e-07, 1.59747450823e-08, 5.51897472167e-10], "mean": [2.2262265702e-05, 0.00103675306309, 0.00159302854445, 0.000865948502906, 0.00248646154068, 0.00181858532596, 0.00202079792507, 0.00193625467364, 0.00120481138583, 0.000966937746853, 0.000780621834565, 0.000886989524588, 0.00117915740702, 0.00107131747063, 0.000614372373093, 0.000421806209488, 0.000413578294683, 0.000268974865321, 0.000305643770844, 7.85921729403e-05, 5.73494689888e-05, 8.38052728795e-05, 8.43696616357e-05, 8.46957336762e-05, 0.000104243226815, 3.7181431253e-05, 8.46797502163e-06], "dvar2": [3.69735597694e-09, 3.27586735693e-06, 1.20918712128e-05, 4.77042203784e-06, 7.86597775004e-06, 1.13337346193e-05, 2.31876383623e-05, 2.10296311707e-05, 9.68322910921e-06, 6.7035198299e-06, 8.69224641065e-06, 1.36434800879e-05, 2.41969792114e-05, 1.92757597688e-05, 7.55696055421e-06, 1.62751882726e-06, 8.79136848653e-07, 3.57152771358e-07, 4.39554327158e-07, 3.57630973724e-08, 2.86177623821e-08, 1.35407248081e-07, 1.48487359297e-07, 4.74332722433e-07, 4.77119328934e-07, 3.82392748577e-08, 1.21652010687e-09], "min": [3.32411659746e-23, 2.99826213889e-23, 7.66335928706e-24, 1.31480740805e-23, 5.92135277548e-23, 7.33108823388e-23, 8.7409902997e-23, 1.01560357386e-22, 6.98835720064e-23, 4.92933683688e-23, 6.00911765326e-23, 9.38480177255e-23, 1.635464283e-22, 1.1495260916e-22, 1.18475548367e-22, 9.19761959478e-23, 2.26015490348e-22, 1.69854046502e-22, 2.17643694525e-22, 2.48311021936e-22, 5.09005620227e-22, 7.50891982245e-22, 5.50902136499e-22, 7.90094658433e-22, 1.65229953397e-21, 1.69900050346e-21, 2.51380329519e-21], "var": [2.46146791838e-09, 1.9141998564e-06, 5.43437090528e-06, 1.85339990821e-06, 7.63810385251e-06, 8.27530038805e-06, 1.89370730368e-05, 1.59833361977e-05, 9.42226415646e-06, 4.85647933601e-06, 5.4178267419e-06, 8.16392002889e-06, 1.55432753672e-05, 1.22038018162e-05, 4.50171910416e-06, 1.3631456568e-06, 9.34887168569e-07, 3.45908460986e-07, 5.53175368623e-07, 3.15624610892e-08, 3.09712930857e-08, 1.52782305918e-07, 2.07841438282e-07, 3.83712603025e-07, 3.92929280224e-07, 2.85786221355e-08, 7.43145156523e-10], "median": [6.40260486762e-06, 0.000577045255341, 0.000738082802854, 0.000416739087086, 0.00173773337156, 0.000833393540233, 0.000574113044422, 0.000550051801838, 0.000272814795608, 0.000280664738966, 0.000211019782, 0.000193436513655, 0.000174577216967, 0.0001580688986, 0.000109891960165, 9.29790330702e-05, 0.000101801888377, 7.83024443081e-05, 6.13259981037e-05, 3.5002194636e-05, 1.69128434209e-05, 1.63746462931e-05, 1.12622301458e-05, 8.93051128514e-06, 9.62973899732e-06, 3.54179587703e-06, 3.89875197015e-07]}, "melbands_kurtosis": {"dmean": 3.90688562393, "dmean2": 6.1188826561, "max": 170.060806274, "dvar": 30.1611785889, "mean": 6.52921390533, "dvar2": 72.2558059692, "min": -1.89761972427, "var": 65.9511032104, "median": 4.30165481567}, "erbbands_crest": {"dmean": 3.26324057579, "dmean2": 5.26605367661, "max": 31.1745986938, "dvar": 8.76028060913, "mean": 10.2998800278, "dvar2": 21.8586273193, "min": 2.21921443939, "var": 23.0149688721, "median": 9.2286233902}, "melbands_skewness": {"dmean": 0.638147413731, "dmean2": 0.956991314888, "max": 9.67654800415, "dvar": 0.403777271509, "mean": 1.68101537228, "dvar2": 0.857657253742, "min": -3.8897497654, "var": 1.64627683163, "median": 1.62790560722}, "spectral_energyband_middle_low": {"dmean": 0.00431475182995, "dmean2": 0.00650214962661, "max": 0.0795348808169, "dvar": 3.37913188559e-05, "mean": 0.0108716366813, "dvar2": 7.06162099959e-05, "min": 4.24034016868e-22, "var": 0.000102327743662, "median": 0.00813396368176}, "spectral_contrast_coeffs": {"dmean": [0.0495894961059, 0.0518080368638, 0.0430256575346, 0.0358990542591, 0.0285079646856, 0.0196649450809], "dmean2": [0.0812491476536, 0.0827737376094, 0.0692260414362, 0.0558341965079, 0.043556548655, 0.029743431136], "max": [-0.280715703964, -0.42064461112, -0.426998704672, -0.466939717531, -0.53862541914, -0.539594590664], "dvar": [0.00175594759639, 0.00179727585055, 0.00122622435447, 0.00101142853964, 0.000670328736305, 0.000373311835574], "mean": [-0.624048233032, -0.720408976078, -0.758049488068, -0.771351754665, -0.77035433054, -0.789876282215], "dvar2": [0.00449074385688, 0.00435468973592, 0.00302535644732, 0.00216487329453, 0.00136098370422, 0.000715253350791], "min": [-0.969888389111, -0.973813414574, -0.968250274658, -0.976099610329, -0.959958851337, -0.962139010429], "var": [0.00752903148532, 0.00602954532951, 0.00441635632887, 0.00376343587413, 0.00295451749116, 0.0020349107217], "median": [-0.629987597466, -0.726572394371, -0.76621478796, -0.781276583672, -0.779060602188, -0.797617793083]}, "spectral_contrast_valleys": {"dmean": [0.428220808506, 0.406607866287, 0.369796872139, 0.35491207242, 0.339184433222, 0.395463824272], "dmean2": [0.693071186543, 0.64562946558, 0.569443881512, 0.515578746796, 0.45898526907, 0.498448044062], "max": [-5.68948030472, -4.71929359436, -4.93149662018, -5.38865947723, -5.1236987114, -6.86002111435], "dvar": [0.154780834913, 0.152031853795, 0.129804030061, 0.125841155648, 0.127994820476, 0.181285589933], "mean": [-7.79560089111, -6.75148487091, -7.42118835449, -7.72077035904, -8.04611587524, -10.580201149], "dvar2": [0.351769089699, 0.32678553462, 0.259587049484, 0.219483971596, 0.201332941651, 0.286358982325], "min": [-27.2609062195, -27.1662578583, -27.2695636749, -27.1769046783, -27.2613887787, -27.2626457214], "var": [1.35573303699, 1.08140790462, 0.968214035034, 1.04631567001, 1.0337407589, 1.30495417118], "median": [-7.49630737305, -6.57094907761, -7.32220077515, -7.616771698, -7.93159818649, -10.537062645]}, "silence_rate_20dB": {"dmean": 0, "dmean2": 0, "max": 1, "dvar": 0, "mean": 1, "dvar2": 0, "min": 1, "var": 0, "median": 1}, "silence_rate_30dB": {"dmean": 0, "dmean2": 0, "max": 1, "dvar": 0, "mean": 1, "dvar2": 0, "min": 1, "var": 0, "median": 1}, "spectral_strongpeak": {"dmean": 0.687502622604, "dmean2": 1.10544085503, "max": 13.2876214981, "dvar": 1.0183339119, "mean": 1.15690350533, "dvar2": 2.40483021736, "min": 0, "var": 1.94615089893, "median": 0.61704158783}, "spectral_spread": {"dmean": 698099.0625, "dmean2": 946313.5625, "max": 40757696, "dvar": 742473203712, "mean": 4303699, "dvar2": 1180889382910.0, "min": 1017261.875, "var": 4333529202690.0, "median": 3840484.25}, "barkbands_flatness_db": {"dmean": 0.0218475200236, "dmean2": 0.0306008998305, "max": 0.366696387529, "dvar": 0.000415890914155, "mean": 0.130812212825, "dvar2": 0.000734406232368, "min": 0.0191598832607, "var": 0.00221184804104, "median": 0.12670442462}, "pitch_salience": {"dmean": 0.0694139525294, "dmean2": 0.113572284579, "max": 0.874031662941, "dvar": 0.00330952159129, "mean": 0.63338804245, "dvar2": 0.00864419899881, "min": 0.140727251768, "var": 0.00882888957858, "median": 0.642401099205}, "erbbands_kurtosis": {"dmean": 1.58561193943, "dmean2": 2.47482037544, "max": 71.3974380493, "dvar": 6.64079046249, "mean": 1.50531947613, "dvar2": 14.763543129, "min": -1.8008825779, "var": 13.6194458008, "median": 0.394609987736}, "average_loudness": 0.927905976772, "barkbands_crest": {"dmean": 2.49850845337, "dmean2": 4.08624076843, "max": 25.275308609, "dvar": 4.88736438751, "mean": 8.76198291779, "dvar2": 12.3345422745, "min": 2.52847933769, "var": 11.4557714462, "median": 8.00489234924}, "hfc": {"dmean": 7.52631092072, "dmean2": 10.1293258667, "max": 637.231262207, "dvar": 197.458282471, "mean": 19.3469429016, "dvar2": 360.639556885, "min": 1.23693981528e-16, "var": 569.722412109, "median": 12.1733322144}, "barkbands_kurtosis": {"dmean": 2.11939358711, "dmean2": 3.32035660744, "max": 62.8554611206, "dvar": 7.52675294876, "mean": 2.70515298843, "dvar2": 17.4793243408, "min": -1.88902831078, "var": 16.3181743622, "median": 1.64493811131}, "erbbands": {"dmean": [0.0113452319056, 0.162116676569, 0.986303091049, 1.70399713516, 2.67937016487, 4.99126434326, 7.57655906677, 9.91302108765, 17.4735927582, 27.4578323364, 26.4018173218, 19.6050643921, 20.7419700623, 16.4761390686, 24.9953517914, 29.8875484467, 41.9451751709, 46.4569168091, 31.8267765045, 20.7985668182, 15.0378074646, 14.4879703522, 9.33162689209, 10.5243024826, 5.86348962784, 2.13089227676, 1.55809020996, 1.60530233383, 1.99631285667, 1.96803283691, 1.59131062031, 1.13252127171, 0.966886520386, 0.769499957561, 0.399198979139, 0.14268861711, 0.038028743118, 0.00819564983249, 0.00157039426267, 5.96133468207e-05], "dmean2": [0.0184522159398, 0.273358345032, 1.66759121418, 2.90153217316, 4.46663475037, 7.89458370209, 12.3926086426, 15.6671695709, 26.8372650146, 42.2551345825, 39.9091339111, 29.2997074127, 32.2206001282, 25.0946884155, 39.0100746155, 45.9469070435, 62.8778762817, 69.160118103, 46.9029083252, 30.6753864288, 21.8109607697, 20.9274864197, 13.3665866852, 14.8158769608, 8.33738040924, 3.19466853142, 2.32376766205, 2.352196455, 2.82736897469, 2.72547411919, 2.19616770744, 1.57034742832, 1.37710678577, 1.10869443417, 0.566984057426, 0.207074433565, 0.0549491979182, 0.0118817547336, 0.00235716998577, 8.97790814633e-05], "max": [0.88966947794, 6.30017852783, 27.8886508942, 72.0136184692, 69.7352142334, 153.315643311, 309.56741333, 436.868713379, 951.78338623, 1100.63256836, 1191.84143066, 1565.07287598, 1063.60876465, 1434.30163574, 2617.07324219, 2617.76586914, 2958.72167969, 3336.48144531, 2722.63818359, 2262.95703125, 1839.46923828, 1285.99291992, 572.412475586, 683.182983398, 434.409332275, 222.000915527, 179.31729126, 406.262359619, 408.454406738, 366.51739502, 684.747253418, 468.100524902, 503.144470215, 527.383361816, 79.7297439575, 37.3418731689, 4.23763418198, 0.807446300983, 0.0766418129206, 0.0023055204656], "dvar": [0.000720934651326, 0.0878305658698, 3.61588835716, 13.1101579666, 20.4200897217, 62.7157783508, 222.947158813, 425.093139648, 1709.99475098, 3752.91308594, 4040.2734375, 2754.69726563, 2726.79516602, 2357.19580078, 6895.39355469, 9874.0703125, 18853.6445313, 21477.3300781, 11853.8652344, 5409.13427734, 1807.14404297, 1394.59924316, 522.916320801, 681.073791504, 230.726364136, 34.2951278687, 17.7275047302, 47.7398910522, 95.0447845459, 83.2642669678, 87.9222869873, 62.6643638611, 85.5359191895, 58.9162979126, 4.34455156326, 0.685734093189, 0.0237667169422, 0.000753885542508, 2.36529012909e-05, 3.01968370309e-08], "mean": [0.0214136596769, 0.278346002102, 1.49984490871, 2.74728989601, 4.49655532837, 9.33718681335, 12.1755743027, 15.8980636597, 26.0972747803, 39.4538574219, 37.3056182861, 28.4925956726, 33.2415046692, 25.153503418, 33.9221534729, 39.1598548889, 52.1165733337, 58.5519218445, 39.8372192383, 28.4503192902, 22.5788288116, 23.0321331024, 16.0701332092, 17.8452262878, 10.1313381195, 3.679022789, 2.51063609123, 2.43030834198, 2.95661592484, 2.85942006111, 2.34886741638, 1.76639854908, 1.42107665539, 1.2395581007, 0.683105170727, 0.224596992135, 0.0572976656258, 0.0111694280058, 0.00170982710551, 8.02739887149e-05], "dvar2": [0.00181325839367, 0.239911079407, 9.91356372833, 36.0305938721, 54.9694900513, 150.84185791, 546.424072266, 982.66217041, 3743.21435547, 8396.13964844, 8803.80957031, 5628.38427734, 6949.54492188, 5431.07617188, 16583.7207031, 22479.5683594, 40776.09375, 44997.375, 24920.28125, 11514.0888672, 3472.6237793, 2657.55517578, 1037.32702637, 1285.06066895, 444.973052979, 71.5013122559, 34.8440132141, 95.2222290039, 181.385192871, 149.169464111, 146.823440552, 107.412750244, 203.198516846, 144.792129517, 8.1652173996, 1.63077819347, 0.0476609170437, 0.0015391127672, 5.22518894286e-05, 6.88927102033e-08], "min": [1.70921384142e-21, 3.81478209779e-21, 9.89025284865e-21, 2.36799643518e-20, 7.92742498713e-20, 2.02089762073e-19, 4.80138279026e-19, 7.16381992549e-19, 1.05279557219e-18, 2.55251951769e-18, 1.1934002497e-18, 1.20848399157e-18, 1.83762288302e-18, 1.88994784703e-18, 2.6603141796e-18, 4.33219136776e-18, 6.94848010003e-18, 5.63199982127e-18, 7.87807725294e-18, 4.13770093983e-18, 6.85221199316e-18, 1.30056648182e-17, 8.52577208028e-18, 9.19639800856e-18, 1.29652363658e-17, 1.14935133112e-17, 1.49925261798e-17, 2.45144404389e-17, 2.58579438811e-17, 2.1685565462e-17, 1.70934193519e-17, 1.55007393307e-17, 1.37701087444e-17, 1.75901280748e-17, 1.19771434815e-17, 6.52254536388e-18, 3.15631442235e-18, 1.26751842432e-18, 3.1896169723e-19, 4.03701168183e-20], "var": [0.00110672949813, 0.130901679397, 4.38909816742, 15.2565584183, 31.2631835938, 151.459075928, 369.169433594, 754.964904785, 3058.30322266, 6203.85107422, 6566.25488281, 5406.71435547, 5226.25537109, 4369.54101563, 9529.01464844, 14795.8613281, 27187.3125, 31896.9707031, 16694.8945313, 8573.72070313, 3262.7668457, 2891.07788086, 1181.81298828, 1697.38366699, 602.703430176, 68.71925354, 36.2438468933, 89.6742172241, 201.570144653, 179.625045776, 190.764053345, 152.932876587, 115.023513794, 76.9898605347, 12.0285139084, 1.24255645275, 0.0552856773138, 0.00151963625103, 3.05846660922e-05, 3.60527963039e-08], "median": [0.00859559886158, 0.160618275404, 0.817282915115, 1.43017065525, 2.77449774742, 5.24652004242, 6.43827581406, 7.01169252396, 8.48469257355, 12.0886249542, 11.1811914444, 7.40966367722, 9.5169467926, 7.06631183624, 9.28035449982, 8.7101354599, 8.66449928284, 9.1853094101, 6.79981708527, 6.27840185165, 5.88991832733, 5.76980113983, 5.06918001175, 3.89194750786, 2.61927628517, 1.70508027077, 0.98702776432, 0.607453107834, 0.586629986763, 0.474509865046, 0.299077033997, 0.193057850003, 0.140919536352, 0.108383774757, 0.0644275844097, 0.0214578732848, 0.0054757129401, 0.000959249504376, 7.77426394052e-05, 2.83581794065e-05]}, "spectral_energy": {"dmean": 0.00687270332128, "dmean2": 0.00992058031261, "max": 0.113982215524, "dvar": 7.60342954891e-05, "mean": 0.0204330086708, "dvar2": 0.000141424694448, "min": 1.12230249924e-20, "var": 0.000268122006673, "median": 0.0164214279503}, "zerocrossingrate": {"dmean": 0.0111159030348, "dmean2": 0.012397560291, "max": 0.4990234375, "dvar": 0.000218286251766, "mean": 0.063118994236, "dvar2": 0.000225973853958, "min": 0.0087890625, "var": 0.00151798187289, "median": 0.05517578125}, "spectral_energyband_high": {"dmean": 0.000276274135103, "dmean2": 0.000365134153981, "max": 0.0692017823458, "dvar": 1.59978048941e-06, "mean": 0.000497911474667, "dvar2": 2.96533630717e-06, "min": 8.45333026472e-21, "var": 3.95008964915e-06, "median