{"tonal": {"chords_key": "F#", "hpcp_entropy": {"dmean": 0.597971320152, "dmean2": 1.00089597702, "max": 4.62751197815, "dvar": 0.292284429073, "mean": 1.80903673172, "dvar2": 0.753280043602, "min": 0, "var": 0.582086145878, "median": 1.8038161993}, "key_key": "B", "chords_strength": {"dmean": 0.0111326994374, "dmean2": 0.0116045754403, "max": 0.815127313137, "dvar": 0.000397294032155, "mean": 0.465356230736, "dvar2": 0.00081892736489, "min": -1, "var": 0.0218544248492, "median": 0.468798607588}, "key_scale": "major", "chords_number_rate": 0.00227235839702, "thpcp": [1, 0.736274838448, 0.365338891745, 0.352561563253, 0.367353707552, 0.529704988003, 0.820389330387, 0.64140868187, 0.393020451069, 0.448523581028, 0.306100845337, 0.144559785724, 0.144886985421, 0.136471807957, 0.333306968212, 0.591997504234, 0.45787575841, 0.223241880536, 0.175325483084, 0.168586328626, 0.367432147264, 0.666259944439, 0.520044147968, 0.310205698013, 0.305174440145, 0.222277238965, 0.296533614397, 0.532822430134, 0.542995929718, 0.532924175262, 0.689665734768, 0.535395085812, 0.301027834415, 0.267534852028, 0.280384600163, 0.626106262207], "key_strength": 0.611469805241, "tuning_nontempered_energy_ratio": 0.742198288441, "tuning_frequency": 437.465789795, "chords_changes_rate": 0.0822918340564, "tuning_diatonic_strength": 0.524704635143, "chords_scale": "major", "chords_histogram": [14.8352537155, 6.99561738968, 18.3087158203, 1.41210842133, 1.24979710579, 0.535627305508, 8.19672107697, 2.23989605904, 1.29849052429, 0.292160362005, 0.876481115818, 0.194773569703, 0.0162311308086, 0, 0, 0, 0.454471677542, 3.21376395226, 2.14250922203, 8.34280109406, 2.35351395607, 10.9235515594, 0, 16.1175136566], "tuning_equal_tempered_deviation": 0.0612262487411, "hpcp": {"dmean": [0.0765549615026, 0.0716999322176, 0.0950300917029, 0.144815415144, 0.154245942831, 0.141827091575, 0.157110229135, 0.142744719982, 0.10057810694, 0.0818301141262, 0.0852831527591, 0.130744606256, 0.160013213754, 0.147809699178, 0.109050936997, 0.0958606600761, 0.0980130806565, 0.119490012527, 0.150698795915, 0.133436858654, 0.098045617342, 0.0814352035522, 0.0699730738997, 0.0477868430316, 0.0412387698889, 0.0387211926281, 0.0727512836456, 0.0973241254687, 0.0961411744356, 0.0689345821738, 0.0516954660416, 0.0520826801658, 0.087697185576, 0.118619337678, 0.107167720795, 0.0845886617899], "dmean2": [0.138213396072, 0.131276339293, 0.174779042602, 0.26510065794, 0.280557304621, 0.250265538692, 0.283325254917, 0.254883676767, 0.183340504766, 0.150475233793, 0.154424652457, 0.226782426238, 0.271560519934, 0.254969418049, 0.188387155533, 0.163148462772, 0.168451264501, 0.204020678997, 0.256005495787, 0.230329826474, 0.171717256308, 0.138909742236, 0.119213342667, 0.0858884826303, 0.0734980329871, 0.0698760375381, 0.121744170785, 0.162827372551, 0.161107122898, 0.122431837022, 0.0938090607524, 0.0953122600913, 0.154495209455, 0.20133754611, 0.181791380048, 0.151152551174], "max": [1, 1, 1, 1, 1, 1, 1, 1, 1, 1, 1, 1, 1, 1, 1, 1, 1, 1, 1, 1, 1, 1, 1, 1, 1, 1, 1, 1, 1, 1, 1, 1, 1, 1, 1, 1], "dvar": [0.0359197556973, 0.0351092927158, 0.0390367656946, 0.0692109614611, 0.068016409874, 0.0533566698432, 0.0716148689389, 0.0584586896002, 0.0456823967397, 0.0393396280706, 0.0338340513408, 0.0493456348777, 0.0579251535237, 0.0503273122013, 0.0371417887509, 0.0423775278032, 0.0429897792637, 0.0451216176152, 0.0574257038534, 0.0480749607086, 0.0335941128433, 0.0322422385216, 0.0244619790465, 0.016251290217, 0.0166977886111, 0.0116106327623, 0.0229796338826, 0.0388757772744, 0.0358383245766, 0.027214102447, 0.0213607344776, 0.0195213574916, 0.0316244997084, 0.0453477352858, 0.035568293184, 0.0360224694014], "mean": [0.0792843103409, 0.0577476173639, 0.0770394206047, 0.138427242637, 0.141070321202, 0.138453677297, 0.179175123572, 0.139095619321, 0.0782070159912, 0.0695055425167, 0.0728439092636, 0.162662386894, 0.259799957275, 0.191284164786, 0.0949150249362, 0.0915954783559, 0.0954384803772, 0.137617334723, 0.213137120008, 0.166637942195, 0.102106697857, 0.116526409984, 0.0795249864459, 0.0375566259027, 0.037641633302, 0.0354553684592, 0.0865931361914, 0.153800919652, 0.118956103921, 0.0579982325435, 0.0455495528877, 0.0437987223268, 0.0954588577151, 0.173094302416, 0.135107442737, 0.0805914252996], "dvar2": [0.0920617058873, 0.0983399450779, 0.107288755476, 0.199579373002, 0.190540894866, 0.136867880821, 0.178347349167, 0.154205560684, 0.123562142253, 0.105193920434, 0.0952163860202, 0.116820879281, 0.131792366505, 0.127918958664, 0.0950305759907, 0.0982894673944, 0.104640007019, 0.110858537257, 0.138080015779, 0.119410097599, 0.088456608355, 0.0739186704159, 0.0621103532612, 0.0441679432988, 0.0433319993317, 0.0308720562607, 0.0577209107578, 0.0869243368506, 0.0893539115787, 0.070362329483, 0.0562081821263, 0.0533616431057, 0.0850761979818, 0.108474455774, 0.0895680189133, 0.0954210162163], "min": [0, 0, 0, 0, 0, 0, 0, 0, 0, 0, 0, 0, 0, 0, 0, 0, 0, 0, 0, 0, 0, 0, 0, 0, 0, 0, 0, 0, 0, 0, 0, 0, 0, 0, 0, 0], "var": [0.0455825813115, 0.0284709371626, 0.0302102603018, 0.0695566013455, 0.067842900753, 0.0568521246314, 0.0916468948126, 0.0599730350077, 0.0374353937805, 0.0386947244406, 0.0303090102971, 0.0709260851145, 0.124178223312, 0.0782981589437, 0.0356243960559, 0.0502647086978, 0.0491034537554, 0.0581434741616, 0.0962942093611, 0.0697394236922, 0.0412727072835, 0.0669323429465, 0.0351299792528, 0.0128304893151, 0.0186007637531, 0.013586319983, 0.0330619588494, 0.0845804810524, 0.053725335747, 0.0253624003381, 0.0230405665934, 0.0196495130658, 0.0360748022795, 0.08378008008, 0.0505574420094, 0.0382215566933], "median": [0.00185222527944, 0.00230121356435, 0.00762750720605, 0.013051093556, 0.0157700199634, 0.0235654618591, 0.0240696575493, 0.0154633233324, 0.00564452400431, 0.00173332728446, 0.00404865574092, 0.0255766119808, 0.0537668131292, 0.0396305806935, 0.0109089193866, 0.00280171982013, 0.00428175041452, 0.0271250419319, 0.0472376383841, 0.0359250493348, 0.0114606944844, 0.00412406539544, 0.00335942627862, 0.00301513401791, 0.00187225849368, 0.00251965248026, 0.00666661653668, 0.0113749140874, 0.00958857219666, 0.00307400408201, 0.00139042397495, 0.00178170017898, 0.0135771976784, 0.030420197174, 0.0272482670844, 0.00791639555246]}}, "lowlevel": {"melbands_flatness_db": {"dmean": 0.0503203459084, "dmean2": 0.0684195011854, "max": 0.950803995132, "dvar": 0.00278082955629, "mean": 0.330902785063, "dvar2": 0.00445892708376, "min": 0.00663945637643, "var": 0.016452498734, "median": 0.315240621567}, "melbands_crest": {"dmean": 3.95868587494, "dmean2": 6.34836483002, "max": 39.8409233093, "dvar": 16.3905067444, "mean": 18.2651500702, "dvar2": 36.3215637207, "min": 2.12802958488, "var": 52.9812545776, "median": 17.4392318726}, "spectral_entropy": {"dmean": 0.360600650311, "dmean2": 0.517317473888, "max": 9.79994487762, "dvar": 0.173671171069, "mean": 6.77427911758, "dvar2": 0.318500578403, "min": 3.36475419998, "var": 0.963684856892, "median": 6.85438632965}, "melbands": {"dmean": [0.0067499759607, 0.00426679383963, 0.00197394681163, 0.000523542345036, 0.000335777935106, 0.000206260636332, 0.000133484529215, 0.00010572237079, 0.000108135936898, 9.26121065277e-05, 9.61777113844e-05, 3.81257887057e-05, 2.59937096416e-05, 3.70119305444e-05, 2.49022759817e-05, 1.62466239999e-05, 1.84593609447e-05, 2.22091111937e-05, 1.84768286999e-05, 1.27815128508e-05, 6.17302339379e-06, 3.84132817999e-06, 4.82225641463e-06, 2.18320997192e-06, 2.38895745497e-06, 2.48450805884e-06, 1.73950388671e-06, 1.31861861519e-06, 1.27115799842e-06, 1.20916888591e-06, 1.47192236e-06, 2.4514913548e-06, 1.88224635167e-06, 1.22799610836e-06, 1.17108743325e-06, 1.45273088492e-06, 8.7844364316e-07, 6.94634593401e-07, 6.70478925713e-07, 6.72978558214e-07], "dmean2": [0.00984560512006, 0.00639565382153, 0.0034010342788, 0.000894318509381, 0.000547830713913, 0.00033679488115, 0.00022407018696, 0.000164111144841, 0.000165253673913, 0.000150877414853, 0.000152504726429, 5.63424655411e-05, 4.0320745029e-05, 5.68035393371e-05, 3.66255189874e-05, 2.44906750595e-05, 2.97899659927e-05, 3.89574524888e-05, 3.33074567607e-05, 2.20546626224e-05, 9.7321726571e-06, 5.67499500903e-06, 7.60794227972e-06, 3.38377776643e-06, 3.88329135603e-06, 3.89161323255e-06, 2.73348905466e-06, 2.1407568056e-06, 2.02146088668e-06, 2.05367405215e-06, 2.37188373831e-06, 4.22064204031e-06, 3.23426934301e-06, 2.01982288672e-06, 1.91566073227e-06, 2.48624496635e-06, 1.43389991081e-06, 1.20241043078e-06, 1.10538996978e-06, 1.06751235762e-06], "max": [0.142663925886, 0.10852727294, 0.0482478290796, 0.0173856802285, 0.0212916396558, 0.00571894599125, 0.00648492574692, 0.00528274290264, 0.00520886387676, 0.00480455206707, 0.00445794779807, 0.00372201832943, 0.00219260901213, 0.00256780092604, 0.00239982898347, 0.000620888371486, 0.000799320812803, 0.00112667458598, 0.000836188846733, 0.00098932813853, 0.000405117025366, 0.000219413588638, 0.000209503225051, 7.87724857219e-05, 7.37743903301e-05, 7.27135848138e-05, 6.37293851469e-05, 2.96131693176e-05, 4.77926296298e-05, 3.07381342282e-05, 0.000100256249425, 8.10171331977e-05, 4.3934025598e-05, 4.88707519253e-05, 0.000119303018437, 0.000104639584606, 0.000149166604388, 3.71137575712e-05, 2.3344591682e-05, 2.34710860241e-05], "dvar": [0.000266642484348, 0.000138785588206, 2.94781457342e-05, 1.25766291603e-06, 3.72229834511e-07, 1.38344589118e-07, 7.51443280933e-08, 4.84385545008e-08, 6.16478246229e-08, 6.01436696002e-08, 6.35781063352e-08, 1.11433271499e-08, 5.05683672714e-09, 9.95470994525e-09, 5.16861664579e-09, 2.44221154411e-09, 3.06126901606e-09, 6.02393690485e-09, 6.22005424944e-09, 3.30571636731e-09, 4.22479051743e-10, 1.0737588596e-10, 2.91332263869e-10, 2.46681060995e-11, 2.6673118575e-11, 3.24434853982e-11, 2.06095019523e-11, 8.96185296112e-12, 1.00942518233e-11, 8.48030760198e-12, 1.95492910054e-11, 6.03911434749e-11, 2.67795507991e-11, 1.12872333008e-11, 1.35729925563e-11, 2.88094669648e-11, 9.86485632765e-12, 6.26707409926e-12, 3.93214410685e-12, 4.45937687818e-12], "mean": [0.0096872439608, 0.00569607364014, 0.00186025910079, 0.000730724714231, 0.000624757725745, 0.000341662991559, 0.000253051373875, 0.000226063115406, 0.000232216218137, 0.000138926974614, 0.000144431105582, 6.57921118545e-05, 4.06645158364e-05, 5.94418925175e-05, 3.51108174073e-05, 1.84865148185e-05, 2.08596902667e-05, 2.26874817599e-05, 1.62747510331e-05, 1.19709711726e-05, 8.53142955748e-06, 5.49135984329e-06, 4.96433722219e-06, 3.51805419996e-06, 3.71594796889e-06, 3.55609472535e-06, 2.47856519309e-06, 1.65841879607e-06, 1.75007596681e-06, 1.41412385801e-06, 1.66846348293e-06, 2.23685287892e-06, 1.8142098952e-06, 1.36830442443e-06, 1.28044541725e-06, 1.38299424179e-06, 9.99892222353e-07, 7.47447245431e-07, 7.72726593823e-07, 7.84543658483e-07], "dvar2": [0.000456710200524, 0.000337935751304, 8.18131666165e-05, 3.53478117177e-06, 9.81469497674e-07, 3.55848612799e-07, 2.26183786367e-07, 1.10084457106e-07, 1.38324409704e-07, 1.59316911663e-07, 1.667437175e-07, 2.39388899814e-08, 1.21626300142e-08, 2.3535921656e-08, 1.23847652134e-08, 5.57873436335e-09, 7.63130092452e-09, 1.76699526122e-08, 1.85539335007e-08, 9.2658973827e-09, 8.91658746838e-10, 2.38420783116e-10, 7.33294536204e-10, 5.31802518688e-11, 6.93688856357e-11, 7.37152006103e-11, 4.09095222975e-11, 2.25845210589e-11, 2.6037932227e-11, 2.38064117031e-11, 4.89410664772e-11, 1.64057489815e-10, 7.31241039942e-11, 2.92563126503e-11, 3.41464842513e-11, 7.61115129255e-11, 2.41011915286e-11, 1.71962322854e-11, 1.00089684804e-11, 1.01889859397e-11], "min": [1.83016487318e-23, 1.16336157592e-23, 1.37324653945e-23, 3.6734530786e-24, 3.68996354292e-24, 6.23341124011e-24, 1.54216532509e-23, 2.16758324376e-23, 7.21036380084e-24, 7.13644280086e-24, 6.27991143503e-24, 4.64285387388e-24, 6.3036537817e-24, 1.7138462283e-23, 1.33559515508e-23, 1.69963363691e-23, 1.55759055346e-23, 9.48648546992e-24, 1.65887145845e-23, 9.5337855698e-24, 7.00603304917e-24, 4.94433205717e-24, 9.08860296199e-24, 1.03772388051e-23, 7.4805178953e-24, 6.85893494504e-24, 7.42619614451e-24, 6.51664938155e-24, 1.26144325551e-23, 1.34941489373e-23, 1.10293893266e-23, 1.08231313877e-23, 9.39362707504e-24, 5.32483793151e-24, 8.05184093958e-24, 1.1040315839e-23, 1.42286557485e-23, 1.03646406964e-23, 7.47552440577e-24, 9.284827379e-24], "var": [0.000450701889349, 0.0001739130239, 2.27462041948e-05, 1.50860773829e-06, 9.37104800869e-07, 2.36041103108e-07, 1.57488003083e-07, 1.48954512724e-07, 1.72628105588e-07, 8.59940172404e-08, 1.06017147061e-07, 2.9864793305e-08, 9.76546221665e-09, 2.52787550892e-08, 1.05843662723e-08, 3.15249426563e-09, 3.64581498324e-09, 5.78859937761e-09, 4.39061009772e-09, 2.51847254162e-09, 6.8341232673e-10, 2.26811736059e-10, 2.81981132888e-10, 5.42268729919e-11, 4.31359115094e-11, 5.25429665055e-11, 3.85295371996e-11, 1.28446168632e-11, 1.70288991241e-11, 1.03859108813e-11, 2.30489360237e-11, 5.12103831563e-11, 2.45749965516e-11, 1.19524789371e-11, 1.46688425295e-11, 2.6377268425e-11, 1.45051574918e-11, 5.16421887892e-12, 3.67801926068e-12, 4.6691439777e-12], "median": [6.43761222818e-06, 0.000115839669888, 0.000263312947936, 0.000317735335557, 0.00027499042335, 0.000173754189746, 0.000100545585155, 6.30593422102e-05, 5.40481996723e-05, 2.79266387224e-05, 1.78508780664e-05, 8.45422619022e-06, 5.59719410376e-06, 4.08814048569e-06, 2.18043260247e-06, 9.1757260634e-07, 1.26015311253e-06, 1.01985324363e-06, 6.39408767711e-07, 4.62500224785e-07, 4.00083422392e-07, 3.03925617118e-07, 2.86564244334e-07, 4.46857711722e-07, 8.81464870872e-07, 5.74709019929e-07, 3.2507114156e-07, 2.98809794685e-07, 2.01441153536e-07, 1.60351135037e-07, 1.3593961512e-07, 9.83757217909e-08, 1.03197791645e-07, 1.68537582113e-07, 1.55645125233e-07, 1.2440602859e-07, 1.4325922848e-07, 1.46053068306e-07, 2.20577845766e-07, 1.9762762804e-07]}, "silence_rate_60dB": {"dmean": 0.0344183780253, "dmean2": 0.068842343986, "max": 1, "dvar": 0.0332376286387, "mean": 0.164610385895, "dvar2": 0.0743402689695, "min": 0, "var": 0.137516364455, "median": 0}, "spectral_energyband_middle_high": {"dmean": 0.00128488102928, "dmean2": 0.00191448605619, "max": 0.0535798817873, "dvar": 8.5757656052e-06, "mean": 0.00248952256516, "dvar2": 1.82723906619e-05, "min": 1.43805127349e-21, "var": 2.14930769289e-05, "median": 0.000585168832913}, "erbbands_skewness": {"dmean": 0.700628697872, "dmean2": 1.06343400478, "max": 13.5559825897, "dvar": 0.62171036005, "mean": 1.21244072914, "dvar2": 1.39566671848, "min": -8.67899036407, "var": 1.91624867916, "median": 1.02040910721}, "dynamic_complexity": 5.32523727417, "dissonance": {"dmean": 0.0353862792253, "dmean2": 0.0579795874655, "max": 0.500000178814, "dvar": 0.0011764500523, "mean": 0.404868394136, "dvar2": 0.00304598989896, "min": 0.0664078369737, "var": 0.00511399144307, "median": 0.421150565147}, "spectral_skewness": {"dmean": 0.583627641201, "dmean2": 0.834359526634, "max": 15.7109146118, "dvar": 0.608618497849, "mean": 2.75498390198, "dvar2": 1.18574607372, "min": -0.829593777657, "var": 4.32557582855, "median": 2.19659566879}, "spectral_kurtosis": {"dmean": 6.01932096481, "dmean2": 8.94046783447, "max": 318.283447266, "dvar": 162.313934326, "mean": 15.7760858536, "dvar2": 354.68258667, "min": -1.32326638699, "var": 965.081176758, "median": 6.00309038162}, "gfcc": {"cov": [[31601.9511719, -1088.40429688, -3015.02587891, 1676.86181641, 141.001296997, 1100.38317871, -99.6230621338, 747.291564941, 267.593017578, 336.03237915, -145.845748901, 225.026275635, -171.611358643], [-1088.40429688, 3012.65429688, 805.366516113, -461.36517334, 294.169250488, -116.269920349, 376.780975342, -65.0322036743, 110.285888672, -150.331466675, 251.609771729, -221.968841553, 126.767860413], [-3015.02587891, 805.366516113, 2330.08740234, 518.428405762, 388.799835205, 93.686920166, 256.906311035, 11.1268949509, 240.976364136, 61.0446968079, 21.914642334, 37.258644104, 9.10732650757], [1676.86181641, -461.36517334, 518.428405762, 1487.33984375, 660.962036133, 312.843444824, 213.321609497, 194.649612427, 404.375732422, 130.392684937, -21.8624210358, 106.2447052, 18.3671417236], [141.001296997, 294.169250488, 388.799835205, 660.962036133, 799.512634277, 370.564086914, 304.217315674, 148.29019165, 260.496154785, 74.53465271, 86.4678573608, 35.502948761, 81.8996582031], [1100.38317871, -116.269920349, 93.686920166, 312.843444824, 370.564086914, 552.583251953, 284.865875244, 95.6233978271, 86.1973571777, 110.460525513, 83.4319534302, 42.9068145752, 22.9472084045], [-99.6230621338, 376.780975342, 256.906311035, 213.321609497, 304.217315674, 284.865875244, 449.099060059, 123.537506104, 177.528915405, 92.7684707642, 135.579376221, 21.5989837646, 39.2178382874], [747.291564941, -65.0322036743, 11.1268949509, 194.649612427, 148.29019165, 95.6233978271, 123.537506104, 288.555633545, 182.069198608, 67.7452697754, 53.9414558411, 54.9362754822, 42.9763221741], [267.593017578, 110.285888672, 240.976364136, 404.375732422, 260.496154785, 86.1973571777, 177.528915405, 182.069198608, 392.737609863, 119.306983948, 46.8522911072, 66.3793487549, 52.0368423462], [336.03237915, -150.331466675, 61.0446968079, 130.392684937, 74.53465271, 110.460525513, 92.7684707642, 67.7452697754, 119.306983948, 195.376449585, 81.3241119385, 50.9310874939, 11.3150606155], [-145.845748901, 251.609771729, 21.914642334, -21.8624210358, 86.4678573608, 83.4319534302, 135.579376221, 53.9414558411, 46.8522911072, 81.3241119385, 209.846237183, 47.3200950623, 63.9197845459], [225.026275635, -221.968841553, 37.258644104, 106.2447052, 35.502948761, 42.9068145752, 21.5989837646, 54.9362754822, 66.3793487549, 50.9310874939, 47.3200950623, 148.343841553, 50.9333305359], [-171.611358643, 126.767860413, 9.10732650757, 18.3671417236, 81.8996582031, 22.9472084045, 39.2178382874, 42.9763221741, 52.0368423462, 11.3150606155, 63.9197845459, 50.9333305359, 137.212966919]], "mean": [-102.495109558, 97.7879562378, -69.2991638184, 8.61180019379, -73.850227356, 2.12206220627, -43.6648483276, 4.90077447891, -31.5341892242, -0.884224057198, -15.0732698441, -3.70614981651, -11.5189552307], "icov": [[6.94582340657e-05, -0.000160216208315, 0.000143595258123, -0.000195284606889, 0.000177971916855, -0.000264596077614, 0.000189433209016, -0.000223439012188, 0.000125438251416, -0.000200178634259, 0.000231759346207, -0.000270818942226, 0.000166863203049], [-0.000160216208315, 0.00132395839319, -0.000619838363491, 0.000951850204729, -0.000859197753016, 0.00108157284558, -0.00101011712104, 0.00094071472995, -0.00102546182461, 0.00158079143148, -0.00180404144339, 0.00218931026757, -0.000897530291695], [0.000143595258123, -0.000619838363491, 0.000904162763618, -0.000643434177618, 0.000323544372804, -0.000470137456432, 0.000240739667788, -0.000308523332933, 0.000347848923411, -0.000784032454249, 0.000964162114542, -0.00117817218415, 0.000612619915046], [-0.000195284606889, 0.000951850204729, -0.000643434177618, 0.00225778995082, -0.00172418588772, 0.000793777930085, -0.000519608554896, 0.000813208462205, -0.00157982204109, 0.000950759509578, -0.000630002294201, 0.000834465026855, -8.84990149643e-05], [0.000177971916855, -0.000859197753016, 0.000323544372804, -0.00172418588772, 0.00395781639963, -0.00233173184097, 0.00039047448081, -0.000767983088735, -0.000147107304656, -3.02776334138e-05, 0.00050128105795, -0.000296420475934, -0.000682950310875], [-0.000264596077614, 0.00108157284558, -0.000470137456432, 0.000793777930085, -0.00233173184097, 0.00519964424893, -0.00303621240892, 0.000759079819545, 0.0009032979724, -0.000413569359807, -0.000777697889134, 0.000961140263826, -0.000555932638235], [0.000189433209016, -0.00101011712104, 0.000240739667788, -0.000519608554896, 0.00039047448081, -0.00303621240892, 0.00595050211996, -0.00129353592638, -0.00091557088308, -0.000567717768718, -0.00103951548226, -0.000601389911026, 0.00130434136372], [-0.000223439012188, 0.00094071472995, -0.000308523332933, 0.000813208462205, -0.000767983088735, 0.000759079819545, -0.00129353592638, 0.00627174926922, -0.00293742958456, 0.0012879158603, -0.00164223648608, 0.000822167436127, -0.00103251473047], [0.000125438251416, -0.00102546182461, 0.000347848923411, -0.00157982204109, -0.000147107304656, 0.0009032979724, -0.00091557088308, -0.00293742958456, 0.00714647676796, -0.00394928641617, 0.00273244804703, -0.00225904374383, -0.000407781859394], [-0.000200178634259, 0.00158079143148, -0.000784032454249, 0.000950759509578, -3.02776334138e-05, -0.000413569359807, -0.000567717768718, 0.0012879158603, -0.00394928641617, 0.0105727352202, -0.00539810303599, 0.0015638244804, 0.000620116654318], [0.000231759346207, -0.00180404144339, 0.000964162114542, -0.000630002294201, 0.00050128105795, -0.000777697889134, -0.00103951548226, -0.00164223648608, 0.00273244804703, -0.00539810303599, 0.011039798148, -0.00435383338481, -0.00149855285417], [-0.000270818942226, 0.00218931026757, -0.00117817218415, 0.000834465026855, -0.000296420475934, 0.000961140263826, -0.000601389911026, 0.000822167436127, -0.00225904374383, 0.0015638244804, -0.00435383338481, 0.0131393298507, -0.00458563677967], [0.000166863203049, -0.000897530291695, 0.000612619915046, -8.84990149643e-05, -0.000682950310875, -0.000555932638235, 0.00130434136372, -0.00103251473047, -0.000407781859394, 0.000620116654318, -0.00149855285417, -0.00458563677967, 0.0112520158291]]}, "spectral_complexity": {"dmean": 2.56254577637, "dmean2": 3.7907128334, "max": 60, "dvar": 20.6448059082, "mean": 9.8286523819, "dvar2": 35.8955802917, "min": 0, "var": 74.39793396, "median": 8}, "spectral_flux": {"dmean": 0.0545315593481, "dmean2": 0.0875538885593, "max": 0.633230388165, "dvar": 0.00723545718938, "mean": 0.102177776396, "dvar2": 0.0160901267081, "min": 1.02575538341e-10, "var": 0.0140310786664, "median": 0.0596504658461}, "spectral_energyband_low": {"dmean": 0.024067286402, "dmean2": 0.0356617383659, "max": 0.480434715748, "dvar": 0.00306721753441, "mean": 0.041853941977, "dvar2": 0.005238303449, "min": 1.10444654051e-22, "var": 0.00656087324023, "median": 0.000994897447526}, "spectral_decrease": {"dmean": 6.94391744105e-09, "dmean2": 1.02516128919e-08, "max": 4.92712251518e-19, "dvar": 2.12147726386e-16, "mean": -1.43145868492e-08, "dvar2": 3.6080363652e-16, "min": -1.28204590055e-07, "var": 4.95511521287e-16, "median": -4.36873071052e-09}, "barkbands_spread": {"dmean": 6.20290565491, "dmean2": 9.78943443298, "max": 133.950332642, "dvar": 130.365264893, "mean": 11.4435176849, "dvar2": 284.778076172, "min": 0.0330085419118, "var": 242.951644897, "median": 6.49125003815}, "spectral_rms": {"dmean": 0.00143953016959, "dmean2": 0.00206225155853, "max": 0.0217892955989, "dvar": 5.79123661737e-06, "mean": 0.00567492470145, "dvar2": 8.86385714693e-06, "min": 3.2039215031e-12, "var": 2.17636534217e-05, "median": 0.0041629052721}, "spectral_centroid": {"dmean": 232.634506226, "dmean2": 361.250091553, "max": 10851.0332031, "dvar": 152913.359375, "mean": 747.936950684, "dvar2": 337864.0625, "min": 74.3495178223, "var": 428286.5, "median": 564.846435547}, "barkbands_skewness": {"dmean": 1.38310801983, "dmean2": 2.0685749054, "max": 37.4410552979, "dvar": 3.29709386826, "mean": 3.2142932415, "dvar2": 6.91908311844, "min": -5.84954786301, "var": 8.43793201447, "median": 2.49452209473}, "spectral_rolloff": {"dmean": 516.378967285, "dmean2": 893.625915527, "max": 19035.3515625, "dvar": 2253850.5, "mean": 933.114196777, "dvar2": 5213257.5, "min": 21.533203125, "var": 3361297.25, "median": 430.6640625}, "erbbands_spread": {"dmean": 13.740696907, "dmean2": 21.4213466644, "max": 207.61265564, "dvar": 413.510314941, "mean": 32.9190788269, "dvar2": 948.372314453, "min": 0.71357947588, "var": 871.654785156, "median": 23.4682407379}, "barkbands": {"dmean": [0.000713575689588, 0.0218248181045, 0.00762574095279, 0.00397466262802, 0.00223151268438, 0.00116201338824, 0.00064124626806, 0.000590638490394, 0.000748759426642, 0.000405565398978, 0.000188091944437, 0.000318496866385, 0.000182614981895, 0.000218762113946, 0.000251167191891, 0.00015192333376, 6.24684180366e-05, 6.24306194368e-05, 6.03680564382e-05, 4.52208296338e-05, 5.32910635229e-05, 0.000101021614682, 8.17117761471e-05, 6.03396038059e-05, 5.86141068197e-05, 4.4944245019e-05, 6.36347976979e-06], "dmean2": [0.00114440650214, 0.031860794872, 0.0142002813518, 0.00673058209941, 0.00377294700593, 0.00191136426292, 0.00108484888915, 0.000881689542439, 0.00121215789113, 0.000622280174866, 0.000286212773062, 0.000490953854751, 0.000272622710327, 0.000358993071131, 0.000453351269243, 0.000242733571213, 9.48020606302e-05, 9.67687228695e-05, 9.39654273679e-05, 7.16614886187e-05, 8.68339120643e-05, 0.000172329469933, 0.000136356902658, 9.89653854049e-05, 9.18374571484e-05, 7.10689564585e-05, 1.05195749711e-05], "max": [0.0302182324231, 0.469565808773, 0.231962323189, 0.114671289921, 0.0700799226761, 0.0288704838604, 0.0273380614817, 0.0387364961207, 0.0401862710714, 0.0385172963142, 0.0157543960959, 0.0195012167096, 0.008873433806, 0.00902018416673, 0.010772196576, 0.00980123411864, 0.00237352447584, 0.0023775016889, 0.00193830148783, 0.00119890528731, 0.00169586541597, 0.00259743561037, 0.00535601284355, 0.00531377596781, 0.001900688163, 0.00163444143254, 0.000256460974924], "dvar": [3.83309588869e-06, 0.00279857846908, 0.000832250865642, 0.000105072380393, 1.95062857529e-05, 3.98749216401e-06, 1.66190557138e-06, 1.94521635422e-06, 3.7067836729e-06, 1.46651723298e-06, 3.38227579277e-07, 6.18348110493e-07, 3.10155968464e-07, 4.24119235731e-07, 1.07981077235e-06, 3.7225925098e-07, 2.64531792027e-08, 3.46185196065e-08, 1.89703328601e-08, 1.09192086484e-08, 1.83159087896e-08, 8.82185062778e-08, 7.12643455358e-08, 4.18681516123e-08, 3.22575139933e-08, 2.16852260593e-08, 5.71530989202e-10], "mean": [0.000695207621902, 0.0335298329592, 0.00509345205501, 0.00393140874803, 0.00352549739182, 0.00189132068772, 0.00117908103857, 0.00124132051133, 0.00118734419812, 0.000620926381089, 0.00028535866295, 0.000528527598362, 0.000207955148653, 0.000250850513112, 0.000219793641008, 0.00016683281865, 8.60801155795e-05, 8.33138692542e-05, 9.00195955182e-05, 6.28762791166e-05, 6.81311285007e-05, 9.823666187e-05, 8.47271003295e-05, 7.10860986146e-05, 6.97489595041e-05, 4.31317639595e-05, 5.12115002493e-06], "dvar2": [9.32821603783e-06, 0.00463933311403, 0.00239455536939, 0.000276549806586, 5.38946296729e-05, 1.06729357867e-05, 4.97268365507e-06, 3.98377869715e-06, 9.86299164651e-06, 3.57226736014e-06, 7.63553430261e-07, 1.47042908338e-06, 6.9768884714e-07, 1.10339271941e-06, 3.24264146911e-06, 9.54037432166e-07, 5.79739669604e-08, 8.64161933123e-08, 4.41604655066e-08, 2.47786484664e-08, 4.79495803063e-08, 2.397679566e-07, 1.8830569104e-07, 1.06259903987e-07, 7.40950198974e-08, 5.18846015041e-08, 1.42985911999e-09], "min": [3.39542836112e-23, 5.40104662812e-23, 2.38992447876e-23, 2.83137672112e-23, 1.23791492681e-23, 2.70922918301e-23, 1.01682567718e-22, 6.69234377239e-23, 4.4094068184e-23, 3.50373833231e-23, 4.3581318062e-23, 1.70537755404e-22, 1.3406077666e-22, 1.52270336925e-22, 1.92889504376e-22, 1.05274320839e-22, 1.00522449938e-22, 2.31157677003e-22, 1.67294022471e-22, 2.26240688048e-22, 5.74531814894e-22, 4.80484196426e-22, 4.5242493152e-22, 9.27450109508e-22, 1.17476257238e-21, 1.63316734724e-21, 2.73744498316e-21], "var": [3.97357598558e-06, 0.00512762647122, 0.000470843107905, 0.000102180572867, 2.92973691103e-05, 6.92590901963e-06, 3.5315263176e-06, 6.45425780021e-06, 5.54073176318e-06, 3.13817099595e-06, 7.52920641389e-07, 1.66135555446e-06, 4.07503847555e-07, 5.01735087255e-07, 7.91310640125e-07, 3.68446592347e-07, 5.08588620107e-08, 4.49019488258e-08, 3.08764249723e-08, 1.96875689085e-08, 2.63717012672e-08, 8.00698813919e-08, 6.63854891059e-08, 5.01663777186e-08, 3.45533130997e-08, 2.02300984853e-08, 4.54405651995e-10], "median": [1.66672762134e-05, 1.47094879139e-05, 0.000283840781776, 0.000421980512328, 0.00161842978559, 0.000979151926003, 0.000409086293075, 0.000259645632468, 0.000241725501837, 5.65748232475e-05, 2.81853463093e-05, 3.90912900912e-05, 1.01687846836e-05, 1.43341148942e-05, 8.40955362946e-06, 6.55584244669e-06, 5.09216715727e-06, 8.97892277862e-06, 1.72070904227e-05, 1.04179071059e-05, 8.16061856312e-06, 5.64376023249e-06, 9.94594120129e-06, 1.34225483635e-05, 1.81461036846e-05, 5.15033389092e-06, 2.82451111389e-07]}, "melbands_kurtosis": {"dmean": 31.0623397827, "dmean2": 48.0951843262, "max": 1337.18908691, "dvar": 4975.41748047, "mean": 45.5974082947, "dvar2": 11401.2763672, "min": -1.97318816185, "var": 7983.79394531, "median": 16.7275810242}, "erbbands_crest": {"dmean": 3.0028989315, "dmean2": 4.8620672226, "max": 31.8754138947, "dvar": 7.73134994507, "mean": 11.1637268066, "dvar2": 19.2256145477, "min": 2.55381679535, "var": 22.1172885895, "median": 10.3977279663}, "melbands_skewness": {"dmean": 1.51870274544, "dmean2": 2.30433940887, "max": 28.1536083221, "dvar": 4.12035703659, "mean": 3.85256767273, "dvar2": 8.74932861328, "min": -2.37911343575, "var": 11.0254993439, "median": 2.97444486618}, "spectral_energyband_middle_low": {"dmean": 0.00717557221651, "dmean2": 0.0118663646281, "max": 0.159059658647, "dvar": 0.000203676521778, "mean": 0.0131147485226, "dvar2": 0.00055516458815, "min": 2.89470956693e-22, "var": 0.00023469030566, "median": 0.00924493931234}, "spectral_contrast_coeffs": {"dmean": [0.0577914379537, 0.0462172813714, 0.043297983706, 0.0323056131601, 0.023077391088, 0.0211619380862], "dmean2": [0.0900542661548, 0.0745522603393, 0.0663794055581, 0.0495186969638, 0.0361113063991, 0.0324748046696], "max": [-0.176550641656, -0.338122069836, -0.424571096897, -0.522351741791, -0.573557317257, -0.61239951849], "dvar": [0.00275561981834, 0.00177982554305, 0.00146796833724, 0.000792271748651, 0.000415943330154, 0.00055203557713], "mean": [-0.528680205345, -0.690498590469, -0.730493962765, -0.785731732845, -0.813699364662, -0.822184205055], "dvar2": [0.00594297330827, 0.00433120178059, 0.00319172115996, 0.00169973517768, 0.00096913811285, 0.00116059428547], "min": [-0.957290530205, -0.972091197968, -0.968551456928, -0.968028664589, -0.953115284443, -0.960791409016], "var": [0.0184402372688, 0.00851159263402, 0.0102509595454, 0.00619377475232, 0.00304450793192, 0.00238493992947], "median": [-0.522240996361, -0.698515951633, -0.738788545132, -0.800649285316, -0.817529916763, -0.83095240593]}, "spectral_contrast_valleys": {"dmean": [0.630995988846, 0.414979755878, 0.462962836027, 0.488977015018, 0.413545787334, 0.42931368947], "dmean2": [0.920645475388, 0.631823718548, 0.691899359226, 0.695148706436, 0.559991776943, 0.559010624886], "max": [-4.66851091385, -4.48902750015, -5.29155492783, -5.43863964081, -5.9764046669, -7.7377986908], "dvar": [0.473680019379, 0.239753171802, 0.245536342263, 0.284673690796, 0.226594626904, 0.280442893505], "mean": [-8.77464675903, -7.43553543091, -8.7382440567, -9.41906166077, -9.2169713974, -10.9323558807], "dvar2": [0.762587070465, 0.52062857151, 0.507750988007, 0.561250269413, 0.437789171934, 0.515648007393], "min": [-27.6813793182, -27.5116138458, -27.1779174805, -26.9093780518, -27.4309749603, -27.2251873016], "var": [5.43874788284, 3.20102739334, 3.12484145164, 3.69104480743, 3.87421584129, 3.54229521751], "median": [-9.02875137329, -7.06118488312, -8.4605474472, -9.11485862732, -8.75518035889, -10.389210701]}, "silence_rate_20dB": {"dmean": 0.0235408712178, "dmean2": 0.0470855645835, "max": 1, "dvar": 0.0229844376445, "mean": 0.984740257263, "dvar2": 0.061586111784, "min": 0, "var": 0.0150262657553, "median": 1}, "silence_rate_30dB": {"dmean": 0.0868576988578, "dmean2": 0.173729494214, "max": 1, "dvar": 0.0793226957321, "mean": 0.8327922225, "dvar2": 0.149063155055, "min": 0, "var": 0.139250189066, "median": 1}, "spectral_strongpeak": {"dmean": 0.34678158164, "dmean2": 0.577119886875, "max": 5.65017938614, "dvar": 0.233994156122, "mean": 0.806764304638, "dvar2": 0.60899668932, "min": 0, "var": 0.463885337114, "median": 0.684074163437}, "spectral_spread": {"dmean": 1191607.5, "dmean2": 1752598.25, "max": 40191456, "dvar": 2630458540030.0, "mean": 5218646.5, "dvar2": 4782998159360.0, "min": 368296.03125, "var": 7308406947840.0, "median": 4763577.5}, "barkbands_flatness_db": {"dmean": 0.042216476053, "dmean2": 0.0581580847502, "max": 0.778156578541, "dvar": 0.0018625787925, "mean": 0.244210988283, "dvar2": 0.00299482373521, "min": 0.0373356379569, "var": 0.0100789172575, "median": 0.230334460735}, "pitch_salience": {"dmean": 0.0944175049663, "dmean2": 0.150380000472, "max": 0.870570242405, "dvar": 0.0102929268032, "mean": 0.45980322361, "dvar2": 0.0211557913572, "min": 0.0100051574409, "var": 0.0298539102077, "median": 0.489276200533}, "erbbands_kurtosis": {"dmean": 3.99455595016, "dmean2": 6.32768440247, "max": 309.489685059, "dvar": 59.1408538818, "mean": 5.35261249542, "dvar2": 144.88041687, "min": -1.92923009396, "var": 131.701446533, "median": 2.13593268394}, "average_loudness": 0.923255741596, "barkbands_crest": {"dmean": 3.38734650612, "dmean2": 5.32636928558, "max": 26.874048233, "dvar": 11.657787323, "mean": 14.6637582779, "dvar2": 23.9876861572, "min": 2.89430618286, "var": 35.4966316223, "median": 13.8102684021}, "hfc": {"dmean": 6.4960641861, "dmean2": 9.97152900696, "max": 105.910865784, "dvar": 131.735916138, "mean": 14.235543251, "dvar2": 317.51373291, "min": 1.17877194521e-16, "var": 266.742523193, "median": 9.00330734253}, "barkbands_kurtosis": {"dmean": 21.1900691986, "dmean2": 32.5779342651, "max": 2924.63769531, "dvar": 4804.76953125, "mean": 29.0464229584, "dvar2": 10921.3564453, "min": -1.95154106617, "var": 6748.67871094, "median": 9.95366287231}, "erbbands": {"dmean": [0.827199101448, 4.50289487839, 8.18991088867, 12.2563037872, 8.17835998535, 7.98472738266, 9.51489925385, 9.1043806076, 8.93489170074, 8.81091880798, 13.4416828156, 12.9461126328, 18.7833347321, 8.56150054932, 8.23609447479, 10.5136041641, 8.05368995667, 9.43291950226, 13.4048423767, 10.508471489, 6.33942937851, 3.94893932343, 3.49314570427, 2.79677200317, 2.5943377018, 2.13742160797, 1.99235391617, 2.44749164581, 4.18204689026, 2.41631007195, 2.24194312096, 1.64658784866, 0.974363327026, 0.788655936718, 0.344997435808, 0.22391204536, 0.0631620138884, 0.0191221106797, 0.000873029755894, 4.16492584918e-05], "dmean2": [1.22486162186, 6.33527326584, 14.5470046997, 21.1019973755, 14.1876316071, 13.3385972977, 15.5429286957, 14.8267030716, 14.9695453644, 14.1744689941, 20.3634300232, 21.0637836456, 29.8958721161, 12.6035604477, 12.7386779785, 15.9846467972, 11.7004976273, 15.1644668579, 23.5842208862, 18.4706172943, 9.800822258, 5.63744449615, 5.23858547211, 4.45656633377, 3.96602535248, 3.33967828751, 3.20369791985, 4.08541059494, 7.20417928696, 4.03627252579, 3.72014117241, 2.72235393524, 1.64182066917, 1.26067399979, 0.533496022224, 0.351015746593, 0.0988705232739, 0.0314649567008, 0.00147331482731, 6.46978878649e-05], "max": [17.1188869476, 102.894165039, 248.043792725, 284.187866211, 308.049682617, 350.961517334, 619.047851562, 268.638397217, 482.122528076, 421.669372559, 735.169921875, 782.104248047, 864.473937988, 714.982666016, 704.594299316, 897.328491211, 322.874572754, 387.45791626, 563.520080566, 774.394104004, 333.633392334, 164.637512207, 134.028762817, 84.3947219849, 79.3996276855, 55.7396774292, 65.8085403442, 122.561973572, 120.200469971, 79.5709838867, 202.159729004, 179.380554199, 44.7054405212, 28.7568702698, 13.1564369202, 8.94592761993, 1.93177807331, 0.663219630718, 0.0407086834311, 0.000706550956238], "dvar": [4.09664344788, 120.914398193, 839.068115234, 1164.22900391, 385.359893799, 247.229888916, 315.56930542, 296.991455078, 378.525909424, 324.415039062, 941.327453613, 1190.10925293, 2425.3293457, 521.244934082, 465.363464355, 609.784729004, 540.701416016, 770.248535156, 2308.70043945, 2015.66357422, 517.900939941, 123.686347961, 108.74042511, 36.0039710999, 38.0177307129, 24.7879486084, 22.7977237701, 48.0387306213, 167.131591797, 41.5004348755, 55.5395812988, 33.7650260925, 10.976398468, 5.91346263885, 1.12281858921, 0.533035874367, 0.0406073182821, 0.00460512051359, 1.20021504699e-05, 6.56084253592e-09], "mean": [1.06842601299, 7.07009506226, 6.95398378372, 11.2895917892, 9.28803730011, 12.5569553375, 17.4095973969, 14.913151741, 16.7761497498, 18.3649768829, 29.0710945129, 20.539894104, 28.2318840027, 15.4221105576, 13.582901001, 17.4831390381, 10.3779191971, 11.0698738098, 13.4756011963, 9.99691486359, 8.15899658203, 5.48537969589, 4.62519407272, 4.57501316071, 3.98553204536, 2.83688926697, 2.71820783615, 2.77986192703, 3.88981986046, 2.64354729652, 2.3450448513, 1.80576741695, 1.10383105278, 0.929133534431, 0.403080523014, 0.220176115632, 0.0630601197481, 0.0160195343196, 0.000707570055965, 7.5277457654e-05], "dvar2": [7.66433906555, 209.558120728, 2340.8059082, 3220.99243164, 1098.84143066, 645.529052734, 861.707336426, 754.319152832, 1144.77929688, 829.645935059, 2041.14331055, 3129.11572266, 6399.88720703, 1097.79150391, 1123.73156738, 1387.41552734, 1164.52636719, 1888.42785645, 6892.00634766, 5772.98974609, 1203.64208984, 267.78704834, 255.721786499, 89.5369720459, 75.9536437988, 58.224395752, 59.9748687744, 126.736175537, 458.197875977, 109.051422119, 143.398254395, 85.1629638672, 29.3867225647, 13.7981281281, 2.59198927879, 1.28256523609, 0.0942979007959, 0.0113844778389, 3.13718228426e-05, 1.42288749672e-08], "min": [1.97974774401e-21, 1.07604476608e-20, 1.7122465812e-20, 8.56073902103e-20, 6.1685785722e-20, 3.93598481782e-20, 1.28004002594e-19, 2.59974646418e-19, 9.14386335427e-19, 2.07687453545e-18, 1.05897543855e-18, 1.09086966181e-18, 1.26821439341e-18, 1.1813557762e-18, 2.30367174298e-18, 7.52636584675e-18, 6.21531724949e-18, 8.51910335018e-18, 6.70542300319e-18, 1.0176531761e-17, 6.55740110053e-18, 5.60999433544e-18, 1.05445477242e-17, 9.80665215983e-18, 9.56362235996e-18, 1.0680893559e-17, 2.26244320009e-17, 1.93626537048e-17, 1.99462544424e-17, 1.17488333606e-17, 1.56587837673e-17, 2.10787424559e-17, 1.34906904422e-17, 1.05949130974e-17, 9.06541561292e-18, 6.51082173306e-18, 3.25914372584e-18, 1.05738239209e-18, 3.57591703921e-19, 4.08448570976e-20], "var": [6.06949520111, 226.317718506, 561.185180664, 897.844055176, 359.2394104, 426.362548828, 753.340026855, 505.113067627, 757.714294434, 815.591064453, 2846.32666016, 1672.73474121, 3885.16357422, 1483.4855957, 998.889526367, 1594.03625488, 833.803100586, 970.673034668, 2092.55712891, 1555.6817627, 676.879272461, 225.752700806, 147.864959717, 64.2791061401, 73.2038726807, 39.7858352661, 38.3819160461, 54.9495277405, 142.867385864, 43.1320724487, 54.8784332275, 41.7794075012, 9.74360752106, 6.04052495956, 1.24603331089, 0.5118932724, 0.0400257669389, 0.00377041962929, 8.80374227563e-06, 1.13329550189e-08], "median": [0.000691392982844, 0.0138079216704, 0.287039667368, 1.26791524887, 2.5332698822, 5.77717208862, 7.39571857452, 7.17048788071, 6.82077598572, 6.19517421722, 7.15582752228, 5.2760925293, 4.52302789688, 2.70850324631, 1.9000916481, 1.50362718105, 0.711880922318, 0.73585832119, 0.719164311886, 0.530153632164, 0.403760164976, 0.333025038242, 0.469297647476, 1.12007153034, 0.7166223526, 0.521867394447, 0.363441050053, 0.272406637669, 0.198942065239, 0.275470197201, 0.26877194643, 0.243059515953, 0.249167591333, 0.255409896374, 0.082902148366, 0.0254608243704, 0.00873055495322, 0.00132144230884, 7.40105024306e-05, 2.85930709651e-05]}, "spectral_energy": {"dmean": 0.0264954417944, "dmean2": 0.0392419174314, "max": 0.486642748117, "dvar": 0.00305532384664, "mean": 0.0553176738322, "dvar2": 0.00520337047055, "min": 1.05217406228e-20, "var": 0.00718948384747, "median": 0.017763024196}, "zerocrossingrate": {"dmean": 0.0143459318206, "dmean2": 0.0167883448303, "max": 0.52197265625, "dvar": 0.000464967597509, "mean": 0.0415654182434, "dvar2": 0.000569764524698, "min": 0, "var": 0.00219253194518, "median": 0.0283203125}, "spectral_energyband_high": {"dmean": 0.000390355766