{"tonal": {"chords_key": "G", "hpcp_entropy": {"dmean": 0.574047982693, "dmean2": 0.9737175107, "max": 4.0720243454, "dvar": 0.269069552422, "mean": 1.32310247421, "dvar2": 0.665971577168, "min": 0, "var": 0.660072743893, "median": 1.35918188095}, "key_key": "C", "chords_strength": {"dmean": 0.00935744773597, "dmean2": 0.00749370642006, "max": 0.81299328804, "dvar": 0.000765704840887, "mean": 0.556211292744, "dvar2": 0.00136521400418, "min": -1, "var": 0.0308413822204, "median": 0.583589673042}, "key_scale": "minor", "chords_number_rate": 0.00481430534273, "thpcp": [1, 0.616767048836, 0.470493078232, 0.65601426363, 0.469876557589, 0.348754614592, 0.367870777845, 0.222643092275, 0.181929752231, 0.233272492886, 0.220187604427, 0.422441631556, 0.536663532257, 0.330147564411, 0.484056323767, 0.576623260975, 0.257297992706, 0.171121791005, 0.231553226709, 0.212145537138, 0.491664856672, 0.760019421577, 0.528390467167, 0.498224407434, 0.540280997753, 0.273459076881, 0.23380856216, 0.317079991102, 0.228449746966, 0.197947710752, 0.199874594808, 0.128575116396, 0.227633550763, 0.334041923285, 0.286771148443, 0.657523870468], "key_strength": 0.746506690979, "tuning_nontempered_energy_ratio": 0.669447541237, "tuning_frequency": 440.508575439, "chords_changes_rate": 0.0405777171254, "tuning_diatonic_strength": 0.457553178072, "chords_scale": "major", "chords_histogram": [1.99449789524, 6.3617606163, 0.275103151798, 0.103163689375, 0.343878954649, 0.447042644024, 2.51031637192, 10.0068778992, 2.78541946411, 29.6767539978, 1.92572212219, 14.4085283279, 0, 1.3755158186, 0.240715265274, 0, 0.103163689375, 2.20082521439, 0.20632737875, 0, 1.40990376472, 2.37276482582, 4.22971105576, 17.0220088959], "tuning_equal_tempered_deviation": 0.042100880295, "hpcp": {"dmean": [0.06648311764, 0.0499088689685, 0.0374723933637, 0.0439455322921, 0.0533765144646, 0.069733671844, 0.0707714036107, 0.0627660155296, 0.0704731270671, 0.0716862976551, 0.0482480973005, 0.0348910577595, 0.0397331379354, 0.052702922374, 0.0829520300031, 0.076753154397, 0.0942809656262, 0.0758422315121, 0.058759406209, 0.052036229521, 0.0461340546608, 0.0429700389504, 0.050459202379, 0.0407750532031, 0.0272314473987, 0.0314049571753, 0.0454196147621, 0.04586000368, 0.0601036027074, 0.0978950858116, 0.0837497711182, 0.0990156829357, 0.0790308564901, 0.0710879713297, 0.0756626948714, 0.0751572027802], "dmean2": [0.114780530334, 0.0872080400586, 0.0645009204745, 0.0744375735521, 0.0932468920946, 0.11748368293, 0.116559013724, 0.106047332287, 0.119475118816, 0.119955904782, 0.0814131349325, 0.0597778074443, 0.0688314437866, 0.0912888944149, 0.14059124887, 0.128737062216, 0.160645887256, 0.125972032547, 0.0999840050936, 0.088419444859, 0.0804873257875, 0.0727191567421, 0.086433172226, 0.069877743721, 0.0470554940403, 0.0533505193889, 0.0779606103897, 0.0777003914118, 0.104255065322, 0.164871677756, 0.139496579766, 0.166793122888, 0.138520762324, 0.123828686774, 0.131482377648, 0.131329476833], "max": [1, 1, 1, 1, 1, 1, 1, 1, 1, 1, 1, 1, 1, 1, 1, 1, 1, 1, 1, 1, 1, 1, 1, 1, 1, 1, 1, 1, 1, 1, 1, 1, 1, 1, 1, 1], "dvar": [0.0246156416833, 0.0174046233296, 0.0101978313178, 0.014952535741, 0.0172436553985, 0.0223863329738, 0.0259645748883, 0.0156152341515, 0.0231596138328, 0.0279728937894, 0.0126285851002, 0.00971467234194, 0.0156916696578, 0.0166752357036, 0.0277992635965, 0.0258608888835, 0.0299100838602, 0.0225344728678, 0.0193779394031, 0.016713373363, 0.018116241321, 0.0158321131021, 0.0204018484801, 0.0154905524105, 0.00912933796644, 0.0103564998135, 0.0146703319624, 0.0163145661354, 0.0203015170991, 0.031003613025, 0.032099802047, 0.0319910831749, 0.0262118466198, 0.0282414704561, 0.0272388439626, 0.0274344626814], "mean": [0.0928052142262, 0.0561676546931, 0.0458966307342, 0.0588492043316, 0.0555481947958, 0.106572166085, 0.135387688875, 0.0832885280252, 0.122116111219, 0.145468592644, 0.0649102777243, 0.0431700348854, 0.0584154762328, 0.0535193681717, 0.124035567045, 0.191735163331, 0.133300587535, 0.125690385699, 0.13630028069, 0.068987339735, 0.0589844435453, 0.0799918845296, 0.0576325394213, 0.0499375872314, 0.0504236966372, 0.0324365012348, 0.0574266314507, 0.0842709839344, 0.0723456665874, 0.165877923369, 0.252276659012, 0.155595928431, 0.118694424629, 0.165497079492, 0.118538886309, 0.087982647121], "dvar2": [0.0619070902467, 0.0452494360507, 0.0254934467375, 0.0368944853544, 0.0455868653953, 0.054979737848, 0.0554306432605, 0.0407549068332, 0.0567630119622, 0.061522398144, 0.0335404202342, 0.0257133282721, 0.0382761918008, 0.0444519519806, 0.0728895962238, 0.0610061362386, 0.0789994522929, 0.0570265986025, 0.046936083585, 0.0423479825258, 0.0466733276844, 0.04007120803, 0.0539446547627, 0.04097205773, 0.0233695209026, 0.0270456392318, 0.0372955687344, 0.0402489379048, 0.0521709322929, 0.0798526331782, 0.0662300214171, 0.0818851813674, 0.0689421892166, 0.0673221424222, 0.0676205381751, 0.0721387639642], "min": [0, 0, 0, 0, 0, 0, 0, 0, 0, 0, 0, 0, 0, 0, 0, 0, 0, 0, 0, 0, 0, 0, 0, 0, 0, 0, 0, 0, 0, 0, 0, 0, 0, 0, 0, 0], "var": [0.047608692199, 0.0207733754069, 0.0156814064831, 0.0250970516354, 0.0186825878918, 0.0462233312428, 0.0717550963163, 0.0231708176434, 0.0555285699666, 0.076982088387, 0.0178924482316, 0.015491515398, 0.0319221317768, 0.0176508333534, 0.0536146089435, 0.107013531029, 0.0521387830377, 0.0562359467149, 0.0775814056396, 0.0251366142184, 0.0313988029957, 0.0497322827578, 0.0272957589477, 0.025001116097, 0.0295116472989, 0.0116646913812, 0.0239381697029, 0.0476616881788, 0.0317804440856, 0.0664761513472, 0.141876161098, 0.0597155056894, 0.0533027797937, 0.10370054841, 0.060048494488, 0.0354644954205], "median": [0.009437286295, 0.00765363872051, 0.00659138895571, 0.00610906723887, 0.0080612199381, 0.0129315834492, 0.0130921173841, 0.0191012769938, 0.0193118043244, 0.0148797538131, 0.00996002275497, 0.00512360408902, 0.00559905637056, 0.00803073775023, 0.0192475914955, 0.0259655229747, 0.0276283174753, 0.0165613330901, 0.00990978628397, 0.00648895977065, 0.00433667656034, 0.00494433101267, 0.00585967954248, 0.00537813920528, 0.00404466642067, 0.00421753991395, 0.00830549001694, 0.008455500938, 0.00958920456469, 0.02830600366, 0.0346479788423, 0.0290455818176, 0.0105674657971, 0.00607354659587, 0.00753857102245, 0.0120417652652]}}, "lowlevel": {"melbands_flatness_db": {"dmean": 0.0221537426114, "dmean2": 0.0309764146805, "max": 0.478859335184, "dvar": 0.000566715374589, "mean": 0.209782600403, "dvar2": 0.00101241155062, "min": 0.0026930172462, "var": 0.00443661119789, "median": 0.214321821928}, "melbands_crest": {"dmean": 2.54426121712, "dmean2": 3.85239863396, "max": 33.9103813171, "dvar": 6.90331268311, "mean": 16.885679245, "dvar2": 14.9900035858, "min": 1.49856030941, "var": 34.7421112061, "median": 16.5196762085}, "spectral_entropy": {"dmean": 0.185616388917, "dmean2": 0.255560994148, "max": 9.82944107056, "dvar": 0.0385223031044, "mean": 7.30838823318, "dvar2": 0.0682660341263, "min": 4.95709657669, "var": 0.343162685633, "median": 7.30053806305}, "melbands": {"dmean": [7.75063235778e-05, 0.00023877521744, 0.000133846071549, 0.000253530684859, 0.000324482185533, 0.000343507766956, 0.00011971341155, 3.60972335329e-05, 5.90382223891e-05, 6.82766258251e-05, 0.000105786173663, 2.97748956655e-05, 1.64937500813e-05, 1.21813745864e-05, 9.3793751148e-06, 6.39273139313e-06, 1.76153607754e-05, 1.30265816551e-05, 1.85281078302e-05, 1.64433968166e-05, 6.56767861074e-06, 4.98115105074e-06, 4.56261477666e-06, 6.50505535305e-06, 5.19134437127e-06, 3.06756601276e-06, 2.56337307292e-06, 2.70889290732e-06, 1.52585130309e-06, 1.27923260607e-06, 1.0378882962e-06, 8.92197249414e-07, 1.0265301853e-06, 1.34052334033e-06, 1.27381542825e-06, 7.77123318585e-07, 5.33558250027e-07, 5.02088596477e-07, 3.00257170238e-07, 2.12398489907e-07], "dmean2": [0.000117779629363, 0.000341089034919, 0.000190749226022, 0.000359900761396, 0.000425753445597, 0.000489102327265, 0.000176335350261, 5.04160634591e-05, 8.45997201395e-05, 9.47376247495e-05, 0.000143402518006, 4.28449820902e-05, 2.49220229307e-05, 1.88085959962e-05, 1.42982216857e-05, 9.95082154986e-06, 2.56681560131e-05, 1.89939564734e-05, 2.8258880775e-05, 2.493055581e-05, 1.0087447663e-05, 7.92937498773e-06, 7.23079438103e-06, 1.01626574178e-05, 7.77120840212e-06, 4.8881274779e-06, 3.88003400076e-06, 4.09870654039e-06, 2.27005330089e-06, 1.93516666513e-06, 1.55783766331e-06, 1.32747720727e-06, 1.50809262323e-06, 1.95707093553e-06, 1.90713899428e-06, 1.11848646611e-06, 7.57198449719e-07, 7.41236362956e-07, 4.49940898761e-07, 3.13596530077e-07], "max": [0.0094175003469, 0.00928787700832, 0.00592442601919, 0.0144263477996, 0.0173985660076, 0.0175802335143, 0.00857741571963, 0.00689345179126, 0.0106470659375, 0.00813684985042, 0.00943947117776, 0.00511344475672, 0.00241748336703, 0.00474859774113, 0.00346444849856, 0.000847480667289, 0.00230316258967, 0.00272366125137, 0.00265149236657, 0.00154130195733, 0.000637564924546, 0.000249444827205, 0.000304858578602, 0.000988154206425, 0.000425482343417, 0.000622684310656, 0.000431918364484, 0.00037375051761, 0.000204190801014, 0.000222931223107, 0.000134355635964, 0.000117527131806, 0.000138043411425, 0.000200024267542, 0.000130447369884, 8.51988152135e-05, 9.98474788503e-05, 8.37955012685e-05, 2.63316014752e-05, 2.67625873676e-05], "dvar": [2.35397212833e-08, 2.08163314142e-07, 5.36882822644e-08, 3.78425454528e-07, 6.09720473221e-07, 7.01270494119e-07, 1.37797727007e-07, 2.03417496181e-08, 7.46196207047e-08, 5.6958253225e-08, 1.29535592919e-07, 1.29104869018e-08, 5.31758725941e-09, 7.2768457926e-09, 2.97062396903e-09, 3.86391696416e-10, 3.31746874416e-09, 2.71240963023e-09, 3.85854814766e-09, 2.47595632885e-09, 2.27957888677e-10, 9.45719405565e-11, 1.12954041953e-10, 4.38530795011e-10, 2.31820423968e-10, 2.7358101895e-10, 1.59607008166e-10, 1.63954252952e-10, 2.65866044458e-11, 2.77789839742e-11, 1.25682875565e-11, 1.00641682488e-11, 2.02937892185e-11, 3.78741760176e-11, 2.68526572506e-11, 7.55954240178e-12, 3.34750673361e-12, 2.82432952893e-12, 6.42288902186e-13, 5.73338522925e-13], "mean": [0.000238943393924, 0.000907519133762, 0.000412730150856, 0.000586623151321, 0.00112125568558, 0.0010245955782, 0.000278499297565, 7.70555416238e-05, 0.000148145874846, 0.000154363398906, 0.000270219461527, 6.47044216748e-05, 3.26649933413e-05, 2.23684219236e-05, 1.54828176164e-05, 1.15201055451e-05, 4.01377110393e-05, 2.4075512556e-05, 3.61734164471e-05, 3.44248837791e-05, 1.26342356452e-05, 9.39236088016e-06, 8.63998866407e-06, 1.2982231965e-05, 1.12256975626e-05, 5.37429605174e-06, 4.16817056248e-06, 4.49497747468e-06, 2.67974792223e-06, 2.1183689114e-06, 1.75195020802e-06, 1.46040031268e-06, 1.58605996603e-06, 2.13085331779e-06, 2.20934543904e-06, 1.22126630231e-06, 8.13321719306e-07, 7.39330346278e-07, 4.36869584064e-07, 3.1860744798e-07], "dvar2": [3.85746936615e-08, 3.68040758758e-07, 1.00219097021e-07, 6.76041452152e-07, 9.59573981163e-07, 1.33836203986e-06, 2.81971665572e-07, 3.82543206001e-08, 1.47884733792e-07, 1.13571921645e-07, 2.44782796699e-07, 2.63039385828e-08, 1.24161489978e-08, 1.43564955479e-08, 7.40231209662e-09, 8.49332604247e-10, 7.24826465515e-09, 5.22657384039e-09, 7.56778373301e-09, 5.34971400512e-09, 4.79434991707e-10, 2.21771892517e-10, 2.68118305335e-10, 9.32959931532e-10, 4.76645778402e-10, 7.0191974455e-10, 3.16938336686e-10, 3.85713738726e-10, 5.56379456396e-11, 6.58347751314e-11, 2.52213354368e-11, 2.38245378287e-11, 3.79545457563e-11, 8.17598627689e-11, 5.80780076809e-11, 1.57114390942e-11, 6.44195981281e-12, 5.99819716465e-12, 1.44334858735e-12, 1.37225875194e-12], "min": [1.55226595928e-24, 2.28184367165e-24, 1.19378932154e-24, 1.40456270023e-24, 1.6634031488e-24, 9.66624793756e-25, 2.65152262729e-24, 1.32490293437e-24, 2.30944847853e-24, 2.48366209856e-24, 8.40414838922e-25, 2.14955721988e-24, 1.7473933666e-24, 3.45539811933e-24, 3.35474262327e-24, 3.75798425776e-24, 3.13446406232e-24, 3.45317274272e-24, 3.02892453118e-24, 3.86324078505e-24, 3.48629227896e-24, 4.15141522361e-24, 3.42924895805e-24, 4.51267170857e-24, 4.38009101167e-24, 4.10071079449e-24, 5.06881312472e-24, 4.1224383904e-24, 3.97887359426e-24, 4.84484762512e-24, 5.35168760128e-24, 5.50461735966e-24, 5.60387144432e-24, 5.40402733905e-24, 5.99621535984e-24, 4.64439136379e-24, 5.40998954977e-24, 6.27310750973e-24, 6.79839539259e-24, 6.22764624462e-24], "var": [1.7117997686e-07, 1.25726694478e-06, 2.49338313552e-07, 1.87799662399e-06, 5.40982227903e-06, 3.81134464078e-06, 4.92113770179e-07, 5.43859037805e-08, 4.68605378501e-07, 2.05943564424e-07, 7.19139222838e-07, 6.43441069315e-08, 1.41269715925e-08, 9.93276394468e-09, 3.31126193132e-09, 1.41444589374e-09, 2.00160048536e-08, 7.12857861629e-09, 1.28991750614e-08, 8.89186146935e-09, 7.14562076176e-10, 2.63487093255e-10, 2.64603422506e-10, 1.37007738488e-09, 9.24682497239e-10, 3.22757626181e-10, 2.55066662236e-10, 2.23879983996e-10, 5.01613299508e-11, 3.56930769663e-11, 1.9084296643e-11, 1.46055945116e-11, 3.36052852212e-11, 6.74699324188e-11, 5.52186144032e-11, 1.56692107206e-11, 7.21791463404e-12, 5.63041063426e-12, 1.03290835086e-12, 1.0175158242e-12], "median": [0.000106438601506, 0.000533530663233, 0.000248534895945, 0.000138529605465, 0.000161952630151, 0.000112181376608, 3.52523929905e-05, 1.46909987961e-05, 1.4068409655e-05, 1.15598086268e-05, 1.11204026325e-05, 1.0166751963e-05, 7.79468064138e-06, 7.9225637819e-06, 5.57925159228e-06, 3.46041542798e-06, 1.00665993159e-05, 7.70756832935e-06, 9.4621336757e-06, 9.05669367057e-06, 5.6412854974e-06, 4.22267839895e-06, 3.69731333194e-06, 4.37654762209e-06, 2.83228041553e-06, 1.84733926289e-06, 1.21307334666e-06, 1.16966202768e-06, 1.06388449694e-06, 8.61089461068e-07, 7.55168343858e-07, 5.51196421839e-07, 4.70537429464e-07, 5.37545474799e-07, 5.65036998523e-07, 3.54966516625e-07, 2.32129664823e-07, 1.87887295056e-07, 1.49657537918e-07, 9.06196504502e-08]}, "silence_rate_60dB": {"dmean": 0.0295888520777, "dmean2": 0.0591878853738, "max": 1, "dvar": 0.0287117063999, "mean": 0.146714821458, "dvar2": 0.0636047795415, "min": 0, "var": 0.125183910131, "median": 0}, "spectral_energyband_middle_high": {"dmean": 0.00105257809628, "dmean2": 0.00147518422455, "max": 0.0749731361866, "dvar": 5.96432300881e-06, "mean": 0.00336715835147, "dvar2": 1.14434915304e-05, "min": 1.17951946674e-21, "var": 3.76209318347e-05, "median": 0.00140556367114}, "erbbands_skewness": {"dmean": 0.349727749825, "dmean2": 0.510485470295, "max": 5.81422519684, "dvar": 0.146946385503, "mean": 0.440607368946, "dvar2": 0.280436724424, "min": -4.18226671219, "var": 1.08598136902, "median": 0.313171058893}, "dynamic_complexity": 4.83855247498, "dissonance": {"dmean": 0.0171561073512, "dmean2": 0.0280500911176, "max": 0.5, "dvar": 0.000329571688781, "mean": 0.450705140829, "dvar2": 0.00087338621961, "min": 0.216119289398, "var": 0.00127701857127, "median": 0.460061311722}, "spectral_skewness": {"dmean": 0.192253246903, "dmean2": 0.303897976875, "max": 3.95420980453, "dvar": 0.0339513868093, "mean": 1.46156716347, "dvar2": 0.0776720792055, "min": -0.146332129836, "var": 0.227865964174, "median": 1.43576228619}, "spectral_kurtosis": {"dmean": 1.42606377602, "dmean2": 2.38625383377, "max": 27.6012973785, "dvar": 2.29633164406, "mean": 3.87785577774, "dvar2": 6.29521894455, "min": -1.25753736496, "var": 7.25203037262, "median": 3.36947345734}, "gfcc": {"cov": [[25781.0019531, 1989.70617676, -2856.69824219, 1020.85961914, -1459.7890625, 197.921829224, -1023.68395996, 182.560333252, -290.32510376, -245.922973633, -81.1413955688, -145.506347656, 94.7381744385], [1989.70617676, 1234.07067871, -99.8778152466, -114.386398315, 34.0917549133, -206.974899292, 38.3565139771, -12.5806999207, 95.6324081421, -69.1458740234, 133.246307373, -47.3283843994, 8.59690761566], [-2856.69824219, -99.8778152466, 799.614990234, 89.7571258545, 253.094039917, 99.8627548218, 125.991798401, -26.5535793304, 16.1137008667, 41.6911239624, 7.34877634048, 23.220785141, -49.4461479187], [1020.85961914, -114.386398315, 89.7571258545, 520.111694336, 122.803146362, 218.693191528, -34.5341682434, -5.18268489838, -46.1575241089, -10.7904987335, -47.7160339355, -19.7211036682, -53.0303344727], [-1459.7890625, 34.0917549133, 253.094039917, 122.803146362, 316.113983154, 78.8801040649, 104.755722046, 6.44938182831, 43.1481590271, 12.1376390457, 11.7792568207, -7.47824764252, -31.1679458618], [197.921829224, -206.974899292, 99.8627548218, 218.693191528, 78.8801040649, 305.917419434, 38.8212928772, 1.41808569431, -38.6248245239, 22.5479278564, -50.8843803406, -9.74408721924, -36.5951728821], [-1023.68395996, 38.3565139771, 125.991798401, -34.5341682434, 104.755722046, 38.8212928772, 176.05607605, 37.7415771484, 48.0655899048, 4.69883489609, 22.6598873138, -0.414694011211, -6.57490348816], [182.560333252, -12.5806999207, -26.5535793304, -5.18268489838, 6.44938182831, 1.41808569431, 37.7415771484, 138.105712891, 53.35338974, 5.50318145752, -15.6171045303, 8.11967182159, -1.53694319725], [-290.32510376, 95.6324081421, 16.1137008667, -46.1575241089, 43.1481590271, -38.6248245239, 48.0655899048, 53.35338974, 131.535217285, 26.5104160309, 28.9518527985, 2.29750418663, 13.485786438], [-245.922973633, -69.1458740234, 41.6911239624, -10.7904987335, 12.1376390457, 22.5479278564, 4.69883489609, 5.50318145752, 26.5104160309, 92.4527587891, 14.0816516876, -0.16417889297, -18.3311576843], [-81.1413955688, 133.246307373, 7.34877634048, -47.7160339355, 11.7792568207, -50.8843803406, 22.6598873138, -15.6171045303, 28.9518527985, 14.0816516876, 123.171585083, 29.9613285065, 7.03868198395], [-145.506347656, -47.3283843994, 23.220785141, -19.7211036682, -7.47824764252, -9.74408721924, -0.414694011211, 8.11967182159, 2.29750418663, -0.16417889297, 29.9613285065, 89.3533248901, 35.5920181274], [94.7381744385, 8.59690761566, -49.4461479187, -53.0303344727, -31.1679458618, -36.5951728821, -6.57490348816, -1.53694319725, 13.485786438, -18.3311576843, 7.03868198395, 35.5920181274, 113.596305847]], "mean": [-65.4538650513, 94.3919219971, -125.149551392, 46.9929008484, -64.9643173218, 14.8477878571, -50.6235237122, 1.54161763191, -21.4683933258, -6.22923135757, -12.7775611877, -4.89405202866, -1.43341338634], "icov": [[0.000350858957972, -0.000844315101858, 0.000747649522964, -0.000904244894627, 0.0012783681741, -0.000821341469418, 0.00102003989741, -0.000915118376724, 0.000411283428548, -0.000268142845016, -5.39144457434e-05, -5.18036031281e-05, -0.000265120150289], [-0.000844315101858, 0.003242574865, -0.00169909454416, 0.00213756924495, -0.00325307180174, 0.00249107833952, -0.00250374875031, 0.00237194448709, -0.00171379151288, 0.00181277142838, -0.00116582692135, 0.00118297408335, 0.000711749133188], [0.000747649522964, -0.00169909454416, 0.00350233656354, -0.00196294975467, 0.00149265874643, -0.00168042385485, 0.00128466216847, -0.00117203372065, 0.00097279495094, -0.00118810636923, 0.000318103382597, -0.00113262352534, 6.78290743963e-05], [-0.000904244894627, 0.00213756924495, -0.00196294975467, 0.00587068963796, -0.00473122252151, -0.000356730684871, -0.000404624501243, 0.00182986515574, -0.000916160759516, 0.00193198001944, -7.87861645222e-05, 0.000367503729649, 0.00137710664421], [0.0012783681741, -0.00325307180174, 0.00149265874643, -0.00473122252151, 0.0104656433687, -0.00302073312923, 0.00119740027003, -0.00263508269563, -6.48068380542e-05, -0.000859708059579, -0.000222510527237, 1.99314781639e-05, -0.000570383970626], [-0.000821341469418, 0.00249107833952, -0.00168042385485, -0.000356730684871, -0.00302073312923, 0.00823307130486, -0.00502427853644, 0.00246859132312, 0.000518921413459, -0.00134773296304, 0.00168049207423, -0.000175092136487, 0.000836199789774], [0.00102003989741, -0.00250374875031, 0.00128466216847, -0.000404624501243, 0.00119740027003, -0.00502427853644, 0.0130119388923, -0.00512879993767, -0.000434618938016, 0.00124202971347, -0.0023538696114, 0.00113362888806, -0.000854545913171], [-0.000915118376724, 0.00237194448709, -0.00117203372065, 0.00182986515574, -0.00263508269563, 0.00246859132312, -0.00512879993767, 0.0127092376351, -0.00572344800457, 0.000940932019148, 0.00314514408819, -0.00247173942626, 0.00228600390255], [0.000411283428548, -0.00171379151288, 0.00097279495094, -0.000916160759516, -6.48068380542e-05, 0.000518921413459, -0.000434618938016, -0.00572344800457, 0.0135038346052, -0.00468922546133, -0.00146502139978, 0.00112373637967, -0.00279191602021], [-0.000268142845016, 0.00181277142838, -0.00118810636923, 0.00193198001944, -0.000859708059579, -0.00134773296304, 0.00124202971347, 0.000940932019148, -0.00468922546133, 0.0148671334609, -0.00289783650078, 0.00100115023088, 0.00270744343288], [-5.39144457434e-05, -0.00116582692135, 0.000318103382597, -7.87861645222e-05, -0.000222510527237, 0.00168049207423, -0.0023538696114, 0.00314514408819, -0.00146502139978, -0.00289783650078, 0.0128381131217, -0.00573998503387, 0.0013307814952], [-5.18036031281e-05, 0.00118297408335, -0.00113262352534, 0.000367503729649, 1.99314781639e-05, -0.000175092136487, 0.00113362888806, -0.00247173942626, 0.00112373637967, 0.00100115023088, -0.00573998503387, 0.0162482336164, -0.00509362155572], [-0.000265120150289, 0.000711749133188, 6.78290743963e-05, 0.00137710664421, -0.000570383970626, 0.000836199789774, -0.000854545913171, 0.00228600390255, -0.00279191602021, 0.00270744343288, 0.0013307814952, -0.00509362155572, 0.0120189264417]]}, "spectral_complexity": {"dmean": 2.02614831924, "dmean2": 3.12904334068, "max": 40, "dvar": 4.70772743225, "mean": 11.4439287186, "dvar2": 9.76586723328, "min": 0, "var": 36.2930679321, "median": 11}, "spectral_flux": {"dmean": 0.0153817292303, "dmean2": 0.024406272918, "max": 0.243943780661, "dvar": 0.000372462352971, "mean": 0.0456293448806, "dvar2": 0.000940220139455, "min": 6.46962830531e-11, "var": 0.000899059057701, "median": 0.0398113392293}, "spectral_energyband_low": {"dmean": 0.000941495469306, "dmean2": 0.0013172555482, "max": 0.0491864569485, "dvar": 2.63590482064e-06, "mean": 0.00364081119187, "dvar2": 4.47100774181e-06, "min": 1.60839366907e-23, "var": 1.59561914188e-05, "median": 0.0027389950119}, "spectral_decrease": {"dmean": 1.08576059255e-09, "dmean2": 1.48202417005e-09, "max": 8.35655513969e-28, "dvar": 2.37063676985e-18, "mean": -4.88876006344e-09, "dvar2": 4.21415310794e-18, "min": -2.33568968611e-08, "var": 1.85325531447e-17, "median": -3.41948602767e-09}, "barkbands_spread": {"dmean": 4.98726844788, "dmean2": 7.33449602127, "max": 112.744499207, "dvar": 49.4199676514, "mean": 19.8588066101, "dvar2": 97.4911727905, "min": 0.393289327621, "var": 208.397567749, "median": 16.3345947266}, "spectral_rms": {"dmean": 0.000464390584966, "dmean2": 0.000627200875897, "max": 0.00950081367046, "dvar": 3.15712071597e-07, "mean": 0.00389419565909, "dvar2": 5.42841462448e-07, "min": 3.10869472525e-12, "var": 4.01804982175e-06, "median": 0.00368590815924}, "spectral_centroid": {"dmean": 224.94519043, "dmean2": 325.450378418, "max": 11759.2216797, "dvar": 116650.40625, "mean": 1369.18640137, "dvar2": 203083.203125, "min": 196.9012146, "var": 1943185.5, "median": 1052.55908203}, "barkbands_skewness": {"dmean": 0.491454482079, "dmean2": 0.708313107491, "max": 12.7318181992, "dvar": 0.336370944977, "mean": 1.85800087452, "dvar2": 0.620801150799, "min": -2.50702738762, "var": 2.11694335938, "median": 1.82718491554}, "spectral_rolloff": {"dmean": 438.542175293, "dmean2": 708.236206055, "max": 19401.4160156, "dvar": 756120.25, "mean": 1638.4777832, "dvar2": 1488984.25, "min": 21.533203125, "var": 6868164, "median": 753.662109375}, "erbbands_spread": {"dmean": 7.02463245392, "dmean2": 10.6020812988, "max": 114.293014526, "dvar": 56.9927330017, "mean": 40.7461471558, "dvar2": 130.205215454, "min": 3.1018345356, "var": 334.355102539, "median": 39.5506820679}, "barkbands": {"dmean": [5.22405844094e-06, 0.00038558448432, 0.000564762565773, 0.000231814527069, 0.00130353542045, 0.0018397787353, 0.000358034332749, 0.000248716853093, 0.000492456369102, 0.000575959973503, 0.000124115569633, 0.000106675099232, 5.80302694289e-05, 0.000177454014192, 0.000248107709922, 0.000144758276292, 9.14971315069e-05, 0.000125087419292, 9.61110563367e-05, 7.68978788983e-05, 4.87096258439e-05, 4.76633867947e-05, 6.67972271913e-05, 3.9739847125e-05, 1.71837582457e-05, 2.01813440981e-06, 9.51704137719e-09], "dmean2": [8.66367554408e-06, 0.000587065820582, 0.000791344500612, 0.000347508495906, 0.00178758404218, 0.00256952177733, 0.000508115743287, 0.000353171111783, 0.000679465767462, 0.000787404074799, 0.000188069418073, 0.000160314477398, 9.04150438146e-05, 0.00025446456857, 0.000380796875106, 0.000218535686145, 0.000144232792081, 0.000195857151994, 0.000143263678183, 0.000112689522211, 7.16603608453e-05, 6.87436913722e-05, 9.70198307186e-05, 5.58665924473e-05, 2.51500314334e-05, 3.06320521304e-06, 1.70888228013e-08], "max": [0.000170390369021, 0.0411134622991, 0.0239765159786, 0.0111422101036, 0.0869251042604, 0.0789411589503, 0.0344119220972, 0.0331875309348, 0.0487984716892, 0.0702419802547, 0.0168744698167, 0.0490035638213, 0.00624144403264, 0.0317766517401, 0.0331102944911, 0.0172351226211, 0.00557618262246, 0.0135879544541, 0.0105296513066, 0.00853847526014, 0.00665125017986, 0.00562243675813, 0.00682929670438, 0.0066903270781, 0.0018958930159, 0.000114822032629, 8.25283279937e-07], "dvar": [9.60340210132e-11, 5.67518839034e-07, 1.23053882817e-06, 1.87078398994e-07, 1.01707519207e-05, 1.72759409907e-05, 1.33853905027e-06, 9.84128405435e-07, 2.87169291369e-06, 4.56758698419e-06, 2.56983582858e-07, 5.6123531067e-07, 2.49359963789e-08, 3.41933287018e-07, 6.80631956129e-07, 1.59590896942e-07, 3.2685399276e-08, 1.32285677523e-07, 1.32799684138e-07, 1.18320905074e-07, 2.88890582567e-08, 3.45530821733e-08, 7.66407666219e-08, 1.60329012289e-08, 3.24543947272e-09, 2.62809895374e-11, 1.1416924162e-15], "mean": [6.47626984573e-06, 0.00123437284492, 0.00200043688528, 0.000551493489183, 0.00343704363331, 0.00580258155242, 0.000751378072891, 0.000540993874893, 0.00114543084055, 0.00139409140684, 0.000245568313403, 0.000180518356501, 9.84676080407e-05, 0.000401625235099, 0.000484316144139, 0.00026761344634, 0.000172776912223, 0.000249519740464, 0.000186887977179, 0.000133322464535, 8.76034173416e-05, 7.94927254901e-05, 0.000118296447909, 6.27258850727e-05, 2.655858043e-05, 2.74952662949e-06, 7.38356442653e-09], "dvar2": [2.40323122513e-10, 9.87970565802e-07, 2.11192332245e-06, 3.74295211714e-07, 1.6199235688e-05, 3.31163064402e-05, 2.62550520347e-06, 1.91707454178e-06, 5.24015513292e-06, 8.9032073447e-06, 6.15774581547e-07, 1.1484218021e-06, 5.63084121552e-08, 6.69601206482e-07, 1.36017831665e-06, 3.33716940304e-07, 7.45258788015e-08, 2.94497965569e-07, 3.1111142107e-07, 2.51576949495e-07, 6.19603142127e-08, 6.96483652973e-08, 1.59357085749e-07, 3.19125241788e-08, 7.74730501973e-09, 6.09106723393e-11, 3.22377584527e-15], "min": [4.26626479254e-25, 2.48845008982e-24, 9.86126421409e-25, 1.51882841349e-24, 1.11478722902e-23, 5.83364138247e-24, 1.3726507917e-23, 5.93793589388e-24, 1.54434479e-23, 1.421063501e-23, 1.93517724802e-23, 3.10882919891e-23, 3.52004976702e-23, 4.03756334678e-23, 4.00369502376e-23, 6.68222363361e-23, 7.34475067367e-23, 8.56797290834e-23, 1.21665247484e-22, 1.49783784243e-22, 2.20020930018e-22, 3.0344719904e-22, 3.9749057659e-22, 6.12781193698e-22, 8.92588768385e-22, 1.21560259564e-21, 1.98721417995e-21], "var": [1.35446015515e-10, 3.85937846659e-06, 7.47442481952e-06, 6.82352037984e-07, 5.68414761801e-05, 0.000107534047856, 4.48347964266e-06, 3.33881121151e-06, 1.40617185025e-05, 2.44278198807e-05, 6.91405546149e-07, 7.31124998765e-07, 8.56204138699e-08, 1.91216213352e-06, 2.20923993766e-06, 5.05102718762e-07, 8.01274424589e-08, 3.80096508934e-07, 2.51967719578e-07, 1.8787771694e-07, 4.43675922668e-08, 5.68154341352e-08, 1.66046461914e-07, 3.38488383989e-08, 5.84838399931e-09, 4.41444485133e-11, 7.1271872105e-16], "median": [2.47867365033e-06, 0.000466145691462, 0.000836521561723, 0.000269616226433, 0.00080912472913, 0.000693208072335, 0.000134327026899, 5.97796715738e-05, 8.4553968918e-05, 7.44211938581e-05, 4.97235887451e-05, 6.40740909148e-05, 3.51022936229e-05, 9.85918741208e-05, 0.000128037645482, 8.93648320925e-05, 8.09033517726e-05, 8.59832798596e-05, 5.81925523875e-05, 3.78981858375e-05, 3.96621471737e-05, 2.88562714559e-05, 3.12515439873e-05, 1.89897473319e-05, 8.60138516146e-06, 8.30819715247e-07, 2.3630528645e-09]}, "melbands_kurtosis": {"dmean": 6.98872327805, "dmean2": 10.3063411713, "max": 316.857574463, "dvar": 133.215744019, "mean": 18.616476059, "dvar2": 279.828552246, "min": -1.81034946442, "var": 560.085510254, "median": 12.1218338013}, "erbbands_crest": {"dmean": 2.37687921524, "dmean2": 3.70575380325, "max": 30.5767498016, "dvar": 5.67659759521, "mean": 11.4104595184, "dvar2": 12.9759950638, "min": 2.2687060833, "var": 33.1255569458, "median": 10.3274841309}, "melbands_skewness": {"dmean": 0.641987264156, "dmean2": 0.936468601227, "max": 13.9359035492, "dvar": 0.519160985947, "mean": 3.09659433365, "dvar2": 1.0365896225, "min": -0.97030711174, "var": 3.49884867668, "median": 2.90900278091}, "spectral_energyband_middle_low": {"dmean": 0.00354140740819, "dmean2": 0.00490813329816, "max": 0.0892116054893, "dvar": 3.1664443668e-05, "mean": 0.0130167892203, "dvar2": 5.68062823731e-05, "min": 1.87538313757e-22, "var": 0.000219545356231, "median": 0.00607566069812}, "spectral_contrast_coeffs": {"dmean": [0.0431199632585, 0.0397853069007, 0.036156039685, 0.030433004722, 0.0237211249769, 0.0177372060716], "dmean2": [0.0693598240614, 0.0619295760989, 0.056523501873, 0.0481283403933, 0.0367420576513, 0.0268257595599], "max": [-0.239808425307, -0.316124886274, -0.403595805168, -0.507150769234, -0.581856846809, -0.586170494556], "dvar": [0.00134185585193, 0.00124482414685, 0.000924158666749, 0.000641099759378, 0.000458881928353, 0.000267381838057], "mean": [-0.623440444469, -0.659269809723, -0.72747194767, -0.739702999592, -0.763673484325, -0.759982526302], "dvar2": [0.00328909396194, 0.00280877342448, 0.00207224837504, 0.00150942069013, 0.00100304733496, 0.000566231610719], "min": [-0.976832389832, -0.976855993271, -0.975643754005, -0.97045892477, -0.965193271637, -0.965316534042], "var": [0.00879308022559, 0.0156533811241, 0.00914215948433, 0.00489939469844, 0.00338626140729, 0.00203787209466], "median": [-0.626223683357, -0.68327331543, -0.743415474892, -0.744607448578, -0.765909552574, -0.756870508194]}, "spectral_contrast_valleys": {"dmean": [0.388744652271, 0.328608542681, 0.32057544589, 0.284117668867, 0.274542987347, 0.350964695215], "dmean2": [0.62067347765, 0.525340735912, 0.50479143858, 0.430007338524, 0.381538897753, 0.449980169535], "max": [-6.15827512741, -5.85891675949, -5.75409841537, -6.30498409271, -5.96839809418, -7.7435631752], "dvar": [0.137859940529, 0.100661747158, 0.0983899012208, 0.0915949568152, 0.0979619622231, 0.14991697669], "mean": [-8.18839740753, -7.99405574799, -8.61125564575, -8.70301246643, -8.56152248383, -10.895524025], "dvar2": [0.280322641134, 0.208723977208, 0.186896681786, 0.157505959272, 0.155781194568, 0.244656354189], "min": [-27.8879241943, -28.3516311646, -27.7244682312, -27.7310066223, -27.5645942688, -27.381980896], "var": [6.73269319534, 6.66522264481, 6.16520786285, 6.1575422287, 6.32711267471, 5.0781378746], "median": [-7.65382385254, -7.54705619812, -8.19241905212, -8.27356719971, -8.1366443634, -10.6138343811]}, "silence_rate_20dB": {"dmean": 0, "dmean2": 0, "max": 1, "dvar": 0, "mean": 1, "dvar2": 0, "min": 1, "var": 0, "median": 1}, "silence_rate_30dB": {"dmean": 0, "dmean2": 0, "max": 1, "dvar": 0, "mean": 1, "dvar2": 0, "min": 1, "var": 0, "median": 1}, "spectral_strongpeak": {"dmean": 0.367782175541, "dmean2": 0.579993844032, "max": 14.3257598877, "dvar": 0.462757200003, "mean": 1.19733226299, "dvar2": 1.08327901363, "min": 0, "var": 1.78514158726, "median": 0.617439031601}, "spectral_spread": {"dmean": 472894.5, "dmean2": 694781.8125, "max": 42602520, "dvar": 463937470464, "mean": 5092884, "dvar2": 871122665472, "min": 2123176.75, "var": 20657899307000.0, "median": 4409036}, "barkbands_flatness_db": {"dmean": 0.019004734233, "dmean2": 0.0279334373772, "max": 0.416937291622, "dvar": 0.000362177175703, "mean": 0.168783277273, "dvar2": 0.000704872887582, "min": 0.044440690428, "var": 0.00245470460504, "median": 0.168597042561}, "pitch_salience": {"dmean": 0.0556196793914, "dmean2": 0.0841796547174, "max": 0.945269465446, "dvar": 0.00322414375842, "mean": 0.474254280329, "dvar2": 0.00684922980145, "min": 0.0731770321727, "var": 0.0146775655448, "median": 0.479294478893}, "erbbands_kurtosis": {"dmean": 0.98893392086, "dmean2": 1.52127802372, "max": 42.5400428772, "dvar": 2.84814405441, "mean": 0.838019192219, "dvar2": 6.33944702148, "min": -1.73802065849, "var": 10.1250104904, "median": -0.198999285698}, "average_loudness": 0.78872191906, "barkbands_crest": {"dmean": 2.14592671394, "dmean2": 3.25516819954, "max": 26.4755306244, "dvar": 5.06640672684, "mean": 12.276058197, "dvar2": 10.850479126, "min": 2.02423429489, "var": 23.328163147, "median": 11.4714441299}, "hfc": {"dmean": 3.51787304878, "dmean2": 4.77095222473, "max": 141.612518311, "dvar": 38.7640380859, "mean": 13.3519020081, "dvar2": 73.6976623535, "min": 1.07215379056e-16, "var": 205.669769287, "median": 8.48932266235}, "barkbands_kurtosis": {"dmean": 3.02076745033, "dmean2": 4.45941495895, "max": 197.920898438, "dvar": 38.0556869507, "mean": 6.55944633484, "dvar2": 76.5176315308, "min": -1.93528282642, "var": 130.895904541, "median": 3.54208874702}, "erbbands": {"dmean": [0.0056849331595, 0.109659090638, 0.556825697422, 0.772331893444, 1.67807424068, 5.35081100464, 9.99321365356, 14.980805397, 8.8057718277, 3.3084666729, 6.45106935501, 10.405547142, 20.8929958344, 6.53602027893, 5.0554857254, 4.47957420349, 2.55469679832, 8.13212680817, 7.94966030121, 14.3478813171, 5.87430906296, 4.00810813904, 5.6804728508, 6.08521938324, 3.5932943821, 3.78866934776, 2.17086005211, 1.8125795126, 1.5787460804, 2.10626769066, 1.89480185509, 0.948015034199, 0.616213023663, 0.266777992249, 0.0919775739312, 0.0196938961744, 0.00195113092195, 0.000107959378511, 5.64239144296e-06, 5.39616985407e-06], "dmean2": [0.00886205676943, 0.164672791958, 0.791835665703, 1.09589159489, 2.47759509087, 7.39665651321, 13.1348056793, 21.3576812744, 12.9114398956, 4.61349916458, 9.32625865936, 14.5207920074, 28.389541626, 9.39506816864, 7.59082174301, 6.61957836151, 3.92484641075, 11.871257782, 11.9305114746, 21.8216743469, 8.84661960602, 6.2823138237, 8.85280799866, 9.10194778442, 5.50948953629, 5.64711761475, 3.19130969048, 2.66722869873, 2.30045604706, 2.99680304527, 2.77464604378, 1.31492364407, 0.889818072319, 0.389011621475, 0.135367825627, 0.0294452644885, 0.00294704455882, 0.000172365645994, 8.03963303042e-06, 7.38776725484e-06], "max": [0.640631914139, 10.8390903473, 24.0428791046, 22.0669708252, 139.436218262, 422.716125488, 596.481262207, 877.732116699, 675.293945312, 507.401794434, 950.330688477, 1409.20275879, 1887.18811035, 874.898681641, 912.91986084, 2504.59472656, 316.327606201, 1002.34307861, 1543.52929688, 2110.71801758, 586.690368652, 203.497909546, 589.964050293, 449.5340271, 552.54699707, 468.875274658, 213.226852417, 290.822998047, 206.007568359, 315.850860596, 209.511230469, 133.520782471, 98.751663208, 25.8535022736, 9.93768978119, 1.29326725006, 0.134953796864, 0.00432129763067, 0.000280263338936, 0.000112329951662], "dvar": [0.00011473603081, 0.0459486357868, 1.26731324196, 1.80394113064, 15.6973514557, 223.794906616, 634.516479492, 1509.06762695, 765.418395996, 136.414855957, 820.183105469, 1426.33215332, 4864.31298828, 415.96661377, 553.286376953, 1399.15698242, 51.790184021, 637.044250488, 864.967285156, 2329.17871094, 152.260116577, 59.7991638184, 266.615264893, 298.535125732, 286.783599854, 318.008422852, 51.8026351929, 44.3943405151, 35.1432533264, 92.7339477539, 58.6164398193, 8.702044487, 3.78800082207, 0.636267542839, 0.119588926435, 0.00299797300249, 2.39552900894e-05, 6.5962133533e-08, 1.32469021863e-10, 5.43531643304e-11], "mean": [0.0152071574703, 0.371345162392, 2.09546065331, 2.33842396736, 3.83606076241, 13.5462837219, 35.5377616882, 44.1340255737, 20.9619503021, 7.48080682755, 16.1034431458, 23.5604839325, 53.5809211731, 14.9582767487, 10.2289514542, 7.9490032196, 5.23645782471, 18.8154678345, 15.8000059128, 31.3636188507, 13.1577339172, 8.61111736298, 12.2178106308, 13.861415863, 6.9408416748, 6.57102489471, 4.045109272, 3.28061532974, 2.67603540421, 3.50170350075, 3.33590888977, 1.55135202408, 0.947077393532, 0.412945926189, 0.137733593583, 0.0277883149683, 0.00274226884358, 0.000137448470923, 1.67628295458e-05, 2.40519839281e-05], "dvar2": [0.000215036081499, 0.0809274092317, 2.18378043175, 3.34758639336, 34.1629180908, 349.457458496, 1029.02722168, 2824.73852539, 1546.4251709, 260.361053467, 1661.73779297, 2892.80444336, 9145.0078125, 851.563476562, 1336.70727539, 2992.97583008, 121.159210205, 1389.15490723, 1811.54089355, 4750.37792969, 316.676483154, 137.676147461, 606.19342041, 622.905090332, 618.335021973, 726.207702637, 106.498336792, 90.6476898193, 76.433883667, 187.919006348, 123.466491699, 16.1524620056, 7.79349088669, 1.48872518539, 0.284053742886, 0.00700135575607, 5.51913617528e-05, 1.62461233799e-07, 3.04413938501e-10, 1.04939640311e-10], "min": [1.16540857531e-22, 6.00876386492e-22, 2.16942373198e-21, 6.83598214085e-21, 1.28146036937e-20, 3.84775405015e-20, 5.69630626381e-20, 4.91043362933e-20, 1.62999222577e-19, 1.71264786073e-19, 3.15079454272e-19, 3.05838838704e-19, 2.3220769252e-19, 5.63835308536e-19, 5.56663187336e-19, 1.46087044494e-18, 1.62504511702e-18, 2.14426101084e-18, 2.25422454032e-18, 2.60060104515e-18, 3.50777353846e-18, 3.94234362661e-18, 5.20791259302e-18, 6.12574516968e-18, 6.43739249649e-18, 7.33365757944e-18, 9.50083273402e-18, 1.01238337385e-17, 1.16133213239e-17, 1.19254819163e-17, 1.07058024488e-17, 1.03256161772e-17, 1.11749213896e-17, 8.61751385484e-18, 6.26975938227e-18, 3.87416491898e-18, 2.28909888853e-18, 9.82026962067e-19, 2.49822193471e-19, 2.63999006114e-20], "var": [0.000729159160983, 0.301870286465, 8.00390434265, 8.67582321167, 62.2736816406, 1241.03625488, 6174.97753906, 8198.76855469, 2726.95874023, 370.250244141, 4522.1328125, 5059.44189453, 27144.4179688, 2058.9699707, 1429.35375977, 1649.00891113, 186.077178955, 3809.35351562, 1867.71496582, 9306.12011719, 626.09765625, 187.726119995, 761.210083008, 1187.05456543, 462.751403809, 447.961730957, 97.7833709717, 66.9526748657, 55.2795562744, 166.016738892, 123.321205139, 20.8565349579, 7.71095085144, 1.19287490845, 0.21214774251, 0.00511299958453, 4.07532861573e-05, 8.06165871836e-08, 3.20525994635e-10, 4.05828565198e-10], "median": [0.00775838829577, 0.157907128334, 0.967757761478, 1.32100534439, 1.42697668076, 2.99004507065, 4.73600053787, 4.75301074982, 2.9800157547, 2.3407702446, 2.11203861237, 2.38567113876, 2.71971225739, 3.27829170227, 3.02028512955, 3.08443546295, 2.15656423569, 5.469414711, 6.21224308014, 8.29989433289, 6.18737888336, 4.49722766876, 4.8380355835, 4.06439590454, 2.47751712799, 1.8794478178, 1.78278338909, 1.44485604763, 1.00638461113, 1.02100396156, 0.944493889809, 0.479674696922, 0.280414581299, 0.139030754566, 0.0379151552916, 0.00822922866791, 0.000891270930879, 4.56483394373e-05, 1.26348186313e-05, 1.76329922397e-05]}, "spectral_energy": {"dmean": 0.00432925578207, "dmean2": 0.00591922365129, "max": 0.0925220996141, "dvar": 3.69926783605e-05, "mean": 0.0196623820812, "dvar2": 6.65597326588e-05, "min": 9.90558234717e-21, "var": 0.000293441873509, "median": 0.0139255672693}, "zerocrossingrate": {"dmean": 0.0101099330932, "dmean2": 0.0114528499544, "max": 0.5244140625, "dvar": 0.000217433989746, "mean": 0.0621841363609, "dvar2": 0.00027862819843, "min": 0.00537109375, "var": 0.00442994805053, "median": 0.0458984375}, "spectral_energy