{"metadata": {"audio_properties": {"downmix": "mix", "bit_rate": 192028, "lossless": false, "md5_encoded": "640f4475b5cde3cb0cd5d40fe5077bb0", "analysis_sample_rate": 44100, "sample_rate": 44100, "replay_gain": -5.53245925903, "equal_loudness": 0, "codec": "mp3", "length": 179.043258667}, "tags": {"date": ["1993"], "bpm": ["93.91"], "acoustid_id": ["6c26a15d-d7b1-4ffb-9d97-eb15508282fa"], "musicbrainz_recordingid": ["b32a2fc5-b64c-4441-a8d6-e31145fcc5b2"], "musicbrainz_artistid": ["c26c3822-451f-4545-b55a-bd09a3c815ae"], "catalognumber": ["CDHUT 7"], "musicbrainz album type": ["Album"], "tracknumber": ["06"], "musicbrainz_albumid": ["f9664cd5-2fbb-4436-b1c6-e5ef42495077"], "label": ["Hut Recordings"], "file_name": "Auteurs - Starstruck.mp3", "musicbrainz album release country": ["GB"], "musicip_puid": ["1aed1adb-8f8b-fc51-15db-ff6c31826a53"], "album": ["New Wave"], "artist": ["Auteurs"], "title": ["Starstruck"], "musicbrainz_albumartistid": ["c26c3822-451f-4545-b55a-bd09a3c815ae"], "acoustid_fingerprint": ["AQADtFHCPFkiuOIRfpyCK0woYyd6NM-PXLrw5SK-BzW7DvcgfigilxE-4j4YR8mLFD9q9DzkHn6F4-fhP4Nm_niGHOayHSdT_Dl4Bk3FHFWe47_w45mOi8atHHmyXdDiiEetjEROhsaTYLwmEddxRoykwJqPB-_x4zni1tCVI8yy5MrQH8ePZ3qEXOWQL0grD09-nIngI_-Ib8Oeh0RzHn2O76h8PNtxFWHiHsfzQPmFXyGeI_xiNJGUKEe-nLhOof3hn9DlIm0UHX6Ckg8qJ3oR5lnxQGUu5BlhjuFxHNEPlcoRhjnIC9kZ-BcU_YitEk9C1Eh36NrRJ5oC_cYV3siVMWjXoUnM4z4evDeSrHwQ5iN6XHqD-8J7dNlhbUOfCfGN5Nqs4NGNK8EVNA-HHSHJ40qYJFsCmUmeFGGqTgi9Q0eYJFEe9EuT4cZEKrVgFrZR6seL-0Ejb0dJBkceBo9yFD0efcaT4w-DK8uSxLigNb3QKF3w6MIlPsfzQQwV4kuo4-gZ6J3RLFdxPciPO09xS3jKobmK6cjTB48i9Dp65vjVZNAToVOUI77wH80T5DnOD_oQtrJSPIan6BxKCf_hRI9xZhmOrbmCq7i0oF1zohmPnPmg5xPi_Ggi5scX-HxA7UIbXI-GruGO5ETaEqWFq6mIN0-Cxu6R7MjBLGjyBxPJqBnMivDE7OiBXFJwXhzcNMf3mTj8nIKCENM0KXiDJx9eCc0VBXm0oNaS40qS4HuIBz7xRMGzMCcUpcrQSxli58d7_MEZHc8oHj2DMMcL_SIeHRqPJj3uZ8hT4vqx7-h7NMnSGDcCvUjniQl-PMQjhRfKU_CyokqqEDePJzqa5gqSWcuRN0rQormOimImBY2UPBreIL0KHXE2VcGV7ZjCo6SP57iDtxMajZZRMsmDlp9AVS-09agO6hLRclQwXcOzED3uHfmNL04Dq8RzHPvhKTqOX4UZ4cyhnym-VcGnGOF2eCTCKjl-NPnxKMOlhAn848EflI9xpR90MXhIBdePk0MzRoXW40S45cSH_8jzDHpy1IqJ_MK-DFYZB7ny4jq0I8xz_Dn-4dERNjo26DWcS0vA5fghVkeuh3CXFYeP2sEjBSHP4Vmh6cdzIkdztEmOSkIepdAW5Pvx6Au-4IlYvPBxLdGY4Ilo9BPS8xCvIFTCHz9Y4sqx_4F7PHmKH83RhgpCLiSmJLvwR9CFkPpDMKHS47KD97gUXE7RukM6PoGYg1G-42zRZhKoVNHR7fiDb9AVHXxxbgIfF8eP3sijxSIcyQ8Y_fin4OeOSzmyh7gOXoSeK8j1oDn6jLjDEcfDb7jSI_-HZNly9MWTvTj4F-X0omGGnkuCMIeaHz_aFWmeg6Fe_Lgk5ch9_MI96EsWXDq6GWrTCvsG78F0ZvgbvMF9yI04ITuuYx8-494RStOhKD9-JriOO0oY6EenI_3APMmH_grMHOkTGR2zHqWUKHBEon-M80K9w014_IeuKELLGx90ZuCT4DQRN_hFNBWOnDN-Qg9-fLtx5YHeIB1RJso0PA0O5lnRxCeey_gf_MePB7mUyUKyLIpWBbV5PMtcVMnDYM-LB0_zBC7VocyOnFENTcf7QHOO_DGaFW21Y1-CisoRJuEe_IJmMUjPIo_w6OinSMg_UriJM4ZjnsLxiV_wLEUjHeWM45oQi9mFB-qlovslpN0w6TjR5xGaS_iT40x2hNvhJzp6hhCe4lTy4QmTQ8sb9D4e4zjaQzw8TPo26Cd-5MdIxccV4o8Q8oH4PUGfCjk-9ji5BM139FrxYczzGMmoJ8h3XD7h68Gv4jVcXcWJJLoQez0-JReeOgka5UOlHL_w40zSo9yOdIlyFc-DXLh4lGuKX3iG5iv6BGFcaHYQ68LMPMEP6_jx44ryIjy8g-KWFBql3HiOPxKeMYKOkldw5TB1_B--9OD34T1U43oQXljL4Oc0nHpQJ_lhfkdlK-gaTMn34EfzB5PRhzr8IIeY6_gRX8jh-9D-oc-D5pFw49By5FLwHGn6oTsT_Hmg6whjTUf7hLiOR7ga1MgP7brwI2JyNNmHkjh3nIpQygjLBaqIfPgDXjmNS3C049HUHGcyTejhHX4RKmUF1TlmJUd-_EXzo7j44ONhRlkQkkcTKk8CNR3eYJt8PKMV4g_4BqJ1XGiW6eiP8_iD7js8SYhOrIoj7HxQUcc33AvyTBt0rhrCajI8Kcd_uOpxRcmFdDq6K8adqNiLa0d2WsETnZiHPINt6MqRM0MT2Qws-ZgkHU8ehDk05kPWNwFqNA3j4F16tDuYvDni5NA_hM8OMxM64hXoRXmQ59A_5A-eSURpwT9CRVEWQ1GY1CrCm5j-oHl0fFwyxHoZyI6MLLg5olQSH22E5sMfnDeeHD8TvAyD-MefQ0p4o-WO-hFSY_uGKgqV444Q5uhjDY-hcclxXsgjeNTRrhleFjt5PA-oMPtw7ccPvkG7g9qP0BKEvLgzPLmGH1eFr7h-FBf8TEiUn4hzXD-OdjpuHf5x5BOkcD5u4h_OEGoucIdOoofLFaF6fMb_47iP_NCnZETuo2pzPMZzkEg_Cv2yQBcOPg9-obmCWjo64luNz8ZEPIEuXJGoBKdM_Agp9bCF6_h3dOLxEz9ufHiEZsd0IexFiLXx4Hmg3ong5JuM0OGNH-2Od2nwwyVCTsNXnCRkLRbRbBdyP_hx5fBYtONxRc5R60OYvMbzVUde5Mo-ACCIEQggoAgQBAFiCAAAKoEoDIAgYQAUiDgCKCAIOEIkcY4AIYAAAAIgCLGCUYKEIMgFCxRhDAADDNCGAKGUkVYoAgxTAihikBAAAAaEMMAZY5ChSnB2lBKAGECgIcwgKAgwDhhqjAHaAGAMkMwBwhADSAFhgSLUGAsMcQUJZoAiDCBGlABCECAIGAAyAwwgjAhlmCFAAGAIRM4AbBBiiBLgkCIUMSKYQAIQY4ADwgGAkBEGEAIMUZIYAwACCCmEIAQCKAoYMIIQBpgCEBghpmBISYUEEIAYQhACTBkkCABSISGIMYRwIgBjAAFBlMJUIIkIQoBJCDBBBBBiCIIAIUeFAQA6QQBARClCkAYQECEkIEZYIByyoBgiAAVIGgEkFIowY5FgjgAhEGLECGEwEwgQAxgkAjhkiDCOEQIsAowBAAgCighCDAEWGCQMVQYBLwwAQBAADEMIWQGYYFQgDgQgAgDFiAEBGAEhAAQQoCgBxBAHFRWCCwMgYAhRRAQgQBrEDCAaQUGEAcAIZQgBUAgkHDJIQCKZkcAjwQijYChACBMGCYKgMEQY4xHAQligDBAGEmQAYggYQBnRQjCOmqAKAMSEAQYoIBSAggSADBLIMRY1kEAQJxAxAAigGCFGAAEIUEgQYQQCShCGhEACOUgRAkQwpBExkBHjCJNGG6QIwQIhxwCDBhFNBCDCCGGAAIAQgYAQQklACBCACiAscAgYARCgCilGCAEGIIOAE84IJQAnAAAjNIAAMGcAMUsBZBxEwiBBhABKEEcAQYQAQgAjhgDDCFTAMCMEIIIBxgAhQBEphUIUM0KEMMIDJIAVwBGjCANGECKcAcAIYAxBChkBKANACCcIYMQQBJQgxgApEAFEOEMYBkAhB40DghghLCAACQKokAYgAxikCGEBAECMAOmIQMAwKAgCBAEpBHAMI2IAIgogIoBxhCAEjFAGCwOQM4Q6w4gBUDCoCCIOAGCEAw"], "musicbrainz_releasegroupid": ["02e4e84f-5d06-3288-bcfd-32522ba23bd9"], "language": ["eng"], "genre": ["Brit Pop"]}, "version": {"essentia_build_sha": "2d9f1f26377add8aeb1075a9c2973f962c4f09fd", "essentia_git_sha": "v2.1_beta2-1-ge3940c0", "extractor": "music 1.0", "essentia": "2.1-beta2"}}, "tonal": {"chords_scale": "minor", "hpcp": {"dmean": [0.145452931523, 0.1546792835, 0.130147203803, 0.102229088545, 0.0910831689835, 0.073465526104, 0.0724973380566, 0.0737342089415, 0.0897130817175, 0.0902426019311, 0.0877444297075, 0.0664250180125, 0.0677118971944, 0.0798912197351, 0.108707174659, 0.114457309246, 0.109452538192, 0.083573140204, 0.0565015673637, 0.0524374358356, 0.0666075795889, 0.0841238871217, 0.0837604999542, 0.10725864768, 0.102318264544, 0.060194414109, 0.0472260341048, 0.0503063909709, 0.054437186569, 0.0867923870683, 0.0934023931623, 0.100464493036, 0.0818504542112, 0.079441472888, 0.105879552662, 0.146552696824], "dvar2": [0.127789199352, 0.128159403801, 0.126373872161, 0.103590428829, 0.0853644683957, 0.07689255476, 0.0806004628539, 0.0793223232031, 0.0924246534705, 0.0916708409786, 0.0826675668359, 0.0661221444607, 0.0681546479464, 0.0848432555795, 0.1028797701, 0.0996962040663, 0.095188356936, 0.0883686542511, 0.0730187147856, 0.0601266995072, 0.0616719350219, 0.074424803257, 0.0609370172024, 0.100040644407, 0.0867172777653, 0.0487641096115, 0.036546882242, 0.0413910709321, 0.0491160750389, 0.0709865391254, 0.0956782624125, 0.0876535177231, 0.0840486064553, 0.0861387401819, 0.121803976595, 0.1414065063], "mean": [0.315149307251, 0.219256475568, 0.130791500211, 0.1674734056, 0.124147690833, 0.0619041509926, 0.0637679696083, 0.0622949451208, 0.10167478025, 0.145689561963, 0.102554813027, 0.0583663284779, 0.0642417296767, 0.0729066357017, 0.126936763525, 0.221155539155, 0.178507164121, 0.0695319473743, 0.0396092161536, 0.0381839126348, 0.0704787746072, 0.109483659267, 0.100839518011, 0.120080649853, 0.132165521383, 0.0710239782929, 0.0452613905072, 0.0488097779453, 0.047582089901, 0.133147269487, 0.231039524078, 0.162135511637, 0.0702026411891, 0.0601093433797, 0.0780602991581, 0.20145727694], "var": [0.145032212138, 0.0764545947313, 0.0492487922311, 0.0933799669147, 0.055839702487, 0.0222413577139, 0.0240364652127, 0.0219610091299, 0.0446714274585, 0.0819710567594, 0.0424315296113, 0.0206912327558, 0.0234220605344, 0.0310043804348, 0.0453667379916, 0.10689432174, 0.0847773104906, 0.0242831930518, 0.0170225091279, 0.0146767348051, 0.0226912293583, 0.0404615364969, 0.0299349110574, 0.0486197844148, 0.0523304715753, 0.0216441564262, 0.012989891693, 0.0150158107281, 0.0148707618937, 0.0474609024823, 0.135915651917, 0.0715731829405, 0.0249559190124, 0.0231337174773, 0.0315729826689, 0.0786209478974], "dmean2": [0.249559104443, 0.2675113976, 0.23312407732, 0.183417022228, 0.161699637771, 0.132244840264, 0.128720536828, 0.132228925824, 0.156856879592, 0.158367097378, 0.150941997766, 0.116325818002, 0.118868231773, 0.142312139273, 0.193419009447, 0.199001014233, 0.190999358892, 0.152570515871, 0.105372041464, 0.0965224951506, 0.11606092751, 0.141889154911, 0.145174190402, 0.18963176012, 0.176667362452, 0.103458672762, 0.0809769630432, 0.087199755013, 0.0967453792691, 0.149418920279, 0.162219971418, 0.172721683979, 0.14730271697, 0.14457577467, 0.193569943309, 0.257939904928], "dvar": [0.0530274696648, 0.0472053959966, 0.0455082431436, 0.0399663485587, 0.0318202748895, 0.0280353501439, 0.0295510347933, 0.0283511225134, 0.0348780415952, 0.0375365689397, 0.0319287031889, 0.0249593239278, 0.0254946351051, 0.0318596065044, 0.0374543480575, 0.0387251935899, 0.036329396069, 0.0312099549919, 0.0259062461555, 0.0213856715709, 0.0226233247668, 0.0291391629726, 0.0234352424741, 0.0394197106361, 0.0353054888546, 0.0188577026129, 0.0138145331293, 0.0155348582193, 0.0178389362991, 0.0259257219732, 0.0388652198017, 0.0326724275947, 0.0301898941398, 0.0313241109252, 0.0424805805087, 0.0497644282877], "min": [0, 0, 0, 0, 0, 0, 0, 0, 0, 0, 0, 0, 0, 0, 0, 0, 0, 0, 0, 0, 0, 0, 0, 0, 0, 0, 0, 0, 0, 0, 0, 0, 0, 0, 0, 0], "median": [0.0976050198078, 0.0785208940506, 0.0273244157434, 0.0220925118774, 0.0149666555226, 0.0114457104355, 0.0103576295078, 0.0108234081417, 0.0143068134785, 0.0201311465353, 0.0156472995877, 0.0123117798939, 0.0111060049385, 0.0107595836744, 0.0342995524406, 0.0571092739701, 0.0380634814501, 0.0103041753173, 0.00382120511495, 0.0040736105293, 0.0165061727166, 0.0292241815478, 0.0300972554833, 0.0276536550373, 0.0313942097127, 0.0173440966755, 0.00761822285131, 0.00705029908568, 0.00796872004867, 0.0173416491598, 0.0254202913493, 0.018504973501, 0.0111512113363, 0.00868176668882, 0.00949156936258, 0.0479499474168], "max": [1, 1, 1, 1, 1, 1, 1, 1, 1, 1, 1, 1, 1, 1, 1, 1, 1, 1, 1, 1, 1, 1, 1, 1, 1, 1, 1, 1, 1, 1, 1, 1, 1, 1, 1, 1]}, "tuning_equal_tempered_deviation": 0.0289722252637, "chords_key": "D", "chords_strength": {"dmean": 0.0103574553505, "dvar2": 6.83477483108e-05, "mean": 0.473630398512, "var": 0.00744140613824, "dmean2": 0.00913630332798, "dvar": 7.21632313798e-05, "min": 0.250599145889, "median": 0.478161275387, "max": 0.708888471127}, "tuning_diatonic_strength": 0.548742771149, "thpcp": [1, 0.695722520351, 0.415014386177, 0.531409740448, 0.393932938576, 0.196428015828, 0.202342092991, 0.197668030858, 0.322624146938, 0.462287425995, 0.325416594744, 0.185202151537, 0.203845381737, 0.231339991093, 0.402782946825, 0.701748430729, 0.566420912743, 0.220631763339, 0.125683963299, 0.121161341667, 0.223636135459, 0.347402513027, 0.319973796606, 0.381027817726, 0.419374316931, 0.225366130471, 0.143618881702, 0.154878258705, 0.150982692838, 0.422489494085, 0.733111321926, 0.514472067356, 0.222759947181, 0.190732911229, 0.247693061829, 0.639243900776], "chords_histogram": [28.3121604919, 9.56702136993, 8.81514167786, 6.32616043091, 0.518537700176, 4.64091253281, 0.155561313033, 8.19289588928, 0.0259268861264, 10.1374120712, 0, 0, 0, 0, 0, 0, 4.12237501144, 0, 0, 0, 0.337049514055, 0, 10.344827652, 8.50401878357], "tuning_nontempered_energy_ratio": 0.676405549049, "tuning_frequency": 440.508636475, "key_strength": 0.721703052521, "chords_changes_rate": 0.0710396692157, "key_scale": "minor", "hpcp_entropy": {"dmean": 0.59550601244, "dvar2": 0.696474194527, "mean": 1.84550154209, "var": 0.595736265182, "dmean2": 0.989420890808, "dvar": 0.269243448973, "min": 0, "median": 1.89417564869, "max": 4.02004051208}, "key_key": "D", "chords_number_rate": 0.00259268865921}, "lowlevel": {"melbands_skewness": {"dmean": 0.761969089508, "dvar2": 2.0889275074, "mean": 3.2335858345, "var": 3.35728621483, "dmean2": 1.16209793091, "dvar": 0.838507533073, "min": -1.82486355305, "median": 2.96337008476, "max": 15.4289579391}, "melbands_kurtosis": {"dmean": 9.08265209198, "dvar2": 778.387023926, "mean": 20.4263648987, "var": 824.674133301, "dmean2": 14.3575716019, "dvar": 297.302886963, "min": -1.83285188675, "median": 11.5459251404, "max": 484.562561035}, "barkbands_kurtosis": {"dmean": 4.26117086411, "dvar2": 218.744140625, "mean": 8.76665496826, "var": 302.578186035, "dmean2": 6.80156040192, "dvar": 84.3444366455, "min": -1.89184892178, "median": 3.63134670258, "max": 302.989318848}, "hfc": {"dmean": 7.204164505, "dvar2": 310.739776611, "mean": 23.2506961823, "var": 385.147583008, "dmean2": 9.84627723694, "dvar": 152.891830444, "min": 1.09840029757e-16, "median": 19.0709533691, "max": 233.145217896}, "silence_rate_20dB": {"dmean": 0, "dvar2": 0, "mean": 1, "var": 0, "dmean2": 0, "dvar": 0, "min": 1, "median": 1, "max": 1}, "erbbands_flatness_db": {"dmean": 0.0164091810584, "dvar2": 0.00047178339446, "mean": 0.139615133405, "var": 0.0017677253345, "dmean2": 0.0222334880382, "dvar": 0.000263936497504, "min": 0.0235482174903, "median": 0.13598126173, "max": 0.353641837835}, "spectral_flux": {"dmean": 0.028609348461, "dvar2": 0.00329769938253, "mean": 0.0881635844707, "var": 0.0034985577222, "dmean2": 0.0447167232633, "dvar": 0.00161338353064, "min": 1.0077083612e-10, "median": 0.0760867521167, "max": 0.525833308697}, "spectral_energyband_low": {"dmean": 0.0109159816056, "dvar2": 0.00202656933106, "mean": 0.0233909580857, "var": 0.000623685366008, "dmean2": 0.0185463167727, "dvar": 0.000710054533556, "min": 8.18424698267e-23, "median": 0.0216530784965, "max": 0.337103098631}, "spectral_rolloff": {"dmean": 379.738891602, "dvar2": 2287845.25, "mean": 1003.76062012, "var": 1661247.25, "dmean2": 642.34197998, "dvar": 967822.6875, "min": 86.1328125, "median": 710.595703125, "max": 18820.0195313}, "spectral_entropy": {"dmean": 0.171026289463, "dvar2": 0.0627622157335, "mean": 7.33004617691, "var": 0.287301301956, "dmean2": 0.234305545688, "dvar": 0.0336636938155, "min": 4.94324588776, "median": 7.38010978699, "max": 9.79182720184}, "spectral_energy": {"dmean": 0.0147429984063, "dvar2": 0.0021153211128, "mean": 0.0445656403899, "var": 0.000934259791393, "dmean2": 0.024050027132, "dvar": 0.000764477998018, "min": 1.0154761621e-20, "median": 0.0401539131999, "max": 0.366123646498}, "spectral_centroid": {"dmean": 180.20425415, "dvar2": 110601.726563, "mean": 961.554626465, "var": 302393.78125, "dmean2": 264.40322876, "dvar": 60626.7773438, "min": 124.666183472, "median": 859.635986328, "max": 11397.5976563}, "barkbands_flatness_db": {"dmean": 0.0220298729837, "dvar2": 0.00129595003091, "mean": 0.152344211936, "var": 0.00430199457332, "dmean2": 0.0317841432989, "dvar": 0.000547594681848, "min": 0.0199046675116, "median": 0.142084985971, "max": 0.474219620228}, "spectral_rms": {"dmean": 0.000971046742052, "dvar2": 5.24903907717e-06, "mean": 0.00623436598107, "var": 4.61141689811e-06, "dmean2": 0.00153020489961, "dvar": 2.00686577045e-06, "min": 3.14755209743e-12, "median": 0.00625895755365, "max": 0.0188995711505}, "melbands": {"dmean": [0.00224260985851, 0.00209936033934, 0.000770916813053, 0.000768104335293, 0.000401345168939, 0.000195395477931, 0.000180628296221, 0.00016171723837, 0.000173617780092, 0.000123099351185, 9.34564086492e-05, 0.000121191689686, 5.58841747988e-05, 5.44043796253e-05, 3.57220378646e-05, 3.24530992657e-05, 3.67257453036e-05, 3.08942180709e-05, 2.11394708458e-05, 2.07624034374e-05, 1.23007903312e-05, 9.47479566094e-06, 8.86312773218e-06, 3.18056368087e-06, 2.31199737755e-06, 1.69882196133e-06, 1.59973376412e-06, 1.35934942591e-06, 1.43030661093e-06, 1.39937390031e-06, 1.19499122775e-06, 1.55035309035e-06, 1.3722320773e-06, 2.29381566896e-06, 1.95768393496e-06, 1.75565742211e-06, 1.3419720517e-06, 8.14291752249e-07, 8.08909589978e-07, 5.50437107449e-07], "dvar2": [8.48754498293e-05, 8.47662522574e-05, 4.8797328418e-06, 4.18810805058e-06, 2.04595312425e-06, 5.58852377708e-07, 5.03820729136e-07, 4.60742683117e-07, 6.05073466886e-07, 2.88325622932e-07, 1.24492970599e-07, 1.90688709267e-07, 5.38636193426e-08, 3.39788144288e-08, 1.00022896632e-08, 8.08726952073e-09, 1.31599859898e-08, 6.2151666036e-09, 3.42221406768e-09, 3.68891872604e-09, 1.17081833118e-09, 7.18731407723e-10, 9.0518859075e-10, 8.20012252545e-11, 1.39499092833e-10, 9.46371245258e-11, 6.37357666644e-11, 3.00144874232e-11, 4.03208785804e-11, 6.25760138151e-11, 2.2081763501e-11, 4.36990721386e-11, 6.7894773137e-11, 4.56543497451e-10, 1.09273853854e-10, 3.51171286495e-10, 3.02401936825e-10, 2.65708063191e-11, 6.37039310192e-11, 2.97257045367e-11], "mean": [0.00423528533429, 0.00433204323053, 0.00141020014416, 0.00135853327811, 0.000774540938437, 0.000374260911485, 0.000301203021081, 0.000269660376944, 0.000282676424831, 0.000208372817724, 0.000173680527951, 0.000225153300562, 0.000100348814158, 9.40168320085e-05, 6.87237043167e-05, 6.6613247327e-05, 8.12415528344e-05, 6.4628169639e-05, 4.34682224295e-05, 4.28579769505e-05, 2.71967910521e-05, 1.98268116947e-05, 1.86452634807e-05, 6.52413928037e-06, 4.28985276812e-06, 3.08515859615e-06, 2.95080917567e-06, 2.50638572652e-06, 2.52852191807e-06, 2.48820788329e-06, 2.12349641515e-06, 2.67873929261e-06, 2.41068687501e-06, 3.52510414814e-06, 3.28892247126e-06, 2.73093110081e-06, 1.91204753719e-06, 1.34874665036e-06, 1.15178715987e-06, 8.49611467402e-07], "var": [2.46609615715e-05, 2.78380321106e-05, 2.15023192141e-06, 3.51240487362e-06, 2.23885967898e-06, 5.45974103261e-07, 3.43417951854e-07, 3.47120817423e-07, 5.05193156641e-07, 1.89546170759e-07, 1.26258370869e-07, 2.07156432452e-07, 4.63485854141e-08, 3.5879118343e-08, 1.11188587226e-08, 1.00034478479e-08, 2.24904415091e-08, 9.34408816988e-09, 4.39253033946e-09, 4.31209512541e-09, 1.64189983831e-09, 8.51757275822e-10, 1.07186948206e-09, 8.18703993488e-11, 1.34163707921e-10, 9.45263103902e-11, 5.91159343699e-11, 3.4065465726e-11, 3.86294295163e-11, 6.37191271968e-11, 3.03027360149e-11, 4.63013065388e-11, 5.09934976189e-11, 2.67894401107e-10, 8.29290802695e-11, 2.08514983058e-10, 1.16614662371e-10, 1.18939988067e-11, 2.17813510284e-11, 9.61527125282e-12], "dmean2": [0.00383607437834, 0.00357101531699, 0.00130340177566, 0.00122697732877, 0.000621346116532, 0.000300110143144, 0.000280275358818, 0.000253658276051, 0.000269667652901, 0.000194272695808, 0.000141098382301, 0.000182998977834, 8.58421408338e-05, 8.37537954794e-05, 5.4819691286e-05, 4.98288791277e-05, 5.2806626627e-05, 4.39414870925e-05, 3.14281242026e-05, 3.16414807457e-05, 1.8501188606e-05, 1.47845830725e-05, 1.40792817547e-05, 5.0495045798e-06, 3.60325316251e-06, 2.58206455328e-06, 2.40384906647e-06, 1.99276450985e-06, 2.1211017156e-06, 2.02130581783e-06, 1.70957378032e-06, 2.2614565296e-06, 1.99374881049e-06, 3.28898750013e-06, 2.82997370959e-06, 2.52421000368e-06, 2.01162174562e-06, 1.21099901662e-06, 1.23028542021e-06, 8.4395429667e-07], "dvar": [2.92306922347e-05, 2.95916597679e-05, 1.74158822119e-06, 1.66048175743e-06, 9.09898403734e-07, 2.50158990411e-07, 2.07123619589e-07, 1.95569640482e-07, 2.45155376888e-07, 1.10044318546e-07, 5.41697922074e-08, 8.20588113015e-08, 2.12383142184e-08, 1.46806486967e-08, 4.2056020888e-09, 3.42368955408e-09, 6.55724541332e-09, 3.01542812942e-09, 1.57852286797e-09, 1.69876024358e-09, 5.30896604456e-10, 3.04044817101e-10, 3.65404179137e-10, 3.34818804626e-11, 5.55172088856e-11, 4.26446031265e-11, 2.79332112996e-11, 1.4224519132e-11, 1.73663063097e-11, 2.93758420367e-11, 1.04410828941e-11, 2.15967070616e-11, 2.98229808904e-11, 1.97474384067e-10, 5.13416531511e-11, 1.68759020647e-10, 1.25465651757e-10, 1.11443666795e-11, 2.51006108259e-11, 1.13818988956e-11], "min": [9.83678467691e-24, 1.53710320466e-23, 1.03946584316e-23, 9.15122352951e-24, 1.44577819761e-23, 7.73045506249e-24, 1.07145375844e-23, 4.51120521615e-24, 3.93883101471e-24, 9.90121883565e-24, 7.35899781716e-24, 4.4991577324e-24, 1.29074864928e-23, 1.63891438195e-23, 9.19342758793e-24, 5.95132128572e-24, 6.52495529802e-24, 6.67936890376e-24, 9.4071836497e-24, 7.67217875198e-24, 1.49632098913e-23, 1.2196678641e-23, 1.15461863051e-23, 1.03560184468e-23, 1.145981708e-23, 1.0509133193e-23, 8.7729031943e-24, 1.44252319975e-23, 6.47922660907e-24, 1.34030859899e-23, 9.8215825384e-24, 8.67307915763e-24, 8.49801041238e-24, 1.21831039225e-23, 1.0006687961e-23, 1.26029956497e-23, 8.11763193907e-24, 1.02398618339e-23, 1.30466163129e-23, 1.07519398465e-23], "median": [0.00377941504121, 0.00333710107952, 0.00101037579589, 0.000729495543055, 0.000305652152747, 0.000166561454535, 0.000122907527839, 9.20072125155e-05, 6.92899629939e-05, 6.21682120254e-05, 5.91826101299e-05, 8.33311642054e-05, 3.19335304084e-05, 3.45340049535e-05, 3.24183347402e-05, 3.01512045553e-05, 3.09981951432e-05, 2.6927984436e-05, 1.83119882422e-05, 1.94874501176e-05, 1.42403932841e-05, 1.01222249214e-05, 7.13050121703e-06, 3.64900643035e-06, 1.71205829247e-06, 1.30931368858e-06, 1.16725323096e-06, 7.78949015512e-07, 6.53625534142e-07, 5.79400193601e-07, 4.50462636081e-07, 5.68385360111e-07, 5.61981551073e-07, 5.93971662965e-07, 7.55423798182e-07, 6.78321157466e-07, 6.15921521785e-07, 6.18760964244e-07, 4.53874463346e-07, 3.28239423197e-07], "max": [0.0694717168808, 0.0794856697321, 0.0240765307099, 0.0179310683161, 0.0197122227401, 0.0132576413453, 0.00812396686524, 0.0144152315333, 0.0107211684808, 0.0085782809183, 0.00533680990338, 0.00902788061649, 0.00375763582997, 0.00339932669885, 0.0013851368567, 0.00113448884804, 0.00268080830574, 0.00119329325389, 0.000846991024446, 0.000876633625012, 0.000632126873825, 0.000418560550315, 0.000470791972475, 0.000161682924954, 0.000422011333285, 0.000321139232256, 0.000206580065424, 0.000111187888251, 0.000128881001729, 0.000184445336345, 8.21503272164e-05, 0.000153856060933, 0.000199084344786, 0.000536922772881, 0.000212396902498, 0.000527433294337, 0.000418377923779, 0.00011164409807, 0.000245099363383, 0.000134654081194]}, "barkbands_crest": {"dmean": 2.49863672256, "dvar2": 17.1402416229, "mean": 11.7544460297, "var": 20.3641967773, "dmean2": 4.03660440445, "dvar": 6.19422483444, "min": 2.33126044273, "median": 11.1530809402, "max": 24.6538543701}, "mfcc": {"icov": [[0.000220937843551, 0.000124831421999, 0.000202333569177, 0.000276987557299, 0.000176051980816, -3.14066746796e-05, 0.00011032353359, -5.85480847803e-05, 7.41398253012e-06, -0.000268104980933, -7.93857088865e-06, -0.000140628879308, -3.72146314476e-05], [0.000124831421999, 0.00136015121825, 8.01211572252e-05, 0.000617764599156, -0.000702567864209, 0.000995825859718, -0.000234753853874, -0.000461573567009, 0.000546486931853, -0.000264051283011, -0.00060645211488, -2.77842591458e-05, -0.000416736351326], [0.000202333569177, 8.01211572252e-05, 0.00263935537077, -0.00120125175454, 0.00116858584806, -0.00076550245285, -0.00052542379126, 0.000282390596112, -0.000246090465225, -7.03923142282e-05, -0.000454001565231, -0.000455783272628, -0.000618720194325], [0.000276987557299, 0.000617764599156, -0.00120125175454, 0.00478415051475, -0.000773246050812, -0.00013563829998, 0.000243072659941, -0.000785468437243, 0.000682770856656, -0.000550586206373, 0.000503616291098, -0.000716630078387, -0.000288680515951], [0.000176051980816, -0.000702567864209, 0.00116858584806, -0.000773246050812, 0.00456937775016, -0.00194823404308, 0.000350830348907, 0.000490480742883, -0.00235214387067, 0.000734696572181, -8.30434291856e-05, -0.000928713358007, 0.000120601784147], [-3.14066746796e-05, 0.000995825859718, -0.00076550245285, -0.00013563829998, -0.00194823404308, 0.00760006299242, -0.000616569188423, 0.000139903320814, -0.000654189381748, 0.000145113503095, -0.00135984271765, 0.000798514462076, -0.000989657011814], [0.00011032353359, -0.000234753853874, -0.00052542379126, 0.000243072659941, 0.000350830348907, -0.000616569188423, 0.00695520965382, -0.00124710635282, -0.000379639095627, -0.00158787739929, -0.000596353784204, 0.000431863212725, 3.18980855809e-05], [-5.85480847803e-05, -0.000461573567009, 0.000282390596112, -0.000785468437243, 0.000490480742883, 0.000139903320814, -0.00124710635282, 0.0090392800048, -0.00269786361605, 0.00221539451741, -0.00148779258598, -0.00106325768866, -0.00110162666533], [7.41398253012e-06, 0.000546486931853, -0.000246090465225, 0.000682770856656, -0.00235214387067, -0.000654189381748, -0.000379639095627, -0.00269786361605, 0.0101063959301, -0.00384183111601, 0.00267634354532, -0.00110770668834, -0.00164204125758], [-0.000268104980933, -0.000264051283011, -7.03923142282e-05, -0.000550586206373, 0.000734696572181, 0.000145113503095, -0.00158787739929, 0.00221539451741, -0.00384183111601, 0.013712647371, -0.00459259841591, 0.00100306561217, 0.00057613174431], [-7.93857088865e-06, -0.00060645211488, -0.000454001565231, 0.000503616291098, -8.30434291856e-05, -0.00135984271765, -0.000596353784204, -0.00148779258598, 0.00267634354532, -0.00459259841591, 0.0134119000286, -0.0030934100505, 0.0029934279155], [-0.000140628879308, -2.77842591458e-05, -0.000455783272628, -0.000716630078387, -0.000928713358007, 0.000798514462076, 0.000431863212725, -0.00106325768866, -0.00110770668834, 0.00100306561217, -0.0030934100505, 0.0148963462561, -0.00461847847328], [-3.72146314476e-05, -0.000416736351326, -0.000618720194325, -0.000288680515951, 0.000120601784147, -0.000989657011814, 3.18980855809e-05, -0.00110162666533, -0.00164204125758, 0.00057613174431, 0.0029934279155, -0.00461847847328, 0.013889872469]], "mean": [-639.715698242, 138.160614014, 16.9758052826, 7.26212215424, 22.6952724457, 14.3666362762, -0.565915286541, 10.0114307404, 2.84248280525, 2.91154098511, -2.63103747368, 0.653815627098, -1.74210178852], "cov": [[6370.23535156, -418.508392334, -644.593505859, -519.563354492, -288.413208008, -83.957901001, -122.809524536, -47.0533485413, -28.69622612, 101.558601379, 9.82361316681, -24.0659198761, -59.6522750854], [-418.508392334, 1038.87780762, -128.124588013, -117.995758057, 123.066673279, -113.292366028, 31.6132850647, 45.7123298645, -24.8123340607, 6.2297296524, 51.5751914978, 15.1027507782, 7.01569604874], [-644.593505859, -128.124588013, 607.819274902, 197.313262939, -88.3162994385, 66.1251373291, 58.7675476074, 9.0259103775, 5.10631942749, 8.845495224, 16.577791214, 26.384847641, 37.1012077332], [-519.563354492, -117.995758057, 197.313262939, 317.622314453, 36.0977630615, 49.6640968323, 12.037109375, 21.8011493683, 15.5639457703, -4.44400453568, -7.58372879028, 25.391330719, 27.4863548279], [-288.413208008, 123.066673279, -88.3162994385, 36.0977630615, 359.339111328, 72.5725860596, -5.97618675232, 23.2051010132, 89.8649368286, -6.951151371, -6.08352613449, 30.8717269897, 26.1289329529], [-83.957901001, -113.292366028, 66.1251373291, 49.6640968323, 72.5725860596, 179.696655273, 17.7158985138, 6.40583753586, 39.5580101013, 5.86264610291, 7.19551610947, 8.03611946106, 18.5490207672], [-122.809524536, 31.6132850647, 58.7675476074, 12.037109375, -5.97618675232, 17.7158985138, 165.537902832, 25.7393321991, 17.031414032, 25.203453064, 19.6742286682, 1.82496738434, 3.79764461517], [-47.0533485413, 45.7123298645, 9.0259103775, 21.8011493683, 23.2051010132, 6.40583753586, 25.7393321991, 137.997940063, 41.3936843872, -8.39070796967, 7.65313673019, 24.109954834, 24.8501682281], [-28.69622612, -24.8123340607, 5.10631942749, 15.5639457703, 89.8649368286, 39.5580101013, 17.031414032, 41.3936843872, 156.432739258, 24.8280181885, -16.4698734283, 23.5697460175, 33.8617172241], [101.558601379, 6.2297296524, 8.845495224, -4.44400453568, -6.951151371, 5.86264610291, 25.203453064, -8.39070796967, 24.8280181885, 97.3822784424, 31.3112640381, -1.70989537239, -7.90525245667], [9.82361316681, 51.5751914978, 16.577791214, -7.58372879028, -6.08352613449, 7.19551610947, 19.6742286682, 7.65313673019, -16.4698734283, 31.3112640381, 100.828018188, 11.6192522049, -17.8300476074], [-24.0659198761, 15.1027507782, 26.384847641, 25.391330719, 30.8717269897, 8.03611946106, 1.82496738434, 24.109954834, 23.5697460175, -1.70989537239, 11.6192522049, 86.7946777344, 33.5172576904], [-59.6522750854, 7.01569604874, 37.1012077332, 27.4863548279, 26.1289329529, 18.5490207672, 3.79764461517, 24.8501682281, 33.8617172241, -7.90525245667, -17.8300476074, 33.5172576904, 96.6447143555]]}, "spectral_decrease": {"dmean": 3.80247211496e-09, "dvar2": 1.46431654555e-16, "mean": -1.12491198578e-08, "var": 6.17038157261e-17, "dmean2": 6.24266904836e-09, "dvar": 5.2553401515e-17, "min": -9.52275485133e-08, "median": -1.01585673207e-08, "max": -5.0860951029e-29}, "zerocrossingrate": {"dmean": 0.0110230231658, "dvar2": 0.000270458258456, "mean": 0.0499933026731, "var": 0.00124284077901, "dmean2": 0.012728751637, "dvar": 0.000210424521356, "min": 0.0029296875, "median": 0.0419921875, "max": 0.5029296875}, "spectral_contrast_coeffs": {"dmean": [0.0487251058221, 0.0430789366364, 0.0369841977954, 0.0293775349855, 0.0221309252083, 0.0155635010451], "dvar2": [0.00454392889515, 0.00325558520854, 0.00220601912588, 0.00135678087827, 0.000853613950312, 0.000464235898107], "mean": [-0.645889878273, -0.701495409012, -0.734442949295, -0.73793977499, -0.771541774273, -0.800931870937], "var": [0.00685879867524, 0.00541485799477, 0.0043257586658, 0.00427045300603, 0.00212435633875, 0.00134545518085], "dmean2": [0.0806066840887, 0.0691362321377, 0.0586026795208, 0.0459555312991, 0.0351961627603, 0.0240588728338], "dvar": [0.00171582202893, 0.00131426507141, 0.000884786364622, 0.000594125303905, 0.000357019802323, 0.000229407683946], "min": [-0.97170740366, -0.974577605724, -0.977944612503, -0.979844510555, -0.983735024929, -0.960121333599], "median": [-0.658037781715, -0.706341028214, -0.734757781029, -0.741366386414, -0.77415895462, -0.805178761482], "max": [-0.315415412188, -0.365456163883, -0.513934373856, -0.496370404959, -0.56465703249, -0.632219731808]}, "spectral_skewness": {"dmean": 0.215712592006, "dvar2": 0.103362709284, "mean": 2.10942649841, "var": 0.419326156378, "dmean2": 0.317365735769, "dvar": 0.0518774911761, "min": -0.0322226174176, "median": 2.12563514709, "max": 5.79397106171}, "spectral_energyband_middle_high": {"dmean": 0.00191478710622, "dvar2": 1.89252132259e-05, "mean": 0.00629029516131, "var": 4.37990020146e-05, "dmean2": 0.00271369004622, "dvar": 8.85171357368e-06, "min": 1.52189004735e-21, "median": 0.00439848564565, "max": 0.0731605440378}, "gfcc": {"icov": [[0.000177486304892, 0.000129838546854, 0.000210761936614, 0.000115316288429, 0.000134841233375, -0.000184834440006, 5.46488154214e-05, -0.00021801974799, 2.32024831348e-05, -0.000167310834513, 0.000118338321045, -9.18704390642e-05, 0.000240405686782], [0.000129838546854, 0.00163469545078, 0.000203887029784, 0.000378922617529, -0.000205566670047, -2.03543913813e-05, 3.29910726578e-05, -0.000380745099392, -0.000954929622822, 0.00131857767701, -0.0023326498922, 0.000995878712274, -0.000634648138657], [0.000210761936614, 0.000203887029784, 0.00201002694666, -0.000412212917581, -0.000343766005244, 0.000303549255477, -0.0013331460068, 0.000386135419831, -6.78119831719e-05, -0.000918314501178, 8.70569201652e-05, -0.000542540743481, 0.000270407443168], [0.000115316288429, 0.000378922617529, -0.000412212917581, 0.00316875288263, 0.000383881037124, -0.000776794797275, -0.000169603401446, 0.000299145380268, -0.000954120128881, -0.00017191459483, -0.000446307938546, -0.000181408438948, -0.00115253310651], [0.000134841233375, -0.000205566670047, -0.000343766005244, 0.000383881037124, 0.00332267116755, -0.00132479448803, 0.000940313388128, -0.000400729855755, -0.0010723216692, 0.000408958352637, 0.000465521326987, -0.0005774484016, -0.000516237923875], [-0.000184834440006, -2.03543913813e-05, 0.000303549255477, -0.000776794797275, -0.00132479448803, 0.00675228517503, -0.00118209421635, -0.00137708836701, 0.000135781097924, -0.00224311370403, 0.000999052543193, -1.25558817672e-05, -0.00103278073948], [5.46488154214e-05, 3.29910726578e-05, -0.0013331460068, -0.000169603401446, 0.000940313388128, -0.00118209421635, 0.00775519059971, -0.00268733408302, 0.000491566199344, 0.000604179454967, -0.00126185046975, 0.000266105984338, 0.00116977619473], [-0.00021801974799, -0.000380745099392, 0.000386135419831, 0.000299145380268, -0.000400729855755, -0.00137708836701, -0.00268733408302, 0.010145441629, -0.00265326886438, 0.000658913166262, -0.000511130492669, 5.07895201736e-05, -0.00181780080311], [2.32024831348e-05, -0.000954929622822, -6.78119831719e-05, -0.000954120128881, -0.0010723216692, 0.000135781097924, 0.000491566199344, -0.00265326886438, 0.0112135550007, -0.00310749397613, 0.00144464534242, -0.0019634142518, -9.69577376964e-05], [-0.000167310834513, 0.00131857767701, -0.000918314501178, -0.00017191459483, 0.000408958352637, -0.00224311370403, 0.000604179454967, 0.000658913166262, -0.00310749397613, 0.0143987415358, -0.00367593020201, 0.00263147219084, -2.40271820076e-05], [0.000118338321045, -0.0023326498922, 8.70569201652e-05, -0.000446307938546, 0.000465521326987, 0.000999052543193, -0.00126185046975, -0.000511130492669, 0.00144464534242, -0.00367593020201, 0.0148254800588, -0.00175640359521, 0.000850567594171], [-9.18704390642e-05, 0.000995878712274, -0.000542540743481, -0.000181408438948, -0.0005774484016, -1.25558817672e-05, 0.000266105984338, 5.07895201736e-05, -0.0019634142518, 0.00263147219084, -0.00175640359521, 0.0120001062751, -0.000432690256275], [0.000240405686782, -0.000634648138657, 0.000270407443168, -0.00115253310651, -0.000516237923875, -0.00103278073948, 0.00116977619473, -0.00181780080311, -9.69577376964e-05, -2.40271820076e-05, 0.000850567594171, -0.000432690256275, 0.0135084819049]], "mean": [15.8656988144, 96.92918396, -85.6549224854, 19.2095508575, -40.7759399414, 28.2174434662, -40.5405082703, 9.82066440582, -18.8194770813, 0.770149946213, -18.2297763824, 5.02171325684, -11.2492084503], "cov": [[9083.09960938, -1022.28161621, -1066.24926758, -385.834442139, -407.251037598, 201.964904785, -140.882629395, 106.905258179, -102.561378479, 94.5990447998, -202.75630188, 9.84935951233, -182.274658203], [-1022.28161621, 1112.48291016, -55.7560462952, -68.7202301025, 120.024505615, -24.8125801086, 14.6963758469, 72.3890686035, 73.4369430542, -66.3572311401, 150.046142578, -47.6735305786, 66.3048858643], [-1066.24926758, -55.7560462952, 775.430175781, 162.686431885, 70.2305145264, -1.82327449322, 126.205917358, -17.1888408661, 28.1579246521, 42.3853569031, 19.5834178925, 32.9607620239, 4.11694478989], [-385.834442139, -68.7202301025, 162.686431885, 401.215545654, 9.40559959412, 51.1784820557, 37.758644104, 3.89862442017, 40.606552124, 30.0987548828, 6.5471496582, 18.1455764771, 36.6539001465], [-407.251037598, 120.024505615, 70.2305145264, 9.40559959412, 402.88885498, 74.6860580444, -21.2366600037, 37.2024269104, 63.4772529602, -2.74362254143, -2.83625149727, 22.0889835358, 41.5721435547], [201.964904785, -24.8125801086, -1.82327449322, 51.1784820557, 74.6860580444, 205.316421509, 28.8539810181, 49.3112831116, 28.6343288422, 34.2008399963, -11.2117424011, 3.6455104351, 23.4206142426], [-140.882629395, 14.6963758469, 126.205917358, 37.758644104, -21.2366600037, 28.8539810181, 177.433227539, 42.5289306641, 4.90197658539, 7.44854021072, 20.920042038, 0.901099264622, -5.59456253052], [106.905258179, 72.3890686035, -17.1888408661, 3.89862442017, 37.2024269104, 49.3112831116, 42.5289306641, 138.30619812, 40.1141052246, 2.9729578495, 10.5314292908, 2.65254211426, 22.0106086731], [-102.561378479, 73.4369430542, 28.1579246521, 40.606552124, 63.4772529602, 28.6343288422, 4.90197658539, 40.1141052246, 121.889976501, 19.8973426819, 5.03796434402, 14.8096666336, 18.8323116302], [94.5990447998, -66.3572311401, 42.3853569031, 30.0987548828, -2.74362254143, 34.2008399963, 7.44854021072, 2.9729578495, 19.8973426819, 92.3900909424, 8.12841796875, -7.53177642822, -1.26246905327], [-202.75630188, 150.046142578, 19.5834178925, 6.5471496582, -2.83625149727, -11.2117424011, 20.920042038, 10.5314292908, 5.03796434402, 8.12841796875, 97.0416946411, -0.308977454901, 3.39482712746], [9.84935951233, -47.6735305786, 32.9607620239, 18.1455764771, 22.0889835358, 3.6455104351, 0.901099264622, 2.65254211426, 14.8096666336, -7.53177642822, -0.308977454901, 94.3023986816, 3.0080473423], [-182.274658203, 66.3048858643, 4.11694478989, 36.6539001465, 41.5721435547, 23.4206142426, -5.59456253052, 22.0106086731, 18.8323116302, -1.26246905327, 3.39482712746, 3.0080473423, 90.2726211548]]}, "erbbands_spread": {"dmean": 7.70137548447, "dvar2": 192.078216553, "mean": 37.2656517029, "var": 376.515869141, "dmean2": 11.2166242599, "dvar": 90.943862915, "min": 2.94798994064, "median": 32.9452972412, "max": 151.985855103}, "erbbands_kurtosis": {"dmean": 0.92049664259, "dvar2": 3.69918417931, "mean": 1.21553945541, "var": 8.78314113617, "dmean2": 1.41663348675, "dvar": 1.64964056015, "min": -1.74363994598, "median": 0.498317182064, "max": 36.2568778992}, "dynamic_complexity": 2.88418865204, "erbbands_crest": {"dmean": 2.27031874657, "dvar2": 11.9278182983, "mean": 8.84667778015, "var": 13.9307994843, "dmean2": 3.63945007324, "dvar": 4.80103111267, "min": 2.00316810608, "median": 7.97875595093, "max": 30.8172893524}, "erbbands": {"dmean": [0.22742909193, 2.03380250931, 3.40823721886, 3.92248988152, 8.53977775574, 11.9260530472, 10.7783241272, 8.84205436707, 11.5342588425, 13.4168281555, 23.0589084625, 19.2002983093, 18.142364502, 28.3232307434, 14.6037054062, 17.9748306274, 15.5280628204, 17.6631698608, 18.3168735504, 14.466835022, 10.6081552505, 8.4625120163, 5.10109233856, 2.69905734062, 2.09500050545, 1.94259142876, 2.08484077454, 1.99431610107, 2.37688827515, 3.66700482368, 3.36220836639, 2.05988335609, 1.14603376389, 0.750106811523, 0.543783664703, 0.339608967304, 0.18892210722, 0.0456950031221, 0.0085473973304, 0.000246045849053], "dvar2": [0.766962766647, 79.9762191772, 222.351867676, 134.275421143, 598.023376465, 1312.39013672, 1656.75842285, 1309.40734863, 2003.88378906, 3633.96630859, 10594.2617188, 6504.78955078, 4523.55224609, 10080.2197266, 3091.71533203, 3081.00024414, 1925.53259277, 2798.00708008, 2228.04223633, 2105.02636719, 826.112792969, 565.882873535, 191.720916748, 153.73147583, 92.6551742554, 50.9212150574, 70.3613586426, 58.4150390625, 92.9558410645, 1222.87756348, 523.845031738, 338.105804443, 59.9528579712, 51.2435035706, 41.106010437, 3.46630311012, 1.09708404541, 0.0404039397836, 0.00258628069423, 2.22338371714e-06], "mean": [0.445628374815, 3.57010483742, 7.69896507263, 6.98176622391, 13.8155612946, 21.6021118164, 20.5839920044, 16.9379692078, 19.6229991913, 22.1808166504, 38.2262954712, 33.2235069275, 35.0057945251, 53.9791526794, 28.9687309265, 33.2020454407, 32.1899375916, 41.7637481689, 41.1636352539, 30.7425632477, 25.4480762482, 19.1407737732, 11.9199924469, 5.67527675629, 4.25198364258, 3.90430164337, 4.01164674759, 3.82987642288, 4.47920560837, 5.96047925949, 5.72357416153, 3.28556776047, 1.88845050335, 1.13540911674, 0.73965126276, 0.472886502743, 0.205952361226, 0.043197132647, 0.00670155650005, 0.000237772503169], "var": [0.254768073559, 21.7469615936, 97.253074646, 56.883769989, 334.499664307, 1130.93762207, 1890.56237793, 1266.6986084, 1467.88500977, 2550.046875, 9088.38085938, 4219.40673828, 4650.16748047, 10950.1611328, 3272.2644043, 3131.0637207, 2582.18920898, 4911.23583984, 3841.26293945, 2536.10180664, 1261.52880859, 731.16027832, 250.245254517, 163.193634033, 126.241798401, 70.7113342285, 92.5884475708, 95.2445602417, 116.453804016, 718.883972168, 360.433441162, 151.248916626, 25.007522583, 16.2271938324, 10.9564275742, 1.87972390652, 0.445803403854, 0.0164202749729, 0.000801984453574, 7.00558416611e-07], "dmean2": [0.390258818865, 3.48194503784, 5.79698181152, 6.71171283722, 14.054309845, 18.8424015045, 16.5597705841, 13.5896015167, 17.9250183105, 21.0798149109, 35.7360191345, 30.370223999, 27.3113136292, 42.8403739929, 22.2822608948, 27.5677337646, 23.8324012756, 25.4429473877, 25.9428920746, 21.5883960724, 15.8462953568, 13.2171993256, 7.97527313232, 4.15178585052, 3.07271957397, 2.79547524452, 2.9700088501, 2.75184202194, 3.37144589424, 5.18289470673, 4.79333639145, 2.98329639435, 1.6840865612, 1.13894867897, 0.835860848427, 0.498851716518, 0.286727309227, 0.0711734518409, 0.0142663698643, 0.000402991747251], "dvar": [0.268162608147, 27.2947273254, 78.8543319702, 47.5153388977, 223.944610596, 526.545227051, 761.157714844, 587.434326172, 843.485839844, 1560.30822754, 4330.62744141, 2458.03417969, 1962.06408691, 4327.67822266, 1275.03393555, 1283.16259766, 853.394042969, 1375.95410156, 1091.6594238