{"tonal": {"hpcp": {"dvar": [0.0466958917677, 0.0349450372159, 0.032151080668, 0.0304925683886, 0.0211341101676, 0.0259806737304, 0.0472081638873, 0.0252483207732, 0.0184789970517, 0.019984440878, 0.00973231252283, 0.016766468063, 0.0304094329476, 0.0134916398674, 0.00943703297526, 0.00697800563648, 0.0075844861567, 0.0126717761159, 0.0233956947923, 0.0220609046519, 0.0286890175194, 0.0485262162983, 0.0364572666585, 0.0221004877239, 0.0153566971421, 0.013837242499, 0.0204025637358, 0.031333360821, 0.0278111677617, 0.0201551355422, 0.0161906592548, 0.0176047720015, 0.0265657678246, 0.0426497831941, 0.05969883129, 0.0595967061818], "var": [0.0730650946498, 0.0406430922449, 0.0304545443505, 0.0339362993836, 0.0246940348297, 0.0561770237982, 0.110176838934, 0.0567304454744, 0.0293077714741, 0.0342951864004, 0.0117884296924, 0.0287836100906, 0.0553968399763, 0.0228022783995, 0.0122160641477, 0.00784113258123, 0.00710938079283, 0.0190031547099, 0.0412195175886, 0.0283185094595, 0.0556807741523, 0.13461124897, 0.0869154557586, 0.0225952863693, 0.0123178884387, 0.0114558553323, 0.0251359101385, 0.060502037406, 0.0459485575557, 0.0183400176466, 0.0150085138157, 0.0167914889753, 0.0461450070143, 0.0954771190882, 0.0868634358048, 0.0722298696637], "median": [0.0949726775289, 0.0596322491765, 0.0482910498977, 0.0520748049021, 0.062497895211, 0.278160989285, 0.465991944075, 0.25641015172, 0.0826744586229, 0.0622217990458, 0.0537672042847, 0.10458612442, 0.14151699841, 0.104166351259, 0.0586014725268, 0.0367606841028, 0.0226476881653, 0.0744539052248, 0.107785195112, 0.074493907392, 0.199291571975, 0.372735857964, 0.229383677244, 0.0551700145006, 0.021689388901, 0.0185848549008, 0.0787422582507, 0.123947478831, 0.0729910060763, 0.027227923274, 0.0202143937349, 0.0341916382313, 0.159103363752, 0.2398609519, 0.153343826532, 0.119098477066], "max": [1, 1, 1, 1, 1, 1, 1, 1, 1, 1, 1, 1, 1, 1, 1, 1, 1, 1, 1, 1, 1, 1, 1, 1, 1, 1, 1, 1, 1, 1, 1, 1, 1, 1, 1, 1], "dmean": [0.154237642884, 0.119995482266, 0.111175708473, 0.111799150705, 0.0985138118267, 0.165601462126, 0.222863256931, 0.157896101475, 0.0982364863157, 0.0894494429231, 0.0617910921574, 0.102644659579, 0.141222566366, 0.0928822979331, 0.0667189061642, 0.0475425869226, 0.0382705740631, 0.0793338790536, 0.113984629512, 0.103569686413, 0.149973765016, 0.192654207349, 0.173027381301, 0.0994301363826, 0.0630827173591, 0.052328761667, 0.0973530635238, 0.134379088879, 0.10992321372, 0.0743146464229, 0.0615526102483, 0.0696963816881, 0.13972774148, 0.185544073582, 0.197150155902, 0.191090345383], "dmean2": [0.267529845238, 0.209590449929, 0.197088912129, 0.196243405342, 0.169962599874, 0.277346968651, 0.377074539661, 0.264270693064, 0.167310923338, 0.151302859187, 0.106802478433, 0.170935079455, 0.232124760747, 0.154067099094, 0.113312013447, 0.0805030241609, 0.0664002671838, 0.132875010371, 0.192608758807, 0.177297115326, 0.253733098507, 0.325085103512, 0.290494114161, 0.176050916314, 0.113492034376, 0.0934803336859, 0.167272418737, 0.227344617248, 0.190279975533, 0.132234126329, 0.10965833813, 0.12289622426, 0.23499904573, 0.315902978182, 0.345468044281, 0.336528718472], "mean": [0.214320212603, 0.139491066337, 0.114644899964, 0.12509213388, 0.119411595166, 0.329512059689, 0.527656197548, 0.316705882549, 0.143805980682, 0.132617488503, 0.08691175282, 0.162879899144, 0.224787384272, 0.152605473995, 0.0962305963039, 0.0649975985289, 0.0452050864697, 0.120074599981, 0.178442791104, 0.136342614889, 0.267702490091, 0.475582659245, 0.331921964884, 0.109478265047, 0.0582257695496, 0.0501037724316, 0.133605569601, 0.218501329422, 0.155950844288, 0.0747860893607, 0.0593040958047, 0.0751368030906, 0.228930100799, 0.351256966591, 0.281517267227, 0.233411416411], "dvar2": [0.120150744915, 0.0927275344729, 0.0873363688588, 0.0822899490595, 0.057049382478, 0.0698791742325, 0.115834601223, 0.0658778473735, 0.0471589975059, 0.0499190837145, 0.026375412941, 0.0418762639165, 0.0746387243271, 0.0348314717412, 0.0254528131336, 0.0187254473567, 0.0198132656515, 0.0329813174903, 0.0596603564918, 0.060427788645, 0.0779777988791, 0.115471914411, 0.0960068628192, 0.0621179528534, 0.0433440469205, 0.0389933586121, 0.0559936128557, 0.0780397206545, 0.0756014212966, 0.0570002608001, 0.0436226502061, 0.0482967495918, 0.0710489302874, 0.108491018414, 0.157622784376, 0.160963848233], "min": [0, 0, 0, 0, 0, 0, 0, 0, 0, 0, 0, 0, 0, 0, 0, 0, 0, 0, 0, 0, 0, 0, 0, 0, 0, 0, 0, 0, 0, 0, 0, 0, 0, 0, 0, 0]}, "key_key": "E", "thpcp": [1, 0.600212574005, 0.272537261248, 0.251333147287, 0.164712846279, 0.308685660362, 0.42601108551, 0.289213836193, 0.182373672724, 0.123181723058, 0.0856714770198, 0.227562189102, 0.338180035353, 0.258392900229, 0.507342636585, 0.901311635971, 0.629049658775, 0.207480296493, 0.110347934067, 0.0949553400278, 0.25320571661, 0.414097905159, 0.295553892851, 0.141732603312, 0.112391546369, 0.142397269607, 0.433862239122, 0.665692865849, 0.533524036407, 0.442355126143, 0.406173974276, 0.264359772205, 0.217271968722, 0.237071290612, 0.226305678487, 0.624482512474], "chords_key": "E", "tuning_equal_tempered_deviation": 0.0219239834696, "tuning_frequency": 441.272583008, "tuning_diatonic_strength": 0.690029799938, "chords_histogram": [84.5863952637, 3.56133413315, 3.05257201195, 0.0376860760152, 0.131901264191, 0, 0, 0, 0, 0, 0, 0, 0, 0, 0, 0.810250639915, 0, 2.0162050724, 0, 0.0376860760152, 0, 3.33521771431, 1.88430380821, 0.546448111534], "key_strength": 0.877037703991, "key_scale": "major", "chords_strength": {"dvar": 0.000390371948015, "var": 0.0132898734882, "median": 0.560220897198, "max": 0.794684529305, "dmean": 0.00731947366148, "dmean2": 0.0071916738525, "mean": 0.550208210945, "dvar2": 0.000743969983887, "min": -1}, "chords_number_rate": 0.00113058229908, "tuning_nontempered_energy_ratio": 0.636138439178, "hpcp_entropy": {"dvar": 0.267407953739, "var": 0.577430605888, "median": 2.08411693573, "max": 3.93828606606, "dmean": 0.617030382156, "dmean2": 1.021438241, "mean": 1.98999905586, "dvar2": 0.725213468075, "min": 0}, "chords_changes_rate": 0.0243075191975, "chords_scale": "major"}, "rhythm": {"bpm_histogram_first_peak_spread": {"dvar": 0, "var": 0, "median": 0.291750490665, "max": 0.291750490665, "dmean": 0, "dmean2": 0, "mean": 0.291750490665, "dvar2": 0, "min": 0.291750490665}, "bpm_histogram_first_peak_weight": {"dvar": 0, "var": 0, "median": 0.567741930485, "max": 0.567741930485, "dmean": 0, "dmean2": 0, "mean": 0.567741930485, "dvar2": 0, "min": 0.567741930485}, "bpm_histogram_first_peak_bpm": {"dvar": 0, "var": 0, "median": 152, "max": 152, "dmean": 0, "dmean2": 0, "mean": 152, "dvar2": 0, "min": 152}, "bpm": 151.699401855, "bpm_histogram_second_peak_weight": {"dvar": 0, "var": 0, "median": 0.158064514399, "max": 0.158064514399, "dmean": 0, "dmean2": 0, "mean": 0.158064514399, "dvar2": 0, "min": 0.158064514399}, "beats_loudness": {"dvar": 0.00012710854935, "var": 0.000281300133793, "median": 0.0338786058128, "max": 0.113046444952, "dmean": 0.0110638653859, "dmean2": 0.0192049387842, "mean": 0.0356878526509, "dvar2": 0.000352433242369, "min": 0}, "beats_loudness_band_ratio": {"dvar": [0.0137105062604, 0.00509793497622, 0.00798398070037, 0.00872550811619, 0.00505575351417, 0.000334232056048], "var": [0.028846276924, 0.00770382490009, 0.0125409243628, 0.0123645951971, 0.0149831958115, 0.000370545691112], "median": [0.41178098321, 0.107751920819, 0.0913280695677, 0.111683607101, 0.172435387969, 0.0255528911948], "max": [0.964119255543, 0.555544495583, 0.635804891586, 0.723495960236, 0.884053587914, 0.152030557394], "dmean": [0.125214546919, 0.0754317045212, 0.0847348049283, 0.0799089223146, 0.0795491337776, 0.0150565011427], "dmean2": [0.218755945563, 0.133353695273, 0.145258963108, 0.136234730482, 0.136982008815, 0.0275977179408], "mean": [0.391440272331, 0.128296539187, 0.131991460919, 0.147195622325, 0.200312063098, 0.0290667992085], "dvar2": [0.0384629257023, 0.0150812929496, 0.0214367844164, 0.0233160182834, 0.0128635531291, 0.000962190853897], "min": [0, 0, 0, 0, 0, 0]}, "bpm_histogram_second_peak_bpm": {"dvar": 0, "var": 0, "median": 157, "max": 157, "dmean": 0, "dmean2": 0, "mean": 157, "dvar2": 0, "min": 157}, "onset_rate": 3.7419052124, "beats_count": 621, "beats_position": [0.394739210606, 0.801088392735, 1.20743763447, 1.6137868166, 2.02013611794, 2.41487526894, 2.80961441994, 3.20435357094, 3.62231278419, 4.04027223587, 4.45823097229, 4.87619018555, 5.28253936768, 5.6888885498, 6.08362817764, 6.47836732864, 6.87310647964, 7.26784563065, 7.6858048439, 8.09215450287, 8.498503685, 8.90485286713, 9.287981987, 9.682721138, 10.077460289, 10.4954195023, 10.9133787155, 11.3081178665, 11.7028570175, 12.0859861374, 12.4575052261, 12.8290243149, 13.2121543884, 13.6068935394, 14.0016326904, 14.3963718414, 14.7911109924, 15.1858501434, 15.5805892944, 15.9753284454, 16.3700675964, 16.7648067474, 17.1595458984, 17.5542850494, 17.9490242004, 18.3437633514, 18.7385025024, 19.1216316223, 19.5047607422, 19.8994998932, 20.2942390442, 20.6889801025, 21.0837192535, 21.4784584045, 21.8731975555, 22.2679367065, 22.6626758575, 23.0574150085, 23.4521541595, 23.8468933105, 24.2416324615, 24.6363716125, 25.0195007324, 25.4026298523, 25.7973690033, 26.1921081543, 26.5868473053, 26.9815864563, 27.3763256073, 27.7710647583, 28.1658039093, 28.5605430603, 28.9552822113, 29.3616313934, 29.7679805756, 30.1627197266, 30.5574588776, 30.9521980286, 31.3469390869, 31.7300682068, 32.1131973267, 32.5079345703, 32.9142837524, 33.3090248108, 33.6921539307, 34.0985031128, 34.4932403564, 34.8879814148, 35.2827186584, 35.6890678406, 36.0838088989, 36.4785499573, 36.8732872009, 37.2564163208, 37.6395454407, 38.0110664368, 38.3941955566, 38.7889328003, 39.1836738586, 39.5784111023, 39.9615402222, 40.3562812805, 40.7510185242, 41.1457595825, 41.5404968262, 41.9352378845, 42.3299751282, 42.7247161865, 43.1194534302, 43.5141944885, 43.8973236084, 44.2804527283, 44.6751937866, 45.0699310303, 45.4646720886, 45.8594093323, 46.2541503906, 46.6488876343, 47.0436286926, 47.4383659363, 47.8331069946, 48.2278442383, 48.6225852966, 49.0173225403, 49.4120635986, 49.8068008423, 50.2015419006, 50.5846710205, 50.9678001404, 51.362537384, 51.7572784424, 52.1636276245, 52.5699768066, 52.9763259888, 53.3826751709, 53.789024353, 54.1953735352, 54.6133308411, 55.0196800232, 55.4260292053, 55.8323783875, 56.2271194458, 56.6102485657, 56.9933776855, 57.3997268677, 57.794467926, 58.2008171082, 58.6071662903, 59.0019035339, 59.4082527161, 59.8029937744, 60.2093429565, 60.6040802002, 61.0104293823, 61.4167785645, 61.8115196228, 62.2062568665, 62.6009979248, 63.0073471069, 63.4136962891, 63.8084335327, 64.2031707764, 64.6095199585, 65.0158691406, 65.4106140137, 65.8169631958, 66.2233123779, 66.6296615601, 67.0243988037, 67.4307479858, 67.837097168, 68.2434463501, 68.6381835938, 69.0445327759, 69.450881958, 69.8456192017, 70.2403640747, 70.6351013184, 71.0414505005, 71.4477996826, 71.8425369263, 72.2488861084, 72.6552352905, 73.0615844727, 73.4563217163, 73.8626708984, 74.2690200806, 74.6753692627, 75.0701141357, 75.4648513794, 75.8712005615, 76.2775497437, 76.6722869873, 77.0670318604, 77.461769104, 77.8565063477, 78.2628555298, 78.6692047119, 79.0639419556, 79.4702911377, 79.8766403198, 80.2713851929, 80.6661224365, 81.0724716187, 81.4672088623, 81.8735580444, 82.2682952881, 82.6630401611, 83.0577774048, 83.4525146484, 83.8472518921, 84.2419967651, 84.6367340088, 85.0430831909, 85.449432373, 85.8441696167, 86.2389068604, 86.6452560425, 87.0516052246, 87.4463500977, 87.8410873413, 88.235824585, 88.6189575195, 89.0020828247, 89.3968200684, 89.7915649414, 90.1863021851, 90.5810394287, 90.9757843018, 91.3705215454, 91.7768707275, 92.1716079712, 92.5547409058, 92.9494781494, 93.3442153931, 93.7389526367, 94.1336975098, 94.5284347534, 94.9231719971, 95.3063049316, 95.6894302368, 96.0841674805, 96.4789123535, 96.8852615356, 97.2916107178, 97.6863479614, 98.0810852051, 98.4758224487, 98.8705673218, 99.2769165039, 99.6716537476, 100.066390991, 100.472740173, 100.867477417, 101.26222229, 101.656959534, 102.02848053, 102.423217773, 102.817955017, 103.224304199, 103.619049072, 104.013786316, 104.396911621, 104.791656494, 105.186393738, 105.59274292, 105.999092102, 106.393829346, 106.800178528, 107.194915771, 107.589660645, 107.97278595, 108.344306946, 108.739044189, 109.133781433, 109.528526306, 109.92326355, 110.318000793, 110.712738037, 111.10748291, 111.502220154, 111.908569336, 112.314918518, 112.709655762, 113.104400635, 113.499137878, 113.893875122, 114.288612366, 114.683357239, 115.078094482, 115.472831726, 115.86756897, 116.262313843, 116.668663025, 117.075012207, 117.469749451, 117.864486694, 118.259223938, 118.653968811, 119.048706055, 119.443443298, 119.838180542, 120.232925415, 120.627662659, 121.010787964, 121.405532837, 121.800270081, 122.206619263, 122.612968445, 123.019317627, 123.425666809, 123.832015991, 124.238365173, 124.644714355, 125.051063538, 125.45741272, 125.852149963, 126.246894836, 126.64163208, 127.036369324, 127.431106567, 127.82585144, 128.220581055, 128.626937866, 129.010070801, 129.428024292, 129.834381104, 130.240722656, 130.635467529, 131.041809082, 131.448165894, 131.854507446, 132.260864258, 132.667205811, 133.073562622, 133.479904175, 133.874649048, 134.280990601, 134.675735474, 135.082077026, 135.488433838, 135.894775391, 136.301132202, 136.707473755, 137.102218628, 137.508575439, 137.914916992, 138.321273804, 138.716003418, 139.110748291, 139.505477905, 139.900222778, 140.30657959, 140.712921143, 141.107666016, 141.514007568, 141.92036438, 142.315093994, 142.709838867, 143.10458374, 143.510925293, 143.917282104, 144.323623657, 144.729980469, 145.124710083, 145.519454956, 145.925796509, 146.33215332, 146.726898193, 147.121627808, 147.527984619, 147.934326172, 148.329071045, 148.735412598, 149.141769409, 149.5597229, 149.954467773, 150.349197388, 150.755554199, 151.161895752, 151.556640625, 151.962997437, 152.357727051, 152.764083862, 153.147201538, 153.541946411, 153.948303223, 154.343032837, 154.73777771, 155.132507324, 155.527252197, 155.92199707, 156.316726685, 156.711471558, 157.106216431, 157.500946045, 157.895690918, 158.278823853, 158.661941528, 159.056686401, 159.439819336, 159.822952271, 160.217681885, 160.612426758, 161.007156372, 161.401901245, 161.796646118, 162.179763794, 162.562896729, 162.957641602, 163.352371216, 163.747116089, 164.141860962, 164.548202515, 164.942947388, 165.326080322, 165.709197998, 166.092330933, 166.487075806, 166.88180542, 167.276550293, 167.671295166, 168.054412842, 168.437545776, 168.820678711, 169.203811646, 169.59854126, 169.993286133, 170.376419067, 170.759536743, 171.154281616, 171.537414551, 171.920547485, 172.3152771, 172.710021973, 173.104751587, 173.511108398, 173.905853271, 174.288970947, 174.68371582, 175.090057373, 175.496414185, 175.891159058, 176.274276733, 176.669021606, 177.075378418, 177.470108032, 177.864852905, 178.25958252, 178.654327393, 179.049072266, 179.455413818, 179.850158691, 180.256500244, 180.651245117, 181.05758667, 181.452331543, 181.858688354, 182.265029907, 182.671386719, 183.066116333, 183.472473145, 183.867202759, 184.261947632, 184.656692505, 185.063034058, 185.457778931, 185.852508545, 186.247253418, 186.641998291, 187.036727905, 187.431472778, 187.826202393, 188.232559204, 188.638900757, 189.03364563, 189.428390503, 189.834732056, 190.229476929, 190.624221802, 191.018951416, 191.425308228, 191.820037842, 192.214782715, 192.609527588, 193.004257202, 193.399002075, 193.805343628, 194.200088501, 194.606430054, 195.001174927, 195.3959198, 195.779037476, 196.173782349, 196.556915283, 196.951644897, 197.334777832, 197.717910767, 198.11265564, 198.507385254, 198.902130127, 199.320083618, 199.714828491, 200.109558105, 200.504302979, 200.899047852, 201.305389404, 201.711746216, 202.10647583, 202.501220703, 202.895965576, 203.279083252, 203.662216187, 204.05696106, 204.451690674, 204.846435547, 205.229568481, 205.635910034, 206.030654907, 206.42539978, 206.820129395, 207.203262329, 207.586395264, 207.981124878, 208.375869751, 208.770614624, 209.165344238, 209.548477173, 209.931610107, 210.326339722, 210.721084595, 211.115829468, 211.510559082, 211.905303955, 212.300048828, 212.694778442, 213.077911377, 213.47265625, 213.855773926, 214.250518799, 214.645263672, 215.039993286, 215.434738159, 215.817871094, 216.20098877, 216.595733643, 216.990478516, 217.373596191, 217.756729126, 218.151473999, 218.546203613, 218.940948486, 219.335693359, 219.730422974, 220.125167847, 220.51991272, 220.903030396, 221.297775269, 221.680908203, 222.064025879, 222.423934937, 222.795455933, 223.178588867, 223.561721802, 223.956451416, 224.351196289, 224.745941162, 225.129058838, 225.512191772, 225.906936646, 226.30166626, 226.696411133, 227.079544067, 227.462677002, 227.845794678, 228.228927612, 228.612060547, 228.995193481, 229.389923096, 229.784667969, 230.179412842, 230.562530518, 230.945663452, 231.340408325, 231.735137939, 232.129882812, 232.513015747, 232.896133423, 233.279266357, 233.662399292, 234.045532227, 234.417053223, 234.800170898, 235.183303833, 235.566436768, 235.961181641, 236.355911255, 236.750656128, 237.133789062, 237.528518677, 237.911651611, 238.306396484, 238.68951416, 239.072647095, 239.455780029, 239.838912964, 240.233642578, 240.616775513, 240.999908447, 241.394638062, 241.789382935, 242.172515869, 242.567245483, 242.961990356, 243.368347168, 243.786300659, 244.20425415, 244.6222229, 245.040176392, 245.458129883, 245.876098633], "danceability": 1.03267729282, "bpm_histogram_second_peak_spread": {"dvar": 0, "var": 0, "median": 0.066666662693, "max": 0.066666662693, "dmean": 0, "dmean2": 0, "mean": 0.066666662693, "dvar2": 0, "min": 0.066666662693}}, "lowlevel": {"spectral_flux": {"dvar": 0.000552926212549, "var": 0.00152622710448, "median": 0.0769238471985, "max": 0.294388115406, "dmean": 0.0209191907197, "dmean2": 0.0313570946455, "mean": 0.0828534960747, "dvar2": 0.00121893826872, "min": 6.44294825825e-11}, "spectral_rolloff": {"dvar": 440779.3125, "var": 2279254, "median": 2067.1875, "max": 20564.2089844, "dmean": 289.854278564, "dmean2": 480.95602417, "mean": 2163.23193359, "dvar2": 859706.5625, "min": 21.533203125}, "barkbands_flatness_db": {"dvar": 0.000183086754987, "var": 0.00245268107392, "median": 0.0934377387166, "max": 0.708552360535, "dmean": 0.0140301454812, "dmean2": 0.0218659657985, "mean": 0.102151595056, "dvar2": 0.000411573826568, "min": 0.0240122564137}, "spectral_centroid": {"dvar": 43663.9414062, "var": 354909.15625, "median": 1600.05493164, "max": 11438.6455078, "dmean": 175.568191528, "dmean2": 273.888916016, "mean": 1623.62512207, "dvar2": 86646.1015625, "min": 526.006408691}, "melbands_skewness": {"dvar": 4.51113367081, "var": 30.024477005, "median": 0.968436956406, "max": 185.421691895, "dmean": 0.48924139142, "dmean2": 0.771257817745, "mean": 1.22927796841, "dvar2": 7.62051153183, "min": -1.88417816162}, "melbands": {"dvar": [2.66030269813e-06, 1.52523057295e-06, 4.10995028233e-07, 1.92319049575e-07, 1.3653516362e-07, 2.58274070575e-07, 7.9930953234e-07, 1.46036015281e-07, 2.32609291828e-08, 7.45893871112e-08, 1.04317116723e-07, 1.38821832252e-07, 1.7243759487e-07, 1.65914233463e-08, 4.80730122376e-08, 3.52639761836e-09, 2.56406762489e-09, 6.94702961823e-09, 7.36332106399e-09, 7.51572226676e-09, 6.00016569763e-09, 7.56202378493e-10, 3.34788835543e-10, 1.30147129185e-10, 6.63326407691e-11, 3.15423728803e-11, 1.79866954664e-11, 2.86049794962e-11, 2.27036427852e-11, 8.9271767062e-12, 1.28289358303e-11, 3.25233069642e-12, 2.37023486775e-12, 2.37909149846e-12, 2.45660436438e-12, 3.98723111819e-12, 6.29704448307e-12, 3.34625925059e-12, 3.96119075041e-12, 3.23278968699e-12], "var": [2.59543048742e-06, 1.11216559162e-06, 3.26085313418e-07, 2.23461796622e-07, 2.66489990963e-07, 5.38320705346e-07, 1.68900021436e-06, 3.03111079347e-07, 4.6127311748e-08, 1.65942537933e-07, 2.43009708356e-07, 3.29612987571e-07, 4.27899180977e-07, 3.66355479287e-08, 1.36046210741e-07, 9.3579695104e-09, 4.98216179423e-09, 1.44663250268e-08, 1.31051223207e-08, 1.45463809886e-08, 1.1210103068e-08, 1.36112232596e-09, 5.64871760478e-10, 2.08047926109e-10, 1.18095214163e-10, 9.11694192363e-11, 4.49693789151e-11, 6.08224026699e-11, 4.8356419563e-11, 2.0403876505e-11, 2.20709301529e-11, 6.83350945274e-12, 5.4201365618e-12, 5.13734367547e-12, 4.37119221028e-12, 6.56029961257e-12, 8.66964139368e-12, 5.4612195842e-12, 6.99241619467e-12, 6.81981077513e-12], "median": [0.000224250237807, 0.000486022909172, 0.000218391534872, 0.000198919035029, 0.000298351049423, 0.000332233787049, 0.000138933086419, 8.75263649505e-05, 6.22915540589e-05, 9.01792518562e-05, 7.93179133325e-05, 9.39117599046e-05, 0.000127845487441, 3.9787577407e-05, 7.19921954442e-05, 5.3710580687e-05, 6.61640515318e-05, 8.34837919683e-05, 0.000103616635897, 0.000135314301588, 0.000104238017229, 3.95071037929e-05, 2.22430244321e-05, 1.1691605323e-05, 9.33760566113e-06, 7.13946928954e-06, 5.03616547576e-06, 3.4825475268e-06, 2.52076051765e-06, 1.94487415683e-06, 1.45453782352e-06, 1.46745219354e-06, 1.20479899124e-06, 8.00738121143e-07, 5.53270069759e-07, 5.45706143384e-07, 4.21955746788e-07, 4.61632225779e-07, 5.66555115711e-07, 4.12441067965e-07], "max": [0.0139400102198, 0.0142231220379, 0.009307410568, 0.00556426867843, 0.00857710000128, 0.0148233976215, 0.0244234874845, 0.0101581765339, 0.00355416210368, 0.0070245731622, 0.00988367013633, 0.0132495844737, 0.015858406201, 0.00673351529986, 0.00891096051782, 0.00230578216724, 0.00154335109983, 0.0021524860058, 0.00138286361471, 0.00145378313027, 0.00106645328924, 0.000598719227128, 0.000332192721544, 0.000190067483345, 0.000352953589754, 0.000152823398821, 0.000109194312245, 0.000220769739826, 0.000173555788933, 0.000171054416569, 0.000250563054578, 6.67880522087e-05, 5.35199178557e-05, 5.64450419915e-05, 6.4235413447e-05, 9.6406089142e-05, 0.000102409983811, 5.37006962986e-05, 5.88624279771e-05, 5.83745095355e-05], "dmean": [0.00077567435801, 0.000565187132452, 0.000290628086077, 0.000231256490224, 0.000238154854742, 0.000294103956548, 0.000313742551953, 0.000119946191262, 7.37512891646e-05, 0.000133497916977, 0.00011354952585, 0.000127337785671, 0.000157888585818, 3.65702871932e-05, 7.6402000559e-05, 3.70532907255e-05, 4.09789572586e-05, 5.98591359449e-05, 7.07368526491e-05, 7.69614052842e-05, 6.56806660118e-05, 2.35760126088e-05, 1.42540866364e-05, 8.30079079606e-06, 5.16933232575e-06, 3.89234401155e-06, 2.77074082078e-06, 2.38993220592e-06, 2.06556364901e-06, 1.32793684315e-06, 1.06504364794e-06, 9.87535258901e-07, 7.92864909727e-07, 5.69345388612e-07, 4.97890368933e-07, 5.24847337147e-07, 4.72956770636e-07, 4.23078148515e-07, 4.98952601902e-07, 4.10090052583e-07], "dmean2": [0.0012633560691, 0.00100686249789, 0.000508117023855, 0.000386013329262, 0.000393302791053, 0.000457118469058, 0.000478477653814, 0.000186955789104, 0.000114765309263, 0.000204859665246, 0.000182417294127, 0.000204164956813, 0.000249478442129, 5.82135980949e-05, 0.000124203419546, 6.03342887189e-05, 6.68636203045e-05, 9.79370379355e-05, 0.000116240807984, 0.000124903832329, 0.000107371692138, 3.8824222429e-05, 2.39487726503e-05, 1.35190557558e-05, 8.47540468385e-06, 6.39351674181e-06, 4.50563356935e-06, 3.8627322283e-06, 3.26939380102e-06, 2.101035534e-06, 1.6984965896e-06, 1.56976204835e-06, 1.28907481667e-06, 8.81393418695e-07, 7.73631427364e-07, 8.02105887487e-07, 7.1857328976e-07, 6.37431014638e-07, 7.65978427353e-07, 6.27464601166e-07], "mean": [0.000790517660789, 0.000742135569453, 0.000365004700143, 0.000353725568857, 0.000452443928225, 0.000567588431295, 0.000535754079465, 0.000215345091419, 0.000136591988849, 0.000240253313677, 0.000206445794902, 0.000238173131947, 0.000284106732579, 7.14018678991e-05, 0.000140607735375, 7.37838054192e-05, 8.25121969683e-05, 0.000112303270726, 0.000133458874188, 0.00016322042211, 0.000130487402203, 4.81058668811e-05, 2.80969452433e-05, 1.57270696945e-05, 1.14378253784e-05, 9.30540045374e-06, 6.47339538773e-06, 5.09135816174e-06, 4.2247984311e-06, 2.77317758446e-06, 2.08234564525e-06, 2.05732590075e-06, 1.78824484465e-06, 1.24792597944e-06, 9.36714627642e-07, 1.01574141809e-06, 8.6123912979e-07, 8.45825468332e-07, 1.06214508833e-06, 8.79851540958e-07], "dvar2": [6.4038781602e-06, 4.3234244913e-06, 1.09645179691e-06, 5.13457337092e-07, 3.75023972765e-07, 6.57340649468e-07, 1.80245467618e-06, 3.70068391931e-07, 5.86432733485e-08, 1.78603272616e-07, 2.73111453453e-07, 3.51925763198e-07, 4.75952361967e-07, 3.48946578299e-08, 1.23727417645e-07, 9.16767017856e-09, 6.67137634025e-09, 1.85538819863e-08, 1.95068334818e-08, 1.89373832171e-08, 1.58010777795e-08, 1.93492066813e-09, 9.37231181553e-10, 3.33728766844e-10, 1.63101684936e-10, 8.14770889646e-11, 4.5863396414e-11, 7.19926687709e-11, 5.51473831878e-11, 1.90954717316e-11, 2.69423424543e-11, 7.39650354853e-12, 6.08596463156e-12, 5.09649093761e-12, 5.40789505191e-12, 8.76865073607e-12, 1.38479826564e-11, 7.12434798655e-12, 8.71912177874e-12, 6.7194808745e-12], "min": [2.09226146347e-24, 1.17661463634e-24, 1.167414053e-24, 3.48817647324e-24, 1.95717790813e-24, 1.05424298285e-24, 3.60715089724e-24, 2.64966091555e-24, 3.54733630796e-24, 2.52391747334e-24, 2.59282664277e-24, 4.54887411323e-24, 3.29249143987e-24, 4.8629338391e-24, 3.06101164572e-24, 3.24965648993e-24, 1.82682692659e-24, 2.8780152428e-24, 3.859634113e-24, 4.71423158631e-24, 4.67661633177e-24, 4.96366940454e-24, 4.37077890312e-24, 4.74162438681e-24, 6.09626895503e-24, 4.54596163877e-24, 5.03332700576e-24, 4.43911713447e-24, 4.80844445536e-24, 6.37842951247e-24, 7.00439458507e-24, 6.04096191697e-24, 6.9239315616e-24, 6.92748380226e-24, 7.08799175292e-24, 7.02001481985e-24, 6.51374164025e-24, 6.40550795191e-24, 6.30969172307e-24, 6.99585516577e-24]}, "spectral_decrease": {"dvar": 6.87553062821e-18, "var": 1.71783608746e-17, "median": -5.2623345681e-09, "max": 8.70186010532e-16, "dmean": 1.98973526544e-09, "dmean2": 3.10388825753e-09, "mean": -6.31260288486e-09, "dvar2": 1.65134863332e-17, "min": -3.65380117273e-08}, "barkbands_kurtosis": {"dvar": 979.015075684, "var": 4335.82373047, "median": -0.475403308868, "max": 2522.01147461, "dmean": 1.53434658051, "dmean2": 2.67311310768, "mean": 2.23411130905, "dvar2": 2330.93261719, "min": -1.99122679234}, "silence_rate_30dB": {"dvar": 0.00188131770119, "var": 0.00159917701967, "median": 1, "max": 1, "dmean": 0.00188483647071, "dmean2": 0.00377002824098, "mean": 0.998398065567, "dvar2": 0.00469864439219, "min": 0}, "gfcc": {"mean": [18.0628528595, 82.4995727539, -138.947463989, 9.63024711609, -38.7325592041, 8.32680988312, -45.7692260742, 8.73906707764, -20.1483287811, 5.00980520248, -19.5198574066, 4.86049127579, -1.57593870163], "cov": [[13958.9619141, -784.790710449, 662.861877441, 241.72895813, -555.833496094, 606.401489258, -558.64276123, 114.01877594, -378.512695312, 218.900924683, -348.926300049, 256.627868652, -321.517211914], [-784.790710449, 1342.40783691, -897.790100098, 87.8945083618, 169.488632202, -211.352157593, 88.9711914062, -0.62470138073, 73.1113433838, -85.7691802979, 120.215957642, -136.036254883, 135.778396606], [662.861877441, -897.790100098, 1111.17785645, 109.525741577, -85.53490448, 275.257904053, -41.6310806274, 97.1082687378, -17.3442745209, 121.353126526, -45.9858360291, 137.963043213, -100.674827576], [241.72895813, 87.8945083618, 109.525741577, 304.182098389, 39.5129203796, 123.64717865, -14.4724845886, 65.6968841553, 43.104839325, 33.641620636, 21.248588562, -1.26820158958, -1.05740594864], [-555.833496094, 169.488632202, -85.53490448, 39.5129203796, 216.92616272, -22.8552627563, 80.0186386108, -20.7939376831, 53.8939704895, -9.45254516602, 31.1373157501, -5.91636323929, 23.5974807739], [606.401489258, -211.352157593, 275.257904053, 123.64717865, -22.8552627563, 237.215103149, -8.89428424835, 89.274017334, -5.08556747437, 39.0927886963, -19.3248996735, 27.7923583984, -27.3411693573], [-558.64276123, 88.9711914062, -41.6310806274, -14.4724845886, 80.0186386108, -8.89428424835, 153.38458252, 6.25556373596, 39.4651374817, -2.44883799553, 26.7923374176, -7.1309838295, 22.1432304382], [114.01877594, -0.62470138073, 97.1082687378, 65.6968841553, -20.7939376831, 89.274017334, 6.25556373596, 131.84085083, 19.0251369476, 31.1868667603, 2.66915750504, 1.21204423904, 2.33658075333], [-378.512695312, 73.1113433838, -17.3442745209, 43.104839325, 53.8939704895, -5.08556747437, 39.4651374817, 19.0251369476, 92.4749984741, 19.1440467834, 21.4724826813, -3.47967147827, 13.9095878601], [218.900924683, -85.7691802979, 121.353126526, 33.641620636, -9.45254516602, 39.0927886963, -2.44883799553, 31.1868667603, 19.1440467834, 70.3172836304, 18.8395843506, 25.8266448975, -7.9441485405], [-348.926300049, 120.215957642, -45.9858360291, 21.248588562, 31.1373157501, -19.3248996735, 26.7923374176, 2.66915750504, 21.4724826813, 18.8395843506, 77.6002960205, 7.0902261734, 26.2186641693], [256.627868652, -136.036254883, 137.963043213, -1.26820158958, -5.91636323929, 27.7923583984, -7.1309838295, 1.21204423904, -3.47967147827, 25.8266448975, 7.0902261734, 71.8842773438, 3.29471921921], [-321.517211914, 135.778396606, -100.674827576, -1.05740594864, 23.5974807739, -27.3411693573, 22.1432304382, 2.33658075333, 13.9095878601, -7.9441485405, 26.2186641693, 3.29471921921, 63.5295143127]], "icov": [[0.000160749608767, -0.000214835235965, 0.000128857791424, -4.12242807215e-05, 0.000175616776687, -0.000385964143788, 0.00021342652326, 0.00014959575492, 0.00045393712935, -0.000722435943317, 0.000793339044321, -0.000874639372341, 0.000693201553077], [-0.000214835235965, 0.00307527533732, 0.00149674806744, -0.00136591098271, -0.000967837695498, 0.00163029506803, -0.000444051402155, -0.00177207856905, -0.000351260125171, 0.00190643116366, -0.00321926851757, 0.00269720493816, -0.00252565043047], [0.000128857791424, 0.00149674806744, 0.0031480723992, -0.001008173218, -3.47900677298e-05, -0.000917651050258, -0.000237099025981, -0.00103802059311, 0.000564553774893, -0.00146865635179, 0.000106305182271, -0.00288675585762, 0.00196255766787], [-4.12242807215e-05, -0.00136591098271, -0.001008173218, 0.00605576904491, -0.000904335116502, -0.00336382584646, 0.00198117038235, 0.000264140951913, -0.00231808167882, -0.000549845397472, -0.000873620156199, 0.00118734268472, 0.000139521449455], [0.000175616776687, -0.000967837695498, -3.47900677298e-05, -0.000904335116502, 0.00742671405897, -0.000766951066907, -0.00266642170027, 0.00234773172997, -0.00228195288219, 0.000458378839539, 0.000535989995115, -0.00218202359974, 0.00109038536903], [-0.000385964143788, 0.00163029506803, -0.000917651050258, -0.00336382584646, -0.000766951066907, 0.0106512410566, -0.00165049883071, -0.00514451786876, 0.00136324425694, 0.00172544550151, -0.000708663428668, 0.00147692055907, -0.00118136580568], [0.00021342652326, -0.000444051402155, -0.000237099025981, 0.00198117038235, -0.00266642170027, -0.00165049883071, 0.00978808663785, -0.000444165838417, -0.00203053001314, -6.61123203827e-06, -0.00100829731673, 0.000315234297886, -0.000585254980251], [0.00014959575492, -0.00177207856905, -0.00103802059311, 0.000264140951913, 0.00234773172997, -0.00514451786876, -0.000444165838417, 0.0132468100637, -0.00177057948895, -0.00450057396665, 0.00222672754899, 0.0014128057519, -0.00168192875572], [0.00045393712935, -0.000351260125171, 0.000564553774893, -0.00231808167882, -0.00228195288219, 0.00136324425694, -0.00203053001314, -0.00177057948895, 0.0175499245524, -0.00697036506608, 0.0023519967217, -0.00119669351261, 0.000488571065944], [-0.000722435943317, 0.00190643116366, -0.00146865635179, -0.000549845397472, 0.000458378839539, 0.00172544550151, -6.61123203827e-06, -0.00450057396665, -0.00697036506608, 0.0280361678451, -0.0114831281826, -0.000858279585373, 0.000488497782499], [0.000793339044321, -0.00321926851757, 0.000106305182271, -0.000873620156199, 0.000535989995115, -0.000708663428668, -0.00100829731673, 0.00222672754899, 0.0023519967217, -0.0114831281826, 0.0247409269214, -0.00711936177686, -0.000977476709522], [-0.000874639372341, 0.00269720493816, -0.00288675585762, 0.00118734268472, -0.00218202359974, 0.00147692055907, 0.000315234297886, 0.0014128057519, -0.00119669351261, -0.000858279585373, -0.00711936177686, 0.0284516848624, -0.0118443416432], [0.000693201553077, -0.00252565043047, 0.00196255766787, 0.000139521449455, 0.00109038536903, -0.00118136580568, -0.000585254980251, -0.00168192875572, 0.000488571065944, 0.000488497782499, -0.000977476709522, -0.0118443416432, 0.0280834604055]]}, "silence_rate_20dB": {"dvar": 0, "var": 0, "median": 1, "max": 1, "dmean": 0, "dmean2": 0, "mean": 1, "dvar2": 0, "min": 1}, "barkbands_skewness": {"dvar": 0.427850604057, "var": 2.69069957733, "median": 0.319882929325, "max": 49.9012908936, "dmean": 0.378466814756, "dmean2": 0.598056972027, "mean": 0.382517129183, "dvar2": 0.861961483955, "min": -9.20562553406}, "erbbands_skewness": {"dvar": 0.069713614881, "var": 0.440106958151, "median": -0.322351902723, "max": 2.27800726891, "dmean": 0.319528758526, "dmean2": 0.500301480293, "mean": -0.331925809383, "dvar2": 0.169235408306, "min": -3.17858290672}, "spectral_contrast_valleys": {"dvar": [0.20921421051, 0.0975799337029, 0.0799321383238, 0.0690439045429, 0.0710732936859, 0.0718354284763], "var": [2.65615224838, 2.04568099976, 2.00625705719, 1.95394253731, 1.93803465366, 2.51093029976], "median": [-7.37892866135, -6.51644229889, -6.86897945404, -6.75562000275, -7.11470127106, -9.78186607361], "max": [-5.27599334717, -4.89638137817, -5.18783807755, -5.57559204102, -5.81552600861, -7.39494037628], "dmean": [0.449142098427, 0.302680790424, 0.269029140472, 0.230484232306, 0.201187551022, 0.19636464119], "dmean2": [0.724177002907, 0.498008370399, 0.437112122774, 0.366849958897, 0.304118484259, 0.279809325933], "mean": [-7.64962291718, -6.71520614624, -7.07111549377, -6.96630191803, -7.36219978333, -10.2379150391], "dvar2": [0.456215083599, 0.20791323483, 0.162852168083, 0.132968664169, 0.130104809999, 0.119427740574], "min": [-27.9446582794, -28.0852489471, -27.4914302826, -27.5390338898, -27.4252281189, -27.3844890594]}, "spectral_strongpeak": {"dvar": 1.57922160625, "var": 2.96302342415, "median": 1.07101559639, "max": 12.8277587891, "dmean": 1.02063000202, "dmean2": 1.74740076065, "mean": 1.68329977989, "dvar2": 3.86490273476, "min": 0}, "erbbands_crest": {"dvar": 4.94376039505, "var": 11.9817819595, "median": 8.84949684143, "max": 26.2387084961, "dmean": 2.60599708557, "dmean2": 4.29886007309, "mean": 9.53646087646, "dvar2": 12.8544197083, "min": 2.01358866692}, "barkbands_crest": {"dvar": 4.83284711838, "var": 11.8029251099, "median": 6.82552242279, "max": 26.9066925049, "dmean": 2.31880187988, "dmean2": 3.77383041382, "mean": 7.69176387787, "dvar2": 12.4262886047, "min": 2.59848737717}, "spectral_energyband_middle_low": {"dvar": 3.37652782036e-05, "var": 7.83062569099e-05, "median": 0.00747318239883, "max": 0.118921145797, "dmean": 0.00403529172763, "dmean2": 0.00638630008325, "mean": 0.00991431809962, "dvar2": 8.27950279927e-05, "min": 1.96685364212e-22}, "spectral_contrast_coeffs": {"dvar": [0.00171307998244, 0.00146978499833, 0.000902993662748, 0.000606690300629, 0.000276611826848, 0.000217953434912], "var": [0.00563396187499, 0.00568370055407, 0.00423950422555, 0.0022342891898, 0.00155902386177, 0.00113124283962], "median": [-0.67058968544, -0.716027975082, -0.743251204491, -0.740990519524, -0.764361321926, -0.775421798229], "max": [-0.384024053812, -0.436194896698, -0.478532880545, -0.535155951977, -0.589250326157, -0.576279699802], "dmean": [0.0478405766189, 0.0464631654322, 0.0373839400709, 0.0310365147889, 0.0210215784609, 0.0155406938866], "dmean2": [0.0784260556102, 0.0758735984564, 0.0608065836132, 0.0513446033001, 0.0348919965327, 0.0248976815492], "mean": [-0.665938436985, -0.710792601109, -0.736846983433, -0.739965319633, -0.761731803417, -0.773820161819], "dvar2": [0.00436062179506, 0.00381536176428, 0.00232288613915, 0.00164596352261, 0.000731805455871, 0.000511265185196], "min": [-0.977018296719, -0.972152709961, -0.974825203419, -0.983893036842, -0.971771717072, -0.962204039097]}, "hfc": {"dvar": 53.6933059692, "var": 241.75579834, "median": 26.5472831726, "max": 160.871810913, "dmean": 6.54177713394, "dmean2": 9.98057842255, "mean": 28.5083847046, "dvar2": 122.151412964, "min": 1.12818197599e-16}, "spectral_energyband_high": {"dvar": 2.50362688803e-07, "var": 7.19080617273e-07, "median": 0.000464089214802, "max": 0.018181623891, "dmean": 0.000200668247999, "dmean2": 0.000289213581709, "mean": 0.000607419467997, "dvar2": 4.70071938707e-07, "min": 7.42637503292e-21}, "erbbands_spread": {"dvar": 20.3777084351, "var": 100.752593994, "median": 22.7747135162, "max": 154.373001099, "dmean": 4.50804185867, "dmean2": 7.12789964676, "mean": 24.0106182098, "dvar2": 48.1133995056, "min": 3.40688204765}, "dissonance": {"dvar": 0.000149978965055, "var": 0.000288801064016, "median": 0.480015724897, "max": 0.499999940395, "dmean": 0.0124466195703, "dmean2": 0.0211003702134, "mean": 0.475997239351, "dvar2": 0.000414019741584, "min": 0.366618275642}, "spectral_kurtosis": {"dvar": 11.809715271, "var": 20.326461792, "median": 6.61582803726, "max": 53.8243370056, "dmean": 1.97479236126, "dmean2": 3.33858418465, "mean": 7.44769430161, "dvar2": 36.82837677, "min": -1.24743676186}, "spectral_skewness": {"dvar": 0.0708192363381, "var": 0.118692971766, "median": 1.94939541817, "max": 4.70624542236, "dmean": 0.205618262291, "dmean2": 0.338664233685, "mean": 1.92334759235, "dvar2": 0.216110274196, "min": -0.0669814646244}, "pitch_salience": {"dvar": 0.00265245838091, "var": 0.00757585931569, "median": 0.60370862484, "max": 0.883902728558, "dmean": 0.0594107806683, "dmean2": 0.0957126095891, "mean": 0.59619396925, "dvar2": 0.00675143906847, "min": 0.00105319474824}, "spectral_complexity": {"dvar": 7.0364613533, "var": 52.3782691956, "median": 28, "max": 53, "dmean": 3.00499486923, "dmean2": 4.78755903244, "mean": 26.7381267548, "dvar2": 16.9185237885, "min": 0}, "spectral_spread": {"dvar": 513370324992, "var": 5892030857220.0, "median": 3870684, "max": 43262256, "dmean": 386098.21875, "dmean2": 577238.9375, "mean": 4024207.25, "dvar2": 900413587456, "min": 926832.125}, "dynamic_complexity": 2.43478870392, "melbands_crest": {"dvar": 9.43335914612, "var": 22.0529022217, "median": 9.07466506958, "max": 39.9979972839, "dmean": 3.11103057861, "dmean2": 5.03101682663, "mean": 10.2534637451, "dvar2": 22.8627986908, "min": 1.60672163963}, "zerocrossingrate": {"dvar": 0.000105914179585, "var": 0.00155779987108, "median": 0.0703125, "max": 0.69091796875, "dmean": 0.00793435145169, "dmean2": 0.00946041475981, "mean": 0.0767877474427, "dvar2": 0.000111271590868, "min": 0}, "spectral_energyband_low": {"dvar": 4.96364737046e-05, "var": 4.64382610517e-05, "median": 0.00232304306701, "max": 0.0628235042095, "dmean": 0.00344090303406, "dmean2": 0.00562614761293, "mean": 0.00438952399418, "dvar2": 0.000125252467114, "min": 2.31034419064e-23}, "melbands_kurtosis": {"dvar": 193811.40625, "var": 1018840.3125, "median": 0.503993034363, "max": 37417.7460938, "dmean": 12.5105848312, "dmean2": 20.5210037231, "mean": 34.2647018433, "dvar2": 348197.0625, "min": -1.83071804047}, "spectral_energyband_middle_high": {"dvar": 2.24747254833e-05, "var": 8.44031455927e-05, "median": 0.00989423878491, "max": 0.119258597493, "dmean": 0.00333574903198, "dmean2": 0.00523673463613, "mean": 0.0118399206549, "dvar2": 5.76018610445e-05, "min": 1.24783123655e-21}, "barkbands_spread": {"dvar": 17.5209770203, "var": 89.3247756958, "median": 24.8352565765, "max": 167.528366089, "dmean": 4.23441791534, "dmean2": 6.57496738434, "mean": 25.170217514, "dvar2": 37.6316299438, "min": 0.260161101818}, "mfcc": {"mean": [-618.722900391, 125.147850037, -34.761756897, 7.25595855713, 15.0028181076, 1.00459206104, -7.2466378212, -2.61110687256, 5.84655094147, -2.24983263016, -7.1