{"metadata": {"audio_properties": {"downmix": "mix", "bit_rate": 188213, "lossless": false, "md5_encoded": "d4ab2efac5dd209cac027472936f43db", "analysis_sample_rate": 44100, "sample_rate": 44100, "replay_gain": -8.06164741516, "equal_loudness": 0, "codec": "mp3", "length": 279.43182373}, "tags": {"date": ["2006"], "musicbrainz_recordingid": ["829f4a4a-5ed8-444c-a335-482ec4d69bdd"], "label": ["Ipecac Records"], "encoding": ["LAME"], "album": ["Music for Moviebikers"], "artist": ["Kaada"], "title": ["Mainstreaming"], "albumartist": ["Kaada"], "file_name": "56212.mp3", "tracknumber": ["2"], "language": ["eng"], "genre": ["Indie"]}, "version": {"essentia_build_sha": "70f2e5ece6736b2c40cc944ad0e695b16b925413", "essentia_git_sha": "v2.1_beta2", "extractor": "music 1.0", "essentia": "2.1-beta2"}}, "tonal": {"chords_scale": "major", "hpcp": {"dmean": [0.0754890143871, 0.0625717788935, 0.0330226048827, 0.0281461514533, 0.032275352627, 0.0639727413654, 0.0886140912771, 0.0807402655482, 0.0477069579065, 0.0336244776845, 0.0327572710812, 0.0412738025188, 0.045753762126, 0.0389902107418, 0.0257140025496, 0.0319884307683, 0.048209041357, 0.0554953925312, 0.0560321100056, 0.0585438758135, 0.0740835592151, 0.0702123865485, 0.0711024850607, 0.0427576005459, 0.02942401357, 0.0287311580032, 0.0611720234156, 0.0710280835629, 0.0680847913027, 0.0456778816879, 0.0429286174476, 0.0463963598013, 0.0633511468768, 0.0685896798968, 0.0711524859071, 0.0761541128159], "dvar2": [0.0667600631714, 0.055060736835, 0.0424051918089, 0.0334889665246, 0.0343840382993, 0.0429259724915, 0.063304618001, 0.0601796545088, 0.0552168115973, 0.0423038117588, 0.034245364368, 0.0396518148482, 0.0430023632944, 0.0347341373563, 0.024704946205, 0.0425572022796, 0.0585789233446, 0.0565487332642, 0.0557895042002, 0.0580169707537, 0.0598897151649, 0.0585246011615, 0.0553410425782, 0.0413066074252, 0.0270935334265, 0.0299163796008, 0.048500303179, 0.0538640171289, 0.0531211942434, 0.0451082102954, 0.0436734780669, 0.0466842614114, 0.0601043961942, 0.0651062652469, 0.057651758194, 0.0631961151958], "mean": [0.239461526275, 0.131767511368, 0.0231324639171, 0.0190176181495, 0.0240767728537, 0.125535666943, 0.2669506073, 0.184605538845, 0.0406497791409, 0.0218158848584, 0.0283069647849, 0.0773669555783, 0.100594371557, 0.0517402477562, 0.0183607600629, 0.0215789545327, 0.041120775044, 0.10877096653, 0.126716822386, 0.0670608580112, 0.140473410487, 0.244644850492, 0.152979195118, 0.0633846670389, 0.0438408814371, 0.022476201877, 0.114390306175, 0.210060194135, 0.129503905773, 0.0373633801937, 0.0352723784745, 0.0366913229227, 0.0846075490117, 0.149916738272, 0.116275086999, 0.152916148305], "var": [0.137947365642, 0.046419121325, 0.00894164387137, 0.00709863333032, 0.00819414108992, 0.0327745378017, 0.128836646676, 0.0748221352696, 0.014255813323, 0.0093517228961, 0.0102324616164, 0.0452988743782, 0.0616780593991, 0.0180506240577, 0.00554055860266, 0.00984512921423, 0.016834821552, 0.0675587877631, 0.0776399970055, 0.0209936499596, 0.0470530204475, 0.135583668947, 0.0531629882753, 0.0310696847737, 0.0181524474174, 0.00712023163214, 0.0377682931721, 0.111498616636, 0.0453748032451, 0.0132933687419, 0.0149051798508, 0.0144707001746, 0.0299519281834, 0.0861376002431, 0.0517424494028, 0.0580139607191], "dmean2": [0.125518292189, 0.10678050667, 0.0620717704296, 0.0530761480331, 0.0592009760439, 0.107891589403, 0.144492343068, 0.134098604321, 0.0871394351125, 0.0632299482822, 0.0602474361658, 0.0728869438171, 0.078778244555, 0.0691082775593, 0.0471770055592, 0.0597956255078, 0.0866697058082, 0.0969306975603, 0.0975261628628, 0.104385457933, 0.126983582973, 0.113824933767, 0.11970667541, 0.0769872441888, 0.0533293224871, 0.0530966743827, 0.106986097991, 0.119385555387, 0.116020739079, 0.0808958783746, 0.0775988474488, 0.0839691832662, 0.111515194178, 0.118022046983, 0.124210447073, 0.131582275033], "dvar": [0.0306074526161, 0.0210988316685, 0.0146170100197, 0.0116784824058, 0.0120140155777, 0.015784246847, 0.0285705924034, 0.0236268099397, 0.0190185587853, 0.0146791897714, 0.0122199179605, 0.0152195543051, 0.0171293672174, 0.0125164212659, 0.00860769953579, 0.0150501588359, 0.0210107862949, 0.0214060544968, 0.0214518755674, 0.0202052742243, 0.0215805657208, 0.0262964367867, 0.0207493677735, 0.0148942898959, 0.0100446883589, 0.0103495763615, 0.0174525212497, 0.0228749029338, 0.0193580947816, 0.0159556902945, 0.0162282306701, 0.016898881644, 0.0220858771354, 0.0263680592179, 0.0221421606839, 0.0234208535403], "min": [0, 0, 0, 0, 0, 0, 0, 0, 0, 0, 0, 0, 0, 0, 0, 0, 0, 0, 0, 0, 0, 0, 0, 0, 0, 0, 0, 0, 0, 0, 0, 0, 0, 0, 0, 0], "median": [0.0203801449388, 0.0107076549903, 0.00213678670116, 0.00100060214754, 0.00210023717955, 0.0414552874863, 0.0829176157713, 0.045634187758, 0.00296476227231, 0.000514763698447, 0.000910396629479, 0.00459779426455, 0.00723954290152, 0.00552361086011, 0.00151766405907, 0.000816460407805, 0.000737561262213, 0.00589907588437, 0.00880699977279, 0.0121352327988, 0.0254341103137, 0.0392794460058, 0.0290398932993, 0.00255599804223, 0.000836185179651, 0.00183965836186, 0.0217076484114, 0.0421522632241, 0.0264521930367, 0.00224412302487, 0.00102431583218, 0.00179521483369, 0.0110290758312, 0.0159181430936, 0.0158039238304, 0.0266318451613], "max": [1, 1, 1, 1, 1, 1, 1, 1, 1, 1, 1, 1, 1, 1, 1, 1, 1, 1, 1, 1, 1, 1, 1, 1, 1, 1, 1, 1, 1, 1, 1, 1, 1, 1, 1, 1]}, "tuning_equal_tempered_deviation": 0.0131860980764, "chords_key": "E", "chords_strength": {"dmean": 0.00933360029012, "dvar2": 0.000678226351738, "mean": 0.440167874098, "var": 0.0301986392587, "dmean2": 0.00712502514943, "dvar": 0.000369995599613, "min": -1, "median": 0.455602794886, "max": 0.759353756905}, "tuning_diatonic_strength": 0.585844695568, "thpcp": [1, 0.691534459591, 0.152274534106, 0.0817225500941, 0.106038212776, 0.289817482233, 0.376827657223, 0.19381955266, 0.068779617548, 0.0808350071311, 0.154038891196, 0.407457262278, 0.474682658911, 0.251210719347, 0.526215016842, 0.916442394257, 0.573061823845, 0.237439677119, 0.164228439331, 0.0841961055994, 0.428507387638, 0.78688788414, 0.485123097897, 0.139963641763, 0.132130727172, 0.13744610548, 0.316940844059, 0.56158977747, 0.43556779623, 0.572825610638, 0.897025585175, 0.493602603674, 0.0866544693708, 0.0712402164936, 0.0901918634772, 0.470258027315], "chords_histogram": [27.9614562988, 4.02060127258, 17.8601093292, 0.033228110522, 0.797474682331, 0, 0.581491947174, 0, 0.398737341166, 0.365509212017, 0, 0, 0, 0.016614055261, 0, 2.30935382843, 0, 1.89400231838, 2.42565202713, 2.49210834503, 3.45572352409, 14.4210004807, 13.4573850632, 7.50955295563], "tuning_nontempered_energy_ratio": 0.619226396084, "tuning_frequency": 440.254241943, "key_strength": 0.806444585323, "chords_changes_rate": 0.0549925230443, "key_scale": "major", "hpcp_entropy": {"dmean": 0.445836633444, "dvar2": 0.503048062325, "mean": 1.57973957062, "var": 0.472761720419, "dmean2": 0.750392019749, "dvar": 0.195425242186, "min": 0, "median": 1.63367855549, "max": 4.07848215103}, "key_key": "E", "chords_number_rate": 0.00182754604612}, "lowlevel": {"melbands_skewness": {"dmean": 0.566836178303, "dvar2": 1.02290987968, "mean": 1.9347319603, "var": 3.60942292213, "dmean2": 0.849182009697, "dvar": 0.435441553593, "min": -4.64591360092, "median": 2.08667707443, "max": 13.2266759872}, "melbands_kurtosis": {"dmean": 5.13757181168, "dvar2": 276.357727051, "mean": 11.597413063, "var": 312.643890381, "dmean2": 7.94600152969, "dvar": 114.705543518, "min": -1.9112919569, "median": 6.80598402023, "max": 314.072631836}, "barkbands_kurtosis": {"dmean": 3.79369807243, "dvar2": 167.635528564, "mean": 8.24044036865, "var": 208.571105957, "dmean2": 5.93915462494, "dvar": 68.9732055664, "min": -1.91672480106, "median": 4.6806602478, "max": 299.42678833}, "hfc": {"dmean": 2.346565485, "dvar2": 66.3312149048, "mean": 9.11819267273, "var": 102.21710968, "dmean2": 3.43806242943, "dvar": 29.0084724426, "min": 1.18384276089e-16, "median": 5.88496398926, "max": 109.569282532}, "silence_rate_20dB": {"dmean": 0.00182800169569, "dvar2": 0.0051394677721, "mean": 0.998919904232, "var": 0.00107883638702, "dmean2": 0.00365630723536, "dvar": 0.00182486558333, "min": 0, "median": 1, "max": 1}, "erbbands_flatness_db": {"dmean": 0.0191107969731, "dvar2": 0.000870905234478, "mean": 0.251250088215, "var": 0.00777521869168, "dmean2": 0.0256188213825, "dvar": 0.000448081525974, "min": 0.0288606528193, "median": 0.228600144386, "max": 0.524009823799}, "spectral_flux": {"dmean": 0.0210261363536, "dvar2": 0.0036543449387, "mean": 0.0532425045967, "var": 0.00379547988996, "dmean2": 0.0328150242567, "dvar": 0.00164852885064, "min": 1.04946204504e-10, "median": 0.0343579277396, "max": 0.674205601215}, "spectral_energyband_low": {"dmean": 0.00870808213949, "dvar2": 0.00214026495814, "mean": 0.0247645992786, "var": 0.00128350232262, "dmean2": 0.0142421182245, "dvar": 0.00082343671238, "min": 3.228433765e-23, "median": 0.013945357874, "max": 0.570231497288}, "spectral_rolloff": {"dmean": 70.1890792847, "dvar2": 134805, "mean": 812.546875, "var": 4918768.5, "dmean2": 120.633712769, "dvar": 67228.421875, "min": 64.599609375, "median": 452.197265625, "max": 19164.5507812}, "spectral_entropy": {"dmean": 0.182715386152, "dvar2": 0.093122087419, "mean": 6.18479442596, "var": 0.568519592285, "dmean2": 0.254273533821, "dvar": 0.0470819957554, "min": 4.28396129608, "median": 6.15120792389, "max": 9.80057811737}, "spectral_energy": {"dmean": 0.0109875043854, "dvar2": 0.00244899955578, "mean": 0.0387932360172, "var": 0.00214837864041, "dmean2": 0.0174404364079, "dvar": 0.000969431072008, "min": 1.08661926855e-20, "median": 0.0253723114729, "max": 0.641098678112}, "spectral_centroid": {"dmean": 66.2172317505, "dvar2": 31228.0878906, "mean": 595.409790039, "var": 258135.78125, "dmean2": 100.643783569, "dvar": 18050.15625, "min": 110.942993164, "median": 495.535705566, "max": 11636.0537109}, "barkbands_flatness_db": {"dmean": 0.0207821540534, "dvar2": 0.00105556217022, "mean": 0.282196462154, "var": 0.00456729065627, "dmean2": 0.0290335454047, "dvar": 0.000519053195603, "min": 0.0558919534087, "median": 0.279886305332, "max": 0.549768805504}, "spectral_rms": {"dmean": 0.000650533882435, "dvar2": 3.83810493076e-06, "mean": 0.00510712666437, "var": 1.17642703117e-05, "dmean2": 0.000989783089608, "dvar": 1.66247252764e-06, "min": 3.25594282438e-12, "median": 0.0049752863124, "max": 0.0250092409551}, "melbands": {"dmean": [0.00168492214289, 0.00172413443215, 0.000788994366303, 0.000375538598746, 0.000186019125977, 0.000240910550929, 0.000196452907403, 0.000136094837217, 7.02614706825e-05, 9.8940305179e-05, 4.30137333751e-05, 4.05397731811e-05, 2.91459946311e-05, 1.07143605419e-05, 1.23725722005e-05, 7.69616508478e-06, 4.77202866023e-06, 4.83743178847e-06, 2.55211716649e-06, 1.95857319341e-06, 1.31767228595e-06, 1.02645151401e-06, 7.59799206662e-07, 4.87479894673e-07, 4.58457634522e-07, 3.83712148277e-07, 2.97086813816e-07, 2.95137709827e-07, 2.77182323316e-07, 2.48383543067e-07, 2.68217661414e-07, 2.08112922451e-07, 2.0417760993e-07, 1.97450461314e-07, 1.31641812118e-07, 1.19001761334e-07, 9.78841185884e-08, 8.71304663974e-08, 7.35080760705e-08, 6.57493828271e-08], "dvar2": [9.4556620752e-05, 9.78331736405e-05, 1.08760359581e-05, 2.26348311116e-06, 6.10144070379e-07, 6.03569162649e-07, 5.64399272207e-07, 2.65705864422e-07, 1.59158389579e-07, 4.40112728484e-07, 3.759624434e-08, 3.15017238961e-08, 5.0552266373e-08, 2.0291466285e-09, 1.69215985668e-09, 6.11309391996e-10, 3.28598370736e-10, 4.09813794011e-10, 9.5368962727e-11, 5.67661855022e-11, 3.11844092216e-11, 1.88160927811e-11, 1.20470569284e-11, 8.33054458749e-12, 7.14880975597e-12, 5.89117643557e-12, 4.13519652548e-12, 4.27871063233e-12, 3.89409945262e-12, 4.86734047164e-12, 6.84294461373e-12, 5.57474899576e-12, 4.1790152068e-12, 4.64421990448e-12, 1.73948713506e-12, 1.33199777163e-12, 9.82358942456e-13, 1.22548564178e-12, 1.13288079005e-12, 1.1242132442e-12], "mean": [0.00409334152937, 0.00451814057305, 0.00197959621437, 0.000806745782029, 0.000399546668632, 0.00062196230283, 0.000444913108367, 0.000271343014902, 0.000159994815476, 0.000218776389374, 9.29665402509e-05, 0.000108993750473, 6.75207265886e-05, 2.03116178454e-05, 2.4466902687e-05, 1.51553485921e-05, 9.0429048214e-06, 8.74977922649e-06, 5.13990698892e-06, 4.22434186476e-06, 2.29603142543e-06, 2.55320742326e-06, 1.42646263157e-06, 7.24746541891e-07, 6.74163118219e-07, 5.57004682378e-07, 4.4041394176e-07, 4.17608021053e-07, 3.68868739997e-07, 2.77752150168e-07, 3.11566253686e-07, 2.19853973249e-07, 2.33611046951e-07, 2.07286007026e-07, 1.38627200386e-07, 1.35873648333e-07, 1.09971978191e-07, 9.01749714899e-08, 6.58672050236e-08, 5.40793614334e-08], "var": [4.8214540584e-05, 4.47463899036e-05, 1.15430766527e-05, 2.14772308027e-06, 6.297912023e-07, 1.24426264847e-06, 8.22207084639e-07, 3.21277127568e-07, 2.17210924802e-07, 6.79706772644e-07, 3.10267935788e-08, 8.65698979169e-08, 5.79189745054e-08, 2.2481405626e-09, 1.84574366902e-09, 7.64351804072e-10, 4.81080619785e-10, 3.91145615897e-10, 9.86530857006e-11, 6.45912004438e-11, 2.42847773141e-11, 7.0750218184e-11, 9.35381719996e-12, 4.14338442029e-12, 3.37268732907e-12, 2.59393353151e-12, 1.78197257297e-12, 1.82510278592e-12, 1.54574573627e-12, 1.425934891e-12, 1.80145980598e-12, 1.34199801879e-12, 1.17085703112e-12, 1.13827241903e-12, 4.31718110696e-13, 3.89299324114e-13, 3.64999995289e-13, 2.88628956889e-13, 2.22191690502e-13, 2.14389392198e-13], "dmean2": [0.0027201983612, 0.00297985551879, 0.00130381982308, 0.000614107702859, 0.000300024956232, 0.000353229057509, 0.000308011163725, 0.000201011047466, 9.79644682957e-05, 0.000134207482915, 6.38128331047e-05, 5.18794295203e-05, 4.18465460825e-05, 1.66427289514e-05, 1.90021182789e-05, 1.15090851978e-05, 7.32329681341e-06, 7.73197916715e-06, 4.06934032071e-06, 3.0861237974e-06, 2.13968633034e-06, 1.56053397404e-06, 1.1632416772e-06, 7.73938268139e-07, 7.24614380943e-07, 6.08165578342e-07, 4.66050835257e-07, 4.58838201212e-07, 4.32150301322e-07, 4.10678353546e-07, 4.43478541001e-07, 3.44632042015e-07, 3.28550925133e-07, 3.27677042833e-07, 2.18744560243e-07, 1.91772343783e-07, 1.55827052595e-07, 1.45452361267e-07, 1.27984733922e-07, 1.15575971904e-07], "dvar": [3.6759822251e-05, 3.44597174262e-05, 4.18762238041e-06, 8.63706532073e-07, 2.36451754176e-07, 2.68203251608e-07, 2.19967247972e-07, 1.25893691916e-07, 8.12774345604e-08, 2.44019275897e-07, 1.53155941263e-08, 1.9215047331e-08, 2.22106191217e-08, 8.78356942735e-10, 7.03119951151e-10, 2.80151957188e-10, 1.71133107685e-10, 1.6485800225e-10, 3.80847749171e-11, 2.2417668416e-11, 1.17609940883e-11, 7.92272237399e-12, 5.06059994257e-12, 3.38875520527e-12, 2.85217162388e-12, 2.33316426075e-12, 1.57471648568e-12, 1.65588126978e-12, 1.5262865841e-12, 1.78650724856e-12, 2.44043782578e-12, 1.95487614811e-12, 1.50183316304e-12, 1.63820129337e-12, 6.18606836762e-13, 4.87029687413e-13, 3.76143072852e-13, 4.25799749192e-13, 3.86445649786e-13, 3.82485899507e-13], "min": [2.21168257996e-24, 8.02612880723e-24, 3.52590137945e-24, 1.6469938559e-24, 7.6170010871e-24, 6.36615996438e-24, 3.15712578788e-23, 2.87955750531e-23, 4.75153326864e-24, 6.90527657891e-24, 5.81806098516e-24, 9.35672179532e-24, 1.25257638005e-23, 8.83682696003e-24, 1.40405771092e-23, 1.15895799658e-23, 7.77891084359e-24, 1.05828317342e-23, 7.74567771138e-24, 5.21880516509e-24, 7.46396128263e-24, 6.55375621524e-24, 5.41406322749e-24, 6.53060945856e-24, 3.79689521634e-24, 9.97304383221e-24, 5.30428179404e-24, 9.66679304044e-24, 1.16176768246e-23, 1.50265222898e-23, 9.61799962687e-24, 5.83843134588e-24, 5.54116489097e-24, 9.06324029502e-24, 1.18635829126e-23, 8.9020010703e-24, 9.44793699293e-24, 1.02408873531e-23, 7.94176565545e-24, 9.31076985873e-24], "median": [0.00213719927706, 0.00228446209803, 0.000567081384361, 0.000237175932853, 0.000134968300699, 0.000163692893693, 0.000113159738248, 5.75825251872e-05, 4.18068266299e-05, 5.5822180002e-05, 3.40125006915e-05, 3.19586979458e-05, 1.51874655785e-05, 3.36155881087e-06, 7.01088993083e-06, 4.54832479591e-06, 1.74129013431e-06, 1.37805136546e-06, 1.19961180189e-06, 9.48613546825e-07, 3.66105268768e-07, 3.86847233358e-07, 2.49824978482e-07, 9.72102327523e-08, 1.18595863796e-07, 8.79620785099e-08, 6.11075279267e-08, 4.79742752191e-08, 5.02442887296e-08, 3.59247920301e-08, 3.88555640995e-08, 1.99599767825e-08, 2.21228120267e-08, 2.00539940209e-08, 1.9648638272e-08, 1.66884124297e-08, 8.74829098052e-09, 6.46215614353e-09, 3.9295917631e-09, 3.21788617974e-09], "max": [0.097398199141, 0.13614936173, 0.0485283248127, 0.0207040794194, 0.0156653337181, 0.0125882932916, 0.0122786033899, 0.00908899400383, 0.0133077017963, 0.0231396649033, 0.00339837861247, 0.00637295842171, 0.00703910086304, 0.00084363570204, 0.000622703460976, 0.000509248697199, 0.000683942111209, 0.0003326019214, 0.00013134443725, 0.00013309669157, 7.8228811617e-05, 0.000122625089716, 6.88505824655e-05, 6.60029108985e-05, 4.08414052799e-05, 4.28323837696e-05, 4.76902496303e-05, 5.04116978846e-05, 3.44174986822e-05, 3.01865748042e-05, 4.83576259285e-05, 5.74180739932e-05, 4.53717548226e-05, 4.17414667027e-05, 2.53553280345e-05, 2.36281503021e-05, 1.84161272045e-05, 2.69123211183e-05, 2.02670325962e-05, 2.08992205444e-05]}, "barkbands_crest": {"dmean": 1.85148477554, "dvar2": 10.2896633148, "mean": 14.2427444458, "var": 20.1407604218, "dmean2": 2.89887332916, "dvar": 4.09070730209, "min": 4.24196910858, "median": 13.9299449921, "max": 26.4111785889}, "mfcc": {"icov": [[0.000151218482642, -0.000127302686451, 0.000256836763583, -0.000293117918773, 7.71448467276e-05, -0.000261544861132, 0.000215701584239, 5.01718295709e-06, 6.93256288287e-06, -2.9050735975e-05, -3.97384210373e-05, -0.000145845697261, -0.000104539365566], [-0.000127302686451, 0.000870184332598, -0.000300053012324, 0.000531114055775, -0.000314151518978, 0.000239283559495, -0.000107238898636, -0.000170399202034, 1.8614136934e-05, -0.000375346688088, 0.000150885156472, -0.0001825200452, 5.88367547607e-05], [0.000256836763583, -0.000300053012324, 0.00266318372451, -0.00137510907371, 0.000707661441993, -0.000542139576282, 0.000205649950658, -7.47394587961e-05, -0.000183596959687, 0.000507274293341, 0.000255173421465, 0.000317539554089, -0.000126091268612], [-0.000293117918773, 0.000531114055775, -0.00137510907371, 0.00423029391095, -0.00208895676769, 0.000479379290482, 0.000410179723985, -0.00054546847241, -0.000200212743948, -0.0015507430071, 0.000377433607355, -0.00145039393101, -0.000657982483972], [7.71448467276e-05, -0.000314151518978, 0.000707661441993, -0.00208895676769, 0.00608525099233, -0.00125994323753, 0.0012790565379, 0.000169158302015, 0.00053024222143, 0.000781945942435, -0.00145616813097, 0.000108408348751, -0.000899072794709], [-0.000261544861132, 0.000239283559495, -0.000542139576282, 0.000479379290482, -0.00125994323753, 0.00707665877417, -0.00326094799675, 0.0012321601389, -0.00147046253551, -0.000556296552531, -0.000943502003793, -0.000193750034668, -0.000358101649908], [0.000215701584239, -0.000107238898636, 0.000205649950658, 0.000410179723985, 0.0012790565379, -0.00326094799675, 0.00825060810894, -0.00435148924589, 0.00237202877179, -0.000769466685597, 0.000253985024756, 0.000377098971512, 0.000297695863992], [5.01718295709e-06, -0.000170399202034, -7.47394587961e-05, -0.00054546847241, 0.000169158302015, 0.0012321601389, -0.00435148924589, 0.0109137250111, -0.00483377836645, 0.000715344038326, 0.00178366794717, -0.00188255112153, 0.000437538081314], [6.93256288287e-06, 1.8614136934e-05, -0.000183596959687, -0.000200212743948, 0.00053024222143, -0.00147046253551, 0.00237202877179, -0.00483377836645, 0.00918863620609, -0.00360125442967, 0.0030304864049, -0.000237574262428, 0.00079640437616], [-2.9050735975e-05, -0.000375346688088, 0.000507274293341, -0.0015507430071, 0.000781945942435, -0.000556296552531, -0.000769466685597, 0.000715344038326, -0.00360125442967, 0.00849423464388, -0.00503248069435, 0.00232753762975, -0.000519447843544], [-3.97384210373e-05, 0.000150885156472, 0.000255173421465, 0.000377433607355, -0.00145616813097, -0.000943502003793, 0.000253985024756, 0.00178366794717, 0.0030304864049, -0.00503248069435, 0.0113418325782, -0.00493732839823, 0.00140324933454], [-0.000145845697261, -0.0001825200452, 0.000317539554089, -0.00145039393101, 0.000108408348751, -0.000193750034668, 0.000377098971512, -0.00188255112153, -0.000237574262428, 0.00232753762975, -0.00493732839823, 0.00806352496147, -0.000969702494331], [-0.000104539365566, 5.88367547607e-05, -0.000126091268612, -0.000657982483972, -0.000899072794709, -0.000358101649908, 0.000297695863992, 0.000437538081314, 0.00079640437616, -0.000519447843544, 0.00140324933454, -0.000969702494331, 0.00739715248346]], "mean": [-783.404174805, 192.034851074, 33.8715591431, 9.06155586243, -2.48867964745, 9.24182510376, 2.84361004829, 8.89004230499, 3.83271074295, 3.45878076553, -4.3324379921, -2.95872092247, -2.12569522858], "cov": [[15372.7451172, 1335.37939453, -911.434631348, 1632.58459473, 960.375488281, 532.101257324, -536.087219238, -237.644958496, -10.4641828537, 659.425048828, 897.664916992, 1029.59814453, 526.549377441], [1335.37939453, 1400.54772949, -7.07534265518, 2.98354387283, 65.0645828247, 26.6819400787, -9.55130577087, 23.264831543, 27.1092414856, 84.299156189, 53.1002197266, 73.5371398926, 18.6530132294], [-911.434631348, -7.07534265518, 531.952087402, 61.2208442688, -58.5162124634, -10.4781169891, 25.9347171783, 46.2212867737, 44.9712867737, -37.4828720093, -86.2583312988, -58.155708313, -8.44271755219], [1632.58459473, 2.98354387283, 61.2208442688, 630.926513672, 259.529602051, 72.1020507812, -109.712181091, -16.4081039429, 28.7479000092, 147.320678711, 162.689971924, 213.181015015, 124.967781067], [960.375488281, 65.0645828247, -58.5162124634, 259.529602051, 322.307495117, 61.1332893372, -88.7320404053, -58.0047683716, -37.1541252136, 63.0623092651, 136.988113403, 130.230041504, 83.7922286987], [532.101257324, 26.6819400787, -10.4781169891, 72.1020507812, 61.1332893372, 210.001739502, 52.4948120117, 2.52385592461, 21.8691062927, 64.8759078979, 64.9726028442, 50.723815918, 25.4026203156], [-536.087219238, -9.55130577087, 25.9347171783, -109.712181091, -88.7320404053, 52.4948120117, 219.828933716, 86.3789520264, 14.7888498306, -11.8502779007, -50.4229393005, -49.9664611816, -38.4260406494], [-237.644958496, 23.264831543, 46.2212867737, -16.4081039429, -58.0047683716, 2.52385592461, 86.3789520264, 182.46937561, 101.307861328, -4.87483072281, -70.3873214722, -10.8223628998, -24.7279815674], [-10.4641828537, 27.1092414856, 44.9712867737, 28.7479000092, -37.1541252136, 21.8691062927, 14.7888498306, 101.307861328, 209.095428467, 60.6305427551, -57.4719238281, -20.7849788666, -17.1609668732], [659.425048828, 84.299156189, -37.4828720093, 147.320678711, 63.0623092651, 64.8759078979, -11.8502779007, -4.87483072281, 60.6305427551, 233.976928711, 118.597129822, 52.0397758484, 26.9115390778], [897.664916992, 53.1002197266, -86.2583312988, 162.689971924, 136.988113403, 64.9726028442, -50.4229393005, -70.3873214722, -57.4719238281, 118.597129822, 255.621246338, 160.94921875, 38.3760032654], [1029.59814453, 73.5371398926, -58.155708313, 213.181015015, 130.230041504, 50.723815918, -49.9664611816, -10.8223628998, -20.7849788666, 52.0397758484, 160.94921875, 274.859863281, 64.2638473511], [526.549377441, 18.6530132294, -8.44271755219, 124.967781067, 83.7922286987, 25.4026203156, -38.4260406494, -24.7279815674, -17.1609668732, 26.9115390778, 38.3760032654, 64.2638473511, 172.757339478]]}, "spectral_decrease": {"dmean": 2.86380941183e-09, "dvar2": 1.68445882035e-16, "mean": -1.00593302577e-08, "var": 1.45859510269e-16, "dmean2": 4.55315918302e-09, "dvar": 6.65754396954e-17, "min": -1.67630645365e-07, "median": -6.56856125048e-09, "max": 3.76161910865e-15}, "zerocrossingrate": {"dmean": 0.00324914953671, "dvar2": 0.000106688938104, "mean": 0.0335418321192, "var": 0.0077675958164, "dmean2": 0.00414276262745, "dvar": 6.52493399684e-05, "min": 0.00244140625, "median": 0.01953125, "max": 0.77880859375}, "spectral_contrast_coeffs": {"dmean": [0.0436993762851, 0.0399964489043, 0.0328028909862, 0.0274519957602, 0.0192814692855, 0.0133912805468], "dvar2": [0.0037555473391, 0.00296545098536, 0.00238881888799, 0.00131557323039, 0.00062827358488, 0.000362196005881], "mean": [-0.645233929157, -0.70513021946, -0.682097017765, -0.73687595129, -0.799628615379, -0.810796380043], "var": [0.00790464598686, 0.00873914454132, 0.0104288700968, 0.00636971974745, 0.00400987640023, 0.00228732149117], "dmean2": [0.0731537342072, 0.065363034606, 0.0508939512074, 0.0423291400075, 0.0294110160321, 0.0206729732454], "dvar": [0.00138163531665, 0.0011106232414, 0.00100131554063, 0.000595565477852, 0.000288108712994, 0.000156330497703], "min": [-0.96994805336, -0.964331686497, -0.967412889004, -0.960773468018, -0.9566873312, -0.963827252388], "median": [-0.650190114975, -0.704189300537, -0.695271372795, -0.744025886059, -0.810643076897, -0.803515315056], "max": [-0.266172319651, -0.387478560209, -0.366128832102, -0.460812926292, -0.554351806641, -0.635523498058]}, "spectral_skewness": {"dmean": 0.567678809166, "dvar2": 0.710107564926, "mean": 4.02136325836, "var": 3.02449226379, "dmean2": 0.902738809586, "dvar": 0.292263090611, "min": -0.094270594418, "median": 3.58990883827, "max": 11.911190033}, "spectral_energyband_middle_high": {"dmean": 0.000566238071769, "dvar2": 4.57160149381e-06, "mean": 0.00185227033217, "var": 8.15689327283e-06, "dmean2": 0.000775879016146, "dvar": 2.19571234084e-06, "min": 1.35952525695e-21, "median": 0.000924216175918, "max": 0.0496043600142}, "gfcc": {"icov": [[0.000260588043602, -0.000431698776083, 0.00041390224942, -0.000763625139371, 0.000437223206973, -0.000550636381377, 0.000466728321044, -0.000510638812557, 0.000306872330839, -0.000539261614904, 0.000335371121764, -0.000210432874155, 0.000253111415077], [-0.000431698776083, 0.00144962535705, -0.000519869441632, 0.00141310319304, -0.000555111095309, 0.000534994644113, -0.000254381506238, 0.000618539808784, -0.000510389741976, 0.00123444886412, -0.00128706090618, 0.00121137709357, -0.00130386161618], [0.00041390224942, -0.000519869441632, 0.00252704462036, -0.00154886429664, 0.000424639380071, -0.000435315130744, 0.000509259290993, -0.000999691197649, 0.00088357628556, -0.00125901738647, 0.00100389495492, -0.00115518050734, 0.000270891789114], [-0.000763625139371, 0.00141310319304, -0.00154886429664, 0.00392081588507, -0.000927030167077, 0.00114645750728, -0.000841044762637, 0.000603177642915, -0.00222853408195, 0.000874766614288, -0.00163351406809, 0.000954616873059, -0.000937950680964], [0.000437223206973, -0.000555111095309, 0.000424639380071, -0.000927030167077, 0.00530621083453, -0.00212960923091, 0.000332376919687, 7.65821314417e-05, -0.00130977644585, -2.94493784168e-05, -0.00143804692198, 0.000456590380054, 0.000484933960252], [-0.000550636381377, 0.000534994644113, -0.000435315130744, 0.00114645750728, -0.00212960923091, 0.00752427522093, -0.00372005766258, 0.0014726795489, 0.00074819260044, -0.000506702403072, 0.00133386696689, -0.000603555876296, 0.000643645995297], [0.000466728321044, -0.000254381506238, 0.000509259290993, -0.000841044762637, 0.000332376919687, -0.00372005766258, 0.00666472967714, -0.00313881086186, 0.000364085630281, 0.00076537381392, -0.000881919462699, 0.001811989001, -0.00253369100392], [-0.000510638812557, 0.000618539808784, -0.000999691197649, 0.000603177642915, 7.65821314417e-05, 0.0014726795489, -0.00313881086186, 0.00996826961637, -0.00406955322251, 0.00172634387854, 0.000447712896857, -0.00159876630642, 0.000661543861497], [0.000306872330839, -0.000510389741976, 0.00088357628556, -0.00222853408195, -0.00130977644585, 0.00074819260044, 0.000364085630281, -0.00406955322251, 0.00942938867956, -0.00424623349681, 0.000839615240693, 0.00137112580705, -0.0011456629727], [-0.000539261614904, 0.00123444886412, -0.00125901738647, 0.000874766614288, -2.94493784168e-05, -0.000506702403072, 0.00076537381392, 0.00172634387854, -0.00424623349681, 0.0106186838821, -0.00446875719354, 0.00191705359612, 0.00100626167841], [0.000335371121764, -0.00128706090618, 0.00100389495492, -0.00163351406809, -0.00143804692198, 0.00133386696689, -0.000881919462699, 0.000447712896857, 0.000839615240693, -0.00446875719354, 0.0116388667375, -0.00434268498793, 0.00289708422497], [-0.000210432874155, 0.00121137709357, -0.00115518050734, 0.000954616873059, 0.000456590380054, -0.000603555876296, 0.001811989001, -0.00159876630642, 0.00137112580705, 0.00191705359612, -0.00434268498793, 0.0119765242562, -0.00521463342011], [0.000253111415077, -0.00130386161618, 0.000270891789114, -0.000937950680964, 0.000484933960252, 0.000643645995297, -0.00253369100392, 0.000661543861497, -0.0011456629727, 0.00100626167841, 0.00289708422497, -0.00521463342011, 0.0116148740053]], "mean": [-134.214279175, 161.862792969, -79.6096496582, 0.324336469173, -47.6522712708, 14.6694774628, -21.6740722656, 1.93101119995, -16.1834449768, -5.49054718018, -12.9520101547, -2.05506682396, -4.66116523743], "cov": [[25008.7597656, 2423.86645508, -783.515991211, 3532.07836914, -597.727905273, 295.24697876, -855.88104248, 681.943237305, 924.918334961, 1137.74377441, 280.906311035, -255.614151001, -378.503356934], [2423.86645508, 1770.42993164, -262.579986572, -263.445678711, -35.3384666443, 36.775352478, -44.8650550842, -45.4347686768, -70.6892623901, -94.7362670898, 23.1882095337, -66.6783065796, 88.5270767212], [-783.515991211, -262.579986572, 637.383300781, 203.426574707, 11.4040107727, -32.3493003845, 11.228395462, 52.392250061, 38.834400177, 43.5569915771, 2.64645051956, 57.4071311951, 15.111951828], [3532.07836914, -263.445678711, 203.426574707, 1256.61218262, 16.7722625732, -13.077539444, -84.1555709839, 208.655487061, 372.349243164, 313.561248779, 115.90675354, -36.283618927, -75.6687393188], [-597.727905273, -35.3384666443, 11.4040107727, 16.7722625732, 283.825897217, 53.1805152893, 57.9691429138, -4.73358726501, 59.0774765015, 21.6426887512, 46.3171234131, -22.1890792847, -9.29748630524], [295.24697876, 36.775352478, -32.3493003845, -13.077539444, 53.1805152893, 224.283279419, 109.186332703, 3.20946598053, -19.1057853699, -4.33807086945, -19.5884876251, -9.19647693634, 5.62722444534], [-855.88104248, -44.8650550842, 11.228395462, -84.1555709839, 57.9691429138, 109.186332703, 315.03994751, 53.4205131531, -7.672103405, -75.9941253662, -25.0853290558, -3.7007689476, 74.1895065308], [681.943237305, -45.4347686768, 52.392250061, 208.655487061, -4.73358726501, 3.20946598053, 53.4205131531, 187.680267334, 115.580055237, 40.8545455933, 4.27450037003, 6.95019340515, 6.56522369385], [924.918334961, -70.6892623901, 38.834400177, 372.349243164, 59.0774765015, -19.1057853699, -7.672103405, 115.580055237, 283.904968262, 153.362442017, 48.6744117737, -38.7544670105, -23.4156646729], [1137.74377441, -94.7362670898, 43.5569915771, 313.561248779, 21.6426887512, -4.33807086945, -75.9941253662, 40.8545455933, 153.362442017, 250.677963257, 83.3586502075, -34.8704681396, -73.7286224365], [280.906311035, 23.1882095337, 2.64645051956, 115.90675354, 46.3171234131, -19.5884876251, -25.0853290558, 4.27450037003, 48.6744117737, 83.3586502075, 144.343933105, 14.3836650848, -32.7506370544], [-255.614151001, -66.6783065796, 57.4071311951, -36.283618927, -22.1890792847, -9.19647693634, -3.7007689476, 6.95019340515, -38.7544670105, -34.8704681396, 14.3836650848, 132.726089478, 49.2487220764], [-378.503356934, 88.5270767212, 15.111951828, -75.6687393188, -9.29748630524, 5.62722444534, 74.1895065308, 6.56522369385, -23.4156646729, -73.7286224365, -32.7506370544, 49.2487220764, 148.063537598]]}, "erbbands_spread": {"dmean": 4.07883071899, "dvar2": 102.857040405, "mean": 18.1012382507, "var": 182.462173462, "dmean2": 6.04353475571, "dvar": 44.8168640137, "min": 0.418399959803, "median": 16.7521591187, "max": 144.037109375}, "erbbands_kurtosis": {"dmean": 2.57896494865, "dvar2": 60.101348877, "mean": 6.34795618057, "var": 152.380126953, "dmean2": 3.85893106461, "dvar": 27.8639221191, "min": -1.8309828043, "median": 1.88795566559, "max": 163.736633301}, "dynamic_complexity": 6.39864873886, "erbbands_crest": {"dmean": 2.29469156265, "dvar2": 14.8707447052, "mean": 14.3750658035, "var": 51.7140617371, "dmean2": 3.39331293106, "dvar": 6.54412841797, "min": 2.17589712143, "median": 12.4128856659, "max": 33.2792930603}, "erbbands": {"dmean": [0.174045100808, 1.5065728426, 3.15493249893, 4.63823509216, 5.51813220978, 4.81643724442, 5.63215494156, 10.9356355667, 12.7655687332, 14.7939729691, 6.32896232605, 16.8787021637, 8.55195999146, 9.32583618164, 6.86845445633, 3.45484662056, 4.7285990715, 2.53411388397, 2.51727390289, 1.83381462097, 1.16727900505, 0.924636483192, 0.575282394886, 0.540824770927, 0.430722534657, 0.44272506237, 0.420297294855, 0.447542697191, 0.360610246658, 0.35184904933, 0.223790720105, 0.170994475484, 0.119829952717, 0.079567566514, 0.038131531328, 0.0164726283401, 0.00483702262864, 0.000921191065572, 9.97392271529e-05, 1.39004705488e-05], "dvar2": [1.05699765682, 73.6496658325, 354.039794922, 428.083984375, 532.954528809, 387.637512207, 644.098449707, 1222.94470215, 2679.29223633, 3136.51953125, 723.067565918, 14501.7158203, 1492.89465332, 1683.18725586, 2276.84472656, 151.990966797, 235.235534668, 92.1516418457, 106.665794373, 49.6354560852, 23.4678535461, 13.1875495911, 11.3506565094, 9.81421661377, 8.55385303497, 8.47560501099, 10.1009893417, 18.1232318878, 15.6887817383, 13.0901832581, 4.91640853882, 2.86416912079, 2.30272269249, 1.52217710018, 0.268174022436, 0.0332514345646, 0.00206449371763, 6.29986607237e-05, 7.3440480719e-07, 3.98908150956e-09], "mean": [0.395853936672, 3.80907464027, 7.56681537628, 11.0659475327, 11.882973671, 10.1989488602, 11.5222864151, 28.6193656921, 28.6709384918, 29.8277378082, 15.1165342331, 37.6137542725, 19.069524765, 25.4066009521, 16.5206832886, 7.46128368378, 9.77088451385, 5.13408088684, 4.93543195724, 4.05095338821, 2.33096122742, 2.37560534477, 1.04683148861, 0.846529722214, 0.648196339607, 0.672773778439, 0.55483341217, 0.520206212997, 0.398304343224, 0.388520866632, 0.245715126395, 0.199321955442, 0.123179763556, 0.0677895545959, 0.0345847718418, 0.0153406243771, 0.00410360936075, 0.000755269429646, 8.70710646268e-05, 4.46447993454e-05], "var": [0.582433879375, 34.5715789795, 156.96736145, 400.396850586, 480.91027832, 469.195648193, 564.767211914, 2816.88500977, 3834.90527344, 3814.29638672, 985.066223145, 23028.1523438, 1149.69824219, 4461.42285156, 2635.55834961, 176.943725586, 312.326599121, 149.518920898, 108.378181458, 55.8069076538, 20.4484291077, 48.9893951416, 6.22362470627, 4.90664052963, 3.65477108955, 4.09943199158, 3.67197823524, 4.93777894974, 3.94324946404, 3.44111132622, 1.23403060436, 1.05559468269, 0.522025644779, 0.292676895857, 0.057279728353, 0.00793240591884, 0.000477907509776, 1.53444871103e-05, 1.78413372964e-07, 3.09171310775e-09], "dmean2": [0.274373233318, 2.53524708748, 5.52686834335, 7.71437549591, 9.13731575012, 7.84711790085, 9.11525249481, 15.8233451843, 20.1015300751, 21.928237915, 9.05479431152, 22.5360126495, 12.6653184891, 12.0057697296, 9.93947505951, 5.2969956398, 7.01979541779, 3.84106302261, 3.99603009224, 2.88018584251, 1.87528991699, 1.38880574703, 0.8755620718, 0.846216082573, 0.677247524261, 0.681678712368, 0.658800601959, 0.738419234753, 0.589975833893, 0.571732342243, 0.366765469313, 0.268719494343, 0.199970662594, 0.139187902212, 0.0650267228484, 0.0274569522589, 0.00814098026603, 0.0015478314599, 0.000171948748175, 2.20443744183e-05], "dvar": [0.429713010788, 26.8857135773, 120.880828857, 161.163726807, 200.597564697, 148.02243042, 244.912063599, 568.743225098, 1043.39770508, 1490.03417969, 350.984802246, 8157.75634766, 596.922180176, 1010.49047852, 1000.16558838, 64.4351959229, 105.664031982, 50.358417511, 43.1428031921, 19.6323776245, 8.85229969025, 5.70745944977, 4.69642066956, 3.97828269005, 3.36219954491, 3.36376929283, 3.88460803032, 6.52006196976, 5.54130315781, 4.66173601151, 1.74954521656, 1.09313428402, 0.798169791698, 0.518271625042, 0.0925228074193, 0.0117267956957, 0.000734520028345, 2.27770178753e-05, 2.67217103556e-07, 1.59865043425e-09], "min": [9.80734533456e-23, 3.59330933554e-21, 1.29902301321e-20, 1.6696744062e-20, 1.96227113019e-20, 4.48364042188e-20, 2.50255946305e-19, 3.22966026877e-19, 1.61550813814e-18, 3.11925735129e-18, 7.52342687403e-19, 1.01319884986e-18, 1.16710893432e-18, 2.46209358069e-18, 3.79979972755e-18, 3.7780763103e-18, 4.9201542423e-18, 4.83798087948e-18, 6.55803223934e-18, 4.13680717117e-18, 6.16378389732e-18, 6.41940462689e-18, 8.00558549001e-18, 5.87494979821e-18, 1.19987089072e-17, 1.45502558673e-17, 2.01719258571e-17, 2.02457285657e-17, 1.12755371577e-17, 1.41935954395e-17, 1.8467071873e-17, 1.60999737819e-17, 1.35976994893e-17, 1.09640565078e-17, 7.29425152224e-18, 5.55682812874e-18, 2.97692334931e-18, 1.32748033334e-18, 3.0610265762e-19, 3.27536219148e-20], "median": [0.155174419284, 1.96973419189, 3.18660163879, 2.79862499237, 3.31120538712, 2.94053483009, 3.78642320633, 7.19778585434, 6.70509195328, 6.2803068161, 5.32974624634, 8.60926246643, 7.67952251434, 8.10109138489, 4.68752098083, 2.31171560287, 2.92105174065, 1.43720579147, 1.06089150906, 0.921529650688, 0.642198264599, 0.437386453152, 0.231177523732, 0.175979405642, 0.114364281297, 0.112108498812, 0.0933958441019, 0.0699114948511, 0.0432386249304, 0.0448710992932, 0.0362076610327, 0.0200362503529, 0.00973852537572, 0.0044138468802, 0.00274628121406, 0.00149827124551, 0.000353140407242, 5.14508719789e-05, 1.73055614141e-05, 2.87383700197e-05], "max": [12.3825292587, 96.4148788452, 267.673370361, 324.19631958, 319.330596924, 362.293762207, 485.311798096, 623.380126953, 810.402099609, 1005.71856689, 773.2265625, 4295.15185547, 699.071716309, 1452.44726562, 1475.34851074, 256.921875, 279.235473633, 400.85647583, 149.673568726, 132.034545898, 73.1031723022, 100.62865448, 84.3582000732, 47.8968544006, 56.1923980713, 59.9766616821, 50.9005737305, 69.8648376465, 99.8607711792, 58.1247520447, 40.5265617371, 36.549823761, 32.5903396606, 23.8953895569, 10.9861211777, 2.78024482727, 0.781406223774, 0.099962092936, 0.0108127342537, 0.000770207552705]}, "silence_rate_30dB": {"dmean": 0.0438720397651, "dvar2": 0.0921796932817, "mean": 0.926470577717, "var": 0.0681263804436, "dmean2": 0.0877513736486, "dvar": 0.0419459939003, "min": 0, "median": 1, "max": 1}, "silence_rate_60dB": {"dmean": 0.0169505607337, "dvar2": 0.0369115136564, "mean": 0.237620472908, "var": 0.18116183579, "dmean2": 0.0339039377868, "dvar": 0.0166644584388, "min": 0, "median": 0, "max": 1}, "spectral_energyband_middle_low": {"dmean": 0.00424357457086, "dvar2": 0.000172686835867, "mean": 0.0143582746387, "var": 0.000339362712111, "dmean2": 0.00649005966261, "dvar": 7.44217468309e-05, "min": 4.23836713289e-22, "median": 0.00707584898919, "max": 0.170379698277}, "spectral_spread": {"dmean": 491749.8125, "dvar2": 1116667510780.0, "mean": 2748005.5, "var": 6501774131200.0, "dmean2": 733608.9375, "dvar": 567595040768, "min": 499449.8125, "median": 2269435.75, "max": 39923520}, "barkbands": {"dmean": [0.000167570644408, 0.0064219487831, 0.00275607593358, 0.00175983202644, 0.00147712102626, 0.00120668578893, 0.00105950725265, 0.000239303568378, 0.000719650939573, 0.000298786064377, 0.000200155613129, 9.62374542723e-05, 9.82468191069e-05, 6.08150621701e-05, 3.91310022678e-05, 2.26110932999e-05, 1.62703563547e-05, 9.75822240434e-06, 1.00017687146e-05, 9.02520423551e-06, 1.10120208774e-05, 1.03617749119e-05, 8.9213353931e-06, 7.31298541723e-06, 6.27724921287e-06, 2.96477492157e-06, 5.21788933838e-07], "dvar2": [1.06812171907e-06, 0.00129528681282, 0.000273246143479, 5.5918142607e-05, 3.56870914402e-05, 1.82913299795e-05, 1.40356287375e-05, 8.55710709402e-07, 2.1299423679e-0