{"tonal": {"hpcp": {"dvar": [0.060707859695, 0.0500719957054, 0.0325435623527, 0.0245860088617, 0.0187075585127, 0.0192129313946, 0.022150952369, 0.0240254066885, 0.0255952887237, 0.0282848980278, 0.0342106409371, 0.0311750210822, 0.0370367690921, 0.0411031283438, 0.0476515963674, 0.0514741577208, 0.0549141168594, 0.0480262339115, 0.0419207960367, 0.0460212565958, 0.0416927970946, 0.033928334713, 0.0337839834392, 0.0398628227413, 0.0631362721324, 0.0257918201387, 0.0146122593433, 0.015430024825, 0.0156774409115, 0.0101265348494, 0.0159721653908, 0.0293501783162, 0.0433211140335, 0.0549306608737, 0.0567882433534, 0.0625629723072], "var": [0.0745292529464, 0.0611361451447, 0.0267294812948, 0.0192696712911, 0.018642552197, 0.0160208214074, 0.0347033590078, 0.0422073751688, 0.0223965067416, 0.0316405147314, 0.036124356091, 0.0312768779695, 0.0477430745959, 0.051182385534, 0.0420475751162, 0.0501693151891, 0.0691387355328, 0.0529601424932, 0.072540268302, 0.11070547998, 0.0814327523112, 0.0553411394358, 0.0501098223031, 0.0438666082919, 0.0806085914373, 0.0434820391238, 0.0149107575417, 0.0274677108973, 0.04039536044, 0.0161964315921, 0.0133224036545, 0.0224718321115, 0.0390266925097, 0.0949548333883, 0.127065360546, 0.0907247811556], "median": [0.0745903626084, 0.046933837235, 0.0260354839265, 0.0262363553047, 0.0317357331514, 0.0233983304352, 0.0171316806227, 0.0210058074445, 0.0348669700325, 0.0431025400758, 0.0369952432811, 0.0278153363615, 0.025335829705, 0.0226174127311, 0.0225945673883, 0.023361582309, 0.0205847900361, 0.0480133406818, 0.125914260745, 0.197932481766, 0.13062261045, 0.0585774593055, 0.0255329683423, 0.0266315396875, 0.0171242523938, 0.0139555381611, 0.0225302837789, 0.040215652436, 0.0325746499002, 0.0186613239348, 0.0164535567164, 0.0196592882276, 0.0489508286119, 0.150619342923, 0.215710654855, 0.131507590413], "max": [1, 1, 1, 1, 1, 1, 1, 1, 1, 1, 1, 1, 1, 1, 1, 1, 1, 1, 1, 1, 1, 1, 1, 1, 1, 1, 1, 1, 1, 1, 1, 1, 1, 1, 1, 1], "dmean": [0.187666490674, 0.146703884006, 0.0948083549738, 0.0726970210671, 0.0646403878927, 0.0588388182223, 0.0651329532266, 0.0738769993186, 0.0851783156395, 0.0959678888321, 0.0990762412548, 0.0897104740143, 0.092081785202, 0.103391878307, 0.115494892001, 0.126708492637, 0.135218858719, 0.138835608959, 0.163981631398, 0.174774602056, 0.153132766485, 0.115112841129, 0.0892794877291, 0.11230789125, 0.129044115543, 0.0774906054139, 0.049418233335, 0.0668950378895, 0.0655521154404, 0.0453071966767, 0.0518533363938, 0.0783981606364, 0.129562795162, 0.194324851036, 0.199879199266, 0.2067810148], "dmean2": [0.33550786972, 0.262632548809, 0.172897666693, 0.132032647729, 0.115816034377, 0.105166606605, 0.115134738386, 0.131195768714, 0.152682930231, 0.171725928783, 0.176783427596, 0.158500477672, 0.163852617145, 0.185794427991, 0.211696222425, 0.231628015637, 0.245308935642, 0.247742414474, 0.281971544027, 0.301197230816, 0.256307482719, 0.198232144117, 0.157872959971, 0.205901280046, 0.24120144546, 0.141906872392, 0.0884890928864, 0.113717786968, 0.110023967922, 0.0777145177126, 0.0933259427547, 0.143786400557, 0.233106166124, 0.338736474514, 0.3464166224, 0.362472206354], "mean": [0.204432353377, 0.157727494836, 0.087163053453, 0.0720040500164, 0.0764303952456, 0.0625932663679, 0.0834980085492, 0.0971292331815, 0.0894218459725, 0.111339069903, 0.109253510833, 0.0924672037363, 0.107507064939, 0.114235579967, 0.103269517422, 0.12015671283, 0.141602873802, 0.146557852626, 0.244430929422, 0.332450568676, 0.256219357252, 0.159592479467, 0.117951452732, 0.12365476042, 0.144585460424, 0.0997801944613, 0.0593068413436, 0.0967928767204, 0.104480832815, 0.0613021701574, 0.0521502494812, 0.0683731287718, 0.124002479017, 0.282797962427, 0.356084108353, 0.262834399939], "dvar2": [0.169300913811, 0.133362025023, 0.0909506604075, 0.0705827847123, 0.0524869933724, 0.0538632459939, 0.059717208147, 0.0661409422755, 0.0729190632701, 0.0797892585397, 0.092980325222, 0.0828273743391, 0.0994203239679, 0.114932224154, 0.134737104177, 0.142512485385, 0.147052675486, 0.127335995436, 0.11236821115, 0.12249994278, 0.108640633523, 0.0886570811272, 0.0895072743297, 0.116904564202, 0.184415221214, 0.0729807317257, 0.0413217544556, 0.041657757014, 0.0399597883224, 0.0272303652018, 0.0443522632122, 0.081614330411, 0.119920402765, 0.147647157311, 0.146346613765, 0.168118104339], "min": [0, 0, 0, 0, 0, 0, 0, 0, 0, 0, 0, 0, 0, 0, 0, 0, 0, 0, 0, 0, 0, 0, 0, 0, 0, 0, 0, 0, 0, 0, 0, 0, 0, 0, 0, 0]}, "key_key": "G#", "thpcp": [1, 0.738124489784, 0.574112534523, 0.442950099707, 0.244782209396, 0.20221079886, 0.214641407132, 0.175782248378, 0.234489560127, 0.272770494223, 0.251125633717, 0.312676310539, 0.306819409132, 0.25967797637, 0.301914811134, 0.320810675621, 0.290014386177, 0.337439119816, 0.397666931152, 0.411582112312, 0.686441540718, 0.933629333973, 0.719547271729, 0.448187589645, 0.331246048212, 0.34726279974, 0.406042993069, 0.280215233564, 0.166552901268, 0.271825879812, 0.293416172266, 0.172156438231, 0.146454870701, 0.192013978958, 0.348239302635, 0.794188678265], "chords_key": "G#", "tuning_equal_tempered_deviation": 0.183033317327, "tuning_frequency": 434.695007324, "tuning_diatonic_strength": 0.556107759476, "chords_histogram": [23.3532924652, 1.82561707497, 0, 0.540382623672, 0.569592535496, 3.79728341103, 0.321308612823, 45.1730690002, 2.40981459618, 0, 0.452753037214, 1.53351831436, 7.11260414124, 0, 1.81101214886, 2.08850598335, 0.496567845345, 1.60654306412, 0.0876296162605, 0.788666546345, 0.452753037214, 1.08076524734, 1.97166645527, 2.52665400505], "key_strength": 0.665615618229, "key_scale": "minor", "chords_strength": {"dvar": 0.000315280049108, "var": 0.0376947894692, "median": 0.576941847801, "max": 0.833862841129, "dmean": 0.00739938253537, "dmean2": 0.00854825321585, "mean": 0.538829445839, "dvar2": 0.000605868524872, "min": -1}, "chords_number_rate": 0.00189864169806, "tuning_nontempered_energy_ratio": 0.945331037045, "hpcp_entropy": {"dvar": 0.282136917114, "var": 0.561054825783, "median": 2.28253912926, "max": 4.43465042114, "dmean": 0.62282115221, "dmean2": 1.06828200817, "mean": 2.24313759804, "dvar2": 0.833511948586, "min": 0}, "chords_changes_rate": 0.0457134507596, "chords_scale": "major"}, "rhythm": {"bpm_histogram_first_peak_spread": {"dvar": 0, "var": 0, "median": 0.309523761272, "max": 0.309523761272, "dmean": 0, "dmean2": 0, "mean": 0.309523761272, "dvar2": 0, "min": 0.309523761272}, "bpm_histogram_first_peak_weight": {"dvar": 0, "var": 0, "median": 0.238095238805, "max": 0.238095238805, "dmean": 0, "dmean2": 0, "mean": 0.238095238805, "dvar2": 0, "min": 0.238095238805}, "bpm_histogram_first_peak_bpm": {"dvar": 0, "var": 0, "median": 115, "max": 115, "dmean": 0, "dmean2": 0, "mean": 115, "dvar2": 0, "min": 115}, "bpm": 114.467056274, "bpm_histogram_second_peak_weight": {"dvar": 0, "var": 0, "median": 0.133004918694, "max": 0.133004918694, "dmean": 0, "dmean2": 0, "mean": 0.133004918694, "dvar2": 0, "min": 0.133004918694}, "beats_loudness": {"dvar": 0.000303575128783, "var": 0.000789874058682, "median": 0.00970494002104, "max": 0.145135164261, "dmean": 0.0119083905593, "dmean2": 0.0205058380961, "mean": 0.0223835967481, "dvar2": 0.000852067896631, "min": 1.84473741838e-10}, "beats_loudness_band_ratio": {"dvar": [0.024105720222, 0.00443425262347, 0.00499539636075, 0.0106629403308, 0.00166946800891, 0.00469671189785], "var": [0.068428568542, 0.00778181198984, 0.0104604363441, 0.0300032217056, 0.0035699242726, 0.0145865287632], "median": [0.528482675552, 0.071239694953, 0.0627895593643, 0.111449755728, 0.0579085685313, 0.0595782883465], "max": [0.981455683708, 0.527905166149, 0.919223189354, 0.947981119156, 0.326086878777, 0.955076813698], "dmean": [0.18636341393, 0.0664974302053, 0.0570691674948, 0.0937463641167, 0.0413286425173, 0.0488177910447], "dmean2": [0.322100281715, 0.118055708706, 0.0992021486163, 0.165027439594, 0.070921599865, 0.0844403505325], "mean": [0.506438553333, 0.0943577215075, 0.0901531502604, 0.168629154563, 0.0752831250429, 0.0919528305531], "dvar2": [0.0679680928588, 0.0122186820954, 0.0124666215852, 0.0288558602333, 0.00456098327413, 0.0121753243729], "min": [1.8384056375e-06, 1.3181792724e-07, 3.40305490454e-07, 0.00219852710143, 0.000560116779525, 8.38333289721e-05]}, "bpm_histogram_second_peak_bpm": {"dvar": 0, "var": 0, "median": 172, "max": 172, "dmean": 0, "dmean2": 0, "mean": 172, "dvar2": 0, "min": 172}, "onset_rate": 1.71416401863, "beats_count": 610, "beats_position": [0.731428563595, 1.47446703911, 2.22911548615, 2.99537420273, 3.75002264977, 4.5046710968, 5.24770975113, 5.94430828094, 6.64090681076, 7.32589578629, 8.0224943161, 8.71909236908, 9.41569137573, 10.1006803513, 10.7972784042, 11.4938774109, 12.1904764175, 12.8870744705, 13.5836734772, 14.2802715302, 14.9768705368, 15.6734695435, 16.3700675964, 17.0666656494, 17.7632656097, 18.4598636627, 19.1564617157, 19.853061676, 20.549659729, 21.246257782, 21.942855835, 22.6394557953, 23.3360538483, 24.0326519012, 24.7292518616, 25.4374599457, 26.1456680298, 26.8422679901, 27.5504760742, 28.2586841583, 28.9552822113, 29.6518821716, 30.3484802246, 31.0450782776, 31.7416782379, 32.4382743835, 33.1348762512, 33.8314743042, 34.539680481, 35.2478904724, 35.9561004639, 36.6643066406, 37.3725166321, 38.0807266235, 38.7541046143, 39.427482605, 40.1008605957, 40.7742385864, 41.4360084534, 42.1442184448, 42.8408164978, 43.5490226746, 44.257232666, 44.9654426575, 45.6736488342, 46.3702468872, 47.0668487549, 47.7634468079, 48.4600448608, 49.1566429138, 49.8532409668, 50.5498390198, 51.2464370728, 51.9430389404, 52.6396369934, 53.3478431702, 54.0560531616, 54.7642631531, 55.4608612061, 56.157459259, 56.819229126, 57.4693870544, 58.1195449829, 58.7813148499, 59.4314727783, 59.9655303955, 60.4995918274, 61.0220413208, 61.5328788757, 62.0437164307, 62.5661659241, 63.0886154175, 63.6226730347, 64.1451263428, 64.6675720215, 65.1900177002, 65.7124710083, 66.234916687, 66.7573699951, 67.2798156738, 67.8022689819, 68.3131027222, 68.6614074707, 69.0097045898, 69.3463897705, 69.6830825806, 70.0197753906, 70.3564605713, 70.6931533813, 71.029838562, 71.3781356812, 71.7264404297, 72.0747375488, 72.423034668, 72.759727478, 73.1080245972, 73.4447174072, 73.7930145264, 74.1413116455, 74.5012207031, 74.8495254517, 75.2094345093, 75.5693435669, 75.9060287476, 76.2543258667, 76.6026306152, 76.9509277344, 77.2992248535, 77.6475296021, 77.9958267212, 78.3441238403, 78.6924285889, 79.040725708, 79.3890228271, 79.7373199463, 80.0856246948, 80.433921814, 80.7822189331, 81.1305236816, 81.4788208008, 81.8271179199, 82.1754150391, 82.5237197876, 82.8720169067, 83.2203140259, 83.5686187744, 83.9169158936, 84.2652130127, 84.6135101318, 84.9618148804, 85.3101119995, 85.6584091187, 86.0067138672, 86.3550109863, 86.7033081055, 87.0516052246, 87.3999099731, 87.7482070923, 88.0965042114, 88.44480896, 88.7931060791, 89.1297912598, 89.4664840698, 89.814781189, 90.1630859375, 90.5113830566, 90.8596801758, 91.2079772949, 91.544670105, 91.8929672241, 92.2528762817, 92.6127853394, 92.972694397, 93.3209991455, 93.6692962646, 94.0175933838, 94.3658905029, 94.7141952515, 95.0624923706, 95.4107894897, 95.7590942383, 96.1073913574, 96.4556884766, 96.8039855957, 97.1522903442, 97.4889755249, 97.825668335, 98.1739654541, 98.5106582642, 98.8589553833, 99.2072525024, 99.555557251, 99.9154663086, 100.275375366, 100.635284424, 100.995193481, 101.355102539, 101.715011597, 102.074920654, 102.434829712, 102.79473877, 103.154647827, 103.514556885, 103.874465942, 104.245986938, 104.629112244, 105.012245178, 105.383758545, 105.743675232, 106.10358429, 106.475097656, 106.835006714, 107.194915771, 107.566436768, 107.926345825, 108.286254883, 108.657775879, 109.017684937, 109.389205933, 109.760726929, 110.132240295, 110.503761292, 110.875282288, 111.246803284, 111.629928589, 112.013061523, 112.38457489, 112.756095886, 113.116004944, 113.475914001, 113.835823059, 114.195732117, 114.544036865, 114.892333984, 115.240631104, 115.588935852, 115.937232971, 116.297142029, 116.657051086, 117.016960144, 117.376869202, 117.725166321, 118.085075378, 118.444984436, 118.804893494, 119.164802551, 119.536323547, 119.907844543, 120.27936554, 120.650878906, 121.022399902, 121.393920898, 121.765441895, 122.136962891, 122.496871948, 122.856781006, 123.205078125, 123.564987183, 123.92489624, 124.284805298, 124.633102417, 124.981407166, 125.329704285, 125.678001404, 126.026298523, 126.386207581, 126.746116638, 127.106025696, 127.465942383, 127.83745575, 128.208984375, 128.580490112, 128.94039917, 129.311920166, 129.671829224, 130.04335022, 130.414871216, 130.786392212, 131.157913208, 131.529434204, 131.9009552, 132.423400879, 132.957458496, 133.491516113, 134.013961792, 134.536407471, 135.058868408, 135.581314087, 136.103759766, 136.626205444, 137.148666382, 137.671112061, 138.193557739, 138.727615356, 139.273284912, 139.807342529, 140.353012085, 140.898681641, 141.560455322, 142.222213745, 142.965255737, 143.708297729, 144.416503906, 145.124710083, 145.856140137, 146.58757019, 147.295776367, 148.003982544, 148.712203979, 149.408798218, 150.117004395, 150.813598633, 151.51020813, 152.206802368, 152.903396606, 153.599990845, 154.296600342, 154.99319458, 155.689788818, 156.386398315, 157.082992554, 157.779586792, 158.47618103, 159.172790527, 159.869384766, 160.565979004, 161.262588501, 161.947570801, 162.620956421, 163.305938721, 163.932876587, 164.559814453, 165.175140381, 165.790466309, 166.405807495, 167.009521484, 167.613235474, 168.216964722, 168.809066772, 169.412780762, 170.01651001, 170.620223999, 171.177505493, 171.734786987, 172.292053223, 172.860946655, 173.429840088, 173.987121582, 174.544403076, 175.101669312, 175.670562744, 176.239456177, 176.808334351, 177.388839722, 177.980941772, 178.584671021, 179.18838501, 179.780502319, 180.395828247, 181.011154175, 181.649703979, 182.288253784, 182.984848022, 183.681442261, 184.366439819, 185.051422119, 185.736419678, 186.421401978, 187.106384277, 187.791381836, 188.476364136, 189.126525879, 189.776687622, 190.426849365, 191.07699585, 191.727157593, 192.377319336, 193.027481079, 193.689254761, 194.351013184, 194.943130493, 195.523620605, 196.104125977, 196.649795532, 197.207077026, 197.764343262, 198.310012817, 198.867294312, 199.412963867, 199.970245361, 200.527526855, 201.073196411, 201.630477905, 202.28062439, 202.930786133, 203.592559814, 204.265930176, 204.916091919, 205.577865601, 206.239639282, 206.889785767, 207.53994751, 208.190109253, 208.840270996, 209.502029419, 210.163803101, 210.813964844, 211.475738525, 212.172332764, 212.741226196, 213.286895752, 213.844161987, 214.389831543, 214.947113037, 215.504394531, 216.061676025, 216.595733643, 217.141403198, 217.675460815, 218.221130371, 218.74357605, 219.254425049, 219.776870728, 220.287704468, 220.810150146, 221.332611084, 221.843444824, 222.365890503, 222.888336182, 223.410797119, 223.933242798, 224.455688477, 224.978134155, 225.500579834, 226.023040771, 226.533874512, 227.044708252, 227.578765869, 228.101226807, 228.623672485, 229.146118164, 229.668563843, 230.20262146, 230.725082397, 231.259140015, 231.781585693, 232.304031372, 232.838088989, 233.348922729, 233.871383667, 234.382217407, 234.904663086, 235.427108765, 235.949569702, 236.472015381, 236.99446106, 237.516906738, 238.039367676, 238.561813354, 239.072647095, 239.595092773, 240.117553711, 240.63999939, 241.162445068, 241.684890747, 242.207336426, 242.729797363, 243.252243042, 243.774688721, 244.297134399, 244.819580078, 245.342041016, 245.864486694, 246.386932373, 246.909378052, 247.431838989, 247.965896606, 248.499954224, 249.022399902, 249.55645752, 250.078903198, 250.601348877, 251.112197876, 251.623031616, 252.145477295, 252.667938232, 253.190383911, 253.71282959, 254.235275269, 254.757720947, 255.280181885, 255.791015625, 256.313476562, 256.835906982, 257.35836792, 257.88079834, 258.403259277, 258.925720215, 259.436553955, 259.958984375, 260.493041992, 261.027130127, 261.549560547, 262.060394287, 262.582855225, 263.105316162, 263.627746582, 264.15020752, 264.672637939, 265.195098877, 265.705932617, 266.228393555, 266.750823975, 267.273284912, 267.79574585, 268.31817627, 268.840637207, 269.374694824, 269.897125244, 270.419586182, 270.942047119, 271.464477539, 271.975311279, 272.486175537, 273.008605957, 273.531066895, 274.065124512, 274.587554932, 275.110015869, 275.632476807, 276.154907227, 276.665740967, 277.188201904, 277.722259521, 278.244720459, 278.755554199, 279.277984619, 279.800445557, 280.322906494, 280.845336914, 281.379394531, 281.913452148, 282.435913086, 282.969970703, 283.50402832, 283.980041504, 284.456054688, 284.932067871, 285.466125488, 285.988555908, 286.522613525, 287.045074463, 287.5675354, 288.08996582, 288.612426758, 289.134857178, 289.657318115, 290.179779053, 290.702209473, 291.22467041, 291.74710083, 292.269561768, 292.792022705, 293.314453125, 293.836914062, 294.359344482, 294.88180542, 295.404266357, 295.926696777, 296.449157715, 296.971618652, 297.494049072, 298.028106689, 298.562164307, 299.096221924, 299.630279541, 300.164337158, 300.698394775, 301.232452393, 301.75491333, 302.277374268, 302.799804688, 303.322265625, 303.844696045, 304.37878418, 304.854766846, 305.330780029, 305.806793213, 306.294403076, 306.782043457, 307.26965332, 307.757263184, 308.244903564, 308.744110107, 309.278167725, 309.800628662, 310.334686279, 310.868743896, 311.402801514, 311.925262451, 312.424468994, 312.935333252, 313.446166992, 313.957000732, 314.467834473, 314.99029541, 315.51272583, 316.035186768, 316.557647705, 317.068481445], "danceability": 0.95523673296, "bpm_histogram_second_peak_spread": {"dvar": 0, "var": 0, "median": 0, "max": 0, "dmean": 0, "dmean2": 0, "mean": 0, "dvar2": 0, "min": 0}}, "lowlevel": {"spectral_flux": {"dvar": 0.000441755313659, "var": 0.00244441162795, "median": 0.052771538496, "max": 0.307647705078, "dmean": 0.0157354958355, "dmean2": 0.0255739446729, "mean": 0.0673628300428, "dvar2": 0.00118613347877, "min": 1.04703051784e-10}, "spectral_rolloff": {"dvar": 729478.5625, "var": 6404075, "median": 1399.65820312, "max": 21576.2695312, "dmean": 638.490356445, "dmean2": 1123.6418457, "mean": 2011.37133789, "dvar2": 1961730.125, "min": 21.533203125}, "barkbands_flatness_db": {"dvar": 0.000462382420665, "var": 0.00696041993797, "median": 0.127953931689, "max": 0.63245511055, "dmean": 0.0227864850312, "dmean2": 0.0390402041376, "mean": 0.145620405674, "dvar2": 0.0013489011908, "min": 0.0221938956529}, "spectral_centroid": {"dvar": 43934.2421875, "var": 566842.375, "median": 1984.07470703, "max": 10863.2050781, "dmean": 216.507324219, "dmean2": 348.157562256, "mean": 1904.63623047, "dvar2": 109497.148438, "min": 203.573776245}, "melbands_skewness": {"dvar": 0.732774794102, "var": 3.4062025547, "median": 2.46789050102, "max": 13.1138219833, "dmean": 0.881362199783, "dmean2": 1.50477206707, "mean": 2.8036775589, "dvar2": 2.23113155365, "min": -0.908175766468}, "melbands": {"dvar": [1.38410368891e-05, 8.78818900674e-06, 4.71175169992e-08, 2.88937105353e-08, 9.33231181222e-09, 4.85042228604e-09, 4.76120520787e-09, 2.47392595298e-09, 1.10576809931e-08, 6.35080565914e-09, 5.95124971525e-09, 7.75920927509e-09, 1.78695263031e-08, 7.07643899034e-09, 2.80786771611e-08, 9.05329056167e-09, 4.40098180121e-09, 5.70358871244e-09, 3.04528446904e-09, 2.31626451352e-09, 5.91101279035e-10, 1.67875979784e-09, 3.04587577382e-10, 4.613156801e-10, 2.97773361524e-10, 1.94601779135e-10, 5.21795107122e-10, 2.42194458933e-10, 1.09005179882e-10, 4.67894278877e-10, 9.63114588082e-10, 2.22061993793e-10, 3.29387732367e-11, 2.24546770067e-11, 9.42295894091e-12, 4.96724189558e-12, 4.53958051705e-12, 7.51627319412e-12, 9.95054559583e-12, 1.3485641423e-11], "var": [2.24300438276e-05, 1.77766269189e-05, 8.57008330968e-08, 5.3096915309e-08, 2.39789095247e-08, 1.36131630413e-08, 1.28723893766e-08, 6.19411411051e-09, 3.08844398944e-08, 1.18801448679e-08, 1.24047039307e-08, 1.53567718542e-08, 2.90149362314e-08, 1.55382906541e-08, 1.19619085126e-06, 2.13084319967e-07, 9.80792425054e-09, 1.1003758793e-08, 8.18682810433e-09, 8.08288280751e-09, 1.87487292358e-09, 2.89625812222e-09, 6.21747153762e-10, 7.59663054684e-10, 8.10976896748e-10, 5.68930014211e-10, 4.07896960652e-09, 2.01667083033e-09, 1.72173497681e-10, 1.04654740429e-09, 1.76802483765e-09, 3.27818605594e-10, 7.53191120584e-11, 4.6248063712e-10, 2.8032923205e-11, 1.22270900002e-11, 1.28851486772e-11, 4.65002585048e-11, 3.91999731286e-11, 3.58860233196e-11], "median": [0.000575997750275, 0.000567684823181, 0.00019970543508, 9.45559877437e-05, 4.29921565228e-05, 3.01117433992e-05, 1.75816312549e-05, 1.08206386358e-05, 3.08687303914e-05, 3.33360330842e-05, 3.27196212311e-05, 2.85299065581e-05, 1.7573376681e-05, 1.67943908309e-05, 2.94484179904e-05, 1.30108373924e-05, 1.52890679601e-05, 1.17798226711e-05, 6.20560422249e-06, 4.91229138788e-06, 4.01434635933e-06, 5.82945813221e-06, 3.28296096086e-06, 2.99683642879e-06, 4.66075152872e-06, 5.78446997679e-06, 4.88246860186e-06, 2.43695149038e-06, 1.76430819465e-06, 1.81201460236e-06, 1.21811615372e-06, 5.43500675576e-07, 3.44628489302e-07, 2.15775287415e-07, 1.439410795e-07, 9.72129612364e-08, 5.17126110822e-08, 3.03115470501e-08, 1.46762300091e-08, 6.60896048998e-09], "max": [0.0388901121914, 0.0396906882524, 0.00430612498894, 0.00283238384873, 0.00338145834394, 0.00156649143901, 0.00211923848838, 0.00255699106492, 0.00320322089829, 0.00233892933466, 0.00154710665811, 0.00372423883528, 0.00680369324982, 0.00251536234282, 0.0170742049813, 0.0069385189563, 0.00388605496846, 0.00321116670966, 0.00195400463417, 0.00209106714465, 0.000768899917603, 0.000781075679697, 0.000454756373074, 0.000611362745985, 0.000384121522075, 0.000233189552091, 0.00120705715381, 0.000830075121485, 0.00031578814378, 0.000936054449994, 0.00160527555272, 0.000748272403143, 0.000340805796441, 0.000467473117169, 6.63723258185e-05, 6.0715006839e-05, 4.57545138488e-05, 0.000115705515782, 0.000139433250297, 0.000157182308612], "dmean": [0.00201488332823, 0.00134930678178, 0.00015474850079, 9.64237406151e-05, 5.07215117977e-05, 3.87189102184e-05, 3.08466660499e-05, 1.89227321243e-05, 5.10687459609e-05, 3.67517059203e-05, 3.91854518966e-05, 3.90899149352e-05, 4.46504418505e-05, 3.13098425977e-05, 5.42984307685e-05, 2.67662126134e-05, 2.18768018385e-05, 2.88908922812e-05, 1.61730531545e-05, 1.29903737616e-05, 8.4531657194e-06, 1.96448963834e-05, 6.55017674944e-06, 6.93851416145e-06, 8.4943640104e-06, 7.82117695053e-06, 6.55630219626e-06, 3.68037058252e-06, 3.03745764541e-06, 5.59350291951e-06, 5.99212717134e-06, 2.59947410086e-06, 1.59642127073e-06, 1.56736950885e-06, 1.09085715394e-06, 7.15924272754e-07, 8.82630274646e-07, 8.65413937845e-07, 6.34963896573e-07, 7.21363733192e-07], "dmean2": [0.00358737586066, 0.00226464145817, 0.000271361641353, 0.000157631060574, 8.23530863272e-05, 6.27760819043e-05, 5.17121043231e-05, 3.11595758831e-05, 7.44874705561e-05, 5.80839368922e-05, 6.26755645499e-05, 6.34785537841e-05, 7.42737101973e-05, 5.29828030267e-05, 8.8196946308e-05, 4.32866472693e-05, 3.53201940015e-05, 4.84002957819e-05, 2.60817614617e-05, 2.11971509998e-05, 1.39998282975e-05, 3.36868652084e-05, 1.11341551019e-05, 1.18595153253e-05, 1.37258912218e-05, 1.24391226564e-05, 1.07068453872e-05, 5.94353923589e-06, 5.22836171513e-06, 9.26235861698e-06, 9.56800613494e-06, 4.27784334533e-06, 2.49221739068e-06, 2.49539698416e-06, 1.7380365307e-06, 1.15974830805e-06, 1.36477751767e-06, 1.37420943247e-06, 9.59861154115e-07, 1.10009443688e-06], "mean": [0.00284731271677, 0.00200162176043, 0.000273486366495, 0.000167170350323, 8.54533427628e-05, 6.93248148309e-05, 5.34843202331e-05, 3.28259629896e-05, 8.69869254529e-05, 6.77403368172e-05, 6.89079897711e-05, 6.94064729032e-05, 6.9855399488e-05, 5.32475387445e-05, 0.000194990978343, 9.07386202016e-05, 4.0257917135e-05, 5.2902072639e-05, 3.18049387715e-05, 2.58775617112e-05, 1.67310845427e-05, 3.05392932205e-05, 1.26597979033e-05, 1.26071336126e-05, 1.70825514942e-05, 1.68332317116e-05, 1.66881018231e-05, 1.02781332316e-05, 6.03311264058e-06, 1.09233906187e-05, 1.17064710139e-05, 4.65809898742e-06, 3.52657502845e-06, 5.1585006986e-06, 2.34184813053e-06, 1.5923033061e-06, 1.93253754333e-06, 2.27638247452e-06, 1.62169931173e-06, 1.45145804709e-06], "dvar2": [4.26991318818e-05, 2.14580795728e-05, 1.32623881655e-07, 7.41671897231e-08, 2.06857677654e-08, 1.18541221283e-08, 1.30911299578e-08, 6.63833654713e-09, 2.05152144162e-08, 1.68267089151e-08, 1.53650763224e-08, 2.10652473243e-08, 4.75366874753e-08, 1.92204687721e-08, 5.87199266988e-08, 2.01947436551e-08, 9.17570908143e-09, 1.39685800704e-08, 7.00633639994e-09, 5.67572566723e-09, 1.53108858925e-09, 4.74228967207e-09, 8.34292135377e-10, 1.29440513863e-09, 7.7603801163e-10, 4.81997775026e-10, 1.29237887059e-09, 5.84279902238e-10, 3.16600412553e-10, 1.16436915665e-09, 2.49443643519e-09, 5.89435278364e-10, 7.78864125972e-11, 5.55863237384e-11, 2.23327606408e-11, 1.25051765817e-11, 1.05949936324e-11, 1.93344212168e-11, 2.251346852e-11, 2.75044674536e-11], "min": [1.10975887184e-23, 5.36363332197e-24, 3.84594855958e-24, 1.30142438279e-23, 2.40579352027e-23, 9.5467599651e-24, 1.83209821348e-23, 7.62184942622e-24, 7.18191195457e-24, 1.89530174921e-23, 1.97307649249e-23, 5.46908824778e-24, 9.54294424491e-24, 1.57885840123e-23, 1.26987807185e-23, 1.41110712974e-23, 7.84021953542e-24, 1.25399459418e-23, 3.73060447346e-24, 1.05147017621e-23, 8.55748658033e-24, 6.38845001812e-24, 6.20996116642e-24, 1.03901209037e-23, 1.66936188854e-23, 1.20701003867e-23, 1.10427904956e-23, 4.74413059791e-24, 1.06625926715e-23, 7.3386956929e-24, 9.79094160312e-24, 1.2534075239e-23, 1.22893390317e-23, 1.65812267167e-23, 8.71702817638e-24, 7.64541427918e-24, 8.96286563344e-24, 1.11292386068e-23, 8.82893756212e-24, 1.01797190785e-23]}, "spectral_decrease": {"dvar": 1.56045256822e-17, "var": 5.2733577996e-17, "median": -2.3127095794e-09, "max": 2.28618063669e-17, "dmean": 2.2456465576e-09, "dmean2": 3.82862896942e-09, "mean": -5.42071809662e-09, "dvar2": 4.37706062204e-17, "min": -5.19978868851e-08}, "barkbands_kurtosis": {"dvar": 18.2337913513, "var": 66.7185058594, "median": 0.43621134758, "max": 115.989616394, "dmean": 2.54217171669, "dmean2": 4.40165376663, "mean": 3.30940914154, "dvar2": 54.4393768311, "min": -1.85924243927}, "silence_rate_30dB": {"dvar": 0.0194715838879, "var": 0.027877246961, "median": 1, "max": 1, "dmean": 0.0198656152934, "dmean2": 0.0397341325879, "mean": 0.971299231052, "dvar2": 0.0454610325396, "min": 0}, "gfcc": {"mean": [-66.1024169922, 89.3158721924, -133.92276001, 40.9226570129, -44.3767051697, 24.9326705933, -15.2760372162, 2.95253324509, -16.046163559, -1.15983319283, -8.40894603729, -3.74685239792, -5.93019580841], "cov": [[26163.9921875, 106.025993347, -16.7602043152, 1453.70849609, -115.338218689, 288.228149414, -679.767456055, 943.804931641, -147.808792114, 459.990142822, -713.086242676, 38.054069519, 67.0664749146], [106.025993347, 4742.78857422, -127.922286987, 440.955932617, 358.12890625, -463.361846924, 234.821044922, -449.962097168, 497.583282471, -368.900421143, -111.394226074, -295.488250732, 409.323120117], [-16.7602043152, -127.922286987, 1146.57971191, -7.30873298645, 297.994018555, 184.132095337, -82.1370544434, 314.977386475, 141.110443115, 94.4776000977, -199.025878906, 67.0480957031, -17.3704395294], [1453.70849609, 440.955932617, -7.30873298645, 726.368408203, -106.945487976, -355.071807861, 24.5899028778, 64.8420639038, 2.36457085609, -113.28943634, 51.0790481567, -103.011779785, -4.2081656456], [-115.338218689, 358.12890625, 297.994018555, -106.945487976, 430.477081299, 234.508041382, 95.419960022, -9.79792022705, 100.927947998, 48.704498291, -62.968372345, 55.4816551208, 56.5446968079], [288.228149414, -463.361846924, 184.132095337, -355.071807861, 234.508041382, 518.728759766, 33.7763900757, 9.88368320465, -8.88017559052, 121.907821655, -39.2075881958, 87.9050369263, -14.5272264481], [-679.767456055, 234.821044922, -82.1370544434, 24.5899028778, 95.419960022, 33.7763900757, 198.986709595, -50.8233604431, -2.76921463013, -39.2644462585, 58.2134971619, -8.3291683197, 20.033405304], [943.804931641, -449.962097168, 314.977386475, 64.8420639038, -9.79792022705, 9.88368320465, -50.8233604431, 282.676696777, 31.8507919312, 75.9415130615, -88.9892807007, 53.1533737183, -39.586353302], [-147.808792114, 497.583282471, 141.110443115, 2.36457085609, 100.927947998, -8.88017559052, -2.76921463013, 31.8507919312, 200.674621582, 24.2893753052, -47.0263748169, 3.97829031944, 49.2762527466], [459.990142822, -368.900421143, 94.4776000977, -113.28943634, 48.704498291, 121.907821655, -39.2644462585, 75.9415130615, 24.2893753052, 151.761810303, -16.7198638916, 51.9080619812, -13.2885417938], [-713.086242676, -111.394226074, -199.025878906, 51.0790481567, -62.968372345, -39.2075881958, 58.2134971619, -88.9892807007, -47.0263748169, -16.7198638916, 163.49458313, -10.3496246338, -21.3540019989], [38.054069519, -295.488250732, 67.0480957031, -103.011779785, 55.4816551208, 87.9050369263, -8.3291683197, 53.1533737183, 3.97829031944, 51.9080619812, -10.3496246338, 139.749969482, 17.9350986481], [67.0664749146, 409.323120117, -17.3704395294, -4.2081656456, 56.5446968079, -14.5272264481, 20.033405304, -39.586353302, 49.2762527466, -13.2885417938, -21.3540019989, 17.9350986481, 101.922454834]], "icov": [[0.000152120628627, -0.000234097213252, 0.000395316252252, -0.000586203997955, -1.90159207705e-05, -0.000616570177954, 0.00067041447619, -0.000738222035579, 0.000707356259227, -0.000650648958981, 0.000510495505296, -0.000195784770767, 0.000101976271253], [-0.000234097213252, 0.00144224613905, -0.000666618347168, 0.000607617374044, -0.000376773270546, 0.00139680900611, -0.00162735395133, 0.00247853202745, -0.00307251187041, 0.00211059767753, 0.000189559199498, 0.00175634911284, -0.00254465150647], [0.000395316252252, -0.000666618347168, 0.0030888193287, -0.00150920066517, -0.00172169320285, -0.00190458097495, 0.00300737726502, -0.00429511908442, 0.001541056321, -0.000829870172311, 0.00142364413477, -0.000146954349475, 0.000776395550929], [-0.000586203997955, 0.000607617374044, -0.00150920066517, 0.00506689585745, -0.000682106707245, 0.00383890140802, -0.00224243849516, 0.000504994706716, -0.00181502930354, 0.00342790200375, -0.00392884761095, 0.00197060708888, -0.000385466089938], [-1.90159207705e-05, -0.000376773270546, -0.00172169320285, -0.000682106707245, 0.00663708243519, -0.00202023773454, -0.00344866118394, 0.00297242286615, -0.00107779854443, -0.0019948319532, 0.00205827411264, -0.00226462865248, 0.000157042057253], [-0.000616570177954, 0.00139680900611, -0.00190458097495, 0.00383890140802, -0.00202023773454, 0.00733845867217, -0.00366112869233, 0.00388693250716, -0.00239179912023, 0.0010739788413, -0.00139063689858, 0.000937614648137, -0.000133920926601], [0.00067041447619, -0.00162735395133, 0.00300737726502, -0.00224243849516, -0.00344866118394, -0.00366112869233, 0.0121528794989, -0.00684722466394, 0.00459291553125, 8.74827892403e-05, -0.0027478125412, -9.680983203e-05, 8.97913487279e-05], [-0.000738222035579, 0.00247853202745, -0.00429511908442, 0.000504994706716, 0.00297242286615, 0.00388693250716, -0.00684722466394, 0.0159663613886, -0.00670720031485, -0.00034336236422, 0.00430457061157, -0.00167980289552, 0.000668267428409], [0.000707356259227, -0.00307251187041, 0.001541056321, -0.00181502930354, -0.00107779854443, -0.00239179912023, 0.00459291553125, -0.00670720031485, 0.0141999386251, -0.00642366660759, 0.000662119535264, -0.00218785437755, 0.00163173768669], [-0.000650648958981, 0.00211059767753, -0.000829870172311, 0.00342790200375, -0.0019948319532, 0.0010739788413, 8.74827892403e-05, -0.00034336236422, -0.00642366660759, 0.0163091272116, -0.0046598999761, 0.00198612688109, -0.00303255883045], [0.000510495505296, 0.000189559199498, 0.00142364413477, -0.00392884761095, 0.00205827411264, -0.00139063689858, -0.0027478125412, 0.00430457061157, 0.000662119535264, -0.0046598999761, 0.0150970164686, -0.00255661108531, 0.00254032784142], [-0.000195784770767, 0.00175634911284, -0.000146954349475, 0.00197060708888, -0.00226462865248, 0.000937614648137, -9.680983203e-05, -0.00167980289552, -0.00218785437755, 0.00198612688109, -0.00255661108531, 0.0135126011446, -0.00770850339904], [0.000101976271253, -0.00254465150647, 0.000776395550929, -0.000385466089938, 0.000157042057253, -0.000133920926601, 8.97913487279e-05, 0.000668267428409, 0.00163173768669, -0.00303255883045, 0.00254032784142, -0.00770850339904, 0.0209201648831]]}, "silence_rate_20dB": {"dvar": 0, "var": 0, "median": 1, "max": 1, "dmean": 0, "dmean2": 0, "mean": 1, "dvar2": 0, "min": 1}, "barkbands_skewness": {"dvar": 0.324461013079, "var": 1.83372282982, "median": 1.18062865734, "max": 8.78270339966, "dmean": 0.587727427483, "dmean2": 1.00423371792, "mean": 1.36410295963, "dvar2": 0.987233161926, "min": -3.96091270447}, "erbbands_skewness": {"dvar": 0.0828052088618, "var": 1.02777326107, "median": -0.188009724021, "max": 10.3725633621, "dmean": 0.301435858011, "dmean2": 0.48862349987, "mean": -0.134237319231, "dvar2": 0.202333703637, "min": -3.24353289604}, "spectral_contrast_valleys": {"dvar": [0.119856178761, 0.100115314126, 0.0760912820697, 0.0647311806679, 0.0526817888021, 0.0529806278646], "var": [3.76564693451, 2.57352042198, 2.49939632416, 2.86227655411, 3.14723181725, 3.34574198723], "median": [-7.20987796783, -7.24994468689, -7.53744220734, -7.80903053284, -7.85870742798, -11.3735752106], "max": [-5.58012723923, -5.21998357773, -5.06923913956, -4.7177271843, -5.36799097061, -7.32221508026], "dmean": [0.400655835867, 0.347255080938, 0.282503664494, 0.232699051499, 0.185049489141, 0.159251987934], "dmean2": [0.68607711792, 0.585991501808, 0.467610299587, 0.375578433275, 0.287276506424, 0.231655344367], "mean": [-7.73014450073, -7.58513212204, -7.7566781044, -7.99978160858, -8.2010011673, -11.098950386], "dvar2": [0.322440266609, 0.252041101456, 0.16892889142, 0.137881487608, 0.101069912314, 0.103360541165], "min": [-27.15193367, -27.0031776428, -27.2123680115, -27.1966629028, -27.1848640442, -27.2791824341]}, "spectral_strongpeak": {"dvar": 0.41187286377, "var": 2.81251072884, "median": 0.222735434771, "max": 19.1008682251, "dmean": 0.308849126101, "dmean2": 0.543006718159, "mean": 0.607450902462, "dvar2": 1.16079580784, "min": 0}, "erbbands_crest": {"dvar": 4.81183195114, "var": 23.5506229401, "median": 6.83613014221, "max": 34.3268127441, "dmean": 2.26461696625, "dmean2": 3.8460457325, "mean": 8.24116420746, "dvar2": 12.8884372711, "min": 2.40547800064}, "barkbands_crest": {"dvar": 8.70368289948, "var": 29.3233356476, "median": 10.3358335495, "max": 26.6424884796, "dmean": 3.1997423172, "dmean2": 5.53469610214, "mean": 11.3185319901, "dvar2": 26.088602066, "min": 2.03806900978}, "spectral_energyband_middle_low": {"dvar": 1.5660069721e-06, "var": 7.28672239347e-06, "median": 0.00182682019658, "max": 0.0237462073565, "dmean": 0.000853326928336, "dmean2": 0.00134603714105, "mean": 0.00266974349506, "dvar2": 3.75021932086e-06, "min": 4.53648587313e-22}, "spectral_contrast_coeffs": {"dvar": [0.00145256519318, 0.0011282148771, 0.000805980351288, 0.000524643983226, 0.000269102951279, 0.0001862115314], "var": [0.00508852908388, 0.005021690391, 0.00399925606325, 0.00461307354271, 0.00375936250202, 0.00266849528998], "median": [-0.720468759537, -0.78255546093, -0.789873659611, -0.781078934669, -0.770503044128, -0.718846678734], "max": [-0.472747027874, -0.5103764534, -0.510458052158, -0.264217555523, -0.352061241865, -0.478798389435], "dmean": [0.0489917360246, 0.0428676344454, 0.0355278067291, 0.0282651856542, 0.0197053272277, 0.014681968838], "dmean2": [0.0841236338019, 0.0709315463901, 0.0593900419772, 0.0474509745836, 0.0327883139253, 0.0238876510412], "mean": [-0.722792029381, -0.780457854271, -0.784252643585, -0.775510132313, -0.768296897411, -0.717666387558], "dvar2": [0.00422822497785, 0.00309261283837, 0.00219312403351, 0.0014166184701, 0.000707419414539, 0.000493145431392], "min": [-0.989407837391, -0.986661076546, -0.963959217072, -0.965515017509, -0.961601436138, -0.957329452038]}, "hfc": {"dvar": 127.342727661, "var": 1481.76782227, "median": 6.45631313324, "max": 395.153167725, "dmean": 4.22036314011, "dmean2": 6.44441556931, "mean": 21.0167560577, "dvar2": 290.787017822, "min": 1.2207422954e-16}, "spectral_energyband_high": {"dvar": 2.44497869062e-06, "var": 8.61232001625e-06, "median": 0.000210328216781, "max": 0.0640854015946, "dmean": 0.00039761303924, "dmean2": 0.000608805799857, "mean": 0.00131032639183, "dvar2": 5.83219116379e-06, "min": 8.02405018399e-21}, "erbbands_spread": {"dvar": 32.458656311, "var": 195.40562439, "median": 34.987033844, "max": 98.5768432617, "dmean": 6.21981239319, "dmean2": 10.4525699615, "mean": 34.4609489441, "dvar2": 94.4641113281, "min": 1.11815416813}, "dissonance": {"dvar": 0.000277144717984, "var": 0.000526465824805, "median": 0.482132643461, "max": 0.500000119209, "dmean": 0.0137097118422, "dmean2": 0.0235757026821, "mean": 0.476735025644, "dvar2": 0.000815081759356, "min": 0.0413400121033}, "spectral_kurtosis": {"dvar": 5.76547908783, "var": 37.9982147217, "median": 2.80358839035, "max": 46.5622825623, "dmean": 1.64086163044, "dmean2": 2.89151501656, "mean": 4.8156709671, "dvar2": 18.1156654358, "min": -1.22339808941}, "spectral_skewness": {"dvar": 0.0331841558218, "var": 0.612462639809, "median": 1.173615098, "max": 4.88626098633, "dmean": 0.18156991899, "dmean2": 0.309952199459, "mean": 1.36543548107, "dvar2": 0.10026473552, "min": -0.000869749987032}, "pitch_salience": {"dvar": 0.00628424063325, "var": 0.0188340898603, "median": 0.49628970027, "max": 0.851000666618, "dmean": 0.0848757922649, "dmean2": 0.146190658212, "mean": 0.480203330517, "dvar2": 0.0184915140271, "min": 0.107702538371}, "spectral_complexity": {"dvar": 7.84424543381, "var": 197.260192871, "median": 14, "max": 64, "dmean": 2.60444045067, "dmean2": 4.19720983505, "mean": 17.8237056732, "dvar2": 18.4991416931, "min": 0}, "spectral_spread": {"dvar": 153901432832, "var": 2731943395330.0, "median": 3612994.25, "max": 40546476, "dmean": 270715.5, "dmean2": 429891.9375, "mean": 4086791.5, "dvar2": 241781260288, "min": 1313062.125}, "dynamic_complexity": 5.37625694275, "melbands_crest": {"dvar": 13.4617681503, "var": 46.7908782959, "median": 16.2877674103, "max": 36.064037323, "dmean": 3.94112300873, "dmean2": 6.88913679123, "mean": 16.5922679901, "dvar2": 38.413192749, "min": 2.21612167358}, "zerocrossingrate": {"dvar": 9.7806492704e-05, "var": 0.00461163371801, "median": 0.06103515625, "max": 0.5927734375, "dmean": 0.00879230815917, "dmean2": 0.011262816377, "mean": 0.0723883658648, "dvar2": 0.000152477790834, "min": 0.001953125}, "spectral_energyband_low": {"dvar": 0.0002267267555, "var": 0.000447858154075, "median": 0.00385096063837, "max": 0.189813256264, "dmean": 0.0081168487668, "dmean2": 0.0140400556847, "mean": 0.0127477338538, "dvar2": 0.000640796439257, "min": 5.75706838989e-23}, "melbands_kurtosis": {"dvar": 131.617324829, "var": 414.401885986, "median": 6.30671977997, "max": 235.163589478, "dmean": 7.58657550812, "dmean2": 13.1165266037, "mean": 13.2718076706, "dvar2": 410.179138184, "min": -1.73553931713}, "spectral_energyband_middle_high": {"dvar": 8.33090143715e-06, "var": 0.000175721899723, "median": 0.00240355287679, "max": 0.19454407692, "dmean": 0.0013372329995, "dmean2": 0.00211541075259, "mean": 0.00579096609727, "dvar2": 1.8181557607e-05, "min": 1.51856395733e-21}, "barkbands_spread": {"dvar": 44.5598449707, "var": 241.695083618, "median": 25.717338562, "max": 117.565574646, "dmean": 6.43802309036, "dmean2": 10.926943779, "mean": 28.2883796692, "dvar2": 128.877426147, "min": 0.630829453468}, "mfcc": {"mean": [-694.711242676, 111.906219482, -15.6697626114, 23.3287677765, 0.262307167053, 21.9030246735, 11.8993673325, 10.3561134338, 3.72934556007, 5.88807678223, 2.92044901848, 2.