{"tonal": {"hpcp": {"dvar": [0.0464865453541, 0.0405926369131, 0.0377575419843, 0.0397736169398, 0.0397969000041, 0.0380812995136, 0.0360736809671, 0.0420682653785, 0.0436284951866, 0.0452772639692, 0.0393629409373, 0.0355427265167, 0.042596463114, 0.0519349202514, 0.0426262617111, 0.0414835475385, 0.0384850986302, 0.0405331738293, 0.0437697581947, 0.0417498089373, 0.032368209213, 0.0278033129871, 0.0240122824907, 0.0394391790032, 0.0947248786688, 0.0458910129964, 0.0359496660531, 0.0418538711965, 0.0430065952241, 0.0330554358661, 0.0422656834126, 0.0553772598505, 0.0557646639645, 0.0602929331362, 0.0654208138585, 0.0543604642153], "var": [0.0369243174791, 0.0311713535339, 0.031176161021, 0.042315877974, 0.042916316539, 0.032606523484, 0.0311920959502, 0.0352680794895, 0.0378695875406, 0.046335902065, 0.0421518348157, 0.033109869808, 0.0520301386714, 0.0686574205756, 0.0425496324897, 0.0352127850056, 0.0348564870656, 0.0393475294113, 0.0632381141186, 0.0641905814409, 0.03088994883, 0.0232855621725, 0.0191234592348, 0.0569351166487, 0.177940398455, 0.0682538896799, 0.0405341424048, 0.0581282265484, 0.0605264939368, 0.0355995893478, 0.0395563356578, 0.0466946400702, 0.0490773655474, 0.0800988003612, 0.0995059162378, 0.0580347403884], "median": [0.0179522614926, 0.0145781878382, 0.019878346473, 0.0356619246304, 0.0388377867639, 0.0230530295521, 0.0135063380003, 0.0131826763973, 0.0196063891053, 0.0377858132124, 0.0397490411997, 0.029001057148, 0.0354970768094, 0.0394111908972, 0.0323457494378, 0.020505880937, 0.0195744745433, 0.0343537069857, 0.0649523437023, 0.0633196309209, 0.03689994663, 0.0188294835389, 0.0145593108609, 0.0813514143229, 0.147854104638, 0.14370124042, 0.0312814824283, 0.0409872829914, 0.0376340001822, 0.0273562185466, 0.0242400821298, 0.023210382089, 0.0276610143483, 0.0569045208395, 0.0675807073712, 0.0436704792082], "max": [1, 1, 1, 1, 1, 1, 1, 1, 1, 1, 1, 1, 1, 1, 1, 1, 1, 1, 1, 1, 1, 1, 1, 1, 1, 1, 1, 1, 1, 1, 1, 1, 1, 1, 1, 1], "dmean": [0.126078918576, 0.107159085572, 0.108608201146, 0.124447330832, 0.128309190273, 0.108953818679, 0.0987224727869, 0.104614809155, 0.112203419209, 0.126443386078, 0.121028251946, 0.114222504199, 0.134999349713, 0.153183028102, 0.130583718419, 0.116080589592, 0.117327734828, 0.132615312934, 0.148562163115, 0.137511864305, 0.106271706522, 0.086515776813, 0.077900968492, 0.138849556446, 0.213647827506, 0.16250026226, 0.116450272501, 0.137598693371, 0.13893443346, 0.115199223161, 0.120721019804, 0.140608102083, 0.152917474508, 0.180898323655, 0.1876321733, 0.162955075502], "dmean2": [0.229763627052, 0.196093469858, 0.196629703045, 0.217825606465, 0.225095361471, 0.193893551826, 0.176353305578, 0.189534336329, 0.203469380736, 0.221795082092, 0.211126446724, 0.200947225094, 0.231696873903, 0.263770580292, 0.229080617428, 0.209349438548, 0.210035949945, 0.234373673797, 0.254871606827, 0.232412293553, 0.186775162816, 0.154105141759, 0.139559224248, 0.249262541533, 0.380099028349, 0.283811986446, 0.203002214432, 0.233268812299, 0.235611513257, 0.198031723499, 0.213041499257, 0.254569202662, 0.276873648167, 0.313079923391, 0.322549462318, 0.290282309055], "mean": [0.0957684442401, 0.0809037983418, 0.0890641212463, 0.121690861881, 0.126892477274, 0.0923984125257, 0.0787551179528, 0.0827705338597, 0.0948152318597, 0.124158971012, 0.122449532151, 0.102357812226, 0.137832731009, 0.163184732199, 0.123487122357, 0.0941176265478, 0.0963565707207, 0.117338061333, 0.172506392002, 0.171506777406, 0.103959165514, 0.0725278556347, 0.0623506270349, 0.21490752697, 0.391458064318, 0.257172107697, 0.115789249539, 0.15043194592, 0.151098370552, 0.109619557858, 0.104874640703, 0.113362699747, 0.126014173031, 0.199539527297, 0.230719223619, 0.156201794744], "dvar2": [0.128397643566, 0.111716836691, 0.104259699583, 0.103614859283, 0.102322615683, 0.101151555777, 0.0964299589396, 0.114146500826, 0.119091749191, 0.119017735124, 0.100965857506, 0.095389932394, 0.108274370432, 0.129532024264, 0.115461431444, 0.112768791616, 0.102664865553, 0.107692494988, 0.108088031411, 0.100899651647, 0.0868803858757, 0.0760351940989, 0.0655141100287, 0.0977316424251, 0.21438343823, 0.108898080885, 0.0914970561862, 0.103702001274, 0.102813303471, 0.0835481733084, 0.109944783151, 0.14937402308, 0.153082042933, 0.152224853635, 0.159677520394, 0.144071891904], "min": [0, 0, 0, 0, 0, 0, 0, 0, 0, 0, 0, 0, 0, 0, 0, 0, 0, 0, 0, 0, 0, 0, 0, 0, 0, 0, 0, 0, 0, 0, 0, 0, 0, 0, 0, 0]}, "key_key": "C#", "thpcp": [1, 0.656959533691, 0.295789659023, 0.384286224842, 0.385988652706, 0.280028879642, 0.267907738686, 0.289590924978, 0.321909755468, 0.509734094143, 0.589384257793, 0.39902561903, 0.244645476341, 0.20667296648, 0.227518931031, 0.31086564064, 0.324153423309, 0.236036553979, 0.201184049249, 0.211441636086, 0.242210447788, 0.31717056036, 0.312803715467, 0.261478364468, 0.352100878954, 0.416863888502, 0.315454274416, 0.240428373218, 0.246147871017, 0.299746185541, 0.440676569939, 0.438122987747, 0.265569090843, 0.185276180506, 0.159277915955, 0.548992455006], "chords_key": "C#", "tuning_equal_tempered_deviation": 0.187044784427, "tuning_frequency": 434.193115234, "tuning_diatonic_strength": 0.520445585251, "chords_histogram": [41.6648635864, 14.8972969055, 14.4864864349, 0.562162160873, 0.562162160873, 0, 2.31351351738, 0.778378367424, 2.01081085205, 0.0648648664355, 0, 0, 0, 0.367567569017, 0, 1.51351356506, 0.497297286987, 0.0432432442904, 0.0216216221452, 0.605405390263, 0.0864864885807, 3.78378367424, 5.01621627808, 10.7243242264], "key_strength": 0.479195982218, "key_scale": "major", "chords_strength": {"dvar": 0.000599441351369, "var": 0.0111574428156, "median": 0.44749262929, "max": 0.738800823689, "dmean": 0.012347468175, "dmean2": 0.014465588145, "mean": 0.460597187281, "dvar2": 0.00117524736561, "min": -1}, "chords_number_rate": 0.00194594589993, "tuning_nontempered_energy_ratio": 0.838384389877, "hpcp_entropy": {"dvar": 0.314611315727, "var": 0.583394765854, "median": 2.05175566673, "max": 4.45698308945, "dmean": 0.695688664913, "dmean2": 1.16491889954, "mean": 2.0246078968, "dvar2": 0.840733110905, "min": 0}, "chords_changes_rate": 0.0825945958495, "chords_scale": "major"}, "rhythm": {"bpm_histogram_first_peak_spread": {"dvar": 0, "var": 0, "median": 0.0816326737404, "max": 0.0816326737404, "dmean": 0, "dmean2": 0, "mean": 0.0816326737404, "dvar2": 0, "min": 0.0816326737404}, "bpm_histogram_first_peak_weight": {"dvar": 0, "var": 0, "median": 0.902578771114, "max": 0.902578771114, "dmean": 0, "dmean2": 0, "mean": 0.902578771114, "dvar2": 0, "min": 0.902578771114}, "bpm_histogram_first_peak_bpm": {"dvar": 0, "var": 0, "median": 98, "max": 98, "dmean": 0, "dmean2": 0, "mean": 98, "dvar2": 0, "min": 98}, "bpm": 97.990737915, "bpm_histogram_second_peak_weight": {"dvar": 0, "var": 0, "median": 0.00573065923527, "max": 0.00573065923527, "dmean": 0, "dmean2": 0, "mean": 0.00573065923527, "dvar2": 0, "min": 0.00573065923527}, "beats_loudness": {"dvar": 0.000988297746517, "var": 0.00106858147774, "median": 0.0381591171026, "max": 0.216438919306, "dmean": 0.0336505435407, "dmean2": 0.0595533102751, "mean": 0.0465819016099, "dvar2": 0.00272034807131, "min": 0}, "beats_loudness_band_ratio": {"dvar": [0.0537605658174, 0.0111336819828, 0.0219842363149, 0.0102097438648, 0.00634717615321, 0.012705501169], "var": [0.0688141286373, 0.0102548683062, 0.0301982201636, 0.0109556708485, 0.00582862459123, 0.0134072946385], "median": [0.305676996708, 0.074413895607, 0.191503107548, 0.0623225644231, 0.0545086450875, 0.152624592185], "max": [0.964538156986, 0.789062440395, 0.865136682987, 0.862769961357, 0.669370055199, 0.923866391182], "dmean": [0.284069299698, 0.090395309031, 0.178721904755, 0.0851719230413, 0.0746431574225, 0.123922079802], "dmean2": [0.495130121708, 0.159978732467, 0.305485486984, 0.150489285588, 0.133248478174, 0.222790792584], "mean": [0.363756597042, 0.104886256158, 0.234893426299, 0.092070505023, 0.0775465592742, 0.157303646207], "dvar2": [0.13780683279, 0.0329277440906, 0.0645084455609, 0.0266473311931, 0.0174077954143, 0.0367690958083], "min": [0, 0, 0, 0, 0, 0]}, "bpm_histogram_second_peak_bpm": {"dvar": 0, "var": 0, "median": 103, "max": 103, "dmean": 0, "dmean2": 0, "mean": 103, "dvar2": 0, "min": 103}, "onset_rate": 4.41467905045, "beats_count": 350, "beats_position": [0.615328788757, 1.24226760864, 1.8575963974, 2.48453521729, 3.11147379875, 3.73841261864, 4.37696123123, 5.00390005112, 5.61922883987, 6.2229475975, 6.82666635513, 7.41877555847, 8.03410434723, 8.66104316711, 9.26476192474, 9.8800907135, 10.4954195023, 11.110748291, 11.7260770798, 12.3297958374, 12.933514595, 13.5604534149, 14.1757822037, 14.7911109924, 15.3948297501, 15.9985485077, 16.6254863739, 17.2292060852, 17.8445339203, 18.4598636627, 19.0751914978, 19.6905212402, 20.2942390442, 20.8979587555, 21.5248966217, 22.128616333, 22.7439460754, 23.3592739105, 23.9629936218, 24.5783214569, 25.1936511993, 25.7973690033, 26.4126987457, 27.0280265808, 27.6433563232, 28.2586841583, 28.8624038696, 29.4777317047, 30.0930614471, 30.6967792511, 31.3237190247, 31.9274368286, 32.5311546326, 33.146484375, 33.7618141174, 34.3771438599, 34.9924697876, 35.5961914062, 36.211517334, 36.8268470764, 37.4305648804, 38.0458946228, 38.6612243652, 39.2765541077, 39.8918800354, 40.4956016541, 41.1109275818, 41.7262573242, 42.3299751282, 42.9336967468, 43.5490226746, 44.164352417, 44.7796821594, 45.3950119019, 46.0219497681, 46.625667572, 47.229385376, 47.8331069946, 48.4600448608, 49.0753746033, 49.690700531, 50.2944221497, 50.9097480774, 51.513469696, 52.1287956238, 52.7325172424, 53.3478431702, 53.9631729126, 54.578502655, 55.1938323975, 55.7975502014, 56.4128799438, 57.0282058716, 57.6319274902, 58.247253418, 58.8625831604, 59.4779129028, 60.0932426453, 60.708568573, 61.3122901917, 61.9276161194, 62.531337738, 63.1466636658, 63.7619934082, 64.3773193359, 64.9926528931, 65.5963668823, 66.200088501, 66.8154220581, 67.4307479858, 68.0460739136, 68.6614074707, 69.2767333984, 69.8804550171, 70.4957809448, 71.0995025635, 71.7148284912, 72.3301544189, 72.9454879761, 73.5608139038, 74.1761474609, 74.7798614502, 75.3951950073, 75.9989089966, 76.6142425537, 77.2295684814, 77.8448944092, 78.4602279663, 79.075553894, 79.6792755127, 80.2946014404, 80.8983230591, 81.5136489868, 82.1289749146, 82.7443084717, 83.3596343994, 83.9749679565, 84.5786819458, 85.1940155029, 85.7977294922, 86.4130630493, 87.0283889771, 87.6437149048, 88.2590484619, 88.8627624512, 89.4664840698, 90.093421936, 90.6971435547, 91.3008575439, 91.9277954102, 92.5431289673, 93.158454895, 93.7621765137, 94.3658905029, 94.9928359985, 95.5965499878, 96.2118835449, 96.8272094727, 97.4425354004, 98.0578689575, 98.6615829468, 99.2653045654, 99.8922424316, 100.49596405, 101.111289978, 101.726615906, 102.330337524, 102.945663452, 103.560997009, 104.164710999, 104.791656494, 105.395370483, 106.010704041, 106.61441803, 107.229751587, 107.845077515, 108.460403442, 109.064125061, 109.679450989, 110.294784546, 110.898498535, 111.513832092, 112.12915802, 112.732879639, 113.348205566, 113.963539124, 114.578865051, 115.194190979, 115.809524536, 116.413238525, 117.028572083, 117.632286072, 118.247619629, 118.862945557, 119.478271484, 120.093605042, 120.708930969, 121.312652588, 121.927978516, 122.531700134, 123.147026062, 123.762359619, 124.377685547, 124.993011475, 125.608345032, 126.212059021, 126.827392578, 127.431106567, 128.046432495, 128.661773682, 129.277099609, 129.892425537, 130.507751465, 131.111465454, 131.726806641, 132.33052063, 132.945846558, 133.561172485, 134.176498413, 134.7918396, 135.395553589, 135.999267578, 136.626205444, 137.229934692, 137.84526062, 138.460586548, 139.064300537, 139.679641724, 140.294967651, 140.898681641, 141.525619507, 142.129333496, 142.744674683, 143.36000061, 143.9637146, 144.579040527, 145.194366455, 145.798095703, 146.413421631, 147.028747559, 147.644073486, 148.247802734, 148.863128662, 149.47845459, 150.093780518, 150.697509766, 151.324447632, 151.928161621, 152.53187561, 153.147201538, 153.762542725, 154.377868652, 154.99319458, 155.596908569, 156.223846436, 156.827575684, 157.442901611, 158.046615601, 158.661941528, 159.277282715, 159.892608643, 160.496322632, 161.11164856, 161.726974487, 162.330703735, 162.934417725, 163.549743652, 164.16506958, 164.792022705, 165.395736694, 166.011062622, 166.62638855, 167.230117798, 167.833831787, 168.449157715, 169.064483643, 169.67980957, 170.295150757, 170.910476685, 171.514190674, 172.129516602, 172.73324585, 173.348571777, 173.963897705, 174.590835571, 175.194549561, 175.809890747, 176.425216675, 177.028930664, 177.632644653, 178.24798584, 178.863311768, 179.478637695, 180.093963623, 180.709289551, 181.313018799, 181.928344727, 182.532058716, 183.147384644, 183.762710571, 184.378051758, 184.993377686, 185.597091675, 186.200805664, 186.816146851, 187.431472778, 188.046798706, 188.662124634, 189.277450562, 189.88117981, 190.496505737, 191.100219727, 191.715545654, 192.330886841, 192.946212769, 193.561538696, 194.176864624, 194.780578613, 195.3959198, 195.999633789, 196.614959717, 197.230285645, 197.845626831, 198.460952759, 199.076278687, 199.679992676, 200.295318604, 200.899047852, 201.502761841, 202.118087769, 202.733413696, 203.348754883, 203.964080811, 204.556182861, 205.113464355, 205.682357788, 206.239639282, 206.820129395, 207.389022827, 207.969512939, 208.561630249, 209.1537323, 209.769073486, 210.384399414, 210.999725342, 211.61505127, 212.230377197, 212.845703125, 213.461044312, 214.076370239], "danceability": 1.42179536819, "bpm_histogram_second_peak_spread": {"dvar": 0, "var": 0, "median": 0.5, "max": 0.5, "dmean": 0, "dmean2": 0, "mean": 0.5, "dvar2": 0, "min": 0.5}}, "lowlevel": {"spectral_flux": {"dvar": 0.00197901576757, "var": 0.00487004918978, "median": 0.0866489112377, "max": 0.471698433161, "dmean": 0.0346754603088, "dmean2": 0.0553037151694, "mean": 0.103208184242, "dvar2": 0.00440199114382, "min": 6.46098383128e-11}, "spectral_rolloff": {"dvar": 2323500.25, "var": 5865300, "median": 1098.19335938, "max": 19509.0820312, "dmean": 786.176452637, "dmean2": 1253.93444824, "mean": 1783.97009277, "dvar2": 4688272, "min": 64.599609375}, "barkbands_flatness_db": {"dvar": 0.000645784602966, "var": 0.00265832268633, "median": 0.114059284329, "max": 0.369481027126, "dmean": 0.0253345631063, "dmean2": 0.0367927514017, "mean": 0.121884547174, "dvar2": 0.00140474212822, "min": 0.0103198764846}, "spectral_centroid": {"dvar": 155132.703125, "var": 973541.5625, "median": 1360.06237793, "max": 11618.7441406, "dmean": 334.923431396, "dmean2": 485.97177124, "mean": 1526.38806152, "dvar2": 299667.65625, "min": 215.35697937}, "melbands_skewness": {"dvar": 2.11311435699, "var": 6.92327308655, "median": 2.2811999321, "max": 29.6750392914, "dmean": 1.06420052052, "dmean2": 1.53768610954, "mean": 2.95225286484, "dvar2": 4.6782708168, "min": -5.38184499741}, "melbands": {"dvar": [7.71956620156e-05, 1.13178866741e-05, 8.99209589988e-06, 2.38042503042e-06, 1.99722833827e-07, 3.87285183479e-07, 3.98136904778e-07, 2.99731937048e-07, 2.02078609846e-07, 1.83838849921e-07, 8.82457058538e-08, 4.51446950933e-08, 6.5138593186e-08, 1.16240714831e-08, 1.1300006264e-08, 9.798513112e-09, 5.86880899434e-09, 7.14303771687e-09, 8.54683257501e-09, 4.68012339994e-09, 3.50128237514e-09, 1.42483957966e-09, 8.89492479672e-10, 7.53325402059e-10, 5.07561437324e-10, 1.82032389162e-10, 1.48147577539e-10, 1.19276935551e-10, 6.47045195201e-11, 4.30517184402e-11, 1.41591585678e-10, 8.00170069093e-11, 4.67334330956e-11, 2.55794586901e-11, 4.17965870247e-11, 2.40679056546e-11, 2.86841557451e-11, 1.63793961033e-11, 3.53102443118e-11, 1.97862004558e-11], "var": [0.00011552999058, 1.71866849996e-05, 7.08604420652e-06, 1.46089666941e-06, 3.07556405232e-07, 5.80880737289e-07, 5.93386175751e-07, 5.00986118368e-07, 4.19388896944e-07, 4.82818052205e-07, 2.11117665572e-07, 9.96518281227e-08, 6.43764863639e-08, 1.67004063911e-08, 2.21652864951e-08, 2.74620113316e-08, 1.16886402779e-08, 1.32329729396e-08, 1.27672894479e-08, 1.00825836569e-08, 7.3861339267e-09, 2.37517694401e-09, 1.69859837307e-09, 1.41889477945e-09, 6.49773179706e-10, 2.40526987216e-10, 2.46282938487e-10, 1.70288547152e-10, 8.73931621515e-11, 7.31155622158e-11, 1.66601815677e-10, 1.20838020146e-10, 7.68208482937e-11, 3.83856037234e-11, 4.29217217324e-11, 3.23611276665e-11, 3.65796351542e-11, 2.30995812756e-11, 3.78516766542e-11, 2.57967432138e-11], "median": [0.00116638070904, 0.000743279524613, 0.000287970615318, 0.000154259672854, 0.000115836286568, 0.000179712660611, 0.000129617328639, 0.000117963194498, 0.000112654772238, 7.85872689448e-05, 5.41844419786e-05, 2.55213308265e-05, 2.4174732971e-05, 1.72223790287e-05, 1.63516378962e-05, 1.28033116198e-05, 1.53328492161e-05, 1.60203308042e-05, 1.06454044726e-05, 1.02289650386e-05, 9.84686448646e-06, 1.11129947982e-05, 7.38154903956e-06, 9.16452972888e-06, 5.73156694372e-06, 4.12591634813e-06, 4.31339640272e-06, 2.79893583865e-06, 1.87543366792e-06, 1.42857493302e-06, 1.30415435251e-06, 1.24107157262e-06, 1.25438646137e-06, 1.18856678455e-06, 8.55725261317e-07, 8.42738302254e-07, 8.96765641301e-07, 8.1593179857e-07, 6.92235175848e-07, 5.1415327107e-07], "max": [0.0957503989339, 0.0433241724968, 0.0372745655477, 0.02059125714, 0.0128301167861, 0.0169375762343, 0.0155879380181, 0.00894307345152, 0.00978960748762, 0.0109188761562, 0.00713612139225, 0.00626797694713, 0.0057698590681, 0.00252269487828, 0.00415628170595, 0.00410242704675, 0.00229100161232, 0.00368118123151, 0.00222801463678, 0.00244125816971, 0.00156240258366, 0.00100863655098, 0.000705192505848, 0.000912758696359, 0.000466767232865, 0.000250144541496, 0.000239819928538, 0.000164164215676, 0.000166394151165, 0.000186762117664, 0.000362246326404, 0.000208315526834, 0.000180833507329, 0.000127579740365, 0.000332598137902, 0.000157129063155, 0.000223615017603, 0.000127095117932, 6.16603647359e-05, 5.78228973609e-05], "dmean": [0.00346767087467, 0.00134083395824, 0.000894781027455, 0.00042966165347, 0.000207247285289, 0.000313882395858, 0.000300966814393, 0.000251890305663, 0.000230503617786, 0.00019069458358, 0.000135459282319, 7.83874129411e-05, 8.24395319796e-05, 4.12331828556e-05, 3.73356087948e-05, 3.301884135e-05, 3.10828108923e-05, 3.46233973687e-05, 3.5821878555e-05, 2.51888232015e-05, 2.05248106795e-05, 1.62663636729e-05, 1.0848238162e-05, 1.22199508041e-05, 8.63715285959e-06, 5.66996595808e-06, 6.10181905358e-06, 4.961794275e-06, 3.36352854902e-06, 2.80005770037e-06, 4.70245458928e-06, 3.89975639337e-06, 3.06995593746e-06, 2.42179294219e-06, 1.90506466424e-06, 2.06038589567e-06, 2.17965384763e-06, 1.80330653166e-06, 2.46692343353e-06, 1.9222973151e-06], "dmean2": [0.00559928361326, 0.00204742164351, 0.0015243254602, 0.000769961625338, 0.000333842966938, 0.000504341500346, 0.000471210863907, 0.000406430510338, 0.000367231055861, 0.00029113018536, 0.000208917277632, 0.000122655081213, 0.000136492250022, 6.40193393338e-05, 5.7529174228e-05, 5.07033291797e-05, 4.83794574393e-05, 5.45451803191e-05, 5.72457211092e-05, 3.82737489417e-05, 3.09645547532e-05, 2.57227748079e-05, 1.68184724316e-05, 1.89470574696e-05, 1.38011355375e-05, 8.93291326065e-06, 9.49621062318e-06, 7.75567423261e-06, 5.15023521075e-06, 4.02325576943e-06, 7.19607578503e-06, 5.63794355912e-06, 4.36991103925e-06, 3.53920336238e-06, 2.77859771813e-06, 3.1327688248e-06, 3.22383698403e-06, 2.65542144007e-06, 3.80673054678e-06, 2.84247630589e-06], "mean": [0.00536735076457, 0.00194745021872, 0.000935960269999, 0.000427254213719, 0.000298438360915, 0.000416787981521, 0.000409264932387, 0.000347080291249, 0.000331848190399, 0.000301219610265, 0.00020512494666, 0.000116015246022, 9.62261692621e-05, 5.61959786864e-05, 5.57287312404e-05, 5.22057125636e-05, 4.53160864708e-05, 4.89773410663e-05, 4.63945652882e-05, 3.72596514353e-05, 3.22855485138e-05, 2.44461716647e-05, 1.79450526048e-05, 2.02433402592e-05, 1.31969127324e-05, 8.81526466401e-06, 9.63624461292e-06, 7.2153070505e-06, 4.89205694976e-06, 4.19828757003e-06, 5.60287571716e-06, 5.21789206687e-06, 4.38255938207e-06, 3.48884987034e-06, 2.70260034085e-06, 2.81721395368e-06, 2.93686525765e-06, 2.54024962487e-06, 2.86296790364e-06, 2.42382498072e-06], "dvar2": [0.000227599171922, 2.35443003476e-05, 2.41058478423e-05, 6.85708846504e-06, 4.56434577245e-07, 8.4503136577e-07, 9.40797349358e-07, 6.99804957094e-07, 4.55876715932e-07, 3.97744202019e-07, 1.96304512201e-07, 9.97979441308e-08, 1.7314438594e-07, 2.73184088684e-08, 2.68111435275e-08, 2.16414175469e-08, 1.25830457165e-08, 1.60405271288e-08, 2.05318233526e-08, 9.62354462786e-09, 7.35667082807e-09, 3.47029649461e-09, 2.15514117663e-09, 1.66745128816e-09, 1.27333787958e-09, 4.56112730918e-10, 3.45254658196e-10, 2.92401491908e-10, 1.55911325517e-10, 8.0298843963e-11, 3.33412103481e-10, 1.69039629516e-10, 1.00196809183e-10, 5.87193974e-11, 1.0474272838e-10, 5.74284890476e-11, 6.97550558981e-11, 3.84062157077e-11, 8.61249752071e-11, 4.39673193686e-11], "min": [1.26740601843e-24, 1.35591187326e-24, 2.34456205792e-24, 2.06412358384e-24, 1.35197437266e-24, 6.9472677435e-25, 1.60809473023e-24, 1.46432423861e-24, 1.92132339113e-24, 2.30657071394e-24, 3.36963197843e-24, 4.22526009851e-24, 3.35506092865e-24, 3.35408984087e-24, 2.6797612839e-24, 3.10837899599e-24, 2.5755707049e-24, 2.81167085738e-24, 3.49009222194e-24, 3.57257196832e-24, 3.66528087405e-24, 4.3806171819e-24, 4.32961850766e-24, 3.30926873639e-24, 3.62500005851e-24, 4.02198326501e-24, 4.0448736419e-24, 4.08189685633e-24, 5.05482740973e-24, 5.86890583151e-24, 4.62835618817e-24, 5.54629682559e-24, 5.92066181221e-24, 5.55859437824e-24, 5.72625177529e-24, 4.11955037063e-24, 6.77459072591e-24, 6.90779935609e-24, 6.58160931608e-24, 7.09608231036e-24]}, "spectral_decrease": {"dvar": 6.50366389106e-17, "var": 1.31312937009e-16, "median": -6.11767525527e-09, "max": 1.82143524488e-28, "dmean": 4.26106705476e-09, "dmean2": 6.62838939292e-09, "mean": -9.74463087999e-09, "dvar2": 1.68601855211e-16, "min": -8.19602519186e-08}, "barkbands_kurtosis": {"dvar": 146.376663208, "var": 169.389022827, "median": 1.84480428696, "max": 234.407562256, "dmean": 4.7611322403, "dmean2": 7.64502906799, "mean": 5.67724657059, "dvar2": 394.969818115, "min": -1.9687268734}, "silence_rate_30dB": {"dvar": 0.0433562062681, "var": 0.0875725746155, "median": 1, "max": 1, "dmean": 0.0454152263701, "dmean2": 0.0908402726054, "mean": 0.90301656723, "dvar2": 0.0871241688728, "min": 0}, "gfcc": {"mean": [8.34950065613, 67.8160171509, -100.469970703, 23.3216762543, -54.4273223877, 12.9002180099, -35.8925247192, 19.3494300842, -15.2508363724, 8.45767307281, -14.9004793167, 2.76075315475, -12.1763010025], "cov": [[15817.9931641, -319.851745605, -69.0354003906, 455.99041748, -78.8469390869, 484.020721436, 50.1358070374, 438.661193848, 107.217384338, 268.273498535, -112.104537964, 147.95010376, -10.1127529144], [-319.851745605, 1601.85424805, -516.646789551, 29.5894889832, 164.95954895, -30.0245800018, 52.2643241882, -0.982110381126, -2.83831882477, -141.597946167, 31.0501079559, -94.8148345947, -9.53931617737], [-69.0354003906, -516.646789551, 1120.50280762, 240.039871216, 176.207489014, 119.285713196, 127.510147095, 39.0440368652, 118.966705322, 111.073814392, -6.23868846893, 54.4589538574, 33.6157608032], [455.99041748, 29.5894889832, 240.039871216, 526.945068359, 160.543151855, 39.2135734558, 49.4858627319, 22.507642746, 69.8087997437, 29.8196983337, -3.96465611458, 26.1843414307, 28.5065250397], [-78.8469390869, 164.95954895, 176.207489014, 160.543151855, 406.97567749, 131.019470215, 130.343734741, 64.8928375244, 63.5481452942, 17.0447940826, -4.72615194321, 1.67272353172, 34.27602005], [484.020721436, -30.0245800018, 119.285713196, 39.2135734558, 131.019470215, 283.454162598, 156.880126953, 60.5303382874, 11.4349279404, 32.5471229553, 11.3574256897, 2.57393670082, 0.0935980975628], [50.1358070374, 52.2643241882, 127.510147095, 49.4858627319, 130.343734741, 156.880126953, 309.139892578, 54.9725074768, 13.1404790878, 35.134021759, 29.5665550232, 8.83752441406, -2.44043564796], [438.661193848, -0.982110381126, 39.0440368652, 22.507642746, 64.8928375244, 60.5303382874, 54.9725074768, 166.888778687, 71.8926086426, 22.0180740356, 0.465205729008, 8.02332687378, 21.0300006866], [107.217384338, -2.83831882477, 118.966705322, 69.8087997437, 63.5481452942, 11.4349279404, 13.1404790878, 71.8926086426, 164.86126709, 51.9200553894, -8.41005516052, 15.2548742294, 35.7865791321], [268.273498535, -141.597946167, 111.073814392, 29.8196983337, 17.0447940826, 32.5471229553, 35.134021759, 22.0180740356, 51.9200553894, 122.915344238, 33.0045585632, 23.1224517822, 15.3213071823], [-112.104537964, 31.0501079559, -6.23868846893, -3.96465611458, -4.72615194321, 11.3574256897, 29.5665550232, 0.465205729008, -8.41005516052, 33.0045585632, 106.985290527, 32.270866394, 4.36824989319], [147.95010376, -94.8148345947, 54.4589538574, 26.1843414307, 1.67272353172, 2.57393670082, 8.83752441406, 8.02332687378, 15.2548742294, 23.1224517822, 32.270866394, 92.6275863647, 34.1074485779], [-10.1127529144, -9.53931617737, 33.6157608032, 28.5065250397, 34.27602005, 0.0935980975628, -2.44043564796, 21.0300006866, 35.7865791321, 15.3213071823, 4.36824989319, 34.1074485779, 82.9794311523]], "icov": [[8.63019085955e-05, -2.79219293589e-05, 3.75406598323e-05, -0.000101570622064, 0.000105285500467, -0.00017980649136, 9.20299062273e-05, -0.000252323196037, 0.000126231112517, -0.000271960423561, 0.00025512240245, -0.000232654463616, 0.000128334155306], [-2.79219293589e-05, 0.00105506519321, 0.000491665035952, -0.000118979056424, -0.000562102941331, 0.000272826873697, -0.000370801106328, 0.000332219555276, -0.000702466000803, 0.0013121124357, -0.00105325807817, 0.00112551811617, -0.000250137207331], [3.75406598323e-05, 0.000491665035952, 0.00143717206083, -0.000446223450126, -0.000400430668378, -0.000186668665265, -0.000346183922375, 0.000303674431052, -0.000722917786334, -0.000272179255262, 0.000131649081595, -0.000164309662068, 0.000133285633638], [-0.000101570622064, -0.000118979056424, -0.000446223450126, 0.00250088982284, -0.00083219591761, 0.0003194664896, -6.67319109198e-05, 0.000531264289748, -0.000602535437793, 0.000183556476259, -6.45551990601e-05, -0.000309875642415, -0.000140916090459], [0.000105285500467, -0.000562102941331, -0.000400430668378, -0.00083219591761, 0.00408738432452, -0.00137092871591, -0.000572794175241, -0.00072545412695, -0.000223308539717, -0.000215300300624, 0.000797508808319, 7.38889355034e-07, -0.00102971144952], [-0.00017980649136, 0.000272826873697, -0.000186668665265, 0.0003194664896, -0.00137092871591, 0.00595390982926, -0.00230038375594, -0.000705286569428, 0.000644887972157, -0.000107390056655, -0.000474986823974, 0.00077759695705, 9.30754686124e-05], [9.20299062273e-05, -0.000370801106328, -0.000346183922375, -6.67319109198e-05, -0.000572794175241, -0.00230038375594, 0.00520549342036, -0.00111605471466, 0.000852607365232, -0.00112764688674, -0.000451763393357, -0.000681724050082, 0.000951394147705], [-0.000252323196037, 0.000332219555276, 0.000303674431052, 0.000531264289748, -0.00072545412695, -0.000705286569428, -0.00111605471466, 0.00913422182202, -0.00421406701207, 0.00153531366959, -0.00102374400012, 0.000835133658256, -0.00110085366759], [0.000126231112517, -0.000702466000803, -0.000722917786334, -0.000602535437793, -0.000223308539717, 0.000644887972157, 0.000852607365232, -0.00421406701207, 0.0106710614637, -0.00472542783245, 0.00260370224714, -0.000839988526423, -0.0019023430068], [-0.000271960423561, 0.0013121124357, -0.000272179255262, 0.000183556476259, -0.000215300300624, -0.000107390056655, -0.00112764688674, 0.00153531366959, -0.00472542783245, 0.0138485934585, -0.00540462881327, 0.00143712095451, -0.000993571360596], [0.00025512240245, -0.00105325807817, 0.000131649081595, -6.45551990601e-05, 0.000797508808319, -0.000474986823974, -0.000451763393357, -0.00102374400012, 0.00260370224714, -0.00540462881327, 0.0136924162507, -0.00574761582538, 0.00131281022914], [-0.000232654463616, 0.00112551811617, -0.000164309662068, -0.000309875642415, 7.38889355034e-07, 0.00077759695705, -0.000681724050082, 0.000835133658256, -0.000839988526423, 0.00143712095451, -0.00574761582538, 0.0166083853692, -0.00638597784564], [0.000128334155306, -0.000250137207331, 0.000133285633638, -0.000140916090459, -0.00102971144952, 9.30754686124e-05, 0.000951394147705, -0.00110085366759, -0.0019023430068, -0.000993571360596, 0.00131281022914, -0.00638597784564, 0.0163243170828]]}, "silence_rate_20dB": {"dvar": 0, "var": 0, "median": 1, "max": 1, "dmean": 0, "dmean2": 0, "mean": 1, "dvar2": 0, "min": 1}, "barkbands_skewness": {"dvar": 0.823481023312, "var": 2.47363042831, "median": 1.34794676304, "max": 13.8753261566, "dmean": 0.716923356056, "dmean2": 1.05940246582, "mean": 1.65151953697, "dvar2": 1.93267786503, "min": -8.77385807037}, "erbbands_skewness": {"dvar": 0.226004362106, "var": 0.836816251278, "median": 0.33785662055, "max": 6.43287992477, "dmean": 0.47578266263, "dmean2": 0.699844956398, "mean": 0.374453216791, "dvar2": 0.469889581203, "min": -6.64373779297}, "spectral_contrast_valleys": {"dvar": [0.159513533115, 0.145030274987, 0.148942008615, 0.109469212592, 0.102867148817, 0.166712418199], "var": [3.99314928055, 3.15722489357, 2.99547696114, 2.84877610207, 2.9368224144, 2.95032334328], "median": [-7.02258872986, -6.52308320999, -7.48141908646, -7.75624656677, -7.60000991821, -9.64455509186], "max": [-4.82083320618, -4.54392719269, -5.13213920593, -5.49509239197, -5.45699357986, -7.42709064484], "dmean": [0.436951130629, 0.411870151758, 0.403830856085, 0.326674818993, 0.31210231781, 0.385443508625], "dmean2": [0.696448683739, 0.638596773148, 0.613063395023, 0.489851117134, 0.42624142766, 0.463035196066], "mean": [-7.39516925812, -6.74045753479, -7.65444564819, -7.94499254227, -7.79443740845, -9.84824943542], "dvar2": [0.336787819862, 0.317442119122, 0.316468447447, 0.218798667192, 0.192171707749, 0.276830583811], "min": [-28.2087478638, -28.1528701782, -27.7617855072, -27.666349411, -27.5113582611, -27.386724472]}, "spectral_strongpeak": {"dvar": 0.8186429739, "var": 1.72531831264, "median": 0.407661020756, "max": 13.5005941391, "dmean": 0.565494000912, "dmean2": 0.939993739128, "mean": 0.97166377306, "dvar2": 1.89370369911, "min": 0}, "erbbands_crest": {"dvar": 8.88059043884, "var": 22.8566303253, "median": 8.06049251556, "max": 31.528629303, "dmean": 3.0450963974, "dmean2": 4.90194702148, "mean": 9.24413967133, "dvar2": 21.2361869812, "min": 2.20440888405}, "barkbands_crest": {"dvar": 7.46554088593, "var": 20.8943729401, "median": 9.76881217957, "max": 25.7780036926, "dmean": 3.00313663483, "dmean2": 4.83537530899, "mean": 10.6900873184, "dvar2": 18.6654987335, "min": 2.02410054207}, "spectral_energyband_middle_low": {"dvar": 0.000178263435373, "var": 0.000174600689206, "median": 0.00828268192708, "max": 0.149866819382, "dmean": 0.00685396464542, "dmean2": 0.011129938066, "mean": 0.0117626748979, "dvar2": 0.000487222132506, "min": 1.59796234044e-22}, "spectral_contrast_coeffs": {"dvar": [0.00196495838463, 0.00215201196261, 0.00135676877107, 0.00089141522767, 0.000539840839338, 0.000373543094611], "var": [0.00745649216697, 0.00711278337985, 0.00658826855943, 0.00411963602528, 0.0025948875118, 0.00174718908966], "median": [-0.700125336647, -0.733119606972, -0.751215100288, -0.761960804462, -0.770879864693, -0.789744019508], "max": [-0.274531215429, -0.352420330048, -0.41007438302, -0.486613273621, -0.54032176733, -0.607899129391], "dmean": [0.0526835545897, 0.0549536012113, 0.0444402061403, 0.0358532555401, 0.0269241351634, 0.0216894503683], "dmean2": [0.0858960822225, 0.0882617756724, 0.0688607171178, 0.0553546212614, 0.0413579382002, 0.0315594561398], "mean": [-0.690530657768, -0.724031507969, -0.739099264145, -0.756720662117, -0.767955303192, -0.785399436951], "dvar2": [0.00538655882701, 0.00505551695824, 0.00313940178603, 0.00193153170403, 0.00111785228364, 0.000775792519562], "min": [-0.979626357555, -0.982325613499, -0.972884178162, -0.971209168434, -0.965932667255, -0.965573489666]}, "hfc": {"dvar": 442.008605957, "var": 759.339782715, "median": 19.7902698517, "max": 300.872955322, "dmean": 11.9941072464, "dmean2": 16.9560508728, "mean": 27.1199836731, "dvar2": 979.635009766, "min": 1.03076670196e-16}, "spectral_energyband_high": {"dvar": 3.3320222883e-06, "var": 5.4571041801e-06, "median": 0.000532224134076, "max": 0.0247263684869, "dmean": 0.000930456444621, "dmean2": 0.00125904334709, "mean": 0.00142780970782, "dvar2": 6.9879347393e-06, "min": 7.03495946785e-21}, "erbbands_spread": {"dvar": 162.079956055, "var": 539.165527344, "median": 37.674030304, "max": 170.654800415, "dmean": 11.4772348404, "dmean2": 16.4348163605, "mean": 42.3692932129, "dvar2": 323.835723877, "min": 2.03847312927}, "dissonance": {"dvar": 0.000450105086202, "var": 0.000958564691246, "median": 0.467262536287, "max": 0.499995052814, "dmean": 0.0215385966003, "dmean2": 0.0356618911028, "mean": 0.459459245205, "dvar2": 0.00117101601791, "min": 0.26883867383}, "spectral_kurtosis": {"dvar": 2.31550097466, "var": 7.20317554474, "median": 3.63838815689, "max": 23.407781601, "dmean": 1.37046194077, "dmean2": 2.0078625679, "mean": 4.04213523865, "dvar2": 5.2728304863, "min": -1.27150940895}, "spectral_skewness": {"dvar": 0.0492777973413, "var": 0.225967973471, "median": 1.58312475681, "max": 3.96087503433, "dmean": 0.233728855848, "dmean2": 0.324273616076, "mean": 1.57147097588, "dvar2": 0.0980841070414, "min": -0.573150098324}, "pitch_salience": {"dvar": 0.00547180231661, "var": 0.0205630883574, "median": 0.53928732872, "max": 0.895396888256, "dmean": 0.0811028406024, "dmean2": 0.127569019794, "mean": 0.526223659515, "dvar2": 0.0127382585779, "min": 0.0844527631998}, "spectral_complexity": {"dvar": 18.4385375977, "var": 80.4434432983, "median": 17, "max": 59, "dmean": 3.74091696739, "dmean2": 5.26094961166, "mean": 17.7836513519, "dvar2": 30.3801498413, "min": 0}, "spectral_spread": {"dvar": 1330933923840.0, "var": 11328352682000.0, "median": 5247328, "max": 42744820, "dmean": 916475.875, "dmean2": 1210362.875, "mean": 5912796.5, "dvar2": 2207332958210.0, "min": 1979006.625}, "dynamic_complexity": 3.07245254517, "melbands_crest": {"dvar": 13.2032165527, "var": 63.5367279053, "median": 13.9498720169, "max": 37.3220977783, "dmean": 3.93809986115, "dmean2": 6.20967292786, "mean": 16.1733112335, "dvar2": 30.4329452515, "min": 1.62630629539}, "zerocrossingrate": {"dvar": 0.000462674390292, "var": 0.00334975379519, "median": 0.0595703125, "max": 0.52783203125, "dmean": 0.0171670354903, "dmean2": 0.0189699940383, "mean": 0.0732865855098, "dvar2": 0.000536683714017, "min": 0.0029296875}, "spectral_energyband_low": {"dvar": 0.000840494933072, "var": 0.00158150435891, "median": 0.0067787966691, "max": 0.305193692446, "dmean": 0.0123382760212, "dmean2": 0.0191543642431, "mean": 0.0217260047793, "dvar2": 0.00224521150813, "min": 2.01067328769e-23}, "melbands_kurtosis": {"dvar": 1827.44445801, "var": 2362.88500977, "median": 7.15416908264, "max": 1379.41870117, "dmean": 14.8372583389, "dmean2": 23.3645133972, "mean": 21.1072120667, "dvar2": 4801.5390625, "min": -1.92682051659}, "spectral_energyband_middle_high": {"dvar": 2.41188918153e-05, "var": 4.55744630017e-05, "median": 0.00314510450698, "max": 0.0547904260457, "dmean": 0.00247863447294, "dmean2": 0.00376189965755, "mean": 0.00545227294788, "dvar2": 6.15462413407e-05, "min": 1.18877031867e-21}, "barkbands_spread": {"dvar": 107.03049469, "var": 285.278076172, "median": 22.0635852814, "max": 122.69153595, "dmean": 8.46634197235, "dmean2": 12.2231435776, "mean": 25.6005058289, "dvar2": 210.679458618, "min": 0.688897609711}, "mfcc": {"mean": [-638.745300293, 107.561935425, 8.62717628479, 16.6152954102, 6.49348926544, -2.33770394325, -2.96842217445, 4.98982906342, 4.30377149582, 6.95006036758, 5.47102308273, 2.15236163139, 1.73574674129], "cov": [[7539.90380859, 43.2213439941, 104.9633255, 101.940170288, 144.577072144, 193.18460083, 204.969741821, 226.216156006, 219.228149414, 229.222000122, 162.854049683, 60.0697250366, 77.6765823364], [43.2213439941, 1318.3840332, -351.292297363, 12.5171966553, 49.3565177917, -14.9989385605, 58.9481658936, 88.0563201904, -3.84969043732, 36.5924072266, 7.47605657578, -5.76835346222, -28.7119350433], [104.9633255, -351.292297363, 751.911193848, 140.235366821, 88.1467208862, 110.675216675, 16.5502586365, -3.14984488487, 92.2556762695, 14.9214086533, 42.6654434204, 67.776222229, 54.7660484314], [101.940170288, 12.5171966553, 140.235366821, 450.60534668, 142.527709961, 92.6844024658, 10.5939092636, 36.2257270813, 73.6297836304, 10.3535900116, -0.822288036346, 52.798034668, 45.5755958557], [144.577072144, 49.3565177917, 88.1467208862, 142.527709961, 318.601013184, 65.9353790283, 8.22391223907, 43.5627212524, 101.58946991, 35.6614837646, 4.26711750031, 41.1053657532, 11.205288887], [193.18460083, -14.9989385605, 110.675216675, 92.6844024658, 65.9353790283, 263.598907471, 145.896011353, 59.9109802246, 68.4068984985, 28.3030986786, 62.0943984985, 24.679309845, -3.47207283974], [204.969741821, 58.9481658936, 16.5502586365, 10.5939092636, 8.22391223907, 145.896011353, 274.586334229, 97.9417190552, 30.9669380188, 34.4179420471, 73.8930969238, 12.5863161087, -17.8439693451], [226.216156006, 88.0563201904, -3.14984488487, 36.2257270813, 43.5627212524, 59.9109802246, 97.9417190552, 165.08140564, 69.4161071777, 32.2904396057, 36.3703384399, 14.5968198776, 4.36357975006], [219.228149414, -3.84969043732, 92.2556762695, 73.6297836304, 101.58946991, 68.4068984985, 30.9669380188, 69.4161071777, 201.653915405, 60.7944412231, 38.7405128479, 34.4340934753, 17.6738262177], [229.222000122, 36.5924072266, 14.9214086533, 10.3535900116, 35.6614837646, 28.3030986786, 34.4179420471, 32.2904396057, 60.7944412231, 129.27645874, 48.2878494263, 8.66564083099, 0.727474272251], [162.854049683, 7.47605657578, 42.6654434204, -0.822288036346, 4.26711750031, 62.0943984985, 73.8930969238, 36.3703384399, 38.7405128479, 48.2878494263, 115.129707336, 27.1305999756, 1.35842812061], [60.0697250366, -5.76835346222, 67.776222229, 52.798034668, 41.1053657532, 24.679309845, 12.5863161087, 14.5968198776, 34.4340934753, 8.66564083099, 27.1305999756, 100.367156982, 44.6762390137], [77.6765823364, -28.7119350433, 54.7660484314, 45.5755958557, 11.205288887, -3.47207283974, -17.8439693451, 4.36357975006, 17.6738262177, 0.727474272251, 1.35842812061, 44.6762390137, 101.928352356]], "icov": [[0.000146300444612, 8.49329171615e-06, 5.80592086408e-06, 3.47418881574e-06, -1.82837884495e-05, -3.20611143252e-05, -1.85400822375e-05, -0.00011664385238, -2.87538277917e-05, -0.000180684713996, -6.51534137432e-05, 3.87544096156e-05, -0.000120948825497], [8.49329171615e-06, 0.000928438967094, 0.000454209337477, -0.000105289305793, -0.000193141720956, 9.39706515055e-05, -9.82235360425e-05, -0.000403616140829, 0.000141784606967, -0.00021260844369, -1.68349615706e-05, -0.000159502538736, 0.000129674910568], [5.80592086408e-06, 0.000454209337477, 0.00183732551523, -0.000283562694676, -0.000189841870451, -0.000489576486871, 7.93461149442e-05, 0.000328762602294, -0.000436277885456, 0.000111945628305, -0.000383902312024, -0.000489670084789, -0.00043828075286], [3.47418881574e-06, -0.000105289305793, -0.000283562694676, 0.00296481698751, -0.000883990956936, -0.000921026221476, 0.000327736663166, -0.000265851645963, -0.000153900342411, 0.000103238038719, 0.000684579368681, -0.000574119330849, -0.000802588067017], [-1.82837884495e-05, -0.000193141720956, -0.000189841870451, -0.000883990956936, 0.00441759452224, -0.000574811012484, 0.00044723492465, -0.00032897098572, -0.0014570413623, -0.000590574287344, 0.0010721135186, -0.00117969990242, 0.00080359459389], [-3.20611143252e-05, 9.39706515055e-05, -0.000489576486871, -0.000921026221476, -0.000574811012484, 0.00667292345315, -0.00314174988307, 