{"tonal": {"chords_key": "E", "hpcp_entropy": {"dmean": 0.588541328907, "dmean2": 0.997157871723, "max": 4.63782548904, "dvar": 0.236504614353, "mean": 2.2860057354, "dvar2": 0.646447181702, "min": 0, "var": 0.833228051662, "median": 2.14298295975}, "key_key": "E", "chords_strength": {"dmean": 0.00861905142665, "dmean2": 0.0100657893345, "max": 0.746950387955, "dvar": 0.000421348173404, "mean": 0.485428720713, "dvar2": 0.000819189823233, "min": -1, "var": 0.0114857563749, "median": 0.473926067352}, "key_scale": "minor", "chords_number_rate": 0.00196043495089, "thpcp": [1, 0.482212811708, 0.211877197027, 0.178734734654, 0.149833098054, 0.203437075019, 0.256620973349, 0.245301932096, 0.326598078012, 0.381494164467, 0.285814523697, 0.196307316422, 0.165626704693, 0.261396020651, 0.564327299595, 0.601490199566, 0.42910066247, 0.409575492144, 0.280894547701, 0.180030018091, 0.22668646276, 0.227401837707, 0.225871294737, 0.424176961184, 0.496462851763, 0.319819808006, 0.203828394413, 0.152219831944, 0.156205490232, 0.206590384245, 0.207789555192, 0.163612127304, 0.155323088169, 0.163141697645, 0.243191733956, 0.7891086936], "key_strength": 0.716630041599, "tuning_nontempered_energy_ratio": 0.94447273016, "tuning_frequency": 434.193115234, "chords_changes_rate": 0.0634467974305, "tuning_diatonic_strength": 0.560764849186, "chords_scale": "minor", "chords_histogram": [36.9809303284, 14.6854391098, 11.6200323105, 0.570308327675, 0.374264836311, 4.24166822433, 1.55052578449, 15.4696130753, 0, 0.285154163837, 0, 0.338620573282, 0.178221344948, 1.14061665535, 0, 0.0534664057195, 4.11691331863, 0, 2.7624309063, 0.445553392172, 1.46141505241, 0.69506329298, 0.748529672623, 2.2812333107], "tuning_equal_tempered_deviation": 0.21212670207, "hpcp": {"dmean": [0.0876459106803, 0.0878714025021, 0.0791712626815, 0.0820197090507, 0.0873446464539, 0.112410336733, 0.172689080238, 0.170199394226, 0.148717537522, 0.0901299566031, 0.0671424269676, 0.0686951652169, 0.0795936435461, 0.102993346751, 0.11880889535, 0.129427954555, 0.145765960217, 0.135262355208, 0.102279387414, 0.089346177876, 0.11922109127, 0.15801435709, 0.150720864534, 0.144781798124, 0.142141923308, 0.104092501104, 0.0885337665677, 0.0905206128955, 0.0834704786539, 0.0991044342518, 0.131376057863, 0.135287106037, 0.13913808763, 0.099125944078, 0.0728924125433, 0.0782765001059], "dmean2": [0.154812186956, 0.154896587133, 0.143109306693, 0.152418270707, 0.162384793162, 0.202162459493, 0.282955348492, 0.278140753508, 0.257450908422, 0.163129761815, 0.119074292481, 0.125257313251, 0.140782833099, 0.182436317205, 0.2139390558, 0.222213283181, 0.25515678525, 0.24372176826, 0.187820747495, 0.165963351727, 0.210175737739, 0.258819192648, 0.249486729503, 0.250107586384, 0.245836272836, 0.18158082664, 0.161233499646, 0.158553719521, 0.141148403287, 0.176090195775, 0.228649124503, 0.228402048349, 0.250093698502, 0.1795681566, 0.132282093167, 0.142007723451], "max": [1, 1, 1, 1, 1, 1, 1, 1, 1, 1, 1, 1, 1, 1, 1, 1, 1, 1, 1, 1, 1, 1, 1, 1, 1, 1, 1, 1, 1, 1, 1, 1, 1, 1, 1, 1], "dvar": [0.0334337279201, 0.0321429185569, 0.028292896226, 0.033615026623, 0.0360753238201, 0.0320190452039, 0.0368423685431, 0.0468724220991, 0.0358097031713, 0.0327481850982, 0.0230495519936, 0.0233283769339, 0.0263885259628, 0.0399180352688, 0.0494274049997, 0.0515439324081, 0.0625719726086, 0.0571157298982, 0.0422992445529, 0.0325765833259, 0.0376287735999, 0.0438243634999, 0.0428593493998, 0.0370255336165, 0.048818513751, 0.0299782380462, 0.0314419865608, 0.0261266324669, 0.0206901989877, 0.0267179608345, 0.0394581407309, 0.0426452830434, 0.0477349646389, 0.0326442420483, 0.0259710457176, 0.0298962928355], "mean": [0.0978274792433, 0.0983953326941, 0.0774758383632, 0.0735506936908, 0.0772530734539, 0.115159451962, 0.373669445515, 0.473533570766, 0.228343948722, 0.100330963731, 0.0846368968487, 0.070950999856, 0.0963342860341, 0.121518649161, 0.116158701479, 0.15465515852, 0.180650293827, 0.135342776775, 0.0929581075907, 0.0784298032522, 0.123779796064, 0.26722791791, 0.284825801849, 0.203193575144, 0.19394774735, 0.133012995124, 0.0852502584457, 0.107343651354, 0.107682406902, 0.106957644224, 0.200862035155, 0.235091820359, 0.151445418596, 0.0965195894241, 0.0720812007785, 0.0739685446024], "dvar2": [0.0866794735193, 0.0838836878538, 0.0796071141958, 0.0954099297523, 0.101678140461, 0.087798640132, 0.092227704823, 0.103307142854, 0.104007080197, 0.0938014388084, 0.0625658258796, 0.0657690539956, 0.0729548633099, 0.116178542376, 0.147388935089, 0.127894461155, 0.154783859849, 0.158147290349, 0.116954773664, 0.0916667059064, 0.102924227715, 0.106473140419, 0.100119046867, 0.099927470088, 0.121214427054, 0.0789970904589, 0.0890839248896, 0.0725279599428, 0.0549145303667, 0.0773542374372, 0.108443714678, 0.109447449446, 0.145063281059, 0.0956024080515, 0.0732848271728, 0.0834055393934], "min": [0, 0, 0, 0, 0, 0, 0, 0, 0, 0, 0, 0, 0, 0, 0, 0, 0, 0, 0, 0, 0, 0, 0, 0, 0, 0, 0, 0, 0, 0, 0, 0, 0, 0, 0, 0], "var": [0.0397166609764, 0.0376742184162, 0.0253288336098, 0.0278925504535, 0.0300205238163, 0.0305358227342, 0.0967418178916, 0.149156793952, 0.0514982193708, 0.0441522747278, 0.0369132533669, 0.0246248301119, 0.034765701741, 0.0534969493747, 0.0460350625217, 0.0666817501187, 0.0877628102899, 0.0599846206605, 0.0400158911943, 0.0289384070784, 0.0385482013226, 0.0925737842917, 0.106470428407, 0.0541403740644, 0.0944080203772, 0.0410920754075, 0.0300598479807, 0.034661822021, 0.0320700109005, 0.0288532599807, 0.0830834656954, 0.103047400713, 0.0524546541274, 0.0321996845305, 0.0236808136106, 0.0265087690204], "median": [0.00956426095217, 0.0112287718803, 0.00808053929359, 0.00356718781404, 0.00407916679978, 0.0496941544116, 0.301204353571, 0.373075485229, 0.162167295814, 0.00755708245561, 0.00271086883731, 0.00476185558364, 0.00790267530829, 0.00817244872451, 0.0139873307198, 0.0179506074637, 0.0205701272935, 0.0137480022386, 0.00470462348312, 0.00627241795883, 0.0387003012002, 0.12915879488, 0.13826777041, 0.10405780375, 0.0323977023363, 0.0238368082792, 0.00868032872677, 0.0231822542846, 0.0266266074032, 0.0331280902028, 0.044950529933, 0.0634694248438, 0.0364809557796, 0.0079209478572, 0.00551386456937, 0.00580883724615]}}, "lowlevel": {"melbands_flatness_db": {"dmean": 0.0286775454879, "dmean2": 0.0441383197904, "max": 0.548538088799, "dvar": 0.00107549247332, "mean": 0.281287133694, "dvar2": 0.00216921581887, "min": 0.00319904810749, "var": 0.0128612034023, "median": 0.31307426095}, "melbands_crest": {"dmean": 2.87328362465, "dmean2": 4.8167219162, "max": 30.7456321716, "dvar": 7.33817052841, "mean": 13.8702793121, "dvar2": 19.9892711639, "min": 1.68896996975, "var": 21.5814380646, "median": 13.5578746796}, "spectral_entropy": {"dmean": 0.237563326955, "dmean2": 0.361995488405, "max": 9.83267116547, "dvar": 0.086094468832, "mean": 7.02978801727, "dvar2": 0.168620586395, "min": 4.87432718277, "var": 0.631040930748, "median": 6.92986440659}, "melbands": {"dmean": [0.000906968896743, 0.00258928537369, 0.00186820398085, 0.000954079499934, 0.000563180539757, 0.000192941079149, 4.89716367156e-05, 9.05785127543e-05, 7.89191763033e-05, 0.000121828263218, 5.32331832801e-05, 2.70089258265e-05, 1.09079855974e-05, 8.19347042125e-06, 7.50322124077e-06, 4.98518238601e-06, 4.42972168457e-06, 3.13447890221e-06, 8.37469724502e-06, 5.65739856029e-06, 2.13220255318e-06, 1.62025480677e-06, 9.81972152658e-06, 3.09801748699e-06, 1.36009850848e-06, 1.24840971694e-06, 1.30718581204e-06, 1.25408098484e-06, 1.02022431747e-06, 1.33502305744e-06, 1.33704145355e-06, 1.37437609737e-06, 1.41161729061e-06, 3.52191341335e-06, 9.17280431167e-07, 4.50025908094e-07, 5.47340391677e-07, 3.3155893675e-07, 1.16311760223e-07, 6.43156212732e-08], "dmean2": [0.00148550281301, 0.0046524903737, 0.00339313433506, 0.0016157575883, 0.000942263868637, 0.000315551151289, 7.56418303354e-05, 0.000134166504722, 0.000123040183098, 0.00020062616386, 8.91411982593e-05, 4.42103555542e-05, 1.70920629898e-05, 1.23063664432e-05, 1.14107533591e-05, 7.75313947088e-06, 7.12652717993e-06, 5.12856104251e-06, 1.34072652145e-05, 9.39029087021e-06, 3.62830314771e-06, 2.74146486845e-06, 1.68287697306e-05, 4.96791699334e-06, 2.29132660934e-06, 2.09546715269e-06, 2.17252704715e-06, 2.09689937947e-06, 1.72207160176e-06, 2.27945224651e-06, 2.15323348129e-06, 2.27038822231e-06, 2.38212714976e-06, 6.08972823102e-06, 1.49024060647e-06, 7.20632669982e-07, 8.35594562432e-07, 5.27196846178e-07, 1.88133029155e-07, 1.01462795499e-07], "max": [0.0221637710929, 0.0676927044988, 0.0509671345353, 0.0285628065467, 0.0314572304487, 0.0171711165458, 0.00387446815148, 0.00742375804111, 0.00451627233997, 0.0076914052479, 0.0039422926493, 0.00526966387406, 0.000845394853968, 0.00247158366255, 0.000627084693406, 0.000581966887694, 0.000730735016987, 0.000328803289449, 0.000936105381697, 0.000618296093307, 0.000238514490775, 7.8271215898e-05, 0.000265021750238, 7.15588539606e-05, 6.73204631312e-05, 3.94866256102e-05, 6.66114283376e-05, 6.69002547511e-05, 5.56863305974e-05, 6.65581610519e-05, 9.91129127215e-05, 4.53863722214e-05, 6.34861353319e-05, 0.000125593665871, 5.83517939958e-05, 4.10617903981e-05, 3.55484917236e-05, 3.06550209643e-05, 1.18124380606e-05, 1.2815984519e-05], "dvar": [2.97730321108e-06, 6.16838515271e-05, 2.71339395113e-05, 3.18443881042e-06, 2.15673685489e-06, 3.74698799988e-07, 1.08121200881e-08, 5.51501919688e-08, 6.5462359089e-08, 2.2023208146e-07, 3.53695028821e-08, 2.32276704537e-08, 6.09133299356e-10, 1.37902222974e-09, 3.47312789639e-10, 1.81497872287e-10, 2.24077201239e-10, 1.16324755384e-10, 1.69212943657e-09, 6.24031271101e-10, 6.12139713918e-11, 1.15156131159e-11, 8.34678326456e-10, 5.10265649178e-11, 1.27696976257e-11, 9.23137261077e-12, 8.92882989767e-12, 8.99175699176e-12, 7.48399953121e-12, 1.83654966235e-11, 1.28767205232e-11, 1.43328465416e-11, 1.59906896752e-11, 1.69078334666e-10, 7.1030425465e-12, 1.90314430881e-12, 4.63663569344e-12, 1.90787121344e-12, 1.97750832636e-13, 5.4178402487e-14], "mean": [0.0022392005194, 0.00333790667355, 0.00233943737112, 0.00167234288529, 0.000992876826786, 0.000397518073441, 0.000128327024868, 0.000208541270695, 0.000121350618429, 0.000173244494363, 8.4979692474e-05, 4.43901662948e-05, 1.82095700438e-05, 1.54440549522e-05, 1.24336920635e-05, 8.44616351969e-06, 6.26192695563e-06, 3.97365920435e-06, 8.90494811756e-06, 5.9382755353e-06, 2.53041025644e-06, 2.31370199799e-06, 1.15978546091e-05, 3.83102178603e-06, 1.94654330699e-06, 1.70879604866e-06, 1.9096557935e-06, 1.86802412827e-06, 1.25619010305e-06, 1.45138812968e-06, 1.49265054006e-06, 1.40220026879e-06, 1.33921685119e-06, 2.59397552327e-06, 8.85197266598e-07, 4.69281502546e-07, 5.58349199764e-07, 3.3169692415e-07, 1.25520315919e-07, 7.65644259104e-08], "dvar2": [8.00890029495e-06, 0.000175876455614, 7.88488978287e-05, 8.81862888491e-06, 5.7957122408e-06, 1.00370061773e-06, 2.72906248711e-08, 1.37931820632e-07, 1.72079268168e-07, 6.25849793323e-07, 1.0002271722e-07, 6.58036896084e-08, 1.3337697613e-09, 2.10322381733e-09, 6.43424147295e-10, 3.83783449465e-10, 5.21182264013e-10, 2.70035743766e-10, 4.03446742681e-09, 1.5895015304e-09, 1.61206825666e-10, 2.89887246152e-11, 2.30646923782e-09, 1.3168086066e-10, 3.22852890255e-11, 2.23541619243e-11, 2.24476652544e-11, 2.20884213697e-11, 1.87517015804e-11, 4.88634618878e-11, 3.11868239566e-11, 3.62987209734e-11, 4.21171292286e-11, 4.51100545806e-10, 1.71589912418e-11, 4.49235353778e-12, 1.05125613076e-11, 4.62393187975e-12, 4.91690076241e-13, 1.21415857511e-13], "min": [9.07259263549e-25, 1.65597917882e-24, 2.67287275326e-24, 1.24913166113e-24, 3.05451892604e-24, 1.71314871748e-24, 1.1674944182e-24, 9.08130363203e-25, 2.60249886633e-24, 2.04765315422e-24, 2.5536295249e-24, 3.60006771517e-24, 1.93014029225e-24, 2.13050958167e-24, 4.60857392325e-24, 4.03081574614e-24, 2.76328567933e-24, 3.26745102259e-24, 3.83997767139e-24, 5.3916299955e-24, 4.56090700305e-24, 5.07461914099e-24, 4.50758355573e-24, 3.90989875215e-24, 5.2264121508e-24, 4.9401696326e-24, 5.35143792681e-24, 3.18890749491e-24, 5.72043905371e-24, 5.45122133714e-24, 5.75150163514e-24, 5.60178648495e-24, 6.64887864091e-24, 4.62148718183e-24, 5.04614481218e-24, 5.67634330683e-24, 6.14701716593e-24, 6.39701270882e-24, 5.71322492073e-24, 5.2883318154e-24], "var": [7.50576691644e-06, 4.59098446299e-05, 1.98833258764e-05, 5.34685705134e-06, 3.67867892237e-06, 8.13210192518e-07, 6.55978453779e-08, 2.0837245529e-07, 9.59973434078e-08, 2.25102311902e-07, 5.44443210515e-08, 4.30564348619e-08, 2.0011601265e-09, 7.71628005936e-09, 1.09135345205e-09, 5.20824494643e-10, 3.40460548642e-10, 1.43050585266e-10, 1.60472812816e-09, 5.332633779e-10, 5.34871834323e-11, 2.24579712466e-11, 1.09535092108e-09, 7.13255565721e-11, 1.88785324179e-11, 1.3336932253e-11, 1.4791489214e-11, 1.56247792482e-11, 9.51196586774e-12, 1.84454812535e-11, 1.66998186113e-11, 1.4758121808e-11, 1.37545625931e-11, 1.17061818572e-10, 6.99791873754e-12, 2.09442662866e-12, 5.09917195274e-12, 1.81636183958e-12, 2.02845336014e-13, 9.16331626463e-14], "median": [0.00126169715077, 0.000895251170732, 0.00100527028553, 0.000879559607711, 0.000440720876213, 0.000118608360935, 5.86782916798e-05, 6.89341613906e-05, 2.90554235107e-05, 3.29701360897e-05, 1.36426187964e-05, 6.54648192722e-06, 4.82717950945e-06, 1.82262260751e-06, 3.37841765941e-06, 2.57743658949e-06, 2.14512624552e-06, 1.08724429992e-06, 1.44600244312e-06, 1.02494664134e-06, 6.07189008406e-07, 6.33986132925e-07, 6.92562480253e-07, 6.21674985268e-07, 5.08292600898e-07, 4.75220929275e-07, 4.89353567446e-07, 3.55852364464e-07, 2.31496628089e-07, 2.04147809768e-07, 1.77046359795e-07, 1.5838661227e-07, 1.58845054443e-07, 1.06068078765e-07, 8.66842526648e-08, 5.73070444432e-08, 4.84430522363e-08, 4.13649736686e-08, 1.84863413466e-08, 1.28714541248e-08]}, "silence_rate_60dB": {"dmean": 0.0212121214718, "dmean2": 0.0424280241132, "max": 1, "dvar": 0.020758042112, "mean": 0.25657248497, "dvar2": 0.0445499531925, "min": 0, "var": 0.190735831857, "median": 0}, "spectral_energyband_middle_high": {"dmean": 0.000580247258767, "dmean2": 0.000935430114623, "max": 0.0349749922752, "dvar": 1.85781038908e-06, "mean": 0.00117768312339, "dvar2": 4.88151772515e-06, "min": 1.33560053196e-21, "var": 4.13312636738e-06, "median": 0.00048823459656}, "erbbands_skewness": {"dmean": 0.500271558762, "dmean2": 0.791745662689, "max": 8.0706911087, "dvar": 0.297414511442, "mean": 0.887408733368, "dvar2": 0.685886025429, "min": -7.43576049805, "var": 1.45866727829, "median": 0.834334075451}, "dynamic_complexity": 6.49027299881, "dissonance": {"dmean": 0.0239520482719, "dmean2": 0.0395741686225, "max": 0.500000059605, "dvar": 0.000627375324257, "mean": 0.444211035967, "dvar2": 0.00165992951952, "min": 0.238419264555, "var": 0.00197239150293, "median": 0.453498184681}, "spectral_skewness": {"dmean": 0.417004644871, "dmean2": 0.648327410221, "max": 8.02126312256, "dvar": 0.26894441247, "mean": 2.03925704956, "dvar2": 0.604752182961, "min": -0.0550121515989, "var": 1.53773081303, "median": 1.75628709793}, "spectral_kurtosis": {"dmean": 3.99098682404, "dmean2": 6.46742534637, "max": 97.3627548218, "dvar": 39.623714447, "mean": 9.20013713837, "dvar2": 99.5776443481, "min": -1.24900257587, "var": 140.925765991, "median": 4.62965679169}, "gfcc": {"cov": [[14493.6289062, 1814.57861328, 348.59487915, 219.52746582, -416.316131592, 164.161392212, -336.816223145, 476.288818359, 14.48782444, -19.2515449524, -69.4113464355, -60.9094924927, 39.0146980286], [1814.57861328, 2706.20532227, 894.201049805, -550.653686523, 286.878356934, -161.26361084, -12.2818937302, -37.8243598938, 165.552993774, -66.9223403931, 199.546569824, -196.018066406, 80.7499923706], [348.59487915, 894.201049805, 1243.66955566, 110.898605347, 292.646911621, 95.6053924561, 88.6288070679, 91.1954956055, 104.317871094, -28.4846038818, 27.6985569, -51.5512924194, 3.07655858994], [219.52746582, -550.653686523, 110.898605347, 663.038208008, 59.1173019409, 132.339141846, 55.2465591431, 37.6121940613, -21.2247314453, -40.5278053284, -35.3294410706, 33.686416626, -27.0152397156], [-416.316131592, 286.878356934, 292.646911621, 59.1173019409, 384.101654053, 85.2684402466, 98.7384109497, 76.3141937256, 32.6492652893, -2.14834237099, 8.54493331909, -24.5297260284, -1.19005310535], [164.161392212, -161.26361084, 95.6053924561, 132.339141846, 85.2684402466, 248.139663696, 71.7874221802, 56.5368804932, 14.8873052597, -7.32965898514, -2.73333716393, -2.52624487877, 3.23464226723], [-336.816223145, -12.2818937302, 88.6288070679, 55.2465591431, 98.7384109497, 71.7874221802, 162.157394409, 69.3712158203, 20.2535743713, 4.07019948959, -13.2416315079, -11.2104520798, -4.6638469696], [476.288818359, -37.8243598938, 91.1954956055, 37.6121940613, 76.3141937256, 56.5368804932, 69.3712158203, 217.237945557, 37.6455764771, 7.78566503525, -8.79855442047, -0.0969033017755, -9.11088371277], [14.48782444, 165.552993774, 104.317871094, -21.2247314453, 32.6492652893, 14.8873052597, 20.2535743713, 37.6455764771, 129.739242554, 16.163318634, 0.952929615974, -20.708360672, -9.49954986572], [-19.2515449524, -66.9223403931, -28.4846038818, -40.5278053284, -2.14834237099, -7.32965898514, 4.07019948959, 7.78566503525, 16.163318634, 101.203910828, 1.77743518353, -13.0085115433, -2.31446528435], [-69.4113464355, 199.546569824, 27.6985569, -35.3294410706, 8.54493331909, -2.73333716393, -13.2416315079, -8.79855442047, 0.952929615974, 1.77743518353, 129.233428955, 9.89970302582, 2.54413771629], [-60.9094924927, -196.018066406, -51.5512924194, 33.686416626, -24.5297260284, -2.52624487877, -11.2104520798, -0.0969033017755, -20.708360672, -13.0085115433, 9.89970302582, 129.650588989, 4.54045200348], [39.0146980286, 80.7499923706, 3.07655858994, -27.0152397156, -1.19005310535, 3.23464226723, -4.6638469696, -9.11088371277, -9.49954986572, -2.31446528435, 2.54413771629, 4.54045200348, 91.017578125]], "mean": [-91.9171218872, 119.95867157, -92.2299041748, 40.2654724121, -59.9099121094, 4.68351078033, -30.3399963379, -3.11264944077, -17.751947403, -9.88594055176, -14.463602066, -5.97404575348, -8.31163978577], "icov": [[0.000202551658731, -0.000527148018591, 0.000196353619685, -0.000430365122156, 0.000559355190489, -0.000567340524867, 0.000681045465171, -0.000835511251353, 0.000501297705341, -0.000558460247703, 0.000756528577767, -0.000401816854719, 0.00026223869645], [-0.000527148018591, 0.00258731329814, -0.00122428569011, 0.00197757757269, -0.00200986932032, 0.00228250632063, -0.00172269763425, 0.00251672975719, -0.00219620531425, 0.00274397688918, -0.00347559084184, 0.0024254405871, -0.00156815571245], [0.000196353619685, -0.00122428569011, 0.00168058020063, -0.00106148957275, 0.000179882757948, -0.00104967376683, 0.000633311807178, -0.00109844142571, 0.000312923482852, -0.000915177399293, 0.00136986072175, -0.000914966163691, 0.000609031820204], [-0.000430365122156, 0.00197757757269, -0.00106148957275, 0.00337240542285, -0.00158370367717, 0.00088135281112, -0.00160616158973, 0.00200176239014, -0.00124145217706, 0.0026115491055, -0.00215725763701, 0.00131678045727, -0.000535662111361], [0.000559355190489, -0.00200986932032, 0.000179882757948, -0.00158370367717, 0.00552834291011, -0.00241835112683, 0.000352802861016, -0.00290660560131, 0.00187889602967, -0.00215369160287, 0.00245592929423, -0.00140762818046, 0.00109548703767], [-0.000567340524867, 0.00228250632063, -0.00104967376683, 0.00088135281112, -0.00241835112683, 0.00738864671439, -0.00335680390708, 0.00200790958479, -0.00225125695579, 0.00257620890625, -0.00340064335614, 0.00216191075742, -0.00193221494555], [0.000681045465171, -0.00172269763425, 0.000633311807178, -0.00160616158973, 0.000352802861016, -0.00335680390708, 0.010966363363, -0.00452724657953, 0.0014205253683, -0.00218492350541, 0.00324392388575, -0.000945018371567, 0.0010201233672], [-0.000835511251353, 0.00251672975719, -0.00109844142571, 0.00200176239014, -0.00290660560131, 0.00200790958479, -0.00452724657953, 0.00928177405149, -0.0034868454095, 0.00233720499091, -0.00325363525189, 0.00151942379307, -0.000944977218751], [0.000501297705341, -0.00219620531425, 0.000312923482852, -0.00124145217706, 0.00187889602967, -0.00225125695579, 0.0014205253683, -0.0034868454095, 0.010982176289, -0.00357779115438, 0.00300054112449, -0.00111746159382, 0.00220995396376], [-0.000558460247703, 0.00274397688918, -0.000915177399293, 0.0026115491055, -0.00215369160287, 0.00257620890625, -0.00218492350541, 0.00233720499091, -0.00357779115438, 0.0134729631245, -0.00388704775833, 0.00342833227478, -0.00147987552918], [0.000756528577767, -0.00347559084184, 0.00136986072175, -0.00215725763701, 0.00245592929423, -0.00340064335614, 0.00324392388575, -0.00325363525189, 0.00300054112449, -0.00388704775833, 0.0128061389551, -0.00408070720732, 0.00212605274282], [-0.000401816854719, 0.0024254405871, -0.000914966163691, 0.00131678045727, -0.00140762818046, 0.00216191075742, -0.000945018371567, 0.00151942379307, -0.00111746159382, 0.00342833227478, -0.00408070720732, 0.0107276905328, -0.00199993303977], [0.00026223869645, -0.00156815571245, 0.000609031820204, -0.000535662111361, 0.00109548703767, -0.00193221494555, 0.0010201233672, -0.000944977218751, 0.00220995396376, -0.00147987552918, 0.00212605274282, -0.00199993303977, 0.0123601900414]]}, "spectral_complexity": {"dmean": 1.84545457363, "dmean2": 3.05767011642, "max": 47, "dvar": 9.27904987335, "mean": 8.18830776215, "dvar2": 22.5927944183, "min": 0, "var": 36.3562240601, "median": 8}, "spectral_flux": {"dmean": 0.0307421647012, "dmean2": 0.0497840158641, "max": 0.506186842918, "dvar": 0.00330205867067, "mean": 0.0743271559477, "dvar2": 0.00646279333159, "min": 6.45011613565e-11, "var": 0.00597250973806, "median": 0.0534672923386}, "spectral_energyband_low": {"dmean": 0.0107238460332, "dmean2": 0.0190205145627, "max": 0.274224191904, "dvar": 0.000951852882281, "mean": 0.0178229194134, "dvar2": 0.00272096949629, "min": 1.15031996966e-23, "var": 0.000818417349365, "median": 0.011366401799}, "spectral_decrease": {"dmean": 4.07583655715e-09, "dmean2": 7.18719928017e-09, "max": 6.08827145162e-21, "dvar": 9.08356015053e-17, "mean": -8.7898603951e-09, "dvar2": 2.58896546771e-16, "min": -8.35252151887e-08, "var": 1.05406037271e-16, "median": -7.5745543171e-09}, "barkbands_spread": {"dmean": 4.18252754211, "dmean2": 6.76439714432, "max": 120.495246887, "dvar": 39.2889175415, "mean": 14.3490095139, "dvar2": 96.4367904663, "min": 0.554976463318, "var": 218.076950073, "median": 7.25471591949}, "spectral_rms": {"dmean": 0.000994895352051, "dmean2": 0.00168516451959, "max": 0.0176636334509, "dvar": 3.22309119838e-06, "mean": 0.00475419964641, "dvar2": 8.90802948561e-06, "min": 3.13680787074e-12, "var": 1.06557408799e-05, "median": 0.00533834146336}, "spectral_centroid": {"dmean": 183.459487915, "dmean2": 294.356811523, "max": 11582.375, "dvar": 68196.5859375, "mean": 984.978515625, "dvar2": 151037.6875, "min": 169.422836304, "var": 1165880.125, "median": 509.572296143}, "barkbands_skewness": {"dmean": 0.739982426167, "dmean2": 1.1761547327, "max": 13.5212974548, "dvar": 0.869377553463, "mean": 2.23619604111, "dvar2": 2.06422901154, "min": -4.62553453445, "var": 2.77238512039, "median": 2.11068582535}, "spectral_rolloff": {"dmean": 277.330200195, "dmean2": 475.299102783, "max": 20068.9453125, "dvar": 420137.65625, "mean": 1167.07910156, "dvar2": 1026573.625, "min": 86.1328125, "var": 3636569, "median": 366.064453125}, "erbbands_spread": {"dmean": 11.2892589569, "dmean2": 17.6207866669, "max": 172.859924316, "dvar": 232.952301025, "mean": 37.3841323853, "dvar2": 506.711547852, "min": 1.85689759254, "var": 577.162231445, "median": 31.672700882}, "barkbands": {"dmean": [0.000165934718098, 0.00402000173926, 0.00627744896337, 0.00373373087496, 0.00413716584444, 0.00125337694772, 0.000381888821721, 0.000257780804532, 0.000864243193064, 0.000261205917923, 7.06117207301e-05, 6.86747007421e-05, 6.14544987911e-05, 4.69092119602e-05, 0.000101762903796, 4.61080489913e-05, 4.90400925628e-05, 0.000121994657093, 3.03372289636e-05, 3.80086457881e-05, 4.93868210469e-05, 7.20848183846e-05, 0.000102860423794, 3.1156836485e-05, 1.90891823877e-05, 3.59518571713e-06, 1.08402491605e-06], "dmean2": [0.000231803685892, 0.00671754544601, 0.0114542180672, 0.00683897640556, 0.0069403978996, 0.00207571079955, 0.000554422498681, 0.000426176906331, 0.00138829601929, 0.000436041329522, 0.000111831832328, 0.000104435028334, 9.29790185182e-05, 7.62864365242e-05, 0.000163381904713, 7.89181140135e-05, 8.61387306941e-05, 0.000209083722439, 5.06386859342e-05, 6.33838353679e-05, 8.20080676931e-05, 0.000120216005598, 0.00017458901857, 4.85354757984e-05, 3.15756697091e-05, 5.41322879144e-06, 1.65595292856e-06], "max": [0.0062676104717, 0.0991220548749, 0.17644546926, 0.103647246957, 0.158450528979, 0.0950668603182, 0.0307447630912, 0.0215375032276, 0.0534204989672, 0.0324458405375, 0.00562891643494, 0.0178285446018, 0.00626320159063, 0.00704387482256, 0.0108657218516, 0.00301689631306, 0.00132164359093, 0.00274901278317, 0.0010489030974, 0.00233374466188, 0.00245351134799, 0.00278700725175, 0.00373729201965, 0.00225388118997, 0.00137868674938, 0.00102715333924, 0.000440672854893], "dvar": [1.34162775112e-07, 6.90975575708e-05, 0.000431313965237, 9.70870823949e-05, 6.25392785878e-05, 1.86175675481e-05, 8.63118373218e-07, 7.67541962432e-07, 9.68916538113e-06, 1.1967674709e-06, 2.43483135876e-08, 7.92909560232e-08, 2.87152026601e-08, 2.18560867182e-08, 2.2416057277e-07, 2.57216719035e-08, 1.14501848003e-08, 1.16807711947e-07, 5.40036371177e-09, 8.03314659237e-09, 1.93581595198e-08, 3.91600138983e-08, 1.24422356862e-07, 1.47325041056e-08, 9.95954696492e-09, 2.32388039367e-10, 2.47995426278e-11], "mean": [0.000533090962563, 0.00849211309105, 0.00669885193929, 0.00419068615884, 0.00761142233387, 0.00234150979668, 0.000951364694629, 0.000419931195211, 0.00129770417698, 0.000407411513152, 0.000112785746751, 0.000128290135763, 0.000100844365079, 6.40069847577e-05, 0.000109619068098, 5.1064958825e-05, 6.05387249379e-05, 0.000146427773871, 4.49943800049e-05, 5.80860832997e-05, 5.89807495999e-05, 7.18357259757e-05, 8.29698255984e-05, 3.22172782035e-05, 1.73777316377e-05, 4.16653892898e-06, 1.30025944145e-06], "dvar2": [2.4890300665e-07, 0.000188998019439, 0.00122934742831, 0.000285410322249, 0.000171542618773, 4.98800036439e-05, 2.0874654183e-06, 2.13186194742e-06, 2.68953881459e-05, 3.42430053024e-06, 5.42658433744e-08, 1.24433043425e-07, 5.37218376451e-08, 5.16160660879e-08, 5.44169040495e-07, 6.74299016623e-08, 3.29167804125e-08, 3.11021324251e-07, 1.31041364426e-08, 1.9860035394e-08, 4.77939892107e-08, 1.0030885278e-07, 3.26721050214e-07, 3.4302242824e-08, 2.53158134456e-08, 5.05239849957e-10, 5.0762952869e-11], "min": [6.73955228551e-25, 4.35265758483e-24, 1.06685805202e-24, 6.24616613488e-25, 8.22857260362e-24, 8.50363814608e-24, 7.53834534396e-24, 7.3282353973e-24, 1.03622133714e-23, 2.12580722126e-23, 1.64531630374e-23, 2.50999037071e-23, 4.53922523995e-23, 2.16414459908e-23, 4.28093608682e-23, 6.36635615409e-23, 1.02483400376e-22, 8.36613748149e-23, 1.51469182411e-22, 1.65313817516e-22, 2.60331267891e-22, 3.407713008e-22, 3.68607892361e-22, 5.4164573099e-22, 9.04735257328e-22, 1.30957493784e-21, 1.95356190385e-21], "var": [1.23579877709e-06, 0.000126835395349, 0.000283544271952, 7.42414122215e-05, 0.000119133990665, 3.19479586324e-05, 4.2063957153e-06, 9.84257439995e-07, 1.15227066999e-05, 2.18024342757e-06, 6.97637005942e-08, 4.34607812849e-07, 9.12103743644e-08, 3.31751230931e-08, 2.10248785493e-07, 2.18103011207e-08, 1.54564467891e-08, 1.48652901544e-07, 8.63656079986e-09, 1.40122846659e-08, 2.47376199525e-08, 3.70137342998e-08, 9.18814251349e-08, 1.54924855167e-08, 8.18741163755e-09, 4.22584106596e-10, 7.80619319185e-11], "median": [1.73295720742e-05, 0.00454090861604, 0.00105564377736, 0.00132032693364, 0.00365984346718, 0.000694669201039, 0.00033072498627, 0.000141850148793, 0.000235031970078, 5.1347862609e-05, 3.14209937642e-05, 1.69404738699e-05, 2.40061399381e-05, 2.15513628063e-05, 2.00985614356e-05, 1.15694019769e-05, 1.20285922094e-05, 1.36316421049e-05, 1.27710864035e-05, 1.31323968162e-05, 8.8567912826e-06, 8.4747271103e-06, 5.1839324442e-06, 3.96633458877e-06, 1.38767802582e-06, 2.00066139655e-07, 6.72593571949e-08]}, "melbands_kurtosis": {"dmean": 16.65092659, "dmean2": 27.4401016235, "max": 552.100341797, "dvar": 1241.72375488, "mean": 27.7712745667, "dvar2": 3157.87402344, "min": -1.83767354488, "var": 1788.92358398, "median": 14.655134201}, "erbbands_crest": {"dmean": 2.75235390663, "dmean2": 4.49476766586, "max": 30.9894771576, "dvar": 7.22518777847, "mean": 10.2132301331, "dvar2": 17.8409557343, "min": 2.20567393303, "var": 24.5700054169, "median": 9.46257686615}, "melbands_skewness": {"dmean": 1.03876590729, "dmean2": 1.6411036253, "max": 21.1832180023, "dvar": 2.09691905975, "mean": 3.25198698044, "dvar2": 4.8487701416, "min": -2.25853490829, "var": 5.13872528076, "median": 2.75604701042}, "spectral_energyband_middle_low": {"dmean": 0.00849635805935, "dmean2": 0.0148853864521, "max": 0.171168476343, "dvar": 0.000273283018032, "mean": 0.0169548746198, "dvar2": 0.000788062345237, "min": 2.05702258929e-22, "var": 0.000401577592129, "median": 0.0117785325274}, "spectral_contrast_coeffs": {"dmean": [0.0509915985167, 0.0424618907273, 0.0377374328673, 0.0302159823477, 0.0218161195517, 0.0209820177406], "dmean2": [0.0851510539651, 0.0689694210887, 0.0614651292562, 0.0488141328096, 0.035210698843, 0.0322651490569], "max": [-0.309680581093, -0.411687254906, -0.43107649684, -0.431342810392, -0.579435348511, -0.608721673489], "dvar": [0.00188454834279, 0.00127551530022, 0.00108961388469, 0.0007984135882, 0.000472568091936, 0.00054424040718], "mean": [-0.621944487095, -0.718904972076, -0.760757446289, -0.808762669563, -0.821081757545, -0.762917399406], "dvar2": [0.00504420604557, 0.00337815424427, 0.00286421482451, 0.0019048913382, 0.00105812842958, 0.00106863013934], "min": [-0.98098552227, -0.970275878906, -0.979566335678, -0.970955491066, -0.966569960117, -0.964249074459], "var": [0.00861838366836, 0.00972434133291, 0.00984460767359, 0.00409926054999, 0.00296877813525, 0.002090820577], "median": [-0.6195281744, -0.714745819569, -0.766342759132, -0.817535161972, -0.834441483021, -0.765252053738]}, "spectral_contrast_valleys": {"dmean": [0.379808008671, 0.359789073467, 0.331477701664, 0.30056810379, 0.302957028151, 0.321934789419], "dmean2": [0.636158108711, 0.593718230724, 0.549006819725, 0.488464713097, 0.473435878754, 0.447747766972], "max": [-4.82060241699, -4.6375336647, -5.48437738419, -6.32822084427, -5.84789037704, -7.91871023178], "dvar": [0.127856627107, 0.124882310629, 0.101658754051, 0.118038736284, 0.186978340149, 0.203668683767], "mean": [-7.48558998108, -7.51579427719, -8.32103443146, -8.84637641907, -8.63835716248, -11.2970514297], "dvar2": [0.327287375927, 0.316170424223, 0.252559781075, 0.274718344212, 0.398482322693, 0.391253650188], "min": [-28.0256690979, -28.0269451141, -27.6648254395, -27.6087265015, -27.4842948914, -27.3635654449], "var": [4.07422304153, 2.71565389633, 2.12686443329, 2.07909488678, 2.34507894516, 2.18489861488], "median": [-6.69479322433, -7.17231225967, -8.12476062775, -8.69308662415, -8.50168609619, -11.0819730759]}, "silence_rate_20dB": {"dmean": 0, "dmean2": 0, "max": 1, "dvar": 0, "mean": 1, "dvar2": 0, "min": 1, "var": 0, "median": 1}, "silence_rate_30dB": {"dmean": 0.0609625652432, "dmean2": 0.121936000884, "max": 1, "dvar": 0.0572500564158, "mean": 0.946439683437, "dvar2": 0.128292009234, "min": 0, "var": 0.0506916753948, "median": 1}, "spectral_strongpeak": {"dmean": 0.291646391153, "dmean2": 0.507881224155, "max": 6.9485206604, "dvar": 0.249678358436, "mean": 0.529173314571, "dvar2": 0.677030682564, "min": 0, "var": 0.387241274118, "median": 0.3491525352}, "spectral_spread": {"dmean": 577267.375, "dmean2": 836154.375, "max": 42300936, "dvar": 606666489856, "mean": 4101876, "dvar2": 1094539083780.0, "min": 870641.125, "var": 6801506435070.0, "median": 3969920.5}, "barkbands_flatness_db": {"dmean": 0.0248189102858, "dmean2": 0.0385070890188, "max": 0.436983734369, "dvar": 0.000801089394372, "mean": 0.199724063277, "dvar2": 0.00164897402283, "min": 0.00753404013813, "var": 0.00673579238355, "median": 0.218359261751}, "pitch_salience": {"dmean": 0.0688055902719, "dmean2": 0.116125188768, "max": 0.976153433323, "dvar": 0.00439359201118, "mean": 0.570610642433, "dvar2": 0.0125244110823, "min": 0.140556424856, "var": 0.0137850828469, "median": 0.570711553097}, "erbbands_kurtosis": {"dmean": 2.07462620735, "dmean2": 3.31300163269, "max": 93.7200317383, "dvar": 18.2861194611, "mean": 2.48939609528, "dvar2": 41.6259536743, "min": -1.89513838291, "var": 39.2369041443, "median": 0.672463417053}, "average_loudness": 0.718708693981, "barkbands_crest": {"dmean": 2.38587331772, "dmean2": 3.93881797791, "max": 25.8184890747, "dvar": 4.78551530838, "mean": 10.8920040131, "dvar2": 12.6974258423, "min": 1.71288597584, "var": 18.0653839111, "median": 10.5157632828}, "hfc": {"dmean": 5.03517532349, "dmean2": 8.47447967529, "max": 120.844581604, "dvar": 105.900924683, "mean": 10.0843639374, "dvar2": 277.263885498, "min": 1.08565542956e-16, "var": 140.271514893, "median": 7.1395778656}, "barkbands_kurtosis": {"dmean": 7.04851531982, "dmean2": 11.6539430618, "max": 246.248840332, "dvar": 173.303466797, "mean": 12.2752962112, "dvar2": 453.577423096, "min": -1.85309243202, "var": 286.637390137, "median": 7.10369777679}, "erbbands": {"dmean": [0.0866441503167, 1.12521123886, 6.206346035, 10.2409029007, 13.4545202255, 15.8936481476, 14.0015106201, 8.23586368561, 2.76942396164, 9.34356403351, 7.56835222244, 19.5383052826, 10.7983856201, 6.27876281738, 3.00031256676, 2.81082987785, 2.99904322624, 2.28281521797, 2.25980448723, 6.44563055038, 2.02950191498, 3.1728386879, 6.50669622421, 1.80952680111, 1.64664661884, 1.8349802494, 1.70345377922, 2.16735219955, 2.34284853935, 4.78110599518, 1.60364353657, 0.834260344505, 0.386602252722, 0.0982373580337, 0.17902597785, 0.0458970814943, 0.00675561465323, 0.00120790756773, 0.000178986796527, 2.99333933071e-05], "dmean2": [0.138556048274, 1.92010498047, 11.2905864716, 18.8032436371, 23.1525268555, 26.3511257172, 23.5953216553, 13.4161081314, 4.40060091019, 13.6274080276, 12.0803089142, 31.9002437592, 18.0720310211, 10.2364625931, 4.6940984726, 4.37002325058, 4.50542974472, 3.66296601295, 3.62293362617, 10.3880586624, 3.39271330833, 5.39426612854, 11.0479164124, 3.01265501976, 2.77189159393, 3.03814053535, 2.88012385368, 3.52001166344, 3.86098051071, 8.19262599945, 2.61394309998, 1.29297614098, 0.611808001995, 0.153580203652, 0.300063610077, 0.0735681205988, 0.0105395391583, 0.00190135173034, 0.000279954256257, 4.83145668113e-05], "max": [2.1746327877, 30.772108078, 164.631118774, 301.5703125, 349.01651001, 840.397033691, 1121.11865234, 776.119445801, 268.786224365, 747.150512695, 555.191833496, 1295.81726074, 802.048828125, 1186.11535645, 382.076171875, 428.56237793, 314.657318115, 429.761932373, 208.041305542, 764.590026855, 187.014099121, 76.0263671875, 143.808792114, 79.4398193359, 52.2411460876, 103.466789246, 74.7610168457, 135.488494873, 79.5091018677, 151.755523682, 96.4657363892, 53.6699371338, 35.3344116211, 13.6762638092, 15.0190477371, 6.91297101974, 1.22806048393, 0.311798542738, 0.0556389838457, 0.00946628767997], "dvar": [0.0268708281219, 6.45434570312, 396.462921143, 998.179931641, 678.994628906, 1239.97998047, 1957.90393066, 657.160339355, 33.6032333374, 597.931152344, 678.293762207, 5195.01269531, 1455.79455566, 1143.46862793, 61.2109031677, 93.8818054199, 70.0113601685, 57.8183860779, 50.0802192688, 1019.31793213, 42.7195854187, 50.7212944031, 332.76373291, 19.1495037079, 14.9328098297, 18.2611274719, 21.9879760742, 35.8821105957, 39.7419548035, 249.964172363, 21.3038005829, 9.0565366745, 2.32769060135, 0.117493197322, 1.0646879673, 0.0592129528522, 0.000784083211329, 2.94918863801e-05, 5.9460603552e-07, 9.95483340205e-09], "mean": [0.232627898455, 1.97010016441, 6.80548620224, 12.0847158432, 18.7236995697, 28.7791900635, 23.4757823944, 17.2514266968, 7.30186510086, 22.0004405975, 12.2962875366, 28.0370101929, 17.6830101013, 10.7419023514, 5.30541849136, 5.28909683228, 5.10398101807, 3.47279477119, 2.97664666176, 6.74861383438, 2.51757884026, 4.1889667511, 8.23616218567, 2.68584799767, 2.44741415977, 2.86572957039, 2.17335581779, 2.49388337135, 2.44213438034, 3.75665259361, 1.5186830759, 0.853707611561, 0.398136764765, 0.113117538393, 0.15233823657, 0.0422704517841, 0.0073693213053, 0.00133832579013, 0.000213064646232, 5.5832475482e-05], "dvar2": [0.0716438144445, 18.0031147003, 1127.77880859, 2904.03271484, 1914.81481934, 3399.22924805, 5142.45703125, 1755.51403809, 85.1689453125, 1466.96704102, 1865.6739502, 14556.8994141, 4117.44091797, 3217.29736328, 126.852012634, 174.89743042, 130.012634277, 134.215454102, 114.226081848, 2507.16894531, 111.816741943, 138.831512451, 886.956787109, 47.7537002563, 36.5381011963, 44.0915031433, 55.0982208252, 87.8440551758, 99.5637207031, 660.485168457, 52.2741508484, 21.0432910919, 5.58367395401, 0.270140051842, 2.74761176109, 0.146222636104, 0.00181786238682, 6.56034899293e-05, 1.26658369481e-06, 2.25742216031e-08], "min": [5.92142535068e-23, 1.05531454153e-21, 2.06174848458e-21, 5.77665417796e-21, 1.80026732255e-20, 2.28279893235e-20, 8.33361331939e-20, 7.04509986205e-20, 8.01738669486e-20, 1.35269453032e-19, 3.51924482749e-19, 5.07089632841e-19, 6.14483370648e-19, 8.47547401897e-19, 7.57369877576e-19, 1.31722184617e-18, 2.2074549213e-18, 2.02537116858e-18, 2.72280085063e-18, 4.21877828834e-18, 4.0756363377e-18, 5.23719726825e-18, 4.62447522362e-18, 7.0987415942e-18, 9.42932627879e-18, 7.16230215247e-18, 1.12959039988e-17, 1.05593848629e-17, 1.08203330492e-17, 1.13201197112e-17, 1.11412857443e-17, 1.05351906572e-17, 9.02469847445e-18, 7.62049817328e-18, 6.24321060692e-18, 3.65478504e-18, 2.20214524895e-18, 1.04967565372e-18, 2.74177880373e-19, 2.98026680043e-20], "var": [0.0913918688893, 9.11366558075, 265.436584473, 671.803161621, 858.814025879, 2141.75, 3112.87011719, 1486.98620605, 219.496170044, 2448.65356445, 838.200805664, 5944.10400391, 2202.99145508, 2133.23266602, 235.685501099, 390.688934326, 226.100875854, 94.5244827271, 63.2797393799, 921.420471191, 39.9688072205, 75.2393188477, 473.599761963, 29.9962825775, 23.5671977997, 34.5323944092, 28.4787559509, 46.0414581299, 42.0376396179, 180.875839233, 20.1049938202, 9.69107151031, 2.31103181839, 0.16233932972, 0.831086993217, 0.0552849546075, 0.00113084784243, 6.38352066744e-05, 1.5669078266e-06, 2.2647791198e-08], "median": [0.108971565962, 0.84067517519, 1.41319668293, 3.89710736275, 8.53292942047, 13.5572366714, 9.38296794891, 5.26156139374, 3.75472187996, 6.8323674202, 4.23138237, 5.6040058136, 3.50628304482, 1.94799518585, 1.54012966156, 1.07381308079, 1.36717605591, 1.34936249256, 0.866073787212, 1.04639899731, 0.713983297348, 0.723321199417, 0.782651245594, 0.709321975708, 0.672443568707, 0.63042318821, 0.412715047598, 0.33294659853, 0.293522506952, 0.234069362283, 0.147505432367, 0.0843459367752, 0.0536104179919, 0.0186170693487, 0.00760391866788, 0.00171138090082, 0.00028229408781, 6.82528188918e-05, 2.69468473562e-05, 3.55305419362e-05]}, "spectral_energy": {"dmean": 0.0157720074058, "dmean2": 0.027781099081, "max": 0.319804012775, "dvar": 0.00134153978433, "mean": 0.0340895652771, "dvar2": 0.00382034271024, "min": 1.00855522915e-20, "var": 0.00156458525453, "median": 0.0292103365064}, "zerocrossingrate": {"dmean": 0.00726203015074, "dmean2": 0.00926115363836, "max": 0.53271484375, "dvar": 8.89155562618e-05, "mean": 0.0457215942442, "dvar2": 0.000118827359984, "min": 0.00390625, "var": 0.00255922577344, "median": 0.02490234375}, "spectral_energyband_high": {"dmean": 0.000284492445644, "dmean2": 0.000463099800982, "max": 0.011309426277