{"tonal": {"hpcp": {"dvar": [0.0248628798872, 0.0224048476666, 0.0165220722556, 0.016832832247, 0.0208986569196, 0.0265090111643, 0.034809909761, 0.0338103100657, 0.0350687429309, 0.0293249655515, 0.0252844374627, 0.0138008045033, 0.0104596242309, 0.00943548325449, 0.0138934915885, 0.0205257497728, 0.0182828959078, 0.0142335183918, 0.011103020981, 0.0109533723444, 0.0194488205016, 0.0274357851595, 0.0253799092025, 0.0383527353406, 0.0346103981137, 0.0343515388668, 0.0340898968279, 0.029058823362, 0.0332769006491, 0.0463768728077, 0.0454286001623, 0.0365992486477, 0.0228476040065, 0.0203700494021, 0.0219648536295, 0.0245834067464], "var": [0.10393012315, 0.0403966866434, 0.0137877445668, 0.0112895760685, 0.0164650771767, 0.0484215915203, 0.102134101093, 0.0664054229856, 0.0529796145856, 0.115247882903, 0.046715810895, 0.009516174905, 0.00656969798729, 0.00640276027843, 0.0213485658169, 0.0584837198257, 0.0405770465732, 0.0121107585728, 0.00735848490149, 0.00704579520971, 0.03127239272, 0.10934984684, 0.0678305104375, 0.0368156991899, 0.031743708998, 0.0296670775861, 0.0312110446393, 0.0508238375187, 0.0435713194311, 0.0860196053982, 0.163343608379, 0.0776762068272, 0.0186710227281, 0.0132345315069, 0.0174370165914, 0.05793909356], "median": [0.0300967488438, 0.0148090794683, 0.00326179922558, 0.00240277638659, 0.00618641730398, 0.0422982573509, 0.0663530752063, 0.0505507029593, 0.0432927645743, 0.0254165809602, 0.0160629432648, 0.00664254045114, 0.00317592173815, 0.00591903738678, 0.031769618392, 0.0493520870805, 0.0268026906997, 0.00592336524278, 0.00296585005708, 0.00392766436562, 0.0221514739096, 0.0346082672477, 0.0369549356401, 0.0244658570737, 0.00931622926146, 0.00298048718832, 0.0125800846145, 0.0185698121786, 0.024213347584, 0.102669924498, 0.12068528682, 0.0531808100641, 0.00792272668332, 0.00403535412624, 0.00912481639534, 0.024656208232], "max": [1, 1, 1, 1, 1, 1, 1, 1, 1, 1, 1, 1, 1, 1, 1, 1, 1, 1, 1, 1, 1, 1, 1, 1, 1, 1, 1, 1, 1, 1, 1, 1, 1, 1, 1, 1], "dmean": [0.0734556615353, 0.070869281888, 0.0448165461421, 0.0406040325761, 0.0568341575563, 0.0963106006384, 0.112984649837, 0.115535624325, 0.116286225617, 0.0814883485436, 0.0808360353112, 0.0427207946777, 0.0291533432901, 0.0324660204351, 0.058352265507, 0.0761245712638, 0.065362110734, 0.0440940335393, 0.0324772819877, 0.0365615300834, 0.068913564086, 0.0807285383344, 0.0927298367023, 0.0997325256467, 0.0858895257115, 0.0725873410702, 0.0787177458405, 0.0769545510411, 0.102017849684, 0.155589491129, 0.131145521998, 0.127423644066, 0.0714594051242, 0.0484686456621, 0.0596998147666, 0.0798409506679], "dmean2": [0.124840982258, 0.122864514589, 0.0819957479835, 0.0753384977579, 0.103723168373, 0.164046511054, 0.187323987484, 0.200487658381, 0.208792254329, 0.140557095408, 0.14540310204, 0.0791995301843, 0.0543590597808, 0.0597671382129, 0.0986366197467, 0.125670060515, 0.110439568758, 0.0785748586059, 0.0605656430125, 0.0679345577955, 0.120079427958, 0.135493651032, 0.160131648183, 0.179298609495, 0.152908071876, 0.128473162651, 0.142057657242, 0.136862948537, 0.181006997824, 0.269392520189, 0.227391555905, 0.217694148421, 0.129882767797, 0.0905181020498, 0.108780890703, 0.139254495502], "mean": [0.188653558493, 0.107403695583, 0.0369057357311, 0.0281909834594, 0.0450116880238, 0.141775146127, 0.22992195189, 0.172495931387, 0.160074099898, 0.205750182271, 0.121305763721, 0.0337891541421, 0.0224639307708, 0.0264594852924, 0.0868198946118, 0.150822296739, 0.107168518007, 0.04114067927, 0.0240773614496, 0.0265579316765, 0.10548119992, 0.207639232278, 0.170005172491, 0.0986150875688, 0.0769103318453, 0.0576557181776, 0.0769626945257, 0.10370811075, 0.112390555441, 0.248399481177, 0.360236644745, 0.210464030504, 0.0586655326188, 0.0343167446554, 0.0505864210427, 0.138456106186], "dvar2": [0.0606001093984, 0.060279045254, 0.0458309538662, 0.0480774156749, 0.0578608363867, 0.0700573399663, 0.0843515321612, 0.0873904377222, 0.102223739028, 0.0730109885335, 0.0729056671262, 0.040375508368, 0.030787980184, 0.0270171631128, 0.0372096821666, 0.0487324297428, 0.0464198254049, 0.0394745618105, 0.0314671546221, 0.0317834243178, 0.0544172264636, 0.0648987814784, 0.0677343830466, 0.106712050736, 0.0968730673194, 0.0907455161214, 0.0947067290545, 0.0790817216039, 0.0913648456335, 0.126940250397, 0.107748217881, 0.0979643836617, 0.0638799443841, 0.058238837868, 0.0609810128808, 0.0659082084894], "min": [0, 0, 0, 0, 0, 0, 0, 0, 0, 0, 0, 0, 0, 0, 0, 0, 0, 0, 0, 0, 0, 0, 0, 0, 0, 0, 0, 0, 0, 0, 0, 0, 0, 0, 0, 0]}, "key_key": "C", "thpcp": [1, 0.584238231182, 0.16285276413, 0.0952616706491, 0.140425533056, 0.384347647429, 0.523693442345, 0.298147618771, 0.1024485901, 0.0782568454742, 0.12495033443, 0.393561154604, 0.638252556324, 0.478840589523, 0.444358170033, 0.571152865887, 0.336739093065, 0.0937971025705, 0.062358815223, 0.0734502896667, 0.241007953882, 0.418675601482, 0.297494769096, 0.114204593003, 0.0668376237154, 0.0737235695124, 0.292810857296, 0.576396763325, 0.471926361322, 0.273750841618, 0.213499471545, 0.160049557686, 0.213644817472, 0.287888854742, 0.311990886927, 0.689545273781], "chords_key": "G", "tuning_equal_tempered_deviation": 0.0228612609208, "tuning_frequency": 441.527557373, "tuning_diatonic_strength": 0.7015671134, "chords_histogram": [17.5263442993, 4.65890169144, 42.0040664673, 8.06063938141, 3.77149200439, 0, 0, 0.998336076736, 1.95969676971, 0.277315586805, 0, 0, 0, 0, 0, 0, 0, 2.86559438705, 0, 2.77315592766, 0, 0.0924385264516, 0.147901639342, 14.864115715], "key_strength": 0.872272968292, "key_scale": "major", "chords_strength": {"dvar": 4.23166020482e-05, "var": 0.0110169108957, "median": 0.510664582253, "max": 0.814309418201, "dmean": 0.00793294049799, "dmean2": 0.00677664484829, "mean": 0.521259844303, "dvar2": 3.9823280531e-05, "min": 0.271697282791}, "chords_number_rate": 0.00166389346123, "tuning_nontempered_energy_ratio": 0.659914731979, "hpcp_entropy": {"dvar": 0.222843050957, "var": 0.545520544052, "median": 1.82289266586, "max": 4.2323346138, "dmean": 0.532071530819, "dmean2": 0.878877520561, "mean": 1.81963288784, "dvar2": 0.575318813324, "min": 0}, "chords_changes_rate": 0.0390090607107, "chords_scale": "major"}, "rhythm": {"bpm_histogram_first_peak_spread": {"dvar": 0, "var": 0, "median": 0.596153855324, "max": 0.596153855324, "dmean": 0, "dmean2": 0, "mean": 0.596153855324, "dvar2": 0, "min": 0.596153855324}, "bpm_histogram_first_peak_weight": {"dvar": 0, "var": 0, "median": 0.317494601011, "max": 0.317494601011, "dmean": 0, "dmean2": 0, "mean": 0.317494601011, "dvar2": 0, "min": 0.317494601011}, "bpm_histogram_first_peak_bpm": {"dvar": 0, "var": 0, "median": 105, "max": 105, "dmean": 0, "dmean2": 0, "mean": 105, "dvar2": 0, "min": 105}, "bpm": 104.545188904, "bpm_histogram_second_peak_weight": {"dvar": 0, "var": 0, "median": 0.0734341219068, "max": 0.0734341219068, "dmean": 0, "dmean2": 0, "mean": 0.0734341219068, "dvar2": 0, "min": 0.0734341219068}, "beats_loudness": {"dvar": 0.000484722171677, "var": 0.000683428021148, "median": 0.0419882535934, "max": 0.140522956848, "dmean": 0.0328575670719, "dmean2": 0.0640575289726, "mean": 0.0435209795833, "dvar2": 0.00151493796147, "min": 2.22792939653e-09}, "beats_loudness_band_ratio": {"dvar": [0.0218995455652, 0.0166158974171, 0.00718965893611, 0.00356486067176, 0.000515075982548, 0.00149328657426], "var": [0.0540465638041, 0.0275180283934, 0.0119935870171, 0.00533516425639, 0.000927153334487, 0.00221188785508], "median": [0.592125058174, 0.247209846973, 0.0985500141978, 0.0187910087407, 0.0238140523434, 0.0127452723682], "max": [0.988201618195, 0.833489179611, 0.585314452648, 0.50616145134, 0.212651252747, 0.962384343147], "dmean": [0.187829986215, 0.158452451229, 0.0828948691487, 0.0354769155383, 0.0192476548254, 0.013834528625], "dmean2": [0.311847001314, 0.267984747887, 0.139796957374, 0.0592196322978, 0.0337377302349, 0.0222617182881], "mean": [0.591027855873, 0.26008322835, 0.12834250927, 0.0460802651942, 0.0314542800188, 0.0181547440588], "dvar2": [0.0501564182341, 0.0425233505666, 0.0186793319881, 0.00861268304288, 0.00140261603519, 0.00120551453438], "min": [0.00404198234901, 0.000489877129439, 0.00157651130576, 3.15707293339e-05, 6.29857677268e-05, 7.24804194761e-05]}, "bpm_histogram_second_peak_bpm": {"dvar": 0, "var": 0, "median": 161, "max": 161, "dmean": 0, "dmean2": 0, "mean": 161, "dvar2": 0, "min": 161}, "onset_rate": 2.95059919357, "beats_count": 464, "beats_position": [0.510838985443, 1.03328800201, 1.55573689938, 2.08979582787, 2.63546490669, 3.20435357094, 3.76163268089, 4.31891155243, 4.87619018555, 5.45668935776, 6.01396799088, 6.57124710083, 7.12852573395, 7.6858048439, 8.24308395386, 8.78875255585, 9.34603118896, 9.91492080688, 10.4838094711, 11.0410881042, 11.6099767685, 12.1904764175, 12.7593650818, 13.328253746, 13.8971424103, 14.4776411057, 15.0465307236, 15.6038093567, 16.1610889435, 16.7415866852, 17.3220863342, 17.8909740448, 18.4598636627, 19.0403633118, 19.6208610535, 20.2013607025, 20.7818584442, 21.3623580933, 21.942855835, 22.5001354218, 23.0690250397, 23.6379127502, 24.2184123993, 24.7873020172, 25.3561897278, 25.9366893768, 26.5055770874, 27.0744667053, 27.6433563232, 28.2238540649, 28.7927436829, 29.3616313934, 29.9305210114, 30.5110206604, 31.0915184021, 31.6487979889, 32.2060775757, 32.7749671936, 33.3438529968, 33.901134491, 34.4700202942, 35.0505218506, 35.6194114685, 36.1999092102, 36.7804069519, 37.3725166321, 37.9646263123, 38.5335159302, 39.1024017334, 39.6829032898, 40.2634010315, 40.8322906494, 41.4127883911, 42.0048980713, 42.585395813, 43.1658935547, 43.7347831726, 44.3152809143, 44.8957824707, 45.4646720886, 46.0335578918, 46.6024475098, 47.1829452515, 47.7634468079, 48.3439445496, 48.9244422913, 49.5049438477, 50.0738296509, 50.6427192688, 51.2232208252, 51.8037185669, 52.3726081848, 52.941493988, 53.5219955444, 54.1024932861, 54.6829910278, 55.2518806458, 55.8207702637, 56.3780479431, 56.9353294373, 57.4926071167, 58.0614967346, 58.6303825378, 59.1992721558, 59.7681617737, 60.3370513916, 60.9175491333, 61.4864387512, 62.0553283691, 62.6242179871, 63.1931037903, 63.7503852844, 64.3192749023, 64.899772644, 65.4802703857, 66.049156189, 66.6180496216, 67.1753311157, 67.7326049805, 68.3014984131, 68.8587722778, 69.4392700195, 70.0081634521, 70.5654373169, 71.1343307495, 71.7032165527, 72.2604980469, 72.8293838501, 73.3982772827, 73.9787750244, 74.5476608276, 75.1281585693, 75.7086639404, 76.2775497437, 76.8580474854, 77.426940918, 77.9958267212, 78.5647125244, 79.133605957, 79.7024917603, 80.2713851929, 80.8402709961, 81.4091567993, 81.9780502319, 82.5469360352, 83.1158294678, 83.6963272095, 84.2652130127, 84.8224945068, 85.4029922485, 85.9834899902, 86.5523757935, 87.1212692261, 87.7017669678, 88.2822647095, 88.8627624512, 89.4432601929, 90.0121536255, 90.5810394287, 91.1615371704, 91.7420425415, 92.3109283447, 92.8798141479, 93.4487075806, 94.0175933838, 94.5980911255, 95.1785888672, 95.7474822998, 96.316368103, 96.8968658447, 97.4773712158, 98.0578689575, 98.6383666992, 99.2188644409, 99.7877502441, 100.356643677, 100.913917542, 101.482810974, 102.051696777, 102.632194519, 103.21269989, 103.769973755, 104.338867188, 104.919364929, 105.488250732, 106.068748474, 106.649246216, 107.218139648, 107.787025452, 108.344306946, 108.90158844, 109.470474243, 110.039360046, 110.608253479, 111.177139282, 111.746032715, 112.314918518, 112.883804321, 113.452697754, 114.009971619, 114.567253113, 115.147750854, 115.728248596, 116.308753967, 116.877639771, 117.446525574, 118.015419006, 118.572692871, 119.141586304, 119.710472107, 120.27936554, 120.848251343, 121.417137146, 121.97441864, 122.531700134, 123.100585938, 123.66947937, 124.238365173, 124.807250977, 125.20199585, 125.573509216, 125.945030212, 126.316551208, 126.688072205, 127.07119751, 127.442718506, 127.802627563, 128.17414856, 128.545669556, 128.917190552, 129.288711548, 129.660217285, 130.031738281, 130.403259277, 130.763168335, 131.123077393, 131.494598389, 131.866119385, 132.237640381, 132.609161377, 132.992294312, 133.375411987, 133.746932983, 134.118453979, 134.489974976, 134.861495972, 135.244628906, 135.616149902, 135.97605896, 136.335968018, 136.695877075, 137.055786133, 137.41569519, 137.775604248, 138.135513306, 138.495422363, 138.855331421, 139.215240479, 139.575149536, 139.946670532, 140.31817627, 140.678085327, 141.049606323, 141.409515381, 141.781036377, 142.152557373, 142.524078369, 142.907211304, 143.2787323, 143.650253296, 144.021759033, 144.404891968, 144.776412964, 145.14793396, 145.507843018, 145.867752075, 146.227661133, 146.599182129, 146.970703125, 147.377044678, 147.795013428, 148.212966919, 148.805084229, 149.397186279, 149.98928833, 150.58140564, 151.185119629, 151.765625, 152.346115112, 152.926620483, 153.507110596, 154.087615967, 154.668121338, 155.24861145, 155.84072876, 156.432830811, 157.013336182, 157.593826294, 158.185943604, 158.778045654, 159.358551025, 159.939041138, 160.542770386, 161.146484375, 161.726974487, 162.307479858, 162.899581909, 163.491699219, 164.072189331, 164.652694702, 165.233200073, 165.813690186, 166.394195557, 166.96307373, 167.543579102, 168.124084473, 168.692962646, 169.273468018, 169.865570068, 170.457687378, 171.049789429, 171.641906738, 172.234008789, 172.826126099, 173.406616211, 173.987121582, 174.579223633, 175.171340942, 175.775054932, 176.367156982, 176.959274292, 177.539764404, 178.120269775, 178.689163208, 179.281265259, 179.873382568, 180.465484619, 181.04598999, 181.638092041, 182.230194092, 182.799087524, 183.367980957, 183.948471069, 184.52897644, 185.109481812, 185.678359985, 186.247253418, 186.816146851, 187.385025024, 187.953918457, 188.52281189, 189.103302002, 189.672195435, 190.241088867, 190.821578979, 191.402084351, 191.970977783, 192.551467896, 193.131973267, 193.70085144, 194.258132935, 194.815414429, 195.3959198, 195.976409912, 196.533691406, 197.0909729, 197.671463013, 198.251968384, 198.820861816, 199.378143311, 199.947021484, 200.515914917, 201.08480835, 201.642089844, 202.210968018, 202.77986145, 203.337142944, 203.894424438, 204.474914551, 205.043807983, 205.612701416, 206.169967651, 206.750473022, 207.330978394, 207.899856567, 208.46875, 209.049255371, 209.629745483, 210.198638916, 210.76751709, 211.348022461, 211.928527832, 212.497406006, 213.066299438, 213.64680481, 214.227294922, 214.807800293, 215.376678467, 215.945571899, 216.514465332, 217.083358765, 217.640625, 218.221130371, 218.801635742, 219.382125854, 219.951019287, 220.531509399, 221.100402832, 221.669296265, 222.238174438, 222.81867981, 223.399185181, 223.979675293, 224.571792603, 225.18711853, 225.79083252, 226.371337891, 226.951828003, 227.543945312, 228.136047363, 228.716552734, 229.285430908, 229.877548218, 230.469650269, 231.05015564, 231.619049072, 232.211151123, 232.780044556, 233.360534668, 233.952651978, 234.544754028, 235.136871338, 235.728973389, 236.30947876, 236.901580811, 237.49369812, 238.074188232, 238.666305542, 239.246795654, 239.699584961, 240.152374268, 240.616775513, 241.069564819, 241.499130249, 241.917098999, 242.346664429, 242.776229858, 243.217407227, 243.670196533, 244.12298584, 244.587387085, 245.05178833, 245.458129883, 245.852874756, 246.259231567, 246.712020874, 247.17640686, 247.640808105, 248.105209351, 248.569610596, 249.034011841, 249.486801147, 249.951202393, 250.415603638], "danceability": 1.11945664883, "bpm_histogram_second_peak_spread": {"dvar": 0, "var": 0, "median": 0.150000035763, "max": 0.150000035763, "dmean": 0, "dmean2": 0, "mean": 0.150000035763, "dvar2": 0, "min": 0.150000035763}}, "lowlevel": {"spectral_flux": {"dvar": 0.0012504584156, "var": 0.00282847136259, "median": 0.0630496144295, "max": 0.43524697423, "dmean": 0.0233921445906, "dmean2": 0.0372106283903, "mean": 0.0738178491592, "dvar2": 0.00280834757723, "min": 1.04490381625e-10}, "spectral_rolloff": {"dvar": 292279.25, "var": 2551454.5, "median": 409.130859375, "max": 21683.9355469, "dmean": 171.351959229, "dmean2": 300.458007812, "mean": 679.807800293, "dvar2": 783103.5, "min": 86.1328125}, "barkbands_flatness_db": {"dvar": 0.000417733332142, "var": 0.00740268733352, "median": 0.177091389894, "max": 0.487478196621, "dmean": 0.0194869562984, "dmean2": 0.0303154885769, "mean": 0.205794617534, "dvar2": 0.000926167704165, "min": 0.0529517009854}, "spectral_centroid": {"dvar": 26752.7480469, "var": 203461.5625, "median": 703.671325684, "max": 10918.1552734, "dmean": 126.004707336, "dmean2": 205.779891968, "mean": 754.870361328, "dvar2": 59758.7773438, "min": 143.187225342}, "melbands_skewness": {"dvar": 0.594022512436, "var": 2.75900650024, "median": 3.11109209061, "max": 12.7394895554, "dmean": 0.686063528061, "dmean2": 1.12154388428, "mean": 3.33325052261, "dvar2": 1.51729524136, "min": -0.476558208466}, "melbands": {"dvar": [1.72827694769e-05, 1.06429924926e-05, 2.7934654554e-06, 1.59962792168e-06, 2.59142836967e-07, 6.06787921242e-07, 4.57887779248e-07, 1.0618514068e-07, 2.75232245883e-08, 5.4160929075e-09, 3.91134129529e-08, 1.79651991061e-08, 8.53412807089e-09, 1.03876489632e-08, 6.18792395102e-09, 1.66164904059e-09, 1.86155391102e-09, 4.42314823657e-10, 2.82770723503e-10, 1.55169946336e-10, 2.3124840931e-10, 1.20182239161e-10, 1.87248411221e-10, 3.32320698737e-11, 7.5214820483e-11, 5.30727996273e-11, 1.65942589531e-11, 1.25880764146e-11, 3.6814600847e-12, 1.54403844311e-12, 1.35344545901e-12, 1.54000542787e-12, 3.04983794296e-12, 2.00458291459e-12, 2.01259777073e-12, 2.26044074951e-12, 7.75116895581e-13, 3.76533168794e-13, 4.24025371022e-13, 4.99501210793e-13], "var": [1.37696879392e-05, 8.43078305479e-06, 3.36167181558e-06, 2.29030638366e-06, 5.84752115174e-07, 1.68493204455e-06, 1.02326112028e-06, 2.35997390519e-07, 7.78706663596e-08, 1.99694820679e-08, 1.75503089395e-07, 6.76134419564e-08, 3.33032446065e-08, 4.04539797216e-08, 1.97842737748e-08, 4.97003282973e-09, 9.05636721171e-09, 1.45990985967e-09, 9.76990377488e-10, 5.63025126521e-10, 6.76940337119e-10, 4.55302240354e-10, 5.83267434351e-10, 1.48948145484e-10, 3.54337365005e-10, 3.3096420049e-10, 8.85571407871e-11, 6.12126807575e-11, 1.87581963851e-11, 2.8479308755e-12, 1.99269246937e-12, 1.89915921531e-12, 3.22628078767e-12, 3.79175944115e-12, 4.3561894543e-12, 3.97935417257e-12, 1.38879879819e-12, 6.67438272619e-13, 9.32860668053e-13, 1.15807808222e-12], "median": [0.00120761280414, 0.00199669832364, 0.00101175671443, 0.000749927596189, 0.000382061582059, 0.00025693551288, 0.00017847311392, 8.909610915e-05, 5.83714863751e-05, 4.18352938141e-05, 4.41251686425e-05, 1.31489723572e-05, 8.97254358279e-06, 8.04540104582e-06, 6.807571026e-06, 4.10426855524e-06, 5.61029719393e-06, 8.73946373758e-06, 5.22988102603e-06, 4.00635235565e-06, 7.50623939894e-06, 6.2027011154e-06, 6.51347727398e-06, 3.39614962286e-06, 4.29755345976e-06, 2.42054920818e-06, 1.28553790546e-06, 9.21585524338e-07, 5.95734093167e-07, 4.32633214587e-07, 3.65768414667e-07, 2.54460701399e-07, 1.69744140521e-07, 1.58397199357e-07, 1.47681262774e-07, 1.83879080851e-07, 1.39567688962e-07, 1.01744021208e-07, 7.74014239369e-08, 6.48659579383e-08], "max": [0.0482680127025, 0.0431963205338, 0.0235197227448, 0.020156186074, 0.0111756203696, 0.0181872975081, 0.017946626991, 0.00891416985542, 0.00703568989411, 0.0023154350929, 0.00457872543484, 0.00377739826217, 0.00371613982134, 0.0025827542413, 0.0025355599355, 0.00134543678723, 0.00131974567194, 0.000625035259873, 0.000575211131945, 0.000437208305812, 0.000498507753946, 0.000287451752229, 0.000408715248341, 0.000197664106963, 0.000324255350279, 0.00027796215727, 0.000165695906617, 0.000161980438861, 5.9525569668e-05, 4.81265233248e-05, 3.28734749928e-05, 4.16197326558e-05, 8.25841998449e-05, 3.99169111915e-05, 4.97802320751e-05, 7.29689636501e-05, 3.46428532794e-05, 1.95204356714e-05, 2.04405514523e-05, 2.94589844998e-05], "dmean": [0.00129686354194, 0.0012911480153, 0.000926278240513, 0.000700825534295, 0.000309175433358, 0.000374480441678, 0.000261510169366, 0.00011954591173, 6.27970366622e-05, 3.61011079804e-05, 7.8419179772e-05, 3.75689232897e-05, 2.40529770963e-05, 2.98684499285e-05, 2.28590906772e-05, 9.60038323683e-06, 1.2960521417e-05, 9.40615700529e-06, 6.59185434415e-06, 5.26191342942e-06, 7.81461039878e-06, 5.87180966249e-06, 6.89699936629e-06, 2.8094677873e-06, 3.88803573514e-06, 3.18281081491e-06, 1.74093395344e-06, 1.42031251471e-06, 8.81027119704e-07, 5.08569655722e-07, 4.37675510057e-07, 3.84493318961e-07, 3.77384310468e-07, 3.73841970713e-07, 3.33714893941e-07, 3.28260654214e-07, 2.34804090837e-07, 1.72547075294e-07, 1.69000543337e-07, 1.61381038311e-07], "dmean2": [0.00219921558164, 0.00225738110021, 0.00156972592231, 0.00118400435895, 0.000506660318933, 0.000599177379627, 0.000406712555559, 0.000191763450857, 9.90575645119e-05, 5.57828316232e-05, 0.000116592782433, 5.72796598135e-05, 3.70980196749e-05, 4.67384925287e-05, 3.59792029485e-05, 1.47768578245e-05, 2.02547398658e-05, 1.4740811821e-05, 1.04018308775e-05, 8.35383343656e-06, 1.28141236928e-05, 9.5685445558e-06, 1.15351449494e-05, 4.61276249553e-06, 6.27620875093e-06, 5.04284344061e-06, 2.73356590696e-06, 2.21983577831e-06, 1.38185134801e-06, 8.05383194802e-07, 7.0330725066e-07, 6.10490189956e-07, 5.91924958826e-07, 5.74255693664e-07, 5.04854654082e-07, 4.89290357564e-07, 3.57451995114e-07, 2.52420250035e-07, 2.45747855843e-07, 2.35626004041e-07], "mean": [0.00199857959524, 0.00256075244397, 0.00156347022858, 0.00124091224279, 0.000628339475952, 0.000719520088751, 0.000539650558494, 0.000237115542404, 0.000129913591081, 9.02317478904e-05, 0.000189845159184, 7.90626363596e-05, 5.03536248289e-05, 6.19343845756e-05, 4.67156969535e-05, 1.85378030437e-05, 2.97018850688e-05, 2.10272901313e-05, 1.47019954966e-05, 1.13588012027e-05, 1.66607114807e-05, 1.31141541715e-05, 1.43545021274e-05, 7.23396533431e-06, 9.49737659539e-06, 8.57649956743e-06, 4.88994055559e-06, 3.86889905712e-06, 2.28175554184e-06, 1.01730302049e-06, 8.02195870619e-07, 6.80944935993e-07, 6.3097201064e-07, 6.77883065237e-07, 6.2167583792e-07, 6.44817475859e-07, 4.70341007031e-07, 3.38952219181e-07, 3.32636119538e-07, 3.19727206488e-07], "dvar2": [4.49877697974e-05, 2.99649018416e-05, 7.55061410018e-06, 4.49323988505e-06, 6.54482221307e-07, 1.40958673001e-06, 1.13825751669e-06, 2.74331654282e-07, 6.93378297001e-08, 1.30606645499e-08, 8.34639735103e-08, 4.05697342387e-08, 1.92673841326e-08, 2.5984389751e-08, 1.47909524628e-08, 3.87731313722e-09, 4.39511538275e-09, 1.06733688554e-09, 6.5944077976e-10, 3.6293623662e-10, 5.61131585641e-10, 2.96949020928e-10, 5.26219678942e-10, 9.52427650636e-11, 1.90234217268e-10, 1.26299956604e-10, 3.81379650083e-11, 2.93587168465e-11, 8.89753895561e-12, 3.91436969643e-12, 3.50681875032e-12, 4.11399560252e-12, 8.19803600005e-12, 4.74993785624e-12, 4.47655801317e-12, 5.12351012311e-12, 1.81405313947e-12, 9.03321634074e-13, 9.64563932199e-13, 1.08759713475e-12], "min": [6.44195095914e-24, 5.53830014259e-24, 9.60776179004e-24, 8.934437453e-24, 1.19828878693e-23, 1.9776186747e-24, 1.16083390781e-23, 2.40227378069e-23, 1.15079383841e-23, 5.84248411878e-24, 5.86911566851e-24, 1.55204785897e-23, 1.42053527973e-23, 6.93547575209e-24, 5.28941216041e-24, 9.09199111958e-24, 7.87389442975e-24, 1.01623286398e-23, 8.85465442763e-24, 1.0576821403e-23, 8.32725200311e-24, 7.73898580432e-24, 7.45672427268e-24, 7.5488190502e-24, 1.64329681982e-23, 1.681320231e-23, 1.18599983286e-23, 1.58206054542e-23, 1.00024005019e-23, 1.44739473138e-23, 1.58558785807e-23, 1.64450172597e-23, 9.8923212735e-24, 6.49445399112e-24, 1.12845534861e-23, 8.03868747285e-24, 1.4303010622e-23, 9.95497497317e-24, 1.4228641549e-23, 1.47625378765e-23]}, "spectral_decrease": {"dvar": 2.76028582222e-17, "var": 3.95031285007e-17, "median": -6.47366826811e-09, "max": 5.94556036721e-16, "dmean": 2.7884259346e-09, "dmean2": 4.57292959055e-09, "mean": -8.04200261939e-09, "dvar2": 7.05544696094e-17, "min": -6.29414032005e-08}, "barkbands_kurtosis": {"dvar": 67.5151672363, "var": 307.816070557, "median": 7.55944824219, "max": 227.949523926, "dmean": 4.85354423523, "dmean2": 8.07621574402, "mean": 12.9923419952, "dvar2": 175.525009155, "min": -1.97922992706}, "silence_rate_30dB": {"dvar": 0.0183300487697, "var": 0.0119641013443, "median": 1, "max": 1, "dmean": 0.0186777617782, "dmean2": 0.0373589806259, "mean": 0.987888336182, "dvar2": 0.0492822825909, "min": 0}, "gfcc": {"mean": [-49.1159286499, 134.248336792, -90.3994827271, 38.4952468872, -46.7300453186, 0.666977286339, -38.9199867249, 11.5884819031, -18.1643276215, -4.31369781494, -10.3166046143, -4.74276304245, -7.18848228455], "cov": [[16650.8359375, -1629.41101074, -2509.84643555, -132.464920044, -1233.98754883, 636.319274902, -690.791687012, 256.283538818, -1138.04992676, 245.908477783, -387.195709229, 240.448562622, -354.367828369], [-1629.41101074, 1497.49084473, 74.9639511108, 41.1757583618, 367.859313965, -232.473693848, 184.349090576, -44.1702651978, 266.74822998, -141.291473389, 170.666671753, -141.18611145, 165.000457764], [-2509.84643555, 74.9639511108, 1126.48278809, 73.4261322021, 109.008529663, 9.1707649231, 4.32997560501, -24.7838478088, 185.984710693, 12.9992628098, -4.70134830475, 46.4158744812, 8.77163219452], [-132.464920044, 41.1757583618, 73.4261322021, 313.401123047, 29.0113964081, -28.0235786438, 22.1646957397, -0.293108731508, 91.5473861694, -32.5840415955, -12.551653862, 0.0502967946231, 15.1534051895], [-1233.98754883, 367.859313965, 109.008529663, 29.0113964081, 327.385253906, -77.7530899048, 94.3548736572, 1.97537004948, 124.527854919, -38.5908966064, 39.1148796082, -37.6296958923, 38.2013893127], [636.319274902, -232.473693848, 9.1707649231, -28.0235786438, -77.7530899048, 234.571792603, 11.8811817169, -12.2350625992, -71.2049636841, 48.1844940186, -3.74760484695, 18.7089672089, -34.1234817505], [-690.791687012, 184.349090576, 4.32997560501, 22.1646957397, 94.3548736572, 11.8811817169, 175.286590576, -16.0106506348, 49.0410652161, -9.8954000473, 55.8472938538, -35.2812576294, 33.110168457], [256.283538818, -44.1702651978, -24.7838478088, -0.293108731508, 1.97537004948, -12.2350625992, -16.0106506348, 123.174736023, 5.58549308777, 8.05072498322, -2.68224668503, 22.8083782196, 2.74814033508], [-1138.04992676, 266.74822998, 185.984710693, 91.5473861694, 124.527854919, -71.2049636841, 49.0410652161, 5.58549308777, 193.765640259, -27.6469917297, 21.8118839264, -12.7889032364, 38.3332710266], [245.908477783, -141.291473389, 12.9992628098, -32.5840415955, -38.5908966064, 48.1844940186, -9.8954000473, 8.05072498322, -27.6469917297, 87.9428024292, 9.05896949768, 15.6266336441, -14.7721786499], [-387.195709229, 170.666671753, -4.70134830475, -12.551653862, 39.1148796082, -3.74760484695, 55.8472938538, -2.68224668503, 21.8118839264, 9.05896949768, 106.474159241, -9.59827804565, 34.9140548706], [240.448562622, -141.18611145, 46.4158744812, 0.0502967946231, -37.6296958923, 18.7089672089, -35.2812576294, 22.8083782196, -12.7889032364, 15.6266336441, -9.59827804565, 79.0405044556, -6.05353546143], [-354.367828369, 165.000457764, 8.77163219452, 15.1534051895, 38.2013893127, -34.1234817505, 33.110168457, 2.74814033508, 38.3332710266, -14.7721786499, 34.9140548706, -6.05353546143, 75.1972885132]], "icov": [[0.000376771524316, -0.000636629818473, 0.000675396760926, -0.000588735041674, 0.000571866636164, -0.0007997538778, 0.00071847892832, -0.000664813211188, 0.00141460029408, -0.000920971273445, 0.00116817140952, -0.001096446882, 0.000734128814656], [-0.000636629818473, 0.00295749586076, -0.00109841418453, 0.00140071741771, -0.00171973032411, 0.00186110206414, -0.00108548533171, 0.00147499516606, -0.00367482285947, 0.00327318208292, -0.00387671799399, 0.00376099930145, -0.00288242124952], [0.000675396760926, -0.00109841418453, 0.00239883875474, -0.000979447038844, 0.000799888453912, -0.00177792576142, 0.00154273537919, -0.000696964620147, 0.00110257451888, -0.00195751572028, 0.00224445434287, -0.00278580817394, 0.00143061217386], [-0.000588735041674, 0.00140071741771, -0.000979447038844, 0.0049246144481, -0.000538729538675, 0.00119725009426, -0.0015312290052, 0.00118754827417, -0.00465273251757, 0.00280713476241, -0.00139277207199, 0.00170172890648, -0.00157133454923], [0.000571866636164, -0.00171973032411, 0.000799888453912, -0.000538729538675, 0.00606424361467, -0.00057019846281, -0.000808893993963, -0.00158090656623, 0.000463274511276, -0.00114142661914, 0.00216883490793, -0.00144856527913, 0.00197414332069], [-0.0007997538778, 0.00186110206414, -0.00177792576142, 0.00119725009426, -0.00057019846281, 0.00782780349255, -0.00345735368319, 0.00195531290956, -0.00151179812383, 0.000274876627373, -0.00294194836169, 0.00189341441728, -0.000250708137173], [0.00071847892832, -0.00108548533171, 0.00154273537919, -0.0015312290052, -0.000808893993963, -0.00345735368319, 0.0104694589972, -0.00066813727608, 0.00162862823345, -0.0013110646978, -0.00114188983571, 0.000626615132205, -0.000354264717316], [-0.000664813211188, 0.00147499516606, -0.000696964620147, 0.00118754827417, -0.00158090656623, 0.00195531290956, -0.00066813727608, 0.01022666879, -0.00348869827576, 0.00088437483646, -0.00216912291944, -0.000555157777853, -0.00200197217055], [0.00141460029408, -0.00367482285947, 0.00110257451888, -0.00465273251757, 0.000463274511276, -0.00151179812383, 0.00162862823345, -0.00348869827576, 0.0165955424309, -0.00436244206503, 0.0052912896499, -0.00486708711833, 0.00186229706742], [-0.000920971273445, 0.00327318208292, -0.00195751572028, 0.00280713476241, -0.00114142661914, 0.000274876627373, -0.0013110646978, 0.00088437483646, -0.00436244206503, 0.0182788427919, -0.00720283668488, 0.00306066102348, -0.00120469927788], [0.00116817140952, -0.00387671799399, 0.00224445434287, -0.00139277207199, 0.00216883490793, -0.00294194836169, -0.00114188983571, -0.00216912291944, 0.0052912896499, -0.00720283668488, 0.0188370402902, -0.00546885747463, -0.00112304394133], [-0.001096446882, 0.00376099930145, -0.00278580817394, 0.00170172890648, -0.00144856527913, 0.00189341441728, 0.000626615132205, -0.000555157777853, -0.00486708711833, 0.00306066102348, -0.00546885747463, 0.0212203674018, -0.00476819556206], [0.000734128814656, -0.00288242124952, 0.00143061217386, -0.00157133454923, 0.00197414332069, -0.000250708137173, -0.000354264717316, -0.00200197217055, 0.00186229706742, -0.00120469927788, -0.00112304394133, -0.00476819556206, 0.0212964825332]]}, "silence_rate_20dB": {"dvar": 0, "var": 0, "median": 1, "max": 1, "dmean": 0, "dmean2": 0, "mean": 1, "dvar2": 0, "min": 1}, "barkbands_skewness": {"dvar": 0.372612476349, "var": 2.50378298759, "median": 2.30660152435, "max": 12.1964616776, "dmean": 0.542230010033, "dmean2": 0.890552580357, "mean": 2.47486948967, "dvar2": 0.952396333218, "min": -14.3037948608}, "erbbands_skewness": {"dvar": 0.083165705204, "var": 0.686817348003, "median": 0.724087417126, "max": 4.59865093231, "dmean": 0.300952464342, "dmean2": 0.480493277311, "mean": 0.878258228302, "dvar2": 0.199425324798, "min": -2.29114055634}, "spectral_contrast_valleys": {"dvar": [0.103228956461, 0.0673995390534, 0.075216345489, 0.0818892717361, 0.0810523629189, 0.11723857373], "var": [1.1624610424, 1.4592859745, 1.86978650093, 1.93097305298, 2.06870436668, 2.15610575676], "median": [-6.5739979744, -6.57786178589, -7.66582202911, -8.10120582581, -7.9398021698, -10.6582489014], "max": [-4.86092853546, -4.65962219238, -5.60261440277, -6.25640296936, -6.13353347778, -7.87541103363], "dmean": [0.340477257967, 0.297771811485, 0.284791171551, 0.262218922377, 0.232425302267, 0.252382725477], "dmean2": [0.567518651485, 0.492028921843, 0.455867528915, 0.411913126707, 0.333049446344, 0.323343485594], "mean": [-6.75596141815, -6.80241155624, -7.99375581741, -8.46082878113, -8.40824317932, -10.999546051], "dvar2": [0.25359749794, 0.157857239246, 0.154453784227, 0.168783694506, 0.137207493186, 0.189492091537], "min": [-27.5307998657, -27.0413627625, -27.6691894531, -27.222743988, -27.1492519379, -27.2574272156]}, "spectral_strongpeak": {"dvar": 0.451217293739, "var": 0.81575858593, "median": 0.380718290806, "max": 9.56647205353, "dmean": 0.375189781189, "dmean2": 0.648610413074, "mean": 0.740112602711, "dvar2": 1.16609859467, "min": 0}, "erbbands_crest": {"dvar": 4.42781066895, "var": 15.9077672958, "median": 8.16440963745, "max": 29.6457977295, "dmean": 2.15220880508, "dmean2": 3.56680250168, "mean": 9.02226257324, "dvar2": 11.4449768066, "min": 2.45862150192}, "barkbands_crest": {"dvar": 4.53298950195, "var": 20.0825748444, "median": 10.2572507858, "max": 26.5315647125, "dmean": 2.15014243126, "dmean2": 3.6056265831, "mean": 11.2059345245, "dvar2": 12.0722074509, "min": 2.84092569351}, "spectral_energyband_middle_low": {"dvar": 8.90263545443e-05, "var": 0.000229151628446, "median": 0.0120172854513, "max": 0.134867548943, "dmean": 0.00572764920071, "dmean2": 0.00927439704537, "mean": 0.0159949120134, "dvar2": 0.00022644859564, "min": 3.17006922828e-22}, "spectral_contrast_coeffs": {"dvar": [0.00164629775099, 0.00131890608463, 0.000742551346775, 0.000443325174274, 0.000305646390188, 0.000174312503077], "var": [0.00654073571786, 0.00561067089438, 0.00589778879657, 0.00290620722808, 0.00288221007213, 0.00157952180598], "median": [-0.647987663746, -0.722103357315, -0.762351989746, -0.797608971596, -0.776120066643, -0.796433568001], "max": [-0.310738325119, -0.380545556545, -0.440832614899, -0.568164110184, -0.575709760189, -0.637403964996], "dmean": [0.0474116504192, 0.0433721803129, 0.0332173593342, 0.0252980981022, 0.0197062846273, 0.014051547274], "dmean2": [0.0796301439404, 0.0726214200258, 0.0537682175636, 0.0416214391589, 0.0319676920772, 0.0226372573525], "mean": [-0.643863499165, -0.712857306004, -0.74975079298, -0.791860163212, -0.775746107101, -0.795254468918], "dvar2": [0.00451022991911, 0.00360587355681, 0.00185773253907, 0.00114656763617, 0.000740495044738, 0.000432212575106], "min": [-0.972183823586, -0.96589910984, -0.963348329067, -0.965315103531, -0.95803976059, -0.961672902107]}, "hfc": {"dvar": 17.8409500122, "var": 140.103210449, "median": 9.44588279724, "max": 72.8314971924, "dmean": 2.80203032494, "dmean2": 4.25724697113, "mean": 13.2426671982, "dvar2": 39.9883079529, "min": 1.16249091317e-16}, "spectral_energyband_high": {"dvar": 6.971275468e-08, "var": 1.9557410269e-07, "median": 9.72742855083e-05, "max": 0.00769159663469, "dmean": 9.13897674764e-05, "dmean2": 0.000128465006128, "mean": 0.000248337863013, "dvar2": 1.49473748934e-07, "min": 8.1486895002e-21}, "erbbands_spread": {"dvar": 53.7521400452, "var": 363.760162354, "median": 36.4087524414, "max": 159.645721436, "dmean": 6.06974601746, "dmean2": 9.49176979065, "mean": 37.0376091003, "dvar2": 112.630027771, "min": 3.25864338875}, "dissonance": {"dvar": 0.000434457499068, "var": 0.00131123897154, "median": 0.456730782986, "max": 0.5, "dmean": 0.0218151714653, "dmean2": 0.0369827672839, "mean": 0.447718828917, "dvar2": 0.00118054111954, "min": 0.225499659777}, "spectral_kurtosis": {"dvar": 24.5816307068, "var": 86.9019470215, "median": 6.0607509613, "max": 103.206809998, "dmean": 3.02630162239, "dmean2": 5.0721411705, "mean": 9.11253547668, "dvar2": 64.5715408325, "min": -1.34532928467}, "spectral_skewness": {"dvar": 0.136086151004, "var": 0.857816100121, "median": 1.86373710632, "max": 8.57545471191, "dmean": 0.286470413208, "dmean2": 0.465927004814, "mean": 2.16749715805, "dvar2": 0.336202740669, "min": -0.00999359600246}, "pitch_salience": {"dvar": 0.00360431638546, "var": 0.0140946973115, "median": 0.533638834953, "max": 0.854571521282, "dmean": 0.0656049624085, "dmean2": 0.110021516681, "mean": 0.529611170292, "dvar2": 0.00994427967817, "min": 0.130827784538}, "spectral_complexity": {"dvar": 4.59952878952, "var": 62.1420402527, "median": 14, "max": 40, "dmean": 2.01109576225, "dmean2": 3.28574061394, "mean": 14.0939350128, "dvar2": 11.1095476151, "min": 0}, "spectral_spread": {"dvar": 389388140544, "var": 3317021016060.0, "median": 3628867.5, "max": 41072064, "dmean": 409691.5, "dmean2": 590319.75, "mean": 3890013.25, "dvar2": 655948382208, "min": 787938.625}, "dynamic_complexity": 3.86348056793, "melbands_crest": {"dvar": 6.36705160141, "var": 26.8901023865, "median": 13.953868866, "max": 31.4659881592, "dmean": 2.64819788933, "dmean2": 4.47697210312, "mean": 14.7803497314, "dvar2": 17.5666980743, "min": 2.23686337471}, "zerocrossingrate": {"dvar": 6.25019674771e-05, "var": 0.00298087741248, "median": 0.0302734375, "max": 0.8583984375, "dmean": 0.00510223442689, "dmean2": 0.00642847968265, "mean": 0.0346489623189, "dvar2": 7.80816117185e-05, "min": 0.00244140625}, "spectral_energyband_low": {"dvar": 0.00034085920197, "var": 0.000287241942715, "median": 0.0105927139521, "max": 0.219452425838, "dmean": 0.0069097392261, "dmean2": 0.0116858221591, "mean": 0.0135814482346, "dvar2": 0.000892516924068, "min": 5.20953581279e-23}, "melbands_kurtosis": {"dvar": 204.384628296, "var": 673.168273926, "median": 16.6968650818, "max": 276.819488525, "dmean": 9.01994228363, "dmean2": 15.041018486, "mean": 24.289484024, "dvar2": 545.890136719, "min": -1.26656961441}, "spectral_energyband_middle_high": {"dvar": 2.45575097324e-06, "var": 2.26168831432e-05, "median": 0.00141302333213, "max": 0.0350333154202, "dmean": 0.000785376410931, "dmean2": 0.00119507522322, "mean": 0.00333266775124, "dvar2": 5.69421126784e-06, "min": 1.60995630786e-21}, "barkbands_spread": {"dvar": 16.6082782745, "var": 91.1455535889, "median": 10.2849960327, "max": 150.461715698, "dmean": 2.69164037704, "dmean2": 4.34808444977, "mean": 11.5801181793, "dvar2": 38.6396026611, "min": 0.574293196201}, "mfcc": {"mean": [-694.26776123, 158.392272949, 18.19373703, 38.6835861206, 16.998456955, -4.67001771927, -1.92204153538, 4.80107212067, -1.05297279358, 3.11712861061, -1.70186126232, -0.836842358112, -2.43515276909], "cov": [[11627.7167969, -1400.1171875, -1449.65551758, -670.294189453, -741.293029785, -205.548019409, 138.941589355, -216.739318848, -378.678894043, -62.6364898682, -367.405670166, -56.5115013123, -90.9807128906], [-1400.1171875, 1341.57727051, 24.0066299438, 162.863235474, 206.075653076, -64.2417297363, 16.8233966827, 35.3088493347, 64.3823318481, 33.0283699036, 56.3328781128, 10.1934967041, 0.489435613155], [-1449.65551758, 24.0066299438, 826.678222656, 74.6218795776, 123.303085327, 99.2628631592, -70.0036392212, 29.2574195862, 52.0421447754, -28.2776241302, 48.1426887512, -6.42538309097, 48.4141349792], [-670.294189453, 162.863235474, 74.6218795776, 338.480712891, 95.7107315063, -8.02500247955, -68.4476242065, 58.0684165955, 64.2845306396, 2.47961568832, 44.3541793823, 7.70307350159, -9.46485996246], [-741.293029785, 206.075653076, 123.303085327, 95.7107315063, 215.453674316, 1.3237888813, -38.3993759155, 45.0085105896, 51.4356613159, -4.25378131866, 53.172416687, -1.79998612404, -5.48249006271], [-205.548019409, -64.2417297363, 99.2628631592, -8.02500247955, 1.3237888813, 198.937652588, 30.7408943176, 9.7552022934, 0.233649075031, 21.655128479, 16.3414421082, -0.513581693172, 4.5512304306], [138.941589355, 16.8233966827, -70.0036392212, -68.4476242065, -38.3993759155, 30.7408943176, 158.938400269, -7.23587608337, -30.2807121277, 39.3012237549, -19.9672431946, 11.162361145, 21.6887016296], [-216.739318848, 35.3088493347, 29.2574195862, 58.0684165955, 45.0085105896, 9.7552022934, -7.23587608337, 100.440185547, 37.7743644714, -3.45976805687, 29.1827983856, 10.7890701294, -8.60642528534], [-378.678894043, 64.3823318481, 52.0421447754, 64.2845306396, 51.4356613159, 0.233649075031, -30.2807121277, 37.7743644714, 90.3124847412, 12.8644104004, 22.8491764069, 1.60131633282, 0.930422604084], [-62.6364898682, 33.0283699036, -28.2776241302, 2.47961568832, -4.25378131866, 21.655128479, 39.3012237549, -3.45976805687, 12.8644104004, 85.5983963013, 4.13212156296, -0.770168662071, 10.4538946152], [-367.405670166, 56.3328781128, 48.1426887512, 44.3541793823, 53.172416687, 16.3414421082, -19.9672431946, 29.1827983856, 22.