{"tonal": {"hpcp": {"dvar": [0.036167383194, 0.0326213538647, 0.0315408669412, 0.0428743287921, 0.0371491424739, 0.026169737801, 0.0228301398456, 0.0215541347861, 0.0249240994453, 0.0367014743388, 0.0290164034814, 0.0270981192589, 0.0214813929051, 0.0211527347565, 0.0183417387307, 0.0280115120113, 0.0280483849347, 0.023765547201, 0.0185100547969, 0.0180513747036, 0.0201097019017, 0.025714982301, 0.0309291724116, 0.0562623664737, 0.0727192983031, 0.0536451227963, 0.0523198656738, 0.0430320352316, 0.0306925065815, 0.043344784528, 0.0494741201401, 0.0484733842313, 0.0449249260128, 0.0302733834833, 0.0258566420525, 0.0325021743774], "var": [0.0665591210127, 0.0359970144928, 0.0434724763036, 0.0904586687684, 0.0732438117266, 0.0279997717589, 0.0183433871716, 0.0159869324416, 0.0367921032012, 0.0790859982371, 0.0443001128733, 0.0311892163008, 0.0193556919694, 0.0146773057058, 0.0203015692532, 0.0365805737674, 0.0290552154183, 0.0268171839416, 0.0396165922284, 0.0205179359764, 0.0176196806133, 0.0266103651375, 0.0314413569868, 0.090791195631, 0.157153367996, 0.0826417133212, 0.0540210008621, 0.033528726548, 0.0240133032203, 0.0573726072907, 0.117045693099, 0.0867363214493, 0.043088786304, 0.0234339572489, 0.0188137516379, 0.0390486009419], "median": [0.0431549437344, 0.0321261473, 0.0431081913412, 0.0565263815224, 0.0352569818497, 0.0247282534838, 0.0150336176157, 0.0118275340647, 0.0385325625539, 0.0671032965183, 0.0476283766329, 0.0126910340041, 0.00912170484662, 0.0109568424523, 0.0314945802093, 0.04403712973, 0.0275359712541, 0.0120175117627, 0.00784816034138, 0.00894888117909, 0.0152600221336, 0.0177615024149, 0.0237331874669, 0.129558175802, 0.24002122879, 0.127962425351, 0.011640961282, 0.00668483227491, 0.0100254304707, 0.0551090091467, 0.110526621342, 0.073374889791, 0.0263122916222, 0.0120176766068, 0.0105345305055, 0.0316357314587], "max": [1, 1, 1, 1, 1, 1, 1, 1, 1, 1, 1, 1, 1, 1, 1, 1, 1, 1, 1, 1, 1, 1, 1, 1, 1, 1, 1, 1, 1, 1, 1, 1, 1, 1, 1, 1], "dmean": [0.110557369888, 0.100102446973, 0.110205501318, 0.133092522621, 0.114649064839, 0.0833681151271, 0.0648587942123, 0.0612697266042, 0.0913831144571, 0.11385409534, 0.0989286452532, 0.071545407176, 0.0583729743958, 0.0535712875426, 0.0689244493842, 0.092669762671, 0.0853468179703, 0.0710872262716, 0.051558598876, 0.0526090078056, 0.0604207329452, 0.0749493539333, 0.098720498383, 0.19520239532, 0.206398978829, 0.182196438313, 0.121790215373, 0.0914734527469, 0.0857949703932, 0.140944853425, 0.157364964485, 0.156323865056, 0.122166529298, 0.0796331986785, 0.0687780603766, 0.0983745977283], "dmean2": [0.184457376599, 0.176278203726, 0.189483016729, 0.221398636699, 0.189398869872, 0.145143315196, 0.115082599223, 0.10848031193, 0.155637979507, 0.190336540341, 0.169922068715, 0.125297009945, 0.102684184909, 0.097970366478, 0.117951929569, 0.15749938786, 0.147691369057, 0.125499740243, 0.0910815820098, 0.0953384041786, 0.107444517314, 0.1301972121, 0.172333776951, 0.334240317345, 0.352837651968, 0.308929383755, 0.217852935195, 0.166082233191, 0.155362188816, 0.245980203152, 0.262014776468, 0.263045370579, 0.217636346817, 0.145510002971, 0.125131204724, 0.172452002764], "mean": [0.157915458083, 0.112298503518, 0.134706646204, 0.209442824125, 0.168799474835, 0.084868170321, 0.0587614066899, 0.0514510832727, 0.125382080674, 0.196870863438, 0.137183472514, 0.0711701512337, 0.0508607886732, 0.0430764257908, 0.0823607295752, 0.116766832769, 0.0905219614506, 0.0705708861351, 0.0698160380125, 0.0528222844005, 0.0585740953684, 0.0763143897057, 0.0917567163706, 0.268394976854, 0.402351081371, 0.252136021852, 0.107870750129, 0.0696355178952, 0.0650359243155, 0.169218659401, 0.283251285553, 0.225051119924, 0.11044318229, 0.0621604174376, 0.0526651293039, 0.116007335484], "dvar2": [0.0909349620342, 0.0879713743925, 0.0807135477662, 0.104042991996, 0.0903414487839, 0.0688350573182, 0.0603992901742, 0.0591165348887, 0.0657703056931, 0.0926698595285, 0.0729930028319, 0.0691849291325, 0.0555930398405, 0.0586706288159, 0.0478297546506, 0.071834936738, 0.0732564851642, 0.0621838346124, 0.047527462244, 0.0514452680945, 0.0554712377489, 0.0666044875979, 0.0785163417459, 0.146084353328, 0.165572986007, 0.133266896009, 0.136389300227, 0.118863426149, 0.0851414874196, 0.118920132518, 0.117536514997, 0.118866637349, 0.125067144632, 0.0823926925659, 0.0713111683726, 0.0877301096916], "min": [0, 0, 0, 0, 0, 0, 0, 0, 0, 0, 0, 0, 0, 0, 0, 0, 0, 0, 0, 0, 0, 0, 0, 0, 0, 0, 0, 0, 0, 0, 0, 0, 0, 0, 0, 0]}, "key_key": "A#", "thpcp": [1, 0.626656770706, 0.268101066351, 0.173071533442, 0.161639735103, 0.420574635267, 0.703990340233, 0.559340178967, 0.274494558573, 0.154492974281, 0.130893468857, 0.288323670626, 0.392481744289, 0.279105752707, 0.334798753262, 0.520547449589, 0.419532805681, 0.210930645466, 0.146045103669, 0.127876088023, 0.311623573303, 0.489301204681, 0.340954661369, 0.176885694265, 0.126408979297, 0.10706178844, 0.20469866693, 0.290211319923, 0.224982529879, 0.175396293402, 0.173520192504, 0.131284058094, 0.145579561591, 0.189671143889, 0.228051379323, 0.667066633701], "chords_key": "F", "tuning_equal_tempered_deviation": 0.0426335223019, "tuning_frequency": 439.745910645, "tuning_diatonic_strength": 0.641448676586, "chords_histogram": [24.8108921051, 3.06353998184, 30.2193641663, 0.416036307812, 10.9682302475, 0, 0.756429672241, 0, 0, 0.037821482867, 0.491679280996, 0, 0, 0, 0, 0, 0, 2.19364595413, 0.075642965734, 1.32375192642, 0, 5.90015125275, 5.25718593597, 14.4856281281], "key_strength": 0.754654765129, "key_scale": "major", "chords_strength": {"dvar": 6.61977683194e-05, "var": 0.00816956255585, "median": 0.548587203026, "max": 0.790975928307, "dmean": 0.00967116188258, "dmean2": 0.00940650794655, "mean": 0.549580156803, "dvar2": 7.65780132497e-05, "min": 0.319629788399}, "chords_number_rate": 0.00340393348597, "tuning_nontempered_energy_ratio": 0.671238660812, "hpcp_entropy": {"dvar": 0.237288355827, "var": 0.40860658884, "median": 1.85528874397, "max": 4.20419406891, "dmean": 0.559822559357, "dmean2": 0.94430655241, "mean": 1.85394370556, "dvar2": 0.636215567589, "min": 0}, "chords_changes_rate": 0.0434947051108, "chords_scale": "major"}, "rhythm": {"bpm_histogram_first_peak_spread": {"dvar": 0, "var": 0, "median": 0.490566015244, "max": 0.490566015244, "dmean": 0, "dmean2": 0, "mean": 0.490566015244, "dvar2": 0, "min": 0.490566015244}, "bpm_histogram_first_peak_weight": {"dvar": 0, "var": 0, "median": 0.493150681257, "max": 0.493150681257, "dmean": 0, "dmean2": 0, "mean": 0.493150681257, "dvar2": 0, "min": 0.493150681257}, "bpm_histogram_first_peak_bpm": {"dvar": 0, "var": 0, "median": 108, "max": 108, "dmean": 0, "dmean2": 0, "mean": 108, "dvar2": 0, "min": 108}, "bpm": 108.33316803, "bpm_histogram_second_peak_weight": {"dvar": 0, "var": 0, "median": 0.0182648394257, "max": 0.0182648394257, "dmean": 0, "dmean2": 0, "mean": 0.0182648394257, "dvar2": 0, "min": 0.0182648394257}, "beats_loudness": {"dvar": 0.000165729405126, "var": 0.000233229729929, "median": 0.0201958995312, "max": 0.0721149593592, "dmean": 0.0142939593643, "dmean2": 0.0249984487891, "mean": 0.0250256359577, "dvar2": 0.000438658607891, "min": 3.12846600536e-06}, "beats_loudness_band_ratio": {"dvar": [0.0307753793895, 0.018597137183, 0.0369848012924, 0.0186312180012, 0.00367742474191, 0.00740867806599], "var": [0.0570631995797, 0.0290314238518, 0.0391079038382, 0.014478424564, 0.00377084757201, 0.00727081717923], "median": [0.379991710186, 0.173422291875, 0.0790888443589, 0.0557100921869, 0.0529857054353, 0.0536526367068], "max": [0.899302661419, 0.909227728844, 0.782044410706, 0.670993208885, 0.397033274174, 0.521611690521], "dmean": [0.220656424761, 0.14876511693, 0.188751012087, 0.103718802333, 0.0536360293627, 0.0793981775641], "dmean2": [0.385787516832, 0.258368045092, 0.343307137489, 0.192555993795, 0.0932576209307, 0.146172687411], "mean": [0.41671988368, 0.222172379494, 0.185098901391, 0.102314293385, 0.0724411606789, 0.0826928317547], "dvar2": [0.0865275114775, 0.05705948174, 0.10960033536, 0.0539029985666, 0.00947932060808, 0.0216559562832], "min": [0.0161383729428, 0.0210368577391, 0.00637072091922, 0.00650334404781, 0.000600306375418, 0.000276481179753]}, "bpm_histogram_second_peak_bpm": {"dvar": 0, "var": 0, "median": 103, "max": 103, "dmean": 0, "dmean2": 0, "mean": 103, "dvar2": 0, "min": 103}, "onset_rate": 4.29441738129, "beats_count": 220, "beats_position": [0.638548731804, 1.26548755169, 1.89242625237, 2.48453521729, 3.06503391266, 3.64553284645, 4.22603178024, 4.78331041336, 5.35219955444, 5.92108821869, 6.48997735977, 7.05886602402, 7.61614513397, 8.17342376709, 8.73070240021, 9.29959201813, 9.86848068237, 10.4373693466, 11.0062580109, 11.5867567062, 12.144036293, 12.7013149261, 13.2702035904, 13.8158731461, 14.3731517792, 14.9188203812, 15.4644899368, 16.0217685699, 16.5790481567, 17.1363258362, 17.693605423, 18.2624931335, 18.8197727203, 19.3886623383, 19.9459400177, 20.5032196045, 21.0721092224, 21.640996933, 22.1982765198, 22.7555541992, 23.312833786, 23.8817234039, 24.4506111145, 25.0078907013, 25.5651702881, 26.1224479675, 26.6797275543, 27.2370071411, 27.7942848206, 28.3515644073, 28.9088420868, 29.4661216736, 30.0117912292, 30.5574588776, 31.0915184021, 31.6371879578, 32.171245575, 32.7169151306, 33.2509727478, 33.7966423035, 34.3423118591, 34.8995895386, 35.4568710327, 36.0141487122, 36.5714263916, 37.1287078857, 37.6859855652, 38.2432632446, 38.7889328003, 39.334602356, 39.8918800354, 40.4491615295, 41.006439209, 41.5404968262, 42.0861663818, 42.6318359375, 43.1891136169, 43.7347831726, 44.2804527283, 44.8261222839, 45.3601799011, 45.894241333, 46.439907074, 46.9855766296, 47.5428581238, 48.0885238647, 48.6458053589, 49.2030830383, 49.7603607178, 50.3060302734, 50.8516998291, 51.3857574463, 51.9430389404, 52.5119247437, 53.0808143616, 53.6380958557, 54.2069816589, 54.7758712769, 55.3215408325, 55.8672103882, 56.4361000061, 57.0049858093, 57.5622673035, 58.1195449829, 58.6652145386, 59.2108840942, 59.7681617737, 60.3370513916, 60.894329071, 61.4516105652, 62.0088882446, 62.5661659241, 63.1234474182, 63.6691131592, 64.2263946533, 64.772064209, 65.3293380737, 65.8750076294, 66.4206771851, 66.9663467407, 67.5120162964, 68.0576858521, 68.6033554077, 69.1490249634, 69.694694519, 70.2403640747, 70.7976379395, 71.3549194336, 71.9122009277, 72.4694747925, 73.0267562866, 73.5840377808, 74.1413116455, 74.6985931396, 75.2558746338, 75.8015441895, 76.3472061157, 76.9044876099, 77.461769104, 78.0190429688, 78.5763244629, 79.1219940186, 79.6792755127, 80.2249450684, 80.7822189331, 81.3395004272, 81.8967819214, 82.4540557861, 83.0113372803, 83.5686187744, 84.1258926392, 84.6831741333, 85.2404556274, 85.7977294922, 86.3550109863, 86.9122848511, 87.4695663452, 88.0268478394, 88.5841217041, 89.1414031982, 89.6986846924, 90.2559585571, 90.8132400513, 91.3589096069, 91.9045791626, 92.4618606567, 93.0191345215, 93.5764160156, 94.1220855713, 94.667755127, 95.2250289917, 95.7823104858, 96.33959198, 96.8968658447, 97.4425354004, 97.9998168945, 98.5454864502, 99.1027679443, 99.6484298706, 100.194099426, 100.728164673, 101.26222229, 101.807891846, 102.353561401, 102.899223328, 103.444892883, 104.002174377, 104.547843933, 105.093513489, 105.639183044, 106.1848526, 106.742126465, 107.287796021, 107.833465576, 108.379135132, 108.924804688, 109.482086182, 110.016143799, 110.561813354, 111.10748291, 111.641540527, 112.187210083, 112.732879639, 113.278549194, 113.82421875, 114.369888306, 114.915550232, 115.472831726, 116.03011322, 116.587387085, 117.144668579, 117.701950073, 118.247619629, 118.793289185, 119.350563049, 119.907844543, 120.465126038, 121.022399902, 121.591293335, 122.1485672], "danceability": 1.09826266766, "bpm_histogram_second_peak_spread": {"dvar": 0, "var": 0, "median": 0.199999988079, "max": 0.199999988079, "dmean": 0, "dmean2": 0, "mean": 0.199999988079, "dvar2": 0, "min": 0.199999988079}}, "lowlevel": {"spectral_flux": {"dvar": 0.000582645414397, "var": 0.00196673790924, "median": 0.0640397444367, "max": 0.322135061026, "dmean": 0.0220693480223, "dmean2": 0.0342577956617, "mean": 0.0725479051471, "dvar2": 0.00129255559295, "min": 1.02900167553e-10}, "spectral_rolloff": {"dvar": 1713528.625, "var": 3329986, "median": 947.4609375, "max": 19509.0820312, "dmean": 687.409484863, "dmean2": 1138.13232422, "mean": 1556.11083984, "dvar2": 3528130.75, "min": 86.1328125}, "barkbands_flatness_db": {"dvar": 0.000471802486572, "var": 0.00249866070226, "median": 0.140944600105, "max": 0.408500283957, "dmean": 0.0236480478197, "dmean2": 0.0347114279866, "mean": 0.145548388362, "dvar2": 0.000996919348836, "min": 0.0394635125995}, "spectral_centroid": {"dvar": 140122.265625, "var": 397106.34375, "median": 968.076171875, "max": 11232.2783203, "dmean": 278.839294434, "dmean2": 415.11907959, "mean": 1128.77734375, "dvar2": 266985.65625, "min": 185.534729004}, "melbands_skewness": {"dvar": 0.813579022884, "var": 2.98453688622, "median": 2.80186700821, "max": 18.7108821869, "dmean": 0.815228164196, "dmean2": 1.21456968784, "mean": 2.88667416573, "dvar2": 1.72777152061, "min": -1.67766809464}, "melbands": {"dvar": [2.26157297334e-08, 2.77183659136e-07, 7.61320052334e-07, 9.79749302132e-07, 4.83670817175e-07, 4.06710142897e-07, 5.15672184065e-07, 5.31603177478e-07, 6.3919560489e-07, 7.19806962479e-07, 4.62885338948e-07, 4.79958508492e-08, 1.21758212401e-08, 1.48395775668e-08, 1.09585451824e-08, 1.57547681567e-08, 8.96066776335e-09, 7.57747464775e-09, 3.50873241572e-09, 1.03235753279e-09, 4.44077691286e-10, 4.6123921349e-10, 6.93083368475e-10, 1.35704170123e-10, 3.42348337179e-11, 3.29448794634e-11, 5.47839967835e-11, 7.87108225819e-11, 3.4777562774e-11, 2.31752776692e-11, 2.50608058611e-11, 1.69906675535e-11, 2.15676192183e-11, 9.74466479731e-11, 8.44480180229e-11, 3.01259538149e-11, 3.20750509486e-11, 1.43801949515e-11, 8.71753710885e-12, 3.19689608987e-12], "var": [2.67640363205e-08, 5.34050911938e-07, 1.34670870011e-06, 2.2768672352e-06, 9.65857566371e-07, 8.61989178702e-07, 7.16258341527e-07, 7.15601572665e-07, 1.32351169668e-06, 2.0508068701e-06, 9.4252868621e-07, 9.38567126241e-08, 2.69299658129e-08, 2.14765112361e-08, 1.55888066899e-08, 2.64547352913e-08, 1.29186412678e-08, 1.18213332456e-08, 5.41305800184e-09, 2.12244044562e-09, 1.3591532344e-09, 7.02042424194e-10, 1.03318320566e-09, 2.93419150088e-10, 5.86754117515e-11, 5.3889392948e-11, 9.52159601164e-11, 9.24538223757e-11, 4.92850621425e-11, 3.69409537682e-11, 4.21260561156e-11, 2.70188697804e-11, 3.37613027812e-11, 1.35522940092e-10, 1.17745854733e-10, 4.53358635355e-11, 4.46271943011e-11, 2.19202191121e-11, 1.3386755246e-11, 4.64256541197e-12], "median": [2.92113272735e-05, 0.000392875052057, 0.000924714957364, 0.000673560774885, 0.000169430451933, 8.74285469763e-05, 7.00684104231e-05, 6.77505740896e-05, 2.77359176835e-05, 1.91294275282e-05, 2.97875358228e-05, 5.28692980879e-05, 2.90397001663e-05, 1.60414201673e-05, 9.84475263976e-06, 1.10150249384e-05, 1.14455169751e-05, 1.75958175532e-05, 1.04396422103e-05, 5.22078062204e-06, 6.76656873111e-06, 7.64663491282e-06, 7.35829416953e-06, 2.66127244686e-06, 2.67421910394e-06, 1.62944672866e-06, 1.87871569324e-06, 2.32731463257e-06, 2.15377667701e-06, 1.61467755788e-06, 1.43854060752e-06, 9.38514915561e-07, 8.27155076877e-07, 8.72663690643e-07, 8.63514173943e-07, 5.35500362275e-07, 3.67414827451e-07, 2.54009222544e-07, 2.25056453473e-07, 1.78656677008e-07], "max": [0.00536314072087, 0.0109646823257, 0.0100054712966, 0.0180631820112, 0.0143511751667, 0.0178109165281, 0.0156194213778, 0.0104945655912, 0.0134938983247, 0.0150688802823, 0.0167985279113, 0.00676047755405, 0.00290352036245, 0.00308098830283, 0.00242572906427, 0.00316771212965, 0.00420984718949, 0.00226082745939, 0.00180556450505, 0.000762335897889, 0.000835192971863, 0.00085528602358, 0.00076476065442, 0.000258893996943, 0.000118822063087, 0.000203211937333, 0.000317901547533, 0.000232698221225, 0.000126789527712, 7.05379061401e-05, 0.000112110712507, 8.56572587509e-05, 0.000103048223536, 0.000232788253925, 0.000208783443668, 0.00012978054292, 0.000140104908496, 6.80941229803e-05, 6.44903993816e-05, 4.55453227914e-05], "dmean": [4.61810159322e-05, 0.000341192237101, 0.000651745300274, 0.000602226005867, 0.000243966671405, 0.000187596451724, 0.000205611708225, 0.000262810528511, 0.000253970676567, 0.000245183880907, 0.00016422898625, 7.36160509405e-05, 3.90359818994e-05, 3.42182174791e-05, 2.91971973638e-05, 3.73744478566e-05, 2.9427199479e-05, 3.40027036145e-05, 2.00097310881e-05, 1.1201855159e-05, 9.30768146645e-06, 8.58000203152e-06, 9.75128023128e-06, 4.3463323891e-06, 2.99654038827e-06, 2.21188906835e-06, 2.62326261691e-06, 3.74146861759e-06, 2.92419895231e-06, 2.45602836912e-06, 2.37306676354e-06, 1.7660654521e-06, 1.72260365616e-06, 3.15300439979e-06, 3.04010518448e-06, 1.66965696735e-06, 1.4808774722e-06, 1.07587857201e-06, 9.04960245407e-07, 6.47002991627e-07], "dmean2": [7.38294693292e-05, 0.000556275539566, 0.00106394523755, 0.000937997014262, 0.000363130995538, 0.000286090857117, 0.000319438433507, 0.000406751467381, 0.000365157728083, 0.000353115552571, 0.000228755452554, 0.000107057130663, 5.80322885071e-05, 5.34887622052e-05, 4.52806852991e-05, 5.74448167754e-05, 4.45741789008e-05, 5.18626075063e-05, 3.01809795928e-05, 1.70003404492e-05, 1.4199825273e-05, 1.31729393615e-05, 1.50624919115e-05, 6.70325653118e-06, 4.67729705633e-06, 3.32619151777e-06, 4.10664961237e-06, 5.97908865529e-06, 4.63242304249e-06, 3.7695112951e-06, 3.65982054973e-06, 2.69378233497e-06, 2.64124059868e-06, 4.93616380481e-06, 4.72811098007e-06, 2.56919838648e-06, 2.3149327717e-06, 1.69286829532e-06, 1.39982432756e-06, 1.01065268154e-06], "mean": [8.63566965563e-05, 0.000626175373327, 0.00125984440092, 0.00118179747369, 0.000447121972684, 0.000330000242684, 0.000285001704469, 0.000355160969775, 0.000368281675037, 0.000433516164776, 0.000265791488346, 0.000136517963256, 7.09893429303e-05, 5.37867927051e-05, 4.4456894102e-05, 5.72111057409e-05, 4.59000766568e-05, 5.38255590072e-05, 3.14381140925e-05, 1.73020016518e-05, 1.54416520672e-05, 1.45308576975e-05, 1.58613511303e-05, 7.54475377107e-06, 4.96688062412e-06, 3.42995508618e-06, 4.00821272706e-06, 5.18826163898e-06, 4.30487443737e-06, 3.63807021131e-06, 3.51834614776e-06, 2.53703046837e-06, 2.39844371208e-06, 3.96344375986e-06, 3.78386539523e-06, 2.19714524974e-06, 1.88281342162e-06, 1.37755296237e-06, 1.16353305657e-06, 8.29178986805e-07], "dvar2": [6.16201489834e-08, 7.48372144699e-07, 1.99251348931e-06, 2.27886039283e-06, 1.08815470412e-06, 9.32907028073e-07, 1.176214937e-06, 1.25583255794e-06, 1.22475887565e-06, 1.39728183512e-06, 9.58943360274e-07, 1.03143236174e-07, 2.42889086621e-08, 3.51742208693e-08, 2.62616843827e-08, 3.52155637984e-08, 2.1439548803e-08, 1.80629537994e-08, 8.03406408068e-09, 2.14899742446e-09, 8.86053674876e-10, 1.03433850374e-09, 1.68335401174e-09, 2.83725765104e-10, 8.11162872982e-11, 7.1813659186e-11, 1.23869567381e-10, 2.03573005675e-10, 8.3219237057e-11, 5.53402532133e-11, 6.16889039851e-11, 3.97214171277e-11, 5.13860273776e-11, 2.34968711155e-10, 1.94704460887e-10, 6.57006185567e-11, 7.40036920632e-11, 3.15062628764e-11, 1.9753716024e-11, 7.48405244028e-12], "min": [7.91625231605e-24, 1.57500181804e-24, 1.26597171154e-23, 9.0467996449e-24, 1.05290203764e-23, 3.70666175613e-24, 5.2263111766e-24, 9.03636538171e-24, 1.18782975351e-23, 1.72139231394e-23, 6.98173455557e-24, 1.28958444835e-23, 1.24213438602e-23, 1.20794854649e-23, 1.05806387009e-23, 1.39292451696e-23, 1.63841597963e-23, 1.62302987876e-23, 1.36085747894e-23, 1.17059834921e-23, 9.78382450004e-24, 6.15811012798e-24, 8.3420005466e-24, 9.63967200252e-24, 1.43718766013e-23, 1.40120298107e-23, 1.263750437e-23, 1.39068099655e-23, 1.1525072443e-23, 9.5350627356e-24, 1.02595699459e-23, 8.30329193084e-24, 8.53079783818e-24, 1.36651171836e-23, 8.41727602076e-24, 1.02137536934e-23, 1.02790626989e-23, 9.92761569926e-24, 1.33680889647e-23, 1.20265039888e-23]}, "spectral_decrease": {"dvar": 5.15256676542e-18, "var": 1.94659933787e-17, "median": -4.07125089197e-09, "max": 1.76443619369e-23, "dmean": 1.77327652562e-09, "dmean2": 2.69551336807e-09, "mean": -5.670393044e-09, "dvar2": 1.14077495709e-17, "min": -2.94483353258e-08}, "barkbands_kurtosis": {"dvar": 40.3266334534, "var": 140.308044434, "median": 2.85665082932, "max": 196.372680664, "dmean": 3.46444678307, "dmean2": 5.45618724823, "mean": 5.9386973381, "dvar2": 96.2045593262, "min": -1.93073010445}, "silence_rate_30dB": {"dvar": 0, "var": 0, "median": 1, "max": 1, "dmean": 0, "dmean2": 0, "mean": 1, "dvar2": 0, "min": 1}, "gfcc": {"mean": [-18.1703090668, 88.0340270996, -117.753005981, 29.5625209808, -69.3353118896, 13.5903301239, -49.8206062317, -1.95301604271, -33.3390769958, -7.88160562515, -28.4280052185, -9.18298530579, -14.4563598633], "cov": [[9783.77636719, -763.878173828, -1056.20166016, 359.474395752, -443.621185303, 493.409088135, -64.3447341919, 136.3099823, -75.8600311279, 39.578250885, -120.363555908, -102.270233154, -189.923477173], [-763.878173828, 1135.98132324, -264.009185791, -339.710540771, 103.931907654, -222.154571533, 99.7493286133, -83.9921569824, 131.46812439, -86.2226791382, 83.2202835083, -97.0019302368, 47.5541343689], [-1056.20166016, -264.009185791, 580.718688965, 197.470825195, 39.543056488, 27.5387973785, -68.6805725098, 16.3253803253, -59.4828834534, 44.8649406433, 21.6508922577, 88.4822463989, 16.4570789337], [359.474395752, -339.710540771, 197.470825195, 462.78604126, 93.5716934204, 62.5331344604, -88.1283721924, 17.6522502899, -65.0678100586, 24.4224300385, 27.5423965454, 65.4107666016, 23.3832435608], [-443.621185303, 103.931907654, 39.543056488, 93.5716934204, 225.614639282, 12.856637001, 5.19628190994, 6.10636043549, -15.8130512238, -3.89051771164, 10.3169412613, 13.5803480148, 26.1936969757], [493.409088135, -222.154571533, 27.5387973785, 62.5331344604, 12.856637001, 242.899169922, 83.7855224609, 41.3955574036, -30.2202644348, 4.81442975998, -26.9803371429, 6.80747747421, -15.2747564316], [-64.3447341919, 99.7493286133, -68.6805725098, -88.1283721924, 5.19628190994, 83.7855224609, 183.562164307, 31.6524276733, 1.59038925171, -23.2002010345, -7.72378253937, -23.0017185211, -15.7814435959], [136.3099823, -83.9921569824, 16.3253803253, 17.6522502899, 6.10636043549, 41.3955574036, 31.6524276733, 115.581016541, 31.0860900879, 14.1424255371, -10.7185897827, 2.40506601334, -25.1752510071], [-75.8600311279, 131.46812439, -59.4828834534, -65.0678100586, -15.8130512238, -30.2202644348, 1.59038925171, 31.0860900879, 155.360519409, 25.8159275055, -7.15983533859, -37.1897850037, -5.71118211746], [39.578250885, -86.2226791382, 44.8649406433, 24.4224300385, -3.89051771164, 4.81442975998, -23.2002010345, 14.1424255371, 25.8159275055, 92.9942932129, 12.244222641, 6.2780008316, -8.47578239441], [-120.363555908, 83.2202835083, 21.6508922577, 27.5423965454, 10.3169412613, -26.9803371429, -7.72378253937, -10.7185897827, -7.15983533859, 12.244222641, 95.392791748, 24.0814933777, -0.138021379709], [-102.270233154, -97.0019302368, 88.4822463989, 65.4107666016, 13.5803480148, 6.80747747421, -23.0017185211, 2.40506601334, -37.1897850037, 6.2780008316, 24.0814933777, 83.4576721191, 20.9895839691], [-189.923477173, 47.5541343689, 16.4570789337, 23.3832435608, 26.1936969757, -15.2747564316, -15.7814435959, -25.1752510071, -5.71118211746, -8.47578239441, -0.138021379709, 20.9895839691, 79.9248733521]], "icov": [[0.000296361482469, -0.000316559104249, 0.000770986778662, -0.000633147719782, 0.000860149797518, -0.000858195591718, 0.000680789002217, -0.000439158437075, 0.000512519676704, -0.0004531815066, 0.000475514272694, -0.000198825408006, 0.000510856625624], [-0.000316559104249, 0.00357069238089, -0.000681960780639, 0.00229182071052, -0.00311376783065, 0.00304227997549, -0.00250284047797, 0.00194009603001, -0.00271178176627, 0.00287390174344, -0.00401545409113, 0.00249935337342, -0.00224033743143], [0.000770986778662, -0.000681960780639, 0.00434815278277, -0.00213848147541, 0.00206713937223, -0.00218633911572, 0.00204904261045, -0.00133415753953, 0.00167059071828, -0.00194949272554, 0.00129404419567, -0.00215543434024, 0.00133813684806], [-0.000633147719782, 0.00229182071052, -0.00213848147541, 0.00569048710167, -0.00405990239233, 0.00152137828991, -0.000203637595405, 0.000774650019594, -0.00129378342535, 0.00205961544998, -0.00365579384379, 0.00108874775469, -0.00243381457403], [0.000860149797518, -0.00311376783065, 0.00206713937223, -0.00405990239233, 0.00911598373204, -0.00369898788631, 0.00236121122725, -0.00270671630278, 0.0031212484464, -0.00272214249708, 0.00335867283866, -0.00163961783983, 0.000948648375925], [-0.000858195591718, 0.00304227997549, -0.00218633911572, 0.00152137828991, -0.00369898788631, 0.0101381167769, -0.00660730851814, 0.00137811969034, -0.00188583205454, 0.00175628752913, -0.00153420493007, 0.0014729925897, -0.00190307560842], [0.000680789002217, -0.00250284047797, 0.00204904261045, -0.000203637595405, 0.00236121122725, -0.00660730851814, 0.0114663876593, -0.00396812846884, 0.00294353929348, -0.00044290223741, 0.00132091052365, -0.000181150317076, 0.00193536817096], [-0.000439158437075, 0.00194009603001, -0.00133415753953, 0.000774650019594, -0.00270671630278, 0.00137811969034, -0.00396812846884, 0.0131572578102, -0.00509707676247, 0.00105353002436, -0.000473154417705, -0.00146141264122, 0.00249194679782], [0.000512519676704, -0.00271178176627, 0.00167059071828, -0.00129378342535, 0.0031212484464, -0.00188583205454, 0.00294353929348, -0.00509707676247, 0.0114782107994, -0.00513088796288, 0.0028295381926, 0.00195034989156, 0.00022703302966], [-0.0004531815066, 0.00287390174344, -0.00194949272554, 0.00205961544998, -0.00272214249708, 0.00175628752913, -0.00044290223741, 0.00105353002436, -0.00513088796288, 0.0154669741169, -0.00512834638357, 0.00158241041936, -0.000666636740789], [0.000475514272694, -0.00401545409113, 0.00129404419567, -0.00365579384379, 0.00335867283866, -0.00153420493007, 0.00132091052365, -0.000473154417705, 0.0028295381926, -0.00512834638357, 0.0172822102904, -0.00713209249079, 0.00460122758523], [-0.000198825408006, 0.00249935337342, -0.00215543434024, 0.00108874775469, -0.00163961783983, 0.0014729925897, -0.000181150317076, -0.00146141264122, 0.00195034989156, 0.00158241041936, -0.00713209249079, 0.0206950325519, -0.00665148440748], [0.000510856625624, -0.00224033743143, 0.00133813684806, -0.00243381457403, 0.000948648375925, -0.00190307560842, 0.00193536817096, 0.00249194679782, 0.00022703302966, -0.000666636740789, 0.00460122758523, -0.00665148440748, 0.0176879055798]]}, "silence_rate_20dB": {"dvar": 0, "var": 0, "median": 1, "max": 1, "dmean": 0, "dmean2": 0, "mean": 1, "dvar2": 0, "min": 1}, "barkbands_skewness": {"dvar": 0.443719655275, "var": 1.68429648876, "median": 1.63811039925, "max": 13.5954627991, "dmean": 0.609302461147, "dmean2": 0.919492185116, "mean": 1.79609775543, "dvar2": 0.936441838741, "min": -1.82543253899}, "erbbands_skewness": {"dvar": 0.177979573607, "var": 0.831892490387, "median": 0.362105488777, "max": 5.21003866196, "dmean": 0.402149766684, "dmean2": 0.590443491936, "mean": 0.470404952765, "dvar2": 0.368539780378, "min": -3.49279642105}, "spectral_contrast_valleys": {"dvar": [0.181712374091, 0.13910202682, 0.113768927753, 0.104186996818, 0.110293619335, 0.180451512337], "var": [1.0131932497, 1.0050842762, 1.20720911026, 1.20627820492, 1.2826000452, 1.51595938206], "median": [-7.76534700394, -7.07548332214, -7.55613088608, -7.8173122406, -7.80718326569, -10.1696739197], "max": [-5.59579133987, -5.22755718231, -5.40325737, -5.97645711899, -5.93749570847, -7.31083345413], "dmean": [0.45101583004, 0.37352091074, 0.332317322493, 0.301906853914, 0.31153845787, 0.414141029119], "dmean2": [0.740650415421, 0.595543503761, 0.521881461143, 0.455165445805, 0.424871176481, 0.533309698105], "mean": [-7.8949637413, -7.16445064545, -7.65393352509, -7.95639562607, -7.97512054443, -10.2244825363], "dvar2": [0.419458717108, 0.286099463701, 0.23143170774, 0.195911005139, 0.186600401998, 0.307365447283], "min": [-27.0663280487, -26.5707530975, -27.0338783264, -27.3411865234, -27.3841953278, -27.2098388672]}, "spectral_strongpeak": {"dvar": 0.653058350086, "var": 1.92039465904, "median": 0.531949698925, "max": 9.51332092285, "dmean": 0.528681874275, "dmean2": 0.832196116447, "mean": 1.12482488155, "dvar2": 1.41425466537, "min": 0}, "erbbands_crest": {"dvar": 8.40851688385, "var": 26.6944885254, "median": 8.46925926208, "max": 31.6824703217, "dmean": 2.8268456459, "dmean2": 4.39579820633, "mean": 9.86350345612, "dvar2": 19.4499855042, "min": 2.19566679001}, "barkbands_crest": {"dvar": 6.61397695541, "var": 20.2319126129, "median": 9.83239936829, "max": 25.4231681824, "dmean": 2.70439529419, "dmean2": 4.33256912231, "mean": 10.7344646454, "dvar2": 15.7027835846, "min": 2.82811021805}, "spectral_energyband_middle_low": {"dvar": 7.23739503883e-05, "var": 0.000226179938181, "median": 0.0100629497319, "max": 0.114418573678, "dmean": 0.00613739108667, "dmean2": 0.00944376923144, "mean": 0.0160186737776, "dvar2": 0.00016059113841, "min": 3.07095321006e-22}, "spectral_contrast_coeffs": {"dvar": [0.00168887677137, 0.00188382097986, 0.00116068054922, 0.000731522857677, 0.000448697857792, 0.000398133095587], "var": [0.00619178032503, 0.00668798619881, 0.00524238171056, 0.00303229829296, 0.00199586013332, 0.001862354693], "median": [-0.541054069996, -0.709663271904, -0.73997938633, -0.77251803875, -0.78464949131, -0.765477001667], "max": [-0.258191823959, -0.382008433342, -0.39897364378, -0.582354664803, -0.608768939972, -0.625522196293], "dmean": [0.050542421639, 0.0481806695461, 0.0398626662791, 0.0322686694562, 0.025596132502, 0.0229875743389], "dmean2": [0.0827445760369, 0.0763058364391, 0.0610978901386, 0.0499214679003, 0.0386756956577, 0.0342139527202], "mean": [-0.539929866791, -0.700022935867, -0.732453942299, -0.767362236977, -0.780891060829, -0.764411330223], "dvar2": [0.00445693125948, 0.00440684799105, 0.00257373019122, 0.00165409850888, 0.0010040194029, 0.000850997748785], "min": [-0.991906106472, -0.975006103516, -0.971294641495, -0.978538155556, -0.957177460194, -0.964717388153]}, "hfc": {"dvar": 122.067314148, "var": 319.78237915, "median": 13.5302658081, "max": 196.23059082, "dmean": 7.17392587662, "dmean2": 10.4345884323, "mean": 18.9548664093, "dvar2": 270.046386719, "min": 1.12241196109e-16}, "spectral_energyband_high": {"dvar": 1.68108135767e-06, "var": 2.91828996524e-06, "median": 0.00032747714431, "max": 0.0259242523462, "dmean": 0.00053784874035, "dmean2": 0.000793131417595, "mean": 0.00084999226965, "dvar2": 3.69319445781e-06, "min": 7.45110805635e-21}, "erbbands_spread": {"dvar": 119.506881714, "var": 504.4793396, "median": 40.9081344604, "max": 149.899154663, "dmean": 9.75369644165, "dmean2": 14.2129125595, "mean": 42.5950737, "dvar2": 254.4271698, "min": 2.27526044846}, "dissonance": {"dvar": 0.000464738492155, "var": 0.0011707370868, "median": 0.463000953197, "max": 0.499702960253, "dmean": 0.0205183811486, "dmean2": 0.0338775999844, "mean": 0.454512447119, "dvar2": 0.00118739448953, "min": 0.0176673978567}, "spectral_kurtosis": {"dvar": 3.01149749756, "var": 15.1608791351, "median": 3.62834119797, "max": 44.1297836304, "dmean": 1.50033771992, "dmean2": 2.33273768425, "mean": 4.40613365173, "dvar2": 7.30251169205, "min": -1.21130466461}, "spectral_skewness": {"dvar": 0.0479043312371, "var": 0.353406190872, "median": 1.56266713142, "max": 5.22315692902, "dmean": 0.229592725635, "dmean2": 0.335613191128, "mean": 1.60938775539, "dvar2": 0.0955148488283, "min": -0.0995259135962}, "pitch_salience": {"dvar": 0.00412566587329, "var": 0.0117082372308, "median": 0.531601548195, "max": 0.963997840881, "dmean": 0.0719618350267, "dmean2": 0.11441309005, "mean": 0.523844242096, "dvar2": 0.0101019758731, "min": 0.0662170648575}, "spectral_complexity": {"dvar": 9.21833992004, "var": 43.2131080627, "median": 15, "max": 44, "dmean": 2.93509936333, "dmean2": 4.46442079544, "mean": 15.256526947, "dvar2": 19.770816803, "min": 0}, "spectral_spread": {"dvar": 752993632256, "var": 2868710211580.0, "median": 4641095.5, "max": 41887240, "dmean": 671429.625, "dmean2": 920696.8125, "mean": 4972623.5, "dvar2": 1183994085380.0, "min": 1718059.125}, "dynamic_complexity": 3.90933203697, "melbands_crest": {"dvar": 9.86450004578, "var": 27.2454032898, "median": 15.3191356659, "max": 31.9610958099, "dmean": 3.49963569641, "dmean2": 5.61994028091, "mean": 15.9155626297, "dvar2": 24.1616764069, "min": 1.59940302372}, "zerocrossingrate": {"dvar": 0.000386814237572, "var": 0.00182762881741, "median": 0.048828125, "max": 0.509765625, "dmean": 0.0135067738593, "dmean2": 0.0152169289067, "mean": 0.0616990365088, "dvar2": 0.000454391527455, "min": 0.0078125}, "spectral_energyband_low": {"dvar": 4.38249935542e-06, "var": 7.00807731846e-06, "median": 0.00217124540359, "max": 0.044322617352, "dmean": 0.00142233178485, "dmean2": 0.00235654017888, "mean": 0.00286094634794, "dvar2": 1.19081159937e-05, "min": 4.13681119944e-23}, "melbands_kurtosis": {"dvar": 309.771820068, "var": 479.352722168, "median": 10.3127841949, "max": 724.344726562, "dmean": 8.0944108963, "dmean2": 12.7561206818, "mean": 15.7218933105, "dvar2": 798.216247559, "min": -1.69481563568}, "spectral_energyband_middle_high": {"dvar": 1.38181094371e-05, "var": 4.53013781225e-05, "median": 0.00226916465908, "max": 0.0772281363606, "dmean": 0.00178143254016, "dmean2": 0.00247730431147, "mean": 0.00454544555396, "dvar2": 2.62256580754e-05, "min": 1.7710350909e-21}, "barkbands_spread": {"dvar": 91.0963287354, "var": 306.748748779, "median": 16.1405162811, "max": 103.112251282, "dmean": 7.08684968948, "dmean2": 10.6135396957, "mean": 21.7135868073, "dvar2": 184.595916748, "min": 0.528192102909}, "mfcc": {"mean": [-656.356140137, 114.383468628, 5.12573289871, 15.499250412, 1.23652791977, 6.59124422073, -7.74009752274, -1.55898153782, -3.98761987686, -4.89950942993, -11.381114006, -7.36269617081, -9.957280159], "cov": [[6993.68798828, -417.85760498, -395.873260498, -240.830444336, -229.448455811, 154.915771484, -64.5195541382, 114.89931488, 45.1626701355, 76.3401184082, 135.705535889, 73.7653579712, -127.187927246], [-417.85760498, 1210.74743652, -344.214416504, -145.591094971, -120.319618225, -94.3203125, -49.7218055725, -18.9913425446, -8.66951084137, 23.3302745819, 34.4312210083, 31.9051971436, -56.3300971985], [-395.873260498, -344.214416504, 460.936981201, 119.448570251, 88.4693374634, 27.3093624115, 26.1410446167, -6.59751796722, -24.7836322784, -19.810546875, -30.6088275909, 14.2827358246, 69.9530181885], [-240.830444336, -145.591094971, 119.448570251, 332.815063477, 175.245346069, -4.48181629181, 12.1245594025, -29.659538269, -28.9754085541, -40.7753982544, -59.889831543, -0.681255638599, 89.2329330444], [-229.448455811, -120.319618225, 88.4693374634, 175.245346069, 251.049285889, 27.0205001831, 9.50018596649, -16.1994228363, 1.60722613335, -11.9224710464, -46.497718811, -4.45384502411, 60.2531089783], [154.915771484, -94.3203125, 27.3093624115, -4.48181629181, 27.0205001831, 162.904602051, 75.7091140747, 32.9998092651, 28.9186077118, 1.01351499557, -4.6305847168, 1.58375585079, -6.58174276352], [-64.5195541382, -49.7218055725, 26.1410446167, 12.1245594025, 9.50018596649, 75.7091140747, 197.219680786, 65.8506622314, -5.73509550095, -19.4510993958, -3.58183288574, 1.56045854092, 2.8142054081], [114.89931488, -18.9913425446, -6.59751796722, -29.659538269, -16.1994228363, 32.9998092651, 65.8506622314, 134.75617981, 31.5118560791, 9.5611448288, 29.3540649414, 6.36842679977, -15.978559494], [45.1626701355, -8.66951084137, -24.7836322784, -28.9754085541, 1.60722613335, 28.9186077118, -5.73509550095, 31.5118560791, 120.111923218, 42.6352119446, 12.0030126572, 2.14700031281, -20.3384723663], [76.3401184082, 23.3302745819, -19.810546875, -40.7753982544, -11.9224710464, 1.01351499557, -19.4510993958, 9.5611448288, 42.6352119446, 109.022956848, 54.3730125427, 6.34525251389, -13.6285495758], [135.705535889, 34.4312210083, -30.6088275909, -59.889831543, -46.497718811, -4.6305847168, -3.58183288574, 29.3540649414, 12.0030126572, 54.3730125427, 120.598571777, 24.2080097198, -22.4272251129], [73.7653579712, 31.9051971436, 14.2827358246, -0.681255638599, -4.45384502411, 1.58375585079, 1.56045854092, 6.36842679977, 2.14700031281, 6.34525251389, 24.2080097198, 81.8877105713, 22.7651081085], [-127.187927246, -56.3300971985, 69.9530181885, 89.2329330444, 60.2531089783, -6.58174276352, 2.8142054081, -15.978559494, -20.3384723663, -13.6285495758, -22.4272251129, 22.7651081085, 104.046821594]], "icov": [[0.000183534721145, 0.00014593481319, 0.000240367866354, -1.02992225948e-05, 0.000130669912323, -0.000230908684898, 0.000194612177438, -0.000148385370267, 0.000141221375088, -7.41362164263e-05, -1.63530548889e-05, -0.0002671314287, 0.000105079256173], [0.00014593481319, 0.00125745427795, 0.000970383989625, 0.000185895522009, 0.000176456043846, 0.000332427531248, 7.7326905739e-05, 1.35025575219e-05, 0.000319533457514, -0.00023684601183, 0.000195353088202, -0.000902139639948, 0.000237084896071], [0.000240367866354, 0.000970383989625, 0.00341199315153, -0.000332261202857, -4.23935853178e-05, -0.000401718483772, 0.000132293920615, -0.000207034754567, 0.000719256699085, -0.000313030963298, 0.000294560595648, -0.00102176633663, -0.000839407905005], [-1.02992225948e-05, 0.000185895522009, -0.000332261202857, 0.00583640765399, -0.00318454368971, 0.000838887353893, -0.000420867523644, 0.000372157839593, 0.000263708381681, 0.000945338339079, 0.000492524122819, 0.000306043686578, -0.00251366384327], [0.000130669912323, 0.000176456043846, -4.23935853178e-05, -0.00318454368971, 0.00700948433951, -0.00137243233621, 0.000403468846343, -8.8711249191e-06, -0.000525520765223, -0.000979095813818, 0.001083556097, 0.000299930688925, -0.00120638951194], [-0.000230908684898, 0.000332427531248, -0.000401718483772, 0.000838887353893, -0.00137243233621, 0.00883199367672, -0.00343694956973, 0.000234131977777, -0.00207640533336, 0.000152592037921, 0.000470439699711, -0.000339399965014, 0.000720486685168], [0.000194612177438, 7.7326905739e-05, 0.000132293920615, -0.000420867523644, 0.000403468846343, -0.00343694956973, 0.00782220251858, -0.00369370449334, 0.00172410649247, 0.000698624236975, 0.00024705537362, -0.000131166671054, -0.000167635836988], [-0.000148385370267, 1.35025575219e-05, -0.000207034754567, 0.000372157839593, -8.8711249191e-06, 0.000234131977777, -0.00369370449334, 0.0105763133615, -0.00296496460214, 0.00106835411862, -0.00250096991658, 3.23989006574e-05, 0.000404204882216], [0.000141221375088, 0.000319533457514, 0.000719256699085, 0.000263708381681, -0.000525520765223, -0.00207640533336, 0.00172410649247, -0.00296496460214, 0.011646377854, -0.00471755675972, 0.00206948886625, -0.00118156231474, 0.00167013984174], [-7.41362164263e-05, -0.00023684601183, -0.000313030963298, 0.000945338339079, -0.000979095813818, 0.000152592037921, 0.000698624236975, 0.00106835411862, -0.00471755675972, 0.01440368779, -0.00648662447929, 0.001215682365, -0.000796994427219], [-1.63530548889e-05, 0.000195353088202, 0.000294560595648, 0.000492524122819, 0.001083556097, 0.000470439699711, 0.00024705537362, -0.00250096991658, 0.00206948886625, -0.00648662447929, 0.0134583581239, -0.00389551906846, 0.00178500008769], [-0.0002671314287, -0.000902139639948, -0.00102176633663, 0.000306043686578, 0.000299930688925, -0.000339399965014, -0.000131166671054, 3.23989006574e-05, -0.00118156231474, 0.001215682365, -0.00389551906846, 0.0154495313764, -0.00486881705001], [0.000105079256173, 0.000237084896071, -0.000839407905005, -0.00251366384327, -0.00120638951194, 0.000720486685168, -0.000167635836988, 0.000404204882216, 0.00167013984174, -0.000796994427219, 0.00178500008769, -0.00486881705001, 0.0150709040463]]}, "silence_rate_60dB": {"dvar": 0.0015115146525