{"tonal": {"hpcp": {"dvar": [0.00548514584079, 0.0022222592961, 0.00296251801774, 0.00335488910787, 0.00249900086783, 0.00299382512458, 0.00339372968301, 0.00217805756256, 0.000984844285995, 0.000303924927721, 0.000500461144838, 0.00250169751234, 0.00334030925296, 0.00295416358858, 0.0027704841923, 0.00531552778557, 0.00966511759907, 0.0182868205011, 0.0170947425067, 0.0152832055464, 0.0157932974398, 0.0111644230783, 0.00949734915048, 0.00993410963565, 0.00952380336821, 0.0103543251753, 0.0136747090146, 0.0108283963054, 0.00507443537936, 0.00585379265249, 0.00854847673327, 0.0223447196186, 0.0311675332487, 0.0271893870085, 0.027956943959, 0.0168917477131], "var": [0.00328302220441, 0.0016492602881, 0.00364270992577, 0.00542014092207, 0.00272403168492, 0.0047314283438, 0.00780500890687, 0.00348625471815, 0.000754179258365, 0.000237000072957, 0.000355868163751, 0.0034854831174, 0.00630340818316, 0.00293501745909, 0.00186653994024, 0.00337108317763, 0.0093579897657, 0.0438957363367, 0.038713619113, 0.0135510098189, 0.0158223621547, 0.0103516085073, 0.00594361731783, 0.00742287840694, 0.00708799110726, 0.00755880633369, 0.015272423625, 0.0122649380937, 0.00384166301228, 0.00346085103229, 0.00602187495679, 0.0203669779003, 0.055507119745, 0.0482485480607, 0.0578471943736, 0.0150793921202], "median": [4.19772914029e-05, 6.33447780274e-05, 0.000508308992721, 0.000853526871651, 0.000512685335707, 6.65387342451e-05, 3.74895025743e-05, 0.000169839360751, 0.000535060593393, 0.000536306935828, 0.000316341640428, 0.000169582039234, 0.000129102205392, 0.000107001818833, 0.000112126086606, 9.47506778175e-05, 0.000676736584865, 0.0081526292488, 0.0149808777496, 0.00788539554924, 0.000199382455321, 3.71385503968e-05, 4.66228048026e-05, 9.19105150388e-05, 0.000143858240335, 0.00123176770285, 0.00323214218952, 0.00246024667285, 0.000473171618069, 0.000121235316328, 0.000128251602291, 0.0154849877581, 0.474612444639, 1, 0.54637658596, 0.0320076160133], "max": [1, 1, 1, 1, 0.937440752983, 1, 1, 1, 0.991517007351, 0.367132633924, 0.539156019688, 1, 1, 1, 1, 1, 1, 1, 1, 1, 1, 1, 1, 1, 1, 1, 1, 1, 0.964660346508, 1, 1, 1, 1, 1, 1, 1], "dmean": [0.0171990506351, 0.00779067259282, 0.0125918192789, 0.0151734016836, 0.0132372444496, 0.012199669145, 0.0120351351798, 0.00930999964476, 0.00572331761941, 0.00368488486856, 0.00467986706644, 0.0105290515348, 0.0131183071062, 0.0131196267903, 0.0113206068054, 0.0168626327068, 0.037442676723, 0.0599518679082, 0.0611121207476, 0.0498910881579, 0.0384424850345, 0.027323635295, 0.0232040919363, 0.023684753105, 0.0235709901899, 0.0305792111903, 0.0386628583074, 0.0335560850799, 0.0184389594942, 0.0134347900748, 0.0235426351428, 0.0771836861968, 0.169652655721, 0.0687008649111, 0.165973186493, 0.0751738920808], "dmean2": [0.0332267694175, 0.0142761860043, 0.0218316186219, 0.02584733814, 0.0224916245788, 0.0201455205679, 0.0186887532473, 0.015557247214, 0.0101025607437, 0.00649475026876, 0.00845243874937, 0.0175238568336, 0.0218935012817, 0.0233120247722, 0.0206268727779, 0.0315743386745, 0.0659220665693, 0.0927774831653, 0.0957951620221, 0.0876461043954, 0.0695203766227, 0.0492982752621, 0.0434010960162, 0.0432819761336, 0.0435570180416, 0.0541861727834, 0.0653413906693, 0.0572513826191, 0.0336951315403, 0.0256010703743, 0.0438877046108, 0.133833482862, 0.273776561022, 0.122258894145, 0.264388203621, 0.129755869508], "mean": [0.0101217059419, 0.00545130064711, 0.0126336617395, 0.018480649218, 0.0132803302258, 0.0142559194937, 0.0184177160263, 0.0116986464709, 0.00507462816313, 0.00317175057717, 0.00368679407984, 0.0119876898825, 0.0176960956305, 0.0122786536813, 0.0078566595912, 0.0106770470738, 0.0359725691378, 0.0982399582863, 0.0984551534057, 0.0461743883789, 0.0314166359603, 0.0222274754196, 0.0149163324386, 0.0168087519705, 0.0167544987053, 0.0232926756144, 0.0397921763361, 0.0337985791266, 0.0136912269518, 0.00843761768192, 0.0156582761556, 0.0693026408553, 0.495374649763, 0.918518662453, 0.548992574215, 0.0749901011586], "dvar2": [0.0163123849779, 0.00612806109712, 0.00778191490099, 0.00859578326344, 0.00672919815406, 0.00718548521399, 0.00787253305316, 0.00534695014358, 0.0026740571484, 0.000844994210638, 0.00145868281834, 0.00612910604104, 0.00805582664907, 0.00838640425354, 0.00763282272965, 0.0150389363989, 0.0269688572735, 0.0394024550915, 0.0381462872028, 0.0424704886973, 0.0428634658456, 0.0302235465497, 0.027372168377, 0.0269850324839, 0.0257462766021, 0.0287832506001, 0.0351280421019, 0.0280548054725, 0.0142719317228, 0.0172391850501, 0.0234072674066, 0.0604682341218, 0.0863985940814, 0.0689638480544, 0.0740771219134, 0.0462764129043], "min": [0, 0, 0, 0, 0, 0, 0, 0, 0, 0, 0, 0, 0, 0, 0, 0, 0, 0, 0, 0, 0, 0, 0, 0, 0, 0, 0, 0, 0, 0, 0, 0, 0, 0, 0, 0]}, "key_key": "C#", "thpcp": [1, 0.597693443298, 0.081642434001, 0.0110195977613, 0.00593488290906, 0.0137543873861, 0.0201200582087, 0.0144584216177, 0.0155205549672, 0.0200515426695, 0.0127364275977, 0.00552479596809, 0.00345311500132, 0.00401384755969, 0.0130511121824, 0.0192659068853, 0.013367886655, 0.00855362042785, 0.0116242030635, 0.0391636788845, 0.106954775751, 0.107189059258, 0.0502704940736, 0.0342035889626, 0.024199264124, 0.01623955369, 0.0182998478413, 0.0182407815009, 0.0253589581698, 0.0433221198618, 0.0367968343198, 0.0149057693779, 0.00918611418456, 0.0170473139733, 0.0754504427314, 0.539319097996], "chords_key": "G#", "tuning_equal_tempered_deviation": 0.0545729473233, "tuning_frequency": 442.548919678, "tuning_diatonic_strength": 0.589394688606, "chords_histogram": [2.75745630264, 0.0187582075596, 6.97805309296, 0, 0, 0, 0, 8.79759883881, 1.21928346157, 79.084602356, 0, 0, 0, 0, 0, 0, 0, 0, 0, 0, 0, 0, 0, 1.14425063133], "key_strength": 0.605901300907, "key_scale": "minor", "chords_strength": {"dvar": 0.000373249524273, "var": 0.0334102846682, "median": 0.612655580044, "max": 0.802708268166, "dmean": 0.00472967233509, "dmean2": 0.0051124622114, "mean": 0.577426016331, "dvar2": 0.000728199316654, "min": -1}, "chords_number_rate": 0.00112549238838, "tuning_nontempered_energy_ratio": 0.65204679966, "hpcp_entropy": {"dvar": 0.157362937927, "var": 0.393881440163, "median": 1.63425981998, "max": 4.20365381241, "dmean": 0.446382373571, "dmean2": 0.753293097019, "mean": 1.67890930176, "dvar2": 0.407435417175, "min": 0}, "chords_changes_rate": 0.0166948046535, "chords_scale": "major"}, "rhythm": {"bpm_histogram_first_peak_spread": {"dvar": 0, "var": 0, "median": 0.564356446266, "max": 0.564356446266, "dmean": 0, "dmean2": 0, "mean": 0.564356446266, "dvar2": 0, "min": 0.564356446266}, "bpm_histogram_first_peak_weight": {"dvar": 0, "var": 0, "median": 0.170212760568, "max": 0.170212760568, "dmean": 0, "dmean2": 0, "mean": 0.170212760568, "dvar2": 0, "min": 0.170212760568}, "bpm_histogram_first_peak_bpm": {"dvar": 0, "var": 0, "median": 112, "max": 112, "dmean": 0, "dmean2": 0, "mean": 112, "dvar2": 0, "min": 112}, "bpm": 112.150466919, "bpm_histogram_second_peak_weight": {"dvar": 0, "var": 0, "median": 0.106382980943, "max": 0.106382980943, "dmean": 0, "dmean2": 0, "mean": 0.106382980943, "dvar2": 0, "min": 0.106382980943}, "beats_loudness": {"dvar": 0.000570664124098, "var": 0.000898084021173, "median": 0.0382792130113, "max": 0.161032423377, "dmean": 0.0237009935081, "dmean2": 0.0427131615579, "mean": 0.041314676404, "dvar2": 0.00176655920222, "min": 0}, "beats_loudness_band_ratio": {"dvar": [0.0099387774244, 0.0302141755819, 0.00171613472048, 0.000150956300786, 3.89669839933e-05, 0.00123230845202], "var": [0.0241806227714, 0.0532638281584, 0.00188990193419, 0.000113711903396, 3.20037070196e-05, 0.000915100215934], "median": [0.761657953262, 0.368608355522, 0.00930883921683, 0.000703074038029, 0.000114472190035, 9.50445682975e-05], "max": [0.99598222971, 0.930095136166, 0.330682009459, 0.0845334231853, 0.0703157186508, 0.373752206564], "dmean": [0.125102907419, 0.221652701497, 0.0242968983948, 0.00524261500686, 0.00223275227472, 0.00572315091267], "dmean2": [0.214696004987, 0.385621607304, 0.0426090620458, 0.00942053366452, 0.00388485752046, 0.0104611124843], "mean": [0.750451922417, 0.390483945608, 0.025619937107, 0.00469841435552, 0.0017939384561, 0.00411731330678], "dvar2": [0.0268468335271, 0.0895542353392, 0.00438770884648, 0.000432475702837, 0.000104113161797, 0.00331816426478], "min": [0, 0, 0, 0, 0, 0]}, "bpm_histogram_second_peak_bpm": {"dvar": 0, "var": 0, "median": 178, "max": 178, "dmean": 0, "dmean2": 0, "mean": 178, "dvar2": 0, "min": 178}, "onset_rate": 2.17756032944, "beats_count": 518, "beats_position": [0.580498874187, 1.17260766029, 1.764716506, 2.35682535172, 2.94893407822, 3.54104304314, 4.13315200806, 4.67882061005, 5.23609972, 5.79337835312, 6.35065746307, 6.8963265419, 7.44199514389, 7.98766422272, 8.52172279358, 9.05578231812, 9.58984088898, 10.1239004135, 10.6579589844, 11.1804075241, 11.7144670486, 12.2485256195, 12.782585144, 13.3166437149, 13.8507022858, 14.3847618103, 14.90721035, 15.4296598434, 15.9521083832, 16.4745578766, 17.0086174011, 17.5310649872, 18.0535144806, 18.575963974, 19.0868015289, 19.6092510223, 20.1200904846, 20.642539978, 21.1649875641, 21.6990470886, 22.221496582, 22.7555541992, 23.2896137238, 23.8236732483, 24.3461227417, 24.8685703278, 25.3910198212, 25.9134693146, 26.435918808, 26.958366394, 27.4808158875, 28.0032653809, 28.5257129669, 29.0481624603, 29.5822219849, 30.1162815094, 30.6387290955, 31.17278862, 31.7068481445, 32.2292976379, 32.7633552551, 33.2974128723, 33.8314743042, 34.3539237976, 34.8763694763, 35.3872108459, 35.8980484009, 36.4088897705, 36.9197273254, 37.4537849426, 37.9878463745, 38.5219039917, 39.0559616089, 39.5900230408, 40.1124725342, 40.6465301514, 41.192199707, 41.7262573242, 42.2603149414, 42.7943763733, 43.340045929, 43.8857116699, 44.4429931641, 45.0002708435, 45.5575485229, 46.1844902039, 46.8114280701, 47.4383659363, 48.0653038025, 48.6574134827, 49.2611312866, 49.8764610291, 50.480178833, 51.0142402649, 51.5599098206, 52.1055755615, 52.6512451172, 53.1969146729, 53.73097229, 54.2650337219, 54.8107032776, 55.3447608948, 55.878818512, 56.4244880676, 56.946937561, 57.4693870544, 57.9802246094, 58.5142860413, 59.0483436584, 59.5940132141, 60.1396827698, 60.6853485107, 61.2310180664, 61.7766876221, 62.310749054, 62.8448066711, 63.3672561646, 63.9013137817, 64.4353713989, 64.9694290161, 65.4918823242, 66.0259399414, 66.5716094971, 67.0243988037, 67.4539642334, 67.871925354, 68.3014984131, 68.7310638428, 69.1490249634, 69.566986084, 69.9849395752, 70.4029006958, 70.8208618164, 71.238822937, 71.7728805542, 72.3069381714, 72.8293838501, 73.3518371582, 73.8858947754, 74.4199523926, 74.9540100098, 75.4764633179, 75.9989089966, 76.5097503662, 77.0205917358, 77.5430374146, 78.0654830933, 78.5995483398, 79.1219940186, 79.6444396973, 80.1668930054, 80.6893386841, 81.2001800537, 81.7110214233, 82.2334671021, 82.7443084717, 83.2667541504, 83.7892074585, 84.2884368896, 84.7876663208, 85.2868881226, 85.8673934937, 86.4014511108, 86.9238967896, 87.4463500977, 87.9804077148, 88.514465332, 89.0485229492, 89.5709762573, 90.116645813, 90.6390914917, 91.1847610474, 91.7188186646, 92.2644882202, 92.7985458374, 93.3442153931, 93.8782730103, 94.4123306274, 94.946395874, 95.4804534912, 96.0145111084, 96.5485687256, 97.0826263428, 97.61668396, 98.1391372681, 98.6731948853, 99.1956481934, 99.7297058105, 100.263763428, 100.797821045, 101.320266724, 101.842720032, 102.36516571, 102.899223328, 103.444892883, 103.97895813, 104.513015747, 105.058685303, 105.615959167, 106.173240662, 106.718910217, 107.252967834, 107.79863739, 108.332695007, 108.878364563, 109.424034119, 109.969703674, 110.503761292, 111.037818909, 111.571876526, 112.105941772, 112.651611328, 113.081176758, 113.499137878, 113.917098999, 114.33505249, 114.741401672, 115.147750854, 115.554100037, 115.960449219, 116.355194092, 116.749931335, 117.156280518, 117.551017761, 117.945755005, 118.352104187, 118.758453369, 119.164802551, 119.559547424, 119.954284668, 120.36063385, 120.766983032, 121.173332214, 121.579681396, 121.97441864, 122.380767822, 122.787117004, 123.181854248, 123.58820343, 123.994552612, 124.389297485, 124.795646667, 125.213600159, 125.631561279, 126.061134338, 126.467483521, 126.862220764, 127.268569946, 127.66330719, 128.058044434, 128.452789307, 128.847518921, 129.242263794, 129.637008667, 130.031738281, 130.426483154, 130.821228027, 131.215957642, 131.610702515, 132.005432129, 132.400177002, 132.806533813, 133.212875366, 133.630844116, 134.048797607, 134.478363037, 134.896316528, 135.30267334, 135.709014893, 136.115371704, 136.533325195, 136.99772644, 137.450515747, 137.903305054, 138.367706299, 138.832107544, 139.296508789, 139.749298096, 140.225296021, 140.689697266, 141.154098511, 141.514007568, 141.873916626, 142.222213745, 142.570526123, 142.918823242, 143.267120361, 143.61541748, 143.9637146, 144.323623657, 144.683532715, 145.055053711, 145.426574707, 145.786483765, 146.146392822, 146.50630188, 146.866210938, 147.214508057, 147.562805176, 147.911102295, 148.259414673, 148.607711792, 148.956008911, 149.30430603, 149.652603149, 150.000900269, 150.349197388, 150.685897827, 151.022583008, 151.370880127, 151.719177246, 152.055877686, 152.392562866, 152.729248047, 153.182037354, 153.63482666, 154.087615967, 154.540405273, 155.051239014, 155.562088013, 156.084533691, 156.60697937, 157.129425049, 157.640274048, 158.151107788, 158.661941528, 159.207611084, 159.75328064, 160.310562134, 160.867843628, 161.425125122, 161.970794678, 162.528076172, 163.073745728, 163.631011963, 164.188293457, 164.733963013, 165.26802063, 165.790466309, 166.324539185, 166.858596802, 167.392654419, 167.926712036, 168.460769653, 168.994827271, 169.552108765, 170.109390259, 170.678268433, 171.247161865, 171.816055298, 172.384933472, 172.942214966, 173.49949646, 174.068389893, 174.637283325, 175.206161499, 175.775054932, 176.355545044, 176.843170166, 177.31918335, 177.783584595, 178.24798584, 178.584671021, 178.921356201, 179.26965332, 179.606338501, 179.954650879, 180.302947998, 180.651245117, 180.999542236, 181.347839355, 181.684524536, 182.021224976, 182.357910156, 182.706207275, 183.054504395, 183.414413452, 183.762710571, 184.111022949, 184.459320068, 184.807617188, 185.144302368, 185.480987549, 185.829299927, 186.165985107, 186.502670288, 186.839355469, 187.176055908, 187.512741089, 187.84942627, 188.18611145, 188.52281189, 188.85949707, 189.207794189, 189.54447937, 189.88117981, 190.206253052, 190.589385986, 190.972518921, 191.355636597, 191.773605347, 192.191558838, 192.609527588, 193.027481079, 193.44543457, 193.86340332, 194.281356812, 194.768981934, 195.256591797, 195.744216919, 196.278274536, 196.812332153, 197.346389771, 198.019775391, 198.693145752, 199.343307495, 199.993469238, 200.643630981, 201.305389404, 201.967163086, 202.628936768, 203.29069519, 203.952468872, 204.614242554, 205.276000977, 205.937774658, 206.59954834, 207.261306763, 207.911468506, 208.584854126, 209.258224487, 209.90838623, 210.570159912, 211.231918335, 211.893692017, 212.555465698, 213.217224121, 213.878997803, 214.540771484, 215.202529907, 215.864303589, 216.537689209, 217.199447632, 217.872833252, 218.546203613, 219.219589233, 219.892959595, 220.566345215, 221.239730835, 221.79699707, 222.354278564, 222.89994812, 223.399185181, 223.886795044, 224.374420166, 224.711105347, 225.047790527, 225.384490967, 225.721176147, 226.057861328, 226.394546509, 226.731246948, 227.067932129, 227.40461731, 227.741317749, 228.066390991, 228.403076172, 228.739776611, 229.064849854, 229.401535034, 229.738220215, 230.074920654, 230.399993896, 230.736679077, 231.073379517, 231.410064697, 231.746749878, 232.083435059, 232.420135498, 232.756820679, 233.093505859, 233.441802979, 233.801712036, 234.150024414, 234.486709595, 234.823394775, 235.160079956, 235.508392334, 235.856689453, 236.193374634, 236.541671753, 236.889968872, 237.238265991, 237.586578369, 237.934875488, 238.283172607, 238.631469727, 238.979766846, 239.316452026, 239.653152466, 240.001449585, 240.349746704, 240.686431885, 241.023132324, 241.371429443, 241.719726562, 242.07963562, 242.474365234, 242.880722046, 243.275466919, 243.716644287, 244.146209717, 244.575775146, 245.005340576, 245.434921265, 245.876098633, 246.305664062, 246.746841431], "danceability": 1.15311801434, "bpm_histogram_second_peak_spread": {"dvar": 0, "var": 0, "median": 0, "max": 0, "dmean": 0, "dmean2": 0, "mean": 0, "dvar2": 0, "min": 0}}, "lowlevel": {"spectral_flux": {"dvar": 0.000430509302532, "var": 0.00147630367428, "median": 0.0495320335031, "max": 0.337701350451, "dmean": 0.0178367197514, "dmean2": 0.0285403113812, "mean": 0.0566007047892, "dvar2": 0.00103661674075, "min": 6.42931957673e-11}, "spectral_rolloff": {"dvar": 331163.875, "var": 5829015.5, "median": 215.33203125, "max": 19616.7480469, "dmean": 63.8377304077, "dmean2": 112.854316711, "mean": 568.752441406, "dvar2": 793558.0625, "min": 64.599609375}, "barkbands_flatness_db": {"dvar": 0.000464069336886, "var": 0.0134096518159, "median": 0.384490817785, "max": 0.599085211754, "dmean": 0.0206971988082, "dmean2": 0.0323730073869, "mean": 0.382002919912, "dvar2": 0.00111481838394, "min": 0.0219303034246}, "spectral_centroid": {"dvar": 31024.3925781, "var": 1855813.375, "median": 209.46257019, "max": 11790.3642578, "dmean": 39.1503829956, "dmean2": 62.8639411926, "mean": 424.040710449, "dvar2": 63834.9492188, "min": 110.375976562}, "melbands_skewness": {"dvar": 0.555776834488, "var": 4.18313980103, "median": 1.47873842716, "max": 15.0872888565, "dmean": 0.56999206543, "dmean2": 0.899780154228, "mean": 1.79930388927, "dvar2": 1.31651055813, "min": -1.78806960583}, "melbands": {"dvar": [1.80399027272e-07, 2.21560912905e-06, 6.70669942338e-06, 5.12958649779e-06, 3.93460020121e-08, 1.04022728209e-08, 8.43278602503e-09, 2.17860360863e-08, 1.43208822578e-08, 4.4361589957e-09, 4.18112933165e-10, 2.92321389317e-10, 1.14643725069e-10, 4.78253131542e-11, 1.13288205206e-10, 4.48006937104e-10, 8.54849524501e-11, 3.50214961198e-11, 8.3346836377e-12, 5.61538792895e-12, 4.21420927668e-12, 4.08454520207e-12, 2.50861657836e-11, 2.81674596841e-12, 6.77473962346e-12, 3.75303434164e-11, 4.70760019508e-12, 3.25461337568e-12, 3.14126914584e-12, 1.54473569353e-11, 1.51935009712e-11, 1.28090368173e-11, 1.29875025665e-11, 4.4127371028e-12, 1.74290096244e-12, 1.04149956888e-12, 1.12324440114e-12, 5.44169852408e-13, 1.02824263589e-13, 6.36585239817e-14], "var": [1.98198085855e-06, 1.95112024812e-05, 1.34618776428e-05, 1.76341673068e-05, 1.06087355789e-07, 3.23740891872e-08, 2.96447186798e-08, 6.61085906017e-08, 6.14028365931e-08, 2.05210799464e-08, 8.56787085723e-10, 1.01037567202e-09, 3.52516349444e-10, 1.3568135504e-10, 3.15711373711e-10, 1.6579648765e-09, 1.76365921867e-10, 6.05508143625e-11, 1.5188088634e-11, 7.59938119377e-12, 6.52797087219e-12, 7.6033814661e-12, 2.20156635977e-11, 3.42252224825e-12, 6.76083798321e-12, 4.86971504787e-11, 9.68589531497e-12, 3.07088100608e-12, 3.51139842029e-12, 1.4989199118e-11, 2.70974163247e-11, 2.48554128668e-11, 2.28684276377e-11, 1.11831845867e-11, 3.47564143265e-12, 2.87795243366e-12, 2.9786062939e-12, 1.2487402605e-12, 2.51188013532e-13, 1.70039302734e-13], "median": [0.00127402902581, 0.0024293186143, 0.00211992673576, 0.00330187939107, 0.000128986517666, 4.20703581767e-05, 4.4743574108e-05, 5.95959636485e-06, 2.25899725592e-06, 1.42259568747e-06, 1.01918055861e-06, 8.69679979587e-07, 4.91113326007e-07, 5.11836731221e-07, 2.54149910006e-07, 1.92000868537e-07, 1.95030011696e-07, 9.29808834371e-08, 7.59607559075e-08, 3.46758852743e-08, 2.74150639967e-08, 2.71626916515e-08, 3.44397825813e-08, 2.6312740431e-08, 1.50723522552e-08, 1.57623780694e-08, 1.47949377194e-08, 1.68289151503e-08, 1.01986010748e-08, 7.74382069579e-09, 7.83839748664e-09, 9.31816934724e-09, 4.15020773303e-09, 2.46529419101e-09, 2.21875073869e-09, 2.04666372738e-09, 1.90637727826e-09, 1.26038490755e-09, 1.20565402106e-09, 9.62844803887e-10], "max": [0.0089426971972, 0.0340818203986, 0.0461638607085, 0.0430750027299, 0.00448473682627, 0.00443956349045, 0.00266960333101, 0.0069353217259, 0.00732568604872, 0.0044800308533, 0.00123336969409, 0.00100343604572, 0.000744901306462, 0.000518122222275, 0.000420716096414, 0.00118689530063, 0.000388820946682, 0.000299120118143, 0.000141885087942, 0.000130094311316, 0.000114228707389, 7.61447881814e-05, 0.000216679894947, 7.3317954957e-05, 0.0001889787236, 0.000466502475319, 0.000127536448417, 8.05828312878e-05, 7.80711998232e-05, 0.000267645751592, 0.000169540333445, 0.000162040247233, 0.000223798764637, 0.000168199636391, 7.70828628447e-05, 5.91234784224e-05, 6.29254209343e-05, 5.2864994359e-05, 2.43705198955e-05, 1.75115073944e-05], "dmean": [0.000382193917176, 0.00121632672381, 0.00146996823605, 0.00159484194592, 0.000108631902549, 3.65447303921e-05, 4.01442048314e-05, 2.93307912216e-05, 2.40509943978e-05, 1.19087917483e-05, 3.97069061364e-06, 4.13921770814e-06, 2.32128627431e-06, 1.81629866347e-06, 2.19597677642e-06, 3.22362893712e-06, 1.98641487259e-06, 9.83268591881e-07, 5.84171402807e-07, 3.03504577914e-07, 2.94775446719e-07, 3.69396815358e-07, 5.93681590999e-07, 2.5869215392e-07, 1.75848327899e-07, 3.20083188399e-07, 2.56453603242e-07, 2.0800383993e-07, 1.62518233537e-07, 2.53931375482e-07, 3.64295829058e-07, 3.31548363874e-07, 2.70592749985e-07, 1.46348341445e-07, 9.81211485396e-08, 9.14199560498e-08, 9.52738545834e-08, 5.45781198014e-08, 2.93906854409e-08, 2.26008509685e-08], "dmean2": [0.000619855592959, 0.00149645737838, 0.00249422946945, 0.00277747004293, 0.000188976264326, 5.6212877098e-05, 5.9296577092e-05, 4.28334315075e-05, 3.5225184547e-05, 1.70480070665e-05, 5.82961820328e-06, 6.28128964308e-06, 3.45095281773e-06, 2.81293182525e-06, 3.38863515026e-06, 4.87942725158e-06, 3.04050468003e-06, 1.49165759922e-06, 9.18572936826e-07, 4.76419899087e-07, 4.65139578409e-07, 5.84840165629e-07, 9.54404185904e-07, 4.1300179987e-07, 2.98810817867e-07, 5.06709284309e-07, 3.88629132431e-07, 3.43548123283e-07, 2.58381191998e-07, 4.02756285212e-07, 5.17284547641e-07, 4.69741706866e-07, 3.88331812928e-07, 2.03428385248e-07, 1.38046331699e-07, 1.26821333879e-07, 1.26357065255e-07, 8.13566174429e-08, 4.08090947701e-08, 3.28036300346e-08], "mean": [0.001640497474, 0.0039923787117, 0.00323218223639, 0.00433862023056, 0.000233769489569, 8.97115824046e-05, 9.84626021818e-05, 6.61137019051e-05, 6.12304429524e-05, 3.05644716718e-05, 8.15279872768e-06, 8.11345489637e-06, 4.91680748382e-06, 3.82860753234e-06, 4.38799406766e-06, 6.22111247139e-06, 3.76006914848e-06, 1.79654000476e-06, 9.67826963461e-07, 4.65056388066e-07, 4.95472932016e-07, 6.7222697453e-07, 8.86208169959e-07, 4.11832274949e-07, 2.2900218255e-07, 4.55608216043e-07, 3.97357069915e-07, 2.40108334992e-07, 1.88173771676e-07, 2.98045932823e-07, 4.77317428249e-07, 4.69960724558e-07, 3.80258853738e-07, 2.09764209558e-07, 1.33086373921e-07, 1.37858535254e-07, 1.36968708375e-07, 7.37138989848e-08, 3.73509010387e-08, 3.23370095145e-08], "dvar2": [4.77648370634e-07, 4.13600901084e-06, 1.82793719432e-05, 1.52475267896e-05, 1.14607786372e-07, 2.38936248564e-08, 2.01987528925e-08, 4.75732875316e-08, 3.05003595713e-08, 9.47556433317e-09, 9.53115253388e-10, 6.87374435149e-10, 2.18732962298e-10, 9.78444131272e-11, 2.62893484759e-10, 8.47841907792e-10, 1.88794507805e-10, 7.84216372396e-11, 1.81510206171e-11, 1.41806531795e-11, 1.10297734487e-11, 1.01916790979e-11, 6.96050855842e-11, 7.2202526076e-12, 1.8897427026e-11, 8.70953240084e-11, 8.15999264686e-12, 8.60376353495e-12, 7.99986726169e-12, 4.26285881594e-11, 2.89708864537e-11, 2.52570117598e-11, 2.87507257585e-11, 7.19420877038e-12, 3.30456603921e-12, 1.45928256458e-12, 1.71606739235e-12, 9.35583750229e-13, 1.52054611307e-13, 9.67386503477e-14], "min": [5.63219963665e-25, 5.62332347235e-25, 1.23010098344e-24, 7.01894118016e-25, 1.84827822397e-24, 8.24102625212e-25, 1.60972313635e-24, 1.74061369876e-24, 1.15007932765e-24, 1.68376522649e-24, 1.25502563539e-24, 2.71773783673e-24, 2.40642137467e-24, 2.05444149952e-24, 2.95598191594e-24, 2.63550105952e-24, 2.59501159027e-24, 3.23696845113e-24, 2.92854434758e-24, 2.67443509228e-24, 3.15825906545e-24, 4.00367538112e-24, 4.17010373288e-24, 3.76758508941e-24, 2.53059044773e-24, 3.96123900316e-24, 4.21877645073e-24, 3.5626165437e-24, 4.57052400634e-24, 4.33770788182e-24, 5.15769289962e-24, 6.0918375289e-24, 5.20374423269e-24, 5.47153805532e-24, 4.93812017197e-24, 6.18071612051e-24, 5.05562770912e-24, 5.03928527218e-24, 5.39429240105e-24, 5.41703407766e-24]}, "spectral_decrease": {"dvar": 9.66291546633e-18, "var": 5.08089934084e-17, "median": -8.78140404836e-09, "max": 1.98299019307e-28, "dmean": 2.39096631383e-09, "dmean2": 3.91583476755e-09, "mean": -9.99073090924e-09, "dvar2": 2.57594547943e-17, "min": -5.00209687004e-08}, "barkbands_kurtosis": {"dvar": 91.8573074341, "var": 241.114349365, "median": 7.72687339783, "max": 176.866424561, "dmean": 5.6716132164, "dmean2": 9.32032966614, "mean": 12.4556913376, "dvar2": 252.074859619, "min": -1.85475993156}, "silence_rate_30dB": {"dvar": 0.0166025478393, "var": 0.0220894683152, "median": 1, "max": 1, "dmean": 0.0168855525553, "dmean2": 0.0337742753327, "mean": 0.977394223213, "dvar2": 0.0412578880787, "min": 0}, "gfcc": {"mean": [-194.458007812, 170.541687012, -16.2412643433, 32.8883323669, -30.3921222687, -1.54696571827, -27.8992767334, -14.0182180405, -21.5001354218, -8.7069568634, -12.7607345581, -9.21994876862, -10.3891019821], "cov": [[29224.9179688, 988.944274902, -4237.63427734, 992.990905762, -1397.33825684, 673.683105469, -295.380706787, 214.009613037, -570.249450684, -22.0459594727, -500.38067627, -321.788360596, -736.473449707], [988.944274902, 1388.62658691, 647.346008301, -126.636352539, 102.337875366, -195.991363525, -82.1282196045, -176.297286987, -2.73339319229, -88.1303710938, 55.0304832458, -31.9003601074, 87.0504608154], [-4237.63427734, 647.346008301, 1682.31445312, -51.2647628784, 352.001098633, -234.100540161, -56.7444992065, -186.960021973, 85.4281539917, -45.4777488708, 109.950691223, 50.5615272522, 206.010314941], [992.990905762, -126.636352539, -51.2647628784, 274.191741943, 2.93148970604, 22.1821918488, -1.07256495953, -5.99375677109, -30.4852428436, 0.727906525135, -6.13915729523, -6.71914863586, 3.23179149628], [-1397.33825684, 102.337875366, 352.001098633, 2.93148970604, 220.259735107, -55.6739273071, 8.31590461731, -21.8473167419, 33.8038444519, -17.447145462, 36.8253860474, 9.09093570709, 57.5554161072], [673.683105469, -195.991363525, -234.100540161, 22.1821918488, -55.6739273071, 129.519577026, 40.0207862854, 51.8388175964, -7.10849046707, 20.4966907501, -30.0887584686, -6.53813743591, -42.8438949585], [-295.380706787, -82.1282196045, -56.7444992065, -1.07256495953, 8.31590461731, 40.0207862854, 115.499229431, 25.363910675, 2.11403155327, 6.17978286743, 8.01652908325, 1.76169586182, -1.14956605434], [214.009613037, -176.297286987, -186.960021973, -5.99375677109, -21.8473167419, 51.8388175964, 25.363910675, 112.00112915, 25.6630401611, 20.8842315674, -13.8148365021, -0.378158688545, -37.3769836426], [-570.249450684, -2.73339319229, 85.4281539917, -30.4852428436, 33.8038444519, -7.10849046707, 2.11403155327, 25.6630401611, 70.688583374, 20.9384365082, 8.08439922333, 6.00471878052, 5.19464731216], [-22.0459594727, -88.1303710938, -45.4777488708, 0.727906525135, -17.447145462, 20.4966907501, 6.17978286743, 20.8842315674, 20.9384365082, 54.7786865234, 8.16449832916, 8.55422401428, -12.9011869431], [-500.38067627, 55.0304832458, 109.950691223, -6.13915729523, 36.8253860474, -30.0887584686, 8.01652908325, -13.8148365021, 8.08439922333, 8.16449832916, 62.8441085815, 18.2843112946, 20.4760532379], [-321.788360596, -31.9003601074, 50.5615272522, -6.71914863586, 9.09093570709, -6.53813743591, 1.76169586182, -0.378158688545, 6.00471878052, 8.55422401428, 18.2843112946, 43.899433136, 21.0233154297], [-736.473449707, 87.0504608154, 206.010314941, 3.23179149628, 57.5554161072, -42.8438949585, -1.14956605434, -37.3769836426, 5.19464731216, -12.9011869431, 20.4760532379, 21.0233154297, 88.3149337769]], "icov": [[0.000301921390928, -0.000912225223146, 0.000593863136601, -0.00124363368377, 0.000580236315727, -0.000856299709994, 0.000725047488231, -0.000478297413792, 0.000940269092098, -0.000449268904049, 0.000872886390425, -0.00042561077862, 0.000868609407917], [-0.000912225223146, 0.00399167602882, -0.00204902188852, 0.00423473399132, -0.00144631264266, 0.00323143671267, -0.00191413075663, 0.00239770347252, -0.00309604452923, 0.00255400920287, -0.00344544183463, 0.00276416866109, -0.00272088055499], [0.000593863136601, -0.00204902188852, 0.00262522068806, -0.00245399493724, -0.000226441799896, -0.0011985466117, 0.00162333552726, 0.0004671170027, 0.000413772009779, -0.000824761402328, 0.00144189596176, -0.00151359243318, 0.000604152330197], [-0.00124363368377, 0.00423473399132, -0.00245399493724, 0.00932274386287, -0.0029491467867, 0.00289936503395, -0.00244741467759, 0.00231654942036, -0.00181804294698, 0.00125805020798, -0.00385646591894, 0.00311162485741, -0.0044405288063], [0.000580236315727, -0.00144631264266, -0.000226441799896, -0.0029491467867, 0.00923737790436, -0.000970444991253, 0.00040338494, -0.0021485327743, -0.000694708374795, 0.00200271559879, -0.000815646199044, 0.00107284088153, -0.000227332289796], [-0.000856299709994, 0.00323143671267, -0.0011985466117, 0.00289936503395, -0.000970444991253, 0.017003506422, -0.00611996883526, -0.00093526521232, -0.00115300982725, -0.0017884032568, 0.0022870269604, 0.0004494455643, -6.1148617533e-05], [0.000725047488231, -0.00191413075663, 0.00162333552726, -0.00244741467759, 0.00040338494, -0.00611996883526, 0.0126125048846, -0.00242896936834, 0.00266221258789, -0.000306687841658, -0.00140298285987, 0.000350882619387, 0.000180556933628], [-0.000478297413792, 0.00239770347252, 0.0004671170027, 0.00231654942036, -0.0021485327743, -0.00093526521232, -0.00242896936834, 0.0174105279148, -0.0090566156432, 0.00154811702669, -0.000935047341045, -0.00101263436954, 0.00197374867275], [0.000940269092098, -0.00309604452923, 0.000413772009779, -0.00181804294698, -0.000694708374795, -0.00115300982725, 0.00266221258789, -0.0090566156432, 0.0264258924872, -0.0110492929816, 0.004358923994, -0.000583372078836, 0.00204896763898], [-0.000449268904049, 0.00255400920287, -0.000824761402328, 0.00125805020798, 0.00200271559879, -0.0017884032568, -0.000306687841658, 0.00154811702669, -0.0110492929816, 0.0282784551382, -0.0078993216157, -0.00225347024389, 0.00124111003242], [0.000872886390425, -0.00344544183463, 0.00144189596176, -0.00385646591894, -0.000815646199044, 0.0022870269604, -0.00140298285987, -0.000935047341045, 0.004358923994, -0.0078993216157, 0.0266833920032, -0.00958004686981, 0.00336354039609], [-0.00042561077862, 0.00276416866109, -0.00151359243318, 0.00311162485741, 0.00107284088153, 0.0004494455643, 0.000350882619387, -0.00101263436954, -0.000583372078836, -0.00225347024389, -0.00958004686981, 0.0328419432044, -0.00965384114534], [0.000868609407917, -0.00272088055499, 0.000604152330197, -0.0044405288063, -0.000227332289796, -6.1148617533e-05, 0.000180556933628, 0.00197374867275, 0.00204896763898, 0.00124111003242, 0.00336354039609, -0.00965384114534, 0.0225369296968]]}, "silence_rate_20dB": {"dvar": 0, "var": 0, "median": 1, "max": 1, "dmean": 0, "dmean2": 0, "mean": 1, "dvar2": 0, "min": 1}, "barkbands_skewness": {"dvar": 0.367759019136, "var": 3.26091313362, "median": 1.05547487736, "max": 9.86231708527, "dmean": 0.550982356071, "dmean2": 0.883517503738, "mean": 1.06944727898, "dvar2": 0.922354698181, "min": -4.87204647064}, "erbbands_skewness": {"dvar": 0.30062353611, "var": 2.02677679062, "median": 2.21852946281, "max": 9.95851135254, "dmean": 0.531345903873, "dmean2": 0.838887453079, "mean": 2.40802049637, "dvar2": 0.724295914173, "min": -3.31365895271}, "spectral_contrast_valleys": {"dvar": [0.0660914778709, 0.0705856233835, 0.0681708306074, 0.0697376951575, 0.0861502215266, 0.0858104079962], "var": [7.2901802063, 7.11601257324, 6.54623317719, 6.15580654144, 6.31362867355, 4.72865009308], "median": [-6.86441707611, -7.80000782013, -9.04248332977, -9.96996116638, -10.3147630692, -12.6912660599], "max": [-5.41793298721, -5.15371513367, -5.84136486053, -6.59935569763, -6.25122642517, -7.68324136734], "dmean": [0.269639164209, 0.286911129951, 0.270938545465, 0.253144621849, 0.237611219287, 0.196304470301], "dmean2": [0.450654149055, 0.473332703114, 0.452708542347, 0.403745293617, 0.343842297792, 0.293211072683], "mean": [-7.3210978508, -8.14604377747, -9.49626731873, -10.2889986038, -10.6056842804, -12.8455705643], "dvar2": [0.158872649074, 0.169014394283, 0.161087930202, 0.149741664529, 0.15333892405, 0.154712229967], "min": [-28.2764911652, -28.0453414917, -27.7466964722, -27.9091682434, -27.4979572296, -27.4159030914]}, "spectral_strongpeak": {"dvar": 0.103436678648, "var": 0.273896664381, "median": 0.701201319695, "max": 4.50389289856, "dmean": 0.247794508934, "dmean2": 0.414212346077, "mean": 0.775069653988, "dvar2": 0.278141081333, "min": 0}, "erbbands_crest": {"dvar": 4.90664052963, "var": 19.7952079773, "median": 15.1173677444, "max": 28.0351581573, "dmean": 2.44033885002, "dmean2": 4.23328304291, "mean": 14.7322702408, "dvar2": 14.6794919968, "min": 2.07612967491}, "barkbands_crest": {"dvar": 3.80818653107, "var": 18.2480697632, "median": 13.6327867508, "max": 25.975522995, "dmean": 2.16917252541, "dmean2": 3.57314682007, "mean": 14.2904596329, "dvar2": 10.764377594, "min": 2.97332453728}, "spectral_energyband_middle_low": {"dvar": 0.000137986949994, "var": 0.000444944540504, "median": 0.0173809677362, "max": 0.18118801713, "dmean": 0.00793627742678, "dmean2": 0.0136632658541, "mean": 0.0226035229862, "dvar2": 0.000382230937248, "min": 1.38548120411e-22}, "spectral_contrast_coeffs": {"dvar": [0.00111652712803, 0.000771596620325, 0.000431033491623, 0.0002975804382, 0.000204224954359, 0.000148840263137], "var": [0.00820115488023, 0.00431081419811, 0.00320141436532, 0.00387469842099, 0.00285900081508, 0.00286999181844], "median": [-0.539644241333, -0.728149175644, -0.839246273041, -0.853096008301, -0.854171037674, -0.825387477875], "max": [-0.277370691299, -0.49627533555, -0.511106729507, -0.579239726067, -0.644241213799, -0.619401693344], "dmean": [0.0397616587579, 0.034815762192, 0.0253471564502, 0.0201482120901, 0.015348572284, 0.0124564897269], "dmean2": [0.0676620230079, 0.0558882988989, 0.0416967645288, 0.0330658890307, 0.0244418606162, 0.0194753818214], "mean": [-0.548207640648, -0.731293916702, -0.831429541111, -0.839125216007, -0.849211812019, -0.824650585651], "dvar2": [0.00326447072439, 0.00204741233028, 0.00111903785728, 0.000758355949074, 0.000474912580103, 0.000330681534251], "min": [-0.989611804485, -0.979661226273, -0.979392945766, -0.975554347038, -0.967170834541, -0.964425981045]}, "hfc": {"dvar": 10.7375011444, "var": 48.9280509949, "median": 5.66179084778, "max": 119.842033386, "dmean": 1.86369276047, "dmean2": 3.04054617882, "mean": 7.11424827576, "dvar2": 22.0030612946, "min": 1.08285181668e-16}, "spectral_energyband_high": {"dvar": 1.35162252946e-07, "var": 3.73055229375e-07, "median": 2.193560249e-06, "max": 0.0178323313594, "dmean": 3.7679070374e-05, "dmean2": 5.06759424752e-05, "mean": 6.09832386544e-05, "dvar2": 2.0669601497e-07, "min": 7.08629313344e-21}, "erbbands_spread": {"dvar": 68.2774353027, "var": 297.348022461, "median": 5.73742818832, "max": 149.223480225, "dmean": 3.54551029205, "dmean2": 5.70733785629, "mean": 12.2268428802, "dvar2": 150.112258911, "min": 0.500331640244}, "dissonance": {"dvar": 0.00114840606693, "var": 0.00718397181481, "median": 0.381667643785, "max": 0.5, "dmean": 0.0362884923816, "dmean2": 0.0608240514994, "mean": 0.363294482231, "dvar2": 0.00309952860698, "min": 0.136580988765}, "spectral_kurtosis": {"dvar": 183.106536865, "var": 2488.10107422, "median": 39.0213775635, "max": 217.093612671, "dmean": 12.6803789139, "dmean2": 21.1147003174, "mean": 58.6650047302, "dvar2": 519.585205078, "min": -1.2594909668}, "spectral_skewness": {"dvar": 0.418902814388, "var": 9.32652187347, "median": 5.10244894028, "max": 13.0218791962, "dmean": 0.689816772938, "dmean2": 1.10230207443, "mean": 5.82965612411, "dvar2": 0.973553955555, "min": -0.213144645095}, "pitch_salience": {"dvar": 0.00274831894785, "var": 0.0108345961198, "median": 0.496505707502, "max": 0.830432236195, "dmean": 0.0549143776298, "dmean2": 0.0902011543512, "mean": 0.491351217031, "dvar2": 0.00774970883504, "min": 0.112654022872}, "spectral_complexity": {"dvar": 1.48769009113, "var": 11.1190099716, "median": 4, "max": 31, "dmean": 0.900562822819, "dmean2": 1.5211558342, "mean": 5.42922782898, "dvar2": 3.4721724987, "min": 0}, "spectral_spread": {"dvar": 517835522048, "var": 25138653298700.0, "median": 1999480.25, "max": 51134264, "dmean": 492064.8125, "dmean2": 812882.1875, "mean": 2853292.5, "dvar2": 1189080727550.0, "min": 505625.5}, "dynamic_complexity": 3.55664372444, "melbands_crest": {"dvar": 5.32628440857, "var": 25.6018867493, "median": 18.6552906036, "max": 32.4624290466, "dmean": 2.58042836189, "dmean2": 4.15602779388, "mean": 19.0689277649, "dvar2": 14.6888780594, "min": 1.4991209507}, "zerocrossingrate": {"dvar": 6.28630441497e-05, "var": 0.00406669639051, "median": 0.00927734375, "max": 0.52392578125, "dmean": 0.00214683427475, "dmean2": 0.00288983341306, "mean": 0.0198554266244, "dvar2": 0.000112049427116, "min": 0.001953125}, "spectral_energyband_low": {"dvar": 3.46510751115e-05, "var": 0.000245602946961, "median": 0.0144634060562, "max": 0.109336130321, "dmean": 0.00473256735131, "dmean2": 0.00664108339697, "mean": 0.018174758181, "dvar2": 7.84686635598e-05, "min": 8.38626274313e-24}, "melbands_kurtosis": {"dvar": 244.375579834, "var": 713.923828125, "median": 10.6948413849, "max": 393.223175049, "dmean": 7.93382072449, "dmean2": 12.7093114853, "mean": 19.6921730042, "dvar2": 603.806518555, "min": -1.39400076866}, "spectral_energyband_middle_high": {"dvar": 1.57773357046e-07, "var": 6.23615619588e-07, "median": 3.25992659782e-05, "max": 0.0204560924321, "dmean": 9.34173731366e-05, "dmean2": 0.000135910071549, "mean": 0.0002719652839, "dvar2": 3.27142231527e-07, "min": 1.04091461146e-21}, "barkbands_spread": {"dvar": 9.82630729675, "var": 53.3451728821, "median": 1.73485004902, "max": 113.221313477, "dmean": 0.883373141289, "dmean2": 1.40350973606, "mean": 3.24847364426, "dvar2": 19.7041168213, "min": 0.125352218747}, "mfcc": {"mean": [-849.789306641, 195.063262939, 72.2680435181, 47.9895973206, 21.4941978455, 18.4602394104, 6.12605571747, -0.134314671159, -4.6081867218, -3.91349935532, -2.22844338417, -3.13781833649, -7.29029226303], "cov": [[13117.0068359, 586.070373535, -2754.04638672, -426.484802246, -956.210876465, 38.4637527466, -16.2782020569, 248.65045166, -62.8824005127, 116.193244934, 378.029846191, 185.773300171, -390.074432373], [586.070373535, 1694.10107422, 537.220825195, 141.581298828, 142.485687256, 53.5428237915, 30.911693573, -40.430606842, -37.977722168, -38.0884170532, -25.8681964874, -29.0392913818, -7.03430175781], [-2754.04638672, 537.220825195, 1316.66333008, 285.617767334, 342.335693359, 69.0663223267, -7.59567737579, -93.2395629883, -0.169068947434, -59.870803833, -123.075164795, -62.6290397644, 81.665473938], [-426.484802246, 141.581298828, 285.617767334, 268.22555542, 138.987426758, 39.0341453552, 30.4142589569, -28.3343276978, -4.58470535278, -16.5716094971, -63.1121559143, -15.6385688782, 47.9721946716], [-956.210876465, 142.485687256, 342.335693359, 138.987426758, 246.084075928, 18.9885845184, -7.8282289505, -24.7882499695, 2.31255722046, -2.87116146088, -47.5898933411, -22.6538925171, 38.2151298523], [38.4637527466, 53.5428237915, 69.0663223267, 39.0341453552, 18.9885845184, 86.2320785522, 26.9827632904, -3.51964950562, 7.60063123703, -8.03853702545, -0.598052799702, -5.839802742, -10.454873085], [-16.2782020569, 30.911693573, -7.59567737579, 30.4142589569,