{"tonal": {"chords_key": "G", "hpcp_entropy": {"dmean": 0.636994183064, "dmean2": 1.07600355148, "max": 4.50708532333, "dvar": 0.27346137166, "mean": 2.27105259895, "dvar2": 0.761845171452, "min": 0, "var": 0.592709362507, "median": 2.30394983292}, "key_key": "C", "chords_strength": {"dmean": 0.00847031548619, "dmean2": 0.00896962266415, "max": 0.739178538322, "dvar": 0.00037782342406, "mean": 0.499552518129, "dvar2": 0.000712447916158, "min": -1, "var": 0.0146627277136, "median": 0.503543198109}, "key_scale": "major", "chords_number_rate": 0.00253004417755, "thpcp": [1, 0.662366092205, 0.302649706602, 0.222658604383, 0.234153971076, 0.387898236513, 0.515430390835, 0.374990046024, 0.21148994565, 0.186651065946, 0.230198666453, 0.399021714926, 0.489703983068, 0.409569442272, 0.454945743084, 0.527601480484, 0.442065477371, 0.31906157732, 0.247469574213, 0.2566626966, 0.535449028015, 0.841111958027, 0.635205447674, 0.294433563948, 0.191474243999, 0.179514318705, 0.273426443338, 0.376756221056, 0.462927401066, 0.609504699707, 0.582759201527, 0.447141289711, 0.436037838459, 0.396423310041, 0.377463877201, 0.731485545635], "key_strength": 0.775885879993, "tuning_nontempered_energy_ratio": 0.751770019531, "tuning_frequency": 441.272583008, "chords_changes_rate": 0.0599304251373, "tuning_diatonic_strength": 0.69879513979, "chords_scale": "major", "chords_histogram": [8.80771636963, 11.0373182297, 37.3972167969, 4.44339036942, 4.07969617844, 0.616698265076, 1.89753317833, 1.43896269798, 3.4788107872, 0, 0.0316255539656, 0, 2.45098042488, 1.72359263897, 0.553447186947, 1.17014551163, 0, 1.21758377552, 0, 4.90196084976, 0.616698265076, 6.48323822021, 5.24984169006, 2.40354204178], "tuning_equal_tempered_deviation": 0.0584639050066, "hpcp": {"dmean": [0.123625062406, 0.104759328067, 0.07502027601, 0.0681846886873, 0.0802070498466, 0.110300756991, 0.123711854219, 0.128423571587, 0.139987707138, 0.139291718602, 0.125595584512, 0.101324804127, 0.0872300714254, 0.0913221761584, 0.139088183641, 0.165667638183, 0.15286321938, 0.0971621796489, 0.0643705353141, 0.0640599355102, 0.0809917524457, 0.0904292613268, 0.120241247118, 0.148207575083, 0.149351403117, 0.150752335787, 0.148107290268, 0.139944821596, 0.131538525224, 0.174963653088, 0.179586663842, 0.154530242085, 0.0984466820955, 0.0762609988451, 0.0798663422465, 0.106824591756], "dmean2": [0.207265198231, 0.179149106145, 0.13009943068, 0.119382672012, 0.140924483538, 0.18750500679, 0.212499812245, 0.220665514469, 0.237617760897, 0.241798356175, 0.214838460088, 0.175640046597, 0.15170237422, 0.158805787563, 0.235038116574, 0.274835586548, 0.256142437458, 0.167913541198, 0.111640378833, 0.111283123493, 0.139149174094, 0.153398275375, 0.204310849309, 0.257546663284, 0.258059829473, 0.262415915728, 0.259974807501, 0.243187814951, 0.229793593287, 0.296934098005, 0.300714224577, 0.262514740229, 0.172297537327, 0.134044781327, 0.139256820083, 0.180259466171], "max": [1, 1, 1, 1, 1, 1, 1, 1, 1, 1, 1, 1, 1, 1, 1, 1, 1, 1, 1, 1, 1, 1, 1, 1, 1, 1, 1, 1, 1, 1, 1, 1, 1, 1, 1, 1], "dvar": [0.0302837137133, 0.0259321797639, 0.0197388380766, 0.0192342605442, 0.0223660394549, 0.0278426222503, 0.0332678556442, 0.0353748053312, 0.0414181984961, 0.0446838624775, 0.0331416092813, 0.0255280006677, 0.0230789165944, 0.0242431890219, 0.0299643352628, 0.0391904450953, 0.0342599712312, 0.021172458306, 0.0151526639238, 0.0147127490491, 0.0193712376058, 0.0223537273705, 0.0260183978826, 0.0409056544304, 0.0423411354423, 0.0452482737601, 0.0463302694261, 0.0385998412967, 0.0339461527765, 0.0414815209806, 0.0466591380537, 0.0366970784962, 0.0260267853737, 0.0202817302197, 0.0218256786466, 0.0244661662728], "mean": [0.209595575929, 0.152486652136, 0.0860006660223, 0.0759001374245, 0.0936084166169, 0.162258937955, 0.199134141207, 0.166548088193, 0.184999987483, 0.214544862509, 0.179762333632, 0.129743799567, 0.10063149035, 0.104369796813, 0.217736005783, 0.34203132987, 0.258301138878, 0.119729012251, 0.077861443162, 0.0729980394244, 0.111186645925, 0.153204858303, 0.188245669007, 0.247850120068, 0.236974298954, 0.181826367974, 0.177311241627, 0.161202311516, 0.153492614627, 0.297452658415, 0.406641870737, 0.269345790148, 0.123070046306, 0.0905423089862, 0.0952168107033, 0.157735660672], "dvar2": [0.0764631032944, 0.0681429728866, 0.0540255792439, 0.0535990893841, 0.061775084585, 0.0736996755004, 0.087117113173, 0.0947364419699, 0.104905195534, 0.115041613579, 0.0849411487579, 0.0682986080647, 0.0632993280888, 0.0668509528041, 0.0807622373104, 0.0941883474588, 0.0898610055447, 0.0571815855801, 0.0421501435339, 0.0401905998588, 0.0529777184129, 0.0573389083147, 0.0710664093494, 0.109090223908, 0.108588941395, 0.122929625213, 0.127845451236, 0.103798933327, 0.091305308044, 0.110536634922, 0.114809565246, 0.096014328301, 0.0707846358418, 0.0568266361952, 0.0604386068881, 0.0638142675161], "min": [0, 0, 0, 0, 0, 0, 0, 0, 0, 0, 0, 0, 0, 0, 0, 0, 0, 0, 0, 0, 0, 0, 0, 0, 0, 0, 0, 0, 0, 0, 0, 0, 0, 0, 0, 0], "var": [0.0680125057697, 0.0420937538147, 0.0211433395743, 0.0194509271532, 0.0225508883595, 0.0463634431362, 0.0679758936167, 0.0471301339567, 0.058060541749, 0.0815054923296, 0.0532903671265, 0.0319711156189, 0.0232957601547, 0.024082891643, 0.0533632710576, 0.104471437633, 0.0675768852234, 0.025474594906, 0.0151575515047, 0.0144751518965, 0.0297785755247, 0.0553492605686, 0.0491897501051, 0.0917795598507, 0.0866475850344, 0.0617535226047, 0.0590285919607, 0.0480637177825, 0.0431288257241, 0.0852137058973, 0.130451232195, 0.0770601630211, 0.0342798084021, 0.0246493872255, 0.0232536774129, 0.0381730571389], "median": [0.10038548708, 0.0678048282862, 0.0312940403819, 0.0277339778841, 0.0398291237652, 0.0718292444944, 0.0864282697439, 0.0764240473509, 0.080638229847, 0.0837373286486, 0.0777275040746, 0.0606828555465, 0.0431228429079, 0.0479336753488, 0.131930977106, 0.212868198752, 0.157782405615, 0.0619160756469, 0.0343290939927, 0.0310953110456, 0.0447342246771, 0.0578816905618, 0.0995137989521, 0.106936961412, 0.0905371308327, 0.0681431144476, 0.0721986889839, 0.0679963007569, 0.0692834332585, 0.18666896224, 0.276854634285, 0.164995282888, 0.0498106181622, 0.0346371792257, 0.0419547110796, 0.0816817730665]}}, "lowlevel": {"melbands_flatness_db": {"dmean": 0.0211326200515, "dmean2": 0.0329304784536, "max": 0.493243575096, "dvar": 0.0004578960652, "mean": 0.15505720675, "dvar2": 0.00106435152702, "min": 0.00310553656891, "var": 0.00292712519877, "median": 0.151876062155}, "melbands_crest": {"dmean": 3.0869679451, "dmean2": 5.06687879562, "max": 32.0543746948, "dvar": 7.55293703079, "mean": 12.7471904755, "dvar2": 19.9122848511, "min": 1.65640854836, "var": 25.6795501709, "median": 12.2631378174}, "spectral_entropy": {"dmean": 0.106875665486, "dmean2": 0.156927660108, "max": 9.82387161255, "dvar": 0.0135131543502, "mean": 7.74640703201, "dvar2": 0.0259715169668, "min": 5.9013299942, "var": 0.0944598913193, "median": 7.75682258606}, "melbands": {"dmean": [0.000247692834819, 0.000879839004483, 0.00081593223149, 0.000317526602885, 0.000124387603137, 0.000121567718452, 0.000145221827552, 0.000125366539578, 9.50029716478e-05, 5.35106992174e-05, 5.42009511264e-05, 4.34533503721e-05, 2.59291518887e-05, 2.43999002123e-05, 1.84225900739e-05, 2.29062352446e-05, 3.79854209314e-05, 3.7549129047e-05, 2.46750714723e-05, 2.84240850306e-05, 2.15658237721e-05, 1.63038439496e-05, 1.5606319721e-05, 9.9112648968e-06, 1.0497016774e-05, 8.25219194667e-06, 7.07836716174e-06, 4.16622242483e-06, 3.28550640916e-06, 3.04752984448e-06, 1.94488734451e-06, 1.47723062582e-06, 1.42631881772e-06, 8.1804319052e-07, 6.49111086659e-07, 5.57711246074e-07, 6.2441222326e-07, 5.26032124526e-07, 5.33100944722e-07, 5.77598768814e-07], "dmean2": [0.000421439617639, 0.00151572865434, 0.00137175782584, 0.000535942846909, 0.00020006239356, 0.000188671794604, 0.000242435446125, 0.000204485666472, 0.000149017738295, 8.54275640449e-05, 8.2250640844e-05, 7.09412925062e-05, 4.23976307502e-05, 3.99513883167e-05, 2.95386453217e-05, 3.70652378479e-05, 6.15422977717e-05, 6.02469444857e-05, 4.00056851504e-05, 4.67509344162e-05, 3.62894243153e-05, 2.72823526757e-05, 2.53137041e-05, 1.63454369613e-05, 1.763138971e-05, 1.36007001856e-05, 1.16097171485e-05, 7.00341297488e-06, 5.45351076653e-06, 5.05537263962e-06, 3.17168360198e-06, 2.36951450461e-06, 2.20900642489e-06, 1.28411659261e-06, 1.00791010027e-06, 8.48253876029e-07, 9.34445779421e-07, 7.61972103192e-07, 7.72648434122e-07, 8.4657096977e-07], "max": [0.0148011241108, 0.0811349451542, 0.03636001423, 0.0129070552066, 0.00544697279111, 0.00410646758974, 0.0109401233494, 0.00650871638209, 0.00814528390765, 0.00311324093491, 0.00388445751742, 0.00857359729707, 0.00206585554406, 0.00181427598, 0.00136343587656, 0.00206441082992, 0.00207659159787, 0.00207085418515, 0.00159533368424, 0.00508769135922, 0.000668394728564, 0.000497403962072, 0.000846267445013, 0.000440678122686, 0.000368440436432, 0.000383082340704, 0.000451560830697, 0.000228870441788, 0.00016525790852, 9.26412758417e-05, 0.000141556680319, 0.000106951978523, 0.000170041472302, 0.00012142356718, 3.68037071894e-05, 4.71093044325e-05, 2.61630102614e-05, 3.46107590303e-05, 5.87793401792e-05, 3.28384085151e-05], "dvar": [5.41156623513e-07, 8.01734404376e-06, 2.75782599601e-06, 5.26591463768e-07, 5.73539082893e-08, 4.51346764407e-08, 1.98663812512e-07, 1.02365646626e-07, 8.42354310748e-08, 1.29444712726e-08, 1.71354326284e-08, 2.44644180469e-08, 3.01599523134e-09, 2.45694420364e-09, 1.55523749434e-09, 3.1622211516e-09, 7.65105312439e-09, 7.06563074715e-09, 2.80621881288e-09, 5.59130786115e-09, 1.35078470631e-09, 6.6224953299e-10, 9.1896668053e-10, 3.04594155454e-10, 3.3356342688e-10, 2.50851922567e-10, 1.56763824144e-10, 5.2321546401e-11, 3.19279221117e-11, 2.05917279755e-11, 1.3048742642e-11, 9.81443225301e-12, 1.64252673962e-11, 5.18655778048e-12, 2.40928739632e-12, 2.11990407867e-12, 2.22290003245e-12, 1.73377078753e-12, 2.17834799678e-12, 2.60973382661e-12], "mean": [0.000352567905793, 0.00131147308275, 0.00123251893092, 0.000447370839538, 0.000247011572355, 0.000267589144642, 0.000209357152926, 0.000191477971384, 0.000163830540259, 9.02846077224e-05, 0.000100853663753, 6.86714047333e-05, 4.20872856921e-05, 4.0472146793e-05, 3.4110606066e-05, 3.93616719521e-05, 6.51514637866e-05, 6.93900001352e-05, 4.60185692646e-05, 5.38216336281e-05, 4.47849524789e-05, 3.4732347558e-05, 3.22826381307e-05, 2.18911482079e-05, 2.33417413256e-05, 1.89251422853e-05, 1.66693516803e-05, 1.05001709017e-05, 8.40200573293e-06, 7.68991503719e-06, 4.86431872559e-06, 3.53475002157e-06, 3.05947401102e-06, 1.75297861915e-06, 1.31863464503e-06, 1.12742122838e-06, 1.07714652131e-06, 8.79039191659e-07, 8.29237933431e-07, 7.9041689105e-07], "dvar2": [1.45910064475e-06, 2.17265715037e-05, 7.33241131456e-06, 1.40426607231e-06, 1.49288183593e-07, 1.05017051055e-07, 5.37188896033e-07, 2.36300436995e-07, 1.94133676246e-07, 3.15069286216e-08, 3.48768978142e-08, 5.83014205802e-08, 7.39717398446e-09, 6.09785422157e-09, 3.36691496905e-09, 7.67785390821e-09, 1.88655988609e-08, 1.67877676205e-08, 6.9927685864e-09, 1.40300970841e-08, 3.61303698071e-09, 1.75605630037e-09, 2.17685758308e-09, 7.99353139236e-10, 8.90045426249e-10, 6.75001610162e-10, 4.01057465016e-10, 1.44497677712e-10, 8.48415573906e-11, 5.38665813343e-11, 3.1769857578e-11, 2.26924850438e-11, 3.42834857725e-11, 1.26031997338e-11, 5.93263676033e-12, 5.3729689968e-12, 4.98145752079e-12, 3.61425342779e-12, 4.62834458259e-12, 5.62561152176e-12], "min": [1.99801664555e-24, 1.18556505218e-24, 7.60254688734e-25, 1.65036485576e-24, 1.33770131509e-24, 1.26374580244e-24, 1.92404653898e-24, 2.16375494123e-24, 2.01495703906e-24, 2.51907465624e-24, 2.36237808704e-24, 1.91026612504e-24, 3.11717104799e-24, 3.38809605677e-24, 4.44160480734e-24, 2.33513201466e-24, 3.10387755845e-24, 2.25995968407e-24, 3.3269163437e-24, 3.56166793846e-24, 3.70629690796e-24, 3.16281394832e-24, 3.94899075431e-24, 3.30889363303e-24, 4.92366626804e-24, 3.3910676958e-24, 4.20026109643e-24, 3.59196808583e-24, 3.74488167256e-24, 5.21133465232e-24, 6.05903314258e-24, 4.87838841309e-24, 5.85302093389e-24, 6.14560707706e-24, 5.99177012864e-24, 4.98104248826e-24, 5.30994068775e-24, 7.02738514729e-24, 7.2039156518e-24, 6.32893716814e-24], "var": [5.95675885506e-07, 1.21882594613e-05, 3.75158424504e-06, 6.13226688984e-07, 1.34088125492e-07, 1.83350536531e-07, 2.18179792455e-07, 1.95731757913e-07, 2.33363408597e-07, 2.60102144267e-08, 5.41152331834e-08, 5.25350287717e-08, 7.24107884764e-09, 4.81770978666e-09, 3.95639609962e-09, 6.61302168581e-09, 1.57229855802e-08, 1.90379996212e-08, 6.53241771786e-09, 1.15315863525e-08, 3.2021081342e-09, 1.6971021255e-09, 2.83511658594e-09, 8.35661817522e-10, 9.49051059962e-10, 7.64864449554e-10, 5.50453238546e-10, 1.91545224126e-10, 1.03744582369e-10, 6.35737087973e-11, 4.23821984452e-11, 3.57732350686e-11, 5.10682017507e-11, 1.3752270156e-11, 5.88480913305e-12, 5.38783254123e-12, 4.76552694875e-12, 3.30599480083e-12, 3.47080263835e-12, 3.59469355324e-12], "median": [0.000127936014906, 0.000497686618473, 0.000626875611488, 0.000211363789276, 0.000118412746815, 0.000117420830065, 7.05842394382e-05, 5.40959081263e-05, 3.50692498614e-05, 3.95736715291e-05, 3.04504101223e-05, 1.76196190296e-05, 1.61829848366e-05, 1.87586138054e-05, 1.67486359715e-05, 1.3334137293e-05, 2.00265349122e-05, 2.68887306447e-05, 2.02717146749e-05, 2.59570515482e-05, 2.68743679044e-05, 2.15839299926e-05, 1.51385938807e-05, 1.22480660139e-05, 1.33053054014e-05, 1.0221757293e-05, 9.17059151107e-06, 6.5362969508e-06, 5.82206666877e-06, 5.74838804823e-06, 3.04112563754e-06, 1.59776755027e-06, 9.70535666056e-07, 6.07345384651e-07, 4.45425200724e-07, 3.1702029446e-07, 2.46146612426e-07, 2.01263901545e-07, 1.91382326875e-07, 1.48142191847e-07]}, "silence_rate_60dB": {"dmean": 0.00585211534053, "dmean2": 0.0117051564157, "max": 1, "dvar": 0.00581756560132, "mean": 0.16716748476, "dvar2": 0.0134664475918, "min": 0, "var": 0.139229133725, "median": 0}, "spectral_energyband_middle_high": {"dmean": 0.00139726058114, "dmean2": 0.00222368747927, "max": 0.063058257103, "dvar": 5.68560426473e-06, "mean": 0.00557163963094, "dvar2": 1.40838928928e-05, "min": 1.05207781368e-21, "var": 3.28295427607e-05, "median": 0.00391089823097}, "erbbands_skewness": {"dmean": 0.280665397644, "dmean2": 0.435660034418, "max": 4.03246307373, "dvar": 0.0675108879805, "mean": -0.307165235281, "dvar2": 0.154389306903, "min": -2.66169404984, "var": 0.365491330624, "median": -0.316484987736}, "dynamic_complexity": 4.97385597229, "dissonance": {"dmean": 0.0104936724529, "dmean2": 0.0178224444389, "max": 0.500000059605, "dvar": 9.9726843473e-05, "mean": 0.47968313098, "dvar2": 0.000272916222457, "min": 0.355015695095, "var": 0.00021907419432, "median": 0.48284471035}, "spectral_skewness": {"dmean": 0.177248775959, "dmean2": 0.288151949644, "max": 3.37363028526, "dvar": 0.0314138494432, "mean": 1.25214004517, "dvar2": 0.0831250473857, "min": -0.38926550746, "var": 0.134488552809, "median": 1.23927366734}, "spectral_kurtosis": {"dmean": 1.33380615711, "dmean2": 2.27569389343, "max": 24.7217407227, "dvar": 2.45763111115, "mean": 4.02572917938, "dvar2": 7.25620651245, "min": -1.24798893929, "var": 5.83413982391, "median": 3.489590168}, "gfcc": {"cov": [[24910.765625, -496.562683105, 484.23538208, 900.855285645, -1068.00341797, 341.912841797, -539.635925293, 670.192565918, -535.840087891, 654.514587402, -179.695373535, 66.0788269043, -229.438430786], [-496.562683105, 1251.17712402, -401.075439453, 153.622894287, 106.371444702, -157.19859314, 110.976837158, -161.082992554, 83.6400222778, -110.009727478, 39.2552604675, -99.4639892578, 79.0899658203], [484.23538208, -401.075439453, 1049.3137207, 36.4573631287, 38.8875808716, 94.6262969971, -77.837890625, 163.801696777, -78.6371078491, 139.752349854, -7.98098945618, 74.8519592285, -43.2501220703], [900.855285645, 153.622894287, 36.4573631287, 351.762481689, -9.1159992218, 18.4277153015, 16.380979538, 3.30503869057, 12.0405683517, 4.59142589569, 18.4516830444, -10.2956562042, 27.9222373962], [-1068.00341797, 106.371444702, 38.8875808716, -9.1159992218, 297.573791504, 76.9831237793, 76.4748001099, 23.5224304199, 38.5285148621, -4.11361837387, 8.36215496063, 4.15467739105, 2.55085778236], [341.912841797, -157.19859314, 94.6262969971, 18.4277153015, 76.9831237793, 268.120758057, 41.0985031128, 115.640274048, 21.6932735443, 36.0340919495, 23.715171814, 17.8220672607, -17.7402896881], [-539.635925293, 110.976837158, -77.837890625, 16.380979538, 76.4748001099, 41.0985031128, 163.115783691, -3.13320112228, 35.9378700256, -34.4388389587, -4.58647489548, -14.693901062, 5.11912345886], [670.192565918, -161.082992554, 163.801696777, 3.30503869057, 23.5224304199, 115.640274048, -3.13320112228, 200.636993408, 18.0302410126, 79.4099960327, 11.4040489197, 29.5489330292, -15.3270454407], [-535.840087891, 83.6400222778, -78.6371078491, 12.0405683517, 38.5285148621, 21.6932735443, 35.9378700256, 18.0302410126, 115.486183167, 3.85772299767, 25.3951454163, -10.0045728683, 9.88278865814], [654.514587402, -110.009727478, 139.752349854, 4.59142589569, -4.11361837387, 36.0340919495, -34.4388389587, 79.4099960327, 3.85772299767, 121.206314087, 27.741689682, 27.9282722473, -11.5305891037], [-179.695373535, 39.2552604675, -7.98098945618, 18.4516830444, 8.36215496063, 23.715171814, -4.58647489548, 11.4040489197, 25.3951454163, 27.741689682, 87.8837203979, 29.9492740631, 14.3219518661], [66.0788269043, -99.4639892578, 74.8519592285, -10.2956562042, 4.15467739105, 17.8220672607, -14.693901062, 29.5489330292, -10.0045728683, 27.9282722473, 29.9492740631, 81.6801147461, 20.5757923126], [-229.438430786, 79.0899658203, -43.2501220703, 27.9222373962, 2.55085778236, -17.7402896881, 5.11912345886, -15.3270454407, 9.88278865814, -11.5305891037, 14.3219518661, 20.5757923126, 73.7889556885]], "mean": [-33.7750740051, 81.9678115845, -139.123153687, 42.6376075745, -49.6477737427, 4.16618871689, -39.6148452759, 5.77299308777, -24.7964935303, 0.503050744534, -22.8212547302, -7.1007475853, -11.7841815948], "icov": [[0.000105311708467, -0.000125776554341, 0.000112472895125, -0.000278279563645, 0.000353180366801, -0.000217554581468, 0.000162156211445, -0.000239611617872, 0.00045949377818, -0.00055813707877, 0.000476519897347, -0.000243005793891, 0.000334473530529], [-0.000125776554341, 0.00159960240126, 7.80048067099e-05, -0.000154140812811, -0.00105136795901, 0.00113772286568, -0.000683121441398, 0.000448022212368, -0.000716036884114, 0.000990937347524, -0.00180456403177, 0.00210108142346, -0.00153610436246], [0.000112472895125, 7.80048067099e-05, 0.00154733401723, -0.000660755671561, -7.61783157941e-05, -0.000164761760971, 0.000487082928885, -0.00081134098582, 0.00130624556914, -0.00153808202595, 0.000951225287281, -0.000953228620347, 0.000849674048368], [-0.000278279563645, -0.000154140812811, -0.000660755671561, 0.00402749935165, -0.00039731853758, -4.94522828376e-06, -0.000669317145366, 0.000664752617013, -0.001184627763, 0.00122912065126, -0.00166046700906, 0.00139082071837, -0.00212913984433], [0.000353180366801, -0.00105136795901, -7.61783157941e-05, -0.00039731853758, 0.00566309783608, -0.00204762490466, -0.000920263642911, -0.000540721055586, 0.00059142743703, -0.00183397810906, 0.00209727487527, -0.00175731314812, 0.00131139426958], [-0.000217554581468, 0.00113772286568, -0.000164761760971, -4.94522828376e-06, -0.00204762490466, 0.00669142697006, -0.00170854164753, -0.00261534214951, -0.000815922452603, 0.00198934483342, -0.00318382075056, 0.00140446447767, -8.93283431651e-05], [0.000162156211445, -0.000683121441398, 0.000487082928885, -0.000669317145366, -0.000920263642911, -0.00170854164753, 0.00868476554751, -0.000541679619346, -0.000933074217755, 0.00109627272468, 0.00192999991123, -0.000714719877578, 0.000802172289696], [-0.000239611617872, 0.000448022212368, -0.00081134098582, 0.000664752617013, -0.000540721055586, -0.00261534214951, -0.000541679619346, 0.00994987227023, -0.00287937233225, -0.00321317953058, 0.000781829177868, -0.000957023818046, -0.000459474365925], [0.00045949377818, -0.000716036884114, 0.00130624556914, -0.001184627763, 0.00059142743703, -0.000815922452603, -0.000933074217755, -0.00287937233225, 0.0135591598228, -0.00318918609992, -0.00138373975642, 0.00165157578886, 0.000153822271386], [-0.00055813707877, 0.000990937347524, -0.00153808202595, 0.00122912065126, -0.00183397810906, 0.00198934483342, 0.00109627272468, -0.00321317953058, -0.00318918609992, 0.0171347297728, -0.00647264905274, 0.000394395989133, -0.000115010720037], [0.000476519897347, -0.00180456403177, 0.000951225287281, -0.00166046700906, 0.00209727487527, -0.00318382075056, 0.00192999991123, 0.000781829177868, -0.00138373975642, -0.00647264905274, 0.0193184800446, -0.00844739377499, 0.00157213420607], [-0.000243005793891, 0.00210108142346, -0.000953228620347, 0.00139082071837, -0.00175731314812, 0.00140446447767, -0.000714719877578, -0.000957023818046, 0.00165157578886, 0.000394395989133, -0.00844739377499, 0.021304089576, -0.00830398872495], [0.000334473530529, -0.00153610436246, 0.000849674048368, -0.00212913984433, 0.00131139426958, -8.93283431651e-05, 0.000802172289696, -0.000459474365925, 0.000153822271386, -0.000115010720037, 0.00157213420607, -0.00830398872495, 0.0192962549627]]}, "spectral_complexity": {"dmean": 3.12676954269, "dmean2": 4.99683666229, "max": 60, "dvar": 10.865111351, "mean": 22.3274555206, "dvar2": 24.3518199921, "min": 0, "var": 179.244491577, "median": 23}, "spectral_flux": {"dmean": 0.0172929912806, "dmean2": 0.0271402206272, "max": 0.338859051466, "dvar": 0.000716239563189, "mean": 0.0683943107724, "dvar2": 0.00156415393576, "min": 6.40619293724e-11, "var": 0.00207127025351, "median": 0.0639917775989}, "spectral_energyband_low": {"dmean": 0.0037820157595, "dmean2": 0.00645176880062, "max": 0.266581326723, "dvar": 0.000104336373624, "mean": 0.00612216815352, "dvar2": 0.000281538144918, "min": 1.14327709839e-23, "var": 0.000158241367899, "median": 0.00307328021154}, "spectral_decrease": {"dmean": 1.7254365714e-09, "dmean2": 2.82450329792e-09, "max": 2.09044993932e-19, "dvar": 1.24999944205e-17, "mean": -4.75645300924e-09, "dvar2": 3.27595551004e-17, "min": -7.1054273576e-08, "var": 2.366505499e-17, "median": -3.91025256619e-09}, "barkbands_spread": {"dmean": 5.60048151016, "dmean2": 8.59765815735, "max": 91.9833145142, "dvar": 33.0123710632, "mean": 29.5865345001, "dvar2": 72.2949829102, "min": 0.804447710514, "var": 138.916168213, "median": 28.8125038147}, "spectral_rms": {"dmean": 0.000615026743617, "dmean2": 0.000971015135292, "max": 0.0162680931389, "dvar": 8.77756747286e-07, "mean": 0.00388279324397, "dvar2": 2.18673926611e-06, "min": 3.14027384825e-12, "var": 4.24840436608e-06, "median": 0.00402861787006}, "spectral_centroid": {"dmean": 238.252090454, "dmean2": 374.105072021, "max": 11474.9560547, "dvar": 64165.1328125, "mean": 1894.17102051, "dvar2": 142050.140625, "min": 166.840240479, "var": 716667.1875, "median": 1851.05932617}, "barkbands_skewness": {"dmean": 0.43326023221, "dmean2": 0.682661890984, "max": 11.1941604614, "dvar": 0.217362865806, "mean": 0.837504804134, "dvar2": 0.521936178207, "min": -3.1951072216, "var": 1.23857057095, "median": 0.757241606712}, "spectral_rolloff": {"dmean": 524.680480957, "dmean2": 851.643493652, "max": 19789.0136719, "dvar": 610541.375, "mean": 2291.77880859, "dvar2": 1333797.375, "min": 107.666015625, "var": 3267822, "median": 2164.08691406}, "erbbands_spread": {"dmean": 6.77954721451, "dmean2": 10.5570306778, "max": 137.614608765, "dvar": 48.9541702271, "mean": 38.2006225586, "dvar2": 108.387298584, "min": 3.17733001709, "var": 295.732025146, "median": 36.7639694214}, "barkbands": {"dmean": [2.60729939328e-05, 0.00114365736954, 0.00228934525512, 0.001765056164, 0.00125298229977, 0.000617547659203, 0.000742049247492, 0.000625154236332, 0.000360475271009, 0.000387100299122, 0.000186286211829, 0.000218103086809, 0.000197483139345, 0.00038441963261, 0.000414506241214, 0.00035249593202, 0.000301377091091, 0.000236747859162, 0.000208238940104, 0.000145815240103, 9.61073528742e-05, 6.61061494611e-05, 3.49247311533e-05, 4.38780880359e-05, 5.81937201787e-05, 3.19738392136e-05, 5.66381550016e-06], "dmean2": [4.2928950279e-05, 0.00193753896747, 0.00394344748929, 0.00297340471298, 0.00211250502616, 0.000960227451287, 0.00124813534785, 0.000984744052403, 0.000569302937947, 0.000609479786362, 0.000305188907078, 0.000355856958777, 0.000319963059155, 0.000618419726379, 0.000674995477311, 0.000580365944188, 0.000504868163262, 0.00038860924542, 0.000343316787621, 0.000240148336161, 0.000155942092533, 0.0001027565595, 5.32546837348e-05, 6.28917041468e-05, 8.25069873827e-05, 4.52730746474e-05, 8.31463421491e-06], "max": [0.00102501932997, 0.0951017215848, 0.240683019161, 0.101301282644, 0.0447912365198, 0.020036701113, 0.0482468344271, 0.0399887003005, 0.0237635541707, 0.0458094067872, 0.013125859201, 0.0159367900342, 0.015675297007, 0.0192675963044, 0.0204539932311, 0.049284722656, 0.0127173811197, 0.00901015847921, 0.0100278416649, 0.00604925910011, 0.00335218943655, 0.00723634427413, 0.00242733489722, 0.00255877943709, 0.00285507552326, 0.00192097888794, 0.000418284063926], "dvar": [3.73179354085e-09, 1.07383702925e-05, 5.44318609172e-05, 1.40523206937e-05, 7.49726677896e-06, 1.05366916614e-06, 4.88012256028e-06, 2.79186042462e-06, 7.05557852143e-07, 1.05090487068e-06, 1.67935226614e-07, 1.90433723901e-07, 2.32323159821e-07, 7.17008219908e-07, 7.52464302423e-07, 6.47313527224e-07, 2.54554265666e-07, 1.6510750811e-07, 1.32864045099e-07, 5.97724181262e-08, 2.19683560232e-08, 2.65040949188e-08, 7.49163753255e-09, 1.12619407133e-08, 2.65242157127e-08, 9.82026548968e-09, 3.96990024187e-10], "mean": [3.80322235287e-05, 0.00168100034352, 0.00321396416984, 0.00236664246768, 0.00187035393901, 0.00135394337121, 0.00102741632145, 0.00101742974948, 0.000597083359025, 0.000673244241625, 0.000291164615192, 0.000361021811841, 0.000330921408022, 0.000672448833939, 0.000772683357354, 0.000715917733032, 0.000640495971311, 0.000525550509337, 0.00052400759887, 0.000395971961552, 0.000286238093395, 0.000168129306985, 8.03418297437e-05, 7.93288418208e-05, 8.0404948676e-05, 3.80124911317e-05, 5.81575022807e-06], "dvar2": [9.25763021797e-09, 2.86174272333e-05, 0.000147594968439, 3.75198760594e-05, 2.0280280296e-05, 2.49249183071e-06, 1.31996512209e-05, 6.27929421171e-06, 1.62657420333e-06, 2.44381158154e-06, 4.05933406e-07, 4.5063237053e-07, 5.4940494465e-07, 1.72426416611e-06, 1.87057867151e-06, 1.6226937305e-06, 6.69608141379e-07, 4.20684614255e-07, 3.51037556356e-07, 1.57656799615e-07, 5.48616974072e-08, 5.47083054414e-08, 1.84217121557e-08, 2.35664554538e-08, 5.54535510844e-08, 2.05928589736e-08, 8.41325231704e-10], "min": [1.18246689958e-24, 1.75332086744e-24, 1.84801454721e-24, 1.50222745203e-25, 9.20317948644e-24, 5.57323484778e-24, 5.8933660416e-24, 7.4142811894e-24, 1.87085605416e-23, 1.01229187267e-23, 1.76899154988e-23, 3.10581859015e-23, 2.87869007386e-23, 2.46093836854e-23, 4.21736651964e-23, 7.72263145557e-23, 6.59971635598e-23, 7.13266068613e-23, 1.14005483825e-22, 1.16637401484e-22, 2.78057994795e-22, 3.01666670557e-22, 4.68549147449e-22, 6.0711654131e-22, 8.69630164496e-22, 1.33656210922e-21, 1.93537746092e-21], "var": [5.5896554052e-09, 1.54939589265e-05, 7.7595221228e-05, 1.6661686459e-05, 9.27961991692e-06, 3.92945685235e-06, 5.57920657229e-06, 7.16570593795e-06, 1.4822413732e-06, 2.67955238087e-06, 3.79301638986e-07, 4.26659454433e-07, 4.83670760332e-07, 1.53865437369e-06, 1.95571146833e-06, 1.46528816458e-06, 6.56462077586e-07, 4.89350895805e-07, 4.84615554797e-07, 2.60779728478e-07, 8.76399610661e-08, 9.94425164436e-08, 2.24308625008e-08, 2.40626931713e-08, 3.73093023143e-08, 1.24573595883e-08, 4.59397103691e-10], "median": [9.06580135052e-06, 0.00054238300072, 0.000999175012112, 0.00108792446554, 0.000920626451261, 0.000656650750898, 0.00030639662873, 0.000221932714339, 0.000244108290644, 0.000195247368538, 0.000106196472188, 0.000160685303854, 0.000123588513816, 0.000237716216361, 0.000303737993818, 0.000397870258894, 0.000390822940972, 0.000280676060356, 0.000301744323224, 0.000243585644057, 0.000215924315853, 7.08674779162e-05, 2.8128750273e-05, 2.04231764656e-05, 1.52739630721e-05, 3.39676716976e-06, 1.69045506482e-07]}, "melbands_kurtosis": {"dmean": 4.21000480652, "dmean2": 6.84511184692, "max": 250.464187622, "dvar": 71.214553833, "mean": 7.39233636856, "dvar2": 182.956665039, "min": -1.71826291084, "var": 165.839797974, "median": 3.38323640823}, "erbbands_crest": {"dmean": 2.16857099533, "dmean2": 3.51156282425, "max": 32.160736084, "dvar": 4.42829799652, "mean": 7.77100658417, "dvar2": 10.7030248642, "min": 2.10554337502, "var": 13.1744155884, "median": 6.81571149826}, "melbands_skewness": {"dmean": 0.600730061531, "dmean2": 0.953691363335, "max": 12.1751565933, "dvar": 0.455780148506, "mean": 2.07424712181, "dvar2": 1.09830653667, "min": -2.18341135979, "var": 2.32550430298, "median": 1.89367794991}, "spectral_energyband_middle_low": {"dmean": 0.00378009676933, "dmean2": 0.00610767863691, "max": 0.135693967342, "dvar": 5.70211705053e-05, "mean": 0.00852516852319, "dvar2": 0.000144736637594, "min": 1.91553274977e-22, "var": 8.82069725776e-05, "median": 0.00671592401341}, "spectral_contrast_coeffs": {"dmean": [0.0491831153631, 0.0434049293399, 0.0364543423057, 0.0293876007199, 0.0194307435304, 0.0195007883012], "dmean2": [0.0821526646614, 0.0713915452361, 0.0595298409462, 0.0483840480447, 0.032152928412, 0.0292717758566], "max": [-0.293745130301, -0.441529273987, -0.473695337772, -0.538621664047, -0.62498408556, -0.499988257885], "dvar": [0.0016489890404, 0.00125708139967, 0.000869689800311, 0.000561715627555, 0.00024437965476, 0.000334619893692], "mean": [-0.621858477592, -0.748021543026, -0.774008333683, -0.769619882107, -0.791870415211, -0.728987395763], "dvar2": [0.00456807017326, 0.00332684931345, 0.00226895674132, 0.00146303500514, 0.000645022490062, 0.000654933101032], "min": [-0.980439543724, -0.976488530636, -0.977479577065, -0.970458984375, -0.964313030243, -0.965688407421], "var": [0.00795375742018, 0.00598728330806, 0.00360730127431, 0.00267142616212, 0.00151782226749, 0.00304263550788], "median": [-0.620412170887, -0.754275858402, -0.778831958771, -0.773125112057, -0.794031620026, -0.72579562664]}, "spectral_contrast_valleys": {"dmean": [0.429125338793, 0.343699067831, 0.293210417032, 0.239042654634, 0.172473430634, 0.306733310223], "dmean2": [0.693781673908, 0.558538079262, 0.479105740786, 0.381631374359, 0.275060504675, 0.396645694971], "max": [-5.3764166832, -4.55670404434, -5.28663063049, -5.55416154861, -5.48985528946, -7.84922552109], "dvar": [0.1617847085, 0.102532364428, 0.0842085108161, 0.0657670944929, 0.05159028247, 0.155893176794], "mean": [-8.07945632935, -7.24388694763, -7.76697301865, -7.76430606842, -7.40307950974, -10.5938301086], "dvar2": [0.365369766951, 0.2312425524, 0.185343295336, 0.132306441665, 0.0960286781192, 0.266266047955], "min": [-28.3348693848, -27.7359981537, -27.7188205719, -27.5686416626, -27.5576705933, -27.4004096985], "var": [4.03655958176, 3.6485042572, 3.26644134521, 3.24071288109, 3.61349034309, 3.73782944679], "median": [-7.54434299469, -6.81020927429, -7.39457130432, -7.35937595367, -6.88571453094, -10.1946697235]}, "silence_rate_20dB": {"dmean": 0, "dmean2": 0, "max": 1, "dvar": 0, "mean": 1, "dvar2": 0, "min": 1, "var": 0, "median": 1}, "silence_rate_30dB": {"dmean": 0.00221431395039, "dmean2": 0.00442897807807, "max": 1, "dvar": 0.00220966991037, "mean": 0.995888054371, "dvar2": 0.00504192430526, "min": 0, "var": 0.00409485585988, "median": 1}, "spectral_strongpeak": {"dmean": 0.479004055262, "dmean2": 0.822319149971, "max": 16.1070289612, "dvar": 0.794369161129, "mean": 0.778046548367, "dvar2": 2.05622410774, "min": 0, "var": 1.13874089718, "median": 0.421508491039}, "spectral_spread": {"dmean": 483629, "dmean2": 658224, "max": 42396508, "dvar": 550097911808, "mean": 4137835.25, "dvar2": 941564755968, "min": 1400981.375, "var": 7450989690880.0, "median": 3722845}, "barkbands_flatness_db": {"dmean": 0.0162726901472, "dmean2": 0.0248362589628, "max": 0.383234024048, "dvar": 0.000256515631918, "mean": 0.106275655329, "dvar2": 0.000564726477023, "min": 0.019192058593, "var": 0.00155802816153, "median": 0.10129070282}, "pitch_salience": {"dmean": 0.0588559098542, "dmean2": 0.0968761742115, "max": 0.86221820116, "dvar": 0.00287317321636, "mean": 0.57383877039, "dvar2": 0.00778331002221, "min": 0.0806305110455, "var": 0.00920973904431, "median": 0.578841209412}, "erbbands_kurtosis": {"dmean": 0.658623039722, "dmean2": 1.05205595493, "max": 21.1074981689, "dvar": 0.667893767357, "mean": 0.138428002596, "dvar2": 1.63180565834, "min": -1.87385547161, "var": 2.29485058784, "median": -0.304965019226}, "average_loudness": 0.170764967799, "barkbands_crest": {"dmean": 1.97408246994, "dmean2": 3.22316074371, "max": 23.9557552338, "dvar": 3.25490570068, "mean": 7.69769954681, "dvar2": 8.44890594482, "min": 2.40423846245, "var": 11.1310930252, "median": 7.00857448578}, "hfc": {"dmean": 4.95998334885, "dmean2": 7.46514606476, "max": 164.714080811, "dvar": 68.3171386719, "mean": 20.4585170746, "dvar2": 154.799285889, "min": 1.08005832849e-16, "var": 336.074890137, "median": 16.4370422363}, "barkbands_kurtosis": {"dmean": 1.4401652813, "dmean2": 2.34188437462, "max": 155.989120483, "dvar": 10.1633615494, "mean": 1.07122278214, "dvar2": 26.271276474, "min": -1.93725407124, "var": 20.852016449, "median": -0.243440389633}, "erbbands": {"dmean": [0.0215167868882, 0.323520690203, 2.14199233055, 4.24283075333, 6.72228050232, 2.58211255074, 3.89386558533, 5.50775671005, 9.28042316437, 11.4460172653, 12.5391359329, 8.41279697418, 10.8249607086, 10.3856096268, 7.17161560059, 9.8753118515, 8.2452878952, 18.2104492188, 22.237071991, 18.1973762512, 17.3114147186, 13.6222543716, 11.4634647369, 11.5452318192, 9.7641658783, 6.14994812012, 4.47496080399, 3.35744357109, 2.42531132698, 1.69188094139, 1.02425646782, 0.930883228779, 0.726087927818, 0.655327320099, 0.411128789186, 0.173522278666, 0.052158176899, 0.0111504355446, 0.00102270732168, 3.03940887534e-05], "dmean2": [0.0370819531381, 0.551530838013, 3.69536471367, 7.15071249008, 11.5074186325, 4.27874994278, 6.24715566635, 8.4862537384, 15.421916008, 18.7826538086, 19.7076530457, 13.4996156693, 16.4323673248, 16.8561973572, 11.7639904022, 16.0809841156, 13.3100004196, 29.3496627808, 35.7142524719, 29.6593990326, 28.8940315247, 22.4154930115, 18.7535152435, 19.2907028198, 15.9869308472, 10.1924104691, 7.38379192352, 5.45229291916, 3.83161020279, 2.58825063705, 1.55736386776, 1.37309193611, 1.03134822845, 0.940783917904, 0.590481042862, 0.246773213148, 0.0744872316718, 0.0159283261746, 0.00150835316163, 4.56328161818e-05], "max": [1.05477845669, 28.909658432, 216.992935181, 221.302383423, 343.68737793, 178.861663818, 198.829162598, 207.692108154, 738.234375, 721.767883301, 1090.17602539, 386.198547363, 788.914794922, 2038.05407715, 488.87097168, 819.468505859, 704.476013184, 1101.40844727, 1264.69042969, 1811.7253418, 1181.35839844, 582.176269531, 398.640258789, 402.746490479, 508.400238037, 332.543121338, 160.712646484, 187.977539063, 223.622085571, 253.85055542, 68.7443695068, 47.2693519592, 54.2936058044, 37.010761261, 25.7086410522, 11.3730230331, 3.24315810204, 0.833896696568, 0.0718411132693, 0.00213144207373], "dvar": [0.00461983727291, 0.880837380886, 52.8812866211, 74.3729171753, 250.598999023, 34.632194519, 56.8126831055, 100.825393677, 776.074645996, 894.291442871, 1401.2220459, 314.066131592, 687.377868652, 1332.04931641, 221.307556152, 383.291931152, 378.482727051, 1703.20849609, 2489.60375977, 1711.13708496, 922.429077148, 469.236602783, 392.43057251, 393.615539551, 348.592376709, 108.020393372, 49.56690979, 31.8259506226, 31.6409816742, 22.6340408325, 6.34456300735, 4.95527362823, 3.49391341209, 3.11744427681, 1.53269970417, 0.282990336418, 0.0267035365105, 0.00131288880948, 1.34102374432e-05, 8.33274960144e-09], "mean": [0.0289590824395, 0.478122353554, 3.1000726223, 6.39249801636, 8.58714008331, 4.30316829681, 7.57950210571, 12.1344919205, 13.80352211, 17.2500972748, 21.7447357178, 14.6107807159, 20.528055191, 17.0439414978, 12.6874761581, 16.9380817413, 15.5915403366, 33.9919281006, 43.3295936584, 36.4826469421, 39.2464065552, 33.3363685608, 27.9721412659, 28.6078853607, 25.595123291, 17.6107444763, 13.3124217987, 9.68730831146, 6.24881839752, 3.90470457077, 2.27009057999, 1.77615725994, 1.24852466583, 0.952927708626, 0.526131570339, 0.212081223726, 0.0604692474008, 0.0124907884747, 0.00103116617538, 4.90157253807e-05], "dvar2": [0.0127074373886, 2.35477495193, 143.72354126, 204.252685547, 665.353393555, 96.3267440796, 142.616729736, 229.674346924, 2084.5012207, 2129.73632813, 3185.37255859, 797.379577637, 1390.12194824, 3161.80615234, 553.859924316, 907.716369629, 889.907226563, 4121.10546875, 5962.20507813, 4268.54150391, 2470.30615234, 1207.58496094, 985.267883301, 1048.67126465, 917.065856934, 287.574615479, 129.278213501, 77.295539856, 68.439491272, 49.3555030823, 15.547041893, 11.2265930176, 7.16220569611, 6.52325725555, 3.30098152161, 0.594107031822, 0.0571963116527, 0.00276448321529, 2.87421353278e-05, 1.81914074915e-08], "min": [1.23158744193e-22, 5.35519071168e-22, 2.65439148563e-21, 1.8812468101e-21, 9.85052152206e-21, 3.57336046951e-20, 3.81685465374e-20, 7.87310313158e-20, 1.33190321637e-19, 1.95741150872e-19, 2.4137996229e-19, 4.52134131087e-19, 4.66032678233e-19, 6.71894047857e-19, 9.67879485255e-19, 1.66086999915e-18, 2.03596280273e-18, 2.10697853307e-18, 2.06204897733e-18, 3.59787294591e-18, 4.30584649243e-18, 4.82653642211e-18, 4.90933347911e-18, 6.4315939604e-18, 5.50487498242e-18, 5.60427148637e-18, 8.18973243797e-18, 1.11606591414e-17, 1.06620528662e-17, 1.28274107049e-17, 1.27436901008e-17, 1.0950436979e-17, 1.07721555688e-17, 9.03815256711e-18, 5.94341677829e-18, 4.75195161423e-18, 2.17114934383e-18, 1.02573580602e-18, 2.64757172075e-19, 2.57823068865e-20], "var": [0.00390868773684, 1.39864563942, 76.7551040649, 108.752876282, 256.385345459, 56.2244491577, 139.04586792, 434.868225098, 935.284179688, 1622.62805176, 4011.32666016, 573.016235352, 2172.84472656, 2852.98535156, 502.913818359, 937.761901855, 836.657348633, 3877.26660156, 6921.45458984, 3893.63208008, 2456.62548828, 1510.49609375, 1304.28686523, 1282.32653809, 1280.70043945, 493.415344238, 200.385498047, 124.236198425, 119.592422485, 70.5044021606, 17.6510124207, 12.0881700516, 6.52947187424, 4.65813398361, 1.95532667637, 0.363006830215, 0.0328925475478, 0.00161463848781, 1.51259628183e-05, 9.70191482708e-09], "median": [0.0111429803073, 0.160333737731, 1.12788653374, 2.82695198059, 3.81544303894, 2.02428674698, 3.46653842926, 4.89722251892, 5.06467151642, 5.08127498627, 4.73782300949, 6.62689304352, 6.65933418274, 5.21210432053, 5.85898971558, 7.89590024948, 6.93541622162, 11.2862472534, 17.4899597168, 17.2348365784, 23.9215774536, 20.9687728882, 15.2271814346, 17.0785903931, 14.6787672043, 11.0808811188, 9.9824886322, 6.74671649933, 2.83887910843, 1.32429528236, 0.750977873802, 0.460863769054, 0.304874479771, 0.196534663439, 0.0826909989119, 0.0250317379832, 0.00440334063023, 0.000707120459992, 3.6656834709e-05, 2.51334386121e-05]}, "spectral_energy": {"dmean": 0.00682161189616, "dmean2": 0.0111188506708, "max": 0.27126711607, "dvar": 0.00018905113393, "mean": 0.0198075845838, "dvar2": 0.000493720755912, "min": 1.01078530485e-20, "var": 0.000376256444724, "median": 0.0166355054826}, "zerocrossingrate": {"dmean": 0.0102273393422, "dmean2": 0.0121248532087, "max": 0.52294921875, "dvar": 0.000157428090461, "mean": 0.080966077745, "dvar2": 0.000218023575144, "min": 0.00634765625, "var": 0.00210588448681, "median": 0.0732421875}, "spectral_energyband_high": {"dmean": 0.000308333314024, "dmean2": 0.000