{"tonal": {"chords_key": "A", "hpcp_entropy": {"dmean": 0.67958766222, "dmean2": 1.13531410694, "max": 4.43021011353, "dvar": 0.312510192394, "mean": 2.2491133213, "dvar2": 0.844999790192, "min": 0, "var": 0.632578253746, "median": 2.27658057213}, "key_key": "A", "chords_strength": {"dmean": 0.011503662914, "dmean2": 0.0128843449056, "max": 0.711942613125, "dvar": 0.000585085654166, "mean": 0.482192963362, "dvar2": 0.00109539565165, "min": -1, "var": 0.0194153804332, "median": 0.494987249374}, "key_scale": "minor", "chords_number_rate": 0.00293685751967, "thpcp": [1, 0.98702698946, 0.568891108036, 0.401736915112, 0.278642445803, 0.279382586479, 0.368314683437, 0.315997928381, 0.222552061081, 0.197151452303, 0.176410734653, 0.21526221931, 0.283863306046, 0.286945402622, 0.427714943886, 0.585451304913, 0.393692165613, 0.186118885875, 0.175602778792, 0.191228181124, 0.333900362253, 0.633961439133, 0.602093398571, 0.32563072443, 0.22658225894, 0.200780302286, 0.224599689245, 0.26686617732, 0.256563484669, 0.278213649988, 0.379296302795, 0.39048820734, 0.345243811607, 0.363054454327, 0.347202241421, 0.505868494511], "key_strength": 0.757453382015, "tuning_nontempered_energy_ratio": 0.844515025616, "tuning_frequency": 436.708374023, "chords_changes_rate": 0.070239841938, "tuning_diatonic_strength": 0.601228654385, "chords_scale": "major", "chords_histogram": [0.391580998898, 9.98531532288, 6.4121389389, 0, 4.25844335556, 2.81448841095, 2.32501220703, 19.8972091675, 19.4322071075, 17.6945667267, 2.30053853989, 9.86294651031, 0, 0, 0.0734214410186, 1.71316695213, 0.244738131762, 0, 0, 0, 0, 0.0489476248622, 2.12922167778, 0.416054815054], "tuning_equal_tempered_deviation": 0.0970450490713, "hpcp": {"dmean": [0.115069493651, 0.102983221412, 0.0726731270552, 0.0698596537113, 0.0784295499325, 0.106558293104, 0.148455798626, 0.150370314717, 0.116536594927, 0.0907248035073, 0.0771205723286, 0.0812014490366, 0.0846193805337, 0.0832989290357, 0.0919560790062, 0.109524391592, 0.115374311805, 0.121186181903, 0.125215575099, 0.133274391294, 0.150760352612, 0.174125447869, 0.178188279271, 0.18901745975, 0.167997941375, 0.117949754, 0.115297570825, 0.149203926325, 0.124461971223, 0.0985257849097, 0.0862085819244, 0.0686071291566, 0.0698534399271, 0.0791030824184, 0.0910843238235, 0.11761161685], "dmean2": [0.199371546507, 0.179406538606, 0.130942106247, 0.127648770809, 0.142891600728, 0.185205459595, 0.252924978733, 0.260096937418, 0.208352386951, 0.165501594543, 0.138956993818, 0.143309086561, 0.14818944037, 0.146302863955, 0.162028819323, 0.191456511617, 0.202826157212, 0.215315461159, 0.225677207112, 0.240166798234, 0.264958828688, 0.297725439072, 0.31071010232, 0.335666775703, 0.301878482103, 0.211924150586, 0.206460833549, 0.273323774338, 0.225307703018, 0.179265424609, 0.156420439482, 0.124049186707, 0.124432072043, 0.137649536133, 0.160865828395, 0.203400328755], "max": [1, 1, 1, 1, 1, 1, 1, 1, 1, 1, 1, 1, 1, 1, 1, 1, 1, 1, 1, 1, 1, 1, 1, 1, 1, 1, 1, 1, 1, 1, 1, 1, 1, 1, 1, 1], "dvar": [0.0476310253143, 0.0323127731681, 0.0238801222295, 0.0262155588716, 0.0265098549426, 0.028581565246, 0.046089373529, 0.0463250055909, 0.0402519777417, 0.034829325974, 0.0272209607065, 0.0272252764553, 0.0283157192171, 0.0276117976755, 0.0293489359319, 0.0421141795814, 0.0479498356581, 0.04738047719, 0.0491067096591, 0.0497461073101, 0.0417018532753, 0.0549762621522, 0.0531369075179, 0.0600585378706, 0.0659700483084, 0.0445713177323, 0.0453268960118, 0.0711449384689, 0.0493511632085, 0.0369495823979, 0.029719537124, 0.0198336131871, 0.0201651025563, 0.022707529366, 0.027369402349, 0.0378315411508], "mean": [0.200861185789, 0.135070964694, 0.063855111599, 0.0602471642196, 0.0656080469489, 0.114557132125, 0.217504411936, 0.206570878625, 0.111719921231, 0.0777375996113, 0.0688852667809, 0.0770574063063, 0.0915585234761, 0.0880237966776, 0.0954516977072, 0.130131915212, 0.133971720934, 0.118448927999, 0.124559536576, 0.119120836258, 0.173557296395, 0.343087762594, 0.338636875153, 0.195179581642, 0.137831017375, 0.0955988168716, 0.0958527475595, 0.126364260912, 0.108415022492, 0.0763548910618, 0.0676402524114, 0.0605243630707, 0.0738538354635, 0.0973900258541, 0.0984474569559, 0.146743759513], "dvar2": [0.11107737571, 0.0875202417374, 0.0666881352663, 0.0732216015458, 0.0753939896822, 0.0766181126237, 0.111783705652, 0.120953053236, 0.112751103938, 0.0956881269813, 0.074294321239, 0.0740459263325, 0.07515001297, 0.0741780623794, 0.0784912258387, 0.107742846012, 0.119175978005, 0.129157423973, 0.127410680056, 0.137023985386, 0.113499060273, 0.127837404609, 0.133408054709, 0.165424540639, 0.179342150688, 0.123895503581, 0.12331224978, 0.196082249284, 0.134312555194, 0.103687137365, 0.0848012641072, 0.0553185157478, 0.0558255910873, 0.0602378100157, 0.0727713555098, 0.102371662855], "min": [0, 0, 0, 0, 0, 0, 0, 0, 0, 0, 0, 0, 0, 0, 0, 0, 0, 0, 0, 0, 0, 0, 0, 0, 0, 0, 0, 0, 0, 0, 0, 0, 0, 0, 0, 0], "var": [0.112756058574, 0.0515901073813, 0.0203437749296, 0.0207068175077, 0.0206504296511, 0.0345272049308, 0.0871833637357, 0.0814029797912, 0.0395001992583, 0.0309038516134, 0.0230136923492, 0.0256872102618, 0.0337959676981, 0.0319145619869, 0.0308723933995, 0.0614174418151, 0.0683641731739, 0.0495994091034, 0.0542744398117, 0.0463701933622, 0.0481051281095, 0.142115443945, 0.132205367088, 0.0661541372538, 0.0613079071045, 0.0388477109373, 0.0390743203461, 0.0619798712432, 0.045624345541, 0.0289571844041, 0.0223235972226, 0.0164105854928, 0.0238223969936, 0.0379233136773, 0.0358361043036, 0.0572247952223], "median": [0.0303093828261, 0.0246581304818, 0.0149985253811, 0.0118672233075, 0.0130693102255, 0.0338694341481, 0.0737597346306, 0.0637909844518, 0.0256987567991, 0.015375200659, 0.0166148245335, 0.0189469903708, 0.0186139978468, 0.0207739211619, 0.027342742309, 0.0249817594886, 0.0209164954722, 0.0243480950594, 0.0246146023273, 0.024975348264, 0.0862604826689, 0.147210717201, 0.158248603344, 0.0906157642603, 0.0241971425712, 0.0163055360317, 0.0148898623884, 0.0180462710559, 0.0174584705383, 0.0135413333774, 0.0137684363872, 0.014904147014, 0.0189923606813, 0.0199316237122, 0.0201579723507, 0.0270387530327]}}, "lowlevel": {"melbands_flatness_db": {"dmean": 0.0388956740499, "dmean2": 0.0572249218822, "max": 0.738165795803, "dvar": 0.00225705443881, "mean": 0.285306513309, "dvar2": 0.00439708679914, "min": 0.00836713705212, "var": 0.0207854025066, "median": 0.24450263381}, "melbands_crest": {"dmean": 3.15774846077, "dmean2": 5.32416439056, "max": 31.7842197418, "dvar": 9.16482162476, "mean": 15.2390756607, "dvar2": 24.883846283, "min": 1.69597697258, "var": 30.9108600616, "median": 14.9617605209}, "spectral_entropy": {"dmean": 0.237559467554, "dmean2": 0.339977353811, "max": 9.79259967804, "dvar": 0.0998166128993, "mean": 7.08474445343, "dvar2": 0.171774417162, "min": 3.83010005951, "var": 0.673795759678, "median": 7.26128101349}, "melbands": {"dmean": [0.0011514457874, 0.00141799333505, 0.000989165040664, 0.000547347997781, 0.000207814329769, 0.000143632511026, 6.77976859151e-05, 8.90655283001e-05, 0.000111305504106, 9.62979247561e-05, 6.19035126874e-05, 5.51139892195e-05, 5.66522430745e-05, 3.24282300426e-05, 4.17610353907e-05, 4.03411213483e-05, 3.10624818667e-05, 2.88617757178e-05, 1.78565805982e-05, 1.66732388607e-05, 1.85972075997e-05, 1.43142588058e-05, 9.86642953649e-06, 6.51339814794e-06, 5.01618114868e-06, 3.4828015032e-06, 5.15740066476e-06, 3.58225861419e-06, 3.5379637211e-06, 2.33312334785e-06, 2.03704985324e-06, 2.10607845474e-06, 1.12594568691e-06, 9.26221957798e-07, 4.94167295528e-07, 2.64844658204e-07, 1.61117299058e-07, 1.11250571422e-07, 7.74184698571e-08, 4.72422989617e-08], "dmean2": [0.00204221252352, 0.00249996944331, 0.00171862565912, 0.000912123941816, 0.000328000576701, 0.00024813003256, 0.000113179325126, 0.000140293297591, 0.000172488333192, 0.00015709552099, 9.75533257588e-05, 8.4855419118e-05, 8.95342527656e-05, 5.07335789734e-05, 6.1038932472e-05, 5.86521127843e-05, 4.76678178529e-05, 4.41935553681e-05, 2.81352113234e-05, 2.65888720605e-05, 2.87928214675e-05, 2.21281370614e-05, 1.56204441737e-05, 1.05693115984e-05, 8.44923033583e-06, 5.85029602007e-06, 8.57360646478e-06, 5.77644959776e-06, 5.71247164771e-06, 3.77114793082e-06, 3.20343747262e-06, 3.31208343596e-06, 1.78481479907e-06, 1.41321993397e-06, 7.88561010268e-07, 4.10010954965e-07, 2.4283303901e-07, 1.64687421034e-07, 1.13954314429e-07, 6.822286025e-08], "max": [0.0255602709949, 0.0330323018134, 0.0202234424651, 0.0107781076804, 0.00811912212521, 0.00924705341458, 0.00823930744082, 0.0103470031172, 0.00806103926152, 0.00891552027315, 0.00338052189909, 0.0029028810095, 0.00529756350443, 0.00372562138364, 0.00357064581476, 0.00272360700183, 0.00254600448534, 0.00111856556032, 0.000913008174393, 0.000756276655011, 0.000724898127373, 0.000924486957956, 0.000642244180199, 0.000340726837749, 0.00015145612997, 0.00022471549164, 0.000358911260264, 0.000186523291632, 0.00022111380531, 0.000129615684273, 0.000115220042062, 0.000156849026098, 5.6942084484e-05, 5.6567525462e-05, 5.47266099602e-05, 1.53444088937e-05, 8.0705694927e-06, 8.07556170912e-06, 7.25565996618e-06, 3.63257890967e-06], "dvar": [8.21705634735e-06, 1.05781291495e-05, 3.32163472194e-06, 1.4513525457e-06, 1.90002282352e-07, 1.02469030594e-07, 3.06389544846e-08, 6.39584456508e-08, 7.5078233408e-08, 7.70295187635e-08, 1.99078478147e-08, 1.62038080731e-08, 2.7558163751e-08, 7.6979800312e-09, 1.25699823883e-08, 1.01570103439e-08, 5.88560711279e-09, 4.2925214494e-09, 1.28525212695e-09, 1.17018861268e-09, 1.32836852629e-09, 9.90204807039e-10, 7.06727565358e-10, 2.20381712879e-10, 1.11768552746e-10, 6.5862794385e-11, 1.65570002153e-10, 5.29326964205e-11, 6.5262732718e-11, 2.76832185647e-11, 2.26971427764e-11, 3.59660114191e-11, 6.79815101781e-12, 5.72093067364e-12, 2.12137187157e-12, 4.03101244875e-13, 1.41842267098e-13, 6.75198964665e-14, 3.37447626265e-14, 1.18486102684e-14], "mean": [0.00160845008213, 0.00250282417983, 0.00148075947072, 0.000702070537955, 0.000298985221889, 0.000176699366421, 9.33798510232e-05, 0.000149381914525, 0.000188881444046, 0.000125972335809, 9.78508542175e-05, 9.05393171706e-05, 9.37378936214e-05, 4.7264747991e-05, 8.38543783175e-05, 7.26071884856e-05, 4.80938833789e-05, 4.40709154645e-05, 2.60198066826e-05, 2.45552691922e-05, 2.85699079541e-05, 2.39451528614e-05, 1.61303105415e-05, 1.00819634099e-05, 7.90731246525e-06, 5.63951653021e-06, 7.91542152001e-06, 6.93831225362e-06, 6.78225478623e-06, 4.14816986449e-06, 4.04776119467e-06, 3.70421525986e-06, 2.27675241149e-06, 1.9593851448e-06, 9.92617401607e-07, 5.33845650352e-07, 3.39915004588e-07, 2.49622132742e-07, 1.71389899606e-07, 1.11929807645e-07], "dvar2": [2.37703607127e-05, 3.06709989673e-05, 8.73657154443e-06, 3.49334663952e-06, 4.4157164325e-07, 2.65849593006e-07, 7.18593113902e-08, 1.40096702239e-07, 1.60809818794e-07, 1.99060238515e-07, 4.50449668676e-08, 3.42613901694e-08, 6.09749974956e-08, 1.82669381843e-08, 2.48509230971e-08, 1.98772731608e-08, 1.26143859802e-08, 9.36426758358e-09, 3.05676683965e-09, 2.80826562005e-09, 3.05706637782e-09, 2.10344142104e-09, 1.66579727789e-09, 5.55575585537e-10, 3.00756003435e-10, 1.82763484902e-10, 4.19542067753e-10, 1.35016817171e-10, 1.71774428015e-10, 7.30161556217e-11, 5.83280368449e-11, 8.91390641855e-11, 1.76418601949e-11, 1.40500779414e-11, 5.62623081804e-12, 9.96193145336e-13, 3.37176304672e-13, 1.62284072357e-13, 7.77673417199e-14, 2.62263236979e-14], "min": [5.867031498e-24, 5.58080396816e-24, 4.03928692897e-24, 9.57456652315e-24, 8.87803232056e-24, 6.90419031745e-24, 1.64688519031e-23, 2.07377048496e-23, 2.39482018898e-24, 2.10845401684e-24, 4.30602998888e-24, 1.44817412595e-23, 9.95386741246e-24, 3.85483547211e-24, 6.21515187117e-24, 1.21017786741e-23, 6.50800267717e-24, 5.44064981215e-24, 8.5923187336e-24, 9.12156867036e-24, 4.11848185853e-24, 1.23572844104e-23, 2.19301075509e-23, 1.77658749153e-23, 1.34412100597e-23, 1.39392810581e-23, 1.27692141644e-23, 1.02247291152e-23, 9.3248628588e-24, 9.20628365411e-24, 1.05914169075e-23, 1.04114446028e-23, 9.54230211213e-24, 1.53917522671e-23, 8.86065134823e-24, 6.32487019574e-24, 8.87305697483e-24, 9.38570612269e-24, 1.19001087502e-23, 1.07980314114e-23], "var": [6.67447466185e-06, 1.01419336715e-05, 3.55402153218e-06, 1.62783283031e-06, 3.1638066389e-07, 1.54319423018e-07, 4.18328234275e-08, 1.33833282234e-07, 1.64896320598e-07, 8.32483806334e-08, 4.4576989211e-08, 4.04928357511e-08, 8.74319354693e-08, 1.26964412317e-08, 5.56206707358e-08, 3.34798571089e-08, 1.349232992e-08, 9.50214307238e-09, 2.2697148605e-09, 1.96182337042e-09, 2.72879341345e-09, 2.68447464258e-09, 1.54732315849e-09, 3.92935323168e-10, 1.93345478516e-10, 9.92175369641e-11, 2.9759378295e-10, 1.35987152095e-10, 1.5636053563e-10, 5.58053672717e-11, 7.07019789936e-11, 8.64251725741e-11, 2.21622338537e-11, 2.1370306566e-11, 5.7831760214e-12, 1.21786099001e-12, 4.28489058471e-13, 2.35967332913e-13, 1.29484191923e-13, 5.00835606169e-14], "median": [0.000907713081688, 0.00178139517084, 0.000978206051514, 0.000272097706329, 0.000106629107904, 4.56070119981e-05, 2.48854739766e-05, 3.87347245123e-05, 4.99236339238e-05, 2.63372076006e-05, 2.48797841778e-05, 1.98951274797e-05, 1.1671518223e-05, 9.85792212305e-06, 1.03440324892e-05, 9.72217458184e-06, 7.57646739658e-06, 6.62104412186e-06, 4.66025085188e-06, 3.99387317884e-06, 4.68503003503e-06, 3.86656392948e-06, 2.75877982858e-06, 2.31124340644e-06, 1.66905670085e-06, 1.15596139949e-06, 1.19664946396e-06, 1.4556142105e-06, 1.33793514578e-06, 7.20699745216e-07, 3.14030046411e-07, 1.75549445203e-07, 1.71433157448e-07, 1.08837653556e-07, 5.90844706494e-08, 2.90164550165e-08, 1.72128551412e-08, 1.29473933796e-08, 7.02604285863e-09, 3.48376527626e-09]}, "silence_rate_60dB": {"dmean": 0.0296241883188, "dmean2": 0.0592556335032, "max": 1, "dvar": 0.0287525039166, "mean": 0.140758872032, "dvar2": 0.0594158768654, "min": 0, "var": 0.120960712433, "median": 0}, "spectral_energyband_middle_high": {"dmean": 0.00186739943456, "dmean2": 0.00277670589276, "max": 0.0489983446896, "dvar": 9.78611933533e-06, "mean": 0.0047851158306, "dvar2": 2.17012002395e-05, "min": 1.69172723116e-21, "var": 4.36666268797e-05, "median": 0.00161718344316}, "erbbands_skewness": {"dmean": 0.477289199829, "dmean2": 0.706030130386, "max": 8.64458465576, "dvar": 0.326234847307, "mean": 0.57661730051, "dvar2": 0.605664253235, "min": -3.43253779411, "var": 1.71027040482, "median": 0.318158268929}, "dynamic_complexity": 4.7057056427, "dissonance": {"dmean": 0.0196927282959, "dmean2": 0.0323488265276, "max": 0.500000059605, "dvar": 0.000417778355768, "mean": 0.461778908968, "dvar2": 0.00108940794598, "min": 0.238990560174, "var": 0.000945961277466, "median": 0.469702869654}, "spectral_skewness": {"dmean": 0.450845271349, "dmean2": 0.717701911926, "max": 9.63158226013, "dvar": 0.418326765299, "mean": 1.95494282246, "dvar2": 0.887169957161, "min": -0.122000619769, "var": 1.72475636005, "median": 1.49436068535}, "spectral_kurtosis": {"dmean": 4.70922040939, "dmean2": 7.80349588394, "max": 134.57585144, "dvar": 69.3995285034, "mean": 10.0247125626, "dvar2": 154.20954895, "min": -1.14702105522, "var": 205.665023804, "median": 4.58284330368}, "gfcc": {"cov": [[26808.0917969, -784.626098633, -3930.07617188, 958.809753418, -2755.16650391, 816.076049805, -598.404724121, 40.7150802612, -669.620910645, 526.938842773, -415.038818359, 258.368774414, -488.184112549], [-784.626098633, 2297.9621582, 698.833251953, -92.9337158203, 499.680236816, -115.096595764, 251.868499756, -88.8854217529, 171.5753479, -219.596359253, 145.722854614, -196.703582764, 164.795562744], [-3930.07617188, 698.833251953, 2242.6003418, 109.21018219, 495.626922607, 60.2936058044, 97.2766952515, 51.8560256958, 180.365524292, -111.070663452, -11.3241481781, 12.6613645554, 73.1395111084], [958.809753418, -92.9337158203, 109.21018219, 459.442474365, -32.3375778198, 57.4475975037, 18.6706027985, 49.1487922668, 69.4416656494, 23.6999645233, -15.9529876709, -8.74904823303, -3.51159596443], [-2755.16650391, 499.680236816, 495.626922607, -32.3375778198, 737.825073242, 7.18799543381, 180.95866394, 17.7722492218, 150.85105896, -72.555519104, 79.870010376, -59.9088287354, 78.4221343994], [816.076049805, -115.096595764, 60.2936058044, 57.4475975037, 7.18799543381, 272.149353027, 65.8133163452, 1.90880024433, -28.3628978729, 46.5274162292, 20.9120025635, 18.6895923615, -34.6853942871], [-598.404724121, 251.868499756, 97.2766952515, 18.6706027985, 180.95866394, 65.8133163452, 304.773468018, 16.7153282166, 44.1657295227, -12.9377727509, 96.8944702148, -57.6589508057, 7.00969600677], [40.7150802612, -88.8854217529, 51.8560256958, 49.1487922668, 17.7722492218, 1.90880024433, 16.7153282166, 112.920181274, 52.3300094604, 11.4224357605, -22.7699375153, 22.1610069275, 3.91827845573], [-669.620910645, 171.5753479, 180.365524292, 69.4416656494, 150.85105896, -28.3628978729, 44.1657295227, 52.3300094604, 153.554290771, -16.2692070007, 13.7346525192, -26.7355060577, 48.7386016846], [526.938842773, -219.596359253, -111.070663452, 23.6999645233, -72.555519104, 46.5274162292, -12.9377727509, 11.4224357605, -16.2692070007, 101.480102539, 9.94664382935, 26.6384315491, -34.2732162476], [-415.038818359, 145.722854614, -11.3241481781, -15.9529876709, 79.870010376, 20.9120025635, 96.8944702148, -22.7699375153, 13.7346525192, 9.94664382935, 109.338150024, -15.1389274597, 15.3790550232], [258.368774414, -196.703582764, 12.6613645554, -8.74904823303, -59.9088287354, 18.6895923615, -57.6589508057, 22.1610069275, -26.7355060577, 26.6384315491, -15.1389274597, 89.7609863281, -0.296149045229], [-488.184112549, 164.795562744, 73.1395111084, -3.51159596443, 78.4221343994, -34.6853942871, 7.00969600677, 3.91827845573, 48.7386016846, -34.2732162476, 15.3790550232, -0.296149045229, 77.4814987183]], "mean": [-92.1283874512, 135.185943604, -117.022544861, 43.0782432556, -41.9142608643, 9.4454498291, -21.2774543762, -0.778225958347, -15.2167034149, -7.47845745087, -17.1152648926, -10.7970199585, -6.42634773254], "icov": [[0.000255317630945, -0.000539204280358, 0.000477815861814, -0.000559346342925, 0.000610020419117, -0.000822286529001, 7.91030179244e-05, -0.000228230506764, 0.000156731286552, -0.000566226022784, 0.00104488781653, -0.000959545897786, 0.000737848517019], [-0.000539204280358, 0.00199427828193, -0.00120762048755, 0.00132996554021, -0.00130493356846, 0.00181827554479, -0.000295113393804, 0.000821752648335, -0.00048709087423, 0.00207725400105, -0.00291381124407, 0.00331908231601, -0.00250257318839], [0.000477815861814, -0.00120762048755, 0.00154529290739, -0.00118775421288, 0.000819197040983, -0.00175723212305, 7.83285358921e-05, -0.000253023084952, -0.000274112506304, -0.000618385267444, 0.00246680225246, -0.00280603161082, 0.00185497617349], [-0.000559346342925, 0.00132996554021, -0.00118775421288, 0.00389760313556, -0.000863705237862, 0.00115544791333, -0.000271390861599, 0.00013542753004, -0.00191223341972, 0.000976144510787, -0.00200059544295, 0.00284520722926, -0.00160335435066], [0.000610020419117, -0.00130493356846, 0.000819197040983, -0.000863705237862, 0.00379907013848, -0.00223835930228, -0.000493312778417, -0.000386549072573, -0.00125519302674, -0.000659838085994, 0.00181512068957, -0.00190316920634, 0.00115365628153], [-0.000822286529001, 0.00181827554479, -0.00175723212305, 0.00115544791333, -0.00223835930228, 0.00750165991485, -0.00162875070237, 0.00120647496078, 0.000617983110715, 0.000111735433165, -0.00330437486991, 0.0019012526609, -0.00130320934113], [7.91030179244e-05, -0.000295113393804, 7.83285358921e-05, -0.000271390861599, -0.000493312778417, -0.00162875070237, 0.00664059258997, -0.00323920836672, 0.000790562306065, 0.000924920022953, -0.00514271808788, 0.00326132378541, 0.00131811748724], [-0.000228230506764, 0.000821752648335, -0.000253023084952, 0.00013542753004, -0.000386549072573, 0.00120647496078, -0.00323920836672, 0.0151894241571, -0.00690420111641, -0.000138334158692, 0.00415067188442, -0.00514559680596, 0.000953712442424], [0.000156731286552, -0.00048709087423, -0.000274112506304, -0.00191223341972, -0.00125519302674, 0.000617983110715, 0.000790562306065, -0.00690420111641, 0.0151114119217, -0.00314986472949, -0.000377828488126, 0.00492934603244, -0.0067847953178], [-0.000566226022784, 0.00207725400105, -0.000618385267444, 0.000976144510787, -0.000659838085994, 0.000111735433165, 0.000924920022953, -0.000138334158692, -0.00314986472949, 0.0180390942842, -0.0072660157457, -0.000972736801486, 0.00468274019659], [0.00104488781653, -0.00291381124407, 0.00246680225246, -0.00200059544295, 0.00181512068957, -0.00330437486991, -0.00514271808788, 0.00415067188442, -0.000377828488126, -0.0072660157457, 0.0214623957872, -0.00670095765963, 3.8593156205e-05], [-0.000959545897786, 0.00331908231601, -0.00280603161082, 0.00284520722926, -0.00190316920634, 0.0019012526609, 0.00326132378541, -0.00514559680596, 0.00492934603244, -0.000972736801486, -0.00670095765963, 0.0241432692856, -0.0096935229376], [0.000737848517019, -0.00250257318839, 0.00185497617349, -0.00160335435066, 0.00115365628153, -0.00130320934113, 0.00131811748724, 0.000953712442424, -0.0067847953178, 0.00468274019659, 3.8593156205e-05, -0.0096935229376, 0.0254302676767]]}, "spectral_complexity": {"dmean": 4.02668619156, "dmean2": 5.97306585312, "max": 57, "dvar": 29.9417152405, "mean": 15.4432067871, "dvar2": 58.0788612366, "min": 0, "var": 155.958267212, "median": 12}, "spectral_flux": {"dmean": 0.0279652420431, "dmean2": 0.0440563596785, "max": 0.33388543129, "dvar": 0.00146122812293, "mean": 0.0765412077308, "dvar2": 0.00314658554271, "min": 1.03563997655e-10, "var": 0.0034289797768, "median": 0.0633201748133}, "spectral_energyband_low": {"dmean": 0.00646982900798, "dmean2": 0.0114478431642, "max": 0.144848495722, "dvar": 0.000213341714698, "mean": 0.0120649673045, "dvar2": 0.000610910821706, "min": 4.1908314476e-23, "var": 0.000206359822187, "median": 0.0102241635323}, "spectral_decrease": {"dmean": 2.7073383535e-09, "dmean2": 4.59773463746e-09, "max": 4.71482573002e-16, "dvar": 2.11941705473e-17, "mean": -6.39074526632e-09, "dvar2": 5.56912648466e-17, "min": -3.95346084758e-08, "var": 3.04446339079e-17, "median": -5.66535929281e-09}, "barkbands_spread": {"dmean": 4.43827962875, "dmean2": 7.07289123535, "max": 147.978408813, "dvar": 30.9309902191, "mean": 15.6065673828, "dvar2": 71.9229660034, "min": 0.165102213621, "var": 173.638412476, "median": 13.3842067719}, "spectral_rms": {"dmean": 0.000897031102795, "dmean2": 0.00146473944187, "max": 0.0121301887557, "dvar": 1.66138295299e-06, "mean": 0.00445279246196, "dvar2": 4.06974277212e-06, "min": 3.23479589469e-12, "var": 5.02459761265e-06, "median": 0.00464423140511}, "spectral_centroid": {"dmean": 229.69883728, "dmean2": 363.169311523, "max": 10549.1464844, "dvar": 79520.515625, "mean": 1084.6875, "dvar2": 181530.734375, "min": 101.668762207, "var": 658043.125, "median": 972.102966309}, "barkbands_skewness": {"dmean": 0.783792257309, "dmean2": 1.27755641937, "max": 23.3992881775, "dvar": 0.817500710487, "mean": 2.07016992569, "dvar2": 2.14480829239, "min": -13.7414398193, "var": 6.4407453537, "median": 1.76828122139}, "spectral_rolloff": {"dmean": 309.585479736, "dmean2": 525.74609375, "max": 19939.7460938, "dvar": 292683.59375, "mean": 1215.29162598, "dvar2": 662324.4375, "min": 86.1328125, "var": 4374012.5, "median": 678.295898438}, "erbbands_spread": {"dmean": 7.41207408905, "dmean2": 11.608839035, "max": 169.903137207, "dvar": 68.0208129883, "mean": 32.4556617737, "dvar2": 155.517684937, "min": 1.24224078655, "var": 301.191833496, "median": 31.5298042297}, "barkbands": {"dmean": [7.16617651051e-05, 0.00485758949071, 0.00199303263798, 0.00228951615281, 0.00224928092211, 0.000740333402064, 0.000338388461387, 0.000560215557925, 0.000648839748465, 0.0004186531296, 0.00040825776523, 0.000310696748784, 0.000417268340243, 0.000354600459104, 0.000252585450653, 0.0002582379675, 0.000227757962421, 0.000142532662721, 0.000100181947346, 0.000128028143081, 9.4183938927e-05, 7.35520006856e-05, 3.02603384625e-05, 1.01823070509e-05, 4.07277866543e-06, 2.06015715776e-06, 3.63764087297e-07], "dmean2": [0.000117887335364, 0.00859737582505, 0.00351719581522, 0.00398054067045, 0.00373738072813, 0.00124890741426, 0.000554061378352, 0.000877103884704, 0.00104432867374, 0.00064566853689, 0.000649598892778, 0.000477944908198, 0.000606855028309, 0.000548411742784, 0.000395246432163, 0.000406847451814, 0.000353650480974, 0.000229447658057, 0.000168636091985, 0.000206652111956, 0.000151046086103, 0.000112469730084, 4.58384092781e-05, 1.47863520397e-05, 5.66814878766e-06, 2.8608374123e-06, 5.29127305526e-07], "max": [0.0023005772382, 0.118130862713, 0.0491556152701, 0.0494436770678, 0.0476602427661, 0.0408269539475, 0.0407248102129, 0.0655364468694, 0.046616666019, 0.0217209924012, 0.0320414081216, 0.0284130312502, 0.0304231438786, 0.0198164172471, 0.0153993843123, 0.00913971941918, 0.0115659171715, 0.00770117389038, 0.00379192922264, 0.00645179254934, 0.00513876229525, 0.00512830726802, 0.00275457766838, 0.000626775727142, 0.000315988843795, 0.000241486166487, 0.00010799185111], "dvar": [2.7303920902e-08, 0.000142036791658, 1.67600028362e-05, 1.86722627404e-05, 2.4681998184e-05, 2.58675117948e-06, 8.13172960079e-07, 2.64489540314e-06, 2.8018807825e-06, 9.11340293897e-07, 1.33018329507e-06, 6.70927533974e-07, 1.12642783279e-06, 6.45614250061e-07, 2.74870188832e-07, 2.65504525032e-07, 2.38266494534e-07, 1.21652419693e-07, 4.72494505743e-08, 7.30391178649e-08, 4.37607710069e-08, 3.53147058263e-08, 6.62346133495e-09, 5.56487633752e-10, 9.00690633188e-11, 6.96569468772e-11, 4.1455489215e-12], "mean": [8.88471186045e-05, 0.00696067372337, 0.00377070135437, 0.00311561021954, 0.0027910056524, 0.000974862137809, 0.000491883896757, 0.000925635336898, 0.000910479866434, 0.0006864547031, 0.000658023054712, 0.000473325198982, 0.000819632317871, 0.000567221140955, 0.000373719725758, 0.000388073356589, 0.000380711600883, 0.000222859613132, 0.000165697914781, 0.000258201092947, 0.000185879922356, 0.00015524715127, 6.97208815836e-05, 2.43824670179e-05, 1.03334177766e-05, 3.72864064957e-06, 4.59577279344e-07], "dvar2": [6.93207482527e-08, 0.000409190746723, 4.84914489789e-05, 4.9358994147e-05, 5.90711133555e-05, 6.44751708023e-06, 1.83593988368e-06, 5.55682845516e-06, 7.11821485311e-06, 1.95492725652e-06, 3.02962826026e-06, 1.49792890625e-06, 2.18550235331e-06, 1.43126499097e-06, 6.37418281713e-07, 6.15223257228e-07, 5.29514807113e-07, 2.91297311605e-07, 1.28937458044e-07, 1.82936062743e-07, 1.14355131586e-07, 8.74716263866e-08, 1.62934465919e-08, 1.25945975871e-09, 1.87961965437e-10, 1.4835314921e-10, 8.43881648588e-12], "min": [1.39307455831e-23, 1.61314119177e-23, 1.19702826609e-23, 7.36479042279e-24, 3.5236416085e-23, 4.20742371679e-23, 1.34904756854e-22, 1.46675464017e-23, 1.43693506686e-23, 7.53874166768e-23, 7.65666753777e-23, 3.14748117445e-23, 1.34065358364e-22, 3.34436223928e-23, 1.11157393035e-22, 9.5637299409e-23, 1.92058562475e-22, 4.66601405698e-22, 3.40366974876e-22, 3.09908436859e-22, 4.40659216269e-22, 4.96531167095e-22, 6.32491811115e-22, 7.50314813742e-22, 1.22364761372e-21, 2.07242973697e-21, 1.91271137927e-21], "var": [3.81639111424e-08, 0.000117636336654, 2.74728281511e-05, 2.08730107261e-05, 2.81473785435e-05, 4.24002519139e-06, 1.21158552702e-06, 5.75040758122e-06, 3.64460311175e-06, 2.4106032015e-06, 4.02624937124e-06, 1.51297979301e-06, 4.9343216233e-06, 1.55604357133e-06, 4.87887405143e-07, 4.94835887821e-07, 6.2342843421e-07, 2.22628017355e-07, 7.92660657112e-08, 2.21751704998e-07, 1.04437340553e-07, 1.18503884039e-07, 2.6494662464e-08, 2.16009299336e-09, 4.42075376306e-10, 1.20033746831e-10, 5.94019928732e-12], "median": [1.22764877233e-05, 0.00395791232586, 0.00162321596872, 0.00140878977254, 0.000951951835304, 0.000263431342319, 0.000139672280056, 0.00021185472724, 0.000196601526113, 0.000151131825987, 6.95277267369e-05, 8.77450729604e-05, 9.59057215368e-05, 8.61844746396e-05, 6.64866747684e-05, 6.52350354358e-05, 6.78831711411e-05, 5.16303771292e-05, 3.44092113664e-05, 4.638945029e-05, 3.63089347957e-05, 9.33340925258e-06, 3.84949680665e-06, 1.24200209939e-06, 3.29548356603e-07, 9.93756117396e-08, 3.82075082683e-09]}, "melbands_kurtosis": {"dmean": 11.8869285583, "dmean2": 19.821264267, "max": 640.356567383, "dvar": 413.307098389, "mean": 25.0426368713, "dvar2": 1057.6105957, "min": -1.74862515926, "var": 1641.42150879, "median": 11.9029445648}, "erbbands_crest": {"dmean": 2.37980628014, "dmean2": 3.76636576653, "max": 32.3669967651, "dvar": 5.66818761826, "mean": 9.19489955902, "dvar2": 12.5851621628, "min": 2.42119812965, "var": 22.6703243256, "median": 8.03232383728}, "melbands_skewness": {"dmean": 0.923409759998, "dmean2": 1.51002120972, "max": 19.5603733063, "dvar": 1.0846914053, "mean": 3.00107312202, "dvar2": 2.89386224747, "min": -1.59273767471, "var": 4.33122396469, "median": 2.75494599342}, "spectral_energyband_middle_low": {"dmean": 0.00528120854869, "dmean2": 0.00864923000336, "max": 0.0907121226192, "dvar": 0.00010818924784, "mean": 0.00936626736075, "dvar2": 0.000257501960732, "min": 2.58548442245e-22, "var": 0.000145805242937, "median": 0.00572952441871}, "spectral_contrast_coeffs": {"dmean": [0.0518639534712, 0.0452730879188, 0.0378353074193, 0.0303105898201, 0.0252033919096, 0.019848100841], "dmean2": [0.0867736190557, 0.0735395550728, 0.060895819217, 0.0468080118299, 0.0390134900808, 0.0304096750915], "max": [-0.280088484287, -0.393408894539, -0.464637547731, -0.4389526546, -0.563093721867, -0.5815538764], "dvar": [0.00227019167505, 0.00143914134242, 0.00105114013422, 0.000824365939479, 0.000594216340687, 0.000493190484121], "mean": [-0.637061476707, -0.767289817333, -0.791203379631, -0.797636568546, -0.800842285156, -0.745925366879], "dvar2": [0.00580612104386, 0.00357146421447, 0.00246213935316, 0.00165256881155, 0.00122531794477, 0.00099297624547], "min": [-0.950078725815, -0.965829372406, -0.963714897633, -0.958816587925, -0.961928486824, -0.959097623825], "var": [0.00651432434097, 0.00692841922864, 0.00579566601664, 0.00695170555264, 0.00435955123976, 0.00363312941045], "median": [-0.640791296959, -0.783292293549, -0.806306123734, -0.822402834892, -0.812121629715, -0.736808598042]}, "spectral_contrast_valleys": {"dmean": [0.390368312597, 0.42637822032, 0.473606675863, 0.518245816231, 0.405433773994, 0.313929498196], "dmean2": [0.642416775227, 0.663037419319, 0.682121217251, 0.689645051956, 0.54858058691, 0.387245982885], "max": [-5.07379293442, -4.78972530365, -5.0333313942, -5.64958906174, -5.61589336395, -8.50211715698], "dvar": [0.135582208633, 0.211702421308, 0.287072360516, 0.357063084841, 0.308599382639, 0.230552494526], "mean": [-7.47683143616, -7.32773828506, -7.92380142212, -8.3484287262, -8.4238653183, -11.6105833054], "dvar2": [0.322635710239, 0.398165464401, 0.482796043158, 0.527337193489, 0.521194815636, 0.357661724091], "min": [-27.630777359, -27.2767562866, -26.849193573, -27.3030757904, -27.2240791321, -27.246421814], "var": [3.052516222, 2.78631448746, 2.97458696365, 2.9266204834, 3.02169585228, 3.05026340485], "median": [-6.97876119614, -7.04874992371, -7.61680984497, -8.04384231567, -8.17043018341, -11.7162513733]}, "silence_rate_20dB": {"dmean": 0, "dmean2": 0, "max": 1, "dvar": 0, "mean": 1, "dvar2": 0, "min": 1, "var": 0, "median": 1}, "silence_rate_30dB": {"dmean": 0, "dmean2": 0, "max": 1, "dvar": 0, "mean": 1, "dvar2": 0, "min": 1, "var": 0, "median": 1}, "spectral_strongpeak": {"dmean": 0.418964087963, "dmean2": 0.710846662521, "max": 9.6197977066, "dvar": 0.681829035282, "mean": 0.752556324005, "dvar2": 1.68949377537, "min": 0, "var": 1.29139244556, "median": 0.389365673065}, "spectral_spread": {"dmean": 385956.3125, "dmean2": 565427.0625, "max": 40421060, "dvar": 306341445632, "mean": 3412381, "dvar2": 533855830016, "min": 735327.1875, "var": 2857907519490.0, "median": 3211038.75}, "barkbands_flatness_db": {"dmean": 0.0317839719355, "dmean2": 0.0469183400273, "max": 0.577556431293, "dvar": 0.00144499307498, "mean": 0.214931964874, "dvar2": 0.00284489127807, "min": 0.0439153425395, "var": 0.012477026321, "median": 0.191890075803}, "pitch_salience": {"dmean": 0.0808670446277, "dmean2": 0.134192183614, "max": 0.930186033249, "dvar": 0.0064029796049, "mean": 0.528586268425, "dvar2": 0.0173765067011, "min": 0.089049294591, "var": 0.0218555498868, "median": 0.539681613445}, "erbbands_kurtosis": {"dmean": 1.58884644508, "dmean2": 2.40364789963, "max": 121.773452759, "dvar": 10.2568912506, "mean": 2.22575855255, "dvar2": 19.2234458923, "min": -1.85510623455, "var": 42.9559860229, "median": 0.22468817234}, "average_loudness": 0.777172803879, "barkbands_crest": {"dmean": 2.74143791199, "dmean2": 4.60278558731, "max": 26.1909542084, "dvar": 7.74876117706, "mean": 11.7284097672, "dvar2": 21.0156955719, "min": 2.61999058723, "var": 26.7585468292, "median": 10.6897621155}, "hfc": {"dmean": 4.85644102097, "dmean2": 7.09639835358, "max": 93.5051574707, "dvar": 65.3749694824, "mean": 14.9190597534, "dvar2": 146.285171509, "min": 1.1923743679e-16, "var": 282.541656494, "median": 7.47996807098}, "barkbands_kurtosis": {"dmean": 7.30429601669, "dmean2": 12.0119752884, "max": 808.736816406, "dvar": 189.377258301, "mean": 17.7206287384, "dvar2": 475.504608154, "min": -1.86133229733, "var": 2389.60620117, "median": 3.79091382027}, "erbbands": {"dmean": [0.101181201637, 1.22707617283, 2.5163705349, 4.27998399734, 10.5872211456, 6.03923940659, 5.40703630447, 6.62490940094, 4.49101400375, 7.1428809166, 13.2274103165, 15.9714622498, 12.2460384369, 13.1330070496, 14.5444860458, 12.7711420059, 18.4742145538, 15.9540119171, 15.3829908371, 12.8707704544, 14.8951587677, 12.3131389618, 8.40241241455, 5.7324256897, 5.78613090515, 4.96992540359, 4.86994934082, 3.26741552353, 2.77280235291, 1.62812507153, 0.722456812859, 0.289191156626, 0.137496724725, 0.0603532008827, 0.0208117179573, 0.00834372173995, 0.00416738493368, 0.000943265215028, 5.3567076975e-05, 1.24188109112e-05], "dmean2": [0.180126383901, 2.16840410233, 4.45328521729, 7.46222686768, 18.2017173767, 9.66160964966, 8.57069778442, 11.5559082031, 7.5624165535, 11.323343277, 20.5742168427, 25.956287384, 19.2916946411, 20.2204017639, 22.9827747345, 19.3612575531, 26.7176322937, 24.3390102386, 23.4871063232, 20.345708847, 23.0711517334, 19.0281200409, 13.3888139725, 9.58024597168, 9.65765666962, 7.98882818222, 7.84353923798, 5.10031509399, 4.28072977066, 2.47583532333, 1.12665998936, 0.43121188879, 0.197563707829, 0.0849125608802, 0.0291814077646, 0.0117518892512, 0.00592694384977, 0.00134623830672, 7.78815810918e-05, 2.04875432246e-05], "max": [2.17412590981, 31.0964660645, 62.1196746826, 137.528427124, 199.325744629, 238.784729004, 285.881256104, 462.254852295, 473.140533447, 617.908935547, 1085.59338379, 1423.08508301, 664.754821777, 695.174255371, 1416.6081543, 1133.60913086, 1629.82019043, 1172.2734375, 776.128112793, 358.636322021, 536.006835938, 764.908569336, 501.959838867, 149.557662964, 290.437438965, 234.434661865, 315.878234863, 144.287155151, 178.55291748, 104.670074463, 71.4788665771, 16.4158725739, 11.6145391464, 5.09407663345, 1.29639863968, 0.965381801128, 0.419600486755, 0.165176659822, 0.0164606627077, 0.000617076351773], "dvar": [0.0661592707038, 8.97635650635, 30.3415908813, 49.3767356873, 572.081054688, 168.462631226, 129.968338013, 222.723571777, 126.621025085, 397.120727539, 1196.68127441, 2049.48217773, 761.961914063, 926.542114258, 1657.58874512, 1030.79650879, 2352.0246582, 1436.32214355, 1098.2869873, 581.071472168, 838.993041992, 721.081665039, 453.973358154, 139.057846069, 173.803070068, 101.27747345, 125.803970337, 51.6334724426, 51.5881690979, 14.8594455719, 3.95251250267, 0.464884400368, 0.101936988533, 0.0191087648273, 0.0026068976149, 0.000780531961937, 0.000301118503558, 2.26641514018e-05, 8.20519332478e-08, 4.72606065394e-10], "mean": [0.13351996243, 1.78935265541, 4.65341901779, 7.06201696396, 11.7122774124, 8.46986961365, 7.71822786331, 7.85954046249, 6.12162256241, 11.9332170486, 22.6939678192, 21.5015544891, 19.6067123413, 22.1897201538, 24.7763938904, 22.1063613892, 39.0367050171, 26.6854133606, 24.5963745117, 20.3093261719, 23.8765583038, 22.0878429413, 14.2097406387, 9.83322906494, 9.54703807831, 10.4035959244, 9.71536445618, 6.85585689545, 5.61720132828, 3.81707763672, 1.61285448074, 0.661134779453, 0.33333042264, 0.150792956352, 0.0526541434228, 0.0178349278867, 0.00698543293402, 0.0013449563412, 7.75099324528e-05, 3.14818753395e-05], "dvar2": [0.193699419498, 25.8647384644, 88.3870391846, 135.395339966, 1463.0111084, 384.950073242, 297.36706543, 581.914611816, 306.148712158, 900.420532227, 2524.17358398, 5276.35302734, 1727.80627441, 1986.72131348, 3643.44433594, 2273.66088867, 4420.1484375, 3032.67016602, 2395.54321289, 1390.67150879, 1906.59484863, 1535.74060059, 1095.12817383, 371.62487793, 463.578186035, 255.615631104, 333.531402588, 132.004257202, 126.385475159, 35.7763824463, 10.1843709946, 1.08540713787, 0.233141809702, 0.0407515279949, 0.00541440723464, 0.0016200998798, 0.000650125439279, 4.87673278258e-05, 1.55950544922e-07, 1.16159248886e-09], "min": [7.48146039476e-22, 2.56178502137e-21, 1.24382445929e-20, 2.54634433007e-20, 5.79837065787e-20, 1.66380672297e-19, 2.99766505827e-19, 2.58903008085e-19, 8.04609800467e-19, 2.31165961936e-18, 3.84248012751e-19, 3.52442582156e-19, 8.749600123e-19, 3.62201421208e-18, 2.69926838939e-18, 1.72882381705e-18, 3.95546891498e-18, 4.03909604773e-18, 3.94758133425e-18, 7.08112099279e-18, 4.51253163055e-18, 1.39329309762e-17, 2.24967037338e-17, 1.79510517915e-17, 1.98957302506e-17, 1.61184447249e-17, 1.49827340157e-17, 1.82480212119e-17, 1.7878916679e-17, 2.38521897143e-17, 1.42337947629e-17, 1.37719492213e-17, 1.44253333968e-17, 1.34043700094e-17, 8.424418467e-18, 6.56965454053e-18, 3.49189456583e-18, 1.63125197014e-18, 2.92485093389e-19, 2.53835202052e-20], "var": [0.053982604295, 7.44174385071, 36.3389816284, 63.3903923035, 525.110534668, 250.235183716, 238.207763672, 334.194549561, 173.353790283, 782.557678223, 2666.18945313, 2285.74975586, 1639.06359863, 2338.60546875, 5214.40820313, 2717.46069336, 11509.1230469, 3499.44042969, 2451.58618164, 1151.85229492, 1810.17602539, 2156.28613281, 949.035522461, 258.521697998, 323.651428223, 291.270324707, 298.009857178, 167.115203857, 158.019241333, 70.6753234863, 13.5364999771, 1.65575325489, 0.419032007456, 0.0906466022134, 0.0121293319389, 0.0018691009609, 0.000491755490657, 3.05354915326e-05, 1.300108039e-07, 8.30241209115e-10], "median": [0.0667195767164, 1.05601119995, 2.82176065445, 4.92705440521, 4.24998283386, 2.98487472534, 2.51576137543, 1.98943376541, 1.69810318947, 3.55825948715, 6.12013292313, 4.94928741455, 5.4990439415, 4.91823768616, 3.93098711967, 4.6067237854, 4.71340513229, 4.80685901642, 4.72535610199, 3.78093886375, 4.16401195526, 3.82969474792, 3.16614460945, 2.44320726395, 1.8409487009, 2.23529720306, 2.06025958061, 0.901260256767, 0.374147713184, 0.242942541838, 0.098284766078, 0.0355508588254, 0.0172222554684, 0.00539553863928, 0.00165148964152, 0.000560057233088, 0.000193512183614, 1.34246547532e-05, 1.22971159726e-05, 2.52908030234e-05]}, "spectral_energy": {"dmean": 0.0105383694172, "dmean2": 0.0178134012967, "max": 0.150820016861, "dvar": 0.000316055171425, "mean": 0.0254733618349, "dvar2": 0.000824047776405, "min": 1.07255017033e-20, "var": 0.000477577355923, "median": 0.0221081078053}, "zerocrossingrate": {"dmean": 0.00685088057071, "dmean2": 0.00790922343731, "max": 0.82861328125, "dvar": 9.04267872102e-05, "mean": 0.0464111045003, "dvar2": 8.43284506118e-05, "min": 0.0029296875, "var": 0.00629962328821, "median": 0.03564453125}, "spectral_energyband_high": {"dmean": 0.000217078559217, "dmean2": 0.000325919972965, "max": 0.0104470942169, "dvar": 1.97216266429e-07, "mean": 0.000592051132116, "dvar2": 