{"tonal": {"chords_key": "G", "hpcp_entropy": {"dmean": 0.340641498566, "dmean2": 0.572820544243, "max": 3.18572211266, "dvar": 0.117448396981, "mean": 1.16740143299, "dvar2": 0.287365823984, "min": 0, "var": 0.405178278685, "median": 1.14365434647}, "key_key": "C", "chords_strength": {"dmean": 0.00597184617072, "dmean2": 0.00376353110187, "max": 0.704778969288, "dvar": 0.000286604103167, "mean": 0.516319453716, "dvar2": 0.000517841370311, "min": -1, "var": 0.0198326669633, "median": 0.526010394096}, "key_scale": "major", "chords_number_rate": 0.000524040369783, "thpcp": [1, 0.453943639994, 0.0176029838622, 0.00374342268333, 0.006769369822, 0.13999812305, 0.248052656651, 0.118315592408, 0.0205449983478, 0.0328991003335, 0.0239641666412, 0.137628510594, 0.257715940475, 0.155281558633, 0.426090419292, 0.738019704819, 0.350174278021, 0.0109809013084, 0.0020303602796, 0.00558895198628, 0.138543054461, 0.272482275963, 0.143781960011, 0.00564002245665, 0.00117808219511, 0.00428492669016, 0.078232973814, 0.151662409306, 0.15472215414, 0.30570089817, 0.350554257631, 0.127116650343, 0.00951959844679, 0.0112249245867, 0.0521357432008, 0.60710310936], "key_strength": 0.881725132465, "tuning_nontempered_energy_ratio": 0.593472719193, "tuning_frequency": 443.828887939, "chords_changes_rate": 0.0170313119888, "tuning_diatonic_strength": 0.632436215878, "chords_scale": "major", "chords_histogram": [35.0452003479, 0.327525228262, 35.5299339294, 0, 0, 0, 0.563343405724, 0, 0, 0, 0, 0, 0, 0, 0, 0, 0, 0.0393030270934, 0, 4.92597913742, 0.275121182203, 0.144111096859, 22.8743610382, 0.275121182203], "tuning_equal_tempered_deviation": 0.000132825618493, "hpcp": {"dmean": [0.0483289472759, 0.0277136620134, 0.00718708243221, 0.00822629686445, 0.00846123881638, 0.0383359231055, 0.0659450218081, 0.0489446893334, 0.0613110177219, 0.0680863186717, 0.0548597387969, 0.00671113515273, 0.0011653683614, 0.00325982528739, 0.0442966073751, 0.0850227177143, 0.0471370331943, 0.00352324312553, 0.000758576090448, 0.00241005467251, 0.0244212634861, 0.0450039505959, 0.0432692021132, 0.0442505180836, 0.0278524216264, 0.0250459238887, 0.0065888799727, 0.00756733072922, 0.0279578138143, 0.0840401425958, 0.0790178254247, 0.0739979594946, 0.0110189244151, 0.0028338287957, 0.00393366115168, 0.0304155535996], "dmean2": [0.0700141340494, 0.041167318821, 0.0117790773511, 0.0128553370014, 0.0141475023702, 0.0570870526135, 0.100708469748, 0.078013472259, 0.0950798690319, 0.101285755634, 0.0834080055356, 0.0118717448786, 0.00209267321043, 0.00570040522143, 0.0683976113796, 0.13106136024, 0.0724124535918, 0.00627840310335, 0.00138827762567, 0.00425453111529, 0.0371871478856, 0.0674029141665, 0.0687670186162, 0.0727434977889, 0.0431725159287, 0.0422823429108, 0.0121995685622, 0.0140723055229, 0.0508775040507, 0.134838834405, 0.1149597615, 0.114551462233, 0.0196888409555, 0.00529464706779, 0.00694959657267, 0.0439293757081], "max": [1, 0.998164713383, 0.776444911957, 1, 0.82644790411, 1, 1, 1, 1, 1, 1, 0.362285017967, 0.22975538671, 0.184585392475, 0.881936728954, 1, 0.880906581879, 0.15649305284, 0.603894472122, 0.850556433201, 1, 1, 1, 1, 1, 1, 0.956050217152, 1, 1, 1, 1, 1, 0.698324143887, 1, 0.770117998123, 0.859626471996], "dvar": [0.0109259746969, 0.00340923923068, 0.000821203924716, 0.00186272256542, 0.00114838196896, 0.00501516135409, 0.0153734805062, 0.00655516516417, 0.00718802120537, 0.0183246545494, 0.00600135652348, 0.00030298816273, 3.27612724504e-05, 6.79605946061e-05, 0.00497948564589, 0.0179863069206, 0.00549765629694, 7.80488771852e-05, 0.000103607417259, 0.000272008444881, 0.00274067930877, 0.00835575629026, 0.00450308434665, 0.00977851916105, 0.00710503570735, 0.00498998910189, 0.00152399367653, 0.00225748657249, 0.00553937442601, 0.0114316651598, 0.0173898655921, 0.00727011077106, 0.000586588052101, 0.000367156491848, 0.000311570940539, 0.00403278181329], "mean": [0.14357291162, 0.0684810802341, 0.011891447939, 0.0190420038998, 0.0138704627752, 0.0796594023705, 0.149166017771, 0.08987698704, 0.246621191502, 0.427165925503, 0.202680915594, 0.00635574711487, 0.0011751728598, 0.00323488609865, 0.0801887437701, 0.15771278739, 0.0832210183144, 0.00326444581151, 0.000681874109432, 0.00248011620715, 0.0452812574804, 0.0877822265029, 0.089553207159, 0.176939725876, 0.202900856733, 0.0735751315951, 0.00550994509831, 0.00649698777124, 0.0301761757582, 0.351391375065, 0.578800141811, 0.262742638588, 0.0101886093616, 0.0021666935645, 0.00391811225563, 0.0810309350491], "dvar2": [0.0196362771094, 0.00693670334294, 0.00195832131431, 0.00380817637779, 0.00279189250432, 0.0105382520705, 0.0316691026092, 0.0157103519887, 0.0161989908665, 0.0353314168751, 0.0129215540364, 0.000832961581182, 9.35355565161e-05, 0.000189438243979, 0.01159594208, 0.0407512784004, 0.012583265081, 0.000227267853916, 0.000308564660372, 0.000783399620559, 0.00585084222257, 0.0173653028905, 0.0113000962883, 0.0259332265705, 0.0147496154532, 0.0154789155349, 0.00530823366717, 0.0079011740163, 0.0191808249801, 0.0324634797871, 0.0325803495944, 0.0186778176576, 0.001771231764, 0.00107519177254, 0.000857506529428, 0.00757031142712], "min": [0, 0, 0, 0, 0, 0, 0, 0, 0, 0, 0, 0, 0, 0, 0, 0, 0, 0, 0, 0, 0, 0, 0, 0, 0, 0, 0, 0, 0, 0, 0, 0, 0, 0, 0, 0], "var": [0.0698902159929, 0.0157357603312, 0.00234245881438, 0.00961144920439, 0.00356354587711, 0.0200133826584, 0.0618393756449, 0.0186965093017, 0.0663420781493, 0.186672106385, 0.0443691834807, 0.000373279151972, 4.3170817662e-05, 6.02623622399e-05, 0.0132986269891, 0.0475780963898, 0.0130942240357, 6.11906070844e-05, 5.39187531103e-05, 0.000216586355236, 0.00877740886062, 0.027515720576, 0.0140270898119, 0.101304814219, 0.138374134898, 0.0208341684192, 0.0009445726173, 0.0013402266195, 0.0043762549758, 0.0751311853528, 0.16655395925, 0.0349726453424, 0.000414626672864, 0.000207485252758, 0.000233736733207, 0.0242695249617], "median": [0.0118852993473, 0.0069773113355, 0.00082001829287, 0.000362796185073, 0.00100635178387, 0.015647880733, 0.0289993416518, 0.0376818291843, 0.134087100625, 0.248696133494, 0.123473130167, 0.00107977283187, 0.0001975272462, 0.000908728165086, 0.0337168611586, 0.0699304193258, 0.037435464561, 0.00104861776344, 0.000148193503264, 0.000339419668308, 0.00816574320197, 0.0167775563896, 0.0415163077414, 0.00261972448789, 0.000621344777755, 0.000424796453444, 0.000921339960769, 0.00110810855404, 0.0106106046587, 0.346371382475, 0.628450930119, 0.277545541525, 0.00410851184279, 0.000413620320614, 0.000608582457062, 0.00662464508787]}}, "lowlevel": {"melbands_flatness_db": {"dmean": 0.0121264914051, "dmean2": 0.0189158990979, "max": 0.489394962788, "dvar": 9.88110114122e-05, "mean": 0.310433596373, "dvar2": 0.000224749965128, "min": -3.02002320041e-07, "var": 0.0022426515352, "median": 0.309489995241}, "melbands_crest": {"dmean": 1.54894900322, "dmean2": 2.22239518166, "max": 31.9975814819, "dvar": 2.17338585854, "mean": 10.9486656189, "dvar2": 4.57662630081, "min": 1.00100398064, "var": 12.8854646683, "median": 10.3023204803}, "spectral_entropy": {"dmean": 0.087640710175, "dmean2": 0.122612588108, "max": 9.82620334625, "dvar": 0.00583901256323, "mean": 6.30466461182, "dvar2": 0.0108661958948, "min": 4.98319911957, "var": 0.2190836519, "median": 6.29816436768}, "melbands": {"dmean": [0.000132288274472, 0.000201098315301, 0.0001855185983, 0.000173895416083, 8.94242257345e-05, 0.000208587560337, 0.000223133567488, 0.000410122796893, 0.000196384455194, 9.03701293282e-05, 0.000125642414787, 7.98728578957e-05, 0.000103086385934, 5.73720280954e-05, 2.67450523097e-05, 1.12190400614e-05, 2.37302483583e-05, 9.866084838e-06, 5.35426261195e-06, 6.44685405859e-06, 3.49167248714e-06, 3.07124241772e-06, 1.4960014596e-06, 8.68345466642e-07, 9.25759707116e-07, 4.13390466747e-07, 4.04767234841e-07, 5.51059429199e-07, 1.29386449998e-07, 2.01838560088e-07, 1.02258908896e-07, 9.99308937821e-08, 1.14497900938e-07, 6.61708838834e-08, 4.50797514873e-08, 3.95142834009e-08, 3.99016428787e-08, 6.27603391479e-09, 2.39924920209e-11, 1.29020240672e-11], "dmean2": [0.000197107307031, 0.000297524646157, 0.000308109913021, 0.000268259318545, 0.000127763662022, 0.000238945518504, 0.000241252142587, 0.000514621031471, 0.00023993634386, 0.000119714830362, 0.00017304852372, 0.000105857718154, 0.000149313316797, 8.67915005074e-05, 4.22594966949e-05, 1.79172766366e-05, 3.92446199839e-05, 1.53442397277e-05, 8.19709748612e-06, 1.03658703665e-05, 5.87872045799e-06, 5.3303401728e-06, 2.51874098467e-06, 1.48894935137e-06, 1.60946194683e-06, 7.11914992735e-07, 6.92665025781e-07, 9.52191214765e-07, 2.17770619315e-07, 3.46501877857e-07, 1.66816249703e-07, 1.61951135169e-07, 1.86370911592e-07, 1.09362481737e-07, 7.16748829177e-08, 6.23133260547e-08, 6.41692210479e-08, 9.87618165027e-09, 4.15973366863e-11, 2.37007392878e-11], "max": [0.00382242002524, 0.00718122348189, 0.00789303984493, 0.0106030218303, 0.00695402966812, 0.0101070664823, 0.0103624463081, 0.0289003588259, 0.00586851546541, 0.0095692621544, 0.0118632828817, 0.0112464176491, 0.0136320712045, 0.00564820831642, 0.000951328605879, 0.00147630670108, 0.0014833714813, 0.000662737933453, 0.000363143859431, 0.000679480901454, 0.000180512186489, 0.000145861165947, 0.000123351899674, 5.5217769841e-05, 2.95022309729e-05, 1.23425197671e-05, 1.35740610858e-05, 1.972719474e-05, 4.41613656221e-06, 7.04066269464e-06, 2.80701578959e-06, 2.03090780815e-06, 2.80254016616e-06, 1.70901569163e-06, 1.20496315503e-06, 1.34553306452e-06, 8.99247311281e-07, 1.15578288273e-07, 1.89280946472e-09, 3.21554421978e-10], "dvar": [2.7288981741e-08, 6.5255527204e-08, 5.84617012578e-08, 5.33535455816e-08, 3.84681833054e-08, 8.00601469564e-08, 6.78634179963e-08, 3.3538583466e-07, 5.96224296601e-08, 2.52031604475e-08, 7.22624236005e-08, 5.12592031043e-08, 5.90739368533e-08, 9.69419211572e-09, 1.76051362377e-09, 6.18275153297e-10, 2.44633402424e-09, 3.97898103355e-10, 1.29864438647e-10, 2.13271789118e-10, 4.46074947813e-11, 4.55018314693e-11, 1.01266937544e-11, 4.90548487247e-12, 2.70087966749e-12, 5.8327198323e-13, 4.37801298036e-13, 9.2702505828e-13, 3.48601661047e-14, 1.39748997964e-13, 2.0775478641e-14, 1.76254698363e-14, 2.45756292785e-14, 8.16823093674e-15, 3.27109745845e-15, 2.85223416032e-15, 3.41471464752e-15, 7.47895284665e-17, 2.83568984652e-21, 3.03349809428e-22], "mean": [0.000714672845788, 0.00113702809904, 0.00104070745874, 0.000903796637431, 0.000367746717529, 0.000799395202193, 0.000953711336479, 0.00121150503401, 0.000522232847288, 0.000224889925448, 0.000332478055498, 0.000271376105957, 0.000242595706368, 0.000112103960419, 4.34065805166e-05, 2.12789436773e-05, 3.79029406758e-05, 1.94692947844e-05, 1.14624208436e-05, 1.26731365526e-05, 5.63321600566e-06, 4.55795361631e-06, 2.46765648626e-06, 1.37302208714e-06, 1.52179904944e-06, 7.5530289223e-07, 8.10172366528e-07, 1.00154431948e-06, 2.96657134413e-07, 3.91354575413e-07, 2.45489076178e-07, 2.4202847726e-07, 3.00508560258e-07, 1.78568626552e-07, 1.23111249195e-07, 1.10615431481e-07, 1.00917525003e-07, 1.25628751846e-08, 2.50814039676e-11, 1.10978032319e-11], "dvar2": [6.67308839297e-08, 1.4541683413e-07, 1.86779459455e-07, 1.44960154103e-07, 8.25333827947e-08, 1.76750774017e-07, 7.80511442144e-08, 5.74186003632e-07, 9.02654946344e-08, 4.09709883797e-08, 1.08133782817e-07, 7.31664968612e-08, 9.68479554331e-08, 1.9670382656e-08, 4.1847068033e-09, 1.34447275535e-09, 6.50557696602e-09, 8.48826897659e-10, 2.63764565744e-10, 4.72777816896e-10, 1.24310034488e-10, 1.36441483112e-10, 2.66042205627e-11, 1.33468834942e-11, 8.11951807872e-12, 1.75649674927e-12, 1.30073556093e-12, 2.77684841267e-12, 1.00360224417e-13, 4.25994553218e-13, 5.54028123292e-14, 4.66930503594e-14, 6.54401866355e-14, 2.28595523858e-14, 8.37820278107e-15, 7.09686046637e-15, 8.83561073698e-15, 1.82112851283e-16, 7.49589940185e-21, 9.45903143803e-22], "min": [5.36521114239e-25, 9.0509896796e-25, 7.72504367389e-25, 1.40480774014e-24, 1.29329939157e-24, 1.6785883268e-24, 2.23049987078e-24, 1.48726421512e-24, 1.40975133422e-24, 1.3985538481e-24, 2.47859406167e-24, 1.26913145445e-24, 2.80301153122e-24, 3.36834219085e-24, 1.15509342617e-24, 2.35937804902e-24, 3.39389497329e-24, 3.50309225523e-24, 3.20631233028e-24, 3.53368546443e-24, 3.47063970088e-24, 3.93903651298e-24, 3.70238021357e-24, 3.32363665449e-24, 2.59690446201e-24, 3.42173584679e-24, 4.63292842597e-24, 4.5804707535e-24, 4.1975718696e-24, 3.98286325829e-24, 4.75098461588e-24, 4.11433954992e-24, 4.4032811557e-24, 5.02322406415e-24, 4.8828454772e-24, 4.8300170401e-24, 5.15395645995e-24, 5.94062788172e-24, 5.61627825421e-24, 5.77106380787e-24], "var": [2.70820692094e-07, 9.49448747178e-07, 9.99745338959e-07, 1.17513718578e-06, 3.71473277028e-07, 6.91398270192e-07, 9.33375133627e-07, 2.57914871327e-06, 2.35117411762e-07, 1.51858429831e-07, 7.33057277102e-07, 7.18473245342e-07, 5.49887545276e-07, 6.30129193269e-08, 3.2475580003e-09, 3.69247943333e-09, 5.37847322235e-09, 1.68641312026e-09, 6.70753674825e-10, 1.09575537532e-09, 9.36053526357e-11, 6.64493529645e-11, 2.18489826925e-11, 8.87455473692e-12, 4.29238719221e-12, 1.04544671531e-12, 6.8351861714e-13, 1.39297330181e-12, 8.44980484779e-14, 2.57644410364e-13, 5.698834281e-14, 4.84437861462e-14, 7.48644378369e-14, 2.79721907394e-14, 1.1910790957e-14, 9.72961166116e-15, 8.91139223367e-15, 1.66438665413e-16, 4.82502690797e-21, 2.91701299974e-22], "median": [0.000546221679542, 0.000885149347596, 0.00072043936234, 0.000554840604309, 0.000109233405965, 0.000547973206267, 0.000669384142384, 0.000748334161472, 0.000397388706915, 9.51844631345e-05, 8.69749928825e-05, 4.20945980295e-05, 7.94641964603e-05, 5.46115006728e-05, 2.55321247096e-05, 6.37307812212e-06, 1.24498928926e-05, 6.46560283712e-06, 3.26087911162e-06, 4.35036872659e-06, 2.50136827162e-06, 1.90925652532e-06, 9.17074203244e-07, 5.16553200214e-07, 7.87815110925e-07, 4.13499805063e-07, 5.89153557939e-07, 6.63087291741e-07, 2.18256175799e-07, 2.12227078578e-07, 1.82464901854e-07, 1.82706230589e-07, 2.27414062692e-07, 1.27336363676e-07, 9.14839617394e-08, 8.46999625992e-08, 7.21030275486e-08, 9.10027342371e-09, 7.11243564044e-12, 4.80205155154e-12]}, "silence_rate_60dB": {"dmean": 0.000131027249154, "dmean2": 0.000262071669567, "max": 1, "dvar": 0.00013099295029, "mean": 0.0237143784761, "dvar2": 0.000262003013631, "min": 0, "var": 0.0231522917747, "median": 0}, "spectral_energyband_middle_high": {"dmean": 0.00143787986599, "dmean2": 0.0020424479153, "max": 0.0862463414669, "dvar": 4.96200709676e-06, "mean": 0.00555849680677, "dvar2": 8.63869172463e-06, "min": 1.17671147533e-21, "var": 6.80569501128e-05, "median": 0.00283581623808}, "erbbands_skewness": {"dmean": 0.341094911098, "dmean2": 0.503348767757, "max": 4.59310483932, "dvar": 0.081544674933, "mean": 0.96555441618, "dvar2": 0.17860417068, "min": -3.21273684502, "var": 0.57934397459, "median": 0.940518081188}, "dynamic_complexity": 2.3087143898, "dissonance": {"dmean": 0.0368459783494, "dmean2": 0.0623074285686, "max": 0.499465078115, "dvar": 0.000960370816756, "mean": 0.372559994459, "dvar2": 0.0026544209104, "min": 0.155023232102, "var": 0.0033457337413, "median": 0.376392006874}, "spectral_skewness": {"dmean": 0.561003088951, "dmean2": 0.985743701458, "max": 9.97187232971, "dvar": 0.242455378175, "mean": 2.8619363308, "dvar2": 0.741285383701, "min": -0.0806874483824, "var": 0.936641454697, "median": 2.71061086655}, "spectral_kurtosis": {"dmean": 7.57170152664, "dmean2": 13.3808670044, "max": 156.306900024, "dvar": 57.5507354736, "mean": 16.3747158051, "dvar2": 172.293182373, "min": -1.27279067039, "var": 190.035751343, "median": 13.2486553192}, "gfcc": {"cov": [[15233.9306641, 2459.32080078, -1944.89038086, 495.01574707, -702.939331055, 82.1952972412, -2.02424359322, -376.400939941, 306.540313721, -420.28805542, 227.610336304, -223.825378418, -36.4926185608], [2459.32080078, 694.147277832, -240.772109985, -30.0007991791, -25.4416389465, -45.0280189514, 16.1453323364, -83.5821762085, 47.6421852112, -53.8702926636, 16.4957141876, -23.0190658569, -14.8419103622], [-1944.89038086, -240.772109985, 487.276489258, -40.9370689392, 23.8639678955, -13.0726547241, -28.2651863098, 19.6479129791, -43.3144721985, 48.431060791, -9.5797290802, 26.0790748596, 5.92597436905], [495.01574707, -30.0007991791, -40.9370689392, 233.200531006, -63.3821907043, -8.65773200989, -20.0849208832, -22.2172374725, -1.5392125845, -35.3591766357, 32.2362060547, -25.2524814606, -15.2629594803], [-702.939331055, -25.4416389465, 23.8639678955, -63.3821907043, 231.857894897, -4.03310346603, 13.6126642227, 22.6919879913, -11.0606241226, 14.3847646713, -51.4570960999, 3.5941221714, 4.56132173538], [82.1952972412, -45.0280189514, -13.0726547241, -8.65773200989, -4.03310346603, 124.35912323, 32.1899414062, -1.33388435841, 0.158403262496, -14.6516332626, -8.7967376709, -18.2334213257, 3.6099922657], [-2.02424359322, 16.1453323364, -28.2651863098, -20.0849208832, 13.6126642227, 32.1899414062, 104.559013367, 31.2880268097, -13.5150108337, -7.77748012543, -8.22067451477, -4.53262901306, -7.96901607513], [-376.400939941, -83.5821762085, 19.6479129791, -22.2172374725, 22.6919879913, -1.33388435841, 31.2880268097, 84.1520843506, 16.3474521637, 8.86595058441, -11.549495697, 3.82078289986, -1.19610738754], [306.540313721, 47.6421852112, -43.3144721985, -1.5392125845, -11.0606241226, 0.158403262496, -13.5150108337, 16.3474521637, 94.0942459106, 41.028175354, 8.47667884827, -15.0112695694, -6.48781347275], [-420.28805542, -53.8702926636, 48.431060791, -35.3591766357, 14.3847646713, -14.6516332626, -7.77748012543, 8.86595058441, 41.028175354, 109.450035095, 25.9281654358, -9.80468654633, -11.9649085999], [227.610336304, 16.4957141876, -9.5797290802, 32.2362060547, -51.4570960999, -8.7967376709, -8.22067451477, -11.549495697, 8.47667884827, 25.9281654358, 82.6352462769, 22.5654792786, -11.7044878006], [-223.825378418, -23.0190658569, 26.0790748596, -25.2524814606, 3.5941221714, -18.2334213257, -4.53262901306, 3.82078289986, -15.0112695694, -9.80468654633, 22.5654792786, 75.519493103, 27.4085483551], [-36.4926185608, -14.8419103622, 5.92597436905, -15.2629594803, 4.56132173538, 3.6099922657, -7.96901607513, -1.19610738754, -6.48781347275, -11.9649085999, -11.7044878006, 27.4085483551, 62.9273643494]], "mean": [-79.2392120361, 194.124206543, -141.942428589, 25.1631355286, -71.3609008789, 0.311028569937, -6.15883159637, -21.4008407593, 16.4732131958, -20.6681499481, 8.14436149597, -13.7612361908, -8.46531677246], "icov": [[0.000932622817345, -0.00237960903905, 0.00202803174034, -0.000898618600331, 0.0015098323347, -0.00108929548878, 0.000706040184014, 0.000114006841613, -0.00107438222039, 0.00173492438626, -0.00166428368539, 0.00168798991945, -0.00121038814541], [-0.00237960903905, 0.00916149839759, -0.0045408164151, 0.00406849663705, -0.00426201010123, 0.00529869738966, -0.00402528000996, 0.00393681460992, -0.000686707382556, -0.000727100181393, 0.00195982982405, -0.00214261538349, 0.00285401055589], [0.00202803174034, -0.0045408164151, 0.0072522177361, -0.00173259712756, 0.00352788111195, -0.00237155216746, 0.00250032241456, -0.000114482434583, -0.000572823628318, 0.00202248129062, -0.00258266087621, 0.0026444462128, -0.00210999255069], [-0.000898618600331, 0.00406849663705, -0.00173259712756, 0.00791085790843, -0.00130198569968, 0.00346777308732, -0.00121777981985, 0.00251267431304, -0.00134897371754, 0.00404789252207, -0.00390167697333, 0.00372834992595, 0.000590328243561], [0.0015098323347, -0.00426201010123, 0.00352788111195, -0.00130198569968, 0.00821464974433, -0.00215227180161, 0.00146482279524, -0.00116234947927, 5.12523329235e-05, -6.50446527288e-05, 0.00226901797578, 0.000386762520066, -0.000839740328956], [-0.00108929548878, 0.00529869738966, -0.00237155216746, 0.00346777308732, -0.00215227180161, 0.0131544815376, -0.00618917308748, 0.00476186024025, -0.00303697492927, 0.0035340806935, -0.00157715566456, 0.00379146775231, -0.00119533541147], [0.000706040184014, -0.00402528000996, 0.00250032241456, -0.00121777981985, 0.00146482279524, -0.00618917308748, 0.0157354213297, -0.00885770004243, 0.00576017843559, -0.00213542231359, 0.000613662879914, -0.000434161891462, 0.00149353523739], [0.000114006841613, 0.00393681460992, -0.000114482434583, 0.00251267431304, -0.00116234947927, 0.00476186024025, -0.00885770004243, 0.0217507500201, -0.00975899491459, 0.00569759868085, -0.0012380273547, 0.0011348661501, 7.02615070622e-05], [-0.00107438222039, -0.000686707382556, -0.000572823628318, -0.00134897371754, 5.12523329235e-05, -0.00303697492927, 0.00576017843559, -0.00975899491459, 0.0216593760997, -0.0134090855718, 0.0056276563555, -0.00332629075274, 0.00183524459135], [0.00173492438626, -0.000727100181393, 0.00202248129062, 0.00404789252207, -6.50446527288e-05, 0.0035340806935, -0.00213542231359, 0.00569759868085, -0.0134090855718, 0.025154421106, -0.0155458319932, 0.0126103479415, -0.0037179084029], [-0.00166428368539, 0.00195982982405, -0.00258266087621, -0.00390167697333, 0.00226901797578, -0.00157715566456, 0.000613662879914, -0.0012380273547, 0.0056276563555, -0.0155458319932, 0.0293731261045, -0.0183978751302, 0.0098752528429], [0.00168798991945, -0.00214261538349, 0.0026444462128, 0.00372834992595, 0.000386762520066, 0.00379146775231, -0.000434161891462, 0.0011348661501, -0.00332629075274, 0.0126103479415, -0.0183978751302, 0.030168581754, -0.0136575521901], [-0.00121038814541, 0.00285401055589, -0.00210999255069, 0.000590328243561, -0.000839740328956, -0.00119533541147, 0.00149353523739, 7.02615070622e-05, 0.00183524459135, -0.0037179084029, 0.0098752528429, -0.0136575521901, 0.0237921122462]]}, "spectral_complexity": {"dmean": 1.35966980457, "dmean2": 2.32641029358, "max": 22, "dvar": 1.41426050663, "mean": 12.6998357773, "dvar2": 3.76289987564, "min": 0, "var": 9.55084323883, "median": 13}, "spectral_flux": {"dmean": 0.0100731020793, "dmean2": 0.0168556757271, "max": 0.198896169662, "dvar": 9.01782404981e-05, "mean": 0.0464120171964, "dvar2": 0.000248410156928, "min": 6.41907083043e-11, "var": 0.000291348726023, "median": 0.0453203506768}, "spectral_energyband_low": {"dmean": 0.000816960062366, "dmean2": 0.00121815665625, "max": 0.0251469891518, "dvar": 9.1981848982e-07, "mean": 0.00557759590447, "dvar2": 2.1000819288e-06, "min": 8.74403167403e-24, "var": 1.28080946524e-05, "median": 0.00493072113022}, "spectral_decrease": {"dmean": 9.99219262887e-10, "dmean2": 1.31315569529e-09, "max": 2.06778479592e-28, "dvar": 1.01004801551e-18, "mean": -7.96492116706e-09, "dvar2": 1.8553599101e-18, "min": -4.0907405463e-08, "var": 1.7445849578e-17, "median": -7.28159044172e-09}, "barkbands_spread": {"dmean": 1.27221512794, "dmean2": 1.88784992695, "max": 45.1846313477, "dvar": 1.64187383652, "mean": 8.94571685791, "dvar2": 3.96407389641, "min": 1.64678001404, "var": 13.3224172592, "median": 8.3940486908}, "spectral_rms": {"dmean": 0.000344655651134, "dmean2": 0.000453643559013, "max": 0.0125655336305, "dvar": 9.35735897656e-08, "mean": 0.00532245682552, "dvar2": 1.77697970116e-07, "min": 3.14087991726e-12, "var": 2.37541803472e-06, "median": 0.00528963003308}, "spectral_centroid": {"dmean": 49.5491065979, "dmean2": 78.0001754761, "max": 11773.21875, "dvar": 10941.5751953, "mean": 708.256408691, "dvar2": 24083.8964844, "min": 285.598052979, "var": 959049.6875, "median": 591.351013184}, "barkbands_skewness": {"dmean": 0.241841629148, "dmean2": 0.349333584309, "max": 4.59306335449, "dvar": 0.0426746569574, "mean": 0.751656353474, "dvar2": 0.0933282673359, "min": -2.18617224693, "var": 0.525741100311, "median": 0.745785415173}, "spectral_rolloff": {"dmean": 91.626991272, "dmean2": 159.247131348, "max": 19509.0820312, "dvar": 58990.4179688, "mean": 870.211242676, "dvar2": 120540.671875, "min": 21.533203125, "var": 2905149.75, "median": 667.529296875}, "erbbands_spread": {"dmean": 2.44842720032, "dmean2": 3.58561491966, "max": 74.5325164795, "dvar": 5.32396602631, "mean": 14.5528488159, "dvar2": 12.3135614395, "min": 2.18077206612, "var": 42.4861946106, "median": 13.6641435623}, "barkbands": {"dmean": [3.90046589018e-05, 0.000519268505741, 0.000414995301981, 0.000348767032847, 0.000818270491436, 0.000890904979315, 0.00110567780212, 0.00181708461605, 0.000517798645888, 0.000906889035832, 0.000705254147761, 0.000401907745982, 0.000124904632685, 0.000208082361496, 9.20229431358e-05, 6.50540459901e-05, 6.47788692731e-05, 1.50273954205e-05, 1.65160836332e-05, 1.36695452966e-05, 5.29377120984e-06, 5.05224306835e-06, 2.08703818316e-06, 1.72646377905e-06, 1.40728273479e-09, 1.99255234534e-09, 1.36163369469e-09], "dmean2": [6.517078873e-05, 0.000764920318034, 0.000617775018327, 0.00059998704819, 0.00122438871767, 0.00103354954626, 0.00131495762616, 0.00221663736738, 0.000695624738, 0.0012162711937, 0.00103237887379, 0.000617072742898, 0.000202083771001, 0.000343260238878, 0.000139732335811, 0.000103619575384, 0.000112157693366, 2.55653085333e-05, 2.87058937829e-05, 2.3502168915e-05, 8.9512204795e-06, 8.26320865599e-06, 3.27800989908e-06, 2.78507422991e-06, 2.58310262069e-09, 3.46001494123e-09, 2.53185561405e-09], "max": [0.00176949775778, 0.0176224596798, 0.0132773444057, 0.0208660401404, 0.0451595149934, 0.0449473746121, 0.100022494793, 0.0784084275365, 0.0489290617406, 0.0665595754981, 0.0836248621345, 0.0364862568676, 0.01064719446, 0.0129134748131, 0.00761135807261, 0.00766612263396, 0.00278021092527, 0.00159520842135, 0.000395397044485, 0.000489043246489, 0.000147668353748, 9.94910660665e-05, 5.84333720326e-05, 4.75568922411e-05, 3.02873353064e-08, 3.0485374225e-08, 2.51430769538e-08], "dvar": [4.41801839557e-09, 4.00278963752e-07, 2.98985327163e-07, 2.41484400476e-07, 1.08915901365e-06, 1.5319870954e-06, 2.37439621742e-06, 4.7693902161e-06, 8.26923326258e-07, 3.37500341629e-06, 2.4904034035e-06, 5.06819674229e-07, 7.39812975326e-08, 1.83038224577e-07, 4.9450758155e-08, 2.60557229126e-08, 1.59081210427e-08, 1.39152822598e-09, 6.42973840836e-10, 5.6705040663e-10, 6.45209163874e-11, 3.77137140961e-11, 6.85016193075e-12, 6.67669131788e-12, 3.54026353856e-18, 4.56881506738e-18, 3.24541852473e-18], "mean": [0.000144060191815, 0.0028689855244, 0.00207958347164, 0.00165966374334, 0.0042159021832, 0.00344429002143, 0.00445242645219, 0.00515156146139, 0.00123575504404, 0.00281511363573, 0.00158851826563, 0.000723743287381, 0.000219617781113, 0.000333816220518, 0.000190663573449, 0.000128179934109, 9.89908585325e-05, 2.51943765761e-05, 2.99889179587e-05, 2.67388659267e-05, 1.24725074784e-05, 1.51558533616e-05, 6.64947128826e-06, 4.49462868346e-06, 1.22657639601e-09, 3.61229823831e-09, 1.1340930417e-09], "dvar2": [1.18532730298e-08, 9.16428803066e-07, 6.98204701166e-07, 7.24556002751e-07, 2.8021545404e-06, 3.44940326613e-06, 3.24638722304e-06, 7.48431057218e-06, 1.38667905958e-06, 4.9581640269e-06, 4.28328075941e-06, 1.10309065349e-06, 1.79804729328e-07, 4.842501653e-07, 9.98876785729e-08, 5.7070646875e-08, 4.72323904432e-08, 3.52486528854e-09, 1.93002502868e-09, 1.69667280225e-09, 1.94103094708e-10, 9.98593430168e-11, 1.70093140961e-11, 1.78492064878e-11, 1.09877891468e-17, 1.34679256046e-17, 1.05159198304e-17], "min": [4.55175848452e-25, 7.3324384482e-25, 4.97407023975e-25, 7.34761268075e-25, 5.6425272064e-24, 8.85568467997e-24, 7.2705641431e-24, 6.47864009099e-24, 1.15868615511e-23, 9.80191939148e-24, 1.75496008096e-23, 2.19645129304e-23, 1.80738809226e-23, 3.00692604044e-23, 3.99806129472e-23, 4.69888974054e-23, 6.02013772456e-23, 7.59833095828e-23, 1.17848107336e-22, 1.63525816943e-22, 2.48773357535e-22, 2.67230557015e-22, 3.46078226856e-22, 5.39354878921e-22, 8.92555749823e-22, 1.33554115913e-21, 1.864420874e-21], "var": [5.03203345659e-08, 4.9222958296e-06, 3.62002856491e-06, 5.58977762921e-06, 2.22035341721e-05, 1.30665666802e-05, 3.21984953189e-05, 3.03183642245e-05, 4.6941763685e-06, 4.42751552328e-05, 2.17545839405e-05, 2.30541468227e-06, 2.81875117025e-07, 4.05985787211e-07, 2.3238216329e-07, 1.3546991795e-07, 2.39693367377e-08, 3.01981195605e-09, 1.07638820079e-09, 8.67844240915e-10, 1.44532996682e-10, 1.3204960736e-10, 2.87984601444e-11, 1.8672396962e-11, 3.51253024057e-18, 8.37753138834e-18, 2.67712166246e-18], "median": [6.33643066976e-05, 0.00233563082293, 0.00153293472249, 0.000769630249124, 0.00272803986445, 0.00235127052292, 0.00297534326091, 0.00350210606121, 0.000495297368616, 0.000623424595688, 0.000524036528077, 0.000342021754477, 5.79244442633e-05, 0.000111766552436, 4.64606127935e-05, 3.86191823054e-05, 4.9329479225e-05, 1.06049228634e-05, 1.97814533749e-05, 1.86148608918e-05, 9.10926064535e-06, 1.26372369778e-05, 5.29616954736e-06, 3.20482467941e-06, 5.32766497585e-10, 2.94426794056e-09, 5.13255327128e-10]}, "melbands_kurtosis": {"dmean": 1.2403318882, "dmean2": 1.84364795685, "max": 36.0287895203, "dvar": 2.21515369415, "mean": 3.10561561584, "dvar2": 5.0433549881, "min": -1.52758133411, "var": 10.8702993393, "median": 2.34716510773}, "erbbands_crest": {"dmean": 2.26097154617, "dmean2": 3.36117386818, "max": 31.7575073242, "dvar": 4.04398488998, "mean": 12.3852148056, "dvar2": 9.105052948, "min": 2.39604043961, "var": 23.3834533691, "median": 11.3261241913}, "melbands_skewness": {"dmean": 0.258671998978, "dmean2": 0.364065915346, "max": 4.47427129745, "dvar": 0.0510347411036, "mean": 0.958884775639, "dvar2": 0.109743520617, "min": -1.67023777962, "var": 0.516425132751, "median": 0.902643382549}, "spectral_energyband_middle_low": {"dmean": 0.00345024722628, "dmean2": 0.00439384905621, "max": 0.154036834836, "dvar": 1.23460258692e-05, "mean": 0.0215562731028, "dvar2": 2.19625380851e-05, "min": 1.42146916483e-22, "var": 0.000171447070898, "median": 0.0191463734955}, "spectral_contrast_coeffs": {"dmean": [0.0294416602701, 0.0320674590766, 0.0348461680114, 0.0303721539676, 0.0238233543932, 0.0477020293474], "dmean2": [0.0498981140554, 0.0500295720994, 0.0542128533125, 0.0502277463675, 0.0384851545095, 0.084629714489], "max": [-0.382160902023, -0.365610122681, -0.347989499569, -0.438613176346, -0.465552508831, -0.427541792393], "dvar": [0.000618462741841, 0.00068964593811, 0.000762288575061, 0.000566674338188, 0.000372022885131, 0.00131170125678], "mean": [-0.611246585846, -0.627226173878, -0.636119246483, -0.630049228668, -0.649761259556, -0.603766262531], "dvar2": [0.00181479391176, 0.00166372139938, 0.00183956010733, 0.00153942406178, 0.000944685423747, 0.00412548519671], "min": [-0.977532744408, -0.980011582375, -0.990341484547, -0.998193621635, -0.987349033356, -0.965597391129], "var": [0.00580732151866, 0.00541787175462, 0.00822445005178, 0.00420932332054, 0.00443706242368, 0.00506384670734], "median": [-0.607631027699, -0.625006556511, -0.637506246567, -0.625798285007, -0.649370670319, -0.596456050873]}, "spectral_contrast_valleys": {"dmean": [0.250261694193, 0.251116245985, 0.265656530857, 0.226417422295, 0.221926510334, 0.774109423161], "dmean2": [0.420217961073, 0.405706822872, 0.440137714148, 0.364610165358, 0.326805740595, 1.38187086582], "max": [-5.81989812851, -4.8735537529, -5.72042894363, -7.50901794434, -8.41627216339, -12.1007432938], "dvar": [0.0509004704654, 0.0495506078005, 0.0496910698712, 0.0399458184838, 0.0454592257738, 0.351575046778], "mean": [-7.50905370712, -6.75859832764, -8.09708404541, -9.79162120819, -10.5184965134, -14.1452283859], "dvar2": [0.123409427702, 0.11307515204, 0.12144638598, 0.0855269879103, 0.0806342214346, 1.10469615459], "min": [-28.3756046295, -28.1088600159, -28.0204753876, -27.6787204742, -27.6031475067, -27.4258174896], "var": [4.14020824432, 4.50588321686, 4.40878534317, 3.43542695045, 3.17051124573, 2.10118317604], "median": [-7.23998785019, -6.50858163834, -7.75409126282, -9.59582614899, -10.2887897491, -13.9590425491]}, "silence_rate_20dB": {"dmean": 0, "dmean2": 0, "max": 1, "dvar": 0, "mean": 1, "dvar2": 0, "min": 1, "var": 0, "median": 1}, "silence_rate_30dB": {"dmean": 0.00209643598646, "dmean2": 0.00419314671308, "max": 1, "dvar": 0.00209195469506, "mean": 0.997117578983, "dvar2": 0.00483061885461, "min": 0, "var": 0.0028739287518, "median": 1}, "spectral_strongpeak": {"dmean": 0.424085259438, "dmean2": 0.663165390491, "max": 10.7041397095, "dvar": 0.388058543205, "mean": 1.68981635571, "dvar2": 0.833360314369, "min": 0, "var": 2.28929328918, "median": 1.33003008366}, "spectral_spread": {"dmean": 258397.84375, "dmean2": 439278.125, "max": 42890764, "dvar": 165437358080, "mean": 2561690.75, "dvar2": 365030735872, "min": 441435.5, "var": 12982188769300.0, "median": 2212998.75}, "barkbands_flatness_db": {"dmean": 0.0138527480885, "dmean2": 0.0228503104299, "max": 0.375856727362, "dvar": 0.000114403235784, "mean": 0.2441919595, "dvar2": 0.000297783291899, "min": 0.0589090958238, "var": 0.00115877273493, "median": 0.242799207568}, "pitch_salience": {"dmean": 0.0405137985945, "dmean2": 0.0597847215831, "max": 0.996071815491, "dvar": 0.00116077112034, "mean": 0.558767914772, "dvar2": 0.00247140554711, "min": 0.118663340807, "var": 0.00851085875183, "median": 0.557851076126}, "erbbands_kurtosis": {"dmean": 1.57010948658, "dmean2": 2.3604016304, "max": 35.6522445679, "dvar": 3.03632330894, "mean": 3.35963582993, "dvar2": 6.41986942291, "min": -1.5269588232, "var": 12.4023637772, "median": 2.41051721573}, "average_loudness": 0.894239544868, "barkbands_crest": {"dmean": 1.30160403252, "dmean2": 1.82762432098, "max": 24.982416153, "dvar": 1.40685558319, "mean": 8.86734867096, "dvar2": 2.71071648598, "min": 3.40267467499, "var": 9.74960136414, "median": 8.16010570526}, "hfc": {"dmean": 2.41846442223, "dmean2": 3.25049495697, "max": 100.768081665, "dvar": 7.49471187592, "mean": 15.5469789505, "dvar2": 13.4974527359, "min": 1.05390009819e-16, "var": 115.886711121, "median": 12.8477268219}, "barkbands_kurtosis": {"dmean": 1.11490261555, "dmean2": 1.66980648041, "max": 38.1599197388, "dvar": 1.52255606651, "mean": 2.71610379219, "dvar2": 3.45553517342, "min": -1.45326626301, "var": 8.18372058868, "median": 2.05209922791}, "erbbands": {"dmean": [0.0148829501122, 0.126706376672, 0.453062564135, 0.65228331089, 2.91921782494, 1.90022206306, 2.48481035233, 8.61682224274, 15.3075437546, 36.0787162781, 26.3537025452, 15.9907073975, 25.2751693726, 19.9149456024, 30.5569496155, 18.0056610107, 7.16234731674, 10.6156978607, 5.8840136528, 4.22468280792, 2.81583333015, 2.1932592392, 1.03422093391, 1.01979863644, 0.47857016325, 0.826503276825, 0.235281854868, 0.173456519842, 0.15155158937, 0.140199676156, 0.0623923391104, 0.0635342597961, 0.00719530787319, 0.000186296776519, 1.63972927112e-05, 6.81038773109e-06, 5.9808394326e-06, 9.82209371614e-07, 1.94948006538e-06, 4.50697507404e-06], "dmean2": [0.0226664487273, 0.183745458722, 0.680005848408, 1.07273960114, 4.66406869888, 2.82057309151, 3.58950805664, 10.2902135849, 16.3475017548, 45.7139282227, 32.0042228699, 20.9103393555, 34.7286834717, 26.4518508911, 44.1901931763, 27.7917194366, 11.5207176208, 17.5098152161, 9.04004955292, 6.75114107132, 4.6245803833, 3.78887343407, 1.7520802021, 1.77124035358, 0.821429133415, 1.42698657513, 0.401245862246, 0.286735326052, 0.244183555245, 0.230729654431, 0.0979216620326, 0.101651236415, 0.0113444281742, 0.000294441444566, 2.74379544862e-05, 1.16011797218e-05, 9.87241946859e-06, 1.71983651853e-06, 2.56585030911e-06, 5.92589958615e-06], "max": [0.587758600712, 4.64279842377, 16.9337463379, 27.0059356689, 187.830810547, 121.612854004, 244.609191895, 373.306884766, 708.012451172, 3050.85644531, 738.361206055, 1400.71154785, 2390.75292969, 2557.69116211, 3209.05639648, 728.750427246, 436.283874512, 643.363037109, 457.5625, 521.427612305, 246.299102783, 89.0974807739, 83.46043396, 29.6206798553, 14.3772172928, 31.6878566742, 5.7334356308, 3.39260435104, 3.65196180344, 4.10891914368, 2.23847913742, 1.71417033672, 0.145554319024, 0.00390807166696, 0.000324325897964, 0.000151906104293, 0.00011741117487, 2.40002555074e-05, 7.78462272137e-05, 0.000182576521183], "dvar": [0.00041718306602, 0.0237983632833, 0.345464229584, 0.63049441576, 18.6437835693, 10.0217494965, 32.4844512939, 160.651596069, 316.545959473, 2768.46679688, 1009.12145996, 683.059448242, 2907.42236328, 2801.38525391, 4509.98046875, 1018.03668213, 179.342849731, 461.703918457, 172.359725952, 92.3385009766, 27.0124053955, 17.6375904083, 4.70704603195, 2.87376093864, 0.649846732616, 2.3219935894, 0.113639287651, 0.0479484125972, 0.0377780050039, 0.0363163016737, 0.00602741353214, 0.00928383786231, 9.41019243328e-05, 6.04541767757e-08, 3.26192267641e-10, 5.41179809299e-11, 4.27446793239e-11, 1.31587460112e-12, 3.91751041329e-12, 2.08834390752e-11], "mean": [0.0763177722692, 0.65707308054, 2.34088635445, 3.80238246918, 14.5181331635, 9.45999717712, 9.68655109406, 32.7364730835, 64.5524673462, 108.096290588, 72.945526123, 41.3289146423, 68.4487380981, 69.2594909668, 73.7742538452, 31.8690681458, 13.3621273041, 18.2591629028, 12.3211069107, 8.96608257294, 5.34107017517, 3.58240628242, 1.92500460148, 1.81261122227, 1.04601657391, 1.54132807255, 0.590369045734, 0.46873947978, 0.437114536762, 0.40763130784, 0.204230055213, 0.17626555264, 0.0184891726822, 0.000545096525457, 6.21303988737e-05, 2.82800720015e-05, 2.22859653149e-05, 3.39081839229e-06, 1.54545159603e-05, 3.55948322976e-05], "dvar2": [0.000973297690507, 0.0516385696828, 0.805200338364, 1.77871918678, 57.6007461548, 23.3599014282, 68.1993408203, 413.605621338, 347.041381836, 4797.67529297, 1533.6159668, 1128.07348633, 4356.2890625, 4081.41796875, 7907.56835938, 2380.41040039, 442.561676025, 1227.88525391, 353.807861328, 199.165786743, 65.7356491089, 52.6712150574, 11.920665741, 8.60072994232, 1.945992589, 6.96938419342, 0.339104235172, 0.133025899529, 0.0997620820999, 0.0995335057378, 0.0146732758731, 0.0245141200721, 0.000224661285756, 1.44589961337e-07, 8.78656591929e-10, 1.62071939203e-10, 1.12386273898e-10, 4.0794802432e-12, 7.07770474173e-12, 3.79918596582e-11], "min": [5.27497782023e-23, 1.67834512098e-22, 1.47360661026e-21, 3.69338607275e-21, 1.34585403746e-20, 2.06942365438e-20, 4.73113609233e-20, 7.84212069399e-20, 1.27701487134e-19, 1.22651614118e-19, 1.92276724596e-19, 2.777222459e-19, 5.30310608888e-19, 4.71445489668e-19, 1.03974452328e-18, 1.0447399704e-18, 8.86770290291e-19, 1.9434265212e-18, 2.62213834676e-18, 2.19818119266e-18, 3.44837328508e-18, 3.98641208733e-18, 5.08226054925e-18, 4.30443863103e-18, 5.85187807657e-18, 7.98601687825e-18, 8.26513656825e-18, 9.71463824285e-18, 9.25006465952e-18, 1.02964812216e-17, 1.03536592543e-17, 9.87112840704e-18, 9.19073099418e-18, 8.3272173004e-18, 6.15877945462e-18, 4.14249403789e-18, 2.35535626239e-18, 9.40854874257e-19, 2.62299282433e-19, 2.53200243996e-20], "var": [0.004415047355, 0.345322608948, 4.40364551544, 13.9651355743, 357.13168335, 144.039260864, 255.522277832, 1161.00854492, 4146.57910156, 23020.4492188, 4386.62451172, 3944.44775391, 29442.453125, 39456.8828125, 41610.6523438, 2254.55102539, 599.929138184, 1044.51135254, 783.383361816, 505.871063232, 94.618309021, 26.5363788605, 10.7541913986, 4.77976989746, 1.22500145435, 3.37556576729, 0.284878224134, 0.140587568283, 0.118755631149, 0.123008511961, 0.0246346760541, 0.0259240660816, 0.00024847543682, 1.74917047957e-07, 1.21672627529e-09, 2.17964549187e-10, 1.57983223725e-10, 4.59042309373e-12, 6.84078349522e-11, 3.59863416843e-10], "median": [0.0559619218111, 0.489399582148, 1.7618252039, 2.45174598694, 7.61856412888, 4.82471704483, 3.906863451, 22.1487579346, 45.4861335754, 68.4965744019, 55.3099212646, 21.494052887, 19.4289703369, 13.4218091965, 24.9770679474, 16.2186889648, 6.01402854919, 7.20005655289, 4.15845346451, 3.64426231384, 2.74548268318, 2.02027654648, 1.02093303204, 1.10000526905, 0.720945596695, 1.02639830112, 0.444517731667, 0.384184151888, 0.358192712069, 0.318040370941, 0.170819714665, 0.131644964218, 0.0143394293264, 0.000438810122432, 5.57647908863e-05, 2.58220497926e-05, 2.01220555027e-05, 2.8874792406e-06, 1.3972027773e-05, 3.23421882058e-05]}, "spectral_energy": {"dmean": 0.00397024396807, "dmean2": 0.005218