{"tonal": {"hpcp": {"dvar": [0.0322866216302, 0.0284379888326, 0.0292718708515, 0.0384569093585, 0.0391233339906, 0.0400805845857, 0.0612100400031, 0.0430750362575, 0.037464234978, 0.0331395193934, 0.0321221314371, 0.0396273136139, 0.0415301285684, 0.0325602926314, 0.0335783585906, 0.0316952355206, 0.0356906503439, 0.0399844944477, 0.0478472039104, 0.0346328876913, 0.0365642271936, 0.0543440319598, 0.0489817745984, 0.0379362553358, 0.0357295498252, 0.0326521918178, 0.0406427197158, 0.0486147738993, 0.0375314727426, 0.032076664269, 0.0265540722758, 0.0232314169407, 0.0534804463387, 0.0636063069105, 0.0482050776482, 0.0434751883149], "var": [0.022752918303, 0.0183839220554, 0.03185762465, 0.0652364119887, 0.0435740873218, 0.0561263896525, 0.120794184506, 0.0677118971944, 0.0281236935407, 0.0225106608123, 0.0227643232793, 0.0401175916195, 0.0720139071345, 0.0409603603184, 0.0257790330797, 0.0226980578154, 0.0255192611367, 0.0491863563657, 0.0794342905283, 0.0391201041639, 0.0511622540653, 0.111894845963, 0.0698555931449, 0.0329519100487, 0.0377908274531, 0.0270883012563, 0.0516478419304, 0.106344267726, 0.0544540062547, 0.0252676121891, 0.0198197569698, 0.0158292744309, 0.048896510154, 0.100665137172, 0.0745408907533, 0.0365940704942], "median": [0.0130745945498, 0.0100863361731, 0.0270185116678, 0.0410409867764, 0.0367043912411, 0.134684368968, 0.222539320588, 0.125674009323, 0.0207865200937, 0.0123090781271, 0.0109311966226, 0.0403803437948, 0.0753521099687, 0.0526598840952, 0.0167514458299, 0.0120043121278, 0.0153245618567, 0.0678715482354, 0.109333895147, 0.0776540860534, 0.0480035506189, 0.0376951768994, 0.0303804203868, 0.0251868367195, 0.016456766054, 0.0154644213617, 0.103679433465, 0.198193952441, 0.116830177605, 0.0147284250706, 0.00810823310167, 0.00948575232178, 0.0587278045714, 0.102488175035, 0.067135900259, 0.021064972505], "max": [1, 1, 1, 1, 1, 1, 1, 1, 1, 1, 1, 1, 1, 1, 1, 1, 1, 1, 1, 1, 1, 1, 1, 1, 1, 1, 1, 1, 1, 1, 1, 1, 1, 1, 1, 1], "dmean": [0.0831552222371, 0.0748652368784, 0.0944373309612, 0.116725884378, 0.125514522195, 0.163551241159, 0.201021417975, 0.162331581116, 0.0959349796176, 0.0795715525746, 0.0783985480666, 0.111710689962, 0.127929791808, 0.106293417513, 0.0787551477551, 0.0754147171974, 0.088686645031, 0.130596041679, 0.152648717165, 0.127376437187, 0.125907108188, 0.141770362854, 0.139876723289, 0.108543537557, 0.0945489853621, 0.0944560989738, 0.148821651936, 0.178941115737, 0.145570069551, 0.0889411121607, 0.0673731267452, 0.0699573159218, 0.142842933536, 0.180467784405, 0.149632304907, 0.111776463687], "dmean2": [0.15291839838, 0.140242755413, 0.16751717031, 0.202194780111, 0.221614897251, 0.281080156565, 0.342064589262, 0.277647554874, 0.175541803241, 0.147410646081, 0.14503133297, 0.197122588754, 0.219809561968, 0.184110715985, 0.142481893301, 0.137601166964, 0.163974538445, 0.227878317237, 0.262157469988, 0.222800448537, 0.221464961767, 0.244193419814, 0.243888109922, 0.196049496531, 0.168200939894, 0.170688062906, 0.257974177599, 0.300476998091, 0.250371426344, 0.163952708244, 0.125062644482, 0.129293173552, 0.253666162491, 0.315940290689, 0.262813180685, 0.204404905438], "mean": [0.0621293447912, 0.0522514991462, 0.101409345865, 0.154109656811, 0.129588216543, 0.222853422165, 0.363881200552, 0.236197501421, 0.0794352963567, 0.0595804639161, 0.0580161288381, 0.120571531355, 0.188421756029, 0.134778007865, 0.0660778358579, 0.058089774102, 0.0677748396993, 0.159901618958, 0.226336017251, 0.155068814754, 0.154609456658, 0.224006727338, 0.165279597044, 0.0958243310452, 0.0875483378768, 0.0769044011831, 0.196480855346, 0.327266216278, 0.208004415035, 0.0700248405337, 0.0504690371454, 0.051022335887, 0.148612841964, 0.255836129189, 0.198086708784, 0.097873955965], "dvar2": [0.0898436456919, 0.0819085463881, 0.0801981762052, 0.0979777052999, 0.103846363723, 0.106250755489, 0.1463522017, 0.113154128194, 0.1055367589, 0.0944957882166, 0.089823693037, 0.109525576234, 0.105328477919, 0.0855867043138, 0.0927850976586, 0.0885855481029, 0.100474447012, 0.110983319581, 0.117485173047, 0.0943075940013, 0.0959862992167, 0.13025161624, 0.127812936902, 0.103592254221, 0.0962481275201, 0.0893040895462, 0.109514206648, 0.116922922432, 0.100188992918, 0.0900869444013, 0.074328713119, 0.0644660443068, 0.143668934703, 0.161194682121, 0.127016037703, 0.119834184647], "min": [0, 0, 0, 0, 0, 0, 0, 0, 0, 0, 0, 0, 0, 0, 0, 0, 0, 0, 0, 0, 0, 0, 0, 0, 0, 0, 0, 0, 0, 0, 0, 0, 0, 0, 0, 0]}, "key_key": "B", "thpcp": [1, 0.6491060853, 0.21830008924, 0.163736030459, 0.159437000751, 0.331348627806, 0.517811179161, 0.370390146971, 0.181591778994, 0.159639388323, 0.186255410314, 0.439433574677, 0.622005224228, 0.426152318716, 0.424889922142, 0.615603983402, 0.45421308279, 0.263339608908, 0.240595936775, 0.21134480834, 0.539958775043, 0.899376571178, 0.571627259254, 0.192438736558, 0.138696461916, 0.140217021108, 0.408410340548, 0.703075945377, 0.544371902943, 0.268972277641, 0.170740738511, 0.143594935536, 0.278688073158, 0.423516392708, 0.35612782836, 0.612434566021], "chords_key": "B", "tuning_equal_tempered_deviation": 0.0131724365056, "tuning_frequency": 440.254241943, "tuning_diatonic_strength": 0.631936371326, "chords_histogram": [37.9448509216, 4.47796392441, 8.5316991806, 0.188545837998, 0.353523463011, 0.070704691112, 0, 0, 0.0942729189992, 0, 0, 0, 0.0942729189992, 0.070704691112, 0, 0, 0, 1.34338915348, 0, 0.77775156498, 0, 8.01319789886, 23.5682296753, 14.4708929062], "key_strength": 0.845144510269, "key_scale": "major", "chords_strength": {"dvar": 5.18616980116e-05, "var": 0.00699614919722, "median": 0.503255069256, "max": 0.738545536995, "dmean": 0.0089464802295, "dmean2": 0.00854123011231, "mean": 0.501238226891, "dvar2": 5.5409342167e-05, "min": 0.230128511786}, "chords_number_rate": 0.0016497761244, "tuning_nontempered_energy_ratio": 0.626103341579, "hpcp_entropy": {"dvar": 0.230367124081, "var": 0.438031226397, "median": 2.02198863029, "max": 4.35643386841, "dmean": 0.562833189964, "dmean2": 0.934766113758, "mean": 1.98352622986, "dvar2": 0.615860998631, "min": 0}, "chords_changes_rate": 0.0431298613548, "chords_scale": "major"}, "rhythm": {"bpm_histogram_first_peak_spread": {"dvar": 0, "var": 0, "median": 0.452025592327, "max": 0.452025592327, "dmean": 0, "dmean2": 0, "mean": 0.452025592327, "dvar2": 0, "min": 0.452025592327}, "bpm_histogram_first_peak_weight": {"dvar": 0, "var": 0, "median": 0.524489820004, "max": 0.524489820004, "dmean": 0, "dmean2": 0, "mean": 0.524489820004, "dvar2": 0, "min": 0.524489820004}, "bpm_histogram_first_peak_bpm": {"dvar": 0, "var": 0, "median": 152, "max": 152, "dmean": 0, "dmean2": 0, "mean": 152, "dvar2": 0, "min": 152}, "bpm": 150.091583252, "bpm_histogram_second_peak_weight": {"dvar": 0, "var": 0, "median": 0.0224489793181, "max": 0.0224489793181, "dmean": 0, "dmean2": 0, "mean": 0.0224489793181, "dvar2": 0, "min": 0.0224489793181}, "beats_loudness": {"dvar": 9.58017408266e-05, "var": 0.000158912531333, "median": 0.0289039723575, "max": 0.0984917804599, "dmean": 0.0107343615964, "dmean2": 0.0185071863234, "mean": 0.0290651917458, "dvar2": 0.000273364421446, "min": 1.50458212556e-09}, "beats_loudness_band_ratio": {"dvar": [0.0261714197695, 0.0347239561379, 0.0173676777631, 0.0155251324177, 0.00374664994888, 0.011754559353], "var": [0.0564028508961, 0.0508370250463, 0.0194815155119, 0.0204232614487, 0.00376335787587, 0.00832130946219], "median": [0.45142352581, 0.257285892963, 0.0812516957521, 0.0693731606007, 0.0425559617579, 0.0469793081284], "max": [0.984117090702, 0.927035212517, 0.886145293713, 0.950821876526, 0.425364285707, 0.909207880497], "dmean": [0.207231029868, 0.351955294609, 0.112552769482, 0.101834565401, 0.0450779609382, 0.06919875741], "dmean2": [0.370189040899, 0.689962565899, 0.201638460159, 0.175281837583, 0.0783091187477, 0.12992040813], "mean": [0.438762515783, 0.29795858264, 0.137885570526, 0.122607067227, 0.0595314688981, 0.0628925636411], "dvar2": [0.08228199929, 0.123710699379, 0.0487318560481, 0.0442932955921, 0.0105986176059, 0.0324064604938], "min": [6.94292612025e-05, 0.00731484685093, 0.00361710018478, 0.00148553377949, 0.000297584512737, 0.000121317556477]}, "bpm_histogram_second_peak_bpm": {"dvar": 0, "var": 0, "median": 144, "max": 144, "dmean": 0, "dmean2": 0, "mean": 144, "dvar2": 0, "min": 144}, "onset_rate": 3.63941454887, "beats_count": 491, "beats_position": [0.406349211931, 0.812698423862, 1.21904754639, 1.62539684772, 2.03174591064, 2.43809509277, 2.8444442749, 3.27401351929, 3.70358276367, 4.12154197693, 4.53950119019, 4.96907043457, 5.39863920212, 5.8282084465, 6.24616765976, 6.66412687302, 7.05886602402, 7.46521520615, 7.87156438828, 8.26630401611, 8.66104316711, 9.06739234924, 9.47374153137, 9.86848068237, 10.2632198334, 10.6695690155, 11.0759181976, 11.4706573486, 11.8653964996, 12.2601356506, 12.6548748016, 13.0496139526, 13.4559631348, 13.8623123169, 14.2570514679, 14.66340065, 15.0697498322, 15.4644899368, 15.8592290878, 16.2655773163, 16.6719264984, 17.0666656494, 17.4614048004, 17.8677539825, 18.2741031647, 18.6688423157, 19.0635814667, 19.458322525, 19.8646717072, 20.2710208893, 20.6657600403, 21.0604991913, 21.4552383423, 21.8615875244, 22.2679367065, 22.6626758575, 23.0574150085, 23.4637641907, 23.8701133728, 24.2648525238, 24.6595916748, 25.0543308258, 25.4490699768, 25.8554191589, 26.2617683411, 26.6565074921, 27.0512466431, 27.4575958252, 27.8639450073, 28.2586841583, 28.6650333405, 29.0713825226, 29.4661216736, 29.8608608246, 30.2555999756, 30.6619491577, 31.0566883087, 31.4514274597, 31.8577766418, 32.2525177002, 32.6588668823, 33.0652160645, 33.4599533081, 33.8663024902, 34.2726516724, 34.6673927307, 35.0621299744, 35.4684791565, 35.8748283386, 36.269569397, 36.6643066406, 37.0706558228, 37.4653968811, 37.8717460632, 38.2664833069, 38.6612243652, 39.0559616089, 39.462310791, 39.8686599731, 40.2634010315, 40.6581382751, 41.0528793335, 41.4476165771, 41.8539657593, 42.2603149414, 42.6550559998, 43.0497932434, 43.4561424255, 43.8508834839, 44.257232666, 44.6635818481, 45.0699310303, 45.4646720886, 45.8594093323, 46.2657585144, 46.6721076965, 47.0668487549, 47.4615859985, 47.8563270569, 48.262676239, 48.6690254211, 49.0637626648, 49.4585037231, 49.8648529053, 50.2595901489, 50.6659393311, 51.0722885132, 51.4786376953, 51.8733787537, 52.2681159973, 52.6628570557, 53.0575942993, 53.4523353577, 53.8586845398, 54.2418136597, 54.6597709656, 55.0545120239, 55.4608612061, 55.8672103882, 56.2619476318, 56.6566886902, 57.0630378723, 57.4693870544, 57.8641242981, 58.2588653564, 58.6652145386, 59.0715637207, 59.4663009644, 59.8610420227, 60.2557830811, 60.6621322632, 61.0684814453, 61.463218689, 61.8579597473, 62.252696991, 62.6590461731, 63.0653953552, 63.4601364136, 63.8548736572, 64.2612228394, 64.6675720215, 65.0623092651, 65.4570541382, 65.8517913818, 66.258140564, 66.6644897461, 67.0592269897, 67.4655761719, 67.871925354, 68.2666625977, 68.6614074707, 69.0561447144, 69.4624938965, 69.8572311401, 70.2635803223, 70.6583175659, 71.053062439, 71.4477996826, 71.8541488647, 72.2604980469, 72.6552352905, 73.0615844727, 73.4563217163, 73.8626708984, 74.2574157715, 74.6521530151, 75.0468902588, 75.4532394409, 75.859588623, 76.2543258667, 76.6606826782, 77.0670318604, 77.461769104, 77.8565063477, 78.2512435913, 78.6575927734, 79.0639419556, 79.4586868286, 79.8534240723, 80.2481613159, 80.654510498, 81.0608596802, 81.4555969238, 81.861946106, 82.2682952881, 82.6630401611, 83.0577774048, 83.4525146484, 83.8472518921, 84.2536010742, 84.6599502563, 85.0662994385, 85.4610443115, 85.8673934937, 86.2621307373, 86.656867981, 87.0516052246, 87.4579544067, 87.8643035889, 88.2590484619, 88.6537857056, 89.0601348877, 89.4664840698, 89.8612213135, 90.2559585571, 90.6623077393, 91.0686569214, 91.4634017944, 91.8581390381, 92.2528762817, 92.6476211548, 93.0423583984, 93.4487075806, 93.8550567627, 94.2497940063, 94.6561431885, 95.0624923706, 95.4572296143, 95.8519744873, 96.246711731, 96.6414489746, 97.0477981567, 97.4541473389, 97.8488845825, 98.2436294556, 98.6383666992, 99.0563278198, 99.4510650635, 99.8574142456, 100.252151489, 100.658500671, 101.064849854, 101.459587097, 101.865936279, 102.260681152, 102.655418396, 103.05015564, 103.46811676, 103.862854004, 104.257591248, 104.652336121, 105.047073364, 105.453422546, 105.84815979, 106.254508972, 106.649246216, 107.043991089, 107.450340271, 107.856689453, 108.251426697, 108.657775879, 109.064125061, 109.458862305, 109.853607178, 110.248344421, 110.643081665, 111.049430847, 111.455780029, 111.850517273, 112.245262146, 112.651611328, 113.05796051, 113.452697754, 113.847434998, 114.242172241, 114.648521423, 115.054870605, 115.449615479, 115.855964661, 116.262313843, 116.657051086, 117.05178833, 117.446525574, 117.852874756, 118.247619629, 118.653968811, 119.048706055, 119.455055237, 119.861404419, 120.256141663, 120.650878906, 121.057228088, 121.440361023, 121.846710205, 122.253059387, 122.659408569, 123.065757751, 123.460494995, 123.855232239, 124.249977112, 124.644714355, 125.051063538, 125.45741272, 125.852149963, 126.258499146, 126.664848328, 127.059593201, 127.454330444, 127.849067688, 128.25541687, 128.661773682, 129.056503296, 129.451248169, 129.845977783, 130.252334595, 130.658676147, 131.053421021, 131.448165894, 131.842895508, 132.260864258, 132.655593872, 133.050338745, 133.445083618, 133.851425171, 134.257781982, 134.652511597, 135.04725647, 135.453598022, 135.848342896, 136.254684448, 136.649429321, 137.055786133, 137.462127686, 137.856872559, 138.251602173, 138.657958984, 139.064300537, 139.45904541, 139.853790283, 140.260131836, 140.666488647, 141.0728302, 141.467575073, 141.862304688, 142.257049561, 142.651794434, 143.046524048, 143.452880859, 143.870834351, 144.265579224, 144.660308838, 145.055053711, 145.461410522, 145.867752075, 146.262496948, 146.657226562, 147.051971436, 147.458312988, 147.853057861, 148.259414673, 148.654144287, 149.060501099, 149.455230713, 149.849975586, 150.256317139, 150.651062012, 151.057418823, 151.463760376, 151.858505249, 152.253234863, 152.659591675, 153.065933228, 153.460678101, 153.855422974, 154.250152588, 154.656509399, 155.051239014, 155.445983887, 155.84072876, 156.247070312, 156.653427124, 157.059768677, 157.45451355, 157.849243164, 158.243988037, 158.63873291, 159.045074463, 159.451431274, 159.846160889, 160.240905762, 160.635650635, 161.041992188, 161.448348999, 161.854690552, 162.249435425, 162.655776978, 163.050521851, 163.456863403, 163.863220215, 164.257949829, 164.664306641, 165.059051514, 165.465393066, 165.871749878, 166.278091431, 166.672836304, 167.067565918, 167.450698853, 167.833831787, 168.228561401, 168.623306274, 168.994827271, 169.389572144, 169.795913696, 170.202270508, 170.608612061, 171.003356934, 171.409698486, 171.816055298, 172.222396851, 172.628753662, 173.035095215, 173.441452026, 173.847793579, 174.265762329, 174.660491943, 175.055236816, 175.449981689, 175.867935181, 176.262680054, 176.657409668, 177.052154541, 177.458496094, 177.853240967, 178.25958252, 178.654327393, 179.049072266, 179.44380188, 179.850158691, 180.256500244, 180.651245117, 181.04598999, 181.440719604, 181.847076416, 182.253417969, 182.648162842, 183.042892456, 183.449249268, 183.85559082, 184.250335693, 184.645080566, 185.039810181, 185.446166992, 185.852508545, 186.247253418, 186.653594971, 187.059951782, 187.454696655, 187.84942627, 188.244171143, 188.650512695, 189.056869507, 189.451599121, 189.857955933, 190.264297485, 190.659042358, 191.053787231, 191.448516846, 191.854873657, 192.26121521, 192.655960083, 193.050704956, 193.44543457, 193.840179443, 194.234924316, 194.629653931, 195.036010742, 195.442352295, 195.837097168, 196.243438721, 196.649795532], "danceability": 1.13075423241, "bpm_histogram_second_peak_spread": {"dvar": 0, "var": 0, "median": 0.3125, "max": 0.3125, "dmean": 0, "dmean2": 0, "mean": 0.3125, "dvar2": 0, "min": 0.3125}}, "lowlevel": {"spectral_flux": {"dvar": 0.00167025567498, "var": 0.00320787075907, "median": 0.0624802112579, "max": 0.335373282433, "dmean": 0.0298866275698, "dmean2": 0.0463283099234, "mean": 0.0792199522257, "dvar2": 0.0031195410993, "min": 1.03253856854e-10}, "spectral_rolloff": {"dvar": 1838290.5, "var": 5093108.5, "median": 1119.7265625, "max": 19315.2832031, "dmean": 603.146789551, "dmean2": 1013.41882324, "mean": 1694.3729248, "dvar2": 3922683, "min": 86.1328125}, "barkbands_flatness_db": {"dvar": 0.000598799844738, "var": 0.00349177839234, "median": 0.116373963654, "max": 0.406133115292, "dmean": 0.0225238837302, "dmean2": 0.0361708663404, "mean": 0.128917917609, "dvar2": 0.00167269969825, "min": 0.0271603930742}, "spectral_centroid": {"dvar": 106100.84375, "var": 282612.03125, "median": 1154.3416748, "max": 10789.9404297, "dmean": 244.210601807, "dmean2": 394.286834717, "mean": 1222.39978027, "dvar2": 249107.578125, "min": 224.999908447}, "melbands_skewness": {"dvar": 1.20173478127, "var": 2.68750095367, "median": 2.04986190796, "max": 15.0001344681, "dmean": 0.812475681305, "dmean2": 1.2792699337, "mean": 2.19009065628, "dvar2": 2.95593237877, "min": -2.14750170708}, "melbands": {"dvar": [3.27735278915e-06, 3.93226491724e-06, 1.70086718754e-06, 1.45162766785e-05, 3.28945787942e-07, 1.48202389028e-07, 6.55082530443e-08, 1.479317433e-07, 1.39415604394e-07, 5.57545014601e-08, 2.31748327195e-08, 4.1516980076e-08, 4.7587601415e-08, 3.74015307614e-08, 1.50141641342e-08, 6.87854750936e-09, 7.06807279371e-09, 7.11562542222e-09, 3.70861541477e-09, 2.18608908753e-09, 1.33911870481e-09, 9.77480985043e-10, 3.74816455651e-10, 1.63105279283e-10, 7.69921557064e-11, 4.28692879806e-11, 5.58258959893e-11, 5.70869046479e-11, 4.22718908488e-11, 7.04653696504e-11, 9.50763009988e-11, 1.34234377086e-11, 1.10914350621e-11, 1.5016852345e-11, 1.29542192945e-11, 2.20205125835e-12, 2.68087982369e-12, 4.8632881576e-12, 9.61453226062e-12, 1.69418923335e-11], "var": [2.5593983537e-06, 2.98348254546e-06, 1.21714936085e-06, 9.38571884035e-06, 4.55741854921e-07, 3.55864557378e-07, 1.24497404386e-07, 2.03036506718e-07, 2.40030402665e-07, 9.76605605274e-08, 5.34781889883e-08, 1.20415649008e-07, 1.37997872685e-07, 7.91246961285e-08, 3.10531653724e-08, 1.16179270648e-08, 1.57414348223e-08, 7.79623743341e-09, 5.59771473618e-09, 3.37359740143e-09, 2.63327115668e-09, 1.48380119303e-09, 6.12953354739e-10, 2.1975914144e-10, 7.23803447733e-11, 4.82008148672e-11, 4.99534406895e-11, 4.58547609605e-11, 3.22475969539e-11, 5.2583545157e-11, 6.77103234592e-11, 1.92535726945e-11, 1.89080417989e-11, 1.86804634261e-11, 1.45752160341e-11, 3.9099500547e-12, 5.08980097652e-12, 7.62124998527e-12, 1.52836354683e-11, 2.78102107315e-11], "median": [0.00069009087747, 0.000714617490303, 0.000357075652573, 0.000348949251929, 0.00024246070825, 0.000173601234565, 0.000103528720501, 0.000101959158201, 4.02184814448e-05, 7.20447715139e-05, 8.89304938028e-05, 6.56743141008e-05, 5.84549852647e-05, 3.24391985487e-05, 2.58927357208e-05, 1.69678496604e-05, 1.48753706526e-05, 1.23556528706e-05, 1.18334310173e-05, 9.33121100388e-06, 1.0218758689e-05, 1.2243312085e-05, 1.01979021565e-05, 6.14446980762e-06, 3.61721095032e-06, 3.17280682793e-06, 2.52854101745e-06, 1.94152994482e-06, 1.23762538351e-06, 1.22433152683e-06, 9.5216836371e-07, 9.12005873488e-07, 9.77083800535e-07, 7.27443364212e-07, 6.25062568815e-07, 5.47710442333e-07, 8.3889239022e-07, 7.46125522255e-07, 6.47004981147e-07, 5.53062193376e-07], "max": [0.0163522027433, 0.0161557793617, 0.0110424458981, 0.0291809588671, 0.00715790456161, 0.00847673974931, 0.00704210391268, 0.00774203706533, 0.00727948173881, 0.0052258935757, 0.00347150489688, 0.0043477518484, 0.00606817891821, 0.00458554970101, 0.00287867314182, 0.0021253186278, 0.00203565740958, 0.00247916276567, 0.00131638813764, 0.000992536079139, 0.000992994988337, 0.000939342717174, 0.000539939093869, 0.000262459507212, 0.000282003136817, 8.40301436256e-05, 9.40492682275e-05, 8.39282511151e-05, 6.9667425123e-05, 0.000102959289507, 0.000118231597298, 5.48219504708e-05, 6.27481058473e-05, 4.73596337542e-05, 4.14453934354e-05, 3.03226170217e-05, 2.71959925158e-05, 5.18675478816e-05, 5.71505406697e-05, 7.60191760492e-05], "dmean": [0.000687959254719, 0.000777854642365, 0.000560420507099, 0.00119360222016, 0.000295147270663, 0.00016960137873, 9.60230536293e-05, 0.000148020641063, 0.000114393260446, 9.23222469282e-05, 7.53667918616e-05, 8.28630072647e-05, 8.63205423229e-05, 6.46093030809e-05, 4.52512249467e-05, 2.69285610557e-05, 3.1514922739e-05, 2.64524333033e-05, 2.21994614549e-05, 1.5340234313e-05, 1.46068887261e-05, 1.51265494424e-05, 1.1039988749e-05, 7.01882299836e-06, 4.04238971896e-06, 3.56628402187e-06, 3.45100716004e-06, 3.14371732202e-06, 2.54161454905e-06, 2.93435255116e-06, 3.2028528949e-06, 1.62844798979e-06, 1.53818837134e-06, 1.56383600824e-06, 1.41921248087e-06, 7.39343875011e-07, 8.83710413291e-07, 9.11703864404e-07, 1.1517091707e-06, 1.3233250229e-06], "dmean2": [0.00118504813872, 0.00137270509731, 0.000996940536425, 0.00214377511293, 0.000490430276841, 0.000282771303318, 0.000150704654516, 0.000232607693761, 0.000182218806003, 0.000142215649248, 0.000111280489364, 0.000125067163026, 0.000126861836179, 9.56769799814e-05, 6.99350275681e-05, 4.08536034229e-05, 4.81991410197e-05, 4.25084472226e-05, 3.45358603226e-05, 2.39657329075e-05, 2.28114513448e-05, 2.50760167546e-05, 1.83091269719e-05, 1.17502941066e-05, 6.90134720571e-06, 6.09514381722e-06, 6.08071513852e-06, 5.58789042771e-06, 4.52147423857e-06, 5.13893382958e-06, 5.67746565139e-06, 2.65735275207e-06, 2.47967159339e-06, 2.58529576058e-06, 2.44370062319e-06, 1.17566594326e-06, 1.3792197251e-06, 1.41921691466e-06, 1.80126141913e-06, 2.08167261917e-06], "mean": [0.000970269495156, 0.00110852916259, 0.000644247978926, 0.0010927618714, 0.000460476177977, 0.0003585597442, 0.000205381904379, 0.000242426147452, 0.000177549867658, 0.000182448406122, 0.000160195937497, 0.00017479879898, 0.000173130756593, 0.000107169573312, 7.54166976549e-05, 4.46025806013e-05, 5.11003527208e-05, 3.63269173249e-05, 3.31242772518e-05, 2.42083224293e-05, 2.42914302362e-05, 2.37711810769e-05, 1.76429839485e-05, 1.05578210423e-05, 5.93657932768e-06, 5.35886101716e-06, 4.7297198762e-06, 3.98750989916e-06, 2.95873633149e-06, 3.28443638864e-06, 3.3728138078e-06, 2.53743633039e-06, 2.55907639257e-06, 2.29351985581e-06, 1.95923234969e-06, 1.27819009776e-06, 1.5842169887e-06, 1.55619363795e-06, 1.77196716322e-06, 1.99768373932e-06], "dvar2": [8.80386050994e-06, 1.09822813101e-05, 4.7052235459e-06, 4.05055798183e-05, 8.46537091093e-07, 3.83211130384e-07, 1.54286823317e-07, 3.65451683138e-07, 3.45079627095e-07, 1.41830241773e-07, 4.88284079836e-08, 9.71371107994e-08, 1.06671876665e-07, 7.99976263011e-08, 3.49965709745e-08, 1.5692345201e-08, 1.62502704626e-08, 1.84752426691e-08, 8.63899352055e-09, 5.07248110182e-09, 2.78776468576e-09, 2.57316679075e-09, 9.35355681797e-10, 4.16650158819e-10, 2.0893026198e-10, 1.16894979807e-10, 1.56940113683e-10, 1.62070273868e-10, 1.18828974438e-10, 1.95051447216e-10, 2.70368505362e-10, 3.32783627044e-11, 2.74344783002e-11, 3.93875661253e-11, 3.56013031555e-11, 5.27686878568e-12, 6.1300730117e-12, 1.08365851015e-11, 2.15218606825e-11, 3.83195766784e-11], "min": [2.15724080398e-23, 8.0409302044e-24, 6.75580952548e-24, 1.00234757099e-23, 1.62085546256e-23, 6.65828422949e-24, 4.02305887686e-24, 1.58643414805e-23, 9.78740908399e-24, 1.42099912995e-23, 1.86315566732e-23, 1.28885033439e-23, 6.65841596926e-24, 7.91378791458e-24, 1.11975689496e-23, 2.67985890543e-24, 7.28522196758e-24, 1.29960053638e-23, 8.85811989359e-24, 9.03921711388e-24, 1.90455918971e-23, 1.14702986749e-23, 8.73526742937e-24, 8.94284118823e-24, 1.24823827616e-23, 9.00410412613e-24, 5.37724708904e-24, 6.44971847805e-24, 1.14868876308e-23, 1.26655034101e-23, 8.86813921594e-24, 1.04071263782e-23, 9.61346288781e-24, 9.83832926656e-24, 1.19734310048e-23, 8.05331295403e-24, 1.05601125402e-23, 1.11883755646e-23, 9.90917686446e-24, 1.39942252201e-23]}, "spectral_decrease": {"dvar": 2.22143307424e-17, "var": 2.06086987272e-17, "median": -4.71220173992e-09, "max": 2.44473455033e-16, "dmean": 2.49399501051e-09, "dmean2": 4.25470325638e-09, "mean": -5.60991786358e-09, "dvar2": 5.98273664327e-17, "min": -3.46926078976e-08}, "barkbands_kurtosis": {"dvar": 43.3008422852, "var": 101.423782349, "median": 1.45664215088, "max": 238.949569702, "dmean": 2.79571652412, "dmean2": 4.63673019409, "mean": 3.6701157093, "dvar2": 99.4680557251, "min": -1.92593348026}, "silence_rate_30dB": {"dvar": 0, "var": 0, "median": 1, "max": 1, "dmean": 0, "dmean2": 0, "mean": 1, "dvar2": 0, "min": 1}, "gfcc": {"mean": [-6.60971355438, 87.6387405396, -113.320610046, 17.9643802643, -59.7594413757, 20.5136089325, -43.988658905, 13.9780359268, -28.2521533966, -1.60006654263, -17.5657711029, 3.93483257294, -6.81790447235], "cov": [[13681.7802734, -642.327026367, 579.26184082, 1816.09643555, -118.879768372, 887.221740723, -332.847167969, 508.83416748, -226.654830933, 437.945281982, -297.184814453, 271.029937744, -151.905731201], [-642.327026367, 1403.98083496, -472.681976318, -248.58366394, 164.327301025, -145.395843506, 164.240127563, -15.7725391388, 96.9602508545, -114.916542053, 147.622177124, -70.9374237061, 65.8858108521], [579.26184082, -472.681976318, 781.066040039, 451.788299561, 12.9822807312, 155.281326294, -56.326084137, 72.9943695068, -14.9617586136, 86.5715332031, -70.8555145264, 78.867980957, -38.0082473755], [1816.09643555, -248.58366394, 451.788299561, 827.71472168, 124.373352051, 190.330307007, 19.4982566833, 90.2664337158, 23.7265281677, 109.489212036, -52.8853721619, 64.8148727417, -22.404882431], [-118.879768372, 164.327301025, 12.9822807312, 124.373352051, 320.28805542, 93.623878479, 100.510383606, 80.0234603882, 62.4919319153, 54.7355575562, 41.5692901611, 6.54053020477, 18.8715457916], [887.221740723, -145.395843506, 155.281326294, 190.330307007, 93.623878479, 327.026000977, 69.1727371216, 89.4227905273, -5.14706993103, 67.1554870605, -6.27421140671, 23.6461753845, -25.0238265991], [-332.847167969, 164.240127563, -56.326084137, 19.4982566833, 100.510383606, 69.1727371216, 250.431396484, 33.8457069397, 15.8479290009, -2.19513392448, 58.2178649902, 6.12854528427, -2.27116298676], [508.83416748, -15.7725391388, 72.9943695068, 90.2664337158, 80.0234603882, 89.4227905273, 33.8457069397, 177.089935303, 54.2646865845, 41.7223548889, 5.9089589119, 31.8597545624, 4.91314983368], [-226.654830933, 96.9602508545, -14.9617586136, 23.7265281677, 62.4919319153, -5.14706993103, 15.8479290009, 54.2646865845, 138.697723389, 38.9579658508, 13.6495132446, -3.7760488987, 15.0311193466], [437.945281982, -114.916542053, 86.5715332031, 109.489212036, 54.7355575562, 67.1554870605, -2.19513392448, 41.7223548889, 38.9579658508, 121.128746033, 18.5948467255, 25.4554004669, -2.10130596161], [-297.184814453, 147.622177124, -70.8555145264, -52.8853721619, 41.5692901611, -6.27421140671, 58.2178649902, 5.9089589119, 13.6495132446, 18.5948467255, 115.300750732, 31.2931098938, 23.9207897186], [271.029937744, -70.9374237061, 78.867980957, 64.8148727417, 6.54053020477, 23.6461753845, 6.12854528427, 31.8597545624, -3.7760488987, 25.4554004669, 31.2931098938, 89.0276641846, 20.811340332], [-151.905731201, 65.8858108521, -38.0082473755, -22.404882431, 18.8715457916, -25.0238265991, -2.27116298676, 4.91314983368, 15.0311193466, -2.10130596161, 23.9207897186, 20.811340332, 65.4121398926]], "icov": [[0.000302933854982, -0.000328203634126, 0.000517129083164, -0.000674416543916, 0.000560561486054, -0.000508182914928, 0.000541553308722, -0.000801524613053, 0.0010230767075, -0.00113161944319, 0.000948027649429, -0.000888570386451, 0.000491007056553], [-0.000328203634126, 0.00170675246045, -0.000159847564646, 0.000581333762966, -0.00114545761608, 0.000803725386504, -0.000824178219773, 0.000821165216621, -0.00187888194341, 0.0027341991663, -0.00258409348316, 0.00199074251577, -0.000996213988401], [0.000517129083164, -0.000159847564646, 0.00328163569793, -0.00209634471685, 0.000941300066188, -0.0011142269941, 0.00128716486506, -0.0015595050063, 0.00174685625825, -0.00197515031323, 0.00217435345985, -0.00290420441888, 0.00167870055884], [-0.000674416543916, 0.000581333762966, -0.00209634471685, 0.00362504739314, -0.00177579501178, 0.000741119496524, -0.00145928119309, 0.00192604353651, -0.00233300379477, 0.00155435781926, -0.000851143675391, 0.00106121122371, -0.000968014996033], [0.000560561486054, -0.00114545761608, 0.000941300066188, -0.00177579501178, 0.00596371898428, -0.00163790432271, -0.0001697018306, -0.00251600798219, 0.00130966887809, -0.00363191799261, 0.00132411252707, -0.000503140152432, -0.000511570018716], [-0.000508182914928, 0.000803725386504, -0.0011142269941, 0.000741119496524, -0.00163790432271, 0.00572005752474, -0.00211388221942, -0.000429854699178, -0.000200670518097, 0.000275100232102, -0.00124818249606, 0.0018497336423, 0.000159294795594], [0.000541553308722, -0.000824178219773, 0.00128716486506, -0.00145928119309, -0.0001697018306, -0.00211388221942, 0.00671993754804, -0.00169515388552, 0.00162428210024, -0.000354970834451, -0.000961871701293, -0.00173056742642, 0.00245449505746], [-0.000801524613053, 0.000821165216621, -0.0015595050063, 0.00192604353651, -0.00251600798219, -0.000429854699178, -0.00169515388552, 0.0106537695974, -0.00582824228331, 0.00293366936967, -0.00137452967465, -0.000673033297062, -0.00108227122109], [0.0010230767075, -0.00187888194341, 0.00174685625825, -0.00233300379477, 0.00130966887809, -0.000200670518097, 0.00162428210024, -0.00582824228331, 0.0141227971762, -0.00800420623273, 0.00395562406629, -0.00100807554554, -0.00010439682228], [-0.00113161944319, 0.0027341991663, -0.00197515031323, 0.00155435781926, -0.00363191799261, 0.000275100232102, -0.000354970834451, 0.00293366936967, -0.00800420623273, 0.0186772253364, -0.00827565323561, 0.00275304517709, -0.000487105950015], [0.000948027649429, -0.00258409348316, 0.00217435345985, -0.000851143675391, 0.00132411252707, -0.00124818249606, -0.000961871701293, -0.00137452967465, 0.00395562406629, -0.00827565323561, 0.0188462939113, -0.00953920930624, -4.51866180811e-05], [-0.000888570386451, 0.00199074251577, -0.00290420441888, 0.00106121122371, -0.000503140152432, 0.0018497336423, -0.00173056742642, -0.000673033297062, -0.00100807554554, 0.00275304517709, -0.00953920930624, 0.021526960656, -0.00758989481255], [0.000491007056553, -0.000996213988401, 0.00167870055884, -0.000968014996033, -0.000511570018716, 0.000159294795594, 0.00245449505746, -0.00108227122109, -0.00010439682228, -0.000487105950015, -4.51866180811e-05, -0.00758989481255, 0.0208899136633]]}, "silence_rate_20dB": {"dvar": 0, "var": 0, "median": 1, "max": 1, "dmean": 0, "dmean2": 0, "mean": 1, "dvar2": 0, "min": 1}, "barkbands_skewness": {"dvar": 0.511607706547, "var": 1.62392163277, "median": 1.18029928207, "max": 13.6469993591, "dmean": 0.572630882263, "dmean2": 0.898977100849, "mean": 1.26758491993, "dvar2": 1.23187553883, "min": -10.1393575668}, "erbbands_skewness": {"dvar": 0.1354957968, "var": 0.548539221287, "median": 0.35024830699, "max": 5.3730635643, "dmean": 0.358201771975, "dmean2": 0.550090789795, "mean": 0.427750885487, "dvar2": 0.307278454304, "min": -2.45132708549}, "spectral_contrast_valleys": {"dvar": [0.116475433111, 0.107708446681, 0.0866832360625, 0.110193066299, 0.175519362092, 0.202227652073], "var": [2.72522258759, 1.18124961853, 1.17108380795, 1.2336499691, 1.62426233292, 2.08526873589], "median": [-6.97183132172, -6.77037477493, -7.10325479507, -7.68925905228, -7.52455568314, -9.64906597137], "max": [-5.50885486603, -4.87349176407, -4.81890153885, -5.6933927536, -5.77056264877, -7.7863984108], "dmean": [0.363341629505, 0.334806531668, 0.303599625826, 0.331501185894, 0.308186858892, 0.343508213758], "dmean2": [0.607059776783, 0.542336165905, 0.487543493509, 0.514961123466, 0.477944105864, 0.469784677029], "mean": [-7.49779939651, -6.93185853958, -7.29816961288, -7.87976932526, -7.84312009811, -10.0110721588], "dvar2": [0.281723380089, 0.251720845699, 0.19590292871, 0.235796093941, 0.370824843645, 0.377738565207], "min": [-27.5420722961, -27.3268718719, -27.1830673218, -27.4979000092, -27.2609386444, -27.0979480743]}, "spectral_strongpeak": {"dvar": 0.768647074699, "var": 1.72534346581, "median": 0.485649108887, "max": 8.81627655029, "dmean": 0.571054399014, "dmean2": 0.96304923296, "mean": 1.10925984383, "dvar2": 1.86231303215, "min": 0}, "erbbands_crest": {"dvar": 6.28555345535, "var": 20.9764022827, "median": 8.21337413788, "max": 29.9535446167, "dmean": 2.50064015388, "dmean2": 4.00392866135, "mean": 9.29057979584, "dvar2": 15.1112012863, "min": 2.33034515381}, "barkbands_crest": {"dvar": 11.0439004898, "var": 19.6872577667, "median": 8.90218544006, "max": 26.3560390472, "dmean": 3.0085003376, "dmean2": 4.98803758621, "mean": 10.0527095795, "dvar2": 29.3028049469, "min": 2.42077660561}, "spectral_energyband_middle_low": {"dvar": 0.000265971262706, "var": 0.00020712177502, "median": 0.00751937972382, "max": 0.127453371882, "dmean": 0.00664340751246, "dmean2": 0.0114380344748, "mean": 0.011152420193, "dvar2": 0.00072892283788, "min": 3.38589854273e-22}, "spectral_contrast_coeffs": {"dvar": [0.00321553112008, 0.00148495461326, 0.00100216234569, 0.000747907557525, 0.000423459801823, 0.000344909989508], "var": [0.00985671393573, 0.0059874416329, 0.00517507549375, 0.00355128245428, 0.00199248734862, 0.00110894080717], "median": [-0.659568965435, -0.72177529335, -0.742255151272, -0.769924998283, -0.794474065304, -0.796057105064], "max": [-0.259941726923, -0.388404726982, -0.39571928978, -0.471390604973, -0.542589306831, -0.642690718174], "dmean": [0.0553057938814, 0.0437602736056, 0.0369233377278, 0.0316113717854, 0.0229058209807, 0.0188042279333], "dmean2": [0.0909496471286, 0.0707647055387, 0.0570915006101, 0.0491875857115, 0.0364198125899, 0.0302312318236], "mean": [-0.638357818127, -0.716621637344, -0.734716951847, -0.762690246105, -0.788132309914, -0.795708239079], "dvar2": [0.00789463426918, 0.00375902839005, 0.00223882007413, 0.00164411123842, 0.000933376664761, 0.000872637261637], "min": [-0.965304017067, -0.9542324543, -0.958205223083, -0.96026468277, -0.957238078117, -0.963015675545]}, "hfc": {"dvar": 134.983886719, "var": 232.587615967, "median": 15.6973648071, "max": 121.161552429, "dmean": 6.85051250458, "dmean2": 11.0073595047, "mean": 19.0741558075, "dvar2": 344.077850342, "min": 1.16777044306e-16}, "spectral_energyband_high": {"dvar": 1.11992142138e-06, "var": 1.56042858634e-06, "median": 0.000370447378373, "max": 0.00923929177225, "dmean": 0.000477482040878, "dmean2": 0.000762337411288, "mean": 0.000808630604297, "dvar2": 2.85945588985e-06, "min": 7.79560616326e-21}, "erbbands_spread": {"dvar": 130.210617065, "var": 477.094543457, "median": 32.2983512878, "max": 152.826385498, "dmean": 8.75924015045, "dmean2": 12.9306821823, "mean": 36.6350288391, "dvar2": 266.8487854, "min": 1.60480189323}, "dissonance": {"dvar": 0.000488136924105, "var": 0.00132712314371, "median": 0.467651873827, "max": 0.5, "dmean": 0.0198659468442, "dmean2": 0.0332780554891, "mean": 0.45793685317, "dvar2": 0.00132771232165, "min": 0.133273541927}, "spectral_kurtosis": {"dvar": 15.1096439362, "var": 67.615486145, "median": 4.08731079102, "max": 92.8330307007, "dmean": 1.90696036816, "dmean2": 3.0949215889, "mean": 5.90642023087, "dvar2": 42.8091659546, "min": -1.27573370934}, "spectral_skewness": {"dvar": 0.106635853648, "var": 0.562695264816, "median": 1.73091506958, "max": 7.55307102203, "dmean": 0.243265643716, "dmean2": 0.378783792257, "mean": 1.8237837553, "dvar2": 0.258751213551, "min": -0.0697953999043}, "pitch_salience": {"dvar": 0.00726203387603, "var": 0.0113332923502, "median": 0.566206872463, "max": 0.868852674961, "dmean": 0.0792941004038, "dmean2": 0.133937954903, "mean": 0.559186518192, "dvar2": 0.0208407528698, "min": 0.0968115702271}, "spectral_complexity": {"dvar": 22.5495262146, "var": 64.156539917, "median": 18, "max": 54, "dmean": 3.72890138626, "dmean2": 6.05375432968, "mean": 17.9522686005, "dvar2": 56.2474060059, "min": 0}, "spectral_spread": {"dvar": 883455033344, "var": 4346088783870.0, "median": 5139049, "max": 39243420, "dmean": 718643.5625, "dmean2": 1015940.6875, "mean": 5277457.5, "dvar2": 1570837757950.0, "min": 754719.875}, "dynamic_complexity": 2.8922996521, "melbands_crest": {"dvar": 13.4197683334, "var": 24.4314365387, "median": 11.6022062302, "max": 33.2001800537, "dmean": 3.41351819038, "dmean2": 5.65085315704, "mean": 12.638469696, "dvar2": 34.7638130188, "min": 1.96084952354}, "zerocrossingrate": {"dvar": 0.000344443949871, "var": 0.00374896847643, "median": 0.0556640625, "max": 0.79638671875, "dmean": 0.0122096212581, "dmean2": 0.0140344453976, "mean": 0.0680947750807, "dvar2": 0.000366706110071, "min": 0.00341796875}, "spectral_energyband_low": {"dvar": 8.2069374912e-05, "var": 6.65974730509e-05, "median": 0.00429023522884, "max": 0.0802037492394, "dmean": 0.00361393927597, "dmean2": 0.00621682358906, "mean": 0.00570307206362, "dvar2": 0.000220691683353, "min": 1.00818903866e-22}, "melbands_kurtosis": {"dvar": 240.790374756, "var": 291.933258057, "median": 5.54089069366, "max": 317.81930542, "dmean": 7.1243929863, "dmean2": 11.9186706543, "mean": 10.2508516312, "dvar2": 625.554443359, "min": -1.76702368259}, "spectral_energyband_middle_high": {"dvar": 8.5155134002e-06, "var": 3.55918418791e-05, "median": 0.00371708162129, "max": 0.0471223369241, "dmean": 0.00189271511044, "dmean2": 0.00290256552398, "mean": 0.00570418825373, "dvar2": 1.98394718609e-05, "min": 1.46025943716e-21}, "barkbands_spread": {"dvar": 86.4471969604, "var": 259.163665771, "median": 20.1343479156, "max": 140.508270264, "dmean": 6.46343898773, "dmean2": 10.3299255371, "mean": 23.3945350647, "dvar2": 200.795166016, "min": 0.711928427219}, "mfcc": {"mean": [-647.27355957, 121.270301819, 3.82001543045, 4.27217245102, 6.62084245682, -0.486024230719, 0.824706852436, 6.58194923401, 1.08456671238, -5.5499420166, -3.94725251198, -2.84184098244, -1.88638937473], "cov": [[8413.64355469, -634.520385742, 439.792236328, 936.463195801, 515.335083008, 450.588470459, 305.431640625, 185.690795898, 191.399002075, 145.734802246, 108.453353882, 123.905281067, 78.9356079102], [-634.520385742, 1230.68786621, -353.697296143, -110.097610474, -5.59770011902, -86.2749023438, 45.364200592, 71.9427871704, -13.5209922791, 22.1130409241, 16.1018600464, 37.4621887207, 20.9662380219], [439.792236328, -353.697296143, 537.446960449, 209.170669556, 55.4104652405, 87.2313079834, -12.0962934494, 8.4603433609, 19.5563030243, -18.55352211, 5.43541383743, -5.69791460037, -1.61492431164], [936.463195801, -110.097610474, 209.170669556, 591.423400879, 173.565597534, 140.017181396, 67.8057556152, 53.9324607849, 69.6539916992, 37.9070358276, 31.2465381622, 41.2508239746, 17.2821292877], [515.335083008, -5.59770011902, 55.4104652405, 173.565597534, 293.343200684, 84.7058868408, 35.7615470886, 26.0701789856, 79.5315093994, 54.0468215942, 45.4235229492, 34.1791419983, 29.0583095551], [450.588470459, -86.2749023438, 87.2313079834, 140.017181396, 84.7058868408, 227.163711548, 113.175331116, 40.6690711975, 34.9546470642, 49.1584663391, 42.9660568237, 16.8023643494, 5.68590259552], [305.431640625, 45.364200592, -12.0962934494, 67.8057556152, 35.7615470886, 113.175331116, 232.199279785, 91.8646392822, 21.3435153961, 32.8114852905, 36.3453102112, 35.4346542358, 18.9117736816], [185.690795898, 71.9427871704, 8.4603433609, 53.9324607849, 26.0701789856, 40.6690711975, 91.8646392822, 148.760421753, 50.9514465332, 29.4477386475, 23.4673156738, 28.0449981689, 22.0423526764], [191.399002075, -13.5209922791, 19.5563030243, 69.6539916992, 79.5315093994, 34.9546470642, 21.3435153961, 50.9514465332, 116.990592957, 59.5933189392, 24.1153507233, 19.7120170593, 23.5534915924], [145.734802246, 22.1130409241, -18.55352211, 37.9070358276, 54.0468215942, 49.1584663391, 32.8114852905, 29.