{"tonal": {"hpcp": {"dvar": [0.011066284962, 0.00629288284108, 0.0105072734877, 0.0117991724983, 0.00998816080391, 0.00411720992997, 0.00788362137973, 0.00685049733147, 0.015536014922, 0.0197245236486, 0.0128104006872, 0.00396147090942, 0.00720043806359, 0.00771187851205, 0.0149452527985, 0.0224151108414, 0.018058180809, 0.0179415307939, 0.014248367399, 0.0136814340949, 0.00558995921165, 0.00607916573063, 0.0078305285424, 0.0170766860247, 0.0134293949232, 0.00571176316589, 0.00555683299899, 0.00533009320498, 0.0123745566234, 0.0189858302474, 0.0236167982221, 0.0155094768852, 0.00875305943191, 0.00466883787885, 0.00611555902287, 0.0101876016706], "var": [0.0564581528306, 0.0144607871771, 0.03488317132, 0.118950456381, 0.0391552634537, 0.02692858316, 0.0798001363873, 0.0181778930128, 0.0590962767601, 0.141276493669, 0.03621891886, 0.00804966595024, 0.0208351779729, 0.00992637500167, 0.0458188764751, 0.081918604672, 0.0247465651482, 0.0596551708877, 0.123811066151, 0.031486030668, 0.0226359665394, 0.0302854571491, 0.00733514595777, 0.0557951107621, 0.0901142284274, 0.0166662782431, 0.00848529394716, 0.015271153301, 0.0112660750747, 0.0827128067613, 0.146204560995, 0.0299367457628, 0.0103628952056, 0.0117845805362, 0.00594129692763, 0.0262747518718], "median": [0.00684294477105, 0.0045991204679, 0.00253025814891, 0.00229917792603, 0.00360765680671, 0.0047369976528, 0.00362591375597, 0.00306047708727, 0.0208509303629, 0.0407792367041, 0.0224633198231, 0.000723917153664, 0.000543413800187, 0.00705013610423, 0.0513066500425, 0.0746853798628, 0.0385448783636, 0.00365906022489, 0.00127654336393, 0.00062928837724, 0.0010452097049, 0.000757002504542, 0.00183698465116, 0.00237267650664, 0.00249184202403, 0.00141123938374, 0.00083807145711, 0.000875103170983, 0.00792201794684, 0.137767761946, 0.204419538379, 0.0782896876335, 0.000217476830585, 9.34005875024e-05, 0.000363928236766, 0.00461817160249], "max": [1, 1, 1, 1, 1, 0.882454514503, 1, 1, 1, 1, 1, 1, 1, 1, 1, 1, 1, 1, 1, 1, 1, 1, 1, 1, 1, 0.98527264595, 1, 1, 1, 1, 1, 1, 0.963434934616, 1, 0.960045158863, 1], "dmean": [0.0393823310733, 0.0318039432168, 0.0435827411711, 0.0334261283278, 0.0409919321537, 0.0235054194927, 0.0222937334329, 0.0309591777623, 0.0520572848618, 0.0495301857591, 0.0470631085336, 0.0186510216445, 0.0201979056001, 0.034123249352, 0.066249743104, 0.0785327330232, 0.074054710567, 0.0632308870554, 0.0409494414926, 0.0484801754355, 0.0223530698568, 0.0181716047227, 0.0275061223656, 0.039964620024, 0.0329013206065, 0.0230976603925, 0.0152758620679, 0.0176823604852, 0.0423007793725, 0.0857244133949, 0.0813665017486, 0.0675426349044, 0.0271355677396, 0.0181219875813, 0.0251786969602, 0.0396913476288], "dmean2": [0.0661834180355, 0.0560502000153, 0.0734280794859, 0.0538094639778, 0.0687420815229, 0.0381780490279, 0.0349021479487, 0.0525529384613, 0.087737634778, 0.0834309458733, 0.0794177353382, 0.031459171325, 0.0369222350419, 0.0612433180213, 0.10468749702, 0.124556012452, 0.125663846731, 0.108691975474, 0.0662948936224, 0.0847823396325, 0.038945697248, 0.0323559492826, 0.0511579699814, 0.0708142220974, 0.0548979304731, 0.0401555374265, 0.0267330240458, 0.0295837447047, 0.0778402239084, 0.141046643257, 0.126404583454, 0.116231836379, 0.0509798191488, 0.0326260589063, 0.0445684567094, 0.0679574757814], "mean": [0.1103708148, 0.0547576062381, 0.0996707975864, 0.187084540725, 0.101968824863, 0.0740325599909, 0.118820056319, 0.0651878863573, 0.154708817601, 0.25061455369, 0.116656161845, 0.0220057163388, 0.0307672508061, 0.0379482805729, 0.151129812002, 0.209898754954, 0.106734573841, 0.13344411552, 0.186354726553, 0.0889963358641, 0.0408392138779, 0.0448085330427, 0.0311649888754, 0.104080818594, 0.13494566083, 0.052816092968, 0.0209924597293, 0.0285788662732, 0.043861463666, 0.271151304245, 0.382648319006, 0.15438260138, 0.025152746588, 0.0240713432431, 0.0219131764024, 0.0748404636979], "dvar2": [0.0242055617273, 0.0171220246702, 0.0279188975692, 0.0230574868619, 0.0280686281621, 0.00969061534852, 0.0169557370245, 0.0180847868323, 0.0380122847855, 0.0407531633973, 0.0333496741951, 0.00943064223975, 0.0151086580008, 0.0206037275493, 0.0385374501348, 0.0545734837651, 0.0505488626659, 0.0466049090028, 0.0309018474072, 0.037826474756, 0.0148374885321, 0.0147572057322, 0.0243141558021, 0.0486970953643, 0.0329449884593, 0.0161022916436, 0.015051134862, 0.0124438954517, 0.0372744873166, 0.0494321025908, 0.0516255758703, 0.0457665659487, 0.0257754698396, 0.0110877333209, 0.0169568546116, 0.0278692860156], "min": [0, 0, 0, 0, 0, 0, 0, 0, 0, 0, 0, 0, 0, 0, 0, 0, 0, 0, 0, 0, 0, 0, 0, 0, 0, 0, 0, 0, 0, 0, 0, 0, 0, 0, 0, 0]}, "key_key": "C", "thpcp": [1, 0.403458207846, 0.0657333284616, 0.0629072263837, 0.0572671443224, 0.195585504174, 0.288439303637, 0.143101647496, 0.260476231575, 0.488920331001, 0.266481816769, 0.193474158645, 0.310520261526, 0.170359790325, 0.40431073308, 0.654947459698, 0.304865211248, 0.0575089864433, 0.0804060772061, 0.0991727337241, 0.394957482815, 0.548542201519, 0.278936475515, 0.348738282919, 0.487013041973, 0.23257997632, 0.106727801263, 0.117101080716, 0.0814455151558, 0.272001236677, 0.352662354708, 0.138027772307, 0.0548609755933, 0.0746870264411, 0.114626042545, 0.708617508411], "chords_key": "C", "tuning_equal_tempered_deviation": 0.0334632657468, "tuning_frequency": 441.272583008, "tuning_diatonic_strength": 0.459035098553, "chords_histogram": [25.5479450226, 3.28767132759, 17.0547943115, 1.91780817509, 1.57534241676, 5.82191801071, 0.958904087543, 13.6301374435, 0, 21.1643829346, 1.91780817509, 0.821917831898, 0, 0.61643832922, 0, 0, 0, 0, 0, 0.958904087543, 0, 0, 4.10958909988, 0.61643832922], "key_strength": 0.699273824692, "key_scale": "minor", "chords_strength": {"dvar": 0.0016649866011, "var": 0.0224060900509, "median": 0.442224800587, "max": 0.714998960495, "dmean": 0.00839313305914, "dmean2": 0.00616435986012, "mean": 0.446386396885, "dvar2": 0.0037740895059, "min": -1}, "chords_number_rate": 0.00684931501746, "tuning_nontempered_energy_ratio": 0.597758054733, "hpcp_entropy": {"dvar": 0.114796221256, "var": 0.373140007257, "median": 1.59935390949, "max": 3.24073386192, "dmean": 0.282353430986, "dmean2": 0.468429803848, "mean": 1.50273036957, "dvar2": 0.279456168413, "min": 0}, "chords_changes_rate": 0.0424657538533, "chords_scale": "minor"}, "rhythm": {"bpm_histogram_first_peak_spread": {"dvar": 0, "var": 0, "median": 0.406779646873, "max": 0.406779646873, "dmean": 0, "dmean2": 0, "mean": 0.406779646873, "dvar2": 0, "min": 0.406779646873}, "bpm_histogram_first_peak_weight": {"dvar": 0, "var": 0, "median": 0.333333343267, "max": 0.333333343267, "dmean": 0, "dmean2": 0, "mean": 0.333333343267, "dvar2": 0, "min": 0.333333343267}, "bpm_histogram_first_peak_bpm": {"dvar": 0, "var": 0, "median": 98, "max": 98, "dmean": 0, "dmean2": 0, "mean": 98, "dvar2": 0, "min": 98}, "bpm": 97.769203186, "bpm_histogram_second_peak_weight": {"dvar": 0, "var": 0, "median": 0.133333340287, "max": 0.133333340287, "dmean": 0, "dmean2": 0, "mean": 0.133333340287, "dvar2": 0, "min": 0.133333340287}, "beats_loudness": {"dvar": 0.000840875203721, "var": 0.00130971032195, "median": 0.00840470008552, "max": 0.197576150298, "dmean": 0.0196699388325, "dmean2": 0.0331749245524, "mean": 0.0245534498245, "dvar2": 0.00187627994455, "min": 9.73994396247e-09}, "beats_loudness_band_ratio": {"dvar": [0.0452788025141, 0.0370881818235, 0.0346556790173, 0.000719316070899, 4.8351354053e-05, 0.00101840740535], "var": [0.0828297734261, 0.0691573768854, 0.0672800466418, 0.000500702357385, 4.17545343225e-05, 0.00102799071465], "median": [0.425762087107, 0.304389536381, 0.147954791784, 0.0080047454685, 0.000213471968891, 2.0132305508e-05], "max": [0.991904735565, 0.901533961296, 0.9310374856, 0.170851871371, 0.0309266652912, 0.331835091114], "dmean": [0.25008007884, 0.222989395261, 0.180163174868, 0.0144959073514, 0.00339711923152, 0.00347758806311], "dmean2": [0.431037783623, 0.384967267513, 0.294512212276, 0.02611932531, 0.00597875053063, 0.00367658818141], "mean": [0.433830052614, 0.379855126143, 0.278698176146, 0.0154021726921, 0.00305037479848, 0.00342359347269], "dvar2": [0.099020242691, 0.0681541115046, 0.0798767060041, 0.00210859649815, 0.000126853454276, 0.00101122830529], "min": [0.00592962652445, 0.000535916129593, 0.00195192941464, 0.0006776121445, 4.99782299812e-06, 2.30326077144e-06]}, "bpm_histogram_second_peak_bpm": {"dvar": 0, "var": 0, "median": 92, "max": 92, "dmean": 0, "dmean2": 0, "mean": 92, "dvar2": 0, "min": 92}, "onset_rate": 1.63823544979, "beats_count": 106, "beats_position": [0.603718817234, 1.21904754639, 1.84598636627, 2.48453521729, 3.11147379875, 3.73841261864, 4.3653512001, 4.96907043457, 5.58439922333, 6.19972801208, 6.81505680084, 7.4303855896, 8.01088428497, 8.59138298035, 9.16027164459, 9.75238037109, 10.3444900513, 10.95981884, 11.5751476288, 12.1788663864, 12.7941951752, 13.4095239639, 14.0248527527, 14.6517915726, 15.2671203613, 15.8824491501, 16.4977779388, 17.1247158051, 17.7400455475, 18.3669834137, 18.9939231873, 19.5976409912, 20.2013607025, 20.8050785065, 21.4087982178, 22.0125160217, 22.5930156708, 23.1735134125, 23.7540130615, 24.369342804, 24.984670639, 25.681268692, 26.3546485901, 26.9467563629, 27.5388660431, 28.142583847, 28.7463035583, 29.3500213623, 29.9537410736, 30.5690689087, 31.1611785889, 31.753288269, 32.3686180115, 33.0187759399, 33.6689338684, 34.2726516724, 34.8763694763, 35.4684791565, 36.1070289612, 36.7571868896, 37.4421768188, 38.1271629333, 38.7541046143, 39.4507026672, 40.1124725342, 40.7858505249, 41.4708366394, 42.1442184448, 42.8059844971, 43.4909744263, 44.1875724792, 44.8145103455, 45.4414520264, 46.0683898926, 46.6721076965, 47.2990455627, 47.9143753052, 48.5297050476, 49.1682548523, 49.8184127808, 50.480178833, 51.1651687622, 51.8385467529, 52.4887046814, 53.1504745483, 53.8006324768, 54.45079422, 55.1009521484, 55.7511100769, 56.4012680054, 56.9701576233, 57.5390472412, 58.1195449829, 58.6884346008, 59.2573242188, 59.8378219604, 60.4183197021, 61.0336494446, 61.6721992493, 62.4152374268, 63.135055542, 63.8548736572, 64.621131897, 65.3873901367, 66.1536483765, 66.9315185547], "danceability": 0.842532217503, "bpm_histogram_second_peak_spread": {"dvar": 0, "var": 0, "median": 0.391304373741, "max": 0.391304373741, "dmean": 0, "dmean2": 0, "mean": 0.391304373741, "dvar2": 0, "min": 0.391304373741}}, "lowlevel": {"spectral_flux": {"dvar": 0.000387103762478, "var": 0.000995950889774, "median": 0.0166707485914, "max": 0.290755987167, "dmean": 0.0107745975256, "dmean2": 0.0171833205968, "mean": 0.0277020912617, "dvar2": 0.000928571855184, "min": 1.03179194355e-10}, "spectral_rolloff": {"dvar": 164324.53125, "var": 5506967.5, "median": 409.130859375, "max": 18712.3535156, "dmean": 51.5082473755, "dmean2": 88.295211792, "mean": 763.730529785, "dvar2": 303605, "min": 21.533203125}, "barkbands_flatness_db": {"dvar": 0.000252987985732, "var": 0.00340672046877, "median": 0.37357622385, "max": 0.553339838982, "dmean": 0.0157814249396, "dmean2": 0.0257869847119, "mean": 0.371035277843, "dvar2": 0.00066212535603, "min": 0.0733058452606}, "spectral_centroid": {"dvar": 26725.6582031, "var": 371803.375, "median": 316.996124268, "max": 10558.7861328, "dmean": 29.8666038513, "dmean2": 45.1527938843, "mean": 437.19921875, "dvar2": 31862.0722656, "min": 142.148269653}, "melbands_skewness": {"dvar": 0.258353590965, "var": 2.23131346703, "median": 1.30326223373, "max": 19.0821723938, "dmean": 0.415560007095, "dmean2": 0.671244740486, "mean": 1.36279535294, "dvar2": 0.682520151138, "min": -2.55883049965}, "melbands": {"dvar": [1.37350511409e-07, 9.62229705692e-07, 6.5438433694e-07, 2.1732594746e-07, 1.75181099848e-07, 2.10139148749e-07, 3.87936665902e-07, 1.39975952607e-06, 8.97053737958e-08, 4.81531934327e-08, 1.55929780199e-09, 3.25866805762e-10, 3.47815309887e-09, 5.28087129581e-10, 1.78975861909e-11, 2.8134538102e-11, 4.06543659848e-10, 1.36154828731e-11, 1.41808776093e-12, 4.32928658201e-11, 1.44180518219e-11, 4.40172160873e-12, 1.89503482351e-11, 1.00641803918e-12, 5.09228943735e-12, 7.76985829734e-14, 4.17779722763e-14, 4.65165320813e-14, 2.90600504001e-14, 3.79976354336e-15, 2.99374160207e-16, 6.40202986356e-17, 1.10785212647e-16, 4.30046488846e-16, 9.6171934484e-15, 2.04022476812e-17, 3.10968149493e-18, 7.17974522024e-19, 2.84687261754e-19, 1.29406681597e-21], "var": [2.45457101755e-07, 3.41553118233e-06, 1.62928074587e-06, 5.31361934009e-07, 8.07295691629e-07, 7.97365089511e-07, 1.93362211576e-06, 8.91471790965e-06, 5.37071116469e-07, 1.4194773712e-07, 5.60991919585e-09, 1.76091530246e-09, 1.02609094554e-08, 2.30171037785e-09, 1.01295583033e-10, 8.29348187348e-11, 1.22576460093e-09, 4.59804451458e-11, 1.29036789934e-11, 4.06732668379e-11, 3.79521830629e-11, 1.61862381137e-11, 4.20164354697e-11, 3.33551892703e-12, 1.59496027496e-11, 2.03482616499e-13, 4.33519695565e-14, 7.26902601154e-14, 6.1619261668e-14, 6.40049901033e-15, 4.02782748205e-16, 9.21641925354e-17, 3.34009707997e-16, 5.92675888276e-16, 7.02178327758e-15, 1.99782911475e-17, 4.45950811251e-18, 8.64061390742e-19, 1.68293928129e-19, 1.64714813342e-21], "median": [2.24612103921e-05, 0.000103254475107, 0.000182629853953, 0.000123385252664, 8.31928118714e-05, 5.85081215831e-05, 5.89452829445e-05, 1.70773655555e-05, 1.09144921225e-05, 2.5544145501e-06, 3.67219695363e-06, 1.73680155058e-06, 1.27558701024e-06, 7.2630740533e-07, 2.86552960915e-07, 1.83153503031e-07, 6.85089815988e-08, 2.54586449699e-08, 2.36869741599e-08, 9.30841004276e-09, 5.60373036862e-09, 5.75715475293e-09, 2.89088730732e-09, 1.39950673272e-09, 4.11737671735e-10, 2.14030085322e-10, 1.52467635739e-10, 1.35575287108e-10, 1.08815602362e-10, 7.12028283556e-11, 5.7108547058e-11, 5.35943581181e-11, 4.82901392485e-11, 4.62140291313e-11, 4.58605688147e-11, 3.59608350042e-11, 3.29422669698e-11, 2.88926278735e-11, 2.71122464757e-11, 2.59661146751e-11], "max": [0.00897779036313, 0.0266186948866, 0.0209793243557, 0.00992860179394, 0.0114042302594, 0.00952640920877, 0.0212499573827, 0.0317624136806, 0.00926654879004, 0.0104676848277, 0.00142800866161, 0.000713700486813, 0.00248058116995, 0.000992956454866, 0.000222344417125, 0.000227626907872, 0.000838593463413, 0.00015213151346, 3.91243775084e-05, 0.00018694854225, 8.9513232524e-05, 7.27872684365e-05, 0.000145315221744, 4.70025042887e-05, 0.000104246879346, 1.23051522678e-05, 6.80616676618e-06, 8.84519158717e-06, 6.73408612784e-06, 1.98856264433e-06, 6.69556982302e-07, 2.25423448796e-07, 6.03261241849e-07, 7.86127259289e-07, 3.77852302336e-06, 2.09434176668e-07, 7.87670160207e-08, 3.03333926865e-08, 2.10267572243e-08, 7.83856202169e-10], "dmean": [0.000100646924693, 0.000296272541163, 0.00025135622127, 0.000180195376743, 0.000144424338941, 0.000111283647129, 0.000171035600943, 0.000249847507803, 6.41592851025e-05, 1.75924760697e-05, 8.05504441814e-06, 3.86906367567e-06, 7.34237755751e-06, 3.6149197058e-06, 1.02142200831e-06, 9.25114761685e-07, 2.44290367846e-06, 5.25934808593e-07, 3.00255834418e-07, 7.32694559247e-07, 6.31170223642e-07, 3.75363839566e-07, 6.17124953806e-07, 1.51820941596e-07, 2.38188135882e-07, 4.12692031659e-08, 2.63415191881e-08, 2.5204357712e-08, 1.76292989096e-08, 5.52481438376e-09, 1.57231205833e-09, 8.72781180661e-10, 1.0126769423e-09, 1.92764337825e-09, 5.37133404421e-09, 3.27047194881e-10, 1.70728431392e-10, 9.73319758124e-11, 4.35467495397e-11, 1.54159133375e-11], "dmean2": [0.000163097152836, 0.000486661796458, 0.000398040632717, 0.000301034480799, 0.000222345086513, 0.000178353308002, 0.000259501422988, 0.000336552620865, 7.73968276917e-05, 2.11682545341e-05, 1.0220481272e-05, 5.18820570505e-06, 1.16222390716e-05, 4.86588623971e-06, 1.28459384996e-06, 1.33022751925e-06, 3.11914527629e-06, 6.8180014523e-07, 4.09547340041e-07, 1.14012948416e-06, 8.83317170519e-07, 4.68608590154e-07, 7.72594432874e-07, 1.79877332585e-07, 2.93279725838e-07, 5.24318721773e-08, 3.71467123728e-08, 3.23932027868e-08, 2.35306210072e-08, 7.92476750888e-09, 2.49072784619e-09, 1.35111788424e-09, 1.21860166402e-09, 2.92165425186e-09, 8.81620110249e-09, 5.06256259136e-10, 2.49397474894e-10, 1.50604556604e-10, 7.6578778041e-11, 2.61390943612e-11], "mean": [0.000167487698491, 0.000688127067406, 0.000671834684908, 0.000376406998839, 0.000375272036763, 0.000346612010617, 0.00053383881459, 0.000929593283217, 0.000224787334446, 3.75747295038e-05, 2.36098512687e-05, 1.53925866471e-05, 2.20556048589e-05, 1.22206738524e-05, 3.24663506035e-06, 2.32827892432e-06, 5.80212827117e-06, 1.39990595471e-06, 1.06418428913e-06, 1.14541433049e-06, 1.34464585244e-06, 8.80188053998e-07, 1.18848697639e-06, 3.56805060164e-07, 5.16529325978e-07, 7.71994379534e-08, 3.59999567934e-08, 4.0390855105e-08, 3.21298543327e-08, 8.52921289152e-09, 2.47770293171e-09, 1.4672077997e-09, 1.7904685512e-09, 2.72621769604e-09, 5.20568965712e-09, 4.09833306181e-10, 2.60323707035e-10, 1.34002961505e-10, 5.9114359241e-11, 3.76786692124e-11], "dvar2": [3.64323312851e-07, 2.55016561823e-06, 1.82440692242e-06, 6.33361992186e-07, 4.03989986353e-07, 6.16450904545e-07, 1.02009983038e-06, 2.7953612971e-06, 1.50841188429e-07, 7.05881859631e-08, 2.99633207135e-09, 6.83107903576e-10, 7.82091280627e-09, 1.03233810389e-09, 2.93744542579e-11, 4.95976801296e-11, 6.12855044491e-10, 2.09752406416e-11, 2.60573940897e-12, 1.16818471563e-10, 2.9847336408e-11, 6.81736698344e-12, 3.26268283224e-11, 1.49684984459e-12, 7.79139686796e-12, 1.29231491502e-13, 9.88137997533e-14, 9.3284300911e-14, 5.73084738302e-14, 7.35794736094e-15, 6.06688777839e-16, 1.55821107419e-16, 1.20271769898e-16, 1.06963744096e-15, 2.60868021249e-14, 4.8759471461e-17, 6.43917713866e-18, 1.79022543392e-18, 8.12334064726e-19, 3.45377269037e-21], "min": [4.52904609438e-24, 3.39395453229e-24, 7.62335772827e-24, 7.25448163583e-24, 2.48408275863e-24, 1.56188256815e-24, 7.26957412267e-24, 1.00744755674e-23, 1.12051451697e-23, 6.46254338421e-24, 9.44001840716e-24, 3.72684318467e-24, 4.18276534484e-24, 7.45343866701e-24, 8.001068274e-24, 3.76073462131e-24, 5.16019556084e-24, 8.32752573785e-24, 1.02835852384e-23, 1.53064606261e-23, 1.16903293363e-23, 9.27881231459e-24, 9.12862739774e-24, 7.26627037319e-24, 1.10185803545e-23, 8.16775852758e-24, 8.01154907998e-24, 7.35446107809e-24, 1.02208274091e-23, 9.07038974141e-24, 9.20082315892e-24, 8.38304024633e-24, 9.42631273779e-24, 7.72483679512e-24, 9.24255942283e-24, 8.67508207547e-24, 7.13631973856e-24, 1.06473045471e-23, 1.06377853626e-23, 1.04171141461e-23]}, "spectral_decrease": {"dvar": 5.32386511693e-18, "var": 3.74644194583e-17, "median": -1.43299960786e-09, "max": 1.42527256874e-29, "dmean": 9.65638125017e-10, "dmean2": 1.42637379685e-09, "mean": -3.74002384618e-09, "dvar2": 1.11004056513e-17, "min": -5.05632229419e-08}, "barkbands_kurtosis": {"dvar": 129.187194824, "var": 336.965545654, "median": 4.36864280701, "max": 351.736053467, "dmean": 3.39098739624, "dmean2": 5.55654191971, "mean": 7.84381437302, "dvar2": 373.798980713, "min": -1.90156567097}, "silence_rate_30dB": {"dvar": 0.00883103813976, "var": 0.0158422477543, "median": 1, "max": 1, "dmean": 0.0089102126658, "dmean2": 0.0178265348077, "mean": 0.983898580074, "dvar2": 0.0209364574403, "min": 0}, "gfcc": {"mean": [-285.720916748, 217.284133911, -55.8132858276, -32.7869796753, -41.9445075989, -16.6220779419, -28.4920349121, -10.308429718, -14.587849617, -12.5341405869, -5.66072559357, -5.20855283737, -10.5120105743], "cov": [[18966.8398438, 5838.73974609, -4404.27734375, -287.466583252, 967.145812988, -1799.33312988, 2.11817955971, -0.735881686211, 776.409973145, -597.36730957, 525.330627441, -497.050964355, -275.821746826], [5838.73974609, 3204.91333008, -208.809432983, -512.848266602, 176.66368103, -350.057830811, -125.902877808, -207.817001343, 20.1417064667, -310.065887451, 14.7004127502, -191.417602539, -64.845993042], [-4404.27734375, -208.809432983, 2358.91625977, -106.932830811, -467.266021729, 689.611633301, -32.2523651123, -218.915313721, -384.984863281, 40.0428657532, -247.818878174, 61.6062049866, 61.6566619873], [-287.466583252, -512.848266602, -106.932830811, 339.679626465, 36.3700828552, 4.96035718918, 91.3543548584, 69.6088256836, 47.8625450134, 54.8153648376, 31.1853466034, 26.2961807251, 8.52858161926], [967.145812988, 176.66368103, -467.266021729, 36.3700828552, 332.616851807, -101.519577026, 2.07159328461, 74.6574172974, 98.9046554565, -37.7494468689, 53.0091934204, -2.46193408966, 7.30615282059], [-1799.33312988, -350.057830811, 689.611633301, 4.96035718918, -101.519577026, 383.156860352, 71.878578186, -55.0473403931, -104.296630859, 38.4878540039, -91.3909225464, 6.51983451843, 23.2995414734], [2.11817955971, -125.902877808, -32.2523651123, 91.3543548584, 2.07159328461, 71.878578186, 144.88117981, 45.376991272, 30.4678211212, 33.369392395, 11.5587005615, -36.0562515259, -14.0982570648], [-0.735881686211, -207.817001343, -218.915313721, 69.6088256836, 74.6574172974, -55.0473403931, 45.376991272, 137.790618896, 92.3365859985, 38.769317627, 54.0317115784, 19.4013843536, -20.7824516296], [776.409973145, 20.1417064667, -384.984863281, 47.8625450134, 98.9046554565, -104.296630859, 30.4678211212, 92.3365859985, 158.727661133, 29.6667022705, 72.2425613403, 4.30129146576, -21.5275764465], [-597.36730957, -310.065887451, 40.0428657532, 54.8153648376, -37.7494468689, 38.4878540039, 33.369392395, 38.769317627, 29.6667022705, 110.400840759, 30.1943778992, 28.6065368652, 15.1336584091], [525.330627441, 14.7004127502, -247.818878174, 31.1853466034, 53.0091934204, -91.3909225464, 11.5587005615, 54.0317115784, 72.2425613403, 30.1943778992, 100.209571838, 25.3880462646, -18.9934883118], [-497.050964355, -191.417602539, 61.6062049866, 26.2961807251, -2.46193408966, 6.51983451843, -36.0562515259, 19.4013843536, 4.30129146576, 28.6065368652, 25.3880462646, 109.350013733, 50.7691116333], [-275.821746826, -64.845993042, 61.6566619873, 8.52858161926, 7.30615282059, 23.2995414734, -14.0982570648, -20.7824516296, -21.5275764465, 15.1336584091, -18.9934883118, 50.7691116333, 86.516746521]], "icov": [[0.00274064415134, -0.00489628640935, 0.00413513695821, -0.0042396299541, 0.0023532086052, -7.61165647418e-05, -0.000707167957444, 0.00272097298875, -0.00332380831242, 0.00327962590382, -0.00424737203866, 0.00263131782413, -0.000978598021902], [-0.00489628640935, 0.00980434659868, -0.00821802671999, 0.00888688769192, -0.00502385431901, 0.00199905782938, -0.000160649142344, -0.0028163343668, 0.00429618172348, -0.00389336445369, 0.0063383881934, -0.00352493743412, 0.00111261510756], [0.00413513695821, -0.00821802671999, 0.00852458365262, -0.007463183254, 0.00530234724283, -0.00400453433394, 0.00130180746783, 0.00202235253528, -0.00213146465831, 0.00340307457373, -0.00502092950046, 0.00251002493314, -0.000688058673404], [-0.0042396299541, 0.00888688769192, -0.007463183254, 0.0123945409432, -0.00536139728501, 0.00349463406019, -0.0042398753576, -0.001689550234, 0.00340516958386, -0.00417097331956, 0.00650948053226, -0.00529317045584, 0.00176842580549], [0.0023532086052, -0.00502385431901, 0.00530234724283, -0.00536139728501, 0.00873852986842, -0.00430639646947, 0.00347351958044, -0.00273628905416, -0.00284201768227, 0.00565992621705, -0.00604614010081, 0.00460224645212, -0.00490819709376], [-7.61165647418e-05, 0.00199905782938, -0.00400453433394, 0.00349463406019, -0.00430639646947, 0.0131784882396, -0.0100718699396, 0.00698195537552, -0.00281481654383, -0.00057993241353, 0.00420502619818, -0.00278133363463, 0.00257186405361], [-0.000707167957444, -0.000160649142344, 0.00130180746783, -0.0042398753576, 0.00347351958044, -0.0100718699396, 0.0199815891683, -0.0102427005768, 0.00255836104043, -0.00166050600819, -0.00437428290024, 0.00974043551832, -0.00541903218254], [0.00272097298875, -0.0028163343668, 0.00202235253528, -0.001689550234, -0.00273628905416, 0.00698195537552, -0.0102427005768, 0.024611229077, -0.0119048850611, 0.00201622419991, -0.00240788212977, -0.00397523632273, 0.00637189112604], [-0.00332380831242, 0.00429618172348, -0.00213146465831, 0.00340516958386, -0.00284201768227, -0.00281481654383, 0.00255836104043, -0.0119048850611, 0.0228105485439, -0.00982577353716, 0.00401559099555, -0.00508788228035, 0.00362387904897], [0.00327962590382, -0.00389336445369, 0.00340307457373, -0.00417097331956, 0.00565992621705, -0.00057993241353, -0.00166050600819, 0.00201622419991, -0.00982577353716, 0.0247035585344, -0.0157226882875, 0.00857485644519, -0.00983418617398], [-0.00424737203866, 0.0063383881934, -0.00502092950046, 0.00650948053226, -0.00604614010081, 0.00420502619818, -0.00437428290024, -0.00240788212977, 0.00401559099555, -0.0157226882875, 0.0354720130563, -0.0197655335069, 0.0153686953709], [0.00263131782413, -0.00352493743412, 0.00251002493314, -0.00529317045584, 0.00460224645212, -0.00278133363463, 0.00974043551832, -0.00397523632273, -0.00508788228035, 0.00857485644519, -0.0197655335069, 0.0306291505694, -0.0196061786264], [-0.000978598021902, 0.00111261510756, -0.000688058673404, 0.00176842580549, -0.00490819709376, 0.00257186405361, -0.00541903218254, 0.00637189112604, 0.00362387904897, -0.00983418617398, 0.0153686953709, -0.0196061786264, 0.0274590365589]]}, "silence_rate_20dB": {"dvar": 0, "var": 0, "median": 1, "max": 1, "dmean": 0, "dmean2": 0, "mean": 1, "dvar2": 0, "min": 1}, "barkbands_skewness": {"dvar": 0.310888648033, "var": 1.99405634403, "median": 1.02402698994, "max": 16.5200881958, "dmean": 0.445197403431, "dmean2": 0.724237203598, "mean": 1.0938833952, "dvar2": 0.82687741518, "min": -2.85334849358}, "erbbands_skewness": {"dvar": 0.0828066170216, "var": 1.04227507114, "median": 0.94171410799, "max": 6.00881099701, "dmean": 0.26871201396, "dmean2": 0.425010323524, "mean": 1.08898699284, "dvar2": 0.21038454771, "min": -2.30752635002}, "spectral_contrast_valleys": {"dvar": [0.188008919358, 0.160673931241, 0.140002384782, 0.179383158684, 0.173730835319, 0.132675766945], "var": [3.07313275337, 2.96005773544, 2.4795923233, 2.22935128212, 1.16374671459, 0.415189117193], "median": [-8.34104251862, -7.79661655426, -9.21500968933, -11.2231521606, -12.3026170731, -14.4108057022], "max": [-5.3398475647, -4.88517713547, -6.40120649338, -7.37449169159, -7.99766016006, -12.1704339981], "dmean": [0.415135532618, 0.252642631531, 0.21858663857, 0.251170635223, 0.196652531624, 0.237304389477], "dmean2": [0.675271749496, 0.403851240873, 0.330646663904, 0.386562585831, 0.29819765687, 0.393078655005], "mean": [-8.5521478653, -7.98473548889, -9.37359523773, -11.1941003799, -12.1443843842, -14.2744026184], "dvar2": [0.368391335011, 0.230754137039, 0.179551124573, 0.263082802296, 0.248843327165, 0.236296921968], "min": [-27.4007854462, -27.3655033112, -27.541217804, -27.1971797943, -27.3398189545, -27.2527523041]}, "spectral_strongpeak": {"dvar": 0.182170733809, "var": 1.43027126789, "median": 0.317325353622, "max": 7.91572856903, "dmean": 0.198048681021, "dmean2": 0.305317759514, "mean": 0.817961335182, "dvar2": 0.396354615688, "min": 0}, "erbbands_crest": {"dvar": 3.50384259224, "var": 31.9556941986, "median": 13.2857313156, "max": 32.3716201782, "dmean": 1.68607413769, "dmean2": 2.75985479355, "mean": 14.2132940292, "dvar2": 8.57822036743, "min": 2.34901618958}, "barkbands_crest": {"dvar": 2.95175480843, "var": 18.398601532, "median": 12.792427063, "max": 25.1959781647, "dmean": 1.69622945786, "dmean2": 2.84566116333, "mean": 13.5523004532, "dvar2": 7.90424537659, "min": 4.76631736755}, "spectral_energyband_middle_low": {"dvar": 5.63930880162e-05, "var": 0.000418177165557, "median": 0.00372122274712, "max": 0.167794451118, "dmean": 0.00302734784782, "dmean2": 0.00440950319171, "mean": 0.0116666285321, "dvar2": 0.000117056893941, "min": 3.30414705696e-22}, "spectral_contrast_coeffs": {"dvar": [0.00112522952259, 0.000939320831094, 0.000385259045288, 0.000376010051696, 0.000264193571638, 0.000292766722851], "var": [0.00964232161641, 0.0115629890934, 0.00525073893368, 0.00482026487589, 0.00959824584424, 0.00144046917558], "median": [-0.607850015163, -0.680079162121, -0.770969092846, -0.783852934837, -0.839974224567, -0.883509516716], "max": [-0.336169540882, -0.292305618525, -0.480141371489, -0.535952746868, -0.549806118011, -0.655875623226], "dmean": [0.0426816418767, 0.0305563397706, 0.0191922206432, 0.0191757455468, 0.0136269964278, 0.0141172157601], "dmean2": [0.0717206373811, 0.0509373694658, 0.0296559985727, 0.030532695353, 0.0206809397787, 0.0240266025066], "mean": [-0.603161156178, -0.668058097363, -0.760780990124, -0.773745715618, -0.806490063667, -0.871320307255], "dvar2": [0.0030986291822, 0.00239312881604, 0.000894154130947, 0.000874140765518, 0.00049885455519, 0.000761557021178], "min": [-0.982533454895, -0.95956248045, -0.963909566402, -0.960888087749, -0.956439673901, -0.961107611656]}, "hfc": {"dvar": 18.2209835052, "var": 121.246658325, "median": 1.3354049921, "max": 117.690139771, "dmean": 1.35515296459, "dmean2": 1.90443265438, "mean": 5.49697589874, "dvar2": 34.6031494141, "min": 1.17964531559e-16}, "spectral_energyband_high": {"dvar": 6.72838798566e-11, "var": 1.02827274473e-10, "median": 2.682666711e-08, "max": 0.000309403374558, "dmean": 9.26825237002e-07, "dmean2": 1.27496753066e-06, "mean": 1.58032980835e-06, "dvar2": 1.5117156138e-10, "min": 7.70733371344e-21}, "erbbands_spread": {"dvar": 5.54383325577, "var": 90.9309158325, "median": 7.63461446762, "max": 119.178100586, "dmean": 1.34901976585, "dmean2": 2.11940789223, "mean": 9.22892951965, "dvar2": 12.845913887, "min": 0.77849060297}, "dissonance": {"dvar": 0.00177037494723, "var": 0.00542847439647, "median": 0.35797509551, "max": 0.499875158072, "dmean": 0.0413580350578, "dmean2": 0.0708053931594, "mean": 0.356597989798, "dvar2": 0.00475567718968, "min": 0.120148554444}, "spectral_kurtosis": {"dvar": 522.489074707, "var": 3412.55981445, "median": 116.097045898, "max": 340.940307617, "dmean": 24.357000351, "dmean2": 41.5192832947, "mean": 115.898117065, "dvar2": 1432.37902832, "min": -1.26098132133}, "spectral_skewness": {"dvar": 1.06454586983, "var": 7.76413202286, "median": 8.61261749268, "max": 14.7605600357, "dmean": 1.10736620426, "dmean2": 1.90479624271, "mean": 8.27044868469, "dvar2": 2.8331580162, "min": 0.0602865368128}, "pitch_salience": {"dvar": 0.00290231197141, "var": 0.0168564599007, "median": 0.487373173237, "max": 0.812611401081, "dmean": 0.0556316412985, "dmean2": 0.0940775945783, "mean": 0.48942232132, "dvar2": 0.00797522906214, "min": 0.117625363171}, "spectral_complexity": {"dvar": 1.07796680927, "var": 14.9461688995, "median": 5, "max": 23, "dmean": 0.801919102669, "dmean2": 1.33561873436, "mean": 5.66906452179, "dvar2": 2.11737537384, "min": 0}, "spectral_spread": {"dvar": 795697676288, "var": 4415938363390.0, "median": 959548.25, "max": 46007676, "dmean": 304658, "dmean2": 514999.34375, "mean": 1387527, "dvar2": 977019469824, "min": 310145.09375}, "dynamic_complexity": 9.67547702789, "melbands_crest": {"dvar": 5.02065610886, "var": 36.1507453918, "median": 16.7808437347, "max": 34.1534576416, "dmean": 2.20665168762, "dmean2": 3.68276643753, "mean": 17.7387638092, "dvar2": 12.8582029343, "min": 2.02240467072}, "zerocrossingrate": {"dvar": 0.000157893067808, "var": 0.00031523258076, "median": 0.0146484375, "max": 0.50341796875, "dmean": 0.0018195923185, "dmean2": 0.00253146281466, "mean": 0.0167512744665, "dvar2": 0.000265194103122, "min": 0.001953125}, "spectral_energyband_low": {"dvar": 1.76467583515e-05, "var": 5.47778945474e-05, "median": 0.000852769240737, "max": 0.09567733109, "dmean": 0.0013606545981, "dmean2": 0.00219811103307, "mean": 0.00330654531717, "dvar2": 4.81390452478e-05, "min": 2.73809959888e-23}, "melbands_kurtosis": {"dvar": 378.032592773, "var": 1029.99902344, "median": 4.48817682266, "max": 780.985595703, "dmean": 3.49707698822, "dmean2": 5.95674800873, "mean": 8.58952236176, "dvar2": 1175.93395996, "min": -1.70164620876}, "spectral_energyband_middle_high": {"dvar": 5.80167807129e-07, "var": 2.05864716918e-06, "median": 4.50165316579e-05, "max": 0.0316923931241, "dmean": 0.000129441614263, "dmean2": 0.000172554835444, "mean": 0.000481413473608, "dvar2": 1.13842565952e-06, "min": 1.39515713216e-21}, "barkbands_spread": {"dvar": 15.2317380905, "var": 391.92767334, "median": 2.53943347931, "max": 142.372650146, "dmean": 0.764330863953, "dmean2": 1.20356631279, "mean": 5.91096782684, "dvar2": 22.789937973, "min": 0.386051058769}, "mfcc": {"mean": [-899.402709961, 217.436660767, 51.8882102966, 5.85669946671, -0.446844160557, -8.77541446686, -5.68650484085, -2.11378765106, -8.39902877808, -8.69254970551, -3.7907602787, 0.353770554066, 0.353673398495], "cov": [[9053.83105469, 4290.50390625, -2999.46191406, -295.31640625, 527.471740723, -673.249389648, -466.277069092, 108.396247864, -141.38331604, 149.439285278, 266.784820557, 313.545288086, 257.959655762], [4290.50390625, 2986.84375, -582.122009277, -333.788787842, 203.915359497, -178.72038269, -160.976272583, 20.2608585358, -72.935874939, -45.1825256348, 52.4660453796, 92.9377593994, 47.3116798401], [-2999.46191406, -582.122009277, 2033.44897461, 94.5251693726, -338.584228516, 390.593200684, 276.506713867, -55.7029304504, 31.6008262634, -112.977592468, -166.489532471, -157.889877319, -142.173995972], [-295.31640625, -333.788787842, 94.5251693726, 279.795074463, 14.497341156, -31.4619922638, 35.7155303955, 16.2638988495, 7.12027597427, 24.8411579132, 0.210109680891, 7.36254549026, 22.3187427521], [527.471740723, 203.915359497, -338.584228516, 14.497341156, 222.983200073, -35.4155273438, -70.4229431152, 33.2956047058, 17.1683635712, -13.4772195816, 19.1693172455, 33.025604248, 18.435218811], [-673.249389648, -178.72038269, 390.593200684, -31.4619922638, -35.4155273438, 224.533035278, 123.886436462, 0.0948912203312, 42.9071617126, 4.25310373306, -33.3368034363, -42.5860862732, -52.9027099609], [-466.277069092, -160.976272583, 276.506713867, 35.7155303955, -70.4229431152, 123.886436462, 161.694091797, 25.1626911163, 16.1436824799, 36.3800582886, -7.99536037445, -26.6288051605, -20.4734897614], [108.396247864, 20.2608585358, -55.7029304504, 16.2638988495, 33.2956047058, 0.0948912203312, 25.1626911163, 77.3088150024, 29.4943180084, 12.6906404495, 20.7345199585, 18.4594364166, 21.3026428223], [-141.38331604, -72.935874939, 31.6008262634, 7.12027597427, 17.1683635712, 42.9071617126, 16.1436824799, 29.4943180084, 79.3651809692, 24.9130134583, 4.96202516556, 7.47996425629, -9.44840240479], [149.439285278, -45.1825256348, -112.977592468, 24.8411579132, -13.4772195816, 4.25310373306, 36.3800582886, 12.6906404495, 24.9130134583, 116.709762573, 55.3958091736, 15.814707756, 31.2438697815], [266.784820557, 52.4660453796, -166.489532471, 0.210109680891, 19.1693172455, -33.3368034363, -7.99536037445, 20.7345199585, 4.96202516556, 55.3958091736, 87.5649719238, 52.4623298645, 36.7405967712], [313.545288086, 92.9377593994, -157.889877319, 7.36254549026, 33.025604248, -42.5860862732, -26.6288051605, 18.4594364166, 7.47996425629, 15.814707756, 52.4623298645, 90.743850708, 58.8598518372], [257.959655762, 47.3116798401, -142.173995972, 22.3187427521, 18.435218811, -52.9027099609, -20.4734897614, 21.3026428223, -9.44840240479, 31.2438697815, 36.7405967712, 58.8598518372, 100.684333801]], "icov": [[0.0961459204555, -0.134685724974, 0.132959544659, -0.129307821393, 0.126363143325, -0.118328154087, 0.111793719232, -0.0995181873441, 0.0834789872169, -0.0709750503302, 0.0588954053819, -0.0476881824434, 0.0280933268368], [-0.134685724974, 0.18916246295, -0.186403781176, 0.181948274374, -0.17770922184, 0.166462898254, -0.156877622008, 0.13924318552, -0.116425350308, 0.0990365371108, -0.0821621119976, 0.0661661028862, -0.0390779078007], [0.132959544659, -0.186403781176, 0.185379490256, -0.180067762733, 0.176900476217, -0.166027665138, 0.154481709003, -0.137174993753, 0.114592187107, -0.095757111907, 0.0810137912631, -0.0647831112146, 0.0382137745619], [-0.129307821393, 0.181948274374, -0.180067762733, 0.180365592241, -0.173520445824, 0.164436399937, -0.154171809554, 0.134456038475, -0.112354032695, 0.0930031388998, -0.0771942362189, 0.0624464228749, -0.0378213562071], [0.126363143325, -0.17770922184, 0.176900476217, -0.173520445824, 0.176326304674, -0.161822795868, 0.152632817626, -0.13466078043, 0.108963295817, -0.0900299549103, 0.0763249322772, -0.0619208812714, 0.0367431007326], [-0.118328154087, 0.166462898254, -0.166027665138, 0.164436399937, -0.161822795868, 0.162845522165, -0.149850800633, 0.128049045801, -0.108759656549, 0.0865183398128, -0.0713178291917, 0.0582151338458, -0.0333832576871], [0.111793719232, -0.156877622008, 0.154481709003, -0.154171809554, 0.152632817626, -0.149850800633, 0.151859775186, -0.127717167139, 0.10543833673, -0.090194247663, 0.0713941305876, -0.0573638118804, 0.0361939296126], [-0.0995181873441, 0.13924318552, -0.137174993753, 0.134456038475, -0.13466078043, 0.128049045801, -0.127717167139, 0.12826526165, -0.0994687899947, 0.0818047747016, -0.0685978531837, 0.0546518266201, -0.0367734767497], [0.0834789872169, -0.116425350308, 0.114592187107, -0.112354032695, 0.108963295817, -0.108759656549, 0.10543833673, -0.0994687899947, 0.0977150648832, -0.0735858604312, 0.0592844635248, -0.0513444766402, 0.0333243049681], [-0.0709750503302, 0.0990365371108, -0.095757111907, 0.0930031388998, -0.0900299549103, 0.0865183398128, -0.090194247663, 0.0818047747016, -0.0735858604312, 0.0772295594215, -0.0605813525617, 0.0474917590618, -0.0307597517967], [0.0588954053819, -0.0821621119976, 0.0810137912631, -0.0771942362189, 0.0763249322772, -0.0713178291917, 0.0713941305876, -0.0685978531837, 0.0592844635248, -0.0605813525617, 0.06766795367, -0.0477374456823, 0.0243846029043], [-0.0476881824434, 0.0661661028862, -0.0647831112146, 0.0624464228749, -0.0619208812714, 0.0582151338458, -0.0573638118804, 0.0546518266201, -0.0513444766402, 0.0474917590618, -0.0477374456823, 0.0550774112344, -0.0298685953021], [0.0280933268368, -0.0390779078007, 0.0382137745619, -0.0378213562071, 0.0367431007326, -0.0333832576871, 0.0361939296126, -0.0367734767497, 0.0333243049681, -0.0307597517967, 0.0243846029043, -0.0298685953021, 0.0307699758559]]}, "silence_rate_60dB": {"dvar": 0.02860429883, "var": 0.239112079144, "median": 0, "max": 1, "dmean": 0.0294722411782, "dmean2": 0.0589646883309, "mean": 0.395683467388, "dvar2": 0.0630309060216, "min": 0}, "melbands_flatness_db": {"dvar": 0.000342792394804, "var": 0.00812219455838, "median": 0.509712159634, "max": 0.738409757614, "dmean": 0.0171356443316, "dmean2": 0.0276411678642, "mean": 0.499746531248, "dvar2": 0.000832916470245, "min": 0.00500928331167}, "spectral_rms": {"dvar": 3.95826987187e-07, "var": 5.90974741499e-06, "median": 0.0023191717919, "max": 0.0138458609581, "dmean": 0.000370506430045, "dmean2": 0.000542632536963, "mean": 0.0028893048875, "dvar2": 7.64135563713e-07, "min": 3.22277664624e-12}, "melbands_spread": {"dvar": 15.2724685669, "var": 316.419708252, "median": 3.54202079773, "max": 157.027862549, "dmean": 1.07734286785, "dmean2": 1.77069878578, "mean": 6.68807792664, "dvar2": 36.14220047, "min": 0.37459680438}, "average_loudness": 0.0861660018563, "erbbands_kurtosis": {"dvar": 6.69833946228, "var": 52.1788749695, "median": 2.12911844254, "max": 56.1492156982, "dmean": 1.5984609127, "dmean2": 2.50172543526, "mean": 4.93386554718, "dvar2": 16.6768398285, "min": -1.57566046715}, "spectral_energy": {"dvar": 8.20047789603e-05, "var": 0.000578446837608, "median": 0.00551302172244, "max": 0.196500554681, "dmean": 0.00376346823759, "dmean2": 0.00555176660419, "mean": 0.0146142644808, "dvar2": 0.00017004730762, "min": 1.06459461539e-20}, "spectral_entropy": {"dvar": 0.0236363299191, "var": 0.495288342237, "median": 5.2523598671, "max": 9.78952789307, "dmean": 0.120830446482, "dmean2": 0.193773537874, "mean": 5.34343194962, "dvar2": 0.0545208975673, "min": 4.11890554428}, "erbbands": {"dvar": [0.000431272608694, 0.319922924042, 4.73274087906, 31.9880180359, 16.825460434, 96.0393676758, 