{"tonal": {"chords_key": "F", "hpcp_entropy": {"dmean": 0.585513293743, "dmean2": 0.975103020668, "max": 4.40612840652, "dvar": 0.269604414701, "mean": 1.77366507053, "dvar2": 0.720504879951, "min": 0, "var": 0.638455271721, "median": 1.79021775723}, "key_key": "F", "chords_strength": {"dmean": 0.0107771446928, "dmean2": 0.0094838803634, "max": 0.820955216885, "dvar": 0.00041525735287, "mean": 0.504585504532, "dvar2": 0.000701005919836, "min": -1, "var": 0.0255769118667, "median": 0.516288936138}, "key_scale": "major", "chords_number_rate": 0.00195486051962, "thpcp": [1, 0.580339312553, 0.172825247049, 0.142829582095, 0.149357885122, 0.306617736816, 0.612333595753, 0.526870727539, 0.216755613685, 0.142420127988, 0.13091006875, 0.158195227385, 0.20869910717, 0.240942403674, 0.600300133228, 0.853900611401, 0.465985447168, 0.133563444018, 0.0924888700247, 0.0829196870327, 0.162144124508, 0.266409516335, 0.228900015354, 0.154166951776, 0.160750091076, 0.23629976809, 0.384913861752, 0.443808674812, 0.316347539425, 0.350966453552, 0.446642100811, 0.27074983716, 0.120846457779, 0.135968118906, 0.206035166979, 0.649271011353], "key_strength": 0.824373602867, "tuning_nontempered_energy_ratio": 0.688450276852, "tuning_frequency": 439.491973877, "chords_changes_rate": 0.0606006756425, "tuning_diatonic_strength": 0.689939498901, "chords_scale": "major", "chords_histogram": [33.4991989136, 12.6888217926, 7.51732730865, 0, 1.90154612064, 0.408743560314, 0.142171666026, 0.0177714582533, 1.52834546566, 0, 0, 0.0177714582533, 0.0177714582533, 0, 0, 0, 0, 4.31846475601, 1.74160301685, 4.74497938156, 0, 2.52354717255, 10.4496183395, 18.4823169708], "tuning_equal_tempered_deviation": 0.0243908856064, "hpcp": {"dmean": [0.107850596309, 0.0888681262732, 0.0754102170467, 0.0639330893755, 0.0654300674796, 0.0559109635651, 0.0630947872996, 0.0871972069144, 0.129456147552, 0.116279490292, 0.121720820665, 0.0722179636359, 0.0629803910851, 0.0617663264275, 0.0863218083978, 0.10025639832, 0.0983482375741, 0.0774996727705, 0.0554256215692, 0.0502995699644, 0.056779615581, 0.066534653306, 0.0775507614017, 0.118092007935, 0.107769921422, 0.100030548871, 0.0553355030715, 0.0411223322153, 0.0369084328413, 0.0550021417439, 0.0747272148728, 0.0697005391121, 0.0626612305641, 0.0704453662038, 0.0990182384849, 0.115209169686], "dmean2": [0.181406781077, 0.154581069946, 0.134276807308, 0.112002752721, 0.117644771934, 0.104282878339, 0.117486417294, 0.158100828528, 0.226199582219, 0.204745009542, 0.212508752942, 0.131503731012, 0.116251051426, 0.11229237169, 0.149248018861, 0.170754864812, 0.169545426965, 0.139357745647, 0.098346106708, 0.0893816053867, 0.100945994258, 0.118047527969, 0.139095053077, 0.206972137094, 0.188141107559, 0.175879195333, 0.101228006184, 0.0762297660112, 0.0682868286967, 0.0974115207791, 0.128746986389, 0.119106337428, 0.114190883934, 0.127557754517, 0.177912443876, 0.198739230633], "max": [1, 1, 1, 1, 1, 1, 1, 1, 1, 1, 1, 1, 1, 1, 1, 1, 1, 1, 1, 1, 1, 1, 1, 1, 1, 1, 1, 1, 1, 1, 1, 1, 1, 1, 1, 1], "dvar": [0.036752756685, 0.029259454459, 0.0271111391485, 0.0279200226068, 0.0259508285671, 0.0257918741554, 0.0311968270689, 0.0383389927447, 0.0453779660165, 0.0496767684817, 0.0422298759222, 0.0294419210404, 0.0324554294348, 0.0296501480043, 0.0315107442439, 0.0383358672261, 0.0381014533341, 0.0288292951882, 0.0226097311825, 0.0192299876362, 0.0186432842165, 0.0214592982084, 0.0235538929701, 0.0371903702617, 0.0420805998147, 0.0312859117985, 0.0203417949378, 0.015878630802, 0.0123718362302, 0.0162898600101, 0.0274246986955, 0.0240684729069, 0.0235910266638, 0.0295143853873, 0.0455580130219, 0.0441094823182], "mean": [0.141992583871, 0.101212538779, 0.112288556993, 0.142899110913, 0.0866239741445, 0.0386637337506, 0.0435017719865, 0.0659190937877, 0.207728400826, 0.319940984249, 0.185674324632, 0.055293880403, 0.0456970371306, 0.0477857105434, 0.0980995818973, 0.195910617709, 0.168567538261, 0.0693490058184, 0.0455660372972, 0.0418834984303, 0.0506131350994, 0.0667713955045, 0.0770873501897, 0.192060619593, 0.273197799921, 0.149087846279, 0.0427324175835, 0.0295909792185, 0.0265294071287, 0.051876552403, 0.0852353274822, 0.0732344985008, 0.0493243262172, 0.051430542022, 0.0756019800901, 0.123149715364], "dvar2": [0.088382832706, 0.0787636041641, 0.0732981264591, 0.067888610065, 0.0708352178335, 0.0740805640817, 0.0899814963341, 0.104382365942, 0.121646590531, 0.123450800776, 0.112362250686, 0.0811024829745, 0.0897929519415, 0.0816588252783, 0.0863165408373, 0.090661406517, 0.0942990258336, 0.0815935581923, 0.061968408525, 0.0511793904006, 0.0521375611424, 0.0584113486111, 0.0645198971033, 0.101656869054, 0.0986377820373, 0.0867098197341, 0.0580358766019, 0.0439227633178, 0.0339018106461, 0.0436678752303, 0.0675407201052, 0.0611627064645, 0.0673105865717, 0.0804866030812, 0.11977879703, 0.111423321068], "min": [0, 0, 0, 0, 0, 0, 0, 0, 0, 0, 0, 0, 0, 0, 0, 0, 0, 0, 0, 0, 0, 0, 0, 0, 0, 0, 0, 0, 0, 0, 0, 0, 0, 0, 0, 0], "var": [0.0598687194288, 0.0363942757249, 0.0549515448511, 0.0976039543748, 0.037776529789, 0.0161273386329, 0.019869280979, 0.0294246878475, 0.0787321403623, 0.163862422109, 0.0634685605764, 0.0229401048273, 0.0237158928066, 0.0238164700568, 0.0367518179119, 0.108351394534, 0.0929120704532, 0.0248633362353, 0.0188510734588, 0.0161031018943, 0.0147622646764, 0.0197673160583, 0.0214778613299, 0.0757935419679, 0.146169021726, 0.0522684715688, 0.0152914058417, 0.0118043180555, 0.00922522880137, 0.014989930205, 0.0348188951612, 0.0288314092904, 0.019574066624, 0.0227625854313, 0.0382879860699, 0.0506567656994], "median": [0.030924398452, 0.0238138027489, 0.00671952450648, 0.00386291206814, 0.00353010091931, 0.00446827383712, 0.00421026535332, 0.00804263353348, 0.0489060431719, 0.0783128365874, 0.0485693477094, 0.00700141536072, 0.00339999003336, 0.00405880017206, 0.0153002738953, 0.0228084735572, 0.0174653548747, 0.00826168619096, 0.00465364102274, 0.00387543998659, 0.0100120250136, 0.0163564421237, 0.0208758600056, 0.0370202772319, 0.0523486733437, 0.0312388148159, 0.00502834608778, 0.00225908006541, 0.00263214670122, 0.0099856974557, 0.0173888709396, 0.0128893284127, 0.00397865194827, 0.00251521868631, 0.00456325849518, 0.0194850377738]}}, "lowlevel": {"melbands_flatness_db": {"dmean": 0.0256612449884, "dmean2": 0.0367924161255, "max": 0.529477238655, "dvar": 0.000756440276746, "mean": 0.267681539059, "dvar2": 0.00165550585371, "min": 0.00306532275863, "var": 0.0049822605215, "median": 0.264072567225}, "melbands_crest": {"dmean": 2.55676078796, "dmean2": 4.05721759796, "max": 30.3364334106, "dvar": 6.36300706863, "mean": 15.7178068161, "dvar2": 16.4558010101, "min": 1.53478622437, "var": 22.2851600647, "median": 15.4578695297}, "spectral_entropy": {"dmean": 0.185393303633, "dmean2": 0.255327731371, "max": 9.82060623169, "dvar": 0.0344698764384, "mean": 7.35557413101, "dvar2": 0.064740434289, "min": 5.16501426697, "var": 0.305270880461, "median": 7.38732242584}, "melbands": {"dmean": [0.00152225384954, 0.00129664386623, 0.000521683308762, 0.000735569221433, 0.000346598448232, 0.000341269973433, 0.000308465678245, 0.000196671928279, 0.000159421673743, 8.81682208274e-05, 5.26915719092e-05, 3.90034037991e-05, 3.43088868249e-05, 3.48179455614e-05, 3.14442586387e-05, 2.30169171118e-05, 1.74787146534e-05, 1.57246759045e-05, 1.02148424048e-05, 9.52291429712e-06, 7.35108960725e-06, 6.87738429406e-06, 5.7652423493e-06, 3.8391626731e-06, 2.99591511066e-06, 3.66053541256e-06, 2.69281372312e-06, 1.93867845155e-06, 1.76508558525e-06, 1.41439875279e-06, 1.14254544314e-06, 1.0389480849e-06, 8.73553517522e-07, 7.01015380855e-07, 3.59681507689e-07, 2.89297361178e-07, 2.72560100711e-07, 2.57337774201e-07, 3.08618609779e-07, 3.15860745559e-07], "dmean2": [0.00247299484909, 0.00222898670472, 0.000861745153088, 0.001194228651, 0.00055312103359, 0.000554146594368, 0.000479072798043, 0.000303659820929, 0.000236541847698, 0.000133608118631, 7.51355692046e-05, 5.8925452322e-05, 5.22271511727e-05, 5.27751617483e-05, 4.89050216856e-05, 3.71057576558e-05, 2.8270036637e-05, 2.49313579843e-05, 1.64114517247e-05, 1.53283654072e-05, 1.19828500829e-05, 1.11443332571e-05, 9.28624467633e-06, 6.16241641183e-06, 4.84318115923e-06, 5.95105575485e-06, 4.40512303612e-06, 3.20062599712e-06, 2.95743438983e-06, 2.39088035414e-06, 1.9528536086e-06, 1.75225750354e-06, 1.41875091231e-06, 1.11039935291e-06, 5.87888735026e-07, 4.5925051495e-07, 4.3522865667e-07, 4.05621079835e-07, 4.83165536025e-07, 4.74957261076e-07], "max": [0.0468523278832, 0.0421140491962, 0.0211883801967, 0.0315947122872, 0.0217356607318, 0.0142483571544, 0.0173264443874, 0.0157433263958, 0.0206475257874, 0.00686434516683, 0.00875324662775, 0.00519920513034, 0.00448297709227, 0.00489988084882, 0.00319770956412, 0.00197648606263, 0.00131494516972, 0.0017895672936, 0.000777254404966, 0.00158854387701, 0.000667946296744, 0.000338306563208, 0.000326414650772, 0.000292623619316, 0.000196125285584, 0.000788242788985, 0.000167290229001, 0.000122224751976, 0.000174952641828, 0.00014415399346, 0.000152227730723, 0.000121067016153, 7.50372855691e-05, 6.06810899626e-05, 5.8879784774e-05, 2.88297487714e-05, 3.6074390664e-05, 2.02512874239e-05, 3.44255349773e-05, 3.070108869e-05], "dvar": [1.23503486975e-05, 8.76129706739e-06, 9.47202067891e-07, 3.88972011933e-06, 6.30293243375e-07, 4.96054099131e-07, 6.11547420704e-07, 2.80496522009e-07, 3.85668982972e-07, 6.15871584841e-08, 4.77284878286e-08, 1.68971165948e-08, 8.9855571872e-09, 1.18738467947e-08, 1.05489679214e-08, 5.2739821399e-09, 2.3475776878e-09, 1.98197147583e-09, 7.81954945239e-10, 1.15417464475e-09, 3.51913831409e-10, 2.84431145303e-10, 1.93877303101e-10, 9.51339979016e-11, 6.67248409303e-11, 1.7172703537e-10, 5.11090232636e-11, 2.70259873508e-11, 3.26156879282e-11, 2.06433030392e-11, 1.84046528018e-11, 1.39262941456e-11, 7.57987336092e-12, 4.01127742133e-12, 1.62425671871e-12, 6.73149958084e-13, 5.91121281698e-13, 4.28495753419e-13, 6.95828052295e-13, 6.08431490953e-13], "mean": [0.00397322606295, 0.00321983848698, 0.00108458136674, 0.00105494994204, 0.000628579873592, 0.000553050951567, 0.000540779030416, 0.000328935828293, 0.000284148554783, 0.000148888531839, 8.78849823494e-05, 6.73770118738e-05, 5.74288824282e-05, 6.19255952188e-05, 4.96269349242e-05, 3.51573507942e-05, 2.45372611971e-05, 2.29495417443e-05, 1.38802552101e-05, 1.33644125526e-05, 1.0831236068e-05, 9.99840904115e-06, 8.90904630069e-06, 6.22926654614e-06, 4.70535633212e-06, 5.29562430529e-06, 4.26294127465e-06, 3.40927977049e-06, 2.77207573163e-06, 2.18978357225e-06, 1.62570188422e-06, 1.51993799591e-06, 1.34853632971e-06, 1.16516400794e-06, 6.13371355485e-07, 5.19200455074e-07, 4.88968851187e-07, 4.77671676435e-07, 5.18047727383e-07, 5.35003380264e-07], "dvar2": [3.18729871651e-05, 2.4227441827e-05, 2.4469904929e-06, 1.03019729067e-05, 1.57095155373e-06, 1.28633200802e-06, 1.37684367019e-06, 6.57247710478e-07, 8.39124481899e-07, 1.31112855684e-07, 9.03580925637e-08, 3.66904338023e-08, 1.93093221412e-08, 2.25089902273e-08, 2.38396022922e-08, 1.34759385872e-08, 5.99561689185e-09, 4.75096495478e-09, 2.015663636e-09, 2.64210942014e-09, 8.73058236817e-10, 7.17827519647e-10, 4.7441267581e-10, 2.31178506893e-10, 1.65331415225e-10, 3.88985399447e-10, 1.30442809332e-10, 7.08307995589e-11, 9.05125557837e-11, 5.78729911216e-11, 5.28606498851e-11, 3.97871943725e-11, 2.06918943785e-11, 1.05031911987e-11, 4.68227973754e-12, 1.83720356636e-12, 1.53404003909e-12, 1.08026131443e-12, 1.76835119898e-12, 1.38519740383e-12], "min": [1.06951325922e-24, 1.4463035987e-24, 1.014960668e-24, 7.79960976488e-25, 1.19742419538e-24, 2.56298778182e-24, 1.27705230819e-24, 1.39061307562e-24, 2.67299009632e-24, 3.72641838307e-24, 2.13528100686e-24, 2.56915450473e-24, 2.35519570571e-24, 3.23012764658e-24, 1.64661115975e-24, 2.11094602844e-24, 2.88388712895e-24, 4.8668312064e-24, 2.31869984479e-24, 3.84015989826e-24, 2.80038363833e-24, 4.17976688454e-24, 4.43868089439e-24, 5.18466602612e-24, 3.78727466317e-24, 4.30964494397e-24, 4.97825031508e-24, 4.61317219346e-24, 4.82220928929e-24, 4.01745954215e-24, 4.39791414053e-24, 5.69208857606e-24, 4.81197105804e-24, 6.33534981844e-24, 5.5648886994e-24, 5.43186702926e-24, 5.33273916234e-24, 6.77455601603e-24, 6.33545868124e-24, 5.6398214135e-24], "var": [1.53406399477e-05, 9.26590655581e-06, 1.72681734512e-06, 4.01726720156e-06, 1.18849220598e-06, 6.97974087416e-07, 1.44230659771e-06, 5.3980136272e-07, 8.46093882956e-07, 1.42149403359e-07, 9.91155246766e-08, 4.27036539463e-08, 1.98607903457e-08, 4.04735907011e-08, 1.87306330446e-08, 8.95451446326e-09, 3.43273032222e-09, 3.07489034235e-09, 1.05035569131e-09, 1.87537252394e-09, 5.36392208428e-10, 4.23341056655e-10, 3.16825787827e-10, 1.4443125862e-10, 1.03202855983e-10, 2.66143385108e-10, 6.67485580697e-11, 3.81306063113e-11, 3.37373740056e-11, 1.96365892297e-11, 1.42544630613e-11, 1.20326353048e-11, 8.16026326372e-12, 5.46851626482e-12, 1.55960530948e-12, 9.04981981281e-13, 9.32537792646e-13, 9.15166813859e-13, 9.04703937633e-13, 9.86536590267e-13], "median": [0.00364762241952, 0.00279654702172, 0.000664866995066, 0.00043276080396, 0.000303827604512, 0.000267940253252, 0.000132534260047, 9.08329093363e-05, 4.45622063125e-05, 3.0907416658e-05, 1.6452428099e-05, 1.17636827781e-05, 1.72397994902e-05, 1.88436169992e-05, 1.32955137815e-05, 9.51965466811e-06, 5.02188277096e-06, 6.91598006597e-06, 3.46740489476e-06, 3.72109116142e-06, 3.2707621358e-06, 2.6480777251e-06, 2.34338972405e-06, 1.8389143861e-06, 1.27547116335e-06, 1.52464031089e-06, 1.41060809256e-06, 1.10646021767e-06, 8.13416988876e-07, 6.7375162871e-07, 5.77355876885e-07, 5.63814182897e-07, 4.10374468629e-07, 3.99442200205e-07, 2.52783252108e-07, 2.19341458774e-07, 2.05674837161e-07, 1.96118051576e-07, 2.11632311675e-07, 2.04171143992e-07]}, "silence_rate_60dB": {"dmean": 0.0083540705964, "dmean2": 0.016709625721, "max": 1, "dvar": 0.00828318670392, "mean": 0.0681596025825, "dvar2": 0.018920192495, "min": 0, "var": 0.0635075494647, "median": 0}, "spectral_energyband_middle_high": {"dmean": 0.00125150976237, "dmean2": 0.00186167680658, "max": 0.0612134672701, "dvar": 5.90110039411e-06, "mean": 0.00297135091387, "dvar2": 1.25868245959e-05, "min": 1.02831656591e-21, "var": 1.93675987248e-05, "median": 0.00145256670658}, "erbbands_skewness": {"dmean": 0.374967396259, "dmean2": 0.564374029636, "max": 4.16620969772, "dvar": 0.122337169945, "mean": 0.680854082108, "dvar2": 0.272220253944, "min": -2.73431873322, "var": 0.616883218288, "median": 0.648780882359}, "dynamic_complexity": 3.82512116432, "dissonance": {"dmean": 0.0225562583655, "dmean2": 0.0370279550552, "max": 0.499997168779, "dvar": 0.000461230403744, "mean": 0.447658836842, "dvar2": 0.0012168927351, "min": 0.22791787982, "var": 0.00148469593842, "median": 0.456974864006}, "spectral_skewness": {"dmean": 0.234854489565, "dmean2": 0.345688194036, "max": 7.97618770599, "dvar": 0.0688625946641, "mean": 1.92148828506, "dvar2": 0.151630789042, "min": -0.0951708331704, "var": 0.463728427887, "median": 1.83321893215}, "spectral_kurtosis": {"dmean": 1.75069224834, "dmean2": 2.64694619179, "max": 95.6248779297, "dvar": 6.97767353058, "mean": 6.09909391403, "dvar2": 17.2039146423, "min": -1.26505053043, "var": 31.3042736053, "median": 4.81457185745}, "gfcc": {"cov": [[22820.5058594, 610.237304688, -917.159912109, 613.307250977, -759.442138672, 435.346679688, -392.966278076, 268.06048584, -261.597259521, 238.064437866, -169.636825562, 143.915008545, -210.454406738], [610.237304688, 1175.83740234, -264.295776367, -135.621582031, -5.11145496368, -107.066497803, 14.9365339279, -43.2119522095, 36.5629692078, -82.5249710083, 82.0096588135, -74.9856719971, 24.0143146515], [-917.159912109, -264.295776367, 757.314453125, 20.1991481781, 51.6666870117, 91.9323196411, 47.4619674683, -25.5222034454, 14.8094491959, 30.4721221924, -22.3285140991, 60.9965782166, -33.2337760925], [613.307250977, -135.621582031, 20.1991481781, 523.97869873, 2.13371229172, 108.443534851, -37.7206039429, -15.9463205338, 3.76446676254, 1.77875065804, 41.9427566528, 9.05277633667, 51.4953956604], [-759.442138672, -5.11145496368, 51.6666870117, 2.13371229172, 283.828308105, -14.90695858, 19.0551624298, -13.5216407776, 29.4915351868, 14.152173996, -3.27048707008, -22.1256103516, -7.21041870117], [435.346679688, -107.066497803, 91.9323196411, 108.443534851, -14.90695858, 326.706054688, 76.1263046265, -6.20636177063, 7.03180456161, 46.2215232849, 51.2837333679, 14.3917951584, -0.255868375301], [-392.966278076, 14.9365339279, 47.4619674683, -37.7206039429, 19.0551624298, 76.1263046265, 186.997848511, 32.4738807678, 14.008439064, 1.52599680424, 18.2965755463, 14.8421525955, -1.66089773178], [268.06048584, -43.2119522095, -25.5222034454, -15.9463205338, -13.5216407776, -6.20636177063, 32.4738807678, 140.07824707, 29.0410861969, 1.55349326134, -1.84912824631, 4.81421709061, 1.9979288578], [-261.597259521, 36.5629692078, 14.8094491959, 3.76446676254, 29.4915351868, 7.03180456161, 14.008439064, 29.0410861969, 101.686210632, 26.4205760956, 6.2696595192, -9.73089599609, 7.8270611763], [238.064437866, -82.5249710083, 30.4721221924, 1.77875065804, 14.152173996, 46.2215232849, 1.52599680424, 1.55349326134, 26.4205760956, 98.7895965576, 28.4295406342, 5.21831274033, -15.6975841522], [-169.636825562, 82.0096588135, -22.3285140991, 41.9427566528, -3.27048707008, 51.2837333679, 18.2965755463, -1.84912824631, 6.2696595192, 28.4295406342, 130.364685059, 17.2046890259, 13.0328779221], [143.915008545, -74.9856719971, 60.9965782166, 9.05277633667, -22.1256103516, 14.3917951584, 14.8421525955, 4.81421709061, -9.73089599609, 5.21831274033, 17.2046890259, 90.6172714233, 19.1656265259], [-210.454406738, 24.0143146515, -33.2337760925, 51.4953956604, -7.21041870117, -0.255868375301, -1.66089773178, 1.9979288578, 7.8270611763, -15.6975841522, 13.0328779221, 19.1656265259, 79.5313186646]], "mean": [-27.5859889984, 102.179504395, -78.7530288696, 29.0830993652, -45.5210151672, 12.8261356354, -32.3934135437, 10.6341028214, -22.5655136108, 12.1871128082, -11.543586731, 6.20383310318, -10.9476699829], "icov": [[9.65774743236e-05, -0.000197203582502, 0.00012179397163, -0.00018998143787, 0.000157442409545, -0.000216136133531, 0.000249466422247, -0.000353055569576, 0.000371934642317, -0.000504149706103, 0.000490048725624, -0.000438843708253, 0.000406006467529], [-0.000197203582502, 0.00169346830808, 2.81032480416e-05, 0.000764924101532, -0.000208074328839, 0.000724614714272, -0.000745196361095, 0.00141682650428, -0.00166858767625, 0.00240225205198, -0.00231376686133, 0.001835310366, -0.00100915448274], [0.00012179397163, 2.81032480416e-05, 0.00181993714068, -0.000258948886767, -8.48210547701e-05, -0.000594854936935, 4.4049043936e-05, 0.00012260377116, -0.000149295898154, -0.000454876804724, 0.00096236547688, -0.00178372894879, 0.00142725708429], [-0.00018998143787, 0.000764924101532, -0.000258948886767, 0.00283970939927, -0.000434389308793, -0.000451581319794, 0.000369541201508, 0.000882500200532, -0.00101351272315, 0.00174191582482, -0.00183234165888, 0.00131040427368, -0.00230781757273], [0.000157442409545, -0.000208074328839, -8.48210547701e-05, -0.000434389308793, 0.00416485313326, 0.000206814671401, -0.000305174849927, 0.000142314034747, -0.000451405794593, -0.00120257528033, 0.000685396022163, 0.000451695290394, 0.000679472461343], [-0.000216136133531, 0.000724614714272, -0.000594854936935, -0.000451581319794, 0.000206814671401, 0.00488361530006, -0.0025562888477, 0.00138710637111, -0.000715029076673, -0.0003518408339, -0.00224389508367, 0.00154807162471, -0.000805103743915], [0.000249466422247, -0.000745196361095, 4.4049043936e-05, 0.000369541201508, -0.000305174849927, -0.0025562888477, 0.00758833251894, -0.00260238186456, 0.000544620444998, -0.000141588840052, 0.000752880994696, -0.00217672274448, 0.00117186421994], [-0.000353055569576, 0.00141682650428, 0.00012260377116, 0.000882500200532, 0.000142314034747, 0.00138710637111, -0.00260238186456, 0.00988784898072, -0.00443975301459, 0.00273159961216, -0.00208610971458, 0.00128502945881, -0.0011593347881], [0.000371934642317, -0.00166858767625, -0.000149295898154, -0.00101351272315, -0.000451405794593, -0.000715029076673, 0.000544620444998, -0.00443975301459, 0.0144427828491, -0.00659915106371, 0.00281223515049, -6.60568548483e-06, -0.00102158810478], [-0.000504149706103, 0.00240225205198, -0.000454876804724, 0.00174191582482, -0.00120257528033, -0.0003518408339, -0.000141588840052, 0.00273159961216, -0.00659915106371, 0.0174689609557, -0.00648879166692, 0.0018330529565, 0.00115989230108], [0.000490048725624, -0.00231376686133, 0.00096236547688, -0.00183234165888, 0.000685396022163, -0.00224389508367, 0.000752880994696, -0.00208610971458, 0.00281223515049, -0.00648879166692, 0.0130682960153, -0.00469279009849, 0.00113886862528], [-0.000438843708253, 0.001835310366, -0.00178372894879, 0.00131040427368, 0.000451695290394, 0.00154807162471, -0.00217672274448, 0.00128502945881, -6.60568548483e-06, 0.0018330529565, -0.00469279009849, 0.0165701210499, -0.00620271172374], [0.000406006467529, -0.00100915448274, 0.00142725708429, -0.00230781757273, 0.000679472461343, -0.000805103743915, 0.00117186421994, -0.0011593347881, -0.00102158810478, 0.00115989230108, 0.00113886862528, -0.00620271172374, 0.0177936274558]]}, "spectral_complexity": {"dmean": 3.04496979713, "dmean2": 4.69184970856, "max": 54, "dvar": 18.329164505, "mean": 13.6944818497, "dvar2": 38.3583755493, "min": 0, "var": 69.8678970337, "median": 12}, "spectral_flux": {"dmean": 0.0273442137986, "dmean2": 0.0425195284188, "max": 0.373693048954, "dvar": 0.00131283036899, "mean": 0.0748285725713, "dvar2": 0.00287094968371, "min": 6.45255029963e-11, "var": 0.0030257217586, "median": 0.0611432902515}, "spectral_energyband_low": {"dmean": 0.00688304426149, "dmean2": 0.0113822715357, "max": 0.190618515015, "dvar": 0.000231522266404, "mean": 0.0192553717643, "dvar2": 0.000603363383561, "min": 1.45376005002e-23, "var": 0.0002886884904, "median": 0.0178545154631}, "spectral_decrease": {"dmean": 2.87138823829e-09, "dmean2": 4.5720631725e-09, "max": 9.99922807824e-19, "dvar": 2.25117683471e-17, "mean": -9.2558511966e-09, "dvar2": 5.62431068117e-17, "min": -5.16053688671e-08, "var": 4.26777351951e-17, "median": -8.26548340882e-09}, "barkbands_spread": {"dmean": 4.10041952133, "dmean2": 6.29900741577, "max": 134.502914429, "dvar": 32.4047813416, "mean": 14.2507591248, "dvar2": 73.7445602417, "min": 0.738944470882, "var": 97.3132629395, "median": 12.2786970139}, "spectral_rms": {"dmean": 0.000822472211439, "dmean2": 0.00126151379663, "max": 0.0138629935682, "dvar": 1.31191802666e-06, "mean": 0.00551885180175, "dvar2": 3.10325413011e-06, "min": 3.12418255329e-12, "var": 4.91212404086e-06, "median": 0.00560901593417}, "spectral_centroid": {"dmean": 183.947555542, "dmean2": 283.841339111, "max": 11798.9257812, "dvar": 67696.96875, "mean": 950.517700195, "dvar2": 152086.859375, "min": 211.701309204, "var": 1115223.875, "median": 764.635864258}, "barkbands_skewness": {"dmean": 0.636593818665, "dmean2": 0.94296425581, "max": 13.7028503418, "dvar": 0.551838815212, "mean": 2.5515294075, "dvar2": 1.23321342468, "min": -2.18931746483, "var": 2.31079888344, "median": 2.39175033569}, "spectral_rolloff": {"dmean": 217.171554565, "dmean2": 369.972320557, "max": 19638.28125, "dvar": 343137.75, "mean": 761.454467773, "dvar2": 804141.6875, "min": 86.1328125, "var": 3845504.5, "median": 409.130859375}, "erbbands_spread": {"dmean": 8.52656650543, "dmean2": 12.2859840393, "max": 164.939376831, "dvar": 81.4567489624, "mean": 41.6952514648, "dvar2": 163.552017212, "min": 2.60923433304, "var": 447.559936523, "median": 38.6438789368}, "barkbands": {"dmean": [0.000112495014037, 0.00591623550281, 0.00138107698876, 0.00108859513421, 0.00304581853561, 0.0016676185187, 0.00138736772351, 0.000988500425592, 0.000610196613707, 0.000366064952686, 0.000242535723373, 0.000295526493574, 0.0002628028451, 0.000168549333466, 0.000167847712873, 0.000128706087708, 0.000114789509098, 8.93659671419e-05, 8.18982734927e-05, 6.52493763482e-05, 5.55883125344e-05, 4.5525150199e-05, 2.44494494837e-05, 2.09070367418e-05, 3.44714899256e-05, 4.52949861938e-05, 1.41646678458e-05], "dmean2": [0.000190890743397, 0.00984610710293, 0.0023713267874, 0.00179450039286, 0.004899490159, 0.00270176609047, 0.00216004694812, 0.00148520874791, 0.000927900196984, 0.000537526037078, 0.000378312339308, 0.00044772651745, 0.000423528224928, 0.000273168552667, 0.000268586882157, 0.000207128570764, 0.000185737677384, 0.00014282714983, 0.000131977940327, 0.00010728106281, 9.31241447688e-05, 7.4570387369e-05, 3.87762156606e-05, 3.22390078509e-05, 4.98520785186e-05, 6.56440897728e-05, 2.10328216781e-05], "max": [0.00646676449105, 0.185012638569, 0.0553719215095, 0.0623080432415, 0.119169227779, 0.0767523571849, 0.0776335597038, 0.0857498794794, 0.0375222861767, 0.0425167120993, 0.0424390845001, 0.0401528440416, 0.0221261736006, 0.0121374279261, 0.0199043247849, 0.0169092677534, 0.00647588027641, 0.00454154796898, 0.0127992816269, 0.00330242537893, 0.00649850443006, 0.00492235925049, 0.00287416856736, 0.00266818795353, 0.0031638070941, 0.00266055623069, 0.000879557977896], "dvar": [8.75938113154e-08, 0.000194108462892, 9.52121354203e-06, 5.02595185026e-06, 5.60227672395e-05, 1.16246046673e-05, 1.24631869767e-05, 1.12869656732e-05, 3.21480501952e-06, 1.68181964e-06, 5.73651050217e-07, 9.67303094512e-07, 6.54140535516e-07, 2.16168047018e-07, 2.45881892624e-07, 1.59204503802e-07, 7.39154017992e-08, 4.84660560574e-08, 6.5138891614e-08, 2.88731278886e-08, 3.5499553519e-08, 2.41499993336e-08, 5.63879076765e-09, 3.00935720787e-09, 6.80980249967e-09, 1.36162325859e-08, 1.64046376483e-09], "mean": [0.000186260498594, 0.0150846829638, 0.00299435365014, 0.00199074461125, 0.00463374191895, 0.00278498185799, 0.00234942743555, 0.00172250042669, 0.00100150716025, 0.000631450500805, 0.000383427832276, 0.000490491802339, 0.0004075281322, 0.000232446065638, 0.000236944193603, 0.000186453733477, 0.000169182647369, 0.000146031947224, 0.000126310391352, 0.000113685753604, 8.88214781298e-05, 7.3729090218e-05, 4.43728749815e-05, 4.12978079112e-05, 6.01992978773e-05, 5.76122401981e-05, 1.57692411449e-05], "dvar2": [2.27822710031e-07, 0.000517894164659, 2.59729185927e-05, 1.2882322153e-05, 0.000147454746184, 2.99439016089e-05, 2.84028501483e-05, 2.53854723269e-05, 7.02062106939e-06, 3.43010674442e-06, 1.39842916269e-06, 1.94105018636e-06, 1.60625802437e-06, 5.44257488855e-07, 6.12737665051e-07, 3.6946352111e-07, 1.8574837668e-07, 1.1565895619e-07, 1.54741542246e-07, 7.51793862719e-08, 9.99720484174e-08, 6.79684788452e-08, 1.55376191913e-08, 7.61330731791e-09, 1.5283937671e-08, 3.1056409e-08, 3.68151775731e-09], "min": [6.7791782479e-25, 3.91722293123e-24, 1.13192842708e-24, 1.06155276522e-24, 7.33115181607e-24, 1.09317985551e-23, 4.31985280409e-24, 5.70833950514e-24, 2.65062060429e-23, 1.25620600796e-23, 1.08080507338e-23, 2.84290292558e-23, 1.72950811494e-23, 3.88962573686e-23, 4.12197556571e-23, 5.45793864552e-23, 6.66139896789e-23, 1.10691005846e-22, 1.31508199475e-22, 1.34643801667e-22, 2.22259477453e-22, 3.0446961326e-22, 3.52239571314e-22, 5.66470691428e-22, 8.99528219996e-22, 1.35004155853e-21, 1.89429005088e-21], "var": [1.26816715351e-07, 0.000217081760638, 1.44144087244e-05, 9.57839438342e-06, 6.1477869167e-05, 1.75085642695e-05, 2.85784281004e-05, 2.39128858084e-05, 6.57213831801e-06, 3.76965704163e-06, 9.46712191308e-07, 2.90553930427e-06, 1.13290673198e-06, 3.13013401865e-07, 3.68855211264e-07, 2.65864201765e-07, 1.09319252317e-07, 8.25840871244e-08, 9.52511740593e-08, 4.01856006249e-08, 3.2551863427e-08, 2.35984263242e-08, 6.95500190773e-09, 5.55865264928e-09, 1.16556240215e-08, 1.81597030746e-08, 2.04715178143e-09], "median": [4.22108387284e-05, 0.0137927094474, 0.00186256901361, 0.000925250467844, 0.00213634548709, 0.0013828438241, 0.000518736545928, 0.000328645633999, 0.000197945977561, 0.000111949739221, 0.000114854585263, 0.000119715899928, 0.000107732957986, 4.9180813221e-05, 5.7453631598e-05, 5.31243276782e-05, 4.65816228825e-05, 4.05041428166e-05, 3.93546324631e-05, 3.82677644666e-05, 2.86855702143e-05, 2.72243560175e-05, 1.7907585061e-05, 1.86418164958e-05, 2.21062491619e-05, 1.05911531136e-05, 8.00760176389e-07]}, "melbands_kurtosis": {"dmean": 11.9020032883, "dmean2": 18.1477794647, "max": 518.390136719, "dvar": 424.667205811, "mean": 27.0329189301, "dvar2": 950.241027832, "min": -1.75641298294, "var": 1068.50415039, "median": 17.2888431549}, "erbbands_crest": {"dmean": 2.58784627914, "dmean2": 4.11541366577, "max": 30.6487560272, "dvar": 6.61227035522, "mean": 9.40697193146, "dvar2": 15.5971660614, "min": 2.45070838928, "var": 20.5496940613, "median": 8.38906002045}, "melbands_skewness": {"dmean": 0.863218784332, "dmean2": 1.27780878544, "max": 17.975479126, "dvar": 0.982878744602, "mean": 3.60546326637, "dvar2": 2.129165411, "min": -1.2969520092, "var": 4.3895778656, "median": 3.31111741066}, "spectral_energyband_middle_low": {"dmean": 0.00613115215674, "dmean2": 0.00951770693064, "max": 0.144951239228, "dvar": 0.000130238346173, "mean": 0.0146978208795, "dvar2": 0.000327037909301, "min": 1.64385422894e-22, "var": 0.00024720505462, "median": 0.00984663516283}, "spectral_contrast_coeffs": {"dmean": [0.0457039885223, 0.0473814532161, 0.0378424338996, 0.0309296604246, 0.0216632001102, 0.0172082111239], "dmean2": [0.074541375041, 0.0769791081548, 0.0600118115544, 0.0496472530067, 0.0340479053557, 0.0270956158638], "max": [-0.293643712997, -0.403532117605, -0.475853860378, -0.532886326313, -0.589831411839, -0.62597489357], "dvar": [0.00166270218324, 0.00160294526722, 0.000992509536445, 0.000687683175784, 0.000392250949517, 0.000285640533548], "mean": [-0.672606468201, -0.695661664009, -0.764529824257, -0.781456708908, -0.801605701447, -0.790633320808], "dvar2": [0.00424536596984, 0.0040210983716, 0.00233997730538, 0.00170266523492, 0.000846612849273, 0.000665735045914], "min": [-0.978482365608, -0.989213705063, -0.976113021374, -0.975159227848, -0.968598604202, -0.963277757168], "var": [0.00686431862414, 0.00705294730142, 0.00492532318458, 0.00364030664787, 0.00241306982934, 0.00142840109766], "median": [-0.678673386574, -0.69593000412, -0.771174669266, -0.788763821125, -0.810057759285, -0.789881825447]}, "spectral_contrast_valleys": {"dmean": [0.340078264475, 0.376723468304, 0.352146953344, 0.339097708464, 0.31562307477, 0.297604620457], "dmean2": [0.552993893623, 0.603326022625, 0.551634669304, 0.515579283237, 0.449074715376, 0.361178249121], "max": [-5.04735946655, -4.38602876663, -4.83052301407, -5.63224220276, -5.57428264618, -7.97383451462], "dvar": [0.104218102992, 0.122232034802, 0.111528649926, 0.127358481288, 0.136582612991, 0.114911280572], "mean": [-6.98780250549, -7.06385374069, -7.91612815857, -8.38445854187, -8.31945610046, -10.5733594894], "dvar2": [0.241062432528, 0.283816695213, 0.239133045077, 0.255569666624, 0.267052441835, 0.189283981919], "min": [-28.1415157318, -28.0917816162, -28.0558605194, -27.811372757, -27.5316085815, -27.3698825836], "var": [5.15861177444, 4.88595294952, 4.55396461487, 4.45077323914, 4.51390504837, 3.93785262108], "median": [-6.53410768509, -6.78247451782, -7.64905929565, -8.10839366913, -8.0277633667, -10.2014780045]}, "silence_rate_20dB": {"dmean": 0, "dmean2": 0, "max": 1, "dvar": 0, "mean": 1, "dvar2": 0, "min": 1, "var": 0, "median": 1}, "silence_rate_30dB": {"dmean": 0.0174191258848, "dmean2": 0.0348413474858, "max": 1, "dvar": 0.0171168148518, "mean": 0.985781550407, "dvar2": 0.0430507957935, "min": 0, "var": 0.0140155581757, "median": 1}, "spectral_strongpeak": {"dmean": 0.293598026037, "dmean2": 0.505875408649, "max": 9.55586719513, "dvar": 0.33971324563, "mean": 0.594276189804, "dvar2": 0.804157972336, "min": 0, "var": 0.600961983204, "median": 0.341932415962}, "spectral_spread": {"dmean": 688502.5625, "dmean2": 915040.3125, "max": 42316452, "dvar": 742759268352, "mean": 5458325.5, "dvar2": 1316677353470.0, "min": 1017907.75, "var": 14068980121600.0, "median": 4950944.5}, "barkbands_flatness_db": {"dmean": 0.0223335865885, "dmean2": 0.0319628715515, "max": 0.381605118513, "dvar": 0.000506325101014, "mean": 0.171847820282, "dvar2": 0.00112612580415, "min": 0.0285995826125, "var": 0.00299532013014, "median": 0.166751548648}, "pitch_salience": {"dmean": 0.0692191198468, "dmean2": 0.111943036318, "max": 0.986877799034, "dvar": 0.00505605619401, "mean": 0.485917568207, "dvar2": 0.0133419120684, "min": 0.083962701261, "var": 0.0151102570817, "median": 0.489156842232}, "erbbands_kurtosis": {"dmean": 1.07652175426, "dmean2": 1.63113152981, "max": 25.6907100677, "dvar": 2.1173043251, "mean": 1.0902159214, "dvar2": 4.56227970123, "min": -1.77042794228, "var": 7.22422504425, "median": 0.164440631866}, "average_loudness": 0.82468765974, "barkbands_crest": {"dmean": 2.54414343834, "dmean2": 4.04586458206, "max": 26.2314338684, "dvar": 6.84958219528, "mean": 13.107298851, "dvar2": 17.7133655548, "min": 2.57573318481, "var": 22.1776103973, "median": 12.4831094742}, "hfc": {"dmean": 4.94184303284, "dmean2": 7.12556600571, "max": 116.965332031, "dvar": 74.5376205444, "mean": 14.5556278229, "dvar2": 173.183624268, "min": 1.05221774518e-16, "var": 196.306762695, "median": 10.2315673828}, "barkbands_kurtosis": {"dmean": 5.25832891464, "dmean2": 8.08203220367, "max": 250.766479492, "dvar": 84.142829895, "mean": 11.3120088577, "dvar2": 197.225494385, "min": -1.8507784605, "var": 200.769592285, "median": 7.29476642609}, "erbbands": {"dmean": [0.149833068252, 1.42595362663, 1.87560427189, 2.50340223312, 7.75423383713, 10.3909111023, 9.89720058441, 15.7065896988, 20.6624355316, 17.5604610443, 20.0486755371, 14.8738956451, 10.5237913132, 9.0945110321, 11.1372947693, 12.2069129944, 12.3731403351, 8.79528999329, 9.61958885193, 6.11655712128, 6.4083147049, 6.12937355042, 5.07252931595, 3.68993711472, 4.48375654221, 2.99111104012, 2.55762434006, 1.99629092216, 1.67094218731, 1.30322360992, 0.592659950256, 0.432268410921, 0.368819713593, 0.356188356876, 0.274088919163, 0.161890149117, 0.0797407701612, 0.0329987034202, 0.00193143286742, 3.82963989978e-05], "dmean2": [0.237608864903, 2.40801382065, 3.25995874405, 4.13338851929, 12.6668195724, 16.9444713593, 15.8453836441, 25.5700054169, 32.0876960754, 27.1978149414, 29.9018306732, 22.3468589783, 14.9287881851, 13.7036857605, 16.8481693268, 18.4284420013, 19.7608203888, 14.0914525986, 15.1746454239, 9.76872253418, 10.2976884842, 9.8925037384, 8.07341575623, 5.86548089981, 7.26453113556, 4.88313913345, 4.25854444504, 3.37834763527, 2.77550172806, 2.05244684219, 0.945581555367, 0.677896022797, 0.571297585964, 0.52992016077, 0.393667310476, 0.236862361431, 0.116776697338, 0.0482742451131, 0.00284828594886, 5.52497403987e-05], "max": [4.22190856934, 45.2705574036, 72.2372741699, 108.25579071, 280.965087891, 418.113220215, 668.797302246, 634.996520996, 1213.86804199, 1129.7010498, 2560.90112305, 1173.55700684, 1790.47912598, 1365.8034668, 827.519958496, 1988.60827637, 879.79699707, 665.483398438, 1186.06359863, 588.192504883, 513.897644043, 357.994934082, 266.095336914, 229.922134399, 821.292358398, 157.383285522, 257.805541992, 235.215057373, 180.52947998, 91.7623062134, 81.107093811, 52.6808929443, 37.8153381348, 36.3925819397, 23.6013793945, 11.1298732758, 5.04007387161, 1.8997374773, 0.122174985707, 0.00182988599408], "dvar": [0.110557429492, 11.5600500107, 17.8276329041, 23.2939815521, 346.6590271, 759.204162598, 582.607116699, 1078.84765625, 2798.49560547, 2031.51721191, 6147.65380859, 1821.77709961, 1913.1550293, 958.940734863, 762.380004883, 1883.37072754, 1385.60961914, 530.208312988, 790.850524902, 307.024200439, 280.52355957, 215.30645752, 140.943557739, 98.3316421509, 223.124771118, 60.3180541992, 69.0641021729, 50.7965431213, 34.8500747681, 13.9639616013, 3.78487157822, 1.5094922781, 0.868570923805, 0.799402356148, 0.418623447418, 0.178859010339, 0.0424332730472, 0.00865739397705, 2.90464613499e-05, 7.2818382435e-09], "mean": [0.381376326084, 3.51931905746, 4.28927898407, 5.43580722809, 11.4593410492, 15.362868309, 17.8689746857, 25.0615749359, 36.5964393616, 29.6792049408, 36.1305274963, 26.1411075592, 18.223279953, 16.4583702087, 19.8785057068, 21.9386978149, 19.9267520905, 13.4208698273, 14.4078006744, 8.95955562592, 9.87900352478, 9.42564296722, 8.48861312866, 6.20412397385, 6.97882986069, 5.45228338242, 4.18735122681, 3.10594964027, 2.60198450089, 2.23624920845, 1.09162187576, 0.824838638306, 0.70374494791, 0.629945635796, 0.451496750116, 0.221138447523, 0.0992162376642, 0.0379378646612, 0.00217940867878, 7.56291701691e-05], "dvar2": [0.280536442995, 31.3590564728, 49.6026954651, 60.0672492981, 909.965576172, 2042.36071777, 1440.16455078, 2811.13647461, 6278.59472656, 4758.09033203, 13345.0419922, 3899.89453125, 3594.06103516, 2103.63427734, 1493.48803711, 3721.68066406, 3407.69433594, 1363.82958984, 1890.29577637, 742.538269043, 685.204711914, 539.389526367, 338.165435791, 240.679092407, 522.114257812, 154.237869263, 191.910003662, 144.630874634, 99.1097259521, 36.4865722656, 10.7385368347, 3.99071335793, 2.15930604935, 1.84905314445, 0.936831831932, 0.426224410534, 0.0983987301588, 0.019198730588, 6.42965460429e-05, 1.56922670413e-08], "min": [5.19567615778e-23, 7.00190415119e-22, 3.39785398849e-21, 6.26921357555e-21, 4.28846618699e-21, 2.0258359213e-20, 3.21600196589e-20, 1.0995228499e-19, 8.4358806312e-20, 1.2454805492e-19, 2.50188531085e-19, 5.15523876559e-19, 4.928239209e-19, 6.29149954993e-19, 7.86994058745e-19, 1.26644484728e-18, 9.8507956872e-19, 1.68495325929e-18, 3.19127376337e-18, 2.97181137313e-18, 3.2835972527e-18, 4.54121908137e-18, 5.82713296854e-18, 5.89066126677e-18, 7.48798466633e-18, 8.27255141526e-18, 9.45768782045e-18, 9.10019607614e-18, 1.14003868363e-17, 1.20031789913e-17, 1.09439130055e-17, 9.85602160751e-18, 1.03353363765e-17, 7.97919429256e-18, 7.095575974e-18, 4.06709362992e-18, 2.2523224385e-18, 8.9830160162e-19, 2.3591064408e-19, 2.61818593562e-20], "var": [0.152826428413, 12.441069603, 20.9637184143, 49.4227485657, 382.554656982, 823.791992188, 1137.00878906, 1454.51574707, 6545.92919922, 3933.03051758, 13822.7099609, 4251.89208984, 3992.43164062, 2333.70605469, 2102.79370117, 6251.71826172, 2438.79541016, 792.308959961, 1250.71289062, 466.769561768, 448.513183594, 337.692169189, 236.508972168, 157.647598267, 340.757019043, 92.0866622925, 69.7733306885, 43.0057220459, 31.6344299316, 19.1185207367, 4.20238828659, 2.34929132462, 1.63350260258, 1.28392243385, 0.712737858295, 0.234692379832, 0.0557079464197, 0.010918898508, 3.77783617296e-05, 1.11813509562e-08], "median": [0.332311242819, 3.11906123161, 3.22184538841, 3.14181637764, 4.87500238419, 6.48754167557, 8.0719871521, 11.9470319748, 9.53462982178, 9.29792404175, 6.20816898346, 5.57051515579, 3.70394563675, 3.27705168724, 6.4353852272, 5.85776233673, 5.75529098511, 3.72296905518, 4.46768856049, 2.71551156044, 3.11292266846, 2.70102620125, 2.53911304474, 1.83118748665, 2.17762517929, 1.82829475403, 1.31391251087, 1.11371839046, 0.986284554005, 0.759731650352, 0.454824239016, 0.361899673939, 0.301606118679, 0.249927639961, 0.149599611759, 0.0565709806979, 0.0161926336586, 0.00309369526803, 0.000133189139888, 4.4537922804e-05]}, "spectral_energy": {"dmean": 0.0111729716882, "dmean2": 0.0177130904049, "max": 0.1969871521, "dvar": 0.000336773751769, "mean": 0.0362539812922, "dvar2": 0.000838199979626, "min": 1.0004529789e-20, "var": 0.000655235373415, "median": 0.0322475843132}, "zerocrossingrate": {"dmean": 0.00838240701705, "dmean2": 0.010115724057, "max": 0.52783203125, "dvar": 0.00010294772801, "mean": 0.0428403541446, "dvar2": 0.000140195741551, "min": 0.0029296875, "var": 0.00270241429098, "median": 0.0341796875}, "spectral_energyband_high": {"dmean": 0.000228652803344, "dmean2": 0.000339792022714, "max": 0.0138131296262, "dvar": 