{"tonal": {"hpcp": {"dvar": [0.0386387221515, 0.0337567180395, 0.0312991626561, 0.0246422067285, 0.024285743013, 0.0232523009181, 0.0273373872042, 0.0305902510881, 0.0362275466323, 0.0336295887828, 0.0330706983805, 0.0325301475823, 0.0391509607434, 0.0500102192163, 0.0702547729015, 0.0600970089436, 0.0772502198815, 0.0602654926479, 0.0340110883117, 0.0293107926846, 0.0321171022952, 0.0320559851825, 0.0315841622651, 0.0544115304947, 0.0349951349199, 0.0219484101981, 0.0242476779968, 0.0294862706214, 0.0372965335846, 0.0433270931244, 0.0430779419839, 0.0454084537923, 0.0514323748648, 0.0504857636988, 0.0455636903644, 0.0415558591485], "var": [0.0735914036632, 0.0440391786397, 0.0272152218968, 0.0201492793858, 0.0177808664739, 0.0241091344506, 0.051780898124, 0.0506784506142, 0.0339482016861, 0.0350277945399, 0.033255148679, 0.0338125564158, 0.0367087982595, 0.0436140820384, 0.080721758306, 0.152806594968, 0.120322756469, 0.0492438934743, 0.0240137074143, 0.0231383442879, 0.03522849828, 0.0523215197027, 0.0460609979928, 0.04861176759, 0.0354560427368, 0.0213438682258, 0.0267006736249, 0.0345655530691, 0.0375325158238, 0.0659912601113, 0.0988947078586, 0.0725467279553, 0.0490180440247, 0.0412401743233, 0.0378275327384, 0.0528724864125], "median": [0.0553141161799, 0.0377169698477, 0.00996008329093, 0.00431307870895, 0.00418777298182, 0.0117023028433, 0.0186530221254, 0.0157075971365, 0.00875028781593, 0.00556421931833, 0.00400545448065, 0.0118631310761, 0.0187652073801, 0.0253565274179, 0.0820947438478, 0.176113307476, 0.104277923703, 0.0175741165876, 0.00450125709176, 0.00364995235577, 0.0139619316906, 0.0231191124767, 0.0235246159136, 0.0125602874905, 0.00754346046597, 0.00505775306374, 0.0117543321103, 0.0163821801543, 0.019408589229, 0.0229822136462, 0.0255896281451, 0.0171064250171, 0.0122381569818, 0.0119288032874, 0.0125995436683, 0.030794871971], "max": [1, 1, 1, 1, 1, 1, 1, 1, 1, 1, 1, 1, 1, 1, 1, 1, 1, 1, 1, 1, 1, 1, 1, 1, 1, 1, 1, 1, 1, 1, 1, 1, 1, 1, 1, 1], "dmean": [0.113406687975, 0.102629490197, 0.076837643981, 0.0610653422773, 0.0580979511142, 0.0663890019059, 0.0792317837477, 0.0831472873688, 0.0885870531201, 0.080403663218, 0.0773061811924, 0.0809844955802, 0.0986902490258, 0.129291087389, 0.203413933516, 0.177689686418, 0.217750474811, 0.153826117516, 0.0789478570223, 0.0679560080171, 0.0816559121013, 0.0912646502256, 0.101194560528, 0.124850861728, 0.0954055190086, 0.0580057986081, 0.0685470998287, 0.0820091515779, 0.102332383394, 0.126352250576, 0.124884217978, 0.125780016184, 0.125378191471, 0.120816864073, 0.111284524202, 0.114930786192], "dmean2": [0.196491673589, 0.17866948247, 0.139454260468, 0.113557338715, 0.106433212757, 0.117346696556, 0.137213721871, 0.148027330637, 0.160227149725, 0.146681770682, 0.140969216824, 0.145955905318, 0.178650796413, 0.236826866865, 0.360941261053, 0.308670818806, 0.386408090591, 0.283043831587, 0.148122996092, 0.125401243567, 0.14571800828, 0.159823462367, 0.178840041161, 0.230274185538, 0.177137508988, 0.105004474521, 0.122137248516, 0.145532935858, 0.184881359339, 0.222976759076, 0.215895816684, 0.217908993363, 0.227632299066, 0.223268702626, 0.204690277576, 0.204628154635], "mean": [0.17505069077, 0.126931577921, 0.0658677890897, 0.0480450727046, 0.0433170832694, 0.0677374154329, 0.111379921436, 0.106608703732, 0.079358831048, 0.0727384313941, 0.0688880756497, 0.0796582624316, 0.0946124866605, 0.109469696879, 0.22223316133, 0.372473061085, 0.294505387545, 0.116124436259, 0.0544162429869, 0.0514358617365, 0.0843578502536, 0.12280498445, 0.117124132812, 0.105267457664, 0.0822486877441, 0.0527812540531, 0.0706906616688, 0.090472407639, 0.0975399985909, 0.153927132487, 0.198429822922, 0.154004514217, 0.109765857458, 0.094981148839, 0.088406264782, 0.132729664445], "dvar2": [0.0998255833983, 0.0896876528859, 0.0874261558056, 0.0714649483562, 0.06965097785, 0.0637374743819, 0.0708084106445, 0.0822382867336, 0.0988606140018, 0.0930548906326, 0.0930745005608, 0.0889720246196, 0.108536168933, 0.13786046207, 0.203864440322, 0.14638531208, 0.213008671999, 0.168957009912, 0.0951489806175, 0.0811096280813, 0.0859849900007, 0.0848538652062, 0.0837780460715, 0.155963152647, 0.0988883525133, 0.0602311864495, 0.0649873092771, 0.0792707949877, 0.103912651539, 0.120341040194, 0.112179346383, 0.122555680573, 0.149256616831, 0.147756800056, 0.129280015826, 0.113027647138], "min": [0, 0, 0, 0, 0, 0, 0, 0, 0, 0, 0, 0, 0, 0, 0, 0, 0, 0, 0, 0, 0, 0, 0, 0, 0, 0, 0, 0, 0, 0, 0, 0, 0, 0, 0, 0]}, "key_key": "G", "thpcp": [1, 0.790675699711, 0.311765998602, 0.146094441414, 0.138092830777, 0.226480409503, 0.329701662064, 0.314449936152, 0.282617628574, 0.220817819238, 0.141704887152, 0.189787313342, 0.242896512151, 0.261871278286, 0.413257092237, 0.532736063004, 0.413464844227, 0.294694751501, 0.255001395941, 0.237349420786, 0.356347024441, 0.469968736172, 0.340780556202, 0.176839068532, 0.128989383578, 0.116295881569, 0.181858569384, 0.299028128386, 0.286218553782, 0.21305924654, 0.195285081863, 0.184947803617, 0.213863149285, 0.254011631012, 0.29389962554, 0.596642255783], "chords_key": "D", "tuning_equal_tempered_deviation": 0.0960850641131, "tuning_frequency": 441.017791748, "tuning_diatonic_strength": 0.66192817688, "chords_histogram": [14.2153940201, 8.71121692657, 20.1521472931, 3.17720770836, 14.4242238998, 3.65453457832, 3.56503582001, 0, 1.46181380749, 0.149164676666, 2.20763731003, 0.13424821198, 1.02923631668, 0.343078762293, 0, 0.0894988030195, 0.26849642396, 4.56443929672, 1.17840099335, 8.32338905334, 0.924821019173, 2.67004776001, 1.13365149498, 7.62231492996], "key_strength": 0.792066931725, "key_scale": "major", "chords_strength": {"dvar": 5.68167561141e-05, "var": 0.00790610723197, "median": 0.474583983421, "max": 0.760730028152, "dmean": 0.00897886138409, "dmean2": 0.00890983641148, "mean": 0.472630649805, "dvar2": 6.28261404927e-05, "min": 0.186722755432}, "chords_number_rate": 0.00238663493656, "tuning_nontempered_energy_ratio": 0.737493395805, "hpcp_entropy": {"dvar": 0.228278189898, "var": 0.483332961798, "median": 1.98493230343, "max": 4.4478263855, "dmean": 0.556459546089, "dmean2": 0.931498467922, "mean": 1.97520256042, "dvar2": 0.619209647179, "min": 0.0353617295623}, "chords_changes_rate": 0.0639916434884, "chords_scale": "major"}, "rhythm": {"bpm_histogram_first_peak_spread": {"dvar": 0, "var": 0, "median": 0.364891529083, "max": 0.364891529083, "dmean": 0, "dmean2": 0, "mean": 0.364891529083, "dvar2": 0, "min": 0.364891529083}, "bpm_histogram_first_peak_weight": {"dvar": 0, "var": 0, "median": 0.560000002384, "max": 0.560000002384, "dmean": 0, "dmean2": 0, "mean": 0.560000002384, "dvar2": 0, "min": 0.560000002384}, "bpm_histogram_first_peak_bpm": {"dvar": 0, "var": 0, "median": 112, "max": 112, "dmean": 0, "dmean2": 0, "mean": 112, "dvar2": 0, "min": 112}, "bpm": 112.352401733, "bpm_histogram_second_peak_weight": {"dvar": 0, "var": 0, "median": 0.048695653677, "max": 0.048695653677, "dmean": 0, "dmean2": 0, "mean": 0.048695653677, "dvar2": 0, "min": 0.048695653677}, "beats_loudness": {"dvar": 0.000282144843368, "var": 0.000697579467669, "median": 0.0542278587818, "max": 0.127289637923, "dmean": 0.0195723734796, "dmean2": 0.0327603556216, "mean": 0.0521302260458, "dvar2": 0.000808407959994, "min": 0.000760297873057}, "beats_loudness_band_ratio": {"dvar": [0.021421758458, 0.021966394037, 0.011102498509, 0.00997047685087, 0.00144191191066, 0.00102154433262], "var": [0.0458397828043, 0.0243109241128, 0.012807928957, 0.00978279206902, 0.00129482487682, 0.000617535028141], "median": [0.68843126297, 0.104673184454, 0.0616279654205, 0.049017727375, 0.0147520769387, 0.00522034708411], "max": [0.999604344368, 0.804934442043, 0.708160936832, 0.737402498722, 0.2937964499, 0.275799870491], "dmean": [0.180809482932, 0.145652070642, 0.0808765217662, 0.0758008733392, 0.0256055369973, 0.0129127223045], "dmean2": [0.300464898348, 0.258839070797, 0.138494357467, 0.132598221302, 0.0449133850634, 0.0243162345141], "mean": [0.668233156204, 0.159233152866, 0.0964061245322, 0.0805051028728, 0.0267463196069, 0.0115994149819], "dvar2": [0.0551644973457, 0.0584440715611, 0.0290819983929, 0.0269585419446, 0.00404283450916, 0.00298357661813], "min": [0.106180429459, 0.000356536387699, 7.61171468184e-05, 2.4652461434e-05, 1.44146797538e-05, 2.2910505777e-06]}, "bpm_histogram_second_peak_bpm": {"dvar": 0, "var": 0, "median": 82, "max": 82, "dmean": 0, "dmean2": 0, "mean": 82, "dvar2": 0, "min": 82}, "onset_rate": 2.89122533798, "beats_count": 576, "beats_position": [0.49922901392, 1.01006805897, 1.50929701328, 2.02013611794, 2.53097510338, 3.04181408882, 3.56426286697, 4.08671188354, 4.62077093124, 5.15482997894, 5.6888885498, 6.2229475975, 6.7570066452, 7.2910656929, 7.8251247406, 8.35918331146, 8.893242836, 9.41569137573, 9.93814086914, 10.4605894089, 10.9946479797, 11.5170974731, 12.051156044, 12.5852155685, 13.1076641083, 13.6301136017, 14.1641721725, 14.6982307434, 15.2322902679, 15.7547388077, 16.2887973785, 16.8112468719, 17.3453063965, 17.8793640137, 18.4134235382, 18.9474830627, 19.4815406799, 20.0156002045, 20.5612697601, 21.1069393158, 21.6526069641, 22.1982765198, 22.7323360443, 23.2663936615, 23.800453186, 24.3345127106, 24.8685703278, 25.4026298523, 25.9366893768, 26.470746994, 27.0048065186, 27.5388660431, 28.0729255676, 28.6069831848, 29.1294326782, 29.6518821716, 30.1859397888, 30.7199993134, 31.2540588379, 31.7881164551, 32.322177887, 32.8562355042, 33.3902931213, 33.9127426147, 34.4584121704, 34.9924697876, 35.5265312195, 36.0722007751, 36.6178665161, 37.151927948, 37.6859855652, 38.2200431824, 38.7424926758, 39.2765541077, 39.8106117249, 40.3562812805, 40.9019508362, 41.4476165771, 41.981678009, 42.5273475647, 43.0614051819, 43.5954627991, 44.1411323547, 44.6751937866, 45.2092514038, 45.7317008972, 46.2773704529, 46.8114280701, 47.3454856873, 47.8795471191, 48.4136047363, 48.959274292, 49.4933319092, 50.0273895264, 50.573059082, 51.1071205139, 51.6411781311, 52.1868476868, 52.720905304, 53.2665748596, 53.8006324768, 54.3346939087, 54.8687515259, 55.4028091431, 55.9484786987, 56.4941482544, 57.0282058716, 57.5738754272, 58.1195449829, 58.6536026001, 59.187664032, 59.7217216492, 60.2557830811, 60.7898406982, 61.3355102539, 61.8695678711, 62.4036254883, 62.9376869202, 63.4717445374, 64.0058059692, 64.5398635864, 65.0855331421, 65.6312026978, 66.1652603149, 66.6993179321, 67.2217712402, 67.7558288574, 68.2898864746, 68.8239440918, 69.358001709, 69.8920593262, 70.4261245728, 70.9601821899, 71.4942398071, 72.0282974243, 72.5623550415, 73.0964126587, 73.6304779053, 74.1761474609, 74.7102050781, 75.2442626953, 75.766708374, 76.3007659912, 76.8348312378, 77.368888855, 77.9029464722, 78.4370040894, 78.9710617065, 79.5051269531, 80.0391845703, 80.5732421875, 81.1072998047, 81.6413574219, 82.1754150391, 82.7094802856, 83.2435379028, 83.7659835815, 84.2884368896, 84.8108825684, 85.3449401855, 85.8906097412, 86.4246673584, 86.9587249756, 87.4927902222, 88.0152359009, 88.5492935181, 89.0833511353, 89.6174163818, 90.151473999, 90.6971435547, 91.2312011719, 91.7652587891, 92.2993164062, 92.8333740234, 93.3558273315, 93.8782730103, 94.4123306274, 94.946395874, 95.4804534912, 96.0145111084, 96.5485687256, 97.0826263428, 97.61668396, 98.1507492065, 98.6848068237, 99.2188644409, 99.7529220581, 100.286979675, 100.809432983, 101.331878662, 101.865936279, 102.400001526, 102.934059143, 103.46811676, 104.002174377, 104.547843933, 105.093513489, 105.627571106, 106.161628723, 106.684082031, 107.218139648, 107.752197266, 108.286254883, 108.8203125, 109.354377747, 109.876823425, 110.410881042, 110.94493866, 111.467391968, 111.989837646, 112.523895264, 113.046348572, 113.580406189, 114.114463806, 114.636917114, 115.159362793, 115.681808472, 116.215873718, 116.749931335, 117.272377014, 117.794830322, 118.328887939, 118.862945557, 119.397003174, 119.931060791, 120.465126038, 120.999183655, 121.533241272, 122.067298889, 122.601356506, 123.123809814, 123.657867432, 124.18031311, 124.714370728, 125.248435974, 125.782493591, 126.316551208, 126.862220764, 127.384666443, 127.91872406, 128.452789307, 128.998458862, 129.532516479, 130.066574097, 130.600631714, 131.123077393, 131.65713501, 132.191192627, 132.725265503, 133.247711182, 133.77015686, 134.304214478, 134.838272095, 135.372329712, 135.906387329, 136.428848267, 136.951293945, 137.485351562, 138.01940918, 138.541854858, 139.064300537, 139.586761475, 140.109207153, 140.643264771, 141.177322388, 141.699768066, 142.222213745, 142.663391113, 143.092971802, 143.53414917, 143.986938477, 144.439727783, 144.904129028, 145.380126953, 145.82131958, 146.262496948, 146.703674316, 147.168075562, 147.632461548, 148.096862793, 148.572875977, 149.118545532, 149.652603149, 150.186660767, 150.709106445, 151.231567383, 151.788833618, 152.346115112, 152.880172729, 153.425842285, 153.959899902, 154.505569458, 155.039627075, 155.573699951, 156.09614563, 156.618591309, 157.152648926, 157.686706543, 158.209152222, 158.743209839, 159.277282715, 159.799728394, 160.333786011, 160.867843628, 161.401901245, 161.935958862, 162.470016479, 163.004074097, 163.538131714, 164.072189331, 164.606262207, 165.140319824, 165.674377441, 166.208435059, 166.730880737, 167.253326416, 167.775772095, 168.298233032, 168.820678711, 169.34312439, 169.865570068, 170.388031006, 170.910476685, 171.444534302, 171.990203857, 172.512649536, 173.035095215, 173.569152832, 174.103210449, 174.625671387, 175.148117065, 175.682174683, 176.2162323, 176.750289917, 177.272735596, 177.795196533, 178.32925415, 178.863311768, 179.397369385, 179.931427002, 180.465484619, 180.987930298, 181.521987915, 182.056045532, 182.590103149, 183.112564087, 183.646621704, 184.180679321, 184.714736938, 185.248794556, 185.771240234, 186.305297852, 186.850967407, 187.385025024, 187.919082642, 188.453155518, 188.987213135, 189.521270752, 190.055328369, 190.589385986, 191.123443604, 191.645889282, 192.168334961, 192.702392578, 193.236465454, 193.770523071, 194.304580688, 194.838638306, 195.372695923, 195.90675354, 196.440811157, 196.974868774, 197.508926392, 198.03137207, 198.553833008, 199.087890625, 199.610336304, 200.144393921, 200.6668396, 201.200897217, 201.734954834, 202.257415771, 202.791473389, 203.313919067, 203.847976685, 204.39364624, 204.939315796, 205.49659729, 206.053878784, 206.59954834, 207.145217896, 207.679275513, 208.236557007, 208.793823242, 209.374328613, 209.919998169, 210.477279663, 211.034561157, 211.591827393, 212.137496948, 212.683166504, 213.22883606, 213.786117554, 214.343399048, 214.889068604, 215.446350098, 216.003631592, 216.549285889, 217.048522949, 217.547744751, 218.05859375, 218.534591675, 219.022216797, 219.49822998, 219.974243164, 220.450241089, 220.926254272, 221.46031189, 221.994369507, 222.540039062, 223.07409668, 223.619766235, 224.153823853, 224.68788147, 225.221939087, 225.756011963, 226.29006958, 226.824127197, 227.369796753, 227.915466309, 228.461135864, 228.995193481, 229.529251099, 230.063308716, 230.597366333, 231.13142395, 231.665481567, 232.199539185, 232.733596802, 233.267654419, 233.801712036, 234.347381592, 234.881454468, 235.403900146, 235.937957764, 236.472015381, 237.006072998, 237.540130615, 238.074188232, 238.596633911, 239.142303467, 239.699584961, 240.256866455, 240.790924072, 241.324981689, 241.859039307, 242.393096924, 242.927154541, 243.461227417, 243.983673096, 244.506118774, 245.040176392, 245.574234009, 246.096679688, 246.630737305, 247.153198242, 247.687255859, 248.221313477, 248.755371094, 249.289428711, 249.823486328, 250.357543945, 250.891601562, 251.42565918, 251.959716797, 252.493789673, 253.02784729, 253.550292969, 254.072738647, 254.606796265, 255.129241943, 255.651702881, 256.197357178, 256.743041992, 257.277099609, 257.811157227, 258.345214844, 258.879272461, 259.413330078, 259.958984375, 260.493041992, 261.027130127, 261.572784424, 262.118438721, 262.652526855, 263.186584473, 263.709014893, 264.24307251, 264.765533447, 265.287963867, 265.822021484, 266.356109619, 266.890167236, 267.412597656, 267.946655273, 268.480712891, 269.026397705, 269.572052002, 270.117736816, 270.640167236, 271.162628174, 271.696685791, 272.230743408, 272.764801025, 273.298858643, 273.83291626, 274.366973877, 274.901031494, 275.435089111, 275.957550049, 276.503204346, 277.04888916, 277.582946777, 278.117004395, 278.662658691, 279.208343506, 279.742401123, 280.27645874, 280.798919678, 281.332977295, 281.867034912, 282.412689209, 282.958374023, 283.515655518, 284.072906494, 284.618591309, 285.164245605, 285.628662109, 286.104675293, 286.580688477, 287.033477783, 287.49786377, 287.962249756, 288.42666626, 288.891052246, 289.35546875, 289.970794678, 290.574493408, 291.3175354, 292.037353516, 292.757171631, 293.476989746, 294.196807861, 294.916625977, 295.636444092, 296.367889404, 297.099304199, 297.842346191, 298.573791504, 299.305206299, 300.025024414, 300.756469727, 301.487884521, 302.230926514, 302.962341309, 303.693786621, 304.425201416, 305.168243408, 305.899688721, 306.619506836, 307.339324951, 308.059143066, 308.790557861, 309.522003174, 310.253417969, 310.984832764], "danceability": 1.03131091595, "bpm_histogram_second_peak_spread": {"dvar": 0, "var": 0, "median": 0, "max": 0, "dmean": 0, "dmean2": 0, "mean": 0, "dvar2": 0, "min": 0}}, "lowlevel": {"spectral_flux": {"dvar": 0.00104909588117, "var": 0.00272911298089, "median": 0.0835531055927, "max": 0.415863186121, "dmean": 0.0274976454675, "dmean2": 0.0439632348716, "mean": 0.0905202776194, "dvar2": 0.00238512037322, "min": 1.05589287314e-10}, "spectral_rolloff": {"dvar": 344839.5, "var": 659680.375, "median": 452.197265625, "max": 18647.7539062, "dmean": 213.16204834, "dmean2": 368.77545166, "mean": 677.158935547, "dvar2": 739153.0625, "min": 21.533203125}, "barkbands_flatness_db": {"dvar": 0.000612891337369, "var": 0.00748977391049, "median": 0.192879632115, "max": 0.75330632925, "dmean": 0.0234812274575, "dmean2": 0.0368611030281, "mean": 0.209552049637, "dvar2": 0.00140267703682, "min": 0.0482910424471}, "spectral_centroid": {"dvar": 54503.4414062, "var": 270475.34375, "median": 709.467895508, "max": 11574.3935547, "dmean": 153.251403809, "dmean2": 242.72265625, "mean": 814.284790039, "dvar2": 109927.25, "min": 83.9588317871}, "melbands_skewness": {"dvar": 2.51392483711, "var": 6.07404613495, "median": 2.84825873375, "max": 102.187759399, "dmean": 0.819014251232, "dmean2": 1.30589652061, "mean": 3.30839180946, "dvar2": 6.45845365524, "min": -1.8443595171}, "melbands": {"dvar": [8.45197428134e-06, 1.10644923552e-05, 6.09411245023e-06, 2.77421622741e-06, 6.57861789932e-07, 5.00341457155e-07, 4.2738747652e-07, 1.8776948707e-07, 1.1298659075e-07, 7.72069412847e-08, 4.75561812152e-08, 5.52718688596e-08, 1.82170065699e-08, 1.16962590724e-08, 5.48608936057e-09, 4.4627257445e-09, 4.43499281744e-09, 9.59761692343e-09, 9.91653315019e-10, 8.6137302846e-10, 2.74717831816e-10, 3.32161381733e-10, 4.14468126486e-10, 1.49002796213e-10, 4.15895484718e-10, 8.69288252492e-11, 4.04813647881e-11, 2.42631956193e-11, 8.29810178904e-12, 2.79707723996e-12, 3.64231561578e-12, 1.02953123457e-11, 3.97824585774e-11, 8.03673586014e-11, 3.70643099545e-11, 1.40416610631e-11, 3.14623609284e-12, 1.12228434011e-12, 1.13845749234e-12, 1.06555562984e-12], "var": [1.50114638018e-05, 1.45493004311e-05, 9.19890408113e-06, 3.13224995807e-06, 1.50086543727e-06, 1.45354954384e-06, 1.23005895603e-06, 4.16236929368e-07, 2.3922260084e-07, 1.94552356447e-07, 1.45779637251e-07, 1.4091224898e-07, 6.87074006578e-08, 6.67039756763e-08, 1.85907413908e-08, 1.76051351275e-08, 1.29956383432e-08, 2.32353460916e-08, 3.01485103549e-09, 3.65231112021e-09, 9.44889722021e-10, 1.23309495947e-09, 1.30343702498e-09, 5.77570935523e-10, 5.92059345994e-10, 2.20941917539e-10, 9.81280473544e-11, 6.21516380028e-11, 2.05671729647e-11, 7.08093436316e-12, 8.61060008017e-12, 2.1461263322e-11, 8.86109727261e-11, 1.47832607267e-10, 8.13520431575e-11, 4.06029272704e-11, 7.94189367048e-12, 2.92122012344e-12, 2.57451416956e-12, 2.84062660547e-12], "median": [0.00358078349382, 0.00332146673463, 0.00113547034562, 0.000551355886273, 0.000344073778251, 0.000194886437384, 0.000136103655677, 7.96719323262e-05, 0.00011760063353, 5.03349401697e-05, 3.55566044163e-05, 6.47149645374e-05, 3.38704339811e-05, 4.78338333778e-05, 3.10477007588e-05, 2.28486678679e-05, 1.58326383826e-05, 1.34556812554e-05, 6.70857798468e-06, 5.86866326557e-06, 5.53729842068e-06, 4.03250305681e-06, 3.78916979571e-06, 3.32374042955e-06, 1.83978693258e-06, 1.1437032299e-06, 1.18724562981e-06, 1.30319415348e-06, 9.75955458671e-07, 4.24877413252e-07, 3.57441194865e-07, 3.30162777118e-07, 2.47994790925e-07, 1.90229911823e-07, 1.29438461727e-07, 8.52180477295e-08, 1.01580958756e-07, 1.05813555251e-07, 7.39733891919e-08, 3.59904746006e-08], "max": [0.0463747680187, 0.051533959806, 0.0391046851873, 0.0404948033392, 0.015561580658, 0.0145071307197, 0.0151963150129, 0.011267600581, 0.0100667122751, 0.00656423531473, 0.00724529847503, 0.007007796783, 0.00555544346571, 0.00394356902689, 0.00238121207803, 0.00209376495332, 0.00367331830785, 0.00790007412434, 0.00147643010132, 0.00159900053404, 0.000841251283418, 0.00105329125654, 0.0013463444775, 0.000711653730832, 0.0015492006205, 0.000480158807477, 0.000297036225675, 0.000180440169061, 8.73309763847e-05, 6.0068545281e-05, 8.44562164275e-05, 0.000156962414621, 0.00045193330152, 0.00075821246719, 0.000272521516308, 0.000234528357396, 8.89724105946e-05, 5.98386577622e-05, 5.99373161094e-05, 8.10128622106e-05], "dmean": [0.00213876948692, 0.00210246979259, 0.00144969881512, 0.00074305664748, 0.000414829322835, 0.000299247301882, 0.00023926619906, 0.000138559553307, 0.000130389104015, 8.53318415466e-05, 6.55871990602e-05, 8.04996234365e-05, 4.52916683571e-05, 5.18771012139e-05, 3.31816336256e-05, 2.67914874712e-05, 2.10218731809e-05, 2.16584194277e-05, 1.00645065686e-05, 8.66228492669e-06, 6.82305289956e-06, 4.84403926748e-06, 5.18029673913e-06, 3.99755845137e-06, 2.56812131738e-06, 2.02298269869e-06, 1.83560564437e-06, 1.78702578069e-06, 1.09996847186e-06, 5.71256350668e-07, 5.71706266328e-07, 7.43493501432e-07, 9.41550524658e-07, 1.01658076801e-06, 7.83745747412e-07, 4.82383711642e-07, 3.08700123242e-07, 2.2383767373e-07, 1.91998239529e-07, 1.6943620551e-07], "dmean2": [0.00364013016224, 0.00356848351657, 0.00244339066558, 0.00126183324028, 0.000663242826704, 0.000478917965665, 0.000368670473108, 0.000211872262298, 0.000200370748644, 0.000128619780298, 9.78164971457e-05, 0.000121864104585, 6.48811546853e-05, 7.55254586693e-05, 4.89969424962e-05, 4.11046748923e-05, 3.28670430463e-05, 3.34475407726e-05, 1.56955265993e-05, 1.3612656403e-05, 1.10572618723e-05, 7.69776852394e-06, 8.14932900539e-06, 6.34687421552e-06, 4.1158014028e-06, 3.28835744767e-06, 2.90739762931e-06, 2.8140852919e-06, 1.73590399299e-06, 8.91339482223e-07, 8.99584051695e-07, 1.14926626793e-06, 1.43366605698e-06, 1.48313085901e-06, 1.19103162888e-06, 7.04166723153e-07, 4.55450646086e-07, 3.25889772057e-07, 2.78917951846e-07, 2.41418888436e-07], "mean": [0.00425976281986, 0.00406619301066, 0.00229048961774, 0.00111600302625, 0.000781855953392, 0.000621452927589, 0.000492091872729, 0.000261844805209, 0.000254617043538, 0.000177473048097, 0.000136632370413, 0.000170159619302, 0.000112337511382, 0.000139626863529, 8.24531525723e-05, 6.27422705293e-05, 4.85385680804e-05, 4.83971016365e-05, 2.30567366089e-05, 2.09075969906e-05, 1.54034369189e-05, 1.14597223728e-05, 1.22966957861e-05, 9.37145887292e-06, 5.4750498748e-06, 4.07707648264e-06, 3.5946211483e-06, 3.44802697327e-06, 2.23907932195e-06, 1.20712945773e-06, 1.20222159694e-06, 1.37461438499e-06, 1.58818795626e-06, 1.61342552474e-06, 1.27275325212e-06, 8.03109116987e-07, 5.09471988153e-07, 3.79951984542e-07, 3.1032317338e-07, 2.59509846501e-07], "dvar2": [2.36932828557e-05, 3.06545880449e-05, 1.60882646014e-05, 7.82692950452e-06, 1.64127538937e-06, 1.26246527543e-06, 1.00075885712e-06, 4.50990597756e-07, 2.70304752803e-07, 1.74980186785e-07, 1.00535878289e-07, 1.31681076709e-07, 3.40396901777e-08, 2.33354278123e-08, 1.22978640604e-08, 9.99368232613e-09, 9.64362989464e-09, 2.35264465687e-08, 2.16987805501e-09, 1.96097538208e-09, 6.63434196468e-10, 7.19870718591e-10, 8.93495610832e-10, 3.27226828967e-10, 1.00164332384e-09, 2.06481928777e-10, 9.05406374874e-11, 5.31210839205e-11, 1.890333029e-11, 6.37483338686e-12, 8.61982967643e-12, 2.2762895735e-11, 8.07795844104e-11, 1.70659542054e-10, 8.405971752e-11, 2.90171914274e-11, 6.45738237187e-12, 2.21689138401e-12, 2.25182069172e-12, 1.77200626134e-12], "min": [8.22376844071e-24, 7.95227486043e-24, 2.27399450565e-24, 8.14217497956e-24, 1.59714104157e-23, 9.61733777257e-24, 1.66462320108e-23, 9.45986456981e-24, 9.17608053663e-24, 1.31730888598e-23, 1.22945218479e-23, 8.87730262422e-24, 1.10836779452e-23, 1.90475845597e-23, 1.1214115307e-23, 1.09222517605e-23, 6.33252451311e-24, 5.609853771e-24, 5.86331793529e-24, 6.92946226541e-24, 6.47300644083e-24, 9.08513039628e-24, 1.25414700211e-23, 7.70604376178e-24, 1.27038270617e-23, 1.31062810186e-23, 1.38245680607e-23, 8.42019480611e-24, 7.68325357022e-24, 8.6496247452e-24, 9.42042783544e-24, 1.39664478499e-23, 1.2759875629e-23, 1.32690269677e-23, 1.53651502997e-23, 1.29506584835e-23, 1.34514999614e-23, 9.78735465259e-24, 9.19528298878e-24, 7.43509765096e-24]}, "spectral_decrease": {"dvar": 2.36268127759e-17, "var": 4.91171112707e-17, "median": -1.16220535418e-08, "max": 3.7425366572e-30, "dmean": 3.65396735091e-09, "dmean2": 6.11558359509e-09, "mean": -1.16771428083e-08, "dvar2": 6.35106362642e-17, "min": -7.30290068418e-08}, "barkbands_kurtosis": {"dvar": 3769.19628906, "var": 3697.53442383, "median": 4.45964574814, "max": 4390.82128906, "dmean": 7.89102172852, "dmean2": 12.6883449554, "mean": 15.7532491684, "dvar2": 10539.1357422, "min": -1.86924242973}, "silence_rate_30dB": {"dvar": 0.0187323689461, "var": 0.013173930347, "median": 1, "max": 1, "dmean": 0.0190959274769, "dmean2": 0.0381947048008, "mean": 0.986648738384, "dvar2": 0.0488242693245, "min": 0}, "gfcc": {"mean": [-34.3416366577, 141.295578003, -105.904769897, 34.3449707031, -39.9877357483, 20.4969139099, -25.4408683777, 4.95650243759, -19.4352245331, -2.22074794769, -7.61008119583, -4.32937765121, -5.34177303314], "cov": [[12546.7548828, -1419.53466797, -1294.0333252, 9.59748649597, -1887.50427246, 328.369049072, -747.88885498, 167.209899902, -218.689529419, 387.777770996, 63.9014854431, 498.816925049, 16.1832580566], [-1419.53466797, 1147.0612793, 11.5855588913, -363.132598877, 343.243133545, -146.018112183, 174.170089722, -113.655517578, 72.5912322998, -129.869384766, 56.8377838135, -169.977478027, 49.5888633728], [-1294.0333252, 11.5855588913, 924.719055176, 22.4236946106, 25.1030921936, -37.4630813599, -16.3144435883, -10.46205616, -12.9595298767, -18.7013397217, -47.4011688232, -18.953294754, -70.8155975342], [9.59748649597, -363.132598877, 22.4236946106, 488.088043213, 32.7252044678, 15.1389942169, -9.00800228119, 33.8933944702, -9.88542938232, 10.9163589478, 5.34105062485, 24.450252533, 37.8125], [-1887.50427246, 343.243133545, 25.1030921936, 32.7252044678, 635.014038086, 23.5640525818, 199.365768433, 17.4378108978, 62.7001914978, -59.6629714966, 9.38754558563, -108.935958862, 26.5943470001], [328.369049072, -146.018112183, -37.4630813599, 15.1389942169, 23.5640525818, 201.431167603, 46.383102417, 41.8397598267, -8.96431827545, 20.2094707489, 14.7126302719, 16.5557804108, 10.6724538803], [-747.88885498, 174.170089722, -16.3144435883, -9.00800228119, 199.365768433, 46.383102417, 226.176513672, 36.6822929382, 36.4060897827, -34.1614761353, 13.6642026901, -40.8224906921, 7.20510482788], [167.209899902, -113.655517578, -10.46205616, 33.8933944702, 17.4378108978, 41.8397598267, 36.6822929382, 129.84437561, 41.1115646362, 27.8886508942, 1.77932202816, 17.6389369965, 4.59471178055], [-218.689529419, 72.5912322998, -12.9595298767, -9.88542938232, 62.7001914978, -8.96431827545, 36.4060897827, 41.1115646362, 119.758117676, 27.8156414032, 7.18802547455, -8.13920783997, 3.92559671402], [387.777770996, -129.869384766, -18.7013397217, 10.9163589478, -59.6629714966, 20.2094707489, -34.1614761353, 27.8886508942, 27.8156414032, 99.9334335327, 27.0424175262, 30.4143447876, -0.0678851529956], [63.9014854431, 56.8377838135, -47.4011688232, 5.34105062485, 9.38754558563, 14.7126302719, 13.6642026901, 1.77932202816, 7.18802547455, 27.0424175262, 91.0726013184, 20.1217880249, 28.5891113281], [498.816925049, -169.977478027, -18.953294754, 24.450252533, -108.935958862, 16.5557804108, -40.8224906921, 17.6389369965, -8.13920783997, 30.4143447876, 20.1217880249, 104.068466187, 11.8574552536], [16.1832580566, 49.5888633728, -70.8155975342, 37.8125, 26.5943470001, 10.6724538803, 7.20510482788, 4.59471178055, 3.92559671402, -0.0678851529956, 28.5891113281, 11.8574552536, 100.825340271]], "icov": [[0.000304214307107, -0.000459312752355, 0.000425651145633, -0.000309848692268, 0.000736596877687, -0.000716648239177, 0.000612818170339, -0.000653527036775, 0.000540026696399, -0.000758119917009, 0.000490259611979, -0.000696241913829, 0.000381125661079], [-0.000459312752355, 0.00479571986943, -0.000930251029786, 0.00325310602784, -0.00178379635327, 0.00337991025299, -0.00229526357725, 0.00316058541648, -0.00315836188383, 0.00472095096484, -0.00467011285946, 0.00489508640021, -0.00315092247911], [0.000425651145633, -0.000930251029786, 0.00178995181341, -0.00073762278771, 0.000949526787736, -0.00100596388802, 0.00105558894575, -0.0010798725998, 0.00102979515214, -0.00125710270368, 0.00128928257618, -0.00128116470296, 0.00149698159657], [-0.000309848692268, 0.00325310602784, -0.00073762278771, 0.00443247985095, -0.00150188442785, 0.0023320207838, -0.00130858947523, 0.00148950354196, -0.0016251092311, 0.00296353921294, -0.00295116729103, 0.00283161154948, -0.00298662646674], [0.000736596877687, -0.00178379635327, 0.000949526787736, -0.00150188442785, 0.00457521202043, -0.00229805149138, 4.50995721621e-05, -0.00181350868661, 0.000694554357324, -0.00159724417608, 0.00135745818261, -0.000262212648522, 0.000722948927432], [-0.000716648239177, 0.00337991025299, -0.00100596388802, 0.0023320207838, -0.00229805149138, 0.00899948645383, -0.00369023554958, 0.00112153531518, -0.000662439444568, 0.00213944353163, -0.00337688368745, 0.0030254216399, -0.00263334275223], [0.000612818170339, -0.00229526357725, 0.00105558894575, -0.00130858947523, 4.50995721621e-05, -0.00369023554958, 0.00911265984178, -0.00381149305031, 0.00049733556807, 0.000168567814399, 0.000522984308191, -0.00169331138022, 0.00219548633322], [-0.000653527036775, 0.00316058541648, -0.0010798725998, 0.00148950354196, -0.00181350868661, 0.00112153531518, -0.00381149305031, 0.013090711087, -0.00545907206833, 0.00142590992618, -0.0014812865993, 0.00166143581737, -0.00229305890389], [0.000540026696399, -0.00315836188383, 0.00102979515214, -0.0016251092311, 0.000694554357324, -0.000662439444568, 0.00049733556807, -0.00545907206833, 0.0138289323077, -0.00753357075155, 0.00352921499871, -0.00281618651934, 0.0016865876969], [-0.000758119917009, 0.00472095096484, -0.00125710270368, 0.00296353921294, -0.00159724417608, 0.00213944353163, 0.000168567814399, 0.00142590992618, -0.00753357075155, 0.0202666409314, -0.00921419635415, 0.00368211790919, -0.00159013608936], [0.000490259611979, -0.00467011285946, 0.00128928257618, -0.00295116729103, 0.00135745818261, -0.00337688368745, 0.000522984308191, -0.0014812865993, 0.00352921499871, -0.00921419635415, 0.0189427249134, -0.00728348270059, -0.00039822421968], [-0.000696241913829, 0.00489508640021, -0.00128116470296, 0.00283161154948, -0.000262212648522, 0.0030254216399, -0.00169331138022, 0.00166143581737, -0.00281618651934, 0.00368211790919, -0.00728348270059, 0.0189678445458, -0.00451668770984], [0.000381125661079, -0.00315092247911, 0.00149698159657, -0.00298662646674, 0.000722948927432, -0.00263334275223, 0.00219548633322, -0.00229305890389, 0.0016865876969, -0.00159013608936, -0.00039822421968, -0.00451668770984, 0.0141911935061]]}, "silence_rate_20dB": {"dvar": 0, "var": 0, "median": 1, "max": 1, "dmean": 0, "dmean2": 0, "mean": 1, "dvar2": 0, "min": 1}, "barkbands_skewness": {"dvar": 1.33230423927, "var": 4.72224807739, "median": 1.91455852985, "max": 64.5348358154, "dmean": 0.674838542938, "dmean2": 1.06548345089, "mean": 2.37233161926, "dvar2": 3.31080961227, "min": -2.57515931129}, "erbbands_skewness": {"dvar": 0.220581546426, "var": 1.81430888176, "median": 0.254992514849, "max": 9.90482616425, "dmean": 0.37809458375, "dmean2": 0.578275263309, "mean": 0.476534903049, "dvar2": 0.464693427086, "min": -3.44322133064}, "spectral_contrast_valleys": {"dvar": [0.127601459622, 0.116649538279, 0.0946408137679, 0.0851168259978, 0.0725963711739, 0.0952837765217], "var": [1.0407179594, 1.34198963642, 1.26502943039, 1.08540403843, 1.43653047085, 2.06976437569], "median": [-6.44462823868, -6.67999696732, -7.25763607025, -7.84662914276, -7.80439805984, -10.6685009003], "max": [-4.8500084877, -4.47558689117, -4.52587366104, -6.10940408707, -5.78195047379, -7.30469465256], "dmean": [0.371427923441, 0.332547843456, 0.278160482645, 0.24416488409, 0.21209320426, 0.259750753641], "dmean2": [0.619346559048, 0.546650648117, 0.452702969313, 0.394370347261, 0.316922873259, 0.337002307177], "mean": [-6.71937274933, -6.94745922089, -7.48822116852, -8.04187393188, -8.06801509857, -10.9591836929], "dvar2": [0.295803248882, 0.247176662087, 0.189147770405, 0.158646985888, 0.118852689862, 0.172986373305], "min": [-27.2459506989, -26.9458961487, -27.0047149658, -27.3414230347, -27.3621311188, -27.2522239685]}, "spectral_strongpeak": {"dvar": 0.681484818459, "var": 1.06732034683, "median": 0.467623859644, "max": 16.6586303711, "dmean": 0.409639447927, "dmean2": 0.7126070261, "mean": 0.794649541378, "dvar2": 1.76084530354, "min": 0}, "erbbands_crest": {"dvar": 5.4557800293, "var": 26.4100818634, "median": 9.70621967316, "max": 28.7416191101, "dmean": 2.40789675713, "dmean2": 3.79757165909, "mean": 10.9242525101, "dvar2": 12.7271633148, "min": 2.48556184769}, "barkbands_crest": {"dvar": 6.05499124527, "var": 23.9149646759, "median": 11.9687986374, "max": 26.8428688049, "dmean": 2.69872331619, "dmean2": 4.50451374054, "mean": 12.7865123749, "dvar2": 16.3155078888, "min": 3.05385804176}, "spectral_energyband_middle_low": {"dvar": 0.000128711937577, "var": 0.000302211788949, "median": 0.0121029624715, "max": 0.183373719454, "dmean": 0.00690599065274, "dmean2": 0.0113412234932, "mean": 0.018115516752, "dvar2": 0.000336837692885, "min": 3.52983296753e-22}, "spectral_contrast_coeffs": {"dvar": [0.00178326736204, 0.00137944729067, 0.000796921434812, 0.000469025922939, 0.000229582758038, 0.000256186147453], "var": [0.00611433153972, 0.00779065024108, 0.00633940892294, 0.00426709186286, 0.00170973991044, 0.00159428571351], "median": [-0.649479210377, -0.709490776062, -0.746043145657, -0.772936820984, -0.813754916191, -0.781760513783], "max": [-0.31476521492, -0.38966807723, -0.482685506344, -0.506803631783, -0.59418451786, -0.606104969978], "dmean": [0.0510723814368, 0.0438729859889, 0.0337723605335, 0.0267519075423, 0.0179618299007, 0.0166565906256], "dmean2": [0.0858336240053, 0.0719094276428, 0.0542054101825, 0.0431820899248, 0.0292275231332, 0.0261794179678], "mean": [-0.641750454903, -0.704763948917, -0.742138624191, -0.76702940464, -0.806993663311, -0.779484450817], "dvar2": [0.00493151927367, 0.00365427974612, 0.00193232076708, 0.00117967883125, 0.000558419444133, 0.000597064732574], "min": [-0.970329523087, -0.974058270454, -0.977113068104, -0.973751604557, -0.971176207066, -0.970508277416]}, "hfc": {"dvar": 43.5960960388, "var": 226.182144165, "median": 15.2617816925, "max": 263.489837646, "dmean": 3.72851061821, "dmean2": 5.61385202408, "mean": 17.3688640594, "dvar2": 85.9247283936, "min": 1.2307457545e-16}, "spectral_energyband_high": {"dvar": 4.65674247607e-07, "var": 1.58252055371e-06, "median": 0.000102754049294, "max": 0.0376802571118, "dmean": 0.000149008774315, "dmean2": 0.000205354241189, "mean": 0.000346115761204, "dvar2": 8.15911334939e-07, "min": 8.19341541441e-21}, "erbbands_spread": {"dvar": 63.6348571777, "var": 305.481292725, "median": 26.5428447723, "max": 166.045547485, "dmean": 6.11615085602, "dmean2": 9.44211101532, "mean": 30.2931365967, "dvar2": 146.094848633, "min": 0.527305722237}, "dissonance": {"dvar": 0.000522428192198, "var": 0.00159957946744, "median": 0.460503667593, "max": 0.500000059605, "dmean": 0.0218511298299, "dmean2": 0.0365412347019, "mean": 0.449734419584, "dvar2": 0.00138374161907, "min": 0.153668418527}, "spectral_kurtosis": {"dvar": 102.838485718, "var": 420.43359375, "median": 6.24523353577, "max": 473.264129639, "dmean": 3.75091791153, "dmean2": 6.17116880417, "mean": 10.5498962402, "dvar2": 226.193572998, "min": -1.17744350433}, "spectral_skewness": {"dvar": 0.258871942759, "var": 1.55752503872, "median": 1.93025445938, "max": 18.0133323669, "dmean": 0.33444416523, "dmean2": 0.537445127964, "mean": 2.16303753853, "dvar2": 0.572362363338, "min": -0.0495864190161}, "pitch_salience": {"dvar": 0.00452783238143, "var": 0.0182332079858, "median": 0.481654912233, "max": 0.915438234806, "dmean": 0.0744184106588, "dmean2": 0.124860666692, "mean": 0.467922568321, "dvar2": 0.0122996335849, "min": 0.00790438335389}, "spectral_complexity": {"dvar": 4.61405038834, "var": 65.3113021851, "median": 14, "max": 50, "dmean": 1.97792029381, "dmean2": 3.2413277626, "mean": 14.810546875, "dvar2": 10.6410608292, "min": 0}, "spectral_spread": {"dvar": 475538948096, "var": 1935280439300.0, "median": 3397581, "max": 40531808, "dmean": 415930.3125, "dmean2": 589041.3125, "mean": 3548336, "dvar2": 816660873216, "min": 290899.21875}, "dynamic_complexity": 3.41627502441, "melbands_crest": {"dvar": 6.89332771301, "var": 26.9021987915, "median": 15.6968011856, "max": 39.9361495972, "dmean": 2.97896385193, "dmean2": 5.02657938004, "mean": 16.1472301483, "dvar2": 19.4786586761, "min": 1.82883858681}, "zerocrossingrate": {"dvar": 7.65802033129e-05, "var": 0.000463257747469, "median": 0.02587890625, "max": 0.51904296875, "dmean": 0.00524197565392, "dmean2": 0.00671773729846, "mean": 0.029045285657, "dvar2": 7.99596527941e-05, "min": 0}, "spectral_energyband_low": {"dvar": 0.000238591441303, "var": 0.00038945444976, "median": 0.0220520310104, "max": 0.238114506006, "dmean": 0.0109499534592, "dmean2": 0.0184834823012, "mean": 0.0245118364692, "dvar2": 0.000655095849652, "min": 5.21697477113e-23}, "melbands_kurtosis": {"dvar": 26700.1953125, "var": 17928.2890625, "median": 11.4177932739, "max": 11824.0478516, "dmean": 13.7295026779, "dmean2": 22.6519451141, "mean": 27.411605835, "dvar2": 75174.7421875, "min": -1.72387480736}, "spectral_energyband_middle_high": {"dvar": 6.30523254586e-06, "var": 3.9279115299e-05, "median": 0.00365342269652, "max": 0.0821447744966, "dmean": 0.00130904652178, "dmean2": 0.00191358046141, "mean": 0.00537109700963, "dvar2": 1.42672324728e-05, "min": 1.52000809028e-21}, "barkbands_spread": {"dvar": 27.1589775085, "var": 112.526313782, "median": 11.1761054993, "max": 114.847053528, "dmean": 3.30705022812, "dmean2": 5.23852300644, "mean": 13.0056114197, "dvar2": 56.7125091553, "min": 0.0714557915926}, "mfcc": {"mean": [-675.992919922, 161.625656128, 6.18088579178, 26.1071529388, 11.9120769501, 15.6207923889, 10.1874103546, 8.16135025024, 1.76429259777, 1.15383160114, 0.894617140293, 4.20404529572, 0.412156164646], "cov": [[9982.35058594, -303.301971436, -847.032470703, -535.801940918, -761.970092773, -366.014129639, -516.564025879, -238.832290649, -358.014068604, -92.5713424683, -64.8883285522, -84.8826828003, 99.2033233643], [-303.301971436, 1150.71508789, -185.339660645, -235.405960083, -48.3393173218, -63.6732330322, 29.6499538422, -50.35572052, -22.5008201599, -21.0929927826, -1.27217650414, -0.61252951622, -46.3240623474], [-847.032470703, -185.339660645, 849.474609375, 85.6659240723, -