{"tonal": {"chords_key": "F#", "hpcp_entropy": {"dmean": 0.676992416382, "dmean2": 1.12376749516, "max": 4.37930870056, "dvar": 0.329575061798, "mean": 2.03187704086, "dvar2": 0.854256987572, "min": 0, "var": 0.622685909271, "median": 2.0368103981}, "key_key": "A", "chords_strength": {"dmean": 0.0117655321956, "dmean2": 0.0120885726064, "max": 0.776590764523, "dvar": 0.00117203092668, "mean": 0.516795754433, "dvar2": 0.00217316765338, "min": -1, "var": 0.0121574420482, "median": 0.523343086243}, "key_scale": "major", "chords_number_rate": 0.00296176620759, "thpcp": [1, 0.703508198261, 0.39195856452, 0.360281854868, 0.399651587009, 0.670616328716, 0.9762981534, 0.732324898243, 0.397051423788, 0.31960183382, 0.298223048449, 0.623660504818, 0.967175960541, 0.711968958378, 0.373328387737, 0.29845353961, 0.262662678957, 0.332144677639, 0.459093540907, 0.432213485241, 0.557586967945, 0.866189718246, 0.699151396751, 0.443668305874, 0.417868882418, 0.341356515884, 0.545205712318, 0.882559239864, 0.72471010685, 0.4047986269, 0.328756183386, 0.329089194536, 0.555428445339, 0.889899849892, 0.779202103615, 0.791019618511], "key_strength": 0.760484576225, "tuning_nontempered_energy_ratio": 0.72250109911, "tuning_frequency": 438.984558105, "chords_changes_rate": 0.0584275722504, "tuning_diatonic_strength": 0.563235044479, "chords_scale": "minor", "chords_histogram": [6.89283800125, 27.0059242249, 9.31610107422, 3.63489508629, 7.61981678009, 0.350026935339, 0.861604750156, 0, 2.96176624298, 0.0269251484424, 0.296176642179, 0, 0, 0, 0.1346257478, 0.10770059377, 0.0538502968848, 1.0770059824, 0, 1.69628429413, 0, 1.83091008663, 3.09639191628, 33.0371551514], "tuning_equal_tempered_deviation": 0.0613979771733, "hpcp": {"dmean": [0.135971903801, 0.12122695148, 0.0956139788032, 0.0969269871712, 0.111521355808, 0.138557270169, 0.148197114468, 0.147915184498, 0.105695575476, 0.0867370665073, 0.0799322649837, 0.116948470473, 0.133929595351, 0.125063449144, 0.0891533866525, 0.0754985585809, 0.06722099334, 0.0778039321303, 0.0961963459849, 0.096735611558, 0.110659234226, 0.132064372301, 0.12930727005, 0.108447857201, 0.10206463933, 0.0891609415412, 0.10515717417, 0.130176499486, 0.128022402525, 0.104393161833, 0.0981512218714, 0.101365588605, 0.120815552771, 0.139087170362, 0.140188097954, 0.142803624272], "dmean2": [0.233407691121, 0.209229141474, 0.169929146767, 0.172018364072, 0.199608787894, 0.242182150483, 0.255510956049, 0.260542690754, 0.18960981071, 0.1556712538, 0.143149912357, 0.200576260686, 0.227970778942, 0.212707832456, 0.156964123249, 0.134164392948, 0.118154026568, 0.136659130454, 0.16749741137, 0.16973438859, 0.189684405923, 0.224122464657, 0.221302300692, 0.189580589533, 0.179379791021, 0.158692926168, 0.181965366006, 0.220559328794, 0.214740082622, 0.185317963362, 0.175863489509, 0.181133329868, 0.209602192044, 0.234086662531, 0.24089063704, 0.247225314379], "max": [1, 1, 1, 1, 1, 1, 1, 1, 1, 1, 1, 1, 1, 1, 1, 1, 1, 1, 1, 1, 1, 1, 1, 1, 1, 1, 1, 1, 1, 1, 1, 1, 1, 1, 1, 1], "dvar": [0.0469378009439, 0.0330969877541, 0.0282249897718, 0.0321711488068, 0.0374022386968, 0.0430347695947, 0.0491457544267, 0.0461674258113, 0.0355423651636, 0.031422842294, 0.0228477288038, 0.033483337611, 0.0404302179813, 0.0333239659667, 0.0262759849429, 0.0245020966977, 0.0197725184262, 0.0218859519809, 0.0279656946659, 0.0271884482354, 0.0305371973664, 0.0417993031442, 0.0362331978977, 0.0315952971578, 0.0295244473964, 0.0268752500415, 0.028973987326, 0.0463503226638, 0.0394285917282, 0.0347979180515, 0.0358982235193, 0.0386043712497, 0.0352469086647, 0.0382523909211, 0.0376887209713, 0.0403111614287], "mean": [0.251540094614, 0.176960512996, 0.0985932946205, 0.0906253308058, 0.100528396666, 0.168686896563, 0.245578125119, 0.18420907855, 0.0998743548989, 0.0803926736116, 0.075015053153, 0.156875625253, 0.24328354001, 0.179088741541, 0.093907058239, 0.0750730335712, 0.0660701915622, 0.0835477039218, 0.115480430424, 0.108719021082, 0.140255481005, 0.217881441116, 0.175864607096, 0.111600369215, 0.105110779405, 0.0858648493886, 0.137141093612, 0.221999034286, 0.182293653488, 0.101823084056, 0.0826953649521, 0.0827791243792, 0.139712527394, 0.223845496774, 0.196000576019, 0.198973149061], "dvar2": [0.110344737768, 0.0903591513634, 0.0765419751406, 0.0885206013918, 0.103022649884, 0.120060682297, 0.118707925081, 0.1296916008, 0.0960521176457, 0.0865592882037, 0.0638837143779, 0.0895737782121, 0.0920461714268, 0.0856172963977, 0.0717007666826, 0.0661086589098, 0.0539550818503, 0.0599997378886, 0.0732571184635, 0.0700479000807, 0.0778712406754, 0.0952375382185, 0.0960685312748, 0.0881026834249, 0.0790995657444, 0.0749300941825, 0.0794870108366, 0.109841868281, 0.101174004376, 0.0941488966346, 0.0978177338839, 0.103649280965, 0.093760073185, 0.0912571921945, 0.0990285724401, 0.108193382621], "min": [0, 0, 0, 0, 0, 0, 0, 0, 0, 0, 0, 0, 0, 0, 0, 0, 0, 0, 0, 0, 0, 0, 0, 0, 0, 0, 0, 0, 0, 0, 0, 0, 0, 0, 0, 0], "var": [0.121402069926, 0.0645484551787, 0.0335353724658, 0.0273511279374, 0.0304182358086, 0.0573204793036, 0.109370201826, 0.0676375851035, 0.0354668870568, 0.0283275134861, 0.0206957776099, 0.053931761533, 0.0992432385683, 0.0553071908653, 0.0267142076045, 0.0224657114595, 0.0174326822162, 0.0215713325888, 0.0382845774293, 0.0303089637309, 0.0421456694603, 0.0934322476387, 0.0585035867989, 0.0283768214285, 0.0296802464873, 0.0247687418014, 0.0450175181031, 0.103578753769, 0.0678483918309, 0.0336434394121, 0.0288676936179, 0.0309459976852, 0.041577860713, 0.0791641324759, 0.0597185790539, 0.0743640139699], "median": [0.0561469271779, 0.0480885654688, 0.0284911505878, 0.0299309194088, 0.0323254093528, 0.0581565387547, 0.0763429254293, 0.0580066591501, 0.0240632332861, 0.0193783361465, 0.0215411894023, 0.0536343827844, 0.0945227891207, 0.0755071043968, 0.0353033058345, 0.0230453163385, 0.0199873093516, 0.0248339492828, 0.037182636559, 0.0388171374798, 0.048205204308, 0.0662397518754, 0.0622888840735, 0.0488766133785, 0.0410819649696, 0.0275170039386, 0.0372650958598, 0.0596157610416, 0.0527999997139, 0.0294100027531, 0.0194675810635, 0.0171389672905, 0.0529426038265, 0.103817880154, 0.0948476791382, 0.060319531709]}}, "lowlevel": {"melbands_flatness_db": {"dmean": 0.0230421610177, "dmean2": 0.0336238257587, "max": 0.482320427895, "dvar": 0.00051163189346, "mean": 0.182234063745, "dvar2": 0.00107615150046, "min": 0.00402566604316, "var": 0.00387550494634, "median": 0.173333346844}, "melbands_crest": {"dmean": 2.96147656441, "dmean2": 4.86735343933, "max": 33.1156845093, "dvar": 7.86206293106, "mean": 13.273598671, "dvar2": 19.255399704, "min": 1.91892170906, "var": 29.2757911682, "median": 12.5337238312}, "spectral_entropy": {"dmean": 0.13116915524, "dmean2": 0.182864919305, "max": 9.80381965637, "dvar": 0.0184587631375, "mean": 7.63561868668, "dvar2": 0.0368246994913, "min": 5.8115196228, "var": 0.160057082772, "median": 7.66446971893}, "melbands": {"dmean": [0.000355475000106, 0.000906626635697, 0.000497089873534, 0.000430446933024, 0.000210743659409, 0.000214353960473, 0.00033196338336, 0.000319830345688, 0.000239096349105, 0.000160233612405, 0.000161408082931, 0.000107618339825, 7.28189261281e-05, 4.57363421447e-05, 4.60871706309e-05, 4.86529752379e-05, 2.85538280878e-05, 3.502967229e-05, 2.32104193856e-05, 1.91867329704e-05, 3.09495990223e-05, 1.9739889467e-05, 1.36181652124e-05, 8.18265925773e-06, 6.23049072601e-06, 5.15735746376e-06, 5.55039332539e-06, 2.46350532507e-06, 2.33213154388e-06, 1.6073901179e-06, 6.76928834764e-07, 6.67617257477e-07, 6.90451656737e-07, 8.07375954537e-07, 5.69968278796e-07, 4.90017271204e-07, 4.99333339121e-07, 5.4038611097e-07, 3.890828566e-07, 3.38048124604e-07], "dmean2": [0.000609365000855, 0.00156253378373, 0.000842832436319, 0.00070592132397, 0.000354251242243, 0.000350087328115, 0.000536399660632, 0.000509789446369, 0.000377946766093, 0.000250429526204, 0.000256218598224, 0.000170111015905, 0.000114524489618, 7.3987597716e-05, 7.29032399249e-05, 7.82346105552e-05, 4.55699191662e-05, 5.54422622372e-05, 3.65648047591e-05, 3.0687529943e-05, 5.03317060065e-05, 3.15711586154e-05, 2.17934411921e-05, 1.33600497065e-05, 9.90698936221e-06, 8.11102836451e-06, 8.95451921679e-06, 3.88320813727e-06, 3.7109589357e-06, 2.57874035015e-06, 1.04421860669e-06, 1.01599130176e-06, 1.03298521026e-06, 1.18881803246e-06, 8.1723413814e-07, 7.05597756223e-07, 7.26746634427e-07, 7.71028567215e-07, 5.31257057901e-07, 4.54280751683e-07], "max": [0.0105137424543, 0.0153262401, 0.00896025262773, 0.00818668678403, 0.00572189176455, 0.00861691869795, 0.0197530500591, 0.0200703442097, 0.0160226747394, 0.0123418513685, 0.00859198346734, 0.00454857666045, 0.00543863745406, 0.00465096160769, 0.00362501083873, 0.00149540859275, 0.00105574692134, 0.0010643574642, 0.00116660411004, 0.000715285365004, 0.00066083134152, 0.000494401785545, 0.000411061366322, 0.000328157708282, 0.000232489590417, 0.00019020914624, 0.000177931826329, 7.38118687877e-05, 5.4557556723e-05, 4.92265317007e-05, 4.03891863243e-05, 4.88621444674e-05, 4.67316531285e-05, 4.53647953691e-05, 4.04337115469e-05, 3.12121846946e-05, 3.76549614884e-05, 0.000112117741082, 6.25003376626e-05, 2.59584867308e-05], "dvar": [4.51434544857e-07, 2.18441459765e-06, 5.68129905787e-07, 4.46175391744e-07, 1.19595782166e-07, 2.12416694012e-07, 7.49144817291e-07, 6.88552745487e-07, 5.03069259139e-07, 2.32537587408e-07, 1.40776421631e-07, 6.45820321665e-08, 6.64255352945e-08, 2.27655050367e-08, 8.13350009565e-09, 5.75280711956e-09, 2.14634776619e-09, 3.43084471943e-09, 2.01852978776e-09, 8.5014573159e-10, 1.82652060143e-09, 8.03789312886e-10, 3.32322669383e-10, 1.32144517551e-10, 8.68975308377e-11, 6.31215774094e-11, 5.9997742885e-11, 1.12677644992e-11, 1.18051315251e-11, 5.28911810183e-12, 1.73895240655e-12, 2.01042177697e-12, 2.21118717954e-12, 3.01262704019e-12, 1.90301854136e-12, 1.37942749671e-12, 2.05132894178e-12, 4.9460505136e-12, 2.06042583169e-12, 7.81177748356e-13], "mean": [0.000637587974779, 0.00194142234977, 0.000929591828026, 0.000817902677227, 0.000362467457308, 0.000316526682582, 0.000487116485601, 0.000461802294012, 0.000370862573618, 0.000255826103967, 0.000265892682364, 0.000182003743248, 0.000111887238745, 7.51233528717e-05, 8.28723204904e-05, 8.92910320545e-05, 5.15102146892e-05, 5.90725358052e-05, 4.11378750869e-05, 3.63015315088e-05, 5.22884838574e-05, 3.97717194573e-05, 2.82847468043e-05, 1.6907673853e-05, 1.3464773474e-05, 1.14711792776e-05, 1.15567245302e-05, 5.64626270716e-06, 5.15054625794e-06, 3.61703700946e-06, 1.61969751389e-06, 1.46842694448e-06, 1.58582565746e-06, 1.82417181804e-06, 1.30368778173e-06, 1.0769056189e-06, 1.06038544345e-06, 1.0091173408e-06, 7.92076491507e-07, 6.81874269048e-07], "dvar2": [1.23706820432e-06, 6.11291807218e-06, 1.48223239194e-06, 1.1062163594e-06, 3.20767867379e-07, 5.55051485662e-07, 1.86501245025e-06, 1.6754504486e-06, 1.25975498122e-06, 5.52319932012e-07, 3.56275222657e-07, 1.59991458304e-07, 1.75025618887e-07, 6.00429927999e-08, 1.89494091529e-08, 1.3914188024e-08, 5.05939912188e-09, 8.72249650286e-09, 4.80245354595e-09, 2.12264961164e-09, 4.80395856428e-09, 2.04010586202e-09, 8.11681333257e-10, 3.49942103073e-10, 2.07805495034e-10, 1.49025555785e-10, 1.49726758769e-10, 2.6795598726e-11, 2.98040585267e-11, 1.36321197386e-11, 3.91866140231e-12, 4.39820879369e-12, 4.67019305173e-12, 6.18522507517e-12, 3.40076512957e-12, 2.73789151073e-12, 4.36633628559e-12, 1.12355246634e-11, 3.46749799013e-12, 1.50145607752e-12], "min": [5.56327902872e-24, 2.00436871133e-23, 9.93084371808e-24, 1.00001869582e-23, 9.96142075563e-24, 1.88888278802e-23, 5.30167500318e-24, 1.65521950577e-23, 6.20544257115e-24, 9.42003340499e-24, 7.88587170487e-24, 1.0754982483e-23, 8.8449332947e-24, 1.38768048521e-23, 1.42708834727e-23, 1.38658239083e-23, 4.06884909696e-24, 5.92894051298e-24, 9.69317964886e-24, 1.23039171813e-23, 1.71041768103e-23, 7.27522078902e-24, 1.28427667664e-23, 1.07204382639e-23, 8.48279091894e-24, 8.82341159148e-24, 1.18357195566e-23, 1.34153306889e-23, 9.90025563648e-24, 1.1795744819e-23, 9.00710416415e-24, 9.53498937154e-24, 1.04315029691e-23, 6.560475338e-24, 1.06331768372e-23, 9.22637278592e-24, 8.5492343064e-24, 9.01527281882e-24, 1.05545116277e-23, 8.74121070743e-24], "var": [8.62026354298e-07, 3.70828638552e-06, 9.2299563903e-07, 7.16568365533e-07, 1.91269577954e-07, 3.06154788632e-07, 1.24589121242e-06, 1.23026939036e-06, 1.11291797111e-06, 4.79393065689e-07, 2.97612388067e-07, 1.42895231647e-07, 1.14384441474e-07, 4.94234875248e-08, 1.5845399659e-08, 1.13356222187e-08, 4.27035873329e-09, 6.1657203787e-09, 4.23256052429e-09, 1.58334612088e-09, 3.42244388385e-09, 2.05771022443e-09, 7.98164812021e-10, 2.65069216576e-10, 2.33625452317e-10, 1.67275207574e-10, 1.50029905166e-10, 3.15411863294e-11, 2.69872128117e-11, 1.39876929484e-11, 4.63111016549e-12, 5.24160359214e-12, 6.66988686504e-12, 9.27037613341e-12, 5.50738534638e-12, 4.03901131291e-12, 5.08100766322e-12, 8.94402954477e-12, 6.34637134511e-12, 2.48654872734e-12], "median": [0.000255568127614, 0.00160997419152, 0.000686742947437, 0.00063029647572, 0.000228216784308, 0.000123381672893, 0.000102898920886, 8.32765290397e-05, 4.86651115352e-05, 4.92203434987e-05, 8.72657110449e-05, 5.6963544921e-05, 3.04932182189e-05, 2.57079846051e-05, 4.67616519018e-05, 5.84432782489e-05, 3.31038463628e-05, 3.42922357959e-05, 2.08860474231e-05, 2.55712184298e-05, 3.44086511177e-05, 2.63588935923e-05, 2.15064264921e-05, 1.2961889297e-05, 9.7457505035e-06, 8.07708238426e-06, 8.40306347527e-06, 4.2423071136e-06, 3.82875623473e-06, 2.68705571216e-06, 1.00152089999e-06, 8.82517497303e-07, 8.56812391703e-07, 1.02367573618e-06, 7.83991026765e-07, 5.87516581163e-07, 5.67705114918e-07, 3.70805793182e-07, 3.34156027293e-07, 2.81249015188e-07]}, "silence_rate_60dB": {"dmean": 0.0115824919194, "dmean2": 0.0231681037694, "max": 1, "dvar": 0.0114483861253, "mean": 0.0443037971854, "dvar2": 0.0247860066593, "min": 0, "var": 0.0423421002924, "median": 0}, "spectral_energyband_middle_high": {"dmean": 0.00203140149824, "dmean2": 0.00305528286844, "max": 0.0454424545169, "dvar": 9.07270805328e-06, "mean": 0.0071945306845, "dvar2": 2.17822198465e-05, "min": 1.61268665012e-21, "var": 4.20960132033e-05, "median": 0.00537366280332}, "erbbands_skewness": {"dmean": 0.369398266077, "dmean2": 0.574334740639, "max": 5.3632516861, "dvar": 0.133992344141, "mean": 0.0372386015952, "dvar2": 0.319069415331, "min": -2.98850989342, "var": 0.637962639332, "median": -0.0589085146785}, "dynamic_complexity": 3.71974921227, "dissonance": {"dmean": 0.0157650709152, "dmean2": 0.026283280924, "max": 0.499993473291, "dvar": 0.000294815690722, "mean": 0.46967625618, "dvar2": 0.000782931165304, "min": 0.272315770388, "var": 0.000726470840164, "median": 0.477650851011}, "spectral_skewness": {"dmean": 0.192511245608, "dmean2": 0.307301074266, "max": 4.08797454834, "dvar": 0.0475420765579, "mean": 1.65290892124, "dvar2": 0.122769981623, "min": 0.0503119193017, "var": 0.156425312161, "median": 1.66529357433}, "spectral_kurtosis": {"dmean": 1.5392819643, "dmean2": 2.5660533905, "max": 33.3687477112, "dvar": 4.19751358032, "mean": 5.5719332695, "dvar2": 12.4378662109, "min": -1.19472646713, "var": 9.80960083008, "median": 5.06934595108}, "gfcc": {"cov": [[19116.4355469, 1319.82470703, -460.984863281, 852.996154785, -949.95703125, 753.934448242, -728.419433594, 564.670776367, -455.458953857, 242.890975952, -678.762878418, 205.070846558, -403.650787354], [1319.82470703, 1390.84240723, -653.444335938, -25.6574020386, -44.0493469238, -226.014083862, -35.8538856506, -83.4445648193, -36.9650688171, -91.3143844604, 74.4490966797, -107.655563354, 60.8192138672], [-460.984863281, -653.444335938, 1353.2409668, 302.536376953, 258.680023193, 462.213348389, 118.547515869, 149.080764771, 30.7186164856, 64.0859909058, -140.488174438, 114.789161682, -91.9597702026], [852.996154785, -25.6574020386, 302.536376953, 505.300750732, 199.805419922, 220.887619019, 16.6814537048, 39.1854705811, -36.7001991272, -8.00825405121, -99.9370346069, 17.9301776886, -9.11507606506], [-949.95703125, -44.0493469238, 258.680023193, 199.805419922, 390.718811035, 104.720466614, 78.27003479, 0.0503968112171, 2.01551628113, -7.83347940445, -17.4588394165, 9.41422653198, 37.3242492676], [753.934448242, -226.014083862, 462.213348389, 220.887619019, 104.720466614, 350.881652832, 70.575843811, 108.856559753, -11.089682579, 14.1601991653, -114.119300842, 52.2012481689, -51.9747276306], [-728.419433594, -35.8538856506, 118.547515869, 16.6814537048, 78.27003479, 70.575843811, 152.895187378, 32.1649551392, 33.7507629395, -29.1992416382, 3.97132253647, -7.31645822525, 8.69081306458], [564.670776367, -83.4445648193, 149.080764771, 39.1854705811, 0.0503968112171, 108.856559753, 32.1649551392, 120.862686157, 28.4046459198, 27.6920509338, -52.8848762512, 21.8126544952, -30.6096935272], [-455.458953857, -36.9650688171, 30.7186164856, -36.7001991272, 2.01551628113, -11.089682579, 33.7507629395, 28.4046459198, 96.1794433594, 20.8747196198, 23.938621521, -13.8691940308, 4.97802448273], [242.890975952, -91.3143844604, 64.0859909058, -8.00825405121, -7.83347940445, 14.1601991653, -29.1992416382, 27.6920509338, 20.8747196198, 86.5679321289, 13.6973419189, 23.8572616577, -17.054895401], [-678.762878418, 74.4490966797, -140.488174438, -99.9370346069, -17.4588394165, -114.119300842, 3.97132253647, -52.8848762512, 23.938621521, 13.6973419189, 118.884010315, 0.032627619803, 30.3072013855], [205.070846558, -107.655563354, 114.789161682, 17.9301776886, 9.41422653198, 52.2012481689, -7.31645822525, 21.8126544952, -13.8691940308, 23.8572616577, 0.032627619803, 86.4508132935, 6.96361112595], [-403.650787354, 60.8192138672, -91.9597702026, -9.11507606506, 37.3242492676, -51.9747276306, 8.69081306458, -30.6096935272, 4.97802448273, -17.054895401, 30.3072013855, 6.96361112595, 74.4105529785]], "mean": [0.965026259422, 83.9245223999, -126.33065033, 22.8744869232, -45.5035896301, 6.74758720398, -41.096862793, 9.09627914429, -29.0808982849, 0.507630288601, -19.6816921234, -2.48102521896, -13.5578565598], "icov": [[0.000317396741593, -0.000434486602899, 0.000326181412674, -0.000436607981101, 0.000703795347363, -0.0006877106498, 0.00096782669425, -0.00106547388714, 0.000801405869424, -0.000840708380565, 0.000845240545459, -0.000627975678071, 0.000510004116222], [-0.000434486602899, 0.00165723927785, -4.91935024911e-05, 0.000306634232402, -0.00105363177136, 0.00102788349614, -0.00107814511284, 0.000802757160272, -0.000648617336992, 0.0019614873454, -0.00195961538702, 0.00172445410863, -0.000902368861716], [0.000326181412674, -4.91935024911e-05, 0.00221660058014, -0.000554810860194, -5.50310505787e-05, -0.00213077710941, 0.000578976469114, -0.00053581368411, -0.00018681473739, -0.00112823070958, 0.00136115052737, -0.00207671592943, 0.00212614587508], [-0.000436607981101, 0.000306634232402, -0.000554810860194, 0.00424971012399, -0.0023574787192, -0.00114825670607, -0.000192465871805, 0.00196182588115, -0.00072921346873, 0.00114312162623, 3.64957595593e-05, 0.00139258871786, -0.00140858464874], [0.000703795347363, -0.00105363177136, -5.50310505787e-05, -0.0023574787192, 0.00591445853934, -0.00141987483948, 0.000268713629339, -0.00137031648774, 0.00228419643827, -0.00303051993251, 0.00186459976248, -0.000491328653879, -0.00179217371624], [-0.0006877106498, 0.00102788349614, -0.00213077710941, -0.00114825670607, -0.00141987483948, 0.011217430234, -0.00553411897272, -0.000390643486753, -0.000300122279441, 0.00117122149095, 0.00212412886322, -0.00148272537626, 0.00125053164084], [0.00096782669425, -0.00107814511284, 0.000578976469114, -0.000192465871805, 0.000268713629339, -0.00553411897272, 0.0154413450509, -0.00746143469587, -7.34649147489e-05, 0.00447634002194, -0.00290672527626, 0.000881958287209, 8.24149319669e-05], [-0.00106547388714, 0.000802757160272, -0.00053581368411, 0.00196182588115, -0.00137031648774, -0.000390643486753, -0.00746143469587, 0.0224905349314, -0.00916515477002, -0.00301437615417, 0.00593099929392, -0.00284714438021, 0.00145291374065], [0.000801405869424, -0.000648617336992, -0.00018681473739, -0.00072921346873, 0.00228419643827, -0.000300122279441, -7.34649147489e-05, -0.00916515477002, 0.0190411601216, -0.00574990641326, -0.00238203792833, 0.00478347763419, -0.00262889289297], [-0.000840708380565, 0.0019614873454, -0.00112823070958, 0.00114312162623, -0.00303051993251, 0.00117122149095, 0.00447634002194, -0.00301437615417, -0.00574990641326, 0.0225419700146, -0.00930963736027, -0.00088775891345, 0.00258347624913], [0.000845240545459, -0.00195961538702, 0.00136115052737, 3.64957595593e-05, 0.00186459976248, 0.00212412886322, -0.00290672527626, 0.00593099929392, -0.00238203792833, -0.00930963736027, 0.0225162953138, -0.00736988242716, 0.00074559613131], [-0.000627975678071, 0.00172445410863, -0.00207671592943, 0.00139258871786, -0.000491328653879, -0.00148272537626, 0.000881958287209, -0.00284714438021, 0.00478347763419, -0.00088775891345, -0.00736988242716, 0.0211368016899, -0.0087751718238], [0.000510004116222, -0.000902368861716, 0.00212614587508, -0.00140858464874, -0.00179217371624, 0.00125053164084, 8.24149319669e-05, 0.00145291374065, -0.00262889289297, 0.00258347624913, 0.00074559613131, -0.0087751718238, 0.0230441447347]]}, "spectral_complexity": {"dmean": 3.71070718765, "dmean2": 5.46901941299, "max": 54, "dvar": 12.9478187561, "mean": 22.9058704376, "dvar2": 23.8049755096, "min": 0, "var": 93.6705322266, "median": 24}, "spectral_flux": {"dmean": 0.0218947660178, "dmean2": 0.0332492887974, "max": 0.228626593947, "dvar": 0.000485916476464, "mean": 0.0824918225408, "dvar2": 0.00110903300811, "min": 1.0384883925e-10, "var": 0.00166976719629, "median": 0.0790360569954}, "spectral_energyband_low": {"dmean": 0.00357925216667, "dmean2": 0.0061157727614, "max": 0.0593956373632, "dvar": 3.19811733789e-05, "mean": 0.00797817949206, "dvar2": 8.69276773301e-05, "min": 8.52939887225e-23, "var": 5.58896026632e-05, "median": 0.00710682291538}, "spectral_decrease": {"dmean": 2.02487182577e-09, "dmean2": 3.18359338891e-09, "max": 1.00312777866e-15, "dvar": 5.59653941559e-18, "mean": -6.89717571944e-09, "dvar2": 1.32549572025e-17, "min": -2.7921231549e-08, "var": 1.90037648524e-17, "median": -6.46479492161e-09}, "barkbands_spread": {"dmean": 5.1263256073, "dmean2": 7.68494701385, "max": 113.30934906, "dvar": 33.9690170288, "mean": 23.2688541412, "dvar2": 67.7912368774, "min": 0.1570109725, "var": 170.660766602, "median": 21.8786582947}, "spectral_rms": {"dmean": 0.00071976945037, "dmean2": 0.00110494357068, "max": 0.0105271739885, "dvar": 5.8316538798e-07, "mean": 0.00490194140002, "dvar2": 1.30570583678e-06, "min": 3.24369285772e-12, "var": 3.34387300427e-06, "median": 0.00505906064063}, "spectral_centroid": {"dmean": 225.233795166, "dmean2": 339.504211426, "max": 10495.0742188, "dvar": 53837, "mean": 1477.45324707, "dvar2": 103969.570312, "min": 208.90562439, "var": 415302.59375, "median": 1377.09350586}, "barkbands_skewness": {"dmean": 0.512307822704, "dmean2": 0.790988087654, "max": 11.6069965363, "dvar": 0.797317862511, "mean": 0.924280226231, "dvar2": 1.6312431097, "min": -37.5149841309, "var": 9.09578895569, "median": 1.07830679417}, "spectral_rolloff": {"dmean": 451.257781982, "dmean2": 727.316345215, "max": 19466.015625, "dvar": 548921, "mean": 1902.07849121, "dvar2": 1020167.875, "min": 64.599609375, "var": 5721933.5, "median": 1421.19140625}, "erbbands_spread": {"dmean": 6.45901966095, "dmean2": 9.94065761566, "max": 143.41255188, "dvar": 50.2989616394, "mean": 34.7814178467, "dvar2": 100.214492798, "min": 2.65690040588, "var": 280.610626221, "median": 32.7836761475}, "barkbands": {"dmean": [5.11575090059e-05, 0.00165807572193, 0.00213531334884, 0.000860441126861, 0.00178184371907, 0.00102616823278, 0.00175749394111, 0.00134760234505, 0.00129172345623, 0.000952271744609, 0.000530346471351, 0.00039536083932, 0.000496983295307, 0.000404439866543, 0.000288710492896, 0.000365853979019, 0.000323326617945, 0.000177281486685, 0.000128146231873, 0.000106330880953, 5.72716271563e-05, 3.20001563523e-05, 3.29606627929e-05, 3.76215903088e-05, 3.53714240191e-05, 2.42456608248e-05, 3.44076875081e-06], "dmean2": [8.56351398397e-05, 0.00286977249198, 0.00365874730051, 0.001469727722, 0.00290353456512, 0.00169035536237, 0.00283316965215, 0.0021317654755, 0.00204021134414, 0.00151125818957, 0.000836930703372, 0.000631500675809, 0.000794479448814, 0.000646010448691, 0.00045163865434, 0.0005888165324, 0.000516174826771, 0.000287762173684, 0.000201684772037, 0.000167940626852, 8.93975811778e-05, 4.70817722089e-05, 4.52538079116e-05, 5.16105756105e-05, 4.38394235971e-05, 3.01420641335e-05, 5.23435301147e-06], "max": [0.00254526687786, 0.0412134453654, 0.0437291935086, 0.0196626260877, 0.0315982885659, 0.0363593026996, 0.082734644413, 0.0705928876996, 0.098275154829, 0.0350572764874, 0.0398913994431, 0.0309150777757, 0.0148890921846, 0.012393463403, 0.0112974224612, 0.00729349488392, 0.010229723528, 0.00524685718119, 0.00374006363563, 0.00280278385617, 0.00175353966188, 0.00224271276966, 0.00203762413003, 0.00498241279274, 0.00268150330521, 0.00144531892147, 0.000151418076712], "dvar": [1.08299840207e-08, 9.62698231888e-06, 1.3031240087e-05, 2.01744455808e-06, 7.01595581631e-06, 4.65139373773e-06, 1.91418021132e-05, 1.52634202095e-05, 1.54987610586e-05, 5.00666919834e-06, 3.6386204556e-06, 1.21608889003e-06, 6.206792591e-07, 3.67711720628e-07, 2.71037606581e-07, 2.54987270409e-07, 2.05757373806e-07, 5.1496748199e-08, 3.43605144337e-08, 1.9408378904e-08, 6.32209840035e-09, 4.19932044693e-09, 5.75544190085e-09, 1.50683199251e-08, 7.54386419999e-09, 3.43643358214e-09, 4.46332588944e-11], "mean": [4.92395156471e-05, 0.00300181866623, 0.0042957579717, 0.0012084125774, 0.00345884426497, 0.00148284307215, 0.00252446276136, 0.00198308005929, 0.00204943586141, 0.00161095173098, 0.000789083715063, 0.000671836780384, 0.000928170513362, 0.0007007024833, 0.000527354073711, 0.000653815164696, 0.000661521684378, 0.000387854786823, 0.000301109510474, 0.000249417615123, 0.000144202378578, 8.08139229775e-05, 8.32551813801e-05, 8.31567740534e-05, 7.58894166211e-05, 4.93149855174e-05, 5.12948145115e-06], "dvar2": [2.61153427772e-08, 2.68066651188e-05, 3.53286595782e-05, 5.46280170965e-06, 1.71633764694e-05, 1.20675958897e-05, 4.69971673738e-05, 3.80185956601e-05, 3.82943217119e-05, 1.25042806758e-05, 9.54446477408e-06, 3.07186974169e-06, 1.50956100242e-06, 8.99296594525e-07, 6.48069487852e-07, 6.58205067339e-07, 5.32064234449e-07, 1.31904627665e-07, 8.07798770097e-08, 4.59040840894e-08, 1.52642538609e-08, 8.50985237832e-09, 9.97327198604e-09, 3.00666194164e-08, 1.31996351627e-08, 6.11040507081e-09, 1.01111910511e-10], "min": [1.64123546711e-24, 2.27606755322e-23, 5.56330206346e-23, 1.02009402257e-23, 5.13886081766e-23, 8.39813620416e-23, 2.68296579467e-23, 6.91161870505e-23, 5.32422293555e-23, 6.54011633687e-23, 4.76424812871e-23, 1.34017875248e-22, 1.48989268783e-22, 4.64731022802e-23, 1.16549137415e-22, 2.5642654525e-22, 1.32691225776e-22, 2.40523765733e-22, 2.05069264317e-22, 4.06550864968e-22, 4.29134173014e-22, 5.00429225439e-22, 5.63821128528e-22, 7.5633418848e-22, 1.00884934679e-21, 1.76255123896e-21, 2.56718209214e-21], "var": [1.21453984647e-08, 1.70077855728e-05, 2.74585072475e-05, 2.62984167421e-06, 1.17279842016e-05, 6.65693369228e-06, 3.29901886289e-05, 2.96576490655e-05, 3.17384692607e-05, 1.1416858797e-05, 6.55865005683e-06, 2.7886492262e-06, 1.2696466456e-06, 7.26324742573e-07, 6.02394266025e-07, 4.84128008793e-07, 4.96160794228e-07, 1.21705582501e-07, 1.03556743625e-07, 5.83353561012e-08, 1.99318428429e-08, 1.46014951241e-08, 1.9713985111e-08, 3.92155818929e-08, 2.73159592723e-08, 1.14337801449e-08, 9.28391877264e-11], "median": [1.41121690831e-05, 0.00131269206759, 0.00182170525659, 0.000608843925875, 0.00275812204927, 0.000572972116061, 0.000468017125968, 0.000254760030657, 0.000382474536309, 0.000481398426928, 0.00017855608894, 0.000271653319942, 0.000607570633292, 0.000427758641308, 0.000279373693047, 0.000464992597699, 0.000457365065813, 0.000307401700411, 0.000220733185415, 0.000188942038221, 0.00010902035865, 4.75768756587e-05, 5.00815658597e-05, 3.95052338718e-05, 3.2144911529e-05, 1.96381151909e-05, 1.40224574352e-06]}, "melbands_kurtosis": {"dmean": 4.97036600113, "dmean2": 7.71317481995, "max": 250.92791748, "dvar": 102.502571106, "mean": 9.28936386108, "dvar2": 212.382873535, "min": -1.72865581512, "var": 295.832427979, "median": 4.49084568024}, "erbbands_crest": {"dmean": 2.67915987968, "dmean2": 4.44099235535, "max": 31.2850780487, "dvar": 6.94433450699, "mean": 8.76573848724, "dvar2": 18.672958374, "min": 2.65267443657, "var": 18.9357814789, "median": 7.52256631851}, "melbands_skewness": {"dmean": 0.612180709839, "dmean2": 0.944057703018, "max": 12.2671079636, "dvar": 0.47032892704, "mean": 2.20721912384, "dvar2": 0.981404662132, "min": -1.33288049698, "var": 2.444201231, "median": 1.99081301689}, "spectral_energyband_middle_low": {"dmean": 0.00557700823992, "dmean2": 0.00878125987947, "max": 0.104682289064, "dvar": 5.92931282881e-05, "mean": 0.0130724422634, "dvar2": 0.000141706404975, "min": 3.01868391756e-22, "var": 0.000142726043123, "median": 0.00988800637424}, "spectral_contrast_coeffs": {"dmean": [0.0519086122513, 0.0527648963034, 0.0400355085731, 0.0306514501572, 0.0204989071935, 0.0160071793944], "dmean2": [0.0850742459297, 0.0873322933912, 0.0648865550756, 0.0496793501079, 0.0336092188954, 0.0253214649856], "max": [-0.31633362174, -0.375636845827, -0.512510478497, -0.579477846622, -0.65021777153, -0.660528004169], "dvar": [0.00183205574285, 0.00182355951983, 0.00106087035965, 0.000611890165601, 0.000271484284895, 0.000195599714061], "mean": [-0.606455028057, -0.718400895596, -0.75292468071, -0.771732091904, -0.78424680233, -0.774798870087], "dvar2": [0.00472646392882, 0.00480150198564, 0.00270605320111, 0.00154342968017, 0.000706888618879, 0.000438417890109], "min": [-0.957622468472, -0.960555374622, -0.962647676468, -0.953013896942, -0.963663458824, -0.959726214409], "var": [0.00788787379861, 0.00881295651197, 0.00509175844491, 0.00240188231692, 0.00128307123668, 0.00132923538331], "median": [-0.605687737465, -0.730566442013, -0.758259654045, -0.771613359451, -0.784497261047, -0.774338960648]}, "spectral_contrast_valleys": {"dmean": [0.446123868227, 0.375443428755, 0.311698108912, 0.285626590252, 0.228913888335, 0.255638688803], "dmean2": [0.724289953709, 0.606051206589, 0.486316382885, 0.427094459534, 0.318141371012, 0.297708272934], "max": [-5.5923409462, -4.46736955643, -5.20181465149, -5.87490320206, -5.99420547485, -7.85250854492], "dvar": [0.137199729681, 0.117626346648, 0.0888177528977, 0.0924399197102, 0.0766900852323, 0.101640738547], "mean": [-7.69928073883, -6.91806697845, -7.33174848557, -7.41496086121, -7.32794094086, -10.2372989655], "dvar2": [0.331608265638, 0.257986396551, 0.177188262343, 0.165263190866, 0.110988557339, 0.150113806129], "min": [-27.205783844, -26.9764881134, -27.3272895813, -27.4869670868, -27.0408382416, -27.293302536], "var": [3.28924846649, 2.09660100937, 1.87113451958, 1.79995810986, 1.73580944538, 1.95262312889], "median": [-7.22552108765, -6.70381641388, -7.10962057114, -7.13626480103, -7.0271062851, -9.84911251068]}, "silence_rate_20dB": {"dmean": 0, "dmean2": 0, "max": 1, "dvar": 0, "mean": 1, "dvar2": 0, "min": 1, "var": 0, "median": 1}, "silence_rate_30dB": {"dmean": 0, "dmean2": 0, "max": 1, "dvar": 0, "mean": 1, "dvar2": 0, "min": 1, "var": 0, "median": 1}, "spectral_strongpeak": {"dmean": 0.625734388828, "dmean2": 1.06788933277, "max": 9.19735145569, "dvar": 0.82590919733, "mean": 1.08205616474, "dvar2": 2.15589809418, "min": 0, "var": 1.37369561195, "median": 0.557248234749}, "spectral_spread": {"dmean": 475390.9375, "dmean2": 621194.625, "max": 40558780, "dvar": 534054961152, "mean": 4467548, "dvar2": 817996824576, "min": 1353316.75, "var": 6794724769790.0, "median": 4098037.25}, "barkbands_flatness_db": {"dmean": 0.0197317972779, "dmean2": 0.0287548843771, "max": 0.486074030399, "dvar": 0.000395497976569, "mean": 0.124792121351, "dvar2": 0.000813525344711, "min": 0.0193880479783, "var": 0.00386093277484, "median": 0.108397044241}, "pitch_salience": {"dmean": 0.0658332705498, "dmean2": 0.107633069158, "max": 0.852692008018, "dvar": 0.00371002661996, "mean": 0.551529526711, "dvar2": 0.00929413922131, "min": 0.119651444256, "var": 0.0116694197059, "median": 0.554624676704}, "erbbands_kurtosis": {"dmean": 0.8836632967, "dmean2": 1.44227552414, "max": 37.6810493469, "dvar": 2.24575185776, "mean": 0.396262615919, "dvar2": 5.84630870819, "min": -1.67069399357, "var": 3.34214830399, "median": -0.0547089576721}, "average_loudness": 0.933176517487, "barkbands_crest": {"dmean": 2.35956168175, "dmean2": 3.88299465179, "max": 26.769443512, "dvar": 5.22962236404, "mean": 9.75252819061, "dvar2": 12.8099460602, "min": 2.34087610245, "var": 20.4896354675, "median": 8.6832447052}, "hfc": {"dmean": 5.00447702408, "dmean2": 7.00595235825, "max": 90.5243301392, "dvar": 30.9716072083, "mean": 22.3354854584, "dvar2": 61.1125030518, "min": 1.22697950191e-16, "var": 221.08190918, "median": 19.8567352295}, "barkbands_kurtosis": {"dmean": 5.72495603561, "dmean2": 9.24068927765, "max": 1841.42480469, "dvar": 2097.97949219, "mean": 11.9029178619, "dvar2": 5248.19726562, "min": -1.81029701233, "var": 9363.14746094, "median": 0.788964986801}, "erbbands": {"dmean": [0.0285994019359, 0.454346388578, 2.08540868759, 2.77104377747, 4.85041093826, 6.64371538162, 5.86017894745, 9.65322875977, 21.0564785004, 28.5665817261, 29.0444908142, 25.1672344208, 31.1218547821, 24.0548934937, 18.0371131897, 13.5547780991, 23.0039367676, 14.5076494217, 17.5915756226, 14.8505878448, 23.6129570007, 16.664018631, 10.0843801498, 7.06782579422, 6.0075969696, 4.20906257629, 3.11911273003, 1.39668095112, 1.06063425541, 1.34541761875, 0.888021767139, 0.753331780434, 0.675441801548, 0.38451308012, 0.271835118532, 0.134059920907, 0.0387006290257, 0.00720923952758, 0.000519778113812, 2.30000368902e-05], "dmean2": [0.0487812459469, 0.790179669857, 3.58229637146, 4.75568771362, 8.05306911469, 10.8645553589, 9.91470050812, 15.7502756119, 34.1735992432, 45.7050933838, 45.8945846558, 39.1398544312, 49.2339820862, 38.0598373413, 28.7565670013, 21.3515338898, 36.6109542847, 22.9959087372, 27.566028595, 23.2154102325, 38.1464042664, 26.4898910522, 16.2277050018, 11.1140432358, 9.42095088959, 6.5838060379, 4.89806318283, 2.13615751266, 1.5476899147, 1.94623327255, 1.22597026825, 1.04629659653, 0.929915964603, 0.496247828007, 0.350138098001, 0.172008872032, 0.0486069992185, 0.00952695868909, 0.000824595044833, 3.54579970008e-05], "max": [0.965632557869, 10.0236778259, 36.7322158813, 60.8481521606, 101.635055542, 151.839706421, 157.353790283, 391.319702148, 1414.03759766, 1902.51416016, 2021.81896973, 2298.62011719, 1781.7166748, 1131.53894043, 1189.3470459, 1008.37200928, 711.311767578, 487.320800781, 589.40625, 562.613830566, 435.243438721, 325.667144775, 275.272979736, 224.992446899, 229.472503662, 116.795204163, 79.5235671997, 63.0682220459, 82.6040802002, 72.5858612061, 64.5176620483, 57.8119392395, 133.053573608, 36.2087860107, 17.9340267181, 9.04136657715, 2.59180116653, 0.397788226604, 0.0252966508269, 0.000683454622049], "dvar": [0.00307436822914, 0.699170589447, 11.8651189804, 21.1839103699, 68.860206604, 94.9941253662, 112.219032288, 447.205200195, 3179.95776367, 5920.42285156, 7029.05664062, 6889.55810547, 5328.56103516, 3376.34643555, 3048.12182617, 1259.19030762, 1388.95910645, 530.412719727, 826.463317871, 631.720825195, 1045.26550293, 509.086669922, 159.725814819, 102.775726318, 69.6018066406, 30.5132408142, 18.8503570557, 5.22016429901, 5.60187482834, 7.92373466492, 4.3486289978, 4.08502101898, 7.05036258698, 1.22025310993, 0.346474796534, 0.12112083286, 0.00818471424282, 0.000201048998861, 1.16755165891e-06, 1.22061694086e-09], "mean": [0.0465966127813, 0.860382437706, 4.33911037445, 4.86641597748, 8.07143592834, 12.7117815018, 9.04119491577, 14.2502279282, 31.0851669312, 41.3015174866, 45.3731536865, 41.2597198486, 52.091594696, 42.0093421936, 30.5826473236, 25.6910686493, 44.1157875061, 29.3759269714, 33.0451774597, 29.8546447754, 43.2856521606, 37.5894622803, 23.6672325134, 17.1184539795, 15.2963886261, 10.6362113953, 7.74936628342, 3.74570059776, 2.661485672, 3.22358393669, 2.21641778946, 1.74970257282, 1.37192237377, 0.836152791977, 0.550213515759, 0.270528584719, 0.0767317935824, 0.0137352831662, 0.00073275633622, 5.63561698073e-05], "dvar2": [0.00831387750804, 1.96674716473, 32.8155975342, 56.3669013977, 166.60760498, 247.317977905, 300.531433105, 1162.84533691, 8032.30029297, 14259.4570312, 17501.3554688, 16260.5595703, 13518.3662109, 8463.63574219, 8008.03320312, 3078.31494141, 3376.55761719, 1234.90246582, 2081.28637695, 1539.12182617, 2750.37475586, 1293.1862793, 408.528564453, 245.946517944, 164.55632019, 69.1880264282, 45.8835868835, 11.855175972, 11.627155304, 15.756064415, 7.24840974808, 8.04602146149, 14.9370365143, 2.06383609772, 0.647759139538, 0.218869328499, 0.0152042768896, 0.000375987117877, 2.78449965663e-06, 2.92465252016e-09], "min": [5.43474121241e-22, 6.33369488923e-21, 4.81370325774e-20, 6.00808873126e-20, 4.58909205593e-20, 2.57204160053e-19, 2.38296956749e-19, 9.30797288587e-19, 3.2478432496e-19, 1.38021971483e-18, 9.734198376e-19, 1.39536559864e-18, 1.47841701368e-18, 2.54503415353e-18, 3.18514208029e-18, 4.87378746024e-18, 6.90302817973e-18, 2.88870184865e-18, 4.23723020626e-18, 8.79537340297e-18, 1.30500935161e-17, 8.81061337857e-18, 1.36280934137e-17, 1.08940364961e-17, 1.24258294068e-17, 2.03648409196e-17, 1.89990978994e-17, 1.61197516703e-17, 1.87490643613e-17, 1.33064897275e-17, 1.76486874991e-17, 1.43987229965e-17, 1.36800287757e-17, 1.11568210234e-17, 7.50838955768e-18, 6.80249099372e-18, 3.28389338336e-18, 1.31159867237e-18, 3.60885356174e-19, 3.84347145177e-20], "var": [0.00541164632887, 1.17860341072, 22.8862457275, 34.1681747437, 95.7713012695, 180.843139648, 156.859405518, 636.804260254, 5252.41650391, 10218.6650391, 14927.3427734, 14412.1416016, 11142.5400391, 7405.64794922, 5633.22021484, 2738.84350586, 2833.36206055, 1148.83288574, 1588.67749023, 1445.06750488, 2063.70019531, 1422.40771484, 400.841308594, 306.123504639, 239.080657959, 100.446578979, 54.3336410522, 17.3206157684, 16.6053085327, 26.7916259766, 14.4444961548, 11.9309597015, 15.2461271286, 4.37827730179, 1.131046772, 0.391748219728, 0.0251441914588, 0.000618075719103, 2.07363586924e-06, 2.49123877083e-09], "median": [0.0173754058778, 0.45432561636, 2.66315436363, 2.98281931877, 5.0676150322, 8.8025636673, 5.29215764999, 5.66735267639, 6.85339736938, 8.54596328735, 7.25674009323, 8.26210212708, 17.9147911072, 13.8673458099, 10.1886224747, 12.6990203857, 29.0791244507, 20.3973045349, 21.1571502686, 19.7428588867, 31.010925293, 27.9522743225, 20.0512752533, 12.9126520157, 11.5782546997, 8.31734085083, 6.00260925293, 2.67103600502, 1.62358522415, 1.81780123711, 1.33385634422, 0.976141214371, 0.552802562714, 0.360554158688, 0.220679536462, 0.105244919658, 0.0308657754213, 0.00475679058582, 0.000215470427065, 4.50961160823e-05]}, "spectral_energy": {"dmean": 0.00797310844064, "dmean2": 0.0124823236838, "max": 0.113591916859, "dvar": 8.5915758973e-05, "mean": 0.0280574262142, "dvar2": 0.000201702539925, "min": 1.07845821092e-20, "var": 0.000307356327539, "median": 0.0262339450419}, "zerocrossingrate": {"dmean": 0.00933902803808, "dmean2": 0.0102749532089, "max": 0.8232421875, "dvar": 0.000156094800332, "mean": 0.0734677165747, "dvar2": 0.00013813599071, "min": 0.00341796875, "var": 0.0078319106251, "median": 0.05810546875}, "spectral_energyband_high": {"dmean": 0.000187274505151, "dmean2": 0.000233480997849, "max": 0.0082026347518, "dvar": 1.09416156135e-07, "mean": 0.000601277395617, "dvar2": 1.77340211849e-07, "min": 7.57761