{"tonal": {"hpcp": {"dvar": [0.0527283921838, 0.0510607436299, 0.0439220629632, 0.0410509631038, 0.0401444882154, 0.0419412441552, 0.0496556572616, 0.0525926351547, 0.0537458695471, 0.0687521696091, 0.07499050349, 0.0694370567799, 0.0660663023591, 0.0612405240536, 0.0595344975591, 0.0633238106966, 0.0680146664381, 0.0588342808187, 0.0492228195071, 0.0383885167539, 0.035916686058, 0.0415047556162, 0.0383931808174, 0.0419630669057, 0.110654003918, 0.0385543778539, 0.0256671085954, 0.0293536968529, 0.0326972641051, 0.0327417626977, 0.0414873324335, 0.0490168407559, 0.0434203781188, 0.0475575774908, 0.0484898239374, 0.0476788282394], "var": [0.0495826601982, 0.0476963706315, 0.0336331576109, 0.0288496706635, 0.0313007310033, 0.0343827530742, 0.0552473962307, 0.0686419010162, 0.0494852811098, 0.062873467803, 0.0686347410083, 0.063155181706, 0.0761075913906, 0.0794753134251, 0.0586338192225, 0.0770010054111, 0.0893101170659, 0.0609266906977, 0.0446284748614, 0.0346492864192, 0.0328442677855, 0.0515591092408, 0.0539082214236, 0.0531687103212, 0.132978409529, 0.0466735102236, 0.0201559271663, 0.037035446614, 0.0462153181434, 0.0333647206426, 0.044628880918, 0.0466278754175, 0.0346090756357, 0.0389844588935, 0.0417821742594, 0.0411211028695], "median": [0.0496353432536, 0.0503162890673, 0.0322736427188, 0.0229062922299, 0.0215877443552, 0.0264226086438, 0.0436229705811, 0.0494793951511, 0.0417137630284, 0.0315700545907, 0.0307154618204, 0.0359894856811, 0.061090324074, 0.0689658373594, 0.0637143403292, 0.0733584910631, 0.0756972134113, 0.0483481548727, 0.0323670804501, 0.027946844697, 0.0355845615268, 0.0496049188077, 0.043718136847, 0.0963233560324, 0.0895916074514, 0.0645772218704, 0.0231965593994, 0.0460844002664, 0.0565462484956, 0.0443301051855, 0.0344654619694, 0.0335489325225, 0.0347478315234, 0.0372332036495, 0.0358704142272, 0.0342730507255], "max": [1, 1, 1, 1, 1, 1, 1, 1, 1, 1, 1, 1, 1, 1, 1, 1, 1, 1, 1, 1, 1, 1, 1, 1, 1, 1, 1, 1, 1, 1, 1, 1, 1, 1, 1, 1], "dmean": [0.152333155274, 0.146511390805, 0.11862437427, 0.105977401137, 0.110069356859, 0.119855090976, 0.145543336868, 0.152034372091, 0.152479082346, 0.171885877848, 0.187033116817, 0.185672074556, 0.190306454897, 0.1878054142, 0.184598237276, 0.195239245892, 0.197285324335, 0.169378846884, 0.133481472731, 0.109686888754, 0.1112902686, 0.132934346795, 0.12265008688, 0.186327815056, 0.286830097437, 0.169881254435, 0.0815634503961, 0.107433155179, 0.121041700244, 0.11737190932, 0.125376224518, 0.131971985102, 0.126055195928, 0.133087709546, 0.130591332912, 0.133368521929], "dmean2": [0.272937089205, 0.263684868813, 0.216185688972, 0.19586828351, 0.202630639076, 0.219670698047, 0.259998857975, 0.270738273859, 0.275872170925, 0.316982299089, 0.343544244766, 0.338104516268, 0.338388770819, 0.33287602663, 0.331410050392, 0.3476344347, 0.349177032709, 0.3033657372, 0.243316173553, 0.200873881578, 0.200604856014, 0.235079929233, 0.216055586934, 0.334305882454, 0.524087429047, 0.305590301752, 0.148998826742, 0.186973899603, 0.210107594728, 0.207911372185, 0.224336743355, 0.238689541817, 0.231716901064, 0.242793858051, 0.237365528941, 0.24164287746], "mean": [0.140666291118, 0.139356046915, 0.0984187424183, 0.0819967389107, 0.0862546041608, 0.0974142551422, 0.147280722857, 0.168253198266, 0.13877594471, 0.143332138658, 0.15368540585, 0.153581559658, 0.192956924438, 0.203606396914, 0.170707464218, 0.205701857805, 0.220998600125, 0.159449771047, 0.116751968861, 0.0965158417821, 0.103210166097, 0.144814833999, 0.140207588673, 0.202620655298, 0.291754156351, 0.175512462854, 0.0719766765833, 0.122988440096, 0.145220637321, 0.116577468812, 0.119421198964, 0.120298445225, 0.105746515095, 0.113975316286, 0.116536721587, 0.114575572312], "dvar2": [0.145353093743, 0.139497712255, 0.123276859522, 0.117336750031, 0.113630980253, 0.115937002003, 0.135847762227, 0.14004689455, 0.151243537664, 0.19180598855, 0.209532856941, 0.192211985588, 0.178529590368, 0.163531646132, 0.165612846613, 0.166742905974, 0.183489635587, 0.161025077105, 0.137266278267, 0.108441904187, 0.102656885982, 0.116099670529, 0.104719877243, 0.111922286451, 0.287770986557, 0.103201337159, 0.0733965113759, 0.0800150632858, 0.0871900692582, 0.0916638970375, 0.113103874028, 0.134389400482, 0.121151447296, 0.134354278445, 0.135368779302, 0.13130839169], "min": [0, 0, 0, 0, 0, 0, 0, 0, 0, 0, 0, 0, 0, 0, 0, 0, 0, 0, 0, 0, 0, 0, 0, 0, 0, 0, 0, 0, 0, 0, 0, 0, 0, 0, 0, 0]}, "key_key": "D", "thpcp": [1, 0.601576566696, 0.246703177691, 0.421548187733, 0.497750014067, 0.399574309587, 0.409321337938, 0.412328124046, 0.362450748682, 0.390655338764, 0.399434655905, 0.39271274209, 0.482139796019, 0.477648884058, 0.337334513664, 0.28104737401, 0.295641392469, 0.333891570568, 0.504811048508, 0.576695144176, 0.475660562515, 0.491277098656, 0.526763379574, 0.526407420635, 0.661368191242, 0.697869718075, 0.585107207298, 0.705052018166, 0.757482290268, 0.546521008015, 0.400172412395, 0.330812215805, 0.353757321835, 0.496359109879, 0.480567574501, 0.69449108839], "chords_key": "B", "tuning_equal_tempered_deviation": 0.172976404428, "tuning_frequency": 434.193115234, "tuning_diatonic_strength": 0.367320120335, "chords_histogram": [13.367521286, 1.55555558205, 2.0683760643, 7.82905960083, 0.854700863361, 1.43589746952, 15.6923074722, 7.05982923508, 8.25641059875, 10.0683765411, 8.51282024384, 0.205128207803, 0, 0.68376070261, 0, 3.60683751106, 1.4529914856, 11.8803415298, 0.837606847286, 0.666666686535, 2.4102563858, 0, 0.0170940179378, 1.53846156597], "key_strength": 0.357575178146, "key_scale": "minor", "chords_strength": {"dvar": 0.000716748065315, "var": 0.0134219620377, "median": 0.483033061028, "max": 0.782867491245, "dmean": 0.0126717882231, "dmean2": 0.014035211876, "mean": 0.487504005432, "dvar2": 0.00132505630609, "min": -1}, "chords_number_rate": 0.0025641026441, "tuning_nontempered_energy_ratio": 0.888146102428, "hpcp_entropy": {"dvar": 0.281291753054, "var": 0.649021267891, "median": 2.50106430054, "max": 4.55786895752, "dmean": 0.660586953163, "dmean2": 1.11843323708, "mean": 2.46587467194, "dvar2": 0.798837125301, "min": 0}, "chords_changes_rate": 0.0825641006231, "chords_scale": "minor"}, "rhythm": {"bpm_histogram_first_peak_spread": {"dvar": 0, "var": 0, "median": 0.555555582047, "max": 0.555555582047, "dmean": 0, "dmean2": 0, "mean": 0.555555582047, "dvar2": 0, "min": 0.555555582047}, "bpm_histogram_first_peak_weight": {"dvar": 0, "var": 0, "median": 0.0901213139296, "max": 0.0901213139296, "dmean": 0, "dmean2": 0, "mean": 0.0901213139296, "dvar2": 0, "min": 0.0901213139296}, "bpm_histogram_first_peak_bpm": {"dvar": 0, "var": 0, "median": 148, "max": 148, "dmean": 0, "dmean2": 0, "mean": 148, "dvar2": 0, "min": 148}, "bpm": 147.687362671, "bpm_histogram_second_peak_weight": {"dvar": 0, "var": 0, "median": 0.0710571929812, "max": 0.0710571929812, "dmean": 0, "dmean2": 0, "mean": 0.0710571929812, "dvar2": 0, "min": 0.0710571929812}, "beats_loudness": {"dvar": 0.00193773279898, "var": 0.0032158230897, "median": 0.0692748129368, "max": 0.434711039066, "dmean": 0.0381305627525, "dmean2": 0.0676156654954, "mean": 0.0744578316808, "dvar2": 0.00565850129351, "min": 0}, "beats_loudness_band_ratio": {"dvar": [0.0259427428246, 0.00880547612906, 0.0129556022584, 0.00231773941778, 0.000914672738872, 0.0083809196949], "var": [0.0479362010956, 0.0197172667831, 0.0270121209323, 0.00294623128138, 0.00142827373929, 0.0160680934787], "median": [0.54199630022, 0.0759594738483, 0.0439868122339, 0.0548170953989, 0.0318111553788, 0.148045092821], "max": [0.981338739395, 0.913146793842, 0.901696443558, 0.544043421745, 0.301462680101, 0.656310021877], "dmean": [0.195622429252, 0.0836535468698, 0.06995216012, 0.0411128364503, 0.025651762262, 0.0863240435719], "dmean2": [0.345845162868, 0.14246879518, 0.119961649179, 0.0697803795338, 0.0446163490415, 0.151769429445], "mean": [0.522612392902, 0.119181916118, 0.10432805866, 0.065281175077, 0.0396454036236, 0.162389859557], "dvar2": [0.0802935808897, 0.0225127860904, 0.0350140742958, 0.00646863458678, 0.00257185194641, 0.0244946181774], "min": [0, 0, 0, 0, 0, 0]}, "bpm_histogram_second_peak_bpm": {"dvar": 0, "var": 0, "median": 112, "max": 112, "dmean": 0, "dmean2": 0, "mean": 112, "dvar2": 0, "min": 112}, "onset_rate": 3.21014714241, "beats_count": 578, "beats_position": [0.487619042397, 0.986848056316, 1.48607707024, 1.98530614376, 2.48453521729, 3.01859402657, 3.54104304314, 4.07510185242, 4.60916090012, 5.16644001007, 5.71210861206, 6.24616765976, 6.78022670746, 7.3491153717, 7.8831744194, 8.4172334671, 8.93968200684, 9.45052146912, 9.96135997772, 10.4838094711, 11.0062580109, 11.5170974731, 12.0627660751, 12.6084346771, 13.1424942017, 13.6765527725, 14.2222223282, 14.7678909302, 15.301949501, 15.8360090256, 16.3700675964, 16.904127121, 17.4149665833, 17.9258041382, 18.4598636627, 18.9939231873, 19.5279808044, 20.0736503601, 20.5960998535, 21.1185474396, 21.640996933, 22.1634464264, 22.7555541992, 23.3592739105, 23.9629936218, 24.5667114258, 25.158821106, 25.7509288788, 26.3546485901, 26.9815864563, 27.6317462921, 28.3051242828, 28.9901123047, 29.6518821716, 30.290430069, 30.9289798737, 31.4398174286, 31.9506568909, 32.449886322, 32.9955558777, 33.5296134949, 34.0520629883, 34.5745124817, 35.1085700989, 35.6542396545, 36.211517334, 36.7687988281, 37.3609046936, 37.9530143738, 38.545124054, 39.1372337341, 39.7293434143, 40.3214492798, 40.91355896, 41.5172767639, 42.1093864441, 42.7014961243, 43.3168258667, 43.9321517944, 44.6287536621, 45.3137397766, 45.9987297058, 46.683719635, 47.3570976257, 48.0653038025, 48.7619056702, 49.4585037231, 50.1434898376, 50.8168716431, 51.5018577576, 52.1984558105, 52.906665802, 53.6148757935, 54.3114738464, 55.0196800232, 55.7278900146, 56.4477081299, 57.1326980591, 57.8176841736, 58.525894165, 59.222492218, 59.9074821472, 60.5924720764, 61.2774581909, 61.9508361816, 62.531337738, 63.1234474182, 63.7155532837, 64.2960510254, 64.8881607056, 65.4570541382, 66.0375518799, 66.6064376831, 67.1637191772, 67.7093887329, 68.2434463501, 68.7775039673, 69.3115615845, 69.8340148926, 70.3680725098, 70.9137420654, 71.4013595581, 71.9005889893, 72.3998184204, 72.817779541, 73.2125167847, 73.6188659668, 74.0252151489, 74.396736145, 74.7566452026, 75.1165542603, 75.488067627, 75.8479766846, 76.2078933716, 76.5678024292, 76.9393157959, 77.368888855, 77.7868499756, 78.2048034668, 78.6343765259, 79.0639419556, 79.4935150146, 79.9230804443, 80.3526535034, 80.7938308716, 81.2233963013, 81.6645812988, 82.08253479, 82.5004959106, 82.9184570312, 83.3364181519, 83.7543716431, 84.1723327637, 84.5786819458, 84.9850311279, 85.3797683716, 85.7861175537, 86.1808624268, 86.7149200439, 87.2489776611, 87.8062591553, 88.3751449585, 88.9440383911, 89.5013122559, 90.05859375, 90.6274795532, 91.1847610474, 91.7420425415, 92.2993164062, 92.8565979004, 93.4022674561, 93.9711532593, 94.551651001, 95.1089324951, 95.6662139893, 96.223487854, 96.7807693481, 97.3380508423, 97.895324707, 98.4293823242, 98.9634475708, 99.5091171265, 100.043174744, 100.577232361, 101.180953979, 101.796279907, 102.400001526, 103.015327454, 103.64226532, 104.280815125, 104.907752991, 105.534690857, 106.161628723, 106.788566589, 107.322631836, 107.879905701, 108.425575256, 109.017684937, 109.609794617, 110.17868042, 110.735961914, 111.316459656, 111.885353088, 112.46585083, 113.034736633, 113.592018127, 114.149291992, 114.694961548, 115.240631104, 115.797912598, 116.355194092, 116.912467957, 117.423309326, 117.934150696, 118.444984436, 119.071922302, 119.698867798, 120.325805664, 120.964347839, 121.602897644, 122.253059387, 122.90322113, 123.58820343, 124.261581421, 124.923355103, 125.585121155, 126.258499146, 126.908660889, 127.558815002, 128.220581055, 128.882354736, 129.451248169, 130.008529663, 130.565795898, 131.123077393, 131.65713501, 132.191192627, 132.643981934, 133.108383179, 133.561172485, 133.921081543, 134.304214478, 134.687347412, 135.058868408, 135.430389404, 135.790298462, 136.15020752, 136.510116577, 136.870025635, 137.241546631, 137.601455688, 137.949752808, 138.367706299, 138.78565979, 139.20362854, 139.621582031, 140.039550781, 140.457504272, 140.875457764, 141.281814575, 141.688156128, 142.094512939, 142.500854492, 142.907211304, 143.313552856, 143.708297729, 144.114639282, 144.520996094, 144.927337646, 145.333694458, 145.751647949, 146.181228638, 146.599182129, 147.01713562, 147.365432739, 147.713745117, 148.062042236, 148.421951294, 148.781860352, 149.141769409, 149.490066528, 149.861587524, 150.198272705, 150.546569824, 150.906478882, 151.254776001, 151.614685059, 151.974594116, 152.334503174, 152.694412231, 153.054321289, 153.37940979, 153.704483032, 154.017959595, 154.343032837, 154.668121338, 154.99319458, 155.341491699, 155.67817688, 156.003265381, 156.328338623, 156.641815186, 156.943664551, 157.245529175, 157.53578186, 157.849243164, 158.162719727, 158.47618103, 158.789657593, 159.091522217, 159.404983521, 159.730072021, 160.055145264, 160.403442383, 160.751739502, 161.100036621, 161.448348999, 161.796646118, 162.133331299, 162.470016479, 162.80670166, 163.155014038, 163.48008728, 163.816772461, 164.141860962, 164.466934204, 164.792022705, 165.117095947, 165.442169189, 165.778869629, 166.11555481, 166.440628052, 166.754104614, 167.079177856, 167.392654419, 167.717727661, 168.054412842, 168.391113281, 168.7394104, 169.076095581, 169.4243927, 169.772689819, 170.109390259, 170.434463501, 170.771148682, 171.165893555, 171.560638428, 171.955368042, 172.361724854, 172.768066406, 173.174423218, 173.580764771, 173.987121582, 174.393463135, 174.799819946, 175.206161499, 175.612518311, 176.04208374, 176.47164917, 176.88961792, 177.307571411, 177.737136841, 178.166702271, 178.607894897, 179.060684204, 179.513473511, 179.977859497, 180.419036865, 180.88343811, 181.347839355, 181.789016724, 182.253417969, 182.741043091, 183.193832397, 183.623397827, 184.064575195, 184.459320068, 184.830841064, 185.21395874, 185.573867798, 185.957000732, 186.340133667, 186.711654663, 187.083175659, 187.489517212, 187.907485962, 188.337051392, 188.766616821, 189.196182251, 189.614151001, 190.032104492, 190.438461304, 190.844802856, 191.239547729, 191.634277344, 192.040634155, 192.446975708, 192.876556396, 193.375778198, 193.86340332, 194.351013184, 194.768981934, 195.175323486, 195.593276978, 195.999633789, 196.394378662, 196.789108276, 197.183853149, 197.601806641, 198.019775391, 198.426116943, 198.832473755, 199.30847168, 199.784484863, 200.248886108, 200.782943726, 201.328613281, 201.874282837, 202.419952393, 202.977233887, 203.522903442, 204.103393555, 204.683898926, 205.252792358, 205.821670532, 206.390563965, 206.959457397, 207.528335571, 208.120452881, 208.72416687, 209.327880859, 209.861953735, 210.407608032, 210.953277588, 211.487350464, 212.021408081, 212.555465698, 213.089523315, 213.623580933, 214.146026611, 214.66847229, 215.190933228, 215.690155029, 216.189376831, 216.688613892, 217.176239014, 217.663848877, 218.174682617, 218.708755493, 219.24281311, 219.776870728, 220.206436157, 220.636001587, 221.077178955, 221.437088013, 221.79699707, 222.156906128, 222.516815186, 222.888336182, 223.271469116, 223.654602051, 224.026123047, 224.397644043, 224.780761719, 225.163894653, 225.535415649, 225.895324707, 226.255233765, 226.638366699, 227.021499634, 227.497497559, 227.961898804, 228.41468811, 228.879089355, 229.343490601, 229.807891846, 230.272293091, 230.736679077, 231.201080322, 231.665481567, 232.06022644, 232.454956055, 232.849700928, 233.372146606, 233.952651978, 234.521530151, 235.102035522, 235.670928955, 236.239807129, 236.680999756, 237.122177124, 237.563354492, 237.958084106, 238.341217041, 238.735961914, 239.130691528, 239.513824463, 239.896957397, 240.280090332, 240.651611328, 241.023132324, 241.40625, 241.789382935, 242.172515869, 242.555648804, 242.938766479, 243.321899414, 243.728256226, 244.134597778, 244.529342651, 244.924072266, 245.330429077, 245.725158691, 246.131515503, 246.549468994, 246.967437744, 247.373779297, 247.780136108, 248.174865723, 248.581222534, 248.987564087, 249.38230896, 249.777053833, 250.171783447, 250.578140259, 250.984481812, 251.356002808, 251.739135742, 252.110656738, 252.482177734, 252.85369873, 253.213607788, 253.561904907, 253.921813965, 254.281723022, 254.630020142, 254.978317261, 255.338226318, 255.698135376, 256.058044434, 256.41796875, 256.789459229, 257.160980225, 257.532501221, 257.904022217, 258.275543213, 258.647064209, 259.018585205, 259.390106201, 259.761627197, 260.121551514, 260.481445312, 260.852966309, 261.224487305, 261.596008301, 261.9559021, 262.327423096, 262.687347412, 263.082092285, 263.476806641, 263.871551514, 264.266296387, 264.672637939, 265.07901001, 265.485351562, 265.880096436, 266.286437988, 266.692779541, 267.099121094, 267.493865967, 267.90020752, 268.30657959, 268.712921143, 269.130889893, 269.548828125, 269.978393555, 270.407989502, 270.825927734], "danceability": 1.02726733685, "bpm_histogram_second_peak_spread": {"dvar": 0, "var": 0, "median": 0.609523832798, "max": 0.609523832798, "dmean": 0, "dmean2": 0, "mean": 0.609523832798, "dvar2": 0, "min": 0.609523832798}}, "lowlevel": {"spectral_flux": {"dvar": 0.00210136291571, "var": 0.00646371254697, "median": 0.131513938308, "max": 0.511080503464, "dmean": 0.0375762842596, "dmean2": 0.0603349283338, "mean": 0.137480184436, "dvar2": 0.00472384179011, "min": 6.34806929245e-11}, "spectral_rolloff": {"dvar": 54014032, "var": 93264488, "median": 3251.51367188, "max": 22028.4667969, "dmean": 4632.36914062, "dmean2": 8789.60742188, "mean": 9837.08398438, "dvar2": 137157104, "min": 21.533203125}, "barkbands_flatness_db": {"dvar": 0.000880702165887, "var": 0.00622819457203, "median": 0.141801968217, "max": 0.677758216858, "dmean": 0.0307301376015, "dmean2": 0.0505116470158, "mean": 0.16343665123, "dvar2": 0.00223430874757, "min": 0.0406170003116}, "spectral_centroid": {"dvar": 86023.9453125, "var": 984059.625, "median": 1221.54931641, "max": 11663.4707031, "dmean": 238.489761353, "dmean2": 381.248962402, "mean": 1295.93969727, "dvar2": 200571.921875, "min": 76.7107009888}, "melbands_skewness": {"dvar": 1.4829069376, "var": 5.02947711945, "median": 2.79713010788, "max": 23.470451355, "dmean": 1.11830568314, "dmean2": 1.85249829292, "mean": 3.19514679909, "dvar2": 3.90981268883, "min": -2.56469321251}, "melbands": {"dvar": [0.000129986889078, 1.56079640874e-05, 7.81947073847e-06, 1.11007364012e-06, 4.57320936675e-07, 1.74284025434e-07, 4.76705324104e-08, 4.24393995502e-08, 3.0310680188e-08, 1.28813235634e-08, 9.2619671932e-09, 7.64590435409e-09, 7.39735828148e-09, 8.34223090607e-09, 8.74010730456e-09, 5.45461453783e-09, 3.16207415807e-09, 3.12782333367e-09, 8.76480610312e-10, 1.1647980358e-09, 2.83278123181e-10, 3.56623119924e-10, 1.8618778741e-10, 3.07773972974e-10, 1.73055444974e-10, 1.32692551391e-10, 7.45506989475e-11, 2.45557879586e-11, 2.03119847331e-11, 1.2409851792e-11, 6.5117555445e-12, 4.92958278364e-12, 6.31119288774e-12, 3.02009675948e-12, 3.87330532231e-12, 4.75625224969e-12, 1.63668015772e-12, 2.07394499252e-13, 1.3800132886e-15, 1.07264557259e-15], "var": [0.000136034985189, 2.16716944124e-05, 8.22179390525e-06, 1.25799988382e-06, 1.31196895836e-06, 3.68550900021e-07, 8.51149621894e-08, 9.27778103232e-08, 7.15625532166e-08, 3.69114907528e-08, 2.37603039466e-08, 1.89732407563e-08, 1.44815075487e-08, 1.50061421067e-08, 1.44083092124e-08, 9.13547015813e-09, 6.03429706203e-09, 5.94039972768e-09, 1.83409099019e-09, 1.66114155764e-09, 6.57876864096e-10, 9.50368228558e-10, 3.58009455415e-10, 5.9251914486e-10, 3.19447218677e-10, 2.45148651379e-10, 1.38267702843e-10, 4.81765738414e-11, 3.49400126887e-11, 2.39205304869e-11, 1.41571728299e-11, 1.01840254979e-11, 8.8285620134e-12, 6.16678800039e-12, 7.12369486316e-12, 6.89356254371e-12, 2.70959968872e-12, 3.48936374586e-13, 7.05114588645e-16, 5.47782665616e-16], "median": [0.00347369420342, 0.00293303048238, 0.000862930435687, 0.000318745413097, 0.000249793520197, 0.000127115126816, 7.72515049903e-05, 8.31939833006e-05, 7.80733316788e-05, 5.89204464632e-05, 6.29097776255e-05, 5.61599299544e-05, 5.55973747396e-05, 7.79650581535e-05, 7.76775996201e-05, 6.1388607719e-05, 5.40283726878e-05, 5.48225689272e-05, 3.33746174874e-05, 2.53557445831e-05, 1.9833969418e-05, 1.6962430891e-05, 1.33955609272e-05, 1.34439824251e-05, 9.73510486801e-06, 7.12552491677e-06, 5.20640833201e-06, 3.84715531254e-06, 3.18138359034e-06, 2.5678957627e-06, 2.10273924495e-06, 1.59513729159e-06, 1.05044375687e-06, 7.22599793335e-07, 4.32971063447e-07, 2.42118630922e-07, 1.17943649514e-07, 3.45091066833e-08, 2.14370864809e-11, 9.87456037077e-12], "max": [0.149575427175, 0.0478116758168, 0.036761213094, 0.0158247202635, 0.0115910442546, 0.00871525984257, 0.0046582496725, 0.00507917068899, 0.00423881039023, 0.00259752711281, 0.00235444121063, 0.00215295446105, 0.00217353529297, 0.00194551935419, 0.00118118594401, 0.00161042506807, 0.00117991841398, 0.000771785329562, 0.00052899500588, 0.000771198538132, 0.000284222012851, 0.000483321084175, 0.000244130496867, 0.000452543492429, 0.000356027972884, 0.000269041745923, 0.000235967396293, 0.000105255327071, 0.000112082598207, 6.19788625045e-05, 6.20021382929e-05, 4.30639702245e-05, 6.94871123414e-05, 2.70866348728e-05, 4.05919199693e-05, 4.72358842671e-05, 2.58286308963e-05, 7.94697552919e-06, 5.88208479257e-07, 5.25672533058e-07], "dmean": [0.00630914932117, 0.00297884875908, 0.00150053319521, 0.000537557003554, 0.000379217410227, 0.000220275833271, 0.000109957727545, 0.000106453102489, 9.46964646573e-05, 6.66750129312e-05, 5.90330964769e-05, 5.25304640178e-05, 4.85298951389e-05, 6.05283858022e-05, 6.19275524514e-05, 4.75175475003e-05, 3.86814790545e-05, 3.91233224946e-05, 2.15438794839e-05, 1.8793365598e-05, 1.27883058667e-05, 1.19939932119e-05, 9.20985621633e-06, 1.00479974208e-05, 7.51484913053e-06, 6.14977989244e-06, 4.50967354482e-06, 2.85851160697e-06, 2.44021430262e-06, 1.94825179278e-06, 1.50618166117e-06, 1.24840369153e-06, 1.09113250346e-06, 8.70907626904e-07, 8.35517994346e-07, 7.84447706792e-07, 4.63404717266e-07, 1.77048860905e-07, 7.61573115682e-09, 6.71870203917e-09], "dmean2": [0.0108448667452, 0.00519340764731, 0.00255750399083, 0.000933876668569, 0.000616048346274, 0.000357930519385, 0.000182765652426, 0.000169187769643, 0.000152713313582, 0.000105629071186, 9.47671360336e-05, 8.45433751238e-05, 7.96217354946e-05, 0.000100229954114, 0.00010349626973, 7.9555065895e-05, 6.47848864901e-05, 6.58065036987e-05, 3.57938515663e-05, 3.16414152621e-05, 2.12301492866e-05, 1.93571540876e-05, 1.50775813381e-05, 1.60124436661e-05, 1.20236318253e-05, 9.70212204265e-06, 7.04883586877e-06, 4.547149274e-06, 3.87080262954e-06, 3.04879131363e-06, 2.3409647838e-06, 1.97396389012e-06, 1.73837690909e-06, 1.37407766942e-06, 1.30379976326e-06, 1.22877008835e-06, 7.02393663232e-07, 2.75195105814e-07, 1.52060106728e-08, 1.34300117693e-08], "mean": [0.00742830103263, 0.00427519902587, 0.00181027327199, 0.000683777383529, 0.000665005994961, 0.000362921418855, 0.000176006447873, 0.000185898752534, 0.000166055440786, 0.000122921323054, 0.000110440705612, 9.90429180092e-05, 8.90322335181e-05, 0.000109059554234, 0.000107875239337, 8.55103862705e-05, 7.30796673452e-05, 7.32025073376e-05, 4.26810256613e-05, 3.45893386111e-05, 2.55133199971e-05, 2.51142173511e-05, 1.80852839549e-05, 1.93077357835e-05, 1.43732468132e-05, 1.14139947982e-05, 8.51212644193e-06, 5.69828353036e-06, 4.73623776998e-06, 3.90112882087e-06, 3.13839700539e-06, 2.50133257396e-06, 1.98965949494e-06, 1.67147106822e-06, 1.5006820604e-06, 1.25876624679e-06, 7.72682597017e-07, 2.72233108944e-07, 3.84515885798e-09, 3.37167316289e-09], "dvar2": [0.000342036510119, 4.41189185949e-05, 2.07735229196e-05, 3.06329502564e-06, 1.16342289402e-06, 4.32938520589e-07, 1.24995167994e-07, 1.04070906559e-07, 7.29402600541e-08, 3.14493888709e-08, 2.3592695797e-08, 1.9181515043e-08, 1.96592822022e-08, 2.17136886249e-08, 2.37654553814e-08, 1.49106664793e-08, 8.69608651755e-09, 8.66198224259e-09, 2.38759900739e-09, 3.23259974344e-09, 7.61081309086e-10, 8.51230030907e-10, 4.86572282465e-10, 7.30796589909e-10, 4.12686496087e-10, 3.19180543107e-10, 1.73678169069e-10, 6.01449931525e-11, 5.03339522839e-11, 2.92742670382e-11, 1.52915926449e-11, 1.19605358603e-11, 1.61909565616e-11, 7.29240712954e-12, 9.50521432397e-12, 1.19145179833e-11, 3.88357488529e-12, 4.82602618892e-13, 4.08364155344e-15, 3.17353556831e-15], "min": [1.23135152519e-24, 1.17839282743e-24, 1.185169044e-24, 1.84594713999e-24, 2.10866602321e-24, 7.61545117264e-25, 2.31631038511e-24, 1.87773705118e-24, 2.02856193145e-24, 2.53727683277e-24, 2.42764252188e-24, 1.93421002566e-24, 4.2368173052e-24, 3.39905727905e-24, 2.62985518202e-24, 2.48964975004e-24, 3.31263598916e-24, 2.63313782946e-24, 4.46157915989e-24, 3.78658559317e-24, 4.30377463555e-24, 3.33931999814e-24, 4.36575662016e-24, 5.37243464309e-24, 4.23110871326e-24, 4.47239483733e-24, 4.53038834121e-24, 5.03596219562e-24, 5.52288540607e-24, 5.20987762623e-24, 5.60088521137e-24, 6.01492122406e-24, 5.82463101321e-24, 5.03961462161e-24, 5.82904074567e-24, 5.93978656157e-24, 5.76633892548e-24, 6.03725703173e-24, 5.86861789728e-24, 7.14140868025e-24]}, "spectral_decrease": {"dvar": 9.70969286084e-17, "var": 1.36618605807e-16, "median": -7.78780506749e-09, "max": 1.96999980773e-08, "dmean": 7.00584212865e-09, "dmean2": 1.15905596232e-08, "mean": -1.07088347079e-08, "dvar2": 2.49016569185e-16, "min": -1.49896237644e-07}, "barkbands_kurtosis": {"dvar": 2511.91503906, "var": 4749.22119141, "median": 3.41682529449, "max": 1794.05786133, "dmean": 10.6957063675, "dmean2": 18.0757694244, "mean": 16.0127353668, "dvar2": 7000.28515625, "min": -1.84953010082}, "silence_rate_30dB": {"dvar": 0.113045834005, "var": 0.161223575473, "median": 1, "max": 1, "dmean": 0.129936739802, "dmean2": 0.259895712137, "mean": 0.797931432724, "dvar2": 0.235454872251, "min": 0}, "gfcc": {"mean": [-17.3963661194, 106.97240448, -97.1952285767, 6.30877113342, -1.35823428631, -19.9334716797, 16.8102931976, -30.8075122833, 9.77368068695, -14.5726976395, -4.52196121216, 2.85877299309, -20.011505127], "cov": [[30558.3144531, -2450.85498047, -1263.14941406, 1433.62927246, 924.286437988, -219.600769043, 575.985778809, -954.460876465, 409.440856934, 104.200279236, 83.3345718384, 584.829589844, -370.741394043], [-2450.85498047, 2328.10546875, -324.874633789, -555.381652832, -50.4216918945, -359.97052002, 122.231292725, -89.5184707642, 15.6470336914, -191.32093811, -5.16844749451, -229.091186523, 55.1821250916], [-1263.14941406, -324.874633789, 479.672027588, 124.129646301, -49.8352050781, 182.427398682, -112.82220459, 147.312744141, -49.4429588318, 62.3315620422, 10.2902259827, 14.176402092, 35.433216095], [1433.62927246, -555.381652832, 124.129646301, 397.391998291, 247.658126831, -12.742816925, 114.72517395, -53.3389587402, 59.169418335, 62.1920394897, 34.2242050171, 98.1668243408, 24.6128673553], [924.286437988, -50.4216918945, -49.8352050781, 247.658126831, 476.200622559, -106.723731995, 261.601989746, -118.364730835, 125.828285217, 43.2569198608, 56.4079933167, 51.4496803284, 64.7414779663], [-219.600769043, -359.97052002, 182.427398682, -12.742816925, -106.723731995, 343.519561768, -113.159492493, 152.125091553, -66.6634216309, 39.4491996765, -16.7422504425, -4.91062545776, -28.4873771667], [575.985778809, 122.231292725, -112.82220459, 114.72517395, 261.601989746, -113.159492493, 274.549621582, -79.7886276245, 110.833389282, 14.1696939468, 23.5963554382, 26.9023399353, 23.7445068359], [-954.460876465, -89.5184707642, 147.312744141, -53.3389587402, -118.364730835, 152.125091553, -79.7886276245, 202.847457886, -18.6150970459, 28.0180644989, -5.44988632202, -31.7059402466, 9.53124237061], [409.440856934, 15.6470336914, -49.4429588318, 59.169418335, 125.828285217, -66.6634216309, 110.833389282, -18.6150970459, 123.007339478, 42.7440071106, 27.6098957062, 23.6799983978, 9.41962814331], [104.200279236, -191.32093811, 62.3315620422, 62.1920394897, 43.2569198608, 39.4491996765, 14.1696939468, 28.0180644989, 42.7440071106, 93.0236968994, 35.7002601624, 32.3946876526, 13.1592874527], [83.3345718384, -5.16844749451, 10.2902259827, 34.2242050171, 56.4079933167, -16.7422504425, 23.5963554382, -5.44988632202, 27.6098957062, 35.7002601624, 62.4138259888, 31.0431423187, 24.3640346527], [584.829589844, -229.091186523, 14.176402092, 98.1668243408, 51.4496803284, -4.91062545776, 26.9023399353, -31.7059402466, 23.6799983978, 32.3946876526, 31.0431423187, 89.5428085327, 19.3261756897], [-370.741394043, 55.1821250916, 35.433216095, 24.6128673553, 64.7414779663, -28.4873771667, 23.7445068359, 9.53124237061, 9.41962814331, 13.1592874527, 24.3640346527, 19.3261756897, 85.1439819336]], "icov": [[6.69670189382e-05, -1.96942637558e-05, 0.0002742188517, -0.000353521289071, 4.6588746045e-05, -0.000176357250893, 0.000123668141896, 0.000169073769939, -0.000160646610311, 2.46211639023e-05, -1.0627940128e-06, -0.00016580625379, 0.000196494947886], [-1.96942637558e-05, 0.00150317233056, -0.000622318882961, 0.00208578002639, 0.000168758953805, 0.000814425060526, -0.0012532559922, 0.000688824162353, -0.000527294992935, 0.00193739915267, -0.00205064960755, 0.00277849379927, -0.00127233529929], [0.0002742188517, -0.000622318882961, 0.00559101672843, -0.00441998569295, 0.000372366484953, -0.00178675842471, 0.00220626802184, -0.00147282250691, 0.000665850879159, -0.00198080367409, 0.000614531629253, -0.000457101559732, -0.000622652529273], [-0.000353521289071, 0.00208578002639, -0.00441998569295, 0.0112819802016, -0.00383610930294, 0.00306627596729, -0.00234512635507, -0.000374701659894, 0.00132728554308, 0.00108517741319, -0.000126933548017, -0.00188126147259, 0.000474466534797], [4.6588746045e-05, 0.000168758953805, 0.000372366484953, -0.00383610930294, 0.00870819669217, -0.00230131321587, -0.00473591964692, 0.00448838341981, -0.00343969860114, 0.00088474014774, -0.0037922100164, 0.0052223727107, -0.00538218999282], [-0.000176357250893, 0.000814425060526, -0.00178675842471, 0.00306627596729, -0.00230131321587, 0.00772518059239, -0.000183655298315, -0.00519019411877, 0.00472036190331, -0.00221587065607, 0.00131578848232, -0.00149749137927, 0.00331185548566], [0.000123668141896, -0.0012532559922, 0.00220626802184, -0.00234512635507, -0.00473591964692, -0.000183655298315, 0.0115247284994, -0.00116297544446, -0.00423763785511, -0.000190221486264, 0.00333459721878, -0.00332471658476, 0.00186502304859], [0.000169073769939, 0.000688824162353, -0.00147282250691, -0.000374701659894, 0.00448838341981, -0.00519019411877, -0.00116297544446, 0.0137221291661, -0.00592240598053, 0.00067869090708, -0.00261977990158, 0.00709744682536, -0.00566117931157], [-0.000160646610311, -0.000527294992935, 0.000665850879159, 0.00132728554308, -0.00343969860114, 0.00472036190331, -0.00423763785511, -0.00592240598053, 0.0208020694554, -0.00950647052377, 0.00112464302219, -0.00392791768536, 0.00475863553584], [2.46211639023e-05, 0.00193739915267, -0.00198080367409, 0.00108517741319, 0.00088474014774, -0.00221587065607, -0.000190221486264, 0.00067869090708, -0.00950647052377, 0.0239292830229, -0.0109452567995, 0.00166346831247, -0.00196706014685], [-1.0627940128e-06, -0.00205064960755, 0.000614531629253, -0.000126933548017, -0.0037922100164, 0.00131578848232, 0.00333459721878, -0.00261977990158, 0.00112464302219, -0.0109452567995, 0.0297750663012, -0.0114132873714, -0.000569915748201], [-0.00016580625379, 0.00277849379927, -0.000457101559732, -0.00188126147259, 0.0052223727107, -0.00149749137927, -0.00332471658476, 0.00709744682536, -0.00392791768536, 0.00166346831247, -0.0114132873714, 0.0282821562141, -0.00910416431725], [0.000196494947886, -0.00127233529929, -0.000622652529273, 0.000474466534797, -0.00538218999282, 0.00331185548566, 0.00186502304859, -0.00566117931157, 0.00475863553584, -0.00196706014685, -0.000569915748201, -0.00910416431725, 0.0208682902157]]}, "silence_rate_20dB": {"dvar": 0.000683415913954, "var": 0.000512626254931, "median": 1, "max": 1, "dmean": 0.000683877558913, "dmean2": 0.00136787211522, "mean": 0.999487161636, "dvar2": 0.00170799298212, "min": 0}, "barkbands_skewness": {"dvar": 1.52276730537, "var": 5.49567890167, "median": 1.86684048176, "max": 35.1268615723, "dmean": 0.882483422756, "dmean2": 1.45221817493, "mean": 2.30972790718, "dvar2": 4.00509691238, "min": -2.82410335541}, "erbbands_skewness": {"dvar": 0.127489179373, "var": 0.574851334095, "median": -0.124824337661, "max": 12.3891010284, "dmean": 0.318574637175, "dmean2": 0.508787930012, "mean": -0.0321032591164, "dvar2": 0.29507291317, "min": -2.24043297768}, "spectral_contrast_valleys": {"dvar": [0.134649842978, 0.129794105887, 0.111778214574, 0.107697635889, 0.114317119122, 0.827135980129], "var": [4.75527620316, 4.33302640915, 4.39504766464, 4.90296602249, 5.1702914238, 4.30425930023], "median": [-6.33954238892, -6.54260349274, -6.73273181915, -6.78781795502, -7.09368658066, -12.9034557343], "max": [-4.54114675522, -4.67181301117, -5.34665775299, -5.47739839554, -5.6003408432, -9.05063819885], "dmean": [0.396105587482, 0.368018776178, 0.317174494267, 0.279412090778, 0.251143187284, 0.779463231564], "dmean2": [0.668786346912, 0.60606855154, 0.515945911407, 0.440511465073, 0.371418893337, 1.30766248703], "mean": [-6.8482875824, -6.92581367493, -7.20908594131, -7.43792390823, -7.80076551437, -13.0662908554], "dvar2": [0.319591939449, 0.288633644581, 0.238016843796, 0.214244365692, 0.206934526563, 2.32730722427], "min": [-28.1151313782, -28.0679035187, -27.8499584198, -27.6409835815, -27.534368515, -27.3979701996]}, "spectral_strongpeak": {"dvar": 694.431762695, "var": 540.26940918, "median": 0.289466410875, "max": 274.189453125, "dmean": 7.468998909, "dmean2": 14.3231134415, "mean": 5.50075149536, "dvar2": 2040.37841797, "min": 0}, "erbbands_crest": {"dvar": 5.35659217834, "var": 16.8274040222, "median": 6.19882822037, "max": 31.4804325104, "dmean": 2.16975355148, "dmean2": 3.6186311245, "mean": 7.49149656296, "dvar2": 13.4933128357, "min": 2.35081791878}, "barkbands_crest": {"dvar": 9.72315216064, "var": 23.540643692, "median": 10.1625013351, "max": 26.5853023529, "dmean": 3.62074184418, "dmean2": 6.15233516693, "mean": 11.2102184296, "dvar2": 26.546831131, "min": 2.42349362373}, "spectral_energyband_middle_low": {"dvar": 0.000112893721962, "var": 0.00017030746676, "median": 0.00747344177216, "max": 0.114559426904, "dmean": 0.00593968853354, "dmean2": 0.00987240299582, "mean": 0.0116190230474, "dvar2": 0.000303905195324, "min": 1.59090083627e-22}, "spectral_contrast_coeffs": {"dvar": [0.00217888574116, 0.00144220306538, 0.000853147590533, 0.000485781900352, 0.000287400587695, 0.00289537291974], "var": [0.00632445514202, 0.00483576115221, 0.00291369576007, 0.00159046810586, 0.00176841462962, 0.0112810609862], "median": [-0.695955812931, -0.759462237358, -0.793580651283, -0.803717136383, -0.805398643017, -0.581503331661], "max": [-0.326555877924, -0.455644845963, -0.559049248695, -0.599382758141, -0.604645311832, -0.333670288324], "dmean": [0.0579284839332, 0.0474857464433, 0.0367835201323, 0.0278401765972, 0.0196851231158, 0.0472258515656], "dmean2": [0.0973415747285, 0.079226732254, 0.0613394603133, 0.0472590997815, 0.0326473191381, 0.0807357802987], "mean": [-0.688695251942, -0.754770934582, -0.791219651699, -0.804325699806, -0.806151866913, -0.594591856003], "dvar2": [0.00602500839159, 0.00390090257861, 0.00229021930136, 0.00137992913369, 0.000755473505706, 0.00814255978912], "min": [-0.978663682938, -0.997305095196, -0.998608589172, -0.990033745766, -0.993580818176, -0.975137710571]}, "hfc": {"dvar": 29358.265625, "var": 93228.171875, "median": 155.595214844, "max": 2993.21557617, "dmean": 102.460128784, "dmean2": 172.725570679, "mean": 265.755462646, "dvar2": 85816.8359375, "min": 1.09208421111e-16}, "spectral_energyband_high": {"dvar": 8.03848593023e-07, "var": 2.35260836234e-06, "median": 0.00117288297042, "max": 0.0127628566697, "dmean": 0.000518622284289, "dmean2": 0.000743144832086, "mean": 0.00153300026432, "dvar2": 1.78487357516e-06, "min": 7.0479996794e-21}, "erbbands_spread": {"dvar": 46.805606842, "var": 223.555709839, "median": 33.5987205505, "max": 136.773406982, "dmean": 7.10889625549, "dmean2": 11.4097127914, "mean": 33.7100563049, "dvar2": 115.062911987, "min": 1.06910026073}, "dissonance": {"dvar": 0.000484800402774, "var": 0.00102121429518, "median": 0.480403155088, "max": 0.500000119209, "dmean": 0.0171399265528, "dmean2": 0.0293768011034, "mean": 0.470426619053, "dvar2": 0.00134656205773, "min": 0.223037362099}, "spectral_kurtosis": {"dvar": 33.4174385071, "var": 174.026748657, "median": 15.8551254272, "max": 116.426963806, "dmean": 3.54722571373, "dmean2": 5.6402349472, "mean": 19.9562244415, "dvar2": 86.6481781006, "min": -1.25723206997}, "spectral_skewness": {"dvar": 0.135352045298, "var": 0.978534638882, "median": 2.51659631729, "max": 8.57612895966, "dmean": 0.278381466866, "dmean2": 0.439021497965, "mean": 2.80199360847, "dvar2": 0.343080639839, "min": -0.0912560001016}, "pitch_salience": {"dvar": 0.00665716454387, "var": 0.018340241164, "median": 0.530499577522, "max": 0.996091127396, "dmean": 0.0938772335649, "dmean2": 0.157120242715, "mean": 0.511933267117, "dvar2": 0.0173134095967, "min": 0.0455153249204}, "spectral_complexity": {"dvar": 15.1855659485, "var": 162.685791016, "median": 27, "max": 57, "dmean": 3.81535315514, "dmean2": 5.61973142624, "mean": 24.5304718018, "dvar2": 29.1017169952, "min": 0}, "spectral_spread": {"dvar": 512842989568, "var": 11064469094400.0, "median": 3769534.75, "max": 42840416, "dmean": 378864.375, "dmean2": 595032, "mean": 4009413.75, "dvar2": 1053355671550.0, "min": 819239.4375}, "dynamic_complexity": 4.70378875732, "melbands_crest": {"dvar": 16.1762733459, "var": 43.6925849915, "median": 16.1849136353, "max": 38.8740310669, "dmean": 4.67513465881, "dmean2": 7.82721328735, "mean": 17.2477245331, "dvar2": 41.5913314819, "min": 1.00105035305}, "zerocrossingrate": {"dvar": 0.00139762333129, "var": 0.0157257821411, "median": 0.22705078125, "max": 0.85546875, "dmean": 0.0379818379879, "dmean2": 0.0503738261759, "mean": 0.23062004149, "dvar2": 0.00238699303009, "min": 0.0087890625}, "spectral_energyband_low": {"dvar": 0.0013369761873, "var": 0.00177001941483, "median": 0.0226977206767, "max": 0.50605070591, "dmean": 0.0240339785814, "dmean2": 0.0403851792216, "mean": 0.0354820899665, "dvar2": 0.00343825272284, "min": 1.15932134591e-23}, "melbands_kurtosis": {"dvar": 1002.8927002, "var": 2137.17456055, "median": 9.11620903015, "max": 1106.65612793, "dmean": 13.5259180069, "dmean2": 23.1724910736, "mean": 20.9557247162, "dvar2": 2830.76220703, "min": -1.57272195816}, "spectral_energyband_middle_high": {"dvar": 5.0011994972e-06, "var": 2.27633881877e-05, "median": 0.0059332982637, "max": 0.0422148294747, "dmean": 0.00178927916568, "dmean2": 0.00273994496092, "mean": 0.00624585337937, "dvar2": 1.18549569379e-05, "min": 1.23418164573e-21}, "barkbands_spread": {"dvar": 104.324523926, "var": 428.227203369, "median": 27.9665050507, "max": 134.80078125, "dmean": 9.35424900055, "dmean2": 15.1419324875, "mean": 30.4951496124, "dvar2": 262.43661499, "min": 0.0967279970646}, "mfcc": {"mean": [-670.216186523, 163.330825806, -26.9571170807, 42.2044677734, -6.01464271545, 33.1222114563, -4.6252951622, 20.3797779083, -8.78966522217, 13.001625061, -2.43674230576, 8.34099292755, -6.04738521576], "cov": [[15717.3476562, -349.866607666, -2287.34912109, 2333.74926758, -719.298278809, 1825.94677734, -831.569641113, 806.10333252, -793.062805176, 585.749511719, -595.676940918, 560.035644531, -58.5686645508], [-349.866607666, 1620.48181152, -18.9762649536, -232.844329834, 67.3180770874, -303.502624512, 166.781188965, -206.567428589, 171.196212769, -190.797943115, 204.50100708, -185.136795044, 35.6906471252], [-2287.34912109, -18.9762649536, 744.805969238, -436.335601807, 127.856567383, -277.13952636