{"metadata": {"audio_properties": {"downmix": "mix", "bit_rate": 0, "lossless": true, "md5_encoded": "0cf2545eada6d2ee845c31d99b9dc840", "analysis_sample_rate": 44100, "sample_rate": 44100, "replay_gain": -9.54023551941, "equal_loudness": 0, "codec": "flac", "length": 214.440002441}, "tags": {"releasestatus": ["official"], "musicbrainz_albumid": ["b93dccbd-862c-4a9a-93ba-f65f4901d530"], "musicbrainz_recordingid": ["02ce6924-c4e4-447f-ada4-f4bf6570705d"], "tracknumber": ["15"], "artist": ["Graeme Revell"], "acoustid_id": ["372eac1b-f921-4f18-99e0-4a49391c7e04"], "albumartistsort": ["Revell, Graeme"], "composersort": ["Revell, Graeme"], "composer": ["Graeme Revell"], "mixer": ["Mark Curry"], "originaldate": ["2005-12-13"], "barcode": ["030206670721"], "asin": ["B000C4BB2A"], "releasetype": ["album", "soundtrack"], "totaltracks": ["15"], "media": ["CD"], "musicbrainz_albumartistid": ["80c51cf5-a39c-43d6-a833-da55778d6088"], "file_name": "15 Aeon Flux.flac", "musicbrainz_workid": ["6dd5c599-f5c9-4202-b570-c21f4217a9d3"], "musicbrainz_artistid": ["80c51cf5-a39c-43d6-a833-da55778d6088"], "catalognumber": ["302 066 707 2"], "arranger": ["Larry Kenton", "Tim Simonec", "Dominik Hauser"], "musicbrainz_releasetrackid": ["39097a36-1028-31c5-825e-c525dc3debbb"], "script": ["Latn"], "performer": ["The Hollywood Studio Symphony (orchestra)"], "label": ["Varèse Sarabande"], "releasecountry": ["US"], "producer": ["Graeme Revell", "Robert Townson"], "work": ["Aeon Flux"], "album": ["Aeon Flux"], "date": ["2005-12-13"], "title": ["Aeon Flux"], "tracktotal": ["15"], "discnumber": ["1"], "artistsort": ["Revell, Graeme"], "disctotal": ["1"], "genre": ["Soundtrack"], "musicbrainz_releasegroupid": ["e7b6cc05-295e-3298-ae3d-1812ee24638e"], "originalyear": ["2005"], "totaldiscs": ["1"], "albumartist": ["Graeme Revell"]}, "version": {"essentia_build_sha": "2d9f1f26377add8aeb1075a9c2973f962c4f09fd", "essentia_git_sha": "v2.1_beta2-1-ge3940c0", "extractor": "music 1.0", "essentia": "2.1-beta2"}}, "tonal": {"chords_scale": "major", "hpcp": {"dmean": [0.0996988788247, 0.112022653222, 0.0709815397859, 0.0383327975869, 0.0445424802601, 0.048477858305, 0.0608629211783, 0.0510173141956, 0.0327693782747, 0.0236530993134, 0.021038018167, 0.0339886173606, 0.0538671240211, 0.0508889295161, 0.0500393547118, 0.0599207282066, 0.0472893491387, 0.0285825934261, 0.021969307214, 0.0206130966544, 0.0458819642663, 0.0696181207895, 0.0644885227084, 0.0529204905033, 0.0458690039814, 0.0349500142038, 0.0507275983691, 0.0478614456952, 0.0650049522519, 0.0692418590188, 0.0497428253293, 0.0629982352257, 0.0553979836404, 0.057985175401, 0.067977450788, 0.102193541825], "dvar2": [0.0792702436447, 0.0742193683982, 0.0568491704762, 0.0379593335092, 0.0385719314218, 0.0291712544858, 0.0377738364041, 0.0294282920659, 0.0172830168158, 0.0162123516202, 0.0180620253086, 0.0186572894454, 0.0335748121142, 0.0316719524562, 0.0271331202239, 0.0421218723059, 0.0284858718514, 0.0151344006881, 0.00975164398551, 0.0107176434249, 0.0228036809713, 0.0440681278706, 0.0342810824513, 0.0458535552025, 0.0364503897727, 0.0207767728716, 0.0328275486827, 0.0395310223103, 0.0496799461544, 0.0493143498898, 0.0448276773095, 0.052764467895, 0.0558241382241, 0.0656011775136, 0.0664689168334, 0.072495162487], "mean": [0.430438578129, 0.251843333244, 0.129614368081, 0.172767147422, 0.112722076476, 0.075561247766, 0.139773368835, 0.113608822227, 0.0416361428797, 0.0233699958771, 0.0216762516648, 0.0478084720671, 0.0972453802824, 0.0868622139096, 0.0789382085204, 0.117671646178, 0.0852637514472, 0.0368698090315, 0.0304961577058, 0.0264253802598, 0.0908870398998, 0.17899158597, 0.127592355013, 0.0634646862745, 0.0647964701056, 0.0465573109686, 0.112159520388, 0.200825691223, 0.14311876893, 0.14143063128, 0.204695627093, 0.124225005507, 0.0524390935898, 0.0576920360327, 0.0717845335603, 0.26930141449], "var": [0.17753726244, 0.0636112838984, 0.0452726967633, 0.120491191745, 0.051251437515, 0.0170654430985, 0.0662446394563, 0.048281069845, 0.00846371240914, 0.00521010672674, 0.00476771313697, 0.00903596170247, 0.036704223603, 0.0334436297417, 0.0182994492352, 0.0481063164771, 0.026784516871, 0.00584898656234, 0.00595432473347, 0.0051010302268, 0.0223251413554, 0.0763939395547, 0.0358235836029, 0.0174047220498, 0.0216483976692, 0.00989671982825, 0.0425002649426, 0.130210638046, 0.060275413096, 0.0540308617055, 0.132317721844, 0.0497356429696, 0.0169555060565, 0.0207635071129, 0.022023787722, 0.0850667059422], "dmean2": [0.170228987932, 0.191665694118, 0.123360194266, 0.0687214136124, 0.0778016000986, 0.0817234441638, 0.100122399628, 0.0835506469011, 0.0568383969367, 0.0423837453127, 0.0372169464827, 0.0569611229002, 0.087687946856, 0.0842038094997, 0.0833981335163, 0.0994733646512, 0.0783658623695, 0.0484435595572, 0.0375704430044, 0.0359351448715, 0.07618560642, 0.112449944019, 0.107106752694, 0.0929680839181, 0.0797374099493, 0.0603039637208, 0.0850396454334, 0.0816841572523, 0.1104593575, 0.119997777045, 0.0851023569703, 0.109719619155, 0.0990095362067, 0.103673331439, 0.120580881834, 0.176371961832], "dvar": [0.0312973074615, 0.0272103901953, 0.0202638059855, 0.0139581356198, 0.0135525800288, 0.0105345342308, 0.0154089843854, 0.0118891885504, 0.00628708023578, 0.00579595286399, 0.00628839759156, 0.00665540294722, 0.0133881336078, 0.0125054037198, 0.00985910836607, 0.0165793094784, 0.0107736149803, 0.00550541700795, 0.00368247437291, 0.00386223755777, 0.00853177998215, 0.0179793294519, 0.012924214825, 0.016762284562, 0.0133726662025, 0.00728091550991, 0.0120205050334, 0.0157668069005, 0.0180223863572, 0.0178410690278, 0.0175034590065, 0.0187277942896, 0.0198401398957, 0.0226306058466, 0.0231140330434, 0.0258094854653], "min": [0, 0, 0, 0, 0, 0, 0, 0, 0, 0, 0, 0, 0, 0, 0, 0, 0, 0, 0, 0, 0, 0, 0, 0, 0, 0, 0, 0, 0, 0, 0, 0, 0, 0, 0, 0], "median": [0.239628002048, 0.173812955618, 0.0254937037826, 0.00886858347803, 0.00880924426019, 0.0232711844146, 0.0164520032704, 0.00977006275207, 0.00479991175234, 0.00427960650995, 0.00480534508824, 0.012933681719, 0.0200116243213, 0.016238739714, 0.0210903547704, 0.0247313641012, 0.0211984459311, 0.0109059549868, 0.00670858938247, 0.00685709621757, 0.0297930538654, 0.0552673116326, 0.0474889688194, 0.0206084884703, 0.0132434796542, 0.0132510149851, 0.00643955450505, 0.0028222873807, 0.0097315851599, 0.0175970476121, 0.0101845357567, 0.00868513435125, 0.00860256142914, 0.00666888616979, 0.0195500701666, 0.117855995893], "max": [1, 1, 1, 1, 1, 1, 1, 1, 1, 1, 1, 1, 1, 1, 1, 1, 1, 1, 1, 1, 1, 1, 1, 1, 1, 1, 1, 1, 1, 1, 1, 1, 1, 1, 1, 1]}, "tuning_equal_tempered_deviation": 0.0213205143809, "chords_key": "A", "chords_strength": {"dmean": 0.00676048593596, "dvar2": 0.000843044021167, "mean": 0.533357322216, "var": 0.0198831707239, "dmean2": 0.00555999996141, "dvar": 0.000446750113042, "min": -1, "median": 0.552870035172, "max": 0.763739526272}, "tuning_diatonic_strength": 0.510213553905, "thpcp": [1, 0.585085391998, 0.301121622324, 0.401374667883, 0.261877268553, 0.175544783473, 0.324723154306, 0.263937354088, 0.0967295765877, 0.0542934499681, 0.0503585226834, 0.111069209874, 0.225921615958, 0.201799318194, 0.183390185237, 0.273376166821, 0.19808575511, 0.0856563746929, 0.0708490312099, 0.0613917559385, 0.211149841547, 0.415835380554, 0.29642406106, 0.147441908717, 0.150535926223, 0.108162492514, 0.260570317507, 0.46656063199, 0.332495212555, 0.328573316336, 0.475551307201, 0.288601011038, 0.121827125549, 0.134030818939, 0.166770681739, 0.625644207001], "chords_histogram": [7.03615522385, 2.87941122055, 38.2333831787, 0.649491250515, 0, 0.108248539269, 5.23922920227, 0, 0, 2.12167143822, 0, 0.129898250103, 0, 0.801039159298, 0, 9.85061740875, 11.1495990753, 0.865988314152, 1.79692578316, 0.844338595867, 1.38558125496, 1.01753628254, 3.87529778481, 12.0155878067], "tuning_nontempered_energy_ratio": 0.658479690552, "tuning_frequency": 439.238189697, "key_strength": 0.655768334866, "chords_changes_rate": 0.0368045046926, "key_scale": "major", "hpcp_entropy": {"dmean": 0.461751610041, "dvar2": 0.487390547991, "mean": 1.67115020752, "var": 0.464519172907, "dmean2": 0.78301858902, "dvar": 0.180181205273, "min": 0, "median": 1.63749909401, "max": 3.97951793671}, "key_key": "D", "chords_number_rate": 0.00259796483442}, "lowlevel": {"melbands_skewness": {"dmean": 0.469814687967, "dvar2": 0.740617096424, "mean": 2.35779285431, "var": 1.91007351875, "dmean2": 0.738692522049, "dvar": 0.302122592926, "min": -0.523737132549, "median": 2.09091067314, "max": 23.0445842743}, "melbands_kurtosis": {"dmean": 4.54456949234, "dvar2": 345.932891846, "mean": 12.3222122192, "var": 740.499328613, "dmean2": 7.19217824936, "dvar": 163.813140869, "min": -1.5673532486, "median": 6.470079422, "max": 1105.84155273}, "barkbands_kurtosis": {"dmean": 3.16411280632, "dvar2": 110.178924561, "mean": 9.68479919434, "var": 531.789245605, "dmean2": 5.04252004623, "dvar": 47.0957794189, "min": -1.94614684582, "median": 3.26040410995, "max": 443.124389648}, "hfc": {"dmean": 2.52053332329, "dvar2": 42.8904190063, "mean": 13.1926765442, "var": 205.11819458, "dmean2": 3.91416954994, "dvar": 17.5464076996, "min": 2.5297481443e-08, "median": 9.01893901825, "max": 81.8994064331}, "silence_rate_20dB": {"dmean": 0, "dvar2": 0, "mean": 1, "var": 0, "dmean2": 0, "dvar": 0, "min": 1, "median": 1, "max": 1}, "erbbands_flatness_db": {"dmean": 0.0141050554812, "dvar2": 0.000592781754676, "mean": 0.216639950871, "var": 0.00490924715996, "dmean2": 0.0216840989888, "dvar": 0.000274103600532, "min": 0.0416117534041, "median": 0.207363411784, "max": 0.485711276531}, "spectral_flux": {"dmean": 0.0125710740685, "dvar2": 0.000784627336543, "mean": 0.0559563525021, "var": 0.00185614533257, "dmean2": 0.020900528878, "dvar": 0.000333948875777, "min": 0.000125034232042, "median": 0.0530223809183, "max": 0.354327112436}, "spectral_energyband_low": {"dmean": 0.00284891319461, "dvar2": 0.000220505971811, "mean": 0.00849559623748, "var": 0.000132255372591, "dmean2": 0.00480797607452, "dvar": 7.42499541957e-05, "min": 3.98073340309e-15, "median": 0.00489779934287, "max": 0.181198179722}, "spectral_rolloff": {"dmean": 163.019882202, "dvar2": 375395.71875, "mean": 1109.21203613, "var": 6780336.5, "dmean2": 281.457183838, "dvar": 162054.4375, "min": 64.599609375, "median": 624.462890625, "max": 21985.4003906}, "spectral_entropy": {"dmean": 0.123403646052, "dvar2": 0.0728735327721, "mean": 6.76825141907, "var": 0.857275784016, "dmean2": 0.191449254751, "dvar": 0.0323250293732, "min": 4.20783185959, "median": 7.10450458527, "max": 9.79411125183}, "spectral_energy": {"dmean": 0.00542970560491, "dvar2": 0.000320954510244, "mean": 0.0238805990666, "var": 0.000547458359506, "dmean2": 0.00862995348871, "dvar": 0.000116217583127, "min": 1.25762540572e-12, "median": 0.0156579278409, "max": 0.20704177022}, "spectral_centroid": {"dmean": 115.127655029, "dvar2": 66611.2109375, "mean": 892.017700195, "var": 846857.5625, "dmean2": 180.745498657, "dvar": 30852.2382813, "min": 122.947288513, "median": 720.024353027, "max": 10860.7939453}, "barkbands_flatness_db": {"dmean": 0.0156277529895, "dvar2": 0.000916612043511, "mean": 0.22788220644, "var": 0.013838746585, "dmean2": 0.0241347085685, "dvar": 0.000397856521886, "min": 0.0474898889661, "median": 0.182995557785, "max": 0.588011443615}, "spectral_rms": {"dmean": 0.000445510144345, "dvar2": 1.08490405637e-06, "mean": 0.00421729777008, "var": 5.512437383e-06, "dmean2": 0.000694060581736, "dvar": 4.13450010228e-07, "min": 3.50278668293e-08, "median": 0.00390845583752, "max": 0.0142123885453}, "melbands": {"dmean": [0.000585453119129, 0.000595141144004, 0.00027934613172, 0.000385721563362, 0.000152813634486, 0.000223427734454, 0.000223218492465, 0.000102821897599, 0.000142874618177, 0.000120975528262, 7.87302851677e-05, 8.77031998243e-05, 4.27271697845e-05, 4.90095844725e-05, 2.13628190977e-05, 1.60838990269e-05, 1.41520167745e-05, 1.83130232472e-05, 1.35158570629e-05, 1.05303488454e-05, 1.17850822789e-05, 8.86440375325e-06, 8.73889985087e-06, 4.18763011112e-06, 3.65047480955e-06, 4.7760236157e-06, 1.95210805032e-06, 1.62467563314e-06, 1.16392072869e-06, 6.50052868423e-07, 6.40793246021e-07, 7.19485228728e-07, 3.18240296338e-07, 3.6504886225e-07, 3.29659599174e-07, 1.87283319519e-07, 1.19239842888e-07, 1.0074904111e-07, 9.26530887568e-08, 6.73811157981e-08], "dvar2": [1.07384903458e-05, 8.87337773747e-06, 8.35957109757e-07, 2.44020770879e-06, 3.58736627959e-07, 6.01248871135e-07, 6.14584735104e-07, 1.06171896164e-07, 1.95681238324e-07, 1.68546449686e-07, 6.61132446567e-08, 1.38318128506e-07, 3.64482630744e-08, 4.60572984196e-08, 7.71798891464e-09, 5.52870549342e-09, 6.70222277677e-09, 8.7243465785e-09, 4.60243132494e-09, 1.99249305943e-09, 3.04476577284e-09, 8.94511908989e-10, 1.09029962836e-09, 3.64234864492e-10, 3.04085839842e-10, 5.70457237004e-10, 1.20651377777e-10, 6.86333281874e-11, 3.16538115164e-11, 8.12797832511e-12, 8.25739216587e-12, 1.97194569701e-11, 2.68762074228e-12, 7.18290748061e-12, 4.69367470238e-12, 1.27648260885e-12, 5.19298091941e-13, 3.11546307415e-13, 4.5046220443e-13, 2.84941775036e-13], "mean": [0.00141759694088, 0.00161847332492, 0.000738301954698, 0.000794594699983, 0.000341875012964, 0.00049765087897, 0.000437634967966, 0.000203915289603, 0.000273210142041, 0.00022914847068, 0.000141829019412, 0.000143792043673, 6.80551311234e-05, 7.44396020309e-05, 3.62274149666e-05, 2.58493728325e-05, 2.35023871937e-05, 3.01324671454e-05, 2.55077793554e-05, 1.92360948859e-05, 2.15921172639e-05, 1.83949541679e-05, 1.70387975231e-05, 8.4471575974e-06, 7.81220114732e-06, 9.95729624265e-06, 3.83182486985e-06, 3.46894330505e-06, 2.68062876785e-06, 1.59087824159e-06, 1.68343240148e-06, 1.56599037382e-06, 7.47086232877e-07, 8.04219496331e-07, 7.25192592199e-07, 4.69770128575e-07, 3.18598353033e-07, 2.87404162691e-07, 2.00378181603e-07, 1.51649672375e-07], "var": [5.10053223479e-06, 4.90917500429e-06, 1.03104855498e-06, 1.93442292584e-06, 3.55626298187e-07, 8.56685517192e-07, 7.98238033894e-07, 1.31370214262e-07, 2.27852780199e-07, 2.6106923201e-07, 7.72411681282e-08, 1.36231832926e-07, 2.33988881604e-08, 2.97907458702e-08, 4.67016691985e-09, 3.24681526109e-09, 5.13372011568e-09, 6.18683237974e-09, 4.34405533767e-09, 1.51054024844e-09, 2.29583396738e-09, 8.05456978892e-10, 8.56394177795e-10, 3.31841332191e-10, 3.16363768516e-10, 5.40605393784e-10, 8.86896320274e-11, 9.59515036869e-11, 4.59719970425e-11, 1.10910343409e-11, 1.64955583914e-11, 2.58017808508e-11, 4.41877480786e-12, 8.99928395692e-12, 5.56498770676e-12, 2.62895629745e-12, 1.1504033403e-12, 1.16928894952e-12, 5.43331167818e-13, 3.15040718122e-13], "dmean2": [0.00100213184487, 0.00100200134329, 0.000433126639109, 0.000604976667091, 0.000235721410718, 0.000326508656144, 0.000331254123012, 0.000155325105879, 0.000217020162381, 0.000178134141606, 0.000121758137539, 0.000137702954817, 7.07839426468e-05, 8.00641137175e-05, 3.58387551387e-05, 2.70896489383e-05, 2.39578166656e-05, 3.15296165354e-05, 2.33072332776e-05, 1.79124781425e-05, 1.99412061193e-05, 1.51756621563e-05, 1.4901385839e-05, 7.0241812864e-06, 6.05451305091e-06, 8.05978015705e-06, 3.28838973473e-06, 2.68188978225e-06, 1.90923537957e-06, 1.06258221422e-06, 1.03197010048e-06, 1.16620924473e-06, 5.08445907599e-07, 5.80191908739e-07, 5.49355092971e-07, 2.8993667911e-07, 1.83620741723e-07, 1.50189578108e-07, 1.47264813677e-07, 1.07895267831e-07], "dvar": [3.54621852239e-06, 3.02782723338e-06, 3.46493408188e-07, 9.33606713716e-07, 1.36897426728e-07, 2.65878554728e-07, 2.87522368581e-07, 4.74359183045e-08, 8.52443662325e-08, 8.44029841574e-08, 3.02481772962e-08, 6.74117472954e-08, 1.34627136106e-08, 1.8303166982e-08, 2.66745270316e-09, 1.94306370993e-09, 2.41210762475e-09, 3.0877354007e-09, 1.59823265733e-09, 7.05660974099e-10, 1.09402420456e-09, 3.17423420881e-10, 3.83046261376e-10, 1.32336031022e-10, 1.14293366438e-10, 1.99078462049e-10, 4.30724136913e-11, 2.68167849038e-11, 1.16018366789e-11, 3.16631616759e-12, 3.14784808463e-12, 7.66302299393e-12, 1.14732323035e-12, 2.81627759308e-12, 1.69874466056e-12, 5.34969746453e-13, 2.13804234733e-13, 1.54393303155e-13, 1.82168109807e-13, 1.13473459958e-13], "min": [6.63124836109e-16, 5.40619731497e-16, 3.52030836876e-16, 1.71980801987e-16, 5.4051786255e-17, 2.60936225269e-17, 4.72474084623e-17, 5.76248094546e-17, 3.60953263567e-17, 1.41746496948e-17, 1.58181004076e-17, 1.79732467017e-17, 7.93805032889e-18, 6.40816406955e-18, 7.02894326693e-18, 5.13915403178e-18, 1.29461739886e-17, 7.82553804915e-18, 1.07853077405e-17, 9.89472952428e-18, 8.63584748593e-18, 6.51989383642e-18, 5.93530255007e-18, 6.06266768488e-18, 5.94803575483e-18, 5.72515855622e-18, 5.9036173967e-18, 5.1985526308e-18, 5.54942155354e-18, 6.02750795936e-18, 6.03383465027e-18, 5.69315121601e-18, 8.6491394512e-18, 7.04102010387e-18, 4.4441151085e-18, 6.17889648712e-18, 6.92808596202e-18, 4.69491751099e-18, 4.19213728235e-18, 9.89373690754e-18], "median": [0.000720534939319, 0.000995186856017, 0.000389576540329, 0.00028466375079, 0.000129023756017, 0.00012690082076, 0.000147443148308, 7.36676156521e-05, 9.39403762459e-05, 5.92471806158e-05, 4.41986740043e-05, 4.31512235082e-05, 1.91955714399e-05, 2.00479389605e-05, 1.47121463669e-05, 7.59025124353e-06, 4.4235457608e-06, 7.86709370004e-06, 6.01344754614e-06, 6.71388443152e-06, 8.31794204714e-06, 9.7220272437e-06, 7.43227246858e-06, 2.95477389045e-06, 2.43666772803e-06, 2.46917352342e-06, 8.9751381438e-07, 3.8521471879e-07, 3.70479142475e-07, 3.65054148688e-07, 1.93005575966e-07, 1.18975322039e-07, 7.65533769709e-08, 3.38347021511e-08, 2.01655030452e-08, 1.36338833556e-08, 7.48386952409e-09, 5.91893734025e-09, 3.53051454738e-09, 2.76706879632e-09], "max": [0.0332300402224, 0.0360268391669, 0.0128640979528, 0.0259658955038, 0.0109183304012, 0.0115342717618, 0.0146340159699, 0.0055477200076, 0.0082918163389, 0.00743357045576, 0.00407465966418, 0.00943550094962, 0.00258420733735, 0.00430749636143, 0.00119415833615, 0.000998454750516, 0.00139520491939, 0.00140771653969, 0.000893317279406, 0.000504119903781, 0.00107754277997, 0.000374172872398, 0.000495730142575, 0.000424506812124, 0.000351323105861, 0.000419312535087, 0.000249806675129, 0.000142353514093, 9.33884366532e-05, 5.43012392882e-05, 3.60595258826e-05, 6.58455392113e-05, 3.47064415109e-05, 5.60208500247e-05, 2.88390510832e-05, 2.5322275178e-05, 1.31449069158e-05, 1.55842499225e-05, 1.62243832165e-05, 1.40346664921e-05]}, "barkbands_crest": {"dmean": 1.70098662376, "dvar2": 7.73221254349, "mean": 9.9450340271, "var": 15.7609491348, "dmean2": 2.77971887589, "dvar": 2.91353082657, "min": 2.71615338326, "median": 9.44179344177, "max": 26.8856868744}, "mfcc": {"icov": [[0.000106597683043, 1.06141931155e-06, 0.000170493891346, 9.86323539109e-06, 0.000318036065437, -0.000158906404977, 0.000197829402168, -0.000394773291191, 5.37981577509e-05, -9.44221465033e-05, 8.98276412045e-05, -7.39751849324e-05, -8.25836832519e-06], [1.06141931155e-06, 0.000731695326976, 0.000114041715278, -0.000410509994254, -0.000715407310054, 0.000717214017641, -0.000185693585081, 0.000128399653477, -0.000439109862782, 0.000620580627583, -0.000613942800555, -0.000212930099224, -0.000202428738703], [0.000170493891346, 0.000114041715278, 0.000953364244197, -2.806403063e-05, -0.000421950971941, 0.000211674967431, -0.000392476009438, 0.000146442980622, -0.000394203176256, 1.98914167413e-05, 0.000281772809103, -0.000642792147119, 0.000705180864315], [9.86323539109e-06, -0.000410509994254, -2.806403063e-05, 0.00585489580408, -0.00122784241103, 0.000809382006992, 7.98587061581e-05, 0.000570753240027, 0.000865045411047, -0.00095964409411, 0.00117246573791, 0.000308492657496, -0.000131411914481], [0.000318036065437, -0.000715407310054, -0.000421950971941, -0.00122784241103, 0.00752361351624, -0.00229328265414, -5.69260628254e-05, -0.00205245427787, 0.00105208356399, -0.000624592823442, -0.0020166169852, 0.00167454010807, -0.00224971980788], [-0.000158906404977, 0.000717214017641, 0.000211674967431, 0.000809382006992, -0.00229328265414, 0.0126157440245, -0.0063534011133, 0.0047972840257, -0.00134408927988, 0.00046899804147, 0.000745618308429, -0.000984256737866, 0.000946533749811], [0.000197829402168, -0.000185693585081, -0.000392476009438, 7.98587061581e-05, -5.69260628254e-05, -0.0063534011133, 0.0155106969178, -0.00837554037571, 0.00270773284137, -0.00230771442875, -0.000445046840468, 4.18202653236e-05, -0.00334798987024], [-0.000394773291191, 0.000128399653477, 0.000146442980622, 0.000570753240027, -0.00205245427787, 0.0047972840257, -0.00837554037571, 0.0190945565701, -0.0086276344955, 0.00512716732919, -0.00115008407738, 0.000134555230034, 0.00184570881538], [5.37981577509e-05, -0.000439109862782, -0.000394203176256, 0.000865045411047, 0.00105208356399, -0.00134408927988, 0.00270773284137, -0.0086276344955, 0.0163751207292, -0.00801532436162, 0.00209536752664, -0.0025799011346, 0.00065980781801], [-9.44221465033e-05, 0.000620580627583, 1.98914167413e-05, -0.00095964409411, -0.000624592823442, 0.00046899804147, -0.00230771442875, 0.00512716732919, -0.00801532436162, 0.0190449617803, -0.00883254688233, 0.0057451245375, -0.00300042121671], [8.98276412045e-05, -0.000613942800555, 0.000281772809103, 0.00117246573791, -0.0020166169852, 0.000745618308429, -0.000445046840468, -0.00115008407738, 0.00209536752664, -0.00883254688233, 0.0232198815793, -0.0125749027357, 0.00642989436164], [-7.39751849324e-05, -0.000212930099224, -0.000642792147119, 0.000308492657496, 0.00167454010807, -0.000984256737866, 4.18202653236e-05, 0.000134555230034, -0.0025799011346, 0.0057451245375, -0.0125749027357, 0.020468775183, -0.00954600330442], [-8.25836832519e-06, -0.000202428738703, 0.000705180864315, -0.000131411914481, -0.00224971980788, 0.000946533749811, -0.00334798987024, 0.00184570881538, 0.00065980781801, -0.00300042121671, 0.00642989436164, -0.00954600330442, 0.019367037341]], "mean": [-740.249694824, 172.771728516, 5.97780799866, 33.3072128296, 6.28656387329, -1.68407511711, -0.915698587894, 8.69240760803, 3.37248778343, -0.307860910892, 0.430209308863, 2.11881995201, 0.908472061157], "cov": [[22731.7480469, -1131.4161377, -4652.94287109, -430.160400391, -1419.80505371, -61.1837425232, -339.797241211, 291.596923828, 75.8623352051, -86.8639831543, -224.310058594, -94.9143371582, -72.4531784058], [-1131.4161377, 1958.39257813, 120.526473999, 174.699737549, 274.451599121, -86.0540390015, 37.0199127197, 42.7489051819, 33.5762519836, -14.0743141174, 96.9079055786, 87.5077972412, 62.830871582], [-4652.94287109, 120.526473999, 2095.59033203, 81.9732971191, 340.214324951, 24.4435997009, 108.193992615, -29.6271781921, 25.8505210876, 28.3662376404, 58.7177772522, 49.9836730957, -7.96252012253], [-430.160400391, 174.699737549, 81.9732971191, 206.569885254, 71.0442123413, -14.1715755463, 0.458538711071, -14.6245632172, -14.890920639, 5.47643470764, -2.23000669479, -7.26447963715, 8.99319839478], [-1419.80505371, 274.451599121, 340.214324951, 71.0442123413, 276.639099121, 28.5893421173, 55.2633666992, 5.58452749252, 0.269079864025, 17.638217926, 37.7227554321, 17.7414989471, 29.0607242584], [-61.1837425232, -86.0540390015, 24.4435997009, -14.1715755463, 28.5893421173, 115.016456604, 45.4748458862, -9.94273662567, -1.92405438423, 7.48232984543, 1.11941027641, 5.08470535278, 7.95618772507], [-339.797241211, 37.0199127197, 108.193992615, 0.458538711071, 55.2633666992, 45.4748458862, 116.227935791, 38.0438308716, 11.2567453384, 11.5069932938, 15.145365715, 17.4529151917, 21.9428710938], [291.596923828, 42.7489051819, -29.6271781921, -14.6245632172, 5.58452749252, -9.94273662567, 38.0438308716, 99.9076004028, 44.4826164246, -3.24049067497, 8.06053733826, 10.7479839325, 0.34472194314], [75.8623352051, 33.5762519836, 25.8505210876, -14.890920639, 0.269079864025, -1.92405438423, 11.2567453384, 44.4826164246, 101.02532959, 33.0338935852, 14.2406415939, 13.8913202286, 0.968049943447], [-86.8639831543, -14.0743141174, 28.3662376404, 5.47643470764, 17.638217926, 7.48232984543, 11.5069932938, -3.24049067497, 33.0338935852, 83.1264648438, 27.6182861328, -0.554484724998, 5.11165523529], [-224.310058594, 96.9079055786, 58.7177772522, -2.23000669479, 37.7227554321, 1.11941027641, 15.145365715, 8.06053733826, 14.2406415939, 27.6182861328, 82.6713027954, 45.5300292969, 3.72965931892], [-94.9143371582, 87.5077972412, 49.9836730957, -7.26447963715, 17.7414989471, 5.08470535278, 17.4529151917, 10.7479839325, 13.8913202286, -0.554484724998, 45.5300292969, 95.6542205811, 34.2827911377], [-72.4531784058, 62.830871582, -7.96252012253, 8.99319839478, 29.0607242584, 7.95618772507, 21.9428710938, 0.34472194314, 0.968049943447, 5.11165523529, 3.72965931892, 34.2827911377, 75.7768936157]]}, "spectral_decrease": {"dmean": 1.3925592901e-09, "dvar2": 2.16907254147e-17, "mean": -6.0102216537e-09, "var": 3.50684014785e-17, "dmean2": 2.21578577708e-09, "dvar": 7.82875826328e-18, "min": -5.40070956845e-08, "median": -3.90404064632e-09, "max": 2.18791710416e-14}, "zerocrossingrate": {"dmean": 0.00419115135446, "dvar2": 9.33419723879e-05, "mean": 0.0448263548315, "var": 0.00958401244134, "dmean2": 0.00545632466674, "dvar": 7.16674694559e-05, "min": 0.0029296875, "median": 0.0302734375, "max": 0.91552734375}, "spectral_contrast_coeffs": {"dmean": [0.0381516180933, 0.0406576097012, 0.0358441732824, 0.0270188432187, 0.0203432310373, 0.0137444604188], "dvar2": [0.00282044382766, 0.00297894771211, 0.00245938333683, 0.00137277133763, 0.000915749755222, 0.000484430318465], "mean": [-0.673550009727, -0.716718196869, -0.748244941235, -0.785843610764, -0.773127198219, -0.758736610413], "var": [0.00517476070672, 0.0047825332731, 0.00411508372054, 0.00350567791611, 0.00451806047931, 0.00508378725499], "dmean2": [0.0632210299373, 0.0656715855002, 0.057792685926, 0.0447727963328, 0.0337000973523, 0.022678591311], "dvar": [0.0010523928795, 0.0011472631013, 0.000935165735427, 0.000505878997501, 0.000376012234483, 0.000213346997043], "min": [-0.995091736317, -0.994423270226, -0.96880698204, -0.979189515114, -0.988415360451, -0.96037119627], "median": [-0.678612828255, -0.719930708408, -0.752040088177, -0.790621876717, -0.767265975475, -0.739222288132], "max": [-0.39071521163, -0.45315092802, -0.510104715824, -0.578400015831, -0.550645172596, -0.605591654778]}, "spectral_skewness": {"dmean": 0.473119467497, "dvar2": 1.01632142067, "mean": 3.22510886192, "var": 10.2992563248, "dmean2": 0.806527793407, "dvar": 0.391297757626, "min": 0.0333324894309, "median": 1.9647539854, "max": 19.4576416016}, "spectral_energyband_middle_high": {"dmean": 0.00120947777759, "dvar2": 1.31585547933e-05, "mean": 0.00405708281323, "var": 2.83308581857e-05, "dmean2": 0.00193032808602, "dvar": 5.43852775081e-06, "min": 1.16740674829e-15, "median": 0.00223288801499, "max": 0.0565274506807}, "gfcc": {"icov": [[0.000666857813485, -0.000880596169736, 0.000986392609775, -0.00100141391158, 0.00105015886948, -0.00124697468709, 0.0014248493826, -0.001624857774, 0.00175801711157, -0.00187829101924, 0.00149585946929, -0.00130682322197, 0.000712308450602], [-0.000880596169736, 0.00184299075045, -0.00133078661747, 0.00127334985882, -0.00153316836804, 0.00249562365934, -0.00243712449446, 0.00229040929116, -0.00230781338178, 0.002626250498, -0.00212392467074, 0.00203383225016, -0.000567375682294], [0.000986392609775, -0.00133078661747, 0.00198300462216, -0.000950147339609, 0.0015935547417, -0.00202377419919, 0.00170295697171, -0.00228135753423, 0.00226089311764, -0.00223083328456, 0.00168061687145, -0.00181967928074, 0.00154505728278], [-0.00100141391158, 0.00127334985882, -0.000950147339609, 0.00518123665825, -0.00162575847935, 0.00114483141806, -0.00181868800428, 0.0011034043273, -0.00190312985796, 0.00130227080081, -0.00248463707976, 0.00212949072011, -0.0013212087797], [0.00105015886948, -0.00153316836804, 0.0015935547417, -0.00162575847935, 0.00494184531271, -0.00167692673858, 0.000930123962462, -0.00207313755527, 0.000526788993739, -0.00164675759152, 0.000485774478875, -0.00307344412431, 0.00196529226378], [-0.00124697468709, 0.00249562365934, -0.00202377419919, 0.00114483141806, -0.00167692673858, 0.00923952739686, -0.00495393155143, 0.00186920328997, -0.000928991532419, 0.000630306196399, -0.0011141122086, 0.00186419475358, -0.00111640617251], [0.0014248493826, -0.00243712449446, 0.00170295697171, -0.00181868800428, 0.000930123962462, -0.00495393155143, 0.0135329980403, -0.00444438261911, 0.00102249847259, -0.00132963550277, 0.00127658608835, 0.0013709772611, -0.000211019607377], [-0.001624857774, 0.00229040929116, -0.00228135753423, 0.0011034043273, -0.00207313755527, 0.00186920328997, -0.00444438261911, 0.0123417060822, -0.00779029494151, 0.00418388005346, -0.000255528779235, -0.00284398556687, 0.0017113025533], [0.00175801711157, -0.00230781338178, 0.00226089311764, -0.00190312985796, 0.000526788993739, -0.000928991532419, 0.00102249847259, -0.00779029494151, 0.0205337032676, -0.0119012920186, 0.00279121124186, 0.00203179591335, -0.00198174850084], [-0.00187829101924, 0.002626250498, -0.00223083328456, 0.00130227080081, -0.00164675759152, 0.000630306196399, -0.00132963550277, 0.00418388005346, -0.0119012920186, 0.0248302239925, -0.0105042168871, 0.00379318697378, 0.000855546910316], [0.00149585946929, -0.00212392467074, 0.00168061687145, -0.00248463707976, 0.000485774478875, -0.0011141122086, 0.00127658608835, -0.000255528779235, 0.00279121124186, -0.0105042168871, 0.022031866014, -0.0108054801822, 0.00345998629928], [-0.00130682322197, 0.00203383225016, -0.00181967928074, 0.00212949072011, -0.00307344412431, 0.00186419475358, 0.0013709772611, -0.00284398556687, 0.00203179591335, 0.00379318697378, -0.0108054801822, 0.0278370361775, -0.0102339405566], [0.000712308450602, -0.000567375682294, 0.00154505728278, -0.0013212087797, 0.00196529226378, -0.00111640617251, -0.000211019607377, 0.0017113025533, -0.00198174850084, 0.000855546910316, 0.00345998629928, -0.0102339405566, 0.02299422957]], "mean": [-113.123153687, 156.70904541, -97.8841400146, 20.3050193787, -38.4954566956, -5.85973930359, -20.6163806915, 5.00092601776, -11.452624321, -6.90988779068, -8.93887901306, -2.33732962608, -6.60697698593], "cov": [[36106.078125, -2520.08837891, -8948.69238281, 2955.08007813, -2468.46606445, 1356.97180176, -1442.67773438, 1474.3125, -936.584350586, 667.445861816, -708.876403809, 639.705322266, 30.141582489], [-2520.08837891, 2518.2175293, 981.603515625, -362.538452148, 454.819946289, -432.240722656, 257.980163574, -240.257659912, 151.283004761, -109.598510742, 117.627357483, -136.386032104, -47.4801292419], [-8948.69238281, 981.603515625, 3464.77294922, -746.754272461, 431.287994385, -231.76361084, 348.622192383, -275.522155762, 179.652099609, -156.53465271, 149.201858521, -148.488143921, -65.9257736206], [2955.08007813, -362.538452148, -746.754272461, 500.473144531, -142.033874512, 138.984161377, -96.9732894897, 147.039352417, -48.9398345947, 78.5277633667, -35.321346283, 55.0994987488, 8.19849681854], [-2468.46606445, 454.819946289, 431.287994385, -142.033874512, 536.237915039, -124.444236755, 143.747329712, -74.5184020996, 120.28125, -27.334815979, 94.0766601563, -29.5656776428, -10.3904094696], [1356.97180176, -432.240722656, -231.76361084, 138.984161377, -124.444236755, 264.827819824, -27.8498382568, 94.9484329224, -45.7184753418, 44.3335227966, -39.3764648438, 31.6426372528, 1.44780302048], [-1442.67773438, 257.980163574, 348.622192383, -96.9732894897, 143.747329712, -27.8498382568, 179.114227295, -30.9627685547, 64.938117981, -24.5155982971, 30.1985340118, -41.8762779236, -4.30345201492], [1474.3125, -240.257659912, -275.522155762, 147.039352417, -74.5184020996, 94.9484329224, -30.9627685547, 216.838989258, 3.08645606041, 39.656288147, -32.8848838806, 46.0575828552, -5.84291124344], [-936.584350586, 151.283004761, 179.652099609, -48.9398345947, 120.28125, -45.7184753418, 64.938117981, 3.08645606041, 124.864509583, 21.3190765381, 31.9985275269, -25.9121055603, -0.650378584862], [667.445861816, -109.598510742, -156.53465271, 78.5277633667, -27.334815979, 44.3335227966, -24.5155982971, 39.656288147, 21.3190765381, 88.5741577148, 16.4781169891, 13.2823734283, -5.06386518478], [-708.876403809, 117.627357483, 149.201858521, -35.321346283, 94.0766601563, -39.3764648438, 30.1985340118, -32.8848838806, 31.9985275269, 16.4781169891, 91.8784103394, 9.08650684357, -2.05732297897], [639.705322266, -136.386032104, -148.488143921, 55.0994987488, -29.5656776428, 31.6426372528, -41.8762779236, 46.0575828552, -25.9121055603, 13.2823734283, 9.08650684357, 73.9944000244, 19.0503101349], [30.141582489, -47.4801292419, -65.9257736206, 8.19849681854, -10.3904094696, 1.44780302048, -4.30345201492, -5.84291124344, -0.650378584862, -5.06386518478, -2.05732297897, 19.0503101349, 56.5590057373]]}, "erbbands_spread": {"dmean": 4.90082502365, "dvar2": 99.4474182129, "mean": 26.4860267639, "var": 243.776123047, "dmean2": 7.63401031494, "dvar": 42.3770103455, "min": 1.94985616207, "median": 24.8797645569, "max": 299.423522949}, "erbbands_kurtosis": {"dmean": 0.910193443298, "dvar2": 3.82298612595, "mean": 1.10520482063, "var": 9.8671913147, "dmean2": 1.41841685772, "dvar": 1.69598114491, "min": -1.91011226177, "median": 0.200844779611, "max": 35.1856842041}, "dynamic_complexity": 6.74458456039, "erbbands_crest": {"dmean": 2.31363081932, "dvar2": 11.5647449493, "mean": 9.88582134247, "var": 17.5325813293, "dmean2": 3.67681336403, "dvar": 4.92528629303, "min": 2.71251559258, "median": 8.89888286591, "max": 30.1970462799}, "erbbands": {"dmean": [0.0668393149972, 0.497872769833, 1.14616310596, 1.13793027401, 4.71477031708, 5.05445289612, 4.46784257889, 10.396024704, 14.4849100113, 9.04695320129, 16.6944026947, 20.6022090912, 15.5673398972, 20.3448543549, 11.8681850433, 13.0571622849, 8.17689800262, 7.46851062775, 11.5404930115, 9.23348140717, 8.77739810944, 7.75031995773, 5.29312992096, 4.19460439682, 4.91775369644, 2.25507235527, 1.43051064014, 0.942483365536, 0.923681795597, 0.571849524975, 0.453975647688, 0.205957114697, 0.131336778402, 0.081212349236, 0.035642310977, 0.0127646373585, 0.00351975834928, 0.00125351443421, 0.000282881286694, 2.20408801397e-05], "dvar2": [0.174976035953, 5.86162948608, 33.4950714111, 16.2139930725, 351.644165039, 377.272186279, 352.690704346, 1371.91748047, 2571.62719727, 969.67980957, 2786.06103516, 5173.56298828, 2553.76928711, 7425.77685547, 2418.66308594, 2250.16821289, 1735.57739258, 1792.86608887, 3841.07543945, 2198.28295898, 1757.86706543, 601.454589844, 302.614013672, 345.278015137, 899.179931641, 98.4556884766, 38.7242660522, 14.9531860352, 29.3434276581, 13.7264509201, 7.85121154785, 1.40978252888, 0.531229972839, 0.42553588748, 0.060768418014, 0.0127629525959, 0.00217521213926, 0.00036232281127, 2.68280437012e-05, 1.03791073514e-07], "mean": [0.168046548963, 1.03425955772, 3.39669275284, 3.03510570526, 9.34982299805, 10.7374210358, 9.44620227814, 23.1189022064, 28.3980998993, 18.4102649689, 31.3021812439, 39.8883056641, 29.3879871368, 34.3324623108, 20.6791267395, 21.9693470001, 13.7707834244, 13.3392381668, 19.8308086395, 17.6052303314, 17.6855258942, 18.061290741, 12.5000324249, 10.1877937317, 10.596701622, 5.23421621323, 3.76013469696, 2.79751014709, 2.31685781479, 1.45847225189, 1.14353656769, 0.606287121773, 0.383642524481, 0.197492569685, 0.0878571867943, 0.0286665447056, 0.00687725655735, 0.00153778109234, 0.000238957596594, 4.05750070058e-05], "var": [0.0792724937201, 2.36099934578, 22.4101238251, 14.5116939545, 318.563323975, 376.279052734, 340.918060303, 1883.51025391, 3281.51708984, 1225.1394043, 2990.99194336, 8342.78710938, 3052.94995117, 7401.69042969, 1885.70898438, 1660.95031738, 863.325683594, 1398.79492188, 2791.26196289, 1775.89794922, 1373.77026367, 685.81652832, 368.349151611, 424.161560059, 767.974609375, 141.61857605, 70.636177063, 39.9667892456, 49.1165161133, 24.6194858551, 13.5437955856, 3.92669296265, 1.89065694809, 0.523866653442, 0.119112633169, 0.0134709635749, 0.00111936219037, 0.00011086120503, 5.67138386032e-06, 2.31525767447e-08], "dmean2": [0.114378035069, 0.848654329777, 1.90246856213, 1.87350201607, 7.19177293777, 7.96373510361, 6.90298938751, 15.2467451096, 21.5447788239, 13.5465459824, 25.5004329681, 30.1264514923, 23.9711341858, 31.9750537872, 19.3510990143, 21.4018878937, 13.8648614883, 12.5983142853, 19.8047428131, 15.7967853546, 14.8149518967, 13.1687774658, 8.89879322052, 6.96495914459, 8.32594394684, 3.74065470695, 2.30783224106, 1.47912657261, 1.47797596455, 0.880488574505, 0.737441003323, 0.312078982592, 0.192590266466, 0.128418236971, 0.0517613664269, 0.018798334524, 0.00548570277169, 0.0020782542415, 0.000512174156029, 3.92505753553e-05], "dvar": [0.0577246844769, 1.91290915012, 11.8029165268, 6.01231384277, 146.333297729, 140.230163574, 138.855148315, 599.523864746, 1188.71203613, 447.301239014, 1193.25244141, 2649.69189453, 1175.20837402, 3644.66918945, 966.165466309, 877.955383301, 592.222045898, 648.926696777, 1346.34838867, 768.822998047, 626.534179688, 212.283172607, 109.714683533, 128.895187378, 312.763427734, 37.7021789551, 14.840057373, 6.17530632019, 11.6591262817, 5.84531021118, 3.01562833786, 0.597922205925, 0.258844286203, 0.17346470058, 0.0286072846502, 0.00549212424085, 0.000827050884254, 0.000133252513479, 9.42159385886e-06, 3.65752477194e-08], "min": [7.36570770739e-14, 3.71828734252e-13, 1.05152247586e-12, 1.91050365632e-12, 2.45300719841e-12, 2.16777789296e-12, 1.291518433e-12, 1.1464429666e-12, 2.89279581192e-12, 5.178654814e-12, 4.79832579919e-12, 2.49080400402e-12, 3.12652226157e-12, 4.27370161829e-12, 2.10178749405e-12, 2.83612196228e-12, 2.33347976358e-12, 6.29613592165e-12, 4.94404473958e-12, 8.85468608158e-12, 6.9728840757e-12, 5.90787098062e-12, 6.53444312548e-12, 7.50836285507e-12, 7.75247661206e-12, 8.06167979595e-12, 9.41435297774e-12, 1.05249585089e-11, 1.14305179905e-11, 1.35202474216e-11, 8.30979642735e-12, 1.19097301465e-11, 6.76570388256e-12, 1.01318658324e-11, 1.25077699933e-11, 7.79002990586e-12, 1.0021881762e-11, 4.0801837603e-11, 7.3126470157e-11, 1.12627433421e-11], "median": [0.0887565687299, 0.549588561058, 2.07972979546, 1.82611811161, 2.84987878799, 3.66590070724, 3.29501056671, 6.03700828552, 9.69371414185, 6.89075183868, 11.6418008804, 10.5825128555, 10.1698865891, 11.2656993866, 7.07332181931, 8.65156841278, 5.36194992065, 3.36920809746, 5.50092029572, 5.05721759796, 7.60830593109, 9.97131443024, 5.90932893753, 3.43804693222, 2.54527544975, 0.841586887836, 0.709631204605, 0.437348872423, 0.207553312182, 0.0893952995539, 0.0377348922193, 0.0160672906786, 0.00802319217473, 0.00368411466479, 0.0016437129816, 0.000883193395566, 0.000235157553107, 7.73996725911e-05, 2.08702585951e-05, 2.06426720979e-05], "max": [3.76043844223, 27.2671165466, 67.2827529907, 49.8690757751, 364.597869873, 272.588348389, 330.952758789, 575.150146484, 1002.81201172, 604.26763916, 1047.48999023, 1384.99658203, 824.551574707, 2237.18432617, 922.246032715, 785.864013672, 679.774963379, 635.464233398, 827.410400391, 544.294128418, 819.455078125, 272.623474121, 243.804550171, 362.270141602, 653.425048828, 149.925964355, 91.6562652588, 62.8248062134, 78.6697463989, 86.745803833, 44.4795608521, 25.192193985, 17.5814781189, 18.4008541107, 5.91182041168, 3.48201346397, 1.46504998207, 0.552644312382, 0.12152094394, 0.00747640617192]}, "silence_rate_30dB": {"dmean": 0.00649631861597, "dvar2": 0.0156401004642, "mean": 0.994153916836, "var": 0.00581195997074, "dmean2": 0.0129940444604, "dvar": 0.00645399047062, "min": 0, "median": 1, "max": 1}, "silence_rate_60dB": {"dmean": 0.00692940689623, "dvar2": 0.0162713676691, "mean": 0.117570638657, "var": 0.10372274369, "dmean2": 0.0138603141531, "dvar": 0.00688257906586, "min": 0, "median": 0, "max": 1}, "spectral_energyband_middle_low": {"dmean": 0.00338717666455, "dvar2": 9.44265266298e-05, "mean": 0.0114815086126, "var": 0.000175111621502, "dmea