{"tonal": {"chords_number_rate": 0.00126198888756, "thpcp": [1, 0.494345188141, 0.098405174911, 0.0633692368865, 0.0625543221831, 0.0744660869241, 0.0740040689707, 0.0863451957703, 0.19884981215, 0.258112996817, 0.143964663148, 0.0470766797662, 0.0286629740149, 0.0288165044039, 0.0341262072325, 0.0338726080954, 0.0469588600099, 0.122287541628, 0.200823605061, 0.218766540289, 0.34691157937, 0.440886855125, 0.359374970198, 0.687427282333, 0.924803674221, 0.477258682251, 0.114146694541, 0.0558122694492, 0.0475170426071, 0.052156496793, 0.056018166244, 0.0475655458868, 0.0536098368466, 0.0727396607399, 0.159143865108, 0.688570022583], "hpcp": {"dvar": [0.0161679107696, 0.0140573373064, 0.0109290918335, 0.0109494850039, 0.0111210178584, 0.0116601157933, 0.0169977471232, 0.0257907938212, 0.0299802534282, 0.0279281456023, 0.0289560165256, 0.0168358366936, 0.00919399410486, 0.00735980411991, 0.00812690332532, 0.00680062547326, 0.00841495394707, 0.0124290874228, 0.0126896770671, 0.00994559377432, 0.00540516432375, 0.00189216982108, 0.00248491181992, 0.00433556409553, 0.00437782565132, 0.00519804377109, 0.0114034777507, 0.0158603601158, 0.0205831229687, 0.0227192547172, 0.022606594488, 0.0272199325264, 0.0291425175965, 0.0272773876786, 0.0293861292303, 0.022099852562], "mean": [0.0231083147228, 0.0196737870574, 0.021594690159, 0.0231935624033, 0.0196938700974, 0.0221964269876, 0.0301168709993, 0.0658913627267, 0.285093098879, 0.41403645277, 0.204676926136, 0.0407433286309, 0.0262371730059, 0.0258997697383, 0.0308316741139, 0.0306403823197, 0.0357500575483, 0.0823310688138, 0.106868192554, 0.0596066191792, 0.019491462037, 0.0118675157428, 0.0119310831651, 0.0141294943169, 0.0140244951472, 0.0194426793605, 0.0506315007806, 0.0831482931972, 0.0905773192644, 0.143634036183, 0.182543233037, 0.148794338107, 0.284619957209, 0.382902443409, 0.197602495551, 0.0472608916461], "min": [0, 0, 0, 0, 0, 0, 0, 0, 0, 0, 0, 0, 0, 0, 0, 0, 0, 0, 0, 0, 0, 0, 0, 0, 0, 0, 0, 0, 0, 0, 0, 0, 0, 0, 0, 0], "median": [0.00110910949297, 0.00132002285682, 0.00325800012797, 0.0040515223518, 0.00282709812745, 0.0013890825212, 0.00150682695676, 0.0126146040857, 0.108831897378, 0.123041853309, 0.0556170046329, 0.0038963900879, 0.00165536464192, 0.00207051355392, 0.00303956936114, 0.00358409294859, 0.00705277686939, 0.020359698683, 0.0277363844216, 0.0142381014302, 0.00320442439988, 0.0020880184602, 0.00180457555689, 0.00124424532987, 0.000912436284125, 0.00229885336012, 0.00457872264087, 0.0047758538276, 0.0106904665008, 0.0197579748929, 0.0260440558195, 0.0536567606032, 0.0797599852085, 0.0505114272237, 0.0293373167515, 0.00369045883417], "dvar2": [0.0470106117427, 0.0401224456728, 0.0308785755187, 0.0318556800485, 0.0320363342762, 0.0330541469157, 0.0489908531308, 0.0737346708775, 0.0829847231507, 0.0737505108118, 0.083062581718, 0.0478402003646, 0.0247246082872, 0.0186483822763, 0.0193983968347, 0.0169583428651, 0.0215138811618, 0.0309862196445, 0.0331022106111, 0.0266768429428, 0.0146903162822, 0.00483438419178, 0.00606929324567, 0.0118735888973, 0.0114433737472, 0.0129208499566, 0.0292853079736, 0.0430646389723, 0.0540994405746, 0.0599498450756, 0.0569182448089, 0.072999201715, 0.0758377462626, 0.0679790899158, 0.0777814611793, 0.0624599084258], "var": [0.0110482415184, 0.0101698329672, 0.00845455378294, 0.00812482461333, 0.00758660910651, 0.00837266817689, 0.0128857214004, 0.0233266204596, 0.0985736697912, 0.199033305049, 0.0626459568739, 0.0141409458593, 0.0092299124226, 0.0095251314342, 0.0128330253065, 0.00957407988608, 0.00977284088731, 0.0266553144902, 0.0395165234804, 0.0178841464221, 0.0056957253255, 0.00226279324852, 0.00302497064695, 0.0047019328922, 0.00512259593233, 0.00636377790943, 0.020254412666, 0.0397154577076, 0.0390775687993, 0.0640006288886, 0.0932149216533, 0.0486363992095, 0.114632025361, 0.198968499899, 0.0742879211903, 0.0187011882663], "dmean2": [0.0609735921025, 0.0487646572292, 0.0438195951283, 0.045090470463, 0.0425245016813, 0.0470910035074, 0.0688770189881, 0.123073205352, 0.184910774231, 0.135246932507, 0.166653037071, 0.0859425663948, 0.0469810329378, 0.0400676615536, 0.0429466255009, 0.0449008345604, 0.0566264986992, 0.080555036664, 0.0916299894452, 0.0695411041379, 0.0338556021452, 0.0185757372528, 0.0182536281645, 0.0231054909527, 0.0240421313792, 0.0300993602723, 0.064623862505, 0.0925841107965, 0.113016568124, 0.13283739984, 0.12747490406, 0.180665582418, 0.192451521754, 0.134585142136, 0.166544601321, 0.0978502780199], "max": [1, 1, 1, 1, 1, 1, 1, 1, 1, 1, 1, 1, 1, 1, 1, 1, 1, 1, 1, 1, 1, 1, 1, 1, 1, 1, 1, 1, 1, 1, 1, 1, 1, 1, 1, 1], "dmean": [0.0329835861921, 0.0266575589776, 0.0246988516301, 0.0249929316342, 0.0234201420099, 0.0261142738163, 0.0377821214497, 0.0679555386305, 0.108096346259, 0.0777247026563, 0.0967170894146, 0.0480914786458, 0.027090460062, 0.023751469329, 0.0254668369889, 0.0265879444778, 0.033656552434, 0.051859356463, 0.0572584196925, 0.0420274361968, 0.0195699315518, 0.0109491366893, 0.0108259860426, 0.0134937213734, 0.0138869108632, 0.0181374642998, 0.0388387739658, 0.0546082258224, 0.0663675218821, 0.0800921916962, 0.0767896398902, 0.105865329504, 0.11445132643, 0.077165402472, 0.0976049751043, 0.0544952936471]}, "key_strength": 0.654498398304, "chords_strength": {"dvar": 0.000534909719136, "mean": 0.520172357559, "min": -1, "median": 0.537981033325, "dvar2": 0.00102554494515, "var": 0.0464950054884, "dmean2": 0.00611939886585, "max": 0.901500046253, "dmean": 0.00730369146913}, "tuning_equal_tempered_deviation": 0.0627488270402, "chords_key": "G#", "tuning_frequency": 440.763122559, "chords_scale": "major", "chords_changes_rate": 0.0453054010868, "key_scale": "minor", "tuning_diatonic_strength": 0.548067212105, "hpcp_entropy": {"dvar": 0.196565046906, "mean": 1.46993947029, "min": 0, "median": 1.51496720314, "dvar2": 0.529509902, "var": 0.524968504906, "dmean2": 0.836028635502, "max": 4.12970590591, "dmean": 0.487863749266}, "chords_histogram": [32.7107505798, 0.0126198893413, 0.0630994439125, 0, 0, 0.0757193341851, 0, 4.2024230957, 1.18626952171, 3.97526502609, 1.11055028439, 0, 0.416456341743, 1.43866729736, 0.113578997552, 0.25239777565, 2.92781424522, 0.10095911473, 0, 0.0630994439125, 0, 5.76728916168, 8.13982868195, 37.4432106018], "tuning_nontempered_energy_ratio": 0.701349496841, "key_key": "C"}, "metadata": {"version": {"extractor": "music 1.0", "essentia_build_sha": "70f2e5ece6736b2c40cc944ad0e695b16b925413", "essentia": "2.1-beta2", "essentia_git_sha": "v2.1_beta2"}, "audio_properties": {"sample_rate": 44100, "length": 367.934692383, "lossless": false, "analysis_sample_rate": 44100, "downmix": "mix", "bit_rate": 192000, "equal_loudness": 0, "md5_encoded": "e8dd599e896f68314afa9f75b95af984", "codec": "mp3", "replay_gain": -12.8588981628}, "tags": {"tracknumber": ["3"], "albumartist": ["Bacio Di Tosca"], "date": ["2007"], "musicbrainz_recordingid": ["f32203fe-0aee-4317-a06a-41bf08d3c86b"], "file_name": "2149066.mp3", "title": ["Mein süßes Lieb"], "artist": ["Bacio Di Tosca"], "album": ["Der Tod und das Mädchen"], "discnumber": ["1"]}}, "lowlevel": {"melbands": {"dvar": [5.8985636997e-07, 1.73717160123e-06, 2.51496089732e-07, 1.78354930824e-08, 5.34792974349e-08, 2.27065655167e-07, 2.80975598344e-07, 6.81927076585e-07, 3.52072504484e-07, 1.67049691413e-07, 3.64159177479e-07, 2.86853509834e-08, 1.09974287454e-08, 9.55027790184e-09, 6.01526721766e-08, 4.13572323055e-08, 5.17665682764e-07, 3.63132244274e-08, 3.75830928878e-11, 2.43175323628e-11, 1.27398813721e-10, 8.46115955078e-11, 3.019762565e-11, 1.88690660319e-11, 7.30488863843e-11, 1.95047849399e-11, 7.76966685434e-12, 1.60239139665e-12, 5.81363299515e-13, 2.00709633917e-13, 3.04315085501e-13, 8.65045556887e-13, 1.21555846985e-12, 8.51112691609e-13, 7.72379068256e-13, 1.22310229436e-13, 1.21312614359e-13, 8.02197324952e-14, 2.73472311962e-14, 2.31453684072e-14], "mean": [0.00187815539539, 0.00427677761763, 0.000916100339964, 0.000227670971071, 0.000178858856088, 0.000382629834348, 0.000383227772545, 0.000349208683474, 0.000322916428559, 0.000227582771913, 0.000329256581608, 5.63829598832e-05, 4.49583749287e-05, 5.04774980072e-05, 9.41075704759e-05, 8.59390347614e-05, 0.000358095479896, 7.42766496842e-05, 4.7240546337e-06, 2.50935522672e-06, 4.35660376752e-06, 4.72096598969e-06, 1.55161603743e-06, 3.45070679941e-06, 1.0913553524e-05, 4.11244127463e-06, 2.08765209209e-06, 7.17626960522e-07, 3.52785690438e-07, 4.01240356496e-07, 2.22489703106e-07, 1.29352471845e-07, 1.42485859556e-07, 1.62453360986e-07, 1.00714949269e-07, 5.436345063e-08, 5.53909167422e-08, 3.78744609009e-08, 2.6369345818e-08, 2.3432438212e-08], "min": [8.18199924185e-25, 7.67009852577e-25, 2.85218231613e-25, 1.18755160115e-24, 1.09493173809e-24, 1.06405720137e-24, 1.62095888223e-24, 1.40514754198e-24, 1.33858533234e-24, 1.3020257709e-24, 1.4311948416e-24, 1.83544700691e-24, 2.20081917643e-24, 2.45624050463e-24, 2.41439991386e-24, 2.72361287833e-24, 1.49944580522e-24, 3.05294337359e-24, 3.35047291362e-24, 2.85774940614e-24, 2.64396297323e-24, 2.62423632301e-24, 2.51684079937e-24, 4.35882213838e-24, 2.99093594822e-24, 3.95133564335e-24, 4.11188027605e-24, 4.65194510139e-24, 2.95395513506e-24, 4.50765889195e-24, 4.37744674992e-24, 4.24239021307e-24, 4.05421296616e-24, 5.01734744484e-24, 5.38975960629e-24, 5.59719886436e-24, 5.32000615847e-24, 6.058491984e-24, 5.90301499376e-24, 5.99209711149e-24], "median": [0.00113610108383, 0.0022606512066, 0.000631169590633, 0.000118178606499, 7.30653919163e-05, 0.000118105250294, 9.23331463127e-05, 4.0381863073e-05, 4.79531954625e-05, 3.1730356568e-05, 2.18839995796e-05, 1.04104701677e-05, 7.03999512552e-06, 6.12800749877e-06, 5.96468044023e-06, 4.83082249048e-06, 1.27295907077e-05, 9.6718677014e-06, 1.79095161457e-06, 1.18364539503e-06, 1.36592200306e-06, 8.2808520574e-07, 4.17612540105e-07, 1.66448376149e-06, 7.05910952092e-06, 1.58567581821e-06, 3.00003875964e-07, 1.43968406974e-07, 1.27715324538e-07, 2.70166680139e-07, 6.24485920753e-08, 1.20498562239e-08, 2.51293528208e-08, 3.64465151392e-08, 1.52633852224e-08, 8.64369997799e-09, 9.89092185932e-09, 4.61948657104e-09, 3.46806916518e-09, 2.71831601673e-09], "dvar2": [1.10817916266e-06, 3.69560393665e-06, 7.68364486703e-07, 4.43562662156e-08, 1.50585606207e-07, 5.97683651904e-07, 6.78669266563e-07, 1.79539028977e-06, 9.34629383664e-07, 4.2158202973e-07, 1.0033251101e-06, 6.44761115609e-08, 2.82994925271e-08, 2.24119478531e-08, 1.63802639008e-07, 1.16049491794e-07, 1.40282327266e-06, 9.98818094899e-08, 1.04131259171e-10, 6.17980042139e-11, 3.34251210043e-10, 2.03955255462e-10, 7.13873751779e-11, 4.70627599392e-11, 1.89399260164e-10, 4.32880051249e-11, 1.52641059514e-11, 3.37773645859e-12, 1.24618761491e-12, 4.42918108873e-13, 7.03317991953e-13, 2.1331760143e-12, 3.08952277824e-12, 1.68990190764e-12, 1.77475362965e-12, 2.84215413791e-13, 2.552946461e-13, 1.73338285999e-13, 6.07575377813e-14, 4.37404527474e-14], "var": [3.89376236853e-06, 3.15906945616e-05, 9.30382668685e-07, 1.09007935123e-07, 1.31544993565e-07, 6.15240708157e-07, 8.284686146e-07, 1.3378192989e-06, 8.95857056094e-07, 3.7970738731e-07, 8.74618251601e-07, 6.97488289347e-08, 2.95722735189e-08, 3.0308335397e-08, 1.52837500877e-07, 1.3222062023e-07, 1.39326584758e-06, 9.56218855208e-08, 7.35397506779e-11, 3.45146619618e-11, 1.59692467583e-10, 2.56968474277e-10, 4.33370110631e-11, 3.65060273677e-11, 1.62872160203e-10, 5.04138952806e-11, 2.88272912485e-11, 4.13654136985e-12, 1.26182191865e-12, 4.12063016087e-13, 4.33889577912e-13, 9.55384426085e-13, 1.20661813874e-12, 1.47602654925e-12, 1.03537209188e-12, 1.68918535843e-13, 1.95653538401e-13, 1.19119286917e-13, 3.91512112985e-14, 3.88460490446e-14], "dmean2": [0.000461738993181, 0.00104212551378, 0.000433430890553, 0.000107986983494, 0.000138962379424, 0.00032531665056, 0.000298837054288, 0.000318159582093, 0.000283858098555, 0.000206034397706, 0.000317194702802, 4.76056484331e-05, 3.57032477041e-05, 4.17133742303e-05, 8.53652527439e-05, 7.25851932657e-05, 0.000318998674629, 6.89745647833e-05, 4.55974213764e-06, 2.32632669395e-06, 4.79671325593e-06, 3.60693434232e-06, 1.36595826916e-06, 3.01910199596e-06, 1.05254885057e-05, 3.70330917576e-06, 1.29350553379e-06, 5.34541356956e-07, 2.88237430368e-07, 3.68983393173e-07, 2.33635489622e-07, 1.4444336216e-07, 1.56019126507e-07, 1.61454408953e-07, 1.12385031059e-07, 6.02683201123e-08, 5.86754111964e-08, 4.05654176916e-08, 2.79178475893e-08, 2.17654569923e-08], "max": [0.0217458922416, 0.04517782107, 0.00739181414247, 0.0035154952202, 0.00813857186586, 0.0126710077748, 0.0198513381183, 0.0201446469873, 0.0193698387593, 0.0129739064723, 0.0120626762509, 0.00631325086579, 0.00390710635111, 0.00349494698457, 0.00654978957027, 0.00530756777152, 0.0142909893766, 0.00627296185121, 0.000155698915478, 0.000249807373621, 0.000905697757844, 0.000494518666528, 0.000238099994021, 0.000162705924595, 0.000158901209943, 0.000189377562492, 0.000116836912639, 6.579769979e-05, 3.32500021614e-05, 2.23603492486e-05, 2.82941418845e-05, 5.30945508217e-05, 6.11204595771e-05, 6.8513021688e-05, 6.55408730381e-05, 1.31015804072e-05, 1.47366763485e-05, 1.45404274008e-05, 7.78249614086e-06, 1.14264921649e-05], "dmean": [0.000366352207493, 0.00082423054846, 0.000273683224805, 7.9540121078e-05, 8.51424847497e-05, 0.000198863257538, 0.000188899663044, 0.000202490482479, 0.000176456203917, 0.000131048160256, 0.000190967475646, 3.07073933072e-05, 2.24941923079e-05, 2.63310157607e-05, 5.12149817951e-05, 4.4242497097e-05, 0.000192218809389, 4.12932931795e-05, 2.75559386864e-06, 1.42411420256e-06, 2.87212105832e-06, 2.30964815273e-06, 9.14853671929e-07, 1.83999827641e-06, 6.38794108454e-06, 2.34731442106e-06, 8.81257108176e-07, 3.54135721636e-07, 1.84107960877e-07, 2.20160117692e-07, 1.39317236858e-07, 9.34028960842e-08, 9.94628592821e-08, 1.07761451318e-07, 7.43373576029e-08, 3.87688992021e-08, 3.84920078034e-08, 2.75386859983e-08, 1.80684764928e-08, 1.48776475584e-08]}, "spectral_decrease": {"dvar": 5.37202357219e-18, "mean": -8.17620193772e-09, "min": -3.78363900211e-08, "median": -7.21613790944e-09, "dvar2": 1.42587541107e-17, "var": 3.78446677684e-17, "dmean2": 2.75844835862e-09, "max": 2.62417608647e-28, "dmean": 1.79640569087e-09}, "spectral_rolloff": {"dvar": 155505.28125, "mean": 1020.89233398, "min": 64.599609375, "median": 516.796875, "dvar2": 388190.03125, "var": 6386740.5, "dmean2": 252.470657349, "max": 19724.4140625, "dmean": 143.76008606}, "melbands_crest": {"dvar": 5.79068470001, "mean": 17.9704990387, "min": 1.00114524364, "median": 17.2214221954, "dvar2": 15.2822980881, "var": 41.7246818542, "dmean2": 3.86840081215, "max": 35.7435302734, "dmean": 2.42918467522}, "barkbands_skewness": {"dvar": 0.278193831444, "mean": 1.91594004631, "min": -6.14329814911, "median": 1.75317370892, "dvar2": 0.709631562233, "var": 4.25582313538, "dmean2": 0.822588503361, "max": 11.166308403, "dmean": 0.521149158478}, "spectral_centroid": {"dvar": 42770.6679688, "mean": 1040.04455566, "min": 100.879074097, "median": 803.947021484, "dvar2": 99782.2421875, "var": 1960727.25, "dmean2": 272.70324707, "max": 11792.8271484, "dmean": 168.532180786}, "spectral_energyband_middle_low": {"dvar": 4.13675224991e-05, "mean": 0.0099119823426, "min": 1.28554413945e-22, "median": 0.00689395517111, "dvar2": 0.000108932086732, "var": 0.000112495596113, "dmean2": 0.00640699872747, "max": 0.118557170033, "dmean": 0.00393352052197}, "erbbands_crest": {"dvar": 6.82424688339, "mean": 12.5076551437, "min": 2.72351980209, "median": 11.1305027008, "dvar2": 18.0430355072, "var": 38.0374565125, "dmean2": 4.7217168808, "max": 33.6933479309, "dmean": 2.86417174339}, "dynamic_complexity": 5.0869140625, "spectral_energyband_low": {"dvar": 2.49201566476e-05, "mean": 0.0171061120927, "min": 9.15123851786e-24, "median": 0.0121689625084, "dvar2": 5.66083144804e-05, "var": 0.000307887472445, "dmean2": 0.00418958533555, "max": 0.138752311468, "dmean": 0.00320671522059}, "silence_rate_60dB": {"dvar": 0.0120954066515, "mean": 0.11459582299, "min": 0, "median": 0, "dvar2": 0.0257833562791, "var": 0.101477511227, "dmean2": 0.0244872197509, "max": 1, "dmean": 0.0122428368777}, "erbbands_kurtosis": {"dvar": 11.6742515564, "mean": 1.46051836014, "min": -1.89081394672, "median": 0.284529447556, "dvar2": 30.9648990631, "var": 22.3936481476, "dmean2": 2.81443977356, "max": 113.620803833, "dmean": 1.65964376926}, "spectral_complexity": {"dvar": 2.054718256, "mean": 10.2496376038, "min": 0, "median": 11, "dvar2": 5.1163649559, "var": 21.1427059174, "dmean2": 2.57810044289, "max": 37, "dmean": 1.52328658104}, "barkbands_crest": {"dvar": 4.33128452301, "mean": 13.0118684769, "min": 3.30840086937, "median": 12.6626415253, "dvar2": 11.6996078491, "var": 18.358751297, "dmean2": 3.5192759037, "max": 26.2264633179, "dmean": 2.16514253616}, "spectral_energy": {"dvar": 8.97658537724e-05, "mean": 0.0322460643947, "min": 9.66974620751e-21, "median": 0.0281637907028, "dvar2": 0.000240497116465, "var": 0.000599679886363, "dmean2": 0.0110798217356, "max": 0.14444334805, "dmean": 0.00718238577247}, "spectral_spread": {"dvar": 225046511616, "mean": 3161917.75, "min": 125520.9375, "median": 2427838.75, "dvar2": 458120134656, "var": 25690766311400.0, "dmean2": 445250.03125, "max": 42724700, "dmean": 270128.1875}, "spectral_contrast_valleys": {"dvar": [0.0824147984385, 0.0675147920847, 0.0539563931525, 0.0383025892079, 0.0346773974597, 0.0631373301148], "mean": [-7.68480348587, -7.57664728165, -8.44630622864, -9.03535556793, -9.69745445251, -12.8491783142], "min": [-28.361120224, -28.0230731964, -27.8581504822, -27.8084392548, -27.5244655609, -27.400680542], "median": [-7.1017832756, -6.93597412109, -7.84110689163, -8.41537380219, -9.14288234711, -12.5158004761], "dvar2": [0.201862096786, 0.161395654082, 0.124716483057, 0.0859259516001, 0.0691061913967, 0.128637373447], "var": [8.51297664642, 8.79607009888, 7.91767597198, 7.75187969208, 7.24580860138, 5.31214523315], "dmean2": [0.547575354576, 0.46875461936, 0.406124264002, 0.32724955678, 0.252226322889, 0.272231161594], "max": [-5.52879047394, -5.27990627289, -5.91620111465, -6.4092335701, -5.86186933517, -8.48659038544], "dmean": [0.329242736101, 0.283490151167, 0.242604613304, 0.195385187864, 0.156020388007, 0.174771845341]}, "spectral_rms": {"dvar": 4.11267279787e-07, "mean": 0.00506799202412, "min": 3.07146517421e-12, "median": 0.00524183828384, "dvar2": 1.10140058496e-06, "var": 5.77511946176e-06, "dmean2": 0.000891607487574, "max": 0.0118709877133, "dmean": 0.000582891865633}, "barkbands_spread": {"dvar": 13.8180503845, "mean": 11.7488412857, "min": 0.128945171833, "median": 10.3746795654, "dvar2": 33.9031524658, "var": 66.6220016479, "dmean2": 4.59048748016, "max": 99.278755188, "dmean": 2.8407933712}, "pitch_salience": {"dvar": 0.00243512447923, "mean": 0.428313553333, "min": 0.0711859613657, "median": 0.429470211267, "dvar2": 0.00632382789627, "var": 0.0152455130592, "dmean2": 0.0845910981297, "max": 0.996022045612, "dmean": 0.0527590811253}, "erbbands_skewness": {"dvar": 0.221398055553, "mean": 0.357158988714, "min": -6.16348552704, "median": 0.44148093462, "dvar2": 0.600547015667, "var": 1.12552893162, "dmean2": 0.769130468369, "max": 7.73733997345, "dmean": 0.467547029257}, "spectral_energyband_middle_high": {"dvar": 4.62610405521e-05, "mean": 0.00622435007244, "min": 1.13878253814e-21, "median": 0.00117585202679, "dvar2": 0.00012921783491, "var": 0.000166883488419, "dmean2": 0.00425858516246, "max": 0.128076717257, "dmean": 0.00254259444773}, "erbbands": {"dvar": [0.00751549191773, 0.398662775755, 11.54433918, 11.5863399506, 3.84341812134, 6.22185611725, 53.7524871826, 409.193389893, 1506.89526367, 4312.44335938, 4045.26318359, 3372.34765625, 14249.8984375, 965.007263184, 1604.00537109, 2946.24707031, 3701.08886719, 111577.4375, 6393.78027344, 14.7832946777, 65.3321533203, 60.0782279968, 21.7525882721, 72.4768676758, 13.599738121, 3.69420433044, 0.858533978462, 0.676537752151, 2.9862947464, 2.41448354721, 1.55776882172, 0.284071743488, 0.108669258654, 0.0282357931137, 0.00849547889084, 0.000652087095659, 3.624639794e-05, 4.05842513373e-07, 5.18320164566e-10, 1.26417626367e-10], "mean": [0.158275559545, 2.21427512169, 9.54453086853, 5.35716485977, 3.18309640884, 2.97496747971, 5.75571298599, 15.5025701523, 27.8402671814, 30.1527938843, 36.8004875183, 33.6380233765, 65.4687423706, 13.8613080978, 16.5389957428, 26.5898399353, 34.2180175781, 169.143280029, 38.4355125427, 3.50990867615, 3.63412308693, 3.99758243561, 2.68594789505, 11.5739679337, 4.37298154831, 1.51081109047, 0.603915333748, 0.503467917442, 0.255378395319, 0.275617331266, 0.156798049808, 0.0895624160767, 0.0502657219768, 0.0284170992672, 0.0134865706787, 0.00430023763329, 0.000912659103051, 9.70543624135e-05, 1.8295193513e-05, 3.6618032027e-05], "min": [4.37085392379e-23, 3.45085877703e-22, 1.98955355012e-21, 1.69840354401e-21, 5.72011347503e-21, 2.44790046677e-20, 3.22926367444e-20, 4.4218125485e-20, 1.06445129666e-19, 1.54839628671e-19, 1.74716778791e-19, 2.1839333685e-19, 3.61466373006e-19, 5.60157870328e-19, 5.93117812413e-19, 1.03917376866e-18, 1.2804683504e-18, 1.39644165722e-18, 2.39143333122e-18, 2.82629892965e-18, 2.94971965371e-18, 3.21158125421e-18, 5.18678350504e-18, 5.18668589773e-18, 6.85494872021e-18, 7.12665397679e-18, 7.66638105467e-18, 8.61766440171e-18, 9.94419988799e-18, 1.00233130961e-17, 1.13127015555e-17, 1.03307165728e-17, 9.34891936017e-18, 8.08368705626e-18, 6.03766615087e-18, 3.99251337153e-18, 2.09708338499e-18, 9.21085878003e-19, 2.41014968845e-19, 2.4835459735e-20], "median": [0.0762886032462, 1.52631318569, 3.0902132988, 3.59641122818, 1.79923844337, 1.42897093296, 2.45376038551, 4.61560297012, 6.44468545914, 4.90352630615, 6.33205127716, 5.92991924286, 5.06939840317, 3.52874946594, 2.67391729355, 2.84674263, 3.46177721024, 6.96896791458, 5.57084274292, 1.77637457848, 1.38369679451, 0.960640609264, 1.41192471981, 7.77876091003, 2.08653402328, 0.431591451168, 0.353596776724, 0.315042972565, 0.0435762703419, 0.0622332021594, 0.0245143398643, 0.0169186927378, 0.00675230100751, 0.00398272648454, 0.00154543761164, 0.000427174003562, 0.000100420009403, 1.05775516204e-05, 1.47204609675e-05, 3.15215729643e-05], "dvar2": [0.0150669300929, 0.675697445869, 25.8421401978, 35.7138595581, 11.43800354, 15.8972949982, 150.699691772, 1090.38256836, 3587.27661133, 11187.4414062, 10969.6171875, 8382.76757812, 39374.6679688, 2168.08300781, 4005.95458984, 8396.80761719, 9537.18164062, 302152.25, 18182.2011719, 39.7942886353, 173.863220215, 134.194015503, 55.6945953369, 188.881561279, 26.8622245789, 7.28783941269, 1.74523437023, 1.5018966198, 7.5340924263, 5.10053348541, 3.58371973038, 0.596553146839, 0.228568822145, 0.0529879666865, 0.0145746422932, 0.00101136416197, 7.25461577531e-05, 6.82597658397e-07, 1.24095778098e-09, 3.4164157614e-10], "var": [0.0395745784044, 4.37200164795, 213.569412231, 35.9235649109, 16.2267456055, 24.8327560425, 130.336425781, 1041.18969727, 4482.58935547, 8661.98535156, 10013.1660156, 8127.234375, 33972.7304688, 2400.5402832, 4259.94287109, 8904.00390625, 12142.2539062, 301221.96875, 17965.8808594, 32.7174110413, 87.5175323486, 181.120727539, 29.6211566925, 169.141952515, 51.0423812866, 11.0866394043, 2.02662229538, 1.14770066738, 3.13788747787, 3.78652215004, 2.10787057877, 0.465426027775, 0.169022798538, 0.0486011505127, 0.0153048029169, 0.00153957691509, 6.41471706331e-05, 8.42559245484e-07, 7.69900310171e-10, 7.92466814392e-10], "dmean2": [0.0452294535935, 0.496781110764, 2.55085587502, 2.81894564629, 1.57410979271, 1.69896352291, 4.48578357697, 13.7095394135, 21.5438213348, 26.3698177338, 31.9091415405, 29.0489673615, 62.853427887, 11.1341676712, 13.2727556229, 22.4627666473, 26.9451274872, 148.978393555, 33.0878639221, 2.74791765213, 3.67470121384, 2.94885373116, 2.00443911552, 10.7249231339, 3.03324151039, 0.899059891701, 0.427810639143, 0.483406245708, 0.259014815092, 0.265568703413, 0.162604928017, 0.0893060863018, 0.0492872074246, 0.0256548784673, 0.011700252071, 0.0031226221472, 0.000669434724841, 7.93756044004e-05, 7.66929406382e-06, 1.28368874357e-05], "max": [2.28727507591, 16.099363327, 114.923736572, 50.5345153809, 41.9626274109, 113.031272888, 259.360809326, 540.995056152, 1511.95361328, 1851.35656738, 1689.86340332, 1984.01367188, 2437.68701172, 1157.10668945, 1572.2890625, 1403.23876953, 2078.3684082, 6253.18457031, 2808.9609375, 125.77961731, 581.359680176, 374.741943359, 233.910140991, 173.995880127, 169.959121704, 74.2648162842, 46.0301856995, 46.2508888245, 96.1073150635, 86.0118865967, 89.6101226807, 22.1829833984, 16.9328365326, 11.3650016785, 9.27444553375, 2.65179562569, 0.691730320454, 0.0683952569962, 0.00157703540754, 0.000170618761331], "dmean": [0.0341666415334, 0.41008234024, 1.97053933144, 1.76022005081, 1.11707699299, 1.13019454479, 2.75588202477, 8.32114887238, 13.6470842361, 16.8578262329, 19.7659244537, 18.5107307434, 37.831943512, 7.08442258835, 8.27692890167, 13.3653488159, 16.6144447327, 89.6564025879, 19.4816093445, 1.66802823544, 2.18891072273, 1.91583049297, 1.25409829617, 6.50120401382, 1.97874712944, 0.616592645645, 0.271123230457, 0.287900298834, 0.168089210987, 0.178080335259, 0.110010758042, 0.0596375241876, 0.033882945776, 0.017621004954, 0.00827225856483, 0.00227936706506, 0.000484266725834, 5.57329731237e-05, 4.98834015161e-06, 8.28817974252e-06]}, "dissonance": {"dvar": 0.00128819036763, "mean": 0.430837452412, "min": 0.0788443684578, "median": 0.439626395702, "dvar2": 0.00372093333863, "var": 0.00239341869019, "dmean2": 0.0543447695673, "max": 0.500000178814, "dmean": 0.0318262837827}, "erbbands_flatness_db": {"dvar": 0.000257059029536, "mean": 0.241027012467, "min": 0.0655985027552, "median": 0.225910633802, "dvar2": 0.000664322345983, "var": 0.00549503276125, "dmean2": 0.0270692966878, "max": 0.661329567432, "dmean": 0.0168226249516}, "melbands_kurtosis": {"dvar": 214.982711792, "mean": 23.4184532166, "min": -1.91073858738, "median": 8.73753833771, "dvar2": 541.734069824, "var": 2014.78540039, "dmean2": 12.3608360291, "max": 449.825317383, "dmean": 7.87923240662}, "melbands_spread": {"dvar": 29.3186473846, "mean": 15.5478181839, "min": 0.320077478886, "median": 10.2301416397, "dvar2": 66.6672744751, "var": 390.937744141, "dmean2": 5.50714206696, "max": 249.668930054, "dmean": 3.42568993568}, "melbands_skewness": {"dvar": 0.448501586914, "mean": 2.92898607254, "min": -3.90257549286, "median": 2.36307859421, "dvar2": 1.08800184727, "var": 7.56923627853, "dmean2": 1.07150423527, "max": 17.8692188263, "dmean": 0.68147957325}, "spectral_entropy": {"dvar": 0.0215624570847, "mean": 6.5731754303, "min": 3.78194451332, "median": 6.58256673813, "dvar2": 0.0539686307311, "var": 0.558677256107, "dmean2": 0.234836369753, "max": 9.82495689392, "dmean": 0.146597951651}, "zerocrossingrate": {"dvar": 3.88798034692e-05, "mean": 0.0379022657871, "min": 0.00244140625, "median": 0.02587890625, "dvar2": 6.46564076305e-05, "var": 0.00448430841789, "dmean2": 0.00553315551952, "max": 0.52978515625, "dmean": 0.0042238207534}, "average_loudness": 0.808597385883, "spectral_contrast_coeffs": {"dvar": [0.00102676195092, 0.00128018460236, 0.000930465583224, 0.000533104350325, 0.000321497296682, 0.000174049229827], "mean": [-0.666436493397, -0.706037938595, -0.742781400681, -0.736207067966, -0.724996685982, -0.747521579266], "min": [-0.979828000069, -0.986854255199, -0.994642019272, -0.993758499622, -0.990497767925, -0.965419709682], "median": [-0.663479566574, -0.710449934006, -0.762355864048, -0.762198925018, -0.718662619591, -0.738447070122], "dvar2": [0.00286666071042, 0.00357925100252, 0.00249775196426, 0.00151826790534, 0.000868402363267, 0.000478587957332], "var": [0.0087721273303, 0.00961835216731, 0.0110506005585, 0.0112960543483, 0.00491786329076, 0.00277294288389], "dmean2": [0.0645744949579, 0.0706936791539, 0.0604583024979, 0.0490234084427, 0.0368728451431, 0.0267461258918], "max": [-0.390015870333, -0.332533568144, -0.272034108639, -0.28019464016, -0.515349566936, -0.609915912151], "dmean": [0.0390889048576, 0.0427930876613, 0.036539722234, 0.0290003307164, 0.0223411694169, 0.0159069895744]}, "barkbands_flatness_db": {"dvar": 0.000336356664775, "mean": 0.260017514229, "min": 0.0448015742004, "median": 0.246743962169, "dvar2": 0.000830027391203, "var": 0.00856128521264, "dmean2": 0.0277443062514, "max": 0.733954668045, "dmean": 0.0179991163313}, "silence_rate_30dB": {"dvar": 0.00314578530379, "mean": 0.996907949448, "min": 0, "median": 1, "dvar2": 0.008290046826, "var": 0.00308307190426, "dmean2": 0.00631113909185, "max": 1, "dmean": 0.00315537047572}, "spectral_energyband_high": {"dvar": 1.57549262525e-08, "mean": 4.38019087596e-05, "min": 6.92270120364e-21, "median": 1.93990836124e-05, "dvar2": 3.31696625722e-08, "var": 2.69417697041e-08, "dmean2": 3.11461371894e-05, "max": 0.00597695028409, "dmean": 2.09725949389e-05}, "melbands_flatness_db": {"dvar": 0.000402200472308, "mean": 0.345700353384, "min": 3.8397621438e-07, "median": 0.332950532436, "dvar2": 0.000919065787457, "var": 0.012529399246, "dmean2": 0.0272646974772, "max": 0.919860720634, "dmean": 0.0182400867343}, "barkbands": {"dvar": [1.88364204234e-08, 7.35492358217e-06, 1.19925052786e-05, 5.87294266552e-07, 6.4721501758e-07, 4.36307527707e-06, 4.89709736939e-06, 1.52438406076e-05, 1.31774986585e-05, 1.00051393019e-05, 5.06522496835e-07, 2.14220381167e-06, 3.10374275614e-06, 4.00734061259e-05, 7.02521996132e-09, 1.6717146778e-08, 1.86344024655e-08, 7.30537497162e-09, 1.90891551455e-08, 2.96434365943e-09, 3.38222505558e-10, 2.21853957427e-09, 1.91815519024e-09, 4.64188382177e-10, 1.71445288522e-10, 1.61244750191e-11, 1.68311358909e-14], "mean": [8.11383579276e-05, 0.00811394676566, 0.00827498454601, 0.000886772584636, 0.00106005987618, 0.0017389979912, 0.00148596253712, 0.00183797697537, 0.00197821622714, 0.00144651893061, 0.00028955747257, 0.000642118859105, 0.000637019635178, 0.0032803225331, 6.06282956142e-05, 4.79569243907e-05, 6.96079659974e-05, 5.49201649847e-05, 0.00018908813945, 3.6726181861e-05, 1.38595105454e-05, 6.79442609908e-06, 6.53580582366e-06, 3.61225966117e-06, 2.20854053623e-06, 6.42669306217e-07, 1.62456785802e-08], "min": [3.07107248188e-25, 1.39133212234e-24, 1.10366235755e-24, 5.01330867422e-25, 5.73919895489e-24, 5.84732575259e-24, 5.74214771696e-24, 2.9368380367e-24, 8.07227164816e-24, 9.33233021613e-24, 1.08853598914e-23, 2.41666623236e-23, 2.38009716515e-23, 2.25046807021e-23, 4.54164956729e-23, 5.05695686086e-23, 5.01185862954e-23, 9.26144790835e-23, 1.03371272791e-22, 1.50275894608e-22, 2.01368219251e-22, 3.01940840742e-22, 3.76430792455e-22, 5.10965832291e-22, 7.85676784929e-22, 1.1488835928e-21, 1.82018024177e-21], "median": [3.60082376574e-05, 0.0053220288828, 0.00321742985398, 0.000482465984533, 0.000530310207978, 0.000616511271801, 0.00036953057861, 0.00023534434149, 0.000269336451311, 9.26800785237e-05, 5.50868608116e-05, 5.8598605392e-05, 4.92034087074e-05, 0.000175204215338, 2.85154910671e-05, 1.56886853802e-05, 1.42831968333e-05, 2.21715345106e-05, 0.000129668653244, 8.75109617482e-06, 9.62203102972e-06, 1.16579883525e-06, 1.12795362384e-06, 6.14902035068e-07, 2.94545344559e-07, 6.42660680228e-08, 7.50127848725e-10], "dvar2": [4.82605706509e-08, 1.3199301975e-05, 3.08709604724e-05, 1.85439614597e-06, 1.78799530204e-06, 1.15796492537e-05, 1.18226116683e-05, 4.11621695093e-05, 3.35586955771e-05, 2.65401122306e-05, 1.33901221488e-06, 5.78702702114e-06, 7.37422988095e-06, 0.000108947773697, 1.69694569507e-08, 4.5204828325e-08, 4.55321256254e-08, 1.83324040393e-08, 4.69510474943e-08, 6.05369354645e-09, 7.07728320393e-10, 5.49322276555e-09, 4.01920496884e-09, 9.46973832683e-10, 2.9942778812e-10, 2.69107288536e-11, 3.71254337494e-14], "var": [2.52455834016e-08, 5.83064684179e-05, 0.000149420433445, 1.60231263635e-06, 2.63577499027e-06, 1.14273798317e-05, 1.33187468236e-05, 2.98784761981e-05, 2.96276066365e-05, 2.45677110797e-05, 1.17870649774e-06, 5.46009459867e-06, 7.72674866312e-06, 0.000107205058157, 1.23075079017e-08, 2.04609644783e-08, 4.78158028727e-08, 1.18010117234e-08, 4.74696726371e-08, 7.6863075904e-09, 7.07161718072e-10, 2.40878539337e-09, 3.07849079562e-09, 7.77788999873e-10, 3.18752274575e-10, 3.54779018663e-11, 2.34100052169e-14], "dmean2": [0.000102300858998, 0.00193642033264, 0.00263643707149, 0.000662870297674, 0.000595427700318, 0.00150139781181, 0.00116948410869, 0.00166754913516, 0.00184667331632, 0.00137653131969, 0.00024712405866, 0.000607672380283, 0.000579827057663, 0.00293974298984, 5.59743020858e-05, 5.36061343155e-05, 5.34490718564e-05, 4.85071650473e-05, 0.000182961972314, 2.65228445642e-05, 1.19164296848e-05, 7.12235168976e-06, 6.51953769193e-06, 3.51277549271e-06, 1.90272839973e-06, 4.54854102827e-07, 2.22417924078e-08], "max": [0.00597735401243, 0.0742460861802, 0.0976595208049, 0.0142444232479, 0.0263986922801, 0.0503025092185, 0.0849816203117, 0.0912989228964, 0.0956911891699, 0.0724229067564, 0.0221665650606, 0.0343063361943, 0.0528022199869, 0.118389040232, 0.00308572128415, 0.0089561259374, 0.00814711116254, 0.00374934100546, 0.00461203418672, 0.00184353778604, 0.00102359836455, 0.00248602614738, 0.00345137086697, 0.000899338861927, 0.00115416385233, 0.000452167732874, 9.52378013608e-06], "dmean": [6.14962264081e-05, 0.00156110350508, 0.00189715437591, 0.00039515082608, 0.000407049112255, 0.000917476718314, 0.000749542959966, 0.0010546410922, 0.00116986187641, 0.000839313142933, 0.000155971938511, 0.000371361966245, 0.000374267663574, 0.00176436069887, 3.39005600836e-05, 3.19493701681e-05, 3.44094478351e-05, 2.97850911011e-05, 0.000111929934064, 1.78527461685e-05, 7.1956606007e-06, 4.60866704088e-06, 4.44856732429e-06, 2.40020926867e-06, 1.33289074711e-06, 3.36283619617e-07, 1.36183926358e-08]}, "erbbands_spread": {"dvar": 41.5146636963, "mean": 29.3159160614, "min": 0.657634019852, "median": 27.7541122437, "dvar2": 105.555870056, "var": 317.145294189, "dmean2": 10.2796916962, "max": 147.906417847, "dmean": 6.32538557053}, "barkbands_kurtosis": {"dvar": 49.1392707825, "mean": 10.0189218521, "min": -1.92303836346, "median": 4.22639846802, "dvar2": 128.654602051, "var": 311.003692627, "dmean2": 6.25910043716, "max": 188.33555603, "dmean": 3.92160487175}, "spectral_flux": {"dvar": 0.000382106867619, "mean": 0.0564435049891, "min": 6.33912367043e-11, "median": 0.0482045076787, "dvar2": 0.00105560524389, "var": 0.00135022599716, "dmean2": 0.0274815931916, "max": 0.288931041956, "dmean": 0.0163070354611}, "silence_rate_20dB": {"dvar": 0, "mean": 1, "min": 1, "median": 1, "dvar2": 0, "var": 0, "dmean2": 0, "max": 1, "dmean": 0}, "gfcc": {"cov": [[34742.2734375, 2957.70532227, -3791.47924805, 1068.12304688, -1286.53051758, -48.6882171631, -772.812744141, 513.766052246, -721.245300293, 422.077880859, 309.054992676, -364.161224365, -802.377746582], [2957.70532227, 1812.47241211, 165.910003662, 180.200256348, -8.34826183319, -312.659088135, 46.7797355652, -195.146636963, 50.1705474854, -83.335975647, 199.238327026, -38.8841362, 19.9343662262], [-3791.47924805, 165.910003662, 1669.13134766, 192.175003052, 63.0818595886, -156.811752319, 24.8348426819, -91.5408248901, 6.26910352707, -6.53799295425, 46.3091430664, 158.274551392, 32.9102478027], [1068.12304688, 180.200256348, 192.175003052, 627.596801758, -56.117401123, -129.821533203, -88.9523544312, -113.776596069, -48.39402771, -55.0903816223, 25.705663681, 46.0556106567, -15.3585481644], [-1286.53051758, -8.34826183319, 63.0818595886, -56.117401123, 266.104125977, 69.8931503296, 83.4907913208, -64.672416687, 90.8888320923, -27.0567531586, -27.8381538391, -43.2813568115, 46.2339324951], [-48.6882171631, -312.659088135, -156.811752319, -129.821533203, 69.8931503296, 267.53616333, 45.2112731934, 49.1919326782, 14.1364593506, 20.3194828033, -42.0860366821, -55.7674217224, -30.6215267181], [-772.812744141, 46.7797355652, 24.8348426819, -88.9523544312, 83.4907913208, 45.2112731934, 199.463180542, 11.305562973, 45.4323501587, -34.3289413452, 45.7511405945, -61.3089179993, -26.931848526], [513.766052246, -195.146636963, -91.5408248901, -113.776596069, -64.672416687, 49.1919326782, 11.305562973, 170.399703979, -36.8009033203, 43.59633255, 12.5431919098, 4.40480566025, -51.0333137512], [-721.245300293, 50.1705474854, 6.26910352707, -48.39402771, 90.8888320923, 14.1364593506, 45.4323501587, -36.8009033203, 157.120285034, -7.71039009094, -6.4958987236, -8.54604816437, 49.5410232544], [422.077880859, -83.335975647, -6.53799295425, -55.0903816223, -27.0567531586, 20.3194828033, -34.3289413452, 43.59633255, -7.71039009094, 117.744750977, 34.7915344238, 18.9096698761, -17.0719184875], [309.054992676, 199.238327026, 46.3091430664, 25.705663681, -27.8381538391, -42.0860366821, 45.7511405945, 12.5431919098, -6.4958987236, 34.7915344238, 200.020187378, 26.2736549377, -41.4254417419], [-364.161224365, -38.8841362, 158.274551392, 46.0556106567, -43.2813568115, -55.7674217224, -61.3089179993, 4.40480566025, -8.54604816437, 18.9096698761, 26.2736549377, 151.863891602, 51.6082077026], [-802.377746582, 19.9343662262, 32.9102478027, -15.3585481644, 46.2339324951, -30.6215267181, -26.931848526, -51.0333137512, 49.5410232544, -17.0719184875, -41.4254417419, 51.6082077026, 147.677520752]], "mean": [-119.446395874, 163.149978638, -118.386100769, 30.7931098938, -34.1549339294, 4.42777633667, -14.4702920914, 5.99208450317, -10.7208614349, 0.984704017639, 1.94629561901, -17.1983776093, -10.9767942429], "icov": [[0.000189831698663, -0.000552960729692, 0.000419422984123, -0.000473545573186, 0.000292562879622, -0.000454439606983, 0.000409074447816, -0.000690986926202, 0.000283958157524, -0.000759763352107, 0.000371261005057, -1.52648735821e-05, 0.000539719418157], [-0.000552960729692, 0.0025472745765, -0.00124646758195, 0.00147756375372, -0.000722012249753, 0.00222020084038, -0.00107534637209, 0.00277224369347, -0.00105013896246, 0.00269715767354, -0.00210272846743, 0.000811229401734, -0.00167774816509], [0.000419422984123, -0.00124646758195, 0.00170618330594, -0.00118788704276, 0.00028129684506, -0.00064721214585, 0.000364254607121, -0.00119885837194, 0.000783425697591, -0.00197811075486, 0.00109531311318, -0.00114631955512, 0.0015895703109], [-0.000473545573186, 0.00147756375372, -0.00118788704276, 0.00355765409768, -0.00055673904717, 0.00166368077043, 6.02348445682e-05, 0.00330554833636, -0.00040956333396, 0.00312791741453, -0.00144663441461, -0.000287399365334, -0.000271458033239], [0.000292562879622, -0.000722012249753, 0.00028129684506, -0.00055673904717, 0.00706468289718, -0.00226046727039, -0.00127111386973, 0.00114905287046, -0.00158260017633, -0.00124309945386, 0.000853702949826, 0.00119910249487, -0.000741121009924], [-0.000454439606983, 0.00222020084038, -0.00064721214585, 0.00166368077043, -0.00226046727039, 0.00735249184072, -0.00149083219003, 0.00130822090432, -0.00073586095823, 0.0011421010131, -0.000467236997792, 0.0010110278381, -0.000144583769725], [0.000409074447816, -0.00107534637209, 0.000364254607121, 6.02348445682e-05, -0.00127111386973, -0.00149083219003, 0.0104494569823, -0.00314517552033, -0.00110735138878, 0.00253867940046, -0.00281802122481, 0.00314544676803, 0.0019757123664], [-0.000690986926202, 0.00277224369347, -0.00119885837194, 0.00330554833636, 0.00114905287046, 0.00130822090432, -0.00314517552033, 0.0130306398496, -0.000129891413962, 0.000964959093835, -0.00131093722302, -0.00167744827922, 0.000696965376846], [0.000283958157524, -0.00105013896246, 0.000783425697591, -0.00040956333396, -0.00158260017633, -0.00073586095823, -0.00110735138878, -0.000129891413962, 0.00953315850347, -0.0022173137404, 0.000757089583203, -0.000218770466745, -0.00160211068578], [-0.000759763352107, 0.00269715767354, -0.00197811075486, 0.00312791741453, -0.00124309945386, 0.0011421010131, 0.00253867940046, 0.000964959093835, -0.0022173137404, 0.0155031010509, -0.00511322543025, 0.000319574784953, -0.001313