{"tonal": {"chords_key": "F", "hpcp_entropy": {"dmean": 0.594182193279, "dmean2": 0.994961559772, "max": 4.14098262787, "dvar": 0.255674302578, "mean": 1.91627418995, "dvar2": 0.672690629959, "min": 0, "var": 0.461754918098, "median": 1.90165948868}, "key_key": "F", "chords_strength": {"dmean": 0.00877130124718, "dmean2": 0.00780149875209, "max": 0.786678731441, "dvar": 5.81127969781e-05, "mean": 0.555650532246, "dvar2": 5.49402902834e-05, "min": 0.285303801298, "var": 0.00850331224501, "median": 0.558191716671}, "key_scale": "major", "chords_number_rate": 0.00170684873592, "thpcp": [1, 0.729547083378, 0.225584372878, 0.125038221478, 0.115712732077, 0.20096963644, 0.37764364481, 0.346263974905, 0.176109388471, 0.121364936233, 0.121544383466, 0.246464326978, 0.403135985136, 0.348065525293, 0.4951839149, 0.696557700634, 0.404264509678, 0.134008944035, 0.112896665931, 0.128390654922, 0.372994720936, 0.73867970705, 0.563386499882, 0.194154039025, 0.131509289145, 0.136002585292, 0.271197676659, 0.443583339453, 0.33140540123, 0.157038599253, 0.133499547839, 0.133473187685, 0.172665819526, 0.232669189572, 0.250657439232, 0.547119915485], "key_strength": 0.863549530506, "tuning_nontempered_energy_ratio": 0.71850913763, "tuning_frequency": 437.718536377, "chords_changes_rate": 0.041177727282, "tuning_diatonic_strength": 0.667996346951, "chords_scale": "major", "chords_histogram": [33.8382759094, 7.46746301651, 30.2752285004, 0.874759972095, 13.1000642776, 0, 1.55749940872, 0, 0.14934925735, 0.256027311087, 0, 0, 0, 0, 0, 0, 0, 5.39790916443, 0.5973970294, 3.66972470284, 0, 0.896095573902, 0, 1.92020487785], "tuning_equal_tempered_deviation": 0.0785072818398, "hpcp": {"dmean": [0.122250370681, 0.110069125891, 0.0816841423512, 0.0752415210009, 0.0787836760283, 0.0893876254559, 0.102157130837, 0.121866978705, 0.169031247497, 0.192271128297, 0.182918384671, 0.110375225544, 0.0703318193555, 0.0638696700335, 0.0848389416933, 0.113277859986, 0.110012069345, 0.0804253518581, 0.0635027736425, 0.0695253163576, 0.103686548769, 0.120820313692, 0.12878960371, 0.149200484157, 0.154257416725, 0.114722803235, 0.075636960566, 0.0662327632308, 0.0728480517864, 0.12577624619, 0.170138031244, 0.15747769177, 0.102299414575, 0.0749514177442, 0.0744306966662, 0.104493454099], "dmean2": [0.210809886456, 0.192102223635, 0.147148936987, 0.1384293437, 0.146060943604, 0.161824777722, 0.180887073278, 0.219864442945, 0.290552735329, 0.323292762041, 0.309806734324, 0.197821751237, 0.128951787949, 0.118106529117, 0.149696588516, 0.191360905766, 0.187852114439, 0.141700312495, 0.114037007093, 0.1266143471, 0.181165188551, 0.204016640782, 0.222802653909, 0.255573689938, 0.263005286455, 0.198491841555, 0.139729112387, 0.122047498822, 0.133744835854, 0.218235298991, 0.289668738842, 0.269957959652, 0.186525732279, 0.13858319819, 0.136966735125, 0.185710608959], "max": [1, 1, 1, 1, 1, 1, 1, 1, 1, 1, 1, 1, 1, 1, 1, 1, 1, 1, 1, 1, 1, 1, 1, 1, 1, 1, 1, 1, 1, 1, 1, 1, 1, 1, 1, 1], "dvar": [0.0442087985575, 0.0358533486724, 0.0302922092378, 0.0320344157517, 0.0343278460205, 0.0351281389594, 0.0382621139288, 0.0450282841921, 0.0453213378787, 0.0569356940687, 0.0465726926923, 0.0371198579669, 0.02520041354, 0.0224514659494, 0.0246691238135, 0.0347206331789, 0.0329240523279, 0.0276195444167, 0.0232725739479, 0.0262314677238, 0.0379733480513, 0.040330696851, 0.0419974066317, 0.0360129959881, 0.0460742078722, 0.0321206226945, 0.0264722146094, 0.0256104655564, 0.0285468604416, 0.0356402173638, 0.0553409047425, 0.0432520620525, 0.0370542928576, 0.0309572573751, 0.0296043623239, 0.0365711115301], "mean": [0.191625252366, 0.143165081739, 0.0678397044539, 0.0576709769666, 0.0576595887542, 0.0745905637741, 0.100511647761, 0.108282461762, 0.236352428794, 0.431993812323, 0.315159827471, 0.0974510535598, 0.0540157407522, 0.0499871857464, 0.0868176370859, 0.163139715791, 0.149583891034, 0.0760781690478, 0.0524289011955, 0.0525064207613, 0.106471061707, 0.174152255058, 0.150362148881, 0.213916391134, 0.300908625126, 0.174639761448, 0.0578910373151, 0.0487706623971, 0.0554639697075, 0.161131411791, 0.319105058908, 0.243379473686, 0.0838733464479, 0.0568112023175, 0.0587522760034, 0.117155715823], "dvar2": [0.110925421119, 0.0938252955675, 0.081511028111, 0.0864978283644, 0.0943992212415, 0.0949631854892, 0.0996028706431, 0.120940856636, 0.120082549751, 0.137035608292, 0.121470369399, 0.0988816395402, 0.0695708468556, 0.0629121214151, 0.0677665472031, 0.0850075557828, 0.0823874250054, 0.0727726370096, 0.0602457523346, 0.0721501410007, 0.101966351271, 0.0962988063693, 0.108377471566, 0.093901373446, 0.108234941959, 0.0868134647608, 0.0754525735974, 0.0723206475377, 0.0793465599418, 0.0951757207513, 0.129893779755, 0.115318909287, 0.101944968104, 0.0863158628345, 0.081894852221, 0.0997023209929], "min": [0, 0, 0, 0, 0, 0, 0, 0, 0, 0, 0, 0, 0, 0, 0, 0, 0, 0, 0, 0, 0, 0, 0, 0, 0, 0, 0, 0, 0, 0, 0, 0, 0, 0, 0, 0], "var": [0.0861635804176, 0.050705678761, 0.0231245849282, 0.0233913622797, 0.0248079970479, 0.0285469926894, 0.039151173085, 0.0409198254347, 0.0599522404373, 0.14032638073, 0.0871231928468, 0.0308711864054, 0.0179998613894, 0.016086038202, 0.0229342952371, 0.0585718937218, 0.0511806830764, 0.0258168242872, 0.0199852082878, 0.0201257932931, 0.0407695062459, 0.0755419880152, 0.0532874912024, 0.061078324914, 0.131720423698, 0.0548199042678, 0.0187352970243, 0.0187866576016, 0.0225911866874, 0.0459971539676, 0.121640875936, 0.0732245892286, 0.0288530476391, 0.0242383684963, 0.0242140032351, 0.0415010042489], "median": [0.0521189942956, 0.0417524799705, 0.0167140383273, 0.0105259958655, 0.00855345092714, 0.0158126223832, 0.0247757788748, 0.028989598155, 0.15905547142, 0.333587020636, 0.227475211024, 0.0326136350632, 0.0111810015514, 0.0109772449359, 0.0276845619082, 0.0587285831571, 0.051338929683, 0.0205969139934, 0.0102351149544, 0.00703055784106, 0.0233084503561, 0.0468072369695, 0.0549451895058, 0.102226361632, 0.116325668991, 0.0535924360156, 0.0112458700314, 0.00576653052121, 0.00733913760632, 0.0560059025884, 0.146384850144, 0.118990249932, 0.0215327870101, 0.00726670585573, 0.00815191399306, 0.0290795806795]}}, "lowlevel": {"melbands_flatness_db": {"dmean": 0.0235559269786, "dmean2": 0.0355098098516, "max": 0.479665845633, "dvar": 0.000700930599123, "mean": 0.206824809313, "dvar2": 0.00153162190691, "min": 0.00556681538001, "var": 0.00512921111658, "median": 0.193126291037}, "melbands_crest": {"dmean": 2.86647200584, "dmean2": 4.65355396271, "max": 33.0641479492, "dvar": 8.13590049744, "mean": 13.4304943085, "dvar2": 21.2495288849, "min": 2.03789520264, "var": 20.9388370514, "median": 12.7171850204}, "spectral_entropy": {"dmean": 0.148835852742, "dmean2": 0.208773195744, "max": 9.80685901642, "dvar": 0.0285214334726, "mean": 7.53157949448, "dvar2": 0.0514166131616, "min": 5.79283237457, "var": 0.218569606543, "median": 7.61636686325}, "melbands": {"dmean": [0.00126832688693, 0.00135730102193, 0.000781086215284, 0.000510789861437, 0.00035968128941, 0.000214146159124, 0.000133509180159, 0.000210494035855, 0.000217573600821, 0.000166246987646, 9.49348614085e-05, 6.43736420898e-05, 5.97718826612e-05, 3.40497608704e-05, 3.62015416613e-05, 3.43098654412e-05, 3.27491761709e-05, 1.87207242561e-05, 1.5387971871e-05, 1.96791388589e-05, 1.41232749229e-05, 1.06230463643e-05, 6.29249052508e-06, 3.84172471968e-06, 4.88159548695e-06, 3.91437743019e-06, 4.18635272581e-06, 5.20774892721e-06, 6.18370404482e-06, 4.00937460654e-06, 2.32345792028e-06, 1.91156846086e-06, 1.53578105255e-06, 1.15966292924e-06, 9.72294856183e-07, 7.56639906285e-07, 6.90641627443e-07, 6.05884679317e-07, 6.4959459678e-07, 5.7014574395e-07], "dmean2": [0.00216256501153, 0.00228825840168, 0.0013637940865, 0.000883486762177, 0.00058311317116, 0.000340556231095, 0.000208045807085, 0.000311998883262, 0.000300538667943, 0.000228970049648, 0.000139601077535, 9.46037689573e-05, 8.86251000338e-05, 5.22161026311e-05, 5.47064737475e-05, 5.18406668562e-05, 5.11872203788e-05, 2.94804831356e-05, 2.405748819e-05, 3.12274351018e-05, 2.25770090765e-05, 1.71438296093e-05, 1.02574476841e-05, 6.35181049802e-06, 8.17646105133e-06, 6.46658054393e-06, 6.77353682477e-06, 7.96951189841e-06, 8.96592246136e-06, 6.08029722571e-06, 3.6613746488e-06, 2.89870831693e-06, 2.37072731579e-06, 1.78742766366e-06, 1.47880666646e-06, 1.13104499633e-06, 1.03097249848e-06, 9.06748084617e-07, 9.8106374935e-07, 8.48247282192e-07], "max": [0.0367078222334, 0.0396992191672, 0.0208291765302, 0.0162618793547, 0.012481758371, 0.0063500450924, 0.00789078138769, 0.0110418014228, 0.0135007817298, 0.0131030650809, 0.00962592661381, 0.00441059283912, 0.00398453930393, 0.00190065859351, 0.00280851544812, 0.00224719219841, 0.00227679731324, 0.00104206008837, 0.00217097112909, 0.000821104855277, 0.000507689313963, 0.000373804447008, 0.000158566137543, 0.000212369326619, 0.000166240512044, 9.35076823225e-05, 0.000176674497197, 0.000296006095596, 0.000390633591451, 0.000305125839077, 0.000105455867015, 6.62090096739e-05, 7.09653832018e-05, 5.83831570111e-05, 3.99028976972e-05, 4.11663786508e-05, 2.75427209999e-05, 2.35814914049e-05, 7.80372065492e-05, 2.83937715722e-05], "dvar": [1.32909981403e-05, 9.20610091271e-06, 2.90354228127e-06, 1.56076657731e-06, 3.44424904597e-07, 1.60345976497e-07, 9.42980946661e-08, 2.65658172793e-07, 2.5504547807e-07, 1.71398255588e-07, 6.23922176146e-08, 3.41023458361e-08, 2.91406578867e-08, 7.83589726439e-09, 1.11544222747e-08, 7.92992516097e-09, 7.88780507577e-09, 1.63415925236e-09, 1.61743229921e-09, 1.27075383549e-09, 5.5700782875e-10, 3.28551574835e-10, 9.56378101713e-11, 4.80148594495e-11, 7.35144931041e-11, 3.96616663123e-11, 6.06581798679e-11, 1.16805509709e-10, 2.06363745536e-10, 8.34813329575e-11, 1.98392760553e-11, 1.36568317419e-11, 8.63192503586e-12, 5.51364422868e-12, 3.84418755509e-12, 2.72797821659e-12, 2.13549815851e-12, 1.58470936026e-12, 2.51004989363e-12, 1.46145020998e-12], "mean": [0.00139628711622, 0.00213205441833, 0.00117191381287, 0.000799820409156, 0.000733154593036, 0.000442935473984, 0.000264624308329, 0.000462044874439, 0.000456384586869, 0.000372676120605, 0.000199175687158, 0.00012565603538, 0.000107824067527, 5.87081958656e-05, 6.2613231421e-05, 5.48896132386e-05, 5.34315586265e-05, 3.10656469082e-05, 2.66252809524e-05, 3.56867130904e-05, 2.9533790439e-05, 2.15062409552e-05, 1.19676178656e-05, 7.81748804002e-06, 9.44274506764e-06, 7.88464694779e-06, 8.67092785484e-06, 1.09358434202e-05, 1.28332230815e-05, 8.2687520262e-06, 4.57462283521e-06, 3.68270821127e-06, 2.91164360533e-06, 2.18502555072e-06, 1.80877430012e-06, 1.38902464641e-06, 1.24996324757e-06, 1.11743463549e-06, 1.15578234272e-06, 9.59598082773e-07], "dvar2": [3.59452133125e-05, 2.54582701018e-05, 8.13593942439e-06, 4.39072937297e-06, 9.39260587529e-07, 3.99129049811e-07, 2.13572064922e-07, 5.44143574643e-07, 4.75196515026e-07, 2.95001655104e-07, 1.2395329918e-07, 6.81053649032e-08, 6.70046986784e-08, 1.8280442049e-08, 2.44333833166e-08, 1.78036945186e-08, 1.76660481799e-08, 3.72398156756e-09, 3.46210793367e-09, 3.05647174237e-09, 1.3800435239e-09, 8.31555269087e-10, 2.44568199026e-10, 1.27241633896e-10, 1.98470281876e-10, 1.03455896627e-10, 1.48491469121e-10, 2.54361254282e-10, 3.90846993659e-10, 1.75818887227e-10, 4.89983713325e-11, 2.96391383658e-11, 2.01649582449e-11, 1.21014691323e-11, 8.76243261977e-12, 5.76231683896e-12, 4.57443631585e-12, 3.29899237268e-12, 5.63558531438e-12, 3.02741707571e-12], "min": [8.17292951081e-24, 9.72300805741e-24, 1.07737581614e-23, 2.0190175428e-23, 2.53867966411e-23, 1.29296100969e-23, 1.23915296511e-23, 7.53844316271e-24, 2.73198703127e-24, 6.71393284432e-24, 1.69573839953e-23, 1.56384448494e-23, 1.12837567366e-23, 2.46753719001e-23, 1.63998928382e-23, 1.366393547e-23, 7.76514679852e-24, 7.8025009401e-24, 7.7321053595e-24, 7.04254468731e-24, 1.23176646603e-23, 1.61974174874e-23, 6.63979727417e-24, 1.08722087912e-23, 1.47926944512e-23, 1.86504214929e-23, 1.09977212944e-23, 1.9174139937e-23, 1.27741327122e-23, 1.07417430304e-23, 9.3453779755e-24, 8.75150139794e-24, 1.2230684068e-23, 1.06228427593e-23, 1.30861784762e-23, 1.2643027974e-23, 9.09045205195e-24, 1.43141572266e-23, 1.59039580752e-23, 1.36350978707e-23], "var": [1.00231218312e-05, 7.91843285697e-06, 2.31272474593e-06, 1.2986075717e-06, 7.57999259804e-07, 3.66877259239e-07, 2.19992713824e-07, 1.06790776044e-06, 9.3302503501e-07, 8.17613738491e-07, 3.17999194976e-07, 1.27226257973e-07, 7.57904601301e-08, 1.4276080762e-08, 2.18907132421e-08, 1.63648739004e-08, 1.73436323081e-08, 3.10815595483e-09, 2.88185919572e-09, 2.86637202862e-09, 1.53068147046e-09, 7.3899431019e-10, 2.21114862531e-10, 9.90852469518e-11, 1.58592042276e-10, 8.82539388791e-11, 1.44704581651e-10, 3.79423714669e-10, 6.81045164708e-10, 2.57418225624e-10, 4.68946756427e-11, 3.23330355545e-11, 1.99847517007e-11, 1.26337993886e-11, 9.86145106546e-12, 6.44075287895e-12, 4.70512691308e-12, 3.76946650976e-12, 5.31394633158e-12, 3.46520186677e-12], "median": [0.000643452338409, 0.00148700969294, 0.00076950143557, 0.000484888500068, 0.000423246034188, 0.000238357606577, 0.00012031521328, 0.000123194578919, 0.000102657300886, 7.13606568752e-05, 5.1699411415e-05, 2.56168914348e-05, 3.15282159136e-05, 2.25530202442e-05, 2.14727260754e-05, 1.80677961907e-05, 1.62632422871e-05, 1.51104268298e-05, 1.29829068101e-05, 1.74753204192e-05, 1.60558520292e-05, 1.23173540487e-05, 6.9794891715e-06, 4.70627946925e-06, 5.26961321157e-06, 5.03351702719e-06, 4.67963036499e-06, 4.35812034993e-06, 3.90045579479e-06, 3.40061569659e-06, 2.06235108635e-06, 1.50424762069e-06, 1.26397685563e-06, 9.1136928404e-07, 6.87365854901e-07, 5.44263457414e-07, 5.09141727889e-07, 4.93324137096e-07, 4.9081893394e-07, 3.63996036867e-07]}, "silence_rate_60dB": {"dmean": 0.00981752201915, "dmean2": 0.0196371395141, "max": 1, "dvar": 0.00972262676805, "mean": 0.0496158786118, "dvar2": 0.0194632764906, "min": 0, "var": 0.0471516549587, "median": 0}, "spectral_energyband_middle_high": {"dmean": 0.00145813659765, "dmean2": 0.00215004011989, "max": 0.043336763978, "dvar": 5.18743627254e-06, "mean": 0.0050847036764, "dvar2": 1.04730825115e-05, "min": 1.9232183502e-21, "var": 3.41290869983e-05, "median": 0.00327145447955}, "erbbands_skewness": {"dmean": 0.319359093904, "dmean2": 0.472037285566, "max": 5.71123552322, "dvar": 0.100497283041, "mean": 0.530429959297, "dvar2": 0.209008306265, "min": -2.48005795479, "var": 0.62046289444, "median": 0.467331171036}, "dynamic_complexity": 3.28046393394, "dissonance": {"dmean": 0.0192722715437, "dmean2": 0.0317462794483, "max": 0.500000119209, "dvar": 0.000400546414312, "mean": 0.457185000181, "dvar2": 0.00104784464929, "min": 0.196687117219, "var": 0.00111668917816, "median": 0.466294169426}, "spectral_skewness": {"dmean": 0.200330346823, "dmean2": 0.310483396053, "max": 5.0299782753, "dvar": 0.0525333918631, "mean": 1.5894048214, "dvar2": 0.124981172383, "min": -0.0400985591114, "var": 0.270646452904, "median": 1.49695265293}, "spectral_kurtosis": {"dmean": 1.46174252033, "dmean2": 2.35529208183, "max": 51.479839325, "dvar": 6.29171037674, "mean": 4.61849164963, "dvar2": 16.7025032043, "min": -1.21029102802, "var": 18.2486934662, "median": 3.51703333855}, "gfcc": {"cov": [[10891.1191406, -2533.08544922, -94.5015945435, 181.836776733, -1034.00561523, 520.873046875, -38.2634048462, 355.829071045, -260.563232422, 269.086853027, -320.100921631, 81.5721740723, -142.635925293], [-2533.08544922, 1673.13256836, -314.544158936, -83.5935821533, 378.939086914, -220.673065186, 148.032424927, -86.4484786987, 151.844390869, -111.355079651, 145.7784729, -87.4526367188, 80.3821792603], [-94.5015945435, -314.544158936, 704.488708496, 60.2838020325, 42.8697853088, 103.447021484, -47.9497070312, 24.6683940887, -0.942586362362, 49.7487487793, -30.419084549, 35.5150566101, -43.5332145691], [181.836776733, -83.5935821533, 60.2838020325, 357.186798096, 66.0161972046, 37.2243843079, -26.9554367065, 0.391100555658, 7.83540725708, -17.1653690338, 29.3686008453, -16.7693691254, 13.5752325058], [-1034.00561523, 378.939086914, 42.8697853088, 66.0161972046, 330.41027832, -7.01936721802, 27.3269500732, -9.88705539703, 44.0502052307, -28.9448490143, 51.8664474487, -14.1705446243, 21.8226585388], [520.873046875, -220.673065186, 103.447021484, 37.2243843079, -7.01936721802, 223.428161621, 60.6473884583, 45.7874717712, -21.1033744812, 13.373087883, 4.06110143661, 10.3580684662, -32.6340713501], [-38.2634048462, 148.032424927, -47.9497070312, -26.9554367065, 27.3269500732, 60.6473884583, 184.292922974, 23.6907463074, 19.7631454468, -6.5720500946, 19.0504264832, -4.38091659546, -6.21451568604], [355.829071045, -86.4484786987, 24.6683940887, 0.391100555658, -9.88705539703, 45.7874717712, 23.6907463074, 117.856246948, 35.6648178101, 19.7052364349, -14.9940376282, 1.54838597775, -11.6366596222], [-260.563232422, 151.844390869, -0.942586362362, 7.83540725708, 44.0502052307, -21.1033744812, 19.7631454468, 35.6648178101, 125.045845032, 17.576210022, 8.81832122803, -19.8531150818, -2.34979629517], [269.086853027, -111.355079651, 49.7487487793, -17.1653690338, -28.9448490143, 13.373087883, -6.5720500946, 19.7052364349, 17.576210022, 100.62677002, -2.10727548599, 4.48245811462, -7.00997161865], [-320.100921631, 145.7784729, -30.419084549, 29.3686008453, 51.8664474487, 4.06110143661, 19.0504264832, -14.9940376282, 8.81832122803, -2.10727548599, 99.2300949097, 18.8031806946, -0.740034162998], [81.5721740723, -87.4526367188, 35.5150566101, -16.7693691254, -14.1705446243, 10.3580684662, -4.38091659546, 1.54838597775, -19.8531150818, 4.48245811462, 18.8031806946, 78.8164520264, 16.1030330658], [-142.635925293, 80.3821792603, -43.5332145691, 13.5752325058, 21.8226585388, -32.6340713501, -6.21451568604, -11.6366596222, -2.34979629517, -7.00997161865, -0.740034162998, 16.1030330658, 77.7560272217]], "mean": [9.61949253082, 92.3795776367, -102.811706543, 29.820646286, -53.3317832947, 9.0065574646, -35.8953933716, 7.05504989624, -23.7115211487, 6.50309419632, -20.4857807159, -2.09082603455, -8.13541603088], "icov": [[0.000221423775656, 9.35175048653e-05, 0.000189127298654, -0.000250260578468, 0.000432922010077, -0.000285293906927, -2.00987815333e-05, -0.000434684188804, 0.000291328091407, -0.000400694290875, 0.000433893175796, -0.00018232538423, 0.000165753270267], [9.35175048653e-05, 0.00193730893079, 0.00023880651861, 0.000769793579821, -0.00119160022587, 0.00120112183504, -0.0012543812627, 0.000523333146702, -0.00125770678278, 0.00120871863328, -0.00206644670106, 0.00204793014564, -0.0013881084742], [0.000189127298654, 0.00023880651861, 0.00208476209082, -0.00046905639465, -0.000380517303711, -0.000948236731347, 0.000530156248715, -5.8470890508e-05, -9.89733089227e-05, -0.00108638603706, 0.00143553561065, -0.00145554926712, 0.00130576163065], [-0.000250260578468, 0.000769793579821, -0.00046905639465, 0.0040333205834, -0.00140289671253, 8.69887753652e-06, 0.000399679585826, 0.000621566781774, -0.00111892144196, 0.00180514238309, -0.00291367876343, 0.00269023911096, -0.00215524784289], [0.000432922010077, -0.00119160022587, -0.000380517303711, -0.00140289671253, 0.00584687292576, -0.00141612486914, 0.000388464977732, -0.00115301867481, 0.000364431238268, -0.000458906957647, 0.000251122226473, -0.000508329132572, -0.000241619025473], [-0.000285293906927, 0.00120112183504, -0.000948236731347, 8.69887753652e-06, -0.00141612486914, 0.00802978780121, -0.00329458108172, -0.00130843312945, 0.000929421046749, 0.000923625018913, -0.00241033686325, 0.0011713943677, 0.000856785336509], [-2.00987815333e-05, -0.0012543812627, 0.000530156248715, 0.000399679585826, 0.000388464977732, -0.00329458108172, 0.00777876097709, -0.000999300740659, -0.000299749313854, -0.000135878668516, 0.000296330079436, -0.000835584767628, 0.000621873594355], [-0.000434684188804, 0.000523333146702, -5.8470890508e-05, 0.000621566781774, -0.00115301867481, -0.00130843312945, -0.000999300740659, 0.01241432596, -0.00496255233884, 0.000142122647958, 0.000916475022677, -0.000638002587948, 7.65117583796e-05], [0.000291328091407, -0.00125770678278, -9.89733089227e-05, -0.00111892144196, 0.000364431238268, 0.000929421046749, -0.000299749313854, -0.00496255233884, 0.0122956559062, -0.00345657882281, 0.000831585202832, 0.000949791807216, 0.0013668689644], [-0.000400694290875, 0.00120871863328, -0.00108638603706, 0.00180514238309, -0.000458906957647, 0.000923625018913, -0.000135878668516, 0.000142122647958, -0.00345657882281, 0.0132219856605, -0.00348596321419, 0.00197903974913, -0.00173659971915], [0.000433893175796, -0.00206644670106, 0.00143553561065, -0.00291367876343, 0.000251122226473, -0.00241033686325, 0.000296330079436, 0.000916475022677, 0.000831585202832, -0.00348596321419, 0.0173425022513, -0.00838649552315, 0.00493605714291], [-0.00018232538423, 0.00204793014564, -0.00145554926712, 0.00269023911096, -0.000508329132572, 0.0011713943677, -0.000835584767628, -0.000638002587948, 0.000949791807216, 0.00197903974913, -0.00838649552315, 0.019699620083, -0.00721654947847], [0.000165753270267, -0.0013881084742, 0.00130576163065, -0.00215524784289, -0.000241619025473, 0.000856785336509, 0.000621873594355, 7.65117583796e-05, 0.0013668689644, -0.00173659971915, 0.00493605714291, -0.00721654947847, 0.017621928826]]}, "spectral_complexity": {"dmean": 3.15996170044, "dmean2": 4.88004255295, "max": 55, "dvar": 14.4493112564, "mean": 19.3595809937, "dvar2": 30.3327484131, "min": 0, "var": 103.986694336, "median": 19}, "spectral_flux": {"dmean": 0.0298404525965, "dmean2": 0.0460115410388, "max": 0.382599979639, "dvar": 0.00160974904429, "mean": 0.0857232138515, "dvar2": 0.00321611668915, "min": 1.06711500747e-10, "var": 0.0033196520526, "median": 0.0734124779701}, "spectral_energyband_low": {"dmean": 0.00726008554921, "dmean2": 0.011956053786, "max": 0.157443732023, "dvar": 0.000291667296551, "mean": 0.0110558820888, "dvar2": 0.000762659939937, "min": 6.895429386e-23, "var": 0.000260267028352, "median": 0.00749936141074}, "spectral_decrease": {"dmean": 2.73113065496e-09, "dmean2": 4.44578773795e-09, "max": -1.19536019783e-28, "dvar": 2.45416960401e-17, "mean": -7.75506325823e-09, "dvar2": 6.42460726207e-17, "min": -4.66164600255e-08, "var": 3.25096671461e-17, "median": -6.9716343809e-09}, "barkbands_spread": {"dmean": 5.133477211, "dmean2": 7.7244887352, "max": 111.578239441, "dvar": 46.9087295532, "mean": 21.1691665649, "dvar2": 98.6911697388, "min": 0.96142500639, "var": 185.27130127, "median": 18.6860275269}, "spectral_rms": {"dmean": 0.000830260221846, "dmean2": 0.00129641522653, "max": 0.0132204750553, "dvar": 1.55094733145e-06, "mean": 0.00515634194016, "dvar2": 3.83997439712e-06, "min": 3.33310722772e-12, "var": 3.92289803131e-06, "median": 0.00523281749338}, "spectral_centroid": {"dmean": 213.149719238, "dmean2": 322.742248535, "max": 11231.5878906, "dvar": 75362.7421875, "mean": 1197.0402832, "dvar2": 150507.65625, "min": 174.463851929, "var": 353319.25, "median": 1110.6270752}, "barkbands_skewness": {"dmean": 0.517935872078, "dmean2": 0.783469438553, "max": 13.9551553726, "dvar": 0.484674721956, "mean": 1.76570439339, "dvar2": 1.08586275578, "min": -2.32337188721, "var": 1.6279771328, "median": 1.49777698517}, "spectral_rolloff": {"dmean": 442.057189941, "dmean2": 723.483642578, "max": 18733.8867188, "dvar": 806615, "mean": 1248.87866211, "dvar2": 1681235.5, "min": 64.599609375, "var": 1974956, "median": 818.26171875}, "erbbands_spread": {"dmean": 8.17467689514, "dmean2": 11.9108953476, "max": 158.989242554, "dvar": 90.6992111206, "mean": 41.5961494446, "dvar2": 191.402954102, "min": 3.7430524826, "var": 376.123016357, "median": 38.9716339111}, "barkbands": {"dmean": [0.000454046734376, 0.00433752080426, 0.00279774796218, 0.00145859143231, 0.0023670620285, 0.00117726891767, 0.000686350511387, 0.00123246759176, 0.00113503856119, 0.000635755655821, 0.00045504400623, 0.000286801951006, 0.000368412758689, 0.000310624396661, 0.000223153270781, 0.000230172590818, 0.000203714473173, 8.52879529702e-05, 0.000102591031464, 0.000159606934176, 0.0001586414146, 8.0399120634e-05, 5.48565076315e-05, 5.04422205267e-05, 5.83791515965e-05, 3.07318950945e-05, 5.51577613805e-06], "dmean2": [0.000788468169048, 0.00731048407033, 0.00479482905939, 0.00256420252845, 0.00402250280604, 0.00188498175703, 0.0010600478854, 0.0017630700022, 0.0015731487656, 0.000943079590797, 0.0006765142316, 0.000445672922069, 0.000558870786335, 0.000487496261485, 0.000347595167113, 0.000365417217836, 0.000329590548063, 0.000139889147249, 0.000168813290657, 0.000245870585786, 0.000235780578805, 0.000121612574731, 8.16277752165e-05, 7.35595676815e-05, 8.43854795676e-05, 4.43289427494e-05, 8.23190930532e-06], "max": [0.0197202600539, 0.114852868021, 0.0679618790746, 0.0428998246789, 0.0635478645563, 0.0445216596127, 0.037835162133, 0.0518879406154, 0.0715503618121, 0.0492511801422, 0.0264270473272, 0.0165182612836, 0.0209817755967, 0.018625235185, 0.0231162477285, 0.00807486381382, 0.00584572227672, 0.00328074372374, 0.00240197288804, 0.00868236087263, 0.00977065693587, 0.00293052545749, 0.00216285139322, 0.00215369695798, 0.00368203688413, 0.00229969387874, 0.000463643285912], "dvar": [2.08602909879e-06, 0.000135242487886, 3.69936205971e-05, 1.04406244645e-05, 2.51248839049e-05, 4.82377117805e-06, 2.65938842858e-06, 8.22966558189e-06, 7.547770565e-06, 2.39251062339e-06, 1.7517180595e-06, 6.51713719435e-07, 9.17362797281e-07, 6.20013793196e-07, 2.56701724766e-07, 1.5476537385e-07, 1.14693158082e-07, 2.02556016404e-08, 2.67054982572e-08, 9.8166097473e-08, 1.12747351011e-07, 2.29548167141e-08, 1.21104708484e-08, 1.12534745966e-08, 1.61482223149e-08, 6.09275696561e-09, 1.78671841211e-10], "mean": [0.000427494233008, 0.0052760001272, 0.00431079696864, 0.00190675177146, 0.00416826177388, 0.00240353285335, 0.0012080318993, 0.00254251714796, 0.00250300508924, 0.00130852602888, 0.000816250976641, 0.000461715273559, 0.000596183002926, 0.000491529062856, 0.000386950676329, 0.000427376595326, 0.000410023203585, 0.000170571351191, 0.000232542748563, 0.000340429862263, 0.000343739695381, 0.000165706311236, 0.000108565254777, 0.000100335259049, 0.000104582533822, 5.36305378773e-05, 8.47708815854e-06], "dvar2": [5.74823616262e-06, 0.000360079546226, 0.000105074323073, 2.91800588457e-05, 7.06309729139e-05, 1.22602286865e-05, 5.87854401601e-06, 1.68523856701e-05, 1.3391550965e-05, 4.73141381008e-06, 4.00444832849e-06, 1.44654632095e-06, 2.0616139409e-06, 1.40833503792e-06, 5.47961519715e-07, 3.77052884915e-07, 2.9160747772e-07, 5.22514582713e-08, 6.97503708125e-08, 2.14309153534e-07, 2.26109165169e-07, 5.04500370369e-08, 2.59169983252e-08, 2.28593481921e-08, 3.15946984131e-08, 1.17853824477e-08, 4.01126937222e-10], "min": [1.32164959311e-23, 2.15003724174e-23, 2.41020593486e-23, 2.421155482e-23, 1.10127001853e-22, 7.09972479671e-23, 6.54444434334e-23, 1.24107699686e-23, 3.99948850187e-23, 1.14945503101e-22, 8.61515373245e-23, 2.49281939316e-22, 1.20522295317e-22, 6.92209793331e-23, 1.03192479045e-22, 1.49956702553e-22, 2.12098393636e-22, 2.19766121635e-22, 4.26777182847e-22, 5.38341249456e-22, 3.83362039913e-22, 5.51681707778e-22, 7.57203020949e-22, 1.01267636979e-21, 1.29739543034e-21, 1.51393055441e-21, 2.32214175063e-21], "var": [1.47050729993e-06, 0.000108359032311, 3.17121121043e-05, 8.27419626148e-06, 2.62937610387e-05, 1.07143923742e-05, 5.68934365219e-06, 2.82702494587e-05, 3.62264690921e-05, 1.12237612484e-05, 4.63350397695e-06, 1.19662342968e-06, 1.86289537396e-06, 1.35803054491e-06, 4.94457879086e-07, 3.74866914399e-07, 2.64152333784e-07, 4.43783143567e-08, 7.41224823742e-08, 3.0771531101e-07, 3.75008227138e-07, 5.80384345028e-08, 3.20487281158e-08, 2.86010841677e-08, 4.28794386664e-08, 1.70098815033e-08, 3.37233907466e-10], "median": [0.000138590432471, 0.00281357765198, 0.00286109512672, 0.00109200924635, 0.00266827852465, 0.00126633094624, 0.00046030577505, 0.000617437297478, 0.000415745278588, 0.00033676912426, 0.000219594716327, 0.000136273913085, 0.000198598951101, 0.00015449381317, 0.000200387527002, 0.000207512581255, 0.000232158839935, 0.000103056481748, 0.000144656805787, 0.000148395483848, 0.000137263472425, 7.34417699277e-05, 4.50729276054e-05, 4.5596374548e-05, 4.14310197812e-05, 1.87869227375e-05, 2.82605356006e-06]}, "melbands_kurtosis": {"dmean": 8.46024227142, "dmean2": 13.2819509506, "max": 585.284729004, "dvar": 381.910614014, "mean": 16.5728378296, "dvar2": 897.728271484, "min": -1.66407203674, "var": 799.929382324, "median": 8.51183700562}, "erbbands_crest": {"dmean": 2.42394471169, "dmean2": 3.70230197906, "max": 32.5344238281, "dvar": 6.25585126877, "mean": 9.59076595306, "dvar2": 13.5973701477, "min": 2.16546583176, "var": 27.3321018219, "median": 8.0464220047}, "melbands_skewness": {"dmean": 0.733071982861, "dmean2": 1.10253703594, "max": 17.6404666901, "dvar": 0.987087011337, "mean": 2.82011294365, "dvar2": 2.18970680237, "min": -0.657256782055, "var": 3.36535739899, "median": 2.44896888733}, "spectral_energyband_middle_low": {"dmean": 0.00532909668982, "dmean2": 0.00869128666818, "max": 0.0975298658013, "dvar": 7.29154417058e-05, "mean": 0.0154410637915, "dvar2": 0.000197054279852, "min": 3.63348600882e-22, "var": 0.000152743217768, "median": 0.0127261839807}, "spectral_contrast_coeffs": {"dmean": [0.0477063208818, 0.0444813109934, 0.0385076515377, 0.0305243264884, 0.0213807970285, 0.0196409728378], "dmean2": [0.0785996690392, 0.070981323719, 0.0598446391523, 0.0487012639642, 0.0339543521404, 0.0298347566277], "max": [-0.328464686871, -0.39415627718, -0.46559637785, -0.564998686314, -0.620291173458, -0.602358400822], "dvar": [0.00192782271188, 0.00141040887684, 0.00106471625622, 0.000652812246699, 0.000326405803207, 0.000332580500981], "mean": [-0.637359082699, -0.702612519264, -0.740877151489, -0.761462271214, -0.78899782896, -0.761460721493], "dvar2": [0.00501009216532, 0.00348775740713, 0.00238744332455, 0.00154337577987, 0.000764176365919, 0.00072170101339], "min": [-0.993319928646, -0.981543183327, -0.967315495014, -0.967831492424, -0.959033727646, -0.961092889309], "var": [0.00595261109993, 0.00580770708621, 0.00520996097475, 0.00231682136655, 0.00149399403017, 0.00170654105023], "median": [-0.645358681679, -0.710283517838, -0.750697314739, -0.763908267021, -0.79197204113, -0.761055529118]}, "spectral_contrast_valleys": {"dmean": [0.400636702776, 0.334865748882, 0.308421760798, 0.265342891216, 0.236770942807, 0.319804638624], "dmean2": [0.647329866886, 0.545816600323, 0.495336979628, 0.41055727005, 0.348847031593, 0.399394899607], "max": [-4.93607950211, -4.76161623001, -5.31275415421, -5.92343473434, -5.67266798019, -7.88210725784], "dvar": [0.192454606295, 0.111401461065, 0.101694263518, 0.0876426920295, 0.0975144058466, 0.166384994984], "mean": [-6.97332334518, -6.71914482117, -7.49743843079, -7.80995178223, -7.62384700775, -10.0973472595], "dvar2": [0.405574977398, 0.241269871593, 0.205476135015, 0.163656651974, 0.178397729993, 0.256337732077], "min": [-26.4875526428, -27.4349193573, -27.3482646942, -27.5536746979, -27.209602356, -27.3026657104], "var": [0.944797039032, 0.917893111706, 1.07497394085, 1.12562441826, 1.3883818388, 2.13350296021], "median": [-6.7722697258, -6.5375585556, -7.30508518219, -7.60948562622, -7.32494068146, -9.75950145721]}, "silence_rate_20dB": {"dmean": 0, "dmean2": 0, "max": 1, "dvar": 0, "mean": 1, "dvar2": 0, "min": 1, "var": 0, "median": 1}, "silence_rate_30dB": {"dmean": 0.00277451705188, "dmean2": 0.00554962642491, "max": 1, "dvar": 0.00276676611975, "mean": 0.998079359531, "dvar2": 0.00722640706226, "min": 0, "var": 0.00191696477123, "median": 1}, "spectral_strongpeak": {"dmean": 0.508774757385, "dmean2": 0.833769381046, "max": 7.86289358139, "dvar": 0.555048823357, "mean": 1.13341283798, "dvar2": 1.24200642109, "min": 0, "var": 1.72842657566, "median": 0.516251087189}, "spectral_spread": {"dmean": 581732.9375, "dmean2": 788479.9375, "max": 41197428, "dvar": 647587233792, "mean": 4995827, "dvar2": 1046508339200.0, "min": 1046037.375, "var": 2648607031300.0, "median": 4874577.5}, "barkbands_flatness_db": {"dmean": 0.0188630484045, "dmean2": 0.0282191615552, "max": 0.35923832655, "dvar": 0.000404157588491, "mean": 0.127024248242, "dvar2": 0.000896260084119, "min": 0.0173746068031, "var": 0.00314235198312, "median": 0.114340111613}, "pitch_salience": {"dmean": 0.0626500025392, "dmean2": 0.100453734398, "max": 0.945501863956, "dvar": 0.00353235541843, "mean": 0.549169540405, "dvar2": 0.00919494964182, "min": 0.0921873375773, "var": 0.0101324692369, "median": 0.551549553871}, "erbbands_kurtosis": {"dmean": 0.847180187702, "dmean2": 1.28107380867, "max": 47.5970458984, "dvar": 1.78798186779, "mean": 0.572996199131, "dvar2": 3.82983970642, "min": -1.80685865879, "var": 6.67329502106, "median": -0.276677370071}, "average_loudness": 0.917645573616, "barkbands_crest": {"dmean": 2.29127573967, "dmean2": 3.68755245209, "max": 25.3454456329, "dvar": 5.31706953049, "mean": 9.6948299408, "dvar2": 13.743891716, "min": 2.37298130989, "var": 14.4797830582, "median": 8.97130012512}, "hfc": {"dmean": 5.09777879715, "dmean2": 7.27904033661, "max": 101.871337891, "dvar": 49.6756248474, "mean": 22.0955982208, "dvar2": 103.559333801, "min": 1.20571566621e-16, "var": 293.611572266, "median": 18.1713562012}, "barkbands_kurtosis": {"dmean": 3.35310649872, "dmean2": 5.27684593201, "max": 224.010955811, "dvar": 62.7600593567, "mean": 5.64361333847, "dvar2": 153.958007812, "min": -1.91251897812, "var": 134.410324097, "median": 2.59701514244}, "erbbands": {"dmean": [0.15372800827, 0.927156329155, 2.82507061958, 4.25057315826, 6.65408658981, 8.10274600983, 10.0777387619, 9.53055667877, 8.75379562378, 17.6115379333, 24.7199306488, 28.2324886322, 19.2291851044, 15.6535024643, 16.1230106354, 12.8138942719, 15.9291343689, 15.7885961533, 10.6770935059, 11.3719177246, 11.0509757996, 7.97632884979, 4.81924343109, 5.37444496155, 5.05631685257, 6.99769830704, 8.34425926208, 4.25047111511, 3.1118516922, 2.06131839752, 1.51176297665, 1.1093236208, 0.868500769138, 0.668640911579, 0.424417197704, 0.179616883397, 0.050130750984, 0.00833794940263, 0.00108936394099, 4.1080522351e-05], "dmean2": [0.265730082989, 1.55834805965, 4.84999227524, 7.40002775192, 11.8013353348, 13.5008878708, 16.4100933075, 15.1852216721, 13.6674356461, 26.0501918793, 34.5476837158, 38.7571144104, 28.0894680023, 22.8805389404, 24.1063861847, 19.1379356384, 24.1870231628, 24.4589920044, 16.7398738861, 17.6320819855, 17.4856739044, 12.8411741257, 7.84219074249, 8.95527935028, 8.25064754486, 10.67228508, 12.0663557053, 6.50609207153, 4.66489934921, 3.15198564529, 2.24393415451, 1.6247292757, 1.28619921207, 0.978727817535, 0.622787773609, 0.260173171759, 0.0729447081685, 0.012212600559, 0.00163633062039, 6.2323815655e-05], "max": [4.60923814774, 28.0973758698, 77.8553314209, 124.551246643, 204.722213745, 313.919464111, 459.817260742, 314.543823242, 477.532318115, 959.821838379, 1439.0279541, 1949.61633301, 1952.53662109, 986.745483398, 1038.36462402, 694.157836914, 851.70300293, 1073.70324707, 601.502563477, 1304.56481934, 410.895629883, 285.288024902, 122.579071045, 184.243179321, 144.088928223, 408.47756958, 519.40435791, 178.944168091, 98.6564559937, 109.240203857, 61.6589546204, 53.6049995422, 53.3841590881, 48.2314910889, 23.0973758698, 13.8387374878, 3.20568346977, 0.670208275318, 0.0775405913591, 0.00150939612649], "dvar": [0.212138444185, 5.5770573616, 38.2965316772, 96.8492507935, 259.412536621, 311.906921387, 313.072418213, 336.159240723, 403.984069824, 1858.78283691, 3450.4128418, 5026.0078125, 2474.44458008, 2026.9362793, 1845.33886719, 1162.5871582, 1630.82702637, 1752.31726074, 457.239501953, 687.807861328, 318.141326904, 168.911315918, 62.0431175232, 88.226852417, 67.3157806396, 188.361190796, 365.903076172, 63.7703208923, 34.9147720337, 16.7989616394, 9.28635787964, 5.51826381683, 3.39958453178, 2.08302330971, 0.957595765591, 0.214198872447, 0.0156149063259, 0.000487382989377, 6.72922897138e-06, 7.41568628726e-09], "mean": [0.151084899902, 1.19421672821, 4.42857694626, 6.43183326721, 8.32803535461, 14.6038484573, 19.4664154053, 19.2692947388, 18.1561222076, 38.6259117126, 51.8256759644, 64.99974823, 42.622631073, 32.2715950012, 30.0610237122, 23.6838722229, 27.8295154572, 27.9341449738, 19.7158985138, 22.5718154907, 24.957277298, 17.9233341217, 10.5394096375, 11.4428310394, 11.5110311508, 15.794470787, 18.5426063538, 9.45063304901, 6.39819717407, 4.23340320587, 2.98331999779, 2.13511776924, 1.6710190773, 1.19534194469, 0.720744967461, 0.311653494835, 0.0834167003632, 0.0139146996662, 0.00167686142959, 8.57085542521e-05], "dvar2": [0.590371966362, 14.7896680832, 109.09690094, 271.414031982, 725.769592285, 874.864624023, 843.431945801, 845.158935547, 898.317077637, 3817.4309082, 6761.13232422, 8639.49316406, 4938.52783203, 4097.68505859, 4436.55175781, 2504.12573242, 3710.42138672, 3848.80908203, 1038.47241211, 1424.87536621, 782.384521484, 424.84475708, 159.285186768, 236.723098755, 166.990768433, 413.637115479, 678.006469727, 146.568222046, 75.6737442017, 36.0554847717, 20.1148700714, 11.4176177979, 7.00952911377, 4.21068620682, 1.96665370464, 0.417096018791, 0.0313886478543, 0.00104731693864, 1.51196863953e-05, 1.7451137424e-08], "min": [1.02842228589e-21, 3.60678575562e-21, 2.36962058493e-20, 5.87509359839e-20, 7.89913864136e-20, 5.81923939075e-19, 6.17427461544e-19, 5.30669863768e-19, 7.9676259649e-19, 7.9641828256e-19, 2.87018799558e-19, 1.1883743003e-18, 3.29973864837e-18, 3.82102973156e-18, 3.6886576725e-18, 9.94732828507e-18, 5.68399060431e-18, 4.69559166319e-18, 5.33919236009e-18, 4.73915058066e-18, 9.94530582847e-18, 1.33731249161e-17, 9.57839084262e-18, 1.84757721587e-17, 2.00580512109e-17, 2.64000615109e-17, 1.953700518e-17, 1.65168446864e-17, 1.79389517935e-17, 1.90533361322e-17, 2.14273477989e-17, 1.78456375486e-17, 2.08346348397e-17, 1.68619411293e-17, 7.90155181155e-18, 5.18099737666e-18, 3.07285251893e-18, 1.13757062484e-18, 2.97197360393e-19, 3.62914087712e-20], "var": [0.149533599615, 4.60250854492, 32.3829917908, 78.1739654541, 193.15725708, 367.087158203, 630.839538574, 716.68560791, 973.193115234, 7233.8359375, 11426.5869141, 23985.1191406, 12751.6953125, 7381.15771484, 4355.26171875, 2445.29882812, 3415.52246094, 4061.55957031, 979.083984375, 1616.88964844, 981.345153809, 445.68359375, 152.318511963, 206.391448975, 179.152404785, 650.46081543, 1302.38146973, 194.893066406, 87.4972991943, 42.1755180359, 25.3587493896, 13.4753637314, 8.51504611969, 5.223487854, 2.27612614632, 0.595596790314, 0.0398698672652, 0.0010376481805, 1.26070826809e-05, 1.18710801189e-08], "median": [0.0586100518703, 0.687219381332, 2.97239542007, 4.10050582886, 4.48605489731, 8.46437931061, 10.6605577469, 10.5139293671, 9.07663154602, 11.1689624786, 13.8303356171, 13.4584274292, 12.745513916, 7.68907260895, 11.1161441803, 8.38812446594, 10.7007312775, 9.73280239105, 10.3812351227, 12.1858062744, 14.3393630981, 11.0746440887, 6.72410297394, 6.87412929535, 7.35237503052, 7.08483982086, 6.40056324005, 4.36298418045, 2.79988694191, 1.87168681622, 1.20184218884, 0.890614509583, 0.756949186325, 0.480164170265, 0.273936390877, 0.107674382627, 0.0298065394163, 0.00512540899217, 0.000580444233492, 5.70015763515e-05]}, "spectral_energy": {"dmean": 0.0105885816738, "dmean2": 0.0171632822603, "max": 0.179150477052, "dvar": 0.00035899982322, "mean": 0.0312735587358, "dvar2": 0.000938149809372, "min": 1.13873439364e-20, "var": 0.00050234637456, "median": 0.0280669368804}, "zerocrossingrate": {"dmean": 0.00982554629445, "dmean2": 0.0113971726969, "max": 0.49658203125, "dvar": 0.000193864805624, "mean": 0.057497356087, "dvar2": 0.000206000171602, "min": 0.00537109375, "var": 0.00122826686129, "median": 0.0517578125}, "spectral_energyband_high": {"dmean": 0.000407772109611, "dmean2": 0.000574983481783, "max": 0.011386923492, "dvar": 4.7456993002e-07, "mean": 0.00110099220183, "d