{"tonal": {"chords_number_rate": 0.00237642577849, "thpcp": [1, 0.471829563379, 0.0586474202573, 0.0400913022459, 0.0601964220405, 0.577756047249, 0.984319150448, 0.534714281559, 0.518245339394, 0.786430597305, 0.397128880024, 0.0816436037421, 0.0696146711707, 0.0583872534335, 0.211992815137, 0.405553668737, 0.271605938673, 0.107097253203, 0.105999357998, 0.107642300427, 0.55203795433, 0.861574470997, 0.424416452646, 0.378356099129, 0.570002913475, 0.273718863726, 0.122048057616, 0.178652822971, 0.137377634645, 0.32916995883, 0.499380350113, 0.257102847099, 0.0763686820865, 0.0772591605783, 0.111569166183, 0.64397084713], "hpcp": {"dvar": [0.00653749750927, 0.00844394043088, 0.0113895786926, 0.0175848715007, 0.0152115728706, 0.012144099921, 0.0139954769984, 0.0133054852486, 0.0199774503708, 0.0255271736532, 0.0128585025668, 0.0137158129364, 0.0191159024835, 0.00948325637728, 0.00723367324099, 0.0111047131941, 0.00979675352573, 0.0121426200494, 0.0168732851744, 0.00901237223297, 0.00733647262678, 0.00919783301651, 0.0105410162359, 0.0179397985339, 0.0256631728262, 0.0125635452569, 0.00907329283655, 0.00795180443674, 0.0102091543376, 0.0176174528897, 0.0265109930187, 0.0183353628963, 0.0204225219786, 0.0241877101362, 0.0145519338548, 0.00691743101925], "mean": [0.0216972175986, 0.018197901547, 0.0660730600357, 0.1264013201, 0.0846530348063, 0.0333796367049, 0.0330374501646, 0.0335495136678, 0.172056943178, 0.268532037735, 0.132280394435, 0.117924489081, 0.177656188607, 0.0853115841746, 0.0380394421518, 0.0556817874312, 0.0428173020482, 0.102594353259, 0.155644834042, 0.0801327675581, 0.023802280426, 0.0240798201412, 0.0347734242678, 0.200710222125, 0.311675935984, 0.147057920694, 0.0182789899409, 0.0124954944476, 0.0187617763877, 0.180072650313, 0.306788593531, 0.166657567024, 0.161524608731, 0.245111495256, 0.12377551198, 0.0254463460296], "min": [0, 0, 0, 0, 0, 0, 0, 0, 0, 0, 0, 0, 0, 0, 0, 0, 0, 0, 0, 0, 0, 0, 0, 0, 0, 0, 0, 0, 0, 0, 0, 0, 0, 0, 0, 0], "median": [0.00345203396864, 0.00240118894726, 0.00495643820614, 0.00752613320947, 0.0072156987153, 0.00344707909971, 0.00253523420542, 0.00506541132927, 0.0462549366057, 0.0772871524096, 0.0452849790454, 0.0120917838067, 0.00914515741169, 0.00764346402138, 0.00394916348159, 0.00579926930368, 0.00625653238967, 0.0114067886025, 0.0183342471719, 0.0116641465575, 0.00194309419021, 0.00156290316954, 0.00464421883225, 0.0845077037811, 0.137296706438, 0.0617937594652, 0.00129955494776, 0.000730638683308, 0.00144694186747, 0.0136356186122, 0.0246887654066, 0.0305564031005, 0.0452090799809, 0.0575234219432, 0.0279552415013, 0.00379517278634], "dvar2": [0.018375063315, 0.0249552149326, 0.0305565372109, 0.0399663895369, 0.0380432866514, 0.0315939970315, 0.0373612679541, 0.0360852256417, 0.0511708073318, 0.0567097626626, 0.0319434180856, 0.0331890657544, 0.0422981306911, 0.0249747261405, 0.0180481616408, 0.0277893226594, 0.0251337196678, 0.028625426814, 0.0345069244504, 0.0222877115011, 0.0198237523437, 0.0244962647557, 0.0290535464883, 0.0455152392387, 0.0577974803746, 0.0304329264909, 0.0253892447799, 0.02223835513, 0.0288741029799, 0.0457065217197, 0.0608778521419, 0.0471999049187, 0.0529886335135, 0.0499407313764, 0.0342014990747, 0.0181700419635], "var": [0.00594093184918, 0.00533291976899, 0.02237142995, 0.0762453898787, 0.0365066453815, 0.0123867858201, 0.0136854955927, 0.0114449597895, 0.0567855611444, 0.126258969307, 0.034168060869, 0.0400866568089, 0.0982967317104, 0.0229175649583, 0.0143189262599, 0.0281487051398, 0.0125370398164, 0.0432666242123, 0.0814342498779, 0.0235439762473, 0.00836641527712, 0.00947899278253, 0.0106604285538, 0.0641124844551, 0.129399850965, 0.0357051454484, 0.00655645597726, 0.00500256940722, 0.00651320582256, 0.0652781575918, 0.176347374916, 0.0491271801293, 0.053786303848, 0.120797105134, 0.0379377007484, 0.00748224789277], "dmean2": [0.0391651466489, 0.0410573557019, 0.0608015619218, 0.0753020569682, 0.0725764036179, 0.054751444608, 0.0574835278094, 0.0646179839969, 0.128496527672, 0.138506606221, 0.102127529681, 0.09007781744, 0.0918237194419, 0.0695113688707, 0.0430665239692, 0.0494587644935, 0.052706155926, 0.071314111352, 0.0859753936529, 0.0635559186339, 0.0375499017537, 0.0419147536159, 0.0572934672236, 0.12459820509, 0.143594294786, 0.0949755087495, 0.0395808517933, 0.0325962975621, 0.0451022833586, 0.101862870157, 0.109351836145, 0.114329241216, 0.130292549729, 0.12371315062, 0.100483685732, 0.0442453250289], "max": [1, 1, 1, 1, 1, 1, 1, 1, 1, 1, 1, 1, 1, 1, 1, 1, 1, 1, 1, 1, 1, 1, 1, 1, 1, 1, 1, 1, 1, 1, 1, 1, 1, 1, 1, 1], "dmean": [0.0218692328781, 0.0222961232066, 0.0357052460313, 0.0456557497382, 0.0433362089097, 0.0315864346921, 0.0330134145916, 0.0366330631077, 0.0780927017331, 0.0842700526118, 0.0616857372224, 0.0558095052838, 0.0570225939155, 0.0414734557271, 0.0254811532795, 0.0289115402848, 0.0309529043734, 0.0443237572908, 0.0550563931465, 0.0391432084143, 0.0215058084577, 0.0240310300142, 0.0328390449286, 0.0748719424009, 0.0889905542135, 0.0590875595808, 0.0221533980221, 0.0175933502614, 0.0246153566986, 0.0600322000682, 0.0650108382106, 0.0668223723769, 0.076319001615, 0.076730825007, 0.0600582100451, 0.0251809991896]}, "key_strength": 0.730125546455, "chords_strength": {"dvar": 0.000495571701322, "mean": 0.495007127523, "min": -1, "median": 0.521206259727, "dvar2": 0.000933582370635, "var": 0.0369272194803, "dmean2": 0.00523320119828, "max": 0.730940759182, "dmean": 0.00779110984877}, "tuning_equal_tempered_deviation": 0.00348153105006, "chords_key": "C#", "tuning_frequency": 440.254241943, "chords_scale": "major", "chords_changes_rate": 0.0368346013129, "key_scale": "minor", "tuning_diatonic_strength": 0.493411898613, "hpcp_entropy": {"dvar": 0.154380813241, "mean": 1.44321548939, "min": 0, "median": 1.53336334229, "dvar2": 0.399549633265, "var": 0.311402201653, "dmean2": 0.591625273228, "max": 3.39593672752, "dmean": 0.350227862597}, "chords_histogram": [22.7186317444, 16.6349811554, 9.17300415039, 1.0931558609, 0.118821293116, 0.285171091557, 0.190114066005, 1.71102666855, 0, 6.10741424561, 0, 5.10931539536, 0, 0, 0.0475285165012, 1.11692011356, 0, 0, 0.0712927728891, 0, 0, 0.0237642582506, 9.24429702759, 26.3545627594], "tuning_nontempered_energy_ratio": 0.597734153271, "key_key": "F"}, "metadata": {"version": {"extractor": "music 1.0", "essentia_build_sha": "05ddcf096b9560a4bec586e3e2c3f09258f97377", "essentia": "2.1-beta2", "essentia_git_sha": "v2.1_beta2"}, "audio_properties": {"sample_rate": 44100, "length": 195.333328247, "lossless": true, "analysis_sample_rate": 44100, "downmix": "mix", "bit_rate": 0, "equal_loudness": 0, "md5_encoded": "8cce8231e28519d5b0bcba8bc3377bfe", "codec": "flac", "replay_gain": -6.60676383972}, "tags": {"disctotal": ["1"], "genre": ["Folk"], "catalognumber": ["SML 1079"], "releasecountry": ["GB"], "musicbrainz_recordingid": ["cfff1f48-fdb9-4467-9237-956544b7e072"], "language": ["eng"], "title": ["Laughing Man"], "discnumber": ["1"], "artistsort": ["Fay, Bill"], "originaldate": ["1971"], "musicbrainz_artistid": ["c139d092-9457-40ec-8130-e11d4cbcfb56"], "tracknumber": ["7"], "musicbrainz_albumartistid": ["c139d092-9457-40ec-8130-e11d4cbcfb56"], "totaltracks": ["14"], "compilation": ["0"], "tracktotal": ["14"], "date": ["1971"], "acoustid_id": ["d81ac0c8-ab41-4de6-a6d0-baf76b6e0ba3"], "albumartistsort": ["Fay, Bill"], "musicbrainz_releasegroupid": ["b498f0ef-90b4-3ba0-9596-829cd5845a70"], "media": ["12\" Vinyl"], "bpm": ["0"], "label": ["Deram"], "albumartist": ["Bill Fay"], "script": ["Latn"], "musicbrainz_albumid": ["69245820-81f9-427d-8b1a-c3c4aedde79f"], "file_name": "07. Bill Fay - Laughing Man.flac", "totaldiscs": ["1"], "album": ["Time of the Last Persecution"], "artist": ["Bill Fay"]}}, "lowlevel": {"melbands": {"dvar": [6.52378048471e-07, 3.83831957151e-06, 6.7319081154e-07, 5.03598300838e-07, 1.04901857867e-07, 1.78656506478e-07, 2.11280379858e-07, 7.15830651643e-07, 2.77877404642e-07, 5.16197786737e-08, 7.18411925504e-08, 6.2365268505e-09, 9.95933291392e-09, 2.32055774596e-09, 4.1586667443e-09, 3.48812401185e-09, 3.40684636058e-09, 2.89037838108e-09, 1.56002077922e-09, 4.40022213111e-10, 6.93557364317e-11, 3.33808571062e-11, 1.4914050897e-11, 5.9460708926e-12, 5.92171971181e-12, 5.94675827678e-12, 1.53980592166e-10, 6.17834325367e-11, 7.28796190064e-12, 8.17656435181e-13, 2.64757210296e-13, 3.97158028036e-13, 7.39859183033e-13, 7.10215903015e-13, 1.62047588889e-12, 9.20594655195e-13, 2.73788614393e-13, 1.4041808623e-13, 1.04206106363e-13, 4.96522277232e-14], "mean": [0.00050451408606, 0.0023838779889, 0.000708157662302, 0.000341039907653, 0.000288411916699, 0.000359343684977, 0.000339490885381, 0.000449395593023, 0.000312740798108, 0.000202691051527, 0.000153611326823, 6.12261501374e-05, 5.22639747942e-05, 2.27665550483e-05, 3.53786126652e-05, 2.56256425928e-05, 3.0748640711e-05, 2.51487781497e-05, 1.96846685867e-05, 1.05158060251e-05, 4.66187339043e-06, 3.41398299497e-06, 2.55076179201e-06, 1.31239175971e-06, 1.04200603346e-06, 1.20359459288e-06, 8.47117917147e-07, 5.54870666747e-07, 3.51385580188e-07, 2.3621737455e-07, 1.44805127889e-07, 1.64446305462e-07, 1.55676957547e-07, 1.58047441801e-07, 1.76210548375e-07, 1.38126452498e-07, 8.10139937357e-08, 6.1636619364e-08, 4.68935290598e-08, 3.94679915416e-08], "min": [8.75083106339e-25, 1.27179307114e-24, 1.00162517161e-24, 2.02497281154e-24, 1.58755436998e-24, 7.18035099606e-25, 1.68196701805e-24, 1.74217781272e-24, 1.59208913689e-24, 2.01692781082e-24, 2.78864558528e-24, 3.22139436471e-24, 2.68750237596e-24, 2.72774572061e-24, 3.43852793444e-24, 3.23767527051e-24, 1.92478688494e-24, 3.61664838811e-24, 3.38146213099e-24, 3.02503426363e-24, 4.43214675952e-24, 3.11214482073e-24, 2.82654364646e-24, 4.04767054824e-24, 3.50518707537e-24, 3.85634890176e-24, 3.88813329092e-24, 4.49344361843e-24, 4.17992110685e-24, 3.89696064445e-24, 5.10256453855e-24, 5.21480997904e-24, 4.76953270792e-24, 4.56028261964e-24, 5.74079166506e-24, 6.26309647041e-24, 5.23474252196e-24, 5.69126342756e-24, 4.84315591291e-24, 6.12385384317e-24], "median": [2.38967413679e-06, 1.16439041449e-05, 3.01569380099e-05, 4.56166890217e-05, 8.25243187137e-05, 9.31183312787e-05, 7.49196624383e-05, 7.98518085503e-05, 4.13230372942e-05, 4.24264362664e-05, 1.61569041666e-05, 7.01882572685e-06, 8.96126948646e-06, 5.02938337377e-06, 4.11562086811e-06, 2.54435872193e-06, 1.0667999959e-06, 1.75003469849e-06, 1.3112612578e-06, 9.27596886413e-07, 4.09885444697e-07, 3.34389255841e-07, 2.15789299318e-07, 1.62447889807e-07, 7.01006328541e-08, 2.50618708009e-08, 1.68780438514e-08, 1.10288365107e-08, 1.05496074099e-08, 5.47164047404e-09, 8.74781758142e-09, 4.81912376671e-09, 2.79044520823e-09, 3.23300408667e-09, 2.86983237174e-09, 2.77798894999e-09, 2.0877539697e-09, 1.615609313e-09, 1.20826115779e-09, 1.0788399063e-09], "dvar2": [1.65015057974e-06, 1.06223096736e-05, 1.78560264885e-06, 1.33751041176e-06, 2.68689092309e-07, 3.73776629203e-07, 4.50893963944e-07, 1.42703595429e-06, 5.70612598949e-07, 8.2766888454e-08, 1.1305990455e-07, 1.05380699722e-08, 1.84127646463e-08, 5.39359712448e-09, 8.58885051969e-09, 6.14404660482e-09, 6.52924425637e-09, 5.20500575973e-09, 3.02525293705e-09, 9.62153356987e-10, 1.30786839692e-10, 5.79177053539e-11, 2.67698953282e-11, 1.06007858741e-11, 1.46630346753e-11, 1.25788207975e-11, 3.67298996773e-10, 1.2543721617e-10, 1.30696538661e-11, 1.49648273374e-12, 4.91477789456e-13, 7.29619652456e-13, 1.67579687106e-12, 9.7546883765e-13, 2.49377168221e-12, 1.34803767541e-12, 4.50313045316e-13, 2.45648445162e-13, 2.60299594379e-13, 1.02404243668e-13], "var": [2.25389499064e-06, 4.6694658522e-05, 2.09044333133e-06, 8.05243644209e-07, 3.17116843007e-07, 6.12519613696e-07, 8.31560157621e-07, 3.40337737725e-06, 1.27537430217e-06, 3.49864706095e-07, 5.66568928662e-07, 8.72100471838e-08, 6.22817211138e-08, 5.61101076713e-09, 2.27046417223e-08, 1.32721602597e-08, 1.48763099617e-08, 9.51209067068e-09, 6.90236490186e-09, 1.3303712576e-09, 1.9590440381e-10, 1.39158920498e-10, 1.06027742142e-10, 2.05540705983e-11, 1.12166595456e-11, 2.04859323949e-11, 1.47754336544e-10, 8.64799551414e-11, 1.85127763813e-11, 2.14669905116e-12, 7.56031630529e-13, 1.11677648466e-12, 1.77202469278e-12, 2.47046068498e-12, 4.77201091142e-12, 2.88529703601e-12, 8.72311066696e-13, 4.2467581101e-13, 2.09310284491e-13, 1.20790530356e-13], "dmean2": [0.000171938925632, 0.000505362928379, 0.000313071126584, 0.000250621815212, 0.000195330489078, 0.000218543253141, 0.000227427794016, 0.000251647550613, 0.000162227021065, 9.78134921752e-05, 6.82281970512e-05, 2.70022246696e-05, 3.12816264341e-05, 1.62428023032e-05, 2.05092455872e-05, 1.9282080757e-05, 2.17655160668e-05, 1.81328578037e-05, 1.47105301949e-05, 8.7438047558e-06, 3.24258962792e-06, 2.18369859795e-06, 1.43444822243e-06, 8.69054247232e-07, 7.61214153044e-07, 7.50240701564e-07, 8.97166216873e-07, 6.050850061e-07, 3.24668036455e-07, 2.03894359174e-07, 1.1613148132e-07, 1.38375824577e-07, 1.33419604254e-07, 1.13247232036e-07, 1.38549225426e-07, 1.06529100208e-07, 5.93228719481e-08, 4.61794300577e-08, 4.12434850716e-08, 3.04532612461e-08], "max": [0.0184122305363, 0.056597173214, 0.0185070838779, 0.016198027879, 0.00828021392226, 0.0166680775583, 0.0183421745896, 0.0454525202513, 0.0233232509345, 0.0105678820983, 0.021825902164, 0.0067237354815, 0.00637192232534, 0.00148721598089, 0.00331237306818, 0.00454412400723, 0.0030888626352, 0.0022599271033, 0.00229477626272, 0.000812736223452, 0.000329995003995, 0.000292395823635, 0.000219704539631, 0.000119405565783, 0.000123905090732, 8.33556332509e-05, 0.00093293125974, 0.000515393447131, 0.00018161504704, 6.04418564762e-05, 2.34383369389e-05, 3.11043986585e-05, 4.22612247348e-05, 6.08692680544e-05, 9.56786607276e-05, 6.88236395945e-05, 3.46340893884e-05, 2.394591138e-05, 1.83812517207e-05, 1.09133370643e-05], "dmean": [0.000109253531264, 0.000323797576129, 0.000201762464712, 0.000156867026817, 0.000121683435282, 0.000146133286762, 0.000150343912537, 0.000176151035703, 0.000113787471491, 7.13290137355e-05, 5.13882951054e-05, 2.00165941351e-05, 2.242276787e-05, 1.11122890303e-05, 1.45600688484e-05, 1.30996568259e-05, 1.51510657815e-05, 1.25399983517e-05, 1.00133338492e-05, 5.66722519579e-06, 2.26349993682e-06, 1.58063494382e-06, 1.0048755712e-06, 5.9538132291e-07, 5.23707171851e-07, 5.39216387097e-07, 6.00680039042e-07, 3.9846614186e-07, 2.1792367022e-07, 1.39581018743e-07, 8.13586993331e-08, 9.32074257776e-08, 8.98649474834e-08, 7.94445540464e-08, 9.96306255274e-08, 7.40962420309e-08, 4.45124896942e-08, 3.44622819171e-08, 2.74038711723e-08, 2.18495728177e-08]}, "spectral_decrease": {"dvar": 7.24546110099e-18, "mean": -5.09198683218e-09, "min": -6.2278964208e-08, "median": -1.48339740491e-09, "dvar2": 1.73447449461e-17, "var": 6.70435776e-17, "dmean2": 1.34874289515e-09, "max": 2.02128803224e-28, "dmean": 9.1086399534e-10}, "spectral_rolloff": {"dvar": 183651.203125, "mean": 976.299682617, "min": 21.533203125, "median": 689.0625, "dvar2": 371273.15625, "var": 4348027.5, "dmean2": 222.316711426, "max": 19724.4140625, "dmean": 129.137954712}, "melbands_crest": {"dvar": 5.60372686386, "mean": 15.9191932678, "min": 1.60118842125, "median": 14.6680173874, "dvar2": 14.1759405136, "var": 35.9598083496, "dmean2": 3.23316454887, "max": 35.431892395, "dmean": 2.05725955963}, "barkbands_skewness": {"dvar": 0.212186083198, "mean": 1.52089512348, "min": -3.02526044846, "median": 1.42616343498, "dvar2": 0.492181390524, "var": 1.22424650192, "dmean2": 0.541295230389, "max": 11.0252876282, "dmean": 0.353955149651}, "spectral_centroid": {"dvar": 44006.09375, "mean": 756.760803223, "min": 146.761367798, "median": 559.454528809, "dvar2": 87627.03125, "var": 1438626.5, "dmean2": 110.670280457, "max": 11572.5800781, "dmean": 73.2787094116}, "spectral_energyband_middle_low": {"dvar": 4.52120475529e-05, "mean": 0.0100318491459, "min": 1.31173040876e-22, "median": 0.00328469253145, "dvar2": 9.79404212558e-05, "var": 0.000288143754005, "dmean2": 0.00387635407969, "max": 0.212209269404, "dmean": 0.00261533167213}, "erbbands_crest": {"dvar": 4.84358406067, "mean": 11.7460575104, "min": 2.38732528687, "median": 10.8062896729, "dvar2": 12.3346891403, "var": 21.6197071075, "dmean2": 3.32487654686, "max": 31.6192569733, "dmean": 2.09348630905}, "dynamic_complexity": 7.88679409027, "spectral_energyband_low": {"dvar": 5.90423660469e-05, "mean": 0.00838041678071, "min": 1.40173640882e-23, "median": 0.000101360834378, "dvar2": 0.000157552873134, "var": 0.000485521683004, "dmean2": 0.00203622737899, "max": 0.214666411281, "dmean": 0.0013253983343}, "silence_rate_60dB": {"dvar": 0.0288343392313, "mean": 0.393748521805, "min": 0, "median": 0, "dvar2": 0.0623305365443, "var": 0.238709315658, "dmean2": 0.0594388954341, "max": 1, "dmean": 0.0297159161419}, "erbbands_kurtosis": {"dvar": 1.90750205517, "mean": 1.96309792995, "min": -1.76329517365, "median": 1.2611989975, "dvar2": 4.52769613266, "var": 8.05322265625, "dmean2": 1.51438260078, "max": 36.9526672363, "dmean": 0.996892273426}, "spectral_complexity": {"dvar": 3.4780421257, "mean": 8.67280769348, "min": 0, "median": 8, "dvar2": 7.51936244965, "var": 35.059967041, "dmean2": 2.14431762695, "max": 32, "dmean": 1.36360394955}, "barkbands_crest": {"dvar": 3.4264523983, "mean": 11.0683946609, "min": 3.21928095818, "median": 10.5892343521, "dvar2": 8.65935516357, "var": 12.7594299316, "dmean2": 2.44603800774, "max": 26.0005989075, "dmean": 1.5698800087}, "spectral_energy": {"dvar": 0.000108624997665, "mean": 0.0199839193374, "min": 1.00489964015e-20, "median": 0.00590050313622, "dvar2": 0.000258029613178, "var": 0.00101719971281, "dmean2": 0.00529258046299, "max": 0.237974628806, "dmean": 0.00358205870725}, "spectral_spread": {"dvar": 357304664064, "mean": 2735401, "min": 537433.375, "median": 1896065.25, "dvar2": 670072569856, "var": 19708109652000.0, "dmean2": 520653.90625, "max": 42617988, "dmean": 328876.71875}, "spectral_contrast_valleys": {"dvar": [0.164948537946, 0.114193759859, 0.0955367162824, 0.10184379667, 0.0903832018375, 0.0867803692818], "mean": [-9.7786989212, -7.80583429337, -8.93713951111, -9.4746799469, -10.4212312698, -12.9936666489], "min": [-28.2647838593, -28.079536438, -27.8364143372, -27.7725429535, -27.6020011902, -27.3987503052], "median": [-9.34758758545, -7.39848136902, -8.56934547424, -9.15837097168, -10.0906448364, -12.6664180756], "dvar2": [0.377506256104, 0.245443493128, 0.193539693952, 0.202461466193, 0.171305418015, 0.169808283448], "var": [8.25775718689, 6.57682037354, 6.11117458344, 6.4924826622, 5.96982049942, 4.90309524536], "dmean2": [0.698852241039, 0.521816909313, 0.478718549013, 0.439309179783, 0.345891833305, 0.29591730237], "max": [-4.8363237381, -4.86960411072, -6.00108289719, -6.03904533386, -6.43401527405, -7.80761671066], "dmean": [0.429718524218, 0.325144082308, 0.303461402655, 0.281353503466, 0.229293584824, 0.198962911963]}, "spectral_rms": {"dvar": 4.83713904487e-07, "mean": 0.00332420947962, "min": 3.1311177609e-12, "median": 0.00239928904921, "dvar2": 1.0428590258e-06, "var": 8.44616079121e-06, "dmean2": 0.000488423916977, "max": 0.0152371376753, "dmean": 0.000341302278684}, "barkbands_spread": {"dvar": 11.4345092773, "mean": 7.51730298996, "min": 0.778703987598, "median": 5.46254825592, "dvar2": 24.5293083191, "var": 54.2816009521, "dmean2": 2.363935709, "max": 96.0781326294, "dmean": 1.54309844971}, "pitch_salience": {"dvar": 0.00306617468596, "mean": 0.525195777416, "min": 0.0963098108768, "median": 0.532551765442, "dvar2": 0.00786346103996, "var": 0.0179635342211, "dmean2": 0.0832562074065, "max": 0.867269396782, "dmean": 0.0522282235324}, "erbbands_skewness": {"dvar": 0.0953094512224, "mean": 0.788864374161, "min": -3.9210050106, "median": 0.850989699364, "dvar2": 0.213088825345, "var": 0.689990282059, "dmean2": 0.429225116968, "max": 3.97716331482, "dmean": 0.28385335207}, "spectral_energyband_middle_high": {"dvar": 3.5105920233e-06, "mean": 0.00242208852433, "min": 1.16987693591e-21, "median": 0.000420940021286, "dvar2": 5.44471913599e-06, "var": 4.3801155698e-05, "dmean2": 0.000886407098733, "max": 0.096862860024, "dmean": 0.000668084947392}, "erbbands": {"dvar": [0.00563736213371, 1.00290703773, 18.7323570251, 25.5105667114, 40.7118034363, 149.118652344, 84.8622283936, 333.108673096, 1066.51306152, 5385.67871094, 4142.61621094, 1280.93444824, 2846.43139648, 339.546600342, 715.167785645, 395.705688477, 797.234619141, 683.387329102, 696.026611328, 338.516845703, 59.6643371582, 20.4439487457, 9.99296092987, 6.41144323349, 33.7351455688, 168.883651733, 9.60522937775, 1.05737233162, 1.27568948269, 2.07129454613, 4.15424633026, 1.03835606575, 0.211995407939, 0.0858268886805, 0.00853092037141, 0.00108705426101, 3.28500464093e-05, 3.23435585869e-07, 2.62733101941e-09, 1.41268663434e-10], "mean": [0.0204006545246, 1.01498913765, 5.48315095901, 3.84011340141, 4.31567811966, 5.2935795784, 8.41531467438, 15.1939516068, 23.8053512573, 39.2450180054, 38.0294837952, 33.3017082214, 31.1497421265, 14.7274084091, 15.1925210953, 9.77926921844, 13.8710813522, 15.4836540222, 15.3124961853, 10.7003726959, 4.9512295723, 3.16865825653, 2.17186641693, 1.34407508373, 1.42680227757, 0.924117445946, 0.523190259933, 0.291865885258, 0.289122462273, 0.28212338686, 0.289317667484, 0.16026429832, 0.0848155915737, 0.0490119382739, 0.0210497882217, 0.00753082195297, 0.00161310727708, 0.000287015689537, 3.79697266908e-05, 2.37836302404e-05], "min": [6.04367796506e-23, 7.96427356101e-22, 1.75493374562e-21, 5.09571691666e-21, 8.0730210534e-21, 2.7391740249e-20, 3.91285316436e-20, 4.52238414005e-20, 1.13908715709e-19, 1.49203917911e-19, 2.5690304046e-19, 3.68027052637e-19, 6.19686181604e-19, 8.85201438862e-19, 1.0562339552e-18, 1.42292446492e-18, 1.58736869448e-18, 1.55575933154e-18, 2.99408817421e-18, 2.79818119947e-18, 3.80740358533e-18, 3.80349722489e-18, 4.01798474413e-18, 6.1352159741e-18, 6.80547546137e-18, 6.57133289e-18, 8.54110056421e-18, 9.10106544296e-18, 1.21894997699e-17, 8.95783167527e-18, 1.17577205891e-17, 1.03471005392e-17, 7.79099664114e-18, 7.16758039196e-18, 6.33340183142e-18, 3.90461219656e-18, 2.45802467925e-18, 1.00925299154e-18, 2.50209262299e-19, 2.60426522908e-20], "median": [0.000175122331711, 0.00439998693764, 0.0316241160035, 0.141778439283, 0.327080368996, 0.981949329376, 2.45448160172, 3.99483013153, 5.79351902008, 6.92463588715, 6.64389133453, 6.89626216888, 3.79471492767, 1.95488870144, 2.93145132065, 1.73832643032, 1.58816123009, 0.815673232079, 1.19866836071, 0.886110901833, 0.497197568417, 0.319542169571, 0.265785455704, 0.105446472764, 0.037220094353, 0.0221602730453, 0.0164411831647, 0.0139889270067, 0.00834709964693, 0.00576775986701, 0.00523916911334, 0.00379624636844, 0.0022007112857, 0.00141762476414, 0.0007356305141, 0.000299066945445, 8.78599239513e-05, 2.09842764889e-05, 6.92226558385e-06, 7.22738013792e-06], "dvar2": [0.0140522997826, 2.71800088882, 52.0281143188, 67.8673782349, 103.444046021, 388.168579102, 218.130767822, 687.131469727, 2353.73144531, 10639.4003906, 8630.78710938, 2145.48413086, 4495.01953125, 584.17590332, 1305.93310547, 946.911743164, 1134.82080078, 1314.82873535, 1288.94934082, 730.15057373, 116.551094055, 33.1762619019, 16.6251335144, 15.3337001801, 76.4257888794, 335.217346191, 14.436961174, 1.82463252544, 2.30115747452, 3.05741691589, 6.31208229065, 1.55009579659, 0.313446432352, 0.190395250916, 0.0138110229746, 0.00179806537926, 4.13318812207e-05, 5.03993987877e-07, 4.78855666231e-09, 3.2573990727e-10], "var": [0.00609457446262, 9.06766319275, 247.100997925, 74.3631973267, 101.606559753, 246.845825195, 272.20223999, 1114.83496094, 4282.57421875, 24753.0898438, 16831.7226562, 8641.265625, 21963.8789062, 5045.51025391, 3631.33813477, 1164.22229004, 4995.93017578, 2991.94482422, 2643.75976562, 1188.8458252, 187.48739624, 113.865608215, 50.5327033997, 14.9279727936, 52.4010620117, 221.047180176, 28.0762577057, 3.147397995, 3.85821843147, 7.23923301697, 12.7055940628, 3.46397542953, 0.751903355122, 0.197450295091, 0.0293367411941, 0.00387881183997, 0.000129589359858, 1.17183299153e-06, 8.97469476513e-09, 1.33389643775e-09], "dmean2": [0.013855189085, 0.239649698138, 1.15818452835, 1.77868831158, 2.73030018806, 4.13348150253, 5.63431549072, 9.16423034668, 16.2039527893, 21.6705379486, 20.1506690979, 15.5804204941, 13.514333725, 6.15165090561, 9.3918800354, 6.03992319107, 8.27540302277, 10.3052473068, 10.0475502014, 7.48416614532, 3.29113841057, 1.75629329681, 1.25047528744, 0.850407242775, 0.97011590004, 0.940403282642, 0.423574358225, 0.22000810504, 0.228939458728, 0.194236174226, 0.218376845121, 0.109359830618, 0.0565732307732, 0.0375840701163, 0.0139208706096, 0.00483925594017, 0.000952244503424, 0.000164532015333, 1.82225976459e-05, 6.31475677437e-06], "max": [1.7404487133, 23.7006168365, 128.912796021, 116.036857605, 217.0234375, 297.229522705, 260.725219727, 601.218261719, 1401.21777344, 3918.49633789, 2831.21606445, 1498.41369629, 4422.61425781, 1825.62060547, 1452.82434082, 775.91192627, 2852.53881836, 1274.92260742, 1015.74957275, 642.558288574, 271.764587402, 279.083709717, 105.529182434, 124.569877625, 413.241943359, 837.628723145, 218.401321411, 60.1274909973, 54.3424415588, 95.0529632568, 160.863037109, 71.1115036011, 28.4881439209, 15.8103847504, 5.0650472641, 1.93336355686, 0.424410581589, 0.0247433092445, 0.00173466000706, 0.000263124937192], "dmean": [0.0083151133731, 0.151370197535, 0.741501271725, 1.15234732628, 1.75207078457, 2.54854369164, 3.52332830429, 6.19213199615, 10.5314970016, 15.2121591568, 14.096862793, 11.2956380844, 10.2609119415, 4.54897928238, 6.7013130188, 4.18098926544, 5.86968135834, 7.13879537582, 7.06986093521, 5.01969337463, 2.24577927589, 1.2952067852, 0.863329946995, 0.600143194199, 0.688073396683, 0.595099627972, 0.30028539896, 0.157707110047, 0.154809862375, 0.137038558722, 0.158340677619, 0.0836169347167, 0.0433524996042, 0.0265400540084, 0.0104129724205, 0.00375982071273, 0.000761521572713, 0.000128141371533, 1.37103079396e-05, 4.32994465882e-06]}, "dissonance": {"dvar": 0.000762597192079, "mean": 0.396155685186, "min": 0.184173062444, "median": 0.402596175671, "dvar2": 0.0020845613908, "var": 0.00325363548473, "dmean2": 0.0500599965453, "max": 0.500000059605, "dmean": 0.0299721546471}, "erbbands_flatness_db": {"dvar": 0.000301106832922, "mean": 0.278874725103, "min": 0.0266302358359, "median": 0.268767178059, "dvar2": 0.000614031392615, "var": 0.00724260043353, "dmean2": 0.0217255987227, "max": 0.468430668116, "dmean": 0.0148235857487}, "melbands_kurtosis": {"dvar": 61.137802124, "mean": 8.8026971817, "min": -1.78379189968, "median": 5.15673780441, "dvar2": 138.069732666, "var": 166.788009644, "dmean2": 5.26616096497, "max": 388.48550415, "dmean": 3.34785485268}, "melbands_spread": {"dvar": 27.5306339264, "mean": 10.978348732, "min": 0.620056509972, "median": 7.06407403946, "dvar2": 52.3836135864, "var": 279.103912354, "dmean2": 3.2853410244, "max": 191.586578369, "dmean": 2.15612125397}, "melbands_skewness": {"dvar": 0.300984442234, "mean": 1.93304514885, "min": -1.53873455524, "median": 1.6871547699, "dvar2": 0.706882238388, "var": 1.81373393536, "dmean2": 0.630754649639, "max": 16.1757793427, "dmean": 0.410950779915}, "spectral_entropy": {"dvar": 0.0351973809302, "mean": 6.38538503647, "min": 4.55524635315, "median": 6.33432483673, "dvar2": 0.0750217065215, "var": 0.467754036188, "dmean2": 0.227661117911, "max": 9.82130241394, "dmean": 0.152033627033}, "zerocrossingrate": {"dvar": 7.30894171284e-05, "mean": 0.0352163128555, "min": 0, "median": 0.02685546875, "dvar2": 9.72435009317e-05, "var": 0.00322151300497, "dmean2": 0.00464354781434, "max": 0.5322265625, "dmean": 0.00382696883753}, "average_loudness": 0.0454102568328, "spectral_contrast_coeffs": {"dvar": [0.00121722975746, 0.00135252461769, 0.000882933905814, 0.000630452588666, 0.00034767811303, 0.000129837586428], "mean": [-0.572491586208, -0.676482081413, -0.706741988659, -0.755589365959, -0.783897340298, -0.831084728241], "min": [-0.977655172348, -0.981089532375, -0.984412431717, -0.983748197556, -0.981523156166, -0.980462610722], "median": [-0.564238250256, -0.680790305138, -0.705000400543, -0.755641400814, -0.788520336151, -0.832433700562], "dvar2": [0.00308793783188, 0.00331489718519, 0.0020442167297, 0.00141575629823, 0.000704231089912, 0.000297148159007], "var": [0.0103396018967, 0.0093143498525, 0.00763892428949, 0.00452123302966, 0.00410415884107, 0.00183055666275], "dmean2": [0.0645090267062, 0.0624992586672, 0.050477899611, 0.0419094450772, 0.0285141337663, 0.0193633008748], "max": [-0.263151019812, -0.302967399359, -0.408387064934, -0.49178224802, -0.521407544613, -0.687191843987], "dmean": [0.0392860472202, 0.0386402234435, 0.0322655178607, 0.0269103422761, 0.0185011718422, 0.0120089519769]}, "barkbands_flatness_db": {"dvar": 0.000363172846846, "mean": 0.26190200448, "min": 0.0310275964439, "median": 0.264884829521, "dvar2": 0.000809315242805, "var": 0.00494364462793, "dmean2": 0.0246238745749, "max": 0.456118196249, "dmean": 0.0164740607142}, "silence_rate_30dB": {"dvar": 0.0110473809764, "mean": 0.957927286625, "min": 0, "median": 1, "dvar2": 0.0275568310171, "var": 0.0403025299311, "dmean2": 0.0223490260541, "max": 1, "dmean": 0.0111731840298}, "spectral_energyband_high": {"dvar": 5.72265790311e-08, "mean": 4.68446487503e-05, "min": 7.03427365111e-21, "median": 1.59891192197e-06, "dvar2": 7.30669640348e-08, "var": 2.02497560053e-07, "dmean2": 2.71977005468e-05, "max": 0.0163887497038, "dmean": 2.20871588681e-05}, "melbands_flatness_db": {"dvar": 0.000497013621498, "mean": 0.3383872509, "min": 0.00362246576697, "median": 0.341603577137, "dvar2": 0.00107389176264, "var": 0.0069020036608, "dmean2": 0.0261484663934, "max": 0.5418369174, "dmean": 0.017736364156}, "barkbands": {"dvar": [4.55182380676e-09, 1.28695719468e-05, 1.64195807884e-05, 2.30544128499e-06, 8.0947911556e-06, 3.66676567864e-06, 5.99521808908e-06, 1.47217806443e-05, 3.4757629237e-06, 2.41950488089e-06, 5.62316131436e-07, 2.16575685386e-07, 3.45728324191e-07, 4.23156677698e-07, 2.01745081085e-07, 4.78213308952e-08, 1.17326992566e-08, 2.64954480578e-09, 3.27262461575e-09, 7.63807079807e-08, 1.40738154464e-09, 1.17928533605e-09, 3.81177533981e-09, 1.27554244944e-09, 3.84295512079e-10, 2.13279324757e-11, 1.07863208382e-13], "mean": [5.48543403056e-06, 0.0032584508881, 0.00444966554642, 0.00112116278615, 0.00163639639504, 0.00166615622584, 0.00161024485715, 0.0021030085627, 0.00150052271783, 0.00083851366071, 0.000427299004514, 0.000209212113987, 0.000282647641143, 0.000329957954818, 0.000255833438132, 0.000109640917799, 6.02675645496e-05, 3.06752917822e-05, 3.0503166272e-05, 2.00534213946e-05, 9.27091878111e-06, 8.18645457912e-06, 9.91394972516e-06, 5.87088834436e-06, 3.6682370137e-06, 1.16472585887e-06, 1.77449265948e-07], "min": [2.45578612075e-25, 3.27582813376e-24, 1.49049469914e-24, 8.11670719688e-25, 8.76120833138e-24, 3.865206232e-24, 5.89446137497e-24, 8.23934765472e-24, 1.77758256068e-23, 1.30615289395e-23, 8.92660485307e-24, 1.99207778511e-23, 3.3079840764e-23, 3.98305368931e-23, 2.76969284704e-23, 4.22526648829e-23, 5.68989215065e-23, 8.60826792338e-23, 1.03573019234e-22, 1.53368494414e-22, 2.38139361071e-22, 3.22328692091e-22, 4.07212927527e-22, 5.16550008245e-22, 8.87310746193e-22, 1.31678156718e-21, 1.99100515516e-21], "median": [2.65138222488e-08, 1.17914869406e-05, 2.25886651606e-05, 2.451274122e-05, 0.000317257537972, 0.000422984798206, 0.000300287356367, 0.000438070506789, 0.000248610333074, 6.35938777123e-05, 7.44913995732e-05, 3.46405249729e-05, 2.78697734757e-05, 1.22183519125e-05, 2.16218140849e-05, 9.04802436708e-06, 4.8480951591e-06, 3.4530398807e-06, 1.31739193421e-06, 4.58176685925e-07, 3.73303066681e-07, 2.0004044643e-07, 1.96270946162e-07, 1.49575015485e-07, 1.1718734072e-07, 5.24636334376e-08, 1.59546296175e-08], "dvar2": [1.06467927807e-08, 3.35711665684e-05, 4.57176247437e-05, 5.67048618905e-06, 2.13941730181e-05, 7.68368772697e-06, 1.18772086353e-05, 2.97335409414e-05, 5.63475805393e-06, 4.03611829825e-06, 1.04538537471e-06, 5.06172966652e-07, 5.90642514453e-07, 7.48754814595e-07, 3.94985619323e-07, 1.01840306854e-07, 1.91231652735e-08, 4.68967797929e-09, 7.34909333389e-09, 1.57549152391e-07, 2.02908423397e-09, 2.17590834239e-09, 5.2161484021e-09, 2.00163441377e-09, 8.01979482823e-10, 3.22895286897e-11, 2.08506416343e-13], "var": [4.02996125359e-09, 9.39789097174e-05, 0.000145393438288, 7.795604688e-06, 1.47168002513e-05, 1.24654252431e-05, 2.19959383685e-05, 6.41729857307e-05, 2.06868662644e-05, 1.71578249137e-05, 5.34339369551e-06, 5.91199750488e-07, 1.93031792151e-06, 1.67098232851e-06, 8.98866289845e-07, 1.35891653485e-07, 4.81136801511e-08, 1.16434630826e-08, 9.907447307e-09, 9.76604894731e-08, 4.32599289724e-09, 3.63667784775e-09, 1.28136274924e-08, 4.2913526066e-09, 9.77728675799e-10, 7.84857526193e-11, 3.24370223606e-13], "dmean2": [1.11026320155e-05, 0.000835775863379, 0.00113464787137, 0.000609739101492, 0.00115720182657, 0.00099257286638, 0.00109784957021, 0.00120794633403, 0.000715026224498, 0.000381509133149, 0.000245558709139, 0.00014966193703, 0.000193732688786, 0.000241467481828, 0.000190275735804, 9.03665786609e-05, 3.8689984649e-05, 1.99782807613e-05, 1.99090773094e-05, 2.10952439375e-05, 6.97829136698e-06, 6.21918343313e-06, 7.00575174051e-06, 3.93254094888e-06, 2.61751642938e-06, 7.14265866009e-07, 1.08579222058e-07], "max": [0.00166101159994, 0.0790431722999, 0.118488281965, 0.0355548784137, 0.0633571371436, 0.0646997019649, 0.0832125917077, 0.16794256866, 0.0616676323116, 0.111287102103, 0.0625414550304, 0.0150962229818, 0.0511256828904, 0.034377310425, 0.0245941635221, 0.00772276706994, 0.0050419010222, 0.00224238284864, 0.00168891740032, 0.0195059869438, 0.00270994054154, 0.0017280629836, 0.00460959644988, 0.00252879341133, 0.000958929711487, 0.00028545895475, 1.11488679977e-05], "dmean": [6.84550741425e-06, 0.000538525171578, 0.000742047908716, 0.000393209018512, 0.000715876929462, 0.000663561746478, 0.000728332379367, 0.000849137373734, 0.000526422518305, 0.000285590387648, 0.000174802655238, 0.000102506252006, 0.00013258549734, 0.000168724829564, 0.000130247004563, 5.81011918257e-05, 2.79634296021e-05, 1.35489390232e-05, 1.40189868034e-05, 1.36615499287e-05, 5.1964452723e-06, 4.25526241088e-06, 5.23757762494e-06, 3.0396852253e-06, 1.9004181695e-06, 5.62165780593e-07, 8.0469533259e-08]}, "erbbands_spread": {"dvar": 25.6234321594, "mean": 16.9100189209, "min": 2.08025979996, "median": 14.0240859985, "dvar2": 55.5892601013, "var": 137.075958252, "dmean2": 4.47476673126, "max": 122.366317749, "dmean": 2.95848846436}, "barkbands_kurtosis": {"dvar": 18.5796947479, "mean": 5.51724767685, "min": -1.92839574814, "median": 3.71685791016, "dvar2": 44.850151062, "var": 48.7516365051, "dmean2": 3.34696006775, "max": 145.067703247, "dmean": 2.13565516472}, "spectral_flux": {"dvar": 0.000545163522474, "mean": 0.0340587422252, "min": 6.36690491995e-11, "median": 0.0206404328346, "dvar2": 0.00112461298704, "var": 0.00159571447875, "dmean2": 0.0193450525403, "max": 0.3775408566, "dmean": 0.0124518349767}, "silence_rate_20dB": {"dvar": 0, "mean": 1, "min": 1, "median": 1, "dvar2": 0, "var": 0, "dmean2": 0, "max": 1, "dmean": 0}, "gfcc": {"cov": [[34361.59375, 2453.80761719, -698.247924805, 3090.83886719, 278.371032715, 1489.85095215, 60.2672233582, 21.4932003021, -101.78968811, 23.6766815186, -619.216674805, -861.592651367, -685.229614258], [2453.80761719, 1630.640625, -447.541015625, -461.161499023, 273.841247559, -233.720245361, -19.6959056854, -15.9512748718, 61.9765930176, -210.496627808, 74.159576416, -69.8889846802, 67.4405441284], [-698.247924805, -447.541015625, 2083.15600586, 1408.57214355, 345.802947998, 945.186279297, 419.103515625, 165.063598633, 34.5987586975, 162.429229736, -195.559997559, -63.9596099854, -140.021728516], [3090.83886719, -461.161499023, 1408.57214355, 1890.28515625, 499.598236084, 937.823181152, 383.374938965, 163.096420288, 44.4262084961, 170.016052246, -226.280822754, -171.734848022, -187.161117554], [278.371032715, 273.841247559, 345.802947998, 499.598236084, 566.97479248, 260.954772949, 191.918869019, 76.339881897, 90.1489944458, -4.66941404343, -13.3144407272, -73.2624588013, 0.568322122097], [1489.85095215, -233.720245361, 945.186279297, 937.823181152, 260.954772949, 737.858886719, 274.541778564, 98.4113998413, 22.1628818512, 125.391746521, -143.869979858, -77.8255615234, -122.257598877], [60.2672233582, -19.6959056854, 419.103515625, 383.374938965, 191.918869019, 274.541778564, 272.560180664, 105.452056885, 34.6955223083, 25.7071228027, -14.0443820953, -32.150062561, -36.2673797607], [21.4932003021, -15.9512748718, 165.063598633, 163.096420288, 76.339881897, 98.4113998413, 105.452056885, 154.136322021, 56.7359886169, 7.74361896515, -3.32930445671, 9.9520816803, -21.470199585], [-101.78968811, 61.9765930176, 34.5987586975, 44.4262084961, 90.1489944458, 22.1628818512, 34.6955223083, 56.7359886169, 128.580627441, 51.4571685791, 24.9202823639, 4.22925233841, 10.7000780106], [23.6766815186, -210.496627808, 162.429229736, 170.016052246, -4.66941404343, 125.391746521, 25.7071228027, 7.74361896515, 51.4571685791, 152.084838867, 11.9031047821, 1.36852967739, -18.9555492401], [-619.216674805, 74.159576416, -195.559997559, -226.280822754, -13.3144407272, -143.869979858, -14.0443820953, -3.32930445671, 24.9202823639, 11.9031047821, 116.528160095, 50.4457092285, 28.7622356415], [-861.592651367, -69.8889846802, -63.9596099854, -171.734848022, -73.2624588013, -77.8255615234, -32.150062561, 9.9520816803, 4.22925233841, 1.36852967739, 50.4457092285, 104.674621582, 48.3734474182], [-685.229614258, 67.4405441284, -140.021728516, -187.161117554, 0.568322122097, -122.257598877, -36.2673797607, -21.470199585, 10.7000780106, -18.9555492401, 28.7622356415, 48.3734474182, 99.4221954346]], "mean": [-194.869720459, 151.573608398, -128.441619873, -32.9471168518, -58.3096389771, -16.0723361969, -45.5843315125, -2.99371147156, -13.7088012695, -5.37063837051, -10.6613903046, -7.05478811264, -9.19935131073], "icov": [[0.000159500195878, -0.000470025086543, 0.000515115389135, -0.000645348220132, 0.000581049709581, -0.000499319576193, 0.000229939614655, -8.18222470116e-05, 0.000101359495602, -0.000125417951494, 7.09104715497e-05, 0.000236443986068, 0.000207236531423], [-0.000470025086543, 0.00254204496741, -0.00152420869563, 0.00231147650629, -0.00211155530997, 0.000807878328487, -0.000230867226492, 0.000263039517449, -0.00124537909869, 0.00230509764515, -0.00157208158635, 0.00108613644261, -0.00128115748521], [0.000515115389135, -0.00152420869563, 0.00302751874551, -0.0025555905886, 0.00197485578246, -0.00247805542313, -4.07763036492e-05, -5.53486170247e-05, 0.000260394677753, -0.000521661713719, 0.000974958704319, -0.000402811245294, 0.000738216564059], [-0.000645348220132, 0.00231147650629, -0.0025555905886, 0.00485258549452, -0.00362288835458, 0.00103065872099, -0.000845942005981, -0.00035746145295, 6.83164544171e-05, -0.000291526172077, 0.000909317284822, 0.000199071146199, -5.29868941612e-07], [0.000581049709581, -0.00211155530997, 0.00197485578246, -0.00362288835458, 0.00672102766111, -0.0033836630173, 0.000457806600025, -0.000114753805974, -0.00221285154112, 0.00247166189365, -0.00345852947794, 0.00404808809981, -0.00291844573803], [-0.000499319576193, 0.000807878328487, -0.00247805542313, 0.00103065872099, -0.0033836630173, 0.00960044469684, -0.00470358459279, 0.00139899936039, 0.00131435727235, -0.00500532519072, 0.00722473952919, -0.00574146211147, 0.00447966391221], [0.000229939614655, -0.000230867226492, -4.07763036492e-05, -0.000845942005981, 0.000457806600025, -0.00470358459279, 0.0107708154246, -0.00509031070396, 0.000746305042412, 0.00282361055724, -0.00710611836985, 0.00575524847955, -0.00315172504634], [-8.18222470116e-05, 0.000263039517449, -5.53486170247e-05, -0.000357