{"lowlevel": {"erbbands": {"mean": [0.0204163473099, 0.303030848503, 0.609805166721, 0.759435236454, 3.84205460548, 8.72635746002, 11.9656934738, 12.0767126083, 11.1739816666, 12.8570156097, 25.3882007599, 30.9381790161, 22.918548584, 30.2283248901, 48.9251289368, 46.6784477234, 54.9302444458, 19.5118026733, 19.1651744843, 31.7279491425, 29.2335567474, 26.1355705261, 18.2192058563, 9.59468269348, 6.78870439529, 2.92413115501, 0.931556940079, 0.25397709012, 0.117565482855, 0.0226948354393, 0.00522168679163, 0.00427201576531, 0.00123104650993, 0.000264457805315, 5.77068494749e-05, 1.66684239957e-05, 7.5120647125e-06, 2.5284266485e-06, 8.26493396744e-06, 1.80186361831e-05], "dvar": [0.000339829071891, 0.0818004161119, 0.550347685814, 1.35839676857, 41.2132530212, 77.2049407959, 201.10369873, 167.365478516, 229.406524658, 403.731506348, 2889.98510742, 4350.51708984, 4924.45117188, 4270.74804688, 8872.81738281, 7352.89794922, 13079.65625, 2351.98486328, 2019.72216797, 7465.40917969, 4365.88916016, 1908.59875488, 693.387023926, 137.119033813, 58.0860519409, 11.3585767746, 2.07779288292, 0.212856456637, 0.0608961284161, 0.00274147465825, 0.000135285255965, 0.000110131135443, 2.40728604695e-06, 5.88534305734e-08, 1.84734372244e-09, 9.04279845448e-11, 1.80922742066e-11, 3.06860136259e-12, 1.94425395922e-11, 8.99431154555e-11], "min": [1.77951533301e-22, 1.21197792493e-21, 1.15349714419e-20, 3.07954559916e-20, 4.28309952965e-20, 1.2922206482e-19, 1.84202511239e-19, 2.80006789505e-19, 8.00259347433e-19, 5.62390379103e-19, 3.26904983406e-19, 8.60924980353e-19, 8.47802535417e-19, 4.59869365829e-18, 2.4600878745e-18, 2.93449105184e-18, 6.35766510674e-18, 7.49626226272e-18, 7.23575909959e-18, 7.76599924302e-18, 7.66975347003e-18, 9.20457303455e-18, 2.31821734182e-17, 8.2768676437e-18, 1.33535844285e-17, 1.54534295627e-17, 1.35218900405e-17, 1.96487275022e-17, 2.19116603932e-17, 1.67824341832e-17, 1.72338779286e-17, 2.28214515336e-17, 1.76180040615e-17, 1.22283011581e-17, 8.91388853241e-18, 6.89198945445e-18, 3.6691548216e-18, 1.17282165042e-18, 3.4597426241e-19, 2.92387150034e-20], "dmean": [0.0096372589469, 0.142440035939, 0.300097703934, 0.499689698219, 2.82543826103, 4.99422454834, 6.38852596283, 6.22481679916, 6.49448537827, 7.21314477921, 15.4697618484, 19.0144329071, 13.4663133621, 18.7397613525, 28.2597808838, 27.5807952881, 32.6971168518, 12.934252739, 13.1382341385, 22.8461837769, 16.9338188171, 14.550535202, 10.5806379318, 5.10413789749, 3.4675412178, 1.42910659313, 0.456685185432, 0.124941714108, 0.0618563182652, 0.012116683647, 0.00274205184542, 0.00229402142577, 0.00054384174291, 9.60329853115e-05, 1.89732327271e-05, 5.9087324189e-06, 2.69877227765e-06, 1.01431635358e-06, 2.74016838375e-06, 5.97782991463e-06], "dmean2": [0.0127815809101, 0.18829703331, 0.397484868765, 0.824545919895, 4.87581253052, 8.00799846649, 10.2952489853, 9.85046482086, 9.88297653198, 11.0702943802, 23.7670040131, 28.999502182, 20.0034198761, 27.8945770264, 40.9751777649, 40.6451034546, 48.9706993103, 18.0774478912, 18.8044147491, 32.8169708252, 23.0926780701, 20.1617298126, 15.2364406586, 7.30724143982, 4.92840051651, 2.00169253349, 0.64078271389, 0.172076418996, 0.0876297354698, 0.0172444004565, 0.0039462344721, 0.00333210593089, 0.000798541936092, 0.00014687924704, 2.82186210825e-05, 8.27838266559e-06, 3.65103028344e-06, 1.37321171678e-06, 3.52395159098e-06, 7.79179208621e-06], "dvar2": [0.000529644603375, 0.146495088935, 0.826701283455, 3.45059514046, 120.195365906, 201.868453979, 542.911499023, 392.65335083, 494.131591797, 948.994934082, 7250.78662109, 10137.9121094, 9259, 9640.34277344, 20306.2597656, 16263.4892578, 28970.3320313, 4264.70068359, 4486.98144531, 14721.8417969, 7375.74511719, 3130.19824219, 1448.23327637, 267.59274292, 107.986938477, 22.3024253845, 3.90769672394, 0.395496159792, 0.132252588868, 0.00564650446177, 0.00024495733669, 0.000218192610191, 4.90597403768e-06, 1.48267901068e-07, 4.80726836116e-09, 1.76807180008e-10, 3.03568663262e-11, 4.90500088463e-12, 3.08769537716e-11, 1.49254733572e-10], "max": [0.561343550682, 7.76458978653, 32.1482048035, 34.4811515808, 178.040176392, 141.733856201, 381.300598145, 401.718414307, 490.434387207, 638.147094727, 1553.59020996, 1837.08129883, 4343.23632813, 1342.31018066, 3185.36401367, 2480.46899414, 3920.3425293, 1606.20019531, 1572.13476563, 2780.63500977, 3418.87231445, 1737.4864502, 458.314361572, 311.590087891, 174.097427368, 70.6391601563, 73.7861175537, 18.4846420288, 7.25122785568, 1.8125795126, 0.492120563984, 0.374597072601, 0.0396349355578, 0.0071565345861, 0.00140045606531, 0.000219117238885, 0.000108909262053, 4.95369313285e-05, 9.99554031296e-05, 0.000221202892135], "median": [0.00545421661809, 0.0886319726706, 0.154191717505, 0.343109667301, 1.72072350979, 3.93718242645, 4.00793504715, 4.25078678131, 3.77763533592, 2.61124849319, 3.30619382858, 2.88261556625, 1.55058944225, 1.77208220959, 3.5144367218, 4.0855050087, 3.76680517197, 1.73893153667, 1.77105307579, 2.66830849648, 2.70430898666, 3.44579315186, 3.42255687714, 2.24164509773, 1.498265028, 0.623422861099, 0.176961317658, 0.0423056259751, 0.0194122046232, 0.00442899204791, 0.00133901066147, 0.00134027656168, 0.000634920143057, 0.00017641588056, 4.0888608055e-05, 9.47663647821e-06, 3.74605565412e-06, 9.65197955338e-07, 4.42065356765e-06, 9.91923207039e-06], "var": [0.00143303943332, 0.388516813517, 3.2464454174, 2.43779039383, 53.7155647278, 160.698852539, 434.692169189, 480.469451904, 505.733734131, 810.294128418, 4198.71923828, 8424.15234375, 11011.6318359, 8603.73535156, 18533.6132813, 18357.9707031, 33211.7109375, 4719.00244141, 3473.11743164, 15724.703125, 14590.1933594, 6295.40673828, 1617.60864258, 351.837738037, 182.348205566, 36.7059631348, 9.12996578217, 0.811144530773, 0.168527826667, 0.00677876407281, 0.000295193603961, 0.000230882200412, 5.42422321814e-06, 1.03224166992e-07, 3.54645202094e-09, 3.91841670222e-10, 9.45304667876e-11, 1.47574244491e-11, 1.0755982216e-10, 4.92932250573e-10]}, "gfcc": {"icov": [[0.000756491615903, -0.00117421988398, 0.00154850317631, -0.000504293770064, -0.000347808410879, 0.00125642598141, -0.00188000337221, 0.00175483687781, -0.00198632851243, 0.00181372719817, -0.00113504740875, 0.000300696556224, -0.000110231187136], [-0.00117421988398, 0.00702661694959, -0.00469190208241, 0.00345733715221, -0.00167544884607, 0.000756641267799, -0.000922149338294, 0.00167247373611, -0.00175664445851, 0.00140182336327, -0.00398098165169, 0.00526257464662, -0.00326958927326], [0.00154850317631, -0.00469190208241, 0.00588351394981, -0.00277070491575, 0.000791652360931, 0.000535553321242, -0.00155705551151, 0.00147762778215, -0.00243924558163, 0.0028428514488, -0.00184654968325, -0.0013785646297, 0.000436142872786], [-0.000504293770064, 0.00345733715221, -0.00277070491575, 0.00425588618964, -0.000996908871457, -0.000443194847321, 0.000365549058188, 0.00144185277168, -0.00246355542913, 0.000897838326637, -0.00184324814472, 0.00250716786832, -0.00293665379286], [-0.000347808410879, -0.00167544884607, 0.000791652360931, -0.000996908871457, 0.00444440590218, -0.00210072658956, 0.00340792443603, -0.0043237390928, 0.00284095969982, -0.00328540639021, 0.00330994417891, -0.00315357022919, 0.00130585767329], [0.00125642598141, 0.000756641267799, 0.000535553321242, -0.000443194847321, -0.00210072658956, 0.00874940119684, -0.00883467402309, 0.00722905574366, -0.00668440852314, 0.00459121866152, -0.00424820045009, 0.00399894313887, -0.00234995619394], [-0.00188000337221, -0.000922149338294, -0.00155705551151, 0.000365549058188, 0.00340792443603, -0.00883467402309, 0.0157135445625, -0.0136137288064, 0.0139363734052, -0.0116175515577, 0.00846974365413, -0.00706906616688, 0.00468969205394], [0.00175483687781, 0.00167247373611, 0.00147762778215, 0.00144185277168, -0.0043237390928, 0.00722905574366, -0.0136137288064, 0.0222458671778, -0.0194302294403, 0.0163304973394, -0.0126517191529, 0.00831524375826, -0.00320969359018], [-0.00198632851243, -0.00175664445851, -0.00243924558163, -0.00246355542913, 0.00284095969982, -0.00668440852314, 0.0139363734052, -0.0194302294403, 0.0314840786159, -0.0249953139573, 0.0200381428003, -0.011489870958, 0.0042110835202], [0.00181372719817, 0.00140182336327, 0.0028428514488, 0.000897838326637, -0.00328540639021, 0.00459121866152, -0.0116175515577, 0.0163304973394, -0.0249953139573, 0.033002845943, -0.0240040980279, 0.0162041336298, -0.00742941489443], [-0.00113504740875, -0.00398098165169, -0.00184654968325, -0.00184324814472, 0.00330994417891, -0.00424820045009, 0.00846974365413, -0.0126517191529, 0.0200381428003, -0.0240040980279, 0.0346489697695, -0.0225342791528, 0.0104512637481], [0.000300696556224, 0.00526257464662, -0.0013785646297, 0.00250716786832, -0.00315357022919, 0.00399894313887, -0.00706906616688, 0.00831524375826, -0.011489870958, 0.0162041336298, -0.0225342791528, 0.0297968704253, -0.0134050082415], [-0.000110231187136, -0.00326958927326, 0.000436142872786, -0.00293665379286, 0.00130585767329, -0.00234995619394, 0.00468969205394, -0.00320969359018, 0.0042110835202, -0.00742941489443, 0.0104512637481, -0.0134050082415, 0.0218041893095]], "mean": [-146.399185181, 192.217056274, -168.439468384, 29.6668128967, -31.9391784668, -28.0680809021, -19.1352844238, -12.5260705948, -14.1861104965, -17.062702179, 7.53380966187, -12.0223283768, 5.47545099258], "cov": [[7798.64208984, 757.317565918, -1837.02929688, -1084.875, 380.951171875, -679.104064941, 476.567474365, 82.5238037109, -119.68031311, -136.74861145, -28.7497291565, -64.6592330933, -192.192459106], [757.317565918, 561.95880127, 153.058334351, -258.391204834, 58.9941101074, -74.5828933716, 82.5518417358, 7.50275373459, -24.6518230438, -1.37226366997, 59.8974685669, -12.2606515884, -9.94371318817], [-1837.02929688, 153.058334351, 977.372558594, 400.911743164, -98.1297225952, 177.581298828, -101.478675842, -38.8870849609, 61.7134246826, 43.4603462219, 73.5848083496, 51.0576286316, 88.2363967896], [-1084.875, -258.391204834, 400.911743164, 760.976196289, 30.8995437622, 138.961929321, -187.922775269, -50.9830360413, 147.136795044, 71.9035263062, -18.367685318, 20.2149810791, 113.595428467], [380.951171875, 58.9941101074, -98.1297225952, 30.8995437622, 357.835754395, -14.6478261948, -33.6922492981, 53.2070388794, 57.8340377808, 17.1694660187, -17.2095069885, 1.23497962952, 12.6549291611], [-679.104064941, -74.5828933716, 177.581298828, 138.961929321, -14.6478261948, 343.723358154, 123.620147705, -9.19794178009, 19.0434093475, 48.023639679, 12.5954027176, -1.0473293066, 16.5305404663], [476.567474365, 82.5518417358, -101.478675842, -187.922775269, -33.6922492981, 123.620147705, 321.686157227, 78.0046768188, -67.4537811279, -1.76932704449, 33.2073020935, 2.39815926552, -52.8752975464], [82.5238037109, 7.50275373459, -38.8870849609, -50.9830360413, 53.2070388794, -9.19794178009, 78.0046768188, 146.626327515, 41.1831130981, -10.4470891953, 0.511504292488, -0.438930362463, -15.9460420609], [-119.68031311, -24.6518230438, 61.7134246826, 147.136795044, 57.8340377808, 19.0434093475, -67.4537811279, 41.1831130981, 157.175170898, 69.2958374023, -27.0077133179, -10.4528951645, 33.2149162292], [-136.74861145, -1.37226366997, 43.4603462219, 71.9035263062, 17.1694660187, 48.023639679, -1.76932704449, -10.4470891953, 69.2958374023, 115.051078796, 30.6692008972, -10.0805482864, 15.8285312653], [-28.7497291565, 59.8974685669, 73.5848083496, -18.367685318, -17.2095069885, 12.5954027176, 33.2073020935, 0.511504292488, -27.0077133179, 30.6692008972, 101.465568542, 46.7088775635, -4.04073858261], [-64.6592330933, -12.2606515884, 51.0576286316, 20.2149810791, 1.23497962952, -1.0473293066, 2.39815926552, -0.438930362463, -10.4528951645, -10.0805482864, 46.7088775635, 87.7981643677, 28.9414863586], [-192.192459106, -9.94371318817, 88.2363967896, 113.595428467, 12.6549291611, 16.5305404663, -52.8752975464, -15.9460420609, 33.2149162292, 15.8285312653, -4.04073858261, 28.9414863586, 85.6915359497]]}, "spectral_skewness": {"mean": 1.64353334904, "dvar": 0.260844260454, "min": -0.332776039839, "dmean": 0.584934651852, "dmean2": 1.00504946709, "dvar2": 0.759978592396, "max": 5.26066017151, "median": 1.53777146339, "var": 0.617439389229}, "spectral_energyband_low": {"mean": 0.00169949547853, "dvar": 2.09466952583e-06, "min": 3.02670593877e-23, "dmean": 0.000760897353757, "dmean2": 0.000994818750769, "dvar2": 3.61280899597e-06, "max": 0.0465633273125, "median": 0.000635765667539, "var": 1.08276753963e-05}, "spectral_energyband_middle_low": {"mean": 0.00748600997031, "dvar": 2.47119405685e-05, "min": 1.81487056416e-22, "dmean": 0.00288051436655, "dmean2": 0.00436592614278, "dvar2": 5.6062672229e-05, "max": 0.142440930009, "median": 0.00453967088833, "var": 8.59177598613e-05}, "mfcc": {"icov": [[0.0245284829289, -0.0349662266672, 0.0348967276514, -0.0349921993911, 0.0352880954742, -0.036122277379, 0.0351993739605, -0.0337020084262, 0.0310527998954, -0.0276549849659, 0.0239978916943, -0.0181856732816, 0.0112474923953], [-0.0349662266672, 0.0513660348952, -0.0494760088623, 0.0503783598542, -0.050649933517, 0.0528751090169, -0.0515052452683, 0.0490489080548, -0.0450928062201, 0.0402260795236, -0.0350829064846, 0.0259779281914, -0.0165034737438], [0.0348967276514, -0.0494760088623, 0.0505806207657, -0.0497090220451, 0.0498671233654, -0.0516578406096, 0.0498562082648, -0.0476704016328, 0.0439306646585, -0.0385596565902, 0.0339018963277, -0.0262826830149, 0.0155012561008], [-0.0349921993911, 0.0503783598542, -0.0497090220451, 0.0537343397737, -0.0515100546181, 0.0516985915601, -0.0493271946907, 0.0477142482996, -0.0444877073169, 0.0392512269318, -0.0336850956082, 0.0256672613323, -0.0174809712917], [0.0352880954742, -0.050649933517, 0.0498671233654, -0.0515100546181, 0.0541074611247, -0.0530355349183, 0.0523842275143, -0.0489452704787, 0.0447228550911, -0.0404984727502, 0.0344839021564, -0.0250668115914, 0.0150332245976], [-0.036122277379, 0.0528751090169, -0.0516578406096, 0.0516985915601, -0.0530355349183, 0.0594490207732, -0.0555913113058, 0.0528361722827, -0.049482729286, 0.0421155057847, -0.0359984822571, 0.0251384694129, -0.015519330278], [0.0351993739605, -0.0515052452683, 0.0498562082648, -0.0493271946907, 0.0523842275143, -0.0555913113058, 0.0599601231515, -0.0545779466629, 0.0486293323338, -0.0417482666671, 0.0339010171592, -0.0256923697889, 0.0142354490235], [-0.0337020084262, 0.0490489080548, -0.0476704016328, 0.0477142482996, -0.0489452704787, 0.0528361722827, -0.0545779466629, 0.0580955706537, -0.0496575087309, 0.0432832241058, -0.0368110388517, 0.026073101908, -0.0145515650511], [0.0310527998954, -0.0450928062201, 0.0439306646585, -0.0444877073169, 0.0447228550911, -0.049482729286, 0.0486293323338, -0.0496575087309, 0.0563636571169, -0.0465377159417, 0.0367601886392, -0.0261081848294, 0.0157637950033], [-0.0276549849659, 0.0402260795236, -0.0385596565902, 0.0392512269318, -0.0404984727502, 0.0421155057847, -0.0417482666671, 0.0432832241058, -0.0465377159417, 0.0496466010809, -0.0384751595557, 0.0262665878981, -0.0157932993025], [0.0239978916943, -0.0350829064846, 0.0339018963277, -0.0336850956082, 0.0344839021564, -0.0359984822571, 0.0339010171592, -0.0368110388517, 0.0367601886392, -0.0384751595557, 0.045905251056, -0.0301929358393, 0.0183532238007], [-0.0181856732816, 0.0259779281914, -0.0262826830149, 0.0256672613323, -0.0250668115914, 0.0251384694129, -0.0256923697889, 0.026073101908, -0.0261081848294, 0.0262665878981, -0.0301929358393, 0.0362127013505, -0.0186893772334], [0.0112474923953, -0.0165034737438, 0.0155012561008, -0.0174809712917, 0.0150332245976, -0.015519330278, 0.0142354490235, -0.0145515650511, 0.0157637950033, -0.0157932993025, 0.0183532238007, -0.0186893772334, 0.023161644116]], "mean": [-764.77734375, 199.037277222, -48.9811325073, 40.9286766052, 5.63744974136, -11.7121219635, 6.8559088707, -4.64317941666, -6.65007972717, -9.66032123566, -4.67850208282, 0.869477331638, 2.25567340851], "cov": [[6271.16943359, 1494.85449219, -2492.48486328, -36.193397522, -693.822875977, -374.356689453, 96.830329895, 139.824829102, -57.2989463806, 75.9504318237, 60.3245315552, -69.0005569458, -124.247627258], [1494.85449219, 1082.09631348, -379.557037354, -211.421356201, -148.415374756, -231.272354126, 145.145111084, 34.7172012329, -59.4124717712, -19.9457435608, 52.4162788391, -1.11759984493, -2.05685925484], [-2492.48486328, -379.557037354, 1443.89208984, 112.897926331, 208.439666748, 215.791091919, -17.9408283234, -45.3614730835, 13.2570667267, -54.8637657166, -18.3636856079, 79.9298629761, 83.2305755615], [-36.193397522, -211.421356201, 112.897926331, 407.549285889, 221.528381348, 32.134967804, -126.035186768, -40.9912452698, 40.501209259, 19.3945560455, -41.5479431152, 4.18769645691, 50.3832473755], [-693.822875977, -148.415374756, 208.439666748, 221.528381348, 501.608703613, 77.2004623413, -148.82598877, -63.1374778748, 57.7482948303, 38.8497619629, -35.6958694458, -6.02374649048, 47.4404602051], [-374.356689453, -231.272354126, 215.791091919, 32.134967804, 77.2004623413, 310.524658203, 49.6023788452, -15.1788835526, 62.0421638489, 28.4844932556, 14.3109455109, 37.2719688416, 10.7008914948], [96.830329895, 145.145111084, -17.9408283234, -126.035186768, -148.82598877, 49.6023788452, 266.676879883, 111.152877808, -21.306936264, -7.90435314178, 51.6883430481, 24.3973369598, -3.11431622505], [139.824829102, 34.7172012329, -45.3614730835, -40.9912452698, -63.1374778748, -15.1788835526, 111.152877808, 172.211273193, 28.4824886322, -5.89214468002, 30.4198284149, 4.63835954666, -16.8195018768], [-57.2989463806, -59.4124717712, 13.2570667267, 40.501209259, 57.7482948303, 62.0421638489, -21.306936264, 28.4824886322, 137.861831665, 77.8394393921, 5.5161113739, 3.59789848328, 0.045970454812], [75.9504318237, -19.9457435608, -54.8637657166, 19.3945560455, 38.8497619629, 28.4844932556, -7.90435314178, -5.89214468002, 77.8394393921, 133.3409729, 44.1790275574, -0.0722120702267, -1.83303403854], [60.3245315552, 52.4162788391, -18.3636856079, -41.5479431152, -35.6958694458, 14.3109455109, 51.6883430481, 30.4198284149, 5.5161113739, 44.1790275574, 100.431785583, 37.4186477661, -13.9305973053], [-69.0005569458, -1.11759984493, 79.9298629761, 4.18769645691, -6.02374649048, 37.2719688416, 24.3973369598, 4.63835954666, 3.59789848328, -0.0722120702267, 37.4186477661, 84.9365463257, 35.5679664612], [-124.247627258, -2.05685925484, 83.2305755615, 50.3832473755, 47.4404602051, 10.7008914948, -3.11431622505, -16.8195018768, 0.045970454812, -1.83303403854, -13.9305973053, 35.5679664612, 90.5509872437]]}, "silence_rate_20dB": {"mean": 1, "dvar": 0, "min": 1, "dmean": 0, "dmean2": 0, "dvar2": 0, "max": 1, "median": 1, "var": 0}, "dynamic_complexity": 5.60979223251, "silence_rate_60dB": {"mean": 0.263589739799, "dvar": 0.0718794167042, "min": 0, "dmean": 0.0779601410031, "dmean2": 0.155943140388, "dvar2": 0.145388320088, "max": 1, "median": 0, "var": 0.194102808833}, "dissonance": {"mean": 0.457424193621, "dvar": 0.00046067443327, "min": 0.157419845462, "dmean": 0.0212202426046, "dmean2": 0.0352630987763, "dvar2": 0.00123252253979, "max": 0.500000059605, "median": 0.465606212616, "var": 0.00110945350025}, "barkbands": {"mean": [2.92835215987e-06, 0.00116192793939, 0.000426268554293, 0.00035046931589, 0.00238826987334, 0.00151021382771, 0.000644800020382, 0.000998404109851, 0.00130179477856, 0.000781780981924, 0.00115298072342, 0.000972347916104, 0.00114020472392, 0.000313187716529, 0.000518584973179, 0.000526061514392, 0.000490838487167, 0.00028182315873, 0.000158198832651, 6.47229171591e-05, 8.411177987e-06, 2.63994957095e-06, 1.54914275186e-07, 1.36135781759e-07, 1.20827037264e-08, 6.94786839173e-10, 5.0221427017e-10], "dvar": [1.56186001632e-11, 1.14187707823e-06, 3.42465341419e-07, 4.94517394145e-07, 5.34515766049e-06, 2.69585598289e-06, 7.49629180063e-07, 3.369647402e-06, 1.24406833493e-05, 3.77230867343e-06, 6.89460193826e-06, 4.16129478253e-06, 5.8875934883e-06, 8.78661410297e-07, 1.99149394575e-06, 1.79396545263e-06, 1.22550090964e-06, 1.88885195485e-07, 3.11546735077e-08, 7.13773307126e-09, 2.47392911712e-10, 3.33515125239e-11, 1.24677625537e-13, 8.42580196695e-14, 1.49613110305e-16, 1.3335702438e-18, 1.41771291687e-18], "min": [6.79731465315e-24, 4.7866360012e-24, 1.59202827627e-23, 8.16561677022e-24, 3.78887052878e-23, 2.2383642618e-23, 6.86798144412e-23, 6.67369541613e-24, 3.65520341265e-23, 1.00089150731e-22, 5.47578646573e-23, 5.60008065213e-23, 1.454362014e-22, 1.63909960649e-22, 1.10851946092e-22, 1.55882549943e-22, 1.5952499211e-22, 3.6166303863e-22, 1.90251439913e-22, 3.45191420981e-22, 4.25531969064e-22, 6.1452380637e-22, 5.32447032233e-22, 1.13616458016e-21, 1.11074967798e-21, 1.9171659569e-21, 2.14729059215e-21], "dmean": [2.37195740738e-06, 0.000543670088518, 0.000232409351156, 0.000287369883154, 0.0013249568874, 0.000764682597946, 0.00038365094224, 0.000614752760157, 0.000852230470628, 0.000504508265294, 0.000728417246137, 0.000641251273919, 0.000693035428412, 0.000234933526372, 0.000389724271372, 0.000341870792909, 0.000303581473418, 0.000172113403096, 8.15099629108e-05, 3.26400222548e-05, 4.70999248137e-06, 1.4403123032e-06, 8.38024405425e-08, 6.93692285836e-08, 4.57893900574e-09, 6.56761589557e-10, 6.28005369929e-10], "dmean2": [4.0874615479e-06, 0.000718356342986, 0.000320717372233, 0.000489249941893, 0.00216137734242, 0.00121018115897, 0.00058661098592, 0.000951058813371, 0.00131789036095, 0.000747057492845, 0.00110124610364, 0.000946884276345, 0.00103984482121, 0.000342093495419, 0.000587072805502, 0.000501133210491, 0.000446535064839, 0.00025278161047, 0.000116116156278, 4.61912895844e-05, 6.78853666614e-06, 2.06947379411e-06, 1.22071895703e-07, 1.01492346971e-07, 7.34308125416e-09, 1.19982013214e-09, 1.16983023268e-09], "dvar2": [4.52781631632e-11, 2.03349850381e-06, 5.89261105688e-07, 1.31542140025e-06, 1.46648999362e-05, 6.72340684105e-06, 1.65924814155e-06, 8.57476879901e-06, 3.02162607113e-05, 7.65169534134e-06, 1.66882764461e-05, 9.44579551287e-06, 1.33217590701e-05, 1.64647269685e-06, 4.20859032602e-06, 3.40542010235e-06, 2.61199966189e-06, 4.09806631296e-07, 5.53251950919e-08, 1.40083384892e-08, 4.82023754245e-10, 7.21401063886e-11, 2.2564282799e-13, 1.69429764272e-13, 4.07128159573e-16, 4.17057930122e-18, 4.48863934574e-18], "max": [0.000111834808195, 0.0259266514331, 0.0231508743018, 0.0178736448288, 0.0480168089271, 0.0522637441754, 0.0231719855219, 0.0485391803086, 0.121534220874, 0.103324912488, 0.0779386088252, 0.0575574785471, 0.0770612955093, 0.0272260084748, 0.0333419330418, 0.0528089180589, 0.0459711961448, 0.00842042639852, 0.00352696562186, 0.00266140489839, 0.000641135440674, 0.000162240394275, 1.61769567057e-05, 9.41992311709e-06, 3.8836259364e-07, 1.66174913829e-08, 1.66741145335e-08], "median": [1.26647603338e-06, 0.00034783204319, 0.000101041929156, 0.000124694066471, 0.00126526877284, 0.000533953076228, 0.000206940312637, 0.000129354259116, 9.94406073005e-05, 4.27113227488e-05, 7.08751831553e-05, 8.47464398248e-05, 6.97900468367e-05, 2.04944208235e-05, 4.10446518799e-05, 4.26314873039e-05, 6.1770544562e-05, 5.23292110302e-05, 3.61298880307e-05, 1.18584102893e-05, 1.47486605329e-06, 4.4306003133e-07, 4.08999945023e-08, 5.1420190772e-08, 8.77141825839e-09, 3.34535704694e-10, 1.297681268e-10], "var": [2.40648820315e-11, 5.23693006471e-06, 1.65047663359e-06, 7.04567582943e-07, 1.07521364043e-05, 7.29071825845e-06, 1.58715988618e-06, 5.30054603587e-06, 1.87252371688e-05, 7.23002358427e-06, 1.19638561955e-05, 8.56788028614e-06, 1.53020282596e-05, 1.57470094564e-06, 3.35994354828e-06, 4.71757721243e-06, 2.51028927778e-06, 3.83957882377e-07, 9.35616242259e-08, 2.44210713873e-08, 6.87660151044e-10, 8.60875398745e-11, 2.68068960042e-13, 1.7176046013e-13, 1.95030553715e-16, 1.2693583842e-18, 1.12253620361e-18]}, "spectral_complexity": {"mean": 12.578754425, "dvar": 13.4070587158, "min": 0, "dmean": 3.01787805557, "dmean2": 3.99941372871, "dvar2": 19.3052883148, "max": 47, "median": 10, "var": 86.6228866577}, "spectral_energyband_high": {"mean": 3.82830112358e-05, "dvar": 2.84330692324e-09, "min": 7.84482744868e-21, "dmean": 1.86348952411e-05, "dmean2": 2.60869837803e-05, "dvar2": 5.21191356739e-09, "max": 0.00199488340877, "median": 7.27563110559e-06, "var": 1.15680274249e-08}, "hfc": {"mean": 12.9285202026, "dvar": 84.0334472656, "min": 1.13905761434e-16, "dmean": 4.82727622986, "dmean2": 6.08983850479, "dvar2": 125.181365967, "max": 199.250350952, "median": 4.32792806625, "var": 410.119384766}, "melbands_kurtosis": {"mean": 10.7764940262, "dvar": 98.4444961548, "min": -1.89215755463, "dmean": 5.81429958344, "dmean2": 8.92573642731, "dvar2": 217.909881592, "max": 285.109985352, "median": 5.33515405655, "var": 295.902801514}, "spectral_strongpeak": {"mean": 0.992151081562, "dvar": 0.981611967087, "min": 0, "dmean": 0.547457873821, "dmean2": 0.888608157635, "dvar2": 2.28723669052, "max": 15.2971410751, "median": 0.383048027754, "var": 2.33927464485}, "silence_rate_30dB": {"mean": 0.996043980122, "dvar": 0.00292227137834, "min": 0, "dmean": 0.00293083232827, "dmean2": 0.00586252380162, "dvar2": 0.0067074992694, "max": 1, "median": 1, "var": 0.00394014967605}, "melbands_spread": {"mean": 18.9351043701, "dvar": 60.6142616272, "min": 0.455770730972, "dmean": 6.03976011276, "dmean2": 8.77922916412, "dvar2": 118.725135803, "max": 150.47328186, "median": 14.6760625839, "var": 230.7527771}, "melbands_crest": {"mean": 13.0186920166, "dvar": 7.9815363884, "min": 2.05384755135, "dmean": 3.16016864777, "dmean2": 5.06988620758, "dvar2": 19.6347770691, "max": 32.8965682983, "median": 11.9962158203, "var": 25.8065452576}, "average_loudness": 0.600574433804, "spectral_flux": {"mean": 0.058828022331, "dvar": 0.000377181044314, "min": 1.0278983914e-10, "dmean": 0.0163327436894, "dmean2": 0.0240878444165, "dvar2": 0.00070129550295, "max": 0.385918319225, "median": 0.0488168187439, "var": 0.00181626051199}, "spectral_rolloff": {"mean": 1122.43579102, "dvar": 275316, "min": 86.1328125, "dmean": 306.966033936, "dmean2": 492.867431641, "dvar2": 484175.15625, "max": 19745.9472656, "median": 1033.59375, "var": 726831.75}, "melbands": {"mean": [0.000264563626843, 0.000362805352779, 0.000211555554415, 0.000451118714409, 0.000438865768956, 0.000277370156255, 0.000157895789016, 0.00015015869576, 0.000231159254326, 0.000181058770977, 0.000109347216494, 0.000114846057841, 0.000160822659382, 0.000121803459479, 0.000142986667925, 8.320438792e-05, 3.16353471135e-05, 2.6754965802e-05, 4.22544108005e-05, 3.72032591258e-05, 3.50130612787e-05, 2.70564978564e-05, 2.31805242947e-05, 1.18902889881e-05, 7.19376976122e-06, 5.98110955252e-06, 3.22336359204e-06, 1.65914877925e-06, 8.25771792279e-07, 1.22406092373e-07, 1.32569013545e-07, 7.66089911508e-08, 2.8289505849e-08, 5.33739452635e-09, 3.0961990749e-09, 2.49005993602e-09, 2.44093345536e-09, 9.31784205349e-10, 3.58387625132e-10, 1.4246814839e-10], "dvar": [5.64116184876e-08, 1.39178524705e-07, 1.10172948098e-07, 2.60026837395e-07, 2.00394580929e-07, 8.59069828607e-08, 4.33157403279e-08, 6.09654904338e-08, 2.7568950145e-07, 1.8254230838e-07, 1.21662424135e-07, 6.76993252569e-08, 1.31711573204e-07, 6.15381736679e-08, 7.77480053671e-08, 3.08030294605e-08, 9.7258299192e-09, 6.00735239331e-09, 1.5909352058e-08, 9.14168296617e-09, 9.06411656842e-09, 2.58086263472e-09, 1.59306090541e-09, 4.14984047126e-10, 8.77587447157e-11, 5.25855504974e-11, 1.81280216532e-11, 5.08956982462e-12, 2.20477282264e-12, 5.20627615184e-14, 6.88923947729e-14, 3.09516748711e-14, 5.68241073566e-15, 1.65098553411e-16, 7.51394391005e-17, 5.44611314704e-17, 3.3574658876e-17, 1.77245097692e-18, 1.29267663151e-19, 2.19409528233e-20], "min": [2.09348242293e-24, 4.88538837033e-24, 5.55433137391e-24, 5.42028221244e-24, 7.41573427118e-24, 5.1824923199e-24, 1.39385584615e-23, 5.12914126245e-24, 3.44284063701e-24, 5.30529548031e-24, 4.05195682397e-24, 1.89320669242e-23, 7.65957985446e-24, 7.82297503603e-24, 8.96453644084e-24, 1.65166805398e-23, 1.33753228192e-23, 1.28793628126e-23, 8.19490717563e-24, 1.18417006999e-23, 7.91023488507e-24, 7.70128771938e-24, 1.99563838769e-23, 1.66541221976e-23, 4.96090641922e-24, 9.4189857977e-24, 1.17800740972e-23, 9.70483901304e-24, 6.87168845929e-24, 1.21802159027e-23, 1.10919049756e-23, 1.33646937074e-23, 1.0895530675e-23, 8.67651306915e-24, 1.05645214838e-23, 8.64620976634e-24, 1.63533263789e-23, 1.25709387091e-23, 9.50938215769e-24, 1.12450023669e-23], "dmean": [0.000123114747112, 0.000170362123754, 0.000144325720612, 0.000273343437584, 0.000225143478019, 0.000141577969771, 9.24691994442e-05, 8.74298712006e-05, 0.000144204619573, 0.00011401057418, 6.73753820593e-05, 7.46561781853e-05, 9.79113829089e-05, 7.57386515033e-05, 8.49255375215e-05, 5.24730276084e-05, 2.35444294958e-05, 2.04635398404e-05, 3.23654785461e-05, 2.59207863564e-05, 2.13225266634e-05, 1.5825871742e-05, 1.44590867421e-05, 7.39995039112e-06, 4.03289050155e-06, 3.26503914039e-06, 1.68513145127e-06, 8.67309893238e-07, 4.34121687931e-07, 6.48034585993e-08, 7.037348837e-08, 4.24534967181e-08, 1.65122724383e-08, 2.98550117961e-09, 1.83909476537e-09, 1.4760771494e-09, 1.33712796391e-09, 4.50159826082e-10, 1.52001161657e-10, 5.6618099098e-11], "dmean2": [0.000161791962455, 0.000223412745981, 0.000244227674557, 0.000450408697361, 0.00035722515895, 0.000222869566642, 0.000141003270983, 0.000134346744744, 0.000219805704546, 0.000175931156264, 0.000100876124634, 0.000111933630251, 0.000145558486111, 0.000111850087706, 0.000127128005261, 7.79727706686e-05, 3.4081072954e-05, 3.03556571453e-05, 4.82200921397e-05, 3.78310614906e-05, 2.99231505778e-05, 2.24095656449e-05, 2.09197678487e-05, 1.08411622932e-05, 5.89012961427e-06, 4.68116923003e-06, 2.40180452238e-06, 1.24785333355e-06, 6.26332507636e-07, 9.18970641806e-08, 1.01685984077e-07, 6.15673982907e-08, 2.4192498671e-08, 4.42893011154e-09, 2.77113088032e-09, 2.14882978078e-09, 1.99546934532e-09, 6.82843781519e-10, 2.40076569735e-10, 9.15793482714e-11], "dvar2": [9.49227043634e-08, 2.21852090476e-07, 3.04162654174e-07, 7.24452092982e-07, 5.32630849648e-07, 2.00352658908e-07, 9.47680689478e-08, 1.45550203001e-07, 6.81403037106e-07, 4.32063842482e-07, 2.30277009905e-07, 1.54086805537e-07, 3.17771423397e-07, 1.44849494177e-07, 1.66072780416e-07, 6.70656206125e-08, 1.87866220358e-08, 1.38948808015e-08, 3.28503233504e-08, 1.74571770373e-08, 1.55270782898e-08, 4.50377601879e-09, 3.31266725162e-09, 9.29141763528e-10, 1.7578286049e-10, 9.95232854462e-11, 3.67571945104e-11, 1.01663738192e-11, 4.2737762114e-12, 9.9054323229e-14, 1.34921018585e-13, 7.00461688435e-14, 1.24524947848e-14, 3.32884477667e-16, 1.46718838428e-16, 1.08901259171e-16, 6.77095043152e-17, 3.90714502359e-18, 3.2960254863e-19, 5.97684133738e-20], "max": [0.00658953562379, 0.014653891325, 0.00970647111535, 0.0124253546819, 0.0104717239738, 0.00930120144039, 0.00631145155057, 0.00782166607678, 0.0140377655625, 0.014533679001, 0.0212537366897, 0.00529571156949, 0.012276949361, 0.00668271444738, 0.00875387247652, 0.0048230914399, 0.00352792162448, 0.00256377551705, 0.00312939845026, 0.00340835540555, 0.00521707674488, 0.00210984935984, 0.000989639083855, 0.000527538591996, 0.000270625023404, 0.000149873623741, 0.000111784735054, 5.63926587347e-05, 7.69015096012e-05, 8.68032748258e-06, 1.20786853586e-05, 4.69876249554e-06, 3.00916508422e-06, 3.72351763644e-07, 4.21932554673e-07, 2.91252575835e-07, 1.77452335492e-07, 3.72496380407e-08, 9.15660436362e-09, 4.78495687517e-09], "median": [7.67759411247e-05, 0.000104321203253, 9.67225059867e-05, 0.000235608837102, 0.000161301562912, 9.58573509706e-05, 5.36719380761e-05, 2.62327448581e-05, 2.6419362257e-05, 1.44734267451e-05, 6.68768552714e-06, 6.03123862675e-06, 1.06851193777e-05, 1.06362849692e-05, 9.52777827479e-06, 5.69430358155e-06, 2.19350272346e-06, 2.17939373215e-06, 3.02941248265e-06, 3.37458095601e-06, 2.87658281195e-06, 3.17683429785e-06, 3.33356206283e-06, 2.19109961108e-06, 1.53428447902e-06, 1.15312411708e-06, 6.01938211275e-07, 3.02873161218e-07, 1.29595292719e-07, 1.98867908807e-08, 2.0259074418e-08, 1.15784057897e-08, 5.25634114013e-09, 1.10661946273e-09, 7.9754125526e-10, 6.56802667809e-10, 8.25712498376e-10, 4.8829151833e-10, 2.35418656791e-10, 1.02506191035e-10], "var": [2.48985259077e-07, 7.95531661879e-07, 1.77825640435e-07, 4.42224916242e-07, 4.84839802084e-07, 2.49616476822e-07, 9.54864134428e-08, 1.17838581559e-07, 3.91134989286e-07, 3.30768216372e-07, 2.67808275112e-07, 1.34071726166e-07, 2.29517141292e-07, 1.26310524706e-07, 2.28444008599e-07, 6.82331275925e-08, 1.69609482015e-08, 8.40810976399e-09, 2.77189204922e-08, 2.16038067435e-08, 2.78346501403e-08, 7.65473195941e-09, 3.45176731642e-09, 7.52483797495e-10, 2.12443854175e-10, 1.47848705501e-10, 5.69344710266e-11, 1.54692803706e-11, 9.22410151732e-12, 1.76345483355e-13, 2.31513836964e-13, 7.84298366811e-14, 1.26085165597e-14, 3.91561943934e-16, 1.33594036441e-16, 1.11928071851e-16, 6.80849516691e-17, 3.28066200229e-18, 2.16227015449e-19, 2.79354079378e-20]}, "spectral_energy": {"mean": 0.0151971569285, "dvar": 6.18166450295e-05, "min": 1.05657516398e-20, "dmean": 0.00501966709271, "dmean2": 0.00659902440384, "dvar2": 0.000105829378299, "max": 0.186285495758, "median": 0.00860237050802, "var": 0.000338519108482}, "spectral_decrease": {"mean": -3.71585873182e-09, "dvar": 3.59343015884e-18, "min": -4.51804993418e-08, "dmean": 1.22269316893e-09, "dmean2": 1.61881541505e-09, "dvar2": 6.29902792748e-18, "max": -6.20392289822e-29, "median": -2.17245843537e-09, "var": 1.96550488165e-17}, "erbbands_spread": {"mean": 27.5407009125, "dvar": 41.0605354309, "min": 1.9052079916, "dmean": 6.06077337265, "dmean2": 9.16066837311, "dvar2": 85.9719314575, "max": 107.77129364, "median": 26.1944007874, "var": 187.139968872}, "spectral_contrast_coeffs": {"mean": [-0.624433815479, -0.718470752239, -0.772794425488, -0.764543116093, -0.768090903759, -0.738184332848], "dvar": [0.00189784821123, 0.00146523991134, 0.00102370628156, 0.000987666542642, 0.000774896354415, 0.000272795354249], "min": [-0.978669166565, -0.98432046175, -0.968443870544, -0.967597663403, -0.960284769535, -0.9587277174], "dmean": [0.054773952812, 0.046884406358, 0.0377157703042, 0.0345640741289, 0.0274007786065, 0.0172135718167], "dmean2": [0.0892790257931, 0.0758453384042, 0.0593737214804, 0.0527860075235, 0.0394395291805, 0.0268268417567], "dvar2": [0.00497896783054, 0.00385178765282, 0.00235353014432, 0.00213128351606, 0.00133353192359, 0.000536446459591], "max": [-0.271289587021, -0.422518670559, -0.35584166646, -0.471943616867, -0.527731776237, -0.564556419849], "median": [-0.627101182938, -0.721624970436, -0.786327898502, -0.775307118893, -0.770206212997, -0.74940520525], "var": [0.00865456368774, 0.00547976372764, 0.0064240321517, 0.00552561366931, 0.00498118856922, 0.00169667799491]}, "spectral_energyband_middle_high": {"mean": 0.006215241272, "dvar": 3.25904584315e-05, "min": 1.69857358456e-21, "dmean": 0.00269470666535, "dmean2": 0.0034578058403, "dvar2": 5.17833359481e-05, "max": 0.125964894891, "median": 0.00115300703328, "var": 0.000140744887176}, "erbbands_crest": {"mean": 10.0032978058, "dvar": 6.57453250885, "min": 3.10861134529, "dmean": 2.78716850281, "dmean2": 4.57265901566, "dvar2": 16.9208087921, "max": 32.9821395874, "median": 9.152094841, "var": 16.9712600708}, "barkbands_crest": {"mean": 10.6077423096, "dvar": 6.43711662292, "min": 2.12856698036, "dmean": 2.72025370598, "dmean2": 4.42825317383, "dvar2": 15.0707912445, "max": 25.6916370392, "median": 9.70418357849, "var": 19.8944511414}, "pitch_salience": {"mean": 0.57779699564, "dvar": 0.0040591172874, "min": 0.08559153229, "dmean": 0.0729096978903, "dmean2": 0.116846114397, "dvar2": 0.00986545905471, "max": 0.941584467888, "median": 0.592579722404, "var": 0.0137312207371}, "melbands_skewness": {"mean": 2.12712717056, "dvar": 0.555327773094, "min": -1.73479831219, "dmean": 0.691342711449, "dmean2": 1.0185328722, "dvar2": 1.12589430809, "max": 12.076133728, "median": 1.99451768398, "var": 2.76148152351}, "spectral_spread": {"mean": 2093483.5, "dvar": 272354443264, "min": 915692.25, "dmean": 242103.109375, "dmean2": 373322.0625, "dvar2": 323616571392, "max": 40961280, "median": 1996645.375, "var": 552586510336}, "spectral_entropy": {"mean": 6.94736528397, "dvar": 0.02028949745, "min": 5.51094341278, "dmean": 0.148028388619, "dmean2": 0.224723502994, "dvar2": 0.042864728719, "max": 9.80981254578, "median": 6.97179317474, "var": 0.129655525088}, "erbbands_flatness_db": {"mean": 0.274663716555, "dvar": 0.000342274142895, "min": 0.0661864280701, "dmean": 0.0172666870058, "dmean2": 0.0244707800448, "dvar2": 0.000534659542609, "max": 0.424004644156, "median": 0.276123642921, "var": 0.00259648426436}, "spectral_kurtosis": {"mean": 10.1418838501, "dvar": 37.0527381897, "min": -1.21935486794, "dmean": 6.73372936249, "dmean2": 11.8969650269, "dvar2": 112.391441345, "max": 53.0709609985, "median": 8.10836982727, "var": 60.5083656311}, "erbbands_skewness": {"mean": 0.233909770846, "dvar": 0.201022624969, "min": -4.08833026886, "dmean": 0.44927996397, "dmean2": 0.671451985836, "dvar2": 0.412843763828, "max": 5.63469648361, "median": 0.241056397557, "var": 0.952533245087}, "erbbands_kurtosis": {"mean": 0.664357185364, "dvar": 2.55859661102, "min": -1.87987685204, "dmean": 1.10539889336, "dmean2": 1.72250771523, "dvar2": 5.47606515884, "max": 52.2198410034, "median": -0.0603617429733, "var": 6.51502132416}, "barkbands_spread": {"mean": 14.0563688278, "dvar": 20.8904323578, "min": 0.664684474468, "dmean": 3.98450303078, "dmean2": 5.97167253494, "dvar2": 43.6069145203, "max": 88.67943573, "median": 11.717338562, "var": 86.8403778076}, "zerocrossingrate": {"mean": 0.038902528584, "dvar": 6.99307420291e-05, "min": 0.0029296875, "dmean": 0.00628325808793, "dmean2": 0.00694213854149, "dvar2": 6.93503388902e-05, "max": 0.49462890625, "median": 0.03662109375, "var": 0.000457293674117}, "spectral_centroid": {"mean": 1052.84143066, "dvar": 75850.984375, "min": 143.900466919, "dmean": 219.616867065, "dmean2": 316.692077637, "dvar2": 133914.359375, "max": 11059.7705078, "median": 941.0625, "var": 324172.84375}, "barkbands_skewness": {"mean": 1.37404513359, "dvar": 0.403301894665, "min": -2.39760661125, "dmean": 0.601049900055, "dmean2": 0.877145051956, "dvar2": 0.829654455185, "max": 8.87839412689, "median": 1.26312255859, "var": 1.92048692703}, "melbands_flatness_db": {"mean": 0.294926166534, "dvar": 0.000500426685903, "min": 0.00770509196445, "dmean": 0.024030867964, "dmean2": 0.0346330180764, "dvar2": 0.000996036804281, "max": 0.543277919292, "median": 0.293389350176, "var": 0.00357843958773}, "spectral_contrast_valleys": {"mean": [-8.00535297394, -7.25476121902, -7.92648792267, -8.3803768158, -8.47303581238, -13.3474664688], "dvar": [0.154024988413, 0.153125807643, 0.162894070148, 0.146792188287, 0.105543382466, 0.0499811470509], "min": [-27.1646022797, -27.1282501221, -27.2008895874, -27.280921936, -27.3066005707, -27.290813446], "dmean": [0.422638595104, 0.37879768014, 0.373323112726, 0.341198325157, 0.27053514123, 0.180981621146], "dmean2": [0.665404617786, 0.580462276936, 0.526919782162, 0.459988117218, 0.353531748056, 0.276939064264], "dvar2": [0.306804150343, 0.261587381363, 0.229965925217, 0.185666203499, 0.123752653599, 0.0767201781273], "max": [-5.70228242874, -4.96528244019, -4.79361867905, -5.42590522766, -6.10800075531, -11.356253624], "median": [-7.91716337204, -7.18058776855, -7.96211242676, -8.40443611145, -8.46172142029, -13.3914251328], "var": [0.833488643169, 1.11815595627, 1.32348227501, 1.0864995718, 0.822715997696, 0.271657675505]}, "barkbands_flatness_db": {"mean": 0.245743811131, "dvar": 0.000353815616108, "min": 0.0316770672798, "dmean": 0.021521795541, "dmean2": 0.0334469340742, "dvar2": 0.000803413917311, "max": 0.440661519766, "median": 0.246412530541, "var": 0.00218902667984}, "barkbands_kurtosis": {"mean": 4.776