{"tonal": {"chords_number_rate": 0.00159348442685, "thpcp": [1, 0.748441338539, 0.237943977118, 0.15617492795, 0.161027863622, 0.170779943466, 0.200211197138, 0.26987105608, 0.491383433342, 0.76242262125, 0.644382357597, 0.342317163944, 0.233058601618, 0.204396933317, 0.426184207201, 0.826467216015, 0.774541199207, 0.388179302216, 0.185325324535, 0.146143481135, 0.171199902892, 0.2167635113, 0.262584269047, 0.427484244108, 0.670082986355, 0.607579469681, 0.301886290312, 0.155568361282, 0.176700919867, 0.381065607071, 0.520829975605, 0.360681027174, 0.19044585526, 0.126252874732, 0.114643968642, 0.471840441227], "hpcp": {"dvar": [0.0528760626912, 0.0372836105525, 0.0208227690309, 0.0238661300391, 0.0238733869046, 0.0290453601629, 0.0396474637091, 0.0540649928153, 0.0637512505054, 0.0664753094316, 0.058034285903, 0.0510995946825, 0.0460483245552, 0.0382796898484, 0.0408350303769, 0.0709199905396, 0.0586038567126, 0.0459633544087, 0.0368969738483, 0.0330053083599, 0.0363975279033, 0.0423725545406, 0.0448555573821, 0.0509242676198, 0.0479957461357, 0.047527462244, 0.0295097902417, 0.0193509925157, 0.0236930977553, 0.0347162671387, 0.0425750054419, 0.0245003793389, 0.0223512519151, 0.0147472843528, 0.0129437465221, 0.0205136109143], "mean": [0.318116307259, 0.238091394305, 0.0756938606501, 0.0496817901731, 0.0512255914509, 0.0543278865516, 0.0636904463172, 0.0858503803611, 0.156317085028, 0.242539063096, 0.204988539219, 0.108896672726, 0.0741397440434, 0.0650219991803, 0.135576143861, 0.262912690639, 0.246394187212, 0.123486168683, 0.0589550063014, 0.046490624547, 0.0544614829123, 0.0689560100436, 0.0835323408246, 0.135989710689, 0.213164329529, 0.193280935287, 0.096034951508, 0.0494888313115, 0.0562114454806, 0.121223181486, 0.165684506297, 0.11473851651, 0.0605839341879, 0.0401630960405, 0.0364701151848, 0.150100141764], "min": [7.41535768611e-05, 2.88449464279e-05, 0, 1.6788544599e-05, 1.73351945705e-05, 9.5044824775e-06, 6.47213482807e-06, 1.60342460731e-05, 2.82704204437e-05, 2.28419357882e-05, 1.24307543956e-05, 2.09188146982e-05, 8.56168298924e-06, 1.39212797876e-05, 2.99043695122e-05, 3.76409770979e-05, 6.11468349234e-05, 3.30936090904e-05, 1.03811444205e-05, 7.52755158828e-06, 1.39067606142e-05, 2.13133753277e-05, 4.02083387598e-05, 5.12839360454e-05, 3.66035019397e-05, 1.95006832655e-05, 2.25573694479e-05, 1.36849139381e-05, 1.12709121822e-05, 1.29281934278e-05, 1.87108798855e-05, 1.59714545589e-05, 1.5368399545e-05, 1.85070603038e-05, 1.39801913974e-05, 4.62194657302e-05], "median": [0.115245915949, 0.109382748604, 0.0180942602456, 0.00773485610262, 0.0085340635851, 0.009067828767, 0.00974684860557, 0.0132211148739, 0.0403880178928, 0.0723836869001, 0.0628200024366, 0.0252694822848, 0.0126201799139, 0.0123044876382, 0.0351337231696, 0.0770931988955, 0.0777370631695, 0.0301616471261, 0.0102292522788, 0.00596637185663, 0.00795571692288, 0.0108716124669, 0.0194637458771, 0.0396754555404, 0.074612647295, 0.0606297850609, 0.0260187666863, 0.00930081121624, 0.00978028587997, 0.0189131163061, 0.0221113674343, 0.0149259772152, 0.00912320800126, 0.00821475591511, 0.00759220449254, 0.0506222546101], "dvar2": [0.122887931764, 0.0895345434546, 0.0550223216414, 0.0664764866233, 0.0681289806962, 0.0852952376008, 0.117117352784, 0.154098123312, 0.175823241472, 0.175176993012, 0.154253661633, 0.141548261046, 0.135733783245, 0.113039046526, 0.116112791002, 0.192613095045, 0.149920418859, 0.129348814487, 0.104642570019, 0.0936009660363, 0.103097319603, 0.119431830943, 0.125099629164, 0.138555496931, 0.125469282269, 0.123246863484, 0.0801863223314, 0.0538290254772, 0.0644400790334, 0.0896878093481, 0.105807349086, 0.063418276608, 0.0615782886744, 0.0413109883666, 0.0361012853682, 0.0533689185977], "var": [0.141362369061, 0.076682664454, 0.0213357787579, 0.0171563755721, 0.0165203828365, 0.0194631181657, 0.0266479272395, 0.0382841676474, 0.0603519901633, 0.105844989419, 0.0819776281714, 0.0415262877941, 0.0318296775222, 0.0251070465893, 0.0440153889358, 0.117891475558, 0.0998589545488, 0.0422547757626, 0.024037308991, 0.0203278902918, 0.0225969161838, 0.0284481290728, 0.0316378735006, 0.0495451055467, 0.0844757333398, 0.0802110880613, 0.0307366102934, 0.0160003695637, 0.0195356532931, 0.0470173284411, 0.0896655544639, 0.0479898117483, 0.023197343573, 0.0119173638523, 0.0105763729662, 0.0399099886417], "dmean2": [0.270085453987, 0.241273060441, 0.140824377537, 0.12693579495, 0.130881637335, 0.142327293754, 0.173522621393, 0.227592751384, 0.309633851051, 0.334089159966, 0.298820436001, 0.240169748664, 0.195303291082, 0.176764294505, 0.245701685548, 0.35128891468, 0.315449416637, 0.249083906412, 0.164037421346, 0.136528968811, 0.150905653834, 0.177396684885, 0.203820213675, 0.253379672766, 0.275025010109, 0.256836354733, 0.1715028584, 0.110753752291, 0.126187205315, 0.179842203856, 0.197972789407, 0.146017208695, 0.117054954171, 0.0886710733175, 0.0810575410724, 0.16379314661], "max": [1, 1, 1, 1, 1, 1, 1, 1, 1, 1, 1, 1, 1, 1, 1, 1, 1, 1, 1, 1, 1, 1, 1, 1, 1, 1, 1, 1, 1, 1, 1, 1, 1, 1, 1, 1], "dmean": [0.158018946648, 0.142596557736, 0.0800784900784, 0.0684474781156, 0.0706698745489, 0.0763669610023, 0.0924949273467, 0.121851548553, 0.17105807364, 0.190778672695, 0.167854681611, 0.129774793983, 0.104491323233, 0.0940687730908, 0.135881483555, 0.19841131568, 0.181686773896, 0.139106526971, 0.0871373191476, 0.0717525854707, 0.0805791467428, 0.0953687801957, 0.110917329788, 0.141741096973, 0.157478794456, 0.146023035049, 0.0971934869885, 0.0606842450798, 0.0705979317427, 0.103544674814, 0.112412177026, 0.0831022709608, 0.0656681731343, 0.0489933043718, 0.0445350967348, 0.0947810560465]}, "key_strength": 0.63531345129, "chords_strength": {"dvar": 7.55896107876e-05, "mean": 0.493967503309, "min": 0.236409291625, "median": 0.492236495018, "dvar2": 9.46066138567e-05, "var": 0.00709075573832, "dmean2": 0.00997100956738, "max": 0.760648846626, "dmean": 0.0100875338539}, "tuning_equal_tempered_deviation": 0.113654352725, "chords_key": "D", "tuning_frequency": 440.254241943, "chords_scale": "minor", "chords_changes_rate": 0.0679886713624, "key_scale": "major", "tuning_diatonic_strength": 0.523872077465, "hpcp_entropy": {"dvar": 0.316897332668, "mean": 1.67713904381, "min": 0.0334014184773, "median": 1.6539273262, "dvar2": 0.899941086769, "var": 0.543911457062, "dmean2": 1.14834523201, "max": 4.5389046669, "dmean": 0.668485879898}, "chords_histogram": [20.8215293884, 4.28470277786, 2.35481595993, 0.0531161464751, 9.52549552917, 0.902974486351, 2.17776203156, 0.902974486351, 0.973796010017, 0, 0, 0, 0.10623229295, 0.10623229295, 0.141643062234, 0.123937673867, 0.265580743551, 0.938385248184, 0.637393772602, 3.31090641022, 0.531161487103, 2.74433422089, 2.60269117355, 46.4943351746], "tuning_nontempered_energy_ratio": 0.747047305107, "key_key": "F"}, "metadata": {"version": {"extractor": "music 1.0", "essentia_build_sha": "26c37b627ab5a2028d412893e0969599b764ad4d", "essentia": "2.1-beta2", "essentia_git_sha": "v2.1_beta2"}, "audio_properties": {"sample_rate": 44100, "length": 262.243255615, "lossless": false, "analysis_sample_rate": 44100, "downmix": "mix", "bit_rate": 160000, "equal_loudness": 0, "md5_encoded": "9b8397eb0d22c677ab14b80b1751c6e8", "codec": "mp3", "replay_gain": -13.0149345398}, "tags": {"catalognumber": ["ADOPECD009"], "musicbrainz_recordingid": ["7936abf5-8bce-477e-b3a8-44ba0c60b89d"], "title": ["I'll See You Now Now"], "artist": ["The Constructus Corporation"], "discnumber": ["1/2"], "artistsort": ["Constructus Corporation, The"], "originaldate": ["2002"], "musicbrainz_artistid": ["3d5a4dd1-c311-4775-a99b-10fdacba2918"], "tracknumber": ["15/23"], "musicbrainz_albumartistid": ["3d5a4dd1-c311-4775-a99b-10fdacba2918"], "musicbrainz album status": ["official"], "date": ["2002"], "albumartistsort": ["Constructus Corporation, The"], "musicbrainz_releasegroupid": ["8a26a722-31c5-38a0-b6bf-7d37792792a8"], "media": ["CD"], "musicbrainz album release country": ["ZA"], "label": ["African Dope Records"], "musicbrainz album type": ["album"], "script": ["Latn"], "musicbrainz_albumid": ["1ba13d6f-f3ab-417f-b59a-a538b6dff203"], "file_name": "1-15 I'll See You Now Now.mp3", "album": ["The Ziggurat"], "albumartist": ["The Constructus Corporation"]}}, "lowlevel": {"melbands": {"dvar": [4.4898231863e-05, 4.98839799548e-05, 1.82381609193e-05, 2.15198474507e-06, 9.88074020825e-07, 1.06181502701e-07, 6.56699015167e-08, 1.49382213266e-08, 1.28217667594e-08, 1.44123424306e-08, 7.73809727406e-09, 4.13752907491e-08, 1.66788396427e-08, 1.5560372546e-08, 4.00464506001e-09, 2.7357170751e-08, 5.97196461172e-08, 1.64019908766e-08, 3.66788754924e-09, 3.15603876366e-09, 3.60843799285e-10, 4.99966457124e-10, 7.69166119685e-10, 3.32168320627e-10, 3.17095627533e-10, 2.97582958275e-10, 2.47589310165e-10, 1.36203368029e-10, 1.13302339733e-10, 7.76711542305e-11, 7.68769353732e-11, 5.4536812566e-11, 1.94579196505e-11, 6.49530819755e-12, 8.50806144287e-12, 3.25269693992e-12, 1.53461878621e-12, 9.17813459782e-13, 3.98356640643e-13, 1.90697013302e-13], "mean": [0.00254533719271, 0.00227268505841, 0.00110949587543, 0.000700391887221, 0.000695928407367, 0.000317262543831, 0.000248988741077, 0.000117800373118, 9.8376054666e-05, 6.13951488049e-05, 8.45966715133e-05, 0.000210862461245, 8.78152277437e-05, 0.000121504861454, 5.48148491362e-05, 9.4307877589e-05, 0.000123056219309, 6.01738320256e-05, 2.19047924475e-05, 1.45916665133e-05, 7.10325139153e-06, 7.10888116373e-06, 1.1637013813e-05, 5.99867007622e-06, 6.85864551997e-06, 7.7764134403e-06, 7.91374350229e-06, 6.15815042693e-06, 5.28152850165e-06, 4.1455173232e-06, 4.03075046052e-06, 3.41130157722e-06, 2.26025076699e-06, 1.48929700572e-06, 1.43134343489e-06, 8.46595298754e-07, 5.30460170012e-07, 3.83014850058e-07, 2.42593444e-07, 1.85920640661e-07], "min": [6.38871009047e-14, 1.55717493479e-13, 1.2888939048e-12, 3.04813639607e-12, 9.77094967436e-12, 5.53014838783e-12, 5.72534424384e-12, 2.96471723039e-12, 2.58852878368e-12, 1.1954081388e-12, 1.47214841229e-13, 3.62262113753e-13, 1.97457230688e-13, 2.65596057517e-13, 1.34906829089e-13, 6.64468073662e-14, 3.62468810121e-14, 9.96089265216e-14, 6.99354446966e-14, 4.66048877821e-14, 4.37416081004e-14, 1.01435397218e-14, 2.94460162091e-14, 4.27845049157e-14, 2.28265672287e-14, 1.29756240271e-14, 2.36632426571e-14, 3.95988106129e-14, 5.68314147099e-14, 2.25599144807e-14, 1.38004291358e-14, 3.94128529997e-14, 3.05098455452e-14, 2.34159039543e-14, 1.13846157843e-14, 1.72458330575e-14, 1.26016733805e-14, 1.83016952017e-14, 2.47080815145e-14, 2.06986646112e-14], "median": [0.000181430761586, 0.000113990077807, 0.000101352125057, 0.000113474809041, 0.000184210744919, 0.000149033949128, 0.00011498391541, 6.48025088594e-05, 4.45134828624e-05, 2.14154151763e-05, 2.27093951253e-05, 1.46193397086e-05, 1.24341486298e-05, 1.39340490932e-05, 7.12138489689e-06, 6.0054894675e-06, 5.77404534852e-06, 5.9854733081e-06, 2.61105287791e-06, 1.75999025487e-06, 1.82701978702e-06, 1.64366588251e-06, 1.81341840744e-06, 1.24419841541e-06, 1.14797990136e-06, 6.0895297338e-07, 7.63277512306e-07, 9.93282355921e-07, 7.11318307367e-07, 6.42392933514e-07, 5.74954071908e-07, 4.31640131637e-07, 2.32917713561e-07, 1.39279833888e-07, 8.5395292615e-08, 4.90453153645e-08, 3.59067051647e-08, 3.29842819724e-08, 2.73529305872e-08, 3.07279641731e-08], "dvar2": [9.01241000975e-05, 0.000124632395455, 5.11985672347e-05, 5.80296364205e-06, 2.10813527701e-06, 2.74242410114e-07, 1.62721434549e-07, 3.85834368899e-08, 3.31285363586e-08, 3.76147859527e-08, 1.71638809832e-08, 4.23169552732e-08, 2.26997283193e-08, 1.95255633884e-08, 6.1930403028e-09, 3.41456249942e-08, 8.43733047873e-08, 3.01466513974e-08, 8.05500466328e-09, 5.93371307644e-09, 9.11580921859e-10, 1.32969601996e-09, 1.97622207487e-09, 9.05026775744e-10, 8.48244086082e-10, 7.67878816088e-10, 6.4461636029e-10, 3.53447660029e-10, 2.88283119598e-10, 2.07391145923e-10, 1.96547514375e-10, 1.34070463065e-10, 4.43614450729e-11, 1.45263185161e-11, 1.88872736895e-11, 6.82487226455e-12, 3.73237768816e-12, 2.03540266239e-12, 9.08055260759e-13, 4.42983648895e-13], "var": [5.80684245506e-05, 4.84138727188e-05, 1.10539695015e-05, 1.95660322788e-06, 2.19506068788e-06, 2.11543223827e-07, 1.31971489736e-07, 2.44712357045e-08, 2.04931183134e-08, 1.46143834812e-08, 3.63414898175e-08, 5.37222547337e-07, 9.51864862486e-08, 8.4739447459e-08, 1.75043766149e-08, 1.44389971979e-07, 1.88760779452e-07, 3.70090873503e-08, 6.20222451175e-09, 7.28482474344e-09, 3.40215106087e-10, 3.746389865e-10, 8.54795567662e-10, 2.67946470567e-10, 3.13259918006e-10, 3.39160949325e-10, 3.52259887926e-10, 2.13189257914e-10, 1.92683272116e-10, 1.01554493981e-10, 9.89505768989e-11, 7.81739534217e-11, 2.92379592759e-11, 1.18497503476e-11, 1.43170753031e-11, 5.6012256465e-12, 2.00546241939e-12, 1.18187068205e-12, 4.80150207788e-13, 2.3466073377e-13], "dmean2": [0.00365956034511, 0.00404688715935, 0.00298456125893, 0.00116418488324, 0.000650098139886, 0.0002986646723, 0.000226248550462, 0.000111885565275, 0.000109635744593, 8.49379212013e-05, 6.0186644987e-05, 8.54089666973e-05, 5.91320022068e-05, 6.67015701765e-05, 3.58062134183e-05, 6.02845066169e-05, 9.07261637622e-05, 5.1885159337e-05, 2.25448729907e-05, 1.68416117958e-05, 1.10699638753e-05, 1.26079621623e-05, 1.68315582414e-05, 9.44198654906e-06, 1.02930216599e-05, 1.19079322758e-05, 1.1198428183e-05, 8.01389978733e-06, 6.89905937179e-06, 5.55282213099e-06, 5.32711783308e-06, 4.39186806034e-06, 3.09416031996e-06, 1.82500116352e-06, 1.75652883172e-06, 9.8716282082e-07, 6.66555422413e-07, 5.09732046794e-07, 3.14945026503e-07, 2.25912188512e-07], "max": [0.0615681521595, 0.0604737401009, 0.0367441736162, 0.0127055468038, 0.0200443416834, 0.0041289688088, 0.00459867529571, 0.00218776147813, 0.00196988764219, 0.00167309842072, 0.00241173012182, 0.00921969581395, 0.00733606796712, 0.00322854239494, 0.00150817574468, 0.00570389954373, 0.00602820562199, 0.00404748134315, 0.00177916046232, 0.00247687543742, 0.0004077773483, 0.000279827072518, 0.000690199201927, 0.000217072971282, 0.000238010237808, 0.000224830888328, 0.000221963025979, 0.000163839824381, 0.000249157863436, 0.000145498313941, 0.000147248865687, 0.000143359226058, 8.31012512208e-05, 4.11360997532e-05, 4.97894943692e-05, 2.94885485346e-05, 1.85697736015e-05, 2.57348547166e-05, 1.4672233192e-05, 1.1693070519e-05], "dmean": [0.00243332283571, 0.00250222533941, 0.00161219853908, 0.000663412560243, 0.000413488945924, 0.000179988928721, 0.000139418392791, 6.87642532284e-05, 6.65353727527e-05, 5.08560733579e-05, 4.12805420638e-05, 7.51694387873e-05, 4.46530793852e-05, 5.60412918276e-05, 2.78218903986e-05, 4.78036272398e-05, 7.23712000763e-05, 3.70925408788e-05, 1.52040884132e-05, 1.10585033326e-05, 6.64237995807e-06, 7.45237775845e-06, 1.00698380265e-05, 5.50358799956e-06, 6.17428577243e-06, 7.27268343326e-06, 6.68201755616e-06, 4.80991730001e-06, 4.13652105635e-06, 3.36286552738e-06, 3.25512792188e-06, 2.74243370768e-06, 1.93885125555e-06, 1.15706905035e-06, 1.14704096177e-06, 6.73697684306e-07, 4.30451365219e-07, 3.31177659518e-07, 2.04853179753e-07, 1.45752295566e-07]}, "spectral_decrease": {"dvar": 7.92985627775e-17, "mean": -7.33252392138e-09, "min": -7.30881524191e-08, "median": -3.38679839729e-09, "dvar2": 1.6441531546e-16, "var": 1.20886504059e-16, "dmean2": 7.16913461929e-09, "max": -3.39862771837e-17, "dmean": 4.66764937812e-09}, "spectral_rolloff": {"dvar": 643921, "mean": 1302.84338379, "min": 64.599609375, "median": 1055.12695312, "dvar2": 1374949.125, "var": 1418320.375, "dmean2": 740.546813965, "max": 11369.53125, "dmean": 433.816192627}, "melbands_crest": {"dvar": 12.1861896515, "mean": 15.9688453674, "min": 2.67446565628, "median": 15.2511501312, "dvar2": 30.5847263336, "var": 32.4630889893, "dmean2": 6.46607112885, "max": 34.0392074585, "dmean": 4.05631780624}, "barkbands_skewness": {"dvar": 1.08880889416, "mean": 1.21642315388, "min": -7.93284368515, "median": 1.00685489178, "dvar2": 2.18393945694, "var": 3.46592521667, "dmean2": 1.3728209734, "max": 20.4038391113, "dmean": 0.951105892658}, "spectral_centroid": {"dvar": 124179.6875, "mean": 1143.99365234, "min": 124.544837952, "median": 989.436157227, "dvar2": 275957.03125, "var": 432603.40625, "dmean2": 434.862426758, "max": 3929.26049805, "dmean": 284.35748291}, "spectral_energyband_middle_low": {"dvar": 0.000234029444982, "mean": 0.0101090846583, "min": 1.21424398314e-10, "median": 0.00554365385324, "dvar2": 0.0006279371446, "var": 0.000208256125916, "dmean2": 0.01316126436, "max": 0.123896315694, "dmean": 0.00755881238729}, "erbbands_crest": {"dvar": 16.1668739319, "mean": 15.4115056992, "min": 2.73574328423, "median": 13.7704086304, "dvar2": 31.2150650024, "var": 60.711265564, "dmean2": 6.13025903702, "max": 34.8463478088, "dmean": 4.17210006714}, "dynamic_complexity": 3.62395858765, "spectral_energyband_low": {"dvar": 0.00096427265089, "mean": 0.0136551680043, "min": 1.2936758869e-12, "median": 0.00122310919687, "dvar2": 0.00197508861311, "var": 0.00131629034877, "dmean2": 0.0193652398884, "max": 0.252233594656, "dmean": 0.0124702071771}, "silence_rate_60dB": {"dvar": 0.0589253939688, "mean": 0.123151838779, "min": 0, "median": 0, "dvar2": 0.132438853383, "var": 0.107963986695, "dmean2": 0.125741615891, "max": 1, "dmean": 0.0628652349114}, "erbbands_kurtosis": {"dvar": 80.8879776001, "mean": 4.26219367981, "min": -1.89891731739, "median": 0.943058729172, "dvar2": 166.488067627, "var": 163.038406372, "dmean2": 5.16390371323, "max": 226.555587769, "dmean": 3.52794146538}, "spectral_complexity": {"dvar": 36.6718139648, "mean": 11.938202858, "min": 0, "median": 10, "dvar2": 77.5796813965, "var": 80.3217086792, "dmean2": 6.11458444595, "max": 59, "dmean": 3.95537447929}, "barkbands_crest": {"dvar": 10.2219791412, "mean": 12.7488698959, "min": 2.89067602158, "median": 11.6174974442, "dvar2": 22.5206069946, "var": 28.134771347, "dmean2": 5.66786956787, "max": 26.7825698853, "dmean": 3.56721735001}, "spectral_energy": {"dvar": 0.00115916633513, "mean": 0.0291135217994, "min": 1.45119957717e-10, "median": 0.0138821015134, "dvar2": 0.00240499898791, "var": 0.00178644456901, "dmean2": 0.0278301425278, "max": 0.279231160879, "dmean": 0.0181590784341}, "spectral_spread": {"dvar": 334134935552, "mean": 3845293.5, "min": 606964.75, "median": 3808431.75, "dvar2": 627051855872, "var": 1303939645440.0, "dmean2": 742933.375, "max": 13932282, "dmean": 509630.6875}, "spectral_contrast_valleys": {"dvar": [0.250051915646, 0.196370020509, 0.186981633306, 0.187800869346, 0.24127151072, 0.252112150192], "mean": [-8.04862213135, -7.02229881287, -7.81356668472, -8.30036067963, -8.16082763672, -11.0467758179], "min": [-16.8267192841, -14.4726734161, -16.2125396729, -16.5629558563, -16.4790248871, -18.1424102783], "median": [-7.90366029739, -6.90236139297, -7.7826461792, -8.23059749603, -8.17510890961, -11.0529232025], "dvar2": [0.535771429539, 0.424710690975, 0.403335392475, 0.365239351988, 0.421458631754, 0.416738688946], "var": [2.14576148987, 0.673335850239, 0.594123721123, 0.713847875595, 1.05161452293, 1.48224639893], "dmean2": [0.871454775333, 0.694379389286, 0.663507580757, 0.606515288353, 0.592187464237, 0.569687008858], "max": [-4.77434301376, -4.74181985855, -5.19209194183, -5.63017463684, -5.33093690872, -7.99752855301], "dmean": [0.549588382244, 0.43786740303, 0.418536931276, 0.403283447027, 0.434404730797, 0.442130118608]}, "spectral_rms": {"dvar": 3.82526059184e-06, "mean": 0.00441875541583, "min": 3.76271771074e-07, "median": 0.00368015142158, "dvar2": 7.31778436602e-06, "var": 8.87803616934e-06, "dmean2": 0.00198128423654, "max": 0.0165051706135, "dmean": 0.00136327778455}, "barkbands_spread": {"dvar": 47.1889953613, "mean": 16.5619659424, "min": 0.159576058388, "median": 13.6971931458, "dvar2": 105.742538452, "var": 153.238632202, "dmean2": 9.07857704163, "max": 81.1022415161, "dmean": 5.82212257385}, "pitch_salience": {"dvar": 0.00717952661216, "mean": 0.480675160885, "min": 0.0576961860061, "median": 0.487626999617, "dvar2": 0.0174188185483, "var": 0.0172501895577, "dmean2": 0.148256212473, "max": 0.87843310833, "dmean": 0.0945805385709}, "erbbands_skewness": {"dvar": 0.434109836817, "mean": 0.344725072384, "min": -10.9862670898, "median": 0.303522527218, "dvar2": 0.957566082478, "var": 1.71918785572, "dmean2": 0.919585049152, "max": 8.2787733078, "dmean": 0.632097005844}, "spectral_energyband_middle_high": {"dvar": 1.41289683597e-05, "mean": 0.00583756295964, "min": 1.05734579078e-11, "median": 0.00318143889308, "dvar2": 2.8592245144e-05, "var": 5.61207198189e-05, "dmean2": 0.00305726425722, "max": 0.058896522969, "dmean": 0.00236536283046}, "erbbands": {"dvar": [0.393055945635, 42.1052398682, 206.532775879, 570.481872559, 839.587402344, 322.475372314, 726.298950195, 249.114868164, 267.89074707, 131.19291687, 191.902114868, 368.730712891, 309.13583374, 2170.60229492, 2032.63818359, 2689.39501953, 2782.39624023, 11373.9228516, 5935.35351562, 1470.86169434, 379.976531982, 444.552642822, 610.300537109, 439.18182373, 545.959106445, 314.525512695, 213.257125854, 190.254425049, 116.036590576, 32.7436141968, 21.190656662, 4.63163566589, 1.5093870163, 0.319136530161, 0.0702760070562, 0.010226634331, 0.00105250044726, 4.52598433185e-05, 1.84854087593e-07, 1.64339053477e-09], "mean": [0.233104392886, 2.33228850365, 3.22759127617, 5.82393074036, 8.81848144531, 12.1093835831, 19.1498737335, 15.0396108627, 16.3566226959, 10.9512882233, 12.4317960739, 10.3558988571, 16.0705432892, 49.1077537537, 35.2927398682, 42.9458961487, 35.4787139893, 62.0154380798, 38.5583572388, 10.8556718826, 7.55021858215, 7.97961854935, 9.32590579987, 8.52049541473, 11.2563428879, 9.64862442017, 8.048371315, 6.79578924179, 5.43961954117, 3.17579483986, 2.2726919651, 1.02477836609, 0.506061017513, 0.239153042436, 0.116534337401, 0.0443962067366, 0.0141969518736, 0.00205158814788, 7.31460750103e-05, 3.58398101525e-05], "min": [5.11921147833e-12, 6.88381088243e-11, 3.68739788703e-10, 4.07687483772e-09, 3.42625909866e-08, 7.08281149286e-08, 2.91536821351e-07, 2.35581197217e-07, 3.79311359211e-07, 2.82129292373e-07, 2.86530536187e-07, 2.14223064177e-07, 4.23653325754e-08, 8.54263433325e-08, 7.78247795097e-08, 7.0318421308e-08, 4.08474534197e-08, 2.12746016359e-08, 5.93887676814e-08, 4.42915997212e-08, 3.83118283764e-08, 1.5987522417e-08, 4.01749566947e-08, 3.05369312059e-08, 2.14550688327e-08, 5.57832713355e-08, 7.61886695955e-08, 2.90965846972e-08, 5.5586124148e-08, 5.37733377826e-08, 2.49896032756e-08, 2.2994989024e-08, 3.02651770312e-08, 2.4841265045e-08, 1.13941673874e-08, 1.40474272214e-08, 4.88807305743e-09, 1.92926141729e-09, 1.17337653482e-10, 7.85417998e-12], "median": [0.019317433238, 0.0801705121994, 0.172971636057, 0.436351150274, 0.984185934067, 2.36353349686, 5.29669809341, 6.96813011169, 7.86702871323, 6.06234359741, 5.92726373672, 4.0965051651, 4.87894582748, 4.54497528076, 6.52226352692, 4.71018886566, 4.26580572128, 4.85884666443, 4.1966753006, 2.03170919418, 1.83375442028, 1.86545348167, 1.7000836134, 1.50913047791, 0.991993367672, 1.4811964035, 1.19805121422, 1.0539110899, 0.727671205997, 0.312911719084, 0.146970525384, 0.0670490637422, 0.047620780766, 0.0369185730815, 0.024713665247, 0.00746131036431, 0.00233226572163, 0.00021612571436, 1.73612770595e-05, 1.79755552381e-05], "dvar2": [0.770282804966, 92.9862289429, 574.714599609, 1609.56347656, 2325.1652832, 713.537475586, 1649.31799316, 643.819641113, 666.274841309, 339.235107422, 496.686035156, 962.112487793, 715.401489258, 2410.93310547, 2407.28613281, 3249.32568359, 3524.26928711, 16169.5820312, 10567.890625, 3059.5859375, 855.945556641, 1163.98571777, 1624.29907227, 1173.53430176, 1376.93603516, 814.327880859, 528.531494141, 495.324188232, 279.624816895, 73.0859222412, 45.5592384338, 10.6793575287, 3.36484193802, 0.723262488842, 0.149557977915, 0.0214847456664, 0.0024395280052, 0.000120190525195, 5.37773473752e-07, 3.54130125224e-09], "var": [0.504702866077, 49.9638404846, 139.935882568, 342.942596436, 547.510986328, 715.435668945, 1398.03015137, 506.456848145, 535.681213379, 210.405136108, 315.082550049, 376.720001221, 1206.33508301, 27008.8046875, 12900.1279297, 13859.5146484, 14912.4443359, 37064.9375, 14648.8720703, 2526.70092773, 563.407653809, 370.249145508, 588.511535645, 442.290893555, 672.073425293, 508.689849854, 382.836578369, 256.908630371, 177.909469604, 54.7255973816, 35.9627723694, 7.20133018494, 1.96273863316, 0.401286780834, 0.113146372139, 0.0168833527714, 0.00136104994453, 4.23722340201e-05, 1.0884244972e-07, 2.4322763803e-09], "dmean2": [0.333052396774, 3.69622325897, 7.72231006622, 15.8862075806, 20.7700939178, 13.4724884033, 18.6886806488, 13.8267555237, 14.806634903, 10.2086963654, 13.397816658, 13.8152561188, 12.0917682648, 20.324005127, 20.2763137817, 23.4062080383, 21.4639778137, 42.86302948, 31.2553825378, 11.4890174866, 10.2757816315, 12.6576919556, 13.9236097336, 12.3566465378, 16.2352142334, 12.2178726196, 9.59879302979, 8.40536212921, 6.76855897903, 3.94894766808, 2.71535348892, 1.1945335865, 0.641632974148, 0.284425467253, 0.118619255722, 0.0482940673828, 0.0158611759543, 0.00261096423492, 0.00010764288163, 3.34444048349e-05], "max": [5.60876274109, 58.3060150146, 132.817855835, 223.172958374, 290.76385498, 332.1434021, 462.968078613, 208.907989502, 295.400360107, 201.173568726, 227.961471558, 243.096481323, 474.939971924, 2071.04077148, 2733.11132812, 1432.4498291, 1836.78442383, 2635.47192383, 2416.02294922, 1797.01550293, 684.840698242, 270.23147583, 541.813537598, 270.334716797, 313.996429443, 249.761764526, 285.935852051, 218.062179565, 206.851623535, 100.757629395, 78.3364334106, 29.1072463989, 31.6381149292, 12.2010269165, 8.37012290955, 2.99965882301, 0.997555732727, 0.180203825235, 0.0180676281452, 0.000593746546656], "dmean": [0.223552271724, 2.37882423401, 4.40265321732, 8.57942199707, 11.3911876678, 8.3490228653, 11.7729463577, 8.31484889984, 9.09209156036, 6.28526067734, 8.12140274048, 8.27738952637, 8.13678264618, 17.6046981812, 16.0984230042, 20.0980587006, 17.0074882507, 34.2740211487, 22.865650177, 7.58058071136, 6.34187936783, 7.57068729401, 8.25832748413, 7.46060466766, 9.92354488373, 7.36063528061, 5.83710384369, 5.1352891922, 4.26760196686, 2.51863694191, 1.79257929325, 0.801026701927, 0.422077953815, 0.187510609627, 0.0791824683547, 0.0317682847381, 0.010340529494, 0.00163742806762, 6.41342412564e-05, 2.18283694267e-05]}, "dissonance": {"dvar": 0.0010717419209, "mean": 0.443023204803, "min": 0.157646179199, "median": 0.456596285105, "dvar2": 0.00281337765045, "var": 0.00220666080713, "dmean2": 0.0507568791509, "max": 0.499999970198, "dmean": 0.0304828137159}, "erbbands_flatness_db": {"dvar": 0.00096918962663, "mean": 0.21755631268, "min": 0.0791380181909, "median": 0.205333024263, "dvar2": 0.00164016964845, "var": 0.00528702512383, "dmean2": 0.0396262295544, "max": 0.551069498062, "dmean": 0.0300414450467}, "melbands_kurtosis": {"dvar": 395.49987793, "mean": 13.1273450851, "min": -1.91124224663, "median": 4.82479143143, "dvar2": 864.844970703, "var": 624.362487793, "dmean2": 16.1534481049, "max": 492.46383667, "dmean": 10.3012590408}, "melbands_spread": {"dvar": 99.8866577148, "mean": 21.3694934845, "min": 0.35224211216, "median": 17.5381793976, "dvar2": 214.180847168, "var": 311.970825195, "dmean2": 12.3254079819, "max": 201.86366272, "dmean": 7.97700166702}, "melbands_skewness": {"dvar": 1.39589262009, "mean": 1.99594283104, "min": -5.6320514679, "median": 1.73369050026, "dvar2": 2.78212404251, "var": 4.40785646439, "dmean2": 1.60208702087, "max": 16.8100471497, "dmean": 1.10096359253}, "spectral_entropy": {"dvar": 0.0790752768517, "mean": 7.16392564774, "min": 4.40855884552, "median": 7.24452924728, "dvar2": 0.147438168526, "var": 0.384493112564, "dmean2": 0.36686322093, "max": 8.64615726471, "dmean": 0.268677473068}, "zerocrossingrate": {"dvar": 0.000121815573948, "mean": 0.048986043781, "min": 0.0029296875, "median": 0.04443359375, "dvar2": 0.000141249911394, "var": 0.000892140902579, "dmean2": 0.010869176127, "max": 0.33056640625, "dmean": 0.00934751238674}, "average_loudness": 0.873269498348, "spectral_contrast_coeffs": {"dvar": [0.00376657419838, 0.00156208919361, 0.00133225042373, 0.000885736953933, 0.000507476332132, 0.000461189862108], "mean": [-0.627551078796, -0.714158475399, -0.734771132469, -0.768006205559, -0.80882614851, -0.740849614143], "min": [-0.912333548069, -0.95063573122, -0.922680854797, -0.948176443577, -0.934238195419, -0.91338121891], "median": [-0.632838308811, -0.71637159586, -0.74821460247, -0.786922335625, -0.816986501217, -0.740821182728], "dvar2": [0.00897513981909, 0.00390645489097, 0.00299577671103, 0.00194913882297, 0.00119561003521, 0.000995766487904], "var": [0.0132396956906, 0.00542196910828, 0.00818646419793, 0.00660588638857, 0.00187344150618, 0.00202243449166], "dmean2": [0.106912784278, 0.0770731344819, 0.066923238337, 0.054160322994, 0.0400205105543, 0.0333138667047], "max": [-0.242255702615, -0.452793359756, -0.361873805523, -0.476320177317, -0.627961695194, -0.555480718613], "dmean": [0.0666676238179, 0.0472709164023, 0.0435140579939, 0.0347803533077, 0.0249781236053, 0.0218203291297]}, "barkbands_flatness_db": {"dvar": 0.00113067531493, "mean": 0.189941450953, "min": 0.0362189970911, "median": 0.183078914881, "dvar2": 0.00210313987918, "var": 0.00592072075233, "dmean2": 0.0483977608383, "max": 0.514377713203, "dmean": 0.0340577289462}, "silence_rate_30dB": {"dvar": 0.057212151587, "mean": 0.930234611034, "min": 0, "median": 1, "dvar2": 0.116213195026, "var": 0.0648995935917, "dmean2": 0.121845394373, "max": 1, "dmean": 0.0609173029661}, "spectral_energyband_high": {"dvar": 8.72053647072e-07, "mean": 0.000574929406866, "min": 1.22467357436e-11, "median": 9.30391033762e-05, "dvar2": 2.068291451e-06, "var": 1.6275979533e-06, "dmean2": 0.00063213345129, "max": 0.0149274431169, "dmean": 0.00040302996058}, "melbands_flatness_db": {"dvar": 0.00154708826449, "mean": 0.248372092843, "min": 0.0197059847414, "median": 0.243065834045, "dvar2": 0.00282578356564, "var": 0.00791412033141, "dmean2": 0.0556232184172, "max": 0.601917564869, "dmean": 0.0390365831554}, "barkbands": {"dvar": [6.04093031598e-07, 0.000682859041262, 0.000191274884855, 8.69559589773e-05, 3.78213153454e-05, 3.28632063429e-06, 1.39333099014e-06, 3.78909675192e-07, 5.19421007539e-07, 1.49954610151e-06, 1.03141735508e-06, 1.07223809209e-06, 1.50588016368e-06, 4.01266197514e-06, 1.60044316999e-06, 3.67472182461e-07, 1.40758984912e-07, 1.93391969106e-07, 1.98385379235e-07, 1.47330069922e-07, 1.2754111367e-07, 8.71263310387e-08, 1.7967453303e-08, 6.82484868619e-09, 1.77132231105e-09, 3.50797030313e-10, 8.48828819733e-12], "mean": [0.00049771607155, 0.00974603090435, 0.0024210147094, 0.00229952274822, 0.00387848331593, 0.00177441828419, 0.00104227859993, 0.000579349929467, 0.000396925403038, 0.00140329496935, 0.000635202100966, 0.000848431373015, 0.000716172275133, 0.00101287243888, 0.00050708866911, 0.000170744140632, 0.000137455397635, 0.000164834535099, 0.000205756674404, 0.000206081691431, 0.000178327856702, 0.00015158590395, 7.55914152251e-05, 3.70541638404e-05, 1.85880398931e-05, 8.25458209874e-06, 4.26493102168e-07], "min": [1.36272178437e-13, 2.48378168076e-13, 2.75310373457e-13, 2.26554257125e-12, 2.52349009744e-11, 3.24930984896e-11, 2.66928874837e-11, 1.12966381041e-11, 8.63619852715e-12, 2.21638159215e-12, 1.13907548758e-12, 2.23795157753e-12, 7.90869052105e-13, 6.26611067721e-13, 1.05218351393e-12, 7.25832480057e-13, 2.44718660483e-13, 7.38715403951e-13, 4.26877364837e-13, 1.32276264594e-12, 1.06506264311e-12, 1.94225061381e-12, 7.81149504889e-13, 1.48456041297e-12, 1.6727129664e-12, 3.19149589569e-12, 1.22296779908e-12], "median": [0.000204428302823, 0.000472981366329, 0.000112910092867, 0.000138824878377, 0.000833263271488, 0.000840728636831, 0.000431409745943, 0.00027956685517, 0.000146115533425, 0.000145424390212, 6.7350018071e-05, 9.53382113948e-05, 5.08285193064e-05, 5.42008019693e-05, 4.15980211983e-05, 2.72215820587e-05, 3.29139802488e-05, 3.00688880088e-05, 1.94189724425e-05, 2.96202306345e-05, 2.8726133678e-05, 1.84991586138e-05, 5.9911471908e-06, 3.03833962789e-06, 3.64244579032e-06, 1.38259872529e-06, 7.62325491621e-09], "dvar2": [1.64072696407e-06, 0.00142978364602, 0.000547052768525, 0.000244790891884, 9.17236902751e-05, 8.327321666e-06, 3.47716718352e-06, 9.82258370641e-07, 1.3382330053e-06, 1.43807721997e-06, 1.53207145104e-06, 1.35770017096e-06, 1.98811426344e-06, 5.87822660236e-06, 2.94106507681e-06, 7.53629137762e-07, 3.71497122842e-07, 5.22975653894e-07, 5.18317563092e-07, 3.78314325644e-07, 3.29157444412e-07, 2.06966419114e-07, 3.82930522846e-08, 1.56456820832e-08, 3.85522458402e-09, 7.74155406447e-10, 2.46021293615e-11], "var": [6.67411086397e-07, 0.000856817292515, 0.000110925495392, 5.21884285263e-05, 5.94119483139e-05, 6.30290151094e-06, 2.67768200501e-06, 6.58018223021e-07, 5.41141105259e-07, 2.03523995879e-05, 5.41606596016e-06, 5.42022235095e-06, 7.68886911828e-06, 1.22844649013e-05, 3.75567378796e-06, 6.91475747772e-07, 1.13338245455e-07, 1.87888417713e-07, 2.24369188118e-07, 2.58650487694e-07, 1.79320025495e-07, 1.38446438314e-07, 3.52195783648e-08, 9.56975210187e-09, 2.54539767042e-09, 5.10841369206e-10, 5.22840798434e-12], "dmean2": [0.000849228294101, 0.0146404253319, 0.00711017800495, 0.00636404333636, 0.00501755531877, 0.00168216193561, 0.000979529228061, 0.000600816099904, 0.000542201218195, 0.000575139885768, 0.000458046066342, 0.000504363153595, 0.000480778486235, 0.00078930798918, 0.000453537446447, 0.000216580316192, 0.000231060563237, 0.000246324780164, 0.000307520473143, 0.000261598848738, 0.000220138084842, 0.000193479689187, 8.56231272337e-05, 4.44264078396e-05, 2.01485854632e-05, 9.05177694221e-06, 8.19419142317e-07], "max": [0.0110578173772, 0.240480840206, 0.131433486938, 0.088008031249, 0.088185608387, 0.0204870570451, 0.0218083690852, 0.0104892188683, 0.0100530348718, 0.0559391565621, 0.0551042631269, 0.0281774606556, 0.0413597524166, 0.0489985905588, 0.037969764322, 0.0247277077287, 0.00491807609797, 0.00949989259243, 0.00533133372664, 0.00677121430635, 0.00542110670358, 0.00617450848222, 0.00219478225335, 0.00148161721881, 0.0012432038784, 0.000586488225963, 0.000111095672764], "dmean": [0.000485299271531, 0.00952778663486, 0.00382222537883, 0.00341309141368, 0.00300029036589, 0.00103130564094, 0.000604806875344, 0.000365549727576, 0.000325082539348, 0.000495120009873, 0.000341733131791, 0.000415027345298, 0.000371288100723, 0.000616549979895, 0.000324494496454, 0.000137870694743, 0.000136773029226, 0.000144470686791, 0.000186354751349, 0.000158171926159, 0.000133172507049, 0.000122529905639, 5.68272189412e-05, 2.95522804663e-05, 1.34569672809e-05, 5.90709851167e-06, 4.65117494741e-07]}, "erbbands_spread": {"dvar": 125.465820312, "mean": 27.7067394257, "min": 0.278322577477, "median": 23.4680423737, "dvar2": 263.535583496, "var": 375.11138916, "dmean2": 14.4706888199, "max": 127.914237976, "dmean": 9.90471076965}, "barkbands_kurtosis": {"dvar": 296.193725586, "mean": 7.04154968262, "min": -1.92419195175, "median": 1.72218513489, "dvar2": 667.987792969, "var": 373.911346436, "dmean2": 10.0718688965, "max": 556.172058105, "dmean": 6.47267818451}, "spectral_flux": {"dvar": 0.00404748180881, "mean": 0.0911299884319, "min": 3.78302502213e-05, "median": 0.0585132688284, "dvar2": 0.00775783695281, "var": 0.00727664353326, "dmean2": 0.0683532655239, "max": 0.485925793648, "dmean": 0.0438524000347}, "silence_rate_20dB": {"dvar": 0, "mean": 1, "min": 1, "median": 1, "dvar2": 0, "var": 0, "dmean2": 0, "max": 1, "dmean": 0}, "gfcc": {"cov": [[8559.5234375, -1455.79968262, 942.731628418, 1300.05249023, 228.813751221, 561.141662598, -60.3839797974, 195.509674072, -517.155944824, 327.110015869, -509.949981689, 20.6447677612, -593.16796875], [-1455.79968262, 1647.54589844, 278.404785156, -240.712677002, 379.680664062, -121.023155212, 153.536193848, -98.9297943115, 213.645812988, -183.603134155, 173.234664917, -93.9628601074, 178.412857056], [942.731628418, 278.404785156, 938.549255371, 482.57800293, 200.292327881, 151.197250366, 71.3429870605, 135.107299805, -30.7391471863, 3.6482167244, 25.4807338715, 59.3242530823, -44.0792045593], [1300.05249023, -240.712677002, 482.57800293, 864.145996094, 146.068511963, 79.200553894, 63.1905975342, 178.444869995, 35.7595367432, 18.4508934021, 53.6383323669, 73.9604415894, -88.6811294556], [228.813751221, 379.680664062, 200.292327881, 146.068511963, 461.764526367, 200.596511841, 124.047737122, 29.1619949341, 87.564163208, 22.6777954102, -6.40448474884, -62.6263961792, -33.2162437439], [561.141662598, -121.023155212, 151.197250366, 79.200553894, 200.596511841, 445.029632568, 213.276428223, 59.45495224, -27.4078826904, 65.6908721924, -36.9742546082, -16.7589015961, -79.4491653442], [-60.3839797974, 153.536193848, 71.3429870605, 63.1905975342, 124.047737122, 213.276428223, 351.877288818, 87.8917999268, 27.8712368011, -44.4229393005, 73.6048812866, 49.2825164795, 17.9064350128], [195.509674072, -98.9297943115, 135.107299805, 178.444869995, 29.1619949341, 59.45495224, 87.8917999268, 238.056777954, 58.4125137329, -27.0672836304, 31.6417598724, 97.2949676514, 46.8344955444], [-517.155944824, 213.645812988, -30.7391471863, 35.7595367432, 87.564163208, -27.4078826904, 27.8712368011, 58.4125137329, 230.695236206, 20.9218673706, 80.5769424438, -5.92527627945, 86.9829330444], [327.110015869, -183.603134155, 3.6482167244, 18.4508934021, 22.6777954102, 65.6908721924, -44.4229393005, -27.0672836304, 20.9218673706, 267.718933105, 4.49151706696, -17.304473877, -78.0047988892], [-509.949981689, 173.234664917, 25.4807338715, 53.6383323669, -6.40448474884, -36.9742546082, 73.6048812866, 31.6417598724, 80.5769424438, 4.49151706696, 272.841278076, 109.140693665, 47.2871894836], [20.6447677612, -93.9628601074, 59.3242530823, 73.9604415894, -62.6263961792, -16.7589015961, 49.2825164795, 97.2949676514, -5.92527627945, -17.304473877, 109.140693665, 189.921127319, 69.6657714844], [-593.16796875, 178.412857056, -44.0792045593, -88.6811294556, -33.2162437439, -79.4491653442, 17.9064350128, 46.8344955444, 86.9829330444, -78.0047988892, 47.2871894836, 69.6657714844, 211.307952881]], "mean": [-62.3521347046, 109.97102356, -126.023376465, 23.4678039551, -65.6226348877, 6.62640333176, -31.2631759644, -1.93703496456, -22.0354824066, 7.44494724274, -7.64009571075, 3.79229235649, -4.5550775528], "icov": [[0.000267294381047, 3.8536651914e-07, -2.09074041777e-05, -0.000349870562786, -4.79462869407e-05, -0.000149499130202, 0.000101047648059, -5.37688720215e-05, 0.000382461526897, -0.000223351016757, 0.000492802937515, -0.00031218258664, 0.000291172036668], [3.8536651914e-07, 0.0026867587585, -0.00170725118369, 0.001603166922, -0.00225881696679, 0.00211532530375, -0.00154418917373, 0.00131768477149, -0.00116586918011, 0.00125746917911, -0.00156890135258, 0.00173314404674, -0.000947861408349], [-2.09074041777e-05, -0.00170725118369, 0.00281293713488, -0.00183129590005, 0.000828894320875, -0.00162477092817, 0.00127551064361, -0.00128073582891, 0.00163950037677, -0.000821310968604, 0.000653493509162, -0.000987804378383, 9.75494403974e-05], [-0.000349870562786, 0.001603166922, -0.00183129590005, 0.00349828298204, -0.00152517808601, 0.00179686967749, -0.00104435579851, -0.000124255064293, -0.00189408974256, 0.00122035166714, -0.00155245629139, 0.000742446922231, 0.000635121192317], [-4.79462869407e-05, -0.00225881696679, 0.000828894320875, -0.00152517808601, 0.00555941415951, -0.00305303977802, 0.000795797212049, -0.000493520579766, -0.000944486702792, -0.000715641013812, 0.00142101105303, -0.000456422625575, 0.00103044766001], [-0.000149499130202, 0.00211532530375, -0.00162477092817, 0.00179686967749, -0.00305303977802, 0.00661219889298, -0.00407332181931, 0.000174153057742, -0.000129808380734, -0.000358825403964, -0.000556136947