{"tonal": {"chords_number_rate": 0.00204960023984, "thpcp": [1, 0.725570142269, 0.264932483435, 0.169406965375, 0.175497591496, 0.306630730629, 0.813958585262, 0.961382567883, 0.470090657473, 0.183846056461, 0.143976330757, 0.214081242681, 0.440090209246, 0.490130782127, 0.277916401625, 0.151935890317, 0.133621424437, 0.143906608224, 0.277296304703, 0.36911675334, 0.461253017187, 0.917010307312, 0.914380669594, 0.398555487394, 0.197656169534, 0.164246171713, 0.166232556105, 0.317258536816, 0.416579067707, 0.267284303904, 0.138094976544, 0.115022107959, 0.161171495914, 0.341296821833, 0.413862466812, 0.629926919937], "hpcp": {"dvar": [0.0331367440522, 0.0336370319128, 0.0281280726194, 0.025677151978, 0.026823874563, 0.0216890592128, 0.0279154255986, 0.0298841036856, 0.0336011126637, 0.0475956089795, 0.0409463308752, 0.0374418161809, 0.0290118474513, 0.0284448880702, 0.0231238603592, 0.0235167406499, 0.027988312766, 0.0216238163412, 0.0165993850678, 0.015565850772, 0.016629461199, 0.0207102112472, 0.0234449151903, 0.0337108522654, 0.0803207531571, 0.0379343889654, 0.0251849014312, 0.0174719914794, 0.0201254412532, 0.0279915798455, 0.0462616868317, 0.045992102474, 0.0362010784447, 0.0330133512616, 0.0255257375538, 0.0289988555014], "mean": [0.149015858769, 0.165959745646, 0.0941033214331, 0.0514459460974, 0.0452446117997, 0.0487272068858, 0.0938933566213, 0.124984040856, 0.156181648374, 0.310502439737, 0.309612035751, 0.13495208323, 0.0669269710779, 0.0556142441928, 0.0562868416309, 0.107424691319, 0.141054913402, 0.0905032679439, 0.0467593744397, 0.0389468297362, 0.054573148489, 0.115564122796, 0.140135064721, 0.213295146823, 0.338602989912, 0.245680227876, 0.0897069275379, 0.0573617070913, 0.0594240091741, 0.103826083243, 0.275608807802, 0.325527012348, 0.159174099565, 0.0622508227825, 0.0487508140504, 0.0724885463715], "min": [0, 0, 0, 0, 0, 0, 0, 0, 0, 0, 0, 0, 0, 0, 0, 0, 0, 0, 0, 0, 0, 0, 0, 0, 0, 0, 0, 0, 0, 0, 0, 0, 0, 0, 0, 0], "median": [0.0316442809999, 0.0387035943568, 0.0185985937715, 0.00554688507691, 0.00349218957126, 0.00670173577964, 0.0205450877547, 0.0287509486079, 0.0747842788696, 0.124878816307, 0.13502573967, 0.0490393489599, 0.00907437223941, 0.00624837819487, 0.0104237738997, 0.0265217423439, 0.035419523716, 0.0213224273175, 0.00679908134043, 0.00455575622618, 0.0093554854393, 0.0247274599969, 0.0327998399734, 0.101224653423, 0.115956507623, 0.0826350897551, 0.0110586099327, 0.00748328771442, 0.00772221712396, 0.030234862119, 0.116488792002, 0.147643238306, 0.0613579303026, 0.00699956063181, 0.00486037880182, 0.0125075466931], "dvar2": [0.0889573097229, 0.0875093191862, 0.0803814828396, 0.0749045163393, 0.0779750496149, 0.0625926628709, 0.077820956707, 0.0801638439298, 0.0961218327284, 0.125503629446, 0.104985848069, 0.105898164213, 0.0826543271542, 0.0794362947345, 0.0639991462231, 0.062135014683, 0.0703927502036, 0.0574071481824, 0.0464987158775, 0.0431562438607, 0.0445200614631, 0.0503617413342, 0.0564832575619, 0.0829643309116, 0.182202279568, 0.0946507155895, 0.0665069893003, 0.0483139529824, 0.0560538135469, 0.0757183656096, 0.123331427574, 0.115442119539, 0.102358691394, 0.0946812182665, 0.0728378891945, 0.0830304697156], "var": [0.0657739341259, 0.0718621909618, 0.0317388772964, 0.0188551191241, 0.0186267774552, 0.0158716794103, 0.0325401052833, 0.0489039607346, 0.0402044840157, 0.132016822696, 0.121113374829, 0.0423021242023, 0.0230686739087, 0.0202952865511, 0.0181013792753, 0.0343563370407, 0.0551311895251, 0.0292952358723, 0.0138391926885, 0.0120665486902, 0.0166581682861, 0.0465569272637, 0.0559093244374, 0.0588253550231, 0.155959174037, 0.0882546231151, 0.034040953964, 0.0172404106706, 0.018970541656, 0.0317233763635, 0.104336306453, 0.130753487349, 0.0483195073903, 0.0231242049485, 0.0168275423348, 0.0240107309073], "dmean2": [0.171575948596, 0.175151050091, 0.145471483469, 0.113300159574, 0.106520086527, 0.107851110399, 0.141620889306, 0.168595433235, 0.225069120526, 0.258445948362, 0.246167317033, 0.210062801838, 0.140291109681, 0.126904711127, 0.119179949164, 0.140121251345, 0.154045328498, 0.125954329967, 0.0937568247318, 0.0834572389722, 0.0956868827343, 0.122568242252, 0.144415304065, 0.239368826151, 0.335498869419, 0.246213674545, 0.133461326361, 0.10425876081, 0.111402474344, 0.172137975693, 0.268853694201, 0.251804083586, 0.216792166233, 0.15248914063, 0.123724669218, 0.143619686365], "max": [1, 1, 1, 1, 1, 1, 1, 1, 1, 1, 1, 1, 1, 1, 1, 1, 1, 1, 1, 1, 1, 1, 1, 1, 1, 1, 1, 1, 1, 1, 1, 1, 1, 1, 1, 1], "dmean": [0.0988917276263, 0.102652586997, 0.0824740976095, 0.0611406117678, 0.0570333637297, 0.0586838312447, 0.0807229578495, 0.0960928723216, 0.127486929297, 0.148673310876, 0.145063444972, 0.117811076343, 0.0775501206517, 0.0692686140537, 0.0659376531839, 0.0816440060735, 0.0917527899146, 0.0726712346077, 0.0518928878009, 0.0462820418179, 0.0547018758953, 0.0737190768123, 0.0876265615225, 0.140936404467, 0.19395005703, 0.145609423518, 0.0768293067813, 0.0589896477759, 0.0623887516558, 0.0989816114306, 0.156732946634, 0.149110093713, 0.123331382871, 0.081727810204, 0.0661289095879, 0.0787555500865]}, "key_strength": 0.811928331852, "chords_strength": {"dvar": 0.000434340152424, "mean": 0.528799951077, "min": -1, "median": 0.539056003094, "dvar2": 0.000801439397037, "var": 0.0140715809539, "dmean2": 0.00805810652673, "max": 0.80820029974, "dmean": 0.00822645239532}, "tuning_equal_tempered_deviation": 0.218109428883, "chords_key": "C", "tuning_frequency": 434.193115234, "chords_scale": "major", "chords_changes_rate": 0.0452961660922, "key_scale": "major", "tuning_diatonic_strength": 0.724044620991, "hpcp_entropy": {"dvar": 0.243861272931, "mean": 1.9741538763, "min": 0, "median": 1.99810302258, "dvar2": 0.65654450655, "var": 0.615650355816, "dmean2": 0.979400277138, "max": 4.51539897919, "dmean": 0.581443548203}, "chords_histogram": [27.4646434784, 4.83705663681, 17.4011058807, 0.122976019979, 0, 0.717360138893, 4.61160087585, 0, 0.163968026638, 0, 1.57819223404, 0, 0, 0.594384074211, 0.348432064056, 6.06681680679, 0, 7.41955327988, 0.102480016649, 0.245952039957, 0.532896101475, 4.03771257401, 17.7085475922, 6.04632091522], "tuning_nontempered_energy_ratio": 0.908504605293, "key_key": "C"}, "metadata": {"version": {"extractor": "music 1.0", "essentia_build_sha": "70f2e5ece6736b2c40cc944ad0e695b16b925413", "essentia": "2.1-beta2", "essentia_git_sha": "v2.1_beta2"}, "audio_properties": {"sample_rate": 44100, "length": 226.520004272, "lossless": true, "analysis_sample_rate": 44100, "downmix": "mix", "bit_rate": 0, "equal_loudness": 0, "md5_encoded": "12f6012d3488ab436800b87284a55356", "codec": "flac", "replay_gain": -15.9586658478}, "tags": {"disctotal": ["1"], "genre": ["Indie"], "releasecountry": ["US"], "musicbrainz_recordingid": ["f4a59ee5-16f6-4936-8d91-2368dcb4c2f0"], "language": ["eng"], "title": ["That Man Jumped Out the Window"], "releasetype": ["album"], "discnumber": ["1"], "artistsort": ["Cloud Cult"], "musicbrainz_artistid": ["a33a9cd6-8c03-4047-b62d-59f76f494c20"], "musicbrainz_albumid": ["c80fc1a9-1e57-42de-8d89-5a7b2bebb299"], "tracknumber": ["19"], "musicbrainz_albumartistid": ["a33a9cd6-8c03-4047-b62d-59f76f494c20"], "totaltracks": ["25"], "tracktotal": ["25"], "date": ["2005-03-08"], "albumartistsort": ["Cloud Cult"], "musicbrainz_releasegroupid": ["20dbdc4c-f7ce-35fe-99ea-b7211036c621"], "performer": ["Cloud Cult"], "musicip_puid": ["29490bf3-21cd-6e50-e98f-f519eb4b4136"], "label": ["baria"], "albumartist": ["Cloud Cult"], "asin": ["B0007NBABI"], "script": ["Latn"], "originaldate": ["2005-03-08"], "file_name": "19. That Man Jumped Out the Window.flac", "releasestatus": ["official"], "totaldiscs": ["1"], "album": ["Advice From the Happy Hippopotamus"], "artist": ["Cloud Cult"]}}, "lowlevel": {"melbands": {"dvar": [1.90936930267e-06, 1.03263419078e-05, 4.87605211674e-06, 1.59317593784e-07, 5.31365351719e-08, 7.28709679265e-08, 3.0594144107e-08, 1.34970399301e-08, 7.25886550867e-09, 3.21122790581e-08, 1.25685204466e-08, 1.66085145636e-09, 2.22284524121e-09, 5.98118754525e-09, 1.63937707853e-09, 1.35122157907e-09, 2.30980545801e-09, 8.7810453353e-10, 7.61314289388e-10, 2.90483748167e-10, 2.84852780252e-10, 6.27418950128e-10, 3.11026870925e-10, 1.65387828432e-10, 2.64494454116e-10, 3.06618008761e-10, 2.90068830067e-10, 3.76227299315e-10, 1.41318179381e-10, 1.83126326603e-11, 7.21308950069e-12, 2.90110361949e-12, 2.67197483757e-12, 3.90547576917e-12, 4.69773178691e-12, 5.96868995201e-12, 4.89453356317e-12, 2.37523238925e-12, 1.06902117367e-12, 4.40080291002e-13], "mean": [0.00100357586052, 0.00134129042272, 0.000882291060407, 0.000379105767934, 0.000248297554208, 0.000258920830674, 0.000162129770615, 9.95187074295e-05, 7.58601963753e-05, 0.000121523429698, 8.26825780678e-05, 2.53650105151e-05, 3.0803566915e-05, 4.02491423301e-05, 1.82065978152e-05, 1.72058098542e-05, 2.28507578868e-05, 1.85797525774e-05, 1.59488754434e-05, 1.05693388832e-05, 1.19553324112e-05, 1.67726338987e-05, 1.27062412503e-05, 8.95801986189e-06, 9.24330925045e-06, 1.09053644337e-05, 1.07193745862e-05, 1.05018916656e-05, 7.18852379578e-06, 3.30163584294e-06, 2.2595977498e-06, 1.45140495533e-06, 1.50166556523e-06, 1.57887552632e-06, 1.41417501709e-06, 1.36657058647e-06, 1.13615408281e-06, 8.39919039208e-07, 6.32072442386e-07, 4.51810251434e-07], "min": [2.57040051053e-24, 2.44486631367e-24, 2.23597259331e-24, 2.66409253417e-24, 3.69700294321e-24, 2.2665658025e-24, 3.76795585403e-24, 2.65881584357e-24, 4.40183004607e-24, 2.4283927286e-24, 4.82687461269e-24, 3.08684960138e-24, 3.27426185043e-24, 2.57886400197e-24, 5.6231401608e-24, 5.0936397607e-24, 3.3726158448e-24, 4.37737180813e-24, 6.80094656875e-24, 3.955185679e-24, 4.29350603315e-24, 6.40076808116e-24, 5.09625010144e-24, 7.3964174342e-24, 5.26812632661e-24, 4.79415147905e-24, 4.95486492798e-24, 5.21362589882e-24, 6.07841861047e-24, 6.73882929449e-24, 7.10322623472e-24, 5.79672466425e-24, 6.56775691859e-24, 5.97059236878e-24, 6.62809925581e-24, 6.40183422667e-24, 5.90715533022e-24, 7.11123869493e-24, 8.27387530768e-24, 7.81004639466e-24], "median": [0.000222683622269, 0.000421045842813, 0.000323732441757, 0.000192775536561, 0.000105721985165, 9.864418098e-05, 5.53729296371e-05, 3.03319302475e-05, 1.54778426804e-05, 1.28805513668e-05, 1.88988760783e-05, 5.90744139117e-06, 3.34382707479e-06, 2.41019574787e-06, 1.81309405889e-06, 1.24083987885e-06, 2.50419907388e-06, 2.08427400139e-06, 1.72439195012e-06, 1.1582925481e-06, 8.68426127454e-07, 9.85003339338e-07, 9.93493131318e-07, 7.01162207406e-07, 5.61233889584e-07, 5.09603978571e-07, 4.79892435123e-07, 2.8146934028e-07, 1.13225198106e-07, 4.48316725965e-08, 3.5471288129e-08, 3.36575354254e-08, 5.18664187155e-08, 4.80649866574e-08, 3.89010565982e-08, 2.30546248758e-08, 1.83327095726e-08, 1.28939801058e-08, 7.5499135832e-09, 6.48308917661e-09], "dvar2": [4.63837886855e-06, 2.83930003206e-05, 1.38713539855e-05, 4.56477522448e-07, 1.35326942541e-07, 1.85358061344e-07, 7.25869284679e-08, 3.41271864102e-08, 1.72086629391e-08, 7.46550625763e-08, 3.04195530987e-08, 4.1541396989e-09, 5.63166890899e-09, 1.31099060496e-08, 3.7481306947e-09, 3.26072058243e-09, 5.33936006519e-09, 2.15090500966e-09, 1.92345117611e-09, 7.13336389957e-10, 7.37058636346e-10, 1.62210334054e-09, 8.02440058845e-10, 4.34454611176e-10, 6.65830779401e-10, 8.16810896698e-10, 7.63899221656e-10, 9.49588296884e-10, 3.7260511343e-10, 4.91327291352e-11, 1.89442871112e-11, 7.68676875623e-12, 6.58190559347e-12, 9.48763463626e-12, 9.473091582e-12, 1.12720111023e-11, 9.70428772062e-12, 4.8276638763e-12, 2.25224374741e-12, 8.54987684384e-13], "var": [3.34934065904e-06, 8.38471260067e-06, 3.5069704154e-06, 2.82938856344e-07, 1.29723304099e-07, 1.67420822095e-07, 7.92237031533e-08, 3.16894706032e-08, 1.95348484056e-08, 7.4835952546e-08, 2.65186432813e-08, 2.70435540628e-09, 6.50374021305e-09, 1.5222498817e-08, 3.3329770055e-09, 3.37733330191e-09, 4.87597962007e-09, 2.0626980124e-09, 1.30694521872e-09, 5.83060821846e-10, 7.64737717596e-10, 1.78127734785e-09, 8.74629091374e-10, 4.54818377404e-10, 6.93950397146e-10, 8.75576056103e-10, 8.64967653058e-10, 9.05605312962e-10, 4.03544947458e-10, 6.3341158707e-11, 3.06227022906e-11, 1.09712482155e-11, 1.15893553435e-11, 1.37887990956e-11, 1.48448683901e-11, 1.67265003931e-11, 1.29068439964e-11, 6.37028841136e-12, 3.19637914227e-12, 1.49886071436e-12], "dmean2": [0.000969179265667, 0.00194472330622, 0.00133977795485, 0.00035756570287, 0.000188193429494, 0.000210848098504, 0.000124771220726, 8.13777587609e-05, 6.07427245995e-05, 0.000104639802885, 7.07215585862e-05, 2.44035909418e-05, 2.52102254308e-05, 3.47161403624e-05, 1.76883604581e-05, 1.62568703672e-05, 2.23117913265e-05, 1.65965630003e-05, 1.4989376723e-05, 9.91159413388e-06, 9.87933435681e-06, 1.36678245326e-05, 1.02199146568e-05, 7.52505502533e-06, 7.60855800763e-06, 8.50979540701e-06, 8.18995340524e-06, 8.750464076e-06, 5.57017483516e-06, 2.42750957113e-06, 1.55075838393e-06, 1.05177559817e-06, 1.01330908819e-06, 1.10445239443e-06, 1.00553143056e-06, 9.81470634542e-07, 8.37520985897e-07, 5.95856533891e-07, 4.31504560083e-07, 3.09214129857e-07], "max": [0.0196294039488, 0.0333036780357, 0.0263078324497, 0.00656193494797, 0.00430891243741, 0.00454602623358, 0.00399364065379, 0.00272728619166, 0.00205097976141, 0.00401906203479, 0.0031902778428, 0.000974642520305, 0.00137982296292, 0.00212251977064, 0.00126177503262, 0.000903897162061, 0.00116860354319, 0.000628471374512, 0.000875372788869, 0.00051123573212, 0.000367325963452, 0.000611267751083, 0.00037384024472, 0.000333899311954, 0.000451362284366, 0.000414916779846, 0.000500325928442, 0.000523862545379, 0.000274634454399, 9.04475964489e-05, 5.58033316338e-05, 3.39230937243e-05, 3.85615348932e-05, 4.79848858959e-05, 7.47510348447e-05, 7.3247058026e-05, 5.35062172276e-05, 5.58261890546e-05, 3.30209877575e-05, 1.93394571397e-05], "dmean": [0.000615939730778, 0.00111705600284, 0.000746046309359, 0.000208997735172, 0.000118252588436, 0.000132253597258, 8.05266899988e-05, 5.09192395839e-05, 3.89316228393e-05, 6.66404230287e-05, 4.47540078312e-05, 1.53545406647e-05, 1.5944649931e-05, 2.27744185395e-05, 1.13979604066e-05, 1.03847960418e-05, 1.44779414768e-05, 1.05215176518e-05, 9.38310677157e-06, 6.21395429334e-06, 6.1653645389e-06, 8.4321209215e-06, 6.37652328805e-06, 4.58820613858e-06, 4.84399561174e-06, 5.30293300471e-06, 5.09707069796e-06, 5.35055869477e-06, 3.45374041899e-06, 1.49995787524e-06, 9.55974883254e-07, 6.42176530619e-07, 6.44238696168e-07, 7.14886937203e-07, 6.79528284309e-07, 6.74682723911e-07, 5.71674888761e-07, 4.0813523583e-07, 2.96551064594e-07, 2.08054686368e-07]}, "spectral_decrease": {"dvar": 1.19313639977e-17, "mean": -4.05298861139e-09, "min": -4.45976873209e-08, "median": -2.23338747496e-09, "dvar2": 3.04914854178e-17, "var": 2.34131884196e-17, "dmean2": 2.52394083411e-09, "max": 1.22972119545e-28, "dmean": 1.54694379528e-09}, "spectral_rolloff": {"dvar": 899876.4375, "mean": 1228.97375488, "min": 64.599609375, "median": 559.86328125, "dvar2": 1894801.375, "var": 2935359, "dmean2": 624.573425293, "max": 19207.6171875, "dmean": 375.364227295}, "melbands_crest": {"dvar": 7.7188911438, "mean": 14.7253751755, "min": 1.53488075733, "median": 13.8987617493, "dvar2": 20.0493812561, "var": 28.0632457733, "dmean2": 4.74843645096, "max": 33.3265571594, "dmean": 2.93092894554}, "barkbands_skewness": {"dvar": 0.483706504107, "mean": 1.92829489708, "min": -2.74642658234, "median": 1.69660711288, "dvar2": 1.09927511215, "var": 2.05730772018, "dmean2": 0.900067090988, "max": 10.5437870026, "dmean": 0.588310539722}, "spectral_centroid": {"dvar": 84224.9921875, "mean": 1009.31280518, "min": 120.523750305, "median": 705.721374512, "dvar2": 180070.46875, "var": 759567.75, "dmean2": 287.037414551, "max": 11477.3310547, "dmean": 188.305480957}, "spectral_energyband_middle_low": {"dvar": 2.687873166e-05, "mean": 0.00668634660542, "min": 2.02739751753e-22, "median": 0.00391714088619, "dvar2": 7.44966600905e-05, "var": 5.98239967076e-05, "dmean2": 0.00442417478189, "max": 0.0695666000247, "dmean": 0.00263548432849}, "erbbands_crest": {"dvar": 6.55538702011, "mean": 9.92985439301, "min": 2.27379608154, "median": 9.06236076355, "dvar2": 16.1993770599, "var": 19.3204517365, "dmean2": 4.08902406693, "max": 33.4151191711, "dmean": 2.52955007553}, "dynamic_complexity": 7.49545907974, "spectral_energyband_low": {"dvar": 0.000154702953296, "mean": 0.00757826026529, "min": 2.55143964703e-23, "median": 0.00262425001711, "dvar2": 0.000407757499488, "var": 0.000176437446498, "dmean2": 0.00809376873076, "max": 0.147622406483, "dmean": 0.00487097771838}, "silence_rate_60dB": {"dvar": 0.0334455296397, "mean": 0.288408309221, "min": 0, "median": 0, "dvar2": 0.0720805451274, "var": 0.205224260688, "dmean2": 0.0692977979779, "max": 1, "dmean": 0.034645345062}, "erbbands_kurtosis": {"dvar": 5.22597074509, "mean": 1.22093701363, "min": -1.85079395771, "median": 0.4360435009, "dvar2": 13.3827524185, "var": 8.87423801422, "dmean2": 2.00365972519, "max": 50.945526123, "dmean": 1.26775205135}, "spectral_complexity": {"dvar": 7.81763315201, "mean": 12.4022750854, "min": 0, "median": 8, "dvar2": 16.8418655396, "var": 161.270645142, "dmean2": 3.07883143425, "max": 60, "dmean": 1.97088968754}, "barkbands_crest": {"dvar": 4.49689483643, "mean": 10.1911735535, "min": 2.05842399597, "median": 9.38030338287, "dvar2": 11.5106182098, "var": 17.6231403351, "dmean2": 3.55890798569, "max": 24.1734905243, "dmean": 2.2139980793}, "spectral_energy": {"dvar": 0.00017392616428, "mean": 0.0163959749043, "min": 1.03663857641e-20, "median": 0.00903063453734, "dvar2": 0.000443941156846, "var": 0.000372078153305, "dmean2": 0.00971442833543, "max": 0.171135187149, "dmean": 0.00597043754533}, "spectral_spread": {"dvar": 1043390332930.0, "mean": 3821380, "min": 785124.5625, "median": 3191781.5, "dvar2": 2253907820540.0, "var": 6087677837310.0, "dmean2": 825342, "max": 42612460, "dmean": 574060.625}, "spectral_contrast_valleys": {"dvar": [0.131009563804, 0.0936306789517, 0.0889301747084, 0.0968822836876, 0.140847325325, 0.191734179854], "mean": [-7.99908876419, -7.66837978363, -8.61613368988, -9.26415920258, -9.13092517853, -12.0160617828], "min": [-27.8262519836, -27.8123569489, -27.5514907837, -27.5051822662, -27.5129680634, -27.3865890503], "median": [-7.38660383224, -7.34242677689, -8.3163061142, -8.94604682922, -8.99605751038, -11.7813997269], "dvar2": [0.322028964758, 0.232586875558, 0.210928872228, 0.224595785141, 0.319772541523, 0.370905309916], "var": [4.09824848175, 3.37856602669, 3.64162516594, 3.97118735313, 4.61290550232, 6.26999473572], "dmean2": [0.608360528946, 0.512722551823, 0.471855938435, 0.467457205057, 0.492939114571, 0.451864629984], "max": [-5.27116441727, -4.99379777908, -5.67157363892, -5.78772830963, -5.3063955307, -7.86823225021], "dmean": [0.3736949265, 0.314798772335, 0.300130009651, 0.304888635874, 0.330931872129, 0.326961517334]}, "spectral_rms": {"dvar": 9.36204969548e-07, "mean": 0.00330325774848, "min": 3.18018029445e-12, "median": 0.00296822772361, "dvar2": 2.20475749302e-06, "var": 5.08458560944e-06, "dmean2": 0.000886587367859, "max": 0.0129213444889, "dmean": 0.000566991162486}, "barkbands_spread": {"dvar": 51.1611366272, "mean": 17.8612976074, "min": 0.408712238073, "median": 11.0195703506, "dvar2": 98.9094085693, "var": 313.261352539, "dmean2": 6.67989349365, "max": 106.412628174, "dmean": 4.42902326584}, "pitch_salience": {"dvar": 0.00397071707994, "mean": 0.53046888113, "min": 0.0993223115802, "median": 0.539552807808, "dvar2": 0.00999481976032, "var": 0.0150387184694, "dmean2": 0.107108920813, "max": 0.989724814892, "dmean": 0.0664051100612}, "erbbands_skewness": {"dvar": 0.192268967628, "mean": 0.481187671423, "min": -4.74478006363, "median": 0.536076784134, "dvar2": 0.429564267397, "var": 0.949463546276, "dmean2": 0.605454802513, "max": 5.74462652206, "dmean": 0.400090515614}, "spectral_energyband_middle_high": {"dvar": 1.59329874805e-06, "mean": 0.00244243373163, "min": 1.33121239535e-21, "median": 0.00044724374311, "dvar2": 3.6185360841e-06, "var": 1.27699640871e-05, "dmean2": 0.00103333476, "max": 0.0280912742019, "dmean": 0.000692149391398}, "erbbands": {"dvar": [0.0251795426011, 2.51894688606, 59.4240608215, 205.679244995, 67.7101593018, 27.943365097, 47.1705780029, 154.209625244, 153.615783691, 120.611351013, 91.5357818604, 789.409118652, 495.964477539, 88.6615600586, 253.293533325, 674.529541016, 133.246994019, 489.82409668, 342.787658691, 229.900772095, 136.886230469, 401.213653564, 176.590179443, 301.214447021, 437.814666748, 613.464660645, 176.810623169, 18.0366249084, 6.49043560028, 10.0902767181, 12.6047906876, 11.8624725342, 3.4716668129, 0.66786301136, 0.303708106279, 0.0920015573502, 0.0102512678131, 0.000532729260158, 7.38463495509e-06, 2.97891578072e-08], "mean": [0.120250165462, 0.728812634945, 2.87395977974, 4.83670425415, 5.50834560394, 5.40289402008, 6.67930364609, 11.3119354248, 11.2866191864, 9.31641578674, 9.16721057892, 19.0485610962, 17.1629581451, 6.67730903625, 10.8702964783, 12.932595253, 7.05002355576, 11.9058828354, 12.298412323, 9.78902339935, 9.55951309204, 15.1371383667, 11.6965427399, 11.5774612427, 15.4991292953, 15.4177589417, 9.71599769592, 4.29710054398, 2.6155424118, 2.86107039452, 2.47387742996, 1.97062325478, 1.15441870689, 0.584867358208, 0.297436088324, 0.143576622009, 0.0499006994069, 0.0121861938387, 0.00205536931753, 0.000192320279893], "min": [2.22534430189e-22, 2.0370461573e-21, 3.68301279166e-21, 1.61306245588e-20, 5.22347108486e-21, 4.97249802466e-20, 1.08648777592e-19, 7.71560600424e-20, 2.66655370635e-19, 2.18433429261e-19, 6.15252855413e-19, 4.35205000972e-19, 9.36716282858e-19, 8.46151172721e-19, 9.11635132709e-19, 1.44660406092e-18, 2.26183997863e-18, 2.26943494422e-18, 3.94668053456e-18, 5.33820718798e-18, 4.56118060392e-18, 6.76585640516e-18, 6.74562522174e-18, 7.54117982434e-18, 7.53882732268e-18, 9.61105785937e-18, 1.19511749733e-17, 1.28358644908e-17, 1.17915936352e-17, 1.19068968223e-17, 1.36631071419e-17, 1.30017051046e-17, 1.08992841299e-17, 1.05007774621e-17, 6.04011501907e-18, 5.30288574864e-18, 2.61202792493e-18, 9.51236404535e-19, 2.47107179906e-19, 2.89380122325e-20], "median": [0.0190162584186, 0.215529620647, 0.857996881008, 1.49339818954, 2.29367947578, 2.40985798836, 2.70217490196, 4.30654430389, 3.80258560181, 3.06194400787, 2.23584961891, 2.18683600426, 4.05403280258, 1.85967838764, 1.22947919369, 0.850953876972, 0.808329284191, 1.44417631626, 1.49256587029, 1.1606773138, 0.822749733925, 1.04493796825, 0.954224824905, 0.790482461452, 0.777060091496, 0.527917087078, 0.185813754797, 0.0736683011055, 0.0731169134378, 0.0921674668789, 0.0658070072532, 0.0358455553651, 0.0190428588539, 0.00936028920114, 0.00884583871812, 0.00428140675649, 0.000849748437759, 0.000130705579068, 2.16800526687e-05, 1.36907428896e-05], "dvar2": [0.0555054396391, 6.93026828766, 166.917663574, 588.558349609, 194.119293213, 78.5647201538, 119.795875549, 396.732635498, 361.270965576, 306.566009521, 221.780776978, 1801.10693359, 1208.10229492, 224.548660278, 646.768432617, 1478.03259277, 321.598968506, 1124.08154297, 854.857788086, 548.29119873, 349.845550537, 1037.68237305, 441.01184082, 752.170654297, 1152.2487793, 1516.82861328, 450.776885986, 46.2219276428, 16.3043880463, 23.9332695007, 23.4878120422, 21.872592926, 6.60565757751, 1.24337935448, 0.581082224846, 0.150105834007, 0.017878446728, 0.00105343665928, 1.48884200826e-05, 6.04969940809e-08], "var": [0.0537569411099, 2.27564454079, 44.1967163086, 137.059112549, 83.4857177734, 61.9265518188, 102.726737976, 330.813140869, 400.709014893, 273.434173584, 253.032073975, 1848.40441895, 1065.09875488, 158.902740479, 785.300598145, 1862.46691895, 333.976379395, 1069.21032715, 824.265014648, 455.396026611, 428.105316162, 1307.46801758, 658.382995605, 950.822998047, 1638.42028809, 1788.05859375, 648.971130371, 98.7226409912, 33.0555686951, 43.0695991516, 44.0430870056, 35.2342758179, 10.9509887695, 2.46780562401, 0.848829269409, 0.27306586504, 0.0273236855865, 0.0012720678933, 2.4338494768e-05, 1.52852123847e-07], "dmean2": [0.109014384449, 1.00891554356, 4.60667133331, 8.21386909485, 6.49945878983, 4.63446474075, 5.28332471848, 9.55711460114, 8.7014131546, 7.48764419556, 7.01127767563, 16.1541652679, 14.1978387833, 5.72203493118, 8.4809217453, 10.9006690979, 6.03002262115, 10.7231607437, 10.2705602646, 8.61047077179, 7.08747053146, 10.9765892029, 8.17265892029, 8.36007022858, 10.6344985962, 11.2604322433, 6.46267318726, 2.54466629028, 1.59675455093, 1.82974159718, 1.57212865353, 1.32895088196, 0.728385031223, 0.362171292305, 0.203182309866, 0.0995842069387, 0.0340150035918, 0.00795850530267, 0.00110846513417, 8.61922235345e-05], "max": [2.25362968445, 18.6827640533, 81.0450286865, 174.185623169, 123.042282104, 121.554222107, 138.221862793, 224.295715332, 288.085662842, 255.857528687, 220.353942871, 640.821289062, 612.801269531, 235.744400024, 509.84274292, 993.267272949, 296.561981201, 519.929138184, 412.189239502, 353.391235352, 253.998703003, 473.18347168, 348.113891602, 468.09866333, 446.451019287, 702.444885254, 289.083709717, 78.2009353638, 55.9258537292, 62.7763557434, 127.152526855, 94.7537078857, 63.1717796326, 23.4462451935, 17.3570690155, 12.893872261, 3.90231323242, 0.609443902969, 0.0601251199841, 0.00440087355673], "dmean": [0.0734484568238, 0.593519747257, 2.58970594406, 4.53806495667, 3.7504837513, 2.78067398071, 3.29888057709, 5.94597291946, 5.62088489532, 4.6746468544, 4.48863315582, 10.3470335007, 8.97902584076, 3.6291000843, 5.38071298599, 7.16033792496, 3.83177733421, 6.99068260193, 6.51907014847, 5.43622922897, 4.46894311905, 6.83764791489, 5.09657001495, 5.38408136368, 6.58591127396, 6.99218416214, 4.07249116898, 1.57958519459, 1.00628900528, 1.19455468655, 1.08990776539, 0.922205805779, 0.512027144432, 0.250815719366, 0.14301648736, 0.0735624209046, 0.0246593803167, 0.00546706467867, 0.000750983017497, 5.75575468247e-05]}, "dissonance": {"dvar": 0.000633877527434, "mean": 0.441117882729, "min": 0, "median": 0.451039224863, "dvar2": 0.00170555198565, "var": 0.00198003719561, "dmean2": 0.0389492101967, "max": 0.5, "dmean": 0.0235441010445}, "erbbands_flatness_db": {"dvar": 0.000401329132728, "mean": 0.181653946638, "min": 0.0295742042363, "median": 0.185974910855, "dvar2": 0.000834790756926, "var": 0.00425103539601, "dmean2": 0.0268339980394, "max": 0.387598574162, "dmean": 0.018455458805}, "melbands_kurtosis": {"dvar": 346.847167969, "mean": 17.1669063568, "min": -1.87774324417, "median": 9.70227336884, "dvar2": 870.692687988, "var": 606.039794922, "dmean2": 14.0469741821, "max": 428.818328857, "dmean": 8.78465557098}, "melbands_spread": {"dvar": 86.3051681519, "mean": 17.8030261993, "min": 0.421940326691, "median": 10.6388912201, "dvar2": 166.412307739, "var": 423.279571533, "dmean2": 8.06221389771, "max": 268.975280762, "dmean": 5.31676626205}, "melbands_skewness": {"dvar": 0.785523414612, "mean": 2.84457063675, "min": -1.71884119511, "median": 2.56708884239, "dvar2": 1.82542324066, "var": 2.72940564156, "dmean2": 1.11980819702, "max": 16.1989459991, "dmean": 0.727041900158}, "spectral_entropy": {"dvar": 0.0687755048275, "mean": 6.9708108902, "min": 4.70307922363, "median": 6.8959031105, "dvar2": 0.14878821373, "var": 0.596841335297, "dmean2": 0.327932775021, "max": 9.81830024719, "dmean": 0.218766540289}, "zerocrossingrate": {"dvar": 0.000185856566532, "mean": 0.0479124672711, "min": 0.001953125, "median": 0.03125, "dvar2": 0.000177304667886, "var": 0.00257594673894, "dmean2": 0.00953412335366, "max": 0.525390625, "dmean": 0.00835353322327}, "average_loudness": 0.48232203722, "spectral_contrast_coeffs": {"dvar": [0.00198775785975, 0.00112625246402, 0.000853938516229, 0.000627070665359, 0.000434349232819, 0.000353625160642], "mean": [-0.643166065216, -0.732237756252, -0.75380396843, -0.779300510883, -0.78856241703, -0.790247440338], "min": [-0.970350146294, -0.996761202812, -0.996224164963, -0.987242043018, -0.986994385719, -0.963426709175], "median": [-0.644928216934, -0.73522490263, -0.763218045235, -0.789774239063, -0.787165045738, -0.791445076466], "dvar2": [0.00521609559655, 0.00290024071001, 0.00204380252399, 0.00142354320269, 0.00097156065749, 0.000836222723592], "var": [0.00670878635719, 0.00470282416791, 0.00477244658396, 0.00454958667979, 0.00384090980515, 0.00220349314623], "dmean2": [0.0789897814393, 0.0650309324265, 0.0543744526803, 0.0455210618675, 0.0360439568758, 0.0298181269318], "max": [-0.345652729273, -0.427743017673, -0.488315850496, -0.497693061829, -0.562380373478, -0.616076350212], "dmean": [0.0477899312973, 0.04000287503, 0.0341208651662, 0.0291091371328, 0.0232384763658, 0.0190632957965]}, "barkbands_flatness_db": {"dvar": 0.000720555486623, "mean": 0.186360612512, "min": 0.0149478437379, "median": 0.180503502488, "dvar2": 0.00156686815899, "var": 0.00835906900465, "dmean2": 0.0362624712288, "max": 0.495055764914, "dmean": 0.0241091456264}, "silence_rate_30dB": {"dvar": 0, "mean": 1, "min": 1, "median": 1, "dvar2": 0, "var": 0, "dmean2": 0, "max": 1, "dmean": 0}, "spectral_energyband_high": {"dvar": 3.20105698393e-07, "mean": 0.00068281654967, "min": 7.22305258433e-21, "median": 1.95016946236e-05, "dvar2": 6.90206661602e-07, "var": 2.01748093787e-06, "dmean2": 0.000324777211063, "max": 0.01179832872, "dmean": 0.00022157013882}, "melbands_flatness_db": {"dvar": 0.00100919429678, "mean": 0.27970841527, "min": 0.00474452832714, "median": 0.272798508406, "dvar2": 0.00214494904503, "var": 0.0123926559463, "dmean2": 0.0432571060956, "max": 0.649256587029, "dmean": 0.0290935188532}, "barkbands": {"dvar": [5.9476133174e-07, 3.34912292601e-05, 6.93411348038e-05, 1.83971278602e-05, 2.50107336797e-06, 1.66310962868e-06, 4.9234307653e-07, 2.28913378919e-07, 1.0433487887e-06, 3.20829826705e-07, 1.15129587641e-07, 3.90664325778e-07, 9.18048144172e-08, 1.71483009126e-07, 1.50210368588e-07, 4.92747567193e-08, 1.41206129456e-07, 6.44732125465e-08, 1.55721380679e-07, 2.56083154682e-07, 3.23246531764e-08, 7.20471104998e-09, 1.34433566501e-08, 1.72968110945e-08, 5.00820007687e-09, 3.26712612519e-09, 2.94865520889e-10], "mean": [0.000382272060961, 0.00352745363489, 0.00280322413892, 0.00164531997871, 0.00170997623354, 0.00126950920094, 0.000634542782791, 0.000441364827566, 0.000751845713239, 0.000390783883631, 0.000195996384718, 0.000320113089401, 0.00014830713917, 0.000211559745367, 0.000238434120547, 0.000141441210872, 0.00027938617859, 0.00020412185404, 0.000278047897154, 0.000328395341057, 0.000149612504174, 8.33123121993e-05, 8.67512790137e-05, 8.16731117084e-05, 4.65435623482e-05, 2.91661672236e-05, 1.37741590152e-05], "min": [7.67541631109e-27, 8.65817441969e-24, 2.71563788901e-24, 1.80489935443e-24, 1.57264596383e-23, 1.31568343809e-23, 1.91828252956e-23, 1.7255100101e-23, 1.86648118935e-23, 1.97444453507e-23, 2.77823242411e-23, 2.80149624775e-23, 3.77267742321e-23, 3.78457313012e-23, 1.01704296102e-22, 6.67548991692e-23, 1.0808322102e-22, 1.44257845156e-22, 1.51897628546e-22, 1.82010923166e-22, 3.43014720241e-22, 3.41744187177e-22, 4.66238958822e-22, 5.76570887805e-22, 9.16487341063e-22, 1.38946703428e-21, 2.00526695254e-21], "median": [4.15072790929e-05, 0.000952357426286, 0.000784150441177, 0.000485851021949, 0.000854519719724, 0.00051267282106, 0.000219035224291, 0.000115082548291, 7.99572735559e-05, 9.67388186837e-05, 2.06639015232e-05, 1.85421376955e-05, 1.11342569653e-05, 2.32198926824e-05, 2.72031429631e-05, 1.20889126265e-05, 1.93493142433e-05, 1.46570091601e-05, 1.462329692e-05, 1.09451029857e-05, 2.43348108597e-06, 2.44253033088e-06, 2.45829755841e-06, 1.48164372149e-06, 1.16272053674e-06, 6.65456070692e-07, 8.48150492061e-08], "dvar2": [1.56354815317e-06, 8.8931999926e-05, 0.000197055909666, 5.26415751665e-05, 7.00504142515e-06, 4.24764084528e-06, 1.20821084693e-06, 5.70045244785e-07, 2.4536084311e-06, 7.40241034691e-07, 2.86971044261e-07, 8.57991835801e-07, 2.21989068905e-07, 3.99691799657e-07, 3.74862764829e-07, 1.26627696773e-07, 3.70524674054e-07, 1.61531843901e-07, 3.95403418452e-07, 6.38459027869e-07, 8.32658386685e-08, 1.80299863928e-08, 2.56579788527e-08, 3.21116360169e-08, 9.26027254877e-09, 5.29483390466e-09, 5.90828941327e-10], "var": [7.75175863055e-07, 4.25157559221e-05, 4.80286980746e-05, 1.36122453114e-05, 5.39759230378e-06, 3.85345856557e-06, 1.14124202355e-06, 6.03400451382e-07, 2.54249175669e-06, 6.4124031951e-07, 2.73560630148e-07, 1.01619548332e-06, 2.30490400099e-07, 3.64034860922e-07, 3.03529247958e-07, 1.08422455014e-07, 4.3573726316e-07, 2.17564902982e-07, 5.5507672414e-07, 8.04810952104e-07, 1.30667572762e-07, 3.64538728093e-08, 4.90894791483e-08, 5.58950041807e-08, 1.68752087859e-08, 9.68186597561e-09, 1.05447317544e-09], "dmean2": [0.000388129672501, 0.00392468320206, 0.00488158781081, 0.00263812369667, 0.00146224116907, 0.00100731186103, 0.000504091149196, 0.000364873209037, 0.000640999234747, 0.00035154807847, 0.000177704161615, 0.000286455178866, 0.000139163283166, 0.000203471689019, 0.000219161200221, 0.000128465297166, 0.000215434047277, 0.00015477942361, 0.000195222863113, 0.000238778768107, 9.63432175922e-05, 5.1474369684e-05, 5.39921602467e-05, 5.11841644766e-05, 2.94652272714e-05, 1.92184779735e-05, 6.90472461429e-06], "max": [0.0147642046213, 0.067734375596, 0.0844679474831, 0.0605506338179, 0.0266717579216, 0.0207513161004, 0.0151967955753, 0.00877590943128, 0.0239477138966, 0.0188908018172, 0.0090591404587, 0.0192214399576, 0.00749525101855, 0.00900005176663, 0.0106997331604, 0.00633693207055, 0.00824489444494, 0.00531577784568, 0.00945835374296, 0.0119211524725, 0.00459196045995, 0.00187254569028, 0.00379681447521, 0.00376471248455, 0.002276371466, 0.00237201852724, 0.000407646090025], "dmean": [0.000265142967692, 0.00239008525386, 0.00271041831002, 0.0014801119687, 0.000874860968906, 0.000632862560451, 0.000321846920997, 0.000230522069614, 0.000407370127505, 0.000223702736548, 0.000112649635412, 0.000186834076885, 8.79877043189e-05, 0.000131242864882, 0.000136825474328, 7.90363701526e-05, 0.000133369117975, 9.67395462794e-05, 0.00012387134484, 0.00014827081759, 6.06876928941e-05, 3.2549520256e-05, 3.72474169126e-05, 3.65486484952e-05, 2.06599106605e-05, 1.41724212881e-05, 4.69047927254e-06]}, "erbbands_spread": {"dvar": 100.036087036, "mean": 34.0971221924, "min": 2.29633045197, "median": 29.0706729889, "dvar2": 205.304153442, "var": 441.347686768, "dmean2": 11.2861995697, "max": 164.35899353, "dmean": 7.52673816681}, "barkbands_kurtosis": {"dvar": 94.0311126709, "mean": 8.33593845367, "min": -1.9186604023, "median": 3.87788486481, "dvar2": 229.239746094, "var": 194.280639648, "dmean2": 7.32628393173, "max": 168.170120239, "dmean": 4.6389503479}, "spectral_flux": {"dvar": 0.00100296526216, "mean": 0.0566869787872, "min": 6.59537355285e-11, "median": 0.0428890176117, "dvar2": 0.00167358282488, "var": 0.00302917440422, "dmean2": 0.0281943511218, "max": 0.331671029329, "dmean": 0.0182621441782}, "silence_rate_20dB": {"dvar": 0, "mean": 1, "min": 1, "median": 1, "dvar2": 0, "var": 0, "dmean2": 0, "max": 1, "dmean": 0}, "gfcc": {"cov": [[40173.0820312, -6205.00878906, -1180.24621582, 1859.90258789, -865.51361084, 1943.37268066, -794.824951172, 1100.74121094, 627.851013184, 560.463317871, 48.6281051636, 1057.15246582, -252.592910767], [-6205.00878906, 3308.98535156, -317.330932617, -445.44833374, 485.194641113, -478.282653809, 321.053955078, -303.322845459, -91.565322876, -162.276306152, 81.9484939575, -296.55682373, 73.7526550293], [-1180.24621582, -317.330932617, 807.335205078, 47.2415466309, -52.336894989, 50.2584114075, 29.730966568, 31.9020214081, -27.0610752106, 25.8141059875, -8.61536312103, 23.4319458008, 11.7664213181], [1859.90258789, -445.44833374, 47.2415466309, 485.367401123, -3.52184081078, 11.243888855, -0.941826283932, 89.9647750854, 92.3262634277, 11.5473842621, -7.55400180817, 43.5109634399, 39.5231285095], [-865.51361084, 485.194641113, -52.336894989, -3.52184081078, 300.579833984, -40.2785453796, 95.7369232178, -12.6811037064, 27.1261825562, -3.84982275963, 21.1687889099, -40.4181060791, 22.7714614868], [1943.37268066, -478.282653809, 50.2584114075, 11.243888855, -40.2785453796, 396.999938965, -39.9136772156, 66.407119751, 50.6862754822, 61.3721046448, 44.9985694885, 95.3134384155, -50.6363143921], [-794.824951172, 321.053955078, 29.730966568, -0.941826283932, 95.7369232178, -39.9136772156, 265.894317627, -10.9604654312, 16.0830249786, -22.767829895, 20.2351226807, -55.0287017822, 35.5345153809], [1100.74121094, -303.322845459, 31.9020214081, 89.9647750854, -12.6811037064, 66.407119751, -10.9604654312, 152.82383728, 47.1441345215, 28.9043960571, 4.34515714645, 56.9554367065, 7.45648336411], [627.851013184, -91.565322876, -27.0610752106, 92.3262634277, 27.1261825562, 50.6862754822, 16.0830249786, 47.1441345215, 153.19744873, 36.0252876282, 19.5156154633, 27.1773357391, 17.2245349884], [560.463317871, -162.276306152, 25.8141059875, 11.5473842621, -3.84982275963, 61.3721046448, -22.767829895, 28.9043960571, 36.0252876282, 108.727310181, 28.8214302063, 23.9768409729, -4.84043502808], [48.6281051636, 81.9484939575, -8.61536312103, -7.55400180817, 21.1687889099, 44.9985694885, 20.2351226807, 4.34515714645, 19.5156154633, 28.8214302063, 111.107154846, 44.8015174866, -1.438570261], [1057.15246582, -296.55682373, 23.4319458008, 43.5109634399, -40.4181060791, 95.3134384155, -55.0287017822, 56.9554367065, 27.1773357391, 23.9768409729, 44.8015174866, 154.110015869, 7.70919513702], [-252.592910767, 73.7526550293, 11.7664213181, 39.5231285095, 22.7714614868, -50.6363143921, 35.5345153809, 7.45648336411, 17.2245349884, -4.84043502808, -1.438570261, 7.70919513702, 87.1125259399]], "mean": [-125.399940491, 124.912918091, -95.4113922119, 24.4461536407, -45.0061759949, -5.7856554985, -29.7991352081, 4.72012805939, -21.9485340118, -3.9448800087, -13.8660469055, -7.49296760559, -9.93053817749], "icov": [[6.64395993226e-05, 2.22466678679e-05, 0.000155496541993, -0.000206551121664, 9.54715287662e-05, -0.000210075028008, -6.815166671e-07, -0.00016606070858, 3.73157417926e-05, -0.000160453942954, 0.000139281575684, -0.000190128441318, 0.000116780167446], [2.22466678679e-05, 0.00080713792704, 0.000174028566107, 0.00048004227574, -0.000845877395477, 0.000443132361397, -0.000198734225705, 0.000543853035197, -0.000123012840049, 0.000667169457301, -0.000999695039354, 0.000697432260495, -0.000363771774573], [0.000155496541993, 0.000174028566107, 0.00172007689252, -0.000556529441383, 0.000327655521687, -0.000588515365962, -0.000397106079618, -0.000433917739429, 0.000622644496616, -0.00073112040991, 0.000442594086053, -0.000491523300298, -1.78370937647e-05], [-0.000206551121664, 0.00048004227574, -0.000556529441383, 0.00362995709293, -0.000829457479995, 0.00120583956596, -1.76274279511e-05, -0.000182796691661, -0.0015616719611, 0.00134657509625, -0.000823540845886, 0.000870845862664, -0.00134356308263], [9.54715287662e-05, -0.000845877395477, 0.000327655521687, -0.000829457479995, 0.00511859776452, -0.000703957455698, -0.000870370189659, -0.000885007029865, -0.000434125511674, -0.00104920251761, 0.000487744924612, -0.00020929882885, 6.27488261671e-05], [-0.000210075028008, 0.000443132361397, -0.000588515365962, 0.00120583956596, -0.000703957455698, 0.00469160173088, -0.000370200781617, 0.000259092426859, -0.00104517862201, -0.000105236686068, -0.00136373576242, -0.000766007695347, 0.0018341318937], [-6.815166671e-07, -0.000198734225705, -0.000397106079618, -1.76274279511e-05, -0.000870370189659, -0.000370200781617, 0.00527441268787, -0.000614794262219, -0.00054101558635, 0.00128826103173, -0.00168933207169, 0.00228048395365, -0.00190980220214], [-0.00016606070858, 0.000543853035197, -0.000433917739429, -0.000182796691661, -0.000885007029865, 0.000259092426859, -0.000614794262219, 0.0100120678544, -0.00147960567847, -0.000451350555522, 0.000502389157191