{"lowlevel": {"spectral_strongpeak": {"max": 8.86805152893, "dmean": 0.792267739773, "dvar2": 2.02212882042, "dmean2": 1.31193208694, "var": 1.86737203598, "median": 0.865081429482, "min": 0, "dvar": 0.862877011299, "mean": 1.378510952}, "barkbands_flatness_db": {"max": 0.506138384342, "dmean": 0.019951203838, "dvar2": 0.000854620884638, "dmean2": 0.0313734337687, "var": 0.00168677896727, "median": 0.088336288929, "min": 0.0275085512549, "dvar": 0.000359882571502, "mean": 0.0971846356988}, "barkbands_skewness": {"max": 11.9798717499, "dmean": 0.465132594109, "dvar2": 0.570650279522, "dmean2": 0.761848688126, "var": 0.569052577019, "median": 0.847010374069, "min": -3.19662904739, "dvar": 0.219250172377, "mean": 0.928075015545}, "spectral_energyband_middle_high": {"max": 0.056802213192, "dmean": 0.00302195013501, "dvar2": 2.69601896434e-05, "dmean2": 0.00441538495943, "var": 5.44135109521e-05, "median": 0.00802651047707, "min": 1.2091750832e-21, "dvar": 1.40505235322e-05, "mean": 0.00988767668605}, "erbbands_kurtosis": {"max": 89.0883178711, "dmean": 0.940308749676, "dvar2": 8.28498744965, "dmean2": 1.42886316776, "var": 11.7676477432, "median": -0.253888607025, "min": -1.81588697433, "dvar": 4.33274316788, "mean": 0.479118168354}, "erbbands_crest": {"max": 31.928609848, "dmean": 2.92542457581, "dvar2": 18.8166065216, "dmean2": 4.68467664719, "var": 23.2003440857, "median": 7.54536819458, "min": 2.48985242844, "dvar": 7.79730987549, "mean": 8.98593330383}, "dynamic_complexity": 1.76248598099, "barkbands_crest": {"max": 25.0051078796, "dmean": 3.10148739815, "dvar2": 22.4785041809, "dmean2": 5.20194482803, "var": 16.2447547913, "median": 7.41971302032, "min": 2.47257828712, "dvar": 8.53436279297, "mean": 8.50012397766}, "dissonance": {"max": 0.500000059605, "dmean": 0.0174384396523, "dvar2": 0.000899732112885, "dmean2": 0.0292104780674, "var": 0.000692456320394, "median": 0.477498173714, "min": 0.184650734067, "dvar": 0.000349418638507, "mean": 0.471058338881}, "spectral_energyband_low": {"max": 0.0828602835536, "dmean": 0.00525713898242, "dvar2": 0.000340519618476, "dmean2": 0.00921585783362, "var": 9.53368362389e-05, "median": 0.0030677956529, "min": 2.8726066941e-23, "dvar": 0.000126691855257, "mean": 0.0058319773525}, "spectral_contrast_coeffs": {"max": [-0.291442632675, -0.361472725868, -0.425041377544, -0.523815274239, -0.592689752579, -0.576521277428], "dmean": [0.0644200816751, 0.0558137781918, 0.0454539135098, 0.0333480723202, 0.021580003202, 0.0205213483423], "dvar2": [0.00736616598442, 0.00528959883377, 0.00323771988042, 0.00173982360866, 0.000778102839831, 0.000856682250742], "dmean2": [0.104119278491, 0.0911884978414, 0.0722564309835, 0.0532530844212, 0.0351278148592, 0.0328871421516], "var": [0.00710428273305, 0.00608845055103, 0.00516103254631, 0.00230527971871, 0.00124130188487, 0.00196167128161], "median": [-0.617261528969, -0.72964900732, -0.74813336134, -0.788802146912, -0.794959068298, -0.721430301666], "min": [-0.968752026558, -0.978985190392, -0.9846829772, -0.983275055885, -0.979589402676, -0.973768591881], "dvar": [0.00287847965956, 0.00202124682255, 0.00136500981171, 0.000714435242116, 0.000324787455611, 0.000370562775061], "mean": [-0.61088091135, -0.722951173782, -0.738135635853, -0.783052265644, -0.790211677551, -0.729033529758]}, "silence_rate_60dB": {"max": 1, "dmean": 0.00573848886415, "dvar2": 0.0129857352003, "dmean2": 0.0114785460755, "var": 0.0151981338859, "median": 0, "min": 0, "dvar": 0.00570613099262, "mean": 0.015437158756}, "mfcc": {"icov": [[0.000283231231151, 5.7630611991e-05, 2.48126070801e-05, -8.95006523933e-05, 0.000198933965294, -1.44156329043e-05, 0.000140002157423, -7.21970500308e-05, 1.54506906256e-05, -0.000164985714946, -0.00021026970353, 3.163139354e-06, 2.3511442123e-05], [5.7630611991e-05, 0.00271923234686, 0.000892256037332, -0.00100424862467, 0.000344348722138, 0.000582781562116, -0.000742055824958, -0.000415145768784, -0.000393388123484, 0.000697510084137, -0.000185879238416, 0.000102399397292, 0.000442161777755], [2.48126070801e-05, 0.000892256037332, 0.00336559745483, 2.73588175332e-05, -0.00116023386363, -0.000361503800377, 0.000403779093176, -0.000726596626919, 0.000695702910889, -0.000967628089711, 0.0010476129828, -0.000355473690433, -0.000997088500299], [-8.95006523933e-05, -0.00100424862467, 2.73588175332e-05, 0.00428922241554, -0.00167126359884, -0.00235396670178, 0.00100705691148, 0.00106440321542, -0.00305011635646, 0.00168557150755, 1.8331550109e-06, -0.00174233096186, -0.000364327221178], [0.000198933965294, 0.000344348722138, -0.00116023386363, -0.00167126359884, 0.00770744681358, -0.000929417321458, -0.00182045227848, 0.00307580037042, -0.00168039661366, -0.000887044880074, -0.00010609941819, 0.00175939011388, 0.00114652747288], [-1.44156329043e-05, 0.000582781562116, -0.000361503800377, -0.00235396670178, -0.000929417321458, 0.0136276884004, -0.00402016984299, -0.00113922078162, 0.0004369590024, -0.00217576511204, -0.000683197111357, 9.72514972091e-05, -0.00183696730528], [0.000140002157423, -0.000742055824958, 0.000403779093176, 0.00100705691148, -0.00182045227848, -0.00402016984299, 0.0134905660525, -0.00808246433735, 0.000153557120939, 0.00194052211009, -0.000398282543756, -0.00260443869047, 0.00228009233251], [-7.21970500308e-05, -0.000415145768784, -0.000726596626919, 0.00106440321542, 0.00307580037042, -0.00113922078162, -0.00808246433735, 0.0165731683373, -0.00451915571466, -0.000896195066161, 0.0010649234755, 0.000264972069999, -0.000603964901529], [1.54506906256e-05, -0.000393388123484, 0.000695702910889, -0.00305011635646, -0.00168039661366, 0.0004369590024, 0.000153557120939, -0.00451915571466, 0.0178082827479, -0.00842123385519, 0.00137323269155, 0.0014490847243, -0.00189361092634], [-0.000164985714946, 0.000697510084137, -0.000967628089711, 0.00168557150755, -0.000887044880074, -0.00217576511204, 0.00194052211009, -0.000896195066161, -0.00842123385519, 0.0251883212477, -0.0100545780733, -0.00287669850513, 0.00307988934219], [-0.00021026970353, -0.000185879238416, 0.0010476129828, 1.8331550109e-06, -0.00010609941819, -0.000683197111357, -0.000398282543756, 0.0010649234755, 0.00137323269155, -0.0100545780733, 0.0225240848958, -0.00908707641065, 0.00109240494203], [3.163139354e-06, 0.000102399397292, -0.000355473690433, -0.00174233096186, 0.00175939011388, 9.72514972091e-05, -0.00260443869047, 0.000264972069999, 0.0014490847243, -0.00287669850513, -0.00908707641065, 0.025948356837, -0.0109831104055], [2.3511442123e-05, 0.000442161777755, -0.000997088500299, -0.000364327221178, 0.00114652747288, -0.00183696730528, 0.00228009233251, -0.000603964901529, -0.00189361092634, 0.00307988934219, 0.00109240494203, -0.0109831104055, 0.0216042157263]], "cov": [[3759.25561523, -65.3335266113, -37.5492591858, 46.7786979675, -105.450614929, 7.59241104126, -53.9794960022, 7.6157746315, 19.8644790649, 64.8140487671, 80.4362792969, 47.1182594299, 20.8414764404], [-65.3335266113, 493.45324707, -147.999588013, 130.034545898, -7.158244133, 7.73262643814, 46.0475311279, 30.0088443756, 36.2291755676, -16.2216930389, 1.60343801975, 1.39438557625, -11.533498764], [-37.5492591858, -147.999588013, 376.618652344, -3.00523757935, 60.042591095, 23.0793247223, -8.05919075012, 0.779160797596, -2.47163772583, 17.8595981598, -7.35606193542, 9.66850376129, 22.5739154816], [46.7786979675, 130.034545898, -3.00523757935, 425.842285156, 109.550666809, 80.575592041, 6.34122467041, -11.9997310638, 87.1551895142, 16.2781162262, 20.7460517883, 36.8483200073, 27.3654212952], [-105.450614929, -7.158244133, 60.042591095, 109.550666809, 193.348754883, 35.8442268372, 11.1007986069, -23.0605888367, 34.6008758545, 15.2016391754, 2.04025769234, -5.9134888649, -6.3934378624], [7.59241104126, 7.73262643814, 23.0793247223, 80.575592041, 35.8442268372, 111.273506165, 47.1048812866, 28.0917110443, 28.7023925781, 20.3869953156, 16.8150539398, 19.9951705933, 14.5547771454], [-53.9794960022, 46.0475311279, -8.05919075012, 6.34122467041, 11.1007986069, 47.1048812866, 139.371536255, 74.5048446655, 20.8599872589, 5.87736845016, 7.53582191467, 13.2998962402, -2.98805332184], [7.6157746315, 30.0088443756, 0.779160797596, -11.9997310638, -23.0605888367, 28.0917110443, 74.5048446655, 112.585678101, 28.4926223755, 11.8155956268, 4.25767278671, 9.59979248047, 3.58577990532], [19.8644790649, 36.2291755676, -2.47163772583, 87.1551895142, 34.6008758545, 28.7023925781, 20.8599872589, 28.4926223755, 96.9083709717, 35.0284309387, 14.990322113, 12.5070199966, 8.89253520966], [64.8140487671, -16.2216930389, 17.8595981598, 16.2781162262, 15.2016391754, 20.3869953156, 5.87736845016, 11.8155956268, 35.0284309387, 71.3958740234, 38.2115440369, 21.8080482483, 4.04364871979], [80.4362792969, 1.60343801975, -7.35606193542, 20.7460517883, 2.04025769234, 16.8150539398, 7.53582191467, 4.25767278671, 14.990322113, 38.2115440369, 76.3409194946, 36.6508102417, 11.1739931107], [47.1182594299, 1.39438557625, 9.66850376129, 36.8483200073, -5.9134888649, 19.9951705933, 13.2998962402, 9.59979248047, 12.5070199966, 21.8080482483, 36.6508102417, 71.8692550659, 34.5373191833], [20.8414764404, -11.533498764, 22.5739154816, 27.3654212952, -6.3934378624, 14.5547771454, -2.98805332184, 3.58577990532, 8.89253520966, 4.04364871979, 11.1739931107, 34.5373191833, 67.1923980713]], "mean": [-596.246337891, 105.994239807, -17.2954978943, 18.1711750031, -8.24006080627, 1.32017815113, 0.89399766922, 7.69737148285, 0.303253471851, -2.22332310677, 0.841087520123, -4.73816871643, -9.95199489594]}, "melbands_spread": {"max": 225.706893921, "dmean": 8.803565979, "dvar2": 281.10333252, "dmean2": 14.3646917343, "var": 221.493530273, "median": 29.1606693268, "min": 0.307627588511, "dvar": 110.603256226, "mean": 31.3204708099}, "barkbands_kurtosis": {"max": 240.412261963, "dmean": 1.52147746086, "dvar2": 18.1153259277, "dmean2": 2.46508073807, "var": 57.9414901733, "median": 0.358988642693, "min": -1.89024555683, "dvar": 8.30199718475, "mean": 1.38117492199}, "spectral_energyband_high": {"max": 0.0165732484311, "dmean": 0.000501624774188, "dvar2": 2.23305937652e-06, "dmean2": 0.000822497415356, "var": 1.03348315861e-06, "median": 0.000947475084104, "min": 7.47702853633e-21, "dvar": 8.68468021054e-07, "mean": 0.00115772848949}, "hfc": {"max": 159.267074585, "dmean": 7.63804864883, "dvar2": 241.540023804, "dmean2": 11.901512146, "var": 211.081115723, "median": 28.1725730896, "min": 1.06737546594e-16, "dvar": 98.3800735474, "mean": 29.4813747406}, "spectral_skewness": {"max": 5.06434869766, "dmean": 0.179140433669, "dvar2": 0.102484472096, "dmean2": 0.291863620281, "var": 0.1348836869, "median": 1.27439451218, "min": -0.0840548798442, "dvar": 0.04300089553, "mean": 1.32770478725}, "erbbands": {"max": [1.80402565002, 16.2310123444, 36.9352455139, 49.5391998291, 151.404251099, 290.080963135, 246.98085022, 230.55581665, 191.568908691, 541.89239502, 1243.17224121, 1282.85546875, 2095.77832031, 1815.10095215, 1001.70330811, 1146.74841309, 1029.09692383, 802.203857422, 721.963439941, 696.771789551, 396.268585205, 295.868530273, 575.959716797, 293.810089111, 251.860946655, 131.093856812, 135.600265503, 109.440345764, 105.239532471, 173.193572998, 95.5893249512, 96.191444397, 89.5400619507, 121.244865417, 39.9019622803, 18.7724151611, 4.84208917618, 0.571608543396, 0.078814893961, 0.0058012092486], "dmean": [0.095891520381, 0.843353033066, 1.91195213795, 2.69690704346, 6.8671040535, 13.0866546631, 9.06358528137, 6.44907093048, 7.35418128967, 17.1411914825, 39.6028938293, 48.2481803894, 39.7460212708, 43.8233451843, 22.2813262939, 31.1336956024, 30.3247814178, 21.6501750946, 22.9202537537, 12.6995487213, 13.712064743, 17.8059425354, 16.7748756409, 13.8744955063, 10.8080596924, 8.37442111969, 7.23279523849, 5.96631479263, 5.26513814926, 3.06091237068, 2.25121116638, 1.63208949566, 1.17789161205, 0.844366371632, 0.437897145748, 0.14746388793, 0.0378457009792, 0.00629786774516, 0.000653928203974, 4.62272946606e-05], "dvar2": [0.160798609257, 12.9403438568, 45.0681495667, 39.7854270935, 521.238098145, 1897.89428711, 747.509216309, 371.84564209, 501.89956665, 4342.79589844, 13957.6054688, 17676.6777344, 16679.6992188, 17423.6855469, 3438.21289062, 9412.66894531, 4960.07666016, 4189.89746094, 3829.61499023, 1461.64685059, 941.075073242, 1156.36157227, 1359.33044434, 811.114440918, 444.767181396, 276.585723877, 470.840209961, 189.737533569, 157.345169067, 84.7995986938, 63.3554534912, 65.1999511719, 46.9015007019, 31.9566326141, 7.06877660751, 0.891873776913, 0.051711730659, 0.00121970591135, 2.08777219086e-05, 8.18000742697e-08], "dmean2": [0.167828604579, 1.56053483486, 3.48495149612, 4.68407583237, 11.9662332535, 22.7904586792, 15.1690320969, 10.6557197571, 12.6063632965, 28.586687088, 65.0170974731, 77.2468338013, 59.3753547668, 64.0280151367, 35.1085243225, 49.7004776001, 48.431427002, 34.2375907898, 36.761177063, 20.4208850861, 22.2910404205, 29.1654148102, 27.4905986786, 22.9663085938, 17.8281097412, 14.0974683762, 12.5908746719, 10.131061554, 9.01439762115, 5.09081029892, 3.67639231682, 2.64098644257, 1.92227637768, 1.39022743702, 0.719639778137, 0.236854672432, 0.0609117001295, 0.00984624959528, 0.00101906200871, 7.23904377082e-05], "var": [0.0428507141769, 2.82958674431, 11.8041620255, 16.2499866486, 149.670501709, 555.825195312, 330.977996826, 180.63659668, 298.889343262, 2331.59472656, 11130.5419922, 13572.828125, 19055.3984375, 23746.0996094, 3146.2409668, 6406.98095703, 4204.29003906, 2976.89624023, 2104.4934082, 918.531494141, 600.284851074, 1066.34741211, 1135.22912598, 657.577209473, 365.259399414, 176.155944824, 145.403198242, 104.360397339, 80.9596405029, 41.7746925354, 27.5285434723, 22.1247234344, 14.8067998886, 8.79101753235, 2.3086977005, 0.343544572592, 0.0219015050679, 0.000620284117758, 1.28955007312e-05, 4.98974799257e-08], "median": [0.00743517000228, 0.200474366546, 1.14919376373, 3.11260843277, 4.25126552582, 6.26047420502, 6.63388252258, 5.21199846268, 5.44613075256, 8.88829231262, 24.4719562531, 44.2452011108, 27.8384056091, 27.468006134, 24.203748703, 24.5432453156, 32.3035812378, 20.1972751617, 25.955329895, 16.3680877686, 21.9753952026, 32.5901184082, 31.5894412994, 24.3664588928, 22.2030334473, 15.6180562973, 10.03540802, 11.1177501678, 8.95510673523, 4.44738101959, 2.96257853508, 1.63351356983, 0.88771468401, 0.567411780357, 0.249647200108, 0.0801213681698, 0.0242407843471, 0.00388521375135, 0.000362171471352, 5.18168817507e-05], "min": [2.68362149585e-22, 1.45381586982e-21, 2.28669395138e-21, 5.51294754465e-21, 9.14784855536e-21, 2.96464988895e-20, 7.72082952056e-20, 1.35506918491e-19, 1.0640524405e-19, 2.77025889071e-19, 4.51764639847e-19, 5.30447817472e-19, 5.35370110803e-19, 1.11553349934e-18, 1.92450641905e-18, 1.84703288967e-18, 2.45206567012e-18, 2.82951293992e-18, 2.75671256741e-18, 2.75415906086e-18, 3.44422973059e-18, 4.45178886304e-18, 7.66171327448e-18, 6.16417143144e-18, 8.47677569106e-18, 9.77206194816e-18, 1.00886032891e-17, 1.1989470127e-17, 9.1133515566e-18, 1.62973341129e-17, 1.31703391074e-17, 1.3638243747e-17, 1.28775105531e-17, 8.61044476932e-18, 6.69364560563e-18, 4.88546849126e-18, 2.30912596514e-18, 1.07547376266e-18, 2.39042892716e-19, 2.97167704675e-20], "dvar": [0.0607542879879, 4.60471200943, 15.7811632156, 14.3413476944, 192.489852905, 698.903808594, 288.22668457, 141.656311035, 183.116363525, 1594.21679688, 5466.63818359, 7049.22363281, 8004.45019531, 9161.20800781, 1488.40161133, 3708.26489258, 1991.44799805, 1724.21948242, 1488.859375, 608.063171387, 364.455993652, 449.337432861, 525.355163574, 304.820251465, 167.903594971, 103.054679871, 168.851913452, 71.0225219727, 56.9255752563, 31.5133838654, 24.6185798645, 24.7845478058, 17.691740036, 11.743347168, 2.69029045105, 0.358467876911, 0.0211494006217, 0.000527818978298, 9.97341157927e-06, 3.89904037945e-08], "mean": [0.0700981840491, 0.663208127022, 2.27866363525, 4.06788301468, 7.59119558334, 13.5991888046, 12.1837282181, 9.52273654938, 11.2104959488, 24.1601219177, 62.5842132568, 83.9760742188, 71.9078292847, 77.1033477783, 41.7697525024, 52.0775375366, 53.6929321289, 37.5544242859, 39.2270278931, 23.5161094666, 27.857219696, 41.4639358521, 40.2672653198, 31.6629123688, 26.1163978577, 18.2478733063, 12.6008939743, 13.0484132767, 11.0077800751, 6.09441900253, 4.13291120529, 2.62449359894, 1.71275997162, 1.16164159775, 0.584423780441, 0.198417440057, 0.053833425045, 0.0092152915895, 0.000921949220356, 8.25938041089e-05]}, "spectral_contrast_valleys": {"max": [-5.21759223938, -4.59458827972, -4.97439002991, -5.75635004044, -5.68922805786, -7.45079278946], "dmean": [0.50029873848, 0.405920624733, 0.340974807739, 0.312505841255, 0.274581193924, 0.271357238293], "dvar2": [0.437295496464, 0.320238173008, 0.210283666849, 0.173899486661, 0.184236481786, 0.244657635689], "dmean2": [0.791264235973, 0.655597686768, 0.532232880592, 0.455068320036, 0.4003919065, 0.386414945126], "var": [1.67420244217, 1.59542441368, 1.47573113441, 1.44108569622, 1.49962568283, 1.3792257309], "median": [-7.34280824661, -6.43940496445, -6.6720867157, -6.95725822449, -6.66082572937, -9.57084655762], "min": [-27.8862686157, -27.6987609863, -27.7886352539, -27.8178634644, -27.4519519806, -27.3608837128], "dvar": [0.199533313513, 0.147103637457, 0.109054006636, 0.103357821703, 0.107670627534, 0.134987697005], "mean": [-7.4864821434, -6.57836198807, -6.8069319725, -7.11968851089, -6.85180473328, -9.73773479462]}, "average_loudness": 0.965357840061, "erbbands_spread": {"max": 158.047775269, "dmean": 7.39832305908, "dvar2": 143.389877319, "dmean2": 11.6150636673, "var": 183.383499146, "median": 33.9081993103, "min": 1.30097293854, "dvar": 61.4100646973, "mean": 34.8652267456}, "melbands_flatness_db": {"max": 0.638343155384, "dmean": 0.0262959618121, "dvar2": 0.0016408751253, "dmean2": 0.0414473451674, "var": 0.0022716652602, "median": 0.137608602643, "min": 0.0027969784569, "dvar": 0.000666763575282, "mean": 0.14488312602}, "barkbands_spread": {"max": 120.480583191, "dmean": 5.88352966309, "dvar2": 90.0469207764, "dmean2": 9.28504562378, "var": 109.830101013, "median": 25.0757980347, "min": 0.288008213043, "dvar": 37.5466346741, "mean": 25.7872886658}, "spectral_decrease": {"max": 1.62893878768e-28, "dmean": 2.81728551599e-09, "dvar2": 3.04634406863e-17, "dmean2": 4.64469929184e-09, "var": 1.53107144373e-17, "median": -6.14061601567e-09, "min": -2.49785223616e-08, "dvar": 1.16969037889e-17, "mean": -7.04604552482e-09}, "melbands_crest": {"max": 30.9485244751, "dmean": 3.91779661179, "dvar2": 30.5452957153, "dmean2": 6.50649738312, "var": 22.7565689087, "median": 11.1237392426, "min": 1.55887436867, "dvar": 11.8203849792, "mean": 12.0892820358}, "erbbands_flatness_db": {"max": 0.424131035805, "dmean": 0.017091980204, "dvar2": 0.000558297440875, "dmean2": 0.0249655600637, "var": 0.00168141850736, "median": 0.146849960089, "min": 0.038645837456, "dvar": 0.000294189871056, "mean": 0.153113767505}, "melbands_kurtosis": {"max": 506.01449585, "dmean": 3.90474081039, "dvar2": 116.53478241, "dmean2": 6.54218387604, "var": 245.618164062, "median": 3.32289361954, "min": -1.81364345551, "dvar": 48.4808387756, "mean": 5.71501207352}, "spectral_rms": {"max": 0.00981709454209, "dmean": 0.000952384783886, "dvar2": 2.59727698904e-06, "dmean2": 0.0015135682188, "var": 2.05402784559e-06, "median": 0.00502212624997, "min": 3.15945360152e-12, "dvar": 1.03796799067e-06, "mean": 0.00514777889475}, "melbands_skewness": {"max": 17.3389339447, "dmean": 0.655548095703, "dvar2": 1.35662984848, "dmean2": 1.06379747391, "var": 1.25273501873, "median": 1.55044269562, "min": -1.44295799732, "dvar": 0.530614554882, "mean": 1.71196472645}, "barkbands": {"max": [0.00308013800532, 0.0708488449454, 0.0339285992086, 0.0227409414947, 0.0645998716354, 0.0254127755761, 0.0240456648171, 0.0445511266589, 0.0526836887002, 0.0569065064192, 0.0283652544022, 0.0224724318832, 0.0195647105575, 0.0141551550478, 0.0114340297878, 0.0121304690838, 0.00715459976345, 0.00857582315803, 0.00480285519734, 0.00241738231853, 0.00287416693754, 0.00294011528604, 0.00320499227382, 0.00479701953009, 0.00814486201853, 0.00329435430467, 0.000528550939634], "dmean": [0.000181098177563, 0.00359966885298, 0.00163414818235, 0.00105930806603, 0.00321865314618, 0.000960705277976, 0.000716485781595, 0.00153590622358, 0.00198122044094, 0.00160033418797, 0.000677968142554, 0.000780372531153, 0.000635968637653, 0.000490890815854, 0.000355837924872, 0.000238705790252, 0.000362303690054, 0.000304182671243, 0.000244274968281, 0.000178708127351, 0.000165455261595, 0.000132357527036, 8.1255871919e-05, 7.19962772564e-05, 6.71575689921e-05, 2.4160490284e-05, 4.04798902309e-06], "dvar2": [3.2723090726e-07, 0.000226542251767, 2.84707457467e-05, 5.67837651033e-06, 0.000112965353765, 8.02764861874e-06, 6.14522150499e-06, 2.14148312807e-05, 2.83082681563e-05, 2.10487760341e-05, 5.12880342285e-06, 5.3431717788e-06, 2.35670063375e-06, 2.17359365706e-06, 8.50750268455e-07, 3.44017081488e-07, 5.02875195707e-07, 4.25750243949e-07, 2.19019881342e-07, 1.25534697304e-07, 1.99049765115e-07, 9.82579280162e-08, 7.65341283682e-08, 1.61621983352e-07, 1.79394888278e-07, 2.16813216269e-08, 7.57983731337e-10], "dmean2": [0.000264624657575, 0.00648736022413, 0.00295082270168, 0.00182514148764, 0.00553624657914, 0.00159420224372, 0.0012119980529, 0.00254478305578, 0.00318389642052, 0.002357063815, 0.00109566899482, 0.0012525691418, 0.00101768469904, 0.000794908031821, 0.000576826510951, 0.000390359258745, 0.000596446159761, 0.000500759691931, 0.000402378034778, 0.000302228261717, 0.000284193287371, 0.000225061128731, 0.000132549597765, 0.000116631417768, 0.000110605287773, 3.8576672523e-05, 6.28476482234e-06], "var": [1.69615276491e-07, 5.40373803233e-05, 8.45234353619e-06, 2.42472856371e-06, 3.41597151419e-05, 3.77151422981e-06, 3.939515409e-06, 1.49177230924e-05, 2.11637161556e-05, 3.12939264404e-05, 3.54231247002e-06, 3.89339174944e-06, 1.88408171198e-06, 1.34385857109e-06, 5.02698298988e-07, 2.1120925453e-07, 4.63961498554e-07, 3.55757634907e-07, 1.93645547597e-07, 7.43020081018e-08, 7.49608304318e-08, 5.32504174089e-08, 3.5012607924e-08, 5.22244683054e-08, 5.44869394048e-08, 9.28572152503e-09, 4.74167427544e-10], "median": [7.01132421455e-06, 0.000629499030765, 0.00117068202235, 0.00105279055424, 0.00175132963341, 0.000715031288564, 0.000424742902396, 0.000609059119597, 0.00170980708208, 0.000920453458093, 0.00047159686801, 0.000490378588438, 0.000596232246608, 0.000394687027438, 0.000383127713576, 0.000329542905092, 0.000589773699176, 0.00050221348647, 0.000468872953206, 0.000327048444888, 0.000256519881077, 0.000233258411754, 0.000110028457129, 6.31669172435e-05, 4.38698480139e-05, 1.46546726683e-05, 1.99264150069e-06], "min": [8.76869284643e-25, 7.49069420098e-24, 1.80291635533e-24, 4.52006156031e-25, 9.67576869982e-24, 2.01759364886e-23, 6.44580375581e-24, 2.181195512e-23, 3.00732362633e-23, 1.33525499826e-23, 2.76021641876e-23, 4.04860392846e-23, 5.26064611084e-23, 5.79594029986e-23, 5.2380935242e-23, 5.69725569388e-23, 5.60369679052e-23, 1.31633268639e-22, 1.55740567602e-22, 2.06071004071e-22, 3.10194976383e-22, 3.64294754341e-22, 4.88206450491e-22, 7.18822981534e-22, 9.84538900368e-22, 1.29245435904e-21, 1.9274691619e-21], "dvar": [1.50427254653e-07, 8.25203460408e-05, 9.95847403829e-06, 2.05087030736e-06, 4.20508113166e-05, 3.0215667266e-06, 2.25059034165e-06, 8.25472397992e-06, 1.12697243821e-05, 1.1008907677e-05, 2.12514305531e-06, 2.12225540963e-06, 9.59728481575e-07, 8.69073289778e-07, 3.48399879613e-07, 1.40536414506e-07, 1.9367752202e-07, 1.63706303624e-07, 8.38446609919e-08, 4.64933300748e-08, 7.21666992831e-08, 3.55132669938e-08, 2.95934139416e-08, 6.11471833167e-08, 6.73044766586e-08, 8.98706797869e-09, 3.6270067505e-10], "mean": [0.000165972145624, 0.0027650014963, 0.00208098697476, 0.00145238696132, 0.00356359197758, 0.00133205705788, 0.00106927426532, 0.00212573911995, 0.00334840500727, 0.0028275155928, 0.001039747498, 0.00124042259995, 0.00106953782961, 0.000764040567447, 0.000583631102927, 0.000438617978944, 0.000790647405665, 0.00066346913809, 0.000571532698814, 0.000376594078261, 0.00031509049586, 0.000285085523501, 0.000154055844177, 0.000110723136459, 9.34939889703e-05, 3.41476115864e-05, 5.54065718461e-06]}, "spectral_kurtosis": {"max": 40.8549308777, "dmean": 1.12067067623, "dvar2": 6.25742912292, "dmean2": 1.88309049606, "var": 4.61948490143, "median": 3.2525203228, "min": -1.24915969372, "dvar": 2.34246659279, "mean": 3.62449026108}, "erbbands_skewness": {"max": 8.09058570862, "dmean": 0.369999855757, "dvar2": 0.282196313143, "dmean2": 0.572636365891, "var": 0.558954179287, "median": 0.281613886356, "min": -2.78984498978, "dvar": 0.124116890132, "mean": 0.341319799423}, "melbands": {"max": [0.0182765349746, 0.0183101855218, 0.00884998217225, 0.0175912007689, 0.00749673508108, 0.00463196448982, 0.00321857724339, 0.00522604444996, 0.009869588539, 0.00864408537745, 0.0105950664729, 0.00714863557369, 0.00261825276539, 0.00239937356673, 0.00383601104841, 0.00229102186859, 0.00151623075362, 0.00139608688187, 0.000720213050954, 0.00103581848089, 0.000505799718667, 0.000316489051329, 0.000522730289958, 0.000356048141839, 0.000243223912548, 0.000227433149121, 0.000116561175673, 9.98994073598e-05, 0.00010791625391, 8.23046721052e-05, 6.31921502645e-05, 7.80097907409e-05, 8.57135892147e-05, 9.48008746491e-05, 6.56980482745e-05, 4.9049674999e-05, 7.4192561442e-05, 7.19900126569e-05, 5.66300404898e-05, 0.000122204117361], "dmean": [0.00092997594038, 0.00104490434751, 0.000508507189807, 0.000797172251623, 0.000341491628205, 0.000153522909386, 0.000120914948639, 0.000203759991564, 0.000357619865099, 0.000282723485725, 0.000207509117899, 0.000194308115169, 8.48027411848e-05, 7.72992862039e-05, 8.96203855518e-05, 5.42921407032e-05, 4.30142099503e-05, 4.18050731241e-05, 2.26576175919e-05, 1.56802634592e-05, 1.78345962922e-05, 1.87264013221e-05, 2.32076417888e-05, 1.45212843563e-05, 1.22045576063e-05, 9.88841475191e-06, 7.27742781237e-06, 5.48013304069e-06, 4.82808309243e-06, 4.51660389444e-06, 3.56863370143e-06, 3.55804559149e-06, 2.19843195737e-06, 1.68862663941e-06, 1.45069157043e-06, 1.10090559247e-06, 1.0438316167e-06, 9.04500609522e-07, 7.61064427479e-07, 7.26684106667e-07], "dvar2": [1.50009946083e-05, 1.52576458277e-05, 1.32424418098e-06, 7.74685031502e-06, 9.18384330362e-07, 2.01364429131e-07, 1.3882512917e-07, 5.20131322901e-07, 1.03624574876e-06, 6.54531561395e-07, 4.48232555073e-07, 3.34826154358e-07, 5.57334658424e-08, 4.67820449046e-08, 6.66352946155e-08, 1.89184028443e-08, 1.85663573404e-08, 1.50918371133e-08, 4.02991684467e-09, 1.73333947195e-09, 1.6042748241e-09, 1.34913336058e-09, 2.56930809961e-09, 1.06528441624e-09, 6.59172882944e-10, 4.17070988856e-10, 1.95491803301e-10, 1.2819365014e-10, 1.99960617508e-10, 1.4172017726e-10, 6.40089162229e-11, 6.9079589271e-11, 3.55051855971e-11, 2.87401023119e-11, 2.6045209392e-11, 1.89863333389e-11, 3.01770067268e-11, 2.84329330913e-11, 1.89358615593e-11, 2.61822317299e-11], "dmean2": [0.00164866691921, 0.00190710858442, 0.000879456638359, 0.00138426653575, 0.000576820864808, 0.000254166283412, 0.000206027572858, 0.000340751168551, 0.000586227222811, 0.000451010826509, 0.000309361959808, 0.000283910951111, 0.00013643487182, 0.000121918485092, 0.000145242564031, 8.60104119056e-05, 6.90227825544e-05, 6.77571879351e-05, 3.65515625163e-05, 2.54940441664e-05, 2.91862979793e-05, 3.07562986563e-05, 3.83837759728e-05, 2.40332174144e-05, 2.03631734621e-05, 1.63582808455e-05, 1.22224064398e-05, 9.27966630115e-06, 8.39288350107e-06, 7.8600623965e-06, 5.99161421633e-06, 6.10363258602e-06, 3.74962155547e-06, 2.79356277133e-06, 2.38885127146e-06, 1.79015376034e-06, 1.71194790255e-06, 1.49728043652e-06, 1.24906114252e-06, 1.20837205486e-06], "var": [3.81086647394e-06, 3.65063556274e-06, 5.21778531493e-07, 2.20525362238e-06, 3.95640199713e-07, 9.79724106287e-08, 8.46722016945e-08, 2.61637779886e-07, 8.20858417683e-07, 5.08090465701e-07, 5.31678665538e-07, 4.74663522709e-07, 4.40183889339e-08, 4.01124964355e-08, 4.14895069412e-08, 1.66478049124e-08, 1.21810606046e-08, 7.31212068672e-09, 2.40255726425e-09, 1.19617316052e-09, 9.73319758124e-10, 1.05433040076e-09, 2.05502614925e-09, 8.56759829748e-10, 4.6418083266e-10, 3.19337445376e-10, 1.25240637305e-10, 7.31663341025e-11, 6.14014256106e-11, 5.04010860825e-11, 3.8058653451e-11, 3.4100489793e-11, 1.60130849552e-11, 1.3834858606e-11, 1.08678248692e-11, 7.39108340503e-12, 9.50794651344e-12, 8.65596396643e-12, 5.86118566875e-12, 6.8383614743e-12], "median": [0.000124291560496, 0.00054395198822, 0.000588926835917, 0.000400849996367, 0.000256785540842, 0.000119198259199, 8.29990240163e-05, 9.9820572359e-05, 0.000246236624662, 0.000238627922954, 0.000119509983051, 0.000108620537503, 7.58940732339e-05, 5.47004347027e-05, 7.50284089008e-05, 5.16305663041e-05, 3.26485787809e-05, 4.24115423812e-05, 2.42170190177e-05, 1.95260163309e-05, 2.5947289032e-05, 3.13567834382e-05, 3.48200192093e-05, 2.19996472879e-05, 1.86241559277e-05, 1.77618676389e-05, 1.34258816615e-05, 9.15831697057e-06, 5.77402033741e-06, 6.17566729488e-06, 6.35380547465e-06, 5.84185954722e-06, 2.85954001811e-06, 2.16872194869e-06, 1.80750612344e-06, 1.1287364714e-06, 9.01748251181e-07, 6.3389194338e-07, 4.67604138521e-07, 4.59460608226e-07], "min": [3.25581157715e-24, 1.27274384575e-24, 1.26251754601e-24, 9.05397157382e-25, 2.99916140087e-24, 3.25971308597e-24, 1.47804953089e-24, 3.7921723061e-24, 3.3355606815e-24, 3.32041889085e-24, 2.54404151224e-24, 3.89104418766e-24, 4.37484193121e-24, 4.73813446617e-24, 4.32618262399e-24, 3.73486550564e-24, 5.71741574429e-24, 3.94585503221e-24, 4.55668975265e-24, 4.02552958921e-24, 3.32477695292e-24, 3.76586813365e-24, 5.96173227752e-24, 5.46513960452e-24, 4.22585608293e-24, 5.31326218659e-24, 4.98600402892e-24, 6.18674104567e-24, 5.64427098343e-24, 6.48795614385e-24, 6.12189352382e-24, 4.15029701327e-24, 7.03722934253e-24, 9.59006763994e-24, 6.97141941037e-24, 7.43635115094e-24, 8.0557592117e-24, 8.48406098499e-24, 6.84849358209e-24, 6.9330500048e-24], "dvar": [5.56784243599e-06, 5.39923485121e-06, 4.8125457397e-07, 2.85492387775e-06, 3.56182226824e-07, 7.61873195643e-08, 5.03831749654e-08, 1.90907655906e-07, 4.00536833922e-07, 2.64950728024e-07, 2.17068432562e-07, 1.79261562039e-07, 2.34515908915e-08, 1.98880041324e-08, 2.53672371997e-08, 8.04133204468e-09, 7.50890993828e-09, 5.71097524826e-09, 1.67269820217e-09, 7.44408534814e-10, 6.08570194238e-10, 5.21632070871e-10, 9.83288561685e-10, 4.02899963392e-10, 2.45312103964e-10, 1.57884441632e-10, 7.13252443219e-11, 4.76867850763e-11, 7.17510842407e-11, 5.09297534701e-11, 2.38955886328e-11, 2.46423732114e-11, 1.26979754836e-11, 1.07420791012e-11, 9.91023409169e-12, 7.41787534175e-12, 1.12988143147e-11, 1.06099339384e-11, 7.13802020963e-12, 9.51253745912e-12], "mean": [0.000705933955032, 0.00110421120189, 0.000755391840357, 0.000840434222482, 0.000457392074168, 0.000222050584853, 0.00018216688477, 0.000280597392702, 0.000576947699301, 0.000483735871967, 0.000358535675332, 0.000332503404934, 0.000143372060847, 0.000128048763145, 0.000144112549606, 9.27592991502e-05, 6.79911099724e-05, 6.68124412186e-05, 3.75523341063e-05, 2.74093526968e-05, 3.35819458996e-05, 4.00239914597e-05, 4.79176560475e-05, 3.02398748318e-05, 2.49228978646e-05, 2.19696230488e-05, 1.5564766727e-05, 1.09471347969e-05, 7.62219178796e-06, 7.71639679442e-06, 7.64738615544e-06, 7.11924258212e-06, 3.96688483306e-06, 3.15110173688e-06, 2.55651889347e-06, 1.74890715243e-06, 1.54326210122e-06, 1.25608573853e-06, 1.02241392597e-06, 9.65048116086e-07]}, "spectral_centroid": {"max": 11475.9277344, "dmean": 265.796295166, "dvar2": 192380.6875, "dmean2": 428.785430908, "var": 383915.5625, "median": 1650.38549805, "min": 127.372779846, "dvar": 88968.09375, "mean": 1698.37756348}, "pitch_salience": {"max": 0.871379256248, "dmean": 0.0781785994768, "dvar2": 0.0122619122267, "dmean2": 0.12728485465, "var": 0.00977302901447, "median": 0.597698330879, "min": 0.168691396713, "dvar": 0.0044700903818, "mean": 0.589293479919}, "gfcc": {"icov": [[0.000281421671389, -0.000192121282453, 0.000460752286017, -0.000477487366879, 0.000464960176032, -0.000407302053645, 0.000428637227742, -0.000659804150928, 0.00070674426388, -0.000614973367192, 0.000869498006068, -0.000753515050747, 0.000621490529738], [-0.000192121282453, 0.00316561991349, 0.000275743950624, -0.000524340779521, -0.000900773971807, 0.00173955666833, -0.00209048320539, 0.000950752291828, -0.00119707430713, 0.00169630930759, -0.00247236341238, 0.00250614667311, -0.00217202561907], [0.000460752286017, 0.000275743950624, 0.00350959808566, -0.00152329937555, -0.000204403477255, -0.00154495669995, 0.00167469331063, -0.00161033007316, 0.00135263474658, -0.00134424620774, 0.00208318606019, -0.00248733279295, 0.00144952232949], [-0.000477487366879, -0.000524340779521, -0.00152329937555, 0.00494931638241, -0.00221388135105, 0.000850306998473, -0.00126166990958, 0.00229947501794, -0.00292264390737, -0.000498023815453, -3.92010333599e-05, 0.00162359909154, -0.000948711123783], [0.000464960176032, -0.000900773971807, -0.000204403477255, -0.00221388135105, 0.00657137902454, -0.000580772059038, -0.000885802495759, -0.00155788601842, 0.00242365989834, -0.00204438064247, 0.00148137484211, 0.000194358814042, -0.00143013347406], [-0.000407302053645, 0.00173955666833, -0.00154495669995, 0.000850306998473, -0.000580772059038, 0.0103601375595, -0.00401340704411, -0.00263752928004, 0.00111708033364, 0.000528680859134, -0.00294033507816, 0.00202421564609, -0.00061243592063], [0.000428637227742, -0.00209048320539, 0.00167469331063, -0.00126166990958, -0.000885802495759, -0.00401340704411, 0.0102817397565, -0.00393205834553, -0.00136901345104, 0.00256135500968, -4.8328362027e-05, -0.00386221404187, 0.00364289502613], [-0.000659804150928, 0.000950752291828, -0.00161033007316, 0.00229947501794, -0.00155788601842, -0.00263752928004, -0.00393205834553, 0.0167340487242, -0.00492362584919, -0.00128367030993, 0.000221282360144, 0.00107487977948, -0.00203671515919], [0.00070674426388, -0.00119707430713, 0.00135263474658, -0.00292264390737, 0.00242365989834, 0.00111708033364, -0.00136901345104, -0.00492362584919, 0.0189990922809, -0.00997310131788, 0.00130834756419, 0.00156508537475, -0.000953232636675], [-0.000614973367192, 0.00169630930759, -0.00134424620774, -0.000498023815453, -0.00204438064247, 0.000528680859134, 0.00256135500968, -0.00128367030993, -0.00997310131788, 0.0215614885092, -0.0070427772589, 0.000130362284835, 0.00324269128032], [0.000869498006068, -0.00247236341238, 0.00208318606019, -3.92010333599e-05, 0.00148137484211, -0.00294033507816, -4.8328362027e-05, 0.000221282360144, 0.00130834756419, -0.0070427772589, 0.0246865153313, -0.0123617313802, 0.00331033021212], [-0.000753515050747, 0.00250614667311, -0.00248733279295, 0.00162359909154, 0.000194358814042, 0.00202421564609, -0.00386221404187, 0.00107487977948, 0.00156508537475, 0.000130362284835, -0.0123617313802, 0.0282964389771, -0.0129580451176], [0.000621490529738, -0.00217202561907, 0.00144952232949, -0.000948711123783, -0.00143013347406, -0.00061243592063, 0.00364289502613, -0.00203671515919, -0.000953232636675, 0.00324269128032, 0.00331033021212, -0.0129580451176, 0.0220429897308]], "cov": [[7095.54296875, -118.54334259, -474.108337402, 161.231689453, -393.647857666, 133.097671509, -137.59992981, 136.92880249, -83.5569458008, 113.981445312, -130.033905029, -11.8794155121, -167.905609131], [-118.54334259, 674.98638916, -169.269424438, 186.989807129, 135.208251953, -87.7991638184, 147.643875122, -27.5320396423, 63.5118103027, -34.3161735535, 35.6619110107, -23.7041454315, 56.9249038696], [-474.108337402, -169.269424438, 511.607849121, 84.5221099854, 79.1033477783, 65.5408477783, -42.0045013428, 36.4335975647, -3.54551887512, 40.0965118408, -18.8793640137, 17.894985199, -8.7525434494], [161.231689453, 186.989807129, 84.5221099854, 407.246002197, 150.93598938, -22.4890213013, 58.606678009, 0.0155642274767, 73.8987884521, 41.9449081421, -10.2990379333, -23.9018287659, 9.85368442535], [-393.647857666, 135.208251953, 79.1033477783, 150.93598938, 267.530883789, 8.30794334412, 70.8699111938, 18.2965316772, 23.7675762177, 11.4600715637, 1.53793787956, -4.76166057587, 29.5941963196], [133.097671509, -87.7991638184, 65.5408477783, -22.4890213013, 8.30794334412, 163.79901123, 54.0240440369, 54.5854187012, -8.76800251007, 8.91902542114, 9.57519817352, 10.3263731003, -13.5352621078], [-137.59992981, 147.643875122, -42.0045013428, 58.606678009, 70.8699111938, 54.0240440369, 199.780914307, 44.7442626953, 32.6959877014, -10.2138185501, 24.4888134003, 8.80590724945, 5.34451770782], [136.92880249, -27.5320396423, 36.4335975647, 0.0155642274767, 18.2965316772, 54.5854187012, 44.7442626953, 99.1755218506, 24.7407341003, 21.9984798431, 2.0604019165, 5.24574613571, -3.88800311089], [-83.5569458008, 63.5118103027, -3.54551887512, 73.8987884521, 23.7675762177, -8.76800251007, 32.6959877014, 24.7407341003, 100.759002686, 43.6805992126, 9.22914505005, -9.66677284241, 1.07153594494], [113.981445312, -34.3161735535, 40.0965118408, 41.9449081421, 11.4600715637, 8.91902542114, -10.2138185501, 21.9984798431, 43.6805992126, 86.2673034668, 14.0108108521, 0.547623872757, -15.2983627319], [-130.033905029, 35.6619110107, -18.8793640137, -10.2990379333, 1.53793787956, 9.57519817352, 24.4888134003, 2.0604019165, 9.22914505005, 14.0108108521, 67.6376037598, 28.0443515778, 9.15395641327], [-11.8794155121, -23.7041454315, 17.894985199, -23.9018287659, -4.76166057587, 10.3263731003, 8.80590724945, 5.24574613571, -9.66677284241, 0.547623872757, 28.0443515778, 66.516708374, 29.1930160522], [-167.905609131, 56.9249038696, -8.7525434494, 9.85368442535, 29.5941963196, -13.5352621078, 5.34451770782, -3.88800311089, 1.07153594494, -15.2983627319, 9.15395641327, 29.1930160522, 75.0935516357]], "mean": [38.2404670715, 75.0165100098, -135.086395264, 26.2397537231, -61.8050804138, 9.86197948456, -31.5302429199, 8.21019935608, -28.7036190033, -5.56574630737, -23.4466457367, -3.36741399765, -15.8107099533]}, "spectral_flux": {"max": 0.279914289713, "dmean": 0.0307031664997, "dvar2": 0.00191073806491, "dmean2": 0.0474661849439, "var": 0.00213988055475, "median": 0.0945068448782, "min": 6.36435695811e-11, "dvar": 0.0010542254895, "mean": 0.105009444058}, "zerocrossingrate": {"max": 0.5087890625, "dmean": 0.0103246234357, "dvar2": 0.000340436730767, "dmean2": 0.0132448459044, "var": 0.00105314969551, "median": 0.0703125, "min": 0.0048828125, "dvar": 0.0002076869132, "mean": 0.0741141587496}, "spectral_energyband_middle_low": {"max": 0.0768292471766, "dmean": 0.00649733329192, "dvar2": 0.000206586715649, "dmean2": 0.0107627911493, "var": 0.000101555597212, "median": 0.0109469052404, "min": 1.81228865398e-22, "dvar": 7.82390125096e-05, "mean": 0.013578960672}, "silence_rate_20dB": {"max": 1, "dmean": 0, "dvar2": 0, "dmean2": 0, "var": 0, "median": 1, "min": 1, "dvar": 0, "mean": 1}, "silence_rate_30dB": {"max": 1, "dmean": 0, "dvar2": 0, "dmean2": 0, "var": 0, "median": 1, "min": 1, "dvar": 0, "mean": 1}, "spectral_entropy": {"max": 9.82172489166, "dmean": 0.130469992757, "dvar2": 0.0460460968316, "dmean2": 0.187565132976, "var": 0.107656978071, "median": 7.87553119659, "min": 4.45695495605, "dvar": 0.0251472592354, "mean": 7.82450675964}, "spectral_rolloff": {"max": 19379.8828125, "dmean": 616.640930176, "dvar2": 2129502.5, "dmean2": 1034.29870605, "var": 2028105.875, "median": 1722.65625, "min": 86.1328125, "dvar": 918657.9375, "mean": 1975.78295898}, "spectral_complexity": {"max": 57, "dmean": 5.32504463196, "dvar2": 48.5380516052, "dmean2": 7.95982503891, "var": 95.4231491089, "median": 31, "min": 0, "dvar": 22.0590648651, "mean": 30.2851085663}, "spectral_spread": {"max": 42234808, "dmean": 463178.84375, "dvar2": 1316365926400.0, "dmean2": 682128.25, "var": 42831262