{"metadata": {"audio_properties": {"downmix": "mix", "bit_rate": 320000, "lossless": false, "md5_encoded": "c0a1562e5db64d28db4cc8634b162a37", "analysis_sample_rate": 44100, "sample_rate": 44100, "replay_gain": -14.517993927, "equal_loudness": 0, "codec": "mp3", "length": 248.058776855}, "tags": {"musicbrainz_albumid": ["d67b563b-d6ef-4159-a54a-0fc9e8407d34"], "musicbrainz_recordingid": ["790637ff-3cc5-4fff-89f4-fbb2143c1b3a"], "tracknumber": ["6/16"], "artist": ["La Ley"], "acoustid_id": ["b9f9a59b-aab1-48ed-bf0c-f01e72d2c8ed"], "musicbrainz album release country": ["CL"], "musicbrainz album type": ["live"], "originaldate": ["2001-09-04"], "albumartist": ["La Ley"], "asin": ["B00005O6HB"], "media": ["CD"], "musicbrainz_albumartistid": ["63c5d2a6-bc32-4991-bf3a-9efe3a1d741b"], "file_name": "06. La Ley - Krazyworld.mp3", "bpm": ["0"], "musicbrainz_artistid": ["63c5d2a6-bc32-4991-bf3a-9efe3a1d741b"], "albumartistsort": ["Ley, La"], "script": ["Latn"], "musicbrainz album status": ["Official"], "album": ["MTV Unplugged"], "date": ["2001-09-04"], "title": ["Krazyworld"], "language": ["spa"], "discnumber": ["1/1"], "artistsort": ["Ley, La"], "musicbrainz_releasegroupid": ["76e5fdb9-6107-3d9d-b92b-4e913c7d93ea"], "genre": ["Rock"]}, "version": {"essentia_build_sha": "05ddcf096b9560a4bec586e3e2c3f09258f97377", "essentia_git_sha": "v2.1_beta2", "extractor": "music 1.0", "essentia": "2.1-beta2"}}, "tonal": {"chords_scale": "major", "hpcp": {"dmean": [0.131214633584, 0.128960490227, 0.111475341022, 0.0893282741308, 0.0869633480906, 0.093869023025, 0.105633161962, 0.112388961017, 0.128039836884, 0.147493883967, 0.149166285992, 0.108326487243, 0.0657024756074, 0.0521573126316, 0.0598545446992, 0.0920698568225, 0.101498402655, 0.0784086510539, 0.0522029437125, 0.0460952036083, 0.060460023582, 0.0939741954207, 0.107056155801, 0.142248645425, 0.186487466097, 0.130857482553, 0.0726646110415, 0.0635106563568, 0.0682785660028, 0.0990521535277, 0.147958397865, 0.149389460683, 0.106863759458, 0.0825842022896, 0.0817711800337, 0.105994321406], "dvar2": [0.115647338331, 0.112340629101, 0.104222200811, 0.0959287956357, 0.0993600040674, 0.109069034457, 0.111119158566, 0.104917362332, 0.113291203976, 0.108903929591, 0.110041446984, 0.0909318774939, 0.0653162151575, 0.0442703664303, 0.0450308024883, 0.0674870014191, 0.0768976211548, 0.0608019120991, 0.0467178188264, 0.0443439222872, 0.0574304237962, 0.0680706351995, 0.0786831751466, 0.0973286181688, 0.209852650762, 0.0950175151229, 0.0587931163609, 0.0562691166997, 0.0628290399909, 0.0763209238648, 0.120840981603, 0.117171958089, 0.0937505140901, 0.096187017858, 0.0919666811824, 0.103120580316], "mean": [0.225303113461, 0.235363394022, 0.122949168086, 0.0875696912408, 0.083279080689, 0.081612162292, 0.11719519645, 0.135482549667, 0.146564379334, 0.284906476736, 0.288770020008, 0.125978395343, 0.0646573901176, 0.0542221404612, 0.0643843412399, 0.122710742056, 0.145257949829, 0.0911366641521, 0.0564164817333, 0.0482942871749, 0.059873688966, 0.132923036814, 0.15924911201, 0.168960019946, 0.258985519409, 0.206652626395, 0.0817055925727, 0.0640773326159, 0.0677392929792, 0.116141080856, 0.250501096249, 0.24692299962, 0.115890108049, 0.0690872818232, 0.0695783495903, 0.106259405613], "var": [0.110232785344, 0.118381440639, 0.0411886870861, 0.0420323126018, 0.0411172807217, 0.0354299247265, 0.0492021106184, 0.0596726946533, 0.0469269119203, 0.123117960989, 0.122038759291, 0.038152705878, 0.0267143156379, 0.0203721690923, 0.0222120117396, 0.0434915684164, 0.057621717453, 0.0307721998543, 0.0236039236188, 0.019784539938, 0.0214388426393, 0.0475921817124, 0.0641143918037, 0.0467641353607, 0.134284853935, 0.0955018550158, 0.025337247178, 0.0228910688311, 0.0243192967027, 0.0369308739901, 0.107238389552, 0.101865530014, 0.0386852808297, 0.02835961245, 0.0284462608397, 0.0385110601783], "dmean2": [0.224611133337, 0.220031887293, 0.198441192508, 0.16278886795, 0.161225438118, 0.174320623279, 0.189574807882, 0.197121664882, 0.225743204355, 0.248223096132, 0.251758247614, 0.191461086273, 0.117856316268, 0.0930287763476, 0.10594047606, 0.154975086451, 0.169453278184, 0.135038182139, 0.0938287228346, 0.0839601680636, 0.107929654419, 0.157682910562, 0.178604483604, 0.250962108374, 0.336080729961, 0.228529706597, 0.12876150012, 0.114010252059, 0.122822038829, 0.173818916082, 0.25133651495, 0.250995695591, 0.188834533095, 0.152632817626, 0.149491459131, 0.189638987184], "dvar": [0.0472585707903, 0.0481779947877, 0.0377246029675, 0.0351522155106, 0.0358066521585, 0.0382901020348, 0.040643338114, 0.0406466573477, 0.0414273329079, 0.0475777164102, 0.0484975725412, 0.0329820215702, 0.0235442221165, 0.0160966143012, 0.0167778749019, 0.0266050584614, 0.0319025330245, 0.0230736341327, 0.0172980893403, 0.0158453248441, 0.0205710791051, 0.0267054121941, 0.0329539626837, 0.0376386605203, 0.0831150710583, 0.0378272905946, 0.0214550718665, 0.0208605192602, 0.0229073688388, 0.0279599223286, 0.0518430881202, 0.0502922050655, 0.0342228114605, 0.0339724645019, 0.0330714285374, 0.0383010655642], "min": [1.23912514027e-05, 1.23425443235e-05, 7.27049655325e-06, 2.67594032266e-07, 2.92820629966e-07, 2.61423019765e-06, 6.19026650384e-06, 9.16810495255e-06, 1.3411560758e-05, 5.21190031577e-07, 4.08385915307e-07, 4.33817461953e-07, 1.08294250367e-06, 1.03761431092e-06, 1.11012343496e-06, 1.05032449937e-06, 3.17449871545e-06, 1.23889058159e-05, 6.29670967101e-06, 1.38819189033e-06, 1.13637943286e-05, 5.31573050466e-06, 2.79936011793e-06, 2.1786815978e-06, 3.49198103322e-07, 2.66600324039e-07, 1.02686135506e-06, 7.67645929045e-07, 1.2764381836e-06, 8.20002242108e-07, 1.99839234938e-07, 2.49726525681e-07, 2.09155601283e-07, 1.89088211755e-07, 1.75825476845e-07, 3.50363188772e-06], "median": [0.0356822013855, 0.0409784913063, 0.0254535954446, 0.00540515920147, 0.00303633580916, 0.00558118941262, 0.0165885016322, 0.0229853000492, 0.0488433875144, 0.107990898192, 0.114976495504, 0.0432972460985, 0.00480646267533, 0.00346617377363, 0.00866265688092, 0.0292931627482, 0.0361456610262, 0.0173932109028, 0.00419640075415, 0.00286182784475, 0.00780702522025, 0.033413361758, 0.0443159006536, 0.0625341907144, 0.0342219024897, 0.0282945167273, 0.0104811014608, 0.00759268179536, 0.00883926637471, 0.0250933188945, 0.0812123417854, 0.087391294539, 0.0279921852052, 0.00635279016569, 0.0050493972376, 0.0159369297326], "max": [1, 1, 1, 1, 1, 1, 1, 1, 1, 1, 1, 1, 1, 1, 1, 1, 1, 1, 1, 1, 1, 1, 1, 1, 1, 1, 1, 1, 1, 1, 1, 1, 1, 1, 1, 1]}, "tuning_equal_tempered_deviation": 0.205057054758, "chords_key": "C", "chords_strength": {"dmean": 0.00904240366071, "dvar2": 6.96728384355e-05, "mean": 0.552817702293, "var": 0.00928686000407, "dmean2": 0.00850206520408, "dvar": 6.06778739893e-05, "min": 0.262592822313, "median": 0.561154186726, "max": 0.783617198467}, "tuning_diatonic_strength": 0.633114993572, "thpcp": [1, 0.436258554459, 0.223906174302, 0.187769278884, 0.222960621119, 0.424942791462, 0.503022968769, 0.3156029284, 0.195368215442, 0.167241349816, 0.20734038949, 0.460307598114, 0.551473855972, 0.585102379322, 0.896857380867, 0.715630471706, 0.282943487167, 0.22189745307, 0.234578683972, 0.402192294598, 0.86747610569, 0.85508531332, 0.401323199272, 0.239246726036, 0.240947276354, 0.367972433567, 0.78021645546, 0.815054833889, 0.425768464804, 0.303250640631, 0.288392394781, 0.282619923353, 0.405842661858, 0.469171106815, 0.507547080517, 0.986620664597], "chords_histogram": [16.9380493164, 23.5448246002, 32.6221237183, 0.655062675476, 13.7001686096, 0.149728611112, 0.879655599594, 0, 1.25397717953, 0, 0, 0.262025088072, 0, 0.112296462059, 0.018716076389, 0.48661801219, 0, 2.75126338005, 0, 0.0374321527779, 0.018716076389, 1.68444693089, 2.45180606842, 2.43308997154], "tuning_nontempered_energy_ratio": 0.935460269451, "tuning_frequency": 434.193115234, "key_strength": 0.804093718529, "chords_changes_rate": 0.0409882105887, "key_scale": "major", "hpcp_entropy": {"dmean": 0.568055212498, "dvar2": 0.617806494236, "mean": 2.08913421631, "var": 0.547782480717, "dmean2": 0.942616403103, "dvar": 0.239295646548, "min": 0.0339983291924, "median": 2.06904482841, "max": 4.72748422623}, "key_key": "F", "chords_number_rate": 0.00168444693554}, "lowlevel": {"melbands_skewness": {"dmean": 0.963590741158, "dvar2": 3.07441067696, "mean": 3.72027754784, "var": 5.23735809326, "dmean2": 1.43542158604, "dvar": 1.43580842018, "min": -3.31212377548, "median": 3.48930096626, "max": 20.2053966522}, "melbands_kurtosis": {"dmean": 14.2722463608, "dvar2": 1682.74560547, "mean": 30.8079509735, "var": 1546.01489258, "dmean2": 22.08360672, "dvar": 719.33972168, "min": -1.88449883461, "median": 18.765750885, "max": 709.374206543}, "barkbands_kurtosis": {"dmean": 5.87375879288, "dvar2": 683.355529785, "mean": 14.2323293686, "var": 1823.42773438, "dmean2": 9.05722427368, "dvar": 277.116271973, "min": -1.9399368763, "median": 6.71222400665, "max": 1239.90014648}, "hfc": {"dmean": 8.26121139526, "dvar2": 478.959564209, "mean": 19.95495224, "var": 603.689331055, "dmean2": 10.9804792404, "dvar": 256.661895752, "min": 3.6145759168e-06, "median": 12.2963943481, "max": 287.184753418}, "silence_rate_20dB": {"dmean": 0, "dvar2": 0, "mean": 1, "var": 0, "dmean2": 0, "dvar": 0, "min": 1, "median": 1, "max": 1}, "erbbands_flatness_db": {"dmean": 0.0176871139556, "dvar2": 0.000613381504081, "mean": 0.127765879035, "var": 0.00254246988334, "dmean2": 0.0240232273936, "dvar": 0.000355382653652, "min": 0.0285594258457, "median": 0.118598043919, "max": 0.409226030111}, "spectral_flux": {"dmean": 0.0343425422907, "dvar2": 0.00447387574241, "mean": 0.0856064632535, "var": 0.00520409364253, "dmean2": 0.0510635823011, "dvar": 0.00228946097195, "min": 2.75775437331e-05, "median": 0.0614750348032, "max": 0.415889412165}, "spectral_energyband_low": {"dmean": 0.011248244904, "dvar2": 0.00142229092307, "mean": 0.0240170080215, "var": 0.000808402779512, "dmean2": 0.0176730062813, "dvar": 0.000588116177823, "min": 2.64425916059e-12, "median": 0.0208238624036, "max": 0.247391328216}, "spectral_rolloff": {"dmean": 532.51348877, "dvar2": 3679784.75, "mean": 1309.95544434, "var": 4280445.5, "dmean2": 867.51739502, "dvar": 1724084, "min": 64.599609375, "median": 495.263671875, "max": 16515.9667969}, "spectral_entropy": {"dmean": 0.183902457356, "dvar2": 0.0710184723139, "mean": 7.5240354538, "var": 0.348035901785, "dmean2": 0.252995401621, "dvar": 0.0420280024409, "min": 4.99384307861, "median": 7.56727457047, "max": 9.8039484024}, "spectral_energy": {"dmean": 0.0165575053543, "dvar2": 0.00185589748435, "mean": 0.0408538132906, "var": 0.0013612229377, "dmean2": 0.024943895638, "dvar": 0.000805070099887, "min": 7.60520924015e-10, "median": 0.035257615149, "max": 0.268767267466}, "spectral_centroid": {"dmean": 212.789215088, "dvar2": 172678.765625, "mean": 1095.59863281, "var": 600924.5, "dmean2": 316.576843262, "dvar": 94128.140625, "min": 89.0256729126, "median": 877.142700195, "max": 11136.2158203}, "barkbands_flatness_db": {"dmean": 0.0223164781928, "dvar2": 0.00113659363706, "mean": 0.15015347302, "var": 0.00474788760766, "dmean2": 0.0322875529528, "dvar": 0.000573853496462, "min": 0.0169167723507, "median": 0.146318435669, "max": 0.562707066536}, "spectral_rms": {"dmean": 0.00110253388993, "dvar2": 5.19696641277e-06, "mean": 0.00560345547274, "var": 8.45876911626e-06, "dmean2": 0.00157817581203, "dvar": 2.48317064688e-06, "min": 8.61377770889e-07, "median": 0.0058649526909, "max": 0.0161929614842}, "melbands": {"dmean": [0.00254356116056, 0.0016282661818, 0.000778002140578, 0.000738164933864, 0.000447437021649, 0.000386588042602, 0.000141191863804, 0.000148124614498, 0.000158888156875, 6.27002082183e-05, 4.18821327912e-05, 2.95775789709e-05, 2.18146815314e-05, 2.12086470128e-05, 1.81773048098e-05, 1.61526459124e-05, 1.82250696525e-05, 1.121499281e-05, 6.96599499861e-06, 7.02770921635e-06, 6.06362664257e-06, 5.52061010239e-06, 5.91404250372e-06, 5.95192022956e-06, 4.88087835038e-06, 3.84789836971e-06, 3.40800420418e-06, 2.98915119856e-06, 2.64156415142e-06, 2.79933465208e-06, 2.88926548819e-06, 3.22386222251e-06, 3.08761536871e-06, 2.58561135524e-06, 1.75745913111e-06, 1.55157101744e-06, 1.33593357532e-06, 1.19550657018e-06, 9.45544968545e-07, 8.1700187593e-07], "dvar2": [9.50847097556e-05, 3.07870359393e-05, 6.99482097843e-06, 7.25977315597e-06, 2.72069132734e-06, 3.23749736708e-06, 4.61991135126e-07, 3.71841537117e-07, 5.65157392884e-07, 6.4045039494e-08, 3.18083230866e-08, 1.37291253921e-08, 5.60806823202e-09, 7.89397169854e-09, 4.16576062534e-09, 4.36048086527e-09, 5.77510705924e-09, 4.99819696742e-09, 6.56065812787e-10, 5.35555988446e-10, 8.43107639259e-10, 5.38788513804e-10, 4.6279235999e-10, 5.03460273471e-10, 3.11882936144e-10, 2.72768363452e-10, 2.3512111702e-10, 1.6548871995e-10, 1.1948747547e-10, 1.84996476471e-10, 1.79516138066e-10, 2.33987690335e-10, 2.07975622835e-10, 2.26141494419e-10, 1.0895481739e-10, 5.12475513414e-11, 4.9893859877e-11, 1.90871207728e-11, 8.86507187103e-12, 6.29722055751e-12], "mean": [0.00467726029456, 0.00369701581076, 0.00139472982846, 0.00108728231862, 0.000714617024641, 0.00053199037211, 0.00025290666963, 0.000245048984652, 0.00029339993489, 0.000129662977997, 7.16711292625e-05, 4.95946478622e-05, 4.04198362958e-05, 3.68000619346e-05, 3.1621701055e-05, 2.90398747893e-05, 3.09220449708e-05, 1.6813080947e-05, 1.13388032332e-05, 1.22499877762e-05, 1.13345649879e-05, 9.87977273326e-06, 9.16086264624e-06, 1.00088391264e-05, 8.13042606751e-06, 6.53401639283e-06, 5.08167659063e-06, 4.14163105233e-06, 3.74876731257e-06, 3.96530776925e-06, 4.23115579906e-06, 4.73995260108e-06, 4.72647525385e-06, 3.96484892917e-06, 2.73315481536e-06, 2.49986078416e-06, 2.21568325287e-06, 1.97271879188e-06, 1.49108541336e-06, 1.26930171973e-06], "var": [3.75669114874e-05, 1.85910248547e-05, 3.50374580194e-06, 3.34838159688e-06, 1.71224269252e-06, 1.27943746975e-06, 4.21361534109e-07, 3.77552140662e-07, 8.33860951843e-07, 1.29390414827e-07, 2.6940858433e-08, 1.32724009561e-08, 6.88759760337e-09, 1.2902105162e-08, 4.1526910799e-09, 5.07859176935e-09, 5.79989700711e-09, 3.57841312137e-09, 5.53031287431e-10, 6.16628303973e-10, 1.21162546662e-09, 7.12186865037e-10, 3.17755072254e-10, 4.88509621643e-10, 2.91396851093e-10, 2.30923571931e-10, 1.67011640628e-10, 1.16438664266e-10, 9.69283542318e-11, 1.54287069232e-10, 1.81744674865e-10, 1.99467234396e-10, 2.20571130805e-10, 2.17294529592e-10, 9.85934320297e-11, 4.40047338846e-11, 3.09088206418e-11, 1.57283196883e-11, 7.50559336904e-12, 5.59194010541e-12], "dmean2": [0.00412877695635, 0.00265760114416, 0.00130130932666, 0.00123981130309, 0.000733468215913, 0.000660788849927, 0.000216891407035, 0.000226314601605, 0.00023363265791, 9.25825152081e-05, 6.63352911943e-05, 4.45750301878e-05, 3.30840412062e-05, 3.16421792377e-05, 2.72816214419e-05, 2.38961838477e-05, 2.77448380075e-05, 1.72699128598e-05, 1.10891915028e-05, 1.09979409899e-05, 9.38515222515e-06, 8.49723437568e-06, 9.5294581115e-06, 9.39021356317e-06, 7.68806148699e-06, 6.01087003815e-06, 5.34870378033e-06, 4.7647113206e-06, 4.13287671108e-06, 4.33712875747e-06, 4.33748482465e-06, 4.87750821776e-06, 4.61027138954e-06, 3.84975965062e-06, 2.59551643467e-06, 2.30953514802e-06, 1.97666167878e-06, 1.77012543645e-06, 1.37653273669e-06, 1.18032255614e-06], "dvar": [3.62363389286e-05, 1.19177848319e-05, 2.64366872216e-06, 2.74197100225e-06, 1.05859658106e-06, 1.16991895993e-06, 2.15005641735e-07, 1.72586879899e-07, 2.85417655732e-07, 3.38298704605e-08, 1.393090443e-08, 6.38983976842e-09, 2.59001131653e-09, 4.17062384628e-09, 1.84659243452e-09, 2.06865546915e-09, 2.695567769e-09, 2.54001508715e-09, 2.89844370727e-10, 2.34130215215e-10, 3.88279797203e-10, 2.5299198847e-10, 1.92757670936e-10, 2.28369489985e-10, 1.36977401644e-10, 1.14069004242e-10, 1.00238761735e-10, 7.37505681525e-11, 5.34932480256e-11, 8.10983710742e-11, 8.54416953855e-11, 1.09086975564e-10, 1.04581156235e-10, 1.05791257698e-10, 5.25272776664e-11, 2.36157378375e-11, 2.04988404723e-11, 8.47791802039e-12, 4.27021785987e-12, 3.0593624422e-12], "min": [6.59984220053e-13, 3.16643711034e-13, 7.97568391539e-14, 6.10206004649e-13, 1.96742622194e-12, 1.55555776593e-12, 5.51628057469e-12, 2.02427506181e-12, 6.87817424544e-13, 9.96015119339e-13, 3.50801354111e-12, 1.59730648847e-11, 1.57806961942e-11, 2.33426754488e-12, 4.04440803764e-12, 1.9792546508e-12, 2.89811469094e-12, 6.88381643354e-13, 5.4660122999e-13, 1.97076621515e-12, 1.8211246313e-12, 1.65438496236e-12, 3.18490221175e-12, 2.01846265396e-12, 9.91435774624e-13, 3.84828779086e-13, 4.99995498563e-13, 4.30332906896e-13, 7.73799969413e-13, 1.35827113446e-12, 1.45105119326e-12, 6.61271276452e-13, 8.83495371046e-13, 3.87562703284e-13, 3.77035859131e-13, 2.54293358289e-13, 4.42224544744e-13, 3.99851809649e-13, 4.97798959172e-13, 3.25641396444e-13], "median": [0.00389499450102, 0.00317510357127, 0.00091431546025, 0.000505134346895, 0.000259119900875, 0.000157918257173, 6.84299811837e-05, 6.85731865815e-05, 5.66445014556e-05, 3.71990245185e-05, 2.64928858087e-05, 1.66737809195e-05, 1.64227822097e-05, 1.00688394014e-05, 1.17521121865e-05, 9.1568190328e-06, 8.32582463772e-06, 6.29355554338e-06, 4.94574669574e-06, 4.89764670419e-06, 3.81827067031e-06, 3.49410629497e-06, 3.52426104655e-06, 3.03425395032e-06, 2.53077132584e-06, 1.72750083038e-06, 1.35438779125e-06, 1.19550963973e-06, 1.04961497982e-06, 9.52977984525e-07, 1.02996023088e-06, 1.21160144317e-06, 1.16941168926e-06, 9.00125428416e-07, 6.84856672706e-07, 6.14434839008e-07, 6.27331928627e-07, 6.00475630108e-07, 4.84547399537e-07, 3.85301291317e-07], "max": [0.0650341957808, 0.0605504997075, 0.0223744604737, 0.0293529424816, 0.0167185477912, 0.0192555245012, 0.0169933103025, 0.0138516351581, 0.0167680233717, 0.00760848354548, 0.00599722936749, 0.00272994069383, 0.00151095353067, 0.00344717595726, 0.00132681580726, 0.00161278003361, 0.00195766054094, 0.00393571518362, 0.000410949811339, 0.000471238803584, 0.000999154290184, 0.000924073450733, 0.00035022792872, 0.000409778993344, 0.000325256667566, 0.000454560096841, 0.000405655649956, 0.000302848464344, 0.000196896144189, 0.000272651115665, 0.000280945649138, 0.000354488263838, 0.000421021628426, 0.000406125793234, 0.000445861485787, 0.000232946287724, 0.00025633702171, 9.44369385252e-05, 2.94964884233e-05, 2.51899800787e-05]}, "barkbands_crest": {"dmean": 2.38880753517, "dvar2": 13.9344768524, "mean": 11.6308364868, "var": 17.8982925415, "dmean2": 3.89835715294, "dvar": 5.41757154465, "min": 2.37975955009, "median": 11.4774513245, "max": 26.0165958405}, "mfcc": {"icov": [[0.000171239254996, 5.84282206546e-05, -2.38099946728e-05, -0.00027596578002, 5.52371348022e-05, 2.71916524071e-05, -5.9047852119e-05, -0.000152137043187, 0.000303194043227, 2.95839672617e-05, -0.000111480221676, 0.000149480314576, 4.23036217398e-05], [5.84282206546e-05, 0.00087732920656, -0.000418553478085, 0.000181731724297, -0.000782618124504, 0.00030050429632, -0.000151431624545, -0.000138475734275, 0.000284677749733, 0.000141872107633, -0.000744562072214, 0.000369627930922, -0.000338255456882], [-2.38099946728e-05, -0.000418553478085, 0.00146319775376, -0.00101047195494, 0.000504064082634, -0.000616827455815, -0.000419675372541, 0.000356696633389, -0.00019125896506, 0.0003091407998, 0.000719361298252, 3.87592190236e-05, 0.00023724026687], [-0.00027596578002, 0.000181731724297, -0.00101047195494, 0.00393402623013, -0.00181993911974, 0.000124389625853, -0.000382152327802, -0.00058571388945, -0.000368784560123, 0.000367877684766, -0.000842511537485, 0.00113647303078, -0.000537668180186], [5.52371348022e-05, -0.000782618124504, 0.000504064082634, -0.00181993911974, 0.00548792025074, -0.00182461063378, 0.000533168844413, -0.000418777985033, -0.00160329241771, 1.68600399775e-05, 0.000940770900343, -0.0012557975715, 0.000136925678817], [2.71916524071e-05, 0.00030050429632, -0.000616827455815, 0.000124389625853, -0.00182461063378, 0.00922564696521, -0.00264917151071, -0.000261404144112, -0.000411649409216, -0.000322186620906, -0.000670508597977, -0.000516824773513, -0.000854304409586], [-5.9047852119e-05, -0.000151431624545, -0.000419675372541, -0.000382152327802, 0.000533168844413, -0.00264917151071, 0.00911203399301, -0.00412926450372, 0.00158086034935, -0.00273722712882, 0.000104988866951, -0.00072738295421, 1.05849012471e-05], [-0.000152137043187, -0.000138475734275, 0.000356696633389, -0.00058571388945, -0.000418777985033, -0.000261404144112, -0.00412926450372, 0.0120074087754, -0.0036576858256, 0.000634333177004, -0.00291267316788, 0.00309964828193, -0.00156237487681], [0.000303194043227, 0.000284677749733, -0.00019125896506, -0.000368784560123, -0.00160329241771, -0.000411649409216, 0.00158086034935, -0.0036576858256, 0.0123989004642, -0.00348873832263, 0.00248460308649, -0.00259651080705, 0.000883550033905], [2.95839672617e-05, 0.000141872107633, 0.0003091407998, 0.000367877684766, 1.68600399775e-05, -0.000322186620906, -0.00273722712882, 0.000634333177004, -0.00348873832263, 0.0123924743384, -0.00441685970873, 0.00197299523279, -0.00200421200134], [-0.000111480221676, -0.000744562072214, 0.000719361298252, -0.000842511537485, 0.000940770900343, -0.000670508597977, 0.000104988866951, -0.00291267316788, 0.00248460308649, -0.00441685970873, 0.0120193688199, -0.00608475832269, 0.00393669772893], [0.000149480314576, 0.000369627930922, 3.87592190236e-05, 0.00113647303078, -0.0012557975715, -0.000516824773513, -0.00072738295421, 0.00309964828193, -0.00259651080705, 0.00197299523279, -0.00608475832269, 0.0172517430037, -0.00693617714569], [4.23036217398e-05, -0.000338255456882, 0.00023724026687, -0.000537668180186, 0.000136925678817, -0.000854304409586, 1.05849012471e-05, -0.00156237487681, 0.000883550033905, -0.00200421200134, 0.00393669772893, -0.00693617714569, 0.0145713286474]], "mean": [-664.269958496, 113.244445801, 26.0368518829, 17.8703250885, 9.76915359497, 7.78202199936, -0.199314832687, 5.21426200867, 0.647917985916, 1.57149147987, 4.74537849426, 0.800614416599, -2.13552117348], "cov": [[8210.12304688, -112.409713745, 688.822570801, 882.124023438, 44.2932815552, 87.2149505615, 259.227386475, 227.036361694, -173.851547241, -6.6188454628, 118.262557983, -167.617843628, -78.3663864136], [-112.409713745, 1685.69470215, 530.938964844, 223.588104248, 279.436340332, 79.1994552612, 112.740486145, 92.0858459473, 18.0261669159, 23.7593326569, 87.6563796997, 3.18600749969, 30.8824501038], [688.822570801, 530.938964844, 1175.8248291, 412.040100098, 124.923210144, 111.905776978, 125.928077698, 60.6963386536, 13.0825862885, -19.8676605225, -24.8285121918, -44.7715606689, 0.0587339326739], [882.124023438, 223.588104248, 412.040100098, 534.912536621, 183.085754395, 81.6957397461, 103.081192017, 94.5957107544, 27.8484745026, 12.930478096, 28.7391014099, -29.8431854248, 6.91547632217], [44.2932815552, 279.436340332, 124.923210144, 183.085754395, 316.734680176, 81.4789886475, 45.5673179626, 55.7181167603, 59.349105835, 19.0292396545, 12.7664823532, 19.4651470184, 23.6570968628], [87.2149505615, 79.1994552612, 111.905776978, 81.6957397461, 81.4789886475, 158.149169922, 77.9465408325, 46.4472618103, 24.626909256, 28.8866519928, 24.2313213348, 14.0427522659, 18.8258895874], [259.227386475, 112.740486145, 125.928077698, 103.081192017, 45.5673179626, 77.9465408325, 197.855285645, 89.6693191528, 11.6605520248, 53.7203903198, 44.2082328796, 2.67601060867, 13.2425699234], [227.036361694, 92.0858459473, 60.6963386536, 94.5957107544, 55.7181167603, 46.4472618103, 89.6693191528, 146.28314209, 35.8218193054, 35.4808540344, 42.5710830688, -7.15400934219, 9.60147190094], [-173.851547241, 18.0261669159, 13.0825862885, 27.8484745026, 59.349105835, 24.626909256, 11.6605520248, 35.8218193054, 114.848052979, 31.3524150848, -1.97730910778, 16.2210350037, 12.0604372025], [-6.6188454628, 23.7593326569, -19.8676605225, 12.930478096, 19.0292396545, 28.8866519928, 53.7203903198, 35.4808540344, 31.3524150848, 118.327339172, 50.0952796936, 10.819609642, 12.6418809891], [118.262557983, 87.6563796997, -24.8285121918, 28.7391014099, 12.7664823532, 24.2313213348, 44.2082328796, 42.5710830688, -1.97730910778, 50.0952796936, 140.760406494, 32.0215797424, -6.78651809692], [-167.617843628, 3.18600749969, -44.7715606689, -29.8431854248, 19.4651470184, 14.0427522659, 2.67601060867, -7.15400934219, 16.2210350037, 10.819609642, 32.0215797424, 91.3888092041, 35.4156265259], [-78.3663864136, 30.8824501038, 0.0587339326739, 6.91547632217, 23.6570968628, 18.8258895874, 13.2425699234, 9.60147190094, 12.0604372025, 12.6418809891, -6.78651809692, 35.4156265259, 91.4272766113]]}, "spectral_decrease": {"dmean": 4.24010915268e-09, "dvar2": 1.25748552586e-16, "mean": -1.0344831658e-08, "var": 9.04237912917e-17, "dmean2": 6.44078301804e-09, "dvar": 5.43587033495e-17, "min": -7.04687437292e-08, "median": -8.95722163108e-09, "max": 2.95757619784e-11}, "zerocrossingrate": {"dmean": 0.0136026302353, "dvar2": 0.000367521948647, "mean": 0.0649704262614, "var": 0.00289752194658, "dmean2": 0.0152270430699, "dvar": 0.000347230234183, "min": 0.001953125, "median": 0.046630859375, "max": 0.48828125}, "spectral_contrast_coeffs": {"dmean": [0.0494738072157, 0.0458522848785, 0.0365403518081, 0.0304204747081, 0.0221118386835, 0.0182955842465], "dvar2": [0.00497813895345, 0.00371204782277, 0.00220280583017, 0.00146457087249, 0.000849282077979, 0.000715315341949], "mean": [-0.665880024433, -0.707542181015, -0.752734541893, -0.771457850933, -0.796415805817, -0.793690562248], "var": [0.00860375352204, 0.00766870332882, 0.00511983130127, 0.00369525048882, 0.00266185915098, 0.00155711080879], "dmean2": [0.0812427327037, 0.0737041532993, 0.0571971796453, 0.0471356697381, 0.0340376347303, 0.0286442842335], "dvar": [0.0019478132017, 0.00149746029638, 0.000962902442552, 0.00068086583633, 0.000411372398958, 0.000311759271426], "min": [-0.953280568123, -0.960469484329, -0.965808570385, -0.964046478271, -0.961223244667, -0.958526909351], "median": [-0.682213544846, -0.713516950607, -0.758563160896, -0.775980710983, -0.805492699146, -0.794956564903], "max": [-0.25442135334, -0.375466406345, -0.470112532377, -0.493162810802, -0.561930716038, -0.590745687485]}, "spectral_skewness": {"dmean": 0.193799510598, "dvar2": 0.103632345796, "mean": 1.69663369656, "var": 0.345786750317, "dmean2": 0.28633671999, "dvar": 0.0512202717364, "min": -0.205100670457, "median": 1.60774755478, "max": 6.1980099678}, "spectral_energyband_middle_high": {"dmean": 0.00096597825177, "dvar2": 7.7141176007e-06, "mean": 0.00250486726873, "var": 9.41026883083e-06, "dmean2": 0.00141489971429, "dvar": 3.54472467734e-06, "min": 4.02479133355e-10, "median": 0.00144213833846, "max": 0.0397299453616}, "gfcc": {"icov": [[0.000169270890183, 1.32665472847e-05, -8.13338847365e-05, -0.000211431935895, -5.19536513366e-07, 0.000191238839761, -0.000118269999803, -3.06038127746e-05, 0.000202228751732, 1.05643739516e-05, -8.60803702381e-05, -0.000289718242129, 0.000323318468872], [1.32665472847e-05, 0.000866656890139, -0.000271406257525, -8.96579367691e-05, -0.000242302121478, 4.8707381211e-05, -1.40460051625e-05, 0.000325741188135, -0.000927386747207, 0.0015948433429, -0.00174007180613, 0.00119097903371, -0.000340193539159], [-8.13338847365e-05, -0.000271406257525, 0.00100574421231, -0.000342532846844, -0.000160859766765, 0.00023904327827, -0.000706256949343, 0.000698390766047, 7.4153773312e-05, -0.000168712984305, 0.000392978778109, -0.000321720261127, -0.000483568932395], [-0.000211431935895, -8.96579367691e-05, -0.000342532846844, 0.00254661170766, -0.000664026010782, -0.000279595260508, -1.52818884089e-05, -0.000826281670015, 0.000423796096584, -0.000230392368394, 7.66095909057e-05, -9.92939458229e-05, -0.000677174481098], [-5.19536513366e-07, -0.000242302121478, -0.000160859766765, -0.000664026010782, 0.00416176300496, -0.00126295688096, 0.000355735654011, -0.00115823221859, -0.00166467693634, 0.0010089490097, -0.000531706144102, 0.000707661674824, -0.000205282194656], [0.000191238839761, 4.8707381211e-05, 0.00023904327827, -0.000279595260508, -0.00126295688096, 0.00731806177646, -0.00301296170801, -0.000180296745384, 0.000147465601913, -0.000930240901653, -0.000709549116436, 0.000147969389218, -0.000771360355429], [-0.000118269999803, -1.40460051625e-05, -0.000706256949343, -1.52818884089e-05, 0.000355735654011, -0.00301296170801, 0.00871913693845, -0.00391533272341, 0.000683195888996, 0.000129689156893, -0.00201035989448, 0.000884968379978, 0.00133365520742], [-3.06038127746e-05, 0.000325741188135, 0.000698390766047, -0.000826281670015, -0.00115823221859, -0.000180296745384, -0.00391533272341, 0.0127682741731, -0.00407478259876, 0.00109634629916, -0.000440436037024, 0.000346822722349, 0.000947573571466], [0.000202228751732, -0.000927386747207, 7.4153773312e-05, 0.000423796096584, -0.00166467693634, 0.000147465601913, 0.000683195888996, -0.00407478259876, 0.0138554833829, -0.00701806740835, 0.00207101507112, -0.00125351559836, -0.000960402539931], [1.05643739516e-05, 0.0015948433429, -0.000168712984305, -0.000230392368394, 0.0010089490097, -0.000930240901653, 0.000129689156893, 0.00109634629916, -0.00701806740835, 0.0199511628598, -0.00810852646828, 0.00235329940915, 0.000598214101046], [-8.60803702381e-05, -0.00174007180613, 0.000392978778109, 7.66095909057e-05, -0.000531706144102, -0.000709549116436, -0.00201035989448, -0.000440436037024, 0.00207101507112, -0.00810852646828, 0.0173254627734, -0.00698845135048, 0.00143369962461], [-0.000289718242129, 0.00119097903371, -0.000321720261127, -9.92939458229e-05, 0.000707661674824, 0.000147969389218, 0.000884968379978, 0.000346822722349, -0.00125351559836, 0.00235329940915, -0.00698845135048, 0.0175605621189, -0.00709371268749], [0.000323318468872, -0.000340193539159, -0.000483568932395, -0.000677174481098, -0.000205282194656, -0.000771360355429, 0.00133365520742, 0.000947573571466, -0.000960402539931, 0.000598214101046, 0.00143369962461, -0.00709371268749, 0.0150862028822]], "mean": [-5.80452299118, 71.793800354, -80.2523422241, 25.6907615662, -53.264541626, 18.1595554352, -36.094127655, 10.8513145447, -20.8971996307, 5.57778215408, -16.5698204041, 4.36125183105, -14.2423934937], "cov": [[8596.77734375, 322.016326904, 1240.98608398, 928.684753418, 109.922996521, -113.540977478, 236.583755493, 45.8001213074, -153.94569397, -37.6695556641, 137.79876709, 150.601272583, -74.2039794922], [322.016326904, 2101.5246582, 705.302856445, 277.989807129, 306.182403564, 79.5096054077, 123.448478699, 36.0627059937, 104.62184906, -69.0922012329, 156.259841919, -46.1972045898, 43.4547805786], [1240.98608398, 705.302856445, 1567.61279297, 392.444091797, 163.326828003, 18.3412628174, 135.743209839, -20.0955200195, 0.390776693821, -29.3770275116, 59.5035972595, 44.7786979675, 66.1847686768], [928.684753418, 277.989807129, 392.444091797, 604.76348877, 161.826583862, 55.4438171387, 86.9263305664, 57.7711029053, 11.9250469208, -3.24162268639, 44.5485343933, 24.9788513184, 28.2141456604], [109.922996521, 306.182403564, 163.326828003, 161.826583862, 367.155517578, 92.8289718628, 67.5845870972, 71.8418273926, 68.4768829346, 0.717364668846, 38.5564575195, -10.4396057129, 12.0608987808], [-113.540977478, 79.5096054077, 18.3412628174, 55.4438171387, 92.8289718628, 201.961502075, 93.0620117188, 48.6005821228, 29.0801925659, 20.4108715057, 34.4228668213, -3.07914733887, 3.93557620049], [236.583755493, 123.448478699, 135.743209839, 86.9263305664, 67.5845870972, 93.0620117188, 203.487060547, 73.2125930786, 18.4717216492, 13.5892553329, 44.3918190002, -6.66968774796, -17.6607761383], [45.8001213074, 36.0627059937, -20.0955200195, 57.7711029053, 71.8418273926, 48.6005821228, 73.2125930786, 126.731430054, 44.2630004883, 13.280216217, 18.994436264, -7.16674995422, -12.072804451], [-153.94569397, 104.62184906, 0.390776693821, 11.9250469208, 68.4768829346, 29.0801925659, 18.4717216492, 44.2630004883, 116.897895813, 35.4375686646, 18.0893497467, -0.161249697208, 8.45353412628], [-37.6695556641, -69.0922012329, -29.3770275116, -3.24162268639, 0.717364668846, 20.4108715057, 13.5892553329, 13.280216217, 35.4375686646, 80.5695724487, 32.2367324829, 5.14214372635, -4.4044752121], [137.79876709, 156.259841919, 59.5035972595, 44.5485343933, 38.5564575195, 34.4228668213, 44.3918190002, 18.994436264, 18.0893497467, 32.2367324829, 105.187469482, 29.5889377594, 5.43470621109], [150.601272583, -46.1972045898, 44.7786979675, 24.9788513184, -10.4396057129, -3.07914733887, -6.66968774796, -7.16674995422, -0.161249697208, 5.14214372635, 29.5889377594, 91.2394332886, 38.9032325745], [-74.2039794922, 43.4547805786, 66.1847686768, 28.2141456604, 12.0608987808, 3.93557620049, -17.6607761383, -12.072804451, 8.45353412628, -4.4044752121, 5.43470621109, 38.9032325745, 93.4178390503]]}, "erbbands_spread": {"dmean": 10.2889070511, "dvar2": 299.737915039, "mean": 47.2669219971, "var": 606.896972656, "dmean2": 14.8088226318, "dvar": 150.677886963, "min": 3.04137682915, "median": 43.6971588135, "max": 162.013793945}, "erbbands_kurtosis": {"dmean": 1.1481025219, "dvar2": 9.56436252594, "mean": 1.28804171085, "var": 20.1782550812, "dmean2": 1.71706926823, "dvar": 4.54851293564, "min": -1.74473440647, "median": 0.118259191513, "max": 89.1172409058}, "dynamic_complexity": 3.82550883293, "erbbands_crest": {"dmean": 2.43601751328, "dvar2": 13.1943998337, "mean": 9.25455474854, "var": 21.7386226654, "dmean2": 3.80232834816, "dvar": 5.73422193527, "min": 2.08932852745, "median": 7.98744106293, "max": 30.0907306671}, "erbbands": {"dmean": [0.32708093524, 1.3960801363, 3.19282579422, 4.07775306702, 8.70549201965, 11.1314935684, 12.5293283463, 17.7513523102, 9.73390865326, 12.3797340393, 19.9372024536, 11.2950515747, 8.37497711182, 6.90703248978, 6.58542776108, 7.62474632263, 7.64000034332, 8.93255233765, 6.1551194191, 4.95233488083, 4.66077470779, 5.02946138382, 5.88042831421, 5.70581007004, 4.97052907944, 4.48809862137, 4.23256492615, 4.73400497437, 5.45534086227, 4.71004104614, 2.90583229065, 2.16270256042, 1.56255722046, 0.967145681381, 0.59975707531, 0.362913966179, 0.220289751887, 0.0673143416643, 0.00735503621399, 0.000272111908998], "dvar2": [1.86105453968, 19.229724884, 148.741241455, 242.329711914, 972.094726562, 1806.53283691, 2322.21337891, 7238.12988281, 2199.03833008, 2803.68725586, 8630.0546875, 2134.07299805, 1242.84033203, 700.205810547, 559.671569824, 1085.34228516, 662.377380371, 1293.85168457, 1088.56335449, 250.672134399, 374.459777832, 346.568725586, 451.901641846, 398.022735596, 483.980560303, 339.521759033, 311.639160156, 460.07635498, 597.020996094, 601.160766602, 244.851974487, 92.8089447021, 29.5628833771, 8.34122276306, 3.8873333931, 1.93753111362, 0.992287635803, 0.0830136761069, 0.00102883437648, 1.2862803942e-06], "mean": [0.539424479008, 3.10621500015, 6.41312646866, 7.02062940598, 12.926692009, 16.0120735168, 19.9050178528, 23.6332416534, 17.5223579407, 20.8663635254, 35.9352836609, 24.3603935242, 15.1433992386, 12.337688446, 12.4508285522, 14.0547037125, 13.7917127609, 16.2364902496, 10.0404891968, 9.15530586243, 9.23517608643, 9.276055336, 10.2375020981, 10.2942838669, 8.56438064575, 6.54547834396, 6.24552631378, 7.15300321579, 8.38425445557, 7.55496025085, 4.79433250427, 3.73773384094, 2.64897799492, 1.57194805145, 0.933545470238, 0.507172822952, 0.279643654823, 0.0792339965701, 0.00774932606146, 0.000308227230562], "var": [0.604871809483, 12.4547891617, 71.5211410522, 109.597999573, 481.082183838, 834.880310059, 1605.41650391, 2656.97558594, 1999.92114258, 2598.12207031, 13153.9375, 4377.47802734, 1108.98461914, 717.000915527, 574.268188477, 1899.61755371, 611.817687988, 1556.99768066, 758.996032715, 361.484313965, 550.754638672, 403.90725708, 388.469818115, 410.880249023, 393.921691895, 266.242401123, 288.510284424, 495.463531494, 587.402160645, 652.985595703, 228.179779053, 81.4620437622, 25.3919143677, 8.06632804871, 3.16706967354, 1.52924883366, 0.705293476582, 0.0577530525625, 0.000638410623651, 7.72340285948e-07], "dmean2": [0.552600085735, 2.2236456871, 5.4346575737, 6.93352842331, 14.3992729187, 18.6307640076, 20.5850143433, 30.5479125977, 14.9489297867, 19.1298408508, 29.3152122498, 16.5344486237, 13.1914405823, 10.3853120804, 9.90005683899, 11.3096551895, 11.5709133148, 13.5178632736, 9.55815124512, 7.76842927933, 7.18469953537, 7.79394960403, 9.23163318634, 8.87870407104, 7.69431209564, 7.01922416687, 6.50934934616, 7.01202964783, 8.11644935608, 6.89849472046, 4.23350667953, 3.12077379227, 2.26795578003, 1.36965441704, 0.844496548176, 0.499872684479, 0.302562743425, 0.0945258662105, 0.0104944752529, 0.000389332592022], "dvar": [0.685756921768, 7.54880285263, 55.0617103577, 89.106918335, 377.465454102, 681.5703125, 909.079833984, 2600.17480469, 1024.21228027, 1241.25585938, 4446.08691406, 1111.03381348, 547.952758789, 329.358978271, 263.863098145, 564.891601562, 287.282226562, 618.508972168, 535.221862793, 115.174285889, 173.095214844, 153.336975098, 200.645401001, 177.308654785, 203.95085144, 155.243621826, 143.508377075, 223.015487671, 289.305755615, 295.111114502, 117.02935791, 42.3835754395, 13.5514678955, 4.19772386551, 1.85801792145, 0.990581274033, 0.499415874481, 0.0415444225073, 0.000496094871778, 6.16199827164e-07], "min": [7.78204722884e-11, 4.05404931847e-10, 3.66559477216e-10, 3.87579052186e-10, 1.4965557682e-09, 2.09854498223e-08, 6.10065313822e-08, 6.00485563496e-08, 3.55180702627e-07, 2.20864322387e-07, 9.84268098136e-08, 1.73584240315e-07, 6.7803142656e-07, 4.07063635066e-06, 3.61636944035e-06, 1.19351079775e-06, 1.34879587677e-06, 1.38006646466e-06, 4.10815715668e-07, 7.1445526828e-07, 1.70497162344e-06, 1.73524551883e-06, 3.13400755658e-06, 1.28553449485e-06, 6.45045929559e-07, 7.03777004674e-07, 1.49575748765e-06, 2.45321734837e-06, 1.31004435389e-06, 1.044778287e-06, 5.94690220623e-07, 6.30735598861e-07, 6.01822080171e-07, 4.66747394512e-07, 2.92822960546e-07, 3.41815422189e-07, 1.37800057587e-07, 5.74556153765e-08, 1.85980209011e-09, 6.55316703679e-11], "median": [0.421535372734, 2.62841176987, 4.17431640625, 4.34554672241, 6.00464439392, 6.7432718277, 6.3322353363, 6.98438119888, 4.9778470993, 6.41241312027, 6.75597000122, 6.96774768829, 5.93180084229, 4.84506511688, 5.484603405, 3.97254753113, 5.34223222733, 4.72929668427, 4.15925502777, 3.93366861343, 3.58697891235, 3.57818698883, 3.90155553818, 3.37275791168, 2.32989501953, 1.98206806183, 1.7229218483, 1.81793987751, 2.21323728561, 1.85850191116, 1.2524034977, 1.09663057327, 0.851820707321, 0.5026460886, 0.275726020336, 0.109791517258, 0.0437415838242, 0.00954505242407, 0.000537804269698, 6.1898783315e-05], "max": [8.98771476746, 42.8714904785, 106.712249756, 149.638519287, 313.270629883, 438.995178223, 560.575256348, 928.908752441, 1104.10961914, 1106.61608887, 2139.63085938, 1097.17150879, 1227.30944824, 637.952514648, 650.871154785, 1267.97912598, 404.739105225, 750.617370605, 1757.61071777, 330.693847656, 551.414916992, 569.417480469, 374.775665283, 384.088806152, 729.615478516, 458.872375488, 348.34765625, 460.259033203, 491.787750244, 767.694641113, 508.471801758, 290.388275146, 117.512733459, 29.2810516357, 37.9788017273, 32.7282714844, 22.986038208, 5.41475629807, 0.477051883936, 0.0139038069174]}, "silence_rate_30dB": {"dmean": 0.0638397485018, "dvar2": 0.138915926218, "mean": 0.945338845253, "var": 0.0516756474972, "dmean2": 0.127691447735, "dvar": 0.0597701966763, "min": 0, "median": 1, "max": 1}, "silence_rate_60dB": {"dmean": 0.0140410000458, "dvar2": 0.0304830931127, "mean": 0.131037071347, "var": 0.113851659, "dmean2": 0.028084628284, "dvar": 0.0138449724764, "min": 0, "median": 0, "max": 1}, "spectral_energyband_middle_low": {"dmean": 0.00658472254872, "dvar2": 0.000408079358749, "mean": 0.0136955855414, "var": 0.000249334814725, "dmean2": 0.0104838162661, "dvar": 0.000162072537933, "min": 5.08255382226e-11, "median": 0.00903354212642, "max": 0.148606270552}, "spectral_spread