{"tonal": {"chords_key": "G#", "hpcp_entropy": {"dmean": 0.587735116482, "dmean2": 0.983787298203, "max": 4.53418588638, "dvar": 0.288271069527, "mean": 1.76123833656, "dvar2": 0.74187374115, "min": 0, "var": 0.613544642925, "median": 1.78279602528}, "key_key": "F#", "chords_strength": {"dmean": 0.0098505653441, "dmean2": 0.00798358209431, "max": 0.758529901505, "dvar": 0.000361347716535, "mean": 0.505038976669, "dvar2": 0.000645381805953, "min": -1, "var": 0.0148399230093, "median": 0.514162778854}, "key_scale": "major", "chords_number_rate": 0.00192564062309, "thpcp": [1, 0.451778918505, 0.275748044252, 0.276660203934, 0.374777108431, 0.657614767551, 0.55439978838, 0.299797147512, 0.569488584995, 0.751277208328, 0.448540866375, 0.360824495554, 0.366156190634, 0.248040124774, 0.567949473858, 0.780241847038, 0.389266937971, 0.113091222942, 0.0983219370246, 0.123965293169, 0.432448685169, 0.675219893456, 0.433485805988, 0.361076235771, 0.415974855423, 0.263552069664, 0.275485277176, 0.336645185947, 0.293653190136, 0.512328326702, 0.643625020981, 0.336860448122, 0.159014761448, 0.170480206609, 0.281022667885, 0.859905004501], "key_strength": 0.560638725758, "tuning_nontempered_energy_ratio": 0.972330629826, "tuning_frequency": 434.193115234, "chords_changes_rate": 0.0527329295874, "tuning_diatonic_strength": 0.439808875322, "chords_scale": "major", "chords_histogram": [9.95408058167, 5.55473279953, 8.69500827789, 3.68834257126, 16.5308837891, 8.54688167572, 8.33950519562, 1.19982230663, 3.16990065575, 0.0888757184148, 0.0444378592074, 0, 0.281439781189, 0.296252399683, 0, 0, 0, 0.17775143683, 0.38512814045, 5.19922971725, 3.82165598869, 0.444378614426, 12.3981628418, 11.1835279465], "tuning_equal_tempered_deviation": 0.286548256874, "hpcp": {"dmean": [0.0399487502873, 0.0353521220386, 0.0465264543891, 0.0782150700688, 0.0930745080113, 0.0871526300907, 0.0711146891117, 0.069206237793, 0.0706219449639, 0.073147661984, 0.0761568546295, 0.0860675796866, 0.0929372087121, 0.0923089832067, 0.0807360187173, 0.0503130368888, 0.0506433434784, 0.0789809450507, 0.115913197398, 0.121048718691, 0.101497784257, 0.0685076415539, 0.0485926382244, 0.0834210887551, 0.128667786717, 0.0992662832141, 0.0830116346478, 0.0967958196998, 0.0921352058649, 0.0974093452096, 0.079993121326, 0.0677762553096, 0.0628808066249, 0.0851656869054, 0.0813601464033, 0.0701516121626], "dmean2": [0.0720283016562, 0.0640013739467, 0.0850380435586, 0.132109105587, 0.154273420572, 0.150111421943, 0.124075882137, 0.118652105331, 0.125682353973, 0.127751469612, 0.129866138101, 0.151171207428, 0.15895023942, 0.157027438283, 0.139859005809, 0.0914334952831, 0.0922115445137, 0.139130875468, 0.189239323139, 0.20271256566, 0.175626277924, 0.121602036059, 0.0848063006997, 0.147612854838, 0.226912155747, 0.168557271361, 0.144821494818, 0.164347469807, 0.153306633234, 0.170189142227, 0.140383496881, 0.11800224334, 0.109740108252, 0.140785232186, 0.131404384971, 0.117809817195], "max": [1, 1, 1, 1, 1, 1, 1, 1, 1, 1, 1, 1, 1, 1, 1, 1, 1, 1, 1, 1, 1, 1, 1, 1, 1, 1, 1, 1, 1, 1, 1, 1, 1, 1, 1, 1], "dvar": [0.0137254195288, 0.013225694187, 0.0172466039658, 0.021999547258, 0.029137711972, 0.0238570943475, 0.0242708902806, 0.0246511157602, 0.0240267962217, 0.0239310916513, 0.0266025792807, 0.0299637261778, 0.0301723200828, 0.0341477617621, 0.0254025887698, 0.0184209253639, 0.0184071678668, 0.0238247253001, 0.033650893718, 0.038671374321, 0.0305726546794, 0.0278838835657, 0.0187070146203, 0.0242345053703, 0.0606509521604, 0.0309863369912, 0.0285903774202, 0.0320477820933, 0.0338045507669, 0.0300266277045, 0.027502598241, 0.0259379055351, 0.0176026243716, 0.0251471325755, 0.0277831628919, 0.0187817849219], "mean": [0.0319394469261, 0.0277682747692, 0.0350105240941, 0.122133009136, 0.190696939826, 0.122425921261, 0.101975865662, 0.117480441928, 0.0744328945875, 0.0778030976653, 0.0950760021806, 0.0829341113567, 0.144692778587, 0.181773856282, 0.0951367914677, 0.044909261167, 0.0481473580003, 0.0793669745326, 0.242856070399, 0.282421976328, 0.127592295408, 0.0778773054481, 0.0781349241734, 0.105845287442, 0.185724854469, 0.156574681401, 0.0846693068743, 0.160836085677, 0.212177187204, 0.126677796245, 0.101904764771, 0.103410556912, 0.0700519829988, 0.160401418805, 0.220357447863, 0.109937533736], "dvar2": [0.03758507967, 0.0359898135066, 0.0487130694091, 0.0558035932481, 0.0655396729708, 0.0647548884153, 0.0638948306441, 0.0622342117131, 0.0665532052517, 0.0636503249407, 0.0650352165103, 0.0817579776049, 0.079897120595, 0.0792302191257, 0.0705772042274, 0.0510843545198, 0.0503714159131, 0.0668895915151, 0.0790434032679, 0.088263720274, 0.0830790102482, 0.0750267356634, 0.0476836897433, 0.0576968826354, 0.124085061252, 0.0692780539393, 0.0776399448514, 0.0823803022504, 0.0800879821181, 0.0825200676918, 0.071852684021, 0.0639119371772, 0.0458104237914, 0.0617082938552, 0.0600823946297, 0.0482840389013], "min": [0, 0, 0, 0, 0, 0, 0, 0, 0, 0, 0, 0, 0, 0, 0, 0, 0, 0, 0, 0, 0, 0, 0, 0, 0, 0, 0, 0, 0, 0, 0, 0, 0, 0, 0, 0], "var": [0.0107609145343, 0.0102449487895, 0.0120908282697, 0.0395628139377, 0.0854072868824, 0.033180873841, 0.0475043319166, 0.0642048195004, 0.0274482574314, 0.0290472283959, 0.0418672189116, 0.0308883208781, 0.0633360147476, 0.0946861505508, 0.0309264063835, 0.0167036708444, 0.0198453646153, 0.0226700957865, 0.0993217676878, 0.123962178826, 0.0361943095922, 0.041487749666, 0.0487087480724, 0.0317096933722, 0.0880536064506, 0.059350207448, 0.0286015383899, 0.0709206834435, 0.117051549256, 0.0415307469666, 0.0484691746533, 0.057713970542, 0.0199601035565, 0.0659794583917, 0.11926163733, 0.0337750464678], "median": [0.00398887554184, 0.00215587858111, 0.00435711303726, 0.0316784381866, 0.0470425337553, 0.038360979408, 0.00666143465787, 0.0037456122227, 0.00676152762026, 0.0116771729663, 0.0124871823937, 0.0135736791417, 0.0246157683432, 0.0291735138744, 0.0177704934031, 0.00573986954987, 0.00508139282465, 0.0162231642753, 0.0712006464601, 0.09311478585, 0.044382724911, 0.00305983540602, 0.00209368043579, 0.0225905347615, 0.0496990308166, 0.0414934791625, 0.0171899609268, 0.0140425357968, 0.014961052686, 0.0216092113405, 0.00920990481973, 0.00711232889444, 0.0121633131057, 0.0193866454065, 0.0242754016072, 0.0159973613918]}}, "lowlevel": {"melbands_flatness_db": {"dmean": 0.0301975067705, "dmean2": 0.0432390533388, "max": 0.756171345711, "dvar": 0.0013242646819, "mean": 0.26159003377, "dvar2": 0.00251022726297, "min": 5.25675968674e-05, "var": 0.00853085331619, "median": 0.249070286751}, "melbands_crest": {"dmean": 2.96256446838, "dmean2": 4.72212457657, "max": 37.7418823242, "dvar": 9.89183998108, "mean": 15.4095497131, "dvar2": 23.1265258789, "min": 1.05643975735, "var": 29.6236038208, "median": 14.5551147461}, "spectral_entropy": {"dmean": 0.224451303482, "dmean2": 0.327415049076, "max": 9.82777786255, "dvar": 0.0845327675343, "mean": 7.27548265457, "dvar2": 0.156600907445, "min": 4.51968193054, "var": 0.498991072178, "median": 7.38894367218}, "melbands": {"dmean": [0.00306027662009, 0.00132678472437, 0.000732583517674, 0.000492747116368, 0.000397774943849, 0.000213054721826, 0.000104139384348, 7.74437357904e-05, 5.29543431185e-05, 7.44004646549e-05, 0.000113781832624, 5.89025439695e-05, 4.05733699154e-05, 4.86952812935e-05, 2.27763775911e-05, 1.14897829917e-05, 1.24325069919e-05, 1.22685414681e-05, 1.09290031105e-05, 8.12129746919e-06, 8.83551365405e-06, 4.72171632282e-06, 4.99340740134e-06, 6.04625802225e-06, 2.91323863166e-06, 2.33249352277e-06, 2.65111521003e-06, 2.68214171228e-06, 2.91739684144e-06, 2.64206369138e-06, 2.36194728132e-06, 2.05840592571e-06, 2.40227382164e-06, 2.50614698416e-06, 1.58239595294e-06, 1.55554869252e-06, 1.01336274838e-06, 8.68459210324e-07, 8.19159993171e-07, 7.53263577735e-07], "dmean2": [0.00492796022445, 0.0021576245781, 0.00120783387683, 0.000815709645394, 0.00059935322497, 0.000318168400554, 0.000162075375556, 0.000114146518172, 7.59267422836e-05, 0.000108569671283, 0.000179820912308, 8.95272605703e-05, 6.4291372837e-05, 8.4902960225e-05, 3.99481687055e-05, 1.76508910954e-05, 1.90979189938e-05, 1.98071029445e-05, 1.87343975995e-05, 1.37039096444e-05, 1.53129640239e-05, 7.95312462287e-06, 8.40244865685e-06, 1.06918660094e-05, 4.90796537633e-06, 3.9738729356e-06, 4.32751494372e-06, 4.41351949121e-06, 4.75358501717e-06, 4.21327194999e-06, 3.73391253561e-06, 3.30820967065e-06, 4.06693106925e-06, 4.24318523073e-06, 2.49109280048e-06, 2.45271212407e-06, 1.56870169121e-06, 1.40997406106e-06, 1.32760339966e-06, 1.21253617635e-06], "max": [0.166951611638, 0.0821760669351, 0.032089766115, 0.0157844070345, 0.0370270460844, 0.0314316302538, 0.00790103152394, 0.00471402192488, 0.0110564874485, 0.00833784416318, 0.0166711583734, 0.0120523897931, 0.0060473755002, 0.00323345884681, 0.00150236370973, 0.0015057977289, 0.00339282746427, 0.00259375921451, 0.000706330582034, 0.0010085782269, 0.00179516023491, 0.000276911363471, 0.000373794115148, 0.000349535956047, 0.000181010269444, 0.000256146682659, 0.000283389468677, 0.000234759339946, 0.000266941642622, 0.000487464218168, 0.000259942404227, 0.000304748537019, 0.000194568216102, 0.000247991381912, 0.000275568134384, 0.000230152756558, 0.000241920555709, 0.000129180160002, 9.38073280849e-05, 8.80231091287e-05], "dvar": [0.000146113277879, 2.39484397753e-05, 2.397342314e-06, 6.71508473715e-07, 1.08861968329e-06, 5.16925638294e-07, 6.54056080407e-08, 3.13871453272e-08, 2.25526175512e-08, 5.45597806934e-08, 3.18660312359e-07, 7.28585689558e-08, 2.03656878028e-08, 4.0014615621e-08, 8.89824747219e-09, 1.40754152778e-09, 2.01272642997e-09, 1.38040601172e-09, 1.12823583809e-09, 1.5650932772e-09, 4.02209376915e-09, 1.96506005912e-10, 2.71367178728e-10, 6.01544813961e-10, 8.65554017349e-11, 9.03678729069e-11, 7.30284166472e-11, 6.31348584523e-11, 7.37881492019e-11, 1.09072181842e-10, 6.03114919118e-11, 5.52963438927e-11, 6.35783786729e-11, 6.72115765821e-11, 4.35840391555e-11, 3.262502421e-11, 1.4554885075e-11, 6.69651964089e-12, 5.59394934888e-12, 4.59893798391e-12], "mean": [0.0038160844706, 0.0024658346083, 0.0014154255623, 0.00100530311465, 0.000948257162236, 0.0005909120664, 0.000252186640864, 0.000178507907549, 0.000108398984594, 0.000148225211888, 0.000192292631255, 9.54698116402e-05, 6.62174861645e-05, 5.65301234019e-05, 2.41998950514e-05, 1.92340176e-05, 2.23946408369e-05, 1.92996449186e-05, 1.36721100716e-05, 1.01170253402e-05, 1.00687448139e-05, 6.30847853245e-06, 6.11821587881e-06, 6.21736671746e-06, 3.78787490263e-06, 2.90468756248e-06, 3.49404285771e-06, 3.78587924388e-06, 4.61920262751e-06, 4.18664239987e-06, 3.62505079465e-06, 3.02377952721e-06, 2.78739844362e-06, 2.85276200884e-06, 2.47576326728e-06, 2.33870650845e-06, 1.6628157482e-06, 1.24166206206e-06, 1.18736477361e-06, 1.04854314031e-06], "dvar2": [0.000364893552614, 6.39194186078e-05, 6.31631792203e-06, 1.81377185982e-06, 2.817651648e-06, 1.35886557473e-06, 1.65976331346e-07, 6.79776661627e-08, 4.30306279497e-08, 1.13598211726e-07, 9.63025399869e-07, 1.72147011313e-07, 4.4574793634e-08, 1.12060483559e-07, 2.47879583526e-08, 3.12837444838e-09, 3.92612653499e-09, 3.10582581875e-09, 3.07980729808e-09, 4.45179360042e-09, 1.15990230753e-08, 5.14983056199e-10, 7.22676418707e-10, 1.7054702095e-09, 2.32611152562e-10, 2.48977116701e-10, 1.8472810781e-10, 1.62734645204e-10, 1.86952051062e-10, 2.53385618043e-10, 1.45369508098e-10, 1.34024777387e-10, 1.68586991589e-10, 1.71759079182e-10, 9.98569074651e-11, 7.07270630951e-11, 3.07037520408e-11, 1.63063763881e-11, 1.31834968289e-11, 1.06950516152e-11], "min": [9.17305505784e-25, 7.21118165238e-25, 1.10537684812e-24, 1.36909156962e-24, 1.84912033298e-24, 2.59645954446e-24, 2.18705158149e-24, 2.9080347529e-24, 2.67612641006e-24, 2.7927452954e-24, 3.3223196512e-24, 1.63630814329e-24, 2.9126263178e-24, 3.20776560928e-24, 2.43039466036e-24, 3.51868803533e-24, 3.88382650481e-24, 5.09624852372e-24, 3.16860103192e-24, 4.6456259311e-24, 4.62587798163e-24, 3.99748085087e-24, 3.62654464816e-24, 4.31416472253e-24, 2.98522084817e-24, 2.75023377843e-24, 4.79274139018e-24, 4.05299141504e-24, 5.7261444902e-24, 4.7225169924e-24, 5.53158772515e-24, 3.94705488965e-24, 5.04474458407e-24, 5.51504255095e-24, 6.57511304653e-24, 6.69599809164e-24, 7.21414560002e-24, 6.78954989526e-24, 7.20858570836e-24, 6.57949714101e-24], "var": [0.000193543586647, 2.50128978223e-05, 4.16311695517e-06, 1.50288599343e-06, 3.4136303384e-06, 2.21607388085e-06, 2.46271611104e-07, 1.09784963342e-07, 7.76505260092e-08, 1.837113075e-07, 5.50679658318e-07, 1.26709991832e-07, 4.44543459821e-08, 3.70491015644e-08, 7.1425385606e-09, 3.4795037962e-09, 1.05735677991e-08, 6.14176887126e-09, 1.30190047631e-09, 1.1958191104e-09, 2.5745086063e-09, 2.25563859257e-10, 2.51649839855e-10, 4.00083965957e-10, 8.55535156608e-11, 1.04702337078e-10, 1.16397370908e-10, 8.67565533302e-11, 1.08553069311e-10, 1.45651116168e-10, 1.0511987808e-10, 9.10744604732e-11, 7.21401063886e-11, 8.76132985606e-11, 1.04719691252e-10, 7.080613873e-11, 4.31098629017e-11, 1.5616926155e-11, 1.39718158917e-11, 1.15869700987e-11], "median": [0.000593380769715, 0.00113876874093, 0.000733766995836, 0.000594696495682, 0.000304164888803, 0.000158461392857, 8.28943011584e-05, 5.58947285754e-05, 3.11848416459e-05, 2.34653252846e-05, 1.85482094821e-05, 1.4278002709e-05, 1.30929001898e-05, 7.50435992813e-06, 4.94520918437e-06, 3.89377555621e-06, 4.05321679864e-06, 3.13248597195e-06, 2.9939601518e-06, 2.3381878691e-06, 2.00422095986e-06, 1.62503488355e-06, 1.47781031501e-06, 1.43304373523e-06, 1.06665800104e-06, 5.90539627865e-07, 7.29540658995e-07, 9.65592789726e-07, 1.33275477765e-06, 1.25753456359e-06, 9.24670985114e-07, 5.99317900196e-07, 4.73161577474e-07, 4.32088882008e-07, 4.13393991039e-07, 4.40112728484e-07, 3.86402405184e-07, 2.73448989674e-07, 2.50461653195e-07, 1.68972874803e-07]}, "silence_rate_60dB": {"dmean": 0.0099266609177, "dmean2": 0.0198547933251, "max": 1, "dvar": 0.00982839427888, "mean": 0.0776296332479, "dvar2": 0.0215372145176, "min": 0, "var": 0.0715984031558, "median": 0}, "spectral_energyband_middle_high": {"dmean": 0.00155848043505, "dmean2": 0.0025369473733, "max": 0.0950817465782, "dvar": 2.12001959881e-05, "mean": 0.00285288202576, "dvar2": 5.81020285608e-05, "min": 1.16181727657e-21, "var": 3.48780231434e-05, "median": 0.000903671141714}, "erbbands_skewness": {"dmean": 0.41567543149, "dmean2": 0.626312792301, "max": 7.98899745941, "dvar": 0.214958697557, "mean": 0.955106675625, "dvar2": 0.470208227634, "min": -4.18098068237, "var": 1.14734768867, "median": 0.910102844238}, "dynamic_complexity": 4.56915903091, "dissonance": {"dmean": 0.0224002748728, "dmean2": 0.036638956517, "max": 0.499999910593, "dvar": 0.000507765216753, "mean": 0.444613873959, "dvar2": 0.00129369844217, "min": 0.093559063971, "var": 0.00151904299855, "median": 0.451937019825}, "spectral_skewness": {"dmean": 0.28011482954, "dmean2": 0.421863138676, "max": 10.6193475723, "dvar": 0.181897878647, "mean": 1.84901452065, "dvar2": 0.378516465425, "min": -0.24934501946, "var": 0.965274035931, "median": 1.63659143448}, "spectral_kurtosis": {"dmean": 2.25572896004, "dmean2": 3.5513048172, "max": 148.372634888, "dvar": 27.7937602997, "mean": 6.23299026489, "dvar2": 64.9383392334, "min": -1.5185687542, "var": 103.294311523, "median": 3.54961109161}, "gfcc": {"cov": [[20312.1484375, -816.678894043, -1245.12585449, 305.408599854, -961.728637695, 634.459716797, -321.354278564, 252.461685181, -304.300811768, 87.5561676025, -407.149078369, 119.588096619, -121.52771759], [-816.678894043, 1901.7421875, -71.5468292236, -135.240661621, 226.979263306, -230.486038208, 133.617233276, -148.163650513, 88.5155181885, -65.0969009399, 182.673568726, -74.0314865112, 117.322402954], [-1245.12585449, -71.5468292236, 716.201965332, 67.1893234253, 91.4758377075, 30.4736919403, -41.5444259644, 27.1226100922, 29.8771381378, 16.4327793121, 34.9333534241, 36.0143165588, 18.7865600586], [305.408599854, -135.240661621, 67.1893234253, 421.537750244, 104.060523987, 11.7279567719, -6.88008260727, 51.5600166321, 39.5312156677, 6.48149681091, 18.2735061646, 12.2735853195, -4.56109189987], [-961.728637695, 226.979263306, 91.4758377075, 104.060523987, 407.225311279, 4.62150430679, 48.1107292175, 26.4053936005, 71.1431503296, -12.0477209091, 58.8680915833, -12.7670211792, 8.40455722809], [634.459716797, -230.486038208, 30.4736919403, 11.7279567719, 4.62150430679, 273.074829102, 64.2407226562, 48.3730697632, -2.45980572701, 19.0639667511, -13.9237089157, 6.72015285492, -20.4199619293], [-321.354278564, 133.617233276, -41.5444259644, -6.88008260727, 48.1107292175, 64.2407226562, 210.790847778, 29.1516456604, 22.6987857819, 3.63333821297, 33.0660476685, -9.39808082581, 9.48123836517], [252.461685181, -148.163650513, 27.1226100922, 51.5600166321, 26.4053936005, 48.3730697632, 29.1516456604, 148.966201782, 44.602596283, 15.2243814468, -30.1530475616, 9.37324428558, -9.32599830627], [-304.300811768, 88.5155181885, 29.8771381378, 39.5312156677, 71.1431503296, -2.45980572701, 22.6987857819, 44.602596283, 133.156570435, 15.8447084427, 15.8270540237, -7.14800262451, 13.0704059601], [87.5561676025, -65.0969009399, 16.4327793121, 6.48149681091, -12.0477209091, 19.0639667511, 3.63333821297, 15.2243814468, 15.8447084427, 85.4246520996, 19.0175113678, 8.00502109528, 1.15832340717], [-407.149078369, 182.673568726, 34.9333534241, 18.2735061646, 58.8680915833, -13.9237089157, 33.0660476685, -30.1530475616, 15.8270540237, 19.0175113678, 124.591148376, 26.326631546, 23.7980003357], [119.588096619, -74.0314865112, 36.0143165588, 12.2735853195, -12.7670211792, 6.72015285492, -9.39808082581, 9.37324428558, -7.14800262451, 8.00502109528, 26.326631546, 87.0121841431, 27.6413230896], [-121.52771759, 117.322402954, 18.7865600586, -4.56109189987, 8.40455722809, -20.4199619293, 9.48123836517, -9.32599830627, 13.0704059601, 1.15832340717, 23.7980003357, 27.6413230896, 90.7995834351]], "mean": [-41.840045929, 95.0153808594, -74.2253112793, 31.2104949951, -56.8894271851, 12.0120286942, -34.83568573, 1.85530328751, -24.6967887878, 1.75137388706, -18.7068157196, 1.15143704414, -7.24403429031], "icov": [[9.21911996556e-05, -0.000105787090433, 0.000169441947946, -0.000154705834575, 0.000188267746125, -0.000309020077111, 0.000247832213063, -0.000192840219825, 0.000174843924469, -0.000139551659231, 0.000229900848353, -0.000231003665249, 7.13206536602e-05], [-0.000105787090433, 0.00113061186858, -0.000131622815388, 0.000520835863426, -0.00053085735999, 0.000996019341983, -0.000775652762968, 0.000736053916626, -0.000683429243509, 0.000889469054528, -0.0014367045369, 0.00141205161344, -0.00108560896479], [0.000169441947946, -0.000131622815388, 0.00186147121713, -0.000350759335561, 1.42116723509e-05, -0.000796381093096, 0.000971732719336, -0.000546620518435, 0.000167975784279, -0.000329366477672, 4.21012146035e-06, -0.000752400606871, -0.000135966023663], [-0.000154705834575, 0.000520835863426, -0.000350759335561, 0.00306658959016, -0.000996448448859, 0.000705032085534, -0.000195868706214, -0.000343195279129, -0.000718964613043, 0.000510498648509, -0.00115899951197, 0.000479886570247, -0.000162768614246], [0.000188267746125, -0.00053085735999, 1.42116723509e-05, -0.000996448448859, 0.00372498598881, -0.000871266063768, 0.00030492109363, -0.000929609290324, -0.000694304762874, 0.00062502437504, -0.000752362713683, 0.000136753558763, 0.000464387965621], [-0.000309020077111, 0.000996019341983, -0.000796381093096, 0.000705032085534, -0.000871266063768, 0.00586257781833, -0.00267022917978, 0.00010073640442, -0.000295073841698, -2.18022469198e-05, -0.000704461999703, 0.000754379027057, 0.000185624259757], [0.000247832213063, -0.000775652762968, 0.000971732719336, -0.000195868706214, 0.00030492109363, -0.00267022917978, 0.00703647872433, -0.00229838048108, 0.000497785804328, -0.000121180084534, -0.00122881971765, 0.000419135292759, -0.000352146831574], [-0.000192840219825, 0.000736053916626, -0.000546620518435, -0.000343195279129, -0.000929609290324, 0.00010073640442, -0.00229838048108, 0.0105154234916, -0.00373395625502, -0.000854361103848, 0.0029421558138, -0.00166835973505, 0.000600589031819], [0.000174843924469, -0.000683429243509, 0.000167975784279, -0.000718964613043, -0.000694304762874, -0.000295073841698, 0.000497785804328, -0.00373395625502, 0.0105024455115, -0.00206773751415, -0.000126818718854, 0.00104769517202, -0.00116250908468], [-0.000139551659231, 0.000889469054528, -0.000329366477672, 0.000510498648509, 0.00062502437504, -2.18022469198e-05, -0.000121180084534, -0.000854361103848, -0.00206773751415, 0.0140277761966, -0.00424420414492, 0.00116939959116, -0.000505043601152], [0.000229900848353, -0.0014367045369, 4.21012146035e-06, -0.00115899951197, -0.000752362713683, -0.000704461999703, -0.00122881971765, 0.0029421558138, -0.000126818718854, -0.00424420414492, 0.0141778755933, -0.00599107332528, 0.000626972585451], [-0.000231003665249, 0.00141205161344, -0.000752400606871, 0.000479886570247, 0.000136753558763, 0.000754379027057, 0.000419135292759, -0.00166835973505, 0.00104769517202, 0.00116939959116, -0.00599107332528, 0.0170777328312, -0.00580637808889], [7.13206536602e-05, -0.00108560896479, -0.000135966023663, -0.000162768614246, 0.000464387965621, 0.000185624259757, -0.000352146831574, 0.000600589031819, -0.00116250908468, -0.000505043601152, 0.000626972585451, -0.00580637808889, 0.0144056575373]]}, "spectral_complexity": {"dmean": 2.65530776978, "dmean2": 4.19617700577, "max": 55, "dvar": 20.1929302216, "mean": 11.771481514, "dvar2": 46.0465812683, "min": 0, "var": 60.2669715881, "median": 10}, "spectral_flux": {"dmean": 0.0285720154643, "dmean2": 0.0478233955801, "max": 0.5741340518, "dvar": 0.00253207492642, "mean": 0.07214743644, "dvar2": 0.00659370888025, "min": 6.48968240258e-11, "var": 0.00511690415442, "median": 0.0528722181916}, "spectral_energyband_low": {"dmean": 0.0112922927365, "dmean2": 0.0182792060077, "max": 0.525512158871, "dvar": 0.00150669214781, "mean": 0.0188800282776, "dvar2": 0.00364209129475, "min": 1.24547308203e-23, "var": 0.00242485734634, "median": 0.0060887048021}, "spectral_decrease": {"dmean": 3.83587694941e-09, "dmean2": 6.11191719457e-09, "max": 6.58346233563e-17, "dvar": 1.07171101732e-16, "mean": -9.05927954875e-09, "dvar2": 2.50969033068e-16, "min": -1.46451682781e-07, "var": 2.09624851987e-16, "median": -5.08748509986e-09}, "barkbands_spread": {"dmean": 5.76513195038, "dmean2": 9.0196685791, "max": 154.322265625, "dvar": 91.5975646973, "mean": 16.6060390472, "dvar2": 198.480453491, "min": 0.213957607746, "var": 315.751678467, "median": 11.299118042}, "spectral_rms": {"dmean": 0.000908514426555, "dmean2": 0.0013876267476, "max": 0.0232972856611, "dvar": 2.65082485384e-06, "mean": 0.00498494738713, "dvar2": 5.5460313888e-06, "min": 3.11018593692e-12, "var": 9.92278000922e-06, "median": 0.0044558942318}, "spectral_centroid": {"dmean": 218.351119995, "dmean2": 337.841339111, "max": 11894.1220703, "dvar": 128010.46875, "mean": 885.866210938, "dvar2": 259458.296875, "min": 100.663536072, "var": 730910.8125, "median": 676.944519043}, "barkbands_skewness": {"dmean": 0.68224388361, "dmean2": 1.06209754944, "max": 14.4862661362, "dvar": 0.634516775608, "mean": 2.55033421516, "dvar2": 1.48564887047, "min": -2.62960529327, "var": 2.21758961678, "median": 2.43613481522}, "spectral_rolloff": {"dmean": 409.987213135, "dmean2": 708.318725586, "max": 21188.671875, "dvar": 1347688.625, "mean": 1042.58081055, "dvar2": 3149737.75, "min": 43.06640625, "var": 4984691, "median": 430.6640625}, "erbbands_spread": {"dmean": 10.5116434097, "dmean2": 16.3120803833, "max": 189.304000854, "dvar": 190.033294678, "mean": 43.8951187134, "dvar2": 453.831787109, "min": 2.3920917511, "var": 606.596679688, "median": 40.0413131714}, "barkbands": {"dmean": [0.00173326232471, 0.00865683797747, 0.00234840880148, 0.00163780350704, 0.002229496371, 0.00133119686507, 0.000483046140289, 0.000332018360496, 0.000549381249584, 0.000567233539186, 0.000349320762325, 0.000404699676437, 0.000104434038803, 0.000135420355946, 0.000146653517731, 0.000136199756525, 8.08427867014e-05, 0.000111697190732, 5.84740846534e-05, 8.43983943923e-05, 0.000103324695374, 0.000111203429697, 0.000107111831312, 7.20160314813e-05, 7.31967083993e-05, 3.81736390409e-05, 1.10513410618e-05], "dmean2": [0.00215302663855, 0.0142154339701, 0.00397547613829, 0.00270271254703, 0.00362736871466, 0.0019744571764, 0.000760631635785, 0.000478579488117, 0.000806930474937, 0.000911319861189, 0.000536065839697, 0.000715109752491, 0.000164551529451, 0.000209791891393, 0.000248033436947, 0.000234685488977, 0.000136201022542, 0.000194234729861, 9.8328164313e-05, 0.000136846036185, 0.000164370576385, 0.000181682626135, 0.000171626525116, 0.000112552283099, 0.000116491733934, 6.07889232924e-05, 1.88939411601e-05], "max": [0.12787181139, 0.42433989048, 0.126175701618, 0.0953269451857, 0.0663309767842, 0.187017351389, 0.0283129289746, 0.0449834503233, 0.0535630695522, 0.0887887403369, 0.045395039022, 0.0246946755797, 0.0108337439597, 0.0273746661842, 0.0255908928812, 0.0254058912396, 0.0042865248397, 0.00660351850092, 0.00552653288469, 0.00607505952939, 0.00964284315705, 0.0117772808298, 0.0123006161302, 0.0106526985765, 0.00952137354761, 0.00571189261973, 0.000717857445125], "dvar": [5.48078496649e-05, 0.00101246742997, 7.1948459663e-05, 1.34987685669e-05, 1.31555143525e-05, 2.25342246267e-05, 1.56023656928e-06, 6.83341340846e-07, 3.14593421535e-06, 9.88566898741e-06, 1.61417096933e-06, 2.89347394755e-06, 1.09430125406e-07, 1.80976144293e-07, 2.25888598493e-07, 8.66737877914e-07, 5.89084514502e-08, 1.80795936444e-07, 4.6171038548e-08, 6.12106205722e-08, 9.92981838976e-08, 1.29456253717e-07, 1.27037381503e-07, 4.59841054123e-08, 3.99728605771e-08, 1.37356916952e-08, 1.21205101511e-09], "mean": [0.00209531700239, 0.0117640960962, 0.00380774470977, 0.00282893306576, 0.00478116003796, 0.00362028251402, 0.00107129942626, 0.000702068326063, 0.00108279415872, 0.000896965619177, 0.000576275924686, 0.0004426559899, 0.000166539626662, 0.000237437154283, 0.000197154542548, 0.000161621021107, 0.000107115069113, 0.000123516176245, 7.8673758253e-05, 0.000124114754726, 0.00017648866924, 0.000151193948113, 0.000157936156029, 0.000120003242046, 0.000106421954115, 5.35211038368e-05, 1.025936308e-05], "dvar2": [9.14349657251e-05, 0.00263988948427, 0.000203686635359, 3.63563412975e-05, 3.39977195836e-05, 6.27354311291e-05, 3.91331013816e-06, 1.35445327487e-06, 6.85528220856e-06, 2.87374859909e-05, 3.2384430142e-06, 8.27734038467e-06, 2.40613417191e-07, 3.73075039306e-07, 5.80355958846e-07, 2.5026381536e-06, 1.56468658474e-07, 5.05606863044e-07, 1.23803886254e-07, 1.54822799914e-07, 2.33733743471e-07, 3.19423122619e-07, 2.80052802282e-07, 9.79331034046e-08, 8.80183179675e-08, 3.00388904861e-08, 3.18697135349e-09], "min": [8.55289600151e-25, 2.51135269405e-24, 5.62053780728e-25, 1.05352807766e-24, 8.3844633514e-24, 1.16268702096e-23, 8.40038571992e-24, 1.32882641297e-23, 1.80979175144e-23, 1.63701401603e-23, 1.33648783008e-23, 2.47553639736e-23, 3.02750268829e-23, 5.43177496919e-23, 4.58944349409e-23, 4.70251155873e-23, 6.12371326815e-23, 1.07391573021e-22, 1.09080379069e-22, 1.46907319703e-22, 2.20448757686e-22, 2.18641218606e-22, 4.27449670992e-22, 5.76819637736e-22, 8.72170069419e-22, 1.23139071896e-21, 1.95853851807e-21], "var": [9.62344711297e-05, 0.0013409727253, 6.09975868429e-05, 2.40805729845e-05, 3.36909943144e-05, 8.34966340335e-05, 4.55068402516e-06, 2.4883986498e-06, 9.90657645161e-06, 1.67457037605e-05, 3.68202086065e-06, 2.25766689255e-06, 2.35206442767e-07, 8.13808583189e-07, 5.99640884502e-07, 5.65896300486e-07, 6.1247462213e-08, 1.30504858475e-07, 5.54524426377e-08, 9.2887773917e-08, 1.69601776179e-07, 1.92810034605e-07, 3.05703508729e-07, 1.52212038529e-07, 1.24256189338e-07, 3.19053405917e-08, 1.04616126873e-09], "median": [4.26239421358e-05, 0.00262485654093, 0.00163297029212, 0.00108069460839, 0.00275025097653, 0.000925154192373, 0.000332058349159, 0.000149925690494, 0.000172462765477, 8.82551685208e-05, 0.000102391626569, 6.5944128437e-05, 3.95032475353e-05, 4.31942316936e-05, 3.77753385692e-05, 3.35990989697e-05, 2.79859214061e-05, 3.00004758174e-05, 1.96102027985e-05, 3.34719152306e-05, 5.47234158148e-05, 3.04502646031e-05, 2.74717676803e-05, 2.96293419524e-05, 1.96541241166e-05, 1.24458329083e-05, 1.43227953231e-06]}, "melbands_kurtosis": {"dmean": 13.3413829803, "dmean2": 21.2171783447, "max": 1109.45239258, "dvar": 687.692443848, "mean": 29.2556667328, "dvar2": 1627.60083008, "min": -1.84203493595, "var": 1354.23779297, "median": 19.6463317871}, "erbbands_crest": {"dmean": 2.38222265244, "dmean2": 3.83462810516, "max": 29.2806930542, "dvar": 6.0009021759, "mean": 9.82344341278, "dvar2": 15.1871013641, "min": 2.33496594429, "var": 19.0203266144, "median": 8.88440608978}, "melbands_skewness": {"dmean": 0.910598397255, "dmean2": 1.4237165451, "max": 24.681016922, "dvar": 1.20278024673, "mean": 3.64172053337, "dvar2": 2.88196253777, "min": -1.00354254246, "var": 4.15272712708, "median": 3.34275150299}, "spectral_energyband_middle_low": {"dmean": 0.00470869988203, "dmean2": 0.00732188438997, "max": 0.208306774497, "dvar": 6.76646959619e-05, "mean": 0.0144884493202, "dvar2": 0.000176806235686, "min": 1.5704670669e-22, "var": 0.000275796512142, "median": 0.00957627780735}, "spectral_contrast_coeffs": {"dmean": [0.0443976968527, 0.0408287756145, 0.0368414483964, 0.0289580654353, 0.0210339594632, 0.0186082329601], "dmean2": [0.0728511586785, 0.0649668797851, 0.0581790618598, 0.047040887177, 0.0337187238038, 0.0290475524962], "max": [-0.32074841857, -0.368599951267, -0.421140670776, -0.529083251953, -0.570864677429, -0.59578371048], "dvar": [0.00141093996353, 0.00127317081206, 0.00107518874574, 0.000629688089248, 0.000354623101884, 0.000330995826516], "mean": [-0.633213102818, -0.689026117325, -0.747858583927, -0.780528128147, -0.805296778679, -0.782284736633], "dvar2": [0.00376498419791, 0.00319400965236, 0.00269337347709, 0.00158119527623, 0.000842997455038, 0.000750944833271], "min": [-0.977536737919, -0.981620252132, -0.975673437119, -0.968900501728, -0.966223359108, -0.96486979723], "var": [0.00796361267567, 0.00779491011053, 0.00600800989196, 0.00304402736947, 0.00194832775742, 0.00201471336186], "median": [-0.632350921631, -0.693730056286, -0.756180644035, -0.784079253674, -0.80845695734, -0.784326076508]}, "spectral_contrast_valleys": {"dmean": [0.340055465698, 0.313989251852, 0.33207526803, 0.330048382282, 0.31130322814, 0.355974406004], "dmean2": [0.54877948761, 0.506473004818, 0.519634544849, 0.498223483562, 0.440248936415, 0.48429107666], "max": [-4.61743688583, -4.87778759003, -4.55572652817, -5.7668056488, -5.42500400543, -7.40947437286], "dvar": [0.128994658589, 0.101588867605, 0.141500875354, 0.17381079495, 0.196697026491, 0.272919207811], "mean": [-7.18193054199, -7.29608297348, -8.1410484314, -8.68596458435, -8.50146961212, -10.4530744553], "dvar2": [0.283854693174, 0.231270462275, 0.29223293066, 0.338684141636, 0.363381594419, 0.473064273596], "min": [-28.4191169739, -28.0252475739, -27.6128406525, -27.613073349, -27.6265888214, -27.4412212372], "var": [2.78748440742, 2.60058879852, 2.77547025681, 2.7266292572, 2.83115506172, 3.05274796486], "median": [-6.937707901, -7.04692268372, -7.89061164856, -8.44883823395, -8.21815299988, -10.0463895798]}, "silence_rate_20dB": {"dmean": 0.00859322957695, "dmean2": 0.0171877313405, "max": 1, "dvar": 0.00851999782026, "mean": 0.994814813137, "dvar2": 0.023708069697, "min": 0, "var": 0.0051585235633, "median": 1}, "silence_rate_30dB": {"dmean": 0.0280020739883, "dmean2": 0.05600829795, "max": 1, "dvar": 0.0272193625569, "mean": 0.935185194016, "dvar2": 0.0555336326361, "min": 0, "var": 0.0606204159558, "median": 1}, "spectral_strongpeak": {"dmean": 0.327766656876, "dmean2": 0.556600153446, "max": 21.958234787, "dvar": 0.47171279788, "mean": 0.700662016869, "dvar2": 1.2251046896, "min": 0, "var": 0.88696706295, "median": 0.401083320379}, "spectral_spread": {"dmean": 752369.75, "dmean2": 1127531.75, "max": 43061840, "dvar": 1288690204670.0, "mean": 5720115, "dvar2": 2729967878140.0, "min": 812127.5, "var": 8058478002180.0, "median": 5452462}, "barkbands_flatness_db": {"dmean": 0.0253774337471, "dmean2": 0.0365202538669, "max": 0.611261487007, "dvar": 0.000878730730619, "mean": 0.170064821839, "dvar2": 0.00160745810717, "min": 0.0212832521647, "var": 0.00540131516755, "median": 0.155921280384}, "pitch_salience": {"dmean": 0.0655097067356, "dmean2": 0.105838656425, "max": 0.985809385777, "dvar": 0.00431768922135, "mean": 0.535041034222, "dvar2": 0.0106725767255, "min": 0.0537161231041, "var": 0.0132428621873, "median": 0.542790412903}, "erbbands_kurtosis": {"dmean": 1.56155097485, "dmean2": 2.4014248848, "max": 106.613258362, "dvar": 8.13188457489, "mean": 2.24062943459, "dvar2": 17.5414638519, "min": -1.89410555363, "var": 28.9484195709, "median": 0.61855340004}, "average_loudness": 0.654160857201, "barkbands_crest": {"dmean": 2.30354380608, "dmean2": 3.75939774513, "max": 24.9079093933, "dvar": 4.94283437729, "mean": 11.0666599274, "dvar2": 13.4149770737, "min": 3.0283434391, "var": 14.8789949417, "median": 10.3645143509}, "hfc": {"dmean": 6.48711919785, "dmean2": 10.2013397217, "max": 222.059417725, "dvar": 226.427185059, "mean": 15.9876146317, "dvar2": 571.122924805, "min": 1.08713118595e-16, "var": 462.480804443, "median": 8.60148620605}, "barkbands_kurtosis": {"dmean": 6.10121822357, "dmean2": 9.59911060333, "max": 336.774414062, "dvar": 126.759048462, "mean": 12.621553421, "dvar2": 295.403564453, "min": -1.96115207672, "var": 262.476928711, "median": 8.23844909668}, "erbbands": {"dmean": [0.455364435911, 1.23463606834, 2.63084554672, 3.79511761665, 6.44996547699, 7.90150785446, 12.0205631256, 9.11647129059, 6.89574098587, 6.93939113617, 6.58249902725, 9.89902114868, 22.3815135956, 14.0765924454, 12.3836927414, 14.6377182007, 5.30043792725, 6.42376708984, 7.44500350952, 5.95538520813, 7.68470525742, 4.76612949371, 6.15527582169, 3.87970280647, 3.15133237839, 3.79695367813, 4.28845357895, 4.02608680725, 3.55347824097, 4.49068546295, 2.78597164154, 1.77662789822, 1.1925996542, 0.880609452724, 0.507995069027, 0.209961786866, 0.0623024366796, 0.0125107243657, 0.00194496347103, 0.00011548276234], "dmean2": [0.728074610233, 2.07328772545, 4.42742347717, 6.25136947632, 10.637093544, 13.0204792023, 17.9037342072, 13.5772457123, 10.7772197723, 10.349776268, 9.42258262634, 14.4540300369, 35.2715110779, 21.1979064941, 20.0727367401, 26.124912262, 8.58907699585, 9.84407806396, 12.1558494568, 10.0726337433, 13.3219680786, 7.99641275406, 10.6245365143, 6.58141851425, 5.17704725266, 6.17725610733, 6.85400104523, 6.33685493469, 5.7412519455, 7.61043071747, 4.36232042313, 2.70851612091, 1.91713583469, 1.40903711319, 0.816515088081, 0.335928916931, 0.099173553288, 0.0206051375717, 0.00334662385285, 0.000197021465283], "max": [26.0613498688, 61.917339325, 147.339019775, 165.212478638, 224.4271698, 287.163543701, 1389.65466309, 1601.23718262, 613.989990234, 474.04095459, 1298.94494629, 1215.42663574, 3347.38696289, 2984.08691406, 2236.87866211, 910.932373047, 561.903015137, 1475.34228516, 1620.11779785, 381.012054443, 1582.45678711, 243.534591675, 362.079528809, 206.323165894, 324.97354126, 286.971130371, 358.917419434, 400.475738525, 470.066650391, 360.789825439, 374.009613037, 331.417449951, 143.966949463, 109.047897339, 74.0734481812, 29.6454429626, 13.7520294189, 2.15132856369, 0.100500278175, 0.0083543388173], "dvar": [3.62167358398, 17.8843288422, 94.7241668701, 77.9873046875, 138.378921509, 225.292800903, 1353.83007812, 951.536621094, 287.091186523, 278.752044678, 315.634246826, 964.885375977, 12303.4287109, 4045.56030273, 1942.10253906, 4199.1484375, 282.997253418, 439.349029541, 523.677001953, 309.408355713, 3131.12744141, 219.891326904, 529.395935059, 175.266952515, 138.202011108, 126.829162598, 158.178649902, 164.875076294, 142.870880127, 218.381774902, 112.598251343, 39.5505409241, 11.4125900269, 6.01154708862, 2.01510047913, 0.418182790279, 0.040874093771, 0.00151413748972, 3.7783789594e-05, 1.26678344259e-07], "mean": [0.503557860851, 1.96842956543, 4.55105733871, 7.0385556221, 12.3921890259, 16.1281871796, 28.952419281, 24.8288631439, 16.8355064392, 16.3522148132, 14.1836547852, 20.5222740173, 38.3362426758, 23.9833602905, 19.6065139771, 15.5421876907, 8.35006046295, 11.9041900635, 11.8093395233, 8.1659784317, 9.06753635406, 6.42498445511, 7.00867605209, 5.00398540497, 4.31415987015, 5.6390504837, 7.20443916321, 6.52490234375, 5.25129413605, 5.21347045898, 4.3681807518, 3.03117465973, 1.81097447872, 1.28828907013, 0.686938822269, 0.298039019108, 0.0855505764484, 0.0146998241544, 0.00179230992217, 0.000129791849758], "dvar2": [9.04011154175, 48.0751991272, 264.512695312, 204.988754272, 376.529968262, 584.572387695, 3597.30932617, 2380.39819336, 749.184814453, 622.50994873, 587.283508301, 2050.24414062, 37254.8085938, 9158.62207031, 4570.23193359, 12181.5917969, 685.452514648, 876.633544922, 1208.61865234, 835.482299805, 9051.10058594, 585.625671387, 1466.70678711, 479.092529297, 368.496032715, 324.896026611, 376.447509766, 393.027374268, 344.183868408, 567.395324707, 255.439865112, 79.6891021729, 26.9965000153, 13.6170892715, 4.52499198914, 0.966336786747, 0.0822789147496, 0.00362073583528, 0.000100434379419, 3.38089080287e-07], "min": [1.27233848168e-22, 6.25985437831e-22, 1.05482380694e-21, 5.91841912168e-21, 1.93409254408e-20, 2.11963448691e-20, 4.72686609553e-20, 1.0419861052e-19, 1.75787473621e-19, 2.90696444561e-19, 3.55931319787e-19, 4.73346919402e-19, 6.70967812366e-19, 5.54041024795e-19, 1.11248999168e-18, 8.51085718666e-19, 1.71348168464e-18, 2.71394360743e-18, 3.25866499506e-18, 4.27412866544e-18, 5.08453074644e-18, 4.16486513755e-18, 5.64947153017e-18, 5.22879311322e-18, 5.8563522965e-18, 7.39417494024e-18, 9.44255289678e-18, 1.07472342713e-17, 7.68340608604e-18, 1.08966222627e-17, 1.28438269314e-17, 1.23673055513e-17, 9.91416330559e-18, 8.51884444265e-18, 5.77049922072e-18, 4.36192189334e-18, 2.26473614475e-18, 9.87501450156e-19, 2.53595093492e-19, 2.66442000043e-20], "var": [4.45366668701, 22.418170929, 83.449798584, 126.51574707, 295.423400879, 504.467407227, 4099.24755859, 4091.98876953, 1167.37280273, 921.464294434, 1150.47912598, 3181.79614258, 21155.3515625, 7339.93798828, 4036.25561523, 2867.39697266, 489.113342285, 2142.48657227, 2234.9831543, 346.436096191, 1986.27294922, 228.914245605, 402.699584961, 156.49369812, 196.78427124, 186.222335815, 265.26965332, 281.008117676, 237.385818481, 267.25012207, 273.438140869, 117.281784058, 30.2889232635, 16.7250938416, 5.84349060059, 0.951135337353, 0.109537094831, 0.00261360756122, 3.06540350721e-05, 1.05666657646e-07], "median": [0.0458492338657, 0.665853381157, 2.07676935196, 3.24923610687, 6.66308498383, 8.14727687836, 7.94015312195, 6.52093791962, 5.55925798416, 5.84446573257, 4.47182655334, 4.02080631256, 4.00005912781, 4.04843902588, 3.78045034409, 2.69870328903, 2.16805791855, 2.53201818466, 2.35844326019, 2.25352954865, 2.02459764481, 1.73985743523, 1.8019618988, 1.45388686657, 0.993758440018, 1.56227529049, 2.22454094887, 1.85888051987, 1.10000061989, 0.852442800999, 0.773107290268, 0.697599291801, 0.424754142761, 0.237926542759, 0.113928638399, 0.0665035024285, 0.0189697630703, 0.00277209188789, 0.000268563249847, 4.07947409258e-05]}, "spectral_energy": {"dmean": 0.0148977031931, "dmean2": 0.0237546116114, "max": 0.5563326478, "dvar": 0.00155602768064, "mean": 0.0356418080628, "dvar2": 0.0036485651508, "min": 9.91508765407e-21, "var": 0.00308247213252, "median": 0.0203513689339}, "zerocrossingrate": {"dmean": 0.0112639274448, "dmean2": 0.0135831395164, "max": 0.7060546875, "dvar": 0.000247119605774, "mean": 0.0517016798258, "dvar2": 0.000303264241666, "min": 0.001953125, "var": 0.0034488204401, "median": 0.0390