{"metadata": {"audio_properties": {"downmix": "mix", "bit_rate": 128000, "lossless": false, "md5_encoded": "e00ebc99b4f29903d02f2f686bfc1907", "analysis_sample_rate": 44100, "sample_rate": 44100, "replay_gain": -13.9574985504, "equal_loudness": 0, "codec": "mp3", "length": 224.156738281}, "tags": {"musicbrainz_albumid": ["17ccd7cb-aa2f-4d73-8db2-1166f986f0ac"], "musicbrainz_recordingid": ["0debcf5d-3609-41ee-84db-b4d81cc758d5"], "tracknumber": ["08/12"], "artist": ["Rhett Miller"], "acoustid_id": ["5eb1a00c-e0c5-4867-9025-fb687369919d"], "composer": ["Ken Bethea/Murray Hammond/Philip Peeples/Rhett Miller"], "barcode": ["602498867068"], "encoding": ["Audiograbber 1.83.01, LAME dll 3.96, 128 Kbit/s, Joint Stereo, Normal quality"], "musicbrainz album type": ["Album"], "albumartist": ["Rhett Miller"], "asin": ["B000E1NX3G"], "media": ["(CD)"], "language": ["eng"], "file_name": "Rhett Miller - The Believer - 08 - Singular Girl.mp3", "musicbrainz album release country": ["US"], "musicbrainz_artistid": ["bb861349-25f2-4e90-ab38-bde20ef9849e"], "catalognumber": ["B0005616-02"], "albumartistsort": ["Miller, Rhett"], "script": ["Latin"], "label": ["Verve Forecast"], "musicbrainz album status": ["Official"], "album": ["The Believer"], "date": ["2006"], "title": ["Singular Girl"], "musicbrainz_albumartistid": ["bb861349-25f2-4e90-ab38-bde20ef9849e"], "discnumber": ["01/01"], "artistsort": ["Miller, Rhett"], "acoustid_fingerprint": ["AQADtHEkpVIiPKqEksc-Et_wBI8OydMO7jicF73Qw92Gd0-gK4lkmBnxoR_0sEcTvniO_MURGz66r4JK5Th_MLlyhD8-XC9aKyKijcQpHRpzY56NnEVjzQdzBpeUHU90hLmIHt9TRLM5XBr-o7mIrsMXEc_xHnmPTSyRL8jhE5eDP4YO83mRj-h6OBuP8seb4Th-hBE_aDxFxAov_LjQE03aI_chOUrQqBzCrsV7VC988giN74fyPJilII0ZPDyOZ8d_MLk-9JHQ6XHQPLEU4WLxfUaD0Mpw6Fcq_Aifo-lG7EcT65hW4k8e_MgTxviN9hzEZ8epFs9RJzyuPMZ_NHmOzjteaYS6nbg1CRpL4xPeY7KBo_E6lFLUYR9T4UyPI4304l_x9ehS6Wi2a8iXoSSh5eaRq3gfNHvR7vhD9DWabHlwWUb-4fSh08j1HVWbMGiqXcFTjniG88N_hG-aQDw1lLsh68F1vMFFHKF8-AwyJsXlojGl4Bd-PD96NHWG46XRPER1aJnQKseFo3kYEpyPRruF98f14XsE8ZmFY_aO5lHgWJh2_Ljy49qHlwf5IzeaRgv6H_-PfyrSJTx45dC9BVeFXkejhMflHz9eF91kaHnwE0_KKSiP7To-WD7CH-dm_Ai5w8_RSjP0KDOQP0ZPhLmhb0Sr-ggzMsedFx-FacmPZt6Rc4KQJafQpzjKhWi4LAyFlchDJBWZHn06Hc4T4WZgLdqDq8mPZsGP6GEOnTp-KWiU7NCkE9fB5Oh7NB3Cn8H1IpyqwjtcRQdzCTmeY0c30Tj8DTNRRseP5EaOL2iepRn8g-HW4yfy5YfvCHwrXEjFLMhz1ISW483xHRfytEaWm8fxkHAsHd3absijHaUEP-mO_gnC5_Cso0uyQ-3x4Co0_WiuJzjuZMFz5IqP5_grPOUmPEdTH73wB0cTMUnQVchzaF9AXUd4ohGzo-LRH-mxazP8ot6ONoGjw_qInhbe4xv2HHLSL4PeBfrRnEW3hMVf4GieGyGV0EOunEIlHuKJ_PiENgmPWIfcIsyzJ2D4HNWJHdWGuT9ySBETpOHx4TnqZEe-NdgP-USYUELI6MFNG_uRygSfPMapHCWP5lU4PCem32hC4VmyG-fRMmgu7MYT7Etw5M0VPJCbow-cJSVq5fiHDz9ExtnxFdexHyeRZ9nRPLNQUicu6QpyvYOipwj-oenyYz--F34W3Dp-I2_RhFoEKdyQH9-ogJXgH09YPJGOb_mHbboS5MGTHf6RJ_iX45HQ5EKPR_iP7wpyndDiZEPtFD8e1OIiBX2yQ5d3_PDHEWcOxUoQOz_qy_i241PgCiUjZC59_Bq0VDw0R4tx3EHTo5_w48xR3dAiLUGMHw_j4hGFMFTQc1CvC1dyBiHdo_nBc2guD72GcOMNR9cSaMyOPBGuNdjF4_vxHN4e_MjFQP_w5A4mhj98Zqht6GGQS9HA5sJzBc2Xo2-P0zxyShAnF3l3ovyD5hSeGozFE3ZjhJRe6MhrHP_xxkeo8tAlhcXzQ--OF-kyfriJF65a40S6vIVG7eBLSsiRRyivBY13_FCDy-hTQiwPPIcWziYexMuFv0TzzGBZNELeQ89OHJ969LD2QSOv4dpxHnoUvMWfIzy8I98h7kOeCD76MMOVaPg94bGQvMN35EWo4_twF-7xQ2P4FDdx7eBD4w_RdMoRXorw5PjxlHhxotHBSFaIByUl-FmOvIU4mUOuXPCkG0fzHPePnzjSLTxOQ0e_w6dKPPDB9Lg0Hg-0oLpwZniCQ07Aos9ShPmHHlYY9LuC70YvCs125GyI79CPHvmNd3mENqLx448VoksjqwhzKBeDuzsi5cOjnPCYGTd9XDjyRPAu_EK_4mbw-GgOjWMR8_AVHjmuXZD64B5Cm_DR_TiDg2HyGKWEvEge47KHTznO4T-CD80XI1yTbUGjVxmmH5eO72iIEHrnGPGFi9iV5TjzofmP8vgzZNSLc9nRPEf59LgioWSwacchPsVaoocu6cc_VFKDb4Qf3BXEF_VW4WFuSJvQE2EsHveOu8SP-0V4Htp-nImOaR_EHOnX45wJ_8MVCT9u6cZDwpqN6JCLMN3w48uH5-h_NN1akJWC9Ie-I0-UkygHV1E2Gek1C9YtlB-e4EctpoK_Fz-yEFfxExee9bgu8KiVWTjS_NB-ZG_xo8GVH45-hOuhGxF9PMdl8ch7VDxSyhWsJzzx4xNxMTARqXhO6HkUBdeHXDLRX3DFPETVJD6OPIcW8kLJC1eULbgPJhN1dIpQ8vjxo2vRPD36B_mPJxRF9MfVwzIOx-_Qo1RyNIxOHFmfQ8x34ceD8MRZhM28oYSeh_iKGzny47wG0V-QH15ifEQf6cEn_IgcJ2oK_UaIphF7fBqGo8_RTFrSBXRy4-ERH3rQB2EiBflxrUflTA60_EF2odcIk4cjHr2MHNLzI9zRdLpwUYzw5si343qSDYrCPgh_4fTx18O0FI11PC_OoNOuDUymI3wsNO9D6EmKSwh3azAVG50WGkdE8ccVHVo6HvnhkUa1JTqOpspRNXwm_PgOP8ezGbEG_dhjHt_xC82TQ2OWI1--oNYTPEfCE7G4HVee4ZzhkUGfHaieHplU6UgYCn8OLzv647kKnykuZgeGAEIMCMmUYYIIwQxhjBHhRVCEGKGIZQQABxgQABIJgRPAAESQcsIIwwwiThgAmBMEKRgBN4AwBwkQghgEBEEEKMUcU8QRQAQACAiGhCOKGQEBASQQBAQghBKABBMAGEIMEAAhQAADihgnABEAKiKFIIAgARhQBgggCLBAAIAAA04hpyARgBlmBKACOUlcQAoQQJAxgBiAkDIEEOOAI0YQIIABBBghiVQAASEQA4IJIgBAhjnACAUWCiEoIAAACRxRQIkCBCBMEACYdIIARZRBiAomBEBECs-MUcIIzlgDBhDBiCCIQMWQgMYAJQRlQhggEFBCUAQSQMAIYrgwjDAEmGIAQVYUBIgYg4BVwDgmmEKCAcCFQFICBICTQiIggAACKQM8gIwIwwhDwAhBADGIEQGEAMYIBAAgoijEmAeDEGQQBQghI4hgChhBjGACIAYMUAYBqgACQBiyhCSICGCAoAIYwAxghgFBgCOCKQOMMAoQJUAgACliDFLKCQAMMIQaA4AxSgqhACEMAWMYAIYIYwRkBAABAAIEEIAAMEJYRARBgAhhAGAIAWaUoE4QICEgjFEkGFBCAYqMccIYgpAAQAhBlPMAIECENEogBBQhGkHkhCNKEEUgpQBKADRRxiMDFEDQGSQGEM45gJRiyg3irABOCAioIAorQwBDBgiBgCZCAEgCVEgBhggkRgoBnXKAcQUgJEIrRBQwThghAJBMCEUEAgwYQRAwQhglEgEGGAYBAIII5wCggBAhjCDGUQQQMIgSIBimikCFCAEYICMAIIgoJQhTggjJDBNaIEcEIcII4QQ1kiEiFIEAAKgQAwIpIJQACAEABVJAGKWQEkgoAQgBGiFxFBUQEGCQAoE4AJEXyCACIAJIOAQEEXAgIJAFwzDBEJDCIGMEUA4gBQwEwAgBgBFEKSKAAAIRQAlRQijlOBJIOaCQQcYAJQQxDAljKAICESmUIQIxIAlQBgAC"], "musicbrainz_releasegroupid": ["81f267e3-7059-3d5d-966b-ece763f75ef4"], "genre": ["Recent"]}, "version": {"essentia_build_sha": "2d9f1f26377add8aeb1075a9c2973f962c4f09fd", "essentia_git_sha": "v2.1_beta2-1-ge3940c0", "extractor": "music 1.0", "essentia": "2.1-beta2"}}, "tonal": {"chords_scale": "major", "hpcp": {"dmean": [0.120282158256, 0.0917263031006, 0.0585739165545, 0.0512312576175, 0.045199599117, 0.0614259876311, 0.0853357538581, 0.0829740837216, 0.113786704838, 0.127480268478, 0.10515063256, 0.0694507211447, 0.0607484541833, 0.0643198862672, 0.112606965005, 0.129633188248, 0.133595198393, 0.0949203073978, 0.0730917751789, 0.0800920203328, 0.128215938807, 0.146644100547, 0.157154411077, 0.187087327242, 0.162275612354, 0.106404103339, 0.0804286599159, 0.0896880403161, 0.09874817729, 0.139897406101, 0.155000835657, 0.131743088365, 0.0702746137977, 0.0526358634233, 0.0530837886035, 0.0905313715339], "dvar2": [0.0745719373226, 0.0573939457536, 0.0507833845913, 0.0471084490418, 0.0342456623912, 0.0416248589754, 0.0586415193975, 0.0571182444692, 0.0677614063025, 0.0823159962893, 0.0647614300251, 0.0648016035557, 0.0550955347717, 0.0499379225075, 0.075477078557, 0.0892251953483, 0.0884796306491, 0.0844396129251, 0.0776629671454, 0.0753177776933, 0.104628406465, 0.114514015615, 0.111623309553, 0.161318972707, 0.140004783869, 0.0826928764582, 0.0749513208866, 0.0793756693602, 0.0873010903597, 0.10864815861, 0.108006171882, 0.0855198502541, 0.0655550956726, 0.0577720142901, 0.049762237817, 0.0643036514521], "mean": [0.204817011952, 0.129763200879, 0.058793168515, 0.0621686093509, 0.0484323613346, 0.06383805722, 0.098959967494, 0.0894352272153, 0.182863280177, 0.275373220444, 0.160109177232, 0.0596971362829, 0.0519160330296, 0.0536266863346, 0.175048500299, 0.328668445349, 0.235261380672, 0.0818536132574, 0.0529608242214, 0.0604769028723, 0.174449190497, 0.278337419033, 0.216379389167, 0.248163580894, 0.284473448992, 0.142195358872, 0.0770115032792, 0.0947407633066, 0.0930679216981, 0.213077187538, 0.340881735086, 0.205998688936, 0.0577947385609, 0.0416087284684, 0.0415827073157, 0.125777408481], "var": [0.071433223784, 0.0303822308779, 0.0156980790198, 0.0270966887474, 0.0161079280078, 0.0132418014109, 0.0255730245262, 0.0200991481543, 0.0512990094721, 0.108782015741, 0.0408529639244, 0.0193980261683, 0.0158634521067, 0.0145548190922, 0.0500711351633, 0.142202660441, 0.0791012495756, 0.0266509987414, 0.0202976968139, 0.0199512187392, 0.0562423281372, 0.117010124028, 0.0623799785972, 0.0940718576312, 0.128814190626, 0.0451179146767, 0.0221786126494, 0.0294659975916, 0.0295460782945, 0.065126940608, 0.124388635159, 0.0514525286853, 0.0166908670217, 0.0135541949421, 0.0115054203197, 0.0324438512325], "dmean2": [0.195887222886, 0.154480189085, 0.103728823364, 0.0901472717524, 0.0805969014764, 0.107993364334, 0.147774547338, 0.146300703287, 0.191585615277, 0.208097785711, 0.176624566317, 0.123401321471, 0.109081216156, 0.116137318313, 0.189412653446, 0.214202180505, 0.2237329036, 0.171093538404, 0.135325267911, 0.146920338273, 0.220836877823, 0.247097373009, 0.269045352936, 0.330494254827, 0.28588950634, 0.182783946395, 0.144583210349, 0.158871769905, 0.17634268105, 0.240604758263, 0.258639991283, 0.222530454397, 0.12814347446, 0.0964407548308, 0.097774207592, 0.153062015772], "dvar": [0.0318571813405, 0.022053591907, 0.0181891657412, 0.0176965259016, 0.0125216497108, 0.0151308625937, 0.0223232135177, 0.0212928894907, 0.0257380641997, 0.0362492688, 0.0251165311784, 0.0241140779108, 0.0202108323574, 0.0180473644286, 0.0287031754851, 0.0402333475649, 0.0343701764941, 0.0309379827231, 0.0282782595605, 0.0271973051131, 0.0394556075335, 0.0478590466082, 0.0420419871807, 0.0591788552701, 0.0545302852988, 0.0301853455603, 0.0264064725488, 0.0289820004255, 0.0320200361311, 0.0412996225059, 0.0459037087858, 0.0316037014127, 0.0233952421695, 0.0205113049597, 0.0172528941184, 0.0239307880402], "min": [0, 0, 0, 0, 0, 0, 0, 0, 0, 0, 0, 0, 0, 0, 0, 0, 0, 0, 0, 0, 0, 0, 0, 0, 0, 0, 0, 0, 0, 0, 0, 0, 0, 0, 0, 0], "median": [0.0884356945753, 0.0585213080049, 0.0165714174509, 0.0103507004678, 0.00831441860646, 0.0233424305916, 0.0363855957985, 0.038486674428, 0.0809340775013, 0.119174450636, 0.0713432207704, 0.0155826304108, 0.0122716194019, 0.0135516133159, 0.0623280107975, 0.121880352497, 0.0928841233253, 0.02068884857, 0.00811447389424, 0.0116874333471, 0.0627312362194, 0.111437290907, 0.110318876803, 0.0909363776445, 0.0835883393884, 0.0372740887105, 0.0246507059783, 0.0309155788273, 0.0287996530533, 0.0984618216753, 0.19004842639, 0.116615518928, 0.0174048691988, 0.00999068655074, 0.0108161605895, 0.0514799803495], "max": [1, 1, 1, 1, 1, 1, 1, 1, 1, 1, 1, 1, 1, 1, 1, 1, 1, 1, 1, 1, 1, 1, 1, 1, 1, 1, 1, 1, 1, 1, 1, 1, 1, 1, 1, 1]}, "tuning_equal_tempered_deviation": 0.014944402501, "chords_key": "C", "chords_strength": {"dmean": 0.00894488673657, "dvar2": 4.73983382108e-05, "mean": 0.55581599474, "var": 0.00585496705025, "dmean2": 0.0073514804244, "dvar": 5.03578630742e-05, "min": 0.317262858152, "median": 0.550743460655, "max": 0.780590415001}, "tuning_diatonic_strength": 0.585092663765, "thpcp": [1, 0.604311287403, 0.169544830918, 0.122062064707, 0.121985733509, 0.368976682425, 0.600844800472, 0.380669265985, 0.172473803163, 0.182375892997, 0.142079666257, 0.187273323536, 0.29030585289, 0.262364387512, 0.536441981792, 0.807826280594, 0.46969127655, 0.175125658512, 0.152299255133, 0.157317563891, 0.513516783714, 0.964171469212, 0.690155446529, 0.240123197436, 0.155364215374, 0.177413150668, 0.511758685112, 0.816521942616, 0.634763836861, 0.728004932404, 0.834522426128, 0.417139858007, 0.225918531418, 0.27792853117, 0.273021131754, 0.625076591969], "chords_histogram": [34.0720787048, 0.248550117016, 16.2178955078, 0.579950273037, 4.01822710037, 0.434962719679, 0, 0, 0, 0, 0, 0, 0, 0.0207125097513, 0, 0.393537700176, 0, 0.186412587762, 0, 2.54763865471, 6.60729074478, 12.738193512, 18.5791225433, 3.35542678833], "tuning_nontempered_energy_ratio": 0.64262509346, "tuning_frequency": 439.491973877, "key_strength": 0.750228941441, "chords_changes_rate": 0.0453603975475, "key_scale": "major", "hpcp_entropy": {"dmean": 0.577394366264, "dvar2": 0.657142460346, "mean": 1.76808261871, "var": 0.489961057901, "dmean2": 0.957325875759, "dvar": 0.25631788373, "min": 0, "median": 1.78264153004, "max": 4.10173892975}, "key_key": "C", "chords_number_rate": 0.00165700085927}, "lowlevel": {"melbands_skewness": {"dmean": 0.541615307331, "dvar2": 1.2284822464, "mean": 2.00479745865, "var": 1.62945497036, "dmean2": 0.846069395542, "dvar": 0.513871014118, "min": -2.34173893929, "median": 1.89080524445, "max": 20.129108429}, "melbands_kurtosis": {"dmean": 4.15313768387, "dvar2": 280.08770752, "mean": 8.05498886108, "var": 335.319396973, "dmean2": 6.77800989151, "dvar": 122.292610168, "min": -1.91800224781, "median": 5.24087381363, "max": 567.732666016}, "barkbands_kurtosis": {"dmean": 1.81917655468, "dvar2": 35.8952445984, "mean": 2.77266097069, "var": 28.045167923, "dmean2": 2.94595098495, "dvar": 15.3604679108, "min": -1.91504275799, "median": 1.80840849876, "max": 252.832717896}, "hfc": {"dmean": 5.92010498047, "dvar2": 284.107208252, "mean": 22.2502555847, "var": 479.619873047, "dmean2": 8.16788291931, "dvar": 155.119110107, "min": 1.18881656482e-16, "median": 17.2919197083, "max": 272.831726074}, "silence_rate_20dB": {"dmean": 0, "dvar2": 0, "mean": 1, "var": 0, "dmean2": 0, "dvar": 0, "min": 1, "median": 1, "max": 1}, "erbbands_flatness_db": {"dmean": 0.0151287354529, "dvar2": 0.000555986422114, "mean": 0.161565065384, "var": 0.00147195230238, "dmean2": 0.0214633774012, "dvar": 0.000286664377199, "min": 0.0406757332385, "median": 0.158407509327, "max": 0.347695887089}, "spectral_flux": {"dmean": 0.0255564209074, "dvar2": 0.00210876367055, "mean": 0.0804821550846, "var": 0.00231720227748, "dmean2": 0.0389066152275, "dvar": 0.00103407388087, "min": 1.0344992224e-10, "median": 0.0711540803313, "max": 0.302076905966}, "spectral_energyband_low": {"dmean": 0.00543745514005, "dvar2": 0.00037567174877, "mean": 0.00890601053834, "var": 0.000122792553157, "dmean2": 0.00936112459749, "dvar": 0.000135888258228, "min": 4.13535180676e-23, "median": 0.0065214317292, "max": 0.113124400377}, "spectral_rolloff": {"dmean": 393.358703613, "dvar2": 2000886.25, "mean": 1288.22302246, "var": 1936641, "dmean2": 646.503845215, "dvar": 977420.625, "min": 21.533203125, "median": 882.861328125, "max": 20155.078125}, "spectral_entropy": {"dmean": 0.132217124104, "dvar2": 0.037617828697, "mean": 7.48939657211, "var": 0.171073317528, "dmean2": 0.185579881072, "dvar": 0.0224002711475, "min": 5.34965181351, "median": 7.49469661713, "max": 9.81508350372}, "spectral_energy": {"dmean": 0.00902857165784, "dvar2": 0.000467459380161, "mean": 0.0307020042092, "var": 0.000383806182072, "dmean2": 0.0144285466522, "dvar": 0.000181021969183, "min": 1.07018858584e-20, "median": 0.0275912564248, "max": 0.13266864419}, "spectral_centroid": {"dmean": 178.976089478, "dvar2": 142917.65625, "mean": 1130.49731445, "var": 346836.375, "dmean2": 265.806213379, "dvar": 84819.3671875, "min": 251.313247681, "median": 1013.26501465, "max": 11078.6660156}, "barkbands_flatness_db": {"dmean": 0.0170245412737, "dvar2": 0.000729863881133, "mean": 0.12824049592, "var": 0.00189491990022, "dmean2": 0.0263021960855, "dvar": 0.000318810692988, "min": 0.0290133263916, "median": 0.122226372361, "max": 0.389135152102}, "spectral_rms": {"dmean": 0.000748142658267, "dvar2": 2.30284081226e-06, "mean": 0.0051288115792, "var": 3.64855850421e-06, "dmean2": 0.00115900486708, "dvar": 9.50229946284e-07, "min": 3.23123255583e-12, "median": 0.00518828490749, "max": 0.0113768549636}, "melbands": {"dmean": [0.000922503473703, 0.00104391062632, 0.000735811016057, 0.000380979501642, 0.000237124200794, 0.000177613444976, 0.000134305475513, 0.000242970592808, 0.000242094261921, 0.000211093036341, 0.000137657814776, 6.98791263858e-05, 3.83787300962e-05, 2.5940424166e-05, 2.95794252452e-05, 3.48319226759e-05, 3.02613789245e-05, 2.19821868086e-05, 1.50038040374e-05, 1.73099724634e-05, 1.41267419167e-05, 9.60071247391e-06, 8.19731394586e-06, 5.2182044783e-06, 5.20493449585e-06, 3.67955726688e-06, 4.16721240981e-06, 2.54121982834e-06, 1.98763154913e-06, 2.03724403036e-06, 2.46650051849e-06, 2.8085073609e-06, 3.02643184114e-06, 2.40382451011e-06, 1.94153312805e-06, 1.37992674354e-06, 9.51983167852e-07, 9.83069071481e-07, 8.01951046014e-07, 5.41403437637e-07], "dvar2": [1.68284732354e-05, 1.35191139634e-05, 3.47320860783e-06, 1.28761348606e-06, 3.40080021033e-07, 2.28925060242e-07, 1.34630568027e-07, 5.63250466712e-07, 5.22053937857e-07, 4.65633405611e-07, 2.35579392438e-07, 5.27695114272e-08, 1.48307490733e-08, 6.00044991472e-09, 6.97561342022e-09, 1.09933164794e-08, 6.03460437176e-09, 5.08163422452e-09, 1.80193837629e-09, 3.51077433791e-09, 2.70756417287e-09, 7.95875421122e-10, 4.91442886386e-10, 1.49717224729e-10, 1.68991515226e-10, 1.41516742769e-10, 2.23613988437e-10, 7.28476445833e-11, 5.65295102395e-11, 6.61832672e-11, 2.01088853902e-10, 2.91296958776e-10, 2.80969664201e-10, 1.86544446557e-10, 1.8363473242e-10, 1.30186292302e-10, 5.4063496735e-11, 6.11358741409e-11, 4.88364002016e-11, 1.95664266039e-11], "mean": [0.00104552158155, 0.00172667030711, 0.00123257935047, 0.000665111059789, 0.000520666246302, 0.000377760123229, 0.000304759043502, 0.000412249384681, 0.000637363409624, 0.000649073394015, 0.00032531976467, 0.000155240675667, 7.68195095588e-05, 5.44295980944e-05, 6.08900118095e-05, 7.30627725716e-05, 6.12970252405e-05, 4.14704809373e-05, 2.79413234239e-05, 3.36665798386e-05, 2.93098855764e-05, 1.98136294784e-05, 1.55948928295e-05, 1.01551922853e-05, 1.03593756648e-05, 7.13952886144e-06, 7.30731971998e-06, 4.19000934926e-06, 3.0412356864e-06, 3.13208170155e-06, 3.78874210583e-06, 4.25949247074e-06, 4.759408057e-06, 3.82739426641e-06, 2.93109246741e-06, 2.03325134862e-06, 1.4532286059e-06, 1.53567327743e-06, 1.15799434752e-06, 7.73875740379e-07], "var": [4.56307907371e-06, 4.70008535558e-06, 1.82101291557e-06, 5.68732389183e-07, 3.34594005835e-07, 1.91482769196e-07, 2.04226012102e-07, 3.5787971342e-07, 9.64964101513e-07, 1.83864108294e-06, 3.55542994157e-07, 1.01084047799e-07, 1.73939742609e-08, 1.10519202678e-08, 1.25220083191e-08, 1.95989269258e-08, 8.0987083706e-09, 4.25145607608e-09, 1.53481372056e-09, 2.73944222862e-09, 2.44957409912e-09, 8.20633061505e-10, 4.98784236136e-10, 1.42649725365e-10, 1.74199765723e-10, 1.22275370384e-10, 2.2010680778e-10, 6.64883217927e-11, 3.81658211979e-11, 6.24522239479e-11, 1.44590631135e-10, 2.50385934208e-10, 2.96365543218e-10, 1.78889167368e-10, 1.47564932496e-10, 1.00046936014e-10, 5.07821909523e-11, 5.95909779855e-11, 4.0743502322e-11, 1.81734141624e-11], "dmean2": [0.00159910856746, 0.00183393375482, 0.00120739545673, 0.000628223468084, 0.000373716058675, 0.00029331195401, 0.000195383341634, 0.000385768857086, 0.00034873560071, 0.000300553248962, 0.000194310618099, 9.644968668e-05, 5.77523933316e-05, 3.89252090827e-05, 4.24147947342e-05, 5.210675954e-05, 4.63359319838e-05, 3.43321371474e-05, 2.33599876083e-05, 2.68791263807e-05, 2.21790669457e-05, 1.49877414515e-05, 1.27343628264e-05, 8.15016574052e-06, 8.17023101263e-06, 5.75602689423e-06, 6.35397191218e-06, 3.94357175537e-06, 3.08845619656e-06, 3.10379641633e-06, 3.7098473058e-06, 4.1497046368e-06, 4.38561346527e-06, 3.48570574715e-06, 2.87443231173e-06, 2.0093425519e-06, 1.398483505e-06, 1.44962609738e-06, 1.15983925753e-06, 7.80575362569e-07], "dvar": [6.11526775174e-06, 4.66191659143e-06, 1.38288669405e-06, 4.96533402838e-07, 1.36832127851e-07, 8.84229507392e-08, 6.64119923499e-08, 2.2913636144e-07, 2.42648184212e-07, 2.29915769978e-07, 1.10533264319e-07, 2.8154616416e-08, 6.35416297357e-09, 2.94297342052e-09, 3.68263197714e-09, 5.40574118801e-09, 2.67169797397e-09, 2.23161555901e-09, 8.09517286537e-10, 1.50461265669e-09, 1.14946974161e-09, 3.4702063445e-10, 2.16585291368e-10, 6.45272793531e-11, 7.49527870325e-11, 6.15019007943e-11, 1.05387414073e-10, 3.35360454684e-11, 2.43870045685e-11, 3.30478908128e-11, 9.26638141219e-11, 1.45219350434e-10, 1.49152287743e-10, 9.11821729233e-11, 8.51062276208e-11, 5.93721391495e-11, 2.55837521307e-11, 3.03623827469e-11, 2.39953699271e-11, 9.99567616178e-12], "min": [1.30703760145e-24, 5.40588352876e-24, 9.32905249906e-24, 3.993166965e-24, 8.54904892409e-24, 8.54053001517e-24, 8.48389453534e-24, 1.40052030085e-23, 1.61596468272e-23, 8.24642925907e-24, 9.64346721234e-24, 9.01408242772e-24, 6.80231524242e-24, 1.62207614593e-23, 1.71266057036e-23, 2.06564979303e-23, 1.10028812336e-23, 1.8537134756e-23, 7.62525888305e-24, 2.02066657763e-23, 1.72786207777e-23, 8.81062494507e-24, 1.09774349474e-23, 3.85356501162e-24, 4.04935752728e-24, 1.1415081567e-23, 1.00318297469e-23, 5.20258421273e-24, 1.04875799354e-23, 1.16792529403e-23, 8.84781184814e-24, 9.36849948863e-24, 1.45332286331e-23, 8.59539844657e-24, 9.41900236378e-24, 8.00162284321e-24, 7.33048207316e-24, 7.46986748422e-24, 8.76559597574e-24, 1.17091626015e-23], "median": [0.000464194396045, 0.0010808382649, 0.000848962983582, 0.000442095537437, 0.000338526559062, 0.000246867450187, 0.000169142454979, 0.000207793476875, 0.00024576348369, 0.000189961428987, 0.000134491245262, 5.79128900426e-05, 3.88152329833e-05, 2.3225102268e-05, 2.40757399297e-05, 3.0737646739e-05, 2.63190995611e-05, 2.25495696213e-05, 1.64416360349e-05, 1.90071714314e-05, 1.69866816577e-05, 1.15010843729e-05, 9.23501920624e-06, 6.39419886284e-06, 6.43381918053e-06, 3.86520741813e-06, 3.22166488331e-06, 1.84829377758e-06, 1.10056646463e-06, 9.38370305903e-07, 1.02806382074e-06, 1.01139869457e-06, 1.12652696771e-06, 9.19777903619e-07, 6.48680043014e-07, 3.96721020479e-07, 3.06314149157e-07, 3.18979743952e-07, 2.20631363845e-07, 1.59140896017e-07], "max": [0.0226874556392, 0.0248921643943, 0.013526070863, 0.00994357932359, 0.00631503667682, 0.00708919810131, 0.0082530407235, 0.00786889530718, 0.00919216964394, 0.0112017681822, 0.00784714147449, 0.00515114236623, 0.00217789504677, 0.00185972824693, 0.00225489307195, 0.00222693057731, 0.000930882291868, 0.00136860297062, 0.000609717448242, 0.000983481295407, 0.00130464765243, 0.000451595522463, 0.000425441685366, 0.000164952114574, 0.000296158425044, 0.000299514271319, 0.000388713815482, 0.00019584155234, 0.000181011710083, 0.000189534010133, 0.000353009119863, 0.000387506035622, 0.000379363569664, 0.000281818938674, 0.0003087335499, 0.000217957742279, 0.000145416721352, 0.000167384976521, 0.000198025256395, 0.00010738956189]}, "barkbands_crest": {"dmean": 2.15856075287, "dvar2": 13.4093294144, "mean": 8.77051925659, "var": 13.3396244049, "dmean2": 3.54538583755, "dvar": 5.0331454277, "min": 2.63206410408, "median": 7.81026935577, "max": 24.2123088837}, "mfcc": {"icov": [[0.000123009536765, -9.89424879663e-05, -1.59564035584e-06, -8.75336991157e-05, 0.00031114165904, -0.000171115229023, 0.000354286981747, -0.00018762802938, 3.61139109373e-06, -1.96204800886e-05, -0.000145964091644, 8.29074269859e-05, 0.000175952576683], [-9.89424879663e-05, 0.00106492533814, 0.000603644468356, 2.32700267588e-06, -0.000915097014513, 0.000584509398323, -0.000603817286901, -0.000328471389366, 0.000189689846593, -0.00054938334506, 0.000130087035359, -9.09437803784e-05, -0.000122128170915], [-1.59564035584e-06, 0.000603644468356, 0.00303835212253, -5.16668806085e-05, -0.000460959272459, -0.00146502500866, -0.000334839540301, 0.000140281481436, -0.000297094346024, 0.00059553119354, -0.000517008593306, 0.000195170287043, -0.000687746913172], [-8.75336991157e-05, 2.32700267588e-06, -5.16668806085e-05, 0.00515272188932, -0.00167867389973, -0.000854360405356, -0.00031852000393, 0.000608012720477, -0.00121703639161, -3.52688803105e-05, 0.00184984854423, -0.00125010719057, -0.000525831186678], [0.00031114165904, -0.000915097014513, -0.000460959272459, -0.00167867389973, 0.00880046188831, -0.00109932606574, 0.00102045992389, -8.62126398715e-05, -0.00190240214579, -0.000368581269868, -0.000547993637156, -0.000190899780137, -0.00140612176619], [-0.000171115229023, 0.000584509398323, -0.00146502500866, -0.000854360405356, -0.00109932606574, 0.0133547522128, -0.00383233628236, -0.000416246009991, -0.000608589209151, -0.00141443999019, 0.000590915326029, -0.00106952886563, 0.000597213103902], [0.000354286981747, -0.000603817286901, -0.000334839540301, -0.00031852000393, 0.00102045992389, -0.00383233628236, 0.0113439420238, -0.00438080914319, 0.00234652985819, -0.00169672851916, -0.000468068406917, -0.00259877066128, 0.00156645441893], [-0.00018762802938, -0.000328471389366, 0.000140281481436, 0.000608012720477, -8.62126398715e-05, -0.000416246009991, -0.00438080914319, 0.0144724287093, -0.00402657547966, 0.00150604569353, -0.00279364432208, 0.00290391873568, -0.00229121325538], [3.61139109373e-06, 0.000189689846593, -0.000297094346024, -0.00121703639161, -0.00190240214579, -0.000608589209151, 0.00234652985819, -0.00402657547966, 0.0176084972918, -0.00798815768212, 0.00480846455321, -0.00376004562713, -0.000259337743046], [-1.96204800886e-05, -0.00054938334506, 0.00059553119354, -3.52688803105e-05, -0.000368581269868, -0.00141443999019, -0.00169672851916, 0.00150604569353, -0.00798815768212, 0.0199108272791, -0.00880104210228, 0.00326273683459, 0.000570219592191], [-0.000145964091644, 0.000130087035359, -0.000517008593306, 0.00184984854423, -0.000547993637156, 0.000590915326029, -0.000468068406917, -0.00279364432208, 0.00480846455321, -0.00880104210228, 0.0175946429372, -0.00537109421566, 0.00099817593582], [8.29074269859e-05, -9.09437803784e-05, 0.000195170287043, -0.00125010719057, -0.000190899780137, -0.00106952886563, -0.00259877066128, 0.00290391873568, -0.00376004562713, 0.00326273683459, -0.00537109421566, 0.0223730579019, -0.00664965063334], [0.000175952576683, -0.000122128170915, -0.000687746913172, -0.000525831186678, -0.00140612176619, 0.000597213103902, 0.00156645441893, -0.00229121325538, -0.000259337743046, 0.000570219592191, 0.00099817593582, -0.00664965063334, 0.0202886871994]], "mean": [-638.717834473, 132.500335693, -0.0666311085224, 14.6126394272, 1.1943655014, 1.0183120966, -8.47686672211, 6.32493448257, 1.76466941833, 5.29186868668, 2.90155959129, -4.79236412048, -3.86490154266], "cov": [[10674.6650391, 774.901489258, -255.789642334, -26.0653095245, -309.771606445, -18.0387268066, -233.275894165, 92.270904541, -21.4788551331, 56.544631958, 85.9442749023, -108.492271423, -131.414794922], [774.901489258, 1355.24060059, -278.862487793, 28.3806781769, 103.707885742, -47.9707946777, 44.9154853821, 59.6850662231, 22.5530948639, 65.1101913452, 28.4296283722, 4.79619503021, 3.22389674187], [-255.789642334, -278.862487793, 428.238342285, 23.8899002075, 17.3962745667, 64.9804153442, 23.5218925476, -0.943590939045, 9.82841300964, -10.7117099762, 3.72734093666, 12.8312883377, 17.4943637848], [-26.0653095245, 28.3806781769, 23.8899002075, 246.696609497, 64.9276885986, 27.8381214142, 5.79574966431, -4.00977563858, 37.3684616089, 2.82088828087, -28.3389663696, 21.659828186, 19.272233963], [-309.771606445, 103.707885742, 17.3962745667, 64.9276885986, 161.796813965, 16.9003047943, 7.46882343292, 6.79048442841, 33.9273033142, 16.1591873169, -1.20583343506, 16.8277683258, 22.0435447693], [-18.0387268066, -47.9707946777, 64.9804153442, 27.8381214142, 16.9003047943, 101.528388977, 40.3574562073, 13.7179346085, 13.2595720291, 12.5103321075, 5.48091506958, 11.2730913162, 2.65085077286], [-233.275894165, 44.9154853821, 23.5218925476, 5.79574966431, 7.46882343292, 40.3574562073, 133.529815674, 37.8733711243, -0.543164134026, 17.9384555817, 20.2436580658, 15.9861946106, 0.27056786418], [92.270904541, 59.6850662231, -0.943590939045, -4.00977563858, 6.79048442841, 13.7179346085, 37.8733711243, 91.5766296387, 17.680721283, 13.9803209305, 17.8009281158, -0.154150590301, 5.81441354752], [-21.4788551331, 22.5530948639, 9.82841300964, 37.3684616089, 33.9273033142, 13.2595720291, -0.543164134026, 17.680721283, 85.5177383423, 30.0096569061, -5.73687648773, 12.3942985535, 10.2175617218], [56.544631958, 65.1101913452, -10.7117099762, 2.82088828087, 16.1591873169, 12.5103321075, 17.9384555817, 13.9803209305, 30.0096569061, 81.5095977783, 35.56508255, 2.30956888199, -2.3430082798], [85.9442749023, 28.4296283722, 3.72734093666, -28.3389663696, -1.20583343506, 5.48091506958, 20.2436580658, 17.8009281158, -5.73687648773, 35.56508255, 86.8761138916, 12.5183382034, -2.22413301468], [-108.492271423, 4.79619503021, 12.8312883377, 21.659828186, 16.8277683258, 11.2730913162, 15.9861946106, -0.154150590301, 12.3942985535, 2.30956888199, 12.5183382034, 59.642375946, 20.5743598938], [-131.414794922, 3.22389674187, 17.4943637848, 19.272233963, 22.0435447693, 2.65085077286, 0.27056786418, 5.81441354752, 10.2175617218, -2.3430082798, -2.22413301468, 20.5743598938, 60.6747665405]]}, "spectral_decrease": {"dmean": 2.29280439079e-09, "dvar2": 3.17692610885e-17, "mean": -7.5999153637e-09, "var": 2.42837612728e-17, "dmean2": 3.69014885315e-09, "dvar": 1.22513340022e-17, "min": -3.45298545312e-08, "median": -6.78823841582e-09, "max": 2.14709967669e-29}, "zerocrossingrate": {"dmean": 0.00879771169275, "dvar2": 0.000260619010078, "mean": 0.0526762157679, "var": 0.00126179622021, "dmean2": 0.00997984595597, "dvar": 0.000247069081524, "min": 0.0029296875, "median": 0.044921875, "max": 0.49755859375}, "spectral_contrast_coeffs": {"dmean": [0.0508330315351, 0.0417336337268, 0.036065146327, 0.0291834976524, 0.0225118864328, 0.0181587841362], "dvar2": [0.00474014692008, 0.00316689978354, 0.00203859386966, 0.00140530697536, 0.000859565217979, 0.000623686180916], "mean": [-0.63009595871, -0.713973164558, -0.721184968948, -0.761929810047, -0.786979019642, -0.765294253826], "var": [0.00630119210109, 0.00453350925818, 0.00523850228637, 0.00291833677329, 0.00181621685624, 0.0014360724017], "dmean2": [0.0828418582678, 0.0678309649229, 0.0556442327797, 0.0462112762034, 0.0359548702836, 0.0282576214522], "dvar": [0.00185078091454, 0.00124482507817, 0.000912100484129, 0.000605861830991, 0.000382410624297, 0.000277716928395], "min": [-0.962311506271, -0.973109543324, -0.990294098854, -0.978705346584, -0.95808750391, -0.959648251534], "median": [-0.633217990398, -0.715966761112, -0.725878357887, -0.765209197998, -0.790288507938, -0.763417720795], "max": [-0.34014454484, -0.408697485924, -0.486967474222, -0.564001619816, -0.5704241395, -0.604446947575]}, "spectral_skewness": {"dmean": 0.214677348733, "dvar2": 0.105888828635, "mean": 1.73574650288, "var": 0.308044612408, "dmean2": 0.330381125212, "dvar": 0.0472369641066, "min": -0.18667460978, "median": 1.71185708046, "max": 6.37215995789}, "spectral_energyband_middle_high": {"dmean": 0.00140796916094, "dvar2": 7.90623653302e-06, "mean": 0.00550190778449, "var": 2.30036312132e-05, "dmean2": 0.001981619047, "dvar": 4.02094701712e-06, "min": 1.71167195725e-21, "median": 0.00414187321439, "max": 0.0432746261358}, "gfcc": {"icov": [[0.000164524535649, -0.000501548056491, 0.000431015825598, -0.000472950108815, 0.00059973471798, -0.000667128479108, 0.000562752829865, -0.000549915072042, 0.000478574860608, -0.000575408281293, 0.00081698584836, -0.00043659604853, 0.000513764389325], [-0.000501548056491, 0.0038867094554, -0.00136622309219, 0.00292410561815, -0.00361536233686, 0.00297961593606, -0.00280143017881, 0.00321309501305, -0.00346639100462, 0.00461283978075, -0.00508684059605, 0.00383795821108, -0.00256739067845], [0.000431015825598, -0.00136622309219, 0.00358016975224, -0.00176380621269, 0.00104879948776, -0.00287105422467, 0.00123637693468, -0.00120083743241, 0.00169486319646, -0.00325366738252, 0.00263250968419, -0.00280289491639, 0.00141037453432], [-0.000472950108815, 0.00292410561815, -0.00176380621269, 0.00588028877974, -0.00302821933292, 0.00235673668794, -0.00256630615331, 0.00297472369857, -0.00346259307116, 0.00282847206108, -0.00272049638443, 0.00225609075278, -0.0028492435813], [0.00059973471798, -0.00361536233686, 0.00104879948776, -0.00302821933292, 0.0086198495701, -0.002293655416, 0.00095510558458, -0.00407568505034, 0.00205310876481, -0.00365021964535, 0.00327418511733, -0.00179256149568, 0.000674005947076], [-0.000667128479108, 0.00297961593606, -0.00287105422467, 0.00235673668794, -0.002293655416, 0.0121459169313, -0.00503594428301, -0.000126305531012, -0.00176493579056, 0.00302313873544, -0.00331006571651, 0.00264482619241, 0.000296702579362], [0.000562752829865, -0.00280143017881, 0.00123637693468, -0.00256630615331, 0.00095510558458, -0.00503594428301, 0.0121258953586, -0.00428257649764, 0.00312200025655, -0.0020950413309, 0.000568414630834, -0.000411844870541, 0.00143334525637], [-0.000549915072042, 0.00321309501305, -0.00120083743241, 0.00297472369857, -0.00407568505034, -0.000126305531012, -0.00428257649764, 0.0167936272919, -0.00694036623463, 0.00237012747675, -0.00291377538815, 0.0015608840622, 0.000132662782562], [0.000478574860608, -0.00346639100462, 0.00169486319646, -0.00346259307116, 0.00205310876481, -0.00176493579056, 0.00312200025655, -0.00694036623463, 0.0171742308885, -0.00767679512501, 0.00385387218557, -0.000119726944831, -0.00219021667726], [-0.000575408281293, 0.00461283978075, -0.00325366738252, 0.00282847206108, -0.00365021964535, 0.00302313873544, -0.0020950413309, 0.00237012747675, -0.00767679512501, 0.0225129835308, -0.01024230849, 0.00291543779895, -0.000864543369971], [0.00081698584836, -0.00508684059605, 0.00263250968419, -0.00272049638443, 0.00327418511733, -0.00331006571651, 0.000568414630834, -0.00291377538815, 0.00385387218557, -0.01024230849, 0.023649038747, -0.0102357538417, 0.00303968647495], [-0.00043659604853, 0.00383795821108, -0.00280289491639, 0.00225609075278, -0.00179256149568, 0.00264482619241, -0.000411844870541, 0.0015608840622, -0.000119726944831, 0.00291543779895, -0.0102357538417, 0.0234956350178, -0.0106008639559], [0.000513764389325, -0.00256739067845, 0.00141037453432, -0.0028492435813, 0.000674005947076, 0.000296702579362, 0.00143334525637, 0.000132662782562, -0.00219021667726, -0.000864543369971, 0.00303968647495, -0.0106008639559, 0.0225778184831]], "mean": [-3.52329754829, 105.102783203, -118.140396118, 23.6591949463, -61.6832923889, 12.1877679825, -38.2217826843, 11.0069131851, -17.9993286133, -1.19074678421, -21.5005187988, -3.8803627491, -14.9117536545], "cov": [[17836.6816406, 86.2140274048, -1332.27319336, -28.6074562073, -786.74029541, 326.292602539, -379.682189941, 113.627098083, -152.132568359, -181.423095703, -396.911712646, -266.684509277, -367.310302734], [86.2140274048, 1362.46887207, -149.100357056, -201.247879028, 316.518096924, -128.059967041, 132.576858521, -43.6421775818, 97.2533035278, -89.3795089722, 114.077560425, -81.1876907349, 73.4931411743], [-1332.27319336, -149.100357056, 557.570373535, 100.086387634, 54.7806816101, 78.0765609741, 37.3387794495, 20.0958766937, 2.66917991638, 67.4852752686, 20.3892059326, 57.6900749207, 13.1973609924], [-28.6074562073, -201.247879028, 100.086387634, 315.408874512, 27.8351173401, 10.8171720505, 10.0302591324, 2.30582308769, 25.821023941, 22.3443813324, -8.78210258484, 18.8804779053, 23.1021137238], [-786.74029541, 316.518096924, 54.7806816101, 27.8351173401, 278.855072021, -13.1918716431, 73.9758834839, 24.8009281158, 46.7851486206, 7.79824113846, 41.652179718, -5.69295978546, 37.5485839844], [326.292602539, -128.059967041, 78.0765609741, 10.8171720505, -13.1918716431, 156.655273438, 38.4774398804, 39.7960968018, -10.055021286, 12.2903165817, -9.88737106323, -5.49058389664, -31.5921154022], [-379.682189941, 132.576858521, 37.3387794495, 10.0302591324, 73.9758834839, 38.4774398804, 144.715408325, 28.2522563934, 11.0776042938, 2.73943972588, 28.5950813293, -9.52165031433, 3.44063210487], [113.627098083, -43.6421775818, 20.0958766937, 2.30582308769, 24.8009281158, 39.7960968018, 28.2522563934, 95.3216247559, 26.2155590057, 14.6359100342, -0.200850039721, -3.6019513607, -10.6902942657], [-152.132568359, 97.2533035278, 2.66917991638, 25.821023941, 46.7851486206, -10.055021286, 11.0776042938, 26.2155590057, 98.4671859741, 21.1027431488, 12.2090482712, -4.56279659271, 22.0647907257], [-181.423095703, -89.3795089722, 67.4852752686, 22.3443813324, 7.79824113846, 12.2903165817, 2.73943972588, 14.6359100342, 21.1027431488, 78.4389343262, 21.7162818909, 15.9457445145, 1.52859199047], [-396.911712646, 114.077560425, 20.3892059326, -8.78210258484, 41.652179718, -9.88737106323, 28.5950813293, -0.200850039721, 12.2090482712, 21.7162818909, 85.2555541992, 25.1764068604, 19.053144455], [-266.684509277, -81.1876907349, 57.6900749207, 18.8804779053, -5.69295978546, -5.49058389664, -9.52165031433, -3.6019513607, -4.56279659271, 15.9457445145, 25.1764068604, 78.8147735596, 30.2670230865], [-367.310302734, 73.4931411743, 13.1973609924, 23.1021137238, 37.5485839844, -31.5921154022, 3.44063210487, -10.6902942657, 22.0647907257, 1.52859199047, 19.053144455, 30.2670230865, 76.0812301636]]}, "erbbands_spread": {"dmean": 6.03339004517, "dvar2": 130.004867554, "mean": 32.1616859436, "var": 258.839447021, "dmean2": 8.82947063446, "dvar": 61.6504249573, "min": 3.14975810051, "median": 30.2441120148, "max": 161.769699097}, "erbbands_kurtosis": {"dmean": 0.833569407463, "dvar2": 4.28514194489, "mean": 0.921474277973, "var": 6.27356767654, "dmean2": 1.26473498344, "dvar": 1.86353695393, "min": -1.77286565304, "median": 0.143110916018, "max": 32.6268844604}, "dynamic_complexity": 3.83522415161, "erbbands_crest": {"dmean": 2.23319101334, "dvar2": 12.1386013031, "mean": 9.72259616852, "var": 25.3071193695, "dmean2": 3.40599346161, "dvar": 5.32260894775, "min": 2.42191505432, "median": 8.32596969604, "max": 31.5895671844}, "erbbands": {"dmean": [0.101707495749, 0.799111187458, 1.9872982502, 3.84558343887, 6.47667646408, 4.78916215897, 7.17168474197, 8.14921474457, 8.32482147217, 21.2331409454, 28.2780170441, 34.7659645081, 27.7589302063, 15.9851388931, 10.2581748962, 9.58125209808, 15.6382389069, 14.8750762939, 13.0401449203, 10.067445755, 11.4619178772, 8.14327907562, 6.05401277542, 5.80873680115, 5.0556230545, 4.04890441895, 3.11075973511, 3.80366897583, 4.8874335289, 4.50000905991, 3.04501152039, 1.6926138401, 1.31057834625, 0.689071655273, 0.261047065258, 0.0907930135727, 0.0213466938585, 0.00407422194257, 0.00017462480173, 1.35813879751e-05], "dvar2": [0.222777783871, 10.9417076111, 42.1073493958, 95.1435546875, 378.569122314, 161.217636108, 357.50112915, 508.280273438, 557.006652832, 4511.78759766, 7578.75292969, 13172.6572266, 9276.06933594, 2426.015625, 1075.37890625, 777.725341797, 2107.68164063, 1406.42272949, 1716.78747559, 884.767822266, 1403.97570801, 449.824829102, 199.955718994, 196.136856079, 240.152984619, 159.020477295, 120.535301208, 376.786224365, 779.944519043, 596.305786133, 431.239135742, 170.533981323, 115.13445282, 29.58685112, 3.21746301651, 0.422415524721, 0.0168158505112, 0.00041258809506, 1.26081533836e-06, 1.18022114304e-09], "mean": [0.0947628095746, 1.09027457237, 3.39639306068, 6.38373756409, 9.67623806, 9.3618927002, 15.0893726349, 16.9859962463, 20.1052265167, 34.9329223633, 68.8805770874, 112.711715698, 69.5369720459, 38.5821609497, 22.5431098938, 22.0165462494, 33.4213409424, 33.2750511169, 26.0756187439, 21.115240097, 25.6217803955, 18.4151916504, 13.2982978821, 12.609837532, 10.3598241806, 7.33590698242, 5.13873577118, 6.19419050217, 7.80155849457, 7.43272209167, 4.82780218124, 2.65315318108, 2.07308840752, 1.02575051785, 0.397459775209, 0.136311545968, 0.0323230326176, 0.00563913211226, 0.000212458733586, 4.23266828875e-05], "var": [0.0618248954415, 2.87663912773, 17.8887615204, 51.2424316406, 165.693969727, 95.1463851929, 346.387756348, 424.168823242, 896.773986816, 2584.04541016, 9820.88671875, 59324.109375, 14414.9326172, 5238.18212891, 1098.9831543, 1884.07543945, 3922.03662109, 2159.29003906, 1418.62512207, 798.12097168, 1429.90844727, 565.877807617, 245.543762207, 222.305953979, 262.283325195, 189.341659546, 108.089202881, 327.579620361, 787.322998047, 657.129699707, 399.377746582, 158.338577271, 111.072601318, 29.7644519806, 3.92296981812, 0.495976567268, 0.0186917837709, 0.000378215627279, 6.91822776844e-07, 1.32908428707e-09], "dmean2": [0.17326810956, 1.44077110291, 3.4448018074, 6.44430875778, 10.4962444305, 7.89554738998, 11.252872467, 13.5651283264, 12.026971817, 33.9632835388, 41.1756401062, 49.4559364319, 39.2538375854, 22.0495433807, 15.4700088501, 14.004324913, 22.9958934784, 22.6485424042, 20.282491684, 15.7638540268, 17.7023181915, 12.5019130707, 9.25054931641, 8.99012184143, 7.70992517471, 6.07793235779, 4.68807029724, 5.59426212311, 7.03548288345, 6.40418720245, 4.36782932281, 2.39689040184, 1.90527558327, 0.969694077969, 0.367100596428, 0.130994826555, 0.0301901549101, 0.00592636270449, 0.000269154726993, 2.05515862035e-05], "dvar": [0.0829835981131, 3.75191903114, 1