{"lowlevel": {"spectral_strongpeak": {"max": 18.5551013947, "dmean": 0.119433432817, "dvar2": 0.533269166946, "dmean2": 0.202183499932, "var": 0.289518505335, "median": 0.730992615223, "min": 0, "dvar": 0.209136888385, "mean": 0.693397283554}, "barkbands_flatness_db": {"max": 0.836363554001, "dmean": 0.0180522054434, "dvar2": 0.000982915516943, "dmean2": 0.0278985947371, "var": 0.00552279083058, "median": 0.236141636968, "min": 0.0324985943735, "dvar": 0.000424266036134, "mean": 0.235954225063}, "barkbands_skewness": {"max": 87.5900421143, "dmean": 0.762549042702, "dvar2": 2.34415483475, "dmean2": 1.19476282597, "var": 7.9212346077, "median": 3.92030239105, "min": -2.13416934013, "dvar": 0.98165345192, "mean": 4.59913396835}, "spectral_energyband_middle_high": {"max": 0.116005539894, "dmean": 0.00112786365207, "dvar2": 2.47169591603e-05, "dmean2": 0.00177949049976, "var": 5.52807177883e-05, "median": 0.00171992194373, "min": 1.29637902408e-21, "dvar": 9.94986112346e-06, "mean": 0.0040150503628}, "erbbands_kurtosis": {"max": 35.412902832, "dmean": 0.554256618023, "dvar2": 1.58690440655, "dmean2": 0.910809218884, "var": 1.93497848511, "median": -1.05513381958, "min": -1.86655187607, "dvar": 0.604547560215, "mean": -0.577071547508}, "erbbands_crest": {"max": 33.9415740967, "dmean": 1.77289068699, "dvar2": 7.50273132324, "dmean2": 2.94571518898, "var": 8.16478824615, "median": 7.43714857101, "min": 2.39042210579, "dvar": 2.75030612946, "mean": 7.86878967285}, "dynamic_complexity": 3.09429168701, "barkbands_crest": {"max": 26.9586753845, "dmean": 1.9243029356, "dvar2": 14.0866193771, "dmean2": 3.12105917931, "var": 23.4161090851, "median": 21.1709861755, "min": 2.61927843094, "dvar": 5.30862569809, "mean": 19.5433921814}, "dissonance": {"max": 0.500000119209, "dmean": 0.00674070836976, "dvar2": 0.00015836689272, "dmean2": 0.0114589277655, "var": 8.15025341581e-05, "median": 0.488382250071, "min": 0, "dvar": 5.7434241171e-05, "mean": 0.486880481243}, "spectral_energyband_low": {"max": 0.471726685762, "dmean": 0.01319703646, "dvar2": 0.00187898601871, "dmean2": 0.0202906671911, "var": 0.00142420385964, "median": 0.0562457367778, "min": 2.6826950576e-23, "dvar": 0.000797359563876, "mean": 0.055673904717}, "spectral_contrast_coeffs": {"max": [-0.380005717278, -0.442434191704, -0.454670161009, -0.57689923048, -0.608660697937, -0.597045898438], "dmean": [0.0470162332058, 0.0449616611004, 0.0309070739895, 0.026204187423, 0.0179430227727, 0.0130968997255], "dvar2": [0.00412053987384, 0.00346752721816, 0.0016801233869, 0.00118304346688, 0.000579382351134, 0.000392298185034], "dmean2": [0.0796254649758, 0.0748282745481, 0.0526665262878, 0.0445203147829, 0.0304356217384, 0.0217978898436], "var": [0.00289436499588, 0.00497468793765, 0.00250337901525, 0.00178512791172, 0.00115047220606, 0.00167814397719], "median": [-0.676729917526, -0.769048810005, -0.836824178696, -0.805808901787, -0.785987615585, -0.74566423893], "min": [-0.997065007687, -0.986471116543, -0.980824172497, -0.982339024544, -0.981147110462, -0.980575203896], "dvar": [0.00143920711707, 0.00123164488468, 0.000591495074332, 0.000415797519963, 0.000204973839573, 0.000151638610987], "mean": [-0.67397069931, -0.760380864143, -0.829370439053, -0.800471782684, -0.783638477325, -0.739154934883]}, "silence_rate_60dB": {"max": 1, "dmean": 0.0133148571476, "dvar2": 0.0335344672203, "dmean2": 0.0266305170953, "var": 0.0569485202432, "median": 0, "min": 0, "dvar": 0.0131430951878, "mean": 0.0606380105019}, "mfcc": {"icov": [[0.000177314228495, 7.35875219107e-05, 9.82141500572e-05, 0.000216514250496, 0.000258746702457, -0.000310319912387, 0.000356731616193, 0.000131552675157, -0.000203872303246, -0.000135807233164, -0.000157829417731, -0.000253920763498, -0.000303893350065], [7.35875219107e-05, 0.00257529108785, 0.00219706678763, -0.00261375238188, -0.00139948085416, 0.00156781473197, -0.00196279142983, -0.000151301603182, -0.000860609172378, 0.000401150929974, 5.76618222112e-05, -0.00142367137596, -0.000528393546119], [9.82141500572e-05, 0.00219706678763, 0.00483695277944, -0.00106754887383, -0.00151746382471, -0.00133280502632, -0.000596279860474, -0.0012995362049, 0.000390596105717, 0.00167238700669, -0.000200996102649, -0.000887875328772, -0.00171193224378], [0.000216514250496, -0.00261375238188, -0.00106754887383, 0.0102087836713, -0.000668040942401, -0.00614247471094, 0.00296249217354, -0.00151007482782, 0.00292651099153, -0.00480412505567, 0.00436311494559, 4.31419766755e-06, -0.00285288179293], [0.000258746702457, -0.00139948085416, -0.00151746382471, -0.000668040942401, 0.0124323088676, 0.000602395739406, -0.00225434778258, 0.00336396018974, -0.00254667107947, 0.000501045549754, 0.0024044169113, -0.00336976163089, -0.000141133321449], [-0.000310319912387, 0.00156781473197, -0.00133280502632, -0.00614247471094, 0.000602395739406, 0.0205052271485, -0.00363722140901, -0.00729409744963, 0.00289260037243, -0.000421840260969, -0.00655519682914, 0.00364487012848, -0.00142630108166], [0.000356731616193, -0.00196279142983, -0.000596279860474, 0.00296249217354, -0.00225434778258, -0.00363722140901, 0.0239416714758, -0.00384141993709, -0.0039515113458, 0.00136430410203, 0.000506730051711, -0.00105534784961, 0.000898403988685], [0.000131552675157, -0.000151301603182, -0.0012995362049, -0.00151007482782, 0.00336396018974, -0.00729409744963, -0.00384141993709, 0.0286247897893, -0.0113190347329, -0.0011178831337, 0.00142840726767, -0.00271522137336, 0.00236206431873], [-0.000203872303246, -0.000860609172378, 0.000390596105717, 0.00292651099153, -0.00254667107947, 0.00289260037243, -0.0039515113458, -0.0113190347329, 0.0358420200646, -0.0132439518347, -0.000911965500563, 0.00289572705515, -0.000797688029706], [-0.000135807233164, 0.000401150929974, 0.00167238700669, -0.00480412505567, 0.000501045549754, -0.000421840260969, 0.00136430410203, -0.0011178831337, -0.0132439518347, 0.0390596389771, -0.0166187547147, 0.00189113768283, 0.00197714171372], [-0.000157829417731, 5.76618222112e-05, -0.000200996102649, 0.00436311494559, 0.0024044169113, -0.00655519682914, 0.000506730051711, 0.00142840726767, -0.000911965500563, -0.0166187547147, 0.0385150164366, -0.0177604202181, 0.00335346278735], [-0.000253920763498, -0.00142367137596, -0.000887875328772, 4.31419766755e-06, -0.00336976163089, 0.00364487012848, -0.00105534784961, -0.00271522137336, 0.00289572705515, 0.00189113768283, -0.0177604202181, 0.047442600131, -0.0210870970041], [-0.000303893350065, -0.000528393546119, -0.00171193224378, -0.00285288179293, -0.000141133321449, -0.00142630108166, 0.000898403988685, 0.00236206431873, -0.000797688029706, 0.00197714171372, 0.00335346278735, -0.0210870970041, 0.0413369126618]], "cov": [[7942.5, -1122.75695801, 184.76348877, -356.046691895, -346.002105713, 140.945083618, -176.220443726, 4.1482591629, 21.1343574524, 78.1908340454, 179.426986694, 56.0218238831, 45.0825958252], [-1122.75695801, 1414.76123047, -505.396942139, 291.404602051, 186.682754517, -84.2061080933, 95.9436569214, -2.84654045105, 45.3192901611, 27.3839855194, -39.2392692566, 43.2942466736, 29.6540622711], [184.76348877, -505.396942139, 451.341033936, -40.4447402954, -26.9091949463, 71.4519729614, -19.1909351349, 22.701581955, -21.7276649475, -18.9746856689, 11.6785440445, -0.70003247261, 11.4757604599], [-356.046691895, 291.404602051, -40.4447402954, 221.520706177, 47.5754432678, 39.9051132202, 13.8555841446, 20.7436923981, 1.41626882553, 17.9841442108, -13.0804271698, 11.4303331375, 20.8328323364], [-346.002105713, 186.682754517, -26.9091949463, 47.5754432678, 122.767166138, -16.4995307922, 23.3990764618, -8.1982088089, 6.3520026207, -4.07423257828, -14.7405509949, 11.6645784378, 9.28509044647], [140.945083618, -84.2061080933, 71.4519729614, 39.9051132202, -16.4995307922, 91.6313400269, 3.9427781105, 29.8353672028, 1.1778242588, 12.7508764267, 17.9140892029, 1.90061998367, 5.91692399979], [-176.220443726, 95.9436569214, -19.1909351349, 13.8555841446, 23.3990764618, 3.9427781105, 56.9839286804, 12.5151948929, 12.5297842026, 2.43208670616, -1.52785480022, 3.70424795151, 0.493746727705], [4.1482591629, -2.84654045105, 22.701581955, 20.7436923981, -8.1982088089, 29.8353672028, 12.5151948929, 54.8864440918, 18.4991436005, 12.8460578918, 8.28740692139, 2.50203943253, 0.305656015873], [21.1343574524, 45.3192901611, -21.7276649475, 1.41626882553, 6.3520026207, 1.1778242588, 12.5297842026, 18.4991436005, 44.0799369812, 19.6071777344, 9.38019180298, 2.37151455879, -0.972866356373], [78.1908340454, 27.3839855194, -18.9746856689, 17.9841442108, -4.07423257828, 12.7508764267, 2.43208670616, 12.8460578918, 19.6071777344, 45.1075057983, 22.7905921936, 6.18331003189, 0.545637369156], [179.426986694, -39.2392692566, 11.6785440445, -13.0804271698, -14.7405509949, 17.9140892029, -1.52785480022, 8.28740692139, 9.38019180298, 22.7905921936, 49.4861221313, 16.9532985687, 4.25055503845], [56.0218238831, 43.2942466736, -0.70003247261, 11.4303331375, 11.6645784378, 1.90061998367, 3.70424795151, 2.50203943253, 2.37151455879, 6.18331003189, 16.9532985687, 38.1738166809, 19.4552612305], [45.0825958252, 29.6540622711, 11.4757604599, 20.8328323364, 9.28509044647, 5.91692399979, 0.493746727705, 0.305656015873, -0.972866356373, 0.545637369156, 4.25055503845, 19.4552612305, 36.5576133728]], "mean": [-677.669128418, 138.128326416, -11.4208259583, 66.0481491089, 35.6006774902, 18.7490940094, 3.71050262451, 16.176656723, 9.40788650513, 4.93715381622, 0.480347841978, 5.5611371994, 1.85646212101]}, "melbands_spread": {"max": 157.274765015, "dmean": 2.68032097816, "dvar2": 60.2832679749, "dmean2": 4.26668262482, "var": 135.726715088, "median": 5.36352205276, "min": 0.00177973706741, "dvar": 24.5695095062, "mean": 9.12051391602}, "barkbands_kurtosis": {"max": 20546.9902344, "dmean": 11.1539087296, "dvar2": 75118.0546875, "dmean2": 18.240032196, "var": 16791.3398438, "median": 15.3612861633, "min": -1.89245259762, "dvar": 23857.3632812, "mean": 32.5941238403}, "spectral_energyband_high": {"max": 0.0318296998739, "dmean": 0.000195256507141, "dvar2": 1.81714074188e-06, "dmean2": 0.000265554699581, "var": 3.3199430618e-06, "median": 8.85825793375e-05, "min": 7.3559451274e-21, "dvar": 8.66364132435e-07, "mean": 0.000651200592984}, "hfc": {"max": 296.040344238, "dmean": 3.84432244301, "dvar2": 236.563522339, "dmean2": 5.78593730927, "var": 541.222473145, "median": 11.3781051636, "min": 1.08658617319e-16, "dvar": 104.817993164, "mean": 18.4323978424}, "spectral_skewness": {"max": 3.36232256889, "dmean": 0.209804698825, "dvar2": 0.127795025706, "dmean2": 0.372498273849, "var": 0.115449778736, "median": 1.25103199482, "min": -0.0394543074071, "dvar": 0.0405973978341, "mean": 1.25661611557}, "erbbands": {"max": [11.6636247635, 104.326599121, 125.921707153, 167.118759155, 398.875610352, 402.341156006, 264.334747314, 400.717407227, 666.811401367, 585.041381836, 883.795776367, 771.365539551, 2096.01489258, 2757.97045898, 773.31036377, 2278.58374023, 2751.06958008, 4214.81787109, 3185.02636719, 1084.56054688, 1634.43823242, 1106.06799316, 736.401245117, 963.191162109, 670.055541992, 365.715240479, 802.401062012, 309.31451416, 482.473480225, 377.066223145, 218.81413269, 192.626602173, 240.96963501, 344.834350586, 22.6349449158, 10.3850908279, 3.40675234795, 0.424821764231, 0.0321181192994, 0.00207625795156], "dmean": [0.241310343146, 2.856082201, 4.47499084473, 3.92789459229, 5.03324270248, 5.18599891663, 7.27567958832, 4.19880485535, 1.92621195316, 2.42863059044, 5.33401536942, 3.90134119987, 5.01374292374, 7.49861192703, 2.7514705658, 5.03302526474, 7.3686580658, 10.4099626541, 8.60604190826, 8.4999628067, 22.0464706421, 17.4678688049, 8.02114009857, 6.53131866455, 5.99617862701, 3.4835486412, 2.77676606178, 2.75855636597, 2.2487051487, 1.65668094158, 0.998635351658, 0.714517533779, 0.513843297958, 0.272960364819, 0.124054282904, 0.0403857342899, 0.0104314703494, 0.00131272245198, 0.000119996206195, 2.02700994123e-05], "dvar2": [1.60833013058, 92.3593978882, 156.717987061, 166.949234009, 944.858459473, 776.100769043, 454.962799072, 357.408172607, 134.776519775, 469.686126709, 991.885498047, 433.452178955, 4978.62158203, 10154.8583984, 276.386352539, 2034.98913574, 5369.89355469, 9146.49121094, 3991.46899414, 1246.03625488, 5328.02636719, 2667.65014648, 854.43762207, 850.131835938, 711.528930664, 331.367370605, 260.247802734, 226.196975708, 213.321975708, 151.047943115, 69.2352371216, 52.0375442505, 28.5003242493, 11.4214630127, 1.28963041306, 0.146211817861, 0.0123696550727, 0.000167083693668, 1.30879777771e-06, 6.85241197118e-09], "dmean2": [0.383681923151, 4.4738612175, 7.03551149368, 6.64572668076, 8.81739807129, 8.88775157928, 11.362610817, 6.63481235504, 3.26578140259, 4.1529173851, 8.77821159363, 6.47351360321, 8.41523170471, 12.5430450439, 4.55717182159, 8.13982009888, 11.7754869461, 16.8977165222, 13.8969678879, 14.0375528336, 36.3634223938, 29.0700817108, 13.2054510117, 10.713555336, 9.92961597443, 5.75533342361, 4.42232894897, 4.30477428436, 3.39526820183, 2.5203101635, 1.49946069717, 1.06248545647, 0.748043298721, 0.379998266697, 0.178364038467, 0.0565421395004, 0.0146784214303, 0.00181323464494, 0.000168029800989, 3.03324741253e-05], "var": [0.716590106487, 68.623260498, 73.34765625, 59.6900482178, 250.148574829, 213.060928345, 493.706695557, 263.803863525, 78.5024795532, 189.701553345, 755.76965332, 500.391876221, 2933.68359375, 7080.15917969, 214.679260254, 2137.02905273, 4260.26074219, 9637.25097656, 4710.00048828, 1409.25671387, 6450.68505859, 3762.28710938, 1169.31958008, 1183.19494629, 801.796142578, 316.883392334, 377.381225586, 354.213348389, 338.759033203, 199.987304688, 75.814781189, 44.0188522339, 33.802570343, 14.5704097748, 1.48887348175, 0.168150156736, 0.0113250249997, 0.000169577062479, 1.07710650354e-06, 5.88658677358e-09], "median": [0.835615098476, 13.311372757, 10.0516529083, 4.05060529709, 3.61718225479, 4.45193195343, 5.54864120483, 3.12972283363, 1.27277112007, 0.965065836906, 2.0124335289, 2.84514379501, 1.12157344818, 1.16700768471, 1.89290058613, 2.36290454865, 2.72025942802, 4.35697793961, 4.99627494812, 8.685546875, 24.0996627808, 22.0092639923, 10.8649301529, 7.96025180817, 5.79387617111, 2.66193675995, 1.68653535843, 0.965025782585, 0.48361107707, 0.294926434755, 0.159885466099, 0.0797564759851, 0.0346065536141, 0.0137427030131, 0.00504300557077, 0.00132374698296, 0.000329198868712, 7.87897224654e-05, 4.75961678603e-05, 7.65948352637e-05], "min": [3.9106425691e-23, 1.09099528825e-21, 4.04987870244e-21, 7.91476217673e-21, 1.04744693511e-20, 2.88530000376e-20, 8.78075032315e-20, 1.27734949175e-19, 1.96789188708e-19, 1.50586744175e-19, 5.32667194754e-19, 6.92702758443e-19, 8.10686734536e-19, 9.8546824021e-19, 8.12356967289e-19, 1.55512033451e-18, 2.05430284448e-18, 2.1625152326e-18, 3.68176353568e-18, 4.28934134408e-18, 3.89396141899e-18, 5.41322171619e-18, 7.27721904625e-18, 9.36417174348e-18, 9.34484632283e-18, 9.97807045253e-18, 1.01231653766e-17, 1.3549426056e-17, 1.61997797402e-17, 1.28981156222e-17, 1.19934720268e-17, 1.15512786421e-17, 9.85214957506e-18, 8.52236492334e-18, 6.9512205494e-18, 4.35615727165e-18, 2.67940468095e-18, 1.08336289436e-18, 2.79222493037e-19, 2.85964803436e-20], "dvar": [0.645190358162, 36.8711776733, 55.6958236694, 60.0729866028, 327.915374756, 272.130615234, 189.143066406, 153.343460083, 52.3753509521, 175.896591187, 388.433166504, 177.108901978, 1692.87402344, 3567.25732422, 105.761810303, 829.764892578, 2254.82104492, 3769.88085938, 1684.8638916, 476.625457764, 2019.35241699, 1008.53863525, 327.262207031, 333.535827637, 274.11505127, 131.459060669, 112.29964447, 95.3385696411, 90.2061462402, 68.3380050659, 29.7739906311, 22.2982826233, 12.6761217117, 5.59681606293, 0.596337020397, 0.0737028494477, 0.00604441994801, 8.45143513288e-05, 6.15786404978e-07, 3.03356495479e-09], "mean": [0.853748857975, 12.8130102158, 11.3082847595, 6.04370164871, 6.40181016922, 7.53330898285, 13.4151067734, 7.24284982681, 3.13694953918, 3.31912326813, 8.49748420715, 7.26267528534, 8.21081352234, 11.7993125916, 4.96820259094, 8.89781951904, 12.9388885498, 19.6728000641, 17.4918518066, 20.372379303, 52.9729003906, 44.2412033081, 21.7065944672, 16.7532463074, 14.149356842, 7.87251234055, 6.84917545319, 7.14805269241, 6.01257419586, 4.2730140686, 2.60247397423, 1.74440395832, 1.15847682953, 0.610462367535, 0.282139897346, 0.0880953595042, 0.020529512316, 0.00262008374557, 0.000237433196162, 8.4448241978e-05]}, "spectral_contrast_valleys": {"max": [-4.58031415939, -4.7949090004, -5.40698432922, -5.42166519165, -5.19288825989, -7.2524061203], "dmean": [0.363609194756, 0.331352174282, 0.273638308048, 0.21798068285, 0.160537570715, 0.14217466116], "dvar2": [0.247209236026, 0.215226873755, 0.135496392846, 0.10786306113, 0.0862741544843, 0.0953649431467], "dmean2": [0.612932384014, 0.55749887228, 0.45698055625, 0.361029624939, 0.258393853903, 0.198805078864], "var": [0.955566108227, 0.900571763515, 0.846165001392, 0.896174788475, 0.925207495689, 1.50230526924], "median": [-6.32788610458, -7.18690776825, -7.77115678787, -7.61760568619, -7.3546090126, -11.252038002], "min": [-27.9845733643, -28.1808242798, -27.65467453, -27.5878543854, -27.5076885223, -27.3713035583], "dvar": [0.0913641676307, 0.0824713483453, 0.0567233785987, 0.0469563230872, 0.0431611277163, 0.066839389503], "mean": [-6.52015781403, -7.26991844177, -7.82178544998, -7.67223215103, -7.43889141083, -11.0096035004]}, "average_loudness": 0.933177947998, "erbbands_spread": {"max": 141.406524658, "dmean": 7.00209856033, "dvar2": 108.462173462, "dmean2": 11.3586120605, "var": 350.604919434, "median": 62.8486976624, "min": 5.41336631775, "dvar": 40.9432525635, "mean": 61.4179573059}, "melbands_flatness_db": {"max": 0.846949994564, "dmean": 0.0204930808395, "dvar2": 0.00130774010904, "dmean2": 0.0314546301961, "var": 0.00779892131686, "median": 0.325286567211, "min": 0.00392239494249, "dvar": 0.000576636055484, "mean": 0.326443314552}, "barkbands_spread": {"max": 111.793655396, "dmean": 3.2160141468, "dvar2": 54.875869751, "dmean2": 5.0459728241, "var": 187.125137329, "median": 9.77997016907, "min": 0.00353605719283, "dvar": 24.1363945007, "mean": 13.806593895}, "spectral_decrease": {"max": 1.03707066385e-28, "dmean": 3.70050790011e-09, "dvar2": 1.42298226416e-16, "dmean2": 5.73204017584e-09, "var": 1.13766133346e-16, "median": -1.71384009207e-08, "min": -1.28849663383e-07, "dvar": 6.05295368936e-17, "mean": -1.69094320768e-08}, "melbands_crest": {"max": 39.9951171875, "dmean": 1.80533242226, "dvar2": 12.2210702896, "dmean2": 2.9737944603, "var": 8.42693710327, "median": 19.645898819, "min": 1.85928165913, "dvar": 4.39905977249, "mean": 19.3527164459}, "erbbands_flatness_db": {"max": 0.306855559349, "dmean": 0.00910745002329, "dvar2": 0.000181166295079, "dmean2": 0.0141531573609, "var": 0.00114662747364, "median": 0.161447182298, "min": 0.0265685878694, "dvar": 8.65021138452e-05, "mean": 0.155760288239}, "melbands_kurtosis": {"max": 178580.265625, "dmean": 32.1591835022, "dvar2": 5730199.5, "dmean2": 55.1688079834, "var": 965539.6875, "median": 60.7853050232, "min": -1.73419773579, "dvar": 1904030.125, "mean": 93.178276062}, "spectral_rms": {"max": 0.0219159834087, "dmean": 0.000786449003499, "dvar2": 3.43790156876e-06, "dmean2": 0.0012144028442, "var": 7.43349391996e-06, "median": 0.00803961604834, "min": 3.13833290952e-12, "dvar": 1.47764239955e-06, "mean": 0.00751407491043}, "melbands_skewness": {"max": 340.969421387, "dmean": 1.00179183483, "dvar2": 20.7730312347, "dmean2": 1.58682084084, "var": 12.5206632614, "median": 7.1560292244, "min": -0.358960062265, "dvar": 7.07946443558, "mean": 7.38950204849}, "barkbands": {"max": [0.0105772754177, 0.436098635197, 0.109732404351, 0.0599079467356, 0.145906791091, 0.0389226973057, 0.0543497316539, 0.0342792123556, 0.0343230739236, 0.067965246737, 0.0220724027604, 0.0462510548532, 0.0640442371368, 0.100088365376, 0.0364823304117, 0.0246916823089, 0.0303639359772, 0.01687528193, 0.0184011701494, 0.00928578525782, 0.0141805419698, 0.0110586388037, 0.00841733347625, 0.0107754291967, 0.0206171777099, 0.00196773419157, 0.000218517612666], "dmean": [0.000126431288663, 0.0113112227991, 0.00320157688111, 0.00132085499354, 0.00161582254805, 0.000728613988031, 0.000151821674081, 0.000200875278097, 0.00016310425417, 0.000245385686867, 7.5356081652e-05, 0.000119707772683, 0.000177796697244, 0.000198007503059, 0.000181158131454, 0.000370942987502, 0.000325379514834, 0.000138454430271, 0.000134349873406, 7.93397630332e-05, 6.93030160619e-05, 5.79149891564e-05, 3.80302590202e-05, 3.21403058479e-05, 2.03701438295e-05, 6.49556523058e-06, 6.9634626243e-07], "dvar2": [1.26434133563e-06, 0.00166617019568, 9.4502378488e-05, 1.82211897481e-05, 9.60364632192e-05, 6.38859773971e-06, 1.09259474357e-06, 1.45686374253e-06, 9.63489583228e-07, 9.63200000115e-06, 4.0870369844e-07, 1.03106140159e-06, 3.28440228259e-06, 3.62900959772e-06, 1.13786427391e-06, 1.39652433973e-06, 1.22894812193e-06, 2.79103147705e-07, 3.84903415807e-07, 1.76345764658e-07, 1.35942059387e-07, 1.57553273539e-07, 8.73391172718e-08, 1.09633113254e-07, 5.56135333341e-08, 4.2180685611e-09, 4.85529325078e-11], "dmean2": [0.000219512759941, 0.0176763106138, 0.00514602847397, 0.00224027736112, 0.00279154255986, 0.001130770077, 0.000256331986748, 0.000334141688654, 0.00027171173133, 0.000410090258811, 0.000122214696603, 0.000194678286789, 0.000287711882265, 0.000322166160913, 0.000301099003991, 0.000612890347838, 0.000542820314877, 0.000227823053137, 0.000221152571612, 0.000132409084472, 0.000108311258373, 8.69729119586e-05, 5.69401745452e-05, 4.69666520075e-05, 2.83331282844e-05, 9.05424167286e-06, 9.96089738692e-07], "var": [3.20531739817e-07, 0.00115943315905, 3.58714460162e-05, 7.35987214284e-06, 2.48899141297e-05, 5.98969336352e-06, 6.4933522026e-07, 1.0132001762e-06, 9.40766653912e-07, 6.33253148408e-06, 3.46827562225e-07, 9.90139710666e-07, 2.37625931732e-06, 3.96769701183e-06, 1.02185344986e-06, 1.54492056481e-06, 1.46079173646e-06, 3.58746945039e-07, 4.76627860735e-07, 1.5092085448e-07, 2.35369824964e-07, 2.28332311281e-07, 1.10713521906e-07, 1.05201223732e-07, 6.4642044606e-08, 4.46198766824e-09, 3.70679181794e-11], "median": [2.59538828686e-05, 0.0509227216244, 0.00329724303447, 0.000992271350697, 0.00140581093729, 0.000523423252162, 6.411645154e-05, 6.33790914435e-05, 0.000117642579426, 2.66271090368e-05, 3.06312867906e-05, 6.22680308879e-05, 6.01109277341e-05, 7.78733738116e-05, 0.000108353808173, 0.000379192380933, 0.000363833736628, 0.000161229763762, 0.000145980840898, 5.33578022441e-05, 3.41282902809e-05, 1.20875956782e-05, 6.30615022601e-06, 2.83488179775e-06, 9.26239181354e-07, 2.00850678311e-07, 9.53813028559e-08], "min": [4.14727291499e-24, 1.87905602661e-24, 2.15233795457e-24, 1.67491341827e-24, 6.95134211147e-24, 1.78614643467e-23, 6.92923980663e-24, 1.12963303906e-23, 2.64761946186e-23, 1.68812273636e-23, 1.26555771733e-23, 3.30962806253e-23, 3.19601852377e-23, 3.61534037784e-23, 7.28066172046e-23, 5.14998375643e-23, 8.2942735152e-23, 1.24124751703e-22, 1.72133501109e-22, 1.89211847458e-22, 3.00108310548e-22, 4.61294100989e-22, 4.04008057037e-22, 5.98927483538e-22, 9.79118403586e-22, 1.56071785683e-21, 2.06890392e-21], "dvar": [4.60427088456e-07, 0.000683124177158, 3.37283563567e-05, 6.75354021951e-06, 3.33849275194e-05, 2.68800295089e-06, 4.40251199052e-07, 5.57535884127e-07, 3.67752022612e-07, 3.37165351993e-06, 1.60739176636e-07, 4.07374699307e-07, 1.35118841627e-06, 1.52848792823e-06, 4.31030201753e-07, 5.33003571945e-07, 4.52108935178e-07, 1.08432878676e-07, 1.50747794692e-07, 6.79234943846e-08, 5.94850817492e-08, 6.82363179294e-08, 3.89838170634e-08, 4.79086779137e-08, 2.64844608466e-08, 2.14269069154e-09, 2.23607989763e-11], "mean": [0.000114203823614, 0.0495126992464, 0.0049557723105, 0.00171649374533, 0.00234273611568, 0.00133549701422, 0.000218490662519, 0.000301288207993, 0.000300766754663, 0.000368541222997, 0.000117748320918, 0.000206166441785, 0.000291603151709, 0.000356212200131, 0.000336309836712, 0.000831941957586, 0.00077433953993, 0.000339627178619, 0.000327587476932, 0.000168563259649, 0.000181184703251, 0.000154789391672, 0.000101428362541, 7.65273871366e-05, 4.65507910121e-05, 1.35661903187e-05, 1.22774702049e-06]}, "spectral_kurtosis": {"max": 25.9057750702, "dmean": 1.97290432453, "dvar2": 13.3444061279, "dmean2": 3.55906271935, "var": 7.94129562378, "median": 4.27412891388, "min": -1.25227320194, "dvar": 4.15289831161, "mean": 4.81033754349}, "erbbands_skewness": {"max": 5.63714504242, "dmean": 0.287838369608, "dvar2": 0.158702939749, "dmean2": 0.462644189596, "var": 0.437772005796, "median": -0.486123889685, "min": -4.12680053711, "dvar": 0.0612467937171, "mean": -0.435575932264}, "melbands": {"max": [0.111950427294, 0.0871361047029, 0.0274751465768, 0.0363527908921, 0.00908831972629, 0.00800263602287, 0.011220776476, 0.0058861952275, 0.00753258960322, 0.00552779296413, 0.0110612893477, 0.011867784895, 0.003007407533, 0.00569571135566, 0.00548424664885, 0.00852659903467, 0.00735202804208, 0.00786661636084, 0.0022145002149, 0.00130106369033, 0.00200367858633, 0.00150326371659, 0.000791482336354, 0.000782290706411, 0.000796132022515, 0.000639382051304, 0.000393816124415, 0.000234101476963, 0.00068633724004, 0.000232665988733, 0.000227610929869, 0.000315292360028, 0.00020448648138, 0.000204159048735, 0.000124551923363, 0.00011716355948, 0.000123581761727, 0.000165030258358, 0.000485370197566, 0.000185066543054], "dmean": [0.00271117757075, 0.00286361249164, 0.000656800577417, 0.000396938732592, 0.00022244900174, 0.000101569974504, 2.99879084196e-05, 2.64285590674e-05, 4.50537481811e-05, 2.33678038057e-05, 2.56022995018e-05, 3.22992818838e-05, 9.09735172172e-06, 1.27822331706e-05, 1.18346497402e-05, 2.22505223064e-05, 1.95991578948e-05, 1.37473080031e-05, 1.39025423778e-05, 1.84802938747e-05, 2.89454274025e-05, 2.15202871914e-05, 1.16850178529e-05, 6.42211625745e-06, 5.94222001382e-06, 5.34098171556e-06, 3.81814834327e-06, 2.29812985708e-06, 1.86243710232e-06, 1.87532521068e-06, 1.67880966728e-06, 1.42216413224e-06, 1.19901915241e-06, 9.5071271744e-07, 6.54357677377e-07, 4.87581985453e-07, 4.61733378643e-07, 3.99504671122e-07, 3.21955667459e-07, 2.17926753976e-07], "dvar2": [0.000131463370053, 6.70182344038e-05, 5.38689209861e-06, 6.32352839602e-06, 4.36285347405e-07, 1.74395154318e-07, 3.52008093785e-08, 4.90998885994e-08, 6.91130352948e-08, 1.81630142038e-08, 1.34572957222e-07, 1.87188263112e-07, 3.74380082491e-09, 1.11681091042e-08, 1.25179289157e-08, 5.53620118637e-08, 3.15956292241e-08, 1.31752191379e-08, 4.8727719637e-09, 3.58467633355e-09, 9.71209335177e-09, 4.43604841749e-09, 1.63559865651e-09, 6.85642986831e-10, 7.05880742746e-10, 5.84046921936e-10, 3.58420043645e-10, 1.40249908909e-10, 1.53612664255e-10, 9.1075126607e-11, 9.37840707871e-11, 8.65080229673e-11, 7.19916071201e-11, 4.77914860464e-11, 2.74211972573e-11, 1.97336643554e-11, 2.28238539179e-11, 1.64632491667e-11, 2.1900013053e-11, 5.95756083355e-12], "dmean2": [0.00427232310176, 0.00445517105982, 0.00111391081009, 0.000689415959641, 0.000351325143129, 0.000159396513482, 5.07458571519e-05, 4.53268912679e-05, 7.38436938263e-05, 3.88559892599e-05, 4.28558414569e-05, 5.39199063496e-05, 1.49533398144e-05, 2.08512301469e-05, 1.91110812011e-05, 3.58996076102e-05, 3.18978563882e-05, 2.20347574214e-05, 2.32262264035e-05, 3.08098096866e-05, 4.7885132517e-05, 3.59533951269e-05, 1.9371502276e-05, 1.06471816252e-05, 9.8529699244e-06, 8.81827418198e-06, 6.45785576125e-06, 3.81562176699e-06, 3.05514163301e-06, 2.97897076962e-06, 2.65202447736e-06, 2.19387993639e-06, 1.86850684258e-06, 1.47521234339e-06, 1.01071771041e-06, 7.47076001062e-07, 7.02752629422e-07, 5.97315249706e-07, 4.71977216421e-07, 3.16425314395e-07], "var": [7.87086828495e-05, 4.55734625575e-05, 1.96800306185e-06, 1.61414914146e-06, 3.98971536697e-07, 1.3595574444e-07, 2.12757562679e-08, 2.02212184774e-08, 5.23380236928e-08, 2.11387938265e-08, 8.04870623483e-08, 1.3022261669e-07, 3.28356275503e-09, 1.12038831546e-08, 1.00611945442e-08, 4.13802716537e-08, 3.35198890866e-08, 1.64116791268e-08, 4.44816716794e-09, 3.74526853975e-09, 1.10006750376e-08, 5.27707744169e-09, 1.83719617297e-09, 7.82205078487e-10, 8.3427637021e-10, 6.72521816014e-10, 2.75206496481e-10, 1.16586601484e-10, 1.74946598874e-10, 1.3255774256e-10, 1.17299114866e-10, 1.14190573663e-10, 8.74062627831e-11, 5.57564550085e-11, 2.74643294218e-11, 1.72666568543e-11, 1.71914513875e-11, 1.53775065598e-11, 3.41604800003e-11, 5.60979864991e-12], "median": [0.0118652191013, 0.0106608495116, 0.000686255923938, 0.000281296495814, 0.000201881877729, 7.61362971389e-05, 1.66627996805e-05, 1.0274379747e-05, 1.77933106897e-05, 1.70090097527e-05, 4.8628417062e-06, 4.30683940067e-06, 5.23452490597e-06, 7.44698991184e-06, 4.31266334999e-06, 7.00177406543e-06, 7.84529584053e-06, 6.91746754455e-06, 8.86977795744e-06, 1.72041545738e-05, 2.89292856905e-05, 2.34161434491e-05, 1.29455293063e-05, 6.97631685398e-06, 6.08694290349e-06, 4.97546989209e-06, 2.60068782154e-06, 1.4670811197e-06, 9.84765847534e-07, 8.48061119996e-07, 4.41210545432e-07, 2.7358808552e-07, 1.99228338715e-07, 1.42619526855e-07, 9.43628393202e-08, 5.68099878251e-08, 4.26481960858e-08, 2.5305794793e-08, 1.54085242343e-08, 9.84615322608e-09], "min": [4.95578838827e-25, 2.43780581135e-24, 1.93456876016e-24, 1.0035627126e-24, 2.81074138202e-24, 3.11202353337e-24, 2.84028047583e-24, 1.57628312537e-24, 4.45154287702e-24, 4.33040934072e-24, 3.58258497979e-24, 3.88974138387e-24, 1.91054814281e-24, 3.21657580509e-24, 4.4172747593e-24, 4.63578765232e-24, 3.44456627024e-24, 5.17511568158e-24, 5.24053118328e-24, 4.82168311907e-24, 4.40158865463e-24, 4.39476264122e-24, 5.03774659898e-24, 6.66958308423e-24, 6.14065736931e-24, 6.2570360465e-24, 4.11959454684e-24, 6.83503088188e-24, 5.8092927962e-24, 6.92603150933e-24, 6.78752015615e-24, 7.75797289744e-24, 7.37412264729e-24, 5.74759401265e-24, 5.9499143523e-24, 6.68965722769e-24, 6.58114862131e-24, 6.04613487235e-24, 7.22152066062e-24, 6.4833977111e-24], "dvar": [5.40163673577e-05, 2.53978723777e-05, 1.94324684344e-06, 2.1970238322e-06, 1.74457483126e-07, 7.40468237836e-08, 1.39021389955e-08, 1.81809056699e-08, 2.73146643082e-08, 7.30555260731e-09, 4.60311007089e-08, 6.5856454512e-08, 1.49357237689e-09, 4.35574287749e-09, 5.05364106118e-09, 2.27546372855e-08, 1.31042545704e-08, 5.88505866261e-09, 1.85009108034e-09, 1.37792277588e-09, 3.63935082071e-09, 1.66663716161e-09, 6.19321260942e-10, 2.5654067759e-10, 2.71979244681e-10, 2.27481394832e-10, 1.30493976735e-10, 5.58062415723e-11, 6.43269881806e-11, 3.78466667728e-11, 3.85632428768e-11, 3.51509620022e-11, 3.02538757935e-11, 2.10997729705e-11, 1.13711861108e-11, 8.38028778316e-12, 9.5212995474e-12, 7.20321068418e-12, 1.01935100985e-11, 2.74238292665e-12], "mean": [0.0116782849655, 0.010639205575, 0.00101804337464, 0.000527581141796, 0.000417770206695, 0.0001798614976, 4.65701814392e-05, 3.66387212125e-05, 7.15531496098e-05, 4.32931628893e-05, 4.06584404118e-05, 4.97872279084e-05, 1.53759610839e-05, 2.19506346184e-05, 1.99549467652e-05, 3.69166264136e-05, 3.56225136784e-05, 2.65017370111e-05, 2.5523990189e-05, 3.9131660742e-05, 6.57826676616e-05, 4.91871978738e-05, 2.7025665986e-05, 1.46721085912e-05, 1.34643196361e-05, 1.19404521683e-05, 7.64562173572e-06, 4.60021919935e-06, 4.02172827307e-06, 4.45946898253e-06, 3.96232098865e-06, 3.47991795024e-06, 2.82722066913e-06, 2.20661922867e-06, 1.55821498993e-06, 1.14961687814e-06, 1.0280002698e-06, 8.43406610329e-07, 6.76567537994e-07, 4.55401192312e-07]}, "spectral_centroid": {"max": 11520.5751953, "dmean": 185.681060791, "dvar2": 94526.9921875, "dmean2": 295.447998047, "var": 400460.15625, "median": 1167.89050293, "min": 112.528251648, "dvar": 41459.9296875, "mean": 1225.35083008}, "pitch_salience": {"max": 0.937136650085, "dmean": 0.071270853281, "dvar2": 0.0134564610198, "dmean2": 0.116293333471, "var": 0.01985026896, "median": 0.288097888231, "min": 0.00263878121041, "dvar": 0.00505490461364, "mean": 0.317378401756}, "gfcc": {"icov": [[0.000561375461984, -0.00136625883169, 0.000733966531698, -0.00133325054776, 0.00107475137338, -0.00169495819137, 0.000542391557246, -0.00171581818722, 0.00110405695159, -0.00265062786639, 0.0013857500162, -0.00118217826821, -0.000131867971504], [-0.00136625883169, 0.00813540350646, -0.000481914554257, 0.00398606620729, -0.00491764489561, 0.00726122129709, -0.00221293140203, 0.00479731988162, -0.00503366952762, 0.0105529827997, -0.00894921645522, 0.00718945916742, -0.00352039956488], [0.000733966531698, -0.000481914554257, 0.00444775400683, -0.00292336428538, -0.00103275245056, -0.0018606421072, 2.79950127151e-05, -0.00232932134531, 0.00221405713819, -0.00317615340464, 0.00115471193567, -0.0044484809041, 0.000856904604007], [-0.00133325054776, 0.00398606620729, -0.00292336428538, 0.0118960626423, -0.000279044121271, 0.00127993605565, -0.000967463653069, 0.00992716662586, -0.00864919833839, 0.00962316524237, -0.00599485542625, 0.00524503504857, -0.00225433916785], [0.00107475137338, -0.00491764489561, -0.00103275245056, -0.000279044121271, 0.0115890419111, -0.000645139429253, -0.000700256729033, -0.00480595743284, 0.00240731285885, -0.00399289513007, 0.000922246836126, 0.00157055899035, -0.00305237015709], [-0.00169495819137, 0.00726122129709, -0.0018606421072, 0.00127993605565, -0.000645139429253, 0.0206290520728, -0.00550657976419, -0.00085047975881, -0.00343837589025, 0.00769470073283, -0.00564077543095, 0.00268018175848, 4.49319013569e-05], [0.000542391557246, -0.00221293140203, 2.79950127151e-05, -0.000967463653069, -0.000700256729033, -0.00550657976419, 0.0160349030048, -0.000999653362669, -0.00663800025359, 0.00329383206554, -0.00133542867843, 0.0033813607879, 0.000357796612661], [-0.00171581818722, 0.00479731988162, -0.00232932134531, 0.00992716662586, -0.00480595743284, -0.00085047975881, -0.000999653362669, 0.0308234822005, -0.00923497416079, 0.000453199289041, 0.00196010153741, 0.00380911119282, -0.0031826030463], [0.00110405695159, -0.00503366952762, 0.00221405713819, -0.00864919833839, 0.00240731285885, -0.00343837589025, -0.00663800025359, -0.00923497416079, 0.0292333886027, -0.01281407848, -0.00259765121154, 0.00098069163505, 0.000136895963806], [-0.00265062786639, 0.0105529827997, -0.00317615340464, 0.00962316524237, -0.00399289513007, 0.00769470073283, 0.00329383206554, 0.000453199289041, -0.01281407848, 0.0483552403748, -0.0243265870959, 0.0043623377569, 0.00176159001421], [0.0013857500162, -0.00894921645522, 0.00115471193567, -0.00599485542625, 0.000922246836126, -0.00564077543095, -0.00133542867843, 0.00196010153741, -0.00259765121154, -0.0243265870959, 0.0448941811919, -0.0191256534308, -0.00363860372454], [-0.00118217826821, 0.00718945916742, -0.0044484809041, 0.00524503504857, 0.00157055899035, 0.00268018175848, 0.0033813607879, 0.00380911119282, 0.00098069163505, 0.0043623377569, -0.0191256534308, 0.0487226136029, -0.0211836211383], [-0.000131867971504, -0.00352039956488, 0.000856904604007, -0.00225433916785, -0.00305237015709, 4.49319013569e-05, 0.000357796612661, -0.0031826030463, 0.000136895963806, 0.00176159001421, -0.00363860372454, -0.0211836211383, 0.0363882929087]], "cov": [[8215.69824219, -603.942260742, -606.85357666, 374.092590332, -850.916687012, 599.117004395, -240.67791748, 250.335067749, 45.974697113, 325.153198242, 32.5430221558, 193.65687561, 61.033367157], [-603.942260742, 1316.66577148, -212.075820923, -71.9681396484, 511.272094727, -334.227752686, 219.15007019, -91.5414810181, 143.054534912, -127.533439636, 132.141876221, -119.194023132, 108.326705933], [-606.85357666, -212.075820923, 431.770141602, 48.0695381165, 14.3076286316, 41.6442375183, -14.6904363632, 5.81611299515, -21.724199295, 20.8667640686, 7.85266065598, 50.8761978149, 1.370241642], [374.092590332, -71.9681396484, 48.0695381165, 227.402069092, -76.8165206909, 62.3928985596, 26.2468414307, -35.0037651062, 46.4531402588, -1.75248384476, 20.9759216309, 9.11746406555, 4.82425737381], [-850.916687012, 511.272094727, 14.3076286316, -76.8165206909, 355.395446777, -160.323791504, 96.8530197144, -24.9839096069, 44.7027549744, -53.7009925842, 49.8983078003, -50.293384552, 46.2984313965], [599.117004395, -334.227752686, 41.6442375183, 62.3928985596, -160.323791504, 177.736114502, -27.1280612946, 38.8159599304, -9.42665863037, 41.2142105103, -19.8368110657, 34.7667274475, -20.9891109467], [-240.67791748, 219.15007019, -14.6904363632, 26.2468414307, 96.8530197144, -27.1280612946, 137.148376465, -15.9657373428, 59.9599990845, -32.2512054443, 26.117723465, -35.540348053, 10.9718236923], [250.335067749, -91.5414810181, 5.81611299515, -35.0037651062, -24.9839096069, 38.8159599304, -15.9657373428, 67.276763916, -0.980327129364, 27.3478927612, -9.33028030396, 11.4668960571, -1.93475699425], [45.974697113, 143.054534912, -21.724199295, 46.4531402588, 44.7027549744, -9.42665863037, 59.9599990845, -0.980327129364, 86.0516662598, 3.35223031044, 36.2681846619, -12.7320566177, 16.2106246948], [325.153198242, -127.533439636, 20.8667640686, -1.75248384476, -53.7009925842, 41.2142105103, -32.2512054443, 27.3478927612, 3.35223031044, 65.3793334961, 16.4264011383, 29.8699798584, 2.2474219799], [32.5430221558, 132.141876221, 7.85266065598, 20.9759216309, 49.8983078003, -19.8368110657, 26.117723465, -9.33028030396, 36.2681846619, 16.4264011383, 69.0584716797, 17.5560112, 33.347984314], [193.65687561, -119.194023132, 50.8761978149, 9.11746406555, -50.293384552, 34.7667274475, -35.540348053, 11.4668960571, -12.7320566177, 29.8699798584, 17.5560112, 61.7675323486, 21.9433956146], [61.033367157, 108.326705933, 1.370241642, 4.82425737381, 46.2984313965, -20.9891109467, 10.9718236923, -1.93475699425, 16.2106246948, 2.2474219799, 33.347984314, 21.9433956146, 58.0210037231]], "mean": [-36.2621955872, 120.883575439, -108.613868713, 71.6733474731, -12.3902740479, 8.90677452087, -26.4827842712, 8.63732242584, -6.98712110519, -5.56472110748, -9.71130561829, -1.14025378227, -1.62560284138]}, "spectral_flux": {"max": 0.5324883461, "dmean": 0.0213098227978, "dvar2": 0.00255224620923, "dmean2": 0.0342066176236, "var": 0.00306658190675, "median": 0.0584065169096, "min": 6.50626635901e-11, "dvar": 0.00114166177809, "mean": 0.072367683053}, "zerocrossingrate": {"max": 0.51904296875, "dmean": 0.00481828395277, "dvar2": 7.55681103328e-05, "dmean2": 0.00620428286493, "var": 0.000855470541865, "median": 0.0185546875, "min": 0, "dvar": 5.32970298082e-05, "mean": 0.0264443047345}, "spectral_energyband_middle_low": {"max": 0.174704551697, "dmean": 0.00308711733669, "dvar2": 0.0001992390753, "dmean2": 0.0051446352154, "var": 7.73273350205e-05, "median": 0.00445143366233, "min": 1.86471975762e-22, "dvar": 7.14321140549e-05, "mean": 0.00629348633811}, "silence_rate_20dB": {"max": 1, "dmean": 0.00120496447198, "dvar2": 0.00348979141563, "dmean2": 0.00241000158712, "var": 0.000662023667246, "median": 1, "min": 0, "dvar": 0.00120322045404, "mean": 0.999337315559}, "silence_rate_30dB": {"max": 1, "dmean": 0.043860707432, "dvar2": 0.0922951176763, "dmean2": 0.0877240523696, "var": 0.0633045583963, "median": 1, "min": 0, "dvar": 0.0419531241059, "mean": 0.932102322578}, "spectral_entropy": {"max": 9.81371593475, "dmean": 0.0910495147109, "dvar2": 0.0177806615829, "dmean2": 0.141092777252, "var": 0.123771727085, "median": 7.47535705566, "min": 6.38738870621, "dvar": 0.00833383109421, "mean": 7.50136804581}, "spectral_rolloff": {"max": 19186.0839844, "dmean": 196.653945923, "dvar2": 670136.9375, "dmean2": 337.63079834, "var": 1173150.375, "median": 129.19921875, "min": 21.533203125, "dvar": 282882.09375, "mean": 480.002471924}, "spectral_complexity": {"max": 64, "dmean": 2.93920946121, "dvar2": 25.9487361908, "dmean2": 4.61430931091, "var": 161.788345337, "median": 15, "min": 0, "dvar": 13.553401947, "mean": 17.2132415771}, "spectral_spread