{"metadata": {"version": {"essentia_git_sha": "v2.1_beta2", "essentia_build_sha": "70f2e5ece6736b2c40cc944ad0e695b16b925413", "extractor": "music 1.0", "essentia": "2.1-beta2"}, "audio_properties": {"analysis_sample_rate": 44100, "md5_encoded": "c31470a6cd9c7c2b7aa13024054f589f", "downmix": "mix", "sample_rate": 44100, "equal_loudness": 0, "lossless": true, "codec": "flac", "bit_rate": 0, "length": 215.466659546, "replay_gain": -11.0533676147}, "tags": {"script": ["Latn"], "musicbrainz_releasetrackid": ["8fa17cde-1235-38bf-8f85-1cfc2e56b752"], "releasecountry": ["US"], "grouping": ["Rock"], "musicbrainz_artistid": ["50ad1cde-1536-4268-a55f-e47a7b8280ab"], "catalognumber": ["MFO 42601"], "label": ["Manifesto"], "date": ["2003-05-20"], "disctotal": ["1"], "musicbrainz_albumid": ["42c52a3f-8341-49bb-b311-b5ed8dfaf70d"], "tracktotal": ["10"], "acoustid_id": ["10ac02de-5a4a-495b-8bef-2b1826503ae5"], "album": ["Precollection"], "discnumber": ["1"], "artistsort": ["Lilys"], "language": ["eng"], "file_name": "1-03 Will My Lord Be Gardening.flac", "genre": ["Indie Rock"], "artist": ["Lilys"], "asin": ["B00008G5KK"], "musicbrainz_discid": ["5yf3STaz4ewSnryo6KyYLSreNbk-"], "releasestatus": ["official"], "originaldate": ["2003-05-20"], "albumartist": ["Lilys"], "tracknumber": ["3"], "musicbrainz_recordingid": ["8a4d7b62-5cc8-4d0f-8af0-e0ed52a44aac"], "totaldiscs": ["1"], "releasetype": ["album"], "albumartistsort": ["Lilys"], "media": ["CD"], "barcode": ["767004260129"], "title": ["Will My Lord Be Gardening"], "musicbrainz_releasegroupid": ["7d62bfcc-c772-3b04-bfda-96868abe3924"], "musicbrainz_albumartistid": ["50ad1cde-1536-4268-a55f-e47a7b8280ab"]}}, "rhythm": {"beats_loudness": {"var": 0.00161685375497, "mean": 0.0670281350613, "dmean2": 0.0800267457962, "dvar": 0.00100849056616, "dmean": 0.0422406755388, "max": 0.178815498948, "min": 8.36282811664e-13, "median": 0.0636639371514, "dvar2": 0.00342388753779}, "beats_position": [0.510838985443, 1.04489791393, 1.57895684242, 2.11301589012, 2.65868473053, 3.20435357094, 3.76163268089, 4.31891155243, 4.87619018555, 5.41024923325, 5.93269824982, 6.45514726639, 6.96598625183, 7.47682523727, 7.99927425385, 8.52172279358, 9.03256225586, 9.54340076447, 10.0658502579, 10.5882987976, 11.0991382599, 11.6099767685, 12.1324262619, 12.6548748016, 13.1657142639, 13.6881628036, 14.2106122971, 14.7214508057, 15.2322902679, 15.7547388077, 16.2771873474, 16.7880268097, 17.298866272, 17.8213157654, 18.3437633514, 18.8546028137, 19.3770523071, 19.8994998932, 20.4103393555, 20.9327888489, 21.4552383423, 21.9660758972, 22.4769153595, 22.9993648529, 23.5218143463, 24.0326519012, 24.5434913635, 25.0543308258, 25.5767803192, 26.0992279053, 26.6216773987, 27.1441268921, 27.6549663544, 28.1658039093, 28.6766433716, 29.199092865, 29.7215423584, 30.2323799133, 30.7548294067, 31.2772789001, 31.7881164551, 32.3105659485, 32.8330154419, 33.3438529968, 33.8546943665, 34.3771438599, 34.8995895386, 35.4104309082, 35.9328804016, 36.455329895, 36.96616745, 37.4886169434, 38.0110664368, 38.5219039917, 39.0327415466, 39.5435829163, 40.0660324097, 40.5884780884, 41.099319458, 41.6217689514, 42.1442184448, 42.6550559998, 43.1658935547, 43.6883430481, 44.2107925415, 44.7216300964, 45.2440795898, 45.7665290833, 46.2773704529, 46.7882080078, 47.2990455627, 47.8214950562, 48.3439445496, 48.8547821045, 49.3772315979, 49.8996810913, 50.4105224609, 50.9329681396, 51.4554176331, 51.9662590027, 52.4770965576, 52.999546051, 53.5219955444, 54.0328330994, 54.5436706543, 55.0661201477, 55.5885696411, 56.1110191345, 56.6218566895, 57.1443061829, 57.6551475525, 58.1659851074, 58.6768226624, 59.1992721558, 59.7217216492, 60.2441711426, 60.7550086975, 61.2774581909, 61.7999076843, 62.310749054, 62.8331947327, 63.3440361023, 63.8548736572, 64.3773193359, 64.899772644, 65.4106140137, 65.9330596924, 66.4555053711, 66.9663467407, 67.4771881104, 67.9996337891, 68.5220870972, 69.0329208374, 69.543762207, 70.0662155151, 70.5886611938, 71.0995025635, 71.6219482422, 72.1444015503, 72.6552352905, 73.1660766602, 73.6885223389, 74.210975647, 74.7218093872, 75.2326507568, 75.7551040649, 76.2775497437, 76.7883911133, 77.310836792, 77.8332901001, 78.3441238403, 78.85496521, 79.3774108887, 79.8998641968, 80.410697937, 80.9215393066, 81.4439926147, 81.9664382935, 82.4772796631, 82.9997253418, 83.5221786499, 84.0330123901, 84.5554656982, 85.0662994385, 85.5887527466, 86.0995864868, 86.6220397949, 87.1444854736, 87.6553268433, 88.1661682129, 88.6886138916, 89.2110671997, 89.7219009399, 90.2327423096, 90.7551879883, 91.2776412964, 91.788482666, 92.3109283447, 92.8333740234, 93.3442153931, 93.8550567627, 94.3658905029, 94.888343811, 95.4107894897, 95.9332427979, 96.4556884766, 96.9665298462, 97.4773712158, 97.9998168945, 98.5222625732, 99.0331039429, 99.5439453125, 100.066390991, 100.588844299, 101.09967804, 101.610519409, 102.132965088, 102.655418396, 103.177864075, 103.688705444, 104.211151123, 104.721992493, 105.232833862, 105.755279541, 106.277732849, 106.788566589, 107.311019897, 107.833465576, 108.344306946, 108.866752625, 109.389205933, 109.900039673, 110.410881042, 110.933334351, 111.455780029, 111.966621399, 112.477455139, 112.999908447, 113.522354126, 114.033195496, 114.544036865, 115.066482544, 115.588935852, 116.099769592, 116.6222229, 117.144668579, 117.655509949, 118.177955627, 118.700408936, 119.211242676, 119.722084045, 120.232925415, 120.755371094, 121.277824402, 121.788658142, 122.31111145, 122.833557129, 123.344398499, 123.855232239, 124.377685547, 124.900131226, 125.410972595, 125.933418274, 126.455871582, 126.966712952, 127.477546692, 128, 128.522445679, 129.033279419, 129.544128418, 130.066574097, 130.589019775, 131.099868774, 131.622314453, 132.144760132, 132.655593872, 133.166442871, 133.68888855, 134.211334229, 134.722167969, 135.233016968, 135.755462646, 136.277908325, 136.788757324, 137.311203003, 137.833648682, 138.344482422, 138.855331421, 139.3777771, 139.900222778, 140.411056519, 140.933517456, 141.444351196, 141.966796875, 142.489242554, 143.011703491, 143.522537231, 144.033370972, 144.555831909, 145.078277588, 145.589111328, 146.099945068, 146.622406006, 147.144851685, 147.655685425, 148.166534424, 148.688980103, 149.211425781, 149.722259521, 150.233108521, 150.755554199, 151.277999878, 151.800445557, 152.322906494, 152.833740234, 153.344573975, 153.867019653, 154.389480591, 154.900314331, 155.411148071, 155.933609009, 156.456054688, 156.966888428, 157.477722168, 158.000183105, 158.522628784, 159.033462524, 159.544311523, 160.066757202, 160.589202881, 161.11164856, 161.634094238, 162.144943237, 162.655776978, 163.166610718, 163.689071655, 164.211517334, 164.722351074, 165.244796753, 165.76725769, 166.278091431, 166.788925171, 167.311386108, 167.833831787, 168.344665527, 168.867111206, 169.389572144, 169.900405884, 170.411239624, 170.933700562, 171.45614624, 171.96697998, 172.477813721, 173.011871338, 173.522720337, 174.033554077, 174.555999756, 175.078460693, 175.589294434, 176.100128174, 176.622589111, 177.14503479, 177.65586853, 178.166702271, 178.689163208, 179.211608887, 179.722442627, 180.244888306, 180.767349243, 181.278182983, 181.789016724, 182.311477661, 182.83392334, 183.34475708, 183.85559082, 184.378051758, 184.900497437, 185.411331177, 185.922180176, 186.433013916, 186.943847656, 187.466293335, 187.988754272, 188.511199951, 189.03364563, 189.54447937, 190.066940308, 190.577774048, 191.088607788, 191.611068726, 192.133514404, 192.655960083, 193.178405762, 193.70085144, 194.211700439, 194.72253418, 195.244979858, 195.755828857, 196.278274536, 196.789108276, 197.311553955, 197.834014893, 198.36807251, 198.902130127, 199.447799683, 199.993469238, 200.539138794, 201.038360596, 201.525985718, 202.02520752, 202.52444458, 203.023666382, 203.522903442, 204.022125244, 204.509750366, 205.07862854, 205.647521973, 206.204803467, 206.831741333, 207.458679199, 208.085617065, 208.712554932, 209.339492798, 209.838729858, 210.326339722, 210.813964844, 211.301589966, 211.789199829, 212.276824951, 212.776046753, 213.275283813, 213.774505615, 214.273742676, 214.772964478], "bpm_histogram_first_peak_spread": {"var": 0, "mean": 0.46031743288, "dmean2": 0, "dvar": 0, "dmean": 0, "max": 0.46031743288, "min": 0.46031743288, "median": 0.46031743288, "dvar2": 0}, "danceability": 1.41175997257, "bpm_histogram_second_peak_weight": {"var": 0, "mean": 0.0290556903929, "dmean2": 0, "dvar": 0, "dmean": 0, "max": 0.0290556903929, "min": 0.0290556903929, "median": 0.0290556903929, "dvar2": 0}, "bpm_histogram_first_peak_weight": {"var": 0, "mean": 0.493946731091, "dmean2": 0, "dvar": 0, "dmean": 0, "max": 0.493946731091, "min": 0.493946731091, "median": 0.493946731091, "dvar2": 0}, "bpm": 115.87210083, "bpm_histogram_second_peak_spread": {"var": 0, "mean": 0.368421077728, "dmean2": 0, "dvar": 0, "dmean": 0, "max": 0.368421077728, "min": 0.368421077728, "median": 0.368421077728, "dvar2": 0}, "bpm_histogram_second_peak_bpm": {"var": 0, "mean": 120, "dmean2": 0, "dvar": 0, "dmean": 0, "max": 120, "min": 120, "median": 120, "dvar2": 0}, "beats_count": 414, "beats_loudness_band_ratio": {"var": [0.0238626282662, 0.00703023932874, 0.00467641139403, 0.00258886208758, 0.00111418787856, 0.00252913846634], "mean": [0.74741590023, 0.131200000644, 0.0651189982891, 0.0402783751488, 0.0231531411409, 0.0330220833421], "dmean2": [0.25235158205, 0.146901920438, 0.0948680192232, 0.0657909885049, 0.0290283020586, 0.0428010597825], "dvar": [0.0147253638133, 0.00499796448275, 0.00448210397735, 0.00313408649527, 0.000975733739324, 0.00339303747751], "dmean": [0.139925628901, 0.0808770060539, 0.0531418770552, 0.0363494381309, 0.0163603462279, 0.0234146863222], "max": [0.998806059361, 0.606600284576, 0.479608803988, 0.390248268843, 0.450069755316, 0.859571933746], "min": [0, 0, 0, 0, 0, 0], "median": [0.779823362827, 0.118886560202, 0.0440696850419, 0.0223243813962, 0.0132273305207, 0.0216033235192], "dvar2": [0.0384229645133, 0.0139687051997, 0.01283404883, 0.00888975709677, 0.00262511055917, 0.00995644181967]}, "onset_rate": 3.86576676369, "bpm_histogram_first_peak_bpm": {"var": 0, "mean": 115, "dmean2": 0, "dvar": 0, "dmean": 0, "max": 115, "min": 115, "median": 115, "dvar2": 0}}, "lowlevel": {"hfc": {"var": 238.17326355, "mean": 13.8731193542, "dmean2": 8.51563358307, "dvar": 105.664367676, "dmean": 6.25983190536, "max": 110.110641479, "min": 1.09925275682e-16, "median": 8.93000888824, "dvar2": 206.698410034}, "barkbands_spread": {"var": 186.450119019, "mean": 15.920343399, "dmean2": 8.17195034027, "dvar": 62.228313446, "dmean": 5.45119953156, "max": 127.760910034, "min": 0.102698355913, "median": 12.6095046997, "dvar2": 130.550720215}, "spectral_spread": {"var": 8470043033600.0, "mean": 4991855.5, "dmean2": 972815, "dvar": 1018646495230.0, "dmean": 792073.3125, "max": 43042616, "min": 515272.3125, "median": 4514590, "dvar2": 1645490339840.0}, "spectral_energy": {"var": 0.00123064324725, "mean": 0.0289300549775, "dmean2": 0.0275844298303, "dvar": 0.0011106103193, "dmean": 0.0172903649509, "max": 0.262422204018, "min": 1.00663066098e-20, "median": 0.0181199107319, "dvar2": 0.00270363874733}, "gfcc": {"icov": [[9.00463564903e-05, -4.64103832201e-05, 0.000131322682137, 6.35831529507e-05, 0.000237977685174, 4.09484164265e-05, 0.00024960245355, -0.000101736055512, 0.000195636559511, -0.000216675602132, 0.000520383880939, -0.000450728897704, 0.000495974905789], [-4.64103832201e-05, 0.00105373701081, 0.000274703605101, 0.000248944241321, -0.000399100303184, 0.000428204075433, -0.000369904766558, 0.000280786072835, -0.000643656589091, 0.00135197571944, -0.00261993263848, 0.00203381525353, -0.00173801230267], [0.000131322682137, 0.000274703605101, 0.0014606975019, -0.000313910131808, -0.000472277490189, 0.00055747438455, -0.000351846392732, 5.45181501366e-05, -0.000448020349722, 0.000143571669469, -0.000114248694445, -0.0016328758793, 0.00101062154863], [6.35831529507e-05, 0.000248944241321, -0.000313910131808, 0.00274129468016, 0.000422147975769, -0.000883586879354, 0.000734891975299, 0.00084908248391, -0.000309249386191, 0.000340998842148, -0.000442194548668, 0.00135923770722, -0.00134481163695], [0.000237977685174, -0.000399100303184, -0.000472277490189, 0.000422147975769, 0.00383589859121, -0.000516452768352, 0.000166816098499, 0.000162534415722, -0.000193539861357, -0.00122248521075, 0.00225361785851, -0.00123950396664, 0.00131908745971], [4.09484164265e-05, 0.000428204075433, 0.00055747438455, -0.000883586879354, -0.000516452768352, 0.00726289581507, -0.00288007967174, -0.00113281502854, 0.00212913542055, -0.00194103631657, -0.000418329291278, 1.90723549167e-05, -0.000880995532498], [0.00024960245355, -0.000369904766558, -0.000351846392732, 0.000734891975299, 0.000166816098499, -0.00288007967174, 0.0118961716071, -0.00228251353838, -0.00109005370177, 0.00434666126966, -0.00216748099774, -0.00162067217752, 0.00294460821897], [-0.000101736055512, 0.000280786072835, 5.45181501366e-05, 0.00084908248391, 0.000162534415722, -0.00113281502854, -0.00228251353838, 0.0125349014997, -0.00307548954152, -0.000160333962413, -0.000447841914138, -0.000629420916084, 0.000550356693566], [0.000195636559511, -0.000643656589091, -0.000448020349722, -0.000309249386191, -0.000193539861357, 0.00212913542055, -0.00109005370177, -0.00307548954152, 0.0153794242069, -0.00814076233655, 0.00255138613284, 0.00366069283336, -0.00420429930091], [-0.000216675602132, 0.00135197571944, 0.000143571669469, 0.000340998842148, -0.00122248521075, -0.00194103631657, 0.00434666126966, -0.000160333962413, -0.00814076233655, 0.023174405098, -0.00928591098636, 0.000983337289654, 0.00138024333864], [0.000520383880939, -0.00261993263848, -0.000114248694445, -0.000442194548668, 0.00225361785851, -0.000418329291278, -0.00216748099774, -0.000447841914138, 0.00255138613284, -0.00928591098636, 0.0224901530892, -0.0105692045763, 0.00327007472515], [-0.000450728897704, 0.00203381525353, -0.0016328758793, 0.00135923770722, -0.00123950396664, 1.90723549167e-05, -0.00162067217752, -0.000629420916084, 0.00366069283336, 0.000983337289654, -0.0105692045763, 0.0275601185858, -0.0109147857875], [0.000495974905789, -0.00173801230267, 0.00101062154863, -0.00134481163695, 0.00131908745971, -0.000880995532498, 0.00294460821897, 0.000550356693566, -0.00420429930091, 0.00138024333864, 0.00327007472515, -0.0109147857875, 0.0226152166724]], "mean": [-54.5025978088, 105.420471191, -77.2951965332, 24.3135757446, -41.1401367188, 13.5529909134, -27.5770645142, 4.49286603928, -21.9894294739, 0.969942688942, -13.9589538574, 0.322317570448, -10.6571388245], "cov": [[32020.5449219, -1139.11682129, -3545.28320312, -1060.85632324, -1905.23791504, -368.506286621, -851.479370117, 46.6538734436, -633.938659668, -42.2339401245, -717.949951172, -88.8037414551, -542.257751465], [-1139.11682129, 2003.80456543, -349.36428833, -97.6084365845, 53.6520080566, -81.6774978638, 70.6508712769, -19.7432727814, 102.126922607, -40.2356071472, 176.281188965, -66.1788024902, 137.76763916], [-3545.28320312, -349.36428833, 1335.91650391, 173.48008728, 319.079620361, 17.3476142883, 112.114868164, 1.69261574745, 65.5619659424, 19.879732132, 67.4600753784, 79.1266555786, 8.35462474823], [-1060.85632324, -97.6084365845, 173.48008728, 469.281311035, 13.9593868256, 48.5380249023, -6.86492729187, -31.921787262, 22.903793335, 4.55007076263, 11.854432106, -7.41723060608, 37.3513374329], [-1905.23791504, 53.6520080566, 319.079620361, 13.9593868256, 418.254058838, 28.0928974152, 52.0626106262, -0.140123650432, 46.3361549377, 14.5711135864, 19.8982601166, 10.8486051559, 12.4850435257], [-368.506286621, -81.6774978638, 17.3476142883, 48.5380249023, 28.0928974152, 181.392700195, 49.0821838379, 17.8770618439, -15.2662029266, 8.57445049286, 16.2596073151, 12.0654439926, 2.62839388847], [-851.479370117, 70.6508712769, 112.114868164, -6.86492729187, 52.0626106262, 49.0821838379, 137.51222229, 24.2626361847, 9.3978099823, -14.1639785767, 36.6907691956, 13.2048082352, 2.74448347092], [46.6538734436, -19.7432727814, 1.69261574745, -31.921787262, -0.140123650432, 17.8770618439, 24.2626361847, 93.5857620239, 16.5997753143, 7.45202732086, 4.72849416733, 4.8116979599, -4.97659254074], [-633.938659668, 102.126922607, 65.5619659424, 22.903793335, 46.3361549377, -15.2662029266, 9.3978099823, 16.5997753143, 110.017662048, 30.1848220825, 14.1833610535, -12.0821142197, 25.9873409271], [-42.2339401245, -40.2356071472, 19.879732132, 4.55007076263, 14.5711135864, 8.57445049286, -14.1639785767, 7.45202732086, 30.1848220825, 67.9152603149, 20.7686519623, 4.31972551346, -1.08842897415], [-717.949951172, 176.281188965, 67.4600753784, 11.854432106, 19.8982601166, 16.2596073151, 36.6907691956, 4.72849416733, 14.1833610535, 20.7686519623, 100.226875305, 25.9196929932, 20.9499664307], [-88.8037414551, -66.1788024902, 79.1266555786, -7.41723060608, 10.8486051559, 12.0654439926, 13.2048082352, 4.8116979599, -12.0821142197, 4.31972551346, 25.9196929932, 63.5935554504, 15.319896698], [-542.257751465, 137.76763916, 8.35462474823, 37.3513374329, 12.4850435257, 2.62839388847, 2.74448347092, -4.97659254074, 25.9873409271, -1.08842897415, 20.9499664307, 15.319896698, 76.9457931519]]}, "silence_rate_60dB": {"var": 0.0767123252153, "mean": 0.0837194249034, "dmean2": 0.00991486106068, "dvar": 0.00493230530992, "dmean": 0.00495689641684, "max": 1, "min": 0, "median": 0, "dvar2": 0.0121883722022}, "spectral_centroid": {"var": 625303.4375, "mean": 846.52734375, "dmean2": 301.979095459, "dvar": 74063.484375, "dmean": 193.593322754, "max": 11683.0634766, "min": 83.4114837646, "median": 710.299499512, "dvar2": 150339.984375}, "spectral_complexity": {"var": 55.556854248, "mean": 12.9114322662, "dmean2": 4.05625629425, "dvar": 12.3897714615, "dmean": 2.79375004768, "max": 46, "min": 0, "median": 12, "dvar2": 22.883605957}, "melbands_spread": {"var": 211.054138184, "mean": 13.9371938705, "dmean2": 7.05970430374, "dvar": 48.1096153259, "dmean": 4.58682250977, "max": 190.600753784, "min": 0.272745341063, "median": 10.4777498245, "dvar2": 104.599853516}, "spectral_strongpeak": {"var": 0.867925345898, "mean": 0.687404930592, "dmean2": 0.719682991505, "dvar": 0.485305100679, "dmean": 0.426412135363, "max": 9.06161499023, "min": 0, "median": 0.318056195974, "dvar2": 1.23959434032}, "zerocrossingrate": {"var": 0.00209670886397, "mean": 0.0482377260923, "dmean2": 0.0130883473903, "dvar": 0.000236751089687, "dmean": 0.0115122301504, "max": 0.52001953125, "min": 0, "median": 0.03857421875, "dvar2": 0.000300678919302}, "erbbands_kurtosis": {"var": 189.070510864, "mean": 3.29105997086, "dmean2": 2.01844620705, "dvar": 5.49355554581, "dmean": 1.30129301548, "max": 148.484359741, "min": -1.81898438931, "median": 0.280488491058, "dvar2": 11.3415260315}, "spectral_energyband_middle_low": {"var": 0.000590085517615, "mean": 0.0143368318677, "dmean2": 0.0155389169231, "dvar": 0.000556468556169, "dmean": 0.00971785839647, "max": 0.243506669998, "min": 1.725058687e-22, "median": 0.00775917852297, "dvar2": 0.0012925658375}, "erbbands": {"var": [0.115212358534, 5.97299146652, 85.5312347412, 1020.11175537, 2074.38818359, 440.047454834, 710.478393555, 428.935211182, 851.460693359, 1101.5255127, 1969.98022461, 1806.62194824, 3295.04174805, 2543.69091797, 1132.87414551, 1653.17980957, 1958.65429688, 838.590881348, 1878.59545898, 1172.0201416, 170.595581055, 88.4251861572, 89.9280395508, 57.6291160583, 127.240989685, 168.230239868, 66.1798553467, 51.9175338745, 33.7453041077, 29.5656452179, 37.1550788879, 16.9007263184, 7.19896507263, 2.53714132309, 0.511117458344, 0.338084101677, 0.237644791603, 0.0399261154234, 0.00042379059596, 8.45980764552e-07], "mean": [0.196515321732, 1.43646848202, 4.5207362175, 13.3757200241, 15.8842191696, 12.4754962921, 15.9841070175, 11.7763681412, 12.9388475418, 16.3879776001, 22.0710773468, 16.2624473572, 23.4490795135, 21.1163158417, 16.5810108185, 18.1861114502, 17.0373802185, 12.659910202, 15.153801918, 15.0362300873, 7.71318769455, 5.80038118362, 5.63541841507, 4.20654153824, 4.613093853, 4.90496826172, 3.45300650597, 2.82298898697, 2.56635713577, 2.17586994171, 1.75880110264, 1.52461862564, 1.05822384357, 0.573597848415, 0.306932121515, 0.249948486686, 0.189983636141, 0.0739705711603, 0.00770461419597, 0.000369285495253], "dmean2": [0.211570352316, 1.85677015781, 7.49657011032, 23.8099212646, 25.5314731598, 15.2927999496, 15.9558143616, 12.4296550751, 12.8421640396, 14.9651384354, 19.2199954987, 15.3299741745, 20.6490268707, 18.6895332336, 13.8215179443, 15.2964925766, 15.0488872528, 9.74767494202, 11.4856004715, 10.4353837967, 6.40597915649, 5.33580112457, 4.77662801743, 3.60648870468, 3.86718201637, 3.91997599602, 2.73507547379, 2.26092171669, 1.97695720196, 1.64979207516, 1.40792155266, 1.42900693417, 1.06939530373, 0.596439838409, 0.318400889635, 0.285575687885, 0.234939053655, 0.094264164567, 0.00977869331837, 0.000442097894847], "dvar": [0.089361846447, 6.61189413071, 120.638526917, 1130.93334961, 2322.30981445, 444.020782471, 318.874816895, 223.083099365, 396.769378662, 551.391845703, 910.094055176, 973.079650879, 1548.06201172, 1186.7779541, 554.424072266, 801.534240723, 919.824157715, 314.516387939, 553.449951172, 314.538116455, 73.2173080444, 46.6443595886, 38.1065750122, 30.7033939362, 46.4711112976, 47.523765564, 22.0348243713, 18.1560707092, 10.0162611008, 8.7635717392, 12.7444477081, 7.73548603058, 4.15884208679, 1.58109760284, 0.311406284571, 0.2260389328, 0.173234552145, 0.0302266646177, 0.000319535931339, 6.17459647856e-07], "dmean": [0.137395292521, 1.08815062046, 4.24694728851, 14.1054668427, 15.508605957, 9.07853031158, 9.81545257568, 7.58602905273, 7.94945049286, 9.63355064392, 12.7077980042, 10.019908905, 13.6469316483, 11.9217128754, 8.9848651886, 9.83257675171, 9.63384914398, 6.40435504913, 7.4912481308, 6.89236116409, 4.07304000854, 3.3540456295, 3.11720299721, 2.43667697906, 2.51300621033, 2.65418815613, 1.86964643002, 1.56010401249, 1.42474162579, 1.21656215191, 1.05176997185, 1.04446613789, 0.766080379486, 0.427253335714, 0.234785676003, 0.210644647479, 0.169428810477, 0.0678354203701, 0.00710399961099, 0.000322961015627], "max": [2.86477375031, 26.4830532074, 96.4862289429, 337.57434082, 571.973999023, 322.580200195, 271.901641846, 327.864746094, 561.602355957, 613.980957031, 775.455932617, 961.329040527, 1052.60498047, 786.521850586, 589.745422363, 761.031433105, 1023.76611328, 732.858398438, 1032.8939209, 682.627929688, 188.370193481, 120.391593933, 195.198120117, 239.232192993, 314.10357666, 450.731079102, 177.469711304, 147.833099365, 112.924118042, 157.075942993, 212.118118286, 103.640861511, 61.3856811523, 44.2734947205, 19.9231071472, 4.63726139069, 6.03588676453, 2.48817253113, 0.290390491486, 0.0133730769157], "min": [1.23256828003e-22, 1.4979721886e-21, 4.00298507419e-21, 8.00561956597e-21, 1.47639137761e-20, 2.91691219721e-20, 4.14268045079e-20, 1.2480830662e-19, 1.41325630037e-19, 2.29964456246e-19, 2.08948834185e-19, 3.5105408195e-19, 5.50855603954e-19, 7.24535305052e-19, 1.15608458131e-18, 1.41436728148e-18, 2.44694128623e-18, 2.41340759099e-18, 1.94514560931e-18, 3.27347359597e-18, 4.06062135522e-18, 6.04736029406e-18, 6.40092210328e-18, 7.41015606967e-18, 8.10311835603e-18, 7.27901402818e-18, 1.08080436268e-17, 1.27703426873e-17, 1.01689580953e-17, 1.08038291416e-17, 1.30643168867e-17, 1.09135885643e-17, 9.63384337652e-18, 9.04370212184e-18, 5.73231160057e-18, 4.78111221236e-18, 2.66413802877e-18, 1.01693429411e-18, 2.58159760455e-19, 3.02916092945e-20], "median": [0.07535713166, 0.651639997959, 1.97048175335, 3.28685283661, 4.55295991898, 5.61304283142, 6.76267910004, 5.51876068115, 5.49566507339, 5.6462893486, 7.32808637619, 5.98414611816, 6.46883201599, 6.40897274017, 6.72782897949, 7.00058031082, 5.50270318985, 4.09170055389, 3.61112642288, 3.21747016907, 2.89277052879, 2.56667780876, 2.42590880394, 1.6540043354, 1.74008774757, 1.80676341057, 0.871725857258, 0.683742940426, 0.587092638016, 0.492741644382, 0.326545655727, 0.269365817308, 0.170658096671, 0.0894004032016, 0.0519891157746, 0.0233330316842, 0.00736993970349, 0.00153522926848, 0.000174415035872, 3.54156691174e-05], "dvar2": [0.193914741278, 17.9563579559, 336.512939453, 2753.12426758, 5600.73681641, 1218.71716309, 801.770935059, 571.280639648, 910.829956055, 1283.93896484, 1976.92138672, 2194.83520508, 3589.78662109, 2958.18969727, 1385.53173828, 1987.57177734, 2107.92651367, 710.491210938, 1308.4498291, 643.301330566, 184.188430786, 112.318000793, 80.5141067505, 62.2195358276, 109.222145081, 103.116767883, 48.2686576843, 35.5536651611, 18.1534481049, 15.8279819489, 21.9041309357, 15.027964592, 8.48733139038, 3.14320778847, 0.601239979267, 0.429526478052, 0.349976152182, 0.0628141984344, 0.000664477120154, 1.24956648051e-06]}, "barkbands_crest": {"var": 22.6897029877, "mean": 11.2154178619, "dmean2": 4.17942667007, "dvar": 6.0583357811, "dmean": 2.56523966789, "max": 26.5124073029, "min": 2.69282984734, "median": 10.1845121384, "dvar2": 15.6473560333}, "melbands_crest": {"var": 26.8213539124, "mean": 14.723613739, "dmean2": 5.28423786163, "dvar": 11.4521503448, "dmean": 3.25166249275, "max": 38.4686508179, "min": 1.61668562889, "median": 14.0859575272, "dvar2": 27.3136539459}, "spectral_flux": {"var": 0.00557574164122, "mean": 0.0839650258422, "dmean2": 0.0598301067948, "dvar": 0.00345256668516, "dmean": 0.0375121980906, "max": 0.454126387835, "min": 6.29735222302e-11, "median": 0.0622333176434, "dvar2": 0.0079585108906}, "spectral_contrast_valleys": {"var": [3.25183367729, 4.35641765594, 4.34320497513, 4.07330560684, 4.16360044479, 3.80108880997], "mean": [-7.07465171814, -7.27050971985, -7.90214538574, -8.51903915405, -8.52921581268, -10.8672828674], "dmean2": [0.585945785046, 0.580172777176, 0.487578898668, 0.448575496674, 0.423303484917, 0.436277657747], "dvar": [0.129240721464, 0.127052634954, 0.0951403900981, 0.104751884937, 0.156099230051, 0.203850805759], "dmean": [0.358960956335, 0.363636016846, 0.318319171667, 0.312057614326, 0.326183974743, 0.401166111231], "max": [-5.05651569366, -4.54666757584, -5.72688579559, -6.05726003647, -6.02856874466, -7.7632727623], "min": [-28.0503120422, -27.8745594025, -27.8070220947, -27.686832428, -27.4292736053, -27.413734436], "median": [-6.75417709351, -6.82747650146, -7.41055393219, -8.07170295715, -8.11494922638, -10.5093164444], "dvar2": [0.29206943512, 0.267027556896, 0.180291071534, 0.175221428275, 0.254606842995, 0.304648846388]}, "mfcc": {"icov": [[0.000105063678348, 2.03098829843e-06, 8.31884099171e-05, 6.83645703248e-05, 0.000188271951629, 5.82185130042e-05, 0.000212375249248, 3.51247558683e-06, 0.000289156771032, -0.000109011285531, 0.000355458672857, 4.17010141973e-06, 0.000245106231887], [2.03098829843e-06, 0.000653900497127, 0.000295102625387, 2.32445714232e-07, -8.48880808917e-05, 0.000469946797239, 5.30733871074e-07, -0.00010298720008, 0.000408528518165, 0.00011685697973, -0.000113344023703, 7.34665372875e-05, -0.00030512016383], [8.31884099171e-05, 0.000295102625387, 0.00212429184467, -0.000892536947504, -0.000110983608465, 7.75466251071e-05, -1.09172742668e-05, -0.000259303400526, -0.000169693303178, 0.000465491204523, 0.000292289274512, -0.00142423820216, 0.000348654808477], [6.83645703248e-05, 2.32445714232e-07, -0.000892536947504, 0.00467619067058, -0.00142364425119, -0.000992591842078, 0.00103586353362, 0.000287328846753, -0.000344193336787, 0.00100134639069, -6.73321919749e-05, 0.000628276029602, -0.000594435026869], [0.000188271951629, -8.48880808917e-05, -0.000110983608465, -0.00142364425119, 0.00672140298411, -0.00126486353111, -0.000966838211752, 0.00128375110216, -0.00122343562543, -0.00186897721142, 8.12867801869e-05, 0.00131232815329, -0.000606699381024], [5.82185130042e-05, 0.000469946797239, 7.75466251071e-05, -0.000992591842078, -0.00126486353111, 0.00980106089264, -0.00335061177611, 0.00108951330185, -0.000853115867358, 0.000135605107062, -0.000632820709143, 0.000420126190875, -3.0565821362e-05], [0.000212375249248, 5.30733871074e-07, -1.09172742668e-05, 0.00103586353362, -0.000966838211752, -0.00335061177611, 0.0138656962663, -0.00903424900025, 0.00444073276594, 0.000340316590155, -0.000173045060365, -0.00174187053926, 6.78067299305e-05], [3.51247558683e-06, -0.00010298720008, -0.000259303400526, 0.000287328846753, 0.00128375110216, 0.00108951330185, -0.00903424900025, 0.0190740339458, -0.00784763228148, 0.0024545348715, -0.00177467206959, 4.2034429498e-05, -0.000123826699564], [0.000289156771032, 0.000408528518165, -0.000169693303178, -0.000344193336787, -0.00122343562543, -0.000853115867358, 0.00444073276594, -0.00784763228148, 0.0204789433628, -0.00880607403815, 0.00448515173048, -0.000569463009015, 0.000799863773864], [-0.000109011285531, 0.00011685697973, 0.000465491204523, 0.00100134639069, -0.00186897721142, 0.000135605107062, 0.000340316590155, 0.0024545348715, -0.00880607403815, 0.0223579443991, -0.0119398459792, 0.00684647681192, -0.00413998542354], [0.000355458672857, -0.000113344023703, 0.000292289274512, -6.73321919749e-05, 8.12867801869e-05, -0.000632820709143, -0.000173045060365, -0.00177467206959, 0.00448515173048, -0.0119398459792, 0.026376798749, -0.012371446006, 0.00544633576646], [4.17010141973e-06, 7.34665372875e-05, -0.00142423820216, 0.000628276029602, 0.00131232815329, 0.000420126190875, -0.00174187053926, 4.2034429498e-05, -0.000569463009015, 0.00684647681192, -0.012371446006, 0.0241763014346, -0.00793995615095], [0.000245106231887, -0.00030512016383, 0.000348654808477, -0.000594435026869, -0.000606699381024, -3.0565821362e-05, 6.78067299305e-05, -0.000123826699564, 0.000799863773864, -0.00413998542354, 0.00544633576646, -0.00793995615095, 0.0183217599988]], "mean": [-698.752380371, 140.078094482, 20.9259166718, 23.9377727509, 9.3270149231, 11.0911436081, 6.68050718307, 5.58092021942, 0.310774981976, 2.72242760658, -1.78638613224, 0.568374991417, 0.591946303844], "cov": [[15804.2978516, 723.562866211, -1119.91125488, -643.647583008, -763.481811523, -448.99029541, -472.368682861, -297.088745117, -333.795074463, -166.47088623, -309.326080322, -243.441925049, -261.831237793], [723.562866211, 1810.56591797, -340.058288574, -108.444114685, -62.7577857971, -121.643127441, -32.3627433777, -24.4187965393, -69.7619476318, -21.1412372589, -11.5268526077, -15.9491024017, 15.8820667267], [-1119.91125488, -340.058288574, 676.737609863, 169.972824097, 77.5157089233, 58.0678596497, 44.0040512085, 34.2232246399, 32.0792388916, -13.4721679688, 21.2666683197, 55.9972686768, 18.1883735657], [-643.647583008, -108.444114685, 169.972824097, 301.155670166, 99.4918365479, 52.6671180725, -2.81579303741, -3.39769172668, 25.0040721893, 2.17404460907, 2.40830278397, 2.77061104774, 16.5952186584], [-763.481811523, -62.7577857971, 77.5157089233, 99.4918365479, 224.357467651, 57.3591995239, 23.0441207886, 4.47936630249, 38.2603263855, 35.6048240662, 13.9073295593, -5.25654459, 18.3543109894], [-448.99029541, -121.643127441, 58.0678596497, 52.6671180725, 57.3591995239, 138.847061157, 46.9764823914, 16.735370636, 16.4487190247, 8.6277923584, 12.5359697342, 7.05803585052, 7.2184343338], [-472.368682861, -32.3627433777, 44.0040512085, -2.81579303741, 23.0441207886, 46.9764823914, 138.118438721, 63.874294281, -1.23595190048, -6.69089603424, 19.1208686829, 25.3785400391, 9.46988010406], [-297.088745117, -24.4187965393, 34.2232246399, -3.39769172668, 4.47936630249, 16.735370636, 63.874294281, 93.4407577515, 25.4375686646, 0.12744282186, 12.127158165, 14.5443611145, 4.99397373199], [-333.795074463, -69.7619476318, 32.0792388916, 25.0040721893, 38.2603263855, 16.4487190247, -1.23595190048, 25.4375686646, 82.1239929199, 34.3074455261, 3.98921751976, -4.7956328392, 5.87813234329], [-166.47088623, -21.1412372589, -13.4721679688, 2.17404460907, 35.6048240662, 8.6277923584, -6.69089603424, 0.12744282186, 34.3074455261, 79.0938568115, 26.6142482758, -8.61712646484, 8.14948558807], [-309.326080322, -11.5268526077, 21.2666683197, 2.40830278397, 13.9073295593, 12.5359697342, 19.1208686829, 12.127158165, 3.98921751976, 26.6142482758, 67.7854156494, 29.7982902527, 2.71535992622], [-243.441925049, -15.9491024017, 55.9972686768, 2.77061104774, -5.25654459, 7.05803585052, 25.3785400391, 14.5443611145, -4.7956328392, -8.61712646484, 29.7982902527, 71.5327072144, 22.2614440918], [-261.831237793, 15.8820667267, 18.1883735657, 16.5952186584, 18.3543109894, 7.2184343338, 9.46988010406, 4.99397373199, 5.87813234329, 8.14948558807, 2.71535992622, 22.2614440918, 69.5829086304]]}, "erbbands_flatness_db": {"var": 0.00395440915599, "mean": 0.148012712598, "dmean2": 0.0282664578408, "dvar": 0.000498987734318, "dmean": 0.0223695747554, "max": 0.369357526302, "min": 0.0265162810683, "median": 0.140406176448, "dvar2": 0.000813743215986}, "barkbands": {"var": [4.45647287961e-07, 0.000109997527034, 0.000101369289041, 0.000281284592347, 6.07493020652e-05, 5.74971909373e-06, 4.56864290754e-06, 4.83943995278e-06, 3.68386099581e-06, 3.87604359275e-06, 7.52247558466e-07, 1.16417038498e-06, 8.58197552134e-07, 9.14071563329e-07, 2.90068186359e-07, 1.38172111974e-07, 3.25379474475e-08, 2.85620558316e-08, 2.97249957981e-08, 7.86099789707e-08, 3.27749347662e-08, 2.67589665981e-08, 4.08987474998e-08, 2.88336519105e-08, 1.33445610118e-08, 5.71493998791e-08, 1.77133792079e-08], "mean": [0.000362680439139, 0.0065338043496, 0.00436123041436, 0.00571113731712, 0.00418314710259, 0.00153501948807, 0.000916805700399, 0.00106765516102, 0.000730413594283, 0.000825224095024, 0.000285432412056, 0.00049337366363, 0.000348566769389, 0.000295301666483, 0.000246556737693, 0.000183224954526, 0.000101107958471, 9.36836004257e-05, 8.66518239491e-05, 0.000102586622234, 7.41336189094e-05, 7.43581622373e-05, 6.15643075434e-05, 6.68568973197e-05, 4.55087356386e-05, 9.45616047829e-05, 4.93033730891e-05], "dmean2": [0.000491043843795, 0.00718309916556, 0.00795246660709, 0.0103045627475, 0.00535914441571, 0.00162789272144, 0.000894651631825, 0.000966841587797, 0.000727939826902, 0.000725650112145, 0.000305116409436, 0.000420208962169, 0.000330705341185, 0.000231543643167, 0.00020297827723, 0.000143237935845, 9.83746431302e-05, 8.43535526656e-05, 7.60537950555e-05, 8.28806660138e-05, 5.83384571655e-05, 5.60792977922e-05, 4.62770003651e-05, 6.48991772323e-05, 4.61482995888e-05, 0.000113055844849, 6.28159177722e-05], "dvar": [3.74676943693e-07, 9.74383365246e-05, 0.000140762931551, 0.000312268006383, 6.99486627127e-05, 3.19968830809e-06, 2.00019235308e-06, 2.19042271965e-06, 2.04606863008e-06, 1.56577618782e-06, 4.63723409894e-07, 4.70668140906e-07, 4.10683782093e-07, 2.43320414484e-07, 1.10183037805e-07, 4.47559500572e-08, 1.6369725131e-08, 1.35551498914e-08, 1.12205134073e-08, 2.25106280283e-08, 1.11296882821e-08, 7.70334906974e-09, 1.19143450661e-08, 1.49968268914e-08, 7.95600563208e-09, 4.04498265993e-08, 1.32335840064e-08], "dmean": [0.000302812375594, 0.00445643812418, 0.004506776575, 0.00618404848501, 0.00318079255521, 0.000993041438051, 0.000561594963074, 0.000637445540633, 0.000478748115711, 0.000470309925731, 0.000194916516193, 0.000272869685432, 0.000210465368582, 0.000152119697304, 0.000130700325826, 9.35583811952e-05, 6.16639954387e-05, 5.5386164604e-05, 4.97784239997e-05, 5.59252584935e-05, 4.00526914746e-05, 4.12847766711e-05, 3.47528221027e-05, 4.73236796097e-05, 3.38259342243e-05, 8.32240984892e-05, 4.5405318815e-05], "max": [0.00871967058629, 0.0930475443602, 0.102341495454, 0.189928144217, 0.104390673339, 0.0269794221967, 0.0436920076609, 0.0291288401932, 0.0370277911425, 0.0351812168956, 0.019658409059, 0.0159847084433, 0.0194147937, 0.0193897038698, 0.0119358347729, 0.00591115700081, 0.00281522236764, 0.00396672729403, 0.00474920170382, 0.00926248636097, 0.00409456482157, 0.00323379319161, 0.00646753190085, 0.00341075705364, 0.00332631426863, 0.00261035328731, 0.00152803724632], "min": [2.31649078774e-25, 8.08674724577e-24, 1.38698313217e-24, 3.0475980521e-24, 1.11373749182e-23, 1.17655685228e-23, 1.53889186788e-23, 4.41049213324e-24, 1.99086120383e-23, 1.36503796842e-23, 1.66463298295e-23, 3.18252426913e-23, 4.75807576545e-23, 3.43699533548e-23, 6.14064537862e-23, 7.60882659485e-23, 9.56948294571e-23, 1.24386590415e-22, 1.62973538578e-22, 1.69559997022e-22, 2.91305455883e-22, 2.9758458674e-22, 4.38619083129e-22, 5.38086693508e-22, 8.59182869321e-22, 1.40323587563e-21, 1.97840256578e-21], "median": [0.000114831505925, 0.0029558208771, 0.00162749993615, 0.00121027533896, 0.00187405676115, 0.000735271256417, 0.000322175241308, 0.000313308555633, 0.000196276378119, 0.000213773149881, 7.43228229112e-05, 0.000180031129275, 0.000101892408566, 6.62142047076e-05, 5.96906647843e-05, 4.71734529128e-05, 4.07005645684e-05, 3.74649425794e-05, 3.12986921926e-05, 3.61230995622e-05, 1.7887852664e-05, 1.76247758645e-05, 1.16387482194e-05, 1.14041831694e-05, 7.71717077441e-06, 4.54863084087e-06, 9.50369326347e-07], "dvar2": [9.08887102469e-07, 0.000240725858021, 0.000388719141483, 0.000745975296013, 0.000189226062503, 8.1985253928e-06, 4.537665518e-06, 4.763398465e-06, 4.48594482805e-06, 3.69294616576e-06, 1.13348050945e-06, 1.13882720143e-06, 9.45384840634e-07, 5.62848470054e-07, 2.49857350809e-07, 9.81952510415e-08, 3.87219252218e-08, 2.73575260223e-08, 2.41396183043e-08, 4.95249636856e-08, 2.29894947523e-08, 1.33449029605e-08, 1.81191630588e-08, 2.94831394854e-08, 1.54170312072e-08, 8.01636588221e-08, 2.71431410681e-08]}, "spectral_energyband_low": {"var": 0.000528812641278, "mean": 0.0141796451062, "dmean2": 0.0183556843549, "dvar": 0.000572447257582, "dmean": 0.0111651280895, "max": 0.177557677031, "min": 3.04582035405e-23, "median": 0.00611542025581, "dvar2": 0.00148876325693}, "erbbands_spread": {"var": 502.165710449, "mean": 37.9415855408, "dmean2": 13.2619123459, "dvar": 113.692199707, "dmean": 9.30331230164, "max": 140.755767822, "min": 2.79708218575, "median": 33.8185882568, "dvar2": 218.943695068}, "average_loudness": 0.847098767757, "spectral_energyband_middle_high": {"var": 1.44667910718e-05, "mean": 0.00290233222768, "dmean2": 0.00147795840167, "dvar": 3.01281352222e-06, "dmean": 0.00101747782901, "max": 0.0439100377262, "min": 1.30054713791e-21, "median": 0.00159813289065, "dvar2": 6.72153237247e-06}, "barkbands_flatness_db": {"var": 0.01058971975, "mean": 0.173720285296, "dmean2": 0.0375464782119, "dvar": 0.000585343630519, "dmean": 0.025442302227, "max": 0.599390983582, "min": 0.0156660620123, "median": 0.151552677155, "dvar2": 0.00138473918196}, "spectral_entropy": {"var": 0.538365185261, "mean": 7.23353385925, "dmean2": 0.289355635643, "dvar": 0.0457299947739, "dmean": 0.212136268616, "max": 9.82054901123, "min": 4.41349124908, "median": 7.31774568558, "dvar2": 0.0889425799251}, "melbands_skewness": {"var": 4.11865615845, "mean": 3.21467041969, "dmean2": 1.44120121002, "dvar": 1.285566926, "dmean": 0.953245818615, "max": 27.0912475586, "min": -1.08109378815, "median": 2.89652562141, "dvar2": 2.87707281113}, "spectral_contrast_coeffs": {"var": [0.00729857664555, 0.00601408910006, 0.00518167158589, 0.00415415130556, 0.00197213934734, 0.00195081299171], "mean": [-0.6614818573, -0.731980800629, -0.772178351879, -0.790785193443, -0.812913000584, -0.796005904675], "dmean2": [0.0871086418629, 0.0737861990929, 0.057297501713, 0.0445555187762, 0.0304871983826, 0.0260829739273], "dvar": [0.00305094732903, 0.00150911323726, 0.000972626614384, 0.000586430891417, 0.000288298208034, 0.000282727822196], "dmean": [0.054340749979, 0.0456022024155, 0.0358015522361, 0.0282314531505, 0.0189849082381, 0.0165003668517], "max": [-0.2260568887, -0.432053089142, -0.446980237961, -0.562956035137, -0.638250529766, -0.634780168533], "min": [-0.970253705978, -0.984961152077, -0.974232017994, -0.979633450508, -0.969016253948, -0.964112579823], "median": [-0.673538982868, -0.736181259155, -0.779196202755, -0.799331307411, -0.814146995544, -0.794693470001], "dvar2": [0.0071072531864, 0.00387181690894, 0.00225330959074, 0.00136088661384,