{"tonal": {"chords_key": "A", "hpcp_entropy": {"dmean": 0.451248049736, "dmean2": 0.764383792877, "max": 4.79100704193, "dvar": 0.261983007193, "mean": 1.71473121643, "dvar2": 0.728610515594, "min": 0, "var": 1.54055261612, "median": 1.84167873859}, "key_key": "C", "chords_strength": {"dmean": 0.0100028812885, "dmean2": 0.011977574788, "max": 0.797575771809, "dvar": 0.000729323015548, "mean": 0.141047209501, "dvar2": 0.00139885290992, "min": -1, "var": 0.378167241812, "median": 0.424324423075}, "key_scale": "major", "chords_number_rate": 0.000811651698314, "thpcp": [1, 0.747809231281, 0.488777428865, 0.431173473597, 0.444431722164, 0.707164824009, 0.879157304764, 0.682017862797, 0.594432771206, 0.582142949104, 0.500445127487, 0.519452989101, 0.560588955879, 0.572537720203, 0.793233036995, 0.904421150684, 0.647205531597, 0.496928811073, 0.501165151596, 0.491852551699, 0.633850872517, 0.817585706711, 0.713254034519, 0.503635644913, 0.388673067093, 0.362708061934, 0.503817617893, 0.629278361797, 0.575202941895, 0.728267848492, 0.72662717104, 0.400943607092, 0.284760385752, 0.325683802366, 0.479203641415, 0.81121891737], "key_strength": 0.778571665287, "tuning_nontempered_energy_ratio": 0.809059083462, "tuning_frequency": 439.745910645, "chords_changes_rate": 0.0700725987554, "tuning_diatonic_strength": 0.691136717796, "chords_scale": "major", "chords_histogram": [13.4644002914, 4.43702936172, 10.2177934647, 3.97258424759, 3.2962076664, 2.40790009499, 23.3936061859, 1.70897781849, 1.71348690987, 0.595211267471, 1.77661538124, 0.00450917612761, 0.802633345127, 1.03711056709, 0.807142555714, 1.25355100632, 2.75059747696, 5.02773141861, 0.0541101135314, 1.52410149574, 0.401316672564, 4.27018976212, 2.75961589813, 12.3235788345], "tuning_equal_tempered_deviation": 0.0670865103602, "hpcp": {"dmean": [0.115238405764, 0.112695083022, 0.101726837456, 0.10221657902, 0.0986665859818, 0.100944168866, 0.108283810318, 0.115750662982, 0.134260371327, 0.135004594922, 0.117860637605, 0.102560587227, 0.0996314585209, 0.0997905954719, 0.112520292401, 0.120134837925, 0.119619108737, 0.103047281504, 0.0830377340317, 0.0773807764053, 0.0882786661386, 0.0906331166625, 0.0986445397139, 0.139047533274, 0.125197455287, 0.078464820981, 0.066507332027, 0.0704261958599, 0.0842514708638, 0.12008344382, 0.138511911035, 0.125051066279, 0.104041315615, 0.095366768539, 0.0975394099951, 0.114402867854], "dmean2": [0.200955376029, 0.199939593673, 0.181078881025, 0.182646766305, 0.17662845552, 0.181039974093, 0.194493457675, 0.206810489297, 0.235818877816, 0.236870110035, 0.209714367986, 0.1843791008, 0.178700581193, 0.17912197113, 0.200232684612, 0.211986303329, 0.210573524237, 0.185475379229, 0.150508016348, 0.139566108584, 0.154600143433, 0.157576799393, 0.173489138484, 0.249581187963, 0.223239913583, 0.140055313706, 0.121461123228, 0.128425970674, 0.151699379086, 0.211781963706, 0.242049857974, 0.219028055668, 0.188324823976, 0.173596203327, 0.176776319742, 0.203684806824], "max": [1, 1, 1, 1, 1, 1, 1, 1, 1, 1, 1, 1, 1, 1, 1, 1, 1, 1, 1, 1, 1, 1, 1, 1, 1, 1, 1, 1, 1, 1, 1, 1, 1, 1, 1, 1], "dvar": [0.0406709909439, 0.0376702286303, 0.037693683058, 0.0390078611672, 0.0378533639014, 0.0385797359049, 0.0430063344538, 0.0434137396514, 0.0479751862586, 0.0490513034165, 0.0430822782218, 0.0393728092313, 0.0383016616106, 0.0380254760385, 0.040673147887, 0.0446582138538, 0.0434532277286, 0.0402613505721, 0.0317722856998, 0.0266694203019, 0.0279626976699, 0.0302646551281, 0.0298525243998, 0.0559790804982, 0.0465423613787, 0.0262466780841, 0.0240009184927, 0.0245926100761, 0.0292169749737, 0.0401749834418, 0.0501863658428, 0.0428882800043, 0.0405469425023, 0.0376009084284, 0.0360195226967, 0.039961874485], "mean": [0.171272620559, 0.132866993546, 0.11580414325, 0.113409906626, 0.0974939838052, 0.101196989417, 0.109210878611, 0.111538663507, 0.154533326626, 0.176194384694, 0.126085042953, 0.0968089550734, 0.0976342558861, 0.0958200246096, 0.123483359814, 0.159277573228, 0.138952255249, 0.0981155484915, 0.0757191628218, 0.0706607997417, 0.0981509909034, 0.122592568398, 0.112057894468, 0.141877159476, 0.141557529569, 0.0781096443534, 0.0554754622281, 0.0634479373693, 0.0933558344841, 0.158037230372, 0.194814532995, 0.145684108138, 0.0952209457755, 0.0839988589287, 0.0865817591548, 0.137765988708], "dvar2": [0.106854870915, 0.106189876795, 0.105429008603, 0.110102005303, 0.107093662024, 0.108555682003, 0.119893588126, 0.122569724917, 0.135319784284, 0.132301062346, 0.122562527657, 0.111383363605, 0.10745447129, 0.10747563839, 0.11394868046, 0.119665786624, 0.118923731148, 0.115584470332, 0.0913786515594, 0.0753889456391, 0.0772581025958, 0.0796993300319, 0.0829014852643, 0.157464265823, 0.127325937152, 0.0738736093044, 0.0692544281483, 0.0715421363711, 0.0837600007653, 0.112373992801, 0.131915360689, 0.117795459926, 0.116729155183, 0.107773832977, 0.102405160666, 0.112233094871], "min": [0, 0, 0, 0, 0, 0, 0, 0, 0, 0, 0, 0, 0, 0, 0, 0, 0, 0, 0, 0, 0, 0, 0, 0, 0, 0, 0, 0, 0, 0, 0, 0, 0, 0, 0, 0], "var": [0.0820297673345, 0.0446133762598, 0.0536093749106, 0.0507325269282, 0.0392615422606, 0.0408108979464, 0.0477448180318, 0.0432968065143, 0.0596130602062, 0.0762342959642, 0.0472485609353, 0.0398875810206, 0.0412605926394, 0.0404447987676, 0.0476199500263, 0.0736350417137, 0.0566971711814, 0.0408039353788, 0.0294624883682, 0.024399926886, 0.0332851074636, 0.0553254187107, 0.0377768203616, 0.061531059444, 0.0636126771569, 0.0266321394593, 0.0197499711066, 0.0219784863293, 0.0403711572289, 0.0652072653174, 0.0866963341832, 0.0536690764129, 0.0389911681414, 0.0354353487492, 0.0342697426677, 0.0543208755553], "median": [0.0342048816383, 0.0325984694064, 0.0078963842243, 0.00324603496119, 0.00360623467714, 0.0111323567107, 0.0126819256693, 0.0183880329132, 0.0379509739578, 0.0441721752286, 0.0270961541682, 0.00691606197506, 0.00432797474787, 0.00578017020598, 0.0223387442529, 0.0306342486292, 0.0241993553936, 0.00742436945438, 0.0036777483765, 0.00783283449709, 0.0219425074756, 0.023955443874, 0.0284157171845, 0.0233887210488, 0.019763244316, 0.012704603374, 0.00514147430658, 0.00402226904407, 0.00684015825391, 0.0281420145184, 0.0422480739653, 0.0341353565454, 0.00840442441404, 0.005180997774, 0.0108861736953, 0.0275518465787]}}, "lowlevel": {"melbands_flatness_db": {"dmean": 0.0204034317285, "dmean2": 0.0328163802624, "max": 0.935727238655, "dvar": 0.000601375591941, "mean": 0.223778292537, "dvar2": 0.00148629688192, "min": 0.00208806688897, "var": 0.0255877543241, "median": 0.209947764874}, "melbands_crest": {"dmean": 2.64282059669, "dmean2": 4.43745040894, "max": 39.9148139954, "dvar": 7.81863117218, "mean": 12.381518364, "dvar2": 21.6428489685, "min": 1.40091252327, "var": 60.0099754333, "median": 11.9448814392}, "spectral_entropy": {"dmean": 0.124133631587, "dmean2": 0.196719869971, "max": 9.83692359924, "dvar": 0.0279232021421, "mean": 7.66776752472, "dvar2": 0.065879046917, "min": 2.56914710999, "var": 1.99874019623, "median": 7.60671472549}, "melbands": {"dmean": [0.0008793361485, 0.000904327607714, 0.000459526170744, 0.000329953822074, 0.000216626358451, 0.000177892885404, 6.69470609864e-05, 5.28440177732e-05, 5.13274899276e-05, 5.03171686432e-05, 5.26931398781e-05, 2.99222338072e-05, 2.18435088755e-05, 1.42324461194e-05, 8.84656583366e-06, 5.59363297725e-06, 1.09382408482e-05, 3.85851353712e-06, 2.30002478929e-06, 1.94641756934e-06, 1.27152770801e-06, 1.17625336316e-06, 8.93148012437e-07, 5.26554345015e-07, 3.48997673427e-07, 2.24656389491e-07, 1.73447403995e-07, 1.6719361895e-07, 1.54253982032e-07, 9.98488616233e-08, 5.63969173584e-08, 3.63492809186e-08, 3.2976544162e-08, 2.96458466664e-08, 1.88337985207e-08, 1.40033682428e-08, 1.06401687461e-08, 9.80123715522e-09, 4.53311077564e-09, 3.72782071878e-09], "dmean2": [0.0013573236065, 0.00141295907088, 0.000783184252214, 0.000571550102904, 0.000342237006407, 0.000286393013084, 9.50071043917e-05, 7.81985581852e-05, 7.36055662856e-05, 7.22636032151e-05, 7.49836472096e-05, 4.6271004976e-05, 3.19898572343e-05, 2.17557499127e-05, 1.29414020194e-05, 8.45475733513e-06, 1.61998377735e-05, 6.08977006777e-06, 3.75715057999e-06, 3.1444249089e-06, 2.06272216019e-06, 1.94934614228e-06, 1.4780185893e-06, 8.87596911525e-07, 5.80597998123e-07, 3.75206212766e-07, 2.8044831879e-07, 2.71824546871e-07, 2.52719615901e-07, 1.65598535773e-07, 9.45460385537e-08, 5.97228293486e-08, 5.48143042067e-08, 4.91708398442e-08, 3.07239318431e-08, 2.30616912233e-08, 1.77771610765e-08, 1.66436446847e-08, 7.56434204163e-09, 6.21333873241e-09], "max": [0.077416293323, 0.0897680372, 0.0572083927691, 0.0497849173844, 0.0205848086625, 0.028459770605, 0.0182371027768, 0.0153361801058, 0.0151558537036, 0.0180980470031, 0.0477849878371, 0.0126101048663, 0.0127448858693, 0.00907256826758, 0.00793216563761, 0.00412412593141, 0.00513485260308, 0.00284114060923, 0.0036945277825, 0.00287399673834, 0.00178739987314, 0.0011426260462, 0.000764686148614, 0.000429143896326, 0.000215408363147, 0.00018315325724, 0.000143345052493, 0.000173571897903, 0.000289612449706, 0.000207432618481, 9.24005507841e-05, 3.62015452993e-05, 5.03182091052e-05, 3.77658943762e-05, 1.28705096358e-05, 1.05588860606e-05, 5.52529036213e-06, 7.56031158744e-06, 4.8029410209e-06, 3.8401767597e-06], "dvar": [1.07184578155e-05, 1.08593394543e-05, 3.51132894139e-06, 1.57345118623e-06, 5.04145987179e-07, 4.91826028792e-07, 1.26814214241e-07, 7.19082180467e-08, 1.10598222136e-07, 1.04647661203e-07, 2.37006872794e-07, 4.54722268728e-08, 2.05003019005e-08, 1.26626726882e-08, 6.13775563707e-09, 2.91735258173e-09, 5.581107132e-09, 1.2522803905e-09, 1.14762377379e-09, 6.49301834521e-10, 2.43137093792e-10, 2.31661273498e-10, 1.01232119909e-10, 3.62091641393e-11, 9.33246882551e-12, 4.9137039923e-12, 2.34411838898e-12, 3.82598987214e-12, 9.17643218357e-12, 3.41230212489e-12, 5.68177395324e-13, 1.18976524596e-13, 1.66298154717e-13, 2.27282494041e-13, 3.21056217365e-14, 1.8602676501e-14, 7.64129766948e-15, 1.06188920707e-14, 2.87151453603e-15, 2.31694216018e-15], "mean": [0.00208554090932, 0.00213706050999, 0.000849092379212, 0.000640054407995, 0.000482663948787, 0.000354232091922, 0.00016633796622, 0.000171169813257, 0.00013012837735, 0.000118093659694, 0.000111981440568, 5.14109124197e-05, 4.81372735521e-05, 3.64350744348e-05, 2.73295754596e-05, 1.50733649207e-05, 3.59892292181e-05, 8.9518553068e-06, 3.84750910598e-06, 3.08483504341e-06, 1.82918938663e-06, 1.73022647232e-06, 1.22451251627e-06, 7.16807846857e-07, 5.20995740771e-07, 3.74377151502e-07, 3.24606617141e-07, 2.85730436644e-07, 2.24898641932e-07, 1.5233293027e-07, 8.69343281806e-08, 5.92939102262e-08, 4.46958203781e-08, 4.08965838972e-08, 2.67154351974e-08, 2.113930897e-08, 1.96963512167e-08, 1.6370202971e-08, 6.48099662826e-09, 5.1984057059e-09], "dvar2": [2.54482220043e-05, 2.73791010841e-05, 1.01357809399e-05, 4.66775418317e-06, 1.210890332e-06, 1.18785885661e-06, 2.50766106547e-07, 1.59898888796e-07, 2.20376193738e-07, 2.00874197276e-07, 4.71483190267e-07, 9.84810810678e-08, 3.83121658842e-08, 3.08369081381e-08, 9.6616048495e-09, 5.79851366922e-09, 1.16296030583e-08, 3.47160211689e-09, 3.22682813803e-09, 1.77961512193e-09, 6.447996026e-10, 6.37999986175e-10, 2.64808203143e-10, 1.00697318539e-10, 2.55831935497e-11, 1.32598159883e-11, 5.73888723002e-12, 9.76825044463e-12, 2.46638195978e-11, 9.71234898062e-12, 1.62507507451e-12, 3.30146120945e-13, 4.24174638556e-13, 5.83905482559e-13, 8.39870843228e-14, 4.8989939438e-14, 2.13387470806e-14, 2.85757406778e-14, 7.64983067939e-15, 6.29591161716e-15], "min": [1.64471335763e-25, 2.70923283149e-25, 4.72487746144e-25, 4.37333244587e-25, 6.60310597297e-25, 5.00191259236e-25, 7.08604070268e-25, 9.32435167693e-25, 7.110032428e-25, 6.99794071679e-25, 9.78493206075e-25, 9.56856230559e-25, 1.26403600465e-24, 1.06535655389e-24, 1.20961584345e-24, 1.21948764882e-24, 1.01737744199e-24, 1.61693756515e-24, 1.33217001964e-24, 1.73379695446e-24, 1.92666338781e-24, 1.86384304127e-24, 2.31521978491e-24, 2.39014954078e-24, 2.02636732041e-24, 2.23404915321e-24, 2.87372857264e-24, 2.79038384028e-24, 3.41378886203e-24, 3.22489532941e-24, 3.39503645502e-24, 3.55339791516e-24, 3.25469277517e-24, 3.85299584848e-24, 3.92228268507e-24, 4.58071253937e-24, 4.43868089439e-24, 4.65876914265e-24, 4.56946772159e-24, 4.47106481784e-24], "var": [4.78369474877e-05, 3.84595114156e-05, 7.36231277187e-06, 3.29563408741e-06, 1.62619949151e-06, 1.22735332297e-06, 4.08636083193e-07, 5.01773968153e-07, 4.24299088309e-07, 3.91795083488e-07, 8.3652827243e-07, 9.84703873996e-08, 6.75627376268e-08, 3.01949363291e-08, 4.37615845783e-08, 1.55875561347e-08, 3.41462609299e-08, 1.75616698961e-09, 8.79732231507e-10, 5.05107566884e-10, 2.03938907428e-10, 1.80995121668e-10, 1.0508210968e-10, 2.65622975004e-11, 8.78788621733e-12, 4.73390424083e-12, 5.51887658837e-12, 8.93077452269e-12, 1.03643760241e-11, 2.47838338394e-12, 4.65443059528e-13, 1.65345832187e-13, 1.90277386404e-13, 2.76357848281e-13, 6.03809604855e-14, 2.79272522534e-14, 1.81491005221e-14, 2.5016574302e-14, 4.03944506831e-15, 2.82906378581e-15], "median": [3.01935699554e-07, 3.89720412386e-07, 3.0845319543e-07, 2.13030958207e-07, 1.01955230036e-07, 6.76687790246e-08, 7.61586633757e-08, 4.65498644076e-08, 2.58061021441e-08, 2.0901314457e-08, 1.59261848154e-08, 1.17784040299e-08, 9.87698633992e-09, 8.22598877903e-09, 6.72413058567e-09, 5.26480992136e-09, 3.79025877351e-09, 2.93304580623e-09, 2.94210900087e-09, 2.73513856008e-09, 2.12425943502e-09, 2.0766190989e-09, 1.74015768462e-09, 1.5728007785e-09, 1.56783563909e-09, 1.47153000896e-09, 1.52913715024e-09, 1.28104826747e-09, 1.035723729e-09, 6.98350877126e-10, 4.47702819262e-10, 2.90918567014e-10, 1.82109285984e-10, 1.22697740856e-10, 1.0263803002e-10, 8.78350656097e-11, 8.11804096168e-11, 6.15144046812e-11, 4.716689192e-11, 3.74489050881e-11]}, "silence_rate_60dB": {"dmean": 0.00162337662186, "dmean2": 0.00324682635255, "max": 1, "dvar": 0.00161922955886, "mean": 0.68721395731, "dvar2": 0.00405052583665, "min": 0, "var": 0.214809805155, "median": 1}, "spectral_energyband_middle_high": {"dmean": 0.000577674130909, "dmean2": 0.000860976695549, "max": 0.153616726398, "dvar": 8.88316480996e-06, "mean": 0.00173998915125, "dvar2": 2.05238138733e-05, "min": 1.01713579418e-21, "var": 3.20415165334e-05, "median": 7.67884955621e-07}, "erbbands_skewness": {"dmean": 0.337974131107, "dmean2": 0.524733304977, "max": 11.3961105347, "dvar": 0.170142635703, "mean": 0.118369281292, "dvar2": 0.368218034506, "min": -9.35264015198, "var": 1.44407892227, "median": 0.0175125319511}, "dynamic_complexity": 31.1737976074, "dissonance": {"dmean": 0.0196246691048, "dmean2": 0.0333529599011, "max": 0.500000119209, "dvar": 0.000655191717669, "mean": 0.457269519567, "dvar2": 0.00181419844739, "min": 0.0350193977356, "var": 0.00271028792486, "median": 0.478032141924}, "spectral_skewness": {"dmean": 0.326833993196, "dmean2": 0.537776529789, "max": 24.0242919922, "dvar": 0.343276679516, "mean": 2.01914334297, "dvar2": 0.913777589798, "min": -1.09324860573, "var": 4.69392156601, "median": 1.72000777721}, "spectral_kurtosis": {"dmean": 4.78240919113, "dmean2": 8.03502941132, "max": 718.523193359, "dvar": 285.109588623, "mean": 14.1330842972, "dvar2": 808.287780762, "min": -1.30567395687, "var": 1368.05322266, "median": 5.35329818726}, "gfcc": {"cov": [[156919.09375, 25805.4628906, -15072.7373047, 1312.43908691, -5796.96386719, -746.814575195, -3277.20019531, -1407.59423828, -2396.42480469, -553.79901123, -1609.63024902, -987.484191895, -952.992675781], [25805.4628906, 5579.79345703, -2070.76977539, -153.645431519, -738.458007812, -272.343444824, -499.673339844, -344.321014404, -338.649475098, -222.469924927, -239.55456543, -229.661071777, -126.937683105], [-15072.7373047, -2070.76977539, 2458.75976562, -126.997001648, 599.823120117, 205.137710571, 345.560638428, 69.1231002808, 256.401031494, -20.3927192688, 165.446289062, 85.8642349243, 127.624526978], [1312.43908691, -153.645431519, -126.997001648, 524.686401367, -84.9473724365, 58.780380249, -5.72313070297, 16.0407676697, -60.2936058044, 74.5425186157, -35.5146636963, 16.6925773621, 0.75244563818], [-5796.96386719, -738.458007812, 599.823120117, -84.9473724365, 529.263977051, 108.894523621, 112.695861816, 82.3139572144, 132.541564941, 13.1679077148, 113.08694458, 40.7011413574, 46.3648071289], [-746.814575195, -272.343444824, 205.137710571, 58.780380249, 108.894523621, 293.359130859, 31.3737773895, 50.1310310364, 20.1086654663, 28.2244033813, 42.5899848938, 42.4961013794, 13.6699504852], [-3277.20019531, -499.673339844, 345.560638428, -5.72313070297, 112.695861816, 31.3737773895, 214.511001587, 23.2132282257, 41.2514419556, 11.3452768326, 18.6588668823, 8.40752029419, 33.6647491455], [-1407.59423828, -344.321014404, 69.1231002808, 16.0407676697, 82.3139572144, 50.1310310364, 23.2132282257, 137.79006958, 56.0116043091, 23.4295864105, 24.8549728394, 18.9578533173, 8.72300338745], [-2396.42480469, -338.649475098, 256.401031494, -60.2936058044, 132.541564941, 20.1086654663, 41.2514419556, 56.0116043091, 142.586532593, 25.6037578583, 46.4958076477, 23.1738090515, 18.8610725403], [-553.79901123, -222.469924927, -20.3927192688, 74.5425186157, 13.1679077148, 28.2244033813, 11.3452768326, 23.4295864105, 25.6037578583, 125.015914917, 44.0422363281, 17.7187290192, 3.65566301346], [-1609.63024902, -239.55456543, 165.446289062, -35.5146636963, 113.08694458, 42.5899848938, 18.6588668823, 24.8549728394, 46.4958076477, 44.0422363281, 117.037002563, 46.1014976501, 12.887834549], [-987.484191895, -229.661071777, 85.8642349243, 16.6925773621, 40.7011413574, 42.4961013794, 8.40752029419, 18.9578533173, 23.1738090515, 17.7187290192, 46.1014976501, 84.798286438, 30.1238613129], [-952.992675781, -126.937683105, 127.624526978, 0.75244563818, 46.3648071289, 13.6699504852, 33.6647491455, 8.72300338745, 18.8610725403, 3.65566301346, 12.887834549, 30.1238613129, 70.5746383667]], "mean": [-483.77520752, 90.7473449707, -66.5588607788, 9.43039131165, -29.3980560303, -4.98760461807, -14.3061008453, -5.03734779358, -11.5747394562, -1.79165041447, -8.18189811707, -4.19412994385, -5.31212186813], "icov": [[0.000122540179291, -0.000403793848818, 0.000272244040389, -0.00022230920149, 0.000420164957177, -0.000402935373131, 0.000298519706121, -7.73787978687e-05, 9.58919190452e-05, -1.27660441649e-05, 7.48114252929e-05, 8.3828734887e-07, 6.86755156494e-05], [-0.000403793848818, 0.00173127418384, -0.000632046954706, 0.000800138514023, -0.0012324511772, 0.00117982411757, -0.000559852109291, 0.000907006964553, -0.000397955678636, 0.00063319777837, -0.000550351454876, 0.00082775572082, -0.000647365464829], [0.000272244040389, -0.000632046954706, 0.00155147071928, -0.000538051011972, 0.000647243577987, -0.00128367543221, 0.000149168248754, 0.000708500680048, -0.000716550741345, 0.000983275123872, -0.000508074881509, 0.000646256608889, -0.000638299330603], [-0.00022230920149, 0.000800138514023, -0.000538051011972, 0.00298605067655, -0.000656744698063, 0.000322061125189, -0.000467910285806, -0.000301983265672, 0.00123365677428, -0.00199455278926, 0.00153539155144, -0.000913470808882, -0.000108868633106], [0.000420164957177, -0.0012324511772, 0.000647243577987, -0.000656744698063, 0.00506993429735, -0.00204820791259, 0.000647116918117, -0.000872181728482, -0.00112830405124, 0.00108371151146, -0.00234987563454, 0.00138082599733, -0.000756314664613], [-0.000402935373131, 0.00117982411757, -0.00128367543221, 0.000322061125189, -0.00204820791259, 0.0056796008721, -0.0010692726355, -0.00115660950541, 0.000776403117925, -0.000653173075989, -0.000265429378487, -0.00189726811368, 0.000582141801715], [0.000298519706121, -0.000559852109291, 0.000149168248754, -0.000467910285806, 0.000647116918117, -0.0010692726355, 0.0076147923246, 2.81171705865e-05, 0.00039304519305, -0.000402079254854, 0.000708815234248, 0.00167504011188, -0.00202315906063], [-7.73787978687e-05, 0.000907006964553, 0.000708500680048, -0.000301983265672, -0.000872181728482, -0.00115660950541, 2.81171705865e-05, 0.0108033437282, -0.00391491502523, 0.000703632947989, -0.000277380662737, 0.00072634476237, -0.000492754159495], [9.58919190452e-05, -0.000397955678636, -0.000716550741345, 0.00123365677428, -0.00112830405124, 0.000776403117925, 0.00039304519305, -0.00391491502523, 0.0125496750697, -0.00291014509276, 0.000124512298498, -0.00142563018017, 0.000131593202241], [-1.27660441649e-05, 0.00063319777837, 0.000983275123872, -0.00199455278926, 0.00108371151146, -0.000653173075989, -0.000402079254854, 0.000703632947989, -0.00291014509276, 0.0128547269851, -0.00635798787698, 0.00261458405294, -0.00111403188203], [7.48114252929e-05, -0.000550351454876, -0.000508074881509, 0.00153539155144, -0.00234987563454, -0.000265429378487, 0.000708815234248, -0.000277380662737, 0.000124512298498, -0.00635798787698, 0.0172171797603, -0.00824535731226, 0.00288550416008], [8.3828734887e-07, 0.00082775572082, 0.000646256608889, -0.000913470808882, 0.00138082599733, -0.00189726811368, 0.00167504011188, 0.00072634476237, -0.00142563018017, 0.00261458405294, -0.00824535731226, 0.0207684822381, -0.00820070318878], [6.86755156494e-05, -0.000647365464829, -0.000638299330603, -0.000108868633106, -0.000756314664613, 0.000582141801715, -0.00202315906063, -0.000492754159495, 0.000131593202241, -0.00111403188203, 0.00288550416008, -0.00820070318878, 0.0194938611239]]}, "spectral_complexity": {"dmean": 0.592126607895, "dmean2": 0.955874741077, "max": 50, "dvar": 2.19844675064, "mean": 3.8778886795, "dvar2": 5.08266878128, "min": 0, "var": 39.9247703552, "median": 0}, "spectral_flux": {"dmean": 0.0113500477746, "dmean2": 0.018310315907, "max": 0.494577646255, "dvar": 0.000813303806353, "mean": 0.0306806899607, "dvar2": 0.00199083634652, "min": 6.08281064407e-11, "var": 0.00310627301224, "median": 0.00180680013727}, "spectral_energyband_low": {"dmean": 0.00456170924008, "dmean2": 0.00712714577094, "max": 0.328806638718, "dvar": 0.000233795974054, "mean": 0.011842597276, "dvar2": 0.000581905478612, "min": 4.99559657753e-24, "var": 0.00103225524072, "median": 2.61348736785e-06}, "spectral_decrease": {"dmean": 1.60639457292e-09, "dmean2": 2.52562726288e-09, "max": 3.80853931291e-14, "dvar": 2.05455484505e-17, "mean": -5.61046675784e-09, "dvar2": 5.10251621722e-17, "min": -9.846008453e-08, "var": 1.28006345376e-16, "median": -2.05726278027e-12}, "barkbands_spread": {"dmean": 4.47883653641, "dmean2": 7.37209892273, "max": 164.648635864, "dvar": 36.9774589539, "mean": 22.7986812592, "dvar2": 93.5135726929, "min": 0.0298284534365, "var": 528.434997559, "median": 20.2764987946}, "spectral_rms": {"dmean": 0.000354180869181, "dmean2": 0.000551773817278, "max": 0.0192116890103, "dvar": 7.67006611113e-07, "mean": 0.0024458526168, "dvar2": 1.85275064268e-06, "min": 3.07811913978e-12, "var": 1.52209013322e-05, "median": 9.02201863937e-05}, "spectral_centroid": {"dmean": 216.213638306, "dmean2": 353.170715332, "max": 12141.2783203, "dvar": 68077.1875, "mean": 3312.75610352, "dvar2": 169903.125, "min": 121.649703979, "var": 17678592, "median": 1076.82165527}, "barkbands_skewness": {"dmean": 0.495736181736, "dmean2": 0.798244655132, "max": 40.703414917, "dvar": 0.414727985859, "mean": 0.952696204185, "dvar2": 1.03673756123, "min": -4.52675914764, "var": 4.24446344376, "median": 1.12282216549}, "spectral_rolloff": {"dmean": 366.438812256, "dmean2": 644.408630371, "max": 20370.4101562, "dvar": 1086176, "mean": 5456.39746094, "dvar2": 2878383.25, "min": 21.533203125, "var": 59261748, "median": 882.861328125}, "erbbands_spread": {"dmean": 5.51291561127, "dmean2": 8.86582946777, "max": 193.724304199, "dvar": 41.3450508118, "mean": 34.2276191711, "dvar2": 98.9096755981, "min": 0.345625609159, "var": 382.377838135, "median": 34.6641273499}, "barkbands": {"dmean": [0.000144817051478, 0.00338645698503, 0.00142237346154, 0.00103629974183, 0.00145783880726, 0.00093022553483, 0.00029274696135, 0.00027509877691, 0.000319742073771, 0.000366827327525, 0.000158643786563, 9.3762682809e-05, 6.99820157024e-05, 9.27663277253e-05, 3.8029076677e-05, 2.10725193028e-05, 2.20942765736e-05, 1.10085893539e-05, 6.41962787995e-06, 5.04573381477e-06, 3.82299595003e-06, 1.66530674051e-06, 1.26058773731e-06, 7.18729609162e-07, 3.81017599693e-07, 3.98752462161e-07, 4.94597180989e-08], "dmean2": [0.0002373271127, 0.00522754527628, 0.00229239393957, 0.0017779218033, 0.00249111955054, 0.00147338490933, 0.000421483622631, 0.000402404257329, 0.000466662051622, 0.000530175981112, 0.000231955258641, 0.000147507205838, 0.000104768070742, 0.000138795920066, 6.11379582551e-05, 3.47245513694e-05, 3.59975092579e-05, 1.86102788575e-05, 1.05965082184e-05, 8.11456811789e-06, 6.30866270512e-06, 2.72150077762e-06, 2.06598315344e-06, 1.19430512768e-06, 6.28398652225e-07, 6.59179761442e-07, 8.51304733374e-08], "max": [0.0311907790601, 0.271403163671, 0.206237465143, 0.149776294827, 0.182090878487, 0.118715815246, 0.0800978317857, 0.0773199796677, 0.10702971369, 0.254956781864, 0.0947664752603, 0.0664907023311, 0.075772613287, 0.0421858616173, 0.0461659505963, 0.030318506062, 0.0175873450935, 0.0085907401517, 0.00356374378316, 0.00534723885357, 0.00754086626694, 0.00210581463762, 0.00111206469592, 0.000409741624026, 0.000384615763323, 0.00124119780958, 2.22913513426e-05], "dvar": [7.88632860349e-07, 0.000151060507051, 3.43244682881e-05, 2.06289314519e-05, 2.60072938545e-05, 1.18704319902e-05, 2.30820842262e-06, 2.52994118455e-06, 4.32597880717e-06, 7.88123270468e-06, 1.0619587556e-06, 6.49972264455e-07, 6.19208890384e-07, 4.10965355968e-07, 1.97139485181e-07, 9.03407482156e-08, 5.90895652408e-08, 1.5517148455e-08, 3.09274694743e-09, 3.48989659393e-09, 4.42113456955e-09, 2.97233515578e-10, 2.51106246907e-10, 3.96194153873e-11, 2.40409411129e-11, 1.12489281778e-10, 1.30266592869e-13], "mean": [0.000188386125956, 0.00798596255481, 0.00281512364745, 0.00163065153174, 0.00289878249168, 0.00195889826864, 0.000725706166122, 0.000795154657681, 0.000730206724256, 0.000763386429753, 0.000347050634446, 0.00021106893837, 0.00021027441835, 0.000298023951473, 6.67570857331e-05, 2.7769292501e-05, 3.42578132404e-05, 1.4885006749e-05, 1.14925933303e-05, 8.62066463014e-06, 6.23019377599e-06, 2.66036954599e-06, 1.85423255061e-06, 1.34384310968e-06, 5.60294893148e-07, 4.96316488352e-07, 9.48046050553e-08], "dvar2": [1.86173667771e-06, 0.000368424778571, 8.73874523677e-05, 5.97309590376e-05, 7.56262888899e-05, 2.79648847936e-05, 4.60650517198e-06, 5.1470415201e-06, 8.29210785014e-06, 1.59197425091e-05, 1.9493554646e-06, 1.60547972428e-06, 1.02285798675e-06, 8.83854454514e-07, 5.51045047814e-07, 2.47108630447e-07, 1.57882269036e-07, 4.30487077097e-08, 8.37500024886e-09, 8.84016770897e-09, 1.22261578639e-08, 7.66935348562e-10, 6.64233501535e-10, 1.07719957954e-10, 6.42232586556e-11, 2.90234530853e-10, 3.54198929301e-13], "min": [8.98100961299e-27, 2.66734505698e-25, 5.52627139429e-26, 2.36081524881e-26, 2.1193191953e-24, 1.99849035653e-24, 2.06830849094e-24, 1.57984276159e-24, 4.89995902568e-24, 6.39632403325e-24, 5.12716437702e-24, 9.7866643993e-24, 1.03761943533e-23, 1.18390627491e-23, 1.95054189187e-23, 2.40050830998e-23, 3.22248638486e-23, 5.5441813373e-23, 7.53091932294e-23, 1.21230238026e-22, 1.75658611261e-22, 1.99459630244e-22, 2.59486719717e-22, 4.91959812813e-22, 6.61166210823e-22, 1.07447217376e-21, 1.66876569902e-21], "var": [1.35328571105e-06, 0.000666322594043, 8.06790412753e-05, 4.00916069339e-05, 5.71891359868e-05, 3.27503730659e-05, 8.007262295e-06, 1.31899050757e-05, 1.68355381902e-05, 2.62492121692e-05, 3.59573209607e-06, 1.29328509502e-06, 4.24467953053e-06, 2.28663679991e-06, 1.87228650361e-07, 6.40870609914e-08, 5.61077193595e-08, 1.1336514838e-08, 3.50615980693e-09, 7.00979851942e-09, 3.85750675846e-09, 4.02420152756e-10, 3.89984072813e-10, 9.85612633175e-11, 3.08367636981e-11, 8.53477635787e-11, 1.53007638569e-13], "median": [1.28687048573e-07, 1.05980575427e-06, 6.44357328383e-07, 5.05422121932e-07, 9.82091023616e-07, 3.69924094912e-07, 3.50272216565e-07, 1.47380859516e-07, 1.48022905933e-07, 9.86357377997e-08, 7.11174195089e-08, 7.00051430158e-08, 5.73105722879e-08, 3.8939276692e-08, 3.88401062423e-08, 3.79237086179e-08, 3.49032127644e-08, 3.48334019407e-08, 3.89945284951e-08, 4.71162877602e-08, 2.96720408244e-08, 1.25174359766e-08, 6.47572839796e-09, 5.87448978351e-09, 4.00598088035e-09, 3.71194874837e-09, 1.3451664671e-08]}, "melbands_kurtosis": {"dmean": 6.40503787994, "dmean2": 10.6208209991, "max": 8274.14941406, "dvar": 2436.55200195, "mean": 12.621175766, "dvar2": 4855.67675781, "min": -1.95088195801, "var": 3777.88549805, "median": 5.53723526001}, "erbbands_crest": {"dmean": 2.15587544441, "dmean2": 3.49817967415, "max": 33.8616485596, "dvar": 6.66816091537, "mean": 9.22440338135, "dvar2": 16.1779689789, "min": 1.89614212513, "var": 39.7014427185, "median": 7.1797618866}, "melbands_skewness": {"dmean": 0.592933833599, "dmean2": 0.96264821291, "max": 75.3730163574, "dvar": 0.627392828465, "mean": 2.09233784676, "dvar2": 1.55522215366, "min": -2.71065330505, "var": 4.09365272522, "median": 1.89471173286}, "spectral_energyband_middle_low": {"dmean": 0.00304572517052, "dmean2": 0.00493515003473, "max": 0.267687708139, "dvar": 7.9261175415e-05, "mean": 0.00920165888965, "dvar2": 0.000209128324059, "min": 1.23296119587e-22, "var": 0.000364428648027, "median": 3.48326079802e-06}, "spectral_contrast_coeffs": {"dmean": [0.0348086543381, 0.0308352168649, 0.0245862789452, 0.0189639199525, 0.0140844648704, 0.0122225601226], "dmean2": [0.0592870265245, 0.0516431927681, 0.0400615222752, 0.0311972815543, 0.0230733379722, 0.0195367950946], "max": [-0.236808672547, -0.31979483366, -0.318834722042, -0.440121650696, -0.497896432877, -0.495522350073], "dvar": [0.0011092456989, 0.000948748143855, 0.000731739448383, 0.000421968929004, 0.000260656437604, 0.00024667737307], "mean": [-0.765202701092, -0.818030536175, -0.842852652073, -0.858887195587, -0.870491683483, -0.838645160198], "dvar2": [0.00312463287264, 0.00254060514271, 0.00174806814175, 0.00104090035893, 0.000629193906207, 0.000561766559258], "min": [-0.987386822701, -0.986681699753, -0.985359847546, -0.978257715702, -0.972463965416, -0.967558503151], "var": [0.024844545871, 0.0170366596431, 0.0137680992484, 0.00823077838868, 0.00476366886869, 0.00717023201287], "median": [-0.792603313923, -0.856697797775, -0.884669482708, -0.885352015495, -0.878566920757, -0.834988236427]}, "spectral_contrast_valleys": {"dmean": [0.389864623547, 0.327427923679, 0.29252332449, 0.242550358176, 0.189662471414, 0.148870766163], "dmean2": [0.664530277252, 0.554846525192, 0.490508586168, 0.401582956314, 0.304638981819, 0.233666017652], "max": [-4.63509654999, -4.20806837082, -5.13380861282, -4.57214975357, -5.82546186447, -8.69644355774], "dvar": [0.11478151381, 0.0825427472591, 0.0781414359808, 0.0704983100295, 0.0634753480554, 0.0582956746221], "mean": [-13.4045495987, -13.115240097, -13.726275444, -14.2395162582, -14.3296012878, -16.5411052704], "dvar2": [0.302760481834, 0.210821807384, 0.186786517501, 0.161983653903, 0.132463932037, 0.12215693295], "min": [-28.5857124329, -28.5257453918, -28.2723331451, -28.0700378418, -27.672246933, -27.5507450104], "var": [59.7258300781, 61.4596939087, 55.6271629333, 51.666229248, 50.1251335144, 34.1561393738], "median": [-10.6300630569, -10.1881752014, -10.8699378967, -11.4163007736, -11.2131471634, -14.1389102936]}, "silence_rate_20dB": {"dmean": 0, "dmean2": 0, "max": 1, "dvar": 0, "mean": 1, "dvar2": 0, "min": 1, "var": 0, "median": 1}, "silence_rate_30dB": {"dmean": 0.0286345593631, "dmean2": 0.057270411402, "max": 1, "dvar": 0.0278375390917, "mean": 0.931864798069, "dvar2": 0.0647372528911, "min": 0, "var": 0.0634906664491, "median": 1}, "spectral_strongpeak": {"dmean": 0.179405838251, "dmean2": 0.298067212105, "max": 15.110833168, "dvar": 0.342786729336, "mean": 0.479291498661, "dvar2": 0.827814280987, "min": 0, "var": 1.33540654182, "median": 0.00532775558531}, "spectral_spread": {"dmean": 471404.65625, "dmean2": 784664, "max": 44386636, "dvar": 387497951232, "mean": 12143474, "dvar2": 1016292311040.0, "min": 178545.75, "var": 236822869311000.0, "median": 4514392.5}, "barkbands_flatness_db": {"dmean": 0.0185445696115, "dmean2": 0.0298496130854, "max": 0.765142798424, "dvar": 0.000405238766689, "mean": 0.167337015271, "dvar2": 0.00100679509342, "min": 0.0248081143945, "var": 0.0117729660124, "median": 0.120294854045}, "pitch_salience": {"dmean": 0.0617069005966, "dmean2": 0.103648655117, "max": 0.943439185619, "dvar": 0.00441666645929, "mean": 0.598113059998, "dvar2": 0.0122901862487, "min": 0.0137367947027, "var": 0.0262944009155, "median": 0.610955297947}, "erbbands_kurtosis": {"dmean": 1.38669931889, "dmean2": 2.20046710968, "max": 239.31111145, "dvar": 14.4772520065, "mean": 1.84763514996, "dvar2": 33.3500595093, "min": -1.86204516888, "var": 49.1626548767, "median": 0.161897420883}, "average_loudness": 0.00462545733899, "barkbands_crest": {"dmean": 2.22210621834, "dmean2": 3.70410323143, "max": 26.7357273102, "dvar": 5.6008105278, "mean": 10.1835670471, "dvar2": 15.0843019485, "min": 2.19603824615, "var": 21.7588863373, "median": 8.60647201538}, "hfc": {"dmean": 1.51840746403, "dmean2": 2.30765271187, "max": 303.814178467, "dvar": 28.5197849274, "mean": 6.16410255432, "dvar2": 66.4424285889, "min": 1.01172301903e-16, "var": 164.34425354, "median": 0.00500536058098}, "barkbands_kurtosis": {"dmean": 3.91930294037, "dmean2": 6.46091175079, "max": 2293.39355469, "dvar": 362.738342285, "mean": 7.49219036102, "dvar2": 917.173095703, "min": -1.9779330492, "var": 806.699523926, "median": 3.3048620224}, "erbbands": {"dmean": [0.0899875834584, 0.802298784256, 1.63764822483, 2.51104593277, 4.18580913544, 4.96502113342, 6.15407276154, 8.10664272308, 4.63013267517, 4.7810549736, 5.83338880539, 8.56838703156, 10.5951395035, 7.03492021561, 7.08828306198, 4.37754058838, 3.2717897892, 5.06066226959, 2.32250070572, 1.54612219334, 1.08967423439, 1.0334738493, 0.687170803547, 0.429148674011, 0.268284916878, 0.244153305888, 0.209591031075, 0.107524521649, 0.0593241080642, 0.0552223995328, 0.0303314514458, 0.0178917702287, 0.0110194673762, 0.00463906256482, 0.00279267365113, 0.00158745062072, 0.000815434090327, 0.000130797969177, 1.18533935165e-05, 6.84433462084e-06], "dmean2": [0.140814080834, 1.24052643776, 2.59600925446, 4.23487997055, 7.4433836937, 8.32472038269, 9.59752750397, 13.2730588913, 6.6138677597, 7.07158088684, 8.41939544678, 12.1966218948, 14.9701862335, 10.6948423386, 10.4147377014, 6.65097522736, 4.84398794174, 7.50674676895, 3.6663582325, 2.49058008194, 1.76244831085, 1.71405303478, 1.14672243595, 0.712853431702, 0.437914162874, 0.391461193562, 0.336948752403, 0.179101184011, 0.0968097448349, 0.0912209823728, 0.0493322499096, 0.0294254049659, 0.0184344891459, 0.00770732294768, 0.00455833226442, 0.00261694542132, 0.00135293917265, 0.000221114736632, 2.0233075702e-05, 1.07559108073e-05], "max": [8.43887710571, 67.4368209839, 217.222747803, 401.972503662, 668.785888672, 568.140319824, 632.315002441, 1468.51647949, 1176.03417969, 1108.48254395, 1961.92858887, 2801.61401367, 9538.15722656, 2820.25708008, 4653.71679688, 3014.4543457, 3476.55883789, 2233.05810547, 1685.51818848, 2367.75439453, 1345.95336914, 966.945373535, 547.039733887, 257.114318848, 234.889724731, 238.128677368, 339.339599609, 214.147445679, 81.6797409058, 72.7524108887, 19.1230983734, 9.40214061737, 8.82354640961, 3.91472101212, 2.60671639442, 2.04421615601, 3.21726536751, 0.45553535223, 0.00727836973965, 0.000415201182477], "dvar": [0.134309619665, 8.83350849152, 42.2260971069, 128.634140015, 307.395111084, 318.937713623, 440.738128662, 1090.53210449, 600.863037109, 594.95135498, 1506.47546387, 2938.32568359, 9519.56152344, 2300.40039062, 2218.8425293, 1366.93359375, 1280.11499023, 1195.34545898, 484.011260986, 442.15222168, 198.305465698, 188.03175354, 60.214630127, 15.1173000336, 5.69850349426, 6.80481338501, 13.5343952179, 3.38012719154, 0.422482609749, 0.687565684319, 0.0932068452239, 0.0214983206242, 0.0125231388956, 0.00329345581122, 0.00121014961042, 0.000485256285174, 0.000725893652998, 1.5000609892e-05, 8.35544877731e-09, 3.6572980755e-10], "mean": [0.20930711925, 1.8436511755, 3.59458875656, 4.48312664032, 7.0367732048, 10.0863828659, 13.6655158997, 15.5503110886, 11.4397859573, 15.3706274033, 15.3148536682, 20.6730365753, 23.1495170593, 13.1061592102, 16.8877449036, 11.8258771896, 10.8094758987, 16.6381473541, 5.50582551956, 2.78927826881, 1.64984440804, 1.53366684914, 0.991406679153, 0.673554182053, 0.499263137579, 0.448903977871, 0.339839339256, 0.174029126763, 0.0990661159158, 0.0781374052167, 0.0456373952329, 0.0327940098941, 0.0189141407609, 0.00694273225963, 0.00389403151348, 0.00209452258423, 0.000991044333205, 0.000162532945978, 3.02903117699e-05, 2.46398212767e-05], "dvar2": [0.317956119776, 21.8928470612, 104.914329529, 363.008148193, 977.738037109, 881.444213867, 1012.38702393, 2694.4152832, 1193.79394531, 1304.10131836, 2951.13598633, 5411.81591797, 18744.3886719, 4952.40332031, 4118.90771484, 3290.69140625, 1996.16674805, 2593.14477539, 1340.13977051, 1222.65161133, 533.813415527, 514.368652344, 164.434249878, 41.3383331299, 14.7472505569, 16.5372505188, 36.4082641602, 9.67016792297, 1.15360963345, 1.75078058243, 0.243512496352, 0.0581487044692, 0.0335167422891, 0.00891321711242, 0.00318292854354, 0.00126401032321, 0.00185180082917, 3.94500057155e-05, 2.23258656007e-08, 9.07385055982e-10], "min": [1.68979354375e-23, 5.98100769931e-23, 5.15678247525e-22, 2.42594726295e-21, 3.82314881966e-21, 6.82797286764e-21, 1.78622787036e-20, 2.6612062745e-20, 4.94280256379e-20, 8.87671361397e-20, 1.07653504831e-19, 1.35894077792e-19, 2.79882505618e-19, 3.43315264482e-19, 4.50739452875e-19, 6.9617717551e-19, 8.60644049137e-19, 7.74459377333e-19, 1.27540155896e-18, 1.92604600896e-18, 2.03099641034e-18, 2.64617249305e-18, 3.77253254584e-18, 4.10279929465e-18, 5.11081316964e-18, 6.03922000965e-18, 7.07745823704e-18, 7.55985756257e-18, 7.27273241861e-18, 8.561392959e-18, 8.29247654186e-18, 7.95984240213e-18, 7.99451202315e-18, 6.59629761447e-18, 4.98105996439e-18, 3.36274995872e-18, 1.88682854894e-18, 7.95952579875e-19, 2.09002988666e-19, 2.37984353564e-20], "var": [0.550271689892, 37.160068512, 121.482788086, 269.946685791, 470.573791504, 757.010681152, 1495.65136719, 2536.39770508, 1891.61230469, 3970.93041992, 5921.1640625, 12221.9541016, 34118.9101562, 5247.83984375, 8120.43505859, 3391.69628906, 9780.33691406, 6680.29589844, 670.585021973, 367.771728516, 155.190048218, 148.316299438, 48.4153251648, 13.7619113922, 7.43872022629, 19.3792457581, 14.9904375076, 2.4912250042, 0.524784386158, 0.852255702019, 0.168204784393, 0.0491323582828, 0.0288239456713, 0.00479654176161, 0.00148758245632, 0.000465365708806, 0.000547247298528, 1.08228650788e-05, 9.29835763941e-09, 2.34705987978e-09], "median": [2.97471378872e-05, 0.000238307708059, 0.000703705358319, 0.00148283864837, 0.00259580742568, 0.00284399045631, 0.00275872275233, 0.00291425082833, 0.00494712265208, 0.0045634037815, 0.00341237871908, 0.00339222955517, 0.00333818350919, 0.00303626293316, 0.00302713806741, 0.00295099592768, 0.00279620313086, 0.00224243709818, 0.00198468402959, 0.00227347388864, 0.00210221647285, 0.00207750848494, 0.00188716361299, 0.00207796040922, 0.00225501949899, 0.00220119138248, 0.00160357507411, 0.000949492503423, 0.000513288134243, 0.000272486970061, 0.000184809934581, 0.000141305659781, 8.76657286426e-05, 4.90545280627e-05, 2.6982754207e-05, 1.38277291626e-05, 6.9450106821e-06, 4.09978974858e-06, 3.0599553611e-06, 1.5625178662e-07]}, "spectral_energy": {"dmean": 0.00617768149823, "dmean2": 0.00970907881856, "max": 0.378316253424, "dvar": 0.000301410414977, "mean": 0.0217349994928, "dvar2": 0.000749218743294, "min": 9.7116876573e-21, "var": 0.00189795659389, "median": 8.34317415865e-06}, "zerocrossingrate":