{"tonal": {"hpcp": {"dvar": [0.00204436597414, 0.00160928477999, 0.0127156889066, 0.0353822261095, 0.0116710560396, 0.00605178112164, 0.00376250874251, 0.000657822296489, 0.00922100711614, 0.0389660410583, 0.0302827041596, 0.0209253169596, 0.0329250060022, 0.0207958556712, 0.0151638360694, 0.0195767879486, 0.01064690575, 0.02084264718, 0.0475759282708, 0.0158386062831, 0.0014216612326, 0.000906570581719, 0.00250008446164, 0.00740685779601, 0.0266098044813, 0.0188597012311, 0.00734845269471, 0.0138465156779, 0.00427510216832, 0.00150040781591, 0.00394943123683, 0.00299676321447, 0.0104111544788, 0.0332761481404, 0.0147715974599, 0.00132938264869], "var": [0.00431449245661, 0.00310425297357, 0.0307186543941, 0.0897210687399, 0.0297739449888, 0.00685248943046, 0.0038534225896, 0.000541924324352, 0.0250814221799, 0.141844257712, 0.106432527304, 0.0432533100247, 0.140978395939, 0.0685492381454, 0.013342320919, 0.0229800138623, 0.0099055794999, 0.0465581826866, 0.13648621738, 0.0442819669843, 0.00156196777243, 0.00105209462345, 0.00297165755183, 0.0111985467374, 0.0565025359392, 0.0452632680535, 0.0156648475677, 0.0385921150446, 0.00957969110459, 0.00226701446809, 0.00974758155644, 0.00711132586002, 0.0435545481741, 0.124610364437, 0.0374639965594, 0.00149860745296], "median": [0.0120335631073, 0.0165623333305, 0.0711464881897, 0.123729765415, 0.0687917247415, 0.00983862858266, 0.00368407694623, 0.00294385571033, 0.12780085206, 0.407879054546, 0.316525816917, 0.130034357309, 0.0567879937589, 0.0317548215389, 0.0211677588522, 0.0161625407636, 0.0165732912719, 0.175892591476, 0.336006641388, 0.174038410187, 0.00896306335926, 0.00507791899145, 0.00748379668221, 0.0502152293921, 0.118060037494, 0.08472340554, 0.0446706488729, 0.030095031485, 0.0175940971822, 0.0115419793874, 0.0163055956364, 0.0172548945993, 0.145089238882, 0.279462605715, 0.1501044631, 0.0139407347888], "max": [1, 0.6764575243, 1, 1, 1, 1, 0.908389985561, 0.597497701645, 0.956394612789, 1, 1, 1, 1, 1, 1, 1, 1, 1, 1, 1, 1, 1, 1, 1, 1, 1, 1, 1, 0.862884700298, 0.699532568455, 1, 1, 1, 1, 1, 0.857800543308], "dmean": [0.0234183520079, 0.0241097807884, 0.0815489962697, 0.135292097926, 0.0796487033367, 0.029944203794, 0.0198175758123, 0.0113770002499, 0.0765906572342, 0.156599774957, 0.144943863153, 0.107771143317, 0.102707736194, 0.0838188156486, 0.0622756779194, 0.0684364140034, 0.0503253489733, 0.120046697557, 0.176914185286, 0.106839217246, 0.0170145500451, 0.0109862945974, 0.0180325526744, 0.0577114261687, 0.118812926114, 0.0928641855717, 0.0522501952946, 0.0576388649642, 0.033305477351, 0.0197470672429, 0.0285561513156, 0.0295299552381, 0.0890656560659, 0.145607203245, 0.102560788393, 0.0196148976684], "dmean2": [0.0363881923258, 0.039150968194, 0.133740797639, 0.220028236508, 0.126122355461, 0.0493908151984, 0.0324403010309, 0.0198634192348, 0.125534802675, 0.258735120296, 0.231263414025, 0.179626092315, 0.174234077334, 0.143608778715, 0.110010370612, 0.120372012258, 0.0888224095106, 0.201592326164, 0.289172649384, 0.168730929494, 0.0288014225662, 0.0185587070882, 0.0318560898304, 0.0966374203563, 0.192235693336, 0.149059519172, 0.0833168178797, 0.0916675850749, 0.0542433857918, 0.0334170609713, 0.0453458316624, 0.0482900328934, 0.141772225499, 0.231429442763, 0.169857814908, 0.0327505320311], "mean": [0.034925725311, 0.0360179245472, 0.141585603356, 0.249494150281, 0.139482617378, 0.0317518822849, 0.0189835205674, 0.0102640455589, 0.171485200524, 0.484576910734, 0.396246403456, 0.201807722449, 0.272389858961, 0.172870978713, 0.0612780228257, 0.0672115087509, 0.0493866316974, 0.244081497192, 0.448513239622, 0.236575514078, 0.0197132658213, 0.0129133723676, 0.0187605693936, 0.0854006633162, 0.207724973559, 0.16672514379, 0.0916341468692, 0.10397144407, 0.0521849915385, 0.0270968563855, 0.0473450981081, 0.0445150844753, 0.219908848405, 0.400827735662, 0.211224019527, 0.0266704112291], "dvar2": [0.0042723682709, 0.00382280582562, 0.0327844023705, 0.0820499882102, 0.0265990421176, 0.0149564975873, 0.00936060305685, 0.00179224810563, 0.0224583949894, 0.083058796823, 0.0620913617313, 0.0536722578108, 0.078805565834, 0.0515610910952, 0.0409463569522, 0.0492637492716, 0.0286684967577, 0.053339663893, 0.102009683847, 0.0334471091628, 0.00339445075952, 0.00212013558485, 0.00713118957356, 0.0192416422069, 0.0601449906826, 0.0410050861537, 0.0176081303507, 0.0302209127694, 0.0100596100092, 0.00382493366487, 0.00850898306817, 0.00657215574756, 0.0251012481749, 0.0729596614838, 0.0363070853055, 0.0035746707581], "min": [0, 0, 0, 0, 0, 0, 0, 0, 0, 0, 0, 0, 0, 0, 0, 0, 0, 0, 0, 0, 0, 0, 0, 0, 0, 0, 0, 0, 0, 0, 0, 0, 0, 0, 0, 0]}, "key_key": "C#", "thpcp": [1, 0.817716240883, 0.416461706161, 0.562118947506, 0.356746226549, 0.126456752419, 0.138701424003, 0.101917013526, 0.503700196743, 0.925576984882, 0.488210469484, 0.0406813956797, 0.0266487579793, 0.0387153588235, 0.17623758316, 0.428672879934, 0.344063311815, 0.189101353288, 0.214561283588, 0.10769186914, 0.0559185892344, 0.0977039933205, 0.0918638184667, 0.453816205263, 0.827170491219, 0.435893684626, 0.0550385527313, 0.0720746815205, 0.0743286013603, 0.292183965445, 0.514870047569, 0.287844121456, 0.0655249580741, 0.0391754545271, 0.0211814586073, 0.353886455297], "chords_key": "G#", "tuning_equal_tempered_deviation": 0.0323128886521, "tuning_frequency": 447.174194336, "tuning_diatonic_strength": 0.596874892712, "chords_histogram": [13.0491437912, 12.6954574585, 60.16381073, 0, 0.130305290222, 0, 0, 0, 0.0186150409281, 0.353685766459, 0, 0, 0, 0, 0, 0, 0, 0, 0.0186150409281, 0, 0, 0.856291890144, 10.8153390884, 1.89873421192], "key_strength": 0.753239095211, "key_scale": "major", "chords_strength": {"dvar": 2.21885184146e-05, "var": 0.0093660466373, "median": 0.568606853485, "max": 0.721278071404, "dmean": 0.00558469351381, "dmean2": 0.00446791248396, "mean": 0.54105079174, "dvar2": 1.69797021954e-05, "min": 0.278783023357}, "chords_number_rate": 0.000930752023123, "tuning_nontempered_energy_ratio": 0.616035461426, "hpcp_entropy": {"dvar": 0.12955597043, "var": 0.269551455975, "median": 1.76576089859, "max": 3.47747707367, "dmean": 0.41024312377, "dmean2": 0.685888409615, "mean": 1.7781188488, "dvar2": 0.330565989017, "min": 0}, "chords_changes_rate": 0.0243857037276, "chords_scale": "major"}, "rhythm": {"bpm_histogram_first_peak_spread": {"dvar": 0, "var": 0, "median": 0.503667473793, "max": 0.503667473793, "dmean": 0, "dmean2": 0, "mean": 0.503667473793, "dvar2": 0, "min": 0.503667473793}, "bpm_histogram_first_peak_weight": {"dvar": 0, "var": 0, "median": 0.418556690216, "max": 0.418556690216, "dmean": 0, "dmean2": 0, "mean": 0.418556690216, "dvar2": 0, "min": 0.418556690216}, "bpm_histogram_first_peak_bpm": {"dvar": 0, "var": 0, "median": 117, "max": 117, "dmean": 0, "dmean2": 0, "mean": 117, "dvar2": 0, "min": 117}, "bpm": 117.497360229, "bpm_histogram_second_peak_weight": {"dvar": 0, "var": 0, "median": 0.0845360830426, "max": 0.0845360830426, "dmean": 0, "dmean2": 0, "mean": 0.0845360830426, "dvar2": 0, "min": 0.0845360830426}, "beats_loudness": {"dvar": 0.00152278866153, "var": 0.00108237948734, "median": 0.0216507092118, "max": 0.363148450851, "dmean": 0.0206592231989, "dmean2": 0.0372887589037, "mean": 0.0284508727491, "dvar2": 0.00437164586037, "min": 2.66265451501e-05}, "beats_loudness_band_ratio": {"dvar": [0.00317255617119, 0.00272683147341, 0.0312899649143, 0.0220913439989, 0.00107594835572, 0.00649541337043], "var": [0.00310023780912, 0.00306571857072, 0.0519300512969, 0.0337745249271, 0.00119157042354, 0.00490499148145], "median": [0.0305556170642, 0.0588743314147, 0.527829051018, 0.277980983257, 0.026775829494, 0.00986842531711], "max": [0.866467237473, 0.358274757862, 0.979648590088, 0.844740152359, 0.191288664937, 0.604766786098], "dmean": [0.035124823451, 0.0545217953622, 0.254838526249, 0.192072868347, 0.0363355502486, 0.0613420158625], "dmean2": [0.0600955560803, 0.0975307151675, 0.43432995677, 0.326807230711, 0.0635271817446, 0.113223843277], "mean": [0.0434904433787, 0.0709275752306, 0.525927722454, 0.311268866062, 0.038656141609, 0.0410830676556], "dvar2": [0.00847918726504, 0.00763716036454, 0.0872773528099, 0.0596683956683, 0.0029921841342, 0.0176068190485], "min": [0.00131516088732, 0.00200189556926, 0.0747229233384, 0.000705912942067, 0.000365539774066, 2.79130781564e-05]}, "bpm_histogram_second_peak_bpm": {"dvar": 0, "var": 0, "median": 112, "max": 112, "dmean": 0, "dmean2": 0, "mean": 112, "dvar2": 0, "min": 112}, "onset_rate": 4.95532274246, "beats_count": 486, "beats_position": [0.49922901392, 1.01006805897, 1.52090704441, 1.99691605568, 2.47292518616, 2.9837641716, 3.50621318817, 4.00544214249, 4.52789115906, 5.06195020676, 5.5727891922, 6.10684776306, 6.6176867485, 7.1517457962, 7.6858048439, 8.20825386047, 8.74231243134, 9.26476192474, 9.79882049561, 10.321269989, 10.8437185287, 11.3777770996, 11.8886165619, 12.4110651016, 12.9451246262, 13.4907932281, 14.0132427216, 14.5356912613, 15.0581407547, 15.5805892944, 16.114648819, 16.6254863739, 17.1363258362, 17.6355552673, 18.1347846985, 18.6456241608, 19.1564617157, 19.6556911469, 20.1665306091, 20.6889801025, 21.2114276886, 21.733877182, 22.2447166443, 22.7555541992, 23.2663936615, 23.7656230927, 24.2648525238, 24.764081955, 25.2633094788, 25.774148941, 26.2849884033, 26.7842178345, 27.2834453583, 27.7826747894, 28.2819042206, 28.7811336517, 29.2803630829, 29.7912006378, 30.290430069, 30.8012695313, 31.3121089935, 31.8345565796, 32.357006073, 32.9026756287, 33.4483451843, 33.99401474, 34.5048522949, 35.0156898499, 35.5265312195, 36.0605888367, 36.5714263916, 37.0822677612, 37.5931053162, 38.1039466858, 38.6147842407, 39.1256217957, 39.6596832275, 40.1821289063, 40.7161903381, 41.2502479553, 41.7726974487, 42.2951469421, 42.8175964355, 43.3284339905, 43.8624954224, 44.3849411011, 44.9073905945, 45.4182319641, 45.9522895813, 46.4631271362, 46.9739685059, 47.4848060608, 47.9956436157, 48.5064849854, 49.0289344788, 49.5513839722, 50.0854415894, 50.6078910828, 51.1303405762, 51.6527900696, 52.1752357483, 52.6860771179, 53.1969146729, 53.7077522278, 54.2185935974, 54.7294311523, 55.240272522, 55.7511100769, 56.2619476318, 56.7727890015, 57.2836265564, 57.794467926, 58.3169136047, 58.8277549744, 59.3502044678, 59.8610420227, 60.3718795776, 60.894329071, 61.4167785645, 61.9160079956, 62.438457489, 62.9609069824, 63.4833564758, 64.0174102783, 64.5514755249, 65.0623092651, 65.5731506348, 66.0839920044, 66.6064376831, 67.1288909912, 67.6513366699, 68.1737823486, 68.6962356567, 69.2186813354, 69.7411346436, 70.2635803223, 70.7860336304, 71.3084793091, 71.8193206787, 72.3301544189, 72.8409957886, 73.3750534058, 73.9091110229, 74.4315643311, 74.9540100098, 75.4648513794, 75.9640808105, 76.4633102417, 76.9741516113, 77.49659729, 78.0190429688, 78.5414962769, 79.0639419556, 79.5979995728, 80.1088409424, 80.6428985596, 81.1653518677, 81.6877975464, 82.198638916, 82.7326965332, 83.2899780273, 83.8240356445, 84.3464813232, 84.8573226929, 85.3681640625, 85.8906097412, 86.4130630493, 86.935508728, 87.4579544067, 87.9804077148, 88.4912490845, 89.0253067017, 89.5593643188, 90.093421936, 90.6158676147, 91.1383209229, 91.6607666016, 92.1832199097, 92.7172775269, 93.2281188965, 93.7389526367, 94.2497940063, 94.7490234375, 95.2482528687, 95.7590942383, 96.2699279785, 96.7807693481, 97.2916107178, 97.802444458, 98.3132858276, 98.8241271973, 99.3233566284, 99.8225860596, 100.3334198, 100.844261169, 101.378318787, 101.900772095, 102.411605835, 102.910835266, 103.421676636, 103.932518005, 104.443351746, 104.965805054, 105.465034485, 105.975868225, 106.498321533, 106.997550964, 107.496780396, 108.007614136, 108.518455505, 109.017684937, 109.516914368, 110.027755737, 110.550201416, 111.061042786, 111.571876526, 112.082717896, 112.593559265, 113.092788696, 113.603622437, 114.126075745, 114.636917114, 115.147750854, 115.635368347, 116.146209717, 116.657051086, 117.167892456, 117.678726196, 118.189567566, 118.700408936, 119.211242676, 119.733695984, 120.256141663, 120.755371094, 121.254600525, 121.765441895, 122.264671326, 122.763900757, 123.274734497, 123.808792114, 124.331245422, 124.86530304, 125.410972595, 125.956642151, 126.47908783, 126.989929199, 127.512374878, 128.023223877, 128.545669556, 129.056503296, 129.578948975, 130.101409912, 130.612243652, 131.123077393, 131.633926392, 132.167984009, 132.702041626, 133.212875366, 133.723709106, 134.234558105, 134.745391846, 135.256240845, 135.767074585, 136.266296387, 136.765533447, 137.276367188, 137.775604248, 138.27482605, 138.78565979, 139.296508789, 139.807342529, 140.341400146, 140.863845825, 141.386306763, 141.908752441, 142.43119812, 142.94203186, 143.476104736, 143.986938477, 144.486160278, 144.985397339, 145.496231079, 146.007064819, 146.517913818, 147.028747559, 147.562805176, 148.096862793, 148.607711792, 149.106933594, 149.606170654, 150.117004395, 150.627838135, 151.138687134, 151.649520874, 152.160354614, 152.682815552, 153.20526123, 153.739318848, 154.261764526, 154.761001587, 155.271835327, 155.782669067, 156.293518066, 156.804351807, 157.315185547, 157.826034546, 158.336868286, 158.847702026, 159.346939087, 159.846160889, 160.357009888, 160.867843628, 161.378677368, 161.889526367, 162.400360107, 162.899581909, 163.39881897, 163.898040771, 164.408889771, 164.919723511, 165.418960571, 165.906570435, 166.394195557, 166.88180542, 167.38104248, 167.891876221, 168.391113281, 168.901947021, 169.412780762, 169.923629761, 170.422851563, 170.922088623, 171.409698486, 171.920547485, 172.431381226, 172.953826904, 173.476272583, 173.987121582, 174.474731445, 174.973968506, 175.473190308, 175.972427368, 176.47164917, 176.982498169, 177.481719971, 177.980941772, 178.480178833, 178.979400635, 179.490249634, 180.001083374, 180.511917114, 181.022766113, 181.533599854, 182.021224976, 182.532058716, 183.031295776, 183.542129517, 184.064575195, 184.575408936, 185.086257935, 185.573867798, 186.084716797, 186.595550537, 187.106384277, 187.617233276, 188.10484314, 188.615692139, 189.126525879, 189.625762939, 190.101760864, 190.589385986, 191.100219727, 191.611068726, 192.110290527, 192.597915649, 193.085525513, 193.584762573, 194.095596313, 194.583221436, 195.082443237, 195.581680298, 196.092514038, 196.603347778, 197.114196777, 197.613418579, 198.11265564, 198.611877441, 199.111114502, 199.598724365, 200.086349487, 200.597183228, 201.096420288, 201.59564209, 202.09487915, 202.594100952, 203.081726074, 203.592559814, 204.103393555, 204.602630615, 205.101852417, 205.601089478, 206.100311279, 206.622756958, 207.145217896, 207.679275513, 208.236557007, 208.782211304, 209.327880859, 209.861953735, 210.384399414, 210.906845093, 211.417678833, 211.940139771, 212.462585449, 212.973419189, 213.48425293, 213.995101929, 214.49432373, 214.993560791, 215.504394531, 216.02684021, 216.537689209, 217.048522949, 217.547744751, 218.05859375, 218.557815552, 219.057052612, 219.544662476, 220.032287598, 220.543121338, 221.053970337, 221.553192139, 222.052429199, 222.563262939, 223.07409668, 223.57333374, 224.072555542, 224.583404541, 225.094238281, 225.593460083, 226.092697144, 226.591918945, 227.091156006, 227.601989746, 228.101226807, 228.600448608, 229.099685669, 229.598907471, 230.109741211, 230.597366333, 231.096588135, 231.595825195, 232.095046997, 232.594284058, 233.105117798, 233.615966797, 234.138412476, 234.660858154, 235.183303833, 235.705749512, 236.216598511, 236.750656128, 237.273101807, 237.795547485, 238.306396484, 238.794006348, 239.304855347, 239.815689087, 240.326522827, 240.837371826, 241.348205566, 241.859039307, 242.358276367, 242.869110107, 243.391555786, 243.914016724, 244.436462402, 244.947296143, 245.458129883, 245.945755005, 246.433380127, 246.932601929, 247.431838989, 247.931060791, 248.430297852, 248.941131592], "danceability": 1.13396847248, "bpm_histogram_second_peak_spread": {"dvar": 0, "var": 0, "median": 0.196078434587, "max": 0.196078434587, "dmean": 0, "dmean2": 0, "mean": 0.196078434587, "dvar2": 0, "min": 0.196078434587}}, "lowlevel": {"spectral_flux": {"dvar": 0.000650794187095, "var": 0.0011910708854, "median": 0.0505034253001, "max": 0.468924701214, "dmean": 0.0189924594015, "dmean2": 0.0304065607488, "mean": 0.0557696074247, "dvar2": 0.00149562605657, "min": 1.04413352964e-10}, "spectral_rolloff": {"dvar": 280682.34375, "var": 376420.1875, "median": 1098.19335938, "max": 19099.9511719, "dmean": 192.182479858, "dmean2": 337.827606201, "mean": 1157.03186035, "dvar2": 599950.625, "min": 21.533203125}, "barkbands_flatness_db": {"dvar": 0.00133843882941, "var": 0.00383786461316, "median": 0.239130884409, "max": 0.557393968105, "dmean": 0.0388009287417, "dmean2": 0.0572151131928, "mean": 0.238425239921, "dvar2": 0.00307943066582, "min": 0.0565152317286}, "spectral_centroid": {"dvar": 85242.5078125, "var": 177388.953125, "median": 816.511657715, "max": 11215.1054688, "dmean": 161.668655396, "dmean2": 234.322296143, "mean": 918.955505371, "dvar2": 164855.890625, "min": 386.450500488}, "melbands_skewness": {"dvar": 0.908344388008, "var": 1.62568855286, "median": 0.619094908237, "max": 68.5355148315, "dmean": 0.505965650082, "dmean2": 0.793626248837, "mean": 0.751470386982, "dvar2": 1.81875395775, "min": -2.39539790154}, "melbands": {"dvar": [1.36120741345e-08, 3.37802275041e-09, 2.42435449493e-09, 6.41687503133e-09, 2.42573605647e-09, 4.27066515485e-09, 1.20424587635e-07, 8.7712118102e-07, 2.76324749393e-06, 1.23234613625e-07, 3.35365228921e-08, 1.90772730946e-08, 2.58425494337e-08, 2.45899656193e-08, 7.63445697771e-08, 5.19703835522e-09, 5.73981751018e-09, 4.58534293868e-10, 7.30402738292e-10, 1.33807825931e-10, 2.01832786595e-10, 2.25994466196e-11, 6.65849406861e-12, 1.60647484898e-11, 8.96080171869e-12, 2.66959414644e-12, 3.04076736013e-10, 5.78565362286e-10, 2.03028482915e-10, 8.03659583326e-10, 1.25015440708e-11, 2.0025188105e-12, 6.72271266433e-12, 2.81475667427e-12, 1.53093119779e-12, 1.76979101946e-12, 2.61690061981e-12, 2.60481875869e-13, 2.01569125025e-14, 9.58412104697e-15], "var": [1.11412443715e-08, 4.2477097395e-09, 5.19933385235e-09, 1.67567772991e-08, 1.04207611429e-08, 2.27753016446e-08, 5.4609762401e-07, 3.5878831568e-06, 1.03414740806e-05, 2.90447161433e-07, 6.19839610749e-08, 5.05512431914e-08, 8.2339489893e-08, 9.12046402846e-08, 1.20503500511e-07, 1.53646286805e-08, 1.6614798426e-08, 1.01198038838e-09, 1.82722748043e-09, 2.23518190068e-10, 3.32962907246e-10, 2.78749367338e-11, 8.21407004914e-12, 2.35275687821e-11, 1.01075450093e-11, 3.16309933975e-12, 3.41365657963e-10, 6.47840003865e-10, 1.46444023574e-10, 7.25304871718e-10, 1.03645139346e-11, 1.47739828184e-12, 3.84145840138e-12, 1.62401808581e-12, 9.52917324042e-13, 1.02447477585e-12, 1.45827469024e-12, 1.50611131639e-13, 1.18608363419e-14, 6.69183811012e-15], "median": [2.41649267991e-05, 4.02231808039e-06, 5.08056546096e-05, 0.0001328993676, 6.25021348242e-05, 6.46660919301e-05, 0.000282495224383, 0.000391350564314, 0.000427319610026, 0.000186398829101, 7.79622496339e-05, 7.21543037798e-05, 0.00012027988123, 0.000111519504571, 8.61547596287e-05, 3.22756313835e-05, 2.17217384488e-05, 9.64040009421e-06, 8.2009455582e-06, 1.93755181499e-06, 1.22995561469e-06, 6.11694133568e-07, 2.7866130381e-07, 2.72497260312e-07, 2.28450545592e-07, 1.14417751718e-07, 3.00773393747e-07, 2.70263001312e-07, 9.38090849445e-08, 8.50214192383e-08, 3.41332047071e-08, 1.78379160332e-08, 1.53619676979e-08, 1.43262477437e-08, 9.48227274478e-09, 7.81785658432e-09, 3.77430886545e-09, 2.04447525576e-09, 9.46136058388e-10, 4.0279765634e-10], "max": [0.00567658664659, 0.0017089752946, 0.000867145368829, 0.00106959824916, 0.00100382836536, 0.00182243145537, 0.0105738276616, 0.0289538595825, 0.0640648603439, 0.00763737084344, 0.0068565546535, 0.00292492122389, 0.00352054438554, 0.00416785990819, 0.0059905811213, 0.00203452422284, 0.00293024326675, 0.000774578540586, 0.000484561838675, 0.000378119439119, 0.000681704957969, 0.000185690892977, 8.89729417395e-05, 0.00013420455798, 0.000160722338478, 4.89135018142e-05, 0.000424600933911, 0.000661596423015, 0.000348901317921, 0.000767185061704, 8.51102959132e-05, 3.03633805743e-05, 8.30176795716e-05, 5.59092550247e-05, 3.75014788006e-05, 2.63618767349e-05, 2.82038381556e-05, 7.67867550167e-06, 3.18579168379e-06, 2.60711794908e-06], "dmean": [4.25978068961e-05, 2.11501028389e-05, 3.74095470761e-05, 6.64974722895e-05, 3.252616807e-05, 3.88525004382e-05, 0.000200937429327, 0.000407287036069, 0.00057726848172, 0.000174795670318, 7.79793554102e-05, 7.54544016672e-05, 9.82703277259e-05, 9.32927796384e-05, 0.000138329065521, 3.49576766894e-05, 2.62388421106e-05, 1.04018654383e-05, 1.29235595523e-05, 3.69593226424e-06, 3.76095977117e-06, 1.78194898126e-06, 9.22850517782e-07, 1.16429941954e-06, 1.02030492144e-06, 6.04532090165e-07, 4.07259949498e-06, 5.3271055549e-06, 2.23371853281e-06, 4.57646683572e-06, 8.32152579733e-07, 4.1235435333e-07, 5.106795129e-07, 3.61130929605e-07, 2.89840642154e-07, 4.06781623496e-07, 4.31996937778e-07, 1.49765753577e-07, 3.8744989439e-08, 2.6098097905e-08], "dmean2": [7.03522237018e-05, 3.42067833117e-05, 5.99876620981e-05, 0.000111155328341, 5.07729528181e-05, 5.99235718255e-05, 0.000295294623356, 0.000611520372331, 0.000868029193953, 0.000252348720096, 0.000119410025945, 0.000114668793685, 0.000151810207171, 0.000149195519043, 0.000224225223064, 5.41124281881e-05, 3.81165918952e-05, 1.62255782925e-05, 1.98751185962e-05, 5.57304701942e-06, 5.61488241146e-06, 2.7760966077e-06, 1.4039578673e-06, 1.77597746642e-06, 1.59157957569e-06, 9.26642712784e-07, 5.94909533902e-06, 7.91480124462e-06, 3.81745849154e-06, 7.22915865481e-06, 1.42066278386e-06, 7.19640183888e-07, 9.46538932567e-07, 6.66000573801e-07, 5.28354632934e-07, 7.61178910125e-07, 8.18722014628e-07, 2.8189464274e-07, 7.19560517837e-08, 4.73878749574e-08], "mean": [5.02601105836e-05, 2.34984636336e-05, 7.15728310752e-05, 0.000162372962222, 9.48259767029e-05, 0.000114319031127, 0.000518116750754, 0.000967079540715, 0.00129645364359, 0.000368652923498, 0.00015801601694, 0.000144343837746, 0.00022064478253, 0.000222205344471, 0.000216218802962, 7.55118016968e-05, 5.61249180464e-05, 2.09613481275e-05, 2.4770220989e-05, 5.95076289756e-06, 5.59586760573e-06, 2.21161371883e-06, 1.07513221792e-06, 1.50445953295e-06, 1.09612119559e-06, 6.20893217729e-07, 4.3247814574e-06, 5.4815641306e-06, 1.68146755186e-06, 3.83053293262e-06, 6.09402491136e-07, 2.91623990734e-07, 3.18885838624e-07, 2.31868938272e-07, 1.8784264455e-07, 2.46784736646e-07, 2.48774000511e-07, 8.8869533954e-08, 2.42988704713e-08, 1.71060250409e-08], "dvar2": [3.61785872371e-08, 8.1734325974e-09, 6.307600664e-09, 1.88105655496e-08, 5.51818191141e-09, 9.86551107474e-09, 2.66061817911e-07, 1.64909988598e-06, 5.25802533957e-06, 2.62486508973e-07, 8.34879543277e-08, 4.05664586367e-08, 5.83996140335e-08, 5.5965688972e-08, 2.01476737516e-07, 1.16343636947e-08, 1.03965307474e-08, 1.0711508347e-09, 1.62202917764e-09, 2.99518576607e-10, 4.52944792784e-10, 5.38289343655e-11, 1.49006171984e-11, 3.69733341166e-11, 2.10560752861e-11, 5.87385999215e-12, 7.15113135374e-10, 1.34973365817e-09, 5.46232670207e-10, 1.96781568818e-09, 3.08035645602e-11, 5.25765282006e-12, 1.93175492963e-11, 8.0857213286e-12, 4.2581437508e-12, 5.05038805915e-12, 7.52974418927e-12, 7.40533014684e-13, 5.74991172297e-14, 2.63827689892e-14], "min": [1.104783605e-23, 4.48379151083e-24, 1.51663725371e-24, 6.25790300464e-24, 9.17066342879e-24, 5.33950403903e-24, 5.74765317721e-24, 8.12686318939e-24, 9.48848996548e-24, 1.19135414737e-23, 2.5181986262e-24, 9.48604528553e-24, 6.18608313567e-24, 2.85063920559e-24, 3.92448439586e-24, 5.83865577681e-24, 9.93456950814e-24, 9.22412847664e-24, 6.36322579625e-24, 5.31051418963e-24, 9.82329594429e-24, 1.05848756728e-23, 1.76221334143e-23, 1.42987760166e-23, 6.62362325903e-24, 9.61001319907e-24, 6.35166740626e-24, 7.64364091987e-24, 4.4809843493e-24, 4.74628734362e-24, 6.44445598695e-24, 8.1230230145e-24, 7.93204136707e-24, 1.11566554676e-23, 1.25100631019e-23, 1.01575662865e-23, 1.08696315826e-23, 7.8077452874e-24, 1.05758724033e-23, 8.55566746708e-24]}, "spectral_decrease": {"dvar": 7.7293758214e-18, "var": 3.39201060435e-17, "median": -3.97615274039e-09, "max": 2.47759241488e-29, "dmean": 1.51358192646e-09, "dmean2": 2.20841367415e-09, "mean": -5.2468513978e-09, "dvar2": 1.42610702164e-17, "min": -9.55174144224e-08}, "barkbands_kurtosis": {"dvar": 17.5761947632, "var": 64.6791610718, "median": 1.3106379509, "max": 150.636734009, "dmean": 2.20849537849, "dmean2": 3.47921180725, "mean": 3.43932747841, "dvar2": 38.0212059021, "min": -1.59645414352}, "silence_rate_30dB": {"dvar": 0.00573911098763, "var": 0.0120444912463, "median": 1, "max": 1, "dmean": 0.00577173708007, "dmean2": 0.0115445489064, "mean": 0.987806022167, "dvar2": 0.0121553838253, "min": 0}, "gfcc": {"mean": [-105.88583374, 157.679534912, -162.207504272, -32.2561340332, -70.195350647, -3.35625529289, -18.5970783234, -13.4127006531, -13.3850135803, 2.72469329834, -3.76993060112, -14.4463853836, -5.94560146332], "cov": [[5499.5703125, -1284.9119873, -801.938720703, 884.54498291, -749.3046875, 421.268005371, 38.565574646, 125.971656799, 24.7664718628, 77.3974914551, 48.7123565674, 20.2670555115, 10.1348924637], [-1284.9119873, 1557.66174316, -96.1390838623, -760.986022949, 573.301818848, -337.662445068, 143.054885864, -251.655838013, 41.1183166504, -22.5923137665, 77.3729019165, -121.890701294, 100.526252747], [-801.938720703, -96.1390838623, 593.44921875, -87.2100372314, -75.3744735718, 135.685333252, -134.45753479, 102.675628662, 39.1688499451, 0.251485973597, -56.845664978, 36.4946250916, -93.0526275635], [884.54498291, -760.986022949, -87.2100372314, 738.280334473, -251.875793457, 121.330131531, 19.8792819977, 105.33908844, -28.7002277374, 7.03134870529, -18.4565124512, 48.4593009949, 2.15494203568], [-749.3046875, 573.301818848, -75.3744735718, -251.875793457, 448.409973145, -134.700286865, 70.3244018555, -64.4871673584, -38.9890670776, 43.482837677, -1.84342849255, -54.2463340759, 58.4848823547], [421.268005371, -337.662445068, 135.685333252, 121.330131531, -134.700286865, 314.319793701, -74.8013687134, 33.0973587036, 6.93461561203, 15.1698923111, -9.03600788116, 50.8358879089, -38.2797393799], [38.565574646, 143.054885864, -134.45753479, 19.8792819977, 70.3244018555, -74.8013687134, 178.506637573, -11.3774280548, -4.67195367813, 20.4829463959, 27.0674285889, -24.325378418, 56.324848175], [125.971656799, -251.655838013, 102.675628662, 105.33908844, -64.4871673584, 33.0973587036, -11.3774280548, 165.135131836, 11.5724983215, 2.70607352257, -22.5674915314, 12.2094945908, -18.9563579559], [24.7664718628, 41.1183166504, 39.1688499451, -28.7002277374, -38.9890670776, 6.93461561203, -4.67195367813, 11.5724983215, 172.979919434, 11.6465892792, 5.08527612686, 6.65183591843, -36.4441719055], [77.3974914551, -22.5923137665, 0.251485973597, 7.03134870529, 43.482837677, 15.1698923111, 20.4829463959, 2.70607352257, 11.6465892792, 129.417236328, 24.0389080048, -12.8893728256, 21.9545192719], [48.7123565674, 77.3729019165, -56.845664978, -18.4565124512, -1.84342849255, -9.03600788116, 27.0674285889, -22.5674915314, 5.08527612686, 24.0389080048, 112.003585815, 8.6465139389, 15.7380971909], [20.2670555115, -121.890701294, 36.4946250916, 48.4593009949, -54.2463340759, 50.8358879089, -24.325378418, 12.2094945908, 6.65183591843, -12.8893728256, 8.6465139389, 112.105453491, -2.61061549187], [10.1348924637, 100.526252747, -93.0526275635, 2.15494203568, 58.4848823547, -38.2797393799, 56.324848175, -18.9563579559, -36.4441719055, 21.9545192719, 15.7380971909, -2.61061549187, 115.505226135]], "icov": [[0.0006310743629, -0.000669390661642, 0.00155221426394, -0.000378618395189, 0.00145541725215, -0.0011299024336, 0.000372481794329, -0.00126674759667, 0.000277577753877, -0.00108711584471, 0.000647014763672, 7.19449162716e-05, 0.000491510611027], [-0.000669390661642, 0.00557563593611, -0.00308569031768, 0.00286064459942, -0.00522685796022, 0.00284103257582, -0.00224252394401, 0.00550382351503, -0.00266549596563, 0.0044514182955, -0.00343243172392, 0.00191434321459, -0.002924320288], [0.00155221426394, -0.00308569031768, 0.00705143203959, -0.000900737242773, 0.00477537186816, -0.0040217358619, 0.00253167469054, -0.00600750464946, 0.00132948427927, -0.00417967652902, 0.00330464774743, -0.000947775610257, 0.00301781692542], [-0.000378618395189, 0.00286064459942, -0.000900737242773, 0.0036693115253, -0.00159230816644, 0.000948515371419, -0.00171584065538, 0.00162289827131, -0.000773629755713, 0.0017412097659, -0.0010398789309, 0.000428740197094, -0.00145057414193], [0.00145541725215, -0.00522685796022, 0.00477537186816, -0.00159230816644, 0.00979405548424, -0.00308108632453, 0.00140686309896, -0.00565687660128, 0.0032527113799, -0.00636309292167, 0.00454230373725, -0.000976154464297, 0.00229826080613], [-0.0011299024336, 0.00284103257582, -0.0040217358619, 0.000948515371419, -0.00308108632453, 0.00710010202602, -0.000323441170622, 0.00409159949049, -0.00102938408963, 0.00193411868531, -0.00206720409915, -0.000621535000391, -0.0013135666959], [0.000372481794329, -0.00224252394401, 0.00253167469054, -0.00171584065538, 0.00140686309896, -0.000323441170622, 0.00922635383904, -0.00306775537319, 0.000249677308602, -0.0021514238324, 0.000159212489962, 0.000269361655228, -0.00135945051443], [-0.00126674759667, 0.00550382351503, -0.00600750464946, 0.00162289827131, -0.00565687660128, 0.00409159949049, -0.00306775537319, 0.0141694247723, -0.00286600016989, 0.00466788001359, -0.00278305215761, 0.00152005336713, -0.00288519333117], [0.000277577753877, -0.00266549596563, 0.00132948427927, -0.000773629755713, 0.0032527113799, -0.00102938408963, 0.000249677308602, -0.00286600016989, 0.00793246831745, -0.00332392333075, 0.00155327341054, -0.00152641220484, 0.00368922017515], [-0.00108711584471, 0.0044514182955, -0.00417967652902, 0.0017412097659, -0.00636309292167, 0.00193411868531, -0.0021514238324, 0.00466788001359, -0.00332392333075, 0.0135129010305, -0.00527884764597, 0.00277025834657, -0.00433571310714], [0.000647014763672, -0.00343243172392, 0.00330464774743, -0.0010398789309, 0.00454230373725, -0.00206720409915, 0.000159212489962, -0.00278305215761, 0.00155327341054, -0.00527884764597, 0.0128503097221, -0.00265115802176, 0.00177540513687], [7.19449162716e-05, 0.00191434321459, -0.000947775610257, 0.000428740197094, -0.000976154464297, -0.000621535000391, 0.000269361655228, 0.00152005336713, -0.00152641220484, 0.00277025834657, -0.00265115802176, 0.0113712390885, -0.00242746784352], [0.000491510611027, -0.002924320288, 0.00301781692542, -0.00145057414193, 0.00229826080613, -0.0013135666959, -0.00135945051443, -0.00288519333117, 0.00368922017515, -0.00433571310714, 0.00177540513687, -0.00242746784352, 0.0138995721936]]}, "silence_rate_20dB": {"dvar": 0.00018614147848, "var": 0.00027915352257, "median": 1, "max": 1, "dmean": 0.000186185061466, "dmean2": 0.000372404814698, "mean": 0.999720752239, "dvar2": 0.000372291804524, "min": 0}, "barkbands_skewness": {"dvar": 0.310459375381, "var": 1.10193943977, "median": 0.396685838699, "max": 9.59527683258, "dmean": 0.555760383606, "dmean2": 0.862485051155, "mean": 0.531318068504, "dvar2": 0.720509171486, "min": -3.96050786972}, "erbbands_skewness": {"dvar": 0.264641463757, "var": 1.24754488468, "median": 0.581977665424, "max": 10.6248397827, "dmean": 0.51062977314, "dmean2": 0.784984886646, "mean": 0.69990247488, "dvar2": 0.616040527821, "min": -3.44379329681}, "spectral_contrast_valleys": {"dvar": [0.193369537592, 0.0890847891569, 0.109131008387, 0.16378390789, 0.33686336875, 0.709826827049], "var": [0.687144517899, 0.671178102493, 0.983297646046, 1.00615477562, 0.967895805836, 1.30061852932], "median": [-9.00050067902, -6.46334981918, -6.96085691452, -8.0867099762, -9.59622573853, -13.0503320694], "max": [-6.47358036041, -4.9756975174, -5.36120796204, -6.06373691559, -6.85338115692, -9.10037612915], "dmean": [0.49619910121, 0.279398262501, 0.318274229765, 0.385131537914, 0.648148715496, 0.898473381996], "dmean2": [0.801680147648, 0.451955765486, 0.510259091854, 0.604539871216, 0.96348208189, 1.39472317696], "mean": [-8.9951210022, -6.60199308395, -7.22393703461, -8.31699466705, -9.58350086212, -12.6928596497], "dvar2": [0.441626310349, 0.172957107425, 0.229654610157, 0.360431492329, 0.763268470764, 1.56517207623], "min": [-27.6017208099, -27.5467395782, -27.3595256805, -27.4618644714, -27.3843193054, -27.2716445923]}, "spectral_strongpeak": {"dvar": 1.25479495525, "var": 2.54169511795, "median": 1.73398113251, "max": 20.2520275116, "dmean": 0.760894536972, "dmean2": 1.23326325417, "mean": 2.10574913025, "dvar2": 3.18589735031, "min": 0}, "erbbands_crest": {"dvar": 5.75616645813, "var": 29.0926589966, "median": 11.1471700668, "max": 32.3027305603, "dmean": 2.49493288994, "dmean2": 3.97632241249, "mean": 12.5811605453, "dvar2": 13.4910030365, "min": 2.17766594887}, "barkbands_crest": {"dvar": 4.1696138382, "var": 22.3647861481, "median": 9.78829193115, "max": 26.4356975555, "dmean": 2.13626885414, "dmean2": 3.32736086845, "mean": 11.0428552628, "dvar2": 9.38866519928, "min": 3.37516617775}, "spectral_energyband_middle_low": {"dvar": 0.000108137784991, "var": 0.00045675385627, "median": 0.00905910879374, "max": 0.368115931749, "dmean": 0.00474788434803, "dmean2": 0.00698043219745, "mean": 0.0145353125408, "dvar2": 0.000197215893422, "min": 2.35135454475e-22}, "spectral_contrast_coeffs": {"dvar": [0.00156301876996, 0.00135212473106, 0.000956088129897, 0.000973024289124, 0.00110221200157, 0.00089173973538], "var": [0.00597267877311, 0.00686477404088, 0.00462188944221, 0.00440967734903, 0.00400440627709, 0.00406168447807], "median": [-0.579282224178, -0.679744422436, -0.717568635941, -0.704683244228, -0.767913877964, -0.74786233902], "max": [-0.35526829958, -0.298506766558, -0.422070533037, -0.460373103619, -0.529373645782, -0.480988949537], "dmean": [0.04932846874, 0.0417061075568, 0.0375309735537, 0.0361493229866, 0.0353275388479, 0.0365337692201], "dmean2": [0.0808155164123, 0.0670909583569, 0.059900008142, 0.0576817281544, 0.0535060502589, 0.0520679876208], "mean": [-0.583191692829, -0.670524060726, -0.710650324821, -0.702224552631, -0.761768639088, -0.74559122324], "dvar2": [0.00413970462978, 0.00335762719624, 0.00230560242198, 0.00239325151779, 0.00223390595056, 0.00182359642349], "min": [-0.963803827763, -0.962855398655, -0.982384562492, -0.975588858128, -0.958982646465, -0.957993865013]}, "hfc": {"dvar": 96.8554229736, "var": 290.713500977, "median": 12.7053165436, "max": 230.847579956, "dmean": 5.77308750153, "dmean2": 8.52890205383, "mean": 16.8856506348, "dvar2": 210.372528076, "min": 1.19252815732e-16}, "spectral_energyband_high": {"dvar": 8.65675417572e-07, "var": 7.09025187007e-07, "median": 1.11110612124e-05, "max": 0.0200104732066, "dmean": 0.000215290448978, "dmean2": 0.000358755729394, "mean": 0.000168117709109, "dvar2": 2.21538539336e-06, "min": 7.78779803064e-21}, "erbbands_spread": {"dvar": 35.3837966919, "var": 64.308380127, "median": 10.0845584869, "max": 150.41835022, "dmean": 3.98223781586, "dmean2": 6.20501327515, "mean": 12.0823802948, "dvar2": 82.1532669067, "min": 0.581702470779}, "dissonance": {"dvar": 0.00117888569366, "var": 0.0028886818327, "median": 0.437811255455, "max": 0.499999850988, "dmean": 0.0382335148752, "dmean2": 0.0648563429713, "mean": 0.425941824913, "dvar2": 0.00323075451888, "min": 0.143135756254}, "spectral_kurtosis": {"dvar": 424.29208374, "var": 862.176574707, "median": 21.9529781342, "max": 216.245437622, "dmean": 19.8041763306, "dmean2": 32.0652275085, "mean": 31.5281963348, "dvar2": 989.570129395, "min": -1.21814274788}, "spectral_skewness": {"dvar": 1.31658577919, "var": 3.16937637329, "median": 3.33991098404, "max": 12.3278360367, "dmean": 1.26590669155, "dmean2": 2.01381707191, "mean": 3.65796613693, "dvar2": 3.08287215233, "min": -0.00811960827559}, "pitch_salience": {"dvar": 0.00263296253979, "var": 0.0120655400679, "median": 0.564298272133, "max": 0.833927631378, "dmean": 0.0570873841643, "dmean2": 0.0911473408341, "mean": 0.547892451286, "dvar2": 0.00637772539631, "min": 0.033103376627}, "spectral_complexity": {"dvar": 3.99239397049, "var": 24.4696578979, "median": 14, "max": 34, "dmean": 2.06423377991, "dmean2": 3.26375579834, "mean": 14.0145206451, "dvar2": 8.81185436249, "min": 0}, "spectral_spread": {"dvar": 953805897728, "var": 1623826366460.0, "median": 1651290.25, "max": 40795420, "dmean": 813106.8125, "dmean2": 1273138.375, "mean": 2024628.25, "dvar2": 2138150141950.0, "min": 445536}, "dynamic_complexity": 3.24192523956, "melbands_crest": {"dvar": 5.52761745453, "var": 23.452911377, "median": 11.1877393723, "max": 39.9828948975, "dmean": 2.40146493912, "dmean2": 3.83942341805, "mean": 12.3463544846, "dvar2": 13.2602758408, "min": 1.58809423447}, "zerocrossingrate": {"dvar": 7.83301074989e-05, "var": 0.000251270335866, "median": 0.0400390625, "max": 0.5166015625, "dmean": 0.00534859346226, "dmean2": 0.00662700552493, "mean": 0.0423458889127, "dvar2": 0.000109014290501, "min": 0}, "spectral_energyband_low": {"dvar": 1.8964793469e-07, "var": 1.8984712824e-07, "median": 0.000135321519338, "max": 0.0207977909595, "dmean": 0.000182584757567, "dmean2": 0.000295271893265, "mean": 0.000252341589658, "dvar2": 4.8382685236e-07, "min": 6.43176850035e-23}, "melbands_kurtosis": {"dvar": 3706.23828125, "var": 3766.77880859, "median": 1.55434691906, "max": 4988.70605469, "dmean": 3.64969396591, "dmean2": 5.92586708069, "mean": 4.6531829834, "dvar2": 7527.91650391, "min": -1.69068956375}, "spectral_energyband_middle_high": {"dvar": 1.03064621726e-05, "var": 3.68415639969e-05, "median": 0.00466035213321, "max": 0.0577769912779, "dmean": 0.00227310112678, "dmean2": 0.00349428108893, "mean": 0.00646127061918, "dvar2": 2.42434780375e-05, "min": 1.54875675651e-21}, "barkbands_spread": {"dvar": 11.8695669174, "var": 26.5620117188, "median": 7.14207839966, "max": 54.1425285339, "dmean": 2.44031071663, "dmean2": 3.77698087692, "mean": 8.12199878693, "dvar2": 27.6279640198, "min": 0.186737805605}, "mfcc": {"mean": [-738.842712402, 196.441757202, -34.5363807678, -25.3814258575, -32.8036231995, -1.20014607906, -3.90683436394, -13.4375696182, -8.39625549316, 8.3800945282, -4.50124835968, 6.77160644531, 2.12051534653], "cov": [[5163.82617188, -1344.42492676, -471.100952148, 464.654022217, -577.491271973, 246.991394043, -41.9218139648, 144.280273438, -15.7710123062, 167.945571899, -128.423950195, 214.800567627, 0.100300990045], [-1344.42492676, 1889.26367188, -367.288391113, -467.982727051, 185.333465576, -100.644470215, 98.9497146606, -249.991088867, 0.700607061386, -37.4395866394, 6.08580827713, -132.63949585, 117.285339355], [-471.100952148, -367.288391113, 616.625793457, -87.8560409546, 32.7349205017, 16.0762252808, -115.977020264, 105.640792847, -14.3645477295, -11.0536365509, 49.4478378296, 27.8639736176, -50.9022293091], [464.654022217, -467.982727051, -87.8560409546, 426.365386963, -66.7139816284, -5.93844079971, 32.8222770691, 42.765007019, 30.4952850342, 40.7565498352, -25.619260788, 22.0816249847, -2.49907469749], [-577.491271973, 185.333465576, 32.7349205017, -66.7139816284, 234.050521851, -9.30895614624, 25.1109542847, -25.7401504517, 17.1662349701, -2.71440219879, 18.3026790619, -25.2401123047, 1.89337849617], [246.991394043, -100.644470215, 16.0762252808, -5.93844079971, -9.30895614624, 198.712738037, 2.82859349251, -9.22663116455, -0.0509966239333, -4.34200286865, 0.0814377814531, 34.4263877869, 4.56546878815], [-41.9218139648, 98.9497146606, -115.977020264, 32.8222770691, 25.1109542847, 2.82859349251, 202.732376099, -42.3714179993, 0.41900318861, 29.642950058, -50.9642944336, -39.7099380493, 33.339515686], [144.280273438, -249.991088867, 105.640792847, 42.765007019, -25.7401504517, -9.22663116455, -42.3714179993, 160.038314819, 9.86311435699, -27.9519519806, 20.9545249939, 16.9773197174, -37.0