{"tonal": {"hpcp": {"dvar": [0.03005858697, 0.0358255244792, 0.0291256662458, 0.0315604284406, 0.0477140583098, 0.0526462867856, 0.0455601029098, 0.0661772415042, 0.0546481050551, 0.0365455299616, 0.0402680337429, 0.0354526825249, 0.0320474542677, 0.0258870199323, 0.0365118980408, 0.0332235172391, 0.0381553657353, 0.0239050518721, 0.0193536169827, 0.0241936556995, 0.0355606153607, 0.0330997221172, 0.0340086333454, 0.0408297590911, 0.0308905933052, 0.0271794851869, 0.0295700971037, 0.0330391936004, 0.0355811417103, 0.0521806143224, 0.0459071472287, 0.0473315790296, 0.0340835526586, 0.0261086560786, 0.029838424176, 0.0369168706238], "var": [0.0595316775143, 0.0363276451826, 0.0252886414528, 0.0305531546474, 0.0779520943761, 0.0787882134318, 0.103850953281, 0.0941557958722, 0.0832546800375, 0.104630209506, 0.0564038455486, 0.04167432338, 0.0361514240503, 0.0218462646008, 0.0421569421887, 0.0948280319571, 0.0661265850067, 0.020908171311, 0.0167112909257, 0.0184164363891, 0.0477497689426, 0.0827243477106, 0.0472439564764, 0.0388860069215, 0.0463106632233, 0.0253839250654, 0.0227832980454, 0.0289945509285, 0.0402499325573, 0.0807698965073, 0.121846579015, 0.0610190741718, 0.0282666683197, 0.0231649149209, 0.0267333667725, 0.0438986979425], "median": [0.0187750589103, 0.0140134263784, 0.00655744364485, 0.00719663919881, 0.019396558404, 0.0635016188025, 0.0580567233264, 0.0522100962698, 0.0378370396793, 0.0204174555838, 0.0233307201415, 0.0190183073282, 0.0117766465992, 0.0123994518071, 0.0213736128062, 0.0336034856737, 0.0279618240893, 0.021528057754, 0.0112413866445, 0.0141596095636, 0.0334206819534, 0.0342181287706, 0.0351015552878, 0.0243263393641, 0.0138841811568, 0.00780822895467, 0.00815534964204, 0.0105976182967, 0.0170023646206, 0.0483862310648, 0.0693405121565, 0.0567669086158, 0.0186309404671, 0.00881765037775, 0.0075818807818, 0.0154029717669], "max": [1, 1, 1, 1, 1, 1, 1, 1, 1, 1, 1, 1, 1, 1, 1, 1, 1, 1, 1, 1, 1, 1, 1, 1, 1, 1, 1, 1, 1, 1, 1, 1, 1, 1, 1, 1], "dmean": [0.0891461446881, 0.0944851487875, 0.0751557126641, 0.0838134884834, 0.131462663412, 0.164843514562, 0.147917434573, 0.197714969516, 0.177557080984, 0.114515691996, 0.117894858122, 0.10919187218, 0.0926330834627, 0.0873687192798, 0.122487619519, 0.111872293055, 0.126863628626, 0.092724300921, 0.0675797462463, 0.0850418955088, 0.122075982392, 0.114954590797, 0.126772657037, 0.132046729326, 0.101915232837, 0.0842285379767, 0.0821648538113, 0.0891209021211, 0.114611849189, 0.164846226573, 0.143322780728, 0.159557193518, 0.108208395541, 0.0727792009711, 0.0805611386895, 0.100272580981], "dmean2": [0.154499202967, 0.168753191829, 0.138070017099, 0.153013125062, 0.236676409841, 0.290560811758, 0.262062698603, 0.359917014837, 0.321701556444, 0.209255442023, 0.211899578571, 0.197156175971, 0.169005125761, 0.163032159209, 0.224948078394, 0.205637231469, 0.234012827277, 0.169855296612, 0.124400094151, 0.157291054726, 0.216152176261, 0.195159062743, 0.224394589663, 0.240447551012, 0.181950464845, 0.153264209628, 0.151570543647, 0.161149725318, 0.204710066319, 0.293271005154, 0.256283193827, 0.28748986125, 0.199256882071, 0.133231297135, 0.146472603083, 0.179200559855], "mean": [0.126704707742, 0.0907942429185, 0.0593979805708, 0.0814178213477, 0.161544203758, 0.210052788258, 0.228753998876, 0.217989489436, 0.196763455868, 0.190322652459, 0.135590136051, 0.114262841642, 0.0967709198594, 0.0674764439464, 0.115972362459, 0.183409661055, 0.148738279939, 0.0816853195429, 0.0616518221796, 0.0646007061005, 0.132652252913, 0.179991662502, 0.138468191028, 0.113465428352, 0.107104234397, 0.071845151484, 0.0595633499324, 0.0738221332431, 0.104350864887, 0.19609414041, 0.254674494267, 0.175175815821, 0.084014557302, 0.0593904741108, 0.0658530667424, 0.106773391366], "dvar2": [0.0806905180216, 0.0982889980078, 0.0814527198672, 0.088294275105, 0.134404808283, 0.154233530164, 0.12271784246, 0.193910777569, 0.156707838178, 0.107505731285, 0.120561793447, 0.10303709656, 0.0938560888171, 0.0779819786549, 0.111852519214, 0.0940804481506, 0.118505991995, 0.0704433396459, 0.0554498136044, 0.0698142796755, 0.103243231773, 0.0860617905855, 0.0966983959079, 0.122256606817, 0.0868876427412, 0.0786787942052, 0.0835518017411, 0.0946491137147, 0.0980752259493, 0.144447773695, 0.126838386059, 0.137171670794, 0.0957555174828, 0.0707255154848, 0.0824924111366, 0.106605246663], "min": [0, 0, 0, 0, 0, 0, 0, 0, 0, 0, 0, 0, 0, 0, 0, 0, 0, 0, 0, 0, 0, 0, 0, 0, 0, 0, 0, 0, 0, 0, 0, 0, 0, 0, 0, 0]}, "key_key": "C", "thpcp": [1, 0.687842011452, 0.329889953136, 0.233201503754, 0.258577406406, 0.419254362583, 0.497516274452, 0.356510937214, 0.233230978251, 0.319693654776, 0.634316384792, 0.82478928566, 0.898221075535, 0.855953335762, 0.772607624531, 0.747317314148, 0.532405614853, 0.448662281036, 0.379978835583, 0.264951705933, 0.455374866724, 0.72017288208, 0.584032893181, 0.320744007826, 0.24208086729, 0.253659904003, 0.520869791508, 0.706751823425, 0.543706536293, 0.445531189442, 0.420553445816, 0.28210580349, 0.233880311251, 0.289868563414, 0.409742116928, 0.769979476929], "chords_key": "F#", "tuning_equal_tempered_deviation": 0.105300143361, "tuning_frequency": 441.782684326, "tuning_diatonic_strength": 0.405388951302, "chords_histogram": [15.7894735336, 4.14441919327, 14.9758453369, 0, 0, 0, 0.508517682552, 0, 13.3740148544, 0, 0, 2.21205186844, 16.1454353333, 0.305110603571, 0, 1.52555298805, 0.20340706408, 5.13602828979, 3.12738370895, 0.152555301785, 0, 14.950419426, 3.55962371826, 3.89016008377], "key_strength": 0.821940362453, "key_scale": "major", "chords_strength": {"dvar": 0.000672440219205, "var": 0.0256320964545, "median": 0.597952365875, "max": 0.736702680588, "dmean": 0.00693204533309, "dmean2": 0.0073861819692, "mean": 0.544275939465, "dvar2": 0.0013037440367, "min": -1}, "chords_number_rate": 0.00305110611953, "tuning_nontempered_energy_ratio": 0.769449949265, "hpcp_entropy": {"dvar": 0.278943747282, "var": 0.574574112892, "median": 1.85694229603, "max": 4.10435295105, "dmean": 0.637976169586, "dmean2": 1.09536373615, "mean": 1.82475399971, "dvar2": 0.764710664749, "min": 0}, "chords_changes_rate": 0.0333079062402, "chords_scale": "major"}, "rhythm": {"bpm_histogram_first_peak_spread": {"dvar": 0, "var": 0, "median": 0.430327892303, "max": 0.430327892303, "dmean": 0, "dmean2": 0, "mean": 0.430327892303, "dvar2": 0, "min": 0.430327892303}, "bpm_histogram_first_peak_weight": {"dvar": 0, "var": 0, "median": 0.408823519945, "max": 0.408823519945, "dmean": 0, "dmean2": 0, "mean": 0.408823519945, "dvar2": 0, "min": 0.408823519945}, "bpm_histogram_first_peak_bpm": {"dvar": 0, "var": 0, "median": 108, "max": 108, "dmean": 0, "dmean2": 0, "mean": 108, "dvar2": 0, "min": 108}, "bpm": 108.545135498, "bpm_histogram_second_peak_weight": {"dvar": 0, "var": 0, "median": 0.0617647059262, "max": 0.0617647059262, "dmean": 0, "dmean2": 0, "mean": 0.0617647059262, "dvar2": 0, "min": 0.0617647059262}, "beats_loudness": {"dvar": 0.000668949040119, "var": 0.00126649567392, "median": 0.0330330915749, "max": 0.188818350434, "dmean": 0.0183917470276, "dmean2": 0.032612003386, "mean": 0.035827934742, "dvar2": 0.00197414215654, "min": 1.75459657914e-09}, "beats_loudness_band_ratio": {"dvar": [0.013531640172, 0.0157234538347, 0.00362601177767, 0.00162054575048, 0.00451740855351, 0.00565842026845], "var": [0.0801431238651, 0.0346643291414, 0.0034465296194, 0.00443564448506, 0.00533554051071, 0.0101652257144], "median": [0.746572613716, 0.220005109906, 0.0484046265483, 0.0161421746016, 0.00503201410174, 0.00199374789372], "max": [0.941257476807, 0.858818531036, 0.451113164425, 0.468783766031, 0.525385081768, 0.841032803059], "dmean": [0.122847288847, 0.138068050146, 0.0476235039532, 0.0265896040946, 0.0278686769307, 0.0295189861208], "dmean2": [0.21331563592, 0.233332365751, 0.0837697163224, 0.0418387018144, 0.0503852926195, 0.051326610148], "mean": [0.629236102104, 0.265801280737, 0.0651951655746, 0.0430890396237, 0.0351756997406, 0.0370847508311], "dvar2": [0.0354621112347, 0.0426369570196, 0.0102262794971, 0.0037214178592, 0.0133041702211, 0.0146313821897], "min": [0.00655517308041, 0.00898771453649, 0.00357950478792, 0.00258107227273, 0.000292276032269, 0.000136845017551]}, "bpm_histogram_second_peak_bpm": {"dvar": 0, "var": 0, "median": 144, "max": 144, "dmean": 0, "dmean2": 0, "mean": 144, "dvar2": 0, "min": 144}, "onset_rate": 3.41749048233, "beats_count": 341, "beats_position": [0.568888902664, 1.13777780533, 1.69505667686, 2.2523355484, 2.80961441994, 3.36689329147, 3.9125623703, 4.45823097229, 5.01551008224, 5.5727891922, 6.11845779419, 6.66412687302, 7.22140598297, 7.77868461609, 8.33596324921, 8.893242836, 9.45052146912, 9.99619007111, 10.5418596268, 11.0991382599, 11.656416893, 12.202085495, 12.7477550507, 13.3050336838, 13.8507022858, 14.3963718414, 14.9536504745, 15.5109291077, 16.0682086945, 16.6254863739, 17.1711559296, 17.7168254852, 18.2741031647, 18.8313827515, 19.3886623383, 19.9343299866, 20.4799995422, 21.037279129, 21.5945568085, 22.1518363953, 22.7091159821, 23.2663936615, 23.8120632172, 24.3577327728, 24.9034004211, 25.4490699768, 26.0063495636, 26.563627243, 27.1209068298, 27.6665763855, 28.2238540649, 28.7695236206, 29.3268013, 29.8840808868, 30.4297504425, 30.9754180908, 31.5326976776, 32.0899772644, 32.6472549438, 33.1929244995, 33.7385940552, 34.2958717346, 34.8531494141, 35.3988189697, 35.9444885254, 36.5017662048, 37.0474357605, 37.5931053162, 38.1503829956, 38.7076644897, 39.2649421692, 39.8222198486, 40.3795013428, 40.9251708984, 41.4708366394, 42.0281181335, 42.585395813, 43.1426734924, 43.6883430481, 44.2340126038, 44.7912902832, 45.3485717773, 45.9058494568, 46.4631271362, 47.0087966919, 47.5544662476, 48.111743927, 48.6690254211, 49.2146911621, 49.7603607178, 50.3176422119, 50.8749198914, 51.4321975708, 51.9778671265, 52.5235366821, 53.0692062378, 53.6148757935, 54.1721534729, 54.7294311523, 55.2867126465, 55.8439903259, 56.4012680054, 56.9585494995, 57.5042152405, 58.0498847961, 58.6071662903, 59.1644439697, 59.7217216492, 60.2673912048, 60.8130607605, 61.3703384399, 61.9276161194, 62.4848976135, 63.0189552307, 63.5762329102, 64.1335144043, 64.6907958984, 65.2364578247, 65.7821273804, 66.3394088745, 66.8966903687, 67.4423599243, 67.9996337891, 68.5453033447, 69.1025848389, 69.659866333, 70.2055282593, 70.7511978149, 71.3084793091, 71.8657608032, 72.4114303589, 72.9570999146, 73.5143737793, 74.0716552734, 74.6289291382, 75.1862106323, 75.731880188, 76.2775497437, 76.8348312378, 77.3921051025, 77.9377746582, 78.4834442139, 79.040725708, 79.5863952637, 80.1436691284, 80.6893386841, 81.2466201782, 81.8039016724, 82.3611755371, 82.9184570312, 83.4641265869, 84.0097961426, 84.5670700073, 85.1243515015, 85.6816329956, 86.2273025513, 86.7729721069, 87.3302459717, 87.8875274658, 88.4331970215, 88.9788665771, 89.5361404419, 90.093421936, 90.6507034302, 91.1963729858, 91.7420425415, 92.2993164062, 92.8565979004, 93.4022674561, 93.9479370117, 94.5052108765, 95.0624923706, 95.6197738647, 96.1654434204, 96.7227172852, 97.2683868408, 97.825668335, 98.3829498291, 98.9286117554, 99.474281311, 100.031562805, 100.588844299, 101.146118164, 101.69178772, 102.237457275, 102.79473877, 103.352012634, 103.909294128, 104.454963684, 105.00063324, 105.557914734, 106.115188599, 106.672470093, 107.218139648, 107.763809204, 108.321083069, 108.878364563, 109.424034119, 109.981315613, 110.526985168, 111.084259033, 111.641540527, 112.222038269, 112.814147949, 113.383033752, 113.940315247, 114.497596741, 115.054870605, 115.6121521, 116.169433594, 116.715103149, 117.260765076, 117.81804657, 118.363716125, 118.909385681, 119.466667175, 120.02394104, 120.581222534, 121.138504028, 121.684173584, 122.22983551, 122.787117004, 123.344398499, 123.901672363, 124.447341919, 125.004623413, 125.561904907, 126.107574463, 126.664848328, 127.222129822, 127.779411316, 128.348297119, 128.905578613, 129.474472046, 130.031738281, 130.600631714, 131.123077393, 131.633926392, 132.144760132, 132.655593872, 133.154830933, 133.665664673, 134.164901733, 134.675735474, 135.186569214, 135.697418213, 136.219863892, 136.74230957, 137.253143311, 137.775604248, 138.298049927, 138.820495605, 139.331329346, 139.818954468, 140.31817627, 140.81741333, 141.409515381, 141.990020752, 142.570526123, 143.11618042, 143.661849976, 144.207519531, 144.753189087, 145.287246704, 145.83291626, 146.378585815, 146.924255371, 147.551193237, 148.178131104, 148.816680908, 149.455230713, 150.093780518, 150.732330322, 151.370880127, 152.009429932, 152.647979736, 153.286529541, 153.925079346, 154.552017212, 155.16734314, 155.794281006, 156.293518066, 156.792739868, 157.291976929, 157.70993042, 158.127883911, 158.545852661, 158.963806152, 159.381759644, 159.799728394, 160.217681885, 160.635650635, 161.053604126, 161.471557617, 161.889526367, 162.29586792, 162.702224731, 163.120178223, 163.538131714, 163.956100464, 164.385665894, 164.815231323, 165.233200073, 165.651153564, 166.080718994, 166.498687744, 166.928253174, 167.357818604, 167.787384033, 168.182128906, 168.588470459, 168.994827271, 169.401168823, 169.807525635, 170.202270508, 170.608612061, 171.014968872, 171.421310425, 171.827667236, 172.245620728, 172.65196228, 173.058319092, 173.464660645, 173.987121582, 174.509567261, 175.032012939, 175.566070557, 176.100128174, 176.634185791, 177.052154541, 177.470108032, 177.888076782, 178.317642212, 178.747207642, 179.18838501, 179.629562378, 180.070739746, 180.511917114, 180.953109741, 181.394287109, 181.835464478], "danceability": 0.941117763519, "bpm_histogram_second_peak_spread": {"dvar": 0, "var": 0, "median": 0.5, "max": 0.5, "dmean": 0, "dmean2": 0, "mean": 0.5, "dvar2": 0, "min": 0.5}}, "lowlevel": {"spectral_flux": {"dvar": 0.00123278331012, "var": 0.00430214079097, "median": 0.0816168487072, "max": 0.32870516181, "dmean": 0.0295994263142, "dmean2": 0.0461170226336, "mean": 0.0862947106361, "dvar2": 0.00218955054879, "min": 1.04191724692e-10}, "spectral_rolloff": {"dvar": 348111.1875, "var": 4026599.5, "median": 322.998046875, "max": 19229.1503906, "dmean": 241.677871704, "dmean2": 396.681732178, "mean": 933.246948242, "dvar2": 744529.5, "min": 86.1328125}, "barkbands_flatness_db": {"dvar": 0.000446362741059, "var": 0.00577261578292, "median": 0.238308817148, "max": 0.371144026518, "dmean": 0.0246436279267, "dmean2": 0.0402754358947, "mean": 0.215849816799, "dvar2": 0.00112956378143, "min": 0.0349923372269}, "spectral_centroid": {"dvar": 66144.921875, "var": 540215.1875, "median": 348.760742188, "max": 11335.0927734, "dmean": 145.580307007, "dmean2": 217.424606323, "mean": 691.983032227, "dvar2": 112558.890625, "min": 179.003143311}, "melbands_skewness": {"dvar": 0.516200065613, "var": 1.47015702724, "median": 3.0165746212, "max": 10.5405158997, "dmean": 0.814861416817, "dmean2": 1.31772553921, "mean": 3.08747267723, "dvar2": 1.36307728291, "min": -0.645363867283}, "melbands": {"dvar": [7.22761024008e-06, 1.21836319522e-05, 1.493331456e-05, 4.00309363613e-06, 2.73289174402e-06, 6.08904315413e-07, 3.7424776167e-08, 7.17148518348e-09, 2.49735943036e-09, 2.14514339625e-09, 5.7940552356e-10, 2.34142566446e-10, 2.81651174605e-10, 4.70864701396e-11, 1.46629149794e-11, 1.69590643612e-11, 1.29237662239e-11, 6.8167919226e-12, 3.20609944843e-12, 1.57119510544e-12, 1.32304226168e-12, 1.74048947997e-12, 1.16018674702e-12, 1.38848470482e-12, 1.3015285464e-12, 1.99022569258e-12, 6.86120106043e-13, 4.95343674932e-13, 1.80400789115e-14, 2.29891708731e-15, 1.11291680116e-15, 2.22262440623e-15, 2.43159696344e-15, 7.76113684377e-16, 7.1603951372e-16, 3.53450093519e-16, 6.04396706684e-16, 5.2084018869e-16, 1.07930589853e-14, 4.35528658134e-17], "var": [1.58974125952e-05, 2.68996391242e-05, 2.69636602752e-05, 5.80718460697e-06, 2.21866366701e-06, 7.05408865542e-07, 9.79926255695e-08, 1.52060923853e-08, 9.5690593227e-09, 7.30756433143e-09, 2.1923070026e-09, 6.21835194448e-10, 4.83585504973e-10, 6.71125446883e-11, 3.4242154251e-11, 4.01393432381e-11, 3.5393684511e-11, 2.7589248594e-11, 1.48364324298e-11, 4.79648439022e-12, 2.93846414215e-12, 3.20038049881e-12, 1.65850254537e-12, 1.75880241361e-12, 2.35148727747e-12, 3.47272579616e-12, 1.09018002958e-12, 7.7523073681e-13, 3.40500671821e-14, 1.12742279095e-14, 2.23483099804e-15, 4.01017330372e-15, 5.04225288028e-15, 1.53076408327e-15, 1.25339054507e-15, 7.33529261773e-16, 1.14382160292e-14, 1.18628759973e-14, 1.54268416618e-13, 5.59986292803e-16], "median": [0.000993060646579, 0.00266344007105, 0.00272569991648, 0.000816749292426, 0.000353228126187, 0.00034546823008, 0.000130369095132, 6.65519401082e-05, 4.66209967271e-05, 3.63088147424e-05, 2.02083720069e-05, 1.66398112924e-05, 1.35608552227e-05, 4.32631486547e-06, 4.92080107506e-06, 2.43421118284e-06, 1.95666393665e-06, 1.41754844663e-06, 6.22646439297e-07, 1.62288722549e-06, 2.82051087197e-06, 3.43810654613e-07, 2.2241545139e-07, 2.12429767998e-07, 2.75590622323e-07, 4.98725739817e-07, 1.9862520162e-07, 1.40328054954e-07, 9.02512766743e-08, 1.01014428822e-07, 4.0090291975e-08, 2.98830116208e-08, 3.14599120088e-08, 2.19456133266e-08, 2.19776943311e-08, 1.82650392588e-08, 7.98769548283e-08, 1.04386593591e-07, 1.98622487346e-07, 2.35761028478e-08], "max": [0.0410088971257, 0.0494654402137, 0.0523082502186, 0.0228516366333, 0.0156511832029, 0.00868533924222, 0.0031794924289, 0.00116951332893, 0.000819560023956, 0.000829285127111, 0.000473564228741, 0.000271790428087, 0.00027265722747, 7.95453161118e-05, 6.08732188994e-05, 6.59207216813e-05, 6.85917984811e-05, 5.28242053406e-05, 3.63480721717e-05, 3.25657238136e-05, 2.37734475377e-05, 4.39193790953e-05, 4.24910576839e-05, 3.68080945918e-05, 2.96931993944e-05, 2.64319241978e-05, 1.82761705219e-05, 2.43268859776e-05, 2.93965013043e-06, 8.83066036295e-07, 6.61891647269e-07, 1.07318373921e-06, 1.66251800238e-06, 6.66942753469e-07, 5.13439829319e-07, 4.70509576189e-07, 8.39707809064e-07, 9.66039351624e-07, 4.85277087137e-06, 1.72863494186e-07], "dmean": [0.00155199749861, 0.0021546992939, 0.00245027220808, 0.00125012127683, 0.0009734252817, 0.000488849822432, 0.00012154133583, 5.86160567764e-05, 3.38378595188e-05, 3.15664656227e-05, 1.57121703523e-05, 1.07001415017e-05, 1.1139711205e-05, 4.37615244664e-06, 2.84781890514e-06, 2.66129632109e-06, 2.22218181989e-06, 1.55777399868e-06, 9.27001792661e-07, 7.32367311684e-07, 9.05258559669e-07, 5.22630273281e-07, 3.5014593891e-07, 3.33238631356e-07, 4.6034136858e-07, 6.7495204803e-07, 3.62770663287e-07, 2.57005808635e-07, 6.86085144253e-08, 3.95756352134e-08, 2.27426646404e-08, 2.41939464019e-08, 2.50220058007e-08, 1.57916062449e-08, 1.43841409894e-08, 1.17002283417e-08, 1.83937061138e-08, 1.78542478579e-08, 7.19665393945e-08, 6.01249894316e-09], "dmean2": [0.00275425915606, 0.00384582160041, 0.00423991214484, 0.00217014970258, 0.00173968658783, 0.000875501951668, 0.000208865385503, 9.72383932094e-05, 5.22997761436e-05, 4.70462036901e-05, 2.3026150302e-05, 1.75640070665e-05, 1.91928411368e-05, 7.55153087084e-06, 4.70545955977e-06, 4.25669486503e-06, 3.71984810954e-06, 2.39482460529e-06, 1.34917570449e-06, 1.17012666578e-06, 1.49380161929e-06, 8.03004354566e-07, 5.46332614704e-07, 5.1642427934e-07, 7.06320179233e-07, 1.05736489786e-06, 5.67696986309e-07, 4.00156210389e-07, 1.07906387825e-07, 6.3730368538e-08, 3.65892312004e-08, 3.81491567225e-08, 3.86382978945e-08, 2.46845779373e-08, 2.27763319316e-08, 1.87758484316e-08, 2.93643047655e-08, 2.60884789327e-08, 7.21854362951e-08, 9.7964676371e-09], "mean": [0.00250635622069, 0.00424131285399, 0.0041296267882, 0.00169752410147, 0.000909287249669, 0.000626541150268, 0.000231591329793, 0.000104510028905, 7.67162055126e-05, 6.60618607071e-05, 3.48769353877e-05, 2.29477718676e-05, 1.96968721866e-05, 6.92063986207e-06, 6.3909524215e-06, 4.84612201035e-06, 4.06899380323e-06, 3.57367321158e-06, 2.18857599066e-06, 2.20480524149e-06, 3.04254444927e-06, 9.45278316067e-07, 6.07720039625e-07, 5.08518667175e-07, 7.79858851274e-07, 1.09973132112e-06, 5.30200793492e-07, 3.83570124995e-07, 1.40455767905e-07, 1.28296477442e-07, 5.17135916311e-08, 4.71205972019e-08, 5.04889143826e-08, 3.29592673154e-08, 3.12185441942e-08, 2.51010128238e-08, 1.13900000542e-07, 1.30314276703e-07, 3.25497410358e-07, 3.00732558856e-08], "dvar2": [2.31971007452e-05, 4.10496359109e-05, 4.31920525443e-05, 1.13339920063e-05, 7.3924784374e-06, 1.75683942416e-06, 1.10434719147e-07, 1.93983602514e-08, 6.2698433112e-09, 4.57006876786e-09, 1.13619669229e-09, 6.23528673138e-10, 7.68286212427e-10, 1.32081345861e-10, 3.844860888e-11, 4.1844708254e-11, 3.44584256962e-11, 1.38872550612e-11, 5.49153951479e-12, 3.25472222958e-12, 3.42189514571e-12, 3.71215211348e-12, 2.73879183221e-12, 3.19581383926e-12, 2.81772738822e-12, 4.43346531362e-12, 1.54497649483e-12, 1.09182259588e-12, 3.99834482743e-14, 5.56035794665e-15, 2.65524119009e-15, 5.18124209308e-15, 5.22152909763e-15, 1.70738337002e-15, 1.66833208066e-15, 8.21891844709e-16, 1.45633826281e-15, 1.07646600882e-15, 1.07752983985e-14, 1.10687135496e-16], "min": [4.69765801312e-24, 3.24670220584e-23, 1.46034419868e-23, 6.29921091708e-24, 8.45213578416e-24, 8.83767498551e-24, 1.06745770464e-23, 1.06265322618e-23, 7.03159372022e-24, 5.19003422458e-24, 1.48381107512e-23, 1.2702226463e-23, 6.96065619218e-24, 1.35884714581e-23, 1.34414404071e-23, 4.96147873781e-24, 4.2645532602e-24, 4.01142199521e-24, 1.10393147745e-23, 3.80468166791e-24, 8.45269981971e-24, 1.28974829476e-23, 8.72004556935e-24, 4.7064964107e-24, 4.31835515166e-24, 7.66506559319e-24, 8.38828064933e-24, 8.88633508158e-24, 7.4892994949e-24, 5.98312934071e-24, 1.23000935725e-23, 8.45106608877e-24, 6.16431806887e-24, 8.57226588939e-24, 6.43308416257e-24, 8.16257886687e-24, 7.4731791223e-24, 9.60600499681e-24, 8.40037704245e-24, 1.0693459221e-23]}, "spectral_decrease": {"dvar": 4.17576655085e-17, "var": 1.12321915701e-16, "median": -9.13046882545e-09, "max": 8.40924388852e-29, "dmean": 4.7252903812e-09, "dmean2": 8.16797385284e-09, "mean": -1.05733146682e-08, "dvar2": 1.20868822246e-16, "min": -7.82175817449e-08}, "barkbands_kurtosis": {"dvar": 29.366104126, "var": 82.1569519043, "median": 10.6230459213, "max": 85.3359909058, "dmean": 4.85149908066, "dmean2": 8.0346288681, "mean": 11.5494270325, "dvar2": 79.2606277466, "min": -1.75226402283}, "silence_rate_30dB": {"dvar": 0.043458417058, "var": 0.0545151717961, "median": 1, "max": 1, "dmean": 0.0455296970904, "dmean2": 0.091070972383, "mean": 0.942141413689, "dvar2": 0.1049143821, "min": 0}, "gfcc": {"mean": [-103.506523132, 137.05078125, -83.9691772461, 30.0077171326, -55.4378242493, 15.2399253845, -46.8014297485, 7.83932924271, -27.9005661011, -9.97044467926, -5.15666866302, -15.5868263245, 4.24132013321], "cov": [[14299.7138672, 4820.01367188, 994.820129395, -106.075775146, 93.6494369507, -189.055618286, 257.37487793, 36.3847618103, 399.299468994, -246.824386597, 358.594818115, -645.731689453, 173.341003418], [4820.01367188, 2679.8269043, 956.831604004, -196.697509766, 222.075576782, -125.522453308, 313.204315186, -56.1249847412, 394.591674805, -91.0095977783, 139.054916382, -301.209777832, 107.179077148], [994.820129395, 956.831604004, 644.168395996, -93.1934356689, 105.72052002, -11.6684703827, 185.843017578, -23.1081256866, 204.909500122, -25.749250412, 34.3160057068, -108.644233704, 65.3923568726], [-106.075775146, -196.697509766, -93.1934356689, 194.470779419, 10.3468599319, -6.9355840683, -18.9874076843, 17.3117733002, -43.1705741882, 11.583281517, -2.86850738525, 24.460893631, -13.8118724823], [93.6494369507, 222.075576782, 105.72052002, 10.3468599319, 145.10925293, 7.39620494843, 63.437171936, 0.7555077672, 75.1394729614, 0.879606962204, 16.6562633514, -21.6588001251, 0.378572404385], [-189.055618286, -125.522453308, -11.6684703827, -6.9355840683, 7.39620494843, 122.538986206, 7.99154186249, 30.4882888794, -9.24521446228, 5.03547668457, -10.2305679321, 16.8416728973, 15.0111246109], [257.37487793, 313.204315186, 185.843017578, -18.9874076843, 63.437171936, 7.99154186249, 188.337600708, 24.3545589447, 91.5995025635, 1.88013935089, 14.173664093, -29.9441394806, 1.97849416733], [36.3847618103, -56.1249847412, -23.1081256866, 17.3117733002, 0.7555077672, 30.4882888794, 24.3545589447, 77.2012405396, 16.4137039185, 10.3794727325, 11.8692731857, -2.56054162979, -4.31866836548], [399.299468994, 394.591674805, 204.909500122, -43.1705741882, 75.1394729614, -9.24521446228, 91.5995025635, 16.4137039185, 151.012680054, 21.991394043, 20.630853653, -39.1175956726, 6.43470191956], [-246.824386597, -91.0095977783, -25.749250412, 11.583281517, 0.879606962204, 5.03547668457, 1.88013935089, 10.3794727325, 21.991394043, 58.9035682678, 16.1895751953, 14.7544775009, -1.66207277775], [358.594818115, 139.054916382, 34.3160057068, -2.86850738525, 16.6562633514, -10.2305679321, 14.173664093, 11.8692731857, 20.630853653, 16.1895751953, 62.7758369446, -2.79238080978, 11.5607376099], [-645.731689453, -301.209777832, -108.644233704, 24.460893631, -21.6588001251, 16.8416728973, -29.9441394806, -2.56054162979, -39.1175956726, 14.7544775009, -2.79238080978, 93.3902664185, 1.51912713051], [173.341003418, 107.179077148, 65.3923568726, -13.8118724823, 0.378572404385, 15.0111246109, 1.97849416733, -4.31866836548, 6.43470191956, -1.66207277775, 11.5607376099, 1.51912713051, 51.6473808289]], "icov": [[0.000464008946437, -0.00117713899817, 0.000894339871593, -0.00071565102553, 0.00107236625627, -0.000685784034431, 0.000324507098412, -0.00039527649642, -2.64175105258e-05, 0.000843324232846, -0.00111993425526, 0.000927994435187, -3.84545382985e-05], [-0.00117713899817, 0.00498559931293, -0.00257488409989, 0.00162340106908, -0.0022850157693, 0.00222561578266, -0.00160775030963, 0.00329581205733, -0.00379299558699, 0.00191644369625, -0.00089652184397, 0.00128277332988, -0.00229686801322], [0.000894339871593, -0.00257488409989, 0.00717485928908, -0.00179843441583, 0.00306404219009, -0.00222229212523, -0.00178883725312, 0.00256093358621, -0.00576037913561, 0.00478941015899, -0.0029183709994, 0.00412807939574, -0.00491371471435], [-0.00071565102553, 0.00162340106908, -0.00179843441583, 0.00784992706031, -0.00443575158715, 0.00288396887481, -0.000361741316738, -0.00271145743318, 0.00462547130883, -0.00441840989515, 0.00338222971186, -0.00287936488166, 0.000999902607873], [0.00107236625627, -0.0022850157693, 0.00306404219009, -0.00443575158715, 0.0141107980162, -0.00438766740263, -0.00103395257611, 0.00372654339299, -0.00845749303699, 0.00677930051461, -0.00672119576484, 0.00378681742586, 0.000265058188234], [-0.000685784034431, 0.00222561578266, -0.00222229212523, 0.00288396887481, -0.00438766740263, 0.0127285458148, -0.000927449087612, -0.00546733755618, 0.00320768239908, -0.00312195182778, 0.00526567921042, -0.00259822118096, -0.00442334031686], [0.000324507098412, -0.00160775030963, -0.00178883725312, -0.000361741316738, -0.00103395257611, -0.000927449087612, 0.00981839187443, -0.00435514282435, 2.64366171905e-05, -0.000964227074292, 0.000860702304635, -0.00184413185343, 0.00377956405282], [-0.00039527649642, 0.00329581205733, 0.00256093358621, -0.00271145743318, 0.00372654339299, -0.00546733755618, -0.00435514282435, 0.0235064662993, -0.0119188707322, 0.00676703918725, -0.0090371677652, 0.00638945028186, -0.0022486182861], [-2.64175105258e-05, -0.00379299558699, -0.00576037913561, 0.00462547130883, -0.00845749303699, 0.00320768239908, 2.64366171905e-05, -0.0119188707322, 0.0307531021535, -0.0197181589901, 0.0101015120745, -0.00702034356073, 0.00810164771974], [0.000843324232846, 0.00191644369625, 0.00478941015899, -0.00441840989515, 0.00677930051461, -0.00312195182778, -0.000964227074292, 0.00676703918725, -0.0197181589901, 0.0356085002422, -0.0166638344526, 0.00645820051432, -0.0054498994723], [-0.00111993425526, -0.00089652184397, -0.0029183709994, 0.00338222971186, -0.00672119576484, 0.00526567921042, 0.000860702304635, -0.0090371677652, 0.0101015120745, -0.0166638344526, 0.0308558829129, -0.00960216764361, -0.000470194558147], [0.000927994435187, 0.00128277332988, 0.00412807939574, -0.00287936488166, 0.00378681742586, -0.00259822118096, -0.00184413185343, 0.00638945028186, -0.00702034356073, 0.00645820051432, -0.00960216764361, 0.0236293058842, -0.0079041570425], [-3.84545382985e-05, -0.00229686801322, -0.00491371471435, 0.000999902607873, 0.000265058188234, -0.00442334031686, 0.00377956405282, -0.0022486182861, 0.00810164771974, -0.0054498994723, -0.000470194558147, -0.0079041570425, 0.0308502651751]]}, "silence_rate_20dB": {"dvar": 0, "var": 0, "median": 1, "max": 1, "dmean": 0, "dmean2": 0, "mean": 1, "dvar2": 0, "min": 1}, "barkbands_skewness": {"dvar": 0.319198817015, "var": 1.23959350586, "median": 2.31236076355, "max": 6.31439399719, "dmean": 0.645298719406, "dmean2": 1.04801440239, "mean": 2.26886248589, "dvar2": 0.869786977768, "min": -2.11151838303}, "erbbands_skewness": {"dvar": 0.173133075237, "var": 0.684637546539, "median": 1.14859604836, "max": 4.39269542694, "dmean": 0.420965433121, "dmean2": 0.66905194521, "mean": 1.04731667042, "dvar2": 0.404319137335, "min": -2.39749574661}, "spectral_contrast_valleys": {"dvar": [0.130833104253, 0.125231266022, 0.115250088274, 0.078957810998, 0.0629480630159, 0.0330732315779], "var": [3.66658496857, 2.35825371742, 1.91232454777, 1.19142508507, 0.924978613853, 0.614427506924], "median": [-6.53729581833, -6.62294864655, -7.75953960419, -8.76090335846, -8.91104793549, -11.3481006622], "max": [-4.68228435516, -5.16033267975, -6.15521669388, -7.25469827652, -7.35697650909, -10.5567731857], "dmean": [0.438634425402, 0.388553023338, 0.364179462194, 0.283987104893, 0.21862231195, 0.132578492165], "dmean2": [0.71559214592, 0.637966573238, 0.590420126915, 0.45509365201, 0.32803696394, 0.20886862278], "mean": [-7.31959962845, -7.19086122513, -8.22939491272, -8.99034404755, -9.05267810822, -11.5042295456], "dvar2": [0.318777382374, 0.297341525555, 0.248757570982, 0.152659967542, 0.0937480926514, 0.0410915650427], "min": [-27.3549880981, -26.8579654694, -27.5905265808, -27.5249042511, -27.2981033325, -27.2858333588]}, "spectral_strongpeak": {"dvar": 0.075155057013, "var": 0.150307506323, "median": 0.381802797318, "max": 3.23177909851, "dmean": 0.230313271284, "dmean2": 0.40126824379, "mean": 0.463371187449, "dvar2": 0.213851645589, "min": 0}, "erbbands_crest": {"dvar": 3.9634373188, "var": 8.33256530762, "median": 8.51594257355, "max": 23.1494045258, "dmean": 2.28213572502, "dmean2": 3.82701325417, "mean": 8.95151424408, "dvar2": 10.8394107819, "min": 2.78342628479}, "barkbands_crest": {"dvar": 5.75536155701, "var": 12.8228225708, "median": 10.4081783295, "max": 25.0818138123, "dmean": 2.85401177406, "dmean2": 4.82379579544, "mean": 10.9040307999, "dvar2": 16.3546447754, "min": 2.92464590073}, "spectral_energyband_middle_low": {"dvar": 0.000411415356211, "var": 0.000586972571909, "median": 0.0150237902999, "max": 0.217276185751, "dmean": 0.01307215821, "dmean2": 0.0228717252612, "mean": 0.0209320839494, "dvar2": 0.00115813722368, "min": 3.74213222409e-22}, "spectral_contrast_coeffs": {"dvar": [0.00218823784962, 0.00151844730135, 0.000752181455027, 0.000357991433702, 0.000244016904617, 8.74129182193e-05], "var": [0.00739216897637, 0.00561165995896, 0.00264620315284, 0.00136862276122, 0.00106636597775, 0.000473191350466], "median": [-0.617680191994, -0.724263906479, -0.774013996124, -0.788435995579, -0.820640444756, -0.80698877573], "max": [-0.311310887337, -0.470697253942, -0.59201157093, -0.65882229805, -0.687428236008, -0.722259879112], "dmean": [0.0587368533015, 0.0485578030348, 0.0337404422462, 0.0241212584078, 0.0184329207987, 0.0115605965257], "dmean2": [0.0986979305744, 0.0812207981944, 0.0552605949342, 0.0398423299193, 0.0296848863363, 0.0184435471892], "mean": [-0.619971215725, -0.731669187546, -0.776672482491, -0.787259459496, -0.817873597145, -0.807331800461], "dvar2": [0.00619311444461, 0.00427361996844, 0.00196882337332, 0.000966184714343, 0.000583785527851, 0.000212901126361], "min": [-0.965958714485, -0.977379918098, -0.973361611366, -0.955489754677, -0.957682549953, -0.960410058498]}, "hfc": {"dvar": 23.9492225647, "var": 52.3792419434, "median": 7.31481742859, "max": 51.6506500244, "dmean": 3.42472648621, "dmean2": 5.93256855011, "mean": 7.94435501099, "dvar2": 66.947227478, "min": 1.1838116589e-16}, "spectral_energyband_high": {"dvar": 1.53664317382e-10, "var": 7.15110748395e-10, "median": 2.88147257379e-05, "max": 0.000325281202095, "dmean": 7.41807889426e-06, "dmean2": 1.02625945146e-05, "mean": 3.45765292877e-05, "dvar2": 3.10890924116e-10, "min": 7.86755068171e-21}, "erbbands_spread": {"dvar": 55.9889183044, "var": 275.133056641, "median": 25.0865402222, "max": 100.580047607, "dmean": 6.93995332718, "dmean2": 10.9374389648, "mean": 30.7297687531, "dvar2": 124.538749695, "min": 4.58496618271}, "dissonance": {"dvar": 0.000729809980839, "var": 0.00153587770183, "median": 0.443587481976, "max": 0.500000119209, "dmean": 0.0285082738847, "dmean2": 0.0486497990787, "mean": 0.437697291374, "dvar2": 0.00212211883627, "min": 0.237959250808}, "spectral_kurtosis": {"dvar": 19.9540252686, "var": 75.4758911133, "median": 11.1257648468, "max": 62.6611633301, "dmean": 3.93068003654, "dmean2": 6.34914588928, "mean": 12.0678262711, "dvar2": 50.5781326294, "min": -1.19441175461}, "spectral_skewness": {"dvar": 0.155020594597, "var": 1.09809231758, "median": 2.77800226212, "max": 6.49285888672, "dmean": 0.397713184357, "dmean2": 0.61596763134, "mean": 2.67082190514, "dvar2": 0.364356309175, "min": -0.0221476089209}, "pitch_salience": {"dvar": 0.00577304838225, "var": 0.0120279965922, "median": 0.580577492714, "max": 0.862512350082, "dmean": 0.0901687219739, "dmean2": 0.14754602313, "mean": 0.57419359684, "dvar2": 0.0158001556993, "min": 0.152705267072}, "spectral_complexity": {"dvar": 1.82740056515, "var": 22.029466629, "median": 9, "max": 21, "dmean": 1.44601297379, "dmean2": 2.42355632782, "mean": 8.19748210907, "dvar2": 4.5689034462, "min": 0}, "spectral_spread": {"dvar": 438368108544, "var": 2585962741760.0, "median": 3095963, "max": 39774388, "dmean": 499442.84375, "dmean2": 796681.3125, "mean": 3633384, "dvar2": 759968890880, "min": 1134271.375}, "dynamic_complexity": 6.79977989197, "melbands_crest": {"dvar": 9.17052173615, "var": 21.7789211273, "median": 14.8234205246, "max": 33.3391304016, "dmean": 3.70730447769, "dmean2": 6.32998752594, "mean": 15.1957645416, "dvar2": 25.7326889038, "min": 1.55360424519}, "zerocrossingrate": {"dvar": 6.98692165315e-05, "var": 0.00340389483608, "median": 0.01708984375, "max": 0.51708984375, "dmean": 0.00603480357677, "dmean2": 0.00734899938107, "mean": 0.0405864529312, "dvar2": 7.95335799921e-05, "min": 0.00390625}, "spectral_energyband_low": {"dvar": 0.000246505747782, "var": 0.000684232509229, "median": 0.017165184021, "max": 0.231559976935, "dmean": 0.0108510740101, "dmean2": 0.0190669652075, "mean": 0.0233178213239, "dvar2": 0.000787201453932, "min": 1.29309498982e-22}, "melbands_kurtosis": {"dvar": 86.9097213745, "var": 204.820770264, "median": 17.6403999329, "max": 134.141769409, "dmean": 8.78987121582, "dmean2": 14.4809999466, "mean": 20.5047473907, "dvar2": 233.822875977, "min": -1.58686447144}, "spectral_energyband_middle_high": {"dvar": 4.63761793412e-08, "var": 2.26872245435e-07, "median": 0.000537928484846, "max": 0.00368939735927, "dmean": 0.000175365043106, "dmean2": 0.000281081564026, "mean": 0.000605786917731, "dvar2": 1.17568291103e-07, "min": 1.44662388175e-21}, "barkbands_spread": {"dvar": 18.0734767914, "var": 164.61289978, "median": 4.61780118942, "max": 81.3623504639, "dmean": 2.88580918312, "dmean2": 4.44153833389, "mean": 11.3005104065, "dvar2": 37.6882858276, "min": 0.843522667885}, "mfcc": {"mean": [-749.906433105, 162.595031738, 33.0533447266, 17.9569683075, 19.8589344025, -4.10532236099, 10.5375080109, -5.82218027115, 0.424247652292, -0.501517057419, -11.7677841187, -3.88426661491, 0.13159647584], "cov": [[8143.05908203, 3616.42919922, 618.396179199, 245.998580933, 132.065124512, -146.743606567, 108.323013306, -1.25866949558, 88.4246444702, 274.022247314, 260.204162598, 17.7823143005, -150.972167969], [3616.42919922, 2730.69628906, 735.560913086, 122.193145752, 93.3041610718, 60.4286231995, -3.05131530762, 31.5466632843, 197.930343628, 179.022460938, 211.780914307, 61.301071167, -101.278549194], [618.396179199, 735.560913086, 439.492492676, 25.635881424, 3.65613055229, 52.2416992188, 13.3570413589, 14.5809907913, 104.170158386, 42.4332427979, 47.3166389465, 25.6894779205, -7.96990251541], [245.998580933, 122.193145752, 25.635881424, 191.627044678, 10.729809761, 9.54317188263, 1.25630557537, 22.9972724915, -15.0576219559, 39.7373161316, 23.0583992004, -12.515996933, 2.15217399597], [132.065124512, 93.3041610718, 3.65613055229, 10.729809761, 118.267837524, 12.5099210739, -5.78440475464, -3.25287103653, 8.50016212463, 2.98971748352, 13.4206552505, 5.52835273743, -22.5967464447], [-146.743606567, 60.4286231995, 52.2416992188, 9.54317188263, 12.5099210739, 93.1820449829, 8.59362125397, 18.9057216644, 31.7825660706, 7.90466117859, 13.2750654221, 5.12469005585, 6.89988279343], [108.323013306, -3.05131530762, 13.3570413589, 1.25630557537, -5.78440475464, 8.59362125397, 82.3364562988, 22.1879882812, 9.35384082794, 15.1207399368, -13.6399803162, 6.78459358215, 16.0630264282], [-1.25866949558, 31.5466632843, 14.5809907913, 22.9972724915, -3.25287103653, 18.9057216644, 22.1879882812, 84.7101898193, 30.0349082947, 9.76358127594, 27.2516479492, 5.2200961113, 8.02687549591], [88.4246444702, 197.930343628, 104.170158386, -15.0576219559, 8.50016212463, 31.7825660706, 9.35384082794, 30.0349082947, 94.7474517822, 28.9841461182, 28.7469615936, 23.371761322, -7.74288272858], [274.022247314, 179.022460938, 42.4332427979, 39.7373161316, 2.98971748352, 7.90466117859, 15.1207399368, 9.76358127594, 28.9841461182, 93.8489608765, 40.3077926636, 7.88494443893, 0.180844917893], [260.204162598, 211.780914307, 47.3166389465, 23.0583992004, 13.4206552505, 13.2750654221, -13.6399803162, 27.2516479492, 28.7469615936, 40.3077926636, 91.8037490845, 19.244884491, -11.4866285324], [17.7823143005, 61.301071167, 25.6894779205, -12.515996933, 5.52835273743, 5.12469005585, 6.78459358215, 5.2200961113, 23.371761322, 7.88494443893, 19.244884491, 51.2341461182, 9.94441604614], [-150.972167969, -101.278549194, -7.96990251541, 2.15217399597, -22.5967464447, 6.89988279343, 16.0630264282, 8.02687549591, -7.74288272858, 0.180844917893, -11.4866285324, 9.94441604614, 52.5871200562]], "icov": [[0.000486468226882, -0.000816232641228, 0.000529406010173, -0.000157601200044, -7.84160074545e-05, 0.000990958651528, -0.00106057338417, 0.000299291015835, 0.000277794169961, 3.66488166037e-05, -0.000336959725246, 0.000538436055649, -0.00010880336049], [-0.000816232641228, 0.00227081542835, -0.00225286418572, 9.17795259738e-05, -0.000190747508896, -0.00137855228968, 0.00169362535235, -0.000397336611059, -0.000309165043291, -0.000739859591704, -0.000335796154104, -0.00120520987548, 0.00143871642649], [0.000529406010173, -0.00225286418572, 0.00602908618748, -0.000847920658998, 0.000840572232846, -2.53713506027e-06, -0.00177242711652, 0.0019459357718, -0.00401272065938, 0.00164773548022, -0.000164703771588, 0.00128162291367, -0.00213945098221], [-0.000157601200044, 9.17795259738e-05, -0.000847920658998, 0.00701282173395, -0.000763448420912, -0.00107986014336, 0.00136793206912, -0.0030767142307, 0.00395595701411, -0.0035437643528, 0.00033806276042, 0.0010902696522, -0.000363464205293], [-7.84160074545e-05, -0.000190747508896, 0.000840572232846, -0.000763448420912, 0.00990656483918, -0.00198976020329, -0.000156664449605, 0.000844128895551, -0.000348846660927, 0.000705590297002, -0.000269331998425, -0.00196319795214, 0.00426171999425], [0.000990958651528, -0.00137855228968, -2.53713506027e-06, -0.00107986014336, -0.00198976020329, 0.0153561122715, -0.0028649030719, 6.06858666288e-05, -0.00366738112643, 0.00124223541934, -0.00218790979125, 0.