{"tonal": {"hpcp": {"dvar": [0.0198044423014, 0.0164882019162, 0.0143539458513, 0.0203681327403, 0.0219825785607, 0.0216464437544, 0.0424176566303, 0.057748798281, 0.0670772567391, 0.0799911096692, 0.0705271959305, 0.0579086318612, 0.0566534884274, 0.0522212460637, 0.0493018329144, 0.0506304763258, 0.0477104112506, 0.0401659831405, 0.0300533659756, 0.0224209278822, 0.0237727221102, 0.0254252571613, 0.0294227544218, 0.0358853973448, 0.0435405299067, 0.0316717587411, 0.0154483253136, 0.0139167914167, 0.0192062817514, 0.0260700006038, 0.0481140576303, 0.0411610677838, 0.0217680856586, 0.0182039663196, 0.0183078777045, 0.0200494900346], "var": [0.0357302390039, 0.0265943165869, 0.0136228958145, 0.0261024590582, 0.0259770005941, 0.0241774618626, 0.0497633293271, 0.0668379813433, 0.0807369276881, 0.127371132374, 0.0866600126028, 0.0483818687499, 0.0421104691923, 0.0393834374845, 0.0490530468524, 0.0845891311765, 0.0708703026175, 0.0363740213215, 0.0249985456467, 0.01745278202, 0.0226672701538, 0.0378427617252, 0.0328052826226, 0.0466969870031, 0.100356265903, 0.0579641573131, 0.0136467358097, 0.0111765190959, 0.0160241816193, 0.0387953035533, 0.130005031824, 0.0917868837714, 0.0247737951577, 0.0263332929462, 0.0228686984628, 0.0223181135952], "median": [0.024655546993, 0.022817324847, 0.0191226713359, 0.0192503929138, 0.0213393103331, 0.0273239463568, 0.0342565327883, 0.0386511124671, 0.084445387125, 0.133114039898, 0.113914877176, 0.041879452765, 0.0215166509151, 0.0202444270253, 0.0375493243337, 0.0638838484883, 0.0628120750189, 0.0331315994263, 0.0180740877986, 0.013517389074, 0.0158540140837, 0.0231680124998, 0.0264213234186, 0.0379610136151, 0.0475255250931, 0.0359914340079, 0.0187985580415, 0.0124911125749, 0.0122020002455, 0.0666470304132, 0.178302496672, 0.157344400883, 0.0454790815711, 0.0184138771147, 0.0170856621116, 0.0195982977748], "max": [1, 1, 1, 1, 1, 1, 1, 1, 1, 1, 1, 1, 1, 1, 1, 1, 1, 1, 1, 1, 1, 1, 1, 1, 1, 1, 1, 1, 1, 1, 1, 1, 1, 1, 1, 1], "dmean": [0.068268597126, 0.0612056851387, 0.0543716922402, 0.0635939463973, 0.0689087212086, 0.0768044441938, 0.120350427926, 0.155151084065, 0.195961594582, 0.21615575254, 0.204969868064, 0.149423420429, 0.128589451313, 0.12088599056, 0.128466814756, 0.143599674106, 0.14092668891, 0.110826171935, 0.0812410637736, 0.063518434763, 0.0662334561348, 0.0788427889347, 0.09138546139, 0.116139493883, 0.120649419725, 0.107608400285, 0.0590087659657, 0.0462951697409, 0.0572589859366, 0.11089849472, 0.16891400516, 0.164786607027, 0.0901126936078, 0.0646374300122, 0.0631551891565, 0.0675654411316], "dmean2": [0.11555146426, 0.104324601591, 0.0944744050503, 0.109277844429, 0.119156844914, 0.133090570569, 0.204946994781, 0.262568295002, 0.340918749571, 0.377854466438, 0.362043023109, 0.269536674023, 0.235823854804, 0.219787180424, 0.226634085178, 0.243219077587, 0.240177065134, 0.195444732904, 0.145151108503, 0.115055955946, 0.116491422057, 0.134010493755, 0.157983496785, 0.202375844121, 0.204688757658, 0.175805166364, 0.103517182171, 0.0817774608731, 0.101996876299, 0.184344083071, 0.269799381495, 0.267134070396, 0.155275404453, 0.109849534929, 0.108889751136, 0.115115270019], "mean": [0.0938696488738, 0.0798215642571, 0.0588069632649, 0.0730728730559, 0.0766273438931, 0.0831254348159, 0.128165900707, 0.157824978232, 0.222587928176, 0.315458297729, 0.250068992376, 0.131688728929, 0.101143844426, 0.0963041633368, 0.132238298655, 0.202498674393, 0.184426560998, 0.106879763305, 0.0752721577883, 0.0579556562006, 0.0664485171437, 0.0973877981305, 0.0977225378156, 0.135594189167, 0.205533355474, 0.150853842497, 0.0586630515754, 0.042945496738, 0.0504756532609, 0.154909938574, 0.352262347937, 0.29338568449, 0.10491591692, 0.0778942331672, 0.0721311941743, 0.0737583488226], "dvar2": [0.0489948876202, 0.0431058183312, 0.0392291024327, 0.0544684268534, 0.0597667619586, 0.057805288583, 0.104401990771, 0.135902896523, 0.168611645699, 0.195467561483, 0.186490312219, 0.155559167266, 0.154780298471, 0.143790081143, 0.13459315896, 0.125297710299, 0.120026677847, 0.109100595117, 0.0829011648893, 0.0626242384315, 0.0652402117848, 0.0630549192429, 0.0783938094974, 0.0968790203333, 0.0980042293668, 0.0754002705216, 0.0420978069305, 0.0384678840637, 0.0531374774873, 0.0668464824557, 0.099253103137, 0.0954771265388, 0.0589060299098, 0.0470022670925, 0.0499992370605, 0.0524321757257], "min": [0, 0, 0, 0, 0, 0, 0, 0, 0, 0, 0, 0, 0, 0, 0, 0, 0, 0, 0, 0, 0, 0, 0, 0, 0, 0, 0, 0, 0, 0, 0, 0, 0, 0, 0, 0]}, "key_key": "C", "thpcp": [1, 0.832861304283, 0.297834604979, 0.221125632524, 0.204765558243, 0.209384709597, 0.266476541758, 0.226596921682, 0.166940808296, 0.207438781857, 0.217529192567, 0.235975936055, 0.363836497068, 0.44803249836, 0.631881117821, 0.895520925522, 0.709894180298, 0.373837083578, 0.287126481533, 0.273387610912, 0.375397205353, 0.574851870537, 0.523548901081, 0.303409546614, 0.213682100177, 0.164524123073, 0.188633605838, 0.276463836432, 0.277414083481, 0.384923875332, 0.58346670866, 0.428242892027, 0.166532278061, 0.121913388371, 0.14328995347, 0.439757287502], "chords_key": "C", "tuning_equal_tempered_deviation": 0.122010812163, "tuning_frequency": 436.456176758, "tuning_diatonic_strength": 0.70930492878, "chords_histogram": [37.381816864, 0.218181818724, 31.6000003815, 0.20000000298, 0, 0, 0, 0.345454543829, 0, 0.0363636352122, 0.109090909362, 0, 0, 0, 0, 5.92727279663, 1.45454549789, 13.0909090042, 0, 4.96363639832, 0.890909075737, 1.83636367321, 1.16363632679, 0.781818211079], "key_strength": 0.811529517174, "key_scale": "major", "chords_strength": {"dvar": 5.67624010728e-05, "var": 0.00839628279209, "median": 0.565179824829, "max": 0.823592126369, "dmean": 0.00881461706012, "dmean2": 0.00949293375015, "mean": 0.558063030243, "dvar2": 7.31886757421e-05, "min": 0.245558470488}, "chords_number_rate": 0.0014545454178, "tuning_nontempered_energy_ratio": 0.804269552231, "hpcp_entropy": {"dvar": 0.276123076677, "var": 0.566527783871, "median": 2.08038425446, "max": 4.459025383, "dmean": 0.632518589497, "dmean2": 1.05641233921, "mean": 2.08828639984, "dvar2": 0.732259452343, "min": 0}, "chords_changes_rate": 0.0434545464814, "chords_scale": "major"}, "rhythm": {"bpm_histogram_first_peak_spread": {"dvar": 0, "var": 0, "median": 0.460446238518, "max": 0.460446238518, "dmean": 0, "dmean2": 0, "mean": 0.460446238518, "dvar2": 0, "min": 0.460446238518}, "bpm_histogram_first_peak_weight": {"dvar": 0, "var": 0, "median": 0.488970577717, "max": 0.488970577717, "dmean": 0, "dmean2": 0, "mean": 0.488970577717, "dvar2": 0, "min": 0.488970577717}, "bpm_histogram_first_peak_bpm": {"dvar": 0, "var": 0, "median": 129, "max": 129, "dmean": 0, "dmean2": 0, "mean": 129, "dvar2": 0, "min": 129}, "bpm": 127.89263916, "bpm_histogram_second_peak_weight": {"dvar": 0, "var": 0, "median": 0.0386029407382, "max": 0.0386029407382, "dmean": 0, "dmean2": 0, "mean": 0.0386029407382, "dvar2": 0, "min": 0.0386029407382}, "beats_loudness": {"dvar": 0.000435212103184, "var": 0.000683237740304, "median": 0.0480169355869, "max": 0.137335062027, "dmean": 0.0286747924984, "dmean2": 0.0551255457103, "mean": 0.0497156456113, "dvar2": 0.00153079931624, "min": 1.10984927915e-08}, "beats_loudness_band_ratio": {"dvar": [0.0478239357471, 0.00845882575959, 0.0067373374477, 0.00592831615359, 0.00656057661399, 0.00709307892248], "var": [0.0686163827777, 0.0123163200915, 0.0109992008656, 0.00755653018132, 0.00787405110896, 0.00658907182515], "median": [0.566047430038, 0.0764561295509, 0.0557691454887, 0.05862993747, 0.0847199708223, 0.0736406594515], "max": [0.973623812199, 0.809846699238, 0.680991292, 0.564125657082, 0.637707769871, 0.475901544094], "dmean": [0.356053352356, 0.0937613844872, 0.0738581940532, 0.0770873576403, 0.108612418175, 0.107364624739], "dmean2": [0.694113254547, 0.170756563544, 0.133957967162, 0.141917347908, 0.206609785557, 0.211427554488], "mean": [0.541527509689, 0.115355208516, 0.0931851863861, 0.0864706709981, 0.103593744338, 0.0961733907461], "dvar2": [0.173296764493, 0.0252806600183, 0.0179685615003, 0.0169543847442, 0.0217256043106, 0.0248882509768], "min": [0.00512449163944, 0.00429436843842, 0.0021237116307, 0.00182206614409, 0.000167588717886, 4.61461495433e-05]}, "bpm_histogram_second_peak_bpm": {"dvar": 0, "var": 0, "median": 123, "max": 123, "dmean": 0, "dmean2": 0, "mean": 123, "dvar2": 0, "min": 123}, "onset_rate": 3.27740883827, "beats_count": 545, "beats_position": [0.476009070873, 0.975238084793, 1.47446703911, 1.98530614376, 2.49614500999, 3.00698399544, 3.52943301201, 4.01705217361, 4.49306106567, 4.96907043457, 5.4334692955, 5.89786815643, 6.37387752533, 6.83827638626, 7.31428575516, 7.77868461609, 8.24308395386, 8.71909236908, 9.19510173798, 9.65950107574, 10.1239004135, 10.5999088287, 11.0759181976, 11.5403175354, 12.0047159195, 12.4691152573, 12.933514595, 13.4095239639, 13.8855323792, 14.3499317169, 14.8143310547, 15.2787294388, 15.7431287766, 16.2075271606, 16.6719264984, 17.1479358673, 17.6239452362, 18.088344574, 18.5527439117, 19.0287532806, 19.5047607422, 19.96916008, 20.4335594177, 20.8979587555, 21.3855781555, 21.8499774933, 22.3143768311, 22.7787742615, 23.2431735992, 23.707572937, 24.1835823059, 24.6595916748, 25.1239910126, 25.6000003815, 26.0643978119, 26.5404071808, 27.0048065186, 27.4692058563, 27.9336051941, 28.3980045319, 28.8740139008, 29.3500213623, 29.8144207001, 30.290430069, 30.7664394379, 31.2308387756, 31.6952381134, 32.1596374512, 32.6240348816, 33.0884361267, 33.5644454956, 34.0404510498, 34.5048522949, 34.9692497253, 35.4452590942, 35.9212684631, 36.3856697083, 36.8500671387, 37.3260765076, 37.8020858765, 38.2664833069, 38.730884552, 39.1952819824, 39.6596832275, 40.1356925964, 40.6116981506, 41.0760993958, 41.5404968262, 42.0165061951, 42.492515564, 42.9569168091, 43.4213142395, 43.8857116699, 44.3617210388, 44.8377304077, 45.3021316528, 45.7897491455, 46.2541503906, 46.718547821, 47.1945571899, 47.6705665588, 48.1349639893, 48.5993652344, 49.0637626648, 49.5281639099, 49.9925613403, 50.4569587708, 50.9329681396, 51.4089775085, 51.8849868774, 52.3609962463, 52.8253974915, 53.2897949219, 53.7541923523, 54.2185935974, 54.6829910278, 55.1590003967, 55.6350097656, 56.0994110107, 56.5638084412, 57.0398178101, 57.515827179, 57.9802246094, 58.4446258545, 58.9090232849, 59.37342453, 59.8378219604, 60.3138313293, 60.7898406982, 61.2542381287, 61.741859436, 62.2062568665, 62.6822662354, 63.1466636658, 63.6110649109, 64.0754623413, 64.5514755249, 65.0158691406, 65.4918823242, 65.9678878784, 66.443901062, 66.9082946777, 67.3843078613, 67.8487091064, 68.3131027222, 68.7775039673, 69.2535171509, 69.7179107666, 70.1939239502, 70.6583175659, 71.122718811, 71.5987319946, 72.0747375488, 72.5391387939, 73.0035324097, 73.4679336548, 73.9323348999, 74.396736145, 74.8611297607, 75.3255310059, 75.789932251, 76.2543258667, 76.7187271118, 77.1947402954, 77.6707458496, 78.1351470947, 78.6111526489, 79.0871658325, 79.5515594482, 80.0159606934, 80.4803619385, 80.9447631836, 81.4207687378, 81.8967819214, 82.3611755371, 82.8255767822, 83.2899780273, 83.7543716431, 84.2303848267, 84.7063903809, 85.170791626, 85.6351928711, 86.0995864868, 86.5755996704, 87.0516052246, 87.5160064697, 87.9804077148, 88.456413269, 88.9324264526, 89.3968200684, 89.8612213135, 90.3256225586, 90.8016281128, 91.2776412964, 91.7420425415, 92.2064361572, 92.6708374023, 93.1468429565, 93.6228561401, 94.0872573853, 94.551651001, 95.0160522461, 95.4920654297, 95.9680709839, 96.432472229, 96.8968658447, 97.3612670898, 97.8372802734, 98.3132858276, 98.7776870728, 99.2420806885, 99.7180938721, 100.194099426, 100.658500671, 101.122901917, 101.587303162, 102.051696777, 102.527709961, 103.003715515, 103.46811676, 103.932518005, 104.396911621, 104.872924805, 105.348930359, 105.813331604, 106.277732849, 106.742126465, 107.218139648, 107.694145203, 108.158546448, 108.622947693, 109.098953247, 109.574966431, 110.039360046, 110.503761292, 110.979774475, 111.455780029, 111.931785583, 112.407798767, 112.883804321, 113.359817505, 113.82421875, 114.288612366, 114.753013611, 115.217414856, 115.705032349, 116.181037903, 116.657051086, 117.144668579, 117.609069824, 118.085075378, 118.561088562, 119.037094116, 119.501495361, 119.977500916, 120.465126038, 120.95274353, 121.417137146, 121.881538391, 122.345939636, 122.82194519, 123.297958374, 123.785575867, 124.249977112, 124.714370728, 125.190383911, 125.666389465, 126.142402649, 126.618408203, 127.094421387, 127.570426941, 128.034820557, 128.499221802, 128.963623047, 129.43963623, 129.915649414, 130.3800354, 130.844436646, 131.332061768, 131.808074951, 132.272476196, 132.748474121, 133.236099243, 133.700500488, 134.164901733, 134.640899658, 135.116912842, 135.581314087, 136.057327271, 136.533325195, 136.99772644, 137.473739624, 137.949752808, 138.414154053, 138.878540039, 139.342941284, 139.807342529, 140.283355713, 140.759368896, 141.223754883, 141.711380005, 142.17578125, 142.640182495, 143.11618042, 143.592193604, 144.056594849, 144.520996094, 144.985397339, 145.473007202, 145.937408447, 146.401809692, 146.866210938, 147.342224121, 147.818222046, 148.294235229, 148.758636475, 149.22303772, 149.675827026, 150.140228271, 150.604629517, 151.080627441, 151.545028687, 152.02104187, 152.497055054, 152.973052979, 153.437454224, 153.901855469, 154.377868652, 154.853881836, 155.329879761, 155.805892944, 156.281906128, 156.757904053, 157.222305298, 157.686706543, 158.162719727, 158.63873291, 159.103118896, 159.590744019, 160.055145264, 160.519546509, 160.995559692, 161.471557617, 161.947570801, 162.411972046, 162.876373291, 163.352371216, 163.816772461, 164.292785645, 164.75718689, 165.233200073, 165.69758606, 166.173599243, 166.649612427, 167.12562561, 167.590026855, 168.06602478, 168.530426025, 169.006439209, 169.470840454, 169.946838379, 170.411239624, 170.887252808, 171.363265991, 171.827667236, 172.303665161, 172.779678345, 173.24407959, 173.708480835, 174.184494019, 174.660491943, 175.124893188, 175.600906372, 176.076919556, 176.55291748, 177.017318726, 177.493331909, 177.969345093, 178.445343018, 178.921356201, 179.397369385, 179.86177063, 180.337768555, 180.8021698, 181.278182983, 181.754196167, 182.230194092, 182.694595337, 183.170608521, 183.635009766, 184.111022949, 184.587020874, 185.063034058, 185.527435303, 186.003448486, 186.479446411, 186.955459595, 187.431472778, 187.895874023, 188.371871948, 188.847885132, 189.312286377, 189.799911499, 190.264297485, 190.72869873, 191.193099976, 191.657501221, 192.121902466, 192.597915649, 193.062316895, 193.526702881, 193.991104126, 194.46711731, 194.931518555, 195.3959198, 195.871917725, 196.347930908, 196.823944092, 197.299957275, 197.764343262, 198.228744507, 198.681533813, 199.157546997, 199.633560181, 200.109558105, 200.573959351, 201.049972534, 201.525985718, 202.001998901, 202.477996826, 202.95401001, 203.430023193, 203.894424438, 204.358810425, 204.82321167, 205.287612915, 205.740402222, 206.193191528, 206.657592773, 207.121994019, 207.586395264, 208.050796509, 208.526794434, 208.991195679, 209.467208862, 209.931610107, 210.407608032, 210.883621216, 211.348022461, 211.812423706, 212.276824951, 212.741226196, 213.205612183, 213.670013428, 214.134414673, 214.587203979, 215.039993286, 215.492782593, 215.968795776, 216.433197021, 216.897598267, 217.361984253, 217.826385498, 218.290786743, 218.755187988, 219.219589233, 219.683990479, 220.148391724, 220.624389648, 221.088790894, 221.564804077, 222.029205322, 222.493606567, 222.958007812, 223.422393799, 223.886795044, 224.351196289, 224.827209473, 225.303222656, 225.779220581, 226.255233765, 226.71963501, 227.195648193, 227.66003418, 228.136047363, 228.600448608, 229.064849854, 229.529251099, 230.005249023, 230.469650269, 230.945663452, 231.410064697, 231.886077881, 232.350479126, 232.826477051, 233.290878296, 233.766891479, 234.231292725, 234.707290649, 235.171691895, 235.63609314, 236.100494385, 236.56489563, 237.040908813, 237.5052948, 237.981307983, 238.457321167, 238.933334351, 239.409332275, 239.885345459, 240.361358643, 240.872192383, 241.371429443, 241.882263184, 242.369888306, 242.857498169, 243.345123291, 243.832733154, 244.320358276, 244.807983398, 245.318817139, 245.829650879, 246.340499878, 246.793289185, 247.246078491, 247.687255859, 248.128433228, 248.581222534, 249.022399902, 249.475189209, 249.869934082, 250.264663696, 250.659408569, 251.065750122, 251.402450562, 251.739135742, 252.075820923, 252.412506104, 252.749206543, 253.085891724, 253.422576904, 253.759277344, 254.095962524, 254.432647705, 254.769332886], "danceability": 1.1277230978, "bpm_histogram_second_peak_spread": {"dvar": 0, "var": 0, "median": 0.125000059605, "max": 0.125000059605, "dmean": 0, "dmean2": 0, "mean": 0.125000059605, "dvar2": 0, "min": 0.125000059605}}, "lowlevel": {"spectral_flux": {"dvar": 0.000756973109674, "var": 0.00182271713857, "median": 0.0776081159711, "max": 0.292525023222, "dmean": 0.0229646079242, "dmean2": 0.0366013050079, "mean": 0.0831608995795, "dvar2": 0.00184334721416, "min": 6.70987918006e-11}, "spectral_rolloff": {"dvar": 858298.9375, "var": 3263599, "median": 1765.72265625, "max": 19810.546875, "dmean": 623.577026367, "dmean2": 985.876342773, "mean": 2124.29101562, "dvar2": 1717058.375, "min": 64.599609375}, "barkbands_flatness_db": {"dvar": 0.000367807719158, "var": 0.00259882374667, "median": 0.106976233423, "max": 0.443661421537, "dmean": 0.0185964256525, "dmean2": 0.0270753465593, "mean": 0.116059623659, "dvar2": 0.000726627011318, "min": 0.0273112077266}, "spectral_centroid": {"dvar": 70526.546875, "var": 502222.28125, "median": 1922.29174805, "max": 11400.6123047, "dmean": 238.125518799, "dmean2": 360.110992432, "mean": 1900.72802734, "dvar2": 133474.3125, "min": 216.914672852}, "melbands_skewness": {"dvar": 0.852565705776, "var": 4.86449670792, "median": 2.47824048996, "max": 18.8289413452, "dmean": 0.784964561462, "dmean2": 1.12730658054, "mean": 3.02574372292, "dvar2": 1.61558580399, "min": -1.45101046562}, "melbands": {"dvar": [1.02152680483e-05, 4.30864429291e-06, 4.18123960344e-07, 8.83987993916e-08, 1.3923130382e-07, 4.10116420824e-08, 1.40170817176e-08, 3.85533276415e-08, 5.33569703975e-08, 5.09844078067e-08, 4.81954671727e-08, 1.90319990878e-08, 1.28065371641e-08, 2.20732250256e-08, 1.37582789606e-08, 6.90112544888e-09, 1.45556890985e-08, 6.60779475581e-09, 2.64581134779e-09, 7.39511163417e-09, 1.73881875565e-09, 9.31462351694e-10, 4.69205341247e-10, 1.72629757711e-10, 2.99222757683e-10, 1.05029838993e-10, 1.02445607553e-10, 1.04093192399e-10, 2.13108738989e-10, 1.3282379363e-10, 3.5768402129e-11, 3.49413067924e-11, 2.28750230563e-11, 1.5298129083e-11, 2.26646878349e-11, 2.0555935426e-11, 2.04018364702e-11, 2.34321260312e-11, 1.79279282392e-11, 1.08086473799e-11], "var": [3.49595829903e-05, 1.0586199096e-05, 5.91913646986e-07, 2.49462004831e-07, 5.03962894527e-07, 1.57079455221e-07, 7.59631433311e-08, 1.03516825334e-07, 1.42600782738e-07, 1.26557054614e-07, 1.69287957874e-07, 1.18880535638e-07, 3.45152812997e-08, 1.17952907885e-07, 4.70430663313e-08, 1.4933036141e-08, 3.67625396791e-08, 2.42827340458e-08, 6.36470520732e-09, 2.19605507112e-08, 5.13624121012e-09, 2.33958008522e-09, 1.26713750603e-09, 5.12427267285e-10, 6.91998069957e-10, 3.17421700036e-10, 3.26389526517e-10, 5.51469703236e-10, 1.36860922595e-09, 4.79300543699e-10, 1.03625288905e-10, 7.87208770392e-11, 5.09586400854e-11, 4.02947189504e-11, 5.39234906727e-11, 5.02606116448e-11, 4.62274454827e-11, 5.42941837323e-11, 4.02922868681e-11, 2.14017466943e-11], "median": [0.000943239894696, 0.00157222792041, 0.000455119239632, 0.000313026685035, 0.00017165087047, 0.000186950070201, 0.000105644408904, 6.70573572279e-05, 4.88763471367e-05, 3.48816793121e-05, 3.30104994646e-05, 1.83470692718e-05, 1.82949697773e-05, 1.96688488359e-05, 2.39409728238e-05, 1.75923123606e-05, 6.11491050222e-05, 3.45382468367e-05, 2.34230446949e-05, 3.15301367664e-05, 2.38730917772e-05, 1.87694404303e-05, 1.55086072482e-05, 1.33946987262e-05, 1.35073069032e-05, 7.57761881687e-06, 1.05007366074e-05, 8.4184048319e-06, 8.22095535113e-06, 8.47211322252e-06, 6.00817020313e-06, 4.17529508923e-06, 3.42553835253e-06, 3.20483582072e-06, 2.51623555414e-06, 2.62428034148e-06, 2.62134494733e-06, 2.3896179755e-06, 2.16917578655e-06, 1.42908015732e-06], "max": [0.0417866930366, 0.0224328730255, 0.0115696582943, 0.00627899263054, 0.0086960894987, 0.00387282459997, 0.00333923404105, 0.00978383049369, 0.00985511019826, 0.00699072284624, 0.00703791016713, 0.00666584121063, 0.00321713159792, 0.00539151020348, 0.00348570407368, 0.00362529233098, 0.00245612883009, 0.00247627589852, 0.0023807939142, 0.00442331889644, 0.000908029905986, 0.000538473133929, 0.000437604234321, 0.000285242742393, 0.000475241482491, 0.000222310380195, 0.000156166788656, 0.000262104935246, 0.00047209195327, 0.000358900462743, 0.00014635550906, 0.000168421771377, 0.000142680699355, 9.26900102058e-05, 0.000154742912855, 0.000148460836499, 0.000173952867044, 0.000136396192829, 0.000128180661704, 0.000105719904241], "dmean": [0.00178214826155, 0.00134933553636, 0.000426620361395, 0.000222790797125, 0.000200240756385, 0.000138079965836, 7.90995472926e-05, 7.96829262981e-05, 7.39765309845e-05, 7.88698889664e-05, 7.61262926972e-05, 4.19109492213e-05, 3.85177154385e-05, 4.76721615996e-05, 4.5396736823e-05, 2.76497667073e-05, 6.71168891131e-05, 4.10889188061e-05, 2.34573144553e-05, 3.10807699861e-05, 2.34026792896e-05, 1.75477143785e-05, 1.25867454699e-05, 8.55626785778e-06, 1.06382049125e-05, 6.17934529146e-06, 6.97499626767e-06, 6.27102508588e-06, 7.70129190641e-06, 6.0723587012e-06, 3.80583151127e-06, 3.37907636094e-06, 2.47516300078e-06, 2.20407514462e-06, 2.03646959562e-06, 2.09916538552e-06, 1.96154246623e-06, 1.90425646451e-06, 1.74017020527e-06, 1.23349298065e-06], "dmean2": [0.00241737626493, 0.00206824764609, 0.000732703483663, 0.000367479980923, 0.000315727607813, 0.000215348773054, 0.000120786316984, 0.000121749799291, 0.000110614048026, 0.000115077178634, 0.000114507507533, 6.21649232926e-05, 5.9739988501e-05, 7.11737448e-05, 6.85903141857e-05, 4.34639478044e-05, 0.000107289204607, 6.41835576971e-05, 3.66075182683e-05, 4.86552125949e-05, 3.79645498469e-05, 2.84158377326e-05, 2.04743682843e-05, 1.39137400765e-05, 1.72703003045e-05, 9.88672491076e-06, 1.14123040476e-05, 9.82678557193e-06, 1.18390798889e-05, 9.39709480008e-06, 5.94243056184e-06, 5.20627918377e-06, 3.80268693334e-06, 3.38334916705e-06, 3.09341839966e-06, 3.18282241096e-06, 2.95276390716e-06, 2.88291835204e-06, 2.60592287304e-06, 1.8371005126e-06], "mean": [0.00375038036145, 0.00282833748497, 0.000681956182234, 0.00044994498603, 0.000425176986028, 0.000323732791003, 0.000195804430405, 0.000148316132254, 0.000139397452585, 0.000139202878927, 0.000158380367793, 9.00536688277e-05, 6.71127563692e-05, 0.000104952792753, 8.91799063538e-05, 4.81045790366e-05, 0.000129702792037, 8.26396790217e-05, 4.45288387709e-05, 5.87128524785e-05, 4.77618195873e-05, 3.47604654962e-05, 2.61647219304e-05, 1.95355842152e-05, 2.18691493501e-05, 1.38430050356e-05, 1.65158780874e-05, 1.74824926944e-05, 2.21284190047e-05, 1.54630342877e-05, 8.99798033061e-06, 6.86289831719e-06, 5.43787609786e-06, 4.95844960824e-06, 4.40384155809e-06, 4.4414587137e-06, 4.27760051025e-06, 4.1360749492e-06, 3.72295062334e-06, 2.47719822255e-06], "dvar2": [1.7734566427e-05, 9.89472300716e-06, 1.15796353839e-06, 2.25816165766e-07, 3.43410050618e-07, 9.79833245651e-08, 3.04992617828e-08, 8.18651031409e-08, 1.05138546758e-07, 1.04635979881e-07, 1.03002236074e-07, 3.61888083944e-08, 2.92226616239e-08, 4.55342004102e-08, 2.85847310266e-08, 1.65847531264e-08, 3.61300394047e-08, 1.51483483535e-08, 5.57784307631e-09, 1.46563694514e-08, 4.33244240483e-09, 2.3248858394e-09, 1.18261167525e-09, 4.44438347236e-10, 7.66821495191e-10, 2.51466403256e-10, 2.74609807116e-10, 2.48038617423e-10, 4.68773186935e-10, 2.8346275327e-10, 8.32714591725e-11, 8.13564007829e-11, 5.1780246757e-11, 3.16706418035e-11, 4.80278976311e-11, 4.33616302586e-11, 4.42218935082e-11, 4.87833662355e-11, 3.7724580404e-11, 2.19657868283e-11], "min": [1.69218749994e-24, 3.26808211131e-24, 4.93784771914e-25, 1.2111150736e-24, 3.1077768979e-24, 4.5819498677e-24, 3.01072984883e-24, 5.40810101677e-24, 2.20837646391e-24, 7.29332672452e-24, 9.62922669528e-24, 7.99825992917e-24, 3.12651471098e-24, 7.50367964034e-24, 7.7798913977e-24, 4.30985083667e-24, 4.03488074638e-24, 3.93467371774e-24, 4.59289965149e-24, 5.04791225504e-24, 4.43131924443e-24, 6.41246412737e-24, 8.13462873614e-24, 5.66783149766e-24, 5.4459868506e-24, 7.14100320575e-24, 6.8742285914e-24, 6.75412688517e-24, 3.91339498369e-24, 5.72563528049e-24, 5.61527797858e-24, 4.14235712826e-24, 7.27071166009e-24, 7.23990900832e-24, 5.72553746174e-24, 8.44534684721e-24, 6.65371514712e-24, 6.70549124378e-24, 8.03325616551e-24, 8.70453183078e-24]}, "spectral_decrease": {"dvar": 9.26971102625e-18, "var": 4.10974364133e-17, "median": -6.60250254469e-09, "max": 1.55545240287e-28, "dmean": 2.27591834268e-09, "dmean2": 3.18242321384e-09, "mean": -8.2220141806e-09, "dvar2": 1.71356320329e-17, "min": -4.09555944714e-08}, "barkbands_kurtosis": {"dvar": 18.7064685822, "var": 58.5363197327, "median": 0.222425699234, "max": 122.351791382, "dmean": 2.16769623756, "dmean2": 3.14008975029, "mean": 2.82369494438, "dvar2": 35.0576858521, "min": -1.95255744457}, "silence_rate_30dB": {"dvar": 0.00596424983814, "var": 0.00416552694514, "median": 1, "max": 1, "dmean": 0.00600109109655, "dmean2": 0.0120032737032, "mean": 0.995817780495, "dvar2": 0.0158567782491, "min": 0}, "gfcc": {"mean": [20.9225616455, 71.6811676025, -118.194190979, 50.6733551025, -56.9670143127, 23.4423103333, -41.796546936, 9.86363601685, -20.0476074219, 7.51562786102, -11.4600534439, -5.02508020401, -4.91786241531], "cov": [[12496.5800781, -1046.27062988, -603.743408203, 907.123840332, -136.440109253, 786.218017578, -261.017242432, 190.024200439, -113.735794067, 284.996917725, -183.966018677, -80.7423553467, -69.3248062134], [-1046.27062988, 1349.34558105, -493.364196777, -246.423370361, 150.100738525, -372.448272705, 131.109939575, -82.5620193481, 60.6238250732, -166.379943848, 181.095123291, -110.536247253, 96.6770782471], [-603.743408203, -493.364196777, 948.039123535, 147.548995972, 57.5068664551, 223.989181519, -31.7294597626, 58.9133071899, 63.0984954834, 132.568206787, -86.3999786377, 147.35256958, -36.543346405], [907.123840332, -246.423370361, 147.548995972, 364.386199951, 52.0764961243, 141.023803711, -60.8772506714, 43.3081512451, 69.3512420654, 52.239112854, -29.7586956024, 13.9126033783, -14.3814163208], [-136.440109253, 150.100738525, 57.5068664551, 52.0764961243, 312.713409424, 47.4812927246, 51.6605529785, 23.7564296722, 65.1851577759, 10.4074726105, 15.4554777145, 9.24711418152, 0.887389063835], [786.218017578, -372.448272705, 223.989181519, 141.023803711, 47.4812927246, 331.183135986, 68.8517456055, 72.5713500977, -0.319889545441, 89.2973327637, -37.4876976013, 28.9294643402, -33.023059845], [-261.017242432, 131.109939575, -31.7294597626, -60.8772506714, 51.6605529785, 68.8517456055, 246.856445312, 74.047164917, -18.5584468842, -2.29872989655, 55.4263038635, -21.8587265015, 35.3224639893], [190.024200439, -82.5620193481, 58.9133071899, 43.3081512451, 23.7564296722, 72.5713500977, 74.047164917, 122.653297424, 32.3051986694, 30.2887039185, 9.52015686035, 12.0720272064, 16.2117195129], [-113.735794067, 60.6238250732, 63.0984954834, 69.3512420654, 65.1851577759, -0.319889545441, -18.5584468842, 32.3051986694, 143.700286865, 40.2093925476, 16.7193717957, 25.6970214844, -1.79698967934], [284.996917725, -166.379943848, 132.568206787, 52.239112854, 10.4074726105, 89.2973327637, -2.29872989655, 30.2887039185, 40.2093925476, 118.655174255, 21.0278396606, 33.483455658, -6.76747560501], [-183.966018677, 181.095123291, -86.3999786377, -29.7586956024, 15.4554777145, -37.4876976013, 55.4263038635, 9.52015686035, 16.7193717957, 21.0278396606, 124.575721741, 14.1296386719, 25.3801116943], [-80.7423553467, -110.536247253, 147.35256958, 13.9126033783, 9.24711418152, 28.9294643402, -21.8587265015, 12.0720272064, 25.6970214844, 33.483455658, 14.1296386719, 99.0787963867, 6.05067062378], [-69.3248062134, 96.6770782471, -36.543346405, -14.3814163208, 0.887389063835, -33.023059845, 35.3224639893, 16.2117195129, -1.79698967934, -6.76747560501, 25.3801116943, 6.05067062378, 86.3633041382]], "icov": [[0.000181367417099, -0.000207966280868, 0.000368006323697, -0.000421615783125, 0.000115780589113, -0.000458893657196, 0.000355838303221, -0.000402388017392, 0.000545814807992, -0.000695741036907, 0.000514305720571, -0.000304086948745, 4.42351374659e-05], [-0.000207966280868, 0.00295713334344, -0.000463406351628, 0.0013288478367, -0.00124545150902, 0.00172841327731, -0.00127171736676, 0.00217628735118, -0.00304285041057, 0.00359515007585, -0.00374740129337, 0.00290136295371, -0.0015503114555], [0.000368006323697, -0.000463406351628, 0.00270490790717, -0.00115279038437, 8.922451525e-05, -0.00114349566866, 0.000239877059357, -0.000800820533186, 0.00109418458305, -0.00291661568917, 0.00303866830654, -0.00336506683379, 0.000517770531587], [-0.000421615783125, 0.0013288478367, -0.00115279038437, 0.00571026839316, -0.00092327472521, -0.0010289249476, 0.00137551291846, 0.000356935488526, -0.00377990584821, 0.00327775091864, -0.00290135643445, 0.00307988887653, -0.00156135309953], [0.000115780589113, -0.00124545150902, 8.922451525e-05, -0.00092327472521, 0.00442755687982, -0.00132500880864, -0.000483713665744, -0.000232334248722, -0.00074059329927, -0.000657743599731, 0.00131532270461, -0.00121842231601, 0.000692313304171], [-0.000458893657196, 0.00172841327731, -0.00114349566866, -0.0010289249476, -0.00132500880864, 0.00898311007768, -0.00456140981987, 0.000526963791344, 0.000239914515987, -0.00170514651109, 0.000461829447886, 0.000156786598382, 0.00198150426149], [0.000355838303221, -0.00127171736676, 0.000239877059357, 0.00137551291846, -0.000483713665744, -0.00456140981987, 0.00982321053743, -0.00569485267624, 0.00256149354391, 0.000471001694677, -0.00266181700863, 0.00223345286213, -0.00193210830912], [-0.000402388017392, 0.00217628735118, -0.000800820533186, 0.000356935488526, -0.000232334248722, 0.000526963791344, -0.00569485267624, 0.0150320967659, -0.0057164626196, 0.00219352403656, -0.00181886577047, 0.0011939246906, -0.00282347481698], [0.000545814807992, -0.00304285041057, 0.00109418458305, -0.00377990584821, -0.00074059329927, 0.000239914515987, 0.00256149354391, -0.0057164626196, 0.0145921912044, -0.00792730785906, 0.00390736246482, -0.00461103068665, 0.00265989359468], [-0.000695741036907, 0.00359515007585, -0.00291661568917, 0.00327775091864, -0.000657743599731, -0.00170514651109, 0.000471001694677, 0.00219352403656, -0.00792730785906, 0.0210008416325, -0.010836744681, 0.00435343850404, -0.00216057221405], [0.000514305720571, -0.00374740129337, 0.00303866830654, -0.00290135643445, 0.00131532270461, 0.000461829447886, -0.00266181700863, -0.00181886577047, 0.00390736246482, -0.010836744681, 0.0189739298075, -0.00863089505583, 0.00126440811437], [-0.000304086948745, 0.00290136295371, -0.00336506683379, 0.00307988887653, -0.00121842231601, 0.000156786598382, 0.00223345286213, 0.0011939246906, -0.00461103068665, 0.00435343850404, -0.00863089505583, 0.0192714389414, -0.00403664261103], [4.42351374659e-05, -0.0015503114555, 0.000517770531587, -0.00156135309953, 0.000692313304171, 0.00198150426149, -0.00193210830912, -0.00282347481698, 0.00265989359468, -0.00216057221405, 0.00126440811437, -0.00403664261103, 0.0151771139354]]}, "silence_rate_20dB": {"dvar": 0, "var": 0, "median": 1, "max": 1, "dmean": 0, "dmean2": 0, "mean": 1, "dvar2": 0, "min": 1}, "barkbands_skewness": {"dvar": 0.283068180084, "var": 1.67647469044, "median": 1.0827319622, "max": 10.1112699509, "dmean": 0.488804280758, "dmean2": 0.696854412556, "mean": 1.34446823597, "dvar2": 0.530317306519, "min": -3.77972102165}, "erbbands_skewness": {"dvar": 0.0786825716496, "var": 0.520819067955, "median": -0.205202072859, "max": 4.78631019592, "dmean": 0.261321008205, "dmean2": 0.389744997025, "mean": -0.0992947816849, "dvar2": 0.149616986513, "min": -4.53343963623}, "spectral_contrast_valleys": {"dvar": [0.13523350656, 0.0928400829434, 0.0930997729301, 0.0797190144658, 0.0779142230749, 0.114423125982], "var": [1.64349544048, 1.26212728024, 1.28381824493, 1.59335279465, 1.64806818962, 2.12051200867], "median": [-6.97702932358, -6.8404583931, -7.42555618286, -7.25986909866, -7.05202817917, -9.07736110687], "max": [-5.2947101593, -5.28022909164, -5.57480812073, -5.8076133728, -5.72866868973, -7.30404853821], "dmean": [0.411949813366, 0.339466750622, 0.31721958518, 0.270718693733, 0.220891460776, 0.244888558984], "dmean2": [0.668202280998, 0.546276092529, 0.505322813988, 0.410476475954, 0.32469150424, 0.321787834167], "mean": [-7.22750520706, -7.00539875031, -7.59498643875, -7.48961496353, -7.30229949951, -9.44750118256], "dvar2": [0.304605334997, 0.199565321207, 0.189073309302, 0.141048431396, 0.124071590602, 0.177552908659], "min": [-28.0358428955, -27.7085437775, -27.9792766571, -27.6778373718, -27.3671722412, -27.339630127]}, "spectral_strongpeak": {"dvar": 0.983155846596, "var": 1.84784293175, "median": 0.454272776842, "max": 15.9412374496, "dmean": 0.47457754612, "dmean2": 0.819705426693, "mean": 0.908904969692, "dvar2": 2.47101068497, "min": 0}, "erbbands_crest": {"dvar": 4.42059993744, "var": 16.5614948273, "median": 7.06444835663, "max": 29.9562225342, "dmean": 2.15502667427, "dmean2": 3.4224357605, "mean": 8.16293239594, "dvar2": 10.536860466, "min": 2.1389734745}, "barkbands_crest": {"dvar": 7.20309877396, "var": 31.4389839172, "median": 9.25914287567, "max": 26.2907657623, "dmean": 2.61208534241, "dmean2": 3.97890734673, "mean": 10.880900383, "dvar2": 15.0717468262, "min": 2.11390900612}, "spectral_energyband_middle_low": {"dvar": 1.00303204817e-05, "var": 3.54754083673e-05, "median": 0.00700508058071, "max": 0.0573161132634, "dmean": 0.00270907557569, "dmean2": 0.00426938431337, "mean": 0.00833481177688, "dvar2": 2.42645655817e-05, "min": 2.77206656106e-22}, "spectral_contrast_coeffs": {"dvar": [0.0015458217822, 0.00128115725238, 0.000951618771069, 0.000552013108972, 0.000328793714289, 0.000194635576918], "var": [0.00625174026936, 0.00609269551933, 0.0064853746444, 0.00305224722251, 0.00232513295487, 0.00113688153215], "median": [-0.660529494286, -0.722236394882, -0.774022102356, -0.763091683388, -0.774357795715, -0.761649727821], "max": [-0.351875185966, -0.392954260111, -0.455482751131, -0.522084057331, -0.553771793842, -0.614171087742], "dmean": [0.0483147874475, 0.04408473894, 0.0376675873995, 0.029886296019, 0.0217279680073, 0.0160872079432], "dmean2": [0.0803175345063, 0.0713742896914, 0.0598970353603, 0.0483620874584, 0.035161241889, 0.0258996449411], "mean": [-0.653754770756, -0.714808106422, -0.756127774715, -0.759916722775, -0.770981192589, -0.762365043163], "dvar2": [0.00423720153049, 0.00328868394718, 0.00225992011838, 0.00138448004145, 0.00078036688501, 0.000466471450636], "min": [-0.973262310028, -0.974570393562, -0.968761444092, -0.975182771683, -0.971232891083, -0.962179541588]}, "hfc": {"dvar": 81.7925643921, "var": 539.298522949, "median": 26.6995677948, "max": 165.385604858, "dmean": 6.41652107239, "dmean2": 8.84121704102, "mean": 31.1388912201, "dvar2": 142.155502319, "min": 1.0751053695e-16}, "spectral_energyband_high": {"dvar": 9.42359292821e-07, "var": 4.72553983855e-06, "median": 0.00156357896049, "max": 0.0172141417861, "dmean": 0.000603509368375, "dmean2": 0.000829253520351, "mean": 0.0021631969139, "dvar2": 1.69505130998e-06, "min": 7.28891441722e-21}, "erbbands_spread": {"dvar": 64.3906402588, "var": 424.982177734, "median": 42.2540512085, "max": 146.399154663, "dmean": 7.73965167999, "dmean2": 11.612991333, "mean": 45.9992294312, "dvar2": 134.282318115, "min": 2.21936535835}, "dissonance": {"dvar": 0.00019603552937, "var": 0.000571836659219, "median": 0.478214293718, "max": 0.499985575676, "dmean": 0.0127020217478, "dmean2": 0.0209200195968, "mean": 0.471638083458, "dvar2": 0.000524672388565, "min": 0.177711993456}, "spectral_kurtosis": {"dvar": 6.58271408081, "var": 20.3044586182, "median": 1.99552440643, "max": 98.7082138062, "dmean": 0.976043581963, "dmean2": 1.61358428001, "mean": 2.77911877632, "dvar2": 17.3702354431, "min": -1.25423300266}, "spectral_skewness": {"dvar": 0.041252952069, "var": 0.204436525702, "median": 1.132137537, "max": 7.53297472, "dmean": 0.141534551978, "dmean2": 0.224557474256, "mean": 1.18813240528, "dvar2": 0.102604776621, "min": -0.311583191156}, "pitch_salience": {"dvar": 0.00442850729451, "var": 0.0179645046592, "median": 0.513964235783, "max": 0.927351713181, "dmean": 0.0699039548635, "dmean2": 0.109278656542, "mean": 0.49866348505, "dvar2": 0.0100890118629, "min": 0.0637854039669}, "spectral_complexity": {"dvar": 18.0629062653, "var": 139.606506348, "median": 23, "max": 55, "dmean": 3.7785050869, "dmean2": 5.76102590561, "mean": 23.6648788452, "dvar2": 33.0546302795, "min": 0}, "spectral_spread": {"dvar": 479555420160, "var": 3676120285180.0, "median": 5231883.5, "max": 42090756, "dmean": 470366.78125, "dmean2": 674847.875, "mean": 5406243.5, "dvar2": 812171984896, "min": 674103.6875}, "dynamic_complexity": 3.10122060776, "melbands_crest": {"dvar": 7.28657913208, "var": 31.8652572632, "median": 14.7548551559, "max": 34.5207176208, "dmean": 3.01070570946, "dmean2": 4.68435573578, "mean": 15.3229398727, "dvar2": 17.36992836, "min": 1.93309915066}, "zerocrossingrate": {"dvar": 0.000191563085536, "var": 0.00184157141484, "median": 0.07177734375, "max": 0.5185546875, "dmean": 0.0121399024501, "dmean2": 0.0130154015496, "mean": 0.078037455678, "dvar2": 0.000196508073714, "min": 0.00390625}, "spectral_energyband_low": {"dvar": 0.000139332842082, "var": 0.000473927939311, "median": 0.00841690599918, "max": 0.151869371533, "dmean": 0.00754834571853, "dmean2": 0.0105693135411, "mean": 0.0170118976384, "dvar2": 0.000257520965533, "min": 2.40869163747e-23}, "melbands_kurtosis": {"dvar": 323.896148682, "var": 1031.00268555, "median": 6.79414176941, "max": 449.915466309, "dmean": 8.57769489288, "dmean2": 12.4275283813, "mean": 17.1903152466, "dvar2": 626.786560059, "min": -1.88502120972}, "spectral_energyband_middle_high": {"dvar": 6.20028458798e-06, "var": 5.29446770088e-05, "median": 0.00503759458661, "max": 0.0565825887024, "dmean": 0.00182107381988, "dmean2": 0.00271706678905, "mean": 0.00720053492114, "dvar2": 1.30879961944e-05, "min": 1.45091286169e-21}, "barkbands_spread": {"dvar": 49.9642372131, "var": 240.324462891, "median": 32.8342170715, "max": 119.181755066, "dmean": 6.3686208725, "dmean2": 9.51712799072, "mean": 33.3467941284, "dvar2": 103.397232056, "min": 1.77576839924}, "mfcc": {"mean": [-611.766723633, 89.1049728394, 5.20020484924, 26.2713775635, 14.2866926193, 9.99048042297, 1.69067692757, -2.85957288742, 3.67770075798, 5.16328477859, -0.588142931461, 3.31120681763, -1.74154436588], "cov": [[7600.91503906, -650.193603516, 27.0999946594, 144.580734253, 261.90222168, 365.487335205, 227.49281311, 34.089756012, 167.614395142, 224.583374023, 89.6803970337, 96.3231048584, -142.545333862], [-650.193603516, 1129.55212402, -387.766906738, 49.3560409546, -45.2160263062, -177.704971313, 23.06208992, -9.6409330368, -68.0588302612, -18.2880077362, -41.5152397156, -25.5448722839, 36.2817497253], [27.0999946594, -387.766906738, 660.733215332, 43.7351913452, 100.389762878, 167.433029175, -34.2393379211, 28.9588222504, 73.4832077026, -6.03163290024, 43.5391616821, 35.4966506958, 17.5625782013], [144.580734253, 49.3560409546, 43.7351913452, 188.306365967, 88.1506729126, 14.1820230484, -29.7703552246, 19.2714538574, 25.3143157959, 6.71806430817, 15.927157402, 19.3567829132, 0.381423175335], [261.90222168, -45.2160263062, 100.389762878, 88.1506729126, 264.668670654, 110.655593872, -50.9000053406, 32.8677520752, 40.643