{"metadata": {"version": {"essentia_git_sha": "v2.1_beta1-28-g21ef5f4", "essentia_build_sha": "65e368e5454dd45657e4cc002e00185f437e13e1", "extractor": "music 1.0", "essentia": "2.1-beta1"}, "audio_properties": {"analysis_sample_rate": 44100, "md5_encoded": "ed6e92faac7f3af9c2b25ec9c4b8d289", "downmix": "mix", "sample_rate": 44100, "equal_loudness": 0, "lossless": false, "codec": "mp3", "bit_rate": 190108, "length": 261.982055664, "replay_gain": -12.5252323151}, "tags": {"script": ["Latn"], "musicbrainz album type": ["album"], "musicbrainz_artistid": ["4ddc0620-38e2-40ec-8915-009967520168"], "musicbrainz album status": ["official"], "catalognumber": ["MOSH 110CD"], "label": ["Earache Records"], "date": ["1994"], "musicbrainz_albumid": ["6ef488c4-1fa6-4a21-bfab-489f3cc3b244"], "musicbrainz album release country": ["GB"], "album": ["Need to Control"], "title": ["Ironlung"], "artistsort": ["Brutal Truth"], "file_name": "06 - Ironlung.mp3", "artist": ["Brutal Truth"], "asin": ["B00000583Z"], "musicbrainz release track id": ["01c6d1f3-adf3-357a-bfee-81c24a0959d0"], "originaldate": ["1994"], "albumartist": ["Brutal Truth"], "tracknumber": ["6/15"], "musicbrainz_recordingid": ["de617a83-c7f6-46cd-8b14-f752f3baa147"], "artists": ["Brutal Truth"], "albumartistsort": ["Brutal Truth"], "media": ["CD"], "barcode": ["5018615111023"], "musicbrainz_releasegroupid": ["3dec4669-e24d-35ff-873b-3827e759070b"], "musicbrainz_albumartistid": ["4ddc0620-38e2-40ec-8915-009967520168"]}}, "rhythm": {"beats_loudness": {"var": 0.00147147651296, "mean": 0.0371043011546, "dmean2": 0.0506393797696, "dvar": 0.000949354900513, "dmean": 0.0281359367073, "max": 0.294189184904, "min": 0.00330790039152, "median": 0.0329527854919, "dvar2": 0.00254493090324}, "beats_position": [0.650158703327, 1.30031740665, 1.93886613846, 2.57741498947, 3.20435357094, 3.83129239082, 4.45823097229, 5.08516979218, 5.71210861206, 6.33904743195, 6.96598625183, 7.59292507172, 8.2198638916, 8.84680271149, 9.47374153137, 10.1006803513, 10.7276191711, 11.354557991, 11.9814968109, 12.6084346771, 13.235373497, 13.873922348, 14.5008611679, 15.1277999878, 15.7663488388, 16.4048976898, 17.0434455872, 17.6819953918, 18.3205432892, 18.9474830627, 19.574420929, 20.2013607025, 20.8282985687, 21.4552383423, 22.0821762085, 22.6975059509, 23.312833786, 23.9397735596, 24.5667114258, 25.1936511993, 25.8205890656, 26.4475269318, 27.0860767365, 27.7246246338, 28.3515644073, 28.9785022736, 29.6054420471, 30.2207698822, 30.8477096558, 31.474647522, 32.1131973267, 32.7633552551, 33.4135131836, 34.0520629883, 34.690612793, 35.329158783, 35.9677085876, 36.6062583923, 37.244808197, 37.8717460632, 38.4986839294, 39.1256217957, 39.7641716003, 40.402721405, 41.0296592712, 41.6565971375, 42.2835350037, 42.9104766846, 43.5490226746, 44.1875724792, 44.8261222839, 45.4646720886, 46.0916099548, 46.718547821, 47.3454856873, 47.9608154297, 48.5877532959, 49.2263031006, 49.8532409668, 50.480178833, 51.1071205139, 51.7340583801, 52.3726081848, 53.0111541748, 53.6380958557, 54.2766418457, 54.9151916504, 55.5537414551, 56.1922874451, 56.819229126, 57.457775116, 58.0963249207, 58.7348747253, 59.37342453, 59.9307022095, 60.4879798889, 60.952381134, 61.4167785645, 61.8811798096, 62.3571853638, 62.7867546082, 63.2163238525, 63.6458930969, 64.0754623413, 64.5050354004, 64.9346008301, 65.3641738892, 65.7937393188, 66.2233123779, 66.6528778076, 67.0940551758, 67.5236282349, 67.9531936646, 68.3827667236, 68.8239440918, 69.2535171509, 69.6830825806, 70.2403640747, 70.7976379395, 71.4361877441, 72.0631256104, 72.6900634766, 73.3170089722, 73.9439468384, 74.5824966431, 75.2326507568, 75.8712005615, 76.5097503662, 77.1366882324, 77.7752380371, 78.4137878418, 79.040725708, 79.6676635742, 80.2946014404, 80.9215393066, 81.5484771729, 82.198638916, 82.8487930298, 83.4989547729, 84.1491165161, 84.7992706299, 85.449432373, 86.0995864868, 86.7381362915, 87.3766860962, 88.0152359009, 88.6537857056, 89.3039474487, 89.9541015625, 90.6042633057, 91.2544174194, 91.9045791626, 92.5547409058, 93.2048950195, 93.8550567627, 94.4936065674, 95.1321487427, 95.7823104858, 96.432472229, 97.0710220337, 97.709564209, 98.3365097046, 98.9750518799, 99.625213623, 100.263763428, 100.913917542, 101.564079285, 102.214241028, 102.864395142, 103.514556885, 104.153106689, 104.791656494, 105.441810608, 106.080360413, 106.718910217, 107.345848083, 107.97278595, 108.553283691, 109.133781433, 109.714286804, 110.294784546, 110.863670349, 111.432563782, 112.071105957, 112.709655762, 113.324989319, 113.951927185, 114.567253113, 115.194190979, 115.809524536, 116.448066711, 117.098228455, 117.748390198, 118.398544312, 119.048706055, 119.687255859, 120.325805664, 120.964347839, 121.602897644, 122.241447449, 122.879997253, 123.530158997, 124.18031311, 124.842086792, 125.492240906, 126.154014587, 126.792556763, 127.431106567, 128.069656372, 128.696594238, 129.335144043, 129.985305786, 130.635467529, 131.285614014, 131.935775757, 132.5859375, 133.236099243, 133.886260986, 134.524810791, 135.163360596, 135.81350708, 136.463668823, 137.102218628, 137.729156494, 138.367706299, 139.006256104, 139.644805908, 140.294967651, 140.933517456, 141.58366394, 142.233825684, 142.872375488, 143.499313354, 144.137863159, 144.776412964, 145.40335083, 146.030288696, 146.657226562, 147.284164429, 147.922714233, 148.561264038, 149.211425781, 149.861587524, 150.476913452, 151.09223938, 151.684356689, 152.27645874, 152.86857605, 153.460678101, 154.052780151, 154.656509399, 155.271835327, 155.875549316, 156.479278564, 157.071380615, 157.663482666, 158.267211914, 158.870925903, 159.404983521, 159.950653076, 160.484710693, 160.972335815, 161.448348999, 161.924346924, 162.411972046, 162.899581909, 163.387207031, 163.874832153, 164.350830078, 164.8384552, 165.326080322, 165.813690186, 166.289703369, 166.777328491, 167.253326416, 167.740951538, 168.228561401, 168.716186523, 169.192199707, 169.656600952, 170.132598877, 170.608612061, 171.084625244, 171.560638428, 172.036636353, 172.512649536, 173.000274658, 173.487884521, 174.0103302, 174.532791138, 175.055236816, 175.577682495, 176.100128174, 176.622589111, 177.14503479, 177.667480469, 178.189926147, 178.607894897, 179.025848389, 179.455413818, 179.884979248, 180.302947998, 180.732513428, 181.162078857, 181.580047607, 181.998001099, 182.41595459, 182.822311401, 183.228652954, 183.635009766, 184.052963257, 184.389663696, 184.737960815, 185.086257935, 185.434555054, 185.852508545, 186.270477295, 186.688430786, 187.106384277, 187.535964966, 187.953918457, 188.360275269, 188.766616821, 189.184570312, 189.602539062, 190.008880615, 190.426849365, 190.833190918, 191.239547729, 191.657501221, 192.110290527, 192.551467896, 193.004257202, 193.422225952, 193.828567505, 194.246520996, 194.676101685, 195.094055176, 195.512008667, 195.929977417, 196.33631897, 196.742675781, 197.160629272, 197.566986084, 197.973327637, 198.391296387, 198.809249878, 199.227203369, 199.656768799, 200.086349487, 200.515914917, 200.957092285, 201.398269653, 201.85105896, 202.315460205, 202.756637573, 203.197814941, 203.63899231, 204.080184937, 204.521362305, 204.962539673, 205.368881226, 205.775238037, 206.193191528, 206.576324463, 206.959457397, 207.342575073, 207.714096069, 208.085617065, 208.457138062, 208.840270996, 209.211791992, 209.641357422, 210.059310913, 210.477279663, 210.906845093, 211.348022461, 211.789199829, 212.230377197, 212.636734009, 213.043075562, 213.47265625, 213.90222168, 214.343399048, 214.784576416, 215.237365723, 215.643707275, 216.050064087, 216.45640564, 216.862762451, 217.269119263, 217.675460815, 218.081817627, 218.499771118, 218.917724609, 219.335693359, 219.776870728, 220.218048096, 220.659225464, 221.077178955, 221.495147705, 221.913101196, 222.331054688, 222.749023438, 223.166976929, 223.57333374, 223.991287231, 224.420852661, 224.862030029, 225.303222656, 225.732788086, 226.185577393, 226.638366699, 227.091156006, 227.497497559, 227.90385437, 228.321807861, 228.728164673, 229.134506226, 229.564071655, 229.982040405, 230.434829712, 230.887619019, 231.328796387, 231.769973755, 232.176315308, 232.582672119, 232.989013672, 233.430206299, 233.871383667, 234.312561035, 234.753738403, 235.183303833, 235.612869263, 236.042449951, 236.472015381, 236.901580811, 237.33114624, 237.760726929, 238.190292358, 238.619857788, 239.049423218, 239.467391968, 239.885345459, 240.30329895, 240.744491577, 241.185668945, 241.626846313, 242.068023682, 242.50920105, 242.938766479, 243.368347168, 243.786300659, 244.227478027, 244.645431519, 245.086624146, 245.516189575, 245.945755005, 246.375320435, 246.816497803, 247.246078491, 247.664031982, 248.093597412, 248.499954224, 248.906295776, 249.312652588, 249.753829956, 250.195007324, 250.647796631, 251.100585938, 251.530151367, 251.959716797, 252.400909424, 252.818862915, 253.260040283, 253.701217651, 254.130783081, 254.56036377, 254.978317261, 255.396270752, 255.883895874, 256.359893799, 256.835906982, 257.323547363, 257.811157227, 258.29876709, 258.786376953, 259.274017334, 259.761627197, 260.260864258, 260.760070801, 261.247711182], "bpm_histogram_first_peak_spread": {"var": 0, "mean": 0.630841135979, "dmean2": 0, "dvar": 0, "dmean": 0, "max": 0.630841135979, "min": 0.630841135979, "median": 0.630841135979, "dvar2": 0}, "danceability": 1.00667560101, "bpm_histogram_second_peak_weight": {"var": 0, "mean": 0.105906315148, "dmean2": 0, "dvar": 0, "dmean": 0, "max": 0.105906315148, "min": 0.105906315148, "median": 0.105906315148, "dvar2": 0}, "bpm_histogram_first_peak_weight": {"var": 0, "mean": 0.160896137357, "dmean2": 0, "dvar": 0, "dmean": 0, "max": 0.160896137357, "min": 0.160896137357, "median": 0.160896137357, "dvar2": 0}, "bpm": 94.3155212402, "bpm_histogram_second_peak_spread": {"var": 0, "mean": 0.631205677986, "dmean2": 0, "dvar": 0, "dmean": 0, "max": 0.631205677986, "min": 0.631205677986, "median": 0.631205677986, "dvar2": 0}, "bpm_histogram_second_peak_bpm": {"var": 0, "mean": 140, "dmean2": 0, "dvar": 0, "dmean": 0, "max": 140, "min": 140, "median": 140, "dvar2": 0}, "beats_count": 492, "beats_loudness_band_ratio": {"var": [0.0502428375185, 0.0189203619957, 0.00246375007555, 0.0186002068222, 0.00424557970837, 0.00159420445561], "mean": [0.681562781334, 0.166194304824, 0.033746175468, 0.0854440182447, 0.044233944267, 0.0204362235963], "dmean2": [0.313235163689, 0.203019589186, 0.071697615087, 0.100586935878, 0.0502897910774, 0.0290044993162], "dvar": [0.014784431085, 0.00885994546115, 0.00348592107184, 0.00809579063207, 0.00164075684734, 0.000855985970702], "dmean": [0.169365689158, 0.112753786147, 0.0374878123403, 0.0554105825722, 0.0279965698719, 0.0165568515658], "max": [0.958542585373, 0.779236674309, 0.368907243013, 0.896599888802, 0.455493599176, 0.381112217903], "min": [0.000963760132436, 0.000721833319403, 0.00206486764364, 0.000274825462839, 5.77889331907e-05, 1.50243185999e-05], "median": [0.729741811752, 0.134261995554, 0.0160924717784, 0.035585090518, 0.0219856724143, 0.006945066154], "dvar2": [0.046552170068, 0.0247213728726, 0.00991747900844, 0.0242896042764, 0.004800345283, 0.00230268295854]}, "onset_rate": 1.5801384449, "bpm_histogram_first_peak_bpm": {"var": 0, "mean": 94, "dmean2": 0, "dvar": 0, "dmean": 0, "max": 94, "min": 94, "median": 94, "dvar2": 0}}, "lowlevel": {"hfc": {"var": 73.6482772827, "mean": 10.5811405182, "dmean2": 5.69455909729, "dvar": 23.1127376556, "dmean": 3.32886171341, "max": 88.0740661621, "min": 6.9321952692e-12, "median": 8.74835395813, "dvar2": 63.1275138855}, "barkbands_spread": {"var": 132.361999512, "mean": 13.7574939728, "dmean2": 9.65277481079, "dvar": 41.4804725647, "dmean": 5.4943985939, "max": 70.2859954834, "min": 0.530847132206, "median": 10.9317893982, "dvar2": 122.210212708}, "spectral_spread": {"var": 3960856641540.0, "mean": 3448807.25, "dmean2": 503591.25, "dvar": 156473212928, "dmean": 295132.53125, "max": 31065134, "min": 370453.375, "median": 2596354.75, "dvar2": 314429898752}, "spectral_energy": {"var": 0.00130209699273, "mean": 0.0361112803221, "dmean2": 0.0329587347806, "dvar": 0.00055894110119, "dmean": 0.0188815426081, "max": 0.312084555626, "min": 8.86571757018e-16, "median": 0.0245969258249, "dvar2": 0.00158803560771}, "gfcc": {"icov": [[0.000650588655844, -0.000218146495172, 0.000560073938686, -0.000835566548631, 0.000537163054105, -0.000897358695511, 0.00143301545177, -0.000619083701167, 0.000908647256438, 0.000141993106809, 0.000400380027713, -0.000225677984417, -6.06134562986e-05], [-0.000218146495172, 0.00294989324175, -0.00089095486328, 0.00127323635388, -0.00163656461518, 0.0031320550479, -0.00296617136337, 0.00285844272003, -0.00351127632894, 0.00325960363261, -0.00398038141429, 0.00351923704147, -0.00285287247971], [0.000560073938686, -0.00089095486328, 0.0016695241211, -0.00148416368756, 0.000801126239821, -0.000163352073287, 0.00096839107573, -7.08157676854e-05, 0.0014351332793, -0.00159723591059, 0.00339876301587, -0.00220303586684, 0.00256015360355], [-0.000835566548631, 0.00127323635388, -0.00148416368756, 0.00475073279813, -0.00121216615662, 0.000660450779833, -0.000540039269254, 0.0017184028402, -0.00292235636152, 0.00185807084199, -0.00285632233135, 0.00138783745933, -0.00125296378974], [0.000537163054105, -0.00163656461518, 0.000801126239821, -0.00121216615662, 0.00579381547868, -0.00219387281686, 0.00151943985838, -0.00234012142755, 0.00350319780409, -0.000705331913196, -1.28771389427e-05, 0.000870180956554, -0.00217931508087], [-0.000897358695511, 0.0031320550479, -0.000163352073287, 0.000660450779833, -0.00219387281686, 0.0103728808463, -0.00730131566525, 0.00572007335722, -0.00378569914028, 0.00070834212238, 0.000311674462864, -0.00264080706984, 0.002870780183], [0.00143301545177, -0.00296617136337, 0.00096839107573, -0.000540039269254, 0.00151943985838, -0.00730131566525, 0.0161104183644, -0.00724198389798, 0.00517984991893, -0.00203459290788, -0.00246477150358, 0.00385256274603, -0.00379165145569], [-0.000619083701167, 0.00285844272003, -7.08157676854e-05, 0.0017184028402, -0.00234012142755, 0.00572007335722, -0.00724198389798, 0.012591435574, -0.00662103202194, 0.00264428090304, 0.00161375582684, -0.00463342992589, 0.00795932300389], [0.000908647256438, -0.00351127632894, 0.0014351332793, -0.00292235636152, 0.00350319780409, -0.00378569914028, 0.00517984991893, -0.00662103202194, 0.0154623864219, -0.0058342940174, 0.00487876543775, -0.00169193302281, -0.00128939910792], [0.000141993106809, 0.00325960363261, -0.00159723591059, 0.00185807084199, -0.000705331913196, 0.00070834212238, -0.00203459290788, 0.00264428090304, -0.0058342940174, 0.0144227445126, -0.00669041089714, 0.00680022826418, -0.00325305759907], [0.000400380027713, -0.00398038141429, 0.00339876301587, -0.00285632233135, -1.28771389427e-05, 0.000311674462864, -0.00246477150358, 0.00161375582684, 0.00487876543775, -0.00669041089714, 0.0258415658027, -0.0159174725413, 0.0095635233447], [-0.000225677984417, 0.00351923704147, -0.00220303586684, 0.00138783745933, 0.000870180956554, -0.00264080706984, 0.00385256274603, -0.00463342992589, -0.00169193302281, 0.00680022826418, -0.0159174725413, 0.031748522073, -0.0125960446894], [-6.06134562986e-05, -0.00285287247971, 0.00256015360355, -0.00125296378974, -0.00217931508087, 0.002870780183, -0.00379165145569, 0.00795932300389, -0.00128939910792, -0.00325305759907, 0.0095635233447, -0.0125960446894, 0.0321619436145]], "mean": [-60.1227607727, 139.531005859, -98.1367950439, 42.5237121582, -20.4585590363, 6.50230550766, -23.7810115814, -6.45415115356, -23.5253562927, -1.71274936199, -3.10849022865, -2.62667489052, -8.06928730011], "cov": [[6939.05810547, -4076.34399414, -1258.96459961, 955.600219727, -793.024169922, 992.061218262, -700.679626465, 473.870117188, -137.732910156, -99.1628417969, -190.241851807, 409.397277832, -351.871673584], [-4076.34399414, 5264.76123047, 138.055023193, -727.137023926, 1032.37036133, -1058.08129883, 632.199035645, -726.079650879, 81.4283294678, -189.683624268, 365.826080322, -424.522460938, 547.656677246], [-1258.96459961, 138.055023193, 1816.14001465, 187.037353516, -162.190490723, -175.436660767, -88.8125686646, -51.2149963379, 53.6890945435, 105.958961487, -162.716384888, -45.2080688477, -76.986038208], [955.600219727, -727.137023926, 187.037353516, 476.810119629, -147.274581909, 152.493057251, -155.948623657, 42.4044342041, 11.8905296326, 2.73745465279, -52.4856414795, 67.9085693359, -68.5252990723], [-793.024169922, 1032.37036133, -162.190490723, -147.274581909, 445.067718506, -159.278717041, 157.791091919, -137.293487549, -30.3918819427, -47.0803604126, 98.6285095215, -81.1786575317, 127.106628418], [992.061218262, -1058.08129883, -175.436660767, 152.493057251, -159.278717041, 391.506958008, -69.7887496948, 101.923332214, -23.1857585907, 36.6750679016, -48.6450462341, 93.6737594604, -97.3380966187], [-700.679626465, 632.199035645, -88.8125686646, -155.948623657, 157.791091919, -69.7887496948, 213.990936279, -45.5765075684, -4.22482299805, -5.10817480087, 67.0476913452, -56.2780990601, 66.5162506104], [473.870117188, -726.079650879, -51.2149963379, 42.4044342041, -137.293487549, 101.923332214, -45.5765075684, 273.609344482, 28.0786323547, 11.618470192, -52.5558624268, 67.1272583008, -105.050971985], [-137.732910156, 81.4283294678, 53.6890945435, 11.8905296326, -30.3918819427, -23.1857585907, -4.22482299805, 28.0786323547, 117.460334778, 26.8260746002, -15.093621254, -8.65740299225, 4.23616123199], [-99.1628417969, -189.683624268, 105.958961487, 2.73745465279, -47.0803604126, 36.6750679016, -5.10817480087, 11.618470192, 26.8260746002, 120.297523499, -12.0180940628, -4.11768865585, -20.0775985718], [-190.241851807, 365.826080322, -162.716384888, -52.4856414795, 98.6285095215, -48.6450462341, 67.0476913452, -52.5558624268, -15.093621254, -12.0180940628, 107.646484375, -1.66637527943, 40.4526519775], [409.397277832, -424.522460938, -45.2080688477, 67.9085693359, -81.1786575317, 93.6737594604, -56.2780990601, 67.1272583008, -8.65740299225, -4.11768865585, -1.66637527943, 88.325340271, -33.4259490967], [-351.871673584, 547.656677246, -76.986038208, -68.5252990723, 127.106628418, -97.3380966187, 66.5162506104, -105.050971985, 4.23616123199, -20.0775985718, 40.4526519775, -33.4259490967, 106.626930237]]}, "silence_rate_60dB": {"var": 0.00291560520418, "mean": 0.00292449491099, "dmean2": 0.00381138105877, "dvar": 0.0019460467156, "dmean": 0.00194983603433, "max": 1, "min": 0, "median": 0, "dvar2": 0.00486066099256}, "spectral_centroid": {"var": 455032.28125, "mean": 956.174682617, "dmean2": 450.308624268, "dvar": 76570.8828125, "dmean": 257.680175781, "max": 3778.03198242, "min": 127.455604553, "median": 794.425720215, "dvar2": 225144.46875}, "spectral_complexity": {"var": 73.7543945312, "mean": 13.9251155853, "dmean2": 4.05424547195, "dvar": 4.97671747208, "dmean": 2.4381814003, "max": 42, "min": 0, "median": 12, "dvar2": 13.1959190369}, "melbands_spread": {"var": 155.036499023, "mean": 11.8256835938, "dmean2": 9.3394985199, "dvar": 45.997756958, "dmean": 5.28697729111, "max": 90.1094818115, "min": 0.460896611214, "median": 7.46352291107, "dvar2": 133.478668213}, "spectral_strongpeak": {"var": 0.231002315879, "mean": 0.368508607149, "dmean2": 0.443896591663, "dvar": 0.134941130877, "dmean": 0.252981573343, "max": 6.3214597702, "min": 0, "median": 0.232562065125, "dvar2": 0.371024280787}, "zerocrossingrate": {"var": 0.00086210219888, "mean": 0.0366731509566, "dmean2": 0.00897339079529, "dvar": 6.15857279627e-05, "dmean": 0.00644004996866, "max": 0.494140625, "min": 0.0029296875, "median": 0.0283203125, "dvar2": 0.000108083782834}, "erbbands_kurtosis": {"var": 11.4715852737, "mean": 1.0892291069, "dmean2": 2.70167469978, "dvar": 5.22855234146, "dmean": 1.57760226727, "max": 34.0512542725, "min": -1.74639296532, "median": -0.107154965401, "dvar2": 14.4127435684}, "spectral_energyband_middle_low": {"var": 0.000730974716134, "mean": 0.0139566762373, "dmean2": 0.0180332586169, "dvar": 0.000423291436164, "dmean": 0.0102818934247, "max": 0.288187086582, "min": 6.08084820485e-17, "median": 0.00556547101587, "dvar2": 0.00114910246339}, "erbbands": {"var": [0.25410297513, 5.58910512924, 38.3168869019, 317.811431885, 1302.98840332, 6008.38476562, 4351.69384766, 346.264282227, 48.1507606506, 38.3185272217, 49.2500572205, 67.6830291748, 37.2305641174, 47.0736885071, 1164.37597656, 3158.20605469, 1232.61206055, 510.740570068, 325.083557129, 227.654769897, 69.1895370483, 210.017944336, 163.06791687, 225.408920288, 49.8712654114, 12.8907690048, 5.39729213715, 4.1381444931, 3.3781080246, 4.27224969864, 1.91020143032, 1.31355834007, 0.690521895885, 0.345877319574, 0.050168287009, 0.00914820563048, 0.000555375299882, 6.17055193288e-05, 6.82299059918e-07, 1.53009116488e-09], "mean": [0.394735872746, 2.54107546806, 6.4685125351, 10.3815431595, 18.223947525, 28.8527641296, 23.0318984985, 9.62938785553, 4.97199487686, 4.25778532028, 3.91117429733, 3.90813469887, 3.2608165741, 5.21522426605, 16.7083683014, 29.4552631378, 19.4501361847, 14.9642372131, 12.0958271027, 11.4979934692, 6.15300369263, 9.9776725769, 9.30526447296, 9.62909984589, 5.16247606277, 2.93352723122, 2.06482481956, 1.54949867725, 1.31529223919, 1.43137419224, 0.88265812397, 0.645953536034, 0.4753254354, 0.303351730108, 0.107183173299, 0.050391163677, 0.0132318530232, 0.00467619718984, 0.000537435582373, 5.15291976626e-05], "dmean2": [0.533918380737, 3.39882159233, 10.1819391251, 16.4795093536, 30.4035320282, 44.9199256897, 36.1355667114, 13.821056366, 6.74289178848, 5.28585195541, 4.31650781631, 4.29714727402, 3.45907855034, 4.57901906967, 15.0053071976, 27.5265884399, 15.2280902863, 11.9975986481, 8.92109298706, 9.30051422119, 4.10335683823, 7.58515024185, 6.00843906403, 5.62252426147, 3.41724538803, 1.76615989208, 1.16865944862, 0.7581422925, 0.616947889328, 0.545917630196, 0.352086931467, 0.241506054997, 0.157753959298, 0.0956880450249, 0.0341802835464, 0.0142808128148, 0.00402294192463, 0.00120877160225, 0.000174754939508, 3.73089133063e-05], "dvar": [0.182496860623, 4.45134830475, 34.5060157776, 273.61505127, 1120.45263672, 4483.75048828, 4124.28027344, 312.428375244, 40.863822937, 25.8400783539, 23.0514526367, 43.4150047302, 27.2756919861, 17.3738708496, 339.237365723, 1300.30810547, 540.65637207, 217.282745361, 115.400138855, 90.9118270874, 22.4558887482, 60.3761482239, 47.430316925, 42.5286903381, 18.8208732605, 4.58998823166, 1.53198587894, 0.671720862389, 0.553236603737, 0.416387051344, 0.221944585443, 0.123667873442, 0.0573555789888, 0.0254540946335, 0.0036267938558, 0.000725847843569, 5.19102504768e-05, 3.20104027196e-06, 4.61739766422e-08, 6.58375520768e-10], "dmean": [0.298381596804, 1.93791246414, 5.66861915588, 9.1886100769, 16.8379364014, 25.66040802, 20.8454666138, 7.98450708389, 3.85771393776, 3.05968809128, 2.49874281883, 2.53794574738, 2.02936005592, 2.6584277153, 8.88204574585, 16.9775714874, 9.21669864655, 7.14802360535, 5.28445100784, 5.44757413864, 2.47357225418, 4.47628498077, 3.69384527206, 3.31876182556, 1.99511766434, 1.04076433182, 0.701523959637, 0.458868861198, 0.370228588581, 0.33082908392, 0.220390915871, 0.152866274118, 0.0985048860312, 0.0592746399343, 0.0226655229926, 0.00926828198135, 0.0025960020721, 0.000749371189158, 0.000106394305476, 2.14358860831e-05], "max": [3.64396286011, 22.2005825043, 56.8551712036, 331.00668335, 680.544433594, 1236.22961426, 1423.66723633, 391.80480957, 93.7646255493, 93.3211975098, 82.0134277344, 125.998008728, 152.621582031, 88.1352386475, 1114.30212402, 1258.28015137, 842.217712402, 487.637634277, 327.254547119, 183.358947754, 216.443191528, 171.091140747, 254.483886719, 231.8097229, 103.94455719, 90.7789001465, 51.8529090881, 28.3451061249, 12.8478517532, 15.6303958893, 16.3937358856, 10.9166297913, 8.01473808289, 5.30933761597, 2.8403468132, 1.25293064117, 0.399588137865, 0.068020157516, 0.00666729873046, 0.000344105559634], "min": [1.77232677575e-17, 2.14781363577e-16, 1.30091639907e-15, 4.84273469307e-15, 1.29019075968e-14, 2.55491259388e-14, 3.75907834862e-14, 3.85017708091e-14, 2.81828241164e-14, 5.21713951879e-14, 2.21019844137e-13, 6.07723127464e-13, 9.90917634405e-13, 8.67056264026e-13, 3.96473191734e-13, 1.04855902607e-12, 2.70447618293e-12, 2.00174360594e-12, 5.98614365542e-13, 1.75982047945e-12, 7.21458266392e-13, 4.39065504874e-13, 5.5429185547e-13, 1.42751825985e-12, 3.26262497921e-12, 3.36805323214e-12, 1.77585745588e-12, 1.0447849183e-12, 1.6578420494e-12, 1.63752659436e-12, 4.84456713027e-13, 3.25255447575e-13, 1.03566656119e-12, 8.77941220157e-13, 8.56906396968e-13, 5.06522070381e-13, 1.72779081624e-13, 1.01527354503e-13, 1.68319033028e-14, 1.20817190294e-15], "median": [0.213824272156, 1.94592189789, 4.53946208954, 5.14629077911, 6.6900434494, 7.41648483276, 6.6084728241, 4.06068515778, 2.6455643177, 2.20485782623, 1.63728117943, 1.59720849991, 1.59888207912, 2.54919052124, 4.87364768982, 5.55670022964, 5.70128011703, 6.07230091095, 4.68886184692, 4.73637866974, 4.17402935028, 4.69742012024, 4.64417266846, 4.45257377625, 3.57874059677, 2.33986663818, 1.60230743885, 0.78462177515, 0.407815814018, 0.260254025459, 0.139620661736, 0.0670581609011, 0.0264945477247, 0.008734729141, 0.00263278698549, 0.000785190612078, 0.000243184302235, 5.31226905878e-05, 3.42051062034e-05, 4.37682974734e-05], "dvar2": [0.545667350292, 13.0149269104, 101.489784241, 776.667785645, 3199.79394531, 12021.8515625, 11249.78125, 850.338134766, 115.570739746, 71.7593231201, 64.4693069458, 117.774261475, 69.8001327515, 47.076259613, 747.744995117, 3083.43603516, 1239.29382324, 519.175170898, 285.2394104, 250.019927979, 55.1281814575, 159.656860352, 127.008377075, 116.957099915, 52.6082878113, 12.1295051575, 4.01729297638, 1.76520109177, 1.49010872841, 1.11191964149, 0.567623019218, 0.319326549768, 0.138703778386, 0.0607160404325, 0.00736139249057, 0.00167343625799, 0.00011825880938, 8.4354851424e-06, 1.25022481257e-07, 1.86404669478e-09]}, "barkbands_crest": {"var": 13.0140504837, "mean": 11.6071424484, "dmean2": 5.86241149902, "dvar": 6.75597000122, "dmean": 3.34499740601, "max": 23.6300144196, "min": 2.90679097176, "median": 11.2768478394, "dvar2": 20.6956062317}, "melbands_crest": {"var": 24.8657455444, "mean": 16.6146221161, "dmean2": 7.83434486389, "dvar": 11.8152532578, "dmean": 4.5583114624, "max": 35.9245376587, "min": 3.3935110569, "median": 16.5289821625, "dvar2": 34.1259651184}, "spectral_flux": {"var": 0.00292647257447, "mean": 0.11280246824, "dmean2": 0.0517693422735, "dvar": 0.000938395562116, "dmean": 0.0317366421223, "max": 0.4794267416, "min": 5.97348662268e-05, "median": 0.0999286025763, "dvar2": 0.00242677424103}, "spectral_contrast_valleys": {"var": [0.663981556892, 0.425464838743, 0.69178456068, 1.1597584486, 1.30257666111, 2.76252961159], "mean": [-6.42919397354, -7.0107831955, -7.60030984879, -7.79304647446, -8.03439044952, -11.5174655914], "dmean2": [0.819315075874, 0.667648017406, 0.501634180546, 0.38043281436, 0.295121639967, 0.278799593449], "dvar": [0.148393124342, 0.107818305492, 0.0723956227303, 0.0467458851635, 0.0442486964166, 0.0492600947618], "dmean": [0.47002351284, 0.397097736597, 0.303071439266, 0.229552507401, 0.18461689353, 0.166515156627], "max": [-4.77386188507, -4.89276218414, -5.77419710159, -5.93171215057, -6.38568544388, -8.85419559479], "min": [-17.5982246399, -18.2578887939, -18.7929229736, -19.3786029816, -20.3451385498, -20.8707923889], "median": [-6.32401943207, -6.97531795502, -7.50577116013, -7.57340431213, -7.50544261932, -11.340795517], "dvar2": [0.415130257607, 0.277411013842, 0.1711037606, 0.0996176227927, 0.0801654085517, 0.124588303268]}, "mfcc": {"icov": [[0.000624776002951, 0.000394539005356, 0.000661329424474, -0.000683437741827, 0.000533135433216, -0.000673952396028, 0.000992881599814, -0.000645836989861, 0.000341976614436, 0.000417172326706, 2.52785957855e-06, 0.00090815697331, -0.000403681653552], [0.000394539005356, 0.000726440281142, 0.000405563187087, -0.000442288874183, -7.30050523998e-05, 0.000257161154877, -0.000258370098891, 0.000394238741137, 0.000343462859746, 6.21218277956e-05, 0.000949343491811, -3.2339758036e-05, 0.000478605477838], [0.000661329424474, 0.000405563187087, 0.00151879410259, -0.000961327692494, 0.000341198348906, -0.00099233398214, 0.00157270394266, 0.00015975307906, -0.000147376427776, 0.000886757567059, -0.0014381975634, 0.00165274250321, 0.000272494944511], [-0.000683437741827, -0.000442288874183, -0.000961327692494, 0.00437342561781, -0.00238925707527, 0.00126874411944, -0.000791100377683, 0.000753247528337, 0.000603449880145, -0.000728521146812, 0.000960640900303, -0.00150872115046, 0.00190115231089], [0.000533135433216, -7.30050523998e-05, 0.000341198348906, -0.00238925707527, 0.00778409652412, -0.00214172597043, 0.00108046387322, -0.000671555113513, -0.0014701714972, 0.00221249554306, -0.000872991222423, 0.00275948690251, -0.00212423480116], [-0.000673952396028, 0.000257161154877, -0.00099233398214, 0.00126874411944, -0.00214172597043, 0.00643681082875, -0.002783609787, 0.00114402617328, 0.00196769437753, -0.00261926464736, 0.00387789821252, -0.00332243833691, 0.00198834319599], [0.000992881599814, -0.000258370098891, 0.00157270394266, -0.000791100377683, 0.00108046387322, -0.002783609787, 0.00926478672773, -0.00292887794785, 0.00165901659057, 0.000748600403313, -0.00134762644302, 0.00268216966651, -0.00382320978679], [-0.000645836989861, 0.000394238741137, 0.00015975307906, 0.000753247528337, -0.000671555113513, 0.00114402617328, -0.00292887794785, 0.0123417982832, -0.00571802305058, 0.00630973372608, -0.00459552649409, 0.000110952831164, 0.000766268640291], [0.000341976614436, 0.000343462859746, -0.000147376427776, 0.000603449880145, -0.0014701714972, 0.00196769437753, 0.00165901659057, -0.00571802305058, 0.0179394036531, -0.0100872991607, 0.00266701146029, -0.00219867192209, 0.00296695833094], [0.000417172326706, 6.21218277956e-05, 0.000886757567059, -0.000728521146812, 0.00221249554306, -0.00261926464736, 0.000748600403313, 0.00630973372608, -0.0100872991607, 0.0193761438131, -0.00617444282398, 0.00349731813185, -0.00379162607715], [2.52785957855e-06, 0.000949343491811, -0.0014381975634, 0.000960640900303, -0.000872991222423, 0.00387789821252, -0.00134762644302, -0.00459552649409, 0.00266701146029, -0.00617444282398, 0.0188837852329, -0.0066538178362, 0.0010980295483], [0.00090815697331, -3.2339758036e-05, 0.00165274250321, -0.00150872115046, 0.00275948690251, -0.00332243833691, 0.00268216966651, 0.000110952831164, -0.00219867192209, 0.00349731813185, -0.0066538178362, 0.0206018835306, -0.0056405714713], [-0.000403681653552, 0.000478605477838, 0.000272494944511, 0.00190115231089, -0.00212423480116, 0.00198834319599, -0.00382320978679, 0.000766268640291, 0.00296695833094, -0.00379162607715, 0.0010980295483, -0.0056405714713, 0.0223398506641]], "mean": [-706.301269531, 162.966873169, 2.06080007553, 41.7690162659, 23.0343475342, 19.0539627075, 14.5455141068, 2.95277500153, -7.9749007225, -0.896323502064, 0.281502604485, 2.39679098129, -0.37029287219], "cov": [[7051.38916016, -3433.87548828, -1573.60046387, 14.1489686966, -226.121337891, 266.059295654, -262.874572754, 444.314422607, -68.1136245728, -146.664855957, 19.2544994354, -36.0757217407, 87.6643371582], [-3433.87548828, 4215.63964844, -159.30090332, 194.463546753, 168.420791626, -144.000549316, 312.863037109, -361.033752441, -88.5886154175, 8.96423339844, -244.336242676, -2.46710109711, -47.5401039124], [-1573.60046387, -159.30090332, 1858.60656738, 188.887863159, 102.728904724, 1.32053685188, -207.160888672, -107.479980469, 50.8587379456, 33.5501785278, 95.938659668, -49.984413147, -104.279716492], [14.1489686966, 194.463546753, 188.887863159, 363.241119385, 97.8034667969, -5.90692043304, -32.1944770813, -39.2983436584, -15.9701538086, -14.3397607803, -25.9219207764, -15.5912637711, -34.4383125305], [-226.121337891, 168.420791626, 102.728904724, 97.8034667969, 182.852203369, 29.8190441132, 2.94347763062, -15.9502792358, -0.299830406904, -12.1973295212, -16.0575675964, -15.814707756, -6.72093725204], [266.059295654, -144.000549316, 1.32053685188, -5.90692043304, 29.8190441132, 255.597976685, 30.2408237457, -27.8843860626, -30.8768482208, 4.0543513298, -41.044216156, 4.3946557045, 2.5130841732], [-262.874572754, 312.863037109, -207.160888672, -32.1944770813, 2.94347763062, 30.2408237457, 202.991073608, 10.0141248703, -27.1750164032, -9.42483615875, -18.0584945679, 5.44154644012, 30.0692520142], [444.314422607, -361.033752441, -107.479980469, -39.2983436584, -15.9502792358, -27.8843860626, 10.0141248703, 170.338409424, 28.0600452423, -33.2253799438, 46.1118545532, 6.52869367599, 7.27127027512], [-68.1136245728, -88.5886154175, 50.8587379456, -15.9701538086, -0.299830406904, -30.8768482208, -27.1750164032, 28.0600452423, 96.3574981689, 41.6750106812, 22.3997974396, 4.54285764694, -7.16561126709], [-146.664855957, 8.96423339844, 33.5501785278, -14.3397607803, -12.1973295212, 4.0543513298, -9.42483615875, -33.2253799438, 41.6750106812, 93.9950027466, 18.0456600189, 2.425978899, 6.11882734299], [19.2544994354, -244.336242676, 95.938659668, -25.9219207764, -16.0575675964, -41.044216156, -18.0584945679, 46.1118545532, 22.3997974396, 18.0456600189, 100.986526489, 19.906337738, 4.22279453278], [-36.0757217407, -2.46710109711, -49.984413147, -15.5912637711, -15.814707756, 4.3946557045, 5.44154644012, 6.52869367599, 4.54285764694, 2.425978899, 19.906337738, 65.8523178101, 15.6068916321], [87.6643371582, -47.5401039124, -104.279716492, -34.4383125305, -6.72093725204, 2.5130841732, 30.0692520142, 7.27127027512, -7.16561126709, 6.11882734299, 4.22279453278, 15.6068916321, 61.3254127502]]}, "erbbands_flatness_db": {"var": 0.00644442858174, "mean": 0.189093053341, "dmean2": 0.0310941450298, "dvar": 0.000336137076374, "dmean": 0.0182381067425, "max": 0.410991847515, "min": 0.0557261370122, "median": 0.196136787534, "dvar2": 0.000949756416958}, "barkbands": {"var": [9.75439070316e-06, 0.000135610767757, 3.35175682267e-05, 6.51107548038e-05, 0.000328531197738, 1.38374343805e-05, 1.88315965488e-07, 9.20655267578e-08, 1.25929759065e-07, 3.62303858026e-08, 3.46077627e-07, 1.83447207291e-06, 5.48376874576e-07, 1.88291707559e-07, 1.16235327141e-07, 2.59626524723e-08, 6.18153421783e-08, 4.69624801269e-08, 5.00255232794e-08, 6.56963949908e-09, 2.5956592431e-09, 3.09904346629e-09, 2.33190466936e-09, 2.20835039144e-09, 2.44891995571e-09, 2.26009488902e-10, 2.84608742823e-11], "mean": [0.00165616942104, 0.0121902581304, 0.00550747616217, 0.00392410904169, 0.00777332112193, 0.00157021044288, 0.000307238224195, 0.000177077105036, 0.000176061308593, 0.000102970669104, 0.000302007130813, 0.000688344065566, 0.00037958638859, 0.000278450752376, 0.000238132939558, 0.000118484145787, 0.000167698657606, 0.000159566741786, 0.000149514336954, 6.44502870273e-05, 4.32737251685e-05, 4.12656663684e-05, 3.19761056744e-05, 2.67866234935e-05, 2.48864253081e-05, 8.76733975019e-06, 3.28347323375e-06], "dmean2": [0.0024402695708, 0.0147861903533, 0.00917360279709, 0.00695292698219, 0.0117129450664, 0.00236743595451, 0.000418363197241, 0.000212740822462, 0.000193873478565, 0.000109478925879, 0.000318718841299, 0.000641390215605, 0.000344750325894, 0.000239059358137, 0.000195810149307, 9.73484784481e-05, 0.000131806329591, 0.000110082110041, 9.09688096726e-05, 4.24420832132e-05, 2.2022122721e-05, 1.83064421435e-05, 1.4401516637e-05, 1.14415070129e-05, 8.80508559931e-06, 2.30201180784e-06, 8.91534682523e-07], "dvar": [7.33658680474e-06, 9.33055780479e-05, 3.10853938572e-05, 6.25522734481e-05, 0.000224282135605, 1.34233523568e-05, 1.56102387905e-07, 5.09002759941e-08, 7.74168427142e-08, 1.96296134902e-08, 1.55662462475e-07, 6.97789232618e-07, 2.86170092068e-07, 9.39514777087e-08, 4.74567798392e-08, 1.09481286259e-08, 1.8834725779e-08, 1.47752317048e-08, 1.01332702229e-08, 2.80093037652e-09, 4.71819194825e-10, 4.11304462711e-10, 2.93637225646e-10, 2.50886922348e-10, 2.24772755963e-10, 1.49777204528e-11, 1.45881277978e-12], "dmean": [0.00141889869701, 0.00840829964727, 0.00507577555254, 0.00388870225288, 0.00664564501494, 0.00136642518919, 0.00023949444585, 0.000123552366858, 0.000113497757411, 6.38630590402e-05, 0.0001842421334, 0.000392709538573, 0.000204356416361, 0.000140554562677, 0.000115627561172, 5.65512418689e-05, 7.78656394687e-05, 6.56245247228e-05, 5.36420739081e-05, 2.48300784733e-05, 1.3209170902e-05, 1.07197138277e-05, 8.64917910803e-06, 6.83398957335e-06, 5.14035991728e-06, 1.46669526657e-06, 5.49721278276e-07], "max": [0.0269971974194, 0.106744125485, 0.0635972470045, 0.16575011611, 0.241645991802, 0.074097879231, 0.00751059688628, 0.00449198810384, 0.00487699732184, 0.00451725441962, 0.0188989676535, 0.0277412645519, 0.0174739211798, 0.00904090330005, 0.00508576305583, 0.00323666376062, 0.00291283405386, 0.00418759603053, 0.00258751935326, 0.00205965316854, 0.000781654147431, 0.000326480483636, 0.000439022551291, 0.000353654148057, 0.000436241971329, 0.000162051161169, 4.62480347778e-05], "min": [8.6340569501e-20, 8.07974926296e-19, 1.39054561721e-18, 2.13101205897e-18, 6.98102882995e-18, 4.84827555579e-18, 1.88192584945e-18, 6.44231835704e-18, 2.80774117396e-17, 3.2652746231e-17, 1.19958418992e-17, 1.93859272585e-17, 6.22368112081e-17, 2.56939437441e-17, 2.10923164898e-17, 2.17768762755e-17, 6.94111240231e-18, 1.42547240868e-17, 5.14982168384e-17, 7.14978856416e-17, 2.5522221049e-17, 5.57240211988e-17, 1.88909589236e-17, 3.5217088848e-17, 1.10995395932e-16, 1.20679351564e-16, 1.00210800394e-16], "median": [0.000318216974847, 0.00907000899315, 0.00369200482965, 0.00146007584408, 0.00244248984382, 0.000568362651393, 0.000163576522027, 7.68097088439e-05, 7.30736210244e-05, 4.81952520204e-05, 9.10552334972e-05, 0.000130505504785, 0.000125181497424, 0.000113028974738, 7.79024703661e-05, 7.69266116549e-05, 7.83042851253e-05, 8.14377999632e-05, 7.81051130616e-05, 4.92123181175e-05, 2.80780295725e-05, 1.0681040294e-05, 5.41409281141e-06, 2.20837364395e-06, 5.39770326213e-07, 1.37366100716e-07, 1.44573313321e-08], "dvar2": [2.00894337468e-05, 0.000284762325464, 9.12960676942e-05, 0.000177649359102, 0.000620023929514, 3.61648308171e-05, 4.42759670705e-07, 1.43540560771e-07, 2.12199338989e-07, 5.04564390269e-08, 3.55846879074e-07, 1.58388331783e-06, 6.63549258206e-07, 2.36388856933e-07, 1.25148602592e-07, 2.81187215734e-08, 4.97848340331e-08, 3.95796000419e-08, 2.79498877376e-08, 7.50875006617e-09, 1.23779209105e-09, 1.14156051279e-09, 7.68454022637e-10, 6.81207423803e-10, 6.54437393166e-10, 3.26842337917e-11, 3.97721699325e-12]}, "spectral_energyband_low": {"var": 0.000320496619679, "mean": 0.0211615748703, "dmean2": 0.0232061184943, "dvar": 0.000187825891771, "dmean": 0.0131580587476, "max": 0.143191099167, "min": 3.23290266168e-18, "median": 0.0165458563715, "dvar2": 0.000565762282349}, "erbbands_spread": {"var": 742.995849609, "mean": 41.5046615601, "dmean2": 15.7002859116, "dvar": 83.5485839844, "dmean": 9.27743816376, "max": 128.862945557, "min": 2.142993927, "median": 35.6998825073, "dvar2": 231.660675049}, "average_loudness": 0.255277305841, "spectral_energyband_middle_high": {"var": 8.84125074663e-06, "mean": 0.00260698632337, "dmean2": 0.00108093232848, "dvar": 9.93124672277e-07, "dmean": 0.000661457073875, "max": 0.0334094427526, "min": 2.82071315268e-16, "median": 0.00138547830284, "dvar2": 2.61804075308e-06}, "barkbands_flatness_db": {"var": 0.0115806451067, "mean": 0.221881374717, "dmean2": 0.0581500642002, "dvar": 0.000840154185425, "dmean": 0.0340176708996, "max": 0.523785471916, "min": 0.0358492322266, "median": 0.199455201626, "dvar2": 0.00233384105377}, "spectral_entropy": {"var": 0.724070310593, "mean": 7.1448302269, "dmean2": 0.404503434896, "dvar": 0.0521494820714, "dmean": 0.236303806305, "max": 8.51557731628, "min": 4.62158060074, "median": 7.43155860901, "dvar2": 0.140745997429}, "melbands_skewness": {"var": 5.19229412079, "mean": 3.98070979118, "dmean2": 2.00977563858, "dv