{"lowlevel": {"spectral_strongpeak": {"max": 12.0370569229, "dmean": 0.266968816519, "dvar2": 0.368743211031, "dmean2": 0.454308778048, "var": 0.200773671269, "median": 0.44022282958, "min": 0, "dvar": 0.136587187648, "mean": 0.540730059147}, "barkbands_flatness_db": {"max": 0.809417903423, "dmean": 0.0300513766706, "dvar2": 0.00219233776443, "dmean2": 0.0463228337467, "var": 0.00774444267154, "median": 0.0989788174629, "min": 0.0115759735927, "dvar": 0.00101179350168, "mean": 0.119380503893}, "barkbands_skewness": {"max": 8.9789981842, "dmean": 0.640546679497, "dvar2": 1.00627171993, "dmean2": 1.03770875931, "var": 1.06261587143, "median": 1.79758524895, "min": -2.78938364983, "dvar": 0.377810031176, "mean": 1.89443874359}, "spectral_energyband_middle_high": {"max": 0.026394456625, "dmean": 0.00195399019867, "dvar2": 1.04820737761e-05, "dmean2": 0.00317033170722, "var": 1.86376910278e-05, "median": 0.0067331623286, "min": 1.43707555984e-21, "dvar": 3.97762869397e-06, "mean": 0.00689094001427}, "erbbands_kurtosis": {"max": 39.543346405, "dmean": 0.635709226131, "dvar2": 4.36387777328, "dmean2": 1.05271351337, "var": 2.18950772285, "median": -0.345702677965, "min": -1.80323183537, "dvar": 1.66602492332, "mean": -0.0428993739188}, "erbbands_crest": {"max": 26.8936405182, "dmean": 1.87751829624, "dvar2": 10.4602251053, "dmean2": 3.12876582146, "var": 9.77021217346, "median": 5.26423931122, "min": 1.95856428146, "dvar": 3.9560239315, "mean": 6.11808538437}, "dynamic_complexity": 2.22910284996, "barkbands_crest": {"max": 24.3441162109, "dmean": 3.24840855598, "dvar2": 23.397977829, "dmean2": 5.42487478256, "var": 17.5142650604, "median": 11.0970916748, "min": 1.98252677917, "dvar": 8.32002353668, "mean": 11.3771314621}, "dissonance": {"max": 0.500000059605, "dmean": 0.0152750574052, "dvar2": 0.000855935853906, "dmean2": 0.0252836104482, "var": 0.00113954266999, "median": 0.480668395758, "min": 0.0907480046153, "dvar": 0.000356105272658, "mean": 0.471270799637}, "spectral_energyband_low": {"max": 0.140446797013, "dmean": 0.0159933716059, "dvar2": 0.000883226690348, "dmean2": 0.0268053431064, "var": 0.000693361624144, "median": 0.0335103198886, "min": 3.42158130893e-23, "dvar": 0.000304356595734, "mean": 0.036499068141}, "spectral_contrast_coeffs": {"max": [-0.310724079609, -0.457777708769, -0.531000733376, -0.617439806461, -0.617289364338, -0.641052603722], "dmean": [0.0500961728394, 0.0482561737299, 0.0401507914066, 0.0291669052094, 0.0198111012578, 0.0191014409065], "dvar2": [0.00443946570158, 0.00413967575878, 0.00284237018786, 0.00149192870595, 0.00069855642505, 0.000773059495259], "dmean2": [0.082031480968, 0.0803233459592, 0.0683953613043, 0.0490506477654, 0.0326990969479, 0.0300352554768], "var": [0.0052714641206, 0.00373841472901, 0.00290804170072, 0.00158298353199, 0.00108498975169, 0.00167710939422], "median": [-0.666833639145, -0.761313796043, -0.790123999119, -0.806595087051, -0.810547113419, -0.772550404072], "min": [-0.967760384083, -0.976711571217, -0.973638057709, -0.970339000225, -0.962609112263, -0.966169595718], "dvar": [0.00164912384935, 0.00147699518129, 0.00100041553378, 0.000537848565727, 0.000282348773908, 0.000366837455658], "mean": [-0.663260698318, -0.757364928722, -0.786286652088, -0.803866624832, -0.810207843781, -0.774440467358]}, "silence_rate_60dB": {"max": 1, "dmean": 0.00473896227777, "dvar2": 0.0122335953638, "dmean2": 0.00947867333889, "var": 0.0310359690338, "median": 0, "min": 0, "dvar": 0.00471680285409, "mean": 0.0320644453168}, "mfcc": {"icov": [[0.000187881814782, 0.000219897206989, 0.000182280840818, -4.13329507865e-05, 8.57975464896e-06, -0.000296559301205, 0.00027314919862, -0.000430133659393, 0.000175975292223, -0.000396138406359, 0.000282057531876, -0.000307693466311, -3.55198135367e-05], [0.000219897206989, 0.000948072061874, 0.000173888343852, -0.000150043604663, -0.000662110047415, 0.000821714755148, -0.000552445766516, -0.000658711476717, 0.00132022099569, -0.000337955541909, 4.12883091485e-05, -0.0009941625176, 0.000311113806674], [0.000182280840818, 0.000173888343852, 0.00219169538468, -0.00134497042745, 1.08968322365e-06, 0.000110305809358, 0.000393553607864, 0.00017804626259, -0.000144596036989, 0.000631776289083, -0.000613158452325, 0.00098969170358, -0.00045827680151], [-4.13329507865e-05, -0.000150043604663, -0.00134497042745, 0.00646591186523, -0.00207532430068, -0.00097849057056, 0.000852712022606, -0.000198289737455, -0.00192714226432, -0.00110305019189, 0.00230394373648, -0.00305160391144, 0.00209914753214], [8.57975464896e-06, -0.000662110047415, 1.08968322365e-06, -0.00207532430068, 0.0103214737028, -0.0046102097258, 0.00254226988181, 6.70454664942e-06, -0.00082632061094, -0.00134695041925, -0.000185969984159, 0.00191529514268, -0.0014113514917], [-0.000296559301205, 0.000821714755148, 0.000110305809358, -0.00097849057056, -0.0046102097258, 0.0178629681468, -0.00812524370849, 0.00292724999599, -0.00264291954227, 0.00223687058315, -0.0051956679672, 0.0030373823829, -0.00221055676229], [0.00027314919862, -0.000552445766516, 0.000393553607864, 0.000852712022606, 0.00254226988181, -0.00812524370849, 0.0192138385028, -0.00787529814988, 0.00402522459626, -0.00310652470216, 0.00386937824078, -0.00495206238702, 0.00272488733754], [-0.000430133659393, -0.000658711476717, 0.00017804626259, -0.000198289737455, 6.70454664942e-06, 0.00292724999599, -0.00787529814988, 0.0202455651015, -0.0100096156821, 0.00271071586758, -0.00288979639299, 0.00213319505565, -0.00300491438247], [0.000175975292223, 0.00132022099569, -0.000144596036989, -0.00192714226432, -0.00082632061094, -0.00264291954227, 0.00402522459626, -0.0100096156821, 0.0251209754497, -0.00973884388804, 0.00196344801225, 0.0026857170742, -0.00224638637155], [-0.000396138406359, -0.000337955541909, 0.000631776289083, -0.00110305019189, -0.00134695041925, 0.00223687058315, -0.00310652470216, 0.00271071586758, -0.00973884388804, 0.0303883552551, -0.0136710302904, 3.9923361328e-06, 0.00224550440907], [0.000282057531876, 4.12883091485e-05, -0.000613158452325, 0.00230394373648, -0.000185969984159, -0.0051956679672, 0.00386937824078, -0.00288979639299, 0.00196344801225, -0.0136710302904, 0.0342748947442, -0.0160725936294, 0.0052149281837], [-0.000307693466311, -0.0009941625176, 0.00098969170358, -0.00305160391144, 0.00191529514268, 0.0030373823829, -0.00495206238702, 0.00213319505565, 0.0026857170742, 3.9923361328e-06, -0.0160725936294, 0.0417073555291, -0.021023882553], [-3.55198135367e-05, 0.000311113806674, -0.00045827680151, 0.00209914753214, -0.0014113514917, -0.00221055676229, 0.00272488733754, -0.00300491438247, -0.00224638637155, 0.00224550440907, 0.0052149281837, -0.021023882553, 0.0301836356521]], "cov": [[10117.9130859, -2625.63623047, -678.30078125, -12.1497869492, -2.33867454529, 266.308135986, -48.748626709, 187.596221924, 235.126525879, 151.10118103, 18.0893115997, 34.3312530518, 99.0329589844], [-2625.63623047, 2060.75, 24.5990619659, -1.25166475773, 38.3028755188, -115.79511261, 73.3046646118, -12.5527133942, -136.738525391, -28.4610862732, 16.8141899109, 54.6863861084, -11.3005466461], [-678.30078125, 24.5990619659, 610.873291016, 133.178146362, 34.8675842285, -7.06743764877, -32.06665802, -22.6503334045, 9.889503479, -14.5236778259, -6.50421857834, -21.8905448914, -11.5934066772], [-12.1497869492, -1.25166475773, 133.178146362, 221.36541748, 60.5087814331, 22.1235122681, -11.6482458115, 5.42146205902, 31.2305030823, 14.158416748, -1.43208777905, 2.11307430267, -4.3432970047], [-2.33867454529, 38.3028755188, 34.8675842285, 60.5087814331, 133.378768921, 35.3187942505, -8.24826145172, 1.93808531761, 17.9211559296, 12.3248214722, 5.92837572098, -2.45241045952, 3.36896300316], [266.308135986, -115.79511261, -7.06743764877, 22.1235122681, 35.3187942505, 91.1684112549, 24.508518219, 9.49940681458, 20.1771030426, 10.6385250092, 11.1793632507, 1.59567725658, 6.8126950264], [-48.748626709, 73.3046646118, -32.06665802, -11.6482458115, -8.24826145172, 24.508518219, 81.8615264893, 26.9504184723, -4.1991071701, 4.59301948547, 4.30623626709, 11.630446434, 2.91511774063], [187.596221924, -12.5527133942, -22.6503334045, 5.42146205902, 1.93808531761, 9.49940681458, 26.9504184723, 78.2576293945, 31.3113441467, 10.2070980072, 6.26357698441, 6.14677333832, 10.543636322], [235.126525879, -136.738525391, 9.889503479, 31.2305030823, 17.9211559296, 20.1771030426, -4.1991071701, 31.3113441467, 73.4893188477, 24.1280612946, 5.41327285767, -3.65876460075, 5.66690301895], [151.10118103, -28.4610862732, -14.5236778259, 14.158416748, 12.3248214722, 10.6385250092, 4.59301948547, 10.2070980072, 24.1280612946, 52.6972236633, 22.9629096985, 8.22228336334, 0.857963502407], [18.0893115997, 16.8141899109, -6.50421857834, -1.43208777905, 5.92837572098, 11.1793632507, 4.30623626709, 6.26357698441, 5.41327285767, 22.9629096985, 48.6043052673, 21.2231655121, 6.25923061371], [34.3312530518, 54.6863861084, -21.8905448914, 2.11307430267, -2.45241045952, 1.59567725658, 11.630446434, 6.14677333832, -3.65876460075, 8.22228336334, 21.2231655121, 50.3395004272, 29.0738811493], [99.0329589844, -11.3005466461, -11.5934066772, -4.3432970047, 3.36896300316, 6.8126950264, 2.91511774063, 10.543636322, 5.66690301895, 0.857963502407, 6.25923061371, 29.0738811493, 54.4599571228]], "mean": [-595.763244629, 110.049705505, 18.0246772766, 23.9339084625, 7.58234357834, 13.6019535065, 10.4185791016, 9.70847606659, 2.93763566017, 4.48418188095, 1.04379487038, 2.25919961929, 0.428191006184]}, "melbands_spread": {"max": 169.874969482, "dmean": 7.56499004364, "dvar2": 183.242233276, "dmean2": 12.3140687943, "var": 254.835418701, "median": 16.8218765259, "min": 0.324595719576, "dvar": 76.716178894, "mean": 20.3478107452}, "barkbands_kurtosis": {"max": 139.216201782, "dmean": 3.53740501404, "dvar2": 74.2574691772, "dmean2": 5.80867576599, "var": 48.4661140442, "median": 2.6705994606, "min": -1.86121463776, "dvar": 29.4284687042, "mean": 4.55148363113}, "spectral_energyband_high": {"max": 0.0176015980542, "dmean": 0.00144083367195, "dvar2": 1.04907703644e-05, "dmean2": 0.00226873997599, "var": 8.90827959665e-06, "median": 0.00205012224615, "min": 7.32022772705e-21, "dvar": 4.21020195063e-06, "mean": 0.00299108563922}, "hfc": {"max": 165.936141968, "dmean": 15.0381622314, "dvar2": 1085.63586426, "dmean2": 23.1086101532, "var": 926.077941895, "median": 35.6885375977, "min": 1.1064159424e-16, "dvar": 438.317626953, "mean": 42.0782203674}, "spectral_skewness": {"max": 32.8910751343, "dmean": 0.320481419563, "dvar2": 3.34542703629, "dmean2": 0.48326048255, "var": 5.5103726387, "median": 1.36215960979, "min": -0.115878127515, "dvar": 1.46567177773, "mean": 1.80222964287}, "erbbands": {"max": [4.75133037567, 29.5504703522, 83.8099136353, 128.674865723, 297.779418945, 196.504379272, 223.106948853, 360.241943359, 200.155075073, 255.544174194, 531.059997559, 364.052825928, 446.6484375, 357.498931885, 384.163330078, 908.329772949, 456.606628418, 460.289031982, 415.817108154, 219.819564819, 317.421447754, 210.761550903, 174.903915405, 174.685760498, 228.028518677, 294.238372803, 240.086181641, 209.968322754, 192.394546509, 157.446533203, 109.194961548, 102.591468811, 60.8532371521, 29.0782833099, 18.0874671936, 11.2593364716, 5.16102695465, 1.29658520222, 0.176906391978, 0.0163539387286], "dmean": [0.413876026869, 3.278383255, 6.63755464554, 5.92438459396, 9.41757106781, 5.644053936, 6.32600927353, 14.6209087372, 9.79497909546, 10.3989171982, 17.2703838348, 15.4345912933, 21.3633861542, 16.4739360809, 23.0308055878, 28.8598098755, 14.8676166534, 18.1965103149, 14.7195148468, 13.4864187241, 15.9917125702, 10.2846240997, 11.49401474, 9.917137146, 9.5815820694, 12.7179479599, 12.8204526901, 8.78593921661, 9.42162799835, 6.121986866, 8.11065769196, 5.25402402878, 3.48888254166, 2.50743436813, 1.62526917458, 1.11333358288, 0.519430100918, 0.112173870206, 0.0143100107089, 0.00104850518983], "dvar2": [0.716617763042, 41.1143112183, 178.243240356, 199.780059814, 407.141540527, 170.506454468, 198.138687134, 916.473510742, 492.129852295, 630.770996094, 2047.00952148, 1109.95690918, 2498.89233398, 1346.18029785, 2788.85644531, 6962.43457031, 1461.21313477, 1701.56188965, 1202.46044922, 935.696777344, 1238.91931152, 443.118988037, 547.983032227, 423.258148193, 404.305480957, 822.089599609, 1177.4095459, 450.716888428, 475.295898438, 137.595367432, 340.22744751, 129.396682739, 55.0923042297, 27.4352073669, 13.773223877, 8.154504776, 1.74368548393, 0.0754832550883, 0.00137044291478, 1.0464141269e-05], "dmean2": [0.683255195618, 5.54412889481, 10.6536741257, 9.4546957016, 14.707983017, 9.48342132568, 10.2281246185, 23.2151889801, 16.4572925568, 17.6165142059, 29.1553764343, 26.1945648193, 35.9282035828, 27.5796470642, 39.5108528137, 49.847858429, 25.0659217834, 31.041809082, 24.5942554474, 22.9403514862, 27.5363292694, 17.1015510559, 18.4622497559, 16.7109546661, 15.4221506119, 20.9422187805, 21.7613105774, 14.4060163498, 15.7917928696, 9.40903759003, 13.1568756104, 8.1698217392, 5.37103700638, 3.81168317795, 2.52741956711, 1.83492803574, 0.848775207996, 0.176222026348, 0.023226197809, 0.00176456640474], "var": [0.411247193813, 24.6292648315, 152.502243042, 136.935470581, 512.854125977, 142.717544556, 215.178894043, 799.783691406, 296.873504639, 385.514343262, 1038.04504395, 658.157043457, 1398.59753418, 892.294006348, 1622.03125, 4318.51025391, 1187.40405273, 1123.94909668, 959.202880859, 725.711364746, 803.199401855, 405.728912354, 470.322143555, 412.884429932, 549.517089844, 741.218444824, 810.465515137, 611.286376953, 473.833374023, 253.972839355, 225.515579224, 125.093460083, 51.0765190125, 21.7673149109, 6.98681354523, 2.90434908867, 0.632731676102, 0.0317305698991, 0.000504599884152, 3.24220945913e-06], "median": [0.434903234243, 4.62920570374, 9.06225585938, 6.22102832794, 10.9381389618, 6.96118545532, 7.90694522858, 14.3652210236, 9.82200241089, 10.3923187256, 15.800031662, 17.581577301, 23.9553279877, 20.7939147949, 27.6725082397, 30.3629703522, 19.5604248047, 25.1006469727, 20.9296760559, 18.7848548889, 24.0988311768, 19.391292572, 20.800201416, 20.4369010925, 18.8079528809, 19.3667221069, 15.1761016846, 13.2048416138, 13.4576368332, 9.1672000885, 8.96896362305, 5.98803901672, 3.6620221138, 2.23343968391, 1.09035634995, 0.469004929066, 0.175448149443, 0.0427841469646, 0.00609763152897, 0.000401946133934], "min": [3.24737683969e-22, 1.39924789976e-21, 5.87744460079e-21, 1.90702451256e-20, 3.57334463675e-20, 6.5603868865e-20, 9.0253831732e-20, 2.12248561046e-19, 2.47831195586e-19, 3.9136641891e-19, 3.89877131916e-19, 4.76993596831e-19, 8.1686117252e-19, 6.83026399637e-19, 1.27358930963e-18, 1.6238982311e-18, 1.37748567611e-18, 2.42875261853e-18, 2.14288582307e-18, 3.65803131032e-18, 4.65094210809e-18, 7.20258088522e-18, 1.02224708907e-17, 9.64348416656e-18, 8.3125960559e-18, 1.0601524752e-17, 1.408875526e-17, 1.33365172109e-17, 1.26611639454e-17, 1.41804085262e-17, 1.37716803876e-17, 1.36748506251e-17, 9.76333601987e-18, 8.3477313796e-18, 7.60028105193e-18, 5.03378941972e-18, 2.68783923486e-18, 1.017715256e-18, 2.79317282766e-19, 2.80679765557e-20], "dvar": [0.269360303879, 14.2070026398, 70.4020004272, 84.6058349609, 168.377227783, 63.8563537598, 78.8175125122, 400.057067871, 184.407073975, 234.301223755, 764.24432373, 419.077056885, 923.026855469, 486.33807373, 966.705627441, 2357.4699707, 542.871276855, 595.922668457, 427.444824219, 334.768157959, 435.230743408, 165.20501709, 216.24597168, 156.017440796, 168.509262085, 322.489349365, 444.827789307, 175.061828613, 172.359985352, 64.6824111938, 140.304611206, 54.4494476318, 24.3874092102, 12.6171617508, 5.67881202698, 3.22418904305, 0.6963519454, 0.0311348009855, 0.00053871574346, 3.92492984247e-06], "mean": [0.633354246616, 5.71841335297, 12.6921215057, 10.0227861404, 18.2983379364, 10.447101593, 11.5322751999, 23.3282203674, 15.0154867172, 16.0514450073, 25.1562900543, 24.8750514984, 34.5910263062, 29.2957859039, 39.4058036804, 49.5413475037, 29.5669269562, 34.2451782227, 29.4916095734, 26.1691703796, 29.992269516, 23.0508785248, 24.9057216644, 23.9242191315, 24.0475692749, 27.1243095398, 25.0491065979, 21.4430484772, 20.6788692474, 14.8825483322, 13.5758152008, 10.02729702, 6.29346561432, 3.99763536453, 2.10455822945, 1.12955844402, 0.508397102356, 0.11777357012, 0.0149100227281, 0.00108524714597]}, "spectral_contrast_valleys": {"max": [-5.06210422516, -4.8757185936, -5.33455848694, -5.69985055923, -5.63930606842, -7.5622010231], "dmean": [0.351170867682, 0.363976359367, 0.31825619936, 0.301299124956, 0.257944107056, 0.394748538733], "dvar2": [0.235646978021, 0.265974462032, 0.243401557207, 0.277265101671, 0.274035602808, 0.472102850676], "dmean2": [0.584094941616, 0.601647496223, 0.505665838718, 0.465693891048, 0.387013107538, 0.54819893837], "var": [1.26018500328, 1.1335119009, 1.35233902931, 1.80348515511, 2.38653421402, 2.87544369698], "median": [-6.22763061523, -6.25572967529, -6.55270338058, -6.90107393265, -6.64308166504, -8.87815093994], "min": [-28.02368927, -27.7111320496, -27.5644874573, -27.6391525269, -27.5265464783, -27.3540897369], "dvar": [0.0931851565838, 0.110367916524, 0.11735471338, 0.143183961511, 0.1426076442, 0.227482065558], "mean": [-6.44472408295, -6.41389465332, -6.74635887146, -7.24650764465, -7.07756280899, -9.37068271637]}, "average_loudness": 0.960272610188, "erbbands_spread": {"max": 146.221084595, "dmean": 9.35793876648, "dvar2": 214.083129883, "dmean2": 14.818813324, "var": 401.047729492, "median": 50.3043365479, "min": 0.953683137894, "dvar": 90.6390914917, "mean": 49.3630638123}, "melbands_flatness_db": {"max": 0.999600589275, "dmean": 0.0364878661931, "dvar2": 0.0031207674183, "dmean2": 0.0562873743474, "var": 0.0114216841757, "median": 0.191588640213, "min": 0.00442010397092, "dvar": 0.00140306772664, "mean": 0.210299611092}, "barkbands_spread": {"max": 122.254600525, "dmean": 9.45011806488, "dvar2": 244.196075439, "dmean2": 15.0891008377, "var": 274.561737061, "median": 26.4187602997, "min": 0.329804480076, "dvar": 100.84022522, "mean": 28.3020381927}, "spectral_decrease": {"max": 1.45297403164e-28, "dmean": 4.1671741613e-09, "dvar2": 5.35924098475e-17, "dmean2": 6.95198565381e-09, "var": 5.99024281102e-17, "median": -1.48293830549e-08, "min": -4.05206179721e-08, "dvar": 1.86010734779e-17, "mean": -1.4589885744e-08}, "melbands_crest": {"max": 32.0680122375, "dmean": 3.61784291267, "dvar2": 26.5300502777, "dmean2": 6.0313744545, "var": 23.8519420624, "median": 17.1871891022, "min": 1.58209633827, "dvar": 9.70802307129, "mean": 16.9309520721}, "erbbands_flatness_db": {"max": 0.584345221519, "dmean": 0.0185498706996, "dvar2": 0.00104232155718, "dmean2": 0.0270224362612, "var": 0.00451808888465, "median": 0.0892206579447, "min": 0.0400872454047, "dvar": 0.000525606155861, "mean": 0.109698839486}, "melbands_kurtosis": {"max": 354.678649902, "dmean": 10.9551763535, "dvar2": 628.807800293, "dmean2": 18.1667728424, "var": 410.969818115, "median": 14.8205833435, "min": -1.6228761673, "dvar": 233.674575806, "mean": 19.9218006134}, "spectral_rms": {"max": 0.0123229166493, "dmean": 0.000986440572888, "dvar2": 2.53684447671e-06, "dmean2": 0.00163766846526, "var": 5.53366953682e-06, "median": 0.00767017249018, "min": 3.18425754514e-12, "dvar": 8.91098579814e-07, "mean": 0.00720501178876}, "melbands_skewness": {"max": 16.6225166321, "dmean": 0.975880861282, "dvar2": 2.44807815552, "dmean2": 1.60296702385, "var": 2.68028783798, "median": 3.46720600128, "min": -1.35817945004, "dvar": 0.880671620369, "mean": 3.59766817093}, "barkbands": {"max": [0.0096286078915, 0.112634122372, 0.072750158608, 0.0678406134248, 0.0532694607973, 0.0301562789828, 0.012090228498, 0.0216143671423, 0.0238388925791, 0.016885811463, 0.0138323279098, 0.0206174589694, 0.0126438857988, 0.00777763221413, 0.00697946967557, 0.00518306391314, 0.00357827288099, 0.00342402560636, 0.0034063111525, 0.00563186733052, 0.00489637209103, 0.00791037175804, 0.0032976618968, 0.00389344594441, 0.0026058901567, 0.00251975120045, 0.00128273258451], "dmean": [0.000550651631784, 0.0136177493259, 0.00522766355425, 0.00246398244053, 0.00200146832503, 0.00136629655026, 0.000601307780016, 0.000851551245432, 0.000867421040311, 0.000589118280914, 0.000411347427871, 0.000890535768121, 0.000385264400393, 0.000367608445231, 0.000277833052678, 0.00030701913056, 0.0001901013311, 0.000217164939386, 0.000186626275536, 0.000268104573479, 0.00025895627914, 0.000247054937063, 0.000249766424531, 0.000216528904275, 0.000226063159062, 0.000264126458205, 9.67990272329e-05], "dvar2": [1.12090481252e-06, 0.000701841898263, 0.000124951184262, 3.473612378e-05, 1.74194137799e-05, 7.36780566513e-06, 1.99897112907e-06, 4.64206414108e-06, 4.39257428297e-06, 2.12656414078e-06, 1.32373600081e-06, 5.36955440111e-06, 9.37069046358e-07, 7.71155612256e-07, 3.94628784761e-07, 4.74245894111e-07, 1.57500409159e-07, 1.70878109884e-07, 1.44041152339e-07, 3.43890718568e-07, 4.08378838301e-07, 3.21443309304e-07, 3.01627181898e-07, 2.13271448501e-07, 2.37872200159e-07, 4.44638232011e-07, 7.13826295851e-08], "dmean2": [0.000822417787276, 0.0228507332504, 0.0080399196595, 0.00404139328748, 0.00321115087718, 0.00217689434066, 0.00103191228118, 0.00143037375528, 0.00146819395013, 0.000986524857581, 0.000699188036378, 0.00154141162056, 0.000652295479085, 0.000628348439932, 0.000466687430162, 0.000533530372195, 0.000315988145303, 0.000351154478267, 0.000308359332848, 0.00043887499487, 0.000429449049989, 0.000399254291551, 0.000401063851314, 0.000331822491717, 0.000344033760484, 0.000430098414654, 0.000157715374371], "var": [1.27867986066e-06, 0.000422413111664, 0.000108966763946, 2.44526072493e-05, 2.00703962037e-05, 6.25437678536e-06, 1.17862646221e-06, 2.49791332863e-06, 2.38895563598e-06, 1.23262248053e-06, 8.02103670594e-07, 3.12711972583e-06, 6.89544606303e-07, 4.66663635734e-07, 2.89984058099e-07, 2.8033193189e-07, 1.33005258363e-07, 1.66618264075e-07, 1.69024545471e-07, 3.22076346038e-07, 4.2351933871e-07, 3.94163777173e-07, 2.42869475642e-07, 2.17390137891e-07, 1.51646645463e-07, 1.64635366673e-07, 2.44544740013e-08], "median": [0.000532695907168, 0.0212304368615, 0.00551376119256, 0.00226041744463, 0.0031026522629, 0.00151814799756, 0.000469566963147, 0.000660372199491, 0.000828339369036, 0.000604132714216, 0.000370613182895, 0.000831855111755, 0.000421280419687, 0.000446866761195, 0.00035315763671, 0.000413758069044, 0.000320602382999, 0.000398366246372, 0.000361648009857, 0.000408295512898, 0.000349064706825, 0.000358949822839, 0.000308565562591, 0.000246583600529, 0.000182688439963, 9.82554920483e-05, 3.75852614525e-05], "min": [2.06111999594e-24, 6.22816294851e-24, 5.51356028131e-24, 3.64117328479e-24, 1.57976243583e-23, 2.0198874986e-23, 1.67512562185e-23, 2.18999793752e-23, 1.70509444764e-23, 3.25163668858e-23, 1.53652875615e-23, 3.62283550307e-23, 2.71945155817e-23, 3.50575876286e-23, 4.20056914661e-23, 5.99271818168e-23, 1.03520436922e-22, 1.5514114691e-22, 1.12216157965e-22, 2.03346758132e-22, 3.39777916661e-22, 3.48191288609e-22, 4.89563695145e-22, 6.54850729255e-22, 8.80309801296e-22, 1.45370176898e-21, 1.88630824264e-21], "dvar": [5.05135005824e-07, 0.000242673180765, 5.42182788195e-05, 1.27230905491e-05, 6.76028594171e-06, 3.13397208629e-06, 7.41513417779e-07, 1.76006676611e-06, 1.62132778314e-06, 7.83196071552e-07, 4.65611265099e-07, 1.84853900009e-06, 3.42015312071e-07, 2.68728541641e-07, 1.40782134395e-07, 1.64585884477e-07, 5.8455643881e-08, 6.89746428861e-08, 5.56114443384e-08, 1.38470426236e-07, 1.57100188858e-07, 1.24872585161e-07, 1.27289254692e-07, 9.22566911754e-08, 1.03077304914e-07, 1.78431193376e-07, 2.75001408312e-08], "mean": [0.00093671871582, 0.0250451751053, 0.00915026292205, 0.00384850567207, 0.00435044942424, 0.00227514537983, 0.000829385942779, 0.00117234513164, 0.00130205298774, 0.000937833217904, 0.000657675846014, 0.00141140155029, 0.000677775940858, 0.000645426567644, 0.00050575309433, 0.000539771805052, 0.00039663282223, 0.000475272041513, 0.000446275807917, 0.000568737159483, 0.000572151795495, 0.00056198501261, 0.000463763688458, 0.000414281181293, 0.000329138681991, 0.00026474596234, 9.86203958746e-05]}, "spectral_kurtosis": {"max": 1407.41223145, "dmean": 7.52542543411, "dvar2": 8282.06933594, "dmean2": 12.162065506, "var": 4855.96533203, "median": 2.69150233269, "min": -1.29845285416, "dvar": 3024.93505859, "mean": 12.5148105621}, "erbbands_skewness": {"max": 4.99485635757, "dmean": 0.29630535841, "dvar2": 0.222925826907, "dmean2": 0.471500039101, "var": 0.323256224394, "median": 0.0416114851832, "min": -3.12132954597, "dvar": 0.0931813195348, "mean": 0.0688081383705}, "melbands": {"max": [0.032656352967, 0.0369351692498, 0.0232563652098, 0.0140288881958, 0.00814824644476, 0.00720260944217, 0.00271753151901, 0.00346488319337, 0.0039697275497, 0.00305072707124, 0.00231462484226, 0.00157608662266, 0.00179150840268, 0.00273418216966, 0.00181063544005, 0.000873409328051, 0.000810018565971, 0.000647022679914, 0.000388185784686, 0.000399255775847, 0.000401319557568, 0.000238230772084, 0.000185345255886, 0.000165483608725, 0.000159381510457, 0.000175468492671, 0.000220186484512, 0.000217525899643, 0.000196873748791, 0.000177749374416, 0.000138536866871, 0.000144557183376, 9.3359980383e-05, 6.84356855345e-05, 7.200527034e-05, 5.40570144949e-05, 9.19062731555e-05, 4.60477422166e-05, 3.25564760715e-05, 2.72767174465e-05], "dmean": [0.00355643755756, 0.00366776506416, 0.00111017609015, 0.000491701241117, 0.000226644668146, 0.000303112348774, 0.000144654390169, 0.000136909991852, 0.000129868378281, 0.000113656271424, 0.000112116707896, 7.22085605958e-05, 6.75140399835e-05, 0.000112103924039, 4.84010852233e-05, 3.56880736945e-05, 3.51103917637e-05, 2.66333499894e-05, 2.09070240089e-05, 2.02812516363e-05, 1.95536558749e-05, 1.20918939501e-05, 1.04431310319e-05, 1.14317645057e-05, 8.97591598914e-06, 7.33591014068e-06, 8.41434211907e-06, 9.16898261494e-06, 9.3917533377e-06, 6.46737362331e-06, 5.3245212257e-06, 5.94557786826e-06, 4.58584736407e-06, 3.28415876538e-06, 5.15569718118e-06, 4.08502683058e-06, 3.0741300634e-06, 2.48966193794e-06, 2.31160038311e-06, 2.14553870137e-06], "dvar2": [4.99092893733e-05, 4.7847024689e-05, 5.53387735636e-06, 1.08674373678e-06, 2.55518870063e-07, 3.80982243087e-07, 9.70637046294e-08, 1.00518533941e-07, 1.03770652515e-07, 7.14801728918e-08, 6.81776555211e-08, 2.737951732e-08, 2.9544452218e-08, 9.64401607462e-08, 1.76066272672e-08, 6.83146739178e-09, 6.501280847e-09, 4.38627045796e-09, 2.18497131499e-09, 2.34730257453e-09, 1.8675050395e-09, 6.5222094392e-10, 4.61634258597e-10, 5.05111119598e-10, 3.78373693488e-10, 2.31360111624e-10, 3.10373227119e-10, 4.69710104145e-10, 6.70414501691e-10, 3.22007309705e-10, 1.47981626952e-10, 2.10482631324e-10, 8.88940032695e-11, 3.82484495465e-11, 1.40615200039e-10, 7.83431444717e-11, 5.38851394061e-11, 2.8697292806e-11, 2.3849453662e-11, 2.04265215853e-11], "dmean2": [0.00597998593003, 0.00606219051406, 0.00173836760223, 0.000786761753261, 0.000367464119336, 0.000481760420371, 0.000243556482019, 0.000230149904382, 0.000218923436478, 0.000193247280549, 0.000188501944649, 0.000120948636322, 0.000115447510325, 0.000194220847334, 8.22700749268e-05, 6.07368783676e-05, 6.0090849729e-05, 4.49561412097e-05, 3.51576818503e-05, 3.53984178219e-05, 3.3506530599e-05, 2.02753180929e-05, 1.71001192939e-05, 1.86360211956e-05, 1.53393466462e-05, 1.21238881547e-05, 1.34850697577e-05, 1.53284709086e-05, 1.61668303917e-05, 1.07135356302e-05, 8.74400393513e-06, 1.00814149846e-05, 7.44072121961e-06, 5.06777314513e-06, 8.49372736411e-06, 6.46125454296e-06, 4.86233648189e-06, 3.90189006794e-06, 3.57651492777e-06, 3.25739506479e-06], "var": [2.86616159428e-05, 3.9214919525e-05, 5.02183092976e-06, 1.22444703266e-06, 2.85930951804e-07, 3.27103492737e-07, 5.87659236828e-08, 6.11412929175e-08, 5.42046976193e-08, 3.96765003075e-08, 3.78516382682e-08, 1.73755712041e-08, 1.75792393975e-08, 5.32255555186e-08, 1.26095072162e-08, 4.65849225861e-09, 4.02065314375e-09, 3.10385095403e-09, 1.54267276731e-09, 1.3362662088e-09, 1.1771350561e-09, 5.03274644181e-10, 3.84491105621e-10, 4.15939227505e-10, 2.95138746775e-10, 2.71322547762e-10, 3.67467473117e-10, 3.45905276644e-10, 3.55536433627e-10, 3.215535338e-10, 1.91717627884e-10, 1.76966094556e-10, 1.19340606841e-10, 6.59281032545e-11, 8.53849491111e-11, 5.92160764867e-11, 4.88580183255e-11, 2.59229443467e-11, 1.92621977396e-11, 1.5495951744e-11], "median": [0.00500727631152, 0.00580810103565, 0.00149512314238, 0.000694339512847, 0.000285491987597, 0.000314306467772, 0.000149556610268, 0.000126431317767, 0.000124949292513, 0.000111982255476, 0.000122649187688, 8.29404452816e-05, 7.26648868294e-05, 9.29263260332e-05, 4.30705877079e-05, 4.20994801971e-05, 4.44287106802e-05, 3.14042990794e-05, 2.57406481978e-05, 2.40536737692e-05, 2.67840587185e-05, 1.85857388715e-05, 1.71259780473e-05, 1.90522860066e-05, 1.5481684386e-05, 1.31664055516e-05, 1.37276219903e-05, 1.18725474749e-05, 9.71107783698e-06, 7.44042517908e-06, 7.2545144576e-06, 7.16547629054e-06, 6.82526570017e-06, 4.50888910564e-06, 5.2818218137e-06, 4.07675179304e-06, 3.39023608831e-06, 2.58268983089e-06, 2.10118741961e-06, 1.78283596597e-06], "min": [2.55390464014e-24, 2.86929596321e-24, 3.34460576064e-24, 3.97410295794e-24, 3.38243952965e-24, 5.03013488011e-24, 3.93283843285e-24, 3.77096772497e-24, 2.97022953275e-24, 2.57101878026e-24, 3.8975416405e-24, 2.47944603145e-24, 3.27451882187e-24, 4.76388604156e-24, 2.1450630793e-24, 3.19596543343e-24, 3.42675497429e-24, 2.59492935152e-24, 6.18965588671e-24, 4.0118621796e-24, 5.25455791904e-24, 7.12661832714e-24, 7.33451551897e-24, 6.93661881154e-24, 7.31704540536e-24, 5.26151133349e-24, 6.73616925552e-24, 6.5404343267e-24, 6.80589509321e-24, 5.29433820233e-24, 6.44547322309e-24, 6.88618772273e-24, 7.42370807721e-24, 7.88717726967e-24, 6.93683259284e-24, 6.79618658205e-24, 8.57715446042e-24, 6.31976587126e-24, 7.42525976661e-24, 5.69859115651e-24], "dvar": [1.76215799002e-05, 1.73987700691e-05, 2.2722781523e-06, 4.2271793177e-07, 1.01530517327e-07, 1.6428649019e-07, 3.60757397289e-08, 3.79579674359e-08, 3.873856258e-08, 2.64549537832e-08, 2.51547245256e-08, 9.93936577487e-09, 1.02944115454e-08, 3.32687015714e-08, 6.2387948141e-09, 2.43225573016e-09, 2.26716401208e-09, 1.5481993465e-09, 7.86772258454e-10, 8.12579004084e-10, 6.61663779322e-10, 2.3768395585e-10, 1.76972506094e-10, 1.97573679639e-10, 1.34501423887e-10, 8.87636492086e-11, 1.32222635618e-10, 1.79403991662e-10, 2.45475056948e-10, 1.25347746072e-10, 5.60282341355e-11, 7.48071812828e-11, 3.57631216308e-11, 1.788369626e-11, 5.68191015071e-11, 3.40018638245e-11, 2.09158385056e-11, 1.23133664723e-11, 1.05802684322e-11, 9.48083105079e-12], "mean": [0.00621593510732, 0.00728788226843, 0.00219121598639, 0.00101195496973, 0.000417622271925, 0.000490951060783, 0.000223112583626, 0.000204315423616, 0.000191925268155, 0.000172543674125, 0.000178053393029, 0.000121131379274, 0.000112303358037, 0.00017289655807, 8.30965364003e-05, 6.36799813947e-05, 6.24484018772e-05, 4.85098971694e-05, 3.74123774236e-05, 3.4432123357e-05, 3.49183246726e-05, 2.38199445448e-05, 2.12726663449e-05, 2.30803289014e-05, 1.88900321518e-05, 1.69518789335e-05, 1.83533738891e-05, 1.75527347892e-05, 1.62949218065e-05, 1.33109861054e-05, 1.20861814139e-05, 1.19299756989e-05, 1.01902032839e-05, 7.52262485548e-06, 8.15623479866e-06, 6.85476561557e-06, 5.78144363317e-06, 4.45669957116e-06, 3.75759304916e-06, 3.27221937368e-06]}, "spectral_centroid": {"max": 11908.7246094, "dmean": 265.826599121, "dvar2": 204526.46875, "dmean2": 418.746673584, "var": 591113.75, "median": 1510.18823242, "min": 108.345756531, "dvar": 93777.140625, "mean": 1515.53295898}, "pitch_salience": {"max": 0.957433223724, "dmean": 0.0936128124595, "dvar2": 0.0182162150741, "dmean2": 0.154528051615, "var": 0.0158213488758, "median": 0.524867296219, "min": 0.0974703654647, "dvar": 0.00652115233243, "mean": 0.519538760185}, "gfcc": {"icov": [[0.00013921642676, 0.000115422713861, 9.76523588179e-05, -0.000173182808794, 5.46347746422e-06, -8.65295733092e-05, 0.000167856778717, -0.000226857286179, 2.29036304518e-05, -3.28822388838e-05, 3.31726150762e-05, -0.000218249668251, 0.000239461136516], [0.000115422713861, 0.00108883983921, -1.68169353856e-05, 0.000369577814126, -0.000680513330735, 0.000499427609611, -0.000326475448674, 0.000300371117191, -0.000794560124632, 0.00162097054999, -0.00255737896077, 0.000970882829279, -0.000429463048931], [9.76523588179e-05, -1.68169353856e-05, 0.00147769483738, -0.000203869320103, -0.000181607276318, 0.000547003641259, 7.53075801185e-05, 0.000384679966373, -0.000524189905263, 4.73133150081e-05, 0.000954393821303, -0.000553591584321, 0.00075027171988], [-0.000173182808794, 0.000369577814126, -0.000203869320103, 0.00407514162362, 0.000425122969318, -0.00201143696904, 0.000409880129155, -4.62458847323e-05, -0.00194973009638, 0.000618541962467, -0.000337129749823, 0.00245999963954, -0.00289770844392], [5.46347746422e-06, -0.000680513330735, -0.000181607276318, 0.000425122969318, 0.00639253761619, -0.000905158172827, -0.00132529658731, 0.0010655092774, -0.00236259913072, -0.000773246225435, 0.00246290373616, -0.00110790121835, 0.000989850959741], [-8.65295733092e-05, 0.000499427609611, 0.000547003641259, -0.00201143696904, -0.000905158172827, 0.0129738422111, -0.00407869042829, -0.0025689615868, 0.00366427400149, -0.00348428194411, 0.000454021181213, -0.00230325316079, 0.00252340896986], [0.000167856778717, -0.000326475448674, 7.53075801185e-05, 0.000409880129155, -0.00132529658731, -0.00407869042829, 0.0164385493845, -0.00669304328039, -0.000513731327374, 0.00344084948301, -0.00452410802245, 0.00269921007566, -0.00304315448739], [-0.000226857286179, 0.000300371117191, 0.000384679966373, -4.62458847323e-05, 0.0010655092774, -0.0025689615868, -0.00669304328039, 0.0221923124045, -0.0080294534564, -0.000505628471728, 0.00332032563165, -0.00675660092384, 0.00443175015971], [2.29036304518e-05, -0.000794560124632, -0.000524189905263, -0.00194973009638, -0.00236259913072, 0.00366427400149, -0.000513731327374, -0.0080294534564, 0.0219154320657, -0.00870613195002, 0.000462117925053, 0.00260110385716, -0.00496187293902], [-3.28822388838e-05, 0.00162097054999, 4.73133150081e-05, 0.000618541962467, -0.000773246225435, -0.00348428194411, 0.00344084948301, -0.000505628471728, -0.00870613195002, 0.0253786500543, -0.00948469806463, -0.00364107312635, 0.00487451069057], [3.31726150762e-05, -0.00255737896077, 0.000954393821303, -0.000337129749823, 0.00246290373616, 0.000454021181213, -0.00452410802245, 0.00332032563165, 0.000462117925053, -0.00948469806463, 0.0235868580639, -0.0050667016767, -0.00283524021506], [-0.000218249668251, 0.000970882829279, -0.000553591584321, 0.00245999963954, -0.00110790121835, -0.00230325316079, 0.00269921007566, -0.00675660092384, 0.00260110385716, -0.00364107312635, -0.0050667016767, 0.0241840444505, -0.00802451558411], [0.000239461136516, -0.000429463048931, 0.00075027171988, -0.00289770844392, 0.000989850959741, 0.00252340896986, -0.00304315448739, 0.00443175015971, -0.00496187293902, 0.00487451069057, -0.00283524021506, -0.00802451558411, 0.0283079277724]], "cov": [[14814.9111328, -4248.88671875, -867.751464844, 916.519836426, -333.601776123, 648.364135742, -197.911499023, 430.624847412, -49.4611740112, 323.027557373, -344.027496338, 287.226196289, -225.117797852], [-4248.88671875, 2962.28027344, 184.595611572, -378.613311768, 224.320648193, -306.562164307, 136.519500732, -176.243759155, 71.509185791, -161.707305908, 268.76159668, -130.782012939, 129.210662842], [-867.751464844, 184.595611572, 799.057434082, -36.9988899231, 49.3933868408, -76.350692749, -20.3374633789, -37.1332969666, 18.0417537689, -27.4328346252, -30.8239879608, -21.267162323, -7.34828042984], [916.519836426, -378.613311768, -36.9988899231, 377.419464111, -40.8602333069, 82.1430892944, -3.154753685, 38.4975128174, 26.5527362823, 23.7282447815, -28.4007797241, -0.109072297812, 11.550901413], [-333.601776123, 224.320648193, 49.3933868408, -40.8602333069, 196.596557617, -7.67453384399, 25.4810123444, -2.00231575966, 28.6026287079, -1.50521707535, 5.44899559021, -3.18513441086, 2.51143622398], [648.364135742, -306.562164307, -76.350692749, 82.1430892944, -7.67453384399, 145.866348267, 20.930727005, 49.7284049988, -5.72389268875, 36.3939552307, -15.9403038025, 29.8058872223, -18.3905239105], [-197.911499023, 136.519500732, -20.3374633789, -3.154753685, 25.4810123444, 20.930727005, 94.5736541748, 24.9826602936, 15.64914608, -4.78456163406, 26.8186454773, -0.0673319175839, 13.6941804886], [430.624847412, -176.243759155, -37.1332969666, 38.4975128174, -2.00231575966, 49.7284049988, 24.9826602936, 87.9142532349, 25.1220302582, 26.6068973541, -10.9244384766, 28.2812995911, -10.0875434875], [-49.4611740112, 71.509185791, 18.0417537689, 26.5527362823, 28.6026287079, -5.72389268875, 15.64914608, 25.1220302582, 75.7321090698, 22.1674251556, 13.5680789948, 2.63643836975, 12.5661859512], [323.027557373, -161.707305908, -27.4328346252, 23.7282447815, -1.50521707535, 36.3939552307, -4.78456163406, 26.6068973541, 22.1674251556, 73.2704849243, 11.4979467392, 25.3722743988, -10.2885875702], [-344.027496338, 268.76159668, -30.8239879608, -28.4007797241, 5.44899559021, -15.9403038025, 26.8186454773, -10.9244384766, 13.5680789948, 11.4979467392, 87.7452926636, 6.88315725327, 21.8589172363], [287.226196289, -130.782012939, -21.267162323, -0.109072297812, -3.18513441086, 29.8058872223, -0.0673319175839, 28.2812995911, 2.63643836975, 25.3722743988, 6.88315725327, 65.8225250244, 4.5996966362], [-225.117797852, 129.210662842, -7.34828042984, 11.550901413, 2.51143622398, -18.3905239105, 13.6941804886, -10.0875434875, 12.5661859512, -10.2885875702, 21.8589172363, 4.5996966362, 52.6379623413]], "mean": [54.0732421875, 73.6566009521, -85.879119873, 31.8563423157, -43.6992225647, 20.1502857208, -22.890871048, 8.85328388214, -21.194524765, 2.58894777298, -13.0468549728, 1.39100301266, -11.0456314087]}, "spectral_flux": {"max": 0.303263366222, "dmean": 0.0301257260144, "dvar2": 0.00221822923049, "dmean2": 0.0504830516875, "var": 0.00261436915025, "median": 0.118603743613, "min": 6.20629658776e-11, "dvar": 0.000840318156406, "mean": 0.118752188981}, "zerocrossingrate": {"max": 0.5126953125, "dmean": 0.0161228459328, "dvar2": 0.000358469085768, "dmean2": 0.0201095510274, "var": 0.00185082410462, "median": 0.063720703125, "min": 0.00244140625, "dvar": 0.000240492925514, "mean": 0.0682518258691}, "spectral_energyband_middle_low": {"max": 0.103086531162, "dmean": 0.00492052547634, "dvar2": 7.7116448665e-05, "dmean2": 0.00791449099779, "var": 9.33686169446e-05, "median": 0.0123219089583, "min": 1.93073996854e-22, "dvar": 2.93778048217e-05, "mean": 0.0139811001718}, "silence_rate_20dB": {"max": 1, "dmean": 0, "dvar2": 0, "dmean2": 0, "var": 0, "median": 1, "min": 1, "dvar": 0, "mean": 1}, "silence_rate_30dB": {"max": 1, "dmean": 0.0497591011226, "dvar2": 0.122946985066, "dmean2": 0.0995260700583, "var": 0.035963229835, "median": 1, "min": 0, "dvar": 0.0472856536508, "mean": 0.962644159794}, "spectral_entropy": {"max": 9.81522274017, "dmean": 0.167158946395, "dvar2": 0.0966512784362, "dmean2": 0.23992100358, "var": 0.441668629646, "median": 8.08480072021, "min": 3.52204179764, "dvar": 0.0493550859392, "mean": 7.86241006851}, "spectral_rolloff": {"max": 18863.0859375, "dmean": 764.016479492, "dvar2": 2760464.25, "dmean2": 1296.51611328, "var": 2612551, "median": 861.328125, "min": 86.1328125, "dvar": 1114986, "mean": 1367.61560059}, "spectral_complexity": {"max": 62, "dmean": 4.66029548645, "dvar2": 47.3343963623, "dmean2": 7.09968423843, "var": 213.755661011, "median": 33, "min": 0, "dvar": 23.5164165497, "mean": 30.8507347107}, "spectral_spread": {"max": 49907188, "dmean": 840282.25, "dvar2": 2472350318590.0, "dmean2": 1195725.25, "var": 4607979290620.