{"metadata": {"audio_properties": {"downmix": "mix", "bit_rate": 0, "lossless": true, "md5_encoded": "cee78a4bc70d117426dc861e61d54764", "analysis_sample_rate": 44100, "sample_rate": 44100, "replay_gain": -10.3858280182, "equal_loudness": 0, "codec": "flac", "length": 140.626663208}, "tags": {"releasestatus": ["official"], "musicbrainz_albumid": ["5998b65a-20f4-3f42-9d43-7d66675e8a98"], "musicbrainz_recordingid": ["2a97a1a3-c93b-4b39-a860-2b5e5f983d3b"], "tracknumber": ["10"], "artist": ["Juana Molina"], "acoustid_id": ["458b4abd-b239-46a3-8316-805dda13b599"], "originaldate": ["2006-05-23"], "musicbrainz_releasegroupid": ["e58b601d-b056-3db0-bd25-8aee5d2676f4"], "asin": ["B000F3AJLW"], "releasetype": ["album"], "media": ["CD"], "musicbrainz_albumartistid": ["eca5dd0e-edc7-4658-85f0-762e263b4acd"], "file_name": "10-Desordenado.flac", "catalognumber": ["WIGCD176"], "musicbrainz_artistid": ["eca5dd0e-edc7-4658-85f0-762e263b4acd"], "albumartistsort": ["Molina, Juana"], "script": ["Latn"], "label": ["Domino"], "releasecountry": ["GB"], "album": ["Son"], "date": ["2006-06-06"], "title": ["Desordenado"], "discnumber": ["1"], "artistsort": ["Molina, Juana"], "disctotal": ["1"], "genre": ["Latino - Argentina"], "tracktotal": ["12"], "albumartist": ["Juana Molina"]}, "version": {"essentia_build_sha": "2d9f1f26377add8aeb1075a9c2973f962c4f09fd", "essentia_git_sha": "v2.1_beta2-1-ge3940c0", "extractor": "music 1.0", "essentia": "2.1-beta2"}}, "tonal": {"chords_scale": "minor", "hpcp": {"dmean": [0.139133751392, 0.138014614582, 0.0666846185923, 0.0450065769255, 0.0596034005284, 0.0966582894325, 0.134391918778, 0.140565380454, 0.0728350877762, 0.0418402887881, 0.0413786582649, 0.05709964782, 0.0900583937764, 0.0869064480066, 0.0508911348879, 0.0487951301038, 0.0620940439403, 0.0674662664533, 0.0808206647635, 0.0759506970644, 0.0576724149287, 0.0551327615976, 0.0493331700563, 0.033027946949, 0.030801974237, 0.044377207756, 0.0778555721045, 0.114063903689, 0.0995563268661, 0.0519564189017, 0.0354481004179, 0.0374353192747, 0.0560719072819, 0.0729396790266, 0.0785730406642, 0.137365654111], "dvar2": [0.101819232106, 0.0950831696391, 0.0675173178315, 0.0413333922625, 0.0548705086112, 0.0676607042551, 0.0833889469504, 0.0796425044537, 0.0527441203594, 0.0451383665204, 0.043603874743, 0.0411711446941, 0.0620645433664, 0.0615267902613, 0.0393811352551, 0.0642132088542, 0.0731835737824, 0.0650611519814, 0.0629524737597, 0.0646177753806, 0.0493731796741, 0.0459738560021, 0.0422500744462, 0.0247649569064, 0.0237332265824, 0.0396635681391, 0.0490320324898, 0.0779541432858, 0.0581187233329, 0.0398828424513, 0.030619546771, 0.02335225977, 0.0389048717916, 0.0493471473455, 0.0489993281662, 0.083985902369], "mean": [0.445483505726, 0.26320117712, 0.0489208623767, 0.0342042036355, 0.0487851165235, 0.145046070218, 0.345531851053, 0.298749595881, 0.0831768512726, 0.0277890805155, 0.0292620565742, 0.0724484175444, 0.192666649818, 0.178744852543, 0.0550755374134, 0.032975025475, 0.054428935051, 0.0994162410498, 0.154438391328, 0.126260697842, 0.0690973773599, 0.0791960135102, 0.0636822581291, 0.0286540035158, 0.0229650232941, 0.0372153967619, 0.123192422092, 0.26240453124, 0.205944001675, 0.0549507960677, 0.0247299652547, 0.0323867499828, 0.0704665258527, 0.111659891903, 0.103660263121, 0.256203830242], "var": [0.178493827581, 0.0734878480434, 0.0168843083084, 0.0105114225298, 0.0185721255839, 0.0507544800639, 0.127949595451, 0.0990955531597, 0.0199569687247, 0.0103929843754, 0.0116588566452, 0.0244205370545, 0.0907493531704, 0.0808530822396, 0.0134763922542, 0.0154609568417, 0.0261661745608, 0.0526775866747, 0.0884490832686, 0.0704188942909, 0.0223024580628, 0.0278007891029, 0.0217622946948, 0.00677073653787, 0.00637924158946, 0.0120084090158, 0.0384161956608, 0.113237768412, 0.07975448668, 0.0129569852725, 0.0076452549547, 0.010077980347, 0.0285709071904, 0.0406811833382, 0.0302881896496, 0.0651152729988], "dmean2": [0.235680013895, 0.243185341358, 0.124753944576, 0.082364179194, 0.106288209558, 0.162045046687, 0.220639705658, 0.224178761244, 0.126565039158, 0.0783286988735, 0.0763942524791, 0.0971762016416, 0.144901767373, 0.140198603272, 0.0892368778586, 0.0901526585221, 0.111698366702, 0.115267127752, 0.132246121764, 0.126555353403, 0.0996823757887, 0.0953134447336, 0.0853640437126, 0.0599868893623, 0.0570126101375, 0.0783553570509, 0.128957316279, 0.18795388937, 0.162118300796, 0.0912526920438, 0.0657186508179, 0.0659032315016, 0.0965433195233, 0.124981977046, 0.135196223855, 0.237094551325], "dvar": [0.0533272065222, 0.0379089489579, 0.0242421459407, 0.0147686675191, 0.0206002984196, 0.0269945152104, 0.0366745181382, 0.0353780537844, 0.0192815773189, 0.0157134924084, 0.0156649574637, 0.0171712134033, 0.0315452106297, 0.0296834260225, 0.0144847799093, 0.0231386758387, 0.0267793443054, 0.0264898594469, 0.0321313552558, 0.0311285089701, 0.0185780357569, 0.0177990831435, 0.0161533132195, 0.00889736507088, 0.00870962440968, 0.0145561881363, 0.0203527770936, 0.0370151102543, 0.0261164531112, 0.0143812932074, 0.0109353205189, 0.00905114598572, 0.0160329975188, 0.0191079992801, 0.018468009308, 0.0329589620233], "min": [0, 0, 0, 0, 0, 0, 0, 0, 0, 0, 0, 0, 0, 0, 0, 0, 0, 0, 0, 0, 0, 0, 0, 0, 0, 0, 0, 0, 0, 0, 0, 0, 0, 0, 0, 0], "median": [0.336352944374, 0.191415756941, 0.00593366194516, 0.00370849505998, 0.00408604834229, 0.0436016842723, 0.17283667624, 0.153440117836, 0.0303146634251, 0.00170467980206, 0.00167265324853, 0.0139949284494, 0.049987770617, 0.0429002642632, 0.011530701071, 0.000833261758089, 0.00138462195173, 0.0081424433738, 0.0138986315578, 0.0111641287804, 0.00985040515661, 0.0126490481198, 0.00952142477036, 0.00474065402523, 0.00231767864898, 0.003513276577, 0.034901689738, 0.0870813578367, 0.0633092820644, 0.0142531841993, 0.00184200378135, 0.00221878802404, 0.0102452337742, 0.0284313037992, 0.0363283976912, 0.176817491651], "max": [1, 1, 1, 1, 1, 1, 1, 1, 1, 1, 1, 1, 1, 1, 1, 1, 1, 1, 1, 1, 1, 1, 1, 1, 1, 1, 1, 1, 1, 1, 1, 1, 1, 1, 1, 1]}, "tuning_equal_tempered_deviation": 0.0971682742238, "chords_key": "F#", "chords_strength": {"dmean": 0.00933740939945, "dvar2": 4.85132513859e-05, "mean": 0.525375783443, "var": 0.00712657347322, "dmean2": 0.00753688439727, "dvar": 5.74745317863e-05, "min": 0.27460616827, "median": 0.525350630283, "max": 0.751648068428}, "tuning_diatonic_strength": 0.44696354866, "thpcp": [1, 0.590821385384, 0.109815202653, 0.0767799541354, 0.109510488808, 0.325592458248, 0.775633335114, 0.670618772507, 0.186711400747, 0.0623795948923, 0.0656860619783, 0.162628725171, 0.4324888587, 0.401237875223, 0.123630926013, 0.0740207582712, 0.122179463506, 0.22316481173, 0.346675902605, 0.283423960209, 0.15510648489, 0.177775412798, 0.142950877547, 0.0643211305141, 0.051550783217, 0.0835393369198, 0.276536434889, 0.589033126831, 0.462293207645, 0.123350910842, 0.0555126406252, 0.0727002248168, 0.158179879189, 0.250648766756, 0.232691586018, 0.575114071369], "chords_histogram": [4.2904291153, 0.957095682621, 1.68316829205, 6.03960418701, 26.3036308289, 0, 2.34323430061, 0, 0.165016502142, 0, 0, 0, 0, 0, 0, 0.231023102999, 0, 0.264026403427, 0, 0, 0, 9.60396003723, 2.87128710747, 45.2475242615], "tuning_nontempered_energy_ratio": 0.776638031006, "tuning_frequency": 436.708374023, "key_strength": 0.53814893961, "chords_changes_rate": 0.039603959769, "key_scale": "major", "hpcp_entropy": {"dmean": 0.533226072788, "dvar2": 0.594190776348, "mean": 1.66625094414, "var": 0.468326985836, "dmean2": 0.899483382702, "dvar": 0.228328734636, "min": 0, "median": 1.70855593681, "max": 3.9224653244}, "key_key": "A", "chords_number_rate": 0.00264026410878}, "lowlevel": {"melbands_skewness": {"dmean": 0.434553235769, "dvar2": 0.587621331215, "mean": 1.39074683189, "var": 1.40391921997, "dmean2": 0.688102960587, "dvar": 0.240467756987, "min": -2.36642479897, "median": 1.22419691086, "max": 10.165681839}, "melbands_kurtosis": {"dmean": 2.93499898911, "dvar2": 69.3402328491, "mean": 5.89173221588, "var": 79.1473236084, "dmean2": 4.71235990524, "dvar": 28.3980369568, "min": -1.84489917755, "median": 3.10733890533, "max": 151.477355957}, "barkbands_kurtosis": {"dmean": 2.73103880882, "dvar2": 48.4710350037, "mean": 5.34827804565, "var": 63.9749183655, "dmean2": 4.36039018631, "dvar": 20.6546497345, "min": -1.8960506916, "median": 2.97365856171, "max": 165.301086426}, "hfc": {"dmean": 3.30172610283, "dvar2": 70.1338272095, "mean": 13.3572893143, "var": 143.135696411, "dmean2": 5.00673770905, "dvar": 32.4705467224, "min": 5.92370213326e-07, "median": 10.6882591248, "max": 146.693023682}, "silence_rate_20dB": {"dmean": 0, "dvar2": 0, "mean": 1, "var": 0, "dmean2": 0, "dvar": 0, "min": 1, "median": 1, "max": 1}, "erbbands_flatness_db": {"dmean": 0.0263622347265, "dvar2": 0.00163117377087, "mean": 0.261732786894, "var": 0.00635123997927, "dmean2": 0.0363181196153, "dvar": 0.000914117670618, "min": 0.0844830647111, "median": 0.250465154648, "max": 0.525695741177}, "spectral_flux": {"dmean": 0.025856371969, "dvar2": 0.00169343687594, "mean": 0.0631375610828, "var": 0.00212956243195, "dmean2": 0.0389933548868, "dvar": 0.00085775682237, "min": 0.000529610028025, "median": 0.0523441433907, "max": 0.366050869226}, "spectral_energyband_low": {"dmean": 0.00235738535412, "dvar2": 6.47376800771e-05, "mean": 0.00729188276455, "var": 6.62667007418e-05, "dmean2": 0.00381663069129, "dvar": 2.73423138424e-05, "min": 2.95465790723e-10, "median": 0.00421233428642, "max": 0.0715729370713}, "spectral_rolloff": {"dmean": 124.442382813, "dvar2": 413755.9375, "mean": 659.440429688, "var": 368083.40625, "dmean2": 219.92427063, "dvar": 193988.765625, "min": 64.599609375, "median": 581.396484375, "max": 9474.609375}, "spectral_entropy": {"dmean": 0.281206190586, "dvar2": 0.22762568295, "mean": 6.31259346008, "var": 0.460082769394, "dmean2": 0.421491265297, "dvar": 0.111614406109, "min": 4.05177211761, "median": 6.30881547928, "max": 8.52907562256}, "spectral_energy": {"dmean": 0.00703269569203, "dvar2": 0.000225848547416, "mean": 0.0302471574396, "var": 0.000491199549288, "dmean2": 0.010711858049, "dvar": 9.86215382e-05, "min": 1.00247476986e-09, "median": 0.0259434506297, "max": 0.176033318043}, "spectral_centroid": {"dmean": 79.9658279419, "dvar2": 44945.8828125, "mean": 567.461975098, "var": 46925.9140625, "dmean2": 129.588287354, "dvar": 19525.5546875, "min": 249.372192383, "median": 543.227478027, "max": 3995.33276367}, "barkbands_flatness_db": {"dmean": 0.0284360479563, "dvar2": 0.00197718269192, "mean": 0.25203204155, "var": 0.00585766835138, "dmean2": 0.0406621471047, "dvar": 0.00102162209805, "min": 0.0678604617715, "median": 0.239529371262, "max": 0.516288042068}, "spectral_rms": {"dmean": 0.000607387861237, "dvar2": 1.16497756153e-06, "mean": 0.00499987602234, "var": 4.51065307061e-06, "dmean2": 0.000910389062483, "dvar": 5.30298279955e-07, "min": 9.88951001091e-07, "median": 0.00503097241744, "max": 0.0131049538031}, "melbands": {"dmean": [0.000460589188151, 0.000417255883804, 0.000344175554346, 0.000497852801345, 0.000480813032482, 0.000299906096188, 0.000233182814554, 0.000171205974766, 0.000204904688871, 0.000171490464709, 0.000106685532955, 5.20749053976e-05, 4.42074124294e-05, 3.09078859573e-05, 3.49748734152e-05, 2.03615909413e-05, 1.62113628903e-05, 1.05981025627e-05, 6.82805693941e-06, 5.35163508175e-06, 2.5082308639e-06, 1.46266290812e-06, 7.36401773338e-07, 9.3063448503e-07, 1.08459346393e-06, 8.94386801065e-07, 4.31385444699e-07, 3.57933998885e-07, 2.24628536216e-07, 1.75323989993e-07, 1.98475376578e-07, 2.91369957495e-07, 2.48863813113e-07, 1.87166548926e-07, 1.54255516804e-07, 7.14048837835e-08, 9.59240225029e-08, 1.04305215132e-07, 1.00989069551e-07, 6.63321770844e-08], "dvar2": [2.7513817713e-06, 2.86541012429e-06, 1.62749051924e-06, 2.0070760911e-06, 1.83559927791e-06, 1.90759828911e-06, 4.94145069752e-07, 2.70696830285e-07, 6.07936669894e-07, 6.49361368232e-07, 1.84939423775e-07, 6.58917187479e-08, 1.54479224079e-07, 1.10353369109e-07, 3.53362423766e-08, 1.26719292837e-08, 5.94127635978e-09, 6.02130434402e-09, 1.22306897943e-09, 4.30378094274e-10, 9.42189173903e-11, 3.76528565271e-11, 1.61704694773e-11, 2.11055686816e-11, 1.88010648716e-11, 1.29788020609e-11, 6.3061387709e-12, 1.24100157234e-11, 5.19166177063e-12, 1.6617445267e-12, 5.70866834707e-12, 3.1413024959e-11, 7.76871449115e-12, 3.98845106248e-12, 5.39325095e-12, 5.95492513807e-13, 1.59659980549e-12, 1.85785371462e-12, 1.46119401301e-12, 6.09020917464e-13], "mean": [0.00197068951093, 0.0007308392087, 0.000409470987506, 0.00101043016184, 0.00113661680371, 0.000681577250361, 0.00047417904716, 0.000578213948756, 0.000838997599203, 0.000490957638249, 0.000298132246826, 0.000100512290373, 8.07600299595e-05, 5.33273996552e-05, 5.11489452037e-05, 2.4123752155e-05, 2.06220338441e-05, 1.43623619806e-05, 1.10560085886e-05, 7.2065781751e-06, 3.5654286421e-06, 2.09707559407e-06, 1.2208707858e-06, 1.84469774922e-06, 2.10761049857e-06, 1.69308520981e-06, 7.49437560899e-07, 5.69282860852e-07, 2.97343632383e-07, 1.91591041698e-07, 2.46420711392e-07, 4.2807081968e-07, 3.77651559802e-07, 2.49126685503e-07, 1.81008900313e-07, 9.92220208218e-08, 1.23414878317e-07, 1.4536080073e-07, 1.50005007526e-07, 1.033511694e-07], "var": [5.57298653803e-06, 1.04882599317e-06, 5.56038685318e-07, 1.6608680653e-06, 2.84046996057e-06, 2.04038042284e-06, 3.49484594153e-07, 9.5677853551e-07, 3.02505236505e-06, 9.76947262643e-07, 4.22243630283e-07, 8.08902598237e-08, 1.1876360162e-07, 7.25403879187e-08, 1.78127628203e-08, 7.44359818228e-09, 4.4359160789e-09, 3.37308070364e-09, 8.9981944118e-10, 2.16580836598e-10, 6.30428487192e-11, 2.92116469902e-11, 9.26740455209e-12, 1.85275406128e-11, 2.31690760327e-11, 1.35161317902e-11, 3.25265400551e-12, 5.93446559255e-12, 2.2852691961e-12, 9.09860294745e-13, 1.94999962358e-12, 9.84334662391e-12, 5.83069530158e-12, 3.15411412266e-12, 2.78613330323e-12, 7.6477577526e-13, 1.75286228674e-12, 2.63168328275e-12, 2.79225232346e-12, 1.00019417661e-12], "dmean2": [0.000737206835765, 0.000713549787179, 0.000606177316513, 0.000834699720144, 0.000759552523959, 0.000466412166134, 0.000370815221686, 0.000242821435677, 0.000275932921795, 0.000240557215875, 0.000156156616868, 7.9983859905e-05, 6.6105480073e-05, 4.81282222609e-05, 5.96429126745e-05, 3.54355506715e-05, 2.73237928923e-05, 1.82766871148e-05, 1.10164482976e-05, 9.36219566938e-06, 4.20101832788e-06, 2.42913029069e-06, 1.19040248592e-06, 1.4453996755e-06, 1.68275221313e-06, 1.41709278978e-06, 7.01281351212e-07, 5.76712125167e-07, 3.61250016567e-07, 2.85965853664e-07, 3.24461922219e-07, 4.67607435439e-07, 3.88144144381e-07, 2.87158968604e-07, 2.54841353353e-07, 1.11281494242e-07, 1.44240672739e-07, 1.57390871891e-07, 1.33249173473e-07, 9.89301938148e-08], "dvar": [1.30432010792e-06, 1.09538223114e-06, 5.91000002714e-07, 6.93968729593e-07, 7.22359686733e-07, 8.36816525407e-07, 1.94029951217e-07, 1.54689530518e-07, 3.50257636228e-07, 3.03949320823e-07, 1.00885571896e-07, 3.22965512112e-08, 7.41290619999e-08, 4.84761280006e-08, 1.27190142862e-08, 5.24091481324e-09, 2.54694976221e-09, 2.64683430728e-09, 5.41199973725e-10, 1.64953758985e-10, 3.68491868963e-11, 1.57921297567e-11, 6.43010341153e-12, 8.85852328991e-12, 7.90914729543e-12, 5.21077148444e-12, 2.52348857956e-12, 5.30722557915e-12, 2.18999384599e-12, 7.90257019979e-13, 2.21519005396e-12, 1.16308620721e-11, 3.6623568761e-12, 2.05024885958e-12, 2.21685603902e-12, 3.00780776154e-13, 8.11440216235e-13, 1.06532805581e-12, 1.02729901408e-12, 3.72037253435e-13], "min": [2.02187398768e-11, 5.04055581996e-11, 7.90553317254e-11, 6.18579423795e-11, 2.35651307495e-11, 6.51089902479e-12, 6.86125375265e-12, 1.49527785986e-11, 8.81247071843e-12, 1.71449139608e-12, 6.71311270461e-12, 7.91676446621e-12, 6.76925399415e-12, 4.39730543644e-12, 1.50392393851e-12, 1.23597963461e-12, 1.29069975194e-12, 5.03504410474e-13, 1.13506717859e-13, 1.26238429432e-13, 9.73594645117e-14, 7.51775757531e-14, 5.62604535171e-14, 4.64346849817e-14, 5.81551747405e-14, 3.71347544999e-14, 4.69371110447e-14, 5.9786871905e-14, 5.14871416443e-14, 3.65461953506e-14, 5.10917398883e-14, 1.59040193667e-14, 1.20779910257e-14, 1.83086883057e-14, 2.06209357857e-14, 1.79379690897e-14, 1.15115275778e-14, 1.17993849487e-14, 8.78098219408e-15, 9.96399245393e-15], "median": [0.00076276587788, 0.000471598061267, 0.00012990864343, 0.000522309797816, 0.000608848757111, 0.000290180090815, 0.000288882583845, 0.000195417378563, 5.04105191794e-05, 0.000101983430795, 9.18509176699e-05, 4.02553305321e-05, 2.08267920243e-05, 9.91332854028e-06, 1.37306014949e-05, 4.81913593831e-06, 3.56289820047e-06, 2.87952889266e-06, 2.05970559364e-06, 2.12905752051e-06, 9.5134402045e-07, 3.84361982242e-07, 2.86608781153e-07, 3.70989141629e-07, 4.81213191961e-07, 3.591795803e-07, 2.15648071844e-07, 1.36431907549e-07, 5.95490945443e-08, 3.2875504985e-08, 4.60585383166e-08, 5.32569117695e-08, 4.29591011653e-08, 2.82403664897e-08, 1.71356902001e-08, 4.70138594721e-09, 4.78373252122e-09, 5.8960605287e-09, 8.16698708661e-09, 6.9805983216e-09], "max": [0.0153934918344, 0.0182780902833, 0.0120561914518, 0.0156561266631, 0.0235034786165, 0.0343811921775, 0.00918923225254, 0.016869597137, 0.0155814681202, 0.0185383949429, 0.0192188806832, 0.00835317652673, 0.014297792688, 0.0106596704572, 0.0038198933471, 0.00306642707437, 0.00160450907424, 0.00268458412029, 0.000965565792285, 0.0002547937911, 0.000124044512631, 0.000127722669276, 7.23258199287e-05, 8.18668995635e-05, 7.14848865755e-05, 7.16757858754e-05, 5.84060799156e-05, 0.000126500846818, 6.4567757363e-05, 4.60112969449e-05, 8.74135293998e-05, 0.00021293516329, 9.56979056355e-05, 7.77619716246e-05, 5.17528496857e-05, 2.73759051197e-05, 3.84361192118e-05, 5.7369357819e-05, 4.7336150601e-05, 2.88570336124e-05]}, "barkbands_crest": {"dmean": 2.17475914955, "dvar2": 11.5867500305, "mean": 12.2657423019, "var": 15.1649637222, "dmean2": 3.49539399147, "dvar": 4.67083454132, "min": 3.39884018898, "median": 11.8114023209, "max": 25.1025562286}, "mfcc": {"icov": [[0.000216901607928, 7.06140490365e-05, 0.000409397500334, -5.79180450586e-05, 8.83344036993e-05, -0.000298960396321, -5.31852929271e-05, -0.000306742731482, -9.97035967885e-05, -4.9981790653e-05, -0.000105729726783, 0.000284906360321, 0.000110918394057], [7.06140490365e-05, 0.000817082065623, 0.000316272926284, 0.000750426435843, -0.000265142996795, 0.000257304462139, -0.000439242110588, -0.000473329244414, -0.00076204398647, -0.000144217410707, -1.70746025105e-05, -5.98135593464e-05, 0.000157967646373], [0.000409397500334, 0.000316272926284, 0.00202939729206, -0.000385233171983, 6.1405422457e-05, -0.000705288490281, -0.000165324468981, -0.000602951447945, -0.000683911552187, 0.000119344782433, -0.000155847825226, 0.000136468472192, 3.48937646777e-05], [-5.79180450586e-05, 0.000750426435843, -0.000385233171983, 0.00447609182447, -0.00112889648881, 0.00051154155517, -0.00137797521893, -0.000651172013022, -0.000705419457518, -0.000420732161729, -0.000403982907301, 0.000550866534468, -0.00145288358908], [8.83344036993e-05, -0.000265142996795, 6.1405422457e-05, -0.00112889648881, 0.00755452550948, -0.00084312830586, -0.000318301725201, -0.00148325110786, 0.000929079891648, -0.00122121954337, 0.000992413843051, -0.00192043674178, -0.00085946416948], [-0.000298960396321, 0.000257304462139, -0.000705288490281, 0.00051154155517, -0.00084312830586, 0.00532892951742, -0.00129682186525, 0.000684676168021, -0.000993320019916, -0.000376293377485, 0.000480108195916, -0.000984511571005, -0.00125612341799], [-5.31852929271e-05, -0.000439242110588, -0.000165324468981, -0.00137797521893, -0.000318301725201, -0.00129682186525, 0.00941522512585, -0.00121484056581, 0.00188134063501, -0.00148384470958, -0.000858347455505, 0.00103810569271, -0.00116368103772], [-0.000306742731482, -0.000473329244414, -0.000602951447945, -0.000651172013022, -0.00148325110786, 0.000684676168021, -0.00121484056581, 0.00908688828349, -0.00288927042857, -0.00116837327369, -0.0012645740062, -0.000567510840483, -0.000616084784269], [-9.97035967885e-05, -0.00076204398647, -0.000683911552187, -0.000705419457518, 0.000929079891648, -0.000993320019916, 0.00188134063501, -0.00288927042857, 0.0117342099547, -0.00291281775571, -3.06881775032e-05, -0.00118160212878, -0.000266229937552], [-4.9981790653e-05, -0.000144217410707, 0.000119344782433, -0.000420732161729, -0.00122121954337, -0.000376293377485, -0.00148384470958, -0.00116837327369, -0.00291281775571, 0.0101962108165, -0.00266333017498, -0.00118060840759, 0.00145950855222], [-0.000105729726783, -1.70746025105e-05, -0.000155847825226, -0.000403982907301, 0.000992413843051, 0.000480108195916, -0.000858347455505, -0.0012645740062, -3.06881775032e-05, -0.00266333017498, 0.0111465360969, -0.000440688338131, -0.00229466566816], [0.000284906360321, -5.98135593464e-05, 0.000136468472192, 0.000550866534468, -0.00192043674178, -0.000984511571005, 0.00103810569271, -0.000567510840483, -0.00118160212878, -0.00118060840759, -0.000440688338131, 0.00535306427628, 0.00138657749631], [0.000110918394057, 0.000157967646373, 3.48937646777e-05, -0.00145288358908, -0.00085946416948, -0.00125612341799, -0.00116368103772, -0.000616084784269, -0.000266229937552, 0.00145950855222, -0.00229466566816, 0.00138657749631, 0.00948825478554]], "mean": [-745.812744141, 202.160568237, 9.82092094421, 6.50796508789, -9.04325866699, -4.84114933014, -6.22418498993, -4.20771884918, -3.39639282227, -1.57318258286, 3.21274495125, -9.52556324005, 3.3484826088], "cov": [[8973.11132813, -247.923965454, -1573.21325684, 128.830673218, -133.427200317, 209.390396118, 157.213485718, 173.787460327, -7.87053394318, 63.0341758728, 110.165924072, -468.213897705, 56.093044281], [-247.923965454, 2017.81604004, -268.997192383, -332.325195313, 88.8235855103, -67.7466430664, 4.66311407089, 154.699432373, 170.453643799, 136.823944092, 15.8483924866, 210.353668213, -114.071311951], [-1573.21325684, -268.997192383, 940.784240723, 152.508651733, 68.7392807007, 87.7282791138, 30.7801017761, 51.2900047302, 60.9808807373, 31.5114593506, 24.6963558197, 88.8445892334, 57.5615158081], [128.830673218, -332.325195313, 152.508651733, 392.683868408, 64.9597167969, 47.7024612427, 87.2344055176, 68.2571182251, 22.279712677, 41.0517196655, 53.3871879578, -41.0816802979, 104.150878906], [-133.427200317, 88.8235855103, 68.7392807007, 64.9597167969, 201.130401611, 57.4332427979, 34.1012001038, 75.2107849121, 42.285572052, 67.5294342041, 18.4058055878, 103.040847778, 24.8553943634], [209.390396118, -67.7466430664, 87.7282791138, 47.7024612427, 57.4332427979, 255.080078125, 48.7000274658, 37.2036933899, 41.236656189, 45.0384483337, 18.7359466553, 52.1081771851, 44.1674919128], [157.213485718, 4.66311407089, 30.7801017761, 87.2344055176, 34.1012001038, 48.7000274658, 151.316604614, 50.5433082581, 7.41689872742, 40.0839538574, 36.1153793335, -19.9579524994, 48.3983459473], [173.787460327, 154.699432373, 51.2900047302, 68.2571182251, 75.2107849121, 37.2036933899, 50.5433082581, 200.615905762, 86.2269744873, 87.8589782715, 53.1735229492, 64.7346420288, 28.9234905243], [-7.87053394318, 170.453643799, 60.9808807373, 22.279712677, 42.285572052, 41.236656189, 7.41689872742, 86.2269744873, 149.34538269, 79.4821548462, 30.0097694397, 80.9588470459, 3.6303935051], [63.0341758728, 136.823944092, 31.5114593506, 41.0517196655, 67.5294342041, 45.0384483337, 40.0839538574, 87.8589782715, 79.4821548462, 173.79826355, 53.3406028748, 87.0677108765, 1.52800559998], [110.165924072, 15.8483924866, 24.6963558197, 53.3871879578, 18.4058055878, 18.7359466553, 36.1153793335, 53.1735229492, 30.0097694397, 53.3406028748, 120.719474792, 15.3158779144, 38.1559371948], [-468.213897705, 210.353668213, 88.8445892334, -41.0816802979, 103.040847778, 52.1081771851, -19.9579524994, 64.7346420288, 80.9588470459, 87.0677108765, 15.3158779144, 322.325164795, -41.179058075], [56.093044281, -114.071311951, 57.5615158081, 104.150878906, 24.8553943634, 44.1674919128, 48.3983459473, 28.9234905243, 3.6303935051, 1.52800559998, 38.1559371948, -41.179058075, 153.398025513]]}, "spectral_decrease": {"dmean": 1.79559467295e-09, "dvar2": 1.47494492306e-17, "mean": -7.69313768245e-09, "var": 3.16804318169e-17, "dmean2": 2.73749334312e-09, "dvar": 6.42784890017e-18, "min": -4.48923209717e-08, "median": -6.60057652979e-09, "max": -2.51374047166e-16}, "zerocrossingrate": {"dmean": 0.00350809562951, "dvar2": 3.75524723495e-05, "mean": 0.0265410430729, "var": 0.000226012169151, "dmean2": 0.0044435528107, "dvar": 4.11668333982e-05, "min": 0.00244140625, "median": 0.02490234375, "max": 0.24951171875}, "spectral_contrast_coeffs": {"dmean": [0.0568566061556, 0.0434773825109, 0.0456806980073, 0.041340559721, 0.0285402610898, 0.0231775883585], "dvar2": [0.00583068607375, 0.00385884195566, 0.00471999077126, 0.00385530153289, 0.00162457523402, 0.00108736671973], "mean": [-0.596125364304, -0.643356561661, -0.685921728611, -0.749745965004, -0.772219061852, -0.77662140131], "var": [0.0113337701187, 0.00758480094373, 0.00840985868126, 0.00615623546764, 0.00429951911792, 0.0026042314712], "dmean2": [0.0927206873894, 0.0688762366772, 0.0712305903435, 0.0627706497908, 0.0440286360681, 0.0359470658004], "dvar": [0.00250779301859, 0.00158603186719, 0.00204265117645, 0.0017673461698, 0.000849505653605, 0.000463022297481], "min": [-0.964412808418, -0.924412310123, -0.969130694866, -0.945977270603, -0.937492132187, -0.934328496456], "median": [-0.597959160805, -0.64206469059, -0.683187484741, -0.752493619919, -0.775619745255, -0.773404717445], "max": [-0.258235663176, -0.341854810715, -0.383348971605, -0.478183090687, -0.535534322262, -0.61835449934]}, "spectral_skewness": {"dmean": 0.884681522846, "dvar2": 3.02523040771, "mean": 4.00410366058, "var": 4.43473529816, "dmean2": 1.40980100632, "dvar": 1.28370022774, "min": 0.0814994648099, "median": 3.31668019295, "max": 13.5179233551}, "spectral_energyband_middle_high": {"dmean": 0.00126173452009, "dvar2": 2.98639297398e-05, "mean": 0.00269191456027, "var": 3.22005253111e-05, "dmean2": 0.0020100523252, "dvar": 1.39132007462e-05, "min": 1.65621960591e-10, "median": 0.0013879936887, "max": 0.134654268622}, "gfcc": {"icov": [[0.000274162477581, -0.000329253583914, 0.000664390332531, -0.000484609685373, 0.000418706797063, -0.000467685662443, 0.000310356146656, -0.000964240403846, 0.000465977966087, -0.000246854993748, 0.000590647163335, -0.000356903183274, -8.04946903372e-05], [-0.000329253583914, 0.00424598623067, -0.00161782710347, 0.00200786697678, -0.00366317038424, 0.00216232705861, -0.00345285562798, 0.003445178736, -0.0024776107166, 0.00310548185371, -0.00228844326921, 0.00273936195299, -0.00249316589907], [0.000664390332531, -0.00161782710347, 0.002861691406, -0.00149245536886, 0.00193356524687, -0.00169647752773, 0.00127031526063, -0.00310248089954, 0.00155318237375, -0.00180410547182, 0.00184406817425, -0.00183553667739, 5.67420938751e-05], [-0.000484609685373, 0.00200786697678, -0.00149245536886, 0.0040452289395, -0.00186934345402, -0.000143515309901, -0.00152822921518, 0.00172653340269, -0.00127100653481, 0.00153098802548, -0.00171738967765, 0.00107105239294, -0.000863588298671], [0.000418706797063, -0.00366317038424, 0.00193356524687, -0.00186934345402, 0.00769214238971, -0.00184034358244, 0.00145308172796, -0.00390830496326, 0.00207193358801, -0.00318672438152, 0.000889563758392, -0.00274132960476, 0.00182068522554], [-0.000467685662443, 0.00216232705861, -0.00169647752773, -0.000143515309901, -0.00184034358244, 0.00652202125639, -0.00196574511938, 0.00240668165497, -0.00272514368407, -0.000287025875878, -0.00155909499153, 0.00132429925725, -0.000333166157361], [0.000310356146656, -0.00345285562798, 0.00127031526063, -0.00152822921518, 0.00145308172796, -0.00196574511938, 0.0101525625214, -0.00398982595652, -0.000150341569679, -0.0018446900649, 0.00162156752776, -0.00190278689843, -0.000385348015698], [-0.000964240403846, 0.003445178736, -0.00310248089954, 0.00172653340269, -0.00390830496326, 0.00240668165497, -0.00398982595652, 0.0104786707088, -0.00330673228018, 0.00165061035659, -0.00239142612554, 0.00143692584243, -0.000214036626858], [0.000465977966087, -0.0024776107166, 0.00155318237375, -0.00127100653481, 0.00207193358801, -0.00272514368407, -0.000150341569679, -0.00330673228018, 0.00813915021718, -0.000851189193781, -0.00150509562809, 0.00115220039152, -0.00197513331659], [-0.000246854993748, 0.00310548185371, -0.00180410547182, 0.00153098802548, -0.00318672438152, -0.000287025875878, -0.0018446900649, 0.00165061035659, -0.000851189193781, 0.0122399441898, -0.00282180518843, -0.00167326722294, -0.000637899327558], [0.000590647163335, -0.00228844326921, 0.00184406817425, -0.00171738967765, 0.000889563758392, -0.00155909499153, 0.00162156752776, -0.00239142612554, -0.00150509562809, -0.00282180518843, 0.0115619320422, -0.00280311889946, -0.000585421861615], [-0.000356903183274, 0.00273936195299, -0.00183553667739, 0.00107105239294, -0.00274132960476, 0.00132429925725, -0.00190278689843, 0.00143692584243, 0.00115220039152, -0.00167326722294, -0.00280311889946, 0.0126616172493, -0.00608325842768], [-8.04946903372e-05, -0.00249316589907, 5.67420938751e-05, -0.000863588298671, 0.00182068522554, -0.000333166157361, -0.000385348015698, -0.000214036626858, -0.00197513331659, -0.000637899327558, -0.000585421861615, -0.00608325842768, 0.0169799216092]], "mean": [-94.9186019897, 164.304748535, -98.7757492065, -12.4878158569, -56.2668228149, -6.63143968582, -28.5196819305, -0.373297512531, -17.2144508362, 4.05053329468, -11.3259906769, 1.39827287197, -4.06068611145], "cov": [[12561.4794922, -2298.0402832, -1567.08752441, 1045.19116211, -244.748474121, 471.394256592, -333.713684082, 585.180297852, -646.501342773, 162.857131958, -445.820037842, 204.629394531, -195.326629639], [-2298.0402832, 2566.11962891, -190.996261597, -467.482543945, 492.517242432, -245.214050293, 571.416503906, -160.855575562, 757.604980469, -317.871520996, 374.964141846, -259.185943604, 292.326080322], [-1567.08752441, -190.996261597, 1195.4786377, 179.876220703, -17.6138534546, 174.413833618, 15.239522934, 141.226638794, -41.4461898804, 178.065933228, 11.1103420258, 168.260864258, 39.6503982544], [1045.19116211, -467.482543945, 179.876220703, 560.653686523, 8.33308506012, 219.800308228, -4.2463722229, 127.15322876, -26.5211372375, 98.0742874146, 7.31568574905, 91.2965240479, 2.71304631233], [-244.748474121, 492.517242432, -17.6138534546, 8.33308506012, 327.162689209, 24.3176879883, 148.653930664, 54.4837684631, 154.497131348, 8.7625246048, 111.099655151, 11.8425788879, 67.4698181152], [471.394256592, -245.214050293, 174.413833618, 219.800308228, 24.3176879883, 323.946624756, 31.6449356079, 85.2510757446, 48.0667495728, 97.506149292, 33.243309021, 62.6807670593, 15.223991394], [-333.713684082, 571.416503906, 15.239522934, -4.2463722229, 148.653930664, 31.6449356079, 286.553894043, 52.5176277161, 233.374023438, -27.8380031586, 115.037696838, -16.8923969269, 97.9137878418], [585.180297852, -160.855575562, 141.226638794, 127.15322876, 54.4837684631, 85.2510757446, 52.5176277161, 238.511016846, 27.8531188965, 64.868637085, 18.9407081604, 61.4463729858, 13.5234556198], [-646.501342773, 757.604980469, -41.4461898804, -26.5211372375, 154.497131348, 48.0667495728, 233.374023438, 27.8531188965, 455.652435303, -64.0834503174, 185.737014771, -72.9518966675, 127.851203918], [162.857131958, -317.871520996, 178.065933228, 98.0742874146, 8.7625246048, 97.506149292, -27.8380031586, 64.868637085, -64.0834503174, 181.072189331, 4.36194324493, 99.2109298706, -5.30654001236], [-445.820037842, 374.964141846, 11.1103420258, 7.31568574905, 111.099655151, 33.243309021, 115.037696838, 18.9407081604, 185.737014771, 4.36194324493, 197.252593994, 6.81543636322, 75.878112793], [204.629394531, -259.185943604, 168.260864258, 91.2965240479, 11.8425788879, 62.6807670593, -16.8923969269, 61.4463729858, -72.9518966675, 99.2109298706, 6.81543636322, 178.027816772, 26.602771759], [-195.326629639, 292.326080322, 39.6503982544, 2.71304631233, 67.4698181152, 15.223991394, 97.9137878418, 13.5234556198, 127.851203918, -5.30654001236, 75.878112793, 26.602771759, 123.171020508]]}, "erbbands_spread": {"dmean": 3.66877770424, "dvar2": 81.1103591919, "mean": 15.3764247894, "var": 170.191497803, "dmean2": 5.81646776199, "dvar": 38.9367103577, "min": 0.820314526558, "median": 11.9893493652, "max": 149.642883301}, "erbbands_kurtosis": {"dmean": 1.80936121941, "dvar2": 14.6956558228, "mean": 3.59831953049, "var": 16.9700469971, "dmean2": 2.92804408073, "dvar": 5.86964797974, "min": -1.85356831551, "median": 2.44775676727, "max": 38.8378372192}, "dynamic_complexity": 4.17139387131, "erbbands_crest": {"dmean": 2.58827233315, "dvar2": 17.1026973724, "mean": 13.7430648804, "var": 24.4058265686, "dmean2": 4.10940647125, "dvar": 6.78232383728, "min": 3.80576324463, "median": 13.0715045929, "max": 31.1973705292}, "erbbands": {"dmean": [0.0552029237151, 0.336164712906, 0.838438391685, 1.62618410587, 3.96587395668, 11.1589136124, 12.9962053299, 12.9896621704, 16.3534641266, 14.9444112778, 22.5861682892, 26.6316375732, 20.4909172058, 11.696352005, 12.0102815628, 10.7429790497, 11.3034610748, 8.73288631439, 6.02967882156, 4.49626016617, 2.56069660187, 1.287520051, 0.863877654076, 1.24967432022, 0.839617609978, 0.526673197746, 0.324944406748, 0.317608267069, 0.477551072836, 0.368485718966, 0.225674569607, 0.141044184566, 0.142385393381, 0.0891376808286, 0.0529633462429, 0.0288341157138, 0.00756421778351, 0.000738076982088, 6.26398541499e-05, 9.43199120229e-06], "dvar2": [0.040754314512, 1.59881675243, 13.9963169098, 45.1528434753, 160.762969971, 944.432189941, 2011.12731934, 4347.61279297, 2537.27612305, 2296.76660156, 6536.57177734, 19067.4589844, 6367.41601563, 3171.82861328, 15536.7011719, 3467.20703125, 2604.13818359, 1867.39050293, 1670.7623291, 342.294311523, 88.9240188599, 29.6870250702, 16.8779964447, 22.9289512634, 10.4001111984, 20.3185768127, 8.71475410461, 8.23344898224, 65.8031539917, 14.1905584335, 9.23557567596, 2.74523162842, 3.02366995811, 1.05558335781, 0.217038959265, 0.0358323641121, 0.00266279629432, 3.76066163881e-05, 1.98412706709e-07, 6.70148936344e-10], "mean": [0.260215312243, 1.04356229305, 0.844022929668, 1.77635407448, 5.88222169876, 24.5522880554, 30.2497062683, 29.5377349854, 31.5729923248, 48.5331573486, 96.0992584229, 74.783241272, 59.6635551453, 24.7865066528, 21.9540596008, 18.5315990448, 14.537191391, 11.3804397583, 8.73302364349, 6.95665407181, 3.78174543381, 1.9723546505, 1.72141003609, 2.54230475426, 1.69008517265, 0.913623154163, 0.435803860426, 0.402760267258, 0.726171016693, 0.522512733936, 0.287350296974, 0.190803945065, 0.2095413059, 0.141073167324, 0.0972598269582, 0.0541144199669, 0.0142580093816, 0.00132642337121, 0.000134261877974, 3.87698637496e-05], "var": [0.10096090287, 1.54778325558, 3.72554206848, 12.7983369827, 69.6220703125, 1118.37609863, 3250.66918945, 4438.40771484, 1743.80847168, 4226.82714844, 35573.1992188, 25231.2929688, 15480.7265625, 4264.95996094, 9560.52246094, 2326.18041992, 1405.46191406, 1181.48156738, 944.742248535, 231.460296631, 59.5165367126, 22.4565029144, 13.9094686508, 29.4748477936, 11.1040620804, 10.5033807755, 4.39603376389, 3.63647913933, 24.2425079346, 12.8769283295, 6.15701675415, 3.68709421158, 5.35178613663, 1.97351098061, 0.303557246923, 0.0504992306232, 0.00338754779659, 4.69151382276e-05, 3.03515008682e-07, 1.03976516286e-09], "dmean2": [0.0873324126005, 0.552111744881, 1.46446192265, 2.88280701637, 6.94481134415, 18.209186554, 20.3153476715, 20.2380485535, 26.0712547302, 21.7607116699, 29.8815460205, 37.3649978638, 29.7882823944, 17.9042110443, 18.110086441, 17.5748462677, 19.6525211334, 14.7746620178, 10.2148981094, 7.54306554794, 4.31701946259, 2.12757611275, 1.33824467659, 1.93834090233, 1.32934057713, 0.84446823597, 0.516419827938, 0.510211765766, 0.753303468227, 0.553649842739, 0.367103725672, 0.206532105803, 0.204901665449, 0.126347333193, 0.0819522738457, 0.0428925976157, 0.0113578084856, 0.00108559674118, 9.03951295186e-05, 1.42204444273e-05], "dvar": [0.0202697943896, 0.663261294365, 5.19394302368, 16.4466342926, 56.507358551, 341.10067749, 809.976135254, 1928.57019043, 999.232727051, 1051.83288574, 3790.91430664, 8909.00292969, 3467.32373047, 1576.28283691, 6885.67480469, 1408.88757324, 1015.17352295, 764.539428711, 729.505615234, 144.867889404, 34.8254165649, 12.3172101974, 7.14182901382, 9.81373405457, 4.30473899841, 8.86558532715, 3.91980934143, 3.43437218666, 25.0787181854, 7.62284612656, 4.04110097885, 1.50727009773, 1.96406602859, 0.707003951073, 0.122172832489, 0.020750740543, 0.00150586070959, 2.1098241632e-05, 1.14161970544e-07, 3.1295155356e-10], "min": [1.91304527775e-09, 2.03123828868e-08, 1.18089978685e-07, 3.914132094e-07, 7.68205438817e-07, 8.6198582494e-07, 5.69286271457e-07, 2.87426729528e-07, 3.86512709838e-07, 1.28928115828e-06, 1.21641596706e-06, 3.48719510157e-07, 1.28106887587e-06, 1.90823629964e-06, 2.01833768187e-06, 1.08273354726e-06, 5.66226106002e-07, 6.80518496665e-07, 2.4806237775e-07, 1.10988381152e-07, 7.94824330796e-08, 6.24665972282e-08, 7.03446048078e-08, 6.66442261377e-08, 5.35364499399e-08, 8.46448457992e-08, 7.42532435538e-08, 7.97144892317e-08, 3.13347960912e-08, 2.82470846713e-08, 3.53740041703e-08, 2.35169981266e-08, 1.58436517239e-08, 1.23508954175e-08, 1.59775730424e-08, 1.2066647237e-08, 3.41411254823e-09, 2.44370501612e-09, 7.4467931821e-10, 8.2182156913e-11], "median": [0.0806665718555, 0.551467478275, 0.356936722994, 0.600873351097, 3.07668018341, 11.3062381744, 14.0353126526, 12.4034976959, 16.8314476013, 22.8490104675, 10.4972867966, 15.9357662201, 20.2173156738, 12.1048135757, 6.40061759949, 5.35974884033, 4.07505321503, 2.36097359657, 2.06366825104, 2.02539467812, 1.15967714787, 0.452891767025, 0.424309134483, 0.6521884799, 0.436859607697, 0.26093429327, 0.114194959402, 0.0934757590294, 0.0977619737387, 0.0673144310713, 0.0316107347608, 0.0108980946243, 0.0116874575615, 0.0102395238355, 0.00767919002101, 0.00296872155741, 0.000694779097103, 9.05510314624e-05, 2.90820098598e-05, 3.36186567438e-05], "max": [2.07281804085, 12.8305234909, 47.1066932678, 76.1057128906, 145.170883179, 388.923553467, 879.97668457, 1698.7064209, 620.825683594, 965.58782959, 1744.88525391, 3312.89624023, 3522.42602539, 1423.70483398, 3275.80102539, 1337.1776123, 805.309875488, 1039.52453613, 1485.41418457, 432.417663574, 119.868965149, 108.835731506, 86.1976318359, 76.2173690796, 47.8553695679, 155.814529419, 93.3171310425, 103.020568848, 312.251464844, 147.730926514, 74.1202163696, 52.3459892273, 76.5262451172, 39.1625976563, 14.0308465958, 5.06922006607, 1.46537780762, 0.13794477284, 0.0116258431226, 0.000448892242275]}, "silence_rate_30dB": {"dmean": 0.00462275044993, "dvar2": 0.010812827386, "mean": 0.995047867298, "var": 0.00492761377245, "dmean2": 0.00924702733755, "dvar": 0.00460129277781, "min": 0, "median": 1, "max": 1}, "silence_rate_60dB": {"dmean": 0.00825491175056, "dvar2": 0.0195442959666, "mean": 0.0625618994236, "var": 0.0586475729942, "dmean2": 0.0165125504136, "dvar": 0.00818727817386, "min": 0, "median": 0, "max": 1}, "spectral_energyband_middle_low": {"dmean": 0.00526553764939, "dvar2": 0.000136331131216, "mean": 0.0205521136522, "var": 0.000278447725577, "dmean2": 0.00808302871883, "dvar": 5.78003782721e-05, "min": 6.06271755021e-10, "median": 0.016824491322, "max": 0.164398297668}, "spectral_spread": {"dmean": 490735.0625, "dvar2": 715374264320, "mean": 2653989.5, "var": 2523520565250.0, "dmean2": 742744.6875, "dvar": 391800389632, "min": 324208.96875, "median": 2468363.25, "max": 15060209}, "barkbands": {"dmean": [8.12622529338e-05, 0.00157675915398, 0.00080671464093, 0.000726507278159, 0.00250671291724, 0.00160546752159, 0.00108127587009, 0.000906676694285, 0.00129896041472, 0.000486789562274, 0.000310695293592, 0.00032860194915, 0.