{"lowlevel": {"spectral_strongpeak": {"max": 127.460067749, "dmean": 3.23736214638, "dvar2": 362.083374023, "dmean2": 6.09067201614, "var": 101.373794556, "median": 0.361929297447, "min": 0, "dvar": 127.302436829, "mean": 2.80494403839}, "barkbands_flatness_db": {"max": 0.38965383172, "dmean": 0.0221748854965, "dvar2": 0.00100066245068, "dmean2": 0.0343749038875, "var": 0.00196990091354, "median": 0.0980667248368, "min": 0.0290367435664, "dvar": 0.000425528298365, "mean": 0.107279703021}, "barkbands_skewness": {"max": 8.29838371277, "dmean": 0.584651529789, "dvar2": 0.836476683617, "dmean2": 0.903285801411, "var": 1.25662434101, "median": 1.34236931801, "min": -1.98217773438, "dvar": 0.36639559269, "mean": 1.43697655201}, "spectral_energyband_middle_high": {"max": 0.0928401201963, "dmean": 0.00264625321142, "dvar2": 3.09132265102e-05, "dmean2": 0.00401768088341, "var": 4.1958552174e-05, "median": 0.0052049588412, "min": 1.82056152033e-21, "dvar": 1.41027385325e-05, "mean": 0.00680717034265}, "erbbands_kurtosis": {"max": 81.2618103027, "dmean": 1.52822816372, "dvar2": 16.5237998962, "dmean2": 2.40463709831, "var": 14.7989006042, "median": 0.607919454575, "min": -1.66115188599, "dvar": 7.00641870499, "mean": 1.6949313879}, "erbbands_crest": {"max": 30.5361099243, "dmean": 2.84897279739, "dvar2": 19.0209465027, "dmean2": 4.63465690613, "var": 19.4369831085, "median": 7.62659454346, "min": 2.5444047451, "dvar": 7.6559176445, "mean": 8.79930686951}, "dynamic_complexity": 2.11728429794, "barkbands_crest": {"max": 24.2394142151, "dmean": 2.78199005127, "dvar2": 16.9399757385, "dmean2": 4.60984230042, "var": 13.3221321106, "median": 7.92388010025, "min": 2.54920196533, "dvar": 6.34178733826, "mean": 8.62519073486}, "dissonance": {"max": 0.500000119209, "dmean": 0.0190064180642, "dvar2": 0.00137366179843, "dmean2": 0.0317770093679, "var": 0.00115490460303, "median": 0.479949891567, "min": 0.178287580609, "dvar": 0.000537690590136, "mean": 0.468932926655}, "spectral_energyband_low": {"max": 0.234596729279, "dmean": 0.00841354299337, "dvar2": 0.000697616662364, "dmean2": 0.0142987584695, "var": 0.00023287635122, "median": 0.00559463910758, "min": 2.25756516779e-22, "dvar": 0.0002592522942, "mean": 0.010299581103}, "spectral_contrast_coeffs": {"max": [-0.368421316147, -0.417431741953, -0.510032355785, -0.614547729492, -0.599288284779, -0.450526326895], "dmean": [0.0560220405459, 0.0512831248343, 0.0418633855879, 0.029855184257, 0.0234715472907, 0.0330927670002], "dvar2": [0.00504764867947, 0.00426806742325, 0.0028997019399, 0.00151190627366, 0.00104101793841, 0.00185466965195], "dmean2": [0.0920624658465, 0.0836604759097, 0.0684201791883, 0.0496957115829, 0.0378265976906, 0.0500650443137], "var": [0.00641454011202, 0.00530047994107, 0.0033839023672, 0.00148210104089, 0.0013001782354, 0.00510491710156], "median": [-0.68613421917, -0.76046192646, -0.80019402504, -0.807351469994, -0.810193836689, -0.687317848206], "min": [-0.99453830719, -0.977356553078, -0.980667829514, -0.982289552689, -0.96424216032, -0.960587024689], "dvar": [0.00190167070832, 0.00163318531122, 0.00110777688678, 0.000581361819059, 0.000436458649347, 0.000881670508534], "mean": [-0.682066559792, -0.752783894539, -0.791972637177, -0.80377048254, -0.807352244854, -0.697038888931]}, "silence_rate_60dB": {"max": 1, "dmean": 0.004147533793, "dvar2": 0.0100050782785, "dmean2": 0.00829629600048, "var": 0.0122874137014, "median": 0, "min": 0, "dvar": 0.00413029594347, "mean": 0.0124407587573}, "mfcc": {"icov": [[0.000322152249282, -7.95045780251e-05, 0.000228902878007, -0.000270745425951, 0.000528211763594, -0.000517402251717, 0.000344925007084, -0.000211864986341, 6.99068041285e-05, -7.48289239709e-05, -0.000211551057873, 0.000282132445136, -0.00041810167022], [-7.95045780251e-05, 0.00141512230039, -0.000112160159915, 0.00113203679211, -0.000786702672485, 0.000456492212834, -0.000116386865557, 0.000692611094564, -0.000313627213473, 0.000243187882006, 4.61402451037e-05, -0.000244826107519, 0.000460230483441], [0.000228902878007, -0.000112160159915, 0.00268406514078, 5.06216529175e-05, 0.000372864917153, -2.75560814771e-05, 0.000739453535061, 0.000239207729464, 0.000218498273171, -0.000369949877495, -0.00057107541943, 0.000404728489229, -0.000420350319473], [-0.000270745425951, 0.00113203679211, 5.06216529175e-05, 0.00336526241153, -0.000737075461075, 0.000202374038054, -0.000449515122455, 0.00036736074253, 0.000116507158964, -0.00118316686712, 0.000529093667865, -0.00105162803084, 0.000973104673903], [0.000528211763594, -0.000786702672485, 0.000372864917153, -0.000737075461075, 0.00637603644282, -0.00249822158366, -6.25562533969e-05, 0.000235870669712, -0.00121523777489, 0.000985625898466, -0.00235482840799, 0.00254649762064, -0.00187005486805], [-0.000517402251717, 0.000456492212834, -2.75560814771e-05, 0.000202374038054, -0.00249822158366, 0.00696430727839, -0.0037611220032, -5.80590640311e-05, 0.00213300366886, -0.00179076683708, 0.00245417794213, -0.00146074511576, -0.000665929692332], [0.000344925007084, -0.000116386865557, 0.000739453535061, -0.000449515122455, -6.25562533969e-05, -0.0037611220032, 0.0101385666057, -0.00274847471155, -0.00239283847623, 0.00196417188272, -0.000672925321851, 0.00140734214801, -0.000511818972882], [-0.000211864986341, 0.000692611094564, 0.000239207729464, 0.00036736074253, 0.000235870669712, -5.80590640311e-05, -0.00274847471155, 0.0109661407769, -0.00154921109788, -0.000558782252483, -0.000182620598935, 0.00112573429942, -0.000160147857969], [6.99068041285e-05, -0.000313627213473, 0.000218498273171, 0.000116507158964, -0.00121523777489, 0.00213300366886, -0.00239283847623, -0.00154921109788, 0.0136337578297, -0.00486349221319, 0.00078437657794, -0.00128195667639, 1.02143967524e-05], [-7.48289239709e-05, 0.000243187882006, -0.000369949877495, -0.00118316686712, 0.000985625898466, -0.00179076683708, 0.00196417188272, -0.000558782252483, -0.00486349221319, 0.0147967208177, -0.00559310708195, -0.00064307282446, -7.46312798583e-05], [-0.000211551057873, 4.61402451037e-05, -0.00057107541943, 0.000529093667865, -0.00235482840799, 0.00245417794213, -0.000672925321851, -0.000182620598935, 0.00078437657794, -0.00559310708195, 0.01656399481, -0.00458408938721, -0.00195336900651], [0.000282132445136, -0.000244826107519, 0.000404728489229, -0.00105162803084, 0.00254649762064, -0.00146074511576, 0.00140734214801, 0.00112573429942, -0.00128195667639, -0.00064307282446, -0.00458408938721, 0.0142420465127, -0.00288447062485], [-0.00041810167022, 0.000460230483441, -0.000420350319473, 0.000973104673903, -0.00187005486805, -0.000665929692332, -0.000511818972882, -0.000160147857969, 1.02143967524e-05, -7.46312798583e-05, -0.00195336900651, -0.00288447062485, 0.0149013269693]], "cov": [[4914.53173828, -555.740600586, -390.764038086, 520.081298828, -268.957946777, 354.872161865, 6.43629980087, 126.257453918, -54.3624000549, 119.542030334, 11.8647174835, 41.866558075, 104.049461365], [-555.740600586, 1193.09777832, 98.3574447632, -440.90133667, 113.493591309, -120.61592865, -40.2552642822, -84.9392471313, 16.7788085938, -69.9097671509, 3.27553963661, -30.4773731232, -20.1497898102], [-390.764038086, 98.3574447632, 436.948669434, -73.5133209229, -11.8925409317, -71.6938934326, -58.3295478821, -35.7772140503, -5.10599517822, 6.24378919601, 20.9218120575, 1.32003891468, -0.926854074001], [520.081298828, -440.90133667, -73.5133209229, 509.659667969, -24.1344985962, 79.0750732422, 26.879535675, 30.2376747131, 2.78339791298, 62.3056182861, 6.15005493164, 34.7595710754, 2.45165419579], [-268.957946777, 113.493591309, -11.8925409317, -24.1344985962, 247.521011353, 73.6225357056, 51.2252426147, 1.79826486111, 17.4902610779, -9.46723556519, 14.648897171, -25.5054473877, 23.2444076538], [354.872161865, -120.61592865, -71.6938934326, 79.0750732422, 73.6225357056, 273.347045898, 102.110069275, 37.9654922485, -11.9249448776, 14.4556522369, -16.3528556824, 0.942964375019, 29.9856777191], [6.43629980087, -40.2552642822, -58.3295478821, 26.879535675, 51.2252426147, 102.110069275, 162.176498413, 46.9101295471, 18.520860672, -7.66130018234, -9.82771396637, -15.252038002, 10.7976846695], [126.257453918, -84.9392471313, -35.7772140503, 30.2376747131, 1.79826486111, 37.9654922485, 46.9101295471, 114.422393799, 16.3116283417, 10.7343759537, -1.16249573231, -7.9657497406, 6.29357671738], [-54.3624000549, 16.7788085938, -5.10599517822, 2.78339791298, 17.4902610779, -11.9249448776, 18.520860672, 16.3116283417, 93.8923339844, 31.4009017944, 13.3066453934, 9.1503572464, 3.71264672279], [119.542030334, -69.9097671509, 6.24378919601, 62.3056182861, -9.46723556519, 14.4556522369, -7.66130018234, 10.7343759537, 31.4009017944, 104.417076111, 38.6749572754, 26.2737445831, 11.5878572464], [11.8647174835, 3.27553963661, 20.9218120575, 6.15005493164, 14.648897171, -16.3528556824, -9.82771396637, -1.16249573231, 13.3066453934, 38.6749572754, 88.6155395508, 31.7890033722, 19.1321849823], [41.866558075, -30.4773731232, 1.32003891468, 34.7595710754, -25.5054473877, 0.942964375019, -15.252038002, -7.9657497406, 9.1503572464, 26.2737445831, 31.7890033722, 94.2019729614, 18.6424007416], [104.049461365, -20.1497898102, -0.926854074001, 2.45165419579, 23.2444076538, 29.9856777191, 10.7976846695, 6.29357671738, 3.71264672279, 11.5878572464, 19.1321849823, 18.6424007416, 81.3313522339]], "mean": [-642.064331055, 143.379257202, -25.0975933075, 30.3436775208, -10.9189949036, 19.9546413422, 0.299616515636, 4.81415128708, -3.97089028358, 4.76393032074, -0.0917445644736, 5.40612840652, -0.401802092791]}, "melbands_spread": {"max": 168.139678955, "dmean": 9.54156112671, "dvar2": 309.270111084, "dmean2": 14.567196846, "var": 548.421936035, "median": 23.8420677185, "min": 0.946057140827, "dvar": 160.006958008, "mean": 29.3864078522}, "barkbands_kurtosis": {"max": 148.779876709, "dmean": 2.93993854523, "dvar2": 81.1190948486, "dmean2": 4.71635866165, "var": 65.5007858276, "median": 1.64239501953, "min": -1.78670454025, "dvar": 34.6054229736, "mean": 3.96252250671}, "spectral_energyband_high": {"max": 0.0381545647979, "dmean": 0.0013056776952, "dvar2": 1.15765087685e-05, "dmean2": 0.00181373988744, "var": 1.74139331648e-05, "median": 0.00138831546064, "min": 7.44936079887e-21, "dvar": 6.47934984954e-06, "mean": 0.00259318365715}, "hfc": {"max": 681.129272461, "dmean": 40.7589378357, "dvar2": 4614.23095703, "dmean2": 62.1498184204, "var": 10557.9824219, "median": 136.4037323, "min": 1.17394001929e-16, "dvar": 2020.96484375, "mean": 154.013824463}, "spectral_skewness": {"max": 11.0184898376, "dmean": 0.30300489068, "dvar2": 0.389374792576, "dmean2": 0.4529684484, "var": 0.66049015522, "median": 2.67551851273, "min": 0.0309244953096, "dvar": 0.163082912564, "mean": 2.85898423195}, "erbbands": {"max": [10.3553590775, 25.6111812592, 32.1957931519, 64.0303115845, 80.1234512329, 141.635131836, 470.225097656, 722.109008789, 1056.51879883, 1038.61547852, 1546.70812988, 1512.3762207, 1464.12255859, 1839.3416748, 3002.69458008, 785.636962891, 799.098449707, 879.744812012, 460.294006348, 428.748535156, 330.773986816, 402.008300781, 398.360168457, 556.416259766, 531.683227539, 573.834777832, 503.492523193, 232.011901855, 103.577720642, 64.351524353, 15.7981061935, 8.71363449097, 3.24897694588, 1.19942259789, 0.493201196194, 4.06328868866, 5.37107992172, 10.3392562866, 5.71027040482, 0.226421296597], "dmean": [0.290777266026, 0.842679321766, 1.51796400547, 3.47817111015, 3.98398470879, 4.85784053802, 11.1201429367, 11.6264753342, 10.7713823318, 22.8616428375, 19.5208969116, 22.5871677399, 24.6228885651, 25.3059253693, 32.7940483093, 25.3201656342, 26.9319591522, 23.6855583191, 15.854101181, 12.3599462509, 11.4544763565, 9.66493606567, 10.9898691177, 9.55991172791, 14.3473377228, 14.2525749207, 10.0950393677, 5.23552083969, 3.50165486336, 2.69879722595, 0.613525509834, 0.235810473561, 0.106476962566, 0.0374334156513, 0.0183517355472, 0.104773804545, 0.201799750328, 0.426281780005, 0.15042629838, 0.0122609008104], "dvar2": [1.44773828983, 5.30977392197, 22.0541706085, 86.4587936401, 124.381820679, 223.328155518, 1203.20251465, 2227.71582031, 1614.67248535, 4747.94238281, 8234.99804688, 7008.19433594, 10301.5869141, 10277.8095703, 17863.3652344, 4037.546875, 5392.99365234, 3547.38989258, 1404.10083008, 917.671264648, 859.534240723, 729.857910156, 1130.53649902, 1034.70471191, 2222.79833984, 2457.47924805, 1429.88195801, 300.39074707, 104.241851807, 80.3166503906, 2.81767249107, 0.362496733665, 0.0681126862764, 0.0185205712914, 0.00294782454148, 0.241412982345, 0.504144608974, 1.88828313351, 0.200713291764, 0.000597954378463], "dmean2": [0.511748075485, 1.40633869171, 2.55604028702, 5.85734653473, 6.91131210327, 8.16073131561, 17.3948421478, 18.1929416656, 16.9197921753, 35.9285087585, 30.906080246, 35.5056533813, 39.2428245544, 40.1457633972, 51.7346534729, 41.2929916382, 44.1235694885, 37.7463607788, 25.7145652771, 19.8545513153, 18.3559322357, 15.3935003281, 17.3607521057, 14.6744909286, 22.391494751, 20.7661323547, 14.4130983353, 7.48838996887, 5.27979803085, 4.23601198196, 0.931692659855, 0.355766862631, 0.160700127482, 0.0614791214466, 0.0299612749368, 0.170649558306, 0.309874236584, 0.652414500713, 0.208549872041, 0.0178012065589], "var": [0.388351917267, 2.17152667046, 7.84594202042, 50.8503684998, 50.8950576782, 96.8460006714, 1140.85644531, 1473.80786133, 2438.46118164, 4742.55224609, 5237.02294922, 6453.49658203, 5876.55029297, 8643.77539062, 15525.5908203, 3001.07446289, 3522.98583984, 2645.48901367, 939.325744629, 693.819091797, 609.082458496, 562.246765137, 820.176940918, 864.412963867, 1746.05395508, 2681.11791992, 1941.1875, 395.95489502, 78.7361602783, 34.9491500854, 1.74010467529, 0.246425807476, 0.0444659776986, 0.00612231343985, 0.00112393102609, 0.0701906457543, 0.2247659266, 0.956591904163, 0.333316236734, 0.00127923046239], "median": [0.0769114047289, 0.502774238586, 1.02709889412, 2.18799734116, 2.78808355331, 3.03779172897, 5.32109117508, 5.38685655594, 6.85925483704, 13.6182918549, 8.3147354126, 11.9317531586, 12.3735027313, 13.4693241119, 20.690114975, 27.3455429077, 27.4958362579, 27.5470657349, 19.5245437622, 13.0645360947, 12.8039798737, 11.0214767456, 8.91005897522, 7.08274078369, 9.53566932678, 7.76021194458, 5.50905370712, 3.78152275085, 2.65681815147, 1.79379153252, 0.526306390762, 0.269055038691, 0.115594610572, 0.0223138723522, 0.0113678257912, 0.0718187838793, 0.169873207808, 0.281389415264, 0.120697379112, 0.0320637449622], "min": [4.4884096351e-21, 1.8156511048e-20, 4.05151480753e-20, 1.43236727445e-19, 1.67871161288e-19, 9.35479363499e-20, 5.04399848284e-19, 4.2528483068e-19, 6.26079098667e-19, 1.18332405247e-18, 1.54157132287e-18, 1.34203881551e-18, 1.92157757929e-18, 2.31065542209e-18, 2.34284908474e-18, 3.49850746123e-18, 6.57234494548e-18, 5.60526617105e-18, 1.17601988222e-17, 9.26990045061e-18, 9.29818506448e-18, 1.02491995778e-17, 1.12173871878e-17, 2.32462964592e-17, 1.60330432898e-17, 1.84073080738e-17, 2.44351253987e-17, 1.9593612458e-17, 2.13857075269e-17, 1.54376403392e-17, 1.36258029506e-17, 1.29594312122e-17, 1.7139236886e-17, 1.52132758699e-17, 1.10395623813e-17, 4.48791225398e-18, 2.84587415884e-18, 1.23583265057e-18, 2.50918879867e-19, 3.35840563199e-20], "dvar": [0.51909840107, 2.00872159004, 8.35629367828, 32.1229171753, 43.6698646545, 84.86353302, 536.568603516, 904.848022461, 721.431945801, 2217.98388672, 3454.03515625, 3190.53442383, 4316.8515625, 4560.08837891, 8546.98535156, 1574.20935059, 2102.33227539, 1476.42565918, 564.02935791, 391.207092285, 347.635375977, 316.224914551, 471.572937012, 452.90246582, 963.339416504, 1256.77722168, 790.972290039, 157.561691284, 46.5318336487, 32.2610664368, 1.2425814867, 0.160934150219, 0.0298344157636, 0.00718715926632, 0.00116724881809, 0.0895797759295, 0.20133471489, 0.772165715694, 0.119708284736, 0.000303498236462], "mean": [0.265385061502, 1.01761007309, 1.87909281254, 4.87568044662, 5.27020168304, 6.15583181381, 16.7486476898, 17.5414180756, 18.3467559814, 34.4240226746, 28.7027549744, 35.1268081665, 32.6524467468, 36.7346076965, 48.9510421753, 43.5266036987, 44.7705307007, 41.3979682922, 27.8990745544, 21.2882957458, 19.9601821899, 17.778377533, 18.1107215881, 16.2370185852, 22.1447849274, 22.3086032867, 17.2462558746, 9.33847141266, 5.40091133118, 3.66001057625, 0.953604698181, 0.416102230549, 0.174892529845, 0.0432698391378, 0.021663133055, 0.133515745401, 0.302016228437, 0.59956485033, 0.282636404037, 0.039866682142]}, "spectral_contrast_valleys": {"max": [-5.25067710876, -4.58613967896, -5.23686122894, -5.23509454727, -5.33051156998, -9.14283657074], "dmean": [0.431647092104, 0.379183530807, 0.338437050581, 0.296827882528, 0.302139759064, 0.425759166479], "dvar2": [0.335229694843, 0.253456056118, 0.19762557745, 0.176098287106, 0.219360917807, 0.352670252323], "dmean2": [0.706902146339, 0.602967500687, 0.515630543232, 0.44682341814, 0.422648429871, 0.641716599464], "var": [1.34622728825, 1.06703090668, 1.03150594234, 1.06586825848, 1.23436570168, 0.757907807827], "median": [-6.94425201416, -6.4182138443, -6.66341352463, -6.92599868774, -7.09831905365, -10.7854747772], "min": [-27.0568027496, -27.5145721436, -27.0611953735, -27.1847000122, -27.3468837738, -27.2214355469], "dvar": [0.144668951631, 0.125221461058, 0.108680434525, 0.101191557944, 0.127520754933, 0.161908268929], "mean": [-7.10299730301, -6.5048418045, -6.80318164825, -7.11087417603, -7.29895877838, -10.903506279]}, "average_loudness": 0.942474842072, "erbbands_spread": {"max": 93.5479049683, "dmean": 7.20057106018, "dvar2": 109.072349548, "dmean2": 11.2719020844, "var": 155.906524658, "median": 27.9446716309, "min": 0.660029113293, "dvar": 47.1158447266, "mean": 28.4133224487}, "melbands_flatness_db": {"max": 0.497213840485, "dmean": 0.0310635734349, "dvar2": 0.00172597647179, "dmean2": 0.0474910251796, "var": 0.00382991251536, "median": 0.194403156638, "min": 0.0055789728649, "dvar": 0.000750943028834, "mean": 0.200049847364}, "barkbands_spread": {"max": 128.816741943, "dmean": 10.8185739517, "dvar2": 287.515533447, "dmean2": 16.8621520996, "var": 491.363861084, "median": 39.9154434204, "min": 0.726237535477, "dvar": 121.986038208, "mean": 42.0971641541}, "spectral_decrease": {"max": 3.39120687087e-09, "dmean": 3.24862425849e-09, "dvar2": 5.95674464319e-17, "dmean2": 5.24068077823e-09, "var": 3.05657563107e-17, "median": -3.93843802016e-09, "min": -6.66253967552e-08, "dvar": 2.33846291818e-17, "mean": -5.5856839154e-09}, "melbands_crest": {"max": 37.5629196167, "dmean": 4.59448671341, "dvar2": 48.393283844, "dmean2": 7.6783246994, "var": 34.6063423157, "median": 12.5261888504, "min": 1.79886651039, "dvar": 18.2180862427, "mean": 13.7323083878}, "erbbands_flatness_db": {"max": 0.481168270111, "dmean": 0.0208541117609, "dvar2": 0.000826221192256, "dmean2": 0.0313705392182, "var": 0.00222208653577, "median": 0.125834912062, "min": 0.0364595763385, "dvar": 0.000399758137064, "mean": 0.135664239526}, "melbands_kurtosis": {"max": 162.779800415, "dmean": 4.66427659988, "dvar2": 152.749053955, "dmean2": 7.6767411232, "var": 112.88507843, "median": 3.51616168022, "min": -1.90411496162, "dvar": 64.3545837402, "mean": 6.27102804184}, "spectral_rms": {"max": 0.0160266608, "dmean": 0.00103556795511, "dvar2": 3.16511318488e-06, "dmean2": 0.00158096360974, "var": 3.61909087587e-06, "median": 0.00538821518421, "min": 3.29820741031e-12, "dvar": 1.33653566081e-06, "mean": 0.00552965747193}, "melbands_skewness": {"max": 11.2587614059, "dmean": 0.753518283367, "dvar2": 1.34755468369, "dmean2": 1.20578253269, "var": 1.64959251881, "median": 1.66639208794, "min": -3.70347094536, "dvar": 0.552808225155, "mean": 1.81673836708}, "barkbands": {"max": [0.068293467164, 0.196741342545, 0.0415394231677, 0.0360827110708, 0.0449943318963, 0.0615895912051, 0.0565043203533, 0.0508202463388, 0.0689070299268, 0.0434498786926, 0.0886959657073, 0.0218321923167, 0.0225654356182, 0.0155429858714, 0.0081279175356, 0.00564102549106, 0.00644324859604, 0.00753281405196, 0.0108662592247, 0.013084561564, 0.00931351818144, 0.0033569871448, 0.00053123064572, 0.00028089346597, 9.18663863558e-05, 0.00224776868708, 0.0199159737676], "dmean": [0.00230993703008, 0.00564786139876, 0.00146880489774, 0.0015223864466, 0.00131148169748, 0.00155404186808, 0.00117708509788, 0.000803341157734, 0.00112883397378, 0.000723334494978, 0.000902699131984, 0.000673679518513, 0.000626564957201, 0.000416698807385, 0.000287927687168, 0.000217798879021, 0.000175388602656, 0.000207670440432, 0.000211502541788, 0.000341766804922, 0.000179641545401, 0.000113083704491, 2.38513675868e-05, 7.67640813137e-06, 2.79557843896e-06, 8.78997525433e-05, 0.000912258517928], "dvar2": [9.21822575037e-05, 0.000391774286982, 2.21885857172e-05, 1.72799773281e-05, 1.61766347446e-05, 2.71059470833e-05, 1.13384285214e-05, 1.38385494211e-05, 1.62203905347e-05, 9.55427913141e-06, 1.53596538439e-05, 3.16315890814e-06, 3.10900122713e-06, 1.11002725589e-06, 4.41525713768e-07, 3.0131479889e-07, 2.36997621528e-07, 4.29859426276e-07, 5.82597181165e-07, 1.26412828649e-06, 4.25298566142e-07, 1.16226921421e-07, 4.73776173848e-09, 3.26202370671e-10, 9.96475540971e-11, 1.01906763916e-07, 4.54311202702e-06], "dmean2": [0.00392477493733, 0.00969693809748, 0.00248386687599, 0.00258470117114, 0.0021839980036, 0.00241127703339, 0.00182446499821, 0.00131045770831, 0.00177542958409, 0.00115989160258, 0.00143693061545, 0.00110546918586, 0.00103944528382, 0.000676349445712, 0.000466044235509, 0.000353062525392, 0.000281456654193, 0.000329241564032, 0.000327107030898, 0.000512444821652, 0.000260201923084, 0.000173201289726, 3.6562596506e-05, 1.14736467367e-05, 4.66752044304e-06, 0.000136158210807, 0.00129655771889], "var": [3.12733209284e-05, 0.000122830257169, 7.67951678426e-06, 1.02912108559e-05, 7.56878534958e-06, 2.35987281485e-05, 1.4577726688e-05, 6.75786213833e-06, 1.50964324348e-05, 6.05229206485e-06, 1.25873675643e-05, 2.14041551772e-06, 1.99069859264e-06, 7.47714580029e-07, 2.98024332324e-07, 2.07464580626e-07, 1.7297878685e-07, 2.9954358638e-07, 4.42134535206e-07, 1.27878297462e-06, 5.41462554793e-07, 6.72291449177e-08, 2.64695976249e-09, 2.35810565519e-10, 3.23516699541e-11, 4.24836521518e-08, 7.17660850569e-06], "median": [0.000415609683841, 0.00262174615636, 0.000816200335976, 0.000830898876302, 0.00094603234902, 0.000728393963072, 0.000768530997448, 0.000313645869028, 0.000585354748182, 0.000302833679598, 0.000438882037997, 0.000651897629723, 0.000555636244826, 0.000478954374557, 0.000294207362458, 0.000216327433009, 0.00018687028205, 0.000157278118422, 0.000139302544994, 0.000189609127119, 0.000113327565487, 7.97908578534e-05, 2.01698439923e-05, 9.58984128374e-06, 1.0825276604e-06, 7.22231343389e-05, 0.00141254928894], "min": [1.15243944959e-22, 1.01735213139e-22, 3.21033193158e-23, 7.23155986228e-23, 2.77852808918e-23, 7.70001828441e-23, 5.00912285992e-23, 8.19677977365e-23, 5.69748793453e-23, 5.76890761436e-23, 5.86795130982e-23, 7.71134758919e-23, 1.46607830239e-22, 1.51844667581e-22, 2.22214846859e-22, 1.74481163785e-22, 1.6360588948e-22, 2.17905268179e-22, 4.24032653716e-22, 3.95172133323e-22, 5.55266645141e-22, 5.73868666862e-22, 4.67354168328e-22, 8.69202740725e-22, 1.43555347481e-21, 1.43025677239e-21, 2.15942506516e-21], "dvar": [3.67611828551e-05, 0.000143084980664, 8.29433611216e-06, 6.27313966106e-06, 6.25377651886e-06, 1.15908196676e-05, 5.39254824616e-06, 5.51844186703e-06, 7.30288047635e-06, 3.90861487176e-06, 7.21381866242e-06, 1.2216645473e-06, 1.2051145859e-06, 4.52247007843e-07, 1.8002407387e-07, 1.23077072089e-07, 1.00082957033e-07, 1.77685677727e-07, 2.47272225806e-07, 6.22996708444e-07, 2.22024084451e-07, 4.88515112806e-08, 2.03286232292e-09, 1.45661246953e-10, 3.86592459434e-11, 4.01471105249e-08, 2.43036151915e-06], "mean": [0.00202120165341, 0.00607301294804, 0.0016743761953, 0.00203914870508, 0.00177796150092, 0.0024191129487, 0.00191636139061, 0.00102445296943, 0.0017361639766, 0.000917695870157, 0.00122370070312, 0.00107523147017, 0.000973382324446, 0.000708808074705, 0.00046627203119, 0.000356482662028, 0.000307382957544, 0.000333298521582, 0.000339902762789, 0.000519883353263, 0.000316205172567, 0.000164005250554, 3.62348364433e-05, 1.39513531394e-05, 2.76528339782e-06, 0.00012792731286, 0.00212306343019]}, "spectral_kurtosis": {"max": 161.89163208, "dmean": 3.70019340515, "dvar2": 124.62563324, "dmean2": 5.59437799454, "var": 114.579559326, "median": 14.9491968155, "min": -1.18149733543, "dvar": 48.1257019043, "mean": 17.4361457825}, "erbbands_skewness": {"max": 5.21239566803, "dmean": 0.426220595837, "dvar2": 0.385931462049, "dmean2": 0.634476840496, "var": 0.817444622517, "median": 0.126976296306, "min": -3.88112521172, "dvar": 0.17893794179, "mean": 0.163001611829}, "melbands": {"max": [0.0725089162588, 0.0129530876875, 0.0124668059871, 0.00539606530219, 0.015266395174, 0.0142411636189, 0.013396371156, 0.0102391494438, 0.015971167013, 0.00997952092439, 0.00707192113623, 0.00771324103698, 0.0135419555008, 0.00278210407123, 0.00268969452009, 0.0022765675094, 0.00169463059865, 0.000922197068576, 0.000611494353507, 0.000573600002099, 0.000390682194848, 0.000398118863814, 0.000507227610797, 0.000394100876292, 0.000503542134538, 0.000426178565249, 0.000480019778479, 0.000377917167498, 0.000434434099589, 0.000297769991448, 0.000132161309011, 8.29670752864e-05, 8.05516465334e-05, 2.0669085643e-05, 1.34434831125e-05, 6.46386934022e-06, 4.6501709221e-06, 2.90656657853e-06, 2.43137083089e-06, 5.94091829953e-07], "dmean": [0.00208222540095, 0.000835922081023, 0.000608476344496, 0.000275660335319, 0.000344876490999, 0.00026918752701, 0.000184798278497, 0.000229673882131, 0.000172661384568, 0.000148560488014, 0.000123785546748, 0.000100994708191, 0.000123246340081, 7.62913114158e-05, 7.0823392889e-05, 5.9873527789e-05, 4.37783637608e-05, 2.78273691947e-05, 2.03790405067e-05, 1.56722890097e-05, 1.35495520226e-05, 1.09321645141e-05, 1.06511188278e-05, 1.00902998383e-05, 7.89364548837e-06, 8.54699283082e-06, 1.43110282806e-05, 9.05374417925e-06, 7.49503396946e-06, 4.51993173556e-06, 2.74655712929e-06, 1.81126267762e-06, 2.80653921436e-06, 9.42821827721e-07, 3.67369210608e-07, 2.2159859725e-07, 1.20201747222e-07, 7.62436869195e-08, 6.59706600459e-08, 2.1014718854e-08], "dvar2": [6.52059025015e-05, 4.41177508037e-06, 2.58701015809e-06, 5.86487090004e-07, 1.118162686e-06, 1.04528805878e-06, 3.80240976483e-07, 5.38236690772e-07, 6.21454034899e-07, 2.97194304721e-07, 2.58670723952e-07, 1.80638167535e-07, 3.11256428631e-07, 4.4504364638e-08, 3.62844154722e-08, 2.97165829721e-08, 1.22913013101e-08, 4.76894213008e-09, 2.56244003793e-09, 1.66586588968e-09, 1.30533173159e-09, 9.11771380618e-10, 1.04103581311e-09, 1.12032638722e-09, 7.57041540567e-10, 1.00344799137e-09, 2.29526264661e-09, 1.27226962299e-09, 9.03374097749e-10, 3.07544045786e-10, 8.52757170433e-11, 3.31575426837e-11, 9.15843581528e-11, 9.19942854533e-12, 9.96558304628e-13, 3.71245812954e-13, 9.46257097201e-14, 3.17638744354e-14, 7.34588849168e-14, 3.65619442342e-15], "dmean2": [0.00360119575635, 0.00139086612035, 0.00102937675547, 0.000471922336146, 0.000541295390576, 0.0004177185765, 0.000290506490273, 0.000363062339602, 0.000272066972684, 0.000233148573898, 0.000198037276277, 0.000161241885507, 0.000194292326341, 0.000125464153825, 0.000116616749438, 9.85308215604e-05, 7.02949982951e-05, 4.56444286101e-05, 3.28959904436e-05, 2.55004106293e-05, 2.1889251002e-05, 1.77757301572e-05, 1.68739370565e-05, 1.61884836416e-05, 1.2301084098e-05, 1.32873146867e-05, 2.2795953555e-05, 1.31180750031e-05, 1.09079273898e-05, 6.77636444379e-06, 4.0039826672e-06, 2.7573476018e-06, 4.46639751317e-06, 1.49433208207e-06, 5.64686843063e-07, 3.44292459431e-07, 1.82717315056e-07, 1.14646027782e-07, 1.07567338148e-07, 3.46937731877e-08], "var": [1.91273138626e-05, 1.8549832248e-06, 1.45957460518e-06, 2.22763176794e-07, 9.7746794836e-07, 7.82087113294e-07, 4.96830125485e-07, 4.58508708334e-07, 4.50129732599e-07, 2.80686379028e-07, 1.48534468281e-07, 1.43565102917e-07, 2.7115930834e-07, 3.10111794022e-08, 2.35448034402e-08, 1.88462969675e-08, 8.57467696846e-09, 2.91941071318e-09, 1.70957681345e-09, 1.09546527405e-09, 8.61916704675e-10, 6.2916072352e-10, 7.56187112927e-10, 7.02020663823e-10, 5.75894443244e-10, 7.35582206257e-10, 1.36421052233e-09, 1.30415689359e-09, 1.07109054959e-09, 3.03436914484e-10, 1.05105875392e-10, 2.72988662925e-11, 3.79045787813e-11, 4.09173519719e-12, 6.1841617981e-13, 2.16825269219e-13, 6.1259828319e-14, 2.28073819325e-14, 2.35034177044e-14, 1.42898703954e-15], "median": [0.000774638145231, 0.000632352603134, 0.000437070295447, 0.000214877552935, 0.000189491387573, 0.000127855048049, 0.000122930185171, 0.000133074951009, 6.47317283438e-05, 7.76705128374e-05, 5.75805461267e-05, 4.928535418e-05, 6.40859288978e-05, 6.67471176712e-05, 6.86159910401e-05, 5.41881563549e-05, 4.76741224702e-05, 3.12813936034e-05, 1.895420246e-05, 1.47363261931e-05, 1.42747849168e-05, 1.13410915219e-05, 8.09498487797e-06, 7.16933254807e-06, 5.22944310433e-06, 5.48987554794e-06, 7.69949838286e-06, 4.11008841184e-06, 3.48604771716e-06, 2.76375294561e-06, 1.83441841273e-06, 1.27443820475e-06, 1.48545052525e-06, 6.92537241775e-07, 2.82474900359e-07, 1.99624054176e-07, 1.35107370625e-07, 8.58133120119e-08, 4.25918784686e-08, 8.73996519601e-09], "min": [4.04716125964e-23, 2.14078390332e-23, 2.68199391803e-23, 8.79854432916e-24, 1.37213093236e-23, 1.10786047807e-23, 9.93090840468e-24, 1.56763780149e-23, 1.14059039592e-23, 8.10566491914e-24, 9.60250324325e-24, 9.29519932218e-24, 7.78306577398e-24, 9.82469538354e-24, 1.34089772031e-23, 1.17610144288e-23, 9.99483769244e-24, 1.78506837735e-23, 1.88181065001e-23, 1.23440954449e-23, 9.48493141394e-24, 1.10514127453e-23, 6.86290764855e-24, 1.3300841728e-23, 2.06000991088e-23, 1.12172068529e-23, 1.013385155e-23, 1.29149293954e-23, 1.81685489644e-23, 1.19036467914e-23, 9.83967585213e-24, 1.2822612948e-23, 1.03956823731e-23, 7.81465334235e-24, 7.75094493564e-24, 7.6112644906e-24, 8.22944587264e-24, 1.16571948117e-23, 1.09340436533e-23, 1.43410053186e-23], "dvar": [2.38014872593e-05, 1.68886117535e-06, 9.42301994655e-07, 2.13543856376e-07, 4.89764261147e-07, 4.29446174621e-07, 1.67921839989e-07, 2.36105591966e-07, 2.63478000306e-07, 1.39242402497e-07, 1.08257168563e-07, 7.84754732308e-08, 1.5131355724e-07, 1.73446146334e-08, 1.42270364378e-08, 1.15633085329e-08, 5.07306330277e-09, 1.8750407893e-09, 1.04558806058e-09, 6.85477952178e-10, 5.17989151572e-10, 3.82155335155e-10, 4.50906895155e-10, 4.47780174051e-10, 3.24923032924e-10, 4.21045226462e-10, 9.27314447452e-10, 6.46062814358e-10, 4.77533235177e-10, 1.44024944748e-10, 4.39823316656e-11, 1.53008439252e-11, 3.64769291161e-11, 3.71558339651e-12, 4.38001143601e-13, 1.58699591554e-13, 4.10632492636e-14, 1.39607445206e-14, 2.82755996351e-14, 1.46678016734e-15], "mean": [0.00209556869231, 0.00110765208956, 0.000879086728673, 0.000363120256225, 0.000524632981978, 0.0004181539407, 0.000311124837026, 0.000337778561516, 0.000250143290032, 0.00022485932277, 0.000159326533321, 0.000140754244057, 0.000172721207491, 0.000121155673696, 0.000111392248073, 9.44737912505e-05, 7.30279498384e-05, 4.55852859886e-05, 3.25163127854e-05, 2.50234134e-05, 2.25833846343e-05, 1.85973858606e-05, 1.67812941072e-05, 1.54761528393e-05, 1.26076120068e-05, 1.34172532853e-05, 1.9274351871e-05, 1.37865563374e-05, 1.2011929357e-05, 7.49660966903e-06, 4.65370430902e-06, 2.76994433079e-06, 3.54617736775e-06, 1.30044588786e-06, 5.43512328477e-07, 3.52841766471e-07, 2.08036667004e-07, 1.27378370962e-07, 7.95609054194e-08, 2.13903970092e-08]}, "spectral_centroid": {"max": 10984.6074219, "dmean": 305.156524658, "dvar2": 223381.859375, "dmean2": 444.548553467, "var": 620832.9375, "median": 1337.84472656, "min": 182.400650024, "dvar": 128151.34375, "mean": 1500.91064453}, "pitch_salience": {"max": 0.989110350609, "dmean": 0.0790400281549, "dvar2": 0.0141160357744, "dmean2": 0.129284992814, "var": 0.0115408962592, "median": 0.617295444012, "min": 0.163283973932, "dvar": 0.005358657334, "mean": 0.601409554482}, "gfcc": {"icov": [[0.000154894281877, -0.000260489847278, 0.000516858475748, -0.000325826811604, 0.000243371920078, 1.7333903088e-05, -0.000120426368085, 3.15645083901e-05, 0.000182050338481, -0.000425792939495, 0.00044228284969, -0.000517431588378, 0.00035225081956], [-0.000260489847278, 0.00422571459785, -0.00638726865873, 0.00663934601471, -0.00472586601973, 0.00169830734376, -0.000354434829205, 0.00172318331897, -0.00189977092668, 0.00228534894995, -0.00250291405246, 0.00349418004043, -0.00257380143739], [0.000516858475748, -0.00638726865873, 0.0177987702191, -0.0146775403991, 0.0117472494021, -0.00594141287729, 0.00359408068471, -0.00370109314099, 0.00302828499116, -0.0043450105004, 0.0040704710409, -0.00475904019549, 0.0041475542821], [-0.000325826811604, 0.00663934601471, -0.0146775403991, 0.0180937573314, -0.0131660029292, 0.00655180728063, -0.00355001934804, 0.00176146277227, -0.000431627209764, -0.00014912734332, -0.00116394308861, 0.00271247536875, -0.00232657697052], [0.000243371920078, -0.00472586601973, 0.0117472494021, -0.0131660029292, 0.0141355339438, -0.00670758308843, 0.000952811038587, 0.000387632549973, -0.000451614469057, 0.000659375975374, 0.000398666074034, -0.000674214912578, 0.00207614293322], [1.7333903088e-05, 0.00169830734376, -0.00594141287729, 0.00655180728063, -0.00670758308843, 0.00746973510832, -0.0012742637191, -0.000999857438728, 0.00267397705466, -0.00207309937105, 0.000246938259806, -0.000586663081776, -0.000988234765828], [-0.000120426368085, -0.000354434829205, 0.00359408068471, -0.00355001934804, 0.000952811038587, -0.0012742637191, 0.00767135852948, -0.00129392021336, -0.000688461295795, 4.31486369052e-05, -1.64977027453e-05, -0.00154029810801, 0.000546043680515], [3.15645083901e-05, 0.00172318331897, -0.00370109314099, 0.00176146277227, 0.000387632549973, -0.000999857438728, -0.00129392021336, 0.0114039843902, -0.00663726450875, 0.00341358641163, -0.00229584029876, 0.00361855700612, -0.00229143421166], [0.000182050338481, -0.00189977092668, 0.00302828499116, -0.000431627209764, -0.000451614469057, 0.00267397705466, -0.000688461295795, -0.00663726450875, 0.0168158430606, -0.0102097550407, 0.00203198799863, -0.00221257517114, 0.00229644495994], [-0.000425792939495, 0.00228534894995, -0.0043450105004, -0.00014912734332, 0.000659375975374, -0.00207309937105, 4.31486369052e-05, 0.00341358641163, -0.0102097550407, 0.019229080528, -0.00848623178899, 0.00265175546519, -0.00106641929597], [0.00044228284969, -0.00250291405246, 0.0040704710409, -0.00116394308861, 0.000398666074034, 0.000246938259806, -1.64977027453e-05, -0.00229584029876, 0.00203198799863, -0.00848623178899, 0.0197918508202, -0.00652057211846, -0.00109070132021], [-0.000517431588378, 0.00349418004043, -0.00475904019549, 0.00271247536875, -0.000674214912578, -0.000586663081776, -0.00154029810801, 0.00361855700612, -0.00221257517114, 0.00265175546519, -0.00652057211846, 0.016052890569, -0.00396928982809], [0.00035225081956, -0.00257380143739, 0.0041475542821, -0.00232657697052, 0.00207614293322, -0.000988234765828, 0.000546043680515, -0.00229143421166, 0.00229644495994, -0.00106641929597, -0.00109070132021, -0.00396928982809, 0.014481889084]], "cov": [[9431.98632812, -309.681182861, -369.918701172, 206.157333374, 122.160957336, -271.607971191, 356.986816406, -260.766845703, 24.4061965942, 112.156745911, -81.3550567627, 223.263519287, -176.707504272], [-309.681182861, 1140.9119873, 70.9890594482, -426.694763184, -32.659160614, 89.0672988892, -196.230194092, -2.48734331131, 3.60384750366, -74.4895248413, 42.2279815674, -126.473243713, 101.644775391], [-369.918701172, 70.9890594482, 298.628875732, 96.9683380127, -95.9916381836, 59.2145881653, -64.6753387451, 50.6004676819, -2.23788022995, 44.8976669312, -9.40943050385, 10.1993942261, -14.3382778168], [206.157333374, -426.694763184, 96.9683380127, 437.535003662, 167.350540161, -28.8982563019, 125.900688171, -10.2702350616, 3.95470833778, 56.5605926514, -22.0590744019, 42.8432540894, -57.0449752808], [122.160957336, -32.659160614, -95.9916381836, 167.350540161, 332.196014404, 89.4842224121, 85.9860610962, -47.2156639099, -11.3721103668, -11.6444396973, 1.72393226624, -10.6085224152, -8.46120452881], [-271.607971191, 89.0672988892, 59.2145881653, -28.8982563019, 89.4842224121, 285.095550537, -5.63817691803, 13.3949518204, -34.0237998962, 8.29390525818, 10.2344493866, 7.62426185608, 18.6592903137], [356.986816406, -196.230194092, -64.6753387451, 125.900688171, 85.9860610962, -5.63817691803, 213.674438477, 0.887197315693, 19.416229248, 19.4033794403, 3.03658175468, 33.8363685608, -17.584444046], [-260.766845703, -2.48734331131, 50.6004676819, -10.2702350616, -47.2156639099, 13.3949518204, 0.887197315693, 143.745132446, 53.6177139282, 19.0350208282, 10.58852005, -13.909491539, 10.0373592377], [24.4061965942, 3.60384750366, -2.23788022995, 3.95470833778, -11.3721103668, -34.0237998962, 19.416229248, 53.6177139282, 122.14465332, 60.5027580261, 20.9337406158, 0.906951665878, -4.70502281189], [112.156745911, -74.4895248413, 44.8976669312, 56.5605926514, -11.6444396973, 8.29390525818, 19.4033794403, 19.0350208282, 60.5027580261, 115.840003967, 34.991607666, 22.5361499786, -7.47461557388], [-81.3550567627, 42.2279815674, -9.40943050385, -22.0590744019, 1.72393226624, 10.2344493866, 3.03658175468, 10.58852005, 20.9337406158, 34.991607666, 81.0604476929, 23.0250720978, 22.3200149536], [223.263519287, -126.473243713, 10.1993942261, 42.8432540894, -10.6085224152, 7.62426185608, 33.8363685608, -13.909491539, 0.906951665878, 22.5361499786, 23.0250720978, 106.520675659, 7.06396055222], [-176.707504272, 101.644775391, -14.3382778168, -57.0449752808, -8.46120452881, 18.6592903137, -17.584444046, 10.0373592377, -4.70502281189, -7.47461557388, 22.3200149536, 7.06396055222, 94.9070587158]], "mean": [25.6434898376, 67.6519851685, -91.5932159424, -9.36355781555, -11.6264371872, -22.1980552673, 6.86910009384, -22.3347663879, -3.87197756767, -2.81390404701, -8.39845085144, 1.69658744335, -15.5652656555]}, "spectral_flux": {"max": 0.388946294785, "dmean": 0.028614141047, "dvar2": 0.00239573139697, "dmean2": 0.0454111248255, "var": 0.00241272989661, "median": 0.105432018638, "min": 1.05594158417e-10, "dvar": 0.00108636182267, "mean": 0.112657487392}, "zerocrossingrate": {"max": 0.68212890625, "dmean": 0.0358299799263, "dvar2": 0.00139529514126, "dmean2": 0.0434496514499, "var": 0.0102153290063, "median": 0.28125, "min": 0.03125, "dvar": 0.000944550673012, "mean": 0.283919990063}, "spectral_energyband_middle_low": {"max": 0.0941214412451, "dmean": 0.00491751730442, "dvar2": 0.000107821855636, "dmean2": 0.00767503678799, "var": 0.000135040783789, "median": 0.00703107006848, "min": 3.87006198642e-22, "dvar": 4.58542890556e-05, "mean": 0.0112255988643}, "silence_rate_20dB": {"max": 1, "dmean": 0, "dvar2": 0, "dmean2": 0, "var": 0, "median": 1, "min": 1, "dvar": 0, "mean": 1}, "silence_rate_30dB": {"max": 1, "dmean": 0.00948007684201, "dvar2": 0.0266038980335, "dmean2": 0.0189629625529, "var": 0.00559617998078, "median": 1, "min": 0, "dvar": 0.00939036440104, "mean": 0.994372010231}, "spectral_entropy": {"max": 9.80553913116, "dmean": 0.152989327908, "dvar2": 0.0538910962641, "dmean2": 0.221697494388, "var": 0.162703484297, "median": 7.75566291809, "min": 5.33068609238, "dvar": 0.0274001434445, "mean": 7.64213514328}, "spectral_rolloff": {"max": 22050, "dmean": 3832.40893555, "dvar2": 97078648, "dmean2": 7117.375, "var": 79217016, "median": 18615.453125, "min": 64.599609375, "dvar": 41154076, "mean": 13522.6054688}, "spectral_complexity": {"max": 60, "dmean": 4.79277133942, "dvar2": 41.5288200378, "dmean2": 6.91822242737, "var": 122.361991882, "median": 24, "min": 0, "dvar": 22.2601032257, "mean": 24.4721565247}, "spectral_spread": {"max": 40915200, "dmean": 43