{"tonal": {"hpcp": {"dvar": [0.0257599819452, 0.0222830306739, 0.0244892388582, 0.0296127013862, 0.0272685494274, 0.0234774518758, 0.030674552545, 0.0389701575041, 0.0382298752666, 0.0333009772003, 0.0263289380819, 0.0231392141432, 0.0216077808291, 0.0160930436105, 0.0266652982682, 0.0467424690723, 0.0490069910884, 0.0245435703546, 0.0164426751435, 0.0138011388481, 0.0139624327421, 0.0216572545469, 0.0303997695446, 0.0259319487959, 0.0369734689593, 0.0447495356202, 0.0410695374012, 0.0392388626933, 0.0371880345047, 0.03112979047, 0.0299853496253, 0.0285206567496, 0.020298121497, 0.0196230821311, 0.0199967902154, 0.0210874602199], "var": [0.0327769704163, 0.0272371396422, 0.0353283472359, 0.0478534959257, 0.0398506559432, 0.0296222530305, 0.0550302863121, 0.106305129826, 0.112937681377, 0.0834205970168, 0.0494787320495, 0.0541117936373, 0.0637069642544, 0.0272626057267, 0.0496254004538, 0.109211541712, 0.123145908117, 0.0407176353037, 0.0399162359536, 0.019940501079, 0.015170914121, 0.0219048336148, 0.0323631167412, 0.0362302623689, 0.064839117229, 0.0912966579199, 0.0931982249022, 0.0775314196944, 0.061436958611, 0.0668374821544, 0.0506112463772, 0.0327797532082, 0.0205607376993, 0.0173112694174, 0.0191953573376, 0.024923235178], "median": [0.137642294168, 0.121291480958, 0.108728602529, 0.109576523304, 0.112176850438, 0.12782394886, 0.194426372647, 0.257214844227, 0.2975654006, 0.265970677137, 0.206680566072, 0.174951329827, 0.149146139622, 0.169907271862, 0.261180043221, 0.402798503637, 0.384737402201, 0.236545100808, 0.0838110223413, 0.0805977731943, 0.0905381962657, 0.129242971539, 0.164233565331, 0.189246058464, 0.249223157763, 0.315398931503, 0.315935850143, 0.300209790468, 0.265185683966, 0.217946127057, 0.193776115775, 0.145380780101, 0.112627319992, 0.102336831391, 0.110116697848, 0.133009508252], "max": [1, 1, 1, 1, 1, 1, 1, 1, 1, 1, 1, 1, 1, 1, 1, 1, 1, 1, 1, 1, 1, 1, 1, 1, 1, 1, 1, 1, 1, 1, 1, 1, 1, 1, 1, 1], "dmean": [0.121973596513, 0.112252727151, 0.116152629256, 0.128378972411, 0.122885674238, 0.121391542256, 0.158988013864, 0.17818453908, 0.18000292778, 0.171288341284, 0.147309347987, 0.131349429488, 0.112244360149, 0.111234717071, 0.166886299849, 0.221403345466, 0.213165268302, 0.151943936944, 0.0811833664775, 0.0758695825934, 0.07988191396, 0.10878945142, 0.13348929584, 0.138000026345, 0.174635961652, 0.202578365803, 0.192540585995, 0.193475693464, 0.177915632725, 0.154722884297, 0.153013423085, 0.129984945059, 0.102143682539, 0.0914346426725, 0.0977487191558, 0.11258802563], "dmean2": [0.209297806025, 0.192559674382, 0.197387516499, 0.218855708838, 0.213016360998, 0.210477277637, 0.264943271875, 0.292486935854, 0.295663237572, 0.287569999695, 0.248952880502, 0.218695700169, 0.188170433044, 0.186918646097, 0.27309602499, 0.357130467892, 0.347360402346, 0.251725673676, 0.137222364545, 0.128281652927, 0.137893974781, 0.188890561461, 0.229754477739, 0.232307165861, 0.295004427433, 0.339907795191, 0.320735961199, 0.322627037764, 0.298868000507, 0.262616813183, 0.259693384171, 0.221711575985, 0.175568088889, 0.158375576138, 0.170090556145, 0.19324375689], "mean": [0.189903050661, 0.170880734921, 0.176939591765, 0.199068129063, 0.183848917484, 0.182512387633, 0.271222561598, 0.373432010412, 0.396086066961, 0.34348243475, 0.265987753868, 0.254803270102, 0.240023910999, 0.210893467069, 0.307970285416, 0.471667379141, 0.470633864403, 0.274799704552, 0.145895883441, 0.124376870692, 0.120328933001, 0.163660824299, 0.205049678683, 0.231360301375, 0.310257613659, 0.379923552275, 0.383998334408, 0.360191881657, 0.315851330757, 0.291936546564, 0.257300943136, 0.194077968597, 0.151110962033, 0.134867340326, 0.144703537226, 0.175179198384], "dvar2": [0.0705759823322, 0.0606506578624, 0.0656600743532, 0.0810673832893, 0.0745510235429, 0.0637038648129, 0.0783547982574, 0.0866807773709, 0.088253878057, 0.0846453011036, 0.0694668591022, 0.0590967088938, 0.0512990169227, 0.0416662991047, 0.0658801496029, 0.097294151783, 0.104581147432, 0.0656813755631, 0.0412089973688, 0.0373245477676, 0.0374414026737, 0.0606704503298, 0.0831742808223, 0.0683329701424, 0.0958127677441, 0.112820237875, 0.103459075093, 0.100907921791, 0.0961458161473, 0.0845939144492, 0.0796107575297, 0.075594574213, 0.0553631298244, 0.0552644766867, 0.0558879412711, 0.0576564148068], "min": [0, 0, 0, 0, 0, 0, 0, 0, 0, 0, 0, 0, 0, 0, 0, 0, 0, 0, 0, 0, 0, 0, 0, 0, 0, 0, 0, 0, 0, 0, 0, 0, 0, 0, 0, 0]}, "key_key": "B", "thpcp": [1, 0.997808814049, 0.582613348961, 0.30931943655, 0.26369613409, 0.255113959312, 0.346983551979, 0.434733659029, 0.49051579833, 0.657788991928, 0.80549043417, 0.814129531384, 0.763656556606, 0.669648468494, 0.618945777416, 0.545513570309, 0.41147211194, 0.320376127958, 0.285937398672, 0.306791484356, 0.371404111385, 0.402620702982, 0.362290769815, 0.375136375427, 0.422051936388, 0.38978511095, 0.386951476336, 0.575029313564, 0.791727423668, 0.839757204056, 0.728230237961, 0.563930809498, 0.540218114853, 0.508883833885, 0.447123289108, 0.652939558029], "chords_key": "B", "tuning_equal_tempered_deviation": 0.200184226036, "tuning_frequency": 453.416503906, "tuning_diatonic_strength": 0.385383993387, "chords_histogram": [41.4444694519, 1.70060884953, 7.53726625443, 4.05206823349, 0, 1.25971031189, 0, 0, 0, 4.24102449417, 8.25110244751, 0.251942038536, 0.146966204047, 0, 0, 6.25656080246, 0, 8.12513160706, 1.99454128742, 3.40121769905, 0.923787534237, 0.0209951717407, 1.11274409294, 9.27986526489], "key_strength": 0.517403483391, "key_scale": "minor", "chords_strength": {"dvar": 7.7325872553e-05, "var": 0.00702860672027, "median": 0.54379928112, "max": 0.742465496063, "dmean": 0.010044939816, "dmean2": 0.0130514875054, "mean": 0.533883273602, "dvar2": 0.000126323255245, "min": 0.229393690825}, "chords_number_rate": 0.00272937235422, "tuning_nontempered_energy_ratio": 0.890551924706, "hpcp_entropy": {"dvar": 0.29013428092, "var": 0.556287705898, "median": 2.84465360641, "max": 4.73066425323, "dmean": 0.662461817265, "dmean2": 1.13347136974, "mean": 2.75688719749, "dvar2": 0.827407419682, "min": 0}, "chords_changes_rate": 0.066134788096, "chords_scale": "minor"}, "rhythm": {"bpm_histogram_first_peak_spread": {"dvar": 0, "var": 0, "median": 0.524271845818, "max": 0.524271845818, "dmean": 0, "dmean2": 0, "mean": 0.524271845818, "dvar2": 0, "min": 0.524271845818}, "bpm_histogram_first_peak_weight": {"dvar": 0, "var": 0, "median": 0.12661498785, "max": 0.12661498785, "dmean": 0, "dmean2": 0, "mean": 0.12661498785, "dvar2": 0, "min": 0.12661498785}, "bpm_histogram_first_peak_bpm": {"dvar": 0, "var": 0, "median": 129, "max": 129, "dmean": 0, "dmean2": 0, "mean": 129, "dvar2": 0, "min": 129}, "bpm": 80.9757156372, "bpm_histogram_second_peak_weight": {"dvar": 0, "var": 0, "median": 0.113695092499, "max": 0.113695092499, "dmean": 0, "dmean2": 0, "mean": 0.113695092499, "dvar2": 0, "min": 0.113695092499}, "beats_loudness": {"dvar": 3.64188304047e-06, "var": 5.78535218665e-05, "median": 0.0175760164857, "max": 0.0263607595116, "dmean": 0.00217475183308, "dmean2": 0.0036308944691, "mean": 0.01451183483, "dvar2": 9.56046551437e-06, "min": 9.7049266401e-09}, "beats_loudness_band_ratio": {"dvar": [0.0133395418525, 0.00515952939168, 0.0028779245913, 0.00495664356276, 0.00784901343286, 0.015168858692], "var": [0.0209767743945, 0.00476194825023, 0.00258917547762, 0.00984788965434, 0.020464906469, 0.0328291729093], "median": [0.0358617827296, 0.00726483110338, 0.00830964464694, 0.0681205093861, 0.352402746677, 0.444678664207], "max": [0.995073080063, 0.499034255743, 0.465358167887, 0.653593242168, 0.728744804859, 0.97070556879], "dmean": [0.0571623407304, 0.0250666756183, 0.0165111105889, 0.0648377761245, 0.105894342065, 0.124727807939], "dmean2": [0.101004078984, 0.0465205535293, 0.0300875622779, 0.120004311204, 0.177001342177, 0.208200782537], "mean": [0.083847142756, 0.0276376642287, 0.0197787769139, 0.100743539631, 0.346413314342, 0.439672142267], "dvar2": [0.0360608287156, 0.0150652462617, 0.00761212781072, 0.0140714580193, 0.0193994324654, 0.0394954644144], "min": [0.00170535617508, 0.000730754516553, 0.000138982344652, 0.000460817595012, 0.000572386779822, 0.00156234332826]}, "bpm_histogram_second_peak_bpm": {"dvar": 0, "var": 0, "median": 123, "max": 123, "dmean": 0, "dmean2": 0, "mean": 123, "dvar2": 0, "min": 123}, "onset_rate": 1.19377684593, "beats_count": 388, "beats_position": [0.754648506641, 1.52090704441, 2.29877543449, 3.06503391266, 3.80807256699, 4.55111122131, 5.30575942993, 6.06040811539, 6.81505680084, 7.58131504059, 8.34757328033, 9.10222244263, 9.84526062012, 10.5882987976, 11.3313379288, 12.0627660751, 12.7941951752, 13.5140132904, 14.2454423904, 14.9652605057, 15.696688652, 16.4397277832, 17.1943759918, 17.9258041382, 18.6572322845, 19.4002723694, 20.1433105469, 20.8863487244, 21.6177768707, 22.3492050171, 23.0806350708, 23.8236732483, 24.5783214569, 25.286529541, 25.9947395325, 26.7029476166, 27.3879356384, 28.0729255676, 28.7927436829, 29.5125617981, 30.2439899445, 30.9870281219, 31.7881164551, 32.5892066956, 33.3786849976, 34.1681632996, 34.9228096008, 35.6658477783, 36.4088897705, 37.151927948, 37.8949661255, 38.6263923645, 39.3810424805, 40.124080658, 40.8787307739, 41.6333770752, 42.3880271912, 43.1426734924, 43.9089317322, 44.6751937866, 45.4530601501, 46.2077102661, 46.9739685059, 47.7286148071, 48.4832649231, 49.2379112244, 49.9925613403, 50.7355995178, 51.4670295715, 52.1984558105, 52.9182739258, 53.6380958557, 54.3579139709, 55.0661201477, 55.7859382629, 56.5289802551, 57.2720184326, 58.0266647339, 58.7813148499, 59.5591812134, 60.3370513916, 61.0916976929, 61.8347396851, 62.5777778625, 63.32081604, 64.0754623413, 64.8417205811, 65.5499343872, 66.258140564, 66.9663467407, 67.6745529175, 68.3943786621, 69.1141967773, 69.8340148926, 70.4725646973, 71.1111068726, 71.6335601807, 72.1444015503, 72.6552352905, 73.1892929077, 73.7233581543, 74.2574157715, 74.7218093872, 75.1862106323, 75.638999939, 76.0917892456, 76.5561904907, 77.0205917358, 77.4849853516, 77.9493865967, 78.4253921509, 78.9014053345, 79.3658065796, 79.8302001953, 80.2946014404, 80.7590026855, 81.2233963013, 81.6994094849, 82.1754150391, 82.6514282227, 83.1274337769, 83.661491394, 84.2071609497, 84.7063903809, 85.205619812, 85.7048492432, 86.1924667358, 86.691696167, 87.1909255981, 87.6901550293, 88.1893844604, 88.6886138916, 89.2226715088, 89.7451248169, 90.2791824341, 90.8016281128, 91.3240814209, 91.8349151611, 92.3457565308, 92.8565979004, 93.36743927, 93.8898849487, 94.4123306274, 94.9347839355, 95.4572296143, 95.9796829224, 96.5021286011, 97.0245819092, 97.5470275879, 98.0694732666, 98.5106582642, 98.9518356323, 99.3930130005, 99.8225860596, 100.252151489, 100.693328857, 101.157730103, 101.622131348, 102.098136902, 102.562538147, 103.015327454, 103.46811676, 103.932518005, 104.396911621, 104.861312866, 105.325714111, 105.766891479, 106.242897034, 106.718910217, 107.218139648, 107.71736908, 108.204986572, 108.669387817, 109.133781433, 109.598182678, 110.062583923, 110.526985168, 111.002990723, 111.479003906, 111.943397522, 112.407798767, 112.883804321, 113.359817505, 113.847434998, 114.323448181, 114.811065674, 115.287071228, 115.751472473, 116.215873718, 116.680267334, 117.144668579, 117.597457886, 118.050247192, 118.491424561, 118.932601929, 119.362174988, 119.791740417, 120.232925415, 120.685714722, 121.150108337, 121.602897644, 122.067298889, 122.531700134, 122.99609375, 123.483718872, 123.971336365, 124.458953857, 124.969795227, 125.480628967, 125.991470337, 126.502311707, 126.978317261, 127.477546692, 127.988388062, 128.487609863, 128.986846924, 129.416412354, 129.845977783, 130.28717041, 130.739959717, 131.192733765, 131.633926392, 132.07510376, 132.527893066, 132.992294312, 133.445083618, 133.897872925, 134.350662231, 134.803451538, 135.256240845, 135.697418213, 136.138595581, 136.579772949, 137.044174194, 137.508575439, 137.984573364, 138.460586548, 138.936599731, 139.401000977, 139.876998901, 140.341400146, 140.805801392, 141.281814575, 141.757827759, 142.233825684, 142.663391113, 143.10458374, 143.53414917, 143.9637146, 144.404891968, 144.846069336, 145.298858643, 145.763259888, 146.227661133, 146.680450439, 147.144851685, 147.60925293, 148.073654175, 148.538040161, 149.002441406, 149.466842651, 149.919631958, 150.360809326, 150.801986694, 151.254776001, 151.695953369, 152.137145996, 152.578323364, 153.019500732, 153.472290039, 153.925079346, 154.366256714, 154.830657959, 155.295059204, 155.747848511, 156.223846436, 156.699859619, 157.175872803, 157.663482666, 158.151107788, 158.63873291, 159.126342773, 159.625579834, 160.124801636, 160.612426758, 161.100036621, 161.587661743, 162.075286865, 162.562896729, 163.050521851, 163.526535034, 164.014144897, 164.50177002, 165.000991821, 165.51184082, 166.011062622, 166.510284424, 166.997909546, 167.473922729, 167.961532593, 168.449157715, 168.936782837, 169.4243927, 169.923629761, 170.411239624, 170.898864746, 171.386474609, 171.874099731, 172.361724854, 172.849334717, 173.336959839, 173.824569702, 174.312194824, 174.799819946, 175.299041748, 175.798278809, 176.29750061, 176.796737671, 177.295959473, 177.795196533, 178.294418335, 178.793640137, 179.304489136, 179.815322876, 180.337768555, 180.860229492, 181.371063232, 181.881896973, 182.392745972, 182.880355835, 183.367980957, 183.85559082, 184.366439819, 184.865661621, 185.364898682, 185.852508545, 186.340133667, 186.827758789, 187.315368652, 187.802993774, 188.290603638, 188.77822876, 189.254241943, 189.730239868, 190.206253052, 190.717086792, 191.251159668, 191.820037842, 192.377319336, 192.93460083, 193.491882324, 194.049163818, 194.606430054, 195.349472046, 196.092514038, 196.83555603, 197.578598022, 198.310012817, 199.029830933, 199.761260986, 200.481079102, 201.224121094, 201.967163086, 202.69859314, 203.441635132, 204.184661865, 204.916091919, 205.659133911, 206.402175903, 207.133605957, 207.865036011, 208.608062744, 209.339492798, 210.070922852, 210.813964844, 211.557006836, 212.300048828, 213.031463623, 213.774505615, 214.517547607, 215.248977661, 215.992019653, 216.735046387, 217.46647644, 218.197906494, 218.940948486, 219.683990479, 220.427032471], "danceability": 1.04905891418, "bpm_histogram_second_peak_spread": {"dvar": 0, "var": 0, "median": 0.397260248661, "max": 0.397260248661, "dmean": 0, "dmean2": 0, "mean": 0.397260248661, "dvar2": 0, "min": 0.397260248661}}, "lowlevel": {"spectral_flux": {"dvar": 5.35636718269e-05, "var": 0.000921719649341, "median": 0.0785251408815, "max": 0.128834441304, "dmean": 0.00787918549031, "dmean2": 0.0127119533718, "mean": 0.0667999088764, "dvar2": 0.000126927043311, "min": 1.03576716648e-10}, "spectral_rolloff": {"dvar": 589484.3125, "var": 1531023.5, "median": 4995.703125, "max": 19035.3515625, "dmean": 410.126159668, "dmean2": 683.628662109, "mean": 4553.64111328, "dvar2": 1324136.375, "min": 21.533203125}, "barkbands_flatness_db": {"dvar": 0.000316800636938, "var": 0.0010604171548, "median": 0.119101598859, "max": 0.501076757908, "dmean": 0.0143371075392, "dmean2": 0.0235946569592, "mean": 0.122994691133, "dvar2": 0.000859074410982, "min": 0.0281252041459}, "spectral_centroid": {"dvar": 103209.039062, "var": 461847.0625, "median": 3343.6628418, "max": 11087.0732422, "dmean": 255.250579834, "dmean2": 388.182312012, "mean": 3254.09985352, "dvar2": 195540.765625, "min": 126.174209595}, "melbands_skewness": {"dvar": 1.27707719803, "var": 4.27222967148, "median": -0.385390102863, "max": 30.4786911011, "dmean": 0.575192332268, "dmean2": 0.913878023624, "mean": 0.155187264085, "dvar2": 3.3374786377, "min": -4.04000043869}, "melbands": {"dvar": [2.04094412481e-08, 1.88548199276e-08, 3.91465926342e-09, 2.52141085788e-09, 4.47204440146e-10, 1.57008558932e-10, 7.31189900294e-11, 4.76583494891e-11, 6.28315802165e-11, 1.18270337968e-10, 4.57100884921e-10, 7.38357208707e-10, 5.75252290247e-09, 8.95022278513e-09, 1.02726827045e-09, 3.58451768268e-10, 5.72178349145e-09, 8.26137824816e-10, 1.01850339274e-09, 1.66087232856e-08, 1.51002910176e-09, 1.91046192755e-10, 7.12319536689e-10, 3.82486131656e-09, 1.62266289294e-09, 3.98583444028e-10, 1.37050842897e-10, 3.75261835495e-11, 9.39991695592e-11, 2.25414198418e-09, 1.43001022135e-09, 1.29823735096e-10, 2.10878675633e-11, 6.01411715567e-12, 5.18558980478e-12, 5.14176765401e-12, 5.55672660663e-11, 1.79963249164e-11, 3.61801978351e-13, 9.42000587235e-14], "var": [2.03344452387e-08, 1.44307499284e-08, 4.36937508397e-09, 5.23557375232e-09, 8.4707368897e-10, 2.60657023743e-10, 1.36651301386e-10, 6.62037577537e-11, 8.87354772994e-11, 1.62869870368e-10, 1.5441865564e-09, 2.07893591231e-09, 7.66749597148e-09, 1.12178755174e-08, 9.93965620921e-09, 1.29100174995e-09, 1.51543027016e-08, 3.9194256729e-09, 2.87305268465e-09, 3.92947505645e-08, 3.53395290809e-09, 2.95898194835e-10, 1.99156957592e-09, 1.22578160955e-08, 4.35948166455e-09, 7.20339732307e-10, 2.08832159898e-10, 6.78715417202e-11, 1.97470845231e-10, 9.2281897679e-09, 6.23747187234e-09, 5.66599211993e-10, 9.15539588586e-11, 2.51509212762e-11, 1.12216529471e-11, 7.6915028166e-12, 3.58460136574e-11, 1.7527829882e-11, 6.16044108087e-13, 2.97962392606e-13], "median": [3.68169276044e-05, 2.86352260446e-05, 2.36340783886e-05, 1.60921335919e-05, 8.947959941e-06, 6.94092932463e-06, 5.58604824619e-06, 5.00381293023e-06, 4.85033433506e-06, 4.68263169751e-06, 5.3673848015e-06, 7.93319668446e-06, 2.56610273937e-05, 3.00339670503e-05, 8.7482148956e-06, 1.57855847647e-05, 1.59926985361e-05, 9.39941401157e-06, 1.61388816196e-05, 4.91933096782e-05, 3.36069897457e-05, 1.5276722479e-05, 4.00977842219e-05, 9.251145093e-05, 5.71646087337e-05, 2.46656290983e-05, 1.40603115142e-05, 9.45916872297e-06, 1.13623418656e-05, 4.92634535476e-05, 5.27244992554e-05, 2.34216695389e-05, 1.0515809663e-05, 5.59773161513e-06, 3.39924076798e-06, 1.73017360794e-06, 1.24416874314e-06, 7.47663136735e-07, 5.5557268297e-07, 4.85924658733e-07], "max": [0.00299369217828, 0.00220391200855, 0.00082247518003, 0.000861950335093, 0.000581367872655, 0.00030462173163, 0.000202317009098, 0.000130687549245, 0.000162022552104, 0.00040002874448, 0.000581562810112, 0.00051110208733, 0.000831412267871, 0.000912368763238, 0.00105057936162, 0.000303974375129, 0.00158427655697, 0.000802358030342, 0.000680931960233, 0.00179535814095, 0.000464746670332, 0.000187250072486, 0.000326631066855, 0.00102283724118, 0.000521188369021, 0.000413105648477, 0.000252262223512, 0.000111263485451, 0.000316266523441, 0.000542044639587, 0.000458879047073, 0.000207819830393, 7.03994664946e-05, 3.43670908478e-05, 6.83325342834e-05, 4.55981171399e-05, 0.000120337790577, 7.4985298852e-05, 1.28137480715e-05, 4.27495024269e-06], "dmean": [6.53549941489e-05, 5.92693540966e-05, 3.53416980943e-05, 2.79712912743e-05, 1.19562782857e-05, 7.83883569966e-06, 5.8143532442e-06, 4.9439081522e-06, 5.01167642142e-06, 4.93016159453e-06, 8.73525277711e-06, 1.27179237097e-05, 4.34820321971e-05, 5.28295095137e-05, 1.26950080812e-05, 1.43700526678e-05, 2.90111966024e-05, 1.23731679196e-05, 1.6034271539e-05, 7.3201910709e-05, 2.80322383333e-05, 9.72981069935e-06, 2.06913809961e-05, 4.61968775198e-05, 3.05217436107e-05, 1.34813590194e-05, 7.75400621933e-06, 4.37596463598e-06, 6.41179394734e-06, 3.55930096703e-05, 2.87154671241e-05, 8.61422722664e-06, 3.57110570803e-06, 1.93100254364e-06, 1.37870017625e-06, 1.00481634036e-06, 1.77573349447e-06, 1.05023787e-06, 2.66664386572e-07, 2.0352102581e-07], "dmean2": [0.000111426525109, 0.000104721701064, 6.03622793278e-05, 4.5708482503e-05, 1.9806837372e-05, 1.28580049932e-05, 9.53066319198e-06, 8.40100710775e-06, 8.38556752569e-06, 8.27388976177e-06, 1.39819221658e-05, 2.14516203414e-05, 7.84162475611e-05, 9.5777118986e-05, 2.04938987736e-05, 2.51573837886e-05, 5.01887116116e-05, 2.03064228117e-05, 2.56078437815e-05, 0.00011928981985, 4.65907978651e-05, 1.65068759088e-05, 3.47704735759e-05, 7.7477969171e-05, 5.10287900397e-05, 2.26776246564e-05, 1.29696618387e-05, 7.48788352212e-06, 1.06147990664e-05, 5.35496692464e-05, 4.36961418018e-05, 1.46900911204e-05, 6.07438778388e-06, 3.28130158778e-06, 2.36880782722e-06, 1.74583954049e-06, 3.34081482833e-06, 1.83178485713e-06, 4.46428202849e-07, 3.33183777457e-07], "mean": [8.11599238659e-05, 6.27480476396e-05, 4.62537063868e-05, 3.99158197979e-05, 1.61151619977e-05, 1.11886338345e-05, 8.49278694659e-06, 7.0975061135e-06, 7.24476331015e-06, 7.44923909224e-06, 1.53841338033e-05, 2.37916428887e-05, 6.03996304562e-05, 7.09333035047e-05, 3.65989399143e-05, 2.6616937248e-05, 5.1865237765e-05, 2.84240722976e-05, 3.27589841618e-05, 0.000133500594529, 5.42104789929e-05, 1.86368833965e-05, 4.79932496091e-05, 0.000112167457701, 6.93668262102e-05, 2.91857013508e-05, 1.65067922353e-05, 1.01438390629e-05, 1.39116582432e-05, 8.71345109772e-05, 7.49112805352e-05, 2.53086436715e-05, 1.06675406641e-05, 5.77621995035e-06, 3.53857399205e-06, 2.09783684113e-06, 2.1978166842e-06, 1.44674743296e-06, 6.4879918682e-07, 5.42105908607e-07], "dvar2": [5.3208861317e-08, 5.18477634159e-08, 1.07551381134e-08, 5.99265881362e-09, 1.01846253653e-09, 3.59858309817e-10, 1.62257512981e-10, 1.20850024432e-10, 1.5802409381e-10, 2.59279653303e-10, 1.00551755811e-09, 2.02463623644e-09, 1.84602093611e-08, 2.91253954288e-08, 2.51387310968e-09, 1.02528319168e-09, 1.65185678469e-08, 2.10020822955e-09, 2.57297916306e-09, 4.32688516128e-08, 4.01189526045e-09, 5.11470976683e-10, 1.9801125184e-09, 1.02292032622e-08, 4.32782387705e-09, 1.09489628475e-09, 3.59672125416e-10, 1.01073281689e-10, 2.27736662861e-10, 4.7945247772e-09, 3.25598348283e-09, 3.61603830212e-10, 5.91660609395e-11, 1.70222915624e-11, 1.48175031273e-11, 1.45620494829e-11, 1.69394540062e-10, 4.78150297134e-11, 9.45407814534e-13, 2.53753723763e-13], "min": [4.44270566273e-24, 5.02969193471e-24, 1.16734571792e-23, 7.94177196633e-24, 1.10807370718e-23, 6.75179816778e-24, 6.42722687035e-24, 5.72734947524e-24, 3.70759734516e-24, 9.00111592102e-24, 4.00117626978e-24, 9.92765908661e-24, 8.97309952597e-24, 6.96117762924e-24, 1.13898064635e-23, 3.81870012062e-24, 4.66224289164e-24, 9.36994152636e-24, 1.09609911418e-23, 9.10631998906e-24, 6.06250649715e-24, 9.18070483926e-24, 1.08470425506e-23, 9.48557749102e-24, 1.10855877775e-23, 1.21064439975e-23, 1.04328250999e-23, 8.85003801361e-24, 8.30897172936e-24, 5.43299115605e-24, 5.45046087523e-24, 5.6660873262e-24, 4.88947624754e-24, 9.27337942954e-24, 1.13147700142e-23, 1.02384119076e-23, 9.30806801012e-24, 9.41166911281e-24, 1.04259186227e-23, 9.30079944574e-24]}, "spectral_decrease": {"dvar": 1.13571846405e-19, "var": 2.22878770251e-18, "median": -2.86758528034e-09, "max": 1.01271499266e-28, "dmean": 3.28851001985e-10, "dmean2": 5.43419587107e-10, "mean": -2.37431807548e-09, "dvar2": 3.09732843136e-19, "min": -5.97266724967e-09}, "barkbands_kurtosis": {"dvar": 1104.57141113, "var": 945.472229004, "median": 2.55515098572, "max": 1539.5078125, "dmean": 4.17244291306, "dmean2": 7.28189325333, "mean": 5.07983112335, "dvar2": 3827.03735352, "min": -1.90915107727}, "silence_rate_30dB": {"dvar": 0, "var": 0, "median": 1, "max": 1, "dmean": 0, "dmean2": 0, "mean": 1, "dvar2": 0, "min": 1}, "gfcc": {"mean": [-46.1815681458, 17.3640804291, -165.115859985, 70.0959396362, -50.5491065979, 19.0031852722, -27.6920280457, 3.7792904377, -25.4495449066, 2.48536682129, -18.7169036865, 9.81278991699, -7.32413244247], "cov": [[13583.5556641, -1358.1595459, -1976.24023438, -132.707046509, -458.938903809, 884.913391113, -10.5746612549, 197.104553223, -98.9767379761, 194.462509155, -114.332229614, 529.050598145, 48.9802284241], [-1358.1595459, 890.48614502, 210.332473755, 38.9235610962, 14.6212282181, -337.041107178, -72.9511795044, -129.942489624, -34.1034736633, -114.531929016, -12.8779315948, -167.826263428, -37.4638137817], [-1976.24023438, 210.332473755, 649.896728516, 56.5628166199, 5.62083339691, -102.211784363, -6.89131069183, -19.888885498, 31.0021133423, -0.502960026264, -4.36203336716, -62.8088569641, -20.89270401], [-132.707046509, 38.9235610962, 56.5628166199, 405.636383057, 40.9523353577, -120.431030273, 14.8992023468, -6.00369596481, 12.3912315369, -8.48034286499, -10.5596265793, 8.3726978302, 11.9271144867], [-458.938903809, 14.6212282181, 5.62083339691, 40.9523353577, 155.875427246, 50.290927887, 34.9939880371, 30.2111415863, 17.9329910278, 7.00546979904, 26.8329811096, 6.76687479019, 8.44902229309], [884.913391113, -337.041107178, -102.211784363, -120.431030273, 50.290927887, 317.982452393, 93.4287414551, 84.503036499, 22.8836555481, 62.2376174927, 24.1720199585, 76.7513122559, 20.4466209412], [-10.5746612549, -72.9511795044, -6.89131069183, 14.8992023468, 34.9939880371, 93.4287414551, 110.70223999, 48.8208656311, 8.71948623657, 27.5712833405, 14.8101034164, 26.1369037628, 6.8028178215], [197.104553223, -129.942489624, -19.888885498, -6.00369596481, 30.2111415863, 84.503036499, 48.8208656311, 93.4127120972, 44.2867889404, 22.5319843292, 9.09314060211, 37.0037765503, -1.0910141468], [-98.9767379761, -34.1034736633, 31.0021133423, 12.3912315369, 17.9329910278, 22.8836555481, 8.71948623657, 44.2867889404, 78.0860748291, 29.6806716919, -5.33362388611, 0.378026127815, 10.4356575012], [194.462509155, -114.531929016, -0.502960026264, -8.48034286499, 7.00546979904, 62.2376174927, 27.5712833405, 22.5319843292, 29.6806716919, 79.1408538818, 19.0149612427, 20.1464672089, 13.0568351746], [-114.332229614, -12.8779315948, -4.36203336716, -10.5596265793, 26.8329811096, 24.1720199585, 14.8101034164, 9.09314060211, -5.33362388611, 19.0149612427, 67.7221984863, 25.4056968689, -2.39606714249], [529.050598145, -167.826263428, -62.8088569641, 8.3726978302, 6.76687479019, 76.7513122559, 26.1369037628, 37.0037765503, 0.378026127815, 20.1464672089, 25.4056968689, 131.380096436, 16.209985733], [48.9802284241, -37.4638137817, -20.89270401, 11.9271144867, 8.44902229309, 20.4466209412, 6.8028178215, -1.0910141468, 10.4356575012, 13.0568351746, -2.39606714249, 16.209985733, 67.8419570923]], "icov": [[0.000608599802945, -0.00106419459917, 0.00157940853387, -0.00121525302529, 0.00248763058335, -0.0029279445298, 0.00269379350357, -0.00205880217254, 0.0019793510437, -0.00233111809939, 0.00184323790018, -0.00141646910924, 0.000490110367537], [-0.00106419459917, 0.00497038383037, -0.00307212700136, 0.00302582816221, -0.00566128781065, 0.00797671545297, -0.00694581493735, 0.00667547201738, -0.00542041519657, 0.00703658163548, -0.00446679862216, 0.00396668026224, -0.000486177712446], [0.00157940853387, -0.00307212700136, 0.00588904228061, -0.00328551675193, 0.00649733841419, -0.00734453229234, 0.00661715818569, -0.00499052135274, 0.0041403924115, -0.00644063437358, 0.00467906519771, -0.00336407893337, 0.00178673560731], [-0.00121525302529, 0.00302582816221, -0.00328551675193, 0.00614868244156, -0.00670211389661, 0.00905663520098, -0.0078157177195, 0.00521020451561, -0.00502324057743, 0.00501901144162, -0.00286049558781, 0.00189891515765, -0.00131985894404], [0.00248763058335, -0.00566128781065, 0.00649733841419, -0.00670211389661, 0.019193161279, -0.014938804321, 0.0110610416159, -0.0105123622343, 0.00722169177607, -0.00837478227913, 0.003981214948, -0.00483278231695, 0.00088704074733], [-0.0029279445298, 0.00797671545297, -0.00734453229234, 0.00905663520098, -0.014938804321, 0.0241256821901, -0.0184738878161, 0.00956946890801, -0.00994160026312, 0.0104565368965, -0.00849009677768, 0.00597796915099, -0.00295098102652], [0.00269379350357, -0.00694581493735, 0.00661715818569, -0.0078157177195, 0.0110610416159, -0.0184738878161, 0.0293724853545, -0.0188901871443, 0.0156306568533, -0.0153332613409, 0.00849748123437, -0.0057950518094, 0.000803991220891], [-0.00205880217254, 0.00667547201738, -0.00499052135274, 0.00521020451561, -0.0105123622343, 0.00956946890801, -0.0188901871443, 0.0363587923348, -0.024196010083, 0.0149260032922, -0.00822818744928, 0.00146758405026, 0.00383186922409], [0.0019793510437, -0.00542041519657, 0.0041403924115, -0.00502324057743, 0.00722169177607, -0.00994160026312, 0.0156306568533, -0.024196010083, 0.0336009599268, -0.0187827367336, 0.0110663473606, -0.00247793435119, -0.00269447662868], [-0.00233111809939, 0.00703658163548, -0.00644063437358, 0.00501901144162, -0.00837478227913, 0.0104565368965, -0.0153332613409, 0.0149260032922, -0.0187827367336, 0.0319752395153, -0.0142625123262, 0.00641621695831, -0.00292949844152], [0.00184323790018, -0.00446679862216, 0.00467906519771, -0.00286049558781, 0.003981214948, -0.00849009677768, 0.00849748123437, -0.00822818744928, 0.0110663473606, -0.0142625123262, 0.0257832277566, -0.00855560787022, 0.00322257890366], [-0.00141646910924, 0.00396668026224, -0.00336407893337, 0.00189891515765, -0.00483278231695, 0.00597796915099, -0.0057950518094, 0.00146758405026, -0.00247793435119, 0.00641621695831, -0.00855560787022, 0.015265725553, -0.00355523498729], [0.000490110367537, -0.000486177712446, 0.00178673560731, -0.00131985894404, 0.00088704074733, -0.00295098102652, 0.000803991220891, 0.00383186922409, -0.00269447662868, -0.00292949844152, 0.00322257890366, -0.00355523498729, 0.0176015961915]]}, "silence_rate_20dB": {"dvar": 0, "var": 0, "median": 1, "max": 1, "dmean": 0, "dmean2": 0, "mean": 1, "dvar2": 0, "min": 1}, "barkbands_skewness": {"dvar": 1.02278530598, "var": 3.33149194717, "median": -1.39492285252, "max": 36.2537269592, "dmean": 0.560091078281, "dmean2": 0.896375954151, "mean": -1.0149487257, "dvar2": 3.01936745644, "min": -8.44162559509}, "erbbands_skewness": {"dvar": 0.1898727566, "var": 0.726090312004, "median": -0.74766600132, "max": 4.35533094406, "dmean": 0.409164130688, "dmean2": 0.634994506836, "mean": -0.77290815115, "dvar2": 0.431019604206, "min": -7.59187602997}, "spectral_contrast_valleys": {"dvar": [0.181518822908, 0.170766696334, 0.153243586421, 0.115748994052, 0.0830900520086, 0.0575112402439], "var": [0.992335557938, 1.25549173355, 1.71325969696, 1.70856308937, 1.42448174953, 1.58720159531], "median": [-8.37501430511, -7.78277349472, -7.51361846924, -7.27536678314, -6.50972747803, -9.34147262573], "max": [-6.24498033524, -6.38905000687, -6.04879283905, -5.76448249817, -5.79873371124, -8.32934474945], "dmean": [0.443574845791, 0.398341566324, 0.321970492601, 0.259404987097, 0.190399512649, 0.164623692632], "dmean2": [0.735174298286, 0.670354008675, 0.53558832407, 0.428780168295, 0.310306310654, 0.261391699314], "mean": [-8.57434177399, -8.12697982788, -7.95381736755, -7.70442247391, -6.95349836349, -9.98121929169], "dvar2": [0.417222499847, 0.390992790461, 0.329493165016, 0.240528821945, 0.146327599883, 0.0939126759768], "min": [-27.3093166351, -27.3139152527, -27.3706035614, -27.3510913849, -27.2218055725, -27.2450313568]}, "spectral_strongpeak": {"dvar": 3.72567200661, "var": 5.99331998825, "median": 1.97141265869, "max": 29.4990024567, "dmean": 1.62170469761, "dmean2": 2.80196857452, "mean": 2.56444859505, "dvar2": 10.29251194, "min": 0}, "erbbands_crest": {"dvar": 4.68812322617, "var": 12.0350513458, "median": 9.44069385529, "max": 26.5121097565, "dmean": 2.47380590439, "dmean2": 4.06994771957, "mean": 10.0770626068, "dvar2": 11.9593114853, "min": 2.05733942986}, "barkbands_crest": {"dvar": 4.52988433838, "var": 11.9656238556, "median": 8.4031457901, "max": 26.4517421722, "dmean": 2.3521490097, "dmean2": 3.88418078423, "mean": 9.07639980316, "dvar2": 11.5421009064, "min": 2.59508752823}, "spectral_energyband_middle_low": {"dvar": 9.92065807282e-08, "var": 2.04256807024e-07, "median": 0.000361281476216, "max": 0.00402273098007, "dmean": 0.000220914036618, "dmean2": 0.00035834411392, "mean": 0.000482929812279, "dvar2": 2.49591721513e-07, "min": 2.25220394286e-22}, "spectral_contrast_coeffs": {"dvar": [0.0015278167557, 0.0010645679431, 0.00121968111489, 0.000831725774333, 0.000381381978514, 0.000236580352066], "var": [0.00700586987659, 0.00405367743224, 0.00341474008746, 0.0038096990902, 0.00187789450865, 0.00382712902501], "median": [-0.755407631397, -0.841602802277, -0.801594078541, -0.768327057362, -0.760851979256, -0.627630650997], "max": [-0.407203763723, -0.511893749237, -0.554128587246, -0.564247071743, -0.581757128239, -0.545592963696], "dmean": [0.047642275691, 0.0397088043392, 0.0423134341836, 0.0350109748542, 0.0240096207708, 0.0175444688648], "dmean2": [0.0781801268458, 0.0663366317749, 0.0722220018506, 0.0573428198695, 0.0399112477899, 0.0275249462575], "mean": [-0.737190246582, -0.826980054379, -0.799186170101, -0.766018629074, -0.765432476997, -0.64632922411], "dvar2": [0.00387602252886, 0.00274656852707, 0.00364061957225, 0.00211452855729, 0.000980795361102, 0.000541515299119], "min": [-0.9623041749, -0.988905608654, -0.986081302166, -0.97888982296, -0.966246902943, -0.962101280689]}, "hfc": {"dvar": 36.6868476868, "var": 814.163879395, "median": 49.2439842224, "max": 108.175506592, "dmean": 5.60018491745, "dmean2": 8.7170715332, "mean": 41.4837112427, "dvar2": 88.3018722534, "min": 1.14546885965e-16}, "spectral_energyband_high": {"dvar": 1.82193582532e-06, "var": 1.48120170707e-05, "median": 0.00400741491467, "max": 0.0183696299791, "dmean": 0.00115114368964, "dmean2": 0.00171511841472, "mean": 0.00447583664209, "dvar2": 3.86227748095e-06, "min": 7.66738589817e-21}, "erbbands_spread": {"dvar": 72.4177627563, "var": 238.477661133, "median": 15.7163619995, "max": 123.082046509, "dmean": 5.12023639679, "dmean2": 8.38703536987, "mean": 20.218038559, "dvar2": 177.460189819, "min": 1.43756139278}, "dissonance": {"dvar": 6.34867828921e-05, "var": 0.000132210363518, "median": 0.49678426981, "max": 0.500000119209, "dmean": 0.00521545717493, "dmean2": 0.00897759571671, "mean": 0.493084907532, "dvar2": 0.000166579076904, "min": 0.274371445179}, "spectral_kurtosis": {"dvar": 1.60404121876, "var": 3.11438107491, "median": 3.45683383942, "max": 16.597536087, "dmean": 1.27974379063, "dmean2": 2.21152067184, "mean": 3.84071278572, "dvar2": 4.71197366714, "min": -1.21202433109}, "spectral_skewness": {"dvar": 0.0262139625847, "var": 0.0901493132114, "median": 0.947989821434, "max": 2.96504616737, "dmean": 0.182357788086, "dmean2": 0.29930049181, "mean": 0.951602458954, "dvar2": 0.0709763690829, "min": -0.409032434225}, "pitch_salience": {"dvar": 0.0036088922061, "var": 0.0123069854453, "median": 0.701107740402, "max": 0.959926307201, "dmean": 0.0586668252945, "dmean2": 0.0971109569073, "mean": 0.67361420393, "dvar2": 0.00926281232387, "min": 0.0438859537244}, "spectral_complexity": {"dvar": 8.19079685211, "var": 166.99168396, "median": 29, "max": 49, "dmean": 3.16148686409, "dmean2": 5.29370975494, "mean": 24.1827812195, "dvar2": 22.5637016296, "min": 0}, "spectral_spread": {"dvar": 332695535616, "var": 1162054336510.0, "median": 3105950, "max": 40964368, "dmean": 285944.3125, "dmean2": 461505.71875, "mean": 3254721.5, "dvar2": 484756258816, "min": 1382273}, "dynamic_complexity": 4.91330289841, "melbands_crest": {"dvar": 7.51638936996, "var": 26.29920578, "median": 8.0063495636, "max": 38.4980697632, "dmean": 2.7869451046, "dmean2": 4.5824379921, "mean": 9.61827468872, "dvar2": 18.5939159393, "min": 1.79754912853}, "zerocrossingrate": {"dvar": 0.00014484244457, "var": 0.00163802446332, "median": 0.16015625, "max": 0.48974609375, "dmean": 0.0103924851865, "dmean2": 0.0120568498969, "mean": 0.151760831475, "dvar2": 0.000192628373043, "min": 0}, "spectral_energyband_low": {"dvar": 4.45175658115e-07, "var": 4.37098776729e-07, "median": 0.000241100642597, "max": 0.0101546263322, "dmean": 0.000319145648973, "dmean2": 0.000538563705049, "mean": 0.000422870507464, "dvar2": 1.15137004286e-06, "min": 4.51614474759e-23}, "melbands_kurtosis": {"dvar": 1446.37158203, "var": 1734.51025391, "median": -0.265854120255, "max": 1201.43444824, "dmean": 5.09013175964, "dmean2": 8.72628116608, "mean": 4.97622394562, "dvar2": 4439.38183594, "min": -1.9263535738}, "spectral_energyband_middle_high": {"dvar": 2.86705812869e-06, "var": 2.99565272144e-05, "median": 0.00754752382636, "max": 0.0250175260007, "dmean": 0.00149070634507, "dmean2": 0.00240813056007, "mean": 0.0074132620357, "dvar2": 7.32623675503e-06, "min": 1.66824275366e-21}, "barkbands_spread": {"dvar": 63.522441864, "var": 171.873794556, "median": 18.7930469513, "max": 101.958076477, "dmean": 6.63514328003, "dmean2": 10.7236251831, "mean": 22.6800479889, "dvar2": 152.944351196, "min": 0.228940725327}, "mfcc": {"mean": [-664.753112793, 32.0706520081, -40.9896965027, 42.3828697205, -1.27145671844, 21.3050117493, 2.84655165672, 10.1889848709, 3.78700900078, -10.2188901901, 0.133996650577, 2.02619051933, -2.63148474693], "cov": [[10844.7480469, -897.197631836, -1087.1986084, -808.380432129, -342.013458252, 346.267730713, 1.51314175129, 341.430267334, 181.065490723, -440.825012207, 342.335235596, -45.5192108154, -121.850578308], [-897.197631836, 749.659484863, 79.0136184692, 121.178642273, 2.22465491295, -115.694900513, -58.8900871277, -114.097869873, -101.977722168, 32.8380126953, -96.5127944946, -37.5420646667, -34.6927452087], [-1087.1986084, 79.0136184692, 456.855957031, 120.241012573, 20.2705249786, -27.8935413361, -30.8607139587, -44.4397277832, 12.1574792862, 22.3674755096, 3.78494167328, 24.4457836151, -43.0085678101], [-808.380432129, 121.178642273, 120.241012573, 546.71496582, 37.6469459534, -55.7335014343, -64.6183929443, -43.7935638428, -24.042963028, -48.4808349609, -40.2177772522, 8.07678604126, 27.4999408722], [-342.013458252, 2.22465491295, 20.2705249786, 37.6469459534, 114.628662109, 18.3377876282, 12.3986158371, 13.6620082855, -0.273481696844, 41.7070083618, -9.60851478577, -0.850972294807, 17.8809204102], [346.267730713, -115.694900513, -27.8935413361, -55.7335014343, 18.3377876282, 115.638885498, 63.4330978394, 35.4623336792, 35.5436477661, 4.03486967087, 24.8945045471, 9.09597682953, 19.3302783966], [1.51314175129, -58.8900871277, -30.8607139587, -64.6183929443, 12.3986158371, 63.4330978394, 121.212295532, 37.1742477417, 8.1823425293, 28.0394210815, 11.2884349823, 13.8287239075, 17.3055973053], [341.430267334, -114.097869873, -44.4397277832, -43.7935638428, 13.6620082855, 35.4623336792, 37.1742477417, 133.616226196, 28.0028114319, -21.3325386047, 56.2671546936, -3.51928281784, 19.7927379608], [181.065490723, -101.977722168, 12.1574792862, -24.042963028, -0.273481696844, 35.5436477661, 8.1823425293, 28.0028114319, 112.156539917, 22.7377967834, 4.7309627533, 17.0725440979, 15.5353879929], [-440.825012207, 32.8380126953, 22.3674755096, -48.4808349609, 41.7070083618, 4.03486967087, 28.0394210815, -21.3325386047, 22.7377967834, 136.582641602, -13.1158723831, 6.92283821106, 3.71412467957], [342.335235596, -96.5127944946, 3.78494167328, -40.2177772522, -9.60851478577, 24.8945045471, 11.2884349823, 56.2671546936, 4.7309627533, -13.1158723831, 128.084503174, 14.2221097946, -16.6341304779], [-45.5192108154, -37.5420646667, 24.4457836151, 8.07678604126, -0.850972294807, 9.09597682953, 13.8287239075, -3.51928281784, 17.0725440979, 6.92283821106, 14.2221097946, 53.2349853516, 15.9078369141], [-121.850578308, -34.6927452087, -43.0085678101, 27.4999408722, 17.8809204102, 19.3302783966, 17.3055973053, 19.7927379608, 15.5353879929, 3.71412467957, -16.6341304779, 15.9078369141, 85.5636520386]], "icov": [[0.000239260145463, 3.02783701045e-05, 0.0005249211099, 0.000168937782291, 0.000329463684466, -0.000697710260283, 0.000464276672574, -0.000184882199392, -0.000312148418743, 0.000557020946871, -0.000212931918213, -0.00014953428763, 0.000619102211203], [3.02783701045e-05, 0.00199417653494, -0.000143136494444, -0.000207539866096, 0.000187284880667, 0.000934561307076, 5.12896303917e-06, 0.000523806549609, 0.00123930373229, -0.000612855772488, 0.000803583359811, 0.000788379402366, 0.000285194837488], [0.0005249211099, -0.000143136494444, 0.00391750363633, -0.000224288349273, 0.000116289775178, -0.00139219197445, 0.00122156366706, 2.82570345007e-05, -0.00141421414446, 0.000938973447774, -0.000762902956922, -0.00191081338562, 0.00319028901868], [0.000168937782291, -0.000207539866096, -0.000224288349273, 0.00260837934911