{"tonal": {"chords_key": "D", "hpcp_entropy": {"dmean": 0.683795571327, "dmean2": 1.15263831615, "max": 4.66588258743, "dvar": 0.309592247009, "mean": 2.19068002701, "dvar2": 0.838935673237, "min": 0, "var": 0.563012838364, "median": 2.16398119926}, "key_key": "D", "chords_strength": {"dmean": 0.0122492723167, "dmean2": 0.0140937073156, "max": 0.737379491329, "dvar": 0.000100620127341, "mean": 0.473753213882, "dvar2": 0.000146229125676, "min": 0.235331654549, "var": 0.00656813802198, "median": 0.471045196056}, "key_scale": "minor", "chords_number_rate": 0.0020251700189, "thpcp": [1, 0.582881212234, 0.171139225364, 0.14120618999, 0.123589761555, 0.134271770716, 0.196863785386, 0.285894095898, 0.29954841733, 0.29955136776, 0.297812700272, 0.268999129534, 0.343912929296, 0.480971008539, 0.450959026814, 0.408967375755, 0.665065646172, 0.649912297726, 0.329246789217, 0.237185150385, 0.237946823239, 0.226942703128, 0.2105910182, 0.186629995704, 0.167967960238, 0.173793435097, 0.191985085607, 0.310053348541, 0.727121472359, 0.809380352497, 0.40785831213, 0.207215219736, 0.146811246872, 0.130199491978, 0.179635614157, 0.614008367062], "key_strength": 0.66772544384, "tuning_nontempered_energy_ratio": 0.894082963467, "tuning_frequency": 434.193115234, "chords_changes_rate": 0.0844785198569, "tuning_diatonic_strength": 0.573320448399, "chords_scale": "minor", "chords_histogram": [34.4423561096, 1.1427744627, 1.64906692505, 1.63460147381, 1.28742945194, 5.54028654099, 1.75032544136, 0.896860957146, 0, 1.37422251701, 0, 0.708809494972, 0.0867929980159, 0, 0.0144654996693, 0.0289309993386, 2.34341096878, 1.02705049515, 1.33082592487, 0.188051491976, 0.188051491976, 2.45913505554, 13.1202087402, 28.7863445282], "tuning_equal_tempered_deviation": 0.337352067232, "hpcp": {"dmean": [0.138630345464, 0.158996894956, 0.148401007056, 0.143656849861, 0.150799244642, 0.144549667835, 0.125262990594, 0.112657308578, 0.11087217927, 0.102139823139, 0.0865439772606, 0.0760383456945, 0.0738005116582, 0.075222440064, 0.0834412202239, 0.114460602403, 0.160763651133, 0.166238814592, 0.132023021579, 0.0920790582895, 0.0685863941908, 0.0557651221752, 0.0639574453235, 0.140422821045, 0.220633000135, 0.1390324682, 0.0675828382373, 0.0619859471917, 0.0536621324718, 0.0578630045056, 0.0782778784633, 0.101799152792, 0.108773991466, 0.126415580511, 0.132253184915, 0.12236534059], "dmean2": [0.252388179302, 0.284711867571, 0.263907492161, 0.259212493896, 0.267057389021, 0.25560387969, 0.228812471032, 0.210913226008, 0.208485290408, 0.188310444355, 0.157499596477, 0.137416854501, 0.135418578982, 0.138724029064, 0.15408192575, 0.205273494124, 0.275595843792, 0.286781519651, 0.23238261044, 0.168631777167, 0.125790089369, 0.10173497349, 0.114108406007, 0.250784367323, 0.397543251514, 0.249368220568, 0.121650703251, 0.114028126001, 0.0978303700686, 0.105480708182, 0.140541300178, 0.181317657232, 0.193372026086, 0.229243934155, 0.242885142565, 0.226031661034], "max": [1, 1, 1, 1, 1, 1, 1, 1, 1, 1, 1, 1, 1, 1, 1, 1, 1, 1, 1, 1, 1, 1, 1, 1, 1, 1, 1, 1, 1, 1, 1, 1, 1, 1, 1, 1], "dvar": [0.0573225989938, 0.0647891312838, 0.0546908453107, 0.0499323680997, 0.0535540804267, 0.0547576285899, 0.049222227186, 0.0524031445384, 0.0524214580655, 0.0467374734581, 0.0364384613931, 0.0298534370959, 0.0306064207107, 0.0313120745122, 0.0355636700988, 0.0415905267, 0.0559684187174, 0.0643079727888, 0.0434946343303, 0.0378004088998, 0.0260663870722, 0.0191412642598, 0.0230032969266, 0.0399352535605, 0.104344144464, 0.0391048900783, 0.024711381644, 0.023115484044, 0.0184143185616, 0.0197496842593, 0.0287084132433, 0.0420503281057, 0.0415813848376, 0.0552302859724, 0.0615522228181, 0.0553598366678], "mean": [0.111489646137, 0.155921116471, 0.146191835403, 0.132578983903, 0.215600878, 0.210688471794, 0.106735177338, 0.0768906474113, 0.0771375671029, 0.0735702514648, 0.0682693645358, 0.0605016872287, 0.0544518306851, 0.0563403330743, 0.0622376985848, 0.10051304847, 0.235718131065, 0.262384802103, 0.132219448686, 0.067175000906, 0.0475932508707, 0.0422080531716, 0.0582342483103, 0.199049144983, 0.324179857969, 0.188958346844, 0.0554798915982, 0.0457762032747, 0.0400653108954, 0.0435282029212, 0.0638192743063, 0.0926811099052, 0.0971075668931, 0.0971085205674, 0.0965448766947, 0.0872040987015], "dvar2": [0.156804397702, 0.170639231801, 0.145230948925, 0.14095120132, 0.14086702466, 0.139015674591, 0.134264081717, 0.147230133414, 0.148017629981, 0.131138801575, 0.0972373709083, 0.0803773924708, 0.08660762012, 0.0879704281688, 0.100113339722, 0.11678404361, 0.134346589446, 0.145594507456, 0.121465235949, 0.102645635605, 0.0722724795341, 0.0537611357868, 0.0637651234865, 0.0973755270243, 0.239983126521, 0.0956880226731, 0.0682526007295, 0.0671586990356, 0.0521098338068, 0.0553520023823, 0.0801888182759, 0.114265084267, 0.111878633499, 0.149968594313, 0.167006656528, 0.153071030974], "min": [0, 0, 0, 0, 0, 0, 0, 0, 0, 0, 0, 0, 0, 0, 0, 0, 0, 0, 0, 0, 0, 0, 0, 0, 0, 0, 0, 0, 0, 0, 0, 0, 0, 0, 0, 0], "var": [0.0480300076306, 0.0678384080529, 0.0578901208937, 0.0453598126769, 0.10542216152, 0.108178108931, 0.0410793870687, 0.0349125191569, 0.0355930887163, 0.0331924818456, 0.029423609376, 0.0240171235055, 0.0208966434002, 0.0223260466009, 0.025194933638, 0.0360307618976, 0.108125187457, 0.129640176892, 0.0440299920738, 0.0285456832498, 0.0178771894425, 0.0133446585387, 0.020963486284, 0.0584003850818, 0.163504958153, 0.0534971244633, 0.0196628514677, 0.0156810879707, 0.0128511087969, 0.0143758188933, 0.0230681560934, 0.0420450158417, 0.0412987321615, 0.0452868230641, 0.0479964129627, 0.0405649393797], "median": [0.0179761834443, 0.0363395176828, 0.0408655144274, 0.0415660217404, 0.0402589142323, 0.0333925187588, 0.0200004484504, 0.00902841053903, 0.00895965471864, 0.00917275901884, 0.00939148850739, 0.00808132905513, 0.00789332110435, 0.00832582451403, 0.00908136274666, 0.021418152377, 0.050281573087, 0.0553849637508, 0.0298621281981, 0.00687840394676, 0.00401661591604, 0.00585443992168, 0.00839140173048, 0.0614292509854, 0.0736638456583, 0.0570949725807, 0.0103890765458, 0.00861146487296, 0.00702437153086, 0.00700481887907, 0.00980933569372, 0.0125140324235, 0.0132153527811, 0.0118154371157, 0.00960724242032, 0.00951205939054]}}, "lowlevel": {"melbands_flatness_db": {"dmean": 0.0396365709603, "dmean2": 0.0602893829346, "max": 0.585348308086, "dvar": 0.00169055117294, "mean": 0.234858825803, "dvar2": 0.00359568977728, "min": 0.00489109754562, "var": 0.0083608161658, "median": 0.227782785892}, "melbands_crest": {"dmean": 4.36745119095, "dmean2": 7.08088302612, "max": 37.174571991, "dvar": 15.1819238663, "mean": 19.4668674469, "dvar2": 37.2316513062, "min": 1.87917709351, "var": 43.2278327942, "median": 19.2227191925}, "spectral_entropy": {"dmean": 0.209427863359, "dmean2": 0.301712572575, "max": 9.81288146973, "dvar": 0.0528970994055, "mean": 7.76158189774, "dvar2": 0.102793984115, "min": 4.36988544464, "var": 0.224376574159, "median": 7.82124233246}, "melbands": {"dmean": [0.00451348675415, 0.0037077551242, 0.00104167638347, 0.000275944388704, 0.000159162824275, 0.000186974764802, 0.000257635547314, 0.000125151418615, 0.000164244338521, 9.69607426669e-05, 0.000115573224321, 9.81317716651e-05, 4.53620050394e-05, 4.91121281812e-05, 3.70708075934e-05, 2.90099669655e-05, 2.30219684454e-05, 2.03428517125e-05, 1.72669424501e-05, 1.60306335601e-05, 1.39417143146e-05, 1.34018773679e-05, 9.77896979748e-06, 9.70586734184e-06, 8.49661228131e-06, 7.34858895157e-06, 6.29176292932e-06, 7.21713240637e-06, 5.65018535781e-06, 4.33041941506e-06, 3.66270364793e-06, 3.49646461473e-06, 2.45641990659e-06, 2.07350126402e-06, 1.94589415514e-06, 1.86275235592e-06, 1.93128312276e-06, 1.48639060171e-06, 1.47988112076e-06, 1.23689187603e-06], "dmean2": [0.00730369519442, 0.00657035643235, 0.00179483217653, 0.000453988119261, 0.000265589362243, 0.000306252739392, 0.000419786461862, 0.000205911666853, 0.000268026313279, 0.00015853754303, 0.000189952552319, 0.000163928983966, 7.53875938244e-05, 8.29543932923e-05, 6.0716381995e-05, 4.67471436423e-05, 3.72780887119e-05, 3.30210168613e-05, 2.82343989966e-05, 2.62441517407e-05, 2.21314057853e-05, 2.20036672545e-05, 1.55168345373e-05, 1.5392606656e-05, 1.35861009767e-05, 1.17008967209e-05, 9.96022663458e-06, 1.17495919767e-05, 9.25172844291e-06, 6.9181037361e-06, 5.83502014706e-06, 5.60966464036e-06, 3.87181580663e-06, 3.22873415826e-06, 2.9667085073e-06, 2.7916973977e-06, 2.88171486318e-06, 2.1761015887e-06, 2.15978343476e-06, 1.79878747986e-06], "max": [0.108881853521, 0.0991988927126, 0.0322917960584, 0.0112177841365, 0.0047357478179, 0.0209052171558, 0.0235677678138, 0.0105453329161, 0.0124408910051, 0.00837714225054, 0.00848855730146, 0.00577741069719, 0.0034856509883, 0.00329545629211, 0.00404233392328, 0.00277600158006, 0.00197943323292, 0.0015534919221, 0.00149298738688, 0.00168201082852, 0.000998044153675, 0.000925446802285, 0.000664519669954, 0.000638045661617, 0.000633308722172, 0.000400720600737, 0.000349394627847, 0.000472453248221, 0.000414024398196, 0.000296204962069, 0.000283146568108, 0.000223377865041, 0.00014667258074, 0.000132963818032, 9.64160208241e-05, 6.84450933477e-05, 0.000163760196301, 0.000119553798868, 0.000110654887976, 7.19099189155e-05], "dvar": [8.26954492368e-05, 0.000120943652291, 6.40742064206e-06, 2.3786921588e-07, 1.15412753132e-07, 3.61004254046e-07, 8.77962406776e-07, 1.41521312003e-07, 3.22166982869e-07, 1.3111761632e-07, 2.3861724685e-07, 1.53557735416e-07, 2.62917279059e-08, 2.96712627801e-08, 1.31003670134e-08, 9.10108699514e-09, 5.29578869646e-09, 3.40719163994e-09, 3.43924311252e-09, 3.22372928352e-09, 1.4326040354e-09, 1.67537050899e-09, 6.95884683211e-10, 7.91830545577e-10, 5.47024203712e-10, 2.9473226637e-10, 2.58109839057e-10, 4.39548591968e-10, 3.35887262448e-10, 1.47636694536e-10, 1.46022374747e-10, 1.38366262892e-10, 5.14267205209e-11, 3.34903632604e-11, 1.58623617713e-11, 1.23473158781e-11, 1.57521461153e-11, 9.93553763567e-12, 8.34961266793e-12, 5.37713450155e-12], "mean": [0.00625834660605, 0.00409410893917, 0.0013152663596, 0.000427153601777, 0.000231225043535, 0.000223068564082, 0.000286194466753, 0.000149525876623, 0.000189984202734, 0.000116887895274, 0.000126743441797, 0.000121686745842, 5.06949036208e-05, 5.48659154447e-05, 4.74900152767e-05, 3.90916757169e-05, 2.83427743852e-05, 2.84903944703e-05, 2.16671051021e-05, 2.13003768295e-05, 2.09970548894e-05, 1.91865619854e-05, 1.68382084667e-05, 1.53885994223e-05, 1.55727739184e-05, 1.39302446769e-05, 1.20537588373e-05, 1.30260932565e-05, 9.62544618233e-06, 7.50910476199e-06, 5.59497084396e-06, 5.01247131979e-06, 3.73785314878e-06, 3.18240813613e-06, 3.69439658243e-06, 3.41907366419e-06, 3.54161352334e-06, 2.91437800115e-06, 2.87531315735e-06, 2.46251124736e-06], "dvar2": [0.000199018933927, 0.000345237727743, 1.77269812411e-05, 6.01284966706e-07, 3.09337423232e-07, 8.63265540829e-07, 2.2075207653e-06, 3.50046235553e-07, 8.35718537928e-07, 3.49764604834e-07, 6.12213227669e-07, 4.12182458831e-07, 6.95040895948e-08, 8.16357470512e-08, 3.31982725754e-08, 2.19547633407e-08, 1.3124822118e-08, 8.66306137937e-09, 8.89517703939e-09, 8.60967475091e-09, 3.56247786826e-09, 4.40969749604e-09, 1.69185410126e-09, 1.99279370783e-09, 1.40368150436e-09, 7.13108738726e-10, 6.48868125896e-10, 1.16041154463e-09, 9.1407875713e-10, 3.68932606687e-10, 3.68792524297e-10, 3.60727975268e-10, 1.2867983068e-10, 8.39500344241e-11, 3.62241035778e-11, 2.65847812514e-11, 3.37594813216e-11, 2.05093667743e-11, 1.81142306016e-11, 1.12282856624e-11], "min": [1.4390037757e-23, 2.61393951883e-24, 2.62538628499e-24, 1.81457493065e-24, 3.10312104084e-24, 6.71607144624e-24, 7.31896785938e-24, 6.14973084744e-24, 8.05325931149e-24, 1.20561178271e-23, 1.19438731755e-23, 7.38257213645e-24, 3.85899907997e-24, 8.52054580186e-24, 7.2575290055e-24, 6.91282124461e-24, 1.07011727029e-23, 1.30623288444e-23, 7.03474521954e-24, 9.80373850473e-24, 1.18521262857e-23, 7.63108067654e-24, 9.10370018199e-24, 7.76454726423e-24, 7.87418946372e-24, 1.09344514944e-23, 7.80822649255e-24, 8.54572071993e-24, 7.01827222612e-24, 7.98167570636e-24, 9.60326054972e-24, 8.92947472905e-24, 9.06569128586e-24, 8.38478520665e-24, 6.93007521033e-24, 8.5722414347e-24, 1.31164525911e-23, 1.1780948155e-23, 8.74833569913e-24, 6.59434389768e-24], "var": [0.000107253923488, 8.64093090058e-05, 5.33037382411e-06, 4.06501243333e-07, 1.4259650527e-07, 3.90583323906e-07, 7.90783474258e-07, 1.48693587221e-07, 3.00142232845e-07, 1.21816313481e-07, 2.15881200916e-07, 1.52996364022e-07, 2.36285018218e-08, 2.59571333316e-08, 1.70885332551e-08, 1.51293377826e-08, 6.48669740144e-09, 4.83170259358e-09, 3.83279763483e-09, 3.56635698751e-09, 2.41844144711e-09, 2.51087373115e-09, 1.81794590493e-09, 1.13542264479e-09, 9.99970883875e-10, 7.0212419212e-10, 4.73256878131e-10, 7.56263607293e-10, 3.75139419528e-10, 2.25788457375e-10, 1.6942171277e-10, 1.39285291634e-10, 5.96452678914e-11, 3.94373526891e-11, 3.3609878769e-11, 2.54964348245e-11, 3.08841632823e-11, 2.15192169639e-11, 1.81112694286e-11, 1.27620266785e-11], "median": [0.00307022687048, 0.00174703937955, 0.000612921372522, 0.000218755449168, 0.000106383573439, 5.97080615989e-05, 7.30811807443e-05, 4.0080427425e-05, 3.75541749236e-05, 2.42114165303e-05, 1.46203328768e-05, 1.30419030029e-05, 8.19241085992e-06, 8.03340390121e-06, 6.19172851657e-06, 4.8191877795e-06, 5.38839731234e-06, 6.03288299317e-06, 4.0972804527e-06, 3.48962521457e-06, 4.60733372165e-06, 4.14620808442e-06, 3.60137778443e-06, 3.81972813557e-06, 3.98487236453e-06, 4.19165826315e-06, 3.93601294491e-06, 3.5483924421e-06, 2.68566509476e-06, 1.95330107999e-06, 1.54088888848e-06, 1.53506152856e-06, 1.24258724554e-06, 1.07918378944e-06, 1.55913107847e-06, 1.62261403602e-06, 1.56132352913e-06, 1.29947090954e-06, 1.29384500269e-06, 1.04345519958e-06]}, "silence_rate_60dB": {"dmean": 0.015769675374, "dmean2": 0.031541634351, "max": 1, "dvar": 0.0155186019838, "mean": 0.0518625676632, "dvar2": 0.0346045866609, "min": 0, "var": 0.0491702407598, "median": 0}, "spectral_energyband_middle_high": {"dmean": 0.00249818619341, "dmean2": 0.00400979584083, "max": 0.111904099584, "dvar": 6.88522923156e-05, "mean": 0.00437219068408, "dvar2": 0.000179020848009, "min": 1.51605616221e-21, "var": 6.98245930835e-05, "median": 0.00149840768427}, "erbbands_skewness": {"dmean": 0.41237911582, "dmean2": 0.618235468864, "max": 6.57413673401, "dvar": 0.20071798563, "mean": 0.235700547695, "dvar2": 0.42753508687, "min": -5.56737136841, "var": 0.776972174644, "median": 0.214532703161}, "dynamic_complexity": 3.8422973156, "dissonance": {"dmean": 0.0196472853422, "dmean2": 0.0323678217828, "max": 0.499999970198, "dvar": 0.000461004266981, "mean": 0.46283185482, "dvar2": 0.00113146670628, "min": 0.220233559608, "var": 0.000981653691269, "median": 0.471483319998}, "spectral_skewness": {"dmean": 0.198116406798, "dmean2": 0.289333701134, "max": 4.89985179901, "dvar": 0.0560996234417, "mean": 1.41519153118, "dvar2": 0.114762440324, "min": -0.225664764643, "var": 0.203542709351, "median": 1.3538621664}, "spectral_kurtosis": {"dmean": 1.01871979237, "dmean2": 1.51284348965, "max": 35.2993621826, "dvar": 2.02412199974, "mean": 3.02981376648, "dvar2": 4.40842962265, "min": -1.31072258949, "var": 5.35901069641, "median": 2.58408164978}, "gfcc": {"cov": [[11130.5566406, -1180.0501709, -901.502319336, -287.431671143, -83.7431793213, 103.112876892, 123.84954834, 228.463790894, -40.1904563904, 87.8012695312, -154.594848633, 30.6029548645, 101.586273193], [-1180.0501709, 1309.96069336, -67.6458053589, -62.354385376, 71.4173583984, -64.80493927, 21.5351486206, -55.7335624695, 42.8778343201, -20.5950145721, 53.5275230408, -18.2271194458, 2.63789653778], [-901.502319336, -67.6458053589, 942.957092285, 163.48866272, 95.5774917603, 100.196464539, -31.9401359558, 22.6285419464, 28.0313606262, 43.3466796875, 40.9646224976, 44.4406890869, -8.38097667694], [-287.431671143, -62.354385376, 163.48866272, 459.80178833, 122.567909241, -0.656387388706, -7.92925405502, 38.8772735596, 92.5877990723, 19.3161907196, 43.0622062683, 19.2420539856, 30.9981956482], [-83.7431793213, 71.4173583984, 95.5774917603, 122.567909241, 273.690490723, 40.4608383179, 52.0807800293, 51.1859283447, 42.4307174683, 36.9909820557, 16.0289230347, 14.1815013885, 31.5890884399], [103.112876892, -64.80493927, 100.196464539, -0.656387388706, 40.4608383179, 193.089035034, 100.808532715, 31.502702713, -10.1517562866, 13.937579155, 36.7730865479, 5.46305465698, 2.89136528969], [123.84954834, 21.5351486206, -31.9401359558, -7.92925405502, 52.0807800293, 100.808532715, 242.376403809, 70.2066955566, -5.22136163712, 12.3140678406, 34.6058158875, 19.2722930908, 16.7516880035], [228.463790894, -55.7335624695, 22.6285419464, 38.8772735596, 51.1859283447, 31.502702713, 70.2066955566, 178.357299805, 62.7891845703, 26.7854957581, 37.6425094604, 12.3705091476, 26.2174167633], [-40.1904563904, 42.8778343201, 28.0313606262, 92.5877990723, 42.4307174683, -10.1517562866, -5.22136163712, 62.7891845703, 164.272628784, 63.7712669373, 20.326833725, 16.6822376251, 26.8662433624], [87.8012695312, -20.5950145721, 43.3466796875, 19.3161907196, 36.9909820557, 13.937579155, 12.3140678406, 26.7854957581, 63.7712669373, 126.469444275, 34.292301178, 20.1124515533, 12.4573507309], [-154.594848633, 53.5275230408, 40.9646224976, 43.0622062683, 16.0289230347, 36.7730865479, 34.6058158875, 37.6425094604, 20.326833725, 34.292301178, 117.160484314, 29.5965003967, -3.51256656647], [30.6029548645, -18.2271194458, 44.4406890869, 19.2420539856, 14.1815013885, 5.46305465698, 19.2722930908, 12.3705091476, 16.6822376251, 20.1124515533, 29.5965003967, 88.1571578979, 42.2333335876], [101.586273193, 2.63789653778, -8.38097667694, 30.9981956482, 31.5890884399, 2.89136528969, 16.7516880035, 26.2174167633, 26.8662433624, 12.4573507309, -3.51256656647, 42.2333335876, 90.2545852661]], "mean": [5.97104310989, 55.5537986755, -69.6926727295, 37.8979301453, -44.5774383545, 17.0343856812, -28.1796569824, 16.667673111, -21.1103916168, 6.9391450882, -13.0882806778, -0.277789920568, -13.7912111282], "icov": [[0.000119947500934, 8.8512977527e-05, 0.000133509529405, 3.47262648575e-05, 5.59678312584e-08, -0.000115054514026, 4.14137939515e-05, -0.000179986644071, 7.48545353417e-05, -0.000143574477988, 0.000194634398213, -0.000105084815004, -3.45782209479e-05], [8.8512977527e-05, 0.00104148476385, 4.30273576058e-05, 0.00046900176676, -0.000499295536429, 0.000562495784834, -0.000367277592886, 0.000694989867043, -0.000723491422832, 0.000570185075048, -0.000990313012153, 0.000654276867863, -0.00047216846724], [0.000133509529405, 4.30273576058e-05, 0.00150240492076, -0.000427148217568, -0.000236634688918, -0.00113732693717, 0.000771184975747, -0.0004729781067, 0.000325724424329, -0.000509690959007, 0.000521867710631, -0.0012009285856, 0.000803859904408], [3.47262648575e-05, 0.00046900176676, -0.000427148217568, 0.00324258464389, -0.00133152434137, 0.000698974879924, -7.00317468727e-05, 0.000681981444359, -0.00195639533922, 0.00130048720166, -0.00172182638198, 0.000808972225059, -0.000990291358903], [5.59678312584e-08, -0.000499295536429, -0.000236634688918, -0.00133152434137, 0.0050005200319, -0.000728906015866, -0.000534088292625, -0.0010123293614, 0.000483103474835, -0.00138545699883, 0.00111315969843, 4.78154470329e-05, -0.000815395498648], [-0.000115054514026, 0.000562495784834, -0.00113732693717, 0.000698974879924, -0.000728906015866, 0.00823657121509, -0.00338144856505, 0.000922708830331, -9.95567347672e-07, 0.000400969322072, -0.00273360707797, 0.00211484450847, -0.00103282765485], [4.14137939515e-05, -0.000367277592886, 0.000771184975747, -7.00317468727e-05, -0.000534088292625, -0.00338144856505, 0.00660586263984, -0.00250432640314, 0.0013734723907, -0.000463598349597, 0.000290866271826, -0.00165534182452, 0.000297484570183], [-0.000179986644071, 0.000694989867043, -0.0004729781067, 0.000681981444359, -0.0010123293614, 0.000922708830331, -0.00250432640314, 0.00906857382506, -0.00378869357519, 0.00150081713218, -0.00337877729908, 0.00223872484639, -0.00219901069067], [7.48545353417e-05, -0.000723491422832, 0.000325724424329, -0.00195639533922, 0.000483103474835, -9.95567347672e-07, 0.0013734723907, -0.00378869357519, 0.0106811644509, -0.00507342070341, 0.00159594358411, -0.000813195598312, -0.000720947107766], [-0.000143574477988, 0.000570185075048, -0.000509690959007, 0.00130048720166, -0.00138545699883, 0.000400969322072, -0.000463598349597, 0.00150081713218, -0.00507342070341, 0.0117497052997, -0.00358433509246, -7.56091831136e-05, -0.00044255159446], [0.000194634398213, -0.000990313012153, 0.000521867710631, -0.00172182638198, 0.00111315969843, -0.00273360707797, 0.000290866271826, -0.00337877729908, 0.00159594358411, -0.00358433509246, 0.0138254193589, -0.00601521506906, 0.00444761337712], [-0.000105084815004, 0.000654276867863, -0.0012009285856, 0.000808972225059, 4.78154470329e-05, 0.00211484450847, -0.00165534182452, 0.00223872484639, -0.000813195598312, -7.56091831136e-05, -0.00601521506906, 0.0185332279652, -0.00937172211707], [-3.45782209479e-05, -0.00047216846724, 0.000803859904408, -0.000990291358903, -0.000815395498648, -0.00103282765485, 0.000297484570183, -0.00219901069067, -0.000720947107766, -0.00044255159446, 0.00444761337712, -0.00937172211707, 0.0172834340483]]}, "spectral_complexity": {"dmean": 3.67346644402, "dmean2": 5.41098165512, "max": 62, "dvar": 26.7648277283, "mean": 14.1581192017, "dvar2": 44.5194778442, "min": 0, "var": 110.64730835, "median": 12}, "spectral_flux": {"dmean": 0.0451894588768, "dmean2": 0.0726956650615, "max": 0.588177859783, "dvar": 0.00431995512918, "mean": 0.105908028781, "dvar2": 0.00925085972995, "min": 6.51839832111e-11, "var": 0.00753826275468, "median": 0.0826420038939}, "spectral_energyband_low": {"dmean": 0.0205234456807, "dmean2": 0.0344721749425, "max": 0.428300589323, "dvar": 0.00204859720543, "mean": 0.0291910618544, "dvar2": 0.00537040876225, "min": 6.69820090684e-23, "var": 0.00226031965576, "median": 0.0153235979378}, "spectral_decrease": {"dmean": 6.38972696976e-09, "dmean2": 1.06281481393e-08, "max": 7.08744687132e-29, "dvar": 1.5478871984e-16, "mean": -1.04774029452e-08, "dvar2": 4.06123710846e-16, "min": -1.1761388663e-07, "var": 1.79270976336e-16, "median": -6.7591536812e-09}, "barkbands_spread": {"dmean": 9.29387950897, "dmean2": 14.1475858688, "max": 116.563491821, "dvar": 133.208862305, "mean": 27.9176044464, "dvar2": 278.747131348, "min": 0.236813277006, "var": 441.922851562, "median": 23.5577011108}, "spectral_rms": {"dmean": 0.00153790041804, "dmean2": 0.00243862019852, "max": 0.0209159702063, "dvar": 4.69534916192e-06, "mean": 0.00560421869159, "dvar2": 1.14177437354e-05, "min": 3.2011854105e-12, "var": 9.45191732171e-06, "median": 0.00518887070939}, "spectral_centroid": {"dmean": 326.13381958, "dmean2": 492.601379395, "max": 11474.3759766, "dvar": 152585.984375, "mean": 1502.75439453, "dvar2": 306125.65625, "min": 138.443588257, "var": 731067.5, "median": 1419.38659668}, "barkbands_skewness": {"dmean": 1.16073095798, "dmean2": 1.7816838026, "max": 21.8122024536, "dvar": 2.27735304832, "mean": 2.92295360565, "dvar2": 5.09526872635, "min": -3.5056438446, "var": 6.41487121582, "median": 2.22141647339}, "spectral_rolloff": {"dmean": 799.467346191, "dmean2": 1331.28308105, "max": 18755.4199219, "dvar": 2283169.5, "mean": 1521.14196777, "dvar2": 5085932, "min": 64.599609375, "var": 4453534, "median": 581.396484375}, "erbbands_spread": {"dmean": 14.5916194916, "dmean2": 21.7549915314, "max": 199.409713745, "dvar": 281.893035889, "mean": 60.0252609253, "dvar2": 596.012145996, "min": 2.98994421959, "var": 792.520019531, "median": 55.3644523621}, "barkbands": {"dmean": [0.000977524090558, 0.0155571233481, 0.00585516635329, 0.00169878324959, 0.00115673290566, 0.000889037561137, 0.0011380900396, 0.000683672609739, 0.000757995643653, 0.000921734725125, 0.000321230967529, 0.000429986364907, 0.000292431446724, 0.00024246389512, 0.000237692176597, 0.000209602396353, 0.000232239544857, 0.000188021818758, 0.000193543397472, 0.000202067851205, 0.000167841222719, 0.00014815024042, 0.000110932101961, 0.000124176658574, 0.000117598836368, 6.99569645803e-05, 3.78786826332e-05], "dmean2": [0.00149711151607, 0.0259583760053, 0.0105579951778, 0.00289569469169, 0.0019063471118, 0.00145643320866, 0.00186247180682, 0.00113079545554, 0.00123029586393, 0.00153715757187, 0.000534258200787, 0.000720264448319, 0.000474087166367, 0.000396041461499, 0.000389717431972, 0.000335636141244, 0.000382390455343, 0.000298147671856, 0.000309175200528, 0.000325102242641, 0.000267254072241, 0.000234353268752, 0.000164890734595, 0.000178777903784, 0.000165086938068, 9.82692727121e-05, 5.54851212655e-05], "max": [0.0378701835871, 0.335328370333, 0.193921223283, 0.0546061955392, 0.0463460460305, 0.091440461576, 0.0998985990882, 0.0602680630982, 0.0662310644984, 0.058805309236, 0.0291585307568, 0.0272708684206, 0.031384523958, 0.017579710111, 0.0210310444236, 0.0151746552438, 0.0172640606761, 0.0101037202403, 0.00839810539037, 0.0112044215202, 0.0102423699573, 0.00931449979544, 0.00430109305307, 0.0104665849358, 0.0073750494048, 0.00377393234521, 0.00100455211941], "dvar": [5.25575069332e-06, 0.00111312989611, 0.000349308626028, 1.31803262775e-05, 4.06677236242e-06, 6.44211422696e-06, 1.66797908605e-05, 4.95098947795e-06, 9.05897013581e-06, 1.63557469932e-05, 1.20966092254e-06, 2.03034414881e-06, 8.61938644903e-07, 5.43190367353e-07, 6.08194852703e-07, 3.60512132147e-07, 4.91145328851e-07, 2.58775685325e-07, 2.02988104547e-07, 3.19672352589e-07, 2.53383717563e-07, 2.32620678275e-07, 5.64831132976e-08, 6.73468321111e-08, 4.95749148399e-08, 1.49919099357e-08, 5.31637223133e-09], "mean": [0.00136982591357, 0.0207961387932, 0.00549611169845, 0.00227099447511, 0.00175440951716, 0.00110913941171, 0.0012638035696, 0.000811048725154, 0.000872617121786, 0.00107379350811, 0.000349397887476, 0.000483909330796, 0.000402709498303, 0.000307307345793, 0.000304169545416, 0.000307555310428, 0.000348903035047, 0.000323950866004, 0.000381687801564, 0.000379265606171, 0.000297444901662, 0.000229811121244, 0.000212226281292, 0.000258152722381, 0.000258566607954, 0.00015354223433, 6.40703656245e-05], "dvar2": [1.210555547e-05, 0.00283037032932, 0.000997837865725, 3.71647911379e-05, 1.03687625597e-05, 1.54223162099e-05, 4.21121330874e-05, 1.26118347907e-05, 2.36471278185e-05, 4.31070257036e-05, 3.15838769893e-06, 5.50184495296e-06, 2.06883441933e-06, 1.35798131851e-06, 1.5852534716e-06, 9.21622074657e-07, 1.29379770897e-06, 6.43659404886e-07, 5.05481523305e-07, 8.29987925499e-07, 6.41712290417e-07, 5.96314862378e-07, 1.26342726503e-07, 1.35720782168e-07, 9.81814949341e-08, 2.86231571778e-08, 1.1637402153e-08], "min": [1.92503644108e-23, 4.03451234834e-23, 4.99650218985e-24, 4.78356062696e-24, 8.46375491643e-24, 2.68986990531e-23, 3.67772665367e-23, 3.59988911706e-23, 1.0037664951e-22, 4.67644065244e-23, 3.88011870078e-23, 7.5556207667e-23, 4.47568470285e-23, 1.38429463109e-22, 1.05765055431e-22, 1.83231423515e-22, 1.37781170907e-22, 1.45466014032e-22, 2.77356678517e-22, 2.96884330692e-22, 3.48758056771e-22, 4.6055678741e-22, 5.09161019514e-22, 1.02923260381e-21, 1.01834738355e-21, 1.49891518661e-21, 2.17321955396e-21], "var": [6.66715959596e-06, 0.00128636823501, 0.000217167194933, 1.53040018631e-05, 6.53036431686e-06, 7.30842066332e-06, 1.49414199768e-05, 5.06963260705e-06, 8.11037898529e-06, 1.42441867865e-05, 1.15029217795e-06, 1.90612865936e-06, 1.56088231051e-06, 6.74190630434e-07, 7.0736990665e-07, 5.17585590387e-07, 7.93134063315e-07, 4.15906839635e-07, 4.60437689753e-07, 5.0275752983e-07, 3.41031892503e-07, 2.4987647862e-07, 1.08628810835e-07, 1.49511564018e-07, 1.29859486719e-07, 4.55126816234e-08, 1.11290097138e-08], "median": [0.000500392983668, 0.00982820801437, 0.00220904569142, 0.000787036027759, 0.000927982386202, 0.000337519712048, 0.000328134745359, 0.000150473235408, 0.00016566006525, 9.08985093702e-05, 5.55179140065e-05, 6.64372710162e-05, 4.63700052933e-05, 6.17745172349e-05, 5.75316043978e-05, 5.97127691435e-05, 7.40909890737e-05, 8.13238075352e-05, 0.000120311568025, 0.000116135568533, 8.42678782647e-05, 7.64770957176e-05, 9.40017853281e-05, 0.000125833656057, 0.000114244037832, 6.50353831588e-05, 1.77169040398e-05]}, "melbands_kurtosis": {"dmean": 36.2893867493, "dmean2": 57.2744026184, "max": 1250.00268555, "dvar": 4851.64794922, "mean": 56.4192276001, "dvar2": 10734.3339844, "min": -1.94231891632, "var": 8535.82324219, "median": 23.3026771545}, "erbbands_crest": {"dmean": 2.45994710922, "dmean2": 3.9686024189, "max": 29.4418621063, "dvar": 5.65820980072, "mean": 8.18514728546, "dvar2": 14.0013418198, "min": 2.18170595169, "var": 15.2307157516, "median": 7.27737808228}, "melbands_skewness": {"dmean": 1.69770526886, "dmean2": 2.58664083481, "max": 27.4943065643, "dvar": 4.07483148575, "mean": 5.05788373947, "dvar2": 8.47560691833, "min": -0.542859435081, "var": 11.8796033859, "median": 4.20142364502}, "spectral_energyband_middle_low": {"dmean": 0.00478942785412, "dmean2": 0.00775792635977, "max": 0.137726858258, "dvar": 9.39048550208e-05, "mean": 0.00828914996237, "dvar2": 0.000239214481553, "min": 2.75120327271e-22, "var": 0.000112247296784, "median": 0.00522609241307}, "spectral_contrast_coeffs": {"dmean": [0.053159032017, 0.0551920719445, 0.0431163571775, 0.0352404527366, 0.0255121495575, 0.0193056855351], "dmean2": [0.0877925232053, 0.0888088792562, 0.0684521496296, 0.0554943233728, 0.0399593934417, 0.0293787904084], "max": [-0.304883152246, -0.378632426262, -0.465828299522, -0.528032243252, -0.523793458939, -0.604139626026], "dvar": [0.00199170899577, 0.00225619249977, 0.00136294646654, 0.00100278295577, 0.000561077729799, 0.000393824302591], "mean": [-0.664697647095, -0.729432046413, -0.775477588177, -0.789429008961, -0.787343561649, -0.793692171574], "dvar2": [0.00532505847514, 0.00538190174848, 0.00320086674765, 0.00228192913346, 0.00119287590496, 0.000838648877107], "min": [-0.97117125988, -0.992365241051, -0.977418065071, -0.990775227547, -0.960322856903, -0.96331179142], "var": [0.00835519004613, 0.00600737147033, 0.00581292668357, 0.00416185939685, 0.00314704864286, 0.00193787785247], "median": [-0.678345322609, -0.73518717289, -0.787472546101, -0.799524486065, -0.797003269196, -0.797268509865]}, "spectral_contrast_valleys": {"dmean": [0.412313252687, 0.461347520351, 0.467480421066, 0.411783427, 0.337565422058, 0.348763227463], "dmean2": [0.661606431007, 0.738312542439, 0.728142976761, 0.625747740269, 0.481300413609, 0.44631382823], "max": [-4.89990711212, -4.3159160614, -4.32405424118, -4.92135190964, -4.96354150772, -7.21541833878], "dvar": [0.168555036187, 0.190171718597, 0.236130699515, 0.203474804759, 0.148271784186, 0.176006793976], "mean": [-7.0846786499, -7.17496967316, -7.84178924561, -8.19161319733, -7.75294828415, -9.61925601959], "dvar2": [0.363297969103, 0.453648358583, 0.531729578972, 0.437576413155, 0.279139101505, 0.278340280056], "min": [-27.2615833282, -27.5455131531, -27.4021568298, -27.3985347748, -27.2162590027, -27.2726650238], "var": [1.29443824291, 1.12600493431, 1.31234455109, 1.24083042145, 1.25136828423, 1.38035595417], "median": [-6.87143850327, -7.06812286377, -7.76241540909, -8.09270954132, -7.5916762352, -9.3764295578]}, "silence_rate_20dB": {"dmean": 0, "dmean2": 0, "max": 1, "dvar": 0, "mean": 1, "dvar2": 0, "min": 1, "var": 0, "median": 1}, "silence_rate_30dB": {"dmean": 0.0694444477558, "dmean2": 0.138898938894, "max": 1, "dvar": 0.0646205320954, "mean": 0.911971092224, "dvar2": 0.136528521776, "min": 0, "var": 0.0802747160196, "median": 1}, "spectral_strongpeak": {"dmean": 0.324838608503, "dmean2": 0.562949717045, "max": 10.9154253006, "dvar": 0.444902449846, "mean": 0.508553445339, "dvar2": 1.16236019135, "min": 0, "var": 0.484600037336, "median": 0.32351770997}, "spectral_spread": {"dmean": 950165.25, "dmean2": 1287127.625, "max": 41710524, "dvar": 1208904187900.0, "mean": 6881935.5, "dvar2": 2057403498500.0, "min": 2210344.5, "var": 4687627550720.0, "median": 6657071}, "barkbands_flatness_db": {"dmean": 0.0319634564221, "dmean2": 0.0492868386209, "max": 0.460733115673, "dvar": 0.00112330925185, "mean": 0.142834991217, "dvar2": 0.00252693588845, "min": 0.00881098210812, "var": 0.00504114525393, "median": 0.13356885314}, "pitch_salience": {"dmean": 0.0921678543091, "dmean2": 0.148617967963, "max": 0.992800056934, "dvar": 0.00735286809504, "mean": 0.446821570396, "dvar2": 0.0182064436376, "min": 0.0482613109052, "var": 0.0197795853019, "median": 0.446749478579}, "erbbands_kurtosis": {"dmean": 0.983663141727, "dmean2": 1.5535633564, "max": 70.449836731, "dvar": 3.46990203857, "mean": 0.257777065039, "dvar2": 7.80651760101, "min": -1.89223873615, "var": 6.16875839233, "median": -0.375221252441}, "average_loudness": 0.904119670391, "barkbands_crest": {"dmean": 3.41000103951, "dmean2": 5.48518848419, "max": 26.449344635, "dvar": 10.0960073471, "mean": 13.1588287354, "dvar2": 25.0369949341, "min": 2.01553654671, "var": 28.0408248901, "median": 12.8050613403}, "hfc": {"dmean": 10.384513855, "dmean2": 15.4726934433, "max": 384.903808594, "dvar": 598.52331543, "mean": 25.7582054138, "dvar2": 1455.43005371, "min": 1.12597783744e-16, "var": 930.350219727, "median": 16.807516098}, "barkbands_kurtosis": {"dmean": 13.6935157776, "dmean2": 22.1412734985, "max": 840.698425293, "dvar": 1031.8614502, "mean": 18.077665329, "dvar2": 2576.54980469, "min": -1.95280182362, "var": 1512.5378418, "median": 4.54572153091}, "erbbands": {"dmean": [0.560550928116, 3.34641861916, 6.62468576431, 6.51626491547, 3.85957527161, 4.20748567581, 4.61513280869, 8.35243701935, 17.1243896484, 11.6046743393, 18.4636650085, 16.7290077209, 21.5363693237, 21.1510124207, 14.1108560562, 17.8459625244, 13.8922128677, 11.8387145996, 12.0143508911, 11.9110460281, 11.2390441895, 11.4019546509, 9.48258781433, 9.68447494507, 9.54375648499, 9.58872699738, 7.96281862259, 6.0996222496, 5.45695734024, 3.7426006794, 3.24426412582, 2.87672138214, 1.99113297462, 1.4778162241, 0.777959764004, 0.324244618416, 0.134553402662, 0.043900474906, 0.007431096863, 0.00019288394833], "dmean2": [0.8747600317, 5.7978386879, 11.9954586029, 11.2284622192, 6.46983337402, 6.91002035141, 7.67137432098, 13.6610965729, 27.8846740723, 19.0128231049, 30.005613327, 27.4302749634, 35.1491317749, 35.2525177002, 23.6607646942, 29.7417907715, 22.3913135529, 19.1353130341, 19.4273796082, 19.5632038116, 17.879573822, 18.6232509613, 14.9806585312, 15.4364213943, 15.1581983566, 15.4538564682, 12.8903121948, 9.58728790283, 8.60284519196, 5.76555967331, 4.83525133133, 4.21977138519, 2.84748744965, 2.12054204941, 1.10467374325, 0.460125803947, 0.1919965446, 0.063760496676, 0.010927669704, 0.000280025880784], "max": [16.3982429504, 87.1821289062, 212.248718262, 204.569946289, 108.943489075, 283.196105957, 156.010528564, 968.767028809, 1781.97631836, 973.353637695, 1660.25134277, 1497.83117676, 1742.0378418, 1173.00512695, 978.89831543, 1357.39196777, 1599.92028809, 936.514526367, 1118.85571289, 1365.36047363, 832.819213867, 707.244567871, 497.591003418, 700.679992676, 587.483703613, 551.469299316, 526.488952637, 421.700805664, 355.004730225, 231.480865479, 119.130462646, 202.193389893, 173.872360229, 94.2822036743, 51.1019172668, 26.5721912384, 5.3620467186, 1.11346685886, 0.218108892441, 0.00484425388277], "dvar": [1.21053230762, 67.9251251221, 469.27911377, 250.764816284, 53.7815246582, 68.1915130615, 103.984077454, 763.504760742, 4132.76953125, 1171.00231934, 3677.28344727, 4164.40087891, 7719.68164062, 6092.11816406, 2618.02148438, 3623.42919922, 1943.44360352, 1344.40734863, 1228.85571289, 2088.82299805, 998.181274414, 1172.9720459, 691.17779541, 712.937866211, 537.533081055, 739.950378418, 637.444580078, 367.378204346, 309.498809814, 117.420501709, 41.8884963989, 32.5429573059, 18.0594711304, 7.88640451431, 2.33439302444, 0.403989255428, 0.0485570766032, 0.00663132639602, 0.0002005052811, 1.18606166666e-07], "mean": [0.764225065708, 3.97658658028, 6.46922588348, 8.0872964859, 5.56743335724, 6.4544005394, 6.48664140701, 9.91685676575, 18.87865448, 13.9371318817, 21.9137401581, 20.3107147217, 24.6554641724, 27.6024532318, 16.3307266235, 20.9433727264, 20.23711586, 15.6469516754, 17.47514534, 15.5864610672, 17.6079025269, 18.0679798126, 17.027130127, 19.2480983734, 19.1205272675, 19.0612506866, 14.6757936478, 10.3567838669, 8.35571861267, 6.05739593506, 6.39922857285, 5.6404094696, 4.16908407211, 3.07421588898, 1.66325092316, 0.712188780308, 0.276608586311, 0.0789010599256, 0.0128148086369, 0.000359477766324], "dvar2": [2.79586577415, 187.721908569, 1352.78466797, 694.27331543, 144.770385742, 165.52041626, 278.13104248, 1818.78100586, 10401.7246094, 2901.91162109, 9493.85742188, 11149.8945312, 19609.2011719, 16316.1269531, 7076.06201172, 9762.64648438, 4795.70556641, 3326.12207031, 3145.02099609, 5655.05566406, 2519.99267578, 3084.24047852, 1715.64233398, 1837.05358887, 1318.52111816, 1924.18322754, 1695.46911621, 911.479125977, 788.969238281, 293.022766113, 91.212059021, 66.5112609863, 36.954624176, 16.2065124512, 4.77499961853, 0.807866096497, 0.0935944989324, 0.0136978505179, 0.000445070007117, 2.52728568739e-07], "min": [1.60473533609e-21, 3.48546768266e-21, 3.51913369125e-21, 8.17047165373e-21, 2.61436620296e-20, 1.66718931007e-20, 1.13919391509e-19, 2.59540919434e-19, 5.35782150146e-19, 4.42519087044e-19, 8.34051123022e-19, 1.74171604729e-18, 2.37479810872e-18, 1.86659633154e-18, 1.17420862552e-18, 3.34299337017e-18, 2.56856578759e-18, 5.94731279897e-18, 7.29262032207e-18, 5.82811648629e-18, 1.0066290092e-17, 8.10761160112e-18, 9.55637543061e-18, 1.01633365759e-17, 1.36459985653e-17, 1.46319300266e-17, 1.17650750519e-17, 1.54385502379e-17, 1.70695005973e-17, 1.69751937357e-17, 1.43123421795e-17, 1.87899270836e-17, 1.65830207898e-17, 8.82580785925e-18, 8.34832198655e-18, 5.18561014935e-18, 3.0299019928e-18, 1.24879829308e-18, 3.26027629119e-19, 3.00259033721e-20], "var": [1.63650119305, 60.6289596558, 294.70098877, 214.835388184, 63.6341133118, 126.345481873, 134.666381836, 824.778381348, 3680.83520508, 1210.8605957, 3586.85400391, 3750.72265625, 7288.14013672, 6761.46386719, 2236.02832031, 3460.99414062, 3785.19604492, 1687.55847168, 1749.42944336, 1946.20922852, 1518.99621582, 1787.03369141, 1153.61157227, 1313.23022461, 1209.11889648, 1392.80554199, 772.52722168, 472.976226807, 337.302734375, 137.634063721, 92.7257766724, 69.9805603027, 40.3137207031, 19.1488323212, 5.89303302765, 1.17085123062, 0.140562072396, 0.0136870918795, 0.000453878979897, 2.6619198934e-07], "median": [0.368568569422, 1.57377886772, 2.59431290627, 3.40355062485, 2.93293142319, 3.04705238342, 2.52313113213, 2.52830266953, 4.68392419815, 4.09328174591, 4.70888233185, 4.490046978, 3.37070035934, 3.52960252762, 2.82310962677, 3.13729023933, 2.74319934845, 3.40051841736, 3.98836922646, 3.23210382462, 4.11529779434, 4.42832231522, 4.66426277161, 5.43180418015, 6.21039628983, 5.67445230484, 4.22850370407, 3.10624527931, 2.76684617996, 2.21910953522, 2.91975140572, 2.66242718697, 1.9363578558, 1.37850379944, 0.69073420763, 0.308904021978, 0.114205524325, 0.0262593757361, 0.00368076004088, 0.000141102951602]}, "spectral_energy": {"dmean": 0.0248228907585, "dmean2": 0.0411866232753, "max": 0.448414772749, "dvar": 0.00228424184024, "mean": 0.0418806038797, "dvar2": 0.0059847002849, "min": 1.05037777173e-20, "var": 0.00266934954561, "median": 0.0275974888355}, "zerocrossingrate": {"dmean": 0.0169243644923, "dmean2": 0.0200559850782, "max": 0.52099609375, "dvar": 0.000365161453374, "mean": 0.0710262209177, "dvar2": 0.000450953783002, "min": 0.00146484375, "var": 0.00248243613169, "median": 0.060546875}, "spectral_energyband_high": {"dmean": 0.000728222716134, "dmean2": 0.00104454602115, "max": 0.031069599092, "dvar": 3.1064232644e-06, "mean": 0.00170701392926, "