{"metadata": {"audio_properties": {"downmix": "mix", "bit_rate": 0, "lossless": true, "md5_encoded": "24c0075eb932847d61b83f5feff3f4a7", "analysis_sample_rate": 44100, "sample_rate": 44100, "replay_gain": -11.3754272461, "equal_loudness": 0, "codec": "flac", "length": 296}, "tags": {"releasestatus": ["official"], "website": ["http://www.pinkcream69.de/"], "musicbrainz_albumid": ["06bae816-36db-44cd-a9b8-cf3d157efdf5"], "musicbrainz_recordingid": ["0c00b10c-59b0-47ad-b686-fd60eb65d558"], "tracknumber": ["9"], "artist": ["Pink Cream 69"], "acoustid_id": ["31d5173f-6041-459f-b488-af60927c34c8"], "barcode": ["5099747383526"], "totaltracks": ["13"], "originaldate": ["1993-05-03"], "albumartist": ["Pink Cream 69"], "asin": ["B000025MG4"], "releasetype": ["album"], "media": ["CD"], "grouping": ["Hard Rock"], "musicbrainz_albumartistid": ["c72198b0-42dd-419c-b0ca-924453e24940"], "file_name": "09 Still Alive.flac", "tracktotal": ["13"], "catalognumber": ["EPC 473835 2"], "musicbrainz_artistid": ["c72198b0-42dd-419c-b0ca-924453e24940"], "albumartistsort": ["PC 69"], "musicbrainz_releasetrackid": ["ca4d702f-0d84-3cfd-aa4d-a16233c2a9e1"], "script": ["Latn"], "label": ["Epic"], "releasecountry": ["DE"], "album": ["Games People Play"], "date": ["1993-05-03"], "title": ["Still Alive"], "mood": ["Calm"], "discnumber": ["1"], "artistsort": ["PC 69"], "disctotal": ["1"], "musicbrainz_releasegroupid": ["eb70db81-d9f9-3e3f-914b-122a97118033"], "originalyear": ["1993"], "totaldiscs": ["1"], "genre": ["Hard Rock"]}, "version": {"essentia_build_sha": "70f2e5ece6736b2c40cc944ad0e695b16b925413", "essentia_git_sha": "v2.1_beta2", "extractor": "music 1.0", "essentia": "2.1-beta2"}}, "tonal": {"chords_scale": "minor", "hpcp": {"dmean": [0.0826993063092, 0.0805824622512, 0.105298347771, 0.108774878085, 0.109478667378, 0.101711198688, 0.0988732203841, 0.094925776124, 0.0829618796706, 0.0677513703704, 0.059390231967, 0.0658599883318, 0.0713608339429, 0.0720643475652, 0.0710824802518, 0.0750268399715, 0.090360596776, 0.133636653423, 0.134038820863, 0.130670338869, 0.0961261689663, 0.0733295306563, 0.0725347846746, 0.0837775319815, 0.0790085718036, 0.0745203569531, 0.0759782865644, 0.0874344035983, 0.0887708365917, 0.0787328258157, 0.0702148079872, 0.0720060616732, 0.106519281864, 0.119934692979, 0.118945397437, 0.100860618055], "dvar2": [0.0863986387849, 0.0785381272435, 0.0860699266195, 0.0875281319022, 0.0815670341253, 0.0701649039984, 0.0798348337412, 0.0742994174361, 0.0745121538639, 0.055833298713, 0.0506785437465, 0.0542933233082, 0.0588764585555, 0.0631654560566, 0.0830555558205, 0.0835429728031, 0.0919797867537, 0.107295773923, 0.105462603271, 0.0957176163793, 0.0842090621591, 0.0642846599221, 0.0731941685081, 0.0744305551052, 0.0676481351256, 0.0614846609533, 0.0571672059596, 0.0705342069268, 0.0829962715507, 0.0748303383589, 0.0737633779645, 0.0665969848633, 0.080529756844, 0.0998724624515, 0.0980482399464, 0.0924810394645], "mean": [0.0701771825552, 0.0668879449368, 0.140792056918, 0.219996824861, 0.165292873979, 0.129119738936, 0.179833292961, 0.148628786206, 0.0900758653879, 0.0746507272124, 0.0621550232172, 0.0835701525211, 0.114960134029, 0.0935672074556, 0.0674755349755, 0.0674348548055, 0.0848184898496, 0.210604667664, 0.3182900846, 0.219256803393, 0.13137665391, 0.153106272221, 0.129786163568, 0.117558002472, 0.133354768157, 0.0953764915466, 0.0916959047318, 0.133513078094, 0.115771330893, 0.0815535709262, 0.0698827132583, 0.066947504878, 0.153952404857, 0.25514253974, 0.19933488965, 0.102109633386], "var": [0.0242622569203, 0.0222165193409, 0.0465237088501, 0.0941262841225, 0.0530463382602, 0.0370045304298, 0.0824249386787, 0.0593697838485, 0.0252446532249, 0.0179024338722, 0.0145635958761, 0.0244412403554, 0.0496630854905, 0.0325882844627, 0.0219332482666, 0.0219690687954, 0.0288972984999, 0.0705258697271, 0.13203343749, 0.0686043873429, 0.0492553710938, 0.091031730175, 0.0695494040847, 0.0409880764782, 0.0612492151558, 0.02975878492, 0.0250943582505, 0.056453473866, 0.0462726950645, 0.0261322986335, 0.0215554460883, 0.0188144445419, 0.050502832979, 0.121582075953, 0.0824292302132, 0.0349195636809], "dmean2": [0.149561449885, 0.145469471812, 0.182326883078, 0.185729384422, 0.188528567553, 0.174782216549, 0.165695205331, 0.160448417068, 0.144863530993, 0.119228370488, 0.105185717344, 0.114814266562, 0.122246533632, 0.124319314957, 0.12774476409, 0.135407283902, 0.162490084767, 0.232040584087, 0.227356135845, 0.225597396493, 0.17078179121, 0.127958312631, 0.12891754508, 0.147139400244, 0.13509863615, 0.129071965814, 0.132142901421, 0.146899074316, 0.154463112354, 0.138887703419, 0.125052168965, 0.128018349409, 0.18366484344, 0.204876318574, 0.203284040093, 0.17825949192], "dvar": [0.0313851572573, 0.0286327507347, 0.0320489183068, 0.0350948870182, 0.0308083351701, 0.0268062185496, 0.03301146999, 0.0298146810383, 0.0267126560211, 0.0203526224941, 0.0180910937488, 0.0193807147443, 0.0234173703939, 0.023524954915, 0.0291991531849, 0.0296413619071, 0.0337482877076, 0.0393645055592, 0.04238922894, 0.0351569317281, 0.0298337507993, 0.0250054541975, 0.0268330406398, 0.0269270632416, 0.0267993602902, 0.0224819388241, 0.020983632654, 0.028606614098, 0.0318380258977, 0.0274630486965, 0.0267846155912, 0.0240828581154, 0.0304606817663, 0.0410821214318, 0.0375468917191, 0.0342889390886], "min": [0, 0, 0, 0, 0, 0, 0, 0, 0, 0, 0, 0, 0, 0, 0, 0, 0, 0, 0, 0, 0, 0, 0, 0, 0, 0, 0, 0, 0, 0, 0, 0, 0, 0, 0, 0], "median": [0.0157428178936, 0.0152995605022, 0.0438853316009, 0.0700436457992, 0.057294882834, 0.0480539426208, 0.0435017496347, 0.0397988446057, 0.0318217389286, 0.0262702070177, 0.0231983289123, 0.0281904358417, 0.0314088240266, 0.0265269577503, 0.02125111036, 0.0200035572052, 0.0247901994735, 0.0833463594317, 0.132137283683, 0.0961281433702, 0.0352105796337, 0.0155698489398, 0.0177725329995, 0.0328271128237, 0.0332678966224, 0.0282268282026, 0.026221383363, 0.0261261519045, 0.023471057415, 0.0223689936101, 0.0189696159214, 0.0226107761264, 0.0442929975688, 0.0598875060678, 0.0473883040249, 0.0248693730682], "max": [1, 1, 1, 1, 1, 1, 1, 1, 1, 1, 1, 1, 1, 1, 1, 1, 1, 1, 1, 1, 1, 1, 1, 1, 1, 1, 1, 1, 1, 1, 1, 1, 1, 1, 1, 1]}, "tuning_equal_tempered_deviation": 0.0322074107826, "chords_key": "G#", "chords_strength": {"dmean": 0.0100778816268, "dvar2": 6.95398193784e-05, "mean": 0.518641531467, "var": 0.0113266082481, "dmean2": 0.00931092817336, "dvar": 6.79545628373e-05, "min": 0.203008010983, "median": 0.516806781292, "max": 0.822553277016}, "tuning_diatonic_strength": 0.559149622917, "thpcp": [1, 0.688858389854, 0.412757605314, 0.481027454138, 0.407760620117, 0.369342327118, 0.418972432613, 0.299652725458, 0.288089096546, 0.419469803572, 0.363729000092, 0.256224036217, 0.219556674361, 0.210334867239, 0.483685821295, 0.801603794098, 0.626267969608, 0.320806831121, 0.220481842756, 0.210147753358, 0.44233879447, 0.691183388233, 0.519315183163, 0.405666857958, 0.564998090267, 0.466960161924, 0.282999277115, 0.234536767006, 0.195277914405, 0.262559711933, 0.361180394888, 0.293968349695, 0.211993828416, 0.211866021156, 0.266481727362, 0.661675214767], "chords_histogram": [24.9568634033, 10.7607841492, 15.8588237762, 1.64705884457, 6.40000009537, 9.67843151093, 0.0313725508749, 9.28627490997, 0.0627451017499, 3.76470589638, 0.0627451017499, 0.705882370472, 0.376470595598, 0.0470588244498, 0, 0.0784313753247, 0.109803922474, 0, 0.533333361149, 0, 0.564705908298, 0.0313725508749, 2.87058830261, 12.1725492477], "tuning_nontempered_energy_ratio": 0.704957902431, "tuning_frequency": 442.293365479, "key_strength": 0.804728448391, "chords_changes_rate": 0.0561568625271, "key_scale": "minor", "hpcp_entropy": {"dmean": 0.62288826704, "dvar2": 0.742800295353, "mean": 2.09866142273, "var": 0.567577600479, "dmean2": 1.04821133614, "dvar": 0.281600743532, "min": 0.0405986048281, "median": 2.08599877357, "max": 4.50845718384}, "key_key": "G#", "chords_number_rate": 0.00156862742733}, "lowlevel": {"melbands_skewness": {"dmean": 0.695578753948, "dvar2": 2.386936903, "mean": 3.22867131233, "var": 3.3583586216, "dmean2": 1.09018743038, "dvar": 0.913731515408, "min": -0.250032126904, "median": 2.79283165932, "max": 15.9158067703}, "melbands_kurtosis": {"dmean": 7.92192029953, "dvar2": 779.065795898, "mean": 19.1828460693, "var": 748.583984375, "dmean2": 12.7922620773, "dvar": 289.284240723, "min": -1.56772065163, "median": 9.23073577881, "max": 387.36932373}, "barkbands_kurtosis": {"dmean": 2.54520988464, "dvar2": 85.1116256714, "mean": 5.00404214859, "var": 120.315910339, "dmean2": 4.07871055603, "dvar": 32.4346656799, "min": -1.95076978207, "median": 0.688301801682, "max": 140.636611938}, "hfc": {"dmean": 7.75809431076, "dvar2": 838.31829834, "mean": 26.6762065887, "var": 1031.19042969, "dmean2": 11.5859060287, "dvar": 377.687194824, "min": 5.40038308827e-06, "median": 19.7407684326, "max": 761.845031738}, "silence_rate_20dB": {"dmean": 0, "dvar2": 0, "mean": 1, "var": 0, "dmean2": 0, "dvar": 0, "min": 1, "median": 1, "max": 1}, "erbbands_flatness_db": {"dmean": 0.0132653573528, "dvar2": 0.000384105922421, "mean": 0.126270353794, "var": 0.00124418642372, "dmean2": 0.0190347339958, "dvar": 0.000188257778063, "min": 0.0414936579764, "median": 0.123600587249, "max": 0.344410091639}, "spectral_flux": {"dmean": 0.0190875139087, "dvar2": 0.00168798991945, "mean": 0.0713248550892, "var": 0.00243555009365, "dmean2": 0.0294498298317, "dvar": 0.000839932821691, "min": 5.18002234458e-05, "median": 0.0631987974048, "max": 0.36833307147}, "spectral_energyband_low": {"dmean": 0.00518601946533, "dvar2": 0.000636654382106, "mean": 0.0103719709441, "var": 0.000212719474803, "dmean2": 0.00874283351004, "dvar": 0.000235228333622, "min": 5.07413622231e-09, "median": 0.00707974098623, "max": 0.182927280664}, "spectral_rolloff": {"dmean": 613.444824219, "dvar2": 2336147.5, "mean": 2051.01025391, "var": 3540736, "dmean2": 1006.97698975, "dvar": 1057405.75, "min": 86.1328125, "median": 1765.72265625, "max": 13415.1855469}, "spectral_entropy": {"dmean": 0.119621559978, "dvar2": 0.0426607988775, "mean": 7.75389909744, "var": 0.22152787447, "dmean2": 0.175837814808, "dvar": 0.0211144573987, "min": 4.53194046021, "median": 7.87534427643, "max": 9.80468463898}, "spectral_energy": {"dmean": 0.0075117838569, "dvar2": 0.000678748416249, "mean": 0.0239573903382, "var": 0.000378891796572, "dmean2": 0.0122606707737, "dvar": 0.000256533181528, "min": 1.69997385058e-08, "median": 0.0206366926432, "max": 0.202161371708}, "spectral_centroid": {"dmean": 248.095214844, "dvar2": 221087.203125, "mean": 1736.61035156, "var": 647053.4375, "dmean2": 392.791992188, "dvar": 92738.046875, "min": 133.183319092, "median": 1869.06225586, "max": 11182.5195312}, "barkbands_flatness_db": {"dmean": 0.0169166643173, "dvar2": 0.00108075747266, "mean": 0.11334387213, "var": 0.00438711326569, "dmean2": 0.0259371045977, "dvar": 0.000423785793828, "min": 0.0190154872835, "median": 0.0931590646505, "max": 0.504095137119}, "spectral_rms": {"dmean": 0.000619201862719, "dvar2": 2.58655472862e-06, "mean": 0.00444698566571, "var": 3.59753266821e-06, "dmean2": 0.000978266238235, "dvar": 1.02540013813e-06, "min": 4.07248217016e-06, "median": 0.00448702136055, "max": 0.0140438815579}, "melbands": {"dmean": [0.000740172632504, 0.00127378851175, 0.000388542277506, 0.000251083489275, 0.0001290988439, 0.000110913591925, 0.000117920324556, 9.05062552192e-05, 0.000114375056, 8.79203871591e-05, 7.18713563401e-05, 4.81549359392e-05, 2.61677887465e-05, 1.53910132212e-05, 1.62161504704e-05, 1.31763590616e-05, 1.75323893927e-05, 2.37320673477e-05, 2.38608081418e-05, 2.08056499105e-05, 1.72685649886e-05, 1.98953839572e-05, 1.44109362736e-05, 1.81707146112e-05, 9.89499949355e-06, 8.48464515002e-06, 8.06289244792e-06, 8.15248404251e-06, 8.18383432488e-06, 5.08991024617e-06, 4.6474078772e-06, 4.80986045659e-06, 3.84540044251e-06, 2.72453257821e-06, 1.97684516934e-06, 1.46481670527e-06, 1.47096238834e-06, 1.40261056458e-06, 1.08483789063e-06, 1.06884283468e-06], "dvar2": [1.66959580383e-05, 3.93272457586e-05, 1.65609287706e-06, 6.49374669592e-07, 1.8301882676e-07, 1.65800472018e-07, 2.69196448244e-07, 2.36909812656e-07, 3.5283758848e-07, 1.3834595336e-07, 1.17237171082e-07, 5.41921139074e-08, 1.1659793131e-08, 3.43787665003e-09, 3.57969121012e-09, 2.48205056508e-09, 5.33688249149e-09, 5.94478510862e-09, 1.02429797977e-08, 7.75140485132e-09, 4.24541379829e-09, 5.42413536309e-09, 2.27709207046e-09, 4.95832974678e-09, 1.53727253149e-09, 1.07283870676e-09, 9.13361442034e-10, 6.24587326303e-10, 6.37212782539e-10, 4.21301465936e-10, 3.57002011286e-10, 3.24319793243e-10, 1.70114131115e-10, 9.37537478207e-11, 6.04627181655e-11, 5.54819593046e-11, 1.26526039645e-10, 9.46273892577e-11, 7.135806529e-11, 1.5124715369e-10], "mean": [0.00125321873929, 0.0023524495773, 0.000897125282791, 0.000512738886755, 0.000259050080786, 0.000205728792935, 0.00020889370353, 0.000139906915138, 0.000178714442882, 0.000148950857692, 0.000119425152661, 8.24343806016e-05, 4.50626212114e-05, 2.66820861725e-05, 2.7294312531e-05, 2.20865895244e-05, 3.01025447698e-05, 4.48356768175e-05, 4.21094737248e-05, 3.56103701051e-05, 3.21120605804e-05, 3.85115563404e-05, 2.7800022508e-05, 3.31696755893e-05, 1.82341827895e-05, 1.49977740875e-05, 1.45698295455e-05, 1.77611782419e-05, 1.69355153048e-05, 8.92377556738e-06, 8.14269060356e-06, 9.65385788732e-06, 8.03650073067e-06, 5.81321000936e-06, 4.09547237723e-06, 2.88549722427e-06, 2.66578899755e-06, 2.58748855231e-06, 1.93433970708e-06, 1.68040867266e-06], "var": [5.19964578416e-06, 1.23283434732e-05, 7.89313446603e-07, 4.01764197022e-07, 1.50665982801e-07, 1.42383484558e-07, 2.07130099739e-07, 1.04321522088e-07, 3.26864267208e-07, 1.58148864671e-07, 1.11478584586e-07, 4.50389769924e-08, 9.51515399805e-09, 2.62285748676e-09, 3.07124081722e-09, 2.04059569242e-09, 4.20803525358e-09, 7.71166597247e-09, 9.31970411955e-09, 6.28539620351e-09, 3.36656857947e-09, 4.27640589606e-09, 1.67119740269e-09, 4.3953027884e-09, 8.2240297905e-10, 4.46200215665e-10, 4.07961026072e-10, 5.18052212239e-10, 5.64347901744e-10, 2.01534275379e-10, 1.98087574121e-10, 2.34423980228e-10, 1.8687452974e-10, 1.05087522018e-10, 6.1439332788e-11, 6.04196692677e-11, 1.29793648052e-10, 1.11999208519e-10, 7.28094251556e-11, 8.34725136234e-11], "dmean2": [0.00125306867994, 0.0021797909867, 0.0006421271828, 0.000401012395741, 0.000209054080187, 0.000175305220182, 0.00019141487428, 0.000147924030898, 0.000180436472874, 0.000133321183966, 0.00011173850362, 7.59731192375e-05, 4.13088819187e-05, 2.47188163485e-05, 2.60219039774e-05, 2.12312970689e-05, 2.78187999356e-05, 3.71956848539e-05, 3.82115176762e-05, 3.2956875657e-05, 2.80309668597e-05, 3.28807254846e-05, 2.37498916249e-05, 2.91504129564e-05, 1.67007383425e-05, 1.46218626469e-05, 1.39446974572e-05, 1.36670196298e-05, 1.36592070703e-05, 8.73336193763e-06, 7.89808018453e-06, 7.94121206127e-06, 6.19189950157e-06, 4.30457885159e-06, 3.07399636768e-06, 2.21338859774e-06, 2.14715259972e-06, 2.01006878342e-06, 1.60102729296e-06, 1.62226081102e-06], "dvar": [6.25543589194e-06, 1.40367919812e-05, 5.79341701723e-07, 2.54229917118e-07, 7.24389508377e-08, 6.90271235726e-08, 1.03341015745e-07, 8.58457056552e-08, 1.46742308971e-07, 6.24282492367e-08, 4.89093423539e-08, 2.13269633065e-08, 4.67113903113e-09, 1.36624311864e-09, 1.45740419732e-09, 9.88063075802e-10, 2.16268158937e-09, 2.58994781177e-09, 3.95798505082e-09, 3.15126968964e-09, 1.71537406501e-09, 2.01168637304e-09, 9.00450825014e-10, 2.01835748115e-09, 5.71649561021e-10, 3.81765424828e-10, 3.27685600876e-10, 2.41102360299e-10, 2.50199611029e-10, 1.51265069914e-10, 1.32447358636e-10, 1.26199883876e-10, 7.15813033847e-11, 4.18352991138e-11, 2.71431176146e-11, 2.74564260216e-11, 6.62730911816e-11, 5.25281138031e-11, 3.65162483584e-11, 6.30449303873e-11], "min": [1.01037511691e-09, 3.69771546715e-10, 5.53092349698e-10, 6.48407938453e-10, 1.16511258974e-10, 2.04681150501e-11, 2.80669736584e-12, 1.56719671962e-11, 2.34460055537e-11, 5.35795420618e-13, 1.57751253466e-12, 3.47532527929e-12, 7.01390172071e-13, 5.5381285495e-13, 2.03415788987e-13, 1.46240455184e-13, 1.51810340557e-13, 8.85883976853e-14, 1.55508215354e-13, 2.55001667568e-13, 2.30795553025e-13, 1.19284587091e-13, 1.50434338922e-13, 1.82353305091e-13, 2.40389332789e-13, 1.65204154068e-13, 1.61048230958e-13, 1.76948638576e-13, 2.20032068195e-13, 1.57467287365e-13, 2.21239571259e-13, 2.4775616129e-13, 1.70117975154e-13, 1.87149259848e-13, 1.3611399334e-13, 9.45630428345e-14, 1.13628629617e-13, 1.62492577987e-13, 1.54564973017e-13, 8.53007511088e-14], "median": [0.00072271132376, 0.00146299053449, 0.000714009918738, 0.000349889829522, 0.000148947932757, 9.88609463093e-05, 7.77334498707e-05, 5.01387366967e-05, 3.12067495543e-05, 3.21520346915e-05, 2.72614142887e-05, 2.1355726858e-05, 1.3312167539e-05, 9.61003934208e-06, 9.10843937163e-06, 7.43980808693e-06, 1.16160936159e-05, 1.39347848744e-05, 1.05515109681e-05, 1.26173626995e-05, 1.62494980032e-05, 2.12508221011e-05, 1.69362028828e-05, 1.4018031834e-05, 1.0303135241e-05, 9.5757723102e-06, 9.27555265662e-06, 1.17578229037e-05, 9.97491042654e-06, 4.45187833975e-06, 3.31970522893e-06, 4.95890390084e-06, 3.37444316756e-06, 2.42017949859e-06, 1.61645766639e-06, 1.00649322121e-06, 7.30631086299e-07, 7.36951108138e-07, 5.25081077285e-07, 3.34489953957e-07], "max": [0.0323619619012, 0.0474818833172, 0.018688198179, 0.00837841816247, 0.00639446359128, 0.00644905446097, 0.00906327366829, 0.00947490148246, 0.00763904862106, 0.00620054686442, 0.00599827757105, 0.00431981682777, 0.00178706564475, 0.00093323038891, 0.00130733510014, 0.00107559864409, 0.00152411032468, 0.000927268818486, 0.00158553069923, 0.00138165510725, 0.00111445004586, 0.00143238739111, 0.00105410325341, 0.00113505602349, 0.000702041259501, 0.000392879039282, 0.000322366395267, 0.000310231785988, 0.000371851987438, 0.000265171955107, 0.000220632995479, 0.000461923802504, 0.000265562877757, 0.000237978383666, 0.000200413327548, 0.000251859280979, 0.000397086172597, 0.000340114900609, 0.000323036627378, 0.000485679978738]}, "barkbands_crest": {"dmean": 2.02725720406, "dvar2": 13.6509008408, "mean": 9.33507442474, "var": 16.2360286713, "dmean2": 3.25254225731, "dvar": 5.21859264374, "min": 2.0827319622, "median": 8.57067012787, "max": 25.2788581848}, "mfcc": {"icov": [[0.000127900653752, 0.000186599645531, 0.000228770179092, -0.00014282889606, 9.48082088144e-05, -7.92391438154e-05, 1.75065670192e-05, -0.000167953432538, -4.75620436191e-05, -0.000205684118555, -0.000100409815786, -2.96480939141e-05, -8.46999391797e-05], [0.000186599645531, 0.00117976136971, 0.000498776265886, -0.000671291491017, -0.000198871755856, 0.000191901868675, -0.000261582143139, -0.000832093763165, 0.000681216653902, -0.00102231709752, 0.000253620470176, 0.000140613177791, 0.000103675025457], [0.000228770179092, 0.000498776265886, 0.00347241805866, 7.89518962847e-05, -0.00177036167588, 0.00104143971112, -0.000225156181841, -0.00109577272087, 0.00146275572479, -0.001361161354, -0.0001332378597, -0.000474228669191, 0.000704950129148], [-0.00014282889606, -0.000671291491017, 7.89518962847e-05, 0.0050120097585, -0.00042670944822, -0.001257269294, 0.000894633063581, 0.00106042798143, -0.00110506662168, 0.000751971092541, 4.42652890342e-05, -0.00217184657231, 0.000187103054486], [9.48082088144e-05, -0.000198871755856, -0.00177036167588, -0.00042670944822, 0.00586952315643, -0.000841811532155, 8.81354644662e-05, 0.000187590558198, -0.000633661926258, 0.000232811566093, -0.000813649618067, 0.000952195201535, -0.00110193307046], [-7.92391438154e-05, 0.000191901868675, 0.00104143971112, -0.001257269294, -0.000841811532155, 0.00942581053823, -0.00329558877274, -0.00081578217214, 0.00231966702268, -0.000652849616017, -0.00139213295188, 0.00286083784886, -0.000300726707792], [1.75065670192e-05, -0.000261582143139, -0.000225156181841, 0.000894633063581, 8.81354644662e-05, -0.00329558877274, 0.00919549353421, 9.91670385702e-05, -0.00303794094361, 0.00132716516964, 0.00133114214987, -0.00295631028712, 0.00136985583231], [-0.000167953432538, -0.000832093763165, -0.00109577272087, 0.00106042798143, 0.000187590558198, -0.00081578217214, 9.91670385702e-05, 0.00977359805256, -0.00401023868471, -0.000273541139904, -0.000303024047753, 0.000971213623416, 0.000442225747975], [-4.75620436191e-05, 0.000681216653902, 0.00146275572479, -0.00110506662168, -0.000633661926258, 0.00231966702268, -0.00303794094361, -0.00401023868471, 0.0149821741506, -0.00449596252292, -0.0015304996632, 0.0031426451169, -0.00133362424094], [-0.000205684118555, -0.00102231709752, -0.001361161354, 0.000751971092541, 0.000232811566093, -0.000652849616017, 0.00132716516964, -0.000273541139904, -0.00449596252292, 0.0169553048909, -0.00504941074178, -0.00147569936235, 0.00221870280802], [-0.000100409815786, 0.000253620470176, -0.0001332378597, 4.42652890342e-05, -0.000813649618067, -0.00139213295188, 0.00133114214987, -0.000303024047753, -0.0015304996632, -0.00504941074178, 0.0192062426358, -0.00614210916683, 0.000382118189009], [-2.96480939141e-05, 0.000140613177791, -0.000474228669191, -0.00217184657231, 0.000952195201535, 0.00286083784886, -0.00295631028712, 0.000971213623416, 0.0031426451169, -0.00147569936235, -0.00614210916683, 0.0210093166679, -0.00669822003692], [-8.46999391797e-05, 0.000103675025457, 0.000704950129148, 0.000187103054486, -0.00110193307046, -0.000300726707792, 0.00136985583231, 0.000442225747975, -0.00133362424094, 0.00221870280802, 0.000382118189009, -0.00669822003692, 0.0201447755098]], "mean": [-645.812988281, 100.027984619, 8.89433193207, 40.887348175, 8.15192222595, 7.67923688889, -2.10130381584, 8.00129508972, 4.34194231033, 3.18914532661, -1.80996012688, -2.24781727791, -2.11479473114], "cov": [[13367.2246094, -1750.06140137, -995.247253418, 221.015945435, -482.861907959, 204.119155884, 8.61806297302, 63.1447868347, 234.69569397, 78.0738067627, 138.605895996, 65.7466278076, 98.8174514771], [-1750.06140137, 1291.12255859, 15.5025424957, 96.894859314, 71.565246582, -3.46574163437, 17.1337013245, 62.1666145325, -23.8280162811, 42.9217262268, -17.0331554413, -9.82779693604, -23.361782074], [-995.247253418, 15.5025424957, 471.382843018, -44.1366386414, 141.05305481, -47.7362937927, -10.9049825668, 23.7798500061, -30.6166744232, 22.673324585, 7.10445451736, 5.16960000992, -16.0674114227], [221.015945435, 96.894859314, -44.1366386414, 243.241775513, 8.3941822052, 27.347738266, -5.57226514816, -17.3545646667, 5.73256969452, 0.632088303566, 9.85157012939, 24.9002799988, 9.74569988251], [-482.861907959, 71.565246582, 141.05305481, 8.3941822052, 225.787826538, 4.72655487061, 0.186203330755, 8.4850435257, -2.60999464989, 7.58432626724, 7.84047412872, -4.44266796112, 2.17580866814], [204.119155884, -3.46574163437, -47.7362937927, 27.347738266, 4.72655487061, 135.874740601, 40.2214698792, 6.58344936371, -1.0020815134, -0.187109097838, 4.66558742523, -10.4029788971, -1.89339065552], [8.61806297302, 17.1337013245, -10.9049825668, -5.57226514816, 0.186203330755, 40.2214698792, 134.27432251, 11.026758194, 21.0378704071, -2.56519412994, -3.37712574005, 6.19989347458, -4.57992315292], [63.1447868347, 62.1666145325, 23.7798500061, -17.3545646667, 8.4850435257, 6.58344936371, 11.026758194, 132.161148071, 39.638874054, 21.0633831024, 6.76797819138, -12.3650865555, -7.74959754944], [234.69569397, -23.8280162811, -30.6166744232, 5.73256969452, -2.60999464989, -1.0020815134, 21.0378704071, 39.638874054, 97.7774658203, 26.7576084137, 12.8721323013, -7.01075553894, 0.619868934155], [78.0738067627, 42.9217262268, 22.673324585, 0.632088303566, 7.58432626724, -0.187109097838, -2.56519412994, 21.0633831024, 26.7576084137, 81.0198364258, 26.343914032, 6.1707649231, -6.16766643524], [138.605895996, -17.0331554413, 7.10445451736, 9.85157012939, 7.84047412872, 4.66558742523, -3.37712574005, 6.76797819138, 12.8721323013, 26.343914032, 68.6879730225, 21.1825141907, 4.60098028183], [65.7466278076, -9.82779693604, 5.16960000992, 24.9002799988, -4.44266796112, -10.4029788971, 6.19989347458, -12.3650865555, -7.01075553894, 6.1707649231, 21.1825141907, 67.6621246338, 20.31873703], [98.8174514771, -23.361782074, -16.0674114227, 9.74569988251, 2.17580866814, -1.89339065552, -4.57992315292, -7.74959754944, 0.619868934155, -6.16766643524, 4.60098028183, 20.31873703, 58.6095581055]]}, "spectral_decrease": {"dmean": 1.87197124468e-09, "dvar2": 4.55624316284e-17, "mean": -5.7065245862e-09, "var": 2.29630565826e-17, "dmean2": 3.07802716648e-09, "dvar": 1.71282502731e-17, "min": -5.18531884097e-08, "median": -4.87966511642e-09, "max": -4.3743707895e-15}, "zerocrossingrate": {"dmean": 0.0114850280806, "dvar2": 0.000226538380957, "mean": 0.0771034359932, "var": 0.00214141537435, "dmean2": 0.0132070370018, "dvar": 0.000210203550523, "min": 0.00341796875, "median": 0.0732421875, "max": 0.4052734375}, "spectral_contrast_coeffs": {"dmean": [0.0413163527846, 0.0429416708648, 0.0358744561672, 0.0283523667604, 0.0196940954775, 0.018507162109], "dvar2": [0.00358782988042, 0.00337446085177, 0.00232733157463, 0.00139369920362, 0.000687175197527, 0.000808179785963], "mean": [-0.655502259731, -0.741057276726, -0.76981985569, -0.783492267132, -0.799166023731, -0.742417752743], "var": [0.0036158375442, 0.00487733259797, 0.00412918115035, 0.00306836236268, 0.00147618877236, 0.00275847874582], "dmean2": [0.0692200437188, 0.0699219703674, 0.0583295784891, 0.0460993163288, 0.0322132632136, 0.028979556635], "dvar": [0.0012770795729, 0.00127591867931, 0.000910031609237, 0.000545584480278, 0.000269728974672, 0.000353858893504], "min": [-0.971810102463, -0.985934555531, -0.964288413525, -0.957215368748, -0.957405209541, -0.959187448025], "median": [-0.660155236721, -0.748762011528, -0.778099894524, -0.791062116623, -0.802339076996, -0.737031579018], "max": [-0.368444859982, -0.460578262806, -0.46089014411, -0.5671864748, -0.593042135239, -0.598242819309]}, "spectral_skewness": {"dmean": 0.175896555185, "dvar2": 0.126215949655, "mean": 1.27498567104, "var": 0.282013684511, "dmean2": 0.280562996864, "dvar": 0.0509193502367, "min": -0.204391077161, "median": 1.17492103577, "max": 6.38939237595}, "spectral_energyband_middle_high": {"dmean": 0.0014090447221, "dvar2": 1.82372532436e-05, "mean": 0.00472841178998, "var": 2.71786575468e-05, "dmean2": 0.00227023311891, "dvar": 7.01203680364e-06, "min": 6.47695022615e-11, "median": 0.00311483466066, "max": 0.0475397109985}, "gfcc": {"icov": [[0.000130642467411, 0.000149542058352, 0.000146176214912, -0.000181909184903, -3.47249406332e-05, -0.000151066444232, -0.00014890867169, -0.000182663061423, 9.14695556276e-06, -0.000300240790239, 0.000155521935085, -0.000195051106857, 0.000122682293295], [0.000149542058352, 0.00254977797158, 0.000380299985409, 0.000230963356444, -0.000873264973052, 0.00109658658039, -0.00144564197399, 0.00115503894631, -0.00240124505945, 0.00315629015677, -0.00369545654394, 0.00336133036762, -0.00233129016124], [0.000146176214912, 0.000380299985409, 0.00226620095782, 9.04835687834e-05, -0.00130567851011, -0.000216468877625, 0.0010380463209, -0.00139512924943, 0.000252594094491, 0.000579050392844, -0.000826121366117, 0.000360144680599, 0.00104282365646], [-0.000181909184903, 0.000230963356444, 9.04835687834e-05, 0.00464348401874, -3.06544861814e-05, -0.000168783095432, 5.5634889577e-05, 0.00137193850242, -0.00183464796282, 0.000401872559451, -0.00180462456774, 0.00128861144185, -0.00146210426465], [-3.47249406332e-05, -0.000873264973052, -0.00130567851011, -3.06544861814e-05, 0.00507481116802, -0.000329518632498, -0.00144615373574, 0.000570070638787, 0.000183802389074, -0.00199093390256, 0.00172332883812, -0.00143639615271, -0.000513243780006], [-0.000151066444232, 0.00109658658039, -0.000216468877625, -0.000168783095432, -0.000329518632498, 0.00730063021183, -0.00121601147112, -0.00072727794759, -0.000303045468172, 0.00273035652936, -0.00229947571643, 0.00142551329918, -0.00112536025699], [-0.00014890867169, -0.00144564197399, 0.0010380463209, 5.5634889577e-05, -0.00144615373574, -0.00121601147112, 0.00782609637827, -0.00189558463171, 0.00141490495298, -0.0010089345742, 0.00227014510892, -0.000337200937793, 0.00108632713091], [-0.000182663061423, 0.00115503894631, -0.00139512924943, 0.00137193850242, 0.000570070638787, -0.00072727794759, -0.00189558463171, 0.0117181334645, -0.00510602351278, 0.000806953932624, 0.00121343508363, 0.000928464636672, -0.00134839478415], [9.14695556276e-06, -0.00240124505945, 0.000252594094491, -0.00183464796282, 0.000183802389074, -0.000303045468172, 0.00141490495298, -0.00510602351278, 0.0134524451569, -0.00218441872858, 0.00114636833314, -0.00149857648648, 0.00357211870141], [-0.000300240790239, 0.00315629015677, 0.000579050392844, 0.000401872559451, -0.00199093390256, 0.00273035652936, -0.0010089345742, 0.000806953932624, -0.00218441872858, 0.0160651002079, -0.00745845865458, 0.00305183557793, -0.000333280157065], [0.000155521935085, -0.00369545654394, -0.000826121366117, -0.00180462456774, 0.00172332883812, -0.00229947571643, 0.00227014510892, 0.00121343508363, 0.00114636833314, -0.00745845865458, 0.0208229217678, -0.00579355470836, 0.00154843146447], [-0.000195051106857, 0.00336133036762, 0.000360144680599, 0.00128861144185, -0.00143639615271, 0.00142551329918, -0.000337200937793, 0.000928464636672, -0.00149857648648, 0.00305183557793, -0.00579355470836, 0.0209009218961, -0.00692238146439], [0.000122682293295, -0.00233129016124, 0.00104282365646, -0.00146210426465, -0.000513243780006, -0.00112536025699, 0.00108632713091, -0.00134839478415, 0.00357211870141, -0.000333280157065, 0.00154843146447, -0.00692238146439, 0.0212636068463]], "mean": [-2.51542687416, 74.2479553223, -102.311836243, 49.3814964294, -49.9575843811, 8.1931886673, -32.8184623718, 8.93608379364, -19.3418426514, -0.793275535107, -21.3821411133, -0.83177113533, -12.1910495758], "cov": [[16147.5742188, -3222.42358398, -615.021911621, 292.292755127, -126.64302063, 434.279052734, 178.559707642, 390.284912109, -180.240371704, 598.960205078, -338.775054932, 354.528503418, -180.895263672], [-3222.42358398, 1867.93188477, -125.116447449, 61.483669281, 117.924339294, -137.951217651, 128.75050354, -152.279571533, 168.865737915, -229.715423584, 177.505905151, -173.964813232, 111.53338623], [-615.021911621, -125.116447449, 666.41015625, -58.6030883789, 108.938835144, 21.2020339966, -79.1030426025, 68.0608444214, -1.50060021877, -8.03586101532, 0.974560797215, -2.13996982574, -35.413860321], [292.292755127, 61.483669281, -58.6030883789, 263.251831055, -6.05503797531, 10.2032194138, 1.25336909294, -25.4374599457, 32.2481994629, 7.88602256775, 29.9156150818, -8.03455734253, 14.6587562561], [-126.64302063, 117.924339294, 108.938835144, -6.05503797531, 263.215667725, 2.4538090229, 52.0837974548, -0.126507163048, 7.59887075424, 7.38439321518, -0.0523554757237, 0.0741288885474, 10.5819978714], [434.279052734, -137.951217651, 21.2020339966, 10.2032194138, 2.4538090229, 169.227935791, 18.9022502899, 31.7036247253, -7.79585456848, -1.59625756741, -8.84109973907, 8.97830867767, -3.05690813065], [178.559707642, 128.75050354, -79.1030426025, 1.25336909294, 52.0837974548, 18.9022502899, 181.257995605, 15.2177906036, 7.6915307045, -6.93143415451, -11.2916049957, -12.6943159103, 6.30248689651], [390.284912109, -152.279571533, 68.0608444214, -25.4374599457, -0.126507163048, 31.7036247253, 15.2177906036, 133.488296509, 26.782831192, 12.5814781189, -29.0588188171, 7.97750377655, -14.2609624863], [-180.240371704, 168.865737915, -1.50060021877, 32.2481994629, 7.59887075424, -7.79585456848, 7.6915307045, 26.782831192, 114.081130981, -9.7799911499, 15.6217985153, -17.9998912811, -3.39427566528], [598.960205078, -229.715423584, -8.03586101532, 7.88602256775, 7.38439321518, -1.59625756741, -6.93143415451, 12.5814781189, -9.7799911499, 114.590232849, 2.72554922104, 19.910030365, -16.7368736267], [-338.775054932, 177.505905151, 0.974560797215, 29.9156150818, -0.0523554757237, -8.84109973907, -11.2916049957, -29.0588188171, 15.6217985153, 2.72554922104, 84.8441009521, -3.74241399765, 11.7117490768], [354.528503418, -173.964813232, -2.13996982574, -8.03455734253, 0.0741288885474, 8.97830867767, -12.6943159103, 7.97750377655, -17.9998912811, 19.910030365, -3.74241399765, 76.0545120239, 8.43332290649], [-180.895263672, 111.53338623, -35.413860321, 14.6587562561, 10.5819978714, -3.05690813065, 6.30248689651, -14.2609624863, -3.39427566528, -16.7368736267, 11.7117490768, 8.43332290649, 64.1132049561]]}, "erbbands_spread": {"dmean": 8.28769111633, "dvar2": 223.200942993, "mean": 49.1875915527, "var": 326.435821533, "dmean2": 12.9005994797, "dvar": 93.0975646973, "min": 3.75631141663, "median": 47.1838188171, "max": 185.012313843}, "erbbands_kurtosis": {"dmean": 0.685679018497, "dvar2": 2.36053514481, "mean": 0.0334145128727, "var": 2.88829660416, "dmean2": 1.07746875286, "dvar": 0.992622315884, "min": -1.82531499863, "median": -0.402255296707, "max": 34.6231765747}, "dynamic_complexity": 4.41960382462, "erbbands_crest": {"dmean": 2.07714009285, "dvar2": 11.5804405212, "mean": 7.60107898712, "var": 13.2559995651, "dmean2": 3.35703611374, "dvar": 4.66968679428, "min": 2.45706176758, "median": 6.59812545776, "max": 27.9149131775}, "erbbands": {"dmean": [0.054386973381, 0.913371384144, 2.4906771183, 2.2868309021, 2.73052144051, 4.09110879898, 3.60718512535, 4.9040760994, 7.84417676926, 8.50909042358, 12.3344707489, 13.467048645, 13.8002824783, 10.81772995, 6.73639917374, 5.34506464005, 5.59497928619, 8.43934059143, 14.0640716553, 15.2053003311, 13.8095750809, 16.8509712219, 17.4291954041, 11.8971862793, 9.77231121063, 11.1259317398, 10.7776403427, 7.64923191071, 7.57474994659, 5.08142757416, 3.02390027046, 2.24099326134, 1.79740309715, 1.2217965126, 0.798860430717, 0.344725131989, 0.120819464326, 0.0227678231895, 0.0021773960907, 9.24092528294e-05], "dvar2": [0.0978756919503, 23.4506702423, 143.715118408, 63.85779953, 60.0037078857, 193.789199829, 176.256668091, 346.431549072, 1263.36120605, 2056.04663086, 3984.04418945, 3267.60522461, 4329.51416016, 2514.83129883, 663.992370605, 384.398223877, 493.836090088, 1154.54138184, 2184.5012207, 4025.28637695, 2573.43334961, 3747.90234375, 3788.80273438, 2168.21264648, 1640.83862305, 1268.49768066, 1263.61132812, 991.761291504, 770.666687012, 307.377716064, 141.167922974, 231.692382812, 153.206268311, 170.525115967, 78.3337249756, 7.45845794678, 0.833845853806, 0.0127977160737, 7.08052903065e-05, 1.20329374909e-07], "mean": [0.0889722406864, 1.58322227001, 4.42765474319, 4.86019325256, 6.16519975662, 7.5814242363, 6.98605203629, 8.87692546844, 13.7432394028, 13.6151647568, 19.6225299835, 22.9588394165, 23.4531040192, 19.3229255676, 12.3074760437, 9.91718673706, 10.3377876282, 15.9929189682, 28.397977829, 28.4759635925, 28.6018390656, 35.4662437439, 35.1119728088, 24.6323928833, 19.5763244629, 25.9275970459, 23.2754058838, 14.6956472397, 16.3939208984, 11.6274080276, 6.71962451935, 4.47300958633, 3.46730041504, 2.07810544968, 1.27534019947, 0.547846615314, 0.189472272992, 0.0362516231835, 0.00358465081081, 0.000174105269252], "var": [0.0290778148919, 7.51175928116, 43.8213729858, 28.3318424225, 42.7238197327, 119.929733276, 143.229537964, 286.430664062, 983.703979492, 890.00402832, 3306.48242188, 3592.3359375, 4171.22363281, 2065.95849609, 560.571838379, 295.961517334, 386.004974365, 967.643798828, 2846.1887207, 3643.6965332, 2217.28564453, 3050.46728516, 3497.02124023, 1374.95275879, 682.736816406, 984.922058105, 1025.55932617, 545.979980469, 645.045166016, 379.182983398, 172.304458618, 260.001342773, 193.789321899, 111.347465515, 45.2969017029, 5.32167482376, 0.437324017286, 0.00912013463676, 7.90851918282e-05, 1.55171676397e-07], "dmean2": [0.0923664420843, 1.55524635315, 4.285551548, 3.80806517601, 4.36119604111, 6.61558055878, 5.82535171509, 7.75209283829, 12.6894664764, 13.8619222641, 19.6601104736, 20.4128417969, 21.461971283, 17.0782203674, 10.6084337234, 8.51784610748, 9.10216712952, 13.44688797, 21.997215271, 24.1568832397, 22.4451675415, 27.8183784485, 28.027048111, 19.931427002, 16.9658222198, 18.7616500854, 18.0579910278, 13.0320663452, 12.4141607285, 8.03511142731, 4.59171962738, 3.21975660324, 2.53325271606, 1.81155526638, 1.18931937218, 0.492422610521, 0.173154622316, 0.0325083397329, 0.00304874568246, 0.000127814200823], "dvar": [0.036629345268, 8.68818855286, 49.5396194458, 22.5179977417, 23.2566204071, 74.5823059082, 69.8993453979, 145.910629272, 490.146209717, 746.353210449, 1605.04882812, 1468.92700195, 1824.1875, 977.886474609, 269.802032471, 154.885253906, 193.940917969, 459.279205322, 929.898986816, 1602.88232422, 1005.09216309, 1386.27062988, 1528.56311035, 807.188354492, 581.830627441, 473.506744385, 483.395629883, 363.654541016, 305.250946045, 136.282608032, 68.5939331055, 123.098983765, 86.9044189453, 74.5709838867, 33.2563209534, 3.39816689491, 0.349331021309, 0.00573353562504, 3.63886720152e-05, 6.72751667707e-08], "min": [6.22139282314e-08, 8.55561239632e-08, 9.17081763419e-07, 1.82891017175e-06, 9.30157784751e-06, 5.96999143454e-06, 3.66053086509e-06, 1.03566310372e-06, 3.42694676192e-07, 3.22547043652e-06, 4.1603043428e-06, 2.91866314228e-07, 2.95321115118e-07, 7.93170272573e-07, 2.89728063763e-07, 1.62425706662e-07, 6.20442008881e-08, 9.07350070634e-08, 7.29254807652e-08, 1.41094588457e-07, 2.03769161544e-07, 1.3147092659e-07, 2.08126678558e-07, 3.0872320167e-07, 2.58827554944e-07, 2.71265832907e-07, 3.31459318659e-07, 3.87560163517e-07, 4.24628780138e-07, 3.71345009853e-07, 2.92168920168e-07, 2.02193632504e-07, 2.28303662198e-07, 1.24820203951e-07, 6.14540098809e-08, 4.69391991942e-08, 1.39578322234e-08, 4.26863877578e-09, 1.24147814251e-09, 1.27877528011e-10], "median": [0.0542761199176, 0.821184575558, 2.59724187851, 3.67752194405, 4.63210678101, 4.5149269104, 3.71728515625, 4.14779853821, 4.91531562805, 5.34063625336, 4.31206178665, 5.33525419235, 5.8919172287, 5.74635696411, 4.28423643112, 4.35965681076, 4.29138183594, 6.84294700623, 9.45439529419, 9.11515045166, 14.7674188614, 21.0292510986, 18.0631065369, 14.0927667618, 13.4247093201, 17.848400116, 13.918636322, 6.93316555023, 8.47489261627, 5.01170539856, 2.68767499924, 1.4056071043, 1.01441025734, 0.472907751799, 0.251536607742, 0.103876575828, 0.0326608531177, 0.00540581997484, 0.000511827587616, 5.81891181355e-05], "max": [2.51110649109, 35.0389595032, 98.5060806274, 97.6211242676, 135.676010132, 185.185028076, 243.270019531, 323.499267578, 616.156982422, 941.771789551, 890.197937012, 918.021057129, 1127.25634766, 944.489440918, 410.561218262, 369.070159912, 496.769744873, 738.001281738, 689.077087402, 1143.34436035, 752.987731934, 1111.69726562, 991.740661621, 786.495544434, 411.575073242, 424.599578857, 480.535125732, 325.062042236, 716.848266602, 407.37286377, 346.853485107, 565.577331543, 463.286499023, 515.973327637, 300.50088501, 89.1218109131, 47.1781044006, 4.94473934174, 0.276567906141, 0.0169182755053]}, "silence_rate_30dB": {"dmean": 0.00517728272825, "dvar2": 0.0140135837719, "mean": 0.996705651283, "var": 0.00328366551548, "dmean2": 0.0103553775698, "dvar": 0.00515082618222, "min": 0, "median": 1, "max": 1}, "silence_rate_60dB": {"dmean": 0.00753059284762, "dvar2": 0.0171908587217, "mean": 0.0922425314784, "var": 0.0837394669652, "dmean2": 0.0150623675436, "dvar": 0.00747406808659, "min": 0, "median": 0, "max": 1}, "spectral_energyband_middle_low": {"dmean": 0.00278006307781, "dvar2": 5.13531995239e-05, "mean": 0.00777110969648, "var": 4.84442607558e-05, "dmean2": 0.00438522221521, "dvar": 2.01961283892e-05, "min": 9.24198673147e-09, "median": 0.00600691791624, "max": 0.0774621665478}, "spectral_spread": {"dmean": 532622.875, "dvar2": 1474446622720.0, "mean": 4991040.5, "var": 2879282479100.0, "dmean2": 750940.1875, "dvar": 821456404480, "min": 1133234.75, "median": 4715998, "max": 41095172}, "barkbands": 