{"metadata": {"audio_properties": {"downmix": "mix", "bit_rate": 0, "lossless": true, "md5_encoded": "381bed46bf8bc1f556deaa4a554ad581", "analysis_sample_rate": 44100, "sample_rate": 44100, "replay_gain": 11.5126132965, "equal_loudness": 0, "codec": "flac", "length": 285.933319092}, "tags": {"releasestatus": ["official"], "musicbrainz_albumid": ["1bc0a418-38dd-4edd-9854-3409eaa3b5e4"], "musicbrainz_recordingid": ["e3fd4385-f193-40e8-98aa-71b39a4dfd40"], "artist": ["Aeoliah"], "acoustid_id": ["85304566-9a23-400c-8527-fe25b8494a2d"], "barcode": ["046951113123"], "totaltracks": ["6"], "originaldate": ["1991"], "musicbrainz_releasegroupid": ["db575d52-66e7-3d8b-ac24-be6d9d358405"], "asin": ["B000008OMJ"], "releasetype": ["album"], "script": ["Latn"], "musicbrainz_albumartistid": ["585a9c75-dcca-4019-97df-899921f841f9"], "file_name": "04. Aeoliah - Intergalactic Lullaby.flac", "musicbrainz_artistid": ["585a9c75-dcca-4019-97df-899921f841f9"], "albumartistsort": ["Aeoliah"], "musicbrainz_releasetrackid": ["b204e3cf-c177-36cc-913d-c25bfb320e71"], "tracknumber": ["4"], "releasecountry": ["US"], "album": ["The Journey Home on Wings of Light"], "date": ["1991"], "title": ["Intergalactic Lullaby"], "tracktotal": ["6"], "discnumber": ["1"], "artistsort": ["Aeoliah"], "disctotal": ["1"], "genre": ["New age"], "originalyear": ["1991"], "totaldiscs": ["1"], "albumartist": ["Aeoliah"]}, "version": {"essentia_build_sha": "70f2e5ece6736b2c40cc944ad0e695b16b925413", "essentia_git_sha": "v2.1_beta2", "extractor": "music 1.0", "essentia": "2.1-beta2"}}, "tonal": {"chords_scale": "major", "hpcp": {"dmean": [0.068040266633, 0.0475456267595, 0.0333742834628, 0.0294766277075, 0.0379400029778, 0.0692330226302, 0.0690238028765, 0.0668800622225, 0.0726119875908, 0.0757774189115, 0.0715488791466, 0.0581609085202, 0.0499191619456, 0.0471822023392, 0.0547197386622, 0.0577587336302, 0.0433204248548, 0.036623634398, 0.0367861390114, 0.0311756860465, 0.034356713295, 0.036037504673, 0.0406561680138, 0.0449779704213, 0.0400506854057, 0.0308230705559, 0.0412526652217, 0.0455625206232, 0.0414004474878, 0.0580032281578, 0.0551631003618, 0.0338875688612, 0.0230937507004, 0.0234600715339, 0.0226536672562, 0.0526432730258], "dvar2": [0.0501850880682, 0.0185409933329, 0.0268725417554, 0.0280962642282, 0.0197780355811, 0.0413112007082, 0.0582270249724, 0.0266609936953, 0.040503077209, 0.056519459933, 0.0378380864859, 0.0409166999161, 0.0441028140485, 0.0227812603116, 0.0352416113019, 0.0377789735794, 0.0170061066747, 0.0227059777826, 0.0272842645645, 0.0144182518125, 0.0217863954604, 0.0267529860139, 0.0232101604342, 0.029807375744, 0.0271112918854, 0.0122161312029, 0.0239572208375, 0.0314930789173, 0.0152131523937, 0.0351706966758, 0.0343840755522, 0.0125246364623, 0.00950704980642, 0.0138528086245, 0.00726892193779, 0.0242618210614], "mean": [0.188299372792, 0.0991988405585, 0.0638773068786, 0.0823306515813, 0.0529630444944, 0.157962217927, 0.233212351799, 0.127787590027, 0.172647029161, 0.254358410835, 0.136405929923, 0.0986125990748, 0.13329526782, 0.0826830789447, 0.101168267429, 0.127763986588, 0.0674146860838, 0.0853056311607, 0.107942000031, 0.052961897105, 0.06350813061, 0.0900744721293, 0.0653893351555, 0.107739709318, 0.123954154551, 0.0581833943725, 0.0861917585135, 0.118610017002, 0.0734726861119, 0.125422954559, 0.152914583683, 0.060254458338, 0.0509643740952, 0.0800069347024, 0.0481505133212, 0.112514637411], "var": [0.105232320726, 0.0274951830506, 0.0337319262326, 0.0547111928463, 0.0123445754871, 0.0668928846717, 0.133980244398, 0.0322389639914, 0.0711093991995, 0.138313338161, 0.0412730686367, 0.041191149503, 0.0839358940721, 0.0244565978646, 0.0417030602694, 0.0639342963696, 0.0140639720485, 0.0428906753659, 0.068100579083, 0.0132543509826, 0.0276694335043, 0.0551888607442, 0.019593462348, 0.0563465133309, 0.0744035616517, 0.0159842595458, 0.0343199260533, 0.0674648657441, 0.0162832960486, 0.0547931306064, 0.0827964916825, 0.0132351275533, 0.0191735941917, 0.0530047267675, 0.0138576999307, 0.0363732688129], "dmean2": [0.11219894141, 0.0777351111174, 0.0576650165021, 0.0512185283005, 0.0647513121367, 0.114386461675, 0.116372384131, 0.110026374459, 0.119372025132, 0.127396523952, 0.119165189564, 0.0999739915133, 0.0866396650672, 0.0798988565803, 0.0932739302516, 0.0962035432458, 0.0725437551737, 0.0606525428593, 0.0609149597585, 0.0521226786077, 0.0589022524655, 0.0610760822892, 0.0677165910602, 0.0741242319345, 0.0656711310148, 0.0505088865757, 0.0684151053429, 0.0756966769695, 0.0690566673875, 0.095480106771, 0.0892029330134, 0.0553843826056, 0.0374708846211, 0.0380112230778, 0.0373283326626, 0.0857003256679], "dvar": [0.0209041386843, 0.00732461316511, 0.00933870207518, 0.00996253546327, 0.00713735679165, 0.0154369482771, 0.0223015006632, 0.01008666493, 0.0153594203293, 0.0223623998463, 0.0139020122588, 0.014849207364, 0.0163158793002, 0.00845412164927, 0.012786410749, 0.014628123492, 0.00633798446506, 0.00854817591608, 0.0107688829303, 0.00528167001903, 0.00780071783811, 0.0102116912603, 0.00889877881855, 0.0114481989294, 0.0108245657757, 0.00460935989395, 0.00904600694776, 0.0125885978341, 0.00558613892645, 0.0135711301118, 0.014349383302, 0.00465682661161, 0.00387345999479, 0.00590930879116, 0.0028342010919, 0.00952821969986], "min": [0, 0, 0, 0, 0, 0, 0, 0, 0, 0, 0, 0, 0, 0, 0, 0, 0, 0, 0, 0, 0, 0, 0, 0, 0, 0, 0, 0, 0, 0, 0, 0, 0, 0, 0, 0], "median": [0.0177017021924, 0.0160568542778, 0.00279751466587, 0.00215213303454, 0.00926455575973, 0.0159674920142, 0.0222477689385, 0.0391355082393, 0.0300014093518, 0.0331290476024, 0.0345407687128, 0.0100839333609, 0.00608059205115, 0.0129253910854, 0.01709901914, 0.0189662724733, 0.0184239149094, 0.00468450272456, 0.00274526467547, 0.00461064139381, 0.00388960819691, 0.00385822704993, 0.00778412632644, 0.00674959179014, 0.00581335835159, 0.00882624275982, 0.00914696790278, 0.0104868654162, 0.0189745295793, 0.0141431391239, 0.0131786866114, 0.0112025327981, 0.0034547210671, 0.00228101550601, 0.00539394188672, 0.0158714838326], "max": [1, 1, 1, 1, 1, 1, 1, 1, 1, 1, 1, 1, 1, 1, 1, 1, 1, 1, 1, 1, 1, 1, 1, 1, 1, 1, 1, 1, 0.932760715485, 1, 1, 1, 1, 1, 0.898230731487, 1]}, "tuning_equal_tempered_deviation": 0.0564377605915, "chords_key": "F", "chords_strength": {"dmean": 0.0064805271104, "dvar2": 0.00128305354156, "mean": 0.525064706802, "var": 0.0183476321399, "dmean2": 0.00539170624688, "dvar": 0.000662319478579, "min": -1, "median": 0.541528999805, "max": 0.799317777157}, "tuning_diatonic_strength": 0.303491473198, "thpcp": [1, 0.536274492741, 0.387691527605, 0.524045050144, 0.325065255165, 0.39773902297, 0.502299070358, 0.26503816247, 0.335375696421, 0.424369692802, 0.208217591047, 0.24967969954, 0.354124218225, 0.257075577974, 0.423574388027, 0.487320840359, 0.22874571383, 0.338859468699, 0.466310590506, 0.288854956627, 0.493095368147, 0.601177632809, 0.23688800633, 0.200364410877, 0.314544081688, 0.18930183351, 0.442346841097, 0.740291535854, 0.389996320009, 0.251131087542, 0.323679685593, 0.208222106099, 0.621022164822, 0.916865110397, 0.502391815186, 0.678754925728], "chords_histogram": [6.68939781189, 3.89673638344, 12.2260103226, 1.76976776123, 7.095307827, 2.28933262825, 3.1823348999, 0.746874511242, 2.30556917191, 2.43546032906, 6.29972410202, 0.584510445595, 8.23185539246, 0.470855653286, 0.698165297508, 2.33804178238, 2.45169663429, 7.69605445862, 2.22438716888, 0.730638086796, 0.0811820104718, 4.07533693314, 19.6785182953, 1.80224061012], "tuning_nontempered_energy_ratio": 0.665069162846, "tuning_frequency": 441.782684326, "key_strength": 0.510871171951, "chords_changes_rate": 0.0267900638282, "key_scale": "major", "hpcp_entropy": {"dmean": 0.50919687748, "dvar2": 0.581454277039, "mean": 1.40802443027, "var": 0.502831399441, "dmean2": 0.867572784424, "dvar": 0.214352637529, "min": 0, "median": 1.5111322403, "max": 3.59174990654}, "key_key": "C", "chords_number_rate": 0.00292255240493}, "lowlevel": {"melbands_skewness": {"dmean": 0.459624946117, "dvar2": 0.454308182001, "mean": 0.702805876732, "var": 1.35529053211, "dmean2": 0.724504053593, "dvar": 0.17900338769, "min": -4.49065446854, "median": 0.535270452499, "max": 10.0329637527}, "melbands_kurtosis": {"dmean": 2.16258263588, "dvar2": 45.5747680664, "mean": 3.15948295593, "var": 60.1785926819, "dmean2": 3.52650952339, "dvar": 16.3232955933, "min": -1.76559865475, "median": 0.851412177086, "max": 154.059356689}, "barkbands_kurtosis": {"dmean": 1.864772439, "dvar2": 72.0507354736, "mean": 2.83711361885, "var": 162.632980347, "dmean2": 2.98024892807, "dvar": 28.8574905396, "min": -1.88148760796, "median": 1.00933933258, "max": 559.27746582}, "hfc": {"dmean": 3.76391839981, "dvar2": 63.1615142822, "mean": 12.2198152542, "var": 147.101226807, "dmean2": 5.79462718964, "dvar": 26.9610881805, "min": 1.08289886671e-16, "median": 8.51567649841, "max": 106.51940155}, "silence_rate_20dB": {"dmean": 0, "dvar2": 0, "mean": 1, "var": 0, "dmean2": 0, "dvar": 0, "min": 1, "median": 1, "max": 1}, "erbbands_flatness_db": {"dmean": 0.0196811147034, "dvar2": 0.000717191956937, "mean": 0.34602445364, "var": 0.00378914596513, "dmean2": 0.0306329522282, "dvar": 0.000291261763778, "min": 0.0327845811844, "median": 0.350825250149, "max": 0.532766222954}, "spectral_flux": {"dmean": 0.0145321534947, "dvar2": 0.000702584802639, "mean": 0.0517364628613, "var": 0.000858424871694, "dmean2": 0.024846130982, "dvar": 0.000236503095948, "min": 6.31933949613e-11, "median": 0.0465475693345, "max": 0.273951262236}, "spectral_energyband_low": {"dmean": 0.00163632060867, "dvar2": 0.000123963502119, "mean": 0.00363431707956, "var": 0.000142934790347, "dmean2": 0.00272644124925, "dvar": 4.51214509667e-05, "min": 1.1122749437e-23, "median": 0.000629262416624, "max": 0.229826927185}, "spectral_rolloff": {"dmean": 119.182052612, "dvar2": 159182.125, "mean": 1054.18945312, "var": 3061383.25, "dmean2": 216.140960693, "dvar": 76264.171875, "min": 21.533203125, "median": 947.4609375, "max": 19530.6152344}, "spectral_entropy": {"dmean": 0.141867339611, "dvar2": 0.0369687527418, "mean": 6.02825927734, "var": 0.37856310606, "dmean2": 0.217607647181, "dvar": 0.0155944703147, "min": 4.45202922821, "median": 5.95172119141, "max": 9.82341384888}, "spectral_energy": {"dmean": 0.00590391317382, "dvar2": 0.000197575645871, "mean": 0.0213271044195, "var": 0.000531191646587, "dmean2": 0.00891144108027, "dvar": 8.19172128104e-05, "min": 9.97923615681e-21, "median": 0.0144099481404, "max": 0.301604092121}, "spectral_centroid": {"dmean": 76.7791061401, "dvar2": 43483.6015625, "mean": 789.799255371, "var": 1005172.875, "dmean2": 122.133270264, "dvar": 19583.0039062, "min": 121.778068542, "median": 663.737915039, "max": 11724.6738281}, "barkbands_flatness_db": {"dmean": 0.0183139238507, "dvar2": 0.000651020440273, "mean": 0.287016510963, "var": 0.00381757318974, "dmean2": 0.0283427722752, "dvar": 0.000263434660155, "min": 0.0623251907527, "median": 0.290374994278, "max": 0.531445741653}, "spectral_rms": {"dmean": 0.000577857892495, "dvar2": 8.858856404e-07, "mean": 0.00408689351752, "var": 4.10427310271e-06, "dmean2": 0.000873555778526, "dvar": 3.62381854302e-07, "min": 3.12023085321e-12, "median": 0.00374946487136, "max": 0.0171536561102}, "melbands": {"dmean": [0.0001245126914, 0.000357693730621, 0.000261800421868, 6.18852063781e-05, 3.83275109925e-05, 0.000141229887959, 0.000223809867748, 0.000415608868934, 0.00018135632854, 0.0001138133739, 7.62860945542e-05, 0.000106409912405, 0.000203222283744, 0.000127987630549, 3.49962174369e-05, 1.80202769116e-05, 2.35841489484e-05, 6.70851795803e-06, 4.39670429841e-06, 5.40045266462e-06, 2.35897982748e-06, 1.82904716439e-06, 9.56817757469e-07, 6.25454333658e-07, 5.31433329343e-07, 2.06214181731e-07, 2.44722997422e-07, 9.98062645863e-08, 8.13398273181e-08, 3.87018452841e-08, 2.81072338737e-08, 2.13427924223e-08, 3.06097724945e-08, 2.72195475048e-08, 1.38983295983e-08, 1.35492213005e-08, 1.31607418297e-08, 7.45787431811e-09, 2.64647281867e-09, 2.29264052187e-09], "dvar2": [1.78910318027e-06, 7.4034132922e-06, 3.34320839102e-06, 4.49902479716e-08, 2.95124493732e-08, 2.29467829627e-07, 2.32005220369e-07, 1.52855261604e-06, 2.20373763682e-07, 2.13499959045e-07, 8.60683044834e-08, 1.71242575675e-07, 5.37688663371e-07, 3.81166216812e-07, 2.44451570097e-08, 7.33673610753e-09, 1.28806973976e-08, 1.08082509609e-09, 6.93327506518e-10, 5.04235209142e-10, 2.0617201002e-10, 2.92457918993e-10, 5.70262587152e-11, 7.52679793492e-11, 3.13558831677e-11, 1.32317559687e-11, 1.49426165885e-11, 9.193296081e-13, 2.73151249883e-12, 9.84383581593e-13, 3.67512877769e-13, 5.18683403519e-13, 8.59107435799e-13, 3.62942315091e-13, 1.17213625416e-13, 1.31845679123e-13, 1.50734229243e-13, 5.16414778236e-14, 2.95532590506e-15, 2.50617927324e-15], "mean": [0.000286686612526, 0.000695410650223, 0.000600044964813, 0.000226623698836, 0.00010616495274, 0.000357227196218, 0.000716181762982, 0.000949345529079, 0.000371328176698, 0.000264718139078, 0.000186336590559, 0.000177141308086, 0.000302878528601, 0.00018739629013, 5.28220371052e-05, 2.93129669444e-05, 3.71998648916e-05, 1.1184441064e-05, 7.14050247552e-06, 9.10913786356e-06, 3.98480642616e-06, 3.13445843858e-06, 1.77535684998e-06, 1.0864947626e-06, 8.83682503172e-07, 3.28394236249e-07, 4.19201484192e-07, 1.68884056961e-07, 1.43055189028e-07, 6.41564668058e-08, 4.56992204079e-08, 3.13412833464e-08, 4.42242864551e-08, 5.02382597745e-08, 2.49372469341e-08, 2.89671753251e-08, 2.24521574665e-08, 1.26228414388e-08, 4.35904379259e-09, 3.44881656567e-09], "var": [1.40207907862e-06, 6.25263419352e-06, 3.9065830606e-06, 4.30108144656e-07, 8.02360062835e-08, 5.53000177206e-07, 1.87214232028e-06, 3.80892220164e-06, 4.20128571932e-07, 5.43437408851e-07, 3.77538526664e-07, 1.98644215743e-07, 3.59923404858e-07, 2.49110115647e-07, 1.67533347195e-08, 4.67568872509e-09, 7.70002639428e-09, 6.66421806628e-10, 4.38224789789e-10, 3.3622124529e-10, 1.46197290385e-10, 1.84425183458e-10, 4.21247411952e-11, 3.53786375196e-11, 1.59912534603e-11, 6.04949900937e-12, 1.07628324655e-11, 5.2328535385e-13, 2.64219700806e-12, 4.79495783356e-13, 2.30708952376e-13, 1.45802071588e-13, 3.27918600477e-13, 5.23647043695e-13, 1.23452097611e-13, 2.14587516593e-13, 1.80851278506e-13, 5.93673059931e-14, 1.40183656309e-15, 1.32763520636e-15], "dmean2": [0.000222053495236, 0.000619037135039, 0.000389182096114, 8.08085023891e-05, 5.69047733734e-05, 0.000209203150007, 0.000269945565378, 0.000538102700375, 0.000254805956502, 0.000161123403814, 0.000113724694529, 0.000167060090462, 0.000337577541359, 0.000208224140806, 5.7493805798e-05, 3.06036163238e-05, 4.07409024774e-05, 1.15763305075e-05, 7.56773579269e-06, 9.24664709601e-06, 4.02717978432e-06, 3.09150868816e-06, 1.64713878803e-06, 1.08192455173e-06, 9.12985058221e-07, 3.67372223309e-07, 4.3371747438e-07, 1.71001005356e-07, 1.36913996585e-07, 6.68385240488e-08, 4.79762505279e-08, 3.73021222799e-08, 5.42610791854e-08, 4.23610089229e-08, 2.25637375451e-08, 2.24412346483e-08, 2.13319228948e-08, 1.24964945059e-08, 4.57317739233e-09, 3.88296994558e-09], "dvar": [5.48700768377e-07, 2.43613112616e-06, 1.39704741287e-06, 2.55281662476e-08, 1.20827401418e-08, 9.87818253861e-08, 1.78516728511e-07, 9.17006275358e-07, 1.15000254652e-07, 1.08883135397e-07, 4.14437408836e-08, 7.83948834737e-08, 2.035825446e-07, 1.52060835035e-07, 9.73069003152e-09, 2.63397192946e-09, 4.51755255426e-09, 3.69450192661e-10, 2.41694136927e-10, 1.80882087086e-10, 7.28909016479e-11, 1.09324826969e-10, 1.99814609303e-11, 2.64423951485e-11, 1.04308991999e-11, 4.15467269962e-12, 5.0888130515e-12, 3.26164822147e-13, 1.1152226061e-12, 3.62557179374e-13, 1.42097366317e-13, 1.74130715814e-13, 2.8227886608e-13, 1.61934186763e-13, 4.59634060142e-14, 5.32787179717e-14, 6.3992437922e-14, 2.28780227862e-14, 1.02366504538e-15, 1.01065843096e-15], "min": [7.78144525646e-25, 1.42244341593e-24, 1.01779810207e-24, 8.45563635443e-25, 1.19842387936e-24, 1.62057717216e-24, 2.18325380787e-24, 2.29804943845e-24, 2.43052166697e-24, 2.41353216687e-24, 1.57572687982e-24, 2.91475722832e-24, 1.67651303097e-24, 2.51865734882e-24, 3.32064647722e-24, 2.18133608701e-24, 2.88949021074e-24, 2.29040794007e-24, 3.09887381372e-24, 3.41192044497e-24, 3.22046784758e-24, 3.9078244424e-24, 3.52754536557e-24, 4.58124462605e-24, 4.3898586874e-24, 4.49401002056e-24, 3.60893175073e-24, 5.21294945059e-24, 3.98775774578e-24, 4.70377050185e-24, 4.92796358782e-24, 4.08737036772e-24, 5.22996557475e-24, 5.20382232992e-24, 5.67758970706e-24, 5.84313414017e-24, 4.96969866844e-24, 6.26179051118e-24, 5.99015690809e-24, 5.49832816609e-24], "median": [3.33435236826e-05, 6.58620920149e-05, 0.000181125389645, 7.53632702981e-05, 3.3055581298e-05, 0.000128901010612, 0.000255045626545, 0.000309328665026, 0.000112874942715, 3.18329948641e-05, 2.20743622776e-05, 3.06934380205e-05, 8.01289716037e-05, 4.20992291765e-05, 1.0491698049e-05, 6.13622796664e-06, 7.82181996328e-06, 2.91902324534e-06, 1.51682309024e-06, 2.15482077692e-06, 3.65229027466e-07, 1.63976480394e-07, 7.177858663e-08, 3.09744976335e-08, 1.9545712604e-08, 1.0338524703e-08, 8.40241476396e-09, 8.87248763348e-09, 5.08913178265e-09, 2.73223355052e-09, 1.57227164621e-09, 1.19324372605e-09, 1.03060526779e-09, 7.21808390836e-10, 4.40686931391e-10, 4.1634645731e-10, 3.20501014617e-10, 2.46460851727e-10, 2.55703153096e-10, 1.82427406514e-10], "max": [0.03942745924, 0.052227947861, 0.0513569638133, 0.0190330054611, 0.00680913031101, 0.0175703056157, 0.0231651570648, 0.0364715605974, 0.00757201900706, 0.0108114238828, 0.00727429660037, 0.00989959109575, 0.0104306787252, 0.0117576317862, 0.00332203321159, 0.0011455626227, 0.0017497347435, 0.000656720541883, 0.000526261166669, 0.000312301970553, 0.000289592891932, 0.000389500521123, 0.000153139451868, 0.000306414527586, 0.000131492241053, 0.000111693821964, 0.000116718292702, 2.19308258238e-05, 0.000105700346467, 3.03371016344e-05, 1.92879015231e-05, 2.82222754322e-05, 2.56460443779e-05, 3.67580978491e-05, 1.68505339389e-05, 1.8510974769e-05, 2.11182232306e-05, 1.2933394828e-05, 1.64956486515e-06, 1.94870085579e-06]}, "barkbands_crest": {"dmean": 2.54685997963, "dvar2": 12.7691335678, "mean": 12.2903175354, "var": 20.4481506348, "dmean2": 4.04484224319, "dvar": 5.1333231926, "min": 3.43338036537, "median": 11.6352558136, "max": 26.7689094543}, "mfcc": {"icov": [[0.000853560341056, -0.000900496845134, 0.00153364986181, -0.00145974289626, 0.00165156647563, -0.00157526833937, 0.00164643349126, -0.00148489023559, 0.00138652906753, -0.00108182861004, 0.000770915066823, -9.50258181547e-05, 0.000172710540937], [-0.000900496845134, 0.00166931073181, -0.0018587873783, 0.00194995384663, -0.00239644618705, 0.00232632341795, -0.00229719514027, 0.00220119999722, -0.00147073669359, 0.00111515878234, -0.00033036689274, 0.000107338979433, -0.000117818286526], [0.00153364986181, -0.0018587873783, 0.00428683590144, -0.00329178385437, 0.00312019092962, -0.00402408698574, 0.00280846422538, -0.00234278081916, 0.00249165482819, -0.00218131789006, 0.00186850421596, -0.000715891830623, 0.000735048553906], [-0.00145974289626, 0.00194995384663, -0.00329178385437, 0.00562290055677, -0.00446310034022, 0.00480188895017, -0.00361204473302, 0.00240305042826, -0.00234538223594, 0.00205216114409, -0.00192618253641, 0.00184636889026, -0.000266110117082], [0.00165156647563, -0.00239644618705, 0.00312019092962, -0.00446310034022, 0.0108701568097, -0.00925420131534, 0.00709990086034, -0.00568291638047, 0.00249471166171, -0.00243290909566, 0.00153612729628, -0.00270663062111, 0.000999765237793], [-0.00157526833937, 0.00232632341795, -0.00402408698574, 0.00480188895017, -0.00925420131534, 0.0161214470863, -0.0114805018529, 0.00908176973462, -0.00784886628389, 0.00535074574873, -0.00439702905715, 0.0041537201032, -0.00203860574402], [0.00164643349126, -0.00229719514027, 0.00280846422538, -0.00361204473302, 0.00709990086034, -0.0114805018529, 0.0176627617329, -0.0115332845598, 0.0119958138093, -0.00992686860263, 0.00587687175721, -0.00316117587499, 0.00262014078908], [-0.00148489023559, 0.00220119999722, -0.00234278081916, 0.00240305042826, -0.00568291638047, 0.00908176973462, -0.0115332845598, 0.0188417453319, -0.0152450241148, 0.0128660462797, -0.00985523127019, 0.00403276411816, -0.00124104332644], [0.00138652906753, -0.00147073669359, 0.00249165482819, -0.00234538223594, 0.00249471166171, -0.00784886628389, 0.0119958138093, -0.0152450241148, 0.0261237826198, -0.0203969329596, 0.0186000615358, -0.0114634139463, 0.00327954161912], [-0.00108182861004, 0.00111515878234, -0.00218131789006, 0.00205216114409, -0.00243290909566, 0.00535074574873, -0.00992686860263, 0.0128660462797, -0.0203969329596, 0.0293445084244, -0.0214319024235, 0.0171713698655, -0.00599837256595], [0.000770915066823, -0.00033036689274, 0.00186850421596, -0.00192618253641, 0.00153612729628, -0.00439702905715, 0.00587687175721, -0.00985523127019, 0.0186000615358, -0.0214319024235, 0.0270471479744, -0.0173361599445, 0.00994339864701], [-9.50258181547e-05, 0.000107338979433, -0.000715891830623, 0.00184636889026, -0.00270663062111, 0.0041537201032, -0.00316117587499, 0.00403276411816, -0.0114634139463, 0.0171713698655, -0.0173361599445, 0.0205139555037, -0.00785993877798], [0.000172710540937, -0.000117818286526, 0.000735048553906, -0.000266110117082, 0.000999765237793, -0.00203860574402, 0.00262014078908, -0.00124104332644, 0.00327954161912, -0.00599837256595, 0.00994339864701, -0.00785993877798, 0.0105412313715]], "mean": [-806.291259766, 235.464096069, -13.327747345, -26.7783164978, -3.84409737587, -2.31892967224, -5.23503160477, -5.38860797882, -1.14223694801, 0.880082011223, -0.531108558178, 5.99613618851, 9.96717166901], "cov": [[5213.33789062, 830.90826416, -1164.56787109, 275.562072754, -351.577880859, -290.138031006, -90.9633712769, -0.268449991941, -131.943817139, 34.7065048218, -42.3005065918, -199.70930481, -36.3648910522], [830.90826416, 1834.22302246, 302.759765625, -188.555053711, 107.633506775, 83.2961807251, 16.3471431732, -127.115440369, 21.2919158936, -5.19063901901, -141.804016113, -30.3589706421, 69.4342269897], [-1164.56787109, 302.759765625, 915.332824707, 131.935089111, 92.7355880737, 177.873733521, 97.3050460815, -65.0616989136, -0.743586659431, 53.5544815063, -18.1255626678, -58.959690094, -40.4325828552], [275.562072754, -188.555053711, 131.935089111, 465.570373535, 39.0563964844, -31.5440273285, 36.2214584351, 36.4996566772, -31.3668460846, 34.5021324158, 55.1122665405, -56.9776306152, -83.6593475342], [-351.577880859, 107.633506775, 92.7355880737, 39.0563964844, 287.061462402, 108.765380859, -32.0563583374, 43.4862976074, 76.9148025513, -24.9420871735, -7.25225353241, 68.3843460083, 28.0876426697], [-290.138031006, 83.2961807251, 177.873733521, -31.5440273285, 108.765380859, 224.990158081, 87.5606155396, -41.1141700745, 20.0606365204, 45.3230705261, -12.0033397675, -38.8640480042, 0.969943702221], [-90.9633712769, 16.3471431732, 97.3050460815, 36.2214584351, -32.0563583374, 87.5606155396, 196.02911377, 9.04631137848, -67.3431625366, 61.740272522, 58.7202377319, -63.7533607483, -78.7266387939], [-0.268449991941, -127.115440369, -65.0616989136, 36.4996566772, 43.4862976074, -41.1141700745, 9.04631137848, 168.25378418, 55.7520942688, -41.4661560059, 30.0649490356, 64.1988601685, -11.9053668976], [-131.943817139, 21.2919158936, -0.743586659431, -31.3668460846, 76.9148025513, 20.0606365204, -67.3431625366, 55.7520942688, 181.40852356, 7.87825298309, -88.257774353, 38.166934967, 81.3023071289], [34.7065048218, -5.19063901901, 53.5544815063, 34.5021324158, -24.9420871735, 45.3230705261, 61.740272522, -41.4661560059, 7.87825298309, 155.535964966, 51.3061981201, -96.1440200806, -46.6174545288], [-42.3005065918, -141.804016113, -18.1255626678, 55.1122665405, -7.25225353241, -12.0033397675, 58.7202377319, 30.0649490356, -88.257774353, 51.3061981201, 208.010879517, 35.5988845825, -123.942497253], [-199.70930481, -30.3589706421, -58.959690094, -56.9776306152, 68.3843460083, -38.8640480042, -63.7533607483, 64.1988601685, 38.166934967, -96.1440200806, 35.5988845825, 202.660430908, 65.9560012817], [-36.3648910522, 69.4342269897, -40.4325828552, -83.6593475342, 28.0876426697, 0.969943702221, -78.7266387939, -11.9053668976, 81.3023071289, -46.6174545288, -123.942497253, 65.9560012817, 226.90625]]}, "spectral_decrease": {"dmean": 1.47946965789e-09, "dvar2": 1.29732583634e-17, "mean": -5.35705835247e-09, "var": 3.44210433137e-17, "dmean2": 2.23011675793e-09, "dvar": 5.3463470588e-18, "min": -7.77506272698e-08, "median": -3.59916896286e-09, "max": 1.47933074404e-28}, "zerocrossingrate": {"dmean": 0.00307583482936, "dvar2": 0.000126075377921, "mean": 0.0360707677901, "var": 0.00210158061236, "dmean2": 0.00411010347307, "dvar": 5.38738968316e-05, "min": 0, "median": 0.03173828125, "max": 0.53125}, "spectral_contrast_coeffs": {"dmean": [0.0411919988692, 0.0411695204675, 0.0428058989346, 0.030588965863, 0.0183071736246, 0.011206952855], "dvar2": [0.00311639695428, 0.00270844134502, 0.00304698315449, 0.00159506755881, 0.00067042739829, 0.000342167186318], "mean": [-0.610685408115, -0.657685875893, -0.67021805048, -0.724561333656, -0.789691925049, -0.828337728977], "var": [0.00802429206669, 0.00807218067348, 0.0091983936727, 0.00474974093959, 0.00411370396614, 0.00140998966526], "dmean2": [0.0705239772797, 0.0643046200275, 0.0697916150093, 0.0519496500492, 0.0313276685774, 0.0196276325732], "dvar": [0.00106644048356, 0.00107398419641, 0.00113827909809, 0.00055842573056, 0.000231783284107, 0.000113739923108], "min": [-0.979600429535, -0.996841847897, -0.998393535614, -0.989808261395, -0.985643804073, -0.980036139488], "median": [-0.610249221325, -0.656175673008, -0.668813228607, -0.727090358734, -0.80191630125, -0.831844210625], "max": [-0.338848441839, -0.336449205875, -0.372569978237, -0.478069901466, -0.561649978161, -0.535977303982]}, "spectral_skewness": {"dmean": 1.04654920101, "dvar2": 2.37087416649, "mean": 5.40588092804, "var": 3.67337560654, "dmean2": 1.84290766716, "dvar": 0.783703744411, "min": -0.112224668264, "median": 5.40299892426, "max": 11.5510892868}, "spectral_energyband_middle_high": {"dmean": 0.00258315796964, "dvar2": 4.68795551569e-05, "mean": 0.00505315279588, "var": 4.0080947656e-05, "dmean2": 0.00420168135315, "dvar": 1.86074212252e-05, "min": 1.18822364438e-21, "median": 0.00307690398768, "max": 0.0834232717752}, "gfcc": {"icov": [[0.000560883956496, -0.00164443196263, 0.00132898171432, -0.0014597887639, 0.00181491766125, -0.00114815030247, 0.00105024268851, -0.00102577300277, 0.000707043043803, -0.000767436227761, 0.000649156223517, -0.000429801642895, 0.000279431522358], [-0.00164443196263, 0.0061842603609, -0.00416846340522, 0.00512641621754, -0.00641389237717, 0.00431798165664, -0.00360898929648, 0.00439480412751, -0.00262904306874, 0.00339904078282, -0.0022644889541, 0.00291136838496, -0.00114767940249], [0.00132898171432, -0.00416846340522, 0.00437893532217, -0.004102953244, 0.00381022691727, -0.00268841045909, 0.00148138415534, -0.00162848515902, 0.0015722613316, -0.00250906613655, 0.00186888396274, -0.00120568624698, 0.000591919117142], [-0.0014597887639, 0.00512641621754, -0.004102953244, 0.00678085256368, -0.00579058984295, 0.00382875022478, -0.00244191242382, 0.00140023953281, -0.000631276576314, 0.002529225545, -0.00208924151957, 0.00297626829706, -0.00109434931073], [0.00181491766125, -0.00641389237717, 0.00381022691727, -0.00579058984295, 0.01168966759, -0.0075794775039, 0.00517453579232, -0.00453307013959, 0.000527470256202, -0.00220441631973, 0.00226167519577, -0.00296230101958, 0.00245262309909], [-0.00114815030247, 0.00431798165664, -0.00268841045909, 0.00382875022478, -0.0075794775039, 0.0107347741723, -0.00597865181044, 0.00411544553936, -0.00108830910176, -4.45609584858e-05, -0.000114566268167, 0.000637523480691, -0.0011947627645], [0.00105024268851, -0.00360898929648, 0.00148138415534, -0.00244191242382, 0.00517453579232, -0.00597865181044, 0.0139101510867, -0.00698665808886, 0.00378556945361, -6.40040088911e-05, -0.00198323884979, 0.0032765569631, -0.0021775260102], [-0.00102577300277, 0.00439480412751, -0.00162848515902, 0.00140023953281, -0.00453307013959, 0.00411544553936, -0.00698665808886, 0.0148331914097, -0.00799377355725, 0.00458633573726, -0.00226996350102, -0.000409656437114, 0.00123868568335], [0.000707043043803, -0.00262904306874, 0.0015722613316, -0.000631276576314, 0.000527470256202, -0.00108830910176, 0.00378556945361, -0.00799377355725, 0.015745472163, -0.00715900631621, 0.00609811535105, -0.00324448081665, -9.33238115977e-05], [-0.000767436227761, 0.00339904078282, -0.00250906613655, 0.002529225545, -0.00220441631973, -4.45609584858e-05, -6.40040088911e-05, 0.00458633573726, -0.00715900631621, 0.0184427220374, -0.0118162827566, 0.00786223541945, -0.00547284120694], [0.000649156223517, -0.0022644889541, 0.00186888396274, -0.00208924151957, 0.00226167519577, -0.000114566268167, -0.00198323884979, -0.00226996350102, 0.00609811535105, -0.0118162827566, 0.0184031762183, -0.0084602534771, 0.00607823673636], [-0.000429801642895, 0.00291136838496, -0.00120568624698, 0.00297626829706, -0.00296230101958, 0.000637523480691, 0.0032765569631, -0.000409656437114, -0.00324448081665, 0.00786223541945, -0.0084602534771, 0.0175913516432, -0.00771978823468], [0.000279431522358, -0.00114767940249, 0.000591919117142, -0.00109434931073, 0.00245262309909, -0.0011947627645, -0.0021775260102, 0.00123868568335, -9.33238115977e-05, -0.00547284120694, 0.00607823673636, -0.00771978823468, 0.0121057825163]], "mean": [-162.332046509, 189.669921875, -123.907577515, -50.8827857971, -38.9539794922, -5.17037248611, -23.4507675171, -7.81849431992, -10.2051143646, -1.99039185047, -7.39044809341, -7.87027406693, -11.3881244659], "cov": [[13530.3037109, 1754.31591797, -2075.39379883, 12.8541822433, -646.568115234, -371.910644531, -236.745254517, -63.1364936829, -179.36366272, -214.192901611, -135.968826294, -230.977462769, -162.432098389], [1754.31591797, 1525.59436035, 381.790374756, -282.105957031, 186.019790649, -6.98064184189, 23.4974651337, -194.796691895, -6.1001124382, -42.1783561707, -70.0888214111, -141.513656616, -28.4154815674], [-2075.39379883, 381.790374756, 1253.19799805, 202.00579834, 198.517807007, 108.38735199, 112.948379517, -87.5581436157, -17.0237751007, 63.431892395, -3.61276555061, -80.1720428467, 20.0731582642], [12.8541822433, -282.105957031, 202.00579834, 546.279846191, 54.6548614502, -9.06752586365, 28.2049045563, 75.7330169678, -32.6098327637, -5.4780049324, 13.4978199005, -38.5148887634, -36.2451782227], [-646.568115234, 186.019790649, 198.517807007, 54.6548614502, 345.514770508, 124.827575684, -3.96263766289, 15.8043632507, 55.7623825073, -3.56163024902, -19.8632698059, 6.3664765358, -19.3645248413], [-371.910644531, -6.98064184189, 108.38735199, -9.06752586365, 124.827575684, 212.038894653, 51.544670105, -12.9218950272, 10.5790748596, 30.2380962372, -0.363228708506, 3.28850078583, 24.0653190613], [-236.745254517, 23.4974651337, 112.948379517, 28.2049045563, -3.96263766289, 51.544670105, 141.905593872, 23.248128891, -23.0334453583, 11.1151437759, 19.4649009705, -31.009853363, 9.0551700592], [-63.1364936829, -194.796691895, -87.5581436157, 75.7330169678, 15.8043632507, -12.9218950272, 23.248128891, 160.121734619, 50.9537353516, -21.6697368622, 3.32364010811, 28.2316207886, -15.6316633224], [-179.36366272, -6.1001124382, -17.0237751007, -32.6098327637, 55.7623825073, 10.5790748596, -23.0334453583, 50.9537353516, 123.825874329, 16.8107757568, -23.1911411285, 28.5013656616, 20.2099437714], [-214.192901611, -42.1783561707, 63.431892395, -5.4780049324, -3.56163024902, 30.2380962372, 11.1151437759, -21.6697368622, 16.8107757568, 120.038856506, 52.1126403809, -11.1547603607, 26.3897762299], [-135.968826294, -70.0888214111, -3.61276555061, 13.4978199005, -19.8632698059, -0.363228708506, 19.4649009705, 3.32364010811, -23.1911411285, 52.1126403809, 112.227302551, 18.0739307404, -16.4022006989], [-230.977462769, -141.513656616, -80.1720428467, -38.5148887634, 6.3664765358, 3.28850078583, -31.009853363, 28.2316207886, 28.5013656616, -11.1547603607, 18.0739307404, 122.712409973, 47.2769165039], [-162.432098389, -28.4154815674, 20.0731582642, -36.2451782227, -19.3645248413, 24.0653190613, 9.0551700592, -15.6316633224, 20.2099437714, 26.3897762299, -16.4022006989, 47.2769165039, 139.399032593]]}, "erbbands_spread": {"dmean": 2.57851600647, "dvar2": 16.400182724, "mean": 10.6758699417, "var": 43.6570472717, "dmean2": 4.11619377136, "dvar": 6.66076374054, "min": 0.643749475479, "median": 9.1030960083, "max": 138.498092651}, "erbbands_kurtosis": {"dmean": 1.67770266533, "dvar2": 16.1899337769, "mean": 1.41696035862, "var": 10.1360340118, "dmean2": 2.73204636574, "dvar": 6.53985023499, "min": -1.86011505127, "median": 0.47378885746, "max": 61.5102005005}, "dynamic_complexity": 3.84706449509, "erbbands_crest": {"dmean": 3.44339847565, "dvar2": 22.6582603455, "mean": 14.9910135269, "var": 30.1620635986, "dmean2": 5.63435792923, "dvar": 8.81349182129, "min": 2.2577662468, "median": 14.2931308746, "max": 33.2955627441}, "erbbands": {"dmean": [0.00950940605253, 0.164955973625, 0.825380682945, 1.70702683926, 1.0980758667, 0.70380371809, 1.2123862505, 6.4072637558, 13.6292982101, 37.1046295166, 23.7720165253, 18.426492691, 15.1960706711, 27.8134307861, 57.5575065613, 30.3190364838, 8.31865978241, 12.1300048828, 3.40741276741, 3.66849112511, 2.48035788536, 1.67085170746, 0.701689720154, 0.597645461559, 0.265777826309, 0.168300628662, 0.102104447782, 0.0555451139808, 0.0408697240055, 0.0412485897541, 0.0236134231091, 0.018448876217, 0.00769993662834, 0.00283470447175, 0.000924932886846, 0.000310307572363, 0.000142929566209, 2.13442654058e-05, 5.88134207646e-06, 6.79514687363e-06], "dvar2": [0.0218923650682, 1.87716174126, 42.2187690735, 165.003326416, 21.1022815704, 10.6044330597, 30.2474460602, 535.258605957, 905.973205566, 11503.1376953, 3623.11962891, 6195.96728516, 3293.41210938, 10558.8828125, 39768.5507812, 18142.6347656, 1356.92443848, 3362.90625, 257.256286621, 229.588806152, 168.883285522, 232.146331787, 45.5646400452, 38.0429611206, 15.0675868988, 2.96392202377, 4.67239761353, 1.44242489338, 1.88435566425, 0.983684718609, 0.303750663996, 0.211603119969, 0.0393692329526, 0.00382446194999, 0.000423693098128, 7.23129851394e-05, 2.05944797926e-05, 2.55725126408e-07, 6.1917524441e-09, 2.51173748467e-10], "mean": [0.0196261163801, 0.35785138607, 1.42504191399, 3.48438477516, 3.58419728279, 2.5259616375, 3.29426693916, 15.8844385147, 44.9531822205, 86.5742645264, 50.9216041565, 40.3643493652, 38.1448631287, 47.6165962219, 87.7965240479, 46.7102203369, 14.702917099, 19.6641712189, 6.61797142029, 6.45878839493, 4.44353151321, 3.0546541214, 1.42609632015, 1.07244360447, 0.507496893406, 0.32793533802, 0.188889890909, 0.0978489294648, 0.065598487854, 0.0799124464393, 0.0466755367815, 0.0366041734815, 0.0137934526429, 0.00464574852958, 0.0015954724513, 0.000523036986124, 0.000214637693716, 5.50504846615e-05, 2.34862382058e-05, 2.54905735346e-05], "var": [0.0112932221964, 1.93848717213, 29.1768169403, 171.788299561, 115.750061035, 76.3471603394, 72.624206543, 960.187072754, 8258.08398438, 28131.0292969, 7436.10058594, 10961.3886719, 14799.0546875, 11432.171875, 26655.5371094, 12980.6337891, 970.183837891, 1993.9630127, 200.704208374, 162.786773682, 124.00138855, 155.123977661, 35.1761703491, 21.8076229095, 10.8101215363, 2.45858120918, 4.15068435669, 1.09260237217, 0.632848858833, 0.97023242712, 0.406683295965, 0.329025268555, 0.0465109311044, 0.00214264262468, 0.000229716286412, 2.48391970672e-05, 5.1932538554e-06, 6.8381709184e-08, 3.30218052902e-09, 7.03728686435e-10], "dmean2": [0.0168016813695, 0.298481851816, 1.41709816456, 2.55724835396, 1.46449494362, 0.972045123577, 1.80218338966, 9.65851211548, 16.2796936035, 47.7924346924, 33.1240119934, 26.0232543945, 22.5604972839, 43.9487686157, 95.1842193604, 49.1677322388, 13.817489624, 20.9534835815, 5.83220052719, 6.30156564713, 4.25104284286, 2.8341550827, 1.21101343632, 1.02243280411, 0.473011225462, 0.292409420013, 0.172229915857, 0.0945084542036, 0.0724522545934, 0.0681302472949, 0.0382522307336, 0.029558101669, 0.0129069359973, 0.00484089087695, 0.00157190137543, 0.00056425051298, 0.000264916394372, 3.85309940611e-05, 9.60092711466e-06, 1.02940111901e-05], "dvar": [0.00664420938119, 0.557031691074, 14.3670005798, 68.7603302002, 10.7804422379, 5.46021795273, 12.0911464691, 211.349227905, 720.471130371, 6755.22851562, 1939.13000488, 3147.88183594, 1583.75244141, 4658.12207031, 15168.484375, 7560.59570312, 504.75378418, 1176.96472168, 87.4528656006, 81.137008667, 59.6378211975, 86.8465423584, 15.8943195343, 12.880522728, 4.84729290009, 1.06432199478, 1.86074078083, 0.564503848553, 0.626046061516, 0.372213751078, 0.118231892586, 0.0890479385853, 0.0170817784965, 0.00150776724331, 0.000153650529683, 2.54147471423e-05, 7.25313520888e-06, 8.8591939118e-08, 2.31681851481e-09, 1.04535734236e-10], "min": [8.34798673869e-23, 6.43788753662e-22, 2.31652738339e-21, 4.88316381098e-21, 1.0413350882e-20, 1.49800340982e-20, 3.87340311149e-20, 7.92612734754e-20, 1.12079160215e-19, 1.47607756597e-19, 2.73779205167e-19, 4.42270726065e-19, 4.09943887341e-19, 8.51685579706e-19, 7.30088892287e-19, 9.08275745447e-19, 1.50616768246e-18, 1.77391157109e-18, 1.83192154065e-18, 3.34207954239e-18, 3.58237530354e-18, 4.30753352729e-18, 5.26907019161e-18, 5.69884924966e-18, 5.46983354372e-18, 8.40205481196e-18, 7.4212096842e-18, 8.97809346438e-18, 1.11593430971e-17, 1.19501922828e-17, 1.07319413561e-17, 9.37495900585e-18, 9.76959281403e-18, 8.10013885147e-18, 6.13546206033e-18, 4.00960168222e-18, 2.41861634731e-18, 9.26921430429e-19, 2.48566817645e-19, 2.69937839795e-20], "median": [0.0019560798537, 0.0128049999475, 0.16199234128, 0.878462791443, 1.24845933914, 0.707582116127, 1.05980038643, 6.15518951416, 15.6768388748, 28.2813415527, 18.3480472565, 7.07088279724, 6.19797134399, 11.7777767181, 26.7611236572, 13.6934242249, 4.20822715759, 4.61650514603, 1.97415041924, 1.82516777515, 0.802778840065, 0.231095999479, 0.0797859430313, 0.0324223339558, 0.0146738607436, 0.0144098848104, 0.00806344114244, 0.0035315239802, 0.0022001080215, 0.0015188343823, 0.000813529128209, 0.000613613985479, 0.000387699779822, 0.000254357000813, 0.000160753392265, 0.000104516002466, 5.69449694012e-05, 2.60619763139e-05, 1.40766915138e-05, 1.75723344e-05], "max": [4.89315271378, 22.5478649139, 140.791061401, 369.700927734, 341.960235596, 285.028533936, 158.722976685, 679.77722168, 1496.15161133, 2918.27856445, 1128.10717773, 2003.88647461, 1497.80773926, 2221.55932617, 2488.34936523, 3031.07836914, 691.482910156, 761.602783203, 315.297637939, 203.7084198, 234.187164307, 353.066741943, 175.1822052, 142.33644104, 97.0027618408, 40.0267524719, 118.891769409, 41.4825744629, 50.2730865479, 39.5417327881, 27.4600315094, 22.7673339844, 11.0753383636, 2.31152224541, 0.62182277441, 0.309875845909, 0.16110265255, 0.0140971895307, 0.00332164973952, 0.000334125681547]}, "silence_rate_30dB": {"dmean": 0.00747056445107, "dvar2": 0.017647460103, "mean": 0.985953211784, "var": 0.0138504318893, "dmean2": 0.0149423424155, "dvar": 0.00741268647835, "min": 0, "median": 1, "max": 1}, "silence_rate_60dB": {"dmean": 0.0129922861233, "dvar2": 0.0314823128283, "mean": 0.0809516087174, "var": 0.0743977427483, "dmean2": 0.0259866826236, "dvar": 0.0128225702792, "min": 0, "median": 0, "max": 1}, "spectral_energyband_middle_low": {"dmean": 0.00368162337691, "dvar2": 6.66111009195e-05, "mean": 0.013133559376, "var": 0.00026089505991, "dmean2": 0.00494719576091, "dvar": 3.41295417456e-05, "min": 1.17706554135e-22, "median": 0.00787229463458, "max": 0.210369586945}, "spectral_spread": {"dmean": 231014.21875, "dvar2": 404521254912, "mean": 1639478.375, "var": 14359417847800.0, "dmean2": 406117.875, "dvar": 186145243136, "