{"tonal": {"hpcp": {"dvar": [0.0344280861318, 0.0284736286849, 0.0301288608462, 0.0416003987193, 0.0469578430057, 0.046432711184, 0.0375531241298, 0.025242459029, 0.0278090871871, 0.0365142412484, 0.0249852743, 0.0245066676289, 0.0337360240519, 0.034277908504, 0.0335924364626, 0.018023474142, 0.0130597539246, 0.0103661045432, 0.0048625394702, 0.00719152390957, 0.00826353766024, 0.0100300488994, 0.00814790651202, 0.0178656466305, 0.0417416803539, 0.0303559787571, 0.0295927096158, 0.0131783299148, 0.0152908544987, 0.0266175828874, 0.0424118638039, 0.0519074238837, 0.0577837005258, 0.0486297309399, 0.0472521372139, 0.0418371707201], "var": [0.02643118985, 0.019575227052, 0.0212412606925, 0.0425442531705, 0.104533694685, 0.100441098213, 0.0368400141597, 0.0220437645912, 0.0364734977484, 0.0650218874216, 0.0328380577266, 0.0220053885132, 0.0576655752957, 0.146439924836, 0.0930519849062, 0.0247749146074, 0.0160378050059, 0.00880328845233, 0.0032176785171, 0.012090831995, 0.0338166467845, 0.0176031049341, 0.00893616024405, 0.0189244821668, 0.0460854917765, 0.0723962262273, 0.0730904564261, 0.01485861931, 0.0105287274346, 0.0232251491398, 0.0552614331245, 0.0940987095237, 0.131133645773, 0.0780498236418, 0.0577903315425, 0.0467741675675], "median": [0.0115598579869, 0.0112760560587, 0.00730658788234, 0.0190639514476, 0.0618985109031, 0.0741180926561, 0.0451307371259, 0.0194224454463, 0.0263713356107, 0.0279735252261, 0.0167016386986, 0.00578420050442, 0.0192420314997, 0.0376986116171, 0.0323505029082, 0.0191891063005, 0.0101680904627, 0.00654830597341, 0.00589492730796, 0.0106263365597, 0.014089060016, 0.0155824013054, 0.0117124449462, 0.0172632150352, 0.0384762920439, 0.0986389070749, 0.0872228220105, 0.0367814749479, 0.00558314146474, 0.00424883095548, 0.0177142210305, 0.121428892016, 0.17804774642, 0.105106666684, 0.0162890609354, 0.00619799410924], "max": [1, 1, 1, 1, 1, 1, 1, 1, 1, 1, 1, 1, 1, 1, 1, 1, 1, 1, 1, 1, 1, 1, 1, 1, 1, 1, 1, 1, 1, 1, 1, 1, 1, 1, 1, 1], "dmean": [0.0943910479546, 0.0765561833978, 0.0785049647093, 0.117460720241, 0.143887236714, 0.150840476155, 0.122351765633, 0.0825348347425, 0.0940572470427, 0.107447706163, 0.0791505277157, 0.0650199279189, 0.0999230891466, 0.103197976947, 0.117699690163, 0.0743243843317, 0.049984022975, 0.038059104234, 0.0257653221488, 0.0357735939324, 0.0402068197727, 0.0472695380449, 0.0375113449991, 0.0669105276465, 0.109911501408, 0.131943225861, 0.124769896269, 0.0673093944788, 0.046704031527, 0.0743504390121, 0.122538000345, 0.177875682712, 0.188593327999, 0.173265844584, 0.126567900181, 0.107208907604], "dmean2": [0.173408910632, 0.142655909061, 0.147663414478, 0.21218110621, 0.248346060514, 0.261195391417, 0.218394264579, 0.146673873067, 0.164479419589, 0.183581292629, 0.135529726744, 0.117646254599, 0.175220370293, 0.1782900244, 0.201279476285, 0.128021076322, 0.0879069194198, 0.0684733092785, 0.0475091449916, 0.0629611983895, 0.067530028522, 0.0808070972562, 0.0655852481723, 0.119907848537, 0.1980920434, 0.216895774007, 0.20735964179, 0.117063052952, 0.0865797773004, 0.135305911303, 0.219088584185, 0.310029059649, 0.325625300407, 0.300451785326, 0.230543896556, 0.19471873343], "mean": [0.0717671960592, 0.0572822093964, 0.0555711649358, 0.107350878417, 0.233419373631, 0.239348590374, 0.122217774391, 0.0727429166436, 0.109012067318, 0.144653752446, 0.0912989750504, 0.053460791707, 0.141027569771, 0.269014358521, 0.210178747773, 0.0797210931778, 0.0529050417244, 0.0348793007433, 0.021570622921, 0.0445831827819, 0.0733720511198, 0.0598920583725, 0.0457412339747, 0.0709313973784, 0.117564745247, 0.216052696109, 0.204974353313, 0.0791534930468, 0.0356125645339, 0.0577536299825, 0.128881037235, 0.266679495573, 0.344454795122, 0.233021408319, 0.123939856887, 0.0969863161445], "dvar2": [0.0991241410375, 0.0835760608315, 0.0890313461423, 0.120074793696, 0.121231205761, 0.123147167265, 0.107661694288, 0.070695348084, 0.0766656249762, 0.0966016128659, 0.0638603568077, 0.0685765743256, 0.0909311547875, 0.0881289988756, 0.0846844613552, 0.0471576042473, 0.0355221293867, 0.0302711073309, 0.0143425595015, 0.021249840036, 0.0205650813878, 0.0273551642895, 0.0227428134531, 0.0496268123388, 0.116378374398, 0.0737510472536, 0.0714200288057, 0.0361241698265, 0.0451736934483, 0.0756515786052, 0.117924652994, 0.140956103802, 0.151023104787, 0.139259338379, 0.132272943854, 0.115365490317], "min": [0, 0, 0, 0, 0, 0, 0, 0, 0, 0, 0, 0, 0, 0, 0, 0, 0, 0, 0, 0, 0, 0, 0, 0, 0, 0, 0, 0, 0, 0, 0, 0, 0, 0, 0, 0]}, "key_key": "F", "thpcp": [1, 0.6764934659, 0.359814584255, 0.281564712524, 0.208350121975, 0.16629819572, 0.161330789328, 0.311654478312, 0.67764878273, 0.694862127304, 0.354815125465, 0.211182773113, 0.316477149725, 0.419949889183, 0.265053570271, 0.155204087496, 0.409422576427, 0.780985951424, 0.610178053379, 0.231441378593, 0.153590664268, 0.101259440184, 0.0626225098968, 0.129431158304, 0.213009238243, 0.173874944448, 0.132793143392, 0.205923676491, 0.341306746006, 0.627230942249, 0.59506893158, 0.229793563485, 0.103388212621, 0.16766679287, 0.374159514904, 0.774207532406], "chords_key": "F", "tuning_equal_tempered_deviation": 0.306398868561, "tuning_frequency": 434.193115234, "tuning_diatonic_strength": 0.456652104855, "chords_histogram": [20.9643115997, 2.52895307541, 8.53226184845, 1.79626560211, 8.65043735504, 4.13613796234, 0.0472701489925, 1.39446938038, 0, 8.36681652069, 2.10352158546, 7.56322383881, 0.0472701489925, 0, 0.638146996498, 9.97400188446, 5.12881135941, 0, 0, 0, 0.0709052234888, 2.599858284, 13.2356414795, 2.22169709206], "key_strength": 0.421542078257, "key_scale": "minor", "chords_strength": {"dvar": 0.000513114675414, "var": 0.0187629498541, "median": 0.490300089121, "max": 0.722681283951, "dmean": 0.0091403555125, "dmean2": 0.0100508444011, "mean": 0.478422820568, "dvar2": 0.000972258450929, "min": -1}, "chords_number_rate": 0.00354526122101, "tuning_nontempered_energy_ratio": 0.894180953503, "hpcp_entropy": {"dvar": 0.217260107398, "var": 0.542715668678, "median": 2.14202713966, "max": 4.30094909668, "dmean": 0.558794796467, "dmean2": 0.955720901489, "mean": 2.11894583702, "dvar2": 0.609887063503, "min": 0}, "chords_changes_rate": 0.0685417130589, "chords_scale": "minor"}, "rhythm": {"bpm_histogram_first_peak_spread": {"dvar": 0, "var": 0, "median": 0.579746842384, "max": 0.579746842384, "dmean": 0, "dmean2": 0, "mean": 0.579746842384, "dvar2": 0, "min": 0.579746842384}, "bpm_histogram_first_peak_weight": {"dvar": 0, "var": 0, "median": 0.348739504814, "max": 0.348739504814, "dmean": 0, "dmean2": 0, "mean": 0.348739504814, "dvar2": 0, "min": 0.348739504814}, "bpm_histogram_first_peak_bpm": {"dvar": 0, "var": 0, "median": 148, "max": 148, "dmean": 0, "dmean2": 0, "mean": 148, "dvar2": 0, "min": 148}, "bpm": 147.523071289, "bpm_histogram_second_peak_weight": {"dvar": 0, "var": 0, "median": 0.0945378169417, "max": 0.0945378169417, "dmean": 0, "dmean2": 0, "mean": 0.0945378169417, "dvar2": 0, "min": 0.0945378169417}, "beats_loudness": {"dvar": 0.00153535755817, "var": 0.00249614589848, "median": 0.0238689761609, "max": 0.468077361584, "dmean": 0.0248386748135, "dmean2": 0.0438464954495, "mean": 0.0395975895226, "dvar2": 0.00477429339662, "min": 4.43240777415e-10}, "beats_loudness_band_ratio": {"dvar": [0.0224608499557, 0.0162784345448, 0.00866235978901, 0.000530164455995, 0.000782831164543, 0.00601484114304], "var": [0.0478383973241, 0.0351384952664, 0.00987103767693, 0.000543383066542, 0.000411521701608, 0.0137427588925], "median": [0.571050882339, 0.226112410426, 0.0777975693345, 0.00999722350389, 0.00151627790183, 0.0949930250645], "max": [0.986920773983, 0.808116436005, 0.523283660412, 0.224085867405, 0.429941505194, 0.955768585205], "dmean": [0.184308230877, 0.144128963351, 0.0946017950773, 0.0140830483288, 0.00477243075147, 0.069804161787], "dmean2": [0.308842360973, 0.24315007031, 0.169762700796, 0.0254019517452, 0.00894421804696, 0.11795912683], "mean": [0.53499263525, 0.277168601751, 0.112258516252, 0.0177121311426, 0.00397345516831, 0.125498995185], "dvar2": [0.0540978424251, 0.0407127700746, 0.0236976705492, 0.0014949424658, 0.00233428785577, 0.0151382545009], "min": [0.00656944792718, 0.00127636711113, 0.00206053745933, 0.000578447012231, 5.04381387145e-05, 0.00414849305525]}, "bpm_histogram_second_peak_bpm": {"dvar": 0, "var": 0, "median": 140, "max": 140, "dmean": 0, "dmean2": 0, "mean": 140, "dvar2": 0, "min": 140}, "onset_rate": 2.0770843029, "beats_count": 477, "beats_position": [0.429569154978, 0.870748281479, 1.31192743778, 1.75310659409, 2.20589566231, 2.6470746994, 3.08825397491, 3.52943301201, 3.97061228752, 4.41179132462, 4.841360569, 5.27092981339, 5.71210861206, 6.14167785645, 6.58285713196, 7.02403593063, 7.46521520615, 7.89478445053, 8.32435321808, 8.75392246246, 9.18349170685, 9.61306095123, 10.0426301956, 10.4605894089, 10.8785486221, 11.3081178665, 11.7260770798, 12.144036293, 12.5619955063, 12.9799547195, 13.3979139328, 13.8042631149, 14.2106122971, 14.6285715103, 15.0465307236, 15.4644899368, 15.8824491501, 16.2887973785, 16.6951465607, 17.1131057739, 17.5310649872, 17.9374141693, 18.3437633514, 18.7501125336, 19.1680717468, 19.5860309601, 20.0039901733, 20.4103393555, 20.8166885376, 21.2230377197, 21.6293869019, 22.035736084, 22.4420852661, 22.8484344482, 23.2663936615, 23.6843528748, 24.102312088, 24.5086612701, 24.9150104523, 25.3213596344, 25.7277088165, 26.1340579987, 26.5404071808, 26.9467563629, 27.353105545, 27.7710647583, 28.1774139404, 28.5837631226, 29.0017223358, 29.4196815491, 29.8260307312, 30.2323799133, 30.6387290955, 31.0450782776, 31.4514274597, 31.8577766418, 32.2525177002, 32.6472549438, 33.0419960022, 33.4367332458, 33.843082428, 34.2494316101, 34.6557807922, 35.0621299744, 35.480091095, 35.8864402771, 36.2811775208, 36.6875267029, 37.0822677612, 37.4770050049, 37.8717460632, 38.2780952454, 38.672832489, 39.0791816711, 39.4855308533, 39.8918800354, 40.2982292175, 40.7161903381, 41.1225395203, 41.5172767639, 41.9120178223, 42.3067550659, 42.7014961243, 43.0962333679, 43.50258255, 43.9089317322, 44.3036727905, 44.6984100342, 45.0931510925, 45.4878921509, 45.894241333, 46.2889785767, 46.6953277588, 47.0900688171, 47.4848060608, 47.8795471191, 48.2742843628, 48.6690254211, 49.0637626648, 49.4585037231, 49.8648529053, 50.2595901489, 50.6543312073, 51.0490684509, 51.4554176331, 51.8617668152, 52.2681159973, 52.6744651794, 53.0808143616, 53.4871635437, 53.8935127258, 54.299861908, 54.7062110901, 55.1125602722, 55.5189094543, 55.936870575, 56.3548278809, 56.7727890015, 57.1907463074, 57.608707428, 58.0266647339, 58.4446258545, 58.8625831604, 59.280544281, 59.7217216492, 60.162902832, 60.6040802002, 61.0220413208, 61.4516105652, 61.8811798096, 62.2991371155, 62.7170982361, 63.1234474182, 63.5297966003, 63.9361457825, 64.3424911499, 64.7604522705, 65.1668014526, 65.5847625732, 65.9911117554, 66.3974609375, 66.8038101196, 67.2101593018, 67.6048965454, 68.0112457275, 68.4175949097, 68.8239440918, 69.2186813354, 69.6134262085, 70.0081634521, 70.3912887573, 70.7860336304, 71.1923828125, 71.5987319946, 72.0050811768, 72.3998184204, 72.7945556641, 73.1892929077, 73.5840377808, 73.9903869629, 74.396736145, 74.8030853271, 75.2094345093, 75.6273880005, 76.0337371826, 76.4400863647, 76.8464355469, 77.252784729, 77.6475296021, 78.0422668457, 78.4370040894, 78.831741333, 79.2264862061, 79.6212234497, 80.0159606934, 80.410697937, 80.8170471191, 81.2233963013, 81.6181411743, 82.0244903564, 82.4308395386, 82.8371887207, 83.2435379028, 83.6382751465, 84.0446243286, 84.4509735107, 84.8573226929, 85.263671875, 85.6584091187, 86.0531539917, 86.4478912354, 86.842628479, 87.2489776611, 87.6553268433, 88.0616760254, 88.4680252075, 88.8743743896, 89.2807235718, 89.6870727539, 90.0818099976, 90.4881591797, 90.8945083618, 91.3008575439, 91.695602417, 92.1019515991, 92.5083007812, 92.9146499634, 93.309387207, 93.7157363892, 94.1104736328, 94.5052108765, 94.8999557495, 95.2946929932, 95.6894302368, 96.1073913574, 96.525352478, 96.9317016602, 97.3380508423, 97.7327880859, 98.1391372681, 98.5454864502, 98.9402236938, 99.346572876, 99.7529220581, 100.147659302, 100.530792236, 100.937141418, 101.331878662, 101.738227844, 102.132965088, 102.53931427, 102.934059143, 103.340408325, 103.746757507, 104.153106689, 104.559455872, 104.965805054, 105.372154236, 105.790107727, 106.208068848, 106.626029968, 107.043991089, 107.46194458, 107.891517639, 108.321083069, 108.762268066, 109.191833496, 109.633010864, 110.062583923, 110.492149353, 110.921722412, 111.36289978, 111.792472839, 112.222038269, 112.63999939, 113.05796051, 113.475914001, 113.893875122, 114.311836243, 114.729797363, 115.147750854, 115.565711975, 115.983673096, 116.401634216, 116.819587708, 117.237548828, 117.655509949, 118.07346344, 118.491424561, 118.909385681, 119.327346802, 119.745300293, 120.174873352, 120.604438782, 121.022399902, 121.440361023, 121.846710205, 122.253059387, 122.659408569, 123.065757751, 123.472106934, 123.878456116, 124.284805298, 124.69115448, 125.12071991, 125.550292969, 125.968254089, 126.386207581, 126.804168701, 127.222129822, 127.640090942, 128.069656372, 128.499221802, 128.92880249, 129.35836792, 129.776321411, 130.205886841, 130.623855591, 131.053421021, 131.459777832, 131.866119385, 132.260864258, 132.655593872, 133.061950684, 133.468292236, 133.874649048, 134.280990601, 134.664123535, 135.04725647, 135.441986084, 135.836730957, 136.254684448, 136.66104126, 137.090606689, 137.508575439, 137.926528931, 138.332870483, 138.750839233, 139.168792725, 139.586761475, 139.993103027, 140.399459839, 140.805801392, 141.223754883, 141.641723633, 142.059677124, 142.477645874, 142.895599365, 143.313552856, 143.731521606, 144.149475098, 144.567428589, 144.985397339, 145.40335083, 145.809707642, 146.227661133, 146.634017944, 147.040359497, 147.423492432, 147.818222046, 148.212966919, 148.607711792, 149.002441406, 149.397186279, 149.791931152, 150.186660767, 150.58140564, 150.976135254, 151.370880127, 151.765625, 152.171966553, 152.578323364, 152.973052979, 153.367797852, 153.774139404, 154.180496216, 154.586837769, 154.99319458, 155.399536133, 155.805892944, 156.200637817, 156.595367432, 156.990112305, 157.396453857, 157.79119873, 158.197555542, 158.603897095, 159.010253906, 159.404983521, 159.799728394, 160.194458008, 160.589202881, 160.995559692, 161.401901245, 161.808258057, 162.214599609, 162.620956421, 163.027297974, 163.422042847, 163.828384399, 164.223129272, 164.617858887, 165.000991821, 165.395736694, 165.790466309, 166.185211182, 166.579956055, 166.974685669, 167.369430542, 167.764175415, 168.158905029, 168.542037964, 168.925170898, 169.319900513, 169.714645386, 170.109390259, 170.492507935, 170.898864746, 171.328430176, 171.757995605, 172.187576294, 172.617141724, 173.035095215, 173.453063965, 173.871017456, 174.277359009, 174.68371582, 175.101669312, 175.519638062, 175.937591553, 176.355545044, 176.785125732, 177.203079224, 177.621032715, 178.039001465, 178.456954956, 178.886520386, 179.304489136, 179.722442627, 180.140411377, 180.558364868, 180.987930298, 181.405899048, 181.823852539, 182.230194092, 182.636550903, 183.054504395, 183.484085083, 183.902038574, 184.319992065, 184.737960815, 185.155914307, 185.573867798, 185.991836548, 186.421401978, 186.839355469, 187.257324219, 187.67527771, 188.09324646, 188.511199951, 188.929153442, 189.358734131, 189.776687622, 190.194641113, 190.612609863, 191.042175293, 191.471740723, 191.912918091, 192.365707397, 192.818496704, 193.259674072, 193.70085144, 194.142044067, 194.571609497, 195.012786865, 195.453964233, 195.883529663], "danceability": 0.880631446838, "bpm_histogram_second_peak_spread": {"dvar": 0, "var": 0, "median": 0.347826123238, "max": 0.347826123238, "dmean": 0, "dmean2": 0, "mean": 0.347826123238, "dvar2": 0, "min": 0.347826123238}}, "lowlevel": {"spectral_flux": {"dvar": 0.000446099351393, "var": 0.00207799416967, "median": 0.0597945973277, "max": 0.397463351488, "dmean": 0.0169299226254, "dmean2": 0.0271783899516, "mean": 0.069019459188, "dvar2": 0.0011084349826, "min": 1.04208086604e-10}, "spectral_rolloff": {"dvar": 55475180, "var": 82005840, "median": 516.796875, "max": 22050, "dmean": 3374.03564453, "dmean2": 6659.24755859, "mean": 5751.82177734, "dvar2": 151164000, "min": 64.599609375}, "barkbands_flatness_db": {"dvar": 0.000904550135601, "var": 0.00332705909386, "median": 0.232837945223, "max": 0.454142689705, "dmean": 0.0371734127402, "dmean2": 0.0595838017762, "mean": 0.232576459646, "dvar2": 0.002472901484, "min": 0.0413334593177}, "spectral_centroid": {"dvar": 22154.2363281, "var": 315395.6875, "median": 343.033294678, "max": 11269.4667969, "dmean": 75.6878890991, "dmean2": 121.049072266, "mean": 455.077026367, "dvar2": 39293.3984375, "min": 126.597763062}, "melbands_skewness": {"dvar": 0.593406379223, "var": 3.44780731201, "median": 2.36780762672, "max": 19.774187088, "dmean": 0.742816329002, "dmean2": 1.2092808485, "mean": 2.73498296738, "dvar2": 1.54199743271, "min": -1.96200191975}, "melbands": {"dvar": [5.35200979357e-06, 8.77843285707e-06, 3.6458559407e-06, 1.70616499418e-06, 4.62328614503e-07, 1.91132562577e-06, 4.84458894334e-07, 5.06936821409e-08, 7.83490960998e-08, 7.15195325185e-09, 1.10931628328e-08, 5.09569320073e-09, 4.99778129992e-09, 4.10857659006e-09, 1.53497636823e-09, 2.07144079667e-09, 4.26248619734e-10, 5.66224879484e-11, 6.177412748e-11, 2.87951659045e-11, 8.66469136024e-12, 1.16340478917e-11, 8.56119168613e-12, 3.45930792692e-12, 2.47709274967e-12, 1.24456900948e-12, 1.23961474766e-12, 1.35134297415e-12, 2.07531431276e-12, 7.00666391226e-12, 3.48941014972e-12, 4.4002171698e-13, 7.83074980185e-14, 3.36267302794e-14, 4.1214170206e-14, 6.91631065028e-14, 2.64492780162e-14, 1.20691937415e-14, 2.47079891879e-15, 1.37438009598e-15], "var": [9.05826163944e-06, 2.37779840973e-05, 1.26825480038e-05, 1.16623050417e-05, 1.42860392316e-06, 1.33380344778e-05, 2.65303833658e-06, 3.1975500292e-07, 9.7823044598e-07, 4.10016838259e-08, 1.02868682461e-07, 1.51641952328e-08, 7.68046426458e-09, 6.78327660708e-09, 4.03790556547e-09, 1.07409041661e-08, 1.40564315743e-09, 9.11569014717e-11, 9.32515314966e-11, 5.94326809988e-11, 1.40816074079e-11, 1.12018562828e-11, 9.26597340523e-12, 6.03926500822e-12, 5.17606313713e-12, 2.38742684476e-12, 2.52806499693e-12, 2.13016540171e-12, 4.41940798193e-12, 1.47447384163e-11, 8.06835587924e-12, 8.22648047773e-13, 1.51693571983e-13, 8.37680416027e-14, 1.35227305699e-13, 2.29601981958e-13, 5.7112490735e-14, 1.47793425718e-14, 2.84322554141e-15, 1.52503221131e-15], "median": [0.00033066663309, 0.00126453768462, 0.000935140764341, 0.000376980606234, 0.000213441089727, 0.000294937810395, 0.000128182087792, 5.71411910641e-05, 2.37655840465e-05, 1.71517895069e-05, 7.4054387369e-06, 6.48033892503e-06, 5.17259468324e-06, 3.71782539332e-06, 2.15396016756e-06, 1.42256124036e-06, 1.60559625328e-06, 6.39324412077e-07, 3.88622197534e-07, 4.39760299287e-07, 2.68851465535e-07, 1.70566551105e-07, 1.35111235977e-07, 9.98512916794e-08, 7.47769703935e-08, 7.02990092805e-08, 6.8697694644e-08, 5.63666802122e-08, 5.06106800913e-08, 4.61369680238e-08, 3.65732759633e-08, 2.85340107098e-08, 2.21606715201e-08, 1.83138304521e-08, 1.55086432585e-08, 1.33099415933e-08, 1.13995977102e-08, 9.14892162029e-09, 7.30480742561e-09, 5.81978776282e-09], "max": [0.0615708902478, 0.0713501051068, 0.055239148438, 0.0545983053744, 0.025813639164, 0.0955243334174, 0.032360162586, 0.0179464127868, 0.0302379187196, 0.0038477985654, 0.0096966419369, 0.00594893656671, 0.003779029008, 0.00458778301254, 0.00268839625642, 0.00401551602408, 0.00093700987054, 0.000336606113706, 0.000406070030294, 0.00026301946491, 0.000131131717353, 0.000139343741466, 0.000129486565129, 8.1882768427e-05, 6.065337584e-05, 4.81874740217e-05, 3.37976416631e-05, 4.74098815175e-05, 5.16265572514e-05, 0.000169467617525, 6.86834973749e-05, 2.71075641649e-05, 9.28729332372e-06, 5.78038998356e-06, 9.56820895226e-06, 9.40893005463e-06, 7.7955364759e-06, 6.38952087684e-06, 1.39962821777e-06, 7.59297620334e-07], "dmean": [0.000735952402465, 0.00167774199508, 0.00101324368734, 0.000571561220568, 0.000290415511699, 0.00036731470027, 0.000187601879588, 7.75231746957e-05, 4.28288039984e-05, 3.01539294014e-05, 1.88569720194e-05, 1.42135068018e-05, 1.13684336611e-05, 9.69842767518e-06, 6.33546824247e-06, 5.72923954678e-06, 5.57768771614e-06, 1.58331602051e-06, 1.18722186926e-06, 1.17477270578e-06, 7.71299880853e-07, 6.03420119205e-07, 5.04828165049e-07, 3.7526314145e-07, 3.18445103176e-07, 2.68153968364e-07, 3.09999677484e-07, 2.82957557829e-07, 3.66504167459e-07, 5.29776571057e-07, 4.3612016043e-07, 1.58022032792e-07, 8.37468405734e-08, 6.5084357459e-08, 6.26482403732e-08, 6.78383926811e-08, 4.29806377156e-08, 2.94161726089e-08, 2.0788109012e-08, 1.70845666503e-08], "dmean2": [0.00124011863954, 0.00289967982098, 0.00175218866207, 0.000946098123677, 0.000488429446705, 0.000496631721035, 0.000255026185187, 0.000122074328829, 5.76784586883e-05, 4.51515443274e-05, 2.71974204225e-05, 2.17521974264e-05, 1.76708908839e-05, 1.51853646457e-05, 9.82413712336e-06, 8.09482844488e-06, 8.52508401294e-06, 2.55026748164e-06, 1.93580399355e-06, 1.87512910088e-06, 1.24257451262e-06, 9.72023030954e-07, 7.96878509846e-07, 5.85480222526e-07, 5.00133580772e-07, 4.23799690452e-07, 4.97256223753e-07, 4.66417588996e-07, 6.10910205978e-07, 8.51201036767e-07, 7.01501903677e-07, 2.53889083979e-07, 1.34694559506e-07, 1.04922250443e-07, 1.00255810764e-07, 1.10782224283e-07, 6.98583235703e-08, 4.7826507199e-08, 3.43954908999e-08, 2.84392367433e-08], "mean": [0.00114012160338, 0.00279048876837, 0.00218315189704, 0.00129441067111, 0.000550163909793, 0.00100650917739, 0.000503010698594, 0.000154919078341, 0.000127828912809, 7.94914958533e-05, 4.56462257716e-05, 2.75400470855e-05, 1.99923943001e-05, 1.61533844221e-05, 1.18124871733e-05, 1.12141242425e-05, 9.65966410149e-06, 2.57426268035e-06, 1.80577876563e-06, 1.83806798759e-06, 1.14593046874e-06, 7.71104453179e-07, 6.14758391748e-07, 4.80286189486e-07, 4.23204880917e-07, 3.73257734054e-07, 4.80951428017e-07, 4.04157731282e-07, 5.94243772412e-07, 1.00772217593e-06, 8.26560665246e-07, 2.64219977453e-07, 1.26502158082e-07, 1.02425140369e-07, 1.09026622397e-07, 1.25333400547e-07, 7.32326412844e-08, 4.08707379052e-08, 2.34945627398e-08, 1.80139636541e-08], "dvar2": [1.47821210703e-05, 2.63340025413e-05, 1.06187580968e-05, 4.11687960877e-06, 1.22536164326e-06, 3.39176676789e-06, 9.16343537938e-07, 8.92609008929e-08, 9.86071313491e-08, 1.6335093278e-08, 1.63947060372e-08, 1.16349756496e-08, 1.26784289733e-08, 9.22207110676e-09, 3.46229933612e-09, 2.77820944028e-09, 9.39889277518e-10, 1.18443740926e-10, 1.35182809391e-10, 6.2660390765e-11, 2.02667448795e-11, 2.97753280365e-11, 2.11538703221e-11, 7.300421552e-12, 5.41754141548e-12, 2.40321000947e-12, 2.75176647961e-12, 3.23948875537e-12, 5.30160420772e-12, 1.66656115991e-11, 8.51553202952e-12, 1.06528794033e-12, 1.76150381174e-13, 8.09838172e-14, 9.97697746901e-14, 1.7560464801e-13, 7.17720831768e-14, 3.15967548349e-14, 6.38202988043e-15, 3.50167253219e-15], "min": [1.31007361153e-23, 8.13543574084e-24, 2.00427941228e-23, 4.37486859471e-23, 1.87602435527e-23, 6.57821563647e-24, 1.19552059513e-23, 1.2683606979e-23, 4.43547733026e-24, 1.41732272258e-23, 1.38693658938e-23, 1.23428671885e-23, 1.05402553334e-23, 5.99796702548e-24, 1.5065534617e-23, 1.24131081523e-23, 1.00964011674e-23, 4.28710284918e-24, 5.29312887857e-24, 3.17649950174e-24, 7.48919536526e-24, 7.69811965398e-24, 1.31857390333e-23, 7.87008186499e-24, 6.39312835772e-24, 1.14101653858e-23, 1.71372963466e-23, 1.4348131888e-23, 1.30234032919e-23, 1.08745288311e-23, 6.4362151515e-24, 6.4297027103e-24, 1.04945085007e-23, 1.02825415755e-23, 1.1454395239e-23, 1.13247435827e-23, 1.15795614323e-23, 6.75518238106e-24, 9.63128404452e-24, 1.9706887683e-23]}, "spectral_decrease": {"dvar": 1.76910010962e-17, "var": 1.05574557123e-16, "median": -3.88797438688e-09, "max": 2.2401767108e-09, "dmean": 2.56953369693e-09, "dmean2": 4.24981916325e-09, "mean": -7.13069070457e-09, "dvar2": 4.59342261527e-17, "min": -1.22914485701e-07}, "barkbands_kurtosis": {"dvar": 161.514877319, "var": 534.68548584, "median": 13.5322675705, "max": 415.737426758, "dmean": 8.43959331512, "dmean2": 13.8162155151, "mean": 19.1288166046, "dvar2": 418.703735352, "min": -1.84776413441}, "silence_rate_30dB": {"dvar": 0.0181008633226, "var": 0.0465369150043, "median": 1, "max": 1, "dmean": 0.0184418968856, "dmean2": 0.0368881523609, "mean": 0.951063811779, "dvar2": 0.0414425656199, "min": 0}, "gfcc": {"mean": [-105.762214661, 127.230499268, -41.9205741882, -3.28605628014, -38.4079818726, -10.7609901428, -17.6235103607, -17.1133155823, -11.5335264206, -5.69151067734, -8.46946907043, -7.85696649551, -7.278632164], "cov": [[17777.5605469, 2138.4753418, -466.018432617, 131.36138916, -28.9059143066, -520.893432617, 70.4385986328, -640.842956543, -192.975448608, 118.088867188, 59.3806533813, -54.5271186829, 113.09601593], [2138.4753418, 1481.7890625, 240.75163269, -439.899719238, 139.920318604, -130.009536743, -73.9773101807, -31.9582653046, 33.1325302124, -93.0519638062, 80.2019882202, -136.600234985, 54.0991783142], [-466.018432617, 240.75163269, 347.529205322, -44.5922355652, -16.0002918243, 25.0927085876, -14.022146225, 37.4047317505, 6.7755022049, -9.34215927124, 30.0810070038, -9.71368217468, 23.6723060608], [131.36138916, -439.899719238, -44.5922355652, 377.001403809, 2.96089410782, 15.2655820847, 89.5119857788, -35.6086235046, -19.8263893127, 51.0197486877, -35.3987083435, 57.4848976135, -12.3023910522], [-28.9059143066, 139.920318604, -16.0002918243, 2.96089410782, 213.360031128, 48.6335678101, -2.69303774834, 4.01935386658, 6.9541182518, -15.6648635864, 42.2150344849, 14.680560112, 21.7638931274], [-520.893432617, -130.009536743, 25.0927085876, 15.2655820847, 48.6335678101, 144.640594482, 12.0690612793, 41.4562759399, -8.32795143127, 10.932343483, -2.51164221764, 10.1307649612, -5.15071344376], [70.4385986328, -73.9773101807, -14.022146225, 89.5119857788, -2.69303774834, 12.0690612793, 144.466308594, -33.9393005371, 11.4793233871, 15.7089948654, -24.7406082153, 4.55563211441, -2.92965769768], [-640.842956543, -31.9582653046, 37.4047317505, -35.6086235046, 4.01935386658, 41.4562759399, -33.9393005371, 190.423995972, 32.0700683594, -31.06615448, -6.17153644562, -14.8145627975, -10.8286161423], [-192.975448608, 33.1325302124, 6.7755022049, -19.8263893127, 6.9541182518, -8.32795143127, 11.4793233871, 32.0700683594, 74.7406005859, 20.4157981873, 0.370401352644, -3.14102840424, -3.26018762589], [118.088867188, -93.0519638062, -9.34215927124, 51.0197486877, -15.6648635864, 10.932343483, 15.7089948654, -31.06615448, 20.4157981873, 87.5291519165, 43.2023353577, 35.7959403992, 16.025604248], [59.3806533813, 80.2019882202, 30.0810070038, -35.3987083435, 42.2150344849, -2.51164221764, -24.7406082153, -6.17153644562, 0.370401352644, 43.2023353577, 126.665740967, 83.1816711426, 45.8027191162], [-54.5271186829, -136.600234985, -9.71368217468, 57.4848976135, 14.680560112, 10.1307649612, 4.55563211441, -14.8145627975, -3.14102840424, 35.7959403992, 83.1816711426, 132.434005737, 56.4403343201], [113.09601593, 54.0991783142, 23.6723060608, -12.3023910522, 21.7638931274, -5.15071344376, -2.92965769768, -10.8286161423, -3.26018762589, 16.025604248, 45.8027191162, 56.4403343201, 78.8506393433]], "icov": [[0.000149413725012, -0.000584182620514, 0.000462103897007, -0.000438521732576, 0.00028946515522, 1.32369268613e-05, 8.65379406605e-05, 6.12562098468e-06, 0.000614194839727, -0.000687593885232, 0.000524374016095, -0.000548166339286, 0.000157289236085], [-0.000584182620514, 0.00458358228207, -0.00300822150894, 0.0032815313898, -0.00259643490426, 0.00178088038228, -0.000918814330362, 0.000930226990022, -0.00324095482938, 0.00434659747407, -0.00465471297503, 0.00585340335965, -0.0024685531389], [0.000462103897007, -0.00300822150894, 0.00587594741955, -0.00348339183256, 0.00383676099591, -0.0032581530977, 0.000873714918271, 6.51952577755e-05, -8.17241161712e-05, 0.000840777007397, -0.00186137494165, 0.000425410427852, -0.0015343533596], [-0.000438521732576, 0.0032815313898, -0.00348339183256, 0.00935062766075, -0.00580984167755, 0.00509433122352, -0.0033859515097, -0.0018494859105, 0.00433052005246, -0.00657910481095, 0.00714054750279, -0.00499021913856, 0.00337910559028], [0.00028946515522, -0.00259643490426, 0.00383676099591, -0.00580984167755, 0.0112430062145, -0.00765889789909, 0.00166208425071, 0.00267284316942, -0.00565098365769, 0.00889479275793, -0.00915948394686, 0.00473562441766, -0.00397737789899], [1.32369268613e-05, 0.00178088038228, -0.0032581530977, 0.00509433122352, -0.00765889789909, 0.0147360702977, -0.00276265083812, -0.00468550203368, 0.00850137975067, -0.0106797227636, 0.00893192272633, -0.00564178312197, 0.00423458497971], [8.65379406605e-05, -0.000918814330362, 0.000873714918271, -0.0033859515097, 0.00166208425071, -0.00276265083812, 0.00963238347322, 0.00246943510137, -0.00379909551702, 0.00149265874643, 0.000534774386324, 0.000272542645689, -0.00119268638082], [6.12562098468e-06, 0.000930226990022, 6.51952577755e-05, -0.0018494859105, 0.00267284316942, -0.00468550203368, 0.00246943510137, 0.00959838088602, -0.00870904326439, 0.00987725518644, -0.0072046360001, 0.00567795010284, -0.00283577479422], [0.000614194839727, -0.00324095482938, -8.17241161712e-05, 0.00433052005246, -0.00565098365769, 0.00850137975067, -0.00379909551702, -0.00870904326439, 0.0292601622641, -0.0227098986506, 0.0174037143588, -0.0134089346975, 0.0081346174702], [-0.000687593885232, 0.00434659747407, 0.000840777007397, -0.00657910481095, 0.00889479275793, -0.0106797227636, 0.00149265874643, 0.00987725518644, -0.0227098986506, 0.0409832820296, -0.0297761466354, 0.0198643449694, -0.0112063856795], [0.000524374016095, -0.00465471297503, -0.00186137494165, 0.00714054750279, -0.00915948394686, 0.00893192272633, 0.000534774386324, -0.0072046360001, 0.0174037143588, -0.0297761466354, 0.042835123837, -0.0312326867133, 0.0105016380548], [-0.000548166339286, 0.00585340335965, 0.000425410427852, -0.00499021913856, 0.00473562441766, -0.00564178312197, 0.000272542645689, 0.00567795010284, -0.0134089346975, 0.0198643449694, -0.0312326867133, 0.0379706546664, -0.0186499599367], [0.000157289236085, -0.0024685531389, -0.0015343533596, 0.00337910559028, -0.00397737789899, 0.00423458497971, -0.00119268638082, -0.00283577479422, 0.0081346174702, -0.0112063856795, 0.0105016380548, -0.0186499599367, 0.0259419474751]]}, "silence_rate_20dB": {"dvar": 0.00188805011567, "var": 0.00282856542617, "median": 1, "max": 1, "dmean": 0.00189147656783, "dmean2": 0.00378340040334, "mean": 0.997163116932, "dvar2": 0.00471553532407, "min": 0}, "barkbands_skewness": {"dvar": 0.4999550879, "var": 2.87364554405, "median": 2.39838981628, "max": 15.5087213516, "dmean": 0.751402020454, "dmean2": 1.22187638283, "mean": 2.64197850227, "dvar2": 1.35413241386, "min": -3.63027906418}, "erbbands_skewness": {"dvar": 0.162635937333, "var": 1.03842663765, "median": 1.32052159309, "max": 6.1041097641, "dmean": 0.444538354874, "dmean2": 0.705133318901, "mean": 1.28831255436, "dvar2": 0.413479238749, "min": -2.42161893845}, "spectral_contrast_valleys": {"dvar": [0.106171004474, 0.0847679078579, 0.09217838943, 0.172092854977, 0.300780504942, 0.26993894577], "var": [2.49722099304, 2.12879371643, 1.84469640255, 1.77145028114, 1.74725985527, 1.29101669788], "median": [-7.09368228912, -6.73992443085, -7.84755802155, -8.72634410858, -8.96933269501, -11.4117183685], "max": [-5.09740877151, -4.29598045349, -5.15864372253, -6.20719146729, -6.22326898575, -8.92256259918], "dmean": [0.387761861086, 0.33546257019, 0.352370679379, 0.469755649567, 0.644153594971, 0.603696286678], "dmean2": [0.654892325401, 0.542249917984, 0.566785395145, 0.750184953213, 1.04470932484, 0.980291843414], "mean": [-7.35393476486, -6.98692512512, -8.03412151337, -8.90330600739, -9.14639854431, -11.5175523758], "dvar2": [0.273306757212, 0.197711765766, 0.212816789746, 0.423647373915, 0.760479092598, 0.672190546989], "min": [-27.3566169739, -27.4494113922, -26.8893947601, -27.3188209534, -27.2640037537, -27.3142776489]}, "spectral_strongpeak": {"dvar": 20.6787796021, "var": 13.1792583466, "median": 0.391021728516, "max": 91.1307067871, "dmean": 0.735974788666, "dmean2": 1.37060964108, "mean": 0.887785255909, "dvar2": 58.4068641663, "min": 0}, "erbbands_crest": {"dvar": 4.91039609909, "var": 22.726858139, "median": 11.2888183594, "max": 30.3095626831, "dmean": 2.56804037094, "dmean2": 4.06037569046, "mean": 12.1909646988, "dvar2": 12.022857666, "min": 2.26304650307}, "barkbands_crest": {"dvar": 5.13237380981, "var": 14.5374698639, "median": 10.919424057, "max": 26.1117229462, "dmean": 2.57700705528, "dmean2": 4.36177587509, "mean": 11.5383481979, "dvar2": 15.4461774826, "min": 3.34349703789}, "spectral_energyband_middle_low": {"dvar": 9.54809729592e-05, "var": 0.00103483581915, "median": 0.00790510512888, "max": 0.450046539307, "dmean": 0.00445333914831, "dmean2": 0.00682293344289, "mean": 0.0162752792239, "dvar2": 0.000187466983334, "min": 4.81638482946e-22}, "spectral_contrast_coeffs": {"dvar": [0.00163539033383, 0.00124409666751, 0.000783109804615, 0.000806219235528, 0.000837086699903, 0.000717310642358], "var": [0.00870171748102, 0.00635762372985, 0.00358971767128, 0.00287105352618, 0.00292236940004, 0.00520035251975], "median": [-0.611944913864, -0.728097200394, -0.810223937035, -0.845822930336, -0.891410529613, -0.850910305977], "max": [-0.265930265188, -0.312047511339, -0.53114014864, -0.567282140255, -0.677569508553, -0.53040677309], "dmean": [0.0504941903055, 0.0439589060843, 0.0348566807806, 0.0355463325977, 0.0343498103321, 0.02224493213], "dmean2": [0.0865406319499, 0.069889433682, 0.0571445040405, 0.0576519444585, 0.0564069785178, 0.0354873016477], "mean": [-0.61111921072, -0.726300656796, -0.803636550903, -0.84534996748, -0.884095072746, -0.818030655384], "dvar2": [0.00478355633095, 0.00313853845, 0.00208737864159, 0.00208390364423, 0.00212992634624, 0.0016691085184], "min": [-0.949117720127, -0.965511620045, -0.976918816566, -0.982576966286, -0.972370028496, -0.960152089596]}, "hfc": {"dvar": 717.390014648, "var": 3753.10717773, "median": 38.9402618408, "max": 616.594665527, "dmean": 16.4301395416, "dmean2": 26.8453235626, "mean": 58.3856468201, "dvar2": 1712.00390625, "min": 1.16862846097e-16}, "spectral_energyband_high": {"dvar": 1.63793121288e-08, "var": 5.3711936232e-08, "median": 1.45334724948e-05, "max": 0.0046668862924, "dmean": 4.04233724112e-05, "dmean2": 6.31197035545e-05, "mean": 9.02525935089e-05, "dvar2": 3.67629056086e-08, "min": 7.98043175476e-21}, "erbbands_spread": {"dvar": 40.0695648193, "var": 244.827163696, "median": 16.9833869934, "max": 124.546195984, "dmean": 5.28563594818, "dmean2": 8.27442169189, "mean": 21.6151218414, "dvar2": 93.1360321045, "min": 1.32425057888}, "dissonance": {"dvar": 0.00117477215827, "var": 0.00290453224443, "median": 0.428558170795, "max": 0.500000119209, "dmean": 0.0381664335728, "dmean2": 0.0641476437449, "mean": 0.417939066887, "dvar2": 0.0032295868732, "min": 0.170061051846}, "spectral_kurtosis": {"dvar": 236.737564087, "var": 391.145629883, "median": 17.3997764587, "max": 164.658126831, "dmean": 11.7146749496, "dmean2": 19.2926464081, "mean": 23.7405738831, "dvar2": 636.208679199, "min": -1.21350514889}, "spectral_skewness": {"dvar": 0.904011368752, "var": 2.32815027237, "median": 3.38596010208, "max": 10.8819189072, "dmean": 0.884285926819, "dmean2": 1.42815220356, "mean": 3.6341176033, "dvar2": 2.40807080269, "min": -0.0356427840889}, "pitch_salience": {"dvar": 0.00455609243363, "var": 0.0157953426242, "median": 0.552168905735, "max": 0.839056134224, "dmean": 0.0767472758889, "dmean2": 0.130681470037, "mean": 0.537680923939, "dvar2": 0.013324001804, "min": 0.104672342539}, "spectral_complexity": {"dvar": 2.06929183006, "var": 15.2345676422, "median": 7, "max": 36, "dmean": 1.4363399744, "dmean2": 2.4227950573, "mean": 7.72009468079, "dvar2": 5.02631950378, "min": 0}, "spectral_spread": {"dvar": 509876338688, "var": 2288099000320.0, "median": 3661204.5, "max": 40354572, "dmean": 737287.375, "dmean2": 1185047.25, "mean": 3760924.5, "dvar2": 1150172659710.0, "min": 874586.3125}, "dynamic_complexity": 4.77827358246, "melbands_crest": {"dvar": 9.07356548309, "var": 27.3404598236, "median": 16.4508037567, "max": 37.5405311584, "dmean": 3.38953876495, "dmean2": 5.68585968018, "mean": 16.8243160248, "dvar2": 26.3605365753, "min": 2.88938140869}, "zerocrossingrate": {"dvar": 0.000785493699368, "var": 0.00878112297505, "median": 0.18212890625, "max": 0.68310546875, "dmean": 0.031990878284, "dmean2": 0.042240716517, "mean": 0.196803539991, "dvar2": 0.00132717203815, "min": 0.017578125}, "spectral_energyband_low": {"dvar": 0.000175212393515, "var": 0.000457279122202, "median": 0.00766160199419, "max": 0.241676539183, "dmean": 0.00764889502898, "dmean2": 0.0131936753169, "mean": 0.0146737610921, "dvar2": 0.000522437505424, "min": 5.87948571843e-23}, "melbands_kurtosis": {"dvar": 300.279907227, "var": 1135.19104004, "median": 11.2401752472, "max": 572.332763672, "dmean": 9.53779125214, "dmean2": 15.4538440704, "mean": 20.8415431976, "dvar2": 729.614379883, "min": -1.73332285881}, "spectral_energyband_middle_high": {"dvar": 1.1901910284e-06, "var": 5.39695565749e-06, "median": 0.000222216665861, "max": 0.0549870207906, "dmean": 0.00027946656337, "dmean2": 0.000412720575696, "mean": 0.000739401672035, "dvar2": 2.43580143433e-06, "min": 1.46747858729e-21}, "barkbands_spread": {"dvar": 16.4363594055, "var": 107.754829407, "median": 4.64388799667, "max": 123.982810974, "dmean": 2.00727534294, "dmean2": 3.26045489311, "mean": 6.65955114365, "dvar2": 41.0356903076, "min": 0.271875679493}, "mfcc": {"mean": [-776.106079102, 186.046020508, 41.3385314941, 23.4639320374, 0.771983206272, 10.1043386459, -1.90181255341, -4.67214345932, -2.43573975563, -2.09902620316, -3.76116728783, 2.31516551971, -2.18492698669], "cov": [[9270.859375, 873.577697754, -320.258972168, 512.43572998, -389.619293213, 407.81842041, -100.04675293, -233.837753296, -127.43031311, -35.5167732239, -250.841384888, 156.033584595, -57.3265113831], [873.577697754, 1856.13500977, 233.318908691, -194.986114502, 149.880386353, -109.018516541, -38.1285247803, -32.3161201477, -37.0586471558, -34.2760925293, 53.3106231689, -43.0514945984, 47.407409668], [-320.258972168, 233.318908691, 360.941009521, 2.3964164257, -20.4490280151, -24.6568126678, -1.89125049114, -6.50238037109, 7.40887641907, 13.7434101105, 3.2262442112, 1.80354607105, 2.12987947464], [512.43572998, -194.986114502, 2.3964164257, 271.546936035, -52.1317405701, 92.6123657227, 16.332906723, -6.97130823135, 11.2805805206, -4.33431768417, -43.8895988464, 35.5793457031, -7.87686491013], [-389.619293213, 149.880386353, -20.4490280151, -52.1317405701, 213.908981323, -36.2736854553, 25.2388782501, 46.5204544067, -2.96335077286, -22.8020343781, 51.7953491211, -28.8640918732, 37.0551147461], [407.81842041, -109.018516541, -24.6568126678, 92.6123657227, -36.2736854553, 210.903701782, 46.7708511353, -37.5254936218, 0.243507951498, -10.9730882645, -55.1571655273, 49.662437439, 5.95607805252], [-100.04675293, -38.1285247803, -1.89125049114, 16.332906723, 25.2388782501, 46.7708511353, 91.8398284912, 28.9458885193, 4.71065330505, -12.2517843246, -1.17509496212, 4.78165054321, 18.771938324], [-233.837753296, -32.3161201477, -6.50238037109, -6.97130823135, 46.5204544067, -37.5254936218, 28.9458885193, 105.190299988, 35.4486122131, -0.00852072518319, 25.5125007629, -15.1325235367, 3.85199904442], [-127.43031311, -37.0586471558, 7.40887641907, 11.2805805206, -2.96335077286, 0.243507951498, 4.71065330505, 35.4486122131, 89.5644989014, 40.2170219421, 5.1685667038, -7.75029277802, -18.542427063], [-35.5167732239, -34.2760925293, 13.7434101105, -4.33431768417