{"tonal": {"hpcp": {"dvar": [0.0414299704134, 0.041700899601, 0.0364745371044, 0.048721473664, 0.0562513656914, 0.0597194768488, 0.0475499033928, 0.037055645138, 0.0343953073025, 0.0308336932212, 0.0317879840732, 0.0241412278265, 0.0225064139813, 0.0226871799678, 0.0245802868158, 0.0267962384969, 0.0351672694087, 0.0427381657064, 0.0551990158856, 0.0577875226736, 0.0576589107513, 0.0577541515231, 0.0433419533074, 0.0449649095535, 0.0971062853932, 0.0394951067865, 0.0308384783566, 0.0198428649455, 0.018467746675, 0.0280759800225, 0.0400206446648, 0.0386563763022, 0.0360029526055, 0.0355297774076, 0.0425735376775, 0.0403024256229], "var": [0.0365058965981, 0.04044245556, 0.0318800099194, 0.0448042303324, 0.0823243334889, 0.0966603681445, 0.0557385608554, 0.0343076772988, 0.0278622098267, 0.0281353425235, 0.0289521049708, 0.0205364860594, 0.0187609773129, 0.0210332293063, 0.0240102987736, 0.0276605281979, 0.0380720421672, 0.0422522127628, 0.0728154107928, 0.114426672459, 0.107007220387, 0.07585798949, 0.0411696285009, 0.0544675663114, 0.140085995197, 0.0534235984087, 0.0357127785683, 0.0178965125233, 0.01420101244, 0.0231113750488, 0.0358504615724, 0.0391277335584, 0.0431328192353, 0.0470970012248, 0.0479558594525, 0.0373526029289], "median": [0.0548213124275, 0.0531515777111, 0.0458592250943, 0.0568472407758, 0.10932546854, 0.139744535089, 0.0960874930024, 0.0485408231616, 0.0454597994685, 0.0528170242906, 0.0538143254817, 0.0474917441607, 0.0459248200059, 0.0538218170404, 0.0576735436916, 0.0625819563866, 0.0629770681262, 0.0720948576927, 0.138096868992, 0.242579296231, 0.23363301158, 0.110986113548, 0.0543988309801, 0.168550699949, 0.250769257545, 0.201671093702, 0.0534119978547, 0.0411994978786, 0.0283901877701, 0.0318258851767, 0.0499653108418, 0.0674915611744, 0.0751447826624, 0.0756810754538, 0.0615655258298, 0.0493669696152], "max": [1, 1, 1, 1, 1, 1, 1, 1, 1, 1, 1, 1, 1, 1, 1, 1, 1, 1, 1, 1, 1, 1, 1, 1, 1, 1, 1, 1, 1, 1, 1, 1, 1, 1, 1, 1], "dmean": [0.123691476882, 0.12352642417, 0.115546345711, 0.146692037582, 0.191726118326, 0.203947126865, 0.167649671435, 0.123893305659, 0.108528517187, 0.110816806555, 0.107277341187, 0.0936881750822, 0.0874947309494, 0.0926108881831, 0.0953400433064, 0.104714892805, 0.122960351408, 0.147213384509, 0.204099416733, 0.222793057561, 0.221457466483, 0.200687676668, 0.145258381963, 0.197867199779, 0.296349138021, 0.187496095896, 0.108436979353, 0.0802622959018, 0.0684437453747, 0.0889578461647, 0.122074097395, 0.132361128926, 0.130369395018, 0.132768422365, 0.131173163652, 0.122052848339], "dmean2": [0.221234112978, 0.2177965343, 0.206684112549, 0.260578066111, 0.33466565609, 0.352959632874, 0.293120443821, 0.222797036171, 0.1960349828, 0.197232842445, 0.191229686141, 0.167444095016, 0.154965817928, 0.163728609681, 0.167044013739, 0.185529723763, 0.21816636622, 0.260657966137, 0.356584757566, 0.381242841482, 0.378807067871, 0.351300776005, 0.25899720192, 0.34614533186, 0.525699019432, 0.326932221651, 0.189169168472, 0.141686037183, 0.12313208729, 0.159018233418, 0.216922149062, 0.234667152166, 0.229243919253, 0.230294749141, 0.231899052858, 0.21896879375], "mean": [0.12466917932, 0.126485913992, 0.112296439707, 0.140944123268, 0.247405335307, 0.284675091505, 0.194597154856, 0.118660360575, 0.102274641395, 0.112329438329, 0.11293669045, 0.0966131538153, 0.0900430753827, 0.100848816335, 0.109516315162, 0.120009846985, 0.133757933974, 0.151324227452, 0.252197861671, 0.373492240906, 0.355514258146, 0.234205365181, 0.135846272111, 0.252886176109, 0.397293329239, 0.271603703499, 0.127126723528, 0.0853419676423, 0.0650623589754, 0.0821012631059, 0.117395266891, 0.142000287771, 0.154577240348, 0.162014514208, 0.14458052814, 0.121554262936], "dvar2": [0.112678289413, 0.114055849612, 0.099566526711, 0.133482262492, 0.153819292784, 0.158082336187, 0.128745943308, 0.102987006307, 0.0968111380935, 0.0882158204913, 0.09181522578, 0.0700766444206, 0.0648358166218, 0.0636401176453, 0.0668238326907, 0.0745253264904, 0.0965427830815, 0.115428872406, 0.150628000498, 0.152076005936, 0.152910560369, 0.153337612748, 0.122400939465, 0.123751580715, 0.248378753662, 0.104470685124, 0.0840585678816, 0.0552054792643, 0.0536499917507, 0.0776045024395, 0.109552897513, 0.106252886355, 0.101221635938, 0.0966470092535, 0.117184385657, 0.110028274357], "min": [0, 0, 0, 0, 0, 0, 0, 0, 0, 0, 0, 0, 0, 0, 0, 0, 0, 0, 0, 0, 0, 0, 0, 0, 0, 0, 0, 0, 0, 0, 0, 0, 0, 0, 0, 0]}, "key_key": "D#", "thpcp": [1, 0.683635175228, 0.319982022047, 0.21480846405, 0.163764029741, 0.206651508808, 0.295487642288, 0.357419252396, 0.38907584548, 0.407795697451, 0.363913804293, 0.305955976248, 0.313796311617, 0.318369090557, 0.282653719187, 0.354760855436, 0.622727155685, 0.716536283493, 0.489807248116, 0.298671931028, 0.257428526878, 0.282736778259, 0.284265249968, 0.243178397417, 0.22664129734, 0.253839701414, 0.275656074286, 0.30206862092, 0.336672991514, 0.380887925625, 0.634790062904, 0.940091907978, 0.894840717316, 0.589502394199, 0.341929405928, 0.636522591114], "chords_key": "D#", "tuning_equal_tempered_deviation": 0.215277284384, "tuning_frequency": 434.193115234, "tuning_diatonic_strength": 0.591008603573, "chords_histogram": [34.3003425598, 5.76791810989, 10.3412971497, 9.01023864746, 0.98976111412, 0, 1.46757674217, 0, 0.341296941042, 0, 0, 0, 0.0682593882084, 0.955631375313, 0, 6.34812307358, 0.170648470521, 2.62798643112, 0, 1.02389073372, 3.10580205917, 2.76450514793, 13.34471035, 7.37201356888], "key_strength": 0.596141338348, "key_scale": "major", "chords_strength": {"dvar": 0.000700143224094, "var": 0.0113267255947, "median": 0.452636897564, "max": 0.785995602608, "dmean": 0.0121640022844, "dmean2": 0.0146099869162, "mean": 0.455784678459, "dvar2": 0.00137080647983, "min": -1}, "chords_number_rate": 0.00409556319937, "tuning_nontempered_energy_ratio": 0.863014936447, "hpcp_entropy": {"dvar": 0.319898247719, "var": 0.702305555344, "median": 2.68524742126, "max": 4.60392332077, "dmean": 0.708288908005, "dmean2": 1.20440196991, "mean": 2.62051749229, "dvar2": 0.861207306385, "min": 0}, "chords_changes_rate": 0.0699658691883, "chords_scale": "major"}, "rhythm": {"bpm_histogram_first_peak_spread": {"dvar": 0, "var": 0, "median": 0.504999995232, "max": 0.504999995232, "dmean": 0, "dmean2": 0, "mean": 0.504999995232, "dvar2": 0, "min": 0.504999995232}, "bpm_histogram_first_peak_weight": {"dvar": 0, "var": 0, "median": 0.414225935936, "max": 0.414225935936, "dmean": 0, "dmean2": 0, "mean": 0.414225935936, "dvar2": 0, "min": 0.414225935936}, "bpm_histogram_first_peak_bpm": {"dvar": 0, "var": 0, "median": 103, "max": 103, "dmean": 0, "dmean2": 0, "mean": 103, "dvar2": 0, "min": 103}, "bpm": 103.254638672, "bpm_histogram_second_peak_weight": {"dvar": 0, "var": 0, "median": 0.0543933063745, "max": 0.0543933063745, "dmean": 0, "dmean2": 0, "mean": 0.0543933063745, "dvar2": 0, "min": 0.0543933063745}, "beats_loudness": {"dvar": 0.000397506431909, "var": 0.000813343678601, "median": 0.0666230097413, "max": 0.14183293283, "dmean": 0.0239963736385, "dmean2": 0.0428387597203, "mean": 0.0675463527441, "dvar2": 0.00119843054563, "min": 0}, "beats_loudness_band_ratio": {"dvar": [0.0173861961812, 0.00685137324035, 0.00754570495337, 0.00310369208455, 0.000486030214233, 0.00466471724212], "var": [0.0394848808646, 0.0092397974804, 0.00713196070865, 0.00685869762674, 0.000874608347658, 0.0091818254441], "median": [0.467472732067, 0.0793694853783, 0.06234510988, 0.0739262402058, 0.0385908186436, 0.211472719908], "max": [0.885736405849, 0.574977517128, 0.476648032665, 0.573649823666, 0.19593206048, 0.61930668354], "dmean": [0.167318627238, 0.0798297002912, 0.0713963210583, 0.0554992333055, 0.0240707732737, 0.087007522583], "dmean2": [0.290874987841, 0.138480722904, 0.132295399904, 0.0941089987755, 0.0435189045966, 0.150703921914], "mean": [0.45311498642, 0.106768965721, 0.0831179395318, 0.0962148457766, 0.0443019159138, 0.223620206118], "dvar2": [0.0519458390772, 0.018648294732, 0.0230170506984, 0.00779994390905, 0.00148223666474, 0.0128880757838], "min": [0, 0, 0, 0, 0, 0]}, "bpm_histogram_second_peak_bpm": {"dvar": 0, "var": 0, "median": 144, "max": 144, "dmean": 0, "dmean2": 0, "mean": 144, "dvar2": 0, "min": 144}, "onset_rate": 1.0879625082, "beats_count": 240, "beats_position": [0.592108845711, 1.19582760334, 1.79954648018, 2.41487526894, 3.01859402657, 3.62231278419, 4.20281171799, 4.78331041336, 5.3754196167, 5.9675283432, 6.5596370697, 7.1517457962, 7.73224496841, 8.31274318695, 8.893242836, 9.47374153137, 10.0542402267, 10.6463489532, 11.2268476486, 11.8189563751, 12.4110651016, 13.0031747818, 13.5952835083, 14.1873922348, 14.7678909302, 15.3483896255, 15.9288883209, 16.50938797, 17.0898857117, 17.6703853607, 18.2508831024, 18.8313827515, 19.4234924316, 20.0039901733, 20.5960998535, 21.1882076263, 21.7803173065, 22.3608150482, 22.9529247284, 23.5450344086, 24.1255321503, 24.7060317993, 25.286529541, 25.8670291901, 26.4475269318, 27.0396366119, 27.6317462921, 28.2122440338, 28.804353714, 29.3848514557, 29.9653511047, 30.5458488464, 31.1379585266, 31.7416782379, 32.3337860107, 32.9258956909, 33.5063934326, 34.0868911743, 34.6673927307, 35.2478904724, 35.8167800903, 36.397277832, 36.9893875122, 37.5698852539, 38.1619949341, 38.7424926758, 39.334602356, 39.9151000977, 40.4956016541, 41.0760993958, 41.6565971375, 42.2603149414, 42.8408164978, 43.432926178, 44.0250320435, 44.6055335999, 45.1860313416, 45.7665290833, 46.347026825, 46.9275283813, 47.5196380615, 48.111743927, 48.7038536072, 49.2959632874, 49.8880729675, 50.480178833, 51.0490684509, 51.6179580688, 52.1984558105, 52.7789573669, 53.3594551086, 53.9167327881, 54.485622406, 55.0545120239, 55.6234016418, 56.1922874451, 56.761177063, 57.3300666809, 57.9105644226, 58.4794540405, 59.0483436584, 59.6172332764, 60.1861228943, 60.7550086975, 61.3238983154, 61.9043960571, 62.4848976135, 63.0653953552, 63.6458930969, 64.2147827148, 64.772064209, 65.3409500122, 65.9098434448, 66.478729248, 67.0476150513, 67.6165084839, 68.1970062256, 68.7775039673, 69.358001709, 69.9384994507, 70.5189971924, 71.0995025635, 71.6800003052, 72.2721099854, 72.8642196655, 73.4447174072, 74.0252151489, 74.6173248291, 75.2094345093, 75.789932251, 76.3820419312, 76.9741516113, 77.554649353, 78.1351470947, 78.7156448364, 79.3077545166, 79.8998641968, 80.491973877, 81.0724716187, 81.6645812988, 82.256690979, 82.8487930298, 83.4525146484, 84.0562362671, 84.6715621948, 85.2868881226, 85.8906097412, 86.4711074829, 87.0516052246, 87.6321105957, 88.2242126465, 88.8163223267, 89.3968200684, 89.9773254395, 90.5694351196, 91.1615371704, 91.7420425415, 92.3225402832, 92.9030380249, 93.4951477051, 94.0756454468, 94.667755127, 95.2598648071, 95.8519744873, 96.432472229, 97.0129699707, 97.5934677124, 98.1739654541, 98.7660751343, 99.346572876, 99.9270706177, 100.49596405, 101.064849854, 101.633743286, 102.214241028, 102.771514893, 103.340408325, 103.909294128, 104.48979187, 105.070289612, 105.650794983, 106.231292725, 106.811790466, 107.36907196, 107.926345825, 108.483627319, 109.040908813, 109.621406555, 110.190292358, 110.7707901, 111.339683533, 111.920181274, 112.500679016, 113.05796051, 113.626846313, 114.195732117, 114.776237488, 115.356735229, 115.937232971, 116.506118774, 117.075012207, 117.632286072, 118.189567566, 118.770065308, 119.350563049, 119.931060791, 120.499954224, 121.068840027, 121.637733459, 122.206619263, 122.775505066, 123.344398499, 123.92489624, 124.505393982, 124.94657135, 125.387756348, 125.828933716, 126.270111084, 126.664848328, 127.059593201, 127.454330444, 127.872291565, 128.290252686, 128.708206177, 129.126159668, 129.544128418, 129.962081909, 130.3800354, 130.79800415, 131.215957642, 131.633926392, 132.051879883, 132.458221436, 132.864578247, 133.282531738, 133.68888855, 134.095230103, 134.513198853, 134.919540405, 135.325897217], "danceability": 0.945416212082, "bpm_histogram_second_peak_spread": {"dvar": 0, "var": 0, "median": 0.315789490938, "max": 0.315789490938, "dmean": 0, "dmean2": 0, "mean": 0.315789490938, "dvar2": 0, "min": 0.315789490938}}, "lowlevel": {"spectral_flux": {"dvar": 0.000750910490751, "var": 0.00243903091177, "median": 0.134797900915, "max": 0.338339745998, "dmean": 0.0274501722306, "dmean2": 0.0441133640707, "mean": 0.133554071188, "dvar2": 0.00190279551316, "min": 6.38805189301e-11}, "spectral_rolloff": {"dvar": 51382752, "var": 53326936, "median": 21016.40625, "max": 22006.9335938, "dmean": 4139.32275391, "dmean2": 7860.85791016, "mean": 17754.7050781, "dvar2": 118954288, "min": 64.599609375}, "barkbands_flatness_db": {"dvar": 0.000322026491631, "var": 0.00617475667968, "median": 0.109058834612, "max": 0.578314602375, "dmean": 0.0203574709594, "dmean2": 0.0323158204556, "mean": 0.127701297402, "dvar2": 0.000803360133432, "min": 0.0317787565291}, "spectral_centroid": {"dvar": 57739.140625, "var": 933519.375, "median": 1136.66455078, "max": 11723.7167969, "dmean": 195.654174805, "dmean2": 298.109649658, "mean": 1257.71435547, "dvar2": 102713.507812, "min": 87.9809646606}, "melbands_skewness": {"dvar": 0.365551441908, "var": 3.73723483086, "median": 2.03388786316, "max": 24.6784591675, "dmean": 0.657089114189, "dmean2": 1.05439078808, "mean": 2.45344805717, "dvar2": 0.951238691807, "min": -1.132573843}, "melbands": {"dvar": [1.57983831741e-05, 4.30564341514e-06, 1.83784663932e-06, 8.95714890703e-07, 6.98177927916e-07, 5.76021648158e-07, 2.69794384167e-07, 1.13484396991e-07, 1.77802007784e-07, 4.67606291465e-08, 9.03412100683e-08, 9.42124245285e-08, 1.11958165405e-07, 2.34455121984e-08, 7.89493981301e-09, 2.58008836518e-09, 3.79118647587e-09, 2.94411162116e-09, 1.12735221158e-09, 6.00308636134e-10, 3.69077268747e-10, 2.44976594566e-10, 1.09425829509e-10, 1.0661029004e-10, 9.83343614869e-11, 7.03234137589e-11, 1.06266793976e-10, 9.78303965615e-11, 1.19849061231e-10, 7.08322012155e-11, 8.47448586999e-12, 2.25839876314e-12, 1.53569431477e-12, 7.60777833959e-13, 5.15132749825e-13, 2.33866121998e-13, 4.96117869822e-14, 1.40948933636e-14, 3.62528576766e-15, 1.38527706897e-15], "var": [1.91038689081e-05, 6.65866809868e-06, 3.34962305715e-06, 1.80511233339e-06, 1.3321247252e-06, 1.27503574276e-06, 7.27454107619e-07, 2.36280342847e-07, 3.72727015474e-07, 9.22565419614e-08, 1.56608209068e-07, 1.6178753981e-07, 1.38362494795e-07, 4.509471907e-08, 1.66829963177e-08, 4.94562657494e-09, 6.68546817906e-09, 5.2255693106e-09, 2.069003191e-09, 9.02013130855e-10, 5.86667159297e-10, 4.13830775203e-10, 1.74946709897e-10, 2.22482907097e-10, 1.7327139723e-10, 1.69062278066e-10, 2.37318886764e-10, 2.26426655203e-10, 2.42135311801e-10, 1.53644319489e-10, 2.02229968882e-11, 5.67027848286e-12, 3.3622215255e-12, 1.54589448881e-12, 8.10121826393e-13, 3.30801033267e-13, 5.98694881106e-14, 1.70328347645e-14, 4.42743316849e-15, 1.6047940217e-15], "median": [0.00233202334493, 0.00226190011017, 0.000860954576638, 0.000362369435607, 0.000344280764693, 0.000359292636858, 0.000160277762916, 0.000108685788291, 0.000140796168125, 0.000104944265331, 9.08691436052e-05, 0.000116218645417, 0.000113228066766, 0.00016128984862, 0.000113863337901, 6.62576494506e-05, 8.26915202197e-05, 8.63969908096e-05, 4.82901050418e-05, 3.29872382281e-05, 2.76285099972e-05, 2.18689565372e-05, 1.09300235636e-05, 8.4161911218e-06, 6.20163655185e-06, 5.32713329449e-06, 4.78221954836e-06, 4.79426989841e-06, 4.00359931518e-06, 3.33132265951e-06, 2.16443572754e-06, 1.48785329657e-06, 1.05027174868e-06, 6.73916986216e-07, 3.806286486e-07, 2.22458581334e-07, 6.66978294817e-08, 2.15567599327e-08, 1.60405537741e-08, 1.20294547656e-08], "max": [0.0348796285689, 0.0288101192564, 0.0273873526603, 0.0225061196834, 0.0163124315441, 0.0121565880254, 0.0131897125393, 0.00901018735021, 0.00813672598451, 0.00335576757789, 0.0101107126102, 0.00927570648491, 0.019691657275, 0.00321797118522, 0.00203933310695, 0.0011240724707, 0.00125399045646, 0.00083166040713, 0.000669596483931, 0.00056209997274, 0.000314827979309, 0.000250663491897, 0.000214889267227, 0.000216484157136, 0.000224062503548, 0.00025049544638, 0.000297844700981, 0.000226886564633, 0.000286824302748, 0.000203668372706, 7.11881293682e-05, 2.97919377772e-05, 3.02002190438e-05, 1.74474043888e-05, 2.50693956332e-05, 1.9121393052e-05, 5.84747795074e-06, 2.5401284347e-06, 1.16202443223e-06, 6.9822289106e-07], "dmean": [0.002693553688, 0.001785175642, 0.000899313308764, 0.000508612778503, 0.000485773693072, 0.000427643797593, 0.000239452841925, 0.000155202491442, 0.000217061271542, 0.000123264602735, 0.000128599727759, 0.000142474775203, 0.000113843103463, 0.000119841140986, 7.62658455642e-05, 4.31960033893e-05, 5.21805050084e-05, 5.02332186443e-05, 2.94445671898e-05, 2.03117106139e-05, 1.64994798979e-05, 1.31689548653e-05, 7.3190153671e-06, 6.92785124556e-06, 5.40373912372e-06, 4.38144024884e-06, 4.36551317762e-06, 4.16236753153e-06, 3.90183186028e-06, 3.26189683619e-06, 1.65844892308e-06, 9.69011125562e-07, 7.28313636955e-07, 5.0884329994e-07, 3.29475170702e-07, 2.23570282287e-07, 1.05132009764e-07, 6.06258225844e-08, 3.73183830504e-08, 2.50270435487e-08], "dmean2": [0.004344843328, 0.00303868483752, 0.00150780065451, 0.000803651753813, 0.000779968802817, 0.000669503177051, 0.000378987606382, 0.000248009979259, 0.000351335038431, 0.000199990390684, 0.000210397003684, 0.000235811356106, 0.000190436607227, 0.000203666990274, 0.000129561696667, 7.2705988714e-05, 8.82457825355e-05, 8.57042250573e-05, 5.03807459609e-05, 3.48694884451e-05, 2.81867614831e-05, 2.23185707e-05, 1.24418102132e-05, 1.14530457722e-05, 8.85440294951e-06, 6.86221574142e-06, 6.75133969708e-06, 6.43995508653e-06, 5.94023640588e-06, 4.94176856591e-06, 2.56241946772e-06, 1.50557900724e-06, 1.13456076178e-06, 7.96771814748e-07, 5.12819781306e-07, 3.47218787056e-07, 1.70038859437e-07, 1.01259821861e-07, 6.22155340579e-08, 4.16606802389e-08], "mean": [0.00381805351935, 0.00294496910647, 0.00142443587538, 0.000794464314822, 0.000757759495173, 0.000758805137593, 0.000423035904532, 0.00024408767058, 0.000368172448361, 0.000208998724702, 0.000195651678951, 0.000221403170144, 0.000184838936548, 0.000215019128518, 0.00014494950301, 8.19045235403e-05, 9.94259389699e-05, 9.99616386252e-05, 5.82014581596e-05, 3.9229667891e-05, 3.28086098307e-05, 2.62473440671e-05, 1.41351029015e-05, 1.26073819047e-05, 9.48985416471e-06, 8.55544021761e-06, 8.43358793645e-06, 8.38123742142e-06, 7.65590175433e-06, 6.23687992629e-06, 3.3579005958e-06, 2.11118799598e-06, 1.55343286679e-06, 1.03572699572e-06, 6.19180582362e-07, 3.82104104801e-07, 1.40753343203e-07, 6.51651248518e-08, 4.0497813103e-08, 2.65514330522e-08], "dvar2": [3.99708260375e-05, 1.17328754641e-05, 4.77417552247e-06, 1.96340920411e-06, 1.67484836311e-06, 1.34831384457e-06, 6.05088075645e-07, 2.6757780347e-07, 4.28334402613e-07, 1.14733154533e-07, 2.03885903716e-07, 2.54388623944e-07, 2.92332856588e-07, 6.24048155373e-08, 2.02212220302e-08, 7.04093316983e-09, 9.78476411007e-09, 7.97368127081e-09, 2.97233904156e-09, 1.64751257081e-09, 1.00087360622e-09, 6.5446070785e-10, 2.83893131225e-10, 2.51087123315e-10, 2.31188332367e-10, 1.46670411927e-10, 2.13773068691e-10, 1.93454974262e-10, 2.52637050169e-10, 1.44991990636e-10, 1.79443699483e-11, 5.11062329608e-12, 3.50261204589e-12, 1.73762035576e-12, 1.1184574317e-12, 5.56028096829e-13, 1.21478388872e-13, 3.56628450187e-14, 9.14404338516e-15, 3.36979521978e-15], "min": [8.47658258361e-25, 8.20552849746e-25, 1.83306050546e-24, 1.12701066819e-24, 8.79013704407e-25, 1.08422945941e-24, 2.07745888301e-24, 2.06193981964e-24, 2.33898855841e-24, 2.23705116338e-24, 2.43007793271e-24, 3.65674342691e-24, 2.49021477167e-24, 3.22751198103e-24, 2.18316249722e-24, 2.82516984519e-24, 3.58877793233e-24, 3.63182686079e-24, 4.32754932551e-24, 3.44369615666e-24, 3.64039980667e-24, 4.45251988125e-24, 5.2230626474e-24, 4.38980977802e-24, 4.96831776742e-24, 4.87626874384e-24, 4.87711953032e-24, 6.19469000258e-24, 4.76207087262e-24, 5.73810125494e-24, 5.13439468165e-24, 7.05113853801e-24, 5.8552928533e-24, 6.26274937161e-24, 6.33953669769e-24, 5.62281751669e-24, 5.48389713912e-24, 5.85412612802e-24, 6.87647921157e-24, 7.64035215875e-24]}, "spectral_decrease": {"dvar": 1.93093452231e-17, "var": 3.67719964937e-17, "median": -7.19079684686e-09, "max": 1.25741497214e-08, "dmean": 4.23881862943e-09, "dmean2": 6.62367316551e-09, "mean": -8.31353208497e-09, "dvar2": 4.72998086998e-17, "min": -4.11287928159e-08}, "barkbands_kurtosis": {"dvar": 215.049499512, "var": 6096.62988281, "median": 2.70089364052, "max": 780.164611816, "dmean": 4.50573635101, "dmean2": 6.71773052216, "mean": 19.8998394012, "dvar2": 444.819122314, "min": -1.68077278137}, "silence_rate_30dB": {"dvar": 0.0427248217165, "var": 0.0321744307876, "median": 1, "max": 1, "dmean": 0.0447251610458, "dmean2": 0.0894655957818, "mean": 0.966717898846, "dvar2": 0.110486604273, "min": 0}, "gfcc": {"mean": [21.0119056702, 95.5971679688, -98.1773376465, -1.10374522209, -3.7821996212, -15.1161384583, 9.59429359436, -27.4326725006, 4.11216211319, -7.61848688126, -3.35261583328, -2.37916088104, -4.76341819763], "cov": [[23302.9316406, 883.242492676, -2958.71020508, -400.617279053, -1000.59759521, -1332.32678223, 39.1960296631, -799.584655762, 40.3195648193, -180.696731567, -287.328308105, 106.004882812, -154.859191895], [883.242492676, 623.00201416, -47.8180351257, -172.647735596, 175.101333618, -60.7225494385, 25.6587352753, -46.60887146, 22.7392654419, -35.5760345459, 39.8447952271, -49.1595153809, 46.0949134827], [-2958.71020508, -47.8180351257, 684.758972168, 129.458374023, 166.229232788, 330.875335693, -76.3048400879, 133.457870483, -20.805770874, 26.3027477264, 30.3115520477, -23.3509845734, 29.4615516663], [-400.617279053, -172.647735596, 129.458374023, 246.085021973, 40.240814209, 58.9341506958, 37.2077484131, -36.1126556396, 7.17420768738, -5.48849487305, -20.7124252319, 24.2122497559, -39.9203033447], [-1000.59759521, 175.101333618, 166.229232788, 40.240814209, 285.986358643, 141.572418213, 40.477104187, 16.694360733, -9.61658859253, -18.928396225, 43.1841773987, -29.9187793732, 22.6470661163], [-1332.32678223, -60.7225494385, 330.875335693, 58.9341506958, 141.572418213, 323.744812012, -34.3319282532, 100.909347534, -26.5497016907, 0.479253023863, 23.9166297913, -5.12352609634, 20.4286441803], [39.1960296631, 25.6587352753, -76.3048400879, 37.2077484131, 40.477104187, -34.3319282532, 164.738708496, -25.1328773499, 40.5626754761, -8.46545886993, -0.985730469227, 11.428440094, -17.0702991486], [-799.584655762, -46.60887146, 133.457870483, -36.1126556396, 16.694360733, 100.909347534, -25.1328773499, 152.777770996, -5.43362617493, 39.4204521179, 28.8258342743, -23.6741943359, 31.3880996704], [40.3195648193, 22.7392654419, -20.805770874, 7.17420768738, -9.61658859253, -26.5497016907, 40.5626754761, -5.43362617493, 103.982048035, 32.7253379822, 7.87221956253, 16.5831298828, -25.1176280975], [-180.696731567, -35.5760345459, 26.3027477264, -5.48849487305, -18.928396225, 0.479253023863, -8.46545886993, 39.4204521179, 32.7253379822, 73.3058242798, 34.2633743286, 4.54707479477, 11.1431970596], [-287.328308105, 39.8447952271, 30.3115520477, -20.7124252319, 43.1841773987, 23.9166297913, -0.985730469227, 28.8258342743, 7.87221956253, 34.2633743286, 69.8856735229, 18.5679531097, 20.844625473], [106.004882812, -49.1595153809, -23.3509845734, 24.2122497559, -29.9187793732, -5.12352609634, 11.428440094, -23.6741943359, 16.5831298828, 4.54707479477, 18.5679531097, 61.9124488831, 4.36606693268], [-154.859191895, 46.0949134827, 29.4615516663, -39.9203033447, 22.6470661163, 20.4286441803, -17.0702991486, 31.3880996704, -25.1176280975, 11.1431970596, 20.844625473, 4.36606693268, 63.7172241211]], "icov": [[0.000214551386307, -0.000893803080544, 0.00119502807502, -0.000854600337334, 0.000881337735336, -0.000733957102057, 0.000385559687857, 4.7117977374e-05, 0.000372750480892, -0.000589852163102, 0.000570088042878, -0.000218939167098, 0.000160812560352], [-0.000893803080544, 0.00819008611143, -0.00574739882722, 0.00654897699133, -0.00593848712742, 0.00444936100394, -0.00165683694649, 0.00266673229635, -0.00496933236718, 0.00622613960877, -0.00549822254106, 0.00493319611996, -0.00399717967957], [0.00119502807502, -0.00574739882722, 0.0105345007032, -0.00733404606581, 0.00494868960232, -0.00707291718572, 0.00370985479094, -0.00126098410692, 0.00157258589752, -0.00391887547448, 0.00318481936119, -0.000217590582906, -1.50718199166e-06], [-0.000854600337334, 0.00654897699133, -0.00733404606581, 0.0132382912561, -0.0072556422092, 0.0042657176964, -0.00341543112881, 0.0030160585884, -0.000356789270882, -8.84116598172e-05, 0.00155962095596, -0.00324565521441, 0.00326790218242], [0.000881337735336, -0.00593848712742, 0.00494868960232, -0.0072556422092, 0.0145443147048, -0.00767455436289, -0.000921806436963, 0.00278312084265, -9.17491925065e-05, 0.00262197735719, -0.00729162013158, 0.0083663482219, -0.00340539985336], [-0.000733957102057, 0.00444936100394, -0.00707291718572, 0.0042657176964, -0.00767455436289, 0.0117637366056, -0.000384673214285, -0.00414052372798, -0.000272694742307, 0.00337898754515, 0.000275679602055, -0.00414522783831, 0.00132853130344], [0.000385559687857, -0.00165683694649, 0.00370985479094, -0.00341543112881, -0.000921806436963, -0.000384673214285, 0.00953329075128, -0.00163494201843, -0.00275220070034, 0.000773731560912, 0.00174456939567, -0.00197658478282, 0.000435344030848], [4.7117977374e-05, 0.00266673229635, -0.00126098410692, 0.0030160585884, 0.00278312084265, -0.00414052372798, -0.00163494201843, 0.0162805672735, -0.0029568169266, -0.00118526176084, -0.00696953339502, 0.0113682961091, -0.00691902311519], [0.000372750480892, -0.00496933236718, 0.00157258589752, -0.000356789270882, -9.17491925065e-05, -0.000272694742307, -0.00275220070034, -0.0029568169266, 0.0213833414018, -0.0162463784218, 0.00995324645191, -0.0129976831377, 0.0132946763188], [-0.000589852163102, 0.00622613960877, -0.00391887547448, -8.84116598172e-05, 0.00262197735719, 0.00337898754515, 0.000773731560912, -0.00118526176084, -0.0162463784218, 0.0370206609368, -0.023388678208, 0.0149297500029, -0.0116556091234], [0.000570088042878, -0.00549822254106, 0.00318481936119, 0.00155962095596, -0.00729162013158, 0.000275679602055, 0.00174456939567, -0.00696953339502, 0.00995324645191, -0.023388678208, 0.0408909954131, -0.0249874647707, 0.00762059399858], [-0.000218939167098, 0.00493319611996, -0.000217590582906, -0.00324565521441, 0.0083663482219, -0.00414522783831, -0.00197658478282, 0.0113682961091, -0.0129976831377, 0.0149297500029, -0.0249874647707, 0.0410627797246, -0.0161821804941], [0.000160812560352, -0.00399717967957, -1.50718199166e-06, 0.00326790218242, -0.00340539985336, 0.00132853130344, 0.000435344030848, -0.00691902311519, 0.0132946763188, -0.0116556091234, 0.00762059399858, -0.0161821804941, 0.0312295015901]]}, "silence_rate_20dB": {"dvar": 0, "var": 0, "median": 1, "max": 1, "dmean": 0, "dmean2": 0, "mean": 1, "dvar2": 0, "min": 1}, "barkbands_skewness": {"dvar": 0.278757631779, "var": 6.22172021866, "median": 1.67862033844, "max": 22.3192043304, "dmean": 0.498626232147, "dmean2": 0.787154853344, "mean": 2.23205852509, "dvar2": 0.650132358074, "min": -2.25588607788}, "erbbands_skewness": {"dvar": 0.0555043816566, "var": 0.650541603565, "median": -0.0204741526395, "max": 7.13330698013, "dmean": 0.283526152372, "dmean2": 0.44077950716, "mean": 0.106387317181, "dvar2": 0.129259184003, "min": -1.92131400108}, "spectral_contrast_valleys": {"dvar": [0.130121469498, 0.104535020888, 0.089750058949, 0.0705956369638, 0.0876603871584, 0.272058457136], "var": [3.9522998333, 4.66589546204, 4.52982378006, 4.43767404556, 4.39637184143, 2.84924602509], "median": [-6.47415113449, -6.09352254868, -6.28511714935, -6.50872039795, -7.00414419174, -10.9687080383], "max": [-5.16476535797, -4.53025579453, -5.10104513168, -5.48659324646, -5.52486467361, -9.18412494659], "dmean": [0.380211591721, 0.342068314552, 0.291271567345, 0.22386367619, 0.224780872464, 0.590869724751], "dmean2": [0.629869043827, 0.559695065022, 0.478788852692, 0.377239376307, 0.344575226307, 0.944941520691], "mean": [-6.77384090424, -6.45615100861, -6.6750626564, -6.89527320862, -7.40603923798, -11.2125444412], "dvar2": [0.301260203123, 0.219551205635, 0.176643803716, 0.129404336214, 0.146796047688, 0.651277959347], "min": [-27.8036460876, -27.9729499817, -27.9201450348, -27.6313514709, -27.4737949371, -27.3440074921]}, "spectral_strongpeak": {"dvar": 382.673278809, "var": 492.885345459, "median": 0.319022446871, "max": 190.535018921, "dmean": 5.68163013458, "dmean2": 10.6852369308, "mean": 5.54153060913, "dvar2": 998.121276855, "min": 0}, "erbbands_crest": {"dvar": 4.23497390747, "var": 11.3149938583, "median": 6.64002943039, "max": 27.7308750153, "dmean": 2.14491534233, "dmean2": 3.52784538269, "mean": 7.63671302795, "dvar2": 11.0383253098, "min": 2.73053526878}, "barkbands_crest": {"dvar": 5.07858467102, "var": 17.4049129486, "median": 8.3192653656, "max": 24.8706626892, "dmean": 2.57223939896, "dmean2": 4.24596309662, "mean": 9.23903942108, "dvar2": 13.6789798737, "min": 2.64685344696}, "spectral_energyband_middle_low": {"dvar": 5.51511438971e-05, "var": 0.000167767953826, "median": 0.0119988368824, "max": 0.106889538467, "dmean": 0.00598919112235, "dmean2": 0.00937528908253, "mean": 0.0154930911958, "dvar2": 0.000131423134007, "min": 1.1643622302e-22}, "spectral_contrast_coeffs": {"dvar": [0.00193677074276, 0.00143031857442, 0.000844709924422, 0.000402417354053, 0.000237139800447, 0.00151169241872], "var": [0.00588131323457, 0.0054221348837, 0.00245523452759, 0.00108943576925, 0.00111301406287, 0.00790082570165], "median": [-0.686789214611, -0.76045268774, -0.807550728321, -0.813581645489, -0.813048243523, -0.679442048073], "max": [-0.40358120203, -0.465330213308, -0.564051449299, -0.696550428867, -0.663608491421, -0.422336369753], "dmean": [0.0539503693581, 0.0480293184519, 0.0363320820034, 0.0261608324945, 0.018914192915, 0.0459946580231], "dmean2": [0.0893046557903, 0.0790335461497, 0.0613830313087, 0.0450098328292, 0.0316126197577, 0.0711457878351], "mean": [-0.684538662434, -0.756824076176, -0.804970860481, -0.814430356026, -0.815389990807, -0.689150333405], "dvar2": [0.00536909513175, 0.0038520838134, 0.00232728407718, 0.00118438701611, 0.000648417393677, 0.00374783226289], "min": [-0.984402894974, -0.976455628872, -0.984806954861, -0.972340762615, -0.970236539841, -0.964554548264]}, "hfc": {"dvar": 4833.4921875, "var": 27371.0273438, "median": 273.554779053, "max": 1548.109375, "dmean": 64.5016479492, "dmean2": 101.976760864, "mean": 309.867858887, "dvar2": 11831.1191406, "min": 1.09957615135e-16}, "spectral_energyband_high": {"dvar": 4.96143343298e-07, "var": 2.08490587283e-06, "median": 0.00120191788301, "max": 0.016504522413, "dmean": 0.000387087959098, "dmean2": 0.000545045593753, "mean": 0.00146943470463, "dvar2": 7.64557398725e-07, "min": 7.18477528616e-21}, "erbbands_spread": {"dvar": 19.1642494202, "var": 140.063537598, "median": 28.1187896729, "max": 166.131408691, "dmean": 5.16486930847, "dmean2": 8.21873569489, "mean": 29.322473526, "dvar2": 48.1638565063, "min": 3.72486186028}, "dissonance": {"dvar": 0.000178106085514, "var": 0.000291713571642, "median": 0.48075184226, "max": 0.500000119209, "dmean": 0.0136965885758, "dmean2": 0.0234227962792, "mean": 0.476651638746, "dvar2": 0.000507315213326, "min": 0.339757442474}, "spectral_kurtosis": {"dvar": 26.5235919952, "var": 90.9542541504, "median": 17.5479679108, "max": 107.694038391, "dmean": 3.67889881134, "dmean2": 5.57328462601, "mean": 19.6032085419, "dvar2": 61.8345832825, "min": -1.25947523117}, "spectral_skewness": {"dvar": 0.117729052901, "var": 0.70998185873, "median": 2.78747034073, "max": 8.34397506714, "dmean": 0.292213469744, "dmean2": 0.433155983686, "mean": 2.92049574852, "dvar2": 0.257800191641, "min": -0.0727624222636}, "pitch_salience": {"dvar": 0.00441093789414, "var": 0.0159107837826, "median": 0.59791135788, "max": 0.950559198856, "dmean": 0.0720553845167, "dmean2": 0.117103151977, "mean": 0.571621656418, "dvar2": 0.0115957632661, "min": 0.100437797606}, "spectral_complexity": {"dvar": 11.2714586258, "var": 93.1399078369, "median": 29, "max": 63, "dmean": 3.66848754883, "dmean2": 5.8371181488, "mean": 28.4415435791, "dvar2": 25.3236484528, "min": 0}, "spectral_spread": {"dvar": 415106170880, "var": 9975638261760.0, "median": 3915490, "max": 41657564, "dmean": 379156.125, "dmean2": 596623.1875, "mean": 4238870, "dvar2": 693663629312, "min": 1715455.625}, "dynamic_complexity": 2.12505698204, "melbands_crest": {"dvar": 15.7624044418, "var": 39.6066246033, "median": 13.8859367371, "max": 36.5647964478, "dmean": 4.25047922134, "dmean2": 6.95590209961, "mean": 15.1164770126, "dvar2": 39.9903259277, "min": 1.80239248276}, "zerocrossingrate": {"dvar": 0.000971444183961, "var": 0.00634848419577, "median": 0.31787109375, "max": 0.7978515625, "dmean": 0.0387827679515, "dmean2": 0.0486123710871, "mean": 0.323486119509, "dvar2": 0.00159026857, "min": 0.09912109375}, "spectral_energyband_low": {"dvar": 0.000206998432986, "var": 0.00030775173218, "median": 0.0168117303401, "max": 0.132154986262, "dmean": 0.0121406009421, "dmean2": 0.0195751395077, "mean": 0.0215047691017, "dvar2": 0.000526105810422, "min": 1.13482863475e-23}, "melbands_kurtosis": {"dvar": 97.3142242432, "var": 3700.59692383, "median": 4.61617994308, "max": 955.67590332, "dmean": 5.11339473724, "dmean2": 7.97236776352, "mean": 17.2287445068, "dvar2": 181.484039307, "min": -1.57844531536}, "spectral_energyband_middle_high": {"dvar": 1.24329344544e-05, "var": 3.45012595062e-05, "median": 0.00810410548002, "max": 0.144169077277, "dmean": 0.00262445863336, "dmean2": 0.0042768670246, "mean": 0.00896101817489, "dvar2": 3.36492412316e-05, "min": 1.21551797926e-21}, "barkbands_spread": {"dvar": 60.9156684875, "var": 256.255554199, "median": 36.6996994019, "max": 112.680641174, "dmean": 8.23845005035, "dmean2": 13.028386116, "mean": 37.6181373596, "dvar2": 144.372680664, "min": 0.216921195388}, "mfcc": {"mean": [-633.837280273, 158.724487305, -29.9319496155, 33.0970497131, -4.07323122025, 29.7396450043, 0.0483996495605, 7.16115045547, 1.11641931534, 4.39913082123, -1.25136160851, 3.92884922028, 3.39955401421], "cov": [[10576.0966797, 1221.54553223, -1347.01123047, 367.060852051, -1112.33410645, -134.468017578, -658.031494141, -203.206451416, -287.386260986, -112.089790344, -284.501068115, -143.182357788, -108.97240448], [1221.54553223, 1040.76196289, -266.5675354, -29.2369213104, 16.129240036, -18.6400756836, 0.0690243169665, -56.5224266052, 4.36484909058, -35.8774795532, -1.34690761566, -16.960187912, 15.9080514908], [-1347.01123047, -266.5675354, 537.47467041, -86.9663696289, 246.233352661, 59.4231758118, 83.3963394165, 41.0681877136, 51.66746521, 22.2773342133, 32.9828681946, 34.1376266479, -13.848033905], [367.060852051, -29.2369213104, -86.9663696289, 261.93182373, -96.6799926758, 78.8513183594, -43.9137458801, 13.449669838, -29.229133606, 13.0674829483, -13.6056613922, -5.88710975647, -3.03917217255], [-1112.33410645, 16.129240036, 246.233352661, -96.6799926758, 356.348571777, 64.9302368164, 144.765655518, 26.2223777771, 40.4929237366, -2.00616645813, 32.8544540405, 21.2073326111, 9.55217838287], [-134.468017578, -18.6400756836, 59.4231758118, 78.8513183594, 64.9302368164, 197.991317749, 23.505197525, 73.0195236206, -9.35556983948, 17.5836334229, -14.7130737305, 10.3382816315, -3.76259875298], [-658.031494141, 0.0690243169665, 83.3963394165, -43.9137458801, 144.765655518, 23.505197525, 188.751251221, 32.9849357605, 45.1966285706, -4.02115392685, 15.5267047882, -2.16848826408, 20.5183334351], [-203.206451416, -56.5224266052, 41.0681877136, 13.449669838, 26.2223777771, 73.0195236206, 32.9849357605, 99.6764678955, 11.8952007294, 20.8871631622, -1.21084022522, 3.18783402443, -4.01377820969], [-287.386260986, 4.36484909058, 51.66746521, -29.229133606, 40.4929237366, -9.35556983948, 45.1966285706, 11.8952007294, 75.1853103638, 22.3186969757, 25.1280078888, 5.92814445496, 4.32368993759], [-112.089790344, -35.8774795532, 22.2773342133, 13.0674829483, -2.00616645813, 17.5836334229, -4.02115392685, 20.8871631622, 22.3186969757, 60.1756401062, 24.5354919434, 20.5419139862, 3.4725356102], [-284.501068115, -1.34690761566, 32.9828681946, -13.6056613922, 32.8544540405, -14.7130737305, 15.5267047882, -1.21084022522, 25.1280078888, 24.5354919434, 66.1072158813, 30.5277996063, 18.0885753632], [-143.182357788, -16.960187912, 34.1376266479, -5.88710975647, 21.2073326111, 10.3382816315, -2.16848826408, 3.18783402443, 5.92814445496, 20.5419139862, 30.5277996063, 59.2036819458, 21.9945678711], [-108.97240448, 15.9080514908, -13.848033905, -3.03917217255, 9.55217838287, -3.76259875298, 20.5183334351, -4.01377820969, 4.32368993759, 3.4725356102, 18.0885753632, 21.9945678711, 47.5374221802]], "icov": [[0.000225452662562, -0.000225015071919, 0.000192712846911, -2.68632065854e-05, 0.000410484324675, -6.11309951637e-05, 0.000248658907367, 0.000117860348837, 0.000156527865329, -3.27533416566e-06, 0.000521342037246, -0.000172253247001, 0.000329163565766], [-0.000225015071919, 0.0015059603611, 0.000787876953837, 0.000286759575829, -0.00105015782174, -0.000387023785152, 2.01576185646e-05, 0.00053803139599, -0.000880800827872, 0.000569176278077, -0.000738398579415, 0.000284791894956, -0.000367073429516], [0.000192712846911, 0.000787876953837, 0.00397126190364, 0.000500380585436, -0.00208107032813, -0.000578135892283, 0.000742436444853, 0.000137236478622, -0.00141344440635, 0.000155381625518, 0.000309284310788, -0.00155203335453, 0.00214811740443], [-2.68632065854e-05, 0.000286759575829, 0.000500380585436, 0.00571257853881, 0.00163419987075, -0.00343551882543, -0.000153915010742, 0.00129884772468, 0.000935443735216, -0.000952240836341, -0.0011865964625, 0.00114545237739, -0.00016474154836], [0.000410484324675, -0.00105015782174, -0.00208107032813, 0.00163419987075, 0.00782951340079, -0.00268394360319, -0.00351135781966, 0.001642156858, 0.00109461240936, 0.00113857281394, -0.00135036557913, -0.000814915983938, 0.00136733707041], [-6.11309951637e-05, -0.000387023785152, -0.000578135892283, -0.00343551882543, -0.00268394360319, 0.0103320321068, 0.00034031458199, -0.00636886944994, 0.00181729381438, -0.00169805961195, 0.00375954969786, -0.00222272030078, -0.000169615086634], [0.000248658907367, 2.01576185646e-05, 0.000742436444853, -0.000153915010742, -0.00351135781966, 0.00034031458199, 0.0105461012572, -0.00280926167034, -0.00448405835778, 0.00234190723859, 0.000739236595109, 0.00288918591104, -0.00466822925955], [0.000117860348837, 0.00053803139599, 0.000137236478622, 0.00129884772468, 0.001642156858, -0.00636886944994, -0.00280926167034, 0.0165124088526, -0.000916734163184, -0.00394211197272, 0.000493552128319, 0.000507482793182, 0.00193457049318], [0.000156527865329, -0.000880800827872, -0.00141344440635, 0.000935443735216, 0.00109461240936, 0.00181729381438, -0.00448405835778, -0.000916734163184, 0.0211231671274, -0.00736769894138, -0.00429116655141, 0.00241158762947, 0.00121756864246], [-3.27533416566e-06, 0.000569176278077, 0.000155381625518, -0.000952240836341, 0.00113857281394, -0.00169805961195, 0.00234190723859, -0.00394211197272, -0.00736769894138, 0.0264458898455, -0.00686858268455, -0.00546748237684, 0.0019611006137], [0.000521342037246, -0.000738398579415, 0.000309284310788, -0.0011865964625, -0.00135036557913, 0.00375954969786, 0.000739236595109, 0.000493552128319, -0.00429116655141, -0.00686858268455, 0.0279178302735, -0.00970425270498, -0.0034931441769], [-0.000172253247001, 0.000284791894956, -0.00155203335453, 0.00114545237739, -0.000814915983938, -0.00222272030078, 0.00288918591104, 0.000507482793182, 0.00241158762947, -0.00546748237684, -0.00970425270498, 0.0293664876372, -0.0118000525981], [0.000329163565766, -0.000367073429516, 0.00214811740443, -0.00016474154836, 0.00136733707041, -0.0001