{"tonal": {"chords_number_rate": 0.00235294108279, "thpcp": [1, 0.64115446806, 0.359392315149, 0.507982552052, 0.433049798012, 0.212090596557, 0.130077317357, 0.118020795286, 0.380923002958, 0.738926947117, 0.61398100853, 0.279346138239, 0.144019693136, 0.110131837428, 0.416718840599, 0.88139551878, 0.648309767246, 0.197318330407, 0.136642932892, 0.115505114198, 0.300700157881, 0.593394815922, 0.463140755892, 0.441409289837, 0.800104796886, 0.621634066105, 0.170149564743, 0.0669933110476, 0.106109715998, 0.404825747013, 0.759483218193, 0.538898825645, 0.174536094069, 0.130274012685, 0.17520301044, 0.613237202168], "hpcp": {"dvar": [0.0127569381148, 0.0122898919508, 0.0139734745026, 0.0246423836797, 0.0190608873963, 0.0120023889467, 0.0116728246212, 0.00795968808234, 0.0138338971883, 0.0260892137885, 0.0217624716461, 0.0189634319395, 0.030363753438, 0.023904453963, 0.00899500120431, 0.00983761250973, 0.0141645781696, 0.0207598023117, 0.0336472280324, 0.0266697481275, 0.0136268828064, 0.0154958972707, 0.0164488404989, 0.0213277060539, 0.0296181477606, 0.024467933923, 0.0191838443279, 0.0236007496715, 0.0207140315324, 0.0138068702072, 0.00899922847748, 0.0107538383454, 0.0210819523782, 0.0298346895725, 0.0290929283947, 0.0207933224738], "mean": [0.0462012030184, 0.0353300534189, 0.133682504296, 0.282749772072, 0.20797637105, 0.0632992908359, 0.0438347570598, 0.0370537899435, 0.0964639559388, 0.190359771252, 0.148574545979, 0.141603142023, 0.256671875715, 0.199418857694, 0.0545836091042, 0.0214913077652, 0.0340397655964, 0.129867225885, 0.243640571833, 0.172877565026, 0.0559908002615, 0.0417916215956, 0.0562047474086, 0.196725159883, 0.32079783082, 0.205680966377, 0.115292273462, 0.162959709764, 0.138921439648, 0.0680382028222, 0.0417285189033, 0.037860814482, 0.1221992746, 0.237046152353, 0.196963772178, 0.0896136388183], "min": [0, 0, 0, 0, 0, 0, 0, 0, 0, 0, 0, 0, 0, 0, 0, 0, 0, 0, 0, 0, 0, 0, 0, 0, 0, 0, 0, 0, 0, 0, 0, 0, 0, 0, 0, 0], "median": [0.00796070415527, 0.00611177412793, 0.0479958057404, 0.108541414142, 0.0659931525588, 0.0138413794339, 0.00534017104656, 0.00636823195964, 0.025291018188, 0.0389524661005, 0.0374864824116, 0.0582155846059, 0.07290828228, 0.0493661575019, 0.0102777648717, 0.00336262397468, 0.00483424728736, 0.0322580933571, 0.0597432628274, 0.0386334098876, 0.0116606792435, 0.00541430385783, 0.0123279411346, 0.0658974647522, 0.105484165251, 0.0621399246156, 0.0301436204463, 0.00754910800606, 0.00615559564903, 0.0097340689972, 0.00987443234771, 0.0096691371873, 0.0265317056328, 0.0469779744744, 0.0376746617258, 0.0181896798313], "dvar2": [0.032970033586, 0.034269798547, 0.03541842103, 0.0563251636922, 0.0454743467271, 0.03301089257, 0.030084297061, 0.0213614869863, 0.0342867486179, 0.0613047517836, 0.0546308681369, 0.048776127398, 0.0712757855654, 0.0556122474372, 0.0233560558408, 0.0273064561188, 0.0389631874859, 0.0547372400761, 0.0806413367391, 0.0631205737591, 0.0350673869252, 0.0407608523965, 0.0427516065538, 0.0510248579085, 0.0665075033903, 0.0594942644238, 0.0487072058022, 0.0572613999248, 0.0517027340829, 0.0366313904524, 0.0248521175236, 0.0309073477983, 0.0571989007294, 0.0766237080097, 0.0738791450858, 0.0559830032289], "var": [0.0119213890284, 0.00907349493355, 0.0330427363515, 0.120045162737, 0.0777694806457, 0.0135825239122, 0.0140962451696, 0.00801272876561, 0.0268445257097, 0.0841863527894, 0.0540242418647, 0.0387524440885, 0.113827005029, 0.0796505883336, 0.0115758273751, 0.00673425290734, 0.0114421015605, 0.0453675016761, 0.113248728216, 0.0680158063769, 0.0149463135749, 0.0139770228416, 0.0170608218759, 0.0710150748491, 0.146365717053, 0.0756826847792, 0.0325332134962, 0.093961045146, 0.0728662759066, 0.0193325895816, 0.00785138178617, 0.00775699084625, 0.0401553362608, 0.114476166666, 0.0868751332164, 0.0253751967102], "dmean2": [0.0881623700261, 0.0775678306818, 0.121811233461, 0.162332609296, 0.14294873178, 0.0925954431295, 0.0707003250718, 0.063351534307, 0.102376237512, 0.146861538291, 0.140256389976, 0.143194451928, 0.179916158319, 0.153249055147, 0.0727686733007, 0.0531236939132, 0.0736359506845, 0.131126120687, 0.179070353508, 0.153175964952, 0.0869143530726, 0.0850458815694, 0.0987710505724, 0.154210373759, 0.169512867928, 0.165338367224, 0.13981936872, 0.126577213407, 0.115591309965, 0.0956231579185, 0.0798915326595, 0.0799228101969, 0.133410766721, 0.168740227818, 0.163572177291, 0.129807129502], "max": [1, 1, 1, 1, 1, 1, 1, 1, 1, 1, 1, 1, 1, 1, 1, 1, 1, 1, 1, 1, 1, 1, 1, 1, 1, 1, 1, 1, 1, 1, 1, 1, 1, 1, 1, 1], "dmean": [0.0500557869673, 0.0433451458812, 0.0755489617586, 0.0992323383689, 0.090348303318, 0.0552299395204, 0.0421474799514, 0.0371729768813, 0.0638205036521, 0.090433396399, 0.0866651162505, 0.0918164104223, 0.109623968601, 0.0977348163724, 0.0442921444774, 0.0287884715945, 0.0410834439099, 0.0798531025648, 0.107477746904, 0.0951868519187, 0.0518847517669, 0.0489043444395, 0.0568410530686, 0.0952545404434, 0.103296428919, 0.102655217052, 0.0837502703071, 0.0749224573374, 0.0689521208405, 0.0565774478018, 0.0450738444924, 0.0443211495876, 0.0785174742341, 0.09925532341, 0.0978473722935, 0.0757991150022]}, "key_strength": 0.727347195148, "chords_strength": {"dvar": 0.00045603653416, "mean": 0.532436072826, "min": -1, "median": 0.537860572338, "dvar2": 0.000842830457259, "var": 0.0197863802314, "dmean2": 0.0066113085486, "max": 0.839735090733, "dmean": 0.00953386444598}, "tuning_equal_tempered_deviation": 0.0261517316103, "chords_key": "A#", "tuning_frequency": 438.477722168, "chords_scale": "minor", "chords_changes_rate": 0.0517647042871, "key_scale": "major", "tuning_diatonic_strength": 0.584741413593, "hpcp_entropy": {"dvar": 0.205716520548, "mean": 1.62992882729, "min": 0, "median": 1.66740894318, "dvar2": 0.558352470398, "var": 0.413567692041, "dmean2": 0.880003511906, "max": 3.54456472397, "dmean": 0.521825790405}, "chords_histogram": [8.89839553833, 11.0374336243, 14.8663101196, 0, 0.406417101622, 0, 0.149732619524, 0, 7.89304828644, 0, 0, 0, 0, 0, 0, 2.52406406403, 0.427807480097, 1.64705884457, 0, 3.7433154583, 1.45454549789, 2.39572191238, 17.069519043, 27.4866313934], "tuning_nontempered_energy_ratio": 0.691781282425, "key_key": "C#"}, "metadata": {"version": {"extractor": "music 1.0", "essentia_build_sha": "ca57ba49d9b1854bd80e60cf9ccf267278fb7d6b", "essentia": "2.1-beta1", "essentia_git_sha": "v2.1_beta1-28-g21ef5f4-dirty"}, "audio_properties": {"sample_rate": 44100, "length": 217.039993286, "lossless": true, "analysis_sample_rate": 44100, "downmix": "mix", "bit_rate": 0, "equal_loudness": 0, "md5_encoded": "0af4d07ea17b028411f845e217ebc6a9", "codec": "flac", "replay_gain": -14.4773845673}, "tags": {"catalognumber": ["BAD 2503 CD"], "releasecountry": ["US"], "musicbrainz_recordingid": ["20e081cc-4add-4356-b641-c0f4da04222a"], "title": ["Tons Confession"], "musicbrainz_releasetrackid": ["210357e1-c5ae-3295-af1c-bacd3a657344"], "artists": ["Blonde Redhead"], "artistsort": ["Blonde Redhead"], "musicbrainz_artistid": ["6821bf3f-5d5b-4b0f-8fa4-79d2ab2d9219"], "musicbrainz_albumid": ["c0bc63fa-3e85-4cc8-9103-2a9368bbc214"], "tracknumber": ["2"], "musicbrainz_albumartistid": ["6821bf3f-5d5b-4b0f-8fa4-79d2ab2d9219"], "totaltracks": ["4"], "tracktotal": ["4"], "date": ["2005-01-25"], "releasestatus": ["official"], "albumartistsort": ["Blonde Redhead"], "musicbrainz_releasegroupid": ["be49a5c5-121c-3804-b8a9-6afd1ffe351b"], "media": ["CD"], "label": ["4AD"], "albumartist": ["Blonde Redhead"], "script": ["Latn"], "originaldate": ["2005"], "file_name": "02 - Tons Confession.flac", "releasetype": ["ep"], "album": ["The Secret Society of Butterflies"], "artist": ["Blonde Redhead"]}}, "lowlevel": {"melbands": {"dvar": [3.70863858734e-06, 1.94964854927e-06, 1.47734212419e-07, 1.01979928502e-07, 6.96993424754e-07, 1.43882573411e-06, 2.73718484323e-07, 1.72204465798e-07, 1.78732790346e-07, 1.37724768479e-07, 7.97475419034e-09, 1.26344872342e-08, 7.408531566e-09, 3.24999516188e-09, 2.88023938033e-09, 2.28998864316e-09, 1.00543184889e-09, 2.43118325471e-09, 8.43607517176e-10, 6.1718025135e-10, 1.5958263877e-10, 9.89516316108e-11, 1.80708184527e-10, 8.00099361764e-11, 4.38682215553e-11, 1.75375172717e-10, 2.15070253273e-10, 1.23356269643e-10, 4.36961647421e-11, 2.67573393997e-11, 4.80081426002e-11, 1.54480248038e-11, 1.20402307915e-11, 7.95101831597e-12, 7.38559387259e-13, 1.40297143477e-13, 5.48862882498e-14, 3.55692648187e-14, 2.94768651491e-14, 1.19051708934e-14], "mean": [0.000907303125132, 0.000945386069361, 0.000483235460706, 0.000431565422332, 0.000910509552341, 0.00117184116971, 0.000676827097777, 0.000610474788118, 0.000419971038355, 0.000335637683747, 0.000115509363241, 9.86581362667e-05, 6.70376684866e-05, 4.79564514535e-05, 4.31119551649e-05, 2.51162309723e-05, 1.93709220184e-05, 1.99290516321e-05, 2.09344871109e-05, 1.10854462037e-05, 7.17348484613e-06, 6.12897338215e-06, 7.34444347472e-06, 5.44161548532e-06, 3.03147362501e-06, 2.19411026592e-06, 2.53735106526e-06, 1.89090894764e-06, 1.33997752982e-06, 1.16887895274e-06, 1.27730459099e-06, 8.42626377562e-07, 7.74021145844e-07, 6.58827673305e-07, 2.94851702165e-07, 1.64660505675e-07, 1.26418555624e-07, 1.05748554802e-07, 9.40371833735e-08, 5.62112418834e-08], "min": [1.53696195911e-24, 4.23623335092e-25, 9.62406360065e-25, 4.90318714311e-25, 2.05188914006e-24, 1.9096504191e-24, 2.03263186207e-24, 1.85924989865e-24, 2.96164041521e-24, 1.65038526754e-24, 1.82566572333e-24, 1.49939078217e-24, 2.95670845683e-24, 2.53250461872e-24, 2.77948947397e-24, 4.429373519e-24, 3.66950601306e-24, 3.57148925673e-24, 3.00302110007e-24, 4.36217045849e-24, 2.20300688494e-24, 3.34277678663e-24, 3.81970276283e-24, 5.35697454707e-24, 4.39448377889e-24, 5.78167122603e-24, 4.21671160731e-24, 4.01952320228e-24, 5.10507903269e-24, 4.53719147766e-24, 4.58510807233e-24, 5.69996771879e-24, 4.60545792267e-24, 6.67657712502e-24, 5.4645073325e-24, 5.96438758333e-24, 6.26997849295e-24, 5.98367365474e-24, 6.89004130825e-24, 6.10644289413e-24], "median": [0.000412618421251, 0.000636136566754, 0.000320741994074, 0.000289536255877, 0.000373434624635, 0.000425867852755, 0.000271196797257, 0.000294125871733, 0.000201415081392, 0.000122694837046, 5.11036269017e-05, 3.00709889416e-05, 2.21061345655e-05, 1.47129776451e-05, 1.25137057694e-05, 6.84139558871e-06, 5.96339486947e-06, 4.8996289479e-06, 5.74401110498e-06, 2.72797592515e-06, 1.82307792329e-06, 1.73915543655e-06, 9.88524902823e-07, 8.48825663979e-07, 5.73805095883e-07, 3.33226751081e-07, 3.50114618186e-07, 2.45837412649e-07, 1.56518524363e-07, 1.37876838835e-07, 1.21918006357e-07, 7.55767146643e-08, 6.43241833131e-08, 5.67323219514e-08, 3.00612406079e-08, 2.0933159206e-08, 1.90272793077e-08, 2.10450483706e-08, 1.68388236688e-08, 9.0433003308e-09], "dvar2": [6.78318883729e-06, 5.00617079524e-06, 3.47335458173e-07, 2.74826874147e-07, 1.59792341492e-06, 3.20679100696e-06, 5.9242148609e-07, 3.67476445717e-07, 4.33905910313e-07, 3.31486035066e-07, 1.81927060083e-08, 3.17729025312e-08, 1.76452807921e-08, 8.68339888882e-09, 6.26524254699e-09, 5.54196599722e-09, 2.67259547826e-09, 6.5362231183e-09, 2.18962314946e-09, 1.58289226171e-09, 3.9147582398e-10, 2.46265896564e-10, 4.22920254373e-10, 1.86009055381e-10, 9.30386601095e-11, 3.71371877694e-10, 4.59158794319e-10, 2.65341443262e-10, 1.08966918821e-10, 5.79075155882e-11, 1.14047903066e-10, 3.37137331941e-11, 2.87118835651e-11, 1.53843483092e-11, 1.43444923908e-12, 2.99970524765e-13, 1.22129967272e-13, 8.36419827713e-14, 7.26096293551e-14, 2.88500234986e-14], "var": [6.68423990646e-06, 2.15930072045e-06, 3.29337865423e-07, 2.32146518897e-07, 1.96470728042e-06, 4.53761549579e-06, 1.4432205262e-06, 9.04186890693e-07, 4.48125831554e-07, 3.52662993919e-07, 3.1829213043e-08, 3.88679524121e-08, 1.93913098911e-08, 1.02265369506e-08, 9.65097513017e-09, 7.6249593306e-09, 2.21608731366e-09, 4.26350643679e-09, 1.94896720984e-09, 7.91152088286e-10, 2.73305073017e-10, 2.13615833355e-10, 4.11101541697e-10, 1.91762369872e-10, 1.05011631335e-10, 2.95387408977e-10, 3.10686004701e-10, 1.51291673633e-10, 4.49954726256e-11, 3.92536038396e-11, 6.32919203158e-11, 2.85907131303e-11, 2.24358066847e-11, 1.69682462525e-11, 1.94931397413e-12, 2.99934420833e-13, 9.27573108925e-14, 4.69917040122e-14, 3.46460429519e-14, 1.39303555196e-14], "dmean2": [0.000908525718842, 0.000925462227315, 0.000351196649717, 0.00036784313852, 0.000599337159656, 0.000744766788557, 0.0003684493131, 0.000297231687, 0.000265169830527, 0.000230775840464, 7.17892253306e-05, 6.884054892e-05, 4.6895842388e-05, 3.17954873026e-05, 3.38990284945e-05, 2.0827876142e-05, 1.75975001184e-05, 1.97042227228e-05, 1.75834884431e-05, 1.1627319509e-05, 6.25536313237e-06, 5.32594276592e-06, 5.94334869675e-06, 4.22390075983e-06, 2.61454988504e-06, 2.33328819377e-06, 3.03896513287e-06, 2.22019957619e-06, 1.59849309966e-06, 1.29373074742e-06, 1.53049154505e-06, 9.6057135579e-07, 8.87859869181e-07, 6.76051513437e-07, 3.07379934839e-07, 1.89759759905e-07, 1.50432427404e-07, 1.37957911761e-07, 1.32690743726e-07, 7.9476038195e-08], "max": [0.0323677212, 0.0254613049328, 0.00616470351815, 0.00556781562045, 0.0165739245713, 0.0270082596689, 0.0143239693716, 0.0117576988414, 0.00937449280173, 0.0114898355678, 0.00186195631977, 0.00342638092116, 0.0029809253756, 0.00164895993657, 0.00187746551819, 0.00297046103515, 0.000945845153183, 0.00292866514064, 0.000772976316512, 0.00107986747753, 0.000468523940071, 0.000317978527164, 0.000391161593143, 0.000292293523671, 0.000324878579704, 0.000912643095944, 0.000840239517856, 0.000501088157762, 0.000307214533677, 0.00021135310817, 0.000216143424041, 0.000198526933673, 0.000125869497424, 0.000163403266924, 4.9287591537e-05, 1.50890400619e-05, 5.12108681505e-06, 2.54050223703e-06, 1.9378203433e-06, 1.58170018949e-06], "dmean": [0.000600135826971, 0.000540489039849, 0.000228250646614, 0.000223916009418, 0.000405673548812, 0.000517050269991, 0.000250548298936, 0.00020464915724, 0.000179463153472, 0.000155798828928, 4.78552974528e-05, 4.54131368315e-05, 3.07527043333e-05, 2.04290572583e-05, 2.17786564463e-05, 1.3070811292e-05, 1.08812491817e-05, 1.21201264847e-05, 1.12764964797e-05, 7.29327894078e-06, 4.07599236496e-06, 3.33029265676e-06, 3.85513476431e-06, 2.79362961919e-06, 1.72726981873e-06, 1.5518633063e-06, 1.97073313757e-06, 1.47287494201e-06, 1.06507138753e-06, 8.80802588199e-07, 1.00236934486e-06, 6.39242216494e-07, 5.93430627305e-07, 4.64078311779e-07, 2.11759001445e-07, 1.27860147359e-07, 9.95783935309e-08, 8.83264874574e-08, 8.46950314326e-08, 5.07513497894e-08]}, "spectral_decrease": {"dvar": 6.54988202876e-18, "mean": -6.41309183536e-09, "min": -3.72224313594e-08, "median": -5.63672930554e-09, "dvar2": 1.35122682757e-17, "var": 2.84167907101e-17, "dmean2": 2.36821340316e-09, "max": 1.39918292866e-28, "dmean": 1.63089752814e-09}, "spectral_rolloff": {"dvar": 183467.6875, "mean": 902.557067871, "min": 86.1328125, "median": 645.99609375, "dvar2": 356928.65625, "var": 3010161, "dmean2": 245.921234131, "max": 19422.9492188, "dmean": 145.20954895}, "melbands_crest": {"dvar": 5.87694501877, "mean": 12.677028656, "min": 1.6485594511, "median": 11.5419721603, "dvar2": 12.9837198257, "var": 22.8367729187, "dmean2": 3.91448616982, "max": 30.8325939178, "dmean": 2.5190975666}, "barkbands_skewness": {"dvar": 0.476645350456, "mean": 1.349137187, "min": -2.09748244286, "median": 1.03204143047, "dvar2": 0.966031134129, "var": 5.10797119141, "dmean2": 0.698470711708, "max": 52.6022224426, "dmean": 0.469293922186}, "spectral_centroid": {"dvar": 48558.453125, "mean": 754.652099609, "min": 287.801544189, "median": 576.177246094, "dvar2": 87979.7421875, "var": 987188.4375, "dmean2": 151.358825684, "max": 11595.0869141, "dmean": 105.935379028}, "spectral_energyband_middle_low": {"dvar": 4.91729515488e-05, "mean": 0.0175438392907, "min": 1.79699926746e-22, "median": 0.0148953935131, "dvar2": 0.00011230387463, "var": 0.000230181758525, "dmean2": 0.0070122666657, "max": 0.135815382004, "dmean": 0.00478653935716}, "erbbands_crest": {"dvar": 4.9877243042, "mean": 12.4114542007, "min": 2.21308159828, "median": 11.6972112656, "dvar2": 11.4320116043, "var": 22.7757225037, "dmean2": 3.55631661415, "max": 31.5446376801, "dmean": 2.35370397568}, "dynamic_complexity": 4.95316982269, "spectral_energyband_low": {"dvar": 5.22071677551e-05, "mean": 0.00528703676537, "min": 6.92149792571e-24, "median": 0.00346480798908, "dvar2": 0.00010270914936, "var": 9.63362472248e-05, "dmean2": 0.004127710592, "max": 0.120647735894, "dmean": 0.00267583830282}, "silence_rate_60dB": {"dvar": 0.00785350520164, "mean": 0.157556951046, "min": 0, "median": 0, "dvar2": 0.0185776352882, "var": 0.132727757096, "dmean2": 0.0158339571208, "max": 1, "dmean": 0.00791613198817}, "erbbands_kurtosis": {"dvar": 15.8750801086, "mean": 4.86974668503, "min": -1.8782055378, "median": 2.09942293167, "dvar2": 32.1479644775, "var": 267.578735352, "dmean2": 2.80532264709, "max": 334.753479004, "dmean": 1.86985039711}, "spectral_complexity": {"dvar": 7.30414199829, "mean": 12.4406890869, "min": 0, "median": 12, "dvar2": 14.2557020187, "var": 48.9733810425, "dmean2": 3.18626308441, "max": 54, "dmean": 2.07488226891}, "barkbands_crest": {"dvar": 4.7028169632, "mean": 10.7647447586, "min": 2.70890879631, "median": 9.69428634644, "dvar2": 10.7533807755, "var": 19.9004230499, "dmean2": 3.44119977951, "max": 26.9829006195, "dmean": 2.21670889854}, "spectral_energy": {"dvar": 9.82058700174e-05, "mean": 0.0253515448421, "min": 9.75236733353e-21, "median": 0.0223792549223, "dvar2": 0.000202923256438, "var": 0.000438693648903, "dmean2": 0.00925326440483, "max": 0.144127875566, "dmean": 0.00638216873631}, "spectral_spread": {"dvar": 635412873216, "mean": 3329310, "min": 368250.9375, "median": 2717941.25, "dvar2": 1221423661060.0, "var": 13604537499600.0, "dmean2": 905381.5, "max": 43250124, "dmean": 644505.1875}, "spectral_contrast_valleys": {"dvar": [0.10428442806, 0.0968221053481, 0.0891138836741, 0.0882634073496, 0.129625752568, 0.221181869507], "mean": [-7.80249118805, -7.12582063675, -8.1171503067, -8.75416374207, -9.13937759399, -11.8033714294], "min": [-28.2020244598, -27.8710460663, -28.0265216827, -27.6774616241, -27.5296154022, -27.4616241455], "median": [-7.04588031769, -6.61538982391, -7.53262138367, -8.14749717712, -8.60135746002, -11.403002739], "dvar2": [0.274939775467, 0.229193747044, 0.202368319035, 0.175585657358, 0.218688264489, 0.320593029261], "var": [6.75717258453, 5.60442686081, 5.81570243835, 6.0490064621, 5.89957666397, 4.69412994385], "dmean2": [0.629653573036, 0.525193214417, 0.494489848614, 0.439201384783, 0.423284620047, 0.603967487812], "max": [-5.15652179718, -4.60841560364, -5.39601993561, -5.82299852371, -5.75959873199, -8.9040184021], "dmean": [0.374647766352, 0.324317246675, 0.305449098349, 0.285878032446, 0.315134555101, 0.501347601414]}, "spectral_rms": {"dvar": 4.67958813033e-07, "mean": 0.00443146238104, "min": 3.08455908385e-12, "median": 0.00467262463644, "dvar2": 9.42594624576e-07, "var": 5.09537994731e-06, "dmean2": 0.000783985771704, "max": 0.0118580171838, "dmean": 0.000544426904526}, "barkbands_spread": {"dvar": 12.5239248276, "mean": 9.51926803589, "min": 0.0255557391793, "median": 8.06087017059, "dvar2": 23.272562027, "var": 50.6359100342, "dmean2": 3.6614279747, "max": 85.4445495605, "dmean": 2.48223352432}, "pitch_salience": {"dvar": 0.00263214134611, "mean": 0.555427372456, "min": 0.011865102686, "median": 0.565664052963, "dvar2": 0.00626411382109, "var": 0.0118725150824, "dmean2": 0.0886526480317, "max": 0.988084614277, "dmean": 0.0558069162071}, "erbbands_skewness": {"dvar": 0.148570075631, "mean": 1.18702924252, "min": -2.50879383087, "median": 1.08687794209, "dvar2": 0.32154494524, "var": 1.06941020489, "dmean2": 0.569768726826, "max": 13.6004953384, "dmean": 0.385592699051}, "spectral_energyband_middle_high": {"dvar": 2.77082654065e-06, "mean": 0.00280435546301, "min": 1.21738701163e-21, "median": 0.00156601669732, "dvar2": 6.26242172075e-06, "var": 1.29810077851e-05, "dmean2": 0.00127716851421, "max": 0.0463158972561, "dmean": 0.000860634841956}, "erbbands": {"dvar": [0.0538103096187, 2.83315873146, 3.89955449104, 3.28104496002, 19.3291816711, 50.3706474304, 887.877807617, 3480.42700195, 1083.99523926, 1510.94311523, 2142.90234375, 3357.66259766, 331.341461182, 860.450500488, 676.572937012, 293.360748291, 361.708587646, 238.44859314, 656.498046875, 311.348724365, 140.929122925, 74.0167236328, 177.31211853, 59.2480201721, 437.947631836, 256.706665039, 81.3401641846, 102.167816162, 30.889333725, 24.2190647125, 1.47457742691, 0.165970906615, 0.0677220150828, 0.021210571751, 0.00405559688807, 0.0017647302011, 0.000105224055005, 4.18944773628e-06, 2.1107041448e-07, 2.71935740592e-09], "mean": [0.100015230477, 0.739027798176, 1.70787322521, 2.29771709442, 4.65166711807, 8.66093254089, 28.8753509521, 54.3504714966, 43.4102897644, 54.7378234863, 51.9164619446, 54.0295410156, 25.0284690857, 24.8202533722, 19.050283432, 16.5501289368, 13.4076242447, 10.9888620377, 13.1027469635, 11.2951498032, 6.8865275383, 5.86770629883, 7.89297580719, 3.99729299545, 3.35595273972, 3.02881622314, 2.09875130653, 2.13759231567, 1.44549560547, 1.28030192852, 0.483550041914, 0.226533874869, 0.151013985276, 0.0784385353327, 0.0345867872238, 0.0209372285753, 0.00539875682443, 0.00104888586793, 0.000207523378776, 4.55858244095e-05], "min": [1.34576502365e-22, 4.23476866499e-22, 8.50111751461e-22, 3.54107619181e-21, 1.17043116308e-20, 1.04341103689e-20, 7.01556822172e-20, 7.98827575341e-20, 1.36773241536e-19, 1.76096192935e-19, 3.75680437857e-19, 3.08304431465e-19, 4.39946451942e-19, 7.48200321992e-19, 1.20853641414e-18, 1.50314040822e-18, 1.93759696583e-18, 2.01431858803e-18, 2.38493768867e-18, 2.49378597188e-18, 3.27683649875e-18, 4.32151453401e-18, 6.22654167681e-18, 5.90046707934e-18, 7.85387394822e-18, 7.93023595365e-18, 8.17209694731e-18, 9.56339984838e-18, 1.0230331588e-17, 1.15372794374e-17, 1.26869206953e-17, 1.17570133497e-17, 1.03022028299e-17, 8.45542036918e-18, 6.97181403793e-18, 3.95053478262e-18, 2.36990264706e-18, 9.14980768094e-19, 2.5448304603e-19, 2.65604851257e-20], "median": [0.0360276810825, 0.391587793827, 1.18343853951, 1.48249650002, 2.65077137947, 5.17045164108, 9.95322990417, 17.3159446716, 18.0999774933, 25.18775177, 29.074754715, 20.7002944946, 12.5530920029, 8.29335021973, 6.53795146942, 5.61386632919, 4.38796901703, 3.82495927811, 3.74503302574, 3.58089494705, 1.90120768547, 1.62816512585, 1.11925601959, 0.762006878853, 0.504002094269, 0.420411646366, 0.259283334017, 0.226558476686, 0.134817570448, 0.110414624214, 0.0514573417604, 0.0327961593866, 0.0291676074266, 0.0136623634025, 0.00518591841683, 0.0025843360927, 0.000607469235547, 9.60834295256e-05, 2.60027118202e-05, 3.04661716655e-05], "dvar2": [0.082354798913, 7.1225399971, 10.5400152206, 8.06362819672, 46.6070098877, 137.443328857, 1988.23962402, 7701.48046875, 2362.36254883, 3192.99609375, 5262.74707031, 8046.26416016, 766.46685791, 2163.85717773, 1611.83837891, 732.854675293, 808.555725098, 628.717102051, 1735.18688965, 774.265380859, 347.59362793, 180.006881714, 419.238433838, 116.916213989, 952.826782227, 514.259887695, 182.606445312, 237.859176636, 58.6586532593, 44.8993186951, 2.64672327042, 0.339691519737, 0.159024938941, 0.0513977557421, 0.00986140221357, 0.00437898188829, 0.000251074350672, 9.28875488171e-06, 4.20234528065e-07, 5.65230395821e-09], "var": [0.103705912828, 3.13711261749, 4.61239767075, 7.11220788956, 38.6624755859, 113.637435913, 2462.80810547, 11187.6328125, 5062.23291016, 8763.72753906, 5187.53857422, 8525.26269531, 1280.69177246, 2592.01245117, 1720.59484863, 884.832092285, 1297.27697754, 574.214660645, 1298.41760254, 510.352966309, 239.286178589, 173.966384888, 422.976837158, 162.0962677, 661.599609375, 356.893432617, 105.000816345, 145.942504883, 73.2509918213, 58.9462661743, 4.50466871262, 0.350554853678, 0.0914968922734, 0.0252291075885, 0.00504196900874, 0.00188818492461, 0.000123447593069, 6.13228303337e-06, 3.35076606461e-07, 4.18466328256e-09], "dmean2": [0.0945855900645, 0.940442740917, 1.48065793514, 1.59281945229, 4.37121391296, 7.04214191437, 19.2565250397, 34.6336593628, 23.7248516083, 26.544216156, 30.7529144287, 36.6813049316, 14.7971191406, 17.0343914032, 12.95789814, 11.5266895294, 9.49796581268, 8.93497467041, 11.421626091, 10.2216024399, 5.71976947784, 4.47532653809, 6.07192707062, 3.08042573929, 3.68719410896, 3.19770050049, 2.30582785606, 2.35011267662, 1.42848110199, 1.2680721283, 0.471078455448, 0.250307440758, 0.194772064686, 0.107749640942, 0.0464892797172, 0.0326856262982, 0.00790622923523, 0.00133682251908, 0.000220064554014, 2.71974804491e-05], "max": [3.85252356529, 26.4197788239, 36.1556472778, 30.6423530579, 78.5497512817, 116.896934509, 624.58190918, 1362.23449707, 1052.69067383, 1084.70581055, 1223.16174316, 1711.81335449, 395.366912842, 894.742736816, 1036.10266113, 376.370605469, 1041.22351074, 434.912536621, 1403.82763672, 585.351501465, 525.871398926, 258.631958008, 408.212982178, 352.574615479, 1456.25061035, 691.978637695, 435.208587646, 338.033905029, 261.17956543, 233.581451416, 62.4819030762, 12.5298948288, 2.95925998688, 1.87737333775, 1.1348451376, 0.488679200411, 0.114326380193, 0.0330974794924, 0.00648870924488, 0.000840817112476], "dmean": [0.0670900344849, 0.54691618681, 0.884745359421, 1.03853201866, 2.72411513329, 4.29290437698, 13.1416625977, 24.1043338776, 16.1309776306, 18.1332416534, 20.7915859222, 24.7245063782, 9.92130661011, 11.2447013855, 8.42848968506, 7.31252193451, 6.06959295273, 5.61486673355, 7.17398548126, 6.45481538773, 3.75984549522, 2.87480592728, 3.99386644363, 2.08837532997, 2.41951608658, 2.18204331398, 1.59494662285, 1.5811662674, 0.994368970394, 0.88869780302, 0.335154771805, 0.171065971255, 0.126075983047, 0.0695185214281, 0.0293308962137, 0.020171854645, 0.00496647553518, 0.000848389230669, 0.000143173834658, 1.8697393898e-05]}, "dissonance": {"dvar": 0.000956286501605, "mean": 0.41693302989, "min": 0.0820538327098, "median": 0.429946750402, "dvar2": 0.00254040816799, "var": 0.00394435925409, "dmean2": 0.050454121083, "max": 0.500000059605, "dmean": 0.0305462218821}, "erbbands_flatness_db": {"dvar": 0.000580473861191, "mean": 0.237043619156, "min": 0.0286845266819, "median": 0.225373119116, "dvar2": 0.000915286247618, "var": 0.00817789230496, "dmean2": 0.032738789916, "max": 0.640120625496, "dmean": 0.0261631589383}, "melbands_kurtosis": {"dvar": 46.340133667, "mean": 7.45569229126, "min": -1.69426715374, "median": 3.7069773674, "dvar2": 92.8977508545, "var": 398.895111084, "dmean2": 4.91396045685, "max": 551.174377441, "dmean": 3.21020436287}, "melbands_spread": {"dvar": 21.3511161804, "mean": 12.55286026, "min": 0.251463621855, "median": 10.4681882858, "dvar2": 41.8217391968, "var": 181.131210327, "dmean2": 4.28956794739, "max": 170.128570557, "dmean": 2.88798165321}, "melbands_skewness": {"dvar": 0.228502064943, "mean": 1.36915373802, "min": -1.20109140873, "median": 1.16912269592, "dvar2": 0.484081357718, "var": 1.29207515717, "dmean2": 0.649844348431, "max": 16.8667087555, "dmean": 0.437189847231}, "spectral_entropy": {"dvar": 0.0546304024756, "mean": 6.68391275406, "min": 3.0748591423, "median": 6.76329994202, "dvar2": 0.0936855971813, "var": 0.768254220486, "dmean2": 0.296990305185, "max": 9.81952667236, "dmean": 0.221584171057}, "zerocrossingrate": {"dvar": 4.32448941865e-05, "mean": 0.0363442860544, "min": 0.0078125, "median": 0.0283203125, "dvar2": 4.78357833344e-05, "var": 0.00223740562797, "dmean2": 0.00589829310775, "max": 0.52294921875, "dmean": 0.00485392706469}, "average_loudness": 0.869764626026, "spectral_contrast_coeffs": {"dvar": [0.00141629006248, 0.00131810223684, 0.000910403439775, 0.000521368405316, 0.000342075916706, 0.000398915057303], "mean": [-0.682721555233, -0.639531612396, -0.729005157948, -0.776424527168, -0.811540782452, -0.79490685463], "min": [-0.976720452309, -0.988327264786, -0.977756917477, -0.969671607018, -0.968879640102, -0.963853538036], "median": [-0.680849671364, -0.637221813202, -0.730321526527, -0.776807069778, -0.815771400928, -0.797773003578], "dvar2": [0.00400362163782, 0.00329572241753, 0.0022790459916, 0.0013711474603, 0.000746708130464, 0.00072716595605], "var": [0.00735383108258, 0.00747154140845, 0.00561639573425, 0.00293017993681, 0.00239441450685, 0.00327944662422], "dmean2": [0.07882784307, 0.0669694244862, 0.0567552112043, 0.0456132628024, 0.0317145138979, 0.0294086448848], "max": [-0.381161123514, -0.355185180902, -0.411024093628, -0.599129974842, -0.597227573395, -0.509669601917], "dmean": [0.0467208363116, 0.0425853580236, 0.0354819446802, 0.0278254784644, 0.0203018300235, 0.0202002152801]}, "barkbands_flatness_db": {"dvar": 0.00056335167028, "mean": 0.210404649377, "min": 0.0221791639924, "median": 0.194683507085, "dvar2": 0.000980853103101, "var": 0.00879494752735, "dmean2": 0.0328087769449, "max": 0.660286486149, "dmean": 0.0251882541925}, "silence_rate_30dB": {"dvar": 0.00531921721995, "mean": 0.996256291866, "min": 0, "median": 1, "dvar2": 0.0144376680255, "var": 0.00372995622456, "dmean2": 0.01069862023, "max": 1, "dmean": 0.00534873781726}, "spectral_energyband_high": {"dvar": 1.70479566464e-07, "mean": 0.0001680918067, "min": 6.91420240753e-21, "median": 2.32773509197e-05, "dvar2": 2.9562241366e-07, "var": 4.30033992416e-07, "dmean2": 0.000144717225339, "max": 0.0137304961681, "dmean": 0.000107808009489}, "melbands_flatness_db": {"dvar": 0.000720308860764, "mean": 0.294216305017, "min": 0.00340320495889, "median": 0.281906485558, "dvar2": 0.00127482682001, "var": 0.0100983539596, "dmean2": 0.0358937308192, "max": 0.718626081944, "dmean": 0.0270892120898}, "barkbands": {"dvar": [1.38458005949e-07, 4.7252389777e-05, 1.89158447483e-06, 8.57257248299e-07, 3.60445142178e-06, 3.27801681124e-05, 7.46404066376e-06, 3.79223797609e-06, 5.12007227371e-06, 2.75176802234e-07, 6.69821758947e-07, 2.57664737546e-07, 1.65017965514e-07, 1.61864434745e-07, 1.51437632212e-07, 9.30373857955e-08, 2.39785471479e-08, 4.8858765922e-08, 9.84129968629e-08, 9.68968478787e-08, 4.30738289481e-08, 2.55827501405e-08, 5.20942489146e-09, 2.63355920405e-10, 1.12404988095e-10, 5.03871389057e-11, 1.2134315254e-11], "mean": [0.000107566003862, 0.00339293014258, 0.00139679352287, 0.000919182784855, 0.00258498732001, 0.00575228082016, 0.00333895813674, 0.00246334285475, 0.00235595949925, 0.00057441968238, 0.000641696329694, 0.000468444079161, 0.000243783753831, 0.000208010940696, 0.000265549606411, 0.000138538860483, 9.34672498261e-05, 0.000143334225868, 5.95911333221e-05, 6.55515832477e-05, 5.15790925419e-05, 4.35717702203e-05, 2.1565663701e-05, 9.62682861427e-06, 5.87922249906e-06, 3.62848140867e-06, 1.31512092594e-06], "min": [2.45229960207e-25, 2.74650266357e-24, 1.22881849282e-25, 8.82190644487e-25, 2.77127329042e-24, 8.80034293203e-24, 6.71149920843e-24, 1.04148422267e-23, 1.23852266525e-23, 1.09283157342e-23, 1.95575326478e-23, 2.20216753694e-23, 4.45518725663e-23, 3.8084191331e-23, 4.08169064809e-23, 3.9976848503e-23, 7.1627566763e-23, 1.10416040488e-22, 1.14935494034e-22, 1.40372105664e-22, 2.34368277778e-22, 3.01746894555e-22, 4.24397776409e-22, 6.00527419671e-22, 9.01290421662e-22, 1.27257647786e-21, 1.93154488434e-21], "median": [3.3681968489e-05, 0.00171610433608, 0.000979560660198, 0.000448052742286, 0.00160224514548, 0.00187475827988, 0.00113517232239, 0.00126976007596, 0.000909168797079, 0.000180840070243, 0.00017962869606, 0.000134867688757, 6.97554569342e-05, 5.97185535298e-05, 7.29766325094e-05, 3.18852762575e-05, 2.77733051917e-05, 1.83760057553e-05, 1.08062613435e-05, 9.42364113143e-06, 6.05048944635e-06, 3.89783008359e-06, 2.13306793739e-06, 1.6786134438e-06, 9.55745349529e-07, 4.23975080821e-07, 5.86665862556e-08], "dvar2": [2.88013097816e-07, 9.9220444099e-05, 5.18014485351e-06, 1.9981080186e-06, 9.20788261283e-06, 7.30077154003e-05, 1.5633611838e-05, 8.88710110303e-06, 1.23114268717e-05, 6.27136500952e-07, 1.60253182457e-06, 6.578223406e-07, 3.81230876201e-07, 4.34489294321e-07, 3.93919862063e-07, 2.34893519746e-07, 5.91892330704e-08, 1.12596524104e-07, 2.10978782889e-07, 1.96776440475e-07, 9.34161690225e-08, 4.61183020661e-08, 1.04855963912e-08, 5.85702653044e-10, 2.71491468196e-10, 1.22511736866e-10, 2.47872920106e-11], "var": [1.57856646865e-07, 7.49432801967e-05, 2.6810282634e-06, 1.7837063524e-06, 9.83165318758e-06, 9.90123298834e-05, 4.59913426312e-05, 1.09040238385e-05, 1.35361897264e-05, 1.14183035294e-06, 1.93396067516e-06, 8.44989074267e-07, 5.51096775325e-07, 2.88971307327e-07, 3.35496054049e-07, 1.2492810697e-07, 4.8351211035e-08, 1.38421185625e-07, 1.55897865284e-07, 1.39802139643e-07, 6.64911325998e-08, 6.55419611917e-08, 1.19516920805e-08, 4.26297358525e-10, 1.3941266197e-10, 5.64131137637e-11, 1.7096664362e-11], "dmean2": [0.000134805217385, 0.00359658664092, 0.00107700179797, 0.000767426856328, 0.00198168214411, 0.00377714121714, 0.00178570579737, 0.00138632033486, 0.00160070473794, 0.000377058371669, 0.00046793432557, 0.000334003270837, 0.000192581574083, 0.000194593871129, 0.000225465817493, 0.000143518540426, 7.7795200923e-05, 0.000105487582914, 6.1558377638e-05, 6.98503790773e-05, 5.45307448192e-05, 4.23815181421e-05, 2.13191997318e-05, 1.14860558824e-05, 7.80007940193e-06, 5.47776608073e-06, 1.51707206442e-06], "max": [0.00541684310883, 0.112749159336, 0.0279211420566, 0.0153709556907, 0.0376061014831, 0.113673605025, 0.0874007120728, 0.0525289960206, 0.0590053685009, 0.0098663372919, 0.0216914750636, 0.0121361324564, 0.0221465229988, 0.0195333138108, 0.00769804930314, 0.0129141556099, 0.00471972441301, 0.00673707202077, 0.0222903918475, 0.0119181964546, 0.00668870424852, 0.00716894399375, 0.0040382980369, 0.000281683140201, 0.000159463801538, 7.96662789071e-05, 4.96615757584e-05], "dmean": [8.66188929649e-05, 0.00226226309314, 0.000661609927192, 0.000502456678078, 0.00122769386508, 0.00261538964696, 0.00122032687068, 0.000944390252698, 0.00107820599806, 0.000246387702646, 0.000311486743158, 0.000213118924876, 0.000120804550534, 0.000120336713735, 0.000144442732562, 9.11478491616e-05, 4.90881393489e-05, 6.96264978615e-05, 4.06763974752e-05, 4.75613051094e-05, 3.7526810047e-05, 2.98928061966e-05, 1.49785391841e-05, 7.6544311014e-06, 5.0257640396e-06, 3.4066229091e-06, 9.92337731986e-07]}, "erbbands_spread": {"dvar": 32.5023117065, "mean": 18.3529872894, "min": 0.295833170414, "median": 15.0579242706, "dvar2": 60.4008026123, "var": 184.970794678, "dmean2": 6.12785720825, "max": 134.064117432, "dmean": 4.32802200317}, "barkbands_kurtosis": {"dvar": 1067.54382324, "mean": 13.8402824402, "min": -1.81467247009, "median": 2.92683172226, "dvar2": 1975.60888672, "var": 9247.65136719, "dmean2": 6.72615909576, "max": 3005.12402344, "dmean": 4.64404535294}, "spectral_flux": {"dvar": 0.000463937962195, "mean": 0.0582467205822, "min": 6.20695508879e-11, "median": 0.0546559542418, "dvar2": 0.00108296028338, "var": 0.00158621312585, "dmean2": 0.0269530434161, "max": 0.299736320972, "dmean": 0.0168367102742}, "silence_rate_20dB": {"dvar": 0, "mean": 1, "min": 1, "median": 1, "dvar2": 0, "var": 0, "dmean2": 0, "max": 1, "dmean": 0}, "gfcc": {"cov": [[35753.4023438, 1568.91967773, -1754.64233398, 3377.2512207, 331.528869629, 1315.08837891, -339.934082031, 79.5548019409, -1063.23205566, -606.274414062, -731.892822266, 116.134292603, 143.757781982], [1568.91967773, 1694.1973877, -505.839172363, -160.701141357, 175.069290161, -116.377662659, 77.7330551147, -125.990211487, 104.907798767, -105.884284973, 142.006240845, -92.3269958496, 116.25478363], [-1754.64233398, -505.839172363, 761.732788086, -12.0588026047, -13.778295517, 120.821113586, -34.3688087463, 35.0661087036, -74.9209976196, 61.7058525085, -51.5697059631, 34.7008934021, -55.6387443542], [3377.2512207, -160.701141357, -12.0588026047, 1134.72473145, 279.010040283, 320.668914795, 53.5395088196, 1.06087195873, -162.814575195, -128.261871338, -152.231964111, 13.6207513809, 44.2222518921], [331.528869629, 175.069290161, -13.778295517, 279.010040283, 347.72064209, 99.7721862793, 35.9492835999, 6.23474025726, -34.2949409485, -67.4953079224, -23.4826316833, -9.7587518692, 26.5109729767], [1315.08837891, -116.377662659, 120.821113586, 320.668914795, 99.7721862793, 358.339019775, 56.3548812866, 28.7534999847, -97.5442733765, -22.4312076569, -66.5970535278, 10.0544910431, -26.6167907715], [-339.934082031, 77.7330551147, -34.3688087463, 53.5395088196, 35.9492835999, 56.3548812866, 174.209457397, 5.94102191925, 16.796585083, -28.3519668579, 17.495513916, -20.6912555695, 12.7484483719], [79.5548019409, -125.990211487, 35.0661087036, 1.06087195873, 6.23474025726, 28.7534999847, 5.94102191925, 127.926750183, 14.4351949692, 8.54382514954, -33.3192634583, 1.90613722801, -33.2826194763], [-1063.23205566, 104.907798767, -74.9209976196, -162.814575195, -34.2949409485, -97.5442733765, 16.796585083, 14.4351949692, 163.359054565, 47.3694458008, 46.0093841553, -35.0081710815, -5.66336107254], [-606.274414062, -105.884284973, 61.7058525085, -128.261871338, -67.4953079224, -22.4312076569, -28.3519668579, 8.54382514954, 47.3694458008, 118.925315857, 31.1719512939, -15.9264678955, -38.3400650024], [-731.892822266, 142.006240845, -51.5697059631, -152.231964111, -23.4826316833, -66.5970535278, 17.495513916, -33.3192634583, 46.0093841553, 31.1719512939, 121.798713684, 28.0360412598, 12.2694320679], [116.134292603, -92.3269958496, 34.7008934021, 13.6207513809, -9.7587518692, 10.0544910431, -20.6912555695, 1.90613722801, -35.0081710815, -15.9264678955, 28.0360412598, 104.617088318, 30.8653659821], [143.757781982, 116.25478363, -55.6387443542, 44.2222518921, 26.5109729767, -26.6167907715, 12.7484483719, -33.2826194763, -5.66336107254, -38.3400650024, 12.2694320679, 30.8653659821, 87.5048904419]], "mean": [-101.391517639, 146.230422974, -107.329704285, -1.56343102455, -60.6932487488, -3.25162363052, -31.6101894379, 4.99081850052, -8.4626159668, 4.1552734375, -8.56456851959, -2.76302742958, -6.5105509758], "icov": [[0.000100974692032, -0.000206528973649, 0.000256469851593, -0.000252445781371, 0.0002771934669, -0.000192667430383, 0.000280492153252, -0.000221679132665, 0.000474907079479, -0.000155324873049, 0.000392922927858, -0.000250235112617, 0.000127235936816], [-0.000206528973649, 0.00162640912458, -7.09544838173e-05, 0.000832921650726, -0.00107455148827, -3.36933226208e-05, -0.000180170070962, 0.000760387338232, -0.00118373776786, 0.00155383301899, -0.00246269581839, 0.0023911150638, -0.00155066372827], [0.000256469851593, -7.09544838173e-05, 0.00252782739699, -0.000256977044046, 0.00027783511905, -0.000988958287053, 0.000683573191054, -0.00029761416954, 0.0017607799964, -0.00127226125915, 0.00155954854563, -0.00106866913848, 0.000527096155565], [-0.000252445781371, 0.000832921650726, -0.000256977044046, 0.00241554202512, -0.00168850820046, -0.000600080355071, -0.000800762907602, 0.00106999906711, -0.000826810661238, 0.000824217335321, 0.000249453965807, 0.000637074117549, -0.00117538799532], [0.0002771934669, -0.00107455148827, 0.00027783511905, -0.00168850820046, 0.00507954647765, -0.00103679765016, 0.00104607455432, -0.00161557854153, 0.00117563712411, 0.00106287980452, -2.00440026674e-05, 0.000294651341392, -0.000178333415533], [-0.000192667430383, -3.36933226208e-05, -0.000988958287053, -0.000600080355071, -0.00103679765016, 0.00570081872866, -0.00282711186446, 0.000189325510291, 0.00103798357304, -0.00152551289648, 0.00119915499818, -0.00151098787319, 0.00233138934709], [0.000280492153252, -0.000180170070962, 0.000683573191054, -0.000800762907602, 0.00104607455432, -0.00282711186446, 0.00894080102444, -0.00205448991619, 1.28076626424e-05, 0.00309428805485, -0.00341962231323, 0.00358509551734, -0.00207147933543], [-0.000221679132665, 0.000760387338232, -0.00029761416954, 0.00106999906711, -0.00161557854153, 0.000189325510291, -0.00205448991619, 0.0115628829226, -0.0037910644