{"metadata": {"audio_properties": {"downmix": "mix", "bit_rate": 256024, "lossless": false, "md5_encoded": "ffc67b4cb791adc20b84c54ea939628b", "analysis_sample_rate": 44100, "sample_rate": 44100, "replay_gain": -8.07635307312, "equal_loudness": 0, "codec": "mp3", "length": 274.834289551}, "tags": {"album": ["Able Bodies"], "length": ["275"], "artist": ["Spokane"], "musicbrainz_recordingid": ["9a818886-bbd2-42c3-ad38-68fd8d4c162f"], "discnumber": ["1"], "title": ["Cities"], "genre": ["Rock"], "tracknumber": ["6"], "date": ["2003"], "file_name": "2083270.mp3"}, "version": {"essentia_build_sha": "70f2e5ece6736b2c40cc944ad0e695b16b925413", "essentia_git_sha": "v2.1_beta2", "extractor": "music 1.0", "essentia": "2.1-beta2"}}, "tonal": {"chords_scale": "minor", "hpcp": {"dmean": [0.0147105474025, 0.0116626685485, 0.0136818103492, 0.0173021461815, 0.0351358167827, 0.0524396672845, 0.0669419914484, 0.0638374164701, 0.0522867068648, 0.0482314452529, 0.0382716432214, 0.0339676514268, 0.0300967749208, 0.0256733112037, 0.0203248392791, 0.0257528889924, 0.0468159690499, 0.0963131636381, 0.110864691436, 0.124219752848, 0.119564034045, 0.077350281179, 0.10210480541, 0.0651622638106, 0.0348537229002, 0.0188343767077, 0.0184628013521, 0.0190994367003, 0.0216162893921, 0.0276263747364, 0.0300322566181, 0.0511770769954, 0.109637983143, 0.0728182941675, 0.104615144432, 0.0378672555089], "dvar2": [0.0168744605035, 0.00985157396644, 0.0119067272171, 0.0127574419603, 0.0316561684012, 0.0436743572354, 0.0577864274383, 0.061937648803, 0.06466139853, 0.0581206902862, 0.0476797930896, 0.0436639301479, 0.0414545536041, 0.0330212078989, 0.0290101729333, 0.0339705534279, 0.0596421472728, 0.0897681340575, 0.0956969708204, 0.110956795514, 0.109381660819, 0.0893459916115, 0.103353001177, 0.0911136195064, 0.0510256290436, 0.0274284575135, 0.0167862996459, 0.0187531486154, 0.0164786409587, 0.0276839043945, 0.0294282399118, 0.0541710071266, 0.121120795608, 0.0626112595201, 0.108719609678, 0.0375936068594], "mean": [0.00886491127312, 0.00722129363567, 0.00991946551949, 0.0139722591266, 0.0344701856375, 0.114015936852, 0.144083738327, 0.0774049162865, 0.0440834984183, 0.0400011055171, 0.0289783086628, 0.0334183685482, 0.0399246364832, 0.0252532176673, 0.0127592328936, 0.0172437652946, 0.0364317297935, 0.14315918088, 0.254101544619, 0.197064235806, 0.286780834198, 0.420563906431, 0.226431742311, 0.0472369268537, 0.0214305911213, 0.0122038070112, 0.0238873437047, 0.032091319561, 0.0251969620585, 0.029566636309, 0.0291206408292, 0.0380659103394, 0.171593397856, 0.290187567472, 0.166103243828, 0.0254901312292], "var": [0.00326389633119, 0.00191490992438, 0.00252959574573, 0.00361467921175, 0.0113809015602, 0.0581033825874, 0.0751013085246, 0.026389176026, 0.0214223004878, 0.0182706639171, 0.0138679854572, 0.0175747014582, 0.0266232881695, 0.0115154823288, 0.00616565765813, 0.00856977887452, 0.0183657091111, 0.0521796196699, 0.117323026061, 0.072816208005, 0.0987009704113, 0.214160501957, 0.0790527835488, 0.0265391394496, 0.0112157575786, 0.00561587698758, 0.0109843024984, 0.0198043584824, 0.00806984864175, 0.014953491278, 0.0128761911765, 0.0158468764275, 0.0739608258009, 0.15986444056, 0.0689375773072, 0.00905118696392], "dmean2": [0.0279922932386, 0.0220061074942, 0.0252940580249, 0.0313923060894, 0.0628179460764, 0.0898360908031, 0.114897616208, 0.113273002207, 0.0929084122181, 0.0866554602981, 0.069119155407, 0.0619376525283, 0.0543108172715, 0.0463511236012, 0.0387615077198, 0.0480431802571, 0.0865500792861, 0.16791985929, 0.186424329877, 0.213407769799, 0.209302648902, 0.134732112288, 0.174243509769, 0.118694879115, 0.0662593394518, 0.0357449166477, 0.0322779268026, 0.0335308499634, 0.0376962088048, 0.047600351274, 0.0523265637457, 0.0941689535975, 0.192412659526, 0.122139297426, 0.180710226297, 0.0703282728791], "dvar": [0.00579937500879, 0.00335135729983, 0.00399532122537, 0.00445230677724, 0.0109273102134, 0.0169253461063, 0.0227492786944, 0.0223062299192, 0.0237566903234, 0.0201377626508, 0.0166805163026, 0.0156093509868, 0.0159000344574, 0.0116463070735, 0.00999395735562, 0.0122206443921, 0.0213778354228, 0.0328881777823, 0.038746509701, 0.0410427898169, 0.0383848547935, 0.034518763423, 0.038721382618, 0.0335458181798, 0.0177759081125, 0.0093688396737, 0.00640058191493, 0.00725201191381, 0.00595359737054, 0.0105327004567, 0.0109515339136, 0.0191037170589, 0.0412192307413, 0.0262383706868, 0.0377654135227, 0.0133534716442], "min": [0, 0, 0, 0, 0, 0, 0, 0, 0, 0, 0, 0, 0, 0, 0, 0, 0, 0, 0, 0, 0, 0, 0, 0, 0, 0, 0, 0, 0, 0, 0, 0, 0, 0, 0, 0], "median": [0.000138365998282, 0.000106157924165, 0.000234636638197, 0.00034260150278, 0.000544433249161, 0.00629330333322, 0.0100864823908, 0.00674687651917, 0.000900072103832, 0.000555325474124, 0.000390283588786, 0.000446242513135, 0.000429565669037, 0.000341946666595, 0.000265715381829, 0.00020555552328, 0.000634796218947, 0.0308788120747, 0.073256097734, 0.06123252213, 0.125450894237, 0.0575413405895, 0.0185405798256, 0.00049610203132, 0.000138951611007, 0.000200887065148, 0.000585319474339, 0.000699749682099, 0.000535698665772, 0.000233624741668, 0.000212245329749, 0.000684312661178, 0.0192045234144, 0.0342160537839, 0.0171044431627, 0.000765532371588], "max": [1, 1, 1, 1, 1, 1, 1, 1, 1, 1, 1, 1, 1, 1, 1, 1, 1, 1, 1, 1, 1, 1, 1, 1, 1, 1, 1, 1, 1, 1, 1, 1, 1, 1, 1, 1]}, "tuning_equal_tempered_deviation": 0.020944615826, "chords_key": "G#", "chords_strength": {"dmean": 0.00664554163814, "dvar2": 0.000619147671387, "mean": 0.454630464315, "var": 0.0234911199659, "dmean2": 0.00520454579964, "dvar": 0.000352362694684, "min": -1, "median": 0.464624226093, "max": 0.769605219364}, "tuning_diatonic_strength": 0.523008704185, "thpcp": [1, 0.538400292397, 0.112318068743, 0.05095680058, 0.0290177240968, 0.0567983686924, 0.0763054564595, 0.059912327677, 0.0703023597598, 0.0692418962717, 0.090511597693, 0.408007889986, 0.689996361732, 0.394953638315, 0.0606094114482, 0.0210786312819, 0.0171705018729, 0.0235861074179, 0.0332226790488, 0.08196182549, 0.271102517843, 0.342596530914, 0.184050306678, 0.104819975793, 0.0951130241156, 0.0689034610987, 0.0794608592987, 0.0949312001467, 0.0600460879505, 0.0303383916616, 0.0410015322268, 0.0866259038448, 0.340398162603, 0.604192495346, 0.468571454287, 0.681895971298], "chords_histogram": [25.3547306061, 8.36148643494, 0.591216206551, 0, 0, 0.11824323982, 0.304054051638, 21.7567558289, 1.30067563057, 4.81418895721, 0.0506756752729, 0, 0, 0, 2.7702703476, 1.14864861965, 3.31081080437, 0.92905408144, 0.574324309826, 0, 0, 3.17567563057, 14.0371618271, 11.4020271301], "tuning_nontempered_energy_ratio": 0.632686913013, "tuning_frequency": 440.763122559, "key_strength": 0.693034291267, "chords_changes_rate": 0.0542229712009, "key_scale": "minor", "hpcp_entropy": {"dmean": 0.411106318235, "dvar2": 0.549109041691, "mean": 1.36590862274, "var": 0.579246163368, "dmean2": 0.695488095284, "dvar": 0.212972998619, "min": 0, "median": 1.2540307045, "max": 4.19348812103}, "key_key": "G#", "chords_number_rate": 0.00185810809489}, "lowlevel": {"melbands_skewness": {"dmean": 0.84823101759, "dvar2": 3.06541156769, "mean": 3.74304080009, "var": 11.2682056427, "dmean2": 1.24665725231, "dvar": 1.44227266312, "min": -2.53835439682, "median": 2.67768120766, "max": 23.0377292633}, "melbands_kurtosis": {"dmean": 17.5711517334, "dvar2": 3326.61499023, "mean": 52.7315673828, "var": 8091.18994141, "dmean2": 26.3178386688, "dvar": 1419.8795166, "min": -1.93381500244, "median": 18.313583374, "max": 997.737365723}, "barkbands_kurtosis": {"dmean": 9.75710487366, "dvar2": 793.337036133, "mean": 29.2671089172, "var": 2189.140625, "dmean2": 14.7939777374, "dvar": 329.438354492, "min": -1.97996556759, "median": 13.7820539474, "max": 442.393920898}, "hfc": {"dmean": 2.28729391098, "dvar2": 61.0575141907, "mean": 8.57144832611, "var": 108.774536133, "dmean2": 3.35214495659, "dvar": 28.658039093, "min": 1.21216807204e-16, "median": 5.6342716217, "max": 207.188980103}, "silence_rate_20dB": {"dmean": 0, "dvar2": 0, "mean": 1, "var": 0, "dmean2": 0, "dvar": 0, "min": 1, "median": 1, "max": 1}, "erbbands_flatness_db": {"dmean": 0.0189468041062, "dvar2": 0.00118417246267, "mean": 0.26577475667, "var": 0.00664341310039, "dmean2": 0.0259889811277, "dvar": 0.000660986697767, "min": 0.0253621730953, "median": 0.271587342024, "max": 0.510559260845}, "spectral_flux": {"dmean": 0.0192866008729, "dvar2": 0.00205972185358, "mean": 0.0523570775986, "var": 0.00288702361286, "dmean2": 0.03098696284, "dvar": 0.000886919035111, "min": 1.04788171196e-10, "median": 0.0318942256272, "max": 0.5194632411}, "spectral_energyband_low": {"dmean": 0.00868021324277, "dvar2": 0.000966274237726, "mean": 0.0245375037193, "var": 0.000593919714447, "dmean2": 0.0144073162228, "dvar": 0.000335835618898, "min": 2.96756503671e-23, "median": 0.0192540306598, "max": 0.276547402143}, "spectral_rolloff": {"dmean": 85.1719360352, "dvar2": 465541.375, "mean": 524.729064941, "var": 3621125.25, "dmean2": 151.985946655, "dvar": 202543.625, "min": 86.1328125, "median": 258.3984375, "max": 19595.2148438}, "spectral_entropy": {"dmean": 0.209659174085, "dvar2": 0.181541547179, "mean": 5.76121664047, "var": 0.845968604088, "dmean2": 0.303612053394, "dvar": 0.0940955355763, "min": 3.70589804649, "median": 5.56782531738, "max": 9.80929088593}, "spectral_energy": {"dmean": 0.0106304083019, "dvar2": 0.00113217288163, "mean": 0.0390862487257, "var": 0.00125500105787, "dmean2": 0.0168324578553, "dvar": 0.000415250920923, "min": 1.09805600987e-20, "median": 0.030082507059, "max": 0.404357820749}, "spectral_centroid": {"dmean": 68.4703292847, "dvar2": 61501.5976562, "mean": 408.529663086, "var": 294884.03125, "dmean2": 97.400894165, "dvar": 38100.0859375, "min": 102.323982239, "median": 296.648895264, "max": 10627.4365234}, "barkbands_flatness_db": {"dmean": 0.0231234040111, "dvar2": 0.00167187699117, "mean": 0.361241698265, "var": 0.00907318014652, "dmean2": 0.0338049903512, "dvar": 0.000838632462546, "min": 0.0440059229732, "median": 0.364929735661, "max": 0.594931066036}, "spectral_rms": {"dmean": 0.000721629301552, "dvar2": 3.02996727441e-06, "mean": 0.00550805078819, "var": 7.79399761086e-06, "dmean2": 0.00109678006265, "dvar": 1.18478044442e-06, "min": 3.27303245271e-12, "median": 0.0054174521938, "max": 0.0198619086295}, "melbands": {"dmean": [0.00115975958761, 0.0018863970181, 0.00129909662064, 0.000302186206682, 0.000336324534146, 0.000276842736639, 0.000111723362352, 2.63508518401e-05, 6.90362066962e-05, 4.0357310354e-05, 3.63082858712e-06, 3.8856323954e-06, 5.97412008574e-06, 8.42930148792e-07, 2.34998537962e-06, 6.63344849272e-07, 6.78457126924e-07, 6.65276047584e-07, 5.94963239564e-07, 4.83155758957e-07, 4.16786178903e-07, 1.26123222799e-06, 5.53484824195e-07, 5.24257018242e-07, 4.01135707762e-07, 7.14425254955e-07, 1.55342070229e-06, 1.97821418624e-06, 1.82536928151e-06, 1.81024688573e-06, 7.96315646312e-07, 3.69952914525e-07, 1.88207181395e-07, 1.52583069735e-07, 1.23401619589e-07, 1.00393052094e-07, 1.08332095294e-07, 1.03346025071e-07, 1.06388419852e-07, 1.50922474518e-07], "dvar2": [2.43342365138e-05, 5.20715257153e-05, 1.71192914422e-05, 9.76775254458e-07, 1.41480711591e-06, 1.02171247818e-06, 1.38290204177e-07, 9.7453716208e-09, 7.21735418097e-08, 3.07003347189e-08, 6.485659787e-10, 7.64317498181e-10, 4.57347626437e-09, 8.29523463808e-11, 7.00085878158e-10, 8.22641330056e-11, 5.10922727737e-11, 4.7371728068e-11, 2.70649301581e-11, 2.51036049587e-11, 9.33201519532e-12, 2.84815171447e-10, 2.51753784486e-10, 2.72684763658e-10, 1.26131688427e-10, 2.80348327886e-10, 2.38356423488e-09, 2.37792963098e-09, 1.08987729952e-09, 8.59284920995e-10, 1.27802268768e-10, 6.78151501968e-12, 2.19755333722e-12, 1.18347085604e-12, 6.20134694464e-13, 4.3913852589e-13, 5.78073667493e-13, 5.12215541249e-13, 5.24005264093e-13, 7.93171843309e-13], "mean": [0.00262716994621, 0.00510434387252, 0.00349561939947, 0.000855764723383, 0.000766624230891, 0.000646676518954, 0.00038293687976, 8.16780448076e-05, 0.000189171551028, 0.000108432774141, 8.70302847034e-06, 8.20116110845e-06, 1.12512461783e-05, 1.40367353652e-06, 4.32299748354e-06, 9.95862365016e-07, 1.0418415286e-06, 1.00491160993e-06, 1.10444261736e-06, 1.0668638879e-06, 1.02444869299e-06, 2.31210583479e-06, 8.96184246812e-07, 7.99113536232e-07, 6.09535163676e-07, 9.50315893533e-07, 1.76180367362e-06, 2.42748092205e-06, 2.40527833739e-06, 2.52479503615e-06, 1.19332321447e-06, 6.31357977454e-07, 3.03063103502e-07, 2.05720624535e-07, 1.77842608196e-07, 1.40342478971e-07, 1.60850618158e-07, 1.64013101767e-07, 2.05478670523e-07, 2.94061180739e-07], "var": [1.16224800877e-05, 2.84336692857e-05, 2.79711184703e-05, 1.70578107372e-06, 1.37731012728e-06, 1.03503145965e-06, 1.08783933683e-06, 5.6946156235e-08, 2.52205438755e-07, 7.37371053106e-08, 1.15519360744e-09, 1.34998501267e-09, 6.24616003364e-09, 6.83727727213e-11, 9.87097514837e-10, 3.98401554802e-11, 2.27011603959e-11, 1.62662071312e-11, 1.6256378188e-11, 1.3327870925e-11, 1.22104305833e-11, 2.07760170179e-10, 2.70706235206e-10, 3.02927183338e-10, 8.96665589001e-11, 1.69990285737e-10, 6.79896083877e-10, 8.89895324097e-10, 7.3641748255e-10, 4.98932728465e-10, 6.13820314022e-11, 6.78109911972e-12, 2.16071713473e-12, 1.31597792559e-12, 6.94772039379e-13, 4.54243603452e-13, 7.13849118705e-13, 4.69530393298e-13, 5.60486824053e-13, 1.01492707467e-12], "dmean2": [0.00204188656062, 0.00320045114495, 0.00187859532889, 0.000451667874586, 0.000531059165951, 0.000437125272583, 0.000129701234982, 3.79631528631e-05, 8.67961280164e-05, 5.23935486854e-05, 5.40468090549e-06, 5.67693314224e-06, 8.77773527463e-06, 1.36962046327e-06, 3.74873138753e-06, 1.09644372515e-06, 1.15254431421e-06, 1.11172278139e-06, 9.44015482673e-07, 7.29622229301e-07, 5.96259667418e-07, 1.82931080417e-06, 8.29212581266e-07, 7.44839951494e-07, 6.09285393693e-07, 1.10026985567e-06, 2.5261592782e-06, 3.16474870488e-06, 2.61727200268e-06, 2.70462805929e-06, 1.251166168e-06, 5.69246708437e-07, 2.90335634645e-07, 2.29110426631e-07, 1.88690023606e-07, 1.53828850102e-07, 1.63951014542e-07, 1.58707649689e-07, 1.65981532518e-07, 2.39976088778e-07], "dvar": [7.80913978815e-06, 1.7979858967e-05, 7.44130102248e-06, 3.95255938201e-07, 5.24793620116e-07, 3.72515614799e-07, 1.15112257504e-07, 5.99500227239e-09, 3.91996124449e-08, 1.52731836067e-08, 3.0778629645e-10, 3.5239222651e-10, 2.07449479817e-09, 3.2542749745e-11, 3.07799369326e-10, 3.28074650779e-11, 1.86739304575e-11, 1.71815599942e-11, 1.06404772146e-11, 1.01886207804e-11, 4.16642892062e-12, 1.2367146196e-10, 1.24957266756e-10, 1.31094926581e-10, 5.25732617163e-11, 1.20068954779e-10, 8.68159599765e-10, 9.2086555048e-10, 4.88876550353e-10, 3.53817170007e-10, 5.08435411828e-11, 3.21222258862e-12, 1.05722993294e-12, 5.88561371948e-13, 2.91776504216e-13, 2.07161843018e-13, 2.91271293109e-13, 2.41153993476e-13, 2.24907562734e-13, 3.11677550088e-13], "min": [3.43839027822e-24, 4.25339561156e-24, 7.99013071755e-24, 7.62552315146e-24, 4.54359268947e-24, 4.44063845273e-24, 5.50099451595e-24, 1.96491430647e-23, 7.82105968176e-24, 9.63303926003e-24, 2.114801665e-23, 8.18346080389e-24, 5.57323800322e-24, 1.04467903045e-23, 9.81384381292e-24, 5.44087148206e-24, 1.38992384785e-23, 1.18368405279e-23, 1.60036132956e-23, 9.12349349096e-24, 5.52130452882e-24, 6.82296446548e-24, 9.3495123955e-24, 1.50607225655e-23, 1.82970149628e-23, 1.62224795983e-23, 1.4045273987e-23, 1.28232961015e-23, 1.55928691995e-23, 1.53316142449e-23, 8.6074482969e-24, 1.41902366447e-23, 7.36836554041e-24, 1.24608160933e-23, 1.04286323042e-23, 6.62725754122e-24, 7.35987976365e-24, 9.17897171185e-24, 1.05376907466e-23, 8.39002166534e-24], "median": [0.00119468173943, 0.00411718571559, 0.00112893921323, 0.000330932612997, 0.000240171211772, 0.000212113227462, 4.8703259381e-05, 1.63542608789e-05, 2.58375621343e-05, 1.37186134452e-05, 7.6072143429e-07, 5.43815758647e-07, 2.80744444581e-07, 1.24736743601e-07, 1.40542084637e-07, 6.7536454651e-08, 1.16401231764e-07, 1.17970387237e-07, 1.87095480442e-07, 1.15656561661e-07, 9.14663615958e-08, 1.20071533161e-07, 4.96651750836e-08, 1.92513809338e-08, 2.08513810662e-08, 3.6171627471e-08, 4.35091997986e-08, 2.01546441758e-08, 1.83098229911e-08, 1.44597223084e-08, 8.5802973615e-09, 5.95758109512e-09, 3.43759909427e-09, 2.39892283815e-09, 2.08845252203e-09, 1.67521596595e-09, 1.41710965185e-09, 1.10795406183e-09, 8.8639096063e-10, 8.68655425368e-10], "max": [0.0374495051801, 0.0700461491942, 0.0685597285628, 0.0144201265648, 0.0104806441814, 0.0135677810758, 0.0150602143258, 0.00607634196058, 0.00644801184535, 0.0038960292004, 0.00123634748161, 0.00108809489757, 0.00260370667093, 0.000255548977293, 0.00109814759344, 0.000363145198207, 0.000175850829692, 0.000195724045625, 0.000156255133334, 0.00022465584334, 9.73109708866e-05, 0.000805603223853, 0.00102843006607, 0.000987154431641, 0.000470285653137, 0.000717064773198, 0.00217990530655, 0.0022130724974, 0.00117539323401, 0.00103022612166, 0.000372771988623, 9.04934422579e-05, 4.23299788963e-05, 2.94980181934e-05, 2.07799912459e-05, 1.7367201508e-05, 2.25330641115e-05, 1.96230794245e-05, 1.96711662284e-05, 1.47706505231e-05]}, "barkbands_crest": {"dmean": 1.87111449242, "dvar2": 12.5282907486, "mean": 15.0490312576, "var": 18.9438400269, "dmean2": 2.98371195793, "dvar": 4.41102933884, "min": 3.82021260262, "median": 14.8686170578, "max": 26.037322998}, "mfcc": {"icov": [[0.000129204127006, 4.57118994746e-06, 8.20366949483e-06, -7.35388457542e-05, 0.000117861738545, 0.000127544029965, -0.000101168487163, 0.000393571215682, -0.000262564542936, 0.000121172073705, -4.8539063755e-06, 4.1809907998e-05, -5.48493080714e-05], [4.57118994746e-06, 0.000523021677509, -0.000277568266029, 0.000106944935396, -0.000276227016002, 0.000632416806184, 0.000224746254389, -1.78347909241e-05, -0.000143874160131, -0.000281313783489, 0.000199089758098, -0.000405007740483, -9.00149170775e-05], [8.20366949483e-06, -0.000277568266029, 0.00166505284142, -8.85831759661e-05, 0.00038367358502, -0.00128027133178, -3.37736419169e-05, -0.000342671031831, -0.000491503102239, 0.000628149777185, -0.00135172042064, 0.000863562105224, -0.000474807457067], [-7.35388457542e-05, 0.000106944935396, -8.85831759661e-05, 0.00239403964952, -0.00106013496406, -0.000436286441982, 0.000445249403128, 4.16993279941e-05, -0.000150231397129, -0.00158551742788, 0.00219366815872, -0.00182541168761, 0.00114720815327], [0.000117861738545, -0.000276227016002, 0.00038367358502, -0.00106013496406, 0.0039865700528, -0.00110412400682, 0.000677052186802, -0.00212801573798, -8.43003945192e-05, 0.000820080749691, -0.00158237246796, 0.00344437989406, -0.00240557151847], [0.000127544029965, 0.000632416806184, -0.00128027133178, -0.000436286441982, -0.00110412400682, 0.00505818100646, -0.00284216809087, 0.00233708764426, 5.97783764533e-06, -0.000692052475642, 0.0026626533363, -0.00309653626755, 0.00290783331729], [-0.000101168487163, 0.000224746254389, -3.37736419169e-05, 0.000445249403128, 0.000677052186802, -0.00284216809087, 0.00718572549522, -0.0029821197968, 0.000569474475924, 0.00182436231989, -0.00312085496262, 0.00208457862027, -0.00131384877022], [0.000393571215682, -1.78347909241e-05, -0.000342671031831, 4.16993279941e-05, -0.00212801573798, 0.00233708764426, -0.0029821197968, 0.00812237802893, -0.00207373942249, -0.00127334916033, 0.00012380022963, -0.00225072447211, 0.000163807650097], [-0.000262564542936, -0.000143874160131, -0.000491503102239, -0.000150231397129, -8.43003945192e-05, 5.97783764533e-06, 0.000569474475924, -0.00207373942249, 0.0079249907285, -0.00168905965984, 0.000910784467123, -0.00154285726603, 0.000552340759896], [0.000121172073705, -0.000281313783489, 0.000628149777185, -0.00158551742788, 0.000820080749691, -0.000692052475642, 0.00182436231989, -0.00127334916033, -0.00168905965984, 0.0112139461562, -0.00839538872242, 0.00451797619462, -0.000612096278928], [-4.8539063755e-06, 0.000199089758098, -0.00135172042064, 0.00219366815872, -0.00158237246796, 0.0026626533363, -0.00312085496262, 0.00012380022963, 0.000910784467123, -0.00839538872242, 0.0184129793197, -0.0106117958203, 0.00594237726182], [4.1809907998e-05, -0.000405007740483, 0.000863562105224, -0.00182541168761, 0.00344437989406, -0.00309653626755, 0.00208457862027, -0.00225072447211, -0.00154285726603, 0.00451797619462, -0.0106117958203, 0.0176760498434, -0.00629671569914], [-5.48493080714e-05, -9.00149170775e-05, -0.000474807457067, 0.00114720815327, -0.00240557151847, 0.00290783331729, -0.00131384877022, 0.000163807650097, 0.000552340759896, -0.000612096278928, 0.00594237726182, -0.00629671569914, 0.0144168986008]], "mean": [-828.871520996, 179.154647827, 70.3012084961, 51.8449058533, 16.3269100189, 1.57525670528, -5.59706735611, -6.38904523849, 11.8504047394, 4.86942052841, -2.86385011673, 0.627940714359, -0.0217780582607], "cov": [[11547.9355469, -648.28729248, -246.200836182, 81.9910202026, -805.079589844, -49.5348434448, -159.420852661, -855.48828125, 97.2458190918, -288.903381348, -252.277069092, -45.4644813538, -35.7619018555], [-648.28729248, 3336.68725586, 64.9623641968, -147.750946045, 288.512420654, -746.233947754, -292.810455322, 301.884307861, 165.730255127, 179.750228882, 108.248764038, 41.6634635925, 175.662857056], [-246.200836182, 64.9623641968, 895.480957031, 26.8041725159, -17.4495563507, 290.432434082, 138.082519531, 36.6322669983, 51.0806465149, 6.08199119568, 76.5667419434, 38.79504776, -38.8093070984], [81.9910202026, -147.750946045, 26.8041725159, 626.878112793, 136.574707031, 148.338806152, -34.873916626, -3.72227907181, 37.4435424805, 50.174659729, -47.3176994324, 12.7462310791, -34.1113548279], [-805.079589844, 288.512420654, -17.4495563507, 136.574707031, 476.33996582, -40.8731689453, -9.66399288177, 172.304000854, 28.2430858612, 44.2803878784, -0.477188527584, -43.2264480591, 54.2976036072], [-49.5348434448, -746.233947754, 290.432434082, 148.338806152, -40.8731689453, 605.335754395, 193.92515564, -110.730484009, -35.9558639526, -55.5619087219, -24.6675434113, 22.5138473511, -98.050163269], [-159.420852661, -292.810455322, 138.082519531, -34.873916626, -9.66399288177, 193.92515564, 261.407958984, 46.9966430664, -14.5425624847, -23.5209083557, 37.6797027588, 13.6601600647, -22.5558891296], [-855.48828125, 301.884307861, 36.6322669983, -3.72227907181, 172.304000854, -110.730484009, 46.9966430664, 295.906646729, 66.1656265259, 75.5520782471, 72.7101974487, 28.6366786957, 35.3480682373], [97.2458190918, 165.730255127, 51.0806465149, 37.4435424805, 28.2430858612, -35.9558639526, -14.5425624847, 66.1656265259, 166.319595337, 47.8919906616, 28.3110771179, 24.1670322418, 4.54234361649], [-288.903381348, 179.750228882, 6.08199119568, 50.174659729, 44.2803878784, -55.5619087219, -23.5209083557, 75.5520782471, 47.8919906616, 178.617889404, 89.9569778442, 11.0149745941, -14.6949052811], [-252.277069092, 108.248764038, 76.5667419434, -47.3176994324, -0.477188527584, -24.6675434113, 37.6797027588, 72.7101974487, 28.3110771179, 89.9569778442, 154.736236572, 59.7759094238, -21.4306545258], [-45.4644813538, 41.6634635925, 38.79504776, 12.7462310791, -43.2264480591, 22.5138473511, 13.6601600647, 28.6366786957, 24.1670322418, 11.0149745941, 59.7759094238, 111.278556824, 13.0216722488], [-35.7619018555, 175.662857056, -38.8093070984, -34.1113548279, 54.2976036072, -98.050163269, -22.5558891296, 35.3480682373, 4.54234361649, -14.6949052811, -21.4306545258, 13.0216722488, 111.861839294]]}, "spectral_decrease": {"dmean": 2.77102030211e-09, "dvar2": 7.77513379853e-17, "mean": -1.01500958749e-08, "var": 8.49690182254e-17, "dmean2": 4.39302461075e-09, "dvar": 2.84733268506e-17, "min": -1.05463250577e-07, "median": -7.83398057536e-09, "max": 4.61141888902e-16}, "zerocrossingrate": {"dmean": 0.00407248921692, "dvar2": 8.18325279397e-05, "mean": 0.0236031897366, "var": 0.00499349692836, "dmean2": 0.00496317492798, "dvar": 7.51079787733e-05, "min": 0.0029296875, "median": 0.01220703125, "max": 0.75927734375}, "spectral_contrast_coeffs": {"dmean": [0.0389538221061, 0.0393346659839, 0.0298941843212, 0.022930605337, 0.0185519326478, 0.0148004516959], "dvar2": [0.00306260073557, 0.00305811828002, 0.00172288226895, 0.0010335034458, 0.000782097689807, 0.000513182953], "mean": [-0.578744888306, -0.646595060825, -0.780104875565, -0.808668255806, -0.812643110752, -0.802191793919], "var": [0.00971849448979, 0.010336432606, 0.00755484960973, 0.00417731888592, 0.00493616377935, 0.0037058442831], "dmean2": [0.063301473856, 0.0641657114029, 0.0498768389225, 0.0376054234803, 0.0296719744802, 0.0235931351781], "dvar": [0.00119612494018, 0.00114220194519, 0.00064994674176, 0.000404878082918, 0.000360391655704, 0.000234056788031], "min": [-0.963385462761, -0.965043067932, -0.965653002262, -0.964675784111, -0.960926175117, -0.959597349167], "median": [-0.585469603539, -0.645374774933, -0.791042506695, -0.814757347107, -0.822730481625, -0.823829293251], "max": [-0.241528108716, -0.289752960205, -0.448851406574, -0.571169614792, -0.526486992836, -0.567272484303]}, "spectral_skewness": {"dmean": 0.651459574699, "dvar2": 1.44671595097, "mean": 4.05019807816, "var": 5.66077280045, "dmean2": 1.04432415962, "dvar": 0.613947808743, "min": -0.234815984964, "median": 3.57850503922, "max": 12.4349250793}, "spectral_energyband_middle_high": {"dmean": 0.000138156901812, "dvar2": 1.43448914969e-06, "mean": 0.000308929069433, "var": 1.35181096539e-06, "dmean2": 0.000209551843, "dvar": 5.86878798003e-07, "min": 1.78433420029e-21, "median": 5.01062240801e-05, "max": 0.0393330566585}, "gfcc": {"icov": [[0.000165530640515, -0.000299488223391, 0.000145077006891, -0.000304216548102, 0.000387396925362, -0.000196661640075, 0.000410125881899, -0.000430086161941, 0.000327076617396, -0.00035182404099, 0.000282323017018, -0.000200085662073, 5.63574831176e-05], [-0.000299488223391, 0.00148654775694, -0.000543637608644, 0.000945032399613, -0.000550209137145, 0.000743201293517, -0.000774348271079, 0.00102404225618, -0.00149258133024, 0.00162774405908, -0.00161687599029, 0.00194229686167, -0.00165064656176], [0.000145077006891, -0.000543637608644, 0.0017147124745, -0.000575435347855, 0.000412215333199, -0.00167515373323, 0.000171770603629, -4.89820013172e-05, -0.000537610729225, 0.000483688869281, 0.000111132671009, -0.000685964594595, 0.000627839472145], [-0.000304216548102, 0.000945032399613, -0.000575435347855, 0.00245186896063, -0.00148628477473, 0.000733222579584, -0.000929642119445, 0.00152555888053, -0.000316501274938, -0.000332712748786, 0.000620620790869, 0.00109160912689, -0.000486452976475], [0.000387396925362, -0.000550209137145, 0.000412215333199, -0.00148628477473, 0.00401442218572, -0.00110951613169, 0.000977098476142, -0.000608983740676, -0.0013287429465, 0.00268447119743, -0.0015415007947, -0.000388981949072, -0.000538763182703], [-0.000196661640075, 0.000743201293517, -0.00167515373323, 0.000733222579584, -0.00110951613169, 0.00552293891087, -0.00173415115569, -0.000377369753551, 0.00306741287932, -0.00234448118135, 0.00140044360887, -0.000214706378756, 0.000994341797195], [0.000410125881899, -0.000774348271079, 0.000171770603629, -0.000929642119445, 0.000977098476142, -0.00173415115569, 0.00561825651675, -0.00103044626303, -0.000950870336965, -0.000217579858145, -0.000903843960259, 0.000858550250996, 0.000806997413747], [-0.000430086161941, 0.00102404225618, -4.89820013172e-05, 0.00152555888053, -0.000608983740676, -0.000377369753551, -0.00103044626303, 0.00579875009134, -0.00379368336871, 0.00256661255844, -0.000899352249689, 1.11650097097e-05, -0.000218589048018], [0.000327076617396, -0.00149258133024, -0.000537610729225, -0.000316501274938, -0.0013287429465, 0.00306741287932, -0.000950870336965, -0.00379368336871, 0.00961459614336, -0.00474466383457, 0.00278609595262, -0.0012617604807, 0.00146054883953], [-0.00035182404099, 0.00162774405908, 0.000483688869281, -0.000332712748786, 0.00268447119743, -0.00234448118135, -0.000217579858145, 0.00256661255844, -0.00474466383457, 0.0131419161335, -0.00521300779656, 0.0018979315646, -0.00207103183493], [0.000282323017018, -0.00161687599029, 0.000111132671009, 0.000620620790869, -0.0015415007947, 0.00140044360887, -0.000903843960259, -0.000899352249689, 0.00278609595262, -0.00521300779656, 0.0133648375049, -0.00672501558438, 0.00306377164088], [-0.000200085662073, 0.00194229686167, -0.000685964594595, 0.00109160912689, -0.000388981949072, -0.000214706378756, 0.000858550250996, 1.11650097097e-05, -0.0012617604807, 0.0018979315646, -0.00672501558438, 0.014133810997, -0.00659375544637], [5.63574831176e-05, -0.00165064656176, 0.000627839472145, -0.000486452976475, -0.000538763182703, 0.000994341797195, 0.000806997413747, -0.000218589048018, 0.00146054883953, -0.00207103183493, 0.00306377164088, -0.00659375544637, 0.0145609062165]], "mean": [-164.748779297, 153.182373047, -31.7802410126, 38.0371017456, -45.7714500427, -10.6535787582, -30.1210613251, 4.66103935242, -10.5688753128, 1.93798923492, -19.5675411224, -11.8547792435, -3.16894936562], "cov": [[18791.3730469, 261.586456299, -933.855224609, 514.581420898, -1909.2088623, 298.212402344, -952.222595215, 97.6501083374, -693.955444336, 549.741699219, -422.248718262, -103.923324585, 167.19770813], [261.586456299, 3227.41674805, 94.9259872437, -747.345031738, 469.404205322, -716.049926758, 158.482070923, 271.635925293, 617.110473633, -330.616729736, 232.342407227, -80.5059204102, 203.084579468], [-933.855224609, 94.9259872437, 1020.48034668, 129.862701416, 106.39276123, 298.046112061, 153.876464844, -25.5591278076, 25.5516338348, -32.3128204346, -3.69048547745, -13.1416826248, -62.9491958618], [514.581420898, -747.345031738, 129.862701416, 927.662414551, 21.1187419891, 189.423721313, -6.35166168213, -227.285614014, -162.296188354, 90.0827941895, -129.85333252, -62.2394065857, -48.3037757874], [-1909.2088623, 469.404205322, 106.39276123, 21.1187419891, 672.837646484, -153.70602417, 89.2238769531, 78.9902038574, 210.47543335, -177.17199707, 92.0975112915, 24.9423751831, 33.9576034546], [298.212402344, -716.049926758, 298.046112061, 189.423721313, -153.70602417, 541.304443359, 44.6547431946, -89.1139984131, -235.577468872, 110.176345825, -73.3565444946, -5.72119808197, -83.1696166992], [-952.222595215, 158.482070923, 153.876464844, -6.35166168213, 89.2238769531, 44.6547431946, 299.406402588, 42.2715950012, 91.9148406982, -19.4163722992, 31.814699173, -32.4192695618, -34.2591400146], [97.6501083374, 271.635925293, -25.5591278076, -227.285614014, 78.9902038574, -89.1139984131, 42.2715950012, 345.844360352, 170.932632446, -59.881477356, 36.8960113525, 25.7390842438, 14.0108547211], [-693.955444336, 617.110473633, 25.5516338348, -162.296188354, 210.47543335, -235.577468872, 91.9148406982, 170.932632446, 347.259246826, -63.5310325623, 57.5327377319, -3.49920272827, 29.9071388245], [549.741699219, -330.616729736, -32.3128204346, 90.0827941895, -177.17199707, 110.176345825, -19.4163722992, -59.881477356, -63.5310325623, 174.067504883, -6.45900249481, 3.60566782951, -14.9838876724], [-422.248718262, 232.342407227, -3.69048547745, -129.85333252, 92.0975112915, -73.3565444946, 31.814699173, 36.8960113525, 57.5327377319, -6.45900249481, 151.302581787, 58.1774482727, 18.8214664459], [-103.923324585, -80.5059204102, -13.1416826248, -62.2394065857, 24.9423751831, -5.72119808197, -32.4192695618, 25.7390842438, -3.49920272827, 3.60566782951, 58.1774482727, 133.75112915, 42.450504303], [167.19770813, 203.084579468, -62.9491958618, -48.3037757874, 33.9576034546, -83.1696166992, -34.2591400146, 14.0108547211, 29.9071388245, -14.9838876724, 18.8214664459, 42.450504303, 111.329399109]]}, "erbbands_spread": {"dmean": 6.448325634, "dvar2": 325.954589844, "mean": 22.6998062134, "var": 618.220336914, "dmean2": 9.62296199799, "dvar": 153.852676392, "min": 0.728130221367, "median": 12.9883842468, "max": 191.984039307}, "erbbands_kurtosis": {"dmean": 3.55208086967, "dvar2": 84.4435424805, "mean": 11.0230636597, "var": 392.690826416, "dmean2": 5.32979011536, "dvar": 36.0201835632, "min": -1.90002298355, "median": 5.28328609467, "max": 208.489379883}, "dynamic_complexity": 4.79103660583, "erbbands_crest": {"dmean": 2.14450716972, "dvar2": 11.2601556778, "mean": 14.3313169479, "var": 31.8416309357, "dmean2": 3.2193133831, "dvar": 4.62877941132, "min": 3.39446735382, "median": 13.1071777344, "max": 32.9339752197}, "erbbands": {"dmean": [0.0792481005192, 1.4499617815, 3.61594700813, 7.91320180893, 6.06815052032, 3.99453091621, 11.6644964218, 10.8827428818, 8.42354393005, 3.14782261848, 5.96779251099, 7.43627309799, 0.876474559307, 0.968244671822, 1.17769134045, 0.634301245213, 0.491997212172, 0.340913921595, 0.370046705008, 0.396168261766, 0.40338948369, 1.01647126675, 0.563541829586, 0.500475525856, 1.23483860493, 2.74778318405, 2.87946295738, 1.74477851391, 0.55129301548, 0.275360554457, 0.203127026558, 0.166313201189, 0.147309184074, 0.151089206338, 0.0780944377184, 0.024724105373, 0.00988958124071, 0.00290454085916, 0.000365518353647, 2.35700499616e-05], "dvar2": [0.105037108064, 37.3220405579, 203.790328979, 687.669372559, 347.855834961, 245.235931396, 1881.17675781, 1648.18200684, 821.512390137, 113.686790466, 497.435150146, 1045.35864258, 23.1903305054, 53.9146575928, 176.914428711, 51.5105018616, 23.4935283661, 12.4619026184, 11.9445056915, 11.2670164108, 8.81914424896, 161.361816406, 331.027130127, 145.22769165, 854.763244629, 3889.6730957, 1865.87805176, 670.227722168, 13.6697998047, 3.61824131012, 1.56662273407, 1.24562525749, 0.965780198574, 0.753418385983, 0.150162667036, 0.0193210598081, 0.00370947830379, 0.000453187152743, 9.43307986745e-06, 1.52858383728e-08], "mean": [0.16154538095, 3.60915565491, 9.40523815155, 19.24933815, 17.6254310608, 10.0157499313, 24.9824447632, 25.3018455505, 28.7922668457, 10.793009758, 16.986032486, 19.9775924683, 2.40448975563, 2.06782817841, 2.22326660156, 1.19928002357, 0.867159187794, 0.544561564922, 0.612885892391, 0.816792309284, 1.06249606609, 1.96601092815, 0.969709098339, 0.832729578018, 1.6722048521, 3.53350114822, 4.12568902969, 2.63356518745, 1.01512002945, 0.420862525702, 0.296037405729, 0.255427420139, 0.26043856144, 0.309168934822, 0.153177991509, 0.0336605459452, 0.0109202582389, 0.0024234848097, 0.000271475262707, 5.22220580024e-05], "var": [0.0529850944877, 18.7114543915, 119.607810974, 866.211364746, 871.073242188, 340.466156006, 1702.17382812, 1792.75280762, 6538.10498047, 694.578063965, 1988.32788086, 2545.30688477, 43.8951187134, 92.1073684692, 227.019592285, 69.4960861206, 21.2970314026, 5.82554388046, 4.4714512825, 7.34423303604, 11.795841217, 163.600646973, 354.06427002, 145.289230347, 415.258270264, 1577.43347168, 1564.32202148, 342.168914795, 18.2980556488, 4.77461338043, 1.88087749481, 1.60553658009, 0.950734555721, 1.07075226307, 0.234894260764, 0.00978394318372, 0.00134148797952, 0.000127770079416, 2.34904314311e-06, 5.22988052865e-09], "dmean2": [0.137855619192, 2.53053474426, 6.10155344009, 11.6623096466, 8.63820362091, 6.32305622101, 18.4246387482, 17.2403678894, 9.71779441833, 4.34961414337, 7.48796319962, 9.63416290283, 1.25443744659, 1.419698596, 1.74647283554, 0.997700273991, 0.793971657753, 0.575173676014, 0.605069994926, 0.617201983929, 0.56859344244, 1.46410346031, 0.894393384457, 0.699461758137, 1.93476212025, 4.30687522888, 3.97589063644, 2.66125321388, 0.806453168392, 0.405206948519, 0.306697130203, 0.246510803699, 0.223708018661, 0.236916482449, 0.120887607336, 0.0396303795278, 0.0162979513407, 0.0049496316351, 0.000646961852908, 3.94079070247e-05], "dvar": [0.034562010318, 12.0937166214, 71.1396636963, 289.296813965, 160.881072998, 95.5323104858, 699.971984863, 611.366882324, 691.274902344, 70.9956970215, 285.732696533, 524.725036621, 11.0011854172, 24.549489975, 79.5038299561, 22.0386428833, 10.2270708084, 4.58878993988, 4.39597034454, 4.65634822845, 4.07183933258, 73.376914978, 138.773193359, 65.5041046143, 345.671234131, 1518.05847168, 886.294494629, 260.13973999, 7.46247911453, 1.95643031597, 0.765684723854, 0.637392103672, 0.447739839554, 0.312031328678, 0.063472174108, 0.00790749397129, 0.00145784777123, 0.000173845997779, 3.5207892779e-06, 5.68368285769e-09], "min": [3.82575804337e-22, 2.98374730018e-21, 7.92303559845e-21, 3.66713463975e-20, 1.01376082861e-19, 9.6663621987e-20, 1.25337495417e-19, 1.86002482102e-19, 3.06462300241e-19, 1.74999219611e-18, 1.14462544149e-18, 1.52645087487e-18, 4.24750544383e-18, 2.05217657672e-18, 1.53375188115e-18, 5.15390597083e-18, 2.34906968974e-18, 6.72471988611e-18, 7.95058376954e-18, 9.46096759158e-18, 5.69469928452e-18, 6.99152327038e-18, 1.43380112483e-17, 2.20391008015e-17, 2.28814485977e-17, 1.97766178967e-17, 2.80484140961e-17, 1.7005582697e-17, 2.03895372239e-17, 2.05240202479e-17, 1.65964972163e-17, 1.18289251234e-17, 1.35675512375e-17, 1.05305212226e-17, 7.73271266799e-18, 7.01832557659e-18, 3.1748289992e-18, 1.34625660946e-18, 4.0169790476e-19, 3.5040950792e-20], "median": [0.0775946527719, 1.93072998524, 6.9332947731, 5.98423099518, 4.3772611618, 3.7017865181, 6.48145866394, 8.14100456238, 3.5480761528, 2.94982862473, 3.15168166161, 2.58457422256, 0.388302385807, 0.182125881314, 0.0902062281966, 0.0624433234334, 0.0508437678218, 0.0655673295259, 0.114015877247, 0.137526571751, 0.113458894193, 0.121590338647, 0.0442934893072, 0.0329977720976, 0.0685574933887, 0.0506535954773, 0.0328876823187, 0.0187878981233, 0.0108899436891, 0.00537600694224, 0.00377291347831, 0.00250844052061, 0.00160091859289, 0.00105755985714, 0.000569031166378, 0.00025761598954, 9.51531692408e-05, 2.05021733564e-05, 1.87295408978e-05, 3.49634210579e-05], "max": [2.37665700912, 47.9797210693, 156.774291992, 390.120666504, 329.425201416, 213.417709351, 401.615875244, 688.45501709, 1175.8203125, 661.217041016, 609.49017334, 727.950927734, 221.433410645, 300.606719971, 490.091094971, 289.872131348, 142.946914673, 79.7892227173, 86.5016860962, 110.704841614, 115.990753174, 598.18737793, 1012.71850586, 494.545928955, 969.447937012, 2587.04321289, 1468.45861816, 793.805664062, 117.852630615, 59.9149284363, 32.9414749146, 30.1894435883, 26.7227497101, 14.4463100433, 6.1959233284, 1.88484430313, 0.611092925072, 0.210578426719, 0.0319208502769, 0.00138808856718]}, "silence_rate_30dB": {"dmean": 0.0351440384984, "dvar2": 0.0810699015856, "mean": 0.948048651218, "var": 0.049248829484, "dmean2": 0.0702940151095, "dvar": 0.0339053571224, "min": 0, "median": 1, "max": 1}, "silence_rate_60dB": {"dmean": 0.0140238236636, "dvar2": 0.0282809995115, "mean": 0.0973137319088, "var": 0.0878381282091, "dmean2": 0.0280500166118, "dvar": 0.0138287078589, "min": 0, "median": 0, "max": 1}, "spectral_energyband_middle_low": {"dmean": 0.00507834041491, "dvar2": 0.000170733925188, "mean": 0.0184364784509, "var": 0.000458623864688, "dmean2": 0.00721077108756, "dvar": 7.77586028562e-05, "min": 3.18503082732e-22, "median": 0.0109257847071, "max": 0.215922668576}, "spectral_spread": {"dmean": 609493.1875, "dvar2": 1876497137660.0, "mean": 3627176.25, "var": 7276681232380.0, "dmean2": 892276.125, "dvar": 1021182083070.0, "min": 397392.40625, "median": 2664301, "max": 41543488}, "barkbands": {"dmean": [1.6350293663e-05, 0.00534537713975, 0.00325475377031, 0.00331918033771, 0.00106209598016, 0.00176615663804, 0.000492873543408, 0.000100922268757, 0.000398544652853, 1.86196757568e-05, 4.58984322904e-05, 1.56302285177e-05, 8.6726340669e-06, 8.28332304081e-06, 7.52504911361e-06, 6.69233804729e-06, 1.50099258462e-05, 9.44484600041e-06, 1.57554441103e-05, 5.35952822247e-05, 6.25061584287e-05, 1.40451265906e-05, 7.56955705583e-06, 8.45612339617e-06, 1.16643086585e-05, 5.51913672098e-06, 2.05247238227e-06], "dvar2": [1.45377612171e-08, 0.000516653351951, 0.00018698250642, 0.00010331068188, 1.25485930766e-05, 4.52304884675e-05, 2.47830234912e-06, 1.32995225499e-07, 2.83192821371e-06, 2.93190058898e-08, 2.40347503677e-07, 3.58201504014e-08, 9.1