{"tonal": {"hpcp": {"dvar": [0.0256797596812, 0.0296471659094, 0.0382506400347, 0.0439927391708, 0.0485725626349, 0.0497652329504, 0.0530698224902, 0.0488922595978, 0.0493688769639, 0.055536467582, 0.0474259294569, 0.0345815382898, 0.0240236911923, 0.0213790461421, 0.0303468797356, 0.0387799851596, 0.0396432839334, 0.0377109870315, 0.0429919548333, 0.032129202038, 0.0368514247239, 0.0490520894527, 0.0492586269975, 0.050984442234, 0.0438316240907, 0.0249028131366, 0.0215139184147, 0.0239872336388, 0.0287106018513, 0.0353900268674, 0.0477075688541, 0.0302448496222, 0.0204086657614, 0.0233940258622, 0.0219722017646, 0.0221104845405], "var": [0.0238671451807, 0.0243964809924, 0.0304318144917, 0.0468021370471, 0.0407119952142, 0.042929481715, 0.0756350681186, 0.0739971995354, 0.0662084668875, 0.152494341135, 0.0990648567677, 0.02773854509, 0.01630551368, 0.0145117873326, 0.0271666459739, 0.0550638921559, 0.0506549924612, 0.041604232043, 0.0808540061116, 0.0436733327806, 0.0400281734765, 0.0812242627144, 0.0691405460238, 0.0598791949451, 0.0644068866968, 0.0267398003489, 0.0167893189937, 0.0243845302612, 0.029306223616, 0.0511750653386, 0.109652847052, 0.0489796288311, 0.0190554484725, 0.0309209451079, 0.0229554418474, 0.0173285380006], "median": [0.0172683522105, 0.0173784159124, 0.0192377455533, 0.0205336995423, 0.0182696916163, 0.0306588374078, 0.0462529547513, 0.050020352006, 0.144774451852, 0.180920705199, 0.108534179628, 0.0228275954723, 0.0088442414999, 0.00824450980872, 0.0166873037815, 0.028594750911, 0.0268132463098, 0.0402605086565, 0.0450146868825, 0.0400481894612, 0.026859883219, 0.0309436656535, 0.0299845896661, 0.0344007983804, 0.025836147368, 0.0140162147582, 0.0103697106242, 0.0117879165336, 0.0148282591254, 0.0782234370708, 0.125592857599, 0.0818225368857, 0.0209502764046, 0.0139896906912, 0.0147589026019, 0.0163486599922], "max": [1, 1, 1, 1, 1, 1, 1, 1, 1, 1, 1, 1, 1, 1, 1, 1, 1, 1, 1, 1, 1, 1, 1, 1, 1, 1, 1, 1, 1, 1, 1, 1, 1, 1, 1, 1], "dmean": [0.0731834620237, 0.078139141202, 0.0937824621797, 0.105587877333, 0.115914143622, 0.128434836864, 0.141716912389, 0.143284097314, 0.170971110463, 0.159752056003, 0.151192069054, 0.095575734973, 0.0571912415326, 0.0543765984476, 0.0770197212696, 0.1006796211, 0.101256594062, 0.107580326498, 0.116413891315, 0.101026780903, 0.101968720555, 0.118271656334, 0.128758847713, 0.145381629467, 0.121924832463, 0.0756170451641, 0.0604552105069, 0.0651306286454, 0.0786083415151, 0.127375036478, 0.151303842664, 0.116538092494, 0.0709225535393, 0.0686680153012, 0.0655411407351, 0.0665638670325], "dmean2": [0.131984338164, 0.142452135682, 0.172568976879, 0.192638024688, 0.212542623281, 0.23124268651, 0.251914292574, 0.25511983037, 0.295716017485, 0.278144747019, 0.261809766293, 0.172015026212, 0.106337837875, 0.100250639021, 0.137737885118, 0.177771091461, 0.181922391057, 0.190509811044, 0.203002989292, 0.175503492355, 0.181314945221, 0.214080676436, 0.231151401997, 0.25827935338, 0.21915435791, 0.13507437706, 0.110588125885, 0.116965651512, 0.140635386109, 0.219173252583, 0.258985936642, 0.200374618173, 0.12635473907, 0.120907664299, 0.116892069578, 0.121122904122], "mean": [0.0719734430313, 0.0705859363079, 0.0835138782859, 0.106162838638, 0.0998278558254, 0.11803162843, 0.177863612771, 0.180251076818, 0.242229253054, 0.371619880199, 0.268002390862, 0.0874799638987, 0.0450048595667, 0.0424158349633, 0.077201038599, 0.129583150148, 0.12027798593, 0.128773510456, 0.179415866733, 0.133901670575, 0.109942376614, 0.161990180612, 0.154385298491, 0.152079239488, 0.142261639237, 0.0782322064042, 0.0523034334183, 0.0650080889463, 0.07512704283, 0.17819455266, 0.282449930906, 0.179320693016, 0.0714883431792, 0.077976629138, 0.0683712810278, 0.0600317753851], "dvar2": [0.0720667615533, 0.0849944278598, 0.111623577774, 0.125082179904, 0.139782115817, 0.144300043583, 0.147664621472, 0.135242462158, 0.138869747519, 0.142182931304, 0.128512829542, 0.100828811526, 0.069802865386, 0.0616913288832, 0.0862989872694, 0.106376878917, 0.111927501857, 0.106931649148, 0.112508974969, 0.089226692915, 0.105450481176, 0.146487727761, 0.145957276225, 0.14055031538, 0.118325710297, 0.0683908686042, 0.0612752772868, 0.0681832507253, 0.0808260291815, 0.0954398438334, 0.119104519486, 0.0827129557729, 0.0577815063298, 0.0618108771741, 0.0605381838977, 0.0629032477736], "min": [0, 0, 0, 0, 0, 0, 0, 0, 0, 0, 0, 0, 0, 0, 0, 0, 0, 0, 0, 0, 0, 0, 0, 0, 0, 0, 0, 0, 0, 0, 0, 0, 0, 0, 0, 0]}, "key_key": "C", "thpcp": [1, 0.721173465252, 0.23540173471, 0.121104553342, 0.11413769424, 0.207741945982, 0.348698109388, 0.323658645153, 0.346519440413, 0.482794046402, 0.360318899155, 0.295846313238, 0.435902893543, 0.415438741446, 0.40923333168, 0.38281494379, 0.210516735911, 0.140744447708, 0.174931675196, 0.202160984278, 0.479507595301, 0.760050654411, 0.482537955046, 0.192369535565, 0.209829002619, 0.183981761336, 0.161540806293, 0.193674907088, 0.189941227436, 0.224729314446, 0.285675883293, 0.268628954887, 0.317613869905, 0.478617042303, 0.48504152894, 0.651819944382], "chords_key": "C", "tuning_equal_tempered_deviation": 0.0664140731096, "tuning_frequency": 439.491973877, "tuning_diatonic_strength": 0.59828466177, "chords_histogram": [9.68871593475, 7.0557718277, 11.1932554245, 2.07522702217, 0.337224394083, 0, 0.804150462151, 0.402075231075, 3.94293117523, 0.259403377771, 1.55642020702, 0, 0, 0, 0, 2.5162127018, 1.53047990799, 45.1750984192, 1.16731512547, 0.739299595356, 0.233463034034, 0.7003890872, 2.52918291092, 8.09338474274], "key_strength": 0.760591924191, "key_scale": "major", "chords_strength": {"dvar": 0.000318435020745, "var": 0.0137710673735, "median": 0.555224776268, "max": 0.806966900826, "dmean": 0.00961131509393, "dmean2": 0.00976843573153, "mean": 0.550293266773, "dvar2": 0.000587751041166, "min": -1}, "chords_number_rate": 0.0015564202331, "tuning_nontempered_energy_ratio": 0.717588424683, "hpcp_entropy": {"dvar": 0.270265340805, "var": 0.532904207706, "median": 1.8151113987, "max": 4.45940828323, "dmean": 0.571896255016, "dmean2": 0.984181642532, "mean": 1.81754028797, "dvar2": 0.741240262985, "min": 0}, "chords_changes_rate": 0.0514915697277, "chords_scale": "minor"}, "rhythm": {"bpm_histogram_first_peak_spread": {"dvar": 0, "var": 0, "median": 0.345299184322, "max": 0.345299184322, "dmean": 0, "dmean2": 0, "mean": 0.345299184322, "dvar2": 0, "min": 0.345299184322}, "bpm_histogram_first_peak_weight": {"dvar": 0, "var": 0, "median": 0.474597275257, "max": 0.474597275257, "dmean": 0, "dmean2": 0, "mean": 0.474597275257, "dvar2": 0, "min": 0.474597275257}, "bpm_histogram_first_peak_bpm": {"dvar": 0, "var": 0, "median": 136, "max": 136, "dmean": 0, "dmean2": 0, "mean": 136, "dvar2": 0, "min": 136}, "bpm": 136.717803955, "bpm_histogram_second_peak_weight": {"dvar": 0, "var": 0, "median": 0.169764563441, "max": 0.169764563441, "dmean": 0, "dmean2": 0, "mean": 0.169764563441, "dvar2": 0, "min": 0.169764563441}, "beats_loudness": {"dvar": 0.000199915200938, "var": 0.000557151564863, "median": 0.035244345665, "max": 0.10625628382, "dmean": 0.0137208076194, "dmean2": 0.0235840436071, "mean": 0.0336222611368, "dvar2": 0.000589530565776, "min": 0}, "beats_loudness_band_ratio": {"dvar": [0.0246315244585, 0.0158033557236, 0.0123601434752, 0.00905799120665, 0.00522838300094, 0.00318509573117], "var": [0.0624824501574, 0.0311999488622, 0.0277679581195, 0.0137500409037, 0.00662805419415, 0.00469692330807], "median": [0.364441871643, 0.153160050511, 0.149111554027, 0.0956505537033, 0.0562785789371, 0.0308693815023], "max": [0.983759760857, 0.894812583923, 0.856575548649, 0.801339805126, 0.535681188107, 0.916133821011], "dmean": [0.175920143723, 0.129881456494, 0.121901541948, 0.0877323374152, 0.057426430285, 0.0288352072239], "dmean2": [0.303593397141, 0.231806069613, 0.208412125707, 0.149605154991, 0.0997225567698, 0.0508333034813], "mean": [0.386437416077, 0.205053254962, 0.197959527373, 0.129855036736, 0.0847474634647, 0.0429779104888], "dvar2": [0.0677342563868, 0.0472151897848, 0.0334884114563, 0.0235957466066, 0.0148173701018, 0.00857642758638], "min": [0, 0, 0, 0, 0, 0]}, "bpm_histogram_second_peak_bpm": {"dvar": 0, "var": 0, "median": 129, "max": 129, "dmean": 0, "dmean2": 0, "mean": 129, "dvar2": 0, "min": 129}, "onset_rate": 3.2878742218, "beats_count": 808, "beats_position": [0.487619042397, 0.986848056316, 1.49768710136, 2.00852608681, 2.51936507225, 3.03020405769, 3.54104304314, 4.02866220474, 4.5046710968, 4.98067998886, 5.45668935776, 5.92108821869, 6.38548755646, 6.84988641739, 7.31428575516, 7.77868461609, 8.24308395386, 8.71909236908, 9.18349170685, 9.64789104462, 10.1239004135, 10.5882987976, 11.0526981354, 11.5287075043, 11.9931058884, 12.4575052261, 12.933514595, 13.3979139328, 13.8623123169, 14.3383216858, 14.8027210236, 15.2555103302, 15.7315187454, 16.2075271606, 16.6719264984, 17.1479358673, 17.6239452362, 18.088344574, 18.5527439117, 19.0287532806, 19.5047607422, 19.96916008, 20.4335594177, 20.8979587555, 21.3623580933, 21.826757431, 22.2911567688, 22.7671642303, 23.2431735992, 23.7191829681, 24.1835823059, 24.6479816437, 25.1007709503, 25.5651702881, 26.0295696259, 26.4939670563, 26.958366394, 27.4227657318, 27.8871650696, 28.3515644073, 28.8159637451, 29.2687530518, 29.7331504822, 30.1975498199, 30.6619491577, 31.1263484955, 31.5791378021, 32.0435371399, 32.5079345703, 32.9723358154, 33.4367332458, 33.901134491, 34.3655319214, 34.8299331665, 35.2943305969, 35.7703399658, 36.2347373962, 36.7107467651, 37.1751480103, 37.6395454407, 38.1039466858, 38.5683441162, 39.0327415466, 39.4971427917, 39.9615402222, 40.4143295288, 40.8671188354, 41.3315200806, 41.795917511, 42.2603149414, 42.7247161865, 43.1891136169, 43.6535148621, 44.1179122925, 44.5823135376, 45.046710968, 45.5111083984, 45.9755096436, 46.439907074, 46.9043083191, 47.3687057495, 47.8331069946, 48.2858963013, 48.7386856079, 49.2030830383, 49.6674804688, 50.1318817139, 50.5962791443, 51.0606803894, 51.5250778198, 51.9894790649, 52.4538764954, 52.9182739258, 53.3826751709, 53.8470726013, 54.3114738464, 54.7758712769, 55.240272522, 55.7046699524, 56.1690673828, 56.6334686279, 57.0978660583, 57.5622673035, 58.0266647339, 58.491065979, 58.9554634094, 59.4198646545, 59.884262085, 60.3486595154, 60.8130607605, 61.2774581909, 61.741859436, 62.2062568665, 62.6706581116, 63.135055542, 63.5994529724, 64.0638504028, 64.5282516479, 64.9926528931, 65.4570541382, 65.9214477539, 66.385848999, 66.8502502441, 67.3146438599, 67.7906570435, 68.2550582886, 68.7078475952, 69.1722412109, 69.6366424561, 70.0894317627, 70.5422210693, 70.9833984375, 71.4245758057, 71.8657608032, 72.3069381714, 72.7365036011, 73.1660766602, 73.6072540283, 74.0484313965, 74.4780044556, 74.9075698853, 75.3487548828, 75.789932251, 76.2311096191, 76.6722869873, 77.1134643555, 77.554649353, 77.9958267212, 78.4370040894, 78.8781814575, 79.3193664551, 79.7489318848, 80.1785049438, 80.619682312, 81.0608596802, 81.5020370483, 81.9432220459, 82.3727874756, 82.8023605347, 83.2551422119, 83.6963272095, 84.1258926392, 84.5670700073, 85.0082550049, 85.449432373, 85.8906097412, 86.3317871094, 86.7729721069, 87.2141494751, 87.6437149048, 88.0732879639, 88.514465332, 88.9556427002, 89.3968200684, 89.8380050659, 90.2675704956, 90.7087478638, 91.1499328613, 91.579498291, 92.0206756592, 92.4618606567, 92.9030380249, 93.3442153931, 93.7853927612, 94.2149658203, 94.64453125, 95.0857162476, 95.5268936157, 95.9796829224, 96.4208602905, 96.8504257202, 97.2916107178, 97.7211761475, 98.1507492065, 98.5919265747, 99.0331039429, 99.474281311, 99.9154663086, 100.356643677, 100.797821045, 101.238998413, 101.680175781, 102.121360779, 102.562538147, 102.992103577, 103.433288574, 103.862854004, 104.304031372, 104.74521637, 105.186393738, 105.627571106, 106.068748474, 106.509933472, 106.95111084, 107.392288208, 107.821853638, 108.263038635, 108.692604065, 109.133781433, 109.574966431, 110.016143799, 110.457321167, 110.886894226, 111.316459656, 111.757637024, 112.187210083, 112.628387451, 113.081176758, 113.522354126, 113.963539124, 114.393104553, 114.84589386, 115.27545929, 115.705032349, 116.146209717, 116.587387085, 117.028572083, 117.469749451, 117.910926819, 118.352104187, 118.793289185, 119.234466553, 119.675643921, 120.116821289, 120.546394348, 120.975959778, 121.417137146, 121.846710205, 122.276275635, 122.717460632, 123.158638, 123.599815369, 124.040992737, 124.482177734, 124.923355103, 125.364532471, 125.805709839, 126.246894836, 126.676460266, 127.117637634, 127.547210693, 127.988388062, 128.42956543, 128.870742798, 129.311920166, 129.753097534, 130.194290161, 130.635467529, 131.076644897, 131.517822266, 131.947387695, 132.376953125, 132.818145752, 133.25932312, 133.700500488, 134.141677856, 134.582855225, 135.012420654, 135.441986084, 135.883178711, 136.324356079, 136.753921509, 137.183486938, 137.624664307, 138.065841675, 138.507034302, 138.94821167, 139.389389038, 139.830566406, 140.271743774, 140.712921143, 141.154098511, 141.595275879, 142.036453247, 142.477645874, 142.918823242, 143.36000061, 143.78956604, 144.21913147, 144.660308838, 145.101501465, 145.542678833, 145.983856201, 146.425033569, 146.866210938, 147.307388306, 147.736953735, 148.166534424, 148.607711792, 149.04888916, 149.490066528, 149.931243896, 150.372421265, 150.813598633, 151.254776001, 151.684356689, 152.113922119, 152.555099487, 152.996276855, 153.437454224, 153.878631592, 154.31980896, 154.772598267, 155.225387573, 155.67817688, 156.038085938, 156.397994995, 156.757904053, 157.11781311, 157.477722168, 157.837631226, 158.197555542, 158.5574646, 159.010253906, 159.474639893, 159.927429199, 160.380218506, 160.891067505, 161.401901245, 161.901138306, 162.400360107, 162.899581909, 163.410430908, 163.886444092, 164.350830078, 164.815231323, 165.279632568, 165.744033813, 166.19682312, 166.649612427, 167.114013672, 167.578414917, 168.042816162, 168.507202148, 168.959991455, 169.412780762, 169.877182007, 170.341583252, 170.805984497, 171.270385742, 171.734786987, 172.199172974, 172.593917847, 173.000274658, 173.406616211, 173.812973022, 174.149658203, 174.497955322, 174.846252441, 175.182937622, 175.53125, 175.891159058, 176.251068115, 176.610977173, 176.97088623, 177.330795288, 177.679092407, 178.039001465, 178.398910522, 178.747207642, 179.107116699, 179.467025757, 179.931427002, 180.395828247, 180.860229492, 181.324615479, 181.789016724, 182.253417969, 182.717819214, 183.182220459, 183.646621704, 184.122619629, 184.587020874, 185.063034058, 185.539047241, 186.026657104, 186.514282227, 187.001907349, 187.443084717, 187.895874023, 188.337051392, 188.789840698, 189.242630005, 189.695419312, 190.148208618, 190.589385986, 191.030563354, 191.471740723, 191.912918091, 192.354095459, 192.795272827, 193.236465454, 193.677642822, 194.130432129, 194.583221436, 195.024398804, 195.465576172, 195.90675354, 196.347930908, 196.789108276, 197.230285645, 197.671463013, 198.11265564, 198.553833008, 198.995010376, 199.436187744, 199.877365112, 200.31854248, 200.759719849, 201.200897217, 201.642089844, 202.083267212, 202.52444458, 202.965621948, 203.406799316, 203.847976685, 204.289154053, 204.730331421, 205.183120728, 205.635910034, 206.077087402, 206.518280029, 206.959457397, 207.400634766, 207.830200195, 208.271377563, 208.712554932, 209.165344238, 209.606521606, 210.047698975, 210.488891602, 210.93006897, 211.371246338, 211.812423706, 212.253601074, 212.694778442, 213.135955811, 213.577133179, 214.018310547, 214.459503174, 214.900680542, 215.34185791, 215.783035278, 216.224212646, 216.665390015, 217.106567383, 217.547744751, 217.988937378, 218.430114746, 218.871292114, 219.312469482, 219.765258789, 220.218048096, 220.659225464, 221.100402832, 221.5415802, 221.982757568, 222.423934937, 222.865127563, 223.306304932, 223.7474823, 224.188659668, 224.629837036, 225.071014404, 225.500579834, 225.953369141, 226.394546509, 226.824127197, 227.276916504, 227.718093872, 228.15927124, 228.600448608, 229.041625977, 229.482803345, 229.923980713, 230.36517334, 230.806350708, 231.247528076, 231.688705444, 232.129882812, 232.571060181, 233.012237549, 233.453414917, 233.894592285, 234.312561035, 234.753738403, 235.194915771, 235.63609314, 236.077270508, 236.518447876, 236.959625244, 237.400817871, 237.853607178, 238.306396484, 238.735961914, 239.165527344, 239.595092773, 240.024673462, 240.477462769, 240.907028198, 241.348205566, 241.789382935, 242.230560303, 242.671737671, 243.112915039, 243.554092407, 243.995285034, 244.436462402, 244.877639771, 245.318817139, 245.759994507, 246.201171875, 246.630737305, 247.060317993, 247.501495361, 247.942672729, 248.383850098, 248.825027466, 249.254592896, 249.695770264, 250.125350952, 250.56652832, 251.007705688, 251.460494995, 251.901672363, 252.331237793, 252.772415161, 253.213607788, 253.654785156, 254.095962524, 254.537139893, 254.978317261, 255.419494629, 255.860671997, 256.301849365, 256.743041992, 257.172607422, 257.602172852, 258.043365479, 258.484527588, 258.925720215, 259.366882324, 259.808074951, 260.249237061, 260.690429688, 261.131591797, 261.572784424, 262.013977051, 262.45513916, 262.88470459, 263.31427002, 263.755462646, 264.196624756, 264.614593506, 265.044158936, 265.473724365, 265.914916992, 266.356109619, 266.797271729, 267.238464355, 267.679626465, 268.120819092, 268.561981201, 268.991546631, 269.421142578, 269.862304688, 270.291870117, 270.721435547, 271.162628174, 271.603790283, 272.04498291, 272.47454834, 272.90411377, 273.333679199, 273.774871826, 274.216064453, 274.645629883, 275.086791992, 275.527984619, 275.957550049, 276.387115479, 276.816680908, 277.257873535, 277.699035645, 278.128601074, 278.569793701, 278.999359131, 279.428924561, 279.870117188, 280.299682617, 280.729248047, 281.170440674, 281.611602783, 282.05279541, 282.49395752, 282.923522949, 283.353088379, 283.794281006, 284.223846436, 284.653411865, 285.094604492, 285.524169922, 285.953735352, 286.394927979, 286.836090088, 287.277282715, 287.718444824, 288.159637451, 288.589202881, 289.018768311, 289.44833374, 289.87789917, 290.319091797, 290.760253906, 291.201446533, 291.631011963, 292.060577393, 292.478546143, 292.919708252, 293.360900879, 293.802093506, 294.243255615, 294.684448242, 295.125610352, 295.555175781, 295.984771729, 296.425933838, 296.867126465, 297.308288574, 297.737854004, 298.167419434, 298.597015381, 299.03817749, 299.46774292, 299.908935547, 300.350097656, 300.779663086, 301.209259033, 301.650421143, 302.09161377, 302.521179199, 302.950744629, 303.391906738, 303.821502686, 304.251068115, 304.692230225, 305.121795654, 305.551391602, 305.992553711, 306.422119141, 306.85168457, 307.292877197, 307.734039307, 308.163635254, 308.604797363, 309.034362793, 309.47555542, 309.916717529, 310.346282959, 310.775878906, 311.205444336, 311.635009766, 312.064575195, 312.494140625, 312.935333252, 313.376495361, 313.817687988, 314.258850098, 314.700042725, 315.141204834, 315.570800781, 316.000366211, 316.44152832, 316.87109375, 317.300689697, 317.741851807, 318.183044434, 318.624206543, 319.053771973, 319.483337402, 319.924530029, 320.365722656, 320.795288086, 321.224853516, 321.666015625, 322.107208252, 322.525177002, 322.966339111, 323.395904541, 323.825469971, 324.266662598, 324.707824707, 325.149017334, 325.578582764, 326.008148193, 326.44934082, 326.89050293, 327.331695557, 327.772888184, 328.214050293, 328.643615723, 329.073181152, 329.514373779, 329.955535889, 330.396728516, 330.837921143, 331.279083252, 331.708648682, 332.138214111, 332.579406738, 333.008972168, 333.438537598, 333.868103027, 334.297668457, 334.738861084, 335.168426514, 335.597991943, 336.03918457, 336.48034668, 336.921539307, 337.351104736, 337.780670166, 338.221862793, 338.663024902, 339.092590332, 339.522155762, 339.963348389, 340.404541016, 340.834106445, 341.263671875, 341.704833984, 342.146026611, 342.587219238, 343.016784668, 343.446350098, 343.887512207, 344.317077637, 344.746673584, 345.187835693, 345.617401123, 346.046966553, 346.48815918, 346.917724609, 347.347290039, 347.788482666, 348.229644775, 348.670837402, 349.100402832, 349.529968262, 349.959533691, 350.389099121, 350.830291748, 351.271453857, 351.724243164, 352.177032471, 352.595001221, 353.012969971, 353.419311523, 353.814056396, 354.20880127, 354.603546143, 354.998260498, 355.393005371, 355.787750244, 356.182495117, 356.57723999, 356.983581543, 357.378326416], "danceability": 1.00144982338, "bpm_histogram_second_peak_spread": {"dvar": 0, "var": 0, "median": 0.14906835556, "max": 0.14906835556, "dmean": 0, "dmean2": 0, "mean": 0.14906835556, "dvar2": 0, "min": 0.14906835556}}, "lowlevel": {"spectral_flux": {"dvar": 0.00104576942977, "var": 0.0034772506915, "median": 0.0770137310028, "max": 0.300052374601, "dmean": 0.0266400463879, "dmean2": 0.0420776493847, "mean": 0.082395195961, "dvar2": 0.00214332947508, "min": 6.55831153273e-11}, "spectral_rolloff": {"dvar": 498318.5, "var": 4280070, "median": 1055.12695312, "max": 22006.9335938, "dmean": 380.278533936, "dmean2": 660.278747559, "mean": 1388.60510254, "dvar2": 1157270, "min": 43.06640625}, "barkbands_flatness_db": {"dvar": 0.000449016020866, "var": 0.00321423145942, "median": 0.133678898215, "max": 0.415985584259, "dmean": 0.0204039569944, "dmean2": 0.0335265137255, "mean": 0.144629076123, "dvar2": 0.00123687752057, "min": 0.0222433023155}, "spectral_centroid": {"dvar": 100586.71875, "var": 751056.75, "median": 1292.30310059, "max": 11728.1962891, "dmean": 256.768585205, "dmean2": 412.86706543, "mean": 1410.5880127, "dvar2": 253227.171875, "min": 236.689682007}, "melbands_skewness": {"dvar": 0.797337770462, "var": 3.15807938576, "median": 2.06001663208, "max": 25.1607837677, "dmean": 0.706625163555, "dmean2": 1.15700805187, "mean": 2.53125452995, "dvar2": 2.18129944801, "min": -0.98286563158}, "melbands": {"dvar": [1.63807817444e-05, 6.1763589656e-06, 3.56259192813e-07, 1.38149528084e-06, 3.72646326241e-07, 1.10653360252e-07, 5.86602517672e-08, 1.24370544086e-07, 6.47253486363e-08, 4.53724062766e-08, 5.24056567031e-08, 1.23385905937e-08, 2.18438831467e-08, 1.83794259812e-08, 2.43023094981e-08, 1.90153919277e-08, 1.94582856494e-08, 8.98658836235e-09, 5.86691939475e-09, 4.97172925051e-09, 1.25492960468e-09, 1.01361852245e-09, 3.56494056497e-10, 7.68145269614e-11, 7.99475555202e-11, 2.43618819562e-10, 2.57569993112e-10, 7.32936697445e-11, 2.8378620634e-11, 2.26642107859e-11, 8.30372576255e-12, 1.13668614452e-11, 1.13253850742e-11, 7.33538837311e-12, 5.09050267217e-12, 7.45940288704e-12, 5.82676311714e-12, 2.266333822e-12, 1.50245994032e-12, 1.12058496163e-12], "var": [1.57205740834e-05, 8.27631538414e-06, 8.29136354241e-07, 1.1744727999e-06, 6.05139518939e-07, 3.37073629453e-07, 1.4326072062e-07, 3.9577898292e-07, 1.59577638215e-07, 1.27660399585e-07, 1.31932083036e-07, 3.96788699675e-08, 6.3384838711e-08, 4.56491875411e-08, 7.84505616025e-08, 4.31474163065e-08, 4.77911328289e-08, 2.47866491776e-08, 1.66921143574e-08, 1.47603262945e-08, 5.22335241726e-09, 3.22628967986e-09, 1.15065434958e-09, 2.56591969894e-10, 2.76851430669e-10, 6.32111918364e-10, 3.87847420846e-10, 1.2763036461e-10, 4.35476238403e-11, 3.75467608393e-11, 1.65390427048e-11, 2.18201672009e-11, 2.5014603236e-11, 1.79047696808e-11, 1.28578944367e-11, 2.05156776983e-11, 1.78028598807e-11, 6.45461245216e-12, 3.82153119913e-12, 3.21265496844e-12], "median": [0.00128711469006, 0.00148750771768, 0.000387436477467, 0.000189281301573, 0.000186633202247, 0.000157979404321, 9.85299557215e-05, 0.000135099544423, 6.10470742686e-05, 2.0887957362e-05, 2.73685509455e-05, 2.62781650235e-05, 3.9843354898e-05, 2.74817030004e-05, 2.36723881244e-05, 1.54979115905e-05, 2.10123853321e-05, 1.74088527274e-05, 1.42430226333e-05, 1.47622504301e-05, 1.10148648673e-05, 1.3483218936e-05, 1.20321928989e-05, 5.53054633201e-06, 5.68049199501e-06, 5.78850358579e-06, 5.08388257003e-06, 3.69182134818e-06, 2.61835225501e-06, 2.12718168768e-06, 1.5086482108e-06, 1.12055170121e-06, 6.63925334266e-07, 4.10716666011e-07, 3.25625336473e-07, 3.09204722271e-07, 2.54964618307e-07, 1.81823907042e-07, 1.51001017912e-07, 1.15715948823e-07], "max": [0.0337574779987, 0.0246920846403, 0.0127739077434, 0.0158318113536, 0.0084128966555, 0.00670869555324, 0.00576235493645, 0.00993328448385, 0.00998222827911, 0.00495116878301, 0.00731527293101, 0.00360062788241, 0.00452282652259, 0.00464076874778, 0.00506600691006, 0.00432842317969, 0.00547639280558, 0.00338912475854, 0.00367219489999, 0.00211813952774, 0.00134652282577, 0.000635822769254, 0.000476198707474, 0.000270312390057, 0.000199636837351, 0.000349805457518, 0.000283988338197, 0.00022575816547, 0.000112024274131, 8.99252627278e-05, 0.000104200284113, 9.16712306207e-05, 0.000107652726001, 8.78354185261e-05, 8.16483807284e-05, 9.78618263616e-05, 9.32058319449e-05, 5.0493159506e-05, 4.30002619396e-05, 3.61051061191e-05], "dmean": [0.00230711814947, 0.00150312145706, 0.000353401468601, 0.000369957851944, 0.000259259890299, 0.000166708647157, 0.000116831251944, 0.000169999402715, 9.20775346458e-05, 6.49689100101e-05, 7.25014178897e-05, 4.7544894187e-05, 6.37026023469e-05, 4.3263524276e-05, 5.30420875293e-05, 3.73594266421e-05, 4.72190040455e-05, 3.27152920363e-05, 2.6740024623e-05, 2.43692084041e-05, 1.49214674821e-05, 1.67438010976e-05, 1.15276461656e-05, 5.2397294894e-06, 5.38871199751e-06, 9.11249208002e-06, 9.2973396022e-06, 5.22311120221e-06, 3.27983752868e-06, 2.85188934868e-06, 1.6295215346e-06, 1.62925005043e-06, 1.55795999035e-06, 8.37329253045e-07, 6.58726946767e-07, 6.39256768409e-07, 5.6996401554e-07, 4.16934341274e-07, 3.48421423269e-07, 3.10335821041e-07], "dmean2": [0.00406575668603, 0.00262944609858, 0.000549343996681, 0.000621391634922, 0.000425211241236, 0.000263799272943, 0.00018625096709, 0.000253621576121, 0.0001386081276, 0.000101039004221, 0.000113717505883, 7.24693745724e-05, 0.000100030410977, 6.68421926093e-05, 8.16279934952e-05, 5.7394408941e-05, 7.42949196137e-05, 5.13442791998e-05, 4.23428355134e-05, 3.89037049899e-05, 2.35175666603e-05, 2.71266653726e-05, 1.85304543265e-05, 8.37892548589e-06, 8.84957171365e-06, 1.55193774845e-05, 1.63469194376e-05, 9.07631874725e-06, 5.64758693145e-06, 4.88552541356e-06, 2.69969018518e-06, 2.71023441201e-06, 2.62473872681e-06, 1.33303876737e-06, 1.02321496342e-06, 9.80204617917e-07, 8.52365701576e-07, 6.28104260159e-07, 5.17460591709e-07, 4.61769730009e-07], "mean": [0.00271542253904, 0.00237021874636, 0.000683399732225, 0.000499208224937, 0.000449296407169, 0.000355207448592, 0.000222324946662, 0.000366425170796, 0.000194707798073, 0.000132110653794, 0.000138746079756, 9.54694405664e-05, 0.000127621970023, 8.64200192154e-05, 0.000109334134322, 6.81342280586e-05, 8.29699420137e-05, 6.08920418017e-05, 5.25666800968e-05, 4.86398712383e-05, 3.2126547012e-05, 3.41777486028e-05, 2.45670926233e-05, 1.13556270662e-05, 1.12018451546e-05, 1.54335539264e-05, 1.28613846755e-05, 7.8295252024e-06, 4.83333042212e-06, 4.31232820119e-06, 2.87258535536e-06, 2.76308765024e-06, 2.31097055803e-06, 1.42946078086e-06, 1.13051032713e-06, 1.17730110105e-06, 1.09176221486e-06, 7.57959469411e-07, 6.14571717961e-07, 5.38145229712e-07], "dvar2": [4.50088336947e-05, 1.72117543116e-05, 8.6298024371e-07, 3.78913387067e-06, 9.86896225186e-07, 2.54674915823e-07, 1.42004253689e-07, 2.74720434845e-07, 1.59582612014e-07, 1.09820071259e-07, 1.3051440817e-07, 2.61749235619e-08, 5.21517229402e-08, 4.33059845761e-08, 5.57764749942e-08, 4.15829042311e-08, 4.57362112627e-08, 2.11080628532e-08, 1.50800012477e-08, 1.28832864377e-08, 2.96378077635e-09, 2.53863774446e-09, 8.98521812509e-10, 1.96688540455e-10, 2.07261680041e-10, 6.19775786248e-10, 6.95417723406e-10, 1.93183913311e-10, 7.36175148619e-11, 5.93296245466e-11, 2.05607544879e-11, 2.79593691949e-11, 2.53658361676e-11, 1.58665459243e-11, 1.02245104744e-11, 1.48446567538e-11, 1.14428154452e-11, 4.59341462436e-12, 3.08515691293e-12, 2.21987727679e-12], "min": [1.08136914837e-24, 7.61181057956e-25, 5.95959022434e-25, 2.25516557913e-24, 2.50763558147e-24, 2.19977551346e-24, 1.90959815707e-24, 1.98811959664e-24, 2.54638068204e-24, 1.75165715979e-24, 2.30756448147e-24, 3.22730253846e-24, 2.86699998355e-24, 1.85129147541e-24, 3.35229399902e-24, 2.64974473202e-24, 2.46235634601e-24, 3.83135621056e-24, 3.59249504491e-24, 3.65465176222e-24, 4.03697674981e-24, 3.10753392874e-24, 3.69650753856e-24, 4.25420379956e-24, 3.25541359682e-24, 4.09491108912e-24, 4.86171386571e-24, 5.31979632147e-24, 4.0666477806e-24, 5.49214822976e-24, 5.14784515451e-24, 4.92444842362e-24, 5.75720825493e-24, 6.35589333413e-24, 5.57222392253e-24, 6.48192451336e-24, 6.36383440244e-24, 5.26901024525e-24, 5.06023110694e-24, 6.44621593563e-24]}, "spectral_decrease": {"dvar": 1.64428384914e-17, "var": 3.7792803544e-17, "median": -6.95679513996e-09, "max": 1.78538597239e-17, "dmean": 2.76649680941e-09, "dmean2": 4.68640370954e-09, "mean": -7.44672457031e-09, "dvar2": 4.41792102819e-17, "min": -3.73034154677e-08}, "barkbands_kurtosis": {"dvar": 106.957214355, "var": 434.900177002, "median": 1.32633113861, "max": 935.591552734, "dmean": 2.7047355175, "dmean2": 4.57788658142, "mean": 3.88840818405, "dvar2": 324.141448975, "min": -1.87510561943}, "silence_rate_30dB": {"dvar": 0, "var": 0, "median": 1, "max": 1, "dmean": 0, "dmean2": 0, "mean": 1, "dvar2": 0, "min": 1}, "gfcc": {"mean": [-32.4479560852, 112.879432678, -128.072952271, 29.5662002563, -41.4462928772, 4.3723359108, -28.0862464905, 3.881772995, -18.1935806274, 5.00478839874, -7.69506931305, 0.232004374266, -7.78174877167], "cov": [[21532.6601562, -2020.56921387, 62.7648696899, 1679.71948242, -711.73425293, 1582.88391113, -217.800445557, 881.238525391, -248.242019653, 392.482788086, -468.942932129, 164.635940552, -124.640663147], [-2020.56921387, 2555.0168457, -801.553466797, -645.150939941, 340.174316406, -722.612548828, 87.1780166626, -438.964141846, 80.3147735596, -187.275253296, 215.296432495, -93.0381546021, 75.3558807373], [62.7648696899, -801.553466797, 994.94354248, 287.426513672, 109.005020142, 408.639007568, -0.218061447144, 192.2056427, 1.02593076229, 71.6773910522, -69.1968612671, 80.4980773926, -24.6687393188], [1679.71948242, -645.150939941, 287.426513672, 606.896789551, -31.3521671295, 294.15838623, 25.8006858826, 143.487319946, -0.930024266243, 64.2884521484, -71.7946395874, 38.0290756226, 15.6946516037], [-711.73425293, 340.174316406, 109.005020142, -31.3521671295, 339.159301758, -1.61647450924, 34.9922332764, -14.3023166656, 35.1157188416, -3.63905477524, 23.8212547302, 5.21127223969, 31.6022644043], [1582.88391113, -722.612548828, 408.639007568, 294.15838623, -1.61647450924, 484.98324585, 52.3422012329, 199.036148071, -26.6900482178, 60.3301544189, -84.4262237549, 39.0057678223, -30.8258876801], [-217.800445557, 87.1780166626, -0.218061447144, 25.8006858826, 34.9922332764, 52.3422012329, 170.009567261, 36.105091095, 15.088968277, -5.30855751038, 16.9736633301, -6.58445119858, -1.55975520611], [881.238525391, -438.964141846, 192.2056427, 143.487319946, -14.3023166656, 199.036148071, 36.105091095, 217.184310913, 33.2778358459, 57.4937782288, -43.6975059509, 13.8775529861, -29.0328998566], [-248.242019653, 80.3147735596, 1.02593076229, -0.930024266243, 35.1157188416, -26.6900482178, 15.088968277, 33.2778358459, 106.264823914, 39.0739021301, 22.4075565338, -0.742123126984, -1.64413487911], [392.482788086, -187.275253296, 71.6773910522, 64.2884521484, -3.63905477524, 60.3301544189, -5.30855751038, 57.4937782288, 39.0739021301, 98.8892593384, 17.4870147705, 17.5498046875, -4.15226888657], [-468.942932129, 215.296432495, -69.1968612671, -71.7946395874, 23.8212547302, -84.4262237549, 16.9736633301, -43.6975059509, 22.4075565338, 17.4870147705, 94.5660018921, 19.5891094208, 12.664273262], [164.635940552, -93.0381546021, 80.4980773926, 38.0290756226, 5.21127223969, 39.0057678223, -6.58445119858, 13.8775529861, -0.742123126984, 17.5498046875, 19.5891094208, 84.2079925537, 44.0976104736], [-124.640663147, 75.3558807373, -24.6687393188, 15.6946516037, 31.6022644043, -30.8258876801, -1.55975520611, -29.0328998566, -1.64413487911, -4.15226888657, 12.664273262, 44.0976104736, 102.269546509]], "icov": [[0.000190042832401, -0.000474776199553, 0.000295707024634, -0.000420639087679, 0.000469147169497, -0.000685886945575, 0.000620310718659, -0.000768180994783, 0.000825118273497, -0.00101822090801, 0.000810719211586, -0.000657604075968, 0.000312085554469], [-0.000474776199553, 0.00273641129024, -0.000235268089455, 0.00144067488145, -0.00246679503471, 0.00230916542932, -0.0022674286738, 0.00321676349267, -0.00329724210314, 0.0042715864256, -0.003439220367, 0.00229499256238, -0.000979126547463], [0.000295707024634, -0.000235268089455, 0.00246597384103, -0.000722602300812, -0.000453690707218, -0.00198422488756, 0.0012255088659, -0.00103386084083, 0.000795658386778, -0.00112379831262, 0.00124035065528, -0.00241638137959, 0.00136225740425], [-0.000420639087679, 0.00144067488145, -0.000722602300812, 0.00362001662143, -0.00101188127883, 0.000558969855774, -0.00179065542761, 0.0019292619545, -0.00233425758779, 0.00170660449658, -0.00103572872467, 0.00165177078452, -0.00185469712596], [0.000469147169497, -0.00246679503471, -0.000453690707218, -0.00101188127883, 0.00591107085347, -0.00245840218849, 0.00155895436183, -0.00241714995354, 0.00162344938144, -0.00326277315617, 0.00226869946346, -0.000869646144565, -0.000807086005807], [-0.000685886945575, 0.00230916542932, -0.00198422488756, 0.000558969855774, -0.00245840218849, 0.00877439696342, -0.00427571730688, 0.000701625249349, -0.00064728280995, 0.002347931033, -0.000599948747549, 0.000654862262309, 0.000313447235385], [0.000620310718659, -0.0022674286738, 0.0012255088659, -0.00179065542761, 0.00155895436183, -0.00427571730688, 0.00993230193853, -0.00472277309746, 0.00220245006494, -0.00121633848175, -0.00065825303318, -0.000349650013959, 0.000255677034147], [-0.000768180994783, 0.00321676349267, -0.00103386084083, 0.0019292619545, -0.00241714995354, 0.000701625249349, -0.00472277309746, 0.014117738232, -0.00772166531533, 0.00257955584675, -0.000868919305503, 0.00168709713034, 0.000403044919949], [0.000825118273497, -0.00329724210314, 0.000795658386778, -0.00233425758779, 0.00162344938144, -0.00064728280995, 0.00220245006494, -0.00772166531533, 0.018512506038, -0.0109104551375, 0.00339313154109, -0.00254000467248, 0.00165972020477], [-0.00101822090801, 0.0042715864256, -0.00112379831262, 0.00170660449658, -0.00326277315617, 0.002347931033, -0.00121633848175, 0.00257955584675, -0.0109104551375, 0.0245011933148, -0.0125561133027, 0.0043760179542, -0.00200436869636], [0.000810719211586, -0.003439220367, 0.00124035065528, -0.00103572872467, 0.00226869946346, -0.000599948747549, -0.00065825303318, -0.000868919305503, 0.00339313154109, -0.0125561133027, 0.0244131498039, -0.0110730212182, 0.00413793511689], [-0.000657604075968, 0.00229499256238, -0.00241638137959, 0.00165177078452, -0.000869646144565, 0.000654862262309, -0.000349650013959, 0.00168709713034, -0.00254000467248, 0.0043760179542, -0.0110730212182, 0.02429443039, -0.0113565893844], [0.000312085554469, -0.000979126547463, 0.00136225740425, -0.00185469712596, -0.000807086005807, 0.000313447235385, 0.000255677034147, 0.000403044919949, 0.00165972020477, -0.00200436869636, 0.00413793511689, -0.0113565893844, 0.0162850487977]]}, "silence_rate_20dB": {"dvar": 0, "var": 0, "median": 1, "max": 1, "dmean": 0, "dmean2": 0, "mean": 1, "dvar2": 0, "min": 1}, "barkbands_skewness": {"dvar": 0.372581452131, "var": 1.77817809582, "median": 1.25563764572, "max": 27.1563682556, "dmean": 0.503159821033, "dmean2": 0.829707801342, "mean": 1.43042862415, "dvar2": 1.04175043106, "min": -9.00933551788}, "erbbands_skewness": {"dvar": 0.0764279142022, "var": 0.462839126587, "median": 0.140913620591, "max": 2.94790887833, "dmean": 0.30411067605, "dmean2": 0.468946814537, "mean": 0.126279950142, "dvar2": 0.184482261539, "min": -3.1073076725}, "spectral_contrast_valleys": {"dvar": [0.10074993968, 0.0931063890457, 0.0792715996504, 0.063445366919, 0.11726590246, 0.117249444127], "var": [3.9939763546, 3.04052090645, 3.06796574593, 3.22230172157, 4.30970716476, 4.93532800674], "median": [-6.88671255112, -7.00369930267, -7.40814876556, -7.41196346283, -7.34805870056, -10.2683372498], "max": [-5.20171070099, -4.91994571686, -5.39387702942, -5.77286291122, -5.74806499481, -7.45464849472], "dmean": [0.363827526569, 0.336187779903, 0.310451328754, 0.278619021177, 0.327583253384, 0.266547381878], "dmean2": [0.595190882683, 0.542119681835, 0.48423191905, 0.424329161644, 0.488696068525, 0.39419862628], "mean": [-7.50042200089, -7.23116397858, -7.7189245224, -7.86935281754, -8.11087417603, -11.210026741], "dvar2": [0.246185213327, 0.218703076243, 0.176181450486, 0.127062067389, 0.258305937052, 0.233195945621], "min": [-27.9567604065, -28.3296279907, -27.8197898865, -27.7566986084, -27.4597606659, -27.379108429]}, "spectral_strongpeak": {"dvar": 1.16350471973, "var": 1.41255688667, "median": 0.427926838398, "max": 13.169169426, "dmean": 0.51995319128, "dmean2": 0.912259221077, "mean": 0.807510137558, "dvar2": 3.0545091629, "min": 0}, "erbbands_crest": {"dvar": 4.81548643112, "var": 18.8167476654, "median": 7.93124866486, "max": 31.5812473297, "dmean": 2.25927090645, "dmean2": 3.59679627419, "mean": 8.99237918854, "dvar2": 11.559044838, "min": 1.91087198257}, "barkbands_crest": {"dvar": 9.17063045502, "var": 18.9801692963, "median": 9.5710067749, "max": 26.0914878845, "dmean": 2.93633747101, "dmean2": 4.90926170349, "mean": 10.5735826492, "dvar2": 25.5367298126, "min": 2.40312790871}, "spectral_energyband_middle_low": {"dvar": 3.7863945181e-05, "var": 8.80085863173e-05, "median": 0.00674880016595, "max": 0.0925050973892, "dmean": 0.00339516089298, "dmean2": 0.00546137755737, "mean": 0.00963158346713, "dvar2": 0.000101975536381, "min": 1.65700838987e-22}, "spectral_contrast_coeffs": {"dvar": [0.00174290151335, 0.0014184655156, 0.000951775873546, 0.000600833154749, 0.000412090914324, 0.000465161079774], "var": [0.00706624379382, 0.00611590920016, 0.00587583146989, 0.00424176221713, 0.00373818585649, 0.0027704408858], "median": [-0.667457103729, -0.679492235184, -0.756484150887, -0.761620759964, -0.764841675758, -0.739560842514], "max": [-0.285584121943, -0.404486179352, -0.467663347721, -0.483751356602, -0.501596033573, -0.562966942787], "dmean": [0.0459886230528, 0.0433937162161, 0.0361696146429, 0.0286527853459, 0.0232115592808, 0.0218674354255], "dmean2": [0.0751890018582, 0.0697420462966, 0.0573445223272, 0.0458678640425, 0.0364670716226, 0.0350227057934], "mean": [-0.658854961395, -0.681502878666, -0.746878921986, -0.756554245949, -0.758463263512, -0.74187630415], "dvar2": [0.00469932612032, 0.00366085255519, 0.00236704596318, 0.00144500331953, 0.000957209151238, 0.00113576161675], "min": [-0.981128334999, -0.987410902977, -0.991561353207, -0.987516999245, -0.987559139729, -0.963482797146]}, "hfc": {"dvar": 45.5244140625, "var": 353.71496582, "median": 14.699016571, "max": 121.511550903, "dmean": 4.85864639282, "dmean2": 7.5100069046, "mean": 20.1296482086, "dvar2": 101.225250244, "min": 1.04980892906e-16}, "spectral_energyband_high": {"dvar": 3.54706116923e-07, "var": 1.17671038424e-06, "median": 0.000351721362676, "max": 0.014697923325, "dmean": 0.000307060632622, "dmean2": 0.000489432772156, "mean": 0.000627280329354, "dvar2": 6.98414226008e-07, "min": 7.01387847913e-21}, "erbbands_spread": {"dvar": 45.8531494141, "var": 255.300064087, "median": 31.3547706604, "max": 141.261062622, "dmean": 6.16325759888, "dmean2": 9.6305141449, "mean": 34.893283844, "dvar2": 107.75440979, "min": 5.02903079987}, "dissonance": {"dvar": 0.000255873106653, "var": 0.00086475739954, "median": 0.466475486755, "max": 0.499974429607, "dmean": 0.0163951925933, "dmean2": 0.02735552378, "mean": 0.458893328905, "dvar2": 0.000700751028489, "min": 0.249752297997}, "spectral_kurtosis": {"dvar": 35.2357406616, "var": 109.261489868, "median": 4.63393115997, "max": 107.59