{"tonal": {"hpcp": {"dvar": [0.0734393745661, 0.0498104169965, 0.0418632552028, 0.0415465049446, 0.0342503599823, 0.0370079502463, 0.039607513696, 0.0248991772532, 0.0250638332218, 0.0350115522742, 0.0333409793675, 0.0364392250776, 0.0385827571154, 0.0355456098914, 0.0424843132496, 0.0579027421772, 0.0582996606827, 0.0458056814969, 0.0440117456019, 0.0406359471381, 0.0452292971313, 0.0541636459529, 0.0421752184629, 0.0342632643878, 0.023187270388, 0.0160870887339, 0.0204778444022, 0.0228913035244, 0.0198514070362, 0.0308382008225, 0.0331161431968, 0.0268384888768, 0.0194804240018, 0.0292295422405, 0.0436772070825, 0.0566545948386], "var": [0.15587836504, 0.0814200937748, 0.0341698937118, 0.0292853284627, 0.0250458940864, 0.0339287221432, 0.0440576709807, 0.0226384792477, 0.0211783554405, 0.0478447452188, 0.0403995588422, 0.0405918434262, 0.0453137792647, 0.0454747900367, 0.0532169416547, 0.102597266436, 0.0988977849483, 0.0510932840407, 0.043236605823, 0.0395996160805, 0.0531451553106, 0.0939194411039, 0.0813704952598, 0.0374330505729, 0.0161118470132, 0.0113395219669, 0.0213712230325, 0.0280652455986, 0.0214142743498, 0.0489300973713, 0.0600212588906, 0.0359361618757, 0.0172805730253, 0.026607343927, 0.0469409003854, 0.0988474860787], "median": [0.230805486441, 0.14628495276, 0.0224103387445, 0.00669550755993, 0.00892451684922, 0.0240552611649, 0.0338624194264, 0.0225216522813, 0.00999192055315, 0.00958891026676, 0.0142134036869, 0.0222849864513, 0.027368074283, 0.0266410037875, 0.0377040691674, 0.0530341863632, 0.0407555066049, 0.0169514808804, 0.00745685165748, 0.0105635821819, 0.049257632345, 0.0921534076333, 0.0650231465697, 0.0172414518893, 0.0074894814752, 0.00842178240418, 0.0107132662088, 0.0111812334508, 0.0128373568878, 0.0159210190177, 0.018999459222, 0.0165611524135, 0.00956669356674, 0.00913051702082, 0.026157733053, 0.140309423208], "max": [1, 1, 1, 1, 1, 1, 1, 1, 1, 1, 1, 1, 1, 1, 1, 1, 1, 1, 1, 1, 1, 1, 1, 1, 1, 1, 1, 1, 1, 1, 1, 1, 1, 1, 1, 1], "dmean": [0.217206656933, 0.191365629435, 0.127985715866, 0.109110303223, 0.101956658065, 0.115766108036, 0.121134832501, 0.0852776765823, 0.0743145048618, 0.0898456200957, 0.0953934416175, 0.105889864266, 0.115619972348, 0.102700792253, 0.132902503014, 0.166178420186, 0.1573805511, 0.128207698464, 0.106104597449, 0.112467132509, 0.144031062722, 0.169850319624, 0.142888560891, 0.105279192328, 0.0712462216616, 0.0541670434177, 0.0611206889153, 0.0633154064417, 0.0654217377305, 0.0869282186031, 0.100882381201, 0.0852836146951, 0.0689154565334, 0.0868850871921, 0.13830049336, 0.206847265363], "dmean2": [0.375428169966, 0.326883941889, 0.232177868485, 0.203388676047, 0.187713399529, 0.208446666598, 0.2145575881, 0.151499584317, 0.134585529566, 0.157057017088, 0.166886016726, 0.18659286201, 0.204062700272, 0.181695789099, 0.233919039369, 0.287465065718, 0.274356067181, 0.228749722242, 0.19296079874, 0.201792925596, 0.253285974264, 0.28964394331, 0.241507574916, 0.190140962601, 0.13064005971, 0.0986441373825, 0.106912508607, 0.109737575054, 0.114924229681, 0.148035854101, 0.168239623308, 0.146091014147, 0.123751722276, 0.158884629607, 0.248802274466, 0.357485681772], "mean": [0.409727960825, 0.263191431761, 0.101214297116, 0.0725603923202, 0.0702006518841, 0.101154275239, 0.121525339782, 0.0793459191918, 0.0639742910862, 0.0958212465048, 0.0984048768878, 0.103674724698, 0.118961572647, 0.108470477164, 0.148330330849, 0.229223206639, 0.211592689157, 0.124800212681, 0.0885832831264, 0.0919176265597, 0.152118563652, 0.238672301173, 0.202445730567, 0.0993389859796, 0.0502089448273, 0.0420727208257, 0.0588273592293, 0.0656003803015, 0.0645575374365, 0.106081515551, 0.133028313518, 0.09254681319, 0.0575480349362, 0.0702003538609, 0.121041491628, 0.287618279457], "dvar2": [0.172821059823, 0.130489051342, 0.11597494036, 0.115731149912, 0.0950352549553, 0.101842045784, 0.10212572664, 0.0665974766016, 0.0689021870494, 0.0870975479484, 0.0841862559319, 0.0937604084611, 0.0998677909374, 0.0911885276437, 0.117049954832, 0.148479819298, 0.146294265985, 0.124299317598, 0.115665636957, 0.108613140881, 0.115771494806, 0.12561647594, 0.105279468, 0.0960946753621, 0.0669517219067, 0.0457529015839, 0.0521154217422, 0.0548971481621, 0.0515092685819, 0.0725678056479, 0.0761273428798, 0.0662662684917, 0.053127259016, 0.0793285369873, 0.116921424866, 0.150170356035], "min": [0, 0, 0, 0, 0, 0, 0, 0, 0, 0, 0, 0, 0, 0, 0, 0, 0, 0, 0, 0, 0, 0, 0, 0, 0, 0, 0, 0, 0, 0, 0, 0, 0, 0, 0, 0]}, "key_key": "D", "thpcp": [1, 0.642356514931, 0.247028037906, 0.177094072104, 0.171334788203, 0.246881559491, 0.296600073576, 0.193655118346, 0.156138449907, 0.233865529299, 0.240171253681, 0.253033071756, 0.29034280777, 0.264737784863, 0.362021505833, 0.559452176094, 0.516422390938, 0.304592877626, 0.216200232506, 0.224338188767, 0.371267229319, 0.582514047623, 0.494097918272, 0.242451071739, 0.122542150319, 0.102684527636, 0.143576622009, 0.160107165575, 0.157561957836, 0.258907198906, 0.324674725533, 0.225873798132, 0.140454247594, 0.171334058046, 0.295419156551, 0.701973736286], "chords_key": "A", "tuning_equal_tempered_deviation": 0.0841284766793, "tuning_frequency": 442.548919678, "tuning_diatonic_strength": 0.680572450161, "chords_histogram": [7.94005823135, 0.20129725337, 19.0337734222, 1.43144714832, 3.95884585381, 4.540371418, 0.917020797729, 16.0366802216, 0.917020797729, 39.1187667847, 0.2236636132, 1.23014986515, 0.0894654467702, 0, 0, 0.0223663616925, 0.0447327233851, 0.17893089354, 0, 0.424960851669, 0.2236636132, 0.0447327233851, 3.15365695953, 0.268396317959], "key_strength": 0.781447887421, "key_scale": "minor", "chords_strength": {"dvar": 8.16919564386e-05, "var": 0.0103764943779, "median": 0.524621665478, "max": 0.816777408123, "dmean": 0.0105078639463, "dmean2": 0.0109992045909, "mean": 0.521428108215, "dvar2": 9.24600026337e-05, "min": 0.198070451617}, "chords_number_rate": 0.00201297248714, "tuning_nontempered_energy_ratio": 0.774765908718, "hpcp_entropy": {"dvar": 0.260533124208, "var": 0.503197848797, "median": 1.91473412514, "max": 4.19570636749, "dmean": 0.619680345058, "dmean2": 1.04984414577, "mean": 1.90418851376, "dvar2": 0.708788216114, "min": 0}, "chords_changes_rate": 0.0624021477997, "chords_scale": "major"}, "rhythm": {"bpm_histogram_first_peak_spread": {"dvar": 0, "var": 0, "median": 0, "max": 0, "dmean": 0, "dmean2": 0, "mean": 0, "dvar2": 0, "min": 0}, "bpm_histogram_first_peak_weight": {"dvar": 0, "var": 0, "median": 0.701013505459, "max": 0.701013505459, "dmean": 0, "dmean2": 0, "mean": 0.701013505459, "dvar2": 0, "min": 0.701013505459}, "bpm_histogram_first_peak_bpm": {"dvar": 0, "var": 0, "median": 172, "max": 172, "dmean": 0, "dmean2": 0, "mean": 172, "dvar2": 0, "min": 172}, "bpm": 172.265167236, "bpm_histogram_second_peak_weight": {"dvar": 0, "var": 0, "median": 0.167229726911, "max": 0.167229726911, "dmean": 0, "dmean2": 0, "mean": 0.167229726911, "dvar2": 0, "min": 0.167229726911}, "beats_loudness": {"dvar": 0.000165122401086, "var": 0.00028211006429, "median": 0.0352558903396, "max": 0.104357525706, "dmean": 0.0151987383142, "dmean2": 0.0263284035027, "mean": 0.0365692079067, "dvar2": 0.000443363242084, "min": 2.6952466925e-08}, "beats_loudness_band_ratio": {"dvar": [0.0227300468832, 0.00762495258823, 0.0177869778126, 0.0143731413409, 0.0131164463237, 0.000170031635207], "var": [0.0428076609969, 0.00843707099557, 0.0256449207664, 0.0244771279395, 0.014641514048, 0.000179123730049], "median": [0.399483561516, 0.0901449173689, 0.131795823574, 0.127704516053, 0.0531396605074, 0.0140579128638], "max": [0.932988226414, 0.513934373856, 0.948913633823, 0.841526925564, 0.664756774902, 0.146505773067], "dmean": [0.186228990555, 0.0978879183531, 0.131871640682, 0.125661969185, 0.105301119387, 0.010489189066], "dmean2": [0.320130288601, 0.18110729754, 0.228952810168, 0.219228386879, 0.185471594334, 0.0186300165951], "mean": [0.431939929724, 0.115203432739, 0.183109894395, 0.174947917461, 0.108425341547, 0.0169839151204], "dvar2": [0.0566134303808, 0.0238634441048, 0.0485318340361, 0.0388581268489, 0.0356329455972, 0.000477611960378], "min": [0.000261504406808, 0.00011886577704, 0.00419445009902, 0.00218523922376, 0.00132556736935, 0.000115799826744]}, "bpm_histogram_second_peak_bpm": {"dvar": 0, "var": 0, "median": 178, "max": 178, "dmean": 0, "dmean2": 0, "mean": 178, "dvar2": 0, "min": 178}, "onset_rate": 4.95697212219, "beats_count": 593, "beats_position": [0.406349211931, 0.777868449688, 1.13777780533, 1.49768710136, 1.8575963974, 2.20589566231, 2.55419492722, 2.91410422325, 3.27401351929, 3.63392281532, 3.99383211136, 4.34213161469, 4.69043064117, 5.05034017563, 5.38702917099, 5.73532867432, 6.08362817764, 6.43192720413, 6.78022670746, 7.12852573395, 7.47682523727, 7.8251247406, 8.17342376709, 8.51011276245, 8.84680271149, 9.19510173798, 9.54340076447, 9.89170074463, 10.2399997711, 10.5882987976, 10.9365987778, 11.2848978043, 11.6215867996, 11.9582767487, 12.3065757751, 12.6548748016, 13.0031747818, 13.3514738083, 13.6997728348, 14.0248527527, 14.3731517792, 14.7214508057, 15.0697498322, 15.4180498123, 15.7663488388, 16.114648819, 16.4629478455, 16.8112468719, 17.1595458984, 17.5194549561, 17.8561439514, 18.2044448853, 18.5527439117, 18.9010429382, 19.2493419647, 19.6092510223, 19.96916008, 20.3174591064, 20.6657600403, 21.0140590668, 21.3507480621, 21.6874370575, 22.035736084, 22.3840351105, 22.7207260132, 23.0574150085, 23.4173240662, 23.7772331238, 24.1255321503, 24.4622211456, 24.8105201721, 25.158821106, 25.4955101013, 25.8438091278, 26.1921081543, 26.5404071808, 26.8887062073, 27.2370071411, 27.5853061676, 27.9336051941, 28.2819042206, 28.6302032471, 28.9785022736, 29.3268013, 29.6751022339, 30.0234012604, 30.3717002869, 30.7199993134, 31.0682983398, 31.4165973663, 31.7648983002, 32.1131973267, 32.4614944458, 32.7981834412, 33.146484375, 33.4831733704, 33.8314743042, 34.1797714233, 34.5280723572, 34.8763694763, 35.2246704102, 35.572971344, 35.9212684631, 36.269569397, 36.6178665161, 36.96616745, 37.3144645691, 37.6627655029, 38.0110664368, 38.3593635559, 38.7076644897, 39.0559616089, 39.3926506042, 39.7293434143, 40.0776405334, 40.4259414673, 40.7742385864, 41.1225395203, 41.4708366394, 41.8075294495, 42.1442184448, 42.492515564, 42.8408164978, 43.2007255554, 43.560634613, 43.9089317322, 44.257232666, 44.5939216614, 44.9306106567, 45.2789115906, 45.6272087097, 45.9755096436, 46.3238105774, 46.6721076965, 47.0204086304, 47.3687057495, 47.7170066833, 48.0653038025, 48.4252128601, 48.7735137939, 49.1218147278, 49.4585037231, 49.8068008423, 50.1551017761, 50.5033988953, 50.8516998291, 51.2000007629, 51.5482978821, 51.8965988159, 52.2565078735, 52.6164169312, 52.9647140503, 53.3130149841, 53.6729240417, 54.0212249756, 54.3811340332, 54.7062110901, 55.0545120239, 55.3795890808, 55.7046699524, 56.029750824, 56.3780479431, 56.726348877, 57.0746459961, 57.4229469299, 57.7712478638, 58.1195449829, 58.4794540405, 58.8161430359, 59.1644439697, 59.5127410889, 59.8610420227, 60.2093429565, 60.5576400757, 60.9059410095, 61.2542381287, 61.6025390625, 61.9508361816, 62.2991371155, 62.6474380493, 62.9957351685, 63.3440361023, 63.6923332214, 64.0406341553, 64.3773193359, 64.714012146, 65.0623092651, 65.4106140137, 65.7472991943, 66.0839920044, 66.4206771851, 66.7573699951, 67.0940551758, 67.4307479858, 67.779045105, 68.1273422241, 68.4756469727, 68.8239440918, 69.1722412109, 69.5205459595, 69.8688430786, 70.2287521362, 70.5886611938, 70.936958313, 71.273651123, 71.6103363037, 71.9470291138, 72.2837142944, 72.632019043, 72.9803161621, 73.3286132812, 73.6769180298, 74.0252151489, 74.3735122681, 74.7218093872, 75.0701141357, 75.4184112549, 75.766708374, 76.1150131226, 76.4633102417, 76.8116073608, 77.15990448, 77.5082092285, 77.8448944092, 78.1815872192, 78.5298843384, 78.9014053345, 79.2497024536, 79.5979995728, 79.9463043213, 80.2946014404, 80.6428985596, 80.9795913696, 81.3162765503, 81.6645812988, 82.012878418, 82.3611755371, 82.7094802856, 83.0577774048, 83.4060745239, 83.7543716431, 84.0910644531, 84.4509735107, 84.7992706299, 85.1359634399, 85.4842605591, 85.8209533691, 86.1692504883, 86.5175476074, 86.865852356, 87.2141494751, 87.5624465942, 87.9107437134, 88.2474365234, 88.5841217041, 88.9208145142, 89.2575073242, 89.5941925049, 89.9308853149, 90.2791824341, 90.6274795532, 90.9757843018, 91.3240814209, 91.67237854, 92.0206756592, 92.3689804077, 92.7172775269, 93.065574646, 93.4138793945, 93.7621765137, 94.1104736328, 94.458770752, 94.8070755005, 95.1437606812, 95.4804534912, 95.8287506104, 96.1770477295, 96.525352478, 96.8620376587, 97.2103347778, 97.5470275879, 97.895324707, 98.2436294556, 98.5919265747, 98.9402236938, 99.2769165039, 99.6136016846, 99.9502944946, 100.286979675, 100.635284424, 100.983581543, 101.331878662, 101.680175781, 102.02848053, 102.376777649, 102.725074768, 103.073379517, 103.421676636, 103.769973755, 104.118278503, 104.466575623, 104.814872742, 105.174781799, 105.534690857, 105.871383667, 106.208068848, 106.556373596, 106.904670715, 107.252967834, 107.601264954, 107.926345825, 108.274642944, 108.622947693, 108.971244812, 109.319541931, 109.66784668, 110.00453186, 110.352828979, 110.68952179, 111.037818909, 111.386123657, 111.734420776, 112.082717896, 112.431015015, 112.779319763, 113.127616882, 113.475914001, 113.82421875, 114.160903931, 114.50920105, 114.857505798, 115.205802917, 115.542495728, 115.890792847, 116.227478027, 116.564170837, 116.912467957, 117.260765076, 117.609069824, 117.945755005, 118.282447815, 118.630744934, 118.979042053, 119.327346802, 119.675643921, 120.02394104, 120.372245789, 120.720542908, 121.068840027, 121.405532837, 121.753829956, 122.090522766, 122.438819885, 122.787117004, 123.135414124, 123.483718872, 123.855232239, 124.203536987, 124.551834106, 124.900131226, 125.248435974, 125.596733093, 125.945030212, 126.293327332, 126.64163208, 127.001541138, 127.349838257, 127.709747314, 128.058044434, 128.394729614, 128.743041992, 129.10295105, 129.451248169, 129.799545288, 130.147842407, 130.496139526, 130.844436646, 131.181137085, 131.517822266, 131.866119385, 132.214416504, 132.562713623, 132.911010742, 133.25932312, 133.607620239, 133.955917358, 134.304214478, 134.652511597, 135.000808716, 135.349105835, 135.697418213, 136.045715332, 136.394012451, 136.74230957, 137.090606689, 137.438903809, 137.787200928, 138.158721924, 138.507034302, 138.855331421, 139.20362854, 139.551925659, 139.900222778, 140.248519897, 140.596817017, 140.945129395, 141.281814575, 141.618499756, 141.966796875, 142.315093994, 142.663391113, 143.011703491, 143.36000061, 143.708297729, 144.056594849, 144.404891968, 144.764801025, 145.124710083, 145.473007202, 145.82131958, 146.169616699, 146.517913818, 146.877822876, 147.214508057, 147.562805176, 147.911102295, 148.259414673, 148.607711792, 148.956008911, 149.30430603, 149.652603149, 149.98928833, 150.32598877, 150.674285889, 151.022583008, 151.370880127, 151.719177246, 152.090698242, 152.438995361, 152.78729248, 153.135604858, 153.483901978, 153.832199097, 154.180496216, 154.528793335, 154.877090454, 155.225387573, 155.573699951, 155.910385132, 156.247070312, 156.60697937, 156.966888428, 157.315185547, 157.663482666, 157.988571167, 158.336868286, 158.685165405, 159.021850586, 159.358551025, 159.706848145, 160.055145264, 160.403442383, 160.751739502, 161.100036621, 161.448348999, 161.796646118, 162.144943237, 162.493240356, 162.829925537, 163.166610718, 163.514923096, 163.863220215, 164.199905396, 164.536590576, 164.884887695, 165.221588135, 165.558273315, 165.894958496, 166.231658936, 166.568344116, 166.905029297, 167.253326416, 167.613235474, 167.973144531, 168.32144165, 168.681350708, 169.041259766, 169.401168823, 169.749481201, 170.109390259, 170.446075439, 170.78276062, 171.131057739, 171.467758179, 171.792831421, 172.129516602, 172.454605103, 172.791290283, 173.127975464, 173.49949646, 173.847793579, 174.196090698, 174.544403076, 174.904312134, 175.264221191, 175.612518311, 175.96081543, 176.309112549, 176.657409668, 177.005706787, 177.354003906, 177.690704346, 178.027389526, 178.375686646, 178.723983765, 179.072280884, 179.420593262, 179.768890381, 180.1171875, 180.465484619, 180.813781738, 181.162078857, 181.510375977, 181.858688354, 182.206985474, 182.555282593, 182.903579712, 183.251876831, 183.60017395, 183.948471069, 184.296783447, 184.645080566, 184.993377686, 185.341674805, 185.689971924, 186.038269043, 186.386566162, 186.73487854, 187.083175659, 187.431472778, 187.779769897, 188.128067017, 188.476364136, 188.824661255, 189.172973633, 189.521270752, 189.869567871, 190.21786499, 190.566162109, 190.914459229, 191.262756348, 191.611068726, 191.959365845, 192.307662964, 192.655960083, 193.015869141, 193.352554321, 193.70085144, 194.049163818, 194.397460938, 194.745758057, 195.094055176, 195.442352295, 195.790649414, 196.138946533, 196.487258911, 196.83555603, 197.183853149, 197.532150269, 197.880447388, 198.217132568, 198.577041626, 198.925354004, 199.285263062, 199.645172119, 199.993469238, 200.364990234, 200.759719849, 201.131240845, 201.514373779, 201.897506714, 202.303848267, 202.69859314, 203.093322754, 203.476455688, 203.917633057, 204.358810425, 204.800003052, 205.24118042, 205.682357788, 206.135147095, 206.587936401, 207.040725708], "danceability": 1.30777895451, "bpm_histogram_second_peak_spread": {"dvar": 0, "var": 0, "median": 0, "max": 0, "dmean": 0, "dmean2": 0, "mean": 0, "dvar2": 0, "min": 0}}, "lowlevel": {"spectral_flux": {"dvar": 0.000775590306148, "var": 0.0019285895396, "median": 0.0657364875078, "max": 0.262980312109, "dmean": 0.0284590590745, "dmean2": 0.0433534383774, "mean": 0.0752728283405, "dvar2": 0.00167131063063, "min": 6.36083616334e-11}, "spectral_rolloff": {"dvar": 232015.4375, "var": 1341915.125, "median": 882.861328125, "max": 19681.3476562, "dmean": 270.168640137, "dmean2": 447.221313477, "mean": 1107.1817627, "dvar2": 481238.65625, "min": 43.06640625}, "barkbands_flatness_db": {"dvar": 0.000456788286101, "var": 0.00182686862536, "median": 0.177549526095, "max": 0.473129123449, "dmean": 0.0232222843915, "dmean2": 0.0340468920767, "mean": 0.180802330375, "dvar2": 0.00102513586171, "min": 0.054103590548}, "spectral_centroid": {"dvar": 55714.8398438, "var": 462275.0625, "median": 904.159667969, "max": 11605.1572266, "dmean": 189.901535034, "dmean2": 283.019287109, "mean": 1026.25964355, "dvar2": 108018.515625, "min": 190.241348267}, "melbands_skewness": {"dvar": 0.724572718143, "var": 3.12135314941, "median": 1.69922828674, "max": 15.0991048813, "dmean": 0.752031445503, "dmean2": 1.12983524799, "mean": 2.05524778366, "dvar2": 1.51909446716, "min": -4.59738540649}, "melbands": {"dvar": [1.18152183859e-06, 2.9696607271e-06, 9.35367268085e-07, 5.57380758437e-07, 1.07671262128e-07, 2.25772094353e-08, 1.07310299313e-07, 7.14707013572e-08, 6.41481108232e-08, 4.53190445171e-08, 1.16064420297e-07, 4.07889615417e-08, 1.82706969554e-08, 2.54913050668e-08, 5.60074120415e-08, 2.57520635927e-08, 7.11483636451e-08, 1.12482165804e-08, 4.28089741433e-09, 3.69817798607e-09, 2.02250216574e-08, 7.95430210587e-09, 8.6323570514e-10, 4.72289873876e-10, 9.67491642356e-11, 7.29083876605e-11, 1.44320527751e-11, 7.08088752563e-12, 4.13808744215e-12, 3.16475838591e-12, 1.41010250351e-12, 9.99009360479e-13, 4.86552204776e-13, 5.55613552129e-13, 7.17582460466e-13, 2.34778993122e-13, 3.28361930745e-13, 3.26302027932e-13, 2.80089346898e-13, 1.07414301249e-13], "var": [1.43176885103e-06, 3.38106178788e-06, 1.4116320699e-06, 6.06887454069e-07, 1.09843355744e-07, 4.93794409806e-08, 5.39252766885e-07, 3.22896454463e-07, 1.82383701031e-07, 1.32292967692e-07, 2.94481480978e-07, 1.33597154672e-07, 4.67534526649e-08, 8.23149335361e-08, 1.51741616605e-07, 8.01206283541e-08, 3.99228326842e-07, 4.54147084383e-08, 1.14615721358e-08, 7.76962938431e-09, 6.44930295834e-08, 3.09566097201e-08, 9.74926805952e-10, 1.31852317953e-09, 2.64273686268e-10, 1.58565133246e-10, 2.287939109e-11, 1.45168642732e-11, 5.10082167476e-12, 3.13684299889e-12, 1.535937935e-12, 1.62423579361e-12, 7.05522500231e-13, 7.69707052001e-13, 1.07708297576e-12, 4.00471675136e-13, 5.49070337807e-13, 5.5311386981e-13, 4.60773617612e-13, 1.90221902357e-13], "median": [0.00106875388883, 0.00136712414678, 0.000576197344344, 0.00027511746157, 9.17145880521e-05, 6.19060228928e-05, 0.000118292686238, 0.00010797320283, 4.55219778814e-05, 2.97329970635e-05, 1.99647565751e-05, 2.08948622458e-05, 1.42874760058e-05, 1.46777383634e-05, 2.20767851715e-05, 2.03040017368e-05, 8.41661130835e-06, 8.96641995496e-06, 6.32071032669e-06, 6.22557990937e-06, 1.18229609143e-05, 4.83398434881e-06, 2.65900484919e-06, 1.64355049037e-06, 1.30815806187e-06, 7.29512464659e-07, 6.60612897718e-07, 4.62077736074e-07, 3.17895739954e-07, 3.14544166713e-07, 2.04676837257e-07, 1.90332585248e-07, 2.08575812621e-07, 1.69600284039e-07, 1.72888576344e-07, 1.63112161999e-07, 1.67153331176e-07, 1.55911550337e-07, 1.51913809532e-07, 1.16787497006e-07], "max": [0.0109822200611, 0.02094299905, 0.0197358094156, 0.00841954909265, 0.00416692253202, 0.0027057598345, 0.00830664392561, 0.00728679122403, 0.00563382403925, 0.0035561947152, 0.0106226196513, 0.00346053531393, 0.00296773714945, 0.00358018395491, 0.004421365913, 0.0038841329515, 0.00608753785491, 0.00430401600897, 0.00201794202439, 0.0024303458631, 0.0040854178369, 0.00258301571012, 0.00103010877501, 0.00158629834186, 0.000222197486437, 0.000526942894794, 9.55691211857e-05, 5.35231592949e-05, 6.24625608907e-05, 3.79477387469e-05, 2.51294768532e-05, 2.44455113716e-05, 1.22369337987e-05, 1.79750659299e-05, 3.12129304803e-05, 1.012624125e-05, 2.08748970181e-05, 2.09581176023e-05, 2.1557951186e-05, 1.32850955197e-05], "dmean": [0.000664868624881, 0.00101752951741, 0.000597058562562, 0.00043131862185, 0.000172039552126, 8.14036102383e-05, 0.000155954214279, 0.000124642654555, 0.000114600559755, 8.25677780085e-05, 9.21653627302e-05, 7.65661388868e-05, 4.49408435088e-05, 5.81658205192e-05, 8.65707042976e-05, 6.23855739832e-05, 7.69380785641e-05, 3.68048167729e-05, 2.42623173108e-05, 2.34396738961e-05, 5.33202728548e-05, 2.79609321296e-05, 8.14084978629e-06, 5.13156328452e-06, 4.08483037972e-06, 2.4592468435e-06, 1.64056893937e-06, 1.21173570733e-06, 7.6832702689e-07, 6.80897358052e-07, 4.75024734214e-07, 4.24968135349e-07, 3.39558113183e-07, 3.15643688964e-07, 2.81726499907e-07, 2.18425043386e-07, 2.08914897826e-07, 1.99851427851e-07, 1.87164573617e-07, 1.33680103431e-07], "dmean2": [0.00108289939817, 0.0017058836529, 0.000975726405159, 0.000723098928574, 0.00028758274857, 0.000130992135382, 0.000226831660257, 0.000186297882465, 0.000175804249011, 0.000119644915685, 0.000134508140036, 0.000110489076178, 6.68179563945e-05, 8.20918430691e-05, 0.000128107087221, 9.11147872102e-05, 0.000104168713733, 5.21548827237e-05, 3.56146410923e-05, 3.55246593244e-05, 7.71189443185e-05, 3.99715245294e-05, 1.29031222968e-05, 7.8583971117e-06, 6.30599470242e-06, 3.78248068955e-06, 2.56301632362e-06, 1.87451450984e-06, 1.21603011394e-06, 1.0902485883e-06, 7.48663410377e-07, 6.55938549698e-07, 5.20555772709e-07, 4.87264287585e-07, 4.32652541349e-07, 3.17181019227e-07, 3.10255757086e-07, 2.90051929142e-07, 2.75869155075e-07, 1.96804393227e-07], "mean": [0.00122585438658, 0.00172653712798, 0.00095398031408, 0.000547877105419, 0.00020866979321, 0.000133682187879, 0.00037208214053, 0.000286383612547, 0.000202331706532, 0.000152213309775, 0.000176991423359, 0.000143726152601, 7.98056498752e-05, 0.000108095475298, 0.000153898246936, 0.000108490741695, 0.00017481877876, 7.09980231477e-05, 3.80280980607e-05, 3.56134405592e-05, 9.81983685051e-05, 5.24300485267e-05, 1.09298734969e-05, 7.79004949436e-06, 6.52151129543e-06, 3.52632173417e-06, 2.38999746216e-06, 1.76598302914e-06, 1.02149351733e-06, 8.70891710747e-07, 6.04285901318e-07, 5.96520976615e-07, 4.95090603181e-07, 4.45067200872e-07, 4.3299988306e-07, 3.6209900145e-07, 3.64869748637e-07, 3.43500659028e-07, 3.32206809617e-07, 2.44205295985e-07], "dvar2": [3.14932776746e-06, 8.36165054352e-06, 2.43669160227e-06, 1.45658225392e-06, 2.80712896483e-07, 5.59548034573e-08, 2.03798649068e-07, 1.49200090505e-07, 1.37945662004e-07, 9.08475144001e-08, 2.16976886236e-07, 7.54794768909e-08, 3.66215324732e-08, 4.71813379477e-08, 1.10511507501e-07, 4.43067129652e-08, 1.06163660973e-07, 1.9019141817e-08, 8.13117573273e-09, 7.53862572367e-09, 4.03620568079e-08, 1.42501557221e-08, 2.16504991712e-09, 8.00006116908e-10, 2.12347237016e-10, 1.46339385054e-10, 3.52554860306e-11, 1.60402038873e-11, 1.0876216594e-11, 8.4908096179e-12, 3.62285982464e-12, 2.52907850912e-12, 1.18184292647e-12, 1.34744472524e-12, 1.7433876608e-12, 5.04257117832e-13, 7.28395750833e-13, 7.23419750753e-13, 6.00685083271e-13, 2.3918749468e-13], "min": [1.68679425515e-24, 1.20177042454e-24, 2.45189447269e-24, 2.61754461316e-24, 2.61067185974e-24, 2.42520198345e-24, 2.35443425772e-24, 1.5740804285e-24, 1.35209102547e-24, 1.85680009111e-24, 3.98017284817e-24, 2.40741277561e-24, 2.48491323195e-24, 5.74000793175e-24, 3.15335885873e-24, 4.42142811197e-24, 3.23916838698e-24, 3.84799683692e-24, 3.8468320838e-24, 5.60053377383e-24, 4.48895539431e-24, 5.40689287629e-24, 5.50908467897e-24, 5.68151783993e-24, 5.65888029297e-24, 5.35742262006e-24, 5.22577948435e-24, 5.26636795565e-24, 5.39107937058e-24, 6.67409300203e-24, 6.00660031923e-24, 6.02887893448e-24, 7.17540937413e-24, 6.86400732066e-24, 5.60132381803e-24, 7.60308479187e-24, 7.37152650606e-24, 7.05879285537e-24, 6.50784411613e-24, 7.81879801754e-24]}, "spectral_decrease": {"dvar": 8.42208664486e-18, "var": 1.96521801541e-17, "median": -5.37110622645e-09, "max": 5.20238650954e-19, "dmean": 2.18226059445e-09, "dmean2": 3.25255689049e-09, "mean": -6.28304563932e-09, "dvar2": 1.94807420091e-17, "min": -3.4205992705e-08}, "barkbands_kurtosis": {"dvar": 38.9256973267, "var": 96.2259521484, "median": 1.76980018616, "max": 181.991668701, "dmean": 3.43023252487, "dmean2": 5.38118076324, "mean": 5.05427789688, "dvar2": 90.258392334, "min": -1.89468860626}, "silence_rate_30dB": {"dvar": 0.00022365397308, "var": 0.000111829394882, "median": 1, "max": 1, "dmean": 0.000223713650485, "dmean2": 0.000447477359558, "mean": 0.999888181686, "dvar2": 0.000670977227855, "min": 0}, "gfcc": {"mean": [-35.8664932251, 117.448638916, -114.784683228, 26.7777557373, -47.5053749084, 30.7887439728, -46.8545761108, 16.6739692688, -18.8996009827, 3.02257514, -13.0475521088, -4.80846834183, -9.69347953796], "cov": [[11292.7451172, 295.602996826, -716.898498535, 445.701446533, -204.813949585, 112.274642944, -199.440567017, 145.483627319, -286.453704834, 47.119758606, -132.958068848, 57.8670921326, -115.174201965], [295.602996826, 524.668579102, -43.5404586792, -112.158782959, 14.8079662323, -49.5455818176, 29.2590675354, 13.7670068741, 86.3218383789, -86.3716125488, 24.1567707062, -58.6033477783, 51.4415969849], [-716.898498535, -43.5404586792, 1081.63513184, 213.118041992, -299.184692383, 119.023269653, -56.0547103882, 51.3721389771, -25.3436660767, 54.7176742554, -47.7926750183, 63.5853538513, -65.2551498413], [445.701446533, -112.158782959, 213.118041992, 324.382995605, 0.0656409785151, 48.7294235229, -2.91116285324, -39.0686416626, -61.9229431152, 28.2151947021, -7.28471088409, 15.3039512634, -24.3368301392], [-204.813949585, 14.8079662323, -299.184692383, 0.0656409785151, 347.271179199, 32.5677680969, 39.7741470337, -42.706993103, 23.9941158295, 12.5151081085, 53.1355857849, -31.4769916534, 15.9633111954], [112.274642944, -49.5455818176, 119.023269653, 48.7294235229, 32.5677680969, 167.855361938, 17.2945213318, 9.27580547333, -20.2736949921, 29.1746635437, 2.73308086395, 17.4020404816, -12.9472503662], [-199.440567017, 29.2590675354, -56.0547103882, -2.91116285324, 39.7741470337, 17.2945213318, 145.673141479, 26.0014228821, 20.1771144867, -22.1503047943, 0.0865584462881, -14.7146549225, 15.6507482529], [145.483627319, 13.7670068741, 51.3721389771, -39.0686416626, -42.706993103, 9.27580547333, 26.0014228821, 132.441818237, 57.5748214722, -13.5740470886, -38.0414276123, 7.20107126236, 15.4688062668], [-286.453704834, 86.3218383789, -25.3436660767, -61.9229431152, 23.9941158295, -20.2736949921, 20.1771144867, 57.5748214722, 124.677932739, 1.75051188469, -9.94839477539, -24.6697425842, 22.4434986115], [47.119758606, -86.3716125488, 54.7176742554, 28.2151947021, 12.5151081085, 29.1746635437, -22.1503047943, -13.5740470886, 1.75051188469, 112.521705627, 43.3441467285, -0.420352548361, -49.3563041687], [-132.958068848, 24.1567707062, -47.7926750183, -7.28471088409, 53.1355857849, 2.73308086395, 0.0865584462881, -38.0414276123, -9.94839477539, 43.3441467285, 113.34614563, 18.9934520721, -21.4360313416], [57.8670921326, -58.6033477783, 63.5853538513, 15.3039512634, -31.4769916534, 17.4020404816, -14.7146549225, 7.20107126236, -24.6697425842, -0.420352548361, 18.9934520721, 108.307937622, 21.6045608521], [-115.174201965, 51.4415969849, -65.2551498413, -24.3368301392, 15.9633111954, -12.9472503662, 15.6507482529, 15.4688062668, 22.4434986115, -49.3563041687, -21.4360313416, 21.6045608521, 100.148773193]], "icov": [[0.000266984221525, -0.000795884930994, 0.000710885215085, -0.000799721688963, 0.000414317386458, -0.000384936924092, 0.000483139563585, -0.000967592466623, 0.000996666145511, -0.000939327874221, 0.000879248953424, -0.000611239811406, 0.000576627324335], [-0.000795884930994, 0.00573545694351, -0.00260456721298, 0.00298444740474, -0.00104048987851, 0.00110799178947, -0.00126385537442, 0.00333150452934, -0.00502137839794, 0.00627317465842, -0.00552879320458, 0.00415172800422, -0.00270326365717], [0.000710885215085, -0.00260456721298, 0.00377878593281, -0.00330978422426, 0.00265984167345, -0.00231156731024, 0.00165625882801, -0.00276660895906, 0.00201372266747, -0.00308939511888, 0.00289560551755, -0.00253672990948, 0.00245214742608], [-0.000799721688963, 0.00298444740474, -0.00330978422426, 0.00687852269039, -0.00226665032096, 0.00128679268528, -0.00207449612208, 0.00387686351314, -0.00137692247517, 0.00235952204093, -0.0019544295501, 0.00206058076583, -0.00207614479586], [0.000414317386458, -0.00104048987851, 0.00265984167345, -0.00226665032096, 0.00583272939548, -0.00281550781801, 0.000397787720431, -0.000138182556839, -0.000542070891242, -0.00121891545132, -0.000586725713219, 0.00011408773571, 0.000229263212532], [-0.000384936924092, 0.00110799178947, -0.00231156731024, 0.00128679268528, -0.00281550781801, 0.00878075044602, -0.0020657426212, 7.38535209166e-06, 0.000982439843938, -0.000936556840315, -0.00020160501299, -7.30749088689e-05, -0.00100876460783], [0.000483139563585, -0.00126385537442, 0.00165625882801, -0.00207449612208, 0.000397787720431, -0.0020657426212, 0.00910905282944, -0.00369742023759, 0.0010888496181, 0.000648498360533, -0.000111198198283, 0.00047054848983, 0.000547270290554], [-0.000967592466623, 0.00333150452934, -0.00276660895906, 0.00387686351314, -0.000138182556839, 7.38535209166e-06, -0.00369742023759, 0.0160132274032, -0.0097951926291, 0.00413227686659, 2.66149181698e-05, -0.000176391069544, -0.00128176796716], [0.000996666145511, -0.00502137839794, 0.00201372266747, -0.00137692247517, -0.000542070891242, 0.000982439843938, 0.0010888496181, -0.0097951926291, 0.0188274793327, -0.00871333386749, 0.00470716832206, -7.89090408944e-05, -0.00122976151761], [-0.000939327874221, 0.00627317465842, -0.00308939511888, 0.00235952204093, -0.00121891545132, -0.000936556840315, 0.000648498360533, 0.00413227686659, -0.00871333386749, 0.0216189753264, -0.0108237424865, 0.00439834175631, 0.00293308822438], [0.000879248953424, -0.00552879320458, 0.00289560551755, -0.0019544295501, -0.000586725713219, -0.00020160501299, -0.000111198198283, 2.66149181698e-05, 0.00470716832206, -0.0108237424865, 0.0192959103733, -0.00836917106062, 0.00488997064531], [-0.000611239811406, 0.00415172800422, -0.00253672990948, 0.00206058076583, 0.00011408773571, -7.30749088689e-05, 0.00047054848983, -0.000176391069544, -7.89090408944e-05, 0.00439834175631, -0.00836917106062, 0.0160119477659, -0.00712176971138], [0.000576627324335, -0.00270326365717, 0.00245214742608, -0.00207614479586, 0.000229263212532, -0.00100876460783, 0.000547270290554, -0.00128176796716, -0.00122976151761, 0.00293308822438, 0.00488997064531, -0.00712176971138, 0.0173796806484]]}, "silence_rate_20dB": {"dvar": 0, "var": 0, "median": 1, "max": 1, "dmean": 0, "dmean2": 0, "mean": 1, "dvar2": 0, "min": 1}, "barkbands_skewness": {"dvar": 0.47663590312, "var": 2.28529667854, "median": 1.13111031055, "max": 12.2716884613, "dmean": 0.623434245586, "dmean2": 0.923009216785, "mean": 1.29832720757, "dvar2": 0.967414557934, "min": -7.16965723038}, "erbbands_skewness": {"dvar": 0.171456158161, "var": 0.869060695171, "median": 0.289263635874, "max": 4.7058134079, "dmean": 0.404565125704, "dmean2": 0.601154029369, "mean": 0.260238289833, "dvar2": 0.379099071026, "min": -5.94019603729}, "spectral_contrast_valleys": {"dvar": [0.163020908833, 0.135075241327, 0.112545013428, 0.130626425147, 0.174289390445, 0.111637942493], "var": [2.02252221107, 1.91940283775, 1.76489806175, 1.76024329662, 1.84775805473, 1.57718014717], "median": [-6.90877485275, -6.89486169815, -7.59715032578, -7.99970006943, -8.41676998138, -10.542845726], "max": [-5.17731285095, -4.87777328491, -5.44687795639, -5.73887777328, -5.89228439331, -8.21836662292], "dmean": [0.445863842964, 0.407140314579, 0.368493258953, 0.386815935373, 0.432456493378, 0.300029247999], "dmean2": [0.694075465202, 0.635419666767, 0.569785952568, 0.563992619514, 0.591805517673, 0.390365421772], "mean": [-7.15340566635, -7.03718185425, -7.71474218369, -8.07177829742, -8.4873342514, -10.5978336334], "dvar2": [0.356446802616, 0.294056206942, 0.236719042063, 0.247582003474, 0.330091267824, 0.194410189986], "min": [-28.1544628143, -27.6928482056, -27.4827842712, -27.7088222504, -27.4685173035, -27.3903484344]}, "spectral_strongpeak": {"dvar": 2.43737721443, "var": 8.14999008179, "median": 0.450496405363, "max": 21.0077514648, "dmean": 0.877655208111, "dmean2": 1.4242926836, "mean": 1.81945121288, "dvar2": 4.87622308731, "min": 0}, "erbbands_crest": {"dvar": 9.74523067474, "var": 35.4910926819, "median": 11.4792423248, "max": 34.3719940186, "dmean": 3.0724105835, "dmean2": 4.74139404297, "mean": 12.4756698608, "dvar2": 21.5385818481, "min": 2.52316880226}, "barkbands_crest": {"dvar": 4.90145254135, "var": 13.0583095551, "median": 9.69663143158, "max": 26.1384010315, "dmean": 2.41663193703, "dmean2": 3.8955051899, "mean": 10.347284317, "dvar2": 12.0707082748, "min": 3.1819062233}, "spectral_energyband_middle_low": {"dvar": 2.92700442515e-05, "var": 7.00255550328e-05, "median": 0.00707759335637, "max": 0.0657042264938, "dmean": 0.00394293386489, "dmean2": 0.00599995208904, "mean": 0.00941859930754, "dvar2": 6.84456390445e-05, "min": 1.92393683209e-22}, "spectral_contrast_coeffs": {"dvar": [0.00172523513902, 0.00160703470465, 0.00138012715615, 0.00112402485684, 0.000837568193674, 0.000341938604834], "var": [0.00460032140836, 0.00686722388491, 0.00724874297157, 0.00620243512094, 0.00451396591961, 0.00109734584112], "median": [-0.670221090317, -0.728168606758, -0.750553369522, -0.757626473904, -0.768275856972, -0.813212811947], "max": [-0.371875345707, -0.363912850618, -0.449460297823, -0.469852119684, -0.445998251438, -0.630839824677], "dmean": [0.0501386709511, 0.0486368797719, 0.0419596359134, 0.0375717394054, 0.0320422537625, 0.0188630409539], "dmean2": [0.0836572572589, 0.0778061375022, 0.0654351040721, 0.0572738163173, 0.0485529974103, 0.029894778505], "mean": [-0.669949352741, -0.72096580267, -0.738367676735, -0.742167115211, -0.760408639908, -0.808471500874], "dvar2": [0.00467188516632, 0.004038289655, 0.00302264885977, 0.00232069380581, 0.00171021698043, 0.00080674723722], "min": [-0.975404500961, -0.992680907249, -0.968012452126, -0.966302216053, -0.967474460602, -0.962673187256]}, "hfc": {"dvar": 98.4337234497, "var": 423.125335693, "median": 10.5034456253, "max": 171.413131714, "dmean": 6.60273694992, "dmean2": 9.01929283142, "mean": 18.4448738098, "dvar2": 170.798599243, "min": 1.12213482249e-16}, "spectral_energyband_high": {"dvar": 3.8758589227e-08, "var": 7.81330840027e-08, "median": 8.17240870674e-05, "max": 0.00513027235866, "dmean": 9.63035781751e-05, "dmean2": 0.000133662280859, "mean": 0.000175994849997, "dvar2": 8.56045900832e-08, "min": 7.1448016215e-21}, "erbbands_spread": {"dvar": 56.3186950684, "var": 247.697402954, "median": 23.0024108887, "max": 123.761306763, "dmean": 6.38277292252, "dmean2": 9.44762229919, "mean": 26.4027557373, "dvar2": 117.971008301, "min": 0.588173031807}, "dissonance": {"dvar": 0.000578249164391, "var": 0.00123337365221, "median": 0.457655012608, "max": 0.500000059605, "dmean": 0.0247486513108, "dmean2": 0.0415844097733, "mean": 0.450256824493, "dvar2": 0.00155512301717, "min": 0.250223577023}, "spectral_kurtosis": {"dvar": 13.8048772812, "var": 42.7481613159, "median": 6.62185287476, "max": 97.2050323486, "dmean": 2.47763705254, "dmean2": 4.02925395966, "mean": 7.76604986191, "dvar2": 38.6139678955, "min": -1.24595344067}, "spectral_skewness": {"dvar": 0.102066338062, "var": 0.309681206942, "median": 2.13091206551, "max": 7.4964466095, "dmean": 0.290803730488, "dmean2": 0.457811534405, "mean": 2.1765935421, "dvar2": 0.27329736948, "min": -0.0915949717164}, "pitch_salience": {"dvar": 0.00375802000053, "var": 0.0100361434743, "median": 0.501864731312, "max": 0.935231983662, "dmean": 0.0684814304113, "dmean2": 0.109309256077, "mean": 0.504411041737, "dvar2": 0.00931007787585, "min": 0.112701117992}, "spectral_complexity": {"dvar": 12.1913232803, "var": 45.6249465942, "median": 12, "max": 47, "dmean": 3.16196870804, "dmean2": 4.54278993607, "mean": 13.300078392, "dvar2": 23.7431278229, "min": 0}, "spectral_spread": {"dvar": 548692656128, "var": 5043385270270.0, "median": 4148028.5, "max": 42183112, "dmean": 581831.1875, "dmean2": 847448.375, "mean": 4369475.5, "dvar2": 1113084002300.0, "min": 676006.375}, "dynamic_complexity": 3.44227695465, "melbands_crest": {"dvar": 7.27031755447, "var": 18.6808357239, "median": 12.6981458664, "max": 35.1610641479, "dmean": 2.97766065598, "dmean2": 4.8312292099, "mean": 13.3043632507, "dvar2": 18.143327713, "min": 1.70995092392}, "zerocrossingrate": {"dvar": 6.26923356322e-05, "var": 0.000882736581843, "median": 0.04248046875, "max": 0.52783203125, "dmean": 0.00696215871722, "dmean2": 0.00839336868376, "mean": 0.046084497124, "dvar2": 8.5929663328e-05, "min": 0.0048828125}, "spectral_energyband_low": {"dvar": 5.32080812263e-05, "var": 7.4603689427e-05, "median": 0.00750033883378, "max": 0.0794445797801, "dmean": 0.00462144007906, "dmean2": 0.00750959431753, "mean": 0.00912161357701, "dvar2": 0.000140430769534, "min": 3.40251674967e-23}, "melbands_kurtosis": {"dvar": 178.536209106, "var": 424.907318115, "median": 4.01104211807, "max": 330.935455322, "dmean": 6.69859218597, "dmean2": 10.5159568787, "mean": 11.2054376602, "dvar2": 433.785064697, "min": -1.8461984396}, "spectral_energyband_middle_high": {"dvar": 2.83523586404e-05, "var": 0.000126335435198, "median": 0.00298694125377, "max": 0.0776582658291, "dmean": 0.00314625282772, "dmean2": 0.00437017716467, "mean": 0.00819147471339, "dvar2": 4.76684544992e-05, "min": 1.31131270375e-21}, "barkbands_spread": {"dvar": 18.3571872711, "var": 70.0102615356, "median": 15.6749830246, "max": 73.9778594971, "dmean": 4.13087654114, "dmean2": 6.27785634995, "mean": 16.7832050323, "dvar2": 41.7452964783, "min": 0.584608376026}, "mfcc": {"mean": [-678.303405762, 142.516525269, 3.94344353676, 8.35798358917, 21.759557724, 7.34706878662, 0.470206588507, 5.04857635498, 3.61685729027, 2.92690491676, 2.59034156799, 6.88272953033, 3.0065600872], "cov": [[6615.1171875, 442.857452393, -517.388549805, 370.052734375, 23.8760490417, 13.0937347412, 76.4173126221, 34.1700897217, -24.7471389771, -28.1659221649, -48.7766914368, -18.7232551575, 26.1789035797], [442.857452393, 65