{"metadata": {"audio_properties": {"downmix": "mix", "bit_rate": 0, "lossless": true, "md5_encoded": "4a1df844e8ca926744e461a24040f137", "analysis_sample_rate": 44100, "sample_rate": 44100, "replay_gain": -1.57051086426, "equal_loudness": 0, "codec": "flac", "length": 389.013336182}, "tags": {"releasestatus": ["official"], "musicbrainz_albumid": ["787ff3fe-cd84-4b33-9715-e1cf69018355"], "musicbrainz_recordingid": ["f404be0d-11c5-4c09-868b-7a1b882f40bf"], "tracknumber": ["3"], "artist": ["Karunesh"], "acoustid_id": ["9ae05e7f-3d8c-47a1-946e-695dcaa206eb"], "barcode": ["4006370003081"], "totaltracks": ["10"], "originaldate": ["1986"], "albumartist": ["Karunesh"], "tracktotal": ["10"], "releasetype": ["album"], "media": ["CD"], "compilation": ["0"], "musicbrainz_albumartistid": ["bf35e4fb-d6d9-42aa-a60e-822960444c6e"], "file_name": "03. Karunesh - Dawnlight.flac", "bpm": ["100"], "musicbrainz_artistid": ["bf35e4fb-d6d9-42aa-a60e-822960444c6e"], "catalognumber": ["NGH-CD-308"], "albumartistsort": ["Karunesh"], "script": ["Latn"], "label": ["Nightingale Records"], "releasecountry": ["DE"], "album": ["Colours of Light"], "date": ["1989"], "title": ["Dawnlight"], "language": ["eng"], "discnumber": ["1"], "artistsort": ["Karunesh"], "disctotal": ["1"], "acoustid_fingerprint": ["AQADtEmSREwSRZEAAACAHzggHMeBIzj-48Kzoz96_KCj_EiQo5eCU8dzHGjOGMghpRle40HxoRbxQx_xQ7yCp8LdQNOPj0eNPal4TOzhHT32I2a042yOPkdzBs9F7AzeBecRPdC3Iw9Oj3geOHzwIcd56DIRRulxzSiOT_jRajIuJNuPUBV6GsdxOM-KF8En6Cf6HT98hCfe6HiO10Fz9MWRPEJIy2iqKMGPs4WfFSfyHTcD7YOPEj9yH2-OPscUKzPWG82Dfsj3QP8Q5gk6jTgefMd14X_Q73gR7dDKIfeJ462H0mvgT8eDZkd0HT-03kGY6Cl-XMhVfNMDnQgTdUHxY8ZL9AfyKIYyM0aqC7UY4Mcf9FmKMCeOC3p5_EH1GM4xVRP-4OiDRtTw5sEs7eglaDmu48cDP8QFPbhwCd2x5cePciJ0FF_xJ-guqMc-HGfRo6kyCsfx48o4HFNu5Ec9HLdRAke0F4eWZwHyMPiD5skQWieuw2egY-TRB5d65MeHe8KPdAwJH9-hHD9-wzxe9BQ-neiaBc2NyDRazujF453RBw9r2Mmx_3CPZEdevBmH_oSrEOdMXGoiHR6JH8-xa3gOF_1u5Bee7dDYDzmsHJVzXCh5uEN-iB9CSUlwTUIxd4G_4_h9XGKOLjx6Eb50NHJ0PDuuXPgehPnQM9CD28K1bFJQO0ZDHf2hJfqxozryDycP49zhcSIeHPkIHd-FPSvSPEFf5F1wX_iw7ciDo9PCHS8M_8aloifRH-l7iA_Cp_hD1PCe44f3pDiuwsc3HJfQE7nQZ4d4HnH0wTseXMUTGOETHRchK5lQiUGwO3COfMi140kSGj_8HD6PnsePCz_MZ3jGIC_0nIitHHvy4Dma3ngPJjry7CgPLciH1l_RyAGa_ahUunhktEOaI_nRR8dpnA5-o2l88Id_bN-LcMcPPdENnzjaJ2gufNLxaMdh6YYe3A_KFmKnozmuY-qPU8ZxHL_QQ2fQFSUTfBRx5uiF5gt0lISZDd4H9Dv6hEin5fhw6kO_g7_RM2h2HO34oXmOQHvQBzl-o2fQ_MePVJUCPUKJ5shZND_6F42uo9_RK4c_I_yhPwifoT-eB_3QNEebHdSPaZYQ_mh-_IbW3Gg2DTd8fPi0AB-eQbuZ4MePwxd-4YeO_jj6Ec4XHE8XiM-CLzgNmI8D3caf4sPFHXng57iDfxfuoD96vAvyDc-JH3qOF75wEU6Efgl00fgw5UGt7EHYEWeD08KPG9aRRY4OndIRHl4WwscZ-KhiVD-S5TnOIXSDhokDXuhnbK8VhOVO1JvhJu2hZ3CeCUdz4tvwwHjK4DJeBs00HM0V7Dq077jK4UV-vDmuFL5wpMOh75iPD5Y-XIqOOuVwNEePo-EhR7vgJgjldujRHN9xXEmMNjrSE0bXo2g-Y8cbpA4T8IpwC-3hMUecD46YDD9O6A98gOHxgzO0JO3xeWi41PjRJo3RVATL7MEO7VOHnJbg5Uep48lRq2ju4oqQh0eZo4lUoFePkxX6DFrhHY-JI5ciCZ_xKBkLK0I74trSoKtkNA_xHGVHmBOSI2eHp2zgz2i3HM9ydNUF1zmeCHZO5BoSjsGPh_gEX-rxO8FVBs0f5NCDH2_EYG5W5M2FNsMP5jmaL0eP3Id25fCHPA_-Dv5u9FKCFumDJcehB9985IH_IMcf4LgTHnUmBof1H7qfCN9R8riIJ9gHfTHoSPiFM-AvZNkz5BBPHEaL8Eej_cGP7EGP_uiP5sF-_OhzCT5DmMeTQrx2HOHCGv2DE-lylL1S6EGeC_2Obyh97MLRPEqD8NKOHz984g2-A_mP78eVo-fxwueRq0fnBUIZ5miOcyqao9fxD2eM-kiPksEvXDnwFOfRH9F_iE-ROw1MHVeHh_CVwnslWIp49MWlHJXxw1V45GNwiAuH8MQddNXhOPATHf2D5mUQUmIOfbkQPxl-7ImO6cuNHydcFc4SnXhbeNRRHt-YCz-u5Ef4lNByPDpyfsEzNHE4Cd2OfDs2TQzU49SJMM-ONg96Bq6EisqC7kcfPIuDPFKOZJ82TFkVHC-u4w8QrReOPKhEHn4uNNKD58XpodqNJzN-JFmoEDkPf2nw4w6-RMEjZoKf4WKFfgme7PiPd0cOiw30BSWZIcxxoel_9MdRkgi_Q6WK6EdFhYY5Ccd25nizw8eTw9po_LNgjg96PAuOJ8nRnOiZ6PiKXMqgV_iDseFRf_CVw18eMIt16ESzozfyozl6oTOaH__RXBby8dADP0f64YxxAQFMQKSsgBhUxFBAARFMGOIQCEwZszAxmghiCCBCMCKgEMggBRiAEglCkDSMAAURIkZZR6gDSCAwAjLAEACFIYQQphRgXEAjCFCMKAMAIQQRgohAyCDkGGMCCUSYZQAxAIAThCIHhFNMAEEFcUAxYCRxAhAkgCMEGQYWEUAoAZgBATFmoAGOAAQAkEBUxgwQTCRgKAIBAcAMAMAJshQRgDhjhRAAMUQAI0ogBBgTAhhDAKFCGCKIUxQQCYgQ0AinCEJMQSCEoIQAQ4wQRBBGECJIICIcAYQgwwABhjBrgEGGSAEQIooaJgTBhAABlCMEGABkAsg6IQQQQkCGFDAAciaYAAYgIYTARhEOmELICOMEIZAwJhggwCGkhGEOKWaQEkIQBAQRFFAkkIAAEmKIUgA4YUEhghhilGCCGCYMEQQYIoQ0iAnlCRHACIwUYooRJAABRgihBBBGSEAcQc4gBRwBSCEiuHFGQCsMA0Ys4RQAATgGFDBMCCkEAkBYgAiRCiCgBBNAEIUAcY4AAABQ1ilDBCHGAAGAtEIgwRhQhBEBmGJCGKEcUZApgqCSBAgCnXJFCkMYApQZaBhhRBBDgDMMQKEAYooBhJQhhCjiqHKMAGugEEIwYQwzCgqFhCDCAUERAQghKpQQQAFikACQECEAUo4jYYgRgxAkrAAEAGMslAIQx40gDhElADCKSQUYMcI5QAgAEAgkoANCS0SMoIYLgQh0RBCjgDCICEgEIMAZgRBRBjHDFBDAWGqMMAIAYBASgghADCNAmAYQAMAgJwgRxAgigGVGGAoAUgQBoRgQwjMhDBFAOEAMYIAZZoBzBDBGFABMMaEMEEowg4gBSChBiCBACqAAAAwwQpigAAikkANACIYMBII4BZBSRCgBhHCMQWqRIIQR4iAggDk"], "musicbrainz_releasegroupid": ["44e02187-0095-3e07-8d8d-d1abd50858d5"], "totaldiscs": ["1"], "genre": ["Chillout"]}, "version": {"essentia_build_sha": "70f2e5ece6736b2c40cc944ad0e695b16b925413", "essentia_git_sha": "v2.1_beta2", "extractor": "music 1.0", "essentia": "2.1-beta2"}}, "tonal": {"chords_scale": "minor", "hpcp": {"dmean": [0.124761834741, 0.0957601368427, 0.0434543155134, 0.0334645695984, 0.0302545167506, 0.043016154319, 0.0575766302645, 0.0424419902265, 0.0502092130482, 0.0672868266702, 0.0454853288829, 0.0234677158296, 0.020769322291, 0.0270603112876, 0.0778436884284, 0.10008919239, 0.0606426224113, 0.0169565211982, 0.00934299174696, 0.0184509716928, 0.0847495794296, 0.115236870944, 0.105362772942, 0.107198022306, 0.101316727698, 0.0599159635603, 0.022608589381, 0.0145324934274, 0.0165226683021, 0.0557616837323, 0.0799080953002, 0.070821069181, 0.0298483837396, 0.0250671207905, 0.0394340977073, 0.0964218005538], "dvar2": [0.080986045301, 0.0391469225287, 0.0252485331148, 0.0247286763042, 0.0165240261704, 0.0214958395809, 0.0331722088158, 0.0183997731656, 0.025457220152, 0.0392585285008, 0.0224875342101, 0.014758117497, 0.0143874427304, 0.0100110499188, 0.0392222516239, 0.0650374367833, 0.0245056618005, 0.00990506075323, 0.00449113408104, 0.00592152262107, 0.0354368425906, 0.0704104155302, 0.0432685613632, 0.058163009584, 0.0633420199156, 0.0365423001349, 0.0108693195507, 0.00752548873425, 0.00678728939965, 0.0264961142093, 0.0555950924754, 0.0427842289209, 0.0251897312701, 0.0242299456149, 0.0189940799028, 0.0373534299433], "mean": [0.416907936335, 0.210574641824, 0.0686587765813, 0.0737245231867, 0.0442239493132, 0.0756365656853, 0.112996391952, 0.066977404058, 0.0853538811207, 0.122520916164, 0.0648766085505, 0.0289689730853, 0.0297690406442, 0.0353618189692, 0.167195543647, 0.246956437826, 0.115401692688, 0.0183396600187, 0.0100855082273, 0.0179838836193, 0.167897328734, 0.326003104448, 0.224934488535, 0.192164972425, 0.22695890069, 0.100786529481, 0.0227908696979, 0.016539901495, 0.0189414173365, 0.11434981972, 0.21135032177, 0.141385152936, 0.0472699925303, 0.0247767940164, 0.0523599274457, 0.274918735027], "var": [0.171006396413, 0.0527232140303, 0.0297694690526, 0.0471548810601, 0.0128848990425, 0.0267799049616, 0.0533673837781, 0.0144891142845, 0.0290132109076, 0.0534281097353, 0.0160375423729, 0.0105506321415, 0.0146389873698, 0.00649793539196, 0.063862092793, 0.119595825672, 0.0315261222422, 0.00502045918256, 0.00207680650055, 0.0024529651273, 0.0422966107726, 0.143671870232, 0.0684040784836, 0.0726169496775, 0.10612000525, 0.0389209203422, 0.004290076904, 0.00325882108882, 0.00330297299661, 0.0402779243886, 0.11461251229, 0.0590647608042, 0.0272996928543, 0.00957513786852, 0.0129633611068, 0.0926124751568], "dmean2": [0.202473148704, 0.150875121355, 0.0714546963573, 0.0543561726809, 0.0503209605813, 0.0697733089328, 0.0919575914741, 0.068821080029, 0.0803110376, 0.105485528708, 0.0729421451688, 0.0391351468861, 0.0347359664738, 0.0449072569609, 0.122777432203, 0.15974123776, 0.0947777032852, 0.0291362609714, 0.0162707976997, 0.0323261097074, 0.131583675742, 0.183377593756, 0.163979783654, 0.167508423328, 0.159391745925, 0.0973631441593, 0.0391555652022, 0.0248546041548, 0.0287330131978, 0.0884087011218, 0.130003869534, 0.113874651492, 0.0527197383344, 0.0443949587643, 0.0643585920334, 0.150154098868], "dvar": [0.0386048518121, 0.0165150221437, 0.0105463042855, 0.0109892068431, 0.00623779371381, 0.00871352758259, 0.014647308737, 0.00725190481171, 0.0107639720663, 0.0181140322238, 0.009187345393, 0.0061032823287, 0.00620290823281, 0.00389005895704, 0.01706485264, 0.0297647621483, 0.0107541177422, 0.00348823261447, 0.00158599903807, 0.00217435858212, 0.014787722379, 0.0339514017105, 0.0192429982126, 0.0266590975225, 0.029264414683, 0.0151640940458, 0.0040154219605, 0.00274663721211, 0.00248692906462, 0.0113351708278, 0.0255262255669, 0.0177432019264, 0.00895832572132, 0.00865492224693, 0.00765040377155, 0.0173177104443], "min": [0, 0, 0, 0, 0, 0, 0, 0, 0, 0, 0, 0, 0, 0, 0, 0, 0, 0, 0, 0, 0, 0, 0, 0, 0, 0, 0, 0, 0, 0, 0, 5.71385462536e-05, 0, 0, 0, 0], "median": [0.235945165157, 0.124809958041, 0.00567011814564, 0.00205819122493, 0.00399895058945, 0.0114571359009, 0.0161547530442, 0.0166898239404, 0.0180788226426, 0.0235297083855, 0.0143993757665, 0.00376472529024, 0.0028224834241, 0.00593810807914, 0.03511204198, 0.055750656873, 0.0287521276623, 0.00299605214968, 0.00191257405095, 0.00450346339494, 0.0695494711399, 0.124282516539, 0.104254223406, 0.0617794319987, 0.0402749851346, 0.0108860265464, 0.00450978847221, 0.00319130299613, 0.00366939790547, 0.0156975984573, 0.0291328486055, 0.0178343951702, 0.00337307644077, 0.00189346203115, 0.00841568224132, 0.143195897341], "max": [1, 1, 1, 1, 1, 1, 1, 1, 1, 1, 1, 1, 1, 0.992793083191, 1, 1, 1, 1, 1, 1, 1, 1, 1, 1, 1, 1, 1, 1, 1, 1, 1, 1, 1, 1, 1, 1]}, "tuning_equal_tempered_deviation": 0.0120227364823, "chords_key": "A", "chords_strength": {"dmean": 0.0059775733389, "dvar2": 2.25667481573e-05, "mean": 0.594114303589, "var": 0.00660699699074, "dmean2": 0.0047906851396, "dvar": 3.29969952872e-05, "min": 0.272591561079, "median": 0.609012126923, "max": 0.745792686939}, "tuning_diatonic_strength": 0.512763261795, "thpcp": [1, 0.505086660385, 0.164685696363, 0.176836460829, 0.106076054275, 0.181422710419, 0.271034389734, 0.16065274179, 0.204730764031, 0.293880015612, 0.155613750219, 0.0694852992892, 0.0714043527842, 0.0848192498088, 0.401037096977, 0.592352449894, 0.276803791523, 0.0439897105098, 0.0241912119091, 0.0431363433599, 0.40272039175, 0.781954646111, 0.539530336857, 0.46092903614, 0.544386148453, 0.241747692227, 0.0546664334834, 0.0396727919579, 0.0454330928624, 0.274280756712, 0.506947219372, 0.339127987623, 0.113382332027, 0.0594298914075, 0.125591099262, 0.659423112869], "chords_histogram": [23.7288131714, 0.525184988976, 30.2816905975, 6.68417263031, 14.2635469437, 6.71998071671, 0, 0.083552159369, 0, 4.14179992676, 0.083552159369, 0.608737170696, 0, 0, 0, 0, 0, 0, 0, 0.0716161355376, 0.728097379208, 0, 1.09811413288, 10.9811410904], "tuning_nontempered_energy_ratio": 0.621638476849, "tuning_frequency": 440.763122559, "key_strength": 0.746838510036, "chords_changes_rate": 0.0170685127378, "key_scale": "minor", "hpcp_entropy": {"dmean": 0.520312309265, "dvar2": 0.518998980522, "mean": 1.55227267742, "var": 0.449551582336, "dmean2": 0.867796182632, "dvar": 0.199853077531, "min": 0.0364419110119, "median": 1.58671998978, "max": 4.71722698212}, "key_key": "D", "chords_number_rate": 0.000954881834332}, "lowlevel": {"melbands_skewness": {"dmean": 0.506353914738, "dvar2": 0.951441705227, "mean": 2.38238525391, "var": 27.8327960968, "dmean2": 0.673722147942, "dvar": 0.665204167366, "min": -3.45847773552, "median": 1.6255890131, "max": 65.3095703125}, "melbands_kurtosis": {"dmean": 12.0363721848, "dvar2": 11579.3427734, "mean": 52.3467521667, "var": 175782.5, "dmean2": 14.6633634567, "dvar": 8602.17480469, "min": -1.67712748051, "median": 5.8773431778, "max": 6639.84765625}, "barkbands_kurtosis": {"dmean": 6.10811710358, "dvar2": 1638.51464844, "mean": 36.3034706116, "var": 67735.125, "dmean2": 7.7820854187, "dvar": 1363.5020752, "min": -1.84443593025, "median": 4.2503118515, "max": 3300.55859375}, "hfc": {"dmean": 2.72720050812, "dvar2": 31.8834915161, "mean": 10.284702301, "var": 111.5728302, "dmean2": 3.39072751999, "dvar": 18.8160438538, "min": 4.01638408221e-06, "median": 6.99967908859, "max": 139.426940918}, "silence_rate_20dB": {"dmean": 0, "dvar2": 0, "mean": 1, "var": 0, "dmean2": 0, "dvar": 0, "min": 1, "median": 1, "max": 1}, "erbbands_flatness_db": {"dmean": 0.0174289606512, "dvar2": 0.000512278114911, "mean": 0.22467173636, "var": 0.00259193149395, "dmean2": 0.0227518342435, "dvar": 0.000269489566563, "min": 0.0477575659752, "median": 0.22660304606, "max": 0.386319965124}, "spectral_flux": {"dmean": 0.0135976010934, "dvar2": 0.000751145125832, "mean": 0.0451630540192, "var": 0.000898128375411, "dmean2": 0.0218661315739, "dvar": 0.000315912679071, "min": 3.39237267326e-05, "median": 0.0411072932184, "max": 0.268326640129}, "spectral_energyband_low": {"dmean": 0.000509061326738, "dvar2": 1.27570365294e-06, "mean": 0.00267439079471, "var": 1.33955663841e-05, "dmean2": 0.000525985204149, "dvar": 8.2912254129e-07, "min": 2.11246646842e-08, "median": 0.000829910452012, "max": 0.021862052381}, "spectral_rolloff": {"dmean": 125.580863953, "dvar2": 189392.921875, "mean": 708.78918457, "var": 202335.4375, "dmean2": 209.024581909, "dvar": 77504.671875, "min": 21.533203125, "median": 667.529296875, "max": 7838.0859375}, "spectral_entropy": {"dmean": 0.158636569977, "dvar2": 0.0487418808043, "mean": 6.84264945984, "var": 0.207619532943, "dmean2": 0.223478466272, "dvar": 0.0223148278892, "min": 5.45417022705, "median": 6.80201339722, "max": 8.7821187973}, "spectral_energy": {"dmean": 0.00523121654987, "dvar2": 9.62600388448e-05, "mean": 0.0208992045373, "var": 0.000387342675822, "dmean2": 0.00624871812761, "dvar": 5.8946217905e-05, "min": 3.26933751182e-08, "median": 0.0158384162933, "max": 0.208044990897}, "spectral_centroid": {"dmean": 81.0137481689, "dvar2": 31415.3183594, "mean": 660.979003906, "var": 90745.1484375, "dmean2": 120.677055359, "dvar": 12624.8701172, "min": 262.512481689, "median": 589.326721191, "max": 3725.39501953}, "barkbands_flatness_db": {"dmean": 0.0176875665784, "dvar2": 0.00047879453632, "mean": 0.208715856075, "var": 0.00347697618417, "dmean2": 0.0234294943511, "dvar": 0.000263982190518, "min": 0.040932290256, "median": 0.203518182039, "max": 0.590171098709}, "spectral_rms": {"dmean": 0.000500541762449, "dvar2": 5.23095820881e-07, "mean": 0.00396363111213, "var": 4.67928612125e-06, "dmean2": 0.000578569190111, "dvar": 3.4062216514e-07, "min": 5.64765241506e-06, "median": 0.00393091747537, "max": 0.014246779494}, "melbands": {"dmean": [0.00014843493409, 5.62256536796e-05, 7.51538755139e-05, 0.000182014380698, 0.000307435169816, 0.000465472083306, 0.000414263573475, 0.00016406486975, 0.000126740065753, 0.000122908226331, 7.12418477633e-05, 8.47760093166e-05, 4.83958610857e-05, 2.35666739172e-05, 2.27941327466e-05, 1.60153649631e-05, 6.9052375693e-06, 6.34692605672e-06, 3.84567465517e-06, 3.08124390358e-06, 2.15956652028e-06, 1.5613462665e-06, 1.52678683207e-06, 6.92393200552e-07, 4.71602817242e-07, 5.2621425084e-07, 2.4343108862e-07, 2.00931751237e-07, 1.12613584236e-07, 1.11234903954e-07, 1.04783879351e-07, 7.84909275353e-08, 6.16187776359e-08, 1.11753941212e-07, 8.25897359391e-08, 7.01723124052e-08, 8.07028612826e-08, 1.14223311698e-07, 6.42935020778e-08, 6.08448758044e-08], "dvar2": [1.08102767626e-07, 1.49595678067e-08, 6.05587047176e-08, 3.98370161747e-07, 7.33315687285e-07, 1.25161318465e-06, 9.63763341133e-07, 2.08551711012e-07, 2.12801751331e-07, 2.03247068953e-07, 7.52591375885e-08, 9.17456901561e-08, 5.32140020937e-08, 5.3090682961e-09, 4.39182423762e-09, 2.62911403759e-09, 8.09709910232e-10, 5.0503989879e-10, 1.82645454316e-10, 1.21090415472e-10, 8.37673680421e-11, 4.47449334529e-11, 5.60674701111e-11, 1.0133013352e-11, 3.10024120091e-12, 9.48108778986e-12, 7.78884714971e-13, 8.64360557955e-13, 1.67191184942e-13, 2.13668723014e-13, 3.10648886172e-13, 2.54529199366e-13, 3.2586403736e-13, 1.05371364845e-12, 7.6816911122e-13, 8.17868234075e-13, 7.61864638217e-13, 2.21204283189e-12, 5.18186622084e-13, 6.04724278465e-13], "mean": [0.000591471325606, 0.000287401722744, 0.000245991657721, 0.000499130401295, 0.000755576300435, 0.00105229055043, 0.000905536871869, 0.000389652006561, 0.000285393063677, 0.000269543175818, 0.000155199857545, 0.000168055397808, 7.67358942539e-05, 4.74376647617e-05, 4.36646296293e-05, 3.00714873447e-05, 1.233455896e-05, 1.044218061e-05, 6.37514085611e-06, 5.38478070666e-06, 3.87662976209e-06, 2.75083721135e-06, 2.4604948976e-06, 1.20222205169e-06, 7.8955730487e-07, 8.82672168245e-07, 4.86785040721e-07, 3.81586687581e-07, 2.34520442177e-07, 2.18625615389e-07, 2.00052838295e-07, 1.54348910542e-07, 1.26706041215e-07, 2.38185961621e-07, 1.63972330824e-07, 1.13650095557e-07, 1.44919695799e-07, 1.58584441579e-07, 8.06477657989e-08, 7.13924492857e-08], "var": [8.61886917392e-07, 2.04810518767e-07, 2.01193742555e-07, 6.91653440299e-07, 1.18111734082e-06, 3.16716386806e-06, 3.14699695991e-06, 6.29792509699e-07, 4.39463462953e-07, 3.94747871724e-07, 1.91624593526e-07, 1.77371461518e-07, 2.99196685205e-08, 9.87061632429e-09, 6.96223478869e-09, 5.00952657134e-09, 1.22400345415e-09, 5.41725053704e-10, 2.29516641803e-10, 1.76800782348e-10, 1.07942051131e-10, 5.45719788803e-11, 5.329103131e-11, 9.00678837068e-12, 1.75073367262e-12, 1.07929585408e-11, 7.25980690494e-13, 6.43549829312e-13, 1.5829731189e-13, 2.28442210894e-13, 3.05707770296e-13, 2.25803344122e-13, 1.54720054585e-13, 4.81879456043e-13, 2.80216496708e-13, 3.59875432406e-13, 6.02183667514e-13, 1.14964201353e-12, 2.45952672291e-13, 2.54592869139e-13], "dmean2": [0.000136103510158, 6.23006853857e-05, 9.49536333792e-05, 0.000254099752055, 0.00040579342749, 0.000567352515645, 0.00047690878273, 0.000197090805159, 0.000160120413057, 0.000156822003191, 9.54376737354e-05, 0.000117247851449, 7.39946553949e-05, 3.41875929735e-05, 3.32007621182e-05, 2.25119438255e-05, 1.05514118331e-05, 9.8253321994e-06, 5.95782148594e-06, 4.90843967782e-06, 3.42205248671e-06, 2.49752770287e-06, 2.50929906542e-06, 1.17018487344e-06, 8.12869984657e-07, 8.84780604338e-07, 4.16418259874e-07, 3.47638859921e-07, 1.93335466747e-07, 1.89538667428e-07, 1.7794427265e-07, 1.32663146246e-07, 1.01674118014e-07, 1.73703966766e-07, 1.35771969667e-07, 1.14757874314e-07, 1.28429491042e-07, 1.79790234256e-07, 1.04431165937e-07, 1.00970929395e-07], "dvar": [7.1612255681e-08, 1.12004139297e-08, 3.41931034598e-08, 1.72763208184e-07, 3.48315921883e-07, 7.56932138302e-07, 7.49576656744e-07, 1.38517478376e-07, 1.23544850794e-07, 1.20078112786e-07, 4.70493439764e-08, 5.0781245875e-08, 2.13167883345e-08, 2.74952327572e-09, 2.27790164509e-09, 1.54330614954e-09, 4.32370306225e-10, 2.49376463923e-10, 9.30462928928e-11, 6.18721254786e-11, 4.495002634e-11, 2.32992687643e-11, 2.50782814654e-11, 4.38107015943e-12, 1.12541454021e-12, 4.68459342498e-12, 3.01034506567e-13, 2.92571576774e-13, 5.81974247439e-14, 7.68330643791e-14, 1.12532840034e-13, 9.24545542121e-14, 1.15557316862e-13, 4.07679288548e-13, 2.68702486476e-13, 3.27373273889e-13, 3.50453552896e-13, 9.59220875472e-13, 2.22854802103e-13, 2.4385352136e-13], "min": [5.01652053231e-09, 1.41697065192e-09, 1.75968458554e-11, 4.93749095429e-12, 1.60797178524e-12, 9.21998263327e-13, 1.10820358966e-12, 1.03073409183e-12, 1.49338419235e-12, 6.72955018533e-13, 8.7718395915e-13, 6.67191291364e-13, 5.17109358805e-13, 7.65226532314e-13, 9.00951459704e-13, 6.04200608816e-13, 5.3406975023e-13, 7.98649286895e-13, 7.23317456278e-13, 8.86425427418e-13, 6.85535992122e-13, 7.81207672336e-13, 7.83699168928e-13, 8.69187968128e-13, 7.37720431618e-13, 9.29753453047e-13, 6.7214511951e-13, 6.19679925862e-13, 5.87839347511e-13, 5.4708050156e-13, 4.22760866028e-13, 2.80250838812e-13, 3.77807783973e-13, 2.54472522698e-13, 2.38055560507e-13, 2.74905369736e-13, 2.28654226629e-13, 2.26356775121e-13, 2.17310056668e-13, 1.40333830168e-13], "median": [0.00015513409744, 6.69554428896e-05, 6.36269396637e-05, 0.000193877873244, 0.000372972834157, 0.000410225708038, 0.000274678139249, 0.000104870188807, 6.87757419655e-05, 6.24112944934e-05, 2.68512903858e-05, 3.22393971146e-05, 2.58856562141e-05, 1.54400167958e-05, 1.75721124833e-05, 9.26574921323e-06, 3.83820042771e-06, 4.1886892177e-06, 2.5370216008e-06, 2.18307445721e-06, 1.54871099767e-06, 1.06906418296e-06, 8.64878018092e-07, 6.64230924485e-07, 4.27525236546e-07, 3.80773400366e-07, 2.75700131169e-07, 1.88493785913e-07, 1.19883523553e-07, 8.50719956702e-08, 6.21426323733e-08, 5.18101259672e-08, 5.51686305528e-08, 1.23441651567e-07, 6.98119109188e-08, 2.12553175061e-08, 2.72941029777e-08, 2.12212931672e-08, 9.60373558456e-09, 9.80293268782e-09], "max": [0.006334959995, 0.00388350174762, 0.00570460222661, 0.0112037602812, 0.0140302963555, 0.0202000085264, 0.0208068918437, 0.0146952420473, 0.0149271562696, 0.0178716368973, 0.0108018945903, 0.00709981098771, 0.00263457931578, 0.00209620641544, 0.00290855159983, 0.00209164479747, 0.000973564921878, 0.000685979553964, 0.000355348311132, 0.000237702464801, 0.000220002038986, 0.000156112204422, 0.000257559877355, 0.000105731305666, 2.01970560738e-05, 0.000219082066906, 3.51203489117e-05, 1.98118450498e-05, 6.43867861072e-06, 9.06553668756e-06, 1.14513468361e-05, 1.54404297064e-05, 2.13944204006e-05, 3.66110834875e-05, 3.59617442882e-05, 2.49563418038e-05, 3.48018293153e-05, 4.0001632442e-05, 1.62871729117e-05, 2.32217698795e-05]}, "barkbands_crest": {"dmean": 2.02375125885, "dvar2": 6.756275177, "mean": 11.9023990631, "var": 23.8815746307, "dmean2": 2.78187322617, "dvar": 3.54839849472, "min": 2.62005209923, "median": 10.6854295731, "max": 26.2216796875}, "mfcc": {"icov": [[0.000236121049966, -0.000370491383364, -9.17170327739e-05, 0.00020418013446, 0.000191093160538, -0.000117120849609, 0.000243642949499, 4.11301589338e-05, 0.000151186977746, 7.58340465836e-05, 9.7206357168e-05, -4.87930519739e-05, 0.000101775462099], [-0.000370491383364, 0.00132682779804, 0.000165939287399, -0.000545945251361, -0.000352277886122, 0.000683663238306, -0.000593368662521, -1.14393842523e-05, -3.20059007208e-05, -0.000108340835141, 0.000174117521965, 0.000326847832184, -9.77893505478e-05], [-9.17170327739e-05, 0.000165939287399, 0.00291537237354, -0.000107495849079, -0.00149223173503, 0.000704660429619, -0.000999456271529, -0.000488829391543, 0.000511146441568, -0.000930573616643, -0.000827031559311, 0.000408371502999, 0.00081394118024], [0.00020418013446, -0.000545945251361, -0.000107495849079, 0.00435458449647, -0.00163459847681, -0.00269634183496, 0.00243461714126, -0.00122471468057, -0.000188604855794, 0.00100200786255, -0.000361236860044, -0.000697196635883, -0.000532838166691], [0.000191093160538, -0.000352277886122, -0.00149223173503, -0.00163459847681, 0.00824587326497, -0.00335131422617, -0.00106296502054, 0.00211623241194, -0.00230151577853, -0.000559633423109, 0.000895062170457, 0.000282648135908, -0.000164684126503], [-0.000117120849609, 0.000683663238306, 0.000704660429619, -0.00269634183496, -0.00335131422617, 0.0115561503917, -0.00414363807067, -0.00363385211676, 0.00446917302907, -0.00272617675364, 0.000492276973091, 0.000727166072465, -0.00157323933672], [0.000243642949499, -0.000593368662521, -0.000999456271529, 0.00243461714126, -0.00106296502054, -0.00414363807067, 0.011294641532, -0.00220438907854, -0.00519643584266, 0.0033852129709, -0.000974698341452, -0.00122814544011, 0.00085089734057], [4.11301589338e-05, -1.14393842523e-05, -0.000488829391543, -0.00122471468057, 0.00211623241194, -0.00363385211676, -0.00220438907854, 0.0118339331821, -0.0040469863452, -0.00121224508621, 0.00174791726749, -0.000189265381778, 0.000496855820529], [0.000151186977746, -3.20059007208e-05, 0.000511146441568, -0.000188604855794, -0.00230151577853, 0.00446917302907, -0.00519643584266, -0.0040469863452, 0.0143755413592, -0.00490794098005, -0.00214266916737, 0.00156270025764, -0.000195303247892], [7.58340465836e-05, -0.000108340835141, -0.000930573616643, 0.00100200786255, -0.000559633423109, -0.00272617675364, 0.0033852129709, -0.00121224508621, -0.00490794098005, 0.0157674793154, -0.00624447176233, -0.00030399710522, 0.00294123729691], [9.7206357168e-05, 0.000174117521965, -0.000827031559311, -0.000361236860044, 0.000895062170457, 0.000492276973091, -0.000974698341452, 0.00174791726749, -0.00214266916737, -0.00624447176233, 0.0172792021185, -0.0065631614998, -0.00286086532287], [-4.87930519739e-05, 0.000326847832184, 0.000408371502999, -0.000697196635883, 0.000282648135908, 0.000727166072465, -0.00122814544011, -0.000189265381778, 0.00156270025764, -0.00030399710522, -0.0065631614998, 0.0132568245754, -0.00360837718472], [0.000101775462099, -9.77893505478e-05, 0.00081394118024, -0.000532838166691, -0.000164684126503, -0.00157323933672, 0.00085089734057, 0.000496855820529, -0.000195303247892, 0.00294123729691, -0.00286086532287, -0.00360837718472, 0.0121314674616]], "mean": [-736.680603027, 165.692504883, 0.658240973949, 1.7665541172, -8.773229599, -4.14972352982, -10.407286644, -0.570395171642, -10.6118659973, -1.37970340252, -2.70168733597, 1.86437702179, 5.09585905075], "cov": [[9570.60839844, 2454.1027832, -214.496612549, -524.992919922, -499.747253418, -458.088745117, -394.536956787, -326.050476074, -376.048522949, -251.319656372, -293.329040527, -204.487472534, -169.45892334], [2454.1027832, 1477.91381836, -44.6362838745, -11.0376358032, -45.8783607483, -100.121604919, -48.4951400757, -53.7805099487, -56.8624572754, -62.4625778198, -88.7864151001, -75.9158554077, -43.4576873779], [-214.496612549, -44.6362838745, 477.995178223, 60.0898132324, 145.102920532, 67.2579574585, 102.707954407, 68.7309112549, 75.9508743286, 72.6738204956, 44.5322494507, -1.98003816605, -33.8023414612], [-524.992919922, -11.0376358032, 60.0898132324, 454.390716553, 173.451919556, 184.755401611, 23.9749355316, 85.8968353271, 22.3018875122, 25.7499103546, 28.6125564575, 36.5813217163, 53.1003189087], [-499.747253418, -45.8783607483, 145.102920532, 173.451919556, 267.071350098, 145.639541626, 96.8032531738, 66.5617980957, 73.9736251831, 50.4731636047, 28.0417823792, 10.1138067245, 13.277132988], [-458.088745117, -100.121604919, 67.2579574585, 184.755401611, 145.639541626, 231.686035156, 92.7928009033, 96.5634078979, 32.1027565002, 40.2518539429, 22.7711715698, 19.1745109558, 30.0287322998], [-394.536956787, -48.4951400757, 102.707954407, 23.9749355316, 96.8032531738, 92.7928009033, 199.064102173, 89.2436218262, 99.354057312, 34.2674942017, 32.9518241882, 15.3669290543, -1.55570137501], [-326.050476074, -53.7805099487, 68.7309112549, 85.8968353271, 66.5617980957, 96.5634078979, 89.2436218262, 159.786499023, 76.4380950928, 43.0454673767, 17.5855083466, 6.78193616867, -0.955761790276], [-376.048522949, -56.8624572754, 75.9508743286, 22.3018875122, 73.9736251831, 32.1027565002, 99.354057312, 76.4380950928, 158.628768921, 66.2235870361, 46.2945861816, 9.9183549881, -5.98627662659], [-251.319656372, -62.4625778198, 72.6738204956, 25.7499103546, 50.4731636047, 40.2518539429, 34.2674942017, 43.0454673767, 66.2235870361, 116.607299805, 56.9616203308, 21.1588573456, -7.88005685806], [-293.329040527, -88.7864151001, 44.5322494507, 28.6125564575, 28.0417823792, 22.7711715698, 32.9518241882, 17.5855083466, 46.2945861816, 56.9616203308, 118.658966064, 66.8526382446, 35.1184005737], [-204.487472534, -75.9158554077, -1.98003816605, 36.5813217163, 10.1138067245, 19.1745109558, 15.3669290543, 6.78193616867, 9.9183549881, 21.1588573456, 66.8526382446, 125.414093018, 52.2096443176], [-169.45892334, -43.4576873779, -33.8023414612, 53.1003189087, 13.277132988, 30.0287322998, -1.55570137501, -0.955761790276, -5.98627662659, -7.88005685806, 35.1184005737, 52.2096443176, 117.949516296]]}, "spectral_decrease": {"dmean": 1.32528044094e-09, "dvar2": 6.16243931524e-18, "mean": -5.29022559093e-09, "var": 2.47612711337e-17, "dmean2": 1.58190371913e-09, "dvar": 3.76878045458e-18, "min": -5.17718419246e-08, "median": -4.02080546635e-09, "max": -8.56574180482e-15}, "zerocrossingrate": {"dmean": 0.00427842093632, "dvar2": 4.12963236158e-05, "mean": 0.0306274592876, "var": 0.000239050612436, "dmean2": 0.00521793216467, "dvar": 3.11967269226e-05, "min": 0, "median": 0.0283203125, "max": 0.17431640625}, "spectral_contrast_coeffs": {"dmean": [0.0367936193943, 0.041812568903, 0.0352832637727, 0.02942112647, 0.0184581801295, 0.0155359171331], "dvar2": [0.00222339644097, 0.00266336207278, 0.00205743568949, 0.00156344112474, 0.000622855965048, 0.000440926203737], "mean": [-0.626795709133, -0.64434927702, -0.729103505611, -0.775812327862, -0.81484156847, -0.787048101425], "var": [0.0137414038181, 0.00862864777446, 0.00631649792194, 0.00362319778651, 0.00175878603477, 0.00178507529199], "dmean2": [0.0535484999418, 0.0618541352451, 0.0560365431011, 0.0483181998134, 0.0313968323171, 0.0253145731986], "dvar": [0.00100827158894, 0.00117095781025, 0.000814534025267, 0.000590495939832, 0.000222339658649, 0.000176901259692], "min": [-0.961411356926, -0.961365699768, -0.96497797966, -0.963792204857, -0.963090240955, -0.916065394878], "median": [-0.636383056641, -0.640387535095, -0.729593515396, -0.775880813599, -0.817579030991, -0.787517309189], "max": [-0.227466315031, -0.326494961977, -0.426394253969, -0.520840525627, -0.654448747635, -0.635968744755]}, "spectral_skewness": {"dmean": 0.357086122036, "dvar2": 0.303012162447, "mean": 2.5490603447, "var": 0.573821187019, "dmean2": 0.606175541878, "dvar": 0.1034854725, "min": 0.549137175083, "median": 2.44758844376, "max": 7.38740634918}, "spectral_energyband_middle_high": {"dmean": 0.000995458336547, "dvar2": 7.75055832491e-06, "mean": 0.00283284601755, "var": 1.67449670698e-05, "dmean2": 0.00138171191793, "dvar": 4.07266907132e-06, "min": 3.46831535714e-10, "median": 0.00142704707105, "max": 0.0663938373327}, "gfcc": {"icov": [[0.000193572283024, -0.000548526237253, 0.000126071361592, 7.84834846854e-05, 0.0004206362064, -0.000289100804366, 0.000420326832682, -0.000207192351809, 0.000380826299079, -0.000323550164467, 0.000474957574625, -0.000464117445517, 0.000338755548], [-0.000548526237253, 0.00316357496195, -0.000726422003936, 4.4313815124e-06, -0.00182768842205, 0.00164274708368, -0.00161873479374, 0.00139809912071, -0.00162122631446, 0.00260552763939, -0.00300550786778, 0.00340731511824, -0.00194613146596], [0.000126071361592, -0.000726422003936, 0.00245700869709, -0.000265923561528, -0.00078341353219, -0.00098181667272, 0.000938460929319, -0.00158205069602, 0.000856623926666, -0.000780631613452, 0.00103798741475, -0.000320154416841, 0.000741957512219], [7.84834846854e-05, 4.4313815124e-06, -0.000265923561528, 0.00281240977347, -0.000964780454524, -0.00135941174813, 0.000293774239253, 0.00134617858566, -0.0018579934258, 0.00130720529705, -0.000753268017434, -0.000318436650559, 0.000786236836575], [0.0004206362064, -0.00182768842205, -0.00078341353219, -0.000964780454524, 0.00570135377347, -0.00101367512252, -0.00118821952492, 0.000218709625187, 0.000818736967631, -0.00302178878337, 0.00358083937317, -0.00301581993699, 0.000729809864424], [-0.000289100804366, 0.00164274708368, -0.00098181667272, -0.00135941174813, -0.00101367512252, 0.00699691800401, -0.00232665846124, -0.00233673606999, 0.0016266554594, 0.00111180567183, -0.00198759324849, 0.00273564970121, -0.00110054854304], [0.000420326832682, -0.00161873479374, 0.000938460929319, 0.000293774239253, -0.00118821952492, -0.00232665846124, 0.00892618950456, -0.00351504748687, -0.00172358192503, 0.00190580100752, -0.000396780029405, -0.00205650203861, 0.0018145168433], [-0.000207192351809, 0.00139809912071, -0.00158205069602, 0.00134617858566, 0.000218709625187, -0.00233673606999, -0.00351504748687, 0.0130020808429, -0.00388072966598, -0.00303337303922, 0.0031706711743, 0.0016776768025, -0.00232525868341], [0.000380826299079, -0.00162122631446, 0.000856623926666, -0.0018579934258, 0.000818736967631, 0.0016266554594, -0.00172358192503, -0.00388072966598, 0.0138753186911, -0.00372360181063, -0.00266144820489, 0.00101400446147, 0.00177902739961], [-0.000323550164467, 0.00260552763939, -0.000780631613452, 0.00130720529705, -0.00302178878337, 0.00111180567183, 0.00190580100752, -0.00303337303922, -0.00372360181063, 0.014968671836, -0.00749059021473, -0.00116739771329, 0.00282929022796], [0.000474957574625, -0.00300550786778, 0.00103798741475, -0.000753268017434, 0.00358083937317, -0.00198759324849, -0.000396780029405, 0.0031706711743, -0.00266144820489, -0.00749059021473, 0.0170677881688, -0.0048243268393, -0.00277179526165], [-0.000464117445517, 0.00340731511824, -0.000320154416841, -0.000318436650559, -0.00301581993699, 0.00273564970121, -0.00205650203861, 0.0016776768025, 0.00101400446147, -0.00116739771329, -0.0048243268393, 0.0147088058293, -0.00539119588211], [0.000338755548, -0.00194613146596, 0.000741957512219, 0.000786236836575, 0.000729809864424, -0.00110054854304, 0.0018145168433, -0.00232525868341, 0.00177902739961, 0.00282929022796, -0.00277179526165, -0.00539119588211, 0.0138339288533]], "mean": [-99.5540237427, 136.326660156, -122.49356842, 4.57718467712, -71.7706832886, 6.06459951401, -38.3214797974, 0.265218824148, -12.6620121002, -1.48117530346, 4.04499197006, 2.7724199295, 2.91715335846], "cov": [[14411.1552734, 2068.9675293, -745.664916992, -1020.91455078, -1109.80480957, -462.112121582, -690.422485352, -367.93157959, -420.202972412, -358.676818848, -81.8657531738, -248.436203003, 100.856628418], [2068.9675293, 1290.59020996, -26.0948982239, 42.3885269165, 18.7351398468, -128.159408569, 56.8650360107, -134.37663269, 53.5092697144, -177.33732605, 83.1179733276, -144.092544556, 78.5427932739], [-745.664916992, -26.0948982239, 758.366394043, 199.249923706, 304.820953369, 210.879684448, 94.0150222778, 147.699111938, 15.0013093948, 48.7476387024, -78.0956954956, -21.9799594879, -60.3315925598], [-1020.91455078, 42.3885269165, 199.249923706, 630.828430176, 248.03074646, 156.755645752, 120.667953491, 9.86191082001, 98.4378509521, -4.09915924072, 27.0534152985, 1.97818756104, -35.9895324707], [-1109.80480957, 18.7351398468, 304.820953369, 248.03074646, 461.3621521, 136.53225708, 154.628601074, 75.9989013672, 55.0182113647, 54.1160888672, -27.9566364288, 34.4217720032, -31.9483699799], [-462.112121582, -128.159408569, 210.879684448, 156.755645752, 136.53225708, 295.901489258, 106.298103333, 106.507568359, 8.56948471069, 13.9786281586, -28.8313617706, -18.8697319031, -23.7267036438], [-690.422485352, 56.8650360107, 94.0150222778, 120.667953491, 154.628601074, 106.298103333, 236.296966553, 79.4937057495, 70.4794158936, 3.79474902153, 10.1554336548, -0.0794398188591, -12.1630563736], [-367.93157959, -134.37663269, 147.699111938, 9.86191082001, 75.9989013672, 106.507568359, 79.4937057495, 169.78036499, 37.3332481384, 50.502910614, -32.0400390625, -5.79115390778, -19.6081199646], [-420.202972412, 53.5092697144, 15.0013093948, 98.4378509521, 55.0182113647, 8.56948471069, 70.4794158936, 37.3332481384, 139.203170776, 42.6148452759, 46.0436935425, -3.63792872429, -12.5811748505], [-358.676818848, -177.33732605, 48.7476387024, -4.09915924072, 54.1160888672, 13.9786281586, 3.79474902153, 50.502910614, 42.6148452759, 150.605499268, 39.2525138855, 47.794757843, -22.0888938904], [-81.8657531738, 83.1179733276, -78.0956954956, 27.0534152985, -27.9566364288, -28.8313617706, 10.1554336548, -32.0400390625, 46.0436935425, 39.2525138855, 131.067779541, 37.8288612366, 35.8664932251], [-248.436203003, -144.092544556, -21.9799594879, 1.97818756104, 34.4217720032, -18.8697319031, -0.0794398188591, -5.79115390778, -3.63792872429, 47.794757843, 37.8288612366, 132.703399658, 32.5872268677], [100.856628418, 78.5427932739, -60.3315925598, -35.9895324707, -31.9483699799, -23.7267036438, -12.1630563736, -19.6081199646, -12.5811748505, -22.0888938904, 35.8664932251, 32.5872268677, 110.265525818]]}, "erbbands_spread": {"dmean": 3.84897637367, "dvar2": 46.2597312927, "mean": 20.6548233032, "var": 274.716949463, "dmean2": 5.6513967514, "dvar": 20.0989456177, "min": 1.47136235237, "median": 17.3148536682, "max": 154.804992676}, "erbbands_kurtosis": {"dmean": 1.55443179607, "dvar2": 9.35745620728, "mean": 2.74176597595, "var": 12.7501478195, "dmean2": 2.33418154716, "dvar": 4.12333059311, "min": -1.67856895924, "median": 1.78893995285, "max": 71.9598312378}, "dynamic_complexity": 6.31240415573, "erbbands_crest": {"dmean": 2.66540455818, "dvar2": 11.6168088913, "mean": 12.3291511536, "var": 23.1580352783, "dmean2": 3.84689259529, "dvar": 5.65307044983, "min": 2.23502874374, "median": 11.4146680832, "max": 31.3715496063}, "erbbands": {"dmean": [0.0205718502402, 0.0699616521597, 0.109872825444, 0.338686943054, 1.28015971184, 4.11588859558, 9.30717182159, 21.4593715668, 27.3972816467, 16.4624938965, 14.7672481537, 21.0790500641, 14.4504547119, 20.1816749573, 11.9848966599, 9.56164932251, 9.64275836945, 3.61100268364, 4.05375814438, 2.38738846779, 1.67403268814, 1.32528686523, 1.07861244678, 0.5624319911, 0.556371927261, 0.302487134933, 0.174044504762, 0.145176589489, 0.118551440537, 0.169054657221, 0.116109319031, 0.14012683928, 0.134940579534, 0.0747825950384, 0.0720911771059, 0.0356739759445, 0.00990620721132, 0.00191289745271, 0.00027720554499, 1.4075013496e-05], "dvar2": [0.00216992548667, 0.021327747032, 0.0537936538458, 0.975846707821, 21.610994339, 241.365432739, 605.932434082, 2883.91357422, 4072.41723633, 1923.05883789, 3131.29248047, 5833.11669922, 3066.27563477, 5114.46582031, 2287.15820312, 998.266479492, 851.17980957, 165.297729492, 220.457107544, 66.4586334229, 35.4813575745, 27.4096870422, 35.3270874023, 4.20104122162, 9.50374794006, 1.81817603111, 0.412164181471, 0.382236689329, 0.960054934025, 1.39673435688, 1.02830386162, 2.32219004631, 2.05140852928, 0.517926037312, 0.550129234791, 0.137622728944, 0.0190436989069, 0.000559551292099, 1.35073041747e-05, 6.24363982737e-09], "mean": [0.0791979432106, 0.281045466661, 0.488630980253, 1.17370915413, 3.61801838875, 10.2569274902, 22.5770530701, 47.5993728638, 60.4636955261, 39.1278495789, 34.3870353699, 47.1200256348, 32.7923202515, 40.801448822, 22.0236968994, 18.9660568237, 18.3652801514, 7.34006977081, 6.82055807114, 4.26237869263, 3.31314468384, 2.4558339119, 1.9550511837, 1.07928514481, 1.03895902634, 0.619550406933, 0.392869800329, 0.326745510101, 0.252032369375, 0.380995601416, 0.247858971357, 0.246578469872, 0.190544009209, 0.0905195176601, 0.0707662180066, 0.0337622240186, 0.00874371919781, 0.00168755010236, 0.000243086949922, 3.09625465889e-05], "var": [0.0172528941184, 0.192500278354, 0.968040823936, 5.40265512466, 43.6785316467, 302.703826904, 1106.13867188, 6323.95703125, 13946.3291016, 5813.95361328, 6908.16699219, 11626.3330078, 7904.34277344, 9502.05371094, 2017.0723877, 1663.53466797, 1666.43518066, 272.467132568, 239.312515259, 84.9066772461, 48.3792076111, 30.5420627594, 35.2519416809, 2.81000590324, 11.2239675522, 1.42683160305, 0.487003803253, 0.533640742302, 0.593646764755, 0.77643430233, 0.455922275782, 1.41924154758, 1.07486617565, 0.242311567068, 0.234166637063, 0.0638927817345, 0.00747297331691, 0.000220248562982, 5.15009287483e-06, 2.95245849991e-09], "dmean2": [0.0182848870754, 0.0707652494311, 0.106420323253, 0.400198996067, 1.74910032749, 5.88985490799, 12.0956401825, 26.5282764435, 31.3790149689, 19.7243347168, 18.531621933, 26.7612037659, 19.2385559082, 28.0355548859, 17.8411960602, 13.8068113327, 13.633061409, 5.42152786255, 6.24649715424, 3.77936601639, 2.64729094505, 2.14155745506, 1.77136170864, 0.965615391731, 0.937515854836, 0.521204948425, 0.296897023916, 0.244895190001, 0.200042545795, 0.264401644468, 0.189469754696, 0.223391085863, 0.213017225266, 0.121637277305, 0.113274991512, 0.0542236194015, 0.0152092473581, 0.00292543531395, 0.00043196362094, 2.01626444323e-05], "dvar": [0.00144102051854, 0.0153909288347, 0.0575571209192, 0.637134134769, 10.3827934265, 99.7055892944, 301.967041016, 1653.5267334, 3235.20019531, 1274.25500488, 1861.88635254, 3450.98657227, 1919.421875, 2772.84375, 976.184753418, 517.674987793, 507.713989258, 88.6522369385, 109.361808777, 33.5357475281, 18.2989997864, 13.2387857437, 15.9491090775, 1.5414