{"metadata": {"audio_properties": {"downmix": "mix", "bit_rate": 135324, "lossless": false, "md5_encoded": "9fb8be73bac882320c274b2d4cf2e441", "analysis_sample_rate": 44100, "sample_rate": 44100, "replay_gain": -7.98710632324, "equal_loudness": 0, "codec": "mp3", "length": 250.201889038}, "tags": {"album": ["Coba Coba"], "length": ["250186"], "artist": ["Novalima"], "musicbrainz_recordingid": ["6b9b597b-fcde-4efc-9029-ddb1bce3ee7b"], "acoustid_id": ["d8195060-1e4a-4196-b355-ed9119a1b262"], "encodedby": ["Encoded with FreeRIP"], "title": ["Concheperla"], "acoustid_fingerprint": ["AQADtImSJFsSRUwG5ymmt7hxBfV9NM_ByE_RJFqU44GPL7j8BHyOWsmR9sYkZXxw5hE-XKFRwZtyCW2mBxM9IiHSo9SO60nAKJGyowm34Ah_NIcu4jmakYfWC9mFUPTRNMmCdod1QxwZPPtwGbY7SLHQLoR_PDgviIqQRxKM_uCPa0EnDZewW4g6fVCdHenGgzn6DMYl8bD8oRa-Yke-HfKPSI9UoZmOh8eP92ByoWSPXAv6QkuEuoFjBjnSD8wYxoLGQzxTEoXWHdu7BbJz7Dny6OgRixK0_AjJ4MarEP6PZ0aT5wi9Q37CIYzDo8-sonYMH36WoteD98i2JcrgRsMsorcQ5rGGMBFzQdukI1cz1KJoNNOJZ7g7TIdHqrgW5Caew7_wHXq4mdChH8eJ6ruK85h8NE2y4CyeDL2qwTwDK8pRX1B0Fh9-4srxrRvce6jy4mPSQ9Evwo2P7UI3Hyp3YsuW412FvAmaB6HFQ7mtoM1mhPnR5rCTCzkrgYl26AiDXomFH4x12MmO7wiT6-gfNP2xS_Nxo3kIrYo37ESYKnrwg4pkvOGDqmEVhNSh7Ef-wnNiYbrGBVVyCk3Gg-Vxnoj0EV-eIWSio2QuNFfxK8Kb6GiazKhJB1eWIyRvaPk43IgelCzaHj-eLJuUIS0fPN-h5RfKJ7iylHAT4qiUXfjRSxSeLHlwiSJKNNkePBWuHwU1qYV_aNfRTja8T8j0oM8qhHtbKEo0EXl-vCuao5Zy_EPTKEQof1CDZmQmhA8b7D54Y9eO-McTaSu0m3hYtB-PfpmHpsooPMcpYspedM7Rh5qK5keuZDkewg-yMh-Og9kt9AwkE5V3NM-xb4fpD2-WoKmSpYH2zMiJdlLQPMdFPUSzNdNQL8d9hFE6o_qGs8J0NLOCNiKcP8EZiJmiDaUU9AwV-PFwJce2HepywUqPXQ-aR8ETKXFwHe0OLePxfAeOUpKCzsM_TJeFhtfQp4KWZ09wzfCPXMdnNDlKUcalB542D7lD4xs80njG5djRNIfHojr-o2o2QUt5DT-a9UvQpxJKbdDSFJOUXUj1w9cxuUlEPJEexOLR8NDIHPuH6ERV5jgl5UHI4jr0F19DXER-wY8ZYjzivHiaEpeCMHWMPIErog8-nHg2Db_E4FJypOtxH1fQBB5XF6G2MBZ-yEdTJSqqajFeNJ-hSdOCcOkO1zHaymjiIHx6nFBkH2-JB2-OqtGFXsOrQ2fQaw_RX3DxhXCU7Ah_odFEC32yHCeDG81zTH9xRDqarEPXHI4kKJ_gq4XHELVufOHxD3ZCvAr-QsslVFMm1AqNRheeH5pMo-FC7DWeo2rT4cfTXIK3CX551BOuHZ-OJrrQLUWzRJnR6-gvaKlzPFqHH1OZHM2aMsVfo_uxRSK-YxsZC6FtNJGPdiGaKh4qsUZcXWj2oufxFNp1mKpwCqKM03COHnmyYzceU8jz4s7RqBYFTWzwE33owNfh2oNyHRea7EbOY0qzC7WmA-GcB82gf8d59MPHHK8UXMIvrM8GVahVzrjQXkFz3AkHaFUSOBd0Hdbho_p-HJEsKbiQp6jMo88XwVI6aDpKlvB_1LwERfGDikfZFeaRTrpQpxZ2KR26Y8qPnMePHVp44maMb9i3i7h-OPSLPie0w3tRWkce4cxh8_hGDVdoodGPyvTRPOjTIR8NRTdS3nCeTeimXKjMww-LPBe0jDyuRkG-HOWOJhSPnD-0_fC0qYG35qhY6Gh-9MdvaPbxKQyu4-mpwVMxPVSgPePRTOLxos-4CPaEnmEOrYfTSILOFt8Ox0sKnfAzaFayYjpjXG9w3MyLOEwquDx-pOfQ40smBU2VHOVQ62i447KORlMrlEqPX8dz-MeOHdpRURNuaInvBVM_nDyu8PD2FFdFNEd_6MvRbCpRbTx0aULzCN2HHs4fYaLEoxcM8dPwTaZwBaLy9XAe4kefHZH8BfZRaqgUzniO0NnxJodyHn0eNMO1H8ehXTGeebiGHddF3Me3kIed4-iFr8eJ5q7RRjyqw_Mc3MN8OLhC9Cd-vCm0JyZERT_-wD_65BL6w_UxK8cP74efoxciMmGOb2jyR-iHy8OPPsjEVYN2ZDusKQ_eUrjCo3yMw1UQHpdR-hEhPke1PeCL_sKV5ccr5cjxDMwZE_RyoU_gJzrs7AinI3kO5zEeFXyO2jkaGlcehLlWQsoF5gjDB68y3HjQcInwJ0Z_gXmUHF9oXImugVIoS-iP8EKjMocuG-EVuMcZhPkE_XiG9Mzx4-KFUDuSZVKSZLik43iPN1dw6Qms5CHu4-JRMTrR7JiYXQhU9rDFEaF0PDyeo6le9NHxH28QZlJOoUv6BIcj9saT5CnOo-FCEiVz4UOvFMrzYJRh5kLo_MjRQz-eIxSPMUsSE82LPtnxI1eiHI8gvTp6I8y6GDeHJwwD7uieo4kY5dgnM_iD2g1Se4erHOWhaaXQ_EF-fJ8C90X_o2E0GY-OJjr6RMFD8thjhOEWaI9i7EdMXEdkfeiP5utwnYIqSRYa4Ypa-HSF_gjTZR16XiilBc3S48_ReD_6I64hr8OUB6csBeZRvkLoHamT4yf-CfpR-sMfhJSy5GiaqcN_3IelG69whMl1KKIcZkMou7iXHdeO8INGHWnuoaZyXFVxHeEu6BWJUOIUDv0oIcyIH_ompA_4nOgZIkvCRZA_IpSPZoxK5OGJvhV0HvsRysYTHWFU1M1RKWjaHCX1oEl15OnyomHEovzwvAgvQ1GuBKesIXJeHGdO4UgfnNKhUxciiZKLRvnwVkJzoni-BE1tASiQAQA4JSg0BAgljCBCIEEAMUgoSQhhVCCtEGSEIMCYMkoQQYgzQigFBCGCAAKEUcIRgaAAzAgBDBAOIMEEQAYgwIyQggkEBBRKIUSIY0opQ4VhDghkFCJAEMGgFEgZYSlCiAhhAEFCOWGUAYIgIYkCilCgjAAEEAUAEBQYA4kQwilChDAGKaYIAQgg4QAyggoKAABEIEEgIkJIgQAiDEBBDDEICUIAIMAQRIQQ3gBAgKFAEKUAIUIJIYwEkBABEBLAAKEAIcAYhpwCRAiDDBHECICIM4QBAQIRSgGhADLYQSUAYEAzIIAA1gElCAACCcGEEUIAgIQgBHEAHCIMKYQZMIISBCBj1BiihAOACmAUAkAIQgghAghAACEAYcWIMIIJ6hAAjABjDLMAAMKAA44KQgQiDDABBGCGKMGoMMBZrJgzUgBDiCCGIAIEEgIgAQAERgBEJFGOGEMQVQAAyiURwAgDBAOMGCGEYMAJCRAgAhkhBJCGMeAAMkoAZRQwQCAFhDSGOCIEEIIBRAAkACgKhBKGMCEABMIAIAyhAAAihGaKGAAIAIAhSJBAQihmkFBOCaIUABKYIIBVAAFgGCJAMWYEAoYQIIQxyTCkBEIAECeGEwoQIDwCxEgghABEEiEUEdowAQBRSgiAGKGYLAIQIRQtACASihgABFBMAAWEgYhIpoRABAADABUFCCEAMYIhA4BhBgjHgBBAAYQAaAAYQgBijABqBCBKISMMAgwQ4IUhQBFumFBKKA8FFQ4h4ZQBChCBkCNOAOIQFMAAAQAADDgFhUCGGGYYE4o4AoRQBAhHBAAEAAIFsQgAgJRgBgBJCBEEDCGQEtgZAJhwghgHECHCMCIAMJAxo4QgQDhmjCCOBIQQUQIwIBgA"], "tracknumber": ["1/13"], "composer": ["Adaptacin de tema tradicional La Concha de Perla"], "file_name": "01-Concheperla.mp3"}, "version": {"essentia_build_sha": "5a811adb4c06fd6d02ca903f7349a26d851abfa8", "essentia_git_sha": "v2.1_beta1-34-gf95df8b", "extractor": "music 1.0", "essentia": "2.1-beta1"}}, "tonal": {"chords_scale": "minor", "hpcp": {"dmean": [0.16142629087, 0.162067830563, 0.158103570342, 0.157056942582, 0.171998620033, 0.17078384757, 0.155457243323, 0.151210606098, 0.1617744416, 0.188441306353, 0.183729678392, 0.151369303465, 0.139251157641, 0.141908973455, 0.145990863442, 0.153557434678, 0.147277757525, 0.132297307253, 0.113257266581, 0.103785574436, 0.108956769109, 0.110120505095, 0.100521683693, 0.218472599983, 0.367098927498, 0.224292054772, 0.116580821574, 0.101404376328, 0.0907229632139, 0.10432934016, 0.146893933415, 0.187500327826, 0.205582484603, 0.209497854114, 0.193443134427, 0.173425748944], "dvar2": [0.175272479653, 0.18566173315, 0.168169274926, 0.158800080419, 0.16964225471, 0.16390158236, 0.138500243425, 0.143113955855, 0.144412085414, 0.17062471807, 0.172686904669, 0.141757175326, 0.142897933722, 0.136872842908, 0.14178353548, 0.165434807539, 0.153286397457, 0.137330591679, 0.10972096771, 0.0912250205874, 0.0858166962862, 0.0829404741526, 0.0708999037743, 0.118889525533, 0.340956300497, 0.116935357451, 0.0902492627501, 0.0730988159776, 0.0720832869411, 0.0854593515396, 0.139226734638, 0.178822666407, 0.184332489967, 0.181960344315, 0.190743982792, 0.184474781156], "mean": [0.121630132198, 0.118030950427, 0.117310196161, 0.123219549656, 0.154618918896, 0.158668428659, 0.130969569087, 0.119441024959, 0.139374792576, 0.181122854352, 0.165858209133, 0.119212388992, 0.107710801065, 0.110942184925, 0.112529948354, 0.116229355335, 0.113124214113, 0.096674375236, 0.0825288444757, 0.0824273750186, 0.0929864495993, 0.097973048687, 0.0874726250768, 0.219952985644, 0.363187193871, 0.23897074163, 0.10468582809, 0.0856773555279, 0.0713109970093, 0.0770354643464, 0.113148972392, 0.157809272408, 0.187581136823, 0.191111207008, 0.163783058524, 0.135313615203], "var": [0.0510907173157, 0.0511551015079, 0.0479912236333, 0.048070512712, 0.0674717128277, 0.0732412934303, 0.0474015474319, 0.045726172626, 0.0491707399487, 0.0764064192772, 0.0658489987254, 0.0442716181278, 0.0412349551916, 0.0403597056866, 0.0414692535996, 0.045716047287, 0.0431774407625, 0.0350273996592, 0.0280968919396, 0.0264892894775, 0.0298311002553, 0.0288937389851, 0.0226569566876, 0.0543133206666, 0.166564926505, 0.0605225861073, 0.0344329327345, 0.0238608364016, 0.0210431069136, 0.0242658518255, 0.0418188981712, 0.0629954710603, 0.0740201473236, 0.0749106034636, 0.0640557259321, 0.0554110780358], "dmean2": [0.296719938517, 0.299524575472, 0.290845096111, 0.28678509593, 0.307953029871, 0.305440783501, 0.27510240674, 0.27414226532, 0.29034781456, 0.337754309177, 0.328812658787, 0.27425724268, 0.252209126949, 0.257138669491, 0.267653912306, 0.282574623823, 0.269389659166, 0.244782879949, 0.210176661611, 0.188171833754, 0.194930046797, 0.194696873426, 0.179403945804, 0.398206412792, 0.679860591888, 0.406206130981, 0.204022929072, 0.180954113603, 0.164856120944, 0.19012606144, 0.266897916794, 0.338624805212, 0.366231322289, 0.372821569443, 0.35046094656, 0.317758351564], "dvar": [0.0645929276943, 0.0673903599381, 0.0614802092314, 0.0582535527647, 0.0643467083573, 0.0654580146074, 0.0512936376035, 0.0527778416872, 0.0523677617311, 0.0643487125635, 0.0636196658015, 0.0524985827506, 0.0517965257168, 0.0495102666318, 0.0518867187202, 0.0590814091265, 0.0554758012295, 0.048766631633, 0.0391601584852, 0.0333660058677, 0.0326954163611, 0.0309420544654, 0.0257447045296, 0.0473180562258, 0.144521966577, 0.0473549030721, 0.0341474786401, 0.0269100815058, 0.0262062735856, 0.0310203842819, 0.0512698143721, 0.0677937492728, 0.0707121640444, 0.0710698366165, 0.0700812712312, 0.066725179553], "min": [0, 0, 0, 0, 0, 0, 0, 0, 0, 0, 0, 0, 0, 0, 0, 0, 0, 0, 0, 0, 0, 0, 0, 0, 0, 0, 0, 0, 0, 0, 0, 0, 0, 0, 0, 0], "median": [0.0250348076224, 0.0238384846598, 0.0245696324855, 0.0290874447674, 0.0334749221802, 0.0329588651657, 0.0333094485104, 0.029121870175, 0.0394120328128, 0.0464617162943, 0.0436723120511, 0.0284536778927, 0.0243737827986, 0.0278644636273, 0.0292609315366, 0.0285974368453, 0.0279428791255, 0.0236354935914, 0.0182079188526, 0.0211835540831, 0.0265973750502, 0.0312742181122, 0.0282902475446, 0.105037607253, 0.132335081697, 0.131508409977, 0.0306214019656, 0.0254590902478, 0.0182938203216, 0.0165893249214, 0.0273579284549, 0.0449145548046, 0.0604486204684, 0.0631627589464, 0.049100831151, 0.0305755920708], "max": [1, 1, 1, 1, 1, 1, 1, 1, 1, 1, 1, 1, 1, 1, 1, 1, 1, 1, 1, 1, 1, 1, 1, 1, 1, 1, 1, 1, 1, 1, 1, 1, 1, 1, 1, 1]}, "tuning_equal_tempered_deviation": 0.188266947865, "chords_key": "F", "chords_strength": {"dmean": 0.0141345467418, "dvar2": 0.000214009400224, "mean": 0.486087977886, "var": 0.00940804276615, "dmean2": 0.0182022303343, "dvar": 0.00012900675938, "min": 0.228105932474, "median": 0.481841057539, "max": 0.759552061558}, "tuning_diatonic_strength": 0.597774982452, "thpcp": [1, 0.657982289791, 0.288242071867, 0.235904127359, 0.196347773075, 0.212109521031, 0.311544507742, 0.434512227774, 0.516486108303, 0.526205778122, 0.450960457325, 0.372572660446, 0.334896534681, 0.324986547232, 0.323002010584, 0.33927282691, 0.425727903843, 0.436877816916, 0.360611736774, 0.328869044781, 0.383754700422, 0.498703867197, 0.456674158573, 0.328239530325, 0.296571046114, 0.305468320847, 0.309840083122, 0.320026040077, 0.311476320028, 0.266183316708, 0.227235004306, 0.226955622435, 0.256028980017, 0.269759088755, 0.240847215056, 0.605618774891], "chords_histogram": [45.8897743225, 1.07626652718, 2.61644101143, 0.742252707481, 0.167006865144, 4.41640377045, 1.39172387123, 5.02876234055, 4.34217834473, 13.4347743988, 1.11337912083, 0.129894226789, 0.241232141852, 0, 0, 0.983484864235, 5.6782336235, 3.11746144295, 0.909259617329, 0, 0, 0, 3.21024298668, 5.51122665405], "tuning_nontempered_energy_ratio": 0.830546855927, "tuning_frequency": 434.193115234, "key_strength": 0.617587685585, "chords_changes_rate": 0.103544257581, "key_scale": "minor", "hpcp_entropy": {"dmean": 0.781045854092, "dvar2": 1.00710582733, "mean": 2.44842910767, "var": 0.617898523808, "dmean2": 1.3280223608, "dvar": 0.358992010355, "min": 0, "median": 2.48965072632, "max": 4.51064157486}, "key_key": "F", "chords_number_rate": 0.00241232151166}, "lowlevel": {"melbands_skewness": {"dmean": 1.72026562691, "dvar2": 8.37007904053, "mean": 4.31549787521, "var": 9.3034029007, "dmean2": 2.65973114967, "dvar": 3.71426200867, "min": -2.46715450287, "median": 3.44076180458, "max": 24.7047767639}, "melbands_kurtosis": {"dmean": 31.957567215, "dvar2": 8330.74902344, "mean": 43.2452545166, "var": 4840.34326172, "dmean2": 51.4274520874, "dvar": 3374.97631836, "min": -1.80217111111, "median": 17.8936481476, "max": 997.24420166}, "barkbands_kurtosis": {"dmean": 20.3610610962, "dvar2": 4017.65942383, "mean": 27.2263908386, "var": 2323.91577148, "dmean2": 32.560962677, "dvar": 1636.68615723, "min": -1.8588848114, "median": 10.652765274, "max": 748.065551758}, "hfc": {"dmean": 59.5377349854, "dvar2": 16440.4199219, "mean": 105.551460266, "var": 11727.3535156, "dmean2": 88.8916473389, "dvar": 7277.75195312, "min": 1.13126054371e-16, "median": 71.8810272217, "max": 1017.02783203}, "silence_rate_20dB": {"dmean": 0.0467706024647, "dvar2": 0.106143265963, "mean": 0.963069498539, "var": 0.0355685502291, "dmean2": 0.0935498848557, "dvar": 0.0445853918791, "min": 0, "median": 1, "max": 1}, "erbbands_flatness_db": {"dmean": 0.0250980127603, "dvar2": 0.00130221503787, "mean": 0.127738416195, "var": 0.00202525407076, "dmean2": 0.0386680848897, "dvar": 0.000555244158022, "min": 0.0512096993625, "median": 0.116385117173, "max": 0.401154458523}, "spectral_flux": {"dmean": 0.0705485790968, "dvar2": 0.0174170155078, "mean": 0.147765636444, "var": 0.0148680340499, "dmean2": 0.112384729087, "dvar": 0.00760353077203, "min": 6.47209577598e-11, "median": 0.112636893988, "max": 0.776725590229}, "spectral_energyband_low": {"dmean": 0.0397787131369, "dvar2": 0.0134783685207, "mean": 0.0465856306255, "var": 0.00863253232092, "dmean2": 0.0611357241869, "dvar": 0.0064612752758, "min": 2.20968301478e-23, "median": 0.00786496605724, "max": 0.794530391693}, "spectral_rolloff": {"dmean": 4645.84716797, "dvar2": 123346200, "mean": 8625.73144531, "var": 95776680, "dmean2": 8714.69433594, "dvar": 58738840, "min": 21.533203125, "median": 1808.7890625, "max": 22050}, "spectral_entropy": {"dmean": 0.270282804966, "dvar2": 0.178796216846, "mean": 7.52809286118, "var": 0.288217753172, "dmean2": 0.411111146212, "dvar": 0.0792211592197, "min": 4.3466758728, "median": 7.68299341202, "max": 9.82196140289}, "spectral_energy": {"dmean": 0.0494766123593, "dvar2": 0.0147142065689, "mean": 0.0686635971069, "var": 0.0115392934531, "dmean2": 0.0733109116554, "dvar": 0.00747255794704, "min": 1.02540394503e-20, "median": 0.0283634848893, "max": 0.850283384323}, "spectral_centroid": {"dmean": 375.624023438, "dvar2": 360970.8125, "mean": 1120.89257812, "var": 738229.75, "dmean2": 554.657897949, "dvar": 188281.265625, "min": 105.780647278, "median": 865.441650391, "max": 11546.8017578}, "barkbands_flatness_db": {"dmean": 0.0460473485291, "dvar2": 0.00392776541412, "mean": 0.168537139893, "var": 0.00599366566166, "dmean2": 0.0699757635593, "dvar": 0.00181367690675, "min": 0.0267518498003, "median": 0.157259091735, "max": 0.518196165562}, "spectral_rms": {"dmean": 0.00250508403406, "dvar2": 1.61875232152e-05, "mean": 0.00650449888781, "var": 2.46804120252e-05, "dmean2": 0.00349254207686, "dvar": 9.42531642067e-06, "min": 3.16290071391e-12, "median": 0.00526038883254, "max": 0.0288018193096}, "melbands": {"dmean": [0.0108654359356, 0.00381224835292, 0.000670513545629, 0.000687711930368, 0.000691340246703, 0.00033906052704, 0.000246160459938, 0.000194975262275, 0.000193891057279, 0.000171334497281, 0.00010003567877, 6.15554381511e-05, 4.58370377601e-05, 2.8067650419e-05, 2.20572110265e-05, 2.0747878807e-05, 1.57473459694e-05, 1.40196043503e-05, 1.28238780235e-05, 8.571251783e-06, 7.83049745223e-06, 7.78019784775e-06, 8.45932572702e-06, 5.43781470697e-06, 5.61832803214e-06, 5.11534244652e-06, 5.17664375366e-06, 4.75141723655e-06, 4.19959542342e-06, 3.33144907927e-06, 3.9739084059e-06, 5.06907872477e-06, 3.26641475112e-06, 2.81287907455e-06, 2.42866008193e-06, 1.47696937347e-06, 2.50580313832e-07, 4.35841727153e-08, 3.76117839096e-08, 3.31867298087e-08], "dvar2": [0.00122549035586, 0.000177323352545, 4.65113043902e-06, 4.2013411985e-06, 7.08146171746e-06, 1.09580003027e-06, 5.3498035868e-07, 2.81741449726e-07, 4.41466312395e-07, 3.93281652578e-07, 1.04401564727e-07, 4.30709157229e-08, 2.02052845566e-08, 7.79010100871e-09, 4.41879333124e-09, 3.62306429302e-09, 2.287926959e-09, 1.65131752716e-09, 1.25193178047e-09, 5.81390269261e-10, 1.19949650212e-09, 4.79886186344e-10, 5.38274147477e-10, 2.49143594644e-10, 2.35665181814e-10, 1.71428607421e-10, 1.56834517595e-10, 1.32725802571e-10, 1.12013821829e-10, 5.84104153933e-11, 9.4120829186e-11, 2.33463692823e-10, 7.46051623257e-11, 5.82590573006e-11, 5.92799004329e-11, 1.7581422429e-11, 6.10711459702e-13, 2.21008260114e-14, 1.63943159178e-14, 1.27583804049e-14], "mean": [0.011979110539, 0.00365094002336, 0.000709808780812, 0.00077368930215, 0.000765121949371, 0.000398189557018, 0.00032459400245, 0.000247262156336, 0.000201048635063, 0.000170298677403, 9.95748850983e-05, 6.47096530884e-05, 4.83204676129e-05, 3.07563204842e-05, 2.47929692705e-05, 2.39337678067e-05, 1.76426092366e-05, 1.58005314006e-05, 1.55107336468e-05, 9.46148884395e-06, 7.86149394116e-06, 9.35579100769e-06, 9.89325326373e-06, 6.21710478299e-06, 7.08190736987e-06, 6.26297787676e-06, 6.18396461505e-06, 5.47092258785e-06, 4.94836922371e-06, 4.13868292526e-06, 4.82932637169e-06, 6.55446228848e-06, 4.132333288e-06, 3.43810870618e-06, 2.98512964036e-06, 1.8255274199e-06, 2.75303875696e-07, 3.91860339732e-08, 3.38333592254e-08, 2.99838482931e-08], "var": [0.000680422526784, 5.70556148887e-05, 1.67691484876e-06, 1.7609694396e-06, 3.49419724444e-06, 6.32612056961e-07, 3.67948558733e-07, 1.82408385285e-07, 1.5215104554e-07, 1.4120652736e-07, 3.61275631633e-08, 1.54688404308e-08, 7.90090837199e-09, 3.09548209287e-09, 1.72221636952e-09, 1.77119507949e-09, 1.03957509268e-09, 7.29691806978e-10, 6.43507580556e-10, 2.53607801426e-10, 3.21728699237e-10, 2.67285915623e-10, 2.98331803705e-10, 1.08290112988e-10, 1.54141088782e-10, 1.0203535239e-10, 9.78418526754e-11, 7.35547109332e-11, 6.18087525606e-11, 4.08789668782e-11, 6.73452543731e-11, 2.01616834339e-10, 6.26717081009e-11, 4.17355663918e-11, 3.89967884373e-11, 1.34340099808e-11, 2.88933292439e-13, 8.33466698164e-15, 6.23086795714e-15, 4.87666429184e-15], "dmean2": [0.0170111004263, 0.00642337650061, 0.00111821095925, 0.00114307028707, 0.00111234560609, 0.000548690499272, 0.000397569267079, 0.00031240444514, 0.000323512183968, 0.000282909197267, 0.000168302343809, 0.000103834965557, 7.60105394875e-05, 4.62409552711e-05, 3.66036038031e-05, 3.34178730554e-05, 2.53788675764e-05, 2.27838118008e-05, 2.0807099645e-05, 1.36953458423e-05, 1.30679009089e-05, 1.22596047731e-05, 1.33547882797e-05, 8.67600192578e-06, 8.69004725246e-06, 8.05541731097e-06, 8.09467837826e-06, 7.49252285459e-06, 6.52685730529e-06, 5.09394430992e-06, 6.17764590061e-06, 7.8178181866e-06, 4.92677054353e-06, 4.27416853199e-06, 3.69798112843e-06, 2.22701987695e-06, 4.00750991503e-07, 7.32567286832e-08, 6.31509422533e-08, 5.56961197162e-08], "dvar": [0.000559786276426, 6.80328739691e-05, 1.82187989139e-06, 1.64135610703e-06, 2.92808726954e-06, 4.62401402501e-07, 2.21724235416e-07, 1.16284006424e-07, 1.67992425304e-07, 1.56103013182e-07, 4.03437816487e-08, 1.63382445351e-08, 7.89262166734e-09, 3.06296299435e-09, 1.71245095881e-09, 1.50552903477e-09, 9.32496524442e-10, 6.57844612117e-10, 5.05893160696e-10, 2.36714037261e-10, 4.39711489442e-10, 2.03137617838e-10, 2.28726204643e-10, 9.9566070666e-11, 1.01134621511e-10, 7.24240112326e-11, 6.73436653664e-11, 5.53073593867e-11, 4.70441498257e-11, 2.57411956334e-11, 4.03565895979e-11, 1.00557000227e-10, 3.3492805751e-11, 2.55278246458e-11, 2.50882561253e-11, 7.98725929146e-12, 2.45810262336e-13, 8.76581776323e-15, 6.51378797295e-15, 5.07708753376e-15], "min": [2.06330947939e-24, 1.88553060249e-24, 2.04939417023e-24, 3.83798816419e-24, 9.30546634686e-25, 3.05712413918e-24, 3.66871596887e-24, 3.3220332947e-24, 1.95119104551e-24, 3.80452626231e-24, 4.34395566019e-24, 2.47549659933e-24, 3.61085144375e-24, 4.82254376632e-24, 3.98879864774e-24, 6.48510125623e-24, 5.34754687039e-24, 5.68411910877e-24, 4.24888056617e-24, 4.29540837122e-24, 4.49727551028e-24, 5.85328599116e-24, 5.04736912431e-24, 4.35381563264e-24, 6.25711453816e-24, 5.04225138918e-24, 4.2584877087e-24, 6.39860699671e-24, 6.77876222238e-24, 4.73792699575e-24, 6.36541054652e-24, 6.6389311049e-24, 6.38689122897e-24, 6.00204385864e-24, 6.69183842809e-24, 8.05985418865e-24, 7.942210573e-24, 7.53626511775e-24, 6.78217720124e-24, 7.31249919996e-24], "median": [0.00128663645592, 0.00101087184157, 0.000261518958723, 0.000298859522445, 0.00020227857749, 0.00014332732826, 0.000111553206807, 7.91431593825e-05, 6.42079394311e-05, 4.5827266149e-05, 2.95450608974e-05, 2.10561593121e-05, 1.4458167243e-05, 1.05936751424e-05, 9.17088527785e-06, 7.89657769928e-06, 5.4270626606e-06, 5.43594887858e-06, 5.86656233281e-06, 3.25201563101e-06, 2.3952304673e-06, 2.96441658065e-06, 2.92143499792e-06, 2.03570675694e-06, 2.20664855988e-06, 2.04852540264e-06, 1.84629550404e-06, 1.52912082285e-06, 1.40065878895e-06, 1.13782618882e-06, 1.07810774352e-06, 9.73251417236e-07, 6.71964301091e-07, 4.89308717988e-07, 3.59767511782e-07, 2.278207063e-07, 5.51240901814e-08, 7.87744713904e-09, 6.63571642079e-09, 6.01722716098e-09], "max": [0.240385517478, 0.107287809253, 0.0164132453501, 0.0154977897182, 0.0291745513678, 0.0205789282918, 0.0143073620275, 0.0072401012294, 0.00643219565973, 0.005137572065, 0.00243829190731, 0.00198141601868, 0.00161756330635, 0.00171307497658, 0.000496186665259, 0.000539010390639, 0.000377470598323, 0.00036949335481, 0.000464973127237, 0.000189278420294, 0.000330736860633, 0.000222366317757, 0.000192561419681, 0.000136282047606, 0.000250420940574, 0.000159708491992, 0.00018859411648, 9.34529234655e-05, 0.000124904399854, 7.28152008378e-05, 0.000130305808852, 0.000216758373426, 0.000108261869173, 7.89477780927e-05, 0.000118273201224, 5.40088731213e-05, 7.86687178334e-06, 1.49319885168e-06, 1.26720385651e-06, 1.09880113541e-06]}, "barkbands_crest": {"dmean": 3.86532974243, "dvar2": 27.2249679565, "mean": 12.6954584122, "var": 27.2342510223, "dmean2": 6.3482170105, "dvar": 10.8204889297, "min": 2.74803423882, "median": 12.2191438675, "max": 25.7305641174}, "mfcc": {"icov": [[0.000147950195242, -4.39802424808e-05, 0.000220396279474, 3.42508815265e-06, 4.19374300691e-05, -0.000170776474988, 0.000134648071253, -0.000261713372311, 0.000206096781767, -0.000141863871249, -0.000190056540305, -5.65407317481e-05, -0.000173967855517], [-4.39802424808e-05, 0.00139997561928, 0.00020830174617, 0.000726136669982, -6.74075927236e-05, -3.31982955686e-05, -0.000569083960727, 0.00101708830334, -0.000574620673433, 0.000127878971398, -0.000238290711422, -1.79785220098e-05, -0.000194388383534], [0.000220396279474, 0.00020830174617, 0.00250870687887, -0.000296784681268, -0.00160551152658, 0.000155011992319, 2.92183449346e-05, -0.000315673940349, 0.000153777436935, -0.000589375849813, 0.000306186324451, -0.00108420534525, -0.000106096522359], [3.42508815265e-06, 0.000726136669982, -0.000296784681268, 0.00442366860807, 0.000306763278786, -0.0028413340915, 2.1030771677e-05, -0.000625711400062, 0.00105859083124, -0.000660126155708, -0.000192773135495, 0.00119174423162, -7.63735806686e-06], [4.19374300691e-05, -6.74075927236e-05, -0.00160551152658, 0.000306763278786, 0.00739321485162, -0.000921248865779, -0.00397132895887, 0.00136745302007, -0.00166970549617, 0.00160007667728, -0.00143392814789, 0.000602163549047, 0.000409204018069], [-0.000170776474988, -3.31982955686e-05, 0.000155011992319, -0.0028413340915, -0.000921248865779, 0.0112514263019, -0.00073781888932, -0.00477346684784, 0.001241579419, -0.00198609265499, 0.001011909917, -0.000745390600059, -0.00101394881494], [0.000134648071253, -0.000569083960727, 2.92183449346e-05, 2.1030771677e-05, -0.00397132895887, -0.00073781888932, 0.010064907372, -0.000804283074103, -0.0036737495102, 0.00191543262918, -0.00156142702326, 0.00238625099882, -0.00220463704318], [-0.000261713372311, 0.00101708830334, -0.000315673940349, -0.000625711400062, 0.00136745302007, -0.00477346684784, -0.000804283074103, 0.0111489780247, -0.00425008265302, -0.00154596974608, 0.00438002729788, -0.00436863256618, 0.000645121734124], [0.000206096781767, -0.000574620673433, 0.000153777436935, 0.00105859083124, -0.00166970549617, 0.001241579419, -0.0036737495102, -0.00425008265302, 0.0149590363726, -0.00205154903233, -0.00437631038949, -5.13263512403e-05, -0.00015630525013], [-0.000141863871249, 0.000127878971398, -0.000589375849813, -0.000660126155708, 0.00160007667728, -0.00198609265499, 0.00191543262918, -0.00154596974608, -0.00205154903233, 0.0183447208256, -0.00874172151089, 0.00126504630316, -0.00160398287699], [-0.000190056540305, -0.000238290711422, 0.000306186324451, -0.000192773135495, -0.00143392814789, 0.001011909917, -0.00156142702326, 0.00438002729788, -0.00437631038949, -0.00874172151089, 0.028909381479, -0.0132595608011, -0.0013113146415], [-5.65407317481e-05, -1.79785220098e-05, -0.00108420534525, 0.00119174423162, 0.000602163549047, -0.000745390600059, 0.00238625099882, -0.00436863256618, -5.13263512403e-05, 0.00126504630316, -0.0132595608011, 0.0316871367395, -0.0148399127647], [-0.000173967855517, -0.000194388383534, -0.000106096522359, -7.63735806686e-06, 0.000409204018069, -0.00101394881494, -0.00220463704318, 0.000645121734124, -0.00015630525013, -0.00160398287699, -0.0013113146415, -0.0148399127647, 0.032185357064]], "mean": [-695.697814941, 147.227737427, 6.35165882111, 45.8570404053, -14.2178144455, 21.4895095825, -8.3056344986, 12.0576782227, -1.96339392662, 7.98065090179, 1.73209869862, 1.37308061123, 1.60740923882], "cov": [[12452.6728516, -707.659057617, -1316.04980469, 693.661193848, -950.453063965, 678.266906738, -656.893127441, 710.150085449, -292.422454834, 355.548797607, 43.93019104, 203.773361206, 145.126831055], [-707.659057617, 1265.2097168, -21.2353172302, -442.475860596, 208.138595581, -232.942550659, 194.778396606, -265.979766846, 112.165992737, -74.301399231, 60.3077850342, -14.7603368759, 4.8231921196], [-1316.04980469, -21.2353172302, 676.21307373, -3.7804877758, 255.125366211, -14.3649749756, 145.698501587, -10.5148267746, 80.0626754761, -7.12951469421, 26.4885807037, 20.437707901, 12.0171413422], [693.661193848, -442.475860596, -3.7804877758, 494.484466553, -120.588294983, 219.836608887, -92.1220626831, 187.051498413, -61.085559845, 66.3778839111, -26.0184459686, 12.1543607712, 7.13653469086], [-950.453063965, 208.138595581, 255.125366211, -120.588294983, 364.785858154, -58.441822052, 212.864074707, -75.7716369629, 108.980537415, -40.6280212402, 38.2467880249, -2.80013012886, 5.3243765831], [678.266906738, -232.942550659, -14.3649749756, 219.836608887, -58.441822052, 236.073699951, -33.5320281982, 171.124267578, -11.6194725037, 60.0881538391, -2.62590622902, 32.0365371704, 22.319770813], [-656.893127441, 194.778396606, 145.698501587, -92.1220626831, 212.864074707, -33.5320281982, 249.682342529, -33.8058662415, 106.364250183, -26.7793884277, 34.4776382446, 0.895216464996, 13.1012916565], [710.150085449, -265.979766846, -10.5148267746, 187.051498413, -75.7716369629, 171.124267578, -33.8058662415, 252.977767944, 15.9725427628, 63.1718444824, -3.02492499352, 44.4705123901, 24.8166942596], [-292.422454834, 112.165992737, 80.0626754761, -61.085559845, 108.980537415, -11.6194725037, 106.364250183, 15.9725427628, 136.792221069, 12.2815895081, 42.2866477966, 22.1831359863, 17.7876148224], [355.548797607, -74.301399231, -7.12951469421, 66.3778839111, -40.6280212402, 60.0881538391, -26.7793884277, 63.1718444824, 12.2815895081, 94.6875457764, 32.4752464294, 30.3706912994, 20.8790893555], [43.93019104, 60.3077850342, 26.4885807037, -26.0184459686, 38.2467880249, -2.62590622902, 34.4776382446, -3.02492499352, 42.2866477966, 32.4752464294, 75.3493499756, 40.7837638855, 26.2342796326], [203.773361206, -14.7603368759, 20.437707901, 12.1543607712, -2.80013012886, 32.0365371704, 0.895216464996, 44.4705123901, 22.1831359863, 30.3706912994, 40.7837638855, 72.7757415771, 38.1354598999], [145.126831055, 4.8231921196, 12.0171413422, 7.13653469086, 5.3243765831, 22.319770813, 13.1012916565, 24.8166942596, 17.7876148224, 20.8790893555, 26.2342796326, 38.1354598999, 52.7394790649]]}, "spectral_decrease": {"dmean": 1.21705134859e-08, "dvar2": 9.95729157628e-16, "mean": -1.5656089758e-08, "var": 7.39001835766e-16, "dmean2": 1.82832540219e-08, "dvar": 4.99509305039e-16, "min": -2.2222309326e-07, "median": -4.95483165608e-09, "max": 2.49035414512e-09}, "zerocrossingrate": {"dmean": 0.0526982620358, "dvar2": 0.00256236945279, "mean": 0.216945707798, "var": 0.0140275126323, "dmean2": 0.0611314997077, "dvar": 0.00194662774447, "min": 0.00634765625, "median": 0.201171875, "max": 0.79052734375}, "spectral_contrast_coeffs": {"dmean": [0.0607051551342, 0.0510912686586, 0.0400769747794, 0.0297488756478, 0.0247059185058, 0.0682798922062], "dvar2": [0.0059776683338, 0.00433418527246, 0.00269566942006, 0.00145958655048, 0.0010349167278, 0.00745200319216], "mean": [-0.696413040161, -0.779636323452, -0.812990486622, -0.838151693344, -0.838364839554, -0.691260516644], "var": [0.00847166962922, 0.00419399421662, 0.00265641440637, 0.00191013223957, 0.00176176417153, 0.0130714811385], "dmean2": [0.0982463806868, 0.0835717916489, 0.0659698992968, 0.0485051013529, 0.0383033789694, 0.101860508323], "dvar": [0.0023998869583, 0.00161439203657, 0.00102593959309, 0.00056465837406, 0.000440805510152, 0.00353164714761], "min": [-0.971882581711, -0.974127113819, -0.977852106094, -0.984885573387, -0.97759360075, -0.963324069977], "median": [-0.706799685955, -0.784108102322, -0.815294444561, -0.837887525558, -0.834812760353, -0.691998720169], "max": [-0.290977805853, -0.433228969574, -0.585690498352, -0.658088088036, -0.64984536171, -0.359877169132]}, "spectral_skewness": {"dmean": 0.496351897717, "dvar2": 0.807826280594, "mean": 2.16054868698, "var": 1.07567036152, "dmean2": 0.717669785023, "dvar": 0.338795214891, "min": -0.0685325264931, "median": 1.93287146091, "max": 12.1358203888}, "spectral_energyband_middle_high": {"dmean": 0.00180289405398, "dvar2": 2.18005752686e-05, "mean": 0.00243964535184, "var": 1.12893803816e-05, "dmean2": 0.00278052710928, "dvar": 9.0754338089e-06, "min": 1.20974356792e-21, "median": 0.00119181419723, "max": 0.0324195101857}, "gfcc": {"icov": [[0.00018755964993, -0.000482495554024, 0.0008844427648, -0.000735511537641, 0.000636366079561, -0.000512796978001, 0.000315360957757, -0.000196542532649, 2.13028961298e-05, -0.000231291836826, 0.000235778934439, -0.00057841592934, 0.000253033678746], [-0.000482495554024, 0.00450079143047, -0.00393582042307, 0.00435153301805, -0.00340259447694, 0.00146616529673, -0.00171450641938, 0.00187185255345, -0.00152887450531, 0.00180031522177, -0.00335679552518, 0.00429046107456, -0.00245990557596], [0.0008844427648, -0.00393582042307, 0.008749964647, -0.00822558999062, 0.00685387477279, -0.00594492349774, 0.00321142794564, -0.000796128122602, -0.00165696011391, 0.0024138095323, -0.00186011625919, 0.00220034294762, -0.00201328168623], [-0.000735511537641, 0.00435153301805, -0.00822558999062, 0.0130462413654, -0.0104612577707, 0.00637892726809, -0.00382467219606, -0.000941048085224, 0.0059270481579, -0.0077541153878, 0.00767333246768, -0.00959570053965, 0.00737176649272], [0.000636366079561, -0.00340259447694, 0.00685387477279, -0.0104612577707, 0.0167937781662, -0.0090678781271, -0.000220258429181, 0.00293439463712, -0.0062617752701, 0.00983524508774, -0.0101779932156, 0.011770889163, -0.0107453903183], [-0.000512796978001, 0.00146616529673, -0.00594492349774, 0.00637892726809, -0.0090678781271, 0.014292454347, -0.00204958277754, -0.0082826660946, 0.00733132474124, -0.0083256913349, 0.00890220701694, -0.0108437072486, 0.00684858253226], [0.000315360957757, -0.00171450641938, 0.00321142794564, -0.00382467219606, -0.000220258429181, -0.00204958277754, 0.0102222170681, -0.00046099483734, -0.00594115210697, 0.00322574586608, -0.00051622436149, -0.00150160992052, 0.000735851819627], [-0.000196542532649, 0.00187185255345, -0.000796128122602, -0.000941048085224, 0.00293439463712, -0.0082826660946, -0.00046099483734, 0.0153631977737, -0.00685788085684, 0.00315128359944, -0.00736909452826, 0.01071188692, -0.00912776961923], [2.13028961298e-05, -0.00152887450531, -0.00165696011391, 0.0059270481579, -0.0062617752701, 0.00733132474124, -0.00594115210697, -0.00685788085684, 0.0244057923555, -0.0191092360765, 0.014881759882, -0.0201202109456, 0.0150904525071], [-0.000231291836826, 0.00180031522177, 0.0024138095323, -0.0077541153878, 0.00983524508774, -0.0083256913349, 0.00322574586608, 0.00315128359944, -0.0191092360765, 0.0368805266917, -0.029268424958, 0.0240225531161, -0.0157571341842], [0.000235778934439, -0.00335679552518, -0.00186011625919, 0.00767333246768, -0.0101779932156, 0.00890220701694, -0.00051622436149, -0.00736909452826, 0.014881759882, -0.029268424958, 0.0439932495356, -0.0287840180099, 0.0111460145563], [-0.00057841592934, 0.00429046107456, 0.00220034294762, -0.00959570053965, 0.011770889163, -0.0108437072486, -0.00150160992052, 0.01071188692, -0.0201202109456, 0.0240225531161, -0.0287840180099, 0.0430778041482, -0.0203235317022], [0.000253033678746, -0.00245990557596, -0.00201328168623, 0.00737176649272, -0.0107453903183, 0.00684858253226, 0.000735851819627, -0.00912776961923, 0.0150904525071, -0.0157571341842, 0.0111460145563, -0.0203235317022, 0.0298918504268]], "mean": [-31.5748615265, 91.7923278809, -74.5440673828, 15.4380970001, -29.5892982483, -18.7702445984, 4.92534923553, -18.4528827667, 3.96441602707, -5.3170747757, -7.79731273651, 3.85017323494, -11.1565113068], "cov": [[15335.5292969, -1148.41040039, -1481.27185059, 745.423339844, -321.638763428, 36.7558822632, 495.032104492, -113.595558167, 559.802612305, 116.724838257, -5.62369346619, 697.373962402, -423.671905518], [-1148.41040039, 1113.55505371, 187.163391113, -486.060333252, 166.701599121, 23.2506961823, -121.592529297, 69.6928939819, -104.187545776, 39.9474411011, 97.3100891113, -215.216018677, 203.752593994], [-1481.27185059, 187.163391113, 661.363952637, 173.067993164, 58.3639221191, 216.999191284, -79.5245666504, 144.286773682, -74.8048858643, 32.3002281189, 11.503288269, -48.5259971619, 64.5933609009], [745.423339844, -486.060333252, 173.067993164, 598.672180176, 57.3055801392, 95.655456543, 161.829299927, 2.09743142128, 77.8788909912, -7.09274721146, -42.7558822632, 157.888549805, -106.716918945], [-321.638763428, 166.701599121, 58.3639221191, 57.3055801392, 226.212112427, 99.0084686279, 53.8522987366, 54.3432006836, -8.9390707016, 10.1493082047, 30.0942573547, -17.9917106628, 66.5506591797], [36.7558822632, 23.2506961823, 216.999191284, 95.655456543, 99.0084686279, 287.729522705, 22.0928936005, 163.342010498, -1.26445174217, 50.4894485474, 23.4460887909, 22.1856689453, 45.2254371643], [495.032104492, -121.592529297, -79.5245666504, 161.829299927, 53.8522987366, 22.0928936005, 237.044265747, -7.67262601852, 112.72454834, -7.21535396576, -6.36552238464, 87.7682495117, -52.0071640015], [-113.595558167, 69.6928939819, 144.286773682, 2.09743142128, 54.3432006836, 163.342010498, -7.67262601852, 197.376281738, 7.18062639236, 64.7630615234, 38.6961555481, -14.9889450073, 64.3628082275], [559.802612305, -104.187545776, -74.8048858643, 77.8788909912, -8.9390707016, -1.26445174217, 112.72454834, 7.18062639236, 156.901977539, 36.977596283, 8.01141738892, 77.1315078735, -51.3256950378], [116.724838257, 39.9474411011, 32.3002281189, -7.09274721146, 10.1493082047, 50.4894485474, -7.21535396576, 64.7630615234, 36.977596283, 104.134132385, 56.8443374634, 1.21710813046, 34.1153488159], [-5.62369346619, 97.3100891113, 11.503288269, -42.7558822632, 30.0942573547, 23.4460887909, -6.36552238464, 38.6961555481, 8.01141738892, 56.8443374634, 79.811630249, 13.0653419495, 41.8374328613], [697.373962402, -215.216018677, -48.5259971619, 157.888549805, -17.9917106628, 22.1856689453, 87.7682495117, -14.9889450073, 77.1315078735, 1.21710813046, 13.0653419495, 136.887359619, -34.2071762085], [-423.671905518, 203.752593994, 64.5933609009, -106.716918945, 66.5506591797, 45.2254371643, -52.0071640015, 64.3628082275, -51.3256950378, 34.1153488159, 41.8374328613, -34.2071762085, 124.008720398]]}, "erbbands_spread": {"dmean": 12.9985208511, "dvar2": 350.444671631, "mean": 43.6628684998, "var": 483.21194458, "dmean2": 19.6544494629, "dvar": 155.497894287, "min": 1.4201387167, "median": 41.8116226196, "max": 144.96887207}, "erbbands_kurtosis": {"dmean": 1.58742284775, "dvar2": 21.3907032013, "mean": 1.05403625965, "var": 15.1577749252, "dmean2": 2.54041171074, "dvar": 8.96144008636, "min": -1.82228922844, "median": -0.00180792808533, "max": 135.421127319}, "dynamic_complexity": 3.97952532768, "erbbands_crest": {"dmean": 2.74515223503, "dvar2": 16.5485057831, "mean": 7.69349431992, "var": 14.3687849045, "dmean2": 4.50844526291, "dvar": 6.70746612549, "min": 2.33798980713, "median": 6.72095966339, "max": 31.1732940674}, "erbbands": {"dmean": [1.50249218941, 4.79196834564, 5.1102104187, 3.79589414597, 5.25548696518, 15.315621376, 18.2536144257, 15.3552589417, 17.0812129974, 17.2648029327, 21.9562606812, 27.9212379456, 20.0200748444, 14.8184089661, 12.9238758087, 9.1561088562, 9.50202655792, 8.51387405396, 8.57881736755, 7.83781290054, 6.44729089737, 8.04302978516, 7.08845186234, 6.64074802399, 7.13466787338, 7.14157629013, 6.34927606583, 6.3129901886, 7.78511762619, 5.08967733383, 3.75683379173, 0.992511749268, 0.079637825489, 0.0412215851247, 0.0256203766912, 0.01662222296, 0.0864334106445, 0.086098715663, 0.0199634097517, 0.00401123333722], "dvar2": [25.9552955627, 331.971405029, 338.321868896, 174.505828857, 198.503967285, 2556.58251953, 5648.44824219, 2371.73901367, 2690.36621094, 2196.54223633, 4981.32958984, 10209.6474609, 4109.45068359, 2434.29882812, 1643.82275391, 713.754333496, 784.34753418, 646.468933105, 598.956481934, 428.304534912, 622.311157227, 490.444458008, 430.099945068, 287.223632812, 320.35333252, 272.493743896, 234.356430054, 206.925979614, 471.027648926, 163.629714966, 124.599014282, 8.01721572876, 0.0485006980598, 0.0191990323365, 0.00739291030914, 0.00237867143005, 0.0535374097526, 0.0415953435004, 0.00193254672922, 8.99251026567e-05], "mean": [1.56492161751, 4.52821445465, 4.72819375992, 3.8401529789, 5.86710739136, 16.7069587708, 19.6216316223, 17.8292140961, 22.3901100159, 22.713010788, 23.6624031067, 28.1680927277, 20.3316516876, 15.7447528839, 13.9214200974, 10.4868688583, 11.0722436905, 9.93991279602, 10.1149339676, 9.39416790009, 6.91647291183, 9.73855113983, 8.31705284119, 8.57084083557, 8.84621810913, 8.53285694122, 7.80387210846, 8.02582931519, 10.2720165253, 6.51815509796, 4.73392724991, 1.20579612255, 0.0881437733769, 0.0385220721364, 0.0236848257482, 0.0178811233491, 0.109991818666, 0.115162938833, 0.026312623173, 0.00706729851663], "var": [13.0461416245, 106.040153503, 99.6203918457, 58.9630699158, 82.6771011353, 1145.31567383, 2673.24169922, 1352.82202148, 1853.99072266, 1545.48925781, 1869.74133301, 3666.20288086, 1463.49829102, 894.340881348, 638.751953125, 297.928253174, 347.013061523, 307.258789062, 279.298828125, 213.305343628, 192.325561523, 291.152557373, 194.752975464, 201.097824097, 200.302612305, 170.326660156, 147.367431641, 165.914840698, 444.48135376, 141.887481689, 91.163772583, 5.43164825439, 0.0242074597627, 0.00745040131733, 0.00286163878627, 0.00108316016849, 0.0421281009912, 0.0404466241598, 0.00133295427077, 6.00790190219e-05], "dmean2": [2.38402032852, 8.10181903839, 8.71409320831, 6.38802146912, 8.75288963318, 25.3488712311, 29.2979850769, 24.8805484772, 27.5811023712, 27.54936409, 36.4868125916, 46.0688209534, 33.4436187744, 24.8346405029, 21.287065506, 15.023938179, 15.3987197876, 13.6228542328, 13.8264980316, 12.4995632172, 10.470823288, 12.5008745193, 11.2364559174, 10.1486787796, 11.0993843079, 11.090965271, 9.72519397736, 9.60529136658, 11.7981348038, 7.58273124695, 5.62410497665, 1.50751006603, 0.127890303731, 0.0688281357288, 0.0428375527263, 0.0269265305251, 0.128924041986, 0.127113997936, 0.0302659571171, 0.00592355430126], "dvar": [11.5138063431, 125.731117249, 127.639778137, 67.3012390137, 78.6848678589, 1006.29705811, 2331.56469727, 999.020385742, 1124.11474609, 918.090393066, 1918.61865234, 4033.37255859, 1601.12548828, 930.623535156, 640.80078125, 281.892913818, 314.60244751, 267.371520996, 239.978775024, 175.701263428, 234.915222168, 210.926528931, 174.111114502, 126.078788757, 137.130249023, 117.147666931, 101.421691895, 92.019241333, 209.087768555, 75.6569366455, 54.4655761719, 3.51395797729, 0.0200235918164, 0.0076521425508, 0.00294505408965, 0.000970977183897, 0.0242991745472, 0.0194933656603, 0.000841033470351, 3.90523382521e-05], "min": [2.11713341162e-22, 1.38719975968e-21, 3.45446698894e-21, 1.35306028309e-20, 1.58612787186e-20, 5.92984455389e-20, 2.6996583792e-20, 1.22405695907e-19, 2.50895201822e-19, 2.7776342