{"tonal": {"hpcp": {"dvar": [0.0295405946672, 0.0224322788417, 0.0130441719666, 0.0117759685963, 0.0249922387302, 0.0396230258048, 0.0426567234099, 0.0343622453511, 0.0258533395827, 0.0287647489458, 0.0289920754731, 0.0296191647649, 0.0409580171108, 0.0317099504173, 0.0349006280303, 0.0464963167906, 0.0431127287447, 0.0422355793417, 0.0375969260931, 0.0360160134733, 0.0411247648299, 0.0513858050108, 0.0463187023997, 0.0712147951126, 0.0646102055907, 0.0385519117117, 0.0332680270076, 0.0270402766764, 0.0246417187154, 0.0223284736276, 0.0228400789201, 0.0234113615006, 0.0390673540533, 0.0602298714221, 0.0364170148969, 0.0375187285244], "var": [0.0614058561623, 0.0284074060619, 0.0115174166858, 0.010421381332, 0.021423375234, 0.0648354366422, 0.105436809361, 0.0474497303367, 0.0221966207027, 0.0244969446212, 0.0227056425065, 0.0399181134999, 0.0870038196445, 0.0505258925259, 0.0455226451159, 0.104825355113, 0.0824426189065, 0.0446719303727, 0.0390921831131, 0.0363200418651, 0.0544625371695, 0.104391917586, 0.0774907246232, 0.0631242841482, 0.0501471571624, 0.0288575682789, 0.0307399220765, 0.0375648587942, 0.0260930862278, 0.020324787125, 0.017753418535, 0.0190448332578, 0.0642429366708, 0.128761604428, 0.0522144585848, 0.0477692112327], "median": [0.0658956840634, 0.0458611175418, 0.0316563472152, 0.0304050631821, 0.0327272191644, 0.096063375473, 0.160295605659, 0.109303489327, 0.0362367108464, 0.0333148911595, 0.0318582653999, 0.0426754876971, 0.0467038080096, 0.0490032210946, 0.0569849647582, 0.0531891658902, 0.0430489107966, 0.0568373166025, 0.048200853169, 0.049017496407, 0.109647259116, 0.192418396473, 0.16431774199, 0.0608799122274, 0.0360470637679, 0.0291702598333, 0.041024595499, 0.0552995949984, 0.0377005338669, 0.0209027249366, 0.0210132859647, 0.0390579998493, 0.0872787386179, 0.0895356908441, 0.0958120301366, 0.0752249509096], "max": [1, 1, 1, 1, 1, 1, 1, 1, 1, 1, 1, 1, 1, 1, 1, 1, 1, 1, 1, 1, 1, 1, 1, 1, 1, 1, 1, 1, 1, 1, 1, 1, 1, 1, 1, 1], "dmean": [0.112912975252, 0.0860039368272, 0.0581257008016, 0.054055377841, 0.0920035541058, 0.144610822201, 0.151599943638, 0.137254431844, 0.0915433242917, 0.0849488005042, 0.0879544615746, 0.101306654513, 0.106390215456, 0.11021502316, 0.119231320918, 0.125943288207, 0.126802921295, 0.129185751081, 0.120254322886, 0.118440568447, 0.156351789832, 0.180877223611, 0.177289292216, 0.197839722037, 0.165629193187, 0.0997924879193, 0.0978106111288, 0.0944161340594, 0.0788403972983, 0.0659540370107, 0.0641195699573, 0.0836725458503, 0.142247647047, 0.154138460755, 0.143018841743, 0.128563255072], "dmean2": [0.193466320634, 0.15087993443, 0.102547578514, 0.0957689136267, 0.165819659829, 0.254393428564, 0.258442401886, 0.236754789948, 0.16317242384, 0.154159009457, 0.15693256259, 0.174167811871, 0.188145652413, 0.192887455225, 0.211881026626, 0.220798254013, 0.222294121981, 0.228197261691, 0.209961950779, 0.205350533128, 0.268550992012, 0.301915228367, 0.306937336922, 0.356093645096, 0.300533413887, 0.181477665901, 0.173319593072, 0.164510548115, 0.140128448606, 0.117170140147, 0.115565948188, 0.149223133922, 0.23808260262, 0.268005490303, 0.255104899406, 0.225176498294], "mean": [0.174757272005, 0.114898681641, 0.0640597715974, 0.061737369746, 0.0874493643641, 0.212308704853, 0.307482779026, 0.196595579386, 0.0897909849882, 0.0835565403104, 0.0834616199136, 0.125280722976, 0.177175953984, 0.149418130517, 0.15385375917, 0.216742888093, 0.187635421753, 0.139942735434, 0.134640842676, 0.125502288342, 0.204726219177, 0.328480869532, 0.272867619991, 0.172705128789, 0.13057038188, 0.0862723365426, 0.108449541032, 0.128074839711, 0.0930029824376, 0.065760448575, 0.0628426894546, 0.0842951610684, 0.210049435496, 0.285260230303, 0.196806833148, 0.162791922688], "dvar2": [0.0746746510267, 0.0608911663294, 0.0357772968709, 0.0314801931381, 0.0703457295895, 0.110772542655, 0.106795579195, 0.0976560860872, 0.070541895926, 0.0779259130359, 0.0813145637512, 0.0788723006845, 0.100766927004, 0.0890911668539, 0.0991529226303, 0.120894894004, 0.117099039257, 0.115314692259, 0.101057633758, 0.0947950929403, 0.110949672759, 0.121000111103, 0.123856931925, 0.187704920769, 0.17293637991, 0.107492163777, 0.0946340188384, 0.0750634223223, 0.0656549707055, 0.0581259205937, 0.0635798275471, 0.0652917847037, 0.101598106325, 0.150390967727, 0.102594345808, 0.100316435099], "min": [8.33060857985e-06, 2.48738724622e-05, 5.31144978595e-05, 9.66072275332e-06, 3.16601363011e-05, 0.000410010456108, 0.0018430785276, 0.0017732597189, 2.43121630774e-05, 7.34958302928e-06, 1.0414451026e-05, 1.53345936269e-05, 9.40317750064e-06, 1.21531693367e-05, 4.72734573123e-05, 7.4081843195e-05, 2.7100686566e-05, 1.19815231301e-05, 0, 0, 0, 0, 3.74143965018e-05, 2.81687971437e-05, 2.61195509665e-05, 3.65937739844e-05, 3.8721213059e-05, 0.000157227535965, 8.56475089677e-05, 1.15637876661e-05, 4.39408086095e-06, 9.09128793865e-05, 5.39087341167e-05, 3.63714207197e-05, 2.08757101063e-05, 1.83880474651e-05]}, "key_key": "A", "thpcp": [1, 0.83069562912, 0.525769233704, 0.397497683764, 0.262640357018, 0.330154806376, 0.389900445938, 0.283130586147, 0.200195670128, 0.19131308794, 0.256621211767, 0.63945710659, 0.868422687054, 0.599142432213, 0.495590269566, 0.532016575336, 0.349788039923, 0.195018276572, 0.187948137522, 0.266223609447, 0.646335065365, 0.936075150967, 0.598499298096, 0.273352265358, 0.254372626543, 0.254083663225, 0.381394267082, 0.539379835129, 0.454876214266, 0.468379676342, 0.6598341465, 0.571221768856, 0.426030099392, 0.40988945961, 0.382068783045, 0.62325155735], "chords_key": "E", "tuning_equal_tempered_deviation": 0.0581936575472, "tuning_frequency": 440, "tuning_diatonic_strength": 0.502543509007, "chords_histogram": [9.03983688354, 21.1950969696, 33.9632263184, 1.99182844162, 6.43513774872, 0, 0, 0, 0, 0, 0, 0.204290091991, 0, 1.94075584412, 0, 2.0429008007, 0, 0.306435137987, 0.0510725229979, 1.07252299786, 0.663942813873, 7.76302337646, 13.3299283981, 0], "key_strength": 0.706113636494, "key_scale": "major", "chords_strength": {"dvar": 7.91294005467e-05, "var": 0.0118679478765, "median": 0.536767601967, "max": 0.81405210495, "dmean": 0.0104700792581, "dmean2": 0.00957468058914, "mean": 0.541984021664, "dvar2": 7.70358019508e-05, "min": 0.228316888213}, "chords_number_rate": 0.00510725239292, "tuning_nontempered_energy_ratio": 0.724655091763, "hpcp_entropy": {"dvar": 0.312586337328, "var": 0.588447093964, "median": 2.17623209953, "max": 4.54260492325, "dmean": 0.66062694788, "dmean2": 1.09239184856, "mean": 2.22737431526, "dvar2": 0.807827889919, "min": 0.0634787008166}, "chords_changes_rate": 0.0592441260815, "chords_scale": "major"}, "rhythm": {"bpm_histogram_first_peak_spread": {"dvar": 0, "var": 0, "median": 0.511627912521, "max": 0.511627912521, "dmean": 0, "dmean2": 0, "mean": 0.511627912521, "dvar2": 0, "min": 0.511627912521}, "bpm_histogram_first_peak_weight": {"dvar": 0, "var": 0, "median": 0.409756094217, "max": 0.409756094217, "dmean": 0, "dmean2": 0, "mean": 0.409756094217, "dvar2": 0, "min": 0.409756094217}, "bpm_histogram_first_peak_bpm": {"dvar": 0, "var": 0, "median": 140, "max": 140, "dmean": 0, "dmean2": 0, "mean": 140, "dvar2": 0, "min": 140}, "bpm": 138.101898193, "bpm_histogram_second_peak_weight": {"dvar": 0, "var": 0, "median": 0.0390243902802, "max": 0.0390243902802, "dmean": 0, "dmean2": 0, "mean": 0.0390243902802, "dvar2": 0, "min": 0.0390243902802}, "beats_loudness": {"dvar": 0.000117325071187, "var": 0.000291158998152, "median": 0.0250437296927, "max": 0.0724968090653, "dmean": 0.012309785001, "dmean2": 0.0227264650166, "mean": 0.0261373072863, "dvar2": 0.000315546873026, "min": 3.61677393812e-06}, "beats_loudness_band_ratio": {"dvar": [0.0204709582031, 0.0116163128987, 0.00707106338814, 0.00887405965477, 0.00848182290792, 0.00326015916653], "var": [0.03818295151, 0.0358413942158, 0.00770433759317, 0.00725803617388, 0.0110998153687, 0.00557189434767], "median": [0.49760812521, 0.148704588413, 0.0683531686664, 0.0494081601501, 0.118515335023, 0.0651190429926], "max": [0.98956155777, 0.852229177952, 0.623031139374, 0.683380067348, 0.597880840302, 0.454691261053], "dmean": [0.174208179116, 0.100535012782, 0.0717718526721, 0.0649942681193, 0.0881300792098, 0.0442634038627], "dmean2": [0.303602904081, 0.171362966299, 0.128053233027, 0.115557849407, 0.152998566628, 0.072457447648], "mean": [0.477117270231, 0.200348302722, 0.0980441048741, 0.0787887051702, 0.141189903021, 0.0781090259552], "dvar2": [0.0523073486984, 0.0291955303401, 0.0184032917023, 0.0267226044089, 0.0244024507701, 0.00696549331769], "min": [0.0166274420917, 0.00688885338604, 0.000384382903576, 0.000229287863476, 0.000292058597552, 0.00012736354256]}, "bpm_histogram_second_peak_bpm": {"dvar": 0, "var": 0, "median": 115, "max": 115, "dmean": 0, "dmean2": 0, "mean": 115, "dvar2": 0, "min": 115}, "onset_rate": 3.28994774818, "beats_count": 206, "beats_position": [0.452789098024, 0.917188167572, 1.369977355, 1.83437633514, 2.27555561066, 2.71673464775, 3.15791368484, 3.59909296036, 4.04027223587, 4.48145103455, 4.93424034119, 5.38702917099, 5.8282084465, 6.26938772202, 6.71056699753, 7.16335582733, 7.61614513397, 8.05732440948, 8.498503685, 8.93968200684, 9.38086128235, 9.82204055786, 10.2632198334, 10.6927890778, 11.1223583221, 11.5635375977, 12.0047159195, 12.445895195, 12.8754644394, 13.3050336838, 13.7462129593, 14.1873922348, 14.6169614792, 15.0465307236, 15.4760990143, 15.9056682587, 16.3468475342, 16.7880268097, 17.2292060852, 17.6587753296, 18.088344574, 18.5179138184, 18.9474830627, 19.3886623383, 19.8298416138, 20.2594108582, 20.7005901337, 21.1301574707, 21.5597267151, 21.9892959595, 22.430475235, 22.8716545105, 23.312833786, 23.7540130615, 24.195192337, 24.6363716125, 25.0775508881, 25.5071201324, 25.9366893768, 26.3662586212, 26.7958278656, 27.22539711, 27.6665763855, 28.0961437225, 28.5257129669, 28.9552822113, 29.3964614868, 29.8260307312, 30.2555999756, 30.6967792511, 31.1379585266, 31.5791378021, 32.0087051392, 32.4382743835, 32.8678436279, 33.2974128723, 33.7385940552, 34.1797714233, 34.6209526062, 35.0505218506, 35.480091095, 35.9212684631, 36.3508377075, 36.7804069519, 37.2215881348, 37.6627655029, 38.1039466858, 38.545124054, 38.9746932983, 39.4042625427, 39.8454399109, 40.2750091553, 40.7045783997, 41.1457595825, 41.5869369507, 42.0165061951, 42.4460754395, 42.8872566223, 43.3168258667, 43.7463951111, 44.1875724792, 44.6171417236, 45.046710968, 45.4878921509, 45.929069519, 46.3702468872, 46.8114280701, 47.2409973145, 47.6705665588, 48.111743927, 48.5529251099, 48.9708824158, 49.4120635986, 49.8532409668, 50.2828102112, 50.7123794556, 51.1535606384, 51.5947380066, 52.0359191895, 52.4770965576, 52.8950538635, 53.3246231079, 53.7541923523, 54.1837615967, 54.6133308411, 55.0545120239, 55.4956893921, 55.936870575, 56.3664398193, 56.7960090637, 57.2255783081, 57.6551475525, 58.0847167969, 58.5142860413, 58.9322433472, 59.3618125916, 59.7913818359, 60.2209510803, 60.6505203247, 61.0916976929, 61.5212669373, 61.9624481201, 62.3920173645, 62.8215866089, 63.2511558533, 63.6691131592, 64.1102905273, 64.5514755249, 64.9926528931, 65.4222183228, 65.8517913818, 66.29296875, 66.7341461182, 67.1753311157, 67.6165084839, 68.0460739136, 68.4756469727, 68.9168243408, 69.358001709, 69.7991790771, 70.2171401978, 70.6467132568, 71.0762786865, 71.4942398071, 71.9354171753, 72.3649902344, 72.7945556641, 73.2241287231, 73.6536941528, 74.0716552734, 74.5012207031, 74.9307937622, 75.3603591919, 75.789932251, 76.2311096191, 76.6606826782, 77.1018600464, 77.5314254761, 77.9609985352, 78.3905639648, 78.7853012085, 79.1684341431, 79.5515594482, 79.9463043213, 80.433921814, 80.9215393066, 81.4091567993, 81.9199981689, 82.4424438477, 82.9648971558, 83.4873428345, 84.0097961426, 84.5322418213, 85.0546951294, 85.5771408081, 86.0995864868, 86.5523757935, 87.0051651001, 87.4579544067, 87.8526992798, 88.2590484619, 88.6537857056, 89.0485229492, 89.4548721313, 89.8612213135, 90.2675704956], "danceability": 0.944093763828, "bpm_histogram_second_peak_spread": {"dvar": 0, "var": 0, "median": 0.111111104488, "max": 0.111111104488, "dmean": 0, "dmean2": 0, "mean": 0.111111104488, "dvar2": 0, "min": 0.111111104488}}, "lowlevel": {"spectral_flux": {"dvar": 0.000764689815696, "var": 0.00229876139201, "median": 0.0630869492888, "max": 0.232933759689, "dmean": 0.0205531995744, "dmean2": 0.0317271389067, "mean": 0.0692564174533, "dvar2": 0.00141237792559, "min": 0.000767923309468}, "spectral_rolloff": {"dvar": 1292085.25, "var": 4718353, "median": 2110.25390625, "max": 15869.9707031, "dmean": 603.67791748, "dmean2": 1020.67651367, "mean": 2259.85522461, "dvar2": 3263440.25, "min": 107.666015625}, "barkbands_flatness_db": {"dvar": 0.000372760405298, "var": 0.00369609333575, "median": 0.0915649980307, "max": 0.410358846188, "dmean": 0.0171593688428, "dmean2": 0.0263437405229, "mean": 0.111358344555, "dvar2": 0.000909699592739, "min": 0.0208905618638}, "spectral_centroid": {"dvar": 58974.7851562, "var": 567409.4375, "median": 1735.60998535, "max": 4078.65600586, "dmean": 225.441589355, "dmean2": 338.707885742, "mean": 1674.43127441, "dvar2": 127123.023438, "min": 138.2318573}, "melbands_skewness": {"dvar": 0.911418437958, "var": 4.31977796555, "median": 2.13251709938, "max": 20.2527484894, "dmean": 0.738251984119, "dmean2": 1.16407191753, "mean": 2.5948445797, "dvar2": 2.30232715607, "min": -1.68009722233}, "melbands": {"dvar": [2.67184259428e-06, 4.02816067435e-06, 2.70568011729e-06, 4.61199419988e-07, 6.91317652013e-08, 1.98632026382e-08, 2.607280436e-08, 1.2846221864e-08, 3.54835165695e-08, 2.70620859055e-08, 1.07868478594e-08, 3.84216258809e-09, 2.8333775326e-09, 3.62295859979e-09, 4.16187839747e-09, 3.31202509862e-09, 2.61025823178e-09, 4.09510647614e-09, 3.15838488696e-09, 3.35981886757e-09, 1.89036497567e-09, 1.0177569898e-09, 1.30859201253e-09, 7.25022986092e-10, 7.64811769471e-10, 3.46657674788e-10, 9.54516465868e-11, 2.45632229834e-11, 2.40350829517e-11, 1.67697661313e-11, 2.30962853009e-11, 1.66218358522e-11, 1.77190762063e-11, 8.982552549e-12, 5.46823480593e-12, 1.11606535645e-12, 2.38617871122e-12, 3.11962977152e-12, 5.263015284e-12, 6.64421686072e-12], "var": [1.94825884137e-06, 2.84447878585e-06, 2.32403340306e-06, 9.60840338848e-07, 7.03448037598e-08, 3.75569619848e-08, 5.12065483349e-08, 2.72599613993e-08, 1.34174982236e-07, 1.1571531644e-07, 3.17834967234e-08, 6.1936082929e-09, 7.22789117447e-09, 6.61302124172e-09, 1.37215900864e-08, 1.09556790306e-08, 8.55947401845e-09, 9.98940041796e-09, 9.93060389476e-09, 8.1012103692e-09, 6.38494368488e-09, 3.69605279715e-09, 3.98563004822e-09, 2.18506324146e-09, 2.05232186801e-09, 1.32972333144e-09, 2.62549038066e-10, 7.13606881919e-11, 8.41706288002e-11, 6.15440476359e-11, 5.86855286588e-11, 4.08101712146e-11, 3.50405850169e-11, 1.83622544253e-11, 1.08916903274e-11, 2.64394734405e-12, 3.9420493779e-12, 5.63534678991e-12, 1.11082714208e-11, 1.41549020768e-11], "median": [0.000443671073299, 0.000804774113931, 0.000595643767156, 0.000472292071208, 0.000142244374729, 6.87302090228e-05, 6.18037593085e-05, 2.96544203593e-05, 5.38275380677e-05, 5.79449006182e-05, 2.90003117698e-05, 1.8735163394e-05, 3.15935903927e-05, 2.28488042922e-05, 2.68432777375e-05, 2.05382639251e-05, 1.85852622963e-05, 2.06373733818e-05, 2.37333788391e-05, 2.76706850855e-05, 3.21539846482e-05, 2.53133221122e-05, 2.37241947616e-05, 1.19236583487e-05, 1.06904990389e-05, 8.74004945217e-06, 5.27105976289e-06, 3.23918243339e-06, 2.89620425065e-06, 3.11312396661e-06, 1.83742065474e-06, 1.34005881591e-06, 1.30897990402e-06, 9.87659404927e-07, 6.24904657798e-07, 5.51614732558e-07, 5.33424383775e-07, 5.43375847428e-07, 5.1664824241e-07, 3.85888768051e-07], "max": [0.0123488651589, 0.0162217058241, 0.0177870523185, 0.00810530595481, 0.00364974141121, 0.0030579585582, 0.00362197426148, 0.00349173438735, 0.00573373958468, 0.00368600804359, 0.00359210697934, 0.00190085393842, 0.00119382923003, 0.00187820731662, 0.00194753240794, 0.00132991408464, 0.0013086120598, 0.00137456564698, 0.00114902295172, 0.001713897218, 0.00108414981514, 0.000628312176559, 0.000556905928534, 0.000540888402611, 0.00055730342865, 0.000418644689489, 0.000197493529413, 8.51242803037e-05, 9.73828209681e-05, 0.000106208681245, 0.000142993725603, 0.000124107958982, 0.000103034180938, 7.50276667532e-05, 6.2927887484e-05, 2.43963586399e-05, 3.48039648088e-05, 5.89372357354e-05, 7.53594722482e-05, 6.35335236439e-05], "dmean": [0.000602588232141, 0.000761133793276, 0.000673894071952, 0.000411273882492, 0.000117429408419, 6.50285583106e-05, 7.2256756539e-05, 3.82473626814e-05, 7.69730395405e-05, 7.87437238614e-05, 3.60816666216e-05, 2.18485292862e-05, 2.82905184577e-05, 2.36771538766e-05, 2.926171328e-05, 2.36977921304e-05, 2.30959904002e-05, 2.78600382444e-05, 2.70106647804e-05, 2.68492822215e-05, 2.55141530943e-05, 1.91235631064e-05, 2.11669321288e-05, 1.20770300782e-05, 1.34983029056e-05, 9.81888933893e-06, 5.24472443431e-06, 2.75314300779e-06, 2.68092139777e-06, 2.30726618611e-06, 1.9350054572e-06, 1.51159565576e-06, 1.54773670147e-06, 1.00017757632e-06, 7.85669271863e-07, 4.78482206745e-07, 5.20139963101e-07, 4.98515419167e-07, 5.86119881518e-07, 5.9261003571e-07], "dmean2": [0.0010784084443, 0.00136986607686, 0.00114591361489, 0.00064612593269, 0.000196465334739, 0.000103193604446, 0.000111188026494, 6.02191757935e-05, 0.000112485315185, 0.000119274518511, 5.61537344765e-05, 3.29128706653e-05, 4.35949041275e-05, 3.70895577362e-05, 4.51090709248e-05, 3.4827629861e-05, 3.39592625096e-05, 4.21813238063e-05, 4.11674191128e-05, 4.17696792283e-05, 3.98165357183e-05, 3.0175295251e-05, 3.4581629734e-05, 1.91463786905e-05, 2.18342065637e-05, 1.5794634237e-05, 8.57895520312e-06, 4.51771256849e-06, 4.32335582445e-06, 3.67795178136e-06, 3.02556145471e-06, 2.33398986893e-06, 2.43282829615e-06, 1.52756786065e-06, 1.19642731988e-06, 7.2800213502e-07, 8.08982690614e-07, 7.49891910345e-07, 8.45461670451e-07, 8.51160677939e-07], "mean": [0.000789242447354, 0.00112918391824, 0.000981569639407, 0.000817802618258, 0.000207585224416, 0.000120972064906, 0.000127083461848, 6.57549971947e-05, 0.000161624077009, 0.000167506907019, 6.59191573504e-05, 3.90934583265e-05, 5.444375347e-05, 4.33469831478e-05, 5.75966078031e-05, 4.7664369049e-05, 4.5647368097e-05, 5.05814059579e-05, 5.34431928827e-05, 5.37889900443e-05, 5.85740854149e-05, 4.55992085335e-05, 4.57332134829e-05, 2.5410856324e-05, 2.76399132417e-05, 2.40325443883e-05, 1.15775810627e-05, 6.00335852141e-06, 6.45298860036e-06, 5.66717926631e-06, 4.35630636275e-06, 3.33826596943e-06, 3.19663195114e-06, 2.13613861888e-06, 1.64089669852e-06, 1.12152918064e-06, 1.11180725071e-06, 1.04016237401e-06, 1.13880696517e-06, 1.063048785e-06], "dvar2": [7.72432213125e-06, 1.16307928693e-05, 7.24363690097e-06, 1.11263557301e-06, 1.89000417095e-07, 4.57660398467e-08, 5.5990344805e-08, 2.73155382757e-08, 6.83772398702e-08, 5.63171091983e-08, 2.20037286169e-08, 9.01431462808e-09, 6.34667873811e-09, 8.20940471158e-09, 9.46307032734e-09, 5.89100546122e-09, 4.91659557511e-09, 9.23584142498e-09, 6.49584608325e-09, 7.29022708867e-09, 4.51070958363e-09, 2.30767316367e-09, 3.38938432876e-09, 1.65422331388e-09, 1.92050952919e-09, 9.20415410555e-10, 2.6274524223e-10, 6.5074508282e-11, 6.24272439298e-11, 4.03125796633e-11, 5.29055375897e-11, 3.41768384426e-11, 4.1285159319e-11, 1.88670710999e-11, 1.10163388828e-11, 2.51323246069e-12, 5.28617210768e-12, 6.2946024261e-12, 1.00187367083e-11, 1.32380434739e-11], "min": [4.31209443152e-11, 6.69336808201e-11, 4.74886067969e-11, 3.75329559099e-11, 4.58380590429e-11, 2.85813733791e-11, 8.64417044888e-12, 3.02446219111e-12, 1.65730114094e-12, 2.56148682994e-12, 6.7383073947e-12, 1.06998897589e-11, 7.61265789989e-12, 2.6749765597e-12, 1.00359152412e-12, 3.60560512653e-13, 3.29358963063e-13, 1.32079622846e-12, 7.95471544537e-13, 3.28928681168e-12, 2.53848331244e-12, 1.58628915125e-12, 8.34336885604e-13, 8.22989842508e-13, 2.65712473725e-12, 3.95935758138e-12, 1.22228908852e-12, 3.28483551124e-12, 4.03526517756e-12, 2.22078757293e-12, 1.09966311231e-12, 4.2057034938e-12, 3.82742318741e-12, 1.96382363496e-12, 2.40307535156e-12, 2.33127124376e-12, 3.61562667826e-12, 2.97389326706e-12, 1.87539870786e-12, 2.89240983595e-12]}, "spectral_decrease": {"dvar": 7.01052857213e-18, "var": 1.22244845467e-17, "median": -4.36279545823e-09, "max": -2.62610945063e-16, "dmean": 1.53118484558e-09, "dmean2": 2.56203080973e-09, "mean": -4.78513006996e-09, "dvar2": 1.89166892037e-17, "min": -1.99820942015e-08}, "barkbands_kurtosis": {"dvar": 79.8144073486, "var": 521.474975586, "median": -0.248661279678, "max": 496.49206543, "dmean": 2.58335661888, "dmean2": 3.87710762024, "mean": 4.39327573776, "dvar2": 149.735321045, "min": -1.93012440205}, "silence_rate_30dB": {"dvar": 0, "var": 0, "median": 1, "max": 1, "dmean": 0, "dmean2": 0, "mean": 1, "dvar2": 0, "min": 1}, "gfcc": {"mean": [-17.0546016693, 74.1665878296, -110.520622253, 32.3026351929, -36.9603233337, 5.20104074478, -38.0885543823, 10.3653373718, -27.2399196625, -2.67858600616, -22.436214447, -1.59089541435, -13.5446004868], "cov": [[15178.6914062, 244.087142944, -2153.69018555, 830.507507324, -757.826904297, 901.992248535, -343.797943115, 318.900268555, -52.6262245178, 133.078399658, -184.525512695, 51.8625221252, -108.028793335], [244.087142944, 1609.99816895, -307.971038818, -354.007019043, 61.6208496094, -410.896697998, -66.0589294434, -162.273895264, -151.380767822, -138.960876465, 28.6188201904, -62.8309593201, 25.8404216766], [-2153.69018555, -307.971038818, 1138.03894043, -3.45908403397, 130.003692627, 62.1732559204, 48.228603363, -11.0243654251, 18.1802997589, 18.4209079742, -10.4326324463, 57.1867485046, -21.7027244568], [830.507507324, -354.007019043, -3.45908403397, 462.318847656, -82.688041687, 202.288391113, 14.1793737411, 57.9142799377, 58.6406898499, 26.0004425049, 20.3642234802, 17.6383934021, 10.1330919266], [-757.826904297, 61.6208496094, 130.003692627, -82.688041687, 237.136749268, -38.0129585266, 16.4641036987, -8.85450458527, 8.31671524048, 13.1392335892, -13.6051664352, -1.15702593327, 9.77797794342], [901.992248535, -410.896697998, 62.1732559204, 202.288391113, -38.0129585266, 361.034088135, 42.0311584473, 85.4319610596, 57.7649002075, 55.6480636597, -10.3009653091, 19.3261737823, -5.18853998184], [-343.797943115, -66.0589294434, 48.228603363, 14.1793737411, 16.4641036987, 42.0311584473, 126.107460022, 34.7146835327, 5.98827219009, 8.4250535965, 23.6791133881, 9.36459827423, -2.43678879738], [318.900268555, -162.273895264, -11.0243654251, 57.9142799377, -8.85450458527, 85.4319610596, 34.7146835327, 118.33441925, 60.4106864929, 29.7029724121, 2.97188329697, 14.5668125153, 0.581777572632], [-52.6262245178, -151.380767822, 18.1802997589, 58.6406898499, 8.31671524048, 57.7649002075, 5.98827219009, 60.4106864929, 117.508659363, 47.0411300659, -5.34407424927, -0.988279104233, 5.76630496979], [133.078399658, -138.960876465, 18.4209079742, 26.0004425049, 13.1392335892, 55.6480636597, 8.4250535965, 29.7029724121, 47.0411300659, 75.9281311035, 8.71356868744, 2.77188324928, -3.7324693203], [-184.525512695, 28.6188201904, -10.4326324463, 20.3642234802, -13.6051664352, -10.3009653091, 23.6791133881, 2.97188329697, -5.34407424927, 8.71356868744, 65.7733917236, 19.2129077911, 5.08206510544], [51.8625221252, -62.8309593201, 57.1867485046, 17.6383934021, -1.15702593327, 19.3261737823, 9.36459827423, 14.5668125153, -0.988279104233, 2.77188324928, 19.2129077911, 59.3779563904, 11.9094314575], [-108.028793335, 25.8404216766, -21.7027244568, 10.1330919266, 9.77797794342, -5.18853998184, -2.43678879738, 0.581777572632, 5.76630496979, -3.7324693203, 5.08206510544, 11.9094314575, 46.1223983765]], "icov": [[0.000409819738707, -0.000583495944738, 0.000688916188665, -0.000636973010842, 0.000696729111951, -0.000984888640232, 0.000979090342298, -0.00111097306944, 0.00129445572384, -0.0017152474029, 0.00216854247265, -0.00190014601685, 0.00150920310989], [-0.000583495944738, 0.00199816841632, -0.000764399301261, 0.00137495296076, -0.00128300953656, 0.00195343326777, -0.00113698700443, 0.00192579953, -0.00158236955758, 0.0037486392539, -0.00418495340273, 0.003698856337, -0.00273331813514], [0.000688916188665, -0.000764399301261, 0.00227786437608, -0.00100791570731, 0.000528515607584, -0.0017432939494, 0.00129425851628, -0.00112654117402, 0.00180720246863, -0.00256670918316, 0.00388210033998, -0.00444223172963, 0.00339520373382], [-0.000636973010842, 0.00137495296076, -0.00100791570731, 0.00442564301193, -0.000424863828812, -4.56237612525e-05, -0.00104976922739, 0.00195280543994, -0.00315109500661, 0.00409041717649, -0.00528261577711, 0.00348767731339, -0.00329751847312], [0.000696729111951, -0.00128300953656, 0.000528515607584, -0.000424863828812, 0.00649173604324, -0.00127601681743, 0.000574042904191, -0.00164580729324, 0.00186406844296, -0.00477681634948, 0.00537838274613, -0.00314547051676, 0.000823996495456], [-0.000984888640232, 0.00195343326777, -0.0017432939494, -4.56237612525e-05, -0.00127601681743, 0.00753368670121, -0.00339011568576, 0.000916886667255, -0.00222587538883, 0.00187077966984, -0.00311744585633, 0.00405032699928, -0.00355685828254], [0.000979090342298, -0.00113698700443, 0.00129425851628, -0.00104976922739, 0.000574042904191, -0.00339011568576, 0.0124998576939, -0.00581838143989, 0.00420325249434, -0.00281995697878, 0.000454157445347, -0.00317321973853, 0.004016244784], [-0.00111097306944, 0.00192579953, -0.00112654117402, 0.00195280543994, -0.00164580729324, 0.000916886667255, -0.00581838143989, 0.0177855212241, -0.0101142479107, 0.0050607714802, -0.00539739662781, 0.00165619805921, -0.00287878303789], [0.00129445572384, -0.00158236955758, 0.00180720246863, -0.00315109500661, 0.00186406844296, -0.00222587538883, 0.00420325249434, -0.0101142479107, 0.0196721442044, -0.0127134891227, 0.00866790674627, -0.00322591979057, 0.00155476864893], [-0.0017152474029, 0.0037486392539, -0.00256670918316, 0.00409041717649, -0.00477681634948, 0.00187077966984, -0.00281995697878, 0.0050607714802, -0.0127134891227, 0.0291465930641, -0.0153631828725, 0.00942537654191, -0.00400657625869], [0.00216854247265, -0.00418495340273, 0.00388210033998, -0.00528261577711, 0.00537838274613, -0.00311744585633, 0.000454157445347, -0.00539739662781, 0.00866790674627, -0.0153631828725, 0.0333513841033, -0.0175635479391, 0.00754563976079], [-0.00190014601685, 0.003698856337, -0.00444223172963, 0.00348767731339, -0.00314547051676, 0.00405032699928, -0.00317321973853, 0.00165619805921, -0.00322591979057, 0.00942537654191, -0.0175635479391, 0.0323060527444, -0.013685984537], [0.00150920310989, -0.00273331813514, 0.00339520373382, -0.00329751847312, 0.000823996495456, -0.00355685828254, 0.004016244784, -0.00287878303789, 0.00155476864893, -0.00400657625869, 0.00754563976079, -0.013685984537, 0.0309273060411]]}, "silence_rate_20dB": {"dvar": 0, "var": 0, "median": 1, "max": 1, "dmean": 0, "dmean2": 0, "mean": 1, "dvar2": 0, "min": 1}, "barkbands_skewness": {"dvar": 0.42973870039, "var": 2.72364497185, "median": 0.897428870201, "max": 19.1551990509, "dmean": 0.519298732281, "dmean2": 0.80761796236, "mean": 1.26030874252, "dvar2": 1.01116752625, "min": -3.62024331093}, "erbbands_skewness": {"dvar": 0.0845774635673, "var": 0.816888689995, "median": -0.366846650839, "max": 6.44576263428, "dmean": 0.280489504337, "dmean2": 0.420993924141, "mean": -0.219182059169, "dvar2": 0.175548195839, "min": -2.91402316093}, "spectral_contrast_valleys": {"dvar": [0.0982821062207, 0.0784147456288, 0.0681383237243, 0.0756082609296, 0.0649418309331, 0.0697735324502], "var": [1.60844779015, 1.47425127029, 1.61645758152, 1.8274294138, 1.78946566582, 1.74096524715], "median": [-7.05467367172, -6.90472698212, -7.2685546875, -7.24613714218, -7.10736989975, -9.75597667694], "max": [-5.63084697723, -4.90553712845, -5.57877969742, -5.88630437851, -5.69529438019, -7.58077716827], "dmean": [0.35247901082, 0.320129692554, 0.294672578573, 0.282849013805, 0.231539741158, 0.198024660349], "dmean2": [0.575879514217, 0.518952012062, 0.473322063684, 0.442751079798, 0.33782273531, 0.269378960133], "mean": [-7.5018029213, -7.21933269501, -7.62854862213, -7.762591362, -7.55344247818, -10.2825145721], "dvar2": [0.241844564676, 0.185536637902, 0.158072978258, 0.150339916348, 0.11486402154, 0.112543553114], "min": [-14.1072120667, -14.1144857407, -14.4325637817, -15.2457075119, -14.2836437225, -15.4800319672]}, "spectral_strongpeak": {"dvar": 0.98308801651, "var": 1.45839214325, "median": 0.323382943869, "max": 9.70071029663, "dmean": 0.449865579605, "dmean2": 0.784497439861, "mean": 0.744149327278, "dvar2": 2.51662659645, "min": 0}, "erbbands_crest": {"dvar": 3.50131368637, "var": 10.9961977005, "median": 7.14888238907, "max": 23.7910251617, "dmean": 1.91515445709, "dmean2": 3.060536623, "mean": 7.90087366104, "dvar2": 8.91616725922, "min": 2.0506837368}, "barkbands_crest": {"dvar": 6.9466881752, "var": 21.0981655121, "median": 7.91889572144, "max": 24.8129882812, "dmean": 2.37681722641, "dmean2": 3.94818043709, "mean": 9.23381900787, "dvar2": 19.2073345184, "min": 2.32726502419}, "spectral_energyband_middle_low": {"dvar": 4.14052483393e-05, "var": 6.0668146034e-05, "median": 0.00597712351009, "max": 0.06766397506, "dmean": 0.00330434297211, "dmean2": 0.0052911224775, "mean": 0.00808578263968, "dvar2": 0.000103333164589, "min": 5.3122423127e-10}, "spectral_contrast_coeffs": {"dvar": [0.00172532640863, 0.00115090084728, 0.000743600074202, 0.000614154327195, 0.000343375868397, 0.000263692432782], "var": [0.00754584837705, 0.00445349887013, 0.00327761378139, 0.00298688514158, 0.00211075134575, 0.00214043515734], "median": [-0.637413442135, -0.757015585899, -0.789015471935, -0.783206582069, -0.7769485116, -0.763231992722], "max": [-0.365415483713, -0.488529860973, -0.554737269878, -0.603058636189, -0.640096485615, -0.619080960751], "dmean": [0.0458478629589, 0.0403289869428, 0.0329862497747, 0.0297815203667, 0.0214912071824, 0.0163239985704], "dmean2": [0.0752385184169, 0.0649800077081, 0.0532568059862, 0.0480556562543, 0.0350476875901, 0.0254747923464], "mean": [-0.632245659828, -0.753835737705, -0.786326825619, -0.779657781124, -0.779126405716, -0.771273672581], "dvar2": [0.00439451774582, 0.00287908082828, 0.00185082422104, 0.0014201104641, 0.000804812123533, 0.00055213709129], "min": [-0.959694206715, -0.936035275459, -0.960337102413, -0.931704878807, -0.924443542957, -0.914280831814]}, "hfc": {"dvar": 43.810760498, "var": 352.351837158, "median": 16.8926582336, "max": 124.151496887, "dmean": 4.28232908249, "dmean2": 6.00518941879, "mean": 21.2372913361, "dvar2": 82.0387878418, "min": 2.47428106377e-05}, "spectral_energyband_high": {"dvar": 4.40467999852e-07, "var": 1.49015590978e-06, "median": 0.000483223324409, "max": 0.0139417881146, "dmean": 0.000276161241345, "dmean2": 0.00037768855691, "mean": 0.000856782426126, "dvar2": 7.66823575304e-07, "min": 2.00690575269e-09}, "erbbands_spread": {"dvar": 80.3713150024, "var": 320.392791748, "median": 34.9164657593, "max": 159.786087036, "dmean": 7.43538093567, "dmean2": 11.2042007446, "mean": 37.9678840637, "dvar2": 168.18421936, "min": 4.14218330383}, "dissonance": {"dvar": 0.000166852027178, "var": 0.000577944389079, "median": 0.483204215765, "max": 0.499999940395, "dmean": 0.0112371258438, "dmean2": 0.018754420802, "mean": 0.476016849279, "dvar2": 0.000438618590124, "min": 0.254189103842}, "spectral_kurtosis": {"dvar": 4.10324621201, "var": 21.3883037567, "median": 4.59011554718, "max": 41.2265167236, "dmean": 1.48266088963, "dmean2": 2.42157578468, "mean": 5.90141487122, "dvar2": 11.0005683899, "min": -1.21036195755}, "spectral_skewness": {"dvar": 0.0501271858811, "var": 0.353494763374, "median": 1.56040203571, "max": 5.65617179871, "dmean": 0.186547115445, "dmean2": 0.292707622051, "mean": 1.66243577003, "dvar2": 0.109087608755, "min": 0.183044672012}, "pitch_salience": {"dvar": 0.00526640377939, "var": 0.0123766902834, "median": 0.57851755619, "max": 0.902614057064, "dmean": 0.0660647079349, "dmean2": 0.110971346498, "mean": 0.561899721622, "dvar2": 0.0148936668411, "min": 0.0668649747968}, "spectral_complexity": {"dvar": 12.2085618973, "var": 181.593841553, "median": 23, "max": 61, "dmean": 3.23300981522, "dmean2": 4.98287773132, "mean": 22.4352493286, "dvar2": 25.6913776398, "min": 0}, "spectral_spread": {"dvar": 496220143616, "var": 3627415764990.0, "median": 4144300.5, "max": 17402226, "dmean": 468958.21875, "dmean2": 664943, "mean": 4560153, "dvar2": 770970681344, "min": 1890063.5}, "dynamic_complexity": 4.75535726547, "melbands_crest": {"dvar": 11.0507974625, "var": 28.6981220245, "median": 12.4193334579, "max": 31.4237003326, "dmean": 3.1441655159, "dmean2": 5.2388215065, "mean": 13.5262212753, "dvar2": 29.5074272156, "min": 3.35254526138}, "zerocrossingrate": {"dvar": 0.000166257159435, "var": 0.00239755073562, "median": 0.07275390625, "max": 0.3798828125, "dmean": 0.0106110721827, "dmean2": 0.0124683296308, "mean": 0.0780850872397, "dvar2": 0.000198462570552, "min": 0.00341796875}, "spectral_energyband_low": {"dvar": 7.95890009613e-05, "var": 6.38862329652e-05, "median": 0.00472691515461, "max": 0.0662040188909, "dmean": 0.00374237424694, "dmean2": 0.00668789213523, "mean": 0.00620962725952, "dvar2": 0.000228960328968, "min": 3.6604949627e-10}, "melbands_kurtosis": {"dvar": 407.650543213, "var": 2915.82958984, "median": 4.50176620483, "max": 806.50793457, "dmean": 7.05090427399, "dmean2": 11.0735940933, "mean": 15.2872047424, "dvar2": 897.75012207, "min": -1.76673209667}, "spectral_energyband_middle_high": {"dvar": 3.24733150592e-06, "var": 3.19363352901e-05, "median": 0.00458562979475, "max": 0.0321583636105, "dmean": 0.00128912110813, "dmean2": 0.0019091978902, "mean": 0.00585464434698, "dvar2": 6.67254880682e-06, "min": 3.56264545642e-10}, "barkbands_spread": {"dvar": 67.0157775879, "var": 413.279388428, "median": 30.6698150635, "max": 119.773658752, "dmean": 6.02890348434, "dmean2": 9.42412185669, "mean": 32.1267623901, "dvar2": 149.734924316, "min": 0.59203517437}, "mfcc": {"mean": [-666.225219727, 113.96963501, -10.6117143631, 31.4367542267, 15.8323631287, 1.91403865814, 2.72521829605, 5.41422510147, 3.06435751915, -2.53615546227, -1.92829215527, -2.3540661335, -3.59650230408], "cov": [[17550.1738281, -1037.6517334, -1239.96911621, -303.81552124, -252.387908936, 281.181121826, -192.888748169, 223.276428223, 61.5762825012, 106.874519348, 209.523742676, -46.6497306824, -133.646026611], [-1037.6517334, 1795.00158691, -294.610290527, -10.615275383, -66.0305709839, -282.451446533, -14.0336227417, -174.818237305, -147.612335205, -175.633087158, -166.809936523, -28.1672782898, -36.0768852234], [-1239.96911621, -294.610290527, 799.41973877, 64.3555755615, 101.032035828, 125.167404175, 49.858039856, 74.8389205933, 25.1863155365, 17.0345745087, 19.6106319427, 2.76533961296, 62.0489692688], [-303.81552124, -10.615275383, 64.3555755615, 218.20652771, 19.4195384979, -10.1129560471, 1.76241827011, 2.61501812935, -16.7392921448, -10.0017642975, -19.2898845673, 7.6077914238, 20.0497188568], [-252.387908936, -66.0305709839, 101.032035828, 19.4195384979, 178.735610962, 61.6580924988, -4.88493156433, 9.12352657318, 46.309047699, 25.0936279297, 7.25249814987, -4.4218416214, 12.8833494186], [281.181121826, -282.451446533, 125.167404175, -10.1129560471, 61.6580924988, 180.192367554, 47.3246536255, 39.9027633667, 38.1132125854, 44.476436615, 43.2024612427, -6.29390048981, -6.42340230942], [-192.888748169, -14.0336227417, 49.858039856, 1.76241827011, -4.88493156433, 47.3246536255, 122.862342834, 39.9772720337, -5.22681570053, -1.45037007332, 12.7696523666, 6.25696516037, -4.48024177551], [223.276428223, -174.818237305, 74.8389205933, 2.61501812935, 9.12352657318, 39.9027633667, 39.9772720337, 111.300483704, 35.4137153625, 24.8884735107, 26.6111221313, 10.3975801468, 15.8968582153], [61.5762825012, -147.612335205, 25.1863155365, -16.7392921448, 46.309047699, 38.1132125854, -5.22681570053, 35.4137153625, 96.8722686768, 53.2341346741, 23.7857475281, 6.60694503784, 10.0113182068], [106.874519348, -175.633087158, 17.0345745087, -10.0017642975, 25.0936279297, 44.476436615, -1.45037007332, 24.8884735107, 53.2341346741, 108.487121582, 50.877456665, 2.33216309547, 6.42433929443], [209.523742676, -166.809936523, 19.6106319427, -19.2898845673, 7.25249814987, 43.2024612427, 12.7696523666, 26.6111221313, 23.7857475281, 50.877456665, 75.0168762207, 17.570400238, 2.29974031448], [-46.6497306824, -28.1672782898, 2.76533961296, 7.6077914238, -4.4218416214, -6.29390048981, 6.25696516037, 10.3975801468, 6.60694503784, 2.33216309547, 17.570400238, 56.2538795471, 22.8132896423], [-133.646026611, -36.0768852234, 62.0489692688, 20.0497188568, 12.8833494186, -6.42340230942, -4.48024177551, 15.8968582153, 10.0113182068, 6.42433929443, 2.29974031448, 22.8132896423, 58.3536834717]], "icov": [[8.50204232847e-05, 1.5861052816e-05, 0.00017221015878, 4.10969842051e-05, 0.000115663584438, -0.000278652063571, 0.000289403396891, -0.000298626022413, 8.38010892039e-05, 0.00010766802734, -0.000153805245645, 0.000101127327071, -5.05183834321e-06], [1.5861052816e-05, 0.00101079011802, 0.000147990693222, 0.000239555956796, -0.000414307636674, 0.00121579039842, -0.00075622316217, 0.000824478454888, 0.000476336339489, 0.000281906599412, 0.0010442690691, 4.24262871093e-05, 0.000193706364371], [0.00017221015878, 0.000147990693222, 0.00206292048097, -0.000194687905605, -0.000352405855665, -0.00143058795948, 0.000302848231513, -0.00112817797344, 0.000581307103857, 0.000594144337811, -0.000271922675893, 0.000887986214366, -0.00189141998999], [4.10969842051e-05, 0.000239555956796, -0.000194687905605, 0.00519930850714, -0.00080503791105, 0.000397372670704, -9.88673855318e-05, -0.000378892756999, 0.00172696763184, -0.000741574796848, 0.00199719821103, -0.000880131323356, -0.000969342829194], [0.000115663584438, -0.000414307636674, -0.000352405855665, -0.00080503791105, 0.00799553561956, -0.00320160924457, 0.00143858860247, 0.0004944850225, -0.00355041120201, 0.000374140421627, -2.32962374866e-05, 0.000965658109635, -0.00129053299315], [-0.000278652063571, 0.00121579039842, -0.00143058795948, 0.000397372670704, -0.00320160924457, 0.0119108743966, -0.00479664141312, 0.00158332765568, -0.000912437273655, -0.000944763596635, -0.00181578053162, 0.00141808995977, 0.00249418593012], [0.000289403396891, -0.00075622316217, 0.000302848231513, -9.88673855318e-05, 0.00143858860247, -0.00479664141312, 0.0124654592946, -0.00557792838663, 0.0021912958473, 0.00088319130009, -0.00109319598414, -0.00157014094293, 0.00172198133077], [-0.000298626022413, 0.000824478454888, -0.00112817797344, -0.000378892756999, 0.0004944850225, 0.00158332765568, -0.00557792838663, 0.015098917298, -0.00474420236424, 0.000611713563558, -0.0014175705146, 0.000372520007659, -0.00266401632689], [8.38010892039e-05, 0.000476336339489, 0.000581307103857, 0.00172696763184, -0.00355041120201, -0.000912437273655, 0.0021912958473, -0.00474420236424, 0.0185499433428, -0.00738169346005, 0.00300244800746, -0.00247072288767, -0.000103181919258], [0.00010766802734, 0.000281906599412, 0.000594144337811, -0.000741574796848, 0.000374140421627, -0.000944763596635, 0.00088319130009, 0.000611713563558, -0.00738169346005, 0.0184006337076, -0.0110003016889, 0.00449696229771, -0.00232544448227], [-0.000153805245645, 0.0010442690691, -0.000271922675893, 0.00199719821103, -2.32962374866e-05, -0.00181578053162, -0.00109319598414, -0.0014175705146, 0.00300244800746, -0.0110003016889, 0.0270004719496, -0.00934686884284, 0.0032897926867], [0.000101127327071, 4.24262871093e-05, 0.000887986214366, -0.000880131323356, 0.000965658109635, 0.00141808995977, -0.00157014094293, 0.000372520007659, -0.00247072288767, 0.00449696229771, -0.00934686884284, 0.0255141165107, -0.0103406533599], [-5.05183834321e-06, 0.000193706364371, -0.00189141998999, -0.00