{"tonal": {"hpcp": {"dvar": [0.0390594825149, 0.0299840625376, 0.0316954515874, 0.0288095250726, 0.0216814409941, 0.0253326576203, 0.0314224511385, 0.0272726938128, 0.0255149044096, 0.0205325167626, 0.0176934488118, 0.0182063393295, 0.0221289154142, 0.025093216449, 0.0313339680433, 0.0402613729239, 0.0338562168181, 0.0269997883588, 0.0234168767929, 0.02184789069, 0.0223607663065, 0.0253821648657, 0.0243694651872, 0.0448441281915, 0.0242105834186, 0.0142098600045, 0.0201595518738, 0.0295062847435, 0.0304134488106, 0.0378207340837, 0.0496967546642, 0.0360550172627, 0.0354961901903, 0.0334112718701, 0.0290052164346, 0.0349277071655], "var": [0.128349155188, 0.0404319167137, 0.0246425867081, 0.0339092724025, 0.0193904228508, 0.0352740623057, 0.068867623806, 0.0353865399957, 0.0218902099878, 0.0213480442762, 0.01528860908, 0.0205585509539, 0.0463758707047, 0.0337215699255, 0.0536905713379, 0.130430087447, 0.0708799734712, 0.0247069895267, 0.0176829081029, 0.0159560963511, 0.0286258924752, 0.062487244606, 0.0437166430056, 0.0388790741563, 0.0245077498257, 0.0141011001542, 0.0334565453231, 0.075677908957, 0.0535160116851, 0.076258674264, 0.170678675175, 0.0730404406786, 0.0273225866258, 0.0281044784933, 0.0252499207854, 0.0886210873723], "median": [0.155381470919, 0.0910274013877, 0.0167922768742, 0.0114477341995, 0.0147950509563, 0.0366651900113, 0.0499761849642, 0.0343312062323, 0.015853445977, 0.011425351724, 0.00934641528875, 0.0254678409547, 0.0310641098768, 0.0297145769, 0.129618287086, 0.238144770265, 0.150472179055, 0.024821639061, 0.0096679572016, 0.00762031553313, 0.0268009509891, 0.0456026904285, 0.0390030555427, 0.0200843065977, 0.0128155164421, 0.00966829992831, 0.0456634797156, 0.0678351074457, 0.0548001416028, 0.089676104486, 0.0734429061413, 0.0535078831017, 0.02175889723, 0.0120688425377, 0.0222693867981, 0.0929527133703], "max": [1, 1, 1, 1, 1, 1, 1, 1, 1, 1, 1, 1, 1, 1, 1, 1, 1, 1, 1, 1, 1, 1, 1, 1, 1, 1, 1, 1, 1, 1, 1, 1, 1, 1, 1, 1], "dmean": [0.128286600113, 0.111926652491, 0.0788665860891, 0.0675847679377, 0.0603748261929, 0.0876909866929, 0.103620797396, 0.0896061658859, 0.069887958467, 0.0582261607051, 0.0517866685987, 0.0645832195878, 0.0753005295992, 0.0866026803851, 0.129167571664, 0.142717421055, 0.132462650537, 0.0866403356194, 0.061525028199, 0.0554917268455, 0.0741849467158, 0.0851975008845, 0.0894836783409, 0.10053960979, 0.0706294178963, 0.0450468435884, 0.0819271653891, 0.10680949688, 0.10673366487, 0.133010208607, 0.12745167315, 0.121730476618, 0.0949326008558, 0.0808446109295, 0.0870498865843, 0.123630695045], "dmean2": [0.216199830174, 0.194201990962, 0.14536523819, 0.124834664166, 0.110447846353, 0.150432512164, 0.173244342208, 0.153659522533, 0.124275110662, 0.102409660816, 0.0923914909363, 0.11175762862, 0.128124535084, 0.148272916675, 0.215314954519, 0.236160755157, 0.222004190087, 0.152203723788, 0.110931761563, 0.100676089525, 0.127081781626, 0.139773339033, 0.152142629027, 0.182141184807, 0.127402618527, 0.0785234570503, 0.136608824134, 0.177990838885, 0.182872965932, 0.229279696941, 0.219959273934, 0.212321326137, 0.173227518797, 0.14734710753, 0.156335622072, 0.211610868573], "mean": [0.327992528677, 0.168901801109, 0.0736588835716, 0.0741661265492, 0.0593187175691, 0.119002275169, 0.173060983419, 0.112905241549, 0.0665370449424, 0.0603272393346, 0.0491594225168, 0.0781245604157, 0.119545154274, 0.106164939702, 0.22179980576, 0.383366882801, 0.257051676512, 0.0843133404851, 0.0522813424468, 0.0441511906683, 0.0945288613439, 0.152905106544, 0.126770064235, 0.0927166938782, 0.0677405595779, 0.0444770306349, 0.119299642742, 0.193236574531, 0.151241675019, 0.234371125698, 0.349320501089, 0.212688028812, 0.082558915019, 0.0710571557283, 0.0839465036988, 0.242936268449], "dvar2": [0.096549525857, 0.0824821069837, 0.0906203910708, 0.0823887214065, 0.06189410761, 0.0699976086617, 0.0777506455779, 0.0744989737868, 0.0714356899261, 0.0553179830313, 0.0481537766755, 0.0500595532358, 0.0570481717587, 0.0663530603051, 0.0811268612742, 0.098942309618, 0.0891632214189, 0.0730272382498, 0.0642827823758, 0.0618171170354, 0.060834210366, 0.0586924739182, 0.0624968484044, 0.124232545495, 0.0652890205383, 0.0370677746832, 0.0512809529901, 0.0723572894931, 0.0786370933056, 0.102918088436, 0.120562046766, 0.0992120653391, 0.0993068888783, 0.0918236970901, 0.079471103847, 0.0940278768539], "min": [0, 0, 0, 0, 0, 0, 0, 0, 0, 0, 0, 0, 0, 0, 0, 0, 0, 0, 0, 0, 0, 0, 0, 0, 0, 0, 0, 0, 0, 0, 0, 0, 0, 0, 0, 0]}, "key_key": "G", "thpcp": [1, 0.6705108881, 0.219928592443, 0.136374175549, 0.115166939795, 0.246575444937, 0.398847967386, 0.330675572157, 0.241848468781, 0.17669904232, 0.116016879678, 0.311189234257, 0.504051268101, 0.394508957863, 0.611349403858, 0.911191105843, 0.55478978157, 0.215352237225, 0.185350269079, 0.218971714377, 0.633691310883, 0.855557799339, 0.44057482481, 0.192136794329, 0.193459913135, 0.154730945826, 0.31041353941, 0.45142391324, 0.294509649277, 0.173559710383, 0.157361641526, 0.128230750561, 0.203785359859, 0.31182962656, 0.276927769184, 0.578557550907], "chords_key": "G", "tuning_equal_tempered_deviation": 0.0167568232864, "tuning_frequency": 441.272583008, "tuning_diatonic_strength": 0.652710795403, "chords_histogram": [36.2882537842, 4.73840093613, 28.0552806854, 3.98815393448, 8.29220104218, 0.848963499069, 0.118460021913, 0, 0.513326764107, 0.197433367372, 1.28331685066, 0, 0, 0, 0, 0, 0, 5.54787778854, 1.12537014484, 3.61303067207, 0, 0.217176705599, 0.355380058289, 4.81737422943], "key_strength": 0.851013839245, "key_scale": "major", "chords_strength": {"dvar": 4.68748730782e-05, "var": 0.00905414298177, "median": 0.532302796841, "max": 0.768516600132, "dmean": 0.00793849863112, "dmean2": 0.0068424991332, "mean": 0.539429485798, "dvar2": 4.27744307672e-05, "min": 0.228903710842}, "chords_number_rate": 0.00197433377616, "tuning_nontempered_energy_ratio": 0.644859135151, "hpcp_entropy": {"dvar": 0.219535529613, "var": 0.421746343374, "median": 1.79644966125, "max": 4.37684011459, "dmean": 0.516562581062, "dmean2": 0.869581341743, "mean": 1.81731808186, "dvar2": 0.570811748505, "min": 0}, "chords_changes_rate": 0.0357354395092, "chords_scale": "major"}, "rhythm": {"bpm_histogram_first_peak_spread": {"dvar": 0, "var": 0, "median": 0.228105962276, "max": 0.228105962276, "dmean": 0, "dmean2": 0, "mean": 0.228105962276, "dvar2": 0, "min": 0.228105962276}, "bpm_histogram_first_peak_weight": {"dvar": 0, "var": 0, "median": 0.735922336578, "max": 0.735922336578, "dmean": 0, "dmean2": 0, "mean": 0.735922336578, "dvar2": 0, "min": 0.735922336578}, "bpm_histogram_first_peak_bpm": {"dvar": 0, "var": 0, "median": 133, "max": 133, "dmean": 0, "dmean2": 0, "mean": 133, "dvar2": 0, "min": 133}, "bpm": 132.974975586, "bpm_histogram_second_peak_weight": {"dvar": 0, "var": 0, "median": 0.01359223295, "max": 0.01359223295, "dmean": 0, "dmean2": 0, "mean": 0.01359223295, "dvar2": 0, "min": 0.01359223295}, "beats_loudness": {"dvar": 0.000346787943272, "var": 0.000550123280846, "median": 0.0531401708722, "max": 0.179267391562, "dmean": 0.0148667888716, "dmean2": 0.0255465619266, "mean": 0.0523605272174, "dvar2": 0.000915364362299, "min": 2.3314498776e-08}, "beats_loudness_band_ratio": {"dvar": [0.0131178852171, 0.00995027739555, 0.00804894324392, 0.00670307688415, 0.00258027669042, 0.00139347370714], "var": [0.0405653975904, 0.0118732089177, 0.0158732440323, 0.0113247307017, 0.0037420715671, 0.000960053817835], "median": [0.562289476395, 0.0824611485004, 0.0993213653564, 0.0930306762457, 0.0572140738368, 0.0203760378063], "max": [0.999137043953, 0.646060883999, 0.629614174366, 0.582713484764, 0.344772011042, 0.315532922745], "dmean": [0.142635434866, 0.0910055264831, 0.0881634056568, 0.0812949761748, 0.0492703393102, 0.0230016447604], "dmean2": [0.238337472081, 0.15889403224, 0.146922007203, 0.135333925486, 0.0842553675175, 0.0422695986927], "mean": [0.554347455502, 0.119329184294, 0.138107955456, 0.126537442207, 0.0722898468375, 0.0269792899489], "dvar2": [0.0339122116566, 0.026140877977, 0.0204304400831, 0.0171943493187, 0.00717336451635, 0.0039619342424], "min": [0.105131208897, 0.000676763011143, 1.08608446681e-05, 7.2152984103e-06, 3.46149113284e-06, 4.24478912464e-06]}, "bpm_histogram_second_peak_bpm": {"dvar": 0, "var": 0, "median": 115, "max": 115, "dmean": 0, "dmean2": 0, "mean": 115, "dvar2": 0, "min": 115}, "onset_rate": 3.06189513206, "beats_count": 516, "beats_position": [0.476009070873, 0.975238084793, 1.47446703911, 1.9620860815, 2.43809509277, 2.89088439941, 3.34367346764, 3.79646253586, 4.2492518425, 4.69043064117, 5.15482997894, 5.60761880875, 6.06040811539, 6.5015873909, 6.9543762207, 7.40716552734, 7.85995435715, 8.31274318695, 8.75392246246, 9.2067117691, 9.65950107574, 10.1122903824, 10.5650787354, 11.017868042, 11.4706573486, 11.9234466553, 12.3762359619, 12.8290243149, 13.2818136215, 13.722992897, 14.1757822037, 14.6285715103, 15.0813598633, 15.5341491699, 15.9869384766, 16.4397277832, 16.8809070587, 17.3336963654, 17.786485672, 18.2392749786, 18.6920623779, 19.1448516846, 19.5976409912, 20.0388202667, 20.4916095734, 20.94439888, 21.3971881866, 21.8499774933, 22.2911567688, 22.7555541992, 23.2083435059, 23.6611328125, 24.102312088, 24.5551013947, 25.0078907013, 25.4606800079, 25.9134693146, 26.3662586212, 26.8190479279, 27.2602272034, 27.7130146027, 28.1658039093, 28.6185932159, 29.0713825226, 29.5125617981, 29.9653511047, 30.4181404114, 30.870929718, 31.3237190247, 31.776506424, 32.2292976379, 32.6704750061, 33.1232643127, 33.5760536194, 34.028842926, 34.4816322327, 34.9228096008, 35.3755989075, 35.8283882141, 36.2927894592, 36.7339668274, 37.186756134, 37.6395454407, 38.0923347473, 38.545124054, 38.9863014221, 39.4390907288, 39.8918800354, 40.344669342, 40.7974586487, 41.2502479553, 41.703037262, 42.1442184448, 42.5970077515, 43.0497932434, 43.50258255, 43.9553718567, 44.4081611633, 44.8493423462, 45.2905197144, 45.7317008972, 46.1844902039, 46.6488876343, 47.1132888794, 47.5660743713, 48.0072555542, 48.4600448608, 48.901222229, 49.3424034119, 49.7951927185, 50.2595901489, 50.7123794556, 51.1651687622, 51.6179580688, 52.0823554993, 52.5351448059, 52.9879341125, 53.4291152954, 53.8702926636, 54.3230819702, 54.7758712769, 55.2286605835, 55.6814498901, 56.1342391968, 56.5870285034, 57.0282058716, 57.4809951782, 57.9337844849, 58.3749656677, 58.8277549744, 59.280544281, 59.7333335876, 60.1861228943, 60.6505203247, 61.0916976929, 61.5328788757, 61.9856681824, 62.438457489, 62.8912467957, 63.3440361023, 63.7968254089, 64.2496109009, 64.7024002075, 65.1551895142, 65.6079788208, 66.049156189, 66.5019454956, 66.9547348022, 67.4075241089, 67.8603134155, 68.3131027222, 68.7658920288, 69.2186813354, 69.659866333, 70.1242599487, 70.5654373169, 71.0182266235, 71.4710159302, 71.9238052368, 72.3765945435, 72.8293838501, 73.2821731567, 73.7349624634, 74.18775177, 74.6289291382, 75.0701141357, 75.5345077515, 75.9872970581, 76.4400863647, 76.8812713623, 77.3340606689, 77.7868499756, 78.2396392822, 78.6924285889, 79.1452102661, 79.5979995728, 80.0391845703, 80.491973877, 80.9447631836, 81.3975524902, 81.8503417969, 82.291519165, 82.7443084717, 83.1970977783, 83.649887085, 84.1026763916, 84.5670700073, 85.0082550049, 85.4610443115, 85.9138336182, 86.3550109863, 86.807800293, 87.2605895996, 87.7133789062, 88.1661682129, 88.6189575195, 89.0717468262, 89.5129241943, 89.965713501, 90.4185028076, 90.8596801758, 91.3124694824, 91.7652587891, 92.2180480957, 92.6708374023, 93.123626709, 93.5764160156, 94.0292053223, 94.4819946289, 94.9231719971, 95.3875732422, 95.8287506104, 96.281539917, 96.7343292236, 97.1871185303, 97.6399078369, 98.0810852051, 98.5338745117, 98.9866638184, 99.439453125, 99.8922424316, 100.345031738, 100.797821045, 101.250610352, 101.703399658, 102.156188965, 102.608978271, 103.05015564, 103.502944946, 103.955734253, 104.40852356, 104.861312866, 105.302490234, 105.755279541, 106.208068848, 106.672470093, 107.113647461, 107.566436768, 108.019226074, 108.460403442, 108.913192749, 109.365982056, 109.830383301, 110.271560669, 110.712738037, 111.165527344, 111.61831665, 112.082717896, 112.547119141, 112.999908447, 113.441085815, 113.893875122, 114.346664429, 114.799453735, 115.240631104, 115.681808472, 116.122993469, 116.575782776, 117.028572083, 117.481361389, 117.934150696, 118.386940002, 118.839729309, 119.292518616, 119.745300293, 120.186485291, 120.639274597, 121.092063904, 121.54485321, 121.997642517, 122.450431824, 122.891609192, 123.344398499, 123.797187805, 124.249977112, 124.702766418, 125.155555725, 125.608345032, 126.061134338, 126.513923645, 126.966712952, 127.40789032, 127.860679626, 128.313461304, 128.76625061, 129.219039917, 129.671829224, 130.12461853, 130.565795898, 131.006988525, 131.459777832, 131.912567139, 132.365356445, 132.818145752, 133.2709198, 133.723709106, 134.176498413, 134.62928772, 135.093688965, 135.534866333, 135.98765564, 136.440444946, 136.893234253, 137.34602356, 137.787200928, 138.239990234, 138.692779541, 139.145568848, 139.598358154, 140.039550781, 140.492340088, 140.945129395, 141.397918701, 141.850692749, 142.291885376, 142.744674683, 143.197463989, 143.650253296, 144.103042603, 144.555831909, 145.008621216, 145.461410522, 145.914199829, 146.355377197, 146.796554565, 147.249343872, 147.702133179, 148.154922485, 148.607711792, 149.060501099, 149.513290405, 149.966079712, 150.418869019, 150.871658325, 151.324447632, 151.777236938, 152.230026245, 152.682815552, 153.135604858, 153.576782227, 154.029571533, 154.48236084, 154.935150146, 155.387939453, 155.84072876, 156.293518066, 156.734695435, 157.187484741, 157.640274048, 158.093063354, 158.545852661, 158.987030029, 159.439819336, 159.892608643, 160.345397949, 160.798187256, 161.250976562, 161.703765869, 162.144943237, 162.597732544, 163.050521851, 163.503311157, 163.956100464, 164.408889771, 164.861679077, 165.314468384, 165.76725769, 166.208435059, 166.661224365, 167.114013672, 167.55519104, 168.007980347, 168.460769653, 168.91355896, 169.366348267, 169.819137573, 170.27192688, 170.724716187, 171.177505493, 171.618682861, 172.071472168, 172.524261475, 172.977050781, 173.429840088, 173.882629395, 174.335418701, 174.776596069, 175.229385376, 175.682174683, 176.134963989, 176.587753296, 177.040542603, 177.493331909, 177.946121216, 178.398910522, 178.851699829, 179.292877197, 179.745666504, 180.198455811, 180.651245117, 181.104034424, 181.626480103, 182.148925781, 182.671386719, 183.205444336, 183.727890015, 184.250335693, 184.714736938, 185.167526245, 185.620315552, 186.06149292, 186.514282227, 186.967071533, 187.41986084, 187.872650146, 188.313827515, 188.755004883, 189.207794189, 189.660583496, 190.113372803, 190.566162109, 191.018951416, 191.471740723, 191.912918091, 192.365707397, 192.830108643, 193.282897949, 193.735687256, 194.188476562, 194.629653931, 195.082443237, 195.535232544, 195.988021851, 196.440811157, 196.893600464, 197.346389771, 197.787567139, 198.240356445, 198.693145752, 199.13432312, 199.575500488, 200.028289795, 200.49269104, 200.945480347, 201.398269653, 201.85105896, 202.303848267, 202.756637573, 203.197814941, 203.650604248, 204.103393555, 204.556182861, 205.008972168, 205.450149536, 205.902938843, 206.355728149, 206.808517456, 207.261306763, 207.714096069, 208.166885376, 208.608062744, 209.060852051, 209.513641357, 209.954818726, 210.396011353, 210.848800659, 211.301589966, 211.765975952, 212.218765259, 212.671554565, 213.124343872, 213.577133179, 214.018310547, 214.471099854, 214.92388916, 215.376678467, 215.829467773, 216.28225708, 216.735046387, 217.187835693, 217.640625, 218.093414307, 218.546203613, 218.99899292, 219.451782227, 219.904571533, 220.35736084, 220.798538208, 221.239730835, 221.704116821, 222.156906128, 222.609695435, 223.062484741, 223.515274048, 223.979675293, 224.455688477, 224.93170166, 225.419311523, 225.930160522, 226.452606201, 226.97505188, 227.439453125, 227.892242432, 228.345031738, 228.797821045, 229.250610352, 229.703399658, 230.156188965, 230.690246582, 231.224304199, 231.769973755, 232.327255249, 232.872924805, 233.41859436, 233.964263916, 234.509933472], "danceability": 1.03306019306, "bpm_histogram_second_peak_spread": {"dvar": 0, "var": 0, "median": 0.363636374474, "max": 0.363636374474, "dmean": 0, "dmean2": 0, "mean": 0.363636374474, "dvar2": 0, "min": 0.363636374474}}, "lowlevel": {"spectral_flux": {"dvar": 0.00166560884099, "var": 0.00369060016237, "median": 0.0794850289822, "max": 0.390242248774, "dmean": 0.0291214603931, "dmean2": 0.0443974919617, "mean": 0.0910083428025, "dvar2": 0.00323916994967, "min": 1.03256521389e-10}, "spectral_rolloff": {"dvar": 606467.25, "var": 2084625.75, "median": 1205.859375, "max": 19896.6796875, "dmean": 341.315246582, "dmean2": 566.780639648, "mean": 1371.89038086, "dvar2": 1238627, "min": 86.1328125}, "barkbands_flatness_db": {"dvar": 0.000454076478491, "var": 0.00740413134918, "median": 0.135585278273, "max": 0.641029536724, "dmean": 0.0176198519766, "dmean2": 0.0266494788229, "mean": 0.155562236905, "dvar2": 0.00103692966513, "min": 0.0303918235004}, "spectral_centroid": {"dvar": 47917.2578125, "var": 241297.640625, "median": 1163.07263184, "max": 10427.9169922, "dmean": 159.927001953, "dmean2": 242.377960205, "mean": 1182.1784668, "dvar2": 97404.625, "min": 103.579902649}, "melbands_skewness": {"dvar": 0.792128801346, "var": 3.08678436279, "median": 1.66074204445, "max": 19.70561409, "dmean": 0.593206703663, "dmean2": 0.918181955814, "mean": 2.08792281151, "dvar2": 1.98341178894, "min": -0.945874750614}, "melbands": {"dvar": [4.25047910539e-05, 1.12471170723e-05, 7.94011668859e-07, 1.51272172388e-06, 5.5579880609e-07, 2.73409312967e-07, 1.04108302423e-07, 1.64013357562e-07, 2.6407977316e-07, 1.39557329248e-07, 7.32616030064e-08, 8.01375392712e-08, 3.58310927595e-08, 1.84109421042e-08, 7.9305779721e-09, 8.52773318627e-09, 9.065747264e-09, 6.14052186876e-09, 4.53518023136e-09, 4.37596003877e-09, 3.25171001236e-09, 9.85488024519e-10, 9.25501064675e-10, 9.4365106007e-11, 6.10216252528e-11, 6.10511016741e-11, 5.91271268058e-11, 3.41953410032e-11, 2.8549235892e-11, 2.67531673898e-11, 3.79164442899e-11, 3.90711456244e-11, 3.67550052893e-11, 2.48361557015e-11, 9.05945804486e-12, 1.43792842217e-11, 1.69129779626e-11, 1.68512131332e-11, 1.07941286118e-11, 5.98683862901e-12], "var": [3.11700678139e-05, 1.01475443444e-05, 1.11253575596e-06, 1.65143296726e-06, 1.20928325487e-06, 3.24524734197e-07, 2.87985329805e-07, 3.50875865252e-07, 1.00189424757e-06, 6.98838448443e-07, 2.81225567278e-07, 2.14866332726e-07, 1.2996973453e-07, 6.89775916385e-08, 2.05220072047e-08, 2.69196434033e-08, 2.42711557519e-08, 1.44008183156e-08, 8.9083593835e-09, 1.02680166592e-08, 7.47921635735e-09, 2.72046629668e-09, 1.95316962603e-09, 1.52884926941e-10, 9.01581517776e-11, 8.89420134764e-11, 1.13593558171e-10, 8.1402565244e-11, 6.76405112476e-11, 5.5085207229e-11, 5.02638104749e-11, 6.4067577632e-11, 5.58824410357e-11, 3.50901530055e-11, 1.4504920702e-11, 1.70859819348e-11, 1.89472031814e-11, 1.81004187333e-11, 1.44272501931e-11, 9.91050210647e-12], "median": [0.000933559727855, 0.00284926826134, 0.000917044002563, 0.000501194386743, 0.000312885211315, 0.000119584081403, 9.63915736065e-05, 0.000137852242915, 0.00022629830346, 0.000161182659212, 0.000132584245875, 0.000155045257998, 6.64612962282e-05, 9.15928467293e-05, 7.61607298045e-05, 7.95505839051e-05, 7.44263816159e-05, 4.8749599955e-05, 3.6747129343e-05, 3.12123302137e-05, 3.18175771099e-05, 1.76382272912e-05, 1.15006150736e-05, 5.25958967046e-06, 4.27989652962e-06, 4.17892169935e-06, 4.62451589556e-06, 3.95273946197e-06, 3.14302678817e-06, 2.30131490753e-06, 1.45784565575e-06, 1.3431251773e-06, 1.72699174072e-06, 1.3243200101e-06, 7.69141820456e-07, 4.71010054071e-07, 3.2740348388e-07, 2.21626635266e-07, 1.5906812223e-07, 1.31503213652e-07], "max": [0.0533350780606, 0.0308462101966, 0.0189783517271, 0.0180217884481, 0.0128955282271, 0.014625444077, 0.00673785666004, 0.01067974139, 0.0100913867354, 0.00851607415825, 0.00921608414501, 0.0111529985443, 0.00488419737667, 0.00299659511074, 0.00277873314917, 0.00173455209006, 0.00185173377395, 0.00138859543949, 0.00227554212324, 0.00150761124678, 0.00192767032422, 0.000896366487723, 0.00103798590135, 0.000253272533882, 0.000207847857382, 0.000270308548352, 0.000179174967343, 0.000122891913634, 0.00012613380386, 0.000101981822809, 0.000209086327231, 0.000146333128214, 0.000135854643304, 0.000124432568555, 7.07806393621e-05, 0.000150333304191, 0.00015144306235, 0.000210715268622, 0.000121488861623, 7.52261839807e-05], "dmean": [0.00223554228432, 0.00151647592429, 0.000523488793988, 0.000538993510418, 0.000356314209057, 0.000184930046089, 0.000126573024318, 0.000143426615978, 0.000241998015554, 0.000180861403351, 0.000133813227876, 0.000144318357343, 9.17291617952e-05, 7.80317350291e-05, 5.24223069078e-05, 5.80856431043e-05, 5.98109290877e-05, 4.3247207941e-05, 3.20393119182e-05, 2.89280396828e-05, 2.63275433099e-05, 1.57340818987e-05, 1.2662766494e-05, 4.90758839078e-06, 3.65773325939e-06, 3.5624764223e-06, 3.98208931074e-06, 3.30652346747e-06, 2.91002015729e-06, 2.56002113019e-06, 2.29806255447e-06, 2.37037374973e-06, 2.37387189372e-06, 1.72325849235e-06, 1.03188779121e-06, 9.43656914387e-07, 8.92131083674e-07, 7.26692121589e-07, 6.62438878862e-07, 5.11297798766e-07], "dmean2": [0.00381780113094, 0.00260621774942, 0.000871321884915, 0.000916809076443, 0.000548756623175, 0.000299488077872, 0.000200608439627, 0.000214018116822, 0.000346551038092, 0.000266944960458, 0.000198065463337, 0.000213713763515, 0.00013566823327, 0.000117941075587, 8.00075431471e-05, 8.82308959262e-05, 9.33268238441e-05, 6.72879759804e-05, 5.01348695252e-05, 4.46341946372e-05, 4.19368225266e-05, 2.46897907346e-05, 1.97370245587e-05, 7.93070012151e-06, 6.04634533374e-06, 5.87664271734e-06, 6.53343204249e-06, 5.45021384823e-06, 4.80486687593e-06, 4.22687116952e-06, 3.83992301067e-06, 3.85044268114e-06, 3.89046817872e-06, 2.78237143903e-06, 1.62531659953e-06, 1.49579580011e-06, 1.39467567806e-06, 1.1212401887e-06, 9.91257252281e-07, 7.48951492824e-07], "mean": [0.00231914408505, 0.00350872986019, 0.00119447044563, 0.000857398903463, 0.00069594400702, 0.00030608481029, 0.000261853652773, 0.000316865247441, 0.00060131365899, 0.000450534455013, 0.000322467298247, 0.000308323680656, 0.000203827949008, 0.000176625340828, 0.000118213596579, 0.00013154016051, 0.000124411744764, 8.54813042679e-05, 6.43725943519e-05, 5.91549796809e-05, 5.71626005694e-05, 3.47634522768e-05, 2.42591449933e-05, 9.10225662665e-06, 7.07787376086e-06, 6.85924578647e-06, 8.05987110652e-06, 7.15387341188e-06, 6.06749836152e-06, 5.17818898516e-06, 3.70200132238e-06, 3.85398561775e-06, 4.05439914175e-06, 2.92367599286e-06, 1.80811935024e-06, 1.5480698039e-06, 1.37730808092e-06, 1.06133245481e-06, 9.70015094026e-07, 7.77764398663e-07], "dvar2": [0.000113584086648, 3.22108862747e-05, 2.15865588871e-06, 4.15587965108e-06, 1.27510691073e-06, 7.1326729767e-07, 2.5308938234e-07, 3.68773385162e-07, 5.87929719131e-07, 3.11241478812e-07, 1.6734990993e-07, 1.81066440064e-07, 8.21407226681e-08, 4.39952039244e-08, 1.94185147961e-08, 1.89403603912e-08, 2.19434603821e-08, 1.42669884795e-08, 1.08961630829e-08, 1.03748769575e-08, 8.42838598913e-09, 2.32371077935e-09, 2.06057593211e-09, 2.37875691367e-10, 1.54880830383e-10, 1.54116344686e-10, 1.50371631813e-10, 8.84044157323e-11, 7.51194384474e-11, 6.9320466034e-11, 9.42774747159e-11, 9.2555824116e-11, 9.10082148531e-11, 5.9312985079e-11, 2.08814510821e-11, 3.65379081158e-11, 4.26707627565e-11, 4.23520281345e-11, 2.52476425183e-11, 1.29343150773e-11], "min": [1.8710430142e-23, 1.0423103967e-23, 2.64249588916e-24, 5.38240229506e-24, 8.68144897184e-24, 6.53202783047e-24, 4.66403991678e-24, 8.30189249159e-24, 1.28553017662e-23, 5.26303896263e-24, 7.43002843079e-24, 6.79840485892e-24, 9.87232759385e-24, 1.26801052255e-23, 1.87618686062e-23, 2.39439653123e-23, 1.09061345433e-23, 7.62253889065e-24, 1.07920408017e-23, 7.11398393088e-24, 1.443170539e-23, 1.20059446958e-23, 1.74558920226e-23, 9.68664866943e-24, 1.07234004366e-23, 9.95942414868e-24, 6.84930926427e-24, 1.13969227778e-23, 1.18980048582e-23, 1.2722206732e-23, 1.62798140089e-23, 9.01825786849e-24, 1.16986005429e-23, 1.16787307144e-23, 8.30343550353e-24, 1.00964461325e-23, 9.03255439467e-24, 1.23674465166e-23, 9.63479053124e-24, 7.9540813519e-24]}, "spectral_decrease": {"dvar": 3.66165460955e-17, "var": 4.25740001288e-17, "median": -9.73425429152e-09, "max": 2.74114631869e-16, "dmean": 3.110974367e-09, "dmean2": 5.10559550193e-09, "mean": -1.04739514839e-08, "dvar2": 9.61924032999e-17, "min": -5.49770220459e-08}, "barkbands_kurtosis": {"dvar": 98.8174285889, "var": 1265.71154785, "median": 0.296295881271, "max": 535.567504883, "dmean": 2.72493815422, "dmean2": 4.20154666901, "mean": 6.72218942642, "dvar2": 204.902236938, "min": -1.94844830036}, "silence_rate_30dB": {"dvar": 0.0408443138003, "var": 0.0259509123862, "median": 1, "max": 1, "dmean": 0.042658239603, "dmean2": 0.0853249058127, "mean": 0.973341226578, "dvar2": 0.110037021339, "min": 0}, "gfcc": {"mean": [6.71203756332, 116.404434204, -124.197135925, 32.1621131897, -44.6462135315, 24.3658657074, -25.9736557007, 2.3835849762, -17.1242713928, -1.46486830711, -20.5357093811, -6.41955804825, -8.74741840363], "cov": [[17580.0976562, -1278.72741699, -2683.86572266, -696.277893066, -2207.80712891, 579.028869629, -1009.37524414, 613.45300293, -328.914276123, 295.607269287, -208.258682251, 516.92779541, -116.113174438], [-1278.72741699, 1501.42419434, -457.544036865, -61.0227851868, 363.393066406, -294.843475342, 315.916992188, -246.606369019, 95.3583145142, -77.9055328369, 84.9347229004, -129.980941772, 123.323402405], [-2683.86572266, -457.544036865, 1388.68310547, 104.579269409, 180.452896118, 93.5044021606, -75.5832061768, 67.1520462036, 36.6539726257, 14.0323133469, -10.7334079742, -39.0075645447, -78.2202911377], [-696.277893066, -61.0227851868, 104.579269409, 381.331848145, 156.163406372, -99.1432189941, 30.6208438873, -88.0626831055, 13.6047878265, -4.77452993393, 21.0172958374, -7.54747438431, 37.7333488464], [-2207.80712891, 363.393066406, 180.452896118, 156.163406372, 530.80847168, -134.577896118, 198.58821106, -146.91519165, 41.8805160522, -49.0430755615, 18.6778583527, -60.7824363708, 55.0133552551], [579.028869629, -294.843475342, 93.5044021606, -99.1432189941, -134.577896118, 252.097808838, -39.0381469727, 101.392913818, -32.1230278015, 6.15766143799, -9.05282020569, 18.6552314758, -47.0141296387], [-1009.37524414, 315.916992188, -75.5832061768, 30.6208438873, 198.58821106, -39.0381469727, 288.429016113, -64.7508926392, 19.3364601135, -25.5022010803, 25.6612472534, -59.865737915, 27.1560993195], [613.45300293, -246.606369019, 67.1520462036, -88.0626831055, -146.91519165, 101.392913818, -64.7508926392, 182.976547241, 24.1633148193, 24.3496780396, -29.4052810669, 12.6405658722, -42.2024765015], [-328.914276123, 95.3583145142, 36.6539726257, 13.6047878265, 41.8805160522, -32.1230278015, 19.3364601135, 24.1633148193, 126.420593262, 8.76200771332, -8.21514034271, -18.7044467926, -4.45243597031], [295.607269287, -77.9055328369, 14.0323133469, -4.77452993393, -49.0430755615, 6.15766143799, -25.5022010803, 24.3496780396, 8.76200771332, 96.7406158447, 19.6127052307, 1.77524924278, -8.30488967896], [-208.258682251, 84.9347229004, -10.7334079742, 21.0172958374, 18.6778583527, -9.05282020569, 25.6612472534, -29.4052810669, -8.21514034271, 19.6127052307, 87.4386138916, 11.845044136, 7.70823812485], [516.92779541, -129.980941772, -39.0075645447, -7.54747438431, -60.7824363708, 18.6552314758, -59.865737915, 12.6405658722, -18.7044467926, 1.77524924278, 11.845044136, 102.459999084, 18.695400238], [-116.113174438, 123.323402405, -78.2202911377, 37.7333488464, 55.0133552551, -47.0141296387, 27.1560993195, -42.2024765015, -4.45243597031, -8.30488967896, 7.70823812485, 18.695400238, 106.628372192]], "icov": [[0.000330467155436, -0.000265591224888, 0.000560143380426, -0.000290351774311, 0.000689833366778, -0.00049447157653, 0.000530738034286, -0.000429105741205, 0.000568546762224, -0.000904671032913, 0.00104758690577, -0.00101692019962, 0.000357609649654], [-0.000265591224888, 0.0024357798975, 1.53377168317e-05, 0.0017454175977, -0.000943241058849, 0.00178426527418, -0.00109338120092, 0.00177018751856, -0.00207811128348, 0.00213686027564, -0.00305450172164, 0.00306929531507, -0.00169801316224], [0.000560143380426, 1.53377168317e-05, 0.00203292164952, -0.000467895850306, 0.000289384624921, -0.00107775791548, 0.00143282872159, -0.000922354171053, 0.00056280993158, -0.00139114097692, 0.00118870951701, -0.000920296064578, 0.000885215064045], [-0.000290351774311, 0.0017454175977, -0.000467895850306, 0.00463900296018, -0.00138294429053, 0.00210070586763, -0.000663952552713, 0.00224089156836, -0.00178408122156, 0.00154333445244, -0.00276237144135, 0.00226638559252, -0.00177596276626], [0.000689833366778, -0.000943241058849, 0.000289384624921, -0.00138294429053, 0.00568902865052, -0.000398607546231, -0.000946050393395, 0.000783547642641, 0.000529162236489, -0.0010803998448, 0.00277962000109, -0.00209261849523, 8.78478604136e-05], [-0.00049447157653, 0.00178426527418, -0.00107775791548, 0.00210070586763, -0.000398607546231, 0.00793392118067, -0.00208206335083, -0.00109900417738, 2.50812554441e-05, 0.00283478409983, -0.00329925422557, 0.00212297542021, -0.000248851050856], [0.000530738034286, -0.00109338120092, 0.00143282872159, -0.000663952552713, -0.000946050393395, -0.00208206335083, 0.00696127070114, -0.00110820494592, 0.00099514820613, -0.00114729162306, 0.000482507457491, 0.000543138652574, 0.000309231778374], [-0.000429105741205, 0.00177018751856, -0.000922354171053, 0.00224089156836, 0.000783547642641, -0.00109900417738, -0.00110820494592, 0.0118596581742, -0.00483400002122, 0.000575389305595, -0.000177902868018, 0.00197767373174, -0.000387823645724], [0.000568546762224, -0.00207811128348, 0.00056280993158, -0.00178408122156, 0.000529162236489, 2.50812554441e-05, 0.00099514820613, -0.00483400002122, 0.0117768617347, -0.00347033049911, 0.00389359798282, -0.00254413089715, 0.00202423497103], [-0.000904671032913, 0.00213686027564, -0.00139114097692, 0.00154333445244, -0.0010803998448, 0.00283478409983, -0.00114729162306, 0.000575389305595, -0.00347033049911, 0.0156123200431, -0.00809641275555, 0.00535365333781, -0.0019782918971], [0.00104758690577, -0.00305450172164, 0.00118870951701, -0.00276237144135, 0.00277962000109, -0.00329925422557, 0.000482507457491, -0.000177902868018, 0.00389359798282, -0.00809641275555, 0.0196156464517, -0.00832425244153, 0.00301444623619], [-0.00101692019962, 0.00306929531507, -0.000920296064578, 0.00226638559252, -0.00209261849523, 0.00212297542021, 0.000543138652574, 0.00197767373174, -0.00254413089715, 0.00535365333781, -0.00832425244153, 0.0185109209269, -0.00580729776993], [0.000357609649654, -0.00169801316224, 0.000885215064045, -0.00177596276626, 8.78478604136e-05, -0.000248851050856, 0.000309231778374, -0.000387823645724, 0.00202423497103, -0.0019782918971, 0.00301444623619, -0.00580729776993, 0.0133529445156]]}, "silence_rate_20dB": {"dvar": 0, "var": 0, "median": 1, "max": 1, "dmean": 0, "dmean2": 0, "mean": 1, "dvar2": 0, "min": 1}, "barkbands_skewness": {"dvar": 0.42475092411, "var": 2.72744870186, "median": 0.875570952892, "max": 18.0325908661, "dmean": 0.435427188873, "dmean2": 0.670043706894, "mean": 1.25207793713, "dvar2": 0.983289659023, "min": -12.3117876053}, "erbbands_skewness": {"dvar": 0.102999545634, "var": 1.81609594822, "median": 0.136249303818, "max": 13.305516243, "dmean": 0.29736495018, "dmean2": 0.442915171385, "mean": 0.319606631994, "dvar2": 0.222898706794, "min": -4.74077653885}, "spectral_contrast_valleys": {"dvar": [0.0917302519083, 0.116600729525, 0.0963302925229, 0.0987592861056, 0.111889980733, 0.125416859984], "var": [1.12121415138, 2.12927699089, 2.51618504524, 2.29947161674, 2.01572275162, 2.72953915596], "median": [-6.71623420715, -6.68502616882, -6.91264343262, -7.21322154999, -7.44415473938, -10.1981105804], "max": [-4.99051427841, -4.47638368607, -4.83327865601, -5.50178384781, -5.78771972656, -7.25126791], "dmean": [0.338115900755, 0.335946440697, 0.299780011177, 0.281340003014, 0.255950838327, 0.261354058981], "dmean2": [0.545579195023, 0.538941025734, 0.46390992403, 0.417278796434, 0.376248776913, 0.355932027102], "mean": [-6.87451076508, -7.01981592178, -7.34901094437, -7.61054992676, -7.744099617, -10.5661792755], "dvar2": [0.221280753613, 0.251093834639, 0.177902027965, 0.162358537316, 0.196966186166, 0.213961720467], "min": [-26.8857917786, -27.2901058197, -27.1394367218, -27.2924919128, -27.4691257477, -27.1947689056]}, "spectral_strongpeak": {"dvar": 1.29612970352, "var": 2.0759601593, "median": 0.523702919483, "max": 11.3559608459, "dmean": 0.652873933315, "dmean2": 1.14702343941, "mean": 1.22291481495, "dvar2": 3.23362159729, "min": 0}, "erbbands_crest": {"dvar": 5.40900993347, "var": 23.2032527924, "median": 9.21112632751, "max": 31.7981262207, "dmean": 2.38554024696, "dmean2": 3.70546627045, "mean": 10.3933105469, "dvar2": 13.2158660889, "min": 2.22106480598}, "barkbands_crest": {"dvar": 7.85394001007, "var": 15.746922493, "median": 7.9265165329, "max": 26.3571720123, "dmean": 2.25387120247, "dmean2": 3.67988801003, "mean": 9.00990486145, "dvar2": 20.3364944458, "min": 2.76658415794}, "spectral_energyband_middle_low": {"dvar": 5.61155757168e-05, "var": 0.000130965912831, "median": 0.014009738341, "max": 0.113682873547, "dmean": 0.00492321280763, "dmean2": 0.00786161143333, "mean": 0.0158676225692, "dvar2": 0.000144218181958, "min": 2.31147932993e-22}, "spectral_contrast_coeffs": {"dvar": [0.00147642579395, 0.00151546893176, 0.00105156062637, 0.000744524237234, 0.000414540845668, 0.000362766149919], "var": [0.00450200587511, 0.00734521821141, 0.00679699517787, 0.00435340963304, 0.00276710581966, 0.00298921926878], "median": [-0.639151453972, -0.691566646099, -0.697010934353, -0.730985283852, -0.778887271881, -0.734794914722], "max": [-0.350543826818, -0.387594968081, -0.440387487411, -0.459251195192, -0.543326854706, -0.54148542881], "dmean": [0.0441579334438, 0.0431205704808, 0.0377833880484, 0.0315880402923, 0.0220104400069, 0.0188472736627], "dmean2": [0.0722238346934, 0.0684653669596, 0.0582175143063, 0.0485676340759, 0.0346305519342, 0.029743662104], "mean": [-0.635059058666, -0.686317741871, -0.697106301785, -0.728324890137, -0.773770153522, -0.733911812305], "dvar2": [0.00401603709906, 0.00359892798588, 0.00238300906494, 0.00161458435468, 0.000889623945113, 0.000867804570589], "min": [-0.982190310955, -0.962097406387, -0.968231737614, -0.970116853714, -0.952473342419, -0.961150169373]}, "hfc": {"dvar": 87.5333480835, "var": 291.647583008, "median": 27.8096809387, "max": 220.749511719, "dmean": 5.80653905869, "dmean2": 8.91174125671, "mean": 28.649930954, "dvar2": 204.159255981, "min": 1.17277706952e-16}, "spectral_energyband_high": {"dvar": 9.86191935226e-07, "var": 1.88367016563e-06, "median": 0.000432484550402, "max": 0.0235203914344, "dmean": 0.000374445400666, "dmean2": 0.000572456803638, "mean": 0.000851368822623, "dvar2": 2.21420054913e-06, "min": 7.61297615468e-21}, "erbbands_spread": {"dvar": 63.0583343506, "var": 291.042114258, "median": 25.6907119751, "max": 195.777130127, "dmean": 5.85524082184, "dmean2": 8.89396381378, "mean": 29.1317577362, "dvar2": 143.55770874, "min": 1.02983546257}, "dissonance": {"dvar": 0.000401204684749, "var": 0.00124626769684, "median": 0.462470710278, "max": 0.500000059605, "dmean": 0.0202276092023, "dmean2": 0.0335415117443, "mean": 0.453644484282, "dvar2": 0.00104708469007, "min": 0.176734983921}, "spectral_kurtosis": {"dvar": 12.9025888443, "var": 148.663589478, "median": 4.60656261444, "max": 152.795410156, "dmean": 2.18095541, "dmean2": 3.63983678818, "mean": 6.82993936539, "dvar2": 31.552488327, "min": -1.20662093163}, "spectral_skewness": {"dvar": 0.0839538946748, "var": 0.978513300419, "median": 1.63063073158, "max": 10.2569389343, "dmean": 0.249250844121, "dmean2": 0.402260869741, "mean": 1.77875614166, "dvar2": 0.200675353408, "min": -0.0915170758963}, "pitch_salience": {"dvar": 0.00406048120931, "var": 0.0120599428192, "median": 0.498796403408, "max": 0.935972332954, "dmean": 0.0576780103147, "dmean2": 0.0927581489086, "mean": 0.4909260571, "dvar2": 0.0110636809841, "min": 0.0819017961621}, "spectral_complexity": {"dvar": 15.2939834595, "var": 84.2018890381, "median": 22, "max": 55, "dmean": 3.18277859688, "dmean2": 4.97057104111, "mean": 22.0915279388, "dvar2": 31.115322113, "min": 0}, "spectral_spread": {"dvar": 481309720576, "var": 3082015211520.0, "median": 3771514, "max": 41413944, "dmean": 401735.78125, "dmean2": 556603.9375, "mean": 4010046.75, "dvar2": 722043273216, "min": 646098.875}, "dynamic_complexity": 2.55850028992, "melbands_crest": {"dvar": 9.73551559448, "var": 27.2977294922, "median": 13.5352973938, "max": 32.4874992371, "dmean": 2.74721002579, "dmean2": 4.4158449173, "mean": 14.4273118973, "dvar2": 25.5243587494, "min": 2.24973320961}, "zerocrossingrate": {"dvar": 0.000131351378514, "var": 0.00161467085127, "median": 0.0458984375, "max": 0.80712890625, "dmean": 0.00724070891738, "dmean2": 0.00873510353267, "mean": 0.0506797656417, "dvar2": 0.000135585709359, "min": 0.00390625}, "spectral_energyband_low": {"dvar": 0.000556110171601, "var": 0.00043937395094, "median": 0.0117852054536, "max": 0.194416850805, "dmean": 0.00928846560419, "dmean2": 0.0157533325255, "mean": 0.016569385305, "dvar2": 0.00149701896589, "min": 7.26711224555e-23}, "melbands_kurtosis": {"dvar": 245.471115112, "var": 1427.63037109, "median": 3.05554890633, "max": 743.09753418, "dmean": 5.45374441147, "dmean2": 8.76293182373, "mean": 11.4342317581, "dvar2": 562.671508789, "min": -1.47369337082}, "spectral_energyband_middle_high": {"dvar": 7.71428767621e-06, "var": 4.95987223985e-05, "median": 0.00909280963242, "max": 0.0713662654161, "dmean": 0.00232217763551, "dmean2": 0.00353088509291, "mean": 0.010081762448, "dvar2": 1.80566312338e-05, "min": 1.7180504972e-21}, "barkbands_spread": {"dvar": 39.1986312866, "var": 154.05619812, "median": 20.4450721741, "max": 148.198135376, "dmean": 4.20898628235, "dmean2": 6.37187480927, "mean": 21.7169246674, "dvar2": 77.2560653687, "min": 0.276286095381}, "mfcc": {"mean": [-625.956970215, 138.809341431, -9.69062328339, 17.9219779968, 5.81110239029, 21.0676288605, 2.70817995071, 7.83688259125, 7.6292886734, 5.89778280258, -0.959476828575, -0.687436342239, -1.29544866085], "cov": [[10046.4677734, -195.892959595, -906.702270508, -801.315124512, -766.888000488, -310.03805542, -506.390838623, -53.7503318787, -152.448730469, -88.0498733521, -161.870773315, 23.0686016083, 55.0073547363], [-195.892959595, 1220.5078125, -477.846557617, 23.9999637604, -73.2889328003, 30.4348487854, 55.8268966675, -50.0424880981, 19.8715438843, -0.17290122807, -8.34122753143, 2.3856716156, 16.5273990631], [-906.702270508, -477.846557617, 905.978271484, -51.2211990356, 164.772064209, -12.1261291504, -52.4818687439, 69.2711105347, -45.3581733704, 45.6195259094, 70.0277328491, -8.33133125305, -47.1338348389], [-801.315124512, 23.9999637604, -51.2211990356, 443.620117188, 113.722190857, 55.1200752258, 50.7264137268, -79.4546508789, 40.8491668701, -41.9151878357, -23.6952152252, 20.7725410461, 23.9840393066], [-766.888000488, -73.2889328003, 164.772064209, 113.722190857, 259.166717529, 34.4259300232, 1.0108038187, -0.549037694931, 17.5376682281, -12.766500473, -2.54844498634, -13.3184480667, -1.92363023758], [-310.03805542, 30.4348487854, -12.1261291504, 55.1200752258, 34.4259300232, 137.502929688, 75.9933319092, 1.68672835827, 2.99910473824, 1.77854049206, 1.16465890408, -7.64851379395, -1.73319196701], [-506.390838623, 55.8268966675, -52.4818687439, 50.7264137268, 1.0108038187, 75.9933319092, 207.644515991, 6.04011058807, 7.03008270264, 0.681730806