{"tonal": {"chords_key": "B", "hpcp_entropy": {"dmean": 0.651982307434, "dmean2": 1.09625828266, "max": 4.42798900604, "dvar": 0.304323405027, "mean": 2.17795109749, "dvar2": 0.845962047577, "min": 0, "var": 0.587675035, "median": 2.1735253334}, "key_key": "B", "chords_strength": {"dmean": 0.0116129377857, "dmean2": 0.0117726065218, "max": 0.753909766674, "dvar": 9.56792864599e-05, "mean": 0.481242418289, "dvar2": 0.000124490339658, "min": 0.205567345023, "var": 0.0115582020953, "median": 0.482370853424}, "key_scale": "major", "chords_number_rate": 0.00453421287239, "thpcp": [1, 0.628939270973, 0.298872411251, 0.241260051727, 0.245453938842, 0.45543628931, 0.620297670364, 0.420803278685, 0.256646633148, 0.275914728642, 0.321188181639, 0.539311587811, 0.608037531376, 0.38290861249, 0.328760206699, 0.381782114506, 0.363287299871, 0.378616899252, 0.332912057638, 0.267551243305, 0.510537803173, 0.706328988075, 0.503072440624, 0.422702074051, 0.464387714863, 0.347843587399, 0.332134634256, 0.414605528116, 0.36685436964, 0.299610793591, 0.26694855094, 0.231867402792, 0.282577216625, 0.344310671091, 0.358958303928, 0.721132516861], "key_strength": 0.769898712635, "tuning_nontempered_energy_ratio": 0.696812748909, "tuning_frequency": 440.508575439, "chords_changes_rate": 0.0610057711601, "tuning_diatonic_strength": 0.550806760788, "chords_scale": "major", "chords_histogram": [47.0733718872, 7.54328107834, 7.74938154221, 0.288540810347, 2.39076662064, 0.288540810347, 1.19538331032, 0.453421264887, 0.577081620693, 2.06100583076, 0, 0, 0, 0.16488045454, 0, 0.16488045454, 5.27617454529, 1.44270408154, 0, 0.0824402272701, 1.11294317245, 6.76009893417, 0.824402332306, 14.5507011414], "tuning_equal_tempered_deviation": 0.0495322458446, "hpcp": {"dmean": [0.119168609381, 0.109600253403, 0.108336851001, 0.12004686147, 0.131715044379, 0.164605140686, 0.160678058863, 0.152725383639, 0.122703552246, 0.095956467092, 0.0893247574568, 0.120960906148, 0.127185583115, 0.115831889212, 0.0932465419173, 0.0951279625297, 0.100741505623, 0.130448505282, 0.142133921385, 0.1124792099, 0.0997848510742, 0.101157449186, 0.118511721492, 0.143233790994, 0.126602858305, 0.0998919457197, 0.128543809056, 0.150591909885, 0.141559675336, 0.136444866657, 0.122658908367, 0.126320898533, 0.115608528256, 0.127851173282, 0.126386359334, 0.122947268188], "dmean2": [0.220220208168, 0.207263663411, 0.198731586337, 0.215332239866, 0.238931387663, 0.283041208982, 0.27302980423, 0.266777068377, 0.223488658667, 0.175169721246, 0.159215018153, 0.209511578083, 0.213785931468, 0.200244992971, 0.168460607529, 0.171199515462, 0.179554507136, 0.223907753825, 0.239010959864, 0.19482499361, 0.177225440741, 0.17770023644, 0.208728998899, 0.254674434662, 0.227344557643, 0.178739860654, 0.223119735718, 0.257642328739, 0.249449402094, 0.247277215123, 0.225363984704, 0.228738561273, 0.206927269697, 0.227426663041, 0.224569112062, 0.223215132952], "max": [1, 1, 1, 1, 1, 1, 1, 1, 1, 1, 1, 1, 1, 1, 1, 1, 1, 1, 1, 1, 1, 1, 1, 1, 1, 1, 1, 1, 1, 1, 1, 1, 1, 1, 1, 1], "dvar": [0.0457838028669, 0.0452014803886, 0.0383214578032, 0.0405849069357, 0.0452158711851, 0.0484007000923, 0.0531673543155, 0.0453510321677, 0.0433101132512, 0.0328328832984, 0.0262314621359, 0.0349346660078, 0.0398590117693, 0.0329891219735, 0.0311606470495, 0.0320208594203, 0.0314947851002, 0.0378999859095, 0.0413744933903, 0.0309101752937, 0.0337447412312, 0.0390286743641, 0.0402815975249, 0.0484667047858, 0.0420687943697, 0.0337837301195, 0.0386603996158, 0.0461072996259, 0.044540617615, 0.0530481636524, 0.0536164417863, 0.0532689988613, 0.0432973541319, 0.0499599948525, 0.0453227050602, 0.0456670336425], "mean": [0.0916889682412, 0.0796396285295, 0.0970569550991, 0.118260584772, 0.123291619122, 0.247687801719, 0.343470573425, 0.216022133827, 0.102653883398, 0.082865729928, 0.0843062028289, 0.156428962946, 0.213054001331, 0.144533544779, 0.0881505683064, 0.0947685912251, 0.110318690538, 0.185237661004, 0.208843007684, 0.131517842412, 0.112919457257, 0.13113091886, 0.124778501689, 0.130043759942, 0.114345490932, 0.0918959751725, 0.175354719162, 0.242603227496, 0.172790572047, 0.145185723901, 0.159503519535, 0.119474038482, 0.114078469574, 0.142404794693, 0.126003682613, 0.102907493711], "dvar2": [0.129873767495, 0.127683654428, 0.108707115054, 0.114957690239, 0.131891414523, 0.132992997766, 0.128662899137, 0.128731906414, 0.122462548316, 0.0932369381189, 0.0757574737072, 0.0951108708978, 0.0949175581336, 0.0884419679642, 0.0868136510253, 0.0915679335594, 0.0881268456578, 0.0980234518647, 0.103205636144, 0.0844102203846, 0.0905391722918, 0.100400269032, 0.113468393683, 0.131263837218, 0.116722874343, 0.0946439802647, 0.105744645, 0.123027965426, 0.122947916389, 0.145983561873, 0.140138730407, 0.146932274103, 0.120427951217, 0.137497782707, 0.123917192221, 0.129135772586], "min": [0, 0, 0, 0, 0, 0, 0, 0, 0, 0, 0, 0, 0, 0, 0, 0, 0, 0, 0, 0, 0, 0, 0, 0, 0, 0, 0, 0, 0, 0, 0, 0, 0, 0, 0, 0], "var": [0.0329340584576, 0.0301457438618, 0.0278826598078, 0.0348177105188, 0.0362766906619, 0.0809708461165, 0.140373528004, 0.0643986016512, 0.0343827083707, 0.0255045928061, 0.0225954856724, 0.0561577007174, 0.0952755734324, 0.0464390031993, 0.0288924537599, 0.0302971880883, 0.0316421240568, 0.0609213449061, 0.0708972215652, 0.0351655632257, 0.0447025150061, 0.0648363903165, 0.0482200160623, 0.0441174693406, 0.0355351269245, 0.0280314423144, 0.0553538426757, 0.0856783986092, 0.0539537370205, 0.0645334497094, 0.0855554714799, 0.0501022227108, 0.0403955951333, 0.0601760707796, 0.0458356961608, 0.0351755879819], "median": [0.0241586863995, 0.0199692137539, 0.0380943790078, 0.0477657839656, 0.049058996141, 0.102612435818, 0.145246908069, 0.0939052328467, 0.0317872986197, 0.0260622426867, 0.0301850158721, 0.0495635569096, 0.0598454847932, 0.0459567829967, 0.0279191918671, 0.0324240662158, 0.0449842661619, 0.0800812095404, 0.0907205045223, 0.057728189975, 0.0280341599137, 0.0222467556596, 0.0319418385625, 0.0422708690166, 0.0431575104594, 0.0313186794519, 0.0801088064909, 0.114587768912, 0.0745667815208, 0.0314331501722, 0.0277787167579, 0.0290507655591, 0.0353063009679, 0.0361060351133, 0.0376245900989, 0.0316094011068]}}, "lowlevel": {"melbands_flatness_db": {"dmean": 0.0265535805374, "dmean2": 0.0441571474075, "max": 0.639006376266, "dvar": 0.000830669596326, "mean": 0.185353040695, "dvar2": 0.00220333482139, "min": 0.00565680861473, "var": 0.012220791541, "median": 0.153821319342}, "melbands_crest": {"dmean": 3.51185154915, "dmean2": 5.93784379959, "max": 30.777048111, "dvar": 10.5943908691, "mean": 14.4401817322, "dvar2": 29.6957626343, "min": 2.23712897301, "var": 23.8285961151, "median": 13.873705864}, "spectral_entropy": {"dmean": 0.102896653116, "dmean2": 0.157590776682, "max": 9.79115104675, "dvar": 0.0116987302899, "mean": 7.69803762436, "dvar2": 0.0247043799609, "min": 4.57924699783, "var": 0.520390570164, "median": 7.89652347565}, "melbands": {"dmean": [0.00107485509943, 0.00286477431655, 0.00101289351005, 0.000619043363258, 0.000248743599514, 0.000173642067239, 9.83614154393e-05, 0.000172247178853, 0.000140797332278, 9.87761814031e-05, 9.92870918708e-05, 5.03487026435e-05, 5.92582437093e-05, 5.83876826568e-05, 7.95973173808e-05, 3.55632910214e-05, 3.79481389245e-05, 4.64524782728e-05, 5.20938192494e-05, 3.79967095796e-05, 3.53172436007e-05, 4.06374456361e-05, 2.17123106268e-05, 1.47583559738e-05, 1.17409636005e-05, 9.14252632356e-06, 8.08420827525e-06, 5.73114448343e-06, 4.4001490096e-06, 4.83285566588e-06, 3.98096108256e-06, 3.30566331286e-06, 3.52290567207e-06, 2.82311088995e-06, 2.17948240788e-06, 1.71131443949e-06, 1.29295654006e-06, 1.00135741832e-06, 8.11587881344e-07, 7.54553809656e-07], "dmean2": [0.00191873940639, 0.00520327640697, 0.00178458017763, 0.00105648452882, 0.000410567794461, 0.000294612662401, 0.000160572235473, 0.000265752954874, 0.000213368082768, 0.000147106547956, 0.000150552979903, 7.89726400399e-05, 9.16278586374e-05, 8.96513156476e-05, 0.000119363605336, 5.55538026674e-05, 6.05444402026e-05, 7.30431929696e-05, 8.18787302705e-05, 5.940678966e-05, 5.6586071878e-05, 6.63331884425e-05, 3.45094304066e-05, 2.37920557993e-05, 1.89842285181e-05, 1.51054764501e-05, 1.34716792672e-05, 9.50994217419e-06, 7.3670285019e-06, 8.05557556305e-06, 6.57768941892e-06, 5.37407277079e-06, 5.743278507e-06, 4.71627299703e-06, 3.62868740922e-06, 2.79730898001e-06, 2.06589288609e-06, 1.55536531565e-06, 1.2575396795e-06, 1.17891386253e-06], "max": [0.019062448293, 0.0413752570748, 0.0126811759546, 0.0120564037934, 0.00490436051041, 0.00479438900948, 0.00301523460075, 0.00507782399654, 0.00465656397864, 0.00332240294665, 0.0043600439094, 0.00291285733692, 0.00294014532119, 0.00448079360649, 0.0028786114417, 0.00189869373571, 0.00117179774679, 0.0016964438837, 0.00356846489012, 0.00242206314579, 0.00228303158656, 0.00153880962171, 0.000734111643396, 0.000448437000159, 0.000415403686929, 0.000557814841159, 0.000288778741378, 0.000159610121045, 0.00014029405429, 0.000108053769509, 0.000123283374705, 0.000134079309646, 0.000106271356344, 0.000113331254397, 0.000105024577351, 7.51415936975e-05, 5.31426740054e-05, 5.23903036083e-05, 5.00774112879e-05, 5.58924912184e-05], "dvar": [4.88471641802e-06, 3.05451867462e-05, 2.11945484807e-06, 1.40997599374e-06, 1.48478193296e-07, 6.57536816107e-08, 3.31331158065e-08, 1.01689032306e-07, 9.90582407212e-08, 3.96320167795e-08, 4.72404977359e-08, 1.18034924057e-08, 1.89603834855e-08, 2.42106956705e-08, 2.84099535008e-08, 6.04960836981e-09, 7.45452144457e-09, 1.10469704495e-08, 1.69962017793e-08, 6.45996811599e-09, 4.91180696116e-09, 4.62861970973e-09, 1.31671518133e-09, 4.70550598486e-10, 2.51614784563e-10, 1.96056268442e-10, 1.35146921432e-10, 7.9877000847e-11, 4.67403338256e-11, 4.63237850856e-11, 3.87516269074e-11, 4.03824300388e-11, 3.99232036319e-11, 3.69039868109e-11, 2.27951338361e-11, 1.35424449432e-11, 7.99618270902e-12, 6.40501844271e-12, 6.5683964344e-12, 6.09049963241e-12], "mean": [0.00136975152418, 0.00380466156639, 0.00158442091197, 0.000800747133326, 0.000406201841542, 0.000291936681606, 0.000177515408723, 0.00032207192271, 0.000270839896984, 0.000194914988242, 0.000191986342543, 9.32681650738e-05, 0.000104881815787, 0.000106124047306, 0.000139247596962, 5.77544997213e-05, 5.63602225157e-05, 7.16451540939e-05, 8.62118613441e-05, 7.11516622687e-05, 7.07925646566e-05, 7.56982335588e-05, 4.46665762865e-05, 3.08362541546e-05, 2.59323023784e-05, 2.07350276469e-05, 1.72356194525e-05, 1.17353165479e-05, 9.28653480514e-06, 1.08047379399e-05, 8.07096967037e-06, 6.61445665173e-06, 7.23852554074e-06, 4.75074057249e-06, 3.61292768503e-06, 3.12253428092e-06, 2.4849480269e-06, 1.86060049145e-06, 1.43479951475e-06, 1.29053648834e-06], "dvar2": [1.39082258102e-05, 8.67326525622e-05, 5.95011897531e-06, 3.77069363822e-06, 3.72308335272e-07, 1.79454403337e-07, 8.10374487514e-08, 2.24156224249e-07, 2.15260882896e-07, 8.08364504223e-08, 9.97366029765e-08, 2.58567425249e-08, 4.13099776608e-08, 5.76369778571e-08, 6.21202218554e-08, 1.37521469767e-08, 1.78878014623e-08, 2.56568633006e-08, 4.12830907237e-08, 1.53429500216e-08, 1.14184777189e-08, 1.15530225386e-08, 3.0369724513e-09, 1.16543996675e-09, 6.21185269889e-10, 5.21949872212e-10, 3.47908868381e-10, 2.08908126909e-10, 1.24405166724e-10, 1.22593171725e-10, 9.56167089949e-11, 9.56440135425e-11, 9.22727935726e-11, 8.37933680775e-11, 5.18355254553e-11, 3.29873767191e-11, 1.83263768744e-11, 1.43016657544e-11, 1.38760626253e-11, 1.29313183425e-11], "min": [1.04497398555e-23, 6.59172409061e-24, 2.99163704835e-24, 1.47379695924e-23, 2.28053834351e-23, 8.81546066242e-24, 8.22874773074e-24, 1.03257466984e-23, 1.68196567699e-23, 1.32802887459e-23, 2.4506926431e-24, 1.16614830596e-23, 1.56746582981e-23, 1.43024347535e-23, 9.96053328711e-24, 1.02999548911e-23, 6.01290805103e-24, 7.84894985906e-24, 7.38452220061e-24, 7.36295711004e-24, 5.03426851125e-24, 5.91589314804e-24, 1.01543406343e-23, 8.80594384446e-24, 9.21245727955e-24, 7.97963571206e-24, 9.43800207868e-24, 1.08248353273e-23, 9.52134050016e-24, 8.26249283368e-24, 8.74565514977e-24, 7.95590677603e-24, 1.32874642247e-23, 1.14256491476e-23, 1.35365533664e-23, 1.24735514637e-23, 1.5152732146e-23, 1.37545345672e-23, 9.95958586516e-24, 8.31528892749e-24], "var": [3.79448033527e-06, 2.21604186663e-05, 2.05716241908e-06, 1.25808821849e-06, 2.33533555161e-07, 9.88625785681e-08, 5.91396904781e-08, 2.68927095703e-07, 3.11149221943e-07, 1.08402382182e-07, 1.08592217885e-07, 2.72535256585e-08, 3.56610136976e-08, 4.8517343032e-08, 6.73338220736e-08, 1.10141114007e-08, 9.8316403907e-09, 1.60494550983e-08, 2.15062510023e-08, 1.20479022314e-08, 1.19317489222e-08, 1.12130278396e-08, 2.96365110231e-09, 9.61743351624e-10, 5.46428180481e-10, 3.33364169602e-10, 2.57802251769e-10, 1.22712409678e-10, 7.07025896163e-11, 8.735584478e-11, 6.60137708386e-11, 6.72359320997e-11, 7.70023350638e-11, 6.02439903519e-11, 3.43193251595e-11, 2.02644099417e-11, 1.51189703118e-11, 1.25136932067e-11, 1.27682803566e-11, 1.14128793222e-11], "median": [0.000775252934545, 0.00268910359591, 0.00124406220857, 0.000450168037787, 0.000255283637671, 0.000197730929358, 0.000107353174826, 0.000136122194817, 7.62791605666e-05, 8.69478535606e-05, 7.44848439354e-05, 4.71048624604e-05, 5.14228413522e-05, 4.67860772915e-05, 5.16822910868e-05, 2.85759178951e-05, 2.89750169031e-05, 3.90148707083e-05, 4.90468446515e-05, 4.20487085648e-05, 4.52252352261e-05, 5.29189856024e-05, 2.9924320188e-05, 2.35115694522e-05, 2.22883900278e-05, 1.81705418072e-05, 1.41887094287e-05, 9.53413291427e-06, 7.81525432103e-06, 9.24418418435e-06, 6.48116110824e-06, 5.05699426867e-06, 5.63400499232e-06, 3.00117426377e-06, 2.05689775612e-06, 1.9381200218e-06, 1.42453313856e-06, 9.31459567255e-07, 7.41183782793e-07, 6.53312781651e-07]}, "silence_rate_60dB": {"dmean": 0.000412371126004, "dmean2": 0.000824912334792, "max": 1, "dvar": 0.000412206951296, "mean": 0.0352504625916, "dvar2": 0.000824266579002, "min": 0, "var": 0.0340078733861, "median": 0}, "spectral_energyband_middle_high": {"dmean": 0.00228538853116, "dmean2": 0.00336426752619, "max": 0.0405566990376, "dvar": 7.07453227733e-06, "mean": 0.00869590602815, "dvar2": 1.50447831402e-05, "min": 1.30753071525e-21, "var": 3.37821220455e-05, "median": 0.00745205162093}, "erbbands_skewness": {"dmean": 0.274849593639, "dmean2": 0.420220226049, "max": 2.82938599586, "dvar": 0.0691361799836, "mean": -0.144749224186, "dvar2": 0.152634903789, "min": -2.77972102165, "var": 0.572444915771, "median": -0.289688676596}, "dynamic_complexity": 2.31371808052, "dissonance": {"dmean": 0.0146003961563, "dmean2": 0.0249557606876, "max": 0.499999761581, "dvar": 0.000354292016709, "mean": 0.469552189112, "dvar2": 0.00110652751755, "min": 0.203125312924, "var": 0.00155404454563, "median": 0.481890529394}, "spectral_skewness": {"dmean": 0.194383710623, "dmean2": 0.32349216938, "max": 11.41746521, "dvar": 0.0841512531042, "mean": 1.63689577579, "dvar2": 0.233824834228, "min": 0.0016430754913, "var": 2.63874363899, "median": 1.24112510681}, "spectral_kurtosis": {"dmean": 1.91658186913, "dmean2": 3.28205776215, "max": 182.73387146, "dvar": 31.6717262268, "mean": 8.47430419922, "dvar2": 90.0699462891, "min": -1.22598993778, "var": 559.914916992, "median": 3.09877586365}, "gfcc": {"cov": [[17609.8945312, -3692.14306641, -3508.88574219, 589.589050293, -307.941894531, 904.355957031, -848.616394043, 324.547546387, -184.884475708, 225.014404297, -373.191253662, 52.5643615723, -316.165740967], [-3692.14306641, 1904.03613281, 655.529418945, -312.083129883, 80.0992660522, -314.087097168, 302.509033203, -194.855438232, 74.5248260498, -124.218528748, 157.032485962, -39.1330299377, 85.2348480225], [-3508.88574219, 655.529418945, 1184.14404297, -79.6650848389, 79.1995544434, -142.387283325, 161.815185547, -51.9457702637, -3.64360547066, -50.6859169006, 71.3846969604, 3.27042675018, 79.8539123535], [589.589050293, -312.083129883, -79.6650848389, 352.415527344, 35.5146560669, 39.9859809875, -100.903701782, 37.9543571472, 20.7543678284, 5.70264625549, -28.0919933319, -0.0454244017601, 30.5111026764], [-307.941894531, 80.0992660522, 79.1995544434, 35.5146560669, 190.989151001, -11.4458475113, 25.7928905487, -16.4876651764, 13.7654733658, 14.4814691544, -2.07182335854, 8.52762413025, 17.5020999908], [904.355957031, -314.087097168, -142.387283325, 39.9859809875, -11.4458475113, 199.02432251, 10.5425205231, 45.4916572571, -21.4232749939, 13.7084217072, -7.34931612015, 2.60062074661, -26.7383613586], [-848.616394043, 302.509033203, 161.815185547, -100.903701782, 25.7928905487, 10.5425205231, 210.487518311, -8.88097763062, 0.556988120079, -19.4000930786, 22.5202312469, 2.99260449409, -5.44513940811], [324.547546387, -194.855438232, -51.9457702637, 37.9543571472, -16.4876651764, 45.4916572571, -8.88097763062, 110.385826111, 33.8105735779, 14.2677564621, -19.1417179108, -2.12120437622, -13.2756490707], [-184.884475708, 74.5248260498, -3.64360547066, 20.7543678284, 13.7654733658, -21.4232749939, 0.556988120079, 33.8105735779, 92.7823104858, 23.0090198517, 3.60860896111, -15.2719526291, -3.26797413826], [225.014404297, -124.218528748, -50.6859169006, 5.70264625549, 14.4814691544, 13.7084217072, -19.4000930786, 14.2677564621, 23.0090198517, 77.6002044678, 5.95975160599, 3.72605824471, -18.16563797], [-373.191253662, 157.032485962, 71.3846969604, -28.0919933319, -2.07182335854, -7.34931612015, 22.5202312469, -19.1417179108, 3.60860896111, 5.95975160599, 70.9103469849, 14.0542802811, 2.60976004601], [52.5643615723, -39.1330299377, 3.27042675018, -0.0454244017601, 8.52762413025, 2.60062074661, 2.99260449409, -2.12120437622, -15.2719526291, 3.72605824471, 14.0542802811, 58.6062316895, 18.8814697266], [-316.165740967, 85.2348480225, 79.8539123535, 30.5111026764, 17.5020999908, -26.7383613586, -5.44513940811, -13.2756490707, -3.26797413826, -18.16563797, 2.60976004601, 18.8814697266, 65.3215484619]], "mean": [28.6590080261, 86.003326416, -114.393424988, 44.1723670959, -49.0459480286, 14.4770050049, -33.0503616333, 7.92096662521, -19.8426952362, -2.37346386909, -19.9896316528, -1.03660714626, -14.1808052063], "icov": [[0.00024759065127, -3.65456071449e-05, 0.00050572573673, -0.000104438629933, 6.53684182907e-05, -0.000637201417703, 0.00056221144041, -0.000146647027577, 0.000425622944022, -0.000206882192288, 0.000622715742793, -0.000473502790555, 0.000491074519232], [-3.65456071449e-05, 0.00260788947344, -0.000154720488354, 0.00111054710578, -0.000580032006837, 0.00244115199894, -0.00253560347483, 0.0024696381297, -0.00290440605022, 0.0031871269457, -0.00425189780071, 0.00279990187846, -0.00236259168014], [0.00050572573673, -0.000154720488354, 0.00227055116557, -0.000235724946833, -0.000207970224437, -0.000562575121876, 0.000355558091542, -0.000788226141594, 0.00149173208047, -0.000359778146958, 0.000245387142058, -0.000229049532209, -0.00029004632961], [-0.000104438629933, 0.00111054710578, -0.000235724946833, 0.00449948897585, -0.00119814404752, 8.91495219548e-05, 0.000692128960509, 0.000293953664368, -0.00226841494441, 0.00184260902461, -0.0014091694029, 0.00169980083592, -0.00332924164832], [6.53684182907e-05, -0.000580032006837, -0.000207970224437, -0.00119814404752, 0.00637816172093, -0.000788684061263, -0.000504070718307, 0.00118058093358, -0.000445298937848, -0.0026100599207, 0.002541157417, -0.00172324781306, -0.000298277824186], [-0.000637201417703, 0.00244115199894, -0.000562575121876, 8.91495219548e-05, -0.000788684061263, 0.0110809970647, -0.00529201328754, -0.000783904863056, 1.89929705812e-05, 0.00227670813911, -0.00650042388588, 0.00408518780023, -0.00176373426802], [0.00056221144041, -0.00253560347483, 0.000355558091542, 0.000692128960509, -0.000504070718307, -0.00529201328754, 0.0105158481747, -0.00254319631495, 0.00226798467338, -0.00114393082913, 0.00459268363193, -0.0044218194671, 0.0044903983362], [-0.000146647027577, 0.0024696381297, -0.000788226141594, 0.000293953664368, 0.00118058093358, -0.000783904863056, -0.00254319631495, 0.0161316953599, -0.00933320820332, 0.00285325665027, 5.59312575206e-05, -0.000123351215734, -0.000316719349939], [0.000425622944022, -0.00290440605022, 0.00149173208047, -0.00226841494441, -0.000445298937848, 1.89929705812e-05, 0.00226798467338, -0.00933320820332, 0.0203427281231, -0.00831790547818, 0.00223098322749, 0.0020023630932, 0.00154177856166], [-0.000206882192288, 0.0031871269457, -0.000359778146958, 0.00184260902461, -0.0026100599207, 0.00227670813911, -0.00114393082913, 0.00285325665027, -0.00831790547818, 0.0210051331669, -0.00724529707804, 0.00031464768108, 0.00215870072134], [0.000622715742793, -0.00425189780071, 0.000245387142058, -0.0014091694029, 0.002541157417, -0.00650042388588, 0.00459268363193, 5.59312575206e-05, 0.00223098322749, -0.00724529707804, 0.0263969600201, -0.011011198163, 0.0061977817677], [-0.000473502790555, 0.00279990187846, -0.000229049532209, 0.00169980083592, -0.00172324781306, 0.00408518780023, -0.0044218194671, -0.000123351215734, 0.0020023630932, 0.00031464768108, -0.011011198163, 0.0265998207033, -0.0117801530287], [0.000491074519232, -0.00236259168014, -0.00029004632961, -0.00332924164832, -0.000298277824186, -0.00176373426802, 0.0044903983362, -0.000316719349939, 0.00154177856166, 0.00215870072134, 0.0061977817677, -0.0117801530287, 0.0261810719967]]}, "spectral_complexity": {"dmean": 4.26515483856, "dmean2": 6.61125993729, "max": 56, "dvar": 17.3313350677, "mean": 30.5670986176, "dvar2": 37.0811691284, "min": 0, "var": 138.546463013, "median": 33}, "spectral_flux": {"dmean": 0.0292502623051, "dmean2": 0.0465120226145, "max": 0.324780881405, "dvar": 0.00134343386162, "mean": 0.102709628642, "dvar2": 0.00254465336911, "min": 1.03321989853e-10, "var": 0.00271963584237, "median": 0.0927323848009}, "spectral_energyband_low": {"dmean": 0.0110850129277, "dmean2": 0.0200715530664, "max": 0.143233045936, "dvar": 0.000449909537565, "mean": 0.0159550327808, "dvar2": 0.00127104320563, "min": 5.20114233276e-23, "var": 0.000329528644215, "median": 0.0121560776606}, "spectral_decrease": {"dmean": 3.43413719683e-09, "dmean2": 6.04421357409e-09, "max": 3.25627855314e-20, "dvar": 3.02135891279e-17, "mean": -8.85629347636e-09, "dvar2": 8.50064001716e-17, "min": -4.13230978324e-08, "var": 2.77076256099e-17, "median": -8.19003620478e-09}, "barkbands_spread": {"dmean": 6.50593614578, "dmean2": 10.5182847977, "max": 97.0698699951, "dvar": 56.4546051025, "mean": 30.3554706573, "dvar2": 137.44833374, "min": 0.919963955879, "var": 191.625915527, "median": 31.3418960571}, "spectral_rms": {"dmean": 0.000972542911768, "dmean2": 0.00166103162337, "max": 0.0124623114243, "dvar": 1.66065456142e-06, "mean": 0.00569929974154, "dvar2": 4.61948366137e-06, "min": 3.22723683714e-12, "var": 2.96178518511e-06, "median": 0.00576113024727}, "spectral_centroid": {"dmean": 249.358352661, "dmean2": 404.563262939, "max": 10895.2333984, "dvar": 76594.078125, "mean": 1660.00097656, "dvar2": 174237.296875, "min": 171.931915283, "var": 365893.25, "median": 1750.51953125}, "barkbands_skewness": {"dmean": 0.53561848402, "dmean2": 0.890766561031, "max": 11.0191364288, "dvar": 0.427100926638, "mean": 1.14518105984, "dvar2": 1.12596797943, "min": -1.95600438118, "var": 0.863453090191, "median": 1.00241720676}, "spectral_rolloff": {"dmean": 596.659606934, "dmean2": 1002.59344482, "max": 19487.5488281, "dvar": 837807.5625, "mean": 1820.25866699, "dvar2": 1919640.625, "min": 86.1328125, "var": 1710056, "median": 1851.85546875}, "erbbands_spread": {"dmean": 8.86403465271, "dmean2": 14.1659975052, "max": 148.835144043, "dvar": 94.5645065308, "mean": 38.7341461182, "dvar2": 233.139144897, "min": 4.4198846817, "var": 349.31930542, "median": 37.1746444702}, "barkbands": {"dmean": [0.000143852565088, 0.00517677236348, 0.00602308567613, 0.00168344925623, 0.0024899058044, 0.000866026326548, 0.000591109681409, 0.000868689967319, 0.00081237393897, 0.000421057426138, 0.000443253869889, 0.000707593921106, 0.000370489899069, 0.000447366648586, 0.00066847220296, 0.00053959118668, 0.000549211108591, 0.000342390936567, 0.000234762977925, 0.000188584555872, 0.000167915015481, 0.000158278213348, 0.000128856641822, 8.35524260765e-05, 6.24263193458e-05, 2.21407135541e-05, 4.19873049395e-06], "dmean2": [0.000212721817661, 0.00930997543037, 0.0108439810574, 0.00295264879242, 0.00419352902099, 0.00146212708205, 0.000930084090214, 0.00134616857395, 0.0012035187101, 0.000653263705317, 0.000693280890118, 0.0010588071309, 0.000589835573919, 0.000712383131031, 0.00104570796248, 0.000858441693708, 0.000890357361641, 0.000545331567992, 0.00038358772872, 0.000313052529236, 0.000278358260402, 0.000253739126492, 0.000214961706661, 0.0001304892794, 9.78740426945e-05, 3.43887331837e-05, 6.58827593725e-06], "max": [0.00294100074098, 0.0924800187349, 0.0802081674337, 0.0236844755709, 0.0457847230136, 0.0230123084038, 0.0213133394718, 0.0291963890195, 0.0251496676356, 0.0191529709846, 0.0193657726049, 0.0306435320526, 0.0140577051789, 0.0118820182979, 0.0333147421479, 0.02514853701, 0.0165404994041, 0.00884203240275, 0.00856872741133, 0.00490492396057, 0.00507027516142, 0.0051032663323, 0.00509729003534, 0.0036509486381, 0.00468255300075, 0.00182899122592, 0.000185199052794], "dvar": [8.36406357507e-08, 0.00011121204443, 0.000119132972031, 4.94839969178e-06, 2.03338804567e-05, 1.52635777795e-06, 1.29739862587e-06, 3.30330476572e-06, 2.69684164778e-06, 9.90562512015e-07, 1.0580728258e-06, 2.33307127928e-06, 6.3567944153e-07, 8.79964431988e-07, 2.05690366784e-06, 1.25503709114e-06, 7.01396288605e-07, 2.55348254541e-07, 9.31538721716e-08, 7.53816209453e-08, 6.27704395129e-08, 8.71805667657e-08, 8.093234527e-08, 3.95298904721e-08, 4.542591725e-08, 4.42980852e-09, 7.67746213826e-11], "mean": [0.000155309870024, 0.00667346315458, 0.00763213029131, 0.00236314232461, 0.00346022890881, 0.00147502939217, 0.00105235341471, 0.00154318101704, 0.00162191397976, 0.000720850541256, 0.000754422391765, 0.00128714856692, 0.000600330764428, 0.000674575974699, 0.00112685305066, 0.00103964784648, 0.0010863461066, 0.000744664110243, 0.000578711100388, 0.00042849779129, 0.000406972394558, 0.000343308493029, 0.000227722382988, 0.000175589797436, 0.000112538335088, 3.84614249924e-05, 6.49569210509e-06], "dvar2": [1.72199932535e-07, 0.000318234844599, 0.000337602687068, 1.39837502502e-05, 5.39919565199e-05, 4.10464508604e-06, 2.91030914923e-06, 7.23134780856e-06, 5.48570915271e-06, 2.14237934415e-06, 2.31828880715e-06, 5.25724999534e-06, 1.58657474003e-06, 2.06309550776e-06, 4.90084494231e-06, 3.04160607811e-06, 1.75556147042e-06, 5.99246561706e-07, 2.37242161916e-07, 1.95294020955e-07, 1.61345724337e-07, 1.99767626441e-07, 1.84107960877e-07, 8.61366800109e-08, 9.91620510149e-08, 8.79904771267e-09, 1.77082459807e-10], "min": [1.65329263412e-23, 3.19027971846e-23, 6.12485332993e-24, 3.03824018961e-24, 1.09361188308e-22, 4.53656930306e-23, 3.97826120154e-23, 7.80690830598e-23, 8.45511909833e-23, 7.66875351793e-24, 1.35015109029e-22, 1.23842188038e-22, 1.0418114264e-22, 6.91320336883e-23, 9.62100566024e-23, 1.01685697918e-22, 1.24773624508e-22, 1.63337525311e-22, 2.28893027738e-22, 3.62296197325e-22, 3.41480518308e-22, 5.62584497551e-22, 7.25100193882e-22, 1.12281579147e-21, 1.04594504492e-21, 1.72031050165e-21, 2.42508393357e-21], "var": [1.05781801096e-07, 8.6377520347e-05, 9.14476477192e-05, 5.94835455558e-06, 2.00982067327e-05, 2.37183257923e-06, 2.81158850157e-06, 9.62226295087e-06, 7.88284978626e-06, 2.31588637689e-06, 1.94750577975e-06, 5.45438115296e-06, 1.03331763057e-06, 1.27494195112e-06, 3.05381195176e-06, 2.59774310507e-06, 1.71165913798e-06, 6.33120691873e-07, 2.10092196085e-07, 1.34716472644e-07, 1.19850312785e-07, 1.68168142523e-07, 1.26848050286e-07, 8.20638561549e-08, 8.65248637183e-08, 1.06395869892e-08, 1.51024345807e-10], "median": [2.06729091587e-05, 0.00388439232484, 0.00514787063003, 0.00160657777451, 0.00203035818413, 0.00103349972051, 0.000516569241881, 0.000474307016702, 0.000680383411236, 0.000280130974716, 0.000356519100023, 0.000517733860761, 0.000298710918287, 0.000350309390342, 0.000658630975522, 0.000631840666756, 0.000809373683296, 0.00054430263117, 0.000526963092852, 0.000366934196791, 0.000353890965926, 0.000271025259281, 0.000137259048643, 0.000100954253867, 5.58308529435e-05, 1.52559368871e-05, 2.42732448896e-06]}, "melbands_kurtosis": {"dmean": 7.2558760643, "dmean2": 12.6203804016, "max": 222.159561157, "dvar": 225.518554688, "mean": 9.78942298889, "dvar2": 617.116210938, "min": -1.58729732037, "var": 292.603546143, "median": 5.31625843048}, "erbbands_crest": {"dmean": 2.25934362411, "dmean2": 3.69376087189, "max": 29.6616382599, "dvar": 5.5526137352, "mean": 8.03499889374, "dvar2": 13.6249608994, "min": 2.1985001564, "var": 15.93754673, "median": 6.87586116791}, "melbands_skewness": {"dmean": 0.841525316238, "dmean2": 1.40595424175, "max": 13.4372062683, "dvar": 1.22007215023, "mean": 2.47027087212, "dvar2": 3.26841759682, "min": -1.1796463728, "var": 2.34434175491, "median": 2.18780136108}, "spectral_energyband_middle_low": {"dmean": 0.00457228533924, "dmean2": 0.00751990266144, "max": 0.0540998391807, "dvar": 3.12287229463e-05, "mean": 0.0117738498375, "dvar2": 7.98536202637e-05, "min": 3.61334140431e-22, "var": 5.89787887293e-05, "median": 0.0103802327067}, "spectral_contrast_coeffs": {"dmean": [0.0525157228112, 0.048101387918, 0.0376599803567, 0.0321102552116, 0.0210515279323, 0.0192801412195], "dmean2": [0.0893509611487, 0.0801585614681, 0.0606939420104, 0.0507252961397, 0.0343361310661, 0.030123565346], "max": [-0.366884350777, -0.445812731981, -0.491542458534, -0.533479213715, -0.620071291924, -0.582482755184], "dvar": [0.00189657916781, 0.00153893406969, 0.000986793311313, 0.000688044237904, 0.000315770768793, 0.000328196620103], "mean": [-0.630414783955, -0.732559382915, -0.766387462616, -0.764550745487, -0.789905786514, -0.735893130302], "dvar2": [0.00537031376734, 0.00413925666362, 0.00236831093207, 0.00167018955108, 0.000778624031227, 0.000709640735295], "min": [-0.955153107643, -0.96718364954, -0.959613084793, -0.950824975967, -0.959401369095, -0.960017025471], "var": [0.00464850245044, 0.00463577685878, 0.0043271984905, 0.00320029980503, 0.00167957751546, 0.00218092487194], "median": [-0.629410266876, -0.737060189247, -0.775971412659, -0.769181549549, -0.792691469193, -0.729177713394]}, "spectral_contrast_valleys": {"dmean": [0.408607721329, 0.339191287756, 0.29528439045, 0.258776813745, 0.204262793064, 0.240842819214], "dmean2": [0.689018845558, 0.559158980846, 0.476216137409, 0.404032111168, 0.316538780928, 0.356492221355], "max": [-5.14325475693, -5.06994867325, -5.34349346161, -5.87685441971, -5.59874391556, -7.586353302], "dvar": [0.129281640053, 0.0961646363139, 0.0798899829388, 0.075605943799, 0.0655003637075, 0.0937581062317], "mean": [-6.88959932327, -6.71326494217, -7.22713756561, -7.39500141144, -7.07786226273, -9.82247829437], "dvar2": [0.317591071129, 0.213855803013, 0.159808173776, 0.136581838131, 0.109000191092, 0.158576622605], "min": [-27.6451778412, -27.1331768036, -26.9751625061, -27.5381526947, -27.3025875092, -27.2255744934], "var": [0.768397152424, 1.40796852112, 2.01598000526, 2.54859757423, 2.66014432907, 2.61952924728], "median": [-6.77723932266, -6.49592018127, -6.91349077225, -6.98377609253, -6.59114265442, -9.35354423523]}, "silence_rate_20dB": {"dmean": 0, "dmean2": 0, "max": 1, "dvar": 0, "mean": 1, "dvar2": 0, "min": 1, "var": 0, "median": 1}, "silence_rate_30dB": {"dmean": 0, "dmean2": 0, "max": 1, "dvar": 0, "mean": 1, "dvar2": 0, "min": 1, "var": 0, "median": 1}, "spectral_strongpeak": {"dmean": 0.599893152714, "dmean2": 1.06693470478, "max": 13.3830623627, "dvar": 1.48573851585, "mean": 0.880194425583, "dvar2": 3.90115952492, "min": 0, "var": 1.66801440716, "median": 0.472897171974}, "spectral_spread": {"dmean": 412680.25, "dmean2": 608830.125, "max": 40549848, "dvar": 458648125440, "mean": 4352422.5, "dvar2": 641023344640, "min": 563640.25, "var": 2162517999620.0, "median": 4331532.5}, "barkbands_flatness_db": {"dmean": 0.0198241062462, "dmean2": 0.032991643995, "max": 0.495335221291, "dvar": 0.00046235678019, "mean": 0.119015216827, "dvar2": 0.00125196983572, "min": 0.0201370697469, "var": 0.00784252025187, "median": 0.0934111401439}, "pitch_salience": {"dmean": 0.0731332749128, "dmean2": 0.122291252017, "max": 0.877107620239, "dvar": 0.00451401807368, "mean": 0.542682230473, "dvar2": 0.0122245121747, "min": 0.198604077101, "var": 0.00984563026577, "median": 0.541702449322}, "erbbands_kurtosis": {"dmean": 0.752088010311, "dmean2": 1.18670189381, "max": 14.4784736633, "dvar": 0.815880477428, "mean": 0.577210664749, "dvar2": 1.83876228333, "min": -1.82509148121, "var": 3.66953897476, "median": 0.0279211997986}, "average_loudness": 0.975698947906, "barkbands_crest": {"dmean": 2.34459519386, "dmean2": 3.94833660126, "max": 23.6895198822, "dvar": 4.68904924393, "mean": 8.74760723114, "dvar2": 13.0762042999, "min": 2.59210038185, "var": 10.8750228882, "median": 8.14132022858}, "hfc": {"dmean": 7.0556602478, "dmean2": 10.9836759567, "max": 157.767059326, "dvar": 76.5542068481, "mean": 32.0194740295, "dvar2": 170.72869873, "min": 1.19333429446e-16, "var": 299.306640625, "median": 30.7086219788}, "barkbands_kurtosis": {"dmean": 2.02914571762, "dmean2": 3.48451185226, "max": 183.062133789, "dvar": 18.9536781311, "mean": 1.64410316944, "dvar2": 45.83568573, "min": -1.86275649071, "var": 52.4310455322, "median": 0.0623438358307}, "erbbands": {"dmean": [0.0837277323008, 1.4414627552, 6.41547679901, 6.25687408447, 5.92127799988, 10.6498594284, 6.01436662674, 8.1581735611, 6.04432249069, 14.7383260727, 18.0499324799, 13.6872873306, 19.5435237885, 12.3635444641, 16.0726776123, 25.7672271729, 18.2545318604, 19.1192207336, 27.364812851, 31.1224899292, 28.8160591125, 32.4758377075, 18.8799057007, 13.0965242386, 10.6469736099, 8.46054077148, 6.50700712204, 6.86704015732, 5.67819166183, 5.03501749039, 3.39811038971, 2.16650414467, 1.28031659126, 0.871987938881, 0.362535774708, 0.10987405479, 0.041957449168, 0.00886081904173, 0.000740536022931, 2.73986752291e-05], "dmean2": [0.146842598915, 2.61110591888, 11.6191740036, 11.0514345169, 10.2865610123, 18.0058612823, 9.90665054321, 13.8973436356, 9.9998254776, 22.804397583, 27.4289188385, 20.5365562439, 29.6584415436, 19.3562145233, 24.7430934906, 38.6720924377, 28.2802257538, 30.0577526093, 42.9696121216, 47.5397262573, 45.7148094177, 52.2589263916, 29.9839820862, 20.9695644379, 17.4643039703, 13.9770507812, 10.7854785919, 11.3309297562, 9.17356300354, 8.20886516571, 5.6288895607, 3.45971012115, 1.95286762714, 1.34369683266, 0.569262862206, 0.166651949286, 0.0651666373014, 0.014069843106, 0.0011499094544, 4.47011625511e-05], "max": [1.47661066055, 24.9394378662, 93.4405975342, 80.9724807739, 91.3100662231, 230.305847168, 176.711486816, 229.175567627, 225.388031006, 553.056213379, 544.086486816, 586.178649902, 899.71282959, 764.684692383, 906.169006348, 1206.2980957, 525.752868652, 566.626464844, 900.026672363, 1510.16503906, 1738.71801758, 1147.10803223, 484.939239502, 485.469390869, 494.528991699, 218.997329712, 238.970275879, 187.219589233, 219.904525757, 172.128387451, 150.054351807, 88.6332778931, 71.8526992798, 61.6289215088, 23.794254303, 12.6990156174, 3.00295710564, 0.400847285986, 0.0346500985324, 0.000981574412435], "dvar": [0.0307927243412, 8.66763401031, 144.696243286, 87.0753707886, 82.6319656372, 438.406860352, 91.3739395142, 151.665908813, 145.574401855, 796.392089844, 1607.01318359, 794.359985352, 1874.52624512, 701.306030273, 1337.25256348, 3291.70092773, 1339.73693848, 1769.45300293, 3350.17382812, 4710.7578125, 3437.78588867, 2732.48022461, 792.961853027, 308.99520874, 225.649307251, 162.59765625, 109.037460327, 102.755302429, 113.089706421, 101.827758789, 55.7521514893, 21.9329566956, 11.0221805573, 8.00769710541, 1.61568021774, 0.136178448796, 0.0143646961078, 0.000405098282499, 2.34771528085e-06, 1.74912184736e-09], "mean": [0.0985878333449, 1.86343097687, 8.16550827026, 9.19116592407, 8.58683490753, 13.2821626663, 10.0152797699, 13.4133749008, 10.6281032562, 27.5235767365, 35.0880737305, 27.7144050598, 38.1440505981, 23.9653301239, 30.2279624939, 48.8939476013, 34.7241020203, 31.5948410034, 47.3793983459, 59.2481842041, 63.2975158691, 66.7468566895, 42.7888870239, 32.3207321167, 26.7110691071, 19.4126682281, 15.7216796875, 15.6400794983, 12.5014152527, 9.76973628998, 6.15102005005, 4.41977548599, 2.54005599022, 1.5730714798, 0.617006897926, 0.197214990854, 0.066468693316, 0.0138294110075, 0.00119385460857, 7.47961894376e-05], "dvar2": [0.08619402349, 24.8432178497, 410.457794189, 244.562225342, 225.867660522, 1169.01452637, 225.834365845, 417.008544922, 363.884887695, 1723.68164062, 3473.30786133, 1646.1484375, 3969.30419922, 1540.35107422, 2908.74560547, 7261.65820312, 3344.7487793, 4218.61474609, 7774.95068359, 10713.1542969, 7833.18310547, 6743.66308594, 1885.8125, 736.556213379, 553.727233887, 420.935394287, 288.567443848, 254.915466309, 258.786804199, 225.704299927, 126.999046326, 50.1679611206, 23.3380260468, 16.5352077484, 3.74987196922, 0.271922975779, 0.0292319599539, 0.000913526746444, 5.19226205142e-06, 4.0936596335e-09], "min": [1.20904230213e-21, 5.78580365179e-21, 1.05797717049e-20, 1.15551969773e-20, 6.29265243291e-20, 4.46441060521e-19, 5.44588831935e-19, 3.62047002098e-19, 5.35267695504e-19, 8.99434011879e-19, 1.86996233625e-18, 2.28492121285e-18, 6.10783391768e-19, 3.19717466307e-18, 3.94611102071e-18, 5.42596153839e-18, 4.07272755707e-18, 3.74236485531e-18, 4.83721780536e-18, 5.14725047562e-18, 4.98806494341e-18, 6.9591093709e-18, 1.00990547161e-17, 1.1318447152e-17, 1.05285988549e-17, 1.54963618909e-17, 1.48663083445e-17, 1.46182931271e-17, 1.68289515121e-17, 2.19815521919e-17, 2.33271219313e-17, 2.38255892402e-17, 1.8331773249e-17, 1.03653406989e-17, 7.75279661327e-18, 4.41388496583e-18, 3.73354669639e-18, 1.55164607254e-18, 3.74228063798e-19, 3.22163648758e-20], "var": [0.0245443191379, 6.53607368469, 107.19997406, 85.2575378418, 87.7583007812, 415.936889648, 153.520004272, 220.590164185, 238.727355957, 1922.60559082, 4864.56835938, 2266.98217773, 4188.40039062, 1562.83081055, 2628.60083008, 7692.66552734, 2598.00170898, 2516.46557617, 5096.96972656, 8554.26757812, 8977.58105469, 7159.74365234, 1913.35583496, 749.286193848, 509.255401611, 281.248962402, 178.970962524, 199.05305481, 210.710220337, 187.957122803, 87.5807189941, 41.0961608887, 23.4033508301, 15.9204912186, 2.92140674591, 0.319408208132, 0.0316489599645, 0.000800157547928, 4.89262129122e-06, 3.84442433443e-09], "median": [0.0473508760333, 1.08686852455, 5.47449636459, 6.6830906868, 5.715675354, 6.58013963699, 6.29734992981, 8.79732131958, 6.54122447968, 12.4097366333, 10.8426380157, 13.1528816223, 15.1264038086, 12.8619937897, 15.643535614, 20.0192146301, 17.5523414612, 17.5057506561, 29.283290863, 36.1779747009, 40.8180732727, 48.6881370544, 31.700510025, 28.8150367737, 23.7947635651, 16.6882400513, 13.8421649933, 13.3226299286, 10.0578393936, 7.06525754929, 3.67773246765, 2.70086169243, 1.32944917679, 0.830706059933, 0.281562805176, 0.0863905102015, 0.0243451055139, 0.00484708184376, 0.000496326945722, 5.98586193519e-05]}, "spectral_energy": {"dmean": 0.013314044103, "dmean2": 0.0233326684684, "max": 0.159191936255, "dvar": 0.000438575196313, "mean": 0.0363298542798, "dvar2": 0.00123430916574, "min": 1.06754338503e-20, "var": 0.000423017219873, "median": 0.0340203903615}, "zerocrossingrate": {"dmean": 0.00923969037831, "dmean2": 0.0114871459082, "max": 0.50732421875, "dvar": 0.000141655735206, "mean": 0.0678949505091, "dvar2": 0.000185650525964, "min": 0.00244140625, "var": 0.000992708257399, "median": 0.0673828125}, "spectral_energyband_high": {"dmean": 0.000538668653462, "dmean2": 0.000859736290295, "max": 0.0154441567138, "dvar": 9.57264433055e-07, "mean": 0.00150410900824, "dvar2": 2.12259828913e-06,