{"tonal": {"hpcp": {"dvar": [0.0159193146974, 0.0155380265787, 0.0271911155432, 0.0399711877108, 0.0225828979164, 0.0162827149034, 0.0152605222538, 0.0132968667895, 0.0175041817129, 0.0161779373884, 0.00881488528103, 0.0116855222732, 0.0152271222323, 0.015214250423, 0.0301937889308, 0.0356789752841, 0.0301629509777, 0.0178470797837, 0.0230365861207, 0.0159277021885, 0.0160218328238, 0.0188591238111, 0.0211981721222, 0.0292588323355, 0.0383920520544, 0.0255564711988, 0.0152497906238, 0.0156135661528, 0.0208518933505, 0.0317631214857, 0.0302382670343, 0.0271483138204, 0.0208966098726, 0.0145504651591, 0.0192266497761, 0.0232060495764], "var": [0.0286147817969, 0.0209934879094, 0.0703970789909, 0.129827737808, 0.0487725064158, 0.0288788471371, 0.0318908058107, 0.020149031654, 0.0513048358262, 0.0457646809518, 0.0112962517887, 0.0163218956441, 0.0224207583815, 0.0222807321697, 0.0936829969287, 0.145216271281, 0.060976177454, 0.029356751591, 0.0190617609769, 0.0200907103717, 0.0294301118702, 0.0291703529656, 0.0251358151436, 0.0986177027225, 0.137526854873, 0.0481268242002, 0.0200207345188, 0.0219480283558, 0.0294262375683, 0.0841844156384, 0.096642203629, 0.0428911261261, 0.0223226603121, 0.0170424468815, 0.0291946996003, 0.0436211265624], "median": [0.0106315612793, 0.0103664575145, 0.0434781424701, 0.0484827086329, 0.0289926156402, 0.00566638121381, 0.00306780077517, 0.00957303866744, 0.0168244298548, 0.01482491754, 0.00936953909695, 0.00303989602253, 0.00260347407311, 0.0181694664061, 0.0884060263634, 0.106131508946, 0.0436996631324, 0.00529890321195, 0.00232873763889, 0.00231768283993, 0.00269174436107, 0.00262898160145, 0.0110744703561, 0.0593975037336, 0.0686225444078, 0.0367248877883, 0.00981916021556, 0.00550729036331, 0.00887417607009, 0.0173835717142, 0.0162910204381, 0.00744179962203, 0.00311460881494, 0.00260222190991, 0.00636086706072, 0.0124657563865], "max": [1, 1, 1, 1, 1, 1, 1, 1, 1, 1, 1, 1, 1, 1, 1, 1, 1, 1, 1, 1, 1, 1, 1, 1, 1, 1, 1, 1, 1, 1, 1, 1, 1, 1, 1, 1], "dmean": [0.0560175515711, 0.0600077994168, 0.103426449001, 0.113529197872, 0.0915139988065, 0.0559503622353, 0.0460146255791, 0.0502575002611, 0.0633097067475, 0.0614437609911, 0.0401304401457, 0.0371946021914, 0.0418713092804, 0.0642761513591, 0.112172439694, 0.114803954959, 0.103675588965, 0.0567115433514, 0.051725871861, 0.0428702905774, 0.0438400655985, 0.046459980309, 0.071320399642, 0.102911293507, 0.114924669266, 0.0938130021095, 0.0532684400678, 0.0499931462109, 0.0696785077453, 0.0885300859809, 0.0868335664272, 0.0772025808692, 0.0551866702735, 0.0459088124335, 0.0571438446641, 0.0663902759552], "dmean2": [0.0955751538277, 0.102452121675, 0.166994914412, 0.188455790281, 0.147388100624, 0.0932642892003, 0.0754129737616, 0.0836634784937, 0.103890553117, 0.100014835596, 0.0671846047044, 0.063174456358, 0.0729703679681, 0.109039545059, 0.179654821754, 0.19103641808, 0.173048272729, 0.0993854403496, 0.0950381234288, 0.0763205140829, 0.0771575421095, 0.0832025632262, 0.123463101685, 0.173783347011, 0.192960560322, 0.156951054931, 0.0919525697827, 0.086383484304, 0.117508545518, 0.149825453758, 0.148470520973, 0.132217153907, 0.0983338430524, 0.0812578052282, 0.0987858250737, 0.112208858132], "mean": [0.0740668922663, 0.0657876059413, 0.18673658371, 0.260521501303, 0.145882442594, 0.0708310455084, 0.0652584508061, 0.0666328370571, 0.120049372315, 0.10963165015, 0.0486524477601, 0.0452133193612, 0.0502807833254, 0.0796153247356, 0.244278594851, 0.318379849195, 0.169752568007, 0.0663319900632, 0.0455593951046, 0.0452174283564, 0.0570985935628, 0.0550839267671, 0.0798528045416, 0.2273298949, 0.284328281879, 0.143841743469, 0.0607818476856, 0.057973138988, 0.0812396928668, 0.162686467171, 0.176619082689, 0.0969375744462, 0.0526540130377, 0.0460958965123, 0.0686934441328, 0.093673825264], "dvar2": [0.0417876243591, 0.0415805913508, 0.0620825923979, 0.0905040428042, 0.0540348961949, 0.0392023958266, 0.0363528877497, 0.0340086296201, 0.0424288325012, 0.0380786024034, 0.0231209751219, 0.0313760600984, 0.042655326426, 0.0410434640944, 0.0705575868487, 0.0843871533871, 0.0833757147193, 0.0478664450347, 0.0745492652059, 0.044716656208, 0.043616682291, 0.0523481629789, 0.0556574575603, 0.0707403421402, 0.0918318256736, 0.0660138428211, 0.0415981411934, 0.0426375828683, 0.0562936365604, 0.0800483748317, 0.0770420730114, 0.0717216283083, 0.0583294332027, 0.0404037497938, 0.0512670762837, 0.0580709502101], "min": [0, 0, 0, 0, 0, 0, 0, 0, 0, 0, 0, 0, 0, 0, 0, 0, 0, 0, 0, 0, 0, 0, 0, 0, 0, 0, 0, 0, 0, 0, 0, 0, 0, 0, 0, 0]}, "key_key": "A#", "thpcp": [1, 0.533176243305, 0.208342298865, 0.143097609282, 0.142023518682, 0.179341107607, 0.173013225198, 0.250809848309, 0.714020967484, 0.893047332764, 0.451792865992, 0.190909847617, 0.18208797276, 0.255165934563, 0.510982275009, 0.554743289948, 0.304471462965, 0.165381103754, 0.144782707095, 0.215759396553, 0.294220328331, 0.232636868954, 0.206632435322, 0.5865213871, 0.818272590637, 0.458202511072, 0.222473397851, 0.204970419407, 0.2092872262, 0.377063363791, 0.344342291355, 0.152812585235, 0.142010614276, 0.157927021384, 0.250063955784, 0.767255187035], "chords_key": "A#", "tuning_equal_tempered_deviation": 0.151312142611, "tuning_frequency": 445.627075195, "tuning_diatonic_strength": 0.519506335258, "chords_histogram": [33.3434638977, 1.88449847698, 5.07598781586, 0, 1.18541038036, 3.06990885735, 9.63525867462, 2.49240112305, 1.18541038036, 6.44376897812, 5.31914901733, 4.49848031998, 3.19148945808, 0.121580548584, 0.455927044153, 0.425531923771, 3.03951358795, 2.27963519096, 0.851063847542, 0.607902765274, 1.55015194416, 0.364741653204, 2.27963519096, 10.6990880966], "key_strength": 0.70505386591, "key_scale": "major", "chords_strength": {"dvar": 6.42456579953e-05, "var": 0.0123716201633, "median": 0.545908808708, "max": 0.831155121326, "dmean": 0.00943190883845, "dmean2": 0.00779980281368, "mean": 0.540048420429, "dvar2": 7.3169125244e-05, "min": 0.242896869779}, "chords_number_rate": 0.00516717322171, "tuning_nontempered_energy_ratio": 0.810780823231, "hpcp_entropy": {"dvar": 0.229866817594, "var": 0.700182318687, "median": 1.674659729, "max": 4.29339838028, "dmean": 0.565854549408, "dmean2": 0.960796058178, "mean": 1.6303640604, "dvar2": 0.588280141354, "min": 0}, "chords_changes_rate": 0.0525835864246, "chords_scale": "major"}, "rhythm": {"bpm_histogram_first_peak_spread": {"dvar": 0, "var": 0, "median": 0.50241547823, "max": 0.50241547823, "dmean": 0, "dmean2": 0, "mean": 0.50241547823, "dvar2": 0, "min": 0.50241547823}, "bpm_histogram_first_peak_weight": {"dvar": 0, "var": 0, "median": 0.315950930119, "max": 0.315950930119, "dmean": 0, "dmean2": 0, "mean": 0.315950930119, "dvar2": 0, "min": 0.315950930119}, "bpm_histogram_first_peak_bpm": {"dvar": 0, "var": 0, "median": 129, "max": 129, "dmean": 0, "dmean2": 0, "mean": 129, "dvar2": 0, "min": 129}, "bpm": 128.14692688, "bpm_histogram_second_peak_weight": {"dvar": 0, "var": 0, "median": 0.0828220844269, "max": 0.0828220844269, "dmean": 0, "dmean2": 0, "mean": 0.0828220844269, "dvar2": 0, "min": 0.0828220844269}, "beats_loudness": {"dvar": 0.00189833843615, "var": 0.00198834622279, "median": 0.0149243762717, "max": 0.291273981333, "dmean": 0.0319047793746, "dmean2": 0.0573772378266, "mean": 0.0314195267856, "dvar2": 0.0055576832965, "min": 9.08728623017e-07}, "beats_loudness_band_ratio": {"dvar": [0.0590511634946, 0.0419921278954, 0.0394679270685, 0.0108342319727, 0.00224902597256, 0.00382327567786], "var": [0.098364405334, 0.0747520923615, 0.0722543671727, 0.0123469540849, 0.00242642662488, 0.0110361063853], "median": [0.256554245949, 0.184025123715, 0.160497605801, 0.0315742716193, 0.0159048698843, 0.00701557705179], "max": [0.982990503311, 0.990329802036, 0.99494600296, 0.884980380535, 0.389180541039, 0.822580397129], "dmean": [0.237254679203, 0.201183199883, 0.178995162249, 0.0697917565703, 0.0288486219943, 0.0282645430416], "dmean2": [0.407368630171, 0.332022726536, 0.301896601915, 0.11639534682, 0.0509871952236, 0.0457796789706], "mean": [0.346462339163, 0.280799627304, 0.26631706953, 0.0720266625285, 0.0319366306067, 0.0396521352232], "dvar2": [0.124031737447, 0.0839147716761, 0.0922579020262, 0.0283351689577, 0.00580837391317, 0.00889787822962], "min": [0.000476936751511, 7.56465451559e-05, 0.00154036364984, 0.00013712530199, 2.78392235487e-06, 1.30313424052e-06]}, "bpm_histogram_second_peak_bpm": {"dvar": 0, "var": 0, "median": 123, "max": 123, "dmean": 0, "dmean2": 0, "mean": 123, "dvar2": 0, "min": 123}, "onset_rate": 3.28686213493, "beats_count": 327, "beats_position": [0.53405892849, 1.07972788811, 1.62539684772, 2.18267560005, 2.72834467888, 3.27401351929, 3.80807256699, 4.34213161469, 4.8994102478, 5.45668935776, 6.11845779419, 6.78022670746, 7.45360517502, 8.10376358032, 8.75392246246, 9.41569137573, 10.0310201645, 10.5882987976, 11.1455783844, 11.7144670486, 12.1904764175, 12.6780948639, 13.177324295, 13.7462129593, 14.3151016235, 14.8839902878, 15.4528799057, 16.0217685699, 16.5790481567, 17.1479358673, 17.7168254852, 18.2044448853, 18.6920623779, 19.179681778, 19.667301178, 20.154920578, 20.642539978, 21.1185474396, 21.5829467773, 22.0473461151, 22.5117454529, 22.9645347595, 23.4289340973, 23.8817234039, 24.3577327728, 24.8453502655, 25.3213596344, 25.8089790344, 26.2849884033, 26.7493877411, 27.2137870789, 27.6897945404, 28.1658039093, 28.6534233093, 29.1410427094, 29.6286621094, 30.081451416, 30.5342407227, 30.9754180908, 31.4165973663, 31.8577766418, 32.2873458862, 32.7169151306, 33.1697044373, 33.6108856201, 34.0520629883, 34.4700202942, 34.8763694763, 35.2827186584, 35.6890678406, 36.0954170227, 36.5017662048, 36.908115387, 37.3841247559, 37.8601341248, 38.3361434937, 38.8121528625, 39.2881622314, 39.7641716003, 40.2401809692, 40.7161903381, 41.192199707, 41.6682090759, 42.1442184448, 42.6086158752, 43.0730133057, 43.5258026123, 43.9785919189, 44.4429931641, 44.9073905945, 45.3833999634, 45.8594093323, 46.3238105774, 46.7882080078, 47.2526054382, 47.7170066833, 48.1814041138, 48.6458053589, 49.1334228516, 49.6210403442, 50.1086616516, 50.573059082, 51.0258483887, 51.4902496338, 51.9430389404, 52.4074363708, 52.871837616, 53.3478431702, 53.8122444153, 54.2766418457, 54.7526512146, 55.2286605835, 55.7046699524, 56.1806793213, 56.5522003174, 56.912109375, 57.2952384949, 57.6667556763, 58.0731048584, 58.4794540405, 58.8858032227, 59.2921524048, 59.7913818359, 60.2789993286, 60.766620636, 61.2542381287, 61.741859436, 62.2178688049, 62.6938781738, 63.169883728, 63.6458930969, 64.1335144043, 64.621131897, 65.1087493896, 65.5963668823, 66.0723800659, 66.5483856201, 67.0011749268, 67.4539642334, 67.9183654785, 68.3827667236, 68.8471679688, 69.3115615845, 69.7759628296, 70.2403640747, 70.6931533813, 71.145942688, 71.6103363037, 72.0747375488, 72.5391387939, 73.0035324097, 73.4679336548, 73.9439468384, 74.4199523926, 74.8843536377, 75.3603591919, 75.8363723755, 76.3123779297, 76.7651672363, 77.2295684814, 77.6939697266, 78.1699752808, 78.6459884644, 79.1103820801, 79.5747833252, 80.0391845703, 80.503578186, 80.9679794312, 81.4207687378, 81.8967819214, 82.3727874756, 82.8487930298, 83.3131942749, 83.77759552, 84.2536010742, 84.7296142578, 85.1940155029, 85.6700210571, 86.1460266113, 86.5059356689, 86.865852356, 87.2373657227, 87.6088867188, 87.9571838379, 88.3054885864, 88.6537857056, 89.0020828247, 89.3503875732, 89.6986846924, 90.0469818115, 90.3952789307, 90.8248519897, 91.2544174194, 91.695602417, 92.1251678467, 92.5315170288, 92.9494781494, 93.3558273315, 93.7621765137, 94.1685256958, 94.5748748779, 94.9812240601, 95.4572296143, 95.9448471069, 96.4208602905, 96.8968658447, 97.3612670898, 97.8372802734, 98.3132858276, 98.7776870728, 99.2420806885, 99.7180938721, 100.182495117, 100.646888733, 101.122901917, 101.587303162, 102.051696777, 102.516098022, 102.980499268, 103.444892883, 103.920906067, 104.396911621, 104.884536743, 105.360542297, 105.824943542, 106.289337158, 106.765350342, 107.241355896, 107.705757141, 108.181770325, 108.657775879, 109.133781433, 109.598182678, 110.062583923, 110.526985168, 110.991378784, 111.455780029, 111.920181274, 112.38457489, 112.848976135, 113.31337738, 113.777778625, 114.242172241, 114.718185425, 115.194190979, 115.658592224, 116.122993469, 116.598999023, 117.075012207, 117.539405823, 118.003807068, 118.468208313, 118.932601929, 119.397003174, 119.861404419, 120.337409973, 120.813423157, 121.289428711, 121.777046204, 122.253059387, 122.717460632, 123.181854248, 123.634643555, 124.0990448, 124.575057983, 124.94657135, 125.318092346, 125.701225281, 126.072738647, 126.467483521, 126.873832703, 127.245346069, 127.616867065, 127.965164185, 128.313461304, 128.6849823, 129.068115234, 129.451248169, 129.822769165, 130.182678223, 130.554199219, 131.041809082, 131.541046143, 132.040267944, 132.516281128, 132.992294312, 133.468292236, 133.94430542, 134.408706665, 134.87310791, 135.349105835, 135.81350708, 136.266296387, 136.730697632, 137.195098877, 137.671112061, 138.147125244, 138.61151123, 139.087524414, 139.551925659, 140.016326904, 140.480728149, 140.945129395, 141.421127319, 141.897140503, 142.361541748, 142.837554932, 143.313552856, 143.777954102, 144.242355347, 144.706756592, 145.171157837, 145.635559082, 146.099945068, 146.564346313, 147.040359497, 147.516372681, 147.980773926, 148.445159912, 148.909561157, 149.385574341, 149.861587524, 150.32598877, 150.790390015, 151.254776001, 151.730789185, 152.206802368], "danceability": 1.03877639771, "bpm_histogram_second_peak_spread": {"dvar": 0, "var": 0, "median": 0.129032254219, "max": 0.129032254219, "dmean": 0, "dmean2": 0, "mean": 0.129032254219, "dvar2": 0, "min": 0.129032254219}}, "lowlevel": {"spectral_flux": {"dvar": 0.000974686059635, "var": 0.00179199373815, "median": 0.0297304801643, "max": 0.44221997261, "dmean": 0.0172566734254, "dmean2": 0.0279385019094, "mean": 0.0418055467308, "dvar2": 0.00236810813658, "min": 4.03314061259e-06}, "spectral_rolloff": {"dvar": 807366, "var": 1582305.375, "median": 538.330078125, "max": 14341.1132812, "dmean": 350.54397583, "dmean2": 606.024597168, "mean": 966.443664551, "dvar2": 2099526, "min": 86.1328125}, "barkbands_flatness_db": {"dvar": 0.0010295570828, "var": 0.0103761674836, "median": 0.218050077558, "max": 0.668203949928, "dmean": 0.0278207752854, "dmean2": 0.0410789772868, "mean": 0.239179819822, "dvar2": 0.00216467608698, "min": 0.0357222706079}, "spectral_centroid": {"dvar": 106094.929688, "var": 459023.5625, "median": 751.227172852, "max": 10981.8681641, "dmean": 191.379928589, "dmean2": 295.261962891, "mean": 948.663879395, "dvar2": 242661.515625, "min": 135.146682739}, "melbands_skewness": {"dvar": 1.01981461048, "var": 3.76614880562, "median": 2.34321022034, "max": 15.6490249634, "dmean": 0.791282296181, "dmean2": 1.19963991642, "mean": 2.62479019165, "dvar2": 2.49140548706, "min": -3.46642398834}, "melbands": {"dvar": [2.20907395487e-06, 7.79653419158e-06, 1.53773015654e-07, 7.4595284616e-08, 6.27462327429e-07, 1.70460282334e-06, 2.22175981435e-06, 2.30404180002e-06, 3.35366436843e-08, 7.51760786954e-09, 5.98074256786e-09, 1.91009785766e-08, 9.31849708508e-10, 1.57715152049e-09, 1.95750443632e-10, 3.95842469914e-10, 2.70190292362e-09, 8.68639771223e-10, 1.59688740009e-09, 2.48747078491e-10, 1.34080066494e-10, 1.69441460862e-09, 1.32563349187e-10, 6.76989297954e-11, 3.90542216622e-11, 1.70177569953e-11, 1.48134664257e-11, 1.05115924645e-11, 4.51299197665e-12, 2.62052272243e-12, 3.87980749958e-12, 1.49825128432e-12, 1.70438782445e-12, 6.17136333356e-12, 7.8270685289e-13, 3.78604049153e-13, 2.06127365068e-13, 6.10243192783e-14, 5.33286488699e-14, 4.8614015374e-13], "var": [1.77688798431e-05, 2.89751205855e-05, 6.31516627436e-07, 2.14024964862e-07, 1.48254832766e-06, 3.37384381055e-06, 3.51351695826e-06, 3.23000790559e-06, 6.42529158768e-08, 2.50934277801e-08, 1.70088636509e-08, 9.82833512353e-08, 2.99175728635e-09, 6.29047613998e-09, 8.66509697328e-10, 1.86825510617e-09, 1.8191519402e-08, 1.58198754097e-09, 1.23660348628e-09, 6.18766538008e-10, 1.33204169916e-09, 1.93920235425e-09, 4.45153802708e-10, 2.6666230335e-10, 1.00845186368e-10, 5.37127183009e-11, 7.10600814302e-11, 9.9242260243e-11, 9.95307395529e-12, 2.33087702785e-12, 7.65632609395e-12, 3.5408577112e-12, 2.35592426644e-12, 3.6587525544e-12, 5.77975330356e-13, 2.20208318811e-13, 1.41936484267e-13, 3.83631758901e-14, 6.5009887122e-14, 4.08744734023e-13], "median": [0.000121079632663, 0.000314164790325, 4.15248650825e-05, 4.12697991123e-05, 0.00013180343376, 0.000100605917396, 7.67660094425e-05, 6.59189172438e-05, 1.98040615942e-05, 1.59948540386e-05, 1.43652623592e-05, 4.83973326482e-06, 2.55608756561e-06, 3.62273158316e-06, 1.74034755673e-06, 8.05365516499e-07, 6.43812086309e-07, 5.14455280154e-07, 4.8651435236e-07, 7.06064838596e-07, 1.41034365697e-06, 8.00641487331e-07, 7.06498383352e-07, 9.26183133743e-07, 4.51853281902e-07, 5.38782387594e-07, 4.76266109217e-07, 5.37608286777e-07, 2.74320370863e-07, 1.17181315318e-07, 9.88860051621e-08, 6.66218511469e-08, 2.66726249976e-08, 1.59215325368e-08, 1.00359232036e-08, 6.69756961003e-09, 7.54296713978e-09, 6.39221386933e-09, 4.20251344835e-09, 2.24779572733e-09], "max": [0.0690949037671, 0.0961782559752, 0.0154422279447, 0.0124519709498, 0.0271660964936, 0.0274392459542, 0.0324901156127, 0.0339950919151, 0.00437396485358, 0.00214044540189, 0.00209845579229, 0.00777085917071, 0.0011380467331, 0.00147622509394, 0.000449708080851, 0.00107321620453, 0.00354536110535, 0.000787539582234, 0.0014735320583, 0.00118974770885, 0.000516454689205, 0.00207389122806, 0.000454570923466, 0.000266440794803, 0.000265491951723, 7.54191059968e-05, 0.000140333431773, 0.000108622807602, 8.49596690387e-05, 5.86882379139e-05, 5.73345860175e-05, 2.81958091364e-05, 3.08199596475e-05, 9.75111033767e-05, 2.9175718737e-05, 2.69543998002e-05, 1.56553687702e-05, 5.93466984355e-06, 6.85765326125e-06, 3.47678105754e-05], "dmean": [0.000396767252823, 0.000795871019363, 0.000119940821605, 8.20406712592e-05, 0.000223580442253, 0.000358492572559, 0.000360078614904, 0.000337049801601, 4.73292602692e-05, 2.91918804578e-05, 2.67046234512e-05, 2.50075627264e-05, 8.55583311932e-06, 1.07905316327e-05, 5.23666858498e-06, 3.80721689908e-06, 5.51391485715e-06, 5.02998864249e-06, 5.01531849295e-06, 2.60128103946e-06, 3.70285761164e-06, 4.13066163674e-06, 2.67557015832e-06, 2.45306137003e-06, 1.30777254981e-06, 1.54296321853e-06, 9.90042167359e-07, 1.09117559077e-06, 5.74766829686e-07, 3.32099006073e-07, 4.3627213131e-07, 3.23202243635e-07, 2.47412373255e-07, 2.72986824257e-07, 1.40707754781e-07, 8.26870234505e-08, 7.32593932184e-08, 4.67892959932e-08, 4.98158314599e-08, 7.19864630128e-08], "dmean2": [0.000595326418988, 0.00122546742205, 0.000177983019967, 0.000127758627059, 0.000328649330186, 0.000513350707479, 0.000488881487399, 0.000473816908197, 7.70562328398e-05, 4.35555812146e-05, 4.14998503402e-05, 3.84166451113e-05, 1.28164328999e-05, 1.56700662046e-05, 7.84760231909e-06, 5.2094496823e-06, 6.32234559816e-06, 8.10256551631e-06, 8.87142959982e-06, 3.90138120565e-06, 5.49444121134e-06, 6.40477446723e-06, 4.09046060668e-06, 3.83946280635e-06, 2.06954177884e-06, 2.5492477107e-06, 1.57433919412e-06, 1.62630612976e-06, 9.18889213608e-07, 5.72852741243e-07, 7.21767207779e-07, 5.358758699e-07, 4.33275914702e-07, 4.85044836296e-07, 2.46332206189e-07, 1.46786888422e-07, 1.28496282059e-07, 8.19588095169e-08, 8.26838970625e-08, 1.23280031517e-07], "mean": [0.00123296258971, 0.00204976438545, 0.00032750327955, 0.000198430891032, 0.000506053562276, 0.000724677171092, 0.000641159072984, 0.000593275297433, 9.50154135353e-05, 6.92332032486e-05, 5.97905273025e-05, 5.73453689867e-05, 2.08702331292e-05, 2.91569285764e-05, 1.25833366837e-05, 8.79174604052e-06, 1.4996660866e-05, 8.10365690995e-06, 6.43349403617e-06, 4.92760500492e-06, 1.07871164801e-05, 7.02723991708e-06, 5.74186833546e-06, 5.90675972489e-06, 3.08201106236e-06, 3.69316035176e-06, 2.60949445874e-06, 3.30977240992e-06, 1.20107415569e-06, 4.99049633618e-07, 7.42663189612e-07, 5.89551802932e-07, 3.18770077001e-07, 2.49427728249e-07, 1.49120296555e-07, 7.86284033438e-08, 7.89903822351e-08, 4.61405491592e-08, 5.88946953428e-08, 6.87847148129e-08], "dvar2": [4.50015886599e-06, 1.60835061251e-05, 2.99392809211e-07, 1.92738696114e-07, 1.48939511746e-06, 4.22107950726e-06, 5.21925630892e-06, 5.71804139327e-06, 8.92662797014e-08, 1.6521067181e-08, 1.41824321176e-08, 4.0028425019e-08, 2.27872809511e-09, 3.69827080071e-09, 4.43204778433e-10, 5.8291538263e-10, 3.382680136e-09, 2.27205187997e-09, 4.56845183905e-09, 3.30514698943e-10, 2.53268406247e-10, 3.92007049044e-09, 2.70885286424e-10, 1.63886210158e-10, 1.11002138037e-10, 5.00073073229e-11, 3.87140597358e-11, 1.96630836613e-11, 9.96130001402e-12, 7.88947553121e-12, 1.03288176623e-11, 4.10058922581e-12, 4.76285460724e-12, 1.81330610249e-11, 2.24987866879e-12, 1.10288200014e-12, 5.91320720687e-13, 1.74148239232e-13, 1.36197422698e-13, 1.28155916868e-12], "min": [3.59767249357e-15, 4.00876553496e-15, 2.98698037333e-14, 1.05639157361e-13, 2.97155122774e-13, 5.42799312442e-13, 7.27604391668e-13, 7.10073113589e-13, 5.13495658754e-13, 2.64050446005e-13, 1.19357648765e-13, 6.63067284455e-14, 5.88290199432e-14, 3.01693823461e-14, 1.49280781692e-14, 1.37555169078e-14, 3.02376129676e-15, 4.99987073973e-15, 7.80439216941e-14, 9.79500700926e-14, 8.21438067984e-15, 2.11118366949e-15, 1.43821552703e-14, 3.09776144081e-14, 3.6633666749e-15, 1.32837487788e-15, 2.80093488042e-15, 4.33485543197e-15, 2.58715350541e-15, 4.18563580817e-16, 6.72594293882e-16, 8.95773870017e-16, 5.11264163584e-16, 4.53212654664e-16, 4.19990169589e-16, 5.18455367427e-16, 4.57939945543e-16, 5.23044221358e-16, 1.08354159267e-15, 7.41899588418e-16]}, "spectral_decrease": {"dvar": 1.76126935619e-17, "var": 6.62468769387e-17, "median": -2.52838150416e-09, "max": -3.88686338215e-18, "dmean": 1.70446845527e-09, "dmean2": 2.48376474943e-09, "mean": -5.25508436766e-09, "dvar2": 4.08521012611e-17, "min": -9.6621185719e-08}, "barkbands_kurtosis": {"dvar": 1221.31628418, "var": 2008.65100098, "median": 4.27882385254, "max": 1463.60693359, "dmean": 7.70360326767, "dmean2": 11.5782585144, "mean": 12.6890287399, "dvar2": 2525.37231445, "min": -1.9245711565}, "silence_rate_30dB": {"dvar": 0.0164462383837, "var": 0.0263277515769, "median": 1, "max": 1, "dmean": 0.0167249497026, "dmean2": 0.0334549881518, "mean": 0.972940087318, "dvar2": 0.0384161286056, "min": 0}, "gfcc": {"mean": [-131.407165527, 133.207000732, -113.36227417, 24.6773281097, -60.1797790527, -15.0268068314, -22.0431270599, 9.67196369171, -15.1353693008, 2.12500929832, -4.66659545898, 0.529078364372, -1.91926407814], "cov": [[11129.6015625, -350.894561768, -1311.43640137, 735.265563965, -147.833129883, -347.179901123, -250.706985474, -37.0649642944, 89.8354949951, 213.252700806, 315.578063965, 253.84815979, -6.3439078331], [-350.894561768, 2620.24853516, 479.562347412, 20.5841197968, 708.648620605, -380.118560791, 408.950256348, 31.635892868, 210.890625, -185.63911438, 280.726043701, -277.684967041, 63.9139480591], [-1311.43640137, 479.562347412, 1636.75463867, 2.30690097809, 95.9327850342, 228.129776001, 259.895263672, -26.906785965, 146.757797241, -90.5633087158, -102.922073364, -63.1265106201, 63.9992828369], [735.265563965, 20.5841197968, 2.30690097809, 415.955841064, 113.290985107, 21.9826316833, 52.0576934814, 53.8357925415, -27.9964942932, -5.35383796692, 14.5976037979, -7.45247745514, -16.4610157013], [-147.833129883, 708.648620605, 95.9327850342, 113.290985107, 437.95614624, 32.7906265259, 180.28414917, 78.3239898682, 49.4158706665, -92.7537460327, 33.4186592102, -105.7840271, -8.16389083862], [-347.179901123, -380.118560791, 228.129776001, 21.9826316833, 32.7906265259, 441.632446289, 112.909637451, 61.475894928, -41.3980789185, -64.306678772, -185.067153931, -1.27291500568, -22.3695907593], [-250.706985474, 408.950256348, 259.895263672, 52.0576934814, 180.28414917, 112.909637451, 389.399475098, 173.549789429, 84.8561553955, -85.7182312012, -32.8272399902, -78.8059234619, 12.0729198456], [-37.0649642944, 31.635892868, -26.906785965, 53.8357925415, 78.3239898682, 61.475894928, 173.549789429, 242.629348755, 97.9304046631, 5.85345411301, -26.7133312225, -40.9499053955, -42.5165252686], [89.8354949951, 210.890625, 146.757797241, -27.9964942932, 49.4158706665, -41.3980789185, 84.8561553955, 97.9304046631, 254.782058716, 98.5943145752, 55.8579063416, -17.8830947876, -1.20347750187], [213.252700806, -185.63911438, -90.5633087158, -5.35383796692, -92.7537460327, -64.306678772, -85.7182312012, 5.85345411301, 98.5943145752, 199.719573975, 91.3955230713, 48.6488571167, -6.14739465714], [315.578063965, 280.726043701, -102.922073364, 14.5976037979, 33.4186592102, -185.067153931, -32.8272399902, -26.7133312225, 55.8579063416, 91.3955230713, 207.369216919, 34.6916351318, 15.5389900208], [253.84815979, -277.684967041, -63.1265106201, -7.45247745514, -105.7840271, -1.27291500568, -78.8059234619, -40.9499053955, -17.8830947876, 48.6488571167, 34.6916351318, 148.050216675, 47.3646316528], [-6.3439078331, 63.9139480591, 63.9992828369, -16.4610157013, -8.16389083862, -22.3695907593, 12.0729198456, -42.5165252686, -1.20347750187, -6.14739465714, 15.5389900208, 47.3646316528, 144.097686768]], "icov": [[0.000131529042847, -2.93779485219e-05, 0.000135409500217, -0.000304205226712, 0.000149401166709, -4.46564590675e-05, -7.18721594239e-06, 0.000152217791765, -0.000277626386378, 0.000150829029735, -8.34999227664e-05, -0.000169861450559, 3.99294331146e-05], [-2.93779485219e-05, 0.00192828977015, -0.000378749449737, 0.000507098506205, -0.00202534650452, 0.00136753299739, -0.000977186486125, 0.000842594949063, -0.000713222078048, 0.00153846479952, -0.00204698950984, 0.00186811899766, -0.000536033592653], [0.000135409500217, -0.000378749449737, 0.0011329583358, -0.000564421585295, 0.00072631041985, -0.000758506124839, -0.000478693516925, 0.00109084858559, -0.00120746460743, 0.000327645073412, 0.000408140622312, -0.000257243780652, -6.39117643004e-05], [-0.000304205226712, 0.000507098506205, -0.000564421585295, 0.00367398932576, -0.00181682233233, 0.000595428282395, -0.000287908391329, -0.00101873197127, 0.001785146771, -0.000943104969338, -0.000226217220188, 0.000247363204835, 6.28699999652e-05], [0.000149401166709, -0.00202534650452, 0.00072631041985, -0.00181682233233, 0.00669964076951, -0.00278863590211, 0.000652051356155, -0.000808034499642, -0.000972921203356, 0.00157930527348, -0.00111289334018, 0.000679187534843, -1.55824982357e-05], [-4.46564590675e-05, 0.00136753299739, -0.000758506124839, 0.000595428282395, -0.00278863590211, 0.00595118151978, -0.00211899657734, 0.000490361882839, 0.000967486877926, -0.00114537531044, 0.00367194321007, -0.00122477591503, 0.000850283249747], [-7.18721594239e-06, -0.000977186486125, -0.000478693516925, -0.000287908391329, 0.000652051356155, -0.00211899657734, 0.0071235364303, -0.00478042988107, -0.000473918946227, 0.0022064736113, -0.00123923318461, 0.000954560935497, -0.00177644914947], [0.000152217791765, 0.000842594949063, 0.00109084858559, -0.00101873197127, -0.000808034499642, 0.000490361882839, -0.00478042988107, 0.00995662156492, -0.00370175461285, -0.000127500636154, 0.00122651434503, -4.16601797042e-05, 0.00224578240886], [-0.000277626386378, -0.000713222078048, -0.00120746460743, 0.001785146771, -0.000972921203356, 0.000967486877926, -0.000473918946227, -0.00370175461285, 0.00958735868335, -0.00643730908632, 0.00144249806181, -0.000257196166785, -0.000178672984475], [0.000150829029735, 0.00153846479952, 0.000327645073412, -0.000943104969338, 0.00157930527348, -0.00114537531044, 0.0022064736113, -0.000127500636154, -0.00643730908632, 0.0140414107591, -0.00770675064996, 0.00150602683425, -0.000358507764759], [-8.34999227664e-05, -0.00204698950984, 0.000408140622312, -0.000226217220188, -0.00111289334018, 0.00367194321007, -0.00123923318461, 0.00122651434503, 0.00144249806181, -0.00770675064996, 0.0152464937419, -0.00602385308594, 0.00168900459539], [-0.000169861450559, 0.00186811899766, -0.000257243780652, 0.000247363204835, 0.000679187534843, -0.00122477591503, 0.000954560935497, -4.16601797042e-05, -0.000257196166785, 0.00150602683425, -0.00602385308594, 0.0138365337625, -0.0047738365829], [3.99294331146e-05, -0.000536033592653, -6.39117643004e-05, 6.28699999652e-05, -1.55824982357e-05, 0.000850283249747, -0.00177644914947, 0.00224578240886, -0.000178672984475, -0.000358507764759, 0.00168900459539, -0.0047738365829, 0.00952762179077]]}, "silence_rate_20dB": {"dvar": 0.000304006884107, "var": 0.000151990694576, "median": 1, "max": 1, "dmean": 0.000304090004647, "dmean2": 0.000608272501267, "mean": 0.999847948551, "dvar2": 0.000912076153327, "min": 0}, "barkbands_skewness": {"dvar": 1.20083034039, "var": 4.1017742157, "median": 1.74062132835, "max": 25.1905899048, "dmean": 0.730660378933, "dmean2": 1.08892714977, "mean": 2.04777765274, "dvar2": 2.59730744362, "min": -5.27777481079}, "erbbands_skewness": {"dvar": 0.607067108154, "var": 2.6516661644, "median": 0.836052179337, "max": 12.9055099487, "dmean": 0.585590839386, "dmean2": 0.864727854729, "mean": 1.12887537479, "dvar2": 1.30137896538, "min": -3.37093782425}, "spectral_contrast_valleys": {"dvar": [0.188098043203, 0.244650170207, 0.252231568098, 0.217590615153, 0.206012681127, 0.269605755806], "var": [1.92290222645, 1.32310533524, 1.09189796448, 0.890284895897, 1.09319734573, 1.11797058582], "median": [-8.35770988464, -7.53948879242, -8.55760574341, -9.64132118225, -9.28319549561, -12.5874090195], "max": [-5.5444817543, -4.40297365189, -5.39326667786, -6.60514783859, -5.8607416153, -8.04940414429], "dmean": [0.414333045483, 0.401534050703, 0.410136401653, 0.382280021906, 0.33213788271, 0.388639330864], "dmean2": [0.677444219589, 0.657414257526, 0.662481367588, 0.607162356377, 0.519975364208, 0.59556978941], "mean": [-8.48539447784, -7.62400770187, -8.61063194275, -9.66977500916, -9.43914794922, -12.5277452469], "dvar2": [0.401813745499, 0.549320936203, 0.566257834435, 0.454757899046, 0.436697930098, 0.593236148357], "min": [-27.8716602325, -27.031496048, -26.9007911682, -27.2263278961, -27.266866684, -27.1661109924]}, "spectral_strongpeak": {"dvar": 0.432611018419, "var": 1.1064568758, "median": 0.479604423046, "max": 10.9456701279, "dmean": 0.340183436871, "dmean2": 0.529038786888, "mean": 0.859923899174, "dvar2": 1.07710778713, "min": 2.1139776436e-06}, "erbbands_crest": {"dvar": 9.88184928894, "var": 44.1505584717, "median": 13.2494239807, "max": 32.9604187012, "dmean": 3.03394341469, "dmean2": 4.67322540283, "mean": 14.5872402191, "dvar2": 22.7123394012, "min": 3.42105197906}, "barkbands_crest": {"dvar": 6.8232793808, "var": 31.6515617371, "median": 12.4188480377, "max": 26.8811798096, "dmean": 2.46025323868, "dmean2": 3.82769584656, "mean": 13.387922287, "dvar2": 15.9576559067, "min": 2.94362139702}, "spectral_energyband_middle_low": {"dvar": 0.000171564388438, "var": 0.000325699482346, "median": 0.00445532705635, "max": 0.262274622917, "dmean": 0.00430104183033, "dmean2": 0.00608566543087, "mean": 0.0106709618121, "dvar2": 0.000422174256528, "min": 1.230368845e-11}, "spectral_contrast_coeffs": {"dvar": [0.00146003777627, 0.00176787527744, 0.00103938847315, 0.000709134212229, 0.000430541607784, 0.000266419519903], "var": [0.00848927441984, 0.0121578006074, 0.00661378726363, 0.0064970292151, 0.00723733473569, 0.00363204418682], "median": [-0.640099823475, -0.65870654583, -0.730122864246, -0.763721466064, -0.738947808743, -0.753939449787], "max": [-0.323568552732, -0.354628324509, -0.449763327837, -0.507092297077, -0.469445407391, -0.55154967308], "dmean": [0.0439683720469, 0.0462340563536, 0.0363360643387, 0.0285595208406, 0.0215858407319, 0.0176810473204], "dmean2": [0.072596244514, 0.0721013173461, 0.0588299632072, 0.0466263443232, 0.0344496816397, 0.0282624401152], "mean": [-0.634489953518, -0.658030688763, -0.725149273872, -0.763929605484, -0.749915480614, -0.749123036861], "dvar2": [0.00384645489976, 0.00427887728438, 0.00263734371401, 0.00181687250733, 0.00104693835601, 0.000686462502927], "min": [-0.932263851166, -0.960827708244, -0.960426092148, -0.95917057991, -0.96208947897, -0.961835503578]}, "hfc": {"dvar": 43.9267921448, "var": 129.241256714, "median": 4.38983392715, "max": 136.108123779, "dmean": 2.62771725655, "dmean2": 3.86638975143, "mean": 8.26522922516, "dvar2": 109.783195496, "min": 1.75987988627e-08}, "spectral_energyband_high": {"dvar": 5.64295916661e-08, "var": 7.68814700791e-08, "median": 2.91489850497e-05, "max": 0.00637812586501, "dmean": 6.14426680841e-05, "dmean2": 0.000102548030554, "mean": 0.000120444958156, "dvar2": 1.55921014766e-07, "min": 4.52966223558e-13}, "erbbands_spread": {"dvar": 97.2429656982, "var": 306.885009766, "median": 25.7467460632, "max": 134.754714966, "dmean": 7.00967788696, "dmean2": 10.8529834747, "mean": 27.7123088837, "dvar2": 243.419296265, "min": 0.383516609669}, "dissonance": {"dvar": 0.00120258843526, "var": 0.00457193050534, "median": 0.43182694912, "max": 0.499999970198, "dmean": 0.0322128906846, "dmean2": 0.0529287010431, "mean": 0.414239734411, "dvar2": 0.00320844631642, "min": 0.0712995752692}, "spectral_kurtosis": {"dvar": 132.681671143, "var": 525.796081543, "median": 7.23793649673, "max": 279.289123535, "dmean": 6.31889533997, "dmean2": 10.7875862122, "mean": 13.726849556, "dvar2": 332.735412598, "min": -1.21837759018}, "spectral_skewness": {"dvar": 0.448946237564, "var": 2.49443101883, "median": 1.85656714439, "max": 14.2746152878, "dmean": 0.521051704884, "dmean2": 0.876809298992, "mean": 2.30634522438, "dvar2": 1.10569107533, "min": -0.0161028988659}, "pitch_salience": {"dvar": 0.00523951370269, "var": 0.0202335063368, "median": 0.451720952988, "max": 0.938635408878, "dmean": 0.065455943346, "dmean2": 0.102970309556, "mean": 0.441960334778, "dvar2": 0.0127795720473, "min": 0.0336876176298}, "spectral_complexity": {"dvar": 2.51608586311, "var": 36.3344726562, "median": 7, "max": 39, "dmean": 1.28660488129, "dmean2": 2.14963507652, "mean": 8.07099437714, "dvar2": 6.28844213486, "min": 0}, "spectral_spread": {"dvar": 707966730240, "var": 2563885498370.0, "median": 2831229.25, "max": 41315004, "dmean": 474634.4375, "dmean2": 770130, "mean": 3230467.25, "dvar2": 1418555949060.0, "min": 271187.84375}, "dynamic_complexity": 6.4434299469, "melbands_crest": {"dvar": 8.12359523773, "var": 37.7764129639, "median": 16.2810630798, "max": 32.9711341858, "dmean": 2.74627614021, "dmean2": 4.27043247223, "mean": 16.8361740112, "dvar2": 19.3096408844, "min": 2.95566058159}, "zerocrossingrate": {"dvar": 0.000120265387523, "var": 0.0011386864353, "median": 0.02978515625, "max": 0.27392578125, "dmean": 0.00688634673133, "dmean2": 0.00852064136416, "mean": 0.0387167409062, "dvar2": 0.000164956029039, "min": 0.0029296875}, "spectral_energyband_low": {"dvar": 0.000104782520793, "var": 0.000511140213348, "median": 0.00143142673187, "max": 0.357652932405, "dmean": 0.00300315069035, "dmean2": 0.00455211801454, "mean": 0.00855551846325, "dvar2": 0.000217019303818, "min": 4.58832597567e-14}, "melbands_kurtosis": {"dvar": 458.46572876, "var": 1098.4041748, "median": 9.31523036957, "max": 543.036254883, "dmean": 9.33078384399, "dmean2": 14.339263916, "mean": 18.4654464722, "dvar2": 1023.27319336, "min": -1.80973124504}, "spectral_energyband_middle_high": {"dvar": 2.02706041819e-06, "var": 1.09922057163e-05, "median": 0.000458692578832, "max": 0.0484483093023, "dmean": 0.000488081364892, "dmean2": 0.000733583234251, "mean": 0.00156405055895, "dvar2": 4.45864998255e-06, "min": 3.55698912165e-12}, "barkbands_spread": {"dvar": 45.7184371948, "var": 127.628059387, "median": 9.21582603455, "max": 94.7600479126, "dmean": 3.95558238029, "dmean2": 6.24770069122, "mean": 12.6666555405, "dvar2": 118.773468018, "min": 0.0235229283571}, "mfcc": {"mean": [-776.108703613, 158.279342651, 4.11698389053, 36.5186767578, -11.0347356796, -12.3258705139, -1.1201249361, -0.3292093575, 1.86685121059, -0.276874631643, -1.1996421814, 5.36203289032, 5.78137922287], "cov": [[10307.9443359, 206.929779053, -1904.69152832, 766.324768066, -267.830535889, -213.264862061, -195.433822632, -213.014602661, -270.796936035, -232.692871094, -52.7642173767, 487.416351318, 233.239639282], [206.929779053, 2188.86694336, 172.302993774, 461.107025146, 290.945648193, -121.159317017, 184.738418579, 55.9702911377, 32.0203437805, 85.5640411377, 63.3257865906, 193.774551392, 60.4093055725], [-1904.69152832, 172.302993774, 1419.14221191, -43.4572372437, 132.426727295, 259.758422852, 47.8488578796, 147.285736084, 172.483139038, 84.48878479, 89.2093887329, -197.010986328, -50.3097496033], [766.324768066, 461.107025146, -43.4572372437, 518.238586426, 107.786773682, -63.8847885132, 104.58744812, 21.4776439667, 12.7437114716, 12.3350963593, 20.393453598, 148.589019775, 54.7679824829], [-267.830535889, 290.945648193, 132.426727295, 107.786773682, 271.654052734, 81.1282272339, 76.1009597778, 60.1765441895, 25.1458187103, 38.2397346497, 3.51659011841, -4.71706438065, -11.3161668777], [-213.264862061, -121.159317017, 259.758422852, -63.8847885132, 81.1282272339, 251.046066284, 64.2256317139, 83.5123825073, 71.3105773926, 29.0825958252, -4.66172552109, -112.309700012, -46.7989425659], [-195.433822632, 184.738418579, 47.8488578796, 104.58744812, 76.1009597778, 64.2256317139, 264.021728516, 172.190246582, 101.25050354, 47.7597198486, -10.3249807358, -14.9055347443, -46.5270957947], [-213.014602661, 55.9702911377, 147.285736084, 21.4776439667, 60.1765441895, 83.5123825073, 172.190246582, 290.749664307, 182.317703247, 79.4362564087, 25.5596923828, -41.2808570862, -40.3643379211], [-270.796936035, 32.0203437805, 172.483139038, 12.7437114716, 25.1458187103, 71.3105773926, 101.25050354, 182.317703247, 256.073944092, 123.607276917, 41.4773674011, -28.761297226, -26.1896400452], [-232.692871094, 85.5640411377, 84.48878479, 12.3350963593, 38.2397346497, 29.0825958252, 47.7597198486, 79.4362564087, 123.607276917, 187.75541687, 86.1536636353, 18.2273101807, -7.57319879532], [-52.7642173767, 63.3257865906, 89.2093887329, 20.393453598, 3.51659011841, -4.66172552109, -10.3249807358, 25.5596923828, 41.4773674011, 86.1536636353, 174.243423462, 75.4192276001, 24.4912662506], [487.416351318, 193.774551392, -197.010986328, 148.589019775, -4.71706438065, -112.309700012, -14.9055347443, -41.2808570862, -28.761297226, 18.2273101807, 75.4192276001, 260.176757812, 113.271247864], [233.239639282, 60.4093055725, -50.3097496033, 54.7679824829, -11.3161668777, -46.7989425659, -46.5270957947, -40.3643379211, -26.1896400452, -7.57319879532, 24.4912662506, 113.271247864, 150.041793823]], "icov": [[0.000188403981156, -5.06398864673e-05, 0.000289301562589, -0.000375323434127, 0.00029525309219, -0.000445225363364, 0.000371265457943, -0.000203447401873, 5.11056678079e-05, 0.000145349258673, -4.9858022976e-05, -5.83185792493e-05, -2.62641224253e-05], [-5.06398864673e-05, 0.000722548284102, -0.000256008730503, -0.000187208628631, -0.000727741338778, 0.000741942261811, -0.000522819056641, 0.000225520081585, 1.53669261636e-05, -0.00019831667305, 3.04884124489e-05, -0.000205375079531, -1.18804709928e-05], [0.000289301562589, -0.000256008730503, 0.00155287387315, -0.00067550491076, 0.000317840633215, -0.00147323554847, 0.000879051396623, -0.000357395736501, -0.000421557226218, 0.000534458376933, -0.00100018759258, 0.000981032615528, -0.000462443160359], [-0.000375323434127, -0.000187208628631, -0.00067550491076, 0.00383395026438, -0.0014569562627, 0.00145785522182, -0.00201266771182, 0.000967844272964, -0.000579586892854, 0.00022424319468, 0.000276073929854, -0.00132448785007, -0.000121079319797], [0.00029525309219, -0.000727741338778, 0.000317840633215, -0.0014569562627, 0.006135832984, -0.00291742105037, 0.000653614290059, -0.00121937505901, 0.00145581574179, -0.00100458075758, 0.000620719860308, -0.000285960471956, 0.00021783488