{"tonal": {"chords_key": "D#", "hpcp_entropy": {"dmean": 0.478851765394, "dmean2": 0.808234930038, "max": 3.9844493866, "dvar": 0.2430883497, "mean": 1.39691305161, "dvar2": 0.613235294819, "min": 0, "var": 0.556257963181, "median": 1.38525259495}, "key_key": "D#", "chords_strength": {"dmean": 0.0067889643833, "dmean2": 0.00586171029136, "max": 0.741029977798, "dvar": 4.36892660218e-05, "mean": 0.539605557919, "dvar2": 4.1861054342e-05, "min": 0.220636874437, "var": 0.00699139712378, "median": 0.541140377522}, "key_scale": "major", "chords_number_rate": 0.00174078182317, "thpcp": [1, 0.538013100624, 0.122345492244, 0.0866628810763, 0.0646771639585, 0.154371932149, 0.27849277854, 0.212614372373, 0.133901178837, 0.136108875275, 0.126160889864, 0.300593912601, 0.43870434165, 0.306491374969, 0.27712649107, 0.250474601984, 0.121834129095, 0.10896679759, 0.135603159666, 0.130624711514, 0.390898823738, 0.733433067799, 0.486446470022, 0.212002143264, 0.224971041083, 0.170868143439, 0.215074717999, 0.2720297575, 0.238704293966, 0.276986867189, 0.216011807323, 0.0900593474507, 0.260168194771, 0.463596403599, 0.362549245358, 0.649773776531], "key_strength": 0.835798919201, "tuning_nontempered_energy_ratio": 0.636015892029, "tuning_frequency": 434.695007324, "chords_changes_rate": 0.036714669317, "tuning_diatonic_strength": 0.622189462185, "chords_scale": "major", "chords_histogram": [40.037979126, 3.0384554863, 8.64060783386, 1.12359547615, 0.538059830666, 0, 0.379806935787, 0.110777020454, 5.55467653275, 1.37680017948, 0.759613871574, 0.553885102272, 0, 0, 0, 5.60215234756, 1.40845072269, 4.90583944321, 0, 0.933692038059, 0, 0, 10.6345939636, 14.4010124207], "tuning_equal_tempered_deviation": 0.0193543508649, "hpcp": {"dmean": [0.0408928915858, 0.0524968728423, 0.0993577465415, 0.132194459438, 0.118498973548, 0.0778809711337, 0.0675543770194, 0.0585050284863, 0.066126845777, 0.0728160515428, 0.0729293897748, 0.0876621454954, 0.0708257555962, 0.036087077111, 0.0703118890524, 0.106285303831, 0.106041297317, 0.130247741938, 0.139207735658, 0.114895351231, 0.0536962263286, 0.0356785692275, 0.030237480998, 0.0477966852486, 0.067710287869, 0.060685582459, 0.0486138649285, 0.0484496876597, 0.0524496734142, 0.0842581316829, 0.105521850288, 0.0846613273025, 0.0750813931227, 0.0634517818689, 0.0379529558122, 0.0346501171589], "dmean2": [0.0678849592805, 0.0915909782052, 0.169041752815, 0.213380724192, 0.199166446924, 0.13625639677, 0.114216901362, 0.103129789233, 0.111007809639, 0.117648266256, 0.117016017437, 0.144196107984, 0.118281707168, 0.0629510208964, 0.11409766227, 0.172873556614, 0.179859757423, 0.21976698935, 0.226180166006, 0.190807163715, 0.095839060843, 0.062821380794, 0.0538286268711, 0.079761095345, 0.109575934708, 0.099648155272, 0.0836803391576, 0.0815229415894, 0.0917692780495, 0.140562340617, 0.173387885094, 0.141413360834, 0.123561397195, 0.103602029383, 0.063669629395, 0.0573626942933], "max": [1, 1, 1, 1, 1, 1, 1, 1, 1, 1, 1, 1, 1, 1, 1, 1, 1, 1, 1, 1, 1, 1, 1, 1, 1, 1, 1, 1, 1, 1, 1, 1, 1, 1, 1, 1], "dvar": [0.0116928042844, 0.0161999948323, 0.0300288517028, 0.0366865694523, 0.0339618809521, 0.0291233882308, 0.0248594824225, 0.0203666482121, 0.020635522902, 0.0259111877531, 0.021032275632, 0.0277047548443, 0.0206275973469, 0.0108142867684, 0.0177850686014, 0.0309834908694, 0.0263222642243, 0.0345757938921, 0.0419288687408, 0.0297874528915, 0.0173422899097, 0.0116664133966, 0.0107984878123, 0.0148046482354, 0.0227255243808, 0.0201866421849, 0.0160328112543, 0.0147963380441, 0.0185411125422, 0.0234548207372, 0.0310794897377, 0.0218526218086, 0.0215735398233, 0.0189147274941, 0.00996756926179, 0.00757563812658], "mean": [0.0643711015582, 0.0620078220963, 0.18556047976, 0.348162174225, 0.230917140841, 0.100637853146, 0.106794215739, 0.0811114609241, 0.102096408606, 0.129133090377, 0.113313421607, 0.131486237049, 0.102541252971, 0.0427513569593, 0.123502381146, 0.220070168376, 0.172102868557, 0.308448940516, 0.474702060223, 0.255395919085, 0.0580776557326, 0.0411390475929, 0.0307023841888, 0.0732806771994, 0.132201090455, 0.100928477943, 0.0635631680489, 0.0646111667156, 0.0598888322711, 0.142692551017, 0.208253860474, 0.145492091775, 0.131552517414, 0.118900813162, 0.0578349120915, 0.0517267622054], "dvar2": [0.0312356837094, 0.0464230626822, 0.0867353230715, 0.0857249349356, 0.0947791337967, 0.0834955796599, 0.0664104819298, 0.0581465922296, 0.0537869744003, 0.0572691112757, 0.0520733110607, 0.0746545419097, 0.0579397603869, 0.0292818453163, 0.0447318479419, 0.0713685676455, 0.071080468595, 0.0981373414397, 0.091575525701, 0.0815967768431, 0.0500355102122, 0.0332818552852, 0.0305946785957, 0.0393178723752, 0.0548421926796, 0.0488646365702, 0.0413999781013, 0.0384560190141, 0.05029758811, 0.0603498108685, 0.0746063515544, 0.0583537705243, 0.0530398488045, 0.0441853068769, 0.0263285022229, 0.0203152596951], "min": [0, 0, 0, 0, 0, 0, 0, 0, 0, 0, 0, 0, 0, 0, 0, 0, 0, 0, 0, 0, 0, 0, 0, 0, 0, 0, 0, 0, 0, 0, 0, 0, 0, 0, 0, 0], "var": [0.023227032274, 0.0197148993611, 0.0486338883638, 0.131389021873, 0.0611401870847, 0.0360602736473, 0.0530298240483, 0.026212407276, 0.0346672870219, 0.0597937479615, 0.0343878567219, 0.0509397014976, 0.0346976146102, 0.0126059390604, 0.037210278213, 0.0933191105723, 0.0497971400619, 0.0815120786428, 0.159336104989, 0.0587162151933, 0.0160965900868, 0.0111194448546, 0.00871112570167, 0.0213619526476, 0.0590094551444, 0.0368386283517, 0.0207424648106, 0.0231138151139, 0.0195606127381, 0.0414674803615, 0.0795934423804, 0.0377593822777, 0.0496270395815, 0.0474840328097, 0.0156777817756, 0.0106815546751], "median": [0.0122727490962, 0.00910475291312, 0.0900494232774, 0.18970772624, 0.131948560476, 0.023594584316, 0.0144461188465, 0.0157243274152, 0.0224854182452, 0.0204666778445, 0.0333294719458, 0.0252890624106, 0.0172157566994, 0.00755321001634, 0.0331052616239, 0.0711911544204, 0.072960101068, 0.226397037506, 0.376877069473, 0.175764203072, 0.0137550877407, 0.00610630959272, 0.00550426403061, 0.0196286868304, 0.0328398235142, 0.027602488175, 0.00942652579397, 0.00687326537445, 0.0123076066375, 0.0621243081987, 0.0866378843784, 0.0630100145936, 0.026284025982, 0.0199348442256, 0.0135186491534, 0.0131129752845]}}, "lowlevel": {"melbands_flatness_db": {"dmean": 0.0180332567543, "dmean2": 0.0249432846904, "max": 0.568098366261, "dvar": 0.000548558775336, "mean": 0.269983500242, "dvar2": 0.000968553707935, "min": 0.00669506425038, "var": 0.00720332516357, "median": 0.269687324762}, "melbands_crest": {"dmean": 2.34309315681, "dmean2": 3.47907376289, "max": 35.4838752747, "dvar": 6.37916374207, "mean": 12.7800340652, "dvar2": 14.464266777, "min": 2.14919805527, "var": 32.9126091003, "median": 11.5279827118}, "spectral_entropy": {"dmean": 0.146109029651, "dmean2": 0.202318534255, "max": 9.79366970062, "dvar": 0.0428864583373, "mean": 6.73816204071, "dvar2": 0.0750745162368, "min": 4.32962989807, "var": 0.515382528305, "median": 6.81274032593}, "melbands": {"dmean": [5.48017715118e-06, 2.22054004553e-05, 2.79721061816e-05, 3.28942587657e-05, 9.03045729501e-05, 7.92748032836e-05, 7.093000022e-05, 5.77433347644e-05, 0.000103245314676, 9.96073940769e-05, 0.000129561012727, 0.000103072707134, 0.000124786689412, 8.32643709145e-05, 4.56750422018e-05, 3.81198151445e-05, 3.60937701771e-05, 2.32008787862e-05, 2.69984266197e-05, 1.59412138601e-05, 1.2238254385e-05, 8.6891304818e-06, 5.06447486259e-06, 4.28450584877e-06, 2.58399018094e-06, 1.04580499283e-06, 9.47593036926e-07, 8.96118706351e-07, 4.35304229995e-07, 2.34393709775e-07, 2.65702368552e-07, 2.84061485445e-07, 3.27066629779e-07, 3.16683241408e-07, 2.3806407512e-07, 3.44798536389e-07, 3.58522214583e-07, 2.9725180184e-07, 2.48318173135e-07, 1.93842268459e-07], "dmean2": [9.20561433304e-06, 3.63282088074e-05, 4.71336861665e-05, 4.92996987305e-05, 0.00012822233839, 0.000115005270345, 0.000108100102807, 8.32098085084e-05, 0.000151921718498, 0.000141386582982, 0.000183404845302, 0.000140833828482, 0.000171660809428, 0.000116850736958, 6.62110760459e-05, 5.10216559633e-05, 5.31883561052e-05, 3.38322824973e-05, 4.12651679653e-05, 2.35915176745e-05, 1.7291156837e-05, 1.2570591025e-05, 7.43227610656e-06, 6.38938172415e-06, 3.90011246054e-06, 1.57555575697e-06, 1.45610658819e-06, 1.3632251239e-06, 6.53470578982e-07, 3.46997381939e-07, 3.8822227566e-07, 4.17578178258e-07, 4.57022196088e-07, 4.52068775303e-07, 3.47310844973e-07, 5.001277259e-07, 5.10375400609e-07, 4.22535805455e-07, 3.40995541137e-07, 2.6713172474e-07], "max": [0.000336845521815, 0.00164625095204, 0.00316252280027, 0.00350545090623, 0.00597050599754, 0.0060801198706, 0.00585972890258, 0.00850089453161, 0.00919214542955, 0.0109797371551, 0.0249992217869, 0.0259586796165, 0.0299560260028, 0.010230618529, 0.00464387889951, 0.00904837716371, 0.00570901622996, 0.00314837670885, 0.00473716948181, 0.00254537654109, 0.00277327839285, 0.00134566798806, 0.00102353934199, 0.000769272097386, 0.000546411436517, 0.00015678719501, 8.45723625389e-05, 0.000138585659442, 5.24163151567e-05, 4.58416689071e-05, 6.0245180066e-05, 6.88672007527e-05, 7.55390283302e-05, 8.14150553197e-05, 5.12056976731e-05, 7.04539343133e-05, 6.38251294731e-05, 4.93565166835e-05, 5.83791224926e-05, 4.09108070016e-05], "dvar": [1.79160283831e-10, 2.59552113135e-09, 7.38150074397e-09, 1.0798504313e-08, 5.01861343594e-08, 5.00101116074e-08, 4.96613559164e-08, 5.88682027569e-08, 1.04277582125e-07, 1.43526563079e-07, 3.73311394242e-07, 1.92058507764e-07, 2.64613561285e-07, 7.44412602671e-08, 1.96797707019e-08, 2.65588013804e-08, 1.72263803222e-08, 7.26881133062e-09, 1.20172032325e-08, 5.53413137538e-09, 3.53108209339e-09, 1.1407108591e-09, 4.42272218848e-10, 3.4783190217e-10, 1.23767551763e-10, 1.48370205011e-11, 9.54250047036e-12, 1.17971205721e-11, 3.0540114708e-12, 1.30609889223e-12, 1.90957145929e-12, 2.45679691868e-12, 2.93143309106e-12, 3.20323368524e-12, 1.52367300634e-12, 3.67920407682e-12, 3.56389700737e-12, 2.68170294998e-12, 2.587149028e-12, 1.44779284048e-12], "mean": [1.00097286122e-05, 4.917618935e-05, 5.83385917707e-05, 7.65651566326e-05, 0.000227538432227, 0.000204255440622, 0.00016359318397, 0.000126654937048, 0.000216552623897, 0.000203804142075, 0.000252841855399, 0.00028455053689, 0.000272512697848, 0.000211061807931, 0.000103272257547, 0.000122336728964, 6.67625063215e-05, 4.44714678451e-05, 5.21880538145e-05, 2.6808860639e-05, 2.2617092327e-05, 1.92395546037e-05, 1.04160180854e-05, 7.75277021603e-06, 4.40292114945e-06, 1.82113512892e-06, 1.7486888737e-06, 1.51930328229e-06, 7.22569836853e-07, 3.91792610799e-07, 4.18686795456e-07, 4.5551090011e-07, 5.56651343686e-07, 5.41738359061e-07, 3.93158359202e-07, 5.36584536803e-07, 5.62836646623e-07, 4.74506236969e-07, 3.93900279505e-07, 3.13619921144e-07], "dvar2": [4.73624472974e-10, 6.63746346774e-09, 1.96284855036e-08, 2.42994850908e-08, 1.02729231344e-07, 1.0177149079e-07, 1.09357863209e-07, 1.20421645988e-07, 2.31732443012e-07, 2.90100899747e-07, 7.28538225303e-07, 3.49518529674e-07, 5.0517434147e-07, 1.38302695518e-07, 3.81901124058e-08, 4.49382113743e-08, 3.45719222139e-08, 1.35876749852e-08, 2.65699728885e-08, 1.32993598356e-08, 6.69313582335e-09, 2.23027152302e-09, 8.98381868897e-10, 7.72380326364e-10, 2.66826644113e-10, 3.36243290155e-11, 2.19663072454e-11, 2.62557076774e-11, 6.92676471736e-12, 2.70574513316e-12, 3.93423184655e-12, 5.44999332122e-12, 4.63334362197e-12, 5.79527528397e-12, 2.9828160341e-12, 7.56219566134e-12, 7.06621827024e-12, 5.271137693e-12, 5.09746715324e-12, 2.57783833342e-12], "min": [4.43615575064e-24, 2.14323666909e-24, 6.19436933062e-24, 7.54201039173e-24, 8.94413255353e-24, 7.4813998418e-24, 6.85841745228e-24, 3.88501216275e-24, 1.1219287868e-23, 6.23140595569e-24, 1.34832942113e-23, 8.24656415429e-24, 6.1032925781e-24, 1.93616095757e-23, 1.53514288531e-23, 9.37361840704e-24, 2.0973717833e-23, 1.80077522906e-23, 1.4955639982e-23, 7.76591278246e-24, 1.2978099799e-23, 8.12559548991e-24, 8.71456377492e-24, 9.84222781716e-24, 8.97789658913e-24, 6.42164962375e-24, 8.67285196569e-24, 4.00453287293e-24, 1.03383779392e-23, 7.80865878833e-24, 1.49235901412e-23, 1.43729541853e-23, 1.35235939595e-23, 8.49276212078e-24, 9.36476265452e-24, 8.19961036435e-24, 9.1267798855e-24, 9.78083866151e-24, 9.22877171193e-24, 8.89797866855e-24], "var": [3.98472338459e-10, 8.27785751056e-09, 1.23060797108e-08, 3.35786971561e-08, 1.98065180257e-07, 1.791466957e-07, 1.2617491052e-07, 1.68033295722e-07, 2.5497530487e-07, 4.43693977559e-07, 1.23014478959e-06, 1.58748355261e-06, 1.07994958398e-06, 4.37192227309e-07, 5.88955160197e-08, 3.95072277115e-07, 4.94417093932e-08, 1.9941600371e-08, 3.22414308584e-08, 1.03177475452e-08, 9.66980540085e-09, 5.02183938877e-09, 1.5099874684e-09, 7.81951836615e-10, 2.30120103528e-10, 3.19078617694e-11, 2.03454076503e-11, 2.66638846419e-11, 5.94940893425e-12, 3.02613554874e-12, 4.19891682188e-12, 5.70441133566e-12, 9.79985537164e-12, 9.28388095567e-12, 3.8065180348e-12, 8.67986585384e-12, 8.82771199889e-12, 6.32117188454e-12, 6.09855742295e-12, 3.78535267367e-12], "median": [2.69335487246e-06, 1.47522896441e-05, 1.97635054064e-05, 1.4495589312e-05, 6.6624415922e-05, 6.37529738015e-05, 5.59866166441e-05, 3.14528952003e-05, 5.91987736698e-05, 4.41326155851e-05, 4.17328628828e-05, 2.83239423879e-05, 4.38922797912e-05, 5.10640602442e-05, 3.24834727508e-05, 8.31403303891e-06, 1.40088441185e-05, 9.54615825322e-06, 5.89071623835e-06, 2.38059055846e-06, 2.6369632451e-06, 3.75753234039e-06, 1.63807931131e-06, 8.2792826106e-07, 4.50577203992e-07, 2.83513486465e-07, 2.48849886475e-07, 1.67198493273e-07, 6.72059314866e-08, 3.37734178402e-08, 2.95475395262e-08, 1.93613907129e-08, 1.80924892845e-08, 1.85688762144e-08, 1.22911689715e-08, 6.76332856386e-09, 3.91474852535e-09, 3.98535338064e-09, 2.10676143197e-09, 1.43574974132e-09]}, "silence_rate_60dB": {"dmean": 0.0345073193312, "dmean2": 0.0690201073885, "max": 1, "dvar": 0.0333161950111, "mean": 0.330959171057, "dvar2": 0.0688441097736, "min": 0, "var": 0.221400827169, "median": 0}, "spectral_energyband_middle_high": {"dmean": 0.00202478957362, "dmean2": 0.00280372891575, "max": 0.184985935688, "dvar": 2.54428432527e-05, "mean": 0.00825671106577, "dvar2": 4.83971089125e-05, "min": 1.62945795918e-21, "var": 0.000243027679971, "median": 0.00251179700717}, "erbbands_skewness": {"dmean": 0.311056286097, "dmean2": 0.436959505081, "max": 6.22600269318, "dvar": 0.129120871425, "mean": 0.305261701345, "dvar2": 0.26665237546, "min": -4.37537717819, "var": 0.768866479397, "median": 0.200100541115}, "dynamic_complexity": 7.63443088531, "dissonance": {"dmean": 0.0297673679888, "dmean2": 0.0501180812716, "max": 0.500000178814, "dvar": 0.00099034619052, "mean": 0.422089010477, "dvar2": 0.00267716404051, "min": 0.0935722887516, "var": 0.00367451249622, "median": 0.440056651831}, "spectral_skewness": {"dmean": 0.599721550941, "dmean2": 1.01741909981, "max": 11.6423807144, "dvar": 0.461237043142, "mean": 2.91480326653, "dvar2": 1.3604234457, "min": -0.379853159189, "var": 2.29868364334, "median": 2.57117390633}, "spectral_kurtosis": {"dmean": 8.42751502991, "dmean2": 14.5781583786, "max": 215.420455933, "dvar": 129.410217285, "mean": 21.4099712372, "dvar2": 382.475860596, "min": -1.29144394398, "var": 560.185424805, "median": 12.8464889526}, "gfcc": {"cov": [[23434.8886719, -2852.16723633, -3013.27368164, 1385.42932129, -1114.86767578, 979.375610352, -1362.01916504, -96.4561538696, -807.411865234, -528.809509277, -446.316375732, 104.312858582, 152.957962036], [-2852.16723633, 3844.71606445, -639.911010742, -462.985473633, 1136.14733887, -815.727355957, 887.608703613, -577.665588379, 367.399414063, -245.5730896, 121.458381653, -217.610549927, -27.0359516144], [-3013.27368164, -639.911010742, 1827.78833008, 130.958221436, -358.280456543, 351.671875, -190.313568115, 352.318572998, -146.652603149, 95.2228317261, -122.695281982, -41.8917884827, -125.544677734], [1385.42932129, -462.985473633, 130.958221436, 888.513305664, -104.730461121, 67.9961395264, 18.5060501099, -15.8943214417, 1.31187176704, -69.1050796509, -113.29107666, -59.5767555237, -67.0940628052], [-1114.86767578, 1136.14733887, -358.280456543, -104.730461121, 650.25201416, -262.17980957, 370.580108643, -166.684799194, 158.036392212, -44.8781700134, 43.8910217285, -50.2366027832, -28.399181366], [979.375610352, -815.727355957, 351.671875, 67.9961395264, -262.17980957, 499.447418213, -187.702865601, 153.196792603, -133.364242554, 32.8960952759, -48.1546020508, 27.7415828705, -24.6609916687], [-1362.01916504, 887.608703613, -190.313568115, 18.5060501099, 370.580108643, -187.702865601, 580.85546875, -167.143707275, 205.551559448, -25.2045192719, 33.8402290344, -49.725856781, -58.0252380371], [-96.4561538696, -577.665588379, 352.318572998, -15.8943214417, -166.684799194, 153.196792603, -167.143707275, 316.772796631, -61.6369514465, 61.0052642822, -28.6686420441, 20.3115501404, 3.65936636925], [-807.411865234, 367.399414063, -146.652603149, 1.31187176704, 158.036392212, -133.364242554, 205.551559448, -61.6369514465, 223.114379883, 15.7903728485, 36.8347091675, -5.18878412247, -8.57034778595], [-528.809509277, -245.5730896, 95.2228317261, -69.1050796509, -44.8781700134, 32.8960952759, -25.2045192719, 61.0052642822, 15.7903728485, 154.012481689, 44.1296882629, 32.3154792786, 4.11124610901], [-446.316375732, 121.458381653, -122.695281982, -113.29107666, 43.8910217285, -48.1546020508, 33.8402290344, -28.6686420441, 36.8347091675, 44.1296882629, 134.410140991, 31.8200836182, 23.8313388824], [104.312858582, -217.610549927, -41.8917884827, -59.5767555237, -50.2366027832, 27.7415828705, -49.725856781, 20.3115501404, -5.18878412247, 32.3154792786, 31.8200836182, 116.599555969, 38.6570701599], [152.957962036, -27.0359516144, -125.544677734, -67.0940628052, -28.399181366, -24.6609916687, -58.0252380371, 3.65936636925, -8.57034778595, 4.11124610901, 23.8313388824, 38.6570701599, 114.554092407]], "mean": [-157.196411133, 136.826202393, -168.64805603, -24.5680294037, -58.6656112671, -4.23867797852, -34.4370002747, -3.25129652023, -18.1408424377, -6.79426336288, -5.09676647186, -2.3681666851, -5.54986381531], "icov": [[0.000212585815461, -0.000187499157619, 0.000658285920508, -0.000369255285477, 0.00036367343273, -0.000531239435077, 0.000359954719897, -0.000252711062785, 0.000443662400357, 7.86626405898e-05, 0.000569276162423, -0.000285646732664, 0.000351593684172], [-0.000187499157619, 0.00145623309072, -0.000963652739301, 0.000979297212325, -0.00147281948011, 0.00128919805866, -0.00088281329954, 0.00125997432042, -0.000658125150949, 0.00141463219188, -0.00107931229286, 0.00167542998679, -0.000904362706933], [0.000658285920508, -0.000963652739301, 0.00303183612414, -0.00133163656574, 0.00174320407677, -0.00205774488859, 0.00111343548633, -0.00179890554864, 0.00169245293364, -0.000588655995671, 0.00234051933512, -0.00103155779652, 0.00205594324507], [-0.000369255285477, 0.000979297212325, -0.00133163656574, 0.0023557827808, -0.000830937759019, 0.00123134814203, -0.00102431408595, 0.00114078447223, -0.00123922305647, 0.00098354567308, -0.000396381510654, 0.00151229591575, -0.000407538260333], [0.00036367343273, -0.00147281948011, 0.00174320407677, -0.000830937759019, 0.00463501643389, -0.000955674157012, -0.000277504062979, -0.00130774977151, 0.000791385595221, -0.000796709908172, 0.00140480301343, -0.0012091769604, 0.00163872004487], [-0.000531239435077, 0.00128919805866, -0.00205774488859, 0.00123134814203, -0.000955674157012, 0.00494663277641, -0.00134755880572, 0.000618467747699, -0.000146514925291, 0.000519274559338, -0.00148163968697, 0.000892288109753, -0.000417202187236], [0.000359954719897, -0.00088281329954, 0.00111343548633, -0.00102431408595, -0.000277504062979, -0.00134755880572, 0.00463152630255, 7.38808885217e-05, -0.00144026125781, -0.000405679194955, 0.000980983721092, -0.00077203696128, 0.0018793544732], [-0.000252711062785, 0.00125997432042, -0.00179890554864, 0.00114078447223, -0.00130774977151, 0.000618467747699, 7.38808885217e-05, 0.00619182176888, -0.00118947995361, -0.000203889459954, -0.000372366106603, 0.00135253707413, -0.00148060813081], [0.000443662400357, -0.000658125150949, 0.00169245293364, -0.00123922305647, 0.000791385595221, -0.000146514925291, -0.00144026125781, -0.00118947995361, 0.00863969139755, -0.00143672560807, 0.000637341756374, -0.00136459211353, 0.000880250299815], [7.86626405898e-05, 0.00141463219188, -0.000588655995671, 0.00098354567308, -0.000796709908172, 0.000519274559338, -0.000405679194955, -0.000203889459954, -0.00143672560807, 0.0105636222288, -0.003339498071, 0.00016738010163, 2.67042778432e-05], [0.000569276162423, -0.00107931229286, 0.00234051933512, -0.000396381510654, 0.00140480301343, -0.00148163968697, 0.000980983721092, -0.000372366106603, 0.000637341756374, -0.003339498071, 0.0123438164592, -0.00301596987993, 0.000473496416816], [-0.000285646732664, 0.00167542998679, -0.00103155779652, 0.00151229591575, -0.0012091769604, 0.000892288109753, -0.00077203696128, 0.00135253707413, -0.00136459211353, 0.00016738010163, -0.00301596987993, 0.0130723165348, -0.00390190980397], [0.000351593684172, -0.000904362706933, 0.00205594324507, -0.000407538260333, 0.00163872004487, -0.000417202187236, 0.0018793544732, -0.00148060813081, 0.000880250299815, 2.67042778432e-05, 0.000473496416816, -0.00390190980397, 0.0126599082723]]}, "spectral_complexity": {"dmean": 1.59414327145, "dmean2": 2.55580186844, "max": 50, "dvar": 3.79344797134, "mean": 12.0445556641, "dvar2": 8.15062236786, "min": 0, "var": 64.7592086792, "median": 12}, "spectral_flux": {"dmean": 0.0166747868061, "dmean2": 0.0269662123173, "max": 0.346798539162, "dvar": 0.00066254765261, "mean": 0.0447072573006, "dvar2": 0.00179863628, "min": 1.01282038312e-10, "var": 0.00218833656982, "median": 0.0302091054618}, "spectral_energyband_low": {"dmean": 0.000107029904029, "dmean2": 0.000178467365913, "max": 0.00506573356688, "dvar": 5.68534517242e-08, "mean": 0.000248752359767, "dvar2": 1.52777403173e-07, "min": 2.9846331468e-23, "var": 1.49407128447e-07, "median": 9.70547480392e-05}, "spectral_decrease": {"dmean": 7.36135152835e-10, "dmean2": 1.023383156e-09, "max": 1.18619790953e-16, "dvar": 2.22568288008e-18, "mean": -3.36091665609e-09, "dvar2": 4.35836046721e-18, "min": -4.54088464608e-08, "var": 2.03967171516e-17, "median": -1.67128044737e-09}, "barkbands_spread": {"dmean": 2.28837370872, "dmean2": 3.36336731911, "max": 138.430465698, "dvar": 24.5247459412, "mean": 11.4258308411, "dvar2": 51.0269317627, "min": 0.478888303041, "var": 115.452148438, "median": 9.27386665344}, "spectral_rms": {"dmean": 0.000347501889337, "dmean2": 0.00046600739006, "max": 0.0135665396228, "dvar": 2.86728408128e-07, "mean": 0.00299378135242, "dvar2": 4.99293321354e-07, "min": 3.16351935967e-12, "var": 4.74997841593e-06, "median": 0.00260927388445}, "spectral_centroid": {"dmean": 123.468154907, "dmean2": 168.457519531, "max": 11094.109375, "dvar": 68324.3203125, "mean": 1085.89855957, "dvar2": 104457.601563, "min": 193.136306763, "var": 333317.75, "median": 970.304077148}, "barkbands_skewness": {"dmean": 0.350001513958, "dmean2": 0.486321270466, "max": 8.70114803314, "dvar": 0.193474039435, "mean": 0.529726624489, "dvar2": 0.377374082804, "min": -5.08622312546, "var": 1.13056874275, "median": 0.398958802223}, "spectral_rolloff": {"dmean": 250.496139526, "dmean2": 403.375244141, "max": 19186.0839844, "dvar": 719306.8125, "mean": 1584.44506836, "dvar2": 1322433.75, "min": 64.599609375, "var": 2963398, "median": 1227.39257813}, "erbbands_spread": {"dmean": 3.30576705933, "dmean2": 4.73411941528, "max": 112.826622009, "dvar": 39.6041297913, "mean": 16.2273216248, "dvar2": 82.199005127, "min": 0.494637697935, "var": 174.32258606, "median": 13.2710409164}, "barkbands": {"dmean": [1.0616944337e-06, 2.85528167296e-05, 6.11298964941e-05, 6.4326392021e-05, 0.000208050565561, 0.00046718516387, 0.000358437915565, 0.000445244571893, 0.00080740643898, 0.000852542638313, 0.00100676959846, 0.000685096660163, 0.000320060382364, 0.000338148296578, 0.000320063205436, 0.000192584091565, 0.000135519338073, 8.8661283371e-05, 3.78688964702e-05, 2.60527940554e-05, 1.06339639387e-05, 1.43595207192e-05, 1.64840312209e-05, 2.53860780504e-05, 1.67389916896e-05, 2.78968286693e-06, 5.97874105779e-08], "dmean2": [1.90656044197e-06, 4.76085951959e-05, 0.000100742247014, 0.000109353233711, 0.000310468371026, 0.000677353178617, 0.000540152424946, 0.00065198080847, 0.00117149134167, 0.00124145310838, 0.00141104438808, 0.000975222035777, 0.000434411660535, 0.00049696752103, 0.000483609153889, 0.000284045236185, 0.000195438362425, 0.000131517561385, 5.75070589548e-05, 3.90726527257e-05, 1.52814100147e-05, 1.97211938939e-05, 2.34742947214e-05, 3.54011899617e-05, 2.23991173698e-05, 3.79440166398e-06, 8.99435974588e-08], "max": [6.04802698945e-05, 0.00203157705255, 0.00329711311497, 0.00742072006688, 0.018114104867, 0.0244629699737, 0.0408053845167, 0.043111294508, 0.105962574482, 0.130132570863, 0.181313335896, 0.0828754380345, 0.0689599439502, 0.0468596480787, 0.0424495004117, 0.0376381091774, 0.0347248725593, 0.0148709295318, 0.00732401758432, 0.00290959444828, 0.00171518884599, 0.00362287345342, 0.00333926244639, 0.00405917130411, 0.00356298405677, 0.000683597405441, 2.08779438253e-05], "dvar": [7.84421659572e-12, 5.20213250255e-09, 1.89204065748e-08, 4.35159641654e-08, 3.41267707427e-07, 1.35961886372e-06, 1.42365399824e-06, 2.24240193347e-06, 1.00910783658e-05, 1.172465727e-05, 1.70965595316e-05, 4.35166839452e-06, 1.66788208844e-06, 1.46601632878e-06, 1.37228960284e-06, 8.45157956064e-07, 3.07898233132e-07, 1.1954578838e-07, 2.60304933164e-08, 7.85362441746e-09, 2.29087127046e-09, 5.51988943442e-09, 7.29818649958e-09, 1.93024103368e-08, 1.07980344666e-08, 3.17984444331e-10, 2.14989864019e-13], "mean": [1.03505101379e-06, 5.42594643775e-05, 0.000119572199765, 0.000120309086924, 0.000475281296531, 0.00124471448362, 0.000789271260146, 0.000802141439635, 0.00155853189062, 0.00156046857592, 0.00222408375703, 0.00170722627081, 0.00101924687624, 0.000640804006252, 0.000665623636451, 0.000329480943037, 0.000312360236421, 0.000171401945408, 6.25700340606e-05, 4.89152116643e-05, 1.83838728844e-05, 2.56261937466e-05, 2.8393449611e-05, 4.25653233833e-05, 2.86448812403e-05, 4.49316121376e-06, 7.68514638594e-08], "dvar2": [2.39647208328e-11, 1.36339233237e-08, 5.01143162523e-08, 1.18044816588e-07, 7.5222084206e-07, 2.7677288017e-06, 3.0566195619e-06, 4.53666507383e-06, 2.10325815715e-05, 2.35353800235e-05, 3.38393110724e-05, 7.85420434113e-06, 2.8659403597e-06, 2.75098682323e-06, 3.09707957058e-06, 1.92521815734e-06, 5.5694886214e-07, 2.56954564293e-07, 5.91735300759e-08, 1.70773990504e-08, 4.48638060035e-09, 8.98232777047e-09, 1.32174688972e-08, 3.67995447448e-08, 1.79091603769e-08, 6.35616004274e-10, 5.0761966245e-13], "min": [3.84153930044e-23, 2.88335326733e-24, 7.3082772164e-24, 1.26056430669e-23, 3.72183817777e-23, 4.24276121435e-23, 2.89617975122e-23, 4.44207417958e-23, 4.03585309633e-23, 8.70475192298e-23, 4.51785752239e-23, 1.87568871073e-22, 8.71004233975e-23, 2.14068475928e-22, 2.00052790536e-22, 1.53602842901e-22, 1.34856099914e-22, 2.07802168794e-22, 2.0317020475e-22, 2.24486488587e-22, 4.99406710245e-22, 6.54223881447e-22, 5.34217210861e-22, 7.532552833e-22, 9.91157355011e-22, 1.51696008321e-21, 2.40488182426e-21], "var": [7.08892016268e-12, 1.34706832355e-08, 4.61072033886e-08, 6.29010230568e-08, 1.02993431028e-06, 5.26128542333e-06, 3.63912181456e-06, 4.49844174e-06, 2.58787931671e-05, 3.75528761651e-05, 6.89901862643e-05, 2.39886903728e-05, 2.42353962676e-05, 4.34817138739e-06, 4.29001829616e-06, 1.55976488259e-06, 1.5515739733e-06, 3.17983335663e-07, 4.28619699733e-08, 1.88774933463e-08, 5.73935166059e-09, 1.83606285731e-08, 2.06577492889e-08, 5.10652746755e-08, 2.9972706983e-08, 7.38803795919e-10, 3.33451013112e-13], "median": [2.63425420144e-07, 1.23227491713e-05, 3.31774790538e-05, 2.39949695242e-05, 0.000116804309073, 0.000411585002439, 0.000233587037656, 0.000216285639908, 0.000352088944055, 0.000233365863096, 0.000277568935417, 0.000476286222693, 8.01699352451e-05, 0.000144292003824, 8.06749449112e-05, 3.43333522324e-05, 5.85632296861e-05, 1.88562007679e-05, 8.35782338982e-06, 6.40931921225e-06, 1.71601277543e-06, 1.18086120438e-06, 8.76301044173e-07, 3.66128290352e-07, 2.18686508902e-07, 3.18744923788e-08, 6.88731072174e-10]}, "melbands_kurtosis": {"dmean": 1.79535186291, "dmean2": 2.64889144897, "max": 215.022232056, "dvar": 24.4665298462, "mean": 3.15493655205, "dvar2": 55.2752113342, "min": -1.84669911861, "var": 56.6870193481, "median": 0.971379876137}, "erbbands_crest": {"dmean": 2.37813925743, "dmean2": 3.49542284012, "max": 34.134223938, "dvar": 5.83605670929, "mean": 12.5556430817, "dvar2": 13.1095724106, "min": 2.46371412277, "var": 33.7853279114, "median": 11.1275215149}, "melbands_skewness": {"dmean": 0.353817164898, "dmean2": 0.492211729288, "max": 10.4050006866, "dvar": 0.203189060092, "mean": 0.816415369511, "dvar2": 0.414302349091, "min": -3.53337669373, "var": 1.20238208771, "median": 0.697192430496}, "spectral_energyband_middle_low": {"dmean": 0.00183169532102, "dmean2": 0.00257912115194, "max": 0.159796595573, "dvar": 2.07886660064e-05, "mean": 0.00571798626333, "dvar2": 4.18642375735e-05, "min": 2.45938759421e-22, "var": 8.22672591312e-05, "median": 0.00294751860201}, "spectral_contrast_coeffs": {"dmean": [0.040360443294, 0.0364089161158, 0.0336534641683, 0.0282178577036, 0.0216861888766, 0.0198021642864], "dmean2": [0.0660742148757, 0.0580381527543, 0.0513477027416, 0.0438970066607, 0.0332550220191, 0.0317646749318], "max": [-0.301999092102, -0.344292134047, -0.366251945496, -0.454859048128, -0.530443608761, -0.53171223402], "dvar": [0.00123199960217, 0.00132362905424, 0.000989014632069, 0.000719291332643, 0.000417620613007, 0.000447707076091], "mean": [-0.655641794205, -0.684154033661, -0.702527463436, -0.716534018517, -0.7522752285, -0.784960389137], "dvar2": [0.00306663429365, 0.00305866426788, 0.00212804740295, 0.00159373332281, 0.000893647724297, 0.00111462408677], "min": [-0.950791358948, -0.941750347614, -0.960310280323, -0.964291512966, -0.957445681095, -0.957219660282], "var": [0.00891687255353, 0.00865822844207, 0.00945733208209, 0.00763193145394, 0.00506744394079, 0.00589082343504], "median": [-0.657701969147, -0.690432488918, -0.717623889446, -0.726341128349, -0.74536895752, -0.802232861519]}, "spectral_contrast_valleys": {"dmean": [0.390275031328, 0.303832739592, 0.284188717604, 0.267716407776, 0.254639804363, 0.338931441307], "dmean2": [0.649459302425, 0.491391927004, 0.448749095201, 0.418506860733, 0.376532673836, 0.487044125795], "max": [-6.8075094223, -4.96445274353, -5.33672094345, -5.67075872421, -5.86097383499, -7.61230993271], "dvar": [0.113514102995, 0.112250186503, 0.107482276857, 0.106954932213, 0.109326265752, 0.187482595444], "mean": [-9.55230998993, -7.72059106827, -8.12093830109, -8.90605545044, -9.58081912994, -12.7082872391], "dvar2": [0.278169959784, 0.240608394146, 0.214097395539, 0.20670555532, 0.190811440349, 0.341707766056], "min": [-28.3889865875, -27.861541748, -27.1028423309, -26.9948348999, -27.3083877563, -27.3343505859], "var": [1.80214929581, 2.13368940353, 3.04265856743, 3.25995731354, 3.00668287277, 4.06905221939], "median": [-9.23258972168, -7.23153114319, -7.48762369156, -8.30397891998, -9.08627510071, -12.4285888672]}, "silence_rate_20dB": {"dmean": 0, "dmean2": 0, "max": 1, "dvar": 0, "mean": 1, "dvar2": 0, "min": 1, "var": 0, "median": 1}, "silence_rate_30dB": {"dmean": 0.00300751882605, "dmean2": 0.00601551355794, "max": 1, "dvar": 0.00299821607769, "mean": 0.994064569473, "dvar2": 0.00661282613873, "min": 0, "var": 0.00590060604736, "median": 1}, "spectral_strongpeak": {"dmean": 0.567212998867, "dmean2": 0.895613014698, "max": 19.0585460663, "dvar": 0.964616179466, "mean": 1.72726356983, "dvar2": 2.23494052887, "min": 0, "var": 5.30970287323, "median": 0.850191354752}, "spectral_spread": {"dmean": 376458.875, "dmean2": 549128.1875, "max": 40392240, "dvar": 531756122112, "mean": 2672617.75, "dvar2": 802914041856, "min": 436299.9375, "var": 3886506573820.0, "median": 2165890}, "barkbands_flatness_db": {"dmean": 0.0172477699816, "dmean2": 0.0251278541982, "max": 0.487473100424, "dvar": 0.000375393603463, "mean": 0.223407238722, "dvar2": 0.000726135680452, "min": 0.0386861935258, "var": 0.0045206383802, "median": 0.224237069488}, "pitch_salience": {"dmean": 0.0515293776989, "dmean2": 0.0781084522605, "max": 0.868695557117, "dvar": 0.00283104088157, "mean": 0.591619968414, "dvar2": 0.00653780531138, "min": 0.0891341716051, "var": 0.0139821637422, "median": 0.61150431633}, "erbbands_kurtosis": {"dmean": 1.13636517525, "dmean2": 1.66162598133, "max": 76.9994659424, "dvar": 4.22625589371, "mean": 1.97206628323, "dvar2": 9.27790355682, "min": -1.81625807285, "var": 22.644329071, "median": 0.616257786751}, "average_loudness": 0.0705004930496, "barkbands_crest": {"dmean": 1.9377913475, "dmean2": 2.94385838509, "max": 26.464838028, "dvar": 4.27235841751, "mean": 10.059431076, "dvar2": 9.84850120544, "min": 2.36992955208, "var": 20.7695446014, "median": 9.0855255127}, "hfc": {"dmean": 3.40910220146, "dmean2": 4.68635177612, "max": 190.392807007, "dvar": 46.0758705139, "mean": 15.1106758118, "dvar2": 86.1729736328, "min": 1.14498525678e-16, "var": 466.219970703, "median": 6.16065788269}, "barkbands_kurtosis": {"dmean": 1.40821099281, "dmean2": 2.08782172203, "max": 117.044036865, "dvar": 11.8105258942, "mean": 2.33372592926, "dvar2": 26.4245109558, "min": -1.90367043018, "var": 31.7936000824, "median": 0.493191957474}, "erbbands": {"dmean": [0.000363363302313, 0.00831363815814, 0.0548134669662, 0.162027955055, 0.265971899033, 0.775890529156, 3.17657065392, 3.4031765461, 4.45612335205, 5.34124946594, 11.7631340027, 13.4215869904, 26.4030342102, 26.4692764282, 31.8498573303, 25.2179775238, 15.4733457565, 17.5913009644, 13.910738945, 14.7041463852, 9.59807300568, 6.7137799263, 4.83059406281, 2.98187732697, 1.26430463791, 1.23865020275, 0.558641910553, 0.413339048624, 0.494557917118, 0.541749954224, 0.443553060293, 0.558587491512, 0.406054735184, 0.240946009755, 0.100246876478, 0.0224735084921, 0.00351687031798, 0.000410824693972, 1.07077030407e-05, 4.14832084061e-06], "dmean2": [0.000613727024756, 0.0138016305864, 0.0899827033281, 0.276811301708, 0.41363799572, 1.14170086384, 4.51837348938, 4.93428277969, 6.81130075455, 7.74940490723, 17.1834011078, 18.9917106628, 37.2560806274, 36.2164535522, 43.6164703369, 35.5633888245, 20.5907268524, 25.5179977417, 20.0961685181, 22.0680065155, 13.4580669403, 9.54217529297, 7.09562015533, 4.41183900833, 1.88399732113, 1.85960149765, 0.806792259216, 0.585041761398, 0.689169585705, 0.747937500477, 0.634123921394, 0.798926651478, 0.557959914207, 0.322737336159, 0.136272147298, 0.0302004627883, 0.00482705561444, 0.000565736962017, 1.43099659908e-05, 5.692594641e-06], "max": [0.0246592015028, 0.591654717922, 4.03225946426, 11.926158905, 59.1490325928, 102.63193512, 213.616317749, 314.831665039, 381.579772949, 636.726806641, 1115.3067627, 1544.71325684, 4986.52001953, 6451.51464844, 7069.68505859, 3015.40161133, 3571.98706055, 2608.86962891, 1618.02148438, 1930.49133301, 2003.18884277, 1082.64868164, 856.08013916, 525.50958252, 114.292755127, 160.66595459, 71.5771865845, 91.9787445068, 117.101364136, 139.954483032, 101.737052917, 89.925239563, 71.8512573242, 53.4359054565, 23.9281158447, 4.10822725296, 1.39480066299, 0.123299635947, 0.00266204681247, 0.000225143361604], "dvar": [7.17761224678e-07, 0.000441080221208, 0.0159183014184, 0.193414419889, 1.17405879498, 5.15254878998, 66.4163894653, 109.719688416, 206.508407593, 495.903076172, 1399.390625, 2164.44311523, 15642.7705078, 12228.8486328, 13618.0986328, 6442.25097656, 3670.39013672, 3597.40844727, 2155.15576172, 4128.31201172, 2123.98632813, 620.293945313, 415.15814209, 140.198806763, 16.6881446838, 19.3347682953, 4.56586694717, 4.56173944473, 6.92951917648, 8.71171188354, 5.26089811325, 8.98227596283, 5.34117984772, 2.23473191261, 0.394358158112, 0.0186853501946, 0.000703154597431, 8.84006658453e-06, 4.24920987285e-09, 6.63926622013e-11], "mean": [0.000605757639278, 0.0170189160854, 0.120640054345, 0.319154381752, 0.584516704082, 1.84410595894, 7.89738273621, 8.49794387817, 10.1244373322, 12.2807741165, 24.4268474579, 29.4193382263, 53.6443748474, 77.146774292, 77.4051589966, 65.5199203491, 52.9100456238, 39.42370224, 30.3762073517, 29.6738033295, 19.4639377594, 16.6730518341, 10.2737703323, 5.70281028748, 2.55116581917, 2.31002497673, 1.0308611393, 0.715529859066, 0.856515169144, 0.980464756489, 0.765309810638, 0.918356657028, 0.666390657425, 0.397241204977, 0.163548901677, 0.0361163504422, 0.00573045713827, 0.000662149919663, 2.42079386226e-05, 1.82124313142e-05], "dvar2": [1.92541870092e-06, 0.00114735320676, 0.0406762361526, 0.532577216625, 2.93008875847, 10.7765789032, 134.520996094, 221.233673096, 467.734100342, 1055.56542969, 3046.42700195, 4336.48144531, 30727.8398438, 22617.9257813, 25484.1660156, 10832.7978516, 6288.95068359, 7159.33154297, 4241.48193359, 9841.16210938, 4378.02392578, 1173.78967285, 883.004089355, 297.565643311, 37.3214302063, 42.3358612061, 9.30682373047, 8.81394481659, 12.8212099075, 14.2138080597, 9.64485740662, 17.464132309, 10.2117948532, 3.92073106766, 0.71743363142, 0.0353405848145, 0.001476991456, 1.78465215868e-05, 8.08574185385e-09, 1.27658328353e-10], "min": [2.85250311036e-22, 5.44624974639e-22, 5.08532586411e-21, 2.0758727551e-20, 7.48290329582e-20, 1.61704516897e-19, 2.68166862259e-19, 2.68574403807e-19, 4.80793354372e-19, 3.55508578795e-19, 1.28679462773e-18, 1.1189443786e-18, 2.64262347463e-18, 2.03357204397e-18, 2.66636728052e-18, 7.66801225484e-18, 4.18924049584e-18, 1.02906016218e-17, 1.14812222345e-17, 6.44528297235e-18, 1.04657620796e-17, 7.45933774735e-18, 1.20326638442e-17, 1.0675054491e-17, 1.11765889857e-17, 7.61418513084e-18, 1.53565981459e-17, 2.16520530667e-17, 2.7173572991e-17, 1.77266691242e-17, 1.61339940661e-17, 1.46236995795e-17, 1.41926789234e-17, 1.08301822887e-17, 7.4804382976e-18, 5.83693878112e-18, 2.46739022494e-18, 1.26647038649e-18, 3.62674780484e-19, 3.58370959757e-20], "var": [1.27801558847e-06, 0.00125500804279, 0.0487425997853, 0.319379419088, 2.44164133072, 19.0586395264, 263.284698486, 379.321380615, 487.36517334, 1397.79553223, 3061.91772461, 7344.37548828, 50790.5117188, 104316.273438, 67370.359375, 35154.0976563, 56155.8554688, 12606.84375, 6704.28027344, 9972.6953125, 5034.70703125, 3351.24975586, 1293.8392334, 306.430023193, 40.813293457, 45.9977760315, 11.4738311768, 11.3335390091, 20.4443302155, 28.9093818665, 14.3764057159, 23.4809646606, 13.3080654144, 6.00530338287, 0.960902750492, 0.0435384586453, 0.00161554070655, 2.13331586565e-05, 1.12460165624e-08, 5.71824976259e-10], "median": [0.000194305961486, 0.0043235803023, 0.0364472977817, 0.0919800773263, 0.176579490304, 0.424150705338, 2.16253614426, 2.56167078018, 3.48736476898, 3.38750267029, 7.54287910461, 7.52295398712, 10.1544246674, 9.46606254578, 16.4453372955, 19.9296970367, 7.82877826691, 8.17475128174, 7.03320980072, 3.3676943779, 2.59212756157, 3.4225165844, 1.4574483633, 0.657378673553, 0.424067467451, 0.309149980545, 0.112975746393, 0.0584043934941, 0.0395656898618, 0.0381438545883, 0.0225017219782, 0.00934604741633, 0.00578392576426, 0.00244628032669, 0.00146644888446, 0.00028160813963, 4.55111585325e-05, 5.19593777426e-06, 4.67612971988e-06, 8.86939778866e-06]}, "spectral_energy": {"dmean": 0.00304981623776, "dmean2": 0.00423418125138, "max": 0.188652276993, "dvar": 3.77061551262e-05, "mean": 0.0140554327518, "dvar2": 7.37936861697e-05, "min": 1.02580509532e-20, "var": 0.000356241129339, "median": 0.00697851739824}, "zerocrossingrate": {"dmean": 0.00692725600675, "dmean2": 0.00741504179314, "max": 0.646484375, "dvar": 0.00024754126207, "mean": 0.0549