{"tonal": {"hpcp": {"dvar": [0.0253511629999, 0.0232241544873, 0.0278474278748, 0.0286495294422, 0.0310763120651, 0.0168228875846, 0.0126536022872, 0.0152972536162, 0.027220627293, 0.0338589772582, 0.0323829315603, 0.0219635311514, 0.0254413802177, 0.0202607885003, 0.0111664887518, 0.013042579405, 0.0227715913206, 0.0334915630519, 0.0405181758106, 0.0385628379881, 0.0313792787492, 0.017935719341, 0.0159233398736, 0.0271635726094, 0.0303943045437, 0.0232152529061, 0.0210279431194, 0.0172247923911, 0.0180645175278, 0.0334823317826, 0.0465915203094, 0.0566935837269, 0.0695812031627, 0.0581756830215, 0.0493384003639, 0.0415305010974], "var": [0.0175729356706, 0.016542442143, 0.0289896465838, 0.0765783712268, 0.0692281424999, 0.0164088960737, 0.00849174056202, 0.0121769635007, 0.0356995090842, 0.0751641467214, 0.055892214179, 0.0439593456686, 0.117698691785, 0.0564885735512, 0.00882957410067, 0.0115070054308, 0.0234373733401, 0.0707537829876, 0.133099541068, 0.0715064108372, 0.0235913768411, 0.012073405087, 0.0117530133575, 0.0416237637401, 0.0823569223285, 0.0341211110353, 0.0159113146365, 0.0119896503165, 0.0137276621535, 0.033536400646, 0.0599665045738, 0.0699758306146, 0.0970992669463, 0.117382533848, 0.110127076507, 0.0479660965502], "median": [0.000758219975978, 0.000368739507394, 0.00167262693867, 0.00378655269742, 0.00348538672552, 0.00143839151133, 0.000352556206053, 0.000313511787681, 0.00192108075134, 0.00524673238397, 0.00861017778516, 0.00448044622317, 0.00165687536355, 0.0010489737615, 0.000979656702839, 0.000427948398283, 0.00140485796146, 0.0361655838788, 0.0889804363251, 0.0575005337596, 0.00292961811647, 0.000189175858395, 0.000335581658874, 0.000981522491202, 0.00193600426428, 0.00172703526914, 0.000592623255216, 0.000301130407024, 0.000187907891814, 0.000641273451038, 0.00205802102573, 0.00913541577756, 0.042391397059, 0.107130303979, 0.067149579525, 0.00794358272105], "max": [1, 1, 1, 1, 1, 1, 1, 1, 1, 1, 1, 1, 1, 1, 1, 1, 1, 1, 1, 1, 1, 1, 1, 1, 1, 1, 1, 1, 1, 1, 1, 1, 1, 1, 1, 1], "dmean": [0.0614316426218, 0.0517552383244, 0.0693365857005, 0.0786528289318, 0.080642580986, 0.0485331229866, 0.0295152645558, 0.0400062575936, 0.0727499350905, 0.0880617052317, 0.0937435477972, 0.0743542164564, 0.057306215167, 0.0555247068405, 0.030874306336, 0.0328531078994, 0.0621090568602, 0.108712226152, 0.122373864055, 0.120715081692, 0.0754572153091, 0.0378478802741, 0.035416405648, 0.0632301196456, 0.0662887841463, 0.0601802654564, 0.0422178842127, 0.0339809991419, 0.0408533327281, 0.0740268006921, 0.10526727885, 0.146344691515, 0.191705003381, 0.185238540173, 0.150426656008, 0.118034034967], "dmean2": [0.114555686712, 0.0964744836092, 0.122476428747, 0.131876185536, 0.135824635625, 0.0863366797566, 0.0552389658988, 0.0735511705279, 0.125620886683, 0.146009668708, 0.163025826216, 0.128927156329, 0.0969033911824, 0.0952287167311, 0.0553090199828, 0.0585119873285, 0.104679241776, 0.174915879965, 0.198331356049, 0.19796051085, 0.13689725101, 0.0713899731636, 0.0662187859416, 0.108819611371, 0.109863474965, 0.104035831988, 0.078404404223, 0.0634248331189, 0.0755000784993, 0.136174455285, 0.189864069223, 0.253726303577, 0.330039769411, 0.305865496397, 0.25290542841, 0.206382408738], "mean": [0.040703702718, 0.0345433652401, 0.0677232816815, 0.147482573986, 0.135957702994, 0.0464143045247, 0.019592884928, 0.029580373317, 0.0796592533588, 0.141359344125, 0.120666414499, 0.116338334978, 0.17702665925, 0.117442026734, 0.0274534653872, 0.0264114867896, 0.0571519173682, 0.179045140743, 0.289031386375, 0.192724257708, 0.0571389384568, 0.0242427624762, 0.0248779654503, 0.0870604738593, 0.13346298039, 0.0794919207692, 0.0294436104596, 0.0223593972623, 0.0279348008335, 0.0620413012803, 0.105293631554, 0.14450353384, 0.21160274744, 0.282850056887, 0.242981165648, 0.113809809089], "dvar2": [0.0712983608246, 0.0649845004082, 0.0768637880683, 0.0709770694375, 0.0766552761197, 0.0470069013536, 0.0368325263262, 0.0437927469611, 0.0736236050725, 0.0801037400961, 0.0816232785583, 0.0589928254485, 0.0598518289626, 0.0542729459703, 0.0309184193611, 0.0339292623103, 0.0568491443992, 0.0809073150158, 0.0919792726636, 0.0914226546884, 0.0872101336718, 0.0502673014998, 0.0437612757087, 0.0710950791836, 0.0710340291262, 0.0601599365473, 0.057230450213, 0.0472961999476, 0.0489343926311, 0.0916930884123, 0.121786877513, 0.142628341913, 0.174392208457, 0.134420126677, 0.123795814812, 0.10713660717], "min": [0, 0, 0, 0, 0, 0, 0, 0, 0, 0, 0, 0, 0, 0, 0, 0, 0, 0, 0, 0, 0, 0, 0, 0, 0, 0, 0, 0, 0, 0, 0, 0, 0, 0, 0, 0]}, "key_key": "G#", "thpcp": [1, 0.666793525219, 0.197691112757, 0.0838758796453, 0.086073577404, 0.30121460557, 0.461759477854, 0.275028675795, 0.101869940758, 0.0773597583175, 0.0966497138143, 0.214652463794, 0.364298254251, 0.499957919121, 0.732109904289, 0.978613615036, 0.840673983097, 0.393762797117, 0.140827968717, 0.119514234364, 0.234311163425, 0.510264933109, 0.470390796661, 0.160585686564, 0.0677880868316, 0.102343119681, 0.275607615709, 0.48907956481, 0.417485505342, 0.40251109004, 0.612482488155, 0.406329661608, 0.0949843749404, 0.0913793072104, 0.197736024857, 0.61946606636], "chords_key": "G#", "tuning_equal_tempered_deviation": 0.097673907876, "tuning_frequency": 440.254241943, "tuning_diatonic_strength": 0.741218984127, "chords_histogram": [44.2151679993, 3.31569671631, 9.47089958191, 3.8447971344, 1.04056441784, 0.0176366847008, 0.10582010448, 0, 0.176366835833, 0.299823641777, 1.30511462688, 0.0705467388034, 0, 0, 0.423280417919, 0.47619047761, 0, 2.52204585075, 0.0881834179163, 0.440917104483, 0, 3.56261014938, 21.0052909851, 7.61904764175], "key_strength": 0.917093992233, "key_scale": "major", "chords_strength": {"dvar": 0.000347859808244, "var": 0.0206762198359, "median": 0.589845180511, "max": 0.847231566906, "dmean": 0.0100993793458, "dmean2": 0.00879830121994, "mean": 0.575777828693, "dvar2": 0.000603106396738, "min": -1}, "chords_number_rate": 0.00176366837695, "tuning_nontempered_energy_ratio": 0.781630992889, "hpcp_entropy": {"dvar": 0.263426840305, "var": 0.620104968548, "median": 1.81711888313, "max": 4.48777198792, "dmean": 0.569396674633, "dmean2": 0.947074055672, "mean": 1.79222524166, "dvar2": 0.650619864464, "min": 0}, "chords_changes_rate": 0.0467372126877, "chords_scale": "major"}, "rhythm": {"bpm_histogram_first_peak_spread": {"dvar": 0, "var": 0, "median": 0.657894730568, "max": 0.657894730568, "dmean": 0, "dmean2": 0, "mean": 0.657894730568, "dvar2": 0, "min": 0.657894730568}, "bpm_histogram_first_peak_weight": {"dvar": 0, "var": 0, "median": 0.324263036251, "max": 0.324263036251, "dmean": 0, "dmean2": 0, "mean": 0.324263036251, "dvar2": 0, "min": 0.324263036251}, "bpm_histogram_first_peak_bpm": {"dvar": 0, "var": 0, "median": 101, "max": 101, "dmean": 0, "dmean2": 0, "mean": 101, "dvar2": 0, "min": 101}, "bpm": 101.029533386, "bpm_histogram_second_peak_weight": {"dvar": 0, "var": 0, "median": 0.0158730167896, "max": 0.0158730167896, "dmean": 0, "dmean2": 0, "mean": 0.0158730167896, "dvar2": 0, "min": 0.0158730167896}, "beats_loudness": {"dvar": 0.00125177728478, "var": 0.001734658028, "median": 0.0352174863219, "max": 0.211137101054, "dmean": 0.0387878492475, "dmean2": 0.0658165067434, "mean": 0.0477157533169, "dvar2": 0.00320658530109, "min": 0}, "beats_loudness_band_ratio": {"dvar": [0.024641521275, 0.0297527723014, 0.0103385411203, 0.00438609719276, 0.000432544329669, 0.000281107000774], "var": [0.0420213416219, 0.0489926300943, 0.00846899114549, 0.00254195462912, 0.000379294448067, 0.000198972775252], "median": [0.777499735355, 0.328654408455, 0.00953218154609, 0.00289052701555, 0.0017532458296, 0.000741362338886], "max": [0.991274178028, 0.871612668037, 0.743139386177, 0.652919709682, 0.279131889343, 0.21628575027], "dmean": [0.166448846459, 0.220438435674, 0.0550929345191, 0.0221421699971, 0.00810708850622, 0.00352971861139], "dmean2": [0.27304816246, 0.374641805887, 0.0988431125879, 0.041253823787, 0.0139598585665, 0.00606571370736], "mean": [0.735770404339, 0.339575827122, 0.043828021735, 0.014722911641, 0.00667032552883, 0.00284044770524], "dvar2": [0.0632647275925, 0.0886097848415, 0.0271935984492, 0.0127349607646, 0.00100271461997, 0.000714567431714], "min": [0, 0, 0, 0, 0, 0]}, "bpm_histogram_second_peak_bpm": {"dvar": 0, "var": 0, "median": 96, "max": 96, "dmean": 0, "dmean2": 0, "mean": 96, "dvar2": 0, "min": 96}, "onset_rate": 2.65900635719, "beats_count": 442, "beats_position": [0.638548731804, 1.30031740665, 1.9620860815, 2.63546490669, 3.27401351929, 3.90095233917, 4.51628112793, 5.14321994781, 5.75854873657, 6.37387752533, 6.98920631409, 7.61614513397, 8.23147392273, 8.84680271149, 9.46213150024, 10.077460289, 10.6927890778, 11.3081178665, 11.9118366241, 12.5155553818, 13.1076641083, 13.6997728348, 14.2918815613, 14.8723802567, 15.4644899368, 16.0682086945, 16.6719264984, 17.2756462097, 17.8561439514, 18.4482536316, 19.0403633118, 19.6324710846, 20.2245807648, 20.7934684753, 21.3971881866, 22.0125160217, 22.616235733, 23.219953537, 23.8352832794, 24.4506111145, 25.0543308258, 25.6348285675, 26.2269382477, 26.8190479279, 27.4111557007, 27.9916553497, 28.5953731537, 29.199092865, 29.8028106689, 30.4065303802, 31.0218582153, 31.6255779266, 32.2292976379, 32.8330154419, 33.4251251221, 34.0172348022, 34.6209526062, 35.2246704102, 35.8283882141, 36.4321098328, 37.0242156982, 37.6163253784, 38.2084350586, 38.823764801, 39.4390907288, 40.0428123474, 40.6000900269, 41.1689796448, 41.7843093872, 42.3996353149, 43.0265769958, 43.6419029236, 44.257232666, 44.86095047, 45.4646720886, 46.0683898926, 46.6604995728, 47.2642173767, 47.8679351807, 48.4600448608, 49.0753746033, 49.6790924072, 50.2944221497, 50.9097480774, 51.5018577576, 52.0939674377, 52.6860771179, 53.2897949219, 53.8935127258, 54.4972343445, 55.1009521484, 55.7046699524, 56.3083877563, 56.9004974365, 57.4926071167, 58.0731048584, 58.6536026001, 59.2457122803, 59.8378219604, 60.4415397644, 61.0452613831, 61.648979187, 62.252696991, 62.8680267334, 63.4717445374, 64.0638504028, 64.6675720215, 65.2712936401, 65.8750076294, 66.4671173096, 67.0592269897, 67.6629486084, 68.2550582886, 68.8471679688, 69.450881958, 70.0546035767, 70.6699295044, 71.2504272461, 71.8425369263, 72.423034668, 73.0151443481, 73.6072540283, 74.210975647, 74.8146896362, 75.4184112549, 76.0105209351, 76.6026306152, 77.2063446045, 77.7868499756, 78.3673477173, 78.947845459, 79.5399551392, 80.1320648193, 80.7241744995, 81.3395004272, 81.9432220459, 82.5469360352, 83.1390457153, 83.742767334, 84.3464813232, 84.9618148804, 85.5655288696, 86.1692504883, 86.784576416, 87.3999099731, 88.0036239624, 88.5957336426, 89.1762313843, 89.7567367554, 90.3488388062, 90.9293441772, 91.5098419189, 92.0903396606, 92.6708374023, 93.251335144, 93.8318328857, 94.4007263184, 94.9696121216, 95.5384979248, 96.1073913574, 96.6878890991, 97.2683868408, 97.860496521, 98.4177780151, 98.9866638184, 99.5439453125, 100.147659302, 100.75138092, 101.366706848, 101.958816528, 102.562538147, 103.166259766, 103.769973755, 104.362083435, 104.954193115, 105.534690857, 106.138412476, 106.730522156, 107.322631836, 107.903129578, 108.472015381, 109.052513123, 109.621406555, 110.213516235, 110.805618286, 111.409339905, 112.013061523, 112.616775513, 113.208885193, 113.800994873, 114.381492615, 114.961990356, 115.542495728, 116.134597778, 116.738319397, 117.330429077, 117.922538757, 118.514648438, 119.118362427, 119.722084045, 120.325805664, 120.906303406, 121.498413086, 122.102127075, 122.694236755, 123.274734497, 123.855232239, 124.43573761, 125.02784729, 125.596733093, 126.154014587, 126.734512329, 127.315010071, 127.895507812, 128.487609863, 129.079727173, 129.660217285, 130.252334595, 130.844436646, 131.436553955, 132.017044067, 132.609161377, 133.201263428, 133.793380737, 134.385482788, 134.977600098, 135.55809021, 136.161804199, 136.753921509, 137.34602356, 137.949752808, 138.541854858, 139.133972168, 139.726074219, 140.30657959, 140.887069702, 141.490783691, 142.094512939, 142.698226929, 143.290344238, 143.882446289, 144.47454834, 145.055053711, 145.647155762, 146.239273071, 146.831375122, 147.43510437, 148.038818359, 148.654144287, 149.257858276, 149.861587524, 150.465301514, 151.057418823, 151.672744751, 152.288070679, 152.903396606, 153.507110596, 154.110839844, 154.714553833, 155.341491699, 155.956817627, 156.572158813, 157.187484741, 157.779586792, 158.383300781, 158.987030029, 159.590744019, 160.182861328, 160.786575317, 161.378677368, 161.970794678, 162.574508667, 163.166610718, 163.770339966, 164.397277832, 164.977767944, 165.558273315, 166.138778687, 166.754104614, 167.369430542, 167.961532593, 168.542037964, 169.110931396, 169.714645386, 170.318359375, 170.922088623, 171.514190674, 172.106307983, 172.698410034, 173.313735962, 173.894241333, 174.474731445, 175.066848755, 175.635726929, 176.2162323, 176.796737671, 177.40045166, 178.004165649, 178.607894897, 179.211608887, 179.815322876, 180.407440186, 180.999542236, 181.603256226, 182.206985474, 182.810699463, 183.402801514, 183.994918823, 184.587020874, 185.167526245, 185.759628296, 186.340133667, 186.920639038, 187.50112915, 188.081634521, 188.650512695, 189.231018066, 189.823120117, 190.403625488, 190.984130859, 191.57623291, 192.156738281, 192.748840332, 193.340942383, 193.933059692, 194.513549805, 195.105667114, 195.697769165, 196.301498413, 196.916824341, 197.508926392, 198.11265564, 198.727981567, 199.331695557, 199.935409546, 200.539138794, 201.131240845, 201.734954834, 202.338684082, 202.942398071, 203.546112061, 204.149841309, 204.741943359, 205.334060669, 205.914550781, 206.506668091, 207.098770142, 207.690887451, 208.282989502, 208.875091553, 209.478820801, 210.08253479, 210.686248779, 211.26675415, 211.858856201, 212.439361572, 213.019866943, 213.588745117, 214.180862427, 214.761352539, 215.34185791, 215.933959961, 216.526077271, 217.106567383, 217.687072754, 218.267562866, 218.836456299, 219.405349731, 219.985839844, 220.577957153, 221.158447266, 221.762176514, 222.354278564, 222.946395874, 223.550109863, 224.142211914, 224.734329224, 225.326431274, 225.918548584, 226.510650635, 227.102767944, 227.694869995, 228.286987305, 228.890701294, 229.482803345, 230.063308716, 230.643798828, 231.212692261, 231.781585693, 232.362075806, 232.942581177, 233.534683228, 234.126800537, 234.707290649, 235.287796021, 235.879898071, 236.472015381, 237.064117432, 237.644622803, 238.225112915, 238.805618286, 239.397735596, 239.978225708, 240.558731079, 241.15083313, 241.742950439, 242.346664429, 242.950378418, 243.542495728, 244.134597778, 244.715103149, 245.295593262, 245.876098633, 246.456588745, 247.037094116, 247.629196167, 248.209701538, 248.778594971, 249.359085083, 249.927978516, 250.496871948, 251.065750122, 251.646255493, 252.238357544, 252.842086792, 253.434188843, 254.026306152, 254.618408203, 255.222122192, 255.83744812, 256.464385986, 257.079711914, 257.636993408, 258.194274902, 258.71673584, 259.23916626, 259.761627197, 260.295684814, 260.818145752, 261.352203369, 261.93270874, 262.513183594], "danceability": 1.04317617416, "bpm_histogram_second_peak_spread": {"dvar": 0, "var": 0, "median": 0.124999940395, "max": 0.124999940395, "dmean": 0, "dmean2": 0, "mean": 0.124999940395, "dvar2": 0, "min": 0.124999940395}}, "lowlevel": {"spectral_flux": {"dvar": 0.000730485655367, "var": 0.00179735023994, "median": 0.0423843599856, "max": 0.396572083235, "dmean": 0.0214430168271, "dmean2": 0.0345670096576, "mean": 0.05309586972, "dvar2": 0.00189572328236, "min": 6.37889532862e-11}, "spectral_rolloff": {"dvar": 283573.0625, "var": 3493857, "median": 215.33203125, "max": 19767.4804688, "dmean": 97.4367218018, "dmean2": 169.67565918, "mean": 524.950439453, "dvar2": 614465.8125, "min": 21.533203125}, "barkbands_flatness_db": {"dvar": 0.000721026910469, "var": 0.00602356530726, "median": 0.315308868885, "max": 0.521672666073, "dmean": 0.0273821298033, "dmean2": 0.0425502695143, "mean": 0.309992313385, "dvar2": 0.00174295087345, "min": 0.0324652455747}, "spectral_centroid": {"dvar": 53994.0273438, "var": 1112724.5, "median": 252.99230957, "max": 11669.1591797, "dmean": 87.29712677, "dmean2": 132.97215271, "mean": 461.347015381, "dvar2": 97701.6328125, "min": 120.555976868}, "melbands_skewness": {"dvar": 1.2784485817, "var": 6.33622741699, "median": 3.79403734207, "max": 16.5321502686, "dmean": 1.02239000797, "dmean2": 1.56588828564, "mean": 4.18429231644, "dvar2": 2.90091276169, "min": -2.9175157547}, "melbands": {"dvar": [1.11962336291e-07, 5.82986194786e-06, 4.39245150119e-06, 5.73115903535e-06, 2.03054256076e-07, 7.29503524255e-09, 3.37472449985e-08, 8.54174260212e-08, 8.76856276477e-08, 4.01592394894e-08, 4.88485945027e-08, 8.98781937764e-09, 6.85277967705e-09, 6.79613521015e-09, 1.78955950059e-09, 4.55113363662e-10, 9.54710976941e-10, 1.18126530779e-09, 2.60125920803e-10, 8.04508196173e-11, 6.65702909464e-11, 8.65068780498e-11, 6.21822246472e-11, 4.05276090465e-11, 8.86654812071e-12, 4.03852888631e-11, 5.41510447594e-11, 2.71175772809e-11, 3.84668685793e-11, 2.29277360986e-11, 5.16043111021e-12, 2.6004953399e-12, 1.45559746981e-12, 2.09001891315e-12, 2.0430848853e-12, 1.91741327676e-12, 6.25276685897e-13, 2.3357767001e-13, 7.10801724554e-14, 9.91464194273e-14], "var": [2.86075817257e-07, 1.43366087286e-05, 9.4792130767e-06, 1.23360359794e-05, 9.13040139494e-07, 1.86259487833e-08, 1.22734419961e-07, 3.54974048378e-07, 1.0041742371e-06, 5.35054084594e-07, 3.72140078753e-07, 4.1242103066e-08, 5.46714105099e-08, 3.23822462178e-08, 8.97673846367e-09, 2.03612526839e-09, 2.72929878697e-09, 2.53577780995e-09, 1.07209841005e-09, 1.96299171362e-10, 2.06575603845e-10, 2.1276364004e-10, 1.33122041168e-10, 4.58983927254e-11, 1.28660675863e-11, 5.38512567871e-11, 7.69405303358e-11, 4.86052587068e-11, 6.6063189641e-11, 4.10928617522e-11, 1.20856363112e-11, 5.08558169535e-12, 3.42626838359e-12, 4.32782195497e-12, 5.70140289147e-12, 4.82862014262e-12, 1.32950725082e-12, 4.58851110319e-13, 1.53811249219e-13, 1.44034076658e-13], "median": [0.000217685097596, 0.000942228769418, 0.00150696106721, 0.000773768406361, 9.97904280666e-05, 1.17543095257e-05, 5.4900883697e-06, 3.97975873057e-06, 4.36754635302e-06, 1.58607508638e-06, 1.46505874454e-06, 1.26635029574e-06, 9.74914996732e-07, 5.95783603785e-07, 2.97663575566e-07, 2.04093083767e-07, 2.02788640991e-07, 2.05742907156e-07, 2.25522853725e-07, 2.40937879425e-07, 3.14243663979e-07, 2.36835589362e-07, 2.21351939445e-07, 1.88662198752e-07, 1.0187723376e-07, 9.58993737754e-08, 6.63802381951e-08, 4.04539761689e-08, 2.93225852488e-08, 2.7245025791e-08, 1.7310572531e-08, 1.06532063171e-08, 6.45309983227e-09, 5.54784573836e-09, 4.47710224449e-09, 3.06430769648e-09, 2.41840036885e-09, 2.3261865767e-09, 1.68828084846e-09, 1.38467748378e-09], "max": [0.00848776847124, 0.0490074269474, 0.0368066057563, 0.0436006896198, 0.0111656691879, 0.00285213021562, 0.0126782162115, 0.0145263690501, 0.0390604250133, 0.0248208455741, 0.0119137596339, 0.0087594371289, 0.00625265389681, 0.00847205892205, 0.00353019987233, 0.0010931910947, 0.00160280719865, 0.0029149481561, 0.00116379605606, 0.000557438354008, 0.000466514873551, 0.000482189178001, 0.000386410771171, 0.00028767940239, 0.00012190589041, 0.000360318517778, 0.000414197944338, 0.000355350639438, 0.000343944411725, 0.000257501029409, 0.000124359357869, 0.000135581198265, 8.53891760926e-05, 0.000100041965197, 0.000127162871649, 0.000119901647849, 5.67409224459e-05, 2.57298634097e-05, 1.65487981576e-05, 1.67211328517e-05], "dmean": [0.000165333913174, 0.00119266076945, 0.00117252347991, 0.00108859117609, 0.00018364720745, 2.2844025807e-05, 3.50520385837e-05, 5.22318587173e-05, 4.68552279926e-05, 3.02188473142e-05, 3.0638428143e-05, 1.14476706585e-05, 1.00006491266e-05, 6.90395154379e-06, 4.82857512907e-06, 3.30753459821e-06, 3.82837197321e-06, 3.55559063792e-06, 2.00435806619e-06, 1.40919962632e-06, 1.57383442456e-06, 1.80857853138e-06, 1.70142971001e-06, 9.91034312392e-07, 5.15911608545e-07, 8.36262927351e-07, 9.75155103333e-07, 5.84251893088e-07, 5.67131962725e-07, 4.97017765611e-07, 2.81333115026e-07, 1.68121474076e-07, 1.12452291035e-07, 1.14938018214e-07, 1.13191774176e-07, 9.02045940165e-08, 6.25347524874e-08, 4.97710210823e-08, 3.65239003486e-08, 3.51760078843e-08], "dmean2": [0.000260491506197, 0.00191179011017, 0.00184919498861, 0.00163284421433, 0.000281447108136, 3.30151269736e-05, 4.739675569e-05, 7.02260804246e-05, 5.50094046048e-05, 3.56444434146e-05, 3.82409525628e-05, 1.52514485308e-05, 1.31271635837e-05, 9.24712003325e-06, 6.2716562752e-06, 4.56766019852e-06, 5.26255553268e-06, 5.24349661646e-06, 2.7348949061e-06, 2.05821197596e-06, 2.24287805395e-06, 2.67142422672e-06, 2.53187749877e-06, 1.55660598011e-06, 8.2279751723e-07, 1.31778779178e-06, 1.50242101427e-06, 8.6102414798e-07, 8.05637569101e-07, 7.0310574074e-07, 3.95497465888e-07, 2.35426597328e-07, 1.4905452872e-07, 1.56421137376e-07, 1.43090318261e-07, 1.1942475453e-07, 8.65419238494e-08, 7.01774922618e-08, 4.95706125037e-08, 4.95702927594e-08], "mean": [0.00039183467743, 0.00216451240703, 0.00249697151594, 0.00210627517663, 0.000448073871667, 5.24790193595e-05, 8.2959762949e-05, 0.000127896884806, 0.000141263139085, 8.71977972565e-05, 9.2647234851e-05, 2.80890362774e-05, 2.79112391581e-05, 1.72542058863e-05, 1.16662940854e-05, 7.08100424163e-06, 7.28927261662e-06, 6.17940122538e-06, 3.73454599867e-06, 2.60092133431e-06, 3.05745857077e-06, 3.22577261613e-06, 2.9020400234e-06, 1.46482125274e-06, 7.68783309013e-07, 1.24123164369e-06, 1.48093477037e-06, 8.15691294065e-07, 7.37431548714e-07, 6.8667168307e-07, 4.51368521226e-07, 2.68423832495e-07, 1.71842799546e-07, 1.71001431681e-07, 1.70579895098e-07, 1.3348605421e-07, 9.24447860484e-08, 7.08727228016e-08, 5.23935739238e-08, 4.86013114198e-08], "dvar2": [2.92609399821e-07, 1.33619614644e-05, 1.11635754365e-05, 1.24485159176e-05, 4.6656447239e-07, 1.57204862461e-08, 5.95545799342e-08, 1.45227559756e-07, 8.15245044805e-08, 4.67355292244e-08, 7.53092592731e-08, 1.50689487555e-08, 1.01908987915e-08, 9.83883907679e-09, 2.69240363338e-09, 8.52809600715e-10, 1.84493154087e-09, 2.7403934677e-09, 3.93428178924e-10, 1.67190900013e-10, 1.1247992121e-10, 1.84750617582e-10, 1.45448819655e-10, 1.0120902727e-10, 2.19651519195e-11, 9.55800438796e-11, 1.37683600632e-10, 5.90707205372e-11, 8.00251948041e-11, 4.9026956106e-11, 9.99065760676e-12, 5.18651050926e-12, 2.53314426726e-12, 3.65638335581e-12, 2.88767772715e-12, 3.05213948733e-12, 1.02559540721e-12, 3.93939519677e-13, 1.26518587273e-13, 2.22403462292e-13], "min": [1.24562606188e-24, 8.66269952306e-25, 1.66420127882e-24, 2.82828545133e-24, 7.19010969849e-25, 1.28845933549e-24, 9.73873242183e-25, 2.02921175562e-24, 1.37413091169e-24, 2.05403641944e-24, 2.53580008515e-24, 2.04045617896e-24, 1.65447363779e-24, 2.7279062538e-24, 1.65430699092e-24, 2.7782245355e-24, 3.81883304369e-24, 2.273649379e-24, 2.62425012807e-24, 3.81976626614e-24, 3.17126481798e-24, 3.41418960337e-24, 3.70095829178e-24, 4.60162326981e-24, 4.66513406686e-24, 3.99208977544e-24, 5.64383632107e-24, 4.28830822864e-24, 3.68539998258e-24, 4.40159102121e-24, 4.43496614839e-24, 5.35743248082e-24, 5.48480787904e-24, 5.58955992978e-24, 6.03067832621e-24, 5.52417046049e-24, 5.10302641661e-24, 5.37131209402e-24, 6.33800394095e-24, 6.13890570367e-24]}, "spectral_decrease": {"dvar": 1.54708499864e-17, "var": 5.36335240327e-17, "median": -3.76385145273e-09, "max": 1.08870377985e-22, "dmean": 2.25091190131e-09, "dmean2": 3.3731297755e-09, "mean": -6.23126839017e-09, "dvar2": 3.19930134442e-17, "min": -6.49493614446e-08}, "barkbands_kurtosis": {"dvar": 305.642883301, "var": 816.518066406, "median": 25.6949653625, "max": 273.314300537, "dmean": 12.8076057434, "dmean2": 20.7350578308, "mean": 32.2077636719, "dvar2": 805.211547852, "min": -1.90242934227}, "silence_rate_30dB": {"dvar": 0.0176684129983, "var": 0.0231622084975, "median": 1, "max": 1, "dmean": 0.017994178459, "dmean2": 0.0359915308654, "mean": 0.976274490356, "dvar2": 0.0405127331614, "min": 0}, "gfcc": {"mean": [-161.686889648, 142.157150269, -61.3336791992, 42.6300506592, -30.1384315491, -4.47703170776, -32.2013778687, -1.6512953043, -30.067741394, -18.3765087128, -24.4144020081, -10.8041982651, -10.9655599594], "cov": [[18618.5253906, 837.607727051, -2493.26245117, 134.997116089, -1246.1661377, -151.151748657, -501.088592529, 106.18611908, -326.544799805, -97.3923187256, -454.47442627, -298.91696167, -246.540161133], [837.607727051, 1334.48706055, -8.72272491455, -322.744110107, 154.197494507, -167.657730103, 81.6191558838, -80.170715332, 53.8795089722, -124.13949585, 104.204521179, -34.7593574524, 7.42984676361], [-2493.26245117, -8.72272491455, 1052.25585938, 259.179107666, 235.301559448, 53.9613838196, 23.0005626678, -56.5287094116, 25.0820178986, 1.89401233196, 68.1337432861, 78.4642562866, 55.8408470154], [134.997116089, -322.744110107, 259.179107666, 545.475585938, 82.1459732056, 1.39224648476, -60.2179107666, -26.5508651733, -8.7941532135, 0.320867329836, -38.593536377, 9.01232433319, 54.5443954468], [-1246.1661377, 154.197494507, 235.301559448, 82.1459732056, 314.701385498, -6.91010093689, 33.7432632446, -22.7607631683, 27.9723167419, -21.1176490784, 50.3120422363, 7.32018375397, 37.6758804321], [-151.151748657, -167.657730103, 53.9613838196, 1.39224648476, -6.91010093689, 202.241378784, 61.0763435364, 9.3055305481, -7.04959964752, 21.0008430481, -22.6345863342, -8.49617099762, -5.0869474411], [-501.088592529, 81.6191558838, 23.0005626678, -60.2179107666, 33.7432632446, 61.0763435364, 178.330551147, 19.3809700012, 0.0807617530227, -5.27753019333, 18.2185878754, -11.6609611511, 1.58040821552], [106.18611908, -80.170715332, -56.5287094116, -26.5508651733, -22.7607631683, 9.3055305481, 19.3809700012, 127.578239441, 14.1979789734, 5.54294252396, 4.68737125397, 7.85358285904, -12.9045343399], [-326.544799805, 53.8795089722, 25.0820178986, -8.7941532135, 27.9723167419, -7.04959964752, 0.0807617530227, 14.1979789734, 111.648597717, 24.3995857239, -0.553313553333, -11.7762556076, 2.34784030914], [-97.3923187256, -124.13949585, 1.89401233196, 0.320867329836, -21.1176490784, 21.0008430481, -5.27753019333, 5.54294252396, 24.3995857239, 110.64805603, 12.0778398514, -8.86879920959, -16.891292572], [-454.47442627, 104.204521179, 68.1337432861, -38.593536377, 50.3120422363, -22.6345863342, 18.2185878754, 4.68737125397, -0.553313553333, 12.0778398514, 106.871612549, 30.4273471832, -5.4190325737], [-298.91696167, -34.7593574524, 78.4642562866, 9.01232433319, 7.32018375397, -8.49617099762, -11.6609611511, 7.85358285904, -11.7762556076, -8.86879920959, 30.4273471832, 95.6354598999, 32.0071411133], [-246.540161133, 7.42984676361, 55.8408470154, 54.5443954468, 37.6758804321, -5.0869474411, 1.58040821552, -12.9045343399, 2.34784030914, -16.891292572, -5.4190325737, 32.0071411133, 86.433555603]], "icov": [[0.00031350136851, -0.000885489804205, 0.000633109477349, -0.000954751158133, 0.000955987721682, -0.000659508106764, 0.000884348992258, -0.000711542612407, 0.00104512227699, -0.000593079836108, 0.000873664743267, -0.000122505764011, 0.000541736138985], [-0.000885489804205, 0.00409118644893, -0.00187472009566, 0.00363931735046, -0.00308093498461, 0.00299232918769, -0.00307172327302, 0.00306538213044, -0.0038628729526, 0.00345446169376, -0.00369290215895, 0.00145173689816, -0.0019190646708], [0.000633109477349, -0.00187472009566, 0.00273378216662, -0.00259509938769, 0.00120298238471, -0.00189844425768, 0.0016515890602, -0.000888690410648, 0.00173800298944, -0.0013032151619, 0.00126718985848, -0.00145053537562, 0.00135420868173], [-0.000954751158133, 0.00363931735046, -0.00259509938769, 0.00596491340548, -0.0035922373645, 0.00274285161868, -0.00211586384103, 0.00255742133595, -0.00305102136917, 0.00238862191327, -0.00216190167703, 0.00153788423631, -0.00313134002499], [0.000955987721682, -0.00308093498461, 0.00120298238471, -0.0035922373645, 0.00769854011014, -0.0021663242951, 0.00220207567327, -0.0020127617754, 0.00222643278539, -0.00100101321004, 0.00052512192633, 0.00084557471564, 0.000121057440992], [-0.000659508106764, 0.00299232918769, -0.00189844425768, 0.00274285161868, -0.0021663242951, 0.00846137013286, -0.00462162494659, 0.00191228778567, -0.00198178575374, 0.000867002934683, -0.000385767692933, 0.000790720398072, -0.000924221356399], [0.000884348992258, -0.00307172327302, 0.0016515890602, -0.00211586384103, 0.00220207567327, -0.00462162494659, 0.0100335506722, -0.00359131651931, 0.00359668838792, -0.0015116725117, 0.00122533889953, 0.00123355991673, 0.000330135080731], [-0.000711542612407, 0.00306538213044, -0.000888690410648, 0.00255742133595, -0.0020127617754, 0.00191228778567, -0.00359131651931, 0.0111503116786, -0.00466538313776, 0.00265546585433, -0.00304989237338, -0.00109160132706, 0.000246178358793], [0.00104512227699, -0.0038628729526, 0.00173800298944, -0.00305102136917, 0.00222643278539, -0.00198178575374, 0.00359668838792, -0.00466538313776, 0.0144936842844, -0.00576158054173, 0.00469287624583, 0.000694457499776, 0.000783615803812], [-0.000593079836108, 0.00345446169376, -0.0013032151619, 0.00238862191327, -0.00100101321004, 0.000867002934683, -0.0015116725117, 0.00265546585433, -0.00576158054173, 0.0139148905873, -0.00570276239887, 0.00243466510437, -0.000125862221466], [0.000873664743267, -0.00369290215895, 0.00126718985848, -0.00216190167703, 0.00052512192633, -0.000385767692933, 0.00122533889953, -0.00304989237338, 0.00469287624583, -0.00570276239887, 0.0173525288701, -0.00618802662939, 0.00476318271831], [-0.000122505764011, 0.00145173689816, -0.00145053537562, 0.00153788423631, 0.00084557471564, 0.000790720398072, 0.00123355991673, -0.00109160132706, 0.000694457499776, 0.00243466510437, -0.00618802662939, 0.0165382679552, -0.00707046920434], [0.000541736138985, -0.0019190646708, 0.00135420868173, -0.00313134002499, 0.000121057440992, -0.000924221356399, 0.000330135080731, 0.000246178358793, 0.000783615803812, -0.000125862221466, 0.00476318271831, -0.00707046920434, 0.0171754956245]]}, "silence_rate_20dB": {"dvar": 0, "var": 0, "median": 1, "max": 1, "dmean": 0, "dmean2": 0, "mean": 1, "dvar2": 0, "min": 1}, "barkbands_skewness": {"dvar": 0.841789126396, "var": 3.75406169891, "median": 3.13921928406, "max": 12.4824199677, "dmean": 0.883382678032, "dmean2": 1.37556564808, "mean": 3.27074050903, "dvar2": 2.03642821312, "min": -3.7880654335}, "erbbands_skewness": {"dvar": 0.492631077766, "var": 3.30761837959, "median": 2.24471902847, "max": 10.8246736526, "dmean": 0.669504225254, "dmean2": 1.02956914902, "mean": 2.44580793381, "dvar2": 1.16545331478, "min": -5.07470655441}, "spectral_contrast_valleys": {"dvar": [0.107642717659, 0.0890964791179, 0.0929838418961, 0.0873533934355, 0.10004325211, 0.0994463562965], "var": [4.1273765564, 3.88579034805, 3.72834444046, 3.60010576248, 3.68365812302, 2.89698576927], "median": [-7.34958744049, -8.3113193512, -9.30090522766, -9.8060131073, -9.67156791687, -12.5707378387], "max": [-5.24911212921, -5.36855459213, -5.38531351089, -6.41031694412, -5.95775794983, -7.86741399765], "dmean": [0.340871363878, 0.309475332499, 0.309720337391, 0.280810058117, 0.259065628052, 0.216656461358], "dmean2": [0.551596224308, 0.492371946573, 0.485380083323, 0.431804209948, 0.375163972378, 0.300331413746], "mean": [-7.6353635788, -8.53903198242, -9.46411991119, -9.93657588959, -9.71821498871, -12.3872089386], "dvar2": [0.250640660524, 0.193431451917, 0.191314160824, 0.178202047944, 0.179768025875, 0.151684686542], "min": [-28.0657138824, -28.2020225525, -27.9844875336, -27.6073074341, -27.4394187927, -27.3869342804]}, "spectral_strongpeak": {"dvar": 0.188400179148, "var": 0.711702644825, "median": 0.393557339907, "max": 11.8396921158, "dmean": 0.254270613194, "dmean2": 0.413210719824, "mean": 0.637090802193, "dvar2": 0.425311654806, "min": 0}, "erbbands_crest": {"dvar": 7.45261573792, "var": 24.0410766602, "median": 13.9626235962, "max": 30.3891201019, "dmean": 2.9499399662, "dmean2": 4.79513025284, "mean": 14.4045286179, "dvar2": 20.2424125671, "min": 2.22573804855}, "barkbands_crest": {"dvar": 5.09248733521, "var": 14.3287324905, "median": 13.0078144073, "max": 26.1965484619, "dmean": 2.62957668304, "dmean2": 4.33690690994, "mean": 13.5205583572, "dvar2": 13.9604244232, "min": 4.0621547699}, "spectral_energyband_middle_low": {"dvar": 0.000134985486511, "var": 0.000426406564657, "median": 0.00809219293296, "max": 0.208092540503, "dmean": 0.00620775250718, "dmean2": 0.00929350219667, "mean": 0.01578393206, "dvar2": 0.000295223144349, "min": 1.59895024673e-22}, "spectral_contrast_coeffs": {"dvar": [0.00145649770275, 0.00111112836748, 0.000734217755962, 0.000467859616037, 0.000359828758519, 0.000241657340666], "var": [0.00954087637365, 0.00900637544692, 0.00675390707329, 0.00411168439314, 0.00302484259009, 0.00248236418702], "median": [-0.559349656105, -0.728496491909, -0.786329627037, -0.813448548317, -0.808993577957, -0.805972218513], "max": [-0.256919592619, -0.243210285902, -0.356470346451, -0.49479213357, -0.530987024307, -0.591769814491], "dmean": [0.0452457927167, 0.0363512709737, 0.030206779018, 0.0244873352349, 0.0200500078499, 0.0152195431292], "dmean2": [0.0736739635468, 0.0567409694195, 0.0474240407348, 0.0387354455888, 0.0310367941856, 0.0232100803405], "mean": [-0.556601285934, -0.715525329113, -0.77364474535, -0.802104592323, -0.80276787281, -0.802651524544], "dvar2": [0.00372810056433, 0.00247705890797, 0.00161425257102, 0.0010763052851, 0.000788357341662, 0.000541355402675], "min": [-0.978775501251, -0.981760978699, -0.977619886398, -0.971128642559, -0.968236863613, -0.965297222137]}, "hfc": {"dvar": 19.8513698578, "var": 144.045257568, "median": 2.80092477798, "max": 169.64163208, "dmean": 2.08353686333, "dmean2": 2.8681910038, "mean": 6.62920093536, "dvar2": 30.8779907227, "min": 1.08130426101e-16}, "spectral_energyband_high": {"dvar": 1.38860841048e-07, "var": 4.25037086416e-07, "median": 4.13192356064e-06, "max": 0.02366245538, "dmean": 4.39213108621e-05, "dmean2": 5.3371564718e-05, "mean": 7.61150295148e-05, "dvar2": 1.84318153629e-07, "min": 7.11789563337e-21}, "erbbands_spread": {"dvar": 124.980056763, "var": 388.733947754, "median": 18.3382987976, "max": 181.85446167, "dmean": 7.60020303726, "dmean2": 11.8219995499, "mean": 23.8908042908, "dvar2": 276.396575928, "min": 1.49840867519}, "dissonance": {"dvar": 0.000645619991701, "var": 0.00204340182245, "median": 0.431150913239, "max": 0.500000238419, "dmean": 0.026599150151, "dmean2": 0.043600063771, "mean": 0.424117237329, "dvar2": 0.00169301172718, "min": 0.173213735223}, "spectral_kurtosis": {"dvar": 34.5613250732, "var": 159.535507202, "median": 13.3426904678, "max": 95.4322967529, "dmean": 5.58253669739, "dmean2": 9.19079971313, "mean": 16.8341140747, "dvar2": 87.4530334473, "min": -1.26087939739}, "spectral_skewness": {"dvar": 0.221481129527, "var": 1.44044029713, "median": 2.87149739265, "max": 7.86226606369, "dmean": 0.494133740664, "dmean2": 0.786582171917, "mean": 3.02465510368, "dvar2": 0.520102798939, "min": -0.0782625302672}, "pitch_salience": {"dvar": 0.00381441088393, "var": 0.0153967803344, "median": 0.474086165428, "max": 0.895919382572, "dmean": 0.0685007572174, "dmean2": 0.112512268126, "mean": 0.466614693403, "dvar2": 0.0101932007819, "min": 0.0795260220766}, "spectral_complexity": {"dvar": 1.94272887707, "var": 14.1198530197, "median": 4, "max": 32, "dmean": 1.02602100372, "dmean2": 1.66090333462, "mean": 5.06835412979, "dvar2": 3.83324623108, "min": 0}, "spectral_spread": {"dvar": 439461412864, "var": 13075782565900.0, "median": 2946211.25, "max": 42953228, "dmean": 457246.46875, "dmean2": 718236.0625, "mean": 3435742, "dvar2": 869898125312, "min": 788758.3125}, "dynamic_complexity": 5.07438993454, "melbands_crest": {"dvar": 6.98186254501, "var": 27.6262321472, "median": 18.4328804016, "max": 36.6380615234, "dmean": 3.06443858147, "dmean2": 5.00300979614, "mean": 18.8200721741, "dvar2": 19.1038646698, "min": 1.53707611561}, "zerocrossingrate": {"dvar": 8.46118418849e-05, "var": 0.00249812123366, "median": 0.01171875, "max": 0.5244140625, "dmean": 0.00372156710364, "dmean2": 0.00462760217488, "mean": 0.0210578497499, "dvar2": 0.000100333018054, "min": 0.00341796875}, "spectral_energyband_low": {"dvar": 6.67139975121e-05, "var": 0.000173673179233, "median": 0.005724940449, "max": 0.158543273807, "dmean": 0.00453067338094, "dmean2": 0.00727529404685, "mean": 0.00976364314556, "dvar2": 0.000159132367116, "min": 1.35578794322e-23}, "melbands_kurtosis": {"dvar": 810.142028809, "var": 2664.80834961, "median": 43.3762969971, "max": 443.640716553, "dmean": 20.9238090515, "dmean2": 33.1049079895, "mean": 56.8654136658, "dvar2": 2012.56726074, "min": -1.90887343884}, "spectral_energyband_middle_high": {"dvar": 3.32435774908e-06, "var": 2.15899581235e-05, "median": 8.23978480184e-05, "max": 0.0902979671955, "dmean": 0.000350956688635, "dmean2": 0.000454075343441, "mean": 0.00103922362905, "dvar2": 5.28161990587e-06, "min": 1.12217985598e-21}, "barkbands_spread": {"dvar": 24.5409851074, "var": 81.2198410034, "median": 2.12334775925, "max": 138.73336792, "dmean": 1.72955846786, "dmean2": 2.66299176216, "mean": 4.71987581253, "dvar2": 49.9537353516, "min": 0.237133517861}, "mfcc": {"mean": [-818, 171.971984863, 31.6033782959, 52.9024124146, 23.0474071503, 6.66262722015, 7.30577945709, 9.04976463318, 2.65695142746, -5.97742986679, -9.6235370636, -8.42262649536, -9.35101318359], "cov": [[9944.06933594, 383.651702881, -1375.42236328, -292.051818848, -747.957214355, -313.519958496, -373.713867188, -82.9815444946, -33.9212532043, 85.495765686, 99.6336517334, -153.858581543, -202.902282715], [383.651702881, 1686.18676758, -42.5853691101, -73.6604003906, 19.4402618408, -96.4244155884, 23.2371635437, 57.1799545288, -66.3850326538, -56.5679206848, 22.7878360748, 25.3126239777, 9.05263900757], [-1375.42236328, -42.5853691101, 730.004211426, 228.123291016, 194.109466553, 130.327285767, 58.8019828796, 23.9822921753, 20.5394878387, -36.9894638062, -31.0814590454, 23.4189052582, 48.1512069702], [-292.051818848, -73.6604003906, 228.123291016, 454.850616455, 197.043304443, 34.2279663086, 6.5996336937, -22.2724075317, 25.5866127014, -34.2855949402, -52.2585601807, 9.44103813171, 15.8188676834], [-747.957214355, 19.4402618408, 194.109466553, 197.043304443, 299.136260986, 46.8941841125, 8.54367160797, -0.0928586497903, 8.92477226257, -19.1245498657, -26.1680870056, 8.07711315155, 23.5719623566], [-313.519958496, -96.4244155884, 130.327285767, 34.2279663086, 46.8941841125, 203.738616943, 48.5431289673, -12.59532547, 30.6616420746, 23.6718025208, -1.44485855103, -21.7623901367, -21.9399337769], [-373.713867188, 23.2371635437, 58.8019828796, 6.5996336937, 8.54367160797, 48.5431289673, 173.435043335, 47.8574905396, -5.1951956749, 11.1937484741, -12.7194032669, 14.6726016998, 9.00183582306], [-82.9815444946, 57.1799545288, 23.9822921753, -22.2724075317, -0.0928586497903, -12.59532547, 47.8574905396, 125.917152405, 23.0252418518, -14.8677330017, -7.30059576035, 4.04666090012, 9.51101779938], [-33.9212532043, -66.3850326538, 20.5394878387, 25.5866127014, 8.92477226257, 30.6616420746, -5.1951956749, 23.0252418518, 115.048377991, 22.2278499603, -13.8534431458, -8.42928981781, -18.8405132294], [85.495765686, -56.5679206848, -36.9894638062, -34.2855949402, -19.1245498657, 23.6718025208, 11.1937484741, -14.8677330017, 22.2278499603, 130.647659302, 41.2060012817, -15.2594156265, -20.3295574188], [99.6336517334, 22.7878360748, -31.0814590454, -52.2585601807, -26.1680870056, -1.44485855103, -12.7194032669, -7.30059576035, -13.8534431458, 41.2060012817, 100.147743225, 16.3808994293, -8.86559391022], [-153.858581543, 25.3126239777, 23.4189052582, 9.44103813171, 8.07711315155, -21.7623901367, 14.6726016998, 4.04666090012, -8.42928981781, -15.2594156265, 16.3808994293, 96.8130264282, 35.7986946106], [-202.902282715, 9.05263900757, 48.1512069702, 15.8188