{"tonal": {"chords_number_rate": 0.00199645082466, "thpcp": [1, 0.458153873682, 0.166478693485, 0.116551555693, 0.112172462046, 0.190656065941, 0.220588669181, 0.264019697905, 0.790107727051, 0.918049395084, 0.330782085657, 0.0462425388396, 0.0300895608962, 0.0641440153122, 0.15356913209, 0.170927047729, 0.098853237927, 0.0697310492396, 0.0523333512247, 0.0433330796659, 0.0863602235913, 0.104007601738, 0.0878241956234, 0.146999076009, 0.170999959111, 0.103265054524, 0.0772641897202, 0.0975626185536, 0.255106270313, 0.629234433174, 0.627955675125, 0.283954977989, 0.178745776415, 0.197652369738, 0.373667061329, 0.908412516117], "hpcp": {"dvar": [0.0460990816355, 0.0465129837394, 0.0545476041734, 0.0606421530247, 0.0533205457032, 0.0612214505672, 0.0611528046429, 0.0556765571237, 0.0511038154364, 0.0357263013721, 0.0275126211345, 0.0249089952558, 0.0272015128285, 0.032155264169, 0.0421912185848, 0.045607406646, 0.0278614684939, 0.012729161419, 0.00830160453916, 0.0124119641259, 0.0170574616641, 0.0161656010896, 0.014481718652, 0.0175526738167, 0.0112287644297, 0.0115564847365, 0.00969843752682, 0.0114549109712, 0.0102644748986, 0.0150178829208, 0.0171936489642, 0.0158775616437, 0.0195861011744, 0.024634834379, 0.0351140871644, 0.0481859445572], "mean": [0.226041793823, 0.102213732898, 0.064342148602, 0.0711478516459, 0.134506911039, 0.326996326447, 0.359964579344, 0.164919167757, 0.0599264353514, 0.0419544316828, 0.0403781123459, 0.0686294287443, 0.0794041082263, 0.0950377359986, 0.28441080451, 0.330465257168, 0.119069829583, 0.0166456755251, 0.0108311763033, 0.0230895727873, 0.0552794486284, 0.0615276806056, 0.0355836637318, 0.0251007080078, 0.0188381522894, 0.0155983734876, 0.031086621806, 0.0374390520155, 0.031613599509, 0.0529144629836, 0.0615539290011, 0.0371717624366, 0.0278123710304, 0.035119086504, 0.0918292179704, 0.226502105594], "min": [0, 0, 0, 0, 0, 0, 0, 0, 0, 0, 0, 0, 0, 0, 0, 0, 0, 0, 0, 0, 0, 0, 0, 0, 0, 0, 0, 0, 0, 0, 0, 0, 0, 0, 0, 0], "median": [0.0702795088291, 0.0207091011107, 0.000966586288996, 0.00115303264465, 0.0184234734625, 0.0917758345604, 0.0836683660746, 0.0276628471911, 0.00294004869647, 0.00130883231759, 0.0016398220323, 0.00547838862985, 0.00673372484744, 0.0260055232793, 0.122575454414, 0.137743771076, 0.0397723764181, 0.000475456530694, 0.000278777559288, 0.000741130963434, 0.00501310406253, 0.00668349768966, 0.00278828525916, 0.000531696714461, 0.000434513960499, 0.00171447871253, 0.00658420473337, 0.00789858959615, 0.00403016293421, 0.00122739421204, 0.000685349514242, 0.000437683309428, 0.000700302713085, 0.00101946969517, 0.0142296440899, 0.0636367797852], "dvar2": [0.115998774767, 0.129810541868, 0.158975481987, 0.175187245011, 0.146362498403, 0.161516487598, 0.159987658262, 0.156687185168, 0.147424072027, 0.102728106081, 0.0788938850164, 0.0655763819814, 0.0705629959702, 0.0885457023978, 0.107937209308, 0.104614362121, 0.0754608511925, 0.0374595969915, 0.0246305968612, 0.0366593338549, 0.0439759157598, 0.0396145693958, 0.0394111014903, 0.050442352891, 0.0318792872131, 0.0337307527661, 0.0266512110829, 0.0313484035432, 0.0277582705021, 0.0374888181686, 0.0425985455513, 0.0438926294446, 0.0562863200903, 0.0684187188745, 0.0971678420901, 0.12200473994], "var": [0.0925559774041, 0.0402689985931, 0.0359583757818, 0.0404882505536, 0.0535078123212, 0.146442174911, 0.171726971865, 0.0634592697024, 0.0323646776378, 0.0223063658923, 0.0193253401667, 0.0371339954436, 0.0416119135916, 0.031848795712, 0.102361090481, 0.138017684221, 0.0304165240377, 0.00696024578065, 0.00441268645227, 0.0091652199626, 0.0253413785249, 0.0277930554003, 0.0134066008031, 0.0120732365176, 0.00743924546987, 0.00705180224031, 0.00944573525339, 0.0123952897266, 0.00962690263987, 0.0296691916883, 0.0406979732215, 0.0174177326262, 0.0127270715311, 0.0171901509166, 0.035655066371, 0.0987847968936], "dmean2": [0.235080361366, 0.206441298127, 0.196924939752, 0.215336233377, 0.243839725852, 0.270623117685, 0.262703716755, 0.252391993999, 0.178703948855, 0.126406684518, 0.102348379791, 0.100425198674, 0.117846004665, 0.16515904665, 0.239805266261, 0.226892858744, 0.157038599253, 0.0550801418722, 0.0362842082977, 0.0531857572496, 0.0733358711004, 0.0731070265174, 0.0722570195794, 0.0706301704049, 0.0539178289473, 0.0418299548328, 0.0498931854963, 0.0590296797454, 0.0587945245206, 0.0700885206461, 0.0713099241257, 0.0689220651984, 0.0786497741938, 0.0982808470726, 0.170204341412, 0.228054836392], "max": [1, 1, 1, 1, 1, 1, 1, 1, 1, 1, 1, 1, 1, 1, 1, 1, 1, 1, 1, 1, 1, 1, 1, 1, 1, 1, 1, 1, 1, 1, 1, 1, 1, 1, 1, 1], "dmean": [0.137335315347, 0.113458141685, 0.103673093021, 0.114306591451, 0.135793074965, 0.153713479638, 0.147807046771, 0.138887807727, 0.0943109467626, 0.0662893205881, 0.0545836575329, 0.0565115474164, 0.0657751113176, 0.0943041965365, 0.141914352775, 0.136862576008, 0.0895021036267, 0.0286681372672, 0.0186753384769, 0.0290290080011, 0.0436034873128, 0.0434268936515, 0.0399098061025, 0.0370671860874, 0.0283272694796, 0.0220426730812, 0.0282382816076, 0.0336154289544, 0.0331203900278, 0.0401904061437, 0.0404345244169, 0.0384558700025, 0.0420073159039, 0.0521798320115, 0.0950907468796, 0.131611704826]}, "key_strength": 0.56574767828, "chords_strength": {"dvar": 5.09986057295e-05, "mean": 0.488257467747, "min": 0.268539398909, "median": 0.484184890985, "dvar2": 4.88470541313e-05, "var": 0.00883552804589, "dmean2": 0.00717979343608, "max": 0.754359662533, "dmean": 0.00792904011905}, "tuning_equal_tempered_deviation": 0.109374627471, "chords_key": "B", "tuning_frequency": 441.272583008, "chords_scale": "minor", "chords_changes_rate": 0.0641082525253, "key_scale": "major", "tuning_diatonic_strength": 0.609950065613, "hpcp_entropy": {"dvar": 0.192543014884, "mean": 1.64432799816, "min": 0, "median": 1.66866207123, "dvar2": 0.498861759901, "var": 0.464126974344, "dmean2": 0.803341150284, "max": 4.16426610947, "dmean": 0.480909407139}, "chords_histogram": [24.4676132202, 0.931677043438, 6.56610488892, 3.79325652122, 0.110913932323, 0.86512863636, 0.443655729294, 0, 1.64152622223, 4.63620233536, 0.776397526264, 0, 0.90949422121, 0, 0, 0.155279502273, 0, 13.3984031677, 0, 1.19787049294, 0, 0.665483593941, 13.1987581253, 26.2422351837], "tuning_nontempered_energy_ratio": 0.728276729584, "key_key": "D"}, "metadata": {"version": {"extractor": "music 1.0", "essentia_build_sha": "70f2e5ece6736b2c40cc944ad0e695b16b925413", "essentia": "2.1-beta2", "essentia_git_sha": "v2.1_beta2"}, "audio_properties": {"sample_rate": 44100, "length": 209.266937256, "lossless": false, "analysis_sample_rate": 44100, "downmix": "mix", "bit_rate": 192000, "equal_loudness": 0, "md5_encoded": "d514b4a8d2c7f5b45bdeaa938011151f", "codec": "mp3", "replay_gain": -12.1379585266}, "tags": {"albumartist": ["tara maclean"], "date": ["2000"], "musicbrainz_recordingid": ["e7d89a4d-c06f-484f-9d98-0459f8d508ec"], "file_name": "374536.mp3", "title": ["Tara Mclean - Dry Land"], "tracknumber": ["11"], "album": ["Passenger"], "artist": ["tara maclean"]}}, "lowlevel": {"melbands": {"dvar": [1.91941308003e-05, 1.69598843058e-05, 1.04499883946e-06, 6.00280145591e-07, 4.06817974863e-07, 9.57191517159e-08, 1.62042354646e-07, 3.40211947503e-08, 1.07499012358e-07, 5.80090393498e-08, 2.62695376563e-08, 1.10205853332e-08, 3.76780739941e-09, 2.41773658871e-08, 1.96907734562e-08, 2.51012566288e-09, 1.59003277211e-09, 2.33046848486e-09, 9.6820640394e-10, 2.03899741535e-09, 1.44731393537e-09, 2.35908376167e-10, 3.56029483672e-10, 4.76153727558e-10, 4.24316803915e-10, 1.29947594352e-10, 1.94309082713e-10, 2.66763888757e-10, 6.75266023653e-11, 9.49455705029e-12, 5.36963746037e-12, 2.92869396269e-12, 2.29746495266e-12, 9.74883260056e-13, 9.55947452273e-13, 1.07536592478e-12, 6.28244906185e-13, 4.97892308979e-13, 4.46194513629e-13, 4.44370207948e-13], "mean": [0.0043694502674, 0.00384510471486, 0.00125498650596, 0.000774815853219, 0.00081871059956, 0.000264878995949, 0.000290073279757, 0.000134261630592, 0.000251886958722, 0.00016163768305, 0.000110893270175, 8.57977865962e-05, 3.04131244775e-05, 5.97055259277e-05, 3.93296104448e-05, 1.76110861503e-05, 1.51480253407e-05, 1.65350284078e-05, 1.35379859785e-05, 1.7818159904e-05, 1.50153155118e-05, 6.51465234114e-06, 8.6785557869e-06, 8.88581689651e-06, 6.43250632493e-06, 5.2256118579e-06, 5.54589087187e-06, 7.30564806872e-06, 3.73392481379e-06, 9.39813503464e-07, 4.34223011325e-07, 3.80201129246e-07, 3.5741368265e-07, 2.15638067402e-07, 2.51295858789e-07, 2.99591931707e-07, 2.84759067881e-07, 3.20978330137e-07, 3.51381601149e-07, 3.29715646785e-07], "min": [2.85795904593e-24, 4.45530179924e-24, 2.76568677471e-24, 2.84032090495e-24, 2.11382754011e-24, 2.67034899001e-24, 3.11212273263e-24, 4.23435527032e-24, 2.65830466171e-24, 5.30898182732e-24, 4.16237052943e-24, 3.92927317599e-24, 1.63944623197e-24, 7.37426937542e-24, 5.81777502308e-24, 2.84510258533e-24, 7.94497316389e-24, 6.12951234244e-24, 6.87375211942e-24, 5.40067191919e-24, 2.73947825164e-24, 5.92936886445e-24, 9.60430736814e-24, 8.8146781124e-24, 5.75264666674e-24, 6.61293261605e-24, 7.86711653685e-24, 7.63935898287e-24, 6.98480085791e-24, 8.45838119595e-24, 8.26791704127e-24, 8.42185456945e-24, 7.48460025049e-24, 1.02619578279e-23, 7.89794206558e-24, 7.73762896356e-24, 5.61535489252e-24, 5.75191736484e-24, 7.85663020883e-24, 8.53093194454e-24], "median": [0.00190420239232, 0.00275572575629, 0.000822755973786, 0.000325444125338, 0.000467194244266, 9.32308612391e-05, 5.79031730013e-05, 4.45559271611e-05, 6.41513324808e-05, 1.00341057987e-05, 1.22487908811e-05, 2.39192722802e-05, 1.79999494776e-06, 2.62708226728e-06, 3.01315094475e-06, 2.57621468336e-06, 1.45146555042e-06, 1.60652234626e-06, 1.38645373227e-06, 2.54185715676e-06, 1.66198765328e-06, 7.71827103563e-07, 1.04491437014e-06, 3.08348546696e-07, 1.84567056749e-07, 1.40228436862e-07, 1.46874924667e-07, 1.37677488965e-07, 7.52212656607e-08, 3.72277249028e-08, 1.52530521547e-08, 7.35352223558e-09, 5.0066555346e-09, 4.15556922206e-09, 9.04611052732e-09, 1.42459821717e-08, 9.09582098529e-09, 7.74541497606e-09, 4.63412597185e-09, 3.36222027997e-09], "dvar2": [3.58288561983e-05, 3.8946785935e-05, 2.8036963613e-06, 1.57273518653e-06, 1.12320071821e-06, 1.94871830672e-07, 3.69560041236e-07, 6.26936085268e-08, 2.11985025089e-07, 1.1548055312e-07, 4.36946550053e-08, 1.76609056268e-08, 6.01347949214e-09, 5.27852641596e-08, 4.28672599639e-08, 4.52530635187e-09, 2.89047896729e-09, 4.2897312369e-09, 1.97191640794e-09, 4.26952118104e-09, 3.22575433032e-09, 5.40644418123e-10, 8.57889981276e-10, 1.11491993415e-09, 1.13352893738e-09, 2.97628865997e-10, 5.11437003858e-10, 5.95784088731e-10, 1.5068669923e-10, 2.36450772156e-11, 1.14934537582e-11, 6.28204389549e-12, 5.37312468823e-12, 1.87487243612e-12, 2.02693526026e-12, 2.52911450463e-12, 1.4280939712e-12, 1.09058248543e-12, 9.28345182845e-13, 9.78113532009e-13], "var": [4.29094288847e-05, 2.50373777817e-05, 1.87233069937e-06, 1.42179794693e-06, 1.24598648199e-06, 3.65088368426e-07, 5.8300196315e-07, 9.29884009793e-08, 3.67363156784e-07, 2.43803953026e-07, 1.85103971262e-07, 7.32062233055e-08, 2.79247824864e-08, 1.35065349127e-07, 5.01484116455e-08, 7.69423014191e-09, 8.90840556877e-09, 6.71577238265e-09, 4.18308632177e-09, 6.70857946972e-09, 4.50269199703e-09, 8.83694672993e-10, 9.77454894802e-10, 1.24217380826e-09, 5.99170935089e-10, 3.61846969055e-10, 3.25092230913e-10, 6.16165951595e-10, 1.58541041406e-10, 2.16752900351e-11, 1.21533148129e-11, 5.88102960428e-12, 3.86556021567e-12, 2.54322517906e-12, 2.24400294353e-12, 1.92689961209e-12, 1.44469028754e-12, 1.23540175485e-12, 1.15659792941e-12, 1.15890305165e-12], "dmean2": [0.00262317596935, 0.00275692017749, 0.000869244802743, 0.000685040373355, 0.000637668243144, 0.000154701701831, 0.000174632194103, 8.33375161164e-05, 0.000136279864819, 8.59814317664e-05, 5.70061092731e-05, 4.77984613099e-05, 1.57498561748e-05, 3.64534425898e-05, 3.01992840832e-05, 1.34457841341e-05, 1.0270083294e-05, 1.25519236462e-05, 9.27111886995e-06, 1.44419782373e-05, 1.40358606586e-05, 5.43407577425e-06, 8.78293758433e-06, 8.72523378348e-06, 8.29984946904e-06, 4.80833614347e-06, 5.90201625528e-06, 6.21169283477e-06, 3.37303913511e-06, 1.06478069029e-06, 5.62549757888e-07, 5.11866517172e-07, 5.20880234944e-07, 2.24290232609e-07, 2.30413405689e-07, 2.77260710391e-07, 2.44090898605e-07, 2.59165688021e-07, 2.75437599839e-07, 2.64717925802e-07], "max": [0.067328222096, 0.0597964935005, 0.0145917814225, 0.0117275267839, 0.0149754201993, 0.0106490217149, 0.0119440117851, 0.00622510164976, 0.0111846551299, 0.0102482568473, 0.00636352831498, 0.00476124836132, 0.00365989631973, 0.00674621667713, 0.00544217089191, 0.00212723761797, 0.00263526663184, 0.00259672710672, 0.00188274402171, 0.00222854944877, 0.00184500194155, 0.000608272966929, 0.0006112777628, 0.000592626107391, 0.000375609757612, 0.000310473900754, 0.000197168876184, 0.000728977436665, 0.000234471182921, 0.000143892408232, 0.000155792498845, 7.19462987036e-05, 4.2233725253e-05, 5.25944851688e-05, 5.3172767366e-05, 4.69468068331e-05, 4.56274683529e-05, 2.55314953392e-05, 1.64304929058e-05, 1.69949307747e-05], "dmean": [0.00193093216512, 0.00180255190935, 0.000516677566338, 0.000410734093748, 0.000387215666706, 0.00010632557678, 0.00011565908062, 6.01367137278e-05, 9.86576706055e-05, 6.27135013929e-05, 4.21256881964e-05, 3.47978784703e-05, 1.23735408124e-05, 2.47564275924e-05, 2.14071988012e-05, 9.26064421947e-06, 7.07048957338e-06, 8.62333490659e-06, 6.15454564468e-06, 9.24565392779e-06, 9.035934454e-06, 3.47956824953e-06, 5.45520470041e-06, 5.40623523193e-06, 4.9010445764e-06, 3.12786687573e-06, 3.59438854503e-06, 4.17514729634e-06, 2.21688469537e-06, 6.72202929763e-07, 3.52294506456e-07, 3.37472897627e-07, 3.28420384221e-07, 1.46738528883e-07, 1.52617772642e-07, 1.78758114089e-07, 1.61481040095e-07, 1.71851311848e-07, 1.84253408975e-07, 1.74149860754e-07]}, "spectral_decrease": {"dvar": 2.24194665713e-17, "mean": -9.28817023294e-09, "min": -6.7148178573e-08, "median": -8.09331801577e-09, "dvar2": 4.27132179346e-17, "var": 6.2322335066e-17, "dmean2": 3.82541331945e-09, "max": 1.6175299398e-28, "dmean": 2.71655298256e-09}, "spectral_rolloff": {"dvar": 354931.65625, "mean": 554.506164551, "min": 64.599609375, "median": 301.46484375, "dvar2": 862476.125, "var": 766754.0625, "dmean2": 315.852386475, "max": 19487.5488281, "dmean": 182.737838745}, "melbands_crest": {"dvar": 6.42633533478, "mean": 18.0417842865, "min": 2.05846261978, "median": 18.0051383972, "dvar2": 16.3652000427, "var": 25.9801807404, "dmean2": 4.07119655609, "max": 31.982793808, "dmean": 2.55701804161}, "barkbands_skewness": {"dvar": 0.566959679127, "mean": 2.72068023682, "min": -2.09623861313, "median": 2.55913257599, "dvar2": 1.16046369076, "var": 2.91396141052, "dmean2": 0.950916111469, "max": 18.4930458069, "dmean": 0.643907666206}, "spectral_centroid": {"dvar": 85374.2578125, "mean": 641.880737305, "min": 80.3568878174, "median": 435.456939697, "dvar2": 160182.390625, "var": 351654.84375, "dmean2": 209.003723145, "max": 11132.3583984, "dmean": 140.538772583}, "spectral_energyband_middle_low": {"dvar": 2.67186860583e-05, "mean": 0.0112717235461, "min": 1.93443234244e-22, "median": 0.0073300646618, "dvar2": 6.62043094053e-05, "var": 0.00011845681729, "dmean2": 0.00552077917382, "max": 0.0904560834169, "dmean": 0.00342969386838}, "erbbands_crest": {"dvar": 5.49655675888, "mean": 11.7322254181, "min": 2.28657913208, "median": 10.770904541, "dvar2": 14.0502614975, "var": 22.2669525146, "dmean2": 3.97907185555, "max": 31.3348960876, "dmean": 2.50578212738}, "dynamic_complexity": 4.22030210495, "spectral_energyband_low": {"dvar": 0.000326726527419, "mean": 0.0231753010303, "min": 2.82227673726e-23, "median": 0.0167389195412, "dvar2": 0.000627165660262, "var": 0.000735299719963, "dmean2": 0.0124898813665, "max": 0.248172581196, "dmean": 0.00890714861453}, "silence_rate_60dB": {"dvar": 0.0055165309459, "mean": 0.102396272123, "min": 0, "median": 0, "dvar2": 0.0127476230264, "var": 0.0919222012162, "dmean2": 0.0110963163897, "max": 1, "dmean": 0.00554754259065}, "erbbands_kurtosis": {"dvar": 2.98839187622, "mean": 1.62405896187, "min": -1.87088596821, "median": 0.675164341927, "dvar2": 6.64011287689, "var": 10.622584343, "dmean2": 1.9404810667, "max": 48.5454292297, "dmean": 1.24686801434}, "spectral_complexity": {"dvar": 8.97734165192, "mean": 9.57987594604, "min": 0, "median": 8, "dvar2": 18.7796077728, "var": 33.0576629639, "dmean2": 2.83599638939, "max": 42, "dmean": 1.77587926388}, "barkbands_crest": {"dvar": 5.62514019012, "mean": 14.1511917114, "min": 2.47317647934, "median": 13.2922887802, "dvar2": 12.775387764, "var": 25.4745426178, "dmean2": 3.4845700264, "max": 26.5651245117, "dmean": 2.24150681496}, "spectral_energy": {"dvar": 0.000325900444295, "mean": 0.0361060686409, "min": 1.06656910521e-20, "median": 0.0313286110759, "dvar2": 0.000622477731667, "var": 0.000927688844968, "dmean2": 0.0147369829938, "max": 0.255312383175, "dmean": 0.0104570267722}, "spectral_spread": {"dvar": 527685615616, "mean": 2882563.75, "min": 670212.875, "median": 2575871.75, "dvar2": 902114246656, "var": 3492475830270.0, "dmean2": 680327.1875, "max": 43257480, "dmean": 453544.6875}, "spectral_contrast_valleys": {"dvar": [0.141623482108, 0.110363192856, 0.120010316372, 0.103542789817, 0.249007642269, 0.136187568307], "mean": [-7.27679443359, -7.35534667969, -8.65120029449, -9.11655426025, -9.3297996521, -12.2430725098], "min": [-27.3469200134, -27.6658420563, -27.1860847473, -27.6613731384, -27.3060455322, -27.3999900818], "median": [-6.74400901794, -7.09791469574, -8.38817501068, -8.79724979401, -9.10848426819, -12.2791538239], "dvar2": [0.320386022329, 0.257638186216, 0.289360105991, 0.223929435015, 0.44997933507, 0.230838611722], "var": [2.56535005569, 1.36797046661, 1.73103094101, 1.82066440582, 2.72728657722, 2.53406262398], "dmean2": [0.635623633862, 0.523617684841, 0.535456478596, 0.477952301502, 0.570879220963, 0.470308303833], "max": [-4.92112159729, -5.14604282379, -6.04006671906, -6.47822904587, -5.44383811951, -8.10573482513], "dmean": [0.390202879906, 0.320190101862, 0.323934316635, 0.297343373299, 0.402933359146, 0.338086158037]}, "spectral_rms": {"dvar": 1.16056310162e-06, "mean": 0.00535313365981, "min": 3.22576384007e-12, "median": 0.00552851706743, "dvar2": 2.05719129553e-06, "var": 6.56934525978e-06, "dmean2": 0.00107306789141, "max": 0.0157824344933, "dmean": 0.000763267162256}, "barkbands_spread": {"dvar": 30.8156929016, "mean": 8.60128974915, "min": 0.0544545874, "median": 4.79815244675, "dvar2": 66.1263504028, "var": 106.721176147, "dmean2": 4.11540985107, "max": 100.987091064, "dmean": 2.72767114639}, "pitch_salience": {"dvar": 0.00447730300948, "mean": 0.435538321733, "min": 0.048688556999, "median": 0.440523415804, "dvar2": 0.0110462894663, "var": 0.0140033718199, "dmean2": 0.100448720157, "max": 0.963613152504, "dmean": 0.0624714009464}, "erbbands_skewness": {"dvar": 0.155271559954, "mean": 0.827832877636, "min": -3.04795074463, "median": 0.811775684357, "dvar2": 0.349495500326, "var": 0.670560240746, "dmean2": 0.574582993984, "max": 5.49578905106, "dmean": 0.377512931824}, "spectral_energyband_middle_high": {"dvar": 5.28261489308e-06, "mean": 0.00266704638489, "min": 1.42555541383e-21, "median": 0.00058366637677, "dvar2": 1.08361537059e-05, "var": 4.48612590844e-05, "dmean2": 0.00122641283087, "max": 0.0731432586908, "dmean": 0.000846707087476}, "erbbands": {"dvar": [0.195222809911, 15.3259267807, 75.8950958252, 38.6934356689, 47.6439666748, 189.128509521, 431.855072021, 200.686813354, 754.483886719, 328.980834961, 1621.68127441, 1530.90563965, 1017.5557251, 565.90222168, 304.596405029, 4427.875, 1122.86242676, 318.185272217, 734.009277344, 410.320129395, 1066.47387695, 199.10786438, 448.967803955, 557.473632812, 289.17074585, 440.486724854, 91.1670379639, 14.8976545334, 8.29110336304, 3.25220775604, 2.64943194389, 1.69700026512, 0.886804103851, 0.523464560509, 0.11345025897, 0.000147299841046, 1.713311093e-07, 1.07532749372e-09, 7.9115394791e-11, 3.84740211912e-10], "mean": [0.475035429001, 3.35886502266, 6.52229785919, 7.89258909225, 6.16920661926, 14.7242412567, 25.2315692902, 10.71758461, 19.5224819183, 11.9698143005, 29.9411716461, 27.2225227356, 22.4832954407, 20.2021160126, 10.3307342529, 22.2910366058, 11.4145231247, 8.31195926666, 10.5046577454, 11.7043094635, 13.5090789795, 7.41981220245, 9.10728549957, 8.39432430267, 7.21216964722, 10.0789604187, 4.54696750641, 0.993368387222, 0.704347848892, 0.454596012831, 0.468660235405, 0.472192078829, 0.473202437162, 0.393895536661, 0.128452733159, 0.00441874843091, 0.000178075919393, 1.71798328665e-05, 1.93206378754e-05, 4.07387888117e-05], "min": [3.28452650853e-22, 1.20921426119e-21, 8.59510853704e-21, 1.55484348104e-20, 4.64371473381e-20, 6.28075912666e-20, 6.74976924151e-20, 1.37280587595e-19, 2.03519246494e-19, 2.75036209505e-19, 2.96813341793e-19, 8.45524945299e-19, 8.41370792564e-19, 9.36188645024e-19, 7.77860433819e-19, 3.28400050324e-18, 1.61272663994e-18, 4.31800149794e-18, 4.58832453572e-18, 4.98325406096e-18, 3.7879152101e-18, 6.7258895195e-18, 9.99265364673e-18, 8.14505558591e-18, 1.09309502581e-17, 1.17737323242e-17, 1.18644971985e-17, 1.58147370912e-17, 1.65200061707e-17, 1.82131538948e-17, 1.49908850535e-17, 1.04944528392e-17, 1.1429806342e-17, 1.11335954462e-17, 7.88536388696e-18, 6.03638939759e-18, 3.11003552823e-18, 1.23642977158e-18, 2.75173883379e-19, 2.75047538002e-20], "median": [0.193474531174, 1.45248055458, 3.74594712257, 4.99945688248, 2.91312551498, 7.2673330307, 13.0403785706, 3.66934156418, 3.90991258621, 3.79805231094, 8.69725894928, 2.67782068253, 2.57816886902, 5.77480173111, 0.91573292017, 1.15318012238, 1.4298813343, 0.999172866344, 1.182264328, 1.55258131027, 1.77532482147, 1.04475736618, 0.692325592041, 0.279911220074, 0.221517845988, 0.224669069052, 0.114355452359, 0.0447230301797, 0.0165984574705, 0.0112172290683, 0.0209397915751, 0.0182770714164, 0.0106791360304, 0.00498690735549, 0.0018727357965, 8.84052715264e-05, 1.80509523489e-05, 2.43803719968e-06, 1.57440554176e-05, 3.52031274815e-05], "dvar2": [0.359341859818, 30.7124900818, 199.676727295, 104.096382141, 131.079803467, 500.847595215, 1163.83154297, 408.027587891, 1743.64331055, 652.768066406, 3182.02075195, 3061.00878906, 1699.40527344, 893.779541016, 612.097717285, 9424.29394531, 1881.6697998, 601.21862793, 1357.19567871, 863.028808594, 2340.25463867, 437.589508057, 1121.76220703, 1486.82226562, 731.563781738, 1002.8326416, 198.330291748, 31.0545215607, 17.914270401, 6.45816612244, 5.77976179123, 3.78282856941, 1.88517832756, 1.08799636364, 0.245231747627, 0.000321138446452, 3.8229595134e-07, 2.33298180774e-09, 1.5566639644e-10, 7.388853418e-10], "var": [0.473420858383, 28.4350242615, 82.9018096924, 78.6337966919, 84.3952636719, 406.658477783, 1439.25854492, 699.821838379, 2708.12548828, 769.524658203, 5613.77783203, 6479.18164062, 7437.86230469, 3625.94433594, 2067.41137695, 18368.0253906, 4240.80126953, 2003.89221191, 2453.06640625, 1733.2722168, 3540.44628906, 978.87298584, 998.549499512, 853.230834961, 531.272460938, 1080.97021484, 221.462814331, 37.8141174316, 17.0059185028, 8.21790885925, 6.11268234253, 3.96597361565, 2.32486152649, 1.47192203999, 0.279331505299, 0.000351465016138, 4.00278565849e-07, 2.74076739082e-09, 2.77310036045e-10, 1.14773091031e-09], "dmean2": [0.262096017599, 2.34176230431, 5.85881662369, 5.44987869263, 5.37867975235, 13.2095851898, 19.4172267914, 6.21167993546, 11.8061695099, 7.48041582108, 16.3698711395, 13.9843463898, 11.1069831848, 10.864066124, 4.93272781372, 14.2610626221, 8.03469944, 5.25342988968, 7.26734972, 7.87366485596, 11.7659502029, 5.69438505173, 8.95065784454, 9.60004901886, 7.03720140457, 8.33257865906, 4.00518989563, 1.07739436626, 0.930700063705, 0.507327497005, 0.4120002985, 0.379925251007, 0.35028603673, 0.29454061389, 0.108610875905, 0.00386496819556, 0.000152977940161, 1.33323101181e-05, 7.74405179982e-06, 1.63710974448e-05], "max": [6.65899276733, 54.4019508362, 134.247451782, 91.4039993286, 106.913063049, 218.534729004, 483.00579834, 505.280151367, 793.308288574, 706.377807617, 1383.16162109, 1554.46032715, 1303.26550293, 1064.1151123, 794.406005859, 2550.44580078, 1461.86633301, 1151.54431152, 1418.39331055, 748.26751709, 1919.70495605, 690.984008789, 562.362365723, 414.929718018, 329.154998779, 852.859863281, 235.438781738, 249.523239136, 113.79258728, 77.6629714966, 77.594619751, 70.1672363281, 28.9967460632, 17.2091083527, 11.5526676178, 0.398991316557, 0.011756404303, 0.000918095523957, 0.000130230226205, 0.000276521401247], "dmean": [0.200739622116, 1.66820418835, 3.49850606918, 3.24656486511, 3.17201423645, 7.91676330566, 11.9122934341, 4.25316762924, 7.76134109497, 5.29986715317, 11.7478399277, 10.3051071167, 8.18329238892, 7.95475196838, 3.63991546631, 9.87573719025, 5.65712547302, 3.55299305916, 4.99004888535, 5.21612596512, 7.57227420807, 3.69935703278, 5.49509239197, 5.72402572632, 4.46216917038, 5.56907510757, 2.63906788826, 0.688491106033, 0.613783895969, 0.332460612059, 0.27147102356, 0.254302203655, 0.236116781831, 0.196631759405, 0.0713168382645, 0.00251343473792, 9.78057214525e-05, 8.62102842802e-06, 5.47883701074e-06, 1.15902821562e-05]}, "dissonance": {"dvar": 0.000891193863936, "mean": 0.410577535629, "min": 0.120130851865, "median": 0.421693652868, "dvar2": 0.0023361754138, "var": 0.00334310764447, "dmean2": 0.0544538535178, "max": 0.499871224165, "dmean": 0.0327754691243}, "erbbands_flatness_db": {"dvar": 0.000266312417807, "mean": 0.241496518254, "min": 0.037316866219, "median": 0.23835465312, "dvar2": 0.000534755934495, "var": 0.00345786218531, "dmean2": 0.0234387889504, "max": 0.468542635441, "dmean": 0.0160296950489}, "melbands_kurtosis": {"dvar": 186.812835693, "mean": 23.8109264374, "min": -1.68596792221, "median": 17.0617790222, "dvar2": 418.371185303, "var": 603.428588867, "dmean2": 14.1531839371, "max": 311.90737915, "dmean": 9.26007270813}, "melbands_spread": {"dvar": 29.644575119, "mean": 8.65822696686, "min": 0.223039388657, "median": 4.94518756866, "dvar2": 64.7526779175, "var": 120.549606323, "dmean2": 3.92295217514, "max": 152.573181152, "dmean": 2.60431313515}, "melbands_skewness": {"dvar": 0.553134739399, "mean": 3.32781243324, "min": -1.41327178478, "median": 3.1616101265, "dvar2": 1.24193692207, "var": 3.27617764473, "dmean2": 1.06468176842, "max": 13.492816925, "dmean": 0.709248185158}, "spectral_entropy": {"dvar": 0.062487680465, "mean": 6.38589000702, "min": 4.3334479332, "median": 6.37513303757, "dvar2": 0.122519217432, "var": 0.474587649107, "dmean2": 0.317766159773, "max": 9.81107234955, "dmean": 0.215403661132}, "zerocrossingrate": {"dvar": 8.3920887846e-05, "mean": 0.023580994457, "min": 0.00244140625, "median": 0.01708984375, "dvar2": 0.000120691445773, "var": 0.000727853912394, "dmean2": 0.00609213765711, "max": 0.525390625, "dmean": 0.00503119826317}, "average_loudness": 0.88357424736, "spectral_contrast_coeffs": {"dvar": [0.00130169314798, 0.00109459343366, 0.000896736164577, 0.000594645622186, 0.000518632063176, 0.000590272422414], "mean": [-0.620976746082, -0.673740625381, -0.715148448944, -0.757077157497, -0.7759116292, -0.799265801907], "min": [-0.977374732494, -0.978814601898, -0.972343444824, -0.966770291328, -0.968939840794, -0.960970282555], "median": [-0.640351831913, -0.678512454033, -0.724527537823, -0.762249588966, -0.785569787025, -0.805870354176], "dvar2": [0.0033792136237, 0.00273267924786, 0.00215185806155, 0.00149222207256, 0.00125975639094, 0.00121180783026], "var": [0.0123724965379, 0.00643297284842, 0.00583113636822, 0.00301118637435, 0.00313272094354, 0.00278163934126], "dmean2": [0.0723778232932, 0.0620428137481, 0.056009169668, 0.0474064312875, 0.0397727973759, 0.0375190675259], "max": [-0.269936531782, -0.406869858503, -0.427481532097, -0.50869089365, -0.533548235893, -0.565962731838], "dmean": [0.0443752147257, 0.0386575385928, 0.0354485809803, 0.0292109772563, 0.0247785132378, 0.0241303853691]}, "barkbands_flatness_db": {"dvar": 0.000722497468814, "mean": 0.303620785475, "min": 0.0248496215791, "median": 0.304634928703, "dvar2": 0.00143118924461, "var": 0.00610835198313, "dmean2": 0.0390568301082, "max": 0.680665791035, "dmean": 0.0261655915529}, "silence_rate_30dB": {"dvar": 0.0403789207339, "mean": 0.959951162338, "min": 0, "median": 1, "dvar2": 0.0903251767159, "var": 0.0384474769235, "dmean2": 0.0843320041895, "max": 1, "dmean": 0.0421613231301}, "spectral_energyband_high": {"dvar": 2.18043254563e-07, "mean": 0.000260124419583, "min": 7.94335160665e-21, "median": 1.14154699986e-05, "dvar2": 4.57963807321e-07, "var": 5.74118018903e-07, "dmean2": 0.000206577184144, "max": 0.0134859057143, "dmean": 0.000140486110467}, "melbands_flatness_db": {"dvar": 0.00116049521603, "mean": 0.376514911652, "min": 0.00547158764675, "median": 0.380388826132, "dvar2": 0.00207349937409, "var": 0.0109747219831, "dmean2": 0.0413058809936, "max": 0.815971076488, "dmean": 0.029917344451}, "barkbands": {"dvar": [2.80781531359e-08, 0.000264643254923, 6.02606742177e-05, 2.15967088479e-06, 1.02427547972e-05, 3.26249096361e-06, 3.3030250961e-06, 2.23056804316e-06, 2.67222981165e-06, 7.99261101747e-07, 2.22376769443e-07, 2.01964871849e-06, 5.55269480174e-07, 2.26376386081e-07, 2.61276284164e-07, 3.92004324112e-07, 7.57333395995e-08, 2.30221374409e-07, 1.10898710659e-07, 2.03868040671e-07, 1.40766083234e-08, 5.56208767932e-09, 3.19172355212e-09, 3.00939761999e-09, 2.61311106087e-09, 9.7205916073e-15, 1.30129117476e-17], "mean": [0.000191556449863, 0.0152894183993, 0.00650072377175, 0.00149846356362, 0.00401607016101, 0.0020188682247, 0.0012871021172, 0.00104065868072, 0.00118284847122, 0.000737769820262, 0.000194377586013, 0.000489786965773, 0.000238761102082, 0.000155261834152, 0.000209071600693, 0.000260904926108, 0.000142346834764, 0.000168896309333, 0.000135929716635, 0.000218239816604, 4.37828566646e-05, 1.7992735593e-05, 1.54270583153e-05, 2.5758123229e-05, 2.60696469923e-05, 8.646786398e-09, 1.27163801711e-09], "min": [4.75291061978e-24, 7.32127212209e-24, 9.75583965942e-24, 1.58134169592e-24, 2.13289482095e-23, 1.14575988032e-23, 1.20828404903e-23, 8.04965263943e-24, 3.69696223798e-23, 2.71001110194e-23, 1.35108128351e-23, 7.33627704537e-23, 2.69196038671e-23, 9.33187614779e-23, 8.56751915555e-23, 7.64218152719e-23, 1.06387321535e-22, 1.66900260972e-22, 1.85821714562e-22, 2.77071552632e-22, 3.31958222498e-22, 4.35752829605e-22, 4.4458292206e-22, 6.27061923733e-22, 1.09880321892e-21, 1.6952414361e-21, 2.17595979168e-21], "median": [4.61721938336e-05, 0.00704861013219, 0.00329612218775, 0.000734494416974, 0.00229173828848, 0.000839173153508, 0.000253808218986, 0.000275006401353, 6.68075081194e-05, 0.000159551884281, 8.23365917313e-06, 2.23842853302e-05, 2.79367923213e-05, 1.29886211653e-05, 2.1962026949e-05, 3.53979921783e-05, 1.98044035642e-05, 6.90620800015e-06, 3.76229763788e-06, 5.01967679156e-06, 1.73420835381e-06, 3.5945507193e-07, 6.44210217615e-07, 7.33236618089e-07, 3.32187255481e-07, 3.92823662487e-10, 3.98361288401e-10], "dvar2": [6.02756315971e-08, 0.000512123282533, 0.000162783340784, 5.94707762502e-06, 2.75974289252e-05, 7.06950049789e-06, 7.48424281483e-06, 4.26596716352e-06, 5.22099662703e-06, 1.4128430621e-06, 3.45350031239e-07, 4.45915111413e-06, 9.4008777296e-07, 4.95064739425e-07, 5.87323370382e-07, 8.40251232148e-07, 1.56688969355e-07, 6.03333432991e-07, 2.77650968883e-07, 4.71557143555e-07, 3.20797539644e-08, 1.21513146212e-08, 6.68181865393e-09, 6.46607478672e-09, 5.28149612933e-09, 2.40858697462e-14, 3.76064629131e-17], "var": [8.55495088103e-08, 0.000548305921257, 7.75060761953e-05, 4.93055085826e-06, 2.2894499125e-05, 1.39806197694e-05, 1.11973868115e-05, 8.08733238955e-06, 1.25541082525e-05, 5.89249066252e-06, 1.43325439694e-06, 8.85692315933e-06, 2.1334444682e-06, 8.07596961749e-07, 8.89836485385e-07, 1.37845154313e-06, 3.86749803738e-07, 3.94705381268e-07, 2.03962216005e-07, 4.81541690078e-07, 3.25328599615e-08, 1.10496900518e-08, 7.78448416838e-09, 7.95643551044e-09, 7.44874650849e-09, 9.41345746063e-15, 9.96837341421e-18], "dmean2": [0.000104279512016, 0.00980330444872, 0.00563040655106, 0.00126948859543, 0.00337098538876, 0.00123934564181, 0.000790891761426, 0.00059816922294, 0.000645046238787, 0.000389813067159, 0.000113405665616, 0.000322776933899, 0.000182896910701, 0.000120548080304, 0.000154308552737, 0.00023166340543, 0.000112303961942, 0.000195918648387, 0.000139691241202, 0.000185330194654, 4.86012686451e-05, 2.3899567168e-05, 1.37851775435e-05, 1.89300553757e-05, 1.95386783162e-05, 1.99744025764e-08, 2.8954441067e-09], "max": [0.00275355833583, 0.240976452827, 0.111473441124, 0.0251276381314, 0.0451152026653, 0.063010327518, 0.0604473277926, 0.0490656942129, 0.0609153173864, 0.0362684875727, 0.0285803340375, 0.0528381094337, 0.0345666073263, 0.0206221230328, 0.0223882365972, 0.0344354845583, 0.0168360210955, 0.00945048220456, 0.00672837160528, 0.0147393690422, 0.00532319582999, 0.00279549788684, 0.00230720709078, 0.00252024643123, 0.00144688761793, 3.91360163121e-06, 1.38249049542e-07], "dmean": [7.59585091146e-05, 0.0070519298315, 0.00330616044812, 0.000731721520424, 0.00201102602296, 0.000828499265481, 0.000524395552929, 0.000428143510362, 0.000463511474663, 0.000277476734482, 8.47840710776e-05, 0.000216606422327, 0.000123206482385, 7.94055958977e-05, 0.000101566351077, 0.000146546211909, 7.29894163669e-05, 0.000117544826935, 8.73413810041e-05, 0.000122121098684, 3.09596289298e-05, 1.5745525161e-05, 8.99704173207e-06, 1.29329955598e-05, 1.30750004246e-05, 1.11961018234e-08, 1.58039381581e-09]}, "erbbands_spread": {"dvar": 80.7621307373, "mean": 28.5411891937, "min": 1.39404118061, "median": 24.0518302917, "dvar2": 154.874465942, "var": 345.418243408, "dmean2": 9.79747962952, "max": 147.645858765, "dmean": 6.50779104233}, "barkbands_kurtosis": {"dvar": 211.898651123, "mean": 15.1460075378, "min": -1.90800035, "median": 9.81515216827, "dvar2": 418.640655518, "var": 546.760253906, "dmean2": 9.82618522644, "max": 609.911193848, "dmean": 6.64625167847}, "spectral_flux": {"dvar": 0.00132440647576, "mean": 0.0659028440714, "min": 6.65969571156e-11, "median": 0.0500151328743, "dvar2": 0.00278019485995, "var": 0.00320654897951, "dmean2": 0.0401240587234, "max": 0.389215290546, "dmean": 0.0257650297135}, "silence_rate_20dB": {"dvar": 0, "mean": 1, "min": 1, "median": 1, "dvar2": 0, "var": 0, "dmean2": 0, "max": 1, "dmean": 0}, "gfcc": {"cov": [[15966.7783203, -2151.85595703, -530.677124023, 2427.74609375, -708.713867188, 1295.01501465, 23.571187973, 939.109619141, -754.034301758, 473.750518799, 267.257446289, -678.827331543, 152.450057983], [-2151.85595703, 1748.98864746, 324.543365479, -666.40234375, 754.608215332, -260.262939453, 254.667755127, -279.026824951, 380.39831543, -180.949478149, 10.2686624527, 130.341018677, -17.0070934296], [-530.677124023, 324.543365479, 840.725891113, -16.1877975464, 241.160186768, 164.78338623, 41.4128837585, -5.55945968628, 143.438247681, 23.0276603699, -41.1402435303, 62.9843978882, -22.4785118103], [2427.74609375, -666.40234375, -16.1877975464, 1014.71960449, -107.355552673, 169.655578613, 166.342636108, 71.750328064, -34.2686958313, 80.8421630859, 45.8056945801, -46.6995620728, 6.92755556107], [-708.713867188, 754.608215332, 241.160186768, -107.355552673, 692.801330566, 31.5918884277, 242.373901367, -60.8194122314, 273.747192383, -2.70885801315, 28.663110733, 110.409828186, 22.0071849823], [1295.01501465, -260.262939453, 164.78338623, 169.655578613, 31.5918884277, 441.371612549, 62.4465789795, 117.852363586, -30.9471969604, 121.55682373, 60.6275520325, -19.7426586151, 40.7409057617], [23.571187973, 254.667755127, 41.4128837585, 166.342636108, 242.373901367, 62.4465789795, 392.851898193, -27.8812084198, 100.762237549, 1.78045582771, 85.8031082153, 59.0549201965, 6.46081113815], [939.109619141, -279.026824951, -5.55945968628, 71.750328064, -60.8194122314, 117.852363586, -27.8812084198, 285.119049072, -49.9001045227, 72.5216827393, 38.8422927856, -52.2754974365, 67.7359390259], [-754.034301758, 380.39831543, 143.438247681, -34.2686958313, 273.747192383, -30.9471969604, 100.762237549, -49.9001045227, 288.967926025, 1.02389669418, -20.4227466583, 87.0346908569, 14.3488588333], [473.750518799, -180.949478149, 23.0276603699, 80.8421630859, -2.70885801315, 121.55682373, 1.78045582771, 72.5216827393, 1.02389669418, 150.818481445, 45.6991844177, -19.155248642, 25.6245861053], [267.257446289, 10.2686624527, -41.1402435303, 45.8056945801, 28.663110733, 60.6275520325, 85.8031082153, 38.8422927856, -20.4227466583, 45.6991844177, 156.969696045, 9.58383083344, 23.7649745941], [-678.827331543, 130.341018677, 62.9843978882, -46.6995620728, 110.409828186, -19.7426586151, 59.0549201965, -52.2754974365, 87.0346908569, -19.155248642, 9.58383083344, 158.252502441, 31.671957016], [152.450057983, -17.0070934296, -22.4785118103, 6.92755556107, 22.0071849823, 40.7409057617, 6.46081113815, 67.7359390259, 14.3488588333, 25.6245861053, 23.7649745941, 31.671957016, 122.077957153]], "mean": [-118.025306702, 177.737991333, -101.864601135, 27.8590431213, -43.4922447205, 2.72665858269, -37.500957489, 9.50335025787, -10.4282302856, -15.8578996658, 0.237937167287, -20.5010242462, 12.6275901794], "icov": [[0.000326189154293, -0.000845219183248, 0.000451530300779, -0.00109990686178, 0.000335141696269, -0.000930110167246, 0.000497536966577, -0.000928295543417, 0.000825530732982, -0.000465812539915, 0.000391452427721, 0.000166646204889, 0.000240498455241], [-0.000845219183248, 0.00585510348901, -0.00211711996235, 0.00477002561092, -0.00325968908146, 0.00361858820543, -0.00244004651904, 0.00444563059136, -0.00396975548938, 0.00390588585287, -0.00292846770026, 0.00215863715857, -0.00209008343518], [0.000451530300779, -0.00211711996235, 0.00248069688678, -0.00201253104024, 0.000670401961543, -0.00239716330543, 0.00125248462427, -0.00197486812249, 0.00115693046246, -0.00123551534489, 0.00155806599651, -0.000965843559243, 0.00149142846931], [-0.00109990686178, 0.00477002561092, -0.00201253104024, 0.00598030351102, -0.00188296218403, 0.00347128836438, -0.00313835567795, 0.00412964075804, -0.00388582143933, 0.00256681768224, -0.00209651724435, 0.00109056930523, -0.00157300534192], [0.000335141696269, -0.00325968908146, 0.000670401961543, -0.00188296218403, 0.00494072632864, -0.00196454068646, -0.000122845027363, -0.00209779082797, -8.44225942274e-05, -0.0021322038956, 0.00138033542316, -0.00150942639448, 0.000873458455317], [-0.000930110167246, 0.00361858820543, -0.00239716330543, 0.00347128836438, -0.00196454068646, 0.00675793224946, -0.00229663331993, 0.00268912990578, -0.00194376148283, -4.9140912779e-06, -0.00197139009833, 0.000508018769324, -0.00176298269071], [0.000497536966577, -0.00244004651904, 0.00125248462427, -0.00313835567795, -0.000122845027363, -0.00229663331993, 0.00564484577626, -0.0017987433821, 0.00132444128394, -0.00043794780504, -0.00101072282996, -0.00117734621745, 0.0013738257112], [-0.000928295543417, 0.00444563059136, -0.00197486812249, 0.00412964075804, -0.00209779082797, 0.00268912990578, -0.0017987433821, 0.00905479956418, -0.00317677413113, 0.00178315036464, -0.00277597946115, 0.00284759723581, -0.00446687405929], [0.000825530732982, -0.00396975548938, 0.00115693046246, -0.00388582143933, -8.44225942274e-05, -0.00194376148283, 0.00132444128394, -0.00317677413113, 0.00971999578178, -0.00403381232172, 0.00358660682105, -0.00276062707417, 0.000928301829845], [-0.000465812539915, 0.00390588585287, -0.00123551534489, 0.00256681768224, -0.0021322038956, -4.9140912779e-06, -0.00043794780504, 0.00178315036464, -0.00403381232172, 0.0127402748913, -0.00446262676269, 0.0026752257254, -0.00185293366667], [0.000391452427721, -0.00292846770026, 0.00155806599651, -0.00209651724435, 0.00138033542316, -0.00197139009833, -0.00101072282996, -0.0027759794