{"tonal": {"chords_key": "C", "hpcp_entropy": {"dmean": 0.512688577175, "dmean2": 0.861566185951, "max": 3.50046205521, "dvar": 0.226158842444, "mean": 1.46967375278, "dvar2": 0.575816273689, "min": 0, "var": 0.452984392643, "median": 1.57008576393}, "key_key": "C", "chords_strength": {"dmean": 0.00634008925408, "dmean2": 0.00499169295654, "max": 0.750537097454, "dvar": 2.97441438306e-05, "mean": 0.54244017601, "dvar2": 2.27727960009e-05, "min": 0.26932439208, "var": 0.00690788729116, "median": 0.543885707855}, "key_scale": "major", "chords_number_rate": 0.00364721496589, "thpcp": [1, 0.543244063854, 0.0548010468483, 0.0146137671545, 0.0402037315071, 0.210079267621, 0.340889960527, 0.199868649244, 0.0786230564117, 0.0932888612151, 0.084107235074, 0.135770887136, 0.248807817698, 0.263633847237, 0.401764571667, 0.55549621582, 0.316856861115, 0.0558508709073, 0.0181911382824, 0.0396596156061, 0.226333513856, 0.415942788124, 0.262195318937, 0.055560849607, 0.0236364603043, 0.032091408968, 0.168142199516, 0.375001788139, 0.302559524775, 0.150826498866, 0.140078902245, 0.07859031111, 0.0259827449918, 0.0357643701136, 0.0899357125163, 0.567823410034], "key_strength": 0.903363347054, "tuning_nontempered_energy_ratio": 0.685124397278, "tuning_frequency": 437.718536377, "chords_changes_rate": 0.0278514586389, "tuning_diatonic_strength": 0.681269824505, "chords_scale": "major", "chords_histogram": [32.7917785645, 14.4893903732, 11.2068967819, 1.12732100487, 0, 0, 1.72413790226, 0, 0.895225465298, 0, 0.497347474098, 0, 0, 0, 0, 0, 0, 1.8899204731, 1.0941644907, 17.7718830109, 0.331564992666, 4.9734749794, 1.392572999, 9.81432342529], "tuning_equal_tempered_deviation": 0.0767399519682, "hpcp": {"dmean": [0.0562168061733, 0.058246396482, 0.0377178899944, 0.0319263227284, 0.0398966781795, 0.051362618804, 0.0713723748922, 0.0935447365046, 0.114981293678, 0.102601386607, 0.0856425240636, 0.0330932661891, 0.0127890892327, 0.0225007086992, 0.0504748225212, 0.0634204521775, 0.0590056851506, 0.0225443970412, 0.0104948030785, 0.017206594348, 0.0513877868652, 0.0737399458885, 0.075911693275, 0.0471894741058, 0.0337252952158, 0.0262799542397, 0.0125365937129, 0.0138388676569, 0.036596506834, 0.0930670946836, 0.0814168825746, 0.0926581397653, 0.0263998862356, 0.0078151319176, 0.0182911921293, 0.0488588213921], "dmean2": [0.0923115834594, 0.0997093319893, 0.0674826130271, 0.0555491447449, 0.0706952214241, 0.087415844202, 0.119950920343, 0.156134352088, 0.196205481887, 0.172251820564, 0.140184924006, 0.0610660947859, 0.0241398327053, 0.0401140190661, 0.0799651220441, 0.101912908256, 0.0933796912432, 0.0389115773141, 0.0184139553457, 0.0306738670915, 0.0854879915714, 0.117973290384, 0.122804604471, 0.0799685493112, 0.0555195100605, 0.0438751988113, 0.0226347483695, 0.0243878532201, 0.062958560884, 0.149287179112, 0.132552012801, 0.147713854909, 0.0464161522686, 0.0140189211816, 0.0325962565839, 0.0819438174367], "max": [1, 1, 1, 1, 1, 1, 1, 1, 1, 1, 1, 1, 1, 1, 1, 1, 1, 1, 1, 1, 1, 1, 1, 1, 1, 1, 1, 1, 1, 1, 1, 1, 1, 1, 1, 1], "dvar": [0.0193058662117, 0.0171520132571, 0.0116397412494, 0.0123406769708, 0.015202450566, 0.0171451363713, 0.0262144394219, 0.0311156436801, 0.0361830331385, 0.0389570407569, 0.0243193209171, 0.00830260384828, 0.00398993026465, 0.00778746092692, 0.0142510775477, 0.0204324834049, 0.0146877337247, 0.00564959319308, 0.00287399650551, 0.0053404844366, 0.0136768519878, 0.0195761173964, 0.0196731500328, 0.0125711737201, 0.0118053620681, 0.00926371663809, 0.00358825549483, 0.00446403073147, 0.0106012495235, 0.0210509393364, 0.0268868617713, 0.0179841835052, 0.00560638448223, 0.00182302051689, 0.00500115985051, 0.0155963385478], "mean": [0.154753744602, 0.0907343327999, 0.0356924943626, 0.0423503257334, 0.0381821468472, 0.0616358816624, 0.112951233983, 0.119681805372, 0.182388991117, 0.252178519964, 0.143843442202, 0.0253546088934, 0.00825822725892, 0.0180042684078, 0.102748580277, 0.188825473189, 0.119028761983, 0.025222947821, 0.0107302395627, 0.0145685300231, 0.0763314813375, 0.170239493251, 0.137352883816, 0.0684706792235, 0.0635915920138, 0.035677626729, 0.0117953820154, 0.0162359438837, 0.0408280976117, 0.257774680853, 0.453969806433, 0.246616408229, 0.0248780213296, 0.00663420883939, 0.018251279369, 0.0953696444631], "dvar2": [0.046789214015, 0.0491642691195, 0.0320370569825, 0.0309550352395, 0.0416514910758, 0.0436118207872, 0.0622428804636, 0.0777904987335, 0.0909695997834, 0.0902420058846, 0.0603180900216, 0.0238759927452, 0.0116617260501, 0.0212720278651, 0.0358213745058, 0.0471673719585, 0.0362861640751, 0.0146863665432, 0.00712694087997, 0.0131965642795, 0.0348358303308, 0.043523978442, 0.048676379025, 0.0324822962284, 0.0255574826151, 0.0228408537805, 0.00982719380409, 0.01235205587, 0.0277689378709, 0.051178202033, 0.0573790073395, 0.0446024127305, 0.0143224969506, 0.00467341113836, 0.0134323285893, 0.0391868241131], "min": [0, 0, 0, 0, 0, 0, 0, 0, 0, 0, 0, 0, 0, 0, 0, 0, 0, 0, 0, 0, 0, 0, 0, 0, 0, 0, 0, 0, 0, 0, 0, 0, 0, 0, 0, 0], "var": [0.0890908762813, 0.0349012464285, 0.0116772688925, 0.0220433790237, 0.0159233957529, 0.0280696712434, 0.0631244555116, 0.0525801368058, 0.0843354836106, 0.138661175966, 0.06034437567, 0.00594391813502, 0.00231392960995, 0.00628715055063, 0.0447400659323, 0.101970553398, 0.0449861846864, 0.00727887637913, 0.00398306641728, 0.00522573199123, 0.0251769386232, 0.0722777172923, 0.0484176464379, 0.0274078287184, 0.0374954864383, 0.0156820956618, 0.00353135704063, 0.00451666116714, 0.0126464413479, 0.0876065567136, 0.196399375796, 0.0760503783822, 0.00578107824549, 0.00157434970606, 0.00592645537108, 0.0456027127802], "median": [0.00784326437861, 0.00691921124235, 0.00264348299243, 0.000711344764568, 0.00056650233455, 0.00229515368119, 0.00445402227342, 0.00988086126745, 0.0240072049201, 0.0172219239175, 0.0097843548283, 0.00152986939065, 0.000408120336942, 0.000420284282882, 0.00643973983824, 0.0190954916179, 0.0141326319426, 0.00223040115088, 0.000364340550732, 0.000492651888635, 0.0142199546099, 0.0478541217744, 0.0376940369606, 0.0103803323582, 0.00163735216483, 0.000542378751561, 0.000686233281158, 0.000617779558524, 0.00333281140774, 0.104921594262, 0.235310554504, 0.107073381543, 0.00375465303659, 0.000519692781381, 0.000718583993148, 0.00351558811963]}}, "lowlevel": {"melbands_flatness_db": {"dmean": 0.0217573214322, "dmean2": 0.0322039946914, "max": 0.711008369923, "dvar": 0.000509416335262, "mean": 0.407660871744, "dvar2": 0.00111405109055, "min": 0.0052486108616, "var": 0.00577324582264, "median": 0.399078249931}, "melbands_crest": {"dmean": 2.63868618011, "dmean2": 4.25391054153, "max": 33.7609634399, "dvar": 6.23202180862, "mean": 17.4937324524, "dvar2": 17.0963802338, "min": 2.65078282356, "var": 22.3226013184, "median": 17.1469078064}, "spectral_entropy": {"dmean": 0.178514897823, "dmean2": 0.265828847885, "max": 9.78709793091, "dvar": 0.0388334095478, "mean": 5.68171310425, "dvar2": 0.0827562734485, "min": 3.77011966705, "var": 0.290446341038, "median": 5.71294355392}, "melbands": {"dmean": [5.35035869689e-05, 0.000513355538715, 0.000533677870408, 0.000359218247468, 0.000414099748014, 0.000508150842506, 0.000318595091812, 0.000122795856441, 2.61566037807e-05, 1.62525466294e-05, 1.46807242345e-05, 5.51420316697e-06, 8.76792000781e-06, 3.04877403323e-06, 3.0795360999e-06, 1.93578762264e-06, 2.27167492994e-06, 1.91430081031e-06, 1.00459590158e-06, 8.44456394589e-07, 5.10223117089e-07, 6.20051764599e-07, 2.12669846178e-07, 1.0601455358e-07, 1.96669461161e-07, 1.57657339628e-07, 5.97354627985e-08, 5.77093537402e-08, 3.30925864489e-08, 1.56566173359e-08, 1.36363222936e-08, 1.0877500678e-08, 7.77500730464e-09, 5.73293190698e-09, 7.95824206534e-09, 5.23642063044e-09, 4.95955365665e-09, 4.1640624282e-09, 8.39460234658e-09, 5.29508392688e-09], "dmean2": [8.22225629236e-05, 0.000739010982215, 0.000841009838041, 0.000577193393838, 0.000624877749942, 0.000723961158656, 0.000429239298683, 0.000171258972841, 3.66996282537e-05, 2.32463225984e-05, 2.18726690946e-05, 8.58803650772e-06, 1.36394537549e-05, 4.72864803669e-06, 4.52602853329e-06, 2.90940602099e-06, 3.54177063855e-06, 3.06488846036e-06, 1.61786192621e-06, 1.40729378018e-06, 8.1125710949e-07, 9.96192852654e-07, 3.58665062095e-07, 1.76274852492e-07, 3.27522684529e-07, 2.70130925628e-07, 9.97820777116e-08, 9.66832729432e-08, 5.63413316002e-08, 2.54456669069e-08, 2.24585292585e-08, 1.77625167908e-08, 1.24848931193e-08, 9.16906817139e-09, 1.28697443813e-08, 8.17962853006e-09, 7.86703058253e-09, 6.82088785453e-09, 1.36496485226e-08, 8.43681302598e-09], "max": [0.00513873901218, 0.0307465642691, 0.0227566584945, 0.0164601057768, 0.0199883375317, 0.0298379268497, 0.0245872922242, 0.0317305624485, 0.00397107051685, 0.00127265532501, 0.00234164879657, 0.000325527100358, 0.000945651147049, 0.000129063992063, 0.000158083727001, 9.89555628621e-05, 0.000149995074025, 0.000214947329368, 0.00026501348475, 3.2383522921e-05, 8.30361677799e-05, 7.26023645257e-05, 6.45647969577e-06, 5.92998640059e-06, 1.759809129e-05, 1.27768907987e-05, 5.84625558986e-06, 9.3503485914e-06, 5.30581291969e-06, 2.10332882489e-06, 9.61479713624e-07, 7.83871541898e-07, 6.89592127401e-07, 6.64462220357e-07, 1.64790583312e-06, 8.23210257295e-07, 3.25662853129e-07, 7.98826022219e-07, 2.67194423031e-07, 2.18163762611e-07], "dvar": [1.38539455463e-08, 7.11582288204e-07, 7.93205174432e-07, 5.64314177609e-07, 8.16605222553e-07, 1.02975002392e-06, 5.79516608923e-07, 5.08655375597e-07, 8.62022009329e-09, 1.43335809888e-09, 1.99722571814e-09, 1.93940558058e-10, 1.29179056341e-09, 4.56846435681e-11, 3.73809039278e-11, 1.45458306858e-11, 2.75603515704e-11, 2.67404553361e-11, 2.66249383651e-11, 2.89684855964e-12, 4.01963228328e-12, 3.76868978733e-12, 2.0827542707e-13, 5.80067610156e-14, 4.38279295668e-13, 2.5884554374e-13, 3.29244620391e-14, 5.36568775251e-14, 4.3036561592e-14, 5.73277277361e-15, 2.13569955584e-15, 9.0791079336e-16, 6.0101275712e-16, 5.92520775368e-16, 2.00263470324e-15, 4.71605816295e-16, 1.5754260924e-16, 3.49321946101e-16, 2.24456504773e-16, 8.87575649879e-17], "mean": [0.00021024972375, 0.00167996936943, 0.00117946125101, 0.000680756056681, 0.000996522954665, 0.00177226448432, 0.00113926699851, 0.000292345299385, 6.39646095806e-05, 3.94084199797e-05, 3.37267192663e-05, 1.13440419227e-05, 1.47397604451e-05, 6.38384835838e-06, 7.05741649654e-06, 4.27579880125e-06, 4.86467979499e-06, 4.16210150433e-06, 2.04066850529e-06, 1.48993956373e-06, 8.91268541636e-07, 1.06696131752e-06, 3.53952344767e-07, 1.81839183711e-07, 3.22115880635e-07, 2.65624322537e-07, 1.09285849703e-07, 9.62516395475e-08, 4.68866296899e-08, 2.36665922415e-08, 2.10821173852e-08, 2.02170742369e-08, 1.31288127037e-08, 9.99253568779e-09, 1.45124223749e-08, 9.05392560924e-09, 9.93817295125e-09, 7.72933983484e-09, 1.87571895793e-08, 1.36921114446e-08], "dvar2": [3.27112026355e-08, 1.50269920596e-06, 2.06295294447e-06, 1.3460963828e-06, 1.83796839792e-06, 1.93316213881e-06, 9.89215550362e-07, 8.86516033916e-07, 1.58930451022e-08, 2.85289925017e-09, 4.97379293307e-09, 4.8159198851e-10, 3.16017323421e-09, 1.04909726739e-10, 8.11626599262e-11, 3.05790913424e-11, 6.65895602547e-11, 6.99043184449e-11, 6.68128122272e-11, 7.50794218463e-12, 9.67243646288e-12, 8.26105069768e-12, 5.73512537374e-13, 1.6378662749e-13, 1.26014866944e-12, 7.36779886233e-13, 9.22114286512e-14, 1.5062389812e-13, 1.22870721301e-13, 1.50447044417e-14, 5.87763954803e-15, 2.28110991366e-15, 1.53914452137e-15, 1.52892951578e-15, 5.32275969923e-15, 1.22152177747e-15, 3.96217898756e-16, 1.02364503423e-15, 5.74670508916e-16, 2.17102577959e-16], "min": [3.37155238141e-23, 1.98322061264e-23, 1.02375086618e-23, 1.60676672234e-23, 5.96494175811e-24, 1.32728466322e-23, 1.10136610179e-23, 5.3691888749e-24, 8.88240734314e-24, 6.89298139284e-24, 8.46992617529e-24, 6.13315096337e-24, 9.25046065366e-24, 7.97973116423e-24, 1.70054051141e-23, 6.21042817207e-24, 7.78017854307e-24, 8.12058227886e-24, 9.99515796996e-24, 9.95716879535e-24, 4.95365520978e-24, 7.08996863835e-24, 1.04115676651e-23, 9.96254172698e-24, 1.14900478076e-23, 8.18311133851e-24, 1.11543772373e-23, 1.08244834953e-23, 9.60976313016e-24, 1.06045348754e-23, 1.30489781625e-23, 1.28897844541e-23, 9.26790157941e-24, 7.50206247549e-24, 7.6149831809e-24, 1.33362710489e-23, 8.80231035113e-24, 1.13220788105e-23, 8.8854973113e-24, 9.80135377821e-24], "var": [2.19337280782e-07, 6.4389482759e-06, 2.33003447647e-06, 1.17739148209e-06, 2.5351300792e-06, 7.17747980161e-06, 4.44557190349e-06, 1.77907338639e-06, 2.50078784347e-08, 4.95480012574e-09, 4.93564966675e-09, 4.31030572345e-10, 2.1071842049e-09, 1.29727811826e-10, 1.3268296184e-10, 5.93469787202e-11, 8.23562815166e-11, 5.68410284119e-11, 4.03337606369e-11, 5.5637287312e-12, 8.46605424654e-12, 1.12059988025e-11, 3.83292220662e-13, 1.05064733497e-13, 8.25167408361e-13, 4.24517354863e-13, 4.33780107374e-14, 7.09218450569e-14, 2.99220487255e-14, 6.27279227638e-15, 2.48406959573e-15, 1.37528303311e-15, 8.72578296273e-16, 7.30939564416e-16, 2.25943539933e-15, 4.91051522242e-16, 2.890824452e-16, 3.33761844981e-16, 5.79531578061e-16, 3.24560976061e-16], "median": [3.27364978148e-05, 0.00064385868609, 0.000675534131005, 0.00034859997686, 0.000344936881447, 0.000456552137621, 0.000177581678145, 2.8446151191e-05, 2.38575557887e-05, 1.44330278999e-05, 1.33775920403e-05, 5.2075520216e-06, 3.25010387314e-06, 2.47972684519e-06, 2.8462541195e-06, 1.61627315265e-06, 1.74493834493e-06, 1.86224656318e-06, 9.50186858972e-07, 7.06419143626e-07, 3.46357637682e-07, 2.9715039318e-07, 1.36092182856e-07, 8.05004276572e-08, 9.45393665575e-08, 1.13485910447e-07, 4.98994836562e-08, 3.56621754349e-08, 1.83080572924e-08, 7.3424049063e-09, 7.94501708867e-09, 1.0594743749e-08, 5.27262722372e-09, 3.45363959653e-09, 7.08979008834e-09, 4.30353264136e-09, 5.17686071788e-09, 3.72305630769e-09, 1.07592175169e-08, 7.94773846735e-09]}, "silence_rate_60dB": {"dmean": 0.0232210978866, "dmean2": 0.0464498996735, "max": 1, "dvar": 0.0226835142821, "mean": 0.0686567127705, "dvar2": 0.050932418555, "min": 0, "var": 0.0639330372214, "median": 0}, "spectral_energyband_middle_high": {"dmean": 0.00013277027756, "dmean2": 0.000199921210879, "max": 0.00709882844239, "dvar": 8.28720772006e-08, "mean": 0.000441875861725, "dvar2": 2.01591262794e-07, "min": 1.36354716015e-21, "var": 2.56626606188e-07, "median": 0.000315762707032}, "erbbands_skewness": {"dmean": 0.481520622969, "dmean2": 0.729919791222, "max": 8.06962966919, "dvar": 0.249006330967, "mean": 2.0504784584, "dvar2": 0.58638894558, "min": -1.21054387093, "var": 1.46207535267, "median": 1.90347027779}, "dynamic_complexity": 3.67592644691, "dissonance": {"dmean": 0.0374887399375, "dmean2": 0.0627400875092, "max": 0.498425036669, "dvar": 0.00106342206709, "mean": 0.372970104218, "dvar2": 0.0027326613199, "min": 0.118828773499, "var": 0.00346084241755, "median": 0.377482742071}, "spectral_skewness": {"dmean": 0.69134414196, "dmean2": 1.13390433788, "max": 11.6663408279, "dvar": 0.357416152954, "mean": 4.40570926666, "dvar2": 0.927606165409, "min": -0.00548642594367, "var": 1.99437701702, "median": 4.23619127274}, "spectral_kurtosis": {"dmean": 10.702755928, "dmean2": 17.777048111, "max": 204.864837646, "dvar": 109.17943573, "mean": 33.3613166809, "dvar2": 285.710662842, "min": -1.17608118057, "var": 521.188171387, "median": 28.6752414703}, "gfcc": {"cov": [[5338.21191406, -174.187423706, -989.782653809, -320.741943359, -381.502990723, -8.67121124268, -281.461669922, 277.340637207, 48.9343681335, 336.760009766, 277.449707031, 39.3226661682, 218.4871521], [-174.187423706, 349.556762695, 128.645690918, -69.9697723389, 196.101028442, -15.1079120636, 110.433486938, -36.2001228333, 32.4519233704, -21.3788471222, -32.5162200928, -10.0604772568, -38.3880844116], [-989.782653809, 128.645690918, 853.083618164, 86.9897918701, 153.181854248, 38.0508880615, -7.3013253212, -52.2022476196, -36.7864952087, -29.3170166016, 36.2535514832, 24.4780902863, -30.748664856], [-320.741943359, -69.9697723389, 86.9897918701, 306.241699219, 86.1470947266, 20.4435253143, 53.3064041138, -37.3493385315, -14.19257164, -57.5518913269, -44.3603744507, 11.0006151199, 3.31814074516], [-381.502990723, 196.101028442, 153.181854248, 86.1470947266, 299.350463867, 41.1514358521, 101.560043335, -30.427312851, 13.9867019653, -14.0297689438, -28.4766941071, 9.86240100861, -25.4535999298], [-8.67121124268, -15.1079120636, 38.0508880615, 20.4435253143, 41.1514358521, 161.9506073, 28.046087265, 7.54414653778, 1.65260732174, 28.468006134, 12.7923431396, 4.76863431931, 18.8072052002], [-281.461669922, 110.433486938, -7.3013253212, 53.3064041138, 101.560043335, 28.046087265, 169.507705688, -6.85815429688, 19.7933616638, -30.9930858612, -56.7941131592, -6.10011434555, -40.4811325073], [277.340637207, -36.2001228333, -52.2022476196, -37.3493385315, -30.427312851, 7.54414653778, -6.85815429688, 113.903610229, 25.9764518738, 38.1082725525, 30.6998977661, -2.38449311256, 11.2811803818], [48.9343681335, 32.4519233704, -36.7864952087, -14.19257164, 13.9867019653, 1.65260732174, 19.7933616638, 25.9764518738, 86.905632019, 37.7096557617, -11.0141935349, -2.52116274834, -8.37163066864], [336.760009766, -21.3788471222, -29.3170166016, -57.5518913269, -14.0297689438, 28.468006134, -30.9930858612, 38.1082725525, 37.7096557617, 124.580238342, 63.1745376587, -1.622797966, 10.5485258102], [277.449707031, -32.5162200928, 36.2535514832, -44.3603744507, -28.4766941071, 12.7923431396, -56.7941131592, 30.6998977661, -11.0141935349, 63.1745376587, 108.718696594, 26.5259208679, 16.2478561401], [39.3226661682, -10.0604772568, 24.4780902863, 11.0006151199, 9.86240100861, 4.76863431931, -6.10011434555, -2.38449311256, -2.52116274834, -1.622797966, 26.5259208679, 70.8931045532, 31.0951747894], [218.4871521, -38.3880844116, -30.748664856, 3.31814074516, -25.4535999298, 18.8072052002, -40.4811325073, 11.2811803818, -8.37163066864, 10.5485258102, 16.2478561401, 31.0951747894, 100.541030884]], "mean": [-149.830093384, 191.773223877, -94.4139709473, 16.1658706665, -59.6958122253, -5.02744579315, -48.1498794556, -14.2696037292, -13.5184640884, -19.4078922272, 6.45011138916, -26.5602760315, 5.90518760681], "icov": [[0.000424095604103, -0.000826930336189, 0.00053351133829, -0.000411366752815, 0.000537721556611, -0.000138006129418, 0.000669994624332, -0.000714602705557, 0.000495180429425, -0.000841818924528, -0.0003206867259, -0.000260801665718, -0.000286671565846], [-0.000826930336189, 0.0114931575954, -0.00209377380088, 0.00608114758506, -0.00701238028705, 0.00292284437455, -0.00651064934209, 0.00458985706791, -0.00495755160227, 0.00481061916798, -0.002091065282, 0.00377468764782, -0.00186123210005], [0.00053351133829, -0.00209377380088, 0.00227407272905, -0.00132484023925, 0.000485313095851, -0.000814048631582, 0.00205151713453, -0.000855559948832, 0.00116426299792, -0.000728854676709, -0.00108620314859, -0.000867411203217, 0.000594758952502], [-0.000411366752815, 0.00608114758506, -0.00132484023925, 0.00728041073307, -0.00440160091966, 0.00116398360115, -0.00395674537867, 0.00286014680751, -0.00246203155257, 0.00371497496963, -0.00043117304449, 0.00161299260799, -0.00169969559647], [0.000537721556611, -0.00701238028705, 0.000485313095851, -0.00440160091966, 0.00937945395708, -0.00223083747551, 0.00123852165416, -0.00191509909928, 0.00246074749157, -0.00373347778805, 0.00143804471008, -0.00296849082224, 0.00123544130474], [-0.000138006129418, 0.00292284437455, -0.000814048631582, 0.00116398360115, -0.00223083747551, 0.00822819862515, -0.00368598522618, 0.000980879180133, -0.000223645227379, -0.00126851059031, -0.0010519688949, 0.00164681102615, -0.0027944392059], [0.000669994624332, -0.00651064934209, 0.00205151713453, -0.00395674537867, 0.00123852165416, -0.00368598522618, 0.014495014213, -0.00443379487842, 0.00221970141865, -0.0022849207744, 0.00551365036517, -0.00447681313381, 0.0050709862262], [-0.000714602705557, 0.00458985706791, -0.000855559948832, 0.00286014680751, -0.00191509909928, 0.000980879180133, -0.00443379487842, 0.0137629639357, -0.00584031222388, 0.00254529714584, -0.0048421327956, 0.00380702223629, -0.00219670985825], [0.000495180429425, -0.00495755160227, 0.00116426299792, -0.00246203155257, 0.00246074749157, -0.000223645227379, 0.00221970141865, -0.00584031222388, 0.020134370774, -0.0112608298659, 0.00882401596755, -0.00539482291788, 0.00278268847615], [-0.000841818924528, 0.00481061916798, -0.000728854676709, 0.00371497496963, -0.00373347778805, -0.00126851059031, -0.0022849207744, 0.00254529714584, -0.0112608298659, 0.0209823846817, -0.0120946969837, 0.00674055842683, -0.00186207739171], [-0.0003206867259, -0.002091065282, -0.00108620314859, -0.00043117304449, 0.00143804471008, -0.0010519688949, 0.00551365036517, -0.0048421327956, 0.00882401596755, -0.0120946969837, 0.0241405237466, -0.0103339059278, 0.00420318543911], [-0.000260801665718, 0.00377468764782, -0.000867411203217, 0.00161299260799, -0.00296849082224, 0.00164681102615, -0.00447681313381, 0.00380702223629, -0.00539482291788, 0.00674055842683, -0.0103339059278, 0.0221969373524, -0.00795122236013], [-0.000286671565846, -0.00186123210005, 0.000594758952502, -0.00169969559647, 0.00123544130474, -0.0027944392059, 0.0050709862262, -0.00219670985825, 0.00278268847615, -0.00186207739171, 0.00420318543911, -0.00795122236013, 0.0154271870852]]}, "spectral_complexity": {"dmean": 1.1129540205, "dmean2": 1.8861976862, "max": 17, "dvar": 1.08443021774, "mean": 7.65854072571, "dvar2": 2.68803143501, "min": 0, "var": 7.85013341904, "median": 8}, "spectral_flux": {"dmean": 0.016049509868, "dmean2": 0.0267635844648, "max": 0.251902282238, "dvar": 0.000349859386915, "mean": 0.0460595823824, "dvar2": 0.000932716415264, "min": 1.02491654053e-10, "var": 0.000720973592252, "median": 0.0408530570567}, "spectral_energyband_low": {"dmean": 0.00240396684967, "dmean2": 0.0035585432779, "max": 0.136756673455, "dvar": 1.57123267854e-05, "mean": 0.00702637480572, "dvar2": 3.56671698682e-05, "min": 1.49555784509e-22, "var": 8.84976761881e-05, "median": 0.0035482631065}, "spectral_decrease": {"dmean": 1.61051239012e-09, "dmean2": 2.34610642025e-09, "max": 2.96221356493e-29, "dvar": 4.56037534359e-18, "mean": -6.51580878142e-09, "dvar2": 8.92004110181e-18, "min": -4.07216376175e-08, "var": 2.95186416081e-17, "median": -5.09034681073e-09}, "barkbands_spread": {"dmean": 0.818621397018, "dmean2": 1.29966521263, "max": 61.9899253845, "dvar": 2.62347817421, "mean": 3.26667261124, "dvar2": 6.78864192963, "min": 0.260892063379, "var": 6.42655038834, "median": 2.7687792778}, "spectral_rms": {"dmean": 0.000602352200076, "dmean2": 0.000882103515323, "max": 0.0123262712732, "dvar": 4.29401694646e-07, "mean": 0.0045419819653, "dvar2": 8.61817511577e-07, "min": 3.20130142013e-12, "var": 4.05063337894e-06, "median": 0.00438927672803}, "spectral_centroid": {"dmean": 33.3776741028, "dmean2": 52.1794700623, "max": 11182.6582031, "dvar": 14644.0576172, "mean": 359.862762451, "dvar2": 17570.4589844, "min": 132.944198608, "var": 36294.578125, "median": 357.54385376}, "barkbands_skewness": {"dmean": 0.564627349377, "dmean2": 0.885874152184, "max": 11.4976167679, "dvar": 0.378026723862, "mean": 1.98913621902, "dvar2": 0.922985553741, "min": -2.07840418816, "var": 1.8468080759, "median": 1.83120679855}, "spectral_rolloff": {"dmean": 40.1085624695, "dmean2": 68.3100204468, "max": 18820.0195312, "dvar": 41684.125, "mean": 388.263092041, "dvar2": 57011.7539062, "min": 107.666015625, "var": 117393.828125, "median": 387.59765625}, "erbbands_spread": {"dmean": 2.95091748238, "dmean2": 4.62245988846, "max": 85.9431762695, "dvar": 18.9648036957, "mean": 11.9073419571, "dvar2": 46.6744270325, "min": 0.976030468941, "var": 69.8326721191, "median": 9.78475189209}, "barkbands": {"dmean": [2.63176425506e-05, 0.000295664358418, 0.00165189744439, 0.00114712514915, 0.00197170674801, 0.00241027353331, 0.00107337220106, 0.000399852433475, 0.000106495790533, 7.89600453572e-05, 5.88045659242e-05, 2.48341511906e-05, 2.4617094823e-05, 2.269142351e-05, 1.90352748177e-05, 8.08452296042e-06, 9.84689813777e-06, 1.8860559976e-06, 4.47923594038e-06, 1.63078323112e-06, 6.88126874593e-07, 4.2850393811e-07, 3.86002739106e-07, 3.59497192903e-07, 3.74224583766e-07, 7.97561239274e-10, 8.50967685206e-10], "dmean2": [4.49125654995e-05, 0.000435417343397, 0.00238674785942, 0.00186994730029, 0.00312665035017, 0.00340754259378, 0.00148810085375, 0.000542224035598, 0.000152667751536, 0.000118311945698, 9.05005435925e-05, 3.85719322367e-05, 3.64439547411e-05, 3.55552110705e-05, 3.05180510622e-05, 1.35083055284e-05, 1.56286041602e-05, 3.07336358674e-06, 7.57996713219e-06, 2.70364580501e-06, 1.142441306e-06, 6.87293663759e-07, 6.08022446613e-07, 5.62848867958e-07, 5.8991855667e-07, 1.46049117244e-09, 1.55812995839e-09], "max": [0.00358067522757, 0.0345055013895, 0.112880252302, 0.0302358604968, 0.108576588333, 0.123978048563, 0.102648712695, 0.109012126923, 0.00677445996553, 0.0116096911952, 0.0058963354677, 0.0010596178472, 0.00147718202788, 0.00131349789444, 0.00316238706, 0.000884782348294, 0.00137794681359, 9.24837295315e-05, 0.0002355727338, 0.000262104236754, 8.08105178294e-05, 3.20215549436e-05, 5.43833921256e-05, 3.29689646605e-05, 1.72765267052e-05, 1.62308726459e-08, 1.73692615846e-08], "dvar": [7.71698971391e-09, 4.39712010802e-07, 8.31513261801e-06, 3.88936950912e-06, 2.06492040888e-05, 2.02662431548e-05, 8.97292829904e-06, 6.17095929556e-06, 5.90574700254e-08, 5.21385743468e-08, 5.20208480737e-08, 2.98973734658e-09, 2.94648949684e-09, 2.20098694825e-09, 5.2420032759e-09, 5.31430899287e-10, 8.3629725367e-10, 1.73154598299e-11, 1.36956126995e-10, 3.82895937179e-11, 1.29610410946e-11, 1.29684110672e-12, 2.98543590023e-12, 9.71814751068e-13, 4.10553074827e-13, 1.95942274668e-18, 2.23198992545e-18], "mean": [2.60476499534e-05, 0.00134807650466, 0.00443496974185, 0.0020118963439, 0.00390196591616, 0.00862063467503, 0.00325026293285, 0.000932699011173, 0.000257336272625, 0.000169475359144, 0.000102575657365, 5.23988965142e-05, 5.070017869e-05, 4.89178491989e-05, 3.90721797885e-05, 1.36592416311e-05, 1.78894078999e-05, 3.56684813596e-06, 7.90726335254e-06, 2.82745486402e-06, 1.01518617157e-06, 8.47334490572e-07, 7.34518835088e-07, 8.06873345027e-07, 1.00642841971e-06, 6.51384390871e-10, 6.95019930497e-10], "dvar2": [2.01029131119e-08, 9.15849682315e-07, 1.723983587e-05, 1.11926474347e-05, 4.6617591579e-05, 3.79136836273e-05, 1.5552588593e-05, 1.07817058961e-05, 1.19052508296e-07, 1.29905444624e-07, 1.2691296547e-07, 7.07558411861e-09, 5.9712581546e-09, 5.32575272771e-09, 1.37511744214e-08, 1.47605738743e-09, 1.55168167204e-09, 4.64735749883e-11, 3.93373056351e-10, 1.07585329534e-10, 3.65766410215e-11, 3.23545639065e-12, 7.74482561416e-12, 2.63587242311e-12, 9.98569174397e-13, 6.52744516824e-18, 7.4356051084e-18], "min": [1.68635205917e-23, 1.07864536155e-22, 2.39451154715e-23, 7.81963578782e-24, 7.2094004439e-23, 5.97127694227e-23, 4.46569551498e-23, 2.97191765564e-23, 5.8906528334e-23, 4.93947969486e-23, 6.4175052641e-23, 8.49801861653e-23, 1.09110999494e-22, 8.86087317592e-23, 1.13332023804e-22, 1.21690629872e-22, 1.32540143135e-22, 2.39565773049e-22, 2.37970809895e-22, 3.1720844208e-22, 4.71814955866e-22, 5.79657517511e-22, 5.76465016361e-22, 8.43957576171e-22, 1.13139647766e-21, 1.78807771762e-21, 2.36835986151e-21], "var": [7.72263408777e-09, 1.01027453638e-05, 4.31973603554e-05, 8.24940252642e-06, 4.57720416307e-05, 0.000143096374813, 5.6799613958e-05, 2.02374012588e-05, 2.10987494143e-07, 1.16771047942e-07, 8.93326301821e-08, 8.73049366135e-09, 9.59850687821e-09, 6.70357280796e-09, 7.9920665641e-09, 6.47302211831e-10, 3.16598125494e-09, 3.69903378761e-11, 2.50624548892e-10, 4.46965797707e-11, 1.1418125126e-11, 2.18596386652e-12, 3.60231614503e-12, 1.54243729334e-12, 1.61815710571e-12, 1.59704091738e-18, 1.81972352175e-18], "median": [5.85560155741e-06, 0.000163149728905, 0.00194848771207, 0.000967852771282, 0.00176379119512, 0.00321242329665, 0.000540502020158, 0.000125551116071, 8.74906036188e-05, 7.33926572138e-05, 2.45101909968e-05, 1.88401827472e-05, 1.65880610439e-05, 1.84415348485e-05, 1.76057474164e-05, 6.21685285296e-06, 6.27333520242e-06, 1.59336559591e-06, 3.3013425309e-06, 1.22759774968e-06, 3.31985518187e-07, 4.45034743279e-07, 3.55995325663e-07, 4.52515394045e-07, 5.86086912335e-07, 1.83422332878e-10, 1.94688820621e-10]}, "melbands_kurtosis": {"dmean": 5.91116333008, "dmean2": 9.41073799133, "max": 211.017333984, "dvar": 94.7657699585, "mean": 15.2517566681, "dvar2": 229.886199951, "min": -1.47888803482, "var": 285.224365234, "median": 10.3851089478}, "erbbands_crest": {"dmean": 2.35043311119, "dmean2": 3.68626284599, "max": 31.6086349487, "dvar": 6.07831048965, "mean": 15.9022350311, "dvar2": 14.9440851212, "min": 2.63227200508, "var": 35.9887657166, "median": 15.7292947769}, "melbands_skewness": {"dmean": 0.547131240368, "dmean2": 0.852231025696, "max": 9.94243335724, "dvar": 0.329687386751, "mean": 1.8938215971, "dvar2": 0.823499917984, "min": -1.9409686327, "var": 2.03734135628, "median": 1.80554628372}, "spectral_energyband_middle_low": {"dmean": 0.0053767869249, "dmean2": 0.00786586850882, "max": 0.14766189456, "dvar": 5.70902448089e-05, "mean": 0.0190911740065, "dvar2": 0.000110635592137, "min": 2.94668325746e-22, "var": 0.000314741482725, "median": 0.013872621581}, "spectral_contrast_coeffs": {"dmean": [0.0460364632308, 0.0385889001191, 0.0324710942805, 0.0277707781643, 0.0239467397332, 0.0184791050851], "dmean2": [0.0776179283857, 0.0625266432762, 0.052011243999, 0.0444376803935, 0.037725917995, 0.0291148778051], "max": [-0.245593562722, -0.286233991385, -0.510670781136, -0.569368124008, -0.533928871155, -0.612098753452], "dvar": [0.00142410746776, 0.00110577675514, 0.000698678893968, 0.000485761702294, 0.000382390746381, 0.000264740665443], "mean": [-0.540999054909, -0.608682870865, -0.736337125301, -0.750740766525, -0.753754258156, -0.795106768608], "dvar2": [0.00398739008233, 0.002744656289, 0.00179629714694, 0.00125849165488, 0.000900156097487, 0.000647937471513], "min": [-0.956323862076, -0.962778329849, -0.964593648911, -0.968742132187, -0.972657680511, -0.95713698864], "var": [0.00636054947972, 0.0106009365991, 0.00366878183559, 0.00260606128722, 0.00366506190039, 0.00176362623461], "median": [-0.543915867805, -0.613855004311, -0.737072527409, -0.749087810516, -0.758059978485, -0.799437403679]}, "spectral_contrast_valleys": {"dmean": [0.404834836721, 0.302236735821, 0.281859725714, 0.26780167222, 0.27857080102, 0.253219932318], "dmean2": [0.681704759598, 0.494787961245, 0.454505831003, 0.420956552029, 0.396649867296, 0.372379094362], "max": [-5.66712093353, -5.41428613663, -6.7874341011, -7.71558904648, -7.62786436081, -10.7366247177], "dvar": [0.134567677975, 0.0873075798154, 0.076632656157, 0.0691833943129, 0.0859799012542, 0.0760980471969], "mean": [-7.90046405792, -7.37377977371, -8.67669963837, -9.59178733826, -10.496307373, -12.8892621994], "dvar2": [0.315457195044, 0.170857727528, 0.148494884372, 0.123357474804, 0.135566204786, 0.136499211192], "min": [-27.3524208069, -28.2272357941, -27.2233905792, -27.2863941193, -27.2771892548, -27.2778568268], "var": [0.814367592335, 0.731303334236, 0.736248612404, 0.768369197845, 0.735855221748, 0.67140930891], "median": [-7.82794284821, -7.22553348541, -8.50603580475, -9.3777885437, -10.3725357056, -12.7334251404]}, "silence_rate_20dB": {"dmean": 0, "dmean2": 0, "max": 1, "dvar": 0, "mean": 1, "dvar2": 0, "min": 1, "var": 0, "median": 1}, "silence_rate_30dB": {"dmean": 0.00431248964742, "dmean2": 0.00862640980631, "max": 1, "dvar": 0.00429399590939, "mean": 0.995024859905, "dvar2": 0.00921574886888, "min": 0, "var": 0.00495040602982, "median": 1}, "spectral_strongpeak": {"dmean": 0.344080358744, "dmean2": 0.545320272446, "max": 7.63981866837, "dvar": 0.195100709796, "mean": 1.20834839344, "dvar2": 0.416502088308, "min": 0, "var": 1.05471134186, "median": 0.844918191433}, "spectral_spread": {"dmean": 323699.78125, "dmean2": 531759.5, "max": 40342960, "dvar": 293931155456, "mean": 1927336.25, "dvar2": 459603968000, "min": 355832.3125, "var": 581234196480, "median": 1863892.125}, "barkbands_flatness_db": {"dmean": 0.0246242806315, "dmean2": 0.0390774309635, "max": 0.607546448708, "dvar": 0.000497510191053, "mean": 0.333186775446, "dvar2": 0.00123512418941, "min": 0.0694166272879, "var": 0.00399573892355, "median": 0.3263412714}, "pitch_salience": {"dmean": 0.0605533458292, "dmean2": 0.0963641107082, "max": 0.948424339294, "dvar": 0.00335864792578, "mean": 0.459314227104, "dvar2": 0.00833964161575, "min": 0.0756756514311, "var": 0.0161813534796, "median": 0.463242799044}, "erbbands_kurtosis": {"dmean": 3.97851443291, "dmean2": 6.08053445816, "max": 143.534057617, "dvar": 37.2053337097, "mean": 9.87349510193, "dvar2": 84.9127883911, "min": -1.67514955997, "var": 147.738220215, "median": 6.01582336426}, "average_loudness": 0.760262906551, "barkbands_crest": {"dmean": 2.20034074783, "dmean2": 3.50991892815, "max": 26.3248462677, "dvar": 4.35743570328, "mean": 13.9050645828, "dvar2": 11.4096355438, "min": 2.43910455704, "var": 19.9289188385, "median": 13.3045578003}, "hfc": {"dmean": 1.8888733387, "dmean2": 2.69738221169, "max": 78.5273513794, "dvar": 8.27235031128, "mean": 7.77413272858, "dvar2": 14.6709108353, "min": 1.17045130234e-16, "var": 51.6486129761, "median": 5.54645252228}, "barkbands_kurtosis": {"dmean": 5.93317890167, "dmean2": 9.37112617493, "max": 255.85848999, "dvar": 106.779159546, "mean": 14.8717908859, "dvar2": 254.960723877, "min": -1.41056358814, "var": 297.707672119, "median": 9.91687202454}, "erbbands": {"dmean": [0.00365865160711, 0.100500263274, 1.3297816515, 3.3389210701, 3.05755257607, 8.47758102417, 10.9298610687, 22.523267746, 22.6425151825, 11.9536437988, 3.98237228394, 2.71879410744, 2.97397446632, 1.44800341129, 2.22561407089, 1.1466833353, 1.21300637722, 1.0652654171, 1.10981011391, 0.731134474277, 0.407141238451, 0.47508713603, 0.119607552886, 0.211205229163, 0.162110596895, 0.0829906016588, 0.0408033765852, 0.0240873135626, 0.0165342520922, 0.0101103475317, 0.011824128218, 0.00728308409452, 0.00691546406597, 0.00620467867702, 0.00105136597995, 2.52334593824e-05, 2.96473763228e-06, 6.48434706818e-07, 2.86321687781e-06, 6.88368845658e-06], "dmean2": [0.00605676928535, 0.145076796412, 1.93558216095, 5.21280193329, 5.12603759766, 13.4305400848, 16.2153263092, 32.6640815735, 30.5321674347, 16.7391967773, 5.53099870682, 3.85293626785, 4.42248678207, 2.23826766014, 3.46586728096, 1.74885606766, 1.78381609917, 1.66277134418, 1.77818071842, 1.19896817207, 0.65528434515, 0.769427657127, 0.197079241276, 0.352873444557, 0.276416689157, 0.138563871384, 0.0688524022698, 0.0392077639699, 0.0265119671822, 0.0159533508122, 0.018660005182, 0.0112557308748, 0.0110485609621, 0.0098163317889, 0.00169066700619, 3.99281052523e-05, 4.58960812466e-06, 1.08842300506e-06, 4.15267550125e-06, 1.00148054116e-05], "max": [0.285535812378, 10.7219409943, 81.4000244141, 154.889938354, 74.9873733521, 527.770629883, 455.62512207, 1534.42700195, 1715.70178223, 2801.29467773, 663.172729492, 192.252548218, 471.979797363, 74.4871673584, 224.05279541, 53.6617507935, 76.4356155396, 65.6220092773, 160.938934326, 91.1204299927, 57.9238357544, 43.9892921448, 4.64756965637, 16.9404010773, 14.3930435181, 11.6073608398, 6.16713619232, 1.70265614986, 1.21023929119, 1.20137631893, 1.86187493801, 0.545517504215, 0.749484479427, 0.283494025469, 0.0920170769095, 0.00227924995124, 0.000128718384076, 1.75423974724e-05, 7.33458655304e-05, 0.000171385094291], "dvar": [8.50431315484e-05, 0.0405766665936, 4.77152967453, 36.2461738586, 18.1025276184, 462.149993896, 494.802856445, 2251.25512695, 2894.98999023, 4072.00488281, 291.931091309, 40.887424469, 81.0712585449, 12.5045595169, 74.164642334, 5.93234968185, 7.02630519867, 5.53619098663, 12.4265546799, 4.03565883636, 1.86062753201, 1.98009586334, 0.0517664477229, 0.426052451134, 0.25883898139, 0.0954138115048, 0.0613094903529, 0.0076632653363, 0.00198773341253, 0.0014242073521, 0.00287934625521, 0.000412479712395, 0.000381147867301, 0.000111721143185, 5.49311153009e-06, 2.88306933882e-09, 1.76269051438e-11, 1.00052095515e-12, 1.46261943529e-11, 8.41124184192e-11], "mean": [0.00944320205599, 0.458394885063, 4.14418029785, 6.87552165985, 6.28315591812, 14.8460693359, 29.4779567719, 75.4800872803, 81.1903915405, 30.3422832489, 10.0864229202, 6.69723176956, 7.027156353, 3.13592839241, 4.0132060051, 2.66403865814, 2.68741726875, 2.46738958359, 2.48390865326, 1.41315507889, 0.793481171131, 0.841650784016, 0.258584350348, 0.377900183201, 0.292405992746, 0.150271341205, 0.0637178868055, 0.0396183282137, 0.0324499979615, 0.01994410716, 0.0229618102312, 0.0153123494238, 0.0157865639776, 0.0171374753118, 0.00250673061237, 7.27278311388e-05, 1.13748583317e-05, 1.7682870066e-06, 1.18062880574e-05, 2.79757878161e-05], "dvar2": [0.000235604544287, 0.0834268406034, 10.2658147812, 94.2024536133, 52.3478317261, 1040.5267334, 1135.21801758, 4316.98388672, 5036.13525391, 7098.88476562, 508.595733643, 79.2832946777, 201.743804932, 30.8469753265, 178.619171143, 13.3726606369, 13.995013237, 13.4468402863, 32.9723854065, 10.0069923401, 4.82291650772, 4.64055728912, 0.13967628777, 1.23066818714, 0.734186172485, 0.267106294632, 0.173662036657, 0.0208459366113, 0.0049344743602, 0.00352684897371, 0.00748821068555, 0.00100818427745, 0.00106686702929, 0.000263621070189, 1.43916713569e-05, 7.35578664646e-09, 4.17313857082e-11, 2.9971201302e-12, 2.80171649769e-11, 1.63223268235e-10], "min": [4.22545667318e-21, 1.94076621141e-20, 3.07768347343e-20, 3.26742287319e-20, 2.22010830313e-19, 1.5210159622e-19, 1.75701847503e-19, 6.46511959062e-19, 7.30431706952e-19, 5.38130360809e-19, 8.97705824784e-19, 1.0910110063e-18, 1.78655957624e-18, 1.73918011832e-18, 2.78166612495e-18, 4.79911373044e-18, 4.74165693791e-18, 3.89014149892e-18, 5.11945058959e-18, 7.73422971724e-18, 5.09222642127e-18, 7.58193666748e-18, 1.00821463172e-17, 1.37976215987e-17, 1.35079338492e-17, 1.65857852274e-17, 1.69541105562e-17, 2.12756891967e-17, 2.17747140254e-17, 1.42026414867e-17, 1.61837291276e-17, 1.67961719988e-17, 1.54114733077e-17, 1.13766558517e-17, 9.3016699764e-18, 5.33766745263e-18, 3.66334098267e-18, 1.51855605631e-18, 2.84770134912e-19, 3.46845942755e-20], "var": [0.00030474702362, 0.965464532375, 37.1041259766, 98.7317352295, 42.4215393066, 949.22833252, 2058.90258789, 14418.0136719, 22111.0410156, 14553.3828125, 943.817321777, 136.431991577, 200.447433472, 27.1421375275, 132.553863525, 19.5197257996, 23.5034065247, 16.9718227386, 22.2439632416, 7.64511156082, 3.14732432365, 5.19453382492, 0.133162632585, 0.820110201836, 0.398299753666, 0.139475136995, 0.0459833592176, 0.0098040048033, 0.00333667360246, 0.00212050229311, 0.00364697119221, 0.000667721149512, 0.000540406792425, 0.000443214172265, 1.44732102854e-05, 8.72178951283e-09, 9.94231919016e-11, 2.76815809858e-12, 9.68403413015e-11, 5.45374190253e-10], "median": [0.00315023981966, 0.096133261919, 1.65028810501, 3.55641484261, 4.21892690659, 5.56998538971, 10.7728233337, 18.542881012, 13.3912229538, 4.81927967072, 3.37910699844, 2.69777059555, 3.08129882812, 1.61264038086, 1.07283639908, 1.16674613953, 1.07375764847, 1.09226810932, 1.20192456245, 0.662588119507, 0.403519451618, 0.280996441841, 0.138293087482, 0.138209313154, 0.136112242937, 0.0624170303345, 0.0267704632133, 0.0152434920892, 0.0168709177524, 0.00854841247201, 0.0118759330362, 0.00835506059229, 0.00929692015052, 0.0105759687722, 0.00121694267727, 4.22990342486e-05, 8.6356922111e-06, 1.30843602619e-06, 9.21609534998e-06, 2.18480054173e-05]}, "spectral_energy": {"dmean": 0.00624320283532, "dmean2": 0.00908992718905, "max": 0.155735373497, "dvar": 6.88361833454e-05, "mean": 0.0252972003073, "dvar2": 0.000134166475618, "min": 1.05045394666e-20, "var": 0.00044558668742, "med