{"tonal": {"chords_number_rate": 0.0016031350242, "thpcp": [1, 0.401245296001, 0.0936116725206, 0.0666280165315, 0.0669342502952, 0.0927366539836, 0.10812381655, 0.137969627976, 0.388447850943, 0.43826392293, 0.16132889688, 0.0520405396819, 0.0589014627039, 0.135098561645, 0.509660899639, 0.68047952652, 0.530149757862, 0.47002479434, 0.256803363562, 0.105487413704, 0.253629237413, 0.320510715246, 0.267835170031, 0.453140407801, 0.460675835609, 0.199160471559, 0.111965082586, 0.134697169065, 0.247135132551, 0.46937033534, 0.416672766209, 0.160673186183, 0.0802713036537, 0.0810156986117, 0.195879325271, 0.809487223625], "hpcp": {"dvar": [0.0397462435067, 0.0360792912543, 0.0286317057908, 0.0239905193448, 0.0216018855572, 0.0230848044157, 0.0349105969071, 0.0387750975788, 0.0284670945257, 0.023447509855, 0.0163829699159, 0.0149314729497, 0.0146021414548, 0.0127598261461, 0.0121063552797, 0.0185501445085, 0.019743623212, 0.0122434627265, 0.0105584915727, 0.0138173177838, 0.0225210152566, 0.0318351499736, 0.0366939418018, 0.0411377288401, 0.0558399483562, 0.0300784297287, 0.022367792204, 0.0212599635124, 0.0247359331697, 0.0300153512508, 0.0351271554828, 0.0353324078023, 0.0319857113063, 0.0326121598482, 0.0370943211019, 0.0376929529011], "mean": [0.179421544075, 0.159277364612, 0.0614189431071, 0.0306845139712, 0.0309690665454, 0.074876844883, 0.309434652328, 0.382260084152, 0.153380066156, 0.0357840061188, 0.0254692323506, 0.0255862921476, 0.0354495197535, 0.0413314178586, 0.0527402833104, 0.148488104343, 0.167530804873, 0.0616695955396, 0.0198930203915, 0.0225156787783, 0.0516427867115, 0.194823026657, 0.260120153427, 0.202655091882, 0.17967171967, 0.0981656759977, 0.04032362625, 0.0969523340464, 0.122518457472, 0.102382689714, 0.173217490315, 0.176097989082, 0.0761310979724, 0.0427997820079, 0.0514893494546, 0.094469897449], "min": [0, 0, 0, 0, 0, 0, 0, 0, 0, 0, 0, 0, 0, 0, 0, 0, 0, 0, 0, 0, 0, 0, 0, 0, 0, 0, 0, 0, 0, 0, 0, 0, 0, 0, 0, 0], "median": [0.0170288383961, 0.0174587145448, 0.0071333674714, 0.00132492440753, 0.00129330495838, 0.0241634827107, 0.172382310033, 0.216045230627, 0.0703997761011, 0.00149710581172, 0.000976003881078, 0.0018766168505, 0.00481337960809, 0.00598997436464, 0.0166195519269, 0.0673943459988, 0.0692033618689, 0.0184781234711, 0.00242849485949, 0.00233629113063, 0.00606550928205, 0.0225171353668, 0.0362264961004, 0.0297399424016, 0.00526982918382, 0.00281175854616, 0.0043917465955, 0.0213519595563, 0.0277910493314, 0.0241696294397, 0.0141863618046, 0.00966485589743, 0.00410351715982, 0.00210885331035, 0.00225573917851, 0.00488485675305], "dvar2": [0.106860131025, 0.0996252447367, 0.0821258872747, 0.0703342705965, 0.0634454041719, 0.0654132291675, 0.0894125625491, 0.0948248058558, 0.080601811409, 0.0662897676229, 0.0469466783106, 0.0426465086639, 0.0415177717805, 0.0330228023231, 0.0318611711264, 0.0481970272958, 0.0494490414858, 0.0342837870121, 0.030533535406, 0.0410324074328, 0.066078543663, 0.084950722754, 0.0920107066631, 0.110181026161, 0.150724768639, 0.0839888304472, 0.0638349279761, 0.0574805364013, 0.0637659206986, 0.0879711583257, 0.0945562571287, 0.0908884555101, 0.0932259336114, 0.0920654311776, 0.104605950415, 0.106704078615], "var": [0.103535495698, 0.0795791149139, 0.0237325374037, 0.0148794995621, 0.0138796493411, 0.0197538230568, 0.0975927263498, 0.141831129789, 0.0374587737024, 0.0156333055347, 0.0110270921141, 0.0112286861986, 0.0131857786328, 0.0148998647928, 0.0155053772032, 0.0464113429189, 0.0647654980421, 0.0155796147883, 0.00650219991803, 0.00835971906781, 0.0163738112897, 0.0913053452969, 0.140535250306, 0.0797439664602, 0.0870384499431, 0.0322501733899, 0.0163876786828, 0.0335195399821, 0.0525822453201, 0.0331690646708, 0.0914501771331, 0.104255855083, 0.0298130773008, 0.0221131406724, 0.0262025017291, 0.0416786149144], "dmean2": [0.158928543329, 0.163599520922, 0.122228391469, 0.0892889648676, 0.0896933451295, 0.140174686909, 0.223425716162, 0.209345519543, 0.179699480534, 0.100436963141, 0.0698210895061, 0.0630879178643, 0.0634787455201, 0.0620144121349, 0.0720031931996, 0.121897466481, 0.117464497685, 0.0754770189524, 0.0515360720456, 0.0618175268173, 0.11511643976, 0.170996561646, 0.171326160431, 0.223698675632, 0.225533261895, 0.151634007692, 0.0959307923913, 0.118347004056, 0.129105567932, 0.161321461201, 0.173810362816, 0.151911318302, 0.14394877851, 0.119914539158, 0.136681005359, 0.161631047726], "max": [1, 1, 1, 1, 1, 1, 1, 1, 1, 1, 1, 1, 1, 1, 1, 1, 1, 1, 1, 1, 1, 1, 1, 1, 1, 1, 1, 1, 1, 1, 1, 1, 1, 1, 1, 1], "dmean": [0.0908849239349, 0.0949840024114, 0.0677606165409, 0.0472232252359, 0.0475939586759, 0.0781515538692, 0.132710158825, 0.126119509339, 0.101516120136, 0.0534710437059, 0.0374072492123, 0.033688813448, 0.0350750423968, 0.0361284315586, 0.0418799184263, 0.0732897818089, 0.0711943134665, 0.0429187901318, 0.0276713389903, 0.032802131027, 0.062652297318, 0.0982401892543, 0.0990606769919, 0.127834811807, 0.125309631228, 0.0839846879244, 0.0520502664149, 0.0688468813896, 0.0750857070088, 0.0905808731914, 0.098145596683, 0.0848995819688, 0.0783889517188, 0.0642931088805, 0.0738055184484, 0.0897320732474]}, "key_strength": 0.651982009411, "chords_strength": {"dvar": 0.000407115090638, "mean": 0.499745517969, "min": -1, "median": 0.493190765381, "dvar2": 0.000744705379475, "var": 0.0146168097854, "dmean2": 0.0069471783936, "max": 0.798090279102, "dmean": 0.00783332251012}, "tuning_equal_tempered_deviation": 0.232632011175, "chords_key": "B", "tuning_frequency": 434.193115234, "chords_scale": "minor", "chords_changes_rate": 0.0404346287251, "key_scale": "minor", "tuning_diatonic_strength": 0.539185881615, "hpcp_entropy": {"dvar": 0.182061463594, "mean": 2.04171657562, "min": 0, "median": 2.10780906677, "dvar2": 0.482124835253, "var": 0.489681810141, "dmean2": 0.788797140121, "max": 4.16206264496, "dmean": 0.471991956234}, "chords_histogram": [11.66726017, 12.8785181046, 34.1823997498, 9.22693252563, 5.02315616608, 12.4332027435, 0.712504446507, 4.77377986908, 0, 2.65407919884, 0, 0, 0, 0, 0, 0, 0, 0, 0.516565740108, 0.124688282609, 5.09440660477, 0, 0.694691836834, 0.0178126115352], "tuning_nontempered_energy_ratio": 0.973155856133, "key_key": "E"}, "metadata": {"version": {"extractor": "music 1.0", "essentia_build_sha": "70f2e5ece6736b2c40cc944ad0e695b16b925413", "essentia": "2.1-beta2", "essentia_git_sha": "v2.1_beta2"}, "audio_properties": {"sample_rate": 44100, "length": 260.626678467, "lossless": true, "analysis_sample_rate": 44100, "downmix": "mix", "bit_rate": 0, "equal_loudness": 0, "md5_encoded": "6ddc053a13008844365b3022a399714a", "codec": "flac", "replay_gain": -9.73501968384}, "tags": {"disctotal": ["1"], "genre": ["Rock"], "releasecountry": ["US"], "musicbrainz_recordingid": ["7c154748-1ffc-4d9d-97a2-8cc843f7bbbe"], "language": ["eng"], "title": ["Townes"], "releasetype": ["album"], "discnumber": ["1"], "artistsort": ["Early Day Miners"], "musicbrainz_artistid": ["23442e8a-d8f8-4349-9555-6afabb6dffce"], "tracknumber": ["2"], "musicbrainz_albumartistid": ["23442e8a-d8f8-4349-9555-6afabb6dffce"], "totaltracks": ["9"], "tracktotal": ["9"], "date": ["2005-01-18"], "albumartistsort": ["Early Day Miners"], "musicbrainz_releasegroupid": ["1e756908-08fc-3704-afc9-f9083fff3dc4"], "musicip_puid": ["e7d2a4e8-68dd-cc56-7069-cc55a822f868"], "musicbrainz_albumid": ["5f68a3f6-8189-4131-a288-505c8b0671f9"], "albumartist": ["Early Day Miners"], "asin": ["B0006SNL34"], "script": ["Latn"], "originaldate": ["2005-01-18"], "file_name": "02. Townes.flac", "releasestatus": ["official"], "totaldiscs": ["1"], "album": ["All Harm Ends Here"], "artist": ["Early Day Miners"]}}, "lowlevel": {"melbands": {"dvar": [7.43024793337e-05, 3.20912695315e-05, 3.79761900149e-06, 1.45660260387e-06, 4.28075168202e-07, 1.75963279503e-07, 1.2131734195e-07, 9.19996452353e-08, 3.41056143327e-08, 1.14096714299e-08, 5.03176700306e-09, 6.55186926934e-09, 5.53788703783e-09, 2.23775842301e-09, 7.71817720846e-10, 3.44672318464e-10, 2.98365637752e-10, 2.99302888029e-10, 1.85880921766e-10, 9.77225106391e-11, 2.99108154911e-10, 1.33683814019e-10, 5.10785892749e-11, 1.52383973495e-11, 8.67513699765e-12, 9.29460067939e-12, 3.41688916744e-12, 8.8294640696e-12, 1.69445377868e-11, 1.99828261577e-11, 1.83126239867e-11, 4.20912003168e-12, 1.10695350455e-12, 4.61524752877e-13, 3.38587149854e-13, 2.23044659456e-13, 1.82012621663e-13, 1.98412710957e-13, 2.42458424215e-13, 3.46058712285e-13], "mean": [0.0052536977455, 0.00495891552418, 0.0017084563151, 0.00120188097935, 0.000836341350805, 0.000443884287961, 0.000286457507173, 0.000226717253099, 0.000201282236958, 0.000101299672679, 7.93506696937e-05, 7.52856794861e-05, 3.51577655238e-05, 3.19429382216e-05, 2.07243883779e-05, 1.48293911479e-05, 1.38223231261e-05, 1.36795297294e-05, 1.07138621388e-05, 8.72522014106e-06, 1.52455759235e-05, 9.74732120085e-06, 5.77054015594e-06, 3.02601642943e-06, 2.23510051001e-06, 1.9016765691e-06, 1.19285459732e-06, 1.29877048494e-06, 1.50632240548e-06, 1.2804881635e-06, 9.14261704565e-07, 6.91687432663e-07, 4.78655636016e-07, 3.44477342651e-07, 2.84915387283e-07, 2.51690721598e-07, 2.25081222993e-07, 2.08241473842e-07, 2.13049418107e-07, 2.12807790945e-07], "min": [1.47578964161e-24, 2.13967042615e-24, 2.04268609153e-24, 1.30857607743e-24, 3.4471004859e-24, 1.47592739645e-24, 8.17855537096e-25, 2.6944129947e-24, 2.0828144597e-24, 3.13070790112e-24, 1.76404858689e-24, 2.97129390332e-24, 2.02032799853e-24, 3.69391928593e-24, 4.4471504995e-24, 4.3715389706e-24, 3.75090541443e-24, 3.65190376525e-24, 4.44469280335e-24, 2.048595843e-24, 3.8745124241e-24, 4.59870921763e-24, 3.48255426156e-24, 3.9450038513e-24, 3.30113577767e-24, 3.76741982305e-24, 4.0534635483e-24, 3.86661750416e-24, 4.47834758172e-24, 4.428863126e-24, 5.26132437345e-24, 6.2528187961e-24, 5.43655483519e-24, 5.34606696733e-24, 5.79718930333e-24, 5.14791772972e-24, 5.17996835943e-24, 6.38015790672e-24, 4.4715590392e-24, 6.38638004711e-24], "median": [0.00254376605153, 0.00278103817254, 0.000867364462465, 0.000632663839497, 0.000551625154912, 0.00015621354396, 8.46702678245e-05, 7.71710256231e-05, 3.8407077227e-05, 1.92143052118e-05, 1.80248753168e-05, 1.34103784148e-05, 1.11910021587e-05, 6.82714653522e-06, 4.34987668996e-06, 3.64442166756e-06, 2.60790716311e-06, 2.24646510105e-06, 2.03097715712e-06, 1.68920132637e-06, 2.19260937229e-06, 1.73561738848e-06, 9.11075176191e-07, 6.1643254412e-07, 4.80227640764e-07, 3.50200537014e-07, 2.69859754098e-07, 2.10506186704e-07, 1.53771793521e-07, 1.33667057867e-07, 9.3884992225e-08, 6.77994265175e-08, 5.49446568243e-08, 4.37414442445e-08, 2.73692410957e-08, 2.92029707083e-08, 2.67693440748e-08, 2.69021960264e-08, 2.55250753867e-08, 1.95958982374e-08], "dvar2": [0.000156803725986, 8.728440298e-05, 1.0417793419e-05, 4.18292438553e-06, 1.22514575196e-06, 5.01735371472e-07, 3.000104698e-07, 1.82201830512e-07, 6.44370956593e-08, 2.60481591852e-08, 1.13018190362e-08, 1.55823922654e-08, 1.09099538292e-08, 4.76659423043e-09, 1.78371473147e-09, 8.40530145485e-10, 6.55840992625e-10, 6.93562096643e-10, 4.32332419864e-10, 2.37003000558e-10, 7.17002401895e-10, 3.32128630154e-10, 1.26946411716e-10, 3.61308656605e-11, 1.82528350073e-11, 2.27367846772e-11, 7.13370421762e-12, 2.22623829094e-11, 3.74762235134e-11, 4.54847895459e-11, 4.47181701391e-11, 1.0487637668e-11, 2.2781147628e-12, 1.00934733661e-12, 7.03893269626e-13, 4.61119369684e-13, 3.83563894622e-13, 4.4896240046e-13, 5.24059474202e-13, 7.42149018022e-13], "var": [0.000104780941911, 4.82094110339e-05, 5.88382545175e-06, 2.75838306152e-06, 1.01771604477e-06, 5.12143628839e-07, 2.84520012883e-07, 3.30076602495e-07, 1.97884432396e-07, 4.70275551834e-08, 2.72503655196e-08, 2.84101453474e-08, 1.23022170229e-08, 7.17340276069e-09, 2.11754280777e-09, 8.00333688211e-10, 1.44032041849e-09, 9.03153607457e-10, 5.42555778082e-10, 2.7159896554e-10, 1.12610620828e-09, 4.40584152495e-10, 1.62200974874e-10, 3.53544866993e-11, 2.38613712122e-11, 1.85508657047e-11, 6.69146248827e-12, 1.06404633368e-11, 3.32382593671e-11, 3.69433615643e-11, 2.15955968386e-11, 5.47824589511e-12, 1.86809530518e-12, 8.49446706551e-13, 6.04642854882e-13, 4.55219791983e-13, 3.37330695061e-13, 3.0818742198e-13, 4.14882266996e-13, 6.07236754369e-13], "dmean2": [0.00406283000484, 0.00435024127364, 0.00158341578208, 0.00101834081579, 0.000515085295774, 0.000348225032212, 0.000242292473558, 0.000137231967528, 0.000112818401249, 6.20900973445e-05, 4.62720236101e-05, 5.72852259211e-05, 3.20955150528e-05, 2.4921799195e-05, 1.51614922288e-05, 1.1603025996e-05, 1.01674941106e-05, 1.05390872704e-05, 8.58853945829e-06, 6.67304720992e-06, 1.07825317173e-05, 7.12555765858e-06, 4.45056457465e-06, 2.55221584666e-06, 1.65261417351e-06, 1.5883153992e-06, 1.04555169855e-06, 1.35053312533e-06, 1.50976018176e-06, 1.31451008656e-06, 9.37536299261e-07, 7.28792031168e-07, 4.52081934554e-07, 3.30092859713e-07, 2.86771609126e-07, 2.4360633688e-07, 2.38665677443e-07, 2.21021394964e-07, 2.24417661343e-07, 2.32671141021e-07], "max": [0.120525367558, 0.076301805675, 0.0360074155033, 0.0191111043096, 0.015421519056, 0.00917177181691, 0.00997198279947, 0.0172557532787, 0.00803201459348, 0.00405475310981, 0.00191263062879, 0.0022108622361, 0.00550952879712, 0.00265485886484, 0.00152151950169, 0.000500051653944, 0.000786721531767, 0.000506605079863, 0.000472146057291, 0.00020906739519, 0.000467797537567, 0.000356321863364, 0.000168441518326, 8.6197105702e-05, 8.56896585901e-05, 0.000101604033262, 4.34840039816e-05, 6.09976777923e-05, 0.000129071908304, 0.000174017288373, 0.000225837778999, 6.96099741617e-05, 2.90847583528e-05, 2.26698302868e-05, 1.05003982753e-05, 9.41459529713e-06, 9.24777486944e-06, 1.04449491118e-05, 1.31390161187e-05, 1.77678139153e-05], "dmean": [0.0027848915197, 0.00261598383076, 0.000932369439397, 0.000602266169153, 0.000319586368278, 0.000206009412068, 0.000147888466017, 9.07677458599e-05, 7.70997648942e-05, 4.15057547798e-05, 3.05178400595e-05, 3.59151927114e-05, 2.0475452402e-05, 1.58221100719e-05, 9.77829222393e-06, 7.45738680052e-06, 6.52917833577e-06, 6.70381541568e-06, 5.48254229216e-06, 4.22946141043e-06, 6.80087077853e-06, 4.44989382231e-06, 2.83518056676e-06, 1.61816524269e-06, 1.08541655663e-06, 1.02271565083e-06, 6.97277585004e-07, 8.69540087933e-07, 9.83356244433e-07, 8.71866461694e-07, 6.2970025283e-07, 4.81890026549e-07, 3.02210935388e-07, 2.20950113317e-07, 1.94161572153e-07, 1.63578192769e-07, 1.57610244855e-07, 1.46416681446e-07, 1.4983298513e-07, 1.55900266918e-07]}, "spectral_decrease": {"dvar": 7.94869415814e-17, "mean": -1.12696918464e-08, "min": -1.35161684511e-07, "median": -6.94700341697e-09, "dvar2": 1.75889223764e-16, "var": 1.6758174961e-16, "dmean2": 6.25194740422e-09, "max": 5.45146540265e-16, "dmean": 4.05361877398e-09}, "spectral_rolloff": {"dvar": 282552.71875, "mean": 522.397705078, "min": 64.599609375, "median": 279.931640625, "dvar2": 638966.5, "var": 2895101.5, "dmean2": 215.49331665, "max": 22050, "dmean": 125.334922791}, "melbands_crest": {"dvar": 7.00279808044, "mean": 16.9017105103, "min": 1.61241400242, "median": 16.6709671021, "dvar2": 17.6013889313, "var": 26.0224952698, "dmean2": 4.09181261063, "max": 35.3410987854, "dmean": 2.55279493332}, "barkbands_skewness": {"dvar": 0.78403377533, "mean": 3.06967949867, "min": -6.24996519089, "median": 2.61250114441, "dvar2": 1.7266587019, "var": 3.83000016212, "dmean2": 0.983790636063, "max": 23.1823348999, "dmean": 0.636074662209}, "spectral_centroid": {"dvar": 132984.59375, "mean": 595.171325684, "min": 109.966400146, "median": 442.570007324, "dvar2": 260484.078125, "var": 742665.875, "dmean2": 178.941970825, "max": 21775.546875, "dmean": 116.651557922}, "spectral_energyband_middle_low": {"dvar": 9.49961249717e-05, "mean": 0.0143642295152, "min": 1.31641788337e-22, "median": 0.00829290039837, "dvar2": 0.000242792040808, "var": 0.000260265514953, "dmean2": 0.00772193958983, "max": 0.182188630104, "dmean": 0.00475455448031}, "erbbands_crest": {"dvar": 3.39875149727, "mean": 9.30530643463, "min": 2.68305921555, "median": 8.54964065552, "dvar2": 8.46183776855, "var": 13.8764591217, "dmean2": 2.87346577644, "max": 33.8953323364, "dmean": 1.79725241661}, "dynamic_complexity": 4.83264446259, "spectral_energyband_low": {"dvar": 0.00102794496343, "mean": 0.0283841975033, "min": 2.02754039602e-23, "median": 0.0159290488809, "dvar2": 0.00229668966495, "var": 0.00169338495471, "dmean2": 0.0202583577484, "max": 0.487817168236, "dmean": 0.0131625384092}, "silence_rate_60dB": {"dvar": 0.00549288513139, "mean": 0.0508640669286, "min": 0, "median": 0, "dvar2": 0.0121730538085, "var": 0.048282276839, "dmean2": 0.0110477544367, "max": 1, "dmean": 0.00552338548005}, "erbbands_kurtosis": {"dvar": 2.97787022591, "mean": 2.00191783905, "min": -1.8616515398, "median": 0.628455519676, "dvar2": 6.9046754837, "var": 30.114440918, "dmean2": 1.63211679459, "max": 67.8375167847, "dmean": 1.03459322453}, "spectral_complexity": {"dvar": 7.71686315536, "mean": 11.8118648529, "min": 0, "median": 9, "dvar2": 14.0223083496, "var": 64.1144104004, "dmean2": 3.07947254181, "max": 49, "dmean": 2.02726054192}, "barkbands_crest": {"dvar": 4.7838845253, "mean": 13.1345596313, "min": 3.31409096718, "median": 12.4578142166, "dvar2": 11.3988428116, "var": 21.1152095795, "dmean2": 3.2763171196, "max": 26.011598587, "dmean": 2.05600214005}, "spectral_energy": {"dvar": 0.00115229689982, "mean": 0.0435005798936, "min": 1.01281488619e-20, "median": 0.0268048364669, "dvar2": 0.00254884874448, "var": 0.00246372865513, "dmean2": 0.0239024683833, "max": 0.514060735703, "dmean": 0.0155093157664}, "spectral_spread": {"dvar": 1215738544130.0, "mean": 3973917.5, "min": 977731.875, "median": 3486896, "dvar2": 2459880914940.0, "var": 10408448491500.0, "dmean2": 849500.125, "max": 54411076, "dmean": 584835.0625}, "spectral_contrast_valleys": {"dvar": [0.111168526113, 0.102546580136, 0.115001916885, 0.110930994153, 0.143165394664, 0.245058327913], "mean": [-6.72859621048, -7.14459943771, -8.04069042206, -8.67946720123, -8.95654773712, -11.439827919], "min": [-27.9753799438, -27.9949264526, -27.8091888428, -27.6460342407, -27.4953613281, -27.3969669342], "median": [-6.41463565826, -6.91814088821, -7.83474731445, -8.48936462402, -8.73871040344, -11.3793849945], "dvar2": [0.232072457671, 0.205062329769, 0.2138992697, 0.200801968575, 0.23520706594, 0.447121411562], "var": [3.00318217278, 3.40637135506, 3.5618584156, 3.5431163311, 3.46019434929, 2.83843874931], "dmean2": [0.5083527565, 0.495054662228, 0.470611929893, 0.414346843958, 0.367747873068, 0.419527471066], "max": [-4.60787963867, -4.44724464417, -5.16859674454, -5.99205875397, -6.20232105255, -8.22606182098], "dmean": [0.311406344175, 0.305106014013, 0.296783000231, 0.264799267054, 0.261049240828, 0.329151362181]}, "spectral_rms": {"dvar": 2.27615396398e-06, "mean": 0.00571591220796, "min": 3.14342497344e-12, "median": 0.00511381030083, "dvar2": 4.64231698061e-06, "var": 9.76792580332e-06, "dmean2": 0.00138069468085, "max": 0.0223947018385, "dmean": 0.000913955562282}, "barkbands_spread": {"dvar": 24.6575889587, "mean": 8.19544410706, "min": 0.249818444252, "median": 5.87595653534, "dvar2": 51.5603942871, "var": 88.7351303101, "dmean2": 3.66259980202, "max": 148.858734131, "dmean": 2.42460727692}, "pitch_salience": {"dvar": 0.00412097387016, "mean": 0.489077597857, "min": 1.64454686455e-05, "median": 0.499003350735, "dvar2": 0.0100642368197, "var": 0.0191223789006, "dmean2": 0.101623892784, "max": 0.975347936153, "dmean": 0.0636512935162}, "erbbands_skewness": {"dvar": 0.0994294732809, "mean": 0.980903089046, "min": -4.38165521622, "median": 0.926793694496, "dvar2": 0.21837323904, "var": 0.73891800642, "dmean2": 0.442686349154, "max": 6.9049911499, "dmean": 0.28464782238}, "spectral_energyband_middle_high": {"dvar": 1.37916333642e-06, "mean": 0.00191710866056, "min": 1.21625953376e-21, "median": 0.000572639575694, "dvar2": 2.86438421426e-06, "var": 8.77797356225e-06, "dmean2": 0.000835775572341, "max": 0.0398647673428, "dmean": 0.000569860101677}, "erbbands": {"dvar": [1.07570886612, 41.9422645569, 98.5094223022, 84.3487548828, 436.816070557, 324.899047852, 318.349456787, 378.295684814, 566.17791748, 895.032165527, 634.909057617, 315.10824585, 198.889984131, 339.821868896, 423.82824707, 164.066452026, 91.0455245972, 75.2997589111, 113.516113281, 56.3527603149, 147.786239624, 68.0543441772, 17.6733875275, 11.327539444, 9.52274227142, 13.8327713013, 38.961971283, 36.9776611328, 8.98157691956, 1.80071508884, 0.873013615608, 0.448985606432, 0.389299213886, 0.407030761242, 0.15892586112, 0.0205112863332, 0.00219569122419, 0.000140060525155, 2.01761326935e-06, 9.04504293686e-09], "mean": [0.598811268806, 4.00825214386, 8.71087265015, 8.62380981445, 13.4925107956, 20.756685257, 22.3553619385, 19.722864151, 18.4828033447, 21.5014038086, 26.543548584, 16.740737915, 15.9503383636, 17.9971504211, 10.5380601883, 10.8193302155, 7.54530286789, 7.63292598724, 8.91789531708, 6.71448278427, 11.7445859909, 8.51527023315, 4.30934286118, 2.9088537693, 2.18409562111, 1.96592748165, 2.37740159035, 1.71482217312, 1.14618825912, 0.694977998734, 0.493518561125, 0.378659635782, 0.302601486444, 0.252724349499, 0.136394679546, 0.0493177175522, 0.0145766306669, 0.00315943080932, 0.000392717163777, 7.04346239218e-05], "min": [1.41440564117e-22, 6.71576852365e-22, 2.79724573898e-21, 1.04702381284e-20, 1.64425572758e-20, 3.33039490538e-20, 1.01842354233e-19, 9.19519172073e-20, 6.42294371914e-20, 3.41559702879e-19, 2.61367773666e-19, 6.77505537735e-19, 4.37370249623e-19, 7.70529752435e-19, 6.58952652077e-19, 1.08759733531e-18, 1.91529348818e-18, 2.16064931993e-18, 2.65570554281e-18, 2.90803264597e-18, 4.07648626578e-18, 4.5642874943e-18, 4.98592544075e-18, 6.51121547103e-18, 7.96971480274e-18, 7.58532562645e-18, 8.64068401098e-18, 9.37037973398e-18, 1.21880224253e-17, 1.00873310853e-17, 1.20101273084e-17, 8.6757970008e-18, 8.78287553109e-18, 7.62800235579e-18, 6.07426434348e-18, 3.81634499416e-18, 2.41009886854e-18, 1.06187853231e-18, 2.52453403301e-19, 3.00521502006e-20], "median": [0.28338766098, 1.95274829865, 4.42043495178, 4.38947200775, 5.12741088867, 12.4765672684, 13.9721260071, 6.57670450211, 5.14155912399, 7.36275434494, 5.76596546173, 3.05311489105, 3.63351583481, 3.39797496796, 3.29162549973, 2.31839036942, 1.83904838562, 1.6583545208, 1.56987500191, 1.45708346367, 1.90185785294, 1.69091796875, 0.871524691582, 0.647628068924, 0.463988006115, 0.36245188117, 0.255732774734, 0.19355648756, 0.122707128525, 0.0879911184311, 0.0533446334302, 0.0500654652715, 0.0410048142076, 0.0263602677733, 0.0130216255784, 0.00366402696818, 0.0010979284998, 0.000260007800534, 6.30568392808e-05, 4.05333412345e-05], "dvar2": [2.16388249397, 103.681373596, 294.553283691, 242.29927063, 1182.15893555, 984.148010254, 871.06451416, 1058.3572998, 1404.9407959, 1784.53149414, 1150.77392578, 722.027954102, 449.789520264, 799.18145752, 843.621643066, 377.170257568, 216.158462524, 166.31072998, 261.918029785, 133.295120239, 350.605010986, 165.700027466, 41.7610855103, 23.264377594, 20.871465683, 32.9284553528, 83.1927871704, 80.3918685913, 20.9464054108, 3.74294805527, 1.75872695446, 0.906647086143, 0.845386683941, 0.866706550121, 0.37184625864, 0.0501043125987, 0.00544746872038, 0.000343867781339, 5.03621731696e-06, 2.19758415909e-08], "var": [1.56545960903, 49.8232574463, 162.417861938, 144.630477905, 563.417663574, 693.219665527, 842.345336914, 1107.59472656, 1283.27514648, 2690.16357422, 3812.06811523, 1249.65612793, 1081.77148438, 1540.48535156, 968.063232422, 538.472045898, 232.298919678, 336.476470947, 369.516113281, 159.870452881, 597.917297363, 288.793029785, 64.7662811279, 35.2258911133, 21.1096954346, 20.4264278412, 86.698677063, 60.7844352722, 13.421877861, 3.45041847229, 1.70647644997, 0.92189258337, 0.660365343094, 0.729170084, 0.241401150823, 0.0252163894475, 0.00244355713949, 0.000156574606081, 2.11136307371e-06, 1.14705791532e-08], "dmean2": [0.457010120153, 3.6015663147, 8.42346477509, 7.98817062378, 14.4528827667, 16.0382404327, 13.4365940094, 15.6544427872, 16.3258399963, 12.9494571686, 14.6632213593, 9.91306018829, 9.02706432343, 13.1025657654, 8.5905418396, 7.43950939178, 5.50567054749, 5.31856775284, 6.58711862564, 4.96247911453, 7.78488349915, 5.31682729721, 2.86824607849, 1.94651913643, 1.68170583248, 1.78922784328, 2.19158816338, 1.61565291882, 1.10016977787, 0.625238239765, 0.465668320656, 0.367237180471, 0.301597803831, 0.264496922493, 0.151320889592, 0.0689132735133, 0.0222165901214, 0.00490678660572, 0.000596346799284, 5.53080717509e-05], "max": [13.4462223053, 107.362297058, 159.386672974, 161.808502197, 432.662750244, 365.759765625, 448.680053711, 408.624298096, 668.258789062, 1877.71020508, 1233.2364502, 747.507568359, 385.235137939, 501.548828125, 1398.40319824, 436.831298828, 379.658203125, 344.47253418, 349.270019531, 169.937347412, 323.160827637, 238.130905151, 101.802055359, 88.4610290527, 80.8034133911, 68.3392944336, 202.906906128, 293.635437012, 88.0188369751, 45.7827758789, 15.1678161621, 13.0957489014, 14.4062252045, 18.4843463898, 15.0612411499, 3.29866313934, 1.18885684013, 0.403504401445, 0.0378520339727, 0.00251889554784], "dmean": [0.320948541164, 2.30839896202, 4.91095972061, 4.66163682938, 8.58628082275, 9.5023431778, 8.52299308777, 9.27140140533, 9.896484375, 8.7294254303, 10.1043224335, 6.63709402084, 5.97292041779, 8.26715373993, 5.52954721451, 4.78764533997, 3.52364730835, 3.44276309013, 4.22072172165, 3.170181036, 4.95999479294, 3.42577433586, 1.87169492245, 1.30592918396, 1.13043224812, 1.19375121593, 1.48410356045, 1.1040930748, 0.750687360764, 0.427346110344, 0.319224923849, 0.249381110072, 0.204598128796, 0.179099604487, 0.100051209331, 0.0435765199363, 0.0137760713696, 0.00303820124827, 0.000363108614692, 3.51200615114e-05]}, "dissonance": {"dvar": 0.000504870375153, "mean": 0.436812609434, "min": 0, "median": 0.446782529354, "dvar2": 0.00132471730467, "var": 0.00185905187391, "dmean2": 0.038235142827, "max": 0.500000059605, "dmean": 0.023007877171}, "erbbands_flatness_db": {"dvar": 0.000411235116189, "mean": 0.172664657235, "min": 0.038818590343, "median": 0.168940484524, "dvar2": 0.000793954415713, "var": 0.0028327817563, "dmean2": 0.0213914792985, "max": 0.770058274269, "dmean": 0.0152952186763}, "melbands_kurtosis": {"dvar": 613.439208984, "mean": 31.1755905151, "min": -1.80806624889, "median": 18.6169986725, "dvar2": 1377.08654785, "var": 1638.3828125, "dmean2": 18.5210647583, "max": 569.907287598, "dmean": 11.8773784637}, "melbands_spread": {"dvar": 29.1469707489, "mean": 7.22666358948, "min": 0.252533614635, "median": 5.11971092224, "dvar2": 59.7405853271, "var": 119.708976746, "dmean2": 3.26870155334, "max": 205.903045654, "dmean": 2.09429645538}, "melbands_skewness": {"dvar": 0.866191804409, "mean": 3.66625189781, "min": -0.912967920303, "median": 3.26001167297, "dvar2": 2.00223040581, "var": 3.63410830498, "dmean2": 1.14353013039, "max": 19.6631546021, "dmean": 0.725089490414}, "spectral_entropy": {"dvar": 0.0551838390529, "mean": 6.81433582306, "min": 4.53127479553, "median": 6.82184648514, "dvar2": 0.110487900674, "var": 0.457056611776, "dmean2": 0.264152884483, "max": 9.81770420074, "dmean": 0.181506350636}, "zerocrossingrate": {"dvar": 0.000118081821711, "mean": 0.0263943281025, "min": 0.001953125, "median": 0.0185546875, "dvar2": 0.000119811207696, "var": 0.00266285194084, "dmean2": 0.00681918859482, "max": 0.99951171875, "dmean": 0.00558846024796}, "average_loudness": 0.675663292408, "spectral_contrast_coeffs": {"dvar": [0.00132988672704, 0.00101526931394, 0.000588520197198, 0.00037626028643, 0.000318243139191, 0.000312519317959], "mean": [-0.661599457264, -0.713767409325, -0.775642812252, -0.806936204433, -0.799875438213, -0.800900936127], "min": [-0.974031746387, -0.998915374279, -0.998079061508, -0.985606789589, -0.986246526241, -0.963474690914], "median": [-0.667342782021, -0.715643167496, -0.77715754509, -0.809940814972, -0.801684379578, -0.800020635128], "dvar2": [0.003609795589, 0.00268105138093, 0.00153631495778, 0.000978653435595, 0.000720140698832, 0.000738686881959], "var": [0.00576564250514, 0.00480858702213, 0.00328609906137, 0.00238251173869, 0.00277653848752, 0.0023645486217], "dmean2": [0.0693145990372, 0.0624552667141, 0.0484517030418, 0.0388021320105, 0.0307594127953, 0.0246961731464], "max": [-0.31799313426, -0.394591271877, -0.51566952467, -0.590201497078, -0.606294393539, -0.564524412155], "dmean": [0.0415000207722, 0.0377397760749, 0.0298404376954, 0.0233907606453, 0.0190742872655, 0.0153957810253]}, "barkbands_flatness_db": {"dvar": 0.000623573956545, "mean": 0.231158465147, "min": 0.0333962440491, "median": 0.22442600131, "dvar2": 0.00122714694589, "var": 0.00604993849993, "dmean2": 0.0311053358018, "max": 0.51742708683, "dmean": 0.0216046012938}, "silence_rate_30dB": {"dvar": 0.0548674948514, "mean": 0.905843555927, "min": 0, "median": 1, "dvar2": 0.1170347929, "var": 0.0852914899588, "dmean2": 0.11653599143, "max": 1, "dmean": 0.0582628063858}, "spectral_energyband_high": {"dvar": 9.41222069173e-08, "mean": 0.000174293396412, "min": 7.12867886969e-21, "median": 2.71911048912e-05, "dvar2": 1.8617883768e-07, "var": 2.12968387814e-07, "dmean2": 0.000142181728734, "max": 0.00658309599385, "dmean": 0.000102353958937}, "melbands_flatness_db": {"dvar": 0.000954830728006, "mean": 0.345469295979, "min": 0.000867486698553, "median": 0.33899140358, "dvar2": 0.00187522091437, "var": 0.00953205488622, "dmean2": 0.0366896577179, "max": 0.672123253345, "dmean": 0.0255841761827}, "barkbands": {"dvar": [1.62855917551e-06, 0.000866245129146, 7.00570089975e-05, 2.20025322051e-05, 2.50792509178e-05, 4.21767299486e-06, 2.88098794954e-06, 1.57543411206e-06, 5.64768413369e-07, 2.94810263313e-07, 2.32727870753e-07, 1.41545243082e-07, 4.54271109618e-08, 3.00075591042e-08, 3.94738464138e-08, 3.14256780598e-08, 5.26836565484e-08, 5.57110135802e-09, 4.28472368696e-09, 6.8100893813e-09, 2.04978487517e-08, 5.66991875672e-09, 1.03725272815e-09, 1.10347664339e-09, 3.0198326062e-09, 7.76008035608e-10, 8.04699570867e-11], "mean": [0.000940010766499, 0.0191082563251, 0.00704919360578, 0.00284960190766, 0.00564519036561, 0.00255251256749, 0.00134327181149, 0.00110652530566, 0.000739894807339, 0.000557564839255, 0.000221299400437, 0.000277447485132, 0.000148687278852, 0.000140449876199, 0.000164520810358, 0.000164851226145, 0.000189081241842, 6.17632686044e-05, 4.96735738125e-05, 3.95554707211e-05, 5.29679236934e-05, 3.03843062284e-05, 1.77794008778e-05, 1.78769223567e-05, 2.08844539884e-05, 8.95932225831e-06, 2.37163044403e-06], "min": [4.89718440466e-25, 3.49786723503e-24, 1.97390668971e-24, 1.53061093857e-24, 1.23570264529e-23, 6.97658566044e-24, 4.636767812e-24, 5.75226959123e-24, 2.00529073196e-23, 1.53626685433e-23, 1.42120896695e-23, 1.18398310996e-23, 4.38831898869e-23, 4.27444470821e-23, 5.19998996475e-23, 3.60004562707e-23, 7.48277103982e-23, 9.45320547937e-23, 1.01702308173e-22, 1.52812770305e-22, 2.63786200977e-22, 3.12350270594e-22, 4.4768722225e-22, 6.23384191084e-22, 9.21715784925e-22, 1.25815918023e-21, 1.96617640819e-21], "median": [0.000258159125224, 0.00930445641279, 0.00319334259257, 0.00105171301402, 0.00331741245463, 0.00111591489986, 0.000415362854255, 0.000260774279013, 0.000145861209603, 9.47112566791e-05, 6.5426902438e-05, 5.84267036174e-05, 3.53234936483e-05, 2.72675933957e-05, 3.12617121381e-05, 2.81742904917e-05, 2.91277574433e-05, 1.3832554032e-05, 9.71609551925e-06, 7.34353716325e-06, 5.91620664636e-06, 3.24415736941e-06, 1.99789337785e-06, 2.56486168837e-06, 2.1278190161e-06, 6.49538435482e-07, 3.01343220599e-07], "dvar2": [3.84272834708e-06, 0.0019207514124, 0.000219087582082, 5.93040022068e-05, 7.1538692282e-05, 1.18983107313e-05, 6.40773578198e-06, 2.84290968011e-06, 1.27240502934e-06, 6.97210282397e-07, 4.53842858406e-07, 3.084610114e-07, 1.03986025124e-07, 6.53595364497e-08, 9.1131873603e-08, 7.48267723338e-08, 1.29288650896e-07, 1.30335280346e-08, 9.48873069007e-09, 1.67296256848e-08, 4.09515799049e-08, 1.31769839484e-08, 2.08044226291e-09, 2.32223840158e-09, 6.6452150449e-09, 1.91223681334e-09, 2.01353045348e-10], "var": [2.4827688776e-06, 0.00119248789269, 0.000115327478852, 2.82460387098e-05, 5.06035939907e-05, 1.34028696266e-05, 7.10825679562e-06, 8.94151799002e-06, 2.49489062298e-06, 1.39100325214e-06, 5.44013118997e-07, 4.40691053427e-07, 1.01765053273e-07, 1.25136807583e-07, 1.24821312397e-07, 1.04972066595e-07, 1.85609138725e-07, 1.38522784354e-08, 1.11059401675e-08, 9.01135877029e-09, 4.87733586851e-08, 8.38299651917e-09, 2.11685624585e-09, 2.04555394845e-09, 5.16730924716e-09, 8.84903594844e-10, 8.44847178327e-11], "dmean2": [0.000680654426105, 0.0151591785252, 0.00727393571287, 0.00327164120972, 0.00426283665001, 0.00180537195411, 0.000946986954659, 0.000673789065331, 0.000452338368632, 0.000390473374864, 0.000216918226215, 0.000207057310035, 0.000119728203572, 0.000102421916381, 0.000130022875965, 0.000119544696645, 0.00013521744404, 4.84273405164e-05, 3.68237742805e-05, 3.88867192669e-05, 4.65754274046e-05, 2.85709847958e-05, 1.65173660207e-05, 1.73255721165e-05, 2.18559871428e-05, 1.32894556373e-05, 3.73423836209e-06], "max": [0.0233547501266, 0.457666009665, 0.134759411216, 0.085938051343, 0.104157216847, 0.050310574472, 0.0700371712446, 0.0653046146035, 0.0267181713134, 0.0150597803295, 0.0344450809062, 0.0210413895547, 0.00771397165954, 0.00660611735657, 0.0059270048514, 0.00413740379736, 0.00732219684869, 0.00181633466855, 0.00163134757895, 0.00162970763631, 0.00515725882724, 0.00272645545192, 0.000518936547451, 0.000686970714014, 0.00192648114171, 0.000791209458839, 0.00025171256857], "dmean": [0.000447429192718, 0.010106750764, 0.0041828462854, 0.00192470953334, 0.00255816057324, 0.00108330440708, 0.00062384683406, 0.00045422828407, 0.000302949483739, 0.00024636631133, 0.000138197487104, 0.000132556131575, 7.65683798818e-05, 6.60206496832e-05, 8.30337448861e-05, 7.59951071814e-05, 8.52719094837e-05, 3.12227311952e-05, 2.45107148658e-05, 2.54278111242e-05, 3.19733517244e-05, 1.94029726117e-05, 1.13791120384e-05, 1.18401185318e-05, 1.47489126903e-05, 8.29487271403e-06, 2.25564144785e-06]}, "erbbands_spread": {"dvar": 98.7824020386, "mean": 33.2577590942, "min": 0.339733302593, "median": 29.5928497314, "dvar2": 230.507278442, "var": 377.330657959, "dmean2": 9.80816459656, "max": 255.245040894, "dmean": 6.40388631821}, "barkbands_kurtosis": {"dvar": 449.967926025, "mean": 21.0927066803, "min": -1.98700928688, "median": 10.7726097107, "dvar2": 1029.53808594, "var": 1379.79650879, "dmean2": 12.3305435181, "max": 870.802612305, "dmean": 7.93867826462}, "spectral_flux": {"dvar": 0.00212111859582, "mean": 0.0722064301372, "min": 6.54548706902e-11, "median": 0.0530307516456, "dvar2": 0.00505473418161, "var": 0.00483593298122, "dmean2": 0.0426885187626, "max": 0.575176715851, "dmean": 0.0268825031817}, "silence_rate_20dB": {"dvar": 0.00124578713439, "mean": 0.999376475811, "min": 0, "median": 1, "dvar2": 0.00373589107767, "var": 0.000623196712695, "dmean2": 0.00249465438537, "max": 1, "dmean": 0.00124721601605}, "gfcc": {"cov": [[20622.9785156, 409.015777588, -3529.02099609, 500.583831787, -988.133117676, 353.771057129, -530.819580078, 196.064880371, -286.34161377, 149.855392456, -7.00707769394, 55.6887931824, 101.14969635], [409.015777588, 1720.67871094, -408.471862793, -344.594268799, 403.363037109, -238.890289307, 93.1665496826, -51.5309410095, 183.538665771, -222.378753662, 90.975982666, -75.7949905396, 65.8430099487], [-3529.02099609, -408.471862793, 1364.30505371, 34.875377655, 40.0893821716, 142.352890015, 79.900604248, 5.22845411301, -2.6508295536, 67.6071090698, -30.3999214172, 39.2115821838, -63.7009010315], [500.583831787, -344.594268799, 34.875377655, 352.928924561, -90.7589111328, 90.9295425415, 22.8905715942, 20.4337005615, -43.1826629639, 63.740032196, 1.3879326582, -16.7491054535, 5.51396036148], [-988.133117676, 403.363037109, 40.0893821716, -90.7589111328, 373.762390137, -60.2658576965, 81.0242843628, 15.6798496246, 93.116355896, -51.4895591736, 38.5908927917, -17.4224224091, 6.29319858551], [353.771057129, -238.890289307, 142.352890015, 90.9295425415, -60.2658576965, 211.289459229, 32.3026771545, 25.8032817841, -15.3840475082, 57.5610084534, 6.40829086304, 21.1055183411, -1.28239953518], [-530.819580078, 93.1665496826, 79.900604248, 22.8905715942, 81.0242843628, 32.3026771545, 190.234924316, 20.6511116028, 22.0871181488, 13.2655467987, 26.8369369507, -14.772526741, 6.82199478149], [196.064880371, -51.5309410095, 5.22845411301, 20.4337005615, 15.6798496246, 25.8032817841, 20.6511116028, 93.5991210938, 26.7316951752, 11.6306037903, 6.97881269455, 1.94412481785, -7.06730985641], [-286.34161377, 183.538665771, -2.6508295536, -43.1826629639, 93.116355896, -15.3840475082, 22.0871181488, 26.7316951752, 115.530387878, -9.78361320496, 23.4994373322, -7.32240247726, -2.22982001305], [149.855392456, -222.378753662, 67.6071090698, 63.740032196, -51.4895591736, 57.5610084534, 13.2655467987, 11.6306037903, -9.78361320496, 125.593208313, 16.6091213226, 16.9687156677, -11.2612371445], [-7.00707769394, 90.975982666, -30.3999214172, 1.3879326582, 38.5908927917, 6.40829086304, 26.8369369507, 6.97881269455, 23.4994373322, 16.6091213226, 80.1851654053, 20.2761230469, 6.40782213211], [55.6887931824, -75.7949905396, 39.2115821838, -16.7491054535, -17.4224224091, 21.1055183411, -14.772526741, 1.94412481785, -7.32240247726, 16.9687156677, 20.2761230469, 77.7764511108, 24.1331119537], [101.14969635, 65.8430099487, -63.7009010315, 5.51396036148, 6.29319858551, -1.28239953518, 6.82199478149, -7.06730985641, -2.22982001305, -11.2612371445, 6.40782213211, 24.1331119537, 80.6247558594]], "mean": [-74.33984375, 140.406051636, -70.4779434204, 24.763885498, -35.8895492554, 7.55736255646, -30.0052604675, 6.96273183823, -15.2913141251, -0.627536773682, -12.3825035095, 0.894697844982, -3.00100255013], "icov": [[0.000255456950981, -0.000528559554368, 0.000659855024423, -0.0004486173857, 0.000462397525553, -0.000836076913401, 0.000563993235119, -0.000839614134748, 0.000683076155838, -0.000648997724056, 0.000705419341102, -0.000837662315462, 0.000615392578766], [-0.000528559554368, 0.00272888597101, -0.00112521299161, 0.00187551369891, -0.0015826044837, 0.00214067474008, -0.00163793109823, 0.00266938586719, -0.00264724274166, 0.00294569460675, -0.00319222942926, 0.00340558681637, -0.00248002889566], [0.000659855024423, -0.00112521299161, 0.00266688968986, -0.00107553193811, 0.000814662489574, -0.00262135802768, 0.000968197244219, -0.00170562707353, 0.00150766933803, -0.00167572475038, 0.00245292857289, -0.00290695740841, 0.00241782306693], [-0.0004486173857, 0.00187551369891, -0.00107553193811, 0.00516727380455, -0.000645610329229, 0.000611745286733, -0.00138403463643, 0.00115019700024, -0.000686450919602, 0.000745642464608, -0.00293386378326, 0.00466104131192, -0.00297077326104], [0.000462397525553, -0.0015826044837, 0.000814662489574, -0.000645610329229, 0.00531957997009, -0.000806764641311, -0.000211139355088, -0.00203648395836, -0.000656415824778, -0.000527340860572, 0.000479707028717, -0.00141661369707, 0.00110554206185], [-0.000836076913401, 0.00214067474008, -0.00262135802768, 0.000611745286733, -0.000806764641311, 0.00949072372168, -0.0029730910901, 0.0016803375911, -0.00248782639392, 0.00108133687172, -0.00277935550548, 0.00178376934491, -0.0024302478414], [0.000563993235119, -0.00163793109823, 0.000968197244219, -0.00138403463643, -0.000211139355088, -0.0029730910901, 0.00828614737839, -0.00312748434953, 0.00224855891429, -0.00255998736247, -9.85173537629e-05, 0.000397254189011, 7.71446939325e-05], [-0.000839614134748, 0.00266938586719, -0.00170562707353, 0.00115019700024, -0.00203648395836, 0.0016803375911, -0.00312748434953, 0.0158394053578, -0.0062798303552, 0.00278252852149, -0.00245701777749, 0.00214367