{"tonal": {"chords_number_rate": 0.00198735320009, "thpcp": [1, 0.645619630814, 0.203115716577, 0.156549587846, 0.162659347057, 0.262368410826, 0.351146787405, 0.277307361364, 0.186227336526, 0.19132886827, 0.222165420651, 0.472502201796, 0.839148759842, 0.684998095036, 0.450436085463, 0.475325226784, 0.32432448864, 0.177219465375, 0.147642672062, 0.145305246115, 0.284739732742, 0.621824800968, 0.587006270885, 0.309021949768, 0.278068572283, 0.231057211757, 0.288944631815, 0.563998401165, 0.503941118717, 0.222927957773, 0.146456062794, 0.121842890978, 0.19951634109, 0.397522717714, 0.388592809439, 0.607410848141], "hpcp": {"dvar": [0.0298448354006, 0.0276944823563, 0.0231211874634, 0.0258527845144, 0.0307001825422, 0.0347415655851, 0.0524390935898, 0.0444794818759, 0.0402985475957, 0.0418579317629, 0.0305726584047, 0.0259603336453, 0.0208849832416, 0.0227829888463, 0.026347246021, 0.0422793738544, 0.0429012328386, 0.0344529598951, 0.0380622260273, 0.0306667368859, 0.02849817276, 0.0451281927526, 0.0361580103636, 0.0245286393911, 0.0202413648367, 0.0187802091241, 0.018753118813, 0.0294046346098, 0.031796541065, 0.0375670604408, 0.054290600121, 0.0357270985842, 0.0286979470402, 0.0254759304225, 0.0242270603776, 0.0278447922319], "mean": [0.111196927726, 0.0878143534064, 0.0589722283185, 0.0605877190828, 0.07035266608, 0.149626299739, 0.2657315135, 0.216916933656, 0.142638668418, 0.150520265102, 0.102703168988, 0.0561197251081, 0.0467537008226, 0.0460135117173, 0.0901679471135, 0.196911990643, 0.185886070132, 0.0978573411703, 0.0880554020405, 0.0731684118509, 0.0914994999766, 0.178600206971, 0.15958198905, 0.0705941393971, 0.0463779419661, 0.0385837368667, 0.0631804317236, 0.125882700086, 0.123054884374, 0.192347541451, 0.316667944193, 0.204447045922, 0.0643202364445, 0.0495742373168, 0.051509000361, 0.0830836668611], "min": [0, 0, 0, 0, 0, 0, 0, 0, 0, 0, 0, 0, 0, 0, 0, 0, 0, 0, 0, 0, 0, 0, 0, 0, 0, 0, 0, 0, 0, 0, 0, 0, 0, 0, 0, 0], "median": [0.0190152823925, 0.0149290347472, 0.00984598137438, 0.00823064800352, 0.0106398556381, 0.0428289063275, 0.0771128535271, 0.0679617747664, 0.0345181487501, 0.0131514081731, 0.0100337769836, 0.00747301941738, 0.00561603857204, 0.00659141410142, 0.0211225710809, 0.0419050380588, 0.0367883630097, 0.0230243988335, 0.012395048514, 0.0104096373543, 0.0165506787598, 0.0199909992516, 0.0189007204026, 0.012915388681, 0.00609476584941, 0.00374240940437, 0.0103261163458, 0.0177011713386, 0.0201910212636, 0.0722985491157, 0.0863705351949, 0.062413059175, 0.0146419210359, 0.00869795400649, 0.00912194047123, 0.014442528598], "dvar2": [0.0745861828327, 0.0727895125747, 0.0609181821346, 0.0686643719673, 0.0845776870847, 0.0903668925166, 0.119243226945, 0.108491882682, 0.106869213283, 0.102783150971, 0.0806957930326, 0.0701902136207, 0.0570610165596, 0.0630584657192, 0.0690009668469, 0.0940592810512, 0.0966264158487, 0.0942102149129, 0.0999419763684, 0.0833404734731, 0.0749673843384, 0.0991085320711, 0.0804443135858, 0.0661993175745, 0.0558238551021, 0.0528515987098, 0.0518304146826, 0.0709959566593, 0.0801676809788, 0.0987943410873, 0.114070028067, 0.0880327522755, 0.0795547664165, 0.071050144732, 0.0665489807725, 0.0737159177661], "var": [0.0502816811204, 0.0317216962576, 0.0209813676775, 0.0225688666105, 0.0254810340703, 0.0482726171613, 0.12424069643, 0.0852119624615, 0.0519032105803, 0.088168643415, 0.0420688055456, 0.0214835815132, 0.0161570888013, 0.0167149454355, 0.0268144402653, 0.094309464097, 0.0913610085845, 0.0334492586553, 0.0404574461281, 0.0285412389785, 0.0293556917459, 0.0972062647343, 0.0795943886042, 0.0242641549557, 0.0166216641665, 0.0141884507611, 0.0182252693921, 0.0652794837952, 0.056135032326, 0.056660797447, 0.154226660728, 0.0667531192303, 0.0217206124216, 0.0174921713769, 0.0173081289977, 0.0312385838479], "dmean2": [0.147110506892, 0.141892790794, 0.117868028581, 0.126976728439, 0.154367446899, 0.200638964772, 0.250839710236, 0.242789044976, 0.214154839516, 0.179447680712, 0.151894435287, 0.119045004249, 0.103881515563, 0.108265571296, 0.150379374623, 0.200270548463, 0.202162533998, 0.172507971525, 0.159893885255, 0.142821088433, 0.153231576085, 0.185252979398, 0.171549797058, 0.12351205945, 0.0968412458897, 0.0853218436241, 0.105150811374, 0.139198601246, 0.164873346686, 0.219665974379, 0.23452205956, 0.210193887353, 0.140029609203, 0.116253465414, 0.119808264077, 0.139159291983], "max": [1, 1, 1, 1, 1, 1, 1, 1, 1, 1, 1, 1, 1, 1, 1, 1, 1, 1, 1, 1, 1, 1, 1, 1, 1, 1, 1, 1, 1, 1, 1, 1, 1, 1, 1, 1], "dmean": [0.0858863443136, 0.0815033763647, 0.067250944674, 0.0712419375777, 0.0863035321236, 0.117250986397, 0.147285208106, 0.143974363804, 0.123407453299, 0.101734012365, 0.0864616334438, 0.0665688067675, 0.0572933852673, 0.0597537755966, 0.0868294835091, 0.120777316391, 0.119606308639, 0.097455739975, 0.0894921496511, 0.0807034894824, 0.0871740505099, 0.110437303782, 0.102244995534, 0.0709949433804, 0.0542153045535, 0.047544695437, 0.0593269392848, 0.0812746658921, 0.0952710136771, 0.126359686255, 0.138140156865, 0.12338872999, 0.0781396999955, 0.0641599074006, 0.065885104239, 0.0786070823669]}, "key_strength": 0.753257930279, "chords_strength": {"dvar": 8.31661236589e-05, "mean": 0.57788091898, "min": 0.250644981861, "median": 0.569879710674, "dvar2": 8.74467004905e-05, "var": 0.0124390972778, "dmean2": 0.0101868305355, "max": 0.926977038383, "dmean": 0.0114661743864}, "tuning_equal_tempered_deviation": 0.10007660836, "chords_key": "G", "tuning_frequency": 439.745910645, "chords_scale": "major", "chords_changes_rate": 0.0457091219723, "key_scale": "major", "tuning_diatonic_strength": 0.633113324642, "hpcp_entropy": {"dvar": 0.307419478893, "mean": 1.93269991875, "min": 0, "median": 1.93080830574, "dvar2": 0.816267073154, "var": 0.590085506439, "dmean2": 1.06024336815, "max": 4.31958723068, "dmean": 0.642566025257}, "chords_histogram": [18.3017158508, 15.2303524017, 38.1029815674, 3.16169834137, 2.6558265686, 0, 0.198735326529, 0, 1.499548316, 1.08401083946, 11.3279132843, 0.0542005412281, 0, 0, 0, 0.0361336953938, 0.0542005412281, 3.4688346386, 0, 1.06594395638, 0, 0.0722673907876, 0.325203239918, 3.36043357849], "tuning_nontempered_energy_ratio": 0.755651772022, "key_key": "C"}, "metadata": {"version": {"extractor": "music 1.0", "essentia_build_sha": "70f2e5ece6736b2c40cc944ad0e695b16b925413", "essentia": "2.1-beta2", "essentia_git_sha": "v2.1_beta2"}, "audio_properties": {"sample_rate": 44100, "length": 256.966522217, "lossless": false, "analysis_sample_rate": 44100, "downmix": "mix", "bit_rate": 256026, "equal_loudness": 0, "md5_encoded": "91df4351748a7eb3ae104c4344df234a", "codec": "mp3", "replay_gain": -14.4882183075}, "tags": {"genre": ["Rock"], "length": ["257"], "artist": ["Westbound Train"], "date": ["2006"], "musicbrainz_recordingid": ["0004d169-7d73-4a55-a008-10a97defea4c"], "file_name": "2188965.mp3", "title": ["I'm No Different"], "tracknumber": ["7"], "album": ["Travel On"], "discnumber": ["1"]}}, "lowlevel": {"melbands": {"dvar": [1.87454293155e-06, 3.99156897402e-06, 1.09174834506e-06, 2.55229480217e-07, 1.79815415891e-07, 6.36904360363e-08, 1.44983701489e-07, 2.40075365809e-07, 1.17636488994e-07, 5.53207684106e-08, 2.13186908127e-08, 1.79927237554e-08, 2.67843311974e-08, 1.57861688166e-08, 1.29512587321e-08, 8.59507842677e-09, 1.4440659335e-08, 8.22466006412e-09, 4.90514873164e-09, 2.35273933669e-09, 1.04584185756e-09, 1.40832434603e-09, 8.72624139614e-10, 5.18368736824e-10, 5.63912527785e-10, 6.38285424515e-10, 2.96380253673e-10, 2.0550201818e-10, 3.41329131626e-10, 2.87021267864e-10, 5.80121506388e-10, 2.74839068171e-10, 1.39227948615e-10, 6.55054621657e-11, 4.83049954203e-11, 5.84415155158e-11, 3.32672153713e-11, 2.71799475288e-11, 1.69538098838e-11, 5.2215536582e-12], "mean": [0.0018324557459, 0.00360961211845, 0.000717375252862, 0.000419958989369, 0.000345838954672, 0.000205405798624, 0.000279754924122, 0.000390779372538, 0.000220472240471, 0.000169912280398, 0.000106268562376, 8.9182620286e-05, 0.00010901803762, 6.99571319274e-05, 7.71634076955e-05, 6.54465620755e-05, 9.95728405542e-05, 5.59709587833e-05, 4.81527276861e-05, 3.69324297935e-05, 2.33980281337e-05, 2.78484603768e-05, 2.14122446778e-05, 1.49957850226e-05, 1.68853966898e-05, 1.73203534359e-05, 1.04809641925e-05, 6.9351226557e-06, 4.65393759441e-06, 5.07729373567e-06, 6.09270819041e-06, 5.13132272317e-06, 3.83325686926e-06, 2.84674615614e-06, 2.60804426944e-06, 2.54652172771e-06, 1.90866558114e-06, 1.74401668573e-06, 1.40309919061e-06, 8.86269106104e-07], "min": [4.05346275943e-24, 5.61316501465e-24, 1.0188484112e-23, 1.30106229564e-23, 2.02506274169e-23, 7.26480388077e-24, 1.50282656724e-23, 9.32096667479e-24, 6.99439103993e-24, 1.1038642665e-23, 7.15579671431e-24, 5.1150951996e-24, 3.88761027614e-24, 4.62527608076e-24, 6.47455891909e-24, 1.6742122787e-23, 7.06679663812e-24, 9.25844155944e-24, 1.12640446803e-23, 7.54515558016e-24, 4.47286499843e-24, 5.38680492777e-24, 1.17953503886e-23, 1.6716754598e-23, 1.43885957193e-23, 1.40943979333e-23, 1.03507583222e-23, 1.33443474069e-23, 8.22124014151e-24, 7.33279895764e-24, 8.44881389089e-24, 8.75085216542e-24, 9.12673728701e-24, 8.14145869386e-24, 9.1648518905e-24, 8.00546696241e-24, 1.1078331046e-23, 1.24213754146e-23, 1.61390165368e-23, 9.06673494883e-24], "median": [0.0012950215023, 0.00241274060681, 0.000489523983561, 0.000185967452126, 0.000147562299389, 7.36687652534e-05, 6.12840085523e-05, 7.69857288105e-05, 5.66614035051e-05, 3.69734261767e-05, 3.10986833938e-05, 2.79063569906e-05, 2.43163085543e-05, 2.03086910915e-05, 2.18680488615e-05, 1.22809769891e-05, 1.91212384379e-05, 1.29754344016e-05, 1.25339283841e-05, 1.01319592432e-05, 7.96647691459e-06, 8.48141280585e-06, 5.42227098776e-06, 3.45655735146e-06, 3.80832852898e-06, 3.54132612301e-06, 1.86936449609e-06, 1.05714570964e-06, 7.00957059507e-07, 5.94389121034e-07, 5.58065664791e-07, 5.49140224848e-07, 4.69782406753e-07, 3.20333128911e-07, 2.08222303399e-07, 1.94227467887e-07, 1.50994225123e-07, 1.18708868513e-07, 9.22771050682e-08, 5.60354926904e-08], "dvar2": [4.37233484263e-06, 8.79310573509e-06, 3.13543228003e-06, 6.70212159548e-07, 4.65707245212e-07, 1.53644691636e-07, 3.20475635363e-07, 4.80072174014e-07, 2.46342324317e-07, 1.20976082485e-07, 4.68762237915e-08, 3.8607296915e-08, 6.1716725952e-08, 3.34784928668e-08, 3.09551815292e-08, 1.95249629797e-08, 3.3085946427e-08, 2.1313853793e-08, 1.1214896567e-08, 5.32592947522e-09, 2.44699682739e-09, 3.34121352807e-09, 1.96265803609e-09, 1.2321771381e-09, 1.36798294914e-09, 1.45432299536e-09, 6.72209121699e-10, 4.72568650878e-10, 8.55879700445e-10, 6.39886699183e-10, 1.37182953885e-09, 5.40270883587e-10, 2.66943772642e-10, 1.40408101812e-10, 9.5760788188e-11, 1.08556948153e-10, 7.11784867158e-11, 5.14854200939e-11, 3.010910965e-11, 1.02001801103e-11], "var": [3.92311585529e-06, 1.55457473738e-05, 8.6578944547e-07, 4.20822004799e-07, 3.08888076006e-07, 1.30042295154e-07, 3.90282224316e-07, 1.12882560188e-06, 2.87313667968e-07, 1.51823371652e-07, 4.70865799684e-08, 3.77718016864e-08, 5.67195996837e-08, 2.72642051158e-08, 2.53284557772e-08, 1.82160508899e-08, 3.54860958396e-08, 1.55610599961e-08, 9.43077083093e-09, 4.31790336819e-09, 2.11212336509e-09, 2.87644286168e-09, 1.9543153762e-09, 8.78120687275e-10, 9.99821447856e-10, 1.34218802739e-09, 6.04210514954e-10, 3.34102828736e-10, 3.48009510098e-10, 4.94195573353e-10, 1.07042041897e-09, 6.91513513118e-10, 3.41950578964e-10, 1.32247296447e-10, 9.34362795468e-11, 1.30877864102e-10, 6.71954714093e-11, 5.92692075974e-11, 3.9301811805e-11, 1.03176599209e-11], "dmean2": [0.000927124754526, 0.00147481670137, 0.000612485280726, 0.000400381482905, 0.000318229169352, 0.00016606169811, 0.000206837517908, 0.000266040326096, 0.000178430214874, 0.000131058579427, 9.96497255983e-05, 8.55367761687e-05, 0.000103057107481, 6.37003104202e-05, 6.90278102411e-05, 6.25534812571e-05, 8.63000750542e-05, 5.05366588186e-05, 4.55064873677e-05, 3.58432298526e-05, 2.23078295676e-05, 2.7406405934e-05, 1.9586252165e-05, 1.44720934259e-05, 1.62504129548e-05, 1.62624091899e-05, 1.0333516002e-05, 7.72965449869e-06, 6.60128443997e-06, 6.67585027259e-06, 7.42066094972e-06, 5.35500430487e-06, 4.00653334509e-06, 3.17398939842e-06, 3.05313437821e-06, 2.86005843009e-06, 2.19875596486e-06, 1.94119866137e-06, 1.52467839598e-06, 1.00380259482e-06], "max": [0.0168920066208, 0.0284860040992, 0.0161766000092, 0.00636427756399, 0.0108008729294, 0.00917890295386, 0.00790322199464, 0.0100415172055, 0.00919646862894, 0.00648435438052, 0.00349106150679, 0.00437873601913, 0.00582019845024, 0.00436135753989, 0.00307301664725, 0.00358192855492, 0.00333707476966, 0.00404516607523, 0.00205684360117, 0.00118646235205, 0.00123112590518, 0.00128247379325, 0.00102795043495, 0.000659696641378, 0.000546000432223, 0.000540692708455, 0.000597624806687, 0.000419094314566, 0.00109234708361, 0.000571606506128, 0.000966323539615, 0.000701173848938, 0.000529442622792, 0.000264772184892, 0.0003118570894, 0.00038118797238, 0.00030309119029, 0.00028997391928, 0.000205878735869, 7.16798313078e-05], "dmean": [0.000619733531494, 0.000983103411272, 0.000365765677998, 0.000249077478657, 0.000198668785742, 0.00010857268353, 0.000138425311889, 0.000183255964657, 0.000121613513329, 8.61061635078e-05, 6.44207320875e-05, 5.48241332581e-05, 6.68070060783e-05, 4.18103445554e-05, 4.42201308033e-05, 4.0536182496e-05, 5.69567200728e-05, 3.31436822307e-05, 2.96404359688e-05, 2.34094932239e-05, 1.42275112012e-05, 1.73984080902e-05, 1.27839293782e-05, 9.41260259424e-06, 1.04109767562e-05, 1.04135424408e-05, 6.61689000481e-06, 5.02263264934e-06, 4.12852568843e-06, 4.29410874858e-06, 4.75425258628e-06, 3.63265053238e-06, 2.69095630756e-06, 2.1560431378e-06, 2.08799133361e-06, 1.9614667508e-06, 1.50249286435e-06, 1.36132973694e-06, 1.07429207219e-06, 7.00838143075e-07]}, "spectral_decrease": {"dvar": 7.98189669162e-18, "mean": -7.32138705217e-09, "min": -3.08793879356e-08, "median": -6.76347200468e-09, "dvar2": 1.86709536961e-17, "var": 2.28836422807e-17, "dmean2": 2.79089618083e-09, "max": 1.19011264058e-28, "dmean": 1.92069493643e-09}, "spectral_rolloff": {"dvar": 1105107, "mean": 1353.87573242, "min": 64.599609375, "median": 882.861328125, "dvar2": 2287106, "var": 2667885, "dmean2": 795.066894531, "max": 18798.4863281, "dmean": 502.364501953}, "melbands_crest": {"dvar": 9.90952396393, "mean": 16.4176139832, "min": 2.08583426476, "median": 15.8840351105, "dvar2": 21.9032154083, "var": 40.5848426819, "dmean2": 4.14733695984, "max": 32.9763298035, "dmean": 2.75208687782}, "barkbands_skewness": {"dvar": 1.11986935139, "mean": 1.8863543272, "min": -4.88772821426, "median": 1.35407531261, "dvar2": 2.28804850578, "var": 4.17535161972, "dmean2": 1.06394815445, "max": 28.0970726013, "dmean": 0.755624830723}, "spectral_centroid": {"dvar": 172992.53125, "mean": 1281.53601074, "min": 98.6483764648, "median": 1164.16223145, "dvar2": 307447.28125, "var": 684960, "dmean2": 420.20916748, "max": 10757.2480469, "dmean": 298.69934082}, "spectral_energyband_middle_low": {"dvar": 3.39699545293e-05, "mean": 0.00867939088494, "min": 3.4154546996e-22, "median": 0.00556389149278, "dvar2": 8.73096651048e-05, "var": 8.11516802059e-05, "dmean2": 0.0052639353089, "max": 0.0675053521991, "dmean": 0.0034169908613}, "erbbands_crest": {"dvar": 6.64753723145, "mean": 9.70879936218, "min": 2.16103363037, "median": 8.52399349213, "dvar2": 14.618765831, "var": 22.7705307007, "dmean2": 3.93059182167, "max": 32.5185165405, "dmean": 2.52721261978}, "dynamic_complexity": 3.08383440971, "spectral_energyband_low": {"dvar": 5.99781888013e-05, "mean": 0.0146332168952, "min": 3.34795281857e-23, "median": 0.011584026739, "dvar2": 0.00012664849055, "var": 0.000191832805285, "dmean2": 0.00590517418459, "max": 0.106547936797, "dmean": 0.00402124784887}, "silence_rate_60dB": {"dvar": 0.0277382358909, "mean": 0.0524033233523, "min": 0, "median": 0, "dvar2": 0.0646869018674, "var": 0.0496578849852, "dmean2": 0.0571118742228, "max": 1, "dmean": 0.0285533573478}, "erbbands_kurtosis": {"dvar": 26.1945762634, "mean": 1.82253241539, "min": -1.94210731983, "median": 0.136423945427, "dvar2": 52.8413734436, "var": 51.8900756836, "dmean2": 2.67072224617, "max": 215.187408447, "dmean": 1.76148843765}, "spectral_complexity": {"dvar": 34.1793289185, "mean": 16.0908031464, "min": 0, "median": 14, "dvar2": 69.404800415, "var": 113.32220459, "dmean2": 6.10256624222, "max": 60, "dmean": 4.2219209671}, "barkbands_crest": {"dvar": 7.51955413818, "mean": 11.1180200577, "min": 2.16382694244, "median": 10.2968788147, "dvar2": 17.4087295532, "var": 23.4123764038, "dmean2": 3.54894781113, "max": 26.2118797302, "dmean": 2.3119096756}, "spectral_energy": {"dvar": 0.000131726366817, "mean": 0.0296442788094, "min": 1.0942625305e-20, "median": 0.0274367853999, "dvar2": 0.000309589115204, "var": 0.000370844063582, "dmean2": 0.0114475721493, "max": 0.118851557374, "dmean": 0.00790096540004}, "spectral_spread": {"dvar": 1128839774210.0, "mean": 4176476.25, "min": 578509.9375, "median": 3659521.5, "dvar2": 1981787275260.0, "var": 4102016991230.0, "dmean2": 1077098.875, "max": 41256736, "dmean": 784246.0625}, "spectral_contrast_valleys": {"dvar": [0.250110358, 0.239071711898, 0.252479583025, 0.244446754456, 0.241295203567, 0.403343468904], "mean": [-7.62684011459, -7.43834257126, -7.94581651688, -8.15943813324, -8.1912612915, -10.7671918869], "min": [-26.9202632904, -27.1439476013, -27.2364311218, -27.2875671387, -27.3406543732, -27.1865615845], "median": [-7.4273519516, -7.34675168991, -7.85756540298, -8.08627319336, -8.09749698639, -10.5859298706], "dvar2": [0.492610126734, 0.54213654995, 0.516450107098, 0.451625078917, 0.438780635595, 0.638360857964], "var": [1.1413589716, 1.06373918056, 1.31515312195, 1.49678862095, 1.34062385559, 2.50319457054], "dmean2": [0.74061447382, 0.760694503784, 0.722851157188, 0.671147406101, 0.581537127495, 0.598834514618], "max": [-5.1746096611, -4.74310922623, -5.0611281395, -5.3683385849, -5.28089618683, -6.98106384277], "dmean": [0.491445571184, 0.496792763472, 0.490416765213, 0.473084121943, 0.434551298618, 0.505298495293]}, "spectral_rms": {"dvar": 9.11611039101e-07, "mean": 0.00503211421892, "min": 3.26737378473e-12, "median": 0.0051737409085, "dvar2": 1.91973936126e-06, "var": 3.59923956239e-06, "dmean2": 0.00102538848296, "max": 0.0107681350783, "dmean": 0.00074053357821}, "barkbands_spread": {"dvar": 84.8578643799, "mean": 20.0833759308, "min": 0.0825421363115, "median": 17.8916435242, "dvar2": 178.379592896, "var": 228.838027954, "dmean2": 9.24916648865, "max": 116.415748596, "dmean": 6.28135824203}, "pitch_salience": {"dvar": 0.00640026992187, "mean": 0.465105772018, "min": 0.0486810207367, "median": 0.471253395081, "dvar2": 0.0147756095976, "var": 0.0221302006394, "dmean2": 0.10842885077, "max": 0.916287362576, "dmean": 0.0709742307663}, "erbbands_skewness": {"dvar": 0.368827998638, "mean": 0.234370559454, "min": -5.9988951683, "median": 0.0555713027716, "dvar2": 0.724846959114, "var": 1.33458971977, "dmean2": 0.681014418602, "max": 11.6269540787, "dmean": 0.47338744998}, "spectral_energyband_middle_high": {"dvar": 1.78438167495e-05, "mean": 0.00603469647467, "min": 1.49793684763e-21, "median": 0.00300044938922, "dvar2": 3.85637758882e-05, "var": 5.66698545299e-05, "dmean2": 0.00351617392153, "max": 0.0730171352625, "dmean": 0.00245858659036}, "erbbands": {"dvar": [0.0199001058936, 2.00285196304, 18.7656536102, 35.3721885681, 42.3999900818, 94.3148117065, 150.56590271, 127.226615906, 513.944824219, 2521.06933594, 1544.67675781, 1706.23181152, 814.359619141, 966.347595215, 1932.42272949, 1631.85522461, 1870.22485352, 3734.83325195, 2802.68359375, 1594.33068848, 711.977539062, 992.31854248, 624.779052734, 727.531188965, 755.015625, 479.251159668, 666.411071777, 1218.4831543, 661.374755859, 221.405197144, 147.393920898, 94.4640426636, 45.731048584, 9.41775989532, 1.78947293758, 0.364836990833, 0.0219282787293, 0.000692469475325, 8.13875976746e-06, 1.39081821615e-08], "mean": [0.129338890314, 2.38884210587, 6.89502668381, 3.92900419235, 4.20738172531, 7.7032251358, 9.413854599, 8.80783462524, 15.73046875, 39.4050369263, 26.4485340118, 29.158241272, 22.2822685242, 23.3441162109, 28.9615898132, 29.9469814301, 31.055765152, 51.4556617737, 35.6174850464, 33.2913970947, 21.8101215363, 25.5883350372, 19.26080513, 20.9718437195, 20.1543655396, 11.8769378662, 7.91789627075, 10.0027532578, 8.66828727722, 5.66972589493, 4.66484355927, 3.38677620888, 2.39431595802, 1.22081267834, 0.551006019115, 0.220540314913, 0.0573285706341, 0.00966619607061, 0.000697030220181, 6.12892763456e-05], "min": [3.17668430029e-22, 3.28242210531e-21, 1.22090469008e-20, 3.38117765576e-20, 1.72126721196e-19, 1.88302276849e-19, 6.69035932046e-19, 2.84144088435e-19, 8.30817312116e-19, 1.05296648839e-18, 7.31070135289e-19, 1.76073065482e-18, 1.39297721802e-18, 1.14964384286e-18, 1.30049366925e-18, 1.65371126794e-18, 6.09368613067e-18, 4.75564911157e-18, 6.0628761344e-18, 7.77487158227e-18, 4.5183702849e-18, 6.31893278815e-18, 1.74651708628e-17, 1.83900150359e-17, 1.64859858865e-17, 1.86736486505e-17, 1.20216499343e-17, 1.46752014988e-17, 1.61224333898e-17, 1.51036198448e-17, 1.62666705276e-17, 1.59206939646e-17, 1.88047154186e-17, 1.31966616488e-17, 7.59173379466e-18, 4.92766173354e-18, 3.9504801887e-18, 1.58210813597e-18, 4.34019754551e-19, 4.17376499348e-20], "median": [0.0780085623264, 1.65615582466, 3.80000782013, 2.51427745819, 1.77431893349, 3.04741811752, 3.53099370003, 3.27243328094, 3.87291479111, 7.44390249252, 7.67894744873, 6.70658826828, 7.76721954346, 8.01205825806, 7.88941860199, 10.4029483795, 8.03323554993, 11.766462326, 9.33628845215, 9.99226951599, 7.80556869507, 8.29591369629, 5.31013298035, 5.00999593735, 4.22425079346, 2.08860039711, 1.2866435051, 1.08721852303, 1.05004453659, 0.701726257801, 0.400839030743, 0.287573754787, 0.175641059875, 0.083920866251, 0.0337001830339, 0.0128564517945, 0.00320696691051, 0.000453359272797, 3.44348263752e-05, 3.78894001187e-05], "dvar2": [0.0486144758761, 4.50235366821, 42.7383804321, 101.628410339, 114.589080811, 247.984313965, 382.152587891, 301.540130615, 1143.4967041, 5009.32421875, 3305.32250977, 3703.76245117, 1788.06945801, 2084.21459961, 4304.17236328, 3677.31982422, 4075.81323242, 8608.34472656, 7206.85351562, 3616.93652344, 1682.12304688, 2320.82861328, 1411.99963379, 1760.77648926, 1741.49938965, 1081.29309082, 1584.96911621, 2751.62573242, 1230.57409668, 414.97177124, 281.496643066, 184.828598022, 80.306098938, 17.0090866089, 3.17475199699, 0.63677251339, 0.0437561757863, 0.00153775699437, 2.13683306356e-05, 3.74415058957e-08], "var": [0.028491994366, 6.34005403519, 75.6626205444, 28.5942630768, 49.2166595459, 171.600753784, 277.033477783, 248.557937622, 1244.67382812, 12430.5976562, 3598.13330078, 4713.58398438, 1858.5078125, 2226.94848633, 3891.21069336, 3302.21240234, 4798.93652344, 9079.81152344, 5557.41650391, 3352.25195312, 1434.82165527, 2198.55712891, 1244.02905273, 1358.640625, 1615.71850586, 851.318847656, 856.297607422, 2442.77832031, 1797.29187012, 554.919921875, 314.629699707, 213.932266235, 110.620010376, 20.966588974, 4.04489135742, 0.82568603754, 0.0417483374476, 0.000915952201467, 6.83909092913e-06, 1.14713243349e-08], "dmean2": [0.0818038359284, 1.06791198254, 2.94867515564, 3.39366889, 4.49618053436, 7.48947811127, 8.63901519775, 7.17930078506, 11.8996868134, 26.2805290222, 20.6766681671, 21.8307094574, 19.8662338257, 21.0296955109, 26.4439220428, 24.7701969147, 26.2412090302, 43.596496582, 29.8644104004, 30.26704216, 19.075258255, 23.498752594, 17.1089000702, 18.8874340057, 18.4178771973, 12.1190233231, 10.2547216415, 11.9187746048, 8.66326236725, 5.80245876312, 5.17274427414, 3.68685150146, 2.54175066948, 1.31812393665, 0.600903570652, 0.233483731747, 0.0663307085633, 0.0131319807842, 0.00136440352071, 6.40347716399e-05], "max": [1.88783705235, 16.7089653015, 66.4942550659, 89.1172866821, 86.4306106567, 143.830093384, 372.838012695, 439.418334961, 501.317901611, 1136.84423828, 1106.19995117, 1179.74755859, 714.514831543, 969.313842773, 1227.52478027, 1162.9708252, 915.121948242, 1825.74230957, 2310.04370117, 979.811279297, 837.617004395, 1051.27148438, 509.890533447, 576.172790527, 479.371887207, 633.103820801, 1229.16772461, 1237.54663086, 1128.15258789, 509.360351562, 607.01373291, 518.060791016, 371.881103516, 123.959861755, 45.2777938843, 26.5703716278, 4.60304069519, 1.12083518505, 0.0580722093582, 0.00216638762504], "dmean": [0.0536455176771, 0.710658192635, 1.94828486443, 2.02550005913, 2.71769666672, 4.68848705292, 5.40348052979, 4.68658971786, 8.0064201355, 18.0410861969, 14.1642131805, 14.449005127, 12.8606376648, 13.5412330627, 17.3196163177, 16.346660614, 17.1538391113, 28.8337345123, 19.7582015991, 19.9122600555, 12.3500356674, 15.1086549759, 11.2933921814, 12.1903085709, 11.840470314, 7.94383001328, 6.59604549408, 7.72404670715, 5.92731761932, 4.00941324234, 3.60810637474, 2.57354426384, 1.80996823311, 0.932073771954, 0.42319086194, 0.167800918221, 0.0461200140417, 0.00876955408603, 0.000804842449725, 3.89987399103e-05]}, "dissonance": {"dvar": 0.000603763211984, "mean": 0.445082396269, "min": 0.109471254051, "median": 0.459730744362, "dvar2": 0.00145349046215, "var": 0.00253707310185, "dmean2": 0.0374745763838, "max": 0.499999940395, "dmean": 0.0235428977758}, "erbbands_flatness_db": {"dvar": 0.000766002747696, "mean": 0.184440568089, "min": 0.0540547445416, "median": 0.179885864258, "dvar2": 0.00132598471828, "var": 0.0043314578943, "dmean2": 0.0319732315838, "max": 0.562930881977, "dmean": 0.0241447780281}, "melbands_kurtosis": {"dvar": 1390.65246582, "mean": 26.6692237854, "min": -1.9109224081, "median": 6.99410533905, "dvar2": 3056.14233398, "var": 3398.62744141, "dmean2": 23.0980701447, "max": 901.659729004, "dmean": 15.5100860596}, "melbands_spread": {"dvar": 223.610061646, "mean": 22.537147522, "min": 0.213991358876, "median": 16.4918785095, "dvar2": 463.460968018, "var": 595.617736816, "dmean2": 11.4949913025, "max": 288.311737061, "dmean": 7.97529125214}, "melbands_skewness": {"dvar": 2.21902823448, "mean": 3.15877604485, "min": -3.02226138115, "median": 2.37174367905, "dvar2": 4.68571710587, "var": 7.89006471634, "dmean2": 1.47644221783, "max": 24.6002960205, "dmean": 1.04153490067}, "spectral_entropy": {"dvar": 0.104422688484, "mean": 7.20541334152, "min": 3.69687271118, "median": 7.31709432602, "dvar2": 0.1805472821, "var": 0.588431715965, "dmean2": 0.355651438236, "max": 9.80407428741, "dmean": 0.27282127738}, "zerocrossingrate": {"dvar": 0.000315428740578, "mean": 0.0498939342797, "min": 0.00244140625, "median": 0.04052734375, "dvar2": 0.000328804802848, "var": 0.00195111136418, "dmean2": 0.0133243948221, "max": 0.49755859375, "dmean": 0.0123825864866}, "average_loudness": 0.908121109009, "spectral_contrast_coeffs": {"dvar": [0.00204135058448, 0.00225359317847, 0.00159892812371, 0.00117998605128, 0.000879044178873, 0.000637329358142], "mean": [-0.604332625866, -0.67620575428, -0.723948895931, -0.747909128666, -0.755962252617, -0.763095021248], "min": [-0.965584337711, -0.959873139858, -0.959003269672, -0.962420225143, -0.957134902477, -0.961721420288], "median": [-0.606236934662, -0.685524344444, -0.728767454624, -0.754242539406, -0.763520717621, -0.767679810524], "dvar2": [0.00455647753552, 0.00496073439717, 0.00326285534538, 0.0023444602266, 0.00163321266882, 0.001270052162], "var": [0.00813011918217, 0.010853536427, 0.00825389102101, 0.0068198274821, 0.00517782010138, 0.00275771436282], "dmean2": [0.078675583005, 0.0817575007677, 0.0680874288082, 0.0571774169803, 0.0452726185322, 0.0368452519178], "max": [-0.268016725779, -0.300296127796, -0.388779759407, -0.435654729605, -0.468068778515, -0.447887033224], "dmean": [0.0506873242557, 0.0535002239048, 0.0454097166657, 0.0381676852703, 0.0307953115553, 0.0252668838948]}, "barkbands_flatness_db": {"dvar": 0.00132397364359, "mean": 0.187152907252, "min": 0.0252350457013, "median": 0.170014232397, "dvar2": 0.0022865277715, "var": 0.00868698675185, "dmean2": 0.0406019538641, "max": 0.625738203526, "dmean": 0.0315825976431}, "silence_rate_30dB": {"dvar": 0, "mean": 1, "min": 1, "median": 1, "dvar2": 0, "var": 0, "dmean2": 0, "max": 1, "dmean": 0}, "spectral_energyband_high": {"dvar": 4.21070626544e-06, "mean": 0.000991807086393, "min": 8.16116506405e-21, "median": 0.000156841299031, "dvar2": 7.33838032829e-06, "var": 1.23121508295e-05, "dmean2": 0.00094145728508, "max": 0.0684547275305, "dmean": 0.000667019048706}, "melbands_flatness_db": {"dvar": 0.00192720163614, "mean": 0.259041309357, "min": 0.00580368703231, "median": 0.239040136337, "dvar2": 0.00322612398304, "var": 0.0134509550408, "dmean2": 0.0472231805325, "max": 0.782618880272, "dmean": 0.0378104634583}, "barkbands": {"dvar": [2.42917792548e-08, 3.0227294701e-05, 1.48666094901e-05, 4.65390803583e-06, 5.60658463655e-06, 2.00169961317e-06, 5.92066498939e-06, 3.41282066074e-06, 3.34085621034e-06, 1.06014090306e-06, 1.33591493068e-06, 1.11709971407e-06, 9.98242285277e-07, 1.37975371217e-06, 9.7701854429e-07, 3.37420715368e-07, 3.21653971014e-07, 2.15136267911e-07, 3.32715842433e-07, 2.10626211583e-07, 5.04163722326e-07, 4.16089534383e-07, 1.73450757757e-07, 1.5448787849e-07, 4.81322715018e-08, 9.0826217658e-09, 2.77588341202e-10], "mean": [5.45714501641e-05, 0.00879655778408, 0.00523955887184, 0.000922216509935, 0.00202089664526, 0.00117682130076, 0.00188258639537, 0.0011705433717, 0.00120984879322, 0.000669770292006, 0.000773302861489, 0.000644102401566, 0.00062622356927, 0.000978528289124, 0.000681222474668, 0.00041145918658, 0.000471305917017, 0.000327341316734, 0.000447138096206, 0.000239296452492, 0.000227239084779, 0.00022764847381, 0.000162540702149, 0.000150697625941, 9.15233613341e-05, 3.71468304365e-05, 4.22713537773e-06], "min": [1.50625953213e-23, 1.28561458473e-23, 9.41549035503e-24, 1.99521476939e-23, 7.68277946482e-23, 5.75967352414e-23, 8.85671682558e-23, 1.99331361461e-23, 7.31186148481e-23, 4.43506909474e-23, 2.02010427758e-23, 4.02867793308e-23, 1.56541860955e-22, 7.22405937279e-23, 1.588474805e-22, 7.27784706475e-23, 1.0696784743e-22, 3.44034155722e-22, 3.31051019835e-22, 4.18990456759e-22, 2.90894844316e-22, 4.49609972888e-22, 5.26232777297e-22, 9.50238369929e-22, 1.16851782323e-21, 1.82392436495e-21, 2.924934072e-21], "median": [1.28190877149e-05, 0.00624594697729, 0.00284336693585, 0.00039931864012, 0.000985419144854, 0.000442773685791, 0.00032833480509, 0.000286988215521, 0.000250679557212, 0.000202168565011, 0.000155697664013, 0.000180302435183, 0.000116038085253, 0.000206710334169, 0.00017642453895, 0.000112090245239, 0.000148043269292, 8.0190366134e-05, 9.75220027613e-05, 4.21773511334e-05, 2.73085279332e-05, 2.80349904642e-05, 1.51606163854e-05, 1.21549765026e-05, 6.25237498753e-06, 2.14490137296e-06, 9.92601698613e-08], "dvar2": [6.06319545682e-08, 6.78759315633e-05, 3.65881933249e-05, 1.34438932946e-05, 1.48286198964e-05, 4.98822328154e-06, 1.2561242329e-05, 7.26908274373e-06, 7.3376754699e-06, 2.24839322982e-06, 3.07368463837e-06, 2.49034178523e-06, 2.21774257625e-06, 3.11060352942e-06, 2.38769621319e-06, 7.86328939739e-07, 7.70157214447e-07, 4.99543034493e-07, 7.93151457401e-07, 4.76664382631e-07, 1.1209317563e-06, 7.16906299658e-07, 3.457118396e-07, 2.60015326603e-07, 8.61596234358e-08, 1.66171503224e-08, 7.0330941071e-10], "var": [2.46817730698e-08, 8.4861072537e-05, 4.62892967334e-05, 3.26514418703e-06, 8.66565187607e-06, 4.27251552537e-06, 2.22222370212e-05, 7.40302948543e-06, 8.28613519843e-06, 1.96772339223e-06, 2.87844068225e-06, 1.94841823031e-06, 2.26944098358e-06, 3.29173417413e-06, 1.93663890968e-06, 5.93176764596e-07, 7.50661058646e-07, 3.75897883487e-07, 6.69445057611e-07, 3.60839834457e-07, 9.34417471399e-07, 1.22307437778e-06, 3.77465880774e-07, 4.10189159084e-07, 1.0824065555e-07, 1.93995717268e-08, 2.51775017501e-10], "dmean2": [7.83681898611e-05, 0.00405159266666, 0.00250411080196, 0.0011885483982, 0.00191094307229, 0.000957095355261, 0.00132628693245, 0.000997164286673, 0.000988071900792, 0.000651459849905, 0.00074686401058, 0.000591458636336, 0.000607117894106, 0.000853911566082, 0.000625143409707, 0.000416498689447, 0.000435514783021, 0.000320219405694, 0.000400726945372, 0.000251036050031, 0.000284920883132, 0.000217603839701, 0.000178732923814, 0.000157683127327, 9.75981529336e-05, 4.04020720453e-05, 7.95661253505e-06], "max": [0.00303151016124, 0.0647147372365, 0.0605680793524, 0.0372756719589, 0.0338022112846, 0.0439264439046, 0.0560238808393, 0.0381869748235, 0.0490228831768, 0.0345058217645, 0.044945910573, 0.0313534364104, 0.0279679503292, 0.0323923826218, 0.0351065285504, 0.0128974346444, 0.015477267094, 0.0101934615523, 0.0100892689079, 0.0149881029502, 0.0211942903697, 0.0298831667751, 0.0173092950135, 0.0188793241978, 0.00705269770697, 0.00399433914572, 0.000593218952417], "dmean": [4.82532050228e-05, 0.00270845834166, 0.00163245829754, 0.000684805272613, 0.00119293713942, 0.000619305064902, 0.000897249381524, 0.000676373951137, 0.000647226988804, 0.000425321544753, 0.000484011601657, 0.000383763399441, 0.000389308377635, 0.000564238114748, 0.00040843655006, 0.000268288509687, 0.000277477898635, 0.000208648329135, 0.000258946820395, 0.000163677919772, 0.000184287375305, 0.0001513184543, 0.000124171550851, 0.00011238049774, 6.93638357916e-05, 2.89458021143e-05, 4.8002375479e-06]}, "erbbands_spread": {"dvar": 210.19593811, "mean": 35.8796157837, "min": 0.994184732437, "median": 30.616891861, "dvar2": 465.432128906, "var": 549.717773438, "dmean2": 15.0067815781, "max": 204.171646118, "dmean": 10.1075553894}, "barkbands_kurtosis": {"dvar": 527.925476074, "mean": 10.2009124756, "min": -1.94801282883, "median": 1.79850935936, "dvar2": 1208.33898926, "var": 849.981201172, "dmean2": 10.0916938782, "max": 1458.0793457, "dmean": 6.78037309647}, "spectral_flux": {"dvar": 0.00100434117485, "mean": 0.0727002993226, "min": 1.04607003615e-10, "median": 0.0625817030668, "dvar2": 0.00200315681286, "var": 0.00237540504895, "dmean2": 0.0404803752899, "max": 0.301642745733, "dmean": 0.0264690071344}, "silence_rate_20dB": {"dvar": 0, "mean": 1, "min": 1, "median": 1, "dvar2": 0, "var": 0, "dmean2": 0, "max": 1, "dmean": 0}, "gfcc": {"cov": [[9822.20605469, -2597.86328125, -1253.4753418, 117.729171753, -498.332824707, 921.40435791, -622.019287109, 243.331344604, -289.932891846, 249.46925354, -268.647247314, 254.576934814, -266.428314209], [-2597.86328125, 2910.72314453, -313.43447876, -216.519287109, 657.200256348, -517.699890137, 501.913269043, -121.424888611, 288.634124756, -216.204940796, 309.209075928, -186.403137207, 154.702926636], [-1253.4753418, -313.43447876, 1845.65063477, 198.861160278, -93.899230957, 284.946563721, 8.60499382019, 192.526107788, 59.2999725342, 121.353965759, -134.158218384, 23.9374103546, -63.3853874207], [117.729171753, -216.519287109, 198.861160278, 663.400512695, 211.781600952, 102.660453796, 149.587631226, 32.5914154053, 0.751081943512, -8.60631847382, 4.27750301361, -42.1003303528, 31.5230941772], [-498.332824707, 657.200256348, -93.899230957, 211.781600952, 683.641296387, 74.3695983887, 246.573364258, 5.67446804047, 78.1408615112, -47.7564888, 46.2627563477, -96.286277771, 19.5253009796], [921.40435791, -517.699890137, 284.946563721, 102.660453796, 74.3695983887, 517.895446777, 21.653339386, 120.968521118, 3.66784334183, 82.7269897461, -105.738037109, 8.92708778381, -86.5545654297], [-622.019287109, 501.913269043, 8.60499382019, 149.587631226, 246.573364258, 21.653339386, 456.313262939, 63.5256156921, 67.7122879028, -37.4596138, 73.1615524292, -75.9779891968, 25.949546814], [243.331344604, -121.424888611, 192.526107788, 32.5914154053, 5.67446804047, 120.968521118, 63.5256156921, 226.058853149, 80.1933670044, 61.8557434082, -25.160654068, -13.8390302658, -53.0073127747], [-289.932891846, 288.634124756, 59.2999725342, 0.751081943512, 78.1408615112, 3.66784334183, 67.7122879028, 80.1933670044, 216.887298584, 33.9484519958, 13.8667182922, -44.3347167969, -20.0428123474], [249.46925354, -216.204940796, 121.353965759, -8.60631847382, -47.7564888, 82.7269897461, -37.4596138, 61.8557434082, 33.9484519958, 152.998764038, -2.35146737099, 8.88662338257, -38.1159095764], [-268.647247314, 309.209075928, -134.158218384, 4.27750301361, 46.2627563477, -105.738037109, 73.1615524292, -25.160654068, 13.8667182922, -2.35146737099, 177.265670776, -2.6021668911, 20.9643516541], [254.576934814, -186.403137207, 23.9374103546, -42.1003303528, -96.286277771, 8.92708778381, -75.9779891968, -13.8390302658, -44.3347167969, 8.88662338257, -2.6021668911, 121.243934631, 22.9996147156], [-266.428314209, 154.702926636, -63.3853874207, 31.5230941772, 19.5253009796, -86.5545654297, 25.949546814, -53.0073127747, -20.0428123474, -38.1159095764, 20.9643516541, 22.9996147156, 121.433273315]], "mean": [-32.829246521, 108.983383179, -114.758163452, 33.6842384338, -44.5518722534, 14.4518280029, -28.2557258606, 9.63939571381, -15.8203392029, 0.434618264437, -12.017947197, -4.50406122208, -12.3957242966], "icov": [[0.000247447722359, -2.95188929158e-05, 0.000328747322783, -0.000218259563553, 0.000169892096892, -0.000451999832876, 0.000261949433479, -0.000343969033565, 0.000243352391408, -0.000178703237907, 0.000149918836541, -0.000360288453521, 0.000279586674878], [-2.95188929158e-05, 0.00131202640478, -0.000285559042823, 0.000960784964263, -0.00101740949322, 0.000818629283458, -0.000692091532983, 0.000521946232766, -0.00133869366255, 0.00106600427534, -0.00122975825798, 0.000791248108726, -0.00083581043873], [0.000328747322783, -0.000285559042823, 0.0011626612395, -0.000681599718519, 0.000560742861126, -0.000895502511412, 0.000402618636144, -0.000844005786348, 0.000449833663879, -0.000704660778865, 0.000804726267233, -0.000799523841124, 0.000551552686375], [-0.000218259563553, 0.000960784964263, -0.000681599718519, 0.00275224423967, -0.00129245058633, 0.000626449938864, -0.000963961239904, 0.00051196309505, -0.000769807375036, 0.00090317253489, -0.00112740159966, 0.00133753218688, -0.00159158266615], [0.000169892096892, -0.00101740949322, 0.000560742861126, -0.00129245058633, 0.00310077005997, -0.00150822126307, -2.57038318523e-05, -0.000163070537383, 0.000510698650032, -0.000387393054552, 0.00066888454603, 0.000199257920031, 0.000467300444143], [-0.000451999832876, 0.000818629283458, -0.000895502511412, 0.000626449938864, -0.00150822126307, 0.00448952801526, -0.00121903733816, 0.000122425539303, -0.000580636959057, -0.000271297059953, 0.000735335866921, -1.69524128069e-06, 0.000784184085205], [0.000261949433479, -0.000692091532983, 0.000402618636144, -0.000963961239904, -2.57038318523e-05, -0.00121903733816, 0.00413118256256, -0.00183431466576, 0.000687699415721, 0.000313749013003, -0.000742350996006, 0.000713977671694, -0.000426533166319], [-0.000343969033565, 0.000521946232766, -0.000844005786348, 0.00051196309505, -0.000163070537383, 0.000122425539303, -0.00183431466576, 0.00766832660884, -0.00285226432607, -0.000778180663474, -3.54090880137e-05, 0.000260740693193, 0.00110141513869], [0.000243352391408, -0.00133869366255, 0.000449833663879, -0.000769807375036, 0.000510698650032, -0.000580636959057, 0.000687699415721, -0.00285226432607, 0.00775076728314, -0.00236421450973, 0.00114095536992, 0.000463453732664, 0.00103847193532], [-0.000178703237907, 0.00106600427534, -0.000704660778865, 0.00090317253489, -0.000387393054552, -0.000271297059953, 0.000313749013003, -0.000778180663474, -0.00236421450973, 0.0098475869745, -0.00268004788086, 0.000613367883489, 0.000157056987518], [0.000149918836541, -0.00122975825798, 0.000804726267233, -0.00112740159966, 0.00066888454603, 0.000735335866921, -0.000742350996006, -3.54090880137e-05, 0.00114095536992, -0.00268004788086, 0.0088926134631, -0.0022087325342, 0.00139828026295], [-0.000360288453521, 0.000791248108726, -0.000799523841124, 0.00133753218688, 0.000199257920031, -1