{"metadata": {"version": {"essentia_git_sha": "v2.1_beta2", "essentia_build_sha": "70f2e5ece6736b2c40cc944ad0e695b16b925413", "extractor": "music 1.0", "essentia": "2.1-beta2"}, "audio_properties": {"analysis_sample_rate": 44100, "md5_encoded": "07a9f52e45981277753b3d90a7886b04", "downmix": "mix", "sample_rate": 44100, "equal_loudness": 0, "lossless": true, "codec": "flac", "bit_rate": 0, "length": 435.720001221, "replay_gain": -10.8918895721}, "tags": {"script": ["Latn"], "musicbrainz_releasetrackid": ["cb620ba1-1fe1-3567-881b-90883b630bc4"], "releasecountry": ["DE"], "releasestatus": ["official"], "musicbrainz_artistid": ["a9ca769d-42b3-4a17-b111-1b49d61339c4"], "catalognumber": ["BPC 130"], "label": ["BPitch Control"], "date": ["2006"], "disctotal": ["1"], "musicbrainz_albumid": ["2d9facfb-c0ed-4051-84fe-f39363706633"], "tracktotal": ["05"], "acoustid_id": ["3299b5ec-5424-4990-a516-444254282d07"], "album": ["BPitch Control Releases June 2006"], "discnumber": ["1"], "artistsort": ["Smash TV"], "file_name": "01 - Smash TV - Yellow Asteroids [BPitch Control].flac", "genre": ["Electronic"], "artist": ["Smash TV"], "tracknumber": ["01"], "totaltracks": ["2"], "originaldate": ["2006-06"], "releasetype": ["single"], "albumartist": ["Smash TV / Paul Kalkbrenner"], "musicbrainz_recordingid": ["10ce3294-32b6-4dc5-b4b3-d93950422779"], "totaldiscs": ["1"], "originalyear": ["2006"], "albumartistsort": ["Smash TV"], "media": ["12\" Vinyl"], "barcode": ["6619956713064"], "title": ["Yellow Asteroids"], "musicbrainz_releasegroupid": ["2d25474c-b56d-3d7e-a24d-b1f64f25ace3"], "musicbrainz_albumartistid": ["a9ca769d-42b3-4a17-b111-1b49d61339c4"]}}, "rhythm": {"beats_loudness": {"var": 0.0204634983093, "mean": 0.243281558156, "dmean2": 0.139289960265, "dvar": 0.00613564858213, "dmean": 0.0761227011681, "max": 0.465918123722, "min": 0, "median": 0.300503700972, "dvar2": 0.0195546522737}, "beats_position": [0.371519267559, 0.766258478165, 1.18421769142, 1.62539684772, 2.08979582787, 2.55419492722, 3.01859402657, 3.48299312592, 3.93578219414, 4.38857126236, 4.85297060013, 5.31736946106, 5.78176879883, 6.24616765976, 6.71056699753, 7.17496585846, 7.6277551651, 8.08054447174, 8.54494285583, 9.0093421936, 9.47374153137, 9.93814086914, 10.4025392532, 10.866938591, 11.3197278976, 11.7725172043, 12.2369155884, 12.7013149261, 13.1657142639, 13.6301136017, 14.0945119858, 14.5589113235, 15.0233106613, 15.4760990143, 15.9288883209, 16.3932876587, 16.8576869965, 17.3220863342, 17.786485672, 18.2508831024, 18.7152824402, 19.1680717468, 19.6208610535, 20.0852603912, 20.549659729, 21.0140590668, 21.4784584045, 21.942855835, 22.4072551727, 22.8600444794, 23.312833786, 23.7772331238, 24.2416324615, 24.7060317993, 25.1704311371, 25.6348285675, 26.0992279053, 26.5520172119, 27.0048065186, 27.4692058563, 27.9336051941, 28.3980045319, 28.8624038696, 29.3268013, 29.7912006378, 30.2439899445, 30.6967792511, 31.1611785889, 31.6255779266, 32.0899772644, 32.5543746948, 33.0187759399, 33.4831733704, 33.935962677, 34.3887519836, 34.8531494141, 35.3175506592, 35.7819480896, 36.2463493347, 36.7107467651, 37.1751480103, 37.6279373169, 38.0807266235, 38.545124054, 39.0095214844, 39.4739227295, 39.9383201599, 40.402721405, 40.8671188354, 41.3315200806, 41.7843093872, 42.2370948792, 42.7014961243, 43.1658935547, 43.6302947998, 44.0946922302, 44.5590934753, 45.0234909058, 45.4762802124, 45.929069519, 46.3934669495, 46.8578681946, 47.322265625, 47.7866668701, 48.2510643005, 48.7154655457, 49.1682548523, 49.6210403442, 50.0854415894, 50.5498390198, 51.0142402649, 51.4786376953, 51.9430389404, 52.4074363708, 52.8602256775, 53.3130149841, 53.7774124146, 54.2418136597, 54.7062110901, 55.1706123352, 55.6350097656, 56.0994110107, 56.5522003174, 57.0049858093, 57.4693870544, 57.9337844849, 58.39818573, 58.8625831604, 59.3269844055, 59.7913818359, 60.2441711426, 60.6969604492, 61.1613578796, 61.6257591248, 62.0901565552, 62.5545578003, 63.0189552307, 63.4833564758, 63.9477539062, 64.4005432129, 64.8533325195, 65.3177337646, 65.7821273804, 66.2465286255, 66.7109298706, 67.1753311157, 67.6281204224, 68.0809020996, 68.5453033447, 69.0097045898, 69.474105835, 69.9384994507, 70.4029006958, 70.8673019409, 71.3200912476, 71.7728805542, 72.2372741699, 72.701675415, 73.1660766602, 73.6304779053, 74.094871521, 74.5592727661, 75.0120620728, 75.4648513794, 75.9292526245, 76.3936462402, 76.8580474854, 77.3224487305, 77.7868499756, 78.2512435913, 78.7156448364, 79.1684341431, 79.6212234497, 80.0856246948, 80.5500183105, 81.0144195557, 81.4788208008, 81.9432220459, 82.4076156616, 82.9184570312, 83.3248062134, 83.7543716431, 84.1258926392, 84.4741897583, 84.8224945068, 85.170791626, 85.5190887451, 85.8673934937, 86.2040786743, 86.5407714844, 86.8890686035, 87.2373657227, 87.5856704712, 87.9455795288, 88.3054885864, 88.6770019531, 89.1762313843, 89.6522445679, 90.1398620605, 90.6274795532, 91.1150970459, 91.6143264771, 92.0787277222, 92.5547409058, 93.0191345215, 93.4835357666, 93.9363250732, 94.3891143799, 94.853515625, 95.3179092407, 95.7823104858, 96.246711731, 96.7111129761, 97.1755065918, 97.6282958984, 98.0926971436, 98.5454864502, 99.0098876953, 99.474281311, 99.9386825562, 100.403083801, 100.867477417, 101.320266724, 101.77305603, 102.237457275, 102.701858521, 103.166259766, 103.630653381, 104.095054626, 104.559455872, 105.023849487, 105.476638794, 105.929428101, 106.393829346, 106.858230591, 107.322631836, 107.787025452, 108.251426697, 108.715827942, 109.168617249, 109.621406555, 110.085800171, 110.550201416, 111.014602661, 111.479003906, 111.943397522, 112.407798767, 112.872200012, 113.31337738, 113.777778625, 114.242172241, 114.706573486, 115.170974731, 115.635368347, 116.088157654, 116.552558899, 117.005348206, 117.469749451, 117.934150696, 118.398544312, 118.862945557, 119.327346802, 119.791740417, 120.244529724, 120.697319031, 121.161720276, 121.626121521, 122.090522766, 122.554916382, 123.019317627, 123.483718872, 123.936508179, 124.389297485, 124.853691101, 125.318092346, 125.782493591, 126.246894836, 126.711288452, 127.175689697, 127.640090942, 128.081268311, 128.545669556, 129.010070801, 129.474472046, 129.938858032, 130.403259277, 130.867660522, 131.332061768, 131.784851074, 132.237640381, 132.702041626, 133.166442871, 133.630844116, 134.095230103, 134.559631348, 135.012420654, 135.465209961, 135.929611206, 136.394012451, 136.858413696, 137.322814941, 137.787200928, 138.251602173, 138.704391479, 139.157180786, 139.621582031, 140.085983276, 140.550384521, 141.014785767, 141.479187012, 141.943572998, 142.396362305, 142.849151611, 143.313552856, 143.777954102, 144.242355347, 144.706756592, 145.171157837, 145.635559082, 146.099945068, 146.552734375, 147.005523682, 147.469924927, 147.934326172, 148.398727417, 148.863128662, 149.327529907, 149.791931152, 150.372421265, 150.941314697, 151.626296997, 152.322906494, 153.019500732, 153.716094971, 154.401092529, 155.086074829, 155.782669067, 156.479278564, 157.175872803, 157.860855103, 158.545852661, 159.242446899, 159.939041138, 160.635650635, 161.320632935, 162.005615234, 162.702224731, 163.39881897, 164.095413208, 164.850067139, 165.604721069, 166.37097168, 167.090789795, 167.787384033, 168.48399353, 169.180587769, 169.865570068, 170.550567627, 171.247161865, 171.943756104, 172.640365601, 173.3253479, 174.0103302, 174.706939697, 175.403533936, 176.100128174, 176.785125732, 177.470108032, 178.166702271, 178.863311768, 179.617950439, 180.37260437, 181.138870239, 181.858688354, 182.555282593, 183.251876831, 183.948471069, 184.633468628, 185.318450928, 186.015060425, 186.711654663, 187.408248901, 188.10484314, 188.789840698, 189.474822998, 190.171432495, 190.868026733, 191.553009033, 192.238006592, 192.93460083, 193.631195068, 194.304580688, 194.838638306, 195.384307861, 195.941589355, 196.394378662, 196.858764648, 197.323165894, 197.787567139, 198.251968384, 198.70475769, 199.157546997, 199.621948242, 200.086349487, 200.550750732, 201.015136719, 201.479537964, 201.943939209, 202.396728516, 202.849517822, 203.313919067, 203.778320312, 204.242721558, 204.707122803, 205.171508789, 205.635910034, 206.100311279, 206.553100586, 207.005889893, 207.470291138, 207.934692383, 208.399093628, 208.863494873, 209.327880859, 209.792282104, 210.245071411, 210.709472656, 211.162261963, 211.638275146, 212.091064453, 212.555465698, 213.019866943, 213.48425293, 213.937042236, 214.389831543, 214.854232788, 215.318634033, 215.783035278, 216.247436523, 216.711837769, 217.164627075, 217.617416382, 218.081817627, 218.546203613, 219.010604858, 219.475006104, 219.939407349, 220.403808594, 220.868209839, 221.320999146, 221.773788452, 222.238174438, 222.702575684, 223.166976929, 223.631378174, 224.095779419, 224.560180664, 225.012969971, 225.465759277, 225.930160522, 226.394546509, 226.858947754, 227.323348999, 227.776138306, 228.228927612, 228.67010498, 228.983581543, 229.308654785, 229.645339966, 229.993652344, 230.330337524, 230.678634644, 231.015319824, 231.363616943, 231.711929321, 232.06022644, 232.40852356, 232.756820679, 233.105117798, 233.453414917, 233.801712036, 234.150024414, 234.486709595, 234.823394775, 235.171691895, 235.519989014, 235.868301392, 236.216598511, 236.56489563, 236.913192749, 237.261489868, 237.598175049, 237.934875488, 238.283172607, 238.631469727, 238.956542969, 239.397735596, 239.850509644, 240.30329895, 240.756088257, 241.208877563, 241.673278809, 242.137680054, 242.59046936, 243.043258667, 243.507659912, 243.972061157, 244.436462402, 244.889251709, 245.342041016, 245.806442261, 246.270828247, 246.735229492, 247.199630737, 247.664031982, 248.116821289, 248.569610596, 249.034011841, 249.498413086, 249.962814331, 250.427200317, 250.891601562, 251.344390869, 251.797180176, 252.261581421, 252.725982666, 253.190383911, 253.654785156, 254.119186401, 254.571975708, 255.024749756, 255.465942383, 255.930328369, 256.394744873, 256.859130859, 257.323547363, 257.78793335, 258.252319336, 258.705108643, 259.157897949, 259.622314453, 260.086700439, 260.551116943, 261.01550293, 261.479919434, 261.94430542, 262.397094727, 262.849884033, 263.31427002, 263.778686523, 264.24307251, 264.707489014, 265.171875, 265.636291504, 266.10067749, 266.553466797, 267.006256104, 267.47064209, 267.935058594, 268.39944458, 268.863861084, 269.32824707, 269.792633057, 270.245422363, 270.69821167, 271.162628174, 271.62701416, 272.091430664, 272.55581665, 273.020233154, 273.484619141, 273.937408447, 274.390197754, 274.85458374, 275.319000244, 275.78338623, 276.247802734, 276.712188721, 277.164978027, 277.617767334, 278.082183838, 278.546569824, 279.010955811, 279.475372314, 279.939758301, 280.404174805, 280.868560791, 281.321350098, 281.774139404, 282.238555908, 282.702941895, 283.167327881, 283.620117188, 284.154174805, 284.699859619, 285.257141113, 285.930511475, 286.627105713, 287.323699951, 288.020324707, 288.716918945, 289.401885986, 290.086883545, 290.783477783, 291.480072021, 292.176696777, 292.850067139, 293.546661377, 294.243255615, 294.939849854, 295.636444092, 296.344665527, 297.076080322, 297.819122314, 298.562164307, 299.305206299, 300.013427734, 300.698394775, 301.395019531, 302.09161377, 302.788208008, 303.484802246, 304.169799805, 304.854766846, 305.551391602, 306.24798584, 306.944580078, 307.629577637, 308.326171875, 309.011138916, 309.707763672, 310.40435791, 311.100952148, 311.77432251, 312.470916748, 313.167510986, 313.887329102, 314.630371094, 315.373413086, 316.139678955, 316.85949707, 317.556091309, 318.252685547, 318.937683105, 319.622680664, 320.319274902, 321.015869141, 321.712463379, 322.409057617, 323.094055176, 323.779052734, 324.475646973, 325.172241211, 325.868835449, 326.553833008, 327.238800049, 327.935424805, 328.6668396, 329.398284912, 330.141296387, 330.907562256, 331.627380371, 332.323974609, 333.020568848, 333.717193604, 334.402160645, 335.087158203, 335.783752441, 336.48034668, 337.176940918, 337.873565674, 338.546936035, 339.243530273, 339.940124512, 340.532226562, 341.14755249, 341.751281738, 342.238891602, 342.703308105, 343.167694092, 343.632110596, 344.096496582, 344.560913086, 345.013702393, 345.466491699, 345.930877686, 346.395263672, 346.859680176, 347.324066162, 347.788482666, 348.252868652, 348.705657959, 349.158447266, 349.62286377, 350.087249756, 350.551635742, 351.016052246, 351.480438232, 351.944854736, 352.397644043, 352.85043335, 353.314819336, 353.77923584, 354.243621826, 354.708007812, 355.172424316, 355.636810303, 356.089599609, 356.542388916, 357.00680542, 357.471191406, 357.93560791, 358.399993896, 358.864379883, 359.328796387, 359.677093506, 360.025390625, 360.373687744, 360.721984863, 361.070281982, 361.418579102, 361.755279541, 362.09197998, 362.4402771, 362.788574219, 363.136871338, 363.485168457, 363.833465576, 364.181762695, 364.530059814, 364.878356934, 365.226654053, 365.563354492, 365.911651611, 366.248352051, 366.59664917, 366.944946289, 367.293243408, 367.641540527, 367.989837646, 368.338134766, 368.674835205, 369.023132324, 369.383026123, 369.754547119, 370.126068115, 370.509185791, 370.880706787, 371.252227783, 371.751464844, 372.227478027, 372.703491211, 373.167877197, 373.632293701, 374.096679688, 374.561096191, 375.013885498, 375.466674805, 375.931060791, 376.395446777, 376.859863281, 377.324249268, 377.788665771, 378.253051758, 378.705841064, 379.170257568, 379.623016357, 380.087432861, 380.551818848, 381.016235352, 381.480621338, 381.945037842, 382.397827148, 382.850616455, 383.315002441, 383.779388428, 384.243804932, 384.708190918, 385.172607422, 385.636993408, 386.089782715, 386.542572021, 387.006988525, 387.471374512, 387.935760498, 388.400177002, 388.864562988, 389.328979492, 389.781768799, 390.234558105, 390.698944092, 391.163360596, 391.627746582, 392.092132568, 392.556549072, 393.020935059, 393.485351562, 393.938140869, 394.390930176, 394.855316162, 395.319732666, 395.784118652, 396.248504639, 396.712921143, 397.165710449, 397.618499756, 398.082885742, 398.547302246, 399.011688232, 399.476104736, 399.940490723, 400.404876709, 400.869293213, 401.32208252, 401.774871826, 402.239257812, 402.703674316, 403.168060303, 403.632476807, 404.096862793, 404.561248779, 405.014038086, 405.466827393, 405.931243896, 406.395629883, 406.860046387, 407.324432373, 407.788848877, 408.253234863, 408.70602417, 409.158813477, 409.623199463, 410.087615967, 410.552001953, 411.016418457, 411.480804443, 411.945220947, 412.398010254, 412.86239624, 413.315185547, 413.779571533, 414.243988037, 414.708374023, 415.172790527, 415.637176514, 416.08996582, 416.542755127, 417.007171631, 417.471557617, 417.935943604, 418.400360107, 418.864746094, 419.329162598, 419.781951904, 420.246337891, 420.699127197, 421.163543701, 421.627929688, 422.092315674, 422.556732178, 423.021118164, 423.473907471, 423.938323975, 424.391113281, 424.855499268, 425.319915771, 425.784301758, 426.248687744, 426.713104248, 427.165893555, 427.630279541, 428.083068848, 428.547485352, 429.011871338, 429.464660645, 429.824584961, 430.17288208, 430.521179199, 430.881072998, 431.229370117, 431.577667236, 431.937591553, 432.309112549, 432.703857422, 433.086975098, 433.470092773, 433.83001709, 434.201538086, 434.561431885, 434.921356201], "bpm_histogram_first_peak_spread": {"var": 0, "mean": 0.256778359413, "dmean2": 0, "dvar": 0, "dmean": 0, "max": 0.256778359413, "min": 0.256778359413, "median": 0.256778359413, "dvar2": 0}, "danceability": 1.96692156792, "bpm_histogram_second_peak_weight": {"var": 0, "mean": 0.0888638943434, "dmean2": 0, "dvar": 0, "dmean": 0, "max": 0.0888638943434, "min": 0.0888638943434, "median": 0.0888638943434, "dvar2": 0}, "bpm_histogram_first_peak_weight": {"var": 0, "mean": 0.524184465408, "dmean2": 0, "dvar": 0, "dmean": 0, "max": 0.524184465408, "min": 0.524184465408, "median": 0.524184465408, "dvar2": 0}, "bpm": 129.998748779, "bpm_histogram_second_peak_spread": {"var": 0, "mean": 0.373015880585, "dmean2": 0, "dvar": 0, "dmean": 0, "max": 0.373015880585, "min": 0.373015880585, "median": 0.373015880585, "dvar2": 0}, "bpm_histogram_second_peak_bpm": {"var": 0, "mean": 86, "dmean2": 0, "dvar": 0, "dmean": 0, "max": 86, "min": 86, "median": 86, "dvar2": 0}, "beats_count": 890, "beats_loudness_band_ratio": {"var": [0.0978417620063, 0.00199635676108, 0.00398783804849, 0.0122388647869, 0.00746337790042, 0.0123628033325], "mean": [0.818881094456, 0.0221630930901, 0.0309752188623, 0.0490256398916, 0.0357655659318, 0.042116984725], "dmean2": [0.204963952303, 0.0499358773232, 0.0492911338806, 0.0812189206481, 0.0522992685437, 0.0712179243565], "dvar": [0.0397924296558, 0.00257480167784, 0.00230722478591, 0.00784438755363, 0.00344203319401, 0.010228597559], "dmean": [0.108825273812, 0.0260325651616, 0.0265850592405, 0.0438175015152, 0.0286535993218, 0.0390457175672], "max": [0.999922513962, 0.389214485884, 0.612476110458, 0.777703940868, 0.629129827023, 0.941185832024], "min": [0, 0, 0, 0, 0, 0], "median": [0.973858356476, 0.00429394282401, 0.0053376276046, 0.00533455936238, 0.0042682280764, 0.00623835995793], "dvar2": [0.123571559787, 0.00842901319265, 0.00699041876942, 0.0240560285747, 0.0100766904652, 0.029838996008]}, "onset_rate": 5.79711389542, "bpm_histogram_first_peak_bpm": {"var": 0, "mean": 129, "dmean2": 0, "dvar": 0, "dmean": 0, "max": 129, "min": 129, "median": 129, "dvar2": 0}}, "lowlevel": {"hfc": {"var": 774.80090332, "mean": 21.2580528259, "dmean2": 20.8969745636, "dvar": 600.109069824, "dmean": 13.5147619247, "max": 204.530258179, "min": 1.07112557197e-16, "median": 10.6404390335, "dvar2": 1545.26525879}, "barkbands_spread": {"var": 384.90234375, "mean": 21.7125244141, "dmean2": 17.0593566895, "dvar": 196.726409912, "dmean": 11.0617761612, "max": 131.019119263, "min": 0.0348382294178, "median": 18.5631141663, "dvar2": 460.785858154}, "spectral_spread": {"var": 14187451383800.0, "mean": 5843567, "dmean2": 2133517, "dvar": 2828065308670.0, "dmean": 1475961.75, "max": 43093048, "min": 322813.71875, "median": 5027234, "dvar2": 6198998859780.0}, "spectral_energy": {"var": 0.0102723110467, "mean": 0.0739639997482, "dmean2": 0.0404583960772, "dvar": 0.00264343852177, "dmean": 0.0358601659536, "max": 0.497460007668, "min": 1.00686435566e-20, "median": 0.0311039723456, "dvar2": 0.00303318770602}, "gfcc": {"icov": [[8.24469316285e-05, -0.00018816984084, 3.65386149497e-05, -0.000222261427552, 0.000190544436919, -0.000145340236486, 0.000181848095963, -0.000213003353565, 0.000385091843782, -0.000301762484014, 9.8626172985e-05, 6.09515300312e-05, 9.53036797e-05], [-0.00018816984084, 0.00113760086242, -0.000278641586192, 0.000570663192775, -0.000605691340752, 0.00127871963196, -0.000909212394617, 0.00118938984815, -0.00135211506858, 0.000378922646632, -0.000427572609624, 0.000564434740227, -0.000958662945777], [3.65386149497e-05, -0.000278641586192, 0.000755210348871, -0.000252855563303, -0.00102218193933, -0.000568021670915, 0.000912421091925, -0.000669875764288, 0.000812448561192, 0.000409644795582, -0.000298024649965, -0.000214595638681, 0.000576167425606], [-0.000222261427552, 0.000570663192775, -0.000252855563303, 0.00264801247977, -0.00042931761709, -0.00151830958202, -0.00162070419174, 0.00222869450226, -0.00132489390671, 0.00124648434576, -0.000247123214649, -0.000288592273137, -0.000717263086699], [0.000190544436919, -0.000605691340752, -0.00102218193933, -0.00042931761709, 0.00514436513186, -0.00111751258373, -0.00294647971168, -0.000522753456607, 0.000510119774844, -0.00200769747607, 0.00172694167122, 0.0011839736253, -0.0012460531434], [-0.000145340236486, 0.00127871963196, -0.000568021670915, -0.00151830958202, -0.00111751258373, 0.0108583308756, -0.00127045414411, -0.00558494403958, -0.00044655619422, -0.000975337054115, 0.000755722925533, 0.00236242380925, -0.00225663301535], [0.000181848095963, -0.000909212394617, 0.000912421091925, -0.00162070419174, -0.00294647971168, -0.00127045414411, 0.013080152683, -0.00344763789326, -0.00512683438137, 0.00165528152138, -0.00443949084729, -0.000331338262185, 0.00120338250417], [-0.000213003353565, 0.00118938984815, -0.000669875764288, 0.00222869450226, -0.000522753456607, -0.00558494403958, -0.00344763789326, 0.0169508513063, -0.00217807502486, -0.00294122099876, 0.00264406693168, -0.00733098899946, 0.000737344496883], [0.000385091843782, -0.00135211506858, 0.000812448561192, -0.00132489390671, 0.000510119774844, -0.00044655619422, -0.00512683438137, -0.00217807502486, 0.0217282120138, -0.00535087613389, -0.00555602833629, 0.00746651459485, -0.0076597626321], [-0.000301762484014, 0.000378922646632, 0.000409644795582, 0.00124648434576, -0.00200769747607, -0.000975337054115, 0.00165528152138, -0.00294122099876, -0.00535087613389, 0.0147992866114, -0.00229143514298, -0.00673285778612, 0.00815158896148], [9.8626172985e-05, -0.000427572609624, -0.000298024649965, -0.000247123214649, 0.00172694167122, 0.000755722925533, -0.00443949084729, 0.00264406693168, -0.00555602833629, -0.00229143514298, 0.0193311534822, -0.00518791703507, -0.0032455578912], [6.09515300312e-05, 0.000564434740227, -0.000214595638681, -0.000288592273137, 0.0011839736253, 0.00236242380925, -0.000331338262185, -0.00733098899946, 0.00746651459485, -0.00673285778612, -0.00518791703507, 0.0230803284794, -0.00913913827389], [9.53036797e-05, -0.000958662945777, 0.000576167425606, -0.000717263086699, -0.0012460531434, -0.00225663301535, 0.00120338250417, 0.000737344496883, -0.0076597626321, 0.00815158896148, -0.0032455578912, -0.00913913827389, 0.027987645939]], "mean": [-74.7565689087, 61.7389678955, -113.054740906, 42.9786529541, -43.3895225525, 31.6034507751, -21.6129608154, 20.0285587311, -13.4821453094, 12.9034671783, -8.3889131546, 5.31505060196, -2.3937458992], "cov": [[26379.875, 1624.84716797, -385.0625, 664.477111816, -1024.42468262, -12.6327457428, -750.287231445, -29.1133365631, -600.074707031, 289.560058594, -362.353973389, 2.52541327477, -312.579498291], [1624.84716797, 3609.70532227, 263.30355835, 286.672790527, 476.785552979, -376.567596436, 482.017486572, -416.020080566, 446.599945068, -225.792678833, 295.647857666, -245.19960022, 243.343856812], [-385.0625, 263.30355835, 3483.22167969, 540.76776123, 1084.68286133, 531.841247559, 215.829406738, 339.357513428, -2.31121706963, 83.921585083, -16.5442123413, 63.6583518982, 19.228307724], [664.477111816, 286.672790527, 540.76776123, 941.529541016, 395.030609131, 251.140579224, 309.69833374, 27.0522708893, 179.426452637, -38.4273643494, 103.017425537, -28.5084400177, 107.2970047], [-1024.42468262, 476.785552979, 1084.68286133, 395.030609131, 802.551147461, 263.171966553, 352.001495361, 140.978683472, 182.663726807, 47.5030326843, 90.569442749, -0.578448235989, 92.1852874756], [-12.6327457428, -376.567596436, 531.841247559, 251.140579224, 263.171966553, 341.380340576, 112.290618896, 199.597839355, 25.8252429962, 86.8393325806, -0.739374995232, 55.2701950073, 11.5251302719], [-750.287231445, 482.017486572, 215.829406738, 309.69833374, 352.001495361, 112.290618896, 367.529205322, 43.5813217163, 215.198806763, 1.31761109829, 140.148727417, -12.0288696289, 101.170921326], [-29.1133365631, -416.020080566, 339.357513428, 27.0522708893, 140.978683472, 199.597839355, 43.5813217163, 237.130874634, -13.556014061, 115.584228516, -14.8229951859, 90.577507019, -15.7111177444], [-600.074707031, 446.599945068, -2.31121706963, 179.426452637, 182.663726807, 25.8252429962, 215.198806763, -13.556014061, 209.631881714, -6.52000236511, 114.986984253, -30.1350059509, 86.0715255737], [289.560058594, -225.792678833, 83.921585083, -38.4273643494, 47.5030326843, 86.8393325806, 1.31761109829, 115.584228516, -6.52000236511, 161.183837891, 1.03642046452, 67.1090698242, -32.1137771606], [-362.353973389, 295.647857666, -16.5442123413, 103.017425537, 90.569442749, -0.739374995232, 140.148727417, -14.8229951859, 114.986984253, 1.03642046452, 131.82019043, 4.29943084717, 60.5372047424], [2.52541327477, -245.19960022, 63.6583518982, -28.5084400177, -0.578448235989, 55.2701950073, -12.0288696289, 90.577507019, -30.1350059509, 67.1090698242, 4.29943084717, 102.082015991, -1.84777641296], [-312.579498291, 243.343856812, 19.228307724, 107.2970047, 92.1852874756, 11.5251302719, 101.170921326, -15.7111177444, 86.0715255737, -32.1137771606, 60.5372047424, -1.84777641296, 87.9075317383]]}, "silence_rate_60dB": {"var": 0.189708486199, "mean": 0.25450283289, "dmean2": 0.260925173759, "dvar": 0.113423153758, "dmean": 0.130455642939, "max": 1, "min": 0, "median": 0, "dvar2": 0.214913934469}, "spectral_centroid": {"var": 1479882.5, "mean": 1888.1685791, "dmean2": 710.517028809, "dvar": 284551.71875, "dmean": 474.889312744, "max": 11804.0185547, "min": 43.5450935364, "median": 1859.58081055, "dvar2": 592610}, "spectral_complexity": {"var": 158.047103882, "mean": 12.1821374893, "dmean2": 8.02430152893, "dvar": 45.941318512, "dmean": 5.47412729263, "max": 61, "min": 0, "median": 7, "dvar2": 85.4530715942}, "melbands_spread": {"var": 1338.76257324, "mean": 29.1554813385, "dmean2": 23.2197723389, "dvar": 603.362670898, "dmean": 15.2068691254, "max": 287.660583496, "min": 0.0238835606724, "median": 17.0486488342, "dvar2": 1387.48413086}, "spectral_strongpeak": {"var": 1.165168643, "mean": 0.698318958282, "dmean2": 0.603956222534, "dvar": 0.600243926048, "dmean": 0.397524476051, "max": 19.1142807007, "min": 0, "median": 0.468990623951, "dvar2": 1.32683384418}, "zerocrossingrate": {"var": 0.00673307431862, "mean": 0.0713346228004, "dmean2": 0.026963096112, "dvar": 0.00102086900733, "dmean": 0.0251086633652, "max": 0.529296875, "min": 0.00146484375, "median": 0.044921875, "dvar2": 0.001082705101}, "erbbands_kurtosis": {"var": 318.291931152, "mean": 2.47187376022, "dmean2": 4.85620546341, "dvar": 231.640533447, "dmean": 3.1607336998, "max": 515.181945801, "min": -1.88833594322, "median": -0.201912164688, "dvar2": 524.301574707}, "spectral_energyband_middle_low": {"var": 0.000205670759897, "mean": 0.00669020554051, "dmean2": 0.0119324233383, "dvar": 0.000281288754195, "dmean": 0.00690691079944, "max": 0.127509266138, "min": 1.40685693651e-22, "median": 0.00103248714004, "dvar2": 0.000780020316597}, "erbbands": {"var": [21.2851791382, 181.565811157, 28.7938899994, 134.318618774, 663.080200195, 304.93258667, 225.590637207, 470.771881104, 394.465454102, 119.608535767, 553.58795166, 622.204040527, 882.846313477, 1751.81066895, 460.477203369, 1274.88793945, 4452.69921875, 7199.78857422, 2341.09692383, 1031.4407959, 502.022064209, 4672.00585938, 1561.89147949, 1055.73254395, 494.538635254, 291.178161621, 435.928955078, 717.353881836, 237.71824646, 58.0645523071, 50.7539558411, 94.9798812866, 20.8514480591, 31.5585174561, 62.088092804, 4.46553564072, 0.264516860247, 0.00483695464209, 6.79124514136e-06, 1.87273538899e-08], "mean": [2.7989757061, 7.69936990738, 2.86475253105, 5.05696964264, 6.85639715195, 5.24500131607, 6.20954179764, 9.88134002686, 9.88544559479, 6.47466516495, 12.3760147095, 13.0567245483, 13.9008216858, 19.1904411316, 11.3885641098, 17.1712875366, 23.320224762, 32.8351402283, 23.1713695526, 14.6436405182, 13.1615905762, 18.4729824066, 15.4217796326, 13.6257944107, 10.9437551498, 9.33566188812, 10.4622163773, 10.1015872955, 6.80436515808, 3.87229824066, 3.2216501236, 3.68837094307, 1.91349315643, 2.20863032341, 2.32241463661, 0.767701327801, 0.172402575612, 0.0204164404422, 0.000756706343964, 0.000105663057184], "dmean2": [1.86085534096, 6.85122108459, 3.78923869133, 8.96813774109, 19.1631240845, 13.926235199, 11.2565011978, 17.6349830627, 13.8709630966, 8.3774805069, 15.0833673477, 17.062084198, 19.0993614197, 32.7602767944, 13.8555450439, 15.8016252518, 21.3131484985, 32.2164230347, 28.3086395264, 20.8985042572, 14.4846315384, 19.7319107056, 15.0072574615, 12.2864780426, 15.7778491974, 9.55483722687, 9.85141563416, 10.9441318512, 6.91146707535, 5.49277687073, 5.29260253906, 8.06443786621, 3.9936068058, 3.97973966599, 5.67504692078, 1.25632297993, 0.315303057432, 0.0469175875187, 0.00183788919821, 8.07175238151e-05], "dvar": [7.26637792587, 98.7137908936, 24.2842082977, 167.159118652, 1136.21948242, 535.076049805, 227.277084351, 456.562011719, 289.838165283, 80.7442398071, 294.848419189, 374.810302734, 533.944641113, 2294.05200195, 277.636474609, 509.351287842, 1266.98498535, 2490, 1157.56799316, 881.479431152, 288.010192871, 1433.75769043, 642.231140137, 404.358795166, 470.376983643, 159.99571228, 237.259475708, 306.497467041, 113.609672546, 57.5531959534, 56.2199630737, 146.426818848, 28.5737915039, 34.2546272278, 89.940032959, 4.0681681633, 0.275612235069, 0.00643673818558, 9.74546310317e-06, 9.0955696308e-09], "dmean": [1.61586606503, 5.05321264267, 2.46979093552, 5.4069070816, 10.3431549072, 7.48032140732, 6.51006031036, 10.191576004, 8.52503108978, 5.17713832855, 9.19187355042, 10.3040237427, 11.5319299698, 19.058713913, 8.6372461319, 10.6876430511, 13.8972854614, 20.2506523132, 17.0560493469, 12.1807966232, 8.91581249237, 12.0618228912, 9.43640041351, 8.02573204041, 9.23455047607, 6.12840509415, 6.5139336586, 6.94698143005, 4.56493282318, 3.35429620743, 3.13626194, 4.55435037613, 2.34341096878, 2.52354931831, 3.27305936813, 0.832260012627, 0.203157514334, 0.0277625452727, 0.00105514342431, 5.78263716307e-05], "max": [23.6742725372, 85.023109436, 48.2429695129, 115.790397644, 275.914093018, 208.100296021, 233.181686401, 190.927047729, 190.2915802, 98.3770065308, 270.754699707, 339.073577881, 368.494110107, 782.028259277, 431.646331787, 436.252197266, 1071.19689941, 1175.73425293, 1156.80627441, 591.101501465, 628.541015625, 1884.55224609, 751.657958984, 443.99407959, 437.410308838, 441.332946777, 307.905883789, 655.252197266, 332.638671875, 173.796813965, 130.09992981, 133.137298584, 59.7447471619, 60.8226737976, 87.5702056885, 18.3536128998, 4.95626926422, 0.78335750103, 0.0315345935524, 0.000908953486942], "min": [8.83069829966e-23, 4.18884585314e-22, 1.96795759301e-21, 7.22049268651e-21, 1.25297942612e-20, 2.09030608744e-20, 2.20502230591e-20, 3.55767311844e-20, 7.25013919509e-20, 2.2067640704e-19, 2.57228897923e-19, 2.33438537271e-19, 4.0897755944e-19, 1.01743721992e-18, 8.11028256732e-19, 1.18802977958e-18, 1.32857872579e-18, 1.98095053571e-18, 3.32409374074e-18, 1.67619610494e-18, 3.73883734359e-18, 4.26397254187e-18, 4.9928650725e-18, 6.26225395898e-18, 6.52715482784e-18, 7.1022868903e-18, 8.48553057066e-18, 1.01894531493e-17, 9.23143903367e-18, 1.02985094685e-17, 1.020881083e-17, 1.00458653484e-17, 9.37024324918e-18, 6.41586884336e-18, 6.48832076603e-18, 3.68353990605e-18, 2.32152457534e-18, 9.78514959981e-19, 2.38587038651e-19, 2.94729428261e-20], "median": [0.488319039345, 1.57710874081, 0.571190953255, 0.302640497684, 0.302957803011, 0.250239372253, 0.395555019379, 0.515533924103, 0.97546672821, 0.99370265007, 1.08483886719, 1.44102168083, 2.88783884048, 4.77389335632, 2.55392360687, 2.40928530693, 3.4480214119, 3.77127027512, 4.37466144562, 2.67855811119, 3.65954017639, 4.09552574158, 3.57852077484, 3.15136528015, 3.28134632111, 2.74801445007, 2.63967466354, 2.43400931358, 1.97994303703, 1.12820363045, 0.71973156929, 0.524562835693, 0.251995205879, 0.157095730305, 0.0920283049345, 0.0322557985783, 0.00530314445496, 0.000427240447607, 5.58115134481e-05, 4.89171652589e-05], "dvar2": [9.85157680511, 201.24206543, 56.850112915, 446.672546387, 3234.29614258, 1544.82873535, 617.963012695, 1291.22155762, 703.267028809, 196.946533203, 705.275390625, 917.428466797, 1243.58447266, 6308.03466797, 641.869873047, 942.956542969, 2320.70898438, 5052.37646484, 2702.93432617, 2345.2800293, 680.13885498, 3028.66455078, 1429.01721191, 816.345581055, 1254.31811523, 359.530609131, 537.746520996, 628.360229492, 247.790344238, 155.292617798, 155.87449646, 418.413726807, 78.3587646484, 83.9583740234, 246.034194946, 9.04154109955, 0.670966565609, 0.0172861851752, 2.66025745077e-05, 1.9713482402e-08]}, "barkbands_crest": {"var": 49.7848739624, "mean": 14.8684043884, "dmean2": 5.37804460526, "dvar": 14.7244205475, "dmean": 3.52513575554, "max": 26.7681388855, "min": 1.96533024311, "median": 14.6050186157, "dvar2": 30.4807415009}, "melbands_crest": {"var": 113.119644165, "mean": 22.2341156006, "dmean2": 7.15679454803, "dvar": 26.0826873779, "dmean": 4.97032165527, "max": 39.085105896, "min": 1.19585371017, "median": 23.1926193237, "dvar2": 50.0508537292}, "spectral_flux": {"var": 0.0103846304119, "mean": 0.111402317882, "dmean2": 0.0976355597377, "dvar": 0.00531925959513, "dmean": 0.0652374103665, "max": 0.635096728802, "min": 6.44259506855e-11, "median": 0.0862762033939, "dvar2": 0.0102003710344}, "spectral_contrast_valleys": {"var": [6.07670640945, 4.83439779282, 4.23579692841, 3.99565505981, 3.89344716072, 3.90870499611], "mean": [-8.17573451996, -7.83476352692, -7.94607591629, -8.14883899689, -8.1006231308, -10.5088939667], "dmean2": [1.14513075352, 1.25108444691, 1.08791530132, 0.999724030495, 0.851765871048, 1.13176298141], "dvar": [0.767374873161, 0.890223681927, 0.690082728863, 0.599293351173, 0.503285944462, 0.750089645386], "dmean": [0.796140015125, 0.817189276218, 0.714700937271, 0.659909129143, 0.58022415638, 0.817878186703], "max": [-4.81977415085, -4.45501184464, -5.03116607666, -5.42810964584, -5.74392461777, -7.43556451797], "min": [-28.9505596161, -28.3004646301, -27.872882843, -27.6878299713, -27.5412750244, -27.4141616821], "median": [-7.5563120842, -7.59812641144, -7.68382978439, -7.93704414368, -7.66211795807, -10.2057924271], "dvar2": [1.34066557884, 1.90986287594, 1.47511219978, 1.31035709381, 1.09042716026, 1.7541924715]}, "mfcc": {"icov": [[6.94410337019e-05, -2.98085105896e-05, -4.53628890682e-05, -8.00147900009e-05, 0.000152736465679, -3.49253277818e-05, -6.52240851196e-05, 0.000213436462218, -8.90334649739e-06, 1.83463107533e-05, 8.36699473439e-06, -5.79205443501e-05, 0.000205745251151], [-2.98085105896e-05, 0.000464408716653, -2.08158398891e-05, -0.000401161581976, -0.000123818506836, 6.76789568388e-05, 0.00038512898027, 0.000224744013394, 2.39872351813e-05, 1.2421160136e-05, -0.000779564026743, 0.000808355631307, -0.000539949862286], [-4.53628890682e-05, -2.08158398891e-05, 0.00151174922939, -0.000459472648799, -0.0020263036713, 0.000731559353881, -0.000554612604901, -0.000316676188959, 0.00110003049485, -0.000280542852124, 0.000487395271193, 0.000484258780489, -0.000409550091717], [-8.00147900009e-05, -0.000401161581976, -0.000459472648799, 0.00448111817241, -9.60399920586e-05, -0.00498055992648, 0.00100159097929, -0.00187892909162, 0.000421395292506, 0.00179861963261, 0.000271937140496, -0.00130279362202, 0.000277939921943], [0.000152736465679, -0.000123818506836, -0.0020263036713, -9.60399920586e-05, 0.00830151233822, -0.00180455949157, -0.00527270603925, 0.00207633920945, -0.00257159629837, -0.00116160779726, 0.00199384009466, 0.0007144092815, 0.000789865211118], [-3.49253277818e-05, 6.76789568388e-05, 0.000731559353881, -0.00498055992648, -0.00180455949157, 0.0141474660486, -0.00195306888781, -0.000508891476784, -0.00252941716462, -0.0043158265762, 1.38335717565e-05, -0.00145247927867, 0.00189459964167], [-6.52240851196e-05, 0.00038512898027, -0.000554612604901, 0.00100159097929, -0.00527270603925, -0.00195306888781, 0.0187818817794, -0.00816432572901, -0.000489691097755, 0.000305845635012, -0.00621497724205, 0.00158736167941, -0.00243890448473], [0.000213436462218, 0.000224744013394, -0.000316676188959, -0.00187892909162, 0.00207633920945, -0.000508891476784, -0.00816432572901, 0.0183332301676, -0.00781719759107, 0.000356428703526, 0.00297145475633, -0.00268184067681, 0.000940375262871], [-8.90334649739e-06, 2.39872351813e-05, 0.00110003049485, 0.000421395292506, -0.00257159629837, -0.00252941716462, -0.000489691097755, -0.00781719759107, 0.0246657729149, -0.00963712017983, 0.00180216436274, -0.00303785619326, -0.00278286915272], [1.83463107533e-05, 1.2421160136e-05, -0.000280542852124, 0.00179861963261, -0.00116160779726, -0.0043158265762, 0.000305845635012, 0.000356428703526, -0.00963712017983, 0.0288562458009, -0.0171063616872, 0.0126264244318, -0.00595574546605], [8.36699473439e-06, -0.000779564026743, 0.000487395271193, 0.000271937140496, 0.00199384009466, 1.38335717565e-05, -0.00621497724205, 0.00297145475633, 0.00180216436274, -0.0171063616872, 0.0348183996975, -0.0214707683772, 0.00498360302299], [-5.79205443501e-05, 0.000808355631307, 0.000484258780489, -0.00130279362202, 0.0007144092815, -0.00145247927867, 0.00158736167941, -0.00268184067681, -0.00303785619326, 0.0126264244318, -0.0214707683772, 0.0317263193429, -0.0117568094283], [0.000205745251151, -0.000539949862286, -0.000409550091717, 0.000277939921943, 0.000789865211118, 0.00189459964167, -0.00243890448473, 0.000940375262871, -0.00278286915272, -0.00595574546605, 0.00498360302299, -0.0117568094283, 0.020728237927]], "mean": [-711.582275391, 90.5392227173, -1.41538083553, 23.0509719849, 9.25621891022, 17.4992904663, 10.9140291214, 12.0178432465, 11.2096805573, 9.42179012299, 7.82143974304, 7.24236726761, 3.71161532402], "cov": [[18803.4335938, 1635.32849121, -214.861450195, 337.542938232, -686.563415527, -140.922241211, -504.086639404, -508.180267334, -410.214904785, -301.043701172, -136.886367798, -135.340713501, -335.45022583], [1635.32849121, 2878.8449707, 362.445678711, 488.463745117, 169.484649658, 191.242218018, 27.2998390198, -1.07131707668, 37.1418685913, 74.8273696899, 68.7073669434, -17.788974762, 38.5705986023], [-214.861450195, 362.445678711, 1812.38049316, 480.542877197, 770.188781738, 295.274627686, 384.728637695, 225.548522949, 160.281616211, 147.82244873, 23.8289279938, -25.3924751282, 63.4978561401], [337.542938232, 488.463745117, 480.542877197, 731.571716309, 318.048736572, 364.023254395, 207.553268433, 197.270812988, 149.060089111, 95.0055084229, 77.9554977417, 74.3786697388, 49.8919143677], [-686.563415527, 169.484649658, 770.188781738, 318.048736572, 577.527038574, 258.102783203, 297.806030273, 186.820724487, 171.735931396, 140.756332397, 56.913520813, 17.7324523926, 63.0223350525], [-140.922241211, 191.242218018, 295.274627686, 364.023254395, 258.102783203, 304.811920166, 185.740753174, 155.189834595, 141.66545105, 110.714454651, 78.0399093628, 57.8827285767, 49.3497123718], [-504.086639404, 27.2998390198, 384.728637695, 207.553268433, 297.806030273, 185.740753174, 258.425933838, 168.282226562, 137.97845459, 108.868347168, 75.838722229, 49.2270202637, 64.4724273682], [-508.180267334, -1.07131707668, 225.548522949, 197.270812988, 186.820724487, 155.189834595, 168.282226562, 190.136322021, 124.582138062, 79.4666595459, 55.2057609558, 51.26329422, 52.0598220825], [-410.214904785, 37.1418685913, 160.281616211, 149.060089111, 171.735931396, 141.66545105, 137.97845459, 124.582138062, 150.435577393, 95.5270004272, 62.0623283386, 47.7796363831, 57.1202430725], [-301.043701172, 74.8273696899, 147.82244873, 95.0055084229, 140.756332397, 110.714454651, 108.868347168, 79.4666595459, 95.5270004272, 120.218635559, 67.2081375122, 26.3626899719, 46.4661941528], [-136.886367798, 68.7073669434, 23.8289279938, 77.9554977417, 56.913520813, 78.0399093628, 75.838722229, 55.2057609558, 62.0623283386, 67.2081375122, 99.1820068359, 65.3432693481, 40.5497970581], [-135.340713501, -17.788974762, -25.3924751282, 74.3786697388, 17.7324523926, 57.8827285767, 49.2270202637, 51.26329422, 47.7796363831, 26.3626899719, 65.3432693481, 95.9706497192, 49.5936203003], [-335.45022583, 38.5705986023, 63.4978561401, 49.8919143677, 63.0223350525, 49.3497123718, 64.4724273682, 52.0598220825, 57.1202430725, 46.4661941528, 40.5497970581, 49.5936203003, 90.8745346069]]}, "erbbands_flatness_db": {"var": 0.00397818069905, "mean": 0.154566660523, "dmean2": 0.0448194406927, "dvar": 0.00101290899329, "dmean": 0.032297603786, "max": 0.495284736156, "min": 0.0386923030019, "median": 0.14687769115, "dvar2": 0.00213251798414}, "barkbands": {"var": [6.09198104939e-05, 0.00836095586419, 1.10322926048e-05, 3.26450754073e-05, 3.86972606066e-05, 5.51731864107e-06, 1.40566157825e-06, 7.85042686857e-07, 8.9836242978e-07, 1.68662188571e-06, 2.52466122674e-07, 6.059220