{"tonal": {"hpcp": {"dvar": [0.041436817497, 0.0330276191235, 0.0222121886909, 0.0180188789964, 0.0191028807312, 0.0223941318691, 0.0261793881655, 0.021467698738, 0.0157584976405, 0.0139251099899, 0.0183017197996, 0.0186555553228, 0.0227698441595, 0.0154386889189, 0.016982993111, 0.0171889010817, 0.0171238221228, 0.0117767825723, 0.0139829581603, 0.0233813133091, 0.0412497781217, 0.0447201281786, 0.0322029516101, 0.0278041977435, 0.018604721874, 0.02674385719, 0.0302444472909, 0.0314120166004, 0.0160572659224, 0.00955469720066, 0.00897832773626, 0.0139291388914, 0.0195272583514, 0.0240670461208, 0.0311405379325, 0.0412283539772], "var": [0.118581011891, 0.0602468550205, 0.0156603865325, 0.0121528552845, 0.0180297978222, 0.0470521189272, 0.0754219666123, 0.0275131445378, 0.0175169389695, 0.0272492952645, 0.0187578350306, 0.0334444567561, 0.0462502390146, 0.0219301059842, 0.0415815152228, 0.123185053468, 0.0465900152922, 0.0187133159488, 0.0186358578503, 0.0215360410511, 0.131780356169, 0.178110048175, 0.0606407001615, 0.0248516630381, 0.0136181367561, 0.020535312593, 0.0531730204821, 0.0612245611846, 0.0210537631065, 0.00610031560063, 0.00542636029422, 0.0117336241528, 0.0233854949474, 0.0303690880537, 0.0351456776261, 0.0788765475154], "median": [0.0468203537166, 0.0157197993249, 0.000860961386934, 0.000346419168636, 0.000317624537274, 0.00679398654029, 0.0127246910706, 0.00735584832728, 0.000349822919816, 0.000202223847737, 0.000315555196721, 0.00146112893708, 0.00202674744651, 0.00219509960152, 0.000897905090824, 0.000555156904738, 0.000603235908784, 0.000607336580288, 0.000380158046028, 0.0104664582759, 0.0830233469605, 0.170626178384, 0.0696537345648, 0.00114953133743, 0.000383636477636, 0.000844610971399, 0.00341754197143, 0.00432534329593, 0.00206224014983, 0.000375982956029, 0.000246678537223, 0.00035296115675, 0.00114324211609, 0.00229757814668, 0.00933580566198, 0.0436629466712], "max": [1, 1, 1, 1, 1, 1, 1, 1, 1, 1, 1, 1, 1, 1, 1, 1, 1, 1, 1, 1, 1, 1, 1, 1, 1, 1, 1, 1, 1, 1, 1, 1, 1, 1, 1, 1], "dmean": [0.11387642473, 0.0968521684408, 0.0527169816196, 0.0377200730145, 0.0430937223136, 0.059003688395, 0.0635636523366, 0.0567231103778, 0.0352655798197, 0.0312033705413, 0.0382442325354, 0.0445944108069, 0.0489799715579, 0.0424489192665, 0.0514564849436, 0.0422298647463, 0.0526157133281, 0.0335070118308, 0.034589510411, 0.0734273940325, 0.123802624643, 0.112714216113, 0.105662703514, 0.0643440335989, 0.0457151122391, 0.0573963075876, 0.0718722715974, 0.0756307542324, 0.0471803694963, 0.0248520839959, 0.0225707720965, 0.0311508532614, 0.0454932339489, 0.0606262236834, 0.0908666700125, 0.123616121709], "dmean2": [0.19023925066, 0.167187675834, 0.0987989902496, 0.0709676519036, 0.0780782550573, 0.100131779909, 0.107415147126, 0.0993539914489, 0.0649757012725, 0.0573503561318, 0.0712976157665, 0.0769628062844, 0.0832816511393, 0.071845151484, 0.0870431289077, 0.0709282755852, 0.0897619202733, 0.0609471611679, 0.0627516657114, 0.129929542542, 0.199148103595, 0.1895211339, 0.181755259633, 0.115349702537, 0.083346247673, 0.106322079897, 0.125161528587, 0.126813650131, 0.0798797607422, 0.0462812371552, 0.0422835946083, 0.0566541738808, 0.0813971012831, 0.106353320181, 0.161378368735, 0.212201222777], "mean": [0.239980623126, 0.136769533157, 0.0384138301015, 0.0244201757014, 0.0359986610711, 0.0965665057302, 0.133297398686, 0.0732836946845, 0.0353104099631, 0.0407392159104, 0.0386808030307, 0.0614897012711, 0.0784751325846, 0.0510648712516, 0.100788973272, 0.178814947605, 0.108928620815, 0.0370563641191, 0.0366781838238, 0.0775811895728, 0.302909165621, 0.38935393095, 0.185384273529, 0.0569424442947, 0.032335255295, 0.0438843630254, 0.100874781609, 0.115600727499, 0.0562513247132, 0.016655344516, 0.0140643958002, 0.0246565211564, 0.0476314611733, 0.066064812243, 0.0892988890409, 0.184356793761], "dvar2": [0.0885764509439, 0.0877712666988, 0.064756847918, 0.052683275193, 0.0536696873605, 0.0555560812354, 0.0580195747316, 0.0566660165787, 0.0444037169218, 0.0382615067065, 0.0505484677851, 0.047465570271, 0.0516985505819, 0.0366818904877, 0.0433419235051, 0.0373725555837, 0.0445316396654, 0.031841289252, 0.0385286659002, 0.0665937140584, 0.0955099388957, 0.0988037884235, 0.0890140160918, 0.07661537081, 0.0514424331486, 0.0766705274582, 0.0770818218589, 0.0801159590483, 0.0418940745294, 0.0271529480815, 0.0259883385152, 0.0373650081456, 0.0499731004238, 0.0628719180822, 0.0862567946315, 0.103599324822], "min": [0, 0, 0, 0, 0, 0, 0, 0, 0, 0, 0, 0, 0, 0, 0, 0, 0, 0, 0, 0, 0, 0, 0, 0, 0, 0, 0, 0, 0, 0, 0, 0, 0, 0, 0, 0]}, "key_key": "A", "thpcp": [1, 0.476133048534, 0.146248534322, 0.0830484852195, 0.112710721791, 0.259082466364, 0.296903967857, 0.144473493099, 0.0427768751979, 0.036122392863, 0.0633267536759, 0.122334606946, 0.169678047299, 0.229351446033, 0.473494112492, 0.616355955601, 0.351273030043, 0.0986604392529, 0.062719732523, 0.092457421124, 0.248017281294, 0.342355340719, 0.188218712807, 0.0906897485256, 0.104632861912, 0.0993461236358, 0.157927528024, 0.201552182436, 0.131152838469, 0.25886207819, 0.459260672331, 0.279767602682, 0.095173984766, 0.0942026823759, 0.199256211519, 0.777978956699], "chords_key": "A", "tuning_equal_tempered_deviation": 0.0300228707492, "tuning_frequency": 441.017791748, "tuning_diatonic_strength": 0.636684000492, "chords_histogram": [32.6213607788, 2.93419623375, 29.6224384308, 1.40237319469, 0.711974084377, 0.345199555159, 0, 1.05717372894, 0.366774529219, 0.280474662781, 1.03559875488, 2.76159644127, 0.194174751639, 0, 0.258899688721, 1.51024806499, 0, 4.09924507141, 0.0647249221802, 0.625674188137, 1.05717372894, 2.97734618187, 9.83818817139, 6.23516702652], "key_strength": 0.846120297909, "key_scale": "major", "chords_strength": {"dvar": 0.000519370194525, "var": 0.0365274138749, "median": 0.513796031475, "max": 0.768380880356, "dmean": 0.00958100147545, "dmean2": 0.00773940095678, "mean": 0.488198667765, "dvar2": 0.000895280216355, "min": -1}, "chords_number_rate": 0.00280474638566, "tuning_nontempered_energy_ratio": 0.654361844063, "hpcp_entropy": {"dvar": 0.222127720714, "var": 0.49237716198, "median": 1.60424554348, "max": 4.44696760178, "dmean": 0.471394717693, "dmean2": 0.796152591705, "mean": 1.56080508232, "dvar2": 0.557335197926, "min": 0}, "chords_changes_rate": 0.0522114336491, "chords_scale": "major"}, "rhythm": {"bpm_histogram_first_peak_spread": {"dvar": 0, "var": 0, "median": 0.498800933361, "max": 0.498800933361, "dmean": 0, "dmean2": 0, "mean": 0.498800933361, "dvar2": 0, "min": 0.498800933361}, "bpm_histogram_first_peak_weight": {"dvar": 0, "var": 0, "median": 0.441860467196, "max": 0.441860467196, "dmean": 0, "dmean2": 0, "mean": 0.441860467196, "dvar2": 0, "min": 0.441860467196}, "bpm_histogram_first_peak_bpm": {"dvar": 0, "var": 0, "median": 136, "max": 136, "dmean": 0, "dmean2": 0, "mean": 136, "dvar2": 0, "min": 136}, "bpm": 135.273254395, "bpm_histogram_second_peak_weight": {"dvar": 0, "var": 0, "median": 0.0591966174543, "max": 0.0591966174543, "dmean": 0, "dmean2": 0, "mean": 0.0591966174543, "dvar2": 0, "min": 0.0591966174543}, "beats_loudness": {"dvar": 0.00121023575775, "var": 0.0014745304361, "median": 0.0426572561264, "max": 0.213975548744, "dmean": 0.0363629683852, "dmean2": 0.062948897481, "mean": 0.0531209260225, "dvar2": 0.00316679943353, "min": 1.55933399526e-08}, "beats_loudness_band_ratio": {"dvar": [0.0339974164963, 0.0273535568267, 0.013169920072, 0.00330308964476, 0.000108104643004, 0.00194075028412], "var": [0.0596140511334, 0.0381281115115, 0.0122218430042, 0.0022335278336, 8.48124254844e-05, 0.0100444797426], "median": [0.737147510052, 0.22625002265, 0.0205125808716, 0.0046411389485, 0.00130890635774, 0.000980259617791], "max": [0.993323683739, 0.969222545624, 0.604635715485, 0.484537571669, 0.0889435037971, 0.993285953999], "dmean": [0.220498085022, 0.182307571173, 0.0774002820253, 0.0291900448501, 0.005189395044, 0.00546529470012], "dmean2": [0.375658631325, 0.314837932587, 0.138149499893, 0.0540359094739, 0.00960785429925, 0.0101720932871], "mean": [0.677666604519, 0.26573613286, 0.0690240636468, 0.0205208808184, 0.00414695963264, 0.0128265107051], "dvar2": [0.0900559425354, 0.0687547400594, 0.0353797413409, 0.00952665042132, 0.000284328212729, 0.00376728828996], "min": [1.24840096305e-06, 9.62276544669e-07, 1.50137975652e-06, 2.77002413895e-06, 2.93335233437e-06, 3.20717590512e-05]}, "bpm_histogram_second_peak_bpm": {"dvar": 0, "var": 0, "median": 129, "max": 129, "dmean": 0, "dmean2": 0, "mean": 129, "dvar2": 0, "min": 129}, "onset_rate": 3.36910104752, "beats_count": 474, "beats_position": [0.46439909935, 0.940408170223, 1.4164172411, 1.86920630932, 2.31038546562, 2.75156450272, 3.1811337471, 3.62231278419, 4.06349182129, 4.5046710968, 4.94585037231, 5.38702917099, 5.81659841537, 6.24616765976, 6.68734693527, 7.12852573395, 7.56970500946, 8.01088428497, 8.45206356049, 8.90485286713, 9.35764122009, 9.79882049561, 10.2399997711, 10.6811790466, 11.1223583221, 11.5635375977, 12.0163259506, 12.445895195, 12.8870744705, 13.3166437149, 13.7462129593, 14.1873922348, 14.6285715103, 15.0581407547, 15.4993190765, 15.9404983521, 16.3932876587, 16.8344669342, 17.2640361786, 17.7168254852, 18.1696147919, 18.6224040985, 19.0751914978, 19.5279808044, 19.9807701111, 20.4335594177, 20.8747386932, 21.3275279999, 21.7803173065, 22.2331066132, 22.6626758575, 23.1038551331, 23.5450344086, 23.9978218079, 24.4273910522, 24.8685703278, 25.2981395721, 25.7277088165, 26.168888092, 26.6100673676, 27.0512466431, 27.4924259186, 27.9336051941, 28.3631744385, 28.7927436829, 29.2339229584, 29.6751022339, 30.1162815094, 30.5458488464, 30.9870281219, 31.4282073975, 31.8809967041, 32.3337860107, 32.7865753174, 33.2277526855, 33.6689338684, 34.0985031128, 34.539680481, 34.9692497253, 35.4104309082, 35.8400001526, 36.269569397, 36.7107467651, 37.1403160095, 37.5698852539, 38.0110664368, 38.4522438049, 38.8818130493, 39.3229942322, 39.7525634766, 40.1937408447, 40.6349182129, 41.0760993958, 41.5172767639, 41.9584579468, 42.3996353149, 42.8408164978, 43.281993866, 43.7231750488, 44.164352417, 44.6055335999, 45.046710968, 45.4995002747, 45.9406776428, 46.3702468872, 46.8114280701, 47.2409973145, 47.6821746826, 48.111743927, 48.5413131714, 48.9708824158, 49.4004516602, 49.841632843, 50.2828102112, 50.723991394, 51.1651687622, 51.5947380066, 52.024307251, 52.4770965576, 52.9182739258, 53.3478431702, 53.7774124146, 54.2069816589, 54.6365509033, 55.0777320862, 55.5073013306, 55.936870575, 56.3780479431, 56.8076171875, 57.2371864319, 57.6783676147, 58.1195449829, 58.5607261658, 59.0019035339, 59.4430847168, 59.884262085, 60.3138313293, 60.7434005737, 61.1845779419, 61.6257591248, 62.0669364929, 62.5081176758, 62.9492950439, 63.3904762268, 63.831653595, 64.2844467163, 64.7372360229, 65.1784133911, 65.6195907593, 66.0723800659, 66.5251693726, 66.9547348022, 67.3726959229, 67.8022689819, 68.2434463501, 68.6846237183, 69.1258010864, 69.566986084, 70.0313796997, 70.4841690063, 70.936958313, 71.3897476196, 71.8425369263, 72.2837142944, 72.724899292, 73.1660766602, 73.6072540283, 74.0484313965, 74.5012207031, 74.9540100098, 75.4184112549, 75.859588623, 76.3007659912, 76.7535552979, 77.2063446045, 77.6591339111, 78.1235351562, 78.5647125244, 79.0291137695, 79.4819030762, 79.9463043213, 80.410697937, 80.8518829346, 81.2930603027, 81.7342376709, 82.1754150391, 82.6282043457, 83.0926055908, 83.5453948975, 83.9865722656, 84.4161453247, 84.8573226929, 85.298500061, 85.7396774292, 86.1692504883, 86.5872116089, 87.0283889771, 87.4811782837, 87.9223556519, 88.3751449585, 88.8163223267, 89.2575073242, 89.6986846924, 90.151473999, 90.5926513672, 91.0454406738, 91.4982299805, 91.9510192871, 92.3921966553, 92.8449859619, 93.2977752686, 93.7389526367, 94.1801376343, 94.6213150024, 95.0508804321, 95.4920654297, 95.9448471069, 96.3860321045, 96.8272094727, 97.2683868408, 97.709564209, 98.1507492065, 98.5919265747, 99.0331039429, 99.474281311, 99.9154663086, 100.368255615, 100.821044922, 101.26222229, 101.715011597, 102.156188965, 102.608978271, 103.061767578, 103.514556885, 103.967346191, 104.40852356, 104.838096619, 105.267662048, 105.697235107, 106.138412476, 106.591201782, 107.043991089, 107.485168457, 107.926345825, 108.355918884, 108.808708191, 109.249885559, 109.702674866, 110.143852234, 110.585029602, 111.037818909, 111.490608215, 111.943397522, 112.396186829, 112.848976135, 113.290153503, 113.74294281, 114.184127808, 114.625305176, 115.078094482, 115.542495728, 115.995285034, 116.436462402, 116.889251709, 117.330429077, 117.771606445, 118.212783813, 118.66557312, 119.118362427, 119.571151733, 120.02394104, 120.488342285, 120.929519653, 121.370697021, 121.811882019, 122.253059387, 122.705848694, 123.158638, 123.611427307, 124.064216614, 124.505393982, 124.958183289, 125.410972595, 125.863761902, 126.316551208, 126.769340515, 127.222129822, 127.686531067, 128.139312744, 128.592102051, 129.033279419, 129.474472046, 129.927261353, 130.3800354, 130.821228027, 131.285614014, 131.73840332, 132.191192627, 132.632385254, 133.09677124, 133.549560547, 134.002349854, 134.45513916, 134.907928467, 135.360717773, 135.825119019, 136.277908325, 136.730697632, 137.183486938, 137.624664307, 138.065841675, 138.507034302, 138.959823608, 139.412597656, 139.876998901, 140.329788208, 140.794189453, 141.24697876, 141.699768066, 142.152557373, 142.60534668, 143.058135986, 143.499313354, 143.952102661, 144.404891968, 144.846069336, 145.287246704, 145.728439331, 146.169616699, 146.622406006, 147.075195312, 147.516372681, 147.957550049, 148.398727417, 148.851516724, 149.30430603, 149.757095337, 150.209884644, 150.66267395, 151.115463257, 151.556640625, 152.02104187, 152.485443115, 152.915008545, 153.344573975, 153.774139404, 154.203720093, 154.668121338, 155.120910645, 155.573699951, 156.014877319, 156.456054688, 156.897232056, 157.338409424, 157.779586792, 158.22076416, 158.661941528, 159.103118896, 159.544311523, 159.985488892, 160.42666626, 160.879455566, 161.320632935, 161.773422241, 162.226211548, 162.679000854, 163.1434021, 163.607803345, 164.072189331, 164.536590576, 164.989379883, 165.442169189, 165.894958496, 166.347747803, 166.788925171, 167.230117798, 167.671295166, 168.112472534, 168.565261841, 169.018051147, 169.470840454, 169.923629761, 170.364807129, 170.794372559, 171.235549927, 171.676727295, 172.106307983, 172.547485352, 173.000274658, 173.453063965, 173.905853271, 174.358642578, 174.811431885, 175.252609253, 175.682174683, 176.111740112, 176.55291748, 177.005706787, 177.446884155, 177.888076782, 178.32925415, 178.770431519, 179.211608887, 179.652786255, 180.093963623, 180.523529053, 180.964706421, 181.417495728, 181.858688354, 182.311477661, 182.764266968, 183.228652954, 183.681442261, 184.122619629, 184.575408936, 185.039810181, 185.480987549, 185.922180176, 186.374969482, 186.827758789, 187.268936157, 187.710113525, 188.151290894, 188.592468262, 189.03364563, 189.474822998, 189.916000366, 190.357177734, 190.798370361, 191.239547729, 191.680725098, 192.121902466, 192.574691772, 193.027481079, 193.491882324, 193.956283569, 194.397460938, 194.850250244, 195.303039551, 195.767440796, 196.220230103, 196.673019409, 197.125808716, 197.590194702, 198.03137207, 198.472564697, 198.925354004, 199.366531372, 199.819320679, 200.272109985, 200.782943726, 201.282180786, 201.781402588, 202.292236328, 202.814697266, 203.348754883, 203.952468872, 204.556182861, 205.148300171, 205.740402222, 206.332519531, 206.924621582, 207.516723633, 208.108840942, 208.689331055, 209.281448364, 209.919998169, 210.558547974, 211.197097778, 211.847259521, 212.497406006, 213.147567749, 213.797729492, 214.447891235], "danceability": 1.08248114586, "bpm_histogram_second_peak_spread": {"dvar": 0, "var": 0, "median": 0.0666666030884, "max": 0.0666666030884, "dmean": 0, "dmean2": 0, "mean": 0.0666666030884, "dvar2": 0, "min": 0.0666666030884}}, "lowlevel": {"spectral_flux": {"dvar": 0.000734481960535, "var": 0.00205758307129, "median": 0.0440310835838, "max": 0.346813738346, "dmean": 0.0225800909102, "dmean2": 0.0351818390191, "mean": 0.0558978691697, "dvar2": 0.00173456105404, "min": 7.25681820768e-05}, "spectral_rolloff": {"dvar": 260547.390625, "var": 8586668, "median": 301.46484375, "max": 21856.2011719, "dmean": 82.240020752, "dmean2": 146.079620361, "mean": 758.553771973, "dvar2": 622043.125, "min": 86.1328125}, "barkbands_flatness_db": {"dvar": 0.000626829802059, "var": 0.0060463109985, "median": 0.28701210022, "max": 0.696341514587, "dmean": 0.023087348789, "dmean2": 0.0341347381473, "mean": 0.289855629206, "dvar2": 0.00126927788369, "min": 0.048458751291}, "spectral_centroid": {"dvar": 24579.421875, "var": 1495112.25, "median": 291.652099609, "max": 12229.9902344, "dmean": 56.8716278076, "dmean2": 84.7661056519, "mean": 486.350708008, "dvar2": 47280.0507812, "min": 100.490982056}, "melbands_skewness": {"dvar": 0.931832313538, "var": 3.95725035667, "median": 2.62811517715, "max": 21.7309360504, "dmean": 0.719406068325, "dmean2": 1.08868503571, "mean": 2.98135948181, "dvar2": 1.95776367188, "min": -3.41896152496}, "melbands": {"dvar": [7.72135808802e-06, 1.04324089989e-05, 2.70937789537e-06, 1.12892428206e-06, 3.70437135189e-07, 1.25990837319e-07, 3.19312533748e-07, 1.3373528418e-07, 4.25236272861e-08, 3.21553024207e-08, 1.76162362475e-09, 3.34556915504e-09, 3.6596048858e-08, 9.91116166915e-09, 8.40369374089e-09, 1.67304072818e-08, 4.51289450254e-09, 1.22808574421e-09, 1.16032461417e-10, 3.36738753201e-12, 1.20310384918e-11, 1.07508273117e-11, 1.10698516326e-11, 1.70446848909e-12, 2.2267577322e-13, 2.86332833528e-13, 3.88322810322e-13, 5.12880265601e-13, 1.29114937058e-12, 2.70799279268e-13, 2.75022273835e-13, 3.34517217529e-13, 1.61098890304e-13, 6.96930374197e-14, 1.79081955428e-13, 2.22109033639e-13, 4.57697248157e-13, 4.20142165416e-13, 7.98005975536e-13, 5.6118857391e-13], "var": [2.33896807913e-05, 2.81178345176e-05, 5.99766781306e-06, 4.69158749183e-06, 2.73373711934e-06, 7.29329542537e-07, 1.02398144008e-06, 8.50755213833e-07, 2.33143182982e-07, 1.30567087808e-07, 1.120435833e-08, 1.69734644118e-08, 1.0593856814e-07, 4.93890510711e-08, 3.15093657832e-08, 4.62885125785e-08, 9.98251437068e-09, 4.19027568199e-09, 3.44927225671e-10, 6.61439219368e-12, 3.09757844374e-11, 2.28508809097e-11, 3.95342786286e-11, 5.97364735802e-12, 5.48364955874e-13, 5.63592954857e-13, 8.22940240258e-13, 7.82144314593e-13, 1.64032047494e-12, 5.35076269317e-13, 3.25146403942e-13, 5.98814617683e-13, 3.43477443753e-13, 1.48011079304e-13, 3.26404647668e-13, 4.1939070489e-13, 9.63550203167e-13, 8.57006414619e-13, 1.31873212437e-12, 9.63680632689e-13], "median": [0.000512861704919, 0.0011185365729, 0.00124205090106, 0.000789343961515, 0.000403680896852, 0.000203960647923, 4.31161206507e-05, 2.19040557567e-05, 6.31704278931e-06, 4.17537467001e-06, 1.78021036845e-06, 3.89009164792e-06, 3.78960021408e-06, 9.75662260316e-07, 9.33269234338e-07, 7.38984567761e-07, 5.74409909859e-07, 7.97608549874e-07, 3.90171322806e-07, 2.47780349127e-07, 2.26590117336e-07, 1.58253556037e-07, 1.39829182899e-07, 9.54707743972e-08, 8.4632389985e-08, 6.83256473621e-08, 4.37565574885e-08, 4.60894931109e-08, 4.98181194075e-08, 3.7998962199e-08, 2.85363235264e-08, 2.99091915679e-08, 2.74050151461e-08, 2.71358082671e-08, 2.51904683779e-08, 1.68814136003e-08, 2.0659591371e-08, 1.77309260607e-08, 1.54402037822e-08, 1.16197460542e-08], "max": [0.0511359609663, 0.0687456429005, 0.0211910568178, 0.0254329983145, 0.0191819220781, 0.012967415154, 0.0207626596093, 0.0188054256141, 0.00809155125171, 0.00674294121563, 0.00295580364764, 0.00299912551418, 0.0136075196788, 0.00849569030106, 0.00712354155257, 0.00436823628843, 0.00319272582419, 0.00147915654816, 0.000471150618978, 5.92119104112e-05, 0.000137861541589, 9.03001200641e-05, 0.000114907583338, 4.57828900835e-05, 1.49504603542e-05, 1.8238546545e-05, 3.70124544133e-05, 4.47391794296e-05, 6.26539404038e-05, 2.41628458753e-05, 2.30966343224e-05, 2.27976670431e-05, 1.65132205439e-05, 8.90197588888e-06, 1.77945803443e-05, 3.06550937239e-05, 3.33263742505e-05, 2.76037389995e-05, 3.78377335437e-05, 2.15722939174e-05], "dmean": [0.00091567367781, 0.00138989416882, 0.000953008770011, 0.000619066238869, 0.000258813990513, 0.000132127417601, 0.00013071684225, 7.81228081905e-05, 4.88102232339e-05, 3.26692570525e-05, 8.45623435453e-06, 1.22206329252e-05, 1.99674159376e-05, 1.41675518535e-05, 1.20734312077e-05, 1.77205383807e-05, 9.75398870651e-06, 5.75324884267e-06, 1.58930617999e-06, 4.8048610779e-07, 8.18562796212e-07, 7.95633866346e-07, 9.47781359173e-07, 3.66677568309e-07, 1.70129609955e-07, 1.64802997915e-07, 1.5693461819e-07, 1.28913967501e-07, 1.66134427104e-07, 1.18691019679e-07, 9.98398164143e-08, 1.32905370265e-07, 1.09552757976e-07, 8.11430425074e-08, 9.79609282581e-08, 8.27218187283e-08, 1.13146136016e-07, 1.06456859328e-07, 1.40423850326e-07, 1.54368180461e-07], "dmean2": [0.00149915169459, 0.00230869092047, 0.00146802235395, 0.000900288519915, 0.00038170904736, 0.00017703755293, 0.00017777539324, 0.000101312223705, 6.090916213e-05, 4.00103745051e-05, 1.07571777335e-05, 1.4856755115e-05, 2.60435263044e-05, 1.75523819053e-05, 1.58745042427e-05, 2.33103492064e-05, 1.38495006468e-05, 7.98310156824e-06, 2.27225700655e-06, 7.26618964109e-07, 1.19117180475e-06, 1.17230729302e-06, 1.33721835027e-06, 5.25272241703e-07, 2.55545529626e-07, 2.44769637447e-07, 2.29355222814e-07, 1.90261388866e-07, 2.51280141583e-07, 1.78635900738e-07, 1.53639348355e-07, 1.98522542405e-07, 1.61236684448e-07, 1.21003736808e-07, 1.44855178519e-07, 1.19789220321e-07, 1.64695279636e-07, 1.5281675303e-07, 2.08207325159e-07, 2.34370659769e-07], "mean": [0.00244450219907, 0.0032479763031, 0.00207111751661, 0.00164051703177, 0.000973008049186, 0.000499862653669, 0.000357333192369, 0.000239381741267, 0.000130129978061, 8.0640638771e-05, 2.534064879e-05, 3.24454631482e-05, 5.06858887093e-05, 3.26156477968e-05, 2.59853422904e-05, 3.40798032994e-05, 1.75691766344e-05, 1.11022782221e-05, 2.75702905128e-06, 8.71476061093e-07, 1.46051752381e-06, 1.40892666423e-06, 1.85999874702e-06, 7.51166965074e-07, 3.2331539046e-07, 2.91645250172e-07, 2.62260385853e-07, 1.98830576892e-07, 2.49065010394e-07, 1.87637269278e-07, 1.50388359543e-07, 2.14847716506e-07, 1.86169742733e-07, 1.40948955618e-07, 1.60061858878e-07, 1.25635679638e-07, 1.84710671647e-07, 1.59071419148e-07, 2.03673010901e-07, 2.45223873208e-07], "dvar2": [2.0793366275e-05, 2.72214329016e-05, 6.23590312898e-06, 2.49761228588e-06, 7.27345877749e-07, 1.99510807875e-07, 6.96750248608e-07, 2.31867488765e-07, 7.01965134908e-08, 5.55559154236e-08, 3.02566616206e-09, 4.52304371734e-09, 6.68864004183e-08, 1.29728237042e-08, 1.33499229449e-08, 3.45257191725e-08, 1.03315223043e-08, 2.38595965207e-09, 2.41316577831e-10, 8.05011352717e-12, 2.42988754118e-11, 2.42077781432e-11, 2.08252252248e-11, 2.99214342539e-12, 4.76599283043e-13, 6.60245621197e-13, 7.13835783019e-13, 1.00920519771e-12, 3.1572483343e-12, 5.17129416545e-13, 7.0046176975e-13, 7.20954654483e-13, 3.44732326452e-13, 1.35068714026e-13, 3.40487729157e-13, 4.12134925796e-13, 8.44612628535e-13, 8.14910422128e-13, 1.79519875528e-12, 1.24614034369e-12], "min": [3.4784366185e-16, 8.89927754494e-17, 1.48242822754e-16, 1.43550948441e-16, 3.17590688999e-16, 3.28158245579e-16, 2.46097164254e-16, 2.32276868807e-16, 1.72444261358e-16, 3.0480713541e-16, 3.01352061548e-16, 2.57733173487e-16, 3.79449319848e-16, 2.29261643273e-16, 2.81614949798e-16, 2.45084245197e-16, 1.84110260852e-16, 2.37340855282e-16, 3.00118172772e-16, 2.05072433707e-16, 1.98310622629e-16, 1.46756862267e-16, 5.6190948111e-17, 9.15975407286e-17, 3.80255556248e-17, 4.86406089157e-17, 7.04700773346e-17, 1.45678589325e-16, 9.87534735903e-17, 1.73557196476e-16, 2.58757183381e-16, 1.86918704468e-16, 7.20925252699e-16, 1.63099793884e-15, 3.60634102876e-15, 5.38684663553e-15, 5.65906523709e-15, 1.18918623118e-14, 4.36479296445e-15, 8.53772873119e-15]}, "spectral_decrease": {"dvar": 1.47091125952e-17, "var": 6.94857191707e-17, "median": -6.19125639645e-09, "max": 5.13164577292e-15, "dmean": 2.3704114227e-09, "dmean2": 3.60964325097e-09, "mean": -8.76731576227e-09, "dvar2": 3.37626737206e-17, "min": -6.88126178261e-08}, "barkbands_kurtosis": {"dvar": 83359.5625, "var": 646924.125, "median": 17.8495292664, "max": 14608.1708984, "dmean": 34.817943573, "dmean2": 61.0634040833, "mean": 113.153892517, "dvar2": 257023.96875, "min": -1.91662573814}, "silence_rate_30dB": {"dvar": 0.021941229701, "var": 0.0438480526209, "median": 1, "max": 1, "dmean": 0.0224452354014, "dmean2": 0.0448953174055, "mean": 0.954035401344, "dvar2": 0.0515124350786, "min": 0}, "gfcc": {"mean": [-119.605186462, 134.693725586, -45.5948257446, 22.7132892609, -44.8997116089, 7.53108406067, -40.2754898071, -7.21186828613, -23.7399997711, -3.50003409386, -9.97751426697, -1.00414633751, -7.08970022202], "cov": [[23820.75, 2053.91113281, -1804.83630371, 530.127868652, -1304.34924316, 507.542205811, -949.627685547, 564.917907715, -925.212585449, 406.217559814, -600.057128906, 279.100158691, -499.552764893], [2053.91113281, 1869.19848633, -351.652069092, 100.65977478, -64.044418335, -65.4215545654, 56.3393669128, -151.205764771, -29.5222835541, -36.6338882446, 43.1044692993, -40.1430435181, 104.585289001], [-1804.83630371, -351.652069092, 583.324279785, 176.768966675, 185.609985352, 10.3510866165, 96.7468490601, 55.8145332336, 98.9822463989, -10.7167663574, 48.0950431824, 23.2017440796, 65.3893432617], [530.127868652, 100.65977478, 176.768966675, 698.127502441, 76.3779296875, -27.6114940643, -4.17195940018, 7.41958761215, 52.8189048767, -35.4061813354, -20.6499576569, 23.9169940948, 152.217376709], [-1304.34924316, -64.044418335, 185.609985352, 76.3779296875, 296.602111816, 39.3616905212, 76.2020645142, 12.5062503815, 109.32081604, 0.854066371918, 35.7077941895, -4.14020824432, 37.7459754944], [507.542205811, -65.4215545654, 10.3510866165, -27.6114940643, 39.3616905212, 196.834243774, 62.4619560242, 64.8355407715, -18.9371910095, 53.9031181335, 23.8029842377, 20.7490768433, -30.0553264618], [-949.627685547, 56.3393669128, 96.7468490601, -4.17195940018, 76.2020645142, 62.4619560242, 261.062164307, 18.5007286072, 34.7316589355, -13.3835439682, 74.6633529663, 1.28608310223, 38.5958938599], [564.917907715, -151.205764771, 55.8145332336, 7.41958761215, 12.5062503815, 64.8355407715, 18.5007286072, 192.588775635, 30.4171695709, 32.2661018372, -16.9488925934, 32.9970436096, -29.2346019745], [-925.212585449, -29.5222835541, 98.9822463989, 52.8189048767, 109.32081604, -18.9371910095, 34.7316589355, 30.4171695709, 188.331695557, 19.2236881256, 28.3123207092, -10.460600853, 40.4111099243], [406.217559814, -36.6338882446, -10.7167663574, -35.4061813354, 0.854066371918, 53.9031181335, -13.3835439682, 32.2661018372, 19.2236881256, 123.72253418, 25.2243385315, 9.23794460297, -30.2186222076], [-600.057128906, 43.1044692993, 48.0950431824, -20.6499576569, 35.7077941895, 23.8029842377, 74.6633529663, -16.9488925934, 28.3123207092, 25.2243385315, 124.490409851, 27.4168682098, 21.4932918549], [279.100158691, -40.1430435181, 23.2017440796, 23.9169940948, -4.14020824432, 20.7490768433, 1.28608310223, 32.9970436096, -10.460600853, 9.23794460297, 27.4168682098, 93.435798645, 17.5863857269], [-499.552764893, 104.585289001, 65.3893432617, 152.217376709, 37.7459754944, -30.0553264618, 38.5958938599, -29.2346019745, 40.4111099243, -30.2186222076, 21.4932918549, 17.5863857269, 138.835327148]], "icov": [[0.000272944103926, -0.000357387034455, 0.000360353500582, -0.000507850374561, 0.000594905985054, -0.00063865003176, 0.000521568057593, -0.00072729337262, 0.00060298142489, -0.00062319135759, 0.000787536613643, -0.000744486576878, 0.000701493350789], [-0.000357387034455, 0.0011915297946, 0.00010411562107, 0.000501809990965, -0.000831234036013, 0.00099214958027, -0.000941317528486, 0.00117129692808, -0.000701463373844, 0.000791739672422, -0.00135776610114, 0.00127398304176, -0.0014083130518], [0.000360353500582, 0.00010411562107, 0.00339538115077, -0.00123133603483, -0.000476419954794, -0.000273480254691, 6.95452836226e-05, -0.00154516322073, 0.000718765077181, -0.000658750184812, 0.000233139217016, -0.000979017466307, 0.00042998031131], [-0.000507850374561, 0.000501809990965, -0.00123133603483, 0.00307497219183, -0.00125891622156, 0.00101046869531, -0.000481929309899, 0.00106947857421, -0.00106634548865, 0.00116974499542, -0.000685143750161, 0.00123647635337, -0.00356214493513], [0.000594905985054, -0.000831234036013, -0.000476419954794, -0.00125891622156, 0.00680332491174, -0.003106538672, 0.000733533292077, -0.000671862799209, -0.00153839914128, -0.000626440451015, 0.00173288735095, -0.00141888868529, 0.00172672362532], [-0.00063865003176, 0.00099214958027, -0.000273480254691, 0.00101046869531, -0.003106538672, 0.00961867067963, -0.00328377075493, -0.000403316080337, 0.00105345610064, -0.00175237178337, -0.00218446040526, 0.00113298883662, -0.000762993469834], [0.000521568057593, -0.000941317528486, 6.95452836226e-05, -0.000481929309899, 0.000733533292077, -0.00328377075493, 0.00711764488369, -0.00246976432391, 0.00110553693958, 0.000861119769979, -0.00191507465206, 0.000318993988913, -0.000205932956305], [-0.00072729337262, 0.00117129692808, -0.00154516322073, 0.00106947857421, -0.000671862799209, -0.000403316080337, -0.00246976432391, 0.00997930485755, -0.00408402690664, 0.00084789225366, 0.00101010827348, -0.00154854019638, 0.000352281494997], [0.00060298142489, -0.000701463373844, 0.000718765077181, -0.00106634548865, -0.00153839914128, 0.00105345610064, 0.00110553693958, -0.00408402690664, 0.0100946333259, -0.00353785208426, 0.000119042226288, 0.000714284484275, -0.000809576769825], [-0.00062319135759, 0.000791739672422, -0.000658750184812, 0.00116974499542, -0.000626440451015, -0.00175237178337, 0.000861119769979, 0.00084789225366, -0.00353785208426, 0.0127638690174, -0.00495203630999, 0.00186246156227, 0.000257749139564], [0.000787536613643, -0.00135776610114, 0.000233139217016, -0.000685143750161, 0.00173288735095, -0.00218446040526, -0.00191507465206, 0.00101010827348, 0.000119042226288, -0.00495203630999, 0.01552187372, -0.00695162313059, 0.00166404177435], [-0.000744486576878, 0.00127398304176, -0.000979017466307, 0.00123647635337, -0.00141888868529, 0.00113298883662, 0.000318993988913, -0.00154854019638, 0.000714284484275, 0.00186246156227, -0.00695162313059, 0.0165308695287, -0.00513708032668], [0.000701493350789, -0.0014083130518, 0.00042998031131, -0.00356214493513, 0.00172672362532, -0.000762993469834, -0.000205932956305, 0.000352281494997, -0.000809576769825, 0.000257749139564, 0.00166404177435, -0.00513708032668, 0.0146723873913]]}, "silence_rate_20dB": {"dvar": 0, "var": 0, "median": 1, "max": 1, "dmean": 0, "dmean2": 0, "mean": 1, "dvar2": 0, "min": 1}, "barkbands_skewness": {"dvar": 2.78414940834, "var": 55.463722229, "median": 2.61629915237, "max": 17.0318527222, "dmean": 0.867102861404, "dmean2": 1.36189961433, "mean": 2.09026694298, "dvar2": 7.74801588058, "min": -94.9715423584}, "erbbands_skewness": {"dvar": 0.231734931469, "var": 1.74340379238, "median": 2.02767133713, "max": 7.20326566696, "dmean": 0.423201113939, "dmean2": 0.621418178082, "mean": 1.9570902586, "dvar2": 0.488521635532, "min": -3.86506986618}, "spectral_contrast_valleys": {"dvar": [0.0957267731428, 0.0965649709105, 0.0935204103589, 0.0756763890386, 0.0737901479006, 0.11611109972], "var": [3.26859807968, 2.50771164894, 2.11370038986, 2.03209543228, 2.17200016975, 2.00152301788], "median": [-7.06303548813, -7.89146232605, -9.07994365692, -9.50485992432, -9.50491046906, -11.5757045746], "max": [-4.88889074326, -5.41072797775, -5.84938192368, -6.79233455658, -7.22901105881, -8.03952121735], "dmean": [0.33259499073, 0.317495167255, 0.315623044968, 0.275473952293, 0.242738425732, 0.27139505744], "dmean2": [0.534817099571, 0.497229129076, 0.485646188259, 0.41812685132, 0.340924322605, 0.355899363756], "mean": [-7.36500835419, -8.06363201141, -9.17484855652, -9.61964511871, -9.64673233032, -11.609167099], "dvar2": [0.21625366807, 0.201438605785, 0.189872279763, 0.144921675324, 0.125196039677, 0.202610597014], "min": [-26.9467430115, -27.082151413, -26.5902004242, -27.3388519287, -27.177947998, -27.1962299347]}, "spectral_strongpeak": {"dvar": 0.284873187542, "var": 0.765509605408, "median": 0.609495580196, "max": 14.4359788895, "dmean": 0.263488024473, "dmean2": 0.434441894293, "mean": 0.805864691734, "dvar2": 0.667144954205, "min": 0.000252298952546}, "erbbands_crest": {"dvar": 5.45641422272, "var": 21.6746749878, "median": 12.5056219101, "max": 30.0224571228, "dmean": 2.1915807724, "dmean2": 3.38068842888, "mean": 13.3658189774, "dvar2": 13.2419881821, "min": 2.87227606773}, "barkbands_crest": {"dvar": 4.25978946686, "var": 21.6207523346, "median": 13.8258972168, "max": 26.9446811676, "dmean": 2.09964799881, "dmean2": 3.36200523376, "mean": 14.5197963715, "dvar2": 10.5417928696, "min": 4.76180791855}, "spectral_energyband_middle_low": {"dvar": 5.5219312344e-05, "var": 0.0002975386451, "median": 0.0124072311446, "max": 0.150321081281, "dmean": 0.00494995061308, "dmean2": 0.00709157716483, "mean": 0.0178304929286, "dvar2": 0.000112694360723, "min": 1.14751271839e-14}, "spectral_contrast_coeffs": {"dvar": [0.00138202204835, 0.00123352592345, 0.000873932731338, 0.000580821593758, 0.000305059016682, 0.0001175872967], "var": [0.0101080555469, 0.0112301381305, 0.00789566151798, 0.00571137666702, 0.00242190272547, 0.0010099086212], "median": [-0.581979751587, -0.615502238274, -0.751918911934, -0.798363864422, -0.838826537132, -0.822059631348], "max": [-0.272826582193, -0.305977165699, -0.408958911896, -0.467204630375, -0.594085931778, -0.684522151947], "dmean": [0.0422149188817, 0.0366044938564, 0.0313885957003, 0.0259156450629, 0.0179304182529, 0.0121014937758], "dmean2": [0.0678090527654, 0.0560746975243, 0.0469043366611, 0.0399859957397, 0.0275127943605, 0.019096525386], "mean": [-0.584306955338, -0.619020402431, -0.740783691406, -0.782198309898, -0.827724993229, -0.821352362633], "dvar2": [0.00335010397248, 0.00258483365178, 0.00171306845732, 0.00113474787213, 0.000604409025982, 0.000267260533292], "min": [-0.96210193634, -0.972854435444, -0.974928677082, -0.961871743202, -0.961047947407, -0.961864113808]}, "hfc": {"dvar": 16.3481349945, "var": 119.187133789, "median": 4.88532733917, "max": 132.593795776, "dmean": 2.11453080177, "dmean2": 2.85284638405, "mean": 8.73553752899, "dvar2": 28.9820079803, "min": 4.18651397922e-05}, "spectral_energyband_high": {"dvar": 3.49500020036e-08, "var": 7.74129347292e-08, "median": 1.30566131702e-05, "max": 0.00557161075994, "dmean": 4.1353800043e-05, "dmean2": 5.67070346733e-05, "mean": 8.06784228189e-05, "dvar2": 6.41832684778e-08, "min": 9.48750189522e-10}, "erbbands_spread": {"dvar": 123.863548279, "var": 365.364044189, "median": 15.5008831024, "max": 184.706970215, "dmean": 5.52195644379, "dmean2": 8.02840137482, "mean": 20.444984436, "dvar2": 235.365753174, "min": 2.23907208443}, "dissonance": {"dvar": 0.000873003271408, "var": 0.00292089651339, "median": 0.391583174467, "max": 0.5, "dmean": 0.0315511263907, "dmean2": 0.0517721511424, "mean": 0.389381349087, "dvar2": 0.00228272215463, "min": 0.13660736382}, "spectral_kurtosis": {"dvar": 32.4713249207, "var": 131.409255981, "median": 13.7301597595, "max": 98.9389343262, "dmean": 4.92103719711, "dmean2": 7.92218208313, "mean": 16.3251113892, "dvar2": 83.6281738281, "min": -1.29512023926}, "spectral_skewness": {"dvar": 0.199733763933, "var": 1.17166364193, "median": 3.21128702164, "max": 8.3182554245, "dmean": 0.437424987555, "dmean2": 0.672992289066, "mean": 3.25128650665, "dvar2": 0.452473461628, "min": -0.0209861900657}, "pitch_salience": {"dvar": 0.00366799510084, "var": 0.0164687056094, "median": 0.479606330395, "max": 0.861185789108, "dmean": 0.0594788007438, "dmean2": 0.0958789288998, "mean": 0.479976087809, "dvar2": 0.00905129872262, "min": 0.0801441296935}, "spectral_complexity": {"dvar": 1.25647854805, "var": 9.26395320892, "median": 6, "max": 27, "dmean": 0.94356316328, "dmean2": 1.53356361389, "mean": 6.28646945953, "dvar2": 2.58692574501, "min": 0}, "spectral_spread": {"dvar": 806611124224, "var": 21031523713000.0, "median": 3542195.25, "max": 42666728, "dmean": 648591.6875, "dmean2": 948791.5625, "mean": 4448578.5, "dvar2": 1397428322300.0, "min": 1059066.625}, "dynamic_complexity": 4.94850635529, "melbands_crest": {"dvar": 7.15539932251, "var": 24.1288509369, "median": 17.2385826111, "max": 33.9885063171, "dmean": 2.74488592148, "dmean2": 4.52449226379, "mean": 17.5609817505, "dvar2": 19.1914768219, "min": 5.55634641647}, "zerocrossingrate": {"dvar": 0.000130281274323, "var": 0.0135895581916, "median": 0.0146484375, "max": 0.90625, "dmean": 0.00440696626902, "dmean2": 0.00533958151937, "mean": 0.034115254879, "dvar2": 0.000120245174912, "min": 0.001953125}, "spectral_energyband_low": {"dvar": 0.000183308337, "var": 0.000603649474215, "median": 0.00756674958393, "max": 0.257735937834, "dmean": 0.00608521327376, "dmean2": 0.00991642940789, "mean": 0.0166337545961, "dvar2": 0.000451602303656, "min": 2.39558662824e-15}, "melbands_kurtosis": {"dvar": 662.424438477, "var": 1705.07104492, "median": 19.3487243652, "max": 693.42364502, "dmean": 12.6234493256, "dmean2": 19.3813819885, "mean": 31.2799053192, "dvar2": 1475.58117676, "min": -1.87326967716}, "spectral_energyband_middle_high": {"dvar": 4.47277807325e-06, "var": 2.15240397665e-05, "median": 0.000142452699947, "max": 0.0935477614403, "dmean": 0.000474121712614, "dmean2": 0.000596004305407, "mean": 0.00140869792085, "dvar2": 7.78370304033e-06, "min": 3.1299178608e-14}, "barkbands_spread": {"dvar": 16.8794250488, "var": 45.6381072998, "median": 2.90760159492, "max": 118.179130554, "dmean": 1.48315310478, "dmean2": 2.22491812706, "mean": 4.62053966522, "dvar2": 34.3739318848, "min": 0.0111824069172}, "mfcc": {"mean": [-777.819152832, 172.046661377, 52.0279350281, 28.4895782471, 18.5254173279, 11.9215555191, 0.251903831959, -2.48231863976, -7.10635137558, -7.48975229263, -4.86122083664, -2.96089839935, -2.16304469109], "cov": [[8859.33496094, 700.984069824, -66.7148284912, -544.812927246, -38.6988639832, -187.957122803, -1.45855271816, 128.677200317, -176.841186523, -179.061691284, 344.621887207, 63.4496269226, -83.2681503296], [700.984069824, 1558.08850098, 98.5852127075, 4.52960538864, -29.2741928101, 90.6807861328, 46.6255455017, 24.7492580414, -50.5981063843, 3.26725792885, -17.7077178955, -7.01964759827, 6.37015247345], [-66.7148284912, 98.5852127075, 382.053588867, 223.937820435, 87.3649673462, 34.3453826904, 34.3541679382, 17.6289520264, 46.2176017761, 12.8170251846, -53.5934677124, -5.41156816483, 59.1449623108], [-544.812927246, 4.52960538864, 223.937820435, 526.573486328, 169.003799438, 59.471321106, -16.4526920319, 25.7989425659, 106.409141541, 24.3255805969, -131.097457886, -11.7528858185, 30.5314311981], [-38.6988639832, -29.2741928101, 87.3649673462, 169.003799438, 284.70135498, 49.8305397034, -45.6080818176, 9.85096740723, 70.6051940918, 4.65860891342, 2.47601485252, 19.9268035889, 20.4412269592], [-187.957122803, 90.6807861328, 34.3453826904, 59.471321106, 49.8305397034, 169.060211182, 61.7595710754, -5.10652112961, 11.3377361298, 26.0157566071, -3.06894350052, 29.478509903, 8.15705299377], [-1.45855271816, 46.6255455017, 34.3541679382, -16.4526920319, -45.6080818176, 61.7595710754, 197.159332275, 61.2664985657, -8.2005443573, 14.6703739166, 19.4893951416, 18.3806552887, 18.6487121582], [128.677200317, 24.7492580414, 17.6289520264, 25.7989425659, 9.85096740723, -5.10652112961, 61.2664985657, 156.950622559, 42.6886291504, 15.4770622253, 18.9991970062, 14.0513801575, 19.4589710236], [-176.841186523, -50.5981063843, 46.2176017761, 106.409141541, 70.6051940918, 11.3377361298, -8.2005443573, 42.6886291504, 141.647857666, 48.087562561, -14.1459598541, 7.37438201904, 6.24