{"metadata": {"audio_properties": {"downmix": "mix", "bit_rate": 320026, "lossless": false, "md5_encoded": "e6d9dfe196a6af3df4da271074291ae1", "analysis_sample_rate": 44100, "sample_rate": 44100, "replay_gain": -12.9653587341, "equal_loudness": 0, "codec": "mp3", "length": 323.343658447}, "tags": {"album": ["Fur"], "musicbrainz_recordingid": ["367a916d-7657-4895-a204-e12f8865e019"], "albumartist": ["Archie Bronson Outfit"], "title": ["Bloodheat"], "file_name": "2070903.mp3"}, "version": {"essentia_build_sha": "70f2e5ece6736b2c40cc944ad0e695b16b925413", "essentia_git_sha": "v2.1_beta2", "extractor": "music 1.0", "essentia": "2.1-beta2"}}, "tonal": {"chords_scale": "minor", "hpcp": {"dmean": [0.0821684002876, 0.0893459990621, 0.0958324670792, 0.10111246258, 0.0978585779667, 0.0775610804558, 0.0675681680441, 0.0677334591746, 0.0793535113335, 0.0799184218049, 0.0777461752295, 0.062050499022, 0.0566072463989, 0.0672647207975, 0.0925640612841, 0.129655241966, 0.135934114456, 0.0988042354584, 0.0724090188742, 0.0590501725674, 0.0542589314282, 0.0499319434166, 0.0602923445404, 0.0827076733112, 0.0801179930568, 0.0697798207402, 0.0556871816516, 0.0608588643372, 0.136991932988, 0.235543861985, 0.195262372494, 0.232126712799, 0.143877252936, 0.0990718305111, 0.0960498973727, 0.0845889076591], "dvar2": [0.0771204829216, 0.0850258544087, 0.0953843817115, 0.0960202738643, 0.0863331481814, 0.0650380775332, 0.0598704367876, 0.0619884245098, 0.0689078718424, 0.0759013965726, 0.0744986310601, 0.0612743645906, 0.0564682893455, 0.0702404528856, 0.0763036161661, 0.0965668559074, 0.111847020686, 0.106317192316, 0.0910803377628, 0.0763910859823, 0.0672415271401, 0.0523209534585, 0.0569954700768, 0.0757253840566, 0.0682678520679, 0.0678916051984, 0.058398284018, 0.061027571559, 0.128745853901, 0.180225640535, 0.149055272341, 0.169011875987, 0.135443136096, 0.118111416698, 0.133543521166, 0.0945716425776], "mean": [0.085547529161, 0.0872276499867, 0.0933907032013, 0.124058097601, 0.111972428858, 0.075485214591, 0.0699756592512, 0.065910898149, 0.0914102494717, 0.125318616629, 0.0966558381915, 0.056746635586, 0.0477234348655, 0.0559653267264, 0.10832837224, 0.198691979051, 0.177917897701, 0.0858243778348, 0.0527048259974, 0.0426281094551, 0.0437276698649, 0.0497145727277, 0.058122035116, 0.0994529277086, 0.131844893098, 0.0934944599867, 0.0525734089315, 0.0506631545722, 0.107333660126, 0.364493638277, 0.555437743664, 0.355476588011, 0.121797598898, 0.0724869444966, 0.0698958337307, 0.0727226063609], "var": [0.028191531077, 0.0290107689798, 0.0390224866569, 0.0590083785355, 0.0494663901627, 0.0199343748391, 0.0170167032629, 0.0182323977351, 0.0359978675842, 0.0662119165063, 0.0403663851321, 0.0197983067483, 0.0166778247803, 0.0209349263459, 0.0329358763993, 0.0634081363678, 0.0560836941004, 0.0313362628222, 0.0221828967333, 0.0174490362406, 0.0165372304618, 0.0186748038977, 0.0170798953623, 0.0368911698461, 0.0661167055368, 0.0415329150856, 0.0182733014226, 0.0156813301146, 0.0379869639874, 0.112026058137, 0.168000668287, 0.0896594077349, 0.0445420742035, 0.0329197719693, 0.0353151597083, 0.0299716126174], "dmean2": [0.145421892405, 0.158257693052, 0.169340923429, 0.17734144628, 0.17007933557, 0.138454169035, 0.121008493006, 0.122346736491, 0.140297830105, 0.140594214201, 0.136458724737, 0.111828461289, 0.102241620421, 0.121618941426, 0.161945298314, 0.217586651444, 0.232176229358, 0.176041230559, 0.133776172996, 0.109754860401, 0.100092954934, 0.0906669870019, 0.108862362802, 0.144124656916, 0.137058719993, 0.121092319489, 0.100395590067, 0.111628301442, 0.251150101423, 0.414830595255, 0.336688965559, 0.407268226147, 0.259939700365, 0.182032212615, 0.177510082722, 0.15392126143], "dvar": [0.0281140673906, 0.0311237294227, 0.0362141393125, 0.0387472696602, 0.0353877991438, 0.0234394650906, 0.0205012466758, 0.0212643705308, 0.0255128908902, 0.0302514005452, 0.0269974321127, 0.0219326131046, 0.0203656610101, 0.025688316673, 0.0285124164075, 0.0379601866007, 0.0426778718829, 0.039305973798, 0.0328902341425, 0.0271297451109, 0.0234801694751, 0.0190353002399, 0.0197901558131, 0.0270618256181, 0.0278860237449, 0.0249993894249, 0.0203460156918, 0.0214787013829, 0.0460064075887, 0.0672266855836, 0.068609520793, 0.0603131391108, 0.0493923574686, 0.0440288037062, 0.048664752394, 0.0350647941232], "min": [0, 0, 0, 0, 0, 0, 0, 0, 0, 0, 0, 0, 0, 0, 0, 0, 0, 0, 0, 0, 0, 0, 0, 0, 0, 0, 0, 0, 0, 0, 0, 0, 0, 0, 0, 0], "median": [0.0266631953418, 0.0269693508744, 0.0206928458065, 0.0212036110461, 0.0222518779337, 0.0256406962872, 0.0247021634132, 0.0213733427227, 0.0161883346736, 0.0144415274262, 0.0129158860072, 0.0118224667385, 0.00933269411325, 0.0101373121142, 0.0415175743401, 0.10054269433, 0.0847289860249, 0.0238436963409, 0.00755038531497, 0.00813780725002, 0.00972789246589, 0.00985191110522, 0.0143655538559, 0.0239200238138, 0.0247923936695, 0.0138097405434, 0.0122490432113, 0.0131211942062, 0.027165863663, 0.279742896557, 0.589993000031, 0.311517059803, 0.0335516408086, 0.0104910954833, 0.00900394376367, 0.0139224082232], "max": [1, 1, 1, 1, 1, 1, 1, 1, 1, 1, 1, 1, 1, 1, 1, 1, 1, 1, 1, 1, 1, 1, 1, 1, 1, 1, 1, 1, 1, 1, 1, 1, 1, 1, 1, 1]}, "tuning_equal_tempered_deviation": 0.0820646211505, "chords_key": "G", "chords_strength": {"dmean": 0.00858599040657, "dvar2": 0.000599151302595, "mean": 0.5517796278, "var": 0.0123624894768, "dmean2": 0.00884361751378, "dvar": 0.000320715713315, "min": -1, "median": 0.554866552353, "max": 0.835768163204}, "tuning_diatonic_strength": 0.642661213875, "thpcp": [1, 0.639993548393, 0.219282180071, 0.130504176021, 0.125839188695, 0.130928456783, 0.154018208385, 0.157043069601, 0.168138921261, 0.223351940513, 0.201593115926, 0.13590221107, 0.125982895494, 0.118664778769, 0.164573341608, 0.22562135756, 0.174017414451, 0.102165609598, 0.0859204009175, 0.100758954883, 0.195032432675, 0.357721418142, 0.320320129395, 0.154516652226, 0.0948888063431, 0.0767468735576, 0.0787265002728, 0.0895052105188, 0.104641854763, 0.179053246975, 0.237371146679, 0.168325722218, 0.0946522057056, 0.0912130177021, 0.19324156642, 0.656227707863], "chords_histogram": [3.04422736168, 0.186674326658, 42.9781723022, 2.18265366554, 1.43595635891, 4.29350948334, 0.0430786907673, 8.09879398346, 0.804135560989, 33.4290618896, 0.674899458885, 0.258472144604, 0.229753017426, 0.244112581015, 0.186674326658, 0, 0, 0, 0, 0.603101670742, 0.0143595635891, 0.0717978179455, 1.22056293488, 0], "tuning_nontempered_energy_ratio": 0.772960245609, "tuning_frequency": 441.272583008, "key_strength": 0.671003103256, "chords_changes_rate": 0.0558587014675, "key_scale": "minor", "hpcp_entropy": {"dmean": 0.566400945187, "dvar2": 0.689842581749, "mean": 2.10258793831, "var": 0.558081507683, "dmean2": 0.952580630779, "dvar": 0.248913705349, "min": 0, "median": 2.0967912674, "max": 4.30585336685}, "key_key": "C", "chords_number_rate": 0.00114876509178}, "lowlevel": {"melbands_skewness": {"dmean": 0.722730398178, "dvar2": 1.49250650406, "mean": 3.01154255867, "var": 2.35620117188, "dmean2": 1.17692923546, "dvar": 0.568396806717, "min": -1.17181193829, "median": 2.79938721657, "max": 18.9074039459}, "melbands_kurtosis": {"dmean": 8.90073776245, "dvar2": 945.89251709, "mean": 20.0931377411, "var": 1322.69262695, "dmean2": 14.5809106827, "dvar": 372.444702148, "min": -1.3819218874, "median": 10.890917778, "max": 658.571289062}, "barkbands_kurtosis": {"dmean": 5.20804166794, "dvar2": 363.065795898, "mean": 11.6501188278, "var": 969.402587891, "dmean2": 8.3758058548, "dvar": 152.411895752, "min": -1.64289665222, "median": 4.13421487808, "max": 473.84866333}, "hfc": {"dmean": 3.28930068016, "dvar2": 55.1426925659, "mean": 13.5965023041, "var": 197.717681885, "dmean2": 4.94252490997, "dvar": 24.1025123596, "min": 1.0941323103e-16, "median": 9.08230113983, "max": 84.8294219971}, "silence_rate_20dB": {"dmean": 0, "dvar2": 0, "mean": 1, "var": 0, "dmean2": 0, "dvar": 0, "min": 1, "median": 1, "max": 1}, "erbbands_flatness_db": {"dmean": 0.0142935998738, "dvar2": 0.000355345080607, "mean": 0.177250549197, "var": 0.0032173062209, "dmean2": 0.0198834035546, "dvar": 0.000165888632182, "min": 0.0475868731737, "median": 0.16084869206, "max": 0.356498718262}, "spectral_flux": {"dmean": 0.0215633362532, "dvar2": 0.00188975210767, "mean": 0.0746670216322, "var": 0.00354591221549, "dmean2": 0.0336339995265, "dvar": 0.0008572441875, "min": 6.36128857923e-11, "median": 0.062189836055, "max": 0.381627678871}, "spectral_energyband_low": {"dmean": 0.00918705482036, "dvar2": 0.000800083624199, "mean": 0.0170100219548, "var": 0.000494690553751, "dmean2": 0.0152453863993, "dvar": 0.000305023044348, "min": 1.85919195682e-23, "median": 0.0103194927797, "max": 0.23253659904}, "spectral_rolloff": {"dmean": 215.354156494, "dvar2": 320529.09375, "mean": 781.449768066, "var": 2017602.75, "dmean2": 368.422943115, "dvar": 136335.015625, "min": 64.599609375, "median": 559.86328125, "max": 19918.2128906}, "spectral_entropy": {"dmean": 0.147468298674, "dvar2": 0.0629178956151, "mean": 6.97087669373, "var": 0.736686587334, "dmean2": 0.223365947604, "dvar": 0.0297091696411, "min": 4.16488218307, "median": 7.30558538437, "max": 9.82191753387}, "spectral_energy": {"dmean": 0.0113422162831, "dvar2": 0.00100383674726, "mean": 0.0312042869627, "var": 0.00102139706723, "dmean2": 0.0183537080884, "dvar": 0.00039948997437, "min": 1.00116480659e-20, "median": 0.0229701530188, "max": 0.257700115442}, "spectral_centroid": {"dmean": 131.411727905, "dvar2": 60088.5820312, "mean": 779.338317871, "var": 705448.5625, "dmean2": 210.015640259, "dvar": 26705.1171875, "min": 105.429710388, "median": 693.011413574, "max": 11757.7822266}, "barkbands_flatness_db": {"dmean": 0.0229027234018, "dvar2": 0.00132112076972, "mean": 0.197233438492, "var": 0.0094373319298, "dmean2": 0.0359724164009, "dvar": 0.000510195677634, "min": 0.0417446009815, "median": 0.162468463182, "max": 0.527108132839}, "spectral_rms": {"dmean": 0.000839582702611, "dvar2": 2.87818329525e-06, "mean": 0.00480636116117, "var": 7.34220611776e-06, "dmean2": 0.0013393657282, "dvar": 1.19837181956e-06, "min": 3.12529386051e-12, "median": 0.00473391031846, "max": 0.0158560629934}, "melbands": {"dmean": [0.00086165004177, 0.0023480670061, 0.00137519999407, 0.000484509393573, 0.000171945954207, 0.000106442625111, 9.88024330582e-05, 9.29543530219e-05, 0.000155032234034, 7.39916213206e-05, 6.38272322249e-05, 3.91020148527e-05, 1.96647815756e-05, 2.02433038794e-05, 2.009590753e-05, 2.91104424832e-05, 2.32157417486e-05, 2.40434528678e-05, 2.86299291474e-05, 2.58554136963e-05, 1.3392749679e-05, 9.43957002164e-06, 5.69854501009e-06, 3.85218481824e-06, 2.33212631429e-06, 1.97816802938e-06, 1.64641937772e-06, 1.09654956759e-06, 4.54700227692e-07, 4.65012448103e-07, 3.40100228868e-07, 1.88725820749e-07, 1.33988493189e-07, 1.23480560887e-07, 9.75823581939e-08, 8.88569857693e-08, 8.23137611405e-08, 6.8712658674e-08, 5.7785516816e-08, 7.09943961397e-08], "dvar2": [1.10821456474e-05, 6.20868522674e-05, 2.59507905866e-05, 2.28367662203e-06, 2.73778340443e-07, 9.82602728072e-08, 8.01028292585e-08, 1.0773413095e-07, 2.96762578955e-07, 9.91449056187e-08, 1.10856184676e-07, 4.43431034114e-08, 3.72436770313e-09, 3.86457887913e-09, 3.65825791881e-09, 7.94413423932e-09, 5.20856469066e-09, 5.87286752562e-09, 1.09235296364e-08, 9.71829550167e-09, 2.2036767966e-09, 6.98518298758e-10, 2.71968281229e-10, 1.39434991331e-10, 5.37150601776e-11, 5.01267014008e-11, 3.86168146072e-11, 2.33883173245e-11, 1.89880272963e-12, 2.20138967819e-12, 1.23361282127e-12, 3.763068958e-13, 2.00991119906e-13, 1.64804205439e-13, 9.53691064922e-14, 1.37144649478e-13, 6.24259893995e-14, 3.93768879807e-14, 2.92429857998e-14, 4.85598025549e-14], "mean": [0.00134511711076, 0.00396330002695, 0.00214031338692, 0.000886109715793, 0.000306812173221, 0.000216944303247, 0.000191440893104, 0.000183633907, 0.000291549222311, 0.000149101193529, 0.000134018337121, 8.22910587885e-05, 3.62356950063e-05, 3.8721740566e-05, 3.99520431529e-05, 5.61551059945e-05, 4.43884382548e-05, 4.70417944598e-05, 5.6926299294e-05, 4.92095423397e-05, 2.65442940872e-05, 1.89867969311e-05, 1.17078088806e-05, 8.2328233475e-06, 5.0838716561e-06, 4.31468015449e-06, 3.81938616556e-06, 2.50827588388e-06, 1.10087626126e-06, 1.12297868782e-06, 8.55155064983e-07, 4.95778408549e-07, 3.17209696732e-07, 2.74777136156e-07, 2.36723565195e-07, 2.05418047017e-07, 1.87346202551e-07, 1.53122584834e-07, 1.31431121986e-07, 1.55093033527e-07], "var": [5.98930773776e-06, 2.81168195215e-05, 1.10338260129e-05, 1.19421645195e-06, 1.72499653672e-07, 8.16327698772e-08, 6.41354063191e-08, 1.05262486727e-07, 2.89239608264e-07, 1.05966179831e-07, 1.70855301462e-07, 9.96886555527e-08, 4.21875290257e-09, 4.45883818756e-09, 3.9265009022e-09, 7.90308973819e-09, 4.62392257816e-09, 5.35283728453e-09, 1.14711919963e-08, 9.75482894461e-09, 2.14025708267e-09, 6.89343027105e-10, 2.63026406211e-10, 1.42715797513e-10, 6.09794437167e-11, 5.53446871665e-11, 5.17108821041e-11, 2.86502158803e-11, 2.58015245454e-12, 3.11974079382e-12, 2.07731401525e-12, 1.01296531926e-12, 3.39441772216e-13, 2.35707666493e-13, 1.94831320131e-13, 2.24779667535e-13, 1.23464769224e-13, 7.94871167584e-14, 6.13020512174e-14, 9.57301390394e-14], "dmean2": [0.00134511839133, 0.00402720505372, 0.00237145391293, 0.000805089599453, 0.000280432490399, 0.000174299100763, 0.00016410270473, 0.000151365238708, 0.000248008029303, 0.000120614822663, 0.000100154771644, 6.2444494688e-05, 3.20105318679e-05, 3.28342684952e-05, 3.21605730278e-05, 4.70229242637e-05, 3.78462791559e-05, 3.9086677134e-05, 4.64951444883e-05, 4.22511438956e-05, 2.21035770664e-05, 1.53858600243e-05, 9.24967480387e-06, 6.22759762336e-06, 3.8064013097e-06, 3.23471704178e-06, 2.61532818513e-06, 1.76163223387e-06, 7.29521900666e-07, 7.45596935303e-07, 5.3090457186e-07, 2.84226615577e-07, 2.01368138164e-07, 1.82573430152e-07, 1.42670998571e-07, 1.27742922018e-07, 1.1470658734e-07, 9.40874400612e-08, 7.80688154123e-08, 9.91268791495e-08], "dvar": [4.40477151642e-06, 2.22791895794e-05, 9.36859851208e-06, 8.2513901134e-07, 1.03333746893e-07, 3.668224835e-08, 3.02236600191e-08, 4.15740224469e-08, 1.18814625694e-07, 4.08030516041e-08, 4.33004991862e-08, 1.84647550583e-08, 1.52450230217e-09, 1.57470758655e-09, 1.51478307675e-09, 3.12382764101e-09, 2.0324435468e-09, 2.25787677444e-09, 4.14988621245e-09, 3.62112539953e-09, 8.28361768068e-10, 2.67842747981e-10, 1.05380267013e-10, 5.21668888642e-11, 1.96357739096e-11, 1.8970498783e-11, 1.59294417934e-11, 1.00104837614e-11, 7.47696392647e-13, 8.49610150028e-13, 5.41822554705e-13, 1.70184355432e-13, 8.74852761849e-14, 7.13700068012e-14, 4.27065914371e-14, 6.09798195554e-14, 3.001384338e-14, 2.0160653e-14, 1.53750269623e-14, 2.47633707431e-14], "min": [9.07520672331e-25, 1.91848506959e-24, 1.99088770955e-24, 1.36127336641e-24, 1.14734474132e-24, 1.24559687402e-24, 2.42266697893e-24, 1.77780099626e-24, 2.87451723633e-24, 2.52909752847e-24, 1.88919584747e-24, 3.01542297957e-24, 2.04845227031e-24, 2.04167437741e-24, 2.84528185397e-24, 4.45633402373e-24, 3.04865907002e-24, 3.83433100503e-24, 3.06711013216e-24, 4.96912358884e-24, 4.31202533176e-24, 4.11615550772e-24, 4.46659868183e-24, 4.33004291483e-24, 4.92950738861e-24, 3.72099733093e-24, 5.51689045762e-24, 4.11216426597e-24, 4.96839113149e-24, 5.58393969026e-24, 4.89966596386e-24, 4.48685544658e-24, 4.86112064231e-24, 6.87085068901e-24, 4.89623481335e-24, 6.5615943372e-24, 4.92132847874e-24, 6.55313577614e-24, 6.12003417866e-24, 7.00477323831e-24], "median": [0.000606871733908, 0.00244619557634, 0.00101967412047, 0.000559419277124, 0.000170140032424, 0.000122483150335, 0.000108389089291, 8.84975961526e-05, 0.00010291273793, 5.70872798562e-05, 3.67106731574e-05, 2.51644796663e-05, 1.68800161191e-05, 1.81934938155e-05, 2.14657738979e-05, 2.67448103841e-05, 2.11529295484e-05, 1.91092349269e-05, 1.47890914377e-05, 9.56799340202e-06, 8.55537109601e-06, 9.01935163711e-06, 5.77588343731e-06, 3.29820386469e-06, 1.75313300588e-06, 1.34765946314e-06, 1.03282604869e-06, 6.77292803175e-07, 3.90719606003e-07, 2.92451545647e-07, 2.27834021871e-07, 1.47089721736e-07, 9.06916426402e-08, 8.35202413896e-08, 7.11517600394e-08, 4.97601533311e-08, 5.67575106913e-08, 4.80493120847e-08, 4.40088143705e-08, 4.87667932703e-08], "max": [0.0381532497704, 0.0661411136389, 0.0485880710185, 0.0210882537067, 0.00566653488204, 0.00420703599229, 0.0034892980475, 0.00494712311774, 0.00763108301908, 0.00887391064316, 0.010122067295, 0.00658625084907, 0.00151080917567, 0.0014083533315, 0.00140740734059, 0.00156328279991, 0.000984980375506, 0.000834243139252, 0.00117620022502, 0.000860681815539, 0.00050676020328, 0.000433263689047, 0.000202159790206, 0.000231675570831, 7.31479158276e-05, 0.000135982874781, 0.000169226506841, 0.000135989350383, 1.76214362e-05, 3.06377296511e-05, 3.32424679073e-05, 2.66036913672e-05, 1.21401562865e-05, 1.04951632238e-05, 7.0366604632e-06, 1.5994961359e-05, 7.22692675481e-06, 5.20995763509e-06, 5.53151949134e-06, 5.14945622854e-06]}, "barkbands_crest": {"dmean": 2.29759645462, "dvar2": 13.8552207947, "mean": 10.412519455, "var": 13.4932136536, "dmean2": 3.88668107986, "dvar": 4.71661806107, "min": 2.7055478096, "median": 9.79787254333, "max": 24.9947662354}, "mfcc": {"icov": [[0.000153247310664, 7.57671077736e-05, 0.000403999612899, 7.56553708925e-05, 0.000129668173031, -0.000152198554133, 0.000246359501034, 1.39764197229e-05, -0.000119619973702, -0.000147928949445, 0.000101829355117, -5.54870348424e-05, 3.61958918802e-05], [7.57671077736e-05, 0.0011814852478, 0.000333695876179, 1.07509331428e-05, -0.000349983223714, 0.000404575257562, -0.0006401167484, -0.00041972429608, 0.000591936754063, 0.000736479938496, -0.000921400962397, -0.000107099549496, 5.60753978789e-05], [0.000403999612899, 0.000333695876179, 0.00221018493176, -0.000164575583767, -2.11998326449e-06, -0.00161259039305, -0.000202085706405, -0.000683460501023, 0.00108832959086, 0.000401743891416, 0.000577870639972, 6.08590926277e-05, -0.00020687909273], [7.56553708925e-05, 1.07509331428e-05, -0.000164575583767, 0.00644989777356, -0.000417879869929, -0.00148587441072, 8.8545421022e-05, -0.000353506882675, -7.59578688303e-05, -0.00306570040993, 0.00189471221529, 0.000124938611407, -0.00113339768723], [0.000129668173031, -0.000349983223714, -2.11998326449e-06, -0.000417879869929, 0.00659821555018, -0.00156981067266, 0.00227413279936, 0.00196312437765, -0.00116319116205, -0.000711860251613, 0.000273335841484, -0.0011724489741, -0.00157060753554], [-0.000152198554133, 0.000404575257562, -0.00161259039305, -0.00148587441072, -0.00156981067266, 0.0149815790355, -0.00423818826675, 0.000802698021289, -0.00253498088568, 3.81638747058e-05, 0.00245214952156, -0.00216460390948, 0.00191369408276], [0.000246359501034, -0.0006401167484, -0.000202085706405, 8.8545421022e-05, 0.00227413279936, -0.00423818826675, 0.0181579794735, -0.00960319582373, -0.00063408294227, 0.00254736188799, -0.00431388802826, 0.00353902135976, -0.00181636714842], [1.39764197229e-05, -0.00041972429608, -0.000683460501023, -0.000353506882675, 0.00196312437765, 0.000802698021289, -0.00960319582373, 0.0215910430998, -0.00277886120602, -0.00116738199722, -0.00162992824335, 0.000349589885445, -0.00146829197183], [-0.000119619973702, 0.000591936754063, 0.00108832959086, -7.59578688303e-05, -0.00116319116205, -0.00253498088568, -0.00063408294227, -0.00277886120602, 0.0176553670317, -0.0074451090768, 0.0039162277244, -0.00133271457162, 0.00210106372833], [-0.000147928949445, 0.000736479938496, 0.000401743891416, -0.00306570040993, -0.000711860251613, 3.81638747058e-05, 0.00254736188799, -0.00116738199722, -0.0074451090768, 0.021931765601, -0.00991419982165, 0.00644706562161, -0.00311287958175], [0.000101829355117, -0.000921400962397, 0.000577870639972, 0.00189471221529, 0.000273335841484, 0.00245214952156, -0.00431388802826, -0.00162992824335, 0.0039162277244, -0.00991419982165, 0.0292254220694, -0.0181363932788, 0.00793884135783], [-5.54870348424e-05, -0.000107099549496, 6.08590926277e-05, 0.000124938611407, -0.0011724489741, -0.00216460390948, 0.00353902135976, 0.000349589885445, -0.00133271457162, 0.00644706562161, -0.0181363932788, 0.032740175724, -0.0118710603565], [3.61958918802e-05, 5.60753978789e-05, -0.00020687909273, -0.00113339768723, -0.00157060753554, 0.00191369408276, -0.00181636714842, -0.00146829197183, 0.00210106372833, -0.00311287958175, 0.00793884135783, -0.0118710603565, 0.027500923723]], "mean": [-717.466796875, 168.873840332, 5.59292697906, 25.2379627228, 19.4123821259, 7.22929477692, 4.54368257523, 2.33921718597, 3.39448094368, 3.85283064842, 2.5262055397, -0.175200417638, -3.94916796684], "cov": [[20138.2460938, -956.259521484, -4313.77636719, -261.090240479, -106.87323761, -348.457305908, -662.926513672, -365.5675354, 481.585632324, 423.419586182, 20.6825199127, -3.17367339134, -109.130859375], [-956.259521484, 1124.77514648, 28.3281764984, -50.7970809937, 3.13048791885, -39.8969917297, 88.5242080688, 54.4569549561, -81.0361633301, -64.4700393677, 74.7788696289, 41.8553962708, 4.16827058792], [-4313.77636719, 28.3281764984, 1490.00134277, 90.7892608643, 14.5661039352, 149.264328003, 167.741928101, 97.7228240967, -119.58883667, -108.864181519, -39.2276535034, -13.5472688675, 29.602104187], [-261.090240479, -50.7970809937, 90.7892608643, 191.534088135, 26.4418106079, 34.4306869507, 5.6858587265, 7.17993974686, 16.7416210175, 27.1803379059, -19.2674732208, -9.9893913269, 11.9445428848], [-106.87323761, 3.13048791885, 14.5661039352, 26.4418106079, 191.640182495, 16.8541355133, -38.9325180054, -31.8307151794, 12.4835615158, 11.4236497879, -6.42280960083, 12.0934495926, 14.2483978271], [-348.457305908, -39.8969917297, 149.264328003, 34.4306869507, 16.8541355133, 96.590171814, 30.8952159882, 13.5851211548, 9.375, -2.8677406311, -12.8017053604, -3.29036903381, 1.32324981689], [-662.926513672, 88.5242080688, 167.741928101, 5.6858587265, -38.9325180054, 30.8952159882, 119.940589905, 61.7839279175, -13.4067354202, -19.0598983765, 13.3212614059, -2.47301697731, 2.98912286758], [-365.5675354, 54.4569549561, 97.7228240967, 7.17993974686, -31.8307151794, 13.5851211548, 61.7839279175, 81.6348114014, 0.378847777843, -3.21985411644, 11.1106071472, -0.447755306959, 3.28308653831], [481.585632324, -81.0361633301, -119.58883667, 16.7416210175, 12.4835615158, 9.375, -13.4067354202, 0.378847777843, 90.8919525146, 41.5615577698, -6.79887056351, -6.71872520447, -4.66017436981], [423.419586182, -64.4700393677, -108.864181519, 27.1803379059, 11.4236497879, -2.8677406311, -19.0598983765, -3.21985411644, 41.5615577698, 80.0379943848, 13.2612171173, -3.92769050598, -0.342652261257], [20.6825199127, 74.7788696289, -39.2276535034, -19.2674732208, -6.42280960083, -12.8017053604, 13.3212614059, 11.1106071472, -6.79887056351, 13.2612171173, 68.0395050049, 31.3798141479, -3.34723067284], [-3.17367339134, 41.8553962708, -13.5472688675, -9.9893913269, 12.0934495926, -3.29036903381, -2.47301697731, -0.447755306959, -6.71872520447, -3.92769050598, 31.3798141479, 54.4158592224, 14.6369390488], [-109.130859375, 4.16827058792, 29.602104187, 11.9445428848, 14.2483978271, 1.32324981689, 2.98912286758, 3.28308653831, -4.66017436981, -0.342652261257, -3.34723067284, 14.6369390488, 45.90858078]]}, "spectral_decrease": {"dmean": 2.94732882544e-09, "dvar2": 6.87801208733e-17, "mean": -7.9409785414e-09, "var": 6.71237082403e-17, "dmean2": 4.77905048868e-09, "dvar": 2.73051559198e-17, "min": -6.69457875802e-08, "median": -5.85591530822e-09, "max": 3.32214035372e-19}, "zerocrossingrate": {"dmean": 0.00455746706575, "dvar2": 5.25746727362e-05, "mean": 0.0317001715302, "var": 0.00144261680543, "dmean2": 0.00591600500047, "dvar": 3.5709097574e-05, "min": 0.0029296875, "median": 0.0283203125, "max": 0.52490234375}, "spectral_contrast_coeffs": {"dmean": [0.047316648066, 0.0399434678257, 0.0314649194479, 0.0260814595968, 0.0187234058976, 0.0157424844801], "dvar2": [0.00464355479926, 0.00305933086202, 0.00186961819418, 0.00122697337065, 0.00061422312865, 0.000483285373775], "mean": [-0.623888134956, -0.754967570305, -0.793323397636, -0.802833378315, -0.801833570004, -0.79946410656], "var": [0.00477627525106, 0.00476810522377, 0.00395394349471, 0.00305576156825, 0.00231470656581, 0.00265525537543], "dmean2": [0.0797115191817, 0.0661818757653, 0.0520058535039, 0.0427920781076, 0.0302932616323, 0.0235543455929], "dvar": [0.00162531237584, 0.00111209379975, 0.000694110465702, 0.000470808765385, 0.000242319758399, 0.000240954279434], "min": [-0.978698074818, -0.983034431934, -0.972684264183, -0.968468129635, -0.971367716789, -0.96662992239], "median": [-0.624655246735, -0.76246625185, -0.802990794182, -0.810427069664, -0.794250011444, -0.796007514], "max": [-0.324682116508, -0.433960467577, -0.484356641769, -0.568851172924, -0.622674167156, -0.619347751141]}, "spectral_skewness": {"dmean": 0.315089583397, "dvar2": 0.397897809744, "mean": 2.77305102348, "var": 2.01386880875, "dmean2": 0.509153187275, "dvar": 0.171600282192, "min": -0.0732859075069, "median": 2.28283119202, "max": 9.17491722107}, "spectral_energyband_middle_high": {"dmean": 0.00125558848958, "dvar2": 1.08119875222e-05, "mean": 0.00424991315231, "var": 2.97914775729e-05, "dmean2": 0.00192536902614, "dvar": 4.4699972932e-06, "min": 1.16629931918e-21, "median": 0.00227431277744, "max": 0.0677951574326}, "gfcc": {"icov": [[0.000241207613726, -0.000355967262294, 0.00062315154355, -0.000567888549995, 0.00027146062348, -0.00090128055308, 0.000771090562921, -0.000800510926638, 0.000790536461864, -0.000923806452192, 0.00124310725369, -0.000831963028759, 0.000606855610386], [-0.000355967262294, 0.00255622924305, -0.000776695320383, 0.0020275269635, -0.000967160623986, 0.0024792146869, -0.00232532946393, 0.00276812748052, -0.00189033267088, 0.0041605536826, -0.00524586159736, 0.00358112342656, -0.00189572549425], [0.00062315154355, -0.000776695320383, 0.00253685633652, -0.00118069804739, 0.000342358544003, -0.00319335376844, 0.00190007314086, -0.000798143388238, 0.00213915505446, -0.00131051568314, 0.00232050078921, -0.00211445754394, 0.00181626097765], [-0.000567888549995, 0.0020275269635, -0.00118069804739, 0.0063859722577, -6.41005754005e-05, 0.00154619326349, -0.00224805227481, 0.00264990911819, -0.00419741356745, 0.00395027315244, -0.00528258038685, 0.00576285226271, -0.00434131640941], [0.00027146062348, -0.000967160623986, 0.000342358544003, -6.41005754005e-05, 0.00578279094771, -0.000529885350261, 0.00123473268468, -0.00161001249216, -0.00122050696518, -0.00210164487362, 0.00224594841711, -0.000541709770914, -0.000371737289242], [-0.00090128055308, 0.0024792146869, -0.00319335376844, 0.00154619326349, -0.000529885350261, 0.0155590353534, -0.00557064032182, 0.00265872268938, -0.00363588496111, 0.00344962044619, -0.00245080632158, 0.000322582258377, -0.000834796344861], [0.000771090562921, -0.00232532946393, 0.00190007314086, -0.00224805227481, 0.00123473268468, -0.00557064032182, 0.0101438732818, -0.00619371561334, 0.00373404496349, -0.000837545550894, 0.00161115918308, -0.00121094519272, 0.000210497411899], [-0.000800510926638, 0.00276812748052, -0.000798143388238, 0.00264990911819, -0.00161001249216, 0.00265872268938, -0.00619371561334, 0.0187308453023, -0.00497055053711, -8.24176458991e-05, -0.00456929486245, 0.00214720144868, 0.000965768005699], [0.000790536461864, -0.00189033267088, 0.00213915505446, -0.00419741356745, -0.00122050696518, -0.00363588496111, 0.00373404496349, -0.00497055053711, 0.0207879915833, -0.00936747528613, 0.00109889509622, 0.00353313307278, -0.00305863888934], [-0.000923806452192, 0.0041605536826, -0.00131051568314, 0.00395027315244, -0.00210164487362, 0.00344962044619, -0.000837545550894, -8.24176458991e-05, -0.00936747528613, 0.0297578722239, -0.0093062184751, 0.00265527539887, -0.000565492489841], [0.00124310725369, -0.00524586159736, 0.00232050078921, -0.00528258038685, 0.00224594841711, -0.00245080632158, 0.00161115918308, -0.00456929486245, 0.00109889509622, -0.0093062184751, 0.0291368272156, -0.0178579390049, 0.00992026273161], [-0.000831963028759, 0.00358112342656, -0.00211445754394, 0.00576285226271, -0.000541709770914, 0.000322582258377, -0.00121094519272, 0.00214720144868, 0.00353313307278, 0.00265527539887, -0.0178579390049, 0.0357575081289, -0.0142938708887], [0.000606855610386, -0.00189572549425, 0.00181626097765, -0.00434131640941, -0.000371737289242, -0.000834796344861, 0.000210497411899, 0.000965768005699, -0.00305863888934, -0.000565492489841, 0.00992026273161, -0.0142938708887, 0.0262484047562]], "mean": [-70.4793548584, 133.368164062, -87.602394104, 14.73163414, -26.9492168427, 5.60136222839, -32.2355155945, 6.29754066467, -21.6263313293, 0.258045107126, -19.9554157257, -8.28775501251, -16.0736351013], "cov": [[27531.7988281, -2714.01977539, -5040.46582031, 704.171203613, -559.039367676, 240.423431396, -786.981201172, 767.504760742, -0.273872822523, 618.984130859, -675.997619629, -18.3216896057, -130.687438965], [-2714.01977539, 1534.64660645, 342.375976562, -180.715530396, 124.084197998, -132.907272339, 225.073471069, -148.982696533, 3.38426661491, -164.080108643, 197.163589478, -25.6882095337, 29.5655097961], [-5040.46582031, 342.375976562, 1609.51147461, -113.807876587, 55.3961982727, 74.8151016235, 74.3988342285, -162.692337036, -65.494430542, -118.13633728, 85.4629898071, 29.6499614716, -6.70914506912], [704.171203613, -180.715530396, -113.807876587, 293.829772949, -27.0704154968, 20.7042713165, -2.45055556297, 14.6923236847, 47.7290534973, 11.5485010147, -15.6971874237, -24.4559822083, 25.3199729919], [-559.039367676, 124.084197998, 55.3961982727, -27.0704154968, 219.146316528, -20.8833312988, -0.296104580164, -2.8392496109, 34.4882736206, 3.59512329102, 7.99822425842, -8.86222457886, 12.3697681427], [240.423431396, -132.907272339, 74.8151016235, 20.7042713165, -20.8833312988, 111.446762085, 19.7277812958, 12.8482179642, -6.00180864334, 5.13834476471, -15.4755897522, 9.5087146759, -3.85395550728], [-786.981201172, 225.073471069, 74.3988342285, -2.45055556297, -0.296104580164, 19.7277812958, 204.438095093, 10.2401704788, -5.98875904083, -36.4367332458, 44.8937416077, -0.759097874165, 8.64052867889], [767.504760742, -148.982696533, -162.692337036, 14.6923236847, -2.8392496109, 12.8482179642, 10.2401704788, 102.597610474, 16.8848571777, 35.5278167725, -12.8793010712, -0.257409185171, -10.8451480865], [-0.273872822523, 3.38426661491, -65.494430542, 47.7290534973, 34.4882736206, -6.00180864334, -5.98875904083, 16.8848571777, 85.631980896, 23.3901443481, 4.88125324249, -15.2122392654, 12.7545642853], [618.984130859, -164.080108643, -118.13633728, 11.5485010147, 3.59512329102, 5.13834476471, -36.4367332458, 35.5278167725, 23.3901443481, 71.4093780518, -10.6060714722, 2.91163063049, -7.01915502548], [-675.997619629, 197.163589478, 85.4629898071, -15.6971874237, 7.99822425842, -15.4755897522, 44.8937416077, -12.8793010712, 4.88125324249, -10.6060714722, 92.1055755615, 19.9678440094, -2.50252556801], [-18.3216896057, -25.6882095337, 29.6499614716, -24.4559822083, -8.86222457886, 9.5087146759, -0.759097874165, -0.257409185171, -15.2122392654, 2.91163063049, 19.9678440094, 51.3905029297, 11.393078804], [-130.687438965, 29.5655097961, -6.70914506912, 25.3199729919, 12.3697681427, -3.85395550728, 8.64052867889, -10.8451480865, 12.7545642853, -7.01915502548, -2.50252556801, 11.393078804, 56.7737159729]]}, "erbbands_spread": {"dmean": 4.8274102211, "dvar2": 64.0901870728, "mean": 29.5180740356, "var": 165.377532959, "dmean2": 7.62336111069, "dvar": 27.3502063751, "min": 1.78341197968, "median": 30.4959354401, "max": 146.112258911}, "erbbands_kurtosis": {"dmean": 1.19138848782, "dvar2": 27.4589099884, "mean": 1.99837887287, "var": 72.747428894, "dmean2": 1.8521720171, "dvar": 11.8944978714, "min": -1.80314838886, "median": -0.121765851974, "max": 142.716995239}, "dynamic_complexity": 5.30783510208, "erbbands_crest": {"dmean": 2.12195324898, "dvar2": 12.0153970718, "mean": 9.36570167542, "var": 25.1558322906, "dmean2": 3.43249511719, "dvar": 4.72890520096, "min": 2.75559902191, "median": 7.95298957825, "max": 31.483417511}, "erbbands": {"dmean": [0.0698010846972, 1.1457413435, 5.53185653687, 8.26591014862, 8.58760738373, 5.32628822327, 5.02659654617, 4.6636595726, 6.70490550995, 7.96469640732, 19.4257659912, 11.8748846054, 12.6605730057, 9.23036289215, 5.30163574219, 8.34519863129, 11.3625125885, 11.5623207092, 15.2658338547, 22.3391876221, 11.9237890244, 7.42863225937, 4.86279392242, 2.76743221283, 2.30221438408, 1.71248090267, 0.643915712833, 0.609354794025, 0.285960763693, 0.201326206326, 0.151262030005, 0.125319942832, 0.0888956561685, 0.0741245374084, 0.0583797954023, 0.0303137246519, 0.0106726950034, 0.00301690376364, 0.000341843580827, 2.41397337959e-05], "dvar2": [0.0863554403186, 17.3703517914, 345.363006592, 976.721496582, 976.968444824, 268.688446045, 224.900802612, 208.042327881, 377.707000732, 779.389526367, 4700.08984375, 2350.47119141, 4324.38476562, 2451.36010742, 234.395019531, 736.371643066, 1169.06799316, 1199.96643066, 2517.9375, 8298.54296875, 1781.68762207, 402.669433594, 210.785064697, 70.6067810059, 60.916469574, 56.7539901733, 3.49312520027, 3.63171839714, 0.754587888718, 0.364950805902, 0.209502413869, 0.148577928543, 0.0564728789032, 0.0443817228079, 0.0301318075508, 0.00864258222282, 0.00101193320006, 8.06801690487e-05, 1.01729801827e-06, 2.99233438028e-09], "mean": [0.102861858904, 1.83503842354, 8.8495798111, 11.7458724976, 14.4119415283, 9.23051929474, 8.98168563843, 9.03543663025, 12.840634346, 15.4575300217, 36.9653892517, 24.7776546478, 27.0509738922, 19.8777103424, 10.8290205002, 16.4672603607, 23.1363697052, 24.6924648285, 31.5676727295, 43.3350906372, 25.5389232635, 16.8914375305, 11.0233898163, 6.75305652618, 5.76899909973, 4.27447414398, 1.84748530388, 1.64402031898, 0.828871190548, 0.507862746716, 0.399680435658, 0.31175032258, 0.213362380862, 0.176017314196, 0.140221774578, 0.0718602314591, 0.0253248345107, 0.00704702967778, 0.00085335620679, 7.62885538279e-05], "var": [0.0482642799616, 8.58836936951, 140.393127441, 407.10458374, 395.835693359, 146.600799561, 150.160705566, 163.28074646, 292.295501709, 694.674926758, 4665.97753906, 2279.46240234, 6499.66259766, 5256.41796875, 250.143234253, 823.482666016, 1169.30395508, 1246.87902832, 2538.22509766, 8042.5234375, 2022.14404297, 494.107788086, 225.578109741, 97.0254821777, 93.1188964844, 75.39427948, 7.10299682617, 6.80610942841, 2.34601998329, 0.757114887238, 0.571679055691, 0.350012421608, 0.149337336421, 0.114360190928, 0.0905189290643, 0.0238367468119, 0.00311226723716, 0.000258856918663, 3.84444729207e-06, 1.16386127402e-08], "dmean2": [0.110390499234, 1.84288680553, 9.63074493408, 14.3266954422, 14.4802722931, 8.81279754639, 8.16431522369, 7.70172309875, 11.1513566971, 13.0652189255, 31.068397522, 19.3859806061, 19.8491001129, 14.7975530624, 8.62529850006, 13.4843568802, 18.3244037628, 18.6822681427, 24.6630840302, 36.6269607544, 19.3847122192, 11.9187498093, 7.82769727707, 4.45444869995, 3.6632771492, 2.70318198204, 1.00678837299, 0.94202631712, 0.415807664394, 0.284474492073, 0.209639549255, 0.167947903275, 0.116040252149, 0.0992275252938, 0.0744207128882, 0.0388080440462, 0.0134437363595, 0.00364937982522, 0.000383868726203, 3.17898338835e-05], "dvar": [0.0327741801739, 6.82622241974, 119.486076355, 346.366485596, 350.701965332, 100.576278687, 86.0262756348, 77.2518920898, 140.595840454, 300.839416504, 1878.76965332, 957.77722168, 1683.37036133, 1019.48577881, 92.8890457153, 303.894775391, 458.916870117, 474.94821167, 976.668762207, 3138.81738281, 674.06060791, 158.249771118, 80.8260879517, 26.063533783, 23.8895168304, 24.3219413757, 1.43421649933, 1.5557539463, 0.352753788233, 0.171517938375, 0.101112544537, 0.0726742520928, 0.0321548841894, 0.0249720532447, 0.0193751286715, 0.00536497402936, 0.000647080538329, 5.34840874025e-05, 7.34711818495e-07, 1.95992888585e-09], "min": [6.25978798777e-23, 6.20527025237e-22, 2.53453471124e-21, 6.89358428452e-21, 1.45674809988e-20, 2.6246657325e-20, 3.75297853899e-20, 5.82056817886e-20, 1.7066824668e-19, 1.37661555965e-19, 3.04507517357e-19, 4.02332817579e-19, 3.98779766656e-19, 8.11225694404e-19, 8.1235267629e-19, 8.65789784632e-19, 1.76813040579e-18, 2.16599766298e-18, 2.97552065779e-18, 3.42018607173e-18, 3.91434563082e-18, 4.34665999745e-18, 4.67145701446e-18, 7.4441167969e-18, 7.07525462789e-18, 7.07877345421e-18, 9.97043805702e-18, 9.54381055711e-18, 9.15269722962e-18, 1.21240846727e-17, 1.05906431911e-17, 9.38058714274e-18, 9.86092678854e-18, 9.23826327372e-18, 6.58371247504e-18, 4.02212643746e-18, 2.38130326385e-18, 1.04710498317e-18, 2.75479526615e-19, 2.75187447848e-20], "median": [0.0356143042445, 0.97327709198, 5.39511585236, 4.1296043396, 8.49411869049, 5.81592750549, 4.82604980469, 4.82589864731, 7.09024858475, 7.94473695755, 12.997130394, 10.5792760849, 8.01500988007, 6.79104757309, 5.51116132736, 8.05379581451, 12.3883047104, 12.6654472351, 12.3254833221, 9.44795894623, 7.85512018204, 8.42959117889, 5.12281990051, 2.53137660027, 1.77110636234, 1.17258298397, 0.604178309441, 0.44689270854, 0.252561450005, 0.154197439551, 0.119070209563, 0.0937477126718, 0.06959015131, 0.0580241493881, 0.044450931251, 0.0205075144768, 0.00639228476211, 0.001517640776, 0.000193851388758, 4.54291512142e-05], "max": [3.7896027565, 38.1846885681, 136.619598389, 292.750549316, 393.142242432, 160.435455322, 157.187698364, 177.126663208, 245.73374939, 412.579315186, 1029.15869141, 1408.29626465, 1973.68969727, 1574.02587891, 248.348724365, 830.724487305, 547.460021973, 545.434753418, 620.496887207, 974.364257812, 437.608215332, 314.011383057, 306.886108398, 84.8655700684, 163.73475647, 229.882980347, 24.3889427185, 48.8085517883, 31.3158092499, 14.5784826279, 15.0486974716, 10.2231750488, 7.09355640411, 5.6514005661, 6.44787025452, 3.63875436783, 1.03022837639, 0.308743476868, 0.0361970439553, 0.0016908069374]}, "silence_rate_30dB": {"dmean": 0.0336062051356, "dvar2": 0.0734693109989, "mean": 0.964816570282, "var": 0.033948585391, "dmean2": 0.0672172382474, "dvar": 0.0324768163264, "min": 0, "median": 1, "max": 1}, "silence_rate_60dB": {"dmean": 0.0201062764972, "dvar2": 0.0492026954889, "mean": 0.166080281138, "var": 0.138503670692, "dmean2": 0.0402154400945, "dvar": 0.0196955818683, "min": 0, "median": 0, "max": 1}, "spectral_energyband_middle_low": {"dmean": 0.00492808641866, "dvar2": 0.000265672337264, "mean": 0.0122654335573, "var": 0.000190380756976, "dmean2": 0.00799568090588, "dvar": 0.000103095189843, "min": 1.57883366256e-22, "median": 0.00900221243501, "max": 0.164831951261}, "spectral_spread": {"dmean": 394138.40625, "dvar2": 554128375808, "mean": 3439874.25, "var": 8543470616580.0, "dmean2": 527062.1875, "dvar": 292215029760, "min": 931018.125, "median": 3214234.5, "max": 44156172}, "barkbands": {"dmean": [4.2793679313e-05, 0.00411816919222, 0.00535786757246, 0.00306219421327, 0.00186586368363, 0.000577623606659, 0.000473293737741, 0.000787255703472, 0.00049191492144, 0.000389343476854, 0.000146404388943, 0.000189028127352, 0.000261405686615, 0.000238674285356, 0.000400340475608, 0.000265746202786, 0.000148829058162, 8.60077925608e-05, 4.78863184981e-05, 3.49556539732e-05, 1.55454799824e-05, 7.46716796129e-06, 5.73968509343e-06, 5.37131336387e-06, 7.23470157027e-06, 6.02322870691e-06, 2.13460521081e-06], "dvar2": [2.90388992852e-08, 0.000236781081185, 0.000337112840498, 0.000167987614986, 3.13407144859e-05, 2.647043857e-06, 1.84790155799e-06, 7.21568903828e-06, 3.88610624213e-06, 4.1110206439e-06, 2.7800805924e-07, 3.41584552643e-07, 6.19319564521e-07, 5.3051900295e-07, 2.09598192669e-06, 9.41556606904e-07, 1.66520052858e-07, 6.39441424255e-08, 2.27176393253e-08, 1.91051761078e-08, 2.1762662783e-09, 4.87871909538e-10, 3.17052273324e-10, 2.0005364032e-10, 3.82750997563e-10, 2.88585905173e-10, 3.5823