{"lowlevel": {"erbbands": {"mean": [1.34935522079, 6.82000732422, 5.33387994766, 12.6810588837, 14.4274320602, 19.1958255768, 32.5465927124, 16.3403530121, 17.7141799927, 32.0919685364, 36.7003173828, 18.4926891327, 19.8993911743, 21.3205375671, 15.8507614136, 15.3267230988, 13.0768861771, 10.5973005295, 11.5266799927, 9.81911277771, 9.2935962677, 5.90030241013, 5.30222558975, 3.60758066177, 2.60471820831, 3.18643927574, 2.59361839294, 2.93322634697, 2.15086841583, 2.30256104469, 2.44688606262, 1.84338629246, 1.16203892231, 0.9161439538, 0.47934743762, 0.251896440983, 0.121766775846, 0.0434846915305, 0.00703509151936, 0.000232497099205], "dvar": [1.32465016842, 58.0260810852, 62.4901924133, 152.487808228, 769.283874512, 1828.5435791, 1474.69750977, 568.416748047, 1167.31420898, 3828.91455078, 5197.35839844, 1775.59594727, 1764.7598877, 2049.56420898, 1576.22033691, 1926.81054688, 1212.54089355, 1107.86535645, 1743.2512207, 1077.98132324, 967.975585938, 226.601089478, 123.118629456, 70.6971054077, 64.9072036743, 49.4182243347, 32.3900756836, 26.6161518097, 14.8342237473, 59.8008041382, 54.6630058289, 28.3608341217, 18.0223026276, 13.4534740448, 3.9840900898, 0.522293329239, 0.0570850409567, 0.008126873523, 0.000245405273745, 1.30725467784e-07], "min": [5.83068236521e-23, 6.19512537491e-22, 3.17595430734e-21, 5.36007624717e-21, 1.09693850825e-20, 2.23696827966e-20, 2.9105487226e-20, 8.9305566095e-20, 1.87046384035e-19, 1.11353658195e-19, 2.45049438885e-19, 3.84199209095e-19, 5.12418899033e-19, 3.77567753823e-19, 7.82203442227e-19, 1.29776893631e-18, 1.31083415069e-18, 1.72850886803e-18, 2.93859138614e-18, 4.25356702336e-18, 3.5053395595e-18, 3.64060799148e-18, 3.22843071649e-18, 6.17935557236e-18, 6.55695525018e-18, 7.02341108299e-18, 1.00903287878e-17, 9.13795521674e-18, 1.15991235959e-17, 1.01481925532e-17, 9.73950329207e-18, 1.01542615774e-17, 9.46803915864e-18, 7.99693069926e-18, 6.10396178183e-18, 4.35951479776e-18, 2.29929802549e-18, 1.00149941407e-18, 2.25509804305e-19, 2.73619100482e-20], "dmean": [0.727039635181, 4.61594438553, 3.86685800552, 7.09803581238, 11.1221513748, 15.6268758774, 16.9149723053, 10.3318595886, 12.5028190613, 19.6563529968, 21.8047447205, 12.8868675232, 14.2293806076, 14.8511095047, 12.2972698212, 13.199174881, 11.9757356644, 10.5929117203, 12.0262031555, 9.2119808197, 8.7059545517, 5.19241380692, 4.48911523819, 3.29219579697, 2.70473313332, 2.94197034836, 2.27226734161, 2.37037062645, 1.69856441021, 1.92267417908, 1.9484359026, 1.39157986641, 0.919690668583, 0.718059778214, 0.368199706078, 0.195571273565, 0.0985406860709, 0.0366520881653, 0.00611629430205, 0.000164467972354], "dmean2": [1.10082280636, 7.36757850647, 6.77894830704, 11.9511880875, 18.8938159943, 26.7530231476, 24.5615177155, 15.5396499634, 19.5516757965, 29.3121910095, 31.8466053009, 19.7300167084, 20.8893241882, 22.1436672211, 18.8391132355, 21.5268554688, 19.730381012, 18.0388393402, 20.455827713, 15.1854362488, 14.3344812393, 8.66934204102, 7.41500473022, 5.63019418716, 4.71841287613, 4.90050649643, 3.61185646057, 3.66017794609, 2.60747218132, 3.00163698196, 2.98617267609, 2.06198120117, 1.43320477009, 1.12825870514, 0.552854001522, 0.286438167095, 0.145087853074, 0.0544773861766, 0.00914537161589, 0.000241514280788], "dvar2": [2.7078897953, 125.587432861, 170.895751953, 415.379577637, 2083.90039062, 5030.53808594, 2672.35107422, 1171.68261719, 2660.92114258, 8815.28613281, 11679.8720703, 3819.63769531, 3695.42895508, 3680.64624023, 3616.34887695, 4487.77783203, 2972.08325195, 3016.46459961, 4738.61279297, 2599.88012695, 2288.72021484, 586.023864746, 305.158508301, 188.217193604, 182.118179321, 130.292160034, 77.7388381958, 59.6287918091, 35.3602600098, 133.822463989, 130.542648315, 58.7715988159, 43.3378639221, 33.8228912354, 9.73993682861, 1.23508429527, 0.123234204948, 0.0179055053741, 0.00055068632355, 2.92263166557e-07], "max": [11.6467809677, 62.2752342224, 101.016578674, 140.970352173, 371.1953125, 564.983154297, 627.678588867, 372.210662842, 693.785766602, 1398.51538086, 2110.36499023, 832.430480957, 1042.4786377, 1376.76037598, 1155.06274414, 1171.2689209, 608.868286133, 694.806335449, 888.671936035, 966.640258789, 727.902160645, 268.814880371, 176.230895996, 137.84046936, 165.550018311, 165.248779297, 111.379989624, 146.346160889, 88.0726623535, 359.229125977, 305.198425293, 292.412261963, 171.276947021, 98.1510925293, 73.6500778198, 28.7187232971, 4.97286272049, 1.03435921669, 0.186804503202, 0.00448173796758], "median": [0.657905399799, 2.8353433609, 1.97010457516, 3.4665184021, 5.46858787537, 4.73684644699, 6.41236162186, 4.78420209885, 3.78827881813, 4.96286296844, 5.00205564499, 2.98194217682, 2.78059220314, 2.4439907074, 1.79421770573, 1.93760228157, 1.95015823841, 1.96143746376, 1.88383626938, 1.64326441288, 1.39068424702, 1.14905250072, 1.0673314333, 0.683018565178, 0.52841603756, 0.679806530476, 0.524469554424, 0.539508879185, 0.432986646891, 0.362521827221, 0.371653020382, 0.260321438313, 0.174361616373, 0.11990211159, 0.0678176656365, 0.0355045720935, 0.0140722030774, 0.00413298094645, 0.000519282300957, 9.92844725261e-05], "var": [2.81051826477, 98.0250854492, 69.812713623, 357.18661499, 718.372314453, 1698.01403809, 4488.6953125, 1174.28918457, 1737.00378418, 6605.59521484, 9740.84863281, 3173.10668945, 2974.84106445, 5356.08496094, 2710.46044922, 3248.24121094, 1509.56933594, 979.996459961, 1393.36694336, 1260.22265625, 1170.18811035, 249.387435913, 154.851135254, 77.1873931885, 55.3573799133, 65.5818252563, 46.025226593, 51.6546096802, 24.5874233246, 99.4073486328, 90.0150756836, 60.8470420837, 27.3923873901, 19.0850868225, 4.93613862991, 0.635553479195, 0.0850884988904, 0.0113761946559, 0.000324461259879, 1.74230450511e-07]}, "gfcc": {"icov": [[7.46750447433e-05, -0.000134334899485, 0.000166349636856, -0.000183050040505, 0.000230751538766, -0.000264101923676, 0.00020723810303, -6.11864816165e-05, -4.50638708571e-08, -0.000309681578074, 0.000452757289167, -0.000455224828329, 0.000332555908244], [-0.000134334899485, 0.000898650614545, -0.000177088688361, 0.000419906486059, -5.17244989169e-05, 0.000623543397523, -0.000557764840778, 0.000438609335106, -0.000408595020417, 0.00176051864401, -0.00207266653888, 0.00224480079487, -0.000842708803248], [0.000166349636856, -0.000177088688361, 0.0017401635414, -0.00130063388497, 0.000800420239102, -2.51213782576e-06, -0.000374080904294, 0.000663788174279, -0.00114858488087, -0.000574333593249, 0.00100913352799, -0.00162043515593, 0.00152896693908], [-0.000183050040505, 0.000419906486059, -0.00130063388497, 0.00286826817319, -0.00144525524229, -0.000357358279871, 0.000777210283559, 0.000157581744133, 0.000281247979729, 0.00175282254349, -0.00184782745782, 0.00259062997065, -0.000605925160926], [0.000230751538766, -5.17244989169e-05, 0.000800420239102, -0.00144525524229, 0.00505460985005, -0.00194619433023, -0.000353807903593, 0.00104315951467, -0.00201936764643, 6.95070484653e-05, 0.00032158617978, -0.000141551383422, 0.000772823754232], [-0.000264101923676, 0.000623543397523, -2.51213782576e-06, -0.000357358279871, -0.00194619433023, 0.0061086663045, -0.00331435515545, 0.000158238093718, 0.000954087823629, -0.000740238523576, -0.000640876125544, 0.00087234005332, 0.000119573473057], [0.00020723810303, -0.000557764840778, -0.000374080904294, 0.000777210283559, -0.000353807903593, -0.00331435515545, 0.00662636198103, -0.000131782609969, 0.000143189681694, -0.000316134188324, -0.000691050780006, 9.24537962419e-05, 0.000757998728659], [-6.11864816165e-05, 0.000438609335106, 0.000663788174279, 0.000157581744133, 0.00104315951467, 0.000158238093718, -0.000131782609969, 0.0080194612965, -0.00410908274353, 0.00361114065163, -0.000572077580728, -0.00113379210234, 1.93486321223e-05], [-4.50638708571e-08, -0.000408595020417, -0.00114858488087, 0.000281247979729, -0.00201936764643, 0.000954087823629, 0.000143189681694, -0.00410908274353, 0.0122229577973, -0.00543229375035, -0.000150715422933, 0.00257822312415, -0.00293382978998], [-0.000309681578074, 0.00176051864401, -0.000574333593249, 0.00175282254349, 6.95070484653e-05, -0.000740238523576, -0.000316134188324, 0.00361114065163, -0.00543229375035, 0.0178212430328, -0.00501052057371, -0.000530355784576, 0.00126073905267], [0.000452757289167, -0.00207266653888, 0.00100913352799, -0.00184782745782, 0.00032158617978, -0.000640876125544, -0.000691050780006, -0.000572077580728, -0.000150715422933, -0.00501052057371, 0.0184039603919, -0.00738537311554, -0.000188171237824], [-0.000455224828329, 0.00224480079487, -0.00162043515593, 0.00259062997065, -0.000141551383422, 0.00087234005332, 9.24537962419e-05, -0.00113379210234, 0.00257822312415, -0.000530355784576, -0.00738537311554, 0.0230224039406, -0.00657991645858], [0.000332555908244, -0.000842708803248, 0.00152896693908, -0.000605925160926, 0.000772823754232, 0.000119573473057, 0.000757998728659, 1.93486321223e-05, -0.00293382978998, 0.00126073905267, -0.000188171237824, -0.00657991645858, 0.0169633291662]], "mean": [-64.2910842896, 97.9188079834, -54.9137649536, 29.1530895233, -38.5692443848, 15.5303859711, -25.9178256989, 7.32598209381, -12.6710290909, 7.08343505859, -10.7343816757, 3.70736789703, -6.28725290298], "cov": [[36106.5078125, 1445.46496582, -2468.93994141, 96.6094818115, -1213.34631348, 511.120727539, -961.387878418, 265.616790771, -391.216888428, 128.394088745, -468.029296875, 181.423995972, -327.74420166], [1445.46496582, 2891.1628418, -279.674377441, -166.719192505, -141.718383789, -242.260650635, 69.8869476318, 6.73027229309, 35.4714241028, -220.245864868, 155.378067017, -178.007507324, 94.7569732666], [-2468.93994141, -279.674377441, 1244.03491211, 484.950958252, 144.736633301, 56.2677879333, 109.917121887, -110.316986084, 81.2172775269, 35.4340362549, 11.5408754349, -19.7397251129, -68.1908493042], [96.6094818115, -166.719192505, 484.950958252, 790.052124023, 233.013824463, 157.118225098, 13.8250293732, -72.4496078491, 15.7049684525, -16.0557117462, 1.00997638702, -63.2853889465, -58.5517959595], [-1213.34631348, -141.718383789, 144.736633301, 233.013824463, 399.863555908, 170.599349976, 116.943565369, -58.7211494446, 44.4804496765, 13.5286588669, 19.5491943359, -37.7742767334, -20.3021221161], [511.120727539, -242.260650635, 56.2677879333, 157.118225098, 170.599349976, 363.059082031, 145.41394043, -45.5201072693, -14.3652496338, 42.4671325684, -5.83176755905, -8.30387401581, -47.2183685303], [-961.387878418, 69.8869476318, 109.917121887, 13.8250293732, 116.943565369, 145.41394043, 275.070861816, -32.4811782837, 12.0567884445, 8.83463954926, 33.1296081543, -21.1140727997, -12.095082283], [265.616790771, 6.73027229309, -110.316986084, -72.4496078491, -58.7211494446, -45.5201072693, -32.4811782837, 175.219940186, 37.2089614868, -20.4627361298, -2.07147908211, 15.7399244308, 20.7686977386], [-391.216888428, 35.4714241028, 81.2172775269, 15.7049684525, 44.4804496765, -14.3652496338, 12.0567884445, 37.2089614868, 128.222412109, 24.6711483002, 15.6302843094, -8.44532966614, 17.4060592651], [128.394088745, -220.245864868, 35.4340362549, -16.0557117462, 13.5286588669, 42.4671325684, 8.83463954926, -20.4627361298, 24.6711483002, 99.6666793823, 6.14420986176, 23.7087230682, -12.3888683319], [-468.029296875, 155.378067017, 11.5408754349, 1.00997638702, 19.5491943359, -5.83176755905, 33.1296081543, -2.07147908211, 15.6302843094, 6.14420986176, 89.1597061157, 9.21567058563, 20.3729953766], [181.423995972, -178.007507324, -19.7397251129, -63.2853889465, -37.7742767334, -8.30387401581, -21.1140727997, 15.7399244308, -8.44532966614, 23.7087230682, 9.21567058563, 80.6422119141, 17.983745575], [-327.74420166, 94.7569732666, -68.1908493042, -58.5517959595, -20.3021221161, -47.2183685303, -12.095082283, 20.7686977386, 17.4060592651, -12.3888683319, 20.3729953766, 17.983745575, 87.0455474854]]}, "spectral_skewness": {"mean": 2.16366553307, "dvar": 0.352762043476, "min": -0.450659126043, "dmean": 0.481449663639, "dmean2": 0.717465639114, "dvar2": 0.789803385735, "max": 9.2517490387, "median": 2.00114893913, "var": 1.12575113773}, "spectral_energyband_low": {"mean": 0.0442273616791, "dvar": 0.00130606931634, "min": 1.95493000954e-23, "dmean": 0.0226286221296, "dmean2": 0.034997060895, "dvar2": 0.00263560260646, "max": 0.317031949759, "median": 0.0253737885505, "var": 0.0028011968825}, "spectral_energyband_middle_low": {"mean": 0.0177472420037, "dvar": 0.000243693619268, "min": 1.37550848766e-22, "dmean": 0.00905796978623, "dmean2": 0.0145315285772, "dvar2": 0.000635637028608, "max": 0.191152095795, "median": 0.0131541965529, "var": 0.000358532270184}, "mfcc": {"icov": [[8.77683851286e-05, -3.85004859709e-05, 9.40554018598e-05, 2.48190917773e-06, -1.22966448544e-05, -7.97750544734e-05, 0.000159050949151, -0.000120767472254, 5.96801946813e-05, 2.617887003e-05, 2.05494961847e-05, -5.05687494297e-05, 0.000158472932526], [-3.85004859709e-05, 0.000429156207247, -4.13468223996e-05, -0.00017080399266, 0.000216715125134, 0.000301412976114, -0.000240576759097, -5.204633635e-05, 0.000156885726028, -0.000264728587354, -6.40433645458e-05, 5.20788926224e-05, -0.000170017519849], [9.40554018598e-05, -4.13468223996e-05, 0.00159976352006, -0.00125247880351, 0.000613532494754, -0.000575670448598, 0.000817712512799, -0.000440688250819, -8.0559097114e-05, 0.000193786734599, -0.000166319150594, -0.000844170281198, 0.000166844314663], [2.48190917773e-06, -0.00017080399266, -0.00125247880351, 0.00413093855605, -0.00251651671715, 0.000205386662856, -0.000509340723511, -0.000103657897853, 0.000812626094557, -0.000641657155938, 0.00176259910222, -0.000650713103823, 0.0007172038313], [-1.22966448544e-05, 0.000216715125134, 0.000613532494754, -0.00251651671715, 0.00521061755717, -0.00126422231551, 0.00110631610733, -0.000636022072285, -0.00111237505917, 0.000598478305619, -0.00116697058547, -0.000547478382941, -0.000102823571069], [-7.97750544734e-05, 0.000301412976114, -0.000575670448598, 0.000205386662856, -0.00126422231551, 0.0046532554552, -0.0045694722794, 0.00192219705787, 0.000438231247244, -0.00260605453514, 0.000753256783355, -0.00035955972271, -0.000228401651839], [0.000159050949151, -0.000240576759097, 0.000817712512799, -0.000509340723511, 0.00110631610733, -0.0045694722794, 0.0111087905243, -0.0066880970262, 0.00214938609861, 0.00087448064005, -0.00175685877912, 0.00133062084205, 3.62561077054e-05], [-0.000120767472254, -5.204633635e-05, -0.000440688250819, -0.000103657897853, -0.000636022072285, 0.00192219705787, -0.0066880970262, 0.0137167349458, -0.00510061299428, 7.98596811364e-05, -9.25895292312e-05, -0.00134532595985, -0.000504291907419], [5.96801946813e-05, 0.000156885726028, -8.0559097114e-05, 0.000812626094557, -0.00111237505917, 0.000438231247244, 0.00214938609861, -0.00510061299428, 0.0139632504433, -0.00515651749447, -0.000342660961905, 0.00186333886813, -0.0015902989544], [2.617887003e-05, -0.000264728587354, 0.000193786734599, -0.000641657155938, 0.000598478305619, -0.00260605453514, 0.00087448064005, 7.98596811364e-05, -0.00515651749447, 0.0147833768278, -0.00215302594006, -0.00265396642499, 0.00128741504159], [2.05494961847e-05, -6.40433645458e-05, -0.000166319150594, 0.00176259910222, -0.00116697058547, 0.000753256783355, -0.00175685877912, -9.25895292312e-05, -0.000342660961905, -0.00215302594006, 0.0133941257372, -0.00207431451418, 0.000828515389003], [-5.05687494297e-05, 5.20788926224e-05, -0.000844170281198, -0.000650713103823, -0.000547478382941, -0.00035955972271, 0.00133062084205, -0.00134532595985, 0.00186333886813, -0.00265396642499, -0.00207431451418, 0.014766311273, -0.00418281601742], [0.000158472932526, -0.000170017519849, 0.000166844314663, 0.0007172038313, -0.000102823571069, -0.000228401651839, 3.62561077054e-05, -0.000504291907419, -0.0015902989544, 0.00128741504159, 0.000828515389003, -0.00418281601742, 0.0177390594035]], "mean": [-715.375793457, 137.866012573, 39.0973625183, 28.1796855927, 16.2117099762, 14.7256479263, 4.12505054474, 5.33320045471, 5.28838014603, 5.77775001526, 2.45393514633, 5.12758922577, 1.30689549446], "cov": [[13164.6914062, 970.743835449, -915.286682129, -256.488861084, -37.9795913696, -95.6476821899, -124.281387329, 11.9646015167, -52.1430358887, -32.2962722778, -14.2742109299, -43.5737419128, -102.120925903], [970.743835449, 2673.20996094, 40.1034164429, 51.7265586853, -137.809249878, -196.479949951, 0.999671876431, 32.8901901245, -25.1821346283, 9.62347602844, 4.67159986496, -0.462038218975, 8.80150318146], [-915.286682129, 40.1034164429, 1060.32556152, 411.652008057, 110.539459229, 151.831008911, 3.5164270401, 24.1719264984, 1.48449349403, 42.331035614, -16.9604759216, 91.5192718506, 4.65351486206], [-256.488861084, 51.7265586853, 411.652008057, 539.187744141, 230.98046875, 134.071426392, 33.3139152527, 26.1450710297, -6.06018924713, 35.6492424011, -33.0777435303, 57.9670829773, -7.0613026619], [-37.9795913696, -137.809249878, 110.539459229, 230.98046875, 333.061309814, 135.991317749, 28.8922290802, 27.012670517, 23.245552063, 30.2871246338, 6.71384143829, 36.1437721252, 1.12538385391], [-95.6476821899, -196.479949951, 151.831008911, 134.071426392, 135.991317749, 501.367248535, 201.324356079, 41.5875892639, 0.0760359317064, 78.9218902588, 11.6633234024, 34.213924408, 1.93900489807], [-124.281387329, 0.999671876431, 3.5164270401, 33.3139152527, 28.8922290802, 201.324356079, 223.116516113, 81.4956130981, -0.103326864541, 25.6959075928, 21.3023967743, 2.76371455193, 2.14287686348], [11.9646015167, 32.8901901245, 24.1719264984, 26.1450710297, 27.012670517, 41.5875892639, 81.4956130981, 125.055236816, 38.9036140442, 19.0799751282, 13.8956279755, 10.9921913147, 7.05040168762], [-52.1430358887, -25.1821346283, 1.48449349403, -6.06018924713, 23.245552063, 0.0760359317064, -0.103326864541, 38.9036140442, 102.55304718, 35.1430778503, 11.0340299606, 1.37963294983, 8.15070343018], [-32.2962722778, 9.62347602844, 42.331035614, 35.6492424011, 30.2871246338, 78.9218902588, 25.6959075928, 19.0799751282, 35.1430778503, 98.7312164307, 17.8175411224, 22.30742836, 0.635876476765], [-14.2742109299, 4.67159986496, -16.9604759216, -33.0777435303, 6.71384143829, 11.6633234024, 21.3023967743, 13.8956279755, 11.0340299606, 17.8175411224, 86.5599822998, 11.5204687119, 0.579484343529], [-43.5737419128, -0.462038218975, 91.5192718506, 57.9670829773, 36.1437721252, 34.213924408, 2.76371455193, 10.9921913147, 1.37963294983, 22.30742836, 11.5204687119, 88.5508270264, 16.9839382172], [-102.120925903, 8.80150318146, 4.65351486206, -7.0613026619, 1.12538385391, 1.93900489807, 2.14287686348, 7.05040168762, 8.15070343018, 0.635876476765, 0.579484343529, 16.9839382172, 62.5009536743]]}, "silence_rate_20dB": {"mean": 1, "dvar": 0, "min": 1, "dmean": 0, "dmean2": 0, "dvar2": 0, "max": 1, "median": 1, "var": 0}, "dynamic_complexity": 3.61508989334, "silence_rate_60dB": {"mean": 0.0699110254645, "dvar": 0.0178307835013, "min": 0, "dmean": 0.0181620046496, "dmean2": 0.0363306067884, "dvar2": 0.0393736362457, "max": 1, "median": 0, "var": 0.0650239214301}, "dissonance": {"mean": 0.429486304522, "dvar": 0.0010661870474, "min": 0.122210845351, "dmean": 0.0309602320194, "dmean2": 0.0486098714173, "dvar2": 0.00239073415287, "max": 0.5, "median": 0.448031723499, "var": 0.00397407449782}, "barkbands": {"mean": [0.00117700290866, 0.036096226424, 0.0038216128014, 0.00476916972548, 0.00584847526625, 0.00288330879994, 0.00156059616711, 0.00167059630621, 0.000791795842815, 0.000704250705894, 0.000383094855351, 0.0003809579066, 0.000286832480924, 0.000203757314011, 0.000188526057173, 0.000191798593733, 0.000107214415038, 9.16647695703e-05, 5.49593787582e-05, 6.67415224598e-05, 6.81139936205e-05, 5.72211356484e-05, 8.57450868352e-05, 7.79026231612e-05, 7.43990240153e-05, 6.57386699459e-05, 3.53574505425e-05], "dvar": [1.02372507627e-06, 0.00120259600226, 3.30288057739e-05, 2.57875235548e-05, 0.000124001249787, 1.16881828944e-05, 9.04253101908e-06, 9.28608551476e-06, 4.2864317038e-06, 2.2738156531e-06, 1.37311963044e-06, 1.2567406884e-06, 6.10277652413e-07, 6.62056834244e-07, 3.26743389678e-07, 4.77520131881e-07, 7.95864352199e-08, 3.85504712597e-08, 2.77503140467e-08, 2.14133208942e-08, 1.53008770098e-08, 1.8936999524e-08, 7.23378548173e-08, 6.3822213292e-08, 8.41683487351e-08, 1.92546334432e-08, 6.04625549627e-09], "min": [2.13019314984e-25, 2.25253630573e-24, 2.23231503972e-24, 6.79736494303e-25, 4.07627346137e-24, 1.1366125648e-23, 9.49281686754e-24, 4.78623289328e-24, 1.54401757049e-23, 8.38913025252e-24, 1.71635101944e-23, 1.8388357167e-23, 2.22187769997e-23, 2.99002516886e-23, 4.05308844494e-23, 4.80101378006e-23, 5.21038462713e-23, 5.30045550311e-23, 1.23371799747e-22, 1.54753898247e-22, 2.38906209602e-22, 3.58573152506e-22, 3.81731937738e-22, 5.89715961059e-22, 8.16422468316e-22, 1.34702030961e-21, 2.03809952012e-21], "dmean": [0.000522092101164, 0.0216569341719, 0.00302272080444, 0.00281684868969, 0.0043289270252, 0.00164766341913, 0.00107355986256, 0.0010093532037, 0.000601633277256, 0.000474411353935, 0.000325291941408, 0.000327286950778, 0.000264254282229, 0.000233630198636, 0.000179584487341, 0.000185336932191, 9.72347770585e-05, 8.03747243481e-05, 5.71729942749e-05, 6.11540162936e-05, 5.54856887902e-05, 4.7006218665e-05, 6.88576838002e-05, 5.96305399085e-05, 5.71937889617e-05, 5.22432128491e-05, 3.0579725717e-05], "dmean2": [0.000782917952165, 0.0338760912418, 0.00530335213989, 0.0048311999999, 0.00720676081255, 0.00238264445215, 0.00165562611073, 0.00147662963718, 0.000935908756219, 0.000685643695761, 0.000515162711963, 0.000535913917702, 0.000432925531641, 0.000411430955864, 0.000295156234642, 0.000311555719236, 0.000162904048921, 0.000131771768793, 9.97599418042e-05, 0.000101260309748, 8.59065039549e-05, 7.30625688448e-05, 0.000106143023004, 8.94277764019e-05, 8.72757445904e-05, 7.5901953096e-05, 4.54178261862e-05], "dvar2": [2.3941101972e-06, 0.00250450428575, 9.35444186325e-05, 7.11215470801e-05, 0.00033581155003, 2.13431594602e-05, 2.10386515391e-05, 2.05579417525e-05, 9.61361547525e-06, 4.37680682808e-06, 2.90248635793e-06, 2.87476291305e-06, 1.42746375786e-06, 1.89261697869e-06, 8.53342726259e-07, 1.10142127596e-06, 2.0880389684e-07, 9.62982582564e-08, 7.69549188817e-08, 5.52668311116e-08, 3.45736594909e-08, 4.73189381012e-08, 1.73281421212e-07, 1.43238651162e-07, 2.05957277899e-07, 4.29201314489e-08, 1.35093971565e-08], "max": [0.020475095138, 0.285633891821, 0.0920701920986, 0.0585002675653, 0.141788691282, 0.0459261797369, 0.0747635439038, 0.0833556726575, 0.0404078736901, 0.041876707226, 0.0422573052347, 0.0294653996825, 0.0169049203396, 0.0148182390258, 0.010921346955, 0.0170331187546, 0.00545487552881, 0.0030727442354, 0.00301321595907, 0.00319210579619, 0.00287602911703, 0.00572974886745, 0.0103833554313, 0.0130350366235, 0.00861186999828, 0.00433910544962, 0.000953874317929], "median": [0.000734127359465, 0.0169333126396, 0.00119376694784, 0.00114246085286, 0.00181107129902, 0.00067372067133, 0.000246634997893, 0.000169812468812, 8.34094971651e-05, 7.51189872972e-05, 3.05122866848e-05, 3.82377984351e-05, 3.94404451072e-05, 3.33813368343e-05, 3.19175087498e-05, 2.28013268497e-05, 2.02788778552e-05, 1.74671731656e-05, 1.02778267319e-05, 1.37659562824e-05, 1.30710905069e-05, 1.13139185487e-05, 1.26072909552e-05, 1.16241144497e-05, 1.03541315184e-05, 8.37440438772e-06, 2.68166172646e-06], "var": [1.98745851776e-06, 0.00226667011157, 3.81182508136e-05, 5.07383483637e-05, 0.000116854665976, 3.04849727399e-05, 1.30356465888e-05, 1.85487751878e-05, 6.92995126883e-06, 5.11453526997e-06, 2.42019200414e-06, 2.38215466197e-06, 8.44439568937e-07, 4.26736278314e-07, 3.25057612827e-07, 5.86292856042e-07, 8.81668498209e-08, 4.83101381121e-08, 2.21541434087e-08, 2.93774373716e-08, 2.82606116286e-08, 2.55064627197e-08, 1.21905628703e-07, 1.1538161715e-07, 1.18520546266e-07, 2.70403326397e-08, 8.10634936954e-09]}, "spectral_complexity": {"mean": 9.29689502716, "dvar": 29.8211345673, "min": 0, "dmean": 3.78968405724, "dmean2": 5.86085367203, "dvar2": 68.670791626, "max": 52, "median": 8, "var": 55.2967910767}, "spectral_energyband_high": {"mean": 0.000503931369167, "dvar": 8.56510553149e-07, "min": 7.15418252819e-21, "dmean": 0.000372191716451, "dmean2": 0.00053364445921, "dvar2": 1.87080581782e-06, "max": 0.0290025509894, "median": 0.000105927414552, "var": 1.72701481915e-06}, "hfc": {"mean": 16.0067367554, "dvar": 158.653961182, "min": 1.10297056971e-16, "dmean": 7.8457903862, "dmean2": 11.7454433441, "dvar2": 379.09942627, "max": 254.852828979, "median": 11.144947052, "var": 290.311096191}, "melbands_kurtosis": {"mean": 74.7639923096, "dvar": 8963.36914062, "min": -1.71470761299, "dmean": 46.2430305481, "dmean2": 74.4209671021, "dvar2": 22186.34375, "max": 1560.93310547, "median": 29.062286377, "var": 17266.1269531}, "spectral_strongpeak": {"mean": 0.721089243889, "dvar": 0.317961335182, "min": 0, "dmean": 0.331035524607, "dmean2": 0.538760244846, "dvar2": 0.768096446991, "max": 7.84888315201, "median": 0.488079786301, "var": 0.609576523304}, "silence_rate_30dB": {"mean": 0.823315799236, "dvar": 0.0916482806206, "min": 0, "dmean": 0.102070465684, "dmean2": 0.204178020358, "dvar2": 0.180655777454, "max": 1, "median": 1, "var": 0.14546059072}, "melbands_spread": {"mean": 11.3101701736, "dvar": 116.239173889, "min": 0.142155528069, "dmean": 4.66928958893, "dmean2": 7.41039323807, "dvar2": 269.686065674, "max": 276.243255615, "median": 4.99364471436, "var": 489.339599609}, "melbands_crest": {"mean": 20.5344867706, "dvar": 16.2264518738, "min": 1.61703944206, "dmean": 4.13165378571, "dmean2": 6.83415985107, "dvar2": 41.1592521667, "max": 36.4728546143, "median": 20.383058548, "var": 53.4358596802}, "average_loudness": 0.963200688362, "spectral_flux": {"mean": 0.10818579793, "dvar": 0.00427671335638, "min": 6.33706767617e-11, "dmean": 0.0504828467965, "dmean2": 0.0819480791688, "dvar2": 0.00993323512375, "max": 0.480415642262, "median": 0.0868281275034, "var": 0.00699268234894}, "spectral_rolloff": {"mean": 991.497558594, "dvar": 1298963.125, "min": 21.533203125, "dmean": 366.52645874, "dmean2": 613.176818848, "dvar2": 3018835.75, "max": 19681.3476562, "median": 258.3984375, "var": 8243005}, "melbands": {"mean": [0.0110483467579, 0.00490662176162, 0.00213263346814, 0.00119516893756, 0.00106608530041, 0.000402971694712, 0.000286254158709, 0.000351982394932, 0.000277894519968, 0.000105504397652, 9.95428199531e-05, 8.82117383298e-05, 5.33751917828e-05, 4.69837577839e-05, 3.34068899974e-05, 2.47898769885e-05, 1.89458514797e-05, 1.93011946976e-05, 1.25724227473e-05, 1.37238748721e-05, 1.04908385765e-05, 6.04661545367e-06, 5.07219374413e-06, 4.66040728497e-06, 2.72692977887e-06, 1.85694125321e-06, 1.88378214716e-06, 2.20062224798e-06, 1.70385033016e-06, 1.58587829446e-06, 1.600001724e-06, 1.22785559142e-06, 1.04138860024e-06, 1.40548024774e-06, 1.49950642481e-06, 1.22015785564e-06, 1.08297831503e-06, 8.00018426617e-07, 7.57854820677e-07, 7.91258742083e-07], "dvar": [0.000103660138848, 3.08987982862e-05, 4.52139238405e-06, 8.45208796818e-06, 1.42257624702e-06, 3.04566668774e-07, 2.9409395097e-07, 4.12818963014e-07, 3.37901894909e-07, 6.53578737797e-08, 4.75311061621e-08, 3.77009214958e-08, 2.07533332741e-08, 1.81561290447e-08, 1.08749595995e-08, 4.49244152989e-09, 4.39360903215e-09, 6.02999072896e-09, 1.42947376158e-09, 3.10553915917e-09, 1.42170486495e-09, 2.51567738863e-10, 1.73401473735e-10, 1.1272471151e-10, 4.89409381077e-11, 4.25855531394e-11, 2.68710054208e-11, 2.47734020797e-11, 1.79731299288e-11, 1.01638263778e-11, 8.53867584277e-12, 4.78617102548e-12, 1.05357285396e-11, 2.57533265546e-11, 2.38114528095e-11, 1.21912115819e-11, 1.49738398764e-11, 1.10514783089e-11, 7.31904380852e-12, 1.18177620467e-11], "min": [5.79115806728e-25, 1.71683348677e-24, 1.52543699711e-24, 8.66887433179e-25, 1.11403203276e-24, 2.09491400826e-24, 2.56531906301e-24, 1.19521637092e-24, 1.60594725363e-24, 2.47913660076e-24, 2.24507703423e-24, 1.1806927514e-24, 2.25529751612e-24, 2.24537305428e-24, 2.18953708498e-24, 1.53520871575e-24, 2.94593991383e-24, 2.94775863264e-24, 3.41169719734e-24, 4.7652866641e-24, 3.37091821613e-24, 3.19240234594e-24, 2.67104693469e-24, 3.33617599301e-24, 4.41855389726e-24, 3.73858459038e-24, 4.65988143652e-24, 3.30284523925e-24, 4.75769742776e-24, 4.93849566976e-24, 4.51692997974e-24, 5.19296247627e-24, 4.6843207418e-24, 5.58867325012e-24, 5.19046809808e-24, 5.30093662938e-24, 5.8918557674e-24, 6.15423997637e-24, 6.07746329991e-24, 5.35714218001e-24], "dmean": [0.00643884437159, 0.00312070781365, 0.00122201978229, 0.00100976054091, 0.00057979329722, 0.000249269622145, 0.000199745292775, 0.000212416052818, 0.000172076805029, 7.84837684478e-05, 7.26199432393e-05, 6.15044627921e-05, 4.29782812716e-05, 3.83739170502e-05, 3.2961161196e-05, 2.25837084145e-05, 2.01330931304e-05, 2.14089304791e-05, 1.17824338304e-05, 1.38527020681e-05, 9.97558981908e-06, 5.42032239537e-06, 4.69783299195e-06, 3.94837888962e-06, 2.61626792053e-06, 2.07325592783e-06, 1.8303504703e-06, 2.07080006476e-06, 1.57531940204e-06, 1.33213586651e-06, 1.31500860334e-06, 9.93638764157e-07, 8.82545634795e-07, 1.20463948861e-06, 1.24185510231e-06, 9.44121325119e-07, 8.41476833102e-07, 6.66116079628e-07, 6.13172176145e-07, 6.33177137388e-07], "dmean2": [0.00995342247188, 0.00508792093024, 0.00208079721779, 0.00173267291393, 0.000866329704877, 0.000369043584215, 0.00031056519947, 0.000314158882247, 0.000253396254266, 0.000120587654237, 0.000106150611828, 9.1196547146e-05, 6.61404628772e-05, 6.05387795076e-05, 5.5149794207e-05, 3.68709443137e-05, 3.47126479028e-05, 3.70535890397e-05, 1.92908591998e-05, 2.36405576288e-05, 1.62710766745e-05, 9.07488811208e-06, 7.94979496277e-06, 6.45953423373e-06, 4.48703121947e-06, 3.67406437363e-06, 3.14017711389e-06, 3.46300930687e-06, 2.5632048164e-06, 2.09289714803e-06, 2.05087280847e-06, 1.55510588229e-06, 1.39622159168e-06, 1.91456479115e-06, 1.94696099243e-06, 1.45655837969e-06, 1.25648500671e-06, 1.06641175535e-06, 9.50426510826e-07, 1.00462716546e-06], "dvar2": [0.000213224251638, 7.37764858059e-05, 1.23786885524e-05, 2.29836696235e-05, 2.89836543743e-06, 6.16110924057e-07, 6.84296878717e-07, 9.42115605085e-07, 7.69294331349e-07, 1.43858684964e-07, 9.95666908921e-08, 6.66479706979e-08, 4.58727491548e-08, 3.72161181872e-08, 2.81088841092e-08, 1.06498685426e-08, 1.22036567518e-08, 1.65839750821e-08, 3.76203157515e-09, 7.01139279968e-09, 3.1890572405e-09, 6.63977595128e-10, 4.57708093649e-10, 2.79718748164e-10, 1.31802457837e-10, 1.2033424257e-10, 7.3463291006e-11, 6.50901763044e-11, 4.4565327123e-11, 2.40014952357e-11, 1.96009927039e-11, 1.1490904582e-11, 2.60556298759e-11, 5.88581405836e-11, 5.83287446121e-11, 2.85466181943e-11, 3.06732798883e-11, 2.7995690835e-11, 1.7575782843e-11, 3.04403759144e-11], "max": [0.0855861753225, 0.0458558127284, 0.021709991619, 0.037053771317, 0.0172703452408, 0.00837425235659, 0.0109681738541, 0.0152231780812, 0.0146059924737, 0.00562384398654, 0.00556862447411, 0.00596870062873, 0.00423038005829, 0.00451605720446, 0.00211634556763, 0.00171184376813, 0.00144416932017, 0.00165480945725, 0.000967255036812, 0.00164320680778, 0.000924732536077, 0.000328285561409, 0.000224983639782, 0.000212929531699, 0.000125315520563, 0.00012396449165, 0.000160938929184, 9.81854391284e-05, 9.22184917727e-05, 9.53037670115e-05, 7.92769351392e-05, 4.76365275972e-05, 0.000141797980177, 0.000206566575798, 0.000203942166991, 9.22346880543e-05, 0.000247811694862, 0.000139527939609, 8.33715530462e-05, 0.000106287421659], "median": [0.00523487711325, 0.00208700913936, 0.000747458660044, 0.000312915770337, 0.000230183053645, 0.00010810502863, 5.77572536713e-05, 4.98771914863e-05, 3.23491403833e-05, 1.3226509509e-05, 1.27869561766e-05, 9.02274041437e-06, 5.11712414664e-06, 4.61564786747e-06, 4.18650461143e-06, 3.90465720557e-06, 3.20905292028e-06, 2.77248682323e-06, 2.25052463065e-06, 1.79060589289e-06, 1.41320776947e-06, 1.1240654203e-06, 9.75789816948e-07, 8.15911676e-07, 4.85330701849e-07, 3.48329308508e-07, 3.88649255001e-07, 4.37618524529e-07, 3.19024678674e-07, 2.97402806382e-07, 2.83923583311e-07, 2.39413026293e-07, 1.84323297958e-07, 1.92689967093e-07, 2.16791448793e-07, 1.76109153927e-07, 1.39402473565e-07, 1.14751621538e-07, 1.06620873908e-07, 9.55229140231e-08], "var": [0.000203945688554, 4.76937384519e-05, 8.54838981468e-06, 7.35269622965e-06, 3.86812916986e-06, 6.57759073874e-07, 4.23469515454e-07, 7.44907652006e-07, 5.83308690238e-07, 1.10146366694e-07, 7.99232040549e-08, 1.00571547534e-07, 3.48985302878e-08, 4.30901287984e-08, 1.13835412208e-08, 6.255475693e-09, 3.42897998884e-09, 4.48114922946e-09, 1.41245515284e-09, 3.67868890905e-09, 1.79831249891e-09, 2.70272249026e-10, 1.7614125436e-10, 1.48236783959e-10, 4.9703050703e-11, 2.98460353654e-11, 3.37686302532e-11, 3.03517350142e-11, 2.20249738586e-11, 1.81077722261e-11, 1.52294947486e-11, 7.59928057981e-12, 1.40372210383e-11, 4.26140997489e-11, 3.54628756916e-11, 2.20681060231e-11, 2.8738872393e-11, 1.47661501082e-11, 1.13872244967e-11, 1.5429598571e-11]}, "spectral_energy": {"mean": 0.0617429502308, "dvar": 0.00151858513709, "min": 9.95614053094e-21, "dmean": 0.0266130845994, "dmean2": 0.0408394895494, "dvar2": 0.00306688365526, "max": 0.331410676241, "median": 0.0469336695969, "var": 0.003322387347}, "spectral_decrease": {"mean": -1.597439514e-08, "dvar": 1.04465446888e-16, "min": -8.71725660545e-08, "dmean": 6.93003388008e-09, "dmean2": 1.0634846781e-08, "dvar2": 2.10696401605e-16, "max": 1.8390512446e-28, "median": -1.20301422157e-08, "var": 2.29190571915e-16}, "erbbands_spread": {"mean": 41.2567329407, "dvar": 382.784088135, "min": 1.66062045097, "dmean": 15.5638618469, "dmean2": 24.1893901825, "dvar2": 906.655395508, "max": 173.836349487, "median": 35.0642204285, "var": 848.657043457}, "spectral_contrast_coeffs": {"mean": [-0.676481723785, -0.698714673519, -0.786791086197, -0.817942976952, -0.830815315247, -0.806863725185], "dvar": [0.00198466633447, 0.00288581266068, 0.00176327035297, 0.00110941752791, 0.000568870047573, 0.00037819109275], "min": [-0.979934334755, -0.983234345913, -0.977784276009, -0.975108027458, -0.971118450165, -0.965249121189], "dmean": [0.0523725859821, 0.0563609935343, 0.0431533306837, 0.0334124937654, 0.0244194976985, 0.0198895316571], "dmean2": [0.0855489820242, 0.0871706977487, 0.0651498138905, 0.0521407648921, 0.0388149172068, 0.0319829471409], "dvar2": [0.00505479797721, 0.0058327303268, 0.00331866438501, 0.00233929906972, 0.00123079668265, 0.000934938027058], "max": [-0.272691398859, -0.280268251896, -0.385557711124, -0.461113154888, -0.590211033821, -0.663897097111], "median": [-0.67828565836, -0.714142918587, -0.819781959057, -0.837418377399, -0.840023875237, -0.807032585144], "var": [0.0103752240539, 0.0167326517403, 0.0113317258656, 0.00542686553672, 0.00271428260021, 0.00138946948573]}, "spectral_energyband_middle_high": {"mean": 0.00249739340506, "dvar": 1.78569644049e-05, "min": 1.22227547537e-21, "dmean": 0.00176727457438, "dmean2": 0.00277390307747, "dvar2": 4.43878270744e-05, "max": 0.0615391694009, "median": 0.000591278483626, "var": 3.06621041091e-05}, "erbbands_crest": {"mean": 10.9916572571, "dvar": 8.68633651733, "min": 2.47584676743, "dmean": 2.99401640892, "dmean2": 4.6991558075, "dvar2": 19.461889267, "max": 32.2635307312, "median": 9.78718948364, "var": 30.0673656464}, "barkbands_crest": {"mean": 15.3599596024, "dvar": 13.0028324127, "min": 2.77710938454, "dmean": 3.70214700699, "dmean2": 6.27850389481, "dvar2": 34.1207809448, "max": 26.1607170105, "median": 15.0887298584, "var": 32.1504440308}, "pitch_salience": {"mean": 0.447123140097, "dvar": 0.010076764971, "min": 0.0488840714097, "dmean": 0.0983557403088, "dmean2": 0.164096608758, "dvar2": 0.0264159068465, "max": 0.883699834347, "median": 0.458605259657, "var": 0.0247114002705}, "melbands_skewness": {"mean": 4.80446386337, "dvar": 5.48940515518, "min": -1.02676784992, "dmean": 1.86646473408, "dmean2": 2.91563200951, "dvar2": 13.3178577423, "max": 27.2820472717, "median": 3.93738818169, "var": 15.2119655609}, "spectral_spread": {"mean": 6204879, "dvar": 1967778168830.0, "min": 729596.5, "dmean": 1196832.125, "dmean2": 1740304.5, "dvar2": 3795350978560.0, "max": 42715596, "median": 5115309, "var": 29986293547000.0}, "spectral_entropy": {"mean": 7.14197921753, "dvar": 0.176876142621, "min": 4.53982305527, "dmean": 0.381239235401, "dmean2": 0.54236137867, "dvar2": 0.345902055502, "max": 9.82442474365, "median": 7.12985467911, "var": 0.818054556847}, "erbbands_flatness_db": {"mean": 0.151098951697, "dvar": 0.00108230859041, "min": 0.033147085458, "dmean": 0.0331389866769, "dmean2": 0.0460119135678, "dvar2": 0.00211302633397, "max": 0.447113573551, "median": 0.140817373991, "var": 0.00471781520173}, "spectral_kurtosis": {"mean": 8.22035980225, "dvar": 50.605556488, "min": -1.32143986225, "dmean": 4.03841972351, "dmean2": 6.18433523178, "dvar2": 115.453834534, "max": 123.144950867, "median": 5.28806686401, "var": 107.624038696}, "erbbands_skewness": {"mean": 1.11676156521, "dvar": 0.536325097084, "min": -5.39116764069, "dmean": 0.652148485184, "dmean2": 0.979994773865, "dvar2": 1.18349194527, "max": 7.92429876328, "median": 1.02390944958, "var": 1.59761548042}, "erbbands_kurtosis": {"mean": 3.64781188965, "dvar": 28.7538738251, "min": -1.90967178345, "dmean": 3.14467978477, "dmean2": 4.82891798019, "dvar2": 61.9908905029, "max": 84.6730880737, "median": 1.35627269745, "var": 51.5544471741}, "barkbands_spread": {"mean": 12.375790596, "dvar": 107.622879028, "min": 0.122920282185, "dmean": 5.77351474762, "dmean2": 8.57811927795, "dvar2": 224.733306885, "max": 114.089157104, "median": 6.40902805328, "var": 273.109039307}, "zerocrossingrate": {"mean": 0.0444015860558, "dvar": 0.000346253655152, "min": 0.001953125, "dmean": 0.0119644869119, "dmean2": 0.0137420352548, "dvar2": 0.00041635116213, "max": 0.5244140625, "median": 0.021484375, "var": 0.00588107435033}, "spectral_centroid": {"mean": 938.590515137, "dvar": 180086.875, "min": 109.541603088, "dmean": 240.428207397, "dmean2": 362.194580078, "dvar2": 348698.46875, "max": 11768.7177734, "median": 507.574920654, "var": 2575826}, "barkbands_skewness": {"mean": 3.94040465355, "dvar": 3.97849941254, "min": -2.12989807129, "dmean": 1.61373460293, "dmean2": 2.46727609634, "dvar2": 9.13626003265, "max": 24.2396659851, "median": 3.0586476326, "var": 13.3185491562}, "melbands_flatness_db": {"mean": 0.335887879133, "dvar": 0.00297249830328, "min": 0.00335737061687, "dmean": 0.0509063191712, "dmean2": 0.0742078125477, "dvar2": 0.00603759009391, "max": 0.718326687813, "median": 0.339236110449, "var": 0.0140300393105}, "spectral_contrast_valleys": {"mean": [-7.14751195908, -7.75372171402, -8.49462985992, -8.81270027161, -8.84603023529, -10.8466911316], "dvar": [0.231678321958, 0.311200737953, 0.453311979771, 0.458716899157, 0.412939578295, 0.360515236855], "min": [-28.0965690613, -28.7229270935, -27.8766613007, -27.6453304291, -27.50066185, -27.4146614075], "dmean": [0.436564594507, 0.527580022812, 0.58280390501, 0.573990046978, 0.555826544762, 0.556769490242], "dmean2": [0.709867656231, 0.826333284378, 0.877095580101, 0.836218118668, 0.777179658413, 0.730922102928], "dvar2": [0.414004147053, 0.635896980762, 0.934279978275, 0.970020592213, 0.884646058083, 0.728802263737], "max": [-4.63745498657, -4.38730764389, -4.73186063766, -4.9509563446, -5.4359664917, -7.33871746063], "median": [-6.57065057755, -7.21898269653, -8.03455448151, -8.36780548096, -8.44741916656, -10.419629097], "var": [9.79294204712, 9.28677463531, 8.846616745, 8.67674922943, 8.3247127533, 7.1353931427]}, "barkbands_flatness_db": {"mean": 0.229532510042, "dvar": 0.00222402997315, "min": 0.0224611815065, "dmean": 0.0452707111835, "dmean2": 0.0658353865147, "dvar2": 0.00441785622388, "max": 0.559845745564, "median": 0.227138131857, "var": 0.00928601622581}, "barkbands_kurtosis": {"mean": 45.2307319641, "dvar": 401