{"metadata": {"audio_properties": {"downmix": "mix", "bit_rate": 192000, "lossless": false, "md5_encoded": "a834a5082cda653ea408ee1b0f073d42", "analysis_sample_rate": 44100, "sample_rate": 44100, "replay_gain": -13.0267429352, "equal_loudness": 0, "codec": "mp3", "length": 202.161636353}, "tags": {"album": ["Superhero Brother"], "artist": ["G. Love &amp; Special Sauce"], "musicbrainz_recordingid": ["639ca159-bffb-4513-b91d-067081794f96"], "albumartist": ["G. Love &amp; Special Sauce"], "title": ["05 - G.  LOVE  &  SPECIAL  SAUCE - Soft & Sweet"], "genre": ["Other"], "tracknumber": ["5"], "date": ["2008"], "file_name": "236330.mp3"}, "version": {"essentia_build_sha": "70f2e5ece6736b2c40cc944ad0e695b16b925413", "essentia_git_sha": "v2.1_beta2", "extractor": "music 1.0", "essentia": "2.1-beta2"}}, "tonal": {"chords_scale": "major", "hpcp": {"dmean": [0.188545048237, 0.196657717228, 0.15308368206, 0.110221013427, 0.113718546927, 0.132128462195, 0.139491051435, 0.128727704287, 0.131500244141, 0.12732540071, 0.102674037218, 0.0892298743129, 0.101485639811, 0.139222025871, 0.169626414776, 0.148305147886, 0.136086925864, 0.0922038480639, 0.0790949910879, 0.0985862612724, 0.140641212463, 0.16230031848, 0.164631575346, 0.141820266843, 0.10687983036, 0.0824968889356, 0.108274884522, 0.109677039087, 0.105913460255, 0.138876765966, 0.162096768618, 0.169104218483, 0.151356071234, 0.113909050822, 0.114873170853, 0.171683251858], "dvar2": [0.156502783298, 0.183722361922, 0.179517135024, 0.115589007735, 0.117967255414, 0.104166641831, 0.0972773954272, 0.0986402332783, 0.139586225152, 0.14552283287, 0.0990828052163, 0.0716064423323, 0.0858867764473, 0.117171429098, 0.130713090301, 0.101670213044, 0.0944561511278, 0.0686806738377, 0.0522952675819, 0.0762503743172, 0.101213783026, 0.124156236649, 0.123390682042, 0.124341510236, 0.0844287872314, 0.06888666749, 0.0994726642966, 0.0852947235107, 0.0933907404542, 0.124167367816, 0.136560916901, 0.142953723669, 0.131659403443, 0.1011723876, 0.10601952672, 0.15582729876], "mean": [0.285396099091, 0.221466839314, 0.119807623327, 0.0897003784776, 0.0904578268528, 0.137384057045, 0.185976698995, 0.146322101355, 0.112340129912, 0.113575898111, 0.0871385857463, 0.0814695209265, 0.0976844727993, 0.131369054317, 0.222961515188, 0.286324560642, 0.190254539251, 0.0840481445193, 0.0702138021588, 0.0824333950877, 0.186826914549, 0.271120488644, 0.199784100056, 0.141849204898, 0.105724029243, 0.0757538229227, 0.107812926173, 0.115674592555, 0.0986845567822, 0.140710443258, 0.197234764695, 0.173840463161, 0.134619295597, 0.110061191022, 0.099094606936, 0.188908517361], "var": [0.117954410613, 0.0804586187005, 0.0497553087771, 0.0327822417021, 0.0298390407115, 0.0381760634482, 0.0683183148503, 0.0456917956471, 0.0488220714033, 0.0579730309546, 0.0330132097006, 0.0233623292297, 0.0288228280842, 0.0418366082013, 0.0740389898419, 0.118428468704, 0.0597181841731, 0.0211849790066, 0.0160401761532, 0.0213992334902, 0.0638934448361, 0.113771095872, 0.0590927936137, 0.0499910749495, 0.0333377532661, 0.0219589285553, 0.0387962348759, 0.0364584550261, 0.030485028401, 0.0503303669393, 0.0861594751477, 0.0660104826093, 0.0471698753536, 0.0406453721225, 0.030182659626, 0.0706006810069], "dmean2": [0.324596554041, 0.346826910973, 0.280140817165, 0.201643660665, 0.208046987653, 0.231927245855, 0.237606063485, 0.223350733519, 0.232339411974, 0.226404845715, 0.184520840645, 0.158811822534, 0.179393336177, 0.242284834385, 0.292126893997, 0.251282274723, 0.234267130494, 0.164969369769, 0.140564009547, 0.176409900188, 0.240603163838, 0.279043078423, 0.289694577456, 0.251664549112, 0.187423527241, 0.14641700685, 0.1877951473, 0.189875811338, 0.187431842089, 0.244100466371, 0.275613248348, 0.291711866856, 0.268902659416, 0.201834022999, 0.205981969833, 0.301213592291], "dvar": [0.0640054345131, 0.0682560428977, 0.0644791796803, 0.0426506027579, 0.0415465012193, 0.0376289971173, 0.0398159213364, 0.0376814492047, 0.0543600171804, 0.0576537996531, 0.0373036563396, 0.0264189001173, 0.0307364575565, 0.0426105931401, 0.0483863912523, 0.0439993366599, 0.0358887091279, 0.0246827919036, 0.0191205665469, 0.0271745603532, 0.0388557128608, 0.0519048720598, 0.0447139032185, 0.0472640916705, 0.032033957541, 0.025222023949, 0.0377041473985, 0.0334366559982, 0.0342875570059, 0.0456672571599, 0.0538753122091, 0.0556571818888, 0.0496967583895, 0.0379169918597, 0.0372724346817, 0.0567398183048], "min": [0, 0, 0, 0, 0, 0, 0, 0, 0, 0, 0, 0, 0, 0, 0, 0, 0, 0, 0, 0, 0, 0, 0, 0, 0, 0, 0, 0, 0, 0, 0, 0, 0, 0, 0, 0], "median": [0.111940465868, 0.0871993750334, 0.0313842780888, 0.0249366406351, 0.0271361209452, 0.0551870502532, 0.0731470435858, 0.0548240356147, 0.0232814382762, 0.0170075260103, 0.018047394231, 0.0247419290245, 0.0323798321187, 0.0433643758297, 0.0931144356728, 0.109982140362, 0.0733081102371, 0.0294184759259, 0.0216261800379, 0.0265363901854, 0.0672825425863, 0.107791721821, 0.0916551724076, 0.047902263701, 0.0313072390854, 0.0217453166842, 0.0312814489007, 0.0396910086274, 0.0344133079052, 0.0397564470768, 0.0527092665434, 0.0502664931118, 0.0377684943378, 0.0308092087507, 0.0306303929538, 0.0626296326518], "max": [1, 1, 1, 1, 1, 1, 1, 1, 1, 1, 1, 1, 1, 1, 1, 1, 1, 1, 1, 1, 1, 1, 1, 1, 1, 1, 1, 1, 1, 1, 1, 1, 1, 1, 1, 1]}, "tuning_equal_tempered_deviation": 0.0513042919338, "chords_key": "D", "chords_strength": {"dmean": 0.0125449020416, "dvar2": 0.00101211329456, "mean": 0.497788995504, "var": 0.01303459052, "dmean2": 0.0133726401255, "dvar": 0.000544884474948, "min": -1, "median": 0.500625729561, "max": 0.791609108448}, "tuning_diatonic_strength": 0.658355295658, "thpcp": [1, 0.664471626282, 0.293541520834, 0.245224520564, 0.287901937962, 0.652500510216, 0.946899175644, 0.697753965855, 0.495414018631, 0.369245409966, 0.264573276043, 0.376540958881, 0.40399813652, 0.344659775496, 0.491436868906, 0.688850343227, 0.607144773006, 0.470163285732, 0.384393125772, 0.346091896296, 0.659770548344, 0.99675732851, 0.773481786251, 0.418432921171, 0.313282161951, 0.3159275949, 0.479819327593, 0.649531066418, 0.51103579998, 0.39235240221, 0.396668374538, 0.304334998131, 0.284535557032, 0.341166943312, 0.458811700344, 0.778702020645], "chords_histogram": [27.6923084259, 1.58438575268, 16.5327205658, 1.51549947262, 8.86337566376, 0.0459242239594, 0.275545358658, 0, 0.114810563624, 0.0229621119797, 0.367393791676, 0.0918484479189, 0, 0, 0, 2.84730195999, 0, 1.85993111134, 0.0229621119797, 9.02410984039, 0.367393791676, 7.25602769852, 17.8874855042, 3.62801384926], "tuning_nontempered_energy_ratio": 0.725579500198, "tuning_frequency": 439.238189697, "key_strength": 0.758011162281, "chords_changes_rate": 0.082663603127, "key_scale": "major", "hpcp_entropy": {"dmean": 0.68434470892, "dvar2": 0.851632535458, "mean": 2.09863638878, "var": 0.715383946896, "dmean2": 1.12942636013, "dvar": 0.336405128241, "min": 0, "median": 2.13349747658, "max": 4.45364236832}, "key_key": "D", "chords_number_rate": 0.0025258322712}, "lowlevel": {"melbands_skewness": {"dmean": 0.988588988781, "dvar2": 3.00299358368, "mean": 3.11426830292, "var": 4.11629152298, "dmean2": 1.50333058834, "dvar": 1.34813129902, "min": -2.17559957504, "median": 2.69725465775, "max": 12.8226175308}, "melbands_kurtosis": {"dmean": 11.2615394592, "dvar2": 936.203613281, "mean": 18.4071025848, "var": 712.068359375, "dmean2": 17.8083896637, "dvar": 390.628479004, "min": -1.88204753399, "median": 8.74907493591, "max": 233.247329712}, "barkbands_kurtosis": {"dmean": 3.54521012306, "dvar2": 93.1482315063, "mean": 4.45876836777, "var": 75.2816772461, "dmean2": 5.61785030365, "dvar": 39.7973022461, "min": -1.91560816765, "median": 1.22955036163, "max": 119.134483337}, "hfc": {"dmean": 7.44975328445, "dvar2": 180.209503174, "mean": 21.0925178528, "var": 385.42175293, "dmean2": 9.78852081299, "dvar": 100.709945679, "min": 1.07648523911e-16, "median": 15.3409080505, "max": 134.388519287}, "silence_rate_20dB": {"dmean": 0, "dvar2": 0, "mean": 1, "var": 0, "dmean2": 0, "dvar": 0, "min": 1, "median": 1, "max": 1}, "erbbands_flatness_db": {"dmean": 0.0163554884493, "dvar2": 0.000484163552755, "mean": 0.126764535904, "var": 0.0010335064726, "dmean2": 0.0232954956591, "dvar": 0.000247104646405, "min": 0.0418635681272, "median": 0.125175327063, "max": 0.309034973383}, "spectral_flux": {"dmean": 0.0279253777117, "dvar2": 0.00376135506667, "mean": 0.0806774944067, "var": 0.00336687755771, "dmean2": 0.0432105101645, "dvar": 0.00158944004215, "min": 6.33374047654e-11, "median": 0.0681272372603, "max": 0.385545939207}, "spectral_energyband_low": {"dmean": 0.00639323052019, "dvar2": 0.000791692989878, "mean": 0.0086227087304, "var": 0.000312104064506, "dmean2": 0.010370480828, "dvar": 0.000316011777613, "min": 2.57207056851e-23, "median": 0.00293444097042, "max": 0.1638212502}, "spectral_rolloff": {"dmean": 783.105895996, "dvar2": 3284755, "mean": 2242.4675293, "var": 6835568.5, "dmean2": 1237.12414551, "dvar": 1697434.375, "min": 86.1328125, "median": 1421.19140625, "max": 20521.1425781}, "spectral_entropy": {"dmean": 0.170418485999, "dvar2": 0.0657247304916, "mean": 7.77170848846, "var": 0.159924864769, "dmean2": 0.246751576662, "dvar": 0.0339970104396, "min": 5.88828468323, "median": 7.79051971436, "max": 9.81838512421}, "spectral_energy": {"dmean": 0.0108258128166, "dvar2": 0.000929005735088, "mean": 0.0233665872365, "var": 0.000609728274867, "dmean2": 0.016436804086, "dvar": 0.000390804605559, "min": 1.01736849931e-20, "median": 0.0164383724332, "max": 0.19096018374}, "spectral_centroid": {"dmean": 339.597290039, "dvar2": 334231.15625, "mean": 1619.64526367, "var": 1151565.375, "dmean2": 521.729064941, "dvar": 166259.09375, "min": 234.471542358, "median": 1446.25708008, "max": 11645.7832031}, "barkbands_flatness_db": {"dmean": 0.022527590394, "dvar2": 0.0011513348436, "mean": 0.1097234115, "var": 0.00187412113883, "dmean2": 0.0337417051196, "dvar": 0.00050814129645, "min": 0.0221880860627, "median": 0.102236375213, "max": 0.354615837336}, "spectral_rms": {"dmean": 0.000931120186578, "dvar2": 3.72218460143e-06, "mean": 0.00420656707138, "var": 5.10144445798e-06, "dmean2": 0.0013517444022, "dvar": 1.70510645603e-06, "min": 3.15048356327e-12, "median": 0.0040046768263, "max": 0.0136492718011}, "melbands": {"dmean": [0.000581408035941, 0.00150362483691, 0.000877596321516, 0.000728680810425, 0.00039545292384, 0.000115972550702, 0.000121752702398, 9.03898471734e-05, 0.00010063505033, 5.84086556046e-05, 4.36210648331e-05, 4.3888707296e-05, 2.74716130662e-05, 4.07846710004e-05, 4.19670468546e-05, 3.11765506922e-05, 2.92889435514e-05, 2.41758534685e-05, 1.746041562e-05, 1.48492936205e-05, 1.45053472806e-05, 1.02441235867e-05, 1.25168380691e-05, 1.21893563119e-05, 6.53227561997e-06, 6.05498462392e-06, 6.98897247275e-06, 5.08339098815e-06, 3.89268052459e-06, 3.60824810741e-06, 3.67117786482e-06, 3.22535697705e-06, 2.85103897113e-06, 2.31112926485e-06, 1.65550989095e-06, 1.42798228353e-06, 1.27915780013e-06, 1.10339954063e-06, 9.64288460636e-07, 9.08861295557e-07], "dvar2": [6.16929719399e-06, 5.21021793247e-05, 7.51580364522e-06, 4.64758068119e-06, 3.2120162814e-06, 1.72616850591e-07, 1.78520807026e-07, 1.20698885553e-07, 1.06010602963e-07, 3.76073714392e-08, 1.90670856881e-08, 2.45772380225e-08, 1.0011597773e-08, 2.31780870052e-08, 2.00389180804e-08, 1.29241088942e-08, 1.2985581499e-08, 1.60338569088e-08, 4.15105416707e-09, 3.03306846305e-09, 3.34003225078e-09, 1.11086140286e-09, 1.43909695272e-09, 2.54855803128e-09, 3.77233161375e-10, 3.57366303216e-10, 4.76450268128e-10, 3.36314892602e-10, 1.93159363504e-10, 2.14789616648e-10, 1.96249141937e-10, 1.31644278811e-10, 9.40528072091e-11, 4.60086933829e-11, 2.1692968602e-11, 1.40968400147e-11, 1.00459267641e-11, 1.10705793491e-11, 8.39339882319e-12, 8.48122874014e-12], "mean": [0.000765463104472, 0.00172821630258, 0.00135642220266, 0.00103780650534, 0.000491362123284, 0.000183181342436, 0.000179912341991, 0.00012724098633, 0.00013463657524, 0.00010177281365, 6.82808531565e-05, 7.35298817744e-05, 4.35304900748e-05, 6.554020365e-05, 7.42396150599e-05, 5.27354895894e-05, 4.68107900815e-05, 3.64255865861e-05, 2.80462791125e-05, 2.31829399127e-05, 2.38234715653e-05, 1.79789713002e-05, 2.22099952225e-05, 2.05656069738e-05, 1.18983289212e-05, 1.0391192518e-05, 1.22436367747e-05, 8.55177586345e-06, 6.43228258923e-06, 6.08568689131e-06, 5.83406472288e-06, 5.06537253386e-06, 4.66305982627e-06, 4.05194577979e-06, 3.03857314066e-06, 2.60380238615e-06, 2.36267533182e-06, 1.91165668184e-06, 1.62733306297e-06, 1.55961686232e-06], "var": [2.55278564509e-06, 1.74312117451e-05, 4.12737608713e-06, 2.45178557634e-06, 1.50895937168e-06, 1.26420971469e-07, 1.18556677364e-07, 7.90605696466e-08, 6.54219860508e-08, 3.83795217829e-08, 1.60583883968e-08, 2.72707101345e-08, 8.09843392346e-09, 2.20052029931e-08, 2.39122943668e-08, 1.48592498306e-08, 1.70061937865e-08, 9.32251964514e-09, 5.38817879203e-09, 2.63373989284e-09, 3.0060678391e-09, 1.13981069028e-09, 1.52044421498e-09, 1.81564974167e-09, 3.56674412227e-10, 2.90224705379e-10, 3.61555230199e-10, 2.0941293144e-10, 1.47349576984e-10, 1.51146262173e-10, 1.26258822841e-10, 9.9527483477e-11, 7.53138731935e-11, 4.76862577203e-11, 2.68614037263e-11, 1.56347504388e-11, 1.3813139868e-11, 1.25958878744e-11, 1.03424560582e-11, 9.91554061081e-12], "dmean2": [0.000926380918827, 0.00250434712507, 0.00146339042112, 0.00119471328799, 0.000625212327577, 0.000186223347555, 0.000190088001546, 0.000141675380291, 0.000155581103172, 8.3480583271e-05, 6.5190877649e-05, 6.39775316813e-05, 4.27046761615e-05, 6.16483011981e-05, 6.07496695011e-05, 4.48443861387e-05, 4.38901515736e-05, 3.75280942535e-05, 2.6267440262e-05, 2.27985474339e-05, 2.18901677727e-05, 1.59224819072e-05, 1.93401974684e-05, 1.89786896954e-05, 1.02035410237e-05, 9.43422037381e-06, 1.10731443783e-05, 7.96178665041e-06, 6.0972929532e-06, 5.57258590561e-06, 5.6442818277e-06, 4.95500489706e-06, 4.31570288129e-06, 3.43113447343e-06, 2.42669284489e-06, 2.09385780181e-06, 1.83363363249e-06, 1.58570912845e-06, 1.34458366574e-06, 1.30053945213e-06], "dvar": [2.52030122283e-06, 2.00321464945e-05, 2.84776001536e-06, 1.80855704457e-06, 1.35929371936e-06, 6.92629313903e-08, 7.39673282624e-08, 5.1510447463e-08, 4.43413696871e-08, 1.69134857231e-08, 8.53310666571e-09, 1.22581784723e-08, 4.19745038727e-09, 1.07601003663e-08, 9.56015266951e-09, 6.36165653489e-09, 6.43846576054e-09, 6.54447873671e-09, 2.07737604896e-09, 1.43125056251e-09, 1.65568336818e-09, 4.64542626588e-10, 5.98498972604e-10, 1.04362141151e-09, 1.56805651796e-10, 1.51761186951e-10, 1.91861040943e-10, 1.32952482357e-10, 8.20091841658e-11, 9.08105812769e-11, 8.12369407854e-11, 5.93930529758e-11, 4.3094767338e-11, 2.19923593225e-11, 1.00271874137e-11, 6.70631388963e-12, 5.10108275065e-12, 5.37717526755e-12, 4.34634923538e-12, 4.23713017797e-12], "min": [1.42520344303e-24, 2.01459672684e-24, 1.32696738336e-24, 2.62736770637e-24, 1.60298113663e-24, 2.74220396328e-24, 2.55404426852e-24, 1.38715855511e-24, 1.78916749583e-24, 3.29378497454e-24, 3.05642284183e-24, 2.1799086432e-24, 2.42744885653e-24, 3.84500942067e-24, 3.53945637638e-24, 3.06092309608e-24, 4.19495048481e-24, 2.18844037111e-24, 3.70658720877e-24, 4.23696955536e-24, 3.28049306272e-24, 4.563382843e-24, 4.24266986426e-24, 5.56484688977e-24, 5.96066613201e-24, 4.79409665321e-24, 5.79393604095e-24, 3.89089667067e-24, 4.94578040579e-24, 3.47936884123e-24, 5.90944342128e-24, 6.64593461202e-24, 4.40199807344e-24, 5.59993423955e-24, 5.70111985014e-24, 6.95512469951e-24, 6.23445450866e-24, 6.75637119444e-24, 6.34131755119e-24, 5.81310102222e-24], "median": [0.000243238682742, 0.000367053959053, 0.000638582278043, 0.000485637399834, 0.000130387954414, 6.26115652267e-05, 5.69333860767e-05, 3.32687232003e-05, 3.15267971018e-05, 2.4055254471e-05, 2.00309259526e-05, 1.63805416378e-05, 1.59677001648e-05, 1.51535296027e-05, 1.56005753524e-05, 9.85294263955e-06, 9.36785363592e-06, 9.15902364795e-06, 7.61575984143e-06, 7.31170348445e-06, 7.22562526789e-06, 6.53170764053e-06, 8.3261202235e-06, 7.71054510551e-06, 5.36400875717e-06, 4.83275198349e-06, 5.69822987018e-06, 3.813946023e-06, 2.80881158687e-06, 2.31049443755e-06, 2.0163984118e-06, 1.82350140676e-06, 1.92505808627e-06, 1.81787117981e-06, 1.339550181e-06, 1.23048994283e-06, 1.04935975287e-06, 7.21605715626e-07, 5.28782152287e-07, 4.67729762477e-07], "max": [0.0166815128177, 0.040709618479, 0.0208390448242, 0.0175481904298, 0.016594035551, 0.0055582607165, 0.00583418039605, 0.00533635448664, 0.00272054458037, 0.00277723488398, 0.00192532537039, 0.00225408305414, 0.00176549574826, 0.00379575137049, 0.0024027437903, 0.00167202763259, 0.00331831816584, 0.00329348980449, 0.00179232482333, 0.000950151123106, 0.00162094039842, 0.000511364429258, 0.000492896477226, 0.000951601774432, 0.000272460543783, 0.000407420273405, 0.000427676248364, 0.00034228109871, 0.000209506993997, 0.000313968717819, 0.00022181685199, 0.000137319759233, 0.0001225201122, 0.000116572868137, 5.99057784711e-05, 5.83676410315e-05, 4.22399934905e-05, 4.0704751882e-05, 3.54424228135e-05, 3.83506157959e-05]}, "barkbands_crest": {"dmean": 2.64189505577, "dvar2": 15.1953754425, "mean": 9.2857503891, "var": 14.0975666046, "dmean2": 4.3338227272, "dvar": 6.1176905632, "min": 2.20047974586, "median": 8.58779430389, "max": 24.0343704224}, "mfcc": {"icov": [[9.38679295359e-05, -4.66291530756e-05, 6.44617175567e-05, -5.43662863493e-05, 8.33062877064e-05, -9.97124152491e-05, 5.09266465087e-05, 6.51635900795e-06, -5.70164274905e-06, 1.3465803022e-05, 2.55589457083e-05, -3.5417953768e-05, 8.72829878062e-06], [-4.66291530756e-05, 0.00100413453765, 2.95066565741e-05, 0.000258958752966, -0.00027467997279, 8.53177771205e-05, -0.000102114885522, -0.000703958619852, 0.00062443560455, -0.000804241979495, 0.000161832882441, -0.000175449444214, 0.000135955720907], [6.44617175567e-05, 2.95066565741e-05, 0.00200979085639, -0.0008902050904, 0.000299097446259, 1.23939644254e-05, -0.00028214789927, -0.000169578808709, -0.000924157677218, 0.000490975973662, -0.000650769274216, 0.000280591659248, 7.38100352464e-05], [-5.43662863493e-05, 0.000258958752966, -0.0008902050904, 0.00376795278862, -0.00251667946577, -0.000395058683353, 0.000272330915323, -0.000486666045617, 0.000986080616713, -0.000769142177887, 0.00128279963974, -0.00107887852937, 0.000275418773526], [8.33062877064e-05, -0.00027467997279, 0.000299097446259, -0.00251667946577, 0.0068905679509, -0.00175320811104, 0.000490247330163, -0.000243162183324, -0.000430981366662, -0.000678387004882, -0.000617543002591, 8.82715994521e-06, -0.000410040316638], [-9.97124152491e-05, 8.53177771205e-05, 1.23939644254e-05, -0.000395058683353, -0.00175320811104, 0.00805723108351, -0.00412279786542, 0.00185242085718, -0.00291112507693, 0.00209403131157, -0.00200470234267, 0.000818210479338, -0.000620775972493], [5.09266465087e-05, -0.000102114885522, -0.00028214789927, 0.000272330915323, 0.000490247330163, -0.00412279786542, 0.00866363756359, -0.00270675704814, 0.00113749690354, -0.000747925776523, -2.57283063547e-05, -0.00113946700003, -0.000249725446338], [6.51635900795e-06, -0.000703958619852, -0.000169578808709, -0.000486666045617, -0.000243162183324, 0.00185242085718, -0.00270675704814, 0.00805586669594, -0.00200921855867, 0.000317599653499, 0.000504337134771, 0.000155269372044, -0.00045686098747], [-5.70164274905e-06, 0.00062443560455, -0.000924157677218, 0.000986080616713, -0.000430981366662, -0.00291112507693, 0.00113749690354, -0.00200921855867, 0.010719996877, -0.00358858611435, 0.00113544519991, -0.00122600840405, 0.000341342907632], [1.3465803022e-05, -0.000804241979495, 0.000490975973662, -0.000769142177887, -0.000678387004882, 0.00209403131157, -0.000747925776523, 0.000317599653499, -0.00358858611435, 0.0132218645886, -0.00643295049667, 0.00118313287385, -0.000180172093678], [2.55589457083e-05, 0.000161832882441, -0.000650769274216, 0.00128279963974, -0.000617543002591, -0.00200470234267, -2.57283063547e-05, 0.000504337134771, 0.00113544519991, -0.00643295049667, 0.0155162550509, -0.00554802082479, 0.00242019118741], [-3.5417953768e-05, -0.000175449444214, 0.000280591659248, -0.00107887852937, 8.82715994521e-06, 0.000818210479338, -0.00113946700003, 0.000155269372044, -0.00122600840405, 0.00118313287385, -0.00554802082479, 0.0179431512952, -0.00690041435882], [8.72829878062e-06, 0.000135955720907, 7.38100352464e-05, 0.000275418773526, -0.000410040316638, -0.000620775972493, -0.000249725446338, -0.00045686098747, 0.000341342907632, -0.000180172093678, 0.00242019118741, -0.00690041435882, 0.0150975706056]], "mean": [-654.68182373, 92.186340332, 11.2428388596, 25.5330162048, 8.02558517456, 7.31897878647, 1.20602726936, 3.97199773788, -6.19502496719, -1.85675513744, -3.06542873383, -3.22891974449, -4.9028301239], "cov": [[11376.0087891, 520.207641602, -381.070220947, 22.8701648712, -71.5704879761, 94.3114776611, -20.6158447266, -7.53046131134, -33.2117805481, -7.82634496689, -26.4786491394, 21.9132270813, 6.46730709076], [520.207641602, 1211.72839355, -77.1299133301, -45.9054946899, 26.1201877594, -40.5486373901, 36.8955993652, 108.735710144, -40.8153915405, 77.8037719727, 19.1891555786, 11.3917913437, -3.07330131531], [-381.070220947, -77.1299133301, 619.963195801, 170.428634644, 55.5701522827, 55.8672676086, 43.9670944214, 34.0485420227, 61.652256012, 5.28814172745, 22.9769229889, 9.87484455109, -0.161880210042], [22.8701648712, -45.9054946899, 170.428634644, 436.81060791, 167.888687134, 61.9529838562, 23.0855293274, 27.023639679, 11.3968915939, 15.8776760101, -1.73702394962, 25.1860523224, 11.6267747879], [-71.5704879761, 26.1201877594, 55.5701522827, 167.888687134, 229.77394104, 72.7736968994, 25.8072128296, 16.9155578613, 25.4382514954, 25.7668609619, 19.7957572937, 17.9468460083, 11.4050235748], [94.3114776611, -40.5486373901, 55.8672676086, 61.9529838562, 72.7736968994, 218.145172119, 93.1172485352, -3.93138742447, 51.5403213501, 0.323279261589, 28.9294986725, 15.9619722366, 12.7712450027], [-20.6158447266, 36.8955993652, 43.9670944214, 23.0855293274, 25.8072128296, 93.1172485352, 175.715255737, 47.5712814331, 19.3052749634, 10.3108463287, 19.020116806, 19.1468505859, 13.3079853058], [-7.53046131134, 108.735710144, 34.0485420227, 27.023639679, 16.9155578613, -3.93138742447, 47.5712814331, 159.160842896, 23.3161449432, 11.9904327393, -2.27950668335, 6.89949989319, 7.40145730972], [-33.2117805481, -40.8153915405, 61.652256012, 11.3968915939, 25.4382514954, 51.5403213501, 19.3052749634, 23.3161449432, 127.035629272, 30.8921585083, 15.9030809402, 10.8740882874, 3.6296479702], [-7.82634496689, 77.8037719727, 5.28814172745, 15.8776760101, 25.7668609619, 0.323279261589, 10.3108463287, 11.9904327393, 30.8921585083, 113.238067627, 47.6435203552, 10.8230609894, -1.80288648605], [-26.4786491394, 19.1891555786, 22.9769229889, -1.73702394962, 19.7957572937, 28.9294986725, 19.020116806, -2.27950668335, 15.9030809402, 47.6435203552, 98.6629104614, 27.5251331329, -1.29184615612], [21.9132270813, 11.3917913437, 9.87484455109, 25.1860523224, 17.9468460083, 15.9619722366, 19.1468505859, 6.89949989319, 10.8740882874, 10.8230609894, 27.5251331329, 78.6993865967, 32.4870948792], [6.46730709076, -3.07330131531, -0.161880210042, 11.6267747879, 11.4050235748, 12.7712450027, 13.3079853058, 7.40145730972, 3.6296479702, -1.80288648605, -1.29184615612, 32.4870948792, 82.2793045044]]}, "spectral_decrease": {"dmean": 2.74613487505e-09, "dvar2": 6.32046257597e-17, "mean": -5.68418290214e-09, "var": 3.95303030381e-17, "dmean2": 4.20548040836e-09, "dvar": 2.64265527972e-17, "min": -4.92439866662e-08, "median": -3.89499010822e-09, "max": 8.54564572134e-21}, "zerocrossingrate": {"dmean": 0.0161280296743, "dvar2": 0.000387487380067, "mean": 0.0870949551463, "var": 0.00383853306994, "dmean2": 0.0177111607045, "dvar": 0.000360494479537, "min": 0.00439453125, "median": 0.07275390625, "max": 0.5234375}, "spectral_contrast_coeffs": {"dmean": [0.0551482997835, 0.0473979189992, 0.0381022654474, 0.031355265528, 0.0248995181173, 0.0196261201054], "dvar2": [0.00561728654429, 0.00393390795216, 0.00237862323411, 0.00172625901178, 0.00113541982137, 0.000698295421898], "mean": [-0.607998609543, -0.742558956146, -0.770508646965, -0.783560037613, -0.782744586468, -0.76986604929], "var": [0.00932535436004, 0.00504283467308, 0.00438299868256, 0.00380880315788, 0.00261177681386, 0.00202615116723], "dmean2": [0.0909982547164, 0.0768242329359, 0.0594164207578, 0.0498465672135, 0.0394589267671, 0.0298443026841], "dvar": [0.00223196251318, 0.00156402774155, 0.00104107707739, 0.000743665150367, 0.000497045228258, 0.000319312675856], "min": [-0.976338922977, -0.970733165741, -0.972972869873, -0.968544960022, -0.96883648634, -0.965801119804], "median": [-0.612653434277, -0.746639609337, -0.775257885456, -0.792198061943, -0.786566972733, -0.771556198597], "max": [-0.252236962318, -0.468800038099, -0.540632367134, -0.521932184696, -0.56036567688, -0.595318675041]}, "spectral_skewness": {"dmean": 0.170605495572, "dvar2": 0.0703911781311, "mean": 1.35432302952, "var": 0.147197037935, "dmean2": 0.256731748581, "dvar": 0.0342122912407, "min": -0.0681518688798, "median": 1.37418687344, "max": 3.37696862221}, "spectral_energyband_middle_high": {"dmean": 0.00168291013688, "dvar2": 1.33334388011e-05, "mean": 0.00442335056141, "var": 2.64202353719e-05, "dmean2": 0.00231347093359, "dvar": 6.70342797093e-06, "min": 1.30639546236e-21, "median": 0.0023841096554, "max": 0.03672439605}, "gfcc": {"icov": [[7.29890452931e-05, -7.63447969803e-05, 8.39943168103e-05, -9.85794395092e-05, 3.72136819351e-05, -7.58480673539e-05, 0.000126995990286, -0.000190814622329, 0.000292568031, -0.000329990172759, 0.000348112167558, -0.000356165721314, 0.000285457499558], [-7.63447969803e-05, 0.0012075335253, 0.000118868010759, 0.000119204312796, -0.000229410201428, -0.000120851662359, -0.000268021714874, 6.56350312056e-05, -0.00104330549948, 0.00170034053735, -0.0015582263004, 0.00170998170506, -0.000321927160257], [8.39943168103e-05, 0.000118868010759, 0.0015336665092, -0.000572786608245, -0.00017845966795, 4.73380969197e-05, -0.000759223068599, -4.98147346661e-05, -0.00013706345635, -0.000341728969943, 0.000764703960158, -0.000670019828249, 0.000637871853542], [-9.85794395092e-05, 0.000119204312796, -0.000572786608245, 0.00247886730358, -0.000922623672523, -1.20874619824e-05, 0.00060731486883, -0.000359922327334, -0.000273159472272, 0.000414728710894, -0.000786956166849, 0.000696434581187, -0.00128025887534], [3.72136819351e-05, -0.000229410201428, -0.00017845966795, -0.000922623672523, 0.00440602423623, -0.0010565367993, -0.00110769260209, 0.0013836879516, -0.00109932012856, -0.000409343920182, -0.000700281001627, -0.000209871926927, 0.000153232700541], [-7.58480673539e-05, -0.000120851662359, 4.73380969197e-05, -1.20874619824e-05, -0.0010565367993, 0.00723126204684, -0.00338754220866, -0.00132898578886, 0.00162631517742, -0.00176791893318, 0.00186335656326, 0.000283134228084, -0.000238937180256], [0.000126995990286, -0.000268021714874, -0.000759223068599, 0.00060731486883, -0.00110769260209, -0.00338754220866, 0.00886819045991, -0.00189526739996, 0.000790244725067, -9.94306901703e-05, -0.00106069841422, -0.000458687369246, -0.000352066068444], [-0.000190814622329, 6.56350312056e-05, -4.98147346661e-05, -0.000359922327334, 0.0013836879516, -0.00132898578886, -0.00189526739996, 0.0113284792751, -0.00585182476789, 0.00255501735955, -0.00178138597403, 4.78578840557e-05, 0.0010970585281], [0.000292568031, -0.00104330549948, -0.00013706345635, -0.000273159472272, -0.00109932012856, 0.00162631517742, 0.000790244725067, -0.00585182476789, 0.0133944023401, -0.00552962580696, 0.0016262345016, -0.000507946009748, -0.0017492842162], [-0.000329990172759, 0.00170034053735, -0.000341728969943, 0.000414728710894, -0.000409343920182, -0.00176791893318, -9.94306901703e-05, 0.00255501735955, -0.00552962580696, 0.0123181287199, -0.00449957326055, 0.00286155985668, -2.53608268395e-05], [0.000348112167558, -0.0015582263004, 0.000764703960158, -0.000786956166849, -0.000700281001627, 0.00186335656326, -0.00106069841422, -0.00178138597403, 0.0016262345016, -0.00449957326055, 0.0145897967741, -0.00570691982284, 0.00175847811624], [-0.000356165721314, 0.00170998170506, -0.000670019828249, 0.000696434581187, -0.000209871926927, 0.000283134228084, -0.000458687369246, 4.78578840557e-05, -0.000507946009748, 0.00286155985668, -0.00570691982284, 0.0173610337079, -0.00613895850256], [0.000285457499558, -0.000321927160257, 0.000637871853542, -0.00128025887534, 0.000153232700541, -0.000238937180256, -0.000352066068444, 0.0010970585281, -0.0017492842162, -2.53608268395e-05, 0.00175847811624, -0.00613895850256, 0.0170935597271]], "mean": [-15.000084877, 60.9268836975, -101.26676178, 39.4749755859, -57.0658493042, 15.8606977463, -43.2725753784, 6.2658162117, -32.8071250916, -0.664890825748, -20.9996070862, -0.00406860699877, -17.6907329559], "cov": [[22519.96875, 23.1364269257, -986.555664062, 276.419281006, -338.732116699, 267.972442627, -345.098937988, 128.19090271, -369.83190918, 244.711700439, -324.661773682, 134.921463013, -282.305480957], [23.1364269257, 1324.24157715, -166.965759277, -0.724780976772, 71.8053359985, 6.97689199448, 50.1373596191, 69.9754104614, 72.2286071777, -112.625358582, 88.2705841064, -87.0539932251, -6.39552497864], [-986.555664062, -166.965759277, 876.988037109, 188.080108643, 122.859306335, 52.8389854431, 107.22983551, 15.3629322052, 42.8885116577, 35.3512153625, -7.65155649185, 21.8895015717, 8.64101982117], [276.419281006, -0.724780976772, 188.080108643, 527.656311035, 127.400039673, 20.6160678864, 6.08836364746, 23.7505970001, 33.7431678772, 17.898147583, 20.1905384064, 8.43340206146, 30.0502758026], [-338.732116699, 71.8053359985, 122.859306335, 127.400039673, 319.298706055, 69.6682510376, 76.0494918823, -2.32729649544, 39.8103256226, 31.0694046021, 32.0311012268, 1.58483767509, 13.1876564026], [267.972442627, 6.97689199448, 52.8389854431, 20.6160678864, 69.6682510376, 211.332885742, 93.4607772827, 26.2678222656, -5.42203998566, 28.8348388672, -12.7985582352, -4.35032224655, -2.96054816246], [-345.098937988, 50.1373596191, 107.22983551, 6.08836364746, 76.0494918823, 93.4607772827, 182.093765259, 34.4120140076, 14.3959875107, 9.6679391861, 19.4012241364, 3.31839084625, 6.01192331314], [128.19090271, 69.9754104614, 15.3629322052, 23.7505970001, -2.32729649544, 26.2678222656, 34.4120140076, 129.577011108, 51.9561309814, -1.19131755829, 14.2779626846, 0.945883512497, -2.65064406395], [-369.83190918, 72.2286071777, 42.8885116577, 33.7431678772, 39.8103256226, -5.42203998566, 14.3959875107, 51.9561309814, 129.702468872, 36.3873710632, 19.4558010101, -4.15807294846, 14.8249034882], [244.711700439, -112.625358582, 35.3512153625, 17.898147583, 31.0694046021, 28.8348388672, 9.6679391861, -1.19131755829, 36.3873710632, 131.45526123, 16.7518348694, 0.639182448387, -3.36125564575], [-324.661773682, 88.2705841064, -7.65155649185, 20.1905384064, 32.0311012268, -12.7985582352, 19.4012241364, 14.2779626846, 19.4558010101, 16.7518348694, 103.000160217, 18.367181778, 5.91535997391], [134.921463013, -87.0539932251, 21.8895015717, 8.43340206146, 1.58483767509, -4.35032224655, 3.31839084625, 0.945883512497, -4.15807294846, 0.639182448387, 18.367181778, 83.7919006348, 23.633605957], [-282.305480957, -6.39552497864, 8.64101982117, 30.0502758026, 13.1876564026, -2.96054816246, 6.01192331314, -2.65064406395, 14.8249034882, -3.36125564575, 5.91535997391, 23.633605957, 74.549446106]]}, "erbbands_spread": {"dmean": 11.3574733734, "dvar2": 335.447052002, "mean": 49.7375717163, "var": 495.035766602, "dmean2": 17.153011322, "dvar": 153.351776123, "min": 2.80448293686, "median": 46.0494346619, "max": 144.141967773}, "erbbands_kurtosis": {"dmean": 0.897722303867, "dvar2": 4.05532836914, "mean": 0.296982169151, "var": 3.81329751015, "dmean2": 1.39316153526, "dvar": 1.85094261169, "min": -1.80244982243, "median": -0.244115233421, "max": 34.5199584961}, "dynamic_complexity": 4.23649597168, "erbbands_crest": {"dmean": 2.35175061226, "dvar2": 12.0419006348, "mean": 8.11274433136, "var": 12.6966304779, "dmean2": 3.7734568119, "dvar": 4.95862722397, "min": 2.45399188995, "median": 7.31062889099, "max": 32.7434921265}, "erbbands": {"dmean": [0.0593085773289, 0.646291792393, 3.57127642632, 5.03153085709, 7.31805181503, 13.8910417557, 8.09690475464, 5.04295730591, 8.24421024323, 7.95782756805, 12.7806921005, 9.49307823181, 8.38150310516, 10.1912994385, 8.14208889008, 15.9233789444, 17.3564872742, 14.5219449997, 13.9726753235, 11.3442792892, 12.0351324081, 9.62505340576, 12.2365217209, 8.17941856384, 8.42039394379, 7.78554677963, 5.65693569183, 5.91745567322, 5.31111526489, 4.20243406296, 2.65268063545, 2.05882024765, 1.43297362328, 1.04093039036, 0.67434155941, 0.274437963963, 0.0904779806733, 0.0241783522069, 0.0025398528669, 5.17323896929e-05], "dvar2": [0.0639661028981, 10.4045467377, 287.657165527, 310.494781494, 391.019104004, 3173.29370117, 1156.3269043, 344.352355957, 887.047546387, 1131.98352051, 1816.35705566, 988.981018066, 699.017456055, 1271.29736328, 823.744262695, 2995.44946289, 3961.68212891, 2935.13452148, 4990.22998047, 1758.76586914, 2003.96789551, 818.579345703, 1997.07189941, 585.158081055, 642.991943359, 670.143005371, 407.956726074, 457.230316162, 339.170623779, 165.051940918, 48.3531951904, 23.1626586914, 16.0433330536, 9.81466674805, 3.30263853073, 0.541088879108, 0.0630173012614, 0.00745684886351, 0.000146316640894, 3.48018005525e-08], "mean": [0.0732389688492, 0.773640573025, 3.95249199867, 7.24627161026, 10.8949489594, 17.4390945435, 10.5364198685, 7.98365259171, 11.9934854507, 11.588924408, 16.4463500977, 16.7960147858, 13.6073684692, 17.5352535248, 14.2249660492, 27.0143165588, 31.3319854736, 24.778673172, 22.6379890442, 18.9554080963, 20.6891880035, 18.830696106, 22.9796276093, 16.0669536591, 15.6960191727, 14.1937999725, 10.2003145218, 10.2216796875, 8.91011238098, 7.60642433167, 5.16899490356, 4.02525806427, 2.64512634277, 1.87125170231, 1.13530397415, 0.434192806482, 0.134096205235, 0.0320369750261, 0.00290760677308, 8.10062119854e-05], "var": [0.0273834206164, 2.85594367981, 100.714332581, 142.067733765, 216.123580933, 1378.92736816, 593.797424316, 245.900695801, 570.127746582, 749.144287109, 1066.4621582, 1026.02355957, 613.20501709, 1414.44177246, 858.838317871, 2900.15844727, 5162.14550781, 4192.40283203, 3122.49023438, 1866.35131836, 1957.7310791, 1125.2791748, 1657.8614502, 620.05871582, 570.36517334, 481.060791016, 327.674835205, 337.175476074, 282.494415283, 164.342651367, 66.0476531982, 34.8552627563, 22.3157577515, 13.0956935883, 3.99368810654, 0.629965484142, 0.0707670524716, 0.00710240239277, 0.000123843768961, 3.3596975868e-08], "dmean2": [0.0956070572138, 1.12520468235, 5.91017198563, 8.61543369293, 12.192024231, 22.8931732178, 12.7393388748, 8.07769107819, 12.8924217224, 12.3282766342, 19.9766845703, 13.5929403305, 12.3999948502, 14.8012876511, 12.4677200317, 23.8491535187, 24.8085422516, 21.5395774841, 21.2370548248, 16.8910503387, 17.9400234222, 14.6248464584, 18.5964603424, 12.5234060287, 12.985162735, 12.1075582504, 8.69992828369, 8.90044784546, 7.9855799675, 6.12778520584, 3.77851486206, 2.89933466911, 1.98983097076, 1.442273736, 0.924916028976, 0.372236162424, 0.122631683946, 0.0324692353606, 0.00363661861047, 7.18831506674e-05], "dvar": [0.0271198991686, 3.69257092476, 112.685661316, 115.325309753, 138.989608765, 1252.60644531, 504.504699707, 138.436691284, 367.385681152, 484.368560791, 773.422058105, 438.046356201, 316.020935059, 630.441223145, 385.342224121, 1370.47387695, 1999.71862793, 1489.95666504, 2026.91516113, 838.323669434, 985.540344238, 362.710266113, 815.024536133, 249.740661621, 276.480041504, 267.003662109, 174.468582153, 195.110214233, 156.807296753, 79.267250061, 23.8566246033, 12.0608301163, 8.45351028442, 5.1895813942, 1.69247508049, 0.285366654396, 0.0335660167038, 0.00393310561776, 7.83241484896e-05, 1.93566993545e-08], "min": [7.76357964744e-23, 9.94573917902e-22, 3.42611303084e-21, 3.90242608421e-21, 2.46027037122e-20, 3.59867962795e-20, 4.28127068502e-20, 1.24411389173e-19, 1.50787697365e-19, 1.38481550446e-19, 2.33457148835e-19, 6.14667004744e-19, 6.64812141043e-19, 6.0522137763e-19, 8.56623692867e-19, 1.67991459199e-18, 1.41024998998e-18, 2.40106336791e-18, 2.19204682124e-18, 3.36556692229e-18, 3.33298386437e-18, 4.9635667488e-18, 6.81323152038e-18, 7.1182101171e-18, 7.4541686957e-18, 8.46667416142e-18, 9.51055872367e-18, 1.15786227516e-17, 1.31403182414e-17, 1.10337208318e-17, 1.12604700629e-17, 1.07704904542e-17, 1.07149245966e-17, 8.16998432803e-18, 6.70368261519e-18, 4.14867431783e-18, 2.31413475054e-18, 9.22016869782e-19, 2.55340108542e-19, 2.62554283475e-20], "median": [0.0192341916263, 0.257797837257, 0.66395419836, 2.99909257889, 5.68755245209, 5.44292831421, 3.05880737305, 2.80369400978, 3.70638203621, 3.19643735886, 3.92385149002, 3.97062540054, 4.26668739319, 4.37547302246, 5.36829280853, 6.95658397675, 5.84795856476, 5.86315250397, 6.27765655518, 5.94401407242, 6.7064409256, 7.51193475723, 9.5304107666, 7.55712652206, 7.62184476852, 6.84048604965, 4.7348947525, 3.77908086777, 3.4610350132, 3.50922584534, 2.42803359032, 1.88523650169, 1.05163764954, 0.602695703506, 0.415599614382, 0.132166728377, 0.0340289995074, 0.00518419034779, 0.000197301647859, 3.37065212079e-05], "max": [1.59771859646, 18.5154533386, 108.592956543, 138.29750061, 171.320617676, 530.036743164, 328.028076172, 280.293334961, 450.469543457, 540.94329834, 399.35345459, 454.588256836, 370.507446289, 508.300720215, 788.268188477, 747.385253906, 1155.38134766, 1703.46716309, 1664.34472656, 983.507385254, 1048.09228516, 417.809906006, 876.459655762, 335.546295166, 430.9921875, 417.669128418, 368.715606689, 302.363739014, 203.893981934, 201.912902832, 81.024520874, 66.1622085571, 45.6710929871, 38.8355331421, 20.6319465637, 9.59608650208, 3.76608371735, 1.32228279114, 0.191354110837, 0.00312341284007]}, "silence_rate_30dB": {"dmean": 0.014241415076, "dvar2": 0.0410015843809, "mean": 0.992420732975, "var": 0.0075221019797, "dmean2": 0.0284861009568, "dvar": 0.0140401469544, "min": 0, "median": 1, "max": 1}, "silence_rate_60dB": {"dmean": 0.0294016301632, "dvar2": 0.0624700710177, "mean": 0.115066602826, "var": 0.101827055216, "dmean2": 0.0588100142777, "dvar": 0.0285396110266, "min": 0, "median": 0, "max": 1}, "spectral_energyband_middle_low": {"dmean": 0.00524928187951, "dvar2": 0.000179263442988, "mean": 0.0104560991749, "var": 0.000136179995025, "dmean2": 0.00831436365843, "dvar": 7.34883797122e-05, "min": 2.06271967964e-22, "median": 0.00686594191939, "max": 0.11096059531}, "spectral_spread": {"dmean": 685461.9375, "dvar2": 1359799517180.0, "mean": 5889468.5, "var": 9291391041540.0, "dmean2": 934625.125, "dvar": 744534835200, "min": 1737170.5, "median": 5310372, "max": 42319364}, "barkbands": {"dmean": [0.000469698687084, 0.0024178524036, 0.0035858200863, 0.00189140613656, 0.00342177273706, 0.000572358898353, 0.000567730749026, 0.000536275969353, 0.00044156939839, 0.000325852597598, 0.000188054720638, 0.000364706269465, 0.000372215727111, 0.000297819060506, 0.000262003421085, 0.000217348380829, 0.000188692240044, 0.000236149367993, 0.000151944725076, 0.000173626904143, 0.000138687348226, 0.000148784980411, 0.00010053103324, 8.87243077159e-05, 9.05434571905e-05, 5.49256328668e-05, 1.37574916153e-05], "dvar2": [7.10866515874e-06, 0.000128941042931, 0.000275308731943, 3.56013406417e-05, 0.000132049084641, 3.81159156859e-06, 3.98996053264e-06, 3.23599988405e-06, 2.1491221105e-06, 1.14600834422e-06, 5.92474521e-07, 1.72291470335e-06, 1.89373417925e-06, 1.29691409256e-06, 1.26913437271e-06, 7.01538738213e-07, 3.28208699329e-07, 7.20694686152e-07, 1.8942498059e-07, 3.03323304252e-07, 2.37973836192e-07, 2.5294971806e-07, 6.65301769232e-08, 4.62417482083e-08, 6.07141643