{"tonal": {"hpcp": {"dvar": [0.0670893713832, 0.0532274320722, 0.0505151189864, 0.0449630208313, 0.0415124222636, 0.0472249127924, 0.0507443137467, 0.0437455400825, 0.0422971062362, 0.0390183106065, 0.0232855472714, 0.0176459085196, 0.0177934803069, 0.022017095238, 0.034312415868, 0.0418819785118, 0.0327284298837, 0.0297483317554, 0.0239577256143, 0.034229170531, 0.0520039349794, 0.0607092566788, 0.0484250001609, 0.0434035733342, 0.0619282349944, 0.0671014636755, 0.0463670678437, 0.0358222872019, 0.0279778707772, 0.0287177357823, 0.0239688549191, 0.0156294126064, 0.0188265834004, 0.0316699482501, 0.0488840900362, 0.067695081234], "var": [0.0736072063446, 0.0499731749296, 0.042980555445, 0.0383450686932, 0.0321244969964, 0.0556006133556, 0.0674577653408, 0.0454498119652, 0.0836710259318, 0.065926939249, 0.0173140224069, 0.012030210346, 0.0127925630659, 0.0180491041392, 0.0525788031518, 0.0775687023997, 0.0365583449602, 0.0209361426532, 0.0159697886556, 0.0281609650701, 0.0961903035641, 0.165073573589, 0.0810616016388, 0.0396729707718, 0.0445227436721, 0.0510318800807, 0.0505856014788, 0.0405928082764, 0.0239852368832, 0.0432859547436, 0.0388159565628, 0.0140404133126, 0.0136735746637, 0.0207068659365, 0.0360033288598, 0.0654084384441], "median": [0.0593129657209, 0.0405993536115, 0.0239384453744, 0.01840752922, 0.0326758623123, 0.0790161043406, 0.0950399637222, 0.0624645203352, 0.0267967507243, 0.0174337625504, 0.0165578536689, 0.0171705354005, 0.0174759887159, 0.0271056853235, 0.0605240315199, 0.0667934641242, 0.0361570455134, 0.0157339312136, 0.0125854667276, 0.0342809893191, 0.185728445649, 0.256657660007, 0.137051433325, 0.03746220842, 0.0184348989278, 0.0187936481088, 0.0310532804579, 0.0296637732536, 0.0261897910386, 0.0292278397828, 0.0283125080168, 0.0214802138507, 0.0187266562134, 0.0195055305958, 0.02332335338, 0.0479540191591], "max": [1, 1, 1, 1, 1, 1, 1, 1, 1, 1, 1, 1, 1, 1, 1, 1, 1, 1, 1, 1, 1, 1, 1, 1, 1, 1, 1, 1, 1, 1, 1, 1, 1, 1, 1, 1], "dmean": [0.17466968298, 0.142531886697, 0.118982940912, 0.105951577425, 0.114219471812, 0.147692769766, 0.157631725073, 0.141134381294, 0.113319933414, 0.0983215421438, 0.0674253180623, 0.0530243776739, 0.0546700879931, 0.0741651728749, 0.119146905839, 0.12902456522, 0.104243256152, 0.0748880803585, 0.0658390969038, 0.114786356688, 0.198486655951, 0.182957366109, 0.185062989593, 0.134990185499, 0.138525858521, 0.143228247762, 0.124169968069, 0.103629484773, 0.0894066095352, 0.0934919863939, 0.0847490057349, 0.0639358088374, 0.062490914017, 0.0803347453475, 0.117763921618, 0.167464002967], "dmean2": [0.303803294897, 0.253180116415, 0.217323750257, 0.195427715778, 0.207705423236, 0.257019668818, 0.271305263042, 0.248269408941, 0.197968035936, 0.172221526504, 0.122764222324, 0.0963571667671, 0.0981643274426, 0.130799099803, 0.199016660452, 0.217337056994, 0.18347966671, 0.137605398893, 0.121928170323, 0.207507759333, 0.337917804718, 0.311736136675, 0.31915256381, 0.240721613169, 0.25511482358, 0.260044634342, 0.220436751842, 0.185138434172, 0.160917326808, 0.16188198328, 0.142959535122, 0.11285161972, 0.113348610699, 0.148433700204, 0.216293230653, 0.297289401293], "mean": [0.18486303091, 0.135557636619, 0.101596057415, 0.0888617783785, 0.0998601987958, 0.178340703249, 0.202633440495, 0.153049588203, 0.159805908799, 0.129520460963, 0.0614537745714, 0.0485906265676, 0.0506813898683, 0.0718789994717, 0.158247604966, 0.190073236823, 0.114169538021, 0.0604041591287, 0.0504417046905, 0.0986773371696, 0.312154889107, 0.431469917297, 0.265459507704, 0.12264482677, 0.102150648832, 0.109961494803, 0.126136064529, 0.109477058053, 0.0846397951245, 0.116823136806, 0.111816234887, 0.0637749433517, 0.0555879101157, 0.0644440874457, 0.0932824015617, 0.161430686712], "dvar2": [0.16870431602, 0.141675963998, 0.139931261539, 0.125522360206, 0.117563121021, 0.12742254138, 0.130492195487, 0.119907930493, 0.105781234801, 0.100887864828, 0.0658878982067, 0.0498445481062, 0.0496501326561, 0.0610099770129, 0.0877213031054, 0.0983982905746, 0.0879412591457, 0.0834993496537, 0.0677410215139, 0.0958535373211, 0.134551227093, 0.132453903556, 0.127531215549, 0.117213867605, 0.17040798068, 0.182239741087, 0.123199060559, 0.0981623157859, 0.078741364181, 0.0738412216306, 0.0603841803968, 0.04311337322, 0.0538376942277, 0.0918040722609, 0.136017903686, 0.173804238439], "min": [0, 0, 0, 0, 0, 0, 0, 0, 0, 0, 0, 0, 0, 0, 0, 0, 0, 0, 0, 0, 0, 0, 0, 0, 0, 0, 0, 0, 0, 0, 0, 0, 0, 0, 0, 0]}, "key_key": "A", "thpcp": [1, 0.61524450779, 0.28424885869, 0.236750334501, 0.254853218794, 0.29234033823, 0.2537304461, 0.196166157722, 0.270756155252, 0.259151875973, 0.147808551788, 0.128833800554, 0.149359405041, 0.216196760535, 0.37414124608, 0.428449422121, 0.31417632103, 0.235464990139, 0.205951273441, 0.231441855431, 0.413332879543, 0.469635158777, 0.354716718197, 0.370375543833, 0.300184220076, 0.142428874969, 0.112616486847, 0.117462165654, 0.166590988636, 0.366763949394, 0.440524876118, 0.264606028795, 0.139996230602, 0.116906657815, 0.228700384498, 0.723468482494], "chords_key": "E", "tuning_equal_tempered_deviation": 0.121791914105, "tuning_frequency": 445.884552002, "tuning_diatonic_strength": 0.569527387619, "chords_histogram": [11.3270072937, 3.13300204277, 22.7594509125, 4.7597527504, 7.154692173, 4.74469041824, 0.0753125473857, 18.6473865509, 1.02425062656, 9.32369327545, 4.48862791061, 5.42250347137, 0.286187678576, 0.436812758446, 0.647687911987, 0.512125313282, 0, 0.0451875291765, 0, 0.346437722445, 0, 2.44012641907, 2.39493894577, 0.0301250182092], "key_strength": 0.750377714634, "key_scale": "minor", "chords_strength": {"dvar": 0.000354974879883, "var": 0.018796922639, "median": 0.491296470165, "max": 0.768717586994, "dmean": 0.0103722903877, "dmean2": 0.0114326402545, "mean": 0.486160755157, "dvar2": 0.00066305330256, "min": -1}, "chords_number_rate": 0.00195812620223, "tuning_nontempered_energy_ratio": 0.779904544353, "hpcp_entropy": {"dvar": 0.308924823999, "var": 0.647352159023, "median": 2.12340474129, "max": 4.59350013733, "dmean": 0.670638859272, "dmean2": 1.13080656528, "mean": 2.13644242287, "dvar2": 0.82595705986, "min": 0}, "chords_changes_rate": 0.0793794244528, "chords_scale": "minor"}, "rhythm": {"bpm_histogram_first_peak_spread": {"dvar": 0, "var": 0, "median": 0.184313714504, "max": 0.184313714504, "dmean": 0, "dmean2": 0, "mean": 0.184313714504, "dvar2": 0, "min": 0.184313714504}, "bpm_histogram_first_peak_weight": {"dvar": 0, "var": 0, "median": 0.815686285496, "max": 0.815686285496, "dmean": 0, "dmean2": 0, "mean": 0.815686285496, "dvar2": 0, "min": 0.815686285496}, "bpm_histogram_first_peak_bpm": {"dvar": 0, "var": 0, "median": 99, "max": 99, "dmean": 0, "dmean2": 0, "mean": 99, "dvar2": 0, "min": 99}, "bpm": 99.6404037476, "bpm_histogram_second_peak_weight": {"dvar": 0, "var": 0, "median": 0, "max": 0, "dmean": 0, "dmean2": 0, "mean": 0, "dvar2": 0, "min": 0}, "beats_loudness": {"dvar": 0.000112243804324, "var": 0.000255060585914, "median": 0.0365752801299, "max": 0.108090743423, "dmean": 0.0110685201362, "dmean2": 0.0193535424769, "mean": 0.0351907387376, "dvar2": 0.000332760246238, "min": 7.60302820701e-10}, "beats_loudness_band_ratio": {"dvar": [0.0143071599305, 0.00558356801048, 0.0110125467181, 0.0033522406593, 0.0035593258217, 0.00483204005286], "var": [0.0260900855064, 0.00705748796463, 0.0106228748336, 0.00355580775067, 0.005541251041, 0.0109526570886], "median": [0.449805498123, 0.143015012145, 0.0670084580779, 0.0455603003502, 0.087160371244, 0.16376593709], "max": [0.975374877453, 0.853922128677, 0.543630599976, 0.457556515932, 0.411804586649, 0.974912762642], "dmean": [0.157366856933, 0.0810751318932, 0.0934930071235, 0.0473211631179, 0.0628435015678, 0.0641356110573], "dmean2": [0.270481228828, 0.134024649858, 0.167313814163, 0.0804470181465, 0.108699776232, 0.110740371048], "mean": [0.456411778927, 0.153814509511, 0.10305416584, 0.0629938319325, 0.106532864273, 0.169919759035], "dvar2": [0.0393160022795, 0.0145405847579, 0.0304409377277, 0.00865001510829, 0.00985724385828, 0.00975301675498], "min": [0.00128234538715, 0.000332882569637, 0.00152298342437, 0.000900687824469, 0.000720951182302, 0.00364617677405]}, "bpm_histogram_second_peak_bpm": {"dvar": 0, "var": 0, "median": 0, "max": 0, "dmean": 0, "dmean2": 0, "mean": 0, "dvar2": 0, "min": 0}, "onset_rate": 4.08750486374, "beats_count": 511, "beats_position": [0.580498874187, 1.17260766029, 1.764716506, 2.35682535172, 2.94893407822, 3.54104304314, 4.13315200806, 4.73687076569, 5.34058952332, 5.94430828094, 6.54802703857, 7.1517457962, 7.75546455383, 8.35918331146, 8.96290206909, 9.56662082672, 10.1703395844, 10.774058342, 11.3777770996, 11.9814968109, 12.5852155685, 13.1889343262, 13.7926530838, 14.3963718414, 15.0000905991, 15.5921993256, 16.1959171295, 16.7880268097, 17.391746521, 17.995464325, 18.5991840363, 19.2029018402, 19.8066215515, 20.4103393555, 21.0140590668, 21.6177768707, 22.2098865509, 22.8019943237, 23.405714035, 24.009431839, 24.6131515503, 25.2168693542, 25.8205890656, 26.4243087769, 27.0280265808, 27.6317462921, 28.2354640961, 28.8391838074, 29.4429016113, 30.0582313538, 30.6735591888, 31.2772789001, 31.869386673, 32.4614944458, 33.0652160645, 33.6689338684, 34.2610435486, 34.8531494141, 35.4568710327, 36.0605888367, 36.6643066406, 37.2680282593, 37.8717460632, 38.4754638672, 39.0791816711, 39.6829032898, 40.2866210938, 40.8903388977, 41.4940567017, 42.0977783203, 42.7014961243, 43.3052139282, 43.9089317322, 44.5126533508, 45.1163711548, 45.7200889587, 46.3238105774, 46.9275283813, 47.5196380615, 48.111743927, 48.7154655457, 49.3191833496, 49.9229011536, 50.5266189575, 51.1303405762, 51.7340583801, 52.3377761841, 52.941493988, 53.5452156067, 54.1489334106, 54.7526512146, 55.3563690186, 55.9600906372, 56.5638084412, 57.1675262451, 57.7596359253, 58.3517456055, 58.9554634094, 59.5591812134, 60.162902832, 60.766620636, 61.3703384399, 61.9740562439, 62.5777778625, 63.1814956665, 63.7852134705, 64.3889312744, 64.9926528931, 65.5963668823, 66.200088501, 66.8038101196, 67.3959197998, 67.98802948, 68.5917434692, 69.1954650879, 69.7991790771, 70.4029006958, 70.995010376, 71.5871200562, 72.1908340454, 72.7945556641, 73.3982772827, 74.001991272, 74.6057128906, 75.2094345093, 75.8131484985, 76.4168701172, 77.0205917358, 77.6126937866, 78.2048034668, 78.796913147, 79.4006347656, 80.0159606934, 80.619682312, 81.2233963013, 81.8271179199, 82.4308395386, 83.0345535278, 83.6382751465, 84.2419967651, 84.8457107544, 85.449432373, 86.0531539917, 86.656867981, 87.2605895996, 87.8643035889, 88.4680252075, 89.0717468262, 89.6754608154, 90.2791824341, 90.8829040527, 91.486618042, 92.0787277222, 92.6708374023, 93.274559021, 93.8782730103, 94.4819946289, 95.0857162476, 95.6894302368, 96.2931518555, 96.8968658447, 97.5005874634, 98.104309082, 98.7080230713, 99.3117446899, 99.9154663086, 100.519180298, 101.122901917, 101.726615906, 102.330337524, 102.922447205, 103.526168823, 104.118278503, 104.721992493, 105.325714111, 105.929428101, 106.533149719, 107.136871338, 107.740585327, 108.344306946, 108.948028564, 109.551742554, 110.155464172, 110.759178162, 111.36289978, 111.95500946, 112.558731079, 113.174057007, 113.777778625, 114.381492615, 114.985214233, 115.588935852, 116.192649841, 116.784759521, 117.38848114, 117.98059082, 118.58430481, 119.188026428, 119.791740417, 120.395462036, 120.999183655, 121.602897644, 122.206619263, 122.810340881, 123.402442932, 124.006164551, 124.621498108, 125.225212097, 125.817321777, 126.409431458, 127.013153076, 127.616867065, 128.220581055, 128.812698364, 129.404800415, 130.008529663, 130.612243652, 131.204345703, 131.796463013, 132.400177002, 133.01550293, 133.630844116, 134.234558105, 134.838272095, 135.441986084, 136.045715332, 136.649429321, 137.253143311, 137.856872559, 138.460586548, 139.064300537, 139.668029785, 140.260131836, 140.852249146, 141.455963135, 142.059677124, 142.651794434, 143.243896484, 143.847610474, 144.451339722, 145.055053711, 145.6587677, 146.274108887, 146.889434814, 147.504760742, 148.12008667, 148.712203979, 149.315917969, 149.90802002, 150.511749268, 151.115463257, 151.719177246, 152.322906494, 152.915008545, 153.507110596, 154.110839844, 154.726165771, 155.329879761, 155.933609009, 156.548934937, 157.152648926, 157.744766235, 158.336868286, 158.940582275, 159.544311523, 160.148025513, 160.751739502, 161.35546875, 161.947570801, 162.55128479, 163.155014038, 163.770339966, 164.374053955, 164.977767944, 165.581497192, 166.185211182, 166.788925171, 167.38104248, 167.973144531, 168.576873779, 169.16897583, 169.761077881, 170.364807129, 170.968521118, 171.572235107, 172.175964355, 172.779678345, 173.383392334, 173.987121582, 174.590835571, 175.194549561, 175.798278809, 176.401992798, 177.005706787, 177.609436035, 178.213150024, 178.816864014, 179.420593262, 180.024307251, 180.62802124, 181.22013855, 181.812240601, 182.41595459, 183.019683838, 183.623397827, 184.227111816, 184.830841064, 185.434555054, 186.038269043, 186.641998291, 187.24571228, 187.84942627, 188.441543579, 189.03364563, 189.637359619, 190.241088867, 190.844802856, 191.448516846, 192.063858032, 192.67918396, 193.294509888, 193.909835815, 194.513549805, 195.105667114, 195.697769165, 196.301498413, 196.905212402, 197.508926392, 198.11265564, 198.70475769, 199.296859741, 199.900588989, 200.504302979, 201.108016968, 201.711746216, 202.315460205, 202.919174194, 203.522903442, 204.126617432, 204.730331421, 205.32244873, 205.914550781, 206.518280029, 207.121994019, 207.725708008, 208.329421997, 208.921539307, 209.525253296, 210.117370605, 210.721084595, 211.336410522, 211.95173645, 212.54385376, 213.135955811, 213.751281738, 214.366622925, 214.970336914, 215.574050903, 216.177780151, 216.769882202, 217.373596191, 217.977325439, 218.56942749, 219.173141479, 219.776870728, 220.380584717, 220.984298706, 221.588027954, 222.191741943, 222.795455933, 223.387573242, 223.979675293, 224.583404541, 225.18711853, 225.79083252, 226.394546509, 226.998275757, 227.601989746, 228.205703735, 228.809432983, 229.413146973, 230.016860962, 230.62059021, 231.224304199, 231.81640625, 232.40852356, 233.012237549, 233.615966797, 234.219680786, 234.823394775, 235.427108765, 236.030838013, 236.634552002, 237.238265991, 237.830383301, 238.43409729, 239.049423218, 239.653152466, 240.245254517, 240.848968506, 241.452697754, 242.044799805, 242.648529053, 243.252243042, 243.855957031, 244.459671021, 245.063400269, 245.667114258, 246.270828247, 246.874557495, 247.478271484, 248.081985474, 248.685714722, 249.289428711, 249.8931427, 250.48526001, 251.077362061, 251.681091309, 252.284805298, 252.888519287, 253.492233276, 254.095962524, 254.699676514, 255.303390503, 255.907119751, 256.51083374, 257.114562988, 257.718261719, 258.321990967, 258.925720215, 259.529418945, 260.133148193, 260.725250244, 261.340576172, 261.94430542, 262.548034668, 263.140136719, 263.73223877, 264.335968018, 264.939666748, 265.543395996, 266.147125244, 266.739227295, 267.342956543, 267.958282471, 268.561981201, 269.165710449, 269.769439697, 270.373138428, 270.976867676, 271.580596924, 272.184295654, 272.776397705, 273.368530273, 273.972229004, 274.575958252, 275.1796875, 275.78338623, 276.387115479, 276.990844727, 277.606170654, 278.209869385, 278.813598633, 279.417327881, 280.021026611, 280.61315918, 281.21685791, 281.820587158, 282.424316406, 283.028015137, 283.631744385, 284.235473633, 284.839172363, 285.431274414, 286.023406982, 286.627105713, 287.230834961, 287.834564209, 288.438262939, 289.041992188, 289.645721436, 290.249420166, 290.853149414, 291.456878662, 292.060577393, 292.652679443, 293.244812012, 293.848510742, 294.45223999, 295.044342041, 295.636444092, 296.24017334, 296.843902588, 297.459228516, 298.074554443, 298.678283691, 299.281982422, 299.88571167, 300.477813721, 301.081542969, 301.685241699, 302.288970947, 302.892700195, 303.496398926, 304.088531494, 304.692230225, 305.295959473, 305.899688721, 306.503387451, 307.107116699, 307.710845947], "danceability": 1.39531087875, "bpm_histogram_second_peak_spread": {"dvar": 0, "var": 0, "median": 0, "max": 0, "dmean": 0, "dmean2": 0, "mean": 0, "dvar2": 0, "min": 0}}, "lowlevel": {"spectral_flux": {"dvar": 0.00105501862708, "var": 0.0026644859463, "median": 0.079166777432, "max": 0.313843131065, "dmean": 0.0284813120961, "dmean2": 0.0447813384235, "mean": 0.0890525951982, "dvar2": 0.00235315854661, "min": 1.05338585077e-10}, "spectral_rolloff": {"dvar": 1131788.625, "var": 5347609, "median": 1981.0546875, "max": 18906.1523438, "dmean": 742.877197266, "dmean2": 1231.9432373, "mean": 2274.87963867, "dvar2": 2589003, "min": 21.533203125}, "barkbands_flatness_db": {"dvar": 0.000414930022089, "var": 0.00179939367808, "median": 0.116662450135, "max": 0.349483579397, "dmean": 0.02104168199, "dmean2": 0.0332949720323, "mean": 0.125234767795, "dvar2": 0.00101713580079, "min": 0.0210825968534}, "spectral_centroid": {"dvar": 93597.78125, "var": 477023.4375, "median": 1960.92480469, "max": 10708.0927734, "dmean": 290.529144287, "dmean2": 458.541015625, "mean": 1916.20666504, "dvar2": 241593.375, "min": 181.638778687}, "melbands_skewness": {"dvar": 0.872442185879, "var": 3.23808479309, "median": 2.6384563446, "max": 20.5662078857, "dmean": 0.814532279968, "dmean2": 1.29562211037, "mean": 2.96870803833, "dvar2": 2.04427480698, "min": -0.789894342422}, "melbands": {"dvar": [1.74337819772e-05, 5.85425277677e-06, 4.11875817008e-06, 1.21100083561e-06, 5.15950731028e-08, 8.5360127855e-08, 3.85984151308e-08, 1.75911551992e-08, 9.77082166287e-08, 1.05696386754e-07, 5.08799971044e-08, 1.38752174195e-08, 4.54997950428e-09, 1.97759586484e-09, 2.98399061016e-09, 3.03224445553e-09, 4.83239270821e-09, 3.12103365374e-09, 2.57225685196e-09, 2.25618035365e-09, 8.95337137763e-10, 8.9619722754e-10, 1.87389859185e-09, 6.23591955851e-10, 2.86646623104e-10, 5.41594991077e-10, 3.25893950714e-10, 1.98333904855e-10, 8.48950007515e-11, 5.12053455193e-11, 1.22640383959e-10, 4.08819506026e-11, 2.9875327906e-11, 4.49323703244e-11, 5.30485481931e-11, 2.5963706185e-10, 7.10677627858e-11, 1.4348859774e-11, 2.08956185688e-11, 9.23578921674e-12], "var": [2.24017730943e-05, 6.16682655163e-06, 3.33106231665e-06, 1.09312691166e-06, 1.13338096241e-07, 1.38216549317e-07, 7.30807201421e-08, 4.23721573384e-08, 2.68725386832e-07, 3.38546072953e-07, 1.7004040842e-07, 5.41830686984e-08, 1.0160659869e-08, 4.48393722152e-09, 6.74554367919e-09, 8.81341577497e-09, 9.87980186551e-09, 5.02231367605e-09, 5.58918467064e-09, 5.69839464504e-09, 2.10304129666e-09, 2.5980915197e-09, 5.33397148672e-09, 1.75899805832e-09, 7.34745542186e-10, 1.5026264677e-09, 8.52479420388e-10, 5.32155541855e-10, 1.94449484292e-10, 1.15909212783e-10, 1.85414253395e-10, 1.00054867169e-10, 7.32006746884e-11, 8.76888631152e-11, 7.61010907069e-11, 1.75230968624e-10, 7.69326963246e-11, 3.20125939646e-11, 3.87047338624e-11, 1.9025088796e-11], "median": [0.00123311276548, 0.00144902861211, 0.0006529672537, 0.0003368454054, 0.000220903704758, 0.000140221862239, 7.6502590673e-05, 5.63632856938e-05, 5.17521439178e-05, 4.00291719416e-05, 2.19914945774e-05, 2.04057905648e-05, 1.76965004357e-05, 1.68703809322e-05, 2.04208772629e-05, 2.01776747417e-05, 2.40291519731e-05, 2.14958527067e-05, 2.12181694224e-05, 1.96187174879e-05, 1.74721808435e-05, 1.93049290829e-05, 2.34288527281e-05, 1.48251856444e-05, 1.02522608358e-05, 1.04155005829e-05, 1.19051810543e-05, 9.15657619771e-06, 7.41789426684e-06, 6.33725494481e-06, 5.98047563471e-06, 5.06471133122e-06, 3.62678838428e-06, 2.99528755932e-06, 2.30081354857e-06, 1.62337903475e-06, 1.1151257695e-06, 8.35435457702e-07, 8.44978387704e-07, 9.27100813897e-07], "max": [0.0436668433249, 0.026696164161, 0.0206821020693, 0.0108430823311, 0.004237387795, 0.00957731250674, 0.00505707738921, 0.00437141163275, 0.00862157344818, 0.00657840492204, 0.00722876377404, 0.00388007797301, 0.00519898626953, 0.00164612068329, 0.00155338156037, 0.00159964500926, 0.00221785064787, 0.00138250237796, 0.00122991332319, 0.00128969491925, 0.00092143175425, 0.000774247630034, 0.00118785537779, 0.000605277251452, 0.000543886912055, 0.00101915025152, 0.000463957141619, 0.000423858495196, 0.000173829845153, 0.000121303324704, 0.000141270211316, 0.000151137224748, 0.000165488745552, 0.000507564051077, 0.000396918214392, 0.00125326530542, 0.000645335763693, 0.000169284292497, 0.00022208916198, 0.000111291839858], "dmean": [0.00196989183314, 0.00123069644906, 0.000878077931702, 0.00050666811876, 0.000160479234182, 0.000136272486998, 9.30440946831e-05, 6.42993109068e-05, 0.000115690359962, 0.000114209702588, 6.13426818745e-05, 3.73056900571e-05, 2.37336789723e-05, 2.15964846575e-05, 2.58396885329e-05, 2.64267036982e-05, 2.88880255539e-05, 2.51413330261e-05, 2.53124180745e-05, 2.47612042585e-05, 1.68550468516e-05, 1.70950734173e-05, 2.40806803049e-05, 1.51330414155e-05, 9.29392535909e-06, 1.16257288028e-05, 1.03768397821e-05, 8.20588047645e-06, 6.1760852077e-06, 4.76992363474e-06, 5.8763580455e-06, 4.13714678871e-06, 3.31547016685e-06, 2.64020150098e-06, 2.62978778665e-06, 2.44798661697e-06, 1.86997885976e-06, 1.28586100345e-06, 1.26647728393e-06, 1.19910077956e-06], "dmean2": [0.00306494627148, 0.00211971066892, 0.00149757473264, 0.000855023332406, 0.000258559390204, 0.000218191809836, 0.000151582222315, 9.91133201751e-05, 0.000173509979504, 0.000174132583197, 9.16613644222e-05, 5.73464167246e-05, 3.64325715054e-05, 3.39756225003e-05, 3.99669224862e-05, 4.16110560764e-05, 4.59950497316e-05, 4.02067889809e-05, 4.02944460802e-05, 3.94838207285e-05, 2.68240037258e-05, 2.72327033599e-05, 3.80652854801e-05, 2.4325108825e-05, 1.49213374243e-05, 1.78749178303e-05, 1.58651000675e-05, 1.28015453811e-05, 1.00285296867e-05, 7.66725952417e-06, 9.80045024335e-06, 6.75921228321e-06, 4.73150475955e-06, 4.08202959079e-06, 4.10449047195e-06, 3.65508276445e-06, 2.82562291432e-06, 1.79565927283e-06, 1.7860746766e-06, 1.63998015523e-06], "mean": [0.00279619265348, 0.00214925315231, 0.00113811984193, 0.000655303243548, 0.000320637394907, 0.000253716891166, 0.000160416704603, 0.000118046373245, 0.000230031248066, 0.000243049871642, 0.000122540513985, 7.31868567527e-05, 4.24887948611e-05, 3.77123396902e-05, 4.55528279417e-05, 4.8907528253e-05, 5.13106679136e-05, 4.2602972826e-05, 4.5754659368e-05, 4.45805380878e-05, 3.20970575558e-05, 3.54475378117e-05, 4.76620989502e-05, 2.8253720302e-05, 1.79804719664e-05, 2.18745572056e-05, 2.10973121284e-05, 1.65655328601e-05, 1.19848964459e-05, 9.62159447226e-06, 1.06661791506e-05, 8.59400915942e-06, 6.70372401146e-06, 5.70511929254e-06, 5.05077241542e-06, 4.14638088841e-06, 3.07726440951e-06, 2.24895416068e-06, 2.28630074162e-06, 2.1170767468e-06], "dvar2": [4.0328995965e-05, 1.58307339007e-05, 1.09602206066e-05, 3.1912236409e-06, 1.31564860339e-07, 2.16398703401e-07, 9.49317779941e-08, 3.82140932231e-08, 2.12391029208e-07, 2.36374603446e-07, 9.87820243381e-08, 3.12762864496e-08, 9.07244501747e-09, 4.43916414739e-09, 6.80090606053e-09, 6.84921230842e-09, 1.17121494725e-08, 7.53458540004e-09, 6.14658324238e-09, 5.29998578358e-09, 2.06086769872e-09, 2.09032680054e-09, 4.42646141963e-09, 1.42877687459e-09, 6.4758276519e-10, 1.14298148723e-09, 7.28079818657e-10, 4.4683792777e-10, 2.11705417086e-10, 1.25450733135e-10, 3.33424399201e-10, 1.01050515178e-10, 6.28954804904e-11, 8.95640644982e-11, 1.27368962599e-10, 7.44085348892e-10, 1.81279269373e-10, 2.5849444113e-11, 4.28025531685e-11, 1.85473424813e-11], "min": [6.80396317285e-24, 4.94728752455e-24, 4.74313623874e-24, 7.54152524227e-24, 1.19642202649e-23, 1.72062995877e-23, 9.97091075232e-24, 1.12200751512e-23, 7.56364095775e-24, 8.45521944144e-24, 1.73836150088e-23, 8.80374923342e-24, 8.98762324409e-24, 1.07133164277e-23, 1.07480531288e-23, 1.53051290289e-23, 1.36294322717e-23, 5.179069058e-24, 4.57856210454e-24, 1.40734205441e-23, 1.16207352384e-23, 8.78888472738e-24, 1.25741138742e-23, 1.10443966164e-23, 2.35403383193e-23, 1.44824796333e-23, 1.35055195784e-23, 8.59085539662e-24, 9.33994035728e-24, 2.34119385852e-23, 1.53098132849e-23, 1.05980102069e-23, 1.48925437314e-23, 1.40733385026e-23, 1.25934843538e-23, 1.50182471389e-23, 1.03815767512e-23, 9.46199449426e-24, 7.84239600266e-24, 5.21447786859e-24]}, "spectral_decrease": {"dvar": 1.8825088877e-17, "var": 3.27528880247e-17, "median": -5.80977577158e-09, "max": 1.08028577007e-16, "dmean": 2.93758106729e-09, "dmean2": 4.59500304473e-09, "mean": -7.26859461508e-09, "dvar2": 4.32449197062e-17, "min": -5.0638291782e-08}, "barkbands_kurtosis": {"dvar": 40.6953811646, "var": 96.1442260742, "median": 0.350730985403, "max": 207.928131104, "dmean": 2.58043694496, "dmean2": 4.12225866318, "mean": 3.12466597557, "dvar2": 95.5425109863, "min": -1.94328129292}, "silence_rate_30dB": {"dvar": 0.00836463365704, "var": 0.00472317775711, "median": 1, "max": 1, "dmean": 0.00843691173941, "dmean2": 0.0168750938028, "mean": 0.995254576206, "dvar2": 0.023971054703, "min": 0}, "gfcc": {"mean": [9.5032119751, 75.8559799194, -116.178337097, 61.3740158081, -57.7293319702, 25.492931366, -43.0069389343, 17.8755226135, -24.1632652283, 8.94126701355, -17.7652759552, -1.02495896816, -7.00276565552], "cov": [[18360.5878906, 1449.86962891, -784.778381348, 707.487976074, -1012.08105469, 350.134552002, -542.023193359, 230.20954895, -324.77053833, 94.9081802368, -270.221405029, -107.671356201, -18.4506950378], [1449.86962891, 1079.68225098, -202.977615356, 52.9967689514, 47.4636878967, -83.6129226685, 61.5989189148, -19.2753334045, 54.8513870239, -28.2132434845, 58.9903259277, -64.4444198608, 60.6356697083], [-784.778381348, -202.977615356, 622.499084473, -11.9021558762, -29.6971378326, 68.1348190308, -75.1681060791, 15.2917499542, 5.71762657166, 30.2335186005, -24.3314990997, 25.3207702637, -23.7225856781], [707.487976074, 52.9967689514, -11.9021558762, 265.779327393, 7.8186841011, -35.5278396606, -68.0043182373, -26.7473201752, 10.5488862991, -2.79095935822, 20.2156219482, -0.931841015816, 39.2787132263], [-1012.08105469, 47.4636878967, -29.6971378326, 7.8186841011, 241.893936157, -24.5295600891, 58.028465271, -7.55286550522, 10.5046329498, 6.34386348724, 40.5463790894, 23.7963008881, 21.5394096375], [350.134552002, -83.6129226685, 68.1348190308, -35.5278396606, -24.5295600891, 150.209381104, 23.5743274689, 25.273481369, -20.8711185455, -0.391010254622, -12.1310577393, 3.19159388542, -14.251709938], [-542.023193359, 61.5989189148, -75.1681060791, -68.0043182373, 58.028465271, 23.5743274689, 178.721389771, 29.9529895782, 30.5701675415, -15.5435342789, 20.4939498901, -17.6528606415, 3.87760853767], [230.20954895, -19.2753334045, 15.2917499542, -26.7473201752, -7.55286550522, 25.273481369, 29.9529895782, 97.6533737183, 25.7601222992, 14.66979599, -15.2500648499, -0.21064504981, -12.3356523514], [-324.77053833, 54.8513870239, 5.71762657166, 10.5488862991, 10.5046329498, -20.8711185455, 30.5701675415, 25.7601222992, 123.07610321, 18.5690822601, 19.7990684509, -10.3114385605, 20.5986843109], [94.9081802368, -28.2132434845, 30.2335186005, -2.79095935822, 6.34386348724, -0.391010254622, -15.5435342789, 14.66979599, 18.5690822601, 74.517906189, 17.1495990753, 16.5898265839, -4.56404590607], [-270.221405029, 58.9903259277, -24.3314990997, 20.2156219482, 40.5463790894, -12.1310577393, 20.4939498901, -15.2500648499, 19.7990684509, 17.1495990753, 87.6056060791, 21.3137168884, 19.4242267609], [-107.671356201, -64.4444198608, 25.3207702637, -0.931841015816, 23.7963008881, 3.19159388542, -17.6528606415, -0.21064504981, -10.3114385605, 16.5898265839, 21.3137168884, 79.2713775635, 27.7482242584], [-18.4506950378, 60.6356697083, -23.7225856781, 39.2787132263, 21.5394096375, -14.251709938, 3.87760853767, -12.3356523514, 20.5986843109, -4.56404590607, 19.4242267609, 27.7482242584, 77.7578125]], "icov": [[0.000266535498668, -0.000510112266056, 0.000457796733826, -0.000796306238044, 0.000949930108618, -0.000913258700166, 0.000509492354468, -0.000820386281703, 0.000763171468861, -0.000845058646519, 0.000690320041031, -0.000288296578219, 9.55312207225e-05], [-0.000510112266056, 0.00217554834671, -0.000677119998727, 0.00156624719966, -0.00190021900926, 0.00214770785533, -0.000993189634755, 0.00138025917113, -0.0014687681105, 0.00182964117266, -0.0021704651881, 0.00204824144021, -0.00131903751753], [0.000457796733826, -0.000677119998727, 0.00274120480753, -0.00126087001991, 0.00148938270286, -0.00252072326839, 0.00184054707643, -0.00137046701275, 0.000601512263529, -0.00173407036345, 0.00150683196262, -0.000940996513236, 0.000624345615506], [-0.000796306238044, 0.00156624719966, -0.00126087001991, 0.00736752897501, -0.00330038298853, 0.00297906482592, 0.00104811240453, 0.00232183327898, -0.00248219631612, 0.00306359655224, -0.00351767148823, 0.00283600529656, -0.0030362540856], [0.000949930108618, -0.00190021900926, 0.00148938270286, -0.00330038298853, 0.0085341418162, -0.00224246596918, -0.000421329197707, -0.0024371757172, 0.00310956919566, -0.00348197715357, 0.00136716500856, -0.00267033046111, 0.000271366210654], [-0.000913258700166, 0.00214770785533, -0.00252072326839, 0.00297906482592, -0.00224246596918, 0.0115338927135, -0.00366359157488, 0.00100300332997, -0.000527425028849, 0.00288497726433, -0.0025488503743, 0.000919017300475, -0.000470593542559], [0.000509492354468, -0.000993189634755, 0.00184054707643, 0.00104811240453, -0.000421329197707, -0.00366359157488, 0.0105598438531, -0.00420861179009, -0.000225570023758, 0.00108837336302, -0.00150602101348, 0.00249552098103, -0.00121225242037], [-0.000820386281703, 0.00138025917113, -0.00137046701275, 0.00232183327898, -0.0024371757172, 0.00100300332997, -0.00420861179009, 0.0162898413837, -0.00576821481809, -0.000104668535641, 0.00193273916375, -0.00184961676132, 0.00249026133679], [0.000763171468861, -0.0014687681105, 0.000601512263529, -0.00248219631612, 0.00310956919566, -0.000527425028849, -0.000225570023758, -0.00576821481809, 0.0136583838612, -0.00530454842374, -0.000267635768978, 0.00301522272639, -0.00403677392751], [-0.000845058646519, 0.00182964117266, -0.00173407036345, 0.00306359655224, -0.00348197715357, 0.00288497726433, 0.00108837336302, -0.000104668535641, -0.00530454842374, 0.0198812726885, -0.00605277484283, -0.00200397102162, 0.00251785409637], [0.000690320041031, -0.0021704651881, 0.00150683196262, -0.00351767148823, 0.00136716500856, -0.0025488503743, -0.00150602101348, 0.00193273916375, -0.000267635768978, -0.00605277484283, 0.0184543691576, -0.00602738605812, 0.000885354238562], [-0.000288296578219, 0.00204824144021, -0.000940996513236, 0.00283600529656, -0.00267033046111, 0.000919017300475, 0.00249552098103, -0.00184961676132, 0.00301522272639, -0.00200397102162, -0.00602738605812, 0.0214573796839, -0.00996290892363], [9.55312207225e-05, -0.00131903751753, 0.000624345615506, -0.0030362540856, 0.000271366210654, -0.000470593542559, -0.00121225242037, 0.00249026133679, -0.00403677392751, 0.00251785409637, 0.000885354238562, -0.00996290892363, 0.0204813107848]]}, "silence_rate_20dB": {"dvar": 0, "var": 0, "median": 1, "max": 1, "dmean": 0, "dmean2": 0, "mean": 1, "dvar2": 0, "min": 1}, "barkbands_skewness": {"dvar": 0.380135536194, "var": 1.83897721767, "median": 1.12966871262, "max": 13.3700208664, "dmean": 0.541772067547, "dmean2": 0.850742578506, "mean": 1.32816040516, "dvar2": 0.881469726563, "min": -4.85360860825}, "erbbands_skewness": {"dvar": 0.0791609361768, "var": 0.550167500973, "median": -0.304077506065, "max": 6.25079154968, "dmean": 0.298132836819, "dmean2": 0.454873651266, "mean": -0.218717232347, "dvar2": 0.175972089171, "min": -4.02680635452}, "spectral_contrast_valleys": {"dvar": [0.103115133941, 0.083619825542, 0.0775629803538, 0.078691624105, 0.0846012681723, 0.126154839993], "var": [2.68686032295, 1.95966124535, 1.77680563927, 1.71848142147, 1.70367288589, 1.84066081047], "median": [-6.69724750519, -6.72299575806, -7.37599658966, -7.40713977814, -6.98222541809, -9.36444091797], "max": [-5.07979440689, -5.12541532516, -5.53912162781, -5.76092767715, -5.46261882782, -7.18828821182], "dmean": [0.361763596535, 0.342768907547, 0.318365782499, 0.296250075102, 0.270391434431, 0.317293792963], "dmean2": [0.59140008688, 0.562158405781, 0.499328136444, 0.446828991175, 0.401053220034, 0.387128829956], "mean": [-6.99195337296, -6.98245286942, -7.63156747818, -7.65579843521, -7.25896453857, -9.63116836548], "dvar2": [0.24245890975, 0.204351812601, 0.172164976597, 0.157464981079, 0.162207722664, 0.209202945232], "min": [-26.9559936523, -27.458070755, -27.0921325684, -27.3385772705, -27.288608551, -27.1335887909]}, "spectral_strongpeak": {"dvar": 1.05869650841, "var": 1.38478183746, "median": 0.30202460289, "max": 19.7847690582, "dmean": 0.456954449415, "dmean2": 0.804879009724, "mean": 0.712692558765, "dvar2": 2.79093647003, "min": 0}, "erbbands_crest": {"dvar": 4.92241954803, "var": 16.7338294983, "median": 6.8980588913, "max": 34.295135498, "dmean": 2.2450158596, "dmean2": 3.59820723534, "mean": 8.01141643524, "dvar2": 11.520488739, "min": 2.13470196724}, "barkbands_crest": {"dvar": 7.31014871597, "var": 20.6662921906, "median": 8.8451461792, "max": 25.5600147247, "dmean": 2.67902302742, "dmean2": 4.337495327, "mean": 9.93257808685, "dvar2": 17.187543869, "min": 2.51063466072}, "spectral_energyband_middle_low": {"dvar": 8.02392096375e-05, "var": 9.9084158137e-05, "median": 0.00721473433077, "max": 0.0921135023236, "dmean": 0.00476570473984, "dmean2": 0.0077409921214, "mean": 0.00995199102908, "dvar2": 0.000205752221518, "min": 3.58989039975e-22}, "spectral_contrast_coeffs": {"dvar": [0.00206386507489, 0.00138467352372, 0.000948839297052, 0.000658893666696, 0.000375665520551, 0.000322501233313], "var": [0.00475886976346, 0.00499334558845, 0.00554948626086, 0.00291375094093, 0.00218013371341, 0.00204465654679], "median": [-0.686749815941, -0.737385749817, -0.784778237343, -0.778882980347, -0.78138422966, -0.750722289085], "max": [-0.358764231205, -0.462074607611, -0.443771779537, -0.552992641926, -0.55026191473, -0.475566536188], "dmean": [0.0504272654653, 0.046122007072, 0.0373823009431, 0.0318899974227, 0.0233789850026, 0.0200002361089], "dmean2": [0.0833185166121, 0.0751135125756, 0.0594293810427, 0.0508771538734, 0.0368977487087, 0.0303403828293], "mean": [-0.683885097504, -0.735916256905, -0.772684454918, -0.776220560074, -0.779121220112, -0.750285625458], "dvar2": [0.00525752175599, 0.00366888125427, 0.00229112594388, 0.00159931136295, 0.000852430530358, 0.000695527647622], "min": [-0.960008978844, -0.973199546337, -0.969293653965, -0.956670701504, -0.960690200329, -0.959648668766]}, "hfc": {"dvar": 142.500701904, "var": 523.955078125, "median": 24.2272987366, "max": 387.609588623, "dmean": 7.99932575226, "dmean2": 10.9121217728, "mean": 28.7742538452, "dvar2": 275.774627686, "min": 1.17992523351e-16}, "spectral_energyband_high": {"dvar": 1.77450408501e-06, "var": 4.5716033128e-06, "median": 0.00123839406297, "max": 0.0492631010711, "dmean": 0.000747868733015, "dmean2": 0.00105431175325, "mean": 0.00191397825256, "dvar2": 3.8324255911e-06, "min": 7.8880952955e-21}, "erbbands_spread": {"dvar": 94.548500061, "var": 383.04888916, "median": 44.0667724609, "max": 171.668014526, "dmean": 8.96602725983, "dmean2": 13.6638021469, "mean": 47.2950325012, "dvar2": 213.820449829, "min": 3.35444021225}, "dissonance": {"dvar": 0.00014494273637, "var": 0.000336796947522, "median": 0.482198417187, "max": 0.499999940395, "dmean": 0.0117079811171, "dmean2": 0.019508222118, "mean": 0.477178931236, "dvar2": 0.00039159876178, "min": 0.326742261648}, "spectral_kurtosis": {"dvar": 0.94067132473, "var": 2.65796589851, "median": 2.27045440674, "max": 31.5467948914, "dmean": 0.830421864986, "dmean2": 1.35637140274, "mean": 2.54741048813, "dvar2": 2.35117912292, "min": -1.32979607582}, "spectral_skewness": {"dvar": 0.0241979230195, "var": 0.094229221344, "median": 1.15719997883, "max": 4.59524536133, "dmean": 0.154466196895, "dmean2": 0.242408782244, "mean": 1.17839872837, "dvar2": 0.056408919394, "min": -0.194729432464}, "pitch_salience": {"dvar": 0.00482394360006, "var": 0.0132895996794, "median": 0.529174387455, "max": 0.887002706528, "dmean": 0.072866499424, "dmean2": 0.118997737765, "mean": 0.525255084038, "dvar2": 0.0120075531304, "min": 0.0566148385406}, "spectral_complexity": {"dvar": 23.788318634, "var": 139.084121704, "median": 23, "max": 57, "dmean": 4.52775907516, "dmean2": 6.82733154297, "mean": 22.9755954742, "dvar2": 47.3672485352, "min": 0}, "spectral_spread": {"dvar": 445874896896, "var": 2712771756030.0, "median": 5167256.5, "max": 40218948, "dmean": 573236.75, "dmean2": 760035.5, "mean": 5369635, "dvar2": 716268961792, "min": 2144907.25}, "dynamic_complexity": 3.19255495071, "melbands_crest": {"dvar": 10.6049613953, "var": 27.7903614044, "median": 13.2732076645, "max": 39.3942222595, "dmean": 3.34234189987, "dmean2": 5.32145023346, "mean": 14.1025066376, "dvar2": 25.9604434967, "min": 1.80432426929}, "zerocrossingrate": {"dvar": 0.000184226926649, "var": 0.00447389157489, "median": 0.078125, "max": 0.65625, "dmean": 0.0131890010089, "dmean2": 0.0147142456844, "mean": 0.0860014259815, "dvar2": 0.000207635268453, "min": 0}, "spectral_energyband_low": {"dvar": 0.000208251542062, "var": 0.000297965365462, "median": 0.00832319445908, "max": 0.152901738882, "dmean": 0.00759148644283, "dmean2": 0.0122183095664, "mean": 0.0137369818985, "dvar2": 0.000479436130263, "min": 3.45304171292e-23}, "melbands_kurtosis": {"dvar": 305.659545898, "var": 743.918212891, "median": 7.54487037659, "max": 583.03112793, "dmean": 8.28456401825, "dmean2": 13.4843893051, "mean": 15.1928434372, "dvar2": 724.732849121, "min": -1.73112571239}, "spectral_energyband_middle_high": {"dvar": 4.30584941569e-06, "var": 2.49069635174e-05, "median": 0.00429797032848, "max": 0.0496254488826, "dmean": 0.00151147588622, "dmean2": 0.00222237291746, "mean": 0.00555723626167, "dvar2": 8.78437913343e-06, "min": 1.8508772051e-21}, "barkbands_spread": {"dvar": 68.102722168, "var": 276.533081055, "median": 35.4704589844, "max": 118.919837952, "dmean": 7.60930252075, "dmean2": 11.894575119, "mean": 35.5367164612, "dvar2": 159.496810913, "min": 1.08866834641}, "mfcc": {"mean": [-621.399902344, 91.8993301392, 6.62953281403, 36.4110946655, 12.8278369904, 11.5341691971, 0.555511891842, 4.16839742661, 4.39959764481, 3.02108430862, 3.81418919563, 0.817782819271, -0.487722873688], "cov": [[10559.4375, 214.979598999, -67.9331130981, 194.413742065, -230.325210571, 90.8782424927, -42.1497535706, 34.3104515076, 31.2059555054, 89.4993133545, 24.2924671173, -47.8302841187, -89.5843811035], [214.979598999, 851.726013184, -116.52104187, 81.4777908325, -3.80844044685, 8.70907783508, 44.707408905, 24.3653202057, 40.8050498962, 11.5158996582, 72.8397445679, 9.80530452728, 13.8029642105], [-67.9331130981, -116.52104187, 551.863647461, -39.1955795288, 57.6393814087, 9.6690454483, -57.6626739502, -14.7799692154, -2.09326457977, 8.65597820282, -20.4209785461, 18.5911636353, -14.0865392685], [194.413742065, 81.4777908325, -39.1955795288, 251.899337769, 68.5459747314, 2.67512559891, -24.4420070648, -28.5892105103, 8.08950424194, -13.7043962479, -34.6003608704, 27.3752803802, 47.4523200989], [-230.325210571, -3.80844044685, 57.6393814087, 68.5459747314, 161.004608154, 21.5575122833, -9.25163459778, -15.9812030792, -4.74356174469, -18.0102977753, -25.3476428986, 13.620010376, 34.1797790527], [90.8782424927, 8.70907783508, 9.6690454483, 2.67512559891, 21.5575122833, 89.0493774414, 32.3996086121, 6.93895435333, -0.646887898445, -5.69972467422, -4.99300193787, -1.20297598839, 3.64350271225], [-42.1497535706, 44.707408905, -57.6626739502, -24.4420070648, -9.25163459778, 32.3996086121, 124.965209961, 35.4171485901, -9.45415782928, 3.05996823311, 14.2517995834, -10.8417749405, -8.83720970154], [34.3104515076, 24.3653202057, -14.7799692154, -28.5892105103, -15.9812030792, 6.93895435333, 35.4171485901, 87.9917602539, 26.9370918274, 13.7478189468, 18.734451