{"tonal": {"chords_number_rate": 0.00158931978513, "thpcp": [1, 0.653372585773, 0.254023104906, 0.165996953845, 0.108143240213, 0.209789246321, 0.337290406227, 0.321963071823, 0.239698246121, 0.142884239554, 0.12380823493, 0.299153149128, 0.431136101484, 0.30543717742, 0.267783433199, 0.297249376774, 0.194834977388, 0.140126600862, 0.16808848083, 0.230655580759, 0.625985443592, 0.938097536564, 0.563023805618, 0.18278606236, 0.122504904866, 0.104312434793, 0.162475436926, 0.207730576396, 0.172954976559, 0.198672831059, 0.247066006064, 0.206207290292, 0.244343176484, 0.32164400816, 0.354533076286, 0.691618561745], "hpcp": {"dvar": [0.0336577482522, 0.0292758978903, 0.0224499497563, 0.0179785247892, 0.0134890936315, 0.0163302570581, 0.0196655504405, 0.0191321745515, 0.0198070909828, 0.0222314391285, 0.0235226117074, 0.0254622008651, 0.0341330841184, 0.0423938259482, 0.0460851490498, 0.0483576692641, 0.042701702565, 0.0251341257244, 0.0169878248125, 0.00988971535116, 0.0115190530196, 0.0178733598441, 0.0437246002257, 0.0516673140228, 0.0128193795681, 0.00991974957287, 0.0144387334585, 0.0209498852491, 0.0163999218494, 0.0195183604956, 0.0240680556744, 0.0252555366606, 0.0219716578722, 0.0246895290911, 0.0253104194999, 0.0294533856213], "mean": [0.448413997889, 0.269127398729, 0.087372392416, 0.0585577860475, 0.0498617179692, 0.0776638388634, 0.0992959588766, 0.0826731026173, 0.0949663296342, 0.118098437786, 0.098567828536, 0.116796918213, 0.15374699235, 0.169468089938, 0.330596148968, 0.478003591299, 0.312314450741, 0.121423952281, 0.0793471410871, 0.0516928583384, 0.100280016661, 0.161226019263, 0.153899505734, 0.114576622844, 0.0682991817594, 0.0591807812452, 0.142996281385, 0.206084609032, 0.14600007236, 0.128001436591, 0.142086267471, 0.0931318178773, 0.0669810175896, 0.0803468972445, 0.110254198313, 0.299223303795], "min": [0, 0, 0, 0, 0, 0, 0, 0, 0, 0, 0, 0, 0, 0, 0, 0, 0, 0, 0, 0, 0, 0, 0, 0, 0, 0, 0, 0, 0, 0, 0, 0, 0, 0, 0, 0], "median": [0.355484038591, 0.194091752172, 0.0342029444873, 0.0134702166542, 0.013813700527, 0.0223432630301, 0.0287310145795, 0.0277127586305, 0.0256735999137, 0.0240628514439, 0.0274024941027, 0.0433128476143, 0.0504026263952, 0.066219188273, 0.23970296979, 0.40235042572, 0.222667187452, 0.0370403155684, 0.0109031107277, 0.00995478592813, 0.0329794660211, 0.0604462176561, 0.0502743497491, 0.018889464438, 0.0131939258426, 0.0190818104893, 0.0646510645747, 0.0853619426489, 0.0660523101687, 0.0468042045832, 0.0308281555772, 0.0159685276449, 0.0150158889592, 0.0163162238896, 0.0456888228655, 0.205267459154], "dvar2": [0.0833231955767, 0.0774406716228, 0.0623683184385, 0.0505062937737, 0.0377950631082, 0.0448831319809, 0.0538150593638, 0.0535218119621, 0.0548064447939, 0.0602285824716, 0.0644041150808, 0.0679408460855, 0.0886071696877, 0.107458844781, 0.117566488683, 0.115500494838, 0.103024616838, 0.0691210851073, 0.0472364164889, 0.0273650120944, 0.0304121635854, 0.0477567836642, 0.113232724369, 0.134183168411, 0.0355166569352, 0.0275261960924, 0.0387404300272, 0.053975071758, 0.044841863215, 0.0537227913737, 0.0656878650188, 0.0703382566571, 0.062220800668, 0.0694736912847, 0.0695098862052, 0.0772519335151], "var": [0.122898213565, 0.0584752298892, 0.0217700842768, 0.0178855732083, 0.0124263186008, 0.0255646985024, 0.0348022505641, 0.0216462314129, 0.0316529273987, 0.0517988242209, 0.0325566418469, 0.0329339504242, 0.0571186169982, 0.0556853376329, 0.0960356295109, 0.149137333035, 0.0842471048236, 0.0417828336358, 0.0396027341485, 0.0142926080152, 0.0261803735048, 0.0573706030846, 0.0555255226791, 0.0523524358869, 0.0219293888658, 0.0141590293497, 0.0385040044785, 0.0744429752231, 0.038569688797, 0.0391872115433, 0.0607389584184, 0.0342987626791, 0.0208617784083, 0.0304472725838, 0.0285998247564, 0.0754226818681], "dmean2": [0.260280311108, 0.240239113569, 0.143921628594, 0.101805083454, 0.0805849283934, 0.0968546271324, 0.116131804883, 0.117527619004, 0.119723148644, 0.125159606338, 0.133888795972, 0.155974045396, 0.193785116076, 0.251770496368, 0.319277018309, 0.298377901316, 0.295560240746, 0.174394696951, 0.0938365235925, 0.0711006820202, 0.100199684501, 0.140375047922, 0.216541960835, 0.207905769348, 0.0945033282042, 0.0789033696055, 0.131802633405, 0.160790577531, 0.140694916248, 0.135479211807, 0.13882099092, 0.125273704529, 0.113160640001, 0.127583026886, 0.165138617158, 0.23797519505], "max": [1, 1, 1, 1, 1, 1, 1, 1, 1, 1, 1, 1, 1, 1, 1, 1, 1, 1, 1, 1, 1, 1, 1, 1, 1, 1, 1, 1, 1, 1, 1, 1, 1, 1, 1, 1], "dmean": [0.156677439809, 0.146376550198, 0.0815013051033, 0.0563116930425, 0.0453834123909, 0.0556885488331, 0.0672201290727, 0.0668640881777, 0.0684955939651, 0.0723770856857, 0.0758002847433, 0.0895005166531, 0.110369697213, 0.146918132901, 0.191938355565, 0.174087896943, 0.184237912297, 0.0984861925244, 0.0527266673744, 0.0406591296196, 0.0596529766917, 0.0824430733919, 0.124009184539, 0.116793371737, 0.0538073591888, 0.0459694117308, 0.0790065675974, 0.0968355536461, 0.0837937742472, 0.0793360248208, 0.0801355168223, 0.0721198394895, 0.0633467435837, 0.0707514435053, 0.0943228304386, 0.142953887582]}, "key_strength": 0.876748919487, "chords_strength": {"dvar": 3.43290521414e-05, "mean": 0.588708758354, "min": 0.229599907994, "median": 0.593420088291, "dvar2": 2.8934691727e-05, "var": 0.0112183727324, "dmean2": 0.00602862564847, "max": 0.831813335419, "dmean": 0.00654353527352}, "tuning_equal_tempered_deviation": 0.0447424836457, "chords_key": "D", "tuning_frequency": 446.142181396, "chords_scale": "major", "chords_changes_rate": 0.0296673029661, "key_scale": "major", "tuning_diatonic_strength": 0.71787071228, "hpcp_entropy": {"dvar": 0.197447016835, "mean": 2.00134730339, "min": 0, "median": 2.03421974182, "dvar2": 0.552908301353, "var": 0.444414317608, "dmean2": 0.927480280399, "max": 4.13151884079, "dmean": 0.545215547085}, "chords_histogram": [46.6624298096, 6.45263814926, 5.09641885757, 3.59186267853, 0.476795941591, 0.0741682574153, 0.148336514831, 0.0847637206316, 0.497986853123, 0.561559677124, 0.529773235321, 0.476795941591, 1.97075653076, 2.48993420601, 1.35621953011, 1.22907400131, 1.12311935425, 8.64589977264, 4.02627658844, 4.97986841202, 2.23564314842, 0.148336514831, 6.05001068115, 1.09133291245], "tuning_nontempered_energy_ratio": 0.703495144844, "key_key": "D"}, "metadata": {"version": {"extractor": "music 1.0", "essentia_build_sha": "70f2e5ece6736b2c40cc944ad0e695b16b925413", "essentia": "2.1-beta2", "essentia_git_sha": "v2.1_beta2"}, "audio_properties": {"sample_rate": 44100, "length": 438.226654053, "lossless": true, "analysis_sample_rate": 44100, "downmix": "mix", "bit_rate": 0, "equal_loudness": 0, "md5_encoded": "25538d9b853213d4b6125f8a21fe96c0", "codec": "flac", "replay_gain": -8.17086410522}, "tags": {"disctotal": ["1"], "genre": ["Ethereal; Favourites; Female Vocal; Rock"], "catalognumber": ["MUTE 9 61277-2"], "releasecountry": ["US"], "musicbrainz_recordingid": ["e8f88fce-d066-4129-a97f-3231cde8bce1"], "language": ["eng"], "title": ["Iris"], "musicbrainz_releasetrackid": ["68875d4e-875e-3042-8628-4a0eac9f2357"], "discnumber": ["1"], "artistsort": ["Miranda Sex Garden"], "releasetype": ["album"], "originaldate": ["1992-06-09"], "musicbrainz_artistid": ["ba5d56ac-b8c4-46ef-8c06-1c1f6a35584f"], "composer": ["Miranda Sex Garden"], "tracknumber": ["5"], "musicbrainz_albumartistid": ["ba5d56ac-b8c4-46ef-8c06-1c1f6a35584f"], "totaltracks": ["5"], "barcode": ["724596127728"], "tracktotal": ["5"], "date": ["1992"], "acoustid_id": ["d8b745e1-bd16-45bd-9341-35694fb94b37"], "albumartistsort": ["Miranda Sex Garden"], "musicbrainz_releasegroupid": ["f1829d73-60dc-3a04-8e1e-3b064d44e340"], "media": ["CD"], "performer": ["Oliver Kraus (cello)"], "label": ["Elektra Entertainment"], "albumartist": ["Miranda Sex Garden"], "asin": ["B000003Z5P"], "script": ["Latn"], "musicbrainz_albumid": ["22fea476-1136-4195-83dc-b08d42f48e3c"], "file_name": "05_Iris.flac", "releasestatus": ["official"], "totaldiscs": ["1"], "album": ["Iris"], "artist": ["Miranda Sex Garden"]}}, "lowlevel": {"melbands": {"dvar": [1.60347349265e-06, 2.0873280846e-06, 5.88461375628e-07, 6.16260365405e-07, 3.27068718775e-08, 1.42178606666e-08, 7.41552730332e-09, 1.46837839665e-08, 5.21338883175e-08, 3.12548387171e-08, 2.50988350103e-08, 8.31905921928e-08, 1.95903879785e-08, 4.39886669312e-08, 2.75852798381e-08, 2.65414943357e-08, 1.82009074479e-08, 9.07768527014e-09, 3.73158526301e-09, 2.58997689961e-09, 1.68740132978e-09, 3.73422043287e-10, 1.47275996953e-10, 1.10139779241e-10, 1.89199142464e-10, 3.85503504119e-11, 2.54602398192e-11, 1.17721587686e-11, 1.05501675104e-11, 5.42119561048e-12, 1.68342336598e-11, 3.68497897127e-12, 8.72470661255e-13, 1.88641463561e-12, 1.349668966e-12, 8.48088526489e-13, 7.61090572076e-13, 3.11754365812e-13, 4.35995884578e-13, 7.95446133549e-14], "mean": [0.000904726271983, 0.000884273264091, 0.000479131005704, 0.000359759200364, 0.000182792166015, 0.000194863969227, 0.000136500239023, 0.000104775463114, 0.000184713979252, 0.000163144621183, 0.000156649286509, 0.000276087987004, 0.000112648915092, 0.000156045920448, 0.000123863355839, 0.000104343715066, 9.07363282749e-05, 7.19049203326e-05, 5.49319047423e-05, 4.5676031732e-05, 3.75081726816e-05, 1.8648312107e-05, 1.28371411847e-05, 1.1996982721e-05, 1.4809896129e-05, 7.6023065958e-06, 5.09402025273e-06, 4.14696160078e-06, 2.64673531092e-06, 1.87495299997e-06, 1.3244521142e-06, 1.04115861177e-06, 6.48506954803e-07, 8.12056327959e-07, 6.25680002031e-07, 5.48633067865e-07, 5.11763744271e-07, 3.91157584545e-07, 3.59064586064e-07, 2.08231327292e-07], "min": [8.41222731096e-24, 1.71827031803e-23, 6.31766119036e-24, 5.27100448562e-24, 6.26859838079e-24, 3.03806703464e-24, 3.84056142846e-24, 3.56246981557e-24, 3.72722893765e-24, 3.88518413442e-24, 5.18827072603e-24, 5.78944821126e-24, 1.03938127727e-23, 9.95877886046e-24, 7.88063130188e-24, 7.2874512885e-24, 9.72120077708e-24, 7.89343924753e-24, 1.78085349354e-23, 5.63745719736e-24, 6.40574500461e-24, 1.05915447029e-23, 6.07199215511e-24, 5.28035524836e-24, 7.93803592109e-24, 7.39911297191e-24, 8.23896900149e-24, 1.27808719509e-23, 8.13779285723e-24, 7.01129317369e-24, 7.70930333504e-24, 8.21202072411e-24, 1.18681938046e-23, 9.74813643269e-24, 7.03688224373e-24, 8.4451977525e-24, 7.09210487368e-24, 1.12472719197e-23, 8.27037592071e-24, 1.07915138426e-23], "median": [0.000463635748019, 0.000486979552079, 0.000244611088419, 0.000175671710167, 9.53929775278e-05, 0.000106225234049, 8.07719989098e-05, 3.37737292284e-05, 3.03344531858e-05, 4.12631925428e-05, 4.17221926909e-05, 6.80798038957e-05, 1.85331846296e-05, 1.92309016711e-05, 1.38946879815e-05, 1.1102465578e-05, 1.6678335669e-05, 1.49742882058e-05, 1.27126822917e-05, 8.4474322648e-06, 9.81572611636e-06, 4.11283872381e-06, 3.22658343066e-06, 3.35190406986e-06, 3.30492002831e-06, 2.13663997783e-06, 2.47114758167e-06, 1.78321806743e-06, 1.10191399472e-06, 9.6262238003e-07, 6.4755886342e-07, 2.17594759988e-07, 1.92936767007e-07, 2.87089960693e-07, 1.7384535056e-07, 1.7620929782e-07, 1.70757715523e-07, 1.35575533022e-07, 1.06713315517e-07, 6.332737712e-08], "dvar2": [3.76304137717e-06, 5.61750312045e-06, 1.57414353907e-06, 1.67348048308e-06, 8.71582770401e-08, 3.0075831603e-08, 1.70974967517e-08, 3.08584198194e-08, 8.65510827452e-08, 6.65649722009e-08, 5.51024150752e-08, 1.94795632069e-07, 4.47328183384e-08, 1.08711063262e-07, 7.07290865876e-08, 6.19647835265e-08, 4.55104363084e-08, 2.35230412926e-08, 9.20698628448e-09, 6.9972174721e-09, 4.62962645997e-09, 1.04060804418e-09, 3.9187800227e-10, 3.06410424811e-10, 5.22951626447e-10, 1.06642701614e-10, 7.17316483989e-11, 3.16850538862e-11, 2.79636851869e-11, 1.45906932369e-11, 4.45186734699e-11, 9.73320989778e-12, 2.23190649989e-12, 4.69603652839e-12, 3.49612548113e-12, 2.25344699498e-12, 2.03371716169e-12, 8.2520183178e-13, 1.16424166315e-12, 1.89813456294e-13], "var": [2.00484896595e-06, 1.86124850643e-06, 5.90420938806e-07, 5.70768520447e-07, 6.56072103311e-08, 7.24243278682e-08, 2.77596114984e-08, 6.66304700303e-08, 3.57072110546e-07, 1.32978001943e-07, 1.1017888113e-07, 2.66426638973e-07, 7.61409708616e-08, 2.05073561688e-07, 9.1212278619e-08, 9.0533987418e-08, 6.5225847834e-08, 2.79045604401e-08, 1.17633778274e-08, 6.60619381421e-09, 3.88390608563e-09, 1.08895015227e-09, 4.6613202187e-10, 3.85148274384e-10, 6.67570554391e-10, 1.51599288678e-10, 5.07701901353e-11, 4.57820864552e-11, 2.38781303757e-11, 9.99586784872e-12, 1.86005828795e-11, 9.619297546e-12, 1.91218677177e-12, 4.24611300981e-12, 3.08790102863e-12, 2.11905818413e-12, 2.02459316673e-12, 1.06423474634e-12, 1.19765959303e-12, 2.80624427775e-13], "dmean2": [0.00116449198686, 0.00111801107414, 0.000614150369074, 0.000395540846512, 0.000140854157507, 0.00011219434964, 8.65456822794e-05, 6.2735452957e-05, 0.000101826299215, 0.000106030362076, 0.000100805133116, 0.000207742486964, 7.54923094064e-05, 0.000108361862658, 9.64168721111e-05, 7.46065852582e-05, 7.35584326321e-05, 5.80043779337e-05, 4.20678261435e-05, 3.6795190681e-05, 3.25580003846e-05, 1.43583174577e-05, 9.63917227637e-06, 8.10253459349e-06, 1.02859266917e-05, 5.01381509821e-06, 3.74693809135e-06, 2.78660991171e-06, 2.15688737626e-06, 1.36820199259e-06, 1.13789951683e-06, 9.73749024524e-07, 5.99689371938e-07, 7.09601692961e-07, 5.61181877856e-07, 4.70414960319e-07, 4.1671913209e-07, 2.99709284945e-07, 2.83746373952e-07, 1.45877521618e-07], "max": [0.0146040953696, 0.0189805906266, 0.0134182907641, 0.0188178047538, 0.00479014404118, 0.0042159948498, 0.00244862632826, 0.00827327743173, 0.0216071531177, 0.00607002805918, 0.00780269410461, 0.00765932258219, 0.00419468618929, 0.0117287412286, 0.00413238583133, 0.00856425054371, 0.00427999999374, 0.0034569890704, 0.00326324487105, 0.00142711540684, 0.00131827429868, 0.000510443525854, 0.000282371067442, 0.000462280731881, 0.000382783677196, 0.000176245259354, 0.000254756654613, 0.000109897307993, 0.000108655171061, 0.000208365789149, 0.000451308005722, 6.71083907946e-05, 2.56665807683e-05, 4.96036918776e-05, 4.16458788095e-05, 4.45020232291e-05, 3.6821289541e-05, 2.13376461033e-05, 2.68719777523e-05, 1.3056897842e-05], "dmean": [0.000687141262461, 0.000651378184557, 0.000360104197171, 0.000238344422542, 8.85838599061e-05, 7.61021656217e-05, 5.72144381294e-05, 4.1938645154e-05, 7.16168651707e-05, 7.16387294233e-05, 6.59366050968e-05, 0.000133758279844, 4.90143866045e-05, 6.84021142661e-05, 5.93078621023e-05, 4.68217403977e-05, 4.50442385045e-05, 3.52835668309e-05, 2.53424022958e-05, 2.20904476009e-05, 1.93979176402e-05, 8.58122984937e-06, 5.754950962e-06, 4.82865107188e-06, 6.11660198047e-06, 2.97791621051e-06, 2.2121123493e-06, 1.68146686974e-06, 1.29321574605e-06, 8.14120824089e-07, 6.82918198436e-07, 5.84622569022e-07, 3.62251000752e-07, 4.29599481322e-07, 3.39526280868e-07, 2.83625979591e-07, 2.51679637131e-07, 1.80648115133e-07, 1.73093766875e-07, 9.29673902306e-08]}, "spectral_decrease": {"dvar": 4.6469906663e-18, "mean": -4.67683181071e-09, "min": -3.5623436645e-08, "median": -3.14531467538e-09, "dvar2": 1.1402551568e-17, "var": 2.08686385804e-17, "dmean2": 2.15316386942e-09, "max": 8.03906209761e-29, "dmean": 1.33618327514e-09}, "spectral_rolloff": {"dvar": 261373.171875, "mean": 1391.25463867, "min": 64.599609375, "median": 1291.9921875, "dvar2": 641409, "var": 1210112.625, "dmean2": 513.720397949, "max": 18690.8203125, "dmean": 298.443450928}, "melbands_crest": {"dvar": 7.47483158112, "mean": 12.5441465378, "min": 1.88675820827, "median": 11.7658138275, "dvar2": 19.8962421417, "var": 23.6616020203, "dmean2": 5.06618785858, "max": 32.263874054, "dmean": 3.04949641228}, "barkbands_skewness": {"dvar": 0.24834176898, "mean": 1.12993717194, "min": -2.19905233383, "median": 0.886604189873, "dvar2": 0.589442253113, "var": 1.70370173454, "dmean2": 0.726729154587, "max": 12.9474668503, "dmean": 0.453110516071}, "spectral_centroid": {"dvar": 35456.0078125, "mean": 1346.34277344, "min": 165.122955322, "median": 1341.5625, "dvar2": 82870.953125, "var": 318333.0625, "dmean2": 259.868988037, "max": 10995.5400391, "dmean": 165.23374939}, "spectral_energyband_middle_low": {"dvar": 1.93679643417e-05, "mean": 0.00619592377916, "min": 2.07900340956e-22, "median": 0.00439739599824, "dvar2": 5.05933203385e-05, "var": 4.66003111796e-05, "dmean2": 0.00333044002764, "max": 0.111622340977, "dmean": 0.00207865820266}, "erbbands_crest": {"dvar": 6.62960100174, "mean": 10.4809532166, "min": 2.34579110146, "median": 9.14233589172, "dvar2": 17.1498126984, "var": 26.7526531219, "dmean2": 4.3566236496, "max": 32.5132331848, "dmean": 2.67594385147}, "dynamic_complexity": 4.86054849625, "spectral_energyband_low": {"dvar": 4.0874867409e-05, "mean": 0.00529982335865, "min": 9.79704154896e-23, "median": 0.0031402495224, "dvar2": 9.80391341727e-05, "var": 5.04107010784e-05, "dmean2": 0.00559377670288, "max": 0.0803546532989, "dmean": 0.00336077809334}, "silence_rate_60dB": {"dvar": 0.0220696926117, "mean": 0.115555793047, "min": 0, "median": 0, "dvar2": 0.0535799786448, "var": 0.102162383497, "dmean2": 0.0451462492347, "max": 1, "dmean": 0.0225719287992}, "erbbands_kurtosis": {"dvar": 3.68533492088, "mean": 1.28759896755, "min": -1.79929816723, "median": 0.407401680946, "dvar2": 7.94053936005, "var": 13.9476461411, "dmean2": 1.56008923054, "max": 103.307876587, "dmean": 0.995590806007}, "spectral_complexity": {"dvar": 4.04675865173, "mean": 17.6971492767, "min": 0, "median": 14, "dvar2": 11.1197557449, "var": 139.233184814, "dmean2": 3.48632884026, "max": 52, "dmean": 2.06485462189}, "barkbands_crest": {"dvar": 5.53674650192, "mean": 9.63200855255, "min": 2.55390310287, "median": 8.66883659363, "dvar2": 15.9496412277, "var": 18.5496673584, "dmean2": 4.26162338257, "max": 26.039691925, "dmean": 2.50301980972}, "spectral_energy": {"dvar": 7.03319092281e-05, "mean": 0.0191761087626, "min": 1.05276964848e-20, "median": 0.0128360446543, "dvar2": 0.000172647414729, "var": 0.00035436192411, "dmean2": 0.0084533682093, "max": 0.14735339582, "dmean": 0.00525132101029}, "spectral_spread": {"dvar": 228739497984, "mean": 4107172.5, "min": 934612.1875, "median": 3811326, "dvar2": 470821470208, "var": 3075428057090.0, "dmean2": 535222.5625, "max": 40746224, "dmean": 343136.3125}, "spectral_contrast_valleys": {"dvar": [0.0949102714658, 0.0665644109249, 0.0550832226872, 0.0478140823543, 0.0269031208009, 0.0784211456776], "mean": [-7.3258266449, -7.19707012177, -7.63589525223, -7.96351051331, -7.93814897537, -10.6606388092], "min": [-27.5260715485, -27.6556491852, -27.4962215424, -27.1958732605, -27.2776660919, -27.3390293121], "median": [-7.18979072571, -7.03865337372, -7.4896402359, -7.82238960266, -7.78300476074, -10.5733070374], "dvar2": [0.259365826845, 0.175141707063, 0.145109206438, 0.116571120918, 0.0605127923191, 0.166888341308], "var": [0.908890545368, 1.01783394814, 1.28910124302, 1.75283169746, 1.16955256462, 0.982060909271], "dmean2": [0.632135987282, 0.506355404854, 0.43978947401, 0.363309860229, 0.256948173046, 0.304579466581], "max": [-5.09141778946, -4.98716926575, -5.12619638443, -5.44629335403, -5.9539604187, -8.3392457962], "dmean": [0.370775282383, 0.305756181479, 0.261314332485, 0.219874158502, 0.155759468675, 0.199664786458]}, "spectral_rms": {"dvar": 4.18365061705e-07, "mean": 0.00386351509951, "min": 3.20482811296e-12, "median": 0.0035387808457, "dvar2": 1.00758393273e-06, "var": 3.78165805159e-06, "dmean2": 0.000853120523971, "max": 0.0119899706915, "dmean": 0.000531611964107}, "barkbands_spread": {"dvar": 21.8040752411, "mean": 22.3627796173, "min": 0.175064846873, "median": 20.4534797668, "dvar2": 52.2615776062, "var": 159.17539978, "dmean2": 6.82403802872, "max": 128.624298096, "dmean": 4.25804328918}, "pitch_salience": {"dvar": 0.00298184040003, "mean": 0.53354626894, "min": 0.120728515089, "median": 0.541022539139, "dvar2": 0.00837670825422, "var": 0.0105058671907, "dmean2": 0.102944739163, "max": 0.980380475521, "dmean": 0.0615862868726}, "erbbands_skewness": {"dvar": 0.083414979279, "mean": 0.239015221596, "min": -4.6594004631, "median": 0.142078101635, "dvar2": 0.200617671013, "var": 0.768774092197, "dmean2": 0.487620919943, "max": 7.0139093399, "dmean": 0.310548603535}, "spectral_energyband_middle_high": {"dvar": 1.19292380987e-05, "mean": 0.00812801718712, "min": 1.32838128085e-21, "median": 0.00267560733482, "dvar2": 2.93638313451e-05, "var": 0.000135509573738, "dmean2": 0.00298893474974, "max": 0.115689083934, "dmean": 0.00189976429101}, "erbbands": {"dvar": [0.0202593002468, 1.32882344723, 8.61927509308, 17.4027690887, 100.132331848, 78.6113128662, 25.0698051453, 31.5979633331, 30.7264575958, 94.5096969604, 583.61328125, 865.609008789, 861.475341797, 4491.06738281, 1901.07312012, 4939.70751953, 5089.52441406, 4586.2265625, 3285.94213867, 1238.00439453, 1072.26501465, 236.663864136, 81.2481994629, 208.494522095, 31.790063858, 21.795343399, 14.8963861465, 49.3419380188, 7.41663694382, 3.35714244843, 2.30379843712, 2.0061841011, 0.67400431633, 0.117194443941, 0.0192253217101, 0.00299774529412, 0.000639465113636, 5.06255710206e-05, 6.80649691276e-07, 1.739736466e-09], "mean": [0.0924848467112, 0.769009828568, 1.47132706642, 2.64118719101, 4.05136680603, 5.09193754196, 5.3767786026, 8.81250572205, 8.91897201538, 8.93532562256, 20.3687877655, 27.0783500671, 31.8988361359, 66.0666122437, 38.1601448059, 54.8922042847, 54.5972824097, 49.8307914734, 46.6681404114, 35.8472938538, 33.4757118225, 18.0118789673, 12.9181871414, 17.3279800415, 8.86886978149, 6.72753715515, 3.9707596302, 2.69853711128, 1.71238040924, 1.3317387104, 1.05109012127, 0.872837424278, 0.577081739902, 0.285328537226, 0.124432422221, 0.0383043251932, 0.0104153044522, 0.00264563923702, 0.000274704478215, 3.41591439792e-05], "min": [5.72524700315e-22, 9.52957867556e-21, 3.159582432e-20, 2.75683562345e-20, 2.47395584827e-20, 1.31724286173e-19, 1.71572019048e-19, 1.2584463468e-19, 2.7458459474e-19, 3.36118974098e-19, 4.04336843559e-19, 6.84410686392e-19, 1.12024325896e-18, 1.43909367454e-18, 4.15196070641e-18, 3.17389242396e-18, 3.44659236522e-18, 5.46113946189e-18, 6.94115458852e-18, 7.93186384509e-18, 5.62127914694e-18, 9.60839020189e-18, 5.55649684291e-18, 9.38189160656e-18, 1.09196972931e-17, 1.76516173729e-17, 1.32241910468e-17, 1.28545935142e-17, 1.68672549375e-17, 1.9671868707e-17, 1.37809530822e-17, 1.22286576729e-17, 1.47517289404e-17, 1.21525082529e-17, 8.45441120884e-18, 5.04117448823e-18, 3.09274972818e-18, 1.1964638165e-18, 3.19892533914e-19, 3.47216849249e-20], "median": [0.0374072492123, 0.444892704487, 0.689775466919, 1.38889336586, 1.70815896988, 2.60422134399, 2.62835335732, 4.64562225342, 5.34691905975, 3.49300909042, 3.50784373283, 6.53380966187, 9.37755584717, 17.4268417358, 6.95384216309, 6.48784351349, 6.74026823044, 10.9150438309, 10.5015354156, 7.65988636017, 8.54246330261, 4.37288093567, 3.69720888138, 4.17705726624, 3.69460177422, 3.18645381927, 2.00903511047, 1.46877026558, 0.434963166714, 0.481589525938, 0.327606320381, 0.294044911861, 0.193661600351, 0.0920397490263, 0.0341278873384, 0.00882283598185, 0.00200363015756, 0.000513286911882, 6.44628889859e-05, 2.07544908335e-05], "dvar2": [0.045861247927, 3.45019936562, 23.9373149872, 47.4124794006, 268.133331299, 215.268753052, 65.053894043, 65.9482803345, 71.1470565796, 204.216934204, 962.230102539, 1798.12744141, 1886.80883789, 10484.5878906, 4527.94384766, 12336.5224609, 12627.2119141, 11156.3183594, 8385.51269531, 3296.01538086, 2941.83300781, 656.334960938, 225.150115967, 573.682189941, 86.3918838501, 59.8334846497, 38.9648628235, 131.090194702, 19.3720359802, 8.17417144775, 5.5453286171, 5.31800937653, 1.73539078236, 0.26865786314, 0.0442584492266, 0.00702820951119, 0.0016490923008, 0.00012948641961, 1.78906373094e-06, 4.73125272293e-09], "var": [0.0272708144039, 1.29105234146, 7.10754537582, 16.7103443146, 87.339050293, 88.2580871582, 59.9185638428, 157.150848389, 115.038627625, 408.184967041, 4460.52539062, 3740.09375, 4059.17895508, 14641.1396484, 6837.67431641, 22317.7246094, 17232.3261719, 18454.3144531, 10655.65625, 3823.99487305, 2930.43554688, 887.053649902, 405.314788818, 851.648193359, 155.298553467, 97.9431304932, 40.0701713562, 56.0839309692, 20.292142868, 9.14143276215, 7.13882446289, 5.77742624283, 2.5556614399, 0.534673988819, 0.0986552163959, 0.0099917082116, 0.000957512762398, 7.65345175751e-05, 8.2998428752e-07, 2.31762875558e-09], "dmean2": [0.124033607543, 1.02781307697, 2.01024699211, 3.3958158493, 5.19107198715, 5.08881187439, 4.02367353439, 5.11391019821, 5.59558010101, 5.51638746262, 10.8324747086, 16.9778556824, 19.3702774048, 48.3325386047, 25.0505199432, 37.3072280884, 39.990776062, 36.3411712646, 35.9775848389, 25.7527046204, 25.988861084, 11.8280344009, 7.48754167557, 10.9412002563, 5.05907201767, 3.95516848564, 2.68979144096, 2.01593828201, 1.47045624256, 1.04972910881, 0.797238647938, 0.659609019756, 0.398844271898, 0.177790254354, 0.0785655006766, 0.0284164771438, 0.0111696096137, 0.00322273280472, 0.000337512872647, 2.18897548621e-05], "max": [1.75322878361, 13.6891641617, 43.8673858643, 60.8213729858, 226.762496948, 207.236862183, 126.647956848, 200.337921143, 170.630569458, 619.475158691, 2408.6418457, 848.491333008, 1366.52966309, 1554.29980469, 1490.23425293, 2501.05297852, 2408.28271484, 2488.51831055, 2568.48364258, 1254.58325195, 932.71295166, 375.042449951, 290.888671875, 391.452575684, 160.517929077, 132.164321899, 111.875038147, 773.438659668, 90.6915206909, 68.1144866943, 49.3117637634, 72.2674331665, 34.2841835022, 16.1181697845, 6.2871260643, 3.24313855171, 1.11187899113, 0.244879707694, 0.0364857278764, 0.00237461412326], "dmean": [0.0748000591993, 0.591722905636, 1.16910922527, 1.98364663124, 3.0473587513, 3.10256695747, 2.57497048378, 3.48188471794, 3.69313931465, 3.65718102455, 7.58168411255, 11.5715913773, 12.703037262, 31.215959549, 16.1174106598, 23.3301067352, 24.8030929565, 22.3707752228, 21.833278656, 15.4549074173, 15.5472383499, 7.08604240417, 4.47030258179, 6.52266120911, 3.00929164886, 2.37937140465, 1.62445580959, 1.2107077837, 0.889169216156, 0.642041563988, 0.494357645512, 0.404126822948, 0.244511991739, 0.115005746484, 0.0504005104303, 0.0183966699988, 0.00694176182151, 0.001955288928, 0.000202544018975, 1.33608609758e-05]}, "dissonance": {"dvar": 0.000373438262613, "mean": 0.460608929396, "min": 0.150728181005, "median": 0.470158547163, "dvar2": 0.00106155627873, "var": 0.00114240392577, "dmean2": 0.0322703234851, "max": 0.500000059605, "dmean": 0.018975796178}, "erbbands_flatness_db": {"dvar": 0.000241577406996, "mean": 0.173517853022, "min": 0.0379307344556, "median": 0.172440394759, "dvar2": 0.000548845622689, "var": 0.00305994949304, "dmean2": 0.0247271321714, "max": 0.466950029135, "dmean": 0.0159916672856}, "melbands_kurtosis": {"dvar": 118.85836792, "mean": 9.69218635559, "min": -1.89781010151, "median": 3.38155508041, "dvar2": 289.094940186, "var": 309.247192383, "dmean2": 8.18485736847, "max": 349.846099854, "dmean": 4.99918556213}, "melbands_spread": {"dvar": 38.3604240417, "mean": 26.1550235748, "min": 0.436187505722, "median": 24.9241218567, "dvar2": 104.177322388, "var": 234.078872681, "dmean2": 9.11869525909, "max": 196.025253296, "dmean": 5.57103300095}, "melbands_skewness": {"dvar": 0.457612901926, "mean": 2.03210783005, "min": -1.86859023571, "median": 1.70729863644, "dvar2": 1.13117229939, "var": 2.84858036041, "dmean2": 0.999125301838, "max": 16.4771518707, "dmean": 0.620012223721}, "spectral_entropy": {"dvar": 0.0128440735862, "mean": 7.4735622406, "min": 3.90636324883, "median": 7.52764034271, "dvar2": 0.0283076502383, "var": 0.25156262517, "dmean2": 0.16285328567, "max": 9.81139469147, "dmean": 0.104376554489}, "zerocrossingrate": {"dvar": 4.6469787776e-05, "mean": 0.056312199682, "min": 0.00439453125, "median": 0.0537109375, "dvar2": 6.15021199337e-05, "var": 0.000816617452074, "dmean2": 0.0080068865791, "max": 0.52099609375, "dmean": 0.00648330291733}, "average_loudness": 0.190821394324, "spectral_contrast_coeffs": {"dvar": [0.0015368781751, 0.000980260316283, 0.000831488112453, 0.000516099680681, 0.000236706939177, 0.000129987514811], "mean": [-0.691055059433, -0.718878149986, -0.727707982063, -0.76119440794, -0.78136408329, -0.777678668499], "min": [-0.968103706837, -0.966489553452, -0.965000152588, -0.985208690166, -0.961003124714, -0.960740029812], "median": [-0.697309851646, -0.730103611946, -0.734663844109, -0.761670231819, -0.781147658825, -0.778253674507], "dvar2": [0.00430147582665, 0.00261822203174, 0.00223999307491, 0.00143667578232, 0.000646696076728, 0.000352834904334], "var": [0.00408637383953, 0.00608633598313, 0.00555089628324, 0.00321228243411, 0.00148689153139, 0.00131395913195], "dmean2": [0.0770887658, 0.0638151913881, 0.0603184252977, 0.0476791113615, 0.0323021039367, 0.0223426055163], "max": [-0.369253218174, -0.320171833038, -0.44411611557, -0.512774050236, -0.650288045406, -0.641384184361], "dmean": [0.0456510856748, 0.0392043031752, 0.0365505926311, 0.0283679887652, 0.0193029660732, 0.0133539941162]}, "barkbands_flatness_db": {"dvar": 0.000259071908658, "mean": 0.138154298067, "min": 0.0250123981386, "median": 0.128841072321, "dvar2": 0.00066124991281, "var": 0.00313121592626, "dmean2": 0.0274018254131, "max": 0.504349946976, "dmean": 0.0168077591807}, "silence_rate_30dB": {"dvar": 0.00200945441611, "mean": 0.997244894505, "min": 0, "median": 1, "dvar2": 0.0045406408608, "var": 0.00274754757993, "dmean2": 0.00402713008225, "max": 1, "dmean": 0.00201345840469}, "spectral_energyband_high": {"dvar": 5.05138082474e-08, "mean": 0.000295542209642, "min": 7.91644400294e-21, "median": 0.000149219093146, "dvar2": 1.13569115001e-07, "var": 2.51400706475e-07, "dmean2": 0.000142193588545, "max": 0.0153366643935, "dmean": 9.20475940802e-05}, "melbands_flatness_db": {"dvar": 0.000406971754273, "mean": 0.205456733704, "min": 0.00544726103544, "median": 0.193240851164, "dvar2": 0.00102137494832, "var": 0.00471830461174, "dmean2": 0.0339415371418, "max": 0.603184342384, "dmean": 0.0206669345498}, "barkbands": {"dvar": [2.40195312529e-08, 2.19294979615e-05, 7.7432314356e-06, 2.3154855171e-06, 9.05956221686e-06, 3.68468136003e-07, 1.76286988562e-07, 7.73958788614e-07, 1.54145868692e-06, 3.23436006511e-06, 9.95224581857e-07, 2.82942323793e-06, 2.3657089514e-06, 1.84532780168e-06, 9.76510591499e-07, 4.70415074005e-07, 8.4655717103e-08, 4.81863544621e-08, 3.5798986886e-08, 9.78989955769e-09, 1.67078084701e-08, 3.41026207273e-09, 3.51463458337e-09, 3.07762859642e-09, 4.90423923694e-10, 1.49857001808e-10, 2.8091603696e-11], "mean": [0.000119173782878, 0.00338992825709, 0.00122351874597, 0.000952672329731, 0.00149126863107, 0.00101877911948, 0.000522542512044, 0.000745752302464, 0.00117606774438, 0.00183922215365, 0.000735985406209, 0.00131052581128, 0.00104743905831, 0.000916620367207, 0.000821039546281, 0.000684143626131, 0.000299477949739, 0.000266367656877, 0.000246107782004, 0.000134009082103, 8.44205860631e-05, 4.2294504965e-05, 4.09131062042e-05, 3.87543404941e-05, 2.08052606467e-05, 6.65722382109e-06, 1.62937919868e-06], "min": [1.72541708228e-23, 4.02618734143e-23, 3.24630241114e-23, 4.68544802403e-24, 3.18416352209e-23, 1.59012617486e-23, 2.03285668743e-23, 1.30158775589e-23, 2.43751503722e-23, 3.67676771435e-23, 4.69086986503e-23, 8.17701912351e-23, 6.87238896777e-23, 9.69312647964e-23, 2.0329646036e-22, 8.07262695112e-23, 1.60507407927e-22, 1.00707327379e-22, 1.94022270771e-22, 3.81737970946e-22, 3.06883123733e-22, 5.23344511398e-22, 4.96740082706e-22, 7.29897578902e-22, 1.15273979734e-21, 1.74315510568e-21, 2.17483897811e-21], "median": [1.98018933588e-05, 0.00188972486649, 0.000500405265484, 0.000455270055681, 0.000754149921704, 0.000567160430364, 0.000275739235803, 0.000123722958961, 0.000288840965368, 0.000516004802193, 9.11692768568e-05, 0.000150735650095, 0.000109685024654, 0.00015890278155, 0.000185342039913, 0.000159781484399, 6.88136933604e-05, 7.744517643e-05, 6.15382377873e-05, 6.53468523524e-05, 4.42873351858e-05, 1.11436547741e-05, 1.35840491566e-05, 1.27479752337e-05, 6.39695917926e-06, 1.49568234065e-06, 3.25992061789e-07], "dvar2": [4.26342694482e-08, 5.3417050367e-05, 2.16579992411e-05, 6.21872322881e-06, 2.45396659011e-05, 8.16052647679e-07, 4.08347631264e-07, 1.35699406201e-06, 3.10312316287e-06, 7.51591915105e-06, 2.24135010285e-06, 6.97287259754e-06, 5.64774154554e-06, 4.61903573523e-06, 2.43650629272e-06, 1.28168994706e-06, 2.32498820196e-07, 1.31636241463e-07, 9.84737411613e-08, 2.7108802314e-08, 4.35869900173e-08, 8.60515925183e-09, 8.42777581056e-09, 7.81737252709e-09, 1.09151288008e-09, 3.66296715182e-10, 7.47040276861e-11], "var": [5.99784399924e-08, 2.53978796536e-05, 6.15885301158e-06, 2.53404937212e-06, 8.57857230585e-06, 1.81423627055e-06, 5.77470189e-07, 5.93309050601e-06, 6.9376819738e-06, 1.13807800517e-05, 3.94832750317e-06, 1.30307380459e-05, 7.77660898166e-06, 6.45690079182e-06, 3.1378112908e-06, 1.26875079332e-06, 2.7056657359e-07, 1.80418339824e-07, 1.62312332463e-07, 3.47063426887e-08, 2.64911417247e-08, 1.06916546727e-08, 1.0501729264e-08, 1.21471348535e-08, 2.59827293014e-09, 3.37617628299e-10, 3.21708076845e-11], "dmean2": [0.000107270447188, 0.00429230043665, 0.00183633319102, 0.00128961307928, 0.00155546946917, 0.000585145433433, 0.000375660951249, 0.000403580954298, 0.00075856881449, 0.0013261991553, 0.000520794477779, 0.000934309151489, 0.000809745979495, 0.000740436778869, 0.000656481832266, 0.000540407199878, 0.000220751579036, 0.000175412365934, 0.000151037122123, 8.32622972666e-05, 5.93285294599e-05, 3.53990944859e-05, 3.0855237128e-05, 2.59602693404e-05, 1.252382026e-05, 6.01944429945e-06, 2.17361366595e-06], "max": [0.00208671018481, 0.0559210851789, 0.0385168641806, 0.0344860553741, 0.0709389597178, 0.0200600996614, 0.012495893985, 0.0791684910655, 0.0364820994437, 0.0710715949535, 0.0291486661881, 0.0787223279476, 0.0678598955274, 0.0452846251428, 0.0513286292553, 0.0161867365241, 0.00726082082838, 0.00767399417236, 0.0056258183904, 0.00402751006186, 0.0126548465341, 0.00212772516534, 0.00209638732485, 0.00259104883298, 0.000905595778022, 0.000504333875142, 0.000237151631154], "dmean": [7.25499121472e-05, 0.00251693674363, 0.00106984050944, 0.000749478989746, 0.000939052144531, 0.000393216236262, 0.000246327021159, 0.000279582221992, 0.000517407490406, 0.00085555104306, 0.000339057849487, 0.000585702422541, 0.0005030145403, 0.000453643122455, 0.000396321993321, 0.000324790191371, 0.000132653512992, 0.000104755061329, 9.04868793441e-05, 5.00490350532e-05, 3.57826502295e-05, 2.14888041228e-05, 1.91207418538e-05, 1.61984353326e-05, 8.12405414763e-06, 3.84650320484e-06, 1.29303396079e-06]}, "erbbands_spread": {"dvar": 43.9490127563, "mean": 31.6021652222, "min": 0.845713734627, "median": 24.5850982666, "dvar2": 101.476097107, "var": 412.70916748, "dmean2": 9.13104152679, "max": 143.161819458, "dmean": 5.7889418602}, "barkbands_kurtosis": {"dvar": 33.9500160217, "mean": 3.42202448845, "min": -1.892111063, "median": 0.584523200989, "dvar2": 74.1597900391, "var": 111.651283264, "dmean2": 3.55355787277, "max": 217.008300781, "dmean": 2.20910692215}, "spectral_flux": {"dvar": 0.000403395533795, "mean": 0.0605915598571, "min": 6.74393804689e-11, "median": 0.0500300303102, "dvar2": 0.000829010969028, "var": 0.0016352845123, "dmean2": 0.022817036137, "max": 0.300636082888, "dmean": 0.0144491959363}, "silence_rate_20dB": {"dvar": 0, "mean": 1, "min": 1, "median": 1, "dvar2": 0, "var": 0, "dmean2": 0, "max": 1, "dmean": 0}, "gfcc": {"cov": [[7934.46484375, -397.095123291, -1443.50866699, -113.347747803, 620.662902832, 354.485870361, 262.036468506, 261.269287109, -128.718933105, -6.34253978729, -215.109542847, -82.9752120972, -163.689224243], [-397.095123291, 1278.30297852, -452.105224609, -335.256225586, 358.417205811, -184.073150635, 82.0889205933, -19.4990940094, 20.0282821655, -146.590530396, 178.435760498, -176.167114258, 64.1075057983], [-1443.50866699, -452.105224609, 1095.59875488, 372.881500244, -424.070220947, 94.216835022, -80.510887146, -52.9402389526, 30.3740634918, 76.5715026855, -54.9566307068, 126.89263916, -14.907957077], [-113.347747803, -335.256225586, 372.881500244, 505.041534424, -119.864120483, 133.395874023, -29.3797187805, 6.92675733566, 53.1724853516, 53.6378936768, -74.9075698853, 64.3073730469, 35.0339660645], [620.662902832, 358.417205811, -424.070220947, -119.864120483, 516.853820801, -7.27236223221, 63.6924972534, 30.6228847504, 12.0063877106, -41.985118866, 22.4924545288, -72.5113220215, 5.24008321762], [354.485870361, -184.073150635, 94.216835022, 133.395874023, -7.27236223221, 287.213317871, 83.7050552368, 13.9739379883, -17.5383300781, 28.7632656097, -28.770942688, -4.72184801102, -5.48529481888], [262.036468506, 82.0889205933, -80.510887146, -29.3797187805, 63.6924972534, 83.7050552368, 190.495071411, 48.5415802002, -20.0192642212, -17.1424865723, 27.1468257904, -25.0906772614, -10.1676969528], [261.269287109, -19.4990940094, -52.9402389526, 6.92675733566, 30.6228847504, 13.9739379883, 48.5415802002, 104.590827942, 22.0221843719, 5.67709159851, -0.7545388937, 0.698707818985, -8.33843898773], [-128.718933105, 20.0282821655, 30.3740634918, 53.1724853516, 12.0063877106, -17.5383300781, -20.0192642212, 22.0221843719, 119.380874634, 33.1848526001, -13.7200393677, 4.85387420654, 8.00431537628], [-6.34253978729, -146.590530396, 76.5715026855, 53.6378936768, -41.985118866, 28.7632656097, -17.1424865723, 5.67709159851, 33.1848526001, 95.6097793579, 5.85418128967, 20.6761245728, -11.4868717194], [-215.109542847, 178.435760498, -54.9566307068, -74.9075698853, 22.4924545288, -28.770942688, 27.1468257904, -0.7545388937, -13.7200393677, 5.85418128967, 117.204788208, -3.8334107399, 10.9981641769], [-82.9752120972, -176.167114258, 126.89263916, 64.3073730469, -72.5113220215, -4.72184801102, -25.0906772614, 0.698707818985, 4.85387420654, 20.6761245728, -3.8334107399, 102.34046936, 20.4009017944], [-163.689224243, 64.1075057983, -14.907957077, 35.0339660645, 5.24008321762, -5.48529481888, -10.1676969528, -8.33843898773, 8.00431537628, -11.4868717194, 10.9981641769, 20.4009017944, 87.8148498535]], "mean": [-34.8056411743, 106.122787476, -122.171043396, 29.1595840454, -48.7572517395, 16.5309352875, -31.1216583252, 9.24796485901, -22.4869232178, 0.344476610422, -9.59489154816, -3.73591971397, -1.95166647434], "icov": [[0.000268006930128, -2.13581915887e-05, 0.000471968203783, -0.000144880832522, -5.06034557475e-05, -0.000297830556519, -3.18315469485e-05, -0.000369661807781, 0.000372836540919, -0.000233003273024, 0.000583316315897, -0.00042907326133, 0.000560880231205], [-2.13581915887e-05, 0.0028154051397, -0.000377916701837, 0.000571756332647, -0.00104627222754, 0.00100448657759, -0.000560245651286, 0.000803422764875, -0.00196933676489, 0.00321530480869, -0.00362532353029, 0.00382423470728, -0.00208510481752], [0.000471968203783, -0.000377916701837, 0.00276903063059, -0.00133328419179, 0.00115203077439, -0.000885700399522, 7.25098507246e-05, 0.00013433060667, 0.000477034191135, -0.000690143497195, 0.00122868642211, -0.00237038708292, 0.00231777830049], [-0.000144880832522, 0.000571756332647, -0.00133328419179, 0.0038439903874, -0.000355341966497, -0.000963017810136, 0.000295276811812, -0.000265839567874, -0.00143219181336, 4.22141711169e-05, 0.000538463355042, 0.000463671807665, -0.00251647294499], [-5.06034557475e-05, -0.00104627222754, 0.00115203077439, -0.000355341966497, 0.00343080167659, -0.000554589612875, -0.000154777051648, -0.000179007736733, -0.000230116420425, -0.000413402827689, 0.000954578979872, -0.000696327013429, 0.000741654541343], [-0.000297830556519, 0.00100448657759, -0.000885700399522, -0.000963017810136, -0.000554589612875, 0.00614420929924, -0.0030014635995, 0.00104351411574, 0.000632974086329, -0.000924022227991, -0.000421615783125, 0.00281128589995, -0.00166505598463], [-3.18315469485e-05, -0.000560245651286, 7.25098507246e-05