{"lowlevel": {"spectral_strongpeak": {"max": 12.8951854706, "dmean": 0.636829733849, "dvar2": 2.8672478199, "dmean2": 1.08615159988, "var": 2.75684142113, "median": 0.525011479855, "min": 0, "dvar": 1.19453918934, "mean": 1.28010523319}, "barkbands_flatness_db": {"max": 0.788225233555, "dmean": 0.0250301901251, "dvar2": 0.00147076521534, "dmean2": 0.0370579063892, "var": 0.00386938732117, "median": 0.160669371486, "min": 0.0424139983952, "dvar": 0.000646076048724, "mean": 0.173942834139}, "barkbands_skewness": {"max": 14.7801589966, "dmean": 0.550806641579, "dvar2": 0.910750687122, "dmean2": 0.834037959576, "var": 2.18084073067, "median": 1.17123258114, "min": -3.10560870171, "dvar": 0.41025224328, "mean": 1.45195114613}, "spectral_energyband_middle_high": {"max": 0.0871069207788, "dmean": 0.00228496314958, "dvar2": 2.53988673649e-05, "dmean2": 0.00337028107606, "var": 7.96736421762e-05, "median": 0.00487952725962, "min": 1.10054694231e-21, "dvar": 1.23880136016e-05, "mean": 0.00771297561005}, "erbbands_kurtosis": {"max": 99.5291366577, "dmean": 1.94834673405, "dvar2": 38.8110313416, "dmean2": 3.03413462639, "var": 42.5806274414, "median": 1.47002911568, "min": -1.71838581562, "dvar": 16.4755954742, "mean": 3.05137324333}, "erbbands_crest": {"max": 34.3747215271, "dmean": 3.04869556427, "dvar2": 19.4189243317, "dmean2": 4.83589267731, "var": 33.3572158813, "median": 10.8999032974, "min": 2.40088820457, "dvar": 8.31684494019, "mean": 12.2606153488}, "dynamic_complexity": 2.61912918091, "barkbands_crest": {"max": 26.281993866, "dmean": 2.4421415329, "dvar2": 12.6007680893, "dmean2": 3.91927886009, "var": 17.0341529846, "median": 10.5165300369, "min": 3.49131321907, "dvar": 5.15836238861, "mean": 11.2403678894}, "dissonance": {"max": 0.500000119209, "dmean": 0.0331462658942, "dvar2": 0.00261524133384, "dmean2": 0.0561666190624, "var": 0.00232754461467, "median": 0.441049516201, "min": 0.181016951799, "dvar": 0.000966525345575, "mean": 0.430842787027}, "spectral_energyband_low": {"max": 0.0957404822111, "dmean": 0.00462137581781, "dvar2": 0.000142833188875, "dmean2": 0.00710187992081, "var": 0.000148386519868, "median": 0.00724934414029, "min": 1.24717757379e-23, "dvar": 5.79273255426e-05, "mean": 0.0115976324305}, "spectral_contrast_coeffs": {"max": [-0.294605791569, -0.361620545387, -0.407842427492, -0.468748629093, -0.479030609131, -0.609482824802], "dmean": [0.0512634813786, 0.0504420623183, 0.0435323603451, 0.0358952879906, 0.0263595152646, 0.0216347612441], "dvar2": [0.00537640089169, 0.00490369927138, 0.00333231175318, 0.00227061589248, 0.0014360549394, 0.000915725016966], "dmean2": [0.0838378146291, 0.0819768384099, 0.0702117234468, 0.0571456626058, 0.0411055758595, 0.0339349061251], "var": [0.0112252067775, 0.00945695862174, 0.010265301913, 0.00770579790697, 0.00685375975445, 0.00212572119199], "median": [-0.635431349277, -0.689346432686, -0.716065585613, -0.732650458813, -0.790652275085, -0.793107092381], "min": [-0.977852404118, -0.980680942535, -0.976690292358, -0.975847423077, -0.970235526562, -0.965479135513], "dvar": [0.00206483644433, 0.0019336148398, 0.00139344402123, 0.00095505756326, 0.000645034888294, 0.000392089830711], "mean": [-0.627203404903, -0.685336470604, -0.70219296217, -0.730486035347, -0.771108806133, -0.796846449375]}, "silence_rate_60dB": {"max": 1, "dmean": 0.0120860524476, "dvar2": 0.0276984069496, "dmean2": 0.0241750273854, "var": 0.0417221561074, "median": 0, "min": 0, "dvar": 0.0119392927736, "mean": 0.0436253771186}, "mfcc": {"icov": [[0.000141647251439, -0.000142256190884, 0.000270498247119, -2.68455587502e-05, -0.000135941663757, -8.67990274855e-06, -3.95774732169e-05, -0.000149137238623, 2.83764911728e-05, -0.000145611076732, 0.000128474275698, 3.94683920604e-05, 0.000120730459457], [-0.000142256190884, 0.00114278949331, -0.000715286238119, -2.98890936392e-05, 8.46571274451e-05, -0.000358266814146, -6.81614255882e-05, 0.000176634741365, 0.000270499993348, 0.000184434480616, -0.000505590985995, -5.22701157024e-05, -0.000221364403842], [0.000270498247119, -0.000715286238119, 0.00210711383261, -0.00060662283795, -0.000228555567446, -0.000833358324599, 0.00075277016731, -0.000301334424876, 0.000383676553611, -0.000140094431117, -0.000199410074856, 0.000136011876748, -0.000498501758557], [-2.68455587502e-05, -2.98890936392e-05, -0.00060662283795, 0.00327850482427, -0.000912023184355, 5.50088661839e-05, 0.000248168566031, -0.000534858671017, -0.000517214590218, 5.83736909903e-05, 0.00147148931865, -0.000282685476122, -0.000746247416828], [-0.000135941663757, 8.46571274451e-05, -0.000228555567446, -0.000912023184355, 0.00558289000764, 0.000183658718015, 0.000334046781063, -0.00124749762472, -0.00163975171745, -0.000166899568285, -0.000607663940173, -0.000479107751744, -0.000824051036034], [-8.67990274855e-06, -0.000358266814146, -0.000833358324599, 5.50088661839e-05, 0.000183658718015, 0.00578315928578, -0.0027383393608, -0.000848776020575, 0.000187659432413, -0.000414165609982, -0.00117559102364, 0.000147435232066, 0.000874494144227], [-3.95774732169e-05, -6.81614255882e-05, 0.00075277016731, 0.000248168566031, 0.000334046781063, -0.0027383393608, 0.00570222875103, 0.000104535421997, -0.000629243557341, 0.000180730319698, 0.000289038114715, -0.00137493095826, 0.000495244225021], [-0.000149137238623, 0.000176634741365, -0.000301334424876, -0.000534858671017, -0.00124749762472, -0.000848776020575, 0.000104535421997, 0.00807978212833, -0.00145944359247, -0.000768595491536, -0.00199223845266, 0.00389365875162, -0.00194501690567], [2.83764911728e-05, 0.000270499993348, 0.000383676553611, -0.000517214590218, -0.00163975171745, 0.000187659432413, -0.000629243557341, -0.00145944359247, 0.010438952595, -0.00301739224233, -0.00044403175707, -0.000452923588455, -0.000354399351636], [-0.000145611076732, 0.000184434480616, -0.000140094431117, 5.83736909903e-05, -0.000166899568285, -0.000414165609982, 0.000180730319698, -0.000768595491536, -0.00301739224233, 0.0105575025082, -0.00373592507094, -0.00154805358034, 7.68484533182e-05], [0.000128474275698, -0.000505590985995, -0.000199410074856, 0.00147148931865, -0.000607663940173, -0.00117559102364, 0.000289038114715, -0.00199223845266, -0.00044403175707, -0.00373592507094, 0.0130750890821, -0.00357196759433, -0.0010465986561], [3.94683920604e-05, -5.22701157024e-05, 0.000136011876748, -0.000282685476122, -0.000479107751744, 0.000147435232066, -0.00137493095826, 0.00389365875162, -0.000452923588455, -0.00154805358034, -0.00357196759433, 0.0131967226043, -0.0041037411429], [0.000120730459457, -0.000221364403842, -0.000498501758557, -0.000746247416828, -0.000824051036034, 0.000874494144227, 0.000495244225021, -0.00194501690567, -0.000354399351636, 7.68484533182e-05, -0.0010465986561, -0.0041037411429, 0.0127438604832]], "cov": [[10846.5810547, 328.688568115, -1401.52893066, -96.4561157227, 210.3019104, -5.58162879944, 254.233139038, 182.708908081, 109.638237, 134.127700806, -66.7725143433, -85.6828231812, -156.366149902], [328.688568115, 1385.35620117, 570.626220703, 108.544487, 50.7737083435, 197.837890625, 24.783082962, 54.0619850159, -21.1320533752, 33.4863929749, 99.1418685913, 37.8220062256, 66.1546630859], [-1401.52893066, 570.626220703, 1056.46057129, 215.219299316, 78.0611953735, 150.543899536, -94.1571502686, 77.9030303955, -8.49324607849, 27.2464599609, 81.3371963501, 25.089466095, 101.742500305], [-96.4561157227, 108.544487, 215.219299316, 413.693603516, 108.848922729, 4.75022315979, -50.6935806274, 66.1805419922, 38.2190093994, 11.8947896957, -11.4192123413, 3.2759039402, 55.3342437744], [210.3019104, 50.7737083435, 78.0611953735, 108.848922729, 259.850006104, 9.7611579895, -20.9209938049, 85.1628189087, 70.6460189819, 50.3588485718, 40.7786254883, 17.7167205811, 48.9757270813], [-5.58162879944, 197.837890625, 150.543899536, 4.75022315979, 9.7611579895, 280.487701416, 116.776306152, 42.9276771545, 12.6698207855, 36.0301094055, 54.5444068909, 16.4159049988, 2.95471906662], [254.233139038, 24.783082962, -94.1571502686, -50.6935806274, -20.9209938049, 116.776306152, 257.866668701, -6.29093170166, 14.6033725739, 15.512594223, 16.3567619324, 26.8185081482, -18.6850509644], [182.708908081, 54.0619850159, 77.9030303955, 66.1805419922, 85.1628189087, 42.9276771545, -6.29093170166, 196.527053833, 53.3779144287, 45.9392127991, 42.58436203, -26.0361824036, 35.2517166138], [109.638237, -21.1320533752, -8.49324607849, 38.2190093994, 70.6460189819, 12.6698207855, 14.6033725739, 53.3779144287, 138.0884552, 60.8869285583, 34.6146469116, 17.3001785278, 23.6647148132], [134.127700806, 33.4863929749, 27.2464599609, 11.8947896957, 50.3588485718, 36.0301094055, 15.512594223, 45.9392127991, 60.8869285583, 147.628738403, 67.1052474976, 34.7807197571, 25.7798652649], [-66.7725143433, 99.1418685913, 81.3371963501, -11.4192123413, 40.7786254883, 54.5444068909, 16.3567619324, 42.58436203, 34.6146469116, 67.1052474976, 132.028793335, 45.4013404846, 35.646320343], [-85.6828231812, 37.8220062256, 25.089466095, 3.2759039402, 17.7167205811, 16.4159049988, 26.8185081482, -26.0361824036, 17.3001785278, 34.7807197571, 45.4013404846, 116.022109985, 39.0062408447], [-156.366149902, 66.1546630859, 101.742500305, 55.3342437744, 48.9757270813, 2.95471906662, -18.6850509644, 35.2517166138, 23.6647148132, 25.7798652649, 35.646320343, 39.0062408447, 113.38105011]], "mean": [-679.786499023, 141.522384644, 6.97157526016, 2.27134823799, 7.62382221222, 6.4751162529, 4.57642793655, 9.33640480042, -3.40112280846, -2.59698748589, -2.22007274628, -5.88010406494, -3.39755606651]}, "melbands_spread": {"max": 165.560134888, "dmean": 4.1141667366, "dvar2": 55.266746521, "dmean2": 6.2570681572, "var": 339.794921875, "median": 16.5736522675, "min": 0.275612145662, "dvar": 24.1410388947, "mean": 19.8693294525}, "barkbands_kurtosis": {"max": 321.453430176, "dmean": 3.86651659012, "dvar2": 221.623245239, "dmean2": 5.92833614349, "var": 195.707778931, "median": 2.04852080345, "min": -1.80880880356, "dvar": 90.9428405762, "mean": 6.44661903381}, "spectral_energyband_high": {"max": 0.00432568322867, "dmean": 0.00016299271374, "dvar2": 2.71095643711e-07, "dmean2": 0.000258501269855, "var": 1.78515648486e-07, "median": 0.00019174926274, "min": 7.09382257728e-21, "dvar": 1.09658856218e-07, "mean": 0.000318219070323}, "hfc": {"max": 133.727706909, "dmean": 5.15579795837, "dvar2": 104.116920471, "dmean2": 7.66211700439, "var": 305.780883789, "median": 15.6180849075, "min": 1.08124768186e-16, "dvar": 49.9911727905, "mean": 19.6063518524}, "spectral_skewness": {"max": 15.0668268204, "dmean": 0.317567169666, "dvar2": 0.377520233393, "dmean2": 0.511039495468, "var": 0.734517633915, "median": 2.07825016975, "min": -0.111807927489, "dvar": 0.156862035394, "mean": 2.23978185654}, "erbbands": {"max": [1.76292729378, 9.91020011902, 50.1740760803, 64.7986602783, 91.7198562622, 139.038192749, 312.1769104, 563.736450195, 628.319396973, 482.260803223, 1541.00622559, 2375.26757813, 2998.27612305, 1623.09558105, 1631.55517578, 1252.8092041, 3620.18481445, 2369.47973633, 1842.11035156, 1239.1829834, 1036.10021973, 1109.84033203, 895.469421387, 162.088867188, 130.76159668, 56.9134635925, 49.2552947998, 30.5142116547, 38.3869972229, 50.1928825378, 30.7743549347, 20.8763160706, 19.2116832733, 12.7637786865, 9.44510555267, 4.35200214386, 1.34892904758, 0.577128827572, 0.040500883013, 0.00173229095526], "dmean": [0.0888351947069, 0.531269729137, 2.11678767204, 2.68686628342, 3.05545043945, 6.47393989563, 12.472161293, 10.8451185226, 5.15797233582, 6.19701433182, 11.138958931, 27.6967716217, 44.8869857788, 30.925573349, 22.1418628693, 16.7826442719, 19.9615421295, 39.9253387451, 16.4008522034, 7.01945543289, 6.89383363724, 12.0568447113, 8.66502380371, 2.12082576752, 2.89888691902, 1.87110948563, 1.24041306973, 0.801103591919, 0.866363406181, 1.48845672607, 0.798449277878, 0.520360708237, 0.573662698269, 0.305473744869, 0.218804165721, 0.124409303069, 0.0438642539084, 0.0134806884453, 0.00116389163304, 4.12966037402e-05], "dvar2": [0.0739093050361, 1.93608868122, 44.9625205994, 97.3861846924, 92.2855987549, 306.241607666, 1216.5234375, 967.557067871, 275.909332275, 614.342773438, 2941.62353516, 11344.515625, 20143.1328125, 8233.74902344, 4179.47314453, 3175.71801758, 7317.60644531, 19761.4765625, 4449.69628906, 1813.45275879, 1189.80310059, 1802.0168457, 1279.96472168, 33.5772743225, 68.9508132935, 29.4109210968, 33.17370224, 13.370092392, 9.83859062195, 26.2516403198, 7.94168424606, 2.35249376297, 3.35576105118, 0.907585859299, 0.940745890141, 0.321662724018, 0.047794315964, 0.00612025754526, 4.18886411353e-05, 4.78706496665e-08], "dmean2": [0.137093022466, 0.830494165421, 3.22044062614, 4.51497364044, 4.9969701767, 10.6193361282, 19.4838924408, 16.3080062866, 8.21088886261, 9.98022842407, 17.2041320801, 41.27942276, 64.272644043, 48.3758087158, 33.3756065369, 26.9741039276, 31.2863464355, 60.1410179138, 24.366891861, 10.441701889, 9.82603549957, 17.0056724548, 12.5943374634, 3.27160382271, 4.53009223938, 3.04192233086, 2.16676974297, 1.37398087978, 1.42723631859, 2.24623918533, 1.23742449284, 0.850530862808, 0.947418987751, 0.498183995485, 0.355333775282, 0.206283912063, 0.0779644623399, 0.0246045067906, 0.00210546841845, 7.18311275705e-05], "var": [0.117336519063, 2.51260876656, 34.0801353455, 37.7327270508, 62.1498069763, 240.848739624, 1213.57739258, 1339.70300293, 305.04385376, 589.051635742, 3078.49560547, 11887.0673828, 30641.0605469, 9665.72460938, 13730.2373047, 3770.34130859, 10551.5214844, 32687.0976563, 6117.02929688, 2122.38134766, 3502.49951172, 4305.1171875, 2129.04785156, 97.5472488403, 130.208389282, 36.7728424072, 11.7810668945, 4.27940320969, 6.47019386292, 40.6362800598, 6.8979382515, 1.71391797066, 2.53303837776, 0.81514197588, 0.494107097387, 0.125794485211, 0.0111342091113, 0.00124924129341, 8.86794441612e-06, 1.10519611241e-08], "median": [0.0744050741196, 0.57276403904, 1.45115327835, 1.54341745377, 1.72625482082, 7.34639072418, 10.9662666321, 8.25476074219, 3.92530894279, 3.18971323967, 6.28923082352, 13.1798877716, 22.2748203278, 21.5592422485, 14.9326038361, 15.7541904449, 12.4568681717, 14.7842769623, 10.6718559265, 4.66568946838, 4.46743774414, 8.24695396423, 4.62083101273, 2.40056014061, 2.56562805176, 2.16632771492, 0.883604824543, 0.538549780846, 0.650789499283, 0.947206199169, 0.423978120089, 0.336972743273, 0.337767273188, 0.156205669045, 0.065281175077, 0.023912737146, 0.00903494190425, 0.00148660724517, 0.000107254192699, 3.99304262828e-05], "min": [5.50355878721e-23, 2.66955579037e-22, 1.80415664663e-21, 3.61176337957e-21, 1.28254313587e-20, 1.71232316003e-20, 1.39916744352e-20, 4.0847794235e-20, 7.8717111417e-20, 1.71572639433e-19, 2.47294355369e-19, 3.55576588551e-19, 3.43533691862e-19, 4.8922206632e-19, 1.05036821069e-18, 1.11799188012e-18, 1.47836231637e-18, 1.38269381204e-18, 2.27568222579e-18, 3.44553688276e-18, 2.2697046051e-18, 4.64764868848e-18, 6.12464501946e-18, 5.01990353878e-18, 6.84283590091e-18, 7.73717365304e-18, 7.92565171869e-18, 1.10261471661e-17, 1.15611452524e-17, 1.24949924594e-17, 1.00200788199e-17, 1.08247501937e-17, 9.30292811811e-18, 7.37972078621e-18, 5.82954874952e-18, 4.18383156182e-18, 2.16567526934e-18, 9.43344894696e-19, 2.01749661594e-19, 2.70392498326e-20], "dvar": [0.0310358200222, 0.810276389122, 18.314250946, 34.2451782227, 37.7199554443, 119.816162109, 471.279388428, 483.371948242, 127.954315186, 258.12677002, 1225.67333984, 5235.82910156, 10495.3828125, 3720.45898438, 2085.48779297, 1471.47937012, 3669.79907227, 9302.875, 2118.49389648, 841.47064209, 690.535888672, 989.303344727, 675.408691406, 16.3472099304, 31.1907215118, 11.8274898529, 11.5780563354, 4.82591438293, 3.77402758598, 11.798377037, 3.5903069973, 0.970753788948, 1.30229985714, 0.367085248232, 0.41713359952, 0.130109876394, 0.0172239225358, 0.00214696954936, 1.48277231347e-05, 1.69312581733e-08], "mean": [0.27322858572, 1.32244861126, 3.8235309124, 3.86203336716, 4.93456363678, 13.263428688, 25.472869873, 21.0187606812, 9.03624725342, 10.3272428513, 21.8797607422, 51.4456100464, 87.2042541504, 57.376750946, 50.6712837219, 34.8321876526, 43.3615913391, 81.8005523682, 34.3323631287, 15.6395692825, 18.1456413269, 30.0804367065, 20.0493946075, 5.25745725632, 6.59659194946, 4.28760290146, 2.25278973579, 1.21565973759, 1.51061248779, 3.34316968918, 1.34079301357, 0.786352038383, 0.947026073933, 0.492588371038, 0.256509006023, 0.124846599996, 0.036770362407, 0.00966267287731, 0.000834120670334, 5.97660946369e-05]}, "spectral_contrast_valleys": {"max": [-5.27102899551, -4.90359926224, -5.16219997406, -6.14955711365, -6.18033218384, -8.45446681976], "dmean": [0.447276502848, 0.448592036963, 0.365499049425, 0.366284698248, 0.372223734856, 0.430219262838], "dvar2": [0.433883875608, 0.447295695543, 0.290765851736, 0.331752926111, 0.462151259184, 0.480745732784], "dmean2": [0.70554202795, 0.721583843231, 0.586753547192, 0.569159209728, 0.568349540234, 0.650378167629], "var": [7.60726594925, 7.09063673019, 7.00436353683, 6.50193929672, 6.54909563065, 5.12818002701], "median": [-7.27632045746, -7.09558677673, -7.46482181549, -8.23854160309, -8.40640544891, -10.4135417938], "min": [-28.6531467438, -28.0154247284, -27.8428592682, -27.8939037323, -27.5205421448, -27.4626693726], "dvar": [0.195678755641, 0.186731785536, 0.124594472349, 0.147086754441, 0.198958963156, 0.209843605757], "mean": [-7.76115465164, -7.49667263031, -7.78571128845, -8.56940174103, -8.7399597168, -10.814696312]}, "average_loudness": 0.921165585518, "erbbands_spread": {"max": 139.346817017, "dmean": 6.41914129257, "dvar2": 146.345550537, "dmean2": 10.1356830597, "var": 204.444595337, "median": 21.7187900543, "min": 0.81229197979, "dvar": 58.4517021179, "mean": 24.707239151}, "melbands_flatness_db": {"max": 0.979450881481, "dmean": 0.0269152540714, "dvar2": 0.00175802700687, "dmean2": 0.0398407056928, "var": 0.00739381462336, "median": 0.239381238818, "min": 0.00130270677619, "dvar": 0.00080138607882, "mean": 0.250959724188}, "barkbands_spread": {"max": 102.219039917, "dmean": 3.27987718582, "dvar2": 35.51770401, "dmean2": 5.0802731514, "var": 84.7781295776, "median": 14.2906770706, "min": 0.103739254177, "dvar": 14.734290123, "mean": 15.1162500381}, "spectral_decrease": {"max": 1.80607041652e-28, "dmean": 2.11238360137e-09, "dvar2": 1.71528919836e-17, "dmean2": 3.20708859469e-09, "var": 2.49092553996e-17, "median": -7.17432069308e-09, "min": -3.78003370827e-08, "dvar": 7.0594720218e-18, "mean": -7.79341213786e-09}, "melbands_crest": {"max": 35.2084465027, "dmean": 3.02236127853, "dvar2": 19.1207504272, "dmean2": 4.85616445541, "var": 27.7643013, "median": 14.5201702118, "min": 1.35268235207, "dvar": 7.52547836304, "mean": 15.0185194016}, "erbbands_flatness_db": {"max": 0.499248355627, "dmean": 0.0241182558239, "dvar2": 0.00129308481701, "dmean2": 0.0365467518568, "var": 0.00222494173795, "median": 0.183266296983, "min": 0.0396717749536, "dvar": 0.00055919616716, "mean": 0.185036078095}, "melbands_kurtosis": {"max": 398.495147705, "dmean": 5.80242490768, "dvar2": 295.121002197, "dmean2": 8.95065307617, "var": 391.919342041, "median": 4.05632925034, "min": -1.79941630363, "dvar": 136.956283569, "mean": 10.500705719}, "spectral_rms": {"max": 0.0121087767184, "dmean": 0.000735229405109, "dvar2": 1.45938793139e-06, "dmean2": 0.00109724979848, "var": 3.75135573449e-06, "median": 0.00530533306301, "min": 3.14104493283e-12, "dvar": 6.35217020317e-07, "mean": 0.00516529474407}, "melbands_skewness": {"max": 12.4394378662, "dmean": 0.636244237423, "dvar2": 1.15506458282, "dmean2": 0.980913817883, "var": 2.35668826103, "median": 1.6858638525, "min": -3.94741725922, "dvar": 0.501563370228, "mean": 1.93521118164}, "barkbands": {"max": [0.00495321908966, 0.0458314716816, 0.0544629693031, 0.0179163664579, 0.0336409024894, 0.0612301565707, 0.0397076308727, 0.0592028982937, 0.0766361579299, 0.0792601853609, 0.0389822646976, 0.0252955723554, 0.0720174908638, 0.0431583300233, 0.0272770114243, 0.018802985549, 0.0158958733082, 0.0124471131712, 0.00214602309279, 0.00249469396658, 0.00101323064882, 0.00124327139929, 0.00120450579561, 0.000785738811828, 0.00107280071825, 0.000877044047229, 0.000222465328989], "dmean": [0.000179187758476, 0.00251184869558, 0.00233175908215, 0.000648131128401, 0.00169742724393, 0.00149609148502, 0.000368862965843, 0.000449975806987, 0.00143841060344, 0.00138299923856, 0.000538824649993, 0.000464586104499, 0.000551905308384, 0.000799023313448, 0.000210268524825, 0.000126685597934, 0.000237782936892, 0.000155183064635, 5.19087298017e-05, 4.72476422146e-05, 2.48652158916e-05, 2.60546257778e-05, 3.83259903174e-05, 2.96564776363e-05, 3.13602358801e-05, 2.60277247435e-05, 6.32149476587e-06], "dvar2": [5.78715571464e-07, 4.52472086181e-05, 5.79655425099e-05, 6.86907605996e-06, 1.81935592991e-05, 1.68758815562e-05, 1.69558734342e-06, 4.79568780065e-06, 2.29796569329e-05, 1.47485025082e-05, 3.19177115671e-06, 1.98830025511e-06, 4.45878868049e-06, 7.14730003892e-06, 1.24780353872e-06, 4.2565815761e-07, 7.24092217297e-07, 5.00596001984e-07, 2.29872831881e-08, 2.16550510856e-08, 1.35694762093e-08, 8.19152745635e-09, 1.71244884939e-08, 8.07368394362e-09, 1.30547395116e-08, 1.8431610016e-08, 1.21102095019e-09], "dmean2": [0.000281611166429, 0.00389509834349, 0.00356915802695, 0.00115405407269, 0.0027594352141, 0.00227254792117, 0.000591005256865, 0.000703779398464, 0.00223317882046, 0.00206866068766, 0.000834680395201, 0.000758755253628, 0.00086261506658, 0.0011835860787, 0.000314192147925, 0.000185529206647, 0.000351391703589, 0.00024406335433, 8.37273328216e-05, 7.75551743573e-05, 4.31267217209e-05, 4.27181767009e-05, 5.87510548939e-05, 4.88413425046e-05, 4.96796310472e-05, 4.67728168587e-05, 1.15042594189e-05], "var": [3.50931344428e-07, 6.98311851011e-05, 4.18023628299e-05, 1.99710211746e-06, 1.39346084325e-05, 2.10039343074e-05, 1.75565855898e-06, 4.25466805609e-06, 2.86083122774e-05, 1.63128825079e-05, 8.78285936778e-06, 2.6971592888e-06, 5.12146334586e-06, 1.07252262751e-05, 1.54402778207e-06, 9.14808026664e-07, 1.38662255722e-06, 5.737302331e-07, 3.38411147993e-08, 2.30171828264e-08, 4.45215464495e-09, 6.78892453365e-09, 2.4515278696e-08, 6.02038285891e-09, 8.82346817832e-09, 4.08226341619e-09, 2.52042248183e-10], "median": [5.73109973629e-05, 0.0025290439371, 0.00124572706409, 0.000283117202343, 0.00222810870036, 0.00118939601816, 0.00018167043163, 0.000165392411873, 0.000574171019252, 0.000520569970831, 0.000168684346136, 0.000279012630926, 0.000177140769665, 0.000204075593501, 9.49371606112e-05, 6.4189065597e-05, 0.000147316415678, 5.63632020203e-05, 3.58902871085e-05, 4.39192699559e-05, 1.37568995342e-05, 1.72277850652e-05, 1.80382467079e-05, 1.99136720767e-05, 1.30498337967e-05, 4.61236459159e-06, 4.92003493946e-07], "min": [9.11153142607e-26, 1.55751622304e-24, 1.78900341276e-25, 3.09443385803e-25, 6.24292845251e-24, 1.64006509335e-24, 6.43490643126e-24, 8.50095680786e-24, 1.09585890603e-23, 1.43258702333e-23, 1.1204519603e-23, 2.68775638917e-23, 2.6058341308e-23, 2.59422320268e-23, 5.47191852294e-23, 3.55349368287e-23, 6.57241293342e-23, 8.8664993319e-23, 1.08902740215e-22, 1.94961204574e-22, 1.90039040692e-22, 2.87060147279e-22, 3.78984985227e-22, 5.34180557228e-22, 8.12397737842e-22, 1.31730148331e-21, 1.90964701438e-21], "dvar": [2.35783204516e-07, 1.93461601157e-05, 2.32140700973e-05, 2.3788704766e-06, 7.09876348992e-06, 7.7973727457e-06, 7.54111908918e-07, 1.95549409909e-06, 1.01239593278e-05, 7.54030816097e-06, 1.44868874941e-06, 8.89912428192e-07, 2.12713598557e-06, 3.72292061002e-06, 5.73645763779e-07, 2.25868276971e-07, 3.60608879646e-07, 2.46433529583e-07, 1.01136592434e-08, 8.81676687214e-09, 4.82186646167e-09, 3.18655857257e-09, 8.15972178714e-09, 3.17099679847e-09, 5.93503379775e-09, 6.53444987009e-09, 4.27216706456e-10], "mean": [0.00033044553129, 0.00689550023526, 0.00396721530706, 0.000721676391549, 0.00344842486084, 0.00302622118033, 0.000608770584222, 0.000782763760071, 0.00281588034704, 0.00215649069287, 0.00112633791286, 0.000911870738491, 0.000984597136267, 0.0014230015222, 0.000428851431934, 0.000274810532574, 0.000545774702914, 0.00026484017144, 0.000104713915789, 9.39318415476e-05, 4.03237427236e-05, 4.6493812988e-05, 7.50226463424e-05, 4.85334021505e-05, 4.46253652626e-05, 2.09515310416e-05, 4.41728525402e-06]}, "spectral_kurtosis": {"max": 286.123718262, "dmean": 2.79645466805, "dvar2": 61.9735374451, "dmean2": 4.56626987457, "var": 124.46799469, "median": 6.40085077286, "min": -1.26553332806, "dvar": 26.4363536835, "mean": 8.1660823822}, "erbbands_skewness": {"max": 6.56049919128, "dmean": 0.428382605314, "dvar2": 0.466039657593, "dmean2": 0.658331394196, "var": 0.951163232327, "median": 0.614681303501, "min": -4.65694713593, "dvar": 0.198815122247, "mean": 0.67099583149}, "melbands": {"max": [0.0141722904518, 0.0196789875627, 0.0104448180646, 0.00852156430483, 0.00903083290905, 0.0121654290706, 0.00934033468366, 0.00457670679316, 0.0115266470239, 0.0139421233907, 0.0146842291579, 0.00825168658048, 0.00649706600234, 0.00297136325389, 0.00347996503115, 0.00880221277475, 0.0052870567888, 0.00424550240859, 0.00246767187491, 0.00154019403271, 0.00138521764893, 0.00123909837566, 0.00110063317697, 0.000658157921862, 0.000133636727696, 0.000153661996592, 0.000147385770106, 5.08483899466e-05, 3.49406000169e-05, 2.30430268857e-05, 1.75771237991e-05, 1.66453919519e-05, 3.24886823364e-05, 3.852878217e-05, 1.79701473826e-05, 1.63626045833e-05, 1.1950647604e-05, 1.22934661704e-05, 2.16425305553e-05, 9.54327333602e-06], "dmean": [0.000737791124266, 0.000931282527745, 0.000451755768154, 0.000337543606292, 0.000398744625272, 0.000246556766797, 7.74222862674e-05, 7.17632574379e-05, 9.60884935921e-05, 0.000199454254471, 0.000224004077609, 0.000132665634737, 8.29476412036e-05, 5.6245666201e-05, 3.73125876649e-05, 6.64295876049e-05, 7.82336064731e-05, 3.18911588693e-05, 1.45474405144e-05, 8.14121540316e-06, 8.92258412932e-06, 1.20483618957e-05, 1.67136549862e-05, 4.43808676209e-06, 1.71099122781e-06, 2.37799804381e-06, 2.20229844672e-06, 1.22013000237e-06, 9.32007026222e-07, 5.90481761265e-07, 4.50462692925e-07, 4.77287983358e-07, 6.54689870316e-07, 9.64619516708e-07, 5.10977713475e-07, 3.55999532076e-07, 3.1717291904e-07, 4.07458486507e-07, 4.1631145109e-07, 2.09162493547e-07], "dvar2": [4.42820055468e-06, 7.16314616511e-06, 2.39995574702e-06, 1.00696399841e-06, 1.03741615476e-06, 4.78316962926e-07, 6.59730829966e-08, 8.41817993091e-08, 1.89529984596e-07, 5.1508868637e-07, 4.90268291742e-07, 1.64548509929e-07, 6.88429295792e-08, 2.84322094757e-08, 1.51655630276e-08, 7.05540301738e-08, 7.73253674424e-08, 1.87894890757e-08, 7.39878425193e-09, 2.25409935162e-09, 1.75517411716e-09, 1.70998337712e-09, 3.80506870457e-09, 4.72519467998e-10, 2.42860107025e-11, 5.73413157234e-11, 5.31221698574e-11, 1.23128113608e-11, 1.75481382897e-11, 6.92269722449e-12, 4.39475756134e-12, 4.26472919479e-12, 3.63363159006e-12, 1.37787775981e-11, 2.83705329195e-12, 1.96891222944e-12, 8.35584043363e-13, 1.68247924273e-12, 1.88856981269e-12, 4.24731701632e-13], "dmean2": [0.001138401567, 0.00143368542194, 0.000750275095925, 0.000549700285774, 0.000625486311037, 0.00037176857586, 0.000122855053633, 0.000115386079415, 0.000149542640429, 0.000301458814647, 0.000322485226206, 0.000207985067391, 0.000127110441099, 9.11968963919e-05, 5.94325611019e-05, 0.000103234735434, 0.000115776187158, 4.78544643556e-05, 2.14395422518e-05, 1.22630463011e-05, 1.28144129121e-05, 1.71297906491e-05, 2.38464836002e-05, 6.68202437737e-06, 2.74672220257e-06, 3.72036197405e-06, 3.49460879079e-06, 1.99884584617e-06, 1.63904121564e-06, 1.03333115931e-06, 7.68734935264e-07, 8.10219773939e-07, 1.03860634226e-06, 1.4277968603e-06, 7.64946946674e-07, 5.98501287641e-07, 5.21017739175e-07, 6.82192535351e-07, 6.78559104017e-07, 3.46266403994e-07], "var": [7.05382217348e-06, 5.66545304537e-06, 1.03338152257e-06, 8.62879232955e-07, 9.8642476587e-07, 6.54039695291e-07, 7.08408194328e-08, 6.74289708513e-08, 2.17047045226e-07, 5.92160574797e-07, 7.52117784941e-07, 1.81099153451e-07, 2.13932437987e-07, 3.86905902872e-08, 2.22382166015e-08, 7.04188565237e-08, 1.29733948029e-07, 2.24562555218e-08, 9.50389278387e-09, 2.40253061889e-09, 5.38641975467e-09, 3.70537711625e-09, 6.99859015185e-09, 6.43064879124e-10, 4.64920150989e-11, 9.29310517428e-11, 6.66407623529e-11, 1.3625454931e-11, 6.40562733065e-12, 2.32834563262e-12, 1.4189885161e-12, 1.65382920032e-12, 5.22113732457e-12, 2.38332548141e-11, 2.8135239364e-12, 8.88934433875e-13, 6.64652306717e-13, 1.16023130773e-12, 1.83267745597e-12, 3.47708895097e-13], "median": [0.000729684252292, 0.0010773857357, 0.000306533911498, 0.000260931032244, 0.000479450565763, 0.00019582369714, 5.11310317961e-05, 3.43441352015e-05, 4.52886415587e-05, 7.92235150584e-05, 0.000102153906482, 6.14868404227e-05, 3.86709798477e-05, 3.37470555678e-05, 2.24068153329e-05, 2.64873760898e-05, 2.1781610485e-05, 1.08151962195e-05, 5.8479731706e-06, 4.19675325247e-06, 5.10433710588e-06, 7.92914579506e-06, 6.58057160763e-06, 2.08962205761e-06, 1.36070241297e-06, 1.43485317494e-06, 1.59685373546e-06, 1.14167676202e-06, 4.84550184865e-07, 2.77740468846e-07, 2.57176992591e-07, 2.5833517725e-07, 4.42824216407e-07, 4.66566945079e-07, 2.13948254668e-07, 1.5708310741e-07, 1.92801593357e-07, 2.41837653903e-07, 1.88088179698e-07, 1.02854734507e-07], "min": [6.19133537158e-25, 1.03152635258e-24, 9.64928545594e-25, 1.22499281326e-24, 5.50028286481e-25, 4.64502008593e-25, 1.22264585346e-24, 1.67100599299e-24, 1.86579961353e-24, 2.2557519e-24, 1.55346068912e-24, 1.96082954526e-24, 2.47972627429e-24, 2.50879757358e-24, 2.07106694031e-24, 2.01530098242e-24, 2.36944864733e-24, 3.25273916114e-24, 4.41273486479e-24, 2.5168644652e-24, 2.75693850448e-24, 3.32864118807e-24, 4.02437311912e-24, 3.35166527688e-24, 2.65658612822e-24, 4.38272146836e-24, 4.68602389249e-24, 4.16391945781e-24, 3.93150170804e-24, 4.25804200229e-24, 5.67522667422e-24, 5.93621223281e-24, 4.54473772107e-24, 5.97013759047e-24, 4.84612163548e-24, 5.47188909842e-24, 6.41703478745e-24, 6.00239766276e-24, 5.98546870773e-24, 5.31381083935e-24], "dvar": [1.89986201349e-06, 2.86882664113e-06, 8.57522650222e-07, 4.11513383369e-07, 3.99886346258e-07, 2.36019715771e-07, 3.00888665095e-08, 3.4458572884e-08, 8.12181681908e-08, 2.36748050497e-07, 2.53279353046e-07, 7.3870090489e-08, 3.24561497678e-08, 1.22956143045e-08, 7.2945680607e-09, 3.19658894909e-08, 3.95186603441e-08, 9.09111363967e-09, 3.66338781532e-09, 1.04496389319e-09, 1.05681963181e-09, 9.77964820237e-10, 2.04626116052e-09, 2.3592780507e-10, 1.08618426753e-11, 2.87768628371e-11, 2.3065181709e-11, 5.07911464623e-12, 6.21369275478e-12, 2.43914415575e-12, 1.61971716421e-12, 1.54552857057e-12, 1.57860302521e-12, 6.52931918602e-12, 1.35805667927e-12, 7.9982971201e-13, 3.41743533428e-13, 6.52041842828e-13, 7.64977707915e-13, 1.70761083225e-13], "mean": [0.00215872656554, 0.00189317762852, 0.000689548673108, 0.00065465940861, 0.000839492073283, 0.000484561751364, 0.000132209708681, 0.000116259034257, 0.000184000091394, 0.000384024780942, 0.000434711051639, 0.000227913027629, 0.000179176204256, 0.000112172871013, 6.86216953909e-05, 0.000126185026602, 0.000149711369886, 5.60558328289e-05, 2.94314359053e-05, 1.42708440762e-05, 2.19230551011e-05, 2.58998370555e-05, 3.65463347407e-05, 8.54758945934e-06, 3.31809815179e-06, 4.74287753605e-06, 4.46151261713e-06, 2.46391687142e-06, 1.53579742346e-06, 9.21166019907e-07, 6.08818822911e-07, 6.76413151268e-07, 1.27319663079e-06, 2.19126377488e-06, 8.00954865099e-07, 4.27961680316e-07, 4.83252165395e-07, 6.41018630176e-07, 7.00337693615e-07, 3.06330576905e-07]}, "spectral_centroid": {"max": 11990.4335938, "dmean": 138.364685059, "dvar2": 76437.2421875, "dmean2": 209.226135254, "var": 1764868.125, "median": 890.874267578, "min": 94.4905776978, "dvar": 36895.6992188, "mean": 1078.87646484}, "pitch_salience": {"max": 0.950929105282, "dmean": 0.0635806322098, "dvar2": 0.00999743491411, "dmean2": 0.102449610829, "var": 0.0121195791289, "median": 0.488790780306, "min": 0.0861585661769, "dvar": 0.00387468491681, "mean": 0.496527791023}, "gfcc": {"icov": [[0.000126950151753, -0.000243023445364, 0.000263126945356, -0.000187713463674, 0.000226343821851, -0.000389656808693, 0.000518119079061, -0.000520814501215, 0.000440706731752, -0.000520844070707, 0.000442546181148, -0.000377291726181, 0.000178718270035], [-0.000243023445364, 0.00152838754002, -0.000718443887308, -4.96128704981e-05, -1.60575327754e-05, 0.000401758850785, -0.0010810989188, 0.00143548997585, -0.00118497095536, 0.00113089708611, -0.00145926792175, 0.00111870281398, -0.000278083462035], [0.000263126945356, -0.000718443887308, 0.00152112776414, -0.000579846382607, 0.000249711301876, -0.000466018507723, 0.000458478200017, -0.000316646997817, 1.89875445358e-05, -0.00140121555887, 0.00118452392053, -0.00174204038922, 0.00119704147801], [-0.000187713463674, -4.96128704981e-05, -0.000579846382607, 0.00361943361349, -0.00159015203826, 0.000710482359864, -0.000204752155696, -0.000158130264026, -0.000556757848244, 0.000920776161365, 0.000495451735333, -0.000266301387455, -0.000841589353513], [0.000226343821851, -1.60575327754e-05, 0.000249711301876, -0.00159015203826, 0.00581873068586, -0.00155200983863, -0.000887972768396, -0.00136707874481, -0.000325370143401, -0.000835056998767, -1.41705650094e-05, 0.000522930989973, -0.000791632570326], [-0.000389656808693, 0.000401758850785, -0.000466018507723, 0.000710482359864, -0.00155200983863, 0.00567939551547, -0.00382677675225, 0.00122430024203, -0.00103793805465, 0.00128387077712, -0.00126910803374, 0.000568761606701, 0.000964065256994], [0.000518119079061, -0.0010810989188, 0.000458478200017, -0.000204752155696, -0.000887972768396, -0.00382677675225, 0.00959855969995, -0.00292361504398, 0.0029379427433, -0.00366898532957, 0.00170186301693, -0.000779045920353, 3.96431387344e-05], [-0.000520814501215, 0.00143548997585, -0.000316646997817, -0.000158130264026, -0.00136707874481, 0.00122430024203, -0.00292361504398, 0.0101222237572, -0.00606295838952, 0.00251909601502, -0.00164280890021, 0.00109157559928, -0.00124396686442], [0.000440706731752, -0.00118497095536, 1.89875445358e-05, -0.000556757848244, -0.000325370143401, -0.00103793805465, 0.0029379427433, -0.00606295838952, 0.00984516274184, -0.0036046106834, 0.0015425105812, -0.00138341763522, 0.00147901114542], [-0.000520844070707, 0.00113089708611, -0.00140121555887, 0.000920776161365, -0.000835056998767, 0.00128387077712, -0.00366898532957, 0.00251909601502, -0.0036046106834, 0.012129848823, -0.00650495057926, 0.00165519095026, -0.000377357617253], [0.000442546181148, -0.00145926792175, 0.00118452392053, 0.000495451735333, -1.41705650094e-05, -0.00126910803374, 0.00170186301693, -0.00164280890021, 0.0015425105812, -0.00650495057926, 0.0133924279362, -0.00386439659633, -0.00363375409506], [-0.000377291726181, 0.00111870281398, -0.00174204038922, -0.000266301387455, 0.000522930989973, 0.000568761606701, -0.000779045920353, 0.00109157559928, -0.00138341763522, 0.00165519095026, -0.00386439659633, 0.0109905041754, -0.004078657832], [0.000178718270035, -0.000278083462035, 0.00119704147801, -0.000841589353513, -0.000791632570326, 0.000964065256994, 3.96431387344e-05, -0.00124396686442, 0.00147901114542, -0.000377357617253, -0.00363375409506, -0.004078657832, 0.0117732062936]], "cov": [[28646.1464844, 1221.93859863, -3206.89331055, 481.365112305, -735.246643066, 626.721862793, -728.416687012, 462.588867188, -503.55859375, -59.7686309814, -325.785888672, 55.7959098816, -114.824783325], [1221.93859863, 1165.87634277, 411.488647461, 112.774871826, -6.47335767746, 83.8483047485, 54.1669082642, -50.8568763733, 65.8645858765, 44.566318512, 48.6573219299, 4.40636348724, -27.9463577271], [-3206.89331055, 411.488647461, 1679.4732666, 153.328872681, 121.645614624, 21.6604957581, 137.918792725, -37.90234375, 207.142211914, 117.338111877, 21.4284591675, 112.223152161, -76.2326202393], [481.365112305, 112.774871826, 153.328872681, 395.84262085, 105.975639343, 8.28130149841, 8.04798698425, 69.6725006104, 62.7336387634, -1.01984751225, -13.5399103165, 39.0487594604, 23.2805328369], [-735.246643066, -6.47335767746, 121.645614624, 105.975639343, 297.666168213, 92.3629608154, 110.144615173, 73.1607666016, 77.1373214722, 46.871925354, 37.1971702576, 6.28423833847, 31.4963951111], [626.721862793, 83.8483047485, 21.6604957581, 8.28130149841, 92.3629608154, 320.479736328, 127.216781616, 30.749622345, 14.570025444, 35.633392334, 10.2785758972, -8.238530159, -26.7252178192], [-728.416687012, 54.1669082642, 137.918792725, 8.04798698425, 110.144615173, 127.216781616, 222.544830322, 28.2164421082, 22.8210411072, 59.4610366821, 33.6730384827, 1.42401456833, 8.03542613983], [462.588867188, -50.8568763733, -37.90234375, 69.6725006104, 73.1607666016, 30.749622345, 28.2164421082, 204.826065063, 104.567687988, 18.5652427673, 11.6491279602, 15.581609726, 21.0114307404], [-503.55859375, 65.8645858765, 207.142211914, 62.7336387634, 77.1373214722, 14.570025444, 22.8210411072, 104.567687988, 216.608917236, 52.5776443481, 20.537273407, 22.3007526398, -3.87326407433], [-59.7686309814, 44.566318512, 117.338111877, -1.01984751225, 46.871925354, 35.633392334, 59.4610366821, 18.5652427673, 52.5776443481, 159.271026611, 82.468711853, 31.917142868, 26.9626731873], [-325.785888672, 48.6573219299, 21.4284591675, -13.5399103165, 37.1971702576, 10.2785758972, 33.6730384827, 11.6491279602, 20.537273407, 82.468711853, 164.673858643, 63.0413360596, 78.4540786743], [55.7959098816, 4.40636348724, 112.223152161, 39.0487594604, 6.28423833847, -8.238530159, 1.42401456833, 15.581609726, 22.3007526398, 31.917142868, 63.0413360596, 153.928314209, 64.3820724487], [-114.824783325, -27.9463577271, -76.2326202393, 23.2805328369, 31.4963951111, -26.7252178192, 8.03542613983, 21.0114307404, -3.87326407433, 26.9626731873, 78.4540786743, 64.3820724487, 149.80557251]], "mean": [-37.7972450256, 102.066337585, -101.808021545, 9.76898193359, -51.0306053162, 21.6762161255, -34.5260047913, 7.07646369934, -25.1203212738, -3.78315615654, -12.7429494858, 5.93992614746, -6.22511386871]}, "spectral_flux": {"max": 0.32613748312, "dmean": 0.0275352112949, "dvar2": 0.00179515255149, "dmean2": 0.0435528978705, "var": 0.00201679975726, "median": 0.0760894045234, "min": 6.35437258367e-11, "dvar": 0.000764684402384, "mean": 0.0819712430239}, "zerocrossingrate": {"max": 0.5234375, "dmean": 0.00654865754768, "dvar2": 0.000116091352538, "dmean2": 0.00838258489966, "var": 0.00372125580907, "median": 0.0400390625, "min": 0.001953125, "dvar": 7.46389341657e-05, "mean": 0.0491924919188}, "spectral_energyband_middle_low": {"max": 0.0899035930634, "dmean": 0.00453229853883, "dvar2": 8.95162738743e-05, "dmean2": 0.00707686971873, "var": 9.55645664362e-05, "median": 0.0100555140525, "min": 1.51907284204e-22, "dvar": 3.69787994714e-05, "mean": 0.0122416615486}, "silence_rate_20dB": {"max": 1, "dmean": 0, "dvar2": 0, "dmean2": 0, "var": 0, "median": 1, "min": 1, "dvar": 0, "mean": 1}, "silence_rate_30dB": {"max": 1, "dmean": 0.00217548944056, "dvar2": 0.00578316720203, "dmean2": 0.00435150507838, "var": 0.0015685580438, "median": 1, "min": 0, "dvar": 0.00217068870552, "mean": 0.998429000378}, "spectral_entropy": {"max": 9.8265838623, "dmean": 0.254283934832, "dvar2": 0.198331043124, "dmean2": 0.39190018177, "var": 0.392374038696, "median": 7.08545303345, "min": 3.68505644798, "dvar": 0.0788457840681, "mean": 7.06635665894}, "spectral_rolloff": {"max": 19573.6816406, "dmean": 187.838317871, "dvar2": 330858.9375, "dmean2": 312.549285889, "var": 5363254.5, "median": 882.861328125, "min": 64.599609375, "dvar": 159915.703125, "mean": 1272.79418945}, "spectral_complexity": {"max": 36, "dmean": 2.29997587204, "dvar2": 13.1348524094, "dmean2": 3.54986095428, "var": 42.4195709229, "median": 13, "min": 0, "dvar": 5.962386131