{"tonal": {"hpcp": {"dvar": [0.0618161521852, 0.0510588437319, 0.0462419129908, 0.0450623184443, 0.0421023778617, 0.0433159284294, 0.044771309942, 0.0469803772867, 0.0434155128896, 0.0578343868256, 0.0607376098633, 0.0409676879644, 0.0427996106446, 0.0391283892095, 0.0265985876322, 0.0193146802485, 0.0174015983939, 0.0184480566531, 0.0168866589665, 0.0160312838852, 0.0210350565612, 0.0263964626938, 0.0318880081177, 0.0458482131362, 0.0934416055679, 0.0415936037898, 0.0299212466925, 0.0258582346141, 0.0279721971601, 0.0412938706577, 0.0622213557363, 0.0639187470078, 0.0555388107896, 0.0561677850783, 0.0611915998161, 0.0693332180381], "var": [0.051612265408, 0.0439571030438, 0.0405813194811, 0.0368877127767, 0.0322849974036, 0.0331311523914, 0.0411256588995, 0.0473755300045, 0.0556997992098, 0.0711186975241, 0.0601835735142, 0.0402877219021, 0.0383283086121, 0.0391120053828, 0.0287644006312, 0.0194114260375, 0.0168463662267, 0.0171283837408, 0.0159460678697, 0.0155656971037, 0.0231649633497, 0.0270657129586, 0.0350102186203, 0.0931138321757, 0.171723529696, 0.0573771856725, 0.0234976708889, 0.0208758562803, 0.0241784229875, 0.048579659313, 0.0864894017577, 0.0770528763533, 0.0638506710529, 0.0551038682461, 0.0537325516343, 0.0569339059293], "median": [0.0307778865099, 0.0239220000803, 0.0158224198967, 0.0114471819252, 0.0151405762881, 0.0260879863054, 0.0394986271858, 0.0470212250948, 0.0412295497954, 0.0387612655759, 0.034542594105, 0.0316445231438, 0.0369352884591, 0.0406169965863, 0.0368191227317, 0.0277879554778, 0.0200410559773, 0.0140933031216, 0.0126568637788, 0.0144613590091, 0.0204008631408, 0.0229542925954, 0.0362968966365, 0.237362831831, 0.277272343636, 0.123366631567, 0.0217074528337, 0.0188375785947, 0.0233577564359, 0.0532376840711, 0.0925747901201, 0.08370950073, 0.0441381707788, 0.0310947783291, 0.0251812152565, 0.0268433243036], "max": [1, 1, 1, 1, 1, 1, 1, 1, 1, 1, 1, 1, 1, 1, 1, 1, 1, 1, 1, 1, 1, 1, 1, 1, 1, 1, 1, 1, 1, 1, 1, 1, 1, 1, 1, 1], "dmean": [0.152940422297, 0.127048939466, 0.107038185, 0.0988490730524, 0.0976784303784, 0.108914852142, 0.125584945083, 0.139927238226, 0.133671313524, 0.157082498074, 0.162595063448, 0.132446199656, 0.138614699244, 0.130156353116, 0.0987925603986, 0.0771155357361, 0.0634308233857, 0.06002818048, 0.0565308667719, 0.0584292858839, 0.0721969678998, 0.0838805511594, 0.10956478864, 0.173422828317, 0.239068672061, 0.16265489161, 0.0921349450946, 0.0837289392948, 0.094739228487, 0.141828641295, 0.191906124353, 0.196641966701, 0.15718665719, 0.146878287196, 0.152503624558, 0.164931043983], "dmean2": [0.281453609467, 0.232681170106, 0.19647359848, 0.182198181748, 0.179461479187, 0.19925236702, 0.22532363236, 0.250951290131, 0.236461892724, 0.280955374241, 0.294473320246, 0.238255262375, 0.251696258783, 0.235583469272, 0.173787519336, 0.135768204927, 0.112757712603, 0.106967382133, 0.099719569087, 0.10302837193, 0.126782596111, 0.14832995832, 0.194626957178, 0.305619597435, 0.432709723711, 0.289687246084, 0.167959138751, 0.152347609401, 0.171052500606, 0.248443886638, 0.338010907173, 0.350991904736, 0.281223326921, 0.265155822039, 0.278162002563, 0.305826246738], "mean": [0.125784263015, 0.109219670296, 0.0910785868764, 0.0805153250694, 0.0800167545676, 0.0930345281959, 0.121709495783, 0.13539493084, 0.143525272608, 0.161264657974, 0.145164191723, 0.116580709815, 0.118801638484, 0.1238514781, 0.103266954422, 0.0793007165194, 0.0670474097133, 0.0606060922146, 0.0577607862651, 0.0608839914203, 0.0784398466349, 0.0855075567961, 0.115502506495, 0.325566887856, 0.444880872965, 0.235468477011, 0.0770104750991, 0.0720247104764, 0.0823867321014, 0.150012433529, 0.228797242045, 0.211093053222, 0.155986919999, 0.13178011775, 0.122970536351, 0.128025457263], "dvar2": [0.178753063083, 0.145860746503, 0.130217686296, 0.125543519855, 0.121220491827, 0.12623719871, 0.129256293178, 0.13296020031, 0.120334550738, 0.162051171064, 0.174662694335, 0.113926246762, 0.121600933373, 0.110872358084, 0.074369750917, 0.0547692701221, 0.0494482591748, 0.0528778806329, 0.0479164794087, 0.0449175834656, 0.057658419013, 0.0724604576826, 0.0881636664271, 0.120463997126, 0.238583296537, 0.110814772546, 0.0833379477262, 0.0715983361006, 0.0767524316907, 0.110935218632, 0.163908585906, 0.169953346252, 0.149409741163, 0.154666602612, 0.169470340014, 0.192342668772], "min": [8.79072842963e-07, 0, 1.39275207403e-05, 5.78808248974e-06, 1.25626784211e-05, 2.57804622379e-05, 1.7579888663e-05, 7.91407001088e-06, 2.56008079305e-05, 5.23527796759e-06, 5.09773190061e-06, 5.25306768395e-06, 2.95112067761e-06, 9.33799401537e-06, 3.44838917954e-05, 3.75355884898e-05, 0, 0, 0, 0, 0, 0, 0, 0, 0, 5.86284022575e-06, 5.57476460017e-06, 4.43447970611e-06, 4.75715341963e-06, 3.76852112822e-05, 4.47517886641e-05, 5.38022213732e-05, 0, 7.07390836396e-06, 1.09076754597e-05, 1.88564717973e-05]}, "key_key": "F", "thpcp": [1, 0.529284358025, 0.173103585839, 0.16189661622, 0.185188293457, 0.337196856737, 0.514288783073, 0.474493443966, 0.350626260042, 0.296214401722, 0.276412278414, 0.287774682045, 0.282736957073, 0.24550318718, 0.204725787044, 0.180981770158, 0.179861083627, 0.209122344851, 0.273577719927, 0.3043397367, 0.32261505723, 0.362489521503, 0.326299011707, 0.262049287558, 0.267041474581, 0.278392463923, 0.232122704387, 0.178251579404, 0.150708675385, 0.136229932308, 0.129834279418, 0.136854588985, 0.176316514611, 0.192203268409, 0.259625703096, 0.731806874275], "chords_key": "C", "tuning_equal_tempered_deviation": 0.109956786036, "tuning_frequency": 434.193115234, "tuning_diatonic_strength": 0.51363825798, "chords_histogram": [6.68023061752, 1.96676838398, 9.37605953217, 3.10274672508, 1.30552732944, 6.93455410004, 13.173956871, 7.29060697556, 1.71244490147, 18.8368930817, 3.49270939827, 5.05256032944, 0.830790102482, 0.38996270299, 0.491692095995, 1.05120384693, 3.66225838661, 0.796880304813, 1.16988813877, 0.627331316471, 0.27127841115, 0.288233309984, 1.52594101429, 9.9694814682], "key_strength": 0.675303936005, "key_scale": "minor", "chords_strength": {"dvar": 8.40639186208e-05, "var": 0.0101950205863, "median": 0.417709678411, "max": 0.807956635952, "dmean": 0.010695554316, "dmean2": 0.0124600371346, "mean": 0.431220650673, "dvar2": 0.000120863500342, "min": 0.17834341526}, "chords_number_rate": 0.00288233300671, "tuning_nontempered_energy_ratio": 0.80111593008, "hpcp_entropy": {"dvar": 0.279327511787, "var": 0.594028651714, "median": 2.7249174118, "max": 4.68937110901, "dmean": 0.673241794109, "dmean2": 1.14189219475, "mean": 2.6896314621, "dvar2": 0.756821036339, "min": 0.0515461564064}, "chords_changes_rate": 0.0952865406871, "chords_scale": "major"}, "rhythm": {"bpm_histogram_first_peak_spread": {"dvar": 0, "var": 0, "median": 0.519015610218, "max": 0.519015610218, "dmean": 0, "dmean2": 0, "mean": 0.519015610218, "dvar2": 0, "min": 0.519015610218}, "bpm_histogram_first_peak_weight": {"dvar": 0, "var": 0, "median": 0.35188215971, "max": 0.35188215971, "dmean": 0, "dmean2": 0, "mean": 0.35188215971, "dvar2": 0, "min": 0.35188215971}, "bpm_histogram_first_peak_bpm": {"dvar": 0, "var": 0, "median": 136, "max": 136, "dmean": 0, "dmean2": 0, "mean": 136, "dvar2": 0, "min": 136}, "bpm": 134.846282959, "bpm_histogram_second_peak_weight": {"dvar": 0, "var": 0, "median": 0.0621931254864, "max": 0.0621931254864, "dmean": 0, "dmean2": 0, "mean": 0.0621931254864, "dvar2": 0, "min": 0.0621931254864}, "beats_loudness": {"dvar": 0.000332468334818, "var": 0.00116386206355, "median": 0.0192597471178, "max": 0.230359658599, "dmean": 0.0153536787257, "dmean2": 0.0266000404954, "mean": 0.0316809788346, "dvar2": 0.000966634601355, "min": 2.44155817199e-05}, "beats_loudness_band_ratio": {"dvar": [0.0239068660885, 0.00682268105447, 0.00354530499317, 0.00149212777615, 0.00423809140921, 0.0113784400746], "var": [0.0369575060904, 0.00856814533472, 0.00351462489925, 0.00243695941754, 0.00406587962061, 0.0152008328587], "median": [0.621494710445, 0.0618252679706, 0.0297557339072, 0.0361133664846, 0.0436105504632, 0.131809547544], "max": [0.967228651047, 0.746062040329, 0.480135500431, 0.323826640844, 0.674097180367, 0.722743570805], "dmean": [0.201782718301, 0.0686007961631, 0.0400862209499, 0.0305229257792, 0.0473859012127, 0.110968321562], "dmean2": [0.359640091658, 0.120422385633, 0.0725642442703, 0.0544941462576, 0.0875463187695, 0.193060159683], "mean": [0.604344308376, 0.0926139205694, 0.0485223159194, 0.0483030937612, 0.0577888414264, 0.169070705771], "dvar2": [0.0717034712434, 0.0189689174294, 0.0103339739144, 0.00445668911561, 0.0130546689034, 0.0321679115295], "min": [0.0771892368793, 0.00281345052645, 0.000950077257585, 2.73066598311e-05, 6.11634504821e-06, 0.00984243955463]}, "bpm_histogram_second_peak_bpm": {"dvar": 0, "var": 0, "median": 144, "max": 144, "dmean": 0, "dmean2": 0, "mean": 144, "dvar2": 0, "min": 144}, "onset_rate": 2.85551381111, "beats_count": 612, "beats_position": [0.441179126501, 0.882358253002, 1.3235373497, 1.77632653713, 2.21750569344, 2.6470746994, 3.08825397491, 3.51782298088, 3.94739222527, 4.3653512001, 4.78331041336, 5.21287965775, 5.65405893326, 6.08362817764, 6.5015873909, 6.91954612732, 7.33750534058, 7.77868461609, 8.2198638916, 8.66104316711, 9.10222244263, 9.54340076447, 9.97297000885, 10.4141492844, 10.8437185287, 11.2732877731, 11.6912469864, 12.0975961685, 12.5039453506, 12.9102945328, 13.328253746, 13.7462129593, 14.1525621414, 14.5705213547, 14.9884805679, 15.4180498123, 15.8360090256, 16.2655773163, 16.6951465607, 17.1131057739, 17.5310649872, 17.9374141693, 18.3553733826, 18.7733325958, 19.2029018402, 19.6324710846, 20.062040329, 20.5032196045, 20.94439888, 21.3855781555, 21.826757431, 22.2795467377, 22.7207260132, 23.1502952576, 23.5914726257, 24.009431839, 24.4273910522, 24.8453502655, 25.2633094788, 25.681268692, 26.1108379364, 26.5404071808, 26.958366394, 27.3879356384, 27.8175048828, 28.2354640961, 28.6650333405, 29.0829925537, 29.5125617981, 30.0117912292, 30.5110206604, 31.0218582153, 31.5443077087, 32.0435371399, 32.5543746948, 33.0652160645, 33.5760536194, 34.0985031128, 34.5745124817, 35.0505218506, 35.5265312195, 35.9444885254, 36.362449646, 36.7687988281, 37.186756134, 37.6047172546, 38.0226745605, 38.4522438049, 38.8702049255, 39.2881622314, 39.7177314758, 40.124080658, 40.5420417786, 40.9599990845, 41.3779602051, 41.795917511, 42.2138786316, 42.6202278137, 43.0265769958, 43.432926178, 43.8508834839, 44.257232666, 44.6403617859, 45.0234909058, 45.4066200256, 45.7897491455, 46.1612701416, 46.532787323, 46.9043083191, 47.2758255005, 47.6473464966, 48.0304756165, 48.4252128601, 48.80834198, 49.1914749146, 49.5862121582, 49.9693412781, 50.3524703979, 50.8052597046, 51.269657135, 51.7456665039, 52.2448959351, 52.7441253662, 53.2433547974, 53.7077522278, 54.1605415344, 54.6133308411, 55.08934021, 55.5537414551, 56.0181388855, 56.4709281921, 56.9237174988, 57.3765068054, 57.8292961121, 58.2936935425, 58.7464828491, 59.1992721558, 59.6520614624, 60.104850769, 60.5460319519, 60.9988212585, 61.4516105652, 61.9043960571, 62.34557724, 62.7867546082, 63.2395439148, 63.6923332214, 64.1335144043, 64.5863037109, 65.0390930176, 65.4802703857, 65.9214477539, 66.3742370605, 66.8270263672, 67.2682037354, 67.7093887329, 68.1621780396, 68.6149673462, 69.0561447144, 69.508934021, 69.9617233276, 70.4145126343, 70.8673019409, 71.3084793091, 71.7496566772, 72.1908340454, 72.6436233521, 73.0964126587, 73.5375976562, 73.9787750244, 74.4199523926, 74.8611297607, 75.3139190674, 75.766708374, 76.2194976807, 76.6722869873, 77.1134643555, 77.554649353, 78.0074386597, 78.4602279663, 78.9130172729, 79.3658065796, 79.8069839478, 80.2481613159, 80.7009506226, 81.1421279907, 81.5949172974, 82.0360946655, 82.4888839722, 82.9416732788, 83.3828582764, 83.8240356445, 84.2768249512, 84.7296142578, 85.170791626, 85.6119689941, 86.0647583008, 86.5175476074, 86.9703369141, 87.4231262207, 87.8643035889, 88.3054885864, 88.7466659546, 89.1994552612, 89.6522445679, 90.093421936, 90.5462112427, 90.9990005493, 91.451789856, 91.9045791626, 92.3573684692, 92.8101577759, 93.251335144, 93.6925125122, 94.1453018188, 94.5864868164, 95.039276123, 95.4804534912, 95.9216308594, 96.3628082275, 96.8155975342, 97.2683868408, 97.7211761475, 98.1623535156, 98.6151428223, 99.0563278198, 99.497505188, 99.9386825562, 100.391471863, 100.844261169, 101.297050476, 101.749839783, 102.191017151, 102.643806458, 103.096595764, 103.549385071, 104.002174377, 104.443351746, 104.896141052, 105.33732605, 105.778503418, 106.231292725, 106.684082031, 107.125259399, 107.566436768, 108.019226074, 108.460403442, 108.90158844, 109.342765808, 109.795555115, 110.248344421, 110.68952179, 111.130699158, 111.571876526, 112.024665833, 112.477455139, 112.930244446, 113.383033752, 113.82421875, 114.265396118, 114.706573486, 115.159362793, 115.6121521, 116.064941406, 116.506118774, 116.958908081, 117.411697388, 117.864486694, 118.305664062, 118.74684906, 119.188026428, 119.640815735, 120.093605042, 120.546394348, 120.999183655, 121.440361023, 121.89315033, 122.345939636, 122.787117004, 123.228294373, 123.66947937, 124.122268677, 124.575057983, 125.016235352, 125.45741272, 125.910202026, 126.362991333, 126.804168701, 127.245346069, 127.686531067, 128.139312744, 128.592102051, 129.033279419, 129.486068726, 129.938858032, 130.3800354, 130.821228027, 131.274017334, 131.726806641, 132.179595947, 132.632385254, 133.073562622, 133.51473999, 133.955917358, 134.408706665, 134.861495972, 135.30267334, 135.755462646, 136.196640015, 136.649429321, 137.090606689, 137.531784058, 137.972961426, 138.425750732, 138.878540039, 139.319732666, 139.795730591, 140.260131836, 140.724533081, 141.200546265, 141.66494751, 142.140945435, 142.616958618, 143.092971802, 143.580581665, 144.056594849, 144.544219971, 145.031829834, 145.531066895, 146.030288696, 146.517913818, 147.005523682, 147.493148804, 147.980773926, 148.468383789, 148.944396973, 149.420410156, 149.90802002, 150.40725708, 150.894866943, 151.382492065, 151.858505249, 152.322906494, 152.78729248, 153.263305664, 153.739318848, 154.215332031, 154.691329956, 155.16734314, 155.643356323, 156.130966187, 156.618591309, 157.106216431, 157.593826294, 158.069839478, 158.545852661, 159.033462524, 159.521087646, 160.00869751, 160.496322632, 160.983947754, 161.471557617, 161.959182739, 162.435195923, 162.911193848, 163.39881897, 163.886444092, 164.374053955, 164.861679077, 165.34928894, 165.825302124, 166.301315308, 166.765716553, 167.230117798, 167.706115723, 168.182128906, 168.65814209, 169.134140015, 169.610153198, 170.074554443, 170.550567627, 171.014968872, 171.479354858, 171.943756104, 172.408157349, 172.860946655, 173.313735962, 173.766525269, 174.219314575, 174.672103882, 175.124893188, 175.566070557, 176.007247925, 176.448425293, 176.88961792, 177.330795288, 177.771972656, 178.224761963, 178.665939331, 179.118728638, 179.548294067, 180.001083374, 180.442260742, 180.88343811, 181.324615479, 181.765808105, 182.206985474, 182.648162842, 183.100952148, 183.553741455, 183.994918823, 184.436096191, 184.888885498, 185.341674805, 185.782852173, 186.235641479, 186.676818848, 187.117996216, 187.547576904, 187.988754272, 188.429931641, 188.871109009, 189.312286377, 189.753463745, 190.194641113, 190.635818481, 191.07699585, 191.506576538, 191.936141968, 192.377319336, 192.818496704, 193.236465454, 193.677642822, 194.11882019, 194.559997559, 195.001174927, 195.442352295, 195.883529663, 196.324707031, 196.75428772, 197.195465088, 197.648254395, 198.089431763, 198.530609131, 198.995010376, 199.447799683, 199.888977051, 200.330154419, 200.782943726, 201.235733032, 201.688522339, 202.141311646, 202.594100952, 203.03527832, 203.476455688, 203.917633057, 204.358810425, 204.811599731, 205.264389038, 205.717178345, 206.169967651, 206.611160278, 207.052337646, 207.505126953, 207.95791626, 208.410705566, 208.863494873, 209.304672241, 209.757461548, 210.210250854, 210.651428223, 211.092605591, 211.545394897, 211.998184204, 212.439361572, 212.88053894, 213.333328247, 213.774505615, 214.215682983, 214.656860352, 215.109649658, 215.550842285, 215.992019653, 216.433197021, 216.87437439, 217.327163696, 217.779953003, 218.221130371, 218.662307739, 219.115097046, 219.556274414, 219.997451782, 220.450241089, 220.903030396, 221.355819702, 221.79699707, 222.261398315, 222.714187622, 223.15536499, 223.608154297, 224.049331665, 224.502120972, 224.943313599, 225.396102905, 225.837280273, 226.278457642, 226.731246948, 227.184036255, 227.625213623, 228.07800293, 228.530792236, 228.983581543, 229.43637085, 229.889160156, 230.341949463, 230.79473877, 231.247528076, 231.700317383, 232.153106689, 232.605895996, 233.070297241, 233.523086548, 233.987472534, 234.440261841, 234.893051147, 235.345840454, 235.798629761, 236.251419067, 236.692596436, 237.133789062, 237.563354492, 238.00453186, 238.43409729, 238.86366272, 239.304855347, 239.746032715, 240.187210083, 240.628387451, 241.069564819, 241.510742188, 241.963531494, 242.416320801, 242.857498169, 243.298675537, 243.739852905, 244.181045532, 244.6222229, 245.075012207, 245.527801514, 245.968978882, 246.41015625, 246.851333618, 247.292510986, 247.745300293, 248.1980896, 248.639266968, 249.080444336, 249.521621704, 249.962814331, 250.403991699, 250.845169067, 251.297958374, 251.739135742, 252.18031311, 252.633102417, 253.074279785, 253.515457153, 253.956634521, 254.409423828, 254.862213135, 255.303390503, 255.74458313, 256.185760498, 256.626922607, 257.068115234, 257.509277344, 257.96206665, 258.414855957, 258.844451904, 259.274017334, 259.715179443, 260.16796875, 260.620758057, 261.061950684, 261.503112793, 261.94430542, 262.385467529, 262.826660156, 263.267852783, 263.709014893, 264.138580322, 264.568145752, 264.997741699, 265.438903809, 265.891693115, 266.344482422, 266.797271729, 267.261688232, 267.679626465, 268.085968018, 268.492340088, 268.898681641, 269.32824707, 269.769439697, 270.199005127, 270.628570557, 271.069732666, 271.510925293, 271.95211792, 272.393280029, 272.822845459, 273.252410889], "danceability": 1.0598423481, "bpm_histogram_second_peak_spread": {"dvar": 0, "var": 0, "median": 0.269230753183, "max": 0.269230753183, "dmean": 0, "dmean2": 0, "mean": 0.269230753183, "dvar2": 0, "min": 0.269230753183}}, "lowlevel": {"spectral_flux": {"dvar": 0.000966913066804, "var": 0.00346200168133, "median": 0.0587901771069, "max": 0.409691244364, "dmean": 0.0206031799316, "dmean2": 0.0337766334414, "mean": 0.0767626985908, "dvar2": 0.00222115591168, "min": 0.00184710754547}, "spectral_rolloff": {"dvar": 61766320, "var": 103066416, "median": 3423.77929688, "max": 22028.4667969, "dmean": 4501.0546875, "dmean2": 8683.71484375, "mean": 10500.1689453, "dvar2": 141846672, "min": 43.06640625}, "barkbands_flatness_db": {"dvar": 0.00124613929074, "var": 0.00644171843305, "median": 0.167615175247, "max": 0.56310147047, "dmean": 0.035182133317, "dmean2": 0.0546152554452, "mean": 0.178437754512, "dvar2": 0.00311950058676, "min": 0.0323973558843}, "spectral_centroid": {"dvar": 58936.96875, "var": 519114.5, "median": 906.948303223, "max": 3713.82983398, "dmean": 202.890319824, "dmean2": 287.869354248, "mean": 1049.71728516, "dvar2": 102528.171875, "min": 140.631820679}, "melbands_skewness": {"dvar": 1.32155823708, "var": 4.70198154449, "median": 3.33618330956, "max": 17.285736084, "dmean": 1.10196197033, "dmean2": 1.75995099545, "mean": 3.74255132675, "dvar2": 3.41498351097, "min": -0.919433414936}, "melbands": {"dvar": [1.8163711502e-05, 1.14328631753e-05, 2.73576779364e-06, 2.51692512165e-07, 1.32601755354e-07, 1.5427656308e-07, 1.77369201992e-07, 2.03919903186e-08, 3.17377626402e-08, 1.35608031471e-08, 8.16568146433e-09, 1.42316176621e-08, 8.23467960487e-09, 1.39617792883e-08, 1.51290855399e-08, 3.00354230376e-09, 1.94275950882e-09, 9.39258892885e-10, 1.11173459327e-09, 7.97995780566e-10, 4.80826656268e-10, 8.02295729851e-10, 3.19903686874e-10, 2.83809642454e-10, 2.56524246289e-10, 2.21697590841e-10, 1.44630002419e-10, 6.56008303235e-11, 2.20789758004e-11, 1.19471524687e-11, 6.82019805215e-12, 3.59336952555e-12, 4.65482903958e-12, 1.91424805694e-12, 5.22677658533e-13, 1.8051537912e-13, 9.93157447016e-14, 2.69807590034e-14, 1.98003459366e-15, 8.16262357863e-16], "var": [1.87434761756e-05, 1.20229842651e-05, 2.80993617707e-06, 3.28124457383e-07, 2.28227676757e-07, 4.90450190682e-07, 4.26907575957e-07, 3.81458242771e-08, 6.95391477734e-08, 2.65881734407e-08, 1.34048798728e-08, 1.84098905009e-08, 1.83775163975e-08, 3.15960164698e-08, 3.01066513941e-08, 7.14524350798e-09, 3.88738463641e-09, 2.33471175726e-09, 2.50405718383e-09, 1.77765557829e-09, 1.28653077081e-09, 2.33558772322e-09, 7.48827500008e-10, 7.74160124895e-10, 7.77879594072e-10, 6.0851629291e-10, 4.23854923381e-10, 1.93383767333e-10, 4.67850064245e-11, 2.6164502856e-11, 1.34853491221e-11, 7.74050702007e-12, 7.09541843683e-12, 2.83788509185e-12, 9.94449097722e-13, 3.83589834159e-13, 1.98609141286e-13, 6.22025353317e-14, 3.4512270615e-15, 9.31570752918e-16], "median": [0.00126183836255, 0.00071174983168, 0.000308860180667, 0.000122795710922, 4.83254007122e-05, 3.93013069697e-05, 2.7461170248e-05, 1.36574890348e-05, 1.33861485665e-05, 9.32953935262e-06, 8.84675864654e-06, 7.16214572094e-06, 7.50045228415e-06, 9.18208479561e-06, 9.19902504393e-06, 6.33737363387e-06, 4.07955485571e-06, 4.67419204142e-06, 4.96026223118e-06, 4.01947590944e-06, 3.12538418257e-06, 3.05335515804e-06, 2.5997337616e-06, 2.08539609048e-06, 1.47360742631e-06, 9.37291758873e-07, 5.66139362945e-07, 3.03736726437e-07, 1.99729626615e-07, 1.54437231004e-07, 1.08447466118e-07, 7.36978549298e-08, 5.68001752299e-08, 3.86510059514e-08, 2.6559680677e-08, 1.86515372036e-08, 1.30421611289e-08, 1.00868708941e-08, 6.86505963188e-09, 3.9936605134e-09], "max": [0.0607252009213, 0.0460391938686, 0.0334944166243, 0.00879873055965, 0.010369242169, 0.0102222207934, 0.0165324509144, 0.00433495780453, 0.00792760495096, 0.00426023546606, 0.0023428350687, 0.00693982234225, 0.00303158606403, 0.00487809302285, 0.00517288036644, 0.00205506547354, 0.00173579598777, 0.000552791985683, 0.000666391744744, 0.000582305190619, 0.000640025013126, 0.000628770212643, 0.000384995306376, 0.000741902855225, 0.000769817503169, 0.000559789594263, 0.000488113058964, 0.00030853896169, 0.000137751965667, 0.00017257303989, 0.000117091301945, 8.46573675517e-05, 0.000151308646309, 9.12687246455e-05, 4.14580099459e-05, 1.83643005585e-05, 1.73065964191e-05, 6.66101504976e-06, 1.28560134272e-06, 5.36662980721e-07], "dmean": [0.00176233286038, 0.00127330434043, 0.000572062795982, 0.000214473708184, 0.000122965095215, 0.000122460813145, 0.000107773223135, 4.50249026471e-05, 5.63414687349e-05, 3.76959360437e-05, 2.84515936073e-05, 2.6727320801e-05, 2.98112554447e-05, 3.38686550094e-05, 3.76060161216e-05, 1.98121797439e-05, 1.50174118971e-05, 1.30892512971e-05, 1.42383851198e-05, 1.1816566257e-05, 9.76236424322e-06, 1.23880490719e-05, 7.83888663136e-06, 6.96653796695e-06, 5.54371854378e-06, 4.34626463175e-06, 2.97935753224e-06, 1.91470780919e-06, 1.14944975849e-06, 8.46062334858e-07, 6.4179198489e-07, 4.19152911491e-07, 3.60862202342e-07, 2.56099383478e-07, 1.57792300115e-07, 1.04092663378e-07, 7.31443350332e-08, 4.6285453692e-08, 1.97302814087e-08, 1.35383091404e-08], "dmean2": [0.00299921515398, 0.00209633028135, 0.000945395848248, 0.000361142592737, 0.000199947258807, 0.000196743741981, 0.000168530314113, 7.44400313124e-05, 9.25811837078e-05, 6.15542958258e-05, 4.71897947136e-05, 4.42368909717e-05, 4.86048811581e-05, 5.63281682844e-05, 6.36947515886e-05, 3.34911273967e-05, 2.52146201092e-05, 2.17489559873e-05, 2.37913136516e-05, 1.95625270862e-05, 1.6049876649e-05, 2.00434078579e-05, 1.27432022055e-05, 1.10481450974e-05, 8.53585243021e-06, 6.82895233695e-06, 4.43518865723e-06, 2.8575673241e-06, 1.70256600995e-06, 1.27934242755e-06, 9.92833179225e-07, 6.12806218214e-07, 5.33775846634e-07, 3.83226080203e-07, 2.34266153143e-07, 1.55167754201e-07, 1.09116513158e-07, 7.01518487745e-08, 3.19546060723e-08, 2.24154650397e-08], "mean": [0.00260674138553, 0.00166646193247, 0.000777055101935, 0.000309095630655, 0.000189729398699, 0.000230963007198, 0.000186617180589, 7.46231453377e-05, 9.32784241741e-05, 6.36449694866e-05, 4.55873596366e-05, 3.99907003157e-05, 5.06753676746e-05, 6.30339491181e-05, 6.70250810799e-05, 3.67470456695e-05, 2.68061703537e-05, 2.4329061489e-05, 2.59212738456e-05, 2.21183618123e-05, 1.92850820895e-05, 2.42889127549e-05, 1.47314303831e-05, 1.36173339342e-05, 1.11566896521e-05, 8.4861421783e-06, 5.85750831306e-06, 3.71998794435e-06, 2.1672017283e-06, 1.65404708241e-06, 1.2555850617e-06, 7.90150011198e-07, 6.28123132174e-07, 4.59455691271e-07, 2.77710057617e-07, 1.8623720166e-07, 1.30606991888e-07, 7.89050815797e-08, 2.61620964892e-08, 1.39357752005e-08], "dvar2": [4.91664359288e-05, 2.8499543987e-05, 7.1597405622e-06, 6.65630352614e-07, 3.29908715457e-07, 3.66452781009e-07, 4.05618351351e-07, 5.11979720841e-08, 7.88907001947e-08, 3.52564519801e-08, 2.17462812202e-08, 3.82335940685e-08, 1.96310736555e-08, 3.50343043465e-08, 4.17636769612e-08, 7.78447262206e-09, 5.38093258839e-09, 2.48268894332e-09, 3.13437187316e-09, 2.18194151635e-09, 1.26474009043e-09, 2.07603001456e-09, 8.49182557605e-10, 6.93606727609e-10, 5.39350730744e-10, 5.08357300699e-10, 2.68237182466e-10, 1.33702451888e-10, 4.96986063414e-11, 2.48268801351e-11, 1.67865738671e-11, 7.48229776748e-12, 1.07351636261e-11, 4.75440129974e-12, 1.15658654529e-12, 4.21242820356e-13, 2.36532988291e-13, 5.8597610542e-14, 4.69487323367e-15, 2.0300726415e-15], "min": [2.54252174869e-10, 1.75508566014e-10, 6.03010349987e-11, 1.56137498764e-11, 1.75355997084e-11, 2.59586865892e-11, 1.34645307057e-11, 2.34718819901e-12, 5.9802740017e-12, 3.62940406895e-12, 2.47841265739e-12, 3.44657744185e-12, 1.56371909778e-12, 2.161753632e-12, 9.31205741857e-13, 1.58445413907e-12, 9.0301518433e-13, 5.99206610979e-13, 6.0320981066e-13, 4.62213492307e-13, 4.8134396859e-13, 3.93332393565e-13, 2.78230400958e-13, 2.11254231881e-13, 2.64531045723e-13, 2.12816187741e-13, 2.64112272634e-13, 1.48618273178e-13, 1.55323101386e-13, 1.81270038042e-13, 1.14615673723e-13, 8.47571456921e-14, 9.18830847995e-14, 9.29463957514e-14, 1.27097917152e-13, 1.04046125556e-13, 1.50632829235e-13, 1.07129671074e-13, 2.75425349709e-14, 1.13274359781e-14]}, "spectral_decrease": {"dvar": 2.68042633173e-17, "var": 4.34330238862e-17, "median": -2.59952681603e-09, "max": 5.52365930773e-09, "dmean": 2.53729282029e-09, "dmean2": 4.17005452391e-09, "mean": -4.840928991e-09, "dvar2": 6.84364571073e-17, "min": -6.78360052575e-08}, "barkbands_kurtosis": {"dvar": 365.624816895, "var": 845.155761719, "median": 10.5845165253, "max": 357.743713379, "dmean": 11.5586290359, "dmean2": 18.6731414795, "mean": 21.6762313843, "dvar2": 947.857055664, "min": -1.76574909687}, "silence_rate_30dB": {"dvar": 0.0286358930171, "var": 0.0273552369326, "median": 1, "max": 1, "dmean": 0.0295065287501, "dmean2": 0.059018060565, "mean": 0.971852481365, "dvar2": 0.0643537193537, "min": 0}, "gfcc": {"mean": [-74.5223922729, 102.455467224, -75.8999862671, 11.0637769699, -3.23286914825, -12.9430084229, -4.70646190643, -12.3337049484, -4.14875030518, -9.74998760223, -3.32108449936, -3.0574734211, -7.626973629], "cov": [[14687.2714844, -1829.28015137, -3665.73730469, -186.024627686, 676.223815918, -412.135070801, 828.62701416, 272.818328857, 646.692382812, 246.148742676, 319.946105957, 492.907409668, -203.092926025], [-1829.28015137, 976.031799316, 448.968231201, -279.580200195, -47.0894508362, 26.8068008423, -48.4991722107, -53.9836158752, -87.6253204346, -10.1381263733, 36.366317749, -121.753227234, 101.920677185], [-3665.73730469, 448.968231201, 1364.2532959, 97.7527770996, -389.422576904, 192.081680298, -305.918212891, -70.3580780029, -216.005645752, -61.8658943176, -132.681549072, -133.558822632, 9.65185832977], [-186.024627686, -279.580200195, 97.7527770996, 348.630767822, 39.7992897034, 4.04530143738, -0.931895256042, -1.17515146732, 4.98551750183, -25.1510791779, -60.7508621216, 33.7702865601, -40.7227325439], [676.223815918, -47.0894508362, -389.422576904, 39.7992897034, 352.404663086, -44.2186927795, 136.408462524, 40.6703262329, 86.8692169189, 12.5593147278, 71.848815918, 24.066822052, 34.6337814331], [-412.135070801, 26.8068008423, 192.081680298, 4.04530143738, -44.2186927795, 204.951934814, -30.7764930725, 60.2499160767, -34.0213356018, 17.4374294281, -18.1336898804, -8.87815189362, 4.93951511383], [828.62701416, -48.4991722107, -305.918212891, -0.931895256042, 136.408462524, -30.7764930725, 189.176773071, 13.531993866, 90.432144165, 12.6141214371, 33.3443832397, 38.1282463074, -12.4557495117], [272.818328857, -53.9836158752, -70.3580780029, -1.17515146732, 40.6703262329, 60.2499160767, 13.531993866, 134.418060303, 37.6910934448, 36.3874588013, 26.8507881165, 9.34358215332, 12.9813346863], [646.692382812, -87.6253204346, -216.005645752, 4.98551750183, 86.8692169189, -34.0213356018, 90.432144165, 37.6910934448, 120.573371887, 40.8582344055, 40.8252449036, 45.7140617371, -14.0069770813], [246.148742676, -10.1381263733, -61.8658943176, -25.1510791779, 12.5593147278, 17.4374294281, 12.6141214371, 36.3874588013, 40.8582344055, 72.3724746704, 50.451171875, 24.977432251, 13.957069397], [319.946105957, 36.366317749, -132.681549072, -60.7508621216, 71.848815918, -18.1336898804, 33.3443832397, 26.8507881165, 40.8252449036, 50.451171875, 98.125617981, 43.2729644775, 31.4818611145], [492.907409668, -121.753227234, -133.558822632, 33.7702865601, 24.066822052, -8.87815189362, 38.1282463074, 9.34358215332, 45.7140617371, 24.977432251, 43.2729644775, 95.8682632446, 12.7963542938], [-203.092926025, 101.920677185, 9.65185832977, -40.7227325439, 34.6337814331, 4.93951511383, -12.4557495117, 12.9813346863, -14.0069770813, 13.957069397, 31.4818611145, 12.7963542938, 83.7069091797]], "icov": [[0.000279597239569, 0.000134387708385, 0.000695324910339, 0.000117939234769, 0.000275492318906, 1.10234213935e-05, -0.00019605612033, -0.000209953563171, 0.000133837151225, -0.000308127753669, 0.000103745231172, -0.000403488171287, 0.000477128196508], [0.000134387708385, 0.00286813057028, -0.00112506072037, 0.00198571314104, -0.000331600866048, 0.000355521420715, -0.00177912123036, 0.000702590681612, 1.31282658913e-05, 0.000297457998386, -0.00158321845811, 0.00235652853735, -0.00214006751776], [0.000695324910339, -0.00112506072037, 0.00485015381128, -0.00258905952796, 0.0034621572122, -0.00248316279612, 0.00195800606161, 0.000707106024493, -0.00109291926492, 0.00122631434351, -0.00170256721321, 0.00167102261912, 0.000131362685352], [0.000117939234769, 0.00198571314104, -0.00258905952796, 0.00776427146047, -0.00472747627646, 0.00260238558985, -0.00114053336438, -0.001505824388, 0.00288011925295, -0.00369315943681, 0.00756773957983, -0.006636030972, 0.00307637895457], [0.000275492318906, -0.000331600866048, 0.0034621572122, -0.00472747627646, 0.00974452029914, -0.00277525535785, -0.00163224246353, 0.00096506124828, -0.00500875851139, 0.00694109685719, -0.00972204748541, 0.00820266176015, -0.00548049388453], [1.10234213935e-05, 0.000355521420715, -0.00248316279612, 0.00260238558985, -0.00277525535785, 0.00973373651505, -0.00247879559174, -0.00563706457615, 0.00646362453699, -0.00667367503047, 0.00659194542095, -0.0055388007313, 0.00278730550781], [-0.00019605612033, -0.00177912123036, 0.00195800606161, -0.00114053336438, -0.00163224246353, -0.00247879559174, 0.0129451751709, 0.00198785238899, -0.0071127298288, 0.00317670265213, 0.000295504578389, -0.00107801752165, 0.00168332108296], [-0.000209953563171, 0.000702590681612, 0.000707106024493, -0.001505824388, 0.00096506124828, -0.00563706457615, 0.00198785238899, 0.0130640286952, -0.00645259395242, 0.00068728858605, -0.00453515863046, 0.00619283504784, -0.00441118702292], [0.000133837151225, 1.31282658913e-05, -0.00109291926492, 0.00288011925295, -0.00500875851139, 0.00646362453699, -0.0071127298288, -0.00645259395242, 0.0258714929223, -0.0143491607159, 0.00750547694042, -0.0110905962065, 0.00906351488084], [-0.000308127753669, 0.000297457998386, 0.00122631434351, -0.00369315943681, 0.00694109685719, -0.00667367503047, 0.00317670265213, 0.00068728858605, -0.0143491607159, 0.0352971963584, -0.0215209908783, 0.00954986456782, -0.00681221252307], [0.000103745231172, -0.00158321845811, -0.00170256721321, 0.00756773957983, -0.00972204748541, 0.00659194542095, 0.000295504578389, -0.00453515863046, 0.00750547694042, -0.0215209908783, 0.0375990793109, -0.0197040066123, 0.0041537489742], [-0.000403488171287, 0.00235652853735, 0.00167102261912, -0.006636030972, 0.00820266176015, -0.0055388007313, -0.00107801752165, 0.00619283504784, -0.0110905962065, 0.00954986456782, -0.0197040066123, 0.0307388715446, -0.0121937356889], [0.000477128196508, -0.00214006751776, 0.000131362685352, 0.00307637895457, -0.00548049388453, 0.00278730550781, 0.00168332108296, -0.00441118702292, 0.00906351488084, -0.00681221252307, 0.0041537489742, -0.0121937356889, 0.0231832731515]]}, "silence_rate_20dB": {"dvar": 0, "var": 0, "median": 1, "max": 1, "dmean": 0, "dmean2": 0, "mean": 1, "dvar2": 0, "min": 1}, "barkbands_skewness": {"dvar": 1.10686290264, "var": 3.95001268387, "median": 2.72922444344, "max": 16.6395683289, "dmean": 0.972921311855, "dmean2": 1.52502250671, "mean": 3.12403321266, "dvar2": 2.77640724182, "min": -1.7305586338}, "erbbands_skewness": {"dvar": 0.245755672455, "var": 2.12291312218, "median": -0.0201923046261, "max": 9.87070560455, "dmean": 0.432975560427, "dmean2": 0.662907123566, "mean": 0.338014245033, "dvar2": 0.600726544857, "min": -3.29619860649}, "spectral_contrast_valleys": {"dvar": [0.0946000292897, 0.113479562104, 0.120937086642, 0.159846410155, 0.189648017287, 0.270393699408], "var": [0.666516959667, 1.18545806408, 1.52341866493, 1.91040027142, 1.98984992504, 1.03234624863], "median": [-6.96587324142, -7.18813705444, -7.59833526611, -7.80609369278, -8.121717453, -11.363243103], "max": [-5.12980270386, -4.71398544312, -5.17500972748, -5.33247327805, -5.3102440834, -9.03128623962], "dmean": [0.382423967123, 0.399464905262, 0.36962684989, 0.368912547827, 0.398255586624, 0.608859479427], "dmean2": [0.634889006615, 0.647365927696, 0.591165602207, 0.575037539005, 0.58687967062, 0.965269565582], "mean": [-7.08399009705, -7.24889230728, -7.73394775391, -7.99938678741, -8.2510175705, -11.4884872437], "dvar2": [0.249985948205, 0.290943056345, 0.301423639059, 0.388086140156, 0.459346294403, 0.724422812462], "min": [-13.4000959396, -14.1003341675, -14.6292943954, -15.2503662109, -15.2757854462, -17.6677932739]}, "spectral_strongpeak": {"dvar": 90.6738510132, "var": 85.9698410034, "median": 0.161183416843, "max": 154.035079956, "dmean": 2.34066915512, "dmean2": 4.3456902504, "mean": 2.00487685204, "dvar2": 256.685272217, "min": 0}, "erbbands_crest": {"dvar": 5.02001714706, "var": 14.7822036743, "median": 6.83090209961, "max": 27.6080093384, "dmean": 2.25929236412, "dmean2": 3.76189231873, "mean": 7.95960760117, "dvar2": 14.4025249481, "min": 2.23097729683}, "barkbands_crest": {"dvar": 6.17336845398, "var": 18.8122844696, "median": 11.5960502625, "max": 25.0303077698, "dmean": 2.92631030083, "dmean2": 4.84311723709, "mean": 11.7767477036, "dvar2": 16.586566925, "min": 2.19950509071}, "spectral_energyband_middle_low": {"dvar": 2.76551727438e-05, "var": 7.81129710958e-05, "median": 0.00198282394558, "max": 0.0832905694842, "dmean": 0.00234203366563, "dmean2": 0.00383929698728, "mean": 0.00544383609667, "dvar2": 7.27529259166e-05, "min": 3.99375643667e-10}, "spectral_contrast_coeffs": {"dvar": [0.00166684645228, 0.00119275029283, 0.000644467829261, 0.000482245173771, 0.000350906222593, 0.000976253824774], "var": [0.00568693270907, 0.00399985956028, 0.00252423249185, 0.00303837284446, 0.00419840728864, 0.00632000993937], "median": [-0.716729640961, -0.798858523369, -0.841591060162, -0.836680233479, -0.813649356365, -0.789822101593], "max": [-0.405854225159, -0.469762861729, -0.589911043644, -0.629261553288, -0.686719536781, -0.510066926479], "dmean": [0.0504562593997, 0.0438784360886, 0.0317274220288, 0.0266813859344, 0.0220744684339, 0.0321132130921], "dmean2": [0.0835927128792, 0.072802297771, 0.0536273159087, 0.0447865128517, 0.0361448861659, 0.0501868166029], "mean": [-0.710474848747, -0.790843904018, -0.841352939606, -0.843199849129, -0.831280112267, -0.780493319035], "dvar2": [0.0044102598913, 0.00331844366156, 0.00178999407217, 0.00128670991398, 0.000888897222467, 0.00237172259949], "min": [-0.931132793427, -0.948755860329, -0.976012229919, -0.991167485714, -0.980862975121, -0.949302792549]}, "hfc": {"dvar": 1110.0690918, "var": 11222.5654297, "median": 36.6024208069, "max": 955.083129883, "dmean": 21.6068229675, "dmean2": 34.4110527039, "mean": 88.2350158691, "dvar2": 2974.41601562, "min": 8.42386943987e-05}, "spectral_energyband_high": {"dvar": 1.62430922046e-07, "var": 9.52694222178e-07, "median": 6.99268421158e-05, "max": 0.0129152778536, "dmean": 0.000135553098517, "dmean2": 0.00018375091895, "mean": 0.000473400985356, "dvar2": 3.08615710765e-07, "min": 1.2051792897e-10}, "erbbands_spread": {"dvar": 53.0145492554, "var": 216.802703857, "median": 30.6904087067, "max": 129.832931519, "dmean": 7.25841283798, "dmean2": 11.4372348785, "mean": 31.9413299561, "dvar2": 128.397827148, "min": 1.17721629143}, "dissonance": {"dvar": 0.00045294186566, "var": 0.00112063065171, "median": 0.47989693284, "max": 0.500000119209, "dmean": 0.0172263719141, "dmean2": 0.0285423155874, "mean": 0.46915358305, "dvar2": 0.00118758284952, "min": 0.182534143329}, "spectral_kurtosis": {"dvar": 132.942016602, "var": 159.919586182, "median": 16.2958316803, "max": 294.536010742, "dmean": 6.16977262497, "dmean2": 9.95825386047, "mean": 18.8326187134, "dvar2": 353.317352295, "min": 3.00964832306}, "spectral_skewness": {"dvar": 0.518891751766, "var": 0.976891636848, "median": 2.70883631706, "max": 14.4320411682, "dmean": 0.465438246727, "dmean2": 0.733148694038, "mean": 2.9254219532, "dvar2": 1.35417795181, "min": 0.883823394775}, "pitch_salience": {"dvar": 0.00546494638547, "var": 0.0164391286671, "median": 0.528623461723, "max": 0.8304027915, "dmean": 0.0861123129725, "dmean2": 0.142192408442, "mean": 0.512202382088, "dvar2": 0.0147577542812, "min": 0.0837508738041}, "spectral_complexity": {"dvar": 10.5475082397, "var": 199.198196411, "median": 9, "max": 62, "dmean": 2.69645571709, "dmean2": 4.05393028259, "mean": 14.5873670578, "dvar2": 19.6406097412, "min": 0}, "spectral_spread": {"dvar": 352719110144, "var": 856189566976, "median": 3673081.25, "max": 11320002, "dmean": 589166.625, "dmean2": 924235.3125, "mean": 3781769.25, "dvar2": 876582797312, "min": 672072.1875}, "dynamic_complexity": 5.60248613358, "melbands_crest": {"dvar": 13.3606967926, "var": 44.6965789795, "median": 18.7588195801, "max": 37.9929008484, "dmean": 4.23427820206, "dmean2": 7.01550149918, "mean": 19.3833522797, "dvar2": 36.4320602417, "min": 4.41368436813}, "zerocrossingrate": {"dvar": 0.00179229525384, "var": 0.013550392352, "median": 0.22900390625, "max": 0.79541015625, "dmean": 0.0448123700917, "dmean2": 0.0544099658728, "mean": 0.240144342184, "dvar2": 0.00247226562351, "min": 0.0029296875}, "spectral_energyband_low": {"dvar": 0.000314956909278, "var": 0.000370828085579, "median": 0.00727478088811, "max": 0.238661959767, "dmean": 0.00829250644892, "dmean2": 0.0138294920325, "mean": 0.0133024686947, "dvar2": 0.000816146028228, "min": 1.32768973593e-09}, "melbands_kurtosis": {"dvar": 570.395996094, "var": 1266.81347656, "median": 16.4783153534, "max": 414.04486084, "dmean": 15.6100625992, "dmean2": 25.4223575592, "mean": 29.1700000763, "dvar2": 1516.35449219, "min": -1.80858194828}, "spectral_energyband_middle_high": {"dvar": 4.49274830316e-06, "var": 3.6106837797e-05, "median": 0.000779940688517, "max": 0.0622919090092, "dmean": 0.000966820283793, "dmean2": 0.00147551251575, "mean": 0.003513809992, "dvar2": 1.11132685561e-05, "min": 1