{"lowlevel": {"erbbands": {"mean": [0.168342277408, 1.73053944111, 5.56384038925, 9.13630485535, 13.4626283646, 13.2512769699, 19.6187839508, 19.5196475983, 18.2697505951, 13.6140069962, 22.0775470734, 23.0932121277, 40.4081687927, 46.2801094055, 27.0422496796, 34.0544624329, 24.8402919769, 23.2077560425, 25.0426197052, 21.7380008698, 29.0428028107, 32.9976997375, 23.4112758636, 25.4551868439, 18.3746376038, 27.5255413055, 21.1675128937, 12.9949522018, 11.9409389496, 9.05697822571, 9.12568950653, 6.27732610703, 3.4771335125, 1.60459315777, 0.41232702136, 0.117952696979, 0.0352780781686, 0.00694443006068, 0.000928259745706, 8.65304464241e-05], "dvar": [0.0706824213266, 6.50692749023, 17.6447429657, 34.4624519348, 276.353424072, 137.317581177, 360.292236328, 342.123565674, 250.576919556, 195.70375061, 617.47857666, 612.087524414, 1706.27258301, 2359.7644043, 883.176025391, 1159.94995117, 707.398803711, 760.480773926, 819.154846191, 359.582000732, 554.445556641, 582.812988281, 270.530456543, 250.472885132, 149.445343018, 399.907165527, 329.92010498, 256.410858154, 302.462219238, 162.073516846, 156.920639038, 66.6980056763, 19.4284420013, 4.10047769547, 0.263915687799, 0.0159837417305, 0.00177763181273, 0.000138689094456, 4.94125424666e-06, 1.28682682288e-08], "min": [1.11631363875e-11, 5.87773926752e-12, 1.5505938547e-12, 1.60334235038e-12, 2.67259326649e-12, 6.16926431815e-12, 6.56173249416e-12, 1.88591833122e-11, 3.0482290303e-11, 5.55178680806e-11, 6.11227526925e-11, 5.01265765007e-11, 7.99189117662e-11, 1.56804638718e-10, 2.01904312713e-10, 1.95751068133e-10, 2.39106762168e-10, 2.58374710516e-10, 3.94850457885e-10, 2.38889269477e-10, 3.36976307969e-10, 4.42540920575e-10, 6.32242591614e-10, 7.32118032865e-10, 7.99710520027e-10, 6.54881315842e-10, 1.08337216975e-09, 3.37777639192e-10, 6.89018453404e-10, 1.14322940004e-09, 9.31284049877e-10, 1.22645227307e-09, 1.04211572705e-09, 1.10950004739e-09, 1.00260866276e-09, 9.77506520172e-10, 1.48583045867e-09, 4.00458688432e-09, 5.45073497449e-09, 2.05644479223e-09], "dmean": [0.131389677525, 1.2639605999, 2.52379059792, 4.59673786163, 9.39179039001, 7.6114859581, 9.63446331024, 9.38181972504, 8.40066814423, 6.52927684784, 11.3448610306, 10.7708892822, 17.1686992645, 20.5285224915, 12.5716028214, 15.5549697876, 11.7645177841, 11.1255493164, 13.1783018112, 10.6761722565, 13.5102939606, 15.5811262131, 10.155749321, 11.0534257889, 7.81605815887, 12.2426652908, 9.45698070526, 6.0866560936, 5.91057872772, 4.48905563354, 4.51996850967, 3.06798672676, 1.7204811573, 0.800448536873, 0.20374161005, 0.0580302551389, 0.0179678220302, 0.00419441889971, 0.000710830907337, 4.39134091721e-05], "dmean2": [0.234005182981, 2.25358819962, 4.32429838181, 7.72870063782, 15.5322322845, 12.926656723, 15.0279760361, 14.3952693939, 13.0623569489, 10.0298242569, 17.0926074982, 16.0753707886, 25.9388084412, 30.319852829, 18.6643428802, 23.7152404785, 18.2476882935, 17.1023426056, 20.7201709747, 16.6144733429, 21.0171451569, 24.9248123169, 16.2913799286, 18.273891449, 12.7479696274, 19.160823822, 14.7895374298, 9.54032611847, 9.02047634125, 6.73425245285, 6.81373929977, 4.54265737534, 2.50360035896, 1.14815723896, 0.287574827671, 0.0824891775846, 0.0256314836442, 0.00599876837805, 0.00106306641828, 6.62922684569e-05], "dvar2": [0.211350619793, 18.8892059326, 49.3057518005, 94.4501724243, 711.692871094, 355.964904785, 741.163391113, 720.079467773, 590.521240234, 430.966094971, 1373.47888184, 1372.81018066, 3832.20556641, 4937.48925781, 1854.84814453, 2510.20874023, 1621.22460938, 1586.51269531, 1939.96936035, 792.569091797, 1206.73657227, 1414.31335449, 659.320983887, 636.59979248, 378.630340576, 873.798095703, 708.942810059, 511.095275879, 581.508483887, 312.047515869, 341.500427246, 134.145050049, 38.4406585693, 7.99193572998, 0.554888665676, 0.0336443781853, 0.00415400741622, 0.000341988838045, 1.24267871797e-05, 3.12103338729e-08], "max": [2.1309928894, 20.1267604828, 60.2990036011, 67.4295349121, 263.095916748, 241.883224487, 478.788879395, 362.615570068, 413.490844727, 537.048034668, 504.84576416, 642.860534668, 1049.05749512, 1402.62304688, 765.817077637, 770.425476074, 859.926269531, 735.614196777, 937.886657715, 480.222595215, 838.435791016, 474.809997559, 436.569763184, 470.927978516, 267.492248535, 479.810180664, 497.871612549, 689.601867676, 563.799926758, 416.332000732, 302.761230469, 171.026702881, 119.399757385, 55.7731513977, 20.9047603607, 2.95341324806, 1.99997651577, 0.532145380974, 0.0654395222664, 0.00333738466725], "median": [0.0828732326627, 1.159709692, 3.46268248558, 7.20190382004, 7.6710100174, 8.63649272919, 10.1611795425, 8.64965820313, 9.12795639038, 7.49333000183, 9.76668453217, 8.75256824493, 9.40958404541, 13.3430309296, 12.0554113388, 12.7073411942, 9.85489845276, 8.68513011932, 11.1773900986, 13.5622653961, 18.023355484, 21.7701358795, 16.0269165039, 18.238407135, 12.6262702942, 16.3949394226, 11.7916488647, 6.39762401581, 4.99758338928, 3.52887129784, 3.70465898514, 2.59083867073, 1.53418433666, 0.726073265076, 0.178416892886, 0.05133375898, 0.0158394370228, 0.00254537863657, 0.000246847019298, 5.64189431316e-05], "var": [0.0691815391183, 5.19626140594, 31.0789165497, 63.289642334, 339.499542236, 263.430847168, 1084.24243164, 1044.04223633, 827.720275879, 500.511108398, 1465.24414063, 2041.10351563, 8394.9765625, 12474.9824219, 2558.98779297, 4370.87646484, 2196.5612793, 2203.96020508, 1987.54321289, 848.826660156, 1873.5357666, 1380.88183594, 720.1875, 698.273132324, 411.683654785, 1270.75524902, 971.21105957, 663.57989502, 797.604248047, 429.471252441, 366.430664063, 165.644973755, 45.4250030518, 10.8031396866, 0.632817625999, 0.0385001339018, 0.00342688825913, 0.000187912708498, 5.19478999195e-06, 1.52257140229e-08]}, "gfcc": {"icov": [[0.000238395150518, -0.000214759158553, 0.000303182780044, -0.00049206399126, 0.00047344531049, -0.000683446181938, 0.000466661236715, -0.000786136894021, 0.000972457404714, -0.000698533665854, 0.000636990414932, -0.000668152410071, 0.000513440056238], [-0.000214759158553, 0.00104932382237, -0.000359910714906, 0.00036324816756, -0.000628619454801, 0.00106461346149, -0.000686306273565, 0.000459597358713, -0.000880372070242, 0.00129473675042, -0.00140954111703, 0.00135475595016, -0.000844629073981], [0.000303182780044, -0.000359910714906, 0.00184428947978, -0.00082071259385, -4.67706995551e-05, -0.000623263418674, 0.000132597968332, -0.000421582139097, 0.000682034005877, -0.00159143493511, 0.00135834258981, -0.00172161206137, 0.00116054748651], [-0.00049206399126, 0.00036324816756, -0.00082071259385, 0.00401404686272, -0.000880794308614, 0.000342384533724, 0.00045862380648, 0.00103481824044, -0.00163518218324, 0.00054789945716, -7.26092621335e-05, 0.00118685944472, -0.00191073783208], [0.00047344531049, -0.000628619454801, -4.67706995551e-05, -0.000880794308614, 0.00612186687067, -0.00133907201234, -0.000277016195469, -0.00199721218087, -6.81380333845e-05, -0.00216279760934, 0.00166653015185, -0.00128845346626, -0.000389450229704], [-0.000683446181938, 0.00106461346149, -0.000623263418674, 0.000342384533724, -0.00133907201234, 0.00835146103054, -0.00292424438521, 0.000779069552664, -0.000795994361397, 0.00224907672964, -0.00127721286844, 0.00104447361082, 0.000806521682534], [0.000466661236715, -0.000686306273565, 0.000132597968332, 0.00045862380648, -0.000277016195469, -0.00292424438521, 0.00844265148044, -0.00244560744613, 0.00148041930515, 9.96198868961e-05, -0.000950713409111, 0.000446659396403, 0.000852350145578], [-0.000786136894021, 0.000459597358713, -0.000421582139097, 0.00103481824044, -0.00199721218087, 0.000779069552664, -0.00244560744613, 0.0127077540383, -0.00528316898271, 0.000153384185978, -0.000436246511526, 0.00260561634786, -0.00167646608315], [0.000972457404714, -0.000880372070242, 0.000682034005877, -0.00163518218324, -6.81380333845e-05, -0.000795994361397, 0.00148041930515, -0.00528316898271, 0.0160869155079, -0.00464851921424, 0.00183736986946, -0.00411895150319, 0.00170791160781], [-0.000698533665854, 0.00129473675042, -0.00159143493511, 0.00054789945716, -0.00216279760934, 0.00224907672964, 9.96198868961e-05, 0.000153384185978, -0.00464851921424, 0.0199828576297, -0.00676579866558, 0.00289533101022, 0.00107440445572], [0.000636990414932, -0.00140954111703, 0.00135834258981, -7.26092621335e-05, 0.00166653015185, -0.00127721286844, -0.000950713409111, -0.000436246511526, 0.00183736986946, -0.00676579866558, 0.0181745328009, -0.00452197995037, -0.000681119214278], [-0.000668152410071, 0.00135475595016, -0.00172161206137, 0.00118685944472, -0.00128845346626, 0.00104447361082, 0.000446659396403, 0.00260561634786, -0.00411895150319, 0.00289533101022, -0.00452197995037, 0.0172907970846, -0.00386171252467], [0.000513440056238, -0.000844629073981, 0.00116054748651, -0.00191073783208, -0.000389450229704, 0.000806521682534, 0.000852350145578, -0.00167646608315, 0.00170791160781, 0.00107440445572, -0.000681119214278, -0.00386171252467, 0.0208127498627]], "mean": [8.79794597626, 86.2793960571, -107.584136963, 46.076374054, -55.7193450928, 14.1789712906, -34.4493560791, 7.08594322205, -22.9012413025, -4.82644367218, -13.2005653381, -2.07483935356, -7.53650426865], "cov": [[24146.15625, -722.486999512, -1798.05883789, 1748.67248535, -1174.42407227, 1179.37243652, -834.067504883, 485.657989502, -823.057006836, 92.1859359741, -476.616149902, 77.7317504883, -296.98638916], [-722.486999512, 1507.89440918, 108.620018005, -105.281921387, 129.714492798, -147.074249268, 121.24471283, 12.1292066574, 56.0424003601, -33.2633857727, 87.2298965454, -60.1364517212, 56.247959137], [-1798.05883789, 108.620018005, 874.38079834, 5.12446451187, 163.957260132, -54.1496162415, 58.2238807678, -19.3560962677, 85.5158081055, 39.2692909241, 6.07568788528, 41.1114730835, 0.484010517597], [1748.67248535, -105.281921387, 5.12446451187, 441.824951172, -37.4211006165, 79.9827804565, -95.2604675293, 29.7049732208, -30.138507843, 17.5919971466, -50.6879005432, 12.4456043243, -2.42520666122], [-1174.42407227, 129.714492798, 163.957260132, -37.4211006165, 269.803924561, -32.5193252563, 65.3259735107, 19.190076828, 68.7929077148, 17.0120849609, 16.7424850464, 3.56251168251, 21.5233211517], [1179.37243652, -147.074249268, -54.1496162415, 79.9827804565, -32.5193252563, 217.969238281, 10.0047283173, 30.3478775024, -43.0401992798, -1.58521211147, -25.4287395477, 2.80891942978, -28.4183292389], [-834.067504883, 121.24471283, 58.2238807678, -95.2604675293, 65.3259735107, 10.0047283173, 188.291824341, 14.1524658203, 22.755235672, -7.28304100037, 29.7756786346, -16.7753696442, 4.13828039169], [485.657989502, 12.1292066574, -19.3560962677, 29.7049732208, 19.190076828, 30.3478775024, 14.1524658203, 116.695716858, 17.5930652618, 13.6170635223, -8.8233499527, -5.6051068306, -3.15437793732], [-823.057006836, 56.0424003601, 85.5158081055, -30.138507843, 68.7929077148, -43.0401992798, 22.755235672, 17.5930652618, 114.760948181, 17.6467819214, 16.8168010712, 10.0152654648, 10.5639829636], [92.1859359741, -33.2633857727, 39.2692909241, 17.5919971466, 17.0120849609, -1.58521211147, -7.28304100037, 13.6170635223, 17.6467819214, 68.7183837891, 13.9814319611, 3.30605316162, -6.3484005928], [-476.616149902, 87.2298965454, 6.07568788528, -50.6879005432, 16.7424850464, -25.4287395477, 29.7756786346, -8.8233499527, 16.8168010712, 13.9814319611, 81.7514877319, 7.83464956284, 11.701505661], [77.7317504883, -60.1364517212, 41.1114730835, 12.4456043243, 3.56251168251, 2.80891942978, -16.7753696442, -5.6051068306, 10.0152654648, 3.30605316162, 7.83464956284, 75.8349914551, 8.02011299133], [-296.98638916, 56.247959137, 0.484010517597, -2.42520666122, 21.5233211517, -28.4183292389, 4.13828039169, -3.15437793732, 10.5639829636, -6.3484005928, 11.701505661, 8.02011299133, 59.8193130493]]}, "spectral_skewness": {"mean": 1.39541327953, "dvar": 0.0506864450872, "min": -0.0944824889302, "dmean": 0.176275730133, "dmean2": 0.27625221014, "dvar2": 0.113125145435, "max": 12.2695569992, "median": 1.2108348608, "var": 1.14467048645}, "spectral_energyband_low": {"mean": 0.0140521777794, "dvar": 0.000146343038068, "min": 4.13725938274e-13, "dmean": 0.00680143944919, "dmean2": 0.0119068063796, "dvar2": 0.000419795571361, "max": 0.112509734929, "median": 0.0115599157289, "var": 0.000163533492014}, "spectral_energyband_middle_low": {"mean": 0.0138766374439, "dvar": 3.39434263879e-05, "min": 4.81357202633e-14, "dmean": 0.0046676453203, "dmean2": 0.00745550729334, "dvar2": 8.24366288725e-05, "max": 0.0822320654988, "median": 0.0121451299638, "var": 9.44819912547e-05}, "mfcc": {"icov": [[9.89742475213e-05, 3.68623818758e-06, 0.000134744885145, -0.000148679857375, 3.63651924999e-05, -0.000202775525395, -3.64661027561e-05, -0.000228134013014, 0.000190097765881, -0.000101377729152, 0.000304328423226, -0.000101804405858, 0.000196327993763], [3.68623818758e-06, 0.00122649222612, 4.92731051054e-05, -0.000436525879195, -0.000438204500824, 0.000635221891571, -0.000899044971447, -0.000199458911084, 9.78536627372e-05, 4.73165746371e-05, -0.000212093189475, -0.000261944340309, -7.22348995623e-05], [0.000134744885145, 4.92731051054e-05, 0.00246269535273, -0.00086910725804, -0.000222218121053, -0.00111118040513, 0.000198750698473, -0.000213843712118, 0.00036217761226, 0.000254329352174, -0.000443607423222, -0.000261198729277, 0.00010278569971], [-0.000148679857375, -0.000436525879195, -0.00086910725804, 0.00489119952545, -0.00132648297586, -0.000543522008229, 0.000658912060317, 0.00109575036913, -0.00203718920238, 0.000442630815087, 0.00135193625465, -0.00202203239314, 0.000372092472389], [3.63651924999e-05, -0.000438204500824, -0.000222218121053, -0.00132648297586, 0.00788155756891, -0.00159454124514, 0.000944536412135, 0.000647597305942, -0.00245579588227, -0.000591596006416, 0.00131800933741, -0.00129461823963, -0.00243056705222], [-0.000202775525395, 0.000635221891571, -0.00111118040513, -0.000543522008229, -0.00159454124514, 0.00989005155861, -0.00241498998366, -0.00165254320018, 0.000382917991374, 0.00223160581663, -0.00297960103489, 0.00293878279626, -0.000503723800648], [-3.64661027561e-05, -0.000899044971447, 0.000198750698473, 0.000658912060317, 0.000944536412135, -0.00241498998366, 0.010512095876, -0.00238568196073, 0.00128576799762, -0.00467580277473, 0.000426882616011, 0.000587445159908, 0.00114624772687], [-0.000228134013014, -0.000199458911084, -0.000213843712118, 0.00109575036913, 0.000647597305942, -0.00165254320018, -0.00238568196073, 0.0136096300557, -0.00584974093363, 0.00229078321718, -0.00120129226707, -0.00134423002601, -0.000785762444139], [0.000190097765881, 9.78536627372e-05, 0.00036217761226, -0.00203718920238, -0.00245579588227, 0.000382917991374, 0.00128576799762, -0.00584974093363, 0.0173868238926, -0.00554391555488, -0.000712395878509, 0.00266809435561, -0.00200708140619], [-0.000101377729152, 4.73165746371e-05, 0.000254329352174, 0.000442630815087, -0.000591596006416, 0.00223160581663, -0.00467580277473, 0.00229078321718, -0.00554391555488, 0.0168015304953, -0.00422358140349, -0.000430274667451, 0.00249720085412], [0.000304328423226, -0.000212093189475, -0.000443607423222, 0.00135193625465, 0.00131800933741, -0.00297960103489, 0.000426882616011, -0.00120129226707, -0.000712395878509, -0.00422358140349, 0.0178902670741, -0.00563885970041, 0.000735929352231], [-0.000101804405858, -0.000261944340309, -0.000261198729277, -0.00202203239314, -0.00129461823963, 0.00293878279626, 0.000587445159908, -0.00134423002601, 0.00266809435561, -0.000430274667451, -0.00563885970041, 0.0212850216776, -0.0074005885981], [0.000196327993763, -7.22348995623e-05, 0.00010278569971, 0.000372092472389, -0.00243056705222, -0.000503723800648, 0.00114624772687, -0.000785762444139, -0.00200708140619, 0.00249720085412, 0.000735929352231, -0.0074005885981, 0.0210669338703]], "mean": [-623.032104492, 104.067985535, 11.188375473, 30.9117927551, 7.70031404495, 5.92455530167, 2.92015981674, 6.5559720993, -0.0251131355762, 0.619465351105, -7.19721412659, 2.24786639214, -1.3051854372], "cov": [[13366.4257813, 57.9950904846, -566.10168457, 269.021514893, -62.3652038574, 229.198913574, 190.971328735, 188.520477295, -81.8800506592, 16.1081542969, -217.514144897, -44.4436912537, -149.154388428], [57.9950904846, 962.176574707, 0.834738016129, 109.059463501, 74.0958480835, -36.2468299866, 70.7403869629, 22.7447986603, 26.0011615753, 28.0268535614, 9.23560714722, 37.3044624329, 17.4467334747], [-566.10168457, 0.834738016129, 516.373291016, 106.994377136, 58.3785858154, 62.5943336487, -22.9900932312, 4.51780653, 11.6841154099, -20.2716960907, 22.770658493, 20.9529914856, 20.6019649506], [269.021514893, 109.059463501, 106.994377136, 307.637054443, 94.0037918091, 21.675069809, -27.6954460144, -2.70626044273, 37.6311759949, -9.70983123779, -17.498249054, 34.6556930542, 22.2026081085], [-62.3652038574, 74.0958480835, 58.3785858154, 94.0037918091, 182.866104126, 22.1597003937, -20.8262462616, 4.24080753326, 38.3641738892, 0.193438097835, -4.6489315033, 25.0963840485, 34.4197692871], [229.198913574, -36.2468299866, 62.5943336487, 21.675069809, 22.1597003937, 140.096588135, 26.816400528, 27.1228504181, 5.35403728485, -9.30981063843, 13.0153417587, -11.0271596909, -0.204219132662], [190.971328735, 70.7403869629, -22.9900932312, -27.6954460144, -20.8262462616, 26.816400528, 136.981567383, 27.8830108643, 2.58815979958, 37.7373657227, 9.93291187286, -11.1703453064, -17.6082515717], [188.520477295, 22.7447986603, 4.51780653, -2.70626044273, 4.24080753326, 27.1228504181, 27.8830108643, 99.2801132202, 30.4274082184, 3.92812681198, 10.7353868484, 3.87219882011, 5.08904123306], [-81.8800506592, 26.0011615753, 11.6841154099, 37.6311759949, 38.3641738892, 5.35403728485, 2.58815979958, 30.4274082184, 86.9101715088, 24.7430381775, 9.01810264587, 3.20107460022, 11.8354473114], [16.1081542969, 28.0268535614, -20.2716960907, -9.70983123779, 0.193438097835, -9.30981063843, 37.7373657227, 3.92812681198, 24.7430381775, 86.0019073486, 19.8111495972, 0.0193665158004, -10.412981987], [-217.514144897, 9.23560714722, 22.770658493, -17.498249054, -4.6489315033, 13.0153417587, 9.93291187286, 10.7353868484, 9.01810264587, 19.8111495972, 74.606918335, 16.2705516815, 3.51176309586], [-44.4436912537, 37.3044624329, 20.9529914856, 34.6556930542, 25.0963840485, -11.0271596909, -11.1703453064, 3.87219882011, 3.20107460022, 0.0193665158004, 16.2705516815, 67.5652999878, 26.6810207367], [-149.154388428, 17.4467334747, 20.6019649506, 22.2026081085, 34.4197692871, -0.204219132662, -17.6082515717, 5.08904123306, 11.8354473114, -10.412981987, 3.51176309586, 26.6810207367, 65.1510162354]]}, "silence_rate_20dB": {"mean": 1, "dvar": 0, "min": 1, "dmean": 0, "dmean2": 0, "dvar2": 0, "max": 1, "median": 1, "var": 0}, "dynamic_complexity": 3.79634189606, "silence_rate_60dB": {"mean": 0.0649254322052, "dvar": 0.00164534733631, "min": 0, "dmean": 0.00164798949845, "dmean2": 0.00329625047743, "dvar2": 0.00427451217547, "max": 1, "median": 0, "var": 0.0607133060694}, "dissonance": {"mean": 0.472811609507, "dvar": 0.000165077814017, "min": 0.226009622216, "dmean": 0.012675804086, "dmean2": 0.0212007053196, "dvar2": 0.000444972305559, "max": 0.499999970198, "median": 0.477817982435, "var": 0.000438942282926}, "barkbands": {"mean": [0.00023348662944, 0.00706165051088, 0.00493839895353, 0.00343186222017, 0.00436246860772, 0.00253404071555, 0.00109348958358, 0.000917569210287, 0.00106155371759, 0.00163078610785, 0.000475122273201, 0.000885920133442, 0.000507595541421, 0.000414659822127, 0.000487851008074, 0.000440936419182, 0.000639461388346, 0.000466588884592, 0.000352186849341, 0.000589726027101, 0.000375149596948, 0.000330409879098, 0.000307386537315, 0.000245219445787, 9.69176908256e-05, 2.09925619856e-05, 5.3272592595e-06], "dvar": [2.30634412901e-07, 0.000112059933599, 1.1751166312e-05, 9.83855443337e-06, 1.33174462462e-05, 4.12375493397e-06, 1.02276385405e-06, 1.15945897505e-06, 1.28617648443e-06, 2.40045756073e-06, 8.04712499303e-07, 7.62395131915e-07, 3.49696819057e-07, 3.1320070093e-07, 3.01244455159e-07, 1.42869268416e-07, 2.15821984284e-07, 1.12124979523e-07, 5.83437689272e-08, 1.7522800988e-07, 1.55906704435e-07, 2.248252855e-07, 1.57616824481e-07, 8.59030251377e-08, 1.37960549651e-08, 5.37375366427e-10, 1.48314180382e-10], "min": [3.43699705198e-13, 3.34405964833e-14, 2.52419047595e-16, 1.85475902956e-16, 1.43767706819e-15, 1.85477811427e-15, 1.14677821377e-15, 3.20618466502e-15, 2.21187958154e-15, 3.65449273423e-15, 5.19668816239e-15, 4.18875664812e-15, 5.00842238437e-15, 6.77963265158e-15, 4.62948186662e-15, 6.68859736206e-15, 7.81250250988e-15, 1.02790412765e-14, 1.98067016483e-14, 1.45422140042e-14, 1.45264625795e-14, 2.35368382363e-14, 3.03118498997e-14, 6.5653455979e-14, 1.21911419219e-13, 9.64958256529e-13, 8.49343650966e-11], "dmean": [0.000204731230042, 0.00515265529975, 0.00224683945999, 0.00217514368705, 0.00249176984653, 0.00117226270959, 0.000523891299963, 0.000497242901474, 0.000513672828674, 0.00071960221976, 0.000288790673949, 0.00043708801968, 0.000262204033788, 0.000227407901548, 0.000265075970674, 0.000223168637604, 0.000312582880724, 0.000222403905354, 0.00016094352759, 0.000263520196313, 0.000181010371307, 0.000162587079103, 0.000149237981532, 0.000117091811262, 4.76245695609e-05, 1.04384880615e-05, 4.12088547819e-06], "dmean2": [0.00030974985566, 0.00920599047095, 0.00382540002465, 0.00364023447037, 0.00414698384702, 0.00179470900912, 0.000811460195109, 0.000763523916248, 0.000773985870183, 0.00107795593794, 0.000434744608356, 0.000669526052661, 0.000409068190493, 0.000356116972398, 0.00041985619464, 0.000347443739884, 0.000505547039211, 0.000362262013368, 0.000264625239652, 0.000418262934545, 0.000286233058432, 0.000245392846409, 0.00022474610887, 0.000170395709574, 6.77095522406e-05, 1.47007367559e-05, 6.10938150203e-06], "dvar2": [4.27794361713e-07, 0.000328762922436, 3.28496462316e-05, 2.57815754594e-05, 3.47440363839e-05, 8.57952363731e-06, 2.36268601839e-06, 2.68483336185e-06, 2.91255037155e-06, 5.14585053679e-06, 1.61020318501e-06, 1.67200357737e-06, 7.86819839504e-07, 6.74891452945e-07, 7.0880361136e-07, 3.10479009613e-07, 5.29026237928e-07, 2.77303485063e-07, 1.47057818367e-07, 3.95840601186e-07, 3.36531741141e-07, 4.25586392794e-07, 3.33057840862e-07, 1.6985600837e-07, 2.70299640448e-08, 1.20431897788e-09, 3.61683322181e-10], "max": [0.00506923254579, 0.0862955003977, 0.0474499277771, 0.0405592732131, 0.0466163754463, 0.0420605354011, 0.0290895234793, 0.0187921337783, 0.0275511816144, 0.0378624498844, 0.026643930003, 0.0170801430941, 0.0171786379069, 0.0134525354952, 0.0153327751905, 0.0143536143005, 0.0093033304438, 0.00737762637436, 0.00528515176848, 0.00892430637032, 0.0145911704749, 0.0169299393892, 0.0095342323184, 0.00615660659969, 0.00307801994495, 0.0008794364403, 0.000311480020173], "median": [3.3443520806e-05, 0.00440959725529, 0.00336599675938, 0.00220442609861, 0.00287748780102, 0.00127618294209, 0.000549973221496, 0.000371699978132, 0.000316050776746, 0.000395454146201, 0.00013628443412, 0.000321321043884, 0.000175267196028, 0.000152026157593, 0.000229861354455, 0.000257801963016, 0.000413874193328, 0.000315103708999, 0.000237312458921, 0.000361281679943, 0.000199877831619, 0.000134897913085, 0.000126646118588, 0.000106839754153, 4.43717290182e-05, 9.30033365876e-06, 1.30688522404e-06], "var": [3.15796114592e-07, 9.44449711824e-05, 2.4182279958e-05, 1.46151242006e-05, 2.31270114455e-05, 1.37947208714e-05, 3.39348798661e-06, 2.69740257863e-06, 4.75998558613e-06, 1.26232671391e-05, 1.8588717694e-06, 2.6601189802e-06, 1.02188425899e-06, 7.61932199111e-07, 6.87957538048e-07, 4.79596280911e-07, 5.25295945408e-07, 2.85740526351e-07, 1.50713219682e-07, 5.58284398267e-07, 3.80577631631e-07, 6.12512110365e-07, 3.90768860825e-07, 2.15256179104e-07, 3.67461296946e-08, 1.16447984588e-09, 1.6812463921e-10]}, "spectral_complexity": {"mean": 23.8119792938, "dvar": 16.050901413, "min": 0, "dmean": 3.73335528374, "dmean2": 5.92451572418, "dvar2": 36.2010116577, "max": 59, "median": 23, "var": 153.543930054}, "spectral_energyband_high": {"mean": 0.00174689025152, "dvar": 1.48060428273e-06, "min": 5.86616102916e-11, "dmean": 0.000621812534519, "dmean2": 0.000894570956007, "dvar2": 2.50714992944e-06, "max": 0.032477222383, "median": 0.00102886836976, "var": 6.05236391493e-06}, "hfc": {"mean": 27.14412117, "dvar": 75.5264129639, "min": 5.28832106284e-06, "dmean": 5.80828142166, "dmean2": 8.3640832901, "dvar2": 139.230728149, "max": 209.035903931, "median": 23.9027709961, "var": 442.828948975}, "melbands_kurtosis": {"mean": 15.670794487, "dvar": 156.660766602, "min": -1.77622067928, "dmean": 7.47301673889, "dmean2": 12.3142175674, "dvar2": 416.029998779, "max": 205.771636963, "median": 9.48233127594, "var": 335.632110596}, "spectral_strongpeak": {"mean": 0.779229342937, "dvar": 0.597612500191, "min": 0.000178069123649, "dmean": 0.420758396387, "dmean2": 0.727428257465, "dvar2": 1.51090359688, "max": 10.1671533585, "median": 0.439793586731, "var": 1.06158649921}, "silence_rate_30dB": {"mean": 1, "dvar": 0, "min": 1, "dmean": 0, "dmean2": 0, "dvar2": 0, "max": 1, "median": 1, "var": 0}, "melbands_spread": {"mean": 25.5810565948, "dvar": 112.451057434, "min": 1.15841341019, "dmean": 7.3166217804, "dmean2": 11.6654424667, "dvar2": 244.564483643, "max": 197.919403076, "median": 21.8842048645, "var": 448.7940979}, "melbands_crest": {"mean": 14.143535614, "dvar": 7.50786066055, "min": 3.41848516464, "dmean": 2.99340796471, "dmean2": 5.01937818527, "dvar2": 19.9870204926, "max": 33.7762260437, "median": 13.5123357773, "var": 23.4077205658}, "average_loudness": 0.90687173605, "spectral_flux": {"mean": 0.0899072512984, "dvar": 0.000843416433781, "min": 5.40251057828e-05, "dmean": 0.0247809998691, "dmean2": 0.0393631123006, "dvar2": 0.00193900475278, "max": 0.31111073494, "median": 0.0862099155784, "var": 0.0022284083534}, "spectral_rolloff": {"mean": 1751.3704834, "dvar": 1032148.875, "min": 86.1328125, "dmean": 563.664367676, "dmean2": 947.163818359, "dvar2": 2286565.25, "max": 21920.8007813, "median": 1119.7265625, "var": 6228352.5}, "melbands": {"mean": [0.00175970839337, 0.00274785817601, 0.0017330221599, 0.000984924496152, 0.000644980522338, 0.0004381283361, 0.000273720244877, 0.000157249407494, 0.000174709581188, 0.000149962128489, 0.000203976233024, 0.000195246509975, 7.9492238001e-05, 0.000111276291136, 5.93400836806e-05, 4.81737333757e-05, 4.18870185968e-05, 3.82530197385e-05, 3.17181475111e-05, 2.81181855826e-05, 3.50136688212e-05, 3.67297761841e-05, 2.4497619961e-05, 2.29062516155e-05, 2.06288896152e-05, 1.16275623441e-05, 1.49739853441e-05, 1.9525325115e-05, 1.54123954417e-05, 8.63138666318e-06, 7.218483006e-06, 7.25476502339e-06, 5.40631936019e-06, 4.78208630739e-06, 5.23569133293e-06, 4.93361585541e-06, 3.38728182214e-06, 2.48601986641e-06, 1.98946304408e-06, 1.13200690066e-06], "dvar": [7.15704072718e-06, 6.26136352366e-06, 1.61260084042e-06, 8.74374848081e-07, 3.11714217105e-07, 1.48774077502e-07, 5.37931121869e-08, 2.63442085924e-08, 3.79582409948e-08, 2.65253046194e-08, 4.35026379364e-08, 4.43043148834e-08, 1.22718031292e-08, 1.28001866884e-08, 4.62181315442e-09, 2.97650659675e-09, 3.22459015045e-09, 2.31471886103e-09, 1.43619460768e-09, 5.87429216381e-10, 9.69563096476e-10, 9.70465818817e-10, 5.35370581201e-10, 3.06564829078e-10, 2.05755829041e-10, 7.74833114336e-11, 1.25887883451e-10, 2.60120619489e-10, 2.18415577291e-10, 1.07548581152e-10, 1.10727225999e-10, 1.21073415182e-10, 8.43508665693e-11, 4.67673573479e-11, 6.01667604627e-11, 5.29369881264e-11, 2.17180873979e-11, 1.17782554543e-11, 8.13154318186e-12, 2.48608078568e-12], "min": [9.50222566647e-14, 5.19610508609e-16, 1.94765683866e-16, 2.77220013472e-16, 3.7145894042e-16, 4.20837467234e-16, 4.27226186769e-16, 5.52207565732e-16, 4.57854977551e-16, 2.75682383975e-16, 4.05329246882e-16, 6.15883320481e-16, 7.1874054297e-16, 4.12377063928e-16, 7.26271301146e-16, 3.49110081985e-16, 5.19231779002e-16, 7.31679394756e-16, 2.68356104846e-16, 3.7578248775e-16, 3.80593820179e-16, 3.5911269406e-16, 6.24767160851e-16, 5.20302481587e-16, 5.55499453402e-16, 1.01663266022e-15, 1.63825436422e-16, 4.98518964705e-16, 9.10441198411e-16, 1.86548948117e-16, 2.16734740667e-16, 3.29023569144e-16, 5.73203024335e-16, 6.52235062902e-16, 5.19233420128e-16, 5.85299713613e-16, 7.82388239753e-16, 6.46114138127e-16, 9.20043587418e-16, 9.23196138168e-16], "dmean": [0.00129852804821, 0.00139720726293, 0.000917270663194, 0.000610702496488, 0.00030835007783, 0.000206610478926, 0.000125602891785, 7.75230219006e-05, 8.94679542398e-05, 7.20215684851e-05, 8.8610300736e-05, 8.88563226908e-05, 4.11716500821e-05, 5.62081731914e-05, 2.96025955322e-05, 2.43803478952e-05, 2.20410274778e-05, 2.17317356146e-05, 1.73606258613e-05, 1.4407006347e-05, 1.76827779796e-05, 1.92908428289e-05, 1.32356371978e-05, 1.1417461792e-05, 9.75263174041e-06, 5.47095896763e-06, 7.22298545952e-06, 9.38166340347e-06, 7.4877584666e-06, 4.31327316619e-06, 3.84947588827e-06, 3.86981901102e-06, 2.88562955575e-06, 2.54207816397e-06, 2.7727799079e-06, 2.57773808698e-06, 1.76393712081e-06, 1.30174987589e-06, 1.06566290015e-06, 5.97288135396e-07], "dmean2": [0.00232037296519, 0.0024403098505, 0.00152908370364, 0.00102381058969, 0.000486592849484, 0.000317172060022, 0.000194312582607, 0.000119833246572, 0.000134278321639, 0.000107448831841, 0.000133803434437, 0.000131461376441, 6.09327798884e-05, 8.49423886393e-05, 4.55164808955e-05, 3.78070290026e-05, 3.40502156178e-05, 3.43116844306e-05, 2.71755598078e-05, 2.26425636356e-05, 2.76940227195e-05, 3.1018309528e-05, 2.17237484321e-05, 1.87274999917e-05, 1.62642027135e-05, 8.990358765e-06, 1.19210490084e-05, 1.46648535519e-05, 1.18254720292e-05, 6.93689435138e-06, 6.07836273048e-06, 6.05538252785e-06, 4.30587124356e-06, 3.93318487113e-06, 4.23296296503e-06, 3.90917921322e-06, 2.64428717855e-06, 1.93085838873e-06, 1.58790919613e-06, 8.69041855367e-07], "dvar2": [2.10349480767e-05, 1.776168574e-05, 4.20079686592e-06, 2.32480442719e-06, 6.52072401408e-07, 3.12497490995e-07, 1.26987316662e-07, 6.06564967143e-08, 8.39722886781e-08, 5.88744839547e-08, 9.72207061523e-08, 9.27366485826e-08, 2.46819844563e-08, 2.78440008827e-08, 1.00157677707e-08, 6.57174492602e-09, 6.76338185457e-09, 5.35921440559e-09, 3.21204995934e-09, 1.29439559071e-09, 2.10683692714e-09, 2.36903807682e-09, 1.34241084915e-09, 7.73204722471e-10, 5.24893573051e-10, 1.99512892318e-10, 3.25188681538e-10, 5.63990465441e-10, 4.6929227171e-10, 2.44079978451e-10, 2.3477370048e-10, 2.56488441597e-10, 1.54784712825e-10, 9.88054013606e-11, 1.36780711757e-10, 1.13123198309e-10, 4.55103454922e-11, 2.4603681939e-11, 1.67183888261e-11, 5.01361192146e-12], "max": [0.0222731977701, 0.0294740311801, 0.0183333791792, 0.0130077321082, 0.0135835949332, 0.00711765373126, 0.00600941292942, 0.0055636651814, 0.00405909167603, 0.00374479731545, 0.00518816383556, 0.00614757928997, 0.00312214856967, 0.0025946428068, 0.00168516137637, 0.00133396184538, 0.00129034230486, 0.00140577869024, 0.00107762590051, 0.000748727587052, 0.000890295079444, 0.000590726500377, 0.000540305103641, 0.000398598524043, 0.000409547879826, 0.000157392874826, 0.000358229066478, 0.000362402148312, 0.000375906995032, 0.000522048503626, 0.000414704409195, 0.000327666202793, 0.000339525577147, 0.00019046907255, 0.000217439170228, 0.000175027322257, 0.000100172088423, 9.85796723398e-05, 7.03723781044e-05, 4.75020460726e-05], "median": [0.00103304081131, 0.00188797886949, 0.00136775022838, 0.000614962016698, 0.000366618303815, 0.000200260605197, 0.000137830211315, 8.25990864541e-05, 7.67309393268e-05, 4.64458753413e-05, 4.42984164692e-05, 5.05647076352e-05, 2.94505589409e-05, 4.07723709941e-05, 2.07602970477e-05, 1.69931099663e-05, 1.38853711178e-05, 1.62148899108e-05, 1.57944723469e-05, 1.71444462467e-05, 2.06862969208e-05, 2.27350647037e-05, 1.38634586619e-05, 1.5053307834e-05, 1.41246828207e-05, 7.47893500375e-06, 9.96179096546e-06, 1.05396338768e-05, 7.76664364821e-06, 4.48322089142e-06, 3.10953032567e-06, 3.02392095364e-06, 1.89919012428e-06, 1.87440355148e-06, 2.07163930099e-06, 1.95751908905e-06, 1.35763139042e-06, 1.06707125269e-06, 8.44140572553e-07, 4.96210361689e-07], "var": [6.44633701086e-06, 7.34998775442e-06, 2.4941459742e-06, 1.37540439482e-06, 9.33688056648e-07, 4.77498247164e-07, 1.86205809882e-07, 6.54366800745e-08, 8.90058586833e-08, 9.36310300403e-08, 2.12652224718e-07, 2.41263393264e-07, 3.54015021742e-08, 4.21687396113e-08, 1.34300401911e-08, 8.36429148166e-09, 8.66519034304e-09, 5.28236387964e-09, 2.98662627962e-09, 1.50590595549e-09, 2.92303936611e-09, 1.96886729142e-09, 1.2056143861e-09, 7.14225512066e-10, 5.10586684044e-10, 1.8716918293e-10, 2.83014611746e-10, 7.88361043114e-10, 6.37409791615e-10, 2.2363134955e-10, 2.56082738348e-10, 2.826592016e-10, 2.19199158824e-10, 1.08663598952e-10, 1.2538213523e-10, 1.22531457203e-10, 4.84501189169e-11, 2.47767396877e-11, 1.72170593754e-11, 6.15901557185e-12]}, "spectral_energy": {"mean": 0.0339067578316, "dvar": 0.000147041908349, "min": 2.56718618585e-10, "dmean": 0.00896138045937, "dmean2": 0.0148830553517, "dvar2": 0.000401403667638, "max": 0.126664832234, "median": 0.0333226397634, "var": 0.000339526159223}, "spectral_decrease": {"mean": -8.33140578749e-09, "dvar": 1.01707249531e-17, "min": -3.28427169904e-08, "dmean": 2.31939334405e-09, "dmean2": 3.87336651642e-09, "dvar2": 2.79221631736e-17, "max": 3.23585898202e-15, "median": -8.09365374721e-09, "var": 2.15285186053e-17}, "erbbands_spread": {"mean": 48.375328064, "dvar": 73.2359542847, "min": 2.61877298355, "dmean": 7.92502498627, "dmean2": 12.1563835144, "dvar2": 166.295410156, "max": 160.863830566, "median": 48.3295669556, "var": 375.904785156}, "spectral_contrast_coeffs": {"mean": [-0.640604376793, -0.725387096405, -0.758926272392, -0.783424258232, -0.788620471954, -0.765047371387], "dvar": [0.00173094007187, 0.0011978354305, 0.000821822031867, 0.000525153998751, 0.000343220861396, 0.000264881993644], "min": [-0.986737370491, -0.987439453602, -0.98128426075, -0.969399750233, -0.960404396057, -0.956231474876], "dmean": [0.0496764220297, 0.0423546805978, 0.0343304611742, 0.0283499024808, 0.0218110550195, 0.0175641793758], "dmean2": [0.0823407843709, 0.0679722726345, 0.0547818653286, 0.0453325435519, 0.0348502956331, 0.0280265361071], "dvar2": [0.00457465508953, 0.00300194043666, 0.00192231161054, 0.00128277845215, 0.000820823304821, 0.000634882773738], "max": [-0.310386866331, -0.44360691309, -0.498059004545, -0.577365756035, -0.580495238304, -0.560304880142], "median": [-0.642994165421, -0.728646874428, -0.768571197987, -0.786796331406, -0.788819491863, -0.76200979948], "var": [0.00579077284783, 0.00498373573646, 0.00492982240394, 0.00245205918327, 0.00175857450813, 0.00160265702289]}, "spectral_energyband_middle_high": {"mean": 0.00627713929862, "dvar": 3.94638709622e-06, "min": 7.58061284101e-14, "dmean": 0.00150829530321, "dmean2": 0.0022442098707, "dvar2": 8.68858751346e-06, "max": 0.0437222458422, "median": 0.00454525090754, "var": 3.60955527867e-05}, "erbbands_crest": {"mean": 8.2450876236, "dvar": 4.78644371033, "min": 2.11319088936, "dmean": 2.19827032089, "dmean2": 3.49040937424, "dvar2": 11.2884178162, "max": 30.4613571167, "median": 7.07745456696, "var": 18.8094062805}, "barkbands_crest": {"mean": 9.3503112793, "dvar": 6.56709432602, "min": 2.42068147659, "dmean": 2.4397521019, "dmean2": 4.15144729614, "dvar2": 18.8369579315, "max": 26.7741184235, "median": 8.51937866211, "var": 15.6790485382}, "pitch_salience": {"mean": 0.554330229759, "dvar": 0.00443841982633, "min": 0.190429911017, "dmean": 0.0686410814524, "dmean2": 0.115904502571, "dvar2": 0.0126986857504, "max": 0.872559189796, "median": 0.557338893414, "var": 0.0103754503652}, "melbands_skewness": {"mean": 3.08224582672, "dvar": 0.726577877998, "min": -2.1140358448, "dmean": 0.72039180994, "dmean2": 1.16339373589, "dvar2": 1.88469660282, "max": 13.0232992172, "median": 2.81652021408, "var": 2.58456468582}, "spectral_spread": {"mean": 5049596, "dvar": 368355606528, "min": 661111.8125, "dmean": 442816.125, "dmean2": 626242.3125, "dvar2": 648664449024, "max": 41574416, "median": 4788052.5, "var": 7170396520450.0}, "spectral_entropy": {"mean": 7.71162748337, "dvar": 0.0210360828787, "min": 4.92617607117, "dmean": 0.131679192185, "dmean2": 0.193400517106, "dvar2": 0.0416194461286, "max": 9.79275512695, "median": 7.78916931152, "var": 0.24565641582}, "erbbands_flatness_db": {"mean": 0.135772183537, "dvar": 0.000189093829249, "min": 0.0485350564122, "dmean": 0.0131097640842, "dmean2": 0.0187806170434, "dvar2": 0.000352318573277, "max": 0.395641684532, "median": 0.128043070436, "var": 0.00193520495668}, "spectral_kurtosis": {"mean": 5.03229141235, "dvar": 11.7941246033, "min": -1.23018991947, "dmean": 1.29854798317, "dmean2": 2.05509114265, "dvar2": 24.7508163452, "max": 202.93107605, "median": 2.55868196487, "var": 212.512008667}, "erbbands_skewness": {"mean": 0.0590741448104, "dvar": 0.1102572456, "min": -4.43018913269, "dmean": 0.30705794692, "dmean2": 0.465311437845, "dvar2": 0.226792618632, "max": 7.71504354477, "median": 0.0377587676048, "var": 0.497412770987}, "erbbands_kurtosis": {"mean": -0.0907889008522, "dvar": 2.43565702438, "min": -1.84479880333, "dmean": 0.621309518814, "dmean2": 0.964067578316, "dvar2": 5.14959144592, "max": 83.7311325073, "median": -0.601925492287, "var": 4.94859313965}, "barkbands_spread": {"mean": 26.3603134155, "dvar": 54.9987678528, "min": 0.977614462376, "dmean": 6.05541944504, "dmean2": 9.55479049683, "dvar2": 120.793663025, "max": 100.377433777, "median": 24.750415802, "var": 215.466781616}, "zerocrossingrate": {"mean": 0.072081245482, "dvar": 0.000197747343918, "min": 0.0029296875, "dmean": 0.0103470887989, "dmean2": 0.0122017599642, "dvar2": 0.000215710402699, "max": 0.91015625, "median": 0.06005859375, "var": 0.00672330614179}, "spectral_centroid": {"mean": 1528.6505127, "dvar": 95126.0859375, "min": 216.098129272, "dmean": 276.939300537, "dmean2": 437.062469482, "dvar2": 211360.578125, "max": 11293.6181641, "median": 1469.9342041, "var": 504615.5}, "barkbands_skewness": {"mean": 1.5396450758, "dvar": 0.319650501013, "min": -14.8038167953, "dmean": 0.500781059265, "dmean2": 0.800066232681, "dvar2": 0.789446175098, "max": 7.46073484421, "median": 1.4456217289, "var": 2.54661917686}, "melbands_flatness_db": {"mean": 0.189541146159, "dvar": 0.000653135881294, "min": 0.0205531362444, "dmean": 0.0245535485446, "dmean2": 0.0393505655229, "dvar2": 0.00165339396335, "max": 0.641445219517, "median": 0.176028653979, "var": 0.00653970241547}, "spectral_contrast_valleys": {"mean": [-6.98406028748, -6.84491014481, -7.41273117065, -7.80905866623, -7.33550834656, -9.80311584473], "dvar": [0.127283617854, 0.0743675976992, 0.0677057132125, 0.0623677112162, 0.0797576382756, 0.0842230543494], "min": [-27.0700206757, -27.1108608246, -27.1538314819, -27.1882591248, -27.316368103, -27.3861293793], "dmean": [0.377901554108, 0.307051032782, 0.286757856607, 0.260644346476, 0.242299512029, 0.241758689284], "dmean2": [0.624260008335, 0.49748930335, 0.456486850977, 0.408833563328, 0.373372405767, 0.326001316309], "dvar2": [0.284620195627, 0.173043191433, 0.146705597639, 0.12687201798, 0.163569331169, 0.14203992486], "max": [-5.13798427582, -5.02734708786, -5.49451732635, -5.87108802795, -5.42002487183, -7.44094753265], "median": [-6.60112857819, -6.56405115128, -7.10609340668, -7.46350288391, -6.94945669174, -9.40649318695], "var": [2.7842233181, 2.07187247276, 2.17871546745, 2.30890679359, 2.66164779663, 2.96092891693]}, "barkbands_flatness_db": {"mean": 0.125401750207, "dvar": 0.000379058590624, "min": 0.0285901930183, "dmean": 0.018935918808, "dmean2": 0.0301574300975, "dvar2": 0.000945347943343, "max": 0.51364171505, "median": 0.11092235148, "var": 0.0046537714079}, "barkbands_kurtosis": {"mean": 4.78653097153, "dvar": 25.28169