{"lowlevel": {"spectral_strongpeak": {"max": 158.499420166, "dmean": 5.16354799271, "dvar2": 383.3984375, "dmean2": 9.22908306122, "var": 175.075256348, "median": 0.289129048586, "min": 0, "dvar": 139.719589233, "mean": 5.47033548355}, "barkbands_flatness_db": {"max": 0.458375155926, "dmean": 0.0311965551227, "dvar2": 0.00244109285995, "dmean2": 0.0492855682969, "var": 0.00432233186439, "median": 0.128865987062, "min": 0.0266561564058, "dvar": 0.00103217537981, "mean": 0.137119829655}, "barkbands_skewness": {"max": 20.5949249268, "dmean": 0.86197334528, "dvar2": 2.82916927338, "dmean2": 1.35007750988, "var": 4.25038671494, "median": 1.72962749004, "min": -2.75080394745, "dvar": 1.19487929344, "mean": 2.09041285515}, "spectral_energyband_middle_high": {"max": 0.058423474431, "dmean": 0.00180270720739, "dvar2": 1.35795189635e-05, "dmean2": 0.00252751680091, "var": 4.47207094112e-05, "median": 0.0019892854616, "min": 1.61172689038e-21, "dvar": 8.04294359114e-06, "mean": 0.00448460271582}, "erbbands_kurtosis": {"max": 88.1259613037, "dmean": 1.34397232533, "dvar2": 10.4902563095, "dmean2": 2.20741581917, "var": 11.9738292694, "median": 0.497666597366, "min": -1.76986432076, "dvar": 4.39593410492, "mean": 1.30135011673}, "erbbands_crest": {"max": 27.1142406464, "dmean": 2.45180249214, "dvar2": 15.673494339, "dmean2": 4.12279701233, "var": 14.8598766327, "median": 6.63677501678, "min": 2.03915047646, "dvar": 6.02745914459, "mean": 7.64841079712}, "dynamic_complexity": 4.08229923248, "barkbands_crest": {"max": 25.8410072327, "dmean": 3.15127825737, "dvar2": 22.5000228882, "dmean2": 5.31949234009, "var": 23.0334854126, "median": 8.8310508728, "min": 1.98728501797, "dvar": 8.16440868378, "mean": 9.94169807434}, "dissonance": {"max": 0.500000178814, "dmean": 0.0177057422698, "dvar2": 0.00129133183509, "dmean2": 0.0304730944335, "var": 0.000686610175762, "median": 0.485649347305, "min": 0.189652711153, "dvar": 0.000457663903944, "mean": 0.476704418659}, "spectral_energyband_low": {"max": 0.278753697872, "dmean": 0.00799238774925, "dvar2": 0.000617041368969, "dmean2": 0.0125258835033, "var": 0.000549172807951, "median": 0.00322697381489, "min": 7.88039417029e-23, "dvar": 0.000262660731096, "mean": 0.0125953136012}, "spectral_contrast_coeffs": {"max": [-0.319695472717, -0.532980561256, -0.58850055933, -0.628711283207, -0.643270492554, -0.355820506811], "dmean": [0.0540349408984, 0.0480004884303, 0.0372599437833, 0.0269835013896, 0.0219227280468, 0.0516687259078], "dvar2": [0.00473787821829, 0.0040022986941, 0.0025121953804, 0.0013275136007, 0.000945185835008, 0.0054502109997], "dmean2": [0.0897576883435, 0.0810908302665, 0.0628754273057, 0.0456810966134, 0.036238104105, 0.0817950293422], "var": [0.00808156002313, 0.0037133039441, 0.00226666242816, 0.00114716717508, 0.00151009543333, 0.0158098749816], "median": [-0.714316785336, -0.802036523819, -0.826645970345, -0.834799766541, -0.837171435356, -0.715824484825], "min": [-0.959893524647, -0.961200892925, -0.969880282879, -0.966207206249, -0.967142105103, -0.959054291248], "dvar": [0.00176985037979, 0.00142328348011, 0.000893077231012, 0.000470515020425, 0.000353595678462, 0.00227936310694], "mean": [-0.704751610756, -0.795882701874, -0.82202899456, -0.833225190639, -0.837817132473, -0.707323253155]}, "silence_rate_60dB": {"max": 1, "dmean": 0.0121615044773, "dvar2": 0.0273020435125, "dmean2": 0.0243249814957, "var": 0.07150131464, "median": 0, "min": 0, "dvar": 0.0120127173141, "mean": 0.0775030404329}, "mfcc": {"icov": [[0.000195672910195, -0.000172373183887, 0.000163306409377, -0.000325416738633, 7.03218684066e-05, -0.0002003122936, 0.000172535379534, -0.000324192049447, 3.82026664738e-05, -3.55326046702e-05, -6.25022803433e-05, -5.11637954332e-05, -1.16967021313e-05], [-0.000172373183887, 0.000954902963713, -0.000178799615242, 0.00070282415254, -0.000250364508247, -0.000197691115318, -0.000274426798569, 0.000957587792072, -0.000676154857501, 0.000291836477118, -0.000185489974683, 0.000483141076984, -0.000102758247522], [0.000163306409377, -0.000178799615242, 0.00142091955058, -0.000419658666942, -0.000413217814639, 0.000495600455906, -0.000179590380867, -0.000235630868701, -0.000406719947932, 0.000126487226225, -0.000251236284385, -1.47944110722e-05, 5.7671990362e-05], [-0.000325416738633, 0.00070282415254, -0.000419658666942, 0.00285143777728, -0.000685591541696, -0.00150784605648, 0.00102285051253, 5.41037625226e-05, 0.000139116978971, -0.00117091904394, 0.000179413080332, 0.000856142665725, -0.00139522366226], [7.03218684066e-05, -0.000250364508247, -0.000413217814639, -0.000685591541696, 0.00476672919467, -0.00162482494488, -0.00246455194429, 0.00165131618269, -0.00135725573637, 0.00117595342454, -0.00107999518514, -0.000990419765003, 0.00163088610861], [-0.0002003122936, -0.000197691115318, 0.000495600455906, -0.00150784605648, -0.00162482494488, 0.00791918952018, -0.0015035168035, -0.00459803640842, 0.00367136159912, -0.000480422721012, 7.17873335816e-05, 0.000633312913124, -0.000595923629589], [0.000172535379534, -0.000274426798569, -0.000179590380867, 0.00102285051253, -0.00246455194429, -0.0015035168035, 0.00933445058763, -0.000481928727822, -0.00542169157416, 0.000361787329894, 0.00183267693501, 0.00087510375306, -0.00319432443939], [-0.000324192049447, 0.000957587792072, -0.000235630868701, 5.41037625226e-05, 0.00165131618269, -0.00459803640842, -0.000481928727822, 0.0127071775496, -0.00525014428422, -0.00256598787382, 0.00150649878196, -0.00170901452657, 0.000914796546567], [3.82026664738e-05, -0.000676154857501, -0.000406719947932, 0.000139116978971, -0.00135725573637, 0.00367136159912, -0.00542169157416, -0.00525014428422, 0.0211980994791, -0.00491453940049, -0.00730371102691, 0.00412597320974, -0.00158779718913], [-3.55326046702e-05, 0.000291836477118, 0.000126487226225, -0.00117091904394, 0.00117595342454, -0.000480422721012, 0.000361787329894, -0.00256598787382, -0.00491453940049, 0.0193266067654, -0.00467098178342, -0.00584062980488, 0.0024968222715], [-6.25022803433e-05, -0.000185489974683, -0.000251236284385, 0.000179413080332, -0.00107999518514, 7.17873335816e-05, 0.00183267693501, 0.00150649878196, -0.00730371102691, -0.00467098178342, 0.0218589510769, -0.00806347187608, -0.00262690521777], [-5.11637954332e-05, 0.000483141076984, -1.47944110722e-05, 0.000856142665725, -0.000990419765003, 0.000633312913124, 0.00087510375306, -0.00170901452657, 0.00412597320974, -0.00584062980488, -0.00806347187608, 0.030393505469, -0.0131074106321], [-1.16967021313e-05, -0.000102758247522, 5.7671990362e-05, -0.00139522366226, 0.00163088610861, -0.000595923629589, -0.00319432443939, 0.000914796546567, -0.00158779718913, 0.0024968222715, -0.00262690521777, -0.0131074106321, 0.0273054838181]], "cov": [[13000.3603516, -698.437255859, -1363.16101074, 2408.34057617, -195.45803833, 1313.62536621, -424.416137695, 852.951782227, -139.673583984, 363.254730225, 60.6606445312, 150.968002319, 127.962013245], [-698.437255859, 1990.1496582, 303.711334229, -723.049316406, 225.3487854, -238.512512207, 232.811401367, -247.974700928, 121.755470276, -113.092048645, 24.3076477051, -62.7383499146, -23.8749790192], [-1363.16101074, 303.711334229, 994.856506348, -182.102645874, 188.607543945, -151.428771973, 146.181594849, -81.3739700317, 99.0082321167, -20.3503761292, 41.7249259949, -5.88599205017, 3.21705842018], [2408.34057617, -723.049316406, -182.102645874, 1111.72937012, 7.68260288239, 426.001739502, -130.750167847, 264.346801758, -47.9858322144, 134.016418457, 20.5539989471, 54.9345054626, 53.4900741577], [-195.45803833, 225.3487854, 188.607543945, 7.68260288239, 375.92074585, 53.505897522, 158.553878784, -16.523519516, 73.8686904907, -3.52020668983, 36.2641792297, 4.29153203964, 8.74156951904], [1313.62536621, -238.512512207, -151.428771973, 426.001739502, 53.505897522, 371.029266357, -6.68527412415, 179.233001709, -20.3683319092, 63.2652664185, 5.40356874466, 25.6686401367, 25.739315033], [-424.416137695, 232.811401367, 146.181594849, -130.750167847, 158.553878784, -6.68527412415, 234.203460693, -6.33448505402, 91.0045318604, -1.77434849739, 24.4000988007, -0.335820168257, 19.3394889832], [852.951782227, -247.974700928, -81.3739700317, 264.346801758, -16.523519516, 179.233001709, -6.33448505402, 208.170379639, 24.2631950378, 72.42578125, 19.5037631989, 30.6513977051, 21.672794342], [-139.673583984, 121.755470276, 99.0082321167, -47.9858322144, 73.8686904907, -20.3683319092, 91.0045318604, 24.2631950378, 114.20199585, 32.8199195862, 47.9412765503, 11.4211416245, 16.4484291077], [363.254730225, -113.092048645, -20.3503761292, 134.016418457, -3.52020668983, 63.2652664185, -1.77434849739, 72.42578125, 32.8199195862, 100.350791931, 41.3157081604, 35.4233055115, 19.2890720367], [60.6606445312, 24.3076477051, 41.7249259949, 20.5539989471, 36.2641792297, 5.40356874466, 24.4000988007, 19.5037631989, 47.9412765503, 41.3157081604, 86.055809021, 36.0126037598, 25.8084106445], [150.968002319, -62.7383499146, -5.88599205017, 54.9345054626, 4.29153203964, 25.6686401367, -0.335820168257, 30.6513977051, 11.4211416245, 35.4233055115, 36.0126037598, 62.9885215759, 33.0115470886], [127.962013245, -23.8749790192, 3.21705842018, 53.4900741577, 8.74156951904, 25.739315033, 19.3394889832, 21.672794342, 16.4484291077, 19.2890720367, 25.8084106445, 33.0115470886, 58.4120254517]], "mean": [-699.822875977, 143.663162231, -23.7699050903, 27.7024497986, -14.5915784836, 19.4048366547, -5.50917482376, 7.69796323776, -2.56577563286, 3.75981831551, -0.868225336075, 0.416221380234, 2.25760579109]}, "melbands_spread": {"max": 218.003433228, "dmean": 8.48626995087, "dvar2": 283.014526367, "dmean2": 13.1184501648, "var": 652.842956543, "median": 17.4441776276, "min": 0.12801836431, "dvar": 126.259841919, "mean": 26.5725822449}, "barkbands_kurtosis": {"max": 630.006103516, "dmean": 7.97215652466, "dvar2": 1025.8704834, "dmean2": 12.934753418, "var": 624.296936035, "median": 3.84769105911, "min": -1.83527708054, "dvar": 422.014404297, "mean": 10.9682760239}, "spectral_energyband_high": {"max": 0.025937769562, "dmean": 0.000746178731788, "dvar2": 4.26473889092e-06, "dmean2": 0.00106279097963, "var": 8.30634598969e-06, "median": 0.000385451392503, "min": 7.91710558587e-21, "dvar": 1.93906021195e-06, "mean": 0.00174790713936}, "hfc": {"max": 1417.03259277, "dmean": 43.3796424866, "dvar2": 7292.51855469, "dmean2": 67.1287994385, "var": 13720.6328125, "median": 108.330482483, "min": 1.17181396659e-16, "dvar": 2990.67578125, "mean": 138.450454712}, "spectral_skewness": {"max": 12.1896438599, "dmean": 0.485575437546, "dvar2": 0.931759774685, "dmean2": 0.765213251114, "var": 2.27396631241, "median": 2.68019342422, "min": -0.00859843101352, "dvar": 0.370492249727, "mean": 3.16491317749}, "erbbands": {"max": [10.458864212, 21.6483917236, 44.121963501, 88.8069458008, 141.237045288, 227.009063721, 190.833236694, 270.417572021, 286.931030273, 338.754455566, 354.440826416, 412.130340576, 363.208526611, 395.677246094, 848.432495117, 700.364013672, 414.421875, 478.39050293, 591.516052246, 566.934082031, 450.893341064, 742.402099609, 1278.8170166, 843.676940918, 855.623291016, 761.808959961, 318.03604126, 385.323242188, 195.969528198, 104.902946472, 119.160926819, 25.3541259766, 1.92360162735, 1.01561999321, 0.633438766003, 0.350615888834, 4.02590656281, 4.58068752289, 3.10983896255, 0.419739633799], "dmean": [0.281314313412, 0.782578647137, 1.47717773914, 1.85227954388, 2.9693403244, 4.86757326126, 5.32514858246, 6.3303565979, 6.92922258377, 8.9191160202, 9.61594009399, 12.3385305405, 10.8989858627, 11.9053077698, 15.6844453812, 14.0219402313, 12.3197288513, 12.0426006317, 11.5650701523, 12.2606706619, 11.2972211838, 12.5012779236, 12.6294403076, 10.5269708633, 10.8660335541, 8.76264858246, 7.33782052994, 6.22811508179, 4.04278612137, 2.94800043106, 1.44672787189, 0.382668107748, 0.0514563322067, 0.0259290747344, 0.0164594557136, 0.0116966767237, 0.0590258203447, 0.096963211894, 0.0495041869581, 0.0105078993365], "dvar2": [1.08705401421, 8.61204624176, 26.4433784485, 39.2794876099, 105.06741333, 294.981414795, 295.762512207, 372.257385254, 536.652160645, 1039.45727539, 1076.6583252, 1473.75354004, 1032.25744629, 1146.71691895, 2796.95263672, 2175.86621094, 1260.45837402, 1299.42712402, 1391.60644531, 1629.93139648, 1310.11242676, 2209.08398438, 2788.72192383, 1524.44519043, 1923.65332031, 1183.65454102, 733.393798828, 805.628051758, 238.57913208, 119.40650177, 33.4354476929, 2.19467043877, 0.0313683897257, 0.00727809034288, 0.00283705373295, 0.00115826434921, 0.0417500212789, 0.083834245801, 0.0209996588528, 0.000559489591978], "dmean2": [0.453833520412, 1.3568854332, 2.55860757828, 3.20735406876, 5.05400037766, 8.14173412323, 8.96537494659, 10.7195549011, 11.6399383545, 14.9583368301, 16.145362854, 21.0416717529, 18.0683040619, 19.8214912415, 25.3988857269, 22.3379821777, 20.2527313232, 19.6853694916, 18.5764751434, 19.4628505707, 18.103471756, 19.8368282318, 19.4433021545, 15.9734363556, 17.2288799286, 13.6663389206, 11.4666318893, 10.0393095016, 6.41360473633, 4.72954797745, 2.31229043007, 0.619706988335, 0.0877020731568, 0.0441824607551, 0.0279573332518, 0.0196252185851, 0.0921654030681, 0.145483747125, 0.0703411996365, 0.0150362690911], "var": [0.680216610432, 3.21728658676, 9.735039711, 14.5329122543, 50.193611145, 143.530731201, 144.617263794, 191.733261108, 310.434448242, 569.098999023, 546.793945312, 773.942016602, 636.563415527, 789.988586426, 1700.56799316, 1405.14550781, 1006.01080322, 1104.84216309, 1424.56396484, 1820.84362793, 1859.63085938, 2775.1940918, 3423.42700195, 2402.69482422, 2064.86206055, 1244.86828613, 786.077026367, 478.171234131, 192.282058716, 88.9348907471, 34.4589576721, 1.78301501274, 0.0114287650213, 0.00264554843307, 0.00103982188739, 0.000517361157108, 0.0453789122403, 0.124709971249, 0.0420986898243, 0.00165619910695], "median": [0.0463585704565, 0.226958215237, 0.450567662716, 0.724363267422, 1.24227261543, 1.94184100628, 3.05555105209, 4.13184642792, 3.67654085159, 4.00937986374, 4.85957336426, 7.46387720108, 7.89588499069, 7.80909156799, 9.38272857666, 8.43228149414, 8.05528640747, 8.03544998169, 6.44064235687, 5.15072345734, 4.11573934555, 3.24175167084, 2.58681344986, 2.17866516113, 2.17466783524, 1.92052996159, 1.64666688442, 1.19494616985, 0.862940073013, 0.607331037521, 0.279209315777, 0.0884316787124, 0.0209130998701, 0.0084787402302, 0.00544093968347, 0.00636428873986, 0.017519293353, 0.0317262373865, 0.0253234356642, 0.0135444076732], "min": [9.51017688772e-22, 3.76023018262e-21, 2.63007584913e-20, 7.8828787262e-20, 4.26429215671e-20, 2.80552547764e-19, 3.34832062011e-19, 5.15953441791e-19, 7.34134942856e-19, 3.34141159404e-19, 5.13180525582e-19, 7.07129822302e-19, 3.42151286943e-18, 4.03173331309e-18, 2.74703186591e-18, 1.86089333481e-18, 2.44156854135e-18, 2.26391123888e-18, 1.1332571261e-17, 1.23857855933e-17, 8.71128883934e-18, 9.69104457024e-18, 9.61798384264e-18, 1.92338319049e-17, 1.28358140328e-17, 1.1983076848e-17, 1.70944864149e-17, 1.63278339165e-17, 1.3246615086e-17, 1.82458341464e-17, 1.79388905821e-17, 1.24329779016e-17, 1.75682905067e-17, 1.34419521333e-17, 1.05356224454e-17, 7.6721183794e-18, 3.07845790835e-18, 1.14068134093e-18, 2.98554376037e-19, 4.03664365108e-20], "dvar": [0.456313788891, 2.87301707268, 9.66209602356, 14.3824853897, 39.4529342651, 112.682182312, 110.729499817, 137.601745605, 207.310440063, 392.763336182, 385.521759033, 518.279907227, 392.542694092, 444.967193604, 1068.55004883, 849.714477539, 495.088531494, 505.762329102, 563.540283203, 691.026916504, 543.971008301, 905.934509277, 1181.55334473, 715.721435547, 782.641906738, 479.720458984, 296.500915527, 295.297546387, 92.7973175049, 44.9926185608, 12.1574888229, 0.799212515354, 0.0114627555013, 0.00270025455393, 0.00105259381235, 0.000431878637755, 0.0159968640655, 0.0358731634915, 0.00969421584159, 0.000287834991468], "mean": [0.347833663225, 0.94137519598, 1.65266060829, 2.05202889442, 3.46803998947, 5.73480558395, 7.03984832764, 8.76823234558, 9.55333805084, 12.0233430862, 13.2671775818, 17.3298988342, 16.5140647888, 18.2385826111, 22.9818725586, 21.1454963684, 19.7840423584, 19.7253551483, 20.182094574, 21.4560489655, 21.5028076172, 23.177318573, 23.524892807, 20.1863746643, 19.3397426605, 15.9155187607, 13.6593723297, 10.4074659348, 7.11663770676, 5.00154018402, 2.51399612427, 0.58338290453, 0.0588414296508, 0.0259049870074, 0.0164642091841, 0.0146539648995, 0.105619288981, 0.199872598052, 0.115539230406, 0.0292179491371]}, "spectral_contrast_valleys": {"max": [-4.9756398201, -4.63778781891, -4.77365255356, -5.24598550797, -4.83886671066, -8.77684402466], "dmean": [0.450783759356, 0.405282080173, 0.353885531425, 0.331806272268, 0.382723927498, 0.6674066782], "dvar2": [0.353860378265, 0.287977486849, 0.222930118442, 0.202763646841, 0.333806961775, 0.823649585247], "dmean2": [0.739333033562, 0.66479319334, 0.570887863636, 0.522736430168, 0.578862071037, 1.0691524744], "var": [2.86860156059, 1.12901365757, 1.13094973564, 1.62874817848, 2.79739809036, 1.57771193981], "median": [-7.23593711853, -6.61694383621, -6.90508270264, -7.36928462982, -7.64102602005, -11.3144922256], "min": [-28.0092010498, -27.3902359009, -27.0471057892, -27.2142848969, -27.3974227905, -27.2427043915], "dvar": [0.149894759059, 0.121783331037, 0.0981263816357, 0.0960195064545, 0.151713207364, 0.298837810755], "mean": [-7.68315124512, -6.78482198715, -7.08551120758, -7.5481004715, -7.83009290695, -11.4886703491]}, "average_loudness": 0.786672413349, "erbbands_spread": {"max": 117.022094727, "dmean": 7.50278186798, "dvar2": 152.250778198, "dmean2": 11.7111272812, "var": 294.339538574, "median": 26.0218830109, "min": 1.15954530239, "dvar": 66.0852203369, "mean": 29.0064277649}, "melbands_flatness_db": {"max": 0.593166530132, "dmean": 0.0374087430537, "dvar2": 0.00271479203366, "dmean2": 0.057358622551, "var": 0.00743426056579, "median": 0.225195646286, "min": 0.0065705999732, "dvar": 0.00120883109048, "mean": 0.224182277918}, "barkbands_spread": {"max": 130.309555054, "dmean": 9.89641094208, "dvar2": 265.256469727, "dmean2": 15.5965089798, "var": 566.284118652, "median": 27.9163799286, "min": 0.417853921652, "dvar": 117.433479309, "mean": 33.747303009}, "spectral_decrease": {"max": 1.35445477056e-08, "dmean": 3.16912851517e-09, "dvar2": 7.25345017678e-17, "dmean2": 5.03273955843e-09, "var": 6.75820258567e-17, "median": -2.37492425725e-09, "min": -1.04047785499e-07, "dvar": 3.01217753887e-17, "mean": -5.23115284423e-09}, "melbands_crest": {"max": 39.1296043396, "dmean": 4.56722784042, "dvar2": 39.2962341309, "dmean2": 7.35170078278, "var": 70.5813446045, "median": 13.1195783615, "min": 1.87619185448, "dvar": 16.7855815887, "mean": 15.2439441681}, "erbbands_flatness_db": {"max": 0.397094935179, "dmean": 0.022992502898, "dvar2": 0.00112232647371, "dmean2": 0.0361834466457, "var": 0.00348813971505, "median": 0.135771170259, "min": 0.0381613187492, "dvar": 0.000468170124805, "mean": 0.150822788477}, "melbands_kurtosis": {"max": 1936.37670898, "dmean": 11.4689464569, "dvar2": 4639.25976562, "dmean2": 18.6685829163, "var": 2277.43969727, "median": 3.41324663162, "min": -1.96972489357, "dvar": 1863.46533203, "mean": 14.866101265}, "spectral_rms": {"max": 0.0199535917491, "dmean": 0.000967902946286, "dvar2": 3.40970359503e-06, "dmean2": 0.00151430023834, "var": 6.97130781191e-06, "median": 0.00461501860991, "min": 3.22302666327e-12, "dvar": 1.41187410918e-06, "mean": 0.00495401909575}, "melbands_skewness": {"max": 35.3765907288, "dmean": 0.967338204384, "dvar2": 4.05469989777, "dmean2": 1.50064861774, "var": 6.03319454193, "median": 1.65913057327, "min": -2.19903588295, "dvar": 1.74182569981, "mean": 2.29311943054}, "barkbands": {"max": [0.328449755907, 0.156307935715, 0.0388812460005, 0.0413131639361, 0.0546519197524, 0.024130474776, 0.0242018010467, 0.0136029757559, 0.0165112614632, 0.0139228468761, 0.0164228472859, 0.0166907161474, 0.0107108168304, 0.0107194427401, 0.0152990762144, 0.00864129513502, 0.0114038623869, 0.0214098338038, 0.0163372457027, 0.0161623544991, 0.00949026923627, 0.00404789438471, 0.00338623323478, 0.000428417639341, 8.98778598639e-05, 0.0017875880003, 0.0160226561129], "dmean": [0.00685902312398, 0.0051263445057, 0.00124795839656, 0.000696813280229, 0.0012405248126, 0.00070162746124, 0.000530392164364, 0.000442935590399, 0.000531810394023, 0.00035444329842, 0.000368697947124, 0.000366934051272, 0.000286968162982, 0.000238108172198, 0.000240818611928, 0.000210630591027, 0.000224383242312, 0.000233026628848, 0.000210181460716, 0.000185947283171, 0.000168707148987, 0.000105045844975, 6.13252414041e-05, 7.79925630923e-06, 2.30279806601e-06, 3.01651161863e-05, 0.000485237746034], "dvar2": [0.000722045311704, 0.000334037584253, 1.92696534214e-05, 5.75930107516e-06, 1.65753735928e-05, 4.06791195928e-06, 3.29138015331e-06, 2.22961875807e-06, 2.64022401097e-06, 1.05174717646e-06, 1.42592830343e-06, 1.46622835473e-06, 7.27638791886e-07, 5.59657451049e-07, 6.94369759913e-07, 4.71223330578e-07, 6.99917109159e-07, 9.24354253584e-07, 6.6989196057e-07, 5.28365660557e-07, 4.80444839468e-07, 1.37792568466e-07, 5.79829944058e-08, 8.17249878882e-10, 5.69248224946e-11, 9.52188727865e-09, 1.34517563311e-06], "dmean2": [0.0109196836129, 0.00859563145787, 0.00217967689969, 0.00121189106721, 0.00206264667213, 0.00118216197006, 0.00087952951435, 0.000745612953324, 0.000907871406525, 0.000591490592342, 0.000607597467024, 0.000587303889915, 0.000474332657177, 0.000397529773181, 0.000388147251215, 0.000334554904839, 0.000360170233762, 0.000356176140485, 0.000327588262735, 0.000290308351396, 0.000267932657152, 0.000165195990121, 9.91227134364e-05, 1.29704776555e-05, 3.92176343667e-06, 4.74406042485e-05, 0.000686921470333], "var": [0.000411584915128, 0.000172718442627, 6.61044668959e-06, 2.08678170566e-06, 9.68389576883e-06, 2.39039081862e-06, 2.10131861422e-06, 1.12811358122e-06, 1.42615783716e-06, 7.0061742008e-07, 9.38833238706e-07, 9.18615796763e-07, 5.35263836809e-07, 4.09037852478e-07, 6.38727215119e-07, 5.97134032887e-07, 8.02867475613e-07, 1.21364178085e-06, 8.30024646348e-07, 5.60488331303e-07, 3.78431195713e-07, 1.31215330157e-07, 4.71389363099e-08, 3.61489643774e-10, 2.06307419065e-11, 1.09489013411e-08, 3.79584571419e-06], "median": [0.000460142764496, 0.00134607823566, 0.000347465393133, 0.000237778876908, 0.000593903590925, 0.000495518906973, 0.000243899878114, 0.000193045154447, 0.000329490401782, 0.000221308757318, 0.000202710973099, 0.000204292038688, 0.000170467654243, 0.000145904967212, 0.000106608189526, 7.84783842391e-05, 5.65880764043e-05, 4.46738558821e-05, 4.42966047558e-05, 4.12062508985e-05, 3.51263952325e-05, 2.35948155023e-05, 1.14194144771e-05, 2.18263198803e-06, 6.78941660226e-07, 9.6126268545e-06, 0.000359552301234], "min": [1.72595129889e-23, 2.04390626213e-23, 2.73527484575e-23, 2.43841386534e-23, 5.88650405613e-23, 6.43414139395e-23, 3.57653788764e-23, 1.43997233912e-23, 4.60747149013e-23, 1.48907845716e-22, 7.46608947158e-23, 4.35857041286e-23, 4.48287185679e-23, 5.01427096619e-23, 2.78109971262e-22, 1.72295160796e-22, 1.64738655874e-22, 1.83266133395e-22, 3.73638906426e-22, 2.47513199571e-22, 4.58728296185e-22, 4.42897561756e-22, 6.63002578036e-22, 8.22320270122e-22, 1.32253164373e-21, 1.82926933303e-21, 2.37174916137e-21], "dvar": [0.000298531376757, 0.000118304378702, 6.93753736414e-06, 2.09163340514e-06, 6.52001244816e-06, 1.51358744915e-06, 1.35038249027e-06, 8.02030911018e-07, 9.31699673856e-07, 4.05799568171e-07, 5.3985223758e-07, 5.86270971326e-07, 2.85939279365e-07, 2.06813211889e-07, 2.80800946939e-07, 1.96100586436e-07, 2.83012184354e-07, 4.00231755293e-07, 2.92690316428e-07, 2.14074276528e-07, 1.8094118559e-07, 5.51661614168e-08, 2.11102388903e-08, 3.02735808644e-10, 2.11082019919e-11, 3.69110875198e-09, 6.85085240093e-07], "mean": [0.00777340587229, 0.00660879490897, 0.00132251437753, 0.000720597570762, 0.00158369995188, 0.00102994346526, 0.000718466064427, 0.000573179393541, 0.000756836263463, 0.000525373441633, 0.000525668961927, 0.000525095732883, 0.000435562920757, 0.000372150185285, 0.00040376954712, 0.000382632919354, 0.00039908150211, 0.000435018358985, 0.000378613971407, 0.000337842007866, 0.000302416126942, 0.000189860962564, 0.000103161051811, 9.54423285293e-06, 2.24143263949e-06, 5.47616255062e-05, 0.00120936403982]}, "spectral_kurtosis": {"max": 196.285858154, "dmean": 6.34805345535, "dvar2": 271.130706787, "dmean2": 10.1453409195, "var": 339.093261719, "median": 15.5052928925, "min": -1.22311091423, "dvar": 105.818740845, "mean": 22.2223262787}, "erbbands_skewness": {"max": 5.87462902069, "dmean": 0.423864901066, "dvar2": 0.379490882158, "dmean2": 0.686073899269, "var": 0.631780862808, "median": 0.121484965086, "min": -5.88451433182, "dvar": 0.156078279018, "mean": 0.147023260593}, "melbands": {"max": [0.0726416781545, 0.0225667841733, 0.0168661773205, 0.0149971647188, 0.00664974888787, 0.00528389681131, 0.00483371177688, 0.00383187038824, 0.00302005559206, 0.00287762260996, 0.00182722334284, 0.00165505323093, 0.00240809819661, 0.0021960537415, 0.00129320821725, 0.00098056672141, 0.000959244614933, 0.000923555111513, 0.000878377701156, 0.000676498864777, 0.000571793410927, 0.000774782674853, 0.00145793659613, 0.00064827996539, 0.000732601853088, 0.000794048770331, 0.000544997630641, 0.000513497274369, 0.000242189489654, 0.000172410611412, 0.00021816577646, 0.000131636246806, 6.91433815518e-05, 5.93088880123e-05, 6.29949645372e-05, 6.18455014774e-05, 9.73868009169e-06, 1.57333283823e-06, 9.36788012496e-07, 8.28853330859e-07], "dmean": [0.0019814867992, 0.000826121482532, 0.000329183269059, 0.000280122389086, 0.000191005310626, 0.000137167939101, 0.000105844985228, 9.68773383647e-05, 8.11059944681e-05, 7.85036536399e-05, 5.50988261239e-05, 4.89122903673e-05, 5.25918658241e-05, 4.38082606706e-05, 3.29435642925e-05, 2.79787564068e-05, 2.2987705961e-05, 1.98616526177e-05, 1.82988824236e-05, 1.60005947691e-05, 1.42331873576e-05, 1.38110326589e-05, 1.30486751004e-05, 1.0941617802e-05, 8.9042714535e-06, 8.43998532218e-06, 7.8920429587e-06, 5.74018076804e-06, 5.03947831021e-06, 4.18889203502e-06, 3.59861314791e-06, 2.5889535209e-06, 1.78315667654e-06, 1.65062385804e-06, 9.28758481678e-07, 5.1607412388e-07, 1.37455515414e-07, 3.41348957988e-08, 2.36588064695e-08, 2.10354418329e-08], "dvar2": [4.63339129055e-05, 8.52823995956e-06, 1.14944430152e-06, 9.5801237876e-07, 3.70268764982e-07, 1.6475104303e-07, 1.23304076283e-07, 1.15762261998e-07, 7.54107816192e-08, 5.68559812564e-08, 2.6582480217e-08, 2.01000975864e-08, 3.12009476033e-08, 2.27409966413e-08, 1.08751851968e-08, 7.00407776222e-09, 5.07588682197e-09, 4.38957981075e-09, 3.88917298366e-09, 2.91143043007e-09, 2.46775222479e-09, 2.85264389888e-09, 3.18958481849e-09, 1.93166371787e-09, 1.21400278719e-09, 1.31221478128e-09, 1.00247621315e-09, 5.37381916743e-10, 3.6824973626e-10, 2.61232008247e-10, 2.81025591686e-10, 1.08039632796e-10, 3.38805372646e-11, 4.44653480702e-11, 1.25427133957e-11, 6.49254391569e-12, 3.58910600892e-13, 1.78925664297e-14, 6.21634091858e-15, 4.83097406412e-15], "dmean2": [0.00311232055537, 0.00142971298192, 0.000564185378607, 0.000469904742204, 0.00031847594073, 0.000231803947827, 0.000176014727913, 0.000162316515343, 0.000136737900903, 0.000133297726279, 9.14783668122e-05, 8.20703717181e-05, 8.56396509334e-05, 7.11435859557e-05, 5.32061967533e-05, 4.62746575067e-05, 3.80555684387e-05, 3.26431763824e-05, 2.94316378131e-05, 2.51645724347e-05, 2.36142914218e-05, 2.25598378165e-05, 2.03689432965e-05, 1.73618445842e-05, 1.37818697112e-05, 1.33917492349e-05, 1.2922152564e-05, 9.00937175174e-06, 7.98628843768e-06, 6.74635793985e-06, 5.92121932641e-06, 4.18422223447e-06, 2.84061366074e-06, 2.70352643383e-06, 1.49818788486e-06, 8.3185858557e-07, 2.32247899135e-07, 5.91819855345e-08, 4.04085547245e-08, 3.58725706917e-08], "var": [3.72502399841e-05, 3.17294916385e-06, 4.72349853453e-07, 5.08259404342e-07, 1.89113634974e-07, 9.04273846913e-08, 7.77331692348e-08, 6.35956638462e-08, 3.75404951569e-08, 3.07643261976e-08, 1.60363491375e-08, 1.30164377055e-08, 2.03283754274e-08, 1.27596173627e-08, 7.81591058541e-09, 4.91992446783e-09, 3.77124642625e-09, 3.66358099413e-09, 3.55599594215e-09, 3.16631942887e-09, 2.61898414067e-09, 2.92891133569e-09, 3.4504201718e-09, 2.28177365891e-09, 1.56036106258e-09, 1.26147203794e-09, 8.88220219597e-10, 4.96306107323e-10, 3.44299005972e-10, 2.25531551767e-10, 1.44403128344e-10, 7.40354791362e-11, 3.56413440428e-11, 2.54882920325e-11, 1.19871326407e-11, 6.56307863958e-12, 1.26070906644e-13, 5.32895066304e-15, 2.23223081865e-15, 1.74101333088e-15], "median": [0.000480999413412, 0.000285039976006, 0.00015204185911, 0.000122566241771, 0.000112225410703, 9.42749975366e-05, 5.56213963137e-05, 4.36556001659e-05, 3.92051952076e-05, 4.69552105642e-05, 3.81321333407e-05, 2.94817418762e-05, 2.94934434351e-05, 2.4371976906e-05, 1.85412372957e-05, 1.67388898262e-05, 1.41303225973e-05, 1.01555706351e-05, 7.71940085542e-06, 5.89609135204e-06, 4.38800043412e-06, 3.39557050211e-06, 2.54749420492e-06, 2.01600892069e-06, 1.67051859989e-06, 1.59353282925e-06, 1.50716880398e-06, 1.15171201287e-06, 1.03441550436e-06, 8.33048488857e-07, 6.33828449281e-07, 5.019247169e-07, 4.14915234614e-07, 2.96298736657e-07, 1.7222861004e-07, 8.79130581666e-08, 3.11828785016e-08, 8.06157807176e-09, 6.44508046932e-09, 5.98020877263e-09], "min": [7.60110553986e-24, 1.03269307786e-23, 1.09869880529e-23, 1.00015303884e-23, 1.32310527814e-23, 1.26832803906e-23, 1.04811349418e-23, 3.54202411863e-24, 4.84588852709e-24, 4.83317406145e-24, 1.83682995897e-23, 1.75921835212e-23, 1.0543286137e-23, 4.37884421701e-24, 6.44071954727e-24, 3.69564097485e-24, 3.78015598236e-24, 1.61225104112e-23, 1.89871609698e-23, 1.43767154741e-23, 9.40956206533e-24, 1.0279203905e-23, 7.25164883632e-24, 9.57429594386e-24, 1.6799630747e-23, 1.31753024035e-23, 5.61080474282e-24, 8.62830025721e-24, 9.11137658746e-24, 1.50957448342e-23, 7.3222889638e-24, 7.10516604369e-24, 9.1480294317e-24, 9.978960289e-24, 1.03271185275e-23, 1.05259351414e-23, 6.9377555601e-24, 1.07386041529e-23, 1.47151289138e-23, 1.02486229231e-23], "dvar": [1.97407061933e-05, 3.0365533803e-06, 4.26266439035e-07, 3.67340874163e-07, 1.41103001283e-07, 6.10874693052e-08, 4.9560508586e-08, 4.29790958378e-08, 2.67197464154e-08, 2.02881746958e-08, 1.01119592699e-08, 7.74806618864e-09, 1.19295533452e-08, 8.79077699523e-09, 4.37965175237e-09, 2.73753486546e-09, 1.91604843103e-09, 1.67925096051e-09, 1.56348822777e-09, 1.24146704028e-09, 9.55694301474e-10, 1.11156073235e-09, 1.348841705e-09, 7.90062348877e-10, 5.44471523423e-10, 5.25258780915e-10, 3.80708714554e-10, 2.16046444623e-10, 1.46916923072e-10, 1.00567595918e-10, 1.01990485502e-10, 4.12010772721e-11, 1.37375284759e-11, 1.61410468325e-11, 4.60516824327e-12, 2.22990679741e-12, 1.29285837136e-13, 6.50550907293e-15, 2.30603491692e-15, 1.7907204006e-15], "mean": [0.00285393069498, 0.000988072599284, 0.000391019391827, 0.000341152917827, 0.000253203703323, 0.000196839057025, 0.000147677128552, 0.000130380693008, 0.000109575499664, 0.000109762317152, 8.12336875242e-05, 7.20094685676e-05, 7.59096219554e-05, 6.15362441749e-05, 4.90054408147e-05, 4.18900817749e-05, 3.558516255e-05, 3.19367536576e-05, 3.02783992083e-05, 2.70401342277e-05, 2.4795121135e-05, 2.37379899772e-05, 2.31879021158e-05, 1.92650950339e-05, 1.59534229169e-05, 1.43605984704e-05, 1.30806538436e-05, 9.84765028988e-06, 8.7669086497e-06, 7.28566919861e-06, 5.5664249885e-06, 4.22301945946e-06, 3.17951912621e-06, 2.58114846474e-06, 1.55248426381e-06, 8.41697385567e-07, 1.59519359499e-07, 3.1160315217e-08, 2.26836149864e-08, 2.03184438163e-08]}, "spectral_centroid": {"max": 10962.0986328, "dmean": 283.808013916, "dvar2": 275985.5, "dmean2": 441.172546387, "var": 747591.375, "median": 1141.46203613, "min": 216.881362915, "dvar": 123178.851562, "mean": 1448.84106445}, "pitch_salience": {"max": 0.887890458107, "dmean": 0.0891656801105, "dvar2": 0.0187203586102, "dmean2": 0.144864067435, "var": 0.0277475398034, "median": 0.627526521683, "min": 0.0466722995043, "dvar": 0.0072683156468, "mean": 0.586479485035}, "gfcc": {"icov": [[0.000131272099679, -0.00015943487233, 0.000281175307464, -0.000332466006512, 4.04703278036e-05, 1.58197017299e-05, -3.28698229168e-06, -0.000155312678544, 0.000254206854152, -0.000254331040196, 0.000392658781493, -0.000450890045613, 0.000201126153115], [-0.00015943487233, 0.00206818873994, -0.001955288928, 0.00148366123904, -0.000949130626395, -3.11618314299e-05, -0.000300308602164, 0.000519038527273, -0.00147923373152, 0.00130414427258, -0.00151359685697, 0.00189085549209, -0.00131288100965], [0.000281175307464, -0.001955288928, 0.0047411294654, -0.00336344679818, 0.00269659026526, -0.00147618446499, 0.00102965091355, -0.000226648888201, 0.00137981737498, -0.00147670507431, 0.0011662292527, 0.000266527786152, -0.00128345005214], [-0.000332466006512, 0.00148366123904, -0.00336344679818, 0.00556964799762, -0.004760785494, 0.00192647159565, -0.000571778335143, -0.00219034776092, 0.00194002722856, -0.00302771665156, 0.00345624634065, -0.00506340479478, 0.00465274043381], [4.04703278036e-05, -0.000949130626395, 0.00269659026526, -0.004760785494, 0.00821024924517, -0.00354386307299, -0.00119047740009, 0.0042692348361, -0.00380059471354, 0.00428884988651, -0.0057419561781, 0.00699404627085, -0.00605822633952], [1.58197017299e-05, -3.11618314299e-05, -0.00147618446499, 0.00192647159565, -0.00354386307299, 0.00635530427098, 0.000281018117676, -0.0053344857879, 0.00418932456523, -0.00228408887051, 0.00314278807491, -0.00499807763845, 0.00363462651148], [-3.28698229168e-06, -0.000300308602164, 0.00102965091355, -0.000571778335143, -0.00119047740009, 0.000281018117676, 0.00637687928975, -0.00137278891634, -0.00156973069534, 0.000233087746892, 0.000754821230657, -0.00184368703049, 0.00138941011392], [-0.000155312678544, 0.000519038527273, -0.000226648888201, -0.00219034776092, 0.0042692348361, -0.0053344857879, -0.00137278891634, 0.0126567641273, -0.0068882596679, 0.000403942161938, -0.00467938836664, 0.00890220236033, -0.0086533036083], [0.000254206854152, -0.00147923373152, 0.00137981737498, 0.00194002722856, -0.00380059471354, 0.00418932456523, -0.00156973069534, -0.0068882596679, 0.0201753787696, -0.0117407115176, 0.00746512366459, -0.0130446041003, 0.0104797128588], [-0.000254331040196, 0.00130414427258, -0.00147670507431, -0.00302771665156, 0.00428884988651, -0.00228408887051, 0.000233087746892, 0.000403942161938, -0.0117407115176, 0.0290396008641, -0.0194435864687, 0.0102592539042, -0.0047921850346], [0.000392658781493, -0.00151359685697, 0.0011662292527, 0.00345624634065, -0.0057419561781, 0.00314278807491, 0.000754821230657, -0.00467938836664, 0.00746512366459, -0.0194435864687, 0.0353491157293, -0.0144356815144, -0.000962477759458], [-0.000450890045613, 0.00189085549209, 0.000266527786152, -0.00506340479478, 0.00699404627085, -0.00499807763845, -0.00184368703049, 0.00890220236033, -0.0130446041003, 0.0102592539042, -0.0144356815144, 0.0278912261128, -0.0102427685633], [0.000201126153115, -0.00131288100965, -0.00128345005214, 0.00465274043381, -0.00605822633952, 0.00363462651148, 0.00138941011392, -0.0086533036083, 0.0104797128588, -0.0047921850346, -0.000962477759458, -0.0102427685633, 0.0247691497207]], "cov": [[18264.6269531, -1993.42358398, -504.664825439, 3453.78173828, 859.243652344, -108.380119324, 980.493652344, -175.390991211, 555.491455078, 89.2518234253, -282.225830078, 759.591674805, -733.714477539], [-1993.42358398, 1559.85339355, 494.388366699, -732.062133789, -50.1827812195, 193.907775879, -225.426193237, 163.076309204, -144.773574829, 14.7879810333, 103.056640625, -215.987609863, 269.687805176], [-504.664825439, 494.388366699, 767.581665039, 160.732284546, -65.0808792114, 228.288253784, -127.725830078, 170.706344604, -79.4223709106, 64.0621871948, 15.096953392, -47.5003967285, 84.2103271484], [3453.78173828, -732.062133789, 160.732284546, 1430.16723633, 359.564849854, 33.1968154907, 300.258850098, -13.8794727325, 172.02973938, 62.2390441895, -80.5277404785, 233.977920532, -232.901245117], [859.243652344, -50.1827812195, -65.0808792114, 359.564849854, 389.51071167, 69.3606796265, 127.898498535, -17.9508590698, 43.4218406677, 3.9775185585, 13.7251710892, 33.6496162415, -12.0592012405], [-108.380119324, 193.907775879, 228.288253784, 33.1968154907, 69.3606796265, 359.812072754, -23.048248291, 162.903701782, -38.0986251831, 36.5069961548, 23.2322750092, -15.9134101868, 56.6264648438], [980.493652344, -225.426193237, -127.725830078, 300.258850098, 127.898498535, -23.048248291, 283.239044189, -10.3428020477, 101.814918518, 10.791601181, -14.9628248215, 80.6900100708, -75.970703125], [-175.390991211, 163.076309204, 170.706344604, -13.8794727325, -17.9508590698, 162.903701782, -10.3428020477, 235.788375854, 11.6373405457, 66.5804519653, 42.3754920959, -30.5395679474, 73.1557693481], [555.491455078, -144.773574829, -79.4223709106, 172.02973938, 43.4218406677, -38.0986251831, 101.814918518, 11.6373405457, 148.136016846, 41.2570343018, 0.992782890797, 68.5380630493, -60.361492157], [89.2518234253, 14.7879810333, 64.0621871948, 62.2390441895, 3.9775185585, 36.5069961548, 10.791601181, 66.5804519653, 41.2570343018, 89.8657913208, 42.7960472107, 10.3366909027, 15.8267469406], [-282.225830078, 103.056640625, 15.096953392, -80.5277404785, 13.7251710892, 23.2322750092, -14.9628248215, 42.3754920959, 0.992782890797, 42.7960472107, 74.8532791138, 2.0393447876, 50.8664093018], [759.591674805, -215.987609863, -47.5003967285, 233.977920532, 33.6496162415, -15.9134101868, 80.6900100708, -30.5395679474, 68.5380630493, 10.3366909027, 2.0393447876, 122.275474548, -45.0135650635], [-733.714477539, 269.687805176, 84.2103271484, -232.901245117, -12.0592012405, 56.6264648438, -75.970703125, 73.1557693481, -60.361492157, 15.8267469406, 50.8664093018, -45.0135650635, 139.260986328]], "mean": [-39.5453720093, 77.1160888672, -96.8700408936, -11.7145242691, -18.1137390137, -22.8960208893, 6.38218927383, -25.2921142578, 1.77686226368, -8.67761707306, -5.84424734116, 0.927559494972, -7.69544696808]}, "spectral_flux": {"max": 0.469517678022, "dmean": 0.0235617328435, "dvar2": 0.00246064015664, "dmean2": 0.0384004227817, "var": 0.00336673855782, "median": 0.0978202596307, "min": 1.03187201839e-10, "dvar": 0.000926517590415, "mean": 0.10496340692}, "zerocrossingrate": {"max": 0.8955078125, "dmean": 0.0430333167315, "dvar2": 0.00209286552854, "dmean2": 0.053172968328, "var": 0.0262772832066, "median": 0.330078125, "min": 0.0009765625, "dvar": 0.00140337715857, "mean": 0.343905240297}, "spectral_energyband_middle_low": {"max": 0.105670757592, "dmean": 0.00278761656955, "dvar2": 4.28182938776e-05, "dmean2": 0.00448905397207, "var": 4.10841312259e-05, "median": 0.00348478951491, "min": 2.71095571554e-22, "dvar": 1.75212990143e-05, "mean": 0.0055423094891}, "silence_rate_20dB": {"max": 1, "dmean": 0, "dvar2": 0, "dmean2": 0, "var": 0, "median": 1, "min": 1, "dvar": 0, "mean": 1}, "silence_rate_30dB": {"max": 1, "dmean": 0.0270796176046, "dvar2": 0.0603081174195, "dmean2": 0.0541636273265, "var": 0.026879588142, "median": 1, "min": 0, "dvar": 0.0263455212116, "mean": 0.97235506773}, "spectral_entropy": {"max": 9.79627990723, "dmean": 0.170275181532, "dvar2": 0.0739735290408, "dmean2": 0.267649322748, "var": 0.252913206816, "median": 7.76395893097, "min": 5.39417076111, "dvar": 0.0315812118351, "mean": 7.59583377838}, "spectral_rolloff": {"max": 22050, "dmean": 2987.66210938, "dvar2": 98289624, "dmean2": 5617.0625, "var": 81448376, "median": 21102.5390625, "min": 21.533203125, "dvar": 38579088, "mean": 15046.2832031}, "spectral_complexity": {"max": 67, "dmean": 4.56153726578, "dvar2": 58.2983093262, "dmean2": 6.860455513, "var": 273.821350098, "median": 14, "min": 0, "dvar": 29.6640129089, "mean": 20.1423587799}, "spectral_spread