{"tonal": {"chords_number_rate": 0.00187348469626, "thpcp": [1, 0.588242352009, 0.117052130401, 0.0843710303307, 0.0928811132908, 0.246124118567, 0.411740630865, 0.289550721645, 0.160295695066, 0.1488571316, 0.12467918545, 0.417188048363, 0.566178143024, 0.266178369522, 0.285537749529, 0.486527919769, 0.294278234243, 0.0782837569714, 0.0829941779375, 0.107651993632, 0.318124771118, 0.495614379644, 0.306369304657, 0.133533850312, 0.119429253042, 0.193423658609, 0.722514033318, 0.944755911827, 0.475568115711, 0.313422858715, 0.397651165724, 0.257558196783, 0.127010822296, 0.12910951674, 0.137063905597, 0.558978021145], "hpcp": {"dvar": [0.00941167026758, 0.0110088568181, 0.0149825587869, 0.0228307768703, 0.0157116856426, 0.0124282790348, 0.0106060262769, 0.0104240449145, 0.0173319485039, 0.0186293441802, 0.0147229619324, 0.0188619494438, 0.0235927607864, 0.01637378335, 0.0121845509857, 0.0119943190366, 0.0141578288749, 0.0193227268755, 0.0233299992979, 0.0171499494463, 0.0134963775054, 0.010733269155, 0.0165149252862, 0.0268436204642, 0.028428921476, 0.0266210734844, 0.0249365288764, 0.0201840866357, 0.0169784016907, 0.0176524389535, 0.0131701035425, 0.0148524595425, 0.0213000997901, 0.0297677498311, 0.0194444879889, 0.0123882051557], "mean": [0.0291082840413, 0.0320442914963, 0.0849136337638, 0.142051875591, 0.0998959541321, 0.0553025454283, 0.0513562038541, 0.0430147312582, 0.143931254745, 0.195333331823, 0.0918324142694, 0.0985114723444, 0.167853742838, 0.101526968181, 0.0270081553608, 0.0286332666874, 0.0371402949095, 0.109754100442, 0.170988604426, 0.105698421597, 0.0460696220398, 0.0412034876645, 0.0667318031192, 0.249269723892, 0.325943917036, 0.164072573185, 0.108131922781, 0.137190967798, 0.0888584256172, 0.0438191518188, 0.044543210417, 0.0472875013947, 0.192849263549, 0.345003306866, 0.202945560217, 0.0403833724558], "min": [0, 0, 0, 0, 0, 0, 0, 0, 0, 0, 0, 0, 0, 0, 0, 0, 0, 0, 0, 0, 0, 0, 0, 0, 0, 0, 0, 0, 0, 0, 0, 0, 0, 0, 0, 0], "median": [0.0031814519316, 0.00192944239825, 0.002336216392, 0.00277845864184, 0.00254249805585, 0.00172052159905, 0.000670533103403, 0.00471589295194, 0.0148435495794, 0.019041871652, 0.0131591558456, 0.00224578753114, 0.000924722233322, 0.00126358587295, 0.00113130547106, 0.000861548352987, 0.00200416753069, 0.0105346711352, 0.0151245491579, 0.0115872733295, 0.00580086838454, 0.00423284014687, 0.0139643866569, 0.0912476629019, 0.123167648911, 0.0600229352713, 0.00566278025508, 0.00234008487314, 0.00135304080322, 0.00283038523048, 0.00295268325135, 0.00550461094826, 0.077666580677, 0.132179513574, 0.0732072368264, 0.0067786257714], "dvar2": [0.0254937782884, 0.0296197421849, 0.0384565107524, 0.0541739240289, 0.0399323254824, 0.0325452126563, 0.0273128524423, 0.0285541657358, 0.0460981614888, 0.0440634265542, 0.038110293448, 0.0496832579374, 0.0581338666379, 0.0418002977967, 0.0311446320266, 0.0310505591333, 0.0364370197058, 0.0475715100765, 0.0533580034971, 0.0438148640096, 0.0359896607697, 0.0285294353962, 0.0461585298181, 0.0692825838923, 0.0699212476611, 0.0691811665893, 0.0677278935909, 0.0522730275989, 0.0443485118449, 0.0490436665714, 0.0349515900016, 0.039456281811, 0.0541398227215, 0.0688616335392, 0.0485308654606, 0.0338460244238], "var": [0.0099453786388, 0.0152310878038, 0.0381885319948, 0.0862947255373, 0.0472446866333, 0.0283201746643, 0.0300493445247, 0.0122543685138, 0.0597277022898, 0.0948559343815, 0.0275533329695, 0.0374317131937, 0.103400319815, 0.042132910341, 0.0125211728737, 0.0153353167698, 0.0161426328123, 0.0407685413957, 0.0883549302816, 0.0398254208267, 0.0177705846727, 0.0160294249654, 0.0189778376371, 0.0962579473853, 0.146069318056, 0.0526694208384, 0.0453805103898, 0.0839105993509, 0.0438496172428, 0.0198271088302, 0.022260138765, 0.0185278691351, 0.056309338659, 0.154643937945, 0.0650010257959, 0.0130097828805], "dmean2": [0.0467443875968, 0.0491607375443, 0.0765626057982, 0.0909781381488, 0.0818827971816, 0.058288782835, 0.0487563051283, 0.0661611333489, 0.104921653867, 0.0999840423465, 0.0937085598707, 0.0959119051695, 0.0948074236512, 0.0821281597018, 0.0494155213237, 0.0457796938717, 0.060369219631, 0.0983471944928, 0.110130824149, 0.0941533669829, 0.0657828077674, 0.0549121722579, 0.103694088757, 0.163003519177, 0.157037392259, 0.165391370654, 0.132320210338, 0.0937705114484, 0.0826845616102, 0.075664691627, 0.0612387955189, 0.0763832107186, 0.13883176446, 0.149619534612, 0.132015421987, 0.0681020766497], "max": [1, 1, 1, 1, 1, 1, 1, 1, 1, 1, 1, 1, 1, 1, 1, 1, 1, 1, 1, 1, 1, 1, 1, 1, 1, 1, 1, 1, 1, 1, 1, 1, 1, 1, 1, 1], "dmean": [0.0267708152533, 0.0277595967054, 0.0455361679196, 0.054260596633, 0.0493808500469, 0.0335217565298, 0.0276738330722, 0.036973901093, 0.0617136396468, 0.0615141056478, 0.0547923445702, 0.0556355193257, 0.0568630434573, 0.0493624955416, 0.0278542079031, 0.0261815469712, 0.0349664539099, 0.0593399293721, 0.0671380385756, 0.0572700127959, 0.037933729589, 0.0314369350672, 0.0589238293469, 0.0977268218994, 0.0935498997569, 0.0972416475415, 0.0757554024458, 0.0543996207416, 0.0477339848876, 0.0425080917776, 0.0346213169396, 0.0440488830209, 0.0832675620914, 0.0913046821952, 0.07960190624, 0.0392385683954]}, "key_strength": 0.72448271513, "chords_strength": {"dvar": 5.01572503708e-05, "mean": 0.521957695484, "min": 0.177290916443, "median": 0.524876713753, "dvar2": 3.24170541717e-05, "var": 0.00995022710413, "dmean2": 0.00557202659547, "max": 0.779562175274, "dmean": 0.00789985992014}, "tuning_equal_tempered_deviation": 0.0560807585716, "chords_key": "F", "tuning_frequency": 443.828887939, "chords_scale": "minor", "chords_changes_rate": 0.0466167069972, "key_scale": "major", "tuning_diatonic_strength": 0.436426967382, "hpcp_entropy": {"dvar": 0.170787081122, "mean": 1.6720893383, "min": 0, "median": 1.73328816891, "dvar2": 0.451679170132, "var": 0.464537411928, "dmean2": 0.730234980583, "max": 3.82651805878, "dmean": 0.432141900063}, "chords_histogram": [8.41966056824, 24.972448349, 16.7511577606, 0.165307477117, 1.23429584503, 2.16001772881, 1.7081772089, 0.595106899738, 5.40004396439, 1.54286968708, 2.01675105095, 0.0991844832897, 0.121225476265, 0, 0, 2.7881860733, 1.55389022827, 2.74410414696, 0.573065876961, 7.71434879303, 2.00573062897, 2.85430908203, 9.43354606628, 5.14657258987], "tuning_nontempered_energy_ratio": 0.667341530323, "key_key": "C#"}, "metadata": {"version": {"extractor": "music 1.0", "essentia_build_sha": "ca57ba49d9b1854bd80e60cf9ccf267278fb7d6b", "essentia": "2.1-beta1", "essentia_git_sha": "v2.1_beta1-28-g21ef5f4-dirty"}, "audio_properties": {"sample_rate": 44100, "length": 421.306671143, "lossless": true, "analysis_sample_rate": 44100, "downmix": "mix", "bit_rate": 0, "equal_loudness": 0, "md5_encoded": "56180168db95a30bb45a29bbc8363a66", "codec": "flac", "replay_gain": -13.5031242371}, "tags": {"totaltracks": ["7"], "album": ["Stand With the Stillness of This Day"], "tracktotal": ["7"], "date": ["2004"], "acoustid_id": ["a4ef22a9-93cd-4556-9eeb-067df9e6ab01"], "musicbrainz_recordingid": ["82fb066e-0155-42de-8ca2-c7840e67d75a"], "albumartistsort": ["Vajagic, Elizabeth Anka"], "title": ["Iceland"], "artistsort": ["Vajagic, Elizabeth Anka"], "musicbrainz_albumid": ["d706a8c4-c6c9-47a9-aa15-9cd52c3d116e"], "albumartist": ["Elizabeth Anka Vajagic"], "musicbrainz_artistid": ["4e087e70-5c36-43e5-a5c8-a0cda255a3dd"], "file_name": "04 - Iceland.flac", "tracknumber": ["4"], "musicbrainz_albumartistid": ["4e087e70-5c36-43e5-a5c8-a0cda255a3dd"], "artist": ["Elizabeth Anka Vajagic"]}}, "lowlevel": {"melbands": {"dvar": [1.15166276515e-09, 7.36629885978e-08, 1.16898405622e-07, 4.07748075304e-08, 5.24808534408e-08, 2.52443417281e-08, 1.32560966648e-08, 2.33148611528e-08, 3.29236762298e-08, 3.47131852152e-08, 2.94150268587e-08, 6.54843912429e-09, 3.74465791708e-09, 2.37272579362e-09, 2.62486943292e-09, 3.35102789961e-09, 6.76244948927e-10, 3.81613407541e-10, 1.24195292939e-10, 1.20343518137e-11, 2.64646377729e-12, 1.11017809529e-11, 1.90887115142e-11, 5.24788025535e-11, 4.98161407958e-11, 3.89980339688e-11, 1.89307076959e-11, 1.00546897197e-11, 8.53530191403e-13, 2.40159420942e-14, 1.1038209802e-14, 2.84664022768e-14, 9.54928546177e-14, 1.23086450429e-13, 1.84274280947e-13, 4.08998898117e-13, 4.35708327057e-13, 6.20926758361e-13, 4.10181524163e-12, 1.64909297155e-12], "mean": [5.9014721046e-05, 0.000359024066711, 0.000456804118585, 0.000296953134239, 0.000278813327895, 0.000176672503585, 0.000127678547869, 0.000114176036732, 0.000118961885164, 7.8222641605e-05, 0.00017112835485, 6.83219041093e-05, 4.25636062573e-05, 3.03318556689e-05, 2.95070876746e-05, 4.33897257608e-05, 9.81252014753e-06, 6.40373355054e-06, 2.15797285819e-06, 1.25558062791e-06, 7.90684566709e-07, 1.14573538212e-06, 1.46188790495e-06, 4.18014906245e-06, 6.25547590971e-06, 5.06664264321e-06, 3.11896610583e-06, 2.12831764657e-06, 6.11805887729e-07, 7.1632889842e-08, 2.53128877858e-08, 3.85604863595e-08, 8.5657475779e-08, 1.44043738715e-07, 1.80510994596e-07, 1.84962914318e-07, 1.59512623554e-07, 1.70093187535e-07, 1.62885655186e-07, 1.27818466922e-07], "min": [2.24511328239e-23, 4.09972511279e-24, 3.42577047589e-24, 5.91455602881e-24, 2.13937913926e-24, 7.28509180553e-24, 7.08452392038e-24, 1.45825624164e-23, 1.20307766566e-24, 5.37745258731e-24, 6.28854551764e-24, 1.82365976838e-23, 1.60893971859e-23, 6.89502217601e-24, 2.04469812071e-23, 9.49249580116e-24, 7.34519827334e-24, 5.72734395321e-24, 3.92541130743e-24, 1.61907374132e-23, 1.69680194181e-23, 1.12176012834e-23, 9.00021898617e-24, 3.94617018215e-24, 1.52956926747e-23, 8.37998419919e-24, 1.63712287883e-23, 1.35509690106e-23, 9.15690727233e-24, 1.46318504457e-23, 1.26055129048e-23, 8.18519156472e-24, 7.99501376655e-24, 1.15540725476e-23, 8.38987257063e-24, 1.37550694149e-23, 1.095474573e-23, 1.1857443997e-23, 1.00062864308e-23, 1.21004044784e-23], "median": [2.98979775835e-05, 0.000193948799279, 0.000246341805905, 0.000126529092086, 6.38607743895e-05, 5.74618534301e-05, 4.53672728327e-05, 4.56015004602e-06, 5.52073561266e-06, 4.8429897106e-06, 2.02397313842e-06, 1.43574379763e-06, 1.21910693451e-06, 8.09740754448e-07, 5.13050849804e-07, 3.99474458845e-07, 3.12086797294e-07, 1.87450837075e-07, 8.90284610477e-08, 1.06650524856e-07, 6.55878125144e-08, 6.19997990725e-08, 5.78818486474e-08, 5.66309736882e-08, 2.73794604766e-08, 1.56914232718e-08, 1.19448460012e-08, 7.14706338556e-09, 4.98734298304e-09, 3.72038799767e-09, 1.29647470537e-09, 8.92080520565e-10, 7.13739789493e-10, 8.67398042281e-10, 1.30531274678e-09, 1.06631348196e-09, 6.27770835315e-10, 8.32635072001e-10, 5.91335203026e-10, 3.42398387421e-10], "dvar2": [2.93574764498e-09, 2.19956149294e-07, 3.33446735112e-07, 1.03134873086e-07, 1.23176533862e-07, 5.19580254377e-08, 2.83910175369e-08, 4.02025648327e-08, 5.16835250153e-08, 4.99401373588e-08, 3.97282988729e-08, 1.01665671437e-08, 7.26907067872e-09, 4.49242198997e-09, 3.12650549894e-09, 6.29630259041e-09, 7.91381571386e-10, 5.67545566099e-10, 1.40162895179e-10, 2.40192588041e-11, 5.60107385819e-12, 3.02827138365e-11, 3.13929195139e-11, 1.08992530279e-10, 8.74996949896e-11, 7.88674056618e-11, 3.49605726313e-11, 1.76255815498e-11, 1.72512969621e-12, 5.46178330156e-14, 2.49971399781e-14, 6.01012769825e-14, 1.70158510763e-13, 2.05282852891e-13, 3.12335254231e-13, 7.37628870744e-13, 6.80956538986e-13, 1.24078015657e-12, 9.51390875803e-12, 2.39634874444e-12], "var": [9.1161069804e-09, 2.43613726525e-07, 3.58893913699e-07, 2.16427054056e-07, 6.58607859805e-07, 1.65410824593e-07, 5.58559136721e-08, 2.42685302965e-07, 2.27093565286e-07, 3.1083027352e-07, 7.0525436513e-07, 1.26925243649e-07, 8.25802359827e-08, 2.56668535314e-08, 4.01558750696e-08, 4.82681414837e-08, 3.76585340689e-09, 1.75547076875e-09, 9.4197338818e-10, 2.27410746484e-11, 7.49747919998e-12, 3.76453312967e-11, 9.50572467961e-11, 4.38265285174e-10, 1.00917119106e-09, 6.84053813593e-10, 2.10846590187e-10, 1.12366976834e-10, 1.00434591199e-11, 1.0221138443e-13, 2.72724856208e-14, 8.53191283357e-14, 3.75532233348e-13, 7.15925962177e-13, 8.41588138154e-13, 1.24737893625e-12, 1.39309635876e-12, 1.79242493244e-12, 6.44972530245e-12, 4.40395593257e-12], "dmean2": [2.26108750212e-05, 0.000180320028448, 0.000260290165897, 0.000155118585099, 0.000107133964775, 8.16308529465e-05, 6.81752862874e-05, 3.62564351235e-05, 4.57729402115e-05, 3.25830187649e-05, 3.96881332563e-05, 1.97635363293e-05, 1.44446830745e-05, 9.87148905551e-06, 9.33361479838e-06, 1.35741083795e-05, 4.95393896927e-06, 3.34872356689e-06, 1.19083597383e-06, 1.00085946997e-06, 5.62804245874e-07, 7.59099918923e-07, 6.70662757329e-07, 1.61534399012e-06, 1.71338456312e-06, 1.52563404754e-06, 1.10769360617e-06, 7.45313116113e-07, 2.56622627148e-07, 4.71953605086e-08, 1.97239149458e-08, 2.48428726479e-08, 4.50633166338e-08, 7.15897172654e-08, 9.53525756131e-08, 1.18350968137e-07, 9.91660229488e-08, 1.14648599947e-07, 1.3427995782e-07, 9.97598945673e-08], "max": [0.00128130870871, 0.00627199560404, 0.00626945262775, 0.00596485706046, 0.0123682888225, 0.00730968918651, 0.00485510379076, 0.00812604371458, 0.0136165646836, 0.0197666566819, 0.0144595522434, 0.0106785548851, 0.00650694500655, 0.00472717778757, 0.00563747482374, 0.0036184315104, 0.00265995948575, 0.00172747310717, 0.00204060552642, 0.000249577307841, 8.14147642814e-05, 0.000187626923434, 0.00041336461436, 0.000502190203406, 0.000543545640539, 0.000335534423357, 0.000271493336186, 0.000255903200014, 5.87699141761e-05, 8.36380513647e-06, 6.29486657999e-06, 1.31993147079e-05, 2.81457887468e-05, 2.696042975e-05, 3.46612432622e-05, 4.69053593406e-05, 5.78138024139e-05, 7.75025764597e-05, 0.000224865769269, 9.87226230791e-05], "dmean": [1.47910068335e-05, 0.000117582931125, 0.000168371698237, 0.000103385289549, 7.40592586226e-05, 5.63134963159e-05, 4.43835269834e-05, 2.77936051134e-05, 3.58097058779e-05, 2.54455062532e-05, 3.27727830154e-05, 1.52852280735e-05, 1.03150796349e-05, 7.48030834075e-06, 7.35543062547e-06, 1.0092327102e-05, 3.93284199163e-06, 2.58747559201e-06, 9.02113924894e-07, 6.63278513002e-07, 3.6858165231e-07, 4.81463303004e-07, 4.9465779739e-07, 1.14937029139e-06, 1.26280724544e-06, 1.07641903924e-06, 7.77190336976e-07, 5.30880072347e-07, 1.76181330858e-07, 3.06773131342e-08, 1.29322836884e-08, 1.73332690423e-08, 3.23407114422e-08, 5.12044344703e-08, 6.80852849655e-08, 7.96949493065e-08, 7.06144760443e-08, 7.81804345706e-08, 9.62144284244e-08, 7.53517568342e-08]}, "spectral_decrease": {"dvar": 4.50519422832e-19, "mean": -2.2371391406e-09, "min": -3.65996228879e-08, "median": -8.72393490781e-10, "dvar2": 9.60758390759e-19, "var": 1.47489479592e-17, "dmean2": 5.04492836395e-10, "max": 6.02838642517e-16, "dmean": 3.48129580718e-10}, "spectral_rolloff": {"dvar": 236604.8125, "mean": 551.327697754, "min": 43.06640625, "median": 387.59765625, "dvar2": 514634.625, "var": 1225238.75, "dmean2": 144.251922607, "max": 22050, "dmean": 82.8536682129}, "melbands_crest": {"dvar": 4.92082118988, "mean": 15.4772577286, "min": 2.18969655037, "median": 14.8809156418, "dvar2": 13.4328613281, "var": 23.8932914734, "dmean2": 3.37173604965, "max": 39.0545425415, "dmean": 2.14525532722}, "barkbands_skewness": {"dvar": 0.255232900381, "mean": 2.06964635849, "min": -10.3026132584, "median": 1.82882797718, "dvar2": 0.590911567211, "var": 3.10229110718, "dmean2": 0.607781171799, "max": 23.9525337219, "dmean": 0.397356301546}, "spectral_centroid": {"dvar": 12826.2460938, "mean": 462.450012207, "min": 79.2939147949, "median": 346.424133301, "dvar2": 22231.9414062, "var": 166944.46875, "dmean2": 71.8767089844, "max": 11113.8964844, "dmean": 49.5250396729}, "spectral_energyband_middle_low": {"dvar": 5.46817636859e-06, "mean": 0.0056779505685, "min": 1.88539498153e-22, "median": 0.00216388702393, "dvar2": 1.12636435006e-05, "var": 9.74250797299e-05, "dmean2": 0.00160720478743, "max": 0.122947521508, "dmean": 0.00111876206938}, "erbbands_crest": {"dvar": 4.00548839569, "mean": 12.4741363525, "min": 3.11559844017, "median": 11.631570816, "dvar2": 9.85155105591, "var": 21.7229347229, "dmean2": 3.19562602043, "max": 31.9587554932, "dmean": 2.0455725193}, "dynamic_complexity": 8.03119087219, "spectral_energyband_low": {"dvar": 1.15696263947e-06, "mean": 0.00168915558606, "min": 8.94955123909e-23, "median": 0.000981211778708, "dvar2": 3.23643325828e-06, "var": 4.357594662e-06, "dmean2": 0.000804568990134, "max": 0.0212939139456, "dmean": 0.000522348622326}, "silence_rate_60dB": {"dvar": 0.0353537537158, "mean": 0.484238952398, "min": 0, "median": 0, "dvar2": 0.0790348052979, "var": 0.249753892422, "dmean2": 0.0734127014875, "max": 1, "dmean": 0.0367043279111}, "erbbands_kurtosis": {"dvar": 7.94302749634, "mean": 4.20979595184, "min": -1.90753304958, "median": 2.40161991119, "dvar2": 17.7387752533, "var": 43.7484207153, "dmean2": 2.42688536644, "max": 85.8212127686, "dmean": 1.58661651611}, "spectral_complexity": {"dvar": 1.02970969677, "mean": 6.1064696312, "min": 0, "median": 5, "dvar2": 2.32948040962, "var": 21.4105873108, "dmean2": 1.36122131348, "max": 34, "dmean": 0.814990341663}, "barkbands_crest": {"dvar": 2.83320808411, "mean": 10.9480113983, "min": 3.55890417099, "median": 10.2695817947, "dvar2": 7.66194820404, "var": 12.2712335587, "dmean2": 2.57571792603, "max": 25.5983963013, "dmean": 1.63125741482}, "spectral_energy": {"dvar": 7.0749056249e-06, "mean": 0.00895790755749, "min": 1.10594419483e-20, "median": 0.00338474777527, "dvar2": 1.48486133185e-05, "var": 0.00024874554947, "dmean2": 0.00197396636941, "max": 0.148153632879, "dmean": 0.00136572413612}, "spectral_spread": {"dvar": 333114474496, "mean": 2620406, "min": 257015.171875, "median": 2173325.75, "dvar2": 549911265280, "var": 3490836643840.0, "dmean2": 530464.625, "max": 39985956, "dmean": 338240.09375}, "spectral_contrast_valleys": {"dvar": [0.0912371873856, 0.065535582602, 0.0545210018754, 0.0533866733313, 0.0441188253462, 0.0710537210107], "mean": [-8.2783870697, -8.24921989441, -9.45046710968, -10.3883695602, -10.688577652, -13.2912197113], "min": [-27.6827468872, -27.6497631073, -27.385389328, -27.1139945984, -27.2657108307, -27.1884040833], "median": [-7.98158550262, -8.0062122345, -9.21483230591, -10.0045747757, -10.2999401093, -13.1539335251], "dvar2": [0.244564890862, 0.161799281836, 0.134622842073, 0.126223117113, 0.0899643227458, 0.155830189586], "var": [1.41056478024, 2.26564288139, 2.46391367912, 2.63740324974, 3.07064700127, 3.02993440628], "dmean2": [0.554242134094, 0.468180775642, 0.439111888409, 0.389493346214, 0.292359381914, 0.302363097668], "max": [-6.14549684525, -5.35543966293, -5.82828998566, -7.04661989212, -6.63047838211, -7.72309207916], "dmean": [0.330474793911, 0.281841576099, 0.266873091459, 0.238227248192, 0.187927678227, 0.196984261274]}, "spectral_rms": {"dvar": 7.82459679272e-08, "mean": 0.00229449896142, "min": 3.28476785702e-12, "median": 0.00181719369721, "dvar2": 1.72859799363e-07, "var": 3.47475724993e-06, "dmean2": 0.000301852531265, "max": 0.0120224840939, "dmean": 0.000209339021239}, "barkbands_spread": {"dvar": 11.1918001175, "mean": 5.78898143768, "min": 0.396576464176, "median": 3.9981751442, "dvar2": 20.3440341949, "var": 51.7567138672, "dmean2": 1.73249185085, "max": 135.260162354, "dmean": 1.17342960835}, "pitch_salience": {"dvar": 0.00234466046095, "mean": 0.531920552254, "min": 0.0316317118704, "median": 0.541640520096, "dvar2": 0.00614290032536, "var": 0.0137472003698, "dmean2": 0.078362621367, "max": 0.853750646114, "dmean": 0.0495889484882}, "erbbands_skewness": {"dvar": 0.114078618586, "mean": 1.2787873745, "min": -5.52725124359, "median": 1.20538556576, "dvar2": 0.249515354633, "var": 0.925587296486, "dmean2": 0.449292242527, "max": 8.19676589966, "dmean": 0.297228932381}, "spectral_energyband_middle_high": {"dvar": 1.46029549342e-06, "mean": 0.00224106479436, "min": 1.7614976742e-21, "median": 6.96011848049e-05, "dvar2": 2.40492954617e-06, "var": 6.85209524818e-05, "dmean2": 0.000391906505683, "max": 0.0828930065036, "dmean": 0.000302447064314}, "erbbands": {"dvar": [1.33749119868e-06, 0.00623014569283, 0.496965527534, 3.30278301239, 10.4123716354, 12.7768135071, 57.2333183289, 58.4419059753, 61.0414848328, 180.906387329, 514.572509766, 891.217346191, 1169.33398438, 305.02053833, 284.23626709, 152.680969238, 639.159851074, 148.176773071, 83.6227264404, 15.6247138977, 2.69834756851, 7.35240745544, 40.9378166199, 52.390827179, 41.7434654236, 23.4462623596, 0.816072404385, 0.0264666229486, 0.105066560209, 0.34849652648, 0.585302531719, 1.07663047314, 2.1301510334, 2.8665201664, 0.691891431808, 0.0623993836343, 0.00145140278619, 2.87631846732e-05, 2.49810597097e-07, 3.22260995667e-10], "mean": [0.00231579318643, 0.122185483575, 0.858279407024, 2.25459599495, 3.949477911, 4.65790462494, 8.15491390228, 7.77130031586, 9.32233333588, 8.93546009064, 14.8368387222, 12.9519939423, 32.9413871765, 15.1280708313, 13.4586362839, 8.38317394257, 21.0116863251, 7.03783607483, 3.34929656982, 1.2116651535, 0.805467784405, 1.17773103714, 3.13249754906, 7.37438774109, 5.83866214752, 3.52063441277, 0.735525667667, 0.0783657506108, 0.0915400981903, 0.228954344988, 0.315219700336, 0.274360626936, 0.240751937032, 0.162858352065, 0.0761403739452, 0.0298959519714, 0.00496073067188, 0.000862362678163, 8.51304939715e-05, 1.33181893034e-05], "min": [2.79566589671e-21, 5.83559806675e-21, 4.38293683685e-21, 1.34103740675e-20, 6.33720774112e-20, 6.74516287947e-20, 6.43694245854e-20, 3.5531980067e-19, 3.38592864515e-19, 1.56112225364e-18, 2.54655745832e-19, 7.10536669052e-19, 1.28873829537e-18, 4.80492508784e-18, 4.68197048005e-18, 3.42871513103e-18, 7.12774916392e-18, 3.96687159972e-18, 3.15616925215e-18, 6.8817774962e-18, 1.49103540577e-17, 1.16755459855e-17, 5.9618434672e-18, 1.62505173446e-17, 1.64186070625e-17, 2.23315290004e-17, 1.86376183174e-17, 2.17476503301e-17, 1.40190768739e-17, 1.85317243097e-17, 1.76839717153e-17, 1.88752540725e-17, 1.61639380043e-17, 1.33388275264e-17, 1.01735034528e-17, 6.05092254737e-18, 3.4191889055e-18, 1.34111092566e-18, 3.67135791377e-19, 2.90285723538e-20], "median": [0.00126782176085, 0.0632292106748, 0.439114540815, 1.21245026588, 1.70467627048, 1.5082218647, 1.66008889675, 2.54882764816, 3.23847293854, 0.806430101395, 0.651757597923, 0.862061083317, 0.439603418112, 0.386586308479, 0.438717514277, 0.240329608321, 0.241111323237, 0.191030353308, 0.115351729095, 0.0845459327102, 0.0708610638976, 0.069846779108, 0.0731421858072, 0.0409611016512, 0.0229973066598, 0.0135162211955, 0.00916687771678, 0.00403641350567, 0.00197598244995, 0.00188197975513, 0.00253243092448, 0.00137078191619, 0.00119297485799, 0.000528273638338, 0.00028638690128, 0.000128050043713, 3.28271598846e-05, 6.65267543809e-06, 3.92430229113e-06, 4.12983990827e-06], "dvar2": [3.23828544424e-06, 0.0177031699568, 1.50272774696, 9.39877891541, 28.320268631, 27.9247512817, 134.0078125, 120.303436279, 132.011428833, 354.427764893, 784.455200195, 1392.34936523, 1530.13879395, 455.420440674, 583.945861816, 227.969818115, 1068.52807617, 189.460693359, 137.714828491, 19.9827156067, 5.6111369133, 17.9169006348, 78.6685028076, 93.5143127441, 80.619758606, 41.2128334045, 1.65001034737, 0.0564085282385, 0.198077470064, 0.575197637081, 0.952983856201, 1.79532563686, 4.46082115173, 4.84520196915, 1.37156569958, 0.0959035605192, 0.00188285566401, 3.55433912773e-05, 3.11783310281e-07, 4.65757876711e-10], "var": [1.1448616533e-05, 0.0367162078619, 1.43960165977, 8.94513034821, 36.5544929504, 87.8848876953, 749.344787598, 306.639923096, 286.402557373, 1338.12341309, 3653.8137207, 6656.18847656, 26681.8554688, 5563.24267578, 4844.91503906, 1823.9317627, 11656.0839844, 1132.3626709, 388.83795166, 114.362182617, 7.37090492249, 34.0795555115, 264.45300293, 1314.80932617, 748.224365234, 290.908813477, 11.5352916718, 0.104112505913, 0.39792329073, 1.83891534805, 2.52018690109, 3.39452195168, 5.16846227646, 6.64262342453, 1.55758285522, 0.176596134901, 0.00461708474904, 9.72869747784e-05, 9.88932470136e-07, 1.59874113947e-09], "dmean2": [0.000825103197712, 0.0512311421335, 0.462161421776, 1.32926249504, 2.47704958916, 2.17535805702, 3.16709303856, 3.79480266571, 4.7654132843, 3.21060013771, 5.31272411346, 5.28602838516, 7.71412658691, 4.13004255295, 4.49041891098, 2.50595116615, 5.9503660202, 2.7041759491, 1.65999150276, 0.586426615715, 0.551639080048, 0.646653413773, 1.14892137051, 1.83797478676, 1.67666018009, 1.08505427837, 0.265800654888, 0.0402714163065, 0.0469110123813, 0.108404912055, 0.159212172031, 0.160048365593, 0.159364968538, 0.115840487182, 0.0609036013484, 0.0202847477049, 0.00295988516882, 0.000514125160407, 4.18599956902e-05, 3.19727155329e-06], "max": [0.0424933470786, 2.5133998394, 15.0501098633, 34.5011444092, 92.4752349854, 150.311264038, 459.707672119, 339.157470703, 366.488037109, 720.341186523, 1545.03137207, 3486.62548828, 2995.63598633, 2318.26513672, 1654.30871582, 1150.91381836, 2178.74414062, 1104.73303223, 645.437316895, 622.983520508, 85.7521209717, 138.380157471, 490.797454834, 566.472229004, 344.110443115, 405.741333008, 56.5856628418, 8.7863368988, 28.4221591949, 50.3094444275, 62.4280776978, 89.114654541, 161.080932617, 163.808883667, 53.2488670349, 22.5260829926, 3.03479862213, 0.449967741966, 0.0766151472926, 0.00259832199663], "dmean": [0.000545166491065, 0.0331358462572, 0.300342917442, 0.845205426216, 1.63674664497, 1.46822154522, 2.20501494408, 2.6193716526, 3.12229704857, 2.38300228119, 4.26883029938, 4.08732891083, 6.45577764511, 3.15773510933, 3.15619778633, 1.96931278706, 4.53851032257, 2.14298415184, 1.26440525055, 0.444430947304, 0.363101840019, 0.429578572512, 0.822966635227, 1.34314131737, 1.19333875179, 0.788540482521, 0.18366086483, 0.0271296314895, 0.0338527709246, 0.0787407830358, 0.11426884681, 0.113382041454, 0.111429922283, 0.0932031795382, 0.0437699817121, 0.014712116681, 0.00244008423761, 0.00040479254676, 3.4844448237e-05, 2.41552970692e-06]}, "dissonance": {"dvar": 0.00100188411307, "mean": 0.390347480774, "min": 0.0798312649131, "median": 0.403513759375, "dvar2": 0.00278418324888, "var": 0.00404183194041, "dmean2": 0.0558172166348, "max": 0.5, "dmean": 0.0329738631845}, "erbbands_flatness_db": {"dvar": 0.000196573702851, "mean": 0.257984876633, "min": 0.0153358858079, "median": 0.249857187271, "dvar2": 0.000402905599913, "var": 0.00442504743114, "dmean2": 0.0183521155268, "max": 0.506052076817, "dmean": 0.012449638918}, "melbands_kurtosis": {"dvar": 850.271179199, "mean": 15.7339200974, "min": -1.95630836487, "median": 9.52648162842, "dvar2": 2544.37646484, "var": 1019.13720703, "dmean2": 8.57016468048, "max": 2407.0144043, "dmean": 5.39336919785}, "melbands_spread": {"dvar": 12.5290575027, "mean": 6.80626487732, "min": 0.0320740379393, "median": 4.48136901855, "dvar2": 25.3632907867, "var": 89.2086029053, "dmean2": 1.92070019245, "max": 186.931854248, "dmean": 1.29192626476}, "melbands_skewness": {"dvar": 0.366520494223, "mean": 2.31035470963, "min": -3.88781452179, "median": 2.15656137466, "dvar2": 0.941740036011, "var": 1.90004646778, "dmean2": 0.677793562412, "max": 31.8710803986, "dmean": 0.436730772257}, "spectral_entropy": {"dvar": 0.0247788056731, "mean": 6.01901483536, "min": 3.9550652504, "median": 6.06370067596, "dvar2": 0.0520210079849, "var": 0.502068698406, "dmean2": 0.20600682497, "max": 9.81431007385, "dmean": 0.137337848544}, "zerocrossingrate": {"dvar": 6.08118170931e-05, "mean": 0.0236610285938, "min": 0.00390625, "median": 0.017578125, "dvar2": 5.40369619557e-05, "var": 0.00133809412364, "dmean2": 0.00414019124582, "max": 0.921875, "dmean": 0.00337093020789}, "average_loudness": 0.010412460193, "spectral_contrast_coeffs": {"dvar": [0.000932025024667, 0.000836858525872, 0.000547216506675, 0.000363445258699, 0.000195869681193, 0.000190290724277], "mean": [-0.621811926365, -0.680130779743, -0.751788794994, -0.780515789986, -0.804517924786, -0.830262362957], "min": [-0.974805474281, -0.964670062065, -0.971918165684, -0.966981351376, -0.968481957912, -0.974803924561], "median": [-0.624778270721, -0.679181814194, -0.764326334, -0.793423235416, -0.817327797413, -0.835488438606], "dvar2": [0.00264631398022, 0.00222075101919, 0.00136102351826, 0.00089343538275, 0.000469902472105, 0.000496738299262], "var": [0.00537023879588, 0.00517168361694, 0.00754701765254, 0.00568675715476, 0.00468951137736, 0.00174497859553], "dmean2": [0.0590350963175, 0.0541426837444, 0.0447318442166, 0.0359924212098, 0.0258369930089, 0.0217915419489], "max": [-0.335722714663, -0.398684471846, -0.385238289833, -0.489572167397, -0.495474249125, -0.617213368416], "dmean": [0.0358142703772, 0.0330338925123, 0.0276867989451, 0.0221429597586, 0.0159152280539, 0.0132750440389]}, "barkbands_flatness_db": {"dvar": 0.000272587523796, "mean": 0.29115819931, "min": 0.078575797379, "median": 0.2836355865, "dvar2": 0.000583064451348, "var": 0.00757355615497, "dmean2": 0.0230082701892, "max": 0.630141913891, "dmean": 0.0154360029846}, "silence_rate_30dB": {"dvar": 0.000550796452444, "mean": 0.998016119003, "min": 0, "median": 1, "dvar2": 0.0012114092242, "var": 0.00197988911532, "dmean2": 0.0011022927938, "max": 1, "dmean": 0.000551116012502}, "spectral_energyband_high": {"dvar": 4.89147211624e-08, "mean": 7.65397635405e-05, "min": 7.95226803205e-21, "median": 9.2533298357e-07, "dvar2": 7.09099765572e-08, "var": 1.88114412936e-07, "dmean2": 3.0887506e-05, "max": 0.0184711720794, "dmean": 2.39590026467e-05}, "melbands_flatness_db": {"dvar": 0.000358152465196, "mean": 0.397926300764, "min": 0.00904806144536, "median": 0.39205789566, "dvar2": 0.000749040336814, "var": 0.0128266885877, "dmean2": 0.0248331651092, "max": 0.794913947582, "dmean": 0.0170289762318}, "barkbands": {"dvar": [9.37493051939e-12, 5.51791430325e-08, 5.13025383952e-07, 8.64950834512e-07, 9.26454447381e-07, 7.15820817732e-07, 4.18758133947e-07, 9.29038151298e-07, 1.4440661289e-06, 8.151585007e-07, 2.18151313902e-07, 1.65253197792e-07, 3.18390817711e-07, 8.37076754578e-08, 1.94235347806e-08, 1.31845667717e-09, 2.27398211372e-09, 2.47817002474e-08, 3.06991019272e-08, 1.01936050712e-08, 1.03029966503e-10, 1.29880675659e-10, 6.01305283343e-10, 3.80612608097e-09, 1.63177560353e-08, 9.84248238467e-10, 6.42359256064e-12], "mean": [4.78356980693e-07, 0.000377740361728, 0.000870736199431, 0.000962152145803, 0.001497911755, 0.000929647125304, 0.000563737412449, 0.00069942092523, 0.000557631836273, 0.00105214584619, 0.000286496651825, 0.000200277281692, 0.000459980423329, 9.65922081377e-05, 3.1190837035e-05, 1.5324281776e-05, 1.88819503819e-05, 7.64123615227e-05, 0.000142187418533, 6.95139460731e-05, 4.41452948508e-06, 3.25076939589e-06, 1.06579691419e-05, 1.36380804179e-05, 1.28915007735e-05, 4.11682276535e-06, 4.7614028631e-07], "min": [5.59068437212e-23, 4.79438293084e-23, 3.86088761297e-24, 5.99496659303e-24, 2.3330708e-23, 3.08469131738e-23, 6.26444226711e-23, 1.89420223488e-23, 3.49376176622e-23, 6.88824759632e-23, 1.43472202804e-22, 4.52856741358e-23, 1.70791162771e-22, 9.03426038527e-23, 4.61747645522e-23, 2.95875270309e-22, 1.92079034993e-22, 8.24486936552e-23, 3.62717411184e-22, 4.05907861289e-22, 5.26114839436e-22, 4.28733911302e-22, 7.14109960455e-22, 9.43544184639e-22, 1.36900935927e-21, 1.73354539145e-21, 2.27847364209e-21], "median": [3.32801306513e-08, 0.000186613135156, 0.000446235237177, 0.000424640777055, 0.000565542490222, 0.000241621979512, 0.000171016174136, 1.46744569065e-05, 3.74180235667e-05, 1.33849625854e-05, 8.38166579342e-06, 4.44972283731e-06, 4.73449472338e-06, 3.01839099848e-06, 1.19840046864e-06, 1.35063771722e-06, 9.99753638098e-07, 1.30739454107e-06, 5.00522560287e-07, 2.80899200789e-07, 1.51839572027e-07, 4.96757444068e-08, 9.52782670538e-08, 6.68297275297e-08, 4.37260467834e-08, 2.21426041946e-08, 1.52539225695e-08], "dvar2": [2.63684161311e-11, 1.46934269196e-07, 1.41159478062e-06, 2.58625595961e-06, 2.20792776418e-06, 1.49134007188e-06, 8.99670624221e-07, 1.44822342918e-06, 2.24596510634e-06, 1.32630975713e-06, 4.44800207333e-07, 2.84366478809e-07, 5.34796924967e-07, 1.03397987061e-07, 3.28702078889e-08, 2.7509030609e-09, 5.15107734245e-09, 5.1332254003e-08, 6.30163867754e-08, 1.85849202694e-08, 2.29994037704e-10, 2.33648295156e-10, 9.70218461127e-10, 6.8697301181e-09, 2.61582400185e-08, 1.33104516298e-09, 7.09257479137e-12], "var": [9.4620223115e-12, 3.90594010469e-07, 1.48936373989e-06, 2.07819743991e-06, 6.7713167482e-06, 7.38572043701e-06, 1.33928881496e-06, 9.09257141757e-06, 1.55044472194e-05, 2.38335887843e-05, 4.1039138523e-06, 1.31635260914e-06, 5.4785264183e-06, 4.4458550974e-07, 1.0204822587e-07, 2.51296095044e-09, 1.20906307188e-08, 1.55867667218e-07, 5.23033577338e-07, 1.11837387351e-07, 5.64086832799e-10, 5.10202269322e-10, 2.79174749984e-09, 1.16949561146e-08, 4.16910133083e-08, 3.00688807187e-09, 2.77679251121e-11], "dmean2": [7.57074644753e-07, 0.000153191984282, 0.00048464385327, 0.000660694087856, 0.000699819007423, 0.000416918483097, 0.000311388663249, 0.000214283776586, 0.000239752902417, 0.000233876067796, 0.000105596074718, 7.18153751222e-05, 0.000134918722324, 4.70214690722e-05, 2.10620455618e-05, 1.25796395878e-05, 1.119018998e-05, 3.64413099305e-05, 4.25865291618e-05, 2.43243321165e-05, 2.65603534899e-06, 1.7032505184e-06, 5.36477000423e-06, 8.35441278468e-06, 9.28181270865e-06, 2.56840780821e-06, 2.56469348869e-07], "max": [0.000144870151416, 0.0084813721478, 0.0146962273866, 0.01744360663, 0.0376790165901, 0.0466870479286, 0.0262005142868, 0.0655211806297, 0.111940085888, 0.0746918320656, 0.0394782721996, 0.0306115131825, 0.0444932729006, 0.0321022048593, 0.0191064961255, 0.00146994087845, 0.0029718845617, 0.00808053929359, 0.00976415164769, 0.0073182079941, 0.000722634606063, 0.00103622348979, 0.00196082540788, 0.00628607533872, 0.00974396429956, 0.00291870441288, 0.000371595990146], "dmean": [4.61551621811e-07, 9.95197624434e-05, 0.000318653037539, 0.000421302655013, 0.000473066349514, 0.000288741430268, 0.000203079456696, 0.000171049949131, 0.000179548165761, 0.000183871568879, 7.54721841076e-05, 5.50461336388e-05, 0.000101482561149, 3.79965385946e-05, 1.45993190017e-05, 8.19793876872e-06, 7.3349278864e-06, 2.50235516432e-05, 2.90902135021e-05, 1.72469153767e-05, 1.81687960321e-06, 1.22693086269e-06, 3.81778818337e-06, 5.7177439885e-06, 7.28786608306e-06, 2.00493241209e-06, 2.00348623025e-07]}, "erbbands_spread": {"dvar": 34.188331604, "mean": 17.8445510864, "min": 0.593863606453, "median": 15.179977417, "dvar2": 68.9520111084, "var": 179.079956055, "dmean2": 4.60953378677, "max": 171.865997314, "dmean": 3.08425855637}, "barkbands_kurtosis": {"dvar": 133.250076294, "mean": 13.9036884308, "min": -1.93992650509, "median": 7.33447599411, "dvar2": 286.451416016, "var": 1087.30163574, "dmean2": 6.1747803688, "max": 941.59588623, "dmean": 4.09257745743}, "spectral_flux": {"dvar": 0.000129481355543, "mean": 0.0234519764781, "min": 1.05163884545e-10, "median": 0.0154495676979, "dvar2": 0.000337469944498, "var": 0.000613495125435, "dmean2": 0.0121992575005, "max": 0.247448518872, "dmean": 0.00744041940197}, "silence_rate_20dB": {"dvar": 0, "mean": 1, "min": 1, "median": 1, "dvar2": 0, "var": 0, "dmean2": 0, "max": 1, "dmean": 0}, "gfcc": {"cov": [[24595.0546875, -2891.81347656, -4822.87207031, 112.295082092, -2101.77001953, 988.362854004, -905.180175781, 1122.98950195, -1167.32751465, 45.7047843933, 97.1767120361, -566.221008301, -561.739379883], [-2891.81347656, 2410.86987305, 55.5678215027, -453.209838867, 755.198425293, -508.905975342, 325.947387695, -418.489227295, 400.086181641, -92.9644317627, -8.86832427979, 75.3461608887, 132.760452271], [-4822.87207031, 55.5678215027, 1955.37768555, 152.526657104, 117.907905579, 104.061164856, -5.18413877487, -49.7931632996, 128.869338989, 8.21257781982, -54.6958312988, 75.7214279175, 85.077796936], [112.295082092, -453.209838867, 152.526657104, 575.853210449, 30.2676467896, 53.491065979, -46.6752967834, 5.67815876007, 26.2731933594, 12.2568740845, -22.0188827515, 23.1257324219, 29.013250351], [-2101.77001953, 755.198425293, 117.907905579, 30.2676467896, 564.751831055, -200.785568237, 167.534820557, -194.179840088, 188.214508057, -17.770362854, -15.1712217331, 58.7667884827, 74.9662628174], [988.362854004, -508.905975342, 104.061164856, 53.491065979, -200.785568237, 352.980895996, -76.0508499146, 146.273849487, -104.949302673, 16.1977710724, 6.20684194565, -54.6714363098, -39.4226837158], [-905.180175781, 325.947387695, -5.18413877487, -46.6752967834, 167.534820557, -76.0508499146, 302.925476074, -74.0409164429, 50.788646698, -32.8313446045, 10.1969137192, 12.7692070007, 1.85765731335], [1122.98950195, -418.489227295, -49.7931632996, 5.67815876007, -194.179840088, 146.273849487, -74.0409164429, 229.674407959, -99.6033859253, 5.71246814728, -0.63944798708, -54.297744751, -40.3277702332], [-1167.32751465, 400.086181641, 128.869338989, 26.2731933594, 188.214508057, -104.949302673, 50.788646698, -99.6033859253, 220.543655396, -3.43197727203, -36.0777626038, 43.0900001526, 52.678527832], [45.7047843933, -92.9644317627, 8.21257781982, 12.2568740845, -17.770362854, 16.1977710724, -32.8313446045, 5.71246814728, -3.43197727203, 108.064445496, 25.8339080811, -13.4830598831, -2.76498699188], [97.1767120361, -8.86832427979, -54.6958312988, -22.0188827515, -15.1712217331, 6.20684194565, 10.1969137192, -0.63944798708, -36.0777626038, 25.8339080811, 112.282272339, 4.92161941528, -28.2596187592], [-566.221008301, 75.3461608887, 75.7214279175, 23.1257324219, 58.7667884827, -54.6714363098, 12.7692070007, -54.297744751, 43.0900001526, -13.4830598831, 4.92161941528, 105.78780365, 33.4170608521], [-561.739379883, 132.760452271, 85.077796936, 29.013250351, 74.9662628174, -39.4226837158, 1.85765731335, -40.3277702332, 52.678527832, -2.76498699188, -28.2596187592, 33.4170608521, 95.9848861694]], "mean": [-224.099624634, 170.313140869, -71.5798950195, 1.22371578217, -43.865978241, -10.4515600204, -36.6638259888, -4.07665920258, -27.6544589996, -12.0817422867, -6.58345317841, -10.2589607239, -13.2600469589], "icov": [[0.000333662988851, -0.00045859394595, 0.000791184662376, -0.000619711528998, 0.000828175747301, -0.000622655148618, 0.000483351061121, -0.000583718239795, 0.000758205656894, -0.000197149434825, 0.000490082369652, -1.85833705473e-05, 0.000644858810119], [-0.00045859394595, 0.00228103902191, -0.00111749314237, 0.00213734572753, -0.0022697430104, 0.00157809560187, -0.00084948859876, 0.00173685746267, -0.00252954522148, 0.00141170748975, -0.00147968938109, 0.00115098815877, -0.00173478375655], [0.000791184662376, -0.00111749314237, 0.00246974476613, -0.00156042561866, 0.00191174028441, -0.00189299369231, 0.00115470401943, -0.00132093171123, 0.00155057199299, -0.000582099950407, 0.00135030061938, -0.000429798237747, 0.00129002705216], [-0.000619711528998, 0.00213734572753, -0.00156042561866, 0.00403439765796, -0.00266242353246, 0.00129408587236, -0.000742618343793, 0.00172578799538, -0.00266470666975, 0.00103404384572, -0.00126300717238, 0.00046119876788, -0.00210920558311], [0.000828175747301, -0.0022697430104, 0.00191174028441, -0.00266242353246, 0.00630246149376, -0.00133217615075, 0.000143884535646, -0.000780681148171, 0.0013414475834, -0.00114826369099, 0.00141252484173, -0.000450497900601, 0.00109955726657], [-0.000622655148618, 0.00157809560187, -0.00189299369231, 0.00129408587236, -0.00133217615075, 0.00606653047726, -0.000911897746846, -0.0002514362277, -0.00129738287069, 0.000685683568008, -0.00141687016003, 0.00157323479652, -0.0013290027855], [0.000483351061121, -0.00084948859876, 0.00115470401943, -0.000742618343793, 0.000143884535646, -0.000911897746846, 0.00500944117084, -0.000484281859826, 0.00116102979518, 0.000834870152175, 0.000166825062479, 0.000184045391507, 0.0017892542528], [-0.000583718239795, 0.00173685746267, -0.00132093171123, 0.00172578799538, -0.000780681148171, -0.0002514362277, -0.000484281859826, 0.00920921564102, -0.00113361445256, 0.00131585181225, -0.000713834422641, 0.00231922417