{"tonal": {"chords_number_rate": 0.0014450866729, "thpcp": [1, 0.928209781647, 0.258779942989, 0.0560671240091, 0.0335455834866, 0.0280027259141, 0.048091314733, 0.0956675559282, 0.0867708399892, 0.0420558266342, 0.0290422812104, 0.027236090973, 0.0553896613419, 0.075145766139, 0.336592614651, 0.592740654945, 0.304057508707, 0.0266738049686, 0.0334649272263, 0.0422335714102, 0.0579034760594, 0.25775384903, 0.435279041529, 0.278971523046, 0.121412500739, 0.109424136579, 0.0922240763903, 0.0698884502053, 0.0556682571769, 0.0453097783029, 0.0386274904013, 0.0339653342962, 0.0505114607513, 0.238020256162, 0.405534416437, 0.495525330305], "hpcp": {"dvar": [0.0383523665369, 0.0263894423842, 0.0205694995821, 0.0163715463132, 0.0135419629514, 0.0133124310523, 0.0388365313411, 0.0340955294669, 0.0426629334688, 0.0484922714531, 0.04048717767, 0.0350032933056, 0.0181381367147, 0.0138681801036, 0.00905799865723, 0.00901854597032, 0.0130068492144, 0.0124294636771, 0.00865338463336, 0.00684238411486, 0.00517944199964, 0.00698573887348, 0.00810716487467, 0.0252910368145, 0.0816980674863, 0.0225272998214, 0.0069060283713, 0.00883627962321, 0.00874592550099, 0.0102242240682, 0.0415407456458, 0.0673336237669, 0.062907345593, 0.06510091573, 0.0681112855673, 0.0559782721102], "mean": [0.0350812971592, 0.0279433093965, 0.0227437540889, 0.0193895045668, 0.0170492827892, 0.0253547988832, 0.119476951659, 0.203562572598, 0.248734533787, 0.501961290836, 0.465925365686, 0.129897519946, 0.0281435251236, 0.0168385840952, 0.0140562849119, 0.0241399779916, 0.0480214096606, 0.0435556024313, 0.0211103968322, 0.0145781012252, 0.0136714633554, 0.027803465724, 0.0377202667296, 0.168956458569, 0.297532856464, 0.152625098825, 0.0133892176673, 0.0167980976403, 0.0211996175349, 0.0290653035045, 0.129382461309, 0.21849322319, 0.14003290236, 0.0609443746507, 0.0549266822636, 0.0462929159403], "min": [0, 0, 0, 0, 0, 0, 0, 0, 0, 0, 0, 0, 0, 0, 0, 0, 0, 0, 0, 0, 0, 0, 0, 0, 0, 0, 0, 0, 0, 0, 0, 0, 0, 0, 0, 0], "median": [0.00130736466963, 0.00177246320527, 0.00209259614348, 0.00214516650885, 0.00142070627771, 0.00118200771976, 0.00739825330675, 0.0167551338673, 0.182058393955, 0.442570149899, 0.396175980568, 0.0632074773312, 0.00104221422225, 0.000763723975979, 0.000813838792965, 0.00338979950175, 0.0103064458817, 0.0092605445534, 0.00287902145647, 0.00113965105265, 0.00108658778481, 0.00416102167219, 0.00607212493196, 0.0248337723315, 0.0127144884318, 0.00801993720233, 0.000522033777088, 0.00170508120209, 0.00246664043516, 0.00458784215152, 0.051393173635, 0.10061340034, 0.0558970421553, 0.00309475022368, 0.0006200078642, 0.000765514385421], "dvar2": [0.11118593812, 0.0760091617703, 0.0592882819474, 0.0471537597477, 0.0393087565899, 0.0376850776374, 0.107080280781, 0.0748377740383, 0.115189544857, 0.103060804307, 0.0887065380812, 0.0920887589455, 0.0510578788817, 0.0404424481094, 0.026328554377, 0.0250123534352, 0.0341692194343, 0.0329030379653, 0.0244935750961, 0.019124770537, 0.0135511271656, 0.0178428515792, 0.0213426668197, 0.0473564043641, 0.141795128584, 0.0416078604758, 0.0191001091152, 0.0254042241722, 0.0250870231539, 0.0286311767995, 0.116094365716, 0.182060003281, 0.180916696787, 0.188249260187, 0.196281343699, 0.162480160594], "var": [0.021281382069, 0.0151752112433, 0.0117950309068, 0.00955225434154, 0.00795905385166, 0.00855517107993, 0.0545569583774, 0.11553696543, 0.0634912028909, 0.152829393744, 0.141368687153, 0.0338458493352, 0.0115149822086, 0.00815503578633, 0.00550214014947, 0.00757306814194, 0.0178173109889, 0.0161215998232, 0.00681786425412, 0.00478171324357, 0.00458901515231, 0.00847695302218, 0.0124006746337, 0.0491084679961, 0.171183735132, 0.0453785993159, 0.00491025252268, 0.0057328203693, 0.00647145789117, 0.00768556585535, 0.0383136682212, 0.0793030261993, 0.0449355915189, 0.0366078428924, 0.0377990789711, 0.0307026728988], "dmean2": [0.116326235235, 0.0833733454347, 0.0647039189935, 0.0534969568253, 0.0486135035753, 0.0754813998938, 0.175818949938, 0.149054095149, 0.295981317759, 0.27822381258, 0.25890532136, 0.213725879788, 0.0852314457297, 0.0491766743362, 0.0382674410939, 0.0434687398374, 0.0654762610793, 0.0644330084324, 0.0438678376377, 0.0337803475559, 0.0277633145452, 0.0380770303309, 0.0472829677165, 0.148172467947, 0.246006950736, 0.133166119456, 0.0322192646563, 0.0395160876215, 0.0439580380917, 0.0717179179192, 0.219284847379, 0.304958730936, 0.278854131699, 0.213776394725, 0.202149614692, 0.166979700327], "max": [1, 1, 1, 1, 1, 1, 1, 1, 1, 1, 1, 1, 1, 1, 1, 1, 1, 1, 1, 1, 1, 1, 1, 1, 1, 1, 1, 1, 1, 1, 1, 1, 1, 1, 1, 1], "dmean": [0.0600298643112, 0.0436782948673, 0.0342343300581, 0.0286725610495, 0.0257733240724, 0.039734877646, 0.1001464203, 0.0920558348298, 0.170638844371, 0.17568397522, 0.162953853607, 0.120584771037, 0.0447746030986, 0.0255989134312, 0.0203323736787, 0.0247754827142, 0.0381757877767, 0.0369075424969, 0.0244103912264, 0.018498737365, 0.0158221889287, 0.0227451138198, 0.0277371443808, 0.0880215764046, 0.148143842816, 0.079645767808, 0.0177731793374, 0.0214694961905, 0.0241098087281, 0.038845423609, 0.121774226427, 0.170221492648, 0.150863677263, 0.109190411866, 0.102280981839, 0.0848600417376]}, "key_strength": 0.799297690392, "chords_strength": {"dvar": 2.74017929769e-05, "mean": 0.509464383125, "min": 0.244529888034, "median": 0.518054902554, "dvar2": 3.30440889229e-05, "var": 0.00493801990524, "dmean2": 0.00586076173931, "max": 0.713364779949, "dmean": 0.00632196059451}, "tuning_equal_tempered_deviation": 0.25194850564, "chords_key": "F", "tuning_frequency": 434.193115234, "chords_scale": "minor", "chords_changes_rate": 0.0439948625863, "key_scale": "minor", "tuning_diatonic_strength": 0.583130955696, "hpcp_entropy": {"dvar": 0.188213855028, "mean": 1.72313594818, "min": 0, "median": 1.67186534405, "dvar2": 0.48260179162, "var": 0.518063545227, "dmean2": 0.777370154858, "max": 4.5285243988, "dmean": 0.458962857723}, "chords_histogram": [47.318561554, 0, 5.26653814316, 0, 0.0321130380034, 0.97944766283, 1.05973029137, 0.0963391140103, 0, 28.5484905243, 3.83750796318, 7.8676943779, 2.18368649483, 0, 0, 0, 0, 1.1400128603, 0, 0, 0, 0, 1.31663453579, 0.353243410587], "tuning_nontempered_energy_ratio": 0.83341562748, "key_key": "F"}, "metadata": {"version": {"extractor": "music 1.0", "essentia_build_sha": "70f2e5ece6736b2c40cc944ad0e695b16b925413", "essentia": "2.1-beta2", "essentia_git_sha": "v2.1_beta2"}, "audio_properties": {"sample_rate": 44100, "length": 289.14666748, "lossless": true, "analysis_sample_rate": 44100, "downmix": "mix", "bit_rate": 0, "equal_loudness": 0, "md5_encoded": "9fb05b5f54de9160d7f5cab0253772d0", "codec": "flac", "replay_gain": -6.09642219543}, "tags": {"disctotal": ["1"], "genre": ["Winter", "Shoegaze", "Tragic", "Rem And Non Rem Stories", "Chillout", "Indie Rock", "Driving Music", "Dark", "Mellow", "Drum Machine", "Minimalist Pop", "Moody", "Melancholic", "Alternative Chillout", "Hypnotic", "Tryptophonic", "Night", "Je Dis Oui", "Indie", "For Sleep", "Sad", "200812Checkoutlist", "Post-Rock", "British", "Alternative", "Dark Melancholy", "Electronic"], "catalognumber": ["Rgirl 6"], "releasecountry": ["US"], "musicbrainz_recordingid": ["0c1c6c65-6a7f-42e5-ba9e-ab3812b594a9"], "language": ["eng"], "title": ["Dark Secrets Look for Light"], "releasetype": ["album"], "discnumber": ["1"], "artistsort": ["Piano Magic"], "originaldate": ["1999-05"], "musicbrainz_artistid": ["88861c95-0cd8-4710-81ef-6cecd7ea8ff5"], "tracknumber": ["7"], "musicbrainz_albumartistid": ["88861c95-0cd8-4710-81ef-6cecd7ea8ff5"], "totaltracks": ["11"], "tracktotal": ["11"], "date": ["1999-05"], "albumartistsort": ["Piano Magic"], "musicbrainz_releasegroupid": ["117a4d44-c1aa-3021-829b-e2bf75070560"], "media": ["CD"], "owner": ["-=udachee=-"], "musicip_puid": ["c3c6cd9a-12b8-8e9e-01f9-220540985fca"], "label": ["Rocket Girl"], "albumartist": ["Piano Magic"], "asin": ["B00000JST0"], "script": ["Latn"], "musicbrainz_albumid": ["2d0d0d7c-9ac8-44cc-ab1b-c599b697095b"], "file_name": "07. Dark Secrets Look for Light.flac", "releasestatus": ["official"], "totaldiscs": ["1"], "album": ["Low Birth Weight"], "artist": ["Piano Magic"]}}, "lowlevel": {"melbands": {"dvar": [0.000118856609333, 1.88432168216e-05, 2.98064946946e-06, 1.69864006239e-06, 1.39168275837e-06, 6.43998898653e-09, 5.24442933525e-09, 2.04141059612e-08, 6.14938322485e-09, 1.52266177444e-09, 3.01330249641e-09, 2.16222306726e-09, 6.91535761987e-09, 1.45322704981e-08, 2.30763692599e-08, 5.36419308972e-09, 5.15990450367e-09, 1.24568122484e-09, 1.9196889911e-10, 1.40821909689e-10, 1.92829086032e-10, 3.22018856025e-10, 1.18529602799e-10, 1.91378829451e-10, 6.94991980632e-11, 7.7140842325e-11, 8.92453055901e-11, 4.42624305264e-11, 6.34122407361e-11, 2.8183821596e-11, 1.05657869606e-11, 6.69385467195e-12, 6.45845052785e-12, 2.24506307642e-12, 2.46586041516e-12, 1.43096775748e-12, 6.00262027584e-13, 2.12880128564e-13, 7.84437280215e-14, 3.79609131672e-14], "mean": [0.0100991008803, 0.00471446570009, 0.00280073680915, 0.0016341006849, 0.00110921496525, 5.99431768933e-05, 7.60404145694e-05, 0.000157464208314, 6.7830835178e-05, 2.452939043e-05, 4.99440939166e-05, 2.42335136136e-05, 0.000163077565958, 7.16779686627e-05, 5.27687516296e-05, 2.75754118775e-05, 3.87826039514e-05, 1.60476720339e-05, 8.06261141406e-06, 5.76766524318e-06, 8.1114758359e-06, 1.15941656986e-05, 3.68443465959e-06, 2.32340744333e-06, 1.90013417978e-06, 3.04760624203e-06, 2.75721936305e-06, 2.89782542495e-06, 1.92355742001e-06, 1.22390065371e-06, 9.3116386779e-07, 8.15642181351e-07, 7.13661790996e-07, 4.75714699633e-07, 4.16559629457e-07, 3.85580591455e-07, 2.91113593676e-07, 1.97203718244e-07, 1.19848266422e-07, 8.11818026136e-08], "min": [2.4224683832e-24, 2.56973372585e-24, 4.44556883339e-24, 2.42852427116e-24, 2.96605152818e-24, 1.99377632097e-24, 2.47743759158e-24, 2.26830326865e-24, 3.76466117646e-24, 1.52663458657e-24, 6.43880734844e-24, 6.88860794798e-24, 5.9540720437e-24, 1.12885041015e-23, 5.52617811149e-24, 5.0243722512e-24, 4.33817054874e-24, 3.319011563e-24, 5.34660852034e-24, 7.88093422446e-24, 7.47904351427e-24, 5.95753198763e-24, 5.23037972672e-24, 6.48146657961e-24, 8.57633798938e-24, 6.59124722419e-24, 5.60153878263e-24, 4.79330858117e-24, 5.50023405404e-24, 6.35564444852e-24, 7.26695352674e-24, 8.3085694103e-24, 6.33658004702e-24, 4.92655113237e-24, 8.28998148079e-24, 7.08331775206e-24, 6.54332274091e-24, 6.62013807155e-24, 6.3103346447e-24, 8.07974610524e-24], "median": [0.000785641546827, 0.00108692399226, 0.000643154722638, 0.000806718715467, 0.000483140465803, 2.08717974601e-05, 2.83667977783e-05, 4.58571594208e-05, 2.20734546019e-05, 1.25053229567e-05, 1.49360485011e-05, 6.25738675808e-06, 7.92336650193e-05, 3.63636499969e-05, 1.65345463756e-05, 9.63408638199e-06, 5.66814651393e-06, 3.7508875721e-06, 2.28723092732e-06, 1.6197509467e-06, 1.61158709489e-06, 1.92353968487e-06, 6.99469751453e-07, 3.20029329259e-07, 2.17706372041e-07, 5.12089741278e-07, 4.49265144198e-07, 3.54981835926e-07, 1.37042746928e-07, 8.25159673923e-08, 8.1218104242e-08, 4.48423165267e-08, 1.30412969312e-08, 1.9950192609e-08, 1.84323454278e-08, 8.39083735826e-09, 8.55439097336e-09, 3.69705732695e-09, 1.77300929494e-09, 1.21871601699e-09], "dvar2": [0.000185100376257, 4.21543081757e-05, 8.09608354757e-06, 4.8274191613e-06, 4.12307372244e-06, 1.54373118733e-08, 1.15562057701e-08, 5.02403345592e-08, 1.31429773731e-08, 2.93576629673e-09, 5.68037483717e-09, 5.15630160791e-09, 1.47177585674e-08, 3.0115003824e-08, 3.89511285448e-08, 1.02616137809e-08, 1.01103490024e-08, 2.39553443748e-09, 3.82764236972e-10, 3.60705354474e-10, 4.36170682905e-10, 7.39812655581e-10, 2.48066733821e-10, 5.06609809658e-10, 1.42639039469e-10, 1.8826350201e-10, 2.31620639335e-10, 1.07921400982e-10, 1.39015507439e-10, 6.44553091456e-11, 2.11660255295e-11, 1.39857405171e-11, 1.20868115863e-11, 4.55261956606e-12, 6.05616425065e-12, 2.47415954911e-12, 1.22400885001e-12, 4.54458248377e-13, 1.73588723148e-13, 8.6859373047e-14], "var": [0.000362878636224, 4.74773587484e-05, 2.04818461498e-05, 4.26847554991e-06, 2.4845801363e-06, 1.58472044376e-08, 1.64886948539e-08, 8.27555552974e-08, 2.74053455485e-08, 4.97255081555e-09, 1.13347562447e-08, 4.26283985888e-09, 4.49398136482e-08, 3.000437232e-08, 6.19766566956e-08, 1.15083720331e-08, 1.5619720628e-08, 2.68228350642e-09, 4.06593675395e-10, 2.24931337445e-10, 4.29168450777e-10, 8.40483960207e-10, 2.23860097126e-10, 1.70371036723e-10, 1.13168210913e-10, 1.17641937858e-10, 1.38742309308e-10, 8.23304827091e-11, 1.14202279577e-10, 4.46851305957e-11, 2.00587706167e-11, 1.27817886483e-11, 1.72123548053e-11, 5.89181004332e-12, 5.94668281631e-12, 4.23260775387e-12, 1.29039541639e-12, 3.55471674231e-13, 1.23952009681e-13, 4.90742327688e-14], "dmean2": [0.00494739087299, 0.00239023030736, 0.0012500382727, 0.00146204477642, 0.00125065504108, 5.22607770108e-05, 5.06160358782e-05, 0.000115119270049, 4.01027682528e-05, 1.37081169669e-05, 2.79297255474e-05, 1.42704375321e-05, 6.7397391831e-05, 4.8185185733e-05, 4.33323693869e-05, 2.28587159654e-05, 2.73196292255e-05, 1.38810501085e-05, 7.0454671004e-06, 5.85301404499e-06, 7.6130954767e-06, 9.90975968307e-06, 3.84218537874e-06, 3.03437559523e-06, 2.64219215751e-06, 3.98425163439e-06, 3.75877061742e-06, 3.40516839969e-06, 1.948965064e-06, 1.4643370605e-06, 1.14385511552e-06, 9.56361986937e-07, 8.20722050321e-07, 5.73282079586e-07, 4.95007157042e-07, 4.37603034698e-07, 3.36379486043e-07, 2.32404360645e-07, 1.35848154059e-07, 1.02968769511e-07], "max": [0.0871405899525, 0.0570694953203, 0.0355659164488, 0.018437627703, 0.015960406512, 0.0021845921874, 0.0022483356297, 0.00397327821702, 0.00385183212347, 0.00293519510888, 0.00207944097929, 0.00296334247105, 0.00221215677448, 0.00595297012478, 0.00934880319983, 0.00399974361062, 0.00426015118137, 0.00151892763097, 0.00104048475623, 0.000646287982818, 0.000374143040972, 0.000748238933738, 0.000720893440302, 0.00104153505526, 0.00045962331933, 0.000356012780685, 0.000365509709809, 0.000173152089701, 0.000566404254641, 0.000466598808998, 0.000250736047747, 0.000131761349621, 0.000157988863066, 0.000109016698843, 0.000154957815539, 0.000109993023216, 5.06641663378e-05, 1.5951703972e-05, 9.73457645159e-06, 2.47503726314e-06], "dmean": [0.00484322011471, 0.00178768439218, 0.000732185668312, 0.00086601433577, 0.000737698515877, 3.26103108819e-05, 3.28265487042e-05, 7.25013887859e-05, 2.71816224995e-05, 9.28946155909e-06, 2.16836251639e-05, 1.00806519185e-05, 4.54878099845e-05, 3.18715028698e-05, 2.99447583529e-05, 1.55765264935e-05, 1.88130597962e-05, 9.14249540074e-06, 4.43801081929e-06, 3.58625652552e-06, 4.79410391563e-06, 6.30069098406e-06, 2.41314023697e-06, 1.82786277492e-06, 1.63717027135e-06, 2.42838132181e-06, 2.25904045692e-06, 2.11864130506e-06, 1.3362144955e-06, 9.7092379292e-07, 7.34421689685e-07, 6.41324845674e-07, 5.59308034553e-07, 3.79310421295e-07, 3.24869773749e-07, 3.0665555073e-07, 2.29152774978e-07, 1.564561245e-07, 9.51505541025e-08, 6.84747547552e-08]}, "spectral_decrease": {"dvar": 7.1692577488e-17, "mean": -1.53584664986e-08, "min": -8.69146603577e-08, "median": -9.04115449174e-09, "dvar2": 9.72336119328e-17, "var": 3.17415035541e-16, "dmean2": 5.74830982814e-09, "max": 1.04711438851e-28, "dmean": 5.13191888984e-09}, "spectral_rolloff": {"dvar": 298137.3125, "mean": 627.54675293, "min": 64.599609375, "median": 258.3984375, "dvar2": 610306.5625, "var": 2095475, "dmean2": 296.057922363, "max": 20585.7421875, "dmean": 174.810684204}, "melbands_crest": {"dvar": 7.69160747528, "mean": 19.6980075836, "min": 1.00228238106, "median": 17.7506980896, "dvar2": 13.7508335114, "var": 55.5907287598, "dmean2": 3.6241300106, "max": 36.5700187683, "dmean": 2.51578807831}, "barkbands_skewness": {"dvar": 1.80546545982, "mean": 3.22264051437, "min": -3.69703197479, "median": 2.73867464066, "dvar2": 3.24126148224, "var": 8.18689537048, "dmean2": 1.18484723568, "max": 35.8067131042, "dmean": 0.847146511078}, "spectral_centroid": {"dvar": 55064.6210938, "mean": 652.476013184, "min": 47.9637832642, "median": 521.99786377, "dvar2": 104125.078125, "var": 306216.78125, "dmean2": 229.568267822, "max": 11223.1621094, "dmean": 150.696990967}, "spectral_energyband_middle_low": {"dvar": 6.99312513461e-05, "mean": 0.0140261743218, "min": 2.0715159205e-22, "median": 0.00962354149669, "dvar2": 0.000198486915906, "var": 0.000208740981179, "dmean2": 0.00968326628208, "max": 0.112583622336, "dmean": 0.00573243387043}, "erbbands_crest": {"dvar": 6.2023973465, "mean": 12.5162496567, "min": 2.55576229095, "median": 10.8003959656, "dvar2": 15.1531476974, "var": 38.5375976562, "dmean2": 4.08299684525, "max": 34.4108009338, "dmean": 2.54029893875}, "dynamic_complexity": 5.06121301651, "spectral_energyband_low": {"dvar": 0.00103383592796, "mean": 0.0448240153491, "min": 3.04656787864e-23, "median": 0.0123878475279, "dvar2": 0.00139368779492, "var": 0.00416854629293, "dmean2": 0.0161097869277, "max": 0.304567009211, "dmean": 0.0161288361996}, "silence_rate_60dB": {"dvar": 0.0202871970832, "mean": 0.128151595592, "min": 0, "median": 0, "dvar2": 0.0471064224839, "var": 0.111726365983, "dmean2": 0.041439127177, "max": 1, "dmean": 0.0207178983837}, "erbbands_kurtosis": {"dvar": 127.490013123, "mean": 3.05670809746, "min": -1.85922920704, "median": -0.429660320282, "dvar2": 230.566390991, "var": 849.532043457, "dmean2": 2.71518278122, "max": 567.359985352, "dmean": 1.95031619072}, "spectral_complexity": {"dvar": 10.2650146484, "mean": 10.6239767075, "min": 0, "median": 10, "dvar2": 24.5673351288, "var": 45.7633781433, "dmean2": 3.28268551826, "max": 53, "dmean": 2.05091142654}, "barkbands_crest": {"dvar": 7.63673019409, "mean": 16.0973968506, "min": 2.48911833763, "median": 15.9032783508, "dvar2": 19.1076774597, "var": 25.0054092407, "dmean2": 4.01159715652, "max": 26.2249507904, "dmean": 2.53231143951}, "spectral_energy": {"dvar": 0.00103659182787, "mean": 0.0590374283493, "min": 1.04434573483e-20, "median": 0.0350338891149, "dvar2": 0.00140705681406, "var": 0.00461604772136, "dmean2": 0.0220167785883, "max": 0.331688582897, "dmean": 0.0196138583124}, "spectral_spread": {"dvar": 587005231104, "mean": 3023079, "min": 431942.90625, "median": 2527349.5, "dvar2": 973701185536, "var": 3481722159100.0, "dmean2": 651643.125, "max": 41881612, "dmean": 462446.84375}, "spectral_contrast_valleys": {"dvar": [0.246078968048, 0.17389254272, 0.116971336305, 0.123419761658, 0.239943236113, 0.37770986557], "mean": [-7.43602752686, -7.71515512466, -8.33371639252, -8.60902786255, -8.90398788452, -12.1737632751], "min": [-27.6803684235, -27.6735591888, -27.6927700043, -27.5087909698, -27.4340000153, -27.314163208], "median": [-7.06626605988, -7.49959039688, -8.15246200562, -8.41782474518, -8.71632766724, -12.3177871704], "dvar2": [0.495797216892, 0.412133127451, 0.263681441545, 0.258823305368, 0.444439291954, 0.601993858814], "var": [2.51485824585, 1.55069732666, 1.54618799686, 1.46375584602, 2.18490457535, 2.82659244537], "dmean2": [0.566263318062, 0.625207185745, 0.514845848083, 0.482471525669, 0.511233448982, 0.508649706841], "max": [-4.59723854065, -5.19008255005, -4.87555217743, -5.69482278824, -5.57301139832, -8.14635753632], "dmean": [0.369221031666, 0.381189912558, 0.315570443869, 0.304048329592, 0.365797162056, 0.411077529192]}, "spectral_rms": {"dvar": 2.27442410505e-06, "mean": 0.00635014893487, "min": 3.19198031722e-12, "median": 0.00584631506354, "dvar2": 3.14462454298e-06, "var": 1.72730251506e-05, "dmean2": 0.00129479588941, "max": 0.0179888475686, "dmean": 0.00111405702773}, "barkbands_spread": {"dvar": 20.4645748138, "mean": 9.8746175766, "min": 0.0354185774922, "median": 6.86238431931, "dvar2": 38.0284576416, "var": 178.70413208, "dmean2": 4.1681728363, "max": 143.389831543, "dmean": 2.8241007328}, "pitch_salience": {"dvar": 0.00532537512481, "mean": 0.405681669712, "min": 0.00364598352462, "median": 0.415879428387, "dvar2": 0.0126004507765, "var": 0.0211990717798, "dmean2": 0.100196443498, "max": 0.996090829372, "dmean": 0.0636810213327}, "erbbands_skewness": {"dvar": 0.239826396108, "mean": 0.278629362583, "min": -6.6060552597, "median": 0.178967297077, "dvar2": 0.424904167652, "var": 2.45222139359, "dmean2": 0.642186880112, "max": 17.7700920105, "dmean": 0.421818137169}, "spectral_energyband_middle_high": {"dvar": 4.59257944385e-06, "mean": 0.00298937154002, "min": 1.44853592912e-21, "median": 0.00191913009621, "dvar2": 7.51953393774e-06, "var": 2.06953245652e-05, "dmean2": 0.0012667006813, "max": 0.104294486344, "dmean": 0.000888751354069}, "erbbands": {"dvar": [2.3055794239, 35.1049613953, 61.6770553589, 115.48248291, 134.450912476, 1368.14599609, 420.224273682, 10.3629608154, 23.6018695831, 194.421279907, 112.043663025, 34.0982818604, 118.352157593, 136.615066528, 720.287780762, 3121.82128906, 1522.96411133, 1246.31726074, 331.579528809, 79.0606918335, 98.9946517944, 217.958358765, 148.351196289, 96.0718612671, 144.823181152, 97.7654342651, 125.280815125, 39.4672660828, 20.2642116547, 9.06920433044, 5.53653526306, 2.00269341469, 0.33908444643, 0.0593096651137, 0.0131120113656, 0.00182478083298, 0.000224189716391, 1.09255997813e-05, 3.01353907162e-07, 3.11749270843e-09], "mean": [1.44079780579, 4.41971349716, 7.72897768021, 17.6263027191, 12.8192863464, 36.5124206543, 20.4405651093, 2.90040564537, 4.60550403595, 14.8576965332, 9.49701595306, 4.53319549561, 10.174161911, 9.19463348389, 50.4782600403, 24.6814403534, 16.2184028625, 19.7636318207, 9.20430755615, 5.16779088974, 6.20644617081, 9.19119548798, 3.23218226433, 2.57691907883, 4.24797105789, 4.17990684509, 2.75357842445, 1.753718853, 1.409481287, 0.973466157913, 0.712969183922, 0.529771089554, 0.258712023497, 0.107296615839, 0.0435431115329, 0.0149591546506, 0.004651166033, 0.00199287827127, 0.000208882629522, 7.54941211198e-05], "min": [3.01208045759e-22, 1.01443534028e-21, 5.78139794568e-21, 2.19571555466e-20, 3.73006628226e-20, 3.07303898353e-20, 9.15541467303e-20, 8.205707286e-20, 1.57468176013e-19, 1.95060329529e-19, 4.8102941104e-19, 2.03116913599e-19, 1.35211387537e-18, 1.86384512883e-18, 2.53162390144e-18, 3.64912092076e-18, 2.51287730042e-18, 2.39238086661e-18, 2.48137061127e-18, 5.40914578372e-18, 6.38330274264e-18, 6.47841569179e-18, 9.03114552014e-18, 1.02272983167e-17, 1.01249371975e-17, 7.81572437837e-18, 1.07998504029e-17, 1.36257913701e-17, 1.36880565635e-17, 1.04806256881e-17, 1.53094091463e-17, 1.34147627066e-17, 1.05738464615e-17, 9.40680380507e-18, 7.03636142266e-18, 5.37668432135e-18, 2.56455437521e-18, 1.0709792768e-18, 2.87052093577e-19, 2.99338342925e-20], "median": [0.108944237232, 0.561561822891, 1.46152734756, 2.87423324585, 6.35886478424, 15.6818723679, 9.47302818298, 1.43965673447, 1.98025548458, 3.98073625565, 3.05614614487, 2.35850191116, 3.23853969574, 4.72486400604, 25.2469863892, 8.94955062866, 6.66660785675, 3.50017118454, 2.49991250038, 1.54131937027, 1.62539052963, 1.72451376915, 0.650006055832, 0.375341773033, 0.74263304472, 0.598012924194, 0.228345572948, 0.151845380664, 0.0745698437095, 0.0386050865054, 0.0316722020507, 0.0155347120017, 0.00531092053279, 0.00181450124364, 0.00084908795543, 0.000283014436718, 0.000215613297769, 0.00113842589781, 6.13635638729e-05, 4.55953631899e-05], "dvar2": [3.69673705101, 61.0773124695, 169.423583984, 311.762207031, 351.237457275, 4054.35522461, 1206.50695801, 25.374250412, 53.1063537598, 475.706756592, 249.52822876, 65.8997268677, 221.70980835, 314.766479492, 1660.9855957, 5949.44189453, 2472.5715332, 2488.25024414, 652.80871582, 175.245788574, 233.201660156, 501.388336182, 335.527709961, 201.589797974, 350.249572754, 241.106201172, 271.053649902, 79.6869812012, 41.1390075684, 16.1441059113, 12.1410417557, 3.72185087204, 0.707187056541, 0.131411239505, 0.0304325856268, 0.00443213107064, 0.000561085646041, 2.51138244494e-05, 7.33432784727e-07, 6.02486149859e-09], "var": [7.15619564056, 80.8736724854, 163.093200684, 916.910766602, 303.023254395, 2791.22363281, 892.862121582, 22.5418567657, 60.248046875, 786.077636719, 487.447540283, 119.984130859, 449.934112549, 310.793365479, 4099.9453125, 7181.84667969, 4539.7265625, 3658.17724609, 715.630554199, 175.425384521, 194.61076355, 547.172363281, 198.725906372, 158.847442627, 242.600631714, 181.339294434, 220.263504028, 75.4128112793, 43.4789810181, 27.5394535065, 15.8160991669, 5.1539607048, 0.603279590607, 0.0861863642931, 0.0149239739403, 0.00190643779933, 0.000214558880543, 1.20780205179e-05, 2.82006112684e-07, 8.13937361954e-09], "dmean2": [0.67542630434, 2.80741715431, 4.66858005524, 7.37382555008, 8.89470863342, 39.6263961792, 21.6583175659, 2.42388319969, 3.24977469444, 10.8795785904, 5.6946978569, 2.3337366581, 5.55620956421, 4.37823724747, 21.7622699738, 19.3612327576, 12.5524845123, 13.4918460846, 7.69503259659, 4.34443092346, 5.59677553177, 7.78165864944, 3.45331692696, 3.28901076317, 5.35160446167, 4.90897274017, 2.77789831161, 2.03645682335, 1.59705007076, 1.06062829494, 0.787948846817, 0.585419654846, 0.2901725173, 0.125310897827, 0.0581170134246, 0.0200406052172, 0.00665477104485, 0.00151128903963, 0.000239382236032, 3.42423372786e-05], "max": [11.9449796677, 46.2625274658, 114.514442444, 236.233932495, 224.667892456, 502.801513672, 348.991149902, 88.7620773315, 132.414962769, 430.767730713, 524.627319336, 387.054046631, 412.096282959, 733.38269043, 802.99029541, 2840.02807617, 2444.35888672, 2005.1965332, 773.978881836, 690.643005371, 264.729095459, 741.364196777, 774.643615723, 511.711029053, 546.34588623, 301.292694092, 914.485351562, 546.870178223, 224.469329834, 219.162490845, 239.450576782, 100.450584412, 21.5958862305, 5.16698741913, 1.02248358727, 0.473458260298, 0.379362881184, 0.129225030541, 0.00569096626714, 0.000586732930969], "dmean": [0.6706174016, 2.43280339241, 2.80407166481, 4.32252311707, 5.46429824829, 23.1190700531, 12.9337682724, 1.49023449421, 2.08863377571, 6.82752037048, 3.82009124756, 1.60049295425, 4.31418895721, 3.10036873817, 14.3982009888, 13.3020572662, 8.60829639435, 9.29431724548, 5.02786540985, 2.7594730854, 3.51252865791, 4.93771982193, 2.16557478905, 2.05947637558, 3.27237200737, 3.04309606552, 1.90017795563, 1.35652244091, 1.09074163437, 0.735617697239, 0.538417518139, 0.410779327154, 0.200100407004, 0.0863998606801, 0.0385078452528, 0.0136068109423, 0.00440319254994, 0.00101018021815, 0.000160726267495, 2.83391218545e-05]}, "dissonance": {"dvar": 0.000836123770569, "mean": 0.427979528904, "min": 0.189367473125, "median": 0.439849615097, "dvar2": 0.00228542648256, "var": 0.00267700618133, "dmean2": 0.0469242371619, "max": 0.499950200319, "dmean": 0.0281754266471}, "erbbands_flatness_db": {"dvar": 0.000641178165097, "mean": 0.216868311167, "min": 0.0477897040546, "median": 0.213988631964, "dvar2": 0.00110340688843, "var": 0.00481470255181, "dmean2": 0.028778841719, "max": 0.508256077766, "dmean": 0.0204572472721}, "melbands_kurtosis": {"dvar": 3223.20703125, "mean": 41.9298858643, "min": -1.8645273447, "median": 19.5663967133, "dvar2": 6204.41503906, "var": 10774.2099609, "dmean2": 25.1011123657, "max": 1554.22961426, "dmean": 18.2252159119}, "melbands_spread": {"dvar": 25.0035037994, "mean": 9.31741523743, "min": 0.0839723199606, "median": 6.23620510101, "dvar2": 53.5746421814, "var": 115.654876709, "dmean2": 4.51651144028, "max": 177.405456543, "dmean": 2.96146345139}, "melbands_skewness": {"dvar": 1.76270592213, "mean": 4.25163316727, "min": -2.21111178398, "median": 3.79332113266, "dvar2": 3.23477315903, "var": 9.03127193451, "dmean2": 1.38291668892, "max": 29.2657375336, "dmean": 0.970756709576}, "spectral_entropy": {"dvar": 0.0803065001965, "mean": 6.67157030106, "min": 2.77734327316, "median": 6.65779972076, "dvar2": 0.143010035157, "var": 0.610637247562, "dmean2": 0.373653918505, "max": 9.80602455139, "dmean": 0.252367049456}, "zerocrossingrate": {"dvar": 0.000104786398879, "mean": 0.0274646636099, "min": 0.001953125, "median": 0.0185546875, "dvar2": 0.000118934396596, "var": 0.0017108208267, "dmean2": 0.00630534533411, "max": 0.52880859375, "dmean": 0.00544774904847}, "average_loudness": 0.847814261913, "spectral_contrast_coeffs": {"dvar": [0.00174635730218, 0.00106417795178, 0.000740730960388, 0.000575271260459, 0.000395295326598, 0.000315682031214], "mean": [-0.572114109993, -0.742509305477, -0.709173202515, -0.768519699574, -0.806473076344, -0.770354568958], "min": [-0.970714390278, -0.994268894196, -0.996744096279, -0.986248135567, -0.987500548363, -0.962348818779], "median": [-0.581070423126, -0.743924200535, -0.702973663807, -0.770502865314, -0.814715623856, -0.770576357841], "dvar2": [0.00410447455943, 0.00283071002923, 0.00197192793712, 0.00148559606168, 0.000949820852838, 0.0007059223135], "var": [0.0170590169728, 0.00481566321105, 0.00712611991912, 0.00292188697495, 0.00273269484751, 0.00305161997676], "dmean2": [0.0746391117573, 0.0650773942471, 0.053336635232, 0.0469654835761, 0.0345115102828, 0.0292768105865], "max": [-0.212027579546, -0.486796140671, -0.450636446476, -0.544640243053, -0.540727615356, -0.526460409164], "dmean": [0.0460547544062, 0.0394673496485, 0.0324118733406, 0.0285627245903, 0.0214296411723, 0.0181376133114]}, "barkbands_flatness_db": {"dvar": 0.00111265399028, "mean": 0.261209249496, "min": 0.0260061956942, "median": 0.254051327705, "dvar2": 0.00197092839517, "var": 0.0105047356337, "dmean2": 0.0387162454426, "max": 0.878125190735, "dmean": 0.0280064661056}, "silence_rate_30dB": {"dvar": 0.0663664638996, "mean": 0.80785292387, "min": 0, "median": 1, "dvar2": 0.125231966376, "var": 0.155203223228, "dmean2": 0.142948925495, "max": 1, "dmean": 0.0714687258005}, "spectral_energyband_high": {"dvar": 2.19705157178e-07, "mean": 0.00019923535001, "min": 7.42772243259e-21, "median": 1.93889500224e-05, "dvar2": 4.23895102131e-07, "var": 5.43519263374e-07, "dmean2": 0.0001932818559, "max": 0.0325789451599, "dmean": 0.000137178576551}, "melbands_flatness_db": {"dvar": 0.00154150347225, "mean": 0.368877857924, "min": -3.45145423353e-07, "median": 0.360006809235, "dvar2": 0.00264239846729, "var": 0.0153635032475, "dmean2": 0.0441515892744, "max": 1, "dmean": 0.0323656350374}, "barkbands": {"dvar": [2.05226888284e-06, 0.00105650059413, 5.66616326978e-05, 8.75032037584e-06, 5.36721599929e-05, 2.94938416801e-07, 2.31925312733e-07, 2.88475263233e-07, 7.38791143817e-08, 1.05917706605e-07, 3.27809118517e-07, 1.51464655573e-06, 7.81827225182e-07, 4.84532108658e-07, 5.04450916594e-08, 2.70497704236e-08, 7.57035820698e-08, 5.70886520279e-08, 4.44628014407e-08, 4.11712939297e-08, 5.21856584612e-08, 1.41144473886e-08, 6.66305544073e-09, 2.39425501647e-09, 3.29455268622e-10, 6.74907421616e-11, 1.19523479655e-11], "mean": [0.00200306111947, 0.0297123156488, 0.0102357696742, 0.00343217258342, 0.00876959227026, 0.000361134385457, 0.00051835377235, 0.000586629379541, 0.000157955015311, 0.000272933742963, 0.0011390306754, 0.000440372503363, 0.000288800220005, 0.000379578617867, 0.000122177938465, 8.22488218546e-05, 0.000180569419172, 5.01486611029e-05, 7.1472954005e-05, 8.49591815495e-05, 5.10011450388e-05, 3.92115871364e-05, 2.56297535088e-05, 2.01594993996e-05, 7.64286232879e-06, 2.71426483778e-06, 1.5863175804e-06], "min": [4.23043108175e-24, 4.81613900463e-24, 5.68575086755e-24, 4.79849100289e-24, 9.88470561032e-24, 1.20681511114e-23, 8.70138743122e-24, 1.61092969911e-23, 1.37700877488e-23, 3.97842433798e-23, 3.31073751651e-23, 9.14039310037e-23, 5.51498464856e-23, 4.42437245641e-23, 6.49522510266e-23, 1.10046373957e-22, 1.06729535706e-22, 1.7655092023e-22, 2.06610054815e-22, 2.00735439209e-22, 3.2572902338e-22, 3.37940867872e-22, 5.24602548904e-22, 5.51923389516e-22, 9.20739162503e-22, 1.52874882057e-21, 2.18979143898e-21], "median": [0.000183165902854, 0.00252492167056, 0.00125498673879, 0.000763228395954, 0.00446028728038, 0.000113011803478, 0.000146550271893, 0.000197536021005, 7.51006009523e-05, 7.35812573112e-05, 0.000565032125451, 8.8172579126e-05, 9.61849145824e-05, 5.8862107835e-05, 3.35734439432e-05, 2.21605878323e-05, 3.31818810082e-05, 6.99698375684e-06, 1.17230929391e-05, 1.21313823911e-05, 3.52077677235e-06, 1.99433338821e-06, 1.2273228549e-06, 5.05743287249e-07, 1.36428312203e-07, 4.36578275753e-08, 7.42485212868e-07], "dvar2": [3.24406209984e-06, 0.00159367208835, 0.000153263361426, 2.54966525972e-05, 0.000156829279149, 6.74278453516e-07, 5.11875157372e-07, 6.79160166328e-07, 1.3744264038e-07, 2.23679322175e-07, 7.23199150343e-07, 3.00515716845e-06, 1.39132214372e-06, 8.95234052223e-07, 1.05624636149e-07, 6.92371173727e-08, 1.69310965248e-07, 1.41052510116e-07, 1.0136596984e-07, 1.01775334826e-07, 1.10081252558e-07, 2.67812545474e-08, 1.45119463113e-08, 4.80425077498e-09, 7.419448389e-10, 1.64969385374e-10, 2.91008814268e-11], "var": [9.82329675026e-06, 0.00321117695421, 0.000322044681525, 3.18665843224e-05, 0.000118552634376, 1.20679590054e-06, 1.02019805581e-06, 1.27567795971e-06, 2.32232082453e-07, 3.52220467903e-07, 2.08614164876e-06, 3.24833831655e-06, 2.10256439459e-06, 1.43513068451e-06, 9.80375105541e-08, 3.90867569422e-08, 2.02987621378e-07, 6.5541634342e-08, 7.19499340107e-08, 8.5538346184e-08, 8.87197657562e-08, 3.47463320338e-08, 1.74026340005e-08, 5.05837682852e-09, 4.31808255819e-10, 6.87784343367e-11, 1.10729160216e-11], "dmean2": [0.000669666449539, 0.0149044049904, 0.00462290225551, 0.00239357119426, 0.00811981130391, 0.000316395977279, 0.000343337917002, 0.000405564234825, 9.83702557278e-05, 0.000155532165081, 0.000481288996525, 0.000393395632273, 0.000260821107076, 0.000267279421678, 0.000112692912808, 8.92228854354e-05, 0.000149936007801, 6.0757236497e-05, 9.38865923672e-05, 9.60364777711e-05, 5.42414600204e-05, 4.40434378106e-05, 2.89059662464e-05, 2.23445240408e-05, 9.43817121879e-06, 3.75354670723e-06, 1.52310099111e-06], "max": [0.0123178670183, 0.264761447906, 0.145994916558, 0.0497802197933, 0.107416123152, 0.0207627844065, 0.015808025375, 0.0201201625168, 0.0191295128316, 0.013888772577, 0.0177173912525, 0.0632302910089, 0.0568764209747, 0.0389862656593, 0.0119183426723, 0.00599748129025, 0.012765862979, 0.0143655315042, 0.00799280032516, 0.00715477950871, 0.0205199047923, 0.00617682281882, 0.00763090699911, 0.00282891374081, 0.000244659808232, 0.000170841318322, 3.87958643842e-05], "dmean": [0.000656155578326, 0.0144505109638, 0.00275300699286, 0.00132412894163, 0.00481012789533, 0.000195998989511, 0.000220601126784, 0.000262776855379, 6.52124072076e-05, 0.0001201297855, 0.000321222876664, 0.000269918236881, 0.000173881009687, 0.000183362819371, 7.10750682629e-05, 5.44759059267e-05, 9.57111114985e-05, 3.76267780666e-05, 5.78870312893e-05, 6.0328780819e-05, 3.71837195416e-05, 3.01698801195e-05, 1.97057761397e-05, 1.55553843797e-05, 6.37495122646e-06, 2.53203552347e-06, 9.98479322334e-07]}, "erbbands_spread": {"dvar": 107.725822449, "mean": 33.1832008362, "min": 0.439154922962, "median": 29.1187705994, "dvar2": 197.27796936, "var": 383.478759766, "dmean2": 10.7672595978, "max": 139.837356567, "dmean": 7.30527830124}, "barkbands_kurtosis": {"dvar": 4170.97509766, "mean": 32.605758667, "min": -1.92386543751, "median": 8.85035705566, "dvar2": 7971.76855469, "var": 14617.4667969, "dmean2": 19.5474452972, "max": 2352.43579102, "dmean": 13.9978189468}, "spectral_flux": {"dvar": 0.00361213018186, "mean": 0.0709528848529, "min": 6.38076466664e-11, "median": 0.0517566055059, "dvar2": 0.0074109127745, "var": 0.00547998445109, "dmean2": 0.0531114786863, "max": 0.467703521252, "dmean": 0.0339027382433}, "silence_rate_20dB": {"dvar": 0, "mean": 1, "min": 1, "median": 1, "dvar2": 0, "var": 0, "dmean2": 0, "max": 1, "dmean": 0}, "gfcc": {"cov": [[13735.5146484, -658.128967285, -1197.72973633, 1993.94262695, -1197.75292969, 548.067993164, -478.60546875, 350.947509766, -127.552001953, -96.0820388794, -94.7236709595, -189.650970459, 1.82284677029], [-658.128967285, 2631.91870117, -146.730148315, -1037.15222168, 732.571594238, -499.956115723, 313.332061768, -381.959411621, 162.845245361, -152.119262695, -2.98787403107, -42.2768058777, 65.6101074219], [-1197.72973633, -146.730148315, 898.242614746, 110.105453491, 269.366912842, 246.538024902, 104.661605835, 162.6222229, 142.343505859, 143.531234741, 119.218582153, 86.3584213257, 82.1002197266], [1993.94262695, -1037.15222168, 110.105453491, 1159.45031738, -145.59135437, 360.433258057, 58.202747345, 328.24432373, 99.3144226074, 105.22593689, 70.3618392944, 16.8452472687, 50.7866592407], [-1197.75292969, 732.571594238, 269.366912842, -145.59135437, 735.922912598, -22.8963699341, 337.203033447, 45.313999176, 235.662994385, 60.0600700378, 71.4745941162, 46.3077964783, 61.1580581665], [548.067993164, -499.956115723, 246.538024902, 360.433258057, -22.8963699341, 362.980712891, 67.9559631348, 220.769012451, 62.0967025757, 84.933631897, 80.3348617554, 41.1357765198, 39.7536239624], [-478.60546875, 313.332061768, 104.661605835, 58.202747345, 337.203033447, 67.9559631348, 450.382965088, 110.259033203, 129.921951294, 49.2146606445, 82.5380706787, 83.1365509033, 67.3972015381], [350.947509766, -381.959411621, 162.6222229, 328.24432373, 45.313999176, 220.769012451, 110.259033203, 278.373443604, 102.181312561, 94.8991775513, 88.9176177979, 45.2717552185, 39.9754257202], [-127.552001953, 162.845245361, 142.343505859, 99.3144226074, 235.662994385, 62.0967025757, 129.921951294, 102.181312561, 221.210113525, 88.8065490723, 77.0925292969, 29.2622337341, 41.4846534729], [-96.0820388794, -152.119262695, 143.531234741, 105.22593689, 60.0600700378, 84.933631897, 49.2146606445, 94.8991775513, 88.8065490723, 153.285064697, 93.7048873901, 33.5675735474, 34.8772125244], [-94.7236709595, -2.98787403107, 119.218582153, 70.3618392944, 71.4745941162, 80.3348617554, 82.5380706787, 88.9176177979, 77.0925292969, 93.7048873901, 147.234588623, 63.2527618408, 52.7387619019], [-189.650970459, -42.2768058777, 86.3584213257, 16.8452472687, 46.3077964783, 41.1357765198, 83.1365509033, 45.2717552185, 29.2622337341, 33.5675735474, 63.2527618408, 133.499786377, 59.6874160767], [1.82284677029, 65.6101074219, 82.1002197266, 50.7866592407, 61.1580581665, 39.7536239624, 67.3972015381, 39.9754257202, 41.4846534729, 34.8772125244, 52.7387619019, 59.6874160767, 94.0106811523]], "mean": [-94.9540023804, 148.619033813, -96.8061981201, 14.5531263351, -22.2362976074, 4.74101495743, -13.7491807938, -16.4302864075, -23.6850681305, -9.42018222809, -9.74113845825, -1.35864508152, -8.97960948944], "icov": [[0.00028398737777, -0.000673710077535, 0.000403261801694, -0.000780223752372, 0.000472856423585, -0.000716592476238, 0.000517962966114, -0.000407657789765, 0.000353897718014, -0.000578556617256, 0.000589765957557, -0.000471682229545, 0.000358511286322], [-0.000673710077535, 0.00322386482731, -0.000793894578237, 0.00276480196044, -0.0018640786875, 0.0023785866797, -0.00192888872698, 0.0021915496327, -0.00225529144518, 0.0033722629305, -0.0028599947691, 0.00288020004518, -0.00285947183147], [0.000403261801694, -0.000793894578237, 0.00243786163628, -0.000833392725326, -0.000271536991931, -0.00232342979871, 0.00125722016674, -0.000376044888981, 0.000505246047396, -0.00154876732267, 0.000811416073702, -0.00102710153442, -0.000166276557138], [-0.000780223752372, 0.00276480196044, -0.000833392725326, 0.00423845555633, -0.00120730977505, 0.00147907983046, -0.00191762438044, 0.000589482078794, -0.00234154961072, 0.00257634976879, -0.00188740843441, 0.00273776846007, -0.00279419962317], [0.000472856423585, -0.0018640786875, -0.000271536991931, -0.00120730977505, 0.004737845622, -0.000670344103128, -0.000901471648831, -0.00101826956961, -0.0017667922657, -0.00127196044195, 0.00193040852901, -0.000851936754771, 0.00117116759066], [-0.000716592476238, 0.0023785866797, -0.00232342979871, 0.00147907983046, -0.000670344103128, 0.0090261651203, -0.00202150084078, -0.00218741199933, -0.000951251131482, 0.00251913769171, -0.00280213868245, 0.00218865484931, -0.0017498874804], [0.000517962966114, -0.0019288