{"tonal": {"chords_number_rate": 0.0026217228733, "thpcp": [1, 0.634311795235, 0.317801088095, 0.299450337887, 0.287866145372, 0.288354754448, 0.313531726599, 0.260927170515, 0.235045030713, 0.242586582899, 0.228121891618, 0.27414342761, 0.319265782833, 0.310521155596, 0.592901289463, 0.948610901833, 0.7116497159, 0.349860906601, 0.292159497738, 0.314293712378, 0.482994109392, 0.64123660326, 0.497429639101, 0.333845198154, 0.288172841072, 0.254546165466, 0.306678086519, 0.3703302145, 0.366872906685, 0.408792197704, 0.395941793919, 0.28549695015, 0.262493371964, 0.296650111675, 0.393850266933, 0.778818070889], "hpcp": {"dvar": [0.0564032047987, 0.0484398677945, 0.0397179946303, 0.0381671711802, 0.0360788702965, 0.0299714170396, 0.0290087834001, 0.0266435798258, 0.0268148519099, 0.0283838305622, 0.0258383322507, 0.0285623073578, 0.030299236998, 0.0326473042369, 0.0417178459466, 0.0493059903383, 0.0509253367782, 0.0419298559427, 0.0378538072109, 0.041644718498, 0.0444296561182, 0.0401024334133, 0.0396183654666, 0.0486884079874, 0.0403445884585, 0.0337755419314, 0.0387569703162, 0.0420501977205, 0.0422569215298, 0.0542961284518, 0.0491295009851, 0.0344128124416, 0.0357783585787, 0.0385679602623, 0.0472596660256, 0.0547719933093], "mean": [0.317151874304, 0.201173171401, 0.100791208446, 0.0949712321162, 0.0912972837687, 0.0914522483945, 0.0994371771812, 0.0827535390854, 0.0745449736714, 0.076936788857, 0.0723492875695, 0.0869451016188, 0.101255744696, 0.0984823703766, 0.188039749861, 0.300853729248, 0.225701034069, 0.110959045589, 0.0926589295268, 0.0996788442135, 0.15318249166, 0.203369393945, 0.157760739326, 0.105879627168, 0.0913945585489, 0.0807297974825, 0.0972635298967, 0.117450922728, 0.116354428232, 0.129649206996, 0.125573679805, 0.0905458927155, 0.0832502692938, 0.0940831378102, 0.124910347164, 0.247003614902], "min": [0, 0, 0, 0, 0, 0, 0, 0, 0, 0, 0, 0, 0, 0, 0, 0, 0, 0, 0, 0, 0, 0, 0, 0, 0, 0, 0, 0, 0, 0, 0, 0, 0, 0, 0, 0], "median": [0.128577068448, 0.0827108025551, 0.0253153033555, 0.0196328237653, 0.0185151956975, 0.0267080198973, 0.0291061252356, 0.025457624346, 0.0187657140195, 0.0171973370016, 0.0160169862211, 0.0223663002253, 0.0252796337008, 0.0282763522118, 0.0636409148574, 0.0858409628272, 0.0686904862523, 0.0282969251275, 0.0167435985059, 0.0155647359788, 0.0314106941223, 0.0462635830045, 0.0397567525506, 0.0201865453273, 0.0163211114705, 0.0155906938016, 0.0215895175934, 0.023944735527, 0.0234020650387, 0.0231912173331, 0.0211670584977, 0.0172294601798, 0.018916811794, 0.0222210288048, 0.0343734584749, 0.100187405944], "dvar2": [0.142925292253, 0.134976372123, 0.111353576183, 0.1060738042, 0.0955699980259, 0.0796893164515, 0.0752421095967, 0.0722545385361, 0.0728004425764, 0.0760238692164, 0.0716868117452, 0.0778182595968, 0.0790838003159, 0.0895486325026, 0.113310426474, 0.116727218032, 0.132710829377, 0.111575990915, 0.100166201591, 0.110045492649, 0.11822206527, 0.0962661728263, 0.1076259166, 0.133655518293, 0.108690284193, 0.0923335030675, 0.106083571911, 0.116803877056, 0.117931045592, 0.147647023201, 0.130586028099, 0.0949365869164, 0.0982100516558, 0.105392873287, 0.127515003085, 0.1475623101], "var": [0.135565489531, 0.0678255707026, 0.0346295274794, 0.0372508764267, 0.0400113612413, 0.0303474683315, 0.0353436134756, 0.0246682204306, 0.022810164839, 0.0274586994201, 0.0253514330834, 0.0281567741185, 0.0345398709178, 0.0317041873932, 0.0602230168879, 0.141706213355, 0.0836440324783, 0.0382767133415, 0.0383235104382, 0.0427479073405, 0.0599618405104, 0.09282220155, 0.0543412789702, 0.0427135750651, 0.0374225601554, 0.0290837008506, 0.0343796648085, 0.0479732044041, 0.0473970100284, 0.0571544580162, 0.0594766959548, 0.0336767658591, 0.0306444000453, 0.0340540893376, 0.0477598309517, 0.0912850797176], "dmean2": [0.275493085384, 0.273271888494, 0.205945536494, 0.182653427124, 0.168087899685, 0.157217621803, 0.155130207539, 0.144138485193, 0.14234136045, 0.140726104379, 0.135427713394, 0.150873720646, 0.163785114884, 0.181765258312, 0.247642427683, 0.245812267065, 0.275606393814, 0.220154538751, 0.182192325592, 0.198371991515, 0.230758070946, 0.211721330881, 0.226653516293, 0.227033555508, 0.191301986575, 0.169631868601, 0.190190240741, 0.202009469271, 0.209226757288, 0.237961784005, 0.215924590826, 0.173752442002, 0.171674028039, 0.190869897604, 0.241795361042, 0.307713568211], "max": [1, 1, 1, 1, 1, 1, 1, 1, 1, 1, 1, 1, 1, 1, 1, 1, 1, 1, 1, 1, 1, 1, 1, 1, 1, 1, 1, 1, 1, 1, 1, 1, 1, 1, 1, 1], "dmean": [0.15891893208, 0.154651716352, 0.113878555596, 0.102013796568, 0.0933218896389, 0.0895155519247, 0.0896013379097, 0.0821974128485, 0.0800853520632, 0.078935302794, 0.0755367279053, 0.0852873548865, 0.0935122519732, 0.102149769664, 0.139953359962, 0.141960009933, 0.158802405, 0.124133586884, 0.10206592828, 0.11239054054, 0.131178110838, 0.125282779336, 0.129905879498, 0.125704362988, 0.106215588748, 0.0943112596869, 0.106295876205, 0.112764023244, 0.116623058915, 0.133302122355, 0.121485605836, 0.0971218049526, 0.0958954170346, 0.106420770288, 0.134524792433, 0.173974230886]}, "key_strength": 0.838574588299, "chords_strength": {"dvar": 9.52534828684e-05, "mean": 0.513813495636, "min": 0.263604223728, "median": 0.51258122921, "dvar2": 0.000121701574244, "var": 0.00911347288638, "dmean2": 0.0112235257402, "max": 0.779774188995, "dmean": 0.0105541246012}, "tuning_equal_tempered_deviation": 0.0230846982449, "chords_key": "D", "tuning_frequency": 440.763122559, "chords_scale": "major", "chords_changes_rate": 0.0653558075428, "key_scale": "major", "tuning_diatonic_strength": 0.693242013454, "hpcp_entropy": {"dvar": 0.396079331636, "mean": 2.2056684494, "min": 0, "median": 2.22277021408, "dvar2": 0.984182715416, "var": 0.852944135666, "dmean2": 1.231808424, "max": 4.5499162674, "dmean": 0.748902618885}, "chords_histogram": [34.1573028564, 1.68539321423, 12.8838949203, 0.805243432522, 4.11985015869, 0, 0.0374531820416, 0.131086140871, 1.21722841263, 1.55430710316, 0.0187265910208, 0.9176030159, 1.96629214287, 0.805243432522, 1.23595499992, 0.355805248022, 0.580524325371, 9.79400730133, 1.72284638882, 5.33707857132, 0.486891388893, 5.35580539703, 8.53932571411, 6.29213476181], "tuning_nontempered_energy_ratio": 0.71397703886, "key_key": "D"}, "metadata": {"version": {"extractor": "music 1.0", "essentia_build_sha": "70f2e5ece6736b2c40cc944ad0e695b16b925413", "essentia": "2.1-beta2", "essentia_git_sha": "v2.1_beta2"}, "audio_properties": {"sample_rate": 44100, "length": 247.928161621, "lossless": false, "analysis_sample_rate": 44100, "downmix": "mix", "bit_rate": 192000, "equal_loudness": 0, "md5_encoded": "7bbbde3e76076270aeff28a1aa934da6", "codec": "mp3", "replay_gain": -8.5648765564}, "tags": {"albumartist": ["Lou Reed"], "date": ["1994"], "musicbrainz_recordingid": ["4e8a58ba-3a44-44e0-a7d3-5d4b967b1ac5"], "file_name": "227163.mp3", "title": ["So Alone"], "tracknumber": ["17"], "album": ["Rock and Roll Diary1967-1980"], "artist": ["Lou Reed"]}}, "lowlevel": {"melbands": {"dvar": [8.71629026733e-07, 2.17708770833e-06, 9.14928750717e-06, 1.10531009341e-05, 3.2521961657e-07, 2.31237137882e-07, 1.92895157625e-07, 9.32033330514e-08, 7.70691030993e-08, 1.43800011898e-08, 5.80422110374e-09, 3.17066994882e-09, 3.99706934218e-09, 2.54994247939e-09, 2.75787148674e-09, 2.36558350686e-09, 1.43924239193e-09, 9.96392746089e-10, 1.0148140106e-09, 5.75120284729e-10, 5.73805114534e-10, 5.07470454547e-10, 2.14132919729e-10, 1.39181083325e-10, 1.53300094841e-10, 3.16867754258e-10, 1.79426043467e-10, 1.73389164138e-10, 2.64617466827e-10, 6.40906494542e-11, 2.78733286452e-11, 2.06313039569e-11, 2.02063036442e-11, 1.92308322045e-11, 7.9577230222e-12, 1.10080616497e-11, 1.4204538587e-11, 5.47877108265e-12, 1.51508482409e-12, 5.61919434594e-13], "mean": [0.000605406530667, 0.00172363477759, 0.00205824687146, 0.00113888015039, 0.000392831309, 0.000277231447399, 0.00016585944104, 0.000117206065624, 9.6138457593e-05, 5.08885459567e-05, 3.2349886169e-05, 2.93114371743e-05, 3.34924370691e-05, 2.34658946283e-05, 2.14458104892e-05, 2.17716878979e-05, 2.06609529414e-05, 2.10462512769e-05, 1.93838004634e-05, 1.63707536558e-05, 1.92052684724e-05, 1.60696399689e-05, 1.12697607619e-05, 9.31118665903e-06, 9.76965384325e-06, 1.17066347229e-05, 1.00590459624e-05, 9.09012032935e-06, 7.81399830885e-06, 4.86250064569e-06, 3.32678041559e-06, 2.57343072008e-06, 2.37734661823e-06, 1.46643822063e-06, 1.22161668514e-06, 1.42125168168e-06, 1.20047229757e-06, 7.90368630987e-07, 4.6108922902e-07, 3.84716287272e-07], "min": [1.18728551837e-23, 3.41128107321e-24, 6.72465740833e-24, 7.50535596977e-24, 1.05358810997e-23, 1.53079736613e-23, 1.20932960527e-23, 1.16412566659e-23, 1.15856545939e-23, 9.02082166643e-24, 9.3228126093e-24, 8.72234667661e-24, 9.12506963505e-24, 1.09558130588e-23, 7.84568476377e-24, 1.39515793996e-23, 1.67411319777e-23, 1.35252048135e-23, 9.9259117597e-24, 9.48571948598e-24, 9.12258945637e-24, 9.48026135738e-24, 1.04683916827e-23, 7.78268317644e-24, 1.15149040259e-23, 6.87607373706e-24, 7.81787741687e-24, 6.69664101328e-24, 1.35651590406e-23, 1.4057796365e-23, 1.69264480261e-23, 1.180821671e-23, 1.42503920219e-23, 1.38606095377e-23, 1.20591462642e-23, 1.02317523438e-23, 9.22281502324e-24, 1.00176586496e-23, 1.04540904234e-23, 1.1183580868e-23], "median": [0.000203281495487, 0.000895552919246, 0.00100343010854, 0.000415495596826, 0.000111859815661, 4.55038098153e-05, 2.09989884752e-05, 1.37150709634e-05, 1.33917246785e-05, 8.75540990819e-06, 7.39748065826e-06, 7.61180126574e-06, 5.9325170696e-06, 5.91667094341e-06, 6.04552406003e-06, 7.0731557571e-06, 8.3192535385e-06, 8.5138644863e-06, 7.59955673857e-06, 7.26622556613e-06, 9.43333907344e-06, 7.64294873079e-06, 4.94804771733e-06, 4.45810201199e-06, 4.13428915635e-06, 4.42368536824e-06, 3.14779413202e-06, 2.17894125853e-06, 1.77358822384e-06, 1.24663858969e-06, 6.42909412818e-07, 4.45908881375e-07, 3.30505599777e-07, 1.79256417709e-07, 1.8566075255e-07, 1.35194113682e-07, 9.30623826889e-08, 5.64236337652e-08, 3.30272698079e-08, 2.52976146697e-08], "dvar2": [1.96976543521e-06, 5.52105757379e-06, 2.26779393415e-05, 2.72701636277e-05, 6.84442682086e-07, 4.6995626235e-07, 4.2282434265e-07, 1.99865468176e-07, 1.78303352527e-07, 3.31651861529e-08, 1.26189432237e-08, 6.69255850738e-09, 8.6191578319e-09, 6.04297634155e-09, 6.26806340165e-09, 5.3098130337e-09, 3.33055338864e-09, 2.33232566593e-09, 2.37827824101e-09, 1.30469701709e-09, 1.38100253455e-09, 1.24526278178e-09, 5.24371435162e-10, 3.50003886984e-10, 3.68213404212e-10, 7.82554576695e-10, 4.16062045927e-10, 4.09609735019e-10, 7.18007597822e-10, 1.59845622849e-10, 6.08600808638e-11, 4.68744834614e-11, 4.2040027709e-11, 4.28198310143e-11, 1.94745608528e-11, 2.3374142899e-11, 3.13462103496e-11, 1.15512165805e-11, 3.28649499108e-12, 1.13581388218e-12], "var": [1.38673271977e-06, 4.85273994855e-06, 1.1153280866e-05, 1.05643875941e-05, 8.09468474472e-07, 4.98154690831e-07, 2.88221627898e-07, 1.49192473486e-07, 1.09369061363e-07, 2.42369360137e-08, 1.06256621279e-08, 5.5444897562e-09, 6.82607614877e-09, 3.45171091709e-09, 3.68496122505e-09, 3.35665628626e-09, 1.99623118036e-09, 1.50471546334e-09, 1.55854096295e-09, 8.96037022358e-10, 9.59868740047e-10, 7.68308139332e-10, 3.40356132167e-10, 2.22145912776e-10, 2.88074314403e-10, 5.23237453365e-10, 3.61174284924e-10, 3.85941417713e-10, 5.51708789764e-10, 1.25833385378e-10, 6.60230550786e-11, 4.2166485581e-11, 4.52318599242e-11, 3.1553773483e-11, 1.31726270516e-11, 2.30230192549e-11, 2.4835205073e-11, 1.04618189112e-11, 2.65188760708e-12, 1.47264373005e-12], "dmean2": [0.000543534755707, 0.00123571848962, 0.00217938283458, 0.00161421659868, 0.000355909491191, 0.000267667201115, 0.000198435649509, 0.000140054922667, 0.000112065448775, 5.89141927776e-05, 3.68283472199e-05, 3.06412803184e-05, 3.57167373295e-05, 2.88615210593e-05, 2.57544870692e-05, 2.71306143986e-05, 2.44684160862e-05, 2.34626641031e-05, 2.15523832594e-05, 1.66615827766e-05, 1.89916136151e-05, 1.51783797264e-05, 1.12744446596e-05, 9.51628953771e-06, 8.90411956789e-06, 1.11199988169e-05, 9.44456132856e-06, 8.77549609868e-06, 7.92091304902e-06, 4.83670510221e-06, 3.1122249311e-06, 2.44919397119e-06, 2.28035810323e-06, 1.45299713949e-06, 1.19302103485e-06, 1.38306450026e-06, 1.24326084006e-06, 8.14330746834e-07, 4.50224121096e-07, 3.41039594787e-07], "max": [0.0181828271598, 0.0248918384314, 0.049517787993, 0.0650990605354, 0.0149086154997, 0.0107393721119, 0.0100568076596, 0.00759032834321, 0.00912334118038, 0.00358107266948, 0.0032744735945, 0.00154492619913, 0.00213584164158, 0.00109543150757, 0.00185977621004, 0.00152076745871, 0.000925060303416, 0.0007046542014, 0.000839460175484, 0.000868850154802, 0.000594013312366, 0.00117026630323, 0.00036768236896, 0.000231121841352, 0.000284900132101, 0.000556649058126, 0.000274812162388, 0.000346369255567, 0.000649946043268, 0.000243650909397, 0.000129155174363, 0.000148412626004, 0.000133857436595, 0.000271010154393, 0.00012930711091, 0.000111993620521, 0.000160264607985, 8.50382130011e-05, 4.204232755e-05, 2.45750179602e-05], "dmean": [0.0003527184017, 0.000769858481362, 0.0013232837664, 0.000971780973487, 0.00023390588467, 0.000178193367901, 0.000127325358335, 9.17963552638e-05, 7.42465854273e-05, 3.80028395739e-05, 2.39238797803e-05, 2.01826842385e-05, 2.40728822973e-05, 1.84173386515e-05, 1.6782012608e-05, 1.71847077581e-05, 1.54184035637e-05, 1.47968921738e-05, 1.36930630106e-05, 1.06230745587e-05, 1.1924797036e-05, 9.67882533587e-06, 7.12208293407e-06, 5.85706902712e-06, 5.61298384127e-06, 7.02834404365e-06, 6.14812734057e-06, 5.69907115278e-06, 4.99546194987e-06, 3.11166741085e-06, 2.0697882519e-06, 1.64759387644e-06, 1.56626481385e-06, 9.90981789073e-07, 8.01636815595e-07, 9.41991459058e-07, 8.40929601509e-07, 5.44274826098e-07, 3.13545626796e-07, 2.44611840117e-07]}, "spectral_decrease": {"dvar": 2.40158043851e-17, "mean": -5.49027712182e-09, "min": -8.73199041962e-08, "median": -4.2269254763e-09, "dvar2": 5.5510486178e-17, "var": 4.0135114341e-17, "dmean2": 3.69365205088e-09, "max": -7.18374758151e-29, "dmean": 2.40326003542e-09}, "spectral_rolloff": {"dvar": 1340383.125, "mean": 1513.72167969, "min": 21.533203125, "median": 753.662109375, "dvar2": 2730733.25, "var": 3299743.25, "dmean2": 1056.89233398, "max": 18712.3535156, "dmean": 649.538085938}, "melbands_crest": {"dvar": 9.76779651642, "mean": 16.3616504669, "min": 1.58674037457, "median": 16.0305023193, "dvar2": 25.011932373, "var": 29.2365837097, "dmean2": 5.42456388474, "max": 35.524684906, "dmean": 3.34727787971}, "barkbands_skewness": {"dvar": 0.545713067055, "mean": 1.94524776936, "min": -5.38509607315, "median": 1.88770234585, "dvar2": 1.2112506628, "var": 2.22576785088, "dmean2": 1.03655195236, "max": 11.4510183334, "dmean": 0.689852535725}, "spectral_centroid": {"dvar": 156888.375, "mean": 1447.98254395, "min": 178.483169556, "median": 1297.15612793, "dvar2": 329810.15625, "var": 618309.3125, "dmean2": 519.255981445, "max": 10758.8613281, "dmean": 340.896362305}, "spectral_energyband_middle_low": {"dvar": 0.000303115317365, "mean": 0.0120982965454, "min": 3.33404501149e-22, "median": 0.00634959107265, "dvar2": 0.000720137439203, "var": 0.000387472537113, "dmean2": 0.011215611361, "max": 0.326405912638, "dmean": 0.00704866228625}, "erbbands_crest": {"dvar": 5.97789669037, "mean": 7.8617773056, "min": 2.2993991375, "median": 6.80663108826, "dvar2": 14.009554863, "var": 13.7501916885, "dmean2": 3.90177035332, "max": 28.545167923, "dmean": 2.41572070122}, "dynamic_complexity": 4.8593583107, "spectral_energyband_low": {"dvar": 4.33783061453e-05, "mean": 0.0088047562167, "min": 5.03075531921e-23, "median": 0.00619249651209, "dvar2": 0.0001065426477, "var": 9.78518510237e-05, "dmean2": 0.00597018329427, "max": 0.109802141786, "dmean": 0.00375974713825}, "silence_rate_60dB": {"dvar": 0.0379548706114, "mean": 0.229422226548, "min": 0, "median": 0, "dvar2": 0.0817842110991, "var": 0.176771879196, "dmean2": 0.0790484249592, "max": 1, "dmean": 0.039520509541}, "erbbands_kurtosis": {"dvar": 3.00890111923, "mean": 0.0606213770807, "min": -1.80859255791, "median": -0.608021736145, "dvar2": 6.52223539352, "var": 6.22291851044, "dmean2": 1.48376846313, "max": 43.0185050964, "dmean": 0.949801802635}, "spectral_complexity": {"dvar": 34.1865158081, "mean": 14.3917970657, "min": 0, "median": 12, "dvar2": 63.110332489, "var": 132.546386719, "dmean2": 6.27498340607, "max": 59, "dmean": 4.35737037659}, "barkbands_crest": {"dvar": 6.37996864319, "mean": 10.68009758, "min": 2.22449040413, "median": 10.1626806259, "dvar2": 16.2584342957, "var": 18.1028518677, "dmean2": 4.22281122208, "max": 25.351852417, "dmean": 2.62419962883}, "spectral_energy": {"dvar": 0.00036063810694, "mean": 0.0219171643257, "min": 1.07119921637e-20, "median": 0.0168140865862, "dvar2": 0.000825669092592, "var": 0.000623399973847, "dmean2": 0.0143820792437, "max": 0.338827908039, "dmean": 0.00940646789968}, "spectral_spread": {"dvar": 539641643008, "mean": 4029703.75, "min": 1279056.875, "median": 3664745.5, "dvar2": 886732226560, "var": 2140224356350.0, "dmean2": 727130.0625, "max": 39477324, "dmean": 530568.3125}, "spectral_contrast_valleys": {"dvar": [0.151338115335, 0.156302571297, 0.162904262543, 0.130465656519, 0.123194016516, 0.340562939644], "mean": [-7.71470069885, -7.55729055405, -8.0196723938, -7.9264922142, -7.59220838547, -11.0716791153], "min": [-27.6463356018, -27.6394634247, -26.7543411255, -27.2684574127, -27.2529716492, -27.3260345459], "median": [-7.40910577774, -7.46288299561, -7.98112630844, -7.82636785507, -7.46394824982, -10.8698749542], "dvar2": [0.314713746309, 0.327502220869, 0.314561724663, 0.236033454537, 0.204835951328, 0.542685568333], "var": [1.31830728054, 1.02007269859, 0.991323590279, 0.870383322239, 0.940744519234, 2.50168323517], "dmean2": [0.672466516495, 0.640449523926, 0.579703688622, 0.495744228363, 0.412800848484, 0.546899139881], "max": [-5.25949048996, -4.89344215393, -5.35382032394, -5.58128929138, -5.4697508812, -7.60312891006], "dmean": [0.428821772337, 0.414678633213, 0.391408413649, 0.339684903622, 0.296707838774, 0.480368554592]}, "spectral_rms": {"dvar": 1.48825711221e-06, "mean": 0.00396994221956, "min": 3.23275802828e-12, "median": 0.0040501835756, "dvar2": 3.04592526845e-06, "var": 5.62212517252e-06, "dmean2": 0.00122068962082, "max": 0.0181814134121, "dmean": 0.00083885283675}, "barkbands_spread": {"dvar": 84.299118042, "mean": 23.6703014374, "min": 0.915466368198, "median": 20.1831054688, "dvar2": 188.655349731, "var": 254.458938599, "dmean2": 11.0737628937, "max": 121.12828064, "dmean": 7.16103506088}, "pitch_salience": {"dvar": 0.00528716901317, "mean": 0.55302542448, "min": 0.121885553002, "median": 0.560918688774, "dvar2": 0.0138645740226, "var": 0.0127449808642, "dmean2": 0.123766206205, "max": 0.878054261208, "dmean": 0.0758510008454}, "erbbands_skewness": {"dvar": 0.184852510691, "mean": -0.176921978593, "min": -4.18032836914, "median": -0.284536093473, "dvar2": 0.3803627491, "var": 0.75486779213, "dmean2": 0.600621819496, "max": 5.04225540161, "dmean": 0.401430755854}, "spectral_energyband_middle_high": {"dvar": 3.52607003151e-06, "mean": 0.0024761040695, "min": 1.47089474628e-21, "median": 0.00142217159737, "dvar2": 7.62606032367e-06, "var": 8.9229997684e-06, "dmean2": 0.00157315796241, "max": 0.0339718051255, "dmean": 0.00109635293484}, "erbbands": {"dvar": [0.008819677867, 0.892122685909, 12.6476383209, 120.80456543, 3153.76879883, 619.513977051, 381.400482178, 517.424865723, 903.139892578, 794.201049805, 1260.8302002, 399.687255859, 225.780929565, 191.906051636, 244.002105713, 390.978057861, 433.988372803, 384.393951416, 339.522766113, 322.826385498, 344.569274902, 317.178100586, 175.261642456, 212.436691284, 386.848144531, 334.55166626, 325.669525146, 92.5700149536, 59.692024231, 42.9899902344, 19.8210258484, 30.0443649292, 7.61508560181, 0.906573951244, 0.295349121094, 0.0357843376696, 0.00269853882492, 0.00010846353689, 2.5084234494e-06, 1.00192698582e-08], "mean": [0.04971287027, 0.754154145718, 4.01094341278, 10.2203607559, 18.5046691895, 11.0636386871, 12.0034818649, 12.064997673, 10.9845638275, 10.7405080795, 12.2122058868, 8.60220050812, 6.69934129715, 7.52633953094, 8.96391963959, 9.28845405579, 9.73620414734, 11.267583847, 13.5503635406, 12.9885234833, 15.7476148605, 14.5210237503, 11.0628185272, 12.3336391449, 14.928440094, 14.0036811829, 10.9858789444, 6.61930179596, 4.65769577026, 3.11222267151, 2.24296832085, 2.07384705544, 1.03086936474, 0.475769340992, 0.259838461876, 0.100666798651, 0.02656455338, 0.00535648502409, 0.000647111271974, 5.64745678275e-05], "min": [1.65653004986e-21, 4.40453844852e-21, 3.81196209045e-21, 2.63238452315e-20, 1.03859550479e-19, 1.1810804026e-19, 3.41086348773e-19, 6.68047709708e-19, 8.07580412842e-19, 9.86192850427e-19, 1.4780111782e-18, 1.45127390906e-18, 1.94895332846e-18, 2.20484537327e-18, 2.81081617653e-18, 3.72000905848e-18, 6.0010576185e-18, 8.69439615687e-18, 8.34575855383e-18, 7.88148275552e-18, 7.75606811259e-18, 9.99146912409e-18, 1.01329021196e-17, 1.30317234891e-17, 1.03052104586e-17, 1.09614690868e-17, 2.3866642214e-17, 2.83189650221e-17, 2.19417714219e-17, 2.55335252992e-17, 1.96276261248e-17, 1.64470951628e-17, 1.44807329912e-17, 1.3151734161e-17, 9.79345118444e-18, 5.76317991307e-18, 3.00952956829e-18, 1.03532872298e-18, 3.15484824471e-19, 3.8302149131e-20], "median": [0.0120794428512, 0.357224851847, 1.76967358589, 4.94004011154, 6.12869024277, 4.24305963516, 2.77654838562, 1.95450270176, 1.46061980724, 1.26172029972, 1.73798727989, 1.51789689064, 1.57851827145, 1.9915844202, 1.99898898602, 2.43249797821, 3.14262771606, 4.64410018921, 5.80772638321, 5.65984153748, 8.12075424194, 7.19524145126, 5.60501003265, 5.54621458054, 5.76216554642, 3.78259825706, 2.79607200623, 1.47237193584, 0.809099674225, 0.419503033161, 0.316933274269, 0.176393315196, 0.0793129727244, 0.0340794324875, 0.0161398425698, 0.00639188615605, 0.00152787240222, 0.000223828901653, 2.26665379159e-05, 2.37516615016e-05], "dvar2": [0.0186977479607, 2.16963624954, 33.2532730103, 312.693695068, 7732.91601562, 1567.72814941, 792.884338379, 1045.4276123, 2006.48498535, 1713.80749512, 2943.38720703, 899.436096191, 486.492645264, 404.863830566, 527.087524414, 890.38092041, 973.657653809, 881.953796387, 764.104675293, 747.732666016, 799.192565918, 755.60760498, 429.234771729, 508.352874756, 930.375366211, 767.546813965, 832.488708496, 198.480453491, 127.849479675, 91.3430862427, 44.8065299988, 63.7488632202, 15.6481733322, 1.82229030132, 0.614958167076, 0.0730718895793, 0.00516717135906, 0.00020303488418, 5.23392509422e-06, 2.13138910965e-08], "var": [0.0129322027788, 1.41258251667, 29.972536087, 192.745941162, 3050.84399414, 616.746398926, 936.543762207, 1063.48657227, 1299.14575195, 1265.99633789, 1703.81567383, 703.638671875, 429.070831299, 346.964080811, 414.125, 552.594604492, 627.933654785, 555.289001465, 567.276367188, 536.98059082, 620.584777832, 535.021606445, 289.894012451, 414.8175354, 732.054504395, 783.607116699, 797.023864746, 240.259811401, 138.181381226, 90.1615600586, 41.9542808533, 59.7651863098, 15.5152387619, 2.22914361954, 0.72029453516, 0.0866608321667, 0.00585692049935, 0.000248360389378, 5.07867935085e-06, 2.16990780899e-08], "dmean2": [0.0480180345476, 0.632096767426, 3.00111508369, 9.6794128418, 27.3516254425, 13.7447547913, 11.1910400391, 11.8351211548, 13.1557073593, 12.5922107697, 14.3046607971, 9.58425807953, 7.32406759262, 7.55319023132, 9.30764770508, 10.5990867615, 11.3648719788, 12.645775795, 14.1807641983, 12.9282999039, 14.4874639511, 12.6054878235, 10.2462291718, 10.484875679, 13.1678781509, 12.60222435, 10.2343502045, 5.83248710632, 4.13749933243, 2.83499550819, 2.04302716255, 1.9929318428, 0.985589981079, 0.409651279449, 0.227472528815, 0.0935184657574, 0.026877483353, 0.0056951106526, 0.00072430371074, 4.51836967841e-05], "max": [1.77875101566, 21.3100795746, 52.133731842, 143.396011353, 1159.36645508, 491.096282959, 511.741210938, 546.370727539, 738.128234863, 815.108398438, 1306.88342285, 661.630004883, 670.330932617, 392.857910156, 457.883728027, 441.140686035, 625.215148926, 476.396606445, 564.835266113, 376.322967529, 479.350982666, 869.588500977, 257.311157227, 309.703704834, 496.41317749, 458.510925293, 639.074035645, 258.13269043, 223.747756958, 305.166870117, 150.123596191, 190.708267212, 86.4507141113, 32.3828201294, 19.7027854919, 4.75315093994, 1.39113676548, 0.255308508873, 0.0443371459842, 0.00313333841041], "dmean": [0.0321777909994, 0.399824976921, 1.83334183693, 5.85687923431, 16.3936100006, 8.36428833008, 7.41848611832, 7.87898254395, 8.4314365387, 8.27527999878, 9.43751716614, 6.23255395889, 4.79607391357, 5.02668523788, 6.25471973419, 6.88406896591, 7.30550670624, 8.0740852356, 9.0224237442, 8.31004047394, 9.23424053192, 8.15377044678, 6.41849565506, 6.69804573059, 8.54731941223, 8.28370952606, 6.61114215851, 3.90551137924, 2.86000323296, 1.98741495609, 1.40112781525, 1.37875080109, 0.67868244648, 0.298518240452, 0.162822380662, 0.0661830082536, 0.019115768373, 0.0040002069436, 0.000501821283251, 3.18009551847e-05]}, "dissonance": {"dvar": 0.000233738493989, "mean": 0.473545432091, "min": 0.25787588954, "median": 0.482518076897, "dvar2": 0.000542448658962, "var": 0.000739532639273, "dmean2": 0.0189466811717, "max": 0.500000059605, "dmean": 0.0119990855455}, "erbbands_flatness_db": {"dvar": 0.000430632586358, "mean": 0.161965236068, "min": 0.0320294797421, "median": 0.157745227218, "dvar2": 0.00076861056732, "var": 0.00214476464316, "dmean2": 0.0262559149414, "max": 0.348882198334, "dmean": 0.0190830901265}, "melbands_kurtosis": {"dvar": 275.543334961, "mean": 23.2777729034, "min": -1.9174015522, "median": 14.7774600983, "dvar2": 665.605224609, "var": 807.969116211, "dmean2": 17.4432601929, "max": 512.001953125, "dmean": 11.2066812515}, "melbands_spread": {"dvar": 256.896362305, "mean": 24.5459194183, "min": 0.793534994125, "median": 15.7364721298, "dvar2": 536.798400879, "var": 686.364929199, "dmean2": 14.5939340591, "max": 253.942565918, "dmean": 9.46544837952}, "melbands_skewness": {"dvar": 1.09817028046, "mean": 3.73291945457, "min": -2.7781162262, "median": 3.52934551239, "dvar2": 2.5227997303, "var": 4.48720312119, "dmean2": 1.49737548828, "max": 17.9530296326, "dmean": 0.986854255199}, "spectral_entropy": {"dvar": 0.0380176976323, "mean": 7.5651550293, "min": 5.15191030502, "median": 7.60049629211, "dvar2": 0.0703641921282, "var": 0.180702552199, "dmean2": 0.250075697899, "max": 9.79653263092, "dmean": 0.175476297736}, "zerocrossingrate": {"dvar": 0.000341167702572, "mean": 0.0595960095525, "min": 0.00048828125, "median": 0.04736328125, "dvar2": 0.000373455113731, "var": 0.00204322766513, "dmean2": 0.0143382372335, "max": 0.5029296875, "dmean": 0.0126698417589}, "average_loudness": 0.87930971384, "spectral_contrast_coeffs": {"dvar": [0.00238246959634, 0.0018154339632, 0.000926987442654, 0.000577679194976, 0.000347124150721, 0.000397910189349], "mean": [-0.591138482094, -0.734021604061, -0.800528883934, -0.804248809814, -0.800256371498, -0.724658191204], "min": [-0.950483798981, -0.953630924225, -0.970825910568, -0.96388053894, -0.956852018833, -0.956538319588], "median": [-0.593127906322, -0.749483287334, -0.808666229248, -0.808165967464, -0.804611206055, -0.731162548065], "dvar2": [0.00578873325139, 0.0040161316283, 0.00209608045407, 0.00138104893267, 0.0008028052398, 0.000780706352089], "var": [0.00781793426722, 0.00800069049001, 0.00346589367837, 0.00193340599071, 0.00143524666782, 0.00386544573121], "dmean2": [0.0875392258167, 0.0750184580684, 0.055949613452, 0.0458739437163, 0.034218903631, 0.0301672499627], "max": [-0.192388281226, -0.389730870724, -0.494876354933, -0.577759861946, -0.572838008404, -0.50237172842], "dmean": [0.0545345619321, 0.0480006970465, 0.0361040756106, 0.0287640430033, 0.0218091513962, 0.0204956475645]}, "barkbands_flatness_db": {"dvar": 0.000713924062438, "mean": 0.155543029308, "min": 0.0181043688208, "median": 0.149016484618, "dvar2": 0.00148843904026, "var": 0.00369029981084, "dmean2": 0.038727696985, "max": 0.412535518408, "dmean": 0.0265501961112}, "silence_rate_30dB": {"dvar": 0.0138510689139, "mean": 0.98810750246, "min": 0, "median": 1, "dvar2": 0.0331173762679, "var": 0.0117533048615, "dmean2": 0.0280977804214, "max": 1, "dmean": 0.0140475742519}, "spectral_energyband_high": {"dvar": 7.70090650803e-07, "mean": 0.000709723797627, "min": 7.99059218224e-21, "median": 0.000154298715643, "dvar2": 1.53397434133e-06, "var": 2.62440039478e-06, "dmean2": 0.000529631215613, "max": 0.0223582461476, "dmean": 0.000379259116016}, "melbands_flatness_db": {"dvar": 0.00110361550469, "mean": 0.220887705684, "min": 0.00288109015673, "median": 0.218651428819, "dvar2": 0.00231806281954, "var": 0.00601056823507, "dmean2": 0.0468391217291, "max": 0.541776955128, "dmean": 0.0322826616466}, "barkbands": {"dvar": [9.11445585672e-09, 1.38520572364e-05, 1.48983717736e-05, 3.64848565368e-05, 0.000168406433659, 6.24795848125e-06, 4.29255351264e-06, 2.58834734268e-06, 8.0998768226e-07, 2.09441537891e-07, 2.26475776799e-07, 2.00805985173e-07, 2.44588818532e-07, 1.44881568076e-07, 1.54929338692e-07, 1.09529779024e-07, 1.04988586713e-07, 6.19428348614e-08, 1.45707886645e-07, 2.1054252386e-07, 7.94200119003e-08, 4.08367206717e-08, 3.11184287227e-08, 4.4725911863e-08, 5.62001112314e-09, 1.00244046397e-09, 8.81103592865e-11], "mean": [3.46447923221e-05, 0.00270234677009, 0.00393789727241, 0.00426203198731, 0.00449540093541, 0.00159758224618, 0.000755898596253, 0.000549681077246, 0.000368976820027, 0.000201180228032, 0.000236110965488, 0.000206571159652, 0.000213919935049, 0.000221632028115, 0.000263281632215, 0.000254153972492, 0.000280778709566, 0.000195753280423, 0.000284760404611, 0.000314796925522, 0.000197901710635, 0.000123973411974, 7.85706070019e-05, 7.95778614702e-05, 3.87617074011e-05, 1.71762876562e-05, 3.80092296837e-06], "min": [1.74569270081e-23, 3.31022412583e-23, 2.39159197294e-24, 1.24389985672e-23, 4.88646824203e-23, 7.52785791154e-23, 4.8993118442e-23, 7.14412567498e-23, 5.45453518403e-23, 6.88298179201e-23, 5.40033539113e-23, 9.13918014784e-23, 1.21208932471e-22, 1.54306771886e-22, 1.73986112546e-22, 1.34303190461e-22, 1.64502565583e-22, 1.71049820795e-22, 2.39785846309e-22, 2.13293246539e-22, 7.14510828013e-22, 6.28048643575e-22, 7.3669546469e-22, 8.50992347423e-22, 1.31048956211e-21, 1.53365142071e-21, 2.36131206459e-21], "median": [5.18792148796e-06, 0.00107414077502, 0.00141690217424, 0.00146824505646, 0.00153373752255, 0.000294263212709, 8.68677016115e-05, 7.07425715518e-05, 5.87959293625e-05, 5.05000789417e-05, 3.82909383916e-05, 5.19392015121e-05, 6.54362302157e-05, 8.95718912943e-05, 0.000106138788396, 0.000121070137538, 0.000138524599606, 9.2949529062e-05, 0.000115790833661, 7.82908464316e-05, 5.03796545672e-05, 2.01422753889e-05, 1.06778661575e-05, 6.34154184809e-06, 2.5819244911e-06, 1.065183028e-06, 6.66408084271e-08], "dvar2": [1.79938748346e-08, 3.27241286868e-05, 4.01521429012e-05, 9.36889919103e-05, 0.000414778478444, 1.25894202938e-05, 9.20765978663e-06, 5.80748883294e-06, 1.82663711712e-06, 4.50083945225e-07, 4.96291420404e-07, 4.63997821498e-07, 5.47699755771e-07, 3.38156638691e-07, 3.52055735675e-07, 2.43619808771e-07, 2.55595722365e-07, 1.54881163894e-07, 3.54098972366e-07, 5.16214811341e-07, 1.80191136678e-07, 8.3264318107e-08, 7.04915095184e-08, 9.24715592987e-08, 1.12319007428e-08, 1.96140748088e-09, 1.7930576468e-10], "var": [1.20915633062e-08, 2.22111648327e-05, 3.11668300128e-05, 4.91558821523e-05, 0.000163741249708, 1.48137814904e-05, 6.65397465127e-06, 3.73245688934e-06, 1.4391065406e-06, 3.43735024444e-07, 3.88984318533e-07, 2.75015821671e-07, 3.41544335924e-07, 2.0423247804e-07, 2.48991227636e-07, 1.88400036905e-07, 1.83959102174e-07, 9.75817044946e-08, 2.64968036845e-07, 5.04319359607e-07, 1.91238285652e-07, 1.00361702948e-07, 5.99676610591e-08, 9.2434071064e-08, 1.46322447492e-08, 2.36392128095e-09, 1.87471677071e-10], "dmean2": [4.62417301605e-05, 0.00236117746681, 0.00332293636166, 0.00467022042722, 0.00633682543412, 0.00149496202357, 0.000922484498005, 0.000682680227328, 0.000419668416725, 0.00022714874649, 0.000258634681813, 0.000252553814789, 0.000269805139396, 0.000255195918726, 0.000288687966531, 0.000248764554271, 0.000254944927292, 0.000195547647309, 0.000253312493442, 0.000289233925287, 0.000175972250872, 0.00010888504039, 7.2477174399e-05, 7.5874326285e-05, 3.2530293538e-05, 1.63935383171e-05, 4.22262837674e-06], "max": [0.00155721232295, 0.0790740996599, 0.0522834956646, 0.108130209148, 0.26171875, 0.0531430840492, 0.042022947222, 0.0498191341758, 0.02761804685, 0.0158312860876, 0.0143166529015, 0.00945417396724, 0.0134968236089, 0.00834371335804, 0.0121562071145, 0.0093800118193, 0.0127788512036, 0.00470114918426, 0.00936887506396, 0.0148402061313, 0.00755559559911, 0.00505018932745, 0.00745617970824, 0.00724899675697, 0.00235188868828, 0.000692952016834, 0.000256695842836], "dmean": [3.21866209561e-05, 0.00150976679288, 0.00198922958225, 0.00282381125726, 0.00384549098089, 0.000995818292722, 0.0005925813457, 0.000442683231086, 0.000272789417068, 0.000149055704242, 0.000172739368281, 0.000160960276844, 0.000171538893483, 0.000161148796906, 0.000183334952453, 0.000158331313287, 0.000162763069966, 0.000121041339298, 0.000162059674039, 0.000187847195775, 0.000116745730338, 7.63714342611e-05, 4.93758125231e-05, 5.24635070178e-05, 2.37935546465e-05, 1.1723879652e-05, 2.93923767458e-06]}, "erbbands_spread": {"dvar": 119.154953003, "mean": 50.0378074646, "min": 2.95901322365, "median": 48.9521217346, "dvar2": 278.051971436, "var": 425.667572021, "dmean2": 15.846991539, "max": 140.482803345, "dmean": 10.3867940903}, "barkbands_kurtosis": {"dvar": 43.7314834595, "mean": 6.2347240448, "min": -1.90217649937, "median": 2.95410013199, "dvar2": 101.527381897, "var": 114.86214447, "dmean2": 6.27942943573, "max": 153.898422241, "dmean": 4.03549098969}, "spectral_flux": {"dvar": 0.0012620347552, "mean": 0.0684059038758, "min": 1.03498751236e-10, "median": 0.055310703814, "dvar2": 0.00288955913857, "var": 0.00309019279666, "dmean2": 0.0384224839509, "max": 0.460543304682, "dmean": 0.0245755184442}, "silence_rate_20dB": {"dvar": 0, "mean": 1, "min": 1, "median": 1, "dvar2": 0, "var": 0, "dmean2": 0, "max": 1, "dmean": 0}, "gfcc": {"cov": [[9598.80859375, -1223.46313477, 669.569274902, -73.0032272339, -579.046813965, 311.149841309, -316.634674072, 562.974914551, -260.515289307, 191.790985107, -202.882797241, -19.0016059875, -216.492782593], [-1223.46313477, 2612.44458008, -846.202209473, 42.3219223022, 504.206970215, -462.897827148, 435.770935059, -243.140823364, 365.468719482, -206.827011108, 195.699447632, -148.385498047, 146.255371094], [669.569274902, -846.202209473, 1120.24926758, -43.6254272461, -60.8543319702, 231.708862305, -109.109619141, 235.622848511, -139.239303589, 117.191375732, -99.9478683472, 79.7549667358, -58.9861030579], [-73.0032272339, 42.3219223022, -43.6254272461, 474.084411621, 109.043251038, 62.9297637939, 52.4397544861, -73.7524261475, 64.189201355, -43.0781593323, 9.50984954834, -27.8734283447, 52.8985900879], [-579.046813965, 504.206970215, -60.8543319702, 109.043251038, 410.2706604, -12.3095979691, 161.198440552, -40.4631385803, 93.4270172119, -27.6064815521, -6.10620164871, -14.8722782135, 36.965549469], [311.149841309, -462.897827148, 231.708862305, 62.9297637939, -12.3095979691, 330.022460938, 1.61097514629, 84.0897140503, -71.3314208984, 34.6261482239, -45.7362213135, 29.4388427734, -22.0958137512], [-316.634674072, 435.770935059, -109.109619141, 52.4397544861, 161.198440552, 1.61097514629, 291.056945801, -16.0705299377, 85.8107147217, -55.7104263306, 16.9545249939, -29.4386882782, 21.4232006073], [562.974914551, -243.140823364, 235.622848511, -73.7524261475, -40.4631385803, 84.0897140503, -16.0705299377, 222.988006592, -21.6869392395, 67.6686553955, -36.9244537354, 8.84971809387, -25.6615447998], [-260.515289307, 365.468719482, -139.239303589, 64.189201355, 93.4270172119, -71.3314208984, 85.8107147217, -21.6869392395, 161.107330322, -10.2173471451, 39.0697555542, -31.7288818359, 24.8481140137], [191.790985107, -206.827011108, 117.191375732, -43.0781593323, -27.6064815521, 34.6261482239, -55.7104263306, 67.6686553955, -10.2173471451, 121.217224121, 10.5872936249, 24.2510929108, -21.2045631409], [-202.882797241, 195.699447632, -99.9478683472, 9.50984954834, -6.10620164871, -45.7362213135, 16.9545249939, -36.9244537354, 39.0697555542, 10.5872936249, 112.163291931, 9.15944862366, 23.9770050049], [-19.0016059875, -148.385498047, 79.7549667358, -27.8734283447, -14.8722782135, 29.4388427734, -29.4386882782, 8.84971809387, -31.7288818359, 24.2510929108, 9.15944862366, 94.8691253662, 10.1246461868], [-216.492782593, 146.255371094, -58.9861030579, 52.8985900879, 36.965549469, -22.0958137512, 21.4232006073, -25.6615447998, 24.8481140137, -21.2045631409, 23.9770050049, 10.1246461868, 77.2294006348]], "mean": [-55.4977226257, 100.16242218, -123.450653076, 55.9634857178, -41.7764549255, 1.3264528513, -34.8687057495, -6.53747558594, -27.3016986847, -6.68365049362, -19.3722362518, -8.59727859497, -12.064707756], "icov": [[0.00014528806787, -7.79204565333e-05, 8.61992975842e-06, -0.000138128176332, 0.000211998543818, -4.40204421466e-05, 7.30020183255e-05, -0.000341825128999, 0.000150324995047, -8.65591719048e-05, 0.000185227181646, -1.4578419723e-05, 0.000280411390122], [-7.79204565333e-05, 0.00147246872075, 0.000262791872956, 0.000608502828982, -0.00127177801915, 0.00101367523894, -0.000776258180849, 0.000146895705257, -0.00100957602262, 0.00124189653434, -0.00165341072716, 0.00109064672142, -0.00102399766911], [8.61992975842e-06, 0.000262791872956, 0.00151026039384, -0.000123726800666, -0.000360209785867, -0.000153162269271, 5.06687320012e-05, -0.0011460488895, 0.000484285817947, -0.000263250607532, 0.00029694128898, -0.000606461719144, 0.000257696636254], [-0.000138128176332, 0.000608502828982, -0.000123726800666, 0.00325951701961, -0.00100348715205, -0.000809450168163, -1.07071873572e-05, 0.001445813803, -0.0017128350446, 0.000957702111918, -0.0007284427993, 0.00143775669858, -0.00228287302889], [0.000211998543818, -0.00127177801915, -0.000360209785867, -0.00100348715205, 0.00488006835803, -0.000786889402661, -0.00105805578642, 0.000312838848913, -0.000345051725162, -0.0018644190859, 0.0029498655349, -0.00122077029664, 9.4786984846e-05], [-4.40204421466e-05, 0.00101367523894, -0.000153162269271, -0.000809450168163, -0.000786889402661, 0.0052453642711, -0.00149975239765, -0.00106897775549, 0.00130348361563, 9.31817703531e-05, -0.000411206681747, -0.000207258111914, 9.36136275413e-05], [7.30020183255e-05, -0.000776258180849, 5.06687320012e-05, -1.07071873572e-05, -0.00105805578642, -0.00149975239765, 0.00599122932181, -0.000984501326457, -0.00140742352232, 0.00207765004598, -0.000263942289166, -6.9659370638e-05, 0.000923366344068], [-0.000341825128999, 0.000146895705257, -0.0011460488895, 0.001445813803, 0.000312838848913, -0.00106897775549, -0.000984501326457, 0.00842004083097, -0.00157766859047, -0.00310901808552, 0.0015474895481, 0.00111277110409, -0.00145909539424], [0.000150324995047, -0.00100957602262, 0.000484285817947, -0.0017128350446, -0.000345051725162, 0.00130348361563, -0.00140742352232, -0.00157766859047, 0.0115267233923, -0.00245218817145, -0.00109187071212, 0.00137371569872, 5.76470192755e-05], [-8.65591719048e-05, 0.00124189653434, -0.000263250607532, 0.000957702111918, -0.0018644190859, 9.31817703531e-05, 0.00207765004598, -0.00310901808552, -0.00245218817145, 0.0141825089231, -0.00490325316787, -0.00116735033225, 0.00221643433906], [0.000185227181646, -0.00165341072716, 0.00029694128898, -0.0007284427993, 0.0029498655349, -0.000411206681747, -0.000263942289166, 0.0015474895481, -0.00109187071212, -0.00490325316787, 0.0144442152232, -0.0029786