{"tonal": {"hpcp": {"dvar": [0.00337586272508, 0.0019148462452, 0.0018630719278, 0.00175834202673, 0.0015840572305, 0.00251193135045, 0.0020829224959, 0.000913922092877, 0.00420363992453, 0.00372280552983, 0.00245701242238, 0.000446780526545, 0.000725545512978, 0.00100825657137, 0.00321003119461, 0.00496584596112, 0.0018639548216, 0.00091544125462, 0.000927374931052, 0.00188161723781, 0.00202823011205, 0.00349657074548, 0.00167904666159, 0.000587257964071, 0.000254257785855, 0.000754150853027, 0.00347303855233, 0.0025634970516, 0.00652286922559, 0.00259565981105, 0.00441808113828, 0.00775668816641, 0.00366819882765, 0.00781104899943, 0.00498681655154, 0.00242592464201], "var": [0.0830036774278, 0.0209680497646, 0.0016713963123, 0.00167154497467, 0.0031400504522, 0.0297522172332, 0.0414037518203, 0.00453820638359, 0.0437943562865, 0.10850315541, 0.0183448828757, 0.00159982522018, 0.00336542376317, 0.00586615037173, 0.0839428827167, 0.206584915519, 0.0351949892938, 0.000794606399722, 0.00106279691681, 0.00273374957033, 0.0242247041315, 0.0686137229204, 0.0400701873004, 0.00353584182449, 0.000704920443241, 0.00191306089982, 0.0436178743839, 0.183454304934, 0.0817911699414, 0.0211652852595, 0.00292827282101, 0.00704939709976, 0.0435256697237, 0.0393729321659, 0.00657620141283, 0.0285595916212], "median": [0.0105761382729, 0.00570847466588, 0.00057229626691, 0.000701112381648, 0.0041852677241, 0.00944418925792, 0.00753225013614, 0.0061692269519, 0.0116085968912, 0.0444726869464, 0.0818311721087, 0.00785118900239, 0.00300377560779, 0.00943977944553, 0.138513207436, 0.206737622619, 0.0817900598049, 0.000931715592742, 0.000650368630886, 0.000893854419701, 0.00255272071809, 0.00370557093993, 0.00272442935966, 0.00205292878672, 0.00197868701071, 0.00165664637461, 0.0129131451249, 0.0341919325292, 0.0296658948064, 0.00459567410871, 0.00162931787781, 0.00340239563957, 0.00341683020815, 0.0039786985144, 0.00316396867856, 0.0075181084685], "max": [1, 1, 1, 1, 1, 1, 1, 0.631089687347, 1, 1, 1, 0.935826301575, 0.88157749176, 1, 1, 1, 1, 1, 0.753853917122, 1, 1, 1, 1, 0.556662142277, 0.574958324432, 0.710347294807, 1, 1, 1, 1, 1, 1, 1, 1, 1, 1], "dmean": [0.0178150981665, 0.0116294035688, 0.00577601697296, 0.00585426064208, 0.00894694868475, 0.0157447382808, 0.0136128365993, 0.0105434060097, 0.0226208921522, 0.0178363788873, 0.0179464723915, 0.00708043668419, 0.00667257606983, 0.0087196258828, 0.022273587063, 0.0179256405681, 0.0161029230803, 0.00329034309834, 0.00362477032468, 0.00596799980849, 0.0111789796501, 0.0152275478467, 0.0108579620719, 0.00585908256471, 0.00283609866165, 0.00570495519787, 0.0340865589678, 0.0144781144336, 0.0390264764428, 0.0118918940425, 0.00931157078594, 0.0289944130927, 0.0234554912895, 0.0281036160886, 0.0245990753174, 0.014221444726], "dmean2": [0.0208253990859, 0.0147656332701, 0.00976459402591, 0.00974724628031, 0.0143482498825, 0.0257206875831, 0.022073270753, 0.0178970377892, 0.037846583873, 0.0271856822073, 0.0300905164331, 0.012041574344, 0.0106578441337, 0.0135671487078, 0.0310613363981, 0.0230054724962, 0.0230365172029, 0.00561773078516, 0.00624241214246, 0.0102803260088, 0.0180368553847, 0.0245741158724, 0.0167483128607, 0.010211745277, 0.0046272627078, 0.00969415903091, 0.0633207932115, 0.0225747749209, 0.0727022886276, 0.0193937439471, 0.0168598890305, 0.0554789230227, 0.0427523739636, 0.0525753945112, 0.0459790937603, 0.0189410056919], "mean": [0.138158515096, 0.0692504793406, 0.00666697742417, 0.00753660639748, 0.0233917310834, 0.0816131457686, 0.0858660265803, 0.0313217453659, 0.124800637364, 0.209833413363, 0.109194472432, 0.0233863554895, 0.0176340918988, 0.0270340293646, 0.289154052734, 0.451781570911, 0.182415604591, 0.00580971315503, 0.00729532120749, 0.0142038119957, 0.0614411197603, 0.120792880654, 0.0874647796154, 0.0210454557091, 0.00632483651862, 0.00961365830153, 0.145005136728, 0.318845361471, 0.224543899298, 0.0520195141435, 0.0109561150894, 0.0320710875094, 0.105135545135, 0.103880479932, 0.035793364048, 0.0812027528882], "dvar2": [0.00592778623104, 0.00404159445316, 0.00461964681745, 0.00451417453587, 0.00385605008341, 0.00650813290849, 0.00485371565446, 0.00260309455916, 0.0113325910643, 0.00675745913759, 0.00671973265707, 0.000877839105669, 0.00155345362145, 0.00220177765004, 0.00594059284776, 0.00810264609754, 0.00407784665003, 0.00249227904715, 0.00247149448842, 0.00458373781294, 0.00476641813293, 0.00921938475221, 0.00356748723425, 0.00186899723485, 0.000596289348323, 0.00175801373553, 0.0113670174032, 0.00544390361756, 0.0211270134896, 0.00555271701887, 0.0130298351869, 0.0279547087848, 0.011283009313, 0.0270851124078, 0.0174373611808, 0.00577563233674], "min": [3.26869667333e-05, 0, 3.96165006578e-07, 8.62556532866e-07, 2.00228510039e-06, 5.17910939379e-06, 3.17118133353e-06, 2.40845638473e-05, 2.15569525608e-06, 2.3450673325e-05, 2.85453916149e-05, 3.67945358448e-05, 9.35421576287e-06, 2.04834886972e-05, 2.9874374377e-05, 4.26128754043e-05, 3.40601072821e-05, 2.53638290815e-06, 1.58603188538e-06, 2.20809533857e-06, 1.07444679998e-06, 2.61745663011e-06, 7.17166903996e-06, 1.07899377326e-05, 5.04566560267e-06, 7.18057935956e-06, 3.83134065487e-05, 4.68576472485e-05, 2.69332686003e-05, 7.11400070941e-06, 2.44811371886e-06, 0, 9.8761611298e-06, 9.69301072473e-06, 1.53612600116e-05, 3.18253405567e-05]}, "key_key": "G", "thpcp": [1, 0.403769463301, 0.0128595624119, 0.0161478947848, 0.0314395576715, 0.135997399688, 0.26737010479, 0.193599700928, 0.0465832538903, 0.0139997666702, 0.0212794393301, 0.320962935686, 0.705751121044, 0.49701872468, 0.115143060684, 0.0242509115487, 0.0709880366921, 0.232713222504, 0.229935184121, 0.079227142036, 0.179738968611, 0.305808216333, 0.1532831043, 0.0147570818663, 0.0166819691658, 0.0517766401172, 0.180647358298, 0.190060928464, 0.0693294033408, 0.276241093874, 0.464457660913, 0.241697490215, 0.05176474154, 0.0390323400497, 0.0598387159407, 0.640030622482], "chords_key": "D", "tuning_equal_tempered_deviation": 0.0582527443767, "tuning_frequency": 447.949737549, "tuning_diatonic_strength": 0.475340753794, "chords_histogram": [11.6263132095, 14.8698034286, 34.399269104, 1.78163540363, 0, 1.37048876286, 0.593878507614, 0, 1.64458656311, 0.0228414796293, 0.0913659185171, 0.662402927876, 1.25628137589, 2.46687984467, 1.91868436337, 1.43901324272, 0, 3.60895395279, 0.616719961166, 7.90315198898, 1.41617178917, 7.4463224411, 3.49474644661, 1.37048876286], "key_strength": 0.603397011757, "key_scale": "major", "chords_strength": {"dvar": 2.03974159376e-05, "var": 0.011535149999, "median": 0.457852125168, "max": 0.679171800613, "dmean": 0.00422403635457, "dmean2": 0.00181260879617, "mean": 0.45950448513, "dvar2": 8.75773184816e-06, "min": 0.180907830596}, "chords_number_rate": 0.00365463690832, "tuning_nontempered_energy_ratio": 0.638862669468, "hpcp_entropy": {"dvar": 0.101356230676, "var": 0.535526692867, "median": 1.19355511665, "max": 4.32161426544, "dmean": 0.176348268986, "dmean2": 0.284567177296, "mean": 1.20391774178, "dvar2": 0.257193922997, "min": 0.0352537781}, "chords_changes_rate": 0.0363179519773, "chords_scale": "major"}, "rhythm": {"bpm_histogram_first_peak_spread": {"dvar": 0, "var": 0, "median": 0.271739095449, "max": 0.271739095449, "dmean": 0, "dmean2": 0, "mean": 0.271739095449, "dvar2": 0, "min": 0.271739095449}, "bpm_histogram_first_peak_weight": {"dvar": 0, "var": 0, "median": 0.161057695746, "max": 0.161057695746, "dmean": 0, "dmean2": 0, "mean": 0.161057695746, "dvar2": 0, "min": 0.161057695746}, "bpm_histogram_first_peak_bpm": {"dvar": 0, "var": 0, "median": 133, "max": 133, "dmean": 0, "dmean2": 0, "mean": 133, "dvar2": 0, "min": 133}, "bpm": 132.055206299, "bpm_histogram_second_peak_weight": {"dvar": 0, "var": 0, "median": 0.0697115361691, "max": 0.0697115361691, "dmean": 0, "dmean2": 0, "mean": 0.0697115361691, "dvar2": 0, "min": 0.0697115361691}, "beats_loudness": {"dvar": 0.000327432207996, "var": 0.00252624182031, "median": 0.0322724767029, "max": 0.172711133957, "dmean": 0.00950026977807, "dmean2": 0.0144783537835, "mean": 0.0569304190576, "dvar2": 0.000597280624788, "min": 0.000930549169425}, "beats_loudness_band_ratio": {"dvar": [0.016546683386, 0.0107594737783, 0.0117130465806, 0.00631305249408, 0.000773277424742, 0.00156985095236], "var": [0.155043259263, 0.100662127137, 0.0824350342155, 0.0166973136365, 0.00138541567139, 0.0030525487382], "median": [0.120367109776, 0.19152829051, 0.108068980277, 0.0166493020952, 0.00713914213702, 0.0111596928909], "max": [0.997349619865, 0.966116905212, 0.989782333374, 0.634023845196, 0.268892526627, 0.475381970406], "dmean": [0.0588470287621, 0.0722519755363, 0.0686161592603, 0.048031270504, 0.0132976230234, 0.0153202107176], "dmean2": [0.0868297591805, 0.112159758806, 0.0981190130115, 0.0721959918737, 0.0208450574428, 0.0244308784604], "mean": [0.342068850994, 0.314968407154, 0.229521498084, 0.0779500603676, 0.0210522729903, 0.0280341636389], "dvar2": [0.029476089403, 0.0218527428806, 0.0201585814357, 0.0146534331143, 0.00180211279076, 0.00379353063181], "min": [3.45920379914e-05, 0.000647959474009, 6.10325623711e-05, 0.000218088403926, 1.42836042869e-05, 4.70997511002e-05]}, "bpm_histogram_second_peak_bpm": {"dvar": 0, "var": 0, "median": 112, "max": 112, "dmean": 0, "dmean2": 0, "mean": 112, "dvar2": 0, "min": 112}, "onset_rate": 0.629676163197, "beats_count": 417, "beats_position": [0.522448956966, 1.05650794506, 1.59056687355, 2.12462592125, 2.65868473053, 3.16952371597, 3.69197273254, 4.21442174911, 4.72526073456, 5.22448968887, 5.73532867432, 6.25777769089, 6.78022670746, 7.2910656929, 7.80190467834, 8.31274318695, 8.82358264923, 9.32281208038, 9.82204055786, 10.3328800201, 10.8437185287, 11.3429479599, 11.8421764374, 12.3530158997, 12.8638544083, 13.3746938705, 13.8855323792, 14.3963718414, 14.8839902878, 15.3716096878, 15.8592290878, 16.3468475342, 16.8344669342, 17.3220863342, 17.8097057343, 18.2741031647, 18.7385025024, 19.2029018402, 19.7253513336, 20.247800827, 20.7702484131, 21.2926979065, 21.8151473999, 22.3375968933, 22.8600444794, 23.3941040039, 23.9281635284, 24.4622211456, 24.9962806702, 25.5767803192, 26.1572780609, 26.7493877411, 27.3414955139, 27.9336051941, 28.6069831848, 29.2803630829, 29.8724708557, 30.476190567, 31.079908371, 31.5907478333, 32.1131973267, 32.6240348816, 33.1348762512, 33.6573219299, 34.1681632996, 34.6557807922, 35.1434020996, 35.6194114685, 36.0257606506, 36.4321098328, 36.8384590149, 37.2331962585, 37.6279373169, 38.0226745605, 38.4174156189, 38.8005447388, 39.1836738586, 39.5668029785, 39.9615402222, 40.3562812805, 40.7510185242, 41.134147644, 41.5172767639, 41.9120178223, 42.3067550659, 42.7014961243, 43.0962333679, 43.4909744263, 43.8857116699, 44.2804527283, 44.6519737244, 45.0234909058, 45.3950119019, 45.7665290833, 46.1380500793, 46.5095672607, 46.8810882568, 47.2526054382, 47.6241264343, 47.9956436157, 48.355556488, 48.7154655457, 49.0637626648, 49.4120635986, 49.7603607178, 50.1086616516, 50.4569587708, 50.7936515808, 51.1303405762, 51.4554176331, 51.7804985046, 52.1055755615, 52.4306564331, 52.7557373047, 53.0808143616, 53.5452156067, 53.9980049133, 54.4624023438, 54.9268035889, 55.3795890808, 55.8323783875, 56.2851676941, 56.7379570007, 57.1907463074, 57.643535614, 58.0963249207, 58.5491142273, 59.0019035339, 59.4663009644, 59.9423103333, 60.4067115784, 60.9291610718, 61.4516105652, 61.9740562439, 62.6474380493, 63.32081604, 63.9941940308, 64.6675720215, 65.3409500122, 66.0375518799, 66.7225418091, 67.4075241089, 68.0925140381, 68.7194519043, 69.3463897705, 69.9617233276, 70.5770492554, 71.1923828125, 71.8077087402, 72.423034668, 73.0267562866, 73.6304779053, 74.2341918945, 74.8263015747, 75.4184112549, 75.9989089966, 76.5794067383, 77.15990448, 77.7636260986, 78.3557357788, 78.9710617065, 79.5863952637, 80.2017211914, 80.8170471191, 81.4323806763, 81.9780502319, 82.5237197876, 83.0693893433, 83.6150588989, 84.1491165161, 84.6831741333, 85.2172317505, 85.7512893677, 86.2389068604, 86.7149200439, 87.1909255981, 87.6669387817, 88.1313400269, 88.5841217041, 89.0485229492, 89.5129241943, 89.9773254395, 90.4417190552, 90.8945083618, 91.3589096069, 91.8116989136, 92.2644882202, 92.7172775269, 93.1700668335, 93.6228561401, 94.0756454468, 94.5284347534, 94.9812240601, 95.4340133667, 95.8868026733, 96.33959198, 96.7923812866, 97.2451705933, 97.6979598999, 98.1507492065, 98.6035385132, 99.0563278198, 99.5091171265, 99.9619064331, 100.41469574, 100.867477417, 101.320266724, 101.77305603, 102.225845337, 102.713470459, 103.201087952, 103.700317383, 104.211151123, 104.721992493, 105.232833862, 105.743675232, 106.254508972, 106.765350342, 107.276191711, 107.787025452, 108.30947876, 108.855148315, 109.400817871, 109.946479797, 110.492149353, 111.037818909, 111.571876526, 112.117546082, 112.663215637, 113.208885193, 113.754554749, 114.300224304, 114.822669983, 115.356735229, 115.879180908, 116.401634216, 116.935691833, 117.469749451, 118.003807068, 118.537864685, 119.071922302, 119.59437561, 120.116821289, 120.639274597, 121.161720276, 121.695777893, 122.22983551, 122.763900757, 123.297958374, 123.820404053, 124.342857361, 124.842086792, 125.341316223, 125.840545654, 126.316551208, 126.792556763, 127.256958008, 127.732971191, 128.208984375, 128.673370361, 129.149383545, 129.602172852, 130.054962158, 130.507751465, 130.960540771, 131.413330078, 131.866119385, 132.318908691, 132.771697998, 133.212875366, 133.654052734, 134.106842041, 134.559631348, 135.012420654, 135.465209961, 135.917999268, 136.370788574, 136.811965942, 137.253143311, 137.705932617, 138.158721924, 138.61151123, 139.064300537, 139.517089844, 139.96987915, 140.422668457, 140.863845825, 141.316635132, 141.769424438, 142.222213745, 142.675003052, 143.127792358, 143.580581665, 144.033370972, 144.486160278, 144.927337646, 145.380126953, 145.809707642, 146.239273071, 146.668838501, 147.098403931, 147.469924927, 147.841445923, 148.212966919, 148.584487915, 148.96762085, 149.350738525, 149.722259521, 150.093780518, 150.465301514, 150.825210571, 151.185119629, 151.545028687, 151.904937744, 152.264846802, 152.624755859, 152.996276855, 153.367797852, 153.727706909, 154.087615967, 154.459136963, 154.877090454, 155.295059204, 155.713012695, 156.130966187, 156.548934937, 156.966888428, 157.384857178, 157.79119873, 158.197555542, 158.603897095, 159.010253906, 159.404983521, 159.799728394, 160.206069946, 160.635650635, 161.065216064, 161.494781494, 161.924346924, 162.400360107, 162.864761353, 163.340774536, 163.851608276, 164.374053955, 164.884887695, 165.337677002, 165.802078247, 166.266479492, 166.672836304, 167.067565918, 167.462310791, 167.857055664, 168.263397217, 168.65814209, 169.064483643, 169.459228516, 169.84236145, 170.225479126, 170.608612061, 170.991744995, 171.37487793, 171.769607544, 172.152740479, 172.640365601, 173.127975464, 173.615600586, 174.09161377, 174.567611694, 175.043624878, 175.53125, 176.018859863, 176.506484985, 177.040542603, 177.57460022, 178.108657837, 178.642715454, 179.176773071, 179.815322876, 180.419036865, 181.034378052, 181.649703979, 182.276641846, 182.880355835, 183.484085083, 184.087799072, 184.621856689, 185.144302368, 185.666748047, 186.212417603, 186.758087158, 187.303756714, 187.84942627, 188.395095825, 188.952377319, 189.498046875, 190.043716431, 190.635818481, 191.227935791, 191.820037842, 192.42376709, 193.027481079, 193.631195068, 194.234924316, 194.838638306, 195.442352295, 196.046066284, 196.649795532, 197.253509521, 197.857223511, 198.460952759, 199.064666748, 199.668380737, 200.260498047, 200.852600098, 201.456329346, 202.060043335, 202.663757324], "danceability": 0.688951730728, "bpm_histogram_second_peak_spread": {"dvar": 0, "var": 0, "median": 0.637499988079, "max": 0.637499988079, "dmean": 0, "dmean2": 0, "mean": 0.637499988079, "dvar2": 0, "min": 0.637499988079}}, "lowlevel": {"spectral_flux": {"dvar": 0.000109687745862, "var": 0.00043090453255, "median": 0.0328525789082, "max": 0.254824519157, "dmean": 0.00767020741478, "dmean2": 0.0124045666307, "mean": 0.0363227985799, "dvar2": 0.00029300301685, "min": 4.48811442766e-05}, "spectral_rolloff": {"dvar": 90457.7109375, "var": 710588.9375, "median": 602.9296875, "max": 16192.96875, "dmean": 80.0286254883, "dmean2": 141.923660278, "mean": 706.946411133, "dvar2": 199678.015625, "min": 107.666015625}, "barkbands_flatness_db": {"dvar": 9.84035068541e-05, "var": 0.00570234050974, "median": 0.231753244996, "max": 0.485562860966, "dmean": 0.010342833586, "dmean2": 0.0169448778033, "mean": 0.243569016457, "dvar2": 0.000258602638496, "min": 0.0335721001029}, "spectral_centroid": {"dvar": 11206.359375, "var": 357354.125, "median": 665.998291016, "max": 3730.21533203, "dmean": 72.0997543335, "dmean2": 116.539054871, "mean": 849.429931641, "dvar2": 27593.4433594, "min": 129.861755371}, "melbands_skewness": {"dvar": 0.227745965123, "var": 9.56259822845, "median": 3.55174875259, "max": 17.3445720673, "dmean": 0.404926359653, "dmean2": 0.657978773117, "mean": 4.22127389908, "dvar2": 0.593734204769, "min": -1.15760600567}, "melbands": {"dvar": [1.82126348136e-06, 4.54808514405e-06, 3.25719469174e-07, 4.13369747321e-08, 2.69920036544e-07, 2.04481025889e-07, 2.76629670282e-08, 4.94481930957e-08, 2.70782010148e-07, 1.03843280641e-08, 3.69407415768e-09, 2.98513835872e-09, 4.83912521165e-10, 9.65130753094e-11, 5.5765874557e-11, 1.80870235456e-10, 3.85701692807e-10, 5.50406560607e-11, 2.05922848218e-11, 2.8402183383e-11, 1.55224028076e-11, 8.65318441901e-11, 1.15218841412e-10, 3.87261264723e-11, 9.16477744389e-12, 1.31100547085e-11, 3.23186685747e-11, 1.02940406199e-10, 8.08016778486e-11, 2.3667696275e-11, 2.37221548828e-12, 2.002966071e-13, 8.7206392281e-14, 4.52645259057e-14, 1.53612491244e-14, 1.46485471322e-14, 2.51969787672e-14, 4.17863104687e-14, 1.25666392507e-14, 9.02289310975e-15], "var": [5.44630129298e-05, 0.000195979329874, 3.26253552885e-06, 2.33409537032e-07, 1.7776912955e-06, 1.1621905287e-06, 3.61444989494e-07, 2.63279787305e-07, 7.89959267422e-06, 6.10425701097e-08, 5.89500928072e-08, 3.33137052166e-07, 3.14175729876e-09, 7.96829380256e-10, 1.18929033288e-09, 5.53588375141e-09, 3.16382187115e-09, 9.68827101877e-11, 5.09069557342e-11, 1.7969163657e-10, 1.280158618e-10, 2.6232982453e-10, 6.73811062502e-10, 1.32644742412e-10, 3.79488870883e-11, 5.16684819929e-11, 1.98276103869e-10, 4.8909964967e-10, 3.86238263594e-10, 1.24013369018e-10, 1.07888212253e-11, 9.36454906675e-13, 6.32723311678e-13, 3.08300016376e-13, 7.71431326479e-14, 6.35410574525e-14, 1.44820529809e-13, 1.24038379936e-13, 4.14862778462e-14, 2.76902371881e-14], "median": [6.9131933742e-06, 3.80029268854e-05, 6.92190078553e-05, 0.000322872045217, 0.00101948750671, 0.000116202441859, 2.85638579953e-05, 0.000124044381664, 0.000195310960407, 5.04837080371e-05, 1.37140741572e-05, 2.56759431068e-05, 1.03925958683e-05, 2.82786686512e-06, 2.96412486023e-06, 1.93258051695e-06, 2.33654259318e-06, 1.95632401301e-06, 1.43701595334e-06, 1.00710281004e-06, 1.25923656924e-06, 2.48614219345e-06, 4.27139093517e-06, 2.03092395168e-06, 1.55285886194e-06, 1.21201799175e-06, 1.40785948588e-06, 2.2069618808e-06, 4.09978019889e-06, 2.43178988057e-06, 9.36208209623e-07, 5.24356437381e-07, 4.08994594636e-07, 2.25193076631e-07, 7.30802298676e-08, 1.13780501465e-07, 2.01517735832e-07, 1.33573294647e-07, 7.07555187773e-08, 6.18653572815e-08], "max": [0.0329671725631, 0.076504252851, 0.0172169376165, 0.00584036158398, 0.00842547975481, 0.0116658490151, 0.00594049459323, 0.00478691607714, 0.0123961102217, 0.00203010975383, 0.00464999768883, 0.00351414945908, 0.000954769202508, 0.000458203925518, 0.000372450478608, 0.000892510928679, 0.000702062330674, 0.000224225863349, 0.000175070948899, 0.000212243598071, 0.000258114479948, 0.00035615375964, 0.000404989143135, 0.0002142079029, 8.99182487046e-05, 0.000135987342219, 0.000162819647812, 0.000283472967567, 0.000242159381742, 0.000129972642753, 4.30449435953e-05, 1.36197686516e-05, 6.80224502503e-06, 4.85743066747e-06, 2.9830589483e-06, 3.21160587191e-06, 3.78152185476e-06, 6.74513694321e-06, 2.59343823927e-06, 1.96860037249e-06], "dmean": [0.000643732899334, 0.000712060311344, 0.000152462147526, 7.88302713772e-05, 0.000247332907747, 0.000116675975733, 4.6878165449e-05, 9.33169358177e-05, 0.000212890896364, 2.7783202313e-05, 1.26325194287e-05, 2.58041018242e-05, 5.51245648239e-06, 3.24256961903e-06, 2.98547342936e-06, 4.57346004623e-06, 7.07836716174e-06, 2.80855147139e-06, 1.67449411492e-06, 1.97754025066e-06, 1.37514075504e-06, 2.95298923447e-06, 4.35722131442e-06, 2.10788243749e-06, 1.36091216518e-06, 1.22198730423e-06, 1.89331558431e-06, 3.04477907775e-06, 3.77331957679e-06, 2.01021020985e-06, 7.04285298525e-07, 2.71732176316e-07, 1.85790796081e-07, 1.25207634483e-07, 5.61676216648e-08, 6.11295050135e-08, 9.29764993884e-08, 8.63545253083e-08, 4.64289584556e-08, 3.99252897409e-08], "dmean2": [0.00117979804054, 0.00125389546156, 0.00022761314176, 0.000128808416775, 0.000353442097548, 0.000205505479244, 8.16598912934e-05, 0.000164245255291, 0.000382818368962, 4.95219246659e-05, 1.94307031052e-05, 2.85123642243e-05, 8.08033200883e-06, 4.4888620323e-06, 4.03720650866e-06, 6.11309678789e-06, 9.62138710747e-06, 4.55269901067e-06, 2.60594561041e-06, 3.00595161207e-06, 2.12639702113e-06, 5.0474886848e-06, 7.21694050299e-06, 3.61507318303e-06, 2.27498912864e-06, 2.06954655368e-06, 3.2599723454e-06, 5.10738982484e-06, 6.36522736386e-06, 3.3887747577e-06, 1.16270643957e-06, 4.46083731731e-07, 3.01158536331e-07, 2.04749397881e-07, 8.73109087252e-08, 9.65501385508e-08, 1.48114850163e-07, 1.32629750738e-07, 7.10327796583e-08, 6.04388503689e-08], "mean": [0.0045659490861, 0.00855224300176, 0.00145644042641, 0.000458891590824, 0.00131854787469, 0.000462960393634, 0.000199929971131, 0.000333254400175, 0.00166735390667, 0.000169046732481, 7.95093656052e-05, 0.00031733274227, 3.16862824548e-05, 1.04742093754e-05, 1.11600065793e-05, 1.86752167792e-05, 1.92137649719e-05, 5.06664173372e-06, 3.39474672728e-06, 5.60190574106e-06, 3.90192099076e-06, 6.66904361424e-06, 1.43710321936e-05, 5.11553844262e-06, 3.51592598236e-06, 3.24462098433e-06, 5.51057382836e-06, 8.16961437522e-06, 1.03610382212e-05, 5.92785863773e-06, 2.02164233087e-06, 8.44691726343e-07, 7.01570741057e-07, 4.53769928299e-07, 1.85250954132e-07, 2.06779262157e-07, 3.34698597726e-07, 2.33725899079e-07, 1.43249877738e-07, 1.23086906001e-07], "dvar2": [5.32730837222e-06, 1.06031156974e-05, 9.15459679618e-07, 1.03069602631e-07, 5.69802466543e-07, 7.93213303041e-07, 9.40370341596e-08, 1.60387699566e-07, 1.01045759493e-06, 3.96597137353e-08, 9.28054344485e-09, 5.18773202174e-09, 9.39210487161e-10, 1.69790417837e-10, 8.89116766323e-11, 2.7522914503e-10, 6.38602615233e-10, 1.38955610907e-10, 4.37896281735e-11, 6.97836302632e-11, 3.40233431706e-11, 2.52002446688e-10, 3.11125347707e-10, 1.14626697023e-10, 2.65303768537e-11, 3.7651489565e-11, 9.36809935181e-11, 2.86937557048e-10, 2.14152265365e-10, 6.48161316286e-11, 6.44303620873e-12, 5.30562464622e-13, 2.24010100833e-13, 1.21509952707e-13, 3.49190179539e-14, 3.30719440278e-14, 5.83009524989e-14, 7.88322247649e-14, 2.43866020178e-14, 1.73106717356e-14], "min": [1.18989229667e-16, 6.70634961092e-17, 3.84483706493e-17, 3.007357392e-17, 1.04320172465e-17, 1.27399098854e-17, 5.37597187069e-17, 8.4981372995e-17, 5.47336477776e-17, 4.68002346232e-17, 6.96452657673e-17, 1.98429726711e-17, 4.73724649361e-17, 2.14245089151e-17, 3.30707768428e-17, 4.27243451682e-17, 8.19197327025e-17, 2.88705919203e-17, 2.32036635705e-17, 8.33813277577e-17, 4.91221967771e-17, 3.72514667727e-17, 4.88135161335e-17, 3.65653667767e-17, 3.32069969461e-17, 3.15630085659e-17, 3.58104949845e-17, 3.69867656679e-17, 3.43629917783e-17, 3.23861723894e-17, 3.17350257373e-17, 2.52895450688e-17, 2.43991231897e-17, 2.53073079453e-17, 2.6673145264e-17, 2.6836275207e-17, 2.20325975075e-17, 2.44182575316e-17, 2.74069735814e-17, 2.42708456747e-17]}, "spectral_decrease": {"dvar": 4.98133334758e-18, "var": 1.76536092238e-16, "median": -8.33804492117e-09, "max": -1.63054444153e-21, "dmean": 1.39767064589e-09, "dmean2": 2.47388753927e-09, "mean": -1.46458400963e-08, "dvar2": 1.28242608012e-17, "min": -7.67632144516e-08}, "barkbands_kurtosis": {"dvar": 37.7766914368, "var": 874.785522461, "median": 12.8386993408, "max": 251.675369263, "dmean": 3.60794115067, "dmean2": 5.96759986877, "mean": 23.1893234253, "dvar2": 107.071235657, "min": -1.87378287315}, "silence_rate_30dB": {"dvar": 0.00273413211107, "var": 0.19023552537, "median": 1, "max": 1, "dmean": 0.00274160387926, "dmean2": 0.00548383407295, "mean": 0.744488835335, "dvar2": 0.00682489899918, "min": 0}, "gfcc": {"mean": [-37.9391326904, 91.6776123047, -108.599395752, 28.0718326569, -80.136932373, -10.428147316, -28.1557636261, 10.0229883194, -26.7753143311, -1.23424994946, -17.6338748932, -7.28497314453, 2.87194466591], "cov": [[2009.10058594, -213.661132813, 104.352149963, 139.244552612, 409.658233643, 230.409317017, 161.340332031, 140.01373291, 21.9938430786, 2.86787438393, -74.2440719604, 118.98236084, -202.978530884], [-213.661132813, 1369.11181641, 1077.1348877, 391.8699646, 548.942810059, 341.294677734, 434.489471436, 110.920326233, 210.939559937, -90.9636459351, -0.973570585251, -214.012298584, -88.4321060181], [104.352149963, 1077.1348877, 1407.71984863, 640.832519531, 806.716491699, 507.330871582, 595.48034668, 254.581329346, 203.637420654, -147.56439209, -34.978061676, -98.0766220093, -146.245910645], [139.244552612, 391.8699646, 640.832519531, 868.50177002, 692.963378906, 341.350524902, 276.87487793, 90.9804229736, 28.7189655304, 32.9386100769, 71.1547851563, -17.9121456146, -21.9202156067], [409.658233643, 548.942810059, 806.716491699, 692.963378906, 1069.73083496, 642.561950684, 585.294067383, 217.687591553, 221.368331909, 54.1067428589, 87.3608169556, 14.9824237823, -71.9727859497], [230.409317017, 341.294677734, 507.330871582, 341.350524902, 642.561950684, 573.481079102, 478.686706543, 233.491210938, 154.890686035, -15.5680494308, 13.5232086182, 1.17938733101, -43.2159461975], [161.340332031, 434.489471436, 595.48034668, 276.87487793, 585.294067383, 478.686706543, 727.823974609, 404.541809082, 265.713134766, -10.9524822235, 0.6695920825, -19.4148445129, -64.2707443237], [140.01373291, 110.920326233, 254.581329346, 90.9804229736, 217.687591553, 233.491210938, 404.541809082, 338.368164063, 196.84954834, 1.28984880447, -32.5951538086, -10.5381278992, -42.6656341553], [21.9938430786, 210.939559937, 203.637420654, 28.7189655304, 221.368331909, 154.890686035, 265.713134766, 196.84954834, 275.80166626, 105.199943542, 41.1570510864, -51.2633666992, -64.0802383423], [2.86787438393, -90.9636459351, -147.56439209, 32.9386100769, 54.1067428589, -15.5680494308, -10.9524822235, 1.28984880447, 105.199943542, 233.87310791, 121.260093689, -12.518696785, -23.0705852509], [-74.2440719604, -0.973570585251, -34.978061676, 71.1547851563, 87.3608169556, 13.5232086182, 0.6695920825, -32.5951538086, 41.1570510864, 121.260093689, 153.045166016, 72.8777923584, 53.1802787781], [118.98236084, -214.012298584, -98.0766220093, -17.9121456146, 14.9824237823, 1.17938733101, -19.4148445129, -10.5381278992, -51.2633666992, -12.518696785, 72.8777923584, 227.35597229, 133.356109619], [-202.978530884, -88.4321060181, -146.245910645, -21.9202156067, -71.9727859497, -43.2159461975, -64.2707443237, -42.6656341553, -64.0802383423, -23.0705852509, 53.1802787781, 133.356109619, 198.696289063]], "icov": [[0.00103527586907, -0.000523975584656, 0.000640567624941, 0.000145895101014, -0.00107430957723, 0.000261848792434, 0.000739256909583, -0.00130356440786, 0.000873218697961, -0.00049789599143, 0.00132890243549, -0.00231713987887, 0.00236226757988], [-0.000523975584656, 0.00414780294523, -0.00331950560212, 0.000478591828141, 0.000859338848386, -0.000161040283274, -0.00182651402429, 0.00368123291992, -0.00228621950373, 0.00138666399289, -0.00257615162991, 0.00563647411764, -0.00427354732528], [0.000640567624941, -0.00331950560212, 0.00521752564237, -0.00175348273478, -0.00115172402002, 0.000326046632836, 0.000503764080349, -0.00196453207172, -0.000238161796005, 0.00237618945539, 0.00108544481918, -0.00468335440382, 0.00527046015486], [0.000145895101014, 0.000478591828141, -0.00175348273478, 0.00515420734882, -0.00486227031797, 0.0019541347865, 0.00245406432077, -0.00501221138984, 0.005491187796, -0.00146933400538, -0.0024447531905, 0.00344747211784, -0.00203777546994], [-0.00107430957723, 0.000859338848386, -0.00115172402002, -0.00486227031797, 0.01081692148, -0.00621072761714, -0.00521608255804, 0.00995685439557, -0.0069156116806, -0.000787680852227, 0.0016074749874, -0.00200568814762, -0.00048683109344], [0.000261848792434, -0.000161040283274, 0.000326046632836, 0.0019541347865, -0.00621072761714, 0.00832533091307, -0.000208510304219, -0.00428265566006, 0.00318629108369, 0.00104252749588, -0.00107894872781, 0.00146567460615, -0.000320896273479], [0.000739256909583, -0.00182651402429, 0.000503764080349, 0.00245406432077, -0.00521608255804, -0.000208510304219, 0.0112991183996, -0.0130989272147, 0.00392298493534, 0.000899847247638, -0.00280858087353, -0.000172292930074, 0.00172817974817], [-0.00130356440786, 0.00368123291992, -0.00196453207172, -0.00501221138984, 0.00995685439557, -0.00428265566006, -0.0130989272147, 0.0257356595248, -0.0140741579235, -0.00025235049543, 0.00723265251145, -0.00111824157648, -0.00348141044378], [0.000873218697961, -0.00228621950373, -0.000238161796005, 0.005491187796, -0.0069156116806, 0.00318629108369, 0.00392298493534, -0.0140741579235, 0.0184523500502, -0.00634878408164, -0.00280622299761, 0.00159444788005, 0.00163459300529], [-0.00049789599143, 0.00138666399289, 0.00237618945539, -0.00146933400538, -0.000787680852227, 0.00104252749588, 0.000899847247638, -0.00025235049543, -0.00634878408164, 0.0175273194909, -0.0141961900517, 0.0055258590728, 0.0019521091599], [0.00132890243549, -0.00257615162991, 0.00108544481918, -0.0024447531905, 0.0016074749874, -0.00107894872781, -0.00280858087353, 0.00723265251145, -0.00280622299761, -0.0141961900517, 0.0274297893047, -0.0136375948787, 0.000990528031252], [-0.00231713987887, 0.00563647411764, -0.00468335440382, 0.00344747211784, -0.00200568814762, 0.00146567460615, -0.000172292930074, -0.00111824157648, 0.00159444788005, 0.0055258590728, -0.0136375948787, 0.0223818775266, -0.0138446791098], [0.00236226757988, -0.00427354732528, 0.00527046015486, -0.00203777546994, -0.00048683109344, -0.000320896273479, 0.00172817974817, -0.00348141044378, 0.00163459300529, 0.0019521091599, 0.000990528031252, -0.0138446791098, 0.0185443386436]]}, "silence_rate_20dB": {"dvar": 0, "var": 0, "median": 1, "max": 1, "dmean": 0, "dmean2": 0, "mean": 1, "dvar2": 0, "min": 1}, "barkbands_skewness": {"dvar": 0.130986496806, "var": 4.65173435211, "median": 3.02891659737, "max": 12.8284883499, "dmean": 0.320784658194, "dmean2": 0.526510477066, "mean": 3.36602711678, "dvar2": 0.360127061605, "min": -1.23953104019}, "erbbands_skewness": {"dvar": 0.0574167855084, "var": 2.73626041412, "median": 1.07195591927, "max": 9.81935405731, "dmean": 0.213069707155, "dmean2": 0.344271242619, "mean": 1.4735802412, "dvar2": 0.156266406178, "min": -1.75718426704}, "spectral_contrast_valleys": {"dvar": [0.119024582207, 0.0661172345281, 0.0553187318146, 0.038472879678, 0.0256337188184, 0.030367385596], "var": [2.2499973774, 0.581785917282, 0.417912125587, 0.442497521639, 0.52007573843, 0.384200811386], "median": [-9.10593700409, -7.67046546936, -8.61949253082, -8.80333423615, -7.75923919678, -10.7037572861], "max": [-5.16476631165, -5.03081893921, -6.33604001999, -6.59326314926, -5.57567930222, -8.77811813354], "dmean": [0.337200880051, 0.274693071842, 0.257217347622, 0.199123725295, 0.133736610413, 0.124626465142], "dmean2": [0.579644322395, 0.466540724039, 0.440468281507, 0.336197972298, 0.222687929869, 0.190935596824], "mean": [-8.51042556763, -7.67420148849, -8.58850479126, -8.7903842926, -7.7472281456, -10.7619714737], "dvar2": [0.304817050695, 0.155411094427, 0.126143276691, 0.0746035352349, 0.0359413996339, 0.0373438484967], "min": [-20.3631401062, -20.3189945221, -20.5618610382, -20.4112758636, -19.6881313324, -21.272359848]}, "spectral_strongpeak": {"dvar": 0.154863730073, "var": 2.15226459503, "median": 1.12108588219, "max": 5.65810155869, "dmean": 0.183818995953, "dmean2": 0.337591260672, "mean": 1.75978076458, "dvar2": 0.429405599833, "min": 0}, "erbbands_crest": {"dvar": 1.97461938858, "var": 54.0489196777, "median": 15.2840099335, "max": 32.7311859131, "dmean": 1.28026163578, "dmean2": 2.09987545013, "mean": 16.8486175537, "dvar2": 6.10572195053, "min": 2.50284361839}, "barkbands_crest": {"dvar": 1.05369794369, "var": 21.8802318573, "median": 14.2519769669, "max": 25.5815601349, "dmean": 0.908496797085, "dmean2": 1.52495265007, "mean": 14.9024572372, "dvar2": 3.2691078186, "min": 2.79387402534}, "spectral_energyband_middle_low": {"dvar": 1.6436120859e-05, "var": 0.000205661752261, "median": 0.0149841913953, "max": 0.0884192958474, "dmean": 0.0026823496446, "dmean2": 0.00460386555642, "mean": 0.019444026053, "dvar2": 5.49956021132e-05, "min": 1.46300832963e-15}, "spectral_contrast_coeffs": {"dvar": [0.000775803753641, 0.000696979521308, 0.000451813801192, 0.000320337130688, 0.000148675229866, 0.000136102884426], "var": [0.0154850892723, 0.015137122944, 0.0134593974799, 0.00486552296206, 0.00121132691856, 0.000894491269719], "median": [-0.48941758275, -0.567254602909, -0.680773019791, -0.804032683372, -0.815755605698, -0.730691432953], "max": [-0.231540158391, -0.249011188745, -0.364914894104, -0.504012346268, -0.627255618572, -0.541789710522], "dmean": [0.0303908511996, 0.031162718311, 0.0266539044678, 0.0224036537111, 0.015571154654, 0.013668701984], "dmean2": [0.0513378828764, 0.0538914054632, 0.0445823706686, 0.0373151674867, 0.0263653043658, 0.0226856414229], "mean": [-0.492363065481, -0.571069657803, -0.675996541977, -0.785672724247, -0.80737632513, -0.726512074471], "dvar2": [0.00220544170588, 0.00210093427449, 0.00126634235494, 0.000862864486407, 0.000423796416726, 0.000332131574396], "min": [-0.960890591145, -0.95150488615, -0.951261520386, -0.94027107954, -0.955790221691, -0.933470547199]}, "hfc": {"dvar": 5.28761529922, "var": 96.9269790649, "median": 16.4590053558, "max": 73.6096115112, "dmean": 1.74087071419, "dmean2": 2.9536049366, "mean": 17.7976341248, "dvar2": 15.9404592514, "min": 2.02556874052e-10}, "spectral_energyband_high": {"dvar": 7.81391804594e-08, "var": 7.58869305173e-07, "median": 0.000226160103921, "max": 0.00868032313883, "dmean": 0.000112791640277, "dmean2": 0.000182153555215, "mean": 0.000505261821672, "dvar2": 1.94794623098e-07, "min": 1.47530930208e-14}, "erbbands_spread": {"dvar": 14.0050601959, "var": 481.214782715, "median": 29.9655246735, "max": 127.912879944, "dmean": 3.13208270073, "dmean2": 5.04865550995, "mean": 32.9184761047, "dvar2": 35.4793968201, "min": 1.46495258808}, "dissonance": {"dvar": 0.000468685000669, "var": 0.00323384604417, "median": 0.423295468092, "max": 0.499800235033, "dmean": 0.0208608228713, "dmean2": 0.0364330522716, "mean": 0.411350518465, "dvar2": 0.00142440781929, "min": 0.231107950211}, "spectral_kurtosis": {"dvar": 4.44453859329, "var": 22.4591617584, "median": 3.95378947258, "max": 63.155418396, "dmean": 1.53468358517, "dmean2": 2.65224933624, "mean": 5.23831987381, "dvar2": 13.1641950607, "min": -0.047329287976}, "spectral_skewness": {"dvar": 0.0303674023598, "var": 0.497698515654, "median": 1.48853588104, "max": 6.44902563095, "dmean": 0.175227984786, "dmean2": 0.298041343689, "mean": 1.60256946087, "dvar2": 0.0865703225136, "min": 0.0916293933988}, "pitch_salience": {"dvar": 0.000845367147122, "var": 0.0160771291703, "median": 0.368237704039, "max": 0.900058984756, "dmean": 0.0280249714851, "dmean2": 0.0478623770177, "mean": 0.372031182051, "dvar2": 0.00236431788653, "min": 0.0611393302679}, "spectral_complexity": {"dvar": 2.4933962822, "var": 50.4113769531, "median": 7, "max": 56, "dmean": 1.24994289875, "dmean2": 2.10876274109, "mean": 9.40731048584, "dvar2": 6.20814847946, "min": 0}, "spectral_spread": {"dvar": 35028856832, "var": 423001587712, "median": 4441048.5, "max": 10283719, "dmean": 209000.046875, "dmean2": 343778.4375, "mean": 4319017.5, "dvar2": 85409669120, "min": 1219778.875}, "dynamic_complexity": 2.05344700813, "melbands_crest": {"dvar": 2.12403607368, "var": 33.416267395, "median": 21.4871501923, "max": 35.1162033081, "dmean": 1.17425858974, "dmean2": 1.95747423172, "mean": 21.3503837585, "dvar2": 6.02993917465, "min": 2.96746897697}, "zerocrossingrate": {"dvar": 3.07329792122e-05, "var": 0.000617352954578, "median": 0.0283203125, "max": 0.509765625, "dmean": 0.00299087609164, "dmean2": 0.0040396861732, "mean": 0.0331028476357, "dvar2": 4.31252919952e-05, "min": 0.00390625}, "spectral_energyband_low": {"dvar": 6.83902253513e-05, "var": 0.0030011208728, "median": 0.0031071647536, "max": 0.284320831299, "dmean": 0.00339207914658, "dmean2": 0.00611880933866, "mean": 0.0355296172202, "dvar2": 0.000169944672962, "min": 6.03249665254e-16}, "melbands_kurtosis": {"dvar": 131.504653931, "var": 3679.00610352, "median": 23.4134235382, "max": 489.635040283, "dmean": 6.70140075684, "dmean2": 10.8460388184, "mean": 44.5762672424, "dvar2": 340.854492188, "min": -1.55341780186}, "spectral_energyband_middle_high": {"dvar": 2.10688895663e-07, "var": 1.38132936627e-05, "median": 0.00141437281854, "max": 0.0266298167408, "dmean": 0.000285982299829, "dmean2": 0.000382869009627, "mean": 0.00293848430738, "dvar2": 4.16700913775e-07, "min": 6.03156830443e-15}, "barkbands_spread": {"dvar": 3.59899187088, "var": 90.374382019, "median": 6.96649599075, "max": 69.5930175781, "dmean": 1.20281100273, "dmean2": 1.92841267586, "mean": 9.55259895325, "dvar2": 8.88396453857, "min": 0.503562808037}, "mfcc": {"mean": [-689.521972656, 118.314758301, 10.9956893921, 33.8484344482, -23.2928771973, -13.742770195, -2.99818968773, -6.77855825424, 5.58233737946, -3.61025929451, -5.87908554077, 4.32943820953, -13.5708026886], "cov": [[1939.75231934, -436.941223145, -371.981658936, -55.6071166992, 99.3328170776, 35.8960723877, 31.9462356567, 39.762424469, -67.9725036621, 1.81652104855, -25.0581130981, -23.5785770416, 69.4009628296], [-436.941223145, 1281.97412109, 802.323303223, 319.424255371, 338.502410889, 320.311737061, 273.959411621, 327.706268311, 267.259674072, 238.483001709, 128.335220337, 53.6153755188, 33.5115737915], [-371.981658936, 802.323303223, 905.821350098, 408.023803711, 333.764190674, 272.126556396, 279.625671387, 366.095031738, 252.933944702, 117.101402283, 64.211517334, 28.7945137024, 19.0710506439], [-55.6071166992, 319.424255371, 408.023803711, 692.536682129, 414.698669434, 329.790161133, 335.664855957, 187.899459839, 157.198135376, 84.9110412598, 68.6348114014, 139.338424683, 81.048538208], [99.3328170776, 338.502410889, 333.764190674, 414.698669434, 562.685424805, 460.722900391, 342.315338135, 251.155639648, 157.433410645, 133.642929077, 76.5600509644, 71.363822937, 80.3943328857], [35.8960723877, 320.311737061, 272.126556396, 329.790161133, 460.722900391, 481.292144775, 389.019805908, 285.838562012, 192.134628296, 160.684539795, 98.1455841064, 82.4652023315, 82.1778106689], [31.9462356567, 273.959411621, 279.625671387, 335.664855957, 342.315338135, 389.019805908, 470.335388184, 391.618530273, 285.221466064, 172.340621948, 86.3749542236, 92.6020965576, 88.5903625488], [39.762424469, 327.706268311, 366.095031738, 187.899459839, 251.155639648, 285.838562012, 391.618530273, 529.737854004, 380.949066162, 197.965698242, 59.3503379822, 37.9774131775, 93.1242446899], [-67.9725036621, 267.259674072, 252.933944702, 157.198135376, 157.433410645, 192.134628296, 285.221466064, 380.949066162, 363.105285645, 228.31993103, 99.9366455078, 66.0869750977, 74.3279571533], [1.81652104855, 238.483001709, 117.101402283, 84.9110412598, 133.642929077, 160.684539795, 172.340621948,