{"tonal": {"chords_number_rate": 0.00105168274604, "thpcp": [1, 0.917146086693, 0.298090517521, 0.0897987857461, 0.0643742829561, 0.0963124781847, 0.194982036948, 0.202207565308, 0.236794799566, 0.49709174037, 0.432351350784, 0.136026963592, 0.0687801465392, 0.063746355474, 0.0962910205126, 0.187031164765, 0.168536931276, 0.068574346602, 0.0576348006725, 0.133922457695, 0.37880730629, 0.663670063019, 0.508715748787, 0.262482404709, 0.28252863884, 0.184310376644, 0.0581930987537, 0.0540663637221, 0.0609607063234, 0.106819577515, 0.309606641531, 0.311034053564, 0.108877301216, 0.0647379159927, 0.100271783769, 0.386819034815], "hpcp": {"dvar": [0.050314180553, 0.0458918176591, 0.0358405075967, 0.0209452938288, 0.0168421640992, 0.0139614241198, 0.0186515823007, 0.0205426681787, 0.0220343731344, 0.0317970477045, 0.02784784697, 0.0192240979522, 0.0133923524991, 0.0110319815576, 0.0123177729547, 0.0156282465905, 0.015036999248, 0.0104493033141, 0.0138092618436, 0.0333839729428, 0.0438382141292, 0.0422584339976, 0.0378582514822, 0.0307382903993, 0.0338077023625, 0.0231549199671, 0.00849109794945, 0.00880509987473, 0.0106619587168, 0.0101851262152, 0.023495266214, 0.0269880164415, 0.0168934389949, 0.0193936489522, 0.0251645632088, 0.0414503328502], "mean": [0.408721089363, 0.374856948853, 0.121835879982, 0.0367026589811, 0.0263111256063, 0.0393649414182, 0.0796932727098, 0.082646496594, 0.0967830270529, 0.203171879053, 0.176711112261, 0.055597089231, 0.0281118955463, 0.0260544791818, 0.0393561720848, 0.0764435827732, 0.0688845962286, 0.028027780354, 0.0235565584153, 0.054736930877, 0.154826536775, 0.271255940199, 0.207922846079, 0.107282094657, 0.115475408733, 0.0753315389156, 0.0237847473472, 0.02209806256, 0.0249159261584, 0.043659415096, 0.126542761922, 0.127126172185, 0.0445004478097, 0.0264597516507, 0.0409831926227, 0.158101096749], "min": [0, 0, 0, 0, 0, 0, 0, 0, 0, 0, 0, 0, 0, 0, 0, 0, 0, 0, 0, 0, 0, 0, 0, 0, 0, 0, 0, 0, 0, 0, 0, 0, 0, 0, 0, 0], "median": [0.185213297606, 0.170237898827, 0.0345780327916, 0.00117720349226, 0.000490781036206, 0.00277652079239, 0.0156585015357, 0.0198289491236, 0.0195384118706, 0.0228823758662, 0.0235040336847, 0.0118979532272, 0.00509404763579, 0.00393154565245, 0.00297426735051, 0.00441215280443, 0.00409358832985, 0.00203750026412, 0.000454122724477, 0.00142926396802, 0.0282697882503, 0.0983913689852, 0.0853098481894, 0.0251272879541, 0.00172647007275, 0.00101901323069, 0.000871059077326, 0.000725204881746, 0.000725536025129, 0.0061375759542, 0.0261869952083, 0.0281508229673, 0.0100895659998, 0.00153073982801, 0.00224687252194, 0.0499991811812], "dvar2": [0.122339464724, 0.112849235535, 0.10523095727, 0.0599638707936, 0.0491079203784, 0.0396025180817, 0.0476315692067, 0.0535310134292, 0.0600473359227, 0.0781181678176, 0.0674592778087, 0.053583689034, 0.03850421682, 0.0307443141937, 0.0308093819767, 0.0368707440794, 0.0389169342816, 0.0299360211939, 0.0396188274026, 0.0859019160271, 0.100695855916, 0.0935859307647, 0.0992181301117, 0.0834138393402, 0.086882404983, 0.0607628524303, 0.0236800704151, 0.0240627098829, 0.0278624985367, 0.0271340459585, 0.0552733838558, 0.0645321086049, 0.0482291802764, 0.0556584298611, 0.0713379308581, 0.125132769346], "var": [0.180008858442, 0.156722277403, 0.0388911366463, 0.0143707329407, 0.0105900596827, 0.0133471256122, 0.0314860008657, 0.0299490392208, 0.0322955474257, 0.113304063678, 0.0866591632366, 0.0170286297798, 0.00867867749184, 0.00799306668341, 0.0160549879074, 0.0442069917917, 0.0365497395396, 0.00829597935081, 0.00886104628444, 0.0288454983383, 0.0611080899835, 0.116848453879, 0.0711715742946, 0.0396707430482, 0.0771166756749, 0.0387219451368, 0.00683794682845, 0.008111118339, 0.0116022415459, 0.0109321586788, 0.0544255338609, 0.0535538382828, 0.0122580332682, 0.01148479525, 0.0167543422431, 0.0468469522893], "dmean2": [0.244807511568, 0.267122805119, 0.211103856564, 0.103658974171, 0.0772954002023, 0.0770148858428, 0.0934904739261, 0.103502839804, 0.118840202689, 0.141038537025, 0.142239168286, 0.098734639585, 0.060852792114, 0.0552131608129, 0.0622847154737, 0.0703984126449, 0.0706904232502, 0.0558895692229, 0.0652328804135, 0.124582238495, 0.207090318203, 0.210829854012, 0.223829478025, 0.174103930593, 0.133713364601, 0.11086884141, 0.0517225787044, 0.0436240620911, 0.0477311834693, 0.0659633949399, 0.115338355303, 0.124359235168, 0.080168671906, 0.0747325792909, 0.116187177598, 0.256425619125], "max": [1, 1, 1, 1, 1, 1, 1, 1, 1, 1, 1, 1, 1, 1, 1, 1, 1, 1, 1, 1, 1, 1, 1, 1, 1, 1, 1, 1, 1, 1, 1, 1, 1, 1, 1, 1], "dmean": [0.141689985991, 0.155753612518, 0.116042867303, 0.0552614368498, 0.0410767570138, 0.0429624356329, 0.055011279881, 0.060519438237, 0.0682448223233, 0.0832944735885, 0.0850892961025, 0.0556446276605, 0.0332576669753, 0.0303174797446, 0.0356355942786, 0.0419586338103, 0.0412582531571, 0.0306461434811, 0.0350938253105, 0.0715152993798, 0.121614448726, 0.127063781023, 0.131480231881, 0.0984904095531, 0.0739120692015, 0.0632632225752, 0.0287161543965, 0.0240271743387, 0.026400109753, 0.037625964731, 0.0691791027784, 0.0746064707637, 0.0442042462528, 0.0395759381354, 0.0619197450578, 0.141259208322]}, "key_strength": 0.727722346783, "chords_strength": {"dvar": 0.000353814160917, "mean": 0.561160683632, "min": -1, "median": 0.587956905365, "dvar2": 0.000644894782454, "var": 0.0322326645255, "dmean2": 0.0069688372314, "max": 0.798804700375, "dmean": 0.00781804416329}, "tuning_equal_tempered_deviation": 0.191795095801, "chords_key": "A", "tuning_frequency": 434.193115234, "chords_scale": "minor", "chords_changes_rate": 0.0374098569155, "key_scale": "minor", "tuning_diatonic_strength": 0.509358584881, "hpcp_entropy": {"dvar": 0.214086323977, "mean": 1.78200030327, "min": 0, "median": 1.85221946239, "dvar2": 0.528200209141, "var": 0.527687430382, "dmean2": 0.800438702106, "max": 4.37482976913, "dmean": 0.480152398348}, "chords_histogram": [46.3942298889, 31.25, 0.661057710648, 2.61418271065, 0.180288463831, 0.0600961521268, 0, 11.2229566574, 0, 0, 0, 0.0450721159577, 0, 0, 0, 0, 0.751201927662, 0, 0.285456717014, 0, 1.42728364468, 0.180288463831, 2.04326915741, 2.8846154213], "tuning_nontempered_energy_ratio": 0.897657096386, "key_key": "A"}, "metadata": {"version": {"extractor": "music 1.0", "essentia_build_sha": "c0e182ba78c2de26e491b7b7a4a2c98c1ed34208", "essentia": "2.1-beta2", "essentia_git_sha": "v2.1_beta2-2-gbb40004"}, "audio_properties": {"sample_rate": 44100, "length": 309.0546875, "lossless": false, "analysis_sample_rate": 44100, "downmix": "mix", "bit_rate": 227929, "equal_loudness": 0, "md5_encoded": "32d4674b0241274d903eb0659c8c0ef2", "codec": "mp3", "replay_gain": -13.8713150024}, "tags": {"title": ["Red Berries"], "genre": ["Folk"], "date": ["2008"], "releasecountry": ["US"], "musicbrainz album type": ["EP"], "filetype": ["MPG/3"], "musicbrainz_recordingid": ["5fb87c45-73b1-4e22-9f95-37b62adf90b2"], "artistsort": ["Angus & Julia Stone"], "label": ["Nettwerk"], "albumartist": ["Angus & Julia Stone"], "asin": ["B001IA3XT6"], "musicbrainz_artistid": ["69837400-8e31-4949-aac2-00b46b4df126"], "musicbrainz_albumid": ["af591aef-cd7c-4d69-9017-9589dd660dd9"], "file_name": "04. Angus & Julia Stone - Red Berries.mp3", "composer": ["Angus & Julia Stone"], "tracknumber": ["4"], "album": ["Hollywood"], "artist": ["Angus & Julia Stone"]}}, "lowlevel": {"melbands": {"dvar": [1.48752314999e-05, 1.14676749945e-05, 1.38640371006e-06, 4.87849035835e-07, 1.11172812467e-06, 3.8642113509e-07, 3.24017257469e-08, 3.0738229384e-07, 1.15811594981e-07, 2.28218119958e-08, 2.65077257922e-08, 6.8326024838e-09, 7.67406138635e-09, 5.34398969521e-09, 2.19751838948e-09, 4.84744999696e-09, 2.33524555249e-09, 4.87185980447e-09, 5.77872083518e-10, 9.1767299315e-10, 1.66411801006e-10, 9.19453818637e-11, 1.12183713707e-10, 8.81516665219e-11, 1.03542459329e-10, 3.88574658561e-11, 9.42206035415e-11, 3.48048617704e-10, 7.2709470389e-11, 6.54220427831e-11, 3.2678065115e-11, 1.27385003587e-11, 8.55920369303e-12, 8.63229539932e-12, 2.92700824515e-12, 2.05500980816e-12, 5.61899864745e-13, 2.76713358173e-13, 1.18432214448e-13, 6.17458626004e-14], "mean": [0.00246698805131, 0.00329442857765, 0.0012202343205, 0.000878204416949, 0.000781720562372, 0.000334044394549, 0.000162193435244, 0.000390207074815, 0.000179008755367, 9.669996507e-05, 0.00014950473269, 6.40429061605e-05, 7.29126331862e-05, 2.70093332801e-05, 2.42421374423e-05, 1.97165045392e-05, 3.16983278026e-05, 2.79739815596e-05, 1.12028546937e-05, 1.04209884739e-05, 7.7159193097e-06, 5.46421370018e-06, 4.00848966819e-06, 2.65132302957e-06, 1.87964735687e-06, 1.75342086095e-06, 2.05918263418e-06, 2.6110978979e-06, 1.95216466636e-06, 2.2964229629e-06, 1.67801727002e-06, 9.32887076033e-07, 1.00031547845e-06, 8.55270002376e-07, 4.92914750794e-07, 3.95211316118e-07, 2.3561483431e-07, 2.38586608248e-07, 2.03709319635e-07, 1.20885175647e-07], "min": [1.22907645034e-24, 1.40775807993e-24, 6.94502935069e-25, 1.19143082465e-24, 7.22914155001e-25, 1.27241311581e-24, 1.2644511427e-24, 1.77835024067e-24, 1.15548568725e-24, 2.26341982521e-24, 1.37334826307e-24, 1.63370007053e-24, 1.90062190604e-24, 2.75945753457e-24, 2.05866703296e-24, 2.90966177852e-24, 1.83223397645e-24, 2.6589923512e-24, 2.72193082966e-24, 3.45724997031e-24, 2.96622271099e-24, 3.676292189e-24, 3.64617150749e-24, 3.56322554432e-24, 3.84484297102e-24, 4.67407935509e-24, 5.17152833661e-24, 4.67516561656e-24, 4.74540776371e-24, 4.02259897095e-24, 4.10262930421e-24, 4.09514735296e-24, 4.57261803762e-24, 5.27670637224e-24, 4.20587502506e-24, 5.59288142862e-24, 5.22841506864e-24, 4.83018506748e-24, 5.25637111583e-24, 6.21526428385e-24], "median": [0.00069732114207, 0.00111129786819, 0.000597096455749, 0.000481015915284, 0.000197912522708, 8.29602504382e-05, 6.08015434409e-05, 7.45881916373e-05, 3.01195668726e-05, 2.37020794884e-05, 3.48613430106e-05, 1.15628336061e-05, 8.72256077855e-06, 3.82699545298e-06, 3.50834716301e-06, 2.49192112278e-06, 2.34680260291e-06, 1.52111454099e-06, 8.7650948899e-07, 7.32853607133e-07, 5.04364834342e-07, 6.28232044164e-07, 4.71199882668e-07, 2.44758268764e-07, 2.45915515507e-07, 1.94863673642e-07, 2.10859639083e-07, 2.28461402685e-07, 1.49645913439e-07, 1.09820618377e-07, 1.07458554055e-07, 7.14139076763e-08, 6.29934788776e-08, 6.29615968251e-08, 3.22791251506e-08, 2.42093509684e-08, 1.58380100146e-08, 1.90522744248e-08, 2.06511003853e-08, 1.53568162631e-08], "dvar2": [3.48910798493e-05, 2.77658291452e-05, 3.30079387822e-06, 1.1607506849e-06, 2.22149878937e-06, 6.81668780089e-07, 6.73821816122e-08, 5.97449115958e-07, 1.98333168555e-07, 4.03305797647e-08, 5.39808517885e-08, 1.11864109087e-08, 1.31827491145e-08, 1.05980522136e-08, 4.25437463036e-09, 9.0154905763e-09, 3.17197690336e-09, 7.78229569676e-09, 9.3807828172e-10, 9.96750015858e-10, 2.41678566049e-10, 1.60107385683e-10, 1.91734211841e-10, 2.10902476039e-10, 2.62865756939e-10, 1.03610127422e-10, 2.12877576677e-10, 9.16720144239e-10, 1.91961294083e-10, 1.48499795793e-10, 6.26314763941e-11, 2.57374919987e-11, 1.66734525492e-11, 1.8538059976e-11, 5.11080327364e-12, 3.98119211209e-12, 1.1104518997e-12, 5.64755165376e-13, 2.46944663069e-13, 1.31883409358e-13], "var": [2.29547022172e-05, 2.83320205199e-05, 2.82559471998e-06, 1.23526547213e-06, 2.65491803475e-06, 8.28495785754e-07, 1.02060639051e-07, 1.11250392365e-06, 3.67449899841e-07, 7.85874405551e-08, 1.04697072345e-07, 3.3872957772e-08, 3.99504891391e-08, 1.11405773495e-08, 6.11357986458e-09, 1.43260088237e-08, 1.33904665134e-08, 1.80477499612e-08, 1.81232617802e-09, 7.94163224072e-09, 1.09117714864e-09, 5.2604937073e-10, 6.18877449288e-10, 1.30252683639e-10, 1.02001358748e-10, 7.46533321272e-11, 1.48017501034e-10, 3.72374742152e-10, 8.79065223391e-11, 1.47629450331e-10, 8.59378471163e-11, 2.83541835844e-11, 2.45910323354e-11, 1.72337318027e-11, 7.88954838959e-12, 4.69036268158e-12, 1.23243494403e-12, 8.08375718794e-13, 4.57557765548e-13, 1.25547074364e-13], "dmean2": [0.00224904948846, 0.00232409499586, 0.00096211314667, 0.000594632001594, 0.00052937673172, 0.000244850147283, 0.000101089310192, 0.000242340916884, 0.000103364094684, 5.76051497774e-05, 7.93462750153e-05, 3.05772555294e-05, 3.57209173671e-05, 1.87302412087e-05, 1.66974550666e-05, 1.39890598803e-05, 1.55167690536e-05, 1.71008905454e-05, 7.55860037316e-06, 5.34623586645e-06, 4.18000581703e-06, 3.1110744203e-06, 2.75444062936e-06, 2.21543587031e-06, 1.80081747203e-06, 1.41067516779e-06, 1.93193773157e-06, 2.42176110987e-06, 1.78837422027e-06, 1.82603025678e-06, 1.25348810798e-06, 7.42571899082e-07, 6.96166125636e-07, 5.7295909528e-07, 3.85462044505e-07, 3.28533104721e-07, 2.00325956712e-07, 1.70583859926e-07, 1.3799912324e-07, 1.03734571155e-07], "max": [0.0606041736901, 0.0573043525219, 0.0177059005946, 0.012937261723, 0.0203066561371, 0.0121974814683, 0.00614536367357, 0.0172480661422, 0.0226624254137, 0.00733752315864, 0.00407362682745, 0.00435620266944, 0.00265661883168, 0.00299163977616, 0.00133105379064, 0.00385469058529, 0.00217503379099, 0.0027763817925, 0.00100727891549, 0.00251586106606, 0.000464164681034, 0.000556087528821, 0.000952362024691, 0.000627067987807, 0.000571608077735, 0.00042371681775, 0.000408035411965, 0.0014347427059, 0.000375035480829, 0.00032335560536, 0.000376818759833, 0.000245638890192, 0.000132798071718, 0.00014818146883, 0.000103418475192, 5.87425893173e-05, 2.40585377469e-05, 2.01039092644e-05, 1.04581677078e-05, 7.81728431321e-06], "dmean": [0.00142067496199, 0.00147288572043, 0.000627869740129, 0.000381778198062, 0.000381897436455, 0.00018720375374, 6.63386454107e-05, 0.000163291377248, 7.41392068448e-05, 4.03038320655e-05, 5.43921196368e-05, 2.17008000618e-05, 2.54574370047e-05, 1.33598450702e-05, 1.18665238915e-05, 1.01226696643e-05, 1.24889920698e-05, 1.30201588036e-05, 5.70057090954e-06, 4.16067905462e-06, 3.18683169098e-06, 2.31824719776e-06, 1.95811230697e-06, 1.52773384343e-06, 1.20526738101e-06, 9.62791091297e-07, 1.25761198433e-06, 1.6077925693e-06, 1.20638276258e-06, 1.28036538172e-06, 9.05608544599e-07, 5.41064025583e-07, 5.01532099406e-07, 4.2329787675e-07, 2.83725654526e-07, 2.36261954001e-07, 1.42585236063e-07, 1.23015254871e-07, 9.65340873904e-08, 7.14196772833e-08]}, "spectral_decrease": {"dvar": 2.03679660079e-17, "mean": -7.71901031982e-09, "min": -5.5119070197e-08, "median": -4.34780966785e-09, "dvar2": 4.20738867305e-17, "var": 6.46466728826e-17, "dmean2": 3.61795282622e-09, "max": 8.89181625174e-19, "dmean": 2.51543230689e-09}, "spectral_rolloff": {"dvar": 272755.03125, "mean": 855.623474121, "min": 64.599609375, "median": 366.064453125, "dvar2": 610759.1875, "var": 5010048, "dmean2": 269.992706299, "max": 19616.7480469, "dmean": 158.150283813}, "melbands_crest": {"dvar": 6.28203439713, "mean": 15.8352499008, "min": 1.14860808849, "median": 15.308842659, "dvar2": 15.4513483047, "var": 27.87159729, "dmean2": 4.00218582153, "max": 33.3665428162, "dmean": 2.53503918648}, "barkbands_skewness": {"dvar": 0.492465019226, "mean": 2.1802611351, "min": -4.88871240616, "median": 1.97463059425, "dvar2": 1.11179602146, "var": 2.33718395233, "dmean2": 0.82226973772, "max": 12.8751459122, "dmean": 0.546674013138}, "spectral_centroid": {"dvar": 62401.3164062, "mean": 784.16003418, "min": 112.948921204, "median": 490.727264404, "dvar2": 118976.34375, "var": 1657516.375, "dmean2": 165.56149292, "max": 11671.140625, "dmean": 115.830238342}, "spectral_energyband_middle_low": {"dvar": 6.97258074069e-05, "mean": 0.0124689396471, "min": 1.46034006505e-22, "median": 0.00615802919492, "dvar2": 0.000125888778712, "var": 0.000248482101597, "dmean2": 0.00587050477043, "max": 0.129453033209, "dmean": 0.00428130384535}, "erbbands_crest": {"dvar": 4.25024175644, "mean": 10.5946073532, "min": 1.95980536938, "median": 9.55588340759, "dvar2": 9.38578414917, "var": 21.5726585388, "dmean2": 3.02414631844, "max": 31.3979206085, "dmean": 1.96523833275}, "dynamic_complexity": 4.6192574501, "spectral_energyband_low": {"dvar": 0.000244632887188, "mean": 0.0162283144891, "min": 1.76126670835e-23, "median": 0.00646585365757, "dvar2": 0.000551285687834, "var": 0.000586754875258, "dmean2": 0.0109223769978, "max": 0.200285151601, "dmean": 0.00705491099507}, "silence_rate_60dB": {"dvar": 0.0149448756129, "mean": 0.0619788132608, "min": 0, "median": 0, "dvar2": 0.0372428447008, "var": 0.0581406876445, "dmean2": 0.0303553994745, "max": 1, "dmean": 0.0151765588671}, "erbbands_kurtosis": {"dvar": 2.55941581726, "mean": 1.7821700573, "min": -1.80646848679, "median": 1.04922103882, "dvar2": 5.97334384918, "var": 8.43424510956, "dmean2": 1.62335598469, "max": 44.428527832, "dmean": 1.06509375572}, "spectral_complexity": {"dvar": 6.807076931, "mean": 10.3383665085, "min": 0, "median": 9, "dvar2": 9.38302230835, "var": 38.3013916016, "dmean2": 2.46464800835, "max": 50, "dmean": 1.71329832077}, "barkbands_crest": {"dvar": 4.73782587051, "mean": 12.0284738541, "min": 3.51156830788, "median": 11.3047876358, "dvar2": 11.6616125107, "var": 17.5226840973, "dmean2": 3.39654707909, "max": 25.6165904999, "dmean": 2.13890719414}, "spectral_energy": {"dvar": 0.000298363214824, "mean": 0.0300708115101, "min": 9.64201223097e-21, "median": 0.0170293431729, "dvar2": 0.00061314064078, "var": 0.000964425446, "dmean2": 0.0139025682583, "max": 0.21016061306, "dmean": 0.00970164593309}, "spectral_spread": {"dvar": 1061162647550.0, "mean": 3891219, "min": 390524.15625, "median": 3240905.5, "dvar2": 2327642112000.0, "var": 20366252572700.0, "dmean2": 794954.3125, "max": 54628600, "dmean": 549998.375}, "spectral_contrast_valleys": {"dvar": [0.115532614291, 0.111498840153, 0.1297814399, 0.163372695446, 0.190741404891, 0.290120542049], "mean": [-7.29182577133, -7.54466676712, -8.61668777466, -9.37088012695, -9.62547874451, -12.1541204453], "min": [-28.2704277039, -27.8804321289, -27.812620163, -27.7392158508, -27.6073799133, -27.4048442841], "median": [-6.8829908371, -7.21793031693, -8.33488559723, -9.09523391724, -9.36146259308, -11.7767887115], "dvar2": [0.248480156064, 0.220647782087, 0.252970218658, 0.271359980106, 0.303022295237, 0.4711188972], "var": [6.35331583023, 6.15389060974, 5.79800224304, 5.78029966354, 5.87039232254, 5.09595870972], "dmean2": [0.554641544819, 0.494955420494, 0.483051538467, 0.472545146942, 0.431494057178, 0.490633785725], "max": [-4.98900604248, -4.81816005707, -5.58685588837, -6.07855176926, -6.1070561409, -7.96276473999], "dmean": [0.343279540539, 0.307588458061, 0.31414437294, 0.338011682034, 0.337644040585, 0.396555244923]}, "spectral_rms": {"dvar": 1.22061192087e-06, "mean": 0.00474888132885, "min": 3.0670574587e-12, "median": 0.00407602638006, "dvar2": 2.2625067686e-06, "var": 6.78537116983e-06, "dmean2": 0.00105558428913, "max": 0.0143190342933, "dmean": 0.00075353786815}, "barkbands_spread": {"dvar": 21.3011016846, "mean": 10.398888588, "min": 0.262277066708, "median": 7.30094099045, "dvar2": 42.0489006042, "var": 108.324386597, "dmean2": 3.61858057976, "max": 100.358100891, "dmean": 2.47426486015}, "pitch_salience": {"dvar": 0.00376072782092, "mean": 0.503397762775, "min": 0.0740168467164, "median": 0.515298783779, "dvar2": 0.00946878734976, "var": 0.0167434550822, "dmean2": 0.0975896716118, "max": 0.993443012238, "dmean": 0.0614456869662}, "erbbands_skewness": {"dvar": 0.110763050616, "mean": 0.680647015572, "min": -5.19212627411, "median": 0.691360473633, "dvar2": 0.233538746834, "var": 0.809715986252, "dmean2": 0.435886502266, "max": 5.91672229767, "dmean": 0.297119051218}, "spectral_energyband_middle_high": {"dvar": 2.53671305472e-06, "mean": 0.00236936239526, "min": 1.13816780723e-21, "median": 0.000680957280565, "dvar2": 3.88508397009e-06, "var": 1.75810437213e-05, "dmean2": 0.000842408160679, "max": 0.0381243415177, "dmean": 0.000685851904564}, "erbbands": {"dvar": [0.260970503092, 8.30393123627, 50.9586486816, 39.7924079895, 94.4592514038, 221.654434204, 1346.69567871, 593.932922363, 110.061271667, 2528.98486328, 2229.46264648, 600.749389648, 1069.90161133, 366.900177002, 389.965637207, 909.323730469, 685.70880127, 497.310455322, 1881.01428223, 148.185150146, 125.623931885, 103.323852539, 42.5442428589, 134.608810425, 95.0847091675, 487.130615234, 128.513793945, 93.1912841797, 29.7526226044, 26.1298923492, 8.15334701538, 2.14794993401, 0.430133551359, 0.0909749493003, 0.0468084849417, 0.00757204415277, 0.000528268166818, 3.83709775633e-05, 7.81861444921e-07, 1.36207789492e-09], "mean": [0.238845616579, 2.38890147209, 6.14782714844, 6.35749053955, 8.82445812225, 16.2351512909, 21.0635604858, 13.7513217926, 10.5280323029, 33.8926506042, 25.7278499603, 15.4494571686, 30.241985321, 16.6066665649, 18.8585853577, 9.30220508575, 10.8064613342, 16.0465202332, 17.4537696838, 7.20270252228, 6.69614839554, 5.08777999878, 3.29648113251, 2.49051380157, 2.47105956078, 3.87114453316, 3.55245065689, 3.07146692276, 1.75613570213, 1.6746827364, 0.861440896988, 0.467235565186, 0.340863645077, 0.163989380002, 0.0826816111803, 0.0344031266868, 0.00889212172478, 0.00198735808954, 0.000268937175861, 4.20342839789e-05], "min": [6.62958389203e-23, 5.07034099052e-22, 1.7968459129e-21, 3.24735921969e-21, 5.15679055319e-21, 1.79992772613e-20, 2.30019363591e-20, 5.81378659031e-20, 8.31433354877e-20, 1.85840716593e-19, 1.84721153483e-19, 3.0055186212e-19, 4.03122051281e-19, 6.57138024609e-19, 7.69390104346e-19, 1.12847298227e-18, 1.4969674695e-18, 1.5370049757e-18, 1.91952120829e-18, 2.64089156522e-18, 3.84957904322e-18, 3.91453133287e-18, 4.96843222516e-18, 5.70159135339e-18, 6.64638257338e-18, 8.52988068638e-18, 8.79639083512e-18, 9.57678693941e-18, 9.56901640473e-18, 1.01057350267e-17, 9.73125299264e-18, 9.05089776599e-18, 7.43848121539e-18, 7.27685012369e-18, 6.10722955884e-18, 3.70187767305e-18, 2.45220794519e-18, 9.1164237054e-19, 2.28734102633e-19, 2.58493101318e-20], "median": [0.0699632167816, 0.551157593727, 2.42255425453, 2.97656321526, 4.70540809631, 6.87179470062, 4.75485658646, 3.90894174576, 4.07692146301, 7.0366768837, 4.02978181839, 4.25044441223, 7.18449640274, 3.40937328339, 2.98455619812, 1.24735057354, 1.95714783669, 1.53680694103, 1.07618737221, 0.746385216713, 0.55598795414, 0.659055113792, 0.462216883898, 0.371567696333, 0.314082592726, 0.363981217146, 0.246198147535, 0.206711739302, 0.146490171552, 0.122695237398, 0.0642930939794, 0.0344368517399, 0.03052967228, 0.0209254585207, 0.0111485719681, 0.00500513613224, 0.00133673509117, 0.000254500861047, 4.19352618337e-05, 2.29501692957e-05], "dvar2": [0.617269337177, 21.3726081848, 114.024925232, 96.6890945435, 238.637069702, 516.079284668, 2776.40356445, 1101.23303223, 234.00730896, 4966.28271484, 3795.015625, 1042.87915039, 2185.40209961, 611.875427246, 689.744628906, 1825.89294434, 1297.16296387, 696.707275391, 2965.97607422, 197.486068726, 167.495986938, 184.907302856, 87.9526138306, 337.047332764, 242.875823975, 1226.80578613, 312.584899902, 178.628753662, 54.3074645996, 55.6655845642, 14.2981395721, 4.0341053009, 0.865748286247, 0.189532846212, 0.101433128119, 0.0156790055335, 0.00113969901577, 8.8650478574e-05, 1.81699249424e-06, 3.04804981255e-09], "var": [0.300518959761, 17.6593532562, 130.117843628, 77.9058685303, 161.749359131, 660.827453613, 2710.63037109, 1267.04931641, 385.758361816, 8663.7109375, 7400.47167969, 1867.91650391, 4227.09814453, 1866.95556641, 1996.82788086, 1622.27258301, 2264.14477539, 2744.1184082, 6814.85400391, 983.497558594, 895.917358398, 582.044189453, 128.400497437, 148.591094971, 156.750091553, 632.659729004, 226.442581177, 260.945617676, 79.3372573853, 56.2793884277, 21.8337268829, 5.10232210159, 1.39343285561, 0.221412733197, 0.0758289843798, 0.0123920030892, 0.000804696523119, 4.80875460198e-05, 9.06141394807e-07, 2.55692267359e-09], "dmean2": [0.261219143867, 1.94248688221, 4.47974777222, 5.17681407928, 7.57340764999, 10.5407428741, 16.1744823456, 9.92084980011, 6.28861284256, 21.8175601959, 14.6301593781, 8.73306179047, 15.9806499481, 7.49139738083, 9.15969848633, 6.34931993484, 7.01638174057, 7.83137369156, 10.2055635452, 4.07387638092, 3.39309716225, 2.89457726479, 2.29441475868, 2.0888030529, 2.03605294228, 3.30073547363, 2.68710112572, 2.18171715736, 1.20541036129, 1.05028009415, 0.624831140041, 0.362718313932, 0.225296333432, 0.124084718525, 0.0830428525805, 0.038233872503, 0.0107755148783, 0.00275278650224, 0.000367869186448, 2.39372893702e-05], "max": [7.74250650406, 37.8632621765, 134.264266968, 83.0823669434, 172.508895874, 250.312438965, 746.686096191, 500.824615479, 309.227783203, 1761.97912598, 3185.56518555, 1319.66687012, 827.427734375, 994.119445801, 555.103088379, 1203.60217285, 1625.82897949, 949.033569336, 1816.47583008, 740.438781738, 691.414001465, 731.428833008, 281.047851562, 676.424499512, 564.639953613, 1567.4128418, 513.451049805, 634.787231445, 391.116455078, 261.809875488, 163.250656128, 53.6552658081, 24.3882274628, 10.4888010025, 8.08645248413, 2.39341044426, 0.570939421654, 0.152779057622, 0.030188145116, 0.00123369030189], "dmean": [0.164637356997, 1.1911252737, 2.88881635666, 3.33431005478, 4.76231765747, 6.87635803223, 11.5152168274, 7.41142129898, 4.13489675522, 14.4216012955, 10.4895486832, 6.22822999954, 10.943564415, 5.33723402023, 6.57009220123, 4.6450047493, 5.04582118988, 6.30734014511, 7.9355764389, 3.09987854958, 2.65055370331, 2.1569237709, 1.65273785591, 1.4370238781, 1.381757617, 2.2416768074, 1.88713347912, 1.62026166916, 0.90668040514, 0.788547337055, 0.469657838345, 0.266945213079, 0.164462789893, 0.087017826736, 0.0561169050634, 0.0257563088089, 0.0070423912257, 0.00175885600038, 0.000235564279137, 1.6562798919e-05]}, "dissonance": {"dvar": 0.000748880440369, "mean": 0.420703053474, "min": 0.179018244147, "median": 0.428573101759, "dvar2": 0.00193780066911, "var": 0.00231861625798, "dmean2": 0.0459272451699, "max": 0.500000059605, "dmean": 0.0277388412505}, "erbbands_flatness_db": {"dvar": 0.00053231487982, "mean": 0.193890288472, "min": 0.0231002233922, "median": 0.191643416882, "dvar2": 0.000905564753339, "var": 0.00331507227384, "dmean2": 0.0241775475442, "max": 0.391921401024, "dmean": 0.0179348941892}, "melbands_kurtosis": {"dvar": 244.145080566, "mean": 20.4560489655, "min": -1.83881926537, "median": 11.7237558365, "dvar2": 560.775634766, "var": 787.793884277, "dmean2": 12.3575019836, "max": 416.204101562, "dmean": 8.09058856964}, "melbands_spread": {"dvar": 35.6831665039, "mean": 11.7125968933, "min": 0.29888638854, "median": 6.94372463226, "dvar2": 71.6977081299, "var": 334.204956055, "dmean2": 3.92272257805, "max": 204.669555664, "dmean": 2.67003798485}, "melbands_skewness": {"dvar": 0.623561322689, "mean": 2.9758515358, "min": -0.643556296825, "median": 2.63812422752, "dvar2": 1.34420883656, "var": 3.37546348572, "dmean2": 0.939456284046, "max": 15.5970535278, "dmean": 0.630035281181}, "spectral_entropy": {"dvar": 0.0638444572687, "mean": 6.57386732101, "min": 4.59536361694, "median": 6.47478103638, "dvar2": 0.111410625279, "var": 0.583911001682, "dmean2": 0.269073337317, "max": 9.82429409027, "dmean": 0.197852015495}, "zerocrossingrate": {"dvar": 7.45700162952e-05, "mean": 0.0342846363783, "min": 0.00244140625, "median": 0.021484375, "dvar2": 9.82374622254e-05, "var": 0.00355710438453, "dmean2": 0.00646333349869, "max": 0.56396484375, "dmean": 0.00545073766261}, "average_loudness": 0.84674590826, "spectral_contrast_coeffs": {"dvar": [0.00148509559222, 0.00114522385411, 0.000921395141631, 0.000661998812575, 0.000488099700306, 0.000476873974549], "mean": [-0.637983262539, -0.697500228882, -0.714508831501, -0.763206720352, -0.784975767136, -0.76533895731], "min": [-0.979859352112, -0.995028674603, -0.993937551975, -0.978081643581, -0.974828124046, -0.965637147427], "median": [-0.641774654388, -0.699865698814, -0.715141713619, -0.776559114456, -0.801198303699, -0.774759948254], "dvar2": [0.00360160227865, 0.00274535617791, 0.00200764136389, 0.00133567571174, 0.000952241767664, 0.000951243506279], "var": [0.00865592062473, 0.00573968235403, 0.00673438515514, 0.00703569641337, 0.00524009158835, 0.00472967233509], "dmean2": [0.0697279646993, 0.059215914458, 0.0493088699877, 0.0421050749719, 0.0324230231345, 0.029045170173], "max": [-0.349594771862, -0.4397585392, -0.433438271284, -0.420152336359, -0.507579684258, -0.553510427475], "dmean": [0.0430995896459, 0.0364069864154, 0.0317791253328, 0.0275352243334, 0.0213415697217, 0.0197593737394]}, "barkbands_flatness_db": {"dvar": 0.000652241171338, "mean": 0.229382127523, "min": 0.0413762517273, "median": 0.220165535808, "dvar2": 0.00118278141599, "var": 0.00653282739222, "dmean2": 0.0314957946539, "max": 0.523893535137, "dmean": 0.0225053541362}, "silence_rate_30dB": {"dvar": 0.0318198092282, "mean": 0.969949662685, "min": 0, "median": 1, "dvar2": 0.0762152299285, "var": 0.0291500706226, "dmean2": 0.065820120275, "max": 1, "dmean": 0.0329075865448}, "spectral_energyband_high": {"dvar": 3.31135368015e-07, "mean": 0.000250470970059, "min": 6.623249705e-21, "median": 2.72812394542e-05, "dvar2": 6.8034864853e-07, "var": 8.31762349662e-07, "dmean2": 0.000152639782755, "max": 0.0258533153683, "dmean": 0.000119429918414}, "melbands_flatness_db": {"dvar": 0.000863442779519, "mean": 0.32760065794, "min": 0.000138216259074, "median": 0.320479810238, "dvar2": 0.00154822226614, "var": 0.0111966477707, "dmean2": 0.0354544408619, "max": 0.671338379383, "dmean": 0.0259462166578}, "barkbands": {"dvar": [1.44214470765e-06, 0.000170680097654, 3.81368190574e-05, 8.68733877724e-06, 1.06900124592e-05, 2.01042839763e-05, 2.14907413465e-06, 6.45342424832e-06, 1.19683022604e-06, 7.75462069669e-07, 4.36746034893e-07, 3.79085832947e-07, 3.24554349618e-07, 1.70423390955e-07, 4.80870312458e-07, 9.82175407671e-08, 5.00348811272e-08, 3.96024475435e-08, 1.85331394675e-08, 1.55285079018e-07, 5.92162230362e-08, 2.00073237977e-08, 1.21907639539e-08, 2.34814612199e-09, 7.71324337734e-10, 2.12723408333e-10, 2.22876977291e-11], "mean": [0.000283921952359, 0.00993774831295, 0.00496559450403, 0.0022857717704, 0.00418560439721, 0.00214816280641, 0.000964955077507, 0.00170916388743, 0.000659621087834, 0.000820575340185, 0.000520786154084, 0.000191403771169, 0.000229998055147, 0.000274552148767, 0.000270484131761, 0.000117449359095, 0.000119829455798, 5.11904218001e-05, 4.50898223789e-05, 7.51093393774e-05, 8.9202709205e-05, 4.82132127217e-05, 3.55342162948e-05, 2.11981914617e-05, 1.23388072097e-05, 5.89383398619e-06, 1.37222230023e-06], "min": [1.93153369178e-25, 4.11263758252e-24, 1.45065939279e-24, 4.08137946219e-25, 4.38506754069e-24, 6.81393358584e-24, 4.49113462256e-24, 3.66096422718e-24, 1.79507776006e-23, 8.03817865756e-24, 1.26460934875e-23, 1.91107312974e-23, 3.11329951588e-23, 2.05536257351e-23, 3.34922288463e-23, 5.12953395741e-23, 6.93456509106e-23, 8.52463857001e-23, 1.28543647572e-22, 1.64033628795e-22, 2.27251969863e-22, 3.02043405281e-22, 4.19821070494e-22, 5.62436014996e-22, 8.45857304692e-22, 1.28324369484e-21, 1.86724067939e-21], "median": [4.44841207354e-05, 0.00256395339966, 0.00198678392917, 0.000780917238444, 0.00198091077618, 0.000446164398454, 0.000322988285916, 0.000235242507188, 0.000130562562845, 0.000203329182114, 5.22580958204e-05, 1.94627227756e-05, 2.98238173855e-05, 2.29196029977e-05, 1.34144111144e-05, 8.70898747962e-06, 1.21166613098e-05, 4.6650029617e-06, 6.61574449623e-06, 6.95456901667e-06, 5.63921639696e-06, 3.33588809553e-06, 2.30641217058e-06, 1.7117073412e-06, 1.76604930857e-06, 8.89896284662e-07, 1.43181196677e-07], "dvar2": [3.32041872753e-06, 0.000410248409025, 8.17629625089e-05, 2.01191942324e-05, 2.46131912718e-05, 3.61121929018e-05, 4.40031089965e-06, 1.18832995213e-05, 2.04033517548e-06, 1.52899963268e-06, 7.61427543239e-07, 7.59837121223e-07, 6.10652307387e-07, 2.41542920776e-07, 7.47260116896e-07, 1.13326201756e-07, 8.02931694466e-08, 9.42788318525e-08, 4.85508664383e-08, 3.82128945375e-07, 1.24807456814e-07, 3.73578394885e-08, 2.0318447369e-08, 4.6302508494e-09, 1.63247948493e-09, 4.44137282507e-10, 5.18041963493e-11], "var": [1.33456626372e-06, 0.000320646504406, 0.000103614300315, 1.68955175468e-05, 3.30548973579e-05, 4.08810738008e-05, 5.2332238738e-06, 2.27728469326e-05, 4.64153026769e-06, 3.03990827888e-06, 2.19419030145e-06, 7.51360857976e-07, 1.04339051177e-06, 8.82222707332e-07, 1.69277507212e-06, 8.01644091553e-07, 3.20241980489e-07, 5.26851096083e-08, 3.40861383563e-08, 2.12018221646e-07, 1.5635087891e-07, 5.49315117837e-08, 3.43482255971e-08, 6.00369176595e-09, 1.41486755645e-09, 3.41868255926e-10, 2.58229670286e-11], "dmean2": [0.00048559953575, 0.00825156830251, 0.00379069382325, 0.00216308375821, 0.00270449230447, 0.00167377630714, 0.000696067174431, 0.00101309700403, 0.000400116521632, 0.000417620089138, 0.000258816638961, 0.000144517063745, 0.000158989656484, 0.000145104597323, 0.000167346908711, 6.48733184789e-05, 6.2984021497e-05, 4.26764199801e-05, 3.50927984982e-05, 6.7818313255e-05, 6.16458564764e-05, 3.3883658034e-05, 2.35397801589e-05, 1.46736056195e-05, 1.09590419015e-05, 6.81538358549e-06, 1.98508314497e-06], "max": [0.0201644804329, 0.188525646925, 0.135114386678, 0.0514504387975, 0.051023222506, 0.0865598618984, 0.061298571527, 0.119024947286, 0.046963095665, 0.0271522831172, 0.0201988760382, 0.0244424529374, 0.0311834253371, 0.0167586132884, 0.0292414929718, 0.0253753755242, 0.0159440413117, 0.0136634847149, 0.00847829133272, 0.0246248599142, 0.0105845239013, 0.00891153793782, 0.00669406726956, 0.0015478131827, 0.00096703361487, 0.000333254196448, 0.000137213559356], "dmean": [0.000304070767015, 0.00517045147717, 0.0024564168416, 0.00141154229641, 0.0017501678085, 0.00129042554181, 0.000445681827841, 0.000700611853972, 0.000280028471025, 0.000290912110358, 0.000183371419553, 0.000102224905277, 0.000113086913188, 0.000114199050586, 0.000129870313685, 4.96817556268e-05, 4.81394527014e-05, 2.99098301184e-05, 2.43244703597e-05, 4.57885253127e-05, 4.49089966423e-05, 2.52264671872e-05, 1.8129201635e-05, 1.08380963866e-05, 7.62224863138e-06, 4.54873134004e-06, 1.26708209791e-06]}, "erbbands_spread": {"dvar": 73.285774231, "mean": 28.923871994, "min": 4.12305593491, "median": 22.2319049835, "dvar2": 145.429138184, "var": 397.339630127, "dmean2": 7.86240434647, "max": 138.33303833, "dmean": 5.54046440125}, "barkbands_kurtosis": {"dvar": 101.188667297, "mean": 10.8275403976, "min": -1.88939809799, "median": 6.05032539368, "dvar2": 244.898468018, "var": 250.433639526, "dmean2": 7.57780504227, "max": 223.526168823, "dmean": 4.86923074722}, "spectral_flux": {"dvar": 0.00131409068126, "mean": 0.0589080825448, "min": 6.39158379001e-11, "median": 0.0412837676704, "dvar2": 0.00309487408958, "var": 0.00293598836288, "dmean2": 0.0384463705122, "max": 0.360438108444, "dmean": 0.0239924639463}, "silence_rate_20dB": {"dvar": 0, "mean": 1, "min": 1, "median": 1, "dvar2": 0, "var": 0, "dmean2": 0, "max": 1, "dmean": 0}, "gfcc": {"cov": [[26232.4238281, -55.1407165527, -2393.25268555, 496.578948975, -1390.83789062, 659.025634766, -858.142028809, 351.590209961, -465.946380615, 302.152282715, -532.378601074, 165.42930603, -247.54536438], [-55.1407165527, 2399.16577148, 122.3853302, -432.45223999, 293.188293457, -190.132385254, 287.373504639, -138.791778564, 125.589256287, -252.603302002, 188.523239136, -135.733642578, 93.0060272217], [-2393.25268555, 122.3853302, 920.784973145, -7.9507060051, 252.539627075, -44.7605323792, 169.096405029, 64.8086166382, 77.318145752, -22.4240074158, 48.2335510254, 52.2017784119, 16.6067504883], [496.578948975, -432.45223999, -7.9507060051, 592.442382812, -51.9772529602, 7.0871758461, -44.8018798828, -13.5666770935, -12.5937824249, 72.5022277832, -28.0999984741, -1.96751916409, 62.037689209], [-1390.83789062, 293.188293457, 252.539627075, -51.9772529602, 364.521942139, 10.9623918533, 81.7340240479, 6.09540939331, 97.7964248657, -31.2361373901, 65.8442001343, 8.84069252014, 41.2134399414], [659.025634766, -190.132385254, -44.7605323792, 7.0871758461, 10.9623918533, 200.050354004, -2.75529265404, 30.6084308624, 22.7947845459, 47.4923286438, -13.5422849655, 16.1712589264, -10.9474105835], [-858.142028809, 287.373504639, 169.096405029, -44.8018798828, 81.7340240479, -2.75529265404, 240.513366699, 32.5848960876, 14.8468475342, -48.4603462219, 59.2337799072, 2.95707082748, 26.8941078186], [351.590209961, -138.791778564, 64.8086166382, -13.5666770935, 6.09540939331, 30.6084308624, 32.5848960876, 165.16078186, 13.8419456482, -6.50775909424, -16.6790943146, 59.8721199036, -9.16315078735], [-465.946380615, 125.589256287, 77.318145752, -12.5937824249, 97.7964248657, 22.7947845459, 14.8468475342, 13.8419456482, 138.970199585, 0.095158688724, 14.1322221756, -1.09588396549, 23.6371917725], [302.152282715, -252.603302002, -22.4240074158, 72.5022277832, -31.2361373901, 47.4923286438, -48.4603462219, -6.50775909424, 0.095158688724, 133.506973267, -1.73222732544, -9.09661197662, -12.7774381638], [-532.378601074, 188.523239136, 48.2335510254, -28.0999984741, 65.8442001343, -13.5422849655, 59.2337799072, -16.6790943146, 14.1322221756, -1.73222732544, 121.654434204, 22.3068065643, 21.4391269684], [165.42930603, -135.733642578, 52.2017784119, -1.96751916409, 8.84069252014, 16.1712589264, 2.95707082748, 59.8721199036, -1.09588396549, -9.09661197662, 22.3068065643, 137.742706299, 22.0303058624], [-247.54536438, 93.0060272217, 16.6067504883, 62.037689209, 41.2134399414, -10.9474105835, 26.8941078186, -9.16315078735, 23.6371917725, -12.7774381638, 21.4391269684, 22.0303058624, 91.5489501953]], "mean": [-97.0265655518, 142.668792725, -79.6987838745, 23.673330307, -50.0872993469, 8.78070163727, -24.7545795441, 0.689538180828, -19.230014801, -1.28347849846, -15.6052036285, -5.43703174591, -6.24482393265], "icov": [[0.000147260681842, -0.000390708999475, 0.000219428096898, -0.000301687337924, 0.000319758517435, -0.000567471259274, 0.000447825761512, -0.000521491514519, 0.000442973774625, -0.000451878091553, 0.000543262111023, -0.000563678273465, 0.000395169568947], [-0.000390708999475, 0.00201265886426, -0.000480350776343, 0.00134360580705, -0.0010410095565, 0.00197549210861, -0.00174527813215, 0.00181760138366, -0.0017612647498, 0.00236263126135, -0.00235707801767, 0.00254797795787, -0.0018016732065], [0.000219428096898, -0.000480350776343, 0.00197711726651, -0.000561021326575, -0.000583896413445, -5.18054330314e-05, -0.000477112189401, -0.000877314480022, 0.000221730238991, -0.00106831965968, 0.0012266386766, -0.00153231620789, 0.00128698966], [-0.000301687337924, 0.00134360580705, -0.000561021326575, 0.00304735009558, -0.000465365243144, 0.00145595206413, -0.0009728683508, 0.00125082302839, -0.000881978368852, 0.000364154431736, -0.00109522463754, 0.00200011604466, -0.0032956849318], [0.000319758517435, -0.0010410095565, -0.000583896413445, -0.000465365243144, 0.00533744739369, -0.00205821334384, 0.00116884429008, -0.00111108762212, -0.00106018851511, -0.000267482741037, -0.000400636199629, -0.000760017021094, -0.000246930605499], [-0.000567471259274, 0.00197549210861, -5.18054330314e-05, 0.00145595206413, -0.00205821334384, 0.0087034534663, -0.00302189495414, 0.00163813948166, -0.00307687371969, -0.000367838772945, -0.00116966641508, 0.00140362407546, -0.000820327724796], [0.000447825761512, -0.00174527813215, -0.000477112189401, -0.0009728683508, 0.00116884429008, -0.00302189495414, 0.00826349947602, -0.00372136919759, 0.00257964059711, 0.000246280775173, -0.00109632546082, -0.000107418061816, -0.000306879228447], [-0.000521491514519, 0.00181760138366, -0.000877314480022, 0.00125082302839, -0.00111108762212, 0.00163813948166, -0.00372136919759, 0.0106887305155, -0.00305232498795, 0.00203214143403, 0.000265848007984, -0.00191395392176, 0.000384060869692], [0.000442973774625, -0.0017612647498, 0.000221730238991, -0.000881978368852, -0.00106018851511, -0.00307687371969, 0.00257964059711, -0.00305232498795, 0.0112990625203, -0.00231325160712, 0.00190677004866, -0.000894346099813, -0.000880950770807], [-0.000451878091553, 0.00236263126135, -0.00106