{"tonal": {"chords_number_rate": 0.00436280155554, "thpcp": [1, 0.779538273811, 0.593071937561, 0.509794890881, 0.363677799702, 0.363539099693, 0.428884088993, 0.399508684874, 0.610469639301, 0.865581154823, 0.679844379425, 0.551583647728, 0.492546379566, 0.298339158297, 0.321817666292, 0.380617648363, 0.568066000938, 0.772224724293, 0.485674917698, 0.231089293957, 0.381034940481, 0.47537779808, 0.426332175732, 0.58052700758, 0.702133893967, 0.604058206081, 0.659223258495, 0.753280222416, 0.666772723198, 0.66925907135, 0.652705848217, 0.461463868618, 0.390621095896, 0.400276660919, 0.443372875452, 0.770191669464], "hpcp": {"dvar": [0.0540056787431, 0.0502866432071, 0.0427855700254, 0.0422406345606, 0.0399366952479, 0.0383103750646, 0.0476992875338, 0.0562909096479, 0.0628012120724, 0.0586899109185, 0.0572824701667, 0.0426698662341, 0.0323955900967, 0.0392068065703, 0.0371421054006, 0.0368744172156, 0.0382465235889, 0.0362382680178, 0.0311321392655, 0.0248230136931, 0.0168092735112, 0.0194869656116, 0.0262789912522, 0.0376664362848, 0.0868610814214, 0.0297685489058, 0.0159499738365, 0.0202223006636, 0.021356170997, 0.0284945499152, 0.0414600223303, 0.0542648136616, 0.0534110292792, 0.0600675456226, 0.0560070089996, 0.0579837411642], "mean": [0.161512672901, 0.1575178653, 0.1113653332, 0.0942688062787, 0.0965989902616, 0.10699942708, 0.185870796442, 0.241330564022, 0.188126415014, 0.143126383424, 0.123029090464, 0.0877665653825, 0.0877330973744, 0.103502839804, 0.0964136570692, 0.147324979305, 0.208891183138, 0.164067223668, 0.133113995194, 0.118866495788, 0.0719983577728, 0.0776644423604, 0.0918546691537, 0.137091681361, 0.186361432076, 0.117208205163, 0.0557689107955, 0.0919553786516, 0.114723190665, 0.102886982262, 0.140098914504, 0.169446364045, 0.145777702332, 0.159090727568, 0.181789547205, 0.160912632942], "min": [0, 0, 0, 0, 0, 0, 0, 0, 0, 0, 0, 0, 0, 0, 0, 0, 0, 0, 0, 0, 0, 0, 0, 0, 0, 0, 0, 0, 0, 0, 0, 0, 0, 0, 0, 0], "median": [0.0501300953329, 0.0509128384292, 0.0408243387938, 0.0293145030737, 0.0284421928227, 0.0341011285782, 0.0593354776502, 0.0705800428987, 0.0558573380113, 0.0335728153586, 0.0246537346393, 0.0226200856268, 0.02990854159, 0.0333928577602, 0.0333023108542, 0.0440836064517, 0.0513428300619, 0.0485041216016, 0.0411079637706, 0.0314775295556, 0.0268600992858, 0.0277628544718, 0.0296204704791, 0.0369850210845, 0.0302256587893, 0.0261715203524, 0.0207326617092, 0.0362750552595, 0.0411190837622, 0.0349373668432, 0.0309326145798, 0.029533771798, 0.0327760018408, 0.038101863116, 0.0388206019998, 0.0403759106994], "dvar2": [0.15074659884, 0.136841863394, 0.121552176774, 0.121438287199, 0.111790314317, 0.107347898185, 0.130026936531, 0.140790849924, 0.168954327703, 0.161248788238, 0.158288046718, 0.121260032058, 0.0912691578269, 0.110406957567, 0.103551663458, 0.102608337998, 0.0966685190797, 0.0982651561499, 0.0847385749221, 0.0667399168015, 0.045547503978, 0.051699385047, 0.0699194893241, 0.0999542251229, 0.232295542955, 0.080126427114, 0.0459024608135, 0.0588447265327, 0.0580937415361, 0.0816994979978, 0.107509031892, 0.13385476172, 0.149765193462, 0.170033320785, 0.153992474079, 0.162407055497], "var": [0.0599128529429, 0.0610104911029, 0.0363236926496, 0.032694414258, 0.0353799909353, 0.0342209339142, 0.0703711211681, 0.109275981784, 0.0718476399779, 0.0576764084399, 0.0556058846414, 0.0328051708639, 0.0257180146873, 0.0351787656546, 0.029890306294, 0.0514105707407, 0.100098401308, 0.0549568198621, 0.0555529147387, 0.0469363816082, 0.0162216778845, 0.0199926830828, 0.029464084655, 0.0431617200375, 0.091271482408, 0.034765522927, 0.0125487456098, 0.0242012888193, 0.0396917536855, 0.0321495383978, 0.0579050779343, 0.0842939764261, 0.0588709525764, 0.0654784366488, 0.0858600139618, 0.0670536980033], "dmean2": [0.274973392487, 0.249780118465, 0.210420519114, 0.194581478834, 0.18968641758, 0.205285534263, 0.252156764269, 0.273850530386, 0.308641433716, 0.283922314644, 0.243679016829, 0.193892389536, 0.167384132743, 0.185600116849, 0.189049378037, 0.209025517106, 0.201279625297, 0.220545560122, 0.17520159483, 0.144932672381, 0.114051558077, 0.126431494951, 0.142196834087, 0.239043027163, 0.358738809824, 0.210327491164, 0.104034714401, 0.136736214161, 0.1455373317, 0.166762456298, 0.20910847187, 0.234204098582, 0.257940888405, 0.282413423061, 0.263298392296, 0.276753216982], "max": [1, 1, 1, 1, 1, 1, 1, 1, 1, 1, 1, 1, 1, 1, 1, 1, 1, 1, 1, 1, 1, 1, 1, 1, 1, 1, 1, 1, 1, 1, 1, 1, 1, 1, 1, 1], "dmean": [0.154792800546, 0.140281647444, 0.116246007383, 0.107071302831, 0.104878507555, 0.114711709321, 0.14507727325, 0.156978785992, 0.172416016459, 0.157043874264, 0.133416265249, 0.105298317969, 0.0922719314694, 0.103344604373, 0.104258537292, 0.11772736907, 0.115454249084, 0.125588014722, 0.0983650907874, 0.0836464911699, 0.0653488710523, 0.0729271918535, 0.0826821550727, 0.134416803718, 0.196583986282, 0.117208145559, 0.0575801357627, 0.0780663117766, 0.0835432335734, 0.0939819961786, 0.120218358934, 0.135373711586, 0.145179912448, 0.157737925649, 0.146269023418, 0.15465067327]}, "key_strength": 0.458303451538, "chords_strength": {"dvar": 0.000498102221172, "mean": 0.429682463408, "min": -1, "median": 0.439463824034, "dvar2": 0.0008803778328, "var": 0.037072069943, "dmean2": 0.0131017798558, "max": 0.724592983723, "dmean": 0.0118394978344}, "tuning_equal_tempered_deviation": 0.25002387166, "chords_key": "B", "tuning_frequency": 434.193115234, "chords_scale": "minor", "chords_changes_rate": 0.0916188284755, "key_scale": "minor", "tuning_diatonic_strength": 0.336082577705, "hpcp_entropy": {"dvar": 0.281443595886, "mean": 2.30568814278, "min": 0, "median": 2.35508179665, "dvar2": 0.77908551693, "var": 0.673028051853, "dmean2": 1.07261514664, "max": 4.48766231537, "dmean": 0.638852715492}, "chords_histogram": [1.53846156597, 1.19402980804, 0.61997705698, 1.26291620731, 6.10792207718, 4.50057411194, 10.4247989655, 1.4695751667, 5.64867973328, 11.4580945969, 12.055109024, 8.33524703979, 3.12284731865, 3.55912733078, 0.757749736309, 5.14351320267, 9.04707241058, 4.43168783188, 0.803673923016, 1.85993111134, 0, 0.803673923016, 2.18140077591, 3.67393803596], "tuning_nontempered_energy_ratio": 0.919250071049, "key_key": "C"}, "metadata": {"version": {"extractor": "music 1.0", "essentia_build_sha": "2d9f1f26377add8aeb1075a9c2973f962c4f09fd", "essentia": "2.1-beta2", "essentia_git_sha": "v2.1_beta2-1-ge3940c0"}, "audio_properties": {"sample_rate": 44100, "length": 202.187759399, "lossless": false, "analysis_sample_rate": 44100, "downmix": "mix", "bit_rate": 256033, "equal_loudness": 0, "md5_encoded": "13dc86bab09b13f32d76d8f891793fd6", "codec": "mp3", "replay_gain": -10.8200683594}, "tags": {"genre": ["Rock", "Progressive Rock", "Alternative", "Progressive"], "catalognumber": ["596086 2"], "lyricist": ["A. W. Yrjänä"], "title": ["Pirunnyrkki"], "discnumber": ["1/1"], "artistsort": ["CMX"], "originaldate": ["2003-11-10"], "musicbrainz_artistid": ["1e6d7f54-95b1-400f-863c-2a72a7494e59"], "isrc": ["FIEFH0300021"], "tracknumber": ["1/11"], "musicbrainz_albumartistid": ["1e6d7f54-95b1-400f-863c-2a72a7494e59"], "mood": ["Melancholy", "Melancholic"], "barcode": ["724359608624"], "musicbrainz album status": ["official"], "originalyear": ["2003"], "date": ["2003-11-10"], "acoustid_id": ["71df766d-e422-4e4b-bee6-b9b90b9a3ce2"], "composer": ["CMX"], "albumartistsort": ["CMX"], "musicbrainz_releasegroupid": ["bb4397e0-3ea7-3fb5-aea8-f9bbfd3c6cd7"], "media": ["CD"], "musicbrainz album release country": ["FI"], "musicbrainz album type": ["album"], "label": ["Herodes"], "albumartist": ["CMX"], "musicbrainz_recordingid": ["61f9c657-32be-4e9d-9876-440380555101"], "script": ["Latn"], "musicbrainz_albumid": ["5230d8f7-3fdb-4eee-b54f-a0f1f9339f5d"], "file_name": "01 - Pirunnyrkki.mp3", "contentgroup": ["Rock"], "album": ["Aion"], "artist": ["CMX"]}}, "lowlevel": {"melbands": {"dvar": [9.55342329689e-06, 8.12987946119e-06, 2.65301173386e-06, 2.48745368481e-06, 2.09438113075e-07, 1.25602994672e-07, 1.43247859796e-07, 7.98469486085e-08, 7.83232394497e-08, 4.3045663034e-08, 5.60531816518e-08, 1.11168169781e-07, 4.36835989603e-08, 5.2281997398e-08, 4.32825402186e-08, 4.06575573209e-09, 3.09311576352e-09, 2.06469707997e-09, 1.80104120506e-09, 1.56270818508e-09, 6.58763099626e-10, 5.16099885051e-10, 2.76053763182e-10, 1.72590289282e-10, 7.63904078882e-11, 4.38408823134e-11, 7.51596007653e-11, 5.46918378641e-11, 2.63473062811e-11, 2.54904430896e-11, 2.17655164725e-11, 1.85430577143e-11, 6.83214812849e-12, 3.61858459863e-12, 3.95288315969e-12, 2.26142086827e-12, 2.57230131293e-12, 3.23175535812e-12, 3.32134536887e-12, 2.10374317793e-12], "mean": [0.00508290808648, 0.00469971308485, 0.0020882722456, 0.00115273240954, 0.000562637171242, 0.000320507300785, 0.000357663404429, 0.000262064451817, 0.000264569709543, 0.000254765618593, 0.000253586156759, 0.000322594685713, 0.0001673775987, 0.000127307648654, 0.000105891755084, 6.14654491073e-05, 5.34272621735e-05, 4.88279183628e-05, 4.73688232887e-05, 3.95344541175e-05, 3.48026733263e-05, 3.2440693758e-05, 2.44273869612e-05, 2.14380997932e-05, 1.3958972886e-05, 9.7978663689e-06, 1.30411290229e-05, 1.03106731331e-05, 7.41612848287e-06, 7.19667559679e-06, 5.83381415709e-06, 4.23035680797e-06, 3.22252162732e-06, 2.24473797061e-06, 1.8010958911e-06, 1.37158622238e-06, 1.39505368679e-06, 1.06322306692e-06, 9.45946851516e-07, 7.74947181981e-07], "min": [4.37261754067e-25, 7.76192094906e-25, 1.80022772015e-24, 1.30601513911e-24, 1.71917186771e-24, 2.19452899679e-24, 1.8693001838e-24, 2.41048913593e-24, 1.69544884814e-24, 2.6633754596e-24, 2.13969803628e-24, 2.10554469782e-24, 2.41662548769e-24, 1.73712022824e-24, 2.70507405541e-24, 2.22357189709e-24, 2.9970220101e-24, 1.66858557052e-24, 2.49085907381e-24, 2.42731159473e-24, 3.82638757014e-24, 2.9297505159e-24, 3.63837677288e-24, 4.26092213346e-24, 4.19936100613e-24, 3.84921286601e-24, 5.20275184567e-24, 4.8361109906e-24, 4.58495779433e-24, 4.5760255223e-24, 4.46154011127e-24, 5.44629805623e-24, 5.01162899213e-24, 5.31014934146e-24, 6.08905876636e-24, 5.31543865383e-24, 4.43854560475e-24, 5.21157722705e-24, 5.60919270556e-24, 5.24859136958e-24], "median": [0.00468876725063, 0.0039100330323, 0.00148998713121, 0.000695827940945, 0.000328790571075, 0.000196367109311, 0.00018187086971, 0.000141392185469, 0.000157313625095, 0.000163094096933, 0.000150694075273, 0.000152874519699, 8.51178119774e-05, 5.26078874827e-05, 4.08845953643e-05, 3.0454233638e-05, 3.05802604998e-05, 3.15225297527e-05, 3.20653962262e-05, 2.72754950856e-05, 2.47514581133e-05, 2.3404329113e-05, 1.86156321433e-05, 1.69587110577e-05, 1.08811391328e-05, 7.1580848271e-06, 9.20894581213e-06, 7.39334973332e-06, 5.45357261217e-06, 4.91745049658e-06, 3.29433919433e-06, 2.35737797993e-06, 1.73053103936e-06, 9.93165599539e-07, 7.42682573218e-07, 5.25869722878e-07, 4.70044341228e-07, 3.94185519781e-07, 3.6962413219e-07, 3.279664611e-07], "dvar2": [2.71046883427e-05, 2.22252474487e-05, 7.3931296356e-06, 7.00784767105e-06, 5.49587809928e-07, 3.43492018828e-07, 3.42276564425e-07, 1.95821343141e-07, 2.0170308801e-07, 1.05355930202e-07, 1.31439776396e-07, 2.4755860295e-07, 1.07755376177e-07, 1.12199352031e-07, 8.68853931024e-08, 9.97013938075e-09, 7.69815589052e-09, 5.13581310813e-09, 4.42694680913e-09, 3.71795461085e-09, 1.67105740356e-09, 1.25377142002e-09, 7.06948721785e-10, 4.64208477213e-10, 1.97575580896e-10, 1.08070524751e-10, 1.97866376062e-10, 1.49317627707e-10, 6.8892870575e-11, 6.70462782515e-11, 5.25450620514e-11, 4.83906109627e-11, 1.7137560468e-11, 8.62060769991e-12, 9.47330582035e-12, 5.32729806449e-12, 5.8154227961e-12, 6.71409412442e-12, 8.1385445258e-12, 4.22837806435e-12], "var": [1.39994599522e-05, 1.42289427458e-05, 4.16708599005e-06, 2.48995229413e-06, 5.26161159087e-07, 1.97681956138e-07, 3.77532444418e-07, 1.78050569843e-07, 1.3288700984e-07, 9.02484984522e-08, 1.29731034804e-07, 3.7481024151e-07, 1.08955909184e-07, 9.50172420744e-08, 7.56870122132e-08, 8.39843217193e-09, 5.99966121229e-09, 4.15518730534e-09, 3.72415875916e-09, 3.29872040794e-09, 1.56967927545e-09, 1.40159994722e-09, 5.49086887069e-10, 3.3897479268e-10, 1.54462415081e-10, 9.99698449022e-11, 1.91776344804e-10, 1.09892234201e-10, 5.16112326487e-11, 5.49065376498e-11, 5.72322640668e-11, 3.24111779082e-11, 1.72552857419e-11, 9.603764832e-12, 8.23852357862e-12, 5.5000175421e-12, 7.06320201979e-12, 6.44192164889e-12, 5.48785496213e-12, 4.04543542762e-12], "dmean2": [0.00363987032324, 0.00374749070033, 0.00200290814973, 0.00123484421056, 0.000492951716296, 0.000318108010106, 0.000324200053001, 0.00024169680546, 0.000243091912125, 0.000218573200982, 0.000215428663068, 0.000268116826192, 0.000147667175042, 0.000122563360492, 0.000101110119431, 5.46343981114e-05, 4.74294356536e-05, 4.21781296609e-05, 3.97778894694e-05, 3.29307003994e-05, 2.78203951893e-05, 2.50576522376e-05, 1.85388944374e-05, 1.6337413399e-05, 1.09151978904e-05, 7.41463600207e-06, 9.77105992206e-06, 8.08436379884e-06, 5.618996056e-06, 5.64712991036e-06, 4.49013077741e-06, 3.48146932083e-06, 2.50878429142e-06, 1.75090315224e-06, 1.58902344083e-06, 1.06543382117e-06, 1.09022369088e-06, 8.56490942169e-07, 7.62882166327e-07, 6.00792532168e-07], "max": [0.038408190012, 0.0405836068094, 0.0188747178763, 0.0216837115586, 0.00840773340315, 0.00806439388543, 0.00917183794081, 0.00905727315694, 0.00834326632321, 0.00368384970352, 0.00578759983182, 0.00854537077248, 0.0064766635187, 0.00584034761414, 0.00524288928136, 0.00189782481175, 0.00169496051967, 0.00130847212858, 0.000933410134166, 0.00163806672208, 0.000807470816653, 0.000753520987928, 0.000356801931048, 0.000281968590571, 0.000209032907151, 0.000268031028099, 0.000211423423025, 0.000149100393173, 8.04220544524e-05, 9.74932190729e-05, 0.000126049475512, 0.000135828682687, 6.64922190481e-05, 5.48402094864e-05, 7.23222328816e-05, 6.84601036482e-05, 4.13607303926e-05, 5.24292445334e-05, 9.76821902441e-05, 5.07448676217e-05], "dmean": [0.00218205084093, 0.00224956334569, 0.00117839185987, 0.000727570906747, 0.000297901569866, 0.000188950318261, 0.000201144008315, 0.000150020438014, 0.000150604711962, 0.000137101233122, 0.000135202237288, 0.000168118698639, 9.15976634133e-05, 7.86108794273e-05, 6.4917599957e-05, 3.36069751938e-05, 2.90703283099e-05, 2.56897328654e-05, 2.42559690378e-05, 2.01628299692e-05, 1.67973557836e-05, 1.53017608682e-05, 1.14475324153e-05, 9.84377675195e-06, 6.58244243823e-06, 4.5375963964e-06, 5.9465837694e-06, 4.84551992486e-06, 3.40254018738e-06, 3.38985273629e-06, 2.78659422293e-06, 2.15436307371e-06, 1.57295880854e-06, 1.1091228771e-06, 9.84473786048e-07, 6.70971417094e-07, 6.94478558216e-07, 5.56846487143e-07, 5.01542047004e-07, 3.97136716401e-07]}, "spectral_decrease": {"dvar": 1.84099947564e-17, "mean": -1.27877175515e-08, "min": -5.26381178645e-08, "median": -1.25231531811e-08, "dvar2": 4.95111106313e-17, "var": 4.20530318529e-17, "dmean2": 5.93805804527e-09, "max": 1.78898428828e-28, "dmean": 3.60959195866e-09}, "spectral_rolloff": {"dvar": 281850.875, "mean": 1324.65600586, "min": 43.06640625, "median": 861.328125, "dvar2": 633557.25, "var": 6311955.5, "dmean2": 566.927612305, "max": 19616.7480469, "dmean": 335.955383301}, "melbands_crest": {"dvar": 7.75536489487, "mean": 14.6566791534, "min": 1.43459141254, "median": 14.5779829025, "dvar2": 21.0903053284, "var": 19.6311511993, "dmean2": 5.04294872284, "max": 37.0480728149, "dmean": 3.03738117218}, "barkbands_skewness": {"dvar": 0.192371323705, "mean": 1.64296686649, "min": -2.20253777504, "median": 1.6325404644, "dvar2": 0.489024817944, "var": 0.923831999302, "dmean2": 0.729862034321, "max": 7.77165079117, "dmean": 0.453156620264}, "spectral_centroid": {"dvar": 46960.3398438, "mean": 1507.18359375, "min": 254.603912354, "median": 1289.89367676, "dvar2": 112071.523438, "var": 1895829.625, "dmean2": 324.810546875, "max": 11911.46875, "dmean": 204.699432373}, "spectral_energyband_middle_low": {"dvar": 8.59388746903e-05, "mean": 0.015406627208, "min": 1.52319157949e-22, "median": 0.0133630493656, "dvar2": 0.00023595408129, "var": 0.000129677166115, "dmean2": 0.0094845648855, "max": 0.123372331262, "dmean": 0.00573890423402}, "erbbands_crest": {"dvar": 4.34113645554, "mean": 7.01902723312, "min": 2.23710584641, "median": 5.77646350861, "dvar2": 10.2286682129, "var": 17.3123645782, "dmean2": 3.1602563858, "max": 31.7780189514, "dmean": 1.96742784977}, "dynamic_complexity": 1.94633662701, "spectral_energyband_low": {"dvar": 0.000195814529434, "mean": 0.0283416137099, "min": 9.85833004595e-24, "median": 0.0262426938862, "dvar2": 0.000537341285963, "var": 0.000353385607013, "dmean2": 0.0186290740967, "max": 0.184293136001, "dmean": 0.0111366529018}, "silence_rate_60dB": {"dvar": 0.00114709942136, "mean": 0.0270984042436, "min": 0, "median": 0, "dvar2": 0.0032106845174, "var": 0.0263640545309, "dmean2": 0.0022970023565, "max": 1, "dmean": 0.00114836927969}, "erbbands_kurtosis": {"dvar": 1.0420075655, "mean": 0.0487812831998, "min": -1.62238156796, "median": -0.408189803362, "dvar2": 2.27773022652, "var": 2.50449490547, "dmean2": 0.887708485126, "max": 21.2574939728, "dmean": 0.564881503582}, "spectral_complexity": {"dvar": 12.9583511353, "mean": 29.4154319763, "min": 0, "median": 30, "dvar2": 28.9488239288, "var": 96.8868942261, "dmean2": 6.20581150055, "max": 59, "dmean": 3.95475435257}, "barkbands_crest": {"dvar": 5.73215913773, "mean": 10.7095003128, "min": 2.59594917297, "median": 10.0994443893, "dvar2": 15.4925327301, "var": 15.5064296722, "dmean2": 4.29159975052, "max": 25.3916416168, "dmean": 2.58391857147}, "spectral_energy": {"dvar": 0.00027422446874, "mean": 0.0506760179996, "min": 9.92248542756e-21, "median": 0.0497310608625, "dvar2": 0.000733693945222, "var": 0.000639492180198, "dmean2": 0.0228888485581, "max": 0.203098624945, "dmean": 0.0139575479552}, "spectral_spread": {"dvar": 459497799680, "mean": 4929017, "min": 1614004.375, "median": 4227278, "dvar2": 907679236096, "var": 24766727585800.0, "dmean2": 573016.3125, "max": 42888764, "dmean": 393636.1875}, "spectral_contrast_valleys": {"dvar": [0.0889611393213, 0.084292165935, 0.0650798678398, 0.053093470633, 0.053174443543, 0.108516059816], "mean": [-6.73398828506, -6.61464071274, -6.87253236771, -7.3322095871, -7.29750347137, -10.2955160141], "min": [-28.310546875, -28.092092514, -28.0089511871, -27.6389713287, -27.5185279846, -27.4950389862], "median": [-6.20744991302, -6.12603330612, -6.42741012573, -6.90154266357, -6.81471443176, -9.80310249329], "dvar2": [0.222809016705, 0.209004551172, 0.150697007775, 0.117722325027, 0.107991963625, 0.217090085149], "var": [8.48566246033, 8.56865406036, 8.28339767456, 7.9094786644, 8.0430355072, 6.59408712387], "dmean2": [0.57016658783, 0.53915899992, 0.44829455018, 0.365834087133, 0.276442170143, 0.337664932013], "max": [-5.00834226608, -4.60513544083, -4.95618534088, -5.61797618866, -5.7088341713, -7.56572437286], "dmean": [0.339974999428, 0.326007932425, 0.271833986044, 0.222785323858, 0.175048664212, 0.240604281425]}, "spectral_rms": {"dvar": 9.62041895036e-07, "mean": 0.00672548310831, "min": 3.11134603324e-12, "median": 0.00696549424902, "dvar2": 2.5163749342e-06, "var": 4.208120572e-06, "dmean2": 0.00150037521962, "max": 0.0140763986856, "dmean": 0.000928912835661}, "barkbands_spread": {"dvar": 24.7622356415, "mean": 22.3983459473, "min": 0.848058819771, "median": 21.1510715485, "dvar2": 59.9978065491, "var": 95.3227767944, "dmean2": 7.31889009476, "max": 119.030906677, "dmean": 4.60851335526}, "pitch_salience": {"dvar": 0.00403651269153, "mean": 0.553304672241, "min": 0.106743119657, "median": 0.558172821999, "dvar2": 0.01083625108, "var": 0.0125518338755, "dmean2": 0.116215020418, "max": 0.879246890545, "dmean": 0.0703263431787}, "erbbands_skewness": {"dvar": 0.0505364350975, "mean": 0.115201085806, "min": -2.82868790627, "median": 0.10088327527, "dvar2": 0.118660464883, "var": 0.229418590665, "dmean2": 0.385199785233, "max": 2.97737646103, "dmean": 0.246200367808}, "spectral_energyband_middle_high": {"dvar": 1.44435389302e-05, "mean": 0.00829322636127, "min": 1.08313121593e-21, "median": 0.00643768860027, "dvar2": 3.18311067531e-05, "var": 5.21186339029e-05, "dmean2": 0.00369804352522, "max": 0.070981964469, "dmean": 0.00245245895348}, "erbbands": {"dvar": [0.123691096902, 6.44022130966, 36.9190826416, 103.767356873, 401.418365479, 344.926452637, 175.454238892, 261.248504639, 661.794921875, 717.077819824, 1230.56799316, 1022.11401367, 1958.48620605, 5963.16259766, 2633.25634766, 14368.3310547, 944.366394043, 776.123657227, 706.288208008, 702.122070313, 394.931732178, 316.382293701, 218.408416748, 98.0328216553, 101.67023468, 117.229484558, 53.7532424927, 52.746055603, 42.0336341858, 10.8940906525, 8.89828014374, 5.67246341705, 5.71090984344, 3.01992678642, 0.962587952614, 0.210255131125, 0.0343752764165, 0.00168846559245, 5.96519639657e-05, 7.74887638499e-08], "mean": [0.546449184418, 4.04638767242, 7.83265066147, 11.7726345062, 14.6512804031, 15.8982715607, 15.3657226563, 13.8506259918, 23.3950843811, 24.2128162384, 31.4454689026, 40.0050010681, 49.6710510254, 76.977935791, 46.7535476685, 50.0092010498, 33.0285797119, 29.3931598663, 31.1830005646, 32.9012794495, 29.5241031647, 29.4507980347, 25.2308769226, 18.1288700104, 16.1052360535, 16.502790451, 12.0698003769, 10.7011833191, 7.32350540161, 4.5361828804, 3.00311946869, 2.27070307732, 1.51460289955, 0.961639106274, 0.489275932312, 0.234670594335, 0.0920012742281, 0.0229795984924, 0.00372347747907, 0.000178267626325], "min": [2.30540260816e-23, 3.98937233895e-22, 1.6104977315e-21, 6.33906913983e-21, 9.47371409585e-21, 2.70219792061e-20, 2.90279261189e-20, 9.12635478413e-20, 1.28759502837e-19, 1.75856465654e-19, 2.56455458201e-19, 3.79348466886e-19, 4.36674383932e-19, 6.0718189908e-19, 8.76446559258e-19, 9.50339740751e-19, 7.04053124013e-19, 1.91768776246e-18, 2.53352104017e-18, 2.04103155873e-18, 3.87303912617e-18, 3.78975196465e-18, 4.08019741159e-18, 6.00987619101e-18, 7.09679854694e-18, 8.5806563411e-18, 8.65945191189e-18, 8.19992992056e-18, 1.12914653476e-17, 1.02835796856e-17, 1.16586524759e-17, 8.07379149459e-18, 9.63744988399e-18, 7.76713827073e-18, 6.07085635936e-18, 4.23298387459e-18, 2.32147659887e-18, 9.56969076373e-19, 2.51814587223e-19, 2.43042078333e-20], "median": [0.517327368259, 3.10861539841, 5.71687746048, 7.54741764069, 8.40019702911, 9.40561389923, 8.47788047791, 8.47423934937, 11.6974573135, 13.1402177811, 18.261384964, 25.7177219391, 30.9214401245, 37.6019935608, 24.8328952789, 18.580739975, 16.4089546204, 17.2957935333, 20.9050693512, 23.4347915649, 21.9061584473, 22.4838581085, 20.4580802917, 14.6325101852, 12.1108188629, 12.1303339005, 9.06458282471, 6.74773931503, 4.15367937088, 2.30275058746, 1.24970018864, 0.808973610401, 0.581913471222, 0.410281151533, 0.204991355538, 0.0912147313356, 0.0318247564137, 0.00585580756888, 0.000330373615725, 8.04160881671e-05], "dvar2": [0.355294346809, 17.7301025391, 102.201408386, 287.237884521, 1132.26940918, 951.639648438, 465.126922607, 714.766479492, 1577.50109863, 1765.83764648, 3149.94897461, 2550.1484375, 4580.99902344, 13248.0302734, 6617.05322266, 28034.4980469, 2258.61352539, 1906.53540039, 1745.32141113, 1687.62744141, 963.599975586, 770.122802734, 561.997436523, 250.490097046, 258.190429688, 315.581695557, 138.49256897, 130.293548584, 105.680381775, 25.5737419128, 20.3557891846, 12.74177742, 12.0095510483, 6.27329540253, 1.84634363651, 0.398343354464, 0.0701551735401, 0.00335040222853, 0.000122030280181, 1.62033330753e-07], "var": [0.168035075068, 12.2802619934, 58.5133514404, 162.25567627, 449.963592529, 428.198577881, 416.90512085, 399.213012695, 1725.60021973, 1667.08764648, 2067.71142578, 2099.25170898, 4448.70410156, 19736.2480469, 6829.1875, 25364.5527344, 2120.54101563, 1630.29650879, 1503.49133301, 1591.84667969, 1054.16894531, 849.582580566, 483.76574707, 217.424377441, 253.198135376, 251.722564697, 116.867630005, 146.991516113, 85.6748809814, 32.9152908325, 21.7339897156, 16.4128894806, 12.0435838699, 5.85517168045, 1.83355939388, 0.442899703979, 0.0660881474614, 0.0032919079531, 0.000107661180664, 1.31563467676e-07], "dmean2": [0.412083625793, 3.09632515907, 7.6196308136, 12.1633958817, 15.783452034, 16.6010169983, 13.9468412399, 14.0856609344, 21.3793544769, 22.3250389099, 28.8528213501, 33.8730049133, 40.6454811096, 62.4675674438, 39.1328773499, 45.9138145447, 28.1949310303, 23.8225326538, 24.5976715088, 25.1398582458, 20.7486305237, 20.1000518799, 16.8922920227, 12.4676771164, 11.1743450165, 11.7746143341, 8.12928390503, 7.38313579559, 5.37080621719, 3.1270673275, 2.32123064995, 1.63814747334, 1.09865391254, 0.689737796783, 0.374194055796, 0.179780572653, 0.0752486512065, 0.020496180281, 0.00370376650244, 0.000138500210596], "max": [4.37398338318, 27.1678752899, 78.4689407349, 131.97442627, 308.901184082, 227.66192627, 301.37109375, 413.736663818, 609.889709473, 967.261047363, 944.613830566, 591.19152832, 1162.00756836, 2041.47509766, 1375.2052002, 3041.90380859, 576.666259766, 779.325317383, 794.921020508, 807.716247559, 535.808166504, 485.400299072, 431.68536377, 244.057632446, 287.613311768, 238.120880127, 106.463386536, 164.493530273, 195.838516235, 87.3635406494, 116.179199219, 66.1500854492, 83.3547286987, 76.8703765869, 35.744052887, 20.2186698914, 8.70938301086, 1.59790313244, 0.27881321311, 0.00901726726443], "dmean": [0.245586484671, 1.86110723019, 4.53175592422, 7.13678741455, 9.31526279449, 9.84948635101, 8.37367534637, 8.3508234024, 13.2881011963, 13.8008708954, 17.8802852631, 21.0895996094, 25.5451335907, 39.2477836609, 24.2741718292, 29.9596195221, 17.5202293396, 14.7439279556, 15.0389213562, 15.3860063553, 12.7286844254, 12.4500026703, 10.4479408264, 7.5733089447, 6.86943769455, 7.1303691864, 4.96878576279, 4.59731197357, 3.37993240356, 2.01188349724, 1.46670043468, 1.05881118774, 0.735141634941, 0.465071827173, 0.256818860769, 0.127897590399, 0.0534234382212, 0.0146939121187, 0.00264902715571, 9.76782102953e-05]}, "dissonance": {"dvar": 0.000157366070198, "mean": 0.479127258062, "min": 0.313630312681, "median": 0.483697354794, "dvar2": 0.000439390918473, "var": 0.000279757427052, "dmean2": 0.0209520775825, "max": 0.500000059605, "dmean": 0.0123580591753}, "erbbands_flatness_db": {"dvar": 0.000180813090992, "mean": 0.129448011518, "min": 0.0344164893031, "median": 0.124901279807, "dvar2": 0.000356662465492, "var": 0.00149305351079, "dmean2": 0.0190259553492, "max": 0.329797744751, "dmean": 0.013277397491}, "melbands_kurtosis": {"dvar": 68.6054000854, "mean": 12.2966890335, "min": -1.47134256363, "median": 9.68279457092, "dvar2": 179.022537231, "var": 144.65826416, "dmean2": 9.36470222473, "max": 226.811065674, "dmean": 5.74020576477}, "melbands_spread": {"dvar": 32.4762458801, "mean": 21.7136363983, "min": 0.620371282101, "median": 17.9977970123, "dvar2": 80.9869689941, "var": 335.590820313, "dmean2": 8.75410270691, "max": 170.055587769, "dmean": 5.41904973984}, "melbands_skewness": {"dvar": 0.437033712864, "mean": 2.85612630844, "min": -0.677705705166, "median": 2.81636977196, "dvar2": 1.1039711237, "var": 1.60568499565, "dmean2": 1.08435952663, "max": 12.6224412918, "dmean": 0.681622624397}, "spectral_entropy": {"dvar": 0.0101118301973, "mean": 7.7989282608, "min": 6.18742799759, "median": 7.80011558533, "dvar2": 0.0226115118712, "var": 0.14911146462, "dmean2": 0.149391204119, "max": 9.82700824738, "dmean": 0.0972614362836}, "zerocrossingrate": {"dvar": 6.56113988953e-05, "mean": 0.0565329790115, "min": 0.001953125, "median": 0.044921875, "dvar2": 8.46205657581e-05, "var": 0.00421076547354, "dmean2": 0.0093053271994, "max": 0.52294921875, "dmean": 0.00752266030759}, "average_loudness": 0.927348732948, "spectral_contrast_coeffs": {"dvar": [0.00174295157194, 0.00125151034445, 0.000828130636364, 0.00045953472727, 0.000208766112337, 0.000231079437071], "mean": [-0.674671471119, -0.766087770462, -0.779496371746, -0.806661784649, -0.807746112347, -0.740892410278], "min": [-0.982216894627, -0.979241967201, -0.974345386028, -0.972071290016, -0.967249572277, -0.963827431202], "median": [-0.673165559769, -0.77031648159, -0.783522367477, -0.809439837933, -0.809133768082, -0.740356504917], "dvar2": [0.00496663711965, 0.00352284498513, 0.00227294652723, 0.00128147099167, 0.000578081700951, 0.000569463649299], "var": [0.00553848780692, 0.00424906006083, 0.00335507025011, 0.00180332921445, 0.00113877165131, 0.00232932204381], "dmean2": [0.0845873951912, 0.0736879184842, 0.0610999837518, 0.0450779087842, 0.0299548022449, 0.0269986968488], "max": [-0.321391701698, -0.487655550241, -0.512403309345, -0.584261894226, -0.648022055626, -0.588402867317], "dmean": [0.0500259660184, 0.0441631413996, 0.0367595329881, 0.0269841384143, 0.0177982468158, 0.0166797712445]}, "barkbands_flatness_db": {"dvar": 0.000305503141135, "mean": 0.121007040143, "min": 0.0211055651307, "median": 0.114740528166, "dvar2": 0.000774190702941, "var": 0.00223527825437, "dmean2": 0.0290876440704, "max": 0.425679117441, "dmean": 0.0184367969632}, "silence_rate_30dB": {"dvar": 0.0149279600009, "mean": 0.990239977837, "min": 0, "median": 1, "dvar2": 0.0415721908212, "var": 0.00966400280595, "dmean2": 0.0303204320371, "max": 1, "dmean": 0.0151584753767}, "spectral_energyband_high": {"dvar": 3.59189698429e-07, "mean": 0.000988552463241, "min": 7.08700722295e-21, "median": 0.000652463349979, "dvar2": 7.58987198424e-07, "var": 1.13378519018e-06, "dmean2": 0.000511694815941, "max": 0.013976816088, "dmean": 0.000344262662111}, "melbands_flatness_db": {"dvar": 0.000491403392516, "mean": 0.203904494643, "min": 0.00152462208644, "median": 0.203083619475, "dvar2": 0.00126710266341, "var": 0.00376579514705, "dmean2": 0.036780577153, "max": 0.569049596786, "dmean": 0.0229875296354}, "barkbands": {"dvar": [2.03857069891e-07, 0.000122673882288, 4.08442683693e-05, 1.03513120848e-05, 3.6405701394e-05, 3.22378559758e-06, 3.19062928611e-06, 2.26107226808e-06, 2.12752843254e-06, 4.87628767587e-06, 2.89646914098e-06, 6.19947513769e-06, 4.24663795684e-07, 3.11050456503e-07, 2.88383887437e-07, 2.00332053168e-07, 1.293266223e-07, 7.05256013589e-08, 2.76485376816e-08, 4.5312084751e-08, 3.17261417138e-08, 2.11821742369e-08, 9.31088806055e-09, 1.48073775463e-08, 2.00355003699e-08, 9.4468273204e-09, 1.39218236939e-09], "mean": [0.000597731792368, 0.0184512455016, 0.0071284645237, 0.00339549779892, 0.00507824216038, 0.00177262898069, 0.00171151501127, 0.00124705571216, 0.00186333700549, 0.00209989305586, 0.0013117142953, 0.00116393202916, 0.000651873357128, 0.000576376332901, 0.000629916030448, 0.000522631860804, 0.0005487393355, 0.000457894202555, 0.00028764383751, 0.000347700173734, 0.000290226831567, 0.000185692580999, 0.000109602136945, 9.88519532257e-05, 7.67490346334e-05, 5.2055784181e-05, 1.88333106053e-05], "min": [2.72844282713e-25, 6.7367932445e-25, 3.12962814776e-25, 4.60975997562e-25, 7.97502008691e-24, 1.15762545274e-23, 7.14851789473e-24, 8.04641436541e-24, 1.62542817369e-23, 1.26204949511e-23, 1.01177067227e-23, 1.90961673474e-23, 7.14947636073e-24, 3.02157581853e-23, 3.92469502172e-23, 4.7708950707e-23, 5.00151161437e-23, 9.22035772152e-23, 1.09374352819e-22, 1.76026409769e-22, 2.3723430411e-22, 3.09867769502e-22, 3.75039973881e-22, 5.85490544371e-22, 8.99864867965e-22, 1.20686741893e-21, 1.77122310485e-21], "median": [0.000428289087722, 0.0160756148398, 0.0040028966032, 0.00217870529741, 0.00310028111562, 0.00107986317016, 0.000866232614499, 0.000658858916722, 0.0012063649483, 0.00105165422428, 0.000638716039248, 0.000439001683844, 0.000316851917887, 0.000340388651239, 0.00042726250831, 0.000370146532077, 0.000401282653911, 0.000366642459994, 0.000217615903239, 0.000255445949733, 0.000198843961698, 0.000107573810965, 4.56308007415e-05, 3.62553473678e-05, 3.28864662151e-05, 1.89397342183e-05, 1.93138498616e-06], "dvar2": [4.40829722947e-07, 0.000344296364347, 0.000112889523734, 2.86894064629e-05, 0.000101171623101, 8.82444510353e-06, 7.75625630922e-06, 5.75107333134e-06, 5.01464592162e-06, 1.11271119749e-05, 6.95644530424e-06, 1.24941052491e-05, 1.03718900846e-06, 7.83267637416e-07, 7.13627855475e-07, 4.75731383176e-07, 3.23508601241e-07, 1.82237030799e-07, 6.95124455774e-08, 1.1992288762e-07, 8.03832307383e-08, 5.29287298434e-08, 2.06673327341e-08, 3.06780449932e-08, 3.94654620095e-08, 1.77365233611e-08, 2.82079049008e-09], "var": [4.45724595011e-07, 0.000200280977879, 7.22932163626e-05, 1.46607681017e-05, 4.2113231757e-05, 5.47105400983e-06, 8.19443084765e-06, 3.75727722712e-06, 4.95057656735e-06, 1.60807630891e-05, 7.70106908021e-06, 1.09816328404e-05, 9.24913649669e-07, 6.17297075678e-07, 6.15724047748e-07, 4.77007461086e-07, 3.66971505628e-07, 1.56549035069e-07, 6.7096237899e-08, 1.10550843146e-07, 8.40795024715e-08, 4.87535523064e-08, 2.61454058403e-08, 3.80831011171e-08, 3.96655401858e-08, 2.02085992385e-08, 2.59247046053e-09], "dmean2": [0.000475149485283, 0.013245433569, 0.00781023316085, 0.00380434491672, 0.00503364764154, 0.00172326690517, 0.00159219803754, 0.00124087859876, 0.0015406847233, 0.00179451121949, 0.00117829593364, 0.00112487387378, 0.000591057410929, 0.0005023147678, 0.000525485025719, 0.000406825623941, 0.000411264627473, 0.00032203560113, 0.000200383088668, 0.000242903493927, 0.000195343367523, 0.0001325217454, 8.00689085736e-05, 6.84728365741e-05, 5.47079544049e-05, 3.98754054913e-05, 1.84352848009e-05], "max": [0.00746199302375, 0.130378946662, 0.0787957683206, 0.0451218001544, 0.0816193148494, 0.0330691635609, 0.0396295003593, 0.0298893135041, 0.0285890307277, 0.0458329096437, 0.0424300916493, 0.0608478300273, 0.0169210843742, 0.0135412411764, 0.0107431942597, 0.0171002261341, 0.0124673470855, 0.00639495067298, 0.00446585798636, 0.00403364142403, 0.00300914305262, 0.00345294154249, 0.00332494755276, 0.00386757100932, 0.00532249175012, 0.00415420159698, 0.00131361698732], "dmean": [0.000306244153762, 0.00796715170145, 0.00466279545799, 0.0022228336893, 0.00299779209308, 0.0010250142077, 0.00098645221442, 0.000769412727095, 0.000975229893811, 0.00112490425818, 0.000735575216822, 0.000726495869458, 0.000361917191185, 0.00030819143285, 0.000321286992403, 0.000247990741627, 0.000251815072261, 0.000197289453354, 0.000123543301015, 0.000147724698763, 0.000120246702863, 8.38685809867e-05, 5.11656799063e-05, 4.529906073e-05, 3.78094082407e-05, 2.87292750727e-05, 1.33110615934e-05]}, "erbbands_spread": {"dvar": 38.3716316223, "mean": 39.3625602722, "min": 4.0509147644, "median": 38.9548988342, "dvar2": 83.8164901733, "var": 186.607330322, "dmean2": 9.92696094513, "max": 145.36340332, "dmean": 6.38968801498}, "barkbands_kurtosis": {"dvar": 10.0748806, "mean": 3.44379615784, "min": -1.80847609043, "median": 2.30140471458, "dvar2": 26.2388114929, "var": 22.9580307007, "dmean2": 3.38617706299, "max": 102.527305603, "dmean": 2.05583643913}, "spectral_flux": {"dvar": 0.000731021165848, "mean": 0.103757493198, "min": 6.40694858278e-11, "median": 0.0997938811779, "dvar2": 0.00158087117597, "var": 0.00213847798295, "dmean2": 0.0396366342902, "max": 0.333515405655, "dmean": 0.024638120085}, "silence_rate_20dB": {"dvar": 0, "mean": 1, "min": 1, "median": 1, "dvar2": 0, "var": 0, "dmean2": 0, "max": 1, "dmean": 0}, "gfcc": {"cov": [[31571.0058594, 1072.84997559, -2154.20092773, 885.35546875, -1304.14306641, 672.977539063, -541.458984375, 486.815673828, -494.772094727, 139.790145874, -578.233581543, 105.779388428, -323.249237061], [1072.84997559, 1323.1036377, -579.167785645, 96.8293838501, 115.072921753, -195.856460571, 71.894821167, -72.5526657104, -29.106464386, -38.5342521667, 35.0015144348, -64.5008163452, 72.0951461792], [-2154.20092773, -579.167785645, 721.585998535, -127.874755859, 53.7487831116, 62.0559844971, -41.3549385071, 53.0946960449, 45.8048744202, 6.83509016037, -18.684545517, 30.9486141205, -14.981379509], [885.35546875, 96.8293838501, -127.874755859, 228.693161011, -73.3835983276, -1.21351861954, -22.8526172638, 8.40644550323, -3.60528802872, -16.7922954559, -30.734664917, -14.1019878387, 11.2446203232], [-1304.14306641, 115.072921753, 53.7487831116, -73.3835983276, 242.931808472, -60.8136825562, 71.7581634521, -46.9821777344, 27.3949928284, -10.7184944153, 40.5584449768, -15.1234493256, 21.6143016815], [672.977539063, -195.856460571, 62.0559844971, -1.21351861954, -60.8136825562, 173.298782349, -9.39464664459, 46.8187179565, -25.2363834381, 18.452878952, -7.75537109375, 24.0932807922, -30.8473033905], [-541.458984375, 71.894821167, -41.3549385071, -22.8526172638, 71.7581634521, -9.39464664459, 127.323814392, -8.67579078674, 12.6261930466, -11.8037862778, 25.6033039093, -11.6443157196, 3.20749092102], [486.815673828, -72.5526657104, 53.0946960449, 8.40644550323, -46.9821777344, 46.8187179565, -8.67579078674, 99.1555786133, 17.0095252991, 25.173915863, -28.1291885376, 4.78510189056, -14.0139217377], [-494.772094727, -29.106464386, 45.8048744202, -3.60528802872, 27.3949928284, -25.2363834381, 12.6261930466, 17.0095252991, 73.3167037964, 17.7884349823, 6.9936914444, -6.05738639832, 3.87549829483], [139.790145874, -38.5342521667, 6.83509016037, -16.7922954559, -10.7184944153, 18.452878952, -11.8037862778, 25.173915863, 17.7884349823, 63.6404800415, 21.5110149384, 17.0135402679, -8.45982265472], [-578.233581543, 35.0015144348, -18.684545517, -30.734664917, 40.5584449768, -7.75537109375, 25.6033039093, -28.1291885376, 6.9936914444, 21.5110149384, 86.5276947021, 26.1661911011, 12.4261379242], [105.779388428, -64.5008163452, 30.9486141205, -14.1019878387, -15.1234493256, 24.0932807922, -11.6443157196, 4.78510189056, -6.05738639832, 17.0135402679, 26.1661911011, 65.0107269287, 15.363940239], [-323.249237061, 72.0951461792, -14.981379509, 11.2446203232, 21.6143016815, -30.8473033905, 3.20749092102, -14.0139217377, 3.87549829483, -8.45982265472, 12.4261379242, 15.363940239, 54.0758132935]], "mean": [25.6077098846, 99.0267791748, -108.47026825, 33.7280235291, -40.2387695313, 14.5783128738, -20.63879776, 13.0475940704, -20.3998794556, 2.99635958672, -18.7202396393, 2.54613447189, -6.97094106674], "icov": [[9.29348752834e-05, -7.64875585446e-05, 0.000271833851002, -0.000110575376311, 6.86531275278e-05, -0.000199300557142, 0.000218128581764, -0.000243238988332, 0.00026099869865, -0.000165908306371, 0.000582306121942, -0.000520403496921, 0.00050809700042], [-7.64875585446e-05, 0.0016833699774, 0.000937262666412, -7.90624762885e-05, -0.000885759538505, 0.00125458405819, -9.1626039648e-05, -0.000741301395465, 0.000747180078179, 0.000343991297996, -0.00105917954352, 0.0015128380619, -0.00172855658457], [0.000271833851002, 0.000937262666412, 0.00363882235251, 0.00062802847242, -0.00120462977793, -0.000642313389108, 0.00195464608259, -0.00221128808334, -0.000275191763649, 0.00106013834011, 0.00185398617759, -0.00191957992502, 0.00098390399944], [-0.000110575376311, -7.90624762885e-05, 0.00062802847242, 0.00606877729297, 0.00145252491347, -0.000461290270323, 0.000511635735165, 0.000113192210847, -0.00189969607163, 0.00181569578126, 0.000359629339073, 0.00152482884005, -0.00258394400589], [6.86531275278e-05, -0.000885759538505, -0.00120462977793, 0.00145252491347, 0.00754149770364, 0.000350199523382, -0.00298708444461, 0.00263271364383, -0.00150839355774, -0.000460429611849, -0.00068673939677, 0.00132988626137, -0.00118357955944], [-0.000199300557142, 0.00125458405819, -0.000642313389108, -0.000461290270323, 0.000350199523382, 0.0102911200374, -0.00171487592161, -0.00332792312838, 0.0041180215776, -0.000554712896701, -0.00214167847298, -0.00121497584041, 0.00247921841219], [0.000218128581764, -9.1626039648e-05, 0.00195464608259, 0.000511635735165, -0.00298708444461, -0.00171487592161, 0.0119256321341, -0.00308136432432, -0.00141379609704, 0.00418433500454, -0.00248592766002, 0.000389476655982, 0.00178751652129], [-0.000243238988332, -0.000741301395465, -0.00221128808334, 0.000113192210847, 0.00263271364383, -0.00332792312838, -0.00308136432432, 0