{"tonal": {"chords_key": "A", "hpcp_entropy": {"dmean": 0.654602110386, "dmean2": 1.12145125866, "max": 4.41481208801, "dvar": 0.280528128147, "mean": 2.29108214378, "dvar2": 0.803467214108, "min": 0, "var": 0.515428841114, "median": 2.33707141876}, "key_key": "A", "chords_strength": {"dmean": 0.0100941704586, "dmean2": 0.0110259782523, "max": 0.840917408466, "dvar": 0.000253845122643, "mean": 0.505852937698, "dvar2": 0.000466451456305, "min": -1, "var": 0.0160088855773, "median": 0.501610934734}, "key_scale": "minor", "chords_number_rate": 0.00114820699673, "thpcp": [1, 0.641775727272, 0.305520832539, 0.274747759104, 0.298182696104, 0.472154170275, 0.663334965706, 0.544984579086, 0.444901555777, 0.439342409372, 0.321317106485, 0.300211936235, 0.317522287369, 0.286233782768, 0.370083928108, 0.447446942329, 0.369352698326, 0.268878668547, 0.213435322046, 0.231164440513, 0.501121282578, 0.695808231831, 0.473200231791, 0.284220278263, 0.204324394464, 0.126720204949, 0.181871518493, 0.253339886665, 0.255906581879, 0.353422045708, 0.459820479155, 0.364800184965, 0.26174646616, 0.250099539757, 0.343029379845, 0.74932128191], "key_strength": 0.726759254932, "tuning_nontempered_energy_ratio": 0.708371639252, "tuning_frequency": 440, "chords_changes_rate": 0.0603250302374, "tuning_diatonic_strength": 0.559326291084, "chords_scale": "major", "chords_histogram": [16.5871753693, 6.22681522369, 11.702878952, 2.87051749229, 6.73025989532, 2.62321138382, 0.0264970846474, 34.3313903809, 6.03250312805, 3.15315318108, 1.87246072292, 1.32485425472, 0, 0.326797395945, 3.49761533737, 1.28952479362, 0, 0.185479596257, 0.72425365448, 0.0971559807658, 0.150150150061, 0.220809042454, 0.0264970846474, 0], "tuning_equal_tempered_deviation": 0.0261731743813, "hpcp": {"dmean": [0.22608666122, 0.207125097513, 0.15600194037, 0.145257875323, 0.148911207914, 0.160110235214, 0.17594191432, 0.179416418076, 0.167346209288, 0.1458748281, 0.129529297352, 0.128086179495, 0.131709888577, 0.127752199769, 0.138194665313, 0.153584703803, 0.14287057519, 0.11866813153, 0.099314391613, 0.102471984923, 0.144580036402, 0.175353258848, 0.155636832118, 0.146636158228, 0.1123136729, 0.0658527612686, 0.0724622756243, 0.0872344896197, 0.10515126586, 0.148304671049, 0.157897025347, 0.153624475002, 0.130364254117, 0.13006554544, 0.17638476193, 0.239845708013], "dmean2": [0.399541437626, 0.367773473263, 0.287683874369, 0.270820707083, 0.274971812963, 0.284130334854, 0.307026654482, 0.315881669521, 0.300139039755, 0.261988699436, 0.232394009829, 0.230293020606, 0.236167967319, 0.23158839345, 0.245970144868, 0.270457327366, 0.254898190498, 0.214545384049, 0.182181030512, 0.186454921961, 0.24968880415, 0.301508873701, 0.274700701237, 0.268702864647, 0.208499610424, 0.122217796743, 0.131324768066, 0.154074192047, 0.190751895308, 0.267249017954, 0.279230028391, 0.273858249187, 0.239281982183, 0.241370797157, 0.325798660517, 0.427525877953], "max": [1, 1, 1, 1, 1, 1, 1, 1, 1, 1, 1, 1, 1, 1, 1, 1, 1, 1, 1, 1, 1, 1, 1, 1, 1, 1, 1, 1, 1, 1, 1, 1, 1, 1, 1, 1], "dvar": [0.0700887665153, 0.0591652207077, 0.0559919737279, 0.0570855103433, 0.0566847734153, 0.0492090210319, 0.0522012002766, 0.0517119206488, 0.0559198372066, 0.0500567741692, 0.041120480746, 0.0404440499842, 0.0416488610208, 0.0408241599798, 0.041401475668, 0.045039139688, 0.0431674048305, 0.0379477962852, 0.0313805304468, 0.0288169067353, 0.0350717715919, 0.0452214851975, 0.0379149504006, 0.0510746575892, 0.037391141057, 0.022556187585, 0.0219209287316, 0.0242435988039, 0.0319687724113, 0.0511791817844, 0.0560630746186, 0.0568189434707, 0.0498278848827, 0.0509727224708, 0.0637722760439, 0.0731060728431], "mean": [0.392398923635, 0.251832097769, 0.119886048138, 0.107810728252, 0.117006570101, 0.185272783041, 0.260291934013, 0.213851362467, 0.174578890204, 0.172397494316, 0.126084491611, 0.117802836001, 0.124595403671, 0.112317830324, 0.145220533013, 0.175577700138, 0.144933596253, 0.105507701635, 0.0837517902255, 0.0907086804509, 0.196639448404, 0.273034393787, 0.185683265328, 0.111527726054, 0.0801766738296, 0.0497248694301, 0.0713661909103, 0.099410302937, 0.100417464972, 0.138682425022, 0.180433064699, 0.143147200346, 0.102709032595, 0.0981387868524, 0.134604364634, 0.294032871723], "dvar2": [0.176128476858, 0.159528404474, 0.155820354819, 0.16141410172, 0.161342442036, 0.137812554836, 0.135112345219, 0.138126552105, 0.152926623821, 0.133753016591, 0.113090887666, 0.111271902919, 0.113365739584, 0.11143566668, 0.110651724041, 0.119436681271, 0.113531440496, 0.105353847146, 0.0901882722974, 0.0809297859669, 0.0943916141987, 0.115490719676, 0.102126851678, 0.138306871057, 0.100700892508, 0.0645228326321, 0.0625706762075, 0.0678989514709, 0.0904867202044, 0.145356446505, 0.140507519245, 0.154617995024, 0.139117017388, 0.141740828753, 0.177957624197, 0.20510314405], "min": [0, 0, 0, 0, 0, 0, 0, 0, 0, 0, 0, 0, 0, 0, 0, 0, 0, 0, 0, 0, 0, 0, 0, 0, 0, 0, 0, 0, 0, 0, 0, 0, 0, 0, 0, 0], "var": [0.142348453403, 0.0783278644085, 0.0450579412282, 0.0429736077785, 0.045245796442, 0.0609452687204, 0.0967680290341, 0.0667767301202, 0.0700036883354, 0.0778636932373, 0.0419766865671, 0.0362579673529, 0.0386082418263, 0.0348218493164, 0.0465156659484, 0.0594786852598, 0.046753089875, 0.0327397435904, 0.0242740139365, 0.0244834460318, 0.0562027320266, 0.0903863459826, 0.0470625460148, 0.0405373871326, 0.0279196538031, 0.0152723984793, 0.0189662929624, 0.0282058566809, 0.0283561106771, 0.0480294376612, 0.0747999772429, 0.0560420379043, 0.0386093631387, 0.0381169691682, 0.0514312982559, 0.0993629693985], "median": [0.250182509422, 0.141219139099, 0.0295321792364, 0.0221410542727, 0.0277165547013, 0.0735718309879, 0.1160338521, 0.102670945227, 0.048043075949, 0.0392114147544, 0.0362888947129, 0.0421643406153, 0.0460062846541, 0.0397573746741, 0.05093498528, 0.0681912302971, 0.0558969974518, 0.0352510362864, 0.0269921384752, 0.0333661064506, 0.100943803787, 0.149380892515, 0.103489220142, 0.029249208048, 0.0145587064326, 0.0117538571358, 0.0211266838014, 0.0342322215438, 0.037017583847, 0.0477278381586, 0.0531951338053, 0.0381366983056, 0.0250240825117, 0.0207545235753, 0.0345717705786, 0.162912607193]}}, "lowlevel": {"melbands_flatness_db": {"dmean": 0.0341919921339, "dmean2": 0.0540806427598, "max": 0.727737605572, "dvar": 0.00100041856058, "mean": 0.279504030943, "dvar2": 0.00233070761897, "min": 0.000827371084597, "var": 0.0126733072102, "median": 0.252382695675}, "melbands_crest": {"dmean": 3.80533695221, "dmean2": 6.46816968918, "max": 34.3405761719, "dvar": 9.35917282104, "mean": 14.5697288513, "dvar2": 26.4290676117, "min": 1.45733428001, "var": 24.6746768951, "median": 13.8997325897}, "spectral_entropy": {"dmean": 0.185018241405, "dmean2": 0.286225557327, "max": 9.82079315186, "dvar": 0.0502101406455, "mean": 7.11106920242, "dvar2": 0.114861354232, "min": 3.76537299156, "var": 0.558896839619, "median": 7.33678722382}, "melbands": {"dmean": [0.000907210865989, 0.00255856127478, 0.00125093373936, 0.000832361634821, 0.000397680036258, 0.000255242310232, 0.000188175647054, 0.000145531987073, 0.000110985551146, 9.47337903199e-05, 3.72731956304e-05, 4.28210259997e-05, 3.2145606383e-05, 1.73382413777e-05, 2.41901325353e-05, 2.0889672669e-05, 2.16672287934e-05, 2.16113094211e-05, 2.69269894488e-05, 2.15026211663e-05, 1.62058458955e-05, 1.63180375239e-05, 6.91180230206e-06, 4.45362411483e-06, 4.49706431027e-06, 3.64632205674e-06, 1.64563493854e-06, 2.74760668617e-06, 1.58038608333e-06, 1.53512598899e-06, 1.11539054615e-06, 9.81959487945e-07, 6.43568625947e-07, 5.10969641709e-07, 4.70626815741e-07, 3.61111574421e-07, 2.71158199894e-07, 2.21030191483e-07, 1.66149433767e-07, 1.55737993168e-07], "dmean2": [0.00151591945905, 0.00445588538423, 0.00217845942825, 0.00142584461719, 0.000658671604469, 0.000405364407925, 0.000292306940537, 0.000235862957197, 0.000183586977073, 0.000156347305165, 6.17970072199e-05, 7.07130311639e-05, 5.39509783266e-05, 2.93396569759e-05, 4.05979626521e-05, 3.43057290593e-05, 3.5149318137e-05, 3.59272235073e-05, 4.48170758318e-05, 3.56560813088e-05, 2.70605014521e-05, 2.74376998277e-05, 1.15424745672e-05, 7.41451685826e-06, 7.4649524322e-06, 6.06810863246e-06, 2.69692714028e-06, 4.60814271719e-06, 2.63081915364e-06, 2.56921794062e-06, 1.78700167908e-06, 1.59310354775e-06, 1.0167847222e-06, 8.22448782856e-07, 7.47032117943e-07, 5.67165841403e-07, 4.29470304653e-07, 3.48091049318e-07, 2.64084178525e-07, 2.45053769277e-07], "max": [0.0186726562679, 0.0488536059856, 0.0242479797453, 0.026425505057, 0.0104871252552, 0.00956502184272, 0.00656888773665, 0.00523793650791, 0.00378588028252, 0.00287007680163, 0.00175874249544, 0.00145813229028, 0.00114768894855, 0.00110040931031, 0.000987796578556, 0.000807642878499, 0.000883674307261, 0.00133558432572, 0.000715027097613, 0.000589577655774, 0.000470845698146, 0.00130164681468, 0.000298406084767, 0.000188684469322, 0.000219466746785, 0.000155592715601, 0.000144487930811, 0.000195338870981, 9.71286935965e-05, 9.15886848816e-05, 4.79709015053e-05, 9.07035864657e-05, 4.18133022322e-05, 3.94596754631e-05, 7.2175222158e-05, 6.09741946391e-05, 2.11313144973e-05, 1.74008182512e-05, 1.47414930325e-05, 1.57519953063e-05], "dvar": [3.31548926624e-06, 1.58116527018e-05, 3.46698334397e-06, 1.78086759206e-06, 3.60409501354e-07, 1.6545565984e-07, 8.95587390914e-08, 5.43873603931e-08, 3.01050988583e-08, 2.56955221545e-08, 4.27833812822e-09, 6.503421357e-09, 3.59487217771e-09, 1.56155632869e-09, 1.93952676142e-09, 1.17406129263e-09, 1.27443111619e-09, 1.31010591264e-09, 1.80344295053e-09, 1.09038222895e-09, 6.99831081974e-10, 1.01605990288e-09, 1.56291868336e-10, 5.44972574013e-11, 6.43967171254e-11, 4.79648959439e-11, 1.13601706167e-11, 3.33518872242e-11, 1.02910535996e-11, 1.04575436852e-11, 5.90710943701e-12, 5.42956088076e-12, 2.73192449565e-12, 1.89442558862e-12, 1.69862702463e-12, 1.2668534841e-12, 6.99294626112e-13, 4.81198685499e-13, 3.64672783073e-13, 2.87698142219e-13], "mean": [0.0012150905095, 0.00347101734951, 0.00176717725117, 0.00136708153877, 0.00076989387162, 0.000508821511175, 0.000388816755731, 0.000278960971627, 0.00019113504095, 0.000140371659654, 6.23846499366e-05, 6.15325552644e-05, 4.75983651995e-05, 2.52610498137e-05, 3.59639925591e-05, 3.61708152923e-05, 4.54479886685e-05, 4.24072459282e-05, 5.63992762181e-05, 4.33499117207e-05, 3.35808908858e-05, 3.29695321852e-05, 1.30664457174e-05, 9.22510753298e-06, 9.03463660507e-06, 6.88165619067e-06, 3.29677391164e-06, 5.39144048162e-06, 3.07865411742e-06, 2.89157583211e-06, 2.03952254196e-06, 1.89359093383e-06, 1.20005597637e-06, 9.02270244296e-07, 8.62972399318e-07, 6.66896255552e-07, 4.94734536005e-07, 4.01314025567e-07, 3.01502211641e-07, 2.80426547761e-07], "dvar2": [8.67403559823e-06, 4.47019083367e-05, 9.89291947917e-06, 4.93050265504e-06, 9.45470787883e-07, 4.07280197123e-07, 2.07755135762e-07, 1.37593161753e-07, 8.03531676752e-08, 6.49369695793e-08, 1.11278053438e-08, 1.6291286542e-08, 9.35732202834e-09, 4.14893808198e-09, 5.16790565896e-09, 3.01460811869e-09, 3.30076233013e-09, 3.58919449717e-09, 4.97582774983e-09, 2.89926038732e-09, 1.93727789366e-09, 2.78563550005e-09, 4.14986628394e-10, 1.47652320925e-10, 1.6981843709e-10, 1.29119243075e-10, 2.95561214392e-11, 9.1265772717e-11, 2.8082595277e-11, 2.80614004255e-11, 1.44886047604e-11, 1.40804217244e-11, 6.68452099228e-12, 4.68791975725e-12, 4.10931531858e-12, 3.20317275308e-12, 1.7675029192e-12, 1.18992641261e-12, 9.49455358085e-13, 7.1883194926e-13], "min": [7.15661121319e-25, 1.5532674182e-24, 1.38094548662e-24, 8.20461489793e-25, 2.58539044545e-24, 2.02895083987e-24, 1.97018839383e-24, 2.87409125144e-24, 1.76666149142e-24, 2.42951369995e-24, 1.54900411805e-24, 2.06779060376e-24, 2.1527166078e-24, 2.30200478702e-24, 1.39914223973e-24, 3.0088318495e-24, 2.74387477068e-24, 2.76220848976e-24, 3.07045253582e-24, 2.22766805734e-24, 5.0313599811e-24, 4.81491193149e-24, 5.2852102928e-24, 2.98423240546e-24, 5.23845924011e-24, 5.25423645822e-24, 4.83679808844e-24, 4.55211712041e-24, 4.2372795777e-24, 5.67763348884e-24, 4.720247834e-24, 5.2036057876e-24, 5.08582491014e-24, 4.58781780954e-24, 5.92622446489e-24, 6.45649992082e-24, 5.8015150221e-24, 7.20688729083e-24, 5.50154080213e-24, 7.01924015845e-24], "var": [3.58462830263e-06, 1.96022047021e-05, 4.43400222139e-06, 2.89631020678e-06, 8.21248647753e-07, 4.31636948406e-07, 2.77055704601e-07, 1.24506414068e-07, 5.83476698068e-08, 3.78540541135e-08, 6.46253761616e-09, 7.7042070501e-09, 4.70788075191e-09, 1.55405111002e-09, 2.42203790357e-09, 2.07900163751e-09, 3.30377547542e-09, 2.73335842849e-09, 4.73121675171e-09, 2.84017365182e-09, 1.83152448763e-09, 2.17678164383e-09, 2.63569860381e-10, 1.2932090121e-10, 1.55246218658e-10, 1.03217719094e-10, 2.59897919158e-11, 8.87395296134e-11, 2.54083559748e-11, 2.58420108229e-11, 1.29155384304e-11, 1.42616829804e-11, 6.1783239115e-12, 3.62575334339e-12, 3.78621309652e-12, 2.43316933442e-12, 1.3353284407e-12, 9.0917404898e-13, 5.91846992422e-13, 5.03854933036e-13], "median": [0.000511838472448, 0.00185220059939, 0.00105846836232, 0.000792951905169, 0.000470634666272, 0.000276831677184, 0.000188826583326, 0.000165078308783, 0.000111863024358, 7.52169144107e-05, 3.95027491322e-05, 3.42577695847e-05, 2.64034479187e-05, 1.48615927174e-05, 2.14517531276e-05, 2.20286729018e-05, 2.73114346783e-05, 2.6575567972e-05, 3.36502307619e-05, 2.5127445042e-05, 1.70646999322e-05, 1.4938647837e-05, 8.38929918245e-06, 4.93873358209e-06, 3.92957554141e-06, 2.73590603683e-06, 1.37270535561e-06, 1.580893354e-06, 8.49061734698e-07, 6.53561130548e-07, 4.06603817282e-07, 2.29264642826e-07, 1.33288651227e-07, 8.93531506563e-08, 3.78301017179e-08, 2.25103491402e-08, 1.3716430658e-08, 1.03582209476e-08, 7.20787651787e-09, 4.36139035997e-09]}, "silence_rate_60dB": {"dmean": 0.0336542725563, "dmean2": 0.0673115178943, "max": 1, "dvar": 0.0325448177755, "mean": 0.098750166595, "dvar2": 0.0768125653267, "min": 0, "var": 0.0890115499496, "median": 0}, "spectral_energyband_middle_high": {"dmean": 0.00114872085396, "dmean2": 0.00178710417822, "max": 0.0249582193792, "dvar": 2.07181687983e-06, "mean": 0.00398839032277, "dvar2": 4.89482590638e-06, "min": 1.10290085277e-21, "var": 1.27147950479e-05, "median": 0.00336367031559}, "erbbands_skewness": {"dmean": 0.337987154722, "dmean2": 0.546239852905, "max": 6.61634922028, "dvar": 0.10820300132, "mean": 0.450280070305, "dvar2": 0.280532300472, "min": -2.90805840492, "var": 1.04838740826, "median": 0.285858988762}, "dynamic_complexity": 4.20467376709, "dissonance": {"dmean": 0.0208053328097, "dmean2": 0.0350792184472, "max": 0.500000119209, "dvar": 0.000503375544213, "mean": 0.456422656775, "dvar2": 0.0013792241225, "min": 0.179246991873, "var": 0.00145058741327, "median": 0.467889636755}, "spectral_skewness": {"dmean": 0.419873446226, "dmean2": 0.680174648762, "max": 8.67091655731, "dvar": 0.255582153797, "mean": 2.14134049416, "dvar2": 0.61874628067, "min": -0.0904251933098, "var": 1.44200181961, "median": 1.73825490475}, "spectral_kurtosis": {"dmean": 4.69780826569, "dmean2": 7.78653144836, "max": 101.349876404, "dvar": 44.4585494995, "mean": 10.5333557129, "dvar2": 111.525527954, "min": -1.25736165047, "var": 133.11050415, "median": 6.71018505096}, "gfcc": {"cov": [[21477.671875, -2253.48583984, -3811.51904297, 443.804382324, -798.465087891, 117.762252808, -801.796508789, 306.235992432, -267.220275879, 504.552246094, -476.278503418, -97.3819198608, -278.941711426], [-2253.48583984, 1879.24719238, -244.2709198, -97.8930664062, 373.213928223, -277.635620117, 317.559448242, -263.596069336, 185.943817139, -237.678634644, 146.396026611, -65.4019775391, 176.047286987], [-3811.51904297, -244.2709198, 2342.24755859, 7.7904343605, -165.550842285, 332.728118896, -11.8860578537, 130.124771118, -66.7188568115, -13.9496994019, 127.914352417, 72.6070098877, -38.2184524536], [443.804382324, -97.8930664062, 7.7904343605, 191.850418091, -54.4280204773, 45.7546005249, -1.47575438023, 26.5243415833, -15.1172590256, 15.574631691, -9.27015113831, -9.94220256805, -3.91567134857], [-798.465087891, 373.213928223, -165.550842285, -54.4280204773, 285.084564209, -112.831184387, 122.340171814, -58.0530776978, 54.2550354004, -37.4348258972, 3.33791351318, 0.0842065438628, 36.9865112305], [117.762252808, -277.635620117, 332.728118896, 45.7546005249, -112.831184387, 236.142593384, -49.9695129395, 75.8109283447, -23.9575824738, 28.2443256378, 31.5117816925, 1.50845682621, -27.5865039825], [-801.796508789, 317.559448242, -11.8860578537, -1.47575438023, 122.340171814, -49.9695129395, 166.174057007, -35.568321228, 41.7882385254, -43.9478912354, 23.3244476318, -7.35021114349, 29.6607112885], [306.235992432, -263.596069336, 130.124771118, 26.5243415833, -58.0530776978, 75.8109283447, -35.568321228, 117.119338989, -6.87203836441, 45.6757278442, -13.2636938095, 14.6652593613, -25.8695793152], [-267.220275879, 185.943817139, -66.7188568115, -15.1172590256, 54.2550354004, -23.9575824738, 41.7882385254, -6.87203836441, 76.7894210815, -4.11791467667, 23.9970607758, -8.4634847641, 22.3300228119], [504.552246094, -237.678634644, -13.9496994019, 15.574631691, -37.4348258972, 28.2443256378, -43.9478912354, 45.6757278442, -4.11791467667, 92.6336593628, -3.23474860191, 13.9607849121, -24.7213973999], [-476.278503418, 146.396026611, 127.914352417, -9.27015113831, 3.33791351318, 31.5117816925, 23.3244476318, -13.2636938095, 23.9970607758, -3.23474860191, 84.3547592163, 7.69076681137, 17.6367588043], [-97.3819198608, -65.4019775391, 72.6070098877, -9.94220256805, 0.0842065438628, 1.50845682621, -7.35021114349, 14.6652593613, -8.4634847641, 13.9607849121, 7.69076681137, 51.9093170166, 10.7247476578], [-278.941711426, 176.047286987, -38.2184524536, -3.91567134857, 36.9865112305, -27.5865039825, 29.6607112885, -25.8695793152, 22.3300228119, -24.7213973999, 17.6367588043, 10.7247476578, 59.6186447144]], "mean": [-55.2924461365, 147.626495361, -111.592842102, 34.5303230286, -41.1938056946, -1.31421899796, -34.8404159546, -3.36625170708, -13.2733650208, -3.32359337807, -16.5943870544, -7.34363889694, -6.96312046051], "icov": [[0.000132347020553, -0.000114885559015, 0.00026098973467, -0.000149210944073, 0.000228978795349, -0.000235677216551, 0.000303395558149, -0.000206267519388, 0.000296343874652, -0.000429696898209, 0.000354799674824, -0.000123228353914, 0.000252456986345], [-0.000114885559015, 0.00245070480742, -0.000303352135234, 9.92078130366e-05, -0.0009318786324, 0.0016212107148, -0.0012409776682, 0.00156782451086, -0.00240797456354, 0.00338024296798, -0.00329070584849, 0.00234983419068, -0.00248182937503], [0.00026098973467, -0.000303352135234, 0.00116882903967, -0.00016129676078, 0.000585807720199, -0.001155433245, 0.000350395101123, -0.000937922857702, 0.00115100829862, -0.000272000237601, -8.08342301752e-05, -0.00115828344133, 0.0010645694565], [-0.000149210944073, 9.92078130366e-05, -0.00016129676078, 0.00637965183705, 0.0010103326058, -0.000711153203156, -0.00207091355696, -0.000557414314244, 0.00111895264126, -0.000916481541935, 0.000560801418032, 0.00196837051772, -0.00216201599687], [0.000228978795349, -0.0009318786324, 0.000585807720199, 0.0010103326058, 0.00723438011482, 0.0003051267704, -0.00313033908606, 0.000318917940604, -0.000966909283306, -0.00197140150703, 0.00289846910164, -0.00212231650949, 0.000682831683662], [-0.000235677216551, 0.0016212107148, -0.001155433245, -0.000711153203156, 0.0003051267704, 0.00930187106133, -0.000240080582444, -0.00280825374648, -0.000457169895526, 0.00280172005296, -0.00620082765818, 0.00390696246177, -0.00119707430713], [0.000303395558149, -0.0012409776682, 0.000350395101123, -0.00207091355696, -0.00313033908606, -0.000240080582444, 0.0121070099995, -0.00140635413118, -0.000953060865868, 0.00119944778271, -0.000170484068803, -0.00049178901827, 0.001363180927], [-0.000206267519388, 0.00156782451086, -0.000937922857702, -0.000557414314244, 0.000318917940604, -0.00280825374648, -0.00140635413118, 0.0168957430869, -0.00612890627235, -0.00224016979337, 0.00324036227539, -0.00324175972492, 0.00129243545234], [0.000296343874652, -0.00240797456354, 0.00115100829862, 0.00111895264126, -0.000966909283306, -0.000457169895526, -0.000953060865868, -0.00612890627235, 0.0238394215703, -0.00628367485479, -0.00286459899507, 0.00456489389762, -0.00399695010856], [-0.000429696898209, 0.00338024296798, -0.000272000237601, -0.000916481541935, -0.00197140150703, 0.00280172005296, 0.00119944778271, -0.00224016979337, -0.00628367485479, 0.0225494150072, -0.00740908179432, -0.00223346613348, 0.00302157690749], [0.000354799674824, -0.00329070584849, -8.08342301752e-05, 0.000560801418032, 0.00289846910164, -0.00620082765818, -0.000170484068803, 0.00324036227539, -0.00286459899507, -0.00740908179432, 0.0235280673951, -0.00604928843677, 0.000314278149744], [-0.000123228353914, 0.00234983419068, -0.00115828344133, 0.00196837051772, -0.00212231650949, 0.00390696246177, -0.00049178901827, -0.00324175972492, 0.00456489389762, -0.00223346613348, -0.00604928843677, 0.0295139998198, -0.0123217217624], [0.000252456986345, -0.00248182937503, 0.0010645694565, -0.00216201599687, 0.000682831683662, -0.00119707430713, 0.001363180927, 0.00129243545234, -0.00399695010856, 0.00302157690749, 0.000314278149744, -0.0123217217624, 0.0296021122485]]}, "spectral_complexity": {"dmean": 2.96784734726, "dmean2": 4.67311525345, "max": 56, "dvar": 8.79549217224, "mean": 20.2408695221, "dvar2": 20.1722660065, "min": 0, "var": 141.630157471, "median": 21}, "spectral_flux": {"dmean": 0.0262185819447, "dmean2": 0.0421162433922, "max": 0.332034021616, "dvar": 0.000974636874162, "mean": 0.0919645503163, "dvar2": 0.00212962762453, "min": 6.47877654303e-11, "var": 0.00271451799199, "median": 0.0863854587078}, "spectral_energyband_low": {"dmean": 0.0101916743442, "dmean2": 0.0175384413451, "max": 0.177162379026, "dvar": 0.000252961326623, "mean": 0.0152435535565, "dvar2": 0.000693054753356, "min": 1.39032537805e-23, "var": 0.000325418746797, "median": 0.00893696211278}, "spectral_decrease": {"dmean": 3.26607363377e-09, "dmean2": 5.47576473053e-09, "max": 1.71342885285e-28, "dvar": 2.05263942563e-17, "mean": -8.42274960888e-09, "dvar2": 5.42417962592e-17, "min": -5.29966186491e-08, "var": 4.89184489573e-17, "median": -7.03319225082e-09}, "barkbands_spread": {"dmean": 3.315346241, "dmean2": 5.44856452942, "max": 116.517578125, "dvar": 13.0948371887, "mean": 14.7292737961, "dvar2": 34.3823547363, "min": 0.154048681259, "var": 97.5149307251, "median": 14.2508230209}, "spectral_rms": {"dmean": 0.000997967086732, "dmean2": 0.00163906847592, "max": 0.0140962256119, "dvar": 1.18947889405e-06, "mean": 0.00513729592785, "dvar2": 2.99343378174e-06, "min": 3.12146380792e-12, "var": 6.03844227953e-06, "median": 0.00522445468232}, "spectral_centroid": {"dmean": 150.981155396, "dmean2": 248.063705444, "max": 11663.5810547, "dvar": 27261.3261719, "mean": 881.949584961, "dvar2": 68463.890625, "min": 107.503341675, "var": 558793.3125, "median": 830.595458984}, "barkbands_skewness": {"dmean": 0.590569078922, "dmean2": 0.982810258865, "max": 13.3970003128, "dvar": 0.337460756302, "mean": 1.85397994518, "dvar2": 0.916382074356, "min": -2.14448213577, "var": 0.974073052406, "median": 1.78340542316}, "spectral_rolloff": {"dmean": 278.580108643, "dmean2": 477.723419189, "max": 19466.015625, "dvar": 209133.546875, "mean": 905.757263184, "dvar2": 539514.1875, "min": 21.533203125, "var": 1583463, "median": 559.86328125}, "erbbands_spread": {"dmean": 6.01573944092, "dmean2": 9.68281078339, "max": 128.849914551, "dvar": 36.0004730225, "mean": 33.3850402832, "dvar2": 89.877784729, "min": 1.34163928032, "var": 208.643341064, "median": 32.7161178589}, "barkbands": {"dmean": [0.000374795345124, 0.00407459121197, 0.00620592525229, 0.00243744347245, 0.00337395467795, 0.0013952953741, 0.000872407108545, 0.000645175809041, 0.000656880321912, 0.000301098683849, 0.000224603820243, 0.000162170879776, 0.000238220469328, 0.000212937724427, 0.000370857072994, 0.000225335024879, 0.000250206969213, 9.23934130697e-05, 8.40389766381e-05, 6.28227280686e-05, 5.30308716407e-05, 3.5780169128e-05, 2.42489022639e-05, 1.8283866666e-05, 1.23286099551e-05, 6.72258738632e-06, 3.96903033106e-06], "dmean2": [0.000535294238944, 0.00704924715683, 0.0107950735837, 0.00428315578029, 0.00573751842603, 0.00221857335418, 0.0013607670553, 0.00106458668597, 0.00108463026118, 0.000493449682835, 0.000377478485461, 0.000276036793366, 0.000396909221308, 0.000345038512023, 0.00061678054044, 0.000374260707758, 0.000420372321969, 0.000153617264004, 0.000138641815283, 0.000104283695691, 8.64728935994e-05, 5.596362098e-05, 3.76009229512e-05, 2.79330943158e-05, 1.82813528227e-05, 9.86353916232e-06, 5.90673971601e-06], "max": [0.00677950959653, 0.0889844298363, 0.112350538373, 0.0536773242056, 0.100230410695, 0.0537834353745, 0.0267869569361, 0.0242173951119, 0.020318409428, 0.0109241101891, 0.00806361995637, 0.00867945421487, 0.00820256303996, 0.00815744325519, 0.0156509783119, 0.00593805778772, 0.0147174960002, 0.00339989061467, 0.00375991733745, 0.00395928183571, 0.0026862740051, 0.0025514124427, 0.00390037707984, 0.00121024867985, 0.000876014935784, 0.000603920663707, 0.000401210796554], "dvar": [7.47517788113e-07, 5.90342169744e-05, 8.57154664118e-05, 1.55952748173e-05, 2.75895399682e-05, 4.90204683956e-06, 1.82222549938e-06, 1.07228493107e-06, 1.22953940718e-06, 2.83023268821e-07, 1.70632887375e-07, 1.22978278227e-07, 1.77965304715e-07, 1.153052267e-07, 3.43681620052e-07, 1.17751127959e-07, 1.95773935729e-07, 2.33799521965e-08, 2.37035795436e-08, 1.60627724455e-08, 1.11504601108e-08, 6.99085722644e-09, 4.46881243121e-09, 2.34840857871e-09, 1.38573152952e-09, 7.56562590354e-10, 3.92662152793e-10], "mean": [0.000401448924094, 0.00535549363121, 0.00778668187559, 0.00279108551331, 0.00577610498294, 0.00277912337333, 0.00177865789738, 0.00110314972699, 0.00100093998481, 0.000455378380138, 0.000329728558427, 0.000234307502978, 0.000381170859328, 0.000449106300948, 0.000789588259067, 0.0004780057061, 0.000522905262187, 0.000198258494493, 0.000181178722414, 0.000132654909976, 0.000110842673166, 7.60140756029e-05, 4.89349804411e-05, 3.76057614631e-05, 2.64643258561e-05, 1.15038237709e-05, 4.68337657367e-06], "dvar2": [1.55173563599e-06, 0.00016305698955, 0.000243654227233, 4.56375928479e-05, 7.5589887274e-05, 1.21490238598e-05, 4.27313170803e-06, 2.74628723673e-06, 3.12953216053e-06, 7.17729449207e-07, 4.47348270427e-07, 3.27061798089e-07, 4.65688685836e-07, 3.01709235373e-07, 9.44000362324e-07, 3.17939253591e-07, 5.40502298918e-07, 6.338415659e-08, 6.26413552141e-08, 4.32553299845e-08, 2.86836865371e-08, 1.66731535245e-08, 1.04206394624e-08, 5.23354293236e-09, 2.83923373701e-09, 1.44537071201e-09, 8.42008185398e-10], "min": [1.72111749453e-25, 1.84447709769e-24, 1.57632907651e-24, 5.38358765718e-25, 6.0446458974e-24, 8.80773692529e-24, 1.10418675284e-23, 1.0676336995e-23, 1.78166807131e-23, 1.5432938695e-23, 1.23946353965e-23, 2.23412444998e-23, 4.3620325656e-23, 2.85014245988e-23, 4.24813493484e-23, 5.73291473115e-23, 7.85688359096e-23, 8.52788173496e-23, 1.18784441054e-22, 1.70213577749e-22, 2.61398110757e-22, 3.34199925377e-22, 4.20363655335e-22, 5.54150577354e-22, 8.8587519605e-22, 1.33149189193e-21, 2.01601323231e-21], "var": [9.97432834993e-07, 6.30842405371e-05, 0.000104948638182, 1.67374000739e-05, 4.67373647552e-05, 1.28263964143e-05, 5.56076429348e-06, 2.34704384638e-06, 1.8891810214e-06, 3.76514520894e-07, 2.22521165938e-07, 1.28420012402e-07, 2.54175375858e-07, 2.98252473385e-07, 9.14901079341e-07, 3.22514750906e-07, 4.59148111531e-07, 5.74902188077e-08, 6.49482245763e-08, 4.77124295628e-08, 3.24078648362e-08, 2.13717150643e-08, 1.08858104753e-08, 7.005868774e-09, 4.048386959e-09, 1.47383660831e-09, 4.88926898967e-10], "median": [1.20569102364e-05, 0.00229979259893, 0.00390583905391, 0.00131743238308, 0.00355014530942, 0.00152383069508, 0.000884880078956, 0.000563074019738, 0.000547573145013, 0.000256809114944, 0.000182217394467, 0.000132758126711, 0.000225891475566, 0.000283931993181, 0.00047335671843, 0.000287070812192, 0.000270272867056, 0.000110393324576, 7.39870447433e-05, 4.34049543401e-05, 2.83601129922e-05, 9.50850153458e-06, 3.17894364343e-06, 9.8610621535e-07, 4.23236002689e-07, 1.33711097305e-07, 5.59164270442e-09]}, "melbands_kurtosis": {"dmean": 7.41744995117, "dmean2": 12.4674968719, "max": 289.472869873, "dvar": 102.095718384, "mean": 13.924826622, "dvar2": 268.684082031, "min": -1.76693725586, "var": 175.098403931, "median": 10.6934700012}, "erbbands_crest": {"dmean": 2.21345543861, "dmean2": 3.73253178596, "max": 27.1654872894, "dvar": 4.45877456665, "mean": 7.85082674026, "dvar2": 12.1342630386, "min": 2.33177709579, "var": 12.5935411453, "median": 6.88707208633}, "melbands_skewness": {"dmean": 0.750628232956, "dmean2": 1.24617099762, "max": 10.9366922379, "dvar": 0.517576515675, "mean": 2.76485157013, "dvar2": 1.38543391228, "min": -0.364658206701, "var": 1.15448832512, "median": 2.64892220497}, "spectral_energyband_middle_low": {"dmean": 0.00570462457836, "dmean2": 0.00942997261882, "max": 0.113302253187, "dvar": 6.28151683486e-05, "mean": 0.0153642240912, "dvar2": 0.00016588831204, "min": 1.58073210366e-22, "var": 0.000176377827302, "median": 0.0128249358386}, "spectral_contrast_coeffs": {"dmean": [0.0553479082882, 0.0452371649444, 0.0381934717298, 0.0289370473474, 0.0229645352811, 0.0212909411639], "dmean2": [0.0935221388936, 0.0759345963597, 0.0645260587335, 0.0489794127643, 0.0382176339626, 0.0333851911128], "max": [-0.310118347406, -0.504147052765, -0.60618853569, -0.625410616398, -0.648614346981, -0.60012036562], "dvar": [0.00193786690943, 0.00127637258265, 0.000898319005501, 0.000542853260413, 0.000373291171854, 0.000433137407526], "mean": [-0.621773302555, -0.748882174492, -0.797973930836, -0.801959276199, -0.792982280254, -0.74651402235], "dvar2": [0.00540180131793, 0.00352046499029, 0.0025102829095, 0.00150778819807, 0.00101106660441, 0.000990601838566], "min": [-0.976724207401, -0.980190694332, -0.981408774853, -0.974220752716, -0.974169433117, -0.964127063751], "var": [0.00601710611954, 0.00346846762113, 0.00244259578176, 0.00233557121828, 0.00253668334335, 0.00456832023337], "median": [-0.620439171791, -0.750692546368, -0.799265563488, -0.797231316566, -0.783776402473, -0.744698107243]}, "spectral_contrast_valleys": {"dmean": [0.440457284451, 0.349734783173, 0.351711720228, 0.318163484335, 0.318417549133, 0.320587277412], "dmean2": [0.733518242836, 0.572205126286, 0.555818021297, 0.485680401325, 0.460975110531, 0.43379893899], "max": [-5.0108089447, -4.59761142731, -5.21432542801, -5.72249269485, -5.68672466278, -8.13752174377], "dvar": [0.133926719427, 0.0897932499647, 0.112915091217, 0.120572827756, 0.149543479085, 0.192047983408], "mean": [-6.98458194733, -6.59535837173, -7.56918954849, -7.82331132889, -8.2340965271, -11.5399475098], "dvar2": [0.3390173316, 0.213731840253, 0.244578793645, 0.239769518375, 0.295443445444, 0.356060564518], "min": [-28.3895263672, -27.8598213196, -27.7609214783, -27.7900447845, -27.4944725037, -27.3923397064], "var": [2.18757486343, 2.71721887589, 2.87164378166, 3.64939498901, 3.65592455864, 3.36580729485], "median": [-6.80166769028, -6.21811771393, -7.11151647568, -7.18978023529, -7.66909694672, -11.7651109695]}, "silence_rate_20dB": {"dmean": 0, "dmean2": 0, "max": 1, "dvar": 0, "mean": 1, "dvar2": 0, "min": 1, "var": 0, "median": 1}, "silence_rate_30dB": {"dmean": 0.00847981590778, "dmean2": 0.0169603824615, "max": 1, "dvar": 0.00840956624597, "mean": 0.99447953701, "dvar2": 0.0227687451988, "min": 0, "var": 0.00549002876505, "median": 1}, "spectral_strongpeak": {"dmean": 0.282344102859, "dmean2": 0.48923817277, "max": 7.04998970032, "dvar": 0.157717525959, "mean": 0.487200319767, "dvar2": 0.429727315903, "min": 0, "var": 0.213296547532, "median": 0.357117086649}, "spectral_spread": {"dmean": 399817.21875, "dmean2": 601279.3125, "max": 42491484, "dvar": 314408730624, "mean": 3251646.5, "dvar2": 679251738624, "min": 886826.1875, "var": 6084571430910.0, "median": 2720992}, "barkbands_flatness_db": {"dmean": 0.027530901134, "dmean2": 0.0431119129062, "max": 0.58809620142, "dvar": 0.000704297563061, "mean": 0.19534137845, "dvar2": 0.00161280902103, "min": 0.035152181983, "var": 0.00861748401076, "median": 0.179433614016}, "pitch_salience": {"dmean": 0.0853448733687, "dmean2": 0.143828108907, "max": 0.990030229092, "dvar": 0.00516482396051, "mean": 0.584873139858, "dvar2": 0.014266836457, "min": 0.076439961791, "var": 0.0140523118898, "median": 0.604054450989}, "erbbands_kurtosis": {"dmean": 1.2810934782, "dmean2": 2.09695649147, "max": 107.235038757, "dvar": 10.7593193054, "mean": 1.35541033745, "dvar2": 28.20794487, "min": -1.71619272232, "var": 29.429019928, "median": -0.441665410995}, "average_loudness": 0.809216737747, "barkbands_crest": {"dmean": 2.69558739662, "dmean2": 4.59472703934, "max": 25.0770530701, "dvar": 5.14428853989, "mean": 9.71978855133, "dvar2": 14.4802751541, "min": 2.60735177994, "var": 14.4576692581, "median": 9.02387428284}, "hfc": {"dmean": 3.74235081673, "dmean2": 5.77080011368, "max": 104.784889221, "dvar": 21.8484020233, "mean": 16.0031070709, "dvar2": 48.1123123169, "min": 1.09693420265e-16, "var": 184.344512939, "median": 13.1920623779}, "barkbands_kurtosis": {"dmean": 4.05673837662, "dmean2": 6.85760354996, "max": 305.756378174, "dvar": 54.8223838806, "mean": 6.65828895569, "dvar2": 152.235488892, "min": -1.78832113743, "var": 110.576072693, "median": 3.75394010544}, "erbbands": {"dmean": [0.087865293026, 1.10944068432, 6.10542201996, 7.87903547287, 7.89912700653, 14.6946697235, 10.3814697266, 11.3827886581, 12.4779186249, 13.471154213, 12.8818798065, 16.5648593903, 7.53990793228, 10.206114769, 7.81076049805, 7.29101753235, 10.744052887, 10.7392101288, 13.528087616, 20.9457778931, 12.0803165436, 12.5708055496, 4.55032253265, 5.09727859497, 3.66785216331, 3.37171149254, 2.33350777626, 1.85212695599, 1.46407878399, 0.895295083523, 0.716612935066, 0.456813365221, 0.272014886141, 0.170677304268, 0.0851991400123, 0.0372705385089, 0.0140248937532, 0.00450082309544, 0.00079956126865, 3.60940066457e-05], "dmean2": [0.144766777754, 1.95263898373, 10.5859918594, 13.8081645966, 13.6445922852, 25.1416454315, 17.1158790588, 18.1568527222, 19.4784469604, 21.688041687, 21.3019332886, 27.2856292725, 12.4415426254, 16.8221054077, 13.0296115875, 12.3507661819, 17.9018249512, 17.3587207794, 22.4265556335, 34.7695617676, 20.0247192383, 20.9944248199, 7.49371004105, 8.40327167511, 6.06461334229, 5.59945011139, 3.8499341011, 2.96509194374, 2.31906795502, 1.40030920506, 1.11594986916, 0.701630115509, 0.415454894304, 0.259685963392, 0.128048598766, 0.0557641200721, 0.0209900345653, 0.00667336443439, 0.00120331568178, 5.6253567891e-05], "max": [1.84098470211, 24.0982685089, 112.549461365, 159.744689941, 189.217971802, 468.701416016, 286.241455078, 411.363647461, 436.12689209, 445.596252441, 505.888519287, 533.649536133, 353.189849854, 330.125610352, 340.876342773, 386.188262939, 416.209289551, 419.844665527, 915.948059082, 631.313598633, 389.89666748, 901.148498535, 183.24887085, 230.780075073, 163.872650146, 212.476119995, 152.484436035, 70.2354431152, 128.063446045, 67.8958511353, 122.297538757, 50.9630966187, 17.4609508514, 16.1525325775, 7.68523073196, 4.62096595764, 1.63189482689, 0.548311650753, 0.0976876020432, 0.00382777443156], "dvar": [0.0399543680251, 4.054915905, 84.883140564, 146.277618408, 156.841339111, 543.886901855, 272.750213623, 336.845855713, 404.170349121, 462.159912109, 417.848999023, 813.017211914, 168.735565186, 353.399536133, 216.898269653, 243.155502319, 378.65246582, 306.960479736, 527.414001465, 1142.44494629, 368.988067627, 540.695007324, 61.8151130676, 77.6873474121, 47.5616493225, 44.303276062, 21.1273937225, 14.5797939301, 11.6512098312, 5.32710027695, 4.04060220718, 1.65039205551, 0.649719715118, 0.300352364779, 0.0958127081394, 0.0272557046264, 0.00517795933411, 0.000540377397556, 1.76858757186e-05, 2.04512424773e-08], "mean": [0.103150777519, 1.4611954689, 7.93937969208, 10.2261285782, 11.8639383316, 23.6189670563, 19.5325393677, 22.583032608, 25.6244029999, 26.1800556183, 22.8499851227, 24.5266685486, 13.2501859665, 15.2509775162, 12.4596567154, 11.2340621948, 17.2120227814, 23.818069458, 29.0769386292, 42.5829620361, 28.7088813782, 27.5449523926, 11.0045642853, 11.2746620178, 7.73235750198, 7.20420265198, 5.04441022873, 3.8863863945, 3.06401562691, 1.7963347435, 1.43445789814, 0.896530151367, 0.54187053442, 0.338904082775, 0.161552146077, 0.0604818686843, 0.0196294412017, 0.00576534122229, 0.000920464925002, 6.40568396193e-05], "dvar2": [0.0998435914516, 11.6455917358, 239.082763672, 421.681060791, 436.696380615, 1500.31665039, 717.230285645, 832.549072266, 946.895263672, 1165.45959473, 1112.84887695, 2050.76196289, 438.736022949, 883.116210938, 559.895568848, 641.58203125, 989.792602539, 791.176208496, 1443.73449707, 3068.94335938, 1007.20349121, 1472.88537598, 164.937744141, 204.626922607, 126.410873413, 119.730941772, 56.35572052, 35.9202690125, 28.7411193848, 12.5703573227, 9.52290058136, 3.94737362862, 1.50508534908, 0.70370978117, 0.218865290284, 0.0630343034863, 0.0117917219177, 0.00124093762133, 4.11367254856e-05, 4.85961066943e-08], "min": [5.78922867127e-23, 6.43165995309e-22, 2.50368002621e-21, 7.12864090339e-21, 1.42542396562e-20, 1.69387832484e-20, 5.74338770406e-20, 8.94650697815e-20, 1.45849144765e-19, 2.6739117364e-19, 3.30447927216e-19, 4.22465592358e-19, 3.95928397536e-19, 5.56742958567e-19, 7.59801323288e-19, 1.26488126913e-18, 2.05096227558e-18, 1.90787678001e-18, 2.19855962779e-18, 2.23921700246e-18, 4.51832024048e-18, 5.30506743751e-18, 6.0981479429e-18, 6.92550060902e-18, 9.52820165895e-18, 8.14698622546e-18, 9.13906281158e-18, 8.97813151469e-18, 1.03992484866e-17, 1.03972028689e-17, 1.28297598979e-17, 1.01923904677e-17, 1.11339734677e-17, 8.95292732142e-18, 5.9855612169e-18, 4.22190503105e-18, 2.19337258497e-18, 1.04455488874e-18, 2.55989290227e-19, 2.77451337787e-20], "var": [0.0390907675028, 4.25166416168, 108.399749756, 173.198150635, 212.553878784, 927.878295898, 610.044311523, 855.341796875, 1219.16699219, 1068.52722168, 836.371582031, 1198.50830078, 264.084136963, 430.432098389, 285.244842529, 262.386749268, 495.981018066, 825.933837891, 1200.95776367, 2911.51708984, 1172.21472168, 1304.42834473, 154.867507935, 215.078140259, 123.492866516, 134.195541382, 62.8341522217, 41.8572311401, 35.4227180481, 13.055981636, 9.92564105988, 4.03562927246, 1.55831944942, 0.676296591759, 0.183102801442, 0.0378860756755, 0.00615765340626, 0.000620498496573, 1.94967906282e-05, 2.31652652616e-08], "median": [0.0360679291189, 0.680274248123, 4.01915836334, 5.53743457794, 7.09367609024, 13.0890054703, 11.4460124969, 12.3443984985, 12.2080812454, 15.399061203, 13.6536865234, 12.9852161407, 8.92564296722, 8.98247051239, 7.65973567963, 6.96571397781, 10.9636907578, 15.2795000076, 19.03166008, 24.2654495239, 16.1914710999, 14.0459451675, 7.18021917343, 5.29241371155, 3.1274433136, 2.37817573547, 1.39818429947, 0.850305855274, 0.394105106592, 0.194152966142, 0.0681415870786, 0.0268506538123, 0.0142703065649, 0.00611809175462, 0.00253927265294, 0.00097156513948, 0.000163426739164, 2.24240829994e-05, 1.66256686498e-05, 3.3806936699e-05]}, "spectral_energy": {"dmean": 0.012565667741, "dmean2": 0.0210285987705, "max": 0.20367115736, "dvar": 0.000301303574815, "mean": 0.0332409515977, "dvar2": 0.000794460705947, "min": 9.98712506879e-21, "var": 0.000748392543755, "median": 0.0279773008078}, "zerocrossingrate": {"dmean": 0.00526507897303, "dmean2": 0.00696115102619, "max": 0.52587890625, "dvar": 4.14107162214e-05, "mean": 0.0368816554546, "dvar2": 7.21878459444e-05, "min": 0.0029296875, "var": 0.00119186541997, "median": 0.03466796875}, "spectral_energyband_high": {"dmean": 0.000143058394315, "dmean2": 0.00021