{"metadata": {"audio_properties": {"downmix": "mix", "bit_rate": 251432, "lossless": false, "md5_encoded": "87687da30f7c33b260b7b223ccfa7dec", "analysis_sample_rate": 44100, "sample_rate": 44100, "replay_gain": -0.350046157837, "equal_loudness": 0, "codec": "mp3", "length": 226.874542236}, "tags": {"album": ["Derdang Derdang"], "musicbrainz_albumid": ["efca6a82-7aa8-4a83-8021-c26f7ae24712"], "musicbrainz_recordingid": ["d5288a1d-93ed-4ded-a75f-2c460b727177"], "musicbrainz_artistid": ["8d274abf-23f7-48bf-bc88-0756948a79a2"], "artist": ["Archie Bronson Outfit"], "tracknumber": ["09/11"], "title": ["How I Sang Dang"], "date": ["2006-04-03"], "file_name": "09 - Archie Bronson Outfit - How I Sang Dang.mp3"}, "version": {"essentia_build_sha": "ca57ba49d9b1854bd80e60cf9ccf267278fb7d6b", "essentia_git_sha": "v2.1_beta1-28-g21ef5f4-dirty", "extractor": "music 1.0", "essentia": "2.1-beta1"}}, "tonal": {"chords_scale": "minor", "hpcp": {"dmean": [0.178894653916, 0.204366445541, 0.233001217246, 0.251857757568, 0.243233323097, 0.196824014187, 0.162660047412, 0.166621252894, 0.182389855385, 0.189711302519, 0.147262662649, 0.10600207746, 0.0877974703908, 0.0900928229094, 0.0929429456592, 0.107710324228, 0.12261147052, 0.111181184649, 0.0950554385781, 0.106088705361, 0.128266498446, 0.176537066698, 0.193872883916, 0.208136588335, 0.239866167307, 0.171460956335, 0.128987029195, 0.105779312551, 0.0922009125352, 0.0909347981215, 0.115113891661, 0.15258346498, 0.166954830289, 0.154177188873, 0.145259276032, 0.16148942709], "dvar2": [0.156865850091, 0.175524458289, 0.179077580571, 0.18207578361, 0.182245269418, 0.144904002547, 0.12242103368, 0.133630558848, 0.133855640888, 0.141689613461, 0.110958568752, 0.0943927839398, 0.0617046952248, 0.0577034987509, 0.0539725087583, 0.0585322529078, 0.0697735697031, 0.0685193836689, 0.0655135065317, 0.0818770751357, 0.0879622399807, 0.107253313065, 0.117056310177, 0.124237604439, 0.164827883244, 0.10269279778, 0.0905018150806, 0.0776752755046, 0.0757074654102, 0.0753490552306, 0.09009732306, 0.102921754122, 0.113217376173, 0.111237488687, 0.130522072315, 0.156140059233], "mean": [0.166439443827, 0.196467220783, 0.248791083694, 0.297153532505, 0.268275499344, 0.199398890138, 0.157325491309, 0.15530090034, 0.214938923717, 0.224238112569, 0.147425636649, 0.0946944877505, 0.0837759673595, 0.0953531488776, 0.103478968143, 0.127850532532, 0.156655743718, 0.134595826268, 0.102843359113, 0.118954099715, 0.163233891129, 0.262470066547, 0.295246511698, 0.336004555225, 0.329410433769, 0.193449467421, 0.135541453958, 0.10883076489, 0.0879319235682, 0.0835063606501, 0.109340414405, 0.183975800872, 0.217159613967, 0.158102616668, 0.116403847933, 0.133872583508], "var": [0.0609090141952, 0.0690058320761, 0.0835853517056, 0.105586364865, 0.0958348438144, 0.0637246891856, 0.044304240495, 0.0484137535095, 0.0729002803564, 0.0767923593521, 0.0408680327237, 0.0260408166796, 0.0168048404157, 0.0171530731022, 0.0182217117399, 0.0215566754341, 0.0303925722837, 0.0283249560744, 0.0249452386051, 0.0401263609529, 0.0459549799562, 0.0781560093164, 0.0779452621937, 0.104235678911, 0.10946238786, 0.0457901470363, 0.0406600534916, 0.0295645985752, 0.02472788468, 0.0243989918381, 0.0321285203099, 0.0502252690494, 0.0636212825775, 0.0410147383809, 0.037644945085, 0.0488767661154], "dmean2": [0.319097280502, 0.365097612143, 0.407208770514, 0.437519103289, 0.425908893347, 0.347996860743, 0.288221269846, 0.297606348991, 0.315066069365, 0.328554093838, 0.26035618782, 0.190867245197, 0.156474292278, 0.159363284707, 0.16338929534, 0.185549736023, 0.210922285914, 0.191818609834, 0.167329654098, 0.188214242458, 0.223997548223, 0.302645683289, 0.331473499537, 0.359764456749, 0.419521540403, 0.30187407136, 0.226995527744, 0.187555164099, 0.163974657655, 0.162556245923, 0.206433564425, 0.265160918236, 0.287294536829, 0.27543964982, 0.266848534346, 0.294794917107], "dvar": [0.0587251074612, 0.0660070106387, 0.0683728307486, 0.0740356072783, 0.0732224211097, 0.055536840111, 0.0455650240183, 0.0495492890477, 0.0505659505725, 0.0543757490814, 0.0410219877958, 0.0339173674583, 0.0218584500253, 0.0203180499375, 0.0190992262214, 0.0210940912366, 0.0256522800773, 0.0253079943359, 0.0241079032421, 0.0305183902383, 0.0324624590576, 0.0411776639521, 0.0440388172865, 0.0487020276487, 0.064079977572, 0.0384760946035, 0.0340131223202, 0.0287513434887, 0.0275040604174, 0.0273258108646, 0.0330578871071, 0.0389071814716, 0.0422196388245, 0.0398451015353, 0.0462904199958, 0.0561586767435], "min": [0, 0, 0, 0, 0, 0, 0, 0, 0, 0, 0, 0, 0, 0, 0, 0, 0, 0, 0, 0, 0, 0, 0, 0, 0, 0, 0, 0, 0, 0, 0, 0, 0, 0, 0, 0], "median": [0.0550214499235, 0.0765100494027, 0.112569279969, 0.141747862101, 0.1176392138, 0.0877092778683, 0.071812748909, 0.0646525472403, 0.0933107957244, 0.099895387888, 0.0692961588502, 0.041670165956, 0.0430069603026, 0.053202547133, 0.0604347549379, 0.081395290792, 0.09943433851, 0.0779272690415, 0.0484405457973, 0.0406914316118, 0.0814045891166, 0.151696026325, 0.196023836732, 0.206660732627, 0.18611073494, 0.113880932331, 0.0550255328417, 0.0457970686257, 0.0344034321606, 0.0302906520665, 0.0431575924158, 0.0952258333564, 0.116653732955, 0.076914653182, 0.0399216674268, 0.0418735779822], "max": [1, 1, 1, 1, 1, 1, 1, 1, 1, 1, 1, 1, 1, 1, 1, 1, 1, 1, 1, 1, 1, 1, 1, 1, 1, 1, 1, 1, 1, 1, 1, 1, 1, 1, 1, 1]}, "tuning_equal_tempered_deviation": 0.196923658252, "chords_key": "A", "chords_strength": {"dmean": 0.0103992111981, "dvar2": 0.00011135765817, "mean": 0.530769944191, "var": 0.00823609158397, "dmean2": 0.0125401820987, "dvar": 7.44014396332e-05, "min": 0.287751406431, "median": 0.531614899635, "max": 0.794212222099}, "tuning_diatonic_strength": 0.526812493801, "thpcp": [1, 0.980374932289, 0.575734674931, 0.403391718864, 0.323896706104, 0.26169860363, 0.248527467251, 0.325413495302, 0.547539591789, 0.646299600601, 0.470537126064, 0.346435338259, 0.398424893618, 0.495348781347, 0.58471596241, 0.740439593792, 0.884373545647, 0.798428177834, 0.593441009521, 0.468224287033, 0.462198793888, 0.639690518379, 0.667366266251, 0.438760817051, 0.281825006008, 0.249329850078, 0.283785283566, 0.307968944311, 0.38050237298, 0.466231018305, 0.400577396154, 0.3060772717, 0.354025244713, 0.485808551311, 0.781150341034, 0.878697931767], "chords_histogram": [32.9240837097, 3.02844285965, 25.1892776489, 0.0613873526454, 0, 0.0409249030054, 0.122774705291, 11.9705343246, 0, 2.20994472504, 0.572948634624, 0, 0.450173944235, 0.327399224043, 0.777573168278, 0, 0.63433599472, 0.0204624515027, 0.286474317312, 4.27665233612, 2.74196839333, 12.5639448166, 0.941272735596, 0.859422981739], "tuning_nontempered_energy_ratio": 0.882338345051, "tuning_frequency": 434.193115234, "key_strength": 0.639945805073, "chords_changes_rate": 0.0638428479433, "key_scale": "minor", "hpcp_entropy": {"dmean": 0.615250349045, "dvar2": 0.697436511517, "mean": 2.34653377533, "var": 0.464659452438, "dmean2": 1.03976655006, "dvar": 0.24619923532, "min": 0, "median": 2.36463570595, "max": 4.36597299576}, "key_key": "A", "chords_number_rate": 0.00163699616678}, "lowlevel": {"melbands_skewness": {"dmean": 0.612911880016, "dvar2": 1.10434877872, "mean": 1.67202138901, "var": 2.40101122856, "dmean2": 1.01488041878, "dvar": 0.413580179214, "min": -1.38686263561, "median": 1.38059616089, "max": 19.4396648407}, "melbands_kurtosis": {"dmean": 4.35423564911, "dvar2": 860.988464355, "mean": 6.71056985855, "var": 766.141296387, "dmean2": 7.21115255356, "dvar": 300.52130127, "min": -1.70297586918, "median": 2.00982999802, "max": 710.503479004}, "barkbands_kurtosis": {"dmean": 3.24735999107, "dvar2": 360.395355225, "mean": 5.85578632355, "var": 166.522872925, "dmean2": 5.37534999847, "dvar": 122.560462952, "min": -1.82927787304, "median": 4.05937576294, "max": 404.902313232}, "hfc": {"dmean": 105.05708313, "dvar2": 39426.1171875, "mean": 422.340911865, "var": 79976.7578125, "dmean2": 174.746551514, "dvar": 14035.4277344, "min": 1.12114816146e-16, "median": 345.483551025, "max": 1773.40979004}, "silence_rate_20dB": {"dmean": 0, "dvar2": 0, "mean": 1, "var": 0, "dmean2": 0, "dvar": 0, "min": 1, "median": 1, "max": 1}, "erbbands_flatness_db": {"dmean": 0.0219759661704, "dvar2": 0.000811086094473, "mean": 0.168618515134, "var": 0.00150117103476, "dmean2": 0.0342099294066, "dvar": 0.000329661968863, "min": 0.0353050306439, "median": 0.168486744165, "max": 0.33108368516}, "spectral_flux": {"dmean": 0.0228123459965, "dvar2": 0.00115275289863, "mean": 0.13146853447, "var": 0.00157142337412, "dmean2": 0.0366816297174, "dvar": 0.000457623478724, "min": 1.00299955841e-10, "median": 0.131131380796, "max": 0.375608980656}, "spectral_energyband_low": {"dmean": 0.00760519318283, "dvar2": 0.000288319686661, "mean": 0.0128285251558, "var": 0.000109780921775, "dmean2": 0.0132207814604, "dvar": 0.000101290352177, "min": 6.99993578546e-23, "median": 0.0106196217239, "max": 0.142124086618}, "spectral_rolloff": {"dmean": 2582.72631836, "dvar2": 106762432, "mean": 19102.9042969, "var": 40922520, "dmean2": 5024.57666016, "dvar": 39414472, "min": 64.599609375, "median": 21404.0039062, "max": 22028.4667969}, "spectral_entropy": {"dmean": 0.17510651052, "dvar2": 0.0468640476465, "mean": 7.33657884598, "var": 0.0993563979864, "dmean2": 0.255715638399, "dvar": 0.0215176902711, "min": 6.12585735321, "median": 7.33611345291, "max": 9.80951213837}, "spectral_energy": {"dmean": 0.0130182476714, "dvar2": 0.000444478937425, "mean": 0.0586348287761, "var": 0.000668299151585, "dmean2": 0.021717261523, "dvar": 0.000162524404004, "min": 1.00600817526e-20, "median": 0.0579449683428, "max": 0.200133085251}, "spectral_centroid": {"dmean": 145.627120972, "dvar2": 54241.4882812, "mean": 861.366333008, "var": 113977.4375, "dmean2": 211.562469482, "dvar": 30430.7558594, "min": 206.859481812, "median": 792.852233887, "max": 11301.3984375}, "barkbands_flatness_db": {"dmean": 0.0234004389495, "dvar2": 0.00091208453523, "mean": 0.140457570553, "var": 0.00146500591654, "dmean2": 0.035946752876, "dvar": 0.0003793099022, "min": 0.033684425056, "median": 0.137776911259, "max": 0.356519132853}, "spectral_rms": {"dmean": 0.000829605618492, "dvar2": 1.43224212934e-06, "mean": 0.00733488146216, "var": 3.40417568623e-06, "dmean2": 0.00137661467306, "dvar": 5.2869557976e-07, "min": 3.13284446128e-12, "median": 0.00751875480637, "max": 0.0139732528478}, "melbands": {"dmean": [0.00174202362541, 0.00136341457255, 0.000434912130004, 0.000633028219454, 0.000506625801791, 0.000355096475687, 0.000229551369557, 0.000142136952491, 0.000317561731208, 0.000632045557722, 0.000120463468193, 0.000109389744466, 8.49238786031e-05, 0.000126293001813, 8.60821601236e-05, 3.79574885301e-05, 2.57465344475e-05, 3.05431349261e-05, 3.67452630599e-05, 1.45690019053e-05, 1.400824749e-05, 1.56340502144e-05, 8.66180016601e-06, 4.15586646341e-06, 2.67913878815e-06, 1.86903389476e-06, 1.33530704716e-06, 1.0602805105e-06, 8.72906980476e-07, 6.4130665578e-07, 7.63840546369e-07, 5.34861555934e-07, 6.0722049966e-07, 8.04769911156e-07, 5.9877794456e-07, 3.16518253385e-07, 1.79263011546e-07, 8.93105109867e-08, 3.54556171089e-08, 2.56146535094e-08], "dvar2": [2.47070238402e-05, 5.45149623576e-06, 1.03307365862e-06, 1.94066274162e-06, 1.6877387452e-06, 1.1420319197e-06, 4.15386011809e-07, 1.7751131054e-07, 5.93953927819e-07, 2.50165840043e-06, 1.90679855905e-07, 1.44139690406e-07, 6.4809107414e-08, 7.81349243084e-08, 4.20850341243e-08, 6.88362655765e-09, 3.01803959601e-09, 1.53067674091e-08, 2.40649296046e-08, 2.86278933892e-09, 2.65335797778e-09, 3.99860100586e-09, 1.0217140467e-09, 1.22154189541e-10, 5.80860221033e-11, 4.37906828854e-11, 3.01439671835e-11, 1.84392518615e-11, 1.87971322535e-11, 1.21772158329e-11, 3.94979361718e-11, 7.8607563167e-12, 1.29895998471e-11, 4.01169618358e-11, 2.84913620474e-11, 6.20962135878e-12, 1.67863357763e-12, 2.77627557445e-13, 8.40191462139e-15, 2.8969181129e-15], "mean": [0.00231757946312, 0.00212113047019, 0.000742168165743, 0.00102189613972, 0.000832346267998, 0.000633150921203, 0.000420568947447, 0.000234543447732, 0.000609622336924, 0.00115465407725, 0.000187785451999, 0.000169204300619, 0.000150074090925, 0.000214178318856, 0.00015678165073, 7.23893244867e-05, 4.89737867611e-05, 5.09706442244e-05, 5.755010352e-05, 2.5613082471e-05, 2.39746477746e-05, 2.63299552898e-05, 1.52698030433e-05, 7.4014214988e-06, 4.66548090117e-06, 3.16415753332e-06, 2.22848279918e-06, 1.76680737241e-06, 1.41331793202e-06, 9.76327783064e-07, 1.08327890302e-06, 7.53949109367e-07, 7.26844348264e-07, 8.45353156365e-07, 5.90974707393e-07, 3.24130724039e-07, 1.86924424384e-07, 9.75604237397e-08, 4.14999448139e-08, 2.91191657453e-08], "var": [8.29273358249e-06, 3.01471891362e-06, 5.47263880435e-07, 1.34503022764e-06, 1.65962023857e-06, 1.36806659157e-06, 4.66529570531e-07, 1.1023881541e-07, 5.27011252416e-07, 2.23740926231e-06, 1.09811089999e-07, 1.13772713917e-07, 4.5635825785e-08, 5.2772268333e-08, 3.43685933046e-08, 4.81410378228e-09, 2.50427412141e-09, 8.11713718463e-09, 1.39977061053e-08, 2.07357286897e-09, 1.86151394299e-09, 2.7982580697e-09, 7.91946341838e-10, 1.09492893918e-10, 5.91167462205e-11, 3.23398009761e-11, 2.18701445842e-11, 1.70672313088e-11, 1.58353087587e-11, 9.30377216241e-12, 2.53046108373e-11, 6.04834411722e-12, 6.39714886966e-12, 1.62905088724e-11, 1.06592261059e-11, 2.56305480312e-12, 6.66418959946e-13, 1.19180219079e-13, 4.48394720673e-15, 1.4433544124e-15], "dmean2": [0.00305106071755, 0.0023697973229, 0.000728189246729, 0.00104090943933, 0.000808425247669, 0.000557918159757, 0.000365309562767, 0.000237833679421, 0.000543241098057, 0.00106827449054, 0.000200076814508, 0.000182043702807, 0.000138029383379, 0.000205167307286, 0.000140434407513, 6.30031572655e-05, 4.2927924369e-05, 5.02169787069e-05, 6.0701790062e-05, 2.3315911676e-05, 2.24109935516e-05, 2.50396478805e-05, 1.37477309181e-05, 6.36968479739e-06, 4.03099511459e-06, 2.78080824501e-06, 1.98733141588e-06, 1.54195674895e-06, 1.283996653e-06, 9.11483425625e-07, 1.11699137051e-06, 7.74622264998e-07, 9.07545654627e-07, 1.22301207739e-06, 9.34332433644e-07, 4.946646186e-07, 2.79281437088e-07, 1.38922246151e-07, 5.71438114605e-08, 4.19993320122e-08], "dvar": [8.59269584907e-06, 1.93806704374e-06, 3.8304563077e-07, 7.76481385856e-07, 7.83375639912e-07, 5.10417692112e-07, 1.77573113547e-07, 6.76422544643e-08, 2.13520351622e-07, 8.89382363312e-07, 7.39021359664e-08, 6.43969002567e-08, 2.67690030142e-08, 3.17528296989e-08, 1.78530470407e-08, 2.55804977201e-09, 1.12758402615e-09, 5.71730129906e-09, 8.90977691625e-09, 1.2796311788e-09, 1.13685838521e-09, 1.57141544221e-09, 4.00808330969e-10, 5.5556458739e-11, 2.90602073655e-11, 2.02224972878e-11, 1.43922989845e-11, 1.0083859095e-11, 1.00312050333e-11, 6.40418751016e-12, 1.86772299016e-11, 3.9171972957e-12, 5.79014570665e-12, 1.70485396633e-11, 1.18924739848e-11, 2.69842633481e-12, 7.13925880219e-13, 1.20557142286e-13, 3.65306336613e-15, 1.14202170026e-15], "min": [1.35698574961e-23, 7.31032588817e-24, 3.79839089662e-24, 2.56550977013e-24, 3.40661693311e-24, 7.33130327736e-24, 1.76124888009e-23, 8.06303487582e-24, 1.00290356015e-23, 1.06057008119e-23, 2.22453391297e-24, 4.07436875671e-24, 7.25760158071e-24, 1.17018900928e-23, 9.00835766413e-24, 9.80805594046e-24, 1.42993802841e-23, 9.45790188388e-24, 1.2095676835e-23, 6.89470978709e-24, 8.87555687504e-24, 9.36641058495e-24, 1.40549375331e-23, 7.53746497519e-24, 6.59953973003e-24, 9.61175737053e-24, 8.18648371888e-24, 1.15867818761e-23, 1.5451336509e-23, 7.01202681433e-24, 1.58711051739e-23, 1.27004570479e-23, 9.70434203067e-24, 1.01698291293e-23, 6.76945997458e-24, 8.33785744912e-24, 9.20044292796e-24, 1.02771102681e-23, 9.3083914431e-24, 9.06380748601e-24], "median": [0.00158736493904, 0.00164139363915, 0.000541099347174, 0.000650422298349, 0.000440968957264, 0.00025789954816, 0.000224707808229, 0.000147805694724, 0.000328834692482, 0.000549379037693, 0.000102694539237, 0.000101080106106, 0.000101307872683, 0.000148610517499, 0.00010600504902, 5.5231503211e-05, 3.52436254616e-05, 3.04791174131e-05, 2.61340319412e-05, 1.58408893185e-05, 1.44785972225e-05, 1.02711082945e-05, 6.68457460051e-06, 4.07172410632e-06, 2.47455864155e-06, 1.62890387401e-06, 1.0834899058e-06, 7.94705158569e-07, 6.33589365862e-07, 4.03662113513e-07, 3.45181433659e-07, 2.65813554279e-07, 2.07257087936e-07, 1.5252729213e-07, 9.97728619723e-08, 6.88493742018e-08, 4.72636720872e-08, 3.28847278297e-08, 1.98092422465e-08, 1.48831551527e-08], "max": [0.0430732220411, 0.0181380100548, 0.0135842338204, 0.0136045143008, 0.0168844386935, 0.0176514778286, 0.0117579540238, 0.00724369753152, 0.00780336884782, 0.0110730733722, 0.00524224620312, 0.0146976094693, 0.00606602802873, 0.00425500003621, 0.00456557329744, 0.00146478100214, 0.000865051348228, 0.0024367980659, 0.00212117610499, 0.0014459178783, 0.00112445221748, 0.000872058502864, 0.000482706120238, 0.000238224165514, 0.000184776974493, 0.000145609214087, 0.000126736005768, 0.000175411158125, 0.000177929512574, 0.00013668613974, 0.000210726095247, 5.98397382419e-05, 4.46842786914e-05, 7.02582765371e-05, 6.68924549245e-05, 3.24612265103e-05, 1.83944357559e-05, 9.72411271505e-06, 1.04372907117e-06, 4.06703861699e-07]}, "barkbands_crest": {"dmean": 2.83267951012, "dvar2": 15.1310596466, "mean": 9.67805576324, "var": 13.9275817871, "dmean2": 4.72309827805, "dvar": 5.63697528839, "min": 3.01563739777, "median": 8.94546985626, "max": 26.4276199341}, "mfcc": {"icov": [[0.000347772758687, -7.88612451288e-05, 0.000411173357861, 0.000126483457279, 0.000268183765002, 0.000121741941257, 0.000448148639407, -0.000140949006891, 0.00031417721766, -0.000196621040232, 0.000565756694414, -0.000237497777562, 0.000383996695746], [-7.88612451288e-05, 0.00154140824452, 0.000633761228528, 0.000808699347544, -9.97913739411e-05, -0.000395975686843, -0.000203891628189, 0.000511119083967, -0.000274162885034, 0.00107698934153, -0.00162914744578, 0.000879305764101, -0.000480287446408], [0.000411173357861, 0.000633761228528, 0.00475167715922, 0.00112556922249, -0.001655963948, -5.29967546754e-05, -0.00148473621812, -0.000292469456326, 0.0022377690766, -0.00159078324214, 1.52340571731e-05, 0.000296442623949, -0.00064316065982], [0.000126483457279, 0.000808699347544, 0.00112556922249, 0.00564581854269, -0.00119990762323, -0.00285839987919, 0.00243889680132, -0.00127340620384, 0.00168408500031, 0.000326450710418, 0.000177628360689, -0.000476398854516, 0.00137344794348], [0.000268183765002, -9.97913739411e-05, -0.001655963948, -0.00119990762323, 0.0133956866339, -0.00192417623475, 0.000584165973123, 0.00457761622965, -0.00599007122219, 0.00401752907783, -0.00107683800161, 0.00134906405583, -0.001748919487], [0.000121741941257, -0.000395975686843, -5.29967546754e-05, -0.00285839987919, -0.00192417623475, 0.0199797619134, -0.00704685365781, -0.00664091482759, 0.00780315836892, -0.00453693047166, 0.00683885905892, -0.00285462965257, 4.45831074103e-06], [0.000448148639407, -0.000203891628189, -0.00148473621812, 0.00243889680132, 0.000584165973123, -0.00704685365781, 0.0140020661056, -0.00308571639471, -0.0018600274343, 0.00509275775403, -0.00747044943273, 0.00407484453171, -0.00119875313248], [-0.000140949006891, 0.000511119083967, -0.000292469456326, -0.00127340620384, 0.00457761622965, -0.00664091482759, -0.00308571639471, 0.021681709215, -0.0060460451059, -0.00200582225807, 0.0056808446534, -0.00404995447025, 0.00111739209387], [0.00031417721766, -0.000274162885034, 0.0022377690766, 0.00168408500031, -0.00599007122219, 0.00780315836892, -0.0018600274343, -0.0060460451059, 0.0207706261426, -0.00620621955022, -0.00118702452164, 0.00122911436483, 0.00106514943764], [-0.000196621040232, 0.00107698934153, -0.00159078324214, 0.000326450710418, 0.00401752907783, -0.00453693047166, 0.00509275775403, -0.00200582225807, -0.00620621955022, 0.0213811770082, -0.0150151066482, 0.00472811004147, 0.00161193602253], [0.000565756694414, -0.00162914744578, 1.52340571731e-05, 0.000177628360689, -0.00107683800161, 0.00683885905892, -0.00747044943273, 0.0056808446534, -0.00118702452164, -0.0150151066482, 0.0391207076609, -0.016838978976, 0.0019133228343], [-0.000237497777562, 0.000879305764101, 0.000296442623949, -0.000476398854516, 0.00134906405583, -0.00285462965257, 0.00407484453171, -0.00404995447025, 0.00122911436483, 0.00472811004147, -0.016838978976, 0.0380312167108, -0.0172023437917], [0.000383996695746, -0.000480287446408, -0.00064316065982, 0.00137344794348, -0.001748919487, 4.45831074103e-06, -0.00119875313248, 0.00111739209387, 0.00106514943764, 0.00161193602253, 0.0019133228343, -0.0172023437917, 0.0330584235489]], "mean": [-648.894042969, 182.434692383, -19.178817749, 13.2492933273, -0.544662177563, 12.4566106796, -1.58966290951, 10.2742910385, 1.09272527695, 2.812022686, 1.6938226223, 3.98822402954, -0.401405870914], "cov": [[4534.20947266, 200.047302246, -593.875549316, 90.6630859375, -200.777053833, -80.7013397217, -323.685882568, 6.12389945984, -67.8507156372, -9.96597957611, -124.823684692, -27.6568183899, -92.1327514648], [200.047302246, 885.259216309, -110.990699768, -170.909622192, 15.0656290054, -51.3963050842, 29.2729034424, -51.1976547241, 38.1248397827, -32.6352806091, 42.9083747864, -5.20845794678, 14.2441949844], [-593.875549316, -110.990699768, 342.71572876, -51.4008483887, 42.0970916748, 31.1645278931, 82.4191131592, 5.23765230179, -11.5515384674, 14.9801931381, 21.4400501251, 5.29109239578, 20.277557373], [90.6630859375, -170.909622192, -51.4008483887, 283.385894775, -5.85846328735, 56.3903656006, -48.8471641541, 29.7167377472, -43.7317886353, -8.99017810822, -37.160949707, 0.544550359249, -15.1214790344], [-200.777053833, 15.0656290054, 42.0970916748, -5.85846328735, 105.733406067, -6.38360023499, 13.1221895218, -21.5053482056, 22.7041683197, -14.4250793457, 7.25051164627, -1.50818502903, 9.17814445496], [-80.7013397217, -51.3963050842, 31.1645278931, 56.3903656006, -6.38360023499, 105.357254028, 43.2482070923, 39.0732040405, -36.2752037048, -4.37969636917, -18.683134079, 3.42914652824, 2.5979115963], [-323.685882568, 29.2729034424, 82.4191131592, -48.8471641541, 13.1221895218, 43.2482070923, 140.000061035, 20.7517375946, 4.25746011734, -8.68889141083, 19.3434123993, 1.30119407177, 12.7256679535], [6.12389945984, -51.1976547241, 5.23765230179, 29.7167377472, -21.5053482056, 39.0732040405, 20.7517375946, 73.3276519775, 0.285401433706, 8.13705348969, -11.7598714828, 3.33775639534, -2.80516958237], [-67.8507156372, 38.1248397827, -11.5515384674, -43.7317886353, 22.7041683197, -36.2752037048, 4.25746011734, 0.285401433706, 83.9420623779, 24.4531402588, 21.1730575562, -3.23546791077, -2.52107810974], [-9.96597957611, -32.6352806091, 14.9801931381, -8.99017810822, -14.4250793457, -4.37969636917, -8.68889141083, 8.13705348969, 24.4531402588, 82.2869796753, 29.6388225555, 1.47233128548, -6.79556846619], [-124.823684692, 42.9083747864, 21.4400501251, -37.160949707, 7.25051164627, -18.683134079, 19.3434123993, -11.7598714828, 21.1730575562, 29.6388225555, 57.4600410461, 17.9352264404, 9.39913082123], [-27.6568183899, -5.20845794678, 5.29109239578, 0.544550359249, -1.50818502903, 3.42914652824, 1.30119407177, 3.33775639534, -3.23546791077, 1.47233128548, 17.9352264404, 44.7584686279, 22.4650325775], [-92.1327514648, 14.2441949844, 20.277557373, -15.1214790344, 9.17814445496, 2.5979115963, 12.7256679535, -2.80516958237, -2.52107810974, -6.79556846619, 9.39913082123, 22.4650325775, 45.1493682861]]}, "spectral_decrease": {"dmean": 3.10567638273e-09, "dvar2": 2.82142704263e-17, "mean": -5.38584377097e-09, "var": 2.16040914804e-17, "dmean2": 5.1853259464e-09, "dvar": 1.0360999655e-17, "min": -4.02793105536e-08, "median": -4.62894300668e-09, "max": 1.25773995663e-08}, "zerocrossingrate": {"dmean": 0.0354843176901, "dvar2": 0.0014377970947, "mean": 0.359828412533, "var": 0.00873649958521, "dmean2": 0.0469601117074, "dvar": 0.000801233574748, "min": 0.0341796875, "median": 0.36328125, "max": 0.7255859375}, "spectral_contrast_coeffs": {"dmean": [0.0557785853744, 0.0489632487297, 0.0421837903559, 0.0286752730608, 0.0221934411675, 0.0359499827027], "dvar2": [0.00519623421133, 0.00411029998213, 0.00294182659127, 0.00147497432772, 0.000927892397158, 0.00223089661449], "mean": [-0.669531166553, -0.755241453648, -0.765392959118, -0.804665744305, -0.807658553123, -0.770923614502], "var": [0.00540979998186, 0.00398032274097, 0.0031700306572, 0.00163332151715, 0.00162883964367, 0.00368592189625], "dmean2": [0.0934879332781, 0.0824587643147, 0.071639560163, 0.0479630827904, 0.0362757705152, 0.0547410137951], "dvar": [0.00187879055738, 0.00144555093721, 0.00104468723293, 0.000535000348464, 0.000352342729457, 0.000964924751315], "min": [-0.958017587662, -0.965268194675, -0.961705565453, -0.962996184826, -0.95837700367, -0.959080815315], "median": [-0.671125531197, -0.759829103947, -0.768523156643, -0.809032440186, -0.811459898949, -0.775279581547], "max": [-0.366248309612, -0.439748495817, -0.565294742584, -0.591173112392, -0.617249906063, -0.506302177906]}, "spectral_skewness": {"dmean": 0.49378412962, "dvar2": 0.564346849918, "mean": 3.64460611343, "var": 1.0556704998, "dmean2": 0.723718047142, "dvar": 0.23611356318, "min": -0.00597709883004, "median": 3.56482124329, "max": 8.2908000946}, "spectral_energyband_middle_high": {"dmean": 0.00230021239258, "dvar2": 2.20489546336e-05, "mean": 0.00707952631637, "var": 3.21152911056e-05, "dmean2": 0.00350379361771, "dvar": 9.58915916272e-06, "min": 1.37207746021e-21, "median": 0.00592143135145, "max": 0.094923697412}, "gfcc": {"icov": [[0.000254030455835, -0.000334048410878, 0.000842296925839, 7.22781041986e-05, 0.000526272808202, -0.000242091889959, 0.00023623299785, -0.000105240440462, 0.000199750473257, -0.000147213824675, 0.000273025856586, -0.000120233577036, 0.000358906429028], [-0.000334048410878, 0.00668083736673, -0.00535294599831, 0.00236222636886, -0.00602646917105, 0.00476677762344, -0.00117386260536, 0.00390607886948, -0.00240650377236, 0.00580266909674, -0.00585650466383, 0.00372049352154, -0.00470244605094], [0.000842296925839, -0.00535294599831, 0.0125043047592, -0.0029438151978, 0.00734014250338, -0.00907208397985, 0.00259054894559, -0.0039589558728, 0.00274705747142, -0.00486238533631, 0.00114381778985, 0.000430511805462, 0.00341068743728], [7.22781041986e-05, 0.00236222636886, -0.0029438151978, 0.00746094901115, -0.00485156755894, 0.00380515935831, -0.00139836489689, 0.0012252026936, 0.00271979440004, -0.00370394438505, 0.00679520983249, -0.00817351974547, 0.0056219343096], [0.000526272808202, -0.00602646917105, 0.00734014250338, -0.00485156755894, 0.0180314220488, -0.00643855612725, 6.45159816486e-05, -0.00132410693914, -0.000858902989421, -0.000423927442171, -0.00170371704735, 0.00365687883459, -0.00241342117079], [-0.000242091889959, 0.00476677762344, -0.00907208397985, 0.00380515935831, -0.00643855612725, 0.0181723721325, -0.00522533524781, -0.00278506940231, 0.00615435931832, -0.000261427485384, -5.45203420188e-06, -0.00352133135311, -0.00022196995269], [0.00023623299785, -0.00117386260536, 0.00259054894559, -0.00139836489689, 6.45159816486e-05, -0.00522533524781, 0.0122477300465, -0.000599089544266, -0.0049624312669, 0.00825181324035, -0.00722987996414, 0.00460965977982, 0.00376154761761], [-0.000105240440462, 0.00390607886948, -0.0039589558728, 0.0012252026936, -0.00132410693914, -0.00278506940231, -0.000599089544266, 0.0212604738772, -0.00767801515758, -0.00310939527117, 0.000930247362703, 0.00743525894359, -0.0092290379107], [0.000199750473257, -0.00240650377236, 0.00274705747142, 0.00271979440004, -0.000858902989421, 0.00615435931832, -0.0049624312669, -0.00767801515758, 0.0216308590025, -0.0156813394278, 0.0116972727701, -0.00967333652079, 0.00650461716577], [-0.000147213824675, 0.00580266909674, -0.00486238533631, -0.00370394438505, -0.000423927442171, -0.000261427485384, 0.00825181324035, -0.00310939527117, -0.0156813394278, 0.0479961745441, -0.0328109525144, 0.016637718305, -0.00882876571268], [0.000273025856586, -0.00585650466383, 0.00114381778985, 0.00679520983249, -0.00170371704735, -5.45203420188e-06, -0.00722987996414, 0.000930247362703, 0.0116972727701, -0.0328109525144, 0.048413593322, -0.0256652068347, 0.00967102218419], [-0.000120233577036, 0.00372049352154, 0.000430511805462, -0.00817351974547, 0.00365687883459, -0.00352133135311, 0.00460965977982, 0.00743525894359, -0.00967333652079, 0.016637718305, -0.0256652068347, 0.036432094872, -0.0150443958119], [0.000358906429028, -0.00470244605094, 0.00341068743728, 0.0056219343096, -0.00241342117079, -0.00022196995269, 0.00376154761761, -0.0092290379107, 0.00650461716577, -0.00882876571268, 0.00967102218419, -0.0150443958119, 0.029431687668]], "mean": [17.0186214447, 113.581123352, -92.8362045288, -20.1496582031, -14.8049001694, -12.0618600845, -1.53582072258, -13.9409999847, 1.435333848, -11.9703826904, -4.39368104935, -3.91056752205, -4.86786794662], "cov": [[6499.86914062, 268.785064697, -763.553649902, -324.554992676, -22.4671440125, -379.313079834, -70.5858917236, -167.842163086, 64.737663269, -129.890701294, -69.7619018555, -24.0694332123, 23.1972522736], [268.785064697, 592.710632324, -10.8850345612, -226.914901733, 126.419265747, -74.1515350342, 45.7733879089, -50.2636528015, 23.0827045441, -27.8627471924, 55.5022201538, -37.5829353333, 73.3159866333], [-763.553649902, -10.8850345612, 314.796020508, 33.2322273254, -41.117767334, 149.683609009, -11.1055898666, 59.2196350098, -48.2685203552, 41.5870513916, 23.8805866241, -7.17121696472, -5.87946891785], [-324.554992676, -226.914901733, 33.2322273254, 380.53237915, -6.15450572968, 3.48412036896, -2.74272871017, -40.7156677246, -30.8329200745, -9.73578548431, -32.5794219971, 58.0045928955, -77.4828414917], [-22.4671440125, 126.419265747, -41.117767334, -6.15450572968, 113.155395508, -10.8306312561, 28.3872871399, -13.4161615372, 9.4366607666, -9.34422302246, 10.5896320343, -6.19932174683, 16.238117218], [-379.313079834, -74.1515350342, 149.683609009, 3.48412036896, -10.8306312561, 168.534667969, 22.489074707, 46.0322341919, -45.3070259094, 18.1086673737, 14.692688942, -0.738403856754, -3.05035328865], [-70.5858917236, 45.7733879089, -11.1055898666, -2.74272871017, 28.3872871399, 22.489074707, 135.785110474, -7.42075014114, 13.0227622986, -19.9873352051, 9.52209854126, -13.1430673599, -25.9196128845], [-167.842163086, -50.2636528015, 59.2196350098, -40.7156677246, -13.4161615372, 46.0322341919, -7.42075014114, 106.186210632, 26.2347106934, 34.7507019043, -3.52179169655, -22.1202640533, 22.8998088837], [64.737663269, 23.0827045441, -48.2685203552, -30.8329200745, 9.4366607666, -45.3070259094, 13.0227622986, 26.2347106934, 97.609046936, 22.2960453033, -2.25431156158, -4.67143821716, 4.84487104416], [-129.890701294, -27.8627471924, 41.5870513916, -9.73578548431, -9.34422302246, 18.1086673737, -19.9873352051, 34.7507019043, 22.2960453033, 61.2028121948, 27.5565128326, -0.0703837499022, 11.3352479935], [-69.7619018555, 55.5022201538, 23.8805866241, -32.5794219971, 10.5896320343, 14.692688942, 9.52209854126, -3.52179169655, -2.25431156158, 27.5565128326, 62.0265388489, 21.5270748138, 11.2191181183], [-24.0694332123, -37.5829353333, -7.17121696472, 58.0045928955, -6.19932174683, -0.738403856754, -13.1430673599, -22.1202640533, -4.67143821716, -0.0703837499022, 21.5270748138, 67.8311233521, 6.87985515594], [23.1972522736, 73.3159866333, -5.87946891785, -77.4828414917, 16.238117218, -3.05035328865, -25.9196128845, 22.8998088837, 4.84487104416, 11.3352479935, 11.2191181183, 6.87985515594, 74.8517684937]]}, "erbbands_spread": {"dmean": 5.00511789322, "dvar2": 57.331401825, "mean": 21.9142036438, "var": 165.594818115, "dmean2": 7.89395093918, "dvar": 25.3046875, "min": 2.83593320847, "median": 19.4199180603, "max": 141.771453857}, "erbbands_kurtosis": {"dmean": 1.1567927599, "dvar2": 5.26073884964, "mean": 1.18202698231, "var": 4.95025777817, "dmean2": 1.89885771275, "dvar": 2.02476835251, "min": -1.77675938606, "median": 0.610899686813, "max": 20.702589035}, "dynamic_complexity": 2.44084334373, "erbbands_crest": {"dmean": 3.42634105682, "dvar2": 24.6851959229, "mean": 10.96991539, "var": 28.0712146759, "dmean2": 5.74179887772, "dvar": 8.99917888641, "min": 2.66907858849, "median": 9.62964248657, "max": 31.7439785004}, "erbbands": {"dmean": [0.217013627291, 1.18256640434, 2.72873854637, 2.21278524399, 5.38891172409, 13.5022783279, 12.7072725296, 16.027885437, 15.7916669846, 13.276881218, 27.4121990204, 107.87676239, 26.6254043579, 26.9097652435, 25.6262722015, 47.5617408752, 23.1348209381, 12.9953298569, 19.9094543457, 16.8332576752, 10.6708993912, 13.3797836304, 5.83279466629, 3.21032953262, 2.11208057404, 1.59566819668, 1.25412130356, 1.18647241592, 0.962363004684, 1.30454802513, 0.920641183853, 0.354951769114, 0.112417548895, 0.0332562625408, 0.0211633536965, 0.0204021707177, 0.0364352725446, 0.0250620394945, 0.00594907160848, 0.00959649775177], "dvar2": [0.492199540138, 6.0299448967, 24.8457489014, 22.6877498627, 241.843902588, 950.645324707, 1281.75939941, 2576.59765625, 2133.83081055, 1371.48583984, 4721.58056641, 74657.53125, 7837.65966797, 8982.33984375, 3530.05004883, 11950.4667969, 2975.5859375, 681.852050781, 7379.31640625, 4223.58544922, 1444.51171875, 2990.98413086, 284.519989014, 76.774810791, 55.4411735535, 41.7621040344, 38.4963111877, 72.181060791, 23.8284378052, 87.6007156372, 61.9523849487, 6.83968639374, 0.374870568514, 0.00480924639851, 0.00188812869601, 0.0049717570655, 0.0641611516476, 0.0254656337202, 0.00024425087031, 0.000280382169876], "mean": [0.265269547701, 1.51024472713, 4.12786626816, 3.58895635605, 7.81560659409, 21.1549720764, 20.2483444214, 27.8616733551, 28.8158798218, 22.5005493164, 55.7729873657, 194.72555542, 48.8984451294, 43.9971542358, 48.8505744934, 80.5695953369, 45.6841545105, 27.6602916718, 34.5596656799, 29.9916973114, 20.4592170715, 23.8132266998, 11.3867759705, 6.09150123596, 3.83806300163, 2.80267333984, 2.09932756424, 1.77359819412, 1.3376891613, 1.44981634617, 0.930801749229, 0.372007608414, 0.125398173928, 0.0390192456543, 0.0247364677489, 0.024697387591, 0.0406300909817, 0.0318911112845, 0.016236897558, 0.0404424443841], "var": [0.147542819381, 2.04907083511, 18.1350688934, 13.1739702225, 113.851165771, 832.957275391, 1126.88452148, 2919.73510742, 2364.8972168, 926.961853027, 4313.79150391, 63620.3867188, 4812.54882812, 7197.26074219, 2765.49291992, 8133.98095703, 2354.54760742, 607.949401855, 3774.32177734, 2982.79052734, 1169.92626953, 2203.01220703, 274.215576172, 88.7023544312, 49.6641159058, 38.9872436523, 36.0691146851, 50.4868812561, 17.0704441071, 38.724811554, 24.496919632, 2.80514025688, 0.169399261475, 0.00253195129335, 0.000961476936936, 0.00252447696403, 0.0275044832379, 0.0117623563856, 0.000294214027235, 0.000749876489863], "dmean2": [0.378789335489, 2.1065890789, 4.65566778183, 3.72746682167, 9.07145881653, 22.1073703766, 20.4279727936, 25.256149292, 24.8967590332, 22.174659729, 46.5722351074, 182.772201538, 44.0659866333, 44.7649803162, 41.3383178711, 77.9082870483, 38.0552749634, 21.4996166229, 32.6737556458, 27.1379966736, 16.8120002747, 21.2012958527, 8.87898921967, 4.69308423996, 3.01397109032, 2.26618790627, 1.76849234104, 1.69430160522, 1.38022553921, 1.95349001884, 1.42323374748, 0.551994085312, 0.175253540277, 0.0543017238379, 0.0346070714295, 0.0325625427067, 0.0563235469162, 0.0374416932464, 0.00830416381359, 0.0151227675378], "dvar": [0.167639940977, 2.06873655319, 9.28783035278, 8.48362541199, 90.9574279785, 404.360900879, 578.489807129, 1147.68725586, 916.540893555, 529.918945312, 1726.98291016, 26164.8242188, 3036.75341797, 4027.5222168, 1460.96630859, 4841.84472656, 1172.18212891, 255.095046997, 2681.08837891, 1650.53417969, 643.616333008, 1167.67700195, 122.513702393, 40.1775512695, 27.9762248993, 22.754983902, 21.8814086914, 35.7063369751, 11.7217025757, 38.2620239258, 26.4036159515, 2.95138239861, 0.165718495846, 0.00194938667119, 0.00074064329965, 0.00222322065383, 0.0281046349555, 0.0112856402993, 0.000132263652631, 0.000110068584036], "min": [1.44003592131e-21, 5.85840975318e-21, 1.39169874576e-20, 2.06757881543e-20, 2.32685486259e-20, 4.84110523112e-20, 1.05382221966e-19, 3.53395390824e-19, 1.04571035666e-18, 8.37662179986e-19, 9.54744374115e-19, 1.76715329869e-18, 5.08399525039e-19, 1.07516160538e-18, 2.68410637555e-18, 4.05872297571e-18, 3.88823195248e-18, 7.14823181025e-18, 6.41220319248e-18, 6.87647113257e-18, 7.16556951589e-18, 1.07042622385e-17, 1.11143560523e-17, 8.69225789499e-18, 1.34727497219e-17, 1.6363769951e-17, 1.99050823546e-17, 2.15080012174e-17, 2.06105135615e-17, 1.81651889998e-17, 1.3364775355e-17, 1.46335678443e-17, 1.42163859198e-17, 1.08586943773e-17, 9.59520246139e-18, 4.52432888045e-18, 2.61159158715e-18, 1.43352985095e-18, 2.74322766227e-19, 3.91565136127e-20], "median": [0.164623722434, 1.14349973202, 2.65718841553, 2.45515036583, 4.73274612427, 11.4727935791, 10.761013031, 10.9850273132, 14.7572622299, 14.8337478638, 32.2288742065, 91.3698425293, 30.0313472748, 27.5583305359, 34.3958053589, 54.6424407959, 33.765045166, 21.5800056458, 20.6079216003, 15.8421630859, 13.1441879272, 9.70907783508, 6.05140399933, 3.35729503632, 1.98203122616, 1.3197350502, 0.947380542755, 0.638834953308, 0.462887972593, 0.308105796576, 0.168904066086, 0.0900137871504, 0.0448584258556, 0.0202032290399, 0.0133784376085, 0.0117990076542, 0.0122906360775, 0.0116491382942, 0.012732735835, 0.0364206582308], "max": [6.05322599411, 19.6309623718, 47.5566711426, 68.7243423462, 226.085830688, 332.837493896, 442.886566162, 787.728088379, 874.936706543, 598.501098633, 883.275512695, 1911.59887695, 1090.86376953, 3716.16625977, 1088.3861084, 1929.62841797, 779.139526367, 368.809570312, 1640.88647461, 840.147338867, 987.552429199, 700.347106934, 300.032806396, 206.432449341, 185.721389771, 244.916946411, 273.675811768, 270.845001221, 82.6113510132, 106.313865662, 96.2602081299, 35.3060264587, 10.4530305862, 0.559651136398, 0.312092751265, 1.07593429089, 3.62653708458, 1.86427092552, 0.457212030888, 0.153714925051]}, "silence_rate_30dB": {"dmean": 0.0309077892452, "dvar2": 0.0743765458465, "mean": 0.966844022274, "var": 0.0320561341941, "dmean2": 0.0618219040334, "dvar": 0.0299529768527, "min": 0, "median": 1, "max": 1}, "silence_rate_60dB": {"dmean": 0.000409374682931, "dvar2": 0.00102291908115, "mean": 0.0153499795124, "var": 0.0151142803952, "dmean2": 0.000818833184894, "dvar": 0.000409188418416, "min": 0, "median": 0, "max": 1}, "spectral_energyband_middle_low": {"dmean": 0.00672501511872, "dvar2": 0.000139852782013, "mean": 0.0198122113943, "var": 0.00017788693367, "dmean2": 0.0109746316448, "dvar": 5.34985738341e-05, "min": 2.3925722115e-22, "median": 0.0179537236691, "max": 0.0963945314288}, "spectral_spread": {"dmean": 468238.6875, "dvar2": 525137608704, "mean": 3574949.25, "var": 934443614208, "dmean2": 722359.625, "dvar": 280010358784, "min": 1780358, "median": 3451271.5, "max": 40071876}, "barkbands": {"dmean": [0.00165876909159, 0.00570166157559, 0.00243180734105, 0.000742863980122, 0.00313505483791, 0.00176053552423, 0.000989544787444, 0.00082806032151, 0.00377810490318, 0.000752283842303, 0.000655363197438, 0.00108731945511, 0.000508318771608, 0.000268283067271, 0.0004748677311, 0.000185721830348, 0.000245856324909, 9.25834829104e-05, 5.10799036419e-05, 3.40912229149e-05, 2.97532496916e-05, 2.87052662316e-05, 3.6773220927e-05, 1.0575633496e-05, 2.86711087938e-06, 1.7770431441e-05, 0.000162870710483], "dvar2": [2.93196062557e-05, 0.000199631496798, 2.19016401388e-05, 4.49826575277e-06, 4.70010090794e-05, 2.5967718102e-05, 7.16259637557e-06, 5.91622210777e-06, 8.31529541756e-05, 5.97806911173e-06, 5.37948108104e-06, 5.70679503653e-06, 1.57552983637e-06, 3.46268478779e-07, 3.82449707104e-06, 4.72649361427e-07, 9.31741624299e-07, 6.75234019809e-08, 2.41767637021e-08, 1.92762801277e-08, 3.43448363083e-08, 2.23329887916