{"metadata": {"audio_properties": {"downmix": "mix", "bit_rate": 0, "lossless": true, "md5_encoded": "7e7bcec53f78e2033abefc8e5aa11e13", "analysis_sample_rate": 44100, "sample_rate": 44100, "replay_gain": -6.46953201294, "equal_loudness": 0, "codec": "flac", "length": 169.293334961}, "tags": {"releasestatus": ["official"], "musicbrainz_albumid": ["c1404808-3d5b-3996-9b14-7e30a3dc6c30"], "musicbrainz_recordingid": ["ee5bf41a-ee9e-4d3a-9044-845f84f91ab3"], "tracknumber": ["8"], "artist": ["Neneh Cherry"], "acoustid_id": ["d98b3327-a8fd-4330-8099-7937234b685b"], "barcode": ["724384198220"], "totaltracks": ["11"], "originaldate": ["1996-08-29"], "albumartist": ["Neneh Cherry"], "asin": ["B000024TJX"], "releasetype": ["album"], "media": ["CD"], "musicbrainz_albumartistid": ["527c65d1-9fdb-4482-8796-dde2980bd63a"], "file_name": "08. Beastiality.flac", "tracktotal": ["11"], "catalognumber": ["8419822"], "musicbrainz_artistid": ["527c65d1-9fdb-4482-8796-dde2980bd63a"], "albumartistsort": ["Cherry, Neneh"], "script": ["Latn"], "label": ["Circa Records"], "releasecountry": ["DE"], "album": ["Man"], "date": ["1996-08-29"], "title": ["Beastiality"], "language": ["eng"], "discnumber": ["1"], "artistsort": ["Cherry, Neneh"], "disctotal": ["1"], "totaldiscs": ["1"], "genre": ["Unknown"]}, "version": {"essentia_build_sha": "2d9f1f26377add8aeb1075a9c2973f962c4f09fd", "essentia_git_sha": "v2.1_beta2-1-ge3940c0", "extractor": "music 1.0", "essentia": "2.1-beta2"}}, "tonal": {"chords_scale": "major", "hpcp": {"dmean": [0.0579713732004, 0.0563408844173, 0.0746560245752, 0.100259177387, 0.0996164679527, 0.0706069394946, 0.0642394572496, 0.0452476590872, 0.0346396304667, 0.0359609313309, 0.0430975817144, 0.0591636784375, 0.070354744792, 0.0598851256073, 0.0616302713752, 0.0808351039886, 0.118334151804, 0.146907374263, 0.15428198874, 0.1206118837, 0.0785547941923, 0.067560993135, 0.0796563848853, 0.10674392432, 0.108086161315, 0.109862081707, 0.117293953896, 0.111874639988, 0.105912879109, 0.106315948069, 0.104440055788, 0.0997330620885, 0.117804832757, 0.129371777177, 0.117999523878, 0.0733616277575], "dvar2": [0.0652038305998, 0.0556272938848, 0.0593427754939, 0.0853538960218, 0.0929662287235, 0.0604268722236, 0.0638812929392, 0.0387644097209, 0.0422333553433, 0.0408088900149, 0.0512886382639, 0.0545419864357, 0.0730259045959, 0.0610191635787, 0.0808753743768, 0.0985145866871, 0.142027869821, 0.146938309073, 0.175073087215, 0.134668156505, 0.109466306865, 0.0881743356586, 0.0839019790292, 0.128818556666, 0.11609184742, 0.107620932162, 0.117645986378, 0.113368272781, 0.102727979422, 0.122798487544, 0.11791485548, 0.10883808136, 0.113740846515, 0.139460235834, 0.112270198762, 0.0758239254355], "mean": [0.0461040139198, 0.0415847599506, 0.0950710177422, 0.179347798228, 0.137493416667, 0.0848086327314, 0.0861278325319, 0.0447170138359, 0.0246539060026, 0.0279522202909, 0.0367772728205, 0.0750519484282, 0.0971313044429, 0.0615422949195, 0.0450503826141, 0.0660647749901, 0.114979796112, 0.251338660717, 0.265856057405, 0.121080763638, 0.0516341142356, 0.0478821285069, 0.0747961401939, 0.139288783073, 0.154355674982, 0.126152053475, 0.157927706838, 0.162246823311, 0.102492570877, 0.0890992283821, 0.0941566005349, 0.0798434838653, 0.142375737429, 0.214447587729, 0.151798829436, 0.0663331225514], "var": [0.020369168371, 0.0157787743956, 0.0306271258742, 0.0897646322846, 0.0524708963931, 0.0358550064266, 0.045016836375, 0.0141483144835, 0.0106336455792, 0.0111533179879, 0.0168366786093, 0.0299525558949, 0.0480095818639, 0.0227017551661, 0.020602023229, 0.0316907502711, 0.0500168204308, 0.123068742454, 0.137035816908, 0.0483202040195, 0.025736855343, 0.0240826159716, 0.0343316048384, 0.0843579769135, 0.0886995643377, 0.0645876452327, 0.0827761739492, 0.0943809077144, 0.0421125181019, 0.0433495528996, 0.0432744547725, 0.0321431383491, 0.0587849803269, 0.1164586097, 0.0696160942316, 0.0302621237934], "dmean2": [0.104964986444, 0.10236056149, 0.130422323942, 0.168664991856, 0.172162860632, 0.123156480491, 0.110353752971, 0.0779182836413, 0.0628405809402, 0.0654232352972, 0.0777899250388, 0.102007754147, 0.120561808348, 0.105502381921, 0.113575577736, 0.145990148187, 0.213570535183, 0.255426824093, 0.272643893957, 0.21290551126, 0.148207053542, 0.126112475991, 0.140821903944, 0.186785519123, 0.186004728079, 0.193369776011, 0.203009203076, 0.196499764919, 0.18796235323, 0.193074867129, 0.184758573771, 0.180089876056, 0.207532599568, 0.227215021849, 0.203582316637, 0.131272211671], "dvar": [0.0240768846124, 0.0205686558038, 0.0225546881557, 0.03671919927, 0.0332569144666, 0.022496400401, 0.025928163901, 0.014425133355, 0.015158248134, 0.014935114421, 0.0188254229724, 0.0211004819721, 0.0288950782269, 0.0229044053704, 0.0290446672589, 0.0362412929535, 0.0518259331584, 0.0562568493187, 0.0664633885026, 0.0479057952762, 0.0382152311504, 0.0322018265724, 0.0326764024794, 0.0509067773819, 0.0475418530405, 0.0433129109442, 0.0470691509545, 0.0469537973404, 0.0381580665708, 0.0458169914782, 0.0433612056077, 0.0391525886953, 0.0425054170191, 0.055097963661, 0.0427483804524, 0.0289890058339], "min": [0, 0, 0, 0, 0, 0, 0, 0, 0, 0, 0, 0, 0, 0, 0, 0, 0, 0, 0, 0, 0, 0, 0, 0, 0, 0, 0, 0, 0, 0, 0, 0, 0, 0, 0, 0], "median": [0.00218970049173, 0.00270857964642, 0.0102193402126, 0.0129056032747, 0.0183541476727, 0.00956905726343, 0.00216281134635, 0.00226692040451, 0.00199415977113, 0.00220275344327, 0.00310137169436, 0.00652571767569, 0.00654790922999, 0.00493004871532, 0.00387783325277, 0.00452806986868, 0.0130972051993, 0.0322533026338, 0.029447875917, 0.0116778854281, 0.001643519965, 0.00160455249716, 0.00418234895915, 0.00769819226116, 0.00821687560529, 0.00919868331403, 0.00624164193869, 0.00595124578103, 0.00616081664339, 0.0080054057762, 0.0100300628692, 0.0104526160285, 0.0138363111764, 0.0148617066443, 0.00983452424407, 0.00474529387429], "max": [1, 1, 1, 1, 1, 1, 1, 1, 1, 1, 1, 1, 1, 1, 1, 1, 1, 1, 1, 1, 1, 1, 1, 1, 1, 1, 1, 1, 1, 1, 1, 1, 1, 1, 1, 1]}, "tuning_equal_tempered_deviation": 0.085681989789, "chords_key": "C#", "chords_strength": {"dmean": 0.0114606916904, "dvar2": 0.000100164739706, "mean": 0.499406427145, "var": 0.00897410232574, "dmean2": 0.0103723537177, "dvar": 9.59787139436e-05, "min": 0.224067792296, "median": 0.509061276913, "max": 0.726454377174}, "tuning_diatonic_strength": 0.492408692837, "thpcp": [1, 0.455437302589, 0.194218307734, 0.18010546267, 0.281340748072, 0.523925542831, 0.580598652363, 0.474512606859, 0.594034612179, 0.610280692577, 0.38551902771, 0.33514085412, 0.354163825512, 0.300325989723, 0.535536944866, 0.806630432606, 0.570981264114, 0.249507665634, 0.173417210579, 0.156418323517, 0.357603341341, 0.674604892731, 0.517172396183, 0.319002062082, 0.32396414876, 0.168200090528, 0.0927340388298, 0.105140432715, 0.138335287571, 0.282302945852, 0.365352988243, 0.23148727417, 0.169454038143, 0.248498290777, 0.432488918304, 0.945393800735], "chords_histogram": [6.44365215302, 0.356457352638, 0.301617771387, 17.8228683472, 2.30326294899, 8.30819892883, 0.383877158165, 12.9969835281, 0.438716739416, 16.9728546143, 2.96133804321, 0, 0.246778175235, 0.712914705276, 0.0822593942285, 0.329037576914, 3.83877158165, 0.219358369708, 0.68549489975, 0.054839592427, 4.46942710876, 0.822593927383, 7.26624631882, 11.9824514389], "tuning_nontempered_energy_ratio": 0.753814160824, "tuning_frequency": 442.03793335, "key_strength": 0.677304387093, "chords_changes_rate": 0.0786948204041, "key_scale": "minor", "hpcp_entropy": {"dmean": 0.642248392105, "dvar2": 0.862899124622, "mean": 1.48416948318, "var": 0.636808395386, "dmean2": 1.10137152672, "dvar": 0.329525053501, "min": 0, "median": 1.55682229996, "max": 4.11750221252}, "key_key": "D#", "chords_number_rate": 0.00301617756486}, "lowlevel": {"melbands_skewness": {"dmean": 0.847377300262, "dvar2": 2.17188405991, "mean": 3.18478894234, "var": 4.90234375, "dmean2": 1.24961555004, "dvar": 0.985695838928, "min": -2.9595618248, "median": 3.15059709549, "max": 16.5756168365}, "melbands_kurtosis": {"dmean": 11.8253612518, "dvar2": 880.733398438, "mean": 27.8330059052, "var": 979.447875977, "dmean2": 18.2191066742, "dvar": 376.362426758, "min": -1.91014158726, "median": 19.8478775024, "max": 471.218566895}, "barkbands_kurtosis": {"dmean": 7.53095674515, "dvar2": 325.035247803, "mean": 17.7186222076, "var": 382.734985352, "dmean2": 11.7776565552, "dvar": 141.4453125, "min": -1.96463835239, "median": 12.5050630569, "max": 347.712310791}, "hfc": {"dmean": 3.06781148911, "dvar2": 51.0770874023, "mean": 11.7491960526, "var": 252.129394531, "dmean2": 4.12837219238, "dvar": 30.0904712677, "min": 1.16156976484e-16, "median": 6.23971939087, "max": 147.675994873}, "silence_rate_20dB": {"dmean": 0, "dvar2": 0, "mean": 1, "var": 0, "dmean2": 0, "dvar": 0, "min": 1, "median": 1, "max": 1}, "erbbands_flatness_db": {"dmean": 0.0255371853709, "dvar2": 0.00165007240139, "mean": 0.218516722322, "var": 0.00355840334669, "dmean2": 0.0358791835606, "dvar": 0.00081521255197, "min": 0.0398996025324, "median": 0.219515502453, "max": 0.437016487122}, "spectral_flux": {"dmean": 0.0232549849898, "dvar2": 0.00162976037245, "mean": 0.0553834736347, "var": 0.00181244569831, "dmean2": 0.0361445322633, "dvar": 0.000702056044247, "min": 1.03182844213e-10, "median": 0.0455825775862, "max": 0.381652891636}, "spectral_energyband_low": {"dmean": 0.00085332186427, "dvar2": 3.95230063077e-06, "mean": 0.00199579284526, "var": 4.47264437753e-06, "dmean2": 0.00130756001454, "dvar": 1.68142446455e-06, "min": 7.82639064598e-23, "median": 0.00131467543542, "max": 0.0196001939476}, "spectral_rolloff": {"dmean": 284.50894165, "dvar2": 2766307.75, "mean": 793.165771484, "var": 2092208.75, "dmean2": 503.665496826, "dvar": 1277877.375, "min": 43.06640625, "median": 387.59765625, "max": 18647.7539063}, "spectral_entropy": {"dmean": 0.295302778482, "dvar2": 0.233638525009, "mean": 6.50277280807, "var": 0.504304945469, "dmean2": 0.419570624828, "dvar": 0.120006516576, "min": 4.17091417313, "median": 6.4868812561, "max": 9.80356693268}, "spectral_energy": {"dmean": 0.00550292246044, "dvar2": 0.000146429185406, "mean": 0.020648797974, "var": 0.000416391267208, "dmean2": 0.00790528859943, "dvar": 7.00985838193e-05, "min": 1.06466998253e-20, "median": 0.0145579427481, "max": 0.167068883777}, "spectral_centroid": {"dmean": 141.630584717, "dvar2": 159627.953125, "mean": 613.670349121, "var": 202929.125, "dmean2": 211.355987549, "dvar": 84660, "min": 178.180282593, "median": 489.582489014, "max": 11229.0761719}, "barkbands_flatness_db": {"dmean": 0.0275411512703, "dvar2": 0.00186612561811, "mean": 0.233262568712, "var": 0.00448621204123, "dmean2": 0.0393922477961, "dvar": 0.000916731485631, "min": 0.0435418225825, "median": 0.228815063834, "max": 0.518117070198}, "spectral_rms": {"dmean": 0.000591894204263, "dvar2": 1.050731953e-06, "mean": 0.00398866599426, "var": 4.2356978156e-06, "dmean2": 0.000834005710203, "dvar": 5.33836157501e-07, "min": 3.22289070431e-12, "median": 0.00376866967417, "max": 0.0127669116482}, "melbands": {"dmean": [3.61111160601e-05, 0.000219853158342, 0.00049636157928, 0.000596324738581, 0.000322214269545, 0.000304893939756, 0.000105093233287, 4.90419843118e-05, 0.00010553435277, 0.000160552561283, 8.34120291984e-05, 6.48486893624e-05, 3.47894783772e-05, 1.58941311383e-05, 6.3472984948e-06, 1.05523213279e-05, 5.45790908291e-06, 8.13982933323e-06, 5.31440809937e-06, 2.27666646424e-06, 3.36040216098e-06, 5.08959010403e-06, 4.35225229012e-06, 1.63130005149e-06, 1.19193384762e-06, 1.14467275125e-06, 6.26214159638e-07, 5.44121007806e-07, 6.289006933e-07, 4.98753024658e-07, 4.58971072703e-07, 4.45514785952e-07, 4.35008274735e-07, 2.56311267322e-07, 3.1664768585e-07, 3.6647475099e-07, 4.47605657428e-07, 3.97547353259e-07, 4.7978181783e-07, 4.16916122958e-07], "dvar2": [2.79976593021e-08, 2.80446272427e-07, 2.05970127354e-06, 2.85480268758e-06, 9.94374317997e-07, 9.92041236714e-07, 6.44131716854e-07, 1.40793176229e-07, 2.29718764899e-07, 4.26980761858e-07, 2.85641021947e-07, 3.01055479213e-07, 2.93683513064e-08, 6.65756738627e-09, 2.10569828241e-09, 9.77130731883e-09, 1.21770593609e-09, 2.55244980707e-09, 3.02306979449e-09, 2.87591922499e-10, 9.08499941943e-10, 1.32739230718e-09, 1.59744029116e-09, 7.90007573248e-11, 4.4322656656e-11, 3.08825326423e-11, 9.52917519198e-12, 1.18672042679e-11, 1.93657468534e-11, 1.33878689385e-11, 9.57060125595e-12, 1.03750133484e-11, 8.42254824912e-12, 2.30505762047e-12, 4.78344013705e-12, 6.76239749961e-12, 1.08628253961e-11, 6.41623342998e-12, 2.14855858799e-11, 1.40737083446e-11], "mean": [5.83195578656e-05, 0.000413131550886, 0.000926507927943, 0.00108760257717, 0.000807092059404, 0.000733454362489, 0.000175778157427, 6.66400228511e-05, 0.000235082334257, 0.000537980231456, 0.000295919220662, 0.000236174048041, 0.000104240803921, 4.18324016209e-05, 1.17809795483e-05, 2.02842547878e-05, 1.15671928143e-05, 1.51816975631e-05, 8.86032194103e-06, 3.88400349038e-06, 5.12679343956e-06, 7.5391694736e-06, 4.98475810673e-06, 2.75773868452e-06, 2.08428468795e-06, 2.12414943235e-06, 9.82362962532e-07, 8.1869194446e-07, 9.11511051527e-07, 6.3804804995e-07, 5.77331320528e-07, 4.96245490922e-07, 4.7206316367e-07, 3.17774066616e-07, 4.00647508059e-07, 4.66310098091e-07, 5.62209777399e-07, 5.13317672812e-07, 5.7711071122e-07, 5.03646674588e-07], "var": [1.82736972221e-08, 3.6012511373e-07, 1.49504387537e-06, 1.72447971636e-06, 1.60301976848e-06, 1.75477941866e-06, 3.55088275228e-07, 6.69802773245e-08, 4.21462090117e-07, 2.503942369e-06, 1.28053625303e-06, 1.8966738935e-06, 3.481080455e-07, 2.82815530994e-08, 3.04492298042e-09, 6.96094959451e-09, 1.85279258602e-09, 6.11374995074e-09, 2.57524801484e-09, 3.01730668228e-10, 7.17433390474e-10, 8.50635950567e-10, 5.09079112199e-10, 1.05507803883e-10, 5.86592094343e-11, 4.81160354615e-11, 6.08486264847e-12, 8.87181994536e-12, 1.39665622817e-11, 8.20807918162e-12, 8.38217256022e-12, 4.80180391976e-12, 3.33020004802e-12, 1.28244387766e-12, 3.08281633728e-12, 5.61655279577e-12, 8.81876949937e-12, 5.4117535106e-12, 1.22560963114e-11, 9.61969739977e-12], "dmean2": [5.2075865824e-05, 0.00033526844345, 0.000756475084927, 0.000930686132051, 0.00047883336083, 0.000442638905952, 0.000156167850946, 7.48095917515e-05, 0.000143073761137, 0.00020887851133, 0.000105529768916, 8.30791977933e-05, 4.0592149162e-05, 2.09378467844e-05, 9.20666752791e-06, 1.56109708769e-05, 7.85203974374e-06, 1.06301931737e-05, 7.73783085606e-06, 3.36701032211e-06, 5.28518103238e-06, 8.38804771774e-06, 7.37303116694e-06, 2.49691311183e-06, 1.80817914952e-06, 1.68367466813e-06, 9.34692593546e-07, 8.2135301227e-07, 9.35598905016e-07, 7.457209108e-07, 6.7619288302e-07, 6.94822574587e-07, 6.93265349128e-07, 3.95692211441e-07, 4.82431914861e-07, 5.60166597552e-07, 6.66213111344e-07, 5.88481555042e-07, 7.1936204904e-07, 6.25885263617e-07], "dvar": [1.23045991174e-08, 1.23479892977e-07, 9.37249922117e-07, 1.14244335236e-06, 4.73268045198e-07, 4.8691487109e-07, 2.68733430175e-07, 5.77977417038e-08, 1.20176153473e-07, 2.69331025038e-07, 1.72375052898e-07, 2.17181039375e-07, 2.88970003481e-08, 4.45861125797e-09, 1.2525208648e-09, 4.0217829067e-09, 5.67786484496e-10, 1.99314542648e-09, 1.37900668662e-09, 1.26898200281e-10, 4.03372224511e-10, 5.04478014918e-10, 6.11890427216e-10, 3.9087622028e-11, 1.89572506998e-11, 1.46626547709e-11, 4.13989198825e-12, 5.80537701245e-12, 9.2504207419e-12, 6.00813322704e-12, 4.94391680372e-12, 4.28767264748e-12, 3.36498125371e-12, 9.89834191174e-13, 2.2291758283e-12, 3.54722653161e-12, 5.65047748174e-12, 3.22475336365e-12, 9.62642379004e-12, 6.54730870214e-12], "min": [2.30812516436e-24, 1.14793792528e-23, 2.07714980731e-23, 1.12710978857e-23, 1.61661722846e-23, 7.93121306312e-24, 2.73674760961e-24, 6.5233515438e-24, 7.39580843358e-24, 9.57687946333e-24, 4.0371100673e-24, 8.36223482882e-24, 6.67359838624e-24, 1.72045420056e-23, 1.33814175585e-23, 1.27831856799e-23, 1.1218096688e-23, 8.1887272393e-24, 1.45480008424e-23, 1.32367657121e-23, 6.62308683362e-24, 4.73055745717e-24, 7.90521536313e-24, 1.25995925037e-23, 1.87949455439e-23, 1.26013485081e-23, 1.22386342082e-23, 1.15265854782e-23, 1.37388236134e-23, 1.49058470817e-23, 1.48848681148e-23, 6.20564018081e-24, 8.53895939311e-24, 8.77511752686e-24, 8.94748047921e-24, 1.03669094604e-23, 1.03768412192e-23, 1.62240888746e-23, 7.97315758631e-24, 9.91719405784e-24], "median": [1.67884863913e-05, 0.000191254279343, 0.000545753631741, 0.000660209916532, 0.000312844815198, 0.000193143147044, 4.85734126414e-05, 1.2207096006e-05, 1.43970119098e-05, 1.59618030011e-05, 7.60196871852e-06, 4.93157676829e-06, 5.99396980761e-06, 6.48376862955e-06, 2.68721350949e-06, 1.44877992625e-06, 1.09026177597e-06, 1.16209355383e-06, 5.8214902765e-07, 4.22364507813e-07, 5.89824708186e-07, 8.53514052324e-07, 8.64108983478e-07, 4.96021471008e-07, 4.10748299373e-07, 4.74619525903e-07, 2.76979164937e-07, 1.88362207609e-07, 1.64547785175e-07, 9.76359260108e-08, 8.07427014138e-08, 7.76228645805e-08, 8.47066985443e-08, 6.01922636179e-08, 6.38006127929e-08, 6.37755874777e-08, 7.03505378397e-08, 6.85527368205e-08, 5.68178961657e-08, 4.14385041836e-08], "max": [0.00460618222132, 0.00509854080155, 0.0135318329558, 0.0213600676507, 0.0134775219485, 0.0110815363005, 0.0171303264797, 0.00849966425449, 0.00982896052301, 0.0143643962219, 0.0182016547769, 0.0218199361116, 0.00934216752648, 0.00335568957962, 0.00284969806671, 0.00268691335805, 0.000825909664854, 0.00298147182912, 0.00165785523131, 0.00039388120058, 0.00078434322495, 0.000613020791207, 0.000814321450889, 0.000263850408373, 0.000179045528057, 0.00016118590429, 7.22705590306e-05, 9.60955949267e-05, 0.000122953555547, 8.0597041233e-05, 8.59092178871e-05, 6.08532791375e-05, 4.63901706098e-05, 2.65676080744e-05, 4.91650534968e-05, 5.86053611187e-05, 7.54621869419e-05, 3.55254924216e-05, 0.000137474067742, 7.59100439609e-05]}, "barkbands_crest": {"dmean": 2.40398931503, "dvar2": 13.4185695648, "mean": 13.7473697662, "var": 20.9163913727, "dmean2": 3.73669457436, "dvar": 5.47197914124, "min": 3.76157951355, "median": 13.0273103714, "max": 26.4425792694}, "mfcc": {"icov": [[0.000233697734075, 0.000241955378442, 0.00026559503749, 0.000188224119483, 0.000299158797134, 5.90236195421e-05, -0.000145036508911, -2.40054632741e-05, -2.4367171136e-05, -0.000258274958469, -9.08471047296e-05, 4.820389222e-05, -6.91120585543e-05], [0.000241955378442, 0.00103403604589, 0.000372491544113, 0.000290441559628, 0.000315744080581, 2.65044468506e-06, -0.000269605778158, -0.000312704476528, 0.000262748944806, -0.000142837423482, -0.000326292036334, 2.12629074667e-05, -0.00037187061389], [0.00026559503749, 0.000372491544113, 0.00193821673747, 0.000177612469997, 0.000139994212077, 0.000343405059539, -0.000379230594262, 0.000481649069116, 0.000260480388533, -0.000378685625037, -0.000144256933709, -0.000469915394206, -0.000346773333149], [0.000188224119483, 0.000290441559628, 0.000177612469997, 0.00279840058647, -0.000714005494956, 0.000453825487057, -0.00011936356168, -0.000369912828319, 3.05887588183e-05, 0.000695524795447, -0.000485225144075, -0.000778643763624, -6.43739986117e-05], [0.000299158797134, 0.000315744080581, 0.000139994212077, -0.000714005494956, 0.0050358842127, -0.00102119287476, 0.001184302615, -0.000757736619562, -0.000591660384089, -2.01272687264e-05, -0.000410543027101, -0.000390314497054, 4.57974856545e-05], [5.90236195421e-05, 2.65044468506e-06, 0.000343405059539, 0.000453825487057, -0.00102119287476, 0.0050499048084, -0.00204986706376, 0.000786991382483, -0.00172888359521, 0.000838409934659, -0.00148050033022, 0.00193022738677, -0.00101211376023], [-0.000145036508911, -0.000269605778158, -0.000379230594262, -0.00011936356168, 0.001184302615, -0.00204986706376, 0.00704794749618, -0.000694238638971, 0.00137382443063, -0.00125737558119, -7.19007948646e-05, 7.14754278306e-05, 0.000251892401138], [-2.40054632741e-05, -0.000312704476528, 0.000481649069116, -0.000369912828319, -0.000757736619562, 0.000786991382483, -0.000694238638971, 0.00799773260951, -0.0031173126772, 0.0018820251571, -0.000469083170174, -0.000383357109968, -0.000399774638936], [-2.4367171136e-05, 0.000262748944806, 0.000260480388533, 3.05887588183e-05, -0.000591660384089, -0.00172888359521, 0.00137382443063, -0.0031173126772, 0.00839509814978, -0.00206632702611, 0.000942961138207, 9.9175478681e-05, -0.000452863343526], [-0.000258274958469, -0.000142837423482, -0.000378685625037, 0.000695524795447, -2.01272687264e-05, 0.000838409934659, -0.00125737558119, 0.0018820251571, -0.00206632702611, 0.00727013824508, -0.00161372032017, 0.00204864796251, 0.000335477467161], [-9.08471047296e-05, -0.000326292036334, -0.000144256933709, -0.000485225144075, -0.000410543027101, -0.00148050033022, -7.19007948646e-05, -0.000469083170174, 0.000942961138207, -0.00161372032017, 0.00892063230276, -0.0027048101183, 0.00182228849735], [4.820389222e-05, 2.12629074667e-05, -0.000469915394206, -0.000778643763624, -0.000390314497054, 0.00193022738677, 7.14754278306e-05, -0.000383357109968, 9.9175478681e-05, 0.00204864796251, -0.0027048101183, 0.0115719176829, -0.00320900301449], [-6.91120585543e-05, -0.00037187061389, -0.000346773333149, -6.43739986117e-05, 4.57974856545e-05, -0.00101211376023, 0.000251892401138, -0.000399774638936, -0.000452863343526, 0.000335477467161, 0.00182228849735, -0.00320900301449, 0.010024392046]], "mean": [-749.145507813, 151.161621094, 28.2752304077, 20.0426292419, 4.23270702362, -8.39031791687, -2.49686384201, -1.37045586109, -13.5088453293, -15.0281591415, -12.4502811432, -9.37924289703, -11.6074581146], "cov": [[8555.83496094, -1320.80151367, -726.962036133, -770.184265137, -599.902893066, 45.1541824341, 251.36555481, -164.127334595, 76.7807769775, 494.094696045, -18.7348918915, -276.13269043, -123.722145081], [-1320.80151367, 1365.2019043, -80.5858535767, -18.5785293579, -0.19540554285, 32.3039245605, 32.5604248047, 55.528503418, -35.2971115112, -45.7224349976, 36.3660621643, 23.8855247498, 44.260925293], [-726.962036133, -80.5858535767, 673.69934082, 37.0594902039, 11.9013719559, -59.5291099548, 2.9555413723, -53.2347793579, -53.3609085083, -3.27422165871, 6.51894569397, 49.5920372009, 19.6690654755], [-770.184265137, -18.5785293579, 37.0594902039, 516.956359863, 140.717071533, -49.169921875, -59.5526580811, 65.3863525391, -2.08516836166, -118.124595642, 21.8737850189, 88.0350036621, 25.1636867523], [-599.902893066, -0.19540554285, 11.9013719559, 140.717071533, 292.748504639, 36.7409973145, -61.4349975586, 55.8685913086, 40.5105361938, -58.5180244446, 16.7869091034, 36.7497596741, 15.8172082901], [45.1541824341, 32.3039245605, -59.5291099548, -49.169921875, 36.7409973145, 284.304779053, 67.9085540771, 0.646434187889, 53.3641166687, 17.3295841217, 29.1238422394, -47.217338562, 7.41236686707], [251.36555481, 32.5604248047, 2.9555413723, -59.5526580811, -61.4349975586, 67.9085540771, 189.084899902, -16.6209926605, -16.7795467377, 51.2460250854, 14.0600814819, -28.4596595764, -9.75584506989], [-164.127334595, 55.528503418, -53.2347793579, 65.3863525391, 55.8685913086, 0.646434187889, -16.6209926605, 173.992248535, 58.0824356079, -52.3590583801, 2.95097875595, 25.0646800995, 18.5366668701], [76.7807769775, -35.2971115112, -53.3609085083, -2.08516836166, 40.5105361938, 53.3641166687, -16.7795467377, 58.0824356079, 167.810058594, 24.8776760101, -6.88941669464, -12.985953331, 9.14525413513], [494.094696045, -45.7224349976, -3.27422165871, -118.124595642, -58.5180244446, 17.3295841217, 51.2460250854, -52.3590583801, 24.8776760101, 214.773712158, 19.0233821869, -58.7615356445, -28.8529109955], [-18.7348918915, 36.3660621643, 6.51894569397, 21.8737850189, 16.7869091034, 29.1238422394, 14.0600814819, 2.95097875595, -6.88941669464, 19.0233821869, 134.011245728, 21.5445365906, -14.1982917786], [-276.13269043, 23.8855247498, 49.5920372009, 88.0350036621, 36.7497596741, -47.217338562, -28.4596595764, 25.0646800995, -12.985953331, -58.7615356445, 21.5445365906, 131.564712524, 37.6225013733], [-123.722145081, 44.260925293, 19.6690654755, 25.1636867523, 15.8172082901, 7.41236686707, -9.75584506989, 18.5366668701, 9.14525413513, -28.8529109955, -14.1982917786, 37.6225013733, 119.051612854]]}, "spectral_decrease": {"dmean": 1.40134148729e-09, "dvar2": 9.62084340601e-18, "mean": -5.18864284871e-09, "var": 2.58220492056e-17, "dmean2": 2.02045558062e-09, "dvar": 4.57765142427e-18, "min": -4.07167632943e-08, "median": -3.65577568218e-09, "max": -2.938477983e-29}, "zerocrossingrate": {"dmean": 0.00835509411991, "dvar2": 0.000323098589433, "mean": 0.0350740887225, "var": 0.00123203045223, "dmean2": 0.00985008664429, "dvar": 0.000288737122901, "min": 0.00146484375, "median": 0.02783203125, "max": 0.5078125}, "spectral_contrast_coeffs": {"dmean": [0.0473380871117, 0.0511380806565, 0.0392300710082, 0.0311179161072, 0.0250954311341, 0.0191993471235], "dvar2": [0.00434923637658, 0.00473101437092, 0.00278947222978, 0.00170904677361, 0.00120570824947, 0.000708247069269], "mean": [-0.523373126984, -0.625292479992, -0.71133005619, -0.767742276192, -0.784933626652, -0.809842526913], "var": [0.00536033790559, 0.0112659856677, 0.0142215816304, 0.00550583656877, 0.00257040048018, 0.00142683391459], "dmean2": [0.076923802495, 0.076607696712, 0.0579993575811, 0.0474642850459, 0.0388213135302, 0.0287922546268], "dvar": [0.001694124192, 0.00227974751033, 0.00149445456918, 0.000815329782199, 0.000539117318112, 0.000338748504873], "min": [-0.960370779037, -0.961393296719, -0.965068936348, -0.962631881237, -0.961473941803, -0.95941478014], "median": [-0.520924329758, -0.625831663609, -0.73902118206, -0.778437614441, -0.791146874428, -0.813747704029], "max": [-0.276733458042, -0.301936089993, -0.325302273035, -0.467710673809, -0.572402834892, -0.609914004803]}, "spectral_skewness": {"dmean": 0.449097305536, "dvar2": 0.618458688259, "mean": 2.59160876274, "var": 1.33886039257, "dmean2": 0.67440623045, "dvar": 0.303772360086, "min": -0.463042110205, "median": 2.40633583069, "max": 10.675447464}, "spectral_energyband_middle_high": {"dmean": 0.000827165786177, "dvar2": 1.46826778291e-05, "mean": 0.00337961711921, "var": 0.000146309583215, "dmean2": 0.00104367313907, "dvar": 1.11320632641e-05, "min": 1.73103133593e-21, "median": 0.000499204383232, "max": 0.162238016725}, "gfcc": {"icov": [[0.0003018307616, -0.000114065413072, 0.000453342421679, -0.000227457174333, 0.000571446027607, -0.00056132307509, 0.000228297183639, -0.000449850485893, 0.000448428239906, -0.000427368941018, 0.000290558004053, -0.000213733044802, 0.000122539480799], [-0.000114065413072, 0.00281057297252, -0.000835750310216, 0.00169885228388, -0.00205502356403, 0.00170558819082, -0.00216148653999, 0.00173078046646, -0.00199979264289, 0.00217861984856, -0.0029357385356, 0.00229127681814, -0.00147476897109], [0.000453342421679, -0.000835750310216, 0.0023016682826, -0.000954459130298, 0.0014112831559, -0.00104477559216, 0.00119374122005, -0.000973979127593, 0.00127340760082, -0.00150582473725, 0.00103742687497, -0.00118006323464, 0.00142349302769], [-0.000227457174333, 0.00169885228388, -0.000954459130298, 0.00352734024636, -0.002233175328, 0.00177880341653, -0.000842982321046, 0.000886061403435, -0.00118052365724, 0.000994990579784, -0.00151177402586, 0.000778894056566, -0.000591691001318], [0.000571446027607, -0.00205502356403, 0.0014112831559, -0.002233175328, 0.00574929686263, -0.00227252510376, 0.000870905991178, -0.00031837442657, 8.83330139914e-05, -0.00117467355449, 0.00263196160085, -0.00300090783276, 0.00229075131938], [-0.00056132307509, 0.00170558819082, -0.00104477559216, 0.00177880341653, -0.00227252510376, 0.00572804547846, -0.00206994311884, 0.00120725517627, -0.000414481619373, -0.000434945104644, 0.000127622610307, 0.00220297253691, -0.00183670327533], [0.000228297183639, -0.00216148653999, 0.00119374122005, -0.000842982321046, 0.000870905991178, -0.00206994311884, 0.00691287964582, -0.00121085729916, 0.00187272857875, -0.00126805657055, 0.00192484282888, -0.000938931189012, 0.00119147833902], [-0.000449850485893, 0.00173078046646, -0.000973979127593, 0.000886061403435, -0.00031837442657, 0.00120725517627, -0.00121085729916, 0.00774892373011, -0.0032168792095, 0.00190641137306, -0.00140359019861, 0.00107058812864, -0.00118426722474], [0.000448428239906, -0.00199979264289, 0.00127340760082, -0.00118052365724, 8.83330139914e-05, -0.000414481619373, 0.00187272857875, -0.0032168792095, 0.010628791526, -0.00245559355244, 0.0041637616232, -0.00163585133851, 0.000454034045106], [-0.000427368941018, 0.00217861984856, -0.00150582473725, 0.000994990579784, -0.00117467355449, -0.000434945104644, -0.00126805657055, 0.00190641137306, -0.00245559355244, 0.0110532166436, -0.00545422872528, 0.00342203420587, -0.000906084140297], [0.000290558004053, -0.0029357385356, 0.00103742687497, -0.00151177402586, 0.00263196160085, 0.000127622610307, 0.00192484282888, -0.00140359019861, 0.0041637616232, -0.00545422872528, 0.0129956444725, -0.00355206150562, 0.00185570446774], [-0.000213733044802, 0.00229127681814, -0.00118006323464, 0.000778894056566, -0.00300090783276, 0.00220297253691, -0.000938931189012, 0.00107058812864, -0.00163585133851, 0.00342203420587, -0.00355206150562, 0.0108479717746, -0.00238159997389], [0.000122539480799, -0.00147476897109, 0.00142349302769, -0.000591691001318, 0.00229075131938, -0.00183670327533, 0.00119147833902, -0.00118426722474, 0.000454034045106, -0.000906084140297, 0.00185570446774, -0.00238159997389, 0.0123113011941]], "mean": [-92.6898193359, 117.017219543, -85.8535003662, 14.0194196701, -63.936214447, -5.89408779144, -48.4924430847, -3.59859347343, -38.7090606689, -16.8472251892, -20.2938995361, -4.30882501602, -13.0200529099], "cov": [[9977.30566406, -2060.86767578, -1067.59020996, -301.388214111, -1188.6340332, 1044.69616699, -128.831054688, 482.743774414, -392.095611572, 436.289398193, -128.180343628, -253.803985596, 215.498321533], [-2060.86767578, 1603.61621094, 25.4802932739, -213.606582642, 418.993621826, -302.980621338, 251.609832764, -218.830352783, 147.722366333, -178.922973633, 110.044342041, -27.7848529816, -9.74457740784], [-1067.59020996, 25.4802932739, 798.330505371, 128.501571655, -9.22141075134, -75.6252975464, -83.1870422363, -9.94002056122, -19.9002094269, 34.4474143982, 36.5480728149, 40.6752929688, -69.2957687378], [-301.388214111, -213.606582642, 128.501571655, 523.255187988, 140.036987305, -109.910881042, -60.2792282104, 0.25398209691, 29.8033237457, -14.202460289, 0.330543100834, 72.3436279297, -37.093208313], [-1188.6340332, 418.993621826, -9.22141075134, 140.036987305, 495.471313477, -86.397064209, 65.0151062012, -93.9343185425, 100.628944397, -84.018447876, -22.8787555695, 71.2209014893, -43.2591934204], [1044.69616699, -302.980621338, -75.6252975464, -109.910881042, -86.397064209, 402.456817627, 38.6444664001, 31.2375659943, -54.5307312012, 89.6850204468, -55.9917259216, -68.0619277954, 36.03698349], [-128.831054688, 251.609832764, -83.1870422363, -60.2792282104, 65.0151062012, 38.6444664001, 227.297027588, -27.1487922668, 3.45539164543, -15.5887441635, -5.23424577713, -23.7215824127, 2.12821912766], [482.743774414, -218.830352783, -9.94002056122, 0.25398209691, -93.9343185425, 31.2375659943, -27.1487922668, 194.262680054, 13.9676818848, 11.2896060944, -18.6024703979, -3.23187398911, 16.0902614594], [-392.095611572, 147.722366333, -19.9002094269, 29.8033237457, 100.628944397, -54.5307312012, 3.45539164543, 13.9676818848, 151.608428955, -28.3362388611, -27.2875061035, 17.305109024, -0.734406352043], [436.289398193, -178.922973633, 34.4474143982, -14.202460289, -84.018447876, 89.6850204468, -15.5887441635, 11.2896060944, -28.3362388611, 160.012161255, 30.9229297638, -36.9079360962, 2.18727374077], [-128.180343628, 110.044342041, 36.5480728149, 0.330543100834, -22.8787555695, -55.9917259216, -5.23424577713, -18.6024703979, -27.2875061035, 30.9229297638, 132.069900513, 11.9078559875, -9.45248508453], [-253.803985596, -27.7848529816, 40.6752929688, 72.3436279297, 71.2209014893, -68.0619277954, -23.7215824127, -3.23187398911, 17.305109024, -36.9079360962, 11.9078559875, 141.973587036, -1.1343818903], [215.498321533, -9.74457740784, -69.2957687378, -37.093208313, -43.2591934204, 36.03698349, 2.12821912766, 16.0902614594, -0.734406352043, 2.18727374077, -9.45248508453, -1.1343818903, 100.304237366]]}, "erbbands_spread": {"dmean": 8.61571121216, "dvar2": 460.795196533, "mean": 27.427072525, "var": 559.893249512, "dmean2": 13.128528595, "dvar": 207.504592896, "min": 1.24059510231, "median": 20.2233085632, "max": 187.336883545}, "erbbands_kurtosis": {"dmean": 2.96595072746, "dvar2": 62.0319747925, "mean": 5.72892332077, "var": 68.3935852051, "dmean2": 4.56058311462, "dvar": 25.9693374634, "min": -1.93457758427, "median": 3.29045915604, "max": 97.8512039185}, "dynamic_complexity": 4.47347021103, "erbbands_crest": {"dmean": 2.98089790344, "dvar2": 22.0398654938, "mean": 14.3033685684, "var": 34.2895126343, "dmean2": 4.62729406357, "dvar": 9.29148101807, "min": 2.60925173759, "median": 13.3637962341, "max": 32.9277610779}, "erbbands": {"dmean": [0.00242402241565, 0.067063651979, 0.568822264671, 1.55405032635, 8.90159320831, 6.87398481369, 10.282336235, 14.0515575409, 7.17027997971, 4.42603969574, 11.0521812439, 24.8849639893, 16.0292015076, 15.2743024826, 8.81440925598, 3.35448026657, 3.92089676857, 3.07096195221, 4.752597332, 2.09696221352, 2.85675764084, 4.49250888824, 2.97770094872, 1.42494666576, 1.17983305454, 0.77442997694, 0.898209154606, 0.783534765244, 0.787764012814, 0.530888915062, 0.562793374062, 0.666647672653, 0.582577168941, 0.482666522264, 0.241137117147, 0.080230012536, 0.0177186019719, 0.00274126441218, 0.000224577655899, 1.52249813254e-05], "dvar2": [0.000363468861906, 0.0384311676025, 1.87282967567, 17.3598384857, 711.547363281, 476.051940918, 1087.83300781, 2309.38183594, 2961.11694336, 1434.10668945, 2532.85864258, 10260.4472656, 10044.5322266, 14920.7734375, 1479.01013184, 244.794326782, 1105.04296875, 397.298980713, 1176.93383789, 335.291229248, 637.531433105, 899.921630859, 403.871887207, 50.0045013428, 24.7688293457, 20.9992790222, 34.4997673035, 25.9312820435, 31.5182876587, 9.46276760101, 14.5020837784, 21.0179157257, 15.1180477142, 14.2795190811, 3.84293174744, 0.361267417669, 0.0106594506651, 0.000218791523366, 1.99243277166e-06, 4.25371338153e-09], "mean": [0.00342365866527, 0.117513425648, 1.08465373516, 3.51097893715, 13.8403091431, 14.4627723694, 25.443819046, 33.4107437134, 12.5024080276, 6.48318767548, 25.0663642883, 77.0393218994, 57.44090271, 55.1098365784, 27.1211109161, 8.73589706421, 7.24362564087, 7.02438735962, 8.9583940506, 3.96240901947, 4.75604343414, 6.7196598053, 4.36054563522, 2.68692731857, 2.19698619843, 1.26741504669, 1.31854963303, 1.02707839012, 0.89884698391, 0.650532007217, 0.730571985245, 0.867706775665, 0.7620267272, 0.624829232693, 0.323444247246, 0.0983306691051, 0.0184372309595, 0.00257818726823, 0.000202432202059, 3.37274614139e-05], "var": [0.000207648845389, 0.0442958585918, 2.29287719727, 13.224773407, 436.14831543, 293.32409668, 1922.64855957, 4305.49755859, 1673.44799805, 601.336486816, 4435.03613281, 46326.9804688, 41782.4765625, 99947.21875, 13435.1474609, 675.100952148, 805.299621582, 614.094299316, 2046.03198242, 368.277526855, 515.266113281, 551.572998047, 212.08996582, 73.3489074707, 28.8207454681, 16.3280410767, 27.9915599823, 22.9352264404, 14.010345459, 5.14085483551, 10.6773281097, 19.274930954, 13.2275066376, 12.9976415634, 4.14391326904, 0.248540148139, 0.00500715337694, 7.19717572792e-05, 5.38045014764e-07, 1.9751056346e-09], "dmean2": [0.00361121422611, 0.0978394895792, 0.873320579529, 2.39475417137, 13.8845586777, 10.7560014725, 15.2287139893, 20.3994426727, 10.6958303452, 6.79114723206, 14.5763282776, 32.5287590027, 20.1878585815, 19.1809005737, 10.3089542389, 4.61188793182, 5.69515943527, 4.31913614273, 6.22874593735, 3.03833150864, 4.42967939377, 7.3626909256, 4.8105969429, 2.12372636795, 1.72200727463, 1.13927817345, 1.33013796806, 1.13386201859, 1.23774850368, 0.812147796154, 0.848362147808, 0.985421597958, 0.842188119888, 0.709888339043, 0.360044568777, 0.128965348005, 0.0289219412953, 0.0045900545083, 0.000382591795642, 2.38004304265e-05], "dvar": [0.000172489395482, 0.0169979706407, 0.804026901722, 7.41016244888, 310.776916504, 180.790328979, 531.660522461, 1148.38671875, 1232.67504883, 578.060424805, 1323.56689453, 6362.81835938, 5722.62695313, 11253.5195313, 1238.93554688, 143.108322144, 495.116241455, 176.871536255, 799.794677734, 148.004806519, 285.027374268, 352.066345215, 161.917724609, 21.8740520477, 11.5673103333, 10.3605804443, 17.3857307434, 13.530623436, 12.8769893646, 4.09558010101, 7.18051958084, 11.4759464264, 7.76538276672, 7.52909612656, 2.00568938255, 0.160926297307, 0.00438033603132, 8.56882397784e-05, 7.51045945435e-07, 1.66435842885e-09], "min": [1.54490999306e-22, 2.74411856972e-21, 3.10461143354e-20, 1.2834808388e-19, 9.98429876065e-20, 2.61731422943e-19, 4.66594075375e-19, 3.24204445501e-19, 2.05420572831e-19, 5.15378034277e-19, 7.70172824001e-19, 1.62259169932e-18, 8.34279683365e-19, 2.03565674591e-18, 2.55027620386e-18, 6.59542535252e-18, 4.95551083681e-18, 6.39414253098e-18, 6.25350404246e-18, 1.1874057752e-17, 6.00921734165e-18, 5.51647536333e-18, 9.96099827187e-18, 2.19414206973e-17, 1.60531404699e-17, 1.8426659137e-17, 2.26820500936e-17, 2.52222671609e-17, 1.27484389447e-17, 1.52283586812e-17, 1.58096151889e-17, 1.74970785277e-17, 1.94860723609e-17, 1.06117660752e-17, 6.90978707251e-18, 4.77223987311e-18, 3.87279841661e-18, 1.38469900125e-18, 3.24433005844e-19, 3.03495280932e-20], "median": [0.000960982230026, 0.0374806337059, 0.510659694672, 2.42873859406, 6.35589885712, 9.73148345947, 7.71804237366, 7.97100687027, 3.81722021103, 1.74116003513, 2.44283676147, 3.5028860569, 2.42879152298, 2.0954887867, 2.0727891922, 2.4080119133, 1.00818371773, 0.766946017742, 0.778590679169, 0.4470667243, 0.580429315567, 0.951746582985, 0.895957887173, 0.602320075035, 0.618395805359, 0.355663359165, 0.253697216511, 0.172983124852, 0.159451633692, 0.134849727154, 0.123726785183, 0.122326612473, 0.103992894292, 0.0607608966529, 0.0323583558202, 0.0112508889288, 0.00227265921421, 0.000368239474483, 3.79840530513e-05, 2.17008146137e-05], "max": [0.445369958878, 4.02535152435, 12.5546216965, 36.8237495422, 236.985580444, 460.362426758, 374.000549316, 574.450134277, 1087.44787598, 900.619934082, 1005.34667969, 2462.92285156, 3589.76831055, 5514.96923828, 1759.49035645, 516.851379395, 746.858703613, 497.895050049, 2109.83129883, 466.527069092, 685.19317627, 424.42086792, 365.62677002, 186.881484985, 106.087867737, 133.846862793, 153.135360718, 153.907302856, 95.8161468506, 42.9749221802, 77.6854095459, 110.969940186, 77.6530456543, 72.6203842163, 42.5468673706, 10.1278629303, 1.96716463566, 0.154517933726, 0.0197073128074, 0.000696749484632]}, "silence_rate_30dB": {"dmean": 0.00219448632561, "dvar2": 0.0051932525821, "mean": 0.993417441845, "var": 0.00653904490173, "dmean2": 0.00438957475126, "dvar": 0.00218964670785, "min": 0, "median": 1, "max": 1}, "silence_rate_60dB": {"dmean": 0.0408723093569, "dvar2": 0.0901706218719, "mean": 0.123560063541, "var": 0.108285874128, "dmean2": 0.0817558318377, "dvar": 0.0391969047487, "min": 0, "median": 0, "max": 1}, "spectral_energyband_middle_low": {"dmean": 0.00497898925096, "dvar2": 0.000129981446662, "mean": 0.0157337412238, "var": 0.000246042356594, "dmean2": 0.00728761171922, "dvar": 5.96338795731e-05, "min": 2.75125956582e-22, "median": 0.0105408430099, "max": 0.14484718442}, "spectral_spread": {"dmean": 812905.9375, "dvar2": 2819976593410.0, "mean": 4265041.5, "var": 5415263272960.0, "dmean2": 1165803.375, "dvar": 1593707724800.0, "min": 545267.25, "median": 3845037.75, "max": 40976104}, "barkbands": {"dmean": [1.09354323286e-05, 0.000207249890082, 0.000538401771337, 0.0009598987