{"tonal": {"hpcp": {"dvar": [0.038150485605, 0.0308974068612, 0.0285073462874, 0.029997523874, 0.0386348031461, 0.0460591465235, 0.0513720884919, 0.040963653475, 0.0344521515071, 0.0269291512668, 0.0252861585468, 0.0274155307561, 0.0319517552853, 0.0296019185334, 0.0300913639367, 0.0362336523831, 0.029539482668, 0.0191306881607, 0.0185578428209, 0.0180800147355, 0.0208435412496, 0.0275637190789, 0.0271919090301, 0.0449972823262, 0.0387209765613, 0.0307277813554, 0.0363629683852, 0.0394445247948, 0.0325737446547, 0.0263141654432, 0.0274897217751, 0.0271523334086, 0.0297824610025, 0.0306408405304, 0.0327545031905, 0.036560934037], "var": [0.0907398164272, 0.0442182421684, 0.0417241305113, 0.0615912973881, 0.0435291267931, 0.0811517834663, 0.137355968356, 0.0697314888239, 0.032967440784, 0.0311280433089, 0.0273260530084, 0.0364758372307, 0.0639504268765, 0.0429380685091, 0.0494888499379, 0.0829927325249, 0.0479390099645, 0.0203376989812, 0.0190174654126, 0.0162563230842, 0.0295420195907, 0.0491598173976, 0.0316402502358, 0.0541615560651, 0.0624605156481, 0.0362170599401, 0.058299690485, 0.08676828444, 0.043486610055, 0.028345560655, 0.0299627166241, 0.0256852414459, 0.0406383387744, 0.067137286067, 0.0393103994429, 0.0592834092677], "median": [0.0856287553906, 0.0644432082772, 0.0342978648841, 0.0335932895541, 0.0561176612973, 0.246743232012, 0.405865132809, 0.237485468388, 0.057251188904, 0.0367698632181, 0.0300348363817, 0.0541329421103, 0.0754683315754, 0.0661725252867, 0.0782591253519, 0.0963832587004, 0.0635422021151, 0.0485002398491, 0.0410447046161, 0.0271956287324, 0.0298457853496, 0.0379100851715, 0.054108120501, 0.0534587539732, 0.0442259311676, 0.0434584692121, 0.138164952397, 0.212579697371, 0.11973695457, 0.0287741869688, 0.0231138467789, 0.02933421731, 0.0382893010974, 0.03992312029, 0.0481532588601, 0.074639454484], "max": [1, 1, 1, 1, 1, 1, 1, 1, 1, 1, 1, 1, 1, 1, 1, 1, 1, 1, 1, 1, 1, 1, 1, 1, 1, 1, 1, 1, 1, 1, 1, 1, 1, 1, 1, 1], "dmean": [0.131142556667, 0.11725255847, 0.0993634387851, 0.0990123972297, 0.140520691872, 0.203947886825, 0.195683643222, 0.18829639256, 0.130312845111, 0.0995809137821, 0.0903722047806, 0.106203876436, 0.118256397545, 0.114562027156, 0.121545098722, 0.13273216784, 0.113004341722, 0.0809599459171, 0.0719716697931, 0.0643078759313, 0.0760292485356, 0.0897959917784, 0.102892741561, 0.134918943048, 0.124830164015, 0.108726330101, 0.152508333325, 0.171593159437, 0.138763174415, 0.0938608422875, 0.083759367466, 0.0858881697059, 0.0964269712567, 0.0974597111344, 0.113651879132, 0.130158096552], "dmean2": [0.222488746047, 0.198318779469, 0.171239197254, 0.175792887807, 0.250435769558, 0.348286509514, 0.325519353151, 0.320346951485, 0.231408804655, 0.173012956977, 0.156858563423, 0.179281905293, 0.198644548655, 0.194380030036, 0.205339446664, 0.223112225533, 0.192016109824, 0.139657691121, 0.12528924644, 0.113940887153, 0.12903521955, 0.150545880198, 0.178609877825, 0.239118129015, 0.217223167419, 0.187881156802, 0.258001118898, 0.284792393446, 0.23579056561, 0.167294770479, 0.149574965239, 0.150651395321, 0.166494086385, 0.168361142278, 0.198056325316, 0.225235879421], "mean": [0.228431776166, 0.154216721654, 0.121703058481, 0.137895509601, 0.146061643958, 0.332596719265, 0.487505793571, 0.307716906071, 0.129186213017, 0.107141666114, 0.0939194113016, 0.13197465241, 0.183221206069, 0.150455728173, 0.171930760145, 0.226398408413, 0.156714722514, 0.096897341311, 0.086294516921, 0.0668160691857, 0.0949450582266, 0.127707332373, 0.12241923064, 0.155369535089, 0.15987303853, 0.121345587075, 0.227437540889, 0.313699603081, 0.192046314478, 0.0918180122972, 0.0856735780835, 0.0861284658313, 0.12032789737, 0.14947168529, 0.132088690996, 0.18213224411], "dvar2": [0.0945890918374, 0.0795303955674, 0.0766389891505, 0.0785034000874, 0.10535069555, 0.120461687446, 0.113494373858, 0.112626180053, 0.0968757942319, 0.0722908973694, 0.0653154030442, 0.0702959597111, 0.0785244256258, 0.0762171596289, 0.0769561231136, 0.0875070765615, 0.0732574537396, 0.0495367310941, 0.0491581894457, 0.0482712090015, 0.054350271821, 0.0681315213442, 0.0713623985648, 0.121509201825, 0.0980721339583, 0.0807128921151, 0.0932758376002, 0.0954688191414, 0.0860482379794, 0.0700456127524, 0.0757885500789, 0.0754043906927, 0.0803561881185, 0.0774277299643, 0.090577416122, 0.0967933908105], "min": [0, 0, 0, 0, 0, 0, 0, 0, 0, 0, 0, 0, 0, 0, 0, 0, 0, 0, 0, 0, 0, 0, 0, 0, 0, 0, 0, 0, 0, 0, 0, 0, 0, 0, 0, 0]}, "key_key": "B", "thpcp": [1, 0.631206691265, 0.264994204044, 0.219775170088, 0.192652910948, 0.270714014769, 0.375833898783, 0.308623462915, 0.352674305439, 0.464401483536, 0.321462273598, 0.198761418462, 0.177012294531, 0.137056976557, 0.194756776094, 0.261960655451, 0.251113384962, 0.318702965975, 0.327940791845, 0.248911067843, 0.466533005238, 0.643478691578, 0.393936485052, 0.188342407346, 0.175738587976, 0.176671683788, 0.246823519468, 0.30660495162, 0.270947933197, 0.373600155115, 0.468572437763, 0.3163382411, 0.249644339085, 0.282859236002, 0.299610078335, 0.682241559029], "chords_key": "B", "tuning_equal_tempered_deviation": 0.016163226217, "tuning_frequency": 440.508636475, "tuning_diatonic_strength": 0.509335041046, "chords_histogram": [46.9294929504, 8.81349468231, 2.67247915268, 1.00454890728, 0.492797583342, 6.61485958099, 5.79984855652, 10.1213035583, 0.341167539358, 2.4639878273, 0.796057641506, 2.78620171547, 0.530705094337, 0, 0, 0.41698256135, 0.398028820753, 3.60121297836, 2.10386657715, 0.322213798761, 0, 0.625473856926, 2.33131170273, 0.8339651227], "key_strength": 0.661941587925, "key_scale": "minor", "chords_strength": {"dvar": 0.000419699761551, "var": 0.0106719210744, "median": 0.524502754211, "max": 0.767469108105, "dmean": 0.00943996664137, "dmean2": 0.00968647934496, "mean": 0.508350968361, "dvar2": 0.000477987428894, "min": -1}, "chords_number_rate": 0.00227445038036, "tuning_nontempered_energy_ratio": 0.686846375465, "hpcp_entropy": {"dvar": 0.292243510485, "var": 0.589321017265, "median": 2.09146356583, "max": 4.53445863724, "dmean": 0.64485013485, "dmean2": 1.07772266865, "mean": 2.05895972252, "dvar2": 0.76967728138, "min": 0}, "chords_changes_rate": 0.0528809688985, "chords_scale": "minor"}, "rhythm": {"bpm_histogram_first_peak_spread": {"dvar": 0, "var": 0, "median": 0.506903409958, "max": 0.506903409958, "dmean": 0, "dmean2": 0, "mean": 0.506903409958, "dvar2": 0, "min": 0.506903409958}, "bpm_histogram_first_peak_weight": {"dvar": 0, "var": 0, "median": 0.485436886549, "max": 0.485436886549, "dmean": 0, "dmean2": 0, "mean": 0.485436886549, "dvar2": 0, "min": 0.485436886549}, "bpm_histogram_first_peak_bpm": {"dvar": 0, "var": 0, "median": 126, "max": 126, "dmean": 0, "dmean2": 0, "mean": 126, "dvar2": 0, "min": 126}, "bpm": 126.711196899, "bpm_histogram_second_peak_weight": {"dvar": 0, "var": 0, "median": 0.01359223295, "max": 0.01359223295, "dmean": 0, "dmean2": 0, "mean": 0.01359223295, "dvar2": 0, "min": 0.01359223295}, "beats_loudness": {"dvar": 0.000138176648761, "var": 0.000344972300809, "median": 0.0295741800219, "max": 0.139462098479, "dmean": 0.0119127323851, "dmean2": 0.020107684657, "mean": 0.0298410654068, "dvar2": 0.000398472155211, "min": 1.05105402159e-09}, "beats_loudness_band_ratio": {"dvar": [0.0269851554185, 0.0141993109137, 0.0165444798768, 0.0116291111335, 0.00228425324894, 0.0041704508476], "var": [0.0470206141472, 0.01711281389, 0.0254943650216, 0.0155074503273, 0.00385993090458, 0.00358343916014], "median": [0.297762572765, 0.145404338837, 0.185111328959, 0.112905830145, 0.0848613083363, 0.0444251559675], "max": [0.990763485432, 0.758132994175, 0.813467502594, 0.767632365227, 0.35117700696, 0.969676852226], "dmean": [0.208003044128, 0.119594484568, 0.150993421674, 0.0992064103484, 0.0543329901993, 0.0364059470594], "dmean2": [0.357382208109, 0.209707796574, 0.265270620584, 0.177568644285, 0.0898642018437, 0.0625138580799], "mean": [0.339915812016, 0.180711835623, 0.226322472095, 0.148101642728, 0.0940045788884, 0.0532724708319], "dvar2": [0.0716145336628, 0.0408565104008, 0.0476510301232, 0.0323242358863, 0.0060056662187, 0.00916740018874], "min": [0.00431987224147, 0.000773211475462, 0.00207065208815, 0.000112713649287, 6.18346939518e-06, 8.68297865964e-06]}, "bpm_histogram_second_peak_bpm": {"dvar": 0, "var": 0, "median": 133, "max": 133, "dmean": 0, "dmean2": 0, "mean": 133, "dvar2": 0, "min": 133}, "onset_rate": 3.81306505203, "beats_count": 516, "beats_position": [0.545668900013, 1.04489791393, 1.53251695633, 2.00852608681, 2.48453521729, 2.97215414047, 3.44816327095, 3.92417216301, 4.40018129349, 4.87619018555, 5.35219955444, 5.81659841537, 6.29260778427, 6.78022670746, 7.25623559952, 7.73224496841, 8.20825386047, 8.68426322937, 9.16027164459, 9.63628101349, 10.1122903824, 10.5882987976, 11.0643081665, 11.5403175354, 12.0163259506, 12.4923353195, 12.9799547195, 13.4443531036, 13.9203624725, 14.3963718414, 14.8723802567, 15.3483896255, 15.8360090256, 16.3120174408, 16.7880268097, 17.2524261475, 17.7168254852, 18.1928348541, 18.6688423157, 19.1332416534, 19.6092510223, 20.0852603912, 20.5612697601, 21.037279129, 21.5248966217, 22.0009059906, 22.4769153595, 22.9529247284, 23.4289340973, 23.9165534973, 24.40417099, 24.89179039, 25.3561897278, 25.8321990967, 26.3082084656, 26.7726078033, 27.2486171722, 27.7246246338, 28.2006340027, 28.6766433716, 29.1410427094, 29.6286621094, 30.1046714783, 30.5806789398, 31.0682983398, 31.5443077087, 32.0203170776, 32.5079345703, 32.9839439392, 33.4599533081, 33.935962677, 34.4119720459, 34.8763694763, 35.3523788452, 35.8283882141, 36.3160095215, 36.7920188904, 37.2680282593, 37.7324256897, 38.2084350586, 38.6844444275, 39.1488418579, 39.6248512268, 40.1124725342, 40.5884780884, 41.0528793335, 41.5288887024, 42.0165061951, 42.492515564, 42.9685249329, 43.4445343018, 43.9205436707, 44.3965530396, 44.86095047, 45.3369598389, 45.8129692078, 46.2889785767, 46.7649879456, 47.2526054382, 47.7402267456, 48.2278442383, 48.6922454834, 49.1566429138, 49.6442604065, 50.1202697754, 50.5962791443, 51.0606803894, 51.5482978821, 52.024307251, 52.5003166199, 52.9763259888, 53.4639434814, 53.9283447266, 54.4043540955, 54.8919715881, 55.3795890808, 55.8555984497, 56.3316078186, 56.7960090637, 57.2720184326, 57.736415863, 58.2124252319, 58.6768226624, 59.1644439697, 59.6520614624, 60.1164627075, 60.5808601379, 61.0568695068, 61.5328788757, 62.0204963684, 62.4848976135, 62.9492950439, 63.4369163513, 63.9013137817, 64.3657150269, 64.8301086426, 65.2828979492, 65.7589111328, 66.2233123779, 66.6877059937, 67.1521072388, 67.6165084839, 68.0925140381, 68.5685272217, 69.0329208374, 69.4973220825, 69.9733352661, 70.4261245728, 70.902130127, 71.3781356812, 71.8425369263, 72.3185501099, 72.7945556641, 73.2821731567, 73.7697982788, 74.245803833, 74.7218093872, 75.2094345093, 75.6854400635, 76.1614532471, 76.6374588013, 77.1134643555, 77.5894775391, 78.0538787842, 78.5298843384, 79.005897522, 79.4819030762, 79.9579086304, 80.433921814, 80.9099273682, 81.3859405518, 81.8503417969, 82.3147354126, 82.7791366577, 83.2435379028, 83.7079315186, 84.1723327637, 84.6367340088, 85.1243515015, 85.5887527466, 86.0531539917, 86.5175476074, 86.9819488525, 87.4463500977, 87.9223556519, 88.3983688354, 88.8743743896, 89.3503875732, 89.8031692505, 90.2675704956, 90.7435836792, 91.2079772949, 91.67237854, 92.1367797852, 92.6127853394, 93.0771865845, 93.5531921387, 94.0175933838, 94.4936065674, 94.9696121216, 95.4340133667, 95.8984146118, 96.374420166, 96.8504257202, 97.3264389038, 97.802444458, 98.2784576416, 98.7544631958, 99.2304763794, 99.7064819336, 100.182495117, 100.658500671, 101.146118164, 101.622131348, 102.098136902, 102.574150085, 103.05015564, 103.537773132, 104.013786316, 104.501403809, 104.977409363, 105.441810608, 105.906211853, 106.370613098, 106.835006714, 107.311019897, 107.787025452, 108.263038635, 108.750656128, 109.226661682, 109.702674866, 110.17868042, 110.654693604, 111.130699158, 111.61831665, 112.105941772, 112.581947327, 113.05796051, 113.522354126, 113.99836731, 114.474372864, 114.950386047, 115.426391602, 115.914009094, 116.390022278, 116.866027832, 117.330429077, 117.806434631, 118.270835876, 118.74684906, 119.234466553, 119.722084045, 120.1980896, 120.674102783, 121.150108337, 121.626121521, 122.090522766, 122.554916382, 123.030929565, 123.518547058, 123.994552612, 124.458953857, 124.94657135, 125.422584534, 125.898590088, 126.374603271, 126.850608826, 127.326622009, 127.802627563, 128.267028809, 128.743041992, 129.219039917, 129.695053101, 130.171066284, 130.658676147, 131.14630127, 131.633926392, 132.098312378, 132.562713623, 133.027114868, 133.503128052, 133.979141235, 134.44354248, 134.907928467, 135.38394165, 135.859954834, 136.324356079, 136.788757324, 137.253143311, 137.729156494, 138.205169678, 138.669570923, 139.133972168, 139.598358154, 140.062759399, 140.538772583, 141.014785767, 141.479187012, 141.943572998, 142.407974243, 142.872375488, 143.348388672, 143.824401855, 144.288803101, 144.753189087, 145.240814209, 145.716827393, 146.192825317, 146.657226563, 147.121627808, 147.597640991, 148.073654175, 148.538040161, 149.002441406, 149.466842651, 149.931243896, 150.395645142, 150.871658325, 151.34765625, 151.812057495, 152.27645874, 152.740859985, 153.20526123, 153.669662476, 154.1456604, 154.621673584, 155.086074829, 155.550476074, 156.026489258, 156.502487183, 156.966888428, 157.431289673, 157.895690918, 158.360092163, 158.824493408, 159.288879395, 159.764892578, 160.240905762, 160.728515625, 161.216140747, 161.692153931, 162.168167114, 162.632553101, 163.108566284, 163.572967529, 164.048980713, 164.536590576, 165.024215698, 165.500228882, 165.976226807, 166.45223999, 166.928253174, 167.392654419, 167.857055664, 168.344665527, 168.832290649, 169.308303833, 169.772689819, 170.248703003, 170.724716187, 171.189117432, 171.665115356, 172.129516602, 172.617141724, 173.104751587, 173.569152832, 174.033554077, 174.509567261, 174.985580444, 175.473190308, 175.96081543, 176.436828613, 176.9012146, 177.377227783, 177.864852905, 178.352462769, 178.828475952, 179.304489136, 179.768890381, 180.256500244, 180.732513428, 181.208526611, 181.672927856, 182.148925781, 182.613327026, 183.08934021, 183.576965332, 184.064575195, 184.552200317, 185.016601563, 185.480987549, 185.945388794, 186.409790039, 186.897415161, 187.385025024, 187.872650146, 188.360275269, 188.836273193, 189.300674438, 189.776687622, 190.241088867, 190.705490112, 191.193099976, 191.657501221, 192.133514404, 192.609527588, 193.073913574, 193.538314819, 194.002716064, 194.46711731, 194.943130493, 195.419128418, 195.883529663, 196.347930908, 196.823944092, 197.288345337, 197.752746582, 198.228744507, 198.70475769, 199.180770874, 199.645172119, 200.109558105, 200.573959351, 201.038360596, 201.514373779, 201.990386963, 202.454788208, 202.919174194, 203.383575439, 203.847976685, 204.323989868, 204.788391113, 205.252792358, 205.717178345, 206.169967651, 206.634368896, 207.098770142, 207.563171387, 208.027572632, 208.491973877, 208.967971802, 209.443984985, 209.90838623, 210.372787476, 210.860397339, 211.324798584, 211.789199829, 212.241989136, 212.718002319, 213.194015503, 213.670013428, 214.146026611, 214.622039795, 215.08644104, 215.550842285, 216.015228271, 216.502853394, 216.978866577, 217.454864502, 217.919265747, 218.395278931, 218.871292114, 219.335693359, 219.788482666, 220.264480591, 220.740493774, 221.216506958, 221.680908203, 222.145309448, 222.609695435, 223.07409668, 223.550109863, 224.026123047, 224.490524292, 224.954910278, 225.4425354, 225.906936646, 226.371337891, 226.835739136, 227.300125122, 227.787750244, 228.252151489, 228.716552734, 229.192550659, 229.668563843, 230.132965088, 230.585754395, 231.05015564, 231.526168823, 231.990570068, 232.454956055, 232.9193573, 233.383758545, 233.84815979, 234.312561035, 234.77696228, 235.264572144, 235.740585327, 236.228210449, 236.715820313, 237.191833496, 237.66784668, 238.132247925, 238.60824585, 239.084259033, 239.560272217, 240.036270142, 240.512283325, 240.988296509, 241.464309692, 241.940307617, 242.416320801, 242.892333984, 243.379943848, 243.86756897, 244.355194092], "danceability": 0.983169317245, "bpm_histogram_second_peak_spread": {"dvar": 0, "var": 0, "median": 0, "max": 0, "dmean": 0, "dmean2": 0, "mean": 0, "dvar2": 0, "min": 0}}, "lowlevel": {"spectral_flux": {"dvar": 0.000710849824827, "var": 0.00202493811958, "median": 0.0675624459982, "max": 0.294068664312, "dmean": 0.0199892427772, "dmean2": 0.0313639603555, "mean": 0.0763892903924, "dvar2": 0.00141677644569, "min": 1.03772920812e-10}, "spectral_rolloff": {"dvar": 577247.1875, "var": 3894173.25, "median": 1399.65820313, "max": 21770.0683594, "dmean": 355.509307861, "dmean2": 583.138977051, "mean": 1599.07165527, "dvar2": 1174483.125, "min": 43.06640625}, "barkbands_flatness_db": {"dvar": 0.000593150267377, "var": 0.00383114023134, "median": 0.104190707207, "max": 0.556924164295, "dmean": 0.0191347189248, "dmean2": 0.0280086733401, "mean": 0.118661336601, "dvar2": 0.00113695114851, "min": 0.0174965690821}, "spectral_centroid": {"dvar": 78301.640625, "var": 323032.0625, "median": 1350.91381836, "max": 11166.7568359, "dmean": 219.433151245, "dmean2": 339.453460693, "mean": 1341.89916992, "dvar2": 169048.03125, "min": 124.437950134}, "melbands_skewness": {"dvar": 0.770837008953, "var": 2.00231647491, "median": 1.65395641327, "max": 20.7388076782, "dmean": 0.585387825966, "dmean2": 0.933185458183, "mean": 1.94496631622, "dvar2": 1.86788368225, "min": -0.920836508274}, "melbands": {"dvar": [3.2062093851e-06, 2.96351277029e-06, 2.61609102381e-07, 1.2837243446e-07, 1.14512680227e-07, 1.18853762388e-07, 3.51838565393e-07, 1.97791010237e-07, 1.63524831009e-07, 6.06347541066e-08, 4.39178577949e-08, 4.89561422512e-08, 1.83882864491e-08, 1.34062787538e-08, 6.4677299072e-09, 5.96544325049e-09, 3.2596989552e-09, 3.44679751407e-09, 4.01783895043e-09, 1.1499734498e-09, 8.53663584266e-10, 3.69737573891e-10, 3.43975986583e-10, 1.95536836722e-10, 3.25946880597e-10, 1.58314875098e-10, 4.9138138003e-11, 3.83822175432e-11, 3.54915333234e-11, 8.2070648888e-11, 6.97443144904e-11, 2.78625438693e-11, 1.07298033306e-11, 3.07144565857e-12, 2.01335823014e-12, 1.75248628543e-12, 1.24480482346e-12, 1.38784415817e-12, 1.36281003843e-12, 9.35186064872e-13], "var": [2.38822144638e-06, 2.31131389228e-06, 4.11041412463e-07, 2.12978946479e-07, 2.24393986059e-07, 2.40517493921e-07, 7.15344185664e-07, 4.63340029455e-07, 2.94528945233e-07, 1.57820835511e-07, 1.22195473296e-07, 1.89464969935e-07, 3.49058559834e-08, 3.42704744583e-08, 1.46512126875e-08, 2.24992131592e-08, 1.06548050383e-08, 1.00889385735e-08, 1.07312478903e-08, 3.27107052556e-09, 2.16776641082e-09, 1.06816122614e-09, 7.81154141372e-10, 3.5268368781e-10, 3.42857076063e-10, 3.14102605037e-10, 1.13954470859e-10, 8.10403549822e-11, 5.84041634499e-11, 7.7349016081e-11, 6.40282132869e-11, 2.62656684596e-11, 1.06304574518e-11, 3.3898595736e-12, 2.2569023473e-12, 3.21942559417e-12, 3.70664783589e-12, 7.09572808497e-12, 4.5459517227e-12, 2.69333774033e-12], "median": [0.000189717393368, 0.000483361043734, 0.000522700720467, 0.00031385361217, 0.000262553920038, 0.000194471285795, 0.000197380664758, 0.000209177145734, 0.000109476488433, 9.09359951038e-05, 8.90909868758e-05, 6.60784353386e-05, 5.13896593475e-05, 4.43434764748e-05, 2.82633773168e-05, 3.13470663968e-05, 3.01303643937e-05, 2.55856793956e-05, 2.3500455427e-05, 1.88972517208e-05, 1.94004296645e-05, 1.46674583448e-05, 1.35505542858e-05, 1.07801906779e-05, 7.99553163233e-06, 6.80575476508e-06, 5.51391531189e-06, 4.45274145022e-06, 3.3969672586e-06, 3.25610017171e-06, 2.37807216763e-06, 1.55433485816e-06, 1.02028616311e-06, 5.58272120088e-07, 4.43035105491e-07, 3.88785565519e-07, 3.11211806547e-07, 1.97582210149e-07, 1.68751171259e-07, 1.26103131493e-07], "max": [0.0180453788489, 0.0193143244833, 0.0102997506037, 0.00704644946381, 0.00499474722892, 0.0111120017245, 0.0130860023201, 0.0103383874521, 0.0126004293561, 0.0053102443926, 0.00533285085112, 0.00525749614462, 0.00465830648318, 0.00225675455295, 0.00184603314847, 0.00230653933249, 0.0015452967491, 0.00132944132201, 0.00133461493533, 0.00118956656661, 0.000557260529604, 0.000588723574765, 0.00043818008271, 0.000656364893075, 0.00117175513878, 0.000460514682345, 0.000101814235677, 9.52658374445e-05, 0.000121681427117, 0.00010396012658, 0.00010211373592, 7.69328398746e-05, 5.27535667061e-05, 2.9959170206e-05, 2.3912438337e-05, 5.9306199546e-05, 7.48809543438e-05, 9.06952336663e-05, 5.99970735493e-05, 5.4185740737e-05], "dmean": [0.000631618488114, 0.000729118939489, 0.000373319344362, 0.000240702327574, 0.000220709989662, 0.000183422060218, 0.0002847588039, 0.000232526261243, 0.00017017328355, 0.000115860719234, 0.000103795071482, 0.000110077329737, 6.24823805992e-05, 5.79921033932e-05, 3.88926127926e-05, 3.86802348658e-05, 2.92487893603e-05, 3.04313580273e-05, 2.88686605927e-05, 1.72045274667e-05, 1.7547283278e-05, 1.14351914817e-05, 1.08633976197e-05, 7.68822610553e-06, 5.94248604102e-06, 6.13960310147e-06, 4.30549152952e-06, 3.74125056624e-06, 3.16602313433e-06, 4.23063147537e-06, 3.748093377e-06, 2.38695565713e-06, 1.44952093706e-06, 7.55853534429e-07, 5.61803574328e-07, 4.85501004732e-07, 3.51433556034e-07, 3.05321407268e-07, 2.79956424265e-07, 2.35304511875e-07], "dmean2": [0.00110085005872, 0.00130156322848, 0.000644683139399, 0.000404076243285, 0.000368814478861, 0.000297999096802, 0.000466051220428, 0.000370344147086, 0.00026912233443, 0.000172433821717, 0.000157610746101, 0.000169541192008, 9.85018414212e-05, 9.31051399675e-05, 6.28463021712e-05, 6.2433500716e-05, 4.72030478704e-05, 4.92118124384e-05, 4.77166140627e-05, 2.84364214167e-05, 2.90435018542e-05, 1.89069560292e-05, 1.82465482794e-05, 1.26065251607e-05, 9.97071310849e-06, 1.02541152955e-05, 7.17830107533e-06, 6.34841035208e-06, 5.47139779883e-06, 7.47955846236e-06, 6.61905914967e-06, 4.23231313107e-06, 2.53944062933e-06, 1.31220804178e-06, 9.65108938544e-07, 8.14732345589e-07, 5.50689094325e-07, 4.44108252395e-07, 4.16106018974e-07, 3.44562238297e-07], "mean": [0.00063042063266, 0.000924535794184, 0.000666325620841, 0.000439054070739, 0.000406215986004, 0.000340206664987, 0.000496161868796, 0.000439288211055, 0.000296485057333, 0.00022627839644, 0.000216043903492, 0.00022737531981, 0.000113768190204, 0.000110790562758, 7.47817466618e-05, 8.1766556832e-05, 6.3204432081e-05, 6.09266862739e-05, 5.80665509915e-05, 3.55072734237e-05, 3.50516274921e-05, 2.49248296313e-05, 2.20499405259e-05, 1.56535461429e-05, 1.20042013805e-05, 1.22664096125e-05, 8.93175274541e-06, 7.29160728952e-06, 5.6358526308e-06, 5.95041865381e-06, 4.87450188302e-06, 3.25866108142e-06, 2.06235040423e-06, 1.18866989851e-06, 9.25986853417e-07, 8.23323830446e-07, 6.68012148708e-07, 5.93783397562e-07, 5.09341134602e-07, 4.04342074489e-07], "dvar2": [8.87848455022e-06, 8.44038459036e-06, 7.39424365293e-07, 3.52758917188e-07, 3.14560111292e-07, 2.79895886024e-07, 9.21576997825e-07, 4.78809567994e-07, 4.09461648587e-07, 1.3511261443e-07, 9.92970470293e-08, 1.10066999071e-07, 4.55264164145e-08, 3.38456089821e-08, 1.67446092547e-08, 1.50565266921e-08, 8.21074674917e-09, 8.79319106417e-09, 1.09874136456e-08, 3.03803404655e-09, 2.29903318605e-09, 9.99834437465e-10, 9.38806699047e-10, 5.13004916325e-10, 9.3951568747e-10, 4.1525766159e-10, 1.34051589273e-10, 1.05011943585e-10, 9.87055159829e-11, 2.3350818501e-10, 1.96618041293e-10, 7.85688528127e-11, 3.03728119044e-11, 8.81938966302e-12, 5.78716458435e-12, 4.78532621515e-12, 2.68620195532e-12, 2.30559018058e-12, 2.66419590382e-12, 1.93200642117e-12], "min": [8.66984482792e-24, 1.90228348377e-23, 1.94007844082e-23, 3.53526949713e-24, 3.58401991778e-24, 7.08273636157e-24, 8.35395257817e-24, 9.47999156695e-24, 7.28565268564e-24, 1.1522384005e-23, 1.28776841166e-23, 1.74339601117e-23, 1.38798088344e-23, 3.18188308298e-24, 1.03060054542e-23, 7.86053585918e-24, 2.87265217193e-24, 6.81203637536e-24, 1.64642765098e-23, 4.65224762954e-24, 5.06787753569e-24, 5.01953219511e-24, 5.30776579823e-24, 9.64149269349e-24, 1.39603657323e-23, 1.2293217072e-23, 1.14549718963e-23, 8.32811817239e-24, 5.84763695822e-24, 1.22856163971e-23, 8.07583414401e-24, 6.87771693433e-24, 1.05066924574e-23, 1.33969833619e-23, 1.64378465141e-23, 1.09243808961e-23, 8.76275055445e-24, 8.53562330034e-24, 1.30273925615e-23, 1.04023332594e-23]}, "spectral_decrease": {"dvar": 7.94011331734e-18, "var": 1.8805949572e-17, "median": -4.92576512912e-09, "max": 2.36778451875e-16, "dmean": 1.77693160186e-09, "dmean2": 2.92208635067e-09, "mean": -5.7832409972e-09, "dvar2": 2.06118420136e-17, "min": -3.215146549e-08}, "barkbands_kurtosis": {"dvar": 43.3721694946, "var": 57.647605896, "median": 0.77184098959, "max": 181.619003296, "dmean": 2.09402704239, "dmean2": 3.34747409821, "mean": 2.69164276123, "dvar2": 111.243293762, "min": -1.92305409908}, "silence_rate_30dB": {"dvar": 0.000947062682826, "var": 0.000663069600705, "median": 1, "max": 1, "dmean": 0.000947957159951, "dmean2": 0.00189609406516, "mean": 0.999336481094, "dvar2": 0.00246134307235, "min": 0}, "gfcc": {"mean": [-9.8813533783, 97.6903839111, -122.339706421, 20.183511734, -54.5241470337, 3.26866555214, -32.081325531, 3.51080155373, -20.1679496765, 1.75174689293, -16.6504688263, -2.2989423275, -10.6675634384], "cov": [[15793.3847656, -1193.46362305, -2129.57202148, 409.923492432, -842.75958252, -21.1333618164, -331.157348633, -28.2467861176, -359.417480469, 3.02625107765, -514.869995117, -17.8858680725, -135.269195557], [-1193.46362305, 1682.17443848, -242.076522827, -60.5269508362, 79.0692596436, -48.3340835571, 73.5835342407, -41.5098457336, 77.7225112915, -81.6742630005, 129.362075806, -110.351028442, 49.7765655518], [-2129.57202148, -242.076522827, 1268.41430664, -76.2357940674, 260.419647217, 69.9408569336, 53.7618141174, 104.561500549, 86.3217697144, 102.591682434, 58.4078483582, 119.455314636, 19.5806694031], [409.923492432, -60.5269508362, -76.2357940674, 448.665557861, 6.60735082626, -4.50827741623, 54.1778297424, -10.8135185242, 36.7560768127, 14.4356975555, -11.7583723068, 26.0073471069, 29.5497150421], [-842.75958252, 79.0692596436, 260.419647217, 6.60735082626, 274.351135254, 39.858291626, 59.7555580139, 46.1044654846, 41.2468109131, 25.9022979736, 28.2858657837, 21.3466033936, 22.8430900574], [-21.1333618164, -48.3340835571, 69.9408569336, -4.50827741623, 39.858291626, 168.545074463, 51.426864624, 38.3701972961, -5.25161504745, 1.89593350887, 15.8735675812, 4.03579950333, -4.50874185562], [-331.157348633, 73.5835342407, 53.7618141174, 54.1778297424, 59.7555580139, 51.426864624, 210.581375122, 11.481502533, 24.4624195099, 5.66307926178, 8.57836151123, 10.351805687, 7.38860034943], [-28.2467861176, -41.5098457336, 104.561500549, -10.8135185242, 46.1044654846, 38.3701972961, 11.481502533, 118.878669739, 30.4068870544, 10.8665676117, 0.308930516243, -2.97225809097, 6.00111103058], [-359.417480469, 77.7225112915, 86.3217697144, 36.7560768127, 41.2468109131, -5.25161504745, 24.4624195099, 30.4068870544, 110.245651245, 34.9408493042, 18.6789741516, -3.47527575493, 7.63276815414], [3.02625107765, -81.6742630005, 102.591682434, 14.4356975555, 25.9022979736, 1.89593350887, 5.66307926178, 10.8665676117, 34.9408493042, 94.2815322876, 17.6501712799, 14.8208065033, -10.4756393433], [-514.869995117, 129.362075806, 58.4078483582, -11.7583723068, 28.2858657837, 15.8735675812, 8.57836151123, 0.308930516243, 18.6789741516, 17.6501712799, 93.2514419556, 14.4183673859, 3.2205555439], [-17.8858680725, -110.351028442, 119.455314636, 26.0073471069, 21.3466033936, 4.03579950333, 10.351805687, -2.97225809097, -3.47527575493, 14.8208065033, 14.4183673859, 92.2244262695, 22.1827259064], [-135.269195557, 49.7765655518, 19.5806694031, 29.5497150421, 22.8430900574, -4.50874185562, 7.38860034943, 6.00111103058, 7.63276815414, -10.4756393433, 3.2205555439, 22.1827259064, 65.0567169189]], "icov": [[0.000136477014166, -1.59745814017e-05, 0.000223286246182, -0.000100729637779, 0.000192854859051, -0.000144957040902, 0.000149731320562, -0.000275063735899, 0.0002711310226, -0.000410846463637, 0.000653547293041, -0.000393639318645, 0.000209048201214], [-1.59745814017e-05, 0.000997736002319, 0.000137463124702, 0.000205605945666, -0.000366593827493, 0.000394164322643, -0.00038693647366, 0.000478916626889, -0.000756279798225, 0.00102308136411, -0.00167679705191, 0.00136824918445, -0.000905626511667], [0.000223286246182, 0.000137463124702, 0.00166153209284, 0.000207215285627, -0.000610927178059, -0.000335917371558, 0.000231343219639, -0.000941139645875, -0.000172795189428, -0.00118321715854, 0.000796825566795, -0.0019580682274, 0.00047461266513], [-0.000100729637779, 0.000205605945666, 0.000207215285627, 0.00270509696566, -0.000242814538069, 0.000119845390145, -0.000748637365177, 0.000638364988845, -0.00136433716398, 3.31001210725e-05, -0.000140574426041, -0.000387197651435, -0.00123373151291], [0.000192854859051, -0.000366593827493, -0.000610927178059, -0.000242814538069, 0.0055130966939, -0.000710333231837, -0.000630169524811, -0.00131420127582, 0.000139524330734, -0.00114685820881, 0.000728623475879, -0.00046731022303, -0.000894342025276], [-0.000144957040902, 0.000394164322643, -0.000335917371558, 0.000119845390145, -0.000710333231837, 0.00766343390569, -0.00200002128258, -0.00199013459496, 0.00122380838729, 0.00100985111203, -0.00262981350534, 0.00102464517113, 0.000434767949628], [0.000149731320562, -0.00038693647366, 0.000231343219639, -0.000748637365177, -0.000630169524811, -0.00200002128258, 0.00597617961466, 5.81776876061e-05, -0.000576530059334, -0.000416427705204, 0.00147873943206, -0.00129961187486, 0.000646882050205], [-0.000275063735899, 0.000478916626889, -0.000941139645875, 0.000638364988845, -0.00131420127582, -0.00199013459496, 5.81776876061e-05, 0.0115062361583, -0.00357485096902, 0.00126145943068, -0.000668734603096, 0.00253825774416, -0.00189935264643], [0.0002711310226, -0.000756279798225, -0.000172795189428, -0.00136433716398, 0.000139524330734, 0.00122380838729, -0.000576530059334, -0.00357485096902, 0.0139099769294, -0.00535289105028, 0.00037556226016, 0.00110007682815, -0.000642445578706], [-0.000410846463637, 0.00102308136411, -0.00118321715854, 3.31001210725e-05, -0.00114685820881, 0.00100985111203, -0.000416427705204, 0.00126145943068, -0.00535289105028, 0.0160668771714, -0.00484147202224, 0.000363010098226, 0.00243872124702], [0.000653547293041, -0.00167679705191, 0.000796825566795, -0.000140574426041, 0.000728623475879, -0.00262981350534, 0.00147873943206, -0.000668734603096, 0.00037556226016, -0.00484147202224, 0.0178719479591, -0.00562792876735, 0.00213212193921], [-0.000393639318645, 0.00136824918445, -0.0019580682274, -0.000387197651435, -0.00046731022303, 0.00102464517113, -0.00129961187486, 0.00253825774416, 0.00110007682815, 0.000363010098226, -0.00562792876735, 0.0178458355367, -0.00682858936489], [0.000209048201214, -0.000905626511667, 0.00047461266513, -0.00123373151291, -0.000894342025276, 0.000434767949628, 0.000646882050205, -0.00189935264643, -0.000642445578706, 0.00243872124702, 0.00213212193921, -0.00682858936489, 0.0200531072915]]}, "silence_rate_20dB": {"dvar": 0, "var": 0, "median": 1, "max": 1, "dmean": 0, "dmean2": 0, "mean": 1, "dvar2": 0, "min": 1}, "barkbands_skewness": {"dvar": 0.305284559727, "var": 1.03820061684, "median": 1.00347518921, "max": 12.3344802856, "dmean": 0.418417513371, "dmean2": 0.652103841305, "mean": 1.17362499237, "dvar2": 0.707264780998, "min": -4.7615852356}, "erbbands_skewness": {"dvar": 0.121265776455, "var": 0.473294705153, "median": 0.312635421753, "max": 4.36867427826, "dmean": 0.328880995512, "dmean2": 0.507408022881, "mean": 0.35578790307, "dvar2": 0.276831179857, "min": -3.99682736397}, "spectral_contrast_valleys": {"dvar": [0.143869742751, 0.103424847126, 0.114930607378, 0.119031466544, 0.177345722914, 0.20951500535], "var": [1.28983163834, 1.44175970554, 1.80139553547, 1.97222197056, 2.35590958595, 2.14409732819], "median": [-7.32750892639, -6.38550710678, -6.9025554657, -7.29494905472, -7.20933628082, -10.1822719574], "max": [-5.3029294014, -4.61536216736, -4.96882390976, -5.64434766769, -5.68615102768, -7.61771869659], "dmean": [0.408347070217, 0.335952341557, 0.319716870785, 0.300184905529, 0.305603593588, 0.333244651556], "dmean2": [0.664941906929, 0.54939031601, 0.510871827602, 0.465053588152, 0.44800555706, 0.449710398912], "mean": [-7.49736976624, -6.63827037811, -7.23123645782, -7.66506052017, -7.68562936783, -10.5717954636], "dvar2": [0.32278123498, 0.230893015862, 0.239543110132, 0.232067257166, 0.333917826414, 0.384399801493], "min": [-26.9961833954, -27.0905704498, -27.023311615, -27.2401981354, -27.2686824799, -27.2700157166]}, "spectral_strongpeak": {"dvar": 0.635503232479, "var": 1.45100677013, "median": 0.569192290306, "max": 9.14559078217, "dmean": 0.548465669155, "dmean2": 0.924575269222, "mean": 1.09074437618, "dvar2": 1.66093194485, "min": 0}, "erbbands_crest": {"dvar": 5.55841350555, "var": 18.0678081512, "median": 7.48738956451, "max": 29.5274028778, "dmean": 2.34354877472, "dmean2": 3.75850176811, "mean": 8.61606502533, "dvar2": 13.5001955032, "min": 2.42241215706}, "barkbands_crest": {"dvar": 4.95940303802, "var": 14.5715150833, "median": 7.43974876404, "max": 26.1342525482, "dmean": 2.30907797813, "dmean2": 3.80558633804, "mean": 8.41284656525, "dvar2": 13.0403871536, "min": 2.40372061729}, "spectral_energyband_middle_low": {"dvar": 2.66371316684e-05, "var": 8.0721496488e-05, "median": 0.00944366492331, "max": 0.0930362120271, "dmean": 0.00365832285024, "dmean2": 0.0058733895421, "mean": 0.011305344291, "dvar2": 6.74765178701e-05, "min": 2.75280421858e-22}, "spectral_contrast_coeffs": {"dvar": [0.00158043403644, 0.0013998466311, 0.000944388099015, 0.000637592864223, 0.000387487350963, 0.000755890330765], "var": [0.00725793000311, 0.00517726363614, 0.00491029303521, 0.00348764308728, 0.00211455090903, 0.00351645494811], "median": [-0.634505987167, -0.728632688522, -0.763743937016, -0.778001070023, -0.790996730328, -0.735004067421], "max": [-0.346559435129, -0.466838389635, -0.470235228539, -0.557378053665, -0.591393351555, -0.538421869278], "dmean": [0.0480117574334, 0.0452059470117, 0.0375137142837, 0.0298855900764, 0.0213468428701, 0.0239933859557], "dmean2": [0.0802283808589, 0.073719240725, 0.0605299212039, 0.0488024167717, 0.0346349701285, 0.0385352596641], "mean": [-0.637775301933, -0.725019216537, -0.756001472473, -0.773838996887, -0.787471830845, -0.740993618965], "dvar2": [0.00415746448562, 0.00362053327262, 0.00232303421944, 0.00159628118854, 0.000919965503272, 0.00182983104605], "min": [-0.966828346252, -0.964673995972, -0.965883791447, -0.959454238415, -0.961855709553, -0.956766724586]}, "hfc": {"dvar": 65.2258758545, "var": 280.413757324, "median": 16.5588645935, "max": 109.238105774, "dmean": 5.32506847382, "dmean2": 8.45799446106, "mean": 20.8041877747, "dvar2": 168.035003662, "min": 1.21925720841e-16}, "spectral_energyband_high": {"dvar": 4.75014644508e-07, "var": 7.13482506853e-07, "median": 0.000430904357927, "max": 0.0109189543873, "dmean": 0.000352021364961, "dmean2": 0.000587457441725, "mean": 0.000678016629536, "dvar2": 1.28569786284e-06, "min": 8.06182907353e-21}, "erbbands_spread": {"dvar": 79.9806594849, "var": 255.863983154, "median": 30.7688961029, "max": 179.359359741, "dmean": 6.69430398941, "dmean2": 10.3662223816, "mean": 33.1436805725, "dvar2": 175.908660889, "min": 2.41261577606}, "dissonance": {"dvar": 0.000517865817528, "var": 0.00134771433659, "median": 0.469553589821, "max": 0.5, "dmean": 0.0204958133399, "dmean2": 0.0341553613544, "mean": 0.459654778242, "dvar2": 0.00129997346085, "min": 0.127648934722}, "spectral_kurtosis": {"dvar": 48.5033111572, "var": 114.51726532, "median": 4.347012043, "max": 153.191131592, "dmean": 2.60148191452, "dmean2": 4.20850515366, "mean": 6.53047847748, "dvar2": 103.451850891, "min": -1.2041541338}, "spectral_skewness": {"dvar": 0.239808395505, "var": 0.830791532993, "median": 1.51614058018, "max": 10.6866083145, "dmean": 0.291076034307, "dmean2": 0.459007948637, "mean": 1.70212626457, "dvar2": 0.500083804131, "min": -0.278131842613}, "pitch_salience": {"dvar": 0.00370124541223, "var": 0.0116941621527, "median": 0.613524794579, "max": 0.895310759544, "dmean": 0.0648895800114, "dmean2": 0.107313528657, "mean": 0.601066529751, "dvar2": 0.00970020610839, "min": 0.044212937355}, "spectral_complexity": {"dvar": 19.8462333679, "var": 144.180160522, "median": 23, "max": 56, "dmean": 3.7518248558, "dmean2": 5.92984437943, "mean": 22.4393367767, "dvar2": 44.3078536987, "min": 0}, "spectral_spread": {"dvar": 651083317248, "var": 2953045082110.0, "median": 3805045.75, "max": 40917408, "dmean": 518703.8125, "dmean2": 719700.9375, "mean": 4142862, "dvar2": 1060472422400.0, "min": 690227.4375}, "dynamic_complexity": 3.91757845879, "melbands_crest": {"dvar": 8.10058403015, "var": 27.1319522858, "median": 10.2409076691, "max": 37.0518379211, "dmean": 2.94818305969, "dmean2": 4.91817522049, "mean": 11.5289087296, "dvar2": 21.3767662048, "min": 1.98761880398}, "zerocrossingrate": {"dvar": 0.000139582072734, "var": 0.00343471718952, "median": 0.056640625, "max": 0.7890625, "dmean": 0.00863714888692, "dmean2": 0.0099785188213, "mean": 0.0628304108977, "dvar2": 0.000136485963594, "min": 0.00146484375}, "spectral_energyband_low": {"dvar": 7.96758104116e-05, "var": 6.72938622301e-05, "median": 0.00288881873712, "max": 0.09258005023, "dmean": 0.00378263415769, "dmean2": 0.00660232733935, "mean": 0.0051653534174, "dvar2": 0.000220460700803, "min": 1.30862179192e-22}, "melbands_kurtosis": {"dvar": 306.044067383, "var": 361.59274292, "median": 3.5940527916, "max": 610.712341309, "dmean": 5.07389640808, "dmean2": 8.30848884583, "mean": 8.06362342834, "dvar2": 809.353515625, "min": -1.73735690117}, "spectral_energyband_middle_high": {"dvar": 7.23776884115e-06, "var": 5.26258154423e-05, "median": 0.00442896829918, "max": 0.060217782855, "dmean": 0.00181804061867, "dmean2": 0.0028474573046, "mean": 0.00715100532398, "dvar2": 1.80834467756e-05, "min": 1.36931218089e-21}, "barkbands_spread": {"dvar": 40.011302948, "var": 146.359451294, "median": 20.2331562042, "max": 148.253219604, "dmean": 4.6564078331, "dmean2": 7.00696611404, "mean": 21.6161231995, "dvar2": 81.3972854614, "min": 0.194587394595}, "mfcc": {"mean": [-647.614807129, 130.816238403, -10.3151712418, 19.9719963074, -4.30205917358, 2.87046527863, -3.67372584343, -0.462962776423, 1.0565816164, -0.344315111637, -1.04369902611, 0.246282413602, -2.53282690048], "cov": [[11555.4697266, -752.954650879, -1817.73474121, 14.745174408, -542.369812012, -149.609954834, -238.85836792, -111.015686035, -37.8887710571, -62.8762550354, -227.360275269, -214.547119141, -181.126403809], [-752.954650879, 1021.80462646, -51.7791633606, -41.9333114624, -10.8661651611, -8.76182079315, 14.2169694901, -6.02164030075, -11.2047843933, 11.1763658524, 17.1809806824, 20.6364383698, 0.486480683088], [-1817.73474121, -51.7791633606, 819.43560791, 48.1027488708, 174.967254639, 50.2532424927, 55.5558128357, 54.3042068481, 45.8349342346, 26.2594585419, 70.5958633423, 60.8888206482, 55.0977325439], [14.745174408, -41.9333114624, 48.1027488708, 342.296875, 56.6893196106, 47.8767738342, 5.26903390884, 13.7858095169, 59.8061256409, -13.1804141998, 7.75646924973, 33.9103736877, 20.9531536102], [-542.369812012, -10.8661651611, 174.967254639, 56.6893196106, 216.278411865, 18.0837993622, 7.56082105637, 8.48893451691, 30.664358139, 14.2633171082, 19.5610027313, 16.368850708, 10.312748909], [-149.609954834, -8.76182079315, 50.2532424927, 47.8767738342, 18.0837993622, 142.412445068, 60.0936279297, 33.5305137634, 14.5555343628, 7.02610969543, 26.2823486328, 15.1695661545, 15.0078544617], [-238.85836792, 14.2169694901, 55.5558128357, 5.26903390884, 7.56082105637, 60.0936279297, 140.51222229, 57.1189804077, 22.4260692596, 5.15284013748, 