{"tonal": {"hpcp": {"dvar": [0.0358133018017, 0.0325482785702, 0.027062125504, 0.0266100857407, 0.0260220617056, 0.0324632488191, 0.0460046269, 0.0482226461172, 0.0558546632528, 0.0498887449503, 0.0468039400876, 0.0384628809988, 0.0369740612805, 0.0287625081837, 0.0259099043906, 0.030340442434, 0.03352496773, 0.0340866148472, 0.0285167377442, 0.021450676024, 0.0312801301479, 0.03961327672, 0.0278993658721, 0.0351903252304, 0.0309540461749, 0.0293841026723, 0.0401463359594, 0.0416684523225, 0.0192832835019, 0.019925320521, 0.0184572935104, 0.0149055197835, 0.0142353447154, 0.0214259270579, 0.0212286636233, 0.032423812896], "var": [0.108649872243, 0.057644777, 0.0235097985715, 0.0287996269763, 0.0273954998702, 0.0526004508138, 0.125041663647, 0.108535639942, 0.0678590536118, 0.0489997342229, 0.0593517757952, 0.0684637576342, 0.0584301948547, 0.028052682057, 0.0284448768944, 0.0427108816803, 0.0367962345481, 0.0384623594582, 0.0369427278638, 0.0281400438398, 0.0542360134423, 0.0832331851125, 0.0491093955934, 0.0520488657057, 0.0477953106165, 0.0337332859635, 0.0785678103566, 0.093095369637, 0.0271618422121, 0.0223669111729, 0.0252739004791, 0.0141807990149, 0.0248623415828, 0.0362109653652, 0.0207136105746, 0.0521311871707], "median": [0.0501811280847, 0.0406423024833, 0.0257039032876, 0.0202406458557, 0.0197359509766, 0.0816168636084, 0.179649293423, 0.152880758047, 0.0433805212379, 0.0174016058445, 0.0184451732785, 0.0554292351007, 0.0663041844964, 0.0362405441701, 0.0167373269796, 0.0148087386042, 0.0156652741134, 0.0217648390681, 0.0207295734435, 0.0175609961152, 0.0657712444663, 0.112901948392, 0.0875505059958, 0.0465718694031, 0.0407011769712, 0.0275516845286, 0.0432997457683, 0.0570008009672, 0.035836391151, 0.0102882217616, 0.0090279597789, 0.011862045154, 0.0350963845849, 0.0450847446918, 0.0292656496167, 0.0387347079813], "max": [1, 1, 1, 1, 1, 1, 1, 1, 1, 1, 1, 1, 1, 1, 1, 1, 1, 1, 1, 1, 1, 1, 1, 1, 1, 1, 1, 1, 1, 1, 1, 1, 1, 1, 1, 1], "dmean": [0.108491539955, 0.108438611031, 0.0855945497751, 0.0825394615531, 0.0857434272766, 0.12815412879, 0.170200020075, 0.171982645988, 0.165303811431, 0.134191215038, 0.118319176137, 0.116798140109, 0.119087852538, 0.0918958559632, 0.0721424520016, 0.0762967392802, 0.0820779949427, 0.0921451970935, 0.0823248177767, 0.0693704038858, 0.110032208264, 0.142375588417, 0.118815883994, 0.11927331984, 0.112327739596, 0.0961836948991, 0.117811478674, 0.13131006062, 0.0847518742085, 0.0574800185859, 0.0502890646458, 0.0468471646309, 0.0645017623901, 0.0824594721198, 0.0741616412997, 0.101209506392], "dmean2": [0.18201123178, 0.184843346477, 0.150586605072, 0.145846650004, 0.152054294944, 0.216026961803, 0.276654243469, 0.286177694798, 0.279206395149, 0.230902552605, 0.209004536271, 0.203328773379, 0.201422676444, 0.162068337202, 0.128423288465, 0.136627852917, 0.148555204272, 0.16402490437, 0.142563313246, 0.118273690343, 0.183265343308, 0.232238963246, 0.196894392371, 0.201631247997, 0.192872896791, 0.168014198542, 0.196283563972, 0.213598042727, 0.143198505044, 0.0994684919715, 0.0879967212677, 0.0816860422492, 0.107167601585, 0.137833461165, 0.130144149065, 0.171654388309], "mean": [0.223198190331, 0.153949201107, 0.0812291949987, 0.0849220529199, 0.0841931328177, 0.184385433793, 0.340216308832, 0.302218288183, 0.167978689075, 0.115405932069, 0.123953893781, 0.16824708879, 0.166574001312, 0.100382953882, 0.0740263834596, 0.0875483304262, 0.0855397358537, 0.100055716932, 0.0973183512688, 0.0801459774375, 0.164062574506, 0.24059727788, 0.176448777318, 0.150020390749, 0.141988769174, 0.100778885186, 0.180858105421, 0.212863221765, 0.107313469052, 0.0578118488193, 0.0567790083587, 0.0486385338008, 0.0931050404906, 0.116447024047, 0.08208976686, 0.142455354333], "dvar2": [0.0860766470432, 0.0836895853281, 0.0743298083544, 0.0705285742879, 0.0697802081704, 0.0861732214689, 0.101179815829, 0.111819006503, 0.130822941661, 0.12361202389, 0.126758053899, 0.0991279110312, 0.0925689265132, 0.077716819942, 0.0705916583538, 0.0838003307581, 0.0923198312521, 0.0929716154933, 0.07408452034, 0.053499802947, 0.0764211267233, 0.0895956233144, 0.0687935128808, 0.0901494696736, 0.0813165903091, 0.0805043429136, 0.091234959662, 0.0938086360693, 0.0506181046367, 0.0510290674865, 0.0452927574515, 0.0413068048656, 0.0368856862187, 0.0562535636127, 0.0577558502555, 0.0831611603498], "min": [0, 0, 0, 0, 0, 0, 0, 0, 0, 0, 0, 0, 0, 0, 0, 0, 0, 0, 0, 0, 0, 0, 0, 0, 0, 0, 0, 0, 0, 0, 0, 0, 0, 0, 0, 0]}, "key_key": "E", "thpcp": [1, 0.888312160969, 0.493740856647, 0.339213401079, 0.364338487387, 0.494529753923, 0.489612042904, 0.295056253672, 0.217586234212, 0.257331371307, 0.25142750144, 0.294094413519, 0.286048471928, 0.235573589802, 0.482230186462, 0.707189142704, 0.518637061119, 0.440955907106, 0.417348504066, 0.296220034361, 0.53159737587, 0.62567025423, 0.315427184105, 0.16992674768, 0.166890904307, 0.142963558435, 0.273664236069, 0.342273503542, 0.241286978126, 0.418719947338, 0.65604788065, 0.452503889799, 0.238757506013, 0.24961194396, 0.247469425201, 0.541965305805], "chords_key": "A", "tuning_equal_tempered_deviation": 0.0427916534245, "tuning_frequency": 441.017791748, "tuning_diatonic_strength": 0.595510780811, "chords_histogram": [23.3797416687, 0.456072986126, 15.8665390015, 0.0240038409829, 1.53624582291, 1.03216516972, 0.216034561396, 0.312049925327, 1.80028808117, 2.44839167595, 0.360057622194, 0, 0, 0.0240038409829, 2.13634181023, 3.40854525566, 0.216034561396, 3.93662977219, 0, 6.07297182083, 2.92846846581, 1.51224195957, 26.5002403259, 5.8329334259], "key_strength": 0.689265727997, "key_scale": "major", "chords_strength": {"dvar": 5.81232052355e-05, "var": 0.00769462902099, "median": 0.483888268471, "max": 0.679335355759, "dmean": 0.00908602774143, "dmean2": 0.00844002515078, "mean": 0.480306535959, "dvar2": 5.89193041378e-05, "min": 0.237121835351}, "chords_number_rate": 0.00336053757928, "tuning_nontempered_energy_ratio": 0.660830438137, "hpcp_entropy": {"dvar": 0.241584002972, "var": 0.500424325466, "median": 1.92739522457, "max": 4.03661632538, "dmean": 0.57549405098, "dmean2": 0.963653326035, "mean": 1.87157857418, "dvar2": 0.626204133034, "min": 0}, "chords_changes_rate": 0.0588094107807, "chords_scale": "major"}, "rhythm": {"bpm_histogram_first_peak_spread": {"dvar": 0, "var": 0, "median": 0.40452259779, "max": 0.40452259779, "dmean": 0, "dmean2": 0, "mean": 0.40452259779, "dvar2": 0, "min": 0.40452259779}, "bpm_histogram_first_peak_weight": {"dvar": 0, "var": 0, "median": 0.578048765659, "max": 0.578048765659, "dmean": 0, "dmean2": 0, "mean": 0.578048765659, "dvar2": 0, "min": 0.578048765659}, "bpm_histogram_first_peak_bpm": {"dvar": 0, "var": 0, "median": 129, "max": 129, "dmean": 0, "dmean2": 0, "mean": 129, "dvar2": 0, "min": 129}, "bpm": 128.087051392, "bpm_histogram_second_peak_weight": {"dvar": 0, "var": 0, "median": 0.021951219067, "max": 0.021951219067, "dmean": 0, "dmean2": 0, "mean": 0.021951219067, "dvar2": 0, "min": 0.021951219067}, "beats_loudness": {"dvar": 0.000362381339073, "var": 0.000635972886812, "median": 0.039720762521, "max": 0.116132743657, "dmean": 0.0239012222737, "dmean2": 0.0410459265113, "mean": 0.0408167466521, "dvar2": 0.000976728624664, "min": 3.40320730174e-06}, "beats_loudness_band_ratio": {"dvar": [0.0482793524861, 0.0165432970971, 0.0173261333257, 0.0106530562043, 0.00536702712998, 0.00328504131176], "var": [0.0786352306604, 0.0215592887253, 0.0196667946875, 0.0132476994768, 0.00623532338068, 0.00214592320845], "median": [0.46882006526, 0.110069870949, 0.122702248394, 0.0871164947748, 0.0445891618729, 0.0177253931761], "max": [0.9875664711, 0.990242004395, 0.625048398972, 0.712797820568, 0.58724963665, 0.45947226882], "dmean": [0.345284700394, 0.132522121072, 0.152539774776, 0.108076244593, 0.0584039539099, 0.0361077859998], "dmean2": [0.620662748814, 0.224542245269, 0.270214617252, 0.186847105622, 0.103179872036, 0.0661626979709], "mean": [0.48344373703, 0.158856004477, 0.161457538605, 0.125230655074, 0.0712491869926, 0.0321771390736], "dvar2": [0.135834470391, 0.0434951111674, 0.0485458411276, 0.028332201764, 0.014816718176, 0.00962384324521], "min": [0.00332726468332, 0.00143216818105, 0.00320342741907, 0.000832348247059, 0.000181282390258, 6.67863641866e-05]}, "bpm_histogram_second_peak_bpm": {"dvar": 0, "var": 0, "median": 123, "max": 123, "dmean": 0, "dmean2": 0, "mean": 123, "dvar2": 0, "min": 123}, "onset_rate": 3.93956804276, "beats_count": 411, "beats_position": [0.487619042397, 0.975238084793, 1.46285712719, 1.93886613846, 2.42648530006, 2.92571425438, 3.41333317757, 3.9125623703, 4.41179132462, 4.8994102478, 5.3754196167, 5.85142850876, 6.31582736969, 6.78022670746, 7.25623559952, 7.72063493729, 8.18503379822, 8.63782310486, 9.10222244263, 9.56662082672, 10.0310201645, 10.5070295334, 10.9830379486, 11.4590473175, 11.9234466553, 12.3994560242, 12.8638544083, 13.328253746, 13.7926530838, 14.268661499, 14.7446708679, 15.2206802368, 15.6850786209, 16.1494789124, 16.6138763428, 17.0898857117, 17.5542850494, 18.0186843872, 18.4946937561, 18.9590930939, 19.4351024628, 19.9111099243, 20.3871192932, 20.851518631, 21.3159179688, 21.7803173065, 22.2563266754, 22.7207260132, 23.1967334747, 23.6611328125, 24.1255321503, 24.589931488, 25.0543308258, 25.5303401947, 25.9947395325, 26.470746994, 26.9467563629, 27.4227657318, 27.8871650696, 28.3515644073, 28.8275737762, 29.291973114, 29.7679805756, 30.2323799133, 30.6967792511, 31.17278862, 31.6371879578, 32.1131973267, 32.5775947571, 33.0419960022, 33.5063934326, 33.9707946777, 34.4351921082, 34.9112014771, 35.3872108459, 35.8516082764, 36.3160095215, 36.7804069519, 37.244808197, 37.6975975037, 38.1736030579, 38.6612243652, 39.1256217957, 39.6016311646, 40.0776405334, 40.5420417786, 41.006439209, 41.4824485779, 41.9468460083, 42.4228553772, 42.8872566223, 43.3516540527, 43.8160552979, 44.2804527283, 44.7448501587, 45.2208595276, 45.6968688965, 46.1728782654, 46.6488876343, 47.1132888794, 47.5776863098, 48.0536956787, 48.5180931091, 48.9824943542, 49.4585037231, 49.9229011536, 50.3873023987, 50.8516998291, 51.327709198, 51.8037185669, 52.2681159973, 52.7441253662, 53.2201347351, 53.6845359802, 54.1489334106, 54.6133308411, 55.0777320862, 55.5421295166, 56.0065307617, 56.4825401306, 56.9585494995, 57.4229469299, 57.8873443604, 58.3517456055, 58.8277549744, 59.2921524048, 59.7681617737, 60.2441711426, 60.7201805115, 61.1845779419, 61.648979187, 62.1133766174, 62.5777778625, 63.0537872314, 63.5181846619, 63.9941940308, 64.4585952759, 64.9229888916, 65.3990020752, 65.8634033203, 66.3394088745, 66.8038101196, 67.2682037354, 67.7326049805, 68.2086181641, 68.6846237183, 69.1490249634, 69.6134262085, 70.0778198242, 70.5422210693, 71.0066223145, 71.4710159302, 71.9470291138, 72.423034668, 72.8874359131, 73.3518371582, 73.8278427124, 74.303855896, 74.7682495117, 75.2326507568, 75.697052002, 76.1730575562, 76.6374588013, 77.1018600464, 77.5778656006, 78.0422668457, 78.5066680908, 78.982673645, 79.4586868286, 79.9230804443, 80.3874816895, 80.8518829346, 81.3162765503, 81.7922897339, 82.2682952881, 82.7326965332, 83.1970977783, 83.661491394, 84.1258926392, 84.6019058228, 85.077911377, 85.5539245605, 86.0299301147, 86.4943313599, 86.9587249756, 87.4231262207, 87.8991394043, 88.3751449585, 88.8395462036, 89.3039474487, 89.7683410645, 90.2327423096, 90.6971435547, 91.1615371704, 91.637550354, 92.1019515991, 92.5895690918, 93.065574646, 93.5299758911, 93.9943771362, 94.4703826904, 94.946395874, 95.4107894897, 95.8751907349, 96.33959198, 96.8039855957, 97.2683868408, 97.7327880859, 98.1971893311, 98.6615829468, 99.1259841919, 99.590385437, 100.054779053, 100.519180298, 100.995193481, 101.471199036, 101.947212219, 102.423217773, 102.887619019, 103.352012634, 103.828025818, 104.304031372, 104.780044556, 105.25605011, 105.720451355, 106.1848526, 106.649246216, 107.113647461, 107.578048706, 108.042449951, 108.506843567, 108.971244812, 109.435646057, 109.911651611, 110.387664795, 110.852058411, 111.316459656, 111.780860901, 112.256866455, 112.732879639, 113.208885193, 113.684898376, 114.149291992, 114.613693237, 115.078094482, 115.542495728, 116.006889343, 116.471290588, 116.947296143, 117.423309326, 117.887710571, 118.352104187, 118.816505432, 119.292518616, 119.76852417, 120.244529724, 120.720542908, 121.184944153, 121.649337769, 122.113739014, 122.578140259, 123.042533875, 123.50693512, 123.971336365, 124.447341919, 124.923355103, 125.387756348, 125.852149963, 126.316551208, 126.780952454, 127.245346069, 127.721359253, 128.197372437, 128.673370361, 129.137771606, 129.602172852, 130.078186035, 130.54258728, 131.006988525, 131.471374512, 131.947387695, 132.423400879, 132.887802124, 133.363800049, 133.839813232, 134.304214478, 134.780227661, 135.256240845, 135.73223877, 136.208251953, 136.672653198, 137.137054443, 137.601455688, 138.077453613, 138.541854858, 138.994644165, 139.45904541, 139.923446655, 140.3878479, 140.852249146, 141.316635132, 141.781036377, 142.245437622, 142.721450806, 143.197463989, 143.661849976, 144.126251221, 144.590652466, 145.055053711, 145.531066895, 145.99546814, 146.459854126, 146.93586731, 147.400268555, 147.8646698, 148.329071045, 148.79347229, 149.257858276, 149.73387146, 150.209884644, 150.674285889, 151.138687134, 151.603088379, 152.079086304, 152.555099487, 153.019500732, 153.495513916, 153.971511841, 154.435913086, 154.900314331, 155.376327515, 155.852325439, 156.316726685, 156.78112793, 157.245529175, 157.70993042, 158.174331665, 158.63873291, 159.103118896, 159.567520142, 160.043533325, 160.519546509, 160.995559692, 161.471557617, 161.947570801, 162.423583984, 162.887985229, 163.352371216, 163.816772461, 164.281173706, 164.745574951, 165.221588135, 165.69758606, 166.161987305, 166.62638855, 167.090789795, 167.55519104, 168.019592285, 168.48399353, 168.948379517, 169.401168823, 169.877182007, 170.341583252, 170.805984497, 171.270385742, 171.746398926, 172.222396851, 172.686798096, 173.151199341, 173.615600586, 174.080001831, 174.555999756, 175.032012939, 175.508026123, 175.972427368, 176.448425293, 176.912826538, 177.377227783, 177.841629028, 178.306030273, 178.75881958, 179.223220825, 179.676010132, 180.140411377, 180.593200684, 181.04598999, 181.521987915, 181.998001099, 182.462402344, 182.938415527, 183.414413452, 183.890426636, 184.366439819, 184.830841064, 185.306838989, 185.782852173, 186.247253418, 186.711654663, 187.187667847, 187.663665771, 188.139678955, 188.615692139, 189.068481445, 189.53288269, 189.985671997, 190.461669922, 190.937683105, 191.402084351, 191.866485596, 192.354095459, 192.841720581], "danceability": 1.11259150505, "bpm_histogram_second_peak_spread": {"dvar": 0, "var": 0, "median": 0.250000029802, "max": 0.250000029802, "dmean": 0, "dmean2": 0, "mean": 0.250000029802, "dvar2": 0, "min": 0.250000029802}}, "lowlevel": {"spectral_flux": {"dvar": 0.000955943774898, "var": 0.00218341848813, "median": 0.0654013678432, "max": 0.3370860219, "dmean": 0.0246408358216, "dmean2": 0.0388838686049, "mean": 0.0753496810794, "dvar2": 0.00219754548743, "min": 1.05995608124e-10}, "spectral_rolloff": {"dvar": 606250, "var": 2037792.5, "median": 1033.59375, "max": 19250.6835938, "dmean": 362.035491943, "dmean2": 581.767028809, "mean": 1311.27575684, "dvar2": 1120792.75, "min": 64.599609375}, "barkbands_flatness_db": {"dvar": 0.000402619072702, "var": 0.00243483227678, "median": 0.126785412431, "max": 0.458254665136, "dmean": 0.0204262044281, "dmean2": 0.0312887281179, "mean": 0.134089753032, "dvar2": 0.000902382482309, "min": 0.0299938544631}, "spectral_centroid": {"dvar": 72314.234375, "var": 325250.3125, "median": 1183.30151367, "max": 10811.8828125, "dmean": 199.90713501, "dmean2": 302.892181396, "mean": 1258.11914063, "dvar2": 132603.390625, "min": 149.714035034}, "melbands_skewness": {"dvar": 0.625253140926, "var": 3.82700634003, "median": 1.87770628929, "max": 19.5208015442, "dmean": 0.682087004185, "dmean2": 1.05612194538, "mean": 2.32519578934, "dvar2": 1.40095806122, "min": -1.22575700283}, "melbands": {"dvar": [6.46884109301e-06, 3.22916685036e-06, 3.23569861393e-06, 1.13108603728e-06, 2.93878940738e-07, 2.67974741064e-07, 3.37144854257e-08, 7.32395619707e-08, 9.51352490119e-08, 1.17912939857e-07, 3.46261295192e-08, 2.5562407302e-08, 7.07158207547e-08, 2.52259777511e-08, 1.08491624573e-08, 3.16863446592e-09, 5.26329335671e-09, 6.15248341163e-09, 2.70545608139e-09, 3.24856697098e-09, 1.24145127511e-09, 1.00907160405e-09, 1.12638132155e-09, 5.62062896226e-10, 2.8741406477e-10, 1.29787555703e-10, 9.62528459714e-11, 2.92954861758e-11, 1.8983791969e-11, 1.07590264822e-11, 4.43038834785e-11, 5.48898704267e-11, 6.12217151974e-11, 2.51796389295e-10, 6.52545170676e-11, 6.46008524452e-11, 2.57036718299e-11, 3.79825025598e-11, 1.72141398358e-11, 1.64696294797e-11], "var": [2.26516385737e-05, 6.91370360073e-06, 4.49874460173e-06, 1.90893752006e-06, 1.17687841339e-06, 6.55617043321e-07, 6.73049243005e-08, 2.06993817642e-07, 2.76056937309e-07, 3.30160389694e-07, 7.96068420073e-08, 6.86012668893e-08, 1.90076661966e-07, 5.31299875206e-08, 4.04925657449e-08, 9.79245395882e-09, 1.96733438429e-08, 2.95368174363e-08, 1.05414148521e-08, 1.12468683255e-08, 3.8407255154e-09, 1.68351965701e-09, 1.63393465424e-09, 1.0509529913e-09, 5.42016209693e-10, 2.89476415061e-10, 1.45374018379e-10, 4.12420687879e-11, 2.57837553391e-11, 1.58060144834e-11, 6.35830763041e-11, 7.86956402821e-11, 9.20509640734e-11, 4.26431223666e-10, 1.4642209667e-10, 1.03551021924e-10, 5.1417134439e-11, 7.05589892069e-11, 3.5693944328e-11, 3.20258888853e-11], "median": [0.000700974022038, 0.000946798012592, 0.000141652039019, 0.000107396197564, 0.000134983900352, 0.000109079941467, 9.26012871787e-05, 0.000108855725557, 9.68737294897e-05, 0.000143125114846, 8.70383664733e-05, 8.12593862065e-05, 6.77939460729e-05, 3.68913060811e-05, 4.67940335511e-05, 2.70804575848e-05, 1.53512737597e-05, 1.85001808859e-05, 1.34758993227e-05, 1.25194201246e-05, 1.10660284918e-05, 7.29418934498e-06, 6.37814309812e-06, 4.83066696688e-06, 4.06185063184e-06, 3.62226387551e-06, 3.03542628899e-06, 1.78239974957e-06, 1.90188745819e-06, 1.43946692788e-06, 7.66111099892e-07, 5.05119828631e-07, 3.88920227579e-07, 3.44974523614e-07, 2.57681307403e-07, 1.58714712484e-07, 1.60684990647e-07, 1.99333442197e-07, 2.06751607834e-07, 2.73587318134e-07], "max": [0.0348502285779, 0.0187258999795, 0.0303787663579, 0.0200072713196, 0.011788812466, 0.014334586449, 0.00530495215207, 0.00574973970652, 0.00691994884983, 0.00696740997955, 0.0053961891681, 0.00513703096658, 0.00747594377026, 0.00369461555965, 0.00255385437049, 0.00103183777537, 0.00469371536747, 0.00289459247142, 0.0018146057846, 0.00165453995578, 0.0013904790394, 0.00123051705305, 0.000837501080241, 0.000793302955572, 0.000545096816495, 0.000310875620926, 0.000328863825416, 0.000215779597056, 0.000198604990146, 0.000100816898339, 0.000509839854203, 0.000253628182691, 0.000270153628662, 0.000649199471809, 0.00033532557427, 0.000428924366133, 0.000186294724699, 0.000192149105715, 0.000156994210556, 0.000137178285513], "dmean": [0.00129391846713, 0.00108643411659, 0.000591655261815, 0.000379696430173, 0.000256483530393, 0.000232449907344, 9.29338566493e-05, 0.000138901683385, 0.000132742934511, 0.000159206771059, 9.06297645997e-05, 7.61749543017e-05, 0.000115085233119, 6.74501352478e-05, 5.472081466e-05, 2.92092627205e-05, 2.55219783867e-05, 3.14890821755e-05, 2.04424432013e-05, 2.10703547054e-05, 1.4377563275e-05, 1.12532807179e-05, 1.14439671961e-05, 8.50871128932e-06, 6.52442804494e-06, 4.6102441047e-06, 4.049936706e-06, 2.24221116696e-06, 1.79534777089e-06, 1.43925365137e-06, 1.29294983253e-06, 1.49113498082e-06, 1.44973034821e-06, 2.26345218834e-06, 1.51409187765e-06, 1.13186013095e-06, 9.33506498768e-07, 1.06860193227e-06, 7.84759265571e-07, 8.00066800366e-07], "dmean2": [0.00201468821615, 0.00172575807665, 0.000861362845171, 0.000567606999539, 0.000399198092055, 0.000380999699701, 0.00015180009359, 0.000212920145714, 0.000204230309464, 0.000244586030021, 0.000142872755532, 0.000119109135994, 0.000183793410542, 0.000109305656224, 8.89653456397e-05, 4.63399373984e-05, 3.8225633034e-05, 4.89059711981e-05, 3.16887235385e-05, 3.31568298861e-05, 2.23175757128e-05, 1.82244530151e-05, 1.85486278497e-05, 1.36008266054e-05, 1.03433158074e-05, 7.28506574887e-06, 6.54849054627e-06, 3.54622557097e-06, 2.82712198896e-06, 2.28092517318e-06, 1.98574207388e-06, 2.34508752328e-06, 2.24142468142e-06, 3.43573105965e-06, 2.21723871618e-06, 1.67928567407e-06, 1.40778774949e-06, 1.58332852607e-06, 1.19185756375e-06, 1.22571293559e-06], "mean": [0.00269332737662, 0.00202858960256, 0.00079964089673, 0.00058898475254, 0.000581121130381, 0.000403594400268, 0.000169545775861, 0.000256507599261, 0.000278742198134, 0.00033729817369, 0.000174730666913, 0.000159983872436, 0.000215240797843, 0.00010416789155, 0.000115970389743, 6.07270885666e-05, 5.56528138986e-05, 6.95103226462e-05, 4.3426764023e-05, 4.35872934759e-05, 2.86215436063e-05, 1.89120146388e-05, 1.8295375412e-05, 1.47106011354e-05, 1.11903063953e-05, 8.50471769809e-06, 6.7569667408e-06, 3.74826390726e-06, 3.25266751133e-06, 2.60279671238e-06, 2.05231117434e-06, 1.97495842258e-06, 1.94336325876e-06, 3.10120253744e-06, 2.11349561141e-06, 1.52406551024e-06, 1.28056831272e-06, 1.43150020904e-06, 1.13871101348e-06, 1.17623699225e-06], "dvar2": [1.46872580444e-05, 8.25185270514e-06, 7.37408936402e-06, 2.51514302363e-06, 6.46584396691e-07, 7.19438048691e-07, 8.28908994777e-08, 1.60830737173e-07, 2.14800365939e-07, 2.72295437753e-07, 8.51381400935e-08, 5.81379886455e-08, 1.74434504174e-07, 5.95803726355e-08, 2.75806328887e-08, 7.8738597864e-09, 1.09098934331e-08, 1.34081012959e-08, 6.1859490863e-09, 7.58495843911e-09, 2.6493214289e-09, 2.30583152572e-09, 2.87387447173e-09, 1.32824684584e-09, 7.20281667643e-10, 3.07762870744e-10, 2.50133080915e-10, 7.3480492524e-11, 4.56643646507e-11, 2.60722780171e-11, 8.98946403427e-11, 1.36830602404e-10, 1.44613362951e-10, 5.64688351634e-10, 1.33748082054e-10, 1.46039652593e-10, 5.29727720022e-11, 8.16066103582e-11, 3.80233899921e-11, 3.40569863977e-11], "min": [8.03155774798e-24, 3.07949781217e-24, 8.46288874716e-24, 1.11274502591e-23, 1.67434433401e-23, 1.41628868371e-23, 1.39568048142e-23, 4.01682569241e-24, 2.68661822066e-23, 1.42890446285e-23, 4.32633369086e-24, 3.65289102468e-24, 4.49232659139e-24, 5.74052069134e-24, 1.46865768822e-23, 1.42927885624e-23, 7.68142104634e-24, 6.98920033518e-24, 1.54455352259e-23, 1.06781600526e-23, 9.09074314162e-24, 8.32672346631e-24, 1.19482079662e-23, 1.1283204534e-23, 4.85883531226e-24, 7.9132104684e-24, 6.45055112073e-24, 6.37389553442e-24, 1.15761085881e-23, 7.28881601787e-24, 9.28302167638e-24, 1.09931388014e-23, 1.17590911859e-23, 1.47111088786e-23, 1.6950183273e-23, 1.49628233494e-23, 1.34394682548e-23, 1.18189728284e-23, 9.08288924245e-24, 1.00658296519e-23]}, "spectral_decrease": {"dvar": 1.04561609943e-17, "var": 3.62949283472e-17, "median": -6.51176090827e-09, "max": 8.83027504478e-29, "dmean": 2.44649389636e-09, "dmean2": 3.63728225317e-09, "mean": -7.72803154803e-09, "dvar2": 2.39056834845e-17, "min": -3.66650105832e-08}, "barkbands_kurtosis": {"dvar": 144.617416382, "var": 377.241149902, "median": 1.65192270279, "max": 443.501281738, "dmean": 3.49631357193, "dmean2": 5.6715259552, "mean": 6.04556751251, "dvar2": 390.987213135, "min": -1.92454624176}, "silence_rate_30dB": {"dvar": 0.00382696394809, "var": 0.0021557782311, "median": 1, "max": 1, "dmean": 0.00384153658524, "dmean2": 0.00768399564549, "mean": 0.997839391232, "dvar2": 0.0109875965863, "min": 0}, "gfcc": {"mean": [-1.63666117191, 89.2113418579, -113.921707153, 14.2958459854, -50.4270553589, 19.3288803101, -30.5377101898, 21.5167446136, -24.7782878876, 11.4439992905, -16.7859249115, 5.90129327774, -6.83464670181], "cov": [[8456.54492188, -79.4133453369, -475.718322754, 207.908050537, -195.870788574, 51.6643104553, -117.054916382, -80.6569290161, -231.204498291, -64.8379516602, 55.4655151367, -66.5725479126, -94.7336730957], [-79.4133453369, 682.833496094, 62.8029289246, -10.7622184753, 180.239456177, -97.1806030273, 97.3005828857, -29.0270595551, -12.4520149231, 8.20712184906, 11.6635494232, -38.7132377625, 43.9838104248], [-475.718322754, 62.8029289246, 758.799194336, 180.005874634, -12.2457714081, 70.9630432129, 34.8584136963, 11.4903173447, 6.19224786758, 18.7631225586, 19.0363235474, 39.4941520691, 20.3444957733], [207.908050537, -10.7622184753, 180.005874634, 290.008636475, 71.8121948242, 54.1345863342, 14.5109043121, 18.3725376129, 33.3030357361, -23.7205810547, 18.3889083862, 24.2718658447, -23.498752594], [-195.870788574, 180.239456177, -12.2457714081, 71.8121948242, 288.859649658, 50.6228637695, 99.8714447021, 60.8044395447, 70.0232543945, 37.4875335693, 14.5669603348, 12.8527355194, 6.87325382233], [51.6643104553, -97.1806030273, 70.9630432129, 54.1345863342, 50.6228637695, 235.687286377, 88.7213287354, 17.2570400238, 52.0507850647, 45.6969947815, 8.23431587219, 6.37627124786, -13.3170557022], [-117.054916382, 97.3005828857, 34.8584136963, 14.5109043121, 99.8714447021, 88.7213287354, 191.610061646, 66.6736602783, 53.6288871765, 54.2763824463, 39.5202178955, 20.3084812164, 9.58493614197], [-80.6569290161, -29.0270595551, 11.4903173447, 18.3725376129, 60.8044395447, 17.2570400238, 66.6736602783, 154.292327881, 87.3081130981, 40.9067192078, 29.2788047791, 38.5742111206, 21.876493454], [-231.204498291, -12.4520149231, 6.19224786758, 33.3030357361, 70.0232543945, 52.0507850647, 53.6288871765, 87.3081130981, 164.266342163, 57.0396652222, 11.7465190887, 33.1754646301, 13.3323316574], [-64.8379516602, 8.20712184906, 18.7631225586, -23.7205810547, 37.4875335693, 45.6969947815, 54.2763824463, 40.9067192078, 57.0396652222, 104.967330933, 45.7499351501, 12.5679712296, 26.2318744659], [55.4655151367, 11.6635494232, 19.0363235474, 18.3889083862, 14.5669603348, 8.23431587219, 39.5202178955, 29.2788047791, 11.7465190887, 45.7499351501, 101.322257996, 44.2746734619, 18.6625804901], [-66.5725479126, -38.7132377625, 39.4941520691, 24.2718658447, 12.8527355194, 6.37627124786, 20.3084812164, 38.5742111206, 33.1754646301, 12.5679712296, 44.2746734619, 89.9602355957, 24.5475749969], [-94.7336730957, 43.9838104248, 20.3444957733, -23.498752594, 6.87325382233, -13.3170557022, 9.58493614197, 21.876493454, 13.3323316574, 26.2318744659, 18.6625804901, 24.5475749969, 84.1620330811]], "icov": [[0.000150499399751, -0.000119298434583, 0.000191140032257, -0.000285947142402, 0.000223627343075, -0.000192453691852, 0.000141805998283, -0.000199192072614, 0.000341347185895, -0.000184232048923, -3.23088279401e-05, -2.61001459876e-05, 0.00011074388749], [-0.000119298434583, 0.00312426500022, -0.000749238824937, 0.000668918422889, -0.00225733988918, 0.00242782873102, -0.00230958429165, 0.00219116150402, -0.000893200514838, 0.00113305158447, -0.000946319254581, 0.00226481072605, -0.00179958110675], [0.000191140032257, -0.000749238824937, 0.00209456146695, -0.00180584168993, 0.00124568212777, -0.000867419294082, 0.000237574859057, -0.000635110831354, 0.00118069513701, -0.00143275747541, 0.000944570521824, -0.00118115427904, -0.000110188768303], [-0.000285947142402, 0.000668918422889, -0.00180584168993, 0.00620890501887, -0.00233325175941, -0.000434554502135, 0.000477009714814, 0.000584793102462, -0.00233213417232, 0.00421029096469, -0.00274070911109, 0.000571301381569, 0.00091238738969], [0.000223627343075, -0.00225733988918, 0.00124568212777, -0.00233325175941, 0.00671016378328, -0.00153010978829, -0.00058695365442, -0.00204450264573, 0.000254903367022, -0.00196903874166, 0.00162251014262, -0.00143238413148, 0.000918345991522], [-0.000192453691852, 0.00242782873102, -0.000867419294082, -0.000434554502135, -0.00153010978829, 0.00811246410012, -0.0045492532663, 0.00311297411099, -0.00176505697891, -0.00169578543864, 0.00097516621463, 0.00115041877143, -2.31710182561e-05], [0.000141805998283, -0.00230958429165, 0.000237574859057, 0.000477009714814, -0.00058695365442, -0.0045492532663, 0.0107963196933, -0.00417204527184, 0.00105212186463, -0.00152460706886, -0.00173590192571, -0.00113483925816, 0.00164983246941], [-0.000199192072614, 0.00219116150402, -0.000635110831354, 0.000584793102462, -0.00204450264573, 0.00311297411099, -0.00417204527184, 0.0126242237166, -0.00559698557481, 0.000732474669348, -0.00125571945682, -0.000310929637635, -0.0021718298085], [0.000341347185895, -0.000893200514838, 0.00118069513701, -0.00233213417232, 0.000254903367022, -0.00176505697891, 0.00105212186463, -0.00559698557481, 0.0128416316584, -0.00698164198548, 0.00468927575275, -0.00418508891016, 0.00127199303824], [-0.000184232048923, 0.00113305158447, -0.00143275747541, 0.00421029096469, -0.00196903874166, -0.00169578543864, -0.00152460706886, 0.000732474669348, -0.00698164198548, 0.0211391057819, -0.0103521049023, 0.0061914762482, -0.00439496245235], [-3.23088279401e-05, -0.000946319254581, 0.000944570521824, -0.00274070911109, 0.00162251014262, 0.00097516621463, -0.00173590192571, -0.00125571945682, 0.00468927575275, -0.0103521049023, 0.0191143620759, -0.00944290868938, 0.00100994401146], [-2.61001459876e-05, 0.00226481072605, -0.00118115427904, 0.000571301381569, -0.00143238413148, 0.00115041877143, -0.00113483925816, -0.000310929637635, -0.00418508891016, 0.0061914762482, -0.00944290868938, 0.0196858737618, -0.00517354952171], [0.00011074388749, -0.00179958110675, -0.000110188768303, 0.00091238738969, 0.000918345991522, -2.31710182561e-05, 0.00164983246941, -0.0021718298085, 0.00127199303824, -0.00439496245235, 0.00100994401146, -0.00517354952171, 0.0159796830267]]}, "silence_rate_20dB": {"dvar": 0, "var": 0, "median": 1, "max": 1, "dmean": 0, "dmean2": 0, "mean": 1, "dvar2": 0, "min": 1}, "barkbands_skewness": {"dvar": 0.449777722359, "var": 2.69880509377, "median": 1.19426047802, "max": 17.2763500214, "dmean": 0.539555609226, "dmean2": 0.832185864449, "mean": 1.54340851307, "dvar2": 1.04529356956, "min": -2.98174166679}, "erbbands_skewness": {"dvar": 0.110263258219, "var": 0.554229855537, "median": 0.38598972559, "max": 8.98263931274, "dmean": 0.324573129416, "dmean2": 0.501986384392, "mean": 0.385854661465, "dvar2": 0.250036656857, "min": -4.99664306641}, "spectral_contrast_valleys": {"dvar": [0.126829221845, 0.0995913073421, 0.102035664022, 0.0998274087906, 0.0881323888898, 0.132473245263], "var": [1.02676832676, 0.860208332539, 0.964667737484, 0.950569033623, 0.949014425278, 1.03926825523], "median": [-7.28154182434, -6.67470979691, -7.11691474915, -7.6233291626, -7.59858131409, -10.1932640076], "max": [-5.27409934998, -4.54497337341, -5.13647413254, -5.63236665726, -5.71444368362, -6.99107980728], "dmean": [0.404162496328, 0.349668264389, 0.337392479181, 0.3220692873, 0.27958330512, 0.329028099775], "dmean2": [0.668811678886, 0.56800866127, 0.523099064827, 0.488429307938, 0.406380742788, 0.438843071461], "mean": [-7.43849277496, -6.79924583435, -7.25205278397, -7.79522705078, -7.77893543243, -10.1988725662], "dvar2": [0.292087495327, 0.227487295866, 0.212797477841, 0.204343870282, 0.166003286839, 0.22709864378], "min": [-26.982831955, -27.2811317444, -27.4470157623, -26.9651908875, -27.2690982819, -27.2668018341]}, "spectral_strongpeak": {"dvar": 0.857183218002, "var": 1.85917282104, "median": 0.516309261322, "max": 12.6528806686, "dmean": 0.510283529758, "dmean2": 0.865847587585, "mean": 1.03485238552, "dvar2": 2.13488650322, "min": 0}, "erbbands_crest": {"dvar": 4.46387004852, "var": 13.4300165176, "median": 7.88408327103, "max": 31.7871379852, "dmean": 2.1750767231, "dmean2": 3.52756428719, "mean": 8.7242565155, "dvar2": 10.9900989532, "min": 2.75382852554}, "barkbands_crest": {"dvar": 6.47787046432, "var": 29.6394252777, "median": 9.65329647064, "max": 26.5369548798, "dmean": 2.564650774, "dmean2": 4.15190267563, "mean": 11.2225875854, "dvar2": 16.0242347717, "min": 2.71056485176}, "spectral_energyband_middle_low": {"dvar": 7.32986736693e-05, "var": 0.00017030883464, "median": 0.00664093811065, "max": 0.131148815155, "dmean": 0.0044950726442, "dmean2": 0.00673139560968, "mean": 0.0112972985953, "dvar2": 0.00016601808602, "min": 4.0810889681e-22}, "spectral_contrast_coeffs": {"dvar": [0.00189767288975, 0.00129544804804, 0.000936406198889, 0.000618420424871, 0.000348585133906, 0.000242626483669], "var": [0.00887548364699, 0.00531138572842, 0.00446202326566, 0.00377046666108, 0.00192270171829, 0.00116155366413], "median": [-0.681248307228, -0.730750262737, -0.729008853436, -0.760218977928, -0.789118647575, -0.790275096893], "max": [-0.309182852507, -0.439872294664, -0.480191886425, -0.521907925606, -0.563595473766, -0.62759655714], "dmean": [0.0489421673119, 0.044203016907, 0.0376900061965, 0.0305963866413, 0.0223304741085, 0.0174821391702], "dmean2": [0.0799600630999, 0.0732447728515, 0.0604082457721, 0.0491451434791, 0.036179009825, 0.0282503645867], "mean": [-0.666417717934, -0.723319470882, -0.723989546299, -0.753624379635, -0.784449338913, -0.788282394409], "dvar2": [0.00438242964447, 0.00344871985726, 0.00234990101308, 0.00150316650979, 0.000849091389682, 0.000592162366956], "min": [-0.96869122982, -0.973270773888, -0.952180922031, -0.966570854187, -0.956343710423, -0.958890318871]}, "hfc": {"dvar": 159.633926392, "var": 570.207214355, "median": 15.4651069641, "max": 360.294128418, "dmean": 6.53866100311, "dmean2": 9.24624919891, "mean": 21.1303882599, "dvar2": 301.591796875, "min": 1.27540768423e-16}, "spectral_energyband_high": {"dvar": 1.93950813809e-06, "var": 5.60955595574e-06, "median": 0.00022937983158, "max": 0.0440540611744, "dmean": 0.000361957238056, "dmean2": 0.000505558971781, "mean": 0.000665618805215, "dvar2": 3.42536600328e-06, "min": 8.09058086996e-21}, "erbbands_spread": {"dvar": 52.944694519, "var": 215.142333984, "median": 27.6890010834, "max": 129.353668213, "dmean": 6.05868339539, "dmean2": 9.3147726059, "mean": 30.4599266052, "dvar2": 124.840553284, "min": 1.6806088686}, "dissonance": {"dvar": 0.000343259598594, "var": 0.000767108984292, "median": 0.465809226036, "max": 0.499971419573, "dmean": 0.0195786394179, "dmean2": 0.0329291075468, "mean": 0.460017442703, "dvar2": 0.000949762936216, "min": 0.2516464293}, "spectral_kurtosis": {"dvar": 2.26783490181, "var": 6.90460538864, "median": 5.51616001129, "max": 34.8191490173, "dmean": 1.44452023506, "dmean2": 2.31817364693, "mean": 5.69141483307, "dvar2": 5.84566450119, "min": -1.22175478935}, "spectral_skewness": {"dvar": 0.0406720004976, "var": 0.165213093162, "median": 1.87977802753, "max": 4.77138805389, "dmean": 0.200801983476, "dmean2": 0.316298782825, "mean": 1.86282491684, "dvar2": 0.0915486142039, "min": -0.384656965733}, "pitch_salience": {"dvar": 0.00503845699131, "var": 0.02328283526, "median": 0.527400195599, "max": 0.876450955868, "dmean": 0.0748071074486, "dmean2": 0.118684060872, "mean": 0.507220566273, "dvar2": 0.0117251267657, "min": 0.0477382913232}, "spectral_complexity": {"dvar": 12.4996385574, "var": 73.1938247681, "median": 18, "max": 51, "dmean": 3.19231700897, "dmean2": 4.77128124237, "mean": 18.1292762756, "dvar2": 24.9861469269, "min": 0}, "spectral_spread": {"dvar": 584774647808, "var": 2206583750660.0, "median": 4441522, "max": 41499352, "dmean": 576634.4375, "dmean2": 869900.1875, "mean": 4714427.5, "dvar2": 1110434906110.0, "min": 1812378.25}, "dynamic_complexity": 3.91972136497, "melbands_crest": {"dvar": 8.3204832077, "var": 40.5848655701, "median": 13.5761423111, "max": 33.0292053223, "dmean": 3.00952196121, "dmean2": 4.77811861038, "mean": 14.7795696259, "dvar2": 19.4784202576, "min": 2.57771515846}, "zerocrossingrate": {"dvar": 0.000189851911273, "var": 0.00141134078149, "median": 0.0478515625, "max": 0.48681640625, "dmean": 0.00959733501077, "dmean2": 0.0108220921829, "mean": 0.0538041852415, "dvar2": 0.000183070485946, "min": 0.00244140625}, "spectral_energyband_low": {"dvar": 9.88037500065e-05, "var": 0.000304484332446, "median": 0.0058598513715, "max": 0.11966188997, "dmean": 0.00608545728028, "dmean2": 0.00941532570869, "mean": 0.0126997977495, "dvar2": 0.000234306018683, "min": 4.90164592584e-23}, "melbands_kurtosis": {"dvar": 252.541656494, "var": 920.528381348, "median": 4.66898679733, "max": 666.025390625, "dmean": 6.46702766418, "dmean2": 10.3678808212, "mean": 13.118437767, "dvar2": 585.963684082, "min": -1.93026280403}, "spectral_energyband_middle_high": {"dvar": 1.38496152431e-05, "var": 6.27018162049e-05, "median": 0.00409139040858, "max": 0.0732313245535, "dmean": 0.00225550844334, "dmean2": 0.00343542150222, "mean": 0.00696520414203, "dvar2": 3.16574441968e-05, "min": 1.31800820171e-21}, "barkbands_spread": {"dvar": 40.9493637085, "var": 161.463287354, "median": 17.6286487579, "max": 139.942901611, "dmean": 4.69935274124, "dmean2": 7.21404838562, "mean": 19.7317066193, "dvar2": 80.0354766846, "min": 0.209376007318}, "mfcc": {"mean": [-649.146911621, 130.731704712, -5.68457555771, 9.29855155945, 2.22782969475, 1.11858105659, 8.29499149323, 4.52549266815, 8.66644573212, 3.015655756, 2.5965025425, 0.509537577629, 3.97813844681], "cov": [[7386.78222656, -101.75276947, -536.420776367, 13.8005180359, -89.0851974487, 17.7255325317, 70.8847808838, -42.2635345459, -236.338928223, -71.2809829712, -6.39870643616, -34.9680290222, -81.1342697144], [-101.75276947, 753.582458496, -91.7193603516, 106.426239014, 12.3286457062, -5.2063035965, 96.2380905151, -52.1887550354, 52.9906425476, 6.18003416061, -2.45482468605, -17.3242111206, 14.7166509628], [-536.420776367, -91.7193603516, 721.556152344, 90.1981430054, 34.6525726318, 63.660697937, 20.2389354706, 15.5995645523, -7.18491268158, -21.7714481354, -19.0298576355, 3.60478901863, 22.7069206238], [13.8005180359, 106.426239014, 90.1981430054, 261.24798584, 94.6031036377, -2.31223797798, 29.8678131104, 46.9137039185, 11.9780387878, -22.2327327728, 14.5596609116, 17.3227062225, 15.1308784485], [-89.0851974487, 12.3286457062, 34.6525726318, 94.6031036377, 176.603668213, 46.9475784302, -1.54980921745, 41.0892906189, 36.2363739014, 16.6204319, 18.7981452942, 14.2078075409, 13.6256551743], [17.7255325317, -5.2063035965, 63.660697937, -2.31223797798, 46.9475784302, 213.752182007, 60.1264801025, 36.4031639099, 25.7207756042, 44.2300682068, 30.7998790741, 13.7956104279, 11.2213668823], [70.8847808838, 96.2380905151, 20.2389354706, 29.8678131104, -1.54980921745, 60.1264801025, 161.004608154, 21.4621887207, 1.98780155182, 21.1615314484, 21.5026168823, 21.89220047, 20.605922699], [-42.2635345459, -52.1887550354, 15.5995645523, 46.9137039185, 41.0892906189, 36.4031639099, 21.4621887207, 145.014297485, 53.0176887512, 8.81724643707, 43.000038147, 49.0846633911, 30.518907547], [-236.338928223, 52.9906425476, -7.18491268158, 11.9780387878, 36.2363739014, 25.7207756042, 1.98780155182, 53.0176887512, 137.084564209, 61.3824996948, 24.7922000885, 24.2408657074, 33.359046936], [-71.2809829712, 6.18003416061, -21.7714481354, -22.2327327728, 16.6204319, 44.2300682068, 21.1615314484, 8.81724643707, 61.3824996948, 118.50201416, 50.0330696106, 8.43813610077, 15.9067811966], [-6.39870643616, -2.45482468605, -19.0298576355, 14.5596609116, 18.7981452942, 30.7998790741, 21.5026168823, 43.000038147, 24.7922000885, 50.0330696106, 102.70993042, 49.9145812988, 14.6389245987], [-34.9680290222, -17.3242111206, 3.60478901863, 17.3227062225, 14.2078075409, 13.7956104279, 21.89220047, 49.0846633911, 24.2408657074, 8.43813610077, 49.9145812988, 88.4431838989, 40.8936462402], [-81.1342697144, 14.7166509628, 22.7069206238, 15.1308784485, 13.6256551743, 11.2213668823, 20.605922699, 30.518907547, 33.359046936, 15.9067811966, 14.6389245987, 40.8936462402, 69.6358108521]], "icov": [[0.000157143149409, 3.80317469535e-05, 0.000142377539305, -0.000107058476715, 7.34957429813e-05, -8.24176458991e-05, -6.45828258712e-05, -3.24766369886e-05, 0.000277657120023, -2.8671882319e-05, 2.58992731688e-05, 1.05343588075e-05, 4.6040287998e-05], [3.80317469535e-05, 0.00193558621686, 0.00039