{"metadata": {"audio_properties": {"downmix": "mix", "bit_rate": 0, "lossless": true, "md5_encoded": "a316293cfed8b51f0678f4e7eb8c3f8a", "analysis_sample_rate": 44100, "sample_rate": 44100, "replay_gain": -3.90071868896, "equal_loudness": 0, "codec": "flac", "length": 479.933319092}, "tags": {"releasestatus": ["official"], "musicbrainz_albumid": ["09f9413b-b85f-4db5-82bb-c05012fd8d27"], "musicbrainz_recordingid": ["28634de5-8396-49ef-b935-14a4ec0825fc"], "tracknumber": ["3"], "artist": ["Egberto Gismonti"], "acoustid_id": ["0e00c1d4-6d35-4058-914b-4dd29408ba2f"], "totaltracks": ["5"], "engineer": ["Martin Wieland"], "originaldate": ["2000-08-01"], "musicbrainz_releasegroupid": ["a6c73d96-86e9-3a98-b9b7-83fc0b4838f7"], "asin": ["B00000DTEU"], "releasetype": ["album"], "media": ["CD"], "musicbrainz_albumartistid": ["2c9bfd68-38d2-4e9f-9baa-7f99ce7f2f79"], "file_name": "03 Cavaquinho.flac", "musicbrainz_artistid": ["2c9bfd68-38d2-4e9f-9baa-7f99ce7f2f79"], "albumartistsort": ["Gismonti, Egberto"], "musicbrainz_releasetrackid": ["ef4301de-70dc-394c-b251-126add1eea93"], "script": ["Latn"], "performer": ["Egberto Gismonti (guitar)"], "label": ["ECM"], "releasecountry": ["US"], "producer": ["Manfred Eicher"], "album": ["Sanfona (Disc2)"], "date": ["2000-08-01"], "title": ["Cavaquinho"], "tracktotal": ["5"], "discnumber": ["2"], "artistsort": ["Gismonti, Egberto"], "disctotal": ["2"], "genre": ["Jazz"], "totaldiscs": ["2"], "albumartist": ["Egberto Gismonti"]}, "version": {"essentia_build_sha": "2d9f1f26377add8aeb1075a9c2973f962c4f09fd", "essentia_git_sha": "v2.1_beta2-1-ge3940c0", "extractor": "music 1.0", "essentia": "2.1-beta2"}}, "tonal": {"chords_scale": "major", "hpcp": {"dmean": [0.033290553838, 0.0240922011435, 0.0175148583949, 0.0195471290499, 0.0149569362402, 0.00913533102721, 0.0135852061212, 0.0368208177388, 0.0775107443333, 0.0847051367164, 0.0999924987555, 0.0919368416071, 0.111569784582, 0.129400253296, 0.132348850369, 0.108101278543, 0.120303414762, 0.112934231758, 0.0802205204964, 0.0848717391491, 0.0613923966885, 0.0470897294581, 0.0707866102457, 0.128138303757, 0.113536387682, 0.0722197592258, 0.0116007793695, 0.00912073161453, 0.0145031344146, 0.0410092771053, 0.0519692823291, 0.0346891097724, 0.0152668012306, 0.0167646668851, 0.0141351381317, 0.0219803191721], "dvar2": [0.025413794443, 0.012338670902, 0.0120549602434, 0.0152258723974, 0.00935413502157, 0.00580838369206, 0.0101736951619, 0.0207624062896, 0.0688213333488, 0.0771394148469, 0.102096013725, 0.0882707536221, 0.109673351049, 0.111592441797, 0.113225981593, 0.0950802862644, 0.105872407556, 0.102882891893, 0.0760037153959, 0.0754657611251, 0.0553916953504, 0.0440060645342, 0.0484959892929, 0.0899743288755, 0.0908736586571, 0.036710254848, 0.00654226355255, 0.00824686605483, 0.00930720567703, 0.0265050251037, 0.0405543185771, 0.0187311824411, 0.00945546943694, 0.0128736589104, 0.00697972718626, 0.0128855472431], "mean": [0.0635396763682, 0.0387277416885, 0.0318607725203, 0.0423989295959, 0.0196330156177, 0.0128614054993, 0.0198348779231, 0.0388709306717, 0.144414693117, 0.180662855506, 0.099570684135, 0.101207710803, 0.142975971103, 0.123181335628, 0.13941411674, 0.194069236517, 0.14787055552, 0.148621752858, 0.200316742063, 0.117293216288, 0.0701542720199, 0.110201299191, 0.0960378646851, 0.254277646542, 0.340162545443, 0.127087756991, 0.0122206108645, 0.0143642658368, 0.0151011850685, 0.0737376883626, 0.120652839541, 0.0613733902574, 0.0233339704573, 0.0338294133544, 0.0216536484659, 0.0359819121659], "var": [0.0346618555486, 0.0117923198268, 0.0170047283173, 0.0262633580714, 0.00537902349606, 0.00459109153599, 0.00988124217838, 0.0092447604984, 0.0823103860021, 0.104835189879, 0.0385602638125, 0.0494473427534, 0.0794556885958, 0.0503691732883, 0.0526346080005, 0.108206391335, 0.0661472082138, 0.0636793151498, 0.127861648798, 0.0480291992426, 0.0266251191497, 0.0733561590314, 0.0384966656566, 0.0980600491166, 0.169745862484, 0.0312624201179, 0.0041556591168, 0.00917236693203, 0.00430689239874, 0.0286598615348, 0.0717369988561, 0.0218491274863, 0.00924758147448, 0.0215138215572, 0.00765632232651, 0.0125472033396], "dmean2": [0.0536408498883, 0.0394267328084, 0.0285933166742, 0.0318162031472, 0.0252163726836, 0.0151680083945, 0.0226015523076, 0.0646883621812, 0.128503456712, 0.145440921187, 0.178948879242, 0.159798920155, 0.199009791017, 0.229980021715, 0.236089959741, 0.190592780709, 0.211472719908, 0.203445091844, 0.137628644705, 0.14915946126, 0.11048129946, 0.0816910490394, 0.122532501817, 0.217609629035, 0.187766879797, 0.122536838055, 0.0211082361639, 0.0160650033504, 0.0261667706072, 0.0690604224801, 0.0853817909956, 0.0569033361971, 0.0261464081705, 0.0275534838438, 0.023345625028, 0.0361039824784], "dvar": [0.0120866643265, 0.00501835672185, 0.00534653710201, 0.00745090283453, 0.00349359051324, 0.00231784116477, 0.00434294389561, 0.00762001052499, 0.0295338965952, 0.0328981541097, 0.0357055030763, 0.0336692966521, 0.0426002107561, 0.0415130332112, 0.0412439852953, 0.0393639355898, 0.0402456000447, 0.0360267907381, 0.0340354554355, 0.0272636897862, 0.0197642315179, 0.0188083723187, 0.018993075937, 0.0360248722136, 0.0460816510022, 0.0142653817311, 0.00236284430139, 0.00342233269475, 0.00339950015768, 0.0107910102233, 0.0200928803533, 0.0082593690604, 0.00381255242974, 0.00635410891846, 0.00316426204517, 0.0056600663811], "min": [0, 0, 0, 0, 0, 0, 0, 0, 0, 0, 0, 0, 0, 0, 0, 0, 0, 0, 0, 0, 0, 0, 0, 0, 0, 0, 0, 0, 0, 0, 0, 0, 0, 0, 0, 0], "median": [0.00151603040285, 0.00144816213287, 0.000744897522964, 0.000390910194255, 0.000339092861395, 0.000263635243755, 0.000198750814889, 0.00114998873323, 0.00565813854337, 0.0110299261287, 0.010546120815, 0.00415935833007, 0.00957943126559, 0.0187313146889, 0.0269707161933, 0.0199771504849, 0.0158394090831, 0.0125837456435, 0.00366151169874, 0.00597577914596, 0.00653159897774, 0.00332127930596, 0.0133885052055, 0.0696544349194, 0.0774927735329, 0.0253277346492, 0.000310257019009, 0.000170265760971, 0.000808294396847, 0.00467040482908, 0.00622760597616, 0.00329660065472, 0.000474316359032, 0.000202320690732, 0.000281859596726, 0.00143512256909], "max": [1, 1, 1, 1, 1, 1, 1, 1, 1, 1, 1, 1, 1, 1, 1, 1, 1, 1, 1, 1, 1, 1, 1, 1, 1, 1, 1, 1, 1, 1, 1, 1, 1, 1, 1, 1]}, "tuning_equal_tempered_deviation": 0.0120453760028, "chords_key": "A#", "chords_strength": {"dmean": 0.0083895418793, "dvar2": 0.00041433997103, "mean": 0.428140044212, "var": 0.0181539487094, "dmean2": 0.00640467833728, "dvar": 0.000231995552895, "min": -1, "median": 0.430288136005, "max": 0.681753993034}, "tuning_diatonic_strength": 0.422854870558, "thpcp": [1, 0.373608916998, 0.0359257981181, 0.0422276519239, 0.0443940274417, 0.216771915555, 0.354691714048, 0.180423721671, 0.0685965269804, 0.0994507297873, 0.0636567696929, 0.105778582394, 0.186792105436, 0.113850690424, 0.09366337955, 0.124643146992, 0.0577165707946, 0.0378095880151, 0.0583099983633, 0.114271633327, 0.424546122551, 0.53110742569, 0.292715013027, 0.297527492046, 0.42031660676, 0.362124919891, 0.409845590591, 0.570519149303, 0.434705585241, 0.43691393733, 0.588885366917, 0.344815194607, 0.206237494946, 0.32396659255, 0.282329320908, 0.747518062592], "chords_histogram": [7.72058820724, 4.34404039383, 8.63970565796, 0.193498447537, 2.83475232124, 0.0483746118844, 0.367647051811, 0.00967492256314, 2.38970589638, 2.49612998962, 0.212848290801, 1.24806499481, 1.47058820724, 0.0483746118844, 0.52244579792, 5.5243806839, 4.87616109848, 6.14357566833, 6.05650138855, 12.0259284973, 0.822368443012, 1.62538695335, 16.0313472748, 14.3479099274], "tuning_nontempered_energy_ratio": 0.650367379189, "tuning_frequency": 439.745910645, "key_strength": 0.494027882814, "chords_changes_rate": 0.0555340573192, "key_scale": "major", "hpcp_entropy": {"dmean": 0.500240504742, "dvar2": 0.577130913734, "mean": 1.23903167248, "var": 0.546909749508, "dmean2": 0.850406587124, "dvar": 0.242962911725, "min": 0, "median": 1.25713300705, "max": 4.14834260941}, "key_key": "F", "chords_number_rate": 0.00154798757285}, "lowlevel": {"melbands_skewness": {"dmean": 0.665200591087, "dvar2": 1.41818678379, "mean": 2.20518040657, "var": 3.22701072693, "dmean2": 1.06428432465, "dvar": 0.577862858772, "min": -2.84114980698, "median": 1.95925402641, "max": 17.3760299683}, "melbands_kurtosis": {"dmean": 8.50482082367, "dvar2": 635.205688477, "mean": 19.0390033722, "var": 1077.10083008, "dmean2": 13.9008493423, "dvar": 242.780426025, "min": -1.81144893169, "median": 10.9638681412, "max": 589.527587891}, "barkbands_kurtosis": {"dmean": 9.86708641052, "dvar2": 1214.45117188, "mean": 20.2441654205, "var": 902.77130127, "dmean2": 16.7798538208, "dvar": 404.692108154, "min": -1.71434819698, "median": 11.9920578003, "max": 607.858520508}, "hfc": {"dmean": 2.37144970894, "dvar2": 108.011550903, "mean": 5.10169029236, "var": 85.3953475952, "dmean2": 3.6597263813, "dvar": 45.5720443726, "min": 1.05330922654e-16, "median": 1.95661747456, "max": 160.322982788}, "silence_rate_20dB": {"dmean": 0.000193517174921, "dvar2": 0.00058037735289, "mean": 0.999903261662, "var": 9.67412706814e-05, "dmean2": 0.000387053063605, "dvar": 0.000193466607016, "min": 0, "median": 1, "max": 1}, "erbbands_flatness_db": {"dmean": 0.0283882990479, "dvar2": 0.00214420608245, "mean": 0.314343303442, "var": 0.00620582373813, "dmean2": 0.0437895767391, "dvar": 0.000981915276498, "min": 0.0232207719237, "median": 0.317869573832, "max": 0.566548228264}, "spectral_flux": {"dmean": 0.0196350254118, "dvar2": 0.00274824420922, "mean": 0.0369500555098, "var": 0.0016933507286, "dmean2": 0.0319663956761, "dvar": 0.00109038909432, "min": 6.3712639331e-11, "median": 0.0245518554002, "max": 0.578389286995}, "spectral_energyband_low": {"dmean": 0.00094096059911, "dvar2": 1.28258543555e-05, "mean": 0.00270289718173, "var": 0.000116723451356, "dmean2": 0.00127704499755, "dvar": 9.10240487428e-06, "min": 1.5911297637e-23, "median": 0.000253277306911, "max": 0.218066170812}, "spectral_rolloff": {"dmean": 97.3734436035, "dvar2": 469142.8125, "mean": 584.497192383, "var": 2390590.75, "dmean2": 174.261749268, "dvar": 192256.546875, "min": 21.533203125, "median": 366.064453125, "max": 19616.7480469}, "spectral_entropy": {"dmean": 0.300932884216, "dvar2": 0.281939506531, "mean": 5.38390493393, "var": 0.754341959953, "dmean2": 0.484075367451, "dvar": 0.121839351952, "min": 2.80230569839, "median": 5.29670858383, "max": 9.83102798462}, "spectral_energy": {"dmean": 0.00645898468792, "dvar2": 0.000748001271859, "mean": 0.0152025902644, "var": 0.000809555407614, "dmean2": 0.00991542171687, "dvar": 0.000324809836457, "min": 9.54093706091e-21, "median": 0.00575901195407, "max": 0.53376609087}, "spectral_centroid": {"dmean": 65.4248886108, "dvar2": 77564.2734375, "mean": 481.939483643, "var": 808154.5625, "dmean2": 101.304618835, "dvar": 35799.7695313, "min": 140.290893555, "median": 340.279144287, "max": 11805.5419922}, "barkbands_flatness_db": {"dmean": 0.0316398888826, "dvar2": 0.00246064411476, "mean": 0.326210081577, "var": 0.00818731635809, "dmean2": 0.0491965673864, "dvar": 0.00115023099352, "min": 0.0575869642198, "median": 0.329643160105, "max": 0.648956120014}, "spectral_rms": {"dmean": 0.000634331488982, "dvar2": 2.34601179727e-06, "mean": 0.0029961776454, "var": 5.85471616432e-06, "dmean2": 0.000954480317887, "dvar": 1.11371025469e-06, "min": 3.05093949236e-12, "median": 0.00237034773454, "max": 0.0228198897094}, "melbands": {"dmean": [1.28829901769e-06, 8.02894428489e-05, 0.000315988465445, 0.000168085156474, 0.00118372228462, 0.000456619396573, 3.07162918034e-05, 1.83212578122e-05, 2.55213362834e-05, 1.74558354047e-05, 1.57244739967e-05, 2.57329134001e-06, 3.98277506974e-06, 3.73956004296e-06, 3.02572516375e-06, 3.54652183887e-06, 1.96762630367e-06, 1.2844725461e-06, 5.12286021603e-07, 4.79964342048e-07, 4.78354422739e-07, 4.75337714079e-07, 2.87718734171e-07, 8.94048582722e-07, 9.5263089861e-07, 2.35890709632e-07, 2.62623217395e-07, 6.91539980835e-07, 4.25971848017e-07, 2.50162202065e-07, 1.83628543482e-07, 1.41468632364e-07, 9.15473918894e-08, 1.10545215648e-07, 6.1544326968e-08, 6.92208956821e-08, 1.1381565912e-07, 9.03069619085e-08, 6.58907595152e-08, 3.91717200898e-08], "dvar2": [9.63322130398e-12, 9.25804215512e-08, 1.41664554576e-06, 5.08186417392e-07, 3.99354394176e-05, 3.87355112252e-06, 1.51065151499e-08, 9.56253742856e-09, 1.8830867532e-08, 6.45699804736e-09, 1.6607291542e-08, 3.17734810684e-10, 1.59211022144e-09, 1.23150101228e-09, 4.4704695501e-10, 7.45042250117e-10, 1.22276255787e-09, 5.03780350769e-10, 4.40883718422e-11, 5.44353069565e-11, 2.09714572097e-11, 1.76820381254e-11, 1.42641280731e-11, 6.90233037393e-10, 2.24398208348e-10, 5.03026613419e-12, 7.05238385051e-12, 2.09920747452e-10, 3.61757880596e-11, 7.46858269673e-11, 5.26113284882e-11, 4.99133763834e-12, 1.80874976455e-12, 3.24112416593e-12, 8.45537019307e-13, 6.99479970473e-13, 7.00441484328e-12, 4.91786472656e-12, 2.20296177134e-12, 6.36959452197e-13], "mean": [2.19194339479e-06, 0.00024185651273, 0.000911491573788, 0.000337925070198, 0.00178979488555, 0.00108576205093, 8.95641933312e-05, 4.60784722236e-05, 6.50298388791e-05, 4.94865780638e-05, 3.16779114655e-05, 6.3914490056e-06, 7.64142623666e-06, 6.70505096423e-06, 6.26249220659e-06, 6.91300465405e-06, 3.19221317113e-06, 1.97408053282e-06, 8.68576250923e-07, 7.39296183383e-07, 7.13769907179e-07, 7.42878285109e-07, 3.77584740363e-07, 8.9368592171e-07, 9.74991053226e-07, 2.61649063305e-07, 2.94231966791e-07, 6.7480357302e-07, 4.39553758724e-07, 2.33417679851e-07, 1.6357371635e-07, 1.41013387633e-07, 8.54198844991e-08, 9.44360607491e-08, 5.07552684326e-08, 6.58162448985e-08, 9.47231981741e-08, 7.56789333423e-08, 4.95195386918e-08, 2.70619153753e-08], "var": [3.99598062972e-12, 8.7304937324e-07, 1.08083459054e-05, 4.89752380872e-07, 2.50610846706e-05, 5.45266220797e-06, 2.45314950575e-08, 1.28469226368e-08, 2.55117864612e-08, 1.29692194761e-08, 2.57992827102e-08, 4.49656284429e-10, 1.22383003731e-09, 7.88511034244e-10, 4.23290930085e-10, 7.06611213985e-10, 7.32777227785e-10, 2.23541227196e-10, 4.50472055491e-11, 5.69962931019e-11, 1.90783500109e-11, 1.78942832774e-11, 5.80354991495e-12, 1.5374224116e-10, 8.87355813828e-11, 1.92390222677e-12, 2.9989337836e-12, 7.75272346321e-11, 1.43328474089e-11, 1.83915799257e-11, 1.45270228138e-11, 2.13070013022e-12, 8.29312692737e-13, 1.50011762994e-12, 2.66519174352e-13, 3.65773925905e-13, 1.84891945504e-12, 2.07804606855e-12, 6.99695780915e-13, 1.57878809852e-13], "dmean2": [2.31050603361e-06, 0.000109449385491, 0.000436453905422, 0.000261264562141, 0.00189653830603, 0.000720956071746, 4.73085965496e-05, 2.80196272797e-05, 3.74166411348e-05, 2.34246326727e-05, 2.1358649974e-05, 3.46812726093e-06, 5.45876036995e-06, 5.35840263183e-06, 4.31514399679e-06, 5.16093950864e-06, 2.85900409835e-06, 2.01453758564e-06, 7.96390168034e-07, 7.18322553439e-07, 6.98468568316e-07, 6.79509128076e-07, 4.37855987911e-07, 1.45624187553e-06, 1.49715265252e-06, 3.78173524496e-07, 4.08427638376e-07, 1.0999733604e-06, 6.61910064537e-07, 4.13880030692e-07, 2.99163815498e-07, 2.18819963038e-07, 1.44539342273e-07, 1.80110717451e-07, 1.01855832213e-07, 1.06489878249e-07, 1.83194913461e-07, 1.44230853039e-07, 1.10954317734e-07, 6.98773803265e-08], "dvar": [3.46938189982e-12, 6.77001494864e-08, 9.35645232403e-07, 2.30264106449e-07, 1.68755086634e-05, 1.57020951974e-06, 6.54511422837e-09, 4.5419570327e-09, 9.23712661915e-09, 3.3793383647e-09, 8.6349869477e-09, 1.69571787167e-10, 7.51435691448e-10, 5.59823964963e-10, 2.09869593926e-10, 3.42910005946e-10, 5.692077365e-10, 2.12977441238e-10, 2.1206899084e-11, 2.70459852431e-11, 9.98256078494e-12, 8.67648834724e-12, 5.54136727823e-12, 2.45224479611e-10, 9.4124166794e-11, 1.94560947214e-12, 2.86281979026e-12, 8.58867074682e-11, 1.44941350588e-11, 2.71221916454e-11, 1.99030947973e-11, 2.07518724427e-12, 7.87052606248e-13, 1.4524939411e-12, 3.29813623244e-13, 3.11461793856e-13, 2.60376832942e-12, 2.12993511717e-12, 8.74573200318e-13, 2.34798427446e-13], "min": [1.05905690792e-24, 9.36047854816e-25, 1.18725094654e-24, 1.98471290082e-24, 1.43923777157e-24, 1.01447226449e-24, 1.41737636512e-24, 1.52784351591e-24, 2.15903558087e-24, 1.94535051658e-24, 1.06735937312e-24, 2.68655081249e-24, 2.13114698128e-24, 2.09774187739e-24, 1.8282013195e-24, 2.3936313756e-24, 2.18339915549e-24, 2.67407951323e-24, 2.4553074794e-24, 2.11908805906e-24, 3.61228007085e-24, 4.29348512833e-24, 2.48047095898e-24, 4.48733349629e-24, 3.94219945078e-24, 4.28627020649e-24, 4.95891375657e-24, 5.19979125069e-24, 4.52468684902e-24, 5.10377110131e-24, 4.50257468341e-24, 4.74363755984e-24, 5.15601223146e-24, 4.74019181541e-24, 4.99580956997e-24, 5.46504060248e-24, 5.78798724087e-24, 5.82197531297e-24, 6.0572834491e-24, 6.28073382253e-24], "median": [1.81117263764e-06, 1.99053065444e-05, 0.000117884301289, 9.84994476312e-05, 0.0003294289927, 0.000276993465377, 2.93107914331e-05, 1.05583521872e-05, 1.19520163935e-05, 8.56626866153e-06, 2.39745486397e-06, 6.98199130511e-07, 7.16947511137e-07, 5.66648793665e-07, 4.82844995986e-07, 4.73580030302e-07, 9.97254190338e-08, 7.2268584006e-08, 3.69014969692e-08, 2.53419916163e-08, 2.07141646058e-08, 2.12534914112e-08, 1.20264003201e-08, 1.24951133884e-08, 9.74175051738e-09, 5.75002667702e-09, 5.11956743665e-09, 3.61652818803e-09, 2.54916798781e-09, 1.71061020904e-09, 1.10606401815e-09, 7.8533946013e-10, 4.86294227109e-10, 3.8706862715e-10, 3.00534375164e-10, 2.85447332438e-10, 2.83081669217e-10, 2.35560959627e-10, 2.0939448786e-10, 2.03419059375e-10], "max": [7.29120511096e-05, 0.0190929565579, 0.0675503388047, 0.012327324599, 0.13145942986, 0.0492149963975, 0.0023940296378, 0.00359201175161, 0.00396813033149, 0.00183808547445, 0.00785086490214, 0.00117225118447, 0.0018606496742, 0.00179882871453, 0.00102522945963, 0.00105040939525, 0.00192750943825, 0.00106261472683, 0.000487751269247, 0.0004912619479, 0.000187072873814, 0.000194372609258, 0.000179584982106, 0.00141655490734, 0.000443128286861, 5.78882099944e-05, 7.68167810747e-05, 0.000710151798557, 0.000191495215404, 0.000461096409708, 0.000466882949695, 0.000117163464893, 6.15741519141e-05, 7.92840364738e-05, 1.91772396647e-05, 2.24320810958e-05, 0.000106705752842, 0.000122759331134, 5.42918751307e-05, 2.7485715691e-05]}, "barkbands_crest": {"dmean": 2.41220450401, "dvar2": 12.4135818481, "mean": 15.308511734, "var": 24.0578327179, "dmean2": 3.90851831436, "dvar": 5.15218687057, "min": 3.89938592911, "median": 14.778676033, "max": 26.7913703918}, "mfcc": {"icov": [[0.000387879466871, -0.000128666710225, 0.000598115846515, -0.000294846482575, 0.000792821985669, -0.000464200449642, 0.000429940788308, -0.0002428744192, 0.000631561211776, -0.000185575467185, 0.000777042005211, -0.000132951579872, 0.000737033085898], [-0.000128666710225, 0.000974358408712, -0.000324674358126, 0.000756452092901, -0.000483590556541, 0.00114184699487, -0.000732300220989, 0.000714073132258, 5.95871551923e-06, 0.00104113097768, -0.000179364957148, 0.000693755166139, 0.000350473565049], [0.000598115846515, -0.000324674358126, 0.00171800202224, -0.000740832067095, 0.000911646406166, -0.00120907335076, 0.00134553387761, -0.000788852164987, 0.000610408606008, -0.000180879433174, 0.000978284748271, -9.16880817385e-05, 0.000727123115212], [-0.000294846482575, 0.000756452092901, -0.000740832067095, 0.00398603081703, -0.00141069479287, 0.00102577463258, -0.000886619265657, 0.000519624154549, -0.000339996506227, 0.000869302253705, -0.000588486029301, 0.000493138795719, -9.07899666345e-05], [0.000792821985669, -0.000483590556541, 0.000911646406166, -0.00141069479287, 0.00725435651839, -0.00288292649202, 0.00173553626519, -0.00135725422297, 0.000749143247958, -0.000282494904241, 0.00129537808243, 0.000152122811414, 0.00180199206807], [-0.000464200449642, 0.00114184699487, -0.00120907335076, 0.00102577463258, -0.00288292649202, 0.00961901433766, -0.0055015287362, 0.00319147668779, -0.00232177600265, 0.0011278357124, -0.00127454474568, 0.000864794827066, -0.00012005060853], [0.000429940788308, -0.000732300220989, 0.00134553387761, -0.000886619265657, 0.00173553626519, -0.0055015287362, 0.0130397714674, -0.00721709616482, 0.00396533496678, -0.00373702775687, 0.00237590027973, -0.0011133441003, 0.00109371659346], [-0.0002428744192, 0.000714073132258, -0.000788852164987, 0.000519624154549, -0.00135725422297, 0.00319147668779, -0.00721709616482, 0.0136926602572, -0.0078949984163, 0.00601625442505, -0.00395094649866, 0.00315895583481, -0.00163449230604], [0.000631561211776, 5.95871551923e-06, 0.000610408606008, -0.000339996506227, 0.000749143247958, -0.00232177600265, 0.00396533496678, -0.0078949984163, 0.0148944109678, -0.00734473532066, 0.00660584261641, -0.00456279050559, 0.00359858176671], [-0.000185575467185, 0.00104113097768, -0.000180879433174, 0.000869302253705, -0.000282494904241, 0.0011278357124, -0.00373702775687, 0.00601625442505, -0.00734473532066, 0.0134422695264, -0.0056638205424, 0.00511782197282, -0.00229956652038], [0.000777042005211, -0.000179364957148, 0.000978284748271, -0.000588486029301, 0.00129537808243, -0.00127454474568, 0.00237590027973, -0.00395094649866, 0.00660584261641, -0.0056638205424, 0.0120264207944, -0.00529877701774, 0.00378504139371], [-0.000132951579872, 0.000693755166139, -9.16880817385e-05, 0.000493138795719, 0.000152122811414, 0.000864794827066, -0.0011133441003, 0.00315895583481, -0.00456279050559, 0.00511782197282, -0.00529877701774, 0.011776195839, -0.00370289129205], [0.000737033085898, 0.000350473565049, 0.000727123115212, -9.07899666345e-05, 0.00180199206807, -0.00012005060853, 0.00109371659346, -0.00163449230604, 0.00359858176671, -0.00229956652038, 0.00378504139371, -0.00370289129205, 0.0102513814345]], "mean": [-879.67779541, 191.715011597, 40.5994644165, 14.0658531189, -9.29277324677, -14.3344240189, -12.4567537308, -18.2224121094, -20.1414394379, -13.9096078873, -8.88939857483, -6.19279527664, -10.4407949448], "cov": [[9379.87402344, 868.192565918, -2683.54492188, -134.289916992, -608.10357666, -159.162826538, -0.345566630363, -270.50289917, -353.118347168, -140.633026123, -264.963775635, -164.685882568, -322.213378906], [868.192565918, 1827.19189453, -42.4336395264, -229.905776978, -32.4691772461, -180.806900024, -41.1070785522, -81.1530456543, -154.307815552, -169.88243103, -78.2206344604, -117.902587891, -126.524200439], [-2683.54492188, -42.4336395264, 1548.45141602, 124.211807251, 153.614486694, 75.3525772095, -47.8423042297, 76.3809051514, 90.9142379761, -11.431760788, 13.4413843155, 5.10150957108, 39.2204055786], [-134.289916992, -229.905776978, 124.211807251, 322.903137207, 54.7605361938, 20.4249687195, 7.03322076797, 18.7316684723, 14.9311180115, -0.784629583359, 4.26815414429, 0.159941419959, -2.52147126198], [-608.10357666, -32.4691772461, 153.614486694, 54.7605361938, 220.667755127, 57.7106056213, 8.20377349854, 29.7895927429, 32.2773895264, 2.06799197197, 2.16457080841, -12.842300415, -16.123872757], [-159.162826538, -180.806900024, 75.3525772095, 20.4249687195, 57.7106056213, 178.414993286, 62.1501045227, 14.9800691605, 33.6773452759, 28.1789245605, 3.50510525703, -3.50834465027, -7.89886665344], [-0.345566630363, -41.1070785522, -47.8423042297, 7.03322076797, 8.20377349854, 62.1501045227, 139.041275024, 59.9413223267, 13.8148965836, 19.6399917603, 0.273854315281, -10.640130043, -5.49380016327], [-270.50289917, -81.1530456543, 76.3809051514, 18.7316684723, 29.7895927429, 14.9800691605, 59.9413223267, 151.835906982, 65.7758178711, -10.4268531799, 4.80378293991, -2.30074548721, 1.69036984444], [-353.118347168, -154.307815552, 90.9142379761, 14.9311180115, 32.2773895264, 33.6773452759, 13.8148965836, 65.7758178711, 151.103500366, 47.7381057739, -21.1648006439, 13.7748441696, -1.46269357204], [-140.633026123, -169.88243103, -11.431760788, -0.784629583359, 2.06799197197, 28.1789245605, 19.6399917603, -10.4268531799, 47.7381057739, 140.392059326, 33.7168235779, -13.1298847198, 10.4744939804], [-264.963775635, -78.2206344604, 13.4413843155, 4.26815414429, 2.16457080841, 3.50510525703, 0.273854315281, 4.80378293991, -21.1648006439, 33.7168235779, 146.923477173, 42.3894691467, -2.73745918274], [-164.685882568, -117.902587891, 5.10150957108, 0.159941419959, -12.842300415, -3.50834465027, -10.640130043, -2.30074548721, 13.7748441696, -13.1298847198, 42.3894691467, 133.836853027, 43.4065933228], [-322.213378906, -126.524200439, 39.2204055786, -2.52147126198, -16.123872757, -7.89886665344, -5.49380016327, 1.69036984444, -1.46269357204, 10.4744939804, -2.73745918274, 43.4065933228, 145.385131836]]}, "spectral_decrease": {"dmean": 1.6573555861e-09, "dvar2": 4.95751939677e-17, "mean": -3.90539023343e-09, "var": 5.38948403143e-17, "dmean2": 2.54465315486e-09, "dvar": 2.15335660614e-17, "min": -1.37571049663e-07, "median": -1.47448175891e-09, "max": 2.02161881071e-28}, "zerocrossingrate": {"dmean": 0.00331634399481, "dvar2": 8.67665585247e-05, "mean": 0.0236319061369, "var": 0.00172113161534, "dmean2": 0.00428605033085, "dvar": 5.54592115805e-05, "min": 0.005859375, "median": 0.01611328125, "max": 0.53369140625}, "spectral_contrast_coeffs": {"dmean": [0.0476542301476, 0.04249368608, 0.033037584275, 0.0303866881877, 0.0254473816603, 0.0208279043436], "dvar2": [0.00410118652508, 0.00411687837914, 0.00206936430186, 0.00192519032862, 0.00125549337827, 0.0009069913649], "mean": [-0.468193203211, -0.599088907242, -0.709745585918, -0.763790428638, -0.807673275471, -0.830994904041], "var": [0.0144603997469, 0.0112821441144, 0.00639484124258, 0.00577205838636, 0.00536643294618, 0.00333546823822], "dmean2": [0.0771248191595, 0.0694678872824, 0.0512366630137, 0.0482495501637, 0.0372313149273, 0.0305031519383], "dvar": [0.00173507339787, 0.00167963793501, 0.000958129297942, 0.000849253789056, 0.000666574575007, 0.000482427189127], "min": [-0.979503571987, -0.981756448746, -0.976994991302, -0.971983551979, -0.968866705894, -0.964459061623], "median": [-0.455636769533, -0.598276734352, -0.710514843464, -0.767903983593, -0.822032153606, -0.847648978233], "max": [-0.130079001188, -0.256413191557, -0.381547152996, -0.49679043889, -0.536472201347, -0.510200798512]}, "spectral_skewness": {"dmean": 0.9659897089, "dvar2": 2.19641590118, "mean": 5.38352251053, "var": 5.96086406708, "dmean2": 1.53610086441, "dvar": 1.0029129982, "min": -0.0809789821506, "median": 5.19012737274, "max": 16.0710353851}, "spectral_energyband_middle_high": {"dmean": 0.000169169798028, "dvar2": 9.54314714363e-07, "mean": 0.000370023219148, "var": 9.16468025025e-07, "dmean2": 0.000230470264796, "dvar": 4.46630849638e-07, "min": 1.16927714919e-21, "median": 6.80343655404e-05, "max": 0.0251000113785}, "gfcc": {"icov": [[0.000323368643876, -0.000540565408301, 0.000616151315626, -0.000511351914611, 0.000829592114314, -0.000344854634022, 0.000865313748363, -0.000253719452303, 0.000907861511223, -8.24423623271e-05, 0.000607661961112, 1.40922065839e-05, 0.000212702871067], [-0.000540565408301, 0.00317408377305, -0.0013293750817, 0.00273998570628, -0.00191280373838, 0.00233776378445, -0.00257692160085, 0.00248190574348, -0.0018268263666, 0.00290053803474, -0.00126599497162, 0.00187506317161, 0.000632379087619], [0.000616151315626, -0.0013293750817, 0.00180773972534, -0.00116965977941, 0.00150558946189, -0.00110865244642, 0.00205907481723, -0.000893071759492, 0.00123811943922, -0.000174805798451, 0.00156225811224, -0.000561180699151, 0.000556666927878], [-0.000511351914611, 0.00273998570628, -0.00116965977941, 0.00468314671889, -0.00187651487067, 0.00166091171559, -0.00253824377432, 0.0020978495013, -0.00130325718783, 0.00174790585879, 0.000241386296693, 0.00118606979959, 0.0012365214061], [0.000829592114314, -0.00191280373838, 0.00150558946189, -0.00187651487067, 0.00650237221271, -0.00228071562015, 0.00201194034889, -0.000971359550022, 0.00116665789392, 0.00127414474264, 0.000275054509984, 0.00104697444476, 0.000374826428015], [-0.000344854634022, 0.00233776378445, -0.00110865244642, 0.00166091171559, -0.00228071562015, 0.00718038994819, -0.00351881515235, 0.00134117435664, 0.000172360159922, -0.000516199797858, 0.00232195225544, 0.000769092119299, 0.00184067722876], [0.000865313748363, -0.00257692160085, 0.00205907481723, -0.00253824377432, 0.00201194034889, -0.00351881515235, 0.0106467828155, -0.00405432470143, 0.00209629209712, 0.000219559355173, -0.000425487349275, 0.000730792467948, 0.000725095393136], [-0.000253719452303, 0.00248190574348, -0.000893071759492, 0.0020978495013, -0.000971359550022, 0.00134117435664, -0.00405432470143, 0.0113580301404, -0.00405806861818, 0.00211150292307, 0.00204718438908, -0.00156774395145, 0.00240549282171], [0.000907861511223, -0.0018268263666, 0.00123811943922, -0.00130325718783, 0.00116665789392, 0.000172360159922, 0.00209629209712, -0.00405806861818, 0.0153747983277, -0.00532407872379, 0.00340522988699, -7.0416041126e-05, -0.00076275866013], [-8.24423623271e-05, 0.00290053803474, -0.000174805798451, 0.00174790585879, 0.00127414474264, -0.000516199797858, 0.000219559355173, 0.00211150292307, -0.00532407872379, 0.0149518307298, -0.00626644631848, 0.00354353897274, 0.000737361842766], [0.000607661961112, -0.00126599497162, 0.00156225811224, 0.000241386296693, 0.000275054509984, 0.00232195225544, -0.000425487349275, 0.00204718438908, 0.00340522988699, -0.00626644631848, 0.0165606010705, -0.00667169690132, 0.00298191537149], [1.40922065839e-05, 0.00187506317161, -0.000561180699151, 0.00118606979959, 0.00104697444476, 0.000769092119299, 0.000730792467948, -0.00156774395145, -7.0416041126e-05, 0.00354353897274, -0.00667169690132, 0.0142608620226, -0.00339646800421], [0.000212702871067, 0.000632379087619, 0.000556666927878, 0.0012365214061, 0.000374826428015, 0.00184067722876, 0.000725095393136, 0.00240549282171, -0.00076275866013, 0.000737361842766, 0.00298191537149, -0.00339646800421, 0.0110509786755]], "mean": [-226.411468506, 156.280059814, -68.1062698364, -17.8435688019, -63.3422966003, -30.9885158539, -42.8214416504, -18.884059906, -32.155254364, -7.57169103622, -11.9115114212, -6.13446569443, -10.9564857483], "cov": [[15630.1171875, 1020.14080811, -3589.81713867, 94.4658355713, -743.16973877, -402.517852783, -348.369628906, -488.883270264, -585.012268066, -227.31678772, -101.433998108, -263.173065186, -46.1580162048], [1020.14080811, 1709.66308594, 155.784515381, -481.193847656, 145.815994263, -280.635620117, 22.5387763977, -188.85105896, -61.8090934753, -245.957427979, 16.1854381561, -134.365875244, -23.5665493011], [-3589.81713867, 155.784515381, 1999.25939941, 31.1023406982, 116.702972412, 133.699172974, -5.62802219391, 104.874839783, 89.956237793, -63.658531189, -109.420913696, 8.3156042099, -50.1570167542], [94.4658355713, -481.193847656, 31.1023406982, 512.968200684, 28.9018783569, 110.338470459, 40.4782867432, 34.3375663757, -6.12027454376, 9.91969680786, -67.7282409668, -32.0063362122, -55.3812904358], [-743.16973877, 145.815994263, 116.702972412, 28.9018783569, 299.774658203, 64.4156417847, 52.2488975525, 10.4185619354, 11.4704875946, -52.0062904358, -22.5611362457, -49.0492248535, -34.4711799622], [-402.517852783, -280.635620117, 133.699172974, 110.338470459, 64.4156417847, 293.070709229, 73.6958847046, 56.195514679, 4.43207168579, 22.164440155, -63.903175354, -33.8716201782, -57.6815299988], [-348.369628906, 22.5387763977, -5.62802219391, 40.4782867432, 52.2488975525, 73.6958847046, 174.890213013, 48.9102706909, 5.92580270767, -15.8990917206, -9.50727939606, -27.4551067352, -39.4019699097], [-488.883270264, -188.85105896, 104.874839783, 34.3375663757, 10.4185619354, 56.195514679, 48.9102706909, 157.258972168, 42.854473114, 9.96942138672, -27.3269252777, 17.5166492462, -21.0119132996], [-585.012268066, -61.8090934753, 89.956237793, -6.12027454376, 11.4704875946, 4.43207168579, 5.92580270767, 42.854473114, 108.727966309, 38.4930610657, -4.02174568176, 7.1538066864, 8.32618236542], [-227.31678772, -245.957427979, -63.658531189, 9.91969680786, -52.0062904358, 22.164440155, -15.8990917206, 9.96942138672, 38.4930610657, 142.956298828, 45.1747703552, 20.7095909119, 4.78556728363], [-101.433998108, 16.1854381561, -109.420913696, -67.7282409668, -22.5611362457, -63.903175354, -9.50727939606, -27.3269252777, -4.02174568176, 45.1747703552, 126.134178162, 52.2272605896, 10.8223381042], [-263.173065186, -134.365875244, 8.3156042099, -32.0063362122, -49.0492248535, -33.8716201782, -27.4551067352, 17.5166492462, 7.1538066864, 20.7095909119, 52.2272605896, 130.13067627, 46.2250442505], [-46.1580162048, -23.5665493011, -50.1570167542, -55.3812904358, -34.4711799622, -57.6815299988, -39.4019699097, -21.0119132996, 8.32618236542, 4.78556728363, 10.8223381042, 46.2250442505, 130.928009033]]}, "erbbands_spread": {"dmean": 3.34310936928, "dvar2": 98.4006881714, "mean": 11.7371482849, "var": 200.111816406, "dmean2": 5.3095870018, "dvar": 42.2981910706, "min": 0.355450540781, "median": 7.33091449738, "max": 143.938934326}, "erbbands_kurtosis": {"dmean": 5.65866756439, "dvar2": 271.287994385, "mean": 12.5509433746, "var": 505.384368896, "dmean2": 8.99381923676, "dvar": 112.958961487, "min": -1.82154786587, "median": 5.35266637802, "max": 376.938323975}, "dynamic_complexity": 6.56886291504, "erbbands_crest": {"dmean": 2.92249464989, "dvar2": 19.8632183075, "mean": 17.1286373138, "var": 37.7700271606, "dmean2": 4.71508073807, "dvar": 8.25797462463, "min": 2.10006260872, "median": 16.6133460999, "max": 33.1273956299}, "erbbands": {"dmean": [0.000158656243002, 0.00357990385965, 0.224514454603, 2.12437558174, 1.19946420193, 7.3187046051, 38.8811225891, 19.2062168121, 2.57431912422, 1.45440065861, 3.13902497292, 2.82699012756, 3.24660396576, 0.721483230591, 1.44329965115, 1.15530073643, 1.6907145977, 1.06032598019, 0.73089659214, 0.303634345531, 0.38680139184, 0.385538518429, 0.56220471859, 1.13554823399, 0.364937096834, 0.871856927872, 0.575730025768, 0.349998980761, 0.219467326999, 0.190843492746, 0.107623256743, 0.166002869606, 0.114203855395, 0.0557045266032, 0.0479899458587, 0.0357261672616, 0.00937554985285, 0.0025937394239, 0.000292014156003, 1.71202955244e-05], "dvar2": [1.60999746868e-07, 0.000185060533113, 0.703312695026, 67.4796600342, 16.0703392029, 1337.55688477, 45609.8125, 6902.35546875, 91.6971664429, 49.3774414063, 330.321166992, 155.614837646, 691.38269043, 23.2215175629, 227.379898071, 158.175018311, 118.033164978, 245.040634155, 115.913108826, 10.038482666, 12.0133295059, 9.52595043182, 304.296691895, 315.940246582, 10.0557155609, 246.784698486, 50.6293182373, 145.959716797, 9.13317394257, 8.77860736847, 1.8175842762, 9.422914505, 5.13714981079, 1.08530020714, 0.77591329813, 0.628819048405, 0.0324988588691, 0.00255184271373, 3.93724621972e-05, 5.12964142274e-08], "mean": [0.000398390606279, 0.0107992738485, 0.678696870804, 5.99220132828, 3.66705513, 10.7780094147, 59.1669502258, 47.1541976929, 7.58856153488, 3.91283416748, 8.03445625305, 8.26573753357, 6.72443294525, 1.7922744751, 2.72409772873, 2.25805354118, 3.49984431267, 1.86645328999, 1.18759834766, 0.499585002661, 0.593137323856, 0.602850854397, 0.62210726738, 1.17010843754, 0.414637744427, 0.89145553112, 0.597302079201, 0.319893807173, 0.218177676201, 0.171518579125, 0.0938811376691, 0.145099356771, 0.0937418714166, 0.0402583293617, 0.0336227156222, 0.0232409145683, 0.00601733149961, 0.00164321216289, 0.000189672617125, 2.36941705225e-05], "var": [7.78065384566e-07, 0.00130301062018, 6.60463619232, 556.195495605, 62.8958396912, 871.742553711, 29236.3144531, 10432.4609375, 152.185913086, 72.8197479248, 427.536651611, 343.599761963, 1048.17443848, 32.4991188049, 168.858505249, 101.201408386, 129.199554443, 147.491882324, 53.6937980652, 9.97520065308, 10.8771104813, 8.916015625, 63.7575531006, 120.231422424, 3.94971895218, 92.3399124146, 20.2342185974, 33.6581726074, 3.82081413269, 4.12438297272, 0.621865034103, 2.92924118042, 2.05850529671, 0.292380064726, 0.198036834598, 0.143831774592, 0.00730186188594, 0.000583930115681, 8.45002614369e-06, 1.19140741717e-08], "dmean2": [0.000251107761869, 0.00501688756049, 0.305441558361, 2.90424585342, 1.78342700005, 11.54276371, 62.600982666, 30.1648025513, 3.97842407227, 2.22790670395, 4.64155673981, 3.78597903252, 4.40419769287, 0.970955431461, 1.98119807243, 1.64491450787, 2.41008853912, 1.53341162205, 1.138271451, 0.464469492435, 0.567561626434, 0.556535363197, 0.899512767792, 1.79228162766, 0.575102627277, 1.37599885464, 0.902614951134, 0.573411405087, 0.339790135622, 0.305133223534, 0.173622816801, 0.262050926685, 0.183438614011, 0.0967824161053, 0.0835189968348, 0.0637863576412, 0.0168784745038, 0.00468708667904, 0.000535425613634, 2.92731856462e-05], "dvar": [8.69875407261e-08, 0.00011506240844, 0.510841786861, 45.8876991272, 7.92377614975, 600.975646973, 19021.9882813, 2793.53369141, 39.9145889282, 22.4675998688, 160.357055664, 83.7569274902, 356.10736084, 12.4675569534, 106.526016235, 72.9804534912, 56.5604553223, 113.125312805, 48.4528045654, 4.78577947617, 5.7425198555, 4.57221269608, 106.135192871, 130.790679932, 3.96647572517, 100.940757751, 20.5019187927, 52.4756698608, 3.78995680809, 3.89598822594, 0.720793664455, 3.64711499214, 2.18223905563, 0.409219413996, 0.288354516029, 0.22733540833, 0.0116958385333, 0.000925940170418, 1.40311240102e-05, 1.83046289237e-08], "min": [6.83176894204e-23, 4.14215311305e-22, 1.77794657266e-21, 3.6449737926e-21, 1.36879634411e-20, 2.76654400966e-20, 4.34973959087e-20, 5.32411408537e-20, 9.49812400186e-20, 1.45759848033e-19, 2.34400548323e-19, 2.70646361995e-19, 2.39382269412e-19, 7.44414264629e-19, 7.63122970435e-19, 9.70120834522e-19, 1.3678990664e-18, 1.8321839637e-18, 1.95923745822e-18, 1.76347524009e-18, 3.41454614752e-18, 4.73261792177e-18, 5.67510254863e-18, 5.57668832166e-18, 8.04841276622e-18, 8.65283446699e-18, 1.05200623509e-17, 9.75768389475e-18, 1.02211358212e-17, 1.19854756718e-17, 1.16154562771e-17, 1.11324001702e-17, 9.41666048925e-18, 7.56588770924e-18, 6.24633569528e-18, 3.66612444543e-18, 2.3352477085e-18, 9.75558719869e-19, 2.21867547122e-19, 2.56985241534e-20], "median": [0.000189807658899, 0.0016882190248, 0.0682155564427, 0.62761425972, 0.794366240501, 2.3681781292, 9.73714637756, 12.1412992477, 2.90882492065, 1.15531539917, 1.54266452789, 1.74391674995, 0.69650053978, 0.29549741745, 0.306972324848, 0.245958372951, 0.318244487047, 0.130122467875, 0.0590172596276, 0.0310179013759, 0.0236878413707, 0.0218941643834, 0.016904419288, 0.0150527497754, 0.00974803324789, 0.00705155497417, 0.00435570860282, 0.00253193220124, 0.00141756562516, 0.000823590613436, 0.000566800532397, 0.00048840517411, 0.000347495777532, 0.000253399222856, 0.000190779464901, 0.000127481427626, 6.76967174513e-05, 3.13683958666e-05, 9.94889069261e-06, 7.20738853488e-06], "max": [0.0156468357891, 0.730745017529, 49.4405174255, 487.459991455, 124.690635681, 557.672424316, 4690.10644531, 2220.17285156, 177.854064941, 174.182418823, 583.260986328, 273.520172119, 1572.89428711, 317.111083984, 701.427185059, 864.280090332, 303.856384277, 839.238220215, 466.0105896, 161.247024536, 136.223220825, 118.233001709, 992.77746582, 509.675201416, 79.3726196289, 755.036743164, 178.756393433, 574.51739502, 149.7865448, 140.709625244, 23.4138698578, 120.513557434, 110.781723022, 32.0439987183, 23.7981910706, 23.4415168762, 6.22468042374, 1.47793197632, 0.142902731895, 0.00735251605511]}, "silence_rate_30dB": {"dmean": 0.0116110304371, "dvar2": 0.0265592262149, "mean": 0.980794370174, "var": 0.0188350304961, "dmean2": 0.0232231840491, "dvar": 0.0114778969437, "min": 0, "median": 1, "max": 1}, "silence_rate_60dB": {"dmean": 0.0607643947005, "dvar2": 0.123337388039, "mean": 0.351168304682, "var": 0.227825924754, "dmean2": 0.121534667909, "dvar": 0.057054579258, "min": 0, "median": 0, "max": 1}, "spectral_energyband_middle_low": {"dmean": 0.00615622242913, "dvar2": 0.000730587169528, "mean": 0.0137736015022, "var": 0.000693692301866, "dmean2": 0.0095614