{"tonal": {"chords_key": "E", "hpcp_entropy": {"dmean": 0.420618593693, "dmean2": 0.708748102188, "max": 3.520632267, "dvar": 0.140761852264, "mean": 1.73193430901, "dvar2": 0.370693475008, "min": 0, "var": 0.331627607346, "median": 1.72508811951}, "key_key": "C#", "chords_strength": {"dmean": 0.0073564639315, "dmean2": 0.00584251945838, "max": 0.756925165653, "dvar": 4.25627622462e-05, "mean": 0.530632138252, "dvar2": 3.4054122807e-05, "min": 0.200744062662, "var": 0.0132607640699, "median": 0.533957242966}, "key_scale": "minor", "chords_number_rate": 0.00196764315479, "thpcp": [1, 0.674127042294, 0.398898214102, 0.379565119743, 0.191022694111, 0.0336978696287, 0.0193579383194, 0.0238835699856, 0.138457298279, 0.249091655016, 0.147300317883, 0.0285580642521, 0.0133065162227, 0.0919996798038, 0.277303516865, 0.263692080975, 0.0824141055346, 0.0150867812335, 0.0159877371043, 0.0463154613972, 0.165904328227, 0.255775004625, 0.262789428234, 0.584169209003, 0.742113173008, 0.336258471012, 0.0559489242733, 0.0221920479089, 0.0350647829473, 0.0985811948776, 0.134417653084, 0.117638707161, 0.11113550514, 0.125287488103, 0.230683296919, 0.676184535027], "key_strength": 0.721775174141, "tuning_nontempered_energy_ratio": 0.640340387821, "tuning_frequency": 447.949737549, "chords_changes_rate": 0.0349803231657, "tuning_diatonic_strength": 0.602578282356, "chords_scale": "major", "chords_histogram": [7.78312206268, 43.2225608826, 15.9160470963, 15.0852642059, 0, 0, 0, 3.25754261017, 1.46480107307, 5.18146038055, 0.502842128277, 0, 0, 0, 0, 0, 0, 0, 0.174901619554, 0.153038918972, 1.13686048985, 0, 0.0437254048884, 6.07783126831], "tuning_equal_tempered_deviation": 0.0249803494662, "hpcp": {"dmean": [0.0996991023421, 0.0896329507232, 0.0232265908271, 0.0102852182463, 0.0152576044202, 0.0393931865692, 0.0510580204427, 0.0428071804345, 0.0173289570957, 0.00876318756491, 0.0288190282881, 0.0544384308159, 0.0583900250494, 0.0335683189332, 0.0113729797304, 0.0126469014212, 0.0314614959061, 0.0579033456743, 0.0728619322181, 0.138368993998, 0.182211026549, 0.132929429412, 0.132263571024, 0.0385261438787, 0.0124267144129, 0.0225229412317, 0.0385861359537, 0.0436734259129, 0.0596031807363, 0.0627404302359, 0.0710190460086, 0.150715187192, 0.231499895453, 0.189606308937, 0.248857587576, 0.179288566113], "dmean2": [0.173000782728, 0.160316288471, 0.0440296679735, 0.0191838815808, 0.0289139207453, 0.0677767917514, 0.0828474983573, 0.0730044990778, 0.0321607217193, 0.0165620949119, 0.0517338737845, 0.0911397710443, 0.0974235087633, 0.0586773194373, 0.0217820499092, 0.0248340722173, 0.0595760047436, 0.0994419306517, 0.125907748938, 0.256205797195, 0.324270784855, 0.224346354604, 0.241192519665, 0.0744461491704, 0.0232368875295, 0.0419377461076, 0.0706266984344, 0.0781440138817, 0.110861092806, 0.118213042617, 0.132314935327, 0.28206551075, 0.412143617868, 0.320571064949, 0.448352068663, 0.328351676464], "max": [1, 1, 0.915465772152, 0.737593114376, 0.81051492691, 1, 1, 1, 0.84841388464, 1, 1, 1, 1, 1, 1, 1, 1, 1, 1, 1, 1, 1, 1, 1, 0.920380949974, 1, 1, 1, 1, 1, 1, 1, 1, 1, 1, 1], "dvar": [0.043371219188, 0.036503508687, 0.00465848250315, 0.00167825154494, 0.00313932122663, 0.00853936187923, 0.0126037774608, 0.00979105103761, 0.00377807137556, 0.00199752207845, 0.00453411275521, 0.0132820904255, 0.0142500773072, 0.00663039460778, 0.00297936634161, 0.00557367736474, 0.0137910386547, 0.0211862288415, 0.0267680101097, 0.0497067682445, 0.0575840324163, 0.0421786606312, 0.0425755754113, 0.0132344355807, 0.00331940874457, 0.0105625251308, 0.019483178854, 0.0177448280156, 0.0312131065875, 0.0337524712086, 0.0306846275926, 0.0592747591436, 0.0700667873025, 0.0595673024654, 0.07555103302, 0.0594412758946], "mean": [0.16783772409, 0.0844672322273, 0.0149006675929, 0.00855977553874, 0.0105609390885, 0.0612236410379, 0.110144414008, 0.0651338845491, 0.0126279266551, 0.00588393211365, 0.0406808108091, 0.122619256377, 0.116600483656, 0.036442220211, 0.00667113717645, 0.00706952624023, 0.0204799678177, 0.073360286653, 0.113099679351, 0.116201356053, 0.258310437202, 0.328150779009, 0.148688212037, 0.0247397348285, 0.00981297437102, 0.0155050950125, 0.0435910522938, 0.0594373717904, 0.0520179867744, 0.0491423718631, 0.05540015921, 0.102004528046, 0.298998177052, 0.442184269428, 0.298088371754, 0.176386520267], "dvar2": [0.103604130447, 0.104702726007, 0.0136665208265, 0.00493201520294, 0.00942595396191, 0.0228864047676, 0.0300425123423, 0.0272162742913, 0.0115002738312, 0.00577199738473, 0.0125206392258, 0.0335474349558, 0.0341988615692, 0.0171672813594, 0.00834587588906, 0.0168321505189, 0.0416739173234, 0.0607945546508, 0.0694250687957, 0.160393953323, 0.178516626358, 0.100806243718, 0.133074715734, 0.0405812524259, 0.00965974573046, 0.0310228094459, 0.0553664974868, 0.0517264120281, 0.0947440937161, 0.0995051041245, 0.0853957161307, 0.171223178506, 0.19656124711, 0.135174706578, 0.219028145075, 0.176188662648], "min": [0, 0, 0, 0, 0, 0, 0, 0, 0, 0, 0, 0, 0, 0, 0, 0, 0, 0, 0, 0, 0, 0, 0, 0, 0, 0, 0, 0, 0, 0, 0, 0, 0, 0, 0, 0], "var": [0.102974131703, 0.0401326492429, 0.00271975132637, 0.00101514998823, 0.00181640987284, 0.0173222701997, 0.0494725778699, 0.0196138229221, 0.00259044370614, 0.00113044178579, 0.0136884003878, 0.0592912696302, 0.0459859706461, 0.0087750768289, 0.00181308249012, 0.00302883470431, 0.00882564578205, 0.0314761847258, 0.0601415522397, 0.046703658998, 0.0967793241143, 0.147654935718, 0.047646459192, 0.00780882546678, 0.00216661463492, 0.00722529832274, 0.0245193671435, 0.0325807146728, 0.0285858809948, 0.0299715846777, 0.0288261584938, 0.0437652729452, 0.100183732808, 0.162410065532, 0.103564038873, 0.0747702047229], "median": [0.00153072283138, 0.000747093115933, 0.000577844795771, 0.000404521939345, 0.00109749333933, 0.0113603919744, 0.0206607338041, 0.0100679378957, 0.00102750537917, 0.000665055704303, 0.00191506871488, 0.010287662968, 0.0112708481029, 0.00216120434925, 0.000184196396731, 0.000131039618282, 0.000539473083336, 0.00553283607587, 0.0102025428787, 0.019360344857, 0.10705332458, 0.119388453662, 0.0340890437365, 0.00076383841224, 0.000306990288664, 0.00064804055728, 0.00309889251366, 0.00320621486753, 0.00168330979068, 0.000599713763222, 0.000721626332961, 0.0107733793557, 0.175358444452, 0.307654947042, 0.167366042733, 0.0290608368814]}}, "lowlevel": {"melbands_flatness_db": {"dmean": 0.0394402705133, "dmean2": 0.0614109039307, "max": 0.677172005177, "dvar": 0.00149145885371, "mean": 0.464927732944, "dvar2": 0.00353040569462, "min": 0.00375942490064, "var": 0.00667028874159, "median": 0.473264306784}, "melbands_crest": {"dmean": 3.56911230087, "dmean2": 5.88534069061, "max": 34.0001335144, "dvar": 8.76069355011, "mean": 20.3726024628, "dvar2": 22.9590644836, "min": 1.63966357708, "var": 25.7338237762, "median": 19.984331131}, "spectral_entropy": {"dmean": 0.320518106222, "dmean2": 0.513157963753, "max": 9.81606769562, "dvar": 0.113215714693, "mean": 5.46410703659, "dvar2": 0.276825368404, "min": 3.56909441948, "var": 0.410525143147, "median": 5.37524557114}, "melbands": {"dmean": [3.56066775566e-05, 0.000513397157192, 0.00156568246894, 0.00242788903415, 0.00029170876951, 0.000148657200043, 7.26272410247e-05, 2.79356827377e-05, 4.81303004563e-06, 8.78645823832e-06, 8.89620969247e-06, 1.20478364352e-06, 1.01671662378e-06, 4.55669464827e-07, 4.33849123738e-07, 2.77946469396e-07, 1.48576617676e-07, 1.94475276771e-07, 4.01929298732e-07, 1.20327638342e-06, 3.34096256438e-07, 6.6969477075e-07, 6.16789122887e-07, 2.61125506995e-07, 2.07058832302e-07, 3.31750044325e-07, 2.94947909651e-07, 5.17149260304e-07, 5.78945730467e-07, 8.39104245642e-07, 6.10375138876e-07, 8.41032985477e-08, 1.3640931229e-07, 6.09854993172e-08, 1.91472402378e-08, 2.42490205693e-08, 4.12918339521e-08, 2.2837753022e-08, 2.13766639945e-08, 3.90778396309e-08], "dmean2": [3.75828276447e-05, 0.000680949422531, 0.00254143122584, 0.00386115722358, 0.00049414933892, 0.000276145874523, 0.000130950924358, 4.62258030893e-05, 7.47167450754e-06, 1.39715439218e-05, 1.40169222504e-05, 1.72525915332e-06, 1.50974665303e-06, 6.42524810246e-07, 6.22084257884e-07, 3.9697391685e-07, 2.29354839121e-07, 2.72257182132e-07, 6.42869849798e-07, 1.99058763428e-06, 5.41867336779e-07, 1.10475400561e-06, 1.06411357592e-06, 4.52188231748e-07, 3.39975912311e-07, 5.87745205394e-07, 5.22663981428e-07, 9.17609554563e-07, 1.08331744286e-06, 1.59639728281e-06, 1.16483192869e-06, 1.4801688053e-07, 2.58691159161e-07, 1.14103158921e-07, 3.40072254801e-08, 4.28798720975e-08, 7.60032392577e-08, 4.19898391613e-08, 3.97354185111e-08, 7.42330144021e-08], "max": [0.0027070469223, 0.0266260616481, 0.0356083475053, 0.0749193504453, 0.00868600513786, 0.00378381763585, 0.00181263743434, 0.00111356633715, 0.00019799216534, 0.000317519006785, 0.000531135243364, 7.69644029788e-05, 5.99757186137e-05, 2.22659928113e-05, 3.23978747474e-05, 1.2362974303e-05, 9.16131921258e-06, 2.42506957875e-05, 0.000127705439809, 0.000432123575592, 6.03813350608e-05, 0.000343589839758, 0.000321996514685, 0.000127297826111, 3.9840102545e-05, 0.000311161915306, 0.00024422336719, 0.000618220074102, 0.000278541760053, 0.00145380187314, 0.00137000298128, 3.32731142407e-05, 0.00022350269137, 9.59416283877e-05, 4.70636632599e-06, 8.99388487596e-06, 1.1996550711e-05, 8.69880568644e-06, 1.03415031845e-05, 3.76600655727e-05], "dvar": [5.29052135434e-09, 9.21351443139e-07, 4.84455085825e-06, 1.58883431141e-05, 2.04558531891e-07, 4.6090857353e-08, 1.59383208853e-08, 1.94381288843e-09, 7.56108578526e-11, 2.27111648932e-10, 3.30704630347e-10, 4.96960675736e-12, 5.36908191517e-12, 7.35694057757e-13, 6.31727092512e-13, 2.7949886329e-13, 9.55383707801e-14, 2.67256702879e-13, 7.93372919444e-12, 9.45465025715e-11, 2.42454775874e-12, 3.33440081102e-11, 3.27636424935e-11, 5.78862738992e-12, 1.03597414935e-12, 2.48425724436e-11, 1.81156808304e-11, 1.00499331079e-10, 6.05705832712e-11, 5.01817365439e-10, 4.23817814177e-10, 8.38352933082e-13, 1.20802421885e-11, 2.13050172122e-12, 1.75780749548e-14, 4.96488362033e-14, 1.75251713098e-13, 6.0543069039e-14, 8.11660783614e-14, 5.21778529671e-13], "mean": [0.000108036198071, 0.0012292759493, 0.00309184496291, 0.00432610092685, 0.000603833526839, 0.000272962090094, 0.000145810816321, 7.61857518228e-05, 1.37688930408e-05, 2.29030174523e-05, 2.15170202864e-05, 3.52241363544e-06, 2.36298183154e-06, 1.11490919608e-06, 1.03956926978e-06, 7.4643202197e-07, 3.07882800143e-07, 4.64056142846e-07, 6.91759225901e-07, 1.7130876131e-06, 5.1519043609e-07, 8.39834797262e-07, 6.5518622705e-07, 2.87591319648e-07, 2.5542189519e-07, 3.11118526497e-07, 2.42712388854e-07, 3.59624038992e-07, 3.70340899281e-07, 5.07165566432e-07, 3.72058877929e-07, 6.64532890937e-08, 8.5161225627e-08, 4.12641867342e-08, 1.626070123e-08, 1.90226980834e-08, 2.83534156154e-08, 1.63772497785e-08, 1.48589993643e-08, 2.33796804139e-08], "dvar2": [4.34195790433e-09, 1.74832257471e-06, 1.19293044918e-05, 3.84809136449e-05, 5.76542561248e-07, 1.62313199326e-07, 5.47781517923e-08, 5.02213559628e-09, 1.86807569413e-10, 6.05003436238e-10, 7.80353726082e-10, 1.02096898644e-11, 1.1705173289e-11, 1.46091786671e-12, 1.28165522899e-12, 5.5795998247e-13, 2.27090834201e-13, 5.53217953218e-13, 2.17604285285e-11, 2.58177895729e-10, 6.65641023204e-12, 7.37117172855e-11, 9.16018788599e-11, 1.61336204813e-11, 2.95782474034e-12, 7.37990710209e-11, 5.20766693657e-11, 2.84255646799e-10, 1.77643941224e-10, 1.47898693292e-09, 1.2542576977e-09, 2.37376611423e-12, 3.6026837763e-11, 6.35320268616e-12, 5.01153548456e-14, 1.39458553755e-13, 5.07036578522e-13, 1.76453103973e-13, 2.35904259452e-13, 1.53217087455e-12], "min": [8.32712992689e-25, 2.42401336728e-24, 3.36423971971e-24, 2.16878767659e-24, 4.29482698073e-24, 3.49052767316e-24, 3.29140616448e-24, 4.0730332152e-24, 4.91098927329e-24, 5.02447993071e-24, 1.98420901591e-24, 2.00465747387e-24, 3.89324392629e-24, 3.96521525655e-24, 3.11881128703e-24, 2.78397552872e-24, 1.65453931046e-24, 3.08118696058e-24, 3.35787242891e-24, 4.18688714307e-24, 5.5335792045e-24, 5.38130498954e-24, 6.30930399793e-24, 4.56867333866e-24, 6.63567153164e-24, 5.51823822648e-24, 4.34573059722e-24, 4.18219499841e-24, 7.12042261359e-24, 5.63673420634e-24, 7.7453826774e-24, 7.05377096685e-24, 5.79269082402e-24, 6.01571955129e-24, 6.07537873497e-24, 6.47906568144e-24, 6.32283020144e-24, 6.69697627917e-24, 6.0577898978e-24, 7.05378674407e-24], "var": [5.41542775068e-08, 5.48130265088e-06, 9.98046834866e-06, 3.3019870898e-05, 4.87434363095e-07, 1.02336443319e-07, 3.00858680191e-08, 1.08571285296e-08, 2.22585602727e-10, 6.76234901409e-10, 1.18305920616e-09, 2.49079298853e-11, 1.37313025533e-11, 2.22694735916e-12, 2.83769427227e-12, 9.73333393051e-13, 1.80996060153e-13, 7.40783411175e-13, 5.65951365633e-12, 7.01194727282e-11, 2.1122762827e-12, 3.80776278563e-11, 2.18366921767e-11, 3.76943485106e-12, 8.63029753998e-13, 1.30586114838e-11, 1.04008641977e-11, 6.00511237958e-11, 3.25492410802e-11, 2.64683858164e-10, 2.20820611796e-10, 5.06469215525e-13, 6.16349766364e-12, 1.08847566377e-12, 1.09609214337e-14, 3.09576345949e-14, 1.00585108276e-13, 3.41101624756e-14, 4.55148004247e-14, 2.79562804113e-13], "median": [2.14024039451e-05, 0.000391234614654, 0.00227717356756, 0.00250424840488, 0.000411457614973, 0.000171277002664, 9.46412765188e-05, 3.78661607101e-05, 9.52603841142e-06, 1.48514518514e-05, 1.01737969089e-05, 2.08183359973e-06, 1.20767936096e-06, 6.35166827578e-07, 5.7185826563e-07, 4.35012026401e-07, 1.71867753807e-07, 2.02884052669e-07, 2.83361742959e-07, 5.38305187092e-07, 1.82676103577e-07, 2.02589234277e-07, 1.23322010381e-07, 5.74633922668e-08, 4.69721790353e-08, 4.49928947432e-08, 2.84644254833e-08, 1.35645699118e-08, 1.3825798284e-08, 1.1288432411e-08, 6.97246971271e-09, 3.11556136445e-09, 2.34729413684e-09, 1.40270217663e-09, 6.92210067044e-10, 5.66268920643e-10, 4.67161809237e-10, 2.85497236963e-10, 2.27362684235e-10, 2.30384211708e-10]}, "silence_rate_60dB": {"dmean": 0.00459217140451, "dmean2": 0.00918534677476, "max": 1, "dvar": 0.00457105878741, "mean": 0.07117087394, "dvar2": 0.0121623240411, "min": 0, "var": 0.0661064237356, "median": 0}, "spectral_energyband_middle_high": {"dmean": 5.6455613958e-05, "dmean2": 8.7110682216e-05, "max": 0.0105926962569, "dvar": 6.05897483297e-08, "mean": 0.000135906142532, "dvar2": 1.61151234579e-07, "min": 1.20005792111e-21, "var": 5.67918903016e-08, "median": 8.58396379044e-05}, "erbbands_skewness": {"dmean": 0.63668268919, "dmean2": 1.02854645252, "max": 9.32360553741, "dvar": 0.429320961237, "mean": 2.36231088638, "dvar2": 1.0870757103, "min": -4.77881145477, "var": 1.45005369186, "median": 2.20460629463}, "dynamic_complexity": 3.77977633476, "dissonance": {"dmean": 0.0404254570603, "dmean2": 0.0688013881445, "max": 0.499999940395, "dvar": 0.00119145284407, "mean": 0.386851668358, "dvar2": 0.00330264819786, "min": 0.152305975556, "var": 0.00298215867952, "median": 0.391844391823}, "spectral_skewness": {"dmean": 1.20475530624, "dmean2": 1.9770526886, "max": 13.2946662903, "dvar": 1.25456345081, "mean": 5.11495161057, "dvar2": 2.92776536942, "min": -0.0500133745372, "var": 4.56360435486, "median": 4.84725189209}, "spectral_kurtosis": {"dmean": 20.6846084595, "dmean2": 34.0316238403, "max": 254.810119629, "dvar": 450.177276611, "mean": 49.557598114, "dvar2": 1078.14013672, "min": -1.22860300541, "var": 1411.06335449, "median": 40.3927574158}, "gfcc": {"cov": [[14725.5302734, 1192.20019531, -1693.40319824, 599.624450684, -332.168609619, -325.002655029, -88.7920150757, -72.5760726929, -54.8639259338, -235.681060791, -247.706512451, -132.139480591, 123.265953064], [1192.20019531, 1820.50500488, -160.136993408, -436.487670898, 458.445465088, -300.361236572, 174.447128296, -74.0066680908, 163.709701538, -143.016967773, 103.201515198, -151.09576416, 68.860244751], [-1693.40319824, -160.136993408, 732.787353516, -62.8032417297, -33.3715438843, 172.750473022, 4.07173061371, 19.4242286682, -12.2517881393, 48.3562812805, 37.1826972961, 53.099193573, -29.2705039978], [599.624450684, -436.487670898, -62.8032417297, 377.340423584, -104.66103363, 38.7377281189, -4.56437349319, 12.7052993774, -29.4706535339, 31.4980316162, -29.7802143097, 32.2372741699, 20.6894779205], [-332.168609619, 458.445465088, -33.3715438843, -104.66103363, 349.783081055, -84.7053909302, 61.9842224121, 0.0674173012376, 47.2538414001, -43.9257011414, 47.1582107544, -44.2553443909, 32.1077842712], [-325.002655029, -300.361236572, 172.750473022, 38.7377281189, -84.7053909302, 205.505065918, 3.71162128448, 33.9348831177, -5.72762393951, 37.272895813, -14.8415412903, 43.0509185791, -12.574054718], [-88.7920150757, 174.447128296, 4.07173061371, -4.56437349319, 61.9842224121, 3.71162128448, 133.991592407, 27.8744106293, 25.9909229279, -6.31132698059, 9.26683139801, -15.4656820297, 19.7485122681], [-72.5760726929, -74.0066680908, 19.4242286682, 12.7052993774, 0.0674173012376, 33.9348831177, 27.8744106293, 120.472450256, 23.4963092804, 21.9536552429, -3.02195429802, 12.2848148346, -5.88468313217], [-54.8639259338, 163.709701538, -12.2517881393, -29.4706535339, 47.2538414001, -5.72762393951, 25.9909229279, 23.4963092804, 85.9220199585, 10.6560850143, 7.80719709396, -4.93238115311, 10.0393838882], [-235.681060791, -143.016967773, 48.3562812805, 31.4980316162, -43.9257011414, 37.272895813, -6.31132698059, 21.9536552429, 10.6560850143, 88.1820983887, 7.93807506561, 9.4187335968, -13.2588891983], [-247.706512451, 103.201515198, 37.1826972961, -29.7802143097, 47.1582107544, -14.8415412903, 9.26683139801, -3.02195429802, 7.80719709396, 7.93807506561, 67.8387145996, -1.53813409805, -13.3288812637], [-132.139480591, -151.09576416, 53.099193573, 32.2372741699, -44.2553443909, 43.0509185791, -15.4656820297, 12.2848148346, -4.93238115311, 9.4187335968, -1.53813409805, 71.3299026489, -0.935706079006], [123.265953064, 68.860244751, -29.2705039978, 20.6894779205, 32.1077842712, -12.574054718, 19.7485122681, -5.88468313217, 10.0393838882, -13.2588891983, -13.3288812637, -0.935706079006, 61.1536598206]], "mean": [-180.012237549, 181.611160278, -63.7457351685, 12.9762048721, -44.4949760437, -32.7313728333, -39.9029121399, -17.000333786, -25.8707370758, -21.4402751923, -26.3654270172, -14.521607399, -7.89815664291], "icov": [[0.00021976766584, -0.000720980984624, 0.000446622056188, -0.00077631539898, 0.000446732330602, -0.000555532285944, 0.000661780068185, -0.000401132216211, 0.000838387641124, -5.35748804396e-05, 0.000727997161448, -0.000192665698705, 0.000250659591984], [-0.000720980984624, 0.00463345460594, -0.00153451529332, 0.00417000288144, -0.00204408960417, 0.00352737237699, -0.00392046989873, 0.00243475148454, -0.00570120103657, 0.00204388634302, -0.00411548651755, 0.00229013781063, -0.00209340895526], [0.000446622056188, -0.00153451529332, 0.00284184794873, -0.00112418469507, 0.0007963735261, -0.00277773686685, 0.00127114437055, -0.000679592601955, 0.00230823969468, -0.000716307200491, 0.000468181533506, -0.00119449594058, 0.000652572780382], [-0.00077631539898, 0.00417000288144, -0.00112418469507, 0.00728150643408, -0.00131213758141, 0.00287264143117, -0.00396129721776, 0.00198102998547, -0.00380146293901, 0.000226836491493, -0.00344464904629, 0.000780790578574, -0.00344841042534], [0.000446732330602, -0.00204408960417, 0.0007963735261, -0.00131213758141, 0.0057438868098, -0.000595679448452, 0.000815284787677, -0.00158145243768, 0.00100195081905, 0.00115311925765, -0.00109887123108, 0.000744219170883, -0.00146996125113], [-0.000555532285944, 0.00352737237699, -0.00277773686685, 0.00287264143117, -0.000595679448452, 0.0105652529746, -0.0040348302573, 0.000793080660515, -0.00432863971218, 7.19213858247e-05, -0.000984809128568, -0.00088574696565, -0.00079109770013], [0.000661780068185, -0.00392046989873, 0.00127114437055, -0.00396129721776, 0.000815284787677, -0.0040348302573, 0.0128465555608, -0.0042243595235, 0.00330003816634, -0.000581969390623, 0.00205789902247, 0.000555712904315, -0.000994444591925], [-0.000401132216211, 0.00243475148454, -0.000679592601955, 0.00198102998547, -0.00158145243768, 0.000793080660515, -0.0042243595235, 0.0114779323339, -0.00524498894811, -0.000825361581519, -0.000669874250889, -0.00058185501257, 0.00106073485222], [0.000838387641124, -0.00570120103657, 0.00230823969468, -0.00380146293901, 0.00100195081905, -0.00432863971218, 0.00330003816634, -0.00524498894811, 0.0217190179974, -0.00568539835513, 0.00462053762749, -0.00331472745165, 0.000292337819701], [-5.35748804396e-05, 0.00204388634302, -0.000716307200491, 0.000226836491493, 0.00115311925765, 7.19213858247e-05, -0.000581969390623, -0.000825361581519, -0.00568539835513, 0.0164149720222, -0.00467907451093, 0.00269289594144, 0.000418503594119], [0.000727997161448, -0.00411548651755, 0.000468181533506, -0.00344464904629, -0.00109887123108, -0.000984809128568, 0.00205789902247, -0.000669874250889, 0.00462053762749, -0.00467907451093, 0.0235224161297, -0.00414377497509, 0.00749208359048], [-0.000192665698705, 0.00229013781063, -0.00119449594058, 0.000780790578574, 0.000744219170883, -0.00088574696565, 0.000555712904315, -0.00058185501257, -0.00331472745165, 0.00269289594144, -0.00414377497509, 0.0195493511856, -0.00331061100587], [0.000250659591984, -0.00209340895526, 0.000652572780382, -0.00344841042534, -0.00146996125113, -0.00079109770013, -0.000994444591925, 0.00106073485222, 0.000292337819701, 0.000418503594119, 0.00749208359048, -0.00331061100587, 0.0223406068981]]}, "spectral_complexity": {"dmean": 0.997157216072, "dmean2": 1.71525418758, "max": 27, "dvar": 1.29802119732, "mean": 6.09642505646, "dvar2": 3.29610180855, "min": 0, "var": 4.63638973236, "median": 6}, "spectral_flux": {"dmean": 0.0263115651906, "dmean2": 0.0446682870388, "max": 0.374577075243, "dvar": 0.000860891945194, "mean": 0.062864087522, "dvar2": 0.00243249139749, "min": 6.46688744221e-11, "var": 0.00153524125926, "median": 0.0558918751776}, "spectral_energyband_low": {"dmean": 0.00285133928992, "dmean2": 0.00431258231401, "max": 0.0803932696581, "dvar": 1.41954969877e-05, "mean": 0.00645994115621, "dvar2": 3.33735115419e-05, "min": 1.6483336967e-23, "var": 6.85476479703e-05, "median": 0.00378219946288}, "spectral_decrease": {"dmean": 3.05775738063e-09, "dmean2": 4.86105422581e-09, "max": 1.05289603021e-28, "dvar": 1.88351341584e-17, "mean": -7.49520001619e-09, "dvar2": 4.54690727157e-17, "min": -7.24099891158e-08, "var": 4.55212314165e-17, "median": -5.86688608806e-09}, "barkbands_spread": {"dmean": 1.04713189602, "dmean2": 1.75260388851, "max": 135.519317627, "dvar": 12.892742157, "mean": 2.53502607346, "dvar2": 32.9991836548, "min": 0.0787733644247, "var": 46.2135009766, "median": 1.49136948586}, "spectral_rms": {"dmean": 0.00100306107197, "dmean2": 0.00157446844969, "max": 0.0164901763201, "dvar": 1.1500378605e-06, "mean": 0.00481176516041, "dvar2": 2.71430553767e-06, "min": 3.17492017919e-12, "var": 5.0070443649e-06, "median": 0.00469582155347}, "spectral_centroid": {"dmean": 51.4287376404, "dmean2": 87.0937271118, "max": 11296.6464844, "dvar": 47769.0234375, "mean": 299.679748535, "dvar2": 113955.820312, "min": 163.929504395, "var": 218277.890625, "median": 245.483337402}, "barkbands_skewness": {"dmean": 1.04946780205, "dmean2": 1.6994458437, "max": 22.2999591827, "dvar": 1.48553991318, "mean": 3.21201920509, "dvar2": 3.75843191147, "min": -2.05031561852, "var": 4.29660129547, "median": 2.89576101303}, "spectral_rolloff": {"dmean": 68.6718597412, "dmean2": 124.10496521, "max": 19272.2167969, "dvar": 118921.023438, "mean": 350.074401855, "dvar2": 286686.1875, "min": 129.19921875, "var": 982183, "median": 236.865234375}, "erbbands_spread": {"dmean": 4.80128335953, "dmean2": 7.95642757416, "max": 148.476699829, "dvar": 88.3727645874, "mean": 12.9594831467, "dvar2": 220.44303894, "min": 0.979401111603, "var": 189.451400757, "median": 9.24774742126}, "barkbands": {"dmean": [1.7361993514e-06, 0.000256706698565, 0.0015049589565, 0.00341046904214, 0.00914036016911, 0.00086155597819, 0.000307304086164, 6.2604995037e-05, 7.1729584306e-05, 2.26928259508e-05, 7.16828208169e-06, 3.22913592754e-06, 3.29167141899e-06, 2.02576256925e-06, 3.44610612046e-06, 1.34898546094e-05, 1.01145305962e-05, 7.62210993344e-06, 7.6418318713e-06, 1.4229340195e-05, 3.10241666739e-05, 6.1637761064e-06, 1.24166524529e-06, 2.44928173743e-06, 2.89838681056e-06, 1.32814534481e-06, 3.63937573411e-07], "dmean2": [3.0072633308e-06, 0.000266149552772, 0.00217996793799, 0.0054880278185, 0.0146214654669, 0.00158881221432, 0.000541860761587, 0.000108040549094, 0.000115038514195, 3.28888236254e-05, 1.05983726826e-05, 4.7142953008e-06, 4.58580689155e-06, 2.97326096188e-06, 5.23614562553e-06, 2.23967581405e-05, 1.66306945175e-05, 1.31291890284e-05, 1.33740168167e-05, 2.60116594291e-05, 5.89582050452e-05, 1.13524783956e-05, 2.18580407818e-06, 4.45803152616e-06, 5.42248017155e-06, 2.45397131948e-06, 6.70066640396e-07], "max": [0.00048185500782, 0.0196231640875, 0.0606007277966, 0.0658394917846, 0.270894885063, 0.0172105971724, 0.0071615036577, 0.00208765361458, 0.00316416751593, 0.00129125826061, 0.000380494195269, 0.000130240397993, 0.000192719788174, 9.46212676354e-05, 0.00064294715412, 0.00455509917811, 0.00411144178361, 0.00435371138155, 0.00566915841773, 0.0117552708834, 0.0515399388969, 0.00781784020364, 0.000289192306809, 0.000640068494249, 0.00230469601229, 0.000516703526955, 0.000231478741625], "dvar": [8.65193472421e-11, 2.82129036577e-07, 7.12735936759e-06, 2.08671626751e-05, 0.000225619107368, 1.41881389482e-06, 1.86544852454e-07, 9.78823155862e-09, 1.70850995573e-08, 2.17998774588e-09, 2.38156078192e-10, 3.57803266182e-11, 3.03808089797e-11, 1.68452595622e-11, 3.07605080296e-10, 1.09360156486e-08, 5.37681810187e-09, 5.68731284289e-09, 8.33672508804e-09, 4.89398850334e-08, 6.37072218979e-07, 1.5289831623e-08, 7.18391526822e-11, 5.49880529999e-10, 1.95138150083e-09, 1.88893248265e-10, 1.50714076635e-11], "mean": [1.63937602338e-06, 0.000782550137956, 0.00314683606848, 0.00641273288056, 0.0158433802426, 0.00146677112207, 0.000685459701344, 0.000146859689266, 0.000182826814125, 6.30713620922e-05, 1.69474005816e-05, 7.71603481553e-06, 9.05333854462e-06, 4.77137564303e-06, 6.5426902438e-06, 1.91982599063e-05, 1.27293660626e-05, 8.16033207229e-06, 7.8858465713e-06, 1.01305486169e-05, 1.89185302588e-05, 4.31886564911e-06, 1.05902267933e-06, 1.75359332388e-06, 1.82180599495e-06, 8.68756956152e-07, 2.48913664791e-07], "dvar2": [2.50254345024e-10, 2.25249706887e-07, 1.65074798133e-05, 4.89993981319e-05, 0.000555036298465, 5.02555940329e-06, 6.2505682763e-07, 2.93908293258e-08, 4.54233060054e-08, 4.26766932904e-09, 5.17557552371e-10, 8.03932059812e-11, 5.69219671398e-11, 3.40084661821e-11, 8.31991531225e-10, 2.99606135457e-08, 1.19646710317e-08, 1.59696131874e-08, 2.47482461191e-08, 1.39099782359e-07, 1.88133253687e-06, 4.524344277e-08, 2.01226368901e-10, 1.58133039996e-09, 5.69445468557e-09, 5.52537349208e-10, 4.31068965245e-11], "min": [8.91217777041e-25, 4.00310700684e-24, 3.5825877408e-24, 1.9058346989e-24, 1.95571902822e-23, 1.87576403117e-23, 2.02765351867e-23, 8.79830845975e-24, 3.43609540296e-23, 7.34709627268e-24, 2.75471427172e-23, 3.09668894512e-23, 2.40375936354e-23, 2.25682707797e-23, 4.45373007277e-23, 6.40583643359e-23, 9.2863172217e-23, 1.05714278032e-22, 1.44598519471e-22, 1.79100998303e-22, 3.0162259532e-22, 3.2785763516e-22, 3.5058806261e-22, 6.61629934817e-22, 9.09867068885e-22, 1.35921183305e-21, 2.15639927241e-21], "var": [8.42066416595e-11, 2.89052491098e-06, 3.05516077788e-05, 5.10120007675e-05, 0.000453844142612, 2.6991770028e-06, 4.46315397085e-07, 3.86765819371e-08, 4.9363528376e-08, 9.21115450581e-09, 6.81225575949e-10, 9.77696881788e-11, 1.35265729173e-10, 5.73130501391e-11, 2.97801144855e-10, 8.08370881344e-09, 6.1079403757e-09, 3.61855168052e-09, 4.48236026074e-09, 2.903835572e-08, 3.3424475987e-07, 8.00632538045e-09, 4.63034818821e-11, 3.21602605657e-10, 1.06486541807e-09, 1.04666227074e-10, 8.91792195645e-12], "median": [2.5123037517e-07, 0.000147565137013, 0.00114084640518, 0.004269791767, 0.00894768722355, 0.000954947667196, 0.000504497787915, 7.92593637016e-05, 0.000118538147944, 3.32230956701e-05, 8.39572931e-06, 4.64536242362e-06, 5.5243172028e-06, 2.38487382376e-06, 2.47844809564e-06, 6.18126250629e-06, 3.18891420648e-06, 1.59280887146e-06, 1.31900389988e-06, 5.11487769472e-07, 4.65568348318e-07, 1.66540914392e-07, 5.1015064173e-08, 3.21072732845e-08, 2.61863064566e-08, 2.26059384545e-08, 2.12658051169e-08]}, "melbands_kurtosis": {"dmean": 16.6957836151, "dmean2": 27.5993309021, "max": 373.272796631, "dvar": 562.88684082, "mean": 35.285068512, "dvar2": 1480.81652832, "min": -1.63022649288, "var": 1260.12402344, "median": 23.846321106}, "erbbands_crest": {"dmean": 2.82835841179, "dmean2": 4.67409181595, "max": 29.9762496948, "dvar": 6.39413833618, "mean": 13.4561195374, "dvar2": 17.4657154083, "min": 2.07541584969, "var": 18.4813232422, "median": 13.0149068832}, "melbands_skewness": {"dmean": 0.93300896883, "dmean2": 1.53506112099, "max": 15.8458003998, "dvar": 1.09042239189, "mean": 3.38486671448, "dvar2": 2.81101536751, "min": -0.2020047158, "var": 3.11723780632, "median": 3.05841612816}, "spectral_energyband_middle_low": {"dmean": 0.0112369060516, "dmean2": 0.0179404411465, "max": 0.277279704809, "dvar": 0.000270859512966, "mean": 0.0247762873769, "dvar2": 0.000661734840833, "min": 2.13491812295e-22, "var": 0.00056402530754, "median": 0.0189676452428}, "spectral_contrast_coeffs": {"dmean": [0.0518926270306, 0.0411140061915, 0.0292353965342, 0.0232955534011, 0.0244000237435, 0.0230230540037], "dmean2": [0.0852521955967, 0.072350256145, 0.0476698204875, 0.0369350165129, 0.0374170616269, 0.0344029031694], "max": [-0.18925011158, -0.45758241415, -0.525323390961, -0.537535071373, -0.554793655872, -0.550315082073], "dvar": [0.00174314784817, 0.00107085716445, 0.000635487725958, 0.000511370191816, 0.000628488196526, 0.000499455607496], "mean": [-0.455119550228, -0.678059458733, -0.744902551174, -0.781724393368, -0.789912700653, -0.796280562878], "dvar2": [0.00474471272901, 0.00340548949316, 0.00164011132438, 0.00115971022751, 0.00130428606644, 0.0010893708095], "min": [-0.969440698624, -0.971886575222, -0.973179042339, -0.969244837761, -0.964085519314, -0.964773118496], "var": [0.0091699603945, 0.00458659371361, 0.00348822004162, 0.00290659279563, 0.00360745494254, 0.00301153119653], "median": [-0.448842465878, -0.678052067757, -0.742589473724, -0.782560586929, -0.794866919518, -0.800625801086]}, "spectral_contrast_valleys": {"dmean": [0.431410938501, 0.265251994133, 0.274727523327, 0.280647695065, 0.393122524023, 0.469908565283], "dmean2": [0.718262970448, 0.43859899044, 0.447339862585, 0.450326859951, 0.610973954201, 0.755702018738], "max": [-5.76415967941, -5.71886825562, -7.10946846008, -7.58964252472, -6.67623710632, -8.62457084656], "dvar": [0.145930171013, 0.0716276690364, 0.0804820209742, 0.0941094979644, 0.219297662377, 0.306324452162], "mean": [-8.1570930481, -7.64185810089, -9.13264846802, -10.1678247452, -10.4478092194, -13.207701683], "dvar2": [0.377874016762, 0.164320036769, 0.186589583755, 0.205027267337, 0.505257606506, 0.729094684124], "min": [-27.8450641632, -27.7243270874, -27.7453193665, -27.537322998, -27.4389038086, -27.3081569672], "var": [2.36094021797, 2.14382767677, 1.95833861828, 1.78366684914, 1.85531783104, 1.27498292923], "median": [-7.90410852432, -7.36587381363, -8.85530757904, -9.91953849792, -10.3680114746, -13.3298587799]}, "silence_rate_20dB": {"dmean": 0, "dmean2": 0, "max": 1, "dvar": 0, "mean": 1, "dvar2": 0, "min": 1, "var": 0, "median": 1}, "silence_rate_30dB": {"dmean": 0.0146512137726, "dmean2": 0.0293056312948, "max": 1, "dvar": 0.0144365094602, "mean": 0.98338252306, "dvar2": 0.034788005054, "min": 0, "var": 0.0163407195359, "median": 1}, "spectral_strongpeak": {"dmean": 0.318925976753, "dmean2": 0.52205902338, "max": 9.5493144989, "dvar": 0.135867223144, "mean": 0.738287448883, "dvar2": 0.344361156225, "min": 0, "var": 0.327240556479, "median": 0.590154051781}, "spectral_spread": {"dmean": 631166.375, "dmean2": 1043981.375, "max": 41305624, "dvar": 704199458816, "mean": 2099059.5, "dvar2": 1679513616380.0, "min": 412029.5625, "var": 4319393349630.0, "median": 1636727.25}, "barkbands_flatness_db": {"dmean": 0.0362653657794, "dmean2": 0.0572029016912, "max": 0.560036897659, "dvar": 0.00119432527572, "mean": 0.352605700493, "dvar2": 0.00287852995098, "min": 0.0659134313464, "var": 0.00480205658823, "median": 0.359412044287}, "pitch_salience": {"dmean": 0.0807657912374, "dmean2": 0.134357616305, "max": 0.817806303501, "dvar": 0.00464244326577, "mean": 0.467371791601, "dvar2": 0.0124353971332, "min": 0.0704009756446, "var": 0.0144874071702, "median": 0.4779124856}, "erbbands_kurtosis": {"dmean": 5.01928758621, "dmean2": 8.17210865021, "max": 136.85736084, "dvar": 49.9798164368, "mean": 10.2842588425, "dvar2": 125.819549561, "min": -1.90720021725, "var": 114.459236145, "median": 7.33208370209}, "average_loudness": 0.756166338921, "barkbands_crest": {"dmean": 2.90015292168, "dmean2": 4.80124044418, "max": 26.7335071564, "dvar": 6.13879680634, "mean": 15.3994083405, "dvar2": 15.7534379959, "min": 5.12040090561, "var": 21.1400299072, "median": 14.7000150681}, "hfc": {"dmean": 2.65649271011, "dmean2": 4.2899055481, "max": 308.298919678, "dvar": 38.1315727234, "mean": 6.34660148621, "dvar2": 105.245788574, "min": 1.1165613457e-16, "var": 42.3967399597, "median": 5.04037666321}, "barkbands_kurtosis": {"dmean": 17.7791633606, "dmean2": 29.1637954712, "max": 950.791564941, "dvar": 1051.06542969, "mean": 34.1235656738, "dvar2": 2749.36230469, "min": -1.88883435726, "var": 1818.50354004, "median": 22.6785469055}, "erbbands": {"dmean": [0.00128882087301, 0.10153695941, 1.40034496784, 6.45126008987, 28.9779453278, 26.2381381989, 6.58179092407, 6.12538433075, 5.10312175751, 3.02899289131, 0.699099719524, 1.10144793987, 1.78335213661, 0.295134335756, 0.286274969578, 0.119532838464, 0.156575322151, 0.0851236656308, 0.127787590027, 0.65114325285, 0.416454911232, 0.628115236759, 0.483989983797, 0.270529210567, 0.46858561039, 0.664152860641, 0.990204930305, 1.3036416769, 0.208792939782, 0.166675969958, 0.0391678400338, 0.0585238002241, 0.0327486693859, 0.0394644699991, 0.0172202400863, 0.00836685206741, 0.00145271222573, 0.000419593678089, 6.22297520749e-05, 1.62268006534e-05], "dmean2": [0.0015335798962, 0.112344868481, 1.87677240372, 10.4572887421, 47.0810813904, 41.2320480347, 11.4709892273, 11.3389081955, 9.24794864655, 5.01990842819, 1.11992383003, 1.72022497654, 2.81051969528, 0.429485142231, 0.415980249643, 0.170361801982, 0.218342363834, 0.129192218184, 0.182675093412, 1.06240594387, 0.679767668247, 1.04136276245, 0.831207036972, 0.446141034365, 0.829037070274, 1.18714106083, 1.85742723942, 2.49201178551, 0.380001217127, 0.314337641001, 0.0693715140224, 0.106647290289, 0.0601079761982, 0.0744354650378, 0.0318456105888, 0.0154349133372, 0.00265925843269, 0.000777369714342, 0.000113132104161, 2.67391060333e-05], "max": [0.0884455367923, 7.29994440079, 69.9005889893, 123.075012207, 807.611938477, 818.423217773, 190.58631897, 167.434738159, 133.560623169, 114.427154541, 31.6637630463, 55.5593833923, 109.410667419, 18.1887073517, 15.6815919876, 5.1743516922, 9.83197975159, 5.40642499924, 17.7106132507, 261.805938721, 101.34929657, 260.234893799, 277.910858154, 79.0734786987, 430.554168701, 656.123352051, 480.766815186, 2901.0168457, 166.523223877, 278.998168945, 12.6079835892, 14.8140125275, 11.3731870651, 34.2555198669, 10.2998142242, 4.28193998337, 0.411891579628, 0.291464626789, 0.0168157313019, 0.00590785034001], "dvar": [5.91158323004e-06, 0.0426678843796, 6.61838531494, 64.4563217163, 2612.72021484, 1701.61560059, 101.294250488, 78.4506072998, 86.3938140869, 20.5685710907, 1.12231004238, 3.50047564507, 13.4921426773, 0.272223949432, 0.383070528507, 0.0481391996145, 0.072705745697, 0.0303869582713, 0.158243119717, 29.890625, 5.24070310593, 22.8612308502, 24.0489425659, 2.55732274055, 47.8186683655, 120.955238342, 188.378173828, 1887.84631348, 11.6094551086, 18.2546157837, 0.0976779684424, 0.305382370949, 0.112441129982, 0.444789797068, 0.0440724119544, 0.00884761475027, 0.00016423210036, 2.72690085694e-05, 2.19294690851e-07, 7.69148744695e-09], "mean": [0.00387374265119, 0.300757706165, 3.40237522125, 12.6586894989, 49.6913986206, 48.0629997253, 13.4223146439, 11.9770050049, 10.1934118271, 8.29329586029, 2.10445547104, 3.12960386276, 4.37579965591, 0.935002624989, 0.71003729105, 0.316610634327, 0.445508807898, 0.200205162168, 0.301318734884, 1.00244116783, 0.639206469059, 0.803076803684, 0.518480479717, 0.327375024557, 0.420552939177, 0.483778089285, 0.635102033615, 0.78557986021, 0.147986024618, 0.10822096467, 0.0326655246317, 0.0417093932629, 0.0237207431346, 0.0243138279766, 0.0111309112981, 0.00542830536142, 0.00100502453279, 0.000276076141745, 5.34853861609e-05, 3.44742293237e-05], "dvar2": [6.52776679999e-06, 0.0430239886045, 13.1100730896, 158.531265259, 6657.71191406, 3974.30957031, 296.946289062, 272.668609619, 298.3387146, 52.1687507629, 2.74043416977, 9.36239814758, 31.6996479034, 0.561272025108, 0.796036183834, 0.106489561498, 0.136249512434, 0.07075548172, 0.374735206366, 81.7581787109, 14.2647066116, 51.8285598755, 67.1875305176, 7.38094997406, 141.441192627, 338.440856934, 551.498291016, 5584.96533203, 33.9479255676, 54.4495544434, 0.275383532047, 0.874942183495, 0.326388061047, 1.30308496952, 0.12719476223, 0.0259099211544, 0.000474629981909, 8.00145644462e-05, 6.2634404685e-07, 2.20257128092e-08], "min": [5.73772741376e-23, 8.73637729356e-22, 4.31297949058e-21, 1.37343776439e-20, 3.53394595955e-20, 4.74834241842e-20, 1.35140128513e-19, 1.43996454063e-19, 2.338170241e-19, 3.18243445965e-19, 5.6852325126e-19, 7.67907021207e-19, 5.43433002125e-19, 7.7360872547e-19, 1.08663439368e-18, 1.55010803359e-18, 1.43732123329e-18, 1.49434220503e-18, 2.26181909232e-18, 2.59300359802e-18, 4.80164200799e-18, 6.15368774436e-18, 8.22722853514e-18, 8.97829612363e-18, 7.08450167995e-18, 7.13935616228e-18, 1.16032123497e-17, 1.48719877666e-17, 1.20814087705e-17, 1.13222563187e-17, 1.14220879197e-17, 1.23678109586e-17, 1.02495205239e-17, 9.06202251805e-18, 6.40041959106e-18, 4.48726043566e-18, 2.60519231114e-18, 1.06140435102e-18, 2.82690215111e-19, 2.82003448407e-20], "var": [5.50423465029e-05, 0.398217588663, 38.1222076416, 161.230957031, 4432.07324219, 3916.56445312, 218.532730103, 201.148300171, 160.980300903, 114.645744324, 4.19096660614, 10.5060520172, 48.7511672974, 1.34429788589, 1.11669766903, 0.14936722815, 0.345361679792, 0.0629401654005, 0.27763608098, 21.2031822205, 4.38090515137, 25.455078125, 15.5640172958, 1.78703856468, 25.3619251251, 74.8879013062, 101.687797546, 984.79675293, 6.30488586426, 9.30831623077, 0.0610562413931, 0.179909169674, 0.0642600804567, 0.240207284689, 0.024847144261, 0.00484823156148, 9.71596091404e-05, 1.47782420754e-05, 1.3211719363e-07, 4.96465446531e-09], "median": [0.00128098693676, 0.0706463605165, 1.23229396343, 9.10198879242, 29.9359264374, 26.4282741547, 9.41853523254, 7.43470525742, 6.32118558884, 4.41442155838, 1.58880484104, 2.18754386902, 2.11188340187, 0.620015144348, 0.373956561089, 0.202375069261, 0.26643165946, 0.123897083104, 0.14957614243, 0.351784467697, 0.239810690284, 0.200451120734, 0.101579412818, 0.0667475387454, 0.0613623708487, 0.028899922967, 0.0236083697528, 0.0148499887437, 0.006180817727, 0.00341742183082, 0.00134656741284, 0.000881499843672, 0.000440441217506, 0.000303975772113, 0.000205726464628, 0.000116860392154, 4.91981918458e-05, 1.499116388e-05, 1.64590419445e-05, 2.62829653366e-05]}, "spectral_energy": {"dmean": 0.0117652816698, "dmean2": 0.0187038835138, "max": 0.278724044561, "dvar": 0.000278939434793, "mean": 0.0288642439991, "dvar2": 0.000673618807923, "min": 1.03321207765e-20, "var": 0.000672830850817, "median": 0.02260200865