{"tonal": {"hpcp": {"dvar": [0.0299081075937, 0.0355706512928, 0.0339686609805, 0.0279914066195, 0.0255974326283, 0.0239233542234, 0.0372099094093, 0.0475659780204, 0.032097723335, 0.050092253834, 0.055184148252, 0.0328315645456, 0.0359005704522, 0.0559166260064, 0.0689097344875, 0.0692019239068, 0.0721409767866, 0.0471302196383, 0.033407099545, 0.0333286896348, 0.0341821014881, 0.0566040799022, 0.0797946974635, 0.0499236397445, 0.0872216969728, 0.0355514399707, 0.0153450202197, 0.0185473971069, 0.0272112693638, 0.0165288560092, 0.0246322788298, 0.0397816598415, 0.0318158194423, 0.0315470956266, 0.0272526685148, 0.0278522446752], "var": [0.0276808533818, 0.0408828184009, 0.0303254798055, 0.0186871662736, 0.0157738700509, 0.0187745317817, 0.0584039278328, 0.0859601050615, 0.0388267077506, 0.0748750269413, 0.0914137512445, 0.0301369447261, 0.025245891884, 0.0430699661374, 0.060091599822, 0.0812953412533, 0.114816769958, 0.0543021336198, 0.0294357631356, 0.028966890648, 0.0329351387918, 0.106784254313, 0.149354994297, 0.0621532760561, 0.0640591979027, 0.0245883371681, 0.0108332745731, 0.0246312934905, 0.0434255711734, 0.0208145156503, 0.0341176129878, 0.0621845014393, 0.0332212373614, 0.0232787337154, 0.0180098619312, 0.0179585944861], "median": [0.0280717350543, 0.0339622311294, 0.0221044011414, 0.0113374935463, 0.00949788838625, 0.0268256571144, 0.131557315588, 0.183850362897, 0.0952521339059, 0.0152297532186, 0.00820634048432, 0.00837363582104, 0.0115945646539, 0.0141214374453, 0.0217179469764, 0.0607199519873, 0.0734766796231, 0.0465555489063, 0.021312141791, 0.0186950787902, 0.0524726547301, 0.209729731083, 0.248858004808, 0.134382486343, 0.020778670907, 0.0100890509784, 0.00905433576554, 0.0369718261063, 0.0536743924022, 0.0418689921498, 0.0420734062791, 0.0414207242429, 0.0263508465141, 0.0197597127408, 0.0200633648783, 0.0170158129185], "max": [1, 1, 1, 1, 1, 1, 1, 1, 1, 1, 1, 1, 1, 1, 1, 1, 1, 1, 1, 1, 1, 1, 1, 1, 1, 1, 1, 1, 1, 1, 1, 1, 1, 1, 1, 1], "dmean": [0.0886516794562, 0.10447716713, 0.0923057422042, 0.0701268017292, 0.0616562999785, 0.0803013071418, 0.163995057344, 0.196704909205, 0.138477250934, 0.128761589527, 0.122929006815, 0.0921203494072, 0.0918218940496, 0.126855045557, 0.15468275547, 0.188426464796, 0.190789118409, 0.148046851158, 0.102662928402, 0.0976737961173, 0.125664576888, 0.2217464149, 0.244339942932, 0.207325920463, 0.197733670473, 0.112125851214, 0.0507690235972, 0.0837386697531, 0.106983482838, 0.0832053869963, 0.0990469381213, 0.123342342675, 0.0983731970191, 0.080852843821, 0.0736122876406, 0.0678875893354], "dmean2": [0.156869202852, 0.182832375169, 0.16469733417, 0.1296261549, 0.115082040429, 0.143580183387, 0.27982005477, 0.337113767862, 0.240604415536, 0.227406233549, 0.216297894716, 0.166684418917, 0.171845093369, 0.233576267958, 0.280330270529, 0.334002137184, 0.336114734411, 0.261032015085, 0.188697457314, 0.179591342807, 0.225204706192, 0.372587293386, 0.413460612297, 0.364241629839, 0.372019916773, 0.21197463572, 0.0926473736763, 0.144529536366, 0.184580117464, 0.144481152296, 0.1711307019, 0.21506986022, 0.175932750106, 0.148862630129, 0.135490074754, 0.125450313091], "mean": [0.0901759564877, 0.118446871638, 0.0876585543156, 0.0529138222337, 0.0440663434565, 0.0723024383187, 0.226611450315, 0.297153174877, 0.171935886145, 0.148648455739, 0.15463988483, 0.0823673829436, 0.0675114169717, 0.097249828279, 0.127946659923, 0.208518087864, 0.252372920513, 0.159056141973, 0.0900533571839, 0.0844930186868, 0.125303581357, 0.343112468719, 0.418210506439, 0.237551257014, 0.133020624518, 0.0745017006993, 0.0409904308617, 0.0987340211868, 0.137729197741, 0.0969092771411, 0.121661044657, 0.159005135298, 0.103465385735, 0.0675419121981, 0.0596508421004, 0.0544993020594], "dvar2": [0.0819730758667, 0.0965976342559, 0.0939789861441, 0.0785035938025, 0.072870336473, 0.0660435035825, 0.0973268151283, 0.123307749629, 0.0868210867047, 0.132130429149, 0.13767157495, 0.0947610363364, 0.101692222059, 0.152329042554, 0.172501564026, 0.177809104323, 0.174625083804, 0.127629846334, 0.0949096903205, 0.0930413156748, 0.097356416285, 0.141295015812, 0.162774041295, 0.138536781073, 0.25636690855, 0.104607954621, 0.0429415106773, 0.0492432527244, 0.0720345601439, 0.0443170666695, 0.0664754509926, 0.103877522051, 0.0901793017983, 0.0896712914109, 0.0776539221406, 0.079190865159], "min": [0, 0, 0, 0, 0, 0, 0, 0, 0, 0, 0, 0, 0, 0, 0, 0, 0, 0, 0, 0, 0, 0, 0, 0, 0, 0, 0, 0, 0, 0, 0, 0, 0, 0, 0, 0]}, "key_key": "E", "thpcp": [1, 0.568018376827, 0.318070977926, 0.178144022822, 0.0980138704181, 0.236086905003, 0.329329848289, 0.231723681092, 0.290908634663, 0.380203574896, 0.247400254011, 0.161502182484, 0.142633527517, 0.130315482616, 0.215623363853, 0.283223092556, 0.209603905678, 0.126524373889, 0.105368807912, 0.172885268927, 0.541859745979, 0.710534930229, 0.411122828722, 0.355439305305, 0.369765669107, 0.196951970458, 0.161429271102, 0.232537984848, 0.30593842268, 0.498596012592, 0.603459060192, 0.380325555801, 0.215330213308, 0.202034667134, 0.299618452787, 0.820430040359], "chords_key": "E", "tuning_equal_tempered_deviation": 0.275664061308, "tuning_frequency": 434.193115234, "tuning_diatonic_strength": 0.549299180508, "chords_histogram": [36.4170341492, 4.91107845306, 18.110622406, 5.10686922073, 0, 1.8763256073, 0, 20.378528595, 0, 1.82737803459, 0, 0, 0, 0, 0, 0, 0.32631751895, 0, 0, 0, 0, 0, 0.310001641512, 10.7358455658], "key_strength": 0.660974025726, "key_scale": "minor", "chords_strength": {"dvar": 4.5662472985e-05, "var": 0.00539640756324, "median": 0.555839061737, "max": 0.787322998047, "dmean": 0.00765648856759, "dmean2": 0.00771959451959, "mean": 0.553285181522, "dvar2": 4.38952083641e-05, "min": 0.277015000582}, "chords_number_rate": 0.00130527000874, "tuning_nontempered_energy_ratio": 0.967681646347, "hpcp_entropy": {"dvar": 0.259286642075, "var": 0.468169033527, "median": 2.08676981926, "max": 4.04583978653, "dmean": 0.63984721899, "dmean2": 1.07852113247, "mean": 2.0430252552, "dvar2": 0.710738480091, "min": 0}, "chords_changes_rate": 0.0391581021249, "chords_scale": "minor"}, "rhythm": {"bpm_histogram_first_peak_spread": {"dvar": 0, "var": 0, "median": 0.414705812931, "max": 0.414705812931, "dmean": 0, "dmean2": 0, "mean": 0.414705812931, "dvar2": 0, "min": 0.414705812931}, "bpm_histogram_first_peak_weight": {"dvar": 0, "var": 0, "median": 0.529255330563, "max": 0.529255330563, "dmean": 0, "dmean2": 0, "mean": 0.529255330563, "dvar2": 0, "min": 0.529255330563}, "bpm_histogram_first_peak_bpm": {"dvar": 0, "var": 0, "median": 161, "max": 161, "dmean": 0, "dmean2": 0, "mean": 161, "dvar2": 0, "min": 161}, "bpm": 161.748947144, "bpm_histogram_second_peak_weight": {"dvar": 0, "var": 0, "median": 0.059840425849, "max": 0.059840425849, "dmean": 0, "dmean2": 0, "mean": 0.059840425849, "dvar2": 0, "min": 0.059840425849}, "beats_loudness": {"dvar": 0.000361017300747, "var": 0.000682023761328, "median": 0.0591947808862, "max": 0.148320570588, "dmean": 0.0222716145217, "dmean2": 0.0396026521921, "mean": 0.0594632439315, "dvar2": 0.00113479362335, "min": 2.95774142955e-08}, "beats_loudness_band_ratio": {"dvar": [0.012861661613, 0.00328827253543, 0.00738662946969, 0.0047597065568, 0.002188652521, 0.000287441624096], "var": [0.0312375780195, 0.00388094433583, 0.00929173268378, 0.00637935427949, 0.00364433787763, 0.000374089606339], "median": [0.709778428078, 0.0508903972805, 0.0746923610568, 0.0615816265345, 0.0373747572303, 0.0229095835239], "max": [0.981674730778, 0.797094345093, 0.622355818748, 0.586497306824, 0.702952921391, 0.150606930256], "dmean": [0.137575894594, 0.042740277946, 0.0828332528472, 0.0584710873663, 0.0305617414415, 0.0294699184597], "dmean2": [0.238183647394, 0.0729559734464, 0.146272987127, 0.103381454945, 0.0525753870606, 0.0585948564112], "mean": [0.682426631451, 0.0676731616259, 0.105062507093, 0.0863211676478, 0.0514658875763, 0.0267385859042], "dvar2": [0.0364486686885, 0.00924927927554, 0.022637700662, 0.0128784012049, 0.00640743086115, 0.000905837281607], "min": [0.0141466474161, 0.00228402623907, 0.00122504658066, 0.000830027041957, 0.00095191138098, 0.0019400389865]}, "bpm_histogram_second_peak_bpm": {"dvar": 0, "var": 0, "median": 152, "max": 152, "dmean": 0, "dmean2": 0, "mean": 152, "dvar2": 0, "min": 152}, "onset_rate": 5.07035636902, "beats_count": 753, "beats_position": [0.429569154978, 0.835918366909, 1.24226760864, 1.62539684772, 2.02013611794, 2.41487526894, 2.80961441994, 3.20435357094, 3.58748292923, 3.97061228752, 4.3653512001, 4.74848079681, 5.14321994781, 5.53795909882, 5.93269824982, 6.31582736969, 6.71056699753, 7.10530614853, 7.50004529953, 7.8831744194, 8.26630401611, 8.63782310486, 9.02095222473, 9.4040813446, 9.78721046448, 10.1703395844, 10.5418596268, 10.9249887466, 11.3081178665, 11.6912469864, 12.0743761063, 12.445895195, 12.8290243149, 13.2005443573, 13.5836734772, 13.9551925659, 14.3383216858, 14.7214508057, 15.0929698944, 15.4644899368, 15.8360090256, 16.2075271606, 16.602268219, 16.9737873077, 17.3453063965, 17.7168254852, 18.0999546051, 18.483083725, 18.877822876, 19.2493419647, 19.6324710846, 20.0039901733, 20.3871192932, 20.758638382, 21.153377533, 21.5365066528, 21.9196376801, 22.3027667999, 22.6858959198, 23.0574150085, 23.4405441284, 23.8236732483, 24.2068023682, 24.589931488, 24.9730606079, 25.3561897278, 25.7393188477, 26.1224479675, 26.5055770874, 26.8887062073, 27.2602272034, 27.6433563232, 28.0264854431, 28.3980045319, 28.7811336517, 29.1642627716, 29.5473918915, 29.9305210114, 30.3020401001, 30.6735591888, 31.0682983398, 31.4398174286, 31.8345565796, 32.2060775757, 32.6008148193, 32.9723358154, 33.3554649353, 33.7385940552, 34.1101112366, 34.4816322327, 34.8763694763, 35.2478904724, 35.6194114685, 36.0025405884, 36.3856697083, 36.7571868896, 37.1287078857, 37.5002250671, 37.8949661255, 38.2664833069, 38.638004303, 39.0095214844, 39.3926506042, 39.7757797241, 40.1473007202, 40.5188217163, 40.8903388977, 41.2734680176, 41.6565971375, 42.0281181335, 42.4112472534, 42.7943763733, 43.1658935547, 43.5490226746, 43.9205436707, 44.3036727905, 44.6751937866, 45.046710968, 45.4298400879, 45.801361084, 46.1844902039, 46.5560073853, 46.9391365051, 47.3106575012, 47.6937866211, 48.0653038025, 48.4368247986, 48.80834198, 49.1914749146, 49.5746040344, 49.9577331543, 50.3408622742, 50.723991394, 51.0955085754, 51.4786376953, 51.8501586914, 52.2216758728, 52.5931968689, 52.9647140503, 53.3478431702, 53.73097229, 54.1024932861, 54.4740142822, 54.8571434021, 55.240272522, 55.6234016418, 56.0065307617, 56.3780479431, 56.761177063, 57.1443061829, 57.5274353027, 57.9105644226, 58.2820854187, 58.6536026001, 59.03673172, 59.4198646545, 59.7913818359, 60.1745109558, 60.5576400757, 60.9291610718, 61.3238983154, 61.7070274353, 62.0785484314, 62.4616775513, 62.8331947327, 63.2163238525, 63.5994529724, 63.9709739685, 64.3541030884, 64.7372360229, 65.1087493896, 65.4802703857, 65.8634033203, 66.2465286255, 66.6180496216, 66.9895706177, 67.3843078613, 67.7558288574, 68.1389541626, 68.5104751587, 68.8936004639, 69.2767333984, 69.659866333, 70.0429916382, 70.4261245728, 70.7976379395, 71.180770874, 71.5638961792, 71.9354171753, 72.3069381714, 72.6784591675, 73.0499725342, 73.4447174072, 73.8278427124, 74.210975647, 74.5824966431, 74.9772338867, 75.3487548828, 75.7202682495, 76.0917892456, 76.4865264893, 76.8580474854, 77.2295684814, 77.6126937866, 77.9958267212, 78.3673477173, 78.738861084, 79.1103820801, 79.4935150146, 79.8766403198, 80.2597732544, 80.6312942505, 81.0144195557, 81.3975524902, 81.7690658569, 82.1521987915, 82.5237197876, 82.8952331543, 83.2899780273, 83.661491394, 84.0446243286, 84.4277572632, 84.7992706299, 85.170791626, 85.5655288696, 85.9370498657, 86.3201828003, 86.7033081055, 87.08644104, 87.4579544067, 87.8294754028, 88.2126083374, 88.5957336426, 88.9672546387, 89.3503875732, 89.7219009399, 90.093421936, 90.4649429321, 90.8480682373, 91.2312011719, 91.602722168, 91.9742355347, 92.3689804077, 92.7521057129, 93.1352386475, 93.5067520142, 93.8898849487, 94.2730178833, 94.6561431885, 95.0276641846, 95.4107894897, 95.7939224243, 96.1770477295, 96.5485687256, 96.9317016602, 97.3148269653, 97.6979598999, 98.0578689575, 98.4526062012, 98.8241271973, 99.1956481934, 99.5671615601, 99.9502944946, 100.3334198, 100.716552734, 101.09967804, 101.471199036, 101.85433197, 102.237457275, 102.608978271, 102.992103577, 103.375236511, 103.746757507, 104.118278503, 104.501403809, 104.884536743, 105.267662048, 105.650794983, 106.033920288, 106.417053223, 106.788566589, 107.171699524, 107.554824829, 107.926345825, 108.297866821, 108.669387817, 109.052513123, 109.435646057, 109.807167053, 110.17868042, 110.573425293, 110.94493866, 111.328071594, 111.69959259, 112.082717896, 112.46585083, 112.848976135, 113.23210907, 113.603622437, 113.986755371, 114.358276367, 114.729797363, 115.124534607, 115.496055603, 115.86756897, 116.250701904, 116.633827209, 117.016960144, 117.400085449, 117.783218384, 118.166343689, 118.537864685, 118.909385681, 119.280906677, 119.675643921, 120.047164917, 120.418685913, 120.801811218, 121.184944153, 121.55645752, 121.951202393, 122.322715759, 122.705848694, 123.088973999, 123.472106934, 123.84362793, 124.226753235, 124.609886169, 124.993011475, 125.364532471, 125.736053467, 126.107574463, 126.502311707, 126.873832703, 127.245346069, 127.628479004, 128.011611938, 128.383132935, 128.76625061, 129.137771606, 129.520904541, 129.904037476, 130.28717041, 130.658676147, 131.041809082, 131.424942017, 131.796463013, 132.179595947, 132.562713623, 132.934234619, 133.317367554, 133.68888855, 134.072021484, 134.44354248, 134.826660156, 135.209793091, 135.581314087, 135.952835083, 136.335968018, 136.719085693, 137.090606689, 137.462127686, 137.833648682, 138.205169678, 138.588302612, 138.959823608, 139.342941284, 139.71446228, 140.085983276, 140.457504272, 140.829025269, 141.212158203, 141.595275879, 141.966796875, 142.338317871, 142.709838867, 143.10458374, 143.476104736, 143.847610474, 144.230743408, 144.613876343, 144.985397339, 145.356918335, 145.728439331, 146.099945068, 146.471466064, 146.854598999, 147.237731934, 147.60925293, 147.992385864, 148.37550354, 148.747024536, 149.118545532, 149.501678467, 149.884811401, 150.256317139, 150.627838135, 150.999359131, 151.370880127, 151.742401123, 152.125534058, 152.508651733, 152.880172729, 153.251693726, 153.623214722, 153.994735718, 154.389480591, 154.761001587, 155.144119263, 155.527252197, 155.910385132, 156.293518066, 156.665023804, 157.0365448, 157.408065796, 157.779586792, 158.151107788, 158.534240723, 158.917373657, 159.288879395, 159.660400391, 160.031921387, 160.415054321, 160.798187256, 161.169708252, 161.541213989, 161.912734985, 162.284255981, 162.655776978, 163.027297974, 163.410430908, 163.793563843, 164.16506958, 164.536590576, 164.908111572, 165.279632568, 165.651153564, 166.022674561, 166.405807495, 166.788925171, 167.160446167, 167.543579102, 167.926712036, 168.298233032, 168.669754028, 169.041259766, 169.4243927, 169.795913696, 170.167434692, 170.52734375, 170.922088623, 171.293609619, 171.665115356, 172.036636353, 172.408157349, 172.791290283, 173.174423218, 173.545944214, 173.917449951, 174.288970947, 174.672103882, 175.055236816, 175.415145874, 175.775054932, 176.158187866, 176.529708862, 176.912826538, 177.284347534, 177.65586853, 178.027389526, 178.398910522, 178.770431519, 179.165161133, 179.536682129, 179.908203125, 180.279724121, 180.662857056, 181.04598999, 181.417495728, 181.789016724, 182.16053772, 182.532058716, 182.903579712, 183.286712646, 183.669830322, 184.041351318, 184.424484253, 184.807617188, 185.179138184, 185.562271118, 185.945388794, 186.31690979, 186.688430786, 187.059951782, 187.431472778, 187.814605713, 188.197723389, 188.569244385, 188.952377319, 189.323898315, 189.70703125, 190.078552246, 190.461669922, 190.844802856, 191.227935791, 191.611068726, 191.982574463, 192.354095459, 192.725616455, 193.097137451, 193.480270386, 193.86340332, 194.258132935, 194.629653931, 195.001174927, 195.372695923, 195.744216919, 196.115737915, 196.498855591, 196.881988525, 197.253509521, 197.625030518, 198.008163452, 198.391296387, 198.762802124, 199.13432312, 199.505844116, 199.888977051, 200.272109985, 200.655227661, 201.038360596, 201.409881592, 201.781402588, 202.152923584, 202.52444458, 202.907577515, 203.29069519, 203.662216187, 204.033737183, 204.405258179, 204.776779175, 205.148300171, 205.519821167, 205.891326904, 206.274459839, 206.645980835, 207.02911377, 207.389022827, 207.760543823, 208.143676758, 208.515182495, 208.886703491, 209.258224487, 209.629745483, 210.001266479, 210.372787476, 210.744308472, 211.127426147, 211.510559082, 211.882080078, 212.253601074, 212.62512207, 212.996643066, 213.368164062, 213.751281738, 214.134414673, 214.505935669, 214.877456665, 215.248977661, 215.620498657, 215.992019653, 216.363540649, 216.735046387, 217.106567383, 217.501312256, 217.872833252, 218.244354248, 218.615875244, 218.99899292, 219.382125854, 219.753646851, 220.125167847, 220.508300781, 220.891418457, 221.274551392, 221.646072388, 222.029205322, 222.400726318, 222.772247314, 223.143753052, 223.515274048, 223.886795044, 224.281539917, 224.653060913, 225.024581909, 225.396102905, 225.779220581, 226.162353516, 226.533874512, 226.905395508, 227.288528442, 227.671646118, 228.043167114, 228.41468811, 228.797821045, 229.169342041, 229.552474976, 229.923980713, 230.295501709, 230.667022705, 231.061767578, 231.433288574, 231.81640625, 232.199539185, 232.571060181, 232.942581177, 233.325714111, 233.708831787, 234.080352783, 234.451873779, 234.835006714, 235.218139648, 235.589660645, 235.961181641, 236.344299316, 236.715820312, 237.098953247, 237.470474243, 237.841995239, 238.213516235, 238.585037231, 238.956542969, 239.328063965, 239.699584961, 240.071105957, 240.442626953, 240.814147949, 241.185668945, 241.557189941, 241.928695679, 242.300216675, 242.671737671, 243.043258667, 243.414779663, 243.786300659, 244.157821655, 244.529342651, 244.900863647, 245.283981323, 245.667114258, 246.038635254, 246.386932373, 246.758453369, 247.129974365, 247.501495361, 247.873016357, 248.244537354, 248.616043091, 248.987564087, 249.359085083, 249.730606079, 250.102127075, 250.48526001, 250.856781006, 251.228302002, 251.58821106, 251.959716797, 252.331237793, 252.702758789, 253.074279785, 253.445800781, 253.817321777, 254.188842773, 254.56036377, 254.931884766, 255.303390503, 255.674911499, 256.046447754, 256.42956543, 256.801086426, 257.184204102, 257.555725098, 257.938873291, 258.321990967, 258.693511963, 259.065032959, 259.436553955, 259.808074951, 260.179595947, 260.551116943, 260.934234619, 261.317352295, 261.688873291, 262.060394287, 262.44354248, 262.826660156, 263.198181152, 263.569702148, 263.929595947, 264.289520264, 264.66104126, 265.032562256, 265.404083252, 265.775604248, 266.147125244, 266.51864624, 266.890167236, 267.261688232, 267.621582031, 267.981506348, 268.352996826, 268.712921143, 269.072814941, 269.444335938, 269.815856934, 270.18737793, 270.547302246, 270.907196045, 271.278717041, 271.650238037, 272.010162354, 272.370056152, 272.741577148, 273.113098145, 273.484619141, 273.856140137, 274.227661133, 274.599182129, 274.970703125, 275.342224121, 275.70211792, 276.062042236, 276.433563232, 276.805084229, 277.176605225, 277.536499023, 277.89642334, 278.267944336, 278.639465332, 279.010955811, 279.382476807, 279.753997803, 280.125518799, 280.497039795, 280.880187988, 281.274902344, 281.681274414, 282.087615967, 282.49395752, 282.888702393, 283.283447266, 283.678192139, 284.084533691], "danceability": 1.32297563553, "bpm_histogram_second_peak_spread": {"dvar": 0, "var": 0, "median": 0.117647051811, "max": 0.117647051811, "dmean": 0, "dmean2": 0, "mean": 0.117647051811, "dvar2": 0, "min": 0.117647051811}}, "lowlevel": {"spectral_flux": {"dvar": 0.00206142920069, "var": 0.00340247061104, "median": 0.085140556097, "max": 0.413495630026, "dmean": 0.0356213189662, "dmean2": 0.0572003386915, "mean": 0.0971301868558, "dvar2": 0.00510427635163, "min": 6.48285869431e-11}, "spectral_rolloff": {"dvar": 396650.90625, "var": 952190.9375, "median": 1227.39257812, "max": 19379.8828125, "dmean": 423.54309082, "dmean2": 694.411743164, "mean": 1238.79602051, "dvar2": 818037.3125, "min": 21.533203125}, "barkbands_flatness_db": {"dvar": 0.000513151579071, "var": 0.00121748342644, "median": 0.118950538337, "max": 0.392388135195, "dmean": 0.0240369401872, "dmean2": 0.0369546115398, "mean": 0.120074883103, "dvar2": 0.00135130737908, "min": 0.0269932802767}, "spectral_centroid": {"dvar": 60944.9101562, "var": 238456.671875, "median": 1142.13708496, "max": 11429.0810547, "dmean": 226.25920105, "dmean2": 357.696258545, "mean": 1185.30029297, "dvar2": 144876.484375, "min": 301.224975586}, "melbands_skewness": {"dvar": 1.28703963757, "var": 3.50847959518, "median": 1.98097074032, "max": 25.2876815796, "dmean": 0.915850579739, "dmean2": 1.3880251646, "mean": 2.37567925453, "dvar2": 2.91430568695, "min": -0.894606351852}, "melbands": {"dvar": [1.66832123796e-05, 6.69418068355e-06, 3.28913665726e-05, 2.6291559152e-07, 1.82760793166e-08, 3.57274032581e-08, 6.34484891293e-08, 3.34328433382e-07, 4.7590727803e-08, 5.56850565658e-08, 4.16839185391e-08, 1.12977138755e-08, 3.13677013253e-08, 3.90225167735e-08, 6.60688996845e-08, 1.05447410803e-08, 1.84834476613e-08, 3.46850348443e-09, 1.62754709709e-09, 1.38246802894e-09, 1.1152287982e-09, 7.33795413321e-10, 1.65107733041e-10, 1.1380434789e-10, 3.00563636479e-11, 3.65532361324e-11, 2.01142644207e-11, 9.43466919173e-12, 5.00753952193e-12, 4.95821656302e-12, 4.05596736752e-12, 5.14116397024e-12, 3.23016656825e-12, 3.24906703104e-12, 2.28858555371e-12, 1.42112005757e-12, 1.81937928265e-12, 3.17163808237e-12, 2.40632687387e-12, 1.54682354165e-12], "var": [2.02836617973e-05, 6.37308949081e-06, 2.97434107779e-05, 3.60484705197e-07, 4.93899534604e-08, 8.91475551157e-08, 1.60127697768e-07, 8.83671930296e-07, 1.40036704011e-07, 1.42577661677e-07, 1.08519138564e-07, 2.05838475154e-08, 5.617269494e-08, 7.94115635472e-08, 1.69285385709e-07, 2.29716441424e-08, 3.61173455588e-08, 7.03777924826e-09, 3.11679482223e-09, 2.43123854382e-09, 2.31466068534e-09, 1.35667799217e-09, 3.2283567486e-10, 2.00480326784e-10, 5.75300189432e-11, 7.04861793932e-11, 4.35407265797e-11, 1.42619397195e-11, 6.56800091745e-12, 6.56342471692e-12, 6.13334556754e-12, 6.7877734683e-12, 5.85260269068e-12, 5.42805427342e-12, 3.86563003829e-12, 2.63859680633e-12, 3.8905679893e-12, 6.43435261669e-12, 4.98441869376e-12, 2.87961928608e-12], "median": [0.000733295106329, 0.00126057001762, 0.00146896217484, 0.000438430608483, 0.000156608002726, 0.000123120087665, 0.000135253940243, 0.000197652421775, 9.60799661698e-05, 0.000117722280265, 7.78393659857e-05, 5.4127383919e-05, 8.26961550047e-05, 4.45716032118e-05, 5.47763265786e-05, 4.88984951517e-05, 6.16581746726e-05, 3.80652854801e-05, 3.26950321323e-05, 2.697142736e-05, 1.49826464622e-05, 1.64462690009e-05, 1.04377377284e-05, 8.70005260367e-06, 4.19679054176e-06, 5.78825211051e-06, 4.1507255446e-06, 2.36456662606e-06, 1.08839083168e-06, 1.11050815121e-06, 1.03381853478e-06, 1.00683394066e-06, 9.96374978968e-07, 7.76782826506e-07, 5.22069910858e-07, 4.4808138e-07, 4.93055893003e-07, 3.27953671331e-07, 1.85407643016e-07, 1.40021711559e-07], "max": [0.0439623259008, 0.0245792176574, 0.054000440985, 0.00576796615496, 0.00298711378127, 0.00686521874741, 0.00521388184279, 0.0125679988414, 0.00677964976057, 0.00516408588737, 0.00624482706189, 0.0044159903191, 0.00420598266646, 0.00653512729332, 0.00553210638463, 0.00286159105599, 0.00283421622589, 0.00166192406323, 0.000917431782, 0.000912678253371, 0.0018462651642, 0.00113729783334, 0.000334814627422, 0.000299828679999, 0.000208952886169, 0.000120137083286, 9.76405572146e-05, 5.89632509218e-05, 6.89203443471e-05, 4.11207329307e-05, 4.56926718471e-05, 3.68850451196e-05, 3.35094991897e-05, 2.93480879918e-05, 2.56161765719e-05, 2.1924781322e-05, 3.34422329615e-05, 5.10202444275e-05, 6.64484978188e-05, 5.65651971556e-05], "dmean": [0.00202927226201, 0.00152597459964, 0.00228708400391, 0.000330440205289, 0.000100464749266, 0.000103436323116, 0.000144465157064, 0.000289842806524, 0.000115124501463, 0.000137842886033, 0.000107381485577, 5.87713475397e-05, 0.000102990677988, 7.48032034608e-05, 0.000102608733869, 5.71902819502e-05, 7.22309050616e-05, 3.71531787096e-05, 2.94429974019e-05, 2.71262488241e-05, 1.59412375069e-05, 1.54865265358e-05, 8.8495125965e-06, 7.55354903959e-06, 3.49665810973e-06, 4.48447144663e-06, 3.01029717775e-06, 1.97817098524e-06, 1.19646142593e-06, 1.16571641229e-06, 1.06680283807e-06, 1.20552647331e-06, 1.00597719666e-06, 9.33983471896e-07, 7.01653846136e-07, 5.65054449453e-07, 6.42668283035e-07, 6.48369791634e-07, 5.40466828625e-07, 3.90449059751e-07], "dmean2": [0.00300097744912, 0.00250525726005, 0.00373136601411, 0.000547147181351, 0.000156441397849, 0.000159676448675, 0.000217017077375, 0.000425644451752, 0.000173893509782, 0.000213956896914, 0.000165674922755, 9.63027778198e-05, 0.000169007937075, 0.00012316829816, 0.000167598569533, 9.39499805099e-05, 0.000119218042528, 6.04583256063e-05, 4.92067556479e-05, 4.53630855191e-05, 2.6502622859e-05, 2.57255451288e-05, 1.49691459228e-05, 1.27908733702e-05, 5.72801627641e-06, 7.51750985728e-06, 5.02118928125e-06, 3.30704551743e-06, 1.97464146368e-06, 1.89808645246e-06, 1.68130554812e-06, 1.91063395505e-06, 1.5379702063e-06, 1.3912609802e-06, 1.0159528756e-06, 8.25259633075e-07, 8.85763483893e-07, 8.61984460698e-07, 7.01841429418e-07, 5.04192541939e-07], "mean": [0.0023677048739, 0.00210405583493, 0.00285019376315, 0.000606878485996, 0.000218501416384, 0.000206796205021, 0.000273816141998, 0.000510488753207, 0.000212002472836, 0.000255077698966, 0.000185449258424, 9.59708049777e-05, 0.000153699947987, 0.000121032127936, 0.00018318000366, 0.000101109835668, 0.000125170467072, 6.39217614662e-05, 4.92941871926e-05, 4.19985226472e-05, 2.71276858257e-05, 2.61420718743e-05, 1.60396848514e-05, 1.26212571558e-05, 6.37932862446e-06, 8.10699111753e-06, 6.0052407207e-06, 3.50387858816e-06, 1.98254019779e-06, 1.98572683985e-06, 1.90598109384e-06, 1.95386314772e-06, 1.87647219718e-06, 1.608510388e-06, 1.21478933579e-06, 1.02359751963e-06, 1.15433306291e-06, 1.04022853975e-06, 8.10046572042e-07, 5.89302771914e-07], "dvar2": [3.56313212251e-05, 1.72144409589e-05, 8.30948774819e-05, 7.16709905646e-07, 4.43858425569e-08, 8.16292171635e-08, 1.39810765631e-07, 7.04869592028e-07, 9.96168125766e-08, 1.3693502865e-07, 9.42222371236e-08, 2.80489054205e-08, 8.04795377007e-08, 1.01577484202e-07, 1.71544542127e-07, 2.75921152593e-08, 4.92555543019e-08, 9.20032405816e-09, 4.41397896012e-09, 3.69626285135e-09, 2.66349364786e-09, 1.82943726834e-09, 4.66221949935e-10, 3.14976378313e-10, 7.76323311191e-11, 1.01055816493e-10, 5.40460974585e-11, 2.52498768422e-11, 1.35099223475e-11, 1.32635916139e-11, 1.04118415278e-11, 1.30374582658e-11, 7.84356000288e-12, 7.54934656455e-12, 5.22752154064e-12, 3.18378114671e-12, 3.62459910176e-12, 6.24865480539e-12, 4.55117107195e-12, 3.15698140373e-12], "min": [1.26990236877e-24, 1.53941975387e-24, 1.52002896118e-24, 1.25227823007e-24, 2.09023645752e-24, 1.85364445027e-24, 2.8692452789e-24, 2.60593238342e-24, 1.38482678088e-24, 4.6640789654e-24, 1.89914279184e-24, 8.64727630628e-25, 2.7625885235e-24, 2.91276732669e-24, 2.83656750476e-24, 4.38880240265e-24, 4.44761434972e-24, 3.67233210726e-24, 6.59268492319e-24, 6.19591273698e-24, 3.10643524272e-24, 4.98519505206e-24, 6.0271280577e-24, 4.55225990424e-24, 4.8380460664e-24, 5.84640002432e-24, 8.12612718216e-24, 7.36403469404e-24, 5.79044178157e-24, 7.00195542715e-24, 4.9332970764e-24, 6.54943601849e-24, 7.95097008449e-24, 6.22423363234e-24, 6.99469869568e-24, 6.8284746589e-24, 6.2747585956e-24, 7.92414644713e-24, 8.24648211275e-24, 7.49457381891e-24]}, "spectral_decrease": {"dvar": 3.96226627166e-17, "var": 5.45877265001e-17, "median": -7.13078884829e-09, "max": 8.41438251035e-29, "dmean": 4.1481058588e-09, "dmean2": 6.24946494554e-09, "mean": -9.04405883517e-09, "dvar2": 9.54136226793e-17, "min": -5.43168070521e-08}, "barkbands_kurtosis": {"dvar": 62.4252662659, "var": 89.0066070557, "median": 0.816743135452, "max": 286.918365479, "dmean": 3.18025183678, "dmean2": 5.11036777496, "mean": 2.9419002533, "dvar2": 161.497833252, "min": -1.82008445263}, "silence_rate_30dB": {"dvar": 0.0329395830631, "var": 0.0183357857168, "median": 1, "max": 1, "dmean": 0.0341057442129, "dmean2": 0.0682170540094, "mean": 0.981316804886, "dvar2": 0.0943963974714, "min": 0}, "gfcc": {"mean": [9.08786964417, 100.290672302, -117.307174683, 22.5701389313, -41.269859314, 20.0415420532, -32.2166404724, 6.93446111679, -17.8333740234, -0.00545783014968, -16.6506443024, -5.87299537659, -17.0041217804], "cov": [[14012.7119141, -492.328399658, 320.748687744, -103.17414093, -375.457611084, 462.143249512, -248.336410522, 68.0866699219, -267.594360352, 62.7336883545, -262.361724854, -81.0535430908, -337.765380859], [-492.328399658, 1051.07067871, -669.990478516, 102.349693298, -45.1812057495, -99.5046691895, 43.1522254944, -44.8429222107, 96.5712585449, -89.1721496582, 147.794158936, -88.4141540527, 101.765052795], [320.748687744, -669.990478516, 899.31451416, -50.0951843262, 140.889022827, 139.221694946, -32.1354293823, 51.5886192322, -93.3599777222, 86.779876709, -102.525558472, 97.0148086548, -68.2119140625], [-103.17414093, 102.349693298, -50.0951843262, 215.645706177, -0.297828137875, 3.68616843224, -40.8147468567, -24.6444835663, 6.04971599579, -33.2635688782, 0.294520735741, -28.9308013916, 48.0052566528], [-375.457611084, -45.1812057495, 140.889022827, -0.297828137875, 250.893814087, -43.7098426819, 50.6581420898, 33.8152427673, 2.70913505554, 23.4548683167, -20.7177047729, 50.9519844055, 23.8364677429], [462.143249512, -99.5046691895, 139.221694946, 3.68616843224, -43.7098426819, 214.780639648, 5.67826557159, 20.208190918, -32.0791816711, 8.43391418457, 8.17395114899, -4.28401660919, -24.7437896729], [-248.336410522, 43.1522254944, -32.1354293823, -40.8147468567, 50.6581420898, 5.67826557159, 122.551925659, 33.5848846436, 17.7268753052, 5.36220598221, 14.6037378311, 24.1497840881, 1.04582262039], [68.0866699219, -44.8429222107, 51.5886192322, -24.6444835663, 33.8152427673, 20.208190918, 33.5848846436, 88.5649490356, 24.4910163879, 25.6203765869, 0.356508463621, 17.7736968994, 2.61841845512], [-267.594360352, 96.5712585449, -93.3599777222, 6.04971599579, 2.70913505554, -32.0791816711, 17.7268753052, 24.4910163879, 85.6628723145, 27.1033477783, 26.1421852112, -10.564581871, 11.4856271744], [62.7336883545, -89.1721496582, 86.779876709, -33.2635688782, 23.4548683167, 8.43391418457, 5.36220598221, 25.6203765869, 27.1033477783, 85.8303756714, 20.903377533, 25.1534366608, -18.7356357574], [-262.361724854, 147.794158936, -102.525558472, 0.294520735741, -20.7177047729, 8.17395114899, 14.6037378311, 0.356508463621, 26.1421852112, 20.903377533, 94.0518112183, 12.0444068909, 13.8225469589], [-81.0535430908, -88.4141540527, 97.0148086548, -28.9308013916, 50.9519844055, -4.28401660919, 24.1497840881, 17.7736968994, -10.564581871, 25.1534366608, 12.0444068909, 83.6022186279, 16.584318161], [-337.765380859, 101.765052795, -68.2119140625, 48.0052566528, 23.8364677429, -24.7437896729, 1.04582262039, 2.61841845512, 11.4856271744, -18.7356357574, 13.8225469589, 16.584318161, 84.1623001099]], "icov": [[0.000109710832476, -0.000127760489704, 0.000112931615149, -4.43629287474e-05, 0.000116970812087, -0.000227502125199, 0.000262592249783, -0.000279606261756, 0.000397465773858, -0.000374997442123, 0.000580280262511, -0.000282263761619, 0.000439630559413], [-0.000127760489704, 0.00288055441342, 0.000893259653822, -9.4690345577e-05, -0.000950100074988, 0.000463871809188, -0.000803933944553, 0.000809680146631, -0.00145601073746, 0.00249885977246, -0.00423926115036, 0.0025642272085, -0.00188158173114], [0.000112931615149, 0.000893259653822, 0.00328150438145, -0.000372407288523, -0.00138185673859, -0.00180666160304, 0.0015234175371, -0.000802134338301, 0.00174953311216, -0.00202245707624, 0.00213018758222, -0.0021778063383, 0.00150168559048], [-4.43629287474e-05, -9.4690345577e-05, -0.000372407288523, 0.00662187766284, -0.000863703666255, -0.0008823031676, 0.00181293045171, 0.00148025189992, -0.0015587345697, 0.00166372314561, -0.000451460829936, 0.00239222333767, -0.00403993902728], [0.000116970812087, -0.000950100074988, -0.00138185673859, -0.000863703666255, 0.00663280626759, 0.00174971227534, -0.00252799619921, -0.00126944552176, 0.00106900848914, -0.00204799184576, 0.00257040932775, -0.00197239103727, -0.00093758123694], [-0.000227502125199, 0.000463871809188, -0.00180666160304, -0.0008823031676, 0.00174971227534, 0.00757295731455, -0.00246653682552, -0.0017024865374, 0.00217376928777, 0.000850734882988, -0.00432421499863, 0.00322870910168, -0.000653703289572], [0.000262592249783, -0.000803933944553, 0.0015234175371, 0.00181293045171, -0.00252799619921, -0.00246653682552, 0.0129846343771, -0.00364550645463, -0.0011799155036, 0.0015093726106, 0.00141381577123, -0.00477395765483, 0.00337498239242], [-0.000279606261756, 0.000809680146631, -0.000802134338301, 0.00148025189992, -0.00126944552176, -0.0017024865374, -0.00364550645463, 0.0171919409186, -0.00686179287732, -0.000560813234188, -3.92615656892e-05, 0.000100054618088, -0.00342784472741], [0.000397465773858, -0.00145601073746, 0.00174953311216, -0.0015587345697, 0.00106900848914, 0.00217376928777, -0.0011799155036, -0.00686179287732, 0.0233591869473, -0.0114588746801, 0.0011934528593, 0.00385566521436, -0.000467308709631], [-0.000374997442123, 0.00249885977246, -0.00202245707624, 0.00166372314561, -0.00204799184576, 0.000850734882988, 0.0015093726106, -0.000560813234188, -0.0114588746801, 0.0251585580409, -0.0105403317139, -0.0019147542771, 0.00298707862385], [0.000580280262511, -0.00423926115036, 0.00213018758222, -0.000451460829936, 0.00257040932775, -0.00432421499863, 0.00141381577123, -3.92615656892e-05, 0.0011934528593, -0.0105403317139, 0.0247900821269, -0.00952586252242, 0.00271940790117], [-0.000282263761619, 0.0025642272085, -0.0021778063383, 0.00239222333767, -0.00197239103727, 0.00322870910168, -0.00477395765483, 0.000100054618088, 0.00385566521436, -0.0019147542771, -0.00952586252242, 0.0249185524881, -0.0100970100611], [0.000439630559413, -0.00188158173114, 0.00150168559048, -0.00403993902728, -0.00093758123694, -0.000653703289572, 0.00337498239242, -0.00342784472741, -0.000467308709631, 0.00298707862385, 0.00271940790117, -0.0100970100611, 0.0218525025994]]}, "silence_rate_20dB": {"dvar": 0, "var": 0, "median": 1, "max": 1, "dmean": 0, "dmean2": 0, "mean": 1, "dvar2": 0, "min": 1}, "barkbands_skewness": {"dvar": 0.579827547073, "var": 1.42917215824, "median": 1.1362388134, "max": 16.361618042, "dmean": 0.661418616772, "dmean2": 1.00298273563, "mean": 1.34381878376, "dvar2": 1.35340619087, "min": -2.06557965279}, "erbbands_skewness": {"dvar": 0.0679100230336, "var": 0.247994825244, "median": 0.0251316111535, "max": 3.07968974113, "dmean": 0.318174958229, "dmean2": 0.497779041529, "mean": 0.0315140932798, "dvar2": 0.16281427443, "min": -2.14732551575}, "spectral_contrast_valleys": {"dvar": [0.122830979526, 0.0878786742687, 0.0853836014867, 0.0679917931557, 0.0832813084126, 0.143036052585], "var": [1.72331178188, 1.74968254566, 1.7011474371, 1.60562622547, 1.49673819542, 2.02396845818], "median": [-6.83415985107, -6.58623695374, -7.00338459015, -7.23913908005, -7.49709892273, -10.0103826523], "max": [-5.17809581757, -5.09308815002, -5.34256315231, -5.87698125839, -6.02000331879, -7.77118206024], "dmean": [0.390808969736, 0.339528262615, 0.31988671422, 0.280430912971, 0.259030491114, 0.3438411057], "dmean2": [0.623343408108, 0.547533094883, 0.506007730961, 0.428609937429, 0.378690749407, 0.398949861526], "mean": [-7.07202577591, -6.84629058838, -7.23435544968, -7.46471452713, -7.67829370499, -10.2367267609], "dvar2": [0.296895414591, 0.211137235165, 0.190935313702, 0.139489799738, 0.170144572854, 0.217405542731], "min": [-27.9859466553, -27.9056930542, -27.6856555939, -27.6771869659, -27.424703598, -27.3242759705]}, "spectral_strongpeak": {"dvar": 0.971351265907, "var": 1.35947751999, "median": 0.463124901056, "max": 12.1075744629, "dmean": 0.59750020504, "dmean2": 1.02777791023, "mean": 0.877871751785, "dvar2": 2.4411547184, "min": 0}, "erbbands_crest": {"dvar": 5.97079610825, "var": 13.4120912552, "median": 7.66574573517, "max": 26.7167873383, "dmean": 2.74284267426, "dmean2": 4.53298807144, "mean": 8.56095409393, "dvar2": 15.4800300598, "min": 2.65721940994}, "barkbands_crest": {"dvar": 9.05905818939, "var": 16.8165035248, "median": 7.93379449844, "max": 25.2330818176, "dmean": 3.01316356659, "dmean2": 4.74660491943, "mean": 8.99189090729, "dvar2": 19.9325141907, "min": 2.36229300499}, "spectral_energyband_middle_low": {"dvar": 0.000192321793293, "var": 0.000237700849539, "median": 0.0119343996048, "max": 0.147645965219, "dmean": 0.00732344109565, "dmean2": 0.0115688527003, "mean": 0.0155825261027, "dvar2": 0.000479370937683, "min": 1.37335887325e-22}, "spectral_contrast_coeffs": {"dvar": [0.0026243054308, 0.00137659756001, 0.00103056477383, 0.000712346867658, 0.000366632652003, 0.000331160379574], "var": [0.00630970671773, 0.00511471088976, 0.00397888803855, 0.00308590685017, 0.00144043227192, 0.00141893525142], "median": [-0.645451903343, -0.719965875149, -0.741517066956, -0.747439205647, -0.777326703072, -0.779900193214], "max": [-0.307989299297, -0.430843293667, -0.458626180887, -0.533752083778, -0.619485318661, -0.619361281395], "dmean": [0.0525642037392, 0.0467833764851, 0.0407151840627, 0.0340449362993, 0.0231335759163, 0.0182920042425], "dmean2": [0.0847524404526, 0.0744813010097, 0.0649825036526, 0.0546374507248, 0.037919383496, 0.0286521874368], "mean": [-0.642028987408, -0.715664088726, -0.738081216812, -0.744407236576, -0.779047906399, -0.776013433933], "dvar2": [0.00644021993503, 0.00353921880014, 0.00257842172869, 0.00180447974708, 0.000947069434915, 0.000780284579378], "min": [-0.966339826584, -0.972611665726, -0.979040205479, -0.97492825985, -0.963710308075, -0.962981879711]}, "hfc": {"dvar": 38.6757240295, "var": 208.40914917, "median": 19.3896598816, "max": 83.3839874268, "dmean": 5.63000440598, "dmean2": 7.88792943954, "mean": 21.7124710083, "dvar2": 77.7870788574, "min": 1.10987428528e-16}, "spectral_energyband_high": {"dvar": 1.58927406346e-07, "var": 4.51679028401e-07, "median": 0.000278198975138, "max": 0.00731241190806, "dmean": 0.000250081589911, "dmean2": 0.000308676622808, "mean": 0.000512965605594, "dvar2": 2.6896128702e-07, "min": 7.37710527989e-21}, "erbbands_spread": {"dvar": 69.7637405396, "var": 283.456573486, "median": 29.1168212891, "max": 143.551635742, "dmean": 7.44849348068, "dmean2": 11.0035791397, "mean": 33.0207824707, "dvar2": 134.00680542, "min": 4.43568849564}, "dissonance": {"dvar": 0.000277499028016, "var": 0.000580141262617, "median": 0.467530846596, "max": 0.500000119209, "dmean": 0.0181161239743, "dmean2": 0.0301628895104, "mean": 0.462646663189, "dvar2": 0.000741210125852, "min": 0.244810253382}, "spectral_kurtosis": {"dvar": 2.8124461174, "var": 5.75459194183, "median": 5.34610939026, "max": 24.5057258606, "dmean": 1.51970112324, "dmean2": 2.51083540916, "mean": 5.46213769913, "dvar2": 8.25753974915, "min": -1.23047840595}, "spectral_skewness": {"dvar": 0.0380748547614, "var": 0.117871262133, "median": 1.7711288929, "max": 3.29839658737, "dmean": 0.205926537514, "dmean2": 0.327159434557, "mean": 1.75559878349, "dvar2": 0.104323022068, "min": -0.0881066098809}, "pitch_salience": {"dvar": 0.00697139371186, "var": 0.0120010469109, "median": 0.548346877098, "max": 0.85503757, "dmean": 0.0819121599197, "dmean2": 0.130741164088, "mean": 0.531255781651, "dvar2": 0.0177140403539, "min": 0.0462971068919}, "spectral_complexity": {"dvar": 9.23369026184, "var":