{"tonal": {"chords_key": "G", "hpcp_entropy": {"dmean": 0.595119893551, "dmean2": 0.995074987411, "max": 4.61995077133, "dvar": 0.263883650303, "mean": 2.13386726379, "dvar2": 0.684793353081, "min": 0, "var": 0.744555294514, "median": 2.09404993057}, "key_key": "C", "chords_strength": {"dmean": 0.0101561583579, "dmean2": 0.0100019313395, "max": 0.789403617382, "dvar": 7.24980127416e-05, "mean": 0.495326936245, "dvar2": 8.73526660143e-05, "min": 0.18484275043, "var": 0.0100826453418, "median": 0.500404417515}, "key_scale": "major", "chords_number_rate": 0.00313479616307, "thpcp": [1, 0.713577628136, 0.412809848785, 0.35792517662, 0.345518052578, 0.507783949375, 0.654546737671, 0.460104048252, 0.348351687193, 0.495910197496, 0.447206497192, 0.410154253244, 0.529061198235, 0.441742300987, 0.488082826138, 0.695002317429, 0.541053235531, 0.335252821445, 0.319125384092, 0.30714687705, 0.526023507118, 0.892809033394, 0.750323414803, 0.474573045969, 0.411937475204, 0.416490584612, 0.761741280556, 0.923866987228, 0.601037740707, 0.414355069399, 0.390979111195, 0.269583314657, 0.267490774393, 0.355781435966, 0.445366740227, 0.768592178822], "key_strength": 0.696929454803, "tuning_nontempered_energy_ratio": 0.767310976982, "tuning_frequency": 441.272583008, "chords_changes_rate": 0.0681405737996, "tuning_diatonic_strength": 0.594828605652, "chords_scale": "minor", "chords_histogram": [13.0341529846, 6.91305065155, 9.42088794708, 1.36941099167, 8.29896068573, 1.35291206837, 3.76175546646, 3.05230164528, 2.26035308838, 3.53077054024, 6.31908941269, 2.12836170197, 0, 0, 0.0824946388602, 0, 0.412473201752, 3.64626288414, 1.23741960526, 15.772974968, 4.07523488998, 3.76175546646, 2.27685189247, 7.29252576828], "tuning_equal_tempered_deviation": 0.0729122832417, "hpcp": {"dmean": [0.115949913859, 0.100905396044, 0.0851447880268, 0.0887875929475, 0.0869978070259, 0.0884014070034, 0.0970663875341, 0.0909731313586, 0.0963443592191, 0.11471708864, 0.104502171278, 0.08456043154, 0.0805096626282, 0.0776708349586, 0.098959594965, 0.128006756306, 0.124544329941, 0.0999280288815, 0.0884175598621, 0.0877665132284, 0.110587708652, 0.12706874311, 0.112953722477, 0.0959670245647, 0.0875932723284, 0.0691201239824, 0.0728573724627, 0.0934500545263, 0.120622068644, 0.152102515101, 0.151872619987, 0.132984399796, 0.108412981033, 0.0943989604712, 0.0955658629537, 0.109272234142], "dmean2": [0.199039489031, 0.173720926046, 0.151320382953, 0.156707271934, 0.150539264083, 0.153662100434, 0.166327342391, 0.15727122128, 0.165726169944, 0.191327273846, 0.176245614886, 0.148692056537, 0.139152377844, 0.136018142104, 0.169010445476, 0.214029505849, 0.211816072464, 0.1725666821, 0.152795538306, 0.152065768838, 0.189933374524, 0.213973119855, 0.195054620504, 0.169992402196, 0.154071718454, 0.121325492859, 0.129336163402, 0.166585296392, 0.212716400623, 0.264402091503, 0.261535853148, 0.227008357644, 0.191095158458, 0.169099017978, 0.169449836016, 0.189741745591], "max": [1, 1, 1, 1, 1, 1, 1, 1, 1, 1, 1, 1, 1, 1, 1, 1, 1, 1, 1, 1, 1, 1, 1, 1, 1, 1, 1, 1, 1, 1, 1, 1, 1, 1, 1, 1], "dvar": [0.0390410497785, 0.0295791104436, 0.029267070815, 0.0329115949571, 0.0287676472217, 0.0244188923389, 0.0295813530684, 0.0260937474668, 0.027441598475, 0.0362073108554, 0.0314181372523, 0.029029769823, 0.0243922900409, 0.0225674547255, 0.0239457283169, 0.0340122878551, 0.0343104638159, 0.0270513799042, 0.0259899180382, 0.023116607219, 0.0315895751119, 0.0372450910509, 0.0326574780047, 0.0334431007504, 0.0288111642003, 0.0229295305908, 0.0250411629677, 0.0335536077619, 0.044149864465, 0.0549597367644, 0.0522459335625, 0.0426343046129, 0.0366200581193, 0.0365566089749, 0.0354818478227, 0.0368186123669], "mean": [0.178490683436, 0.125467419624, 0.094993263483, 0.135231524706, 0.121950335801, 0.11184643209, 0.144271597266, 0.120460286736, 0.133097052574, 0.189522668719, 0.147541746497, 0.0914212912321, 0.0870234444737, 0.0837569832802, 0.143443226814, 0.243463292718, 0.204608365893, 0.129413023591, 0.112332701683, 0.113574303687, 0.207721948624, 0.2519325912, 0.163899123669, 0.112991966307, 0.106617495418, 0.0735136345029, 0.0729430168867, 0.0970193147659, 0.121448650956, 0.209590151906, 0.272693574429, 0.194588035345, 0.112570591271, 0.0976038947701, 0.0942205563188, 0.138469427824], "dvar2": [0.0989270955324, 0.0802554860711, 0.0838330835104, 0.0903954058886, 0.0765659362078, 0.0675629898906, 0.0777226686478, 0.070998519659, 0.0747143626213, 0.0876677408814, 0.0818479210138, 0.0804391652346, 0.0668063983321, 0.0615597479045, 0.0632444918156, 0.0812130719423, 0.088069319725, 0.0736225098372, 0.067885376513, 0.0625919550657, 0.0823697000742, 0.0910726413131, 0.0867280587554, 0.0936213955283, 0.0779938548803, 0.0635977759957, 0.0692437589169, 0.0903536006808, 0.118962146342, 0.141779392958, 0.129552811384, 0.110754206777, 0.101329527795, 0.0983037799597, 0.0970184355974, 0.100138552487], "min": [0, 0, 0, 0, 0, 0, 0, 0, 0, 0, 0, 0, 0, 0, 0, 0, 0, 0, 0, 0, 0, 0, 0, 0, 0, 0, 0, 0, 0, 0, 0, 0, 0, 0, 0, 0], "var": [0.0767297744751, 0.0374762043357, 0.0292773898691, 0.0674331262708, 0.0498006306589, 0.0300791040063, 0.0566658265889, 0.0371315255761, 0.0410723499954, 0.0831218808889, 0.0513062663376, 0.03154720366, 0.0256628990173, 0.0223799664527, 0.0387675091624, 0.0924390107393, 0.0707952305675, 0.0399122275412, 0.0410885512829, 0.0338218584657, 0.0894034132361, 0.108346574008, 0.0583187229931, 0.0436392016709, 0.0361468493938, 0.0220174826682, 0.0224023386836, 0.0337535664439, 0.0423661060631, 0.0884702131152, 0.120431624353, 0.0775658115745, 0.0380936488509, 0.0412715524435, 0.0363618098199, 0.0538547635078], "median": [0.0535492785275, 0.0439806170762, 0.0265295635909, 0.0252797678113, 0.0272182207555, 0.0439213737845, 0.0467508770525, 0.0407931394875, 0.0448260419071, 0.0522120147943, 0.0425474047661, 0.024882376194, 0.0256451629102, 0.0291387811303, 0.0612387880683, 0.100284591317, 0.0837912112474, 0.0481500141323, 0.0314870290458, 0.0344636924565, 0.0573432706296, 0.0791482925415, 0.0573265589774, 0.0272789653391, 0.0267294663936, 0.0181159861386, 0.0204985942692, 0.0252783615142, 0.0316015258431, 0.0580120161176, 0.0850284397602, 0.0595537014306, 0.0313640646636, 0.0213265214115, 0.0207601077855, 0.038551621139]}}, "lowlevel": {"melbands_flatness_db": {"dmean": 0.0261746868491, "dmean2": 0.0397720001638, "max": 0.692218959332, "dvar": 0.000930820300709, "mean": 0.20362867415, "dvar2": 0.00201612850651, "min": 0.0334894433618, "var": 0.00606099888682, "median": 0.194785952568}, "melbands_crest": {"dmean": 3.06698155403, "dmean2": 4.97977304459, "max": 33.1684303284, "dvar": 8.37967014313, "mean": 14.7015342712, "dvar2": 21.6252212524, "min": 3.50387477875, "var": 28.5575466156, "median": 14.1066827774}, "spectral_entropy": {"dmean": 0.157349511981, "dmean2": 0.231527030468, "max": 8.85558605194, "dvar": 0.0430997945368, "mean": 7.47932195663, "dvar2": 0.0875155478716, "min": 3.60055232048, "var": 0.337479680777, "median": 7.57606220245}, "melbands": {"dmean": [0.000514137966093, 0.000909692200366, 0.000531469122507, 0.000283766625216, 0.000123546269606, 7.32577682356e-05, 3.04516706819e-05, 3.15650140692e-05, 4.5147997298e-05, 5.02278671775e-05, 3.31996452587e-05, 2.83639783447e-05, 3.11305229843e-05, 2.08205456147e-05, 1.94539697986e-05, 1.3880448023e-05, 1.67209964275e-05, 1.32815503093e-05, 1.12152883958e-05, 1.23438239825e-05, 1.97043373191e-05, 1.54291992658e-05, 1.20576187328e-05, 8.51093136589e-06, 8.20852437755e-06, 6.76276249578e-06, 6.56176553093e-06, 6.15566250417e-06, 3.73486250282e-06, 3.93406207877e-06, 2.94616916108e-06, 2.67074938165e-06, 2.07787297768e-06, 1.45060448631e-06, 8.32440150589e-07, 7.12213420684e-07, 5.810525181e-07, 4.90658862873e-07, 3.57768698223e-07, 2.76850045111e-07], "dmean2": [0.000806045776699, 0.00153431657236, 0.000889673130587, 0.000472908577649, 0.000197687462787, 0.000111528199341, 4.87620018248e-05, 5.1819570217e-05, 6.85055711074e-05, 7.60041948524e-05, 5.15727188031e-05, 4.3578176701e-05, 4.71612875117e-05, 3.20244907925e-05, 2.95967238344e-05, 2.19281719183e-05, 2.67912455456e-05, 2.15727668547e-05, 1.84553900908e-05, 2.00575723284e-05, 3.25394212268e-05, 2.53905891441e-05, 1.96987984964e-05, 1.38914729177e-05, 1.35180462166e-05, 1.09552538561e-05, 1.06094721559e-05, 9.89433010545e-06, 5.91639263803e-06, 6.29821852272e-06, 4.50658171758e-06, 4.02627620133e-06, 3.02926946461e-06, 2.16560056288e-06, 1.27821260776e-06, 1.09355744371e-06, 8.75306170656e-07, 7.39707445518e-07, 5.4838824326e-07, 4.17599380853e-07], "max": [0.0237198844552, 0.0422300025821, 0.0334540978074, 0.0104540456086, 0.0042070238851, 0.00525866216049, 0.00242782244459, 0.00621543591842, 0.00364160630852, 0.00322859687731, 0.00306316674687, 0.00255555589683, 0.00319514540024, 0.00142721971497, 0.00392034370452, 0.00350860948674, 0.00299488590099, 0.000706953112967, 0.000535507802851, 0.000835829239804, 0.000925738131627, 0.00112355058081, 0.00101289956365, 0.000498951063491, 0.000434542191215, 0.00043848430505, 0.000468274811283, 0.000876870064531, 0.000131328430143, 0.000156818219693, 0.000118771589769, 0.000116548639198, 0.000102832484117, 5.72730423301e-05, 7.25427016732e-05, 7.20829048078e-05, 8.19698470877e-05, 5.88402217545e-05, 6.79120494169e-05, 4.67018253403e-05], "dvar": [1.89901243175e-06, 5.40773771718e-06, 1.7513241346e-06, 5.28376745024e-07, 5.23535703678e-08, 3.05466620887e-08, 5.55691759274e-09, 1.01903525618e-08, 1.25365318127e-08, 1.50537591281e-08, 1.36905944359e-08, 5.92179327796e-09, 6.54546017387e-09, 2.81031420357e-09, 2.88311485797e-09, 2.54923282483e-09, 2.31931962524e-09, 8.23250134729e-10, 5.27759447255e-10, 7.71744168571e-10, 2.10726902594e-09, 1.30026789336e-09, 7.72428399021e-10, 3.67562702497e-10, 2.82709411437e-10, 2.15141932047e-10, 2.19540677304e-10, 2.46978271168e-10, 5.92762852691e-11, 7.5077277728e-11, 4.10802641904e-11, 3.82210929573e-11, 2.70229134208e-11, 1.1378317559e-11, 4.34693513823e-12, 3.36493311513e-12, 3.52143899977e-12, 2.7551953774e-12, 1.93459050862e-12, 1.09342417932e-12], "mean": [0.0010331197409, 0.00162103795446, 0.000863514724188, 0.000458755239379, 0.000222615082748, 0.00014167802874, 5.42026391486e-05, 4.71168241347e-05, 7.96373933554e-05, 8.75331752468e-05, 5.95454366703e-05, 5.45222610526e-05, 6.07652909821e-05, 4.16745097027e-05, 4.0669383452e-05, 2.49522436206e-05, 3.08073031192e-05, 2.49869408435e-05, 2.15547370317e-05, 2.47398675128e-05, 4.14344940509e-05, 3.39953257935e-05, 2.50957618846e-05, 1.78663249244e-05, 1.80639908649e-05, 1.55796697072e-05, 1.49368243001e-05, 1.33359826577e-05, 8.07581363915e-06, 8.24530525279e-06, 6.49236972095e-06, 5.55362385057e-06, 4.01754095947e-06, 2.91911464956e-06, 1.72658917563e-06, 1.45581350353e-06, 1.24716359551e-06, 1.01479940895e-06, 7.20608625215e-07, 5.51756613731e-07], "dvar2": [4.6845898396e-06, 1.48884146256e-05, 4.4705811888e-06, 1.41160069234e-06, 1.32610765036e-07, 6.80065497249e-08, 1.28814185985e-08, 2.38488961912e-08, 2.69578368517e-08, 3.33753149562e-08, 3.32830829564e-08, 1.40193217035e-08, 1.41403226905e-08, 6.49247411388e-09, 5.43554135035e-09, 5.65962743337e-09, 5.37017808e-09, 2.01956584789e-09, 1.40379108338e-09, 1.93406557436e-09, 5.6194942033e-09, 3.38668537658e-09, 1.98692484688e-09, 9.57219081776e-10, 7.54492635036e-10, 5.54223777982e-10, 5.72653369169e-10, 5.7070392856e-10, 1.45287032405e-10, 1.91811108663e-10, 8.96677593287e-11, 8.40140457203e-11, 5.60040208653e-11, 2.52624136887e-11, 1.03093696774e-11, 7.66332136637e-12, 6.98324774742e-12, 5.23413777598e-12, 4.00737212511e-12, 2.17288556939e-12], "min": [8.38159333605e-11, 6.46176792629e-11, 3.52432839856e-11, 1.54301016408e-11, 8.1065336735e-12, 4.16673509931e-12, 4.21729838551e-12, 3.97326616053e-12, 2.19465287957e-12, 1.91390718378e-12, 3.30250865717e-12, 1.49887014692e-12, 2.90489420712e-13, 1.44700915204e-13, 5.13636279776e-13, 2.66658087755e-13, 5.32320091869e-14, 1.35692550403e-13, 8.53172106531e-14, 3.36574491151e-13, 4.43395781246e-13, 1.0707661293e-13, 1.28052895978e-13, 2.98722120174e-13, 1.32173392782e-13, 1.76385341337e-13, 1.80686750826e-13, 1.29559977655e-13, 1.35791632929e-13, 7.40018127072e-14, 5.25039945331e-14, 5.48832524837e-14, 7.84791339987e-14, 4.85925725656e-14, 4.79234436423e-14, 6.95962994808e-14, 3.72566527054e-14, 8.7523148722e-14, 2.44836865625e-13, 1.77470465081e-13], "var": [4.17838600697e-06, 9.47290664044e-06, 2.34942785937e-06, 7.62578508784e-07, 1.31267711367e-07, 9.12903388439e-08, 1.47574095166e-08, 1.37856872584e-08, 3.15896784286e-08, 3.51256375097e-08, 3.23850848361e-08, 2.2319316173e-08, 2.07063131086e-08, 8.86724738081e-09, 8.78906281088e-09, 6.50610543218e-09, 7.03209890318e-09, 2.18483742209e-09, 1.31354294108e-09, 2.19745333041e-09, 6.3531366834e-09, 4.35779545782e-09, 1.99161886982e-09, 1.01341479652e-09, 9.41745570415e-10, 7.8070272469e-10, 7.50672524141e-10, 8.1268297647e-10, 1.92667284904e-10, 2.26269225578e-10, 1.36363711989e-10, 1.16397690098e-10, 7.29021495949e-11, 3.39178685138e-11, 1.2661405778e-11, 9.58579569887e-12, 9.52851079289e-12, 7.20417475675e-12, 4.94802332787e-12, 2.89006904346e-12], "median": [0.000131165259518, 0.000303446140606, 0.000271672994131, 0.000118017393106, 7.92108476162e-05, 4.3564617954e-05, 1.53033943207e-05, 1.29339578052e-05, 1.911950676e-05, 1.7487029254e-05, 9.87375278783e-06, 1.51866352098e-05, 1.52641841851e-05, 1.2843964214e-05, 1.27806724777e-05, 9.23627794691e-06, 1.09158172563e-05, 9.3139560704e-06, 6.54549648971e-06, 5.88603734286e-06, 6.6181191869e-06, 5.99400254941e-06, 5.19384866493e-06, 3.55287193088e-06, 3.30782586389e-06, 2.46854028774e-06, 2.37069252762e-06, 1.97067902263e-06, 1.07781465886e-06, 9.78078105618e-07, 8.39229414851e-07, 6.90585920893e-07, 3.60669389465e-07, 2.65594792381e-07, 1.8272751845e-07, 1.48933253286e-07, 1.54862192403e-07, 1.12448198308e-07, 7.9594684621e-08, 5.32001607212e-08]}, "silence_rate_60dB": {"dmean": 0.0280551202595, "dmean2": 0.0561148710549, "max": 1, "dvar": 0.0272708814591, "mean": 0.244141921401, "dvar2": 0.0605612210929, "min": 0, "var": 0.184527352452, "median": 0}, "spectral_energyband_middle_high": {"dmean": 0.00106289377436, "dmean2": 0.00165123154875, "max": 0.0495704934001, "dvar": 2.49463414548e-06, "mean": 0.00410317070782, "dvar2": 5.86190890317e-06, "min": 4.64280593138e-11, "var": 1.93137166207e-05, "median": 0.002677553799}, "erbbands_skewness": {"dmean": 0.378278613091, "dmean2": 0.568770110607, "max": 10.96068573, "dvar": 0.213546916842, "mean": -0.0216934513301, "dvar2": 0.456431597471, "min": -3.52186918259, "var": 1.55682218075, "median": -0.0976902246475}, "dynamic_complexity": 5.73266744614, "dissonance": {"dmean": 0.0186702981591, "dmean2": 0.0312899649143, "max": 0.500000119209, "dvar": 0.000580340623856, "mean": 0.462185680866, "dvar2": 0.001551365247, "min": 0.111594416201, "var": 0.00154912890866, "median": 0.474350035191}, "spectral_skewness": {"dmean": 0.22547852993, "dmean2": 0.353293001652, "max": 9.03063678741, "dvar": 0.106690429151, "mean": 1.583370924, "dvar2": 0.247359380126, "min": 0.094266295433, "var": 0.788619279861, "median": 1.34659695625}, "spectral_kurtosis": {"dmean": 1.77577245235, "dmean2": 2.90859389305, "max": 113.154296875, "dvar": 13.7787942886, "mean": 5.84867334366, "dvar2": 34.225528717, "min": -0.787118434906, "var": 61.914855957, "median": 3.89183044434}, "gfcc": {"cov": [[17471.5488281, -2116.44018555, -425.549591064, 3283.50927734, 673.195983887, 304.785308838, -756.018554688, 790.524719238, -295.72265625, -179.254684448, -355.798950195, 68.9298934937, -56.3050117493], [-2116.44018555, 1614.7512207, -237.202163696, -617.788391113, -63.3153762817, -29.4100875854, 178.717651367, -232.329483032, 15.7504806519, -127.907180786, 93.7002868652, -91.4354400635, 42.635723114], [-425.549591064, -237.202163696, 1291.66455078, 383.686553955, 175.526657104, 7.79819011688, 37.5101013184, 131.277603149, 48.0336799622, 109.084266663, -86.0963592529, 6.29418611526, -61.145160675], [3283.50927734, -617.788391113, 383.686553955, 1612.34460449, 393.915588379, -20.2310504913, -51.4195747375, 179.219924927, -17.2934169769, -25.5940818787, -182.140151978, -18.7016849518, -27.9382991791], [673.195983887, -63.3153762817, 175.526657104, 393.915588379, 517.884033203, 84.7391815186, -18.2401180267, 88.0505065918, 27.5303726196, 24.3008518219, -45.0795288086, 10.4804286957, -19.2140750885], [304.785308838, -29.4100875854, 7.79819011688, -20.2310504913, 84.7391815186, 340.408630371, 100.74785614, 79.3387527466, -11.2334222794, -8.91124629974, 66.0235519409, -12.1063184738, -5.55980920792], [-756.018554688, 178.717651367, 37.5101013184, -51.4195747375, -18.2401180267, 100.74785614, 250.041610718, 15.8619527817, 21.8327217102, 13.3032579422, 26.8699684143, -14.1892871857, 6.73195743561], [790.524719238, -232.329483032, 131.277603149, 179.219924927, 88.0505065918, 79.3387527466, 15.8619527817, 245.685272217, 70.1372146606, 29.7536945343, -3.14671111107, 15.7366256714, 4.04711580276], [-295.72265625, 15.7504806519, 48.0336799622, -17.2934169769, 27.5303726196, -11.2334222794, 21.8327217102, 70.1372146606, 148.320098877, 60.7458648682, 3.97766137123, -6.5720539093, -2.63672089577], [-179.254684448, -127.907180786, 109.084266663, -25.5940818787, 24.3008518219, -8.91124629974, 13.3032579422, 29.7536945343, 60.7458648682, 133.598342896, 24.9350757599, 26.1784210205, -7.99392652512], [-355.798950195, 93.7002868652, -86.0963592529, -182.140151978, -45.0795288086, 66.0235519409, 26.8699684143, -3.14671111107, 3.97766137123, 24.9350757599, 132.276565552, 40.7049255371, 25.0799674988], [68.9298934937, -91.4354400635, 6.29418611526, -18.7016849518, 10.4804286957, -12.1063184738, -14.1892871857, 15.7366256714, -6.5720539093, 26.1784210205, 40.7049255371, 101.813034058, 46.0439796448], [-56.3050117493, 42.635723114, -61.145160675, -27.9382991791, -19.2140750885, -5.55980920792, 6.73195743561, 4.04711580276, -2.63672089577, -7.99392652512, 25.0799674988, 46.0439796448, 85.2178115845]], "mean": [-62.8642883301, 80.6170883179, -119.594619751, 32.9684371948, -49.4177322388, 12.0045022964, -27.606426239, 0.437797933817, -24.6519565582, -2.67593455315, -17.0482387543, -2.62236785889, -10.0933551788], "icov": [[0.00021205325902, -0.000128673185827, 0.000258945103269, -0.000449939718237, 0.000224240488023, -0.000432126456872, 0.000724078156054, -0.000692963192705, 0.000572789111175, -0.000369215355022, 0.000460649869638, -0.000418776791776, 0.000314633391099], [-0.000128673185827, 0.00147094507702, -0.000305809488054, 0.000727329810616, -0.000844443275128, 0.00100074813236, -0.0014687232906, 0.00147736177314, -0.00121388747357, 0.00207238900475, -0.00176822859794, 0.00201345561072, -0.00129181460943], [0.000258945103269, -0.000305809488054, 0.00133091618773, -0.000718117575161, 0.000267453171546, -0.000612992967945, 0.000756339577492, -0.00128816347569, 0.000970730325207, -0.00146347214468, 0.00136723346077, -0.00108388124499, 0.00114135234617], [-0.000449939718237, 0.000727329810616, -0.000718117575161, 0.00207894388586, -0.0012899946887, 0.00136105250567, -0.00187912606634, 0.00115956913214, -0.000987048842944, 0.00151422224008, -0.00054599379655, 0.00152542057913, -0.0011555547826], [0.000224240488023, -0.000844443275128, 0.000267453171546, -0.0012899946887, 0.00333472015336, -0.0019178756047, 0.00172996148467, -0.00116395880468, 0.000366766209481, -0.0016335293185, 0.00206196447834, -0.00232422305271, 0.00139206741005], [-0.000432126456872, 0.00100074813236, -0.000612992967945, 0.00136105250567, -0.0019178756047, 0.00616401340812, -0.00366870174184, 3.17413869197e-05, 2.98133672914e-05, 0.00238918000832, -0.00477184634656, 0.00355701497756, -0.000814252125565], [0.000724078156054, -0.0014687232906, 0.000756339577492, -0.00187912606634, 0.00172996148467, -0.00366870174184, 0.00814162474126, -0.00271232891828, 0.00174795056228, -0.00306725804694, 0.00250352639705, -0.00168485869654, 0.000716109061614], [-0.000692963192705, 0.00147736177314, -0.00128816347569, 0.00115956913214, -0.00116395880468, 3.17413869197e-05, -0.00271232891828, 0.00940863974392, -0.00594744458795, 0.00291483663023, -0.00207942118868, 0.00102033256553, -0.00208395253867], [0.000572789111175, -0.00121388747357, 0.000970730325207, -0.000987048842944, 0.000366766209481, 2.98133672914e-05, 0.00174795056228, -0.00594744458795, 0.0128036653623, -0.0066497810185, 0.00176198105328, 0.00113897491246, 0.000226115065743], [-0.000369215355022, 0.00207238900475, -0.00146347214468, 0.00151422224008, -0.0016335293185, 0.00238918000832, -0.00306725804694, 0.00291483663023, -0.0066497810185, 0.0147088728845, -0.00495655555278, -0.00064521265449, 0.00103838753421], [0.000460649869638, -0.00176822859794, 0.00136723346077, -0.00054599379655, 0.00206196447834, -0.00477184634656, 0.00250352639705, -0.00207942118868, 0.00176198105328, -0.00495655555278, 0.0157239045948, -0.00759476143867, 0.00111108121928], [-0.000418776791776, 0.00201345561072, -0.00108388124499, 0.00152542057913, -0.00232422305271, 0.00355701497756, -0.00168485869654, 0.00102033256553, 0.00113897491246, -0.00064521265449, -0.00759476143867, 0.0206537190825, -0.0107184974477], [0.000314633391099, -0.00129181460943, 0.00114135234617, -0.0011555547826, 0.00139206741005, -0.000814252125565, 0.000716109061614, -0.00208395253867, 0.000226115065743, 0.00103838753421, 0.00111108121928, -0.0107184974477, 0.0189007855952]]}, "spectral_complexity": {"dmean": 2.86508798599, "dmean2": 4.45684099197, "max": 60, "dvar": 15.6869325638, "mean": 17.1441421509, "dvar2": 31.750667572, "min": 0, "var": 220.524429321, "median": 13}, "spectral_flux": {"dmean": 0.0158675760031, "dmean2": 0.0251936540008, "max": 0.315121531487, "dvar": 0.000520493893418, "mean": 0.0570324994624, "dvar2": 0.00114329601638, "min": 0.000220946836635, "var": 0.00203784974292, "median": 0.0458573997021}, "spectral_energyband_low": {"dmean": 0.00382046960294, "dmean2": 0.00624068686739, "max": 0.148949742317, "dvar": 8.08634722489e-05, "mean": 0.00815926771611, "dvar2": 0.000209003774216, "min": 4.81540973762e-10, "var": 0.000174064945895, "median": 0.00178226619028}, "spectral_decrease": {"dmean": 1.35313793503e-09, "dmean2": 2.20082418956e-09, "max": -1.9489301674e-16, "dvar": 6.18383806409e-18, "mean": -4.34356861589e-09, "dvar2": 1.60210822581e-17, "min": -4.06748164039e-08, "var": 2.07479843618e-17, "median": -2.75084843793e-09}, "barkbands_spread": {"dmean": 5.43706703186, "dmean2": 8.31798553467, "max": 116.327224731, "dvar": 45.4400634766, "mean": 26.6225986481, "dvar2": 97.9677124023, "min": 0.139943212271, "var": 338.764862061, "median": 21.8222980499}, "spectral_rms": {"dmean": 0.000518642133102, "dmean2": 0.000817079737317, "max": 0.0123568512499, "dvar": 5.20611138199e-07, "mean": 0.00355627271347, "dvar2": 1.27853138565e-06, "min": 9.4936115147e-07, "var": 4.8919382607e-06, "median": 0.00332809519023}, "spectral_centroid": {"dmean": 231.745315552, "dmean2": 353.323242188, "max": 4887.51611328, "dvar": 74617.515625, "mean": 1598.55529785, "dvar2": 160189.953125, "min": 119.489868164, "var": 658736.0625, "median": 1459.59387207}, "barkbands_skewness": {"dmean": 0.572574853897, "dmean2": 0.882539212704, "max": 19.0087184906, "dvar": 0.598228216171, "mean": 1.22315359116, "dvar2": 1.39164197445, "min": -2.80202102661, "var": 2.28587055206, "median": 0.930485069752}, "spectral_rolloff": {"dmean": 473.959320068, "dmean2": 769.251586914, "max": 17226.5625, "dvar": 741161.375, "mean": 1852.29174805, "dvar2": 1634113.25, "min": 64.599609375, "var": 2553543.5, "median": 1313.52539062}, "erbbands_spread": {"dmean": 7.70100545883, "dmean2": 11.85272789, "max": 155.32409668, "dvar": 85.7679595947, "mean": 33.3208007812, "dvar2": 192.711593628, "min": 0.352112144232, "var": 437.104156494, "median": 29.3998508453}, "barkbands": {"dmean": [6.5082393121e-05, 0.00211812392808, 0.00186932331417, 0.00111686426681, 0.00115223845933, 0.000440108589828, 0.000145361191244, 0.000178905393113, 0.00035367385135, 0.000231429978157, 0.000214529252844, 0.000190534730791, 0.000149325089296, 0.000172225627466, 0.000155246030772, 0.000215500840568, 0.000282218854409, 0.000175605207914, 0.000174560467713, 0.000169298087712, 0.0001287706109, 0.000110562432383, 5.22216723766e-05, 3.93861373595e-05, 2.69420961558e-05, 1.68843525898e-05, 4.46274634669e-06], "dmean2": [9.61399346124e-05, 0.00344824022613, 0.00313712889329, 0.00189978443086, 0.00190661416855, 0.000673167523928, 0.000235797502683, 0.000281454063952, 0.000535246334039, 0.000356796896085, 0.000326712208334, 0.000289840012556, 0.000233955201111, 0.00027487296029, 0.000254076439887, 0.000354183022864, 0.000463289063191, 0.000285612011794, 0.000283227767795, 0.00026644548052, 0.000198119319975, 0.000158048642334, 7.76620581746e-05, 5.74283112655e-05, 3.99251875933e-05, 2.52221907431e-05, 6.46320404485e-06], "max": [0.00415379181504, 0.0836217701435, 0.0693515092134, 0.0815010219812, 0.0409928150475, 0.0299559719861, 0.011126216501, 0.0247764848173, 0.0197482723743, 0.015289157629, 0.0213954485953, 0.0122737530619, 0.038273576647, 0.0221600718796, 0.00906789954752, 0.00935481023043, 0.019687525928, 0.0145893627778, 0.00775305880234, 0.0181363932788, 0.00387422344647, 0.00436606956646, 0.00452652201056, 0.00478390976787, 0.00481974566355, 0.00166146713309, 0.00173289899249], "dvar": [3.93849042268e-08, 3.13678247039e-05, 2.22034304898e-05, 9.04351145437e-06, 7.92684659245e-06, 1.03107731775e-06, 1.2719111453e-07, 2.89669344511e-07, 7.16100146292e-07, 4.46865499271e-07, 2.8759484394e-07, 2.15988151808e-07, 3.19959895023e-07, 1.87663289353e-07, 9.73581961716e-08, 2.26097114364e-07, 4.13264075405e-07, 1.64162855754e-07, 1.32231676275e-07, 1.44365344568e-07, 6.82311167566e-08, 6.42407798068e-08, 1.57720485561e-08, 1.5813704124e-08, 9.310581639e-09, 3.09070169457e-09, 4.30719404587e-10], "mean": [0.000139207331813, 0.00404572300613, 0.00305735273287, 0.00154643703718, 0.00191853370052, 0.000841442495584, 0.000244279013714, 0.000285613903543, 0.000612287258264, 0.000423218793003, 0.00040786594036, 0.000389355845982, 0.00025735195959, 0.000319705257425, 0.000301705062157, 0.000447299011284, 0.000622378254775, 0.000385665305657, 0.000435749301687, 0.000422495621024, 0.000312868272886, 0.000248562166234, 0.000118686344649, 9.12637915462e-05, 6.01524370722e-05, 3.36791854352e-05, 8.18675289338e-06], "dvar2": [8.46529388809e-08, 8.26980540296e-05, 5.99379709456e-05, 2.38092416112e-05, 2.10573507502e-05, 2.31993135458e-06, 2.98007904576e-07, 6.28575378414e-07, 1.60460331244e-06, 1.06762661289e-06, 6.14426483025e-07, 4.8795186558e-07, 6.77022171658e-07, 4.41300812781e-07, 2.4856964842e-07, 6.0555902337e-07, 1.05660762983e-06, 4.29558866699e-07, 3.46578985955e-07, 3.32895723432e-07, 1.54431859301e-07, 1.24244351696e-07, 3.47544180102e-08, 2.81277543479e-08, 1.81588024617e-08, 6.66767796531e-09, 6.90464185826e-10], "min": [8.0080858611e-11, 2.40365949367e-10, 1.12220802095e-10, 6.6981892255e-11, 6.59079318899e-11, 2.3660387885e-11, 2.24408061578e-11, 1.43429695204e-11, 1.38085749432e-11, 1.96336401997e-11, 2.49102366338e-12, 2.11286673921e-12, 3.70040630082e-12, 6.78261862907e-13, 1.33125498472e-12, 6.98287217979e-12, 1.87166840186e-12, 5.09017480943e-12, 4.22156840735e-12, 4.1937386723e-12, 3.53599614866e-12, 3.63411427687e-12, 3.4718679754e-12, 6.54538923062e-12, 2.18027488424e-11, 3.58295892955e-11, 4.28252502904e-11], "var": [1.00695125127e-07, 5.68718423892e-05, 3.96758878196e-05, 1.02385547507e-05, 1.1769358025e-05, 3.02118519357e-06, 2.88784860913e-07, 6.09930452811e-07, 1.68184135418e-06, 1.34403865104e-06, 9.08464130589e-07, 7.04886986114e-07, 7.14500231425e-07, 5.37317362159e-07, 2.75620237744e-07, 6.88217426159e-07, 1.36781727633e-06, 4.30671065033e-07, 5.67058634715e-07, 6.26664416359e-07, 2.7968249583e-07, 2.28824902138e-07, 5.45396900975e-08, 5.06376629517e-08, 2.75831144592e-08, 8.00984256699e-09, 1.45801604123e-09], "median": [1.4385062741e-06, 0.000542226887774, 0.000559778884053, 0.000362911552656, 0.00053649104666, 0.000262690125965, 7.07012077328e-05, 5.57290841243e-05, 0.000121811332065, 8.12893122202e-05, 9.68154199654e-05, 0.000113161251647, 9.17216166272e-05, 0.000121796751046, 9.22589169932e-05, 8.24265443953e-05, 0.000121535493236, 7.8496952483e-05, 7.38206581445e-05, 6.65208208375e-05, 4.39884825028e-05, 2.99150869978e-05, 1.21801604109e-05, 1.09023567347e-05, 5.27772135683e-06, 1.36483754432e-06, 2.45915884989e-07]}, "melbands_kurtosis": {"dmean": 8.02060127258, "dmean2": 12.7151508331, "max": 563.635070801, "dvar": 436.162750244, "mean": 13.5878162384, "dvar2": 1007.74005127, "min": -1.80330276489, "var": 984.882263184, "median": 4.45264911652}, "erbbands_crest": {"dmean": 2.5389547348, "dmean2": 4.01029968262, "max": 33.4613723755, "dvar": 6.83030986786, "mean": 10.0127267838, "dvar2": 15.915977478, "min": 1.89658558369, "var": 26.9681758881, "median": 8.54887580872}, "melbands_skewness": {"dmean": 0.771137773991, "dmean2": 1.20031225681, "max": 18.6470603943, "dvar": 0.973232150078, "mean": 2.3574347496, "dvar2": 2.23092293739, "min": -2.79729700089, "var": 4.28515672684, "median": 1.94355797768}, "spectral_energyband_middle_low": {"dmean": 0.00254313764162, "dmean2": 0.00415061833337, "max": 0.0858263298869, "dvar": 2.46701929427e-05, "mean": 0.00562080973759, "dvar2": 6.3977589889e-05, "min": 2.14868262072e-10, "var": 4.13481102441e-05, "median": 0.00385399674997}, "spectral_contrast_coeffs": {"dmean": [0.0486088804901, 0.0447446107864, 0.0364983268082, 0.0299310889095, 0.0212457161397, 0.0170329287648], "dmean2": [0.0791660696268, 0.0731419846416, 0.0590396635234, 0.0484870783985, 0.0345112122595, 0.0265703238547], "max": [-0.300095677376, -0.398623168468, -0.459005624056, -0.507369816303, -0.585782885551, -0.562049865723], "dvar": [0.00185844837688, 0.00144264928531, 0.000941253558267, 0.000656359188724, 0.000359355472028, 0.000333467469318], "mean": [-0.647523999214, -0.731776237488, -0.753474831581, -0.767324388027, -0.792145192623, -0.749256372452], "dvar2": [0.00468327198178, 0.00368272862397, 0.0023400769569, 0.00161836377811, 0.000865174690261, 0.000701047829352], "min": [-0.948342263699, -0.975141167641, -0.961190402508, -0.941686332226, -0.954428970814, -0.914469063282], "var": [0.00877026189119, 0.0083975745365, 0.00647092470899, 0.00386617681943, 0.00227270810865, 0.00336308218539], "median": [-0.648178458214, -0.745680570602, -0.763700187206, -0.772557020187, -0.793100714684, -0.746699094772]}, "spectral_contrast_valleys": {"dmean": [0.402415186167, 0.395060360432, 0.339744359255, 0.309086889029, 0.252055674791, 0.231415584683], "dmean2": [0.652482271194, 0.648768782616, 0.553434252739, 0.49208265543, 0.386625140905, 0.317397981882], "max": [-5.2505979538, -5.01572751999, -5.69140863419, -5.88116693497, -5.3736371994, -7.59045934677], "dvar": [0.133988112211, 0.154505476356, 0.112634122372, 0.114957436919, 0.0966052338481, 0.0954639986157], "mean": [-8.10783290863, -7.74493265152, -8.08893108368, -8.35807514191, -8.07865428925, -10.779302597], "dvar2": [0.311748743057, 0.388590484858, 0.261466383934, 0.258771568537, 0.212378412485, 0.171008303761], "min": [-13.9960927963, -14.4156742096, -15.1748666763, -16.2936382294, -15.4195928574, -17.1546936035], "var": [2.36959910393, 1.11083817482, 1.32169914246, 1.87967348099, 2.8603219986, 2.47173118591], "median": [-7.81323862076, -7.6131696701, -7.80751419067, -8.10974788666, -7.87978935242, -10.6329555511]}, "silence_rate_20dB": {"dmean": 0, "dmean2": 0, "max": 1, "dvar": 0, "mean": 1, "dvar2": 0, "min": 1, "var": 0, "median": 1}, "silence_rate_30dB": {"dmean": 0.000165030112839, "dmean2": 0.000330087466864, "max": 1, "dvar": 0.000164987955941, "mean": 0.999834954739, "dvar2": 0.000329918868374, "min": 0, "var": 0.0001649743499, "median": 1}, "spectral_strongpeak": {"dmean": 0.338836014271, "dmean2": 0.577668786049, "max": 15.8535051346, "dvar": 0.496168971062, "mean": 0.637515127659, "dvar2": 1.2577958107, "min": 0, "var": 0.792129099369, "median": 0.349640905857}, "spectral_spread": {"dmean": 405793.46875, "dmean2": 587812.0625, "max": 22693680, "dvar": 273253138432, "mean": 4222103.5, "dvar2": 496034643968, "min": 814334.8125, "var": 2120813772800.0, "median": 4100329.5}, "barkbands_flatness_db": {"dmean": 0.0207782369107, "dmean2": 0.0319809429348, "max": 0.550785660744, "dvar": 0.000607601716183, "mean": 0.141961961985, "dvar2": 0.00133173482027, "min": 0.0254870913923, "var": 0.00388247449882, "median": 0.132744848728}, "pitch_salience": {"dmean": 0.0708037018776, "dmean2": 0.115318879485, "max": 0.870552003384, "dvar": 0.00481893308461, "mean": 0.519471049309, "dvar2": 0.0126685835421, "min": 0.0995142236352, "var": 0.0133455172181, "median": 0.521378219128}, "erbbands_kurtosis": {"dmean": 1.76420521736, "dmean2": 2.72917199135, "max": 219.751968384, "dvar": 29.8557071686, "mean": 2.65630841255, "dvar2": 67.2495651245, "min": -1.80310034752, "var": 91.1059951782, "median": 0.964608192444}, "average_loudness": 0.522622942924, "barkbands_crest": {"dmean": 2.40293383598, "dmean2": 3.87583494186, "max": 26.2004985809, "dvar": 5.37370109558, "mean": 9.93477058411, "dvar2": 14.0131883621, "min": 2.17063164711, "var": 17.4428348541, "median": 9.09938907623}, "hfc": {"dmean": 3.84213089943, "dmean2": 5.61738491058, "max": 134.404281616, "dvar": 40.625038147, "mean": 17.4625873566, "dvar2": 82.0003128052, "min": 2.07542029784e-06, "var": 422.610534668, "median": 8.65707874298}, "barkbands_kurtosis": {"dmean": 3.84308242798, "dmean2": 6.02539396286, "max": 629.721496582, "dvar": 255.127532959, "mean": 5.18102931976, "dvar2": 637.983215332, "min": -1.91760718822, "var": 464.980895996, "median": 0.557554960251}, "erbbands": {"dmean": [0.0535162016749, 0.543619394302, 2.01068806648, 2.97840166092, 4.40761327744, 3.33041453362, 3.64660692215, 3.16294956207, 2.02732634544, 2.79593968391, 4.60164642334, 8.31031227112, 6.79298734665, 7.08363676071, 8.07322216034, 8.48715114594, 6.69192743301, 8.24245834351, 7.75891494751, 7.37120866776, 13.6807308197, 12.2838373184, 9.86271381378, 8.97342395782, 8.03565788269, 8.28298950195, 5.50243091583, 4.92379951477, 4.00918579102, 2.71819615364, 1.28421258926, 0.929087162018, 0.605048894882, 0.329123973846, 0.18741568923, 0.090780518949, 0.0285878926516, 0.00581506919116, 0.000746440549847, 4.50563602499e-05], "dmean2": [0.0799420624971, 0.916904985905, 3.40164446831, 5.01074409485, 7.34720754623, 5.60132312775, 5.79393005371, 4.83180093765, 3.23689937592, 4.58839082718, 7.00967884064, 12.4970302582, 10.5253505707, 10.8695011139, 12.2835454941, 13.0600013733, 10.4219293594, 13.1415491104, 12.5952196121, 12.0413961411, 22.5563602448, 20.0765037537, 16.0762767792, 14.6037130356, 12.9244718552, 13.1524629593, 8.51517772675, 7.45088672638, 5.78458452225, 3.90668225288, 1.90313887596, 1.3727363348, 0.890461802483, 0.486362487078, 0.28405341506, 0.139091953635, 0.0422866493464, 0.00835447572172, 0.00107900728472, 6.62734091748e-05], "max": [2.89249849319, 22.6353874207, 90.8668441772, 228.172653198, 164.172729492, 120.102844238, 156.828201294, 224.150863647, 152.983551025, 515.255737305, 496.105010986, 452.810821533, 631.065612793, 578.11541748, 680.063903809, 506.012176514, 1774.30834961, 1812.9329834, 512.582214355, 379.822174072, 623.260620117, 736.913024902, 815.038208008, 419.423309326, 363.763061523, 1092.45727539, 212.762329102, 177.916122437, 174.888458252, 124.491783142, 129.305465698, 113.846084595, 76.9668273926, 63.521194458, 30.0040054321, 6.93962335587, 3.83040618896, 2.05018472672, 0.212357088923, 0.0181188229471], "dvar": [0.0231312271208, 2.20551514626, 26.3797206879, 68.9785232544, 149.103103638, 55.3759422302, 53.5037269592, 60.0724830627, 24.3912296295, 74.9308013916, 151.209609985, 412.593811035, 561.176696777, 323.704162598, 401.069366455, 439.729431152, 491.323638916, 633.378601074, 270.293334961, 223.509979248, 954.446166992, 721.524963379, 517.831359863, 323.351196289, 278.962982178, 412.86920166, 122.714126587, 107.883766174, 86.7077636719, 41.4694862366, 10.2269649506, 7.53555870056, 4.5401134491, 1.54382836819, 0.42865601182, 0.0753907859325, 0.0103503093123, 0.000680831552017, 9.15347482078e-06, 4.52951312013e-08], "mean": [0.111845441163, 0.934960305691, 3.42098021507, 4.67404174805, 6.43328714371, 5.62470722198, 6.48854827881, 6.09053087234, 3.65483617783, 4.26398086548, 8.28422355652, 14.5129585266, 12.5151586533, 14.1320953369, 16.9835453033, 17.2692699432, 13.4208526611, 16.1411914825, 15.8677835464, 16.4955558777, 31.446975708, 30.5051364899, 23.3379802704, 22.1541843414, 21.0191822052, 20.3679466248, 13.6005849838, 11.8605918884, 9.04556369781, 5.85806131363, 2.95001149178, 2.12990045547, 1.33989942074, 0.708967685699, 0.397150039673, 0.188776761293, 0.0535555630922, 0.0104687390849, 0.00135064846836, 9.8536562291e-05], "dvar2": [0.0519126169384, 6.13669919968, 72.7780761719, 176.409759521, 390.78326416, 151.393112183, 131.629852295, 135.445571899, 57.0656242371, 176.440994263, 319.11907959, 893.145385742, 1365.06152344, 760.025268555, 882.560913086, 1035.59765625, 992.623596191, 1471.69335938, 661.341308594, 572.251464844, 2566.57055664, 1868.82141113, 1355.82849121, 855.560668945, 725.746154785, 929.352294922, 286.651000977, 232.870727539, 173.847763062, 83.1487884521, 22.8023548126, 14.5301170349, 8.28346157074, 2.87094807625, 0.928570389748, 0.173624172807, 0.0219296570867, 0.0012006588513, 1.66897989402e-05, 8.52240660265e-08], "min": [9.40190680865e-09, 4.62790730182e-08, 1.23121509432e-07, 1.97005533664e-07, 2.17398948621e-07, 2.13038930497e-07, 2.20112738702e-07, 1.81847738645e-07, 2.62788375949e-07, 3.76371531274e-07, 2.86969282115e-07, 2.89519505259e-07, 6.44665647087e-07, 3.34438254868e-07, 7.5527978538e-08, 1.17044685055e-07, 1.76114653527e-07, 4.3862776522e-08, 8.60375948264e-08, 1.21914936813e-07, 3.80527552579e-07, 1.25565193798e-07, 2.47249715812e-07, 1.95994829255e-07, 2.76632619034e-07, 2.0810992396e-07, 2.00185112931e-07, 9.41909661378e-08, 1.03585406919e-07, 1.08506178265e-07, 9.8050676911e-08, 7.53526308017e-08, 1.85636224614e-07, 2.27308305512e-07, 1.35337842266e-07, 1.50293288925e-07, 5.64985001006e-08, 2.52941134704e-08, 4.35102442964e-09, 7.51232243079e-10], "var": [0.061871971935, 3.11904907227, 47.9769973755, 87.8857803345, 167.758071899, 110.638534546, 136.212890625, 176.07510376, 63.8330917358, 103.99420166, 395.172180176, 995.927978516, 1328.54467773, 1214.23510742, 1243.36853027, 1225.77624512, 1316.61621094, 2017.77246094, 799.383728027, 686.703735352, 3326.15966797, 2961.25170898, 1506.80859375, 1298.08459473, 1304.32836914, 1643.3392334, 521.288024902, 424.359039307, 300.67300415, 135.292175293, 34.7525596619, 23.7294273376, 12.9266271591, 4.55991029739, 1.1071972847, 0.208662360907, 0.0253590792418, 0.00214698724449, 3.02065545839e-05, 1.19711017987e-07], "median": [0.00971599202603, 0.146156847477, 0.619468450546, 1.28941130638, 1.90988254547, 1.34783470631, 2.19912648201, 1.84367370605, 1.16727817059, 1.3143081665, 2.29896521568, 3.01359462738, 2.6226041317, 4.49581718445, 5.33849191666, 5.82240390778, 5.25541114807, 6.34562492371, 6.35075378418, 5.29078483582, 6.01226377487, 6.08833694458, 5.39173603058, 4.46065092087, 3.69843435287, 3.33645582199, 1.93736696243, 1.61292207241, 1.11434364319, 0.546168386936, 0.322037756443, 0.249065026641, 0.152779787779, 0.0743253231049, 0.0296119786799, 0.00783228687942, 0.00215537426993, 0.000442191958427, 4.59456496174e-05, 1.79565686267e-05]}, "spectral_energy": {"dmean": 0.00525035569444, "dmean2": 0.0085122724995, "max": 0.156509056687, "dvar": 9.0025991085e-05, "mean": 0.0179774574935, "dvar2": 0.000233085345826, "min": 9.23818799237e-10, "var": 0.000340842409059, "median": 0.0113531220704}, "zerocrossingrate": {"dmean": 0.00967597868294, "dmean2": 0.0110514834523, "max": 0.37841796875, "dvar": 0.000128785133711, "mean": 0.0665658712387, "dvar2": 0.000149875311763, "min": 0.00244140625, "var": 0.00148790015373, "median": 0.05712890625}, "spectral_en