{"metadata": {"version": {"essentia_git_sha": "v2.1_beta2", "essentia_build_sha": "70f2e5ece6736b2c40cc944ad0e695b16b925413", "extractor": "music 1.0", "essentia": "2.1-beta2"}, "audio_properties": {"analysis_sample_rate": 44100, "md5_encoded": "644319e7b1f7cfd6b2354e92f3c8bfbb", "downmix": "mix", "sample_rate": 44100, "equal_loudness": 0, "lossless": false, "codec": "mp3", "bit_rate": 256027, "length": 248.581222534, "replay_gain": -9.21012496948}, "tags": {"album": ["Time For The Rest Of Your Life"], "discnumber": ["1"], "musicbrainz_recordingid": ["88da4e98-bc5c-4a34-a727-8b72693fbdee"], "title": ["World Outside"], "file_name": "2022800.mp3", "genre": ["Pop"], "artist": ["Strangelove"], "tracknumber": ["7"], "date": ["1994"], "length": ["249"]}}, "rhythm": {"beats_loudness": {"var": 0.000306758767692, "mean": 0.0289072748274, "dmean2": 0.0187466200441, "dvar": 0.000109437176434, "dmean": 0.0112708723173, "max": 0.100910000503, "min": 0, "median": 0.028123870492, "dvar2": 0.000316159450449}, "beats_position": [0.406349211931, 0.847528338432, 1.30031740665, 1.74149656296, 2.20589566231, 2.67029476166, 3.13469386101, 3.59909296036, 4.05188179016, 4.5046710968, 4.96907043457, 5.4334692955, 5.88625860214, 6.33904743195, 6.80344676971, 7.26784563065, 7.73224496841, 8.19664382935, 8.66104316711, 9.12544155121, 9.58984088898, 10.0542402267, 10.5186395645, 10.9830379486, 11.4358272552, 11.8886165619, 12.3530158997, 12.8174142838, 13.2818136215, 13.7462129593, 14.2106122971, 14.66340065, 15.1277999878, 15.5805892944, 16.0449886322, 16.50938797, 16.9737873077, 17.4381847382, 17.9025840759, 18.3553733826, 18.8197727203, 19.272562027, 19.7369613647, 20.2013607025, 20.6541500092, 21.1069393158, 21.5829467773, 22.0473461151, 22.5117454529, 22.9645347595, 23.4289340973, 23.8933334351, 24.3577327728, 24.8105201721, 25.2749195099, 25.7277088165, 26.1921081543, 26.6565074921, 27.1209068298, 27.5853061676, 28.0380954742, 28.4908847809, 28.9552822113, 29.4196815491, 29.8724708557, 30.3368701935, 30.8012695312, 31.2540588379, 31.7184581757, 32.1828575134, 32.6472549438, 33.111656189, 33.5644454956, 34.0172348022, 34.4816322327, 34.9460296631, 35.4104309082, 35.8748283386, 36.3392295837, 36.8036270142, 37.2680282593, 37.7324256897, 38.1968231201, 38.6496124268, 39.1024017334, 39.5668029785, 40.0312004089, 40.4956016541, 40.9599990845, 41.4243965149, 41.88879776, 42.3531951904, 42.8175964355, 43.2703857422, 43.7347831726, 44.1875724792, 44.6519737244, 45.1163711548, 45.5807685852, 46.0335578918, 46.4863471985, 46.9391365051, 47.415145874, 47.8795471191, 48.3323364258, 48.7851219177, 49.2495231628, 49.7255325317, 50.2015419006, 50.6659393311, 51.1303405762, 51.5947380066, 52.0591392517, 52.5235366821, 52.9879341125, 53.4407234192, 53.9051246643, 54.3695220947, 54.8223114014, 55.275100708, 55.7395019531, 56.1922874451, 56.6566886902, 57.1210861206, 57.5854873657, 58.0382766724, 58.491065979, 58.9554634094, 59.4198646545, 59.884262085, 60.3602714539, 60.8130607605, 61.2774581909, 61.741859436, 62.1946487427, 62.6474380493, 63.1118354797, 63.5762329102, 64.0406341553, 64.5050354004, 64.9694290161, 65.4222183228, 65.8750076294, 66.3394088745, 66.8038101196, 67.2682037354, 67.7326049805, 68.1970062256, 68.6497955322, 69.1025848389, 69.566986084, 70.0313796997, 70.4957809448, 70.9485702515, 71.4129714966, 71.8657608032, 72.3301544189, 72.7945556641, 73.2589569092, 73.7233581543, 74.18775177, 74.6405410767, 75.1049423218, 75.5577316284, 76.0105209351, 76.4633102417, 76.9277114868, 77.3921051025, 77.8565063477, 78.3209075928, 78.7853012085, 79.2497024536, 79.7141036987, 80.1785049438, 80.6428985596, 81.0956878662, 81.5600891113, 82.012878418, 82.4772796631, 82.9416732788, 83.4060745239, 83.8588638306, 84.3232650757, 84.7876663208, 85.2520599365, 85.7048492432, 86.1692504883, 86.6220397949, 87.08644104, 87.5392303467, 88.0036239624, 88.4680252075, 88.9324264526, 89.3968200684, 89.8612213135, 90.3256225586, 90.7784118652, 91.2312011719, 91.695602417, 92.1599960327, 92.6243972778, 93.0887985229, 93.5531921387, 94.0175933838, 94.4819946289, 94.946395874, 95.4107894897, 95.8751907349, 96.33959198, 96.8039855957, 97.2683868408, 97.7211761475, 98.1739654541, 98.6383666992, 99.0911560059, 99.555557251, 100.019950867, 100.472740173, 100.937141418, 101.401542664, 101.865936279, 102.330337524, 102.79473877, 103.259140015, 103.72353363, 104.176322937, 104.640724182, 105.093513489, 105.557914734, 106.02230835, 106.486709595, 106.95111084, 107.403900146, 107.856689453, 108.321083069, 108.785484314, 109.249885559, 109.714286804, 110.17868042, 110.654693604, 111.130699158, 111.595100403, 112.036277771, 112.477455139, 112.930244446, 113.383033752, 113.847434998, 114.300224304, 114.753013611, 115.217414856, 115.681808472, 116.146209717, 116.610610962, 117.075012207, 117.539405823, 118.003807068, 118.468208313, 118.932601929, 119.397003174, 119.861404419, 120.314193726, 120.778594971, 121.231384277, 121.695777893, 122.160179138, 122.624580383, 123.088973999, 123.553375244, 124.017776489, 124.482177734, 124.94657135, 125.399360657, 125.852149963, 126.30493927, 126.780952454, 127.245346069, 127.709747314, 128.17414856, 128.638549805, 129.10295105, 129.567337036, 130.031738281, 130.484527588, 130.937316895, 131.40171814, 131.866119385, 132.33052063, 132.794921875, 133.25932312, 133.723709106, 134.176498413, 134.62928772, 135.093688965, 135.55809021, 136.010879517, 136.475280762, 136.928070068, 137.380859375, 137.856872559, 138.321273804, 138.78565979, 139.238449097, 139.702850342, 140.155639648, 140.620040894, 141.084442139, 141.560455322, 142.013244629, 142.477645874, 142.94203186, 143.406433105, 143.870834351, 144.323623657, 144.776412964, 145.240814209, 145.693603516, 146.158004761, 146.610794067, 147.075195312, 147.539596558, 148.003982544, 148.468383789, 148.932785034, 149.397186279, 149.849975586, 150.302764893, 150.767166138, 151.231567383, 151.684356689, 152.148742676, 152.624755859, 153.077545166, 153.530334473, 153.994735718, 154.459136963, 154.923538208, 155.387939453, 155.84072876, 156.305114746, 156.757904053, 157.222305298, 157.686706543, 158.151107788, 158.615509033, 159.079910278, 159.544311523, 160.00869751, 160.461486816, 160.914276123, 161.378677368, 161.843078613, 162.307479858, 162.771881104, 163.22467041, 163.689071655, 164.141860962, 164.606262207, 165.070648193, 165.535049438, 165.999450684, 166.463851929, 166.928253174, 167.392654419, 167.845443726, 168.309844971, 168.762634277, 169.215423584, 169.668212891, 170.132598877, 170.597000122, 171.061401367, 171.525802612, 171.990203857, 172.454605103, 172.919006348, 173.383392334, 173.847793579, 174.300582886, 174.753372192, 175.217773438, 175.670562744, 176.123352051, 176.587753296, 177.063766479, 177.516555786, 177.980941772, 178.445343018, 178.909744263, 179.374145508, 179.826934814, 180.279724121, 180.744125366, 181.208526611, 181.672927856, 182.137313843, 182.590103149, 183.042892456, 183.507293701, 183.971694946, 184.436096191, 184.900497437, 185.364898682, 185.829299927, 186.293685913, 186.758087158, 187.222488403, 187.686889648, 188.151290894, 188.615692139, 189.068481445, 189.521270752, 189.985671997, 190.438461304, 190.89125061, 191.355636597, 191.820037842, 192.284439087, 192.737228394, 193.1900177, 193.654418945, 194.11882019, 194.583221436, 195.047622681, 195.512008667, 195.976409912, 196.440811157, 196.905212402, 197.369613647, 197.822402954, 198.275192261, 198.739593506, 199.203994751, 199.668380737, 200.121170044, 200.573959351, 201.038360596, 201.502761841, 201.967163086, 202.431564331, 202.895965576, 203.360351562, 203.824752808, 204.289154053, 204.753555298, 205.217956543, 205.682357788, 206.146759033, 206.611160278, 207.075546265, 207.528335571, 207.981124878, 208.445526123, 208.909927368, 209.374328613, 209.82711792, 210.279907227, 210.744308472, 211.208709717, 211.661499023, 212.11428833, 212.578674316, 213.043075562, 213.507476807, 213.971878052, 214.436279297, 214.900680542, 215.353469849, 215.806259155, 216.2706604, 216.735046387, 217.199447632, 217.663848877, 218.128250122, 218.592651367, 219.045440674, 219.49822998, 219.962631226, 220.427032471, 220.891418457, 221.355819702, 221.820220947, 222.284622192, 222.749023438, 223.213424683, 223.677825928, 224.142211914, 224.595001221, 225.059402466, 225.512191772, 225.976593018, 226.429382324, 226.882171631, 227.346572876, 227.810974121, 228.263763428, 228.728164673, 229.192550659, 229.645339966, 230.109741211, 230.574142456, 231.038543701, 231.514556885, 232.002166748, 232.48979187, 232.977416992, 233.430206299, 233.882995605, 234.347381592, 234.800170898, 235.252960205, 235.705749512, 236.158538818, 236.622940063, 237.087341309, 237.551742554, 238.016143799, 238.480545044, 238.944946289, 239.409332275, 239.873733521, 240.338134766, 240.814147949, 241.301757812, 241.789382935, 242.323440552, 242.857498169, 243.391555786, 244.006881714, 244.6222229, 245.272369385, 245.910919189, 246.549468994, 247.199630737, 247.84979248], "bpm_histogram_first_peak_spread": {"var": 0, "mean": 0.309338510036, "dmean2": 0, "dvar": 0, "dmean": 0, "max": 0.309338510036, "min": 0.309338510036, "median": 0.309338510036, "dvar2": 0}, "danceability": 1.05337131023, "bpm_histogram_second_peak_weight": {"var": 0, "mean": 0.00938086304814, "dmean2": 0, "dvar": 0, "dmean": 0, "max": 0.00938086304814, "min": 0.00938086304814, "median": 0.00938086304814, "dvar2": 0}, "bpm_histogram_first_peak_weight": {"var": 0, "mean": 0.666041254997, "dmean2": 0, "dvar": 0, "dmean": 0, "max": 0.666041254997, "min": 0.666041254997, "median": 0.666041254997, "dvar2": 0}, "bpm": 130.048049927, "bpm_histogram_second_peak_spread": {"var": 0, "mean": 0, "dmean2": 0, "dvar": 0, "dmean": 0, "max": 0, "min": 0, "median": 0, "dvar2": 0}, "bpm_histogram_second_peak_bpm": {"var": 0, "mean": 123, "dmean2": 0, "dvar": 0, "dmean": 0, "max": 123, "min": 123, "median": 123, "dvar2": 0}, "beats_count": 534, "beats_loudness_band_ratio": {"var": [0.0855263546109, 0.0129362307489, 0.018336340785, 0.0125561133027, 0.00429159216583, 0.012841610238], "mean": [0.556515455246, 0.135986581445, 0.151276171207, 0.0828661546111, 0.0500715225935, 0.0622459426522], "dmean2": [0.448018163443, 0.208446070552, 0.179381266236, 0.108719147742, 0.0632230341434, 0.141081169248], "dvar": [0.0459878705442, 0.012029168196, 0.00950424093753, 0.00774356722832, 0.00205334927887, 0.0213130526245], "dmean": [0.241005927324, 0.112401925027, 0.0993325933814, 0.0638809651136, 0.0348181165755, 0.0739056169987], "max": [0.997863173485, 0.632419109344, 0.625707864761, 0.633689403534, 0.354177683592, 0.969262599945], "min": [0, 0, 0, 0, 0, 0], "median": [0.563738822937, 0.105277195573, 0.12091845274, 0.0368188768625, 0.0226792171597, 0.0327130705118], "dvar2": [0.157846316695, 0.0400390960276, 0.0274565164, 0.0211967136711, 0.00581982452422, 0.0725961625576]}, "onset_rate": 3.25834012032, "bpm_histogram_first_peak_bpm": {"var": 0, "mean": 129, "dmean2": 0, "dvar": 0, "dmean": 0, "max": 129, "min": 129, "median": 129, "dvar2": 0}}, "lowlevel": {"hfc": {"var": 432.473907471, "mean": 18.9742546082, "dmean2": 8.06536579132, "dvar": 97.2404174805, "dmean": 5.35235738754, "max": 278.45690918, "min": 1.08284764769e-16, "median": 12.7891187668, "dvar2": 195.879165649}, "barkbands_spread": {"var": 295.843597412, "mean": 19.0444927216, "dmean2": 9.79226303101, "dvar": 129.688766479, "dmean": 6.17143917084, "max": 126.189620972, "min": 0.184729218483, "median": 16.3464889526, "dvar2": 302.699523926}, "spectral_spread": {"var": 10661683789800.0, "mean": 4778691, "dmean2": 988372.8125, "dvar": 1395050020860.0, "dmean": 728273.6875, "max": 51655088, "min": 603137.3125, "median": 4306598, "dvar2": 2650709164030.0}, "spectral_energy": {"var": 0.000410470587667, "mean": 0.0249386075884, "dmean2": 0.0147200021893, "dvar": 0.000234808991081, "dmean": 0.0087255211547, "max": 0.156682357192, "min": 1.01615680896e-20, "median": 0.0231390018016, "dvar2": 0.000646832282655}, "gfcc": {"icov": [[7.2979782999e-05, -1.9630373572e-05, 0.000118324562209, -6.14713862888e-05, 9.75253424258e-05, -3.05434223264e-05, 0.000131437569507, -0.00015812375932, 0.000134261092171, -0.000104479877336, 0.000242918627919, -0.000174904096639, 0.000243888527621], [-1.9630373572e-05, 0.000747373967897, 2.13711628021e-05, 0.000451681844424, -0.000321247905958, 0.000220880974666, 4.7073172027e-05, 0.000291586591629, -0.000882422260474, 0.0013503805967, -0.000987321836874, 0.00100167677738, -0.000298685219605], [0.000118324562209, 2.13711628021e-05, 0.000935466494411, -0.000156311114551, -0.00011486706353, -0.000231369398534, -0.000302138651023, 0.0002613554243, -0.000567015376873, 0.000172366053448, 7.78669636929e-05, -8.59290012158e-05, 0.000530380348209], [-6.14713862888e-05, 0.000451681844424, -0.000156311114551, 0.0026159551926, -0.000276877835859, -2.40670542553e-05, 0.000644315849058, -0.000239108048845, -0.000402369565563, -0.000543521135114, -0.000627085566521, 0.00112726574298, -0.00112644070759], [9.75253424258e-05, -0.000321247905958, -0.00011486706353, -0.000276877835859, 0.00359829096124, -0.000168977610883, -0.000913072319236, 0.000165982579347, -0.00118448177818, -5.52480341867e-05, -0.000664983061142, -0.000127160426928, -4.98823374073e-06], [-3.05434223264e-05, 0.000220880974666, -0.000231369398534, -2.40670542553e-05, -0.000168977610883, 0.00419411016628, -0.00116038322449, -0.000639223027974, 0.00202058046125, -0.000422178010922, -0.000433591601904, 0.000169393228134, -0.000564233690966], [0.000131437569507, 4.7073172027e-05, -0.000302138651023, 0.000644315849058, -0.000913072319236, -0.00116038322449, 0.00645288964733, -0.001325763762, 0.00027632387355, 0.000667485466693, -0.000278506311588, 0.000451364612672, -0.000160013616551], [-0.00015812375932, 0.000291586591629, 0.0002613554243, -0.000239108048845, 0.000165982579347, -0.000639223027974, -0.001325763762, 0.00862915534526, -0.00225948938169, 0.000761794857681, -4.12221088482e-05, -0.00174544332549, 0.00118138582911], [0.000134261092171, -0.000882422260474, -0.000567015376873, -0.000402369565563, -0.00118448177818, 0.00202058046125, 0.00027632387355, -0.00225948938169, 0.0124776912853, -0.00483243586496, 0.0012286552228, 0.000846871582326, -0.000999905983917], [-0.000104479877336, 0.0013503805967, 0.000172366053448, -0.000543521135114, -5.52480341867e-05, -0.000422178010922, 0.000667485466693, 0.000761794857681, -0.00483243586496, 0.0155824385583, -0.00540561089292, 0.000567386508919, 0.0015713586472], [0.000242918627919, -0.000987321836874, 7.78669636929e-05, -0.000627085566521, -0.000664983061142, -0.000433591601904, -0.000278506311588, -4.12221088482e-05, 0.0012286552228, -0.00540561089292, 0.0165014881641, -0.00516819255427, 0.00251521123573], [-0.000174904096639, 0.00100167677738, -8.59290012158e-05, 0.00112726574298, -0.000127160426928, 0.000169393228134, 0.000451364612672, -0.00174544332549, 0.000846871582326, 0.000567386508919, -0.00516819255427, 0.0162212215364, -0.00425051292405], [0.000243888527621, -0.000298685219605, 0.000530380348209, -0.00112644070759, -4.98823374073e-06, -0.000564233690966, -0.000160013616551, 0.00118138582911, -0.000999905983917, 0.0015713586472, 0.00251521123573, -0.00425051292405, 0.0139947105199]], "mean": [-52.8438568115, 101.357978821, -85.7018203735, 23.1209278107, -49.2274856567, 7.43897008896, -35.0678329468, 12.0708637238, -23.1717357635, -1.51374125481, -20.6344146729, -1.22856938839, -16.3933124542], "cov": [[31790.6347656, -2670.45776367, -4782.30126953, 592.716308594, -1793.36096191, 106.822013855, -1056.09326172, 622.666687012, -717.545410156, 192.558914185, -393.882781982, 337.853485107, -342.520751953], [-2670.45776367, 2635.97460938, 390.59967041, -406.212738037, 382.269378662, -211.457199097, 106.746582031, -133.882751465, 200.20539856, -181.018768311, 65.0869064331, -146.937042236, 37.7349853516], [-4782.30126953, 390.59967041, 1895.84631348, -24.7346382141, 348.619476318, 42.2463989258, 224.861358643, -98.6984024048, 160.095062256, -17.6966018677, 63.2103767395, -62.5340690613, 13.6400823593], [592.716308594, -406.212738037, -24.7346382141, 497.602661133, -27.978767395, 19.332075119, -61.0810928345, 26.1614341736, 3.65325784683, 58.9652023315, 2.25892138481, 2.9912686348, 13.9960098267], [-1793.36096191, 382.269378662, 348.619476318, -27.978767395, 435.151367188, -8.4353017807, 107.483909607, -32.8829421997, 91.1784820557, -8.89556694031, 44.4006195068, -27.5201377869, 18.9425067902], [106.822013855, -211.457199097, 42.2463989258, 19.332075119, -8.4353017807, 302.256774902, 59.1341705322, 27.0438747406, -58.6647834778, 6.60537242889, 6.28599834442, 16.8042373657, 3.19761657715], [-1056.09326172, 106.746582031, 224.861358643, -61.0810928345, 107.483909607, 59.1341705322, 222.629837036, 7.89486026764, 16.9311141968, -18.4841194153, 16.3038520813, -10.4167118073, 8.73727607727], [622.666687012, -133.882751465, -98.6984024048, 26.1614341736, -32.8829421997, 27.0438747406, 7.89486026764, 144.906478882, 0.575078904629, 10.3928623199, -3.45607614517, 22.6926021576, -12.5385322571], [-717.545410156, 200.20539856, 160.095062256, 3.65325784683, 91.1784820557, -58.6647834778, 16.9311141968, 0.575078904629, 136.093444824, 21.0864944458, 13.6699733734, -20.0786895752, 7.6175904274], [192.558914185, -181.018768311, -17.6966018677, 58.9652023315, -8.89556694031, 6.60537242889, -18.4841194153, 10.3928623199, 21.0864944458, 99.9288635254, 24.6396999359, 10.2309579849, -13.662569046], [-393.882781982, 65.0869064331, 63.2103767395, 2.25892138481, 44.4006195068, 6.28599834442, 16.3038520813, -3.45607614517, 13.6699733734, 24.6396999359, 85.0386657715, 15.4186162949, -5.60349321365], [337.853485107, -146.937042236, -62.5340690613, 2.9912686348, -27.5201377869, 16.8042373657, -10.4167118073, 22.6926021576, -20.0786895752, 10.2309579849, 15.4186162949, 85.0991287231, 12.7118806839], [-342.520751953, 37.7349853516, 13.6400823593, 13.9960098267, 18.9425067902, 3.19761657715, 8.73727607727, -12.5385322571, 7.6175904274, -13.662569046, -5.60349321365, 12.7118806839, 87.0800628662]]}, "silence_rate_60dB": {"var": 0.111768804491, "mean": 0.128233864903, "dmean2": 0.0493227466941, "dvar": 0.024053119123, "dmean": 0.024659069255, "max": 1, "min": 0, "median": 0, "dvar2": 0.0532495267689}, "spectral_centroid": {"var": 991275.0625, "mean": 1114.5279541, "dmean2": 350.355041504, "dvar": 136493.703125, "dmean": 226.659561157, "max": 11831.9707031, "min": 111.684066772, "median": 1018.77545166, "dvar2": 285382.34375}, "spectral_complexity": {"var": 190.775177002, "mean": 17.8243198395, "dmean2": 4.16011190414, "dvar": 9.30844974518, "dmean": 2.54642248154, "max": 59, "min": 0, "median": 12, "dvar2": 22.5178833008}, "melbands_spread": {"var": 514.903137207, "mean": 19.875371933, "dmean2": 9.76725482941, "dvar": 148.53137207, "dmean": 6.22861433029, "max": 248.956130981, "min": 0.205722540617, "median": 15.1213359833, "dvar2": 298.063995361}, "spectral_strongpeak": {"var": 1.2511857748, "mean": 0.786699414253, "dmean2": 0.785716176033, "dvar": 0.706358671188, "dmean": 0.455792069435, "max": 10.9406528473, "min": 0, "median": 0.360041975975, "dvar2": 1.77555119991}, "zerocrossingrate": {"var": 0.00353986374103, "mean": 0.0574290715158, "dmean2": 0.0150327226147, "dvar": 0.000503930670675, "dmean": 0.0126564539969, "max": 0.52783203125, "min": 0, "median": 0.0498046875, "dvar2": 0.000590145587921}, "erbbands_kurtosis": {"var": 322.565429688, "mean": 3.0125412941, "dmean2": 2.01614165306, "dvar": 5.79886007309, "dmean": 1.33323442936, "max": 291.200958252, "min": -1.88162887096, "median": 0.31382226944, "dvar2": 12.1424636841}, "spectral_energyband_middle_low": {"var": 9.20995225897e-05, "mean": 0.0107685532421, "dmean2": 0.00545367598534, "dvar": 2.0205097826e-05, "dmean": 0.00331147038378, "max": 0.0812340155244, "min": 1.59155527528e-22, "median": 0.00895553268492, "dvar2": 5.41951085324e-05}, "erbbands": {"var": [0.0401169061661, 6.50007724762, 45.1795387268, 46.2638435364, 81.378692627, 83.9901580811, 139.598068237, 528.81439209, 1264.67749023, 1657.38562012, 4308.46240234, 5235.41455078, 3881.33740234, 10159.9511719, 1696.93188477, 2445.55908203, 2958.30175781, 3949.65087891, 951.333312988, 1113.66943359, 1401.27099609, 1918.63244629, 2147.92504883, 921.247314453, 487.039215088, 316.078887939, 156.592071533, 120.679588318, 115.952178955, 137.498138428, 112.693946838, 82.5532226562, 70.430557251, 20.0371189117, 5.26260852814, 0.624403357506, 0.042292714119, 0.00778117217124, 0.000399588083383, 5.51632979295e-07], "mean": [0.0917367711663, 1.16870510578, 4.40860891342, 5.95668745041, 8.15868854523, 8.17458438873, 9.06601142883, 13.4692268372, 21.0039901733, 22.8375339508, 35.6973266602, 32.0660095215, 30.2713851929, 39.0340461731, 18.1401157379, 22.9470424652, 26.1384963989, 20.9160346985, 16.860874176, 17.1038303375, 20.4695663452, 27.4684810638, 25.5186233521, 17.4200801849, 13.3587446213, 9.28823566437, 6.3646774292, 6.07371044159, 4.43183469772, 3.80486226082, 2.88096523285, 2.40536808968, 1.81981182098, 1.10343027115, 0.670804679394, 0.26861307025, 0.0890986844897, 0.0311007555574, 0.00431865546852, 0.000173743159394], "dmean2": [0.13003885746, 2.0064060688, 5.81574964523, 6.25323295593, 7.70003938675, 7.47318840027, 7.92141389847, 11.0716505051, 18.5647602081, 20.4671592712, 28.5738525391, 28.1017665863, 22.0266151428, 28.3649520874, 13.9376955032, 16.837272644, 19.7263393402, 14.4516782761, 12.996172905, 12.5386705399, 13.932715416, 18.2488899231, 17.4252357483, 12.2288169861, 10.1079912186, 7.93217515945, 5.58993768692, 5.12835550308, 3.83069396019, 3.53104567528, 2.56027436256, 2.16342496872, 1.56078279018, 0.96097433567, 0.625335156918, 0.249273478985, 0.0922220125794, 0.0476121269166, 0.00951214227825, 0.000342675979482], "dvar": [0.0373457036912, 9.10588932037, 47.6498298645, 33.5705490112, 49.2574882507, 43.5883598328, 64.7557373047, 202.079483032, 609.738525391, 870.650085449, 1604.29406738, 2753.61572266, 1205.64123535, 2478.46264648, 750.595153809, 717.473937988, 818.135131836, 1063.62744141, 329.336273193, 358.950256348, 381.805541992, 516.894592285, 655.480834961, 339.695556641, 163.815048218, 128.32585144, 71.5633087158, 60.923664093, 53.2892074585, 75.5631561279, 46.0366172791, 32.1560935974, 26.4018974304, 9.42581367493, 3.05369973183, 0.331208914518, 0.0278101619333, 0.0092099327594, 0.000553540477995, 7.84562985245e-07], "dmean": [0.0780682712793, 1.12376594543, 3.31102991104, 3.60757231712, 4.57466268539, 4.41245365143, 4.77463293076, 6.85072469711, 11.411948204, 12.5317344666, 18.3183956146, 17.7312641144, 14.2116479874, 18.3410606384, 8.94372272491, 10.681722641, 12.4849529266, 9.30144309998, 8.07241916656, 7.76773405075, 8.51300048828, 11.1139974594, 10.7164707184, 7.50148439407, 6.16934299469, 4.8242893219, 3.45697689056, 3.11038064957, 2.42462277412, 2.25724220276, 1.70366501808, 1.44850587845, 1.07931029797, 0.665241122246, 0.426056236029, 0.171298980713, 0.0622038841248, 0.0298989918083, 0.00562405399978, 0.000201493166969], "max": [2.02527546883, 28.0161705017, 86.814163208, 76.362739563, 148.300720215, 109.151397705, 170.336349487, 427.310302734, 677.96887207, 823.75994873, 1181.14562988, 1737.47900391, 1333.47119141, 1276.63000488, 1004.72564697, 670.385498047, 769.056030273, 1220.23937988, 478.059356689, 547.131469727, 477.686401367, 868.966918945, 862.929199219, 760.575012207, 346.491882324, 377.097564697, 281.746856689, 205.463226318, 246.299850464, 408.321289062, 297.404602051, 195.66104126, 280.4324646, 134.925445557, 90.1166687012, 29.8225250244, 7.08504676819, 1.43376815319, 0.303859144449, 0.0125621575862], "min": [1.14066989732e-22, 1.11147103764e-21, 4.12383058791e-21, 9.95842497115e-21, 1.34571953983e-20, 3.06084130067e-20, 5.48330079373e-20, 1.15061210947e-19, 7.88910002914e-20, 2.72040626616e-19, 2.72763323977e-19, 4.64017562863e-19, 5.73562435552e-19, 8.25654929612e-19, 7.86080282662e-19, 9.71017291511e-19, 1.63875398131e-18, 1.85409783928e-18, 3.1051473044e-18, 3.49319448016e-18, 3.47893554076e-18, 5.90503890659e-18, 6.39331162806e-18, 5.69666838797e-18, 7.91275680012e-18, 9.14865810669e-18, 1.06485557601e-17, 1.02296640533e-17, 1.11409846506e-17, 1.22751915454e-17, 1.17280686457e-17, 1.07260303235e-17, 1.05077787188e-17, 8.35057109064e-18, 7.01207953578e-18, 4.53224251737e-18, 2.11494841827e-18, 1.01826357335e-18, 2.40824613906e-19, 2.94306822979e-20], "median": [0.021759968251, 0.397778004408, 2.19749140739, 3.87920093536, 5.38160037994, 5.40090274811, 5.0499048233, 6.19882917404, 9.27428913116, 9.5342798233, 12.1870622635, 9.79442405701, 9.46660709381, 6.60649871826, 3.79003357887, 3.78179168701, 5.33786249161, 3.81936573982, 3.9120631218, 3.81667852402, 4.3384552002, 5.04391050339, 4.80948877335, 4.76325845718, 4.20166349411, 2.66486501694, 2.07889962196, 2.38423323631, 1.6154333353, 1.15497481823, 0.786472797394, 0.584516346455, 0.424993306398, 0.26193639636, 0.150580063462, 0.0614295117557, 0.0136658167467, 0.00225653965026, 0.000104034239484, 3.80601268262e-05], "dvar2": [0.0939838066697, 25.5404624939, 134.719497681, 99.4706802368, 138.438903809, 121.342903137, 172.906616211, 495.004119873, 1616.72753906, 2185.51318359, 3953.02612305, 7062.23095703, 2626.29272461, 6162.76171875, 1725.1439209, 1764.4621582, 1958.42041016, 2475.12695312, 823.748535156, 897.854003906, 965.299926758, 1316.26416016, 1557.05639648, 880.158325195, 411.469696045, 313.091552734, 161.358566284, 147.677902222, 109.451644897, 168.189041138, 83.1574935913, 61.9279937744, 46.9761924744, 18.3396072388, 6.45986270905, 0.694550693035, 0.0621042773128, 0.0233475267887, 0.00144586875103, 2.06802315006e-06]}, "barkbands_crest": {"var": 25.3428459167, "mean": 10.3680334091, "dmean2": 4.1192073822, "dvar": 6.58777427673, "dmean": 2.50222587585, "max": 26.8672046661, "min": 2.40563869476, "median": 9.10085582733, "dvar2": 17.1031970978}, "melbands_crest": {"var": 45.837348938, "mean": 14.7692489624, "dmean2": 5.14172363281, "dvar": 9.05494117737, "dmean": 3.10947322845, "max": 39.9472084045, "min": 1.68574404716, "median": 13.326508522, "dvar2": 22.8712615967}, "spectral_flux": {"var": 0.00274193356745, "mean": 0.0747889503837, "dmean2": 0.0348484218121, "dvar": 0.00105538626667, "dmean": 0.0219059120864, "max": 0.332637608051, "min": 6.43562009239e-11, "median": 0.0717448890209, "dvar2": 0.00207308866084}, "spectral_contrast_valleys": {"var": [3.75395584106, 4.49058389664, 4.35330820084, 4.63238477707, 5.26037788391, 4.48643636703], "mean": [-7.46470832825, -7.13137674332, -7.96503067017, -8.50631141663, -8.38654613495, -10.7547159195], "dmean2": [0.653908014297, 0.544264793396, 0.518465399742, 0.498815983534, 0.485129386187, 0.427347570658], "dvar": [0.147126585245, 0.114599213004, 0.123453617096, 0.162747323513, 0.252511173487, 0.253685355186], "dmean": [0.398202985525, 0.334883838892, 0.327450156212, 0.33803164959, 0.370403140783, 0.360846310854], "max": [-5.14495134354, -4.63833999634, -5.34080791473, -5.95016145706, -5.49041318893, -7.06754016876], "min": [-28.678976059, -27.9185009003, -27.9535942078, -27.5481281281, -27.489358902, -27.3693599701], "median": [-7.07622051239, -6.70802593231, -7.53100585938, -7.99973487854, -7.66696119308, -10.0145101547], "dvar2": [0.340379655361, 0.257797300816, 0.257187515497, 0.312874346972, 0.441195070744, 0.377485960722]}, "mfcc": {"icov": [[9.08141009859e-05, 3.84926315746e-05, 0.000160305717145, -8.04496157798e-05, 0.000167682490428, 7.81224807724e-05, 0.000113777750812, -0.00012481243175, 8.19191118353e-05, 5.67697679799e-05, -4.20047908847e-05, -0.000158938608365, 0.000145632977365], [3.84926315746e-05, 0.00052540213801, -2.33196242334e-05, 0.000283575209323, -0.000399006239604, 0.000283711502561, 0.000184941411135, -0.000308122165734, 8.84044711711e-05, 9.04134412849e-06, -7.46442747186e-05, 0.000272040429991, -0.000102054160379], [0.000160305717145, -2.33196242334e-05, 0.00137081102002, -0.000334315758664, 9.23211991903e-05, -0.000522668065969, 2.01724851649e-05, -0.000136378410389, -3.43034589605e-05, -0.000207292454434, -0.0001162901317, 0.000214789513848, -0.000284991663648], [-8.04496157798e-05, 0.000283575209323, -0.000334315758664, 0.00358433066867, -0.00165583612397, 0.000568348157685, 0.0003053114051, 0.000750553619582, -0.000752087740693, -0.000468966347398, 0.000451483443612, -0.000694664311595, -0.000547217670828], [0.000167682490428, -0.000399006239604, 9.23211991903e-05, -0.00165583612397, 0.00562227796763, -0.0017703884514, 0.000806130701676, -0.000365526939277, -4.61615745735e-05, -0.000706952530891, -0.00114615855273, 0.000363700848538, -0.000910685630515], [7.81224807724e-05, 0.000283711502561, -0.000522668065969, 0.000568348157685, -0.0017703884514, 0.00744744343683, -0.00343157490715, 0.00138360948768, -0.00111747707706, 0.000576356076635, -1.01176219687e-05, -0.00105985440314, 0.000938148645218], [0.000113777750812, 0.000184941411135, 2.01724851649e-05, 0.0003053114051, 0.000806130701676, -0.00343157490715, 0.00842857453972, -0.00463767256588, 0.00143315677997, -0.00175303779542, 0.00102909479756, -0.00186859583482, 0.00103418668732], [-0.00012481243175, -0.000308122165734, -0.000136378410389, 0.000750553619582, -0.000365526939277, 0.00138360948768, -0.00463767256588, 0.011923648417, -0.00445174472407, 0.00282428134233, -0.00362087087706, 0.003523187479, -0.00315199280158], [8.19191118353e-05, 8.84044711711e-05, -3.43034589605e-05, -0.000752087740693, -4.61615745735e-05, -0.00111747707706, 0.00143315677997, -0.00445174472407, 0.0127468034625, -0.0051886648871, 0.0047959042713, -0.0028546678368, 0.00239452789538], [5.67697679799e-05, 9.04134412849e-06, -0.000207292454434, -0.000468966347398, -0.000706952530891, 0.000576356076635, -0.00175303779542, 0.00282428134233, -0.0051886648871, 0.0149083258584, -0.00550345284864, 0.00283329095691, -0.00212435633875], [-4.20047908847e-05, -7.46442747186e-05, -0.0001162901317, 0.000451483443612, -0.00114615855273, -1.01176219687e-05, 0.00102909479756, -0.00362087087706, 0.0047959042713, -0.00550345284864, 0.0151813663542, -0.00686655053869, 0.00239101960324], [-0.000158938608365, 0.000272040429991, 0.000214789513848, -0.000694664311595, 0.000363700848538, -0.00105985440314, -0.00186859583482, 0.003523187479, -0.0028546678368, 0.00283329095691, -0.00686655053869, 0.0182605311275, -0.00574955530465], [0.000145632977365, -0.000102054160379, -0.000284991663648, -0.000547217670828, -0.000910685630515, 0.000938148645218, 0.00103418668732, -0.00315199280158, 0.00239452789538, -0.00212435633875, 0.00239101960324, -0.00574955530465, 0.0174472443759]], "mean": [-695.953552246, 135.499832153, 18.0186309814, 23.1647014618, 8.69048881531, -0.145376011729, -0.615818083286, 7.40394210815, 1.60128593445, 0.217117682099, 1.90539908409, -1.20580101013, -3.50439286232], "cov": [[20391.53125, -1900.63391113, -2737.64868164, -1.35497367382, -937.550598145, -713.242431641, -445.216186523, -88.064125061, -233.68951416, -292.676177979, 27.7364559174, 147.762771606, -184.862625122], [-1900.63391113, 2407.1237793, 231.146835327, -137.389465332, 195.996612549, -45.5395469666, -32.252243042, 82.3081588745, -4.67715740204, 20.7998275757, 20.2087783813, -71.1552200317, 35.8282394409], [-2737.64868164, 231.146835327, 1149.28662109, 85.4275436401, 162.390335083, 163.65675354, 87.0569763184, 25.6220779419, 51.1761703491, 64.4588394165, 6.91911315918, -14.1069889069, 40.0283126831], [-1.35497367382, -137.389465332, 85.4275436401, 375.582000732, 108.429283142, 0.756864845753, -36.1481742859, -34.38073349, 28.9953041077, 29.0858860016, -0.460866272449, 22.5970001221, 21.0051422119], [-937.550598145, 195.996612549, 162.390335083, 108.429283142, 285.384918213, 74.3352584839, 9.57495689392, 6.37506771088, 23.4245948792, 39.4805984497, 23.5145339966, 4.15773200989, 26.2486476898], [-713.242431641, -45.5395469666, 163.65675354, 0.756864845753, 74.3352584839, 222.401153564, 102.386001587, 12.175488472, 26.6098632812, 18.1502037048, 6.0682182312, 15.5287818909, -0.7202039361], [-445.216186523, -32.252243042, 87.0569763184, -36.1481742859, 9.57495689392, 102.386001587, 206.983535767, 68.6273040771, 16.5784645081, 16.8334121704, 9.50468158722, 11.8678789139, 1.32213652134], [-88.064125061, 82.3081588745, 25.6220779419, -34.38073349, 6.37506771088, 12.175488472, 68.6273040771, 133.550735474, 28.8243770599, 0.855685949326, 14.7366313934, -8.15742969513, 11.734454155], [-233.68951416, -4.67715740204, 51.1761703491, 28.9953041077, 23.4245948792, 26.6098632812, 16.5784645081, 28.8243770599, 112.120536804, 31.4834785461, -16.6259765625, 1.82960510254, -0.987928152084], [-292.676177979, 20.7998275757, 64.4588394165, 29.0858860016, 39.4805984497, 18.1502037048, 16.8334121704, 0.855685949326, 31.4834785461, 93.921333313, 24.4202880859, 1.71405470371, 9.1044511795], [27.7364559174, 20.2087783813, 6.91911315918, -0.460866272449, 23.5145339966, 6.0682182312, 9.50468158722, 14.7366313934, -16.6259765625, 24.4202880859, 97.525390625, 29.5964870453, 4.62850236893], [147.762771606, -71.1552200317, -14.1069889069, 22.5970001221, 4.15773200989, 15.5287818909, 11.8678789139, -8.15742969513, 1.82960510254, 1.71405470371, 29.5964870453, 78.4962081909, 17.802772522], [-184.862625122, 35.8282394409, 40.0283126831, 21.0051422119, 26.2486476898, -0.7202039361, 1.32213652134, 11.734454155, -0.987928152084, 9.1044511795, 4.62850236893, 17.802772522, 70.3078384399]]}, "erbbands_flatness_db": {"var": 0.00461284257472, "mean": 0.161041483283, "dmean2": 0.0259933825582, "dvar": 0.00054201920284, "dmean": 0.0200144797564, "max": 0.415994375944, "min": 0.0299833212048, "median": 0.147832855582, "dvar2": 0.000845548114739}, "barkbands": {"var": [1.98796755058e-07, 9.79167962214e-05, 3.49083384208e-05, 7.13057806934e-06, 6.87066130922e-06, 5.28702275915e-06, 7.1899530667e-06, 6.76749777995e-06, 8.11578775028e-06, 8.06693878985e-06, 1.38921279813e-06, 1.65462927271e-06, 1.3950794937e-06, 1.07580422082e-06, 4.33713069015e-07, 5.32057981673e-07, 6.04496563028e-07, 7.04934109308e-07, 2.22103992087e-07, 1.31938662662e-07, 8.13786229514e-08, 9.89093607018e-08, 1.3653351516e-07, 2.20999950784e-07, 1.17007118661e-07, 1.81431740742e-08, 1.04135171597e-08], "mean": [0.000144648220157, 0.0045188292861, 0.00392653699964, 0.0021241819486, 0.00255135446787, 0.00152766599786, 0.001505810651, 0.00146751559805, 0.00125510315411, 0.00131490908097, 0.000363517610822, 0.000579637126066, 0.000529778073542, 0.000345636653947, 0.000362019171007, 0.000334337732056, 0.00049995421432, 0.000440362491645, 0.000283700792352, 0.00018923926109, 0.000158252427354, 0.00012744392734, 0.000101354024082, 0.000112298861495, 9.63392885751e-05, 5.42679335922e-05, 2.38273532887e-05], "dmean2": [0.000224426898058, 0.00742662092671, 0.00502127315849, 0.00221593421884, 0.00219102133997, 0.00123085745145, 0.00140038901009, 0.00123872596305, 0.00114122091327, 0.000952136702836, 0.000343805062585, 0.000469031860121, 0.000421734963311, 0.000266067625489, 0.000287451141048, 0.000254039565334, 0.000353289855411, 0.000320854858728, 0.000211782331462, 0.000164728728123, 0.000136024260428, 0.000108949061541, 9.14594347705e-05, 9.60911420407e-05, 8.31630823086e-05, 5.47445597476e-05, 4.97185137647e-05], "dvar": [1.81295007451e-07, 0.000126272760099, 3.20169347106e-05, 3.96700397687e-06, 3.50296386387e-06, 2.02981595976e-06, 3.63502317668e-06, 2.55274289884e-06, 4.09289077652e-06, 2.0379545731e-06, 5.76630270643e-07, 5.96147856413e-07, 3.99404257223e-07, 2.99872937148e-07, 1.487088781e-07, 1.65092259863e-07, 1.77844938776e-07, 2.3703208285e-07, 7.51935687049e-08, 5.32030526301e-08, 3.96886328247e-08, 4.44828316404e-08, 5.90848578952e-08, 8.14830727336e-08, 5.59051471782e-08, 1.13808669155e-08, 1.41848222057e-08], "dmean": [0.000144336532685, 0.00424414966255, 0.00287678209133, 0.00128666230012, 0.00130046799313, 0.000760647817515, 0.000859826221131, 0.000787922937889, 0.000718458730262, 0.000620488310233, 0.00021756766364, 0.000296404788969, 0.000266185496002, 0.000170631232322, 0.000176057350473, 0.000156356909429, 0.000215285559534, 0.000198012217879, 0.000129763415316, 0.00010030134581, 8.28914853628e-05, 6.93025649525e-05, 6.04289816692e-05, 6.5535918111e-05, 5.80405867368e-05, 3.7146757677e-05, 2.9700639061e-05], "max": [0.0067752590403, 0.110011979938, 0.0749084800482, 0.0299384668469, 0.0365321710706, 0.0410118922591, 0.0449277721345, 0.0371036268771, 0.0545311979949, 0.0299779959023, 0.0290346518159, 0.017738012597, 0.0157909560949, 0.017309974879, 0.00931832380593, 0.0100705157965, 0.0116867087781, 0.0150893572718, 0.00844243727624, 0.00688898609951, 0.0068396483548, 0.00755825452507, 0.00884820055217, 0.0123778460547, 0.00967892352492, 0.00499584944919, 0.00157150113955], "min": [2.65191345856e-25, 4.30170584782e-24, 2.40191914827e-24, 9.67939233239e-25, 6.60806652755e-24, 1.03678063953e-23, 6.90736706031e-24, 5.78754942307e-24, 1.64437408827e-23, 1.75565128088e-23, 1.38554929859e-23, 1.70275768387e-23, 3.35041217133e-23, 3.19418552657e-23, 5.69003730105e-23, 5.59350912525e-23, 8.51400409392e-23, 1.06309079155e-22, 1.30751195929e-22, 1.88609107239e-22, 2.38064791628e-22, 3.59915427735e-22, 3.84794888996e-22, 6.60299296864e-22, 8.24701342635e-22, 1.27478851957e-21, 2.01879264802e-21], "median": [1.52057664309e-05, 0.00139623112045, 0.00189773738384, 0.00120436248835, 0.00177614635322, 0.00075121462578, 0.000549071235582, 0.00049424066674, 0.000351517373929, 0.000278501189314, 7.56625668146e-05, 8.12106809462e-05, 9.93827343336e-05, 5.73205325054e-05, 7.34027125873e-05, 6.77976786392e-05, 9.02690953808e-05, 8.26683681225e-05, 9.00590457604e-05, 5.38348576811e-05, 5.69193944102e-05, 4.49762519565e-05, 2.85221885861e-05, 2.75310649158e-05, 2.27843265748e-05, 9.94526635623e-06, 6.31337059076e-07], "dvar2": [4.07960044413e-07, 0.000349813926732, 9.15565906325e-05, 1.1528273717e-05, 9.73014266492e-06, 5.00850592289e-06, 9.49688364926e-06, 6.28018324278e-06, 1.04490918602e-05, 4.82357017972e-06, 1.27246630655e-06, 1.48840854308e-06, 9.72429234025e-07, 6.67077529215e-07, 3.89390919509e-07, 4.02171536962e-07, 4.63427056729e-07, 5.66429719129e-07, 1.90250133869e-07, 1.28312706238e-07, 9.55524654955e-08, 8.96274343631e-08, 1.11388466451e-07, 1.48221417362e-07, 1.09102515466e-07, 2.53175844733e-08, 3.68623851443e-08]}, "spectral_energyband_low": {"var": 0.000206401367905, "mean": 0.00966036785394, "dmean2": 0.0118857752532, "dvar": 0.000231467958656, "dmean": 0.00688191503286, "max": 0.150175794959, "min": 2.22745352662e-23, "median": 0.00544449361041, "dvar2": 0.000640552025288}, "erbbands_spread": {"var": 526.729125977, "mean": 36.5057945251, "dmean2": 14.089006424, "dvar": 186.289550781, "dmean": 9.56193256378, "max": 183.616271973, "min": 1.1481910944, "median": 32.1213378906, "dvar2": 367.731048584}, "average_loudness": 0.795657634735, "spectral_energyband_middle_high": {"var": 4.17172705056e-05, "mean": 0.0050052809529, "dmean2": 0.00198423606344, "dvar": 4.62267917101e-06, "dmean": 0.00129505922087, "max": 0.0424007028341, "min": 1.12924623216e-21, "median": 0.00176249805372, "dvar2": 1.09282727863e-05}, "barkbands_flatness_db": {"var": 0.012317514047, "mean": 0.168801099062, "dmean2": 0.0381617024541, "dvar": 0.00100537168328, "dmean": 0.0256997290999, "max": 0.609623610973, "min": 0.0186460837722, "median": 0.129424005747, "dvar2": 0.00203904556111}, "spectral_entropy": {"var": 0.900241136551, "mean": 7.24545431137, "dmean2": 0.294219970703, "dvar": 0.0959911644459, "dmean": 0.219857752323, "max": 9.81581497192, "min": 3.50506782532, "median": 7.62248373032, "dvar2": 0.161654934287}, "melbands_skewness": {"var": 6.79721212387, "mean": 3.00964617729, "dmean2": 1.40238702297, "dvar": 1.89241194725, "dmean": 0.919541656971, "max": 34.0185813904, "min": -1.68903398514, "median": 2.36855149269, "dvar2": 4.08335781097}, "spectral_contrast_coeffs": {"var": [0.00613241782412, 0.0052912896499, 0.004979446996, 0.00329957273789, 0.00309784407727, 0.00303603266366], "mean": [-0.630928516388, -0.7351260781