{"tonal": {"hpcp": {"dvar": [0.0430866330862, 0.040914375335, 0.034398842603, 0.0312142930925, 0.03680466488, 0.0407144837081, 0.0437138676643, 0.0366727113724, 0.0336060263216, 0.0317088887095, 0.0194745976478, 0.0166061166674, 0.0200506094843, 0.022761721164, 0.0308094900101, 0.0422005020082, 0.0287869926542, 0.0232757683843, 0.0171791706234, 0.016963288188, 0.025546297431, 0.0329652018845, 0.0289719626307, 0.0270462725312, 0.0162764508277, 0.0123202661052, 0.0159428566694, 0.0213234852999, 0.0275559797883, 0.0440902933478, 0.0480066277087, 0.0453253500164, 0.0310261696577, 0.0241908878088, 0.0240324735641, 0.0322518721223], "var": [0.0748964175582, 0.0542732141912, 0.0290490910411, 0.0216385666281, 0.0310057718307, 0.0621210746467, 0.0949610173702, 0.0538997799158, 0.0820424109697, 0.109616160393, 0.0254778880626, 0.0109534021467, 0.0140734082088, 0.0177466087043, 0.0542619824409, 0.122172944248, 0.0512851029634, 0.0175947993994, 0.0121772726998, 0.0137123111635, 0.0454259328544, 0.070592135191, 0.0364035703242, 0.0244903452694, 0.0134423114359, 0.00901113729924, 0.0168327931315, 0.026935081929, 0.0265128333122, 0.0755181610584, 0.158200249076, 0.0774850025773, 0.0237711127847, 0.016609614715, 0.0174155700952, 0.0402467064559], "median": [0.0236815083772, 0.0146452542394, 0.00390981882811, 0.00308153824881, 0.00420917617157, 0.0293634086847, 0.0503349155188, 0.0473673269153, 0.011366173625, 0.00491449981928, 0.00375808845274, 0.0036820967216, 0.00389456562698, 0.00666302535683, 0.0608012229204, 0.109800301492, 0.0611547529697, 0.00506154587492, 0.00221760221757, 0.00247055082582, 0.00871901772916, 0.0170328989625, 0.0144503768533, 0.00368538848124, 0.00269104959443, 0.00341353891417, 0.0106040202081, 0.016908403486, 0.0264856033027, 0.0977895632386, 0.160298198462, 0.0831084698439, 0.00685333507136, 0.0024944008328, 0.00340971676633, 0.0141731165349], "max": [1, 1, 1, 1, 1, 1, 1, 1, 1, 1, 1, 1, 1, 1, 1, 1, 1, 1, 1, 1, 1, 1, 1, 1, 1, 1, 1, 1, 1, 1, 1, 1, 1, 1, 1, 1], "dmean": [0.102909736335, 0.0981070622802, 0.0765629187226, 0.0691579803824, 0.0847231447697, 0.112153671682, 0.118639111519, 0.112516179681, 0.0950780808926, 0.0715532824397, 0.0545395240188, 0.0401478894055, 0.0462454855442, 0.0613828338683, 0.106999643147, 0.119348585606, 0.101889051497, 0.0597401894629, 0.0406548157334, 0.0481568872929, 0.0762021914124, 0.0914080291986, 0.086941704154, 0.0676136910915, 0.0479984283447, 0.0394841507077, 0.0549427866936, 0.0702481046319, 0.0911992043257, 0.143177807331, 0.135018795729, 0.139678955078, 0.0819707512856, 0.0543697103858, 0.0596075318754, 0.086532138288], "dmean2": [0.175417974591, 0.170190617442, 0.138196542859, 0.128240942955, 0.153321594, 0.189936622977, 0.196691736579, 0.189781829715, 0.162508875132, 0.122975766659, 0.0948425903916, 0.0739362165332, 0.0847657471895, 0.109732940793, 0.182034850121, 0.202642038465, 0.169741496444, 0.106958881021, 0.0750571340322, 0.0862781330943, 0.124143138528, 0.148462787271, 0.149909734726, 0.121767044067, 0.0875902399421, 0.0712878853083, 0.0941097959876, 0.117012172937, 0.158030614257, 0.243132770061, 0.226589292288, 0.241899594665, 0.149379849434, 0.101537540555, 0.109655208886, 0.150008186698], "mean": [0.150813475251, 0.115353010595, 0.0599543713033, 0.0475062914193, 0.067328594625, 0.146911084652, 0.202573895454, 0.148817241192, 0.163354307413, 0.170672282577, 0.0716355517507, 0.0298277661204, 0.0355294756591, 0.050951693207, 0.175896003842, 0.284297227859, 0.169529035687, 0.0464341901243, 0.0294432770461, 0.0394483357668, 0.105329833925, 0.143249571323, 0.0957928523421, 0.0567860379815, 0.0385994873941, 0.0308850090951, 0.059088204056, 0.0833031460643, 0.0899328142405, 0.232125997543, 0.369701564312, 0.226030111313, 0.060422744602, 0.0366832986474, 0.0443198606372, 0.0999634414911], "dvar2": [0.101480863988, 0.0997781008482, 0.0911419913173, 0.0859674140811, 0.0983367487788, 0.0989670827985, 0.0942264422774, 0.0924935266376, 0.0792780146003, 0.0712037086487, 0.050480376929, 0.0465926229954, 0.0555793717504, 0.0623358376324, 0.0801280215383, 0.0961816310883, 0.0718516632915, 0.0623323880136, 0.0466757714748, 0.047588378191, 0.0616232901812, 0.0709274411201, 0.0732247009873, 0.0710239484906, 0.0437150336802, 0.0339545831084, 0.0416163094342, 0.0541684292257, 0.0753310546279, 0.114327833056, 0.110414676368, 0.121711574495, 0.0855512395501, 0.067035086453, 0.0680621340871, 0.0834313780069], "min": [0, 0, 0, 0, 0, 0, 0, 0, 0, 0, 0, 0, 0, 0, 0, 0, 0, 0, 0, 0, 0, 0, 0, 0, 0, 0, 0, 0, 0, 0, 0, 0, 0, 0, 0, 0]}, "key_key": "G", "thpcp": [1, 0.611385345459, 0.163436546922, 0.0992240831256, 0.119880102575, 0.270389556885, 0.407933026552, 0.312016546726, 0.162169650197, 0.128499031067, 0.182116061449, 0.397377490997, 0.547939002514, 0.402533441782, 0.441854506731, 0.461648792028, 0.193765893579, 0.0806806609035, 0.0961031243205, 0.137818440795, 0.475778371096, 0.768991112709, 0.458556443453, 0.125599116087, 0.0796406641603, 0.106703191996, 0.284905016422, 0.387473523617, 0.259108603001, 0.153599664569, 0.104407154024, 0.0835403800011, 0.159826755524, 0.225325375795, 0.24325786531, 0.627874016762], "chords_key": "G", "tuning_equal_tempered_deviation": 0.0165136829019, "tuning_frequency": 440.763122559, "tuning_diatonic_strength": 0.69559699297, "chords_histogram": [57.8321685791, 6.67832183838, 2.58741259575, 0.349650353193, 0.227272734046, 0.0174825172871, 0, 0.0349650345743, 0.244755238295, 0, 0, 0, 0, 0, 0, 0.804195821285, 0, 3.23426580429, 0.227272734046, 1.85314691067, 0, 1.20629370213, 18.4615383148, 6.24125862122], "key_strength": 0.864691078663, "key_scale": "major", "chords_strength": {"dvar": 7.01210374245e-05, "var": 0.00945063866675, "median": 0.534466683865, "max": 0.838733255863, "dmean": 0.00939041469246, "dmean2": 0.0085052261129, "mean": 0.536612033844, "dvar2": 7.08517618477e-05, "min": 0.274866759777}, "chords_number_rate": 0.00139860145282, "tuning_nontempered_energy_ratio": 0.647190928459, "hpcp_entropy": {"dvar": 0.232542708516, "var": 0.55010420084, "median": 1.60595345497, "max": 4.35916948318, "dmean": 0.52790671587, "dmean2": 0.886985003948, "mean": 1.58075714111, "dvar2": 0.602638483047, "min": 0}, "chords_changes_rate": 0.0470279715955, "chords_scale": "major"}, "rhythm": {"bpm_histogram_first_peak_spread": {"dvar": 0, "var": 0, "median": 0.502857148647, "max": 0.502857148647, "dmean": 0, "dmean2": 0, "mean": 0.502857148647, "dvar2": 0, "min": 0.502857148647}, "bpm_histogram_first_peak_weight": {"dvar": 0, "var": 0, "median": 0.437919467688, "max": 0.437919467688, "dmean": 0, "dmean2": 0, "mean": 0.437919467688, "dvar2": 0, "min": 0.437919467688}, "bpm_histogram_first_peak_bpm": {"dvar": 0, "var": 0, "median": 136, "max": 136, "dmean": 0, "dmean2": 0, "mean": 136, "dvar2": 0, "min": 136}, "bpm": 134.709640503, "bpm_histogram_second_peak_weight": {"dvar": 0, "var": 0, "median": 0.0503355711699, "max": 0.0503355711699, "dmean": 0, "dmean2": 0, "mean": 0.0503355711699, "dvar2": 0, "min": 0.0503355711699}, "beats_loudness": {"dvar": 0.000190401959117, "var": 0.000422072625952, "median": 0.0271622296423, "max": 0.104371875525, "dmean": 0.0139699894935, "dmean2": 0.0236536450684, "mean": 0.029646223411, "dvar2": 0.000511898368131, "min": 1.96484926107e-08}, "beats_loudness_band_ratio": {"dvar": [0.0269039403647, 0.014079477638, 0.0254698731005, 0.00593409175053, 0.00212243688293, 0.00572221260518], "var": [0.0785180032253, 0.0175992771983, 0.0594221390784, 0.00597941828892, 0.0021884154994, 0.00345921632834], "median": [0.370427727699, 0.110410898924, 0.330164939165, 0.0340316966176, 0.0158786438406, 0.0165091119707], "max": [0.997839033604, 0.663586318493, 0.871854841709, 0.503895163536, 0.517995297909, 0.714260339737], "dmean": [0.176384419203, 0.11280284822, 0.170209571719, 0.0597916357219, 0.0285613033921, 0.0276362616569], "dmean2": [0.291794657707, 0.195717543364, 0.279991567135, 0.10650331527, 0.0493077933788, 0.0509121306241], "mean": [0.454573065042, 0.152414649725, 0.32877895236, 0.0632721111178, 0.032190784812, 0.0282414983958], "dvar2": [0.0623253136873, 0.0369902029634, 0.0619202703238, 0.0175599586219, 0.0057165119797, 0.0165477469563], "min": [0.0234508793801, 0.000940616533626, 0.00047650016495, 7.03677142155e-05, 4.36142636318e-06, 9.51563288254e-06]}, "bpm_histogram_second_peak_bpm": {"dvar": 0, "var": 0, "median": 129, "max": 129, "dmean": 0, "dmean2": 0, "mean": 129, "dvar2": 0, "min": 129}, "onset_rate": 2.94075322151, "beats_count": 597, "beats_position": [0.406349211931, 0.824308395386, 1.25387752056, 1.69505667686, 2.13623571396, 2.57741498947, 3.01859402657, 3.45977306366, 3.90095233917, 4.34213161469, 4.79492044449, 5.24770975113, 5.70049858093, 6.15328788757, 6.60607719421, 7.05886602402, 7.50004529953, 7.94122457504, 8.38240337372, 8.83519268036, 9.27637195587, 9.71755123138, 10.1703395844, 10.6115188599, 11.0526981354, 11.4938774109, 11.9466667175, 12.387845993, 12.840634346, 13.2818136215, 13.7346029282, 14.1873922348, 14.6517915726, 15.1045799255, 15.5573692322, 15.9985485077, 16.4397277832, 16.8809070587, 17.3220863342, 17.7748756409, 18.2160549164, 18.6572322845, 19.0984115601, 19.5395908356, 19.9923801422, 20.4335594177, 20.8863487244, 21.339138031, 21.8035373688, 22.2563266754, 22.7091159821, 23.1502952576, 23.5914726257, 24.0442619324, 24.497051239, 24.9498405457, 25.4026298523, 25.8438091278, 26.2849884033, 26.7261676788, 27.1673469543, 27.6085262299, 28.0497055054, 28.4908847809, 28.932062149, 29.3732414246, 29.8260307312, 30.2672100067, 30.7199993134, 31.1611785889, 31.6023578644, 32.0435371399, 32.4847145081, 32.9258956909, 33.3902931213, 33.843082428, 34.2958717346, 34.7486610413, 35.1898422241, 35.6426315308, 36.0954170227, 36.5482063293, 36.9893875122, 37.4305648804, 37.883354187, 38.3245353699, 38.7773246765, 39.2301139832, 39.6829032898, 40.124080658, 40.5768699646, 41.0180473328, 41.4592285156, 41.9004058838, 42.3531951904, 42.8059844971, 43.2587738037, 43.6999549866, 44.1527442932, 44.5823135376, 45.0234909058, 45.4646720886, 45.9058494568, 46.347026825, 46.7998161316, 47.2409973145, 47.6937866211, 48.1349639893, 48.5761451721, 49.0173225403, 49.4585037231, 49.8996810913, 50.3292503357, 50.7588195801, 51.2000007629, 51.6411781311, 52.0823554993, 52.5235366821, 52.9647140503, 53.4058952332, 53.8470726013, 54.2882537842, 54.7410430908, 55.1938323975, 55.6350097656, 56.0761909485, 56.5173683167, 56.9585494995, 57.3997268677, 57.8409042358, 58.2820854187, 58.7348747253, 59.1760520935, 59.6172332764, 60.0584106445, 60.5111999512, 60.952381134, 61.3935585022, 61.8463478088, 62.2991371155, 62.7403144836, 63.1814956665, 63.6226730347, 64.0638504028, 64.5050354004, 64.9462127686, 65.3990020752, 65.8517913818, 66.29296875, 66.7341461182, 67.1869354248, 67.6397247314, 68.0925140381, 68.5453033447, 68.9864807129, 69.4392700195, 69.8804550171, 70.3332443237, 70.7860336304, 71.238822937, 71.6916122437, 72.1444015503, 72.5971832275, 73.0267562866, 73.4679336548, 73.8975067139, 74.3502960205, 74.8030853271, 75.2558746338, 75.697052002, 76.1498413086, 76.5910186768, 77.0438079834, 77.5082092285, 77.9609985352, 78.4021759033, 78.85496521, 79.3077545166, 79.7605438232, 80.2133331299, 80.6661224365, 81.1072998047, 81.5600891113, 82.012878418, 82.4772796631, 82.9300689697, 83.3828582764, 83.835647583, 84.2884368896, 84.7296142578, 85.1824035645, 85.6351928711, 86.0763702393, 86.5291595459, 86.9819488525, 87.4347381592, 87.8875274658, 88.3403167725, 88.7931060791, 89.2575073242, 89.6986846924, 90.151473999, 90.6042633057, 91.0454406738, 91.486618042, 91.9394073486, 92.4038085938, 92.8682098389, 93.3209991455, 93.7737884521, 94.2265777588, 94.667755127, 95.1089324951, 95.5501098633, 96.0028991699, 96.467300415, 96.9200897217, 97.3728790283, 97.825668335, 98.2668457031, 98.7080230713, 99.1608123779, 99.6136016846, 100.054779053, 100.507568359, 100.960357666, 101.413146973, 101.865936279, 102.307121277, 102.736686707, 103.177864075, 103.619049072, 104.071838379, 104.513015747, 104.954193115, 105.395370483, 105.84815979, 106.289337158, 106.742126465, 107.183311462, 107.636100769, 108.088890076, 108.541679382, 108.994468689, 109.435646057, 109.876823425, 110.329612732, 110.782402039, 111.223579407, 111.664756775, 112.117546082, 112.570335388, 113.011520386, 113.452697754, 113.905487061, 114.346664429, 114.799453735, 115.240631104, 115.69342041, 116.146209717, 116.587387085, 117.028572083, 117.469749451, 117.922538757, 118.363716125, 118.804893494, 119.2576828, 119.710472107, 120.163261414, 120.604438782, 121.045623779, 121.486801147, 121.927978516, 122.357551575, 122.798728943, 123.25151825, 123.692695618, 124.133872986, 124.575057983, 125.016235352, 125.469024658, 125.921813965, 126.374603271, 126.827392578, 127.280181885, 127.721359253, 128.150924683, 128.592102051, 129.044891357, 129.497680664, 129.927261353, 130.3800354, 130.821228027, 131.262405396, 131.703582764, 132.144760132, 132.5859375, 133.027114868, 133.479904175, 133.921081543, 134.350662231, 134.7918396, 135.233016968, 135.685806274, 136.138595581, 136.579772949, 137.020950317, 137.462127686, 137.914916992, 138.35609436, 138.808883667, 139.250061035, 139.702850342, 140.14402771, 140.596817017, 141.037994385, 141.490783691, 141.931976318, 142.384765625, 142.837554932, 143.290344238, 143.731521606, 144.172698975, 144.613876343, 145.055053711, 145.496231079, 145.937408447, 146.378585815, 146.831375122, 147.284164429, 147.736953735, 148.178131104, 148.607711792, 149.04888916, 149.501678467, 149.954467773, 150.40725708, 150.860046387, 151.301223755, 151.730789185, 152.171966553, 152.624755859, 153.077545166, 153.507110596, 153.948303223, 154.389480591, 154.842269897, 155.295059204, 155.736236572, 156.165802002, 156.60697937, 157.0365448, 157.477722168, 157.918914795, 158.371704102, 158.824493408, 159.300491333, 159.776504517, 160.2525177, 160.76335144, 161.285797119, 161.796646118, 162.29586792, 162.771881104, 163.247894287, 163.700683594, 164.1534729, 164.606262207, 165.047439575, 165.477005005, 165.918182373, 166.347747803, 166.788925171, 167.230117798, 167.671295166, 168.112472534, 168.553649902, 168.994827271, 169.447616577, 169.888793945, 170.318359375, 170.759536743, 171.20072937, 171.641906738, 172.083084106, 172.524261475, 172.965438843, 173.406616211, 173.847793579, 174.300582886, 174.753372192, 175.206161499, 175.670562744, 176.123352051, 176.587753296, 177.052154541, 177.516555786, 177.980941772, 178.445343018, 178.909744263, 179.374145508, 179.838546753, 180.29133606, 180.744125366, 181.208526611, 181.672927856, 182.137313843, 182.601715088, 183.042892456, 183.484085083, 183.902038574, 184.366439819, 184.854049683, 185.341674805, 185.80607605, 186.282089233, 186.74647522, 187.199264526, 187.652053833, 188.10484314, 188.557632446, 189.010421753, 189.474822998, 189.927612305, 190.380401611, 190.833190918, 191.285980225, 191.727157593, 192.179946899, 192.632736206, 193.085525513, 193.538314819, 193.979492188, 194.420669556, 194.873458862, 195.326248169, 195.767440796, 196.208618164, 196.661407471, 197.125808716, 197.578598022, 198.03137207, 198.472564697, 198.925354004, 199.354919434, 199.796096802, 200.248886108, 200.713287354, 201.154464722, 201.59564209, 202.036819458, 202.477996826, 202.919174194, 203.371963501, 203.824752808, 204.277542114, 204.730331421, 205.171508789, 205.612701416, 206.053878784, 206.506668091, 206.959457397, 207.412246704, 207.865036011, 208.306213379, 208.735778809, 209.165344238, 209.606521606, 210.047698975, 210.500488281, 210.953277588, 211.406066895, 211.858856201, 212.300048828, 212.741226196, 213.170791626, 213.600357056, 214.041534424, 214.482711792, 214.935501099, 215.376678467, 215.829467773, 216.28225708, 216.723449707, 217.141403198, 217.570968628, 218.012145996, 218.464935303, 218.906112671, 219.358901978, 219.811691284, 220.241271973, 220.670837402, 221.112014771, 221.553192139, 222.005981445, 222.447158813, 222.888336182, 223.32951355, 223.770706177, 224.211883545, 224.653060913, 225.094238281, 225.535415649, 225.988204956, 226.440994263, 226.882171631, 227.311737061, 227.741317749, 228.182495117, 228.623672485, 229.064849854, 229.51763916, 229.970428467, 230.411605835, 230.864395142, 231.30557251, 231.758361816, 232.199539185, 232.652328491, 233.093505859, 233.546295166, 233.987472534, 234.428665161, 234.858230591, 235.311019897, 235.752197266, 236.204986572, 236.657775879, 237.110565186, 237.551742554, 237.981307983, 238.410873413, 238.840454102, 239.28163147, 239.734420776, 240.175598145, 240.616775513, 241.046340942, 241.487518311, 241.928695679, 242.369888306, 242.811065674, 243.252243042, 243.705032349, 244.157821655, 244.598999023, 245.040176392, 245.48135376, 245.922531128, 246.363708496, 246.804885864, 247.246078491, 247.698867798, 248.151657104, 248.604446411, 249.057235718, 249.498413086, 249.951202393, 250.392379761, 250.845169067, 251.297958374, 251.750747681, 252.191925049, 252.633102417, 253.085891724, 253.53868103, 254.003082275, 254.467483521, 254.908660889, 255.361450195, 255.686523438, 256.01159668, 256.359893799, 256.708190918, 257.091339111, 257.45123291, 257.811157227, 258.171051025, 258.577423096, 258.972137451, 259.366882324, 259.761627197, 260.15637207, 260.551116943, 260.945831299, 261.340576172, 261.700500488, 262.060394287, 262.420318604, 262.780212402, 263.140136719, 263.500030518, 263.871551514, 264.23147583, 264.591369629, 264.951293945], "danceability": 1.08117437363, "bpm_histogram_second_peak_spread": {"dvar": 0, "var": 0, "median": 0.16666662693, "max": 0.16666662693, "dmean": 0, "dmean2": 0, "mean": 0.16666662693, "dvar2": 0, "min": 0.16666662693}}, "lowlevel": {"spectral_flux": {"dvar": 0.000427525781561, "var": 0.00160925276577, "median": 0.0496679879725, "max": 0.271747261286, "dmean": 0.0179716404527, "dmean2": 0.0276273470372, "mean": 0.0575347878039, "dvar2": 0.000983842182904, "min": 6.55055384935e-11}, "spectral_rolloff": {"dvar": 704720.0625, "var": 2222253.75, "median": 495.263671875, "max": 19616.7480469, "dmean": 251.74256897, "dmean2": 427.730102539, "mean": 868.541442871, "dvar2": 1404093.25, "min": 64.599609375}, "barkbands_flatness_db": {"dvar": 0.000376983109163, "var": 0.00533500034362, "median": 0.170336902142, "max": 0.583514273167, "dmean": 0.018066322431, "dmean2": 0.0261587034911, "mean": 0.182563766837, "dvar2": 0.000759553804528, "min": 0.0540436394513}, "spectral_centroid": {"dvar": 87610.1171875, "var": 481497.09375, "median": 748.966369629, "max": 11769.6621094, "dmean": 170.487884521, "dmean2": 251.858917236, "mean": 905.867736816, "dvar2": 162404.875, "min": 89.1659927368}, "melbands_skewness": {"dvar": 0.624644637108, "var": 3.85819888115, "median": 2.55290412903, "max": 15.7033872604, "dmean": 0.616950750351, "dmean2": 0.921965062618, "mean": 3.01064300537, "dvar2": 1.33253288269, "min": -0.888508677483}, "melbands": {"dvar": [5.41310534174e-08, 2.86493644808e-07, 1.08822780476e-06, 1.32754962578e-07, 2.48847378259e-08, 8.92409701692e-08, 5.51782079583e-07, 9.47036824073e-07, 3.54507903921e-07, 1.36295270181e-07, 3.54583029605e-08, 1.85630302241e-08, 5.71208547129e-09, 7.60323182192e-09, 2.52518539412e-08, 5.20769960488e-09, 3.61486085509e-09, 1.47040857268e-09, 5.14393472262e-10, 3.20575038737e-10, 5.08678967004e-11, 2.71132595542e-11, 1.09575591656e-10, 2.15095261047e-10, 9.51226111767e-11, 2.00850881066e-11, 3.14961945413e-11, 2.17883263515e-11, 3.38686522404e-12, 2.1228468202e-12, 2.51724856237e-12, 4.88687172326e-12, 5.46817192221e-12, 4.82189982387e-12, 6.19205728358e-12, 7.46914335936e-12, 6.1797567931e-12, 4.94123318651e-12, 2.71636597764e-12, 1.17626925995e-12], "var": [2.14429718426e-07, 4.74369215908e-07, 1.60031333962e-06, 2.26928065672e-07, 6.84197942746e-08, 3.87206881669e-07, 1.63876268289e-06, 3.47738250639e-06, 1.25887515878e-06, 3.73047612356e-07, 1.19567303614e-07, 4.73060204342e-08, 1.43940193098e-08, 1.79377259713e-08, 4.84848037274e-08, 1.12242668493e-08, 8.12316436338e-09, 3.61704155516e-09, 1.43033140887e-09, 1.2214907974e-09, 1.699094615e-10, 8.68382171726e-11, 3.68568620068e-10, 7.96778754086e-10, 4.02948924227e-10, 9.50425363411e-11, 1.34066563406e-10, 8.29776178324e-11, 8.70253088342e-12, 4.22804846689e-12, 5.95255572264e-12, 1.22785453679e-11, 1.43741728589e-11, 1.2176729243e-11, 1.40267979523e-11, 1.89750177376e-11, 1.57884295915e-11, 1.34366970675e-11, 8.10144052538e-12, 2.50817725964e-12], "median": [0.000815630250145, 0.000736094836611, 0.000421992328484, 0.000265982816927, 0.000104302875116, 8.32264922792e-05, 0.00015564536443, 9.48271335801e-05, 4.0802420699e-05, 1.91756225831e-05, 2.36794730881e-05, 8.95541961654e-06, 6.22218931312e-06, 7.9162991824e-06, 5.01525119034e-06, 2.91733158519e-06, 3.27029101754e-06, 2.09496374737e-06, 1.83961026323e-06, 1.3247320112e-06, 1.17657509691e-06, 8.15069483906e-07, 1.13814223823e-06, 2.08212850339e-06, 2.19554340219e-06, 1.24987263916e-06, 1.22962285332e-06, 1.11254087187e-06, 5.52890469407e-07, 3.4877044186e-07, 3.97807639274e-07, 5.357385362e-07, 5.0667438245e-07, 4.48089451766e-07, 2.86189731469e-07, 1.90799340771e-07, 1.81267409971e-07, 9.309299287e-08, 7.27194020556e-08, 5.89097268744e-08], "max": [0.00436694966629, 0.00693091703579, 0.0266347695142, 0.00827376358211, 0.00785967055708, 0.0090044606477, 0.0145480418578, 0.0179476365447, 0.0196910537779, 0.011087121442, 0.00536167807877, 0.00635427422822, 0.00287578767166, 0.00388896861114, 0.00499815819785, 0.00149203022011, 0.00209537358023, 0.000968396256212, 0.000791576108895, 0.00110442924779, 0.000303176348098, 0.000266616261797, 0.000610728457104, 0.000321994535625, 0.000309488154016, 0.000141502532642, 0.000140557429404, 0.000107574436697, 5.13572340424e-05, 3.63473809557e-05, 3.86659012293e-05, 7.07431609044e-05, 6.74441980664e-05, 7.07181752659e-05, 9.01732419152e-05, 9.59782410064e-05, 0.000116326453281, 0.000119298005302, 0.000123246092699, 7.47858357499e-05], "dmean": [0.000131889333716, 0.000394637376303, 0.000450013380032, 0.000199829722987, 7.25012650946e-05, 0.000129327643663, 0.000330046488671, 0.000379252480343, 0.000186666409718, 9.97950264718e-05, 6.49827925372e-05, 3.46105844073e-05, 2.10066391446e-05, 2.17805572902e-05, 3.00073588733e-05, 2.12387676584e-05, 1.8959523004e-05, 1.06513662104e-05, 6.59018587612e-06, 4.26911265095e-06, 2.06796698876e-06, 1.3790020148e-06, 3.24896905113e-06, 6.13654538029e-06, 4.25230700785e-06, 1.98858833755e-06, 2.52621498475e-06, 2.19887238018e-06, 8.28380677831e-07, 5.80237951908e-07, 6.53855749988e-07, 8.55388123e-07, 8.8850828206e-07, 7.9027705624e-07, 6.68761060751e-07, 6.41193253159e-07, 5.82044549446e-07, 4.22600777483e-07, 3.11122335006e-07, 2.04970092454e-07], "dmean2": [0.000205345771974, 0.000683941238094, 0.000737123773433, 0.000318785139825, 0.000106585663161, 0.000190888575162, 0.000463556527393, 0.000534879451152, 0.000262100569671, 0.000143938726978, 9.38884695643e-05, 5.19338391314e-05, 3.23700951412e-05, 3.35028889822e-05, 4.76409622934e-05, 3.220036524e-05, 2.83136087091e-05, 1.57227150339e-05, 9.35442949412e-06, 5.8382665884e-06, 2.99731004816e-06, 2.05168112188e-06, 4.75040587844e-06, 8.90382216312e-06, 6.26497057965e-06, 2.91868832392e-06, 3.64941729458e-06, 3.26805229633e-06, 1.24516520827e-06, 8.64510582232e-07, 9.82489154921e-07, 1.26704401282e-06, 1.29859813569e-06, 1.15781369914e-06, 9.92130821942e-07, 9.41134146615e-07, 8.62057447648e-07, 6.28902796507e-07, 4.44232938435e-07, 3.00455411661e-07], "mean": [0.000746342062484, 0.000885988469236, 0.000749804195948, 0.00041112996405, 0.00018510776863, 0.00032435436151, 0.000765759556089, 0.000889468705282, 0.000368421984604, 0.000201014525373, 0.000139599738759, 6.33596573607e-05, 4.32794586231e-05, 4.09069798479e-05, 5.08597076987e-05, 3.49272522726e-05, 3.23609965562e-05, 1.90143346117e-05, 1.23076670207e-05, 8.49977459438e-06, 4.49348499387e-06, 2.97174551633e-06, 6.70358076604e-06, 1.39836429298e-05, 1.02905723907e-05, 5.02714146933e-06, 6.12063240624e-06, 4.97048858961e-06, 1.61784851116e-06, 1.04338812434e-06, 1.25391943584e-06, 1.73734065356e-06, 1.94649101104e-06, 1.65269466379e-06, 1.22351241316e-06, 1.14915837912e-06, 1.08094923235e-06, 7.26925350136e-07, 5.37068899575e-07, 3.48024201458e-07], "dvar2": [1.27164511809e-07, 9.00028055639e-07, 2.5840258786e-06, 3.47175898696e-07, 5.50370238273e-08, 2.01256696641e-07, 1.12148677545e-06, 1.90374714748e-06, 6.66509095026e-07, 2.93785262784e-07, 7.87338194641e-08, 4.234250639e-08, 1.56544448515e-08, 1.88812450119e-08, 7.12623133836e-08, 1.2474099087e-08, 8.49709991257e-09, 3.21086357502e-09, 1.00382124835e-09, 4.63344085322e-10, 9.58791102068e-11, 6.07294908805e-11, 2.16087203686e-10, 4.45711606512e-10, 1.99317201632e-10, 4.42789520327e-11, 6.87630785645e-11, 4.87661647175e-11, 7.72129322285e-12, 4.54411811998e-12, 5.27833159125e-12, 1.02337305297e-11, 1.16965612543e-11, 1.03387272701e-11, 1.29827268727e-11, 1.55133492857e-11, 1.31380722274e-11, 9.79971832848e-12, 4.47613647536e-12, 2.4716990607e-12], "min": [9.55530253985e-25, 1.75279804987e-24, 1.17315262165e-24, 1.36612377629e-24, 1.62034416237e-24, 2.13016603275e-24, 3.39802821e-24, 3.77054883983e-24, 2.99053579852e-24, 4.73255998058e-24, 2.68792264161e-24, 4.56270718363e-24, 3.03878253148e-24, 3.80363169404e-24, 4.04995942815e-24, 2.8483416482e-24, 6.11177835486e-24, 5.67908578176e-24, 5.23234201822e-24, 4.55037176566e-24, 4.92443461856e-24, 5.31303617794e-24, 4.62628385057e-24, 4.76924437926e-24, 4.26707998168e-24, 6.56777585125e-24, 5.83676487722e-24, 4.3054099442e-24, 3.46203756714e-24, 4.4585653168e-24, 6.36841137341e-24, 5.66234378677e-24, 6.81537246813e-24, 6.14438434266e-24, 5.52722335219e-24, 5.33454999255e-24, 6.99037889337e-24, 6.06397693388e-24, 6.34779094378e-24, 5.98921698032e-24]}, "spectral_decrease": {"dvar": 4.00095847199e-18, "var": 2.05654570335e-17, "median": -3.87543064306e-09, "max": 1.6882369571e-21, "dmean": 1.34038480315e-09, "dmean2": 1.94389904173e-09, "mean": -5.30643884389e-09, "dvar2": 8.07744184264e-18, "min": -3.82542388877e-08}, "barkbands_kurtosis": {"dvar": 33.7419281006, "var": 1572.20788574, "median": 6.65387582779, "max": 914.847106934, "dmean": 3.53875136375, "dmean2": 5.3621969223, "mean": 13.4976997375, "dvar2": 66.1921768188, "min": -1.94532525539}, "silence_rate_30dB": {"dvar": 0.000873658224009, "var": 0.00104798714165, "median": 1, "max": 1, "dmean": 0.000874355144333, "dmean2": 0.0017488632584, "mean": 0.998950839043, "dvar2": 0.0020958292298, "min": 0}, "gfcc": {"mean": [-57.6022186279, 114.038574219, -94.2829818726, 36.4081306458, -65.2985534668, 9.87124443054, -28.4414787292, 10.4875173569, -17.5245952606, 3.08564543724, -7.36002588272, -4.86877822876, -15.8815889359], "cov": [[16733.7382812, -1674.61535645, -2654.81005859, 313.52746582, -1442.8659668, -161.730789185, -760.32019043, 364.61605835, -388.844970703, 56.6748924255, -240.716598511, -396.025695801, -941.434631348], [-1674.61535645, 1329.08068848, -50.2339324951, -141.245559692, 316.590881348, -103.894714355, 193.549057007, -79.5160293579, 121.897514343, -49.6032562256, 111.843406677, 34.5966644287, 184.212646484], [-2654.81005859, -50.2339324951, 968.140319824, 8.80419635773, 200.449859619, 130.949920654, 112.224143982, -80.1118164062, 24.2738647461, 1.7058712244, 19.1522083282, 114.131019592, 169.892913818], [313.52746582, -141.245559692, 8.80419635773, 386.104095459, 31.6473789215, -5.78645372391, -70.5540161133, -50.227230072, 36.7783966064, -20.7098827362, -39.1909179688, 11.2995710373, 46.0542106628], [-1442.8659668, 316.590881348, 200.449859619, 31.6473789215, 340.039825439, 12.778878212, 56.4613647461, -50.6984176636, 76.6224060059, -21.6940078735, -8.05181217194, 26.139799118, 136.436309814], [-161.730789185, -103.894714355, 130.949920654, -5.78645372391, 12.778878212, 198.97795105, 82.6884307861, 1.15273761749, -35.8748130798, 8.15591621399, 22.1228485107, 2.32333683968, 7.3272356987], [-760.32019043, 193.549057007, 112.224143982, -70.5540161133, 56.4613647461, 82.6884307861, 225.063369751, -0.904964089394, -13.1069526672, -0.400074511766, 69.2173233032, 23.8131694794, 30.6476974487], [364.61605835, -79.5160293579, -80.1118164062, -50.227230072, -50.6984176636, 1.15273761749, -0.904964089394, 144.411773682, 30.1902980804, 34.1892166138, 12.6187705994, 0.545303285122, -22.9039516449], [-388.844970703, 121.897514343, 24.2738647461, 36.7783966064, 76.6224060059, -35.8748130798, -13.1069526672, 30.1902980804, 146.583450317, 28.6409072876, 5.23940992355, 12.6817445755, 51.1656837463], [56.6748924255, -49.6032562256, 1.7058712244, -20.7098827362, -21.6940078735, 8.15591621399, -0.400074511766, 34.1892166138, 28.6409072876, 101.373428345, 29.1803741455, -3.53584098816, -15.4009542465], [-240.716598511, 111.843406677, 19.1522083282, -39.1909179688, -8.05181217194, 22.1228485107, 69.2173233032, 12.6187705994, 5.23940992355, 29.1803741455, 124.601631165, 37.7856559753, -6.30048179626], [-396.025695801, 34.5966644287, 114.131019592, 11.2995710373, 26.139799118, 2.32333683968, 23.8131694794, 0.545303285122, 12.6817445755, -3.53584098816, 37.7856559753, 101.668891907, 57.7873077393], [-941.434631348, 184.212646484, 169.892913818, 46.0542106628, 136.436309814, 7.3272356987, 30.6476974487, -22.9039516449, 51.1656837463, -15.4009542465, -6.30048179626, 57.7873077393, 166.729766846]], "icov": [[0.000207614211831, -4.73172367492e-05, 0.00038930302253, -0.000250403070822, 0.000404955440899, -0.000289053656161, 0.000349844485754, -0.000257245410467, 0.000250153389061, -9.16216740734e-05, 0.000301038409816, -0.000172912506969, 0.000464799493784], [-4.73172367492e-05, 0.00206491001882, 0.000613901007455, 0.000996760325506, -0.00115078222007, 0.0013522868976, -0.00140056107193, 0.00135379389394, -0.00114906474482, 0.00103155302349, -0.00200882554054, 0.00102159252856, -0.00210587470792], [0.00038930302253, 0.000613901007455, 0.00259817927144, 6.3251296524e-05, -1.18736909371e-06, -0.00107037078124, -7.35212324798e-06, 0.000806880707387, 8.15687872091e-06, -0.000394410424633, 0.000457014073618, -0.00150249304716, -0.000485734984977], [-0.000250403070822, 0.000996760325506, 6.3251296524e-05, 0.00392405083403, -0.000739678798709, 0.000191170707694, 2.51299843512e-05, 0.00222152122296, -0.00192372233141, 0.00094513077056, -0.000764820957556, 0.000133071793243, -0.00216346117668], [0.000404955440899, -0.00115078222007, -1.18736909371e-06, -0.000739678798709, 0.00667658122256, -0.00129067944363, 0.000455178727861, 0.000288333685603, -0.00125281629153, 0.000157286820468, 0.00172661233228, 0.000588403840084, -0.00142699573189], [-0.000289053656161, 0.0013522868976, -0.00107037078124, 0.000191170707694, -0.00129067944363, 0.00824570469558, -0.00355930440128, 2.7197505915e-05, 0.0011805780232, -7.83413270256e-05, -0.00193468027283, 0.00225459318608, -0.00196061236784], [0.000349844485754, -0.00140056107193, -7.35212324798e-06, 2.51299843512e-05, 0.000455178727861, -0.00355930440128, 0.00865881517529, -0.00150342099369, 0.00175003171898, 0.000298507919069, -0.00208435184322, -0.000208737212233, 0.000993248657323], [-0.000257245410467, 0.00135379389394, 0.000806880707387, 0.00222152122296, 0.000288333685603, 2.7197505915e-05, -0.00150342099369, 0.0105986883864, -0.00412391358986, -0.00114543538075, -0.000752780819312, -0.000798889959697, -0.00148074794561], [0.000250153389061, -0.00114906474482, 8.15687872091e-06, -0.00192372233141, -0.00125281629153, 0.0011805780232, 0.00175003171898, -0.00412391358986, 0.01179319527, -0.00358669972047, 0.00032262885361, 0.00016194798809, -0.000704105710611], [-9.16216740734e-05, 0.00103155302349, -0.000394410424633, 0.00094513077056, 0.000157286820468, -7.83413270256e-05, 0.000298507919069, -0.00114543538075, -0.00358669972047, 0.0133629599586, -0.00450794724748, 0.00241363770328, -0.00052558950847], [0.000301038409816, -0.00200882554054, 0.000457014073618, -0.000764820957556, 0.00172661233228, -0.00193468027283, -0.00208435184322, -0.000752780819312, 0.00032262885361, -0.00450794724748, 0.0153207350522, -0.00733965262771, 0.00522410357371], [-0.000172912506969, 0.00102159252856, -0.00150249304716, 0.000133071793243, 0.000588403840084, 0.00225459318608, -0.000208737212233, -0.000798889959697, 0.00016194798809, 0.00241363770328, -0.00733965262771, 0.0173167735338, -0.007368741557], [0.000464799493784, -0.00210587470792, -0.000485734984977, -0.00216346117668, -0.00142699573189, -0.00196061236784, 0.000993248657323, -0.00148074794561, -0.000704105710611, -0.00052558950847, 0.00522410357371, -0.007368741557, 0.015828223899]]}, "silence_rate_20dB": {"dvar": 0, "var": 0, "median": 1, "max": 1, "dmean": 0, "dmean2": 0, "mean": 1, "dvar2": 0, "min": 1}, "barkbands_skewness": {"dvar": 0.248874843121, "var": 2.79214525223, "median": 2.01484918594, "max": 23.9362239838, "dmean": 0.434543788433, "dmean2": 0.656209051609, "mean": 2.3215675354, "dvar2": 0.557438492775, "min": -2.10364508629}, "erbbands_skewness": {"dvar": 0.154633015394, "var": 0.786401093006, "median": 1.00453042984, "max": 5.05325698853, "dmean": 0.346757829189, "dmean2": 0.501811027527, "mean": 1.00205183029, "dvar2": 0.292599797249, "min": -4.95317077637}, "spectral_contrast_valleys": {"dvar": [0.0818287804723, 0.0749178677797, 0.0749925598502, 0.0638322979212, 0.0785738453269, 0.1821038872], "var": [1.52697527409, 1.97874140739, 2.1499710083, 2.12231707573, 2.39294815063, 2.57978081703], "median": [-6.98337459564, -7.10846233368, -8.22348594666, -8.75619506836, -8.38198471069, -10.6427354813], "max": [-5.91999912262, -4.71608352661, -5.0450592041, -6.5629696846, -5.90813302994, -7.2597899437], "dmean": [0.287429898977, 0.295841783285, 0.286220133305, 0.25551828742, 0.252646684647, 0.343778759241], "dmean2": [0.476211100817, 0.460652410984, 0.434696733952, 0.37746566534, 0.345280975103, 0.434872448444], "mean": [-7.23868846893, -7.22954177856, -8.29941749573, -8.9390411377, -8.62648391724, -10.9451246262], "dvar2": [0.194222688675, 0.15748924017, 0.146113589406, 0.115753725171, 0.123621053994, 0.287028491497], "min": [-28.0835494995, -27.8296718597, -27.8193130493, -27.5012588501, -27.4990711212, -27.3633155823]}, "spectral_strongpeak": {"dvar": 0.377729386091, "var": 1.58894252777, "median": 0.437957763672, "max": 9.11439228058, "dmean": 0.386034369469, "dmean2": 0.602828204632, "mean": 1.11769342422, "dvar2": 0.820364236832, "min": 0}, "erbbands_crest": {"dvar": 7.12174940109, "var": 29.593214035, "median": 9.96413421631, "max": 31.1825275421, "dmean": 2.50139832497, "dmean2": 3.77694177628, "mean": 11.3266677856, "dvar2": 15.7062187195, "min": 2.38682436943}, "barkbands_crest": {"dvar": 4.28180599213, "var": 19.915599823, "median": 10.8050613403, "max": 24.7777824402, "dmean": 2.13604855537, "dmean2": 3.39796471596, "mean": 11.6892147064, "dvar2": 10.7786931992, "min": 3.14918971062}, "spectral_energyband_middle_low": {"dvar": 5.1253955462e-05, "var": 0.000215568419662, "median": 0.00846241693944, "max": 0.144760206342, "dmean": 0.00431042630225, "dmean2": 0.00616157008335, "mean": 0.0138035994023, "dvar2": 0.000104552644189, "min": 2.0547500388e-22}, "spectral_contrast_coeffs": {"dvar": [0.00126887788065, 0.00154414435383, 0.000846306618769, 0.00068007723894, 0.000441999873146, 0.00030216720188], "var": [0.00591166969389, 0.00995322596282, 0.00573665369302, 0.00529294786975, 0.00438549555838, 0.00196779123507], "median": [-0.681767880917, -0.681446909904, -0.73551595211, -0.768811702728, -0.778817594051, -0.762569308281], "max": [-0.302784562111, -0.340760618448, -0.42978143692, -0.485569059849, -0.510672211647, -0.588913202286], "dmean": [0.0409200154245, 0.040499791503, 0.0328970886767, 0.0290046967566, 0.0225297473371, 0.0186055824161], "dmean2": [0.0675703734159, 0.0625535100698, 0.050125528127, 0.0437668859959, 0.0333560705185, 0.0277953650802], "mean": [-0.675813674927, -0.670112490654, -0.726936519146, -0.75744920969, -0.770154953003, -0.768128812313], "dvar2": [0.0033867477905, 0.00332563673146, 0.00179755687714, 0.00138523092028, 0.000821182737127, 0.000596869271249], "min": [-0.968967974186, -0.980127513409, -0.973162770271, -0.966701328754, -0.966507136822, -0.96191072464]}, "hfc": {"dvar": 33.6290206909, "var": 228.813293457, "median": 8.22620296478, "max": 165.788757324, "dmean": 3.36751890182, "dmean2": 4.58368682861, "mean": 13.573348999, "dvar2": 62.7424087524, "min": 1.06114983995e-16}, "spectral_energyband_high": {"dvar": 2.11788574234e-07, "var": 7.59820636631e-07, "median": 0.000144482357427, "max": 0.0188955869526, "dmean": 0.000158800452482, "dmean2": 0.000213837556657, "mean": 0.00040578097105, "dvar2": 3.64034860922e-07, "min": 7.0669109346e-21}, "erbbands_spread": {"dvar": 152.660690308, "var": 443.892608643, "median": 32.0029296875, "max": 150.66368103, "dmean": 8.34253692627, "dmean2": 12.2494258881, "mean": 37.077003479, "dvar2": 321.470550537, "min": 3.49643421173}, "dissonance": {"dvar": 0.000433114386396, "var": 0.00188023701776, "median": 0.444441258907, "max": 0.499984383583, "dmean": 0.0220607127994, "dmean2": 0.0364103578031, "mean": 0.434913545847, "dvar2": 0.00114686379675, "min": 0.154075860977}, "spectral_kurtosis": {"dvar": 6.09464740753, "var": 48.1755599976, "median": 4.07992458344, "max": 88.2773590088, "dmean": 1.81776702404, "dmean2": 2.99827194214, "mean": 5.59282541275, "dvar2": 16.0112342834, "min": -1.24490809441}, "spectral_skewness": {"dvar": 0.0613408647478, "var": 0.640255093575, "median": 1.64157521725, "max": 7.79042339325, "dmean": 0.23262347281, "dmean2": 0.360045582056, "mean": 1.75538146496, "dvar2": 0.134981870651, "min": -0.28342422843}, "pitch_salience": {"dvar": 0.00296423514374, "var": 0.0139694372192, "median": 0.521086454391, "max": 0.841390132904, "dmean": 0.0583806522191, "dmean2": 0.0951109230518, "mean": 0.507709980011, "dvar2": 0.00787514075637, "min": 0.023514803499}, "spectral_complexity": {"dvar": 4.08137464523, "var": 43.5988998413, "median": 10, "max": 40, "dmean": 1.78036201, "dmean2": 2.65127658844, "mean": 11.243311882, "dvar2": 7.53511190414, "min": 0}, "spectral_spread": {"dvar": 902841106432, "var": 4631686545410.0, "median": 4343732, "max": 51891032, "dmean": 585171.5, "dmean2": 827394.9375, "mean": 4678638.5, "dvar2": 1661474570240.0, "min": 1125306.625}, "dynamic_complexity": 5.38713645935, "melbands_crest": {"dvar": 6.4533367157, "var": 33.9024391174, "median": 14.3143091202, "max": 35.5739936829, "dmean": 2.56282043457, "dmean2": 4.12613248825, "mean": 15.2860431671, "dvar2": 16.3061351776, "min": 1.82575535774}, "zerocrossingrate": {"dvar": 0.000146942315041, "var": 0.00140969024505, "median": 0.03271484375, "max": 0.51513671875, "dmean": 0.00727469474077, "dmean2": 0.00841183587909, "mean": 0.0399083457887, "dvar2": 0.00014161663421, "min": 0.001953125}, "spectral_energyband_low": {"dvar": 6.56155498291e-06, "var": 1.28498177219e-05, "median": 0.00478661432862, "max": 0.0490062311292, "dmean": 0.00179820181802, "dmean2": 0.003028241219, "mean": 0.00534141948447, "dvar2": 1.84169275599e-05, "min": 1.30858187556e-23}, "melbands_kurtosis": {"dvar": 159.722229004, "var": 1318.5168457, "median": 12.4997091293, "max": 833.167053223, "dmean": 7.39674806595, "dmean2": 11.3778762817, "mean": 22.717918396, "dvar2": 366.470794678, "min": -1.64955890179}, "spectral_energyband_middle_high": {"dvar": 4.44397801402e-06, "var": 2.31792364502e-05, "median": 0.000833458499983, "max": 0.0592077337205, "dmean": 0.000873980578035, "dmean2": 0.00122826197185, "mean": 0.00276471395046, "dvar2": 1.07183122964e-05, "min": 1.2313885985e-21}, "barkbands_spread": {"dvar": 55.5014801025, "var": 217.745361328, "median": 10.3767089844, "max": 113.353507996, "dmean": 3.90016746521, "dmean2": 5.7608704567, "mean": 14.3358421326, "dvar2": 101.219779968, "min": 0.12253433466}, "mfcc": {"mean": [-699.098083496, 135.854370117, 23.265996933, 30.2643432617, -3.81219935417, 3.13799953461, 0.718715190887, 5.79924154282, -6.38325119019, 7.68727779388, 8.49751472473, 0.378359943628, 1.73818767071], "cov": [[10285.8007812, -643.933227539, -827.101135254, -392.571166992, -822.559143