{"metadata": {"audio_properties": {"downmix": "mix", "bit_rate": 183222, "lossless": false, "md5_encoded": "2a13a7e4fb3cdf6b517e73596944f035", "analysis_sample_rate": 44100, "sample_rate": 44100, "replay_gain": -9.77484512329, "equal_loudness": 0, "codec": "mp3", "length": 227.552658081}, "tags": {"album": ["Comatised"], "artist": ["Leona Naess"], "musicbrainz_recordingid": ["14d440da-f1cd-4a77-8e30-b16080474051"], "albumartist": ["Leona Naess"], "title": ["Leona Naess - Chosen Family"], "tracknumber": ["5"], "date": ["2000"], "file_name": "5977.mp3"}, "version": {"essentia_build_sha": "70f2e5ece6736b2c40cc944ad0e695b16b925413", "essentia_git_sha": "v2.1_beta2", "extractor": "music 1.0", "essentia": "2.1-beta2"}}, "tonal": {"chords_scale": "major", "hpcp": {"dmean": [0.102905340493, 0.0988095253706, 0.0496385768056, 0.035526227206, 0.0530495159328, 0.0927016884089, 0.0951545909047, 0.0815744772553, 0.0508423261344, 0.0357954651117, 0.0410617813468, 0.0626304298639, 0.0724974498153, 0.0672361850739, 0.0648764371872, 0.0697169229388, 0.0648003518581, 0.044513899833, 0.0437410622835, 0.0754977688193, 0.123305574059, 0.117817223072, 0.0944855958223, 0.0574321635067, 0.0400767102838, 0.031780783087, 0.0427685827017, 0.0448907203972, 0.0455603003502, 0.0549037829041, 0.0491834804416, 0.040479529649, 0.0347063280642, 0.0391487330198, 0.0605528354645, 0.0996710136533], "dvar2": [0.0790437608957, 0.0749214142561, 0.0491459555924, 0.0421684496105, 0.0545034408569, 0.0669961199164, 0.0810493528843, 0.0612528286874, 0.0618900358677, 0.039552833885, 0.0481981448829, 0.052499204874, 0.0654435530305, 0.0514722131193, 0.060554638505, 0.0666704550385, 0.0615702457726, 0.0499494746327, 0.0553417690098, 0.0664916932583, 0.0951045975089, 0.0894408375025, 0.0690276995301, 0.0855010077357, 0.0560804754496, 0.0314790382981, 0.044938672334, 0.0348528027534, 0.0366777293384, 0.0516431592405, 0.0414749458432, 0.0294987428933, 0.0242095384747, 0.0318381004035, 0.0455000884831, 0.0711071565747], "mean": [0.282554596663, 0.148134037852, 0.0391983799636, 0.0260528922081, 0.0459856055677, 0.173525631428, 0.253650009632, 0.143292814493, 0.0559132583439, 0.0415832586586, 0.0396603234112, 0.118590421975, 0.170068264008, 0.0997406095266, 0.104371830821, 0.151336729527, 0.0931765735149, 0.0389666967094, 0.0363031886518, 0.0760208964348, 0.253923326731, 0.317666530609, 0.145020112395, 0.0396097116172, 0.0258355531842, 0.0230979975313, 0.0391613617539, 0.0518247187138, 0.0480785369873, 0.0685501769185, 0.0844027549028, 0.0534656010568, 0.0431704111397, 0.0563564524055, 0.0715237110853, 0.204183220863], "var": [0.137797117233, 0.0518458299339, 0.016036696732, 0.0119437659159, 0.0178253352642, 0.0717106536031, 0.132620677352, 0.0579221434891, 0.0292198583484, 0.0205497872084, 0.0169198866934, 0.0508739240468, 0.0923149287701, 0.0359217785299, 0.0493809059262, 0.0891725569963, 0.040473934263, 0.0178695563227, 0.0182677041739, 0.027262063697, 0.10399146378, 0.142707034945, 0.046285469085, 0.0218304488808, 0.0126389283687, 0.00791388656944, 0.0135606629774, 0.0186783093959, 0.0158304236829, 0.0281878151, 0.0468914397061, 0.0207167491317, 0.0132303340361, 0.0243993960321, 0.0250341612846, 0.087108194828], "dmean2": [0.17164902389, 0.167038112879, 0.088955797255, 0.0632356479764, 0.092643044889, 0.150919556618, 0.157763570547, 0.134172797203, 0.0884644314647, 0.0633794367313, 0.0732363685966, 0.105895064771, 0.121417373419, 0.110728301108, 0.108077809215, 0.115826524794, 0.109753072262, 0.0779224708676, 0.0791967064142, 0.130164846778, 0.202462300658, 0.191816836596, 0.15619173646, 0.108014538884, 0.0764364823699, 0.0586218051612, 0.0765212774277, 0.0760875195265, 0.0791098475456, 0.0948285460472, 0.0811120867729, 0.0667725801468, 0.0592276416719, 0.0678069218993, 0.103638134897, 0.167117089033], "dvar": [0.0352772511542, 0.0307800453156, 0.0188333168626, 0.0156583879143, 0.0201996657997, 0.0286451652646, 0.0369423218071, 0.0251998715103, 0.0240622814745, 0.0153289595619, 0.0179129242897, 0.0204655434936, 0.0272851716727, 0.0203156545758, 0.0242982394993, 0.0294806398451, 0.0250645875931, 0.018916234374, 0.0206403080374, 0.0252343211323, 0.0390269719064, 0.0400743149221, 0.0276784896851, 0.0301117971539, 0.0196564756334, 0.011375291273, 0.0165659822524, 0.014172998257, 0.0138958040625, 0.0193872302771, 0.0175678618252, 0.0120103117079, 0.00975368451327, 0.0121215349063, 0.0169666465372, 0.0285696294159], "min": [0, 0, 0, 0, 0, 0, 0, 0, 0, 0, 0, 0, 0, 0, 0, 0, 0, 0, 0, 0, 0, 0, 0, 0, 0, 0, 0, 0, 0, 0, 0, 0, 0, 0, 0, 0], "median": [0.0665001794696, 0.0317980460823, 0.00178634736221, 0.000432440196164, 0.00214353366755, 0.0274935290217, 0.0412566401064, 0.0186657682061, 0.00209786812775, 0.000968302425463, 0.00180778524373, 0.0067781265825, 0.00948595814407, 0.00987743306905, 0.00564639037475, 0.00539308181033, 0.00375341810286, 0.00226920470595, 0.00183941319119, 0.00673400424421, 0.0725229158998, 0.105346336961, 0.0415320731699, 0.00137430662289, 0.00072656100383, 0.00107240630314, 0.00526402099058, 0.00833121780306, 0.00872286874801, 0.00477300258353, 0.00256823608652, 0.00254628667608, 0.00580679113045, 0.00630480609834, 0.00896415952593, 0.0386963114142], "max": [1, 1, 1, 1, 1, 1, 1, 1, 1, 1, 1, 1, 1, 1, 1, 1, 1, 1, 1, 1, 1, 1, 1, 1, 1, 1, 1, 1, 1, 1, 1, 1, 1, 1, 1, 1]}, "tuning_equal_tempered_deviation": 0.0616774149239, "chords_key": "A", "chords_strength": {"dmean": 0.0108862090856, "dvar2": 7.89037949289e-05, "mean": 0.526151120663, "var": 0.0143281957135, "dmean2": 0.00809153541923, "dvar": 9.57483935053e-05, "min": 0.195149987936, "median": 0.529163181782, "max": 0.803140878677}, "tuning_diatonic_strength": 0.589927077293, "thpcp": [1, 0.456516802311, 0.124689593911, 0.0813291668892, 0.0727114602923, 0.123278208077, 0.16314189136, 0.151349082589, 0.215792879462, 0.265696078539, 0.168307319283, 0.135898515582, 0.177407592535, 0.225153431296, 0.642759621143, 0.889469206333, 0.466319322586, 0.123394742608, 0.0820133388042, 0.144760623574, 0.546250939369, 0.798478841782, 0.451079368591, 0.176012426615, 0.13090223074, 0.124848917127, 0.373317331076, 0.535367250443, 0.313978970051, 0.32855784893, 0.476401239634, 0.293315678835, 0.122665412724, 0.114280812442, 0.239310368896, 0.799339234829], "chords_histogram": [42.0730476379, 5.26423168182, 7.56988382339, 1.83635997772, 8.8145275116, 1.5915119648, 0, 0, 0.428483992815, 0, 2.04040002823, 0.142827987671, 0.448887974024, 1.61191594601, 0, 0.265251994133, 0, 1.48949193954, 1.22423994541, 6.42725992203, 4.50928401947, 7.89634752274, 4.4276676178, 1.93837988377], "tuning_nontempered_energy_ratio": 0.692336559296, "tuning_frequency": 443.316436768, "key_strength": 0.820626437664, "chords_changes_rate": 0.0565190762281, "key_scale": "major", "hpcp_entropy": {"dmean": 0.497352659702, "dvar2": 0.572135031223, "mean": 1.38846158981, "var": 0.536683738232, "dmean2": 0.840029239655, "dvar": 0.232630565763, "min": 0, "median": 1.41711962223, "max": 4.22924566269}, "key_key": "A", "chords_number_rate": 0.00306059978902}, "lowlevel": {"melbands_skewness": {"dmean": 0.670742869377, "dvar2": 1.97753059864, "mean": 2.54749202728, "var": 4.48853826523, "dmean2": 1.02350485325, "dvar": 0.85663741827, "min": -1.81688022614, "median": 2.09958457947, "max": 20.7758388519}, "melbands_kurtosis": {"dmean": 9.98932743073, "dvar2": 1252.77258301, "mean": 22.9212703705, "var": 1470.98364258, "dmean2": 15.5846223831, "dvar": 533.740600586, "min": -1.88911414146, "median": 9.7580165863, "max": 606.858459473}, "barkbands_kurtosis": {"dmean": 8.41237926483, "dvar2": 1079.08496094, "mean": 19.6795578003, "var": 1320.43249512, "dmean2": 12.9935131073, "dvar": 519.330383301, "min": -1.95232486725, "median": 8.36556243896, "max": 780.751159668}, "hfc": {"dmean": 3.15154337883, "dvar2": 99.5297927856, "mean": 12.3762578964, "var": 329.42666626, "dmean2": 4.2287735939, "dvar": 58.1363716125, "min": 1.11489613186e-16, "median": 5.61643266678, "max": 271.773071289}, "silence_rate_20dB": {"dmean": 0, "dvar2": 0, "mean": 1, "var": 0, "dmean2": 0, "dvar": 0, "min": 1, "median": 1, "max": 1}, "erbbands_flatness_db": {"dmean": 0.0176949463785, "dvar2": 0.000789593614172, "mean": 0.245020419359, "var": 0.00311952573247, "dmean2": 0.0257732141763, "dvar": 0.000384500453947, "min": 0.024994218722, "median": 0.245422035456, "max": 0.43232306838}, "spectral_flux": {"dmean": 0.0166863221675, "dvar2": 0.001217002864, "mean": 0.0479748733342, "var": 0.00154235062655, "dmean2": 0.0262360889465, "dvar": 0.000510869314894, "min": 6.49093834237e-11, "median": 0.038809556514, "max": 0.432485163212}, "spectral_energyband_low": {"dmean": 0.000787920085713, "dvar2": 5.15905549037e-06, "mean": 0.00172741094138, "var": 3.34633159582e-06, "dmean2": 0.00137564272154, "dvar": 1.67786220118e-06, "min": 2.53567725951e-23, "median": 0.00119033723604, "max": 0.0152500988916}, "spectral_rolloff": {"dmean": 189.394317627, "dvar2": 1472588.75, "mean": 794.596496582, "var": 1875003.25, "dmean2": 320.990753174, "dvar": 713323.25, "min": 21.533203125, "median": 452.197265625, "max": 19336.8164062}, "spectral_entropy": {"dmean": 0.203742027283, "dvar2": 0.113855227828, "mean": 6.21792840958, "var": 0.605025827885, "dmean2": 0.295431494713, "dvar": 0.0623427890241, "min": 3.92016720772, "median": 6.27656316757, "max": 9.81403827667}, "spectral_energy": {"dmean": 0.0051532513462, "dvar2": 0.00015217125474, "mean": 0.0198686607182, "var": 0.000385010382161, "dmean2": 0.00761348567903, "dvar": 7.39096431062e-05, "min": 1.05271762658e-20, "median": 0.0140603249893, "max": 0.233686238527}, "spectral_centroid": {"dmean": 94.489906311, "dvar2": 116547.664062, "mean": 603.844726562, "var": 370335.53125, "dmean2": 135.21887207, "dvar": 71302.046875, "min": 151.655090332, "median": 451.2421875, "max": 11607.5429688}, "barkbands_flatness_db": {"dmean": 0.0219642091542, "dvar2": 0.00113624602091, "mean": 0.267718762159, "var": 0.00540018687025, "dmean2": 0.0336625650525, "dvar": 0.000528505712282, "min": 0.0420272313058, "median": 0.256233036518, "max": 0.503882229328}, "spectral_rms": {"dmean": 0.000536507344805, "dvar2": 9.312747693e-07, "mean": 0.00384914618917, "var": 4.56812949778e-06, "dmean2": 0.000787594530266, "dvar": 4.64274137357e-07, "min": 3.2047489662e-12, "median": 0.00370369944721, "max": 0.0150992246345}, "melbands": {"dmean": [1.68828009919e-05, 0.000141210417496, 0.000327792047756, 0.000342948740581, 0.000434896617662, 0.000204331576242, 0.000199927773792, 6.34666430415e-05, 9.1465524747e-05, 8.27203912195e-05, 6.01506835665e-05, 0.00010627310985, 9.70530454651e-05, 1.39313888212e-05, 1.36355056384e-05, 1.82633302757e-05, 2.1611160264e-05, 1.8516471755e-05, 9.62226476986e-06, 6.34120988252e-06, 2.77160393125e-06, 2.73198429568e-06, 2.49274876296e-06, 2.29924125961e-06, 1.89357285763e-06, 1.73948876636e-06, 8.10022640962e-07, 7.75204966885e-07, 3.88518202499e-07, 1.78658652317e-07, 1.8969549842e-07, 1.47572237097e-07, 1.5114746077e-07, 1.31040792439e-07, 1.89029591979e-07, 2.31006197282e-07, 2.84315262888e-07, 2.41015015945e-07, 3.03438042693e-07, 2.28874185382e-07], "dvar2": [4.66550620359e-09, 2.03446788305e-07, 1.23688460008e-06, 9.31155398121e-07, 1.97862163986e-06, 5.44529598301e-07, 1.70744669958e-06, 8.02269326527e-08, 2.96129144317e-07, 2.19657778189e-07, 3.7773017425e-07, 2.57366991718e-07, 1.61580558711e-07, 9.8467571874e-09, 9.1156664439e-09, 1.67471227996e-08, 2.87079444661e-08, 1.28499024754e-08, 8.40332070595e-09, 4.07305700278e-09, 3.2105060277e-10, 7.50459416832e-10, 5.24077559128e-10, 2.18400575402e-10, 2.36804853504e-10, 6.79704625917e-10, 5.73116137881e-11, 3.15848076859e-11, 5.30404062685e-12, 1.88370326282e-12, 5.48641774373e-12, 2.00456448315e-12, 5.79744759144e-12, 3.96967658398e-12, 3.40125367107e-12, 6.67625633596e-12, 1.17373263886e-11, 5.97221144066e-12, 5.53772262421e-12, 5.25932205772e-12], "mean": [2.34401704802e-05, 0.000286475551547, 0.000635326839983, 0.000732316402718, 0.00110337801743, 0.000554819067474, 0.000451812025858, 0.000198592446395, 0.000207792487345, 0.000186347664567, 0.000130330605316, 0.000283755362034, 0.000291966833174, 2.880286047e-05, 3.32670897478e-05, 3.62493774446e-05, 5.04070922034e-05, 3.66910280718e-05, 1.5886122128e-05, 1.22180335893e-05, 5.11801090397e-06, 5.18747128808e-06, 5.26021540281e-06, 4.45046134701e-06, 3.8431203393e-06, 2.98111172015e-06, 1.58003695105e-06, 1.45472881741e-06, 6.73490546887e-07, 2.75784287851e-07, 2.65477098083e-07, 2.19466130602e-07, 2.04762571343e-07, 1.72129560383e-07, 2.79834324601e-07, 3.47528072098e-07, 4.24107497565e-07, 3.88546965269e-07, 5.14592500167e-07, 3.745540198e-07], "var": [2.77964606887e-09, 1.38121791338e-07, 8.13670794741e-07, 1.18793627735e-06, 2.89807508125e-06, 9.53454730279e-07, 1.38438815611e-06, 1.96086773485e-07, 2.46317966912e-07, 2.79497896827e-07, 3.90251727822e-07, 7.77608192948e-07, 8.70312248935e-07, 2.39346498176e-08, 1.97881213637e-08, 3.07745864347e-08, 7.1802496393e-08, 2.21777991527e-08, 6.99554947303e-09, 1.01726573831e-08, 5.6515442326e-10, 1.08162334644e-09, 1.18568721508e-09, 3.56902590815e-10, 3.47885859009e-10, 5.13224518439e-10, 5.77412284652e-11, 3.41580722041e-11, 5.42113229307e-12, 2.58966719596e-12, 3.72655118569e-12, 2.10524740002e-12, 3.97509455907e-12, 2.70840489792e-12, 3.19739742495e-12, 4.46244083352e-12, 7.17782213874e-12, 4.81765712393e-12, 4.74611322465e-12, 3.38374640807e-12], "dmean2": [2.85184560198e-05, 0.000249529024586, 0.000547567615286, 0.000553583260626, 0.000655317446217, 0.000296376965707, 0.000323529820889, 8.75014375197e-05, 0.000133301902679, 0.000115721450129, 8.01627029432e-05, 0.000133830602863, 0.000122048426419, 1.79602393473e-05, 1.85443332157e-05, 2.30988152907e-05, 2.96077032544e-05, 2.4692461011e-05, 1.27885223264e-05, 7.71466329752e-06, 3.84417080568e-06, 3.71965393242e-06, 3.22705068356e-06, 3.18432580571e-06, 2.53390862781e-06, 2.45703722612e-06, 1.16141370654e-06, 1.12597285806e-06, 5.80865048505e-07, 2.50282198522e-07, 2.8818692499e-07, 2.19154443926e-07, 2.17295877292e-07, 1.94936575326e-07, 2.74977878689e-07, 3.39622346246e-07, 4.20165207515e-07, 3.47286999158e-07, 4.35348169958e-07, 3.36662367317e-07], "dvar": [1.63056568248e-09, 6.60489050119e-08, 4.93745687891e-07, 3.75200158942e-07, 8.17969407763e-07, 2.49008536457e-07, 5.56115253403e-07, 4.02936883859e-08, 1.32032326405e-07, 1.08293882306e-07, 2.01699663194e-07, 1.62280173299e-07, 1.14804812767e-07, 6.31770724624e-09, 4.45449810371e-09, 1.03116102323e-08, 1.47968179931e-08, 7.39689687279e-09, 4.11414946555e-09, 2.80845102729e-09, 2.00199384848e-10, 4.55032483915e-10, 3.54041074235e-10, 1.22611393261e-10, 1.29584259989e-10, 3.1875349582e-10, 2.53292126856e-11, 1.47952778501e-11, 2.47642835058e-12, 1.00985951372e-12, 2.08016937009e-12, 9.42515596819e-13, 2.71215276799e-12, 1.85409305097e-12, 1.71839137971e-12, 2.96514614077e-12, 5.33384317616e-12, 3.03627977795e-12, 2.83415478586e-12, 2.41760127542e-12], "min": [3.31616732501e-24, 1.97635373623e-24, 4.97926045147e-24, 5.03159348392e-24, 2.3883572488e-24, 2.65271124346e-24, 3.69752556356e-24, 4.74029673391e-24, 3.13182078665e-24, 2.43555893828e-24, 4.72198253913e-24, 4.82470997836e-24, 2.95832207181e-24, 5.13560676643e-24, 3.28125135526e-24, 4.48362348346e-24, 3.46106884595e-24, 7.0125237967e-24, 7.06657970137e-24, 5.67603801766e-24, 4.19655305574e-24, 5.22213849684e-24, 5.79933224398e-24, 6.55821525151e-24, 6.16129633717e-24, 6.32126904571e-24, 4.48683335848e-24, 7.22903613847e-24, 6.68965407224e-24, 5.05182145526e-24, 5.30931945979e-24, 7.27942226221e-24, 7.64630016998e-24, 7.18700484058e-24, 6.01501470407e-24, 6.80930376118e-24, 8.36442707327e-24, 7.1647297752e-24, 6.96445455744e-24, 6.84047086669e-24], "median": [6.99671909388e-06, 0.000164828350535, 0.000361745071132, 0.000309946917696, 0.000436134665506, 0.000162683834787, 3.80353048968e-05, 2.71517947112e-05, 3.36298398906e-05, 1.3020166989e-05, 8.87728856469e-06, 1.11773842946e-05, 5.13020631843e-06, 1.44433829519e-06, 1.26406916934e-06, 1.08529513909e-06, 8.75001660461e-07, 7.91498450781e-07, 6.11868927081e-07, 5.2227545666e-07, 6.52618496133e-07, 3.38485477869e-07, 2.14549075395e-07, 2.18512838046e-07, 2.3674178351e-07, 1.81125884069e-07, 1.5332535952e-07, 1.6301308392e-07, 1.00761255339e-07, 2.63561101832e-08, 2.33487060797e-08, 1.95935303537e-08, 1.10494315919e-08, 1.00461932107e-08, 2.91804465036e-08, 4.3333805877e-08, 4.56912303548e-08, 4.19028189924e-08, 5.73691778527e-08, 4.40661445111e-08], "max": [0.000843528890982, 0.00475943367928, 0.0119013329968, 0.00961831770837, 0.0201864968985, 0.0191782359034, 0.0228045899421, 0.0110294325277, 0.0153480246663, 0.0166136212647, 0.0256695952266, 0.0154135143384, 0.0118979942054, 0.00439371122047, 0.00299955182709, 0.00509228929877, 0.00515508232638, 0.00308471685275, 0.00362140545622, 0.0027435279917, 0.000592592579778, 0.00147802149877, 0.00126899476163, 0.000359144120011, 0.000875536352396, 0.00132550124545, 0.000274413032457, 0.00017795630265, 5.65556219954e-05, 4.48016362498e-05, 8.06117750471e-05, 5.16474974575e-05, 0.000121839344501, 0.000105904815427, 5.19741115568e-05, 8.50986325531e-05, 0.000112566471216, 7.61272676755e-05, 8.95141783985e-05, 6.65857514832e-05]}, "barkbands_crest": {"dmean": 2.32293009758, "dvar2": 13.5921430588, "mean": 13.3234367371, "var": 20.9697113037, "dmean2": 3.74280905724, "dvar": 5.21050214767, "min": 3.68408679962, "median": 12.7397546768, "max": 26.3740997314}, "mfcc": {"icov": [[0.00016790292284, 2.65455710178e-05, 0.000251736462815, 0.000113443202281, 0.000153914952534, 0.0002399472869, 5.56507584406e-05, 6.42687591608e-05, 4.38747629232e-05, -6.84948417984e-06, 5.70288902964e-05, 0.000118262163596, 0.000101694851764], [2.65455710178e-05, 0.00060819578357, -0.000135393522214, 0.000270873890258, 0.000235308849369, -0.000269760173978, -2.10003108805e-05, 0.000141533411806, -7.35564171919e-05, 6.65864936309e-05, 0.000326353794662, -0.000205371179618, -0.000152512060595], [0.000251736462815, -0.000135393522214, 0.00150715117343, -0.000397411960876, -4.03060003009e-05, -5.97995858698e-05, 0.000427625753218, 0.000102184974821, -9.0946094133e-05, 0.000213021281525, -0.00031829540967, 0.00030434425571, 0.000880047038663], [0.000113443202281, 0.000270873890258, -0.000397411960876, 0.00255995499901, -0.000551361707039, -0.000342792307492, 0.00068344490137, -0.000479063368402, -0.000783071736805, 0.000597998790909, 0.000609193812124, -0.000930800568312, -0.000246775976848], [0.000153914952534, 0.000235308849369, -4.03060003009e-05, -0.000551361707039, 0.00456645153463, 0.000930798589252, -0.000650133588351, -0.000712495006155, 0.000395179988118, -0.00101468979847, 0.00157403410412, -0.000477722467622, 0.000699144671671], [0.0002399472869, -0.000269760173978, -5.97995858698e-05, -0.000342792307492, 0.000930798589252, 0.0045987572521, -0.000772378640249, 0.000852717203088, -0.00113449117634, 0.000479014153825, -0.00162598025054, 0.00145950121805, -0.0018013821682], [5.56507584406e-05, -2.10003108805e-05, 0.000427625753218, 0.00068344490137, -0.000650133588351, -0.000772378640249, 0.00646407715976, -0.00102549511939, 0.00219661253504, -0.00152516399976, -0.000169937862665, 0.000439758237917, 0.00182685488835], [6.42687591608e-05, 0.000141533411806, 0.000102184974821, -0.000479063368402, -0.000712495006155, 0.000852717203088, -0.00102549511939, 0.00884997751564, -0.00225103087723, 0.00176206429023, -0.00168090243824, 0.00026272010291, -0.00149248482194], [4.38747629232e-05, -7.35564171919e-05, -9.0946094133e-05, -0.000783071736805, 0.000395179988118, -0.00113449117634, 0.00219661253504, -0.00225103087723, 0.00832430738956, -0.0016335779801, 0.000325630244333, -0.000527574389707, 0.00149776088074], [-6.84948417984e-06, 6.65864936309e-05, 0.000213021281525, 0.000597998790909, -0.00101468979847, 0.000479014153825, -0.00152516399976, 0.00176206429023, -0.0016335779801, 0.00892298296094, -0.00242818682455, 0.00242119980976, -0.00314896809869], [5.70288902964e-05, 0.000326353794662, -0.00031829540967, 0.000609193812124, 0.00157403410412, -0.00162598025054, -0.000169937862665, -0.00168090243824, 0.000325630244333, -0.00242818682455, 0.00892340857536, -0.00296101649292, 0.000222536502406], [0.000118262163596, -0.000205371179618, 0.00030434425571, -0.000930800568312, -0.000477722467622, 0.00145950121805, 0.000439758237917, 0.00026272010291, -0.000527574389707, 0.00242119980976, -0.00296101649292, 0.00934934150428, -0.00256792549044], [0.000101694851764, -0.000152512060595, 0.000880047038663, -0.000246775976848, 0.000699144671671, -0.0018013821682, 0.00182685488835, -0.00149248482194, 0.00149776088074, -0.00314896809869, 0.000222536502406, -0.00256792549044, 0.00934731308371]], "mean": [-777.874023438, 164.28717041, 29.4500083923, 4.84739255905, 4.57222318649, -19.0471992493, -0.400685846806, -11.5850753784, -10.6686601639, -4.16326475143, -16.5735740662, -10.1492319107, -9.25807762146], "cov": [[13274.3701172, -853.949157715, -2759.61279297, -1480.24743652, -263.303100586, -911.639770508, 298.867919922, -241.586456299, -452.046386719, 187.409347534, -242.638900757, -310.45715332, -134.539367676], [-853.949157715, 1985.26672363, 272.355194092, -114.55544281, -157.043731689, 223.177978516, -20.7631855011, -49.6111831665, 31.6666126251, -13.8338184357, 8.56592655182, 17.9038143158, 58.889125824], [-2759.61279297, 272.355194092, 1370.36071777, 459.125457764, 62.7287826538, 186.897079468, -134.847213745, 47.6232070923, 138.636077881, -101.933128357, 40.3758163452, 51.4046134949, -60.5387687683], [-1480.24743652, -114.55544281, 459.125457764, 728.096557617, 101.425819397, 84.9942932129, -140.129135132, 80.9588165283, 131.665863037, -93.137336731, -5.50752592087, 104.066123962, 15.5849781036], [-263.303100586, -157.043731689, 62.7287826538, 101.425819397, 300.507720947, -88.2869033813, 21.0114421844, 25.4929008484, -5.43162536621, -2.34186601639, -58.5013504028, 6.36627817154, -39.230052948], [-911.639770508, 223.177978516, 186.897079468, 84.9942932129, -88.2869033813, 373.066162109, -13.4203062057, 1.99980664253, 62.4119758606, 13.6784248352, 82.7884979248, 2.91054868698, 73.085144043], [298.867919922, -20.7631855011, -134.847213745, -140.129135132, 21.0114421844, -13.4203062057, 219.982376099, -9.23422241211, -68.5502853394, 44.7904624939, 0.726847469807, -43.9878616333, -29.2485275269], [-241.586456299, -49.6111831665, 47.6232070923, 80.9588165283, 25.4929008484, 1.99980664253, -9.23422241211, 141.152008057, 42.6219978333, -20.6288528442, 22.5303707123, 24.8863868713, 14.81508255], [-452.046386719, 31.6666126251, 138.636077881, 131.665863037, -5.43162536621, 62.4119758606, -68.5502853394, 42.6219978333, 174.005874634, -5.21461725235, 17.1636962891, 25.0873413086, 5.3404083252], [187.409347534, -13.8338184357, -101.933128357, -93.137336731, -2.34186601639, 13.6784248352, 44.7904624939, -20.6288528442, -5.21461725235, 163.874786377, 34.8208808899, -32.6096038818, 41.8917961121], [-242.638900757, 8.56592655182, 40.3758163452, -5.50752592087, -58.5013504028, 82.7884979248, 0.726847469807, 22.5303707123, 17.1636962891, 34.8208808899, 165.912399292, 39.9173240662, 38.615234375], [-310.45715332, 17.9038143158, 51.4046134949, 104.066123962, 6.36627817154, 2.91054868698, -43.9878616333, 24.8863868713, 25.0873413086, -32.6096038818, 39.9173240662, 154.927398682, 40.8391723633], [-134.539367676, 58.889125824, -60.5387687683, 15.5849781036, -39.230052948, 73.085144043, -29.2485275269, 14.81508255, 5.3404083252, 41.8917961121, 38.615234375, 40.8391723633, 164.176376343]]}, "spectral_decrease": {"dmean": 1.29932931081e-09, "dvar2": 9.57980035838e-18, "mean": -4.96686070051e-09, "var": 2.33076980761e-17, "dmean2": 1.92706828273e-09, "dvar": 4.58727442993e-18, "min": -5.72307072844e-08, "median": -3.57050189415e-09, "max": 1.13894538427e-22}, "zerocrossingrate": {"dmean": 0.00591463036835, "dvar2": 0.000212624989217, "mean": 0.0321505367756, "var": 0.0014151338255, "dmean2": 0.00672152871266, "dvar": 0.000205219228519, "min": 0.00341796875, "median": 0.02392578125, "max": 0.51416015625}, "spectral_contrast_coeffs": {"dmean": [0.0456857383251, 0.0369817875326, 0.0325925983489, 0.027112249285, 0.0224275700748, 0.0178415235132], "dvar2": [0.00387116800994, 0.00285810767673, 0.00191532936879, 0.00126317981631, 0.000847202725708, 0.000566891569179], "mean": [-0.521606743336, -0.655809640884, -0.701504945755, -0.761049628258, -0.782855272293, -0.817452728748], "var": [0.0108266705647, 0.0107210027054, 0.011480614543, 0.00741819944233, 0.00479754805565, 0.00203841924667], "dmean2": [0.0755472704768, 0.0592172257602, 0.0504016876221, 0.0427376367152, 0.0346754677594, 0.026968177408], "dvar": [0.00145735486876, 0.00117564899847, 0.000919031386729, 0.000576571561396, 0.00040582875954, 0.000276946491795], "min": [-0.977659285069, -0.983496963978, -0.973915278912, -0.969808399677, -0.970810651779, -0.963331580162], "median": [-0.514895498753, -0.662512004375, -0.717915058136, -0.775376021862, -0.791267096996, -0.81972181797], "max": [-0.257669568062, -0.30524507165, -0.347172498703, -0.445034146309, -0.498688131571, -0.617588818073]}, "spectral_skewness": {"dmean": 0.451316416264, "dvar2": 0.679576694965, "mean": 3.38291168213, "var": 2.63579416275, "dmean2": 0.703921556473, "dvar": 0.31100076437, "min": -0.306114703417, "median": 3.01080393791, "max": 10.5702562332}, "spectral_energyband_middle_high": {"dmean": 0.00148872088175, "dvar2": 4.11787514167e-05, "mean": 0.00527769513428, "var": 0.000150513413246, "dmean2": 0.00192321836948, "dvar": 2.49837466981e-05, "min": 1.29408489035e-21, "median": 0.000432263477705, "max": 0.172041803598}, "gfcc": {"icov": [[0.000257882784354, -0.000473692110972, 0.000694973743521, -0.000357146054739, 0.000718441791832, -0.000471808831207, 0.000835116719827, -0.000192857274669, 0.000697380979545, -9.77389645413e-05, 0.000448477541795, -0.000152846158016, 0.000353199953679], [-0.000473692110972, 0.00269155367278, -0.00186031556223, 0.00193040550221, -0.00190970685799, 0.00215111626312, -0.00305601768196, 0.00147793267388, -0.00280765560456, 0.00124751671683, -0.0010924662929, 0.00178155954927, -0.00103924644645], [0.000694973743521, -0.00186031556223, 0.00283836014569, -0.00162622879725, 0.00203640037216, -0.00158571824431, 0.00277263927273, -0.000628333655186, 0.00228341133334, -0.000548287527636, 0.00221738382243, -0.00106242205948, 0.00177179300226], [-0.000357146054739, 0.00193040550221, -0.00162622879725, 0.00337614840828, -0.00152653479017, 0.00218398775905, -0.00192476948723, 0.00028236277285, -0.00231133541092, 0.000530543795321, 0.000245108443778, 0.000568737159483, -0.000401893892558], [0.000718441791832, -0.00190970685799, 0.00203640037216, -0.00152653479017, 0.00580532988533, -0.00144202169031, 0.00163916521706, -0.000625554996077, 0.00200101803057, 0.000336911762133, 0.00153066799976, 0.000152664026245, 0.00216383975931], [-0.000471808831207, 0.00215111626312, -0.00158571824431, 0.00218398775905, -0.00144202169031, 0.00665465230122, -0.00337734189816, -0.000140381525853, -0.000875242403708, -0.000999520416372, -0.000982444500551, 0.00194858375471, -4.3645977712e-06], [0.000835116719827, -0.00305601768196, 0.00277263927273, -0.00192476948723, 0.00163916521706, -0.00337734189816, 0.00957576837391, -3.41721606674e-05, 0.00195506634191, -0.00263075809926, 0.00203557033092, -0.00250369915739, 0.00205791392364], [-0.000192857274669, 0.00147793267388, -0.000628333655186, 0.00028236277285, -0.000625554996077, -0.000140381525853, -3.41721606674e-05, 0.00668324250728, -0.00234800204635, 0.0016472954303, -0.00158355210442, 0.000739700975828, -0.000692194851581], [0.000697380979545, -0.00280765560456, 0.00228341133334, -0.00231133541092, 0.00200101803057, -0.000875242403708, 0.00195506634191, -0.00234800204635, 0.010275285691, -0.00397166470066, 0.00162786920555, -0.00368965486996, 0.00165407115128], [-9.77389645413e-05, 0.00124751671683, -0.000548287527636, 0.000530543795321, 0.000336911762133, -0.000999520416372, -0.00263075809926, 0.0016472954303, -0.00397166470066, 0.00984365586191, -0.0018612552667, 0.00119548512157, 0.000381231686333], [0.000448477541795, -0.0010924662929, 0.00221738382243, 0.000245108443778, 0.00153066799976, -0.000982444500551, 0.00203557033092, -0.00158355210442, 0.00162786920555, -0.0018612552667, 0.0107104107738, -0.00077056576265, 0.00217480165884], [-0.000152846158016, 0.00178155954927, -0.00106242205948, 0.000568737159483, 0.000152664026245, 0.00194858375471, -0.00250369915739, 0.000739700975828, -0.00368965486996, 0.00119548512157, -0.00077056576265, 0.0121080148965, -0.00245682313107], [0.000353199953679, -0.00103924644645, 0.00177179300226, -0.000401893892558, 0.00216383975931, -4.3645977712e-06, 0.00205791392364, -0.000692194851581, 0.00165407115128, 0.000381231686333, 0.00217480165884, -0.00245682313107, 0.0120725827292]], "mean": [-127.206253052, 130.68661499, -86.6087036133, 0.261399358511, -69.6152877808, -2.44846606255, -53.2728004456, 2.69788813591, -38.6809577942, -10.7237844467, -15.8227968216, -13.7323045731, -6.02827215195], "cov": [[18524.8359375, -1436.82128906, -3987.16967773, -857.481140137, -1119.98608398, 436.2215271, -847.327392578, 345.61126709, -728.881530762, -221.693267822, 338.511627197, -244.206817627, 252.302398682], [-1436.82128906, 1863.74633789, 562.093566895, -325.523803711, 303.274200439, -205.369491577, 327.203674316, -301.533905029, 185.090515137, -20.6367912292, -54.6273612976, -66.9918212891, -46.8534164429], [-3987.16967773, 562.093566895, 1845.38269043, 397.749694824, 138.686767578, -137.181884766, 54.3208847046, -102.286842346, 87.6622314453, -24.327287674, -219.759368896, 43.7994537354, -95.3259658813], [-857.481140137, -325.523803711, 397.749694824, 709.551147461, 32.8048934937, -124.422599792, -26.9468040466, 51.2926445007, 79.5586700439, -7.9889292717, -105.128135681, 64.9336242676, -14.5750656128], [-1119.98608398, 303.274200439, 138.686767578, 32.8048934937, 346.236236572, -30.0328502655, 89.2254180908, -48.5603141785, 35.0371284485, -12.9385499954, -28.2805671692, -25.2003116608, -44.8765716553], [436.2215271, -205.369491577, -137.181884766, -124.422599792, -30.0328502655, 281.872741699, 27.3753509521, 35.6182785034, -43.7601928711, 55.1906433105, 40.4628562927, -32.485824585, -21.2368030548], [-847.327392578, 327.203674316, 54.3208847046, -26.9468040466, 89.2254180908, 27.3753509521, 270.108947754, -74.8499832153, 83.9322967529, 71.0766067505, -7.36706018448, 13.712802887, -31.8565177917], [345.61126709, -301.533905029, -102.286842346, 51.2926445007, -48.5603141785, 35.6182785034, -74.8499832153, 219.718795776, -4.52268838882, -16.3603038788, 27.565322876, 7.85160541534, 12.4928894043], [-728.881530762, 185.090515137, 87.6622314453, 79.5586700439, 35.0371284485, -43.7601928711, 83.9322967529, -4.52268838882, 214.995178223, 66.9060745239, -11.0664720535, 47.1569519043, -13.8008356094], [-221.693267822, -20.6367912292, -24.327287674, -7.9889292717, -12.9385499954, 55.1906433105, 71.0766067505, -16.3603038788, 66.9060745239, 160.575576782, 25.7296009064, 7.56240367889, -20.0346412659], [338.511627197, -54.6273612976, -219.759368896, -105.128135681, -28.2805671692, 40.4628562927, -7.36706018448, 27.565322876, -11.0664720535, 25.7296009064, 141.162521362, -9.24682998657, -4.54134607315], [-244.206817627, -66.9918212891, 43.7994537354, 64.9336242676, -25.2003116608, -32.485824585, 13.712802887, 7.85160541534, 47.1569519043, 7.56240367889, -9.24682998657, 114.756134033, 18.048330307], [252.302398682, -46.8534164429, -95.3259658813, -14.5750656128, -44.8765716553, -21.2368030548, -31.8565177917, 12.4928894043, -13.8008356094, -20.0346412659, -4.54134607315, 18.048330307, 106.119529724]]}, "erbbands_spread": {"dmean": 4.63176441193, "dvar2": 202.008987427, "mean": 19.1477489471, "var": 350.92779541, "dmean2": 6.87767505646, "dvar": 97.7356033325, "min": 1.18792200089, "median": 13.4917964935, "max": 153.345367432}, "erbbands_kurtosis": {"dmean": 2.9878153801, "dvar2": 88.764755249, "mean": 6.74583339691, "var": 107.116928101, "dmean2": 4.61487913132, "dvar": 39.2995758057, "min": -1.90058410168, "median": 3.69874763489, "max": 152.997817993}, "dynamic_complexity": 5.59558343887, "erbbands_crest": {"dmean": 2.58719944954, "dvar2": 17.9254684448, "mean": 13.8868751526, "var": 26.3692874908, "dmean2": 4.11035060883, "dvar": 6.59803009033, "min": 2.14971351624, "median": 13.1291847229, "max": 31.2903060913}, "erbbands": {"dmean": [0.000751298328396, 0.0361970849335, 0.358092427254, 1.57125222683, 3.45774793625, 7.04627466202, 12.9300079346, 8.48972225189, 13.9126272202, 5.95993852615, 10.1177053452, 14.423740387, 11.6033525467, 25.4893779755, 21.9400253296, 4.1500787735, 8.1086473465, 10.5008916855, 10.0037498474, 5.81285810471, 2.44677662849, 2.35239601135, 2.13067173958, 2.21628832817, 1.80109333992, 1.09119570255, 0.483565807343, 0.295328855515, 0.253321319818, 0.240263715386, 0.341740310192, 0.410937637091, 0.352474272251, 0.282804816961, 0.0918079838157, 0.027791891247, 0.00639790203422, 0.000431175867561, 1.07252617454e-05, 6.37411176285e-06], "dvar2": [6.60359137328e-06, 0.0211647339165, 1.24309873581, 23.9436206818, 166.409393311, 513.720703125, 2013.19812012, 953.928283691, 8425.48632812, 838.586364746, 3470.29785156, 6157.43652344, 12922.7539062, 12394.8564453, 8683.57226562, 1033.66918945, 2654.09521484, 6616.46435547, 3553.07641602, 3710.42138672, 246.581176758, 452.620269775, 290.336639404, 287.928985596, 489.257476807, 63.0141906738, 8.74859046936, 7.87094974518, 6.29884386063, 14.7276954651, 12.4270277023, 19.7646350861, 9.95044898987, 6.1384139061, 1.51959609985, 0.155833870173, 0.00426279287785, 1.46815536937e-05, 6.88111922997e-09, 2.48614961951e-10], "mean": [0.00131267018151, 0.0551096200943, 0.771457493305, 3.2123465538, 6.3458108902, 16.1437530518, 31.6840877533, 23.70611763, 30.5922489166, 19.2167415619, 22.9346752167, 33.0266952515, 27.1763210297, 71.4027404785, 66.6086044312, 10.4767885208, 18.7710781097, 25.3524265289, 20.5178222656, 10.8849468231, 5.14843797684, 5.1383562088, 4.75159311295, 4.86548423767, 3.45167946815, 2.21081447601, 0.906358480453, 0.466484218836, 0.389503270388, 0.336261212826, 0.524256646633, 0.648988008499, 0.608525812626, 0.488651514053, 0.137169584632, 0.0372003465891, 0.00964044313878, 0.000645665975753, 2.45204155362e-05, 2.40279077843e-05], "var": [5.95755909671e-06, 0.0109174177051, 0.912108004093, 16.0165367126, 151.983779907, 705.145812988, 2833.59521484, 1848.0826416, 6261.51074219, 2065.82543945, 3072.94458008, 8222.84179688, 13992.3251953, 44024.3515625, 48543.9492188, 1298.13598633, 7109.75439453, 17096.3808594, 6709.11181641, 4127.77001953, 645.364379883, 813.384094238, 580.307739258, 455.094085693, 402.780822754, 81.7488174438, 10.5940933228, 8.74057006836, 7.23537683487, 10.4176845551, 10.9332208633, 14.4252662659, 9.36239624023, 4.78701972961, 1.10502064228, 0.130274713039, 0.0031584163662, 1.17063163998e-05, 6.50428200188e-09, 5.91146021023e-10], "dmean2": [0.00126159994397, 0.0619087219238, 0.629784524441, 2.66372394562, 5.56343412399, 11.3093204498, 19.3327198029, 12.1441907883, 22.6509399414, 8.51927280426, 14.5600328445, 20.3290252686, 15.3771924973, 31.8471565247, 27.3640556335, 5.54012727737, 10.2451667786, 14.1778383255, 13.1449680328, 7.36499500275, 3.2079975605, 3.09179210663, 2.78993558884, 2.94478654861, 2.50806593895, 1.52287197113, 0.69920706749, 0.423946917057, 0.362796545029, 0.344451665878, 0.487829446793, 0.594986796379, 0.487428426743, 0.402342915535, 0.130127593875, 0.0381815247238, 0.00916564557701, 0.000626358843874, 1.49901516124e-05, 9.28103963815e-06], "dvar": [2.43631711783e-06, 0.00724292732775, 0.4059022367, 8.85646438599, 71.740776062, 201.537033081, 837.47253418, 460.540496826, 2715.04882812, 397.656646729, 1597.09033203, 3012.81640625, 6970.77001953, 8126.62304688, 6446.69287109, 492.88760376, 1644.34289551, 3516.35229492, 2124.84008789, 1950.9699707, 168.611129761, 285.201812744, 186.909133911, 157.797821045, 228.966995239, 31.0045852661, 4.30538415909, 3.57015943527, 3.2155957222, 7.02024316788, 6.14433479309, 9.49247646332, 5.43226385117, 3.02723813057, 0.77127969265, 0.0854513496161, 0.00209826603532, 7.13050576451e-06, 3.67362384956e-09, 1.26681262702e-10], "min": [2.05152050536e-22, 4.71232536704e-22, 3.56587060755e-21, 2.12335130667e-20, 4.54811591945e-20, 3.37818688086e-20, 7.71666259823e-20, 9.31465469576e-20, 2.5521946942e-19, 5.45757896634e-19, 2.63794178746e-19, 4.86904099449e-19, 1.00354834045e-18, 1.18101549478e-18, 8.02851783172e-19, 1.72097283906e-18, 2.25736865383e-18, 2.59665642761e-18, 4.70505378222e-18, 5.72918444426e-18, 3.74788132281e-18, 6.16366478332e-18, 8.33076425087e-18, 8.66156204964e-18, 8.58516943853e-18, 1.13735671593e-17, 1.10942522547e-17, 9.59276227858e-18, 1.3056761419e-17, 1.4351515799e-17, 1.12919781996e-17, 1.39029903467e-17, 1.23819913159e-17, 9.64621634412e-18, 5.83311389796e-18, 4.55654508376e-18, 2.41434313226e-18, 8.70749456187e-19, 3.02404565746e-19, 3.0658331418e-20], "median": [0.000598681159317, 0.0246690511703, 0.465523391962, 1.86701667309, 2.48362708092, 6.07690954208, 10.6820840836, 7.42219924927, 3.38862586021, 2.57186818123, 4.73246049881, 3.02687048912, 2.64239096642, 3.19732284546, 1.80725491047, 0.801916897297, 0.647423446178, 0.615565598011, 0.601828575134, 0.556028366089, 0.585367619991, 0.348254978657, 0.260354936123, 0.318398326635, 0.256983727217, 0.258852481842, 0.154186218977, 0.0559767670929, 0.035385210067, 0.0261812042445, 0.0658226087689, 0.0820547193289, 0.0749154686928, 0.0611154548824, 0.0191570520401, 0.00461558811367, 0.00145930214785, 9.19750891626e-05, 1.16349829113e-05, 1.70487655851e-05], "max": [0.0376206375659, 1.772362113, 11.4541320801, 46.8395957947, 185.641677856, 279.443939209, 745.574768066, 992.072631836, 1460.78710938, 978.535705566, 1746.21337891, 2661.02001953, 4963.95458984, 3594.46972656, 3571.48193359, 1063.72314453, 1649.97399902, 2687.90332031, 1747.77099609, 2075.44433594, 702.470092773, 1239.83312988, 1001.13409424, 961.063903809, 838.188049316, 283.608123779, 86.0128326416, 112.7733078, 94.4136199951, 213.882736206, 99.6436004639, 138.356506348, 115.602340698, 63.4063491821, 52.7703132629, 20.2151451111, 2.58436274529, 0.0982116013765, 0.00251234625466, 0.000275238242466]}, "silence_rate_30dB": {"dmean": 0.00346938776784, "dvar2": 0.00831932295114, "mean": 0.996939063072, "var": 0.00305166840553, "dmean2": 0.00693948380649, "dvar": 0.00345697370358, "min": 0, "median": 1, "max": 1}, "silence_rate_60dB": {"dmean": 0.0373469404876, "dvar2": 0.0784989744425, "mean": 0.179369449615, "var": 0.147211253643, "dmean2": 0.0747015029192, "dvar": 0.0359547920525, "min": 0, "median": 0, "max": 1}, "spectral_energyband_middle_low": {"dmean": 0.00417177891359, "dvar2": 0.000106292762212, "mean": 0.0135404197499, "var": 0.000170847022673, "dmean2": 0.00632935250178, "dvar": 4.51028790849e-05, "min": 2.23510875906e-22, "median": 0.0100154178217, "max": 0.120123662055}, "spectral_spread": {"dmean": 520700.8125, "dvar2": 1374028169220.0, "mean": 3721274.25, "var": 5424075505660.0, "dmean2": 764684.75, "dvar": 822778855424, "min": 625891, "median": 3310187.25, "max": 42848876}, "barkbands": {"dmean": [5.11318921781e-06, 0.000109628061182, 0.000419429619797, 0.0007705441094, 0.00187813199591, 0.00130079861265, 0.000851168646477, 0.000392374699004, 0.000569140829612, 0.000654161209241, 0.000694197253324, 9.44286875892e-05, 0.000179485505214, 0.00025777873816, 0.000149541912833, 7.00482560205e-05, 4.71114981337e-05, 4.89910962642e-05, 4.20713076892e-05, 2.13867260754e-05, 8.23062782729e-06, 7.41989424569e-06, 1.03989686977e-05, 2.03037525353e-05, 1.88679332496e-05, 4.09160884374e-06, 7.73947517185e-10], "dvar2": [2.09615047542e-10, 2.12733866078e-07, 1.90581658899e-06, 8.33582544146e-06, 2.76734353974e-05, 2.22061808017e-05, 2.95815279969e-05, 4.19912157668e-06, 8.75850491866e-06, 2.27729287872e-05, 8.36540220917e-06, 6.6843881541e-07, 1.78834216058e-06, 2