{"tonal": {"chords_key": "G#", "hpcp_entropy": {"dmean": 0.673266589642, "dmean2": 1.13250756264, "max": 4.60585212708, "dvar": 0.316449671984, "mean": 1.93008589745, "dvar2": 0.844216525555, "min": 0, "var": 0.629396855831, "median": 1.91753637791}, "key_key": "G#", "chords_strength": {"dmean": 0.0115532688797, "dmean2": 0.0123447775841, "max": 0.857770562172, "dvar": 0.000567205424886, "mean": 0.523491799831, "dvar2": 0.00108899432234, "min": -1, "var": 0.0175534430891, "median": 0.527900695801}, "key_scale": "major", "chords_number_rate": 0.00135501357727, "thpcp": [1, 0.96671384573, 0.45350664854, 0.325014203787, 0.280104547739, 0.202522754669, 0.216957509518, 0.183597996831, 0.169102743268, 0.269797235727, 0.273676782846, 0.212512463331, 0.30615773797, 0.348831802607, 0.460065335035, 0.873133718967, 0.898240804672, 0.696911215782, 0.741448163986, 0.57415419817, 0.354271203279, 0.441569209099, 0.503588676453, 0.382119655609, 0.396409809589, 0.376256197691, 0.27565830946, 0.367872059345, 0.402893126011, 0.363291174173, 0.462740272284, 0.462409198284, 0.301959872246, 0.229680970311, 0.271831929684, 0.492221951485], "key_strength": 0.708620131016, "tuning_nontempered_energy_ratio": 0.915560603142, "tuning_frequency": 434.193115234, "chords_changes_rate": 0.0646710991859, "tuning_diatonic_strength": 0.587462604046, "chords_scale": "major", "chords_histogram": [39.0736618042, 8.06849002838, 6.12219762802, 0.0615915246308, 0, 0.997782707214, 1.5151515007, 0.394185751677, 0.0123183047399, 0.0123183047399, 0.973146080971, 0.147819653153, 0.271002709866, 0.911554574966, 2.84552836418, 6.4055185318, 0.763734936714, 15.7674303055, 3.12884950638, 6.95984220505, 1.65065288544, 0.689825057983, 2.87016510963, 0.357230842113], "tuning_equal_tempered_deviation": 0.176885306835, "hpcp": {"dmean": [0.151045367122, 0.135116562247, 0.115721061826, 0.122173756361, 0.123371571302, 0.11145542562, 0.111014693975, 0.110009498894, 0.0943179726601, 0.106704078615, 0.114685185254, 0.116046823561, 0.114384479821, 0.124281704426, 0.103645369411, 0.0918050333858, 0.106205694377, 0.129469424486, 0.173029199243, 0.179781585932, 0.117155723274, 0.0856009498239, 0.0746973305941, 0.0763373225927, 0.0910507366061, 0.0704288035631, 0.0591650009155, 0.0753220692277, 0.0761899203062, 0.0754257515073, 0.0913817286491, 0.0999992564321, 0.136955961585, 0.182751581073, 0.185663029552, 0.177674502134], "dmean2": [0.26441192627, 0.236849814653, 0.207038998604, 0.21483039856, 0.215731427073, 0.196800649166, 0.191165849566, 0.191793560982, 0.168628379703, 0.189761564136, 0.205042555928, 0.209865823388, 0.198701128364, 0.215703129768, 0.18623714149, 0.168269991875, 0.1933029145, 0.22567678988, 0.287344247103, 0.299430608749, 0.203897491097, 0.150488436222, 0.130934119225, 0.139762625098, 0.170164421201, 0.129331737757, 0.107372529805, 0.132229223847, 0.130950689316, 0.134710878134, 0.163184195757, 0.178477495909, 0.24224217236, 0.313166767359, 0.314687281847, 0.31255415082], "max": [1, 1, 1, 1, 1, 1, 1, 1, 1, 1, 1, 1, 1, 1, 1, 1, 1, 1, 1, 1, 1, 1, 1, 1, 1, 1, 1, 1, 1, 1, 1, 1, 1, 1, 1, 1], "dvar": [0.0581832826138, 0.0478388518095, 0.0465481169522, 0.0424939393997, 0.0443836785853, 0.0381012149155, 0.0387352928519, 0.0413153842092, 0.0325531512499, 0.0419626533985, 0.0422514937818, 0.0457441359758, 0.0446993336082, 0.0469750240445, 0.0407823994756, 0.0379643589258, 0.0461164042354, 0.0453127734363, 0.0535562932491, 0.0509779825807, 0.0309945326298, 0.0278842225671, 0.0244881305844, 0.0242771655321, 0.0415658131242, 0.0226642470807, 0.0198253318667, 0.0273261386901, 0.0249392800033, 0.0228907428682, 0.030862076208, 0.0325508192182, 0.0409823320806, 0.0553538538516, 0.0564890131354, 0.0565558709204], "mean": [0.214645236731, 0.166214540601, 0.102559603751, 0.12783190608, 0.145786195993, 0.110621578991, 0.114758498967, 0.108924135566, 0.0798015892506, 0.106496974826, 0.116635382175, 0.105170831084, 0.133960813284, 0.133864969015, 0.0874157547951, 0.0664914026856, 0.0786938741803, 0.142495602369, 0.289494603872, 0.279858440161, 0.13128772378, 0.0940898582339, 0.0810887590051, 0.058629244566, 0.0628080293536, 0.0531506277621, 0.0489543303847, 0.0781048461795, 0.0792279541492, 0.0615212097764, 0.0886310115457, 0.100984923542, 0.133186429739, 0.252767503262, 0.260035872459, 0.20175203681], "dvar2": [0.148673057556, 0.122240386903, 0.119375750422, 0.111550785601, 0.112223833799, 0.100984588265, 0.0976141691208, 0.10425426811, 0.0876139476895, 0.11228916049, 0.113845534623, 0.125603765249, 0.10618519038, 0.121601507068, 0.111423440278, 0.103552080691, 0.124334640801, 0.111099466681, 0.113865859807, 0.119261041284, 0.0829677209258, 0.0717170163989, 0.0632087439299, 0.0676769763231, 0.118367575109, 0.0630270987749, 0.0542687252164, 0.0696406960487, 0.0614381954074, 0.0621578097343, 0.0813772305846, 0.0856788977981, 0.113748051226, 0.140264123678, 0.140421450138, 0.150021120906], "min": [0, 0, 0, 0, 0, 0, 0, 0, 0, 0, 0, 0, 0, 0, 0, 0, 0, 0, 0, 0, 0, 0, 0, 0, 0, 0, 0, 0, 0, 0, 0, 0, 0, 0, 0, 0], "var": [0.110497534275, 0.0775785967708, 0.0468404181302, 0.0500781461596, 0.0621418617666, 0.0400059148669, 0.0471086166799, 0.0468800626695, 0.0278860963881, 0.0476662218571, 0.0518032237887, 0.0454022623599, 0.0661664754152, 0.0581809282303, 0.0345990210772, 0.0284157022834, 0.0358489826322, 0.06032025069, 0.110573813319, 0.0974533483386, 0.0345683097839, 0.0387274883687, 0.0313388481736, 0.0184075012803, 0.0279732756317, 0.0172381754965, 0.0170713793486, 0.0345157310367, 0.0334352590144, 0.0188314244151, 0.0340086221695, 0.0393487811089, 0.0426168553531, 0.102191321552, 0.101945310831, 0.0728310123086], "median": [0.0225645452738, 0.0147660719231, 0.01279970631, 0.0322706177831, 0.0372821614146, 0.028925459832, 0.0162744708359, 0.0135763697326, 0.015822796151, 0.0133131742477, 0.0164494812489, 0.0152106322348, 0.0178973302245, 0.0227477159351, 0.014312306419, 0.00602097995579, 0.00701049203053, 0.0315373502672, 0.134262800217, 0.148760616779, 0.057018302381, 0.0109438486397, 0.00691157346591, 0.00584697443992, 0.00535085238516, 0.0058733378537, 0.00657114386559, 0.00808689184487, 0.00807635486126, 0.0114488638937, 0.0134498849511, 0.018178332597, 0.0415714308619, 0.0970576703548, 0.104113265872, 0.0707672014832]}}, "lowlevel": {"melbands_flatness_db": {"dmean": 0.041774712503, "dmean2": 0.0603044070303, "max": 0.671145200729, "dvar": 0.00179705338087, "mean": 0.304208904505, "dvar2": 0.00369729660451, "min": 0.0302727203816, "var": 0.00874348543584, "median": 0.306961536407}, "melbands_crest": {"dmean": 3.23501825333, "dmean2": 5.12799978256, "max": 39.9860496521, "dvar": 9.51837444305, "mean": 15.8194742203, "dvar2": 22.4127140045, "min": 3.16553354263, "var": 36.7037658691, "median": 14.9459514618}, "spectral_entropy": {"dmean": 0.330917328596, "dmean2": 0.465923935175, "max": 8.81790161133, "dvar": 0.116221748292, "mean": 6.93660545349, "dvar2": 0.227805137634, "min": 4.48570394516, "var": 0.566111087799, "median": 6.89671850204}, "melbands": {"dmean": [0.00236162077636, 0.00186299765483, 0.00103844632395, 0.000702806632034, 0.000522451242432, 0.000345851207385, 0.000334452983225, 0.000190062346519, 0.00015616096789, 0.000107864863821, 0.000116660106869, 6.60523874103e-05, 3.12177398882e-05, 1.6384961782e-05, 1.83903230209e-05, 1.56329660967e-05, 1.40282963912e-05, 8.49004663905e-06, 7.19720992493e-06, 7.19472973287e-06, 4.89363310407e-06, 4.44164879809e-06, 4.91653236168e-06, 4.61990657641e-06, 3.79143875762e-06, 2.88789215119e-06, 2.64494724433e-06, 2.59529747382e-06, 2.46518311542e-06, 1.87602915958e-06, 1.76586911493e-06, 1.46056379435e-06, 1.18581147035e-06, 8.87813996542e-07, 6.7624392841e-07, 7.40415714517e-07, 6.36547724753e-07, 6.04309150276e-07, 4.71759676657e-07, 4.60154780058e-07], "dmean2": [0.00397223513573, 0.00305992178619, 0.00187438656576, 0.00120574573521, 0.000862370827235, 0.000571466283873, 0.000537442101631, 0.00029508426087, 0.000238048436586, 0.000172689033207, 0.00019539090863, 0.000106267740193, 4.94627565786e-05, 2.63335132331e-05, 2.95472236758e-05, 2.61241257249e-05, 2.37108361034e-05, 1.37364922921e-05, 1.14469394248e-05, 1.14233434942e-05, 7.46037267163e-06, 6.99844622432e-06, 7.88562192611e-06, 7.5491266216e-06, 5.93428148932e-06, 4.43314456788e-06, 4.09069980378e-06, 4.03997592002e-06, 3.79055131816e-06, 2.80626568383e-06, 2.5298845685e-06, 2.13083808376e-06, 1.68482040408e-06, 1.29355942136e-06, 9.77135641733e-07, 1.06457821403e-06, 9.08011259071e-07, 8.8163625378e-07, 6.79513789237e-07, 6.87522970111e-07], "max": [0.0629592761397, 0.0513972602785, 0.0363388806581, 0.0183185823262, 0.0193733014166, 0.0154416467994, 0.012727772817, 0.0119586875662, 0.0103319482878, 0.00632561184466, 0.00402493029833, 0.00441979989409, 0.0029405944515, 0.00204896391369, 0.00135793536901, 0.000811378238723, 0.000862017273903, 0.000478723959532, 0.000409380620113, 0.000456392357592, 0.000353632960469, 0.000554630067199, 0.00051587598864, 0.000462053460069, 0.000855391845107, 0.000618527410552, 0.000487988232635, 0.000469027610961, 0.000544602575246, 0.000362520571798, 0.000462079973659, 0.000756864727009, 0.000454127817648, 0.000549182877876, 0.000133833382279, 0.000130935572088, 0.000126468003145, 0.00016756945115, 7.571416063e-05, 2.5723458748e-05], "dvar": [2.83933932224e-05, 1.86728684639e-05, 8.06533716968e-06, 1.84134592018e-06, 8.63927596129e-07, 4.16653591628e-07, 3.61692002571e-07, 1.6144454662e-07, 9.65171693679e-08, 4.02497057905e-08, 6.19099296273e-08, 2.50089513543e-08, 6.30306606908e-09, 1.77299130932e-09, 1.99649030641e-09, 2.78573719648e-09, 3.59416230111e-09, 9.96542848242e-10, 5.82783987735e-10, 6.45222097972e-10, 2.85484136331e-10, 1.96977351097e-10, 1.90471555195e-10, 1.93302249207e-10, 2.13402559512e-10, 1.46755926855e-10, 1.16849280252e-10, 1.43419456866e-10, 1.15895758268e-10, 6.86533607741e-11, 6.29408677955e-11, 9.62664531423e-11, 4.19848808497e-11, 3.87765652921e-11, 7.88146631292e-12, 6.85308624085e-12, 6.73745304339e-12, 5.66738756619e-12, 2.45762828491e-12, 1.65173625645e-12], "mean": [0.00352432928048, 0.00263964082114, 0.00105882983189, 0.000925900589209, 0.000932854425628, 0.000674209557474, 0.000691461842507, 0.00037118876935, 0.000311766605591, 0.000186999270227, 0.000152237102157, 0.000101074016129, 4.87676406919e-05, 2.57393840002e-05, 2.51235596807e-05, 1.6569158106e-05, 1.30993084895e-05, 8.81024334376e-06, 7.68295558373e-06, 6.96364622854e-06, 5.11031430506e-06, 4.89553985972e-06, 5.06793412569e-06, 4.88797422804e-06, 4.42216605734e-06, 3.37106939696e-06, 3.06889091917e-06, 3.03457159134e-06, 2.86579324893e-06, 2.25509688789e-06, 2.24172163144e-06, 1.90134733202e-06, 1.50709558966e-06, 1.09701363726e-06, 8.94118443284e-07, 9.32150157951e-07, 8.34862589727e-07, 7.42588383673e-07, 5.56517875339e-07, 5.61527713216e-07], "dvar2": [7.57760426495e-05, 4.59716102341e-05, 2.30686509894e-05, 4.91549735671e-06, 2.20584888666e-06, 1.05786193672e-06, 8.80881430021e-07, 3.76012536663e-07, 2.23663946031e-07, 9.77034915195e-08, 1.57895087227e-07, 6.11314519006e-08, 1.44948506531e-08, 3.99282340524e-09, 4.81142237163e-09, 7.13950054632e-09, 9.69225943948e-09, 2.53428833474e-09, 1.37678379808e-09, 1.4949329552e-09, 6.2991245553e-10, 4.41332581591e-10, 4.39523306639e-10, 4.71490457787e-10, 5.0936993512e-10, 3.46577155863e-10, 2.77030065554e-10, 3.54970192129e-10, 2.65098665242e-10, 1.59065038918e-10, 1.40451983377e-10, 2.02967018192e-10, 7.98115046274e-11, 8.73707842186e-11, 1.48632859492e-11, 1.40284355313e-11, 1.35502485968e-11, 1.1923719824e-11, 5.16024462743e-12, 2.99809894792e-12], "min": [6.19923090639e-09, 4.56766108227e-14, 2.66840484442e-14, 2.24409808905e-14, 3.70131408975e-14, 2.995049548e-14, 2.68514035198e-14, 3.95670943113e-14, 5.11524348812e-14, 3.05168250966e-14, 2.28250781448e-14, 3.33779329859e-14, 4.1562293971e-14, 3.36865782393e-14, 2.2918841304e-14, 3.91805254148e-14, 1.97888902395e-14, 3.701660018e-14, 4.48895105386e-14, 3.22606457065e-14, 3.91505472247e-14, 3.91625649282e-14, 4.76324844368e-14, 4.11061226832e-14, 4.61606765995e-14, 4.30174423643e-14, 4.93742891082e-14, 5.53364727087e-14, 4.54797298725e-14, 4.69043884678e-14, 4.64779751415e-14, 4.67703844674e-14, 4.38726068279e-14, 5.14391419813e-14, 5.99803613353e-14, 3.09994000955e-14, 5.56156886495e-14, 5.40998723684e-14, 6.05575634668e-14, 6.246991314e-14], "var": [3.15549514198e-05, 2.23077804549e-05, 5.64110086998e-06, 2.26662177738e-06, 1.72679187926e-06, 1.07498829038e-06, 1.49269237681e-06, 4.90967920541e-07, 2.7745656439e-07, 1.1853183679e-07, 9.59674153478e-08, 4.24236539232e-08, 1.20429186623e-08, 5.53343770804e-09, 3.09175174351e-09, 2.90128321367e-09, 2.72859934647e-09, 9.29234078573e-10, 6.27202900727e-10, 6.83499590259e-10, 3.43853057139e-10, 2.55280352413e-10, 2.31435176579e-10, 2.30366170584e-10, 2.56156262868e-10, 1.87075480107e-10, 1.47101317238e-10, 1.49811163475e-10, 1.45726847256e-10, 9.16131198681e-11, 8.75016031854e-11, 1.30136526555e-10, 6.80740463999e-11, 5.42351615007e-11, 1.53242592227e-11, 1.11303613895e-11, 1.04532164175e-11, 7.31283610056e-12, 3.22575928642e-12, 2.46114283467e-12], "median": [0.00155049096793, 0.00062542478554, 0.000302052183542, 0.000400606979383, 0.000514883780852, 0.000303428183543, 0.000238622160396, 0.000133803870995, 0.000123490739497, 6.57591372146e-05, 3.45432272297e-05, 3.04164877889e-05, 1.44774439832e-05, 5.37847972737e-06, 6.55424491924e-06, 2.60481283476e-06, 2.20295214604e-06, 1.45176431943e-06, 1.06009451883e-06, 6.65690492951e-07, 5.79155425839e-07, 5.03108879002e-07, 5.89363196468e-07, 5.54881751214e-07, 5.06097649122e-07, 3.68639206272e-07, 3.21904451539e-07, 3.86519758422e-07, 3.92850552089e-07, 1.89164552467e-07, 2.7774785849e-07, 2.29076860592e-07, 1.25221703229e-07, 5.73904159751e-08, 5.73413956317e-08, 1.42148991245e-07, 1.45420486319e-07, 9.206614493e-08, 5.23742258451e-08, 7.74416051286e-08]}, "silence_rate_60dB": {"dmean": 0.0160773675889, "dmean2": 0.0321567170322, "max": 1, "dvar": 0.0158191751689, "mean": 0.0757622420788, "dvar2": 0.0371624939144, "min": 0, "var": 0.0700194835663, "median": 0}, "spectral_energyband_middle_high": {"dmean": 0.00142113945913, "dmean2": 0.00219665840268, "max": 0.05167176947, "dvar": 1.13717887871e-05, "mean": 0.00220878538676, "dvar2": 2.73772002402e-05, "min": 1.29705959515e-11, "var": 1.54689569172e-05, "median": 0.000905099965166}, "erbbands_skewness": {"dmean": 0.546561777592, "dmean2": 0.815518915653, "max": 11.242351532, "dvar": 0.31172645092, "mean": 1.32204520702, "dvar2": 0.664140999317, "min": -5.84681749344, "var": 1.92501926422, "median": 1.20599365234}, "dynamic_complexity": 4.53623056412, "dissonance": {"dmean": 0.0362035520375, "dmean2": 0.0589973181486, "max": 0.499999850988, "dvar": 0.00116278359201, "mean": 0.421451091766, "dvar2": 0.00297794491053, "min": 0.157946556807, "var": 0.00329454289749, "median": 0.433630108833}, "spectral_skewness": {"dmean": 0.488029450178, "dmean2": 0.711470246315, "max": 8.67950153351, "dvar": 0.281718313694, "mean": 2.40781664848, "dvar2": 0.624878048897, "min": -0.0419923551381, "var": 1.04264187813, "median": 2.25189137459}, "spectral_kurtosis": {"dmean": 3.84631943703, "dmean2": 5.88170099258, "max": 116.788925171, "dvar": 25.6551055908, "mean": 9.42313194275, "dvar2": 60.2986183167, "min": -0.839161634445, "var": 63.089931488, "median": 6.86561107635}, "gfcc": {"cov": [[17994.8847656, 65.9595336914, -860.376281738, 58.8135147095, -359.033050537, -215.963424683, -491.822723389, -102.139785767, -359.159332275, -141.914352417, -396.769042969, -28.4428272247, -194.560150146], [65.9595336914, 1953.42944336, 233.72177124, -352.901306152, -75.8174133301, 56.9993629456, 171.672134399, -65.1620635986, 31.5146656036, -125.420600891, 158.073104858, -182.324523926, 70.4451293945], [-860.376281738, 233.72177124, 876.645751953, 226.778930664, 151.340133667, 134.116134644, 117.212287903, 29.3917655945, 39.8896636963, 36.5436058044, 21.41198349, -21.9548511505, 12.9544935226], [58.8135147095, -352.901306152, 226.778930664, 823.449035645, 318.803314209, 74.3729705811, 139.388946533, 73.0605392456, 51.9912796021, 19.907409668, -77.8191375732, 30.2197742462, -3.92242574692], [-359.033050537, -75.8174133301, 151.340133667, 318.803314209, 465.704467773, 138.94178772, 125.576477051, 75.3165130615, 70.8793792725, 3.72689843178, -32.0133171082, 19.1386108398, -2.00185680389], [-215.963424683, 56.9993629456, 134.116134644, 74.3729705811, 138.94178772, 272.023468018, 191.745727539, 45.1281661987, 15.4637451172, 33.0214309692, 9.92663097382, -12.4225540161, 6.31882476807], [-491.822723389, 171.672134399, 117.212287903, 139.388946533, 125.576477051, 191.745727539, 316.582366943, 77.174659729, 19.9900455475, 16.3002948761, 16.6404705048, -16.9369029999, 19.5153999329], [-102.139785767, -65.1620635986, 29.3917655945, 73.0605392456, 75.3165130615, 45.1281661987, 77.174659729, 132.885604858, 48.4238166809, 13.1574468613, 15.6177425385, 30.4382953644, 5.36138677597], [-359.159332275, 31.5146656036, 39.8896636963, 51.9912796021, 70.8793792725, 15.4637451172, 19.9900455475, 48.4238166809, 133.218902588, 47.0304374695, 30.1560382843, 29.2580947876, 30.2215576172], [-141.914352417, -125.420600891, 36.5436058044, 19.907409668, 3.72689843178, 33.0214309692, 16.3002948761, 13.1574468613, 47.0304374695, 119.799476624, 34.80027771, 32.2909965515, 22.6280879974], [-396.769042969, 158.073104858, 21.41198349, -77.8191375732, -32.0133171082, 9.92663097382, 16.6404705048, 15.6177425385, 30.1560382843, 34.80027771, 138.091659546, 22.3563079834, 22.0821495056], [-28.4428272247, -182.324523926, -21.9548511505, 30.2197742462, 19.1386108398, -12.4225540161, -16.9369029999, 30.4382953644, 29.2580947876, 32.2909965515, 22.3563079834, 113.341499329, 33.7294006348], [-194.560150146, 70.4451293945, 12.9544935226, -3.92242574692, -2.00185680389, 6.31882476807, 19.5153999329, 5.36138677597, 30.2215576172, 22.6280879974, 22.0821495056, 33.7294006348, 96.1046676636]], "mean": [-58.8767471313, 112.483543396, -70.1985855103, 15.2829113007, -68.3536987305, 6.1836066246, -28.3121643066, 11.264169693, -20.4163837433, 7.04181337357, -8.37063884735, 3.63379740715, -4.48721170425], "icov": [[7.79509500717e-05, -0.000115524533612, 9.56546573434e-05, -9.81471821433e-05, 6.88876170898e-05, -0.000124361962662, 0.00024099482107, -0.000175339300768, 0.000256895989878, -0.000190962920897, 0.00029823652585, -0.000180629474926, 0.000155091140186], [-0.000115524533612, 0.00133433856536, -0.000455893052276, 0.00062461552443, -0.000156703594257, 0.000477477413369, -0.00123137456831, 0.00106497621164, -0.0013428570237, 0.00197641528212, -0.0017996650422, 0.00199661427177, -0.00129932735581], [9.56546573434e-05, -0.000455893052276, 0.00155617203563, -0.000596554542426, -1.54474910232e-05, -0.000726725207642, 0.000584262073971, -0.00034646684071, 0.000467338220915, -0.000868928909767, 0.000335874588927, -0.000168657148606, 0.000281501503196], [-9.81471821433e-05, 0.00062461552443, -0.000596554542426, 0.00228478410281, -0.00122808187734, 0.00107311469037, -0.0014896687353, 0.000432300410466, -0.00073016656097, 0.000432421831647, 0.00019789749058, 0.000371740548871, -0.0003487750364], [6.88876170898e-05, -0.000156703594257, -1.54474910232e-05, -0.00122808187734, 0.00387797807343, -0.00182160548866, 0.000374781113351, -0.000643124629278, -0.00147489912342, 0.000944350613281, 0.000847583287396, -0.000797941407654, 0.0006933582481], [-0.000124361962662, 0.000477477413369, -0.000726725207642, 0.00107311469037, -0.00182160548866, 0.00793827790767, -0.00476106721908, 0.000677130592521, 0.000265768961981, -0.00137278286275, -0.000549762742594, 0.00105342338793, -9.46007712628e-05], [0.00024099482107, -0.00123137456831, 0.000584262073971, -0.0014896687353, 0.000374781113351, -0.00476106721908, 0.00824026111513, -0.00390368001536, 0.00226390874013, -0.00142162048724, 0.000984735204838, 6.25028042123e-05, -0.000509147008415], [-0.000175339300768, 0.00106497621164, -0.00034646684071, 0.000432300410466, -0.000643124629278, 0.000677130592521, -0.00390368001536, 0.0121664274484, -0.00468696421012, 0.00267195072956, -0.00205986620858, -0.00158142764121, 0.000857892620843], [0.000256895989878, -0.0013428570237, 0.000467338220915, -0.00073016656097, -0.00147489912342, 0.000265768961981, 0.00226390874013, -0.00468696421012, 0.0132586257532, -0.00570053746924, 0.000676065625157, -0.00148102513049, -0.00129756412935], [-0.000190962920897, 0.00197641528212, -0.000868928909767, 0.000432421831647, 0.000944350613281, -0.00137278286275, -0.00142162048724, 0.00267195072956, -0.00570053746924, 0.0144245354459, -0.0043599572964, 0.000492168299388, -0.00222560274415], [0.00029823652585, -0.0017996650422, 0.000335874588927, 0.00019789749058, 0.000847583287396, -0.000549762742594, 0.000984735204838, -0.00205986620858, 0.000676065625157, -0.0043599572964, 0.0119545180351, -0.00399521877989, 0.00132381916046], [-0.000180629474926, 0.00199661427177, -0.000168657148606, 0.000371740548871, -0.000797941407654, 0.00105342338793, 6.25028042123e-05, -0.00158142764121, -0.00148102513049, 0.000492168299388, -0.00399521877989, 0.0153321828693, -0.00591487623751], [0.000155091140186, -0.00129932735581, 0.000281501503196, -0.0003487750364, 0.0006933582481, -9.46007712628e-05, -0.000509147008415, 0.000857892620843, -0.00129756412935, -0.00222560274415, 0.00132381916046, -0.00591487623751, 0.0143995247781]]}, "spectral_complexity": {"dmean": 3.35524201393, "dmean2": 4.90525484085, "max": 62, "dvar": 28.1305923462, "mean": 11.1215276718, "dvar2": 47.5638198853, "min": 0, "var": 72.9331359863, "median": 10}, "spectral_flux": {"dmean": 0.0365489758551, "dmean2": 0.0549921765924, "max": 0.484772115946, "dvar": 0.00222417619079, "mean": 0.0873086303473, "dvar2": 0.00411640293896, "min": 6.37582297713e-06, "var": 0.00508140120655, "median": 0.067055977881}, "spectral_energyband_low": {"dmean": 0.010233707726, "dmean2": 0.0163639858365, "max": 0.232819706202, "dvar": 0.000452387990663, "mean": 0.0170402992517, "dvar2": 0.00108066317625, "min": 3.24288436104e-08, "var": 0.000671889807563, "median": 0.0069124745205}, "spectral_decrease": {"dmean": 3.92677401706e-09, "dmean2": 6.165263855e-09, "max": -3.68379643196e-14, "dvar": 3.96997956544e-17, "mean": -9.01236774098e-09, "dvar2": 8.83428166288e-17, "min": -6.53063736422e-08, "var": 7.27495488747e-17, "median": -6.57952714533e-09}, "barkbands_spread": {"dmean": 4.33084011078, "dmean2": 6.42172813416, "max": 115.834976196, "dvar": 53.2477226257, "mean": 11.2877807617, "dvar2": 105.429122925, "min": 0.103478781879, "var": 154.774032593, "median": 7.31385135651}, "spectral_rms": {"dmean": 0.0011248474475, "dmean2": 0.00172453012783, "max": 0.0156668946147, "dvar": 2.08075471164e-06, "mean": 0.00525020202622, "dvar2": 4.24246127295e-06, "min": 1.16548517326e-05, "var": 6.8937015385e-06, "median": 0.00503837363794}, "spectral_centroid": {"dmean": 189.807067871, "dmean2": 284.528839111, "max": 5234.06640625, "dvar": 89307.15625, "mean": 757.155212402, "dvar2": 174765.71875, "min": 125.172943115, "var": 408561.125, "median": 532.547424316}, "barkbands_skewness": {"dmean": 0.864108800888, "dmean2": 1.29060029984, "max": 69.8884506226, "dvar": 1.41414749622, "mean": 2.74675774574, "dvar2": 3.0682554245, "min": -2.89312767982, "var": 27.3070392609, "median": 1.90150666237}, "spectral_rolloff": {"dmean": 275.918762207, "dmean2": 458.625335693, "max": 14513.3789062, "dvar": 591965.5, "mean": 699.324035645, "dvar2": 1381703.5, "min": 21.533203125, "var": 953806, "median": 495.263671875}, "erbbands_spread": {"dmean": 9.8234577179, "dmean2": 14.410569191, "max": 186.318313599, "dvar": 155.942214966, "mean": 28.8934268951, "dvar2": 326.437896729, "min": 0.97324603796, "var": 598.810668945, "median": 20.2663269043}, "barkbands": {"dmean": [0.000182607778697, 0.00881415046751, 0.00271241669543, 0.00212290976197, 0.00316507648677, 0.00197683880106, 0.00161712919362, 0.000718339229934, 0.000901011400856, 0.000610448070802, 0.000318594713463, 0.000158259193995, 0.000162861979334, 0.000138284580316, 9.04432163225e-05, 9.25108106458e-05, 7.91459315224e-05, 9.60240286076e-05, 7.71205595811e-05, 8.08248951216e-05, 7.97606990091e-05, 6.61690501147e-05, 4.40350886493e-05, 4.93738880323e-05, 4.63562937512e-05, 6.14937380305e-05, 2.41935449594e-05], "dmean2": [0.000270026590442, 0.0149159291759, 0.00490829348564, 0.00383960315958, 0.00534947356209, 0.00327998003922, 0.00256904121488, 0.00111497333273, 0.00142818281893, 0.0010038606124, 0.000502975424752, 0.00025064786314, 0.000273673183983, 0.000232475402299, 0.000143172466778, 0.000144826146425, 0.000123815072584, 0.000153712331667, 0.000117339615826, 0.000123998019262, 0.000116450020869, 9.30707392399e-05, 6.23337473371e-05, 7.03880723449e-05, 6.68469510856e-05, 8.4328421508e-05, 3.49661859218e-05], "max": [0.00606593023986, 0.222919613123, 0.0924526229501, 0.0795894190669, 0.0793833360076, 0.0832211151719, 0.0606713332236, 0.0426656752825, 0.0434923768044, 0.0392814613879, 0.0232349485159, 0.0149122606963, 0.00733934435993, 0.00901235081255, 0.00551239773631, 0.00570965511724, 0.00727556692436, 0.0123418476433, 0.0121710877866, 0.0148743800819, 0.0126556595787, 0.0262767747045, 0.0142402825877, 0.0103999348357, 0.00304998760112, 0.00256551546045, 0.000875837635249], "dvar": [1.49351862433e-07, 0.000417951901909, 6.85668710503e-05, 3.38236131938e-05, 3.26241679431e-05, 1.31477445393e-05, 8.46473176352e-06, 2.36759478867e-06, 2.68216308541e-06, 1.698170081e-06, 6.85093198172e-07, 1.41725919889e-07, 2.65861899607e-07, 3.35129982432e-07, 9.22373928347e-08, 1.05517720783e-07, 5.84501940182e-08, 8.10444618082e-08, 8.79896902006e-08, 1.10585276047e-07, 1.00106653633e-07, 1.47379680016e-07, 3.98022415027e-08, 3.31951603982e-08, 1.91783247061e-08, 3.9448195821e-08, 7.76080533171e-09], "mean": [0.000266389048193, 0.012990209274, 0.00254877004772, 0.00212365179323, 0.00458736671135, 0.00359815591946, 0.00334750721231, 0.00136195390951, 0.00161439483054, 0.000809124961961, 0.00048967753537, 0.000253692414844, 0.000176448273123, 0.000133637600811, 9.63749480434e-05, 9.13137118914e-05, 8.55370890349e-05, 0.000104196435132, 9.28232475417e-05, 9.72241250565e-05, 0.000100884804851, 8.75639670994e-05, 5.71235686948e-05, 6.38580677332e-05, 5.39360262337e-05, 6.41020960757e-05, 2.35832412727e-05], "dvar2": [2.86041199615e-07, 0.0011197947897, 0.000194086009287, 9.70211622189e-05, 8.57230043039e-05, 3.42646817444e-05, 2.01710499823e-05, 5.48503521713e-06, 6.49587263979e-06, 4.10643906434e-06, 1.61461650805e-06, 3.19537434734e-07, 6.87364945406e-07, 8.9866802e-07, 2.14999602122e-07, 2.41155532876e-07, 1.27435910713e-07, 1.90430966995e-07, 2.11374910464e-07, 2.61936264678e-07, 2.15348435972e-07, 2.81981613171e-07, 8.29403106195e-08, 6.45507753916e-08, 3.72561288486e-08, 8.25849397756e-08, 1.57490500641e-08], "min": [6.05408629895e-08, 3.56351198549e-10, 2.30572769807e-14, 5.16110320713e-14, 9.2571756467e-14, 1.41152822937e-13, 1.71563826513e-13, 1.05544919863e-13, 2.05642509857e-13, 2.28901939721e-13, 1.99029161208e-13, 3.31353434274e-13, 3.86604702245e-13, 3.04191269613e-13, 4.76255157273e-13, 7.4009212387e-13, 7.35351829342e-13, 1.13832424389e-12, 1.17894138462e-12, 1.8746631851e-12, 2.24204075444e-12, 2.77256256148e-12, 3.7202285523e-12, 5.67866413614e-12, 7.54015860166e-12, 1.22285436985e-11, 1.95404959574e-11], "var": [2.41609910745e-07, 0.000458812835859, 4.58563226857e-05, 2.49445547524e-05, 4.55576046079e-05, 2.75944603345e-05, 3.48453759216e-05, 6.27112967777e-06, 7.77005061536e-06, 2.94504116027e-06, 1.30351497774e-06, 4.0311539351e-07, 2.60494743998e-07, 2.6382389251e-07, 1.00130378655e-07, 1.1656666743e-07, 7.69968977465e-08, 1.00038704431e-07, 1.13552324876e-07, 1.31579511731e-07, 1.52510679641e-07, 2.33002026562e-07, 6.74378313192e-08, 5.08176078995e-08, 2.60436916477e-08, 4.81920281459e-08, 9.08354724771e-09], "median": [9.81484772637e-05, 0.0050727147609, 0.000178510279511, 0.000497599889059, 0.00214563799091, 0.00177476811223, 0.0011617236305, 0.00052504130872, 0.00056436273735, 0.000187251192983, 0.000129560343339, 6.01617757638e-05, 3.1569335988e-05, 2.36507166846e-05, 1.37214410643e-05, 9.67569667409e-06, 8.29592954688e-06, 1.32769728225e-05, 1.15490001917e-05, 1.26720624394e-05, 1.20279082694e-05, 8.58344446897e-06, 4.04255843023e-06, 1.09093243736e-05, 5.59152931601e-06, 3.31153069055e-06, 2.68441169737e-07]}, "melbands_kurtosis": {"dmean": 19.9874362946, "dmean2": 30.7997760773, "max": 7998.45898438, "dvar": 7544.23583984, "mean": 64.0800628662, "dvar2": 16004.6279297, "min": -1.9356071949, "var": 184897.625, "median": 10.3181180954}, "erbbands_crest": {"dmean": 2.87237787247, "dmean2": 4.56743812561, "max": 31.4309616089, "dvar": 7.87865447998, "mean": 10.6982936859, "dvar2": 19.4581108093, "min": 2.27149415016, "var": 25.525384903, "median": 9.68047237396}, "melbands_skewness": {"dmean": 1.03786349297, "dmean2": 1.55439805984, "max": 84.4609298706, "dvar": 2.08989286423, "mean": 3.26516056061, "dvar2": 4.49110651016, "min": -1.35753071308, "var": 37.9512138367, "median": 2.23753476143}, "spectral_energyband_middle_low": {"dmean": 0.00802531186491, "dmean2": 0.013304265216, "max": 0.125412389636, "dvar": 0.000174431494088, "mean": 0.0169387999922, "dvar2": 0.000467362930067, "min": 2.8572626036e-12, "var": 0.000263568712398, "median": 0.0122162839398}, "spectral_contrast_coeffs": {"dmean": [0.0539536140859, 0.0463753454387, 0.0448404885828, 0.0351553782821, 0.0228893849999, 0.0206407327205], "dmean2": [0.0876093655825, 0.0754639431834, 0.0708533376455, 0.0554876066744, 0.0368696190417, 0.0320342704654], "max": [-0.216388225555, -0.308689653873, -0.441172391176, -0.544715642929, -0.535734951496, -0.536119997501], "dvar": [0.00223480234854, 0.00149314210285, 0.00154217542149, 0.000960617384408, 0.000456185138319, 0.000401232013246], "mean": [-0.641881763935, -0.704385638237, -0.746264815331, -0.800546705723, -0.829521596432, -0.794429421425], "dvar2": [0.00558780133724, 0.00382884778082, 0.00376924942248, 0.00224794168025, 0.00109041901305, 0.000950827961788], "min": [-0.971534073353, -0.962989807129, -0.969345867634, -0.963821411133, -0.965159296989, -0.92265433073], "var": [0.0104776257649, 0.0081647131592, 0.00645271735266, 0.0035686485935, 0.00154779711738, 0.00162925117183], "median": [-0.653153300285, -0.711299419403, -0.750782966614, -0.808309137821, -0.833302259445, -0.79542028904]}, "spectral_contrast_valleys": {"dmean": [0.448965609074, 0.407088875771, 0.552102327347, 0.601744055748, 0.556908130646, 0.441918462515], "dmean2": [0.687727689743, 0.640945017338, 0.811788260937, 0.855794727802, 0.766121268272, 0.544907033443], "max": [-4.82399225235, -4.51044225693, -5.30694532394, -5.33981847763, -5.62648105621, -7.16656208038], "dvar": [0.188235014677, 0.161282166839, 0.30208209157, 0.372689515352, 0.344303399324, 0.238487109542], "mean": [-7.38928365707, -6.68684911728, -7.99502086639, -8.82334709167, -8.61189460754, -10.839632988], "dvar2": [0.37217977643, 0.369293272495, 0.635722577572, 0.785945177078, 0.723819553852, 0.404721856117], "min": [-18.603729248, -16.9323711395, -17.0899982452, -17.1619510651, -16.2568569183, -17.559551239], "var": [2.70605754852, 1.98146688938, 1.95829236507, 2.07187891006, 2.04759693146, 1.8493578434], "median": [-7.04730701447, -6.41819572449, -7.84921598434, -8.74791240692, -8.58052825928, -10.8548240662]}, "silence_rate_20dB": {"dmean": 0, "dmean2": 0, "max": 1, "dvar": 0, "mean": 1, "dvar2": 0, "min": 1, "var": 0, "median": 1}, "silence_rate_30dB": {"dmean": 0.0469385236502, "dmean2": 0.0938828289509, "max": 1, "dvar": 0.044730566442, "mean": 0.961934089661, "dvar2": 0.105996444821, "min": 0, "var": 0.0366182588041, "median": 1}, "spectral_strongpeak": {"dmean": 0.341783583164, "dmean2": 0.57583796978, "max": 9.67514705658, "dvar": 0.262699574232, "mean": 0.763156652451, "dvar2": 0.654793262482, "min": 0, "var": 0.62779211998, "median": 0.515421032906}, "spectral_spread": {"dmean": 759980.8125, "dmean2": 1064693.875, "max": 18358248, "dvar": 641273233408, "mean": 4486447, "dvar2": 1200148840450.0, "min": 985326.75, "var": 3171669508100.0, "median": 4099142}, "barkbands_flatness_db": {"dmean": 0.0352443307638, "dmean2": 0.0513020120561, "max": 0.58614385128, "dvar": 0.00125776510686, "mean": 0.210313245654, "dvar2": 0.00257289083675, "min": 0.0196701660752, "var": 0.00691505940631, "median": 0.20978756249}, "pitch_salience": {"dmean": 0.0867293402553, "dmean2": 0.142139464617, "max": 0.940274953842, "dvar": 0.00795346498489, "mean": 0.510212957859, "dvar2": 0.0203109998256, "min": 0.00191164249554, "var": 0.0198834687471, "median": 0.52257424593}, "erbbands_kurtosis": {"dmean": 3.16979861259, "dmean2": 4.83439016342, "max": 247.680953979, "dvar": 27.3111343384, "mean": 6.24338817596, "dvar2": 58.2661209106, "min": -1.88735842705, "var": 219.911682129, "median": 3.15170574188}, "average_loudness": 0.859078645706, "barkbands_crest": {"dmean": 3.10610055923, "dmean2": 5.11624860764, "max": 26.9264526367, "dvar": 9.60282993317, "mean": 12.787402153, "dvar2": 23.9136714935, "min": 1.97341585159, "var": 26.7959270477, "median": 11.6974773407}, "hfc": {"dmean": 7.5012140274, "dmean2": 10.6828432083, "max": 307.364837646, "dvar": 233.676452637, "mean": 14.3858890533, "dvar2": 482.624816895, "min": 1.74055594471e-06, "var": 382.445495605, "median": 8.69794654846}, "barkbands_kurtosis": {"dmean": 11.991976738, "dmean2": 18.1263885498, "max": 5107.79492188, "dvar": 3013.58056641, "mean": 41.8298110962, "dvar2": 6252.40283203, "min": -1.93363964558, "var": 77385.3046875, "median": 6.75365066528}, "erbbands": {"dmean": [0.236820206046, 2.07704281807, 2.99069070816, 5.71309185028, 8.61476707458, 10.8530464172, 15.9715862274, 14.2666912079, 22.8150291443, 18.6802768707, 17.311876297, 16.4800987244, 23.0103588104, 15.9771690369, 6.88498735428, 6.42611932755, 7.38941240311, 7.30362272263, 4.93230962753, 5.53223180771, 4.49974966049, 4.4561123848, 4.86902332306, 4.65821075439, 3.72887086868, 3.76199889183, 3.61270332336, 2.96240592003, 2.44732952118, 1.71978151798, 1.20299041271, 1.06569993496, 0.818869829178, 0.529512703419, 0.351441174746, 0.214694589376, 0.116843983531, 0.0370117984712, 0.00415044417605, 0.000139270050568], "dmean2": [0.384822696447, 3.56362819672, 5.13985013962, 10.3969278336, 15.1905221939, 18.0962142944, 26.5096321106, 23.5418663025, 36.5835990906, 29.2175750732, 26.5380134583, 26.0053043365, 38.5137634277, 25.6671962738, 10.9435081482, 10.2336444855, 12.2144002914, 12.2136659622, 7.79112005234, 8.79696846008, 6.8623547554, 6.96487617493, 7.7360329628, 7.23256111145, 5.6804690361, 5.73455429077, 5.41007804871, 4.21573019028, 3.44416856766, 2.44568991661, 1.6935428381, 1.51187193394, 1.18024086952, 0.769979476929, 0.519279837608, 0.308336853981, 0.158105775714, 0.0515651367605, 0.00614735856652, 0.000205024407478], "max": [6.45303630829, 50.778301239, 110.080932617, 225.829711914, 219.219802856, 409.020782471, 683.847412109, 767.22668457, 944.064025879, 1212.7467041, 1085.74487305, 829.579650879, 770.358215332, 851.790283203, 623.378173828, 426.682769775, 346.541656494, 412.748504639, 257.323974609, 407.9347229, 287.002105713, 417.811553955, 415.652984619, 958.033996582, 818.328063965, 589.88269043, 769.624633789, 731.750793457, 1100.81567383, 869.975585938, 224.605804443, 221.3646698, 192.732818604, 45.3244247437, 15.7761907578, 9.94717788696, 6.18828773499, 1.34873712063, 0.154306039214, 0.00540965236723], "dvar": [0.268412590027, 24.5456466675, 66.903717041, 274.170349121, 400.511016846, 365.869628906, 902.855407715, 819.441345215, 1793.46862793, 1596.03552246, 1128.36328125, 946.95916748, 2427.30078125, 1434.93127441, 269.664855957, 229.312454224, 502.43737793, 876.502441406, 300.898284912, 385.844818115, 236.259216309, 178.29486084, 185.555740356, 284.089050293, 218.705551147, 251.240737915, 223.105331421, 159.995559692, 236.873413086, 115.165504456, 21.9502220154, 16.8530979156, 9.03221130371, 2.33978772163, 1.24656748772, 0.469660639763, 0.140808731318, 0.0168100558221, 0.000235265441006, 2.12923069398e-07], "mean": [0.367869019508, 2.86797952652, 3.58183407784, 5.74218893051, 9.35172843933, 16.5161724091, 27.630865097, 27.1231975555, 47.2085723877, 37.5077934265, 35.2589569092, 30.391248703, 30.6381263733, 24.8120594025, 11.1215858459, 10.1010990143, 8.67380237579, 7.14993619919, 5.35296916962, 5.62820291519, 4.70965719223, 4.91216039658, 5.36657238007, 5.48612546921, 4.42978096008, 4.60360860825, 4.4004149437, 3.79132533073, 3.23010516167, 2.21115970612, 1.60097467899, 1.40851461887, 1.00848722458, 0.654420733452, 0.374412238598, 0.220071837306, 0.126046895981, 0.0380161143839, 0.00384248234332, 0.000155777088366], "dvar2": [0.681434094906, 66.4963226318, 176.917297363, 790.32989502, 1108.51879883, 934.32421875, 2339.32788086, 2042.67810059, 4337.85546875, 3714.59033203, 2619.90966797, 2274.61987305, 6217.79345703, 3521.70825195, 620.363769531, 526.132446289, 1282.36157227, 2330.26733398, 732.383422852, 904.007263184, 518.548706055, 395.515930176, 426.020202637, 672.08807373, 513.367492676, 598.673217773, 482.240020752, 345.707519531, 471.108612061, 237.236312866, 40.8998947144, 33.3495025635, 18.5245838165, 4.33344841003, 2.63101959229, 1.03076720238, 0.287814706564, 0.0334932245314, 0.000503723160364, 4.5670898885e-07], "min": [3.09581025704e-07, 2.81526304491e-08, 3.82671805355e-09, 1.53543622261e-09, 9.6107677372e-10, 9.78861658396e-10, 1.49493872836e-09, 1.67183877853e-09, 1.98948635344e-09, 3.41875305843e-09, 4.35337144111e-09, 4.90378759821e-09, 5.26028598458e-09, 1.11495177535e-08, 1.90630320418e-08, 1.55185446715e-08, 1.59886432982e-08, 1.25475425605e-08, 2.5379579327e-08, 3.73604720494e-08, 3.73876289927e-08, 4.46269403653e-08, 6.19264994839e-08, 6.6006990096e-08, 6.50695497484e-08, 8.94038834076e-08, 8.8143956134e-08, 8.64536175982e-08, 9.26103709276e-08, 1.02229748222e-07, 1.1076297568e-07, 8.85067095169e-08, 9.71205338374e-08, 7.6315139097e-08, 6.02880660949e-08, 3.85759513222e-08, 2.07450305822e-08, 8.42294323178e-09, 2.34122388143e-09, 4.55126519805e-10], "var": [0.328211516142, 25.7016143799, 58.0494117737, 190.300521851, 335.333709717, 678.399658203, 1711.51806641, 1969.5291748, 7744.44677734, 4931.32128906, 3159.09130859, 2884.2421875, 3664.09790039, 2470.91455078, 547.292053223, 500.386749268, 517.326660156, 696.828552246, 307.694671631, 399.619537354, 284.378997803, 235.848083496, 246.694534302, 355.145690918, 284.72366333, 297.530487061, 321.658874512, 234.645126343, 345.768493652, 178.071975708, 42.7319831848, 27.4558353424, 12.2337760925, 3.47038030624, 1.47560989857, 0.539676845074, 0.182045713067, 0.0207883734256, 0.000252505793469, 2.33895789847e-07], "median": [0.192212253809, 0.888422012329, 0.418751299381, 1.31772780418, 3.48247241974, 7.63571596146, 14.4069051743, 11.6491270065, 15.6663169861, 15.0127716064, 16.0141963959, 11.2863769531, 8.08112812042, 7.97748374939, 3.74064922333, 2.81523013115, 2.08071827888, 1.32363021374, 0.981187820435, 0.709918379784, 0.576796770096, 0.559389531612, 0.669446885586, 0.652169167995, 0.503338992596, 0.587157845497, 0.542309880257, 0.430036991835, 0.385430335999, 0.138948276639, 0.139632254839, 0.252827495337, 0.123319618404, 0.0887072980404, 0.0265277400613, 0.01174298767, 0.00648331223056, 0.00104625395034, 7.30513420422e-05, 3.73056827812e-05]}, "spectral_energy": {"dmean": 0.0153598589823, "dmean2": 0.0240443535149, "max": 0.251587867737, "dvar": 0.000597598380409, "mean": 0.0353195667267, "dvar2": 0.00132325757295, "min": 1.3923147435e-07, "var": 0.00109796971083, "median": 0.0260198414326}, "zerocrossingrate": {"dmean": 0.00921995565295, "dmean2": 0.0102657573298, "max": 0.32666015625, "dvar": 0.000174987420905, "mean": 0.0348901376128, "dvar2": 0.000189237427549, "min": 0, "var": 0.000968113949057, "median": 0.02587890625}, "spectral_energyband_high": {"dmean": 0.000386156258173, "dmean2": 0.000533393351361, "max": 0.0488482117653, "dvar": 1.50665982801