{"tonal": {"hpcp": {"dvar": [0.0384682416916, 0.0296168792993, 0.0277666859329, 0.0339807383716, 0.0253988616168, 0.017550252378, 0.0172379892319, 0.0175162814558, 0.0203588176519, 0.0294858012348, 0.0358734354377, 0.0351976342499, 0.0371259786189, 0.0312305465341, 0.0214377809316, 0.0203056409955, 0.0203227121383, 0.0261500384659, 0.0310930926353, 0.0202383231372, 0.0126387104392, 0.013277749531, 0.0174265801907, 0.0319005213678, 0.0334462672472, 0.0290875602514, 0.0303558036685, 0.0326414331794, 0.0341707058251, 0.0286582931876, 0.0277547370642, 0.0281859431416, 0.034163992852, 0.0391143597662, 0.0420051887631, 0.0418774411082], "var": [0.0319046750665, 0.0257424265146, 0.0764127001166, 0.134996771812, 0.0473251789808, 0.0142638562247, 0.013202553615, 0.0140103586018, 0.0246249996126, 0.0435761772096, 0.0379144065082, 0.105718024075, 0.107956260443, 0.0356407277286, 0.0147928837687, 0.0154128847644, 0.018255636096, 0.0574017167091, 0.0883634090424, 0.0289333220571, 0.010355046019, 0.0112800858915, 0.0148892952129, 0.0430498868227, 0.0604623705149, 0.0330647602677, 0.0451087914407, 0.121555738151, 0.0586721114814, 0.0250920895487, 0.0286591313779, 0.0243545249104, 0.052224189043, 0.112620793283, 0.0756532177329, 0.0403229705989], "median": [0.0105166956782, 0.0195483025163, 0.0734749212861, 0.101703427732, 0.0635500475764, 0.0139381093904, 0.00786942057312, 0.00831849500537, 0.0226502660662, 0.0378681346774, 0.0466750711203, 0.0603554137051, 0.0851995721459, 0.0481630824506, 0.0121841812506, 0.00956006534398, 0.0121280858293, 0.0414868369699, 0.0619478560984, 0.0409126617014, 0.0120796253905, 0.00895640160888, 0.014851490967, 0.0620783083141, 0.0928342267871, 0.0498048886657, 0.0268626380712, 0.0207653027028, 0.0201992243528, 0.0201126150787, 0.02093555592, 0.0233113039285, 0.0675370767713, 0.10394769907, 0.0660388991237, 0.0175014268607], "max": [1, 1, 1, 1, 1, 1, 1, 1, 1, 1, 1, 1, 1, 1, 1, 1, 1, 1, 1, 1, 1, 1, 1, 1, 1, 1, 1, 1, 1, 1, 1, 1, 1, 1, 1, 1], "dmean": [0.0936002135277, 0.0905430838466, 0.111727908254, 0.114005960524, 0.101066187024, 0.0586242564023, 0.0484753102064, 0.0513535030186, 0.0718767568469, 0.0929595902562, 0.110703773797, 0.112022250891, 0.122082799673, 0.100629590452, 0.0593979209661, 0.0533676370978, 0.0615278370678, 0.0881933644414, 0.100906148553, 0.0791975855827, 0.0450437404215, 0.042103022337, 0.0581602193415, 0.103780545294, 0.11707291007, 0.0939785093069, 0.0898236259818, 0.0780216678977, 0.0897574573755, 0.0786489322782, 0.0779371932149, 0.0836104378104, 0.119211152196, 0.125711545348, 0.135546326637, 0.112960994244], "dmean2": [0.169111058116, 0.162233054638, 0.190569221973, 0.191080212593, 0.171877548099, 0.104369789362, 0.0877519696951, 0.0925185382366, 0.124057762325, 0.160263955593, 0.195336833596, 0.193644285202, 0.207774683833, 0.177324026823, 0.108661413193, 0.0971729233861, 0.109548181295, 0.150437563658, 0.170623451471, 0.134995132685, 0.0798141956329, 0.0758775770664, 0.103468418121, 0.176099285483, 0.197080940008, 0.164322882891, 0.161137968302, 0.136113554239, 0.161339044571, 0.140709429979, 0.138715431094, 0.149579674006, 0.206277623773, 0.212684735656, 0.234106436372, 0.199710384011], "mean": [0.0752151086926, 0.0833761319518, 0.215070948005, 0.303629159927, 0.170092999935, 0.0529002547264, 0.040917403996, 0.0434033833444, 0.0817753076553, 0.12035382539, 0.132175788283, 0.226942405105, 0.254416465759, 0.122609451413, 0.0485026985407, 0.045680642128, 0.0588984712958, 0.146063789725, 0.199979588389, 0.111984550953, 0.0428224317729, 0.0397782437503, 0.0572664216161, 0.144807457924, 0.190802395344, 0.118951492012, 0.12898722291, 0.199405699968, 0.137958630919, 0.0756642445922, 0.0809709280729, 0.0803641974926, 0.169622197747, 0.268315553665, 0.198536932468, 0.0997819304466], "dvar2": [0.104727350175, 0.082171805203, 0.0739663019776, 0.0809767395258, 0.0679714381695, 0.0495974831283, 0.0480255335569, 0.0479321070015, 0.054235175252, 0.0766485631466, 0.101735055447, 0.0906920358539, 0.0937240347266, 0.0891086608171, 0.062431268394, 0.056983653456, 0.0554226860404, 0.0669786632061, 0.0746335312724, 0.0535361506045, 0.0345729887486, 0.0369525142014, 0.0479998625815, 0.0834973827004, 0.0830485224724, 0.0805029794574, 0.08709705621, 0.08129221946, 0.0967876985669, 0.0793263092637, 0.0760324150324, 0.0789908468723, 0.0943832173944, 0.0961038917303, 0.11471068114, 0.113208778203], "min": [0, 0, 0, 0, 0, 0, 0, 0, 0, 0, 0, 0, 0, 0, 0, 0, 0, 0, 0, 0, 0, 0, 0, 0, 0, 0, 0, 0, 0, 0, 0, 0, 0, 0, 0, 0]}, "key_key": "C#", "thpcp": [1, 0.560199797153, 0.174226522446, 0.134761109948, 0.142948672175, 0.269326269627, 0.396384268999, 0.435319811106, 0.74743282795, 0.837918400764, 0.403813153505, 0.159743219614, 0.150448799133, 0.193981602788, 0.48105981946, 0.658631026745, 0.368820130825, 0.141035303473, 0.131009295583, 0.188606455922, 0.476922094822, 0.628406047821, 0.391765713692, 0.424818307161, 0.656740963459, 0.454365551472, 0.249199539423, 0.266677051783, 0.264678776264, 0.558649241924, 0.883694946766, 0.653879642487, 0.328630924225, 0.247720301151, 0.274598568678, 0.708334326744], "chords_key": "A#", "tuning_equal_tempered_deviation": 0.0205530878156, "tuning_frequency": 440.763122559, "tuning_diatonic_strength": 0.617303431034, "chords_histogram": [15.6466026306, 10.4535493851, 14.9384593964, 2.5796661377, 4.28258323669, 0.657561957836, 1.78721964359, 0.151745066047, 2.05698871613, 0.101163379848, 1.53431129456, 0.0843028128147, 0, 0.472095757723, 0.236047878861, 0, 0.134884506464, 1.36570560932, 0, 0.151745066047, 1.61861407757, 12.6791439056, 3.10234355927, 25.9652671814], "key_strength": 0.768651902676, "key_scale": "major", "chords_strength": {"dvar": 0.000362672260962, "var": 0.0148291988298, "median": 0.501326501369, "max": 0.808666646481, "dmean": 0.00857537426054, "dmean2": 0.00797942280769, "mean": 0.494275957346, "dvar2": 0.000677967851516, "min": -1}, "chords_number_rate": 0.00219187326729, "tuning_nontempered_energy_ratio": 0.670289039612, "hpcp_entropy": {"dvar": 0.21612650156, "var": 0.448837548494, "median": 2.02150082588, "max": 4.13466596603, "dmean": 0.553460359573, "dmean2": 0.92494738102, "mean": 2.0117456913, "dvar2": 0.576356291771, "min": 0}, "chords_changes_rate": 0.0524363517761, "chords_scale": "minor"}, "rhythm": {"bpm_histogram_first_peak_spread": {"dvar": 0, "var": 0, "median": 0.033457159996, "max": 0.033457159996, "dmean": 0, "dmean2": 0, "mean": 0.033457159996, "dvar2": 0, "min": 0.033457159996}, "bpm_histogram_first_peak_weight": {"dvar": 0, "var": 0, "median": 0.51689863205, "max": 0.51689863205, "dmean": 0, "dmean2": 0, "mean": 0.51689863205, "dvar2": 0, "min": 0.51689863205}, "bpm_histogram_first_peak_bpm": {"dvar": 0, "var": 0, "median": 98, "max": 98, "dmean": 0, "dmean2": 0, "mean": 98, "dvar2": 0, "min": 98}, "bpm": 98.0008926392, "bpm_histogram_second_peak_weight": {"dvar": 0, "var": 0, "median": 0.224652081728, "max": 0.224652081728, "dmean": 0, "dmean2": 0, "mean": 0.224652081728, "dvar2": 0, "min": 0.224652081728}, "beats_loudness": {"dvar": 0.000237169559114, "var": 0.000559402571525, "median": 0.0329819321632, "max": 0.107307292521, "dmean": 0.0139829702675, "dmean2": 0.0235394779593, "mean": 0.0346740782261, "dvar2": 0.000613614392933, "min": 0}, "beats_loudness_band_ratio": {"dvar": [0.0315484181046, 0.018141373992, 0.0125092780218, 0.00560091855004, 0.00386286363937, 0.00475797709078], "var": [0.0727808922529, 0.0232640560716, 0.0184297803789, 0.0080946078524, 0.00455712899566, 0.0034914673306], "median": [0.519459009171, 0.112079620361, 0.121788904071, 0.0726179108024, 0.0328897312284, 0.009062923491], "max": [0.979889452457, 0.854192852974, 0.699685871601, 0.608182728291, 0.494140863419, 0.737951219082], "dmean": [0.196006193757, 0.148374125361, 0.113600991666, 0.0679166093469, 0.0441584028304, 0.0377405099571], "dmean2": [0.342101842165, 0.272063732147, 0.194203317165, 0.118441298604, 0.0788375288248, 0.0718504339457], "mean": [0.514137029648, 0.169278278947, 0.160333022475, 0.0999284014106, 0.0540913641453, 0.0329654067755], "dvar2": [0.0790460035205, 0.0564716011286, 0.03180430457, 0.0157758649439, 0.0107156625018, 0.014002696611], "min": [0, 0, 0, 0, 0, 0]}, "bpm_histogram_second_peak_bpm": {"dvar": 0, "var": 0, "median": 129, "max": 129, "dmean": 0, "dmean2": 0, "mean": 129, "dvar2": 0, "min": 129}, "onset_rate": 3.91100144386, "beats_count": 504, "beats_position": [0.603718817234, 1.23065757751, 1.8575963974, 2.48453521729, 3.08825397491, 3.69197273254, 4.29569149017, 4.8994102478, 5.50312900543, 6.10684776306, 6.71056699753, 7.31428575516, 7.77868461609, 8.24308395386, 8.70748329163, 9.17188167572, 9.63628101349, 10.1006803513, 10.5650787354, 11.0294780731, 11.4938774109, 11.9466667175, 12.3994560242, 12.8638544083, 13.328253746, 13.7926530838, 14.2570514679, 14.7098407745, 15.1626300812, 15.6270294189, 16.0798187256, 16.5442180634, 17.0086174011, 17.4614048004, 17.9258041382, 18.4018135071, 18.8894329071, 19.3886623383, 19.8762817383, 20.3522891998, 20.8166885376, 21.2810878754, 21.7454872131, 22.2098865509, 22.6742858887, 23.1386852264, 23.6030826569, 24.0674819946, 24.5318813324, 24.9962806702, 25.4722900391, 25.948299408, 26.4243087769, 26.8887062073, 27.353105545, 27.8175048828, 28.2935142517, 28.7695236206, 29.2339229584, 29.6983222961, 30.1627197266, 30.6271190643, 31.079908371, 31.5326976776, 31.9970970154, 32.4614944458, 32.9258956909, 33.3786849976, 33.8314743042, 34.2958717346, 34.7602729797, 35.2246704102, 35.8283882141, 36.4321098328, 37.0474357605, 37.6627655029, 38.2780952454, 38.8934249878, 39.4971427917, 40.1008605957, 40.7161903381, 41.3315200806, 41.9468460083, 42.5621757507, 43.1775054932, 43.7928352356, 44.3965530396, 45.0002708435, 45.6156005859, 46.2309303284, 46.8462562561, 47.4615859985, 48.076915741, 48.6806335449, 49.2959632874, 49.9112930298, 50.5266189575, 51.1419487, 51.7572784424, 52.3609962463, 52.9647140503, 53.5800437927, 54.1953735352, 54.7990913391, 55.4144210815, 56.029750824, 56.6450767517, 57.2604064941, 57.8641242981, 58.4794540405, 59.094783783, 59.7101135254, 60.3138313293, 60.9291610718, 61.5444869995, 62.1598167419, 62.7751464844, 63.3904762268, 63.9941940308, 64.5979156494, 65.2132415771, 65.8285675049, 66.443901062, 67.0592269897, 67.6745529175, 68.2898864746, 68.8936004639, 69.4973220825, 70.1126480103, 70.7279815674, 71.3433074951, 71.9586410522, 72.57396698, 73.1892929077, 73.7930145264, 74.396736145, 75.0120620728, 75.6273880005, 76.2427215576, 76.8580474854, 77.461769104, 78.0654830933, 78.6924285889, 79.2961425781, 79.9114761353, 80.526802063, 81.1421279907, 81.7574615479, 82.3611755371, 82.9648971558, 83.5802230835, 84.1955566406, 84.8108825684, 85.4262084961, 86.0299301147, 86.6452560425, 87.2605895996, 87.8759155273, 88.5028533936, 89.1414031982, 89.7799530029, 90.4185028076, 90.9061203003, 91.393737793, 91.8813552856, 92.3689804077, 92.8682098389, 93.3558273315, 93.8318328857, 94.2962341309, 94.760635376, 95.2250289917, 95.6778182983, 96.130607605, 96.5950088501, 97.0477981567, 97.5121994019, 97.976600647, 98.4293823242, 98.8937835693, 99.3581848145, 99.8225860596, 100.286979675, 100.739768982, 101.192558289, 101.656959534, 102.121360779, 102.608978271, 103.096595764, 103.572608948, 104.037002563, 104.501403809, 104.954193115, 105.41859436, 105.882987976, 106.347389221, 106.811790466, 107.264579773, 107.71736908, 108.181770325, 108.634559631, 109.087341309, 109.551742554, 110.016143799, 110.480545044, 110.94493866, 111.420951843, 111.908569336, 112.396186829, 112.89541626, 113.383033752, 113.870658875, 114.369888306, 114.857505798, 115.345123291, 115.821128845, 116.28553009, 116.749931335, 117.214332581, 117.678726196, 118.131515503, 118.58430481, 119.037094116, 119.489883423, 119.954284668, 120.407073975, 120.87147522, 121.324264526, 121.788658142, 122.253059387, 122.717460632, 123.181854248, 123.646255493, 124.0990448, 124.551834106, 125.167160034, 125.782493591, 126.397819519, 127.013153076, 127.616867065, 128.220581055, 128.835922241, 129.451248169, 130.066574097, 130.681900024, 131.285614014, 131.9009552, 132.516281128, 133.119995117, 133.735321045, 134.350662231, 134.965988159, 135.581314087, 136.185028076, 136.800354004, 137.41569519, 138.01940918, 138.634735107, 139.250061035, 139.865386963, 140.480728149, 141.084442139, 141.699768066, 142.315093994, 142.918823242, 143.53414917, 144.149475098, 144.753189087, 145.368530273, 145.983856201, 146.58757019, 147.202896118, 147.818222046, 148.433563232, 149.04888916, 149.652603149, 150.256317139, 150.871658325, 151.486984253, 152.102310181, 152.717636108, 153.321365356, 153.936691284, 154.552017212, 155.16734314, 155.782669067, 156.386398315, 157.001724243, 157.617050171, 158.232376099, 158.847702026, 159.451431274, 160.055145264, 160.670471191, 161.285797119, 161.901138306, 162.516464233, 163.120178223, 163.73550415, 164.350830078, 164.966171265, 165.581497192, 166.185211182, 166.800537109, 167.415863037, 168.019592285, 168.634918213, 169.250244141, 169.85395813, 170.469299316, 171.084625244, 171.699951172, 172.3152771, 172.919006348, 173.534332275, 174.149658203, 174.753372192, 175.36869812, 175.984039307, 176.587753296, 177.203079224, 177.818405151, 178.433731079, 179.049072266, 179.664398193, 180.279724121, 180.895050049, 181.510375977, 182.114105225, 182.717819214, 183.333145142, 183.948471069, 184.563812256, 185.179138184, 185.782852173, 186.398178101, 187.001907349, 187.617233276, 188.232559204, 188.847885132, 189.46321106, 190.066940308, 190.682266235, 191.285980225, 191.889694214, 192.5050354, 193.120361328, 193.735687256, 194.351013184, 194.966339111, 195.581680298, 196.185394287, 196.789108276, 197.404434204, 198.019775391, 198.635101318, 199.250427246, 199.865753174, 200.481079102, 201.08480835, 201.700134277, 202.315460205, 202.919174194, 203.534515381, 204.149841309, 204.753555298, 205.368881226, 205.984207153, 206.59954834, 207.214874268, 207.818588257, 208.433914185, 209.049255371, 209.664581299, 210.279907227, 210.883621216, 211.487350464, 212.102676392, 212.718002319, 213.321716309, 213.937042236, 214.552383423, 215.167709351, 215.77142334, 216.386749268, 217.002075195, 217.617416382, 218.23274231, 218.848068237, 219.451782227, 220.067123413, 220.682449341, 221.28616333, 221.901489258, 222.516815186, 223.120544434, 223.735870361, 224.351196289, 224.954910278, 225.558639526, 226.162353516, 226.766067505, 227.358184814, 227.787750244, 228.228927612, 228.67010498, 229.111282349, 229.564071655, 230.016860962, 230.469650269, 230.922439575, 231.38684082, 231.851242065, 232.315643311, 232.780044556, 233.232833862, 233.697235107, 234.161621094, 234.6144104, 235.067199707, 235.519989014, 235.984390259, 236.448791504, 236.913192749, 237.377593994, 237.841995239, 238.306396484, 238.782394409, 239.258407593, 239.746032715, 240.233642578, 240.709655762, 241.174057007, 241.638458252, 242.102859497, 242.567245483, 243.02003479, 243.484436035, 243.937225342, 244.390014648, 244.854415894, 245.3072052, 245.759994507, 246.212783813, 246.66557312, 247.129974365, 247.59437561, 248.058776855, 248.53477478, 249.022399902, 249.510025024, 250.009246826, 250.496871948, 250.972869873, 251.460494995, 251.959716797, 252.458953857, 252.934967041, 253.399353027, 253.863754272, 254.328155518, 254.792556763, 255.245346069, 255.698135376, 256.150939941, 256.603729248, 257.068115234, 257.532501221, 257.996917725, 258.461303711, 258.925720215, 259.390106201, 259.866119385, 260.342132568, 260.829742432, 261.305755615, 261.793365479, 262.281005859, 262.756988525, 263.233001709, 263.72064209, 264.208251953, 264.695861816, 265.171875, 265.636291504, 266.10067749, 266.565063477, 267.02947998, 267.493865967, 267.958282471, 268.434295654, 268.91027832, 269.386291504, 269.873931885, 270.361541748, 270.837554932, 271.301940918, 271.766357422, 272.242340088, 272.718353271, 273.194366455, 273.670379639, 274.157989502, 274.645629883], "danceability": 1.02472257614, "bpm_histogram_second_peak_spread": {"dvar": 0, "var": 0, "median": 0.41145837307, "max": 0.41145837307, "dmean": 0, "dmean2": 0, "mean": 0.41145837307, "dvar2": 0, "min": 0.41145837307}}, "lowlevel": {"spectral_flux": {"dvar": 0.000601440900937, "var": 0.00226700119674, "median": 0.0693102478981, "max": 0.292557388544, "dmean": 0.0191662944853, "dmean2": 0.0299944449216, "mean": 0.0726990997791, "dvar2": 0.00127848098055, "min": 6.25385715436e-11}, "spectral_rolloff": {"dvar": 290086, "var": 2387429, "median": 818.26171875, "max": 19466.015625, "dmean": 264.855651855, "dmean2": 433.37286377, "mean": 1134.09008789, "dvar2": 567470.3125, "min": 86.1328125}, "barkbands_flatness_db": {"dvar": 0.000559178937692, "var": 0.0077906511724, "median": 0.170733243227, "max": 0.477045625448, "dmean": 0.0231460686773, "dmean2": 0.0336991474032, "mean": 0.182195216417, "dvar2": 0.00116288487334, "min": 0.0276276059449}, "spectral_centroid": {"dvar": 71543.5, "var": 778805.5, "median": 918.405517578, "max": 11644.2841797, "dmean": 177.811065674, "dmean2": 266.29486084, "mean": 1091.31970215, "dvar2": 127216.03125, "min": 128.372634888}, "melbands_skewness": {"dvar": 0.383135020733, "var": 2.26815390587, "median": 2.12172889709, "max": 12.1308584213, "dmean": 0.589075088501, "dmean2": 0.921553730965, "mean": 2.4293718338, "dvar2": 0.902769207954, "min": -1.18003678322}, "melbands": {"dvar": [2.66830579676e-06, 4.18370564148e-06, 8.25738538879e-07, 1.37897677632e-06, 2.97527947168e-07, 2.12400522059e-07, 1.89223811731e-07, 1.12853982159e-07, 1.80657167448e-07, 1.2054803733e-07, 5.65019142584e-08, 4.52808563978e-08, 3.12950874104e-08, 3.28150306927e-08, 7.1330847895e-09, 2.18250644224e-08, 1.79880856876e-08, 1.52129580044e-08, 1.63277587006e-08, 5.04922281763e-09, 1.39159928025e-09, 1.73000513914e-09, 2.97135122063e-10, 2.68489036559e-10, 1.79296716363e-10, 1.60664856419e-10, 2.0267833245e-10, 1.38071540312e-10, 6.86869103261e-11, 2.99122289438e-11, 1.00024736757e-11, 6.56531252974e-12, 7.37349417634e-12, 6.66443853228e-12, 8.93196107354e-12, 6.74378044727e-12, 5.80412887891e-12, 3.0688051926e-12, 1.48626727245e-12, 7.7616423488e-13], "var": [5.49146307094e-06, 8.02246449894e-06, 8.22018421331e-07, 1.23089807857e-06, 4.19712335997e-07, 6.90156355176e-07, 3.83086927513e-07, 2.17481414211e-07, 3.91412584122e-07, 3.67697253978e-07, 1.63422370747e-07, 1.00292076866e-07, 7.27930498101e-08, 6.9038335937e-08, 1.26315553572e-08, 3.48529738403e-08, 4.12943066408e-08, 2.86587606979e-08, 3.09902432605e-08, 1.34844437838e-08, 4.17289403032e-09, 6.3803167194e-09, 7.07569114411e-10, 7.23824333804e-10, 4.97327512505e-10, 4.29932367485e-10, 4.34350999612e-10, 2.29259125573e-10, 1.64901398092e-10, 6.92930504642e-11, 2.21592900279e-11, 2.25966710621e-11, 2.39987769241e-11, 2.21682724261e-11, 2.90034801731e-11, 2.37008468407e-11, 1.80921718579e-11, 9.00104903806e-12, 3.92554738715e-12, 1.92869071408e-12], "median": [0.00174476648681, 0.00281959050335, 0.000339169200743, 0.000219844077947, 0.000228234915994, 0.000136281872983, 0.000117152143503, 0.000101874960819, 8.34909733385e-05, 9.88164829323e-05, 7.24364945199e-05, 5.3221356211e-05, 3.88179250876e-05, 3.01593099721e-05, 3.05393623421e-05, 2.64980662905e-05, 2.30078403547e-05, 1.82736475836e-05, 1.25330934679e-05, 9.37351069297e-06, 6.16860052105e-06, 4.35387210018e-06, 4.12467443311e-06, 3.18254046761e-06, 2.77590675068e-06, 2.24478708333e-06, 1.69091367752e-06, 1.17401452826e-06, 7.20270463717e-07, 4.69723801189e-07, 3.6828669181e-07, 2.5846486551e-07, 1.61773868967e-07, 1.17444763248e-07, 6.85455745497e-08, 4.92620912951e-08, 2.78512679586e-08, 1.90645508269e-08, 1.2266749394e-08, 8.83618511693e-09], "max": [0.0272063426673, 0.0313011072576, 0.0150880804285, 0.0174747873098, 0.0198470205069, 0.015584773384, 0.0148990852758, 0.00957808084786, 0.0159438550472, 0.0158515851945, 0.011983175762, 0.00856035482138, 0.0046796919778, 0.00468486361206, 0.00230430369265, 0.00555164832622, 0.00366581766866, 0.00348357972689, 0.00425968552008, 0.00304989330471, 0.0016639046371, 0.00177991029341, 0.000505477422848, 0.000341236678651, 0.000406553823268, 0.000578504579607, 0.00036161931348, 0.000461532705231, 0.00027666677488, 0.000172165266122, 8.07854958111e-05, 9.32726397878e-05, 0.000156350695761, 0.000138906369102, 0.000104919708974, 7.98285982455e-05, 0.000109839093057, 5.41371518921e-05, 3.97338226321e-05, 2.84552861558e-05], "dmean": [0.000746650970541, 0.00100925192237, 0.000360175676178, 0.000393818569137, 0.000263470981736, 0.000177001318661, 0.000182721531019, 0.0001552694157, 0.000156477733981, 0.000129830237711, 9.11932947929e-05, 7.87811950431e-05, 6.14656019025e-05, 5.15676620125e-05, 3.77086362278e-05, 4.66604760732e-05, 4.74453772767e-05, 3.74688679585e-05, 3.50745103788e-05, 1.79012567969e-05, 1.09549910121e-05, 1.02745516415e-05, 6.81537585479e-06, 6.88538966642e-06, 5.68360428588e-06, 4.47793490821e-06, 4.92801973451e-06, 3.23066205965e-06, 2.34293247559e-06, 1.57741669682e-06, 1.15362740871e-06, 1.05032779629e-06, 9.69070697465e-07, 8.58801058712e-07, 9.97780489342e-07, 6.37096718492e-07, 5.3282042245e-07, 3.95183349156e-07, 2.97149341577e-07, 3.0467600709e-07], "dmean2": [0.00121793884318, 0.00165191828273, 0.000616819655988, 0.000675786752254, 0.000439535739133, 0.00027887840406, 0.000286651833449, 0.00024570923415, 0.00023753863934, 0.000202480950975, 0.000146004778799, 0.000125666658278, 9.80954209808e-05, 8.25335155241e-05, 6.17351397523e-05, 7.68942772993e-05, 7.71150516812e-05, 6.00455023232e-05, 5.71053096792e-05, 2.84366760752e-05, 1.80666120286e-05, 1.6560748918e-05, 1.09980746856e-05, 1.11700719572e-05, 9.05620618141e-06, 7.1155891419e-06, 7.81672952144e-06, 5.116846296e-06, 3.58906277143e-06, 2.42922715188e-06, 1.82834912721e-06, 1.63141248777e-06, 1.52925156272e-06, 1.33345236009e-06, 1.50815321831e-06, 9.09049276743e-07, 7.54243046686e-07, 5.43088219729e-07, 4.23267977112e-07, 4.31648061294e-07], "mean": [0.00220837234519, 0.0030222737696, 0.000590930634644, 0.000514796702191, 0.000435364549048, 0.000324279128108, 0.000319412036333, 0.000259862048551, 0.000274946185527, 0.000252556696068, 0.000183702257345, 0.000141052849358, 0.00011014608026, 9.06148779904e-05, 6.53366441838e-05, 7.51707193558e-05, 8.16446045064e-05, 6.17301557213e-05, 5.77503706154e-05, 3.4102878999e-05, 2.24866507779e-05, 2.0796640456e-05, 1.30079624796e-05, 1.35599539135e-05, 1.16503024401e-05, 8.95636094356e-06, 8.49095067679e-06, 5.67051574762e-06, 4.37278822574e-06, 2.91077185466e-06, 2.15450381802e-06, 2.1954872409e-06, 2.02867522603e-06, 1.72349837158e-06, 1.83570307399e-06, 1.28194494664e-06, 1.03695094822e-06, 7.60374177844e-07, 5.66139419789e-07, 5.19859383985e-07], "dvar2": [7.30176770958e-06, 1.06925372165e-05, 2.13834778151e-06, 3.64420134247e-06, 8.00370855814e-07, 4.34998014498e-07, 4.36581956365e-07, 2.70960725857e-07, 4.05527430303e-07, 2.75574137731e-07, 1.31102112277e-07, 1.11293800842e-07, 7.37105807502e-08, 7.99333577106e-08, 1.92424831624e-08, 5.3560011537e-08, 4.54551205564e-08, 3.65621239951e-08, 4.2367037878e-08, 1.20460468267e-08, 3.72254538306e-09, 4.11309741821e-09, 7.63093532807e-10, 6.84129308759e-10, 4.37056446589e-10, 3.59657525983e-10, 4.67747618416e-10, 3.44007544673e-10, 1.37028652314e-10, 6.08180936168e-11, 2.44363574514e-11, 1.47496320713e-11, 1.73115931312e-11, 1.53594810481e-11, 1.88457374706e-11, 1.21421614083e-11, 1.03651141489e-11, 4.95039469486e-12, 2.6899960124e-12, 1.50176203938e-12], "min": [1.55189795567e-24, 1.84002121687e-24, 2.4986263955e-24, 2.74126206336e-24, 2.66692474203e-24, 2.86445235726e-24, 2.4724719094e-24, 1.66613241032e-24, 2.4604224535e-24, 2.42149788707e-24, 2.39937684678e-24, 3.16034047495e-24, 2.75550573586e-24, 2.27116762259e-24, 2.50993254721e-24, 3.25975351509e-24, 2.02558891191e-24, 3.48299050165e-24, 3.12511724389e-24, 3.53919644671e-24, 3.98558285626e-24, 4.73331847034e-24, 4.38065070848e-24, 5.53849223022e-24, 3.72240110891e-24, 4.64855654937e-24, 5.53559434969e-24, 6.45827880216e-24, 4.82399172051e-24, 4.52057412269e-24, 6.10489672675e-24, 5.13779072785e-24, 5.12036518488e-24, 6.21635606734e-24, 4.4208159559e-24, 5.2940644676e-24, 6.33422095848e-24, 6.83540953512e-24, 6.87342237556e-24, 7.00271746679e-24]}, "spectral_decrease": {"dvar": 7.77962869798e-18, "var": 2.57611091555e-17, "median": -7.48458717226e-09, "max": 2.06527805779e-20, "dmean": 1.78190218136e-09, "dmean2": 2.85436030367e-09, "mean": -7.50910444935e-09, "dvar2": 1.85881479537e-17, "min": -3.4639210611e-08}, "barkbands_kurtosis": {"dvar": 18.9798545837, "var": 79.3162918091, "median": 1.58231520653, "max": 106.87449646, "dmean": 2.38144826889, "dmean2": 3.75174236298, "mean": 4.46445322037, "dvar2": 46.775478363, "min": -1.90489220619}, "silence_rate_30dB": {"dvar": 0.000674153387081, "var": 0.000337098143063, "median": 1, "max": 1, "dmean": 0.000674593145959, "dmean2": 0.00134930002969, "mean": 0.99966275692, "dvar2": 0.00202219048515, "min": 0}, "gfcc": {"mean": [-54.6848640442, 138.303192139, -122.035949707, 21.3218231201, -44.4188232422, 9.52580070496, -22.0420074463, 4.98233032227, -14.1299734116, 0.546305179596, -8.45234298706, -4.70287752151, -6.22059202194], "cov": [[24932.7460938, -4107.78417969, -500.039001465, 960.810974121, -750.657714844, 1295.67102051, -778.740966797, 966.786132812, -556.264282227, 644.256835938, -645.047119141, 408.340423584, -567.534179688], [-4107.78417969, 3258.76855469, -282.19543457, -227.735427856, 516.503173828, -596.777526855, 606.918151855, -334.846160889, 419.975585938, -234.500320435, 428.340789795, -263.917053223, 279.037475586], [-500.039001465, -282.19543457, 848.898925781, 3.33920502663, 92.6577148438, 177.872909546, 48.8825950623, 103.160552979, 11.8753795624, 49.8472900391, -46.1050186157, 80.2216949463, -37.755241394], [960.810974121, -227.735427856, 3.33920502663, 506.256652832, 44.1563034058, 92.0588607788, 112.47052002, 51.0729522705, 33.2318611145, 34.4863586426, -8.8094329834, 20.279214859, 14.7837076187], [-750.657714844, 516.503173828, 92.6577148438, 44.1563034058, 382.821624756, -32.2773590088, 213.21572876, 11.8875665665, 100.409660339, -1.47995972633, 76.3499221802, -23.8378601074, 53.567440033], [1295.67102051, -596.777526855, 177.872909546, 92.0588607788, -32.2773590088, 364.250701904, -57.5412406921, 116.663322449, -60.7959289551, 50.2526092529, -76.3704147339, 60.7391433716, -67.5445327759], [-778.740966797, 606.918151855, 48.8825950623, 112.47052002, 213.21572876, -57.5412406921, 372.881958008, -19.1207237244, 119.603347778, -2.50315141678, 101.118507385, -45.2666893005, 61.6329116821], [966.786132812, -334.846160889, 103.160552979, 51.0729522705, 11.8875665665, 116.663322449, -19.1207237244, 190.291976929, 6.2605509758, 59.6712837219, -46.0328063965, 44.2532577515, -29.9565620422], [-556.264282227, 419.975585938, 11.8753795624, 33.2318611145, 100.409660339, -60.7959289551, 119.603347778, 6.2605509758, 169.932556152, 3.30276441574, 71.17137146, -30.9939575195, 54.724445343], [644.256835938, -234.500320435, 49.8472900391, 34.4863586426, -1.47995972633, 50.2526092529, -2.50315141678, 59.6712837219, 3.30276441574, 124.80531311, 1.89637601376, 34.7821388245, -24.3800888062], [-645.047119141, 428.340789795, -46.1050186157, -8.8094329834, 76.3499221802, -76.3704147339, 101.118507385, -46.0328063965, 71.17137146, 1.89637601376, 145.33656311, -13.3018608093, 37.0016326904], [408.340423584, -263.917053223, 80.2216949463, 20.279214859, -23.8378601074, 60.7391433716, -45.2666893005, 44.2532577515, -30.9939575195, 34.7821388245, -13.3018608093, 96.3168487549, -5.63605308533], [-567.534179688, 279.037475586, -37.755241394, 14.7837076187, 53.567440033, -67.5445327759, 61.6329116821, -29.9565620422, 54.724445343, -24.3800888062, 37.0016326904, -5.63605308533, 97.7082672119]], "icov": [[8.64321409608e-05, -0.000100615550764, 0.000136108545121, -0.00016049259284, 9.00708328118e-05, -0.000174804430571, 8.94982804311e-05, -0.000286229507765, 0.000161875461345, -0.000338436977472, 0.000261368055362, -0.000189588274225, 0.000266799441306], [-0.000100615550764, 0.00175090169068, -8.3874889242e-05, 0.000919391342904, -0.000809761811979, 0.000893553427886, -0.00107826420572, 0.00103428878356, -0.00165468745399, 0.00206692027859, -0.00234480272047, 0.00167758646421, -0.0012700749794], [0.000136108545121, -8.3874889242e-05, 0.00178347364999, 9.0066838311e-05, -0.000267865107162, -0.000783798692282, -0.000356403907062, -0.000420047377702, -0.000408611289458, -0.000443440338131, 0.00106165604666, -0.00162230036221, 0.00102927361149], [-0.00016049259284, 0.000919391342904, 9.0066838311e-05, 0.00306467502378, -0.000335317949066, -7.41869735066e-05, -0.00167587201577, 0.000741654017475, -0.00133817619644, 0.00100428669248, -0.000664656574372, 0.000353776151314, -0.00129749637563], [9.00708328118e-05, -0.000809761811979, -0.000267865107162, -0.000335317949066, 0.00457180570811, -0.000530470744707, -0.00135505758226, -0.00133626325987, 0.000346073618857, -0.000852126802783, 0.0003804442822, -0.000405042199418, -0.000219034089241], [-0.000174804430571, 0.000893553427886, -0.000783798692282, -7.41869735066e-05, -0.000530470744707, 0.00511695630848, -0.00051558209816, -0.00071479176404, -0.000158227863722, 0.00134405842982, -0.000697232258972, -1.99086844077e-06, 0.000763283111155], [8.94982804311e-05, -0.00107826420572, -0.000356403907062, -0.00167587201577, -0.00135505758226, -0.00051558209816, 0.00606500636786, -0.000580457563046, 0.000148260267451, -0.00157862203196, -0.000535612285603, 0.000959330005571, -0.000120935583254], [-0.000286229507765, 0.00103428878356, -0.000420047377702, 0.000741654017475, -0.00133626325987, -0.00071479176404, -0.000580457563046, 0.0099781518802, -0.00383934797719, -0.000626402557828, 0.00118940742686, -0.00132698693778, 0.000240082707023], [0.000161875461345, -0.00165468745399, -0.000408611289458, -0.00133817619644, 0.000346073618857, -0.000158227863722, 0.000148260267451, -0.00383934797719, 0.0125613547862, -0.00301602040417, -0.00134435249493, 0.00219030654989, -0.00301189976744], [-0.000338436977472, 0.00206692027859, -0.000443440338131, 0.00100428669248, -0.000852126802783, 0.00134405842982, -0.00157862203196, -0.000626402557828, -0.00301602040417, 0.0137948449701, -0.00460924766958, -0.000795949890744, 0.000839043408632], [0.000261368055362, -0.00234480272047, 0.00106165604666, -0.000664656574372, 0.0003804442822, -0.000697232258972, -0.000535612285603, 0.00118940742686, -0.00134435249493, -0.00460924766958, 0.0150898788124, -0.00508937099949, 0.00233205920085], [-0.000189588274225, 0.00167758646421, -0.00162230036221, 0.000353776151314, -0.000405042199418, -1.99086844077e-06, 0.000959330005571, -0.00132698693778, 0.00219030654989, -0.000795949890744, -0.00508937099949, 0.0179697088897, -0.00582528812811], [0.000266799441306, -0.0012700749794, 0.00102927361149, -0.00129749637563, -0.000219034089241, 0.000763283111155, -0.000120935583254, 0.000240082707023, -0.00301189976744, 0.000839043408632, 0.00233205920085, -0.00582528812811, 0.0174801163375]]}, "silence_rate_20dB": {"dvar": 0, "var": 0, "median": 1, "max": 1, "dmean": 0, "dmean2": 0, "mean": 1, "dvar2": 0, "min": 1}, "barkbands_skewness": {"dvar": 0.227431386709, "var": 1.56228411198, "median": 1.32707893848, "max": 8.74067592621, "dmean": 0.452878236771, "dmean2": 0.703231215477, "mean": 1.54642343521, "dvar2": 0.535817742348, "min": -2.29274201393}, "erbbands_skewness": {"dvar": 0.118157848716, "var": 0.491510570049, "median": 0.241039514542, "max": 3.53592658043, "dmean": 0.34012940526, "dmean2": 0.518685460091, "mean": 0.248767569661, "dvar2": 0.24941958487, "min": -4.07678604126}, "spectral_contrast_valleys": {"dvar": [0.136461943388, 0.133068367839, 0.10047018528, 0.102196842432, 0.147378370166, 0.237491115928], "var": [3.3011932373, 2.96945047379, 3.01405882835, 3.21387243271, 3.67924618721, 4.80363035202], "median": [-6.86807394028, -6.50867557526, -6.97222614288, -7.34526777267, -7.78105163574, -11.4448299408], "max": [-5.11190795898, -4.64320039749, -5.13080263138, -5.77342748642, -5.84346532822, -7.60902881622], "dmean": [0.361251056194, 0.351468920708, 0.289396166801, 0.27318701148, 0.298471808434, 0.420443058014], "dmean2": [0.594674050808, 0.57751429081, 0.465748488903, 0.428648501635, 0.4350014925, 0.548211872578], "mean": [-7.31480312347, -6.80034971237, -7.31524038315, -7.81088542938, -8.2537021637, -11.4605045319], "dvar2": [0.300686895847, 0.290432482958, 0.201290115714, 0.199837371707, 0.284671545029, 0.460306376219], "min": [-27.8956718445, -28.1986160278, -27.6476211548, -27.58776474, -27.5303401947, -27.3980121613]}, "spectral_strongpeak": {"dvar": 1.25941741467, "var": 1.8285036087, "median": 0.448516488075, "max": 14.9417676926, "dmean": 0.459558039904, "dmean2": 0.807007908821, "mean": 0.806241989136, "dvar2": 3.20651936531, "min": 0}, "erbbands_crest": {"dvar": 5.72913694382, "var": 17.8025169373, "median": 8.1480922699, "max": 28.6904773712, "dmean": 2.48372220993, "dmean2": 3.98916316032, "mean": 9.18522357941, "dvar2": 13.9084272385, "min": 2.29221224785}, "barkbands_crest": {"dvar": 4.4636592865, "var": 19.9077854156, "median": 10.2663097382, "max": 25.6956748962, "dmean": 2.13192558289, "dmean2": 3.50075244904, "mean": 11.1447792053, "dvar2": 11.8526649475, "min": 2.76789093018}, "spectral_energyband_middle_low": {"dvar": 4.90625279781e-05, "var": 0.000105089107819, "median": 0.00723445508629, "max": 0.120275735855, "dmean": 0.00394867174327, "dmean2": 0.00640225503594, "mean": 0.00979835074395, "dvar2": 0.000124002632219, "min": 1.96998283245e-22}, "spectral_contrast_coeffs": {"dvar": [0.001498560654, 0.00133507186547, 0.000819905602839, 0.000552939367481, 0.000380436569685, 0.00056788866641], "var": [0.00595739716664, 0.00532219512388, 0.00349637470208, 0.00319764111191, 0.00276874401607, 0.00318650226109], "median": [-0.670361876488, -0.751361250877, -0.77120411396, -0.792156934738, -0.805129885674, -0.762037038803], "max": [-0.326954424381, -0.40835249424, -0.482206583023, -0.570172250271, -0.53816318512, -0.362667798996], "dmean": [0.0446071662009, 0.0445613861084, 0.0357540138066, 0.029005587101, 0.0216653179377, 0.020979013294], "dmean2": [0.0746665224433, 0.0728815197945, 0.0580443516374, 0.0476155355573, 0.0343425869942, 0.0317982062697], "mean": [-0.662412405014, -0.74463057518, -0.766921639442, -0.785027086735, -0.79750007391, -0.759181022644], "dvar2": [0.00409140391275, 0.00343219912611, 0.00215121428482, 0.00147494720295, 0.000844072783366, 0.00104195135646], "min": [-0.981974840164, -0.995954096317, -0.982189893723, -0.984912335873, -0.965229928493, -0.962838470936]}, "hfc": {"dvar": 48.8698310852, "var": 370.235656738, "median": 12.4094791412, "max": 121.918228149, "dmean": 4.39515304565, "dmean2": 6.65567302704, "mean": 19.0654029846, "dvar2": 108.115280151, "min": 1.08251419464e-16}, "spectral_energyband_high": {"dvar": 2.98465295145e-07, "var": 1.39773158025e-06, "median": 8.45791510073e-05, "max": 0.0145628461614, "dmean": 0.000230723744608, "dmean2": 0.00031679723179, "mean": 0.000588019087445, "dvar2": 5.11526934588e-07, "min": 7.13458464846e-21}, "erbbands_spread": {"dvar": 41.5173225403, "var": 185.18687439, "median": 26.1048088074, "max": 111.831130981, "dmean": 5.88755559921, "dmean2": 9.05014705658, "mean": 28.4406433105, "dvar2": 90.832611084, "min": 2.98259162903}, "dissonance": {"dvar": 0.000382190715754, "var": 0.000963118451182, "median": 0.468792080879, "max": 0.5, "dmean": 0.0202889088541, "dmean2": 0.0342829674482, "mean": 0.46070304513, "dvar2": 0.000993505353108, "min": 0.129743337631}, "spectral_kurtosis": {"dvar": 75.9285125732, "var": 182.632278442, "median": 6.1691365242, "max": 248.683273315, "dmean": 5.07082891464, "dmean2": 8.42301177979, "mean": 10.5496845245, "dvar2": 183.8019104, "min": -1.26096057892}, "spectral_skewness": {"dvar": 0.317366480827, "var": 1.11642885208, "median": 1.85519134998, "max": 13.4863023758, "dmean": 0.432149857283, "dmean2": 0.690152645111, "mean": 2.09065127373, "dvar2": 0.748758256435, "min": -1.04736661911}, "pitch_salience": {"dvar": 0.00399356288835, "var": 0.0183681063354, "median": 0.501956820488, "max": 0.995075166225, "dmean": 0.0642258226871, "dmean2": 0.105505131185, "mean": 0.496278226376, "dvar2": 0.010533940047, "min": 0.0752569064498}, "spectral_complexity": {"dvar": 8.81683540344, "var": 114.211013794, "median": 18, "max": 50, "dmean": 2.71945357323, "dmean2": 4.31084489822, "mean": 18.5851593018, "dvar2": 19.2891616821, "min": 0}, "spectral_spread": {"dvar": 534571319296, "var": 8136070004740.0, "median": 3063326, "max": 44911264, "dmean": 483991.9375, "dmean2": 667716.5, "mean": 3523643.75, "dvar2": 948966653952, "min": 474234.96875}, "dynamic_complexity": 4.65109491348, "melbands_crest": {"dvar": 7.2894115448, "var": 30.0616416931, "median": 15.0785884857, "max": 30.6628437042, "dmean": 2.6232688427, "dmean2": 4.32840156555, "mean": 15.5727415085, "dvar2": 19.3404388428, "min": 1.61037898064}, "zerocrossingrate": {"dvar": 8.80859661265e-05, "var": 0.0017755466979, "median": 0.03662109375, "max": 0.52685546875, "dmean": 0.00644062692299, "dmean2": 0.00764873763546, "mean": 0.0437702573836, "dvar2": 0.000124975500512, "min": 0.0029296875}, "spectral_energyband_low": {"dvar": 7.04518606653e-05, "var": 0.000151912754518, "median": 0.0143544059247, "max": 0.110930882394, "dmean": 0.00425861543044, "dmean2": 0.00690073193982, "mean": 0.0140299126506, "dvar2": 0.000173202832229, "min": 1.65968619399e-23}, "melbands_kurtosis": {"dvar": 73.1634292603, "var": 263.940917969, "median": 5.70154619217, "max": 252.827178955, "dmean": 4.91515350342, "dmean2": 7.82683706284, "mean": 11.034819603, "dvar2": 186.573318481, "min": -1.6840184927}, "spectral_energyband_middle_high": {"dvar": 1.13213463919e-05, "var": 6.40828729956e-05, "median": 0.00320721883327, "max": 0.0744056031108, "dmean": 0.00184268201701, "dmean2": 0.00288569345139, "mean": 0.00625722808763, "dvar2": 2.81204447674e-05, "min": 1.1756010621e-21}, "barkbands_spread": {"dvar": 23.5190010071, "var": 154.580551147, "median": 14.7269001007, "max": 93.1559524536, "dmean": 3.64026522636, "dmean2": 5.41694545746, "mean": 17.5632247925, "dvar2": 45.8070983887, "min": 0.542028546333}, "mfcc": {"mean": [-687.525024414, 162.541931152, -9.10192966461, 18.5824241638, 2.06262564659, 7.66949224472, 4.74091911316, 5.21262168884, 1.51207089424, 6.62053775787, 3.05327248573, -1.00252747536, -0.175391331315], "cov": [[15235.6669922, -2457.29394531, -554.910461426, 176.467163086, -69.3818359375, 332.118377686, -107.847740173, 272.430786133, 19.0780448914, 227.862670898, 142.243881226, -118.730918884, -14.8707532883], [-2457.29394531, 2799.69506836, -223.964035034, 197.411834717, 40.3978157043, -104.659477234, 148.418273926, -51.951675415, 67.4555740356, 37.8935775757, 52.1694908142, 150.464126587, 98.5363082886], [-554.910461426, -223.964035034, 623.432678223, -83.9436187744, 71.0231170654, 78.0755233765, 16.3873786926, 74.0408706665, 33.7558517456, -7.39983987808, 3.66597628593, 9.15902900696, 1.24328219891], [176.467163086, 197.411834717, -83.9436187744, 479.882415771, -17.1887664795, 74.0220336914, 82.1587600708, 30.9366493225, 89.7481002808, 48.5425567627, 12.2493238449, 55.9195480347, 67.8502578735], [-69.3818359375, 40.3978157043, 71.0231170654, -17.1887664795, 219.515731812, 28.5675086975, 28.124080658, 53.4764213562, 35.4835128784, 13.9894304276, 9.72224903107, 8.42471790314, 15.2423553467], [332.118377686, -104.659477234, 78.0755233765, 74.0220336914, 28.5675086975, 199.504364014, 86.0897140503, 54.4441070557, 41.0102729797, 21.2187252045, 26.6818580627, 16.4370937347, 11.6601839066], [-107.847740173, 148.418273926, 16.3873786926, 82.1587600708, 28.124080658, 86.0897140503, 184.17338562, 58.1635398865, 46.23777771, 29.4571342468, 35.8119087219, 27.8227329254, 25.8860206604], [272.430786133, -51.951675415, 74.0408706665, 30.9366493225, 53.4764213562, 54.4441070557, 58.1635398865, 136.624298096, 56.2656478882, 21.8730735779, 21.8134479523, 8.54566287994, 15.0120792389], [19