{"tonal": {"chords_number_rate": 0.00288080656901, "thpcp": [1, 0.753576338291, 0.447545319796, 0.421069532633, 0.26897919178, 0.289932698011, 0.594432473183, 0.652137637138, 0.301929801702, 0.0812057778239, 0.0491596907377, 0.104642927647, 0.546273171902, 0.802380740643, 0.439644664526, 0.140538036823, 0.0748718827963, 0.101078376174, 0.363364756107, 0.710628688335, 0.794103562832, 0.542567253113, 0.255606293678, 0.131882801652, 0.0747365429997, 0.0714855641127, 0.116420790553, 0.370421260595, 0.49993789196, 0.333139777184, 0.168992325664, 0.0756652131677, 0.0760829076171, 0.165022701025, 0.197557047009, 0.522259533405], "hpcp": {"dvar": [0.0188615098596, 0.0340850651264, 0.0218513645232, 0.0167836528271, 0.0135904233903, 0.0139594171196, 0.0187783539295, 0.0308276154101, 0.0236808098853, 0.0282020457089, 0.0183609370142, 0.011609387584, 0.00755940470845, 0.00920103304088, 0.0147926127538, 0.0307268723845, 0.0323994681239, 0.026142925024, 0.0284390002489, 0.00933393742889, 0.00765482429415, 0.00968662183732, 0.0114607075229, 0.0198395960033, 0.0463771112263, 0.0313250645995, 0.029250415042, 0.0263462178409, 0.029201682657, 0.0124977333471, 0.0197868328542, 0.0171411335468, 0.0173489209265, 0.0147450240329, 0.00439235847443, 0.00578649854288], "mean": [0.219704851508, 0.322708398104, 0.176820084453, 0.0565227977931, 0.0301126185805, 0.0406525731087, 0.146141171455, 0.285806775093, 0.319379419088, 0.218214377761, 0.102801948786, 0.0530417636037, 0.0300581883639, 0.0287506822497, 0.046823117882, 0.148979216814, 0.20106934011, 0.133985027671, 0.0679667890072, 0.0304316878319, 0.0305996797979, 0.0663702562451, 0.0794551968575, 0.210046857595, 0.402188628912, 0.303079843521, 0.179997637868, 0.169349372387, 0.108180373907, 0.116607636213, 0.239073976874, 0.262282341719, 0.121432729065, 0.0326600410044, 0.0197714678943, 0.0420861952007], "min": [0, 0, 0, 0, 0, 0, 0, 0, 0, 0, 0, 0, 0, 0, 0, 0, 0, 0, 0, 0, 0, 0, 0, 0, 0, 0, 0, 0, 0, 0, 0, 0, 0, 0, 0, 0], "median": [0.117115832865, 0.198506325483, 0.101860225201, 0.00722799962386, 0.00173868227284, 0.00775958783925, 0.056981921196, 0.215316459537, 0.166879177094, 0.0914268791676, 0.0376877561212, 0.00939521193504, 0.00533562665805, 0.00415488379076, 0.0131527278572, 0.0568534694612, 0.102126829326, 0.0597141422331, 0.0124715482816, 0.00586684793234, 0.00578607060015, 0.0206104870886, 0.0219725910574, 0.114009924233, 0.188891530037, 0.215750038624, 0.0404615476727, 0.0289872586727, 0.0405968017876, 0.0369276925921, 0.109190180898, 0.0964193716645, 0.0335679315031, 0.00307914800942, 0.00222014938481, 0.0181249305606], "dvar2": [0.0487609431148, 0.0897612348199, 0.0625369101763, 0.0478453338146, 0.0405323579907, 0.0415951274335, 0.0507633090019, 0.085060864687, 0.0638016089797, 0.0793004930019, 0.0487948954105, 0.032087340951, 0.0212380457669, 0.024196524173, 0.0411205627024, 0.0922433882952, 0.0970612391829, 0.0772260203958, 0.0903454199433, 0.0283829644322, 0.0223380941898, 0.0270984098315, 0.0312648676336, 0.0555707328022, 0.119087934494, 0.08745508641, 0.0850603282452, 0.0787180289626, 0.0965854749084, 0.0378216728568, 0.0582886002958, 0.0466677770019, 0.0494637005031, 0.0450733266771, 0.0127608962357, 0.0164844896644], "var": [0.0624293759465, 0.109198138118, 0.0436041727662, 0.0174833498895, 0.00998824741691, 0.0108771454543, 0.0403324998915, 0.071450047195, 0.115061610937, 0.0721324682236, 0.0310462322086, 0.0142020629719, 0.00814626552165, 0.0093423333019, 0.0116567816585, 0.0432196557522, 0.058533269912, 0.0386833250523, 0.022372495383, 0.00622914358974, 0.00552115868777, 0.0173801723868, 0.0243519879878, 0.0522655174136, 0.176839366555, 0.0868972316384, 0.0800071135163, 0.0949059426785, 0.0272037088871, 0.0423015318811, 0.0769313722849, 0.119456507266, 0.0392972044647, 0.0102351065725, 0.00313162337989, 0.00502626458183], "dmean2": [0.19984780252, 0.269211530685, 0.186335429549, 0.106179915369, 0.0751817375422, 0.086105696857, 0.164902821183, 0.276937842369, 0.20619893074, 0.217472150922, 0.143986865878, 0.0834873169661, 0.0569601096213, 0.0588931180537, 0.096003562212, 0.198653966188, 0.22188962996, 0.169962033629, 0.147376224399, 0.0762518644333, 0.0637722834945, 0.0806673541665, 0.0934092923999, 0.174395099282, 0.247033342719, 0.252761155367, 0.196331247687, 0.164298325777, 0.193798944354, 0.137234002352, 0.204947039485, 0.159310206771, 0.132175639272, 0.0848929062486, 0.0486189574003, 0.0718937665224], "max": [1, 1, 1, 1, 1, 1, 1, 1, 1, 1, 1, 1, 1, 1, 1, 1, 1, 1, 1, 1, 1, 1, 1, 1, 1, 1, 1, 1, 1, 1, 1, 1, 1, 1, 0.657981693745, 1], "dmean": [0.117550954223, 0.155157774687, 0.10721578449, 0.0596240647137, 0.0409195497632, 0.0471265539527, 0.0967837944627, 0.163014084101, 0.120633378625, 0.124762915075, 0.0823181569576, 0.0483319051564, 0.0314584635198, 0.0324529223144, 0.052852679044, 0.112421050668, 0.127154275775, 0.0963563844562, 0.0802424922585, 0.0413270443678, 0.0350513197482, 0.0461892895401, 0.0536059141159, 0.099850051105, 0.139641284943, 0.145617544651, 0.109416566789, 0.0884089171886, 0.1065774858, 0.0761107876897, 0.118972659111, 0.0922448560596, 0.0757128223777, 0.0456981509924, 0.0260880440474, 0.0402944013476]}, "key_strength": 0.598028123379, "chords_strength": {"dvar": 0.000888020673301, "mean": 0.512416303158, "min": -1, "median": 0.537097811699, "dvar2": 0.00178993667942, "var": 0.0182523876429, "dmean2": 0.00696549285203, "max": 0.799436867237, "dmean": 0.00616334285587}, "tuning_equal_tempered_deviation": 0.18995217979, "chords_key": "F", "tuning_frequency": 434.193115234, "chords_scale": "major", "chords_changes_rate": 0.0399711914361, "key_scale": "major", "tuning_diatonic_strength": 0.508889198303, "hpcp_entropy": {"dvar": 0.204160138965, "mean": 2.01114916801, "min": 0, "median": 2.07060551643, "dvar2": 0.575207173824, "var": 0.451670318842, "dmean2": 0.975645065308, "max": 3.84937763214, "dmean": 0.565208911896}, "chords_histogram": [31.220741272, 0, 0.360100835562, 13.0716600418, 18.4011516571, 7.31004667282, 0, 0, 0.288080662489, 0, 0.0720201656222, 0, 3.6010081768, 0, 7.23802661896, 0, 0, 1.6924738884, 0, 0, 0, 0, 0, 16.7446880341], "tuning_nontempered_energy_ratio": 0.874958097935, "key_key": "F"}, "metadata": {"version": {"extractor": "music 1.0", "essentia_build_sha": "70f2e5ece6736b2c40cc944ad0e695b16b925413", "essentia": "2.1-beta2", "essentia_git_sha": "v2.1_beta2"}, "audio_properties": {"sample_rate": 44100, "length": 128.888168335, "lossless": false, "analysis_sample_rate": 44100, "downmix": "mix", "bit_rate": 183350, "equal_loudness": 0, "md5_encoded": "dc42a9b1a2527437422d93c99c466546", "codec": "mp3", "replay_gain": -7.20784378052}, "tags": {"albumartist": ["Chandeen"], "date": ["2008"], "musicbrainz_recordingid": ["fc69cd75-d150-4ac4-9740-d6039548b771"], "file_name": "2033.mp3", "title": ["01_chandeen-teenage_poetry"], "tracknumber": ["1"], "album": ["Teenage Poetry"], "artist": ["Chandeen"]}}, "lowlevel": {"melbands": {"dvar": [1.21759785543e-06, 1.97413555725e-06, 1.63977165357e-06, 2.47722732638e-06, 5.57554244551e-07, 8.13494409613e-08, 6.63953656499e-08, 2.26534922376e-07, 3.97038419919e-08, 2.29568044574e-08, 1.7687717957e-08, 8.40182607931e-08, 3.79088760383e-08, 3.73789754704e-09, 8.16082312838e-10, 1.37455358207e-09, 2.01375272013e-09, 4.59123450369e-09, 2.31553198837e-09, 1.70291059032e-09, 7.91663887223e-11, 6.29946927955e-11, 1.35483665953e-10, 1.54852630718e-10, 3.20859762371e-11, 6.23245066667e-11, 3.28011888484e-11, 3.27146816581e-11, 2.88932766601e-11, 3.14189750605e-11, 3.76950068381e-11, 8.38424902422e-12, 1.42027006475e-11, 1.16925930743e-11, 5.22896006008e-12, 5.1483895272e-12, 4.72985713096e-12, 8.14250836895e-12, 1.23121365533e-11, 6.24660696433e-12], "mean": [0.00186893611681, 0.00174869108014, 0.00194532552268, 0.00212513841689, 0.00106167607009, 0.000362787366612, 0.000390373490518, 0.000387144449633, 0.000146223115735, 9.47431835812e-05, 0.000132655128255, 0.000229021185078, 0.00012395446538, 3.51220623998e-05, 3.02143744193e-05, 3.62336686521e-05, 2.66023889708e-05, 3.68700493709e-05, 3.05375506287e-05, 2.2747213734e-05, 7.07155777491e-06, 7.77753666625e-06, 7.94554398453e-06, 6.23065216132e-06, 2.83352142105e-06, 2.50244920608e-06, 1.84421878657e-06, 1.95110078494e-06, 1.90550144907e-06, 1.7714447722e-06, 1.69004044892e-06, 9.87874500424e-07, 1.25147039398e-06, 1.18957962059e-06, 7.68836741827e-07, 7.21848323337e-07, 7.10814163085e-07, 8.64137859935e-07, 8.557249771e-07, 7.03843625161e-07], "min": [2.17378333549e-24, 1.46717537913e-24, 1.82420534458e-24, 1.26810416033e-24, 1.25851683793e-24, 1.74725038556e-24, 9.13262297822e-25, 1.42746727661e-24, 2.26081973967e-24, 2.26906353334e-24, 2.98116925856e-24, 3.16512156368e-24, 3.66058360179e-24, 2.58806231734e-24, 3.20781925183e-24, 2.81825054897e-24, 3.62132238897e-24, 4.00260726346e-24, 2.75902444993e-24, 3.37129450278e-24, 5.2619014252e-24, 4.04745085048e-24, 4.78380951258e-24, 4.64408686348e-24, 3.70764231023e-24, 4.79019968034e-24, 3.83098426264e-24, 5.93831218054e-24, 5.24563314118e-24, 4.99501400375e-24, 4.57369246617e-24, 6.03201268443e-24, 4.83461807133e-24, 5.56899511484e-24, 5.84286750518e-24, 6.50015469445e-24, 5.73411908509e-24, 6.36708135392e-24, 6.46077830794e-24, 6.74568449576e-24], "median": [0.0010710520437, 0.000800103647634, 0.000549780437723, 0.000510068493895, 0.000483765557874, 0.000246126292041, 0.000207236822462, 8.00953130238e-05, 2.04128991754e-05, 2.26138454309e-05, 3.0097187846e-05, 4.68084544991e-05, 1.41396812978e-05, 5.17634725838e-06, 5.60612534173e-06, 7.09122014086e-06, 2.33844866671e-06, 4.17587762058e-06, 3.22950859299e-06, 2.08424648918e-06, 1.54397025653e-06, 2.64236632574e-06, 1.17888203022e-06, 6.71626708026e-07, 4.07990711437e-07, 4.19890170633e-07, 1.57450614324e-07, 1.2595495491e-07, 1.08132049093e-07, 5.3222187546e-08, 3.93382819652e-08, 2.4585713021e-08, 1.72229697171e-08, 1.14455298572e-08, 8.56163229201e-09, 3.6953511362e-09, 2.83941603563e-09, 2.16830886579e-09, 8.34738611566e-10, 5.02018648874e-10], "dvar2": [3.33918501383e-06, 5.52119081476e-06, 4.28675230069e-06, 6.27734016234e-06, 1.55303564497e-06, 2.18106166017e-07, 1.50353244521e-07, 5.47140245999e-07, 8.68752252359e-08, 5.11807058956e-08, 3.29934302101e-08, 1.62923427638e-07, 8.38715052964e-08, 9.18864273558e-09, 1.85563986399e-09, 3.06861802635e-09, 5.33545607695e-09, 1.17020979573e-08, 6.06291994387e-09, 4.51949233593e-09, 2.14795278786e-10, 1.64211977349e-10, 3.81240705671e-10, 4.19886125869e-10, 7.84502324214e-11, 1.42644618339e-10, 7.82361883611e-11, 7.62665000598e-11, 6.23789284115e-11, 5.46963446757e-11, 8.02958949331e-11, 1.85784877066e-11, 2.9977614141e-11, 2.24422425088e-11, 1.12930741147e-11, 1.1445802639e-11, 8.79688162592e-12, 1.40580637409e-11, 2.46709545154e-11, 1.07666688065e-11], "var": [5.06252990817e-06, 5.62082777833e-06, 9.48250544752e-06, 1.01904306575e-05, 1.94846666091e-06, 1.71198635712e-07, 2.25741359827e-07, 5.59218960916e-07, 1.25390400285e-07, 6.00455294375e-08, 5.04332540174e-08, 2.02889367529e-07, 8.19149690301e-08, 1.77853625161e-08, 2.47849119006e-09, 3.41563066719e-09, 3.63288310545e-09, 7.97897126148e-09, 4.53109860743e-09, 3.66602770363e-09, 1.75076050879e-10, 1.46926443234e-10, 2.48882969789e-10, 2.47093512318e-10, 6.00881844282e-11, 8.59332605074e-11, 4.69266570047e-11, 5.23194612634e-11, 6.00873586998e-11, 7.27915713816e-11, 7.68526214889e-11, 1.91034341124e-11, 3.75946010434e-11, 3.12180038764e-11, 1.34205294447e-11, 1.24345837446e-11, 1.35515886707e-11, 2.33053940729e-11, 2.59253087748e-11, 1.621226417e-11], "dmean2": [0.00108149484731, 0.00141824246384, 0.00124485674314, 0.00148515100591, 0.000812683603726, 0.000305348570691, 0.000254707410932, 0.000329939619405, 0.000111716806714, 7.30469182599e-05, 8.88381327968e-05, 0.000187251629541, 0.000116309420264, 2.63715537585e-05, 2.15422860492e-05, 2.70859327429e-05, 2.69365937129e-05, 4.32258311776e-05, 3.22146806866e-05, 2.37264011957e-05, 6.37693256067e-06, 6.85847271598e-06, 8.16103965917e-06, 6.68600114295e-06, 2.79256573776e-06, 2.79873461295e-06, 1.9548012915e-06, 1.97005374503e-06, 1.90671471501e-06, 1.583113999e-06, 1.69830127561e-06, 9.29622217427e-07, 1.1498823369e-06, 1.06591323856e-06, 6.80136793108e-07, 6.31196257928e-07, 5.86248120271e-07, 7.06089451796e-07, 8.1654962969e-07, 6.09836490639e-07], "max": [0.0182018093765, 0.0174662470818, 0.0212131515145, 0.0234308559448, 0.00929837115109, 0.00476533826441, 0.00376274902374, 0.00789589714259, 0.00398087175563, 0.00353179662488, 0.0038507070858, 0.00451672170311, 0.00400367146358, 0.00317786773667, 0.000540821056347, 0.000751221028622, 0.00094011897454, 0.00094732089201, 0.0010559221264, 0.000776428438257, 0.000227725380682, 0.000123856691062, 0.000228968565352, 0.000374277849915, 0.00022749308846, 0.000359058903996, 0.000203162198886, 0.000255586230196, 0.000128539948491, 0.000189907819731, 0.000180289658601, 7.67128585721e-05, 0.000130294036353, 9.9540950032e-05, 7.56543449825e-05, 7.84756266512e-05, 4.9013113312e-05, 9.91157721728e-05, 0.000101681907836, 6.2697341491e-05], "dmean": [0.000666213687509, 0.000845397415105, 0.00076896592509, 0.00090820598416, 0.000485953118186, 0.000185803321074, 0.000171032777871, 0.000209107936826, 7.30849860702e-05, 4.7844961955e-05, 6.32155933999e-05, 0.000131308639538, 7.5357449532e-05, 1.67176203831e-05, 1.41919281305e-05, 1.82755793503e-05, 1.66370500665e-05, 2.59751959675e-05, 1.95722604985e-05, 1.42154176501e-05, 3.82858934245e-06, 4.12773670178e-06, 4.76847299069e-06, 3.93606978832e-06, 1.66091513165e-06, 1.72960926648e-06, 1.2255297861e-06, 1.26542147427e-06, 1.24375912947e-06, 1.13870021323e-06, 1.18783100334e-06, 6.35081278233e-07, 7.92210471445e-07, 7.31027625989e-07, 4.67726408715e-07, 4.42178617277e-07, 4.3051790044e-07, 5.2853164334e-07, 5.76682680276e-07, 4.5461706577e-07]}, "spectral_decrease": {"dvar": 6.22555319598e-18, "mean": -8.70679173204e-09, "min": -4.07906171063e-08, "median": -7.92159049468e-09, "dvar2": 1.64708435182e-17, "var": 4.93706553633e-17, "dmean2": 3.07841596658e-09, "max": 1.76512562739e-28, "dmean": 1.94027194311e-09}, "spectral_rolloff": {"dvar": 455637.75, "mean": 1031.83959961, "min": 150.732421875, "median": 796.728515625, "dvar2": 840547.5625, "var": 4277154.5, "dmean2": 339.795898438, "max": 19638.28125, "dmean": 209.397109985}, "melbands_crest": {"dvar": 3.6509206295, "mean": 12.9932785034, "min": 1.7004762888, "median": 12.7846384048, "dvar2": 9.7448015213, "var": 15.1268615723, "dmean2": 3.67720341682, "max": 26.947095871, "dmean": 2.27278208733}, "barkbands_skewness": {"dvar": 0.121699854732, "mean": 0.753434121609, "min": -2.16219162941, "median": 0.716536879539, "dvar2": 0.322130739689, "var": 0.587226331234, "dmean2": 0.580304026604, "max": 5.80702638626, "dmean": 0.362464517355}, "spectral_centroid": {"dvar": 48966.6132812, "mean": 813.58972168, "min": 177.55682373, "median": 767.209106445, "dvar2": 77859.0546875, "var": 1238855.875, "dmean2": 155.907699585, "max": 11652.0166016, "dmean": 104.022262573}, "spectral_energyband_middle_low": {"dvar": 6.05556087976e-05, "mean": 0.0194395985454, "min": 1.83282516459e-22, "median": 0.0161466859281, "dvar2": 0.000156170863193, "var": 0.000328935420839, "dmean2": 0.00938535388559, "max": 0.119353204966, "dmean": 0.00590661447495}, "erbbands_crest": {"dvar": 6.40790700912, "mean": 11.8768348694, "min": 2.5752093792, "median": 11.2424621582, "dvar2": 16.2632331848, "var": 21.5220832825, "dmean2": 4.92703390121, "max": 28.7686367035, "dmean": 3.01262974739}, "dynamic_complexity": 5.30738067627, "spectral_energyband_low": {"dvar": 3.40859005519e-05, "mean": 0.0113625526428, "min": 1.95814777317e-23, "median": 0.00753192789853, "dvar2": 9.67556188698e-05, "var": 0.000135128619149, "dmean2": 0.00636982964352, "max": 0.0731772631407, "dmean": 0.00379795720801}, "silence_rate_60dB": {"dvar": 0.00644317362458, "mean": 0.184077814221, "min": 0, "median": 0, "dvar2": 0.0149664403871, "var": 0.150184705853, "dmean2": 0.0129729732871, "max": 1, "dmean": 0.00648531783372}, "erbbands_kurtosis": {"dvar": 16.6318645477, "mean": 6.0913977623, "min": -1.78142654896, "median": 0.868463635445, "dvar2": 46.4335441589, "var": 109.800964355, "dmean2": 4.18819522858, "max": 69.1724395752, "dmean": 2.50895643234}, "spectral_complexity": {"dvar": 3.89408731461, "mean": 12.517291069, "min": 0, "median": 10, "dvar2": 8.99146461487, "var": 74.8723526001, "dmean2": 2.87603592873, "max": 48, "dmean": 1.74599170685}, "barkbands_crest": {"dvar": 3.16475701332, "mean": 9.89889907837, "min": 2.59983205795, "median": 9.22089576721, "dvar2": 8.67280483246, "var": 13.2831172943, "dmean2": 3.21315145493, "max": 22.9324111938, "dmean": 1.96875619888}, "spectral_energy": {"dvar": 9.21989558265e-05, "mean": 0.0342458412051, "min": 1.00659350248e-20, "median": 0.0314257964492, "dvar2": 0.000243369155214, "var": 0.000743598677218, "dmean2": 0.0119726806879, "max": 0.156497806311, "dmean": 0.007548074238}, "spectral_spread": {"dvar": 640468779008, "mean": 2884967.25, "min": 279005.4375, "median": 2324373.5, "dvar2": 1190557253630.0, "var": 16858338033700.0, "dmean2": 589271.0625, "max": 41998104, "dmean": 385433.90625}, "spectral_contrast_valleys": {"dvar": [0.0913217440248, 0.0875312611461, 0.0664123371243, 0.0561127886176, 0.0560049340129, 0.10743585974], "mean": [-7.15655660629, -7.09769582748, -8.04162693024, -8.98820209503, -9.46922874451, -12.4949522018], "min": [-28.6145172119, -28.2694149017, -27.838136673, -27.6801929474, -27.5359420776, -27.4250545502], "median": [-6.66464996338, -6.6616897583, -7.66586399078, -8.60578632355, -9.16146469116, -12.761554718], "dvar2": [0.202258810401, 0.185325086117, 0.126417517662, 0.105898335576, 0.090239956975, 0.217758923769], "var": [5.37474441528, 5.50134181976, 5.42884397507, 5.62550640106, 5.8281416893, 5.71084070206], "dmean2": [0.509687840939, 0.516720712185, 0.394593179226, 0.332883685827, 0.258219242096, 0.410422950983], "max": [-4.94343280792, -4.63492012024, -4.97380256653, -6.02130460739, -5.95834684372, -7.48154449463], "dmean": [0.304289877415, 0.307965099812, 0.239620238543, 0.20069155097, 0.161558613181, 0.260739356279]}, "spectral_rms": {"dvar": 3.83889243949e-07, "mean": 0.00510999886319, "min": 3.13375562479e-12, "median": 0.00553708523512, "dvar2": 1.01337604974e-06, "var": 7.29858766135e-06, "dmean2": 0.000879240978975, "max": 0.0123564070091, "dmean": 0.000558813277166}, "barkbands_spread": {"dvar": 19.0075035095, "mean": 12.7258472443, "min": 0.531681776047, "median": 13.4320745468, "dvar2": 30.9988632202, "var": 137.67640686, "dmean2": 3.64766788483, "max": 100.038764954, "dmean": 2.50133299828}, "pitch_salience": {"dvar": 0.00235566566698, "mean": 0.575986325741, "min": 0.293576806784, "median": 0.574465036392, "dvar2": 0.00656527746469, "var": 0.00857458356768, "dmean2": 0.0921232998371, "max": 0.925569117069, "dmean": 0.0558817200363}, "erbbands_skewness": {"dvar": 0.142954811454, "mean": 1.21293509007, "min": -1.42667806149, "median": 0.647624671459, "dvar2": 0.395514070988, "var": 2.02598810196, "dmean2": 0.683631420135, "max": 6.23132562637, "dmean": 0.421716481447}, "spectral_energyband_middle_high": {"dvar": 5.56829127163e-06, "mean": 0.00422681774944, "min": 1.27702499704e-21, "median": 0.00105343619362, "dvar2": 1.15497759907e-05, "var": 3.27981724695e-05, "dmean2": 0.00194603414275, "max": 0.0402192175388, "dmean": 0.00131937651895}, "erbbands": {"dvar": [0.0132658844814, 1.09189975262, 10.6692705154, 32.0085639954, 346.733947754, 980.602294922, 274.354370117, 180.931243896, 281.590362549, 1961.88537598, 678.332397461, 737.175537109, 667.814025879, 4282.85302734, 2028.28125, 135.773651123, 325.133239746, 432.890075684, 2015.05908203, 1939.47717285, 79.9704818726, 61.4715995789, 82.8212203979, 52.2312774658, 77.4173736572, 67.0995178223, 56.038269043, 106.016487122, 26.7418785095, 39.3133621216, 16.0336303711, 10.6092967987, 15.6043720245, 9.73134899139, 5.1529006958, 0.625604569912, 0.169147565961, 0.00179762544576, 2.09056943277e-05, 1.0811218587e-08], "mean": [0.236350283027, 1.1511425972, 3.39997506142, 7.87839460373, 23.7747402191, 35.6262702942, 22.9035587311, 16.3216381073, 24.6723709106, 37.5629653931, 20.5459079742, 16.3361911774, 26.2116718292, 54.5987548828, 32.9173164368, 10.6121501923, 18.1330947876, 15.3908977509, 24.941783905, 23.1601963043, 7.76629543304, 7.70173835754, 6.81747293472, 4.176445961, 3.08700895309, 3.06328058243, 2.92462587357, 3.04422426224, 1.91394233704, 2.25026369095, 1.37227225304, 1.18145632744, 1.23719322681, 0.884272873402, 0.51094275713, 0.159638017416, 0.0460674464703, 0.0116855036467, 0.00175600056536, 7.2201306466e-05], "min": [1.2567427647e-22, 5.62883532632e-22, 2.3476924631e-21, 7.80222280037e-21, 1.25299566277e-20, 2.33586612294e-20, 1.95711062177e-20, 7.430608679e-20, 6.80128708403e-20, 1.42804370478e-19, 2.66638051541e-19, 4.00843297941e-19, 7.14645326853e-19, 7.75469881848e-19, 1.46933839627e-18, 1.3468394616e-18, 1.82754451444e-18, 2.07139673863e-18, 3.06782408798e-18, 2.43347561303e-18, 4.69712815118e-18, 4.67946081407e-18, 6.69603905274e-18, 6.15251356148e-18, 6.24720588928e-18, 8.723813181e-18, 8.43151981256e-18, 1.06215359054e-17, 1.16069363168e-17, 1.13325985579e-17, 1.10357805115e-17, 1.07349729731e-17, 1.01688067213e-17, 8.62878915377e-18, 5.89242398865e-18, 4.34948275129e-18, 2.3273756374e-18, 9.91919628602e-19, 2.34023767554e-19, 2.94650490674e-20], "median": [0.109718874097, 0.636956751347, 1.31709480286, 2.60968112946, 4.75224399567, 9.60094642639, 12.6355228424, 11.1031608582, 13.6360998154, 8.71084213257, 3.18621039391, 3.67996144295, 5.78019428253, 12.4318828583, 4.52966403961, 1.90514779091, 3.11819839478, 1.86850404739, 3.09358263016, 1.87929391861, 1.46960449219, 2.31013822556, 0.974219083786, 0.577179908752, 0.457948058844, 0.226383000612, 0.153459057212, 0.0853879004717, 0.0416160523891, 0.0252389386296, 0.0132300956175, 0.00585520267487, 0.0027500288561, 0.000721466494724, 0.000230650766753, 9.21726168599e-05, 5.72956996621e-05, 9.42446786212e-06, 2.72386023425e-05, 5.21384718013e-05], "dvar2": [0.0345316156745, 3.16326260567, 28.4970016479, 94.1733703613, 821.3828125, 2701.34863281, 739.997253418, 486.184783936, 643.300598145, 4640.6015625, 1506.1439209, 1668.71606445, 1253.31164551, 8349.05859375, 4622.43505859, 349.965606689, 708.059936523, 1126.44812012, 5101.76367188, 5099.23730469, 215.48638916, 161.157424927, 228.468078613, 128.80178833, 175.706741333, 156.597473145, 108.42363739, 204.959259033, 54.5374031067, 76.104637146, 34.2668876648, 18.8156833649, 25.1218547821, 17.0461025238, 11.0605964661, 1.21546041965, 0.403422176838, 0.0034412809182, 3.92483052565e-05, 1.90833695513e-08], "var": [0.101928763092, 2.32947039604, 27.312297821, 141.037155151, 1704.54345703, 2934.29370117, 776.776733398, 363.429168701, 895.486022949, 4976.078125, 2102.6328125, 1949.87683105, 1955.69018555, 10537.9248047, 5101.66894531, 533.084289551, 953.093017578, 870.350708008, 3479.69604492, 4225.65625, 191.546417236, 157.390136719, 157.421127319, 101.860542297, 113.154693604, 113.302253723, 141.43901062, 232.218032837, 73.6757659912, 109.362236023, 42.184337616, 34.3511009216, 47.3321113586, 24.9950695038, 9.28133773804, 1.06455075741, 0.165609404445, 0.00327262887731, 4.75863052998e-05, 2.63744244222e-08], "dmean2": [0.109044313431, 1.02540719509, 3.08228111267, 5.89074754715, 16.4200630188, 30.6396274567, 17.7387752533, 13.838637352, 16.5846633911, 31.6539154053, 15.393404007, 12.2665157318, 17.1058197021, 43.7215499878, 28.0774288177, 7.21837711334, 12.5866260529, 13.4027051926, 28.1976299286, 23.521194458, 6.40031480789, 6.42920732498, 6.14282941818, 3.79219532013, 3.0837802887, 2.97531318665, 2.52871537209, 2.8251581192, 1.62482213974, 1.95184063911, 1.11896121502, 0.914721190929, 0.963413774967, 0.741894543171, 0.510273635387, 0.156426951289, 0.0481414422393, 0.00888190139085, 0.00116302922834, 3.24622196786e-05], "max": [2.1259469986, 15.1381502151, 42.9179458618, 72.5087356567, 345.095001221, 385.157745361, 240.847946167, 236.40826416, 260.075500488, 660.462402344, 525.198181152, 653.328613281, 713.176391602, 1019.40588379, 864.359436035, 478.015808105, 327.72088623, 419.717132568, 649.218078613, 918.185913086, 212.704406738, 135.72114563, 239.86831665, 263.853729248, 345.715484619, 341.574310303, 170.463165283, 335.321685791, 132.542098999, 163.419799805, 150.44859314, 74.2866897583, 127.549751282, 80.5654678345, 66.2149353027, 31.3929328918, 23.5207157135, 1.38585162163, 0.156345024705, 0.00385675905272], "dmean": [0.0703936293721, 0.599787473679, 1.85488045216, 3.45645451546, 10.6078634262, 18.4987258911, 10.6184806824, 8.40158843994, 11.0235958099, 20.1211223602, 10.0814905167, 7.96212625504, 12.1404333115, 30.5770645142, 18.2013816833, 4.53695821762, 8.44490814209, 8.36775016785, 17.0433006287, 14.1836948395, 3.86656022072, 3.84367465973, 3.62076377869, 2.27612614632, 1.93100547791, 1.90536928177, 1.73153269291, 2.00510144234, 1.15491569042, 1.35347938538, 0.804202735424, 0.679203987122, 0.734213113785, 0.561972677708, 0.356398105621, 0.109791196883, 0.0344495400786, 0.00666859932244, 0.000822613656055, 2.34528833971e-05]}, "dissonance": {"dvar": 0.0010942890076, "mean": 0.434296101332, "min": 0.169471770525, "median": 0.448399722576, "dvar2": 0.00324577093124, "var": 0.00261956290342, "dmean2": 0.0544395968318, "max": 0.500000178814, "dmean": 0.0316021330655}, "erbbands_flatness_db": {"dvar": 0.000176936140633, "mean": 0.251344889402, "min": 0.062076471746, "median": 0.229099392891, "dvar2": 0.000429228151916, "var": 0.00922551658005, "dmean2": 0.0245394650847, "max": 0.437169909477, "dmean": 0.0157804116607}, "melbands_kurtosis": {"dvar": 19.8625335693, "mean": 5.6737575531, "min": -1.43885779381, "median": 3.20444703102, "dvar2": 47.8642692566, "var": 73.1093444824, "dmean2": 4.63958215714, "max": 167.689071655, "dmean": 2.81376004219}, "melbands_spread": {"dvar": 24.3013114929, "mean": 15.8135232925, "min": 0.73786687851, "median": 16.0469779968, "dvar2": 48.454864502, "var": 293.617858887, "dmean2": 4.36112213135, "max": 156.264968872, "dmean": 2.93376255035}, "melbands_skewness": {"dvar": 0.130281031132, "mean": 1.30604052544, "min": -0.908604323864, "median": 1.19916331768, "dvar2": 0.325496852398, "var": 0.712950468063, "dmean2": 0.626471877098, "max": 11.0099973679, "dmean": 0.395009845495}, "spectral_entropy": {"dvar": 0.0183779615909, "mean": 6.48927545547, "min": 4.28443861008, "median": 6.96645641327, "dvar2": 0.0385708026588, "var": 1.2214448452, "dmean2": 0.206961467862, "max": 9.82753562927, "dmean": 0.137327194214}, "zerocrossingrate": {"dvar": 0.000132001150632, "mean": 0.0374675840139, "min": 0.00537109375, "median": 0.03125, "dvar2": 0.000147864222527, "var": 0.00308348913677, "dmean2": 0.00577456364408, "max": 0.521484375, "dmean": 0.00487894192338}, "average_loudness": 0.553504824638, "spectral_contrast_coeffs": {"dvar": [0.00145668326877, 0.00135286047589, 0.000707548228092, 0.000441299402155, 0.000221501526539, 0.000224728428293], "mean": [-0.664920449257, -0.717096745968, -0.757288694382, -0.782833337784, -0.777579784393, -0.798201680183], "min": [-0.974584519863, -0.972827672958, -0.972253024578, -0.970786213875, -0.966624200344, -0.963687241077], "median": [-0.675049304962, -0.716787397861, -0.757588148117, -0.772305965424, -0.770566642284, -0.78389364481], "dvar2": [0.00401231041178, 0.00385852716863, 0.00180814997293, 0.00120545562822, 0.000622405845206, 0.000610106333625], "var": [0.0122703369707, 0.00368151231669, 0.00417553680018, 0.00486994627863, 0.00225973664783, 0.0034119959455], "dmean2": [0.0742133557796, 0.0763416215777, 0.0542637072504, 0.0433884263039, 0.0315279811621, 0.028827548027], "max": [-0.332837343216, -0.499899566174, -0.561400413513, -0.581868648529, -0.65110373497, -0.630565881729], "dmean": [0.0449428968132, 0.0453956499696, 0.0335766449571, 0.0264221150428, 0.018797179684, 0.0172600522637]}, "barkbands_flatness_db": {"dvar": 0.000185057084309, "mean": 0.247162267566, "min": 0.0166129823774, "median": 0.189022928476, "dvar2": 0.000455072673503, "var": 0.0204241964966, "dmean2": 0.0231651794165, "max": 0.527716815472, "dmean": 0.0147492578253}, "silence_rate_30dB": {"dvar": 0.0121001359075, "mean": 0.982708930969, "min": 0, "median": 1, "dvar2": 0.0296694207937, "var": 0.0169916879386, "dmean2": 0.0245045050979, "max": 1, "dmean": 0.0122500453144}, "spectral_energyband_high": {"dvar": 7.43619864352e-07, "mean": 0.000397764757508, "min": 7.06994419944e-21, "median": 7.14406769475e-06, "dvar2": 1.10233258965e-06, "var": 2.7652783956e-06, "dmean2": 0.000250071607297, "max": 0.0165209956467, "dmean": 0.000198779336642}, "melbands_flatness_db": {"dvar": 0.000254691170994, "mean": 0.350130826235, "min": 0.00300507550128, "median": 0.267827481031, "dvar2": 0.000558913045097, "var": 0.0292574409395, "dmean2": 0.0248031560332, "max": 0.68719637394, "dmean": 0.0161719378084}, "barkbands": {"dvar": [2.18672369101e-07, 1.81162449735e-05, 1.15371103675e-05, 9.35037496674e-06, 4.2539977585e-05, 2.18300965571e-06, 2.21219625018e-06, 3.13639270644e-06, 1.10087137273e-06, 3.28505075231e-06, 1.69945565176e-06, 2.05639167916e-07, 1.46541367485e-07, 1.58830076202e-07, 8.07934441127e-07, 5.17190485994e-08, 3.22728297419e-08, 3.63992072039e-08, 2.34174546421e-08, 2.81752896569e-08, 4.73675392243e-08, 2.57463810271e-08, 2.14191349102e-08, 3.70773882707e-08, 7.80036160108e-08, 3.33599388114e-08, 6.13149031548e-10], "mean": [0.000713372486643, 0.00618362007663, 0.00348634785041, 0.00349257187918, 0.0097397454083, 0.0019753514789, 0.00202272250317, 0.00125622004271, 0.000559541629627, 0.00165926676709, 0.000801378511824, 0.000232565449551, 0.000382433994673, 0.000233501632465, 0.000602303945925, 0.000136637710966, 0.000165327292052, 0.000114884445793, 5.90315830777e-05, 5.98236001679e-05, 7.85373995313e-05, 5.98903388891e-05, 5.15192878083e-05, 6.61041267449e-05, 7.58402893553e-05, 2.82603687083e-05, 9.06475452211e-06], "min": [4.15519120494e-25, 5.41912653121e-24, 2.1501403853e-24, 1.20831442018e-24, 4.41364599914e-24, 5.67241359623e-24, 4.35352375411e-24, 8.11642261531e-24, 1.32733720135e-23, 2.54390129222e-23, 2.09662741415e-23, 2.19985159909e-23, 3.34547800414e-23, 4.14875928671e-23, 4.67309462003e-23, 5.43310782858e-23, 6.12212040021e-23, 1.16492554e-22, 1.50540219809e-22, 1.83543698838e-22, 2.83797721498e-22, 3.2880977134e-22, 4.56408262573e-22, 5.73729726369e-22, 9.20095552978e-22, 1.42311496849e-21, 2.02513584701e-21], "median": [0.000173976150109, 0.00378038361669, 0.000996914459392, 0.000895235338248, 0.0027458423283, 0.00139768491499, 0.000877831829712, 0.000161077303346, 0.000124943995615, 0.000402715406381, 9.54036804615e-05, 3.47482673533e-05, 6.95663911756e-05, 2.10135804082e-05, 6.35350006633e-05, 2.05416799872e-05, 4.28954299423e-05, 1.46666716319e-05, 9.05760316527e-06, 4.03891408496e-06, 3.07006848743e-06, 1.1235816828e-06, 5.17701437275e-07, 2.21555950475e-07, 4.28472475278e-08, 1.769238267e-08, 3.6435348072e-09], "dvar2": [5.74878754378e-07, 5.1740611525e-05, 3.178150655e-05, 2.44338989432e-05, 0.00011004695989, 5.84079270993e-06, 4.87839588459e-06, 7.65356435295e-06, 2.44840043706e-06, 6.30809836366e-06, 3.76202297048e-06, 4.90854461077e-07, 3.22207057479e-07, 4.15657950725e-07, 2.04389220926e-06, 1.47278129248e-07, 8.83863435774e-08, 9.88678863223e-08, 5.19109590869e-08, 6.50720082263e-08, 8.33384632415e-08, 5.21006562337e-08, 4.42736265427e-08, 5.77368908239e-08, 1.4263157766e-07, 7.0047725842e-08, 1.12781384232e-09], "var": [1.55255804657e-06, 5.13401209901e-05, 3.71580281353e-05, 3.09736060444e-05, 0.000202614115551, 4.72819874631e-06, 7.72919338488e-06, 8.14848772279e-06, 2.77616049971e-06, 8.48232866701e-06, 3.58035595127e-06, 9.91849105958e-07, 4.14299620388e-07, 2.81533374391e-07, 1.57770352871e-06, 8.68036309498e-08, 7.42178585256e-08, 6.22602129852e-08, 4.03664373039e-08, 4.73895944708e-08, 1.22763296417e-07, 7.27258679944e-08, 5.80147023754e-08, 1.2288022333e-07, 1.82666397563e-07, 4.40301803906e-08, 1.35247624211e-09], "dmean2": [0.000395519891754, 0.00422402098775, 0.003203750588, 0.00288267736323, 0.00650974875316, 0.00163969851565, 0.00138252356555, 0.00112148933113, 0.000448174861958, 0.00125086517073, 0.000776824366767, 0.000187799392734, 0.000275426660664, 0.00023394159507, 0.000651561596896, 0.000150031744852, 0.000151341751916, 0.000111421657493, 5.72674434807e-05, 5.87136528338e-05, 6.63543323753e-05, 5.1550068747e-05, 4.26043225161e-05, 4.89582780574e-05, 6.48958521197e-05, 2.74420544883e-05, 6.06799312663e-06], "max": [0.00954408198595, 0.0597504489124, 0.0475182272494, 0.0417751818895, 0.0977674424648, 0.0207663532346, 0.0222686603665, 0.0309613291174, 0.0259308982641, 0.0336086452007, 0.0265215970576, 0.0251584425569, 0.00703694904223, 0.00843257922679, 0.0154881505296, 0.00437038065866, 0.00297135696746, 0.00569209922105, 0.00628112023696, 0.00636628549546, 0.00681124301627, 0.00431668478996, 0.00458839442581, 0.00597088038921, 0.0077198673971, 0.00980804022402, 0.000894116354175], "dmean": [0.000250725453952, 0.00252656289376, 0.00190942652989, 0.00177485903259, 0.00395634630695, 0.000992301036604, 0.000932846276555, 0.000705932208803, 0.000289694144158, 0.000892975484021, 0.000503013201524, 0.000118695410492, 0.000184088392416, 0.000146266989759, 0.000396559073124, 8.73967801454e-05, 8.98973958101e-05, 6.6146851168e-05, 3.57016397174e-05, 3.76481621061e-05, 4.74370790471e-05, 3.63661420124e-05, 3.02007447317e-05, 3.75127929146e-05, 4.86564131279e-05, 1.9929237169e-05, 4.37926610175e-06]}, "erbbands_spread": {"dvar": 25.2989292145, "mean": 17.8935966492, "min": 1.97669160366, "median": 17.2828292847, "dvar2": 49.1146965027, "var": 194.691207886, "dmean2": 5.80900430679, "max": 141.235656738, "dmean": 3.81516909599}, "barkbands_kurtosis": {"dvar": 15.0187807083, "mean": 3.66845273972, "min": -1.77824735641, "median": 1.28879714012, "dvar2": 43.2174453735, "var": 36.9074020386, "dmean2": 3.91222667694, "max": 61.8040924072, "dmean": 2.31355381012}, "spectral_flux": {"dvar": 0.000283185363514, "mean": 0.0706868246198, "min": 6.32772514941e-11, "median": 0.0744938775897, "dvar2": 0.000806747644674, "var": 0.00184044754133, "dmean2": 0.0256095677614, "max": 0.229535758495, "dmean": 0.0151198366657}, "silence_rate_20dB": {"dvar": 0, "mean": 1, "min": 1, "median": 1, "dvar2": 0, "var": 0, "dmean2": 0, "max": 1, "dmean": 0}, "gfcc": {"cov": [[33041.1953125, -4185.1640625, -3667.40454102, -65.3479156494, -971.308349609, 1482.95910645, -215.012588501, 654.917358398, -171.859863281, 1077.86791992, -606.135681152, 507.463775635, -458.992431641], [-4185.1640625, 4020.22875977, 1118.02111816, -18.7205505371, 874.449768066, -1139.47265625, -84.4726486206, -344.292175293, -82.0016326904, -790.117797852, 162.343063354, -345.763397217, 191.28364563], [-3667.40454102, 1118.02111816, 2510.96020508, -168.390045166, 407.348358154, -643.037902832, -332.768707275, -170.1822052, -327.065338135, -415.483703613, -248.660293579, -154.583908081, -126.720436096], [-65.3479156494, -18.7205505371, -168.390045166, 205.668365479, -71.0132141113, 64.7466659546, 23.4172458649, -14.3984556198, 19.6402626038, -15.6529684067, 54.3132781982, -12.3286600113, 36.9856109619], [-971.308349609, 874.449768066, 407.348358154, -71.0132141113, 507.821746826, -367.164886475, -18.8909568787, -70.3181610107, -66.0566482544, -238.741607666, -14.558172226, -87.2222824097, 9.47128391266], [1482.95910645, -1139.47265625, -643.037902832, 64.7466659546, -367.164886475, 535.162414551, 87.2726516724, 90.8553161621, 88.5929412842, 280.969696045, 15.6359844208, 108.948036194, 0.107979148626], [-215.012588501, -84.4726486206, -332.768707275, 23.4172458649, -18.8909568787, 87.2726516724, 152.16418457, 16.3620967865, 73.7406616211, 47.4403190613, 64.6708908081, 12.051232338, 30.5526027679], [654.917358398, -344.292175293, -170.1822052, -14.3984556198, -70.3181610107, 90.8553161621, 16.3620967865, 117.976028442, 25.8024082184, 87.8871841431, -5.09050273895, 38.6655273438, -16.1746921539], [-171.859863281, -82.0016326904, -327.065338135, 19.6402626038, -66.0566482544, 88.5929412842, 73.7406616211, 25.8024082184, 131.958328247, 76.7396621704, 64.560295105, 19.5001029968, 31.9077281952], [1077.86791992, -790.117797852, -415.483703613, -15.6529684067, -238.741607666, 280.969696045, 47.4403190613, 87.8871841431, 76.7396621704, 269.231872559, 14.488196373, 83.5442123413, -29.7303295135], [-606.135681152, 162.343063354, -248.660293579, 54.3132781982, -14.558172226, 15.6359844208, 64.6708908081, -5.09050273895, 64.560295105, 14.488196373, 123.616600037, 1.77246975899, 51.7218742371], [507.463775635, -345.763397217, -154.583908081, -12.3286600113, -87.2222824097, 108.948036194, 12.051232338, 38.6655273438, 19.5001029968, 83.5442123413, 1.77246975899, 87.1028594971, -1.14834403992], [-458.992431641, 191.28364563, -126.720436096, 36.9856109619, 9.47128391266, 0.107979148626, 30.5526027679, -16.1746921539, 31.9077281952, -29.7303295135, 51.7218742371, -1.14834403992, 83.455078125]], "mean": [-116.766929626, 169.055725098, -91.6177597046, 7.73941469193, -31.0901622772, -10.47082901, -26.1607971191, 1.42653024197, -14.700835228, -5.96569490433, -5.20492982864, 1.86904895306, 0.286565214396], "icov": [[8.09375342214e-05, -0.000132338318508, 0.000232791266171, -0.000114243179269, -4.23166711698e-05, -0.000152584165335, 0.000229283134104, -0.000192174877157, 0.000363374419976, -0.000223267634283, 0.000641595106572, -0.000272609875537, 0.0004165416467], [-0.000132338318508, 0.00163530709688, -0.000401876342949, 0.000831408658996, -1.24078715089e-05, 0.00183710001875, 1.02208550743e-05, 0.00124828494154, -0.0013792795362, 0.00204328587279, -0.00278529408388, 0.00217774976045, -0.00220609363168], [0.000232791266171, -0.000401876342949, 0.00163128611166, -3.11741387122e-05, 3.70956295228e-05, 9.93142457446e-05, 0.00142437720206, -9.23186089494e-05, 0.001750001451, -0.000135075053549, 0.00254528992809, -0.000593710690737, 0.00184572360013], [-0.000114243179269, 0.000831408658996, -3.11741387122e-05, 0.00767590478063, 0.00133590295445, -0.000833472702652, 0.000536169041879, 0.000821321445983, -0.000235811516177, 0.0042011118494, -0.00483818398789, 0.0030399649404, -0.00154363282491], [-4.23166711698e-05, -1.24078715089e-05, 3.70956295228e-05, 0.00133590295445, 0.00479974132031, 0.00219123088755, -0.00179264415056, -0.000143176992424, 0.000311416195473, 0.00235737394542, 5.63688336115e-05, 0.000497836794239, 3.36093289661e-05], [-0.000152584165335, 0.00183710001875, 9.93142457446e-05, -0.000833472702652, 0.00219123088755, 0.00903094001114, -0.00223226519302, 0.0017952733906, -0.000722930475604, -0.00204435945489, 9.61599071161e-05, 0.000716387410648, -0.00412657065317], [0.000229283134104, 1.02208550743e-05, 0.00142437720206, 0.000536169041879, -0.00179264415056, -0.00223226519302, 0.0125673608854, -0.000366458116332, -0.00232889410108, 0.000695720082149, -0.0021431830246, 0.0006425990141, 0.0011725963559], [-0.000192174877157, 0.00124828494154, -9.23186089494e-05, 0.000821321445983, -0.000143176992424, 0.0017952733906, -0.000366458116332, 0.0130507014692, -0.00195914693177, -0.0011336497264, -0.00120166980196, -0.000562615052331, -0.000662569596898], [0.000363374419976, -0.0013792795362, 0.001750001451, -0.000235811516177, 0.000311416195473, -0.000722930475604, -0.00232889410108, -0.00195914693177, 0.0170608256012, -0.00542282266542, 0.000354542280547, -0.000741544587072, -0.000324577005813], [-0.000223267634283, 0.00204328587279, -0.000135075053549, 0.0042011118494, 0.00235737394542, -0.00204435945489, 0.000695720082149, -0.0011336497264, -0.00542282266542, 0.0174982044846, -0.00649539614096, -0.000298130558804, 0.00361089105718], [0.000641595106572, -0.00278529408388, 0.00254528992809, -0.00483818398789, 5.63688336115e-05, 9.61599071161e-05, -0.0021431830246, -0.00120166980196, 0.000354542280547, -0.00649539614096, 0.0243123881519, -0.00455469591543, -0.00111299054697], [-0.000272609875537, 0.