{"tonal": {"chords_number_rate": 0.00194889563136, "thpcp": [1, 0.52696865797, 0.120091274381, 0.0779137611389, 0.08178794384, 0.231016635895, 0.283311486244, 0.145948901772, 0.0602639056742, 0.0515111088753, 0.0998463630676, 0.36616820097, 0.59422314167, 0.397000879049, 0.248062521219, 0.284963548183, 0.183424130082, 0.0929485633969, 0.0886102020741, 0.116617284715, 0.335179358721, 0.530507624149, 0.296685725451, 0.0473146662116, 0.0317350625992, 0.0444306842983, 0.158259510994, 0.260361492634, 0.174622640014, 0.0759537965059, 0.0590175054967, 0.0917942151427, 0.236719787121, 0.283894121647, 0.261281907558, 0.687807917595], "hpcp": {"dvar": [0.0318708121777, 0.0249737687409, 0.0213533546776, 0.0226612593979, 0.0298322476447, 0.0281863044947, 0.0386563278735, 0.0228691305965, 0.00828178226948, 0.00609287759289, 0.00930475350469, 0.0158056803048, 0.0225404165685, 0.0227770283818, 0.0219740848988, 0.0172823425382, 0.017216835171, 0.0272945538163, 0.0383624508977, 0.0350135453045, 0.0450298860669, 0.0537380129099, 0.0366943888366, 0.0221871491522, 0.0167375225574, 0.0152628906071, 0.0251634642482, 0.026672096923, 0.0179858598858, 0.0116885881871, 0.0131168067455, 0.0187325123698, 0.0277411658317, 0.0375632606447, 0.035959109664, 0.024560963735], "mean": [0.121716879308, 0.0783462002873, 0.0397012494504, 0.0378481969237, 0.0498109012842, 0.143165618181, 0.226596459746, 0.126723781228, 0.0202095787972, 0.013555040583, 0.0189777389169, 0.067597605288, 0.111208565533, 0.0745868086815, 0.0324422493577, 0.0252082291991, 0.039208188653, 0.101110450923, 0.121260084212, 0.111601702869, 0.293784350157, 0.427131384611, 0.225084856153, 0.0512947514653, 0.0332794114947, 0.0349341966212, 0.098674453795, 0.121011227369, 0.0623393580317, 0.0257406048477, 0.0220020115376, 0.0426475144923, 0.15640193224, 0.253811359406, 0.169571533799, 0.105955287814], "min": [0, 0, 0, 0, 0, 0, 0, 0, 0, 0, 0, 0, 0, 0, 0, 0, 0, 0, 0, 0, 0, 0, 0, 0, 0, 0, 0, 0, 0, 0, 0, 0, 0, 0, 0, 0], "median": [0.00745512684807, 0.00583942327648, 0.00323656620458, 0.00228515546769, 0.00374589767307, 0.0390989780426, 0.0602807290852, 0.0300885401666, 0.00218007923104, 0.00112538808025, 0.00159410794731, 0.00513542257249, 0.00749351177365, 0.00637893099338, 0.00237016868778, 0.00139342225157, 0.00218400917947, 0.00714682787657, 0.010670975782, 0.0156506765634, 0.152379661798, 0.271274924278, 0.110384471714, 0.00576083827764, 0.00204308493994, 0.00255931168795, 0.0059692026116, 0.00869099795818, 0.00650636851788, 0.00194357917644, 0.00135494256392, 0.00307395122945, 0.0320109575987, 0.0624109581113, 0.0504943281412, 0.0197127722204], "dvar2": [0.0738979652524, 0.0626738592982, 0.0564397536218, 0.0614891499281, 0.0843949317932, 0.0701069012284, 0.0849982351065, 0.0554755479097, 0.0229671169072, 0.0165600739419, 0.0260658655316, 0.0406827516854, 0.0519424602389, 0.0596476644278, 0.0616620890796, 0.0483474135399, 0.047428291291, 0.0687768012285, 0.0912569612265, 0.0909220054746, 0.112840466201, 0.114763915539, 0.0910226032138, 0.0586197040975, 0.0469641126692, 0.0422908589244, 0.0612087547779, 0.0585436969995, 0.0447896309197, 0.0309540890157, 0.0372821502388, 0.0506375730038, 0.0661115720868, 0.0849011614919, 0.0889403745532, 0.0618330687284], "var": [0.0661046206951, 0.0311437863857, 0.0178533084691, 0.0166916269809, 0.0231754425913, 0.0496749319136, 0.104376167059, 0.0412357151508, 0.00622326740995, 0.00429726717994, 0.00613970682025, 0.0254174116999, 0.0617050044239, 0.0297737792134, 0.0146866999567, 0.0110916662961, 0.0137462113053, 0.0539314448833, 0.0678546875715, 0.0434737205505, 0.100759759545, 0.162095993757, 0.0628428831697, 0.0191034954041, 0.0119875371456, 0.013001027517, 0.0550057850778, 0.0732038319111, 0.0248797237873, 0.0100626964122, 0.0086747566238, 0.0173497851938, 0.0645905435085, 0.119541764259, 0.0612464733422, 0.0382630936801], "dmean2": [0.139951243997, 0.118662618101, 0.0888494849205, 0.0900320485234, 0.11415348947, 0.149181723595, 0.18083165586, 0.130101665854, 0.0468701459467, 0.0336812101305, 0.0476501435041, 0.082511164248, 0.100980490446, 0.104421399534, 0.0861230418086, 0.0707648023963, 0.084610581398, 0.116919331253, 0.148924961686, 0.180603668094, 0.243593156338, 0.253394275904, 0.220053210855, 0.110334210098, 0.079609490931, 0.07597617805, 0.10602235049, 0.105347126722, 0.0891993790865, 0.0558295547962, 0.059764187783, 0.0857801064849, 0.146991029382, 0.191294372082, 0.190419957042, 0.142218396068], "max": [1, 1, 1, 1, 1, 1, 1, 1, 1, 1, 1, 1, 1, 1, 1, 1, 1, 1, 1, 1, 1, 1, 1, 1, 1, 1, 1, 1, 1, 1, 1, 1, 1, 1, 1, 1], "dmean": [0.0818929597735, 0.0682650581002, 0.0494645908475, 0.0503633767366, 0.0634694993496, 0.0904379785061, 0.112234890461, 0.0796212479472, 0.0257153008133, 0.0186115764081, 0.0262206625193, 0.0491899475455, 0.061170373112, 0.0605554021895, 0.0464793108404, 0.0379769988358, 0.0468894094229, 0.0686210617423, 0.0865525901318, 0.105207286775, 0.146177351475, 0.157576918602, 0.134094417095, 0.061318282038, 0.0431935824454, 0.0419713109732, 0.0627282336354, 0.0631586015224, 0.0519273728132, 0.0309464000165, 0.0319918319583, 0.048514354974, 0.0877533107996, 0.116433411837, 0.115353196859, 0.0837992280722]}, "key_strength": 0.82166582346, "chords_strength": {"dvar": 5.39203683729e-05, "mean": 0.541199445724, "min": 0.2531452775, "median": 0.535951375961, "dvar2": 5.25079631188e-05, "var": 0.00980577804148, "dmean2": 0.00730384886265, "max": 0.832005620003, "dmean": 0.00856892950833}, "tuning_equal_tempered_deviation": 0.0229361876845, "chords_key": "E", "tuning_frequency": 440.508575439, "chords_scale": "major", "chords_changes_rate": 0.0430922470987, "key_scale": "major", "tuning_diatonic_strength": 0.623544514179, "hpcp_entropy": {"dvar": 0.330242723227, "mean": 1.23824524879, "min": 0, "median": 1.16580379009, "dvar2": 0.776054739952, "var": 0.700517058372, "dmean2": 0.954159736633, "max": 4.31155395508, "dmean": 0.568768799305}, "chords_histogram": [49.1121711731, 5.13209199905, 2.03551316261, 0.99610221386, 0.108271978796, 0, 0, 0, 0.346470326185, 0.194889560342, 0.49805110693, 0, 0, 0, 0, 0.887830257416, 0, 2.55521869659, 0, 1.47249889374, 1.3209182024, 4.41749668121, 13.5556516647, 17.3668251038], "tuning_nontempered_energy_ratio": 0.652712464333, "key_key": "E"}, "metadata": {"version": {"extractor": "music 1.0", "essentia_build_sha": "70f2e5ece6736b2c40cc944ad0e695b16b925413", "essentia": "2.1-beta2", "essentia_git_sha": "v2.1_beta2"}, "audio_properties": {"sample_rate": 44100, "length": 214.386932373, "lossless": false, "analysis_sample_rate": 44100, "downmix": "mix", "bit_rate": 320039, "equal_loudness": 0, "md5_encoded": "754ca7bb4288c9016664ca51086f4453", "codec": "mp3", "replay_gain": -14.3318538666}, "tags": {"musicbrainz_recordingid": ["97795a3c-8a0b-43fc-9ec9-ce48e3999b0b"], "file_name": "2074743.mp3", "title": ["That Year"], "albumartist": ["Brandi Carlile"], "album": ["Give Up The Ghost"]}}, "lowlevel": {"melbands": {"dvar": [7.30225451662e-07, 4.4584578518e-07, 1.10912303342e-07, 2.40434104626e-07, 1.33170701133e-07, 5.73483816879e-07, 7.00194505043e-07, 9.99107001576e-08, 2.31035564013e-08, 9.47085680991e-08, 1.08858863257e-07, 6.96993964766e-08, 2.80300049837e-08, 5.19247844721e-09, 3.49173356895e-09, 1.029635599e-09, 8.44760095209e-10, 1.00086960941e-09, 4.15462997339e-10, 1.44805778479e-10, 1.85320619961e-10, 2.60409555031e-10, 3.13125254892e-11, 1.23032709021e-10, 1.10660092201e-10, 1.37098605038e-11, 2.07415803283e-11, 1.24246368402e-11, 2.71547402619e-11, 1.79029499559e-11, 6.78611116953e-12, 4.44322139845e-12, 2.17913122443e-12, 1.13525128968e-12, 4.64193950205e-13, 2.61516773948e-13, 3.28732239997e-13, 5.33811655903e-13, 3.26687109439e-13, 1.74009542669e-13], "mean": [0.000160349853104, 0.000207522141864, 0.000330317619955, 0.000280730426311, 0.000489982892759, 0.00082916818792, 0.000685702776536, 0.000254276674241, 8.27271796879e-05, 0.000242285226705, 0.000282945751678, 0.000194281776203, 0.000117159361253, 3.69321096514e-05, 3.85494167858e-05, 1.81215855264e-05, 1.79512589966e-05, 1.88944904949e-05, 9.88199099083e-06, 5.38267840966e-06, 3.36088874064e-06, 3.65177402273e-06, 3.00783585772e-06, 6.26508108326e-06, 4.19915477323e-06, 2.03492504625e-06, 1.56112037075e-06, 1.84495854683e-06, 1.8168598217e-06, 1.33977016503e-06, 8.98335258626e-07, 7.92656180693e-07, 5.84315046126e-07, 4.33700392932e-07, 3.12261335011e-07, 2.82852937517e-07, 2.51615745128e-07, 2.22555740947e-07, 1.79598487193e-07, 1.54362979288e-07], "min": [7.54402356476e-24, 3.12755442966e-24, 1.80790605833e-23, 9.75684782366e-24, 2.15461993195e-24, 5.8472468665e-24, 8.12144134839e-24, 7.82726407278e-24, 6.5270895612e-24, 4.25200958295e-24, 5.81765906053e-24, 5.93338179988e-24, 7.17401072375e-24, 1.09620868696e-23, 1.15547580677e-23, 1.30786472211e-23, 8.41962367081e-24, 1.32047064049e-23, 1.0527082934e-23, 2.24208815859e-23, 1.95604451223e-23, 1.06776196829e-23, 1.32088881566e-23, 2.01170985092e-23, 1.3383156208e-23, 1.24104197144e-23, 1.23462561349e-23, 9.19049144765e-24, 8.68044948507e-24, 1.10965971203e-23, 8.89308930866e-24, 8.05248070577e-24, 1.24595965143e-23, 1.02990090469e-23, 8.18009867872e-24, 8.78310711011e-24, 8.32073443432e-24, 1.20512197898e-23, 1.21266348923e-23, 1.15055576019e-23], "median": [1.42921253428e-05, 4.98262306792e-05, 0.000124817655887, 9.5987750683e-05, 0.000192986510228, 0.00027681956999, 0.000103257967567, 2.40268273046e-05, 7.65203913033e-06, 1.01035757325e-05, 5.53248628421e-06, 1.00667348306e-05, 5.6854973991e-06, 1.49144716488e-06, 5.21813853993e-06, 2.99905559586e-06, 1.32236652917e-06, 1.24968562432e-06, 8.82529207047e-07, 8.42629447106e-07, 4.84456904815e-07, 6.16298677869e-07, 5.48418711332e-07, 4.998111649e-07, 4.95017559388e-07, 3.62166900914e-07, 2.76301534541e-07, 2.28965419069e-07, 2.20282743157e-07, 1.42918167967e-07, 8.18917413881e-08, 5.5334499649e-08, 3.34899148413e-08, 3.08397964943e-08, 3.47870638961e-08, 3.78079576535e-08, 2.98933215959e-08, 2.17833679983e-08, 1.67795359829e-08, 1.61044582114e-08], "dvar2": [2.19920093514e-06, 1.24238420085e-06, 2.44542974315e-07, 5.76166826249e-07, 2.51945351692e-07, 1.10086307359e-06, 1.44850537254e-06, 1.56121615191e-07, 4.40715801631e-08, 1.52177420887e-07, 1.63985973245e-07, 9.9083010241e-08, 4.78140158577e-08, 7.63690355399e-09, 5.48705703096e-09, 1.91772397962e-09, 1.59263957578e-09, 1.62457847175e-09, 7.92504728508e-10, 2.86283219353e-10, 3.72116643055e-10, 6.78943012922e-10, 6.63035945592e-11, 2.70817979153e-10, 2.71704270194e-10, 2.742500671e-11, 4.48700764044e-11, 2.68617905697e-11, 6.18776072048e-11, 3.89174491244e-11, 1.54286462078e-11, 9.53280163141e-12, 4.24819250958e-12, 2.33430419092e-12, 9.1418420143e-13, 4.68468742531e-13, 5.95390165122e-13, 1.09145570186e-12, 6.43472417277e-13, 3.36125468821e-13], "var": [4.61560347276e-07, 3.41615503885e-07, 3.5410053556e-07, 3.76801096991e-07, 7.88374620697e-07, 2.27099576477e-06, 2.79620280708e-06, 1.05779940895e-06, 8.29759443377e-08, 5.90072204432e-07, 8.5044524667e-07, 5.00458895658e-07, 1.88517944366e-07, 3.75329634039e-08, 2.18797922003e-08, 3.00240099449e-09, 3.66955998921e-09, 4.57494486739e-09, 1.58813129314e-09, 4.6704623502e-10, 3.21030202421e-10, 3.36039196469e-10, 8.48132189479e-11, 3.52040646634e-10, 1.61727228831e-10, 3.18493079132e-11, 4.22435454672e-11, 3.02281845388e-11, 4.74908411208e-11, 3.63970346917e-11, 1.12229244995e-11, 8.46797805487e-12, 4.91711532602e-12, 2.25537687484e-12, 9.52626649439e-13, 6.79717404323e-13, 8.22165252545e-13, 1.00798145872e-12, 6.525168318e-13, 3.86287166533e-13], "dmean2": [0.000388402171666, 0.000321767904097, 0.000232082922594, 0.000277409504633, 0.000248995551374, 0.000404880702263, 0.000353246141458, 9.20846869121e-05, 4.76022469229e-05, 0.000105946099211, 0.000115537790407, 8.64972898853e-05, 6.5076550527e-05, 1.81654449989e-05, 2.14809642785e-05, 1.19819032989e-05, 1.02808080555e-05, 1.10969049274e-05, 6.44773808745e-06, 4.11586870541e-06, 2.84668749373e-06, 2.93082644021e-06, 2.1996149826e-06, 4.28525163443e-06, 3.55808151653e-06, 1.49201230215e-06, 1.33493222165e-06, 1.56206363044e-06, 1.77237382104e-06, 1.41769908168e-06, 9.92555783341e-07, 8.90513945251e-07, 6.28331349617e-07, 4.82843518057e-07, 3.14626447562e-07, 2.54764842111e-07, 2.21407844947e-07, 2.08733652585e-07, 1.62110708857e-07, 1.31025373662e-07], "max": [0.00992651749402, 0.0133820371702, 0.00814164243639, 0.0141718322411, 0.0105264065787, 0.0228956453502, 0.0263541992754, 0.0159495379776, 0.00566303310916, 0.00840174406767, 0.0105718402192, 0.0109148360789, 0.00833391305059, 0.00463848235086, 0.00250936788507, 0.00120657531079, 0.00178199040238, 0.00183812784962, 0.00101111701224, 0.000628967944067, 0.000709873507731, 0.00109933526255, 0.00024918888812, 0.000347828841768, 0.000443171680672, 0.000155033005285, 0.000325754896039, 0.000129776832182, 0.000219601381104, 0.000183413765626, 8.79455692484e-05, 6.07619258517e-05, 5.27273332409e-05, 5.40910768905e-05, 2.43368540396e-05, 1.84813270607e-05, 1.823992352e-05, 2.99233724945e-05, 1.9023047571e-05, 1.36367052619e-05], "dmean": [0.000205857446417, 0.00018971299869, 0.000155579386046, 0.000176449393621, 0.000173869877472, 0.000291878503049, 0.00024568659137, 7.21654214431e-05, 3.50669324689e-05, 8.32442674437e-05, 9.11352035473e-05, 6.86659841449e-05, 4.85114505864e-05, 1.40623906191e-05, 1.57715185196e-05, 8.57267787069e-06, 7.33482102078e-06, 8.10190340417e-06, 4.74061880595e-06, 2.89932995656e-06, 1.95259644897e-06, 2.00630984182e-06, 1.49495588175e-06, 3.03506021737e-06, 2.423540991e-06, 1.06420679913e-06, 9.21619289329e-07, 1.08278084099e-06, 1.197393658e-06, 9.53577057317e-07, 6.78331616655e-07, 6.27500696737e-07, 4.5139137228e-07, 3.41174740015e-07, 2.25124693998e-07, 1.81940791322e-07, 1.60976085795e-07, 1.51300383777e-07, 1.1891498275e-07, 9.34045303325e-08]}, "spectral_decrease": {"dvar": 3.4064232339e-18, "mean": -4.08734157631e-09, "min": -3.04209457624e-08, "median": -2.18644791161e-09, "dvar2": 7.13205960209e-18, "var": 1.97913929968e-17, "dmean2": 1.57757684693e-09, "max": 2.48525284131e-20, "dmean": 1.083413248e-09}, "spectral_rolloff": {"dvar": 519093.125, "mean": 809.428039551, "min": 43.06640625, "median": 495.263671875, "dvar2": 1010210.625, "var": 1086915.75, "dmean2": 375.427612305, "max": 18841.5527344, "dmean": 222.146652222}, "melbands_crest": {"dvar": 7.57058668137, "mean": 16.756521225, "min": 2.1679816246, "median": 15.7526569366, "dvar2": 18.3664836884, "var": 33.5275535583, "dmean2": 4.30720043182, "max": 37.1058769226, "dmean": 2.77600359917}, "barkbands_skewness": {"dvar": 0.619350612164, "mean": 2.38154911995, "min": -3.72708797455, "median": 2.12227201462, "dvar2": 1.40143275261, "var": 3.12732887268, "dmean2": 1.03087902069, "max": 14.6942434311, "dmean": 0.684571027756}, "spectral_centroid": {"dvar": 84881.328125, "mean": 736.014770508, "min": 160.454391479, "median": 592.743774414, "dvar2": 149077.109375, "var": 281795.53125, "dmean2": 209.229904175, "max": 10958.8007812, "dmean": 147.57975769}, "spectral_energyband_middle_low": {"dvar": 3.20562903653e-05, "mean": 0.0116170663387, "min": 2.23817231616e-22, "median": 0.00622302060947, "dvar2": 6.23492378509e-05, "var": 0.000186433491763, "dmean2": 0.00447119632736, "max": 0.114865161479, "dmean": 0.00317441066727}, "erbbands_crest": {"dvar": 6.5754237175, "mean": 14.3102617264, "min": 2.1268222332, "median": 13.0891389847, "dvar2": 14.9607753754, "var": 38.0459938049, "dmean2": 3.69147181511, "max": 33.140045166, "dmean": 2.47356820107}, "dynamic_complexity": 5.61852169037, "spectral_energyband_low": {"dvar": 1.43944507727e-05, "mean": 0.00146064418368, "min": 5.4290265778e-23, "median": 0.000495703716297, "dvar2": 4.1067989514e-05, "var": 1.20449349197e-05, "dmean2": 0.00190241646487, "max": 0.065955683589, "dmean": 0.00110222992953}, "silence_rate_60dB": {"dvar": 0.0575426742435, "mean": 0.199263587594, "min": 0, "median": 0, "dvar2": 0.121002346277, "var": 0.159571871161, "dmean2": 0.12261698395, "max": 1, "dmean": 0.0613018535078}, "erbbands_kurtosis": {"dvar": 33.7713050842, "mean": 5.63154792786, "min": -1.91269171238, "median": 2.4689309597, "dvar2": 72.4571151733, "var": 131.874710083, "dmean2": 4.0847492218, "max": 232.947525024, "dmean": 2.73289513588}, "spectral_complexity": {"dvar": 3.03299856186, "mean": 8.0451593399, "min": 0, "median": 7, "dvar2": 6.09889364243, "var": 25.7952766418, "dmean2": 2.1046359539, "max": 40, "dmean": 1.34539151192}, "barkbands_crest": {"dvar": 6.03104877472, "mean": 14.068441391, "min": 2.92764663696, "median": 13.5764904022, "dvar2": 14.8997173309, "var": 24.7493362427, "dmean2": 3.80722546577, "max": 26.4238395691, "dmean": 2.45078015327}, "spectral_energy": {"dvar": 5.26522526343e-05, "mean": 0.0163630098104, "min": 1.1114703914e-20, "median": 0.00871515274048, "dvar2": 0.000108716740215, "var": 0.000320132792694, "dmean2": 0.00619650166482, "max": 0.120177082717, "dmean": 0.00427751615644}, "spectral_spread": {"dvar": 614805733376, "mean": 3772522.5, "min": 822820.9375, "median": 3441560, "dvar2": 965708808192, "var": 2513019338750.0, "dmean2": 883440.5625, "max": 40104964, "dmean": 650610.8125}, "spectral_contrast_valleys": {"dvar": [0.192719101906, 0.129390433431, 0.13733240962, 0.134844511747, 0.175507709384, 0.205203384161], "mean": [-8.61143302917, -7.87847471237, -8.65742301941, -9.20709514618, -9.08515071869, -11.5202693939], "min": [-27.6288967133, -27.6560611725, -26.8483924866, -27.3341178894, -27.2534389496, -27.2240619659], "median": [-8.50828742981, -7.8147521019, -8.54291248322, -9.09933853149, -8.89748954773, -11.4160528183], "dvar2": [0.415281176567, 0.269468814135, 0.269995421171, 0.241863757372, 0.282594799995, 0.308108836412], "var": [1.17912936211, 0.874169170856, 1.44174909592, 1.17199623585, 1.43855273724, 1.61878371239], "dmean2": [0.74366569519, 0.549243509769, 0.539200901985, 0.504121005535, 0.502074658871, 0.527013540268], "max": [-5.53307628632, -4.7852396965, -5.21072292328, -6.28282785416, -6.14116716385, -7.98319911957], "dmean": [0.460046231747, 0.345756858587, 0.342985540628, 0.342425316572, 0.393353044987, 0.440191864967]}, "spectral_rms": {"dvar": 5.06492540353e-07, "mean": 0.00344868772663, "min": 3.2929642086e-12, "median": 0.00291591975838, "dvar2": 1.01412649656e-06, "var": 4.0705012907e-06, "dmean2": 0.000724383920897, "max": 0.0108280163258, "dmean": 0.000507071439642}, "barkbands_spread": {"dvar": 38.123878479, "mean": 9.1951007843, "min": 0.112904503942, "median": 6.11319255829, "dvar2": 74.5232772827, "var": 107.381362915, "dmean2": 4.713534832, "max": 114.51512146, "dmean": 3.24858045578}, "pitch_salience": {"dvar": 0.00415466167033, "mean": 0.509250342846, "min": 0.0298642516136, "median": 0.520951747894, "dvar2": 0.0100506590679, "var": 0.019502080977, "dmean2": 0.0974412634969, "max": 0.932420969009, "dmean": 0.0627323240042}, "erbbands_skewness": {"dvar": 0.307937115431, "mean": 1.51779663563, "min": -4.49964332581, "median": 1.33659553528, "dvar2": 0.593496739864, "var": 1.93622016907, "dmean2": 0.665400385857, "max": 12.1548500061, "dmean": 0.467436611652}, "spectral_energyband_middle_high": {"dvar": 7.02403758623e-06, "mean": 0.00366804422811, "min": 1.97320865509e-21, "median": 0.000536300707608, "dvar2": 1.07587884486e-05, "var": 6.94227492204e-05, "dmean2": 0.00126943050418, "max": 0.0748647451401, "dmean": 0.000998951029032}, "erbbands": {"dvar": [0.00793248508126, 0.501715302467, 1.1384292841, 3.30843949318, 15.9670648575, 77.6721343994, 147.201705933, 1290.34057617, 3556.44604492, 1209.39245605, 179.209350586, 1798.28308105, 3940.28149414, 3452.12719727, 1182.74499512, 315.840270996, 371.497924805, 219.602905273, 239.512908936, 100.440986633, 86.9045715332, 131.702514648, 63.2709503174, 131.578765869, 26.7833576202, 23.2877063751, 58.0584373474, 17.5313625336, 9.80897140503, 4.02708482742, 1.1303999424, 0.728548049927, 0.886457920074, 0.262315988541, 0.0404220931232, 0.00499834027141, 0.000628706649877, 1.09551601781e-05, 1.12882567294e-07, 3.59885954371e-10], "mean": [0.0168798435479, 0.130266666412, 0.43497338891, 1.7466943264, 2.82796263695, 5.17671918869, 15.3724737167, 35.9875717163, 47.1020927429, 30.1720466614, 8.13700866699, 35.0246276855, 54.3454971313, 44.3241996765, 26.9837970734, 13.7407255173, 11.6235113144, 9.34598255157, 10.1283330917, 5.93717050552, 3.12870597839, 3.48575401306, 5.25858306885, 5.33339738846, 2.44441175461, 2.67720961571, 2.77103424072, 1.73507273197, 1.31377315521, 0.868406951427, 0.545802354813, 0.433789104223, 0.308162897825, 0.188212305307, 0.0823734775186, 0.0205049924552, 0.00596248311922, 0.00106268341187, 0.00014169451606, 2.67053728749e-05], "min": [9.9247153417e-22, 1.20156950482e-21, 9.46699325338e-21, 7.86437960729e-20, 1.77250872447e-19, 9.27985301019e-20, 5.25680840225e-20, 2.63446737039e-19, 6.19477370199e-19, 7.34042040134e-19, 7.25572020854e-19, 7.65917548436e-19, 1.14529090829e-18, 1.49219649852e-18, 2.4096993403e-18, 4.10821360535e-18, 6.07838039421e-18, 5.13351969104e-18, 8.7879651734e-18, 1.11550367948e-17, 1.85983272383e-17, 1.19434830208e-17, 1.83891878553e-17, 1.7490965663e-17, 1.67925704544e-17, 1.4756650665e-17, 1.61365798327e-17, 1.60178843779e-17, 1.6025565577e-17, 1.99613074752e-17, 1.50864608102e-17, 1.39588084945e-17, 1.66296291086e-17, 1.42590287347e-17, 8.30467497435e-18, 5.30263428574e-18, 3.40116898265e-18, 1.37347653848e-18, 4.28744875484e-19, 3.73195037998e-20], "median": [0.00126591976732, 0.0152363367379, 0.13505589962, 0.639181256294, 0.960326850414, 1.57135498524, 5.63203334808, 11.8645038605, 7.0965294838, 4.0138130188, 1.54045116901, 2.1470990181, 1.76024794579, 2.75669288635, 1.61259555817, 1.4184743166, 2.24766016006, 0.960665524006, 0.872124254704, 0.898537755013, 0.542171001434, 0.664184272289, 0.616756439209, 0.667560577393, 0.488069921732, 0.39318177104, 0.36381572485, 0.193357244134, 0.097269654274, 0.0629185587168, 0.0650815218687, 0.0549985617399, 0.033074054867, 0.0204807370901, 0.00913536176085, 0.00211979006417, 0.000633493531495, 0.000131263921503, 2.39933724515e-05, 1.32701061375e-05], "dvar2": [0.0245765000582, 1.44930291176, 3.16556572914, 7.12856006622, 39.0359916687, 189.872314453, 265.087646484, 2491.97973633, 7353.62841797, 1941.80175781, 356.389984131, 3013.88549805, 5896.49560547, 4687.2265625, 2094.71850586, 484.982879639, 639.157470703, 407.891082764, 392.957702637, 186.456634521, 174.89201355, 316.773681641, 131.526473999, 321.483398438, 61.1388702393, 46.8904571533, 119.750595093, 35.0897102356, 18.6900005341, 7.76816797256, 1.9934527874, 1.24458646774, 1.70820593834, 0.500533103943, 0.0808607637882, 0.0126671167091, 0.00163726136088, 2.6516865546e-05, 2.37552271187e-07, 7.53364370887e-10], "var": [0.00489702820778, 0.324002832174, 0.975805401802, 10.5461835861, 32.4109382629, 137.828491211, 886.9765625, 4709.31640625, 13346.3574219, 12729.2353516, 532.793701172, 10170.515625, 30505.34375, 26113.0683594, 7497.40087891, 3033.59790039, 1130.12329102, 907.106445312, 1052.44885254, 363.352416992, 164.598190308, 207.078857422, 245.116012573, 211.577438354, 55.419128418, 62.1598243713, 121.240699768, 39.379535675, 22.5991382599, 9.10213661194, 2.73975372314, 1.99179899693, 1.80793619156, 0.585334479809, 0.0911166593432, 0.00576222548261, 0.000572990509681, 1.50610767378e-05, 2.21017899094e-07, 1.15319320759e-09], "dmean2": [0.0440450683236, 0.294430375099, 0.570776283741, 1.18846035004, 2.52436828613, 4.93309593201, 7.66501808167, 18.3018054962, 24.7444801331, 10.9698209763, 4.37095594406, 15.3443336487, 21.7556819916, 19.1354961395, 14.3091402054, 6.24550580978, 7.02435016632, 5.11286115646, 5.78223371506, 3.83908295631, 2.29895424843, 2.52717971802, 3.14209604263, 4.0229511261, 1.70636129379, 2.11924767494, 2.59714365005, 1.70805048943, 1.36378967762, 0.909202873707, 0.505392253399, 0.364114791155, 0.271056354046, 0.154575511813, 0.0718263089657, 0.0270903855562, 0.00902752857655, 0.00127863383386, 0.000134817062644, 1.24783073261e-05], "max": [0.990864157677, 9.24273872375, 26.9357795715, 47.2558822632, 87.4052429199, 213.570114136, 377.574493408, 1138.84375, 1736.1048584, 1633.93115234, 451.410583496, 1190.39929199, 2032.31542969, 2443.70581055, 1486.22619629, 987.938781738, 998.986999512, 930.870910645, 831.178527832, 389.033905029, 443.452850342, 816.374450684, 276.003448486, 512.661010742, 343.572357178, 211.101791382, 384.122955322, 124.533859253, 95.3284683228, 88.8394241333, 40.3672790527, 26.8315296173, 38.2664108276, 18.0765190125, 7.13691568375, 1.4173322916, 0.328820466995, 0.0861491858959, 0.0109877437353, 0.000496297550853], "dmean": [0.0230404231697, 0.162254095078, 0.344069838524, 0.806641161442, 1.63220632076, 3.11022782326, 5.43816137314, 13.1287908554, 17.2058792114, 8.45415401459, 3.26127886772, 11.983338356, 17.3180065155, 15.3369417191, 10.7116603851, 4.71104049683, 5.07815265656, 3.66682934761, 4.21535158157, 2.80516767502, 1.61328792572, 1.75861513615, 2.25139641762, 2.75330877304, 1.22031724453, 1.49515330791, 1.79276752472, 1.20343089104, 0.993287265301, 0.661133885384, 0.372056365013, 0.266217172146, 0.201522111893, 0.11304461956, 0.0507159456611, 0.0174879711121, 0.00562620069832, 0.00084012595471, 9.42659098655e-05, 8.86210000317e-06]}, "dissonance": {"dvar": 0.000909864145797, "mean": 0.40871566534, "min": 0.180647313595, "median": 0.415355145931, "dvar2": 0.00240024365485, "var": 0.00279807997867, "dmean2": 0.0494659431279, "max": 0.499851495028, "dmean": 0.0302588045597}, "erbbands_flatness_db": {"dvar": 0.000641366874333, "mean": 0.228657603264, "min": 0.0365680940449, "median": 0.231113523245, "dvar2": 0.001159408479, "var": 0.00441260449588, "dmean2": 0.0322444960475, "max": 0.449933886528, "dmean": 0.0242398697883}, "melbands_kurtosis": {"dvar": 310.912506104, "mean": 22.3833999634, "min": -1.90094065666, "median": 12.8658275604, "dvar2": 708.268920898, "var": 970.848815918, "dmean2": 15.4105606079, "max": 434.043792725, "dmean": 9.9847574234}, "melbands_spread": {"dvar": 84.337562561, "mean": 10.5126476288, "min": 0.162397757173, "median": 7.05541801453, "dvar2": 150.435028076, "var": 231.816390991, "dmean2": 5.2120513916, "max": 220.953842163, "dmean": 3.53286266327}, "melbands_skewness": {"dvar": 0.900259494781, "mean": 2.75172019005, "min": -2.86494016647, "median": 2.43064403534, "dvar2": 2.04309248924, "var": 3.87163448334, "dmean2": 1.21214926243, "max": 17.080947876, "dmean": 0.806823313236}, "spectral_entropy": {"dvar": 0.0920888110995, "mean": 6.61679887772, "min": 3.26346492767, "median": 6.56650543213, "dvar2": 0.159107238054, "var": 0.58068549633, "dmean2": 0.377337872982, "max": 9.80711078644, "dmean": 0.287450522184}, "zerocrossingrate": {"dvar": 0.000161562653375, "mean": 0.03671579808, "min": 0.00537109375, "median": 0.029296875, "dvar2": 0.000161191288498, "var": 0.000882121035829, "dmean2": 0.00808509532362, "max": 0.5009765625, "dmean": 0.00718661351129}, "average_loudness": 0.628298699856, "spectral_contrast_coeffs": {"dvar": [0.001761442516, 0.001517149969, 0.00110118859448, 0.00065602210816, 0.000453150743851, 0.000305480731186], "mean": [-0.614579916, -0.592387974262, -0.712361097336, -0.754600822926, -0.790465414524, -0.79477918148], "min": [-0.947836220264, -0.969245195389, -0.967013716698, -0.961990118027, -0.960137546062, -0.959297657013], "median": [-0.613366186619, -0.586879134178, -0.728165030479, -0.760669887066, -0.800807833672, -0.792569220066], "dvar2": [0.00442255567759, 0.00337152928114, 0.00219964096323, 0.00142952927854, 0.000898137339391, 0.000601279374678], "var": [0.00868734810501, 0.0115713356063, 0.0104702729732, 0.00512492377311, 0.0033972223755, 0.00166561978403], "dmean2": [0.0777055025101, 0.0633686259389, 0.0546555891633, 0.0450536832213, 0.0350148715079, 0.0271681379527], "max": [-0.258795559406, -0.305394351482, -0.387483626604, -0.481174558401, -0.56702786684, -0.653440594673], "dmean": [0.0475279465318, 0.040631044656, 0.035637833178, 0.0297615956515, 0.0235808379948, 0.0185048431158]}, "barkbands_flatness_db": {"dvar": 0.000688174273819, "mean": 0.216893464327, "min": 0.0306542608887, "median": 0.213820695877, "dvar2": 0.00135052017868, "var": 0.00510133756325, "dmean2": 0.0360290966928, "max": 0.533904731274, "dmean": 0.025831034407}, "silence_rate_30dB": {"dvar": 0.000433074514149, "mean": 0.999566793442, "min": 0, "median": 1, "dvar2": 0.000865916197654, "var": 0.000433027627878, "dmean2": 0.000866551126819, "max": 1, "dmean": 0.000433228648035}, "spectral_energyband_high": {"dvar": 9.22327458852e-08, "mean": 0.00018313745386, "min": 7.9439356414e-21, "median": 2.68772018899e-05, "dvar2": 1.46462397765e-07, "var": 2.98584609482e-07, "dmean2": 0.000139363546623, "max": 0.00904031656682, "dmean": 0.000105919505586}, "melbands_flatness_db": {"dvar": 0.0009755215724, "mean": 0.293802857399, "min": 0.00673698168248, "median": 0.290200293064, "dvar2": 0.00189660349861, "var": 0.0071418909356, "dmean2": 0.04101049155, "max": 0.671978890896, "dmean": 0.0303081460297}, "barkbands": {"dvar": [1.29797417259e-08, 9.93415414996e-06, 7.78004846325e-07, 7.42760278172e-07, 3.91332514482e-06, 1.18969810501e-05, 1.36324724735e-05, 4.78694232697e-07, 5.6958915593e-06, 5.07705499331e-06, 1.9265296487e-06, 3.44237889749e-07, 1.83279581734e-07, 1.30245595642e-07, 5.67908244875e-08, 3.00532825293e-08, 3.37966064023e-08, 3.73069077853e-08, 1.99813019464e-08, 1.08412931965e-08, 2.06647055023e-08, 6.71538247232e-09, 1.64381575019e-09, 2.23201346294e-09, 1.24480337149e-09, 2.03861524883e-10, 3.38027327483e-12], "mean": [7.91981947259e-05, 0.000579071813263, 0.000396061281208, 0.000812613987364, 0.00124269991647, 0.00389885576442, 0.00332527095452, 0.000245768256718, 0.00184571568388, 0.00160551606677, 0.000854850979522, 0.000385509250918, 0.000224887771765, 0.000235290033743, 0.000132396715344, 6.29152200418e-05, 5.95963902015e-05, 0.000101961915789, 7.04266349203e-05, 5.53682657483e-05, 5.55157239432e-05, 3.52657698386e-05, 2.0295046852e-05, 1.97198369278e-05, 1.39443754961e-05, 3.56222585651e-06, 7.71304030422e-07], "min": [2.16899798691e-23, 1.38746118188e-23, 7.44100779687e-24, 4.71373326288e-23, 3.58318482962e-23, 1.63836801689e-23, 4.05151293194e-23, 3.89813060406e-23, 3.26887866361e-23, 3.98240587674e-23, 4.4799663243e-23, 1.00569958297e-22, 1.29817777841e-22, 8.10497024823e-23, 1.77467500871e-22, 3.63185653773e-22, 1.91669483654e-22, 3.47609475293e-22, 3.31201698579e-22, 3.34953394826e-22, 4.07103168576e-22, 5.04988816228e-22, 5.76237319549e-22, 7.83029695897e-22, 1.2594185304e-21, 1.66239725648e-21, 2.68281006721e-21], "median": [9.3222479336e-06, 5.64751098864e-05, 0.000122307246784, 0.000235678235185, 0.000401372788474, 0.00124612660147, 0.000511556863785, 2.85353053187e-05, 7.14695997885e-05, 4.24716417911e-05, 3.81586287403e-05, 1.90100145119e-05, 3.8951930037e-05, 1.72553100128e-05, 1.21103312267e-05, 1.00952456705e-05, 1.16731707749e-05, 9.48208980844e-06, 1.04487762655e-05, 8.16321153252e-06, 6.49413823339e-06, 2.49249251283e-06, 2.28951466852e-06, 2.3503112061e-06, 1.56723785949e-06, 3.81960660434e-07, 1.05226490632e-07], "dvar2": [3.39988197595e-08, 2.92764434562e-05, 2.18978607336e-06, 1.49904121827e-06, 9.47162243392e-06, 2.21664195124e-05, 2.78758507193e-05, 8.84473081442e-07, 9.24180949369e-06, 7.7135682659e-06, 2.97290898743e-06, 5.16425927799e-07, 3.21486396615e-07, 2.29140539432e-07, 1.00320178831e-07, 5.79712491344e-08, 8.09721072415e-08, 8.58181579133e-08, 4.46588899194e-08, 2.14576569846e-08, 3.95558075184e-08, 1.27782557868e-08, 2.91406765385e-09, 3.86579168676e-09, 2.36789188257e-09, 5.29728205745e-10, 6.93994904946e-12], "var": [2.9617648778e-08, 6.35817968941e-06, 7.02360068772e-07, 2.72386182587e-06, 6.91557443133e-06, 5.45035472896e-05, 6.89775188221e-05, 1.44620980791e-06, 3.51837443304e-05, 3.51533853973e-05, 1.28275387397e-05, 2.92035861094e-06, 4.8701048172e-07, 6.86333464728e-07, 2.36927817809e-07, 7.24532611684e-08, 5.65318671875e-08, 9.2407802299e-08, 4.01040303188e-08, 2.84159007435e-08, 4.98338792454e-08, 1.58077995138e-08, 3.96044130824e-09, 5.53186030317e-09, 2.89110579921e-09, 1.95360033706e-10, 6.97075296791e-12], "dmean2": [8.63308596308e-05, 0.00136646768078, 0.000498867768329, 0.000566967064515, 0.00117007445078, 0.00193513534032, 0.00154783204198, 0.000168618906173, 0.000816647778265, 0.00073250598507, 0.000490832549985, 0.000181232433533, 0.000156401452841, 0.000134883535793, 8.6356754764e-05, 5.04440286022e-05, 4.68947619083e-05, 7.00050077285e-05, 5.52453529963e-05, 4.56558409496e-05, 5.30525139766e-05, 3.61285892723e-05, 1.97003446374e-05, 1.63546319527e-05, 1.13132919068e-05, 5.22627851751e-06, 7.40597727145e-07], "max": [0.0019336338155, 0.0382438227534, 0.0245485790074, 0.0245768949389, 0.0502800866961, 0.0959294140339, 0.112465530634, 0.0342277139425, 0.0633540377021, 0.0711424872279, 0.0680135041475, 0.0326667614281, 0.0207646358758, 0.016151856631, 0.010293035768, 0.00735502922907, 0.0130144227296, 0.00841445289552, 0.00483992137015, 0.00541683705524, 0.00655027944595, 0.00222629122436, 0.0018275801558, 0.00179136113729, 0.00116462132428, 0.000197691275389, 5.79660299991e-05], "dmean": [4.96415777889e-05, 0.000737138558179, 0.000300127547234, 0.000385397986975, 0.000748921302147, 0.00138900394086, 0.00108516740147, 0.000122553974506, 0.00063038431108, 0.000571164127905, 0.00036184117198, 0.000137345676194, 0.000111842535262, 9.6271505754e-05, 6.27945119049e-05, 3.56092532456e-05, 3.19973587466e-05, 4.91367281938e-05, 3.82877260563e-05, 3.20166582242e-05, 3.72516806237e-05, 2.63866204477e-05, 1.43948327604e-05, 1.22566516438e-05, 8.22769834485e-06, 3.29881913785e-06, 5.19930040355e-07]}, "erbbands_spread": {"dvar": 134.280197144, "mean": 24.5839881897, "min": 0.929010987282, "median": 18.0221939087, "dvar2": 266.817352295, "var": 410.152587891, "dmean2": 10.9438610077, "max": 125.048248291, "dmean": 7.68082618713}, "barkbands_kurtosis": {"dvar": 182.837203979, "mean": 15.270907402, "min": -1.92586016655, "median": 8.03894519806, "dvar2": 403.48449707, "var": 691.247375488, "dmean2": 10.1489105225, "max": 431.546966553, "dmean": 6.63850784302}, "spectral_flux": {"dvar": 0.000629758054856, "mean": 0.044527027756, "min": 1.05426292696e-10, "median": 0.0326073169708, "dvar2": 0.00136101059616, "var": 0.00146076607052, "dmean2": 0.0287347398698, "max": 0.360657781363, "dmean": 0.0185076128691}, "silence_rate_20dB": {"dvar": 0, "mean": 1, "min": 1, "median": 1, "dvar2": 0, "var": 0, "dmean2": 0, "max": 1, "dmean": 0}, "gfcc": {"cov": [[10589.6865234, -1323.6394043, -1815.6661377, 188.436157227, -757.527893066, 607.578063965, 61.2601280212, 361.758483887, -327.387207031, -79.0304412842, -113.892318726, -0.403294324875, 176.870147705], [-1323.6394043, 1775.73925781, 138.656509399, -305.322479248, 513.577270508, -127.018913269, 36.9337615967, -177.287475586, 23.0284461975, -171.705627441, 18.0159473419, -100.384536743, -63.3346214294], [-1815.6661377, 138.656509399, 1033.11560059, 439.027435303, 181.280822754, 10.5578355789, -41.5333900452, -154.061264038, 59.3960876465, 17.8115005493, -101.870628357, 4.01634645462, -103.428024292], [188.436157227, -305.322479248, 439.027435303, 784.333190918, 71.0060958862, 94.3057098389, 0.157026186585, -111.423400879, 32.7213020325, 2.07757592201, -156.963867188, 16.0449295044, -65.6715774536], [-757.527893066, 513.577270508, 181.280822754, 71.0060958862, 430.105499268, 34.2430000305, 27.3128852844, -51.2627754211, 14.5769758224, -55.9012184143, -49.7038879395, -36.796962738, -28.7024974823], [607.578063965, -127.018913269, 10.5578355789, 94.3057098389, 34.2430000305, 318.565643311, 134.768875122, 17.6743297577, -12.0567398071, -14.2649297714, -50.7184448242, 2.04842758179, 6.8552980423], [61.2601280212, 36.9337615967, -41.5333900452, 0.157026186585, 27.3128852844, 134.768875122, 202.746932983, 36.4662399292, 12.2154169083, -10.5993213654, -3.28396129608, 15.6140766144, 1.96321511269], [361.758483887, -177.287475586, -154.061264038, -111.423400879, -51.2627754211, 17.6743297577, 36.4662399292, 213.862640381, 31.898557663, 15.9463796616, 46.0305175781, 27.074546814, 58.2707748413], [-327.387207031, 23.0284461975, 59.3960876465, 32.7213020325, 14.5769758224, -12.0567398071, 12.2154169083, 31.898557663, 153.149551392, 53.9318313599, 6.52982378006, 32.5460243225, -6.59398078918], [-79.0304412842, -171.705627441, 17.8115005493, 2.07757592201, -55.9012184143, -14.2649297714, -10.5993213654, 15.9463796616, 53.9318313599, 148.064102173, 48.8661766052, 8.68153762817, 2.04662704468], [-113.892318726, 18.0159473419, -101.870628357, -156.963867188, -49.7038879395, -50.7184448242, -3.28396129608, 46.0305175781, 6.52982378006, 48.8661766052, 152.484664917, 34.1724281311, 30.5563831329], [-0.403294324875, -100.384536743, 4.01634645462, 16.0449295044, -36.796962738, 2.04842758179, 15.6140766144, 27.074546814, 32.5460243225, 8.68153762817, 34.1724281311, 116.960586548, 37.0342979431], [176.870147705, -63.3346214294, -103.428024292, -65.6715774536, -28.7024974823, 6.8552980423, 1.96321511269, 58.2707748413, -6.59398078918, 2.04662704468, 30.5563831329, 37.0342979431, 123.811042786]], "mean": [-109.262931824, 115.342880249, -107.899742126, 7.79091215134, -68.1534194946, -9.71253013611, -42.2139472961, -4.40630245209, -27.6088752747, -1.12648034096, -4.95095539093, -1.08927321434, -5.13477277756], "icov": [[0.000305263441987, -0.000255671970081, 0.000654364877846, -0.000515433843248, 0.000576057122089, -0.000762832642067, 0.000593459990341, -0.000600292580202, 0.000662339152768, -0.000309864873998, 0.000383647100534, -0.000244332419243, 0.00017406383995], [-0.000255671970081, 0.00192304421216, -0.000740997842513, 0.00129820243455, -0.00213526003063, 0.0013834546553, -0.00132691324688, 0.00208822311834, -0.00186625740025, 0.00221932376735, -0.00133933173493, 0.00134256202728, -0.000321954168612], [0.000654364877846, -0.000740997842513, 0.00293842027895, -0.00183066178579, 0.000920550606679, -0.00170305406209, 0.00167310424149, -0.000960279838182, 0.00125359976664, -0.00119389756583, 0.00107382726856, -0.00106977298856, 0.00104440154973], [-0.000515433843248, 0.00129820243455, -0.00183066178579, 0.00346284965053, -0.00174978538416, 0.00123325421009, -0.0012674331665, 0.00218234118074, -0.00178867636714, 0.000940846279263, 0.000740924908314, 2.73129189736e-05, -7.48920574551e-05], [0.000576057122089, -0.00213526003063, 0.000920550606679, -0.00174978538416, 0.00557580264285, -0.00230306270532, 0.0014833988389, -0.00222422275692, 0.00162538990844, -0.00112224044278, 0.00159216404427, -0.000409546308219, 0.000203778661671], [-0.000762832642067, 0.0013834546553, -0.00170305406209, 0.00123325421009, -0.00230306270532, 0.00716246897355, -0.00509418454021, 0.00184394977987, -0.00128588406369, 0.00104053202085, 6.4352148911e-05, 0.0010927625699, -0.00111708545592], [0.000593459990341, -0.00132691324688, 0.00167310424149, -0.0012674331665, 0.0014833988389, -0.00509418454021, 0.00903871562332, -0.00271278317086, 0.00116875919048, -0.000928671681322, 0.000604275788646, -0.00194057193585, 0.00146713666618], [-0.000600292580202, 0.00208822311834, -0.000960279838182, 0.00218234118074, -0.00222422275692, 0.00184394977987, -0.00271278317086, 0.00917754415423, -0.00434075528756, 0.0026976747904, -0.00252602389082, 0.00164852396119, -0.0027583935298], [0.000662339152768, -0.00186625740025, 0.00125359976664, -0.00178867636714, 0.00162538990844, -0.00128588406369, 0.00116875919048, -0.00434075528756, 0.0116401631385, -0.0059455265291, 0.00314506771974, -0.00433554453775, 0.0019089023117], [-0.000309864873998, 0.00221932376735, -0.00119389756583, 0.000940846279263, -0.00112224044278, 0.00104053202085, -0.000928671681322, 0.0026976747904, -0.0059455265291, 0.0124122826383, -0.00554871791974, 0.00351921515539, -0.000698139017913], [0.000383647100534, -0.00133933173493, 0.00107382726856, 0.000740924908314, 0.00159216404427, 6.4352148911e-05, 0.000604275788646, -0.00252602389082, 0.00314506771974, -0.00554871791974, 0.0124066891149, -0.00440824823454, 0