{"metadata": {"audio_properties": {"downmix": "mix", "bit_rate": 0, "lossless": true, "md5_encoded": "c229df3a95afa0de4f393fd83f4d243e", "analysis_sample_rate": 44100, "sample_rate": 44100, "replay_gain": -13.9381446838, "equal_loudness": 0, "codec": "flac", "length": 179.506668091}, "tags": {"releasestatus": ["official"], "musicbrainz_albumid": ["ee7168ea-a32f-4d98-af8f-02600269c071"], "musicbrainz_recordingid": ["add7b202-5b1e-4c78-be78-2c976a44b6d5"], "tracknumber": ["3"], "artist": ["Ikara Colt"], "tracktotal": ["12"], "musicip_puid": ["94969df3-b519-e226-71bf-48bfea7cf997"], "originaldate": ["2002-10-14"], "musicbrainz_releasegroupid": ["c6157a7a-1402-3606-b4ac-5dfd48b2eb50"], "asin": ["B00006SFA2"], "releasetype": ["album"], "totaltracks": ["12"], "media": ["CD"], "musicbrainz_albumartistid": ["6f21c5ae-db05-4ae0-9467-7a3a7afb2c4b"], "file_name": "03. Bishop's Son.flac", "catalognumber": ["fpcd005"], "musicbrainz_artistid": ["6f21c5ae-db05-4ae0-9467-7a3a7afb2c4b"], "albumartistsort": ["Ikara Colt"], "script": ["Latn"], "label": ["Fantastic Plastic Records"], "releasecountry": ["GB"], "album": ["Chat and Business"], "date": ["2002-10-14"], "title": ["Bishop's Son"], "language": ["eng"], "discnumber": ["1"], "artistsort": ["Ikara Colt"], "disctotal": ["1"], "genre": ["Rock And Indie"], "totaldiscs": ["1"], "albumartist": ["Ikara Colt"]}, "version": {"essentia_build_sha": "70f2e5ece6736b2c40cc944ad0e695b16b925413", "essentia_git_sha": "v2.1_beta2", "extractor": "music 1.0", "essentia": "2.1-beta2"}}, "tonal": {"chords_scale": "minor", "hpcp": {"dmean": [0.170057758689, 0.132826834917, 0.106504447758, 0.102909892797, 0.0952867791057, 0.105179615319, 0.126335248351, 0.137598201632, 0.155640825629, 0.152365729213, 0.13779130578, 0.12894898653, 0.130335897207, 0.105954319239, 0.0948021709919, 0.101681046188, 0.096886202693, 0.0911194086075, 0.0829886570573, 0.0692968443036, 0.0808346122503, 0.0974522903562, 0.101980946958, 0.113170288503, 0.112487524748, 0.1265232265, 0.184562698007, 0.215276375413, 0.21969935298, 0.16408342123, 0.128489211202, 0.116628326476, 0.117818407714, 0.133618250489, 0.145208254457, 0.169211283326], "dvar2": [0.152106150985, 0.0941185504198, 0.0929748788476, 0.093971170485, 0.0780813023448, 0.0760202258825, 0.0843164846301, 0.109685830772, 0.133406385779, 0.121066533029, 0.118328489363, 0.100803211331, 0.0855738520622, 0.0720657780766, 0.0728775337338, 0.07725289464, 0.0740097686648, 0.0667400211096, 0.0611848644912, 0.0459736101329, 0.0499665737152, 0.0709951296449, 0.080013461411, 0.0935462787747, 0.0980644822121, 0.106353655457, 0.127536743879, 0.182063803077, 0.163185536861, 0.143826380372, 0.108588695526, 0.0917627438903, 0.0957665964961, 0.117012150586, 0.123417638242, 0.121401906013], "mean": [0.300989449024, 0.178097724915, 0.106118649244, 0.105202332139, 0.102041982114, 0.146656468511, 0.181657746434, 0.16087013483, 0.163652658463, 0.164796575904, 0.133049875498, 0.147382453084, 0.181306362152, 0.135545328259, 0.107585944235, 0.130083918571, 0.11426076293, 0.104182161391, 0.0976166948676, 0.0798787996173, 0.109099626541, 0.143512919545, 0.129321306944, 0.133463218808, 0.141978755593, 0.132284253836, 0.28214007616, 0.471503466368, 0.344449460506, 0.149507567286, 0.116863191128, 0.108582042158, 0.114662401378, 0.133706644177, 0.151564955711, 0.253105700016], "var": [0.124029159546, 0.0472667068243, 0.0264369659126, 0.0250904988497, 0.0209102611989, 0.0353716015816, 0.0451372899115, 0.0416309684515, 0.0494246184826, 0.0504522919655, 0.0383537188172, 0.0342365391552, 0.0427132211626, 0.027199588716, 0.0250083953142, 0.0381535440683, 0.0275487229228, 0.0212264657021, 0.0192227549851, 0.0132577931508, 0.0205070339143, 0.0435652807355, 0.0348536074162, 0.0431622341275, 0.0528414547443, 0.0372758284211, 0.0669271796942, 0.168790131807, 0.0989890545607, 0.0471010915935, 0.0355455316603, 0.0292498208582, 0.0283049717546, 0.0380843952298, 0.0411312766373, 0.0809396058321], "dmean2": [0.307129591703, 0.235689580441, 0.191104859114, 0.18626332283, 0.170108571649, 0.184927925467, 0.216409787536, 0.242476716638, 0.272291779518, 0.262725323439, 0.245337352157, 0.227326527238, 0.222669109702, 0.182983994484, 0.166565969586, 0.177262112498, 0.170374080539, 0.159597232938, 0.145489469171, 0.122650541365, 0.14183011651, 0.169737517834, 0.178076326847, 0.200920030475, 0.198338523507, 0.224901154637, 0.322681367397, 0.385571211576, 0.384582221508, 0.296315282583, 0.229305222631, 0.208896741271, 0.211521402001, 0.240271672606, 0.260704338551, 0.298618495464], "dvar": [0.0576753020287, 0.034122236073, 0.0344376973808, 0.033707305789, 0.0280808042735, 0.0285319015384, 0.0331633910537, 0.0412573479116, 0.0493197292089, 0.0463017262518, 0.0427573099732, 0.0365682989359, 0.0337027385831, 0.0265548247844, 0.0258889049292, 0.0287741366774, 0.0269066449255, 0.0246002208441, 0.0224796384573, 0.0165277142078, 0.0180257130414, 0.02728003636, 0.0296531803906, 0.0342453382909, 0.0373692400753, 0.0391913428903, 0.0449661836028, 0.0787989869714, 0.0597097910941, 0.0532534234226, 0.0402350462973, 0.03397481516, 0.0343943685293, 0.0424350462854, 0.0450289919972, 0.045629940927], "min": [0, 0, 0, 0, 0, 0, 0, 0, 0, 0, 0, 0, 0, 0, 0, 0, 0, 0, 0, 0, 0, 0, 0, 0, 0, 0, 0, 0, 0, 0, 0, 0, 0, 0, 0, 0], "median": [0.119650110602, 0.0778161659837, 0.050111323595, 0.0518220588565, 0.053090762347, 0.0767343714833, 0.0987364202738, 0.083433829248, 0.068559832871, 0.0701914951205, 0.0542530454695, 0.0778654143214, 0.108389630914, 0.0813647657633, 0.0514658130705, 0.0599167905748, 0.0569804571569, 0.0582347624004, 0.0529697276652, 0.0444844998419, 0.0601519197226, 0.0711823254824, 0.0638905763626, 0.0553882196546, 0.0528860576451, 0.0535701476038, 0.196190565825, 0.314776986837, 0.231149956584, 0.058340664953, 0.0392412915826, 0.0439126230776, 0.0549586378038, 0.0602295212448, 0.0726483911276, 0.115765981376], "max": [1, 1, 1, 1, 1, 1, 1, 1, 1, 1, 1, 1, 1, 1, 1, 1, 1, 1, 1, 1, 1, 1, 1, 1, 1, 1, 1, 1, 1, 1, 1, 1, 1, 1, 1, 1]}, "tuning_equal_tempered_deviation": 0.0414139665663, "chords_key": "F#", "chords_strength": {"dmean": 0.00851717125624, "dvar2": 6.4217565523e-05, "mean": 0.504852414131, "var": 0.00500423694029, "dmean2": 0.00906000286341, "dvar": 5.24207571289e-05, "min": 0.256142288446, "median": 0.502639591694, "max": 0.722897708416}, "tuning_diatonic_strength": 0.505226612091, "thpcp": [1, 0.730534315109, 0.317086875439, 0.247852236032, 0.230288952589, 0.243184641004, 0.283575117588, 0.321450352669, 0.536805570126, 0.638361036777, 0.377723038197, 0.225064411759, 0.223121017218, 0.216418311, 0.311040073633, 0.385273396969, 0.341185480356, 0.347086876631, 0.349512964487, 0.282182186842, 0.312579780817, 0.384528160095, 0.28747472167, 0.228176355362, 0.275891751051, 0.242332816124, 0.220957353711, 0.207032829523, 0.169412970543, 0.231386691332, 0.304372996092, 0.274274349213, 0.283058822155, 0.301119208336, 0.280558377504, 0.598383903503], "chords_histogram": [36.6433944702, 13.4988365173, 0, 0.232738554478, 0, 13.0333595276, 0, 13.1109390259, 0.491336941719, 0, 0.672355830669, 0, 0, 0, 0, 0, 2.40496516228, 4.88750982285, 0.387897580862, 0, 0.103439360857, 0, 3.87897586823, 10.6542539597], "tuning_nontempered_energy_ratio": 0.693943023682, "tuning_frequency": 442.03793335, "key_strength": 0.570373296738, "chords_changes_rate": 0.059219032526, "key_scale": "minor", "hpcp_entropy": {"dmean": 0.790675282478, "dvar2": 1.10205292702, "mean": 2.24723863602, "var": 0.800291419029, "dmean2": 1.29021894932, "dvar": 0.424309909344, "min": 0, "median": 2.30176925659, "max": 4.62106990814}, "key_key": "F#", "chords_number_rate": 0.00206878711469}, "lowlevel": {"melbands_skewness": {"dmean": 0.544229447842, "dvar2": 0.850470364094, "mean": 2.0329310894, "var": 0.923444807529, "dmean2": 0.878571510315, "dvar": 0.328175365925, "min": -0.37604150176, "median": 1.94802999496, "max": 10.050614357}, "melbands_kurtosis": {"dmean": 3.07444143295, "dvar2": 53.0706558228, "mean": 5.4973077774, "var": 97.8184432983, "dmean2": 5.13062906265, "dvar": 21.7616634369, "min": -1.46041321754, "median": 3.27182030678, "max": 195.159103394}, "barkbands_kurtosis": {"dmean": 0.969237208366, "dvar2": 8.58782482147, "mean": 0.797308087349, "var": 62.2556266785, "dmean2": 1.60011506081, "dvar": 4.94993829727, "min": -1.81401574612, "median": -0.651823997498, "max": 165.161987305}, "hfc": {"dmean": 7.4950428009, "dvar2": 315.161376953, "mean": 30.9298152924, "var": 575.861206055, "dmean2": 11.2629747391, "dvar": 167.751251221, "min": 1.21719587433e-16, "median": 27.5828971863, "max": 300.162780762}, "silence_rate_20dB": {"dmean": 0, "dvar2": 0, "mean": 1, "var": 0, "dmean2": 0, "dvar": 0, "min": 1, "median": 1, "max": 1}, "erbbands_flatness_db": {"dmean": 0.0128907123581, "dvar2": 0.000287600880256, "mean": 0.160500690341, "var": 0.00184083357453, "dmean2": 0.0192260481417, "dvar": 0.000135271257022, "min": 0.0615904852748, "median": 0.154486492276, "max": 0.365250527859}, "spectral_flux": {"dmean": 0.0248246528208, "dvar2": 0.00142113585025, "mean": 0.0971298143268, "var": 0.00194438092876, "dmean2": 0.0369022674859, "dvar": 0.000739445968065, "min": 1.0372926823e-10, "median": 0.0906389206648, "max": 0.290297448635}, "spectral_energyband_low": {"dmean": 0.0064990138635, "dvar2": 0.000247225369094, "mean": 0.0110726254061, "var": 0.000100721423223, "dmean2": 0.0110560087487, "dvar": 9.32396069402e-05, "min": 9.79302782467e-23, "median": 0.00906789395958, "max": 0.0799264609814}, "spectral_rolloff": {"dmean": 454.90423584, "dvar2": 763818.9375, "mean": 2044.59326172, "var": 1297089.5, "dmean2": 724.901184082, "dvar": 406020.3125, "min": 107.666015625, "median": 2002.58789062, "max": 18949.21875}, "spectral_entropy": {"dmean": 0.0736391693354, "dvar2": 0.0107045872137, "mean": 7.72383880615, "var": 0.260728448629, "dmean2": 0.112809829414, "dvar": 0.00560795934871, "min": 4.67669248581, "median": 7.80478000641, "max": 9.7983751297}, "spectral_energy": {"dmean": 0.00996851082891, "dvar2": 0.000386013649404, "mean": 0.0311998631805, "var": 0.000265317852609, "dmean2": 0.0163804050535, "dvar": 0.000151378771989, "min": 1.07597610363e-20, "median": 0.028674852103, "max": 0.116592414677}, "spectral_centroid": {"dmean": 216.596832275, "dvar2": 104742.328125, "mean": 1823.77758789, "var": 291603.59375, "dmean2": 342.53338623, "dvar": 51292.015625, "min": 191.957046509, "median": 1878.71850586, "max": 11117.8798828}, "barkbands_flatness_db": {"dmean": 0.0147957187146, "dvar2": 0.000545319227967, "mean": 0.110608585179, "var": 0.00386997312307, "dmean2": 0.0239883828908, "dvar": 0.000211224614759, "min": 0.0310139469802, "median": 0.0976655334234, "max": 0.442833870649}, "spectral_rms": {"dmean": 0.000817379448563, "dvar2": 2.00048043553e-06, "mean": 0.00529643241316, "var": 2.3869222332e-06, "dmean2": 0.0013206677977, "dvar": 8.00722659733e-07, "min": 3.23995799807e-12, "median": 0.00528918392956, "max": 0.0106653030962}, "melbands": {"dmean": [0.00116191396955, 0.00142827548552, 0.000602732528932, 0.000327559420839, 0.00020349121769, 0.000278018502286, 0.000308279530145, 0.000177208057721, 0.000125468795886, 7.1016685979e-05, 5.52624842385e-05, 4.88954719913e-05, 4.29017090937e-05, 4.51356609119e-05, 5.60000298719e-05, 6.66903724778e-05, 5.7884670241e-05, 7.70579426899e-05, 4.30370528193e-05, 3.94566523028e-05, 4.20824108005e-05, 2.34032013395e-05, 2.42499081651e-05, 1.48852268467e-05, 1.13360638352e-05, 1.0716655197e-05, 1.03954471342e-05, 6.00641988058e-06, 5.10018344357e-06, 3.55809106622e-06, 2.80031531474e-06, 2.64517439064e-06, 2.84071052192e-06, 2.46504896495e-06, 2.02628643819e-06, 1.69829252172e-06, 1.04845412352e-06, 8.77754189332e-07, 5.75640171974e-07, 3.9838334942e-07], "dvar2": [8.94176355359e-06, 1.36872940857e-05, 1.90419723367e-06, 7.76836827754e-07, 3.74005821868e-07, 5.91863283717e-07, 9.71356257651e-07, 2.15339170495e-07, 1.21920692209e-07, 3.35675132135e-08, 2.30617569486e-08, 1.51983829966e-08, 1.84194046682e-08, 1.88460642647e-08, 3.25199422946e-08, 3.87755427766e-08, 3.80892721807e-08, 3.03771017229e-08, 9.08110653342e-09, 5.85187232005e-09, 8.81851214274e-09, 2.3899979773e-09, 2.39437580873e-09, 1.28695842871e-09, 7.30814520011e-10, 1.0293826902e-09, 8.14266876148e-10, 1.69528655003e-10, 1.10341569215e-10, 1.20031720674e-10, 1.248647713e-10, 2.45963971413e-10, 3.00525881958e-10, 2.39477881969e-10, 2.04787908853e-10, 1.43649744877e-10, 4.31732809225e-11, 4.90025346689e-11, 1.24337224544e-11, 5.98160930509e-12], "mean": [0.0013080536155, 0.00259114988148, 0.00101674720645, 0.000490158738103, 0.000301682506688, 0.000419489631895, 0.000419852149207, 0.000282459775917, 0.000215886582737, 0.000122266210383, 9.13667972782e-05, 8.66342961672e-05, 7.70311526139e-05, 7.47243975638e-05, 9.89574255073e-05, 0.000122978468426, 0.000103813799797, 0.000146234568092, 8.93131655175e-05, 8.32702353364e-05, 8.28895354061e-05, 5.21615875186e-05, 5.38397907803e-05, 3.3497253753e-05, 2.44764814852e-05, 2.41986363108e-05, 2.36423784372e-05, 1.46159927681e-05, 1.2403043911e-05, 7.88760007708e-06, 5.1397723837e-06, 4.26798396802e-06, 4.46563308287e-06, 3.80884489459e-06, 3.00577130474e-06, 2.56705516222e-06, 1.69342195022e-06, 1.42616318044e-06, 1.01854141121e-06, 7.2718677302e-07], "var": [3.01245904666e-06, 5.90067838857e-06, 1.04059063233e-06, 4.00378638687e-07, 1.60475821076e-07, 2.3448939146e-07, 3.87616495345e-07, 9.82793650905e-08, 7.06392810912e-08, 1.88753084274e-08, 1.34753701531e-08, 1.18105489832e-08, 1.23031975718e-08, 1.26131558531e-08, 2.28913741296e-08, 3.6986321561e-08, 3.86242220429e-08, 2.56790393394e-08, 7.32065075226e-09, 4.47807080306e-09, 7.90717979982e-09, 1.54570589661e-09, 1.64041968898e-09, 7.46513906247e-10, 7.19724613241e-10, 9.33159216565e-10, 6.57140841742e-10, 1.46120587852e-10, 8.15372006024e-11, 9.84616832511e-11, 1.16377123216e-10, 1.77126091572e-10, 2.97856711517e-10, 2.30305302606e-10, 1.77974510129e-10, 1.30788144204e-10, 5.5385893788e-11, 5.18435017138e-11, 2.03068620946e-11, 8.58015828525e-12], "dmean2": [0.0019714012742, 0.00249637849629, 0.00102549314033, 0.000555800914299, 0.000349254783941, 0.000475257838843, 0.000522739719599, 0.00030021026032, 0.000205048403586, 0.000116151641123, 9.15621130844e-05, 8.02517606644e-05, 7.04180129105e-05, 7.36196016078e-05, 9.18662335607e-05, 0.000105343671748, 9.02197571122e-05, 0.000122168639791, 6.90087836119e-05, 6.52239104966e-05, 6.87875362928e-05, 3.94731396227e-05, 4.08906198572e-05, 2.5152678063e-05, 1.87840669241e-05, 1.75199274963e-05, 1.71704559762e-05, 1.01181367427e-05, 8.57376653585e-06, 5.8621608332e-06, 4.46986268798e-06, 4.03612693844e-06, 4.2387709982e-06, 3.56298755833e-06, 2.94102778753e-06, 2.49033769251e-06, 1.48327501392e-06, 1.22588778595e-06, 7.84962651323e-07, 5.49836045138e-07], "dvar": [3.4039910588e-06, 4.96178472531e-06, 7.05946092694e-07, 2.96377749009e-07, 1.34897362614e-07, 2.09240923255e-07, 3.68445853383e-07, 7.83254918701e-08, 4.82264290724e-08, 1.29117720959e-08, 8.97469565331e-09, 5.94861671033e-09, 7.30147986516e-09, 8.137305052e-09, 1.33933282243e-08, 1.70182907766e-08, 1.76454211243e-08, 1.27390364923e-08, 3.63308561013e-09, 2.24276885952e-09, 3.55825502396e-09, 8.72723004974e-10, 8.89143481064e-10, 4.83472151203e-10, 3.29801325138e-10, 4.9594578444e-10, 3.63844399054e-10, 6.768378219e-11, 4.24663360032e-11, 5.15272234602e-11, 5.94820859234e-11, 1.1277690587e-10, 1.51331239207e-10, 1.22477125664e-10, 1.03431013754e-10, 7.15901921078e-11, 2.38064203767e-11, 2.41614037805e-11, 7.15724658359e-12, 3.20649214645e-12], "min": [1.22401354105e-23, 1.55539089371e-23, 8.89032908435e-24, 4.60929257553e-24, 1.2565976774e-23, 1.45565110739e-23, 1.84895301558e-23, 1.40858782355e-23, 1.6243539029e-23, 6.02103805152e-24, 1.26800034624e-23, 9.38360775269e-24, 1.90657977803e-23, 1.99121366688e-23, 1.05861488943e-23, 1.24550550421e-23, 9.45629181877e-24, 4.05192448067e-24, 8.87691529352e-24, 5.31840279868e-24, 3.04304040822e-24, 4.92843019904e-24, 7.51808897364e-24, 1.10115642256e-23, 7.86931035902e-24, 9.14523528637e-24, 7.43238239173e-24, 8.274270527e-24, 1.31965629938e-23, 6.50540416935e-24, 1.13389643782e-23, 8.5910817997e-24, 7.77316556962e-24, 9.99836784499e-24, 8.97590787079e-24, 1.26760599467e-23, 1.26283283399e-23, 1.24928477904e-23, 9.28463805238e-24, 8.55807270398e-24], "median": [0.00069948262535, 0.00206930097193, 0.000713232904673, 0.000260420434643, 0.000169459410245, 0.000273805053439, 0.000220168018132, 0.000190682854736, 0.000143412748002, 8.26266914373e-05, 6.01254359935e-05, 5.8672594605e-05, 5.21723013662e-05, 4.84818046971e-05, 6.17665500613e-05, 6.13788870396e-05, 4.85966011183e-05, 0.000100955614471, 6.67234271532e-05, 6.86661951477e-05, 5.93014556216e-05, 4.45882978966e-05, 4.61744748463e-05, 2.88412284135e-05, 1.82288313226e-05, 1.97383196792e-05, 2.02319024538e-05, 1.22819319586e-05, 1.10795754154e-05, 6.20724040346e-06, 2.72627539744e-06, 1.69687905327e-06, 1.21867560665e-06, 9.36349010772e-07, 7.20009552424e-07, 5.23014364262e-07, 3.73582054181e-07, 2.60628098658e-07, 2.33626607837e-07, 1.87186259382e-07], "max": [0.014090933837, 0.0209923665971, 0.00964273978025, 0.00728004286066, 0.00585216842592, 0.00685892486945, 0.00870949681848, 0.00498689338565, 0.00344828236848, 0.0019750171341, 0.00246503483504, 0.00209441082552, 0.00353302550502, 0.00411611329764, 0.00318501493894, 0.00228881952353, 0.00295054307207, 0.00261759781279, 0.0015802893322, 0.000717019254807, 0.00105116260238, 0.000840405875351, 0.000490733014885, 0.00100745412055, 0.000595922989305, 0.000782933435403, 0.000570227741264, 0.000203951713047, 0.000153918532305, 0.000217153021367, 0.000243644011789, 0.000427174556535, 0.000334681128152, 0.000270808435744, 0.000253895152127, 0.000294141413178, 0.000203636882361, 0.000218357090489, 7.68520258134e-05, 6.26405744697e-05]}, "barkbands_crest": {"dmean": 2.2939593792, "dvar2": 15.5396957397, "mean": 7.87532758713, "var": 10.3600082397, "dmean2": 3.87625432014, "dvar": 5.71286392212, "min": 2.17124676704, "median": 7.2726354599, "max": 23.5458545685}, "mfcc": {"icov": [[0.000287245289655, 0.000170107246959, 0.000558956409805, 0.000370737339836, -0.000164357508766, -0.000241913046921, 0.000538989028428, -0.00026211864315, 0.000169012011611, 1.44519126479e-05, -0.000403294892749, 7.45445940993e-05, -0.00100199237932], [0.000170107246959, 0.00180129229557, 0.000153191518621, -0.000922746839933, 0.00111378671136, 0.000341852020938, -0.00191201956477, 0.00220591505058, -0.000997711205855, -0.000106209095975, 0.000247891119216, -0.000850494543556, 0.000530978431925], [0.000558956409805, 0.000153191518621, 0.00334707321599, 0.00212129065767, -0.00233286665753, -1.67210000654e-05, 0.00221914076246, -0.00320133427158, 0.00056584487902, 0.0016856812872, -0.00243139429949, 0.00217013061047, -0.000913925294299], [0.000370737339836, -0.000922746839933, 0.00212129065767, 0.00625397637486, -0.000823983980808, -0.00232643983327, 0.0026613525115, -0.00335914036259, -0.000828734831885, -6.73824570185e-06, 0.00233158003539, -0.000209351914236, -0.000618638994638], [-0.000164357508766, 0.00111378671136, -0.00233286665753, -0.000823983980808, 0.0176310576499, -0.00323600298725, -0.00486772181466, 0.0072212764062, -0.00488302437589, -0.00514385150746, 0.00262702186592, -0.00428154971451, -0.0010150532471], [-0.000241913046921, 0.000341852020938, -1.67210000654e-05, -0.00232643983327, -0.00323600298725, 0.0202573295683, -0.00352717819624, -0.00546256033704, 0.00369517784566, -0.00184490869287, -0.00403039716184, 0.00198862445541, -0.00125806650613], [0.000538989028428, -0.00191201956477, 0.00221914076246, 0.0026613525115, -0.00486772181466, -0.00352717819624, 0.0224988218397, -0.00953468959779, -0.00387705746107, 0.00199446966872, 0.000606028363109, -0.00616799620911, 0.00177445285954], [-0.00026211864315, 0.00220591505058, -0.00320133427158, -0.00335914036259, 0.0072212764062, -0.00546256033704, -0.00953468959779, 0.0296042114496, -0.00900354795158, -0.0011681135511, -0.00127776816953, 0.000458651862573, -0.00190729729366], [0.000169012011611, -0.000997711205855, 0.00056584487902, -0.000828734831885, -0.00488302437589, 0.00369517784566, -0.00387705746107, -0.00900354795158, 0.0304632298648, -0.0133196283132, 0.00389738753438, -0.000992684974335, -0.00166456750594], [1.44519126479e-05, -0.000106209095975, 0.0016856812872, -6.73824570185e-06, -0.00514385150746, -0.00184490869287, 0.00199446966872, -0.0011681135511, -0.0133196283132, 0.0341643504798, -0.0154266543686, -0.000774232379626, 0.00143577193376], [-0.000403294892749, 0.000247891119216, -0.00243139429949, 0.00233158003539, 0.00262702186592, -0.00403039716184, 0.000606028363109, -0.00127776816953, 0.00389738753438, -0.0154266543686, 0.0379065908492, -0.0128398733214, 2.35033458011e-05], [7.45445940993e-05, -0.000850494543556, 0.00217013061047, -0.000209351914236, -0.00428154971451, 0.00198862445541, -0.00616799620911, 0.000458651862573, -0.000992684974335, -0.000774232379626, -0.0128398733214, 0.0336954779923, -0.0143478251994], [-0.00100199237932, 0.000530978431925, -0.000913925294299, -0.000618638994638, -0.0010150532471, -0.00125806650613, 0.00177445285954, -0.00190729729366, -0.00166456750594, 0.00143577193376, 2.35033458011e-05, -0.0143478251994, 0.0329003110528]], "mean": [-607.471130371, 126.018379211, -29.7661399841, 35.6104431152, 6.6838965416, 5.44279336929, -0.53986620903, -2.8278195858, 2.4461145401, 6.53830480576, 0.0674184113741, 4.52872085571, 1.16351151466], "cov": [[7978.46777344, -960.679992676, -1038.27600098, -184.245376587, 60.6501197815, 135.788864136, -94.0586700439, 14.5956659317, -16.0236778259, 131.557983398, 175.754592896, 214.442901611, 326.009399414], [-960.679992676, 1019.19689941, -225.702423096, 230.963317871, -22.5535163879, -20.2466430664, 104.671661377, -33.2740058899, 60.161113739, 10.7540721893, -40.1473808289, 31.2653503418, -40.4399108887], [-1038.27600098, -225.702423096, 770.055236816, -218.193328857, 22.2936878204, -20.8725452423, -52.7407302856, 25.487783432, -39.3109169006, -41.4553108215, 13.3569316864, -73.8630065918, -38.8794288635], [-184.245376587, 230.963317871, -218.193328857, 298.605377197, -2.35994291306, 25.8873920441, 31.7162857056, 17.3991222382, 36.6970443726, 15.0960960388, -24.4615898132, 17.7274627686, -0.623641490936], [60.6501197815, -22.5535163879, 22.2936878204, -2.35994291306, 95.7811584473, 22.9605503082, 31.4876384735, 7.9540271759, 31.7944984436, 33.8173103333, 19.0853767395, 31.4941883087, 19.2357501984], [135.788864136, -20.2466430664, -20.8725452423, 25.8873920441, 22.9605503082, 71.3712387085, 24.6612586975, 25.3931884766, 13.6233386993, 21.0188560486, 18.3787631989, 18.0979938507, 15.6001749039], [-94.0586700439, 104.671661377, -52.7407302856, 31.7162857056, 31.4876384735, 24.6612586975, 94.0560684204, 30.3049507141, 40.3689460754, 25.9839706421, 11.6221504211, 36.2107009888, 9.86758041382], [14.5956659317, -33.2740058899, 25.487783432, 17.3991222382, 7.9540271759, 25.3931884766, 30.3049507141, 63.677318573, 26.9450721741, 18.1831169128, 13.849190712, 13.2223138809, 11.6162500381], [-16.0236778259, 60.161113739, -39.3109169006, 36.6970443726, 31.7944984436, 13.6233386993, 40.3689460754, 26.9450721741, 70.3892211914, 39.3223800659, 12.3303403854, 27.7727069855, 12.9738769531], [131.557983398, 10.7540721893, -41.4553108215, 15.0960960388, 33.8173103333, 21.0188560486, 25.9839706421, 18.1831169128, 39.3223800659, 66.3339538574, 31.8515930176, 32.7095184326, 17.8016815186], [175.754592896, -40.1473808289, 13.3569316864, -24.4615898132, 19.0853767395, 18.3787631989, 11.6221504211, 13.849190712, 12.3303403854, 31.8515930176, 54.0098991394, 31.119096756, 20.1456298828], [214.442901611, 31.2653503418, -73.8630065918, 17.7274627686, 31.4941883087, 18.0979938507, 36.2107009888, 13.2223138809, 27.7727069855, 32.7095184326, 31.119096756, 73.2995834351, 36.7065353394], [326.009399414, -40.4399108887, -38.8794288635, -0.623641490936, 19.2357501984, 15.6001749039, 9.86758041382, 11.6162500381, 12.9738769531, 17.8016815186, 20.1456298828, 36.7065353394, 57.0886001587]]}, "spectral_decrease": {"dmean": 2.52740717244e-09, "dvar2": 2.55086304715e-17, "mean": -7.52325668429e-09, "var": 1.60696526493e-17, "dmean2": 4.16801260172e-09, "dvar": 1.00002173863e-17, "min": -2.93592261613e-08, "median": -6.87971368762e-09, "max": 7.43339143573e-29}, "zerocrossingrate": {"dmean": 0.00872760917991, "dvar2": 0.000107543812192, "mean": 0.0662520378828, "var": 0.000861848588102, "dmean2": 0.0101844221354, "dvar": 0.00011189153156, "min": 0.00341796875, "median": 0.06298828125, "max": 0.49609375}, "spectral_contrast_coeffs": {"dmean": [0.0506557077169, 0.0446837879717, 0.0331891365349, 0.0278735142201, 0.0183131918311, 0.0177984647453], "dvar2": [0.00464739650488, 0.00364529551007, 0.00189980759751, 0.0013021628838, 0.000572709715925, 0.000679705932271], "mean": [-0.633311271667, -0.760699152946, -0.803453028202, -0.78979742527, -0.798854827881, -0.72262275219], "var": [0.00614325236529, 0.00264924531803, 0.00147616723552, 0.00165184540674, 0.00084627198521, 0.00222062086686], "dmean2": [0.0823393389583, 0.075523942709, 0.0554965361953, 0.046302806586, 0.0311234612018, 0.0290078222752], "dvar": [0.00183202559128, 0.0012988820672, 0.000686382874846, 0.000479717273265, 0.000206677286769, 0.000263663096121], "min": [-0.9571403265, -0.957760751247, -0.961541175842, -0.955788314342, -0.955382704735, -0.957964301109], "median": [-0.644249200821, -0.764252543449, -0.806168794632, -0.790872216225, -0.797306120396, -0.726098716259], "max": [-0.295638084412, -0.560267627239, -0.621434748173, -0.594079256058, -0.654806911945, -0.601973950863]}, "spectral_skewness": {"dmean": 0.210214301944, "dvar2": 0.189899757504, "mean": 1.41956424713, "var": 0.991035938263, "dmean2": 0.351007610559, "dvar": 0.0640307441354, "min": 0.00585121801123, "median": 1.31987571716, "max": 9.79006004333}, "spectral_energyband_middle_high": {"dmean": 0.00227757194079, "dvar2": 1.95295233425e-05, "mean": 0.00958536099643, "var": 3.86639294447e-05, "dmean2": 0.00353446602821, "dvar": 8.48748459248e-06, "min": 1.32724128218e-21, "median": 0.00861349701881, "max": 0.0590258687735}, "gfcc": {"icov": [[0.000344413332641, -0.000120851356769, 0.000718694762327, -0.000106139981654, 0.000177109744982, -0.000802890048362, 0.000563013658393, -0.000144086880027, 0.000264687405434, -0.00110623124056, 0.000619790691417, -0.00131940306164, 0.000497848435771], [-0.000120851356769, 0.00514557305723, -0.00153231504373, 0.000728688784875, -0.00252568698488, 0.00449658511207, -0.00564648304135, 0.00469696242362, -0.00301399640739, 0.00380028388463, -0.00481653818861, 0.00608228798956, -0.00307664345019], [0.000718694762327, -0.00153231504373, 0.00398042891175, 0.00103463139385, 0.00034068635432, -0.00323976017535, 0.00266184541397, -0.00244205468334, 0.000713355839252, -0.0011858510552, 0.00405068555847, -0.00567968934774, 0.00355432857759], [-0.000106139981654, 0.000728688784875, 0.00103463139385, 0.00567705929279, -0.000883349683136, -0.00107948866207, -0.000244877592195, 0.000512344355229, -0.00464951246977, 0.00508503196761, -0.00166416016873, 0.00084303325275, -0.00217679375783], [0.000177109744982, -0.00252568698488, 0.00034068635432, -0.000883349683136, 0.0117113338783, -0.000641236489173, -0.00477135740221, -0.00413575069979, 0.00506985839456, -0.0106469942257, 0.00301844300702, 0.00182960217353, -0.00204161298461], [-0.000802890048362, 0.00449658511207, -0.00323976017535, -0.00107948866207, -0.000641236489173, 0.015711190179, -0.00646487111226, -0.000857971725054, -0.00351343303919, 0.0030761687085, -0.006470433902, 0.00535831879824, 0.00095305981813], [0.000563013658393, -0.00564648304135, 0.00266184541397, -0.000244877592195, -0.00477135740221, -0.00646487111226, 0.0249682497233, -0.0100700641051, -0.001083180774, 0.00457289721817, -0.000873448851053, -0.00634437892586, 0.00158390810248], [-0.000144086880027, 0.00469696242362, -0.00244205468334, 0.000512344355229, -0.00413575069979, -0.000857971725054, -0.0100700641051, 0.0275271274149, -0.00826347526163, -0.00466800713912, 0.00313603691757, 0.000456213048892, -0.00187796971295], [0.000264687405434, -0.00301399640739, 0.000713355839252, -0.00464951246977, 0.00506985839456, -0.00351343303919, -0.001083180774, -0.00826347526163, 0.031369831413, -0.0148629024625, -0.00448641786352, 0.00637566950172, -0.00333815696649], [-0.00110623124056, 0.00380028388463, -0.0011858510552, 0.00508503196761, -0.0106469942257, 0.0030761687085, 0.00457289721817, -0.00466800713912, -0.0148629024625, 0.0396197885275, -0.0136215072125, -0.00656717037782, 0.0044934055768], [0.000619790691417, -0.00481653818861, 0.00405068555847, -0.00166416016873, 0.00301844300702, -0.006470433902, -0.000873448851053, 0.00313603691757, -0.00448641786352, -0.0136215072125, 0.0373013801873, -0.0133822709322, -0.000348180736182], [-0.00131940306164, 0.00608228798956, -0.00567968934774, 0.00084303325275, 0.00182960217353, 0.00535831879824, -0.00634437892586, 0.000456213048892, 0.00637566950172, -0.00656717037782, -0.0133822709322, 0.039424598217, -0.0167960766703], [0.000497848435771, -0.00307664345019, 0.00355432857759, -0.00217679375783, -0.00204161298461, 0.00095305981813, 0.00158390810248, -0.00187796971295, -0.00333815696649, 0.0044934055768, -0.000348180736182, -0.0167960766703, 0.0341738797724]], "mean": [24.2518119812, 100.965049744, -138.52041626, 37.7634315491, -40.0084190369, 2.09012985229, -31.8221378326, 6.68318319321, -17.1079006195, 7.02334070206, -14.1198568344, -6.26857042313, -11.0037002563], "cov": [[10844.5849609, -2476.98486328, -1120.09179688, 271.793884277, -244.519775391, 707.319946289, -364.884460449, 351.805603027, 158.564117432, 662.40411377, 202.803939819, 568.847229004, -35.2251281738], [-2476.98486328, 1533.21276855, -128.186340332, 101.331001282, 244.533096313, -323.990325928, 283.470825195, -177.646713257, 35.193359375, -221.053665161, 40.8223152161, -242.110076904, 108.574195862], [-1120.09179688, -128.186340332, 825.911865234, -281.809692383, -17.8225193024, 49.7272529602, -54.1377563477, 57.7159423828, -68.5718154907, 5.43677759171, -90.1617355347, 36.6778945923, -86.1498413086], [271.793884277, 101.331001282, -281.809692383, 348.329772949, 18.8825683594, 20.0951786041, 55.0298080444, -9.03229999542, 69.2662963867, -26.8653640747, 48.2638015747, -26.3664207458, 52.0133781433], [-244.519775391, 244.533096313, -17.8225193024, 18.8825683594, 221.797790527, -11.582901001, 109.458396912, 43.8849868774, 35.2111740112, 36.6680641174, 28.9422855377, -17.5433349609, 29.8364276886], [707.319946289, -323.990325928, 49.7272529602, 20.0951786041, -11.582901001, 185.722381592, -11.7338848114, 80.0299301147, 31.5185813904, 73.1916046143, 18.6573028564, 56.564540863, -22.8485946655], [-364.884460449, 283.470825195, -54.1377563477, 55.0298080444, 109.458396912, -11.7338848114, 139.947937012, 19.6814975739, 38.5179519653, -13.1259946823, 31.0418815613, -30.1862277985, 32.4024238586], [351.805603027, -177.646713257, 57.7159423828, -9.03229999542, 43.8849868774, 80.0299301147, 19.6814975739, 110.000793457, 34.655040741, 71.264831543, 12.1597528458, 44.4202690125, -6.20341777802], [158.564117432, 35.193359375, -68.5718154907, 69.2662963867, 35.2111740112, 31.5185813904, 38.5179519653, 34.655040741, 78.4599456787, 37.2371292114, 37.013256073, 2.11369895935, 17.9301185608], [662.40411377, -221.053665161, 5.43677759171, -26.8653640747, 36.6680641174, 73.1916046143, -13.1259946823, 71.264831543, 37.2371292114, 119.863105774, 33.8210144043, 65.6217575073, -6.67999505997], [202.803939819, 40.8223152161, -90.1617355347, 48.2638015747, 28.9422855377, 18.6573028564, 31.0418815613, 12.1597528458, 37.013256073, 33.8210144043, 65.024269104, 18.8338546753, 22.6983318329], [568.847229004, -242.110076904, 36.6778945923, -26.3664207458, -17.5433349609, 56.564540863, -30.1862277985, 44.4202690125, 2.11369895935, 65.6217575073, 18.8338546753, 93.8417892456, 3.52849984169], [-35.2251281738, 108.574195862, -86.1498413086, 52.0133781433, 29.8364276886, -22.8485946655, 32.4024238586, -6.20341777802, 17.9301185608, -6.67999505997, 22.6983318329, 3.52849984169, 56.9956932068]]}, "erbbands_spread": {"dmean": 5.42486715317, "dvar2": 57.1599807739, "mean": 32.4334182739, "var": 103.859870911, "dmean2": 8.53789138794, "dvar": 23.827003479, "min": 4.09490919113, "median": 32.2725296021, "max": 89.4093170166}, "erbbands_kurtosis": {"dmean": 0.630796909332, "dvar2": 1.05774712563, "mean": 0.304960489273, "var": 2.69887733459, "dmean2": 1.00002491474, "dvar": 0.435581117868, "min": -1.4600982666, "median": -0.0575586557388, "max": 21.859670639}, "dynamic_complexity": 2.37466096878, "erbbands_crest": {"dmean": 1.81250286102, "dvar2": 8.2326002121, "mean": 6.88827085495, "var": 11.6190872192, "dmean2": 2.94765090942, "dvar": 3.32240629196, "min": 2.47344946861, "median": 5.88196563721, "max": 26.1216983795}, "erbbands": {"dmean": [0.110468968749, 1.16083800793, 2.77673196793, 3.13965845108, 5.59105730057, 3.76935052872, 6.11436796188, 12.6180419922, 20.7935943604, 16.8705711365, 15.9373178482, 11.1488828659, 10.9913597107, 12.1127986908, 11.5865287781, 17.7814445496, 26.0417423248, 29.8109588623, 45.6300354004, 24.6147251129, 34.0331954956, 21.8667850494, 16.987154007, 12.8436965942, 12.8385457993, 9.71341323853, 6.8137588501, 4.71790122986, 4.61035633087, 4.55950164795, 3.38134813309, 1.92400360107, 1.11164045334, 0.502691626549, 0.21618835628, 0.067463234067, 0.0192316658795, 0.004787677899, 0.000440175936092, 2.47371317528e-05], "dvar2": [0.0714570209384, 10.1593618393, 50.349571228, 58.649559021, 237.138641357, 91.9575271606, 391.58013916, 1194.20959473, 4447.38525391, 2163.87524414, 1794.8293457, 883.149597168, 910.012023926, 895.047424316, 1458.91784668, 4568.93212891, 5765.49560547, 9209.98339844, 10623.2060547, 2288.81787109, 5458.33935547, 1913.3848877, 1115.34265137, 968.692016602, 1533.03967285, 469.70892334, 229.062606812, 335.74307251, 723.026794434, 770.473449707, 543.437438965, 149.572143555, 64.2652130127, 8.86275959015, 1.23269402981, 0.0553533732891, 0.00240569491871, 0.000112078967504, 8.68402025844e-07, 2.21479412588e-09], "mean": [0.114535443485, 1.50340080261, 5.36603832245, 4.82149553299, 8.23177051544, 5.77352523804, 8.80494117737, 19.175245285, 27.6938095093, 25.8332195282, 27.9418010712, 19.5597133636, 18.8160667419, 22.4033298492, 22.0492954254, 31.9877166748, 52.0451927185, 59.2418670654, 90.7156600952, 59.3878898621, 73.1444473267, 54.963394165, 45.6010665894, 31.776971817, 32.577129364, 25.4033851624, 18.1878013611, 10.1321496964, 7.82404327393, 7.32149934769, 5.17402172089, 3.19858527184, 1.92508363724, 0.945570409298, 0.40640360117, 0.134686991572, 0.0391952432692, 0.00934663321823, 0.000891629606485, 7.58413734729e-05], "var": [0.0271342694759, 3.22783565521, 27.0951366425, 28.0687446594, 150.243652344, 42.783000946, 152.333084106, 489.509643555, 1780.29797363, 900.621032715, 1095.66479492, 487.297210693, 533.862854004, 729.943969727, 1020.36328125, 2727.76049805, 5799.36914062, 10130.1376953, 9357.3359375, 2041.47167969, 5034.23632812, 1420.29211426, 936.472106934, 1011.72399902, 1487.45837402, 442.766143799, 199.75944519, 323.639801025, 624.317810059, 813.850952148, 498.587890625, 187.506454468, 84.7504577637, 14.7818174362, 2.11857008934, 0.105159029365, 0.00459243776277, 0.000235133848037, 1.84169630302e-06, 4.33671409894e-09], "dmean2": [0.180232971907, 2.05849146843, 4.81813573837, 5.38897275925, 9.49581813812, 6.43241834641, 10.5067243576, 21.537776947, 35.2650985718, 28.696767807, 26.0617694855, 18.3735218048, 18.169008255, 19.7960739136, 19.0173797607, 29.1445960999, 41.2244911194, 46.0507888794, 72.1167602539, 40.270401001, 55.7056999207, 36.6516189575, 28.2647190094, 21.1543159485, 20.7652950287, 16.1841087341, 11.281961441, 7.51944828033, 6.89406347275, 6.55794000626, 4.81533050537, 2.68417263031, 1.49226951599, 0.677885174751, 0.293821275234, 0.0920010134578, 0.0262672062963, 0.00649551767856, 0.000606917135883, 3.66317071894e-05], "dvar": [0.0284381397069, 3.70671749115, 18.1735744476, 21.7543678284, 91.5916366577, 33.9877967834, 141.550323486, 420.158660889, 1688.03063965, 789.670593262, 699.281799316, 339.557983398, 352.906890869, 352.991638184, 592.325256348, 1959.31298828, 2513.89746094, 4289.45019531, 4505.55517578, 903.363342285, 2203.07348633, 697.214294434, 428.568328857, 445.237335205, 756.192810059, 200.067077637, 93.6759872437, 159.762786865, 350.931274414, 405.033599854, 277.131591797, 82.5108795166, 34.3582992554, 5.07474279404, 0.70070207119, 0.0304428096861, 0.00132058502641, 6.59773286316e-05, 4.9534014579e-07, 1.07886544143e-09], "min": [1.385159778e-21, 6.94500438403e-21, 3.57737520353e-20, 5.85671467916e-20, 3.27697939421e-20, 1.13909090525e-19, 4.36622219855e-19, 5.99201519024e-19, 1.28048086151e-18, 1.25180509461e-18, 2.08909881733e-18, 1.02366020307e-18, 2.35483038232e-18, 2.41887215291e-18, 5.82661515348e-18, 7.41163175988e-18, 4.58007134116e-18, 5.18859254904e-18, 3.05833343123e-18, 5.06686382292e-18, 3.07054427143e-18, 5.53594223187e-18, 1.04804048308e-17, 1.03872039097e-17, 1.15918485424e-17, 1.2742298783e-17, 1.68069700145e-17, 1.6882031692e-17, 1.48240145998e-17, 1.83681443805e-17, 1.71130797807e-17, 2.05474360767e-17, 1.68938951163e-17, 1.02897008221e-17, 1.00783528669e-17, 6.45365569451e-18, 3.19338720984e-18, 1.48740102232e-18, 3.54906443008e-19, 3.44756019239e-20], "median": [0.0483888424933, 0.97694003582, 4.02571201324, 3.20488595963, 3.17573881149, 3.57365655899, 4.81853961945, 12.4030399323, 13.8442239761, 16.9114570618, 18.4313659668, 13.3511295319, 12.4896240234, 15.5096530914, 15.1301231384, 21.2766304016, 28.7869758606, 30.434753418, 63.1995925903, 50.0816574097, 54.8555908203, 48.7541236877, 41.6048316956, 25.127910614, 27.780834198, 22.1068210602, 16.3854484558, 6.55814266205, 3.04402637482, 1.88047671318, 1.22154331207, 0.715009689331, 0.381800830364, 0.239447534084, 0.112279012799, 0.0485675409436, 0.0134772974998, 0.00291042588651, 0.000324735447066, 5.542049621e-05], "max": [1.28013408184, 15.8671703339, 49.8033256531, 50.1013450623, 145.438293457, 82.4728317261, 217.308105469, 302.575317383, 569.010925293, 484.010650635, 422.211425781, 348.3777771, 486.258239746, 554.224365234, 1021.09014893, 2226.05688477, 1460.79711914, 1563.38452148, 1593.24353027, 526.635314941, 826.853881836, 639.889587402, 664.38861084, 725.837280273, 910.478271484, 366.833953857, 241.811294556, 429.921936035, 697.278442383, 501.45022583, 415.604797363, 370.410003662, 233.924667358, 68.1256027222, 28.8989543915, 7.6982049942, 0.872152447701, 0.127437219024, 0.0113455606624, 0.000867278780788]}, "silence_rate_30dB": {"dmean": 0, "dvar2": 0, "mean": 1, "var": 0, "dmean2": 0, "dvar": 0, "min": 1, "median": 1, "max": 1}, "silence_rate_60dB": {"dmean": 0.00155219249427, "dvar2": 0.0041299732402, "mean": 0.0309105012566, "var": 0.0299551151693, "dmean2": 0.00310478662141, "dvar": 0.00154977175407, "min": 0, "median": 0, "max": 1}, "spectral_energyband_middle_low": {"dmean": 0.0045977011323, "dvar2": 0.000116627947136, "mean": 0.0101128434762, "var": 5.92943215452e-05, "dmean2": 0.00768206268549, "dvar": 4.50337611255e-05, "min": 3.71369082234e-22, "median": 0.00818331539631, "max": 0.0684458687901}, "spectral_spread": {"dmean": 305626.625, "dvar2": 312883544064, "mean": 3398565, "var": 1200932913150.0, "dmean2": 437838.84375, "dvar": 258393784320, "min": 622851.5625, "median": 3281023, "max": 40612684}, "barkbands": {"dmean": [6.44570100121e-05, 0.00469770934433, 0.00240429048426, 0.0011912867194, 0.00146959489211, 0.00127702450845, 0.00140206096694, 0.000765208213124, 0.000546997529455, 0.000313894444844, 0.000345877662767, 0.000436279311543, 0.000630005379207, 0.000657768105157, 0.000761138624512, 0.000627076777164, 0.000424429541454, 0.000293693854474, 0.000266089162324, 0.000213275561691, 0.000138497256557, 0.000132610381115, 0.000120889504615, 7.47460435377e-05, 3.6174074921