{"tonal": {"hpcp": {"dvar": [0.0327509082854, 0.0236343014985, 0.0208400320262, 0.0254296008497, 0.0322317257524, 0.0358752496541, 0.0414525307715, 0.0325801260769, 0.0352840460837, 0.037113443017, 0.0276709422469, 0.0235498528928, 0.0192551575601, 0.015821505338, 0.0156344138086, 0.0200168415904, 0.0203241985291, 0.019914964214, 0.0250452961773, 0.0284646283835, 0.0362357832491, 0.0465027652681, 0.0413030423224, 0.0402444601059, 0.0356924794614, 0.0335297957063, 0.0374838188291, 0.0325897149742, 0.0227765198797, 0.023992497474, 0.0263346098363, 0.0186918061227, 0.017293728888, 0.0157020967454, 0.0213400628418, 0.0293297357857], "var": [0.110324345529, 0.0309196785092, 0.0157108884305, 0.0190062113106, 0.0271041616797, 0.0608587786555, 0.112442813814, 0.0492351353168, 0.0655890181661, 0.116923123598, 0.0493642017245, 0.0213862843812, 0.0174323841929, 0.0126002831385, 0.0209968928248, 0.041337069124, 0.0230364836752, 0.0160638410598, 0.0199721194804, 0.0279147531837, 0.068931221962, 0.144613593817, 0.0752395540476, 0.07143189013, 0.0860308036208, 0.0395896695554, 0.0296235177666, 0.0253789387643, 0.0196308474988, 0.0430370420218, 0.0632040277123, 0.0222789850086, 0.0132377874106, 0.0123294247314, 0.0173991061747, 0.0762294456363], "median": [0.0603570044041, 0.0325082615018, 0.00576401874423, 0.00533867068589, 0.00925581529737, 0.0707312598825, 0.117018178105, 0.0858209580183, 0.0607154890895, 0.0607678703964, 0.0320252254605, 0.00920483190566, 0.00701426109299, 0.00565125700086, 0.0213303044438, 0.0368365868926, 0.0252193342894, 0.00781191699207, 0.00767458695918, 0.0145579557866, 0.14946770668, 0.269400715828, 0.192967399955, 0.0402223542333, 0.0155441667885, 0.00817734003067, 0.00796671677381, 0.0102628590539, 0.0139350891113, 0.0527701973915, 0.0724215507507, 0.0386968813837, 0.00948074273765, 0.00775011163205, 0.0107534881681, 0.0419624820352], "max": [1, 1, 1, 1, 1, 1, 1, 1, 1, 1, 1, 1, 1, 1, 1, 1, 1, 1, 1, 1, 1, 1, 1, 1, 1, 1, 1, 1, 1, 1, 1, 1, 1, 1, 1, 1], "dmean": [0.10192283988, 0.0846905484796, 0.0556905344129, 0.0608340501785, 0.0827466920018, 0.121059753001, 0.13475613296, 0.124312400818, 0.121082611382, 0.113140232861, 0.0928025320172, 0.0609784126282, 0.0482976287603, 0.0418771021068, 0.0553395375609, 0.0710361227393, 0.0652083978057, 0.0570429079235, 0.0644948780537, 0.086151920259, 0.141856625676, 0.156283631921, 0.164719074965, 0.130365610123, 0.104500778019, 0.0927115753293, 0.0851690471172, 0.0749966800213, 0.0680659040809, 0.0893001481891, 0.0948485657573, 0.0724361613393, 0.0503838546574, 0.0468646995723, 0.0680273473263, 0.103680454195], "dmean2": [0.170814886689, 0.148864716291, 0.101816944778, 0.111926287413, 0.151134118438, 0.209782138467, 0.227479219437, 0.215153247118, 0.211413577199, 0.192904233932, 0.159684449434, 0.109487727284, 0.0865551903844, 0.0753628015518, 0.0966725945473, 0.119318425655, 0.113678529859, 0.103719212115, 0.116835445166, 0.151941329241, 0.240223422647, 0.260481834412, 0.27976578474, 0.226170420647, 0.18148098886, 0.162543803453, 0.152308121324, 0.137426272035, 0.122983418405, 0.152669012547, 0.159202471375, 0.126791983843, 0.0923933833838, 0.0848329886794, 0.123922675848, 0.179225295782], "mean": [0.233736246824, 0.111205764115, 0.0427450239658, 0.0455217249691, 0.0668980851769, 0.189112991095, 0.279680758715, 0.181406453252, 0.183518454432, 0.24597415328, 0.141728490591, 0.0539722070098, 0.0427575483918, 0.0350195914507, 0.0752933844924, 0.118361152709, 0.0832792818546, 0.0488990396261, 0.0526858977973, 0.077150799334, 0.254372388124, 0.41719943285, 0.286806493998, 0.172144949436, 0.16176609695, 0.0975787192583, 0.0660889521241, 0.0601783171296, 0.0607308968902, 0.134843543172, 0.17508366704, 0.095370516181, 0.0422977805138, 0.0387368239462, 0.0588786378503, 0.185671344399], "dvar2": [0.0789668262005, 0.0638373270631, 0.0570126138628, 0.070949986577, 0.0921137034893, 0.0972926616669, 0.105142764747, 0.0895385593176, 0.0959982722998, 0.0925691202283, 0.0755526050925, 0.0650416612625, 0.0514169856906, 0.0430563613772, 0.0434875078499, 0.0517446622252, 0.0557813644409, 0.0548144318163, 0.068187199533, 0.0751928463578, 0.0972744822502, 0.111358828843, 0.110300600529, 0.106890261173, 0.091248691082, 0.0893988162279, 0.102163821459, 0.0906037986279, 0.065250068903, 0.0645679756999, 0.0672841966152, 0.0542338751256, 0.0495235174894, 0.0434434823692, 0.0605404637754, 0.0755214169621], "min": [0, 0, 0, 0, 0, 0, 0, 0, 0, 0, 0, 0, 0, 0, 0, 0, 0, 0, 0, 0, 0, 0, 0, 0, 0, 0, 0, 0, 0, 0, 0, 0, 0, 0, 0, 0]}, "key_key": "A", "thpcp": [1, 0.687456548214, 0.412620276213, 0.387742847204, 0.233889862895, 0.158410936594, 0.144243523479, 0.145568028092, 0.323211222887, 0.419664204121, 0.228596940637, 0.101385042071, 0.0928496569395, 0.141128271818, 0.445042192936, 0.560250639915, 0.266553014517, 0.102457053959, 0.109112627804, 0.160350367427, 0.453291594982, 0.67037665844, 0.43481951952, 0.439881831408, 0.589584112167, 0.339714020491, 0.129367887974, 0.102487072349, 0.0839396938682, 0.180473357439, 0.283704012632, 0.199615046382, 0.117207825184, 0.126284688711, 0.184925466776, 0.609714150429], "chords_key": "E", "tuning_equal_tempered_deviation": 0.0329528525472, "tuning_frequency": 441.017791748, "tuning_diatonic_strength": 0.542749524117, "chords_histogram": [20.5446529388, 14.9579496384, 25.2302761078, 7.10853004456, 0.740889072418, 0.100120142102, 0, 5.82699251175, 0.240288347006, 6.94833803177, 0.480576694012, 0, 0, 0, 0, 0.620744884014, 0.120144173503, 0, 1.98237884045, 0, 0.020024029538, 0, 3.52422904968, 11.5538644791], "key_strength": 0.790737569332, "key_scale": "minor", "chords_strength": {"dvar": 5.06702563143e-05, "var": 0.00750156166032, "median": 0.494399875402, "max": 0.757913410664, "dmean": 0.00784811470658, "dmean2": 0.00686574680731, "mean": 0.49496525526, "dvar2": 5.33970815013e-05, "min": 0.28830704093}, "chords_number_rate": 0.00180216261651, "tuning_nontempered_energy_ratio": 0.637507557869, "hpcp_entropy": {"dvar": 0.222194716334, "var": 0.471337199211, "median": 1.76132154465, "max": 3.64187598228, "dmean": 0.515649557114, "dmean2": 0.864617466927, "mean": 1.73516011238, "dvar2": 0.590950965881, "min": 0}, "chords_changes_rate": 0.0530636757612, "chords_scale": "minor"}, "rhythm": {"bpm_histogram_first_peak_spread": {"dvar": 0, "var": 0, "median": 0.510917067528, "max": 0.510917067528, "dmean": 0, "dmean2": 0, "mean": 0.510917067528, "dvar2": 0, "min": 0.510917067528}, "bpm_histogram_first_peak_weight": {"dvar": 0, "var": 0, "median": 0.260465115309, "max": 0.260465115309, "dmean": 0, "dmean2": 0, "mean": 0.260465115309, "dvar2": 0, "min": 0.260465115309}, "bpm_histogram_first_peak_bpm": {"dvar": 0, "var": 0, "median": 115, "max": 115, "dmean": 0, "dmean2": 0, "mean": 115, "dvar2": 0, "min": 115}, "bpm": 114.008415222, "bpm_histogram_second_peak_weight": {"dvar": 0, "var": 0, "median": 0.15581394732, "max": 0.15581394732, "dmean": 0, "dmean2": 0, "mean": 0.15581394732, "dvar2": 0, "min": 0.15581394732}, "beats_loudness": {"dvar": 0.000187696961802, "var": 0.000706216029357, "median": 0.0227247998118, "max": 0.119085557759, "dmean": 0.0128495972604, "dmean2": 0.0198435522616, "mean": 0.0302336867899, "dvar2": 0.000455382105429, "min": 9.74050617941e-10}, "beats_loudness_band_ratio": {"dvar": [0.0214670039713, 0.0221210941672, 0.00943813100457, 0.00770253455266, 0.000732255459297, 0.00598623976111], "var": [0.0371373705566, 0.0368123054504, 0.0231104940176, 0.00886389706284, 0.000736365851481, 0.00584493484348], "median": [0.37996801734, 0.272682219744, 0.176918953657, 0.0563869588077, 0.0162431485951, 0.0130689674988], "max": [0.952162384987, 0.961731851101, 0.740357398987, 0.598151147366, 0.178578108549, 0.990137517452], "dmean": [0.184853598475, 0.187729716301, 0.106272503734, 0.0670375749469, 0.0193267483264, 0.0230463352054], "dmean2": [0.304865300655, 0.326710671186, 0.176803842187, 0.116550907493, 0.0336134061217, 0.0388853289187], "mean": [0.405366182327, 0.301202982664, 0.2089060992, 0.0867106020451, 0.0244965739548, 0.0262841898948], "dvar2": [0.0632336810231, 0.0613839626312, 0.0226030368358, 0.0190124046057, 0.00181475072168, 0.014083031565], "min": [0.000921469356399, 0.000262818590272, 0.0011478952365, 0.00210673152469, 0.000488840392791, 0.000170789324329]}, "bpm_histogram_second_peak_bpm": {"dvar": 0, "var": 0, "median": 108, "max": 108, "dmean": 0, "dmean2": 0, "mean": 108, "dvar2": 0, "min": 108}, "onset_rate": 2.96741986275, "beats_count": 431, "beats_position": [0.603718817234, 1.20743763447, 1.8111563921, 2.41487526894, 3.03020405769, 3.64553284645, 4.26086139679, 4.86458063126, 5.45668935776, 6.06040811539, 6.66412687302, 7.26784563065, 7.85995435715, 8.45206356049, 9.04417228699, 9.63628101349, 10.22838974, 10.8204984665, 11.412607193, 11.9931058884, 12.5852155685, 13.1657142639, 13.7462129593, 14.3267116547, 14.90721035, 15.4877090454, 16.0565986633, 16.6254863739, 17.2059860229, 17.786485672, 18.3553733826, 18.9242630005, 19.5047607422, 20.0852603912, 20.6657600403, 21.246257782, 21.826757431, 22.3840351105, 22.9413146973, 23.5102043152, 24.0790920258, 24.6479816437, 25.2052612305, 25.7857589722, 26.3546485901, 26.9119262695, 27.4692058563, 28.0380954742, 28.6069831848, 29.1758728027, 29.7331504822, 30.3020401001, 30.8593196869, 31.4049873352, 31.9390468597, 32.4731063843, 33.0187759399, 33.5644454956, 34.1101112366, 34.7370529175, 35.3639907837, 35.9096603394, 36.4669380188, 37.0242156982, 37.5931053162, 38.1619949341, 38.7192726135, 39.2881622314, 39.8454399109, 40.3911094666, 40.9367790222, 41.4824485779, 42.0281181335, 42.5737876892, 43.1194534302, 43.6651229858, 44.2107925415, 44.7448501587, 45.2789115906, 45.8129692078, 46.347026825, 46.8810882568, 47.4267578125, 47.9724235535, 48.5180931091, 49.0637626648, 49.5978240967, 50.1318817139, 50.6775512695, 51.2232208252, 51.7688865662, 52.3145561218, 52.871837616, 53.4291152954, 53.9863929749, 54.5436706543, 55.1009521484, 55.6582298279, 56.2155075073, 56.7727890015, 57.3300666809, 57.8873443604, 58.4446258545, 59.0019035339, 59.5591812134, 60.1164627075, 60.673740387, 61.2310180664, 61.7882995605, 62.3339653015, 62.8796348572, 63.4253044128, 63.9709739685, 64.5050354004, 65.0390930176, 65.5731506348, 66.107208252, 66.6528778076, 67.1985473633, 67.7326049805, 68.2666625977, 68.8007278442, 69.3347854614, 69.8688430786, 70.4029006958, 70.9253463745, 71.4594116211, 71.9934692383, 72.515914917, 73.0499725342, 73.5724258423, 74.1064834595, 74.6289291382, 75.1513824463, 75.673828125, 76.1962814331, 76.7187271118, 77.2295684814, 77.7520141602, 78.2628555298, 78.7853012085, 79.3077545166, 79.8302001953, 80.3642578125, 80.8867111206, 81.4091567993, 81.9316101074, 82.4540557861, 82.9765090942, 83.4989547729, 84.0214080811, 84.5438537598, 85.0662994385, 85.5887527466, 86.1111984253, 86.6336517334, 87.1560974121, 87.6785507202, 88.2009963989, 88.7234420776, 89.2458953857, 89.7683410645, 90.2907943726, 90.8132400513, 91.3356933594, 91.8581390381, 92.3805847168, 92.9030380249, 93.4254837036, 93.9479370117, 94.4703826904, 94.9928359985, 95.5152816772, 96.037727356, 96.5601806641, 97.0942382812, 97.61668396, 98.1507492065, 98.6848068237, 99.2188644409, 99.7529220581, 100.298591614, 100.844261169, 101.413146973, 101.982040405, 102.550926208, 103.108207703, 103.677093506, 104.234375, 104.791656494, 105.348930359, 105.906211853, 106.463493347, 107.020767212, 107.578048706, 108.1353302, 108.692604065, 109.249885559, 109.807167053, 110.364440918, 110.910110474, 111.467391968, 112.024665833, 112.581947327, 113.127616882, 113.684898376, 114.242172241, 114.799453735, 115.356735229, 115.914009094, 116.471290588, 117.028572083, 117.585845947, 118.131515503, 118.677185059, 119.234466553, 119.791740417, 120.349021912, 120.894691467, 121.451972961, 121.997642517, 122.554916382, 123.112197876, 123.66947937, 124.226753235, 124.784034729, 125.329704285, 125.87537384, 126.409431458, 126.955101013, 127.48915863, 128.011611938, 128.534057617, 129.056503296, 129.578948975, 130.101409912, 130.623855591, 131.14630127, 131.668746948, 132.179595947, 132.702041626, 133.212875366, 133.735321045, 134.257781982, 134.780227661, 135.30267334, 135.81350708, 136.324356079, 136.846801758, 137.369247437, 137.891693115, 138.437362671, 138.971420288, 139.505477905, 140.051147461, 140.596817017, 141.142486572, 141.699768066, 142.245437622, 142.802719116, 143.348388672, 143.894058228, 144.439727783, 144.985397339, 145.542678833, 146.099945068, 146.657226562, 147.202896118, 147.748565674, 148.282623291, 148.816680908, 149.350738525, 149.884811401, 150.40725708, 150.929702759, 151.463760376, 151.986206055, 152.520263672, 153.054321289, 153.576782227, 154.087615967, 154.621673584, 155.144119263, 155.67817688, 156.200637817, 156.723083496, 157.245529175, 157.779586792, 158.302032471, 158.824493408, 159.346939087, 159.869384766, 160.380218506, 160.891067505, 161.413513184, 161.935958862, 162.458404541, 162.980865479, 163.514923096, 164.048980713, 164.571426392, 165.09387207, 165.616317749, 166.138778687, 166.649612427, 167.172058105, 167.694503784, 168.205352783, 168.727798462, 169.250244141, 169.761077881, 170.27192688, 170.78276062, 171.293609619, 171.816055298, 172.338500977, 172.849334717, 173.360183716, 173.882629395, 174.405075073, 174.915908813, 175.426757812, 175.937591553, 176.448425293, 176.97088623, 177.493331909, 178.027389526, 178.561447144, 179.095504761, 179.629562378, 180.163619995, 180.686080933, 181.208526611, 181.742584229, 182.265029907, 182.787475586, 183.309921265, 183.820770264, 184.343215942, 184.865661621, 185.399719238, 185.922180176, 186.456237793, 186.99029541, 187.489517212, 187.988754272, 188.499588013, 189.010421753, 189.521270752, 190.032104492, 190.542938232, 191.053787231, 191.564620972, 192.075454712, 192.586303711, 193.097137451, 193.607971191, 194.11882019, 194.629653931, 195.152099609, 195.662948608, 196.16217041, 196.673019409, 197.183853149, 197.706298828, 198.228744507, 198.751205444, 199.250427246, 199.761260986, 200.272109985, 200.782943726, 201.293777466, 201.804626465, 202.315460205, 202.826293945, 203.337142944, 203.847976685, 204.370422363, 204.892883301, 205.403717041, 205.914550781, 206.42539978, 206.936233521, 207.447067261, 207.95791626, 208.457138062, 208.956375122, 209.467208862, 209.989654541, 210.51210022, 211.034561157, 211.557006836, 212.067840576, 212.578674316, 213.089523315, 213.600357056, 214.111190796, 214.633651733, 215.156097412, 215.666931152, 216.177780151, 216.70022583, 217.222671509, 217.756729126, 218.290786743, 218.836456299, 219.382125854, 219.962631226, 220.531509399, 221.100402832, 221.669296265, 222.238174438, 222.807067871, 223.364349365, 223.910018921, 224.397644043, 224.873641968, 225.36126709, 225.848892212, 226.313278198, 226.777679443, 227.253692627, 227.683258057, 228.112823486, 228.530792236, 228.960357666, 229.389923096, 229.819503784, 230.249069214, 230.678634644, 231.108200073], "danceability": 0.894661843777, "bpm_histogram_second_peak_spread": {"dvar": 0, "var": 0, "median": 0.531468510628, "max": 0.531468510628, "dmean": 0, "dmean2": 0, "mean": 0.531468510628, "dvar2": 0, "min": 0.531468510628}}, "lowlevel": {"spectral_flux": {"dvar": 0.000536713690963, "var": 0.0023400792852, "median": 0.0526771061122, "max": 0.311412364244, "dmean": 0.0170436874032, "dmean2": 0.0264538154006, "mean": 0.0623298659921, "dvar2": 0.0011370817665, "min": 1.06700086266e-10}, "spectral_rolloff": {"dvar": 940284.5, "var": 4896096.5, "median": 602.9296875, "max": 19616.7480469, "dmean": 270.827178955, "dmean2": 447.477966309, "mean": 1104.53356934, "dvar2": 1852689.875, "min": 64.599609375}, "barkbands_flatness_db": {"dvar": 0.000286668742774, "var": 0.00251375557855, "median": 0.148742616177, "max": 0.35542267561, "dmean": 0.0171937923878, "dmean2": 0.0265269242227, "mean": 0.156045079231, "dvar2": 0.000651284004562, "min": 0.0261450204998}, "spectral_centroid": {"dvar": 33156.1679688, "var": 228944.578125, "median": 673.592834473, "max": 11130.0507812, "dmean": 110.4164505, "dmean2": 170.639801025, "mean": 770.135925293, "dvar2": 60504.5820312, "min": 176.753433228}, "melbands_skewness": {"dvar": 0.290489852428, "var": 1.59189128876, "median": 2.17584276199, "max": 11.3394031525, "dmean": 0.512877225876, "dmean2": 0.813808441162, "mean": 2.31008148193, "dvar2": 0.725428581238, "min": -1.08055579662}, "melbands": {"dvar": [1.07643199954e-06, 3.14657859235e-06, 7.20683942745e-07, 4.11105560261e-07, 3.47430528791e-07, 4.06880417358e-07, 1.53291480842e-07, 7.06354910562e-07, 8.56608082245e-08, 1.77658051825e-07, 1.04415143198e-08, 2.11338213596e-09, 1.37665967515e-08, 2.37115518331e-08, 4.06694091737e-08, 6.03546084221e-08, 1.17009353318e-08, 2.53216669854e-09, 5.10751774208e-10, 2.14403036991e-10, 9.6280601547e-11, 7.25326673723e-11, 3.90662502348e-11, 2.27513910489e-11, 1.18446363828e-11, 1.03812045765e-11, 9.51984151232e-12, 2.53196205321e-12, 1.18494070892e-12, 1.64684964884e-12, 7.08508165331e-12, 2.68764420441e-11, 2.84110183296e-11, 4.4525660936e-11, 1.31094206671e-11, 7.61493992862e-12, 1.11690353147e-11, 8.53757516073e-12, 1.08058171785e-11, 1.50274237498e-11], "var": [9.44482906107e-07, 3.10896507472e-06, 9.97578695205e-07, 7.92036246366e-07, 1.26080954033e-06, 1.40601332532e-06, 3.25096863207e-07, 1.9460171643e-06, 2.19160185111e-07, 3.3441767755e-07, 2.13974047369e-08, 5.95134164172e-09, 2.83380838795e-08, 3.18159507628e-08, 8.29371344935e-08, 1.30225501493e-07, 1.86378965594e-08, 4.45297443363e-09, 1.06523823096e-09, 3.28743476885e-10, 1.48245610232e-10, 1.35268324319e-10, 6.41310268779e-11, 5.30243106367e-11, 2.85164010461e-11, 2.51943708951e-11, 2.24076382449e-11, 7.5106856498e-12, 3.53239139328e-12, 4.54983750328e-12, 1.45171140734e-11, 4.71087266418e-11, 5.99913660415e-11, 6.72660260825e-11, 2.32396029504e-11, 1.93831929673e-11, 2.4851684946e-11, 1.26692918309e-11, 2.00744351697e-11, 3.19169031482e-11], "median": [0.000130225453177, 0.000844532100018, 0.000469202524982, 0.000274098943919, 0.000256125291344, 0.000231195619563, 0.000135564390803, 0.000129144405946, 8.53979145177e-05, 4.85768250655e-05, 1.65395176737e-05, 1.70209423231e-05, 3.09428942273e-05, 1.82907278941e-05, 1.32202303575e-05, 6.77658135828e-06, 8.61800072016e-06, 5.2081454669e-06, 2.6351390261e-06, 2.67270388576e-06, 2.93004723062e-06, 3.08598555421e-06, 1.99648093258e-06, 1.57890815444e-06, 1.53073960973e-06, 1.30188254843e-06, 1.08392123366e-06, 8.49459524943e-07, 6.7104417667e-07, 5.29846488462e-07, 6.40283360553e-07, 5.2786890592e-07, 4.38564995875e-07, 3.03637477828e-07, 2.14525201159e-07, 1.9156397002e-07, 1.21733705782e-07, 7.93228736029e-08, 8.92811584663e-08, 7.52493747314e-08], "max": [0.0119095593691, 0.0283182822168, 0.0130586437881, 0.0225397460163, 0.0124217774719, 0.0167610775679, 0.0113318888471, 0.0185358207673, 0.00635667936876, 0.00904380064458, 0.00296245655045, 0.00132746307645, 0.00278779026121, 0.00655922060832, 0.00776763306931, 0.00937661528587, 0.00491704745218, 0.0018622771604, 0.00123714166693, 0.000710496155079, 0.000478374160593, 0.000315167999361, 0.000180900358828, 0.000255444989307, 0.000203372852411, 0.000154061461217, 0.000114545109682, 3.97596268158e-05, 3.0898154364e-05, 6.23470987193e-05, 0.000104151637061, 0.000217658845941, 0.000365300307749, 0.000567416835111, 0.000192555453395, 0.000155370973516, 0.000170513245394, 0.000142047938425, 0.000183262789506, 0.000140838368679], "dmean": [0.000334553362336, 0.000701574317645, 0.000408631953178, 0.000323505199049, 0.00030656484887, 0.000284150039079, 0.000168752390891, 0.000374972703867, 0.000135524067446, 0.000152212087414, 3.37872334057e-05, 2.17317974602e-05, 5.15251194884e-05, 3.27113448293e-05, 5.15859246661e-05, 5.36834995728e-05, 2.49507320405e-05, 1.27352950585e-05, 5.02770853927e-06, 4.04442562285e-06, 3.48896355717e-06, 3.23431095239e-06, 2.49757090387e-06, 1.35658410727e-06, 1.3566883581e-06, 1.3141184354e-06, 1.11509859835e-06, 7.6192469578e-07, 5.36157756414e-07, 5.23854453149e-07, 7.90846229393e-07, 1.14722502076e-06, 1.114192969e-06, 9.05321201117e-07, 5.80469475153e-07, 5.47637341697e-07, 5.1806847523e-07, 3.75968340904e-07, 4.87267868721e-07, 5.84603355946e-07], "dmean2": [0.000578467617743, 0.00123374885879, 0.000676638737787, 0.000515539606567, 0.000465818855446, 0.000447570520919, 0.000277983286651, 0.000629362708423, 0.000217008331674, 0.000248985103099, 5.49284450244e-05, 3.42980092682e-05, 8.22620422696e-05, 5.15082647325e-05, 7.90907870396e-05, 7.93895014795e-05, 3.84165505238e-05, 1.97975587071e-05, 7.71895065554e-06, 6.52862627248e-06, 5.50672848476e-06, 5.20045750818e-06, 4.08507958127e-06, 2.17397905544e-06, 2.19579419536e-06, 2.1042753815e-06, 1.77076901764e-06, 1.19274955068e-06, 8.30794192552e-07, 8.11968618564e-07, 1.2139574892e-06, 1.7298068542e-06, 1.68162773662e-06, 1.35338655127e-06, 8.79197614267e-07, 7.83430834872e-07, 7.71440284097e-07, 5.55037672711e-07, 7.03539967617e-07, 8.80440381934e-07], "mean": [0.000439100636868, 0.00129130366258, 0.000780818401836, 0.000583388318773, 0.000685686536599, 0.000610361283179, 0.000337262434186, 0.000722232914995, 0.000275183789199, 0.000255616265349, 5.95600395172e-05, 4.47313723271e-05, 9.041755402e-05, 5.65214868402e-05, 8.79581493791e-05, 9.50755566009e-05, 4.04869497288e-05, 2.10932339542e-05, 8.80859442987e-06, 6.71455791235e-06, 6.57290138406e-06, 6.22452944299e-06, 4.39847462985e-06, 2.89216541205e-06, 2.90268803838e-06, 2.71197177426e-06, 2.45473665927e-06, 1.75806803782e-06, 1.29090039991e-06, 1.18104264857e-06, 1.67099847204e-06, 2.22411654249e-06, 2.16331113734e-06, 1.65363724136e-06, 1.05161336705e-06, 9.83220274975e-07, 8.38941730308e-07, 5.76494755933e-07, 7.97584220891e-07, 9.43487293625e-07], "dvar2": [2.86029057861e-06, 9.10513608687e-06, 1.85001124464e-06, 1.00150509752e-06, 7.54598772801e-07, 9.02996077912e-07, 3.85047030704e-07, 1.97090503207e-06, 2.10538388501e-07, 4.76472905575e-07, 2.72697402437e-08, 5.22267473713e-09, 3.42610455561e-08, 6.24993745646e-08, 9.27104650827e-08, 1.39727006854e-07, 2.63322910143e-08, 6.0782374689e-09, 1.0538845352e-09, 4.57517551622e-10, 2.40841707688e-10, 1.80923873105e-10, 1.00985587947e-10, 5.5697953194e-11, 2.74024015284e-11, 2.43996385596e-11, 2.18049172468e-11, 5.86347550374e-12, 2.74298661042e-12, 3.41999302142e-12, 1.53691608051e-11, 6.13353812184e-11, 5.91983059794e-11, 1.0379620774e-10, 3.09441292035e-11, 1.51408365012e-11, 2.09106950505e-11, 1.90894557106e-11, 2.31244103727e-11, 3.24609297775e-11], "min": [2.51946143474e-23, 1.73468588237e-23, 4.12395142562e-24, 2.57799862155e-24, 2.15180764282e-24, 7.12001003934e-24, 3.10041110641e-23, 1.16815430035e-23, 8.67681125858e-24, 1.35657475308e-23, 7.41794229286e-24, 1.61801950761e-23, 9.58580700219e-24, 1.49147738317e-23, 9.27889672271e-24, 1.85083350221e-23, 9.76760630869e-24, 8.92201762691e-24, 8.54118792517e-24, 1.22593560065e-23, 1.27422501098e-23, 6.78489324933e-24, 5.58145872272e-24, 7.47610974057e-24, 1.17367459119e-23, 1.22383999165e-23, 4.93580644294e-24, 6.73889555881e-24, 4.94358461146e-24, 7.92913993666e-24, 1.21335721351e-23, 1.35808116187e-23, 1.12314678804e-23, 1.09230934751e-23, 1.06572426168e-23, 9.53630203608e-24, 9.13393800935e-24, 7.18080833817e-24, 1.42650190808e-23, 9.13407921545e-24]}, "spectral_decrease": {"dvar": 7.56143168728e-18, "var": 2.98998494478e-17, "median": -3.91733312455e-09, "max": 5.63058931077e-13, "dmean": 1.60506419267e-09, "dmean2": 2.5340616272e-09, "mean": -5.62911806057e-09, "dvar2": 1.8118580681e-17, "min": -3.93756636186e-08}, "barkbands_kurtosis": {"dvar": 18.2638816833, "var": 95.4282073975, "median": 5.10520076752, "max": 124.187835693, "dmean": 2.89643168449, "dmean2": 4.62748098373, "mean": 7.60215330124, "dvar2": 43.5695419312, "min": -1.92456841469}, "silence_rate_30dB": {"dvar": 0.0027961852029, "var": 0.00179931090679, "median": 1, "max": 1, "dmean": 0.00280420621857, "dmean2": 0.00560897449031, "mean": 0.998197495937, "dvar2": 0.00758011220023, "min": 0}, "gfcc": {"mean": [-56.6131286621, 106.346435547, -93.9278182983, 15.9388742447, -63.7861251831, 8.0645570755, -38.3244247437, 3.09655761719, -24.9884300232, 4.8108549118, -15.9013967514, -0.730105221272, -17.6034908295], "cov": [[21460.8867188, 5.72686624527, -1328.89746094, -50.5144195557, -1006.25817871, 312.356964111, -350.71786499, -112.167785645, -307.940582275, 355.589141846, -259.612213135, 330.998626709, -503.163696289], [5.72686624527, 1371.26635742, -284.205963135, 117.675476074, -16.0019683838, -116.440696716, 17.7118873596, -7.71133565903, 30.5416088104, -112.384841919, 84.2195205688, -120.852104187, 118.729705811], [-1328.89746094, -284.205963135, 547.556762695, -23.9902267456, 93.5418167114, 21.8022651672, -33.0145301819, 15.1686449051, 6.72036886215, 5.88627958298, -15.8464021683, 42.9653968811, 17.2094764709], [-50.5144195557, 117.675476074, -23.9902267456, 205.34324646, 12.3057966232, -9.93267440796, -6.66470336914, 23.1358966827, 28.7420005798, -21.717124939, 17.900302887, -15.3886175156, 50.4636993408], [-1006.25817871, -16.0019683838, 93.5418167114, 12.3057966232, 207.558303833, 14.3064365387, 19.5954437256, 6.01839256287, 5.44756031036, -7.58951711655, 10.9730739594, -10.7448720932, 16.7570800781], [312.356964111, -116.440696716, 21.8022651672, -9.93267440796, 14.3064365387, 131.757080078, 46.7836647034, 28.3513832092, 5.05334234238, 34.5787353516, 2.20284843445, 9.44913673401, -30.5228652954], [-350.71786499, 17.7118873596, -33.0145301819, -6.66470336914, 19.5954437256, 46.7836647034, 190.226333618, 84.1889953613, 54.4452667236, 9.68941497803, 20.769952774, -13.1356048584, -15.2125473022], [-112.167785645, -7.71133565903, 15.1686449051, 23.1358966827, 6.01839256287, 28.3513832092, 84.1889953613, 137.072402954, 62.2174186707, 21.8581943512, 2.44665646553, -8.18193340302, 5.1945400238], [-307.940582275, 30.5416088104, 6.72036886215, 28.7420005798, 5.44756031036, 5.05334234238, 54.4452667236, 62.2174186707, 116.851463318, 25.0905799866, 9.36646270752, -15.8454694748, 10.1835241318], [355.589141846, -112.384841919, 5.88627958298, -21.717124939, -7.58951711655, 34.5787353516, 9.68941497803, 21.8581943512, 25.0905799866, 99.0853042603, 12.1139431, 12.3191175461, -29.3705062866], [-259.612213135, 84.2195205688, -15.8464021683, 17.900302887, 10.9730739594, 2.20284843445, 20.769952774, 2.44665646553, 9.36646270752, 12.1139431, 86.7156448364, 7.68240261078, 21.0469417572], [330.998626709, -120.852104187, 42.9653968811, -15.3886175156, -10.7448720932, 9.44913673401, -13.1356048584, -8.18193340302, -15.8454694748, 12.3191175461, 7.68240261078, 88.2432250977, 9.00297641754], [-503.163696289, 118.729705811, 17.2094764709, 50.4636993408, 16.7570800781, -30.5228652954, -15.2125473022, 5.1945400238, 10.1835241318, -29.3705062866, 21.0469417572, 9.00297641754, 103.34413147]], "icov": [[0.000127075472847, -0.000134053756483, 0.00025303021539, -0.000174683853402, 0.000377352087526, -0.000325975648593, 0.000287948583718, -0.000148106599227, 0.000242867550696, -0.000380917597795, 0.000445170182502, -0.000701653712895, 0.000546522147488], [-0.000134053756483, 0.00137464853469, 0.000210081270779, 0.000112909598101, -0.000293805351248, 0.000795687257778, -0.000317304540658, 0.000177016845555, -0.000446127029136, 0.00132340821438, -0.00158922630362, 0.00218182080425, -0.00154139951337], [0.00025303021539, 0.000210081270779, 0.00292362621985, 4.72901920148e-05, -0.000320709572406, -0.000882043968886, 0.00141897029243, -0.000887460424565, -4.26165424869e-05, -0.000212244136492, 0.000927004031837, -0.00199743965641, 0.00045471888734], [-0.000174683853402, 0.000112909598101, 4.72901920148e-05, 0.00637529604137, -0.000749342725612, -0.000257932057139, 0.00089681945974, -0.000957255659159, -0.00168098777067, 0.00179299234878, -0.00151269929484, 0.00177011231426, -0.00304666440934], [0.000377352087526, -0.000293805351248, -0.000320709572406, -0.000749342725612, 0.00674618314952, -0.00153993431013, -1.95365555555e-05, 0.000112926893053, 0.000971644883975, -0.000860389613081, 0.000616658770014, -0.000621314160526, 0.000625133281574], [-0.000325975648593, 0.000795687257778, -0.000882043968886, -0.000257932057139, -0.00153993431013, 0.0109645435587, -0.00308390334249, -0.000464338139864, 0.00090476416517, -0.00157160195522, -0.00128804333508, 0.00128193735145, 0.000443882861873], [0.000287948583718, -0.000317304540658, 0.00141897029243, 0.00089681945974, -1.95365555555e-05, -0.00308390334249, 0.00987759046257, -0.00509206019342, -0.00192253582645, 0.00169959443156, -0.00152539240662, -0.00147953012493, 0.0030066089239], [-0.000148106599227, 0.000177016845555, -0.000887460424565, -0.000957255659159, 0.000112926893053, -0.000464338139864, -0.00509206019342, 0.0128757795319, -0.00403345562518, -0.00156955386046, 0.00138180877548, 0.00117101345677, -0.00229351292364], [0.000242867550696, -0.000446127029136, -4.26165424869e-05, -0.00168098777067, 0.000971644883975, 0.00090476416517, -0.00192253582645, -0.00403345562518, 0.013738793321, -0.00473678624257, 0.00115552160423, 0.000639340491034, -0.000438680261141], [-0.000380917597795, 0.00132340821438, -0.000212244136492, 0.00179299234878, -0.000860389613081, -0.00157160195522, 0.00169959443156, -0.00156955386046, -0.00473678624257, 0.0163278933614, -0.00536626018584, 0.00097113463562, 0.00190462532919], [0.000445170182502, -0.00158922630362, 0.000927004031837, -0.00151269929484, 0.000616658770014, -0.00128804333508, -0.00152539240662, 0.00138180877548, 0.00115552160423, -0.00536626018584, 0.0164081323892, -0.00484215421602, -0.000755634799134], [-0.000701653712895, 0.00218182080425, -0.00199743965641, 0.00177011231426, -0.000621314160526, 0.00128193735145, -0.00147953012493, 0.00117101345677, 0.000639340491034, 0.00097113463562, -0.00484215421602, 0.0189940389246, -0.00670743454248], [0.000546522147488, -0.00154139951337, 0.00045471888734, -0.00304666440934, 0.000625133281574, 0.000443882861873, 0.0030066089239, -0.00229351292364, -0.000438680261141, 0.00190462532919, -0.000755634799134, -0.00670743454248, 0.0174305345863]]}, "silence_rate_20dB": {"dvar": 0, "var": 0, "median": 1, "max": 1, "dmean": 0, "dmean2": 0, "mean": 1, "dvar2": 0, "min": 1}, "barkbands_skewness": {"dvar": 0.215542107821, "var": 1.69320070744, "median": 1.7611105442, "max": 8.71977901459, "dmean": 0.44239127636, "dmean2": 0.690254509449, "mean": 1.79828023911, "dvar2": 0.503376066685, "min": -10.131480217}, "erbbands_skewness": {"dvar": 0.105898275971, "var": 0.694958269596, "median": 1.02763092518, "max": 6.17804765701, "dmean": 0.339608252048, "dmean2": 0.532397031784, "mean": 1.07758665085, "dvar2": 0.253355801105, "min": -2.85276436806}, "spectral_contrast_valleys": {"dvar": [0.136578321457, 0.0701316893101, 0.0639928728342, 0.0501524060965, 0.0412082709372, 0.10280546546], "var": [2.02162861824, 2.15926408768, 2.25173902512, 2.07122087479, 2.11232924461, 2.08997631073], "median": [-7.56390285492, -6.47496891022, -7.42812538147, -8.00577068329, -8.00846672058, -10.5807876587], "max": [-5.12418317795, -4.47857904434, -5.3215045929, -6.02852201462, -6.37299346924, -7.42352867126], "dmean": [0.412061154842, 0.288902163506, 0.275962591171, 0.23243458569, 0.177098661661, 0.243943378329], "dmean2": [0.683728218079, 0.479066610336, 0.448474794626, 0.36661913991, 0.267667531967, 0.329403996468], "mean": [-7.81541252136, -6.78073120117, -7.81696557999, -8.40028190613, -8.53736305237, -10.8929376602], "dvar2": [0.332369148731, 0.165124595165, 0.14478635788, 0.0993954986334, 0.070587746799, 0.187860324979], "min": [-26.9022274017, -27.4388141632, -26.9481678009, -27.2490139008, -27.234664917, -27.4316501617]}, "spectral_strongpeak": {"dvar": 0.742139399052, "var": 1.47045147419, "median": 0.454237490892, "max": 11.6377706528, "dmean": 0.441910475492, "dmean2": 0.745655119419, "mean": 0.91722881794, "dvar2": 1.83864462376, "min": 0}, "erbbands_crest": {"dvar": 6.1603178978, "var": 25.7686977386, "median": 9.98239135742, "max": 31.4462718964, "dmean": 2.57699990273, "dmean2": 4.1169424057, "mean": 11.225233078, "dvar2": 15.3105840683, "min": 2.21117711067}, "barkbands_crest": {"dvar": 3.95296859741, "var": 15.0307006836, "median": 9.6053609848, "max": 25.7360553741, "dmean": 2.14141607285, "dmean2": 3.52370786667, "mean": 10.3445043564, "dvar2": 10.2278003693, "min": 2.82587456703}, "spectral_energyband_middle_low": {"dvar": 5.04953532072e-05, "var": 0.000216194646782, "median": 0.00862110685557, "max": 0.115610167384, "dmean": 0.00445030722767, "dmean2": 0.00702175730839, "mean": 0.0139142982662, "dvar2": 0.000118124313303, "min": 3.31870299217e-22}, "spectral_contrast_coeffs": {"dvar": [0.0014827856794, 0.0011780699715, 0.00081023882376, 0.000495631946251, 0.000199490095838, 0.000184475458809], "var": [0.00863734818995, 0.00529270619154, 0.00364308711141, 0.00347668584436, 0.00125061336439, 0.00188233761583], "median": [-0.616511821747, -0.717581987381, -0.766576170921, -0.80182659626, -0.81174737215, -0.774517893791], "max": [-0.274375170469, -0.41186696291, -0.530231118202, -0.486281424761, -0.655142843723, -0.646122395992], "dmean": [0.0450030975044, 0.0408311523497, 0.0342063680291, 0.0258034206927, 0.0168968215585, 0.0144887370989], "dmean2": [0.0755492970347, 0.0681506022811, 0.0562263801694, 0.0417804792523, 0.0278212688863, 0.0230412185192], "mean": [-0.615016400814, -0.715853631496, -0.763425946236, -0.793467521667, -0.81066352129, -0.779375970364], "dvar2": [0.0038884812966, 0.00328837102279, 0.00214863149449, 0.00123696145602, 0.000503246264998, 0.000430452288128], "min": [-0.965396881104, -0.954520761967, -0.973825454712, -0.961946249008, -0.962611675262, -0.953489303589]}, "hfc": {"dvar": 129.59437561, "var": 520.806640625, "median": 7.71661567688, "max": 501.698883057, "dmean": 4.25305891037, "dmean2": 6.02557182312, "mean": 14.9287319183, "dvar2": 244.932022095, "min": 1.29626070895e-16}, "spectral_energyband_high": {"dvar": 1.07231994662e-06, "var": 3.37832648256e-06, "median": 0.000137732378789, "max": 0.0450253784657, "dmean": 0.000215224790736, "dmean2": 0.000288890936645, "mean": 0.000511764606927, "dvar2": 1.89331410638e-06, "min": 8.45590227944e-21}, "erbbands_spread": {"dvar": 54.3917922974, "var": 301.841369629, "median": 26.9940052032, "max": 170.03225708, "dmean": 5.61780691147, "dmean2": 8.59402275085, "mean": 30.04322052, "dvar2": 109.880821228, "min": 2.121509552}, "dissonance": {"dvar": 0.000443035009084, "var": 0.0010285556782, "median": 0.452966034412, "max": 0.500000059605, "dmean": 0.0235296692699, "dmean2": 0.0401543416083, "mean": 0.447693139315, "dvar2": 0.00126257434022, "min": 0.266409754753}, "spectral_kurtosis": {"dvar": 4.20523738861, "var": 18.3189582825, "median": 5.38197612762, "max": 45.8304023743, "dmean": 1.63777327538, "dmean2": 2.71789646149, "mean": 6.42598295212, "dvar2": 10.876033783, "min": -1.19558060169}, "spectral_skewness": {"dvar": 0.0401892513037, "var": 0.32784307003, "median": 1.95244717598, "max": 5.34105682373, "dmean": 0.19804340601, "dmean2": 0.315699249506, "mean": 2.03447914124, "dvar2": 0.0934308618307, "min": -0.0205765161663}, "pitch_salience": {"dvar": 0.00302932783961, "var": 0.00947901420295, "median": 0.555873930454, "max": 0.939936161041, "dmean": 0.0604985915124, "dmean2": 0.100023403764, "mean": 0.554813623428, "dvar2": 0.0081804683432, "min": 0.148135587573}, "spectral_complexity": {"dvar": 4.04295253754, "var": 48.5769615173, "median": 12, "max": 44, "dmean": 1.89063596725, "dmean2": 3.02824521065, "mean": 12.4768676758, "dvar2": 9.23837947845, "min": 0}, "spectral_spread": {"dvar": 661133197312, "var": 4449689927680.0, "median": 4444239.5, "max": 41347256, "dmean": 525530.375, "dmean2": 760124.4375, "mean": 4818990, "dvar2": 1150338596860.0, "min": 1588311.75}, "dynamic_complexity": 6.06715774536, "melbands_crest": {"dvar": 6.20438337326, "var": 18.7625293732, "median": 12.8240594864, "max": 32.0453872681, "dmean": 2.72378563881, "dmean2": 4.56552505493, "mean": 13.4381809235, "dvar2": 17.2216644287, "min": 1.89775931835}, "zerocrossingrate": {"dvar": 0.000201105271117, "var": 0.00446121627465, "median": 0.0361328125, "max": 0.779296875, "dmean": 0.00762872816995, "dmean2": 0.00904650520533, "mean": 0.0486344955862, "dvar2": 0.000183412907063, "min": 0.00537109375}, "spectral_energyband_low": {"dvar": 5.64508809475e-05, "var": 5.65052578168e-05, "median": 0.00386453699321, "max": 0.105953149498, "dmean": 0.00292170001194, "dmean2": 0.00501994136721, "mean": 0.00556311896071, "dvar2": 0.000155205620104, "min": 1.17693137189e-22}, "melbands_kurtosis": {"dvar": 50.1025009155, "var": 179.049575806, "median": 8.88362979889, "max": 219.513580322, "dmean": 4.63470697403, "dmean2": 7.41824007034, "mean": 12.4414653778, "dvar2": 123.348892212, "min": -1.59844458103}, "spectral_energyband_middle_high": {"dvar": 1.00655070128e-05, "var": 3.13171003654e-05, "median": 0.00131368497387, "max": 0.116887398064, "dmean": 0.00117527320981, "dmean2": 0.00174919341225, "mean": 0.00326253683306, "dvar2": 2.29351189773e-05, "min": 1.46189178601e-21}, "barkbands_spread": {"dvar": 38.3146018982, "var": 197.334915161, "median": 11.0788469315, "max": 149.596740723, "dmean": 3.28403735161, "dmean2": 5.04432153702, "mean": 14.2236757278, "dvar2": 67.467590332, "min": 0.7909745574}, "mfcc": {"mean": [-703.026062012, 142.824584961, 18.1242733002, 15.5320091248, -3.08693003654, 3.43243551254, -4.67636966705, -2.49347710609, -6.32740116119, -3.29144072533, 2.23286604881, 1.30525863171, 1.21399414539], "cov": [[14721.078125, 159.852523804, -563.071533203, -360.196380615, -627.164428711, 234.517181396, -192.340988159, -3.4208676815, -213.562698364, -128.497695923, 362.774902344, 60.8915481567, 60.8642044067], [159.852523804, 1161.27575684, -70.9834976196, 120.433013916, 3.42143917084, -49.3261947632, 23.0482883453, -15.7974910736, -30.6961631775, -8.21463489532, -60.472454071, 26.1353092194, 4.95709991455], [-563.071533203, -70.9834976196, 348.376953125, 7.74106216431, 60.8320541382, -2.96905469894, -10.8166379929, 9.13586902618, 20.0812931061, -8.63061523438, -12.1874103546, -6.94937944412, 17.2189464569], [-360.196380615, 120.433013916, 7.74106216431, 185.723892212, 49.5556755066, -26.3079490662, -5.5201086998, 5.33371639252, 25.838842392, 14.9198732376, -40.0976104736, 0.15033762157, 4.05501747131], [-627.164428711, 3.42143917084, 60.8320541382, 49.5556755066, 193.556976318, 12.3207197189, 2.95569825172, -23.8027553558, 1.98276042938, -10.3499383926, -41.4544487, -19.9085559845, -5.06601238251], [234.517181396, -49.3261947632, -2.96905469894, -26.3079490662, 12.3207197189, 97.3906784058, 19.2472305298, 2.10625624657, -11.9040966034, -1.40418672562, 19.4087924957, 5.99417686462, 0.194729074836], [-192.340988159, 23.0482883453, -10.8166379929, -5.5201086998, 2.95569825172, 19.2472305298, 116.722969055, 34.9347419739, 8.58528804779, 21.1437492371, 15.8003959656, 16.9704589844, 5.80971670151], [-3.4208676815, -15.7974910736, 9.13586902618, 5.33371639252, -23.8027553558, 2.10625624657, 34.9347419739, 110.668792725, 45.5353775024, 31.0570735931, 14.168006897, 20.009765625, 19.3104820251], [-213.562698364, -30.6961631775, 20.0812931061, 25.838842392, 1.98276042938, -11.9040966034, 8.58528804779, 45.5353775024, 116.77519989, 56.0106735229, 7.81359672546, 19.6546344757, 14.1107444763], [-128.497695923, -8.21463489532, -8.63061523438, 14.9198732376, -10.3499383926, -1.40418672562, 21.1437492371, 31.0570735931, 56.0106735229, 123.70753479, 42.0317649841, 32.3758621216, 6.39849090576], [362.774902344, -60.472454071, -12.1874103546, -40.0976104736, -41.4544487, 19.4087924957, 15.8003959656, 14.168006897, 7.81359672546, 42.0317649841, 113.676612854, 27.9544124603, 10.6439857483], [60.8915481567, 26.1353092194, -6.94937944412, 0.15033762157, -19.9085559845, 5.99417686462, 16.9704589844, 20.009765625, 19.6546344757, 32.3758621216, 27.9544124603, 84.495880127, 29.4908676147], [60.8642044067, 4.95709991455, 17.2189464569, 4.05501747131, -5.06601238251, 0.194729074836, 5.80971670151, 19.3104820251, 14.1107444