{"lowlevel": {"erbbands": {"mean": [0.162313595414, 1.88169801235, 4.67549800873, 9.28442955017, 17.3917980194, 15.0311546326, 12.3845291138, 14.2934112549, 14.63875103, 9.76157283783, 10.5197343826, 18.7123126984, 15.1332073212, 13.1943721771, 7.89747858047, 5.27177143097, 7.84824562073, 4.95572090149, 7.44014310837, 5.15909862518, 4.78871011734, 7.04840230942, 5.82724332809, 9.93138694763, 7.05652332306, 8.51111412048, 8.88083267212, 7.85342359543, 8.01409721375, 7.22614955902, 8.47101688385, 12.88189888, 8.73767662048, 4.00084972382, 1.80749499798, 0.818437039852, 0.308406621218, 0.0892205759883, 0.0120555330068, 0.000338576850481], "dvar": [0.116067163646, 26.3144836426, 245.593978882, 984.508544922, 1746.71350098, 823.784912109, 374.033355713, 713.649353027, 749.549560547, 403.06237793, 197.081420898, 943.235473633, 400.543365479, 311.489837646, 182.193206787, 92.1039047241, 200.842041016, 133.798171997, 325.669433594, 132.481170654, 97.45362854, 437.927032471, 141.511108398, 763.865661621, 334.497375488, 351.092681885, 372.797119141, 389.651397705, 222.880874634, 240.722503662, 307.351623535, 754.117919922, 166.368942261, 56.3172264099, 13.0352392197, 3.01881575584, 0.537416517735, 0.050654437393, 0.0012211172143, 1.19725143577e-06], "min": [2.87097734924e-22, 1.92346028437e-21, 1.33775146408e-20, 3.21712059842e-20, 4.96161769155e-20, 1.31423761117e-19, 8.19555493645e-20, 2.58938034014e-19, 1.36578593013e-18, 9.43789400878e-19, 6.49287408511e-19, 7.52219902781e-19, 1.05787208301e-18, 1.29782994088e-18, 1.7210181272e-18, 1.81911513041e-18, 3.77671601179e-18, 3.31469345346e-18, 6.04496891491e-18, 7.83339543779e-18, 7.98729818102e-18, 8.024674337e-18, 9.62574114242e-18, 1.0172478576e-17, 9.83619243387e-18, 1.13796510727e-17, 1.30099719477e-17, 1.17154591044e-17, 1.42812749301e-17, 1.5763216974e-17, 1.60808129701e-17, 1.59507090403e-17, 1.2409301511e-17, 1.13022509556e-17, 7.61905226157e-18, 4.15062232818e-18, 2.63784712698e-18, 1.03181279179e-18, 3.29016930606e-19, 3.86187848222e-20], "dmean": [0.151845932007, 2.02810335159, 5.51248407364, 10.8914432526, 16.1123714447, 12.4838933945, 10.1281433105, 12.1081008911, 11.9563884735, 7.28803539276, 6.90020561218, 10.5660629272, 8.67444324493, 8.17306995392, 4.98920297623, 3.74083805084, 5.75677204132, 3.74207282066, 5.49079036713, 3.86075496674, 3.51335382462, 5.15707588196, 4.23334312439, 7.98739004135, 5.76775693893, 7.60940361023, 8.60482025146, 7.77124929428, 7.23063993454, 7.01869869232, 8.75802612305, 13.9615859985, 7.75012493134, 3.9859559536, 1.84818542004, 0.864040791988, 0.331996530294, 0.0936200618744, 0.0129911862314, 0.000373819348169], "dmean2": [0.201136574149, 3.07302045822, 9.50461196899, 20.0060863495, 29.4073219299, 22.6144104004, 17.7911834717, 19.997926712, 17.4389266968, 10.6493501663, 10.0085229874, 15.0534915924, 13.1796331406, 11.9644393921, 7.46147346497, 5.74156475067, 8.88323402405, 5.41837263107, 8.05668354034, 5.71647977829, 5.23453569412, 7.53881883621, 6.35160255432, 12.8201618195, 8.78013515472, 11.4349880219, 12.9830055237, 11.6764326096, 10.6681871414, 10.4436197281, 13.2471294403, 22.5978927612, 11.7212190628, 5.9327673912, 2.77402114868, 1.30709695816, 0.500599682331, 0.139737576246, 0.0193172637373, 0.000561822787859], "dvar2": [0.206293612719, 58.5915756226, 652.659545898, 2798.90576172, 5033.18261719, 2354.66674805, 996.81628418, 1611.00463867, 1536.64916992, 812.560913086, 381.036193848, 1931.03222656, 844.008544922, 639.539978027, 358.323944092, 221.429504395, 440.451416016, 278.292297363, 660.774475098, 276.313171387, 195.211624146, 797.732727051, 306.918212891, 2011.56494141, 694.44543457, 795.004333496, 814.230102539, 835.276855469, 420.87399292, 475.953979492, 650.427185059, 1914.71630859, 359.85144043, 115.407409668, 25.833562851, 6.02157068253, 1.06890439987, 0.101721353829, 0.00246686651371, 2.6758898457e-06], "max": [3.1006667614, 38.202003479, 135.191253662, 222.268890381, 398.721343994, 257.290985107, 214.792724609, 517.518371582, 400.827789307, 412.238342285, 404.359588623, 930.480834961, 759.281188965, 447.808380127, 300.755279541, 161.074890137, 273.936065674, 410.592956543, 400.440093994, 347.305328369, 298.539154053, 860.891174316, 469.867858887, 466.388153076, 765.057678223, 305.749267578, 197.502166748, 250.882110596, 163.588043213, 174.193603516, 179.484985352, 248.459121704, 139.256332397, 77.0492095947, 43.9916954041, 20.9979438782, 10.5296564102, 3.68130683899, 0.473433047533, 0.0150707922876], "median": [0.00451373914257, 0.0713897794485, 0.49371689558, 1.77877020836, 4.05328512192, 6.09194469452, 5.2704205513, 5.43951320648, 3.04896640778, 2.66899299622, 3.06178045273, 3.37794208527, 2.90085577965, 3.07098841667, 1.22364914417, 0.944551646709, 1.01709568501, 0.951579391956, 0.957155525684, 1.0461602211, 0.730673372746, 1.1963378191, 1.10802078247, 1.65617239475, 0.998996675014, 1.53341138363, 1.13108003139, 0.792540073395, 1.03419947624, 0.895312190056, 1.2423261404, 1.8575925827, 1.86374270916, 0.728031098843, 0.278522223234, 0.103053607047, 0.0336059108377, 0.010164459236, 0.00074352073716, 4.64188779006e-05], "var": [0.175464496017, 27.703710556, 177.836456299, 609.197998047, 1206.94250488, 622.709899902, 389.21182251, 816.706176758, 1090.2677002, 627.225219727, 414.494689941, 2329.29541016, 1106.22253418, 704.889099121, 410.176086426, 163.996307373, 389.272949219, 203.901901245, 523.748168945, 195.584716797, 201.556045532, 675.366699219, 203.315551758, 749.92779541, 431.594238281, 410.595550537, 434.595092773, 433.833312988, 315.804229736, 297.869598389, 354.745727539, 693.84387207, 214.007064819, 65.4540634155, 15.4653911591, 3.4911916256, 0.611403226852, 0.056876309216, 0.0013631460024, 1.18064610888e-06]}, "gfcc": {"icov": [[5.09597739438e-05, -3.67708926206e-05, 6.14681557636e-05, -0.000106222003524, 9.89260806818e-05, -0.00012561105541, 0.000105205035652, -0.000103787242551, 0.000109719003376, -2.36448959186e-05, -1.90654520793e-06, -8.00261768745e-05, 0.00010744418978], [-3.67708926206e-05, 0.000395702110836, -0.000112068402814, 0.000254685204709, -0.000186441640835, 0.000284028850729, -0.000590814859606, 0.000394381029764, -0.000345483014826, 0.000396007002564, -0.000391034089262, 0.000854882411659, -0.000514526793268], [6.14681557636e-05, -0.000112068402814, 0.000851452583447, -0.000527265714481, 0.000538783438969, -0.00120522244833, 0.000300042360323, 2.69001557172e-05, 6.04727119935e-06, 0.000390501518268, -0.000201588482014, -0.000310201110551, 0.000340632308507], [-0.000106222003524, 0.000254685204709, -0.000527265714481, 0.00163124746177, -0.00133300723974, 0.000896245997865, -0.000660115503706, -0.000428703875514, 0.00076126283966, -0.000349033070961, 0.000379275443265, -3.25583482663e-06, -5.37192099728e-05], [9.89260806818e-05, -0.000186441640835, 0.000538783438969, -0.00133300723974, 0.0037169510033, -0.00148281874135, -0.000504293537233, 0.00119394634385, -0.00250504980795, 0.000832779391203, -0.00125705671962, 0.000564826827031, -0.000143375713378], [-0.00012561105541, 0.000284028850729, -0.00120522244833, 0.000896245997865, -0.00148281874135, 0.00466030556709, -0.00061584636569, -0.00071054167347, 0.0010266614845, -0.00157163175754, 0.000193276093341, 0.000427701103035, -0.000987107865512], [0.000105205035652, -0.000590814859606, 0.000300042360323, -0.000660115503706, -0.000504293537233, -0.00061584636569, 0.00435467995703, -0.00265702279285, 0.0016835834831, -0.000916458200663, 0.000148152321344, -0.000597051926889, -0.000337265926646], [-0.000103787242551, 0.000394381029764, 2.69001557172e-05, -0.000428703875514, 0.00119394634385, -0.00071054167347, -0.00265702279285, 0.0067544952035, -0.00387767073698, 0.00211369339377, -0.000395922223106, -0.000656737072859, 0.00244272942655], [0.000109719003376, -0.000345483014826, 6.04727119935e-06, 0.00076126283966, -0.00250504980795, 0.0010266614845, 0.0016835834831, -0.00387767073698, 0.00848328415304, -0.00416615372524, -0.000698122545145, 0.00109234603588, -0.00170632719528], [-2.36448959186e-05, 0.000396007002564, 0.000390501518268, -0.000349033070961, 0.000832779391203, -0.00157163175754, -0.000916458200663, 0.00211369339377, -0.00416615372524, 0.0076077291742, -0.00137483316939, -0.00172258319799, 0.00153885351028], [-1.90654520793e-06, -0.000391034089262, -0.000201588482014, 0.000379275443265, -0.00125705671962, 0.000193276093341, 0.000148152321344, -0.000395922223106, -0.000698122545145, -0.00137483316939, 0.00808460265398, -0.00463139545172, 0.00193397758994], [-8.00261768745e-05, 0.000854882411659, -0.000310201110551, -3.25583482663e-06, 0.000564826827031, 0.000427701103035, -0.000597051926889, -0.000656737072859, 0.00109234603588, -0.00172258319799, -0.00463139545172, 0.0134793771431, -0.00590163562447], [0.00010744418978, -0.000514526793268, 0.000340632308507, -5.37192099728e-05, -0.000143375713378, -0.000987107865512, -0.000337265926646, 0.00244272942655, -0.00170632719528, 0.00153885351028, 0.00193397758994, -0.00590163562447, 0.0116474842653]], "mean": [-78.6468811035, 57.1669387817, -69.6863632202, 19.6006641388, -70.7408218384, 7.30832767487, -46.2015113831, 1.985648036, -28.4840984344, -7.30483198166, -18.3757457733, -4.5433306694, -10.5933675766], "cov": [[28533.7324219, -1180.63574219, 140.669692993, 1639.10070801, -854.33215332, 403.803344727, -73.5254135132, 512.587341309, -779.369140625, -105.356872559, -166.568328857, 101.659187317, -418.936462402], [-1180.63574219, 5332.71582031, -420.594970703, -575.81652832, 494.542572021, -238.924346924, 432.464447021, -174.050842285, 269.687530518, -223.969528198, 117.186401367, -280.901611328, 198.283676147], [140.669692993, -420.594970703, 2276.57324219, 570.872253418, -69.8203582764, 511.893310547, 42.0212669373, 79.8832092285, -156.639938354, -29.2595558167, 21.6082668304, 69.451461792, -44.3161773682], [1639.10070801, -575.81652832, 570.872253418, 1343.25378418, 303.194671631, 131.583221436, 241.744842529, 179.598800659, -56.9931182861, 35.7203483582, 16.8896121979, 52.7702064514, -55.973991394], [-854.33215332, 494.542572021, -69.8203582764, 303.194671631, 673.444030762, 97.1794662476, 179.722045898, 38.3171806335, 238.407775879, 91.376701355, 133.182037354, -0.62622576952, 47.2836952209], [403.803344727, -238.924346924, 511.893310547, 131.583221436, 97.1794662476, 417.869262695, 72.2793960571, 64.6648254395, 2.40958285332, 77.5854187012, 39.3578529358, 42.2770652771, 1.48712909222], [-73.5254135132, 432.464447021, 42.0212669373, 241.744842529, 179.722045898, 72.2793960571, 438.261077881, 153.411300659, 39.5902862549, 22.3023662567, 47.0752449036, 9.76494121552, 8.50750827789], [512.587341309, -174.050842285, 79.8832092285, 179.598800659, 38.3171806335, 64.6648254395, 153.411300659, 300.797729492, 83.4366226196, 26.7407894135, 37.5332298279, 19.5576782227, -54.2468681335], [-779.369140625, 269.687530518, -156.639938354, -56.9931182861, 238.407775879, 2.40958285332, 39.5902862549, 83.4366226196, 324.944091797, 137.782485962, 101.909751892, 8.51436042786, 27.0003585815], [-105.356872559, -223.969528198, -29.2595558167, 35.7203483582, 91.376701355, 77.5854187012, 22.3023662567, 26.7407894135, 137.782485962, 252.995178223, 89.7786483765, 59.5538024902, -3.13635182381], [-166.568328857, 117.186401367, 21.6082668304, 16.8896121979, 133.182037354, 39.3578529358, 47.0752449036, 37.5332298279, 101.909751892, 89.7786483765, 211.156341553, 68.0433807373, 7.10958909988], [101.659187317, -280.901611328, 69.451461792, 52.7702064514, -0.62622576952, 42.2770652771, 9.76494121552, 19.5576782227, 8.51436042786, 59.5538024902, 68.0433807373, 141.370697021, 38.3338088989], [-418.936462402, 198.283676147, -44.3161773682, -55.973991394, 47.2836952209, 1.48712909222, 8.50750827789, -54.2468681335, 27.0003585815, -3.13635182381, 7.10958909988, 38.3338088989, 134.460830688]]}, "spectral_skewness": {"mean": 1.79139792919, "dvar": 1.66167700291, "min": -0.920615375042, "dmean": 0.734087467194, "dmean2": 1.05604684353, "dvar2": 3.51243329048, "max": 20.2785835266, "median": 1.31903111935, "var": 3.00626468658}, "spectral_energyband_low": {"mean": 0.0134360827506, "dvar": 0.000627309607808, "min": 3.85218829157e-23, "dmean": 0.0111864749342, "dmean2": 0.0153371635824, "dvar2": 0.0012106889626, "max": 0.205385476351, "median": 0.00167545571458, "var": 0.000904011947569}, "spectral_energyband_middle_low": {"mean": 0.0126446466893, "dvar": 0.000515085761435, "min": 2.78480571805e-22, "dmean": 0.00998507346958, "dmean2": 0.0176468510181, "dvar2": 0.00147465406917, "max": 0.164151310921, "median": 0.00657571153715, "var": 0.000376719137421}, "mfcc": {"icov": [[6.46258777124e-05, -5.47412673768e-06, 1.33395924422e-05, -9.93769135675e-05, 0.000111431058031, -7.82734859968e-05, 1.04967443804e-06, -6.88806248945e-05, 0.000160105148098, -0.000155004163389, 0.000184830758371, -0.000210576006793, 0.000150556210428], [-5.47412673768e-06, 0.000256175553659, -1.69706854649e-05, 8.24947637739e-05, -1.98397106033e-06, 5.43751011719e-05, -3.26504305121e-05, -4.41045231128e-05, -6.16428515059e-05, -1.00453689811e-05, -0.000191478291526, 0.000290882016998, -0.000137896611704], [1.33395924422e-05, -1.69706854649e-05, 0.000769113015849, -0.000113707239507, 2.3658558348e-05, -0.000408403779147, -0.000355748925358, -6.81978272041e-05, 8.76951016835e-05, -0.000147157348692, 0.00107419735286, -0.0010846342193, 0.000842071778607], [-9.93769135675e-05, 8.24947637739e-05, -0.000113707239507, 0.00162419863045, -0.000813959399238, 0.000318072648952, -0.000778777524829, -0.000404872203944, -0.000742915261071, 0.00116910063662, -0.00144824688323, 0.00146593793761, -0.000858224055264], [0.000111431058031, -1.98397106033e-06, 2.3658558348e-05, -0.000813959399238, 0.00431608781219, -0.00281291175634, 0.00199743825942, -0.00173196766991, 0.00219921418466, -0.00383415003307, 0.00310248229653, -0.00314447749406, 0.00102872948628], [-7.82734859968e-05, 5.43751011719e-05, -0.000408403779147, 0.000318072648952, -0.00281291175634, 0.00633827503771, -0.00421140575781, 0.00372006092221, -0.00342913833447, 0.002490329789, -0.00234019570053, 0.00264669395983, -0.00227140006609], [1.04967443804e-06, -3.26504305121e-05, -0.000355748925358, -0.000778777524829, 0.00199743825942, -0.00421140575781, 0.00968423858285, -0.00737847015262, 0.00494502624497, -0.00330164749175, 0.000169119492057, -0.000194305204786, 0.000645510735922], [-6.88806248945e-05, -4.41045231128e-05, -6.81978272041e-05, -0.000404872203944, -0.00173196766991, 0.00372006092221, -0.00737847015262, 0.0127408765256, -0.00739350030199, 0.00214579468593, 7.32231856091e-05, -0.00167479168158, 0.00096850033151], [0.000160105148098, -6.16428515059e-05, 8.76951016835e-05, -0.000742915261071, 0.00219921418466, -0.00342913833447, 0.00494502624497, -0.00739350030199, 0.0139115266502, -0.00745316687971, 0.000638977333438, 0.00116040697321, -0.00119637290481], [-0.000155004163389, -1.00453689811e-05, -0.000147157348692, 0.00116910063662, -0.00383415003307, 0.002490329789, -0.00330164749175, 0.00214579468593, -0.00745316687971, 0.0164952073246, -0.00857829302549, 0.00380301917903, -0.000706317601725], [0.000184830758371, -0.000191478291526, 0.00107419735286, -0.00144824688323, 0.00310248229653, -0.00234019570053, 0.000169119492057, 7.32231856091e-05, 0.000638977333438, -0.00857829302549, 0.015633855015, -0.00993866007775, 0.00278017739765], [-0.000210576006793, 0.000290882016998, -0.0010846342193, 0.00146593793761, -0.00314447749406, 0.00264669395983, -0.000194305204786, -0.00167479168158, 0.00116040697321, 0.00380301917903, -0.00993866007775, 0.0138837350532, -0.00709186028689], [0.000150556210428, -0.000137896611704, 0.000842071778607, -0.000858224055264, 0.00102872948628, -0.00227140006609, 0.000645510735922, 0.00096850033151, -0.00119637290481, -0.000706317601725, 0.00278017739765, -0.00709186028689, 0.00994616746902]], "mean": [-731.414367676, 93.0507125854, 44.2477684021, 11.4104614258, 2.77239251137, -5.41075849533, -4.50342464447, -2.35462427139, -6.50787639618, -3.21067523956, -9.85836410522, -6.44400691986, -10.9689903259], "cov": [[19187.6328125, -118.055122375, 646.269470215, 1262.64453125, -34.0112533569, 161.492675781, 593.824035645, 397.17199707, -114.863929749, 51.4992103577, 26.990447998, 147.643157959, -187.093887329], [-118.055122375, 4109.05761719, -107.653610229, -168.432067871, -120.85344696, -35.0190048218, 4.5704407692, 20.3435344696, 66.5533981323, 54.0821037292, 22.2535018921, -109.90537262, -17.177614212], [646.269470215, -107.653610229, 1849.57653809, 217.399688721, 211.556625366, 198.337875366, 251.445083618, 141.120346069, -23.3320102692, -12.5211420059, -78.4399108887, 67.9868621826, -89.0480117798], [1262.64453125, -168.432067871, 217.399688721, 1044.03259277, 208.946868896, 187.290679932, 262.266937256, 221.448028564, 118.632575989, 85.2918777466, 106.196578979, 41.1332969666, 52.7795715332], [-34.0112533569, -120.85344696, 211.556625366, 208.946868896, 504.464477539, 211.13218689, 82.5097961426, 79.751335144, 40.9437484741, 98.5333480835, 52.1435546875, 121.997619629, 66.2106628418], [161.492675781, -35.0190048218, 198.337875366, 187.290679932, 211.13218689, 379.802703857, 161.430175781, 47.4554672241, 69.0761108398, 63.0512580872, 55.2641868591, 33.1527481079, 67.2164230347], [593.824035645, 4.5704407692, 251.445083618, 262.266937256, 82.5097961426, 161.430175781, 330.414215088, 188.806869507, 47.9287147522, 72.8931427002, 67.7448043823, 42.2598342896, 3.0571334362], [397.17199707, 20.3435344696, 141.120346069, 221.448028564, 79.751335144, 47.4554672241, 188.806869507, 248.775024414, 103.255195618, 74.1457138062, 65.6427230835, 56.6858215332, 7.2963848114], [-114.863929749, 66.5533981323, -23.3320102692, 118.632575989, 40.9437484741, 69.0761108398, 47.9287147522, 103.255195618, 180.561935425, 99.8612060547, 66.1696014404, 13.6905755997, 33.3245277405], [51.4992103577, 54.0821037292, -12.5211420059, 85.2918777466, 98.5333480835, 63.0512580872, 72.8931427002, 74.1457138062, 99.8612060547, 166.128890991, 112.140678406, 51.6362915039, 29.9282989502], [26.990447998, 22.2535018921, -78.4399108887, 106.196578979, 52.1435546875, 55.2641868591, 67.7448043823, 65.6427230835, 66.1696014404, 112.140678406, 216.683959961, 149.431671143, 74.046333313], [147.643157959, -109.90537262, 67.9868621826, 41.1332969666, 121.997619629, 33.1527481079, 42.2598342896, 56.6858215332, 13.6905755997, 51.6362915039, 149.431671143, 266.586791992, 134.352172852], [-187.093887329, -17.177614212, -89.0480117798, 52.7795715332, 66.2106628418, 67.2164230347, 3.0571334362, 7.2963848114, 33.3245277405, 29.9282989502, 74.046333313, 134.352172852, 204.05406189]]}, "silence_rate_20dB": {"mean": 1, "dvar": 0, "min": 1, "dmean": 0, "dmean2": 0, "dvar2": 0, "max": 1, "median": 1, "var": 0}, "dynamic_complexity": 3.94345855713, "silence_rate_60dB": {"mean": 0.175271615386, "dvar": 0.0864330008626, "min": 0, "dmean": 0.095545977354, "dmean2": 0.191109120846, "dvar2": 0.183665558696, "max": 1, "median": 0, "var": 0.144565314054}, "dissonance": {"mean": 0.431394398212, "dvar": 0.00263273040764, "min": 0.0351168066263, "dmean": 0.041280284524, "dmean2": 0.0653232634068, "dvar2": 0.00638664793223, "max": 0.500000119209, "median": 0.450295239687, "var": 0.00446854857728}, "barkbands": {"mean": [7.36076472094e-05, 0.00753783015534, 0.00405950704589, 0.00389245455153, 0.00481582526118, 0.00175114593003, 0.000895355537068, 0.000422347569838, 0.000795019965153, 0.000472646876005, 0.000251705874689, 0.000135782029247, 0.000175505469088, 8.98704965948e-05, 0.000119401229313, 0.000104129670945, 0.00013375726121, 0.000101399033156, 0.000177278852789, 0.000180438000825, 0.000199762507691, 0.000230921912589, 0.000277235580143, 0.000599068123847, 0.000298231607303, 0.000175086664967, 6.62083693896e-05], "dvar": [2.51305039001e-08, 0.000348832079908, 0.00021670757269, 0.000169593811734, 9.29170782911e-05, 7.95340201876e-06, 2.55136728811e-06, 6.08630500665e-07, 1.23134680052e-06, 6.12748920048e-07, 1.31326302721e-07, 8.05344981814e-08, 1.40415991723e-07, 6.96930229083e-08, 1.0076001189e-07, 8.59693614075e-08, 1.97264796498e-07, 3.9843296662e-08, 2.24013632533e-07, 1.54998758717e-07, 2.19373760046e-07, 1.97784942202e-07, 3.68851203802e-07, 1.15058685424e-06, 3.37480742019e-07, 1.5682770993e-07, 3.56473996987e-08], "min": [3.14686722373e-25, 7.63914283499e-24, 1.50520324737e-23, 1.01408298136e-23, 2.81840690121e-23, 2.42509836657e-23, 8.61173638701e-23, 4.6237349621e-23, 4.14033551442e-23, 3.30492455827e-23, 4.11228772271e-23, 3.17173202086e-23, 7.58079615808e-23, 6.22742197146e-23, 1.06385112724e-22, 1.82318149779e-22, 1.38521198166e-22, 1.96097984693e-22, 1.7654139079e-22, 2.57235222341e-22, 2.73313595984e-22, 4.11021472247e-22, 4.53436844424e-22, 8.82997633416e-22, 1.04707383546e-21, 1.32686192212e-21, 2.43452643453e-21], "dmean": [6.6256710852e-05, 0.00763052282855, 0.00497219571844, 0.00456387270242, 0.00403667800128, 0.0014632253442, 0.000730016618036, 0.00031539570773, 0.000449244631454, 0.000302485626889, 0.000153645814862, 9.979121387e-05, 0.000137512790388, 7.30863466742e-05, 9.90285916487e-05, 7.72646599216e-05, 0.000102972364402, 7.90880585555e-05, 0.000147733255289, 0.000157253307407, 0.000201245682547, 0.000211832666537, 0.000284450390609, 0.000583925400861, 0.000301485444652, 0.000186858189409, 7.09696832928e-05], "dmean2": [9.96134549496e-05, 0.0111015653238, 0.00890621077269, 0.00850952789187, 0.00730347726494, 0.00244476087391, 0.00107737700455, 0.000467752717668, 0.000649797031656, 0.000443639612058, 0.0002337435144, 0.000153267828864, 0.000218450688408, 0.000113875365059, 0.000147988292156, 0.000109887805593, 0.000151993299369, 0.000123326390167, 0.000229549317737, 0.000237499232753, 0.000304195156787, 0.000310740666464, 0.000424880970968, 0.000921138213016, 0.000450253806775, 0.000282685738057, 0.000105782215542], "dvar2": [5.5540809285e-08, 0.000735478999559, 0.000600930768996, 0.000490812235512, 0.000266845279839, 1.85758963198e-05, 5.16235559189e-06, 1.3063569213e-06, 2.52880545304e-06, 1.15245313737e-06, 2.60877982328e-07, 1.88197986972e-07, 3.25742547602e-07, 1.64008952197e-07, 2.10602522088e-07, 1.47730006006e-07, 3.5883624605e-07, 9.79240226684e-08, 5.23966207311e-07, 3.50965223106e-07, 4.59561675825e-07, 3.84489908356e-07, 7.6687587125e-07, 2.7966102607e-06, 6.7094657652e-07, 3.11251966423e-07, 7.27471061168e-08], "max": [0.00209484808147, 0.14007923007, 0.125938594341, 0.0902986526489, 0.0823334231973, 0.0433261692524, 0.0198101364076, 0.0161325167865, 0.0306888557971, 0.0330444984138, 0.00956843979657, 0.00492524728179, 0.00610789936036, 0.0127276461571, 0.00644307909533, 0.00977871008217, 0.0176562517881, 0.00580458529294, 0.0145529704168, 0.00680843926966, 0.00585286691785, 0.00444046454504, 0.00681445561349, 0.0103339431807, 0.00627733999863, 0.00529974186793, 0.00291668693535], "median": [3.34341007147e-06, 0.000212511935388, 0.000402059260523, 0.000619085971266, 0.00183639628813, 0.000692827743478, 0.000190249600564, 0.000112150031782, 0.00013586532441, 6.76874842611e-05, 3.17355770676e-05, 1.89444999705e-05, 1.86054621736e-05, 1.28151968966e-05, 1.30572998387e-05, 1.03155662146e-05, 1.8275966795e-05, 1.82397707249e-05, 2.34761664615e-05, 3.0867944588e-05, 2.10364560189e-05, 2.86104550469e-05, 3.86527026421e-05, 0.000104860242573, 4.96756692883e-05, 2.02958617592e-05, 5.7075649238e-06], "var": [3.51881759286e-08, 0.000412573164795, 0.000140498654218, 0.000102357953438, 6.80052253301e-05, 9.53867311182e-06, 3.71531837118e-06, 8.96176572951e-07, 3.3255780636e-06, 1.53670862346e-06, 3.54987264473e-07, 1.36778609772e-07, 2.31673993767e-07, 8.58105337898e-08, 1.4037371443e-07, 1.52965824896e-07, 2.92560343951e-07, 4.92136074115e-08, 2.59686686377e-07, 1.87610027069e-07, 2.5138567139e-07, 2.69242377726e-07, 4.28166458732e-07, 1.22273684156e-06, 3.98001049007e-07, 1.7991632717e-07, 3.92668866311e-08]}, "spectral_complexity": {"mean": 9.65188121796, "dvar": 37.6854171753, "min": 0, "dmean": 3.82920265198, "dmean2": 5.6073641777, "dvar2": 70.1827774048, "max": 54, "median": 7, "var": 77.6593399048}, "spectral_energyband_high": {"mean": 0.00197583669797, "dvar": 1.23299887491e-05, "min": 7.23656293173e-21, "dmean": 0.0019092138391, "dmean2": 0.0028352397494, "dvar2": 2.54344504356e-05, "max": 0.0353595875204, "median": 0.000388376851333, "var": 1.50533669512e-05}, "hfc": {"mean": 24.0145511627, "dvar": 1092.12731934, "min": 1.10383712412e-16, "dmean": 19.5967254639, "dmean2": 28.6585731506, "dvar2": 2255.77807617, "max": 345.812011719, "median": 10.2520561218, "var": 1402.14086914}, "melbands_kurtosis": {"mean": 40.4172096252, "dvar": 4690.15966797, "min": -1.97116351128, "dmean": 28.4598636627, "dmean2": 42.4402961731, "dvar2": 8767.68945312, "max": 1994.16809082, "median": 16.7420291901, "var": 8913.25390625}, "spectral_strongpeak": {"mean": 0.747496128082, "dvar": 0.580568194389, "min": 0, "dmean": 0.450112491846, "dmean2": 0.730507314205, "dvar2": 1.40749013424, "max": 14.2566165924, "median": 0.492752999067, "var": 0.921273648739}, "silence_rate_30dB": {"mean": 0.93104070425, "dvar": 0.0747311711311, "min": 0, "dmean": 0.0813577622175, "dmean2": 0.162730127573, "dvar2": 0.164636567235, "max": 1, "median": 1, "var": 0.064207971096}, "melbands_spread": {"mean": 27.3508987427, "dvar": 915.534729004, "min": 0.147376447916, "dmean": 16.6408920288, "dmean2": 26.2424106598, "dvar2": 2151.97192383, "max": 318.85949707, "median": 13.4401493073, "var": 1458.67663574}, "melbands_crest": {"mean": 16.2986049652, "dvar": 13.2064571381, "min": 2.16201639175, "dmean": 3.93601894379, "dmean2": 6.26392126083, "dvar2": 30.1894779205, "max": 37.5222206116, "median": 15.899772644, "var": 32.9884796143}, "average_loudness": 0.936661243439, "spectral_flux": {"mean": 0.0973034799099, "dvar": 0.00351096084341, "min": 1.01721721324e-10, "dmean": 0.0449041686952, "dmean2": 0.0622991696, "dvar2": 0.00528981583193, "max": 0.507006525993, "median": 0.0688353031874, "var": 0.00826078560203}, "spectral_rolloff": {"mean": 2563.21459961, "dvar": 6831655, "min": 43.06640625, "dmean": 1497.53076172, "dmean2": 2553.84570312, "dvar2": 13028682, "max": 19078.4179688, "median": 732.12890625, "var": 13129163}, "melbands": {"mean": [0.00182561902329, 0.00255196075886, 0.00190907460637, 0.00122434913646, 0.000453636283055, 0.000329754635459, 0.00020588406187, 9.78414536803e-05, 9.125147335e-05, 0.000119989294035, 7.61231567594e-05, 5.7958150137e-05, 2.93237062579e-05, 1.45535786942e-05, 1.59124265338e-05, 1.79775724973e-05, 7.62106674301e-06, 1.19526030176e-05, 7.74634372647e-06, 8.38115829538e-06, 4.5759366003e-06, 6.4469049903e-06, 7.77927743911e-06, 4.76086870549e-06, 8.61070202518e-06, 5.86806527281e-06, 3.83836277251e-06, 6.33827403362e-06, 6.34510297459e-06, 4.34673438576e-06, 4.53240636489e-06, 4.30418594988e-06, 4.69315637019e-06, 3.79865650757e-06, 4.65465654997e-06, 5.83787459618e-06, 9.05649176275e-06, 6.875935469e-06, 4.23960182161e-06, 3.0668331874e-06], "dvar": [1.67303169292e-05, 5.19975437783e-05, 3.1496208976e-05, 6.73858266964e-06, 4.86182898385e-07, 3.24373814919e-07, 1.37451920068e-07, 4.59517757179e-08, 1.67237832471e-08, 4.05644584589e-08, 1.1633742858e-08, 6.70031274908e-09, 2.06803063563e-09, 1.07860065324e-09, 1.20394583192e-09, 1.72767666839e-09, 5.12253184315e-10, 8.74813166352e-10, 3.72081754296e-10, 8.36890889921e-10, 9.7553257139e-11, 2.93145729913e-10, 7.16815495849e-10, 8.25988444308e-11, 7.19523107762e-10, 4.05424943617e-10, 8.53414561242e-11, 2.13855932962e-10, 2.03044386859e-10, 1.18487053502e-10, 1.47012887974e-10, 7.06256164662e-11, 8.58812396198e-11, 8.17291304078e-11, 1.04865574557e-10, 1.64771252198e-10, 3.95086713345e-10, 9.85400996911e-11, 5.55050103102e-11, 3.77165902676e-11], "min": [2.10926812129e-24, 6.07155709832e-24, 6.04806639828e-24, 5.8633309515e-24, 3.74198497531e-24, 7.04681636911e-24, 1.94460019153e-23, 1.09206472174e-23, 5.14840445689e-24, 5.23011703604e-24, 5.30394218942e-24, 4.81997602407e-24, 5.05942449666e-24, 3.9846326733e-24, 5.44149902091e-24, 8.66593759986e-24, 5.40526782283e-24, 9.53785293662e-24, 8.11819991893e-24, 9.21703346166e-24, 8.38280043262e-24, 9.25752648079e-24, 6.50516120019e-24, 9.21406892238e-24, 8.27351085395e-24, 6.19134010475e-24, 7.50684218371e-24, 8.51881898534e-24, 6.99405419632e-24, 6.43170523371e-24, 7.30624747729e-24, 8.20318863741e-24, 8.0314504629e-24, 6.91189985507e-24, 9.54489273134e-24, 8.79109117133e-24, 9.65190802402e-24, 8.19085874146e-24, 9.20212004625e-24, 9.50550806179e-24], "dmean": [0.00174507650081, 0.00275246659294, 0.00203043501824, 0.00104737165384, 0.000366453343304, 0.0002754953166, 0.000167628371855, 7.40936302464e-05, 6.0659731389e-05, 6.81677993271e-05, 4.54123801319e-05, 3.65726336895e-05, 1.82066960406e-05, 1.04562759589e-05, 1.2799749129e-05, 1.32704599309e-05, 6.59326587993e-06, 8.82092444954e-06, 6.39229847366e-06, 6.39731842966e-06, 3.69622898688e-06, 4.85707414555e-06, 5.94942366661e-06, 3.76161619897e-06, 7.21815194993e-06, 4.81883807879e-06, 3.48240337189e-06, 5.78571825827e-06, 6.18356762061e-06, 4.2876340558e-06, 4.58648446511e-06, 3.89846900362e-06, 4.4567113946e-06, 3.79430252906e-06, 4.63082324131e-06, 6.72574151395e-06, 9.64114224189e-06, 5.83093014939e-06, 4.15677186538e-06, 3.12998986374e-06], "dmean2": [0.0024370464962, 0.00439554266632, 0.00369901303202, 0.00190223415848, 0.00065154855838, 0.000453699176433, 0.000245072529651, 0.000109209337097, 8.75085170264e-05, 9.84768485068e-05, 6.82975369273e-05, 5.33625643584e-05, 2.7529840736e-05, 1.62049618666e-05, 2.03813633561e-05, 2.01035363716e-05, 9.74593149294e-06, 1.30668186102e-05, 9.78893785941e-06, 8.92064599611e-06, 5.76111142436e-06, 7.33896376914e-06, 8.83498887561e-06, 5.78633307668e-06, 1.18477009892e-05, 7.19262061466e-06, 5.51429866391e-06, 8.7757507572e-06, 9.41697544476e-06, 6.57684404359e-06, 6.90740489517e-06, 5.79934612688e-06, 6.64173649056e-06, 5.69718304178e-06, 7.01067392583e-06, 1.07616842797e-05, 1.57980412041e-05, 8.8740935098e-06, 6.22093148195e-06, 4.69179303764e-06], "dvar2": [3.19380196743e-05, 0.00012621138012, 8.92016178113e-05, 1.93718751689e-05, 1.34191759571e-06, 7.40622567719e-07, 2.83660057221e-07, 9.24061112073e-08, 3.01125453461e-08, 8.59430429045e-08, 2.38021993226e-08, 1.32557502752e-08, 4.07412503733e-09, 2.48092746347e-09, 2.73783684612e-09, 3.84847487211e-09, 1.13583820127e-09, 1.7929819851e-09, 8.4350354479e-10, 1.43136935638e-09, 2.27422330967e-10, 5.62640378732e-10, 1.30786337316e-09, 1.91735446964e-10, 1.92734139759e-09, 7.96390897673e-10, 1.98252692041e-10, 4.86053919335e-10, 4.63482141555e-10, 2.54399556976e-10, 3.2205960121e-10, 1.33996896912e-10, 1.78147371854e-10, 1.62351201927e-10, 2.134312449e-10, 4.01726818477e-10, 1.02059383167e-09, 2.14202336424e-10, 1.1812698042e-10, 7.77434505661e-11], "max": [0.031818293035, 0.0580885708332, 0.0390871837735, 0.0225831605494, 0.00652211671695, 0.0102246263996, 0.00524606509134, 0.00470191193745, 0.00433756271377, 0.00612267944962, 0.00428695091978, 0.0025701734703, 0.00092398293782, 0.000634956464637, 0.000763105112128, 0.000764365890063, 0.00101018394344, 0.000733372347895, 0.000490590464324, 0.00103364279494, 0.000372377457097, 0.000676617142744, 0.00102591561154, 0.000204755429877, 0.000453715736512, 0.00104199361522, 0.000148771287058, 0.000295402918709, 0.000176618836122, 0.0001727794006, 0.00012783218699, 9.54686838668e-05, 0.000101190344139, 0.000108320055006, 0.000113418267574, 0.000120915487059, 0.000197017143364, 0.000112637724669, 7.77688255766e-05, 6.49480498396e-05], "median": [5.06053329445e-05, 0.000221989845159, 0.000389010267099, 0.000422427110607, 0.000222511851462, 0.000132931396365, 4.41539086751e-05, 2.15451163967e-05, 2.21359678108e-05, 1.88926278497e-05, 1.22693791127e-05, 1.16810388135e-05, 3.79554603569e-06, 1.75745719844e-06, 2.25064832193e-06, 1.64356390542e-06, 1.21732034586e-06, 1.15565740089e-06, 1.15226873731e-06, 8.32905357129e-07, 5.55987583084e-07, 1.04194043615e-06, 9.32110310714e-07, 8.51153743042e-07, 1.26731049477e-06, 6.51008519981e-07, 5.83816358812e-07, 9.62059630183e-07, 7.75453429469e-07, 4.60873991415e-07, 3.92795584503e-07, 5.13953693826e-07, 5.89789237893e-07, 4.25542651783e-07, 6.09796643403e-07, 7.85219583577e-07, 1.14469617074e-06, 1.38752227485e-06, 8.59932299591e-07, 5.17696662428e-07], "var": [2.27406071645e-05, 4.69824590255e-05, 2.03733870876e-05, 4.80212884213e-06, 4.43386397819e-07, 3.80064079764e-07, 2.00047225007e-07, 7.16331669537e-08, 3.73670019371e-08, 9.96491351657e-08, 3.14845571836e-08, 1.52609977988e-08, 5.07022734908e-09, 1.91760229917e-09, 2.07939798713e-09, 2.9929920764e-09, 6.26027896189e-10, 1.46400314094e-09, 4.57848259305e-10, 1.35066546836e-09, 2.00989280774e-10, 4.53763249197e-10, 1.06044939496e-09, 1.11792991531e-10, 6.72631006449e-10, 5.44975009564e-10, 9.15629030929e-11, 2.50576309702e-10, 2.29256419404e-10, 1.31829214212e-10, 1.58459939614e-10, 9.75132127823e-11, 1.10007239429e-10, 9.71683566942e-11, 1.24490778797e-10, 1.52755585958e-10, 3.59681728845e-10, 1.33073108088e-10, 6.37348368526e-11, 4.30856357536e-11]}, "spectral_energy": {"mean": 0.0280316546559, "dvar": 0.000888271839358, "min": 1.03473089112e-20, "dmean": 0.0171569548547, "dmean2": 0.0236552450806, "dvar2": 0.00164948881138, "max": 0.214729487896, "median": 0.0140320714563, "var": 0.00152995891403}, "spectral_decrease": {"mean": -6.84996770417e-09, "dvar": 5.75407877567e-17, "min": -5.62671260695e-08, "dmean": 4.17533785324e-09, "dmean2": 5.75094238897e-09, "dvar2": 1.06456947078e-16, "max": 2.7635470645e-17, "median": -3.290531847e-09, "var": 9.92469364566e-17}, "erbbands_spread": {"mean": 56.6861801147, "dvar": 566.331665039, "min": 0.472153127193, "dmean": 22.6974124908, "dmean2": 34.5167732239, "dvar2": 1203.36181641, "max": 238.85635376, "median": 50.495803833, "var": 1509.90966797}, "spectral_contrast_coeffs": {"mean": [-0.573063135147, -0.706736445427, -0.749432563782, -0.791353642941, -0.801026046276, -0.817768454552], "dvar": [0.00440402654931, 0.00338205182925, 0.00255858991295, 0.00205087568611, 0.000968590960838, 0.00045177488937], "min": [-0.957987725735, -0.971355378628, -0.986702859402, -0.972378611565, -0.975002765656, -0.961290895939], "dmean": [0.0708688944578, 0.0648178011179, 0.0561102777719, 0.0459124743938, 0.0316723659635, 0.0215624496341], "dmean2": [0.107990920544, 0.097345918417, 0.0832388550043, 0.0672431886196, 0.0482045188546, 0.0330908186734], "dvar2": [0.00973900500685, 0.00704560987651, 0.00527478428558, 0.00397826591507, 0.0019789384678, 0.000979068456218], "max": [-0.24333550036, -0.343025922775, -0.354254871607, -0.377568989992, -0.403485119343, -0.569829821587], "median": [-0.563326239586, -0.713224172592, -0.757879495621, -0.811834454536, -0.803863584995, -0.823581159115], "var": [0.0161437503994, 0.00989502109587, 0.0110928565264, 0.00746576022357, 0.00369184091687, 0.0016985636903]}, "spectral_energyband_middle_high": {"mean": 0.00178717507515, "dvar": 2.01176021619e-06, "min": 1.25854823381e-21, "dmean": 0.000898829312064, "dmean2": 0.00128734321333, "dvar2": 4.15811291532e-06, "max": 0.0362567938864, "median": 0.000928285415284, "var": 5.41200688531e-06}, "erbbands_crest": {"mean": 10.4557380676, "dvar": 11.9179010391, "min": 1.94124221802, "dmean": 3.4420478344, "dmean2": 5.44707918167, "dvar2": 24.6632156372, "max": 31.1929130554, "median": 9.12848567963, "var": 30.4429836273}, "barkbands_crest": {"mean": 11.9051961899, "dvar": 9.98159980774, "min": 2.41367936134, "dmean": 3.39750337601, "dmean2": 5.3225402832, "dvar2": 20.254781723, "max": 26.722196579, "median": 10.9718732834, "var": 26.7123413086}, "pitch_salience": {"mean": 0.536664843559, "dvar": 0.0109555898234, "min": 0.0280140098184, "dmean": 0.106047093868, "dmean2": 0.164506539702, "dvar2": 0.0247799307108, "max": 0.952056884766, "median": 0.548423051834, "var": 0.0238071121275}, "melbands_skewness": {"mean": 3.90398216248, "dvar": 4.1099152565, "min": -13.0328531265, "dmean": 1.70994722843, "dmean2": 2.45955920219, "dvar2": 7.96849060059, "max": 37.2093200684, "median": 3.37830018997, "var": 12.2604827881}, "spectral_spread": {"mean": 7344711, "dvar": 3966034771970.0, "min": 253118.40625, "dmean": 1793531.375, "dmean2": 2556532, "dvar2": 7218671910910.0, "max": 52269496, "median": 7578290, "var": 12253046767600.0}, "spectral_entropy": {"mean": 7.31638288498, "dvar": 0.424137085676, "min": 2.80374598503, "dmean": 0.542337715626, "dmean2": 0.75224763155, "dvar2": 0.77254486084, "max": 9.80290794373, "median": 7.49275112152, "var": 0.978595256805}, "erbbands_flatness_db": {"mean": 0.173041418195, "dvar": 0.00295371050015, "min": 0.0244175028056, "dmean": 0.0460030995309, "dmean2": 0.0637707859278, "dvar2": 0.0058894851245, "max": 0.549972772598, "median": 0.142471447587, "var": 0.00851683877409}, "spectral_kurtosis": {"mean": 8.84199142456, "dvar": 657.625793457, "min": -1.47943294048, "dmean": 7.9417591095, "dmean2": 12.2624464035, "dvar2": 1517.29211426, "max": 526.616699219, "median": 1.77853059769, "var": 836.746948242}, "erbbands_skewness": {"mean": 0.435413330793, "dvar": 0.940965950489, "min": -9.33648490906, "dmean": 0.840594768524, "dmean2": 1.27268218994, "dvar2": 2.27317667007, "max": 11.0675001144, "median": 0.458506137133, "var": 1.92078542709}, "erbbands_kurtosis": {"mean": 2.4592461586, "dvar": 86.3348083496, "min": -1.98667955399, "dmean": 3.42344474792, "dmean2": 5.63240814209, "dvar2": 211.29473877, "max": 284.648468018, "median": 0.212812900543, "var": 105.419830322}, "barkbands_spread": {"mean": 25.2142238617, "dvar": 273.068054199, "min": 0.0184922832996, "dmean": 13.2178125381, "dmean2": 20.6239490509, "dvar2": 574.105163574, "max": 139.774841309, "median": 17.1073169708, "var": 523.58782959}, "zerocrossingrate": {"mean": 0.097205452621, "dvar": 0.00144119746983, "min": 0.00244140625, "dmean": 0.0335393436253, "dmean2": 0.0380129702389, "dvar2": 0.00165789865423, "max": 0.626953125, "median": 0.0693359375, "var": 0.00817198771983}, "spectral_centroid": {"mean": 1259.20080566, "dvar": 505219.71875, "min": 58.5454292297, "dmean": 459.234405518, "dmean2": 684.218505859, "dvar2": 931790.3125, "max": 11903.4423828, "median": 850.280761719, "var": 1415067.875}, "barkbands_skewness": {"mean": 2.04999256134, "dvar": 2.13314270973, "min": -10.3377609253, "dmean": 1.24017953873, "dmean2": 1.85929322243, "dvar2": 4.59311723709, "max": 28.8882808685, "median": 1.92717325687, "var": 5.59813976288}, "melbands_flatness_db": {"mean": 0.260516315699, "dvar": 0.00495515437797, "min": 0.00528867775574, "dmean": 0.0622112452984, "dmean2": 0.0847117751837, "dvar2": 0.00907853990793, "max": 1, "median": 0.247779175639, "var": 0.0149706546217}, "spectral_contrast_valleys": {"mean": [-8.55925750732, -7.77616786957, -8.69765377045, -9.16685199738, -8.85490894318, -10.1757726669], "dvar": [0.634452164173, 0.689865708351, 0.612494885921, 0.634818255901, 0.815694510937, 1.04027116299], "min": [-27.8591003418, -27.3650875092, -27.3149394989, -27.2994976044, -27.2711906433, -27.2649707794], "dmean": [0.75749707222, 0.732535123825, 0.714506387711, 0.732570111752, 0.790189087391, 0.970427155495], "dmean2": [1.05034804344, 1.10393702984, 1.04479897022, 1.00907754898, 1.0353705883, 1.21312904358], "dvar2": [1.02259838581, 1.3442697525, 1.19716465473, 1.16106879711, 1.41757440567, 1.90955460072], "max": [-4.93803310394, -4.87523937225, -5.53931713104, -6.42671346664, -5.75501060486, -7.12331390381], "median": [-7.92011117935, -7.31124639511, -8.37735271454, -8.85080909729, -8.39519119263, -9.66766738892], "var": [4.57497835159, 3.30050039291, 2.96873188019, 2.719789505, 3.40382242203, 3.98597478867]}, "barkbands_flatness_db": {"mean": 0.194663971663, "dvar": 0.00362892937846, "min": 0.0234898012131, "dmean": 0.0529319234192, "dmean2": 0.0736881643534, "dvar2": 0.0069494121708, "max": 0.89903396368, "median": 0.170458838344, "var": 0.0108867604285}, "barkbands_kurtosis": {"mean": 12.6565303802, "dvar": 935.220214844, "min": -1.98672091961, "dmean": 11.0895824