{"tonal": {"chords_number_rate": 0.00231421948411, "thpcp": [1, 0.64087086916, 0.202601701021, 0.0883550718427, 0.0662531852722, 0.119569122791, 0.213663294911, 0.193141713738, 0.178392872214, 0.277457565069, 0.232487544417, 0.0901459828019, 0.0463940985501, 0.0594277456403, 0.140528202057, 0.264196097851, 0.232266142964, 0.110339216888, 0.0767139643431, 0.101359829307, 0.415687352419, 0.944530248642, 0.783845424652, 0.339577287436, 0.188727840781, 0.0628472715616, 0.0457714386284, 0.0571271702647, 0.0554152540863, 0.0512412600219, 0.0573442876339, 0.0589906014502, 0.0916674360633, 0.177549421787, 0.283292502165, 0.674327373505], "hpcp": {"dvar": [0.0511768013239, 0.0609528943896, 0.0493555217981, 0.0258763954043, 0.0161408875138, 0.0189517773688, 0.0291689224541, 0.0258245766163, 0.023996675387, 0.0216824747622, 0.0239512622356, 0.0201514400542, 0.0146722188219, 0.0169999413192, 0.0221017301083, 0.0251156948507, 0.0282065160573, 0.0252400990576, 0.0261460412294, 0.0281314831227, 0.0323355458677, 0.0381261780858, 0.0389179065824, 0.0370375774801, 0.0250319801271, 0.012747281231, 0.0111041301861, 0.0113884350285, 0.0107113849372, 0.010414221324, 0.010819349438, 0.0145042277873, 0.0200953949243, 0.027369659394, 0.0436944141984, 0.0588759928942], "mean": [0.395267039537, 0.253315120935, 0.0800817757845, 0.0349238477647, 0.0261877011508, 0.0472617335618, 0.0844540596008, 0.0763425529003, 0.0705128237605, 0.109669834375, 0.0918946638703, 0.0356317348778, 0.0183380581439, 0.0234898291528, 0.0555461645126, 0.104428008199, 0.0918071493506, 0.0436134561896, 0.0303225014359, 0.0400642007589, 0.164307504892, 0.373341679573, 0.3098282516, 0.134223714471, 0.0745978951454, 0.0248414538801, 0.0180919412524, 0.0225804876536, 0.0219038240612, 0.0202539805323, 0.0226663071662, 0.0233170408756, 0.0362331159413, 0.0701794326305, 0.111976191401, 0.266539394855], "min": [0, 0, 0, 0, 0, 0, 0, 0, 0, 0, 0, 0, 0, 0, 0, 0, 0, 0, 0, 0, 0, 0, 0, 0, 0, 0, 0, 0, 0, 0, 0, 0, 0, 0, 0, 0], "median": [0.16501416266, 0.0970836505294, 0.0057203094475, 0.00103469297756, 0.000800049165264, 0.00420654565096, 0.0125396642834, 0.0155327050015, 0.00914784055203, 0.00403756229207, 0.0022587873973, 0.00143137096893, 0.000841723289341, 0.000882942753378, 0.00202900916338, 0.00264915195294, 0.0021064223256, 0.00117091287393, 0.000961975951213, 0.00220932834782, 0.0572007633746, 0.154549479485, 0.13129991293, 0.0209450181574, 0.000665554834995, 0.00061457749689, 0.00117624155246, 0.00192377564963, 0.00196533696726, 0.00127380341291, 0.000844757072628, 0.00089615379693, 0.0024580094032, 0.00709895929322, 0.0196418203413, 0.0893812403083], "dvar2": [0.126682087779, 0.172126710415, 0.142753839493, 0.0766125768423, 0.0461200587451, 0.0538703724742, 0.081917218864, 0.0749273970723, 0.069399766624, 0.0533192716539, 0.0653889253736, 0.058941129595, 0.041866209358, 0.0476837195456, 0.0608314871788, 0.0653401836753, 0.074515402317, 0.0687086731195, 0.0752372965217, 0.0830782204866, 0.0885765254498, 0.0972124114633, 0.102068983018, 0.102792806923, 0.0697367861867, 0.0361788012087, 0.031475879252, 0.0328845717013, 0.0301259439439, 0.0287987589836, 0.0291795134544, 0.0410014204681, 0.0578503534198, 0.0757998079062, 0.123529657722, 0.165640905499], "var": [0.179812267423, 0.0922416523099, 0.036236025393, 0.0159831978381, 0.0108505450189, 0.0164295993745, 0.0342050567269, 0.0267793256789, 0.026536103338, 0.0584190487862, 0.0466571971774, 0.0149659803137, 0.00876906514168, 0.0121834250167, 0.0261938869953, 0.0595832914114, 0.0487954169512, 0.0201146956533, 0.0161132048815, 0.01862953417, 0.0481246039271, 0.160595983267, 0.120607174933, 0.0614928416908, 0.0388286150992, 0.00880831014365, 0.00748588051647, 0.00768278772011, 0.00843784399331, 0.00868042930961, 0.010132856667, 0.0101516619325, 0.0144252069294, 0.0296910014004, 0.0450641103089, 0.101366043091], "dmean2": [0.235591396689, 0.306107729673, 0.205247730017, 0.10968016088, 0.0743977725506, 0.0940081253648, 0.128117099404, 0.13235501945, 0.125818520784, 0.107740841806, 0.106160178781, 0.0824316516519, 0.054090756923, 0.0631331205368, 0.0903716310859, 0.105795525014, 0.118273288012, 0.100712366402, 0.091636992991, 0.110526524484, 0.183709129691, 0.193103685975, 0.221185430884, 0.173591777682, 0.100588619709, 0.0541318617761, 0.0448887497187, 0.0459918379784, 0.044462878257, 0.0454197898507, 0.0505354851484, 0.0633921995759, 0.0867757350206, 0.12598502636, 0.216272681952, 0.305728375912], "max": [1, 1, 1, 1, 1, 1, 1, 1, 1, 1, 1, 1, 1, 1, 1, 1, 1, 1, 1, 1, 1, 1, 1, 1, 1, 1, 1, 1, 1, 1, 1, 1, 1, 1, 1, 1], "dmean": [0.13608366251, 0.173904240131, 0.110528588295, 0.0575002022088, 0.0397766828537, 0.0525413490832, 0.0728146731853, 0.074515722692, 0.0701743811369, 0.0625021383166, 0.0620682016015, 0.0452520437539, 0.028649745509, 0.0339060053229, 0.0512518808246, 0.0609500147402, 0.0672167539597, 0.0558332465589, 0.0482399053872, 0.0593309625983, 0.107000261545, 0.114838324487, 0.128469750285, 0.098446726799, 0.0554131530225, 0.029233397916, 0.0239362940192, 0.0251478832215, 0.0241296608001, 0.0245702527463, 0.0276030916721, 0.0336736962199, 0.0465967208147, 0.0707636103034, 0.120862059295, 0.176144942641]}, "key_strength": 0.874424755573, "chords_strength": {"dvar": 4.65173034172e-05, "mean": 0.577450215816, "min": 0.296523571014, "median": 0.578626513481, "dvar2": 4.94318665005e-05, "var": 0.0124899158254, "dmean2": 0.00750740617514, "max": 0.836294293404, "dmean": 0.00782705564052}, "tuning_equal_tempered_deviation": 0.111608020961, "chords_key": "A", "tuning_frequency": 439.238189697, "chords_scale": "minor", "chords_changes_rate": 0.0473129339516, "key_scale": "minor", "tuning_diatonic_strength": 0.720849335194, "hpcp_entropy": {"dvar": 0.251472860575, "mean": 1.85065352917, "min": 0, "median": 1.85798740387, "dvar2": 0.69867181778, "var": 0.461933732033, "dmean2": 0.986609399319, "max": 4.09444952011, "dmean": 0.589096128941}, "chords_histogram": [51.0156860352, 0.514271020889, 0.257135510445, 0.205708414316, 2.28850603104, 4.57701206207, 0.128567755222, 8.20262241364, 4.83414745331, 14.5281562805, 5.65698099136, 0, 0, 0, 0, 0, 0, 1.43995881081, 0, 0, 0, 0, 5.37413215637, 0.977114915848], "tuning_nontempered_energy_ratio": 0.776938736439, "key_key": "A"}, "metadata": {"version": {"extractor": "music 1.0", "essentia_build_sha": "70f2e5ece6736b2c40cc944ad0e695b16b925413", "essentia": "2.1-beta2", "essentia_git_sha": "v2.1_beta2"}, "audio_properties": {"sample_rate": 44100, "length": 180.533340454, "lossless": true, "analysis_sample_rate": 44100, "downmix": "mix", "bit_rate": 0, "equal_loudness": 0, "md5_encoded": "4327639adbc314f7933a522992cf85ba", "codec": "flac", "replay_gain": -9.70957946777}, "tags": {"disctotal": ["1"], "releasecountry": ["US"], "musicbrainz_recordingid": ["deb3c1d3-f0c2-4ff1-becf-bc393dce75b9"], "title": ["Luto"], "releasetype": ["album"], "musicbrainz_releasetrackid": ["959fea68-2149-3199-ad29-32c408614ac1"], "artistsort": ["Aterciopelados"], "musicbrainz_artistid": ["0ba1966a-e471-4f98-85d7-8ac0c1f836f0"], "discnumber": ["1"], "tracknumber": ["11"], "musicbrainz_albumartistid": ["0ba1966a-e471-4f98-85d7-8ac0c1f836f0"], "totaltracks": ["13"], "tracktotal": ["13"], "originalyear": ["2001"], "date": ["2001-05-15"], "albumartistsort": ["Aterciopelados"], "musicbrainz_releasegroupid": ["e3e6c9d5-0ff5-383b-becd-13d8676ae174"], "musicbrainz_albumid": ["ae16664d-b614-4bd1-9c12-ac8572b8e3e7"], "albumartist": ["Aterciopelados"], "asin": ["B000056CBT"], "script": ["Latn"], "originaldate": ["2001-05-15"], "file_name": "11-Luto.flac", "releasestatus": ["official"], "totaldiscs": ["1"], "album": ["Gozo poderoso"], "artist": ["Aterciopelados"]}}, "lowlevel": {"melbands": {"dvar": [4.42758464487e-05, 2.13875810005e-05, 1.31229410272e-06, 2.71521093964e-06, 1.12316570267e-06, 1.40443333407e-07, 7.18520993814e-08, 5.14267206597e-08, 5.22057916896e-08, 2.9211591368e-08, 5.19950127398e-09, 3.26696159014e-09, 2.00479477463e-09, 7.7179235225e-10, 2.21104312637e-09, 1.1782461673e-09, 3.14821974046e-10, 2.38598169e-10, 4.9448861672e-11, 5.03888597514e-11, 4.46725746672e-11, 9.45579309297e-11, 4.77360755091e-11, 2.51757156788e-11, 7.5766094787e-11, 1.68322977084e-11, 2.64540819805e-11, 1.90523690574e-11, 9.86253093083e-12, 7.86810894216e-12, 1.05896411431e-11, 5.65210508605e-12, 4.785433768e-12, 4.9443864801e-12, 1.05743322085e-11, 3.81976741903e-12, 1.87982897477e-12, 1.88096348393e-12, 9.6334680684e-13, 5.17228729464e-13], "mean": [0.00769234402105, 0.00527279404923, 0.00187883619219, 0.00215792073868, 0.00132380344439, 0.000537106592674, 0.000315869983751, 0.000163064105436, 0.000143360841321, 0.000170815939782, 5.78360086365e-05, 5.47427662241e-05, 3.62296668754e-05, 1.71843403223e-05, 2.76235732599e-05, 2.28000390052e-05, 1.15602624646e-05, 9.40611153055e-06, 4.84338988826e-06, 4.03109515901e-06, 3.90474951928e-06, 2.85737883132e-06, 3.22698224409e-06, 3.05656953969e-06, 3.29267913912e-06, 2.32759020946e-06, 2.14099986806e-06, 1.52886684646e-06, 8.97105735476e-07, 7.14375744337e-07, 6.49818730381e-07, 5.18316880971e-07, 6.19005959379e-07, 6.27229610473e-07, 8.25613426514e-07, 6.30108218047e-07, 3.9344578795e-07, 3.07725514404e-07, 2.46224260536e-07, 1.89446197396e-07], "min": [1.3671821318e-24, 3.65548598262e-24, 5.80485190373e-24, 3.19165588631e-24, 2.06860273606e-24, 6.72946393783e-24, 4.39173302091e-24, 3.07551327574e-24, 1.82366596094e-24, 5.49101660879e-24, 3.56003420752e-24, 4.58932650602e-24, 5.66546885925e-24, 3.45364566483e-24, 2.55409376954e-24, 5.13616173008e-24, 5.00942294261e-24, 4.58279237114e-24, 6.18029723537e-24, 3.57854758968e-24, 3.69301051816e-24, 4.31525295615e-24, 5.04088034893e-24, 4.0291780709e-24, 6.06942796273e-24, 8.04955166523e-24, 7.2995823915e-24, 8.20843614015e-24, 5.6889209051e-24, 5.83615627103e-24, 7.17764895024e-24, 6.3924325824e-24, 6.42733731088e-24, 6.59048084582e-24, 6.48744772299e-24, 6.03614868215e-24, 8.27894452786e-24, 5.68469261065e-24, 6.63558633466e-24, 6.85602404829e-24], "median": [0.00472829025239, 0.00363066233695, 0.00108508090489, 0.00106780673377, 0.000670092878863, 0.000298067927361, 0.000102968071587, 3.70348825527e-05, 1.84777345567e-05, 1.78180926014e-05, 1.26906188598e-05, 1.12293637358e-05, 5.64052970731e-06, 4.20936248702e-06, 3.92423180529e-06, 2.86380986836e-06, 1.81132691068e-06, 1.68403676071e-06, 1.07636606117e-06, 9.04078035546e-07, 8.15836870061e-07, 6.74136344969e-07, 6.94512323207e-07, 6.79911238421e-07, 7.06653736415e-07, 4.67101131107e-07, 2.97279797223e-07, 1.7125663021e-07, 6.57418439687e-08, 4.01240711767e-08, 3.76391149359e-08, 4.11805132217e-08, 6.01771930064e-08, 6.26029788009e-08, 6.65817907475e-08, 6.13189357068e-08, 3.57197400547e-08, 2.22644871428e-08, 1.15008340629e-08, 5.99698379844e-09], "dvar2": [0.000125773105538, 5.79797197133e-05, 3.40459268955e-06, 6.61613239572e-06, 2.04782395485e-06, 3.223826468e-07, 1.4020744743e-07, 1.20645609059e-07, 1.12120709161e-07, 5.67095561621e-08, 1.20383880642e-08, 7.31966931511e-09, 3.84555853827e-09, 1.98881600078e-09, 5.73709568741e-09, 3.03347680308e-09, 6.4630162333e-10, 5.8059412833e-10, 1.11159997873e-10, 1.16760878743e-10, 1.17169399183e-10, 2.5937452186e-10, 1.13054544892e-10, 5.80876631517e-11, 1.9580240207e-10, 3.38761345364e-11, 5.77603624652e-11, 4.23965827723e-11, 1.80816351475e-11, 1.80479572259e-11, 2.56071257948e-11, 1.35517803576e-11, 1.17222993465e-11, 1.11279232357e-11, 2.48592708918e-11, 8.69947083121e-12, 3.96485752216e-12, 4.32604689918e-12, 1.87587792522e-12, 1.10529088052e-12], "var": [8.43823509058e-05, 3.51160233549e-05, 5.28321425008e-06, 9.63982165558e-06, 4.7719640861e-06, 5.73082218125e-07, 4.80649134715e-07, 1.24285605807e-07, 1.97942824798e-07, 1.63524092045e-07, 2.9862398776e-08, 1.31387523084e-08, 1.33413404768e-08, 1.22955945425e-09, 4.16090362165e-09, 2.99558999828e-09, 1.23573407063e-09, 6.53897158642e-10, 1.4415303673e-10, 2.00892621982e-10, 7.50780340675e-11, 7.78810904656e-11, 6.97147964357e-11, 4.62959878766e-11, 8.28070043091e-11, 2.91493808258e-11, 4.02896743745e-11, 2.8998988974e-11, 1.85585852241e-11, 1.05081698551e-11, 1.50178185859e-11, 8.45785941284e-12, 6.61859152554e-12, 7.355833824e-12, 1.36758859445e-11, 6.04532396364e-12, 2.84687984992e-12, 2.52667396554e-12, 1.66312384871e-12, 7.29587397441e-13], "dmean2": [0.00635964795947, 0.00420227181166, 0.000999382697046, 0.00130771636032, 0.000756746681873, 0.000289262097795, 0.000168424463482, 0.000117313466035, 8.22419096949e-05, 8.91793752089e-05, 4.08167907153e-05, 3.94688468077e-05, 2.38718967012e-05, 1.76077428478e-05, 2.91010092042e-05, 2.10411908483e-05, 9.20261391002e-06, 1.00808438219e-05, 4.72220517622e-06, 4.02089699492e-06, 4.16242437495e-06, 3.74974683837e-06, 3.53946256837e-06, 2.76042351288e-06, 3.89614433516e-06, 2.37148469751e-06, 2.36087566918e-06, 1.74067884018e-06, 1.05089873159e-06, 1.04271487089e-06, 8.58334885834e-07, 6.33507283965e-07, 7.01803628544e-07, 7.09979133262e-07, 1.04800960798e-06, 6.93653817052e-07, 4.60871490304e-07, 4.11033852288e-07, 3.06597883082e-07, 2.64980627662e-07], "max": [0.0975025221705, 0.0699536949396, 0.0223693791777, 0.0336230397224, 0.0518902912736, 0.0111216278747, 0.009122162126, 0.00854466389865, 0.0091194678098, 0.0046855728142, 0.00215467647649, 0.00178045209032, 0.00115100084804, 0.000847689632792, 0.0010302773444, 0.000934942741878, 0.000710061343852, 0.00058726471616, 0.000207675533602, 0.000283263711026, 0.000200756694539, 0.000232032572967, 0.000128952626255, 8.7993867055e-05, 0.000134565721964, 5.96186873736e-05, 0.000204873649636, 0.00017658273282, 0.000177558074938, 7.39088354749e-05, 0.000180828021257, 0.000103683560155, 7.06359132892e-05, 0.000107088890218, 0.000137322116643, 9.12791874725e-05, 7.05702259438e-05, 8.39308049763e-05, 5.09153433086e-05, 1.86010311154e-05], "dmean": [0.00374443316832, 0.00249669607729, 0.000626447377726, 0.000861968728714, 0.000536981329788, 0.000197758257855, 0.000116536546557, 7.89577243268e-05, 5.61591587029e-05, 6.29124479019e-05, 2.61224668066e-05, 2.55635768553e-05, 1.58109542099e-05, 1.07149180621e-05, 1.77138190338e-05, 1.33415451273e-05, 6.03434409641e-06, 6.08261825619e-06, 2.93100765703e-06, 2.48268747782e-06, 2.53956204688e-06, 2.21916707233e-06, 2.22745575229e-06, 1.8216544504e-06, 2.3995871743e-06, 1.5323196294e-06, 1.54503675276e-06, 1.17019612844e-06, 7.07845345005e-07, 6.56368115415e-07, 5.54004770947e-07, 4.20553050162e-07, 4.70549025522e-07, 4.76463526411e-07, 6.88535067184e-07, 4.57047832469e-07, 3.03583334471e-07, 2.63237609488e-07, 2.02015627337e-07, 1.71948158822e-07]}, "spectral_decrease": {"dvar": 4.6450922868e-17, "mean": -1.43063454416e-08, "min": -1.09649242575e-07, "median": -1.31138326864e-08, "dvar2": 1.25860612398e-16, "var": 1.22457432539e-16, "dmean2": 7.47905559706e-09, "max": 1.36350019071e-14, "dmean": 4.60164972793e-09}, "spectral_rolloff": {"dvar": 275193.25, "mean": 371.108917236, "min": 43.06640625, "median": 258.3984375, "dvar2": 719273.4375, "var": 776823.8125, "dmean2": 195.852325439, "max": 21554.7363281, "dmean": 111.86630249}, "melbands_crest": {"dvar": 7.28144025803, "mean": 18.7312355042, "min": 1.86126804352, "median": 17.935382843, "dvar2": 20.5113258362, "var": 34.0710525513, "dmean2": 4.63967466354, "max": 38.0773048401, "dmean": 2.79594349861}, "barkbands_skewness": {"dvar": 1.05794513226, "mean": 2.8386554718, "min": -7.2131857872, "median": 2.43845081329, "dvar2": 2.67216825485, "var": 3.80967617035, "dmean2": 1.32580506802, "max": 17.6574058533, "dmean": 0.837554335594}, "spectral_centroid": {"dvar": 45633.0664062, "mean": 491.19720459, "min": 92.1305160522, "median": 367.796600342, "dvar2": 89703.5078125, "var": 239967.15625, "dmean2": 155.318252563, "max": 11431.0029297, "dmean": 105.450897217}, "spectral_energyband_middle_low": {"dvar": 6.2728919147e-05, "mean": 0.0201603230089, "min": 1.65070999818e-22, "median": 0.0167586226016, "dvar2": 0.000142302349559, "var": 0.00033017701935, "dmean2": 0.00812838040292, "max": 0.260980367661, "dmean": 0.00550885638222}, "erbbands_crest": {"dvar": 6.47353601456, "mean": 11.6489896774, "min": 2.19408249855, "median": 10.8014354706, "dvar2": 15.2400655746, "var": 23.7521858215, "dmean2": 3.86374354362, "max": 31.0532073975, "dmean": 2.50748991966}, "dynamic_complexity": 4.75199317932, "spectral_energyband_low": {"dvar": 0.000627967412584, "mean": 0.035020660609, "min": 1.73506280012e-23, "median": 0.0308730863035, "dvar2": 0.001758225495, "var": 0.00115347735118, "dmean2": 0.0256827324629, "max": 0.398594915867, "dmean": 0.0152588039637}, "silence_rate_60dB": {"dvar": 0.00841670110822, "mean": 0.0873199552298, "min": 0, "median": 0, "dvar2": 0.0210651680827, "var": 0.0796975493431, "dmean2": 0.01697967574, "max": 1, "dmean": 0.00848874635994}, "erbbands_kurtosis": {"dvar": 24.3477153778, "mean": 4.61896371841, "min": -1.93606197834, "median": 2.00385475159, "dvar2": 59.3904495239, "var": 85.9379577637, "dmean2": 4.290558815, "max": 152.141616821, "dmean": 2.73235845566}, "spectral_complexity": {"dvar": 11.421298027, "mean": 9.25604438782, "min": 0, "median": 8, "dvar2": 20.7683258057, "var": 42.0572013855, "dmean2": 2.92179059982, "max": 50, "dmean": 1.92951762676}, "barkbands_crest": {"dvar": 6.29726696014, "mean": 15.2004966736, "min": 4.88209056854, "median": 14.7750835419, "dvar2": 17.9424953461, "var": 20.6456756592, "dmean2": 4.34727907181, "max": 25.9934005737, "dmean": 2.61563134193}, "spectral_energy": {"dvar": 0.000673925329465, "mean": 0.055069476366, "min": 1.02034214899e-20, "median": 0.0504547357559, "dvar2": 0.00182232540101, "var": 0.00179942196701, "dmean2": 0.0285380259156, "max": 0.417358487844, "dmean": 0.0175951421261}, "spectral_spread": {"dvar": 1019251589120.0, "mean": 3385478.25, "min": 244931.03125, "median": 3077722, "dvar2": 1947205107710.0, "var": 5118257790980.0, "dmean2": 967401.75, "max": 41265000, "dmean": 673987.1875}, "spectral_contrast_valleys": {"dvar": [0.0971701443195, 0.10926412046, 0.141033887863, 0.186687394977, 0.247970357537, 0.284008413553], "mean": [-6.70572185516, -7.51908493042, -8.45498371124, -9.16946792603, -9.14440727234, -11.8145360947], "min": [-27.7616672516, -27.4472427368, -27.3747329712, -27.478521347, -27.434595108, -27.31690979], "median": [-6.38227939606, -7.2371263504, -8.20720863342, -8.90078926086, -8.89965248108, -11.4408359528], "dvar2": [0.224237933755, 0.258278936148, 0.317317575216, 0.403209298849, 0.480211228132, 0.45287078619], "var": [1.81145322323, 1.86504948139, 1.97103965282, 2.16454434395, 2.89789438248, 3.1217713356], "dmean2": [0.530009448528, 0.554634213448, 0.56127423048, 0.572092294693, 0.504950761795, 0.52100276947], "max": [-4.61913537979, -5.18284893036, -5.38042640686, -6.32934141159, -5.91832208633, -7.78829956055], "dmean": [0.321933150291, 0.342665582895, 0.349165409803, 0.370076984167, 0.37646394968, 0.408159047365]}, "spectral_rms": {"dvar": 1.63779134255e-06, "mean": 0.00664909835905, "min": 3.15508448361e-12, "median": 0.00701599149033, "dvar2": 4.33578316006e-06, "var": 9.51571655605e-06, "dmean2": 0.00168582482729, "max": 0.0201786775142, "dmean": 0.00105528056156}, "barkbands_spread": {"dvar": 21.9066200256, "mean": 6.59731149673, "min": 0.0862050950527, "median": 4.29179573059, "dvar2": 48.0844802856, "var": 60.0989456177, "dmean2": 3.59290885925, "max": 97.3581237793, "dmean": 2.32938170433}, "pitch_salience": {"dvar": 0.00429456913844, "mean": 0.459412544966, "min": 0.0596114695072, "median": 0.472134411335, "dvar2": 0.0120027735829, "var": 0.0176076851785, "dmean2": 0.110833987594, "max": 0.834279894829, "dmean": 0.0666593462229}, "erbbands_skewness": {"dvar": 0.25083976984, "mean": 1.34442651272, "min": -2.63330769539, "median": 1.19926357269, "dvar2": 0.598720788956, "var": 1.20720291138, "dmean2": 0.722613275051, "max": 9.03518772125, "dmean": 0.471117079258}, "spectral_energyband_middle_high": {"dvar": 1.33879177611e-06, "mean": 0.00152451754548, "min": 1.34120762905e-21, "median": 0.000506628479343, "dvar2": 2.93642847282e-06, "var": 6.00111025051e-06, "dmean2": 0.00082176271826, "max": 0.0199401434511, "dmean": 0.00056021072669}, "erbbands": {"dvar": [0.702758610249, 24.4236240387, 71.2000961304, 39.2554588318, 193.074417114, 976.221496582, 769.356994629, 293.098236084, 306.976135254, 427.306884766, 744.595703125, 829.995666504, 201.664581299, 184.604812622, 108.595085144, 145.664611816, 595.618041992, 83.9302139282, 54.6463012695, 18.9431972504, 28.7362957001, 82.1115188599, 26.7539367676, 94.4975357056, 33.3454589844, 45.2277488708, 23.0461044312, 24.0670852661, 13.3617687225, 14.5650653839, 24.322271347, 5.17289400101, 3.61255669594, 0.739386737347, 0.314858853817, 0.524068951607, 0.106295697391, 0.000348787696566, 1.4865021285e-06, 5.29645394209e-09], "mean": [0.869093000889, 5.69192504883, 7.41120815277, 9.36274433136, 18.9719257355, 37.7997932434, 33.036075592, 24.0432052612, 20.9754180908, 17.3487033844, 14.5333433151, 29.6589946747, 12.4490041733, 13.0428638458, 9.60581016541, 6.83857822418, 13.9802780151, 6.68525648117, 5.4299621582, 3.21085214615, 3.38638210297, 2.97926974297, 3.30088925362, 3.97511148453, 3.11681628227, 2.51364040375, 1.40056610107, 1.15705025196, 0.987924396992, 1.15851151943, 1.3486841917, 0.758442103863, 0.438604354858, 0.238957762718, 0.136449709535, 0.117204032838, 0.0455040819943, 0.00318039627746, 0.000241489295149, 7.22402983229e-05], "min": [1.11958282491e-22, 1.62275216186e-21, 8.5410808799e-21, 2.06449482115e-20, 5.6738024275e-20, 3.18095244926e-20, 7.60818949312e-20, 2.96025633206e-19, 2.96076789157e-19, 3.39705008849e-19, 2.19086540053e-19, 8.15863954593e-19, 7.83791835799e-19, 1.36599448304e-18, 2.06503034305e-18, 1.7016097817e-18, 2.05790955875e-18, 3.18782379983e-18, 3.28527229344e-18, 3.87793189949e-18, 3.52067714242e-18, 6.03238915215e-18, 5.83864856344e-18, 8.18295038413e-18, 1.00115481063e-17, 1.32874695365e-17, 1.1486995128e-17, 1.20520637111e-17, 1.19537268255e-17, 1.09696598293e-17, 1.20908998409e-17, 1.43033077129e-17, 1.04282916251e-17, 9.3614403931e-18, 7.21856615055e-18, 4.20000666511e-18, 2.66303477663e-18, 1.17214811861e-18, 2.86691080939e-19, 3.24614462129e-20], "median": [0.401127576828, 4.61239433289, 2.91002774239, 5.04833221436, 10.670083046, 16.8950424194, 15.5703372955, 13.3033008575, 7.48462677002, 4.49331092834, 2.36552143097, 2.86068558693, 2.91142559052, 2.6941075325, 1.98655295372, 1.71807134151, 1.51761770248, 1.23831772804, 1.10254502296, 0.78607904911, 0.805577516556, 0.7674883008, 0.802833020687, 0.891767024994, 0.592818796635, 0.32640594244, 0.114264972508, 0.0737143754959, 0.0883236825466, 0.127809301019, 0.122938707471, 0.0746866837144, 0.0325226970017, 0.0106435837224, 0.00403140904382, 0.00174489943311, 0.000420012394898, 5.64832516829e-05, 3.92817091779e-05, 5.93258882873e-05], "dvar2": [1.97210729122, 70.7854614258, 187.734909058, 103.075241089, 501.413116455, 2256.61254883, 1435.20703125, 668.691467285, 611.914245605, 975.335571289, 1613.2331543, 1633.64428711, 464.236450195, 406.904510498, 219.114868164, 378.163604736, 1579.56542969, 174.731933594, 140.142974854, 36.5281791687, 75.8557434082, 222.022384644, 57.8835906982, 241.014343262, 68.1894302368, 99.2406311035, 44.5153198242, 55.3585281372, 30.4804039001, 32.2129364014, 55.9664878845, 10.9378185272, 8.11971092224, 1.49200439453, 0.691647350788, 1.32324743271, 0.276659011841, 0.000846496492159, 3.60004287359e-06, 1.31050539309e-08], "var": [1.44606542587, 37.8409767151, 119.946304321, 133.335021973, 632.477905273, 3541.59716797, 3069.11206055, 1180.68261719, 2079.24584961, 1249.24328613, 2679.59912109, 4977.88525391, 1223.06518555, 749.111877441, 633.18170166, 202.045593262, 1214.99145508, 312.449859619, 147.234130859, 91.8871459961, 53.7538833618, 73.3181838989, 53.6742897034, 108.970695496, 56.3406867981, 69.6506881714, 40.1748199463, 36.322265625, 22.8143844604, 22.9167022705, 34.3565826416, 8.43885040283, 5.06847143173, 1.17356514931, 0.36070817709, 0.408657461405, 0.0773674026132, 0.000313652592013, 1.49135053107e-06, 6.70500277522e-09], "dmean2": [0.707345724106, 4.89982795715, 6.15229129791, 5.14809608459, 11.4645814896, 24.3429260254, 18.924041748, 12.7578449249, 11.1054334641, 11.5816240311, 8.69222450256, 15.2166519165, 7.84475660324, 8.92152309418, 6.51693677902, 6.91281366348, 13.7679204941, 5.05408334732, 5.4207406044, 2.59650850296, 3.45354914665, 3.61298179626, 2.80806684494, 4.3821144104, 3.04275918007, 2.71873807907, 1.69131743908, 1.5053422451, 1.12200415134, 1.23941600323, 1.54742157459, 0.837255060673, 0.554102122784, 0.308380067348, 0.204344242811, 0.246898621321, 0.10529731214, 0.00600153999403, 0.00038317363942, 4.79494447063e-05], "max": [12.9432811737, 85.1058807373, 157.239501953, 104.379730225, 314.914093018, 1038.71496582, 1100.67614746, 472.20803833, 596.187988281, 747.954223633, 1225.0032959, 821.70916748, 444.132171631, 459.559387207, 236.673171997, 254.923416138, 673.979492188, 399.015350342, 237.795135498, 199.818359375, 138.199966431, 208.821884155, 92.5869522095, 149.9790802, 90.0439147949, 278.341583252, 240.252487183, 259.992034912, 153.12298584, 147.198455811, 242.962539673, 87.1830062866, 118.958938599, 24.3590202332, 6.46782302856, 9.90189552307, 5.58937311172, 0.306385338306, 0.0235770400614, 0.00149240775499], "dmean": [0.421481192112, 2.87729549408, 3.62461280823, 3.23921489716, 7.19593334198, 16.4224052429, 13.5088577271, 8.70456504822, 7.61829853058, 7.82398891449, 5.89779663086, 10.7106933594, 5.07265233994, 5.77799844742, 4.26273775101, 4.18968915939, 8.54330825806, 3.32022023201, 3.27440905571, 1.6710922718, 2.10844326019, 2.18941569328, 1.87552189827, 2.74177408218, 2.03234839439, 1.8493540287, 1.13415396214, 0.977132320404, 0.756831407547, 0.836233258247, 1.03784441948, 0.558130502701, 0.361159086227, 0.204158455133, 0.132746860385, 0.149163544178, 0.0620224736631, 0.00369406770915, 0.0002399013174, 2.99898256344e-05]}, "dissonance": {"dvar": 0.00102389929816, "mean": 0.407684147358, "min": 0.129601061344, "median": 0.417586326599, "dvar2": 0.00266775139607, "var": 0.00347855966538, "dmean2": 0.0545290000737, "max": 0.499941170216, "dmean": 0.0338086076081}, "erbbands_flatness_db": {"dvar": 0.000825311639346, "mean": 0.212709322572, "min": 0.0259139779955, "median": 0.206842407584, "dvar2": 0.00143835379276, "var": 0.00545037770644, "dmean2": 0.0331281460822, "max": 0.480722427368, "dmean": 0.0245810281485}, "melbands_kurtosis": {"dvar": 892.656738281, "mean": 31.2025547028, "min": -1.38469183445, "median": 18.2298164368, "dvar2": 2321.11816406, "var": 1712.3840332, "dmean2": 24.6864738464, "max": 788.355957031, "dmean": 15.4347543716}, "melbands_spread": {"dvar": 8.53250694275, "mean": 5.40682792664, "min": 0.0983781293035, "median": 3.63476037979, "dvar2": 18.9356517792, "var": 42.69272995, "dmean2": 2.62001776695, "max": 155.709960938, "dmean": 1.68286824226}, "melbands_skewness": {"dvar": 1.30282354355, "mean": 3.48580598831, "min": -0.833297133446, "median": 3.01919174194, "dvar2": 3.2034676075, "var": 5.00783920288, "dmean2": 1.46941661835, "max": 20.9416294098, "dmean": 0.948718249798}, "spectral_entropy": {"dvar": 0.115590259433, "mean": 6.43512868881, "min": 3.89698243141, "median": 6.47350788116, "dvar2": 0.225227609277, "var": 0.730553328991, "dmean2": 0.383469521999, "max": 9.81654453278, "dmean": 0.274639457464}, "zerocrossingrate": {"dvar": 0.000108650361653, "mean": 0.0198713392019, "min": 0.00146484375, "median": 0.01416015625, "dvar2": 0.000201157759875, "var": 0.000665305589791, "dmean2": 0.00656447466463, "max": 0.64453125, "dmean": 0.00513885403052}, "average_loudness": 0.883680701256, "spectral_contrast_coeffs": {"dvar": [0.00132011575624, 0.00133283331525, 0.000983918667771, 0.000896077835932, 0.000536293140613, 0.000415156566305], "mean": [-0.635295152664, -0.658780753613, -0.7490016222, -0.778715491295, -0.804781556129, -0.800408244133], "min": [-0.973347365856, -0.972407400608, -0.978207707405, -0.965416431427, -0.965662658215, -0.961131036282], "median": [-0.636509656906, -0.65498316288, -0.756187319756, -0.785014271736, -0.810245990753, -0.801497578621], "dvar2": [0.00355036603287, 0.00332896504551, 0.002393449191, 0.00233943364583, 0.00124113378115, 0.00107529596426], "var": [0.00784617848694, 0.00764650898054, 0.00598391424865, 0.00498671364039, 0.00269556720741, 0.00168893299997], "dmean2": [0.0687943845987, 0.067299105227, 0.0589359626174, 0.0545132048428, 0.0366256423295, 0.0302077177912], "max": [-0.279827475548, -0.393995255232, -0.48415261507, -0.575773894787, -0.606641292572, -0.602464258671], "dmean": [0.0422590747476, 0.04247591272, 0.0369020365179, 0.0329622067511, 0.023054998368, 0.0186735857278]}, "barkbands_flatness_db": {"dvar": 0.00121808226686, "mean": 0.285457998514, "min": 0.0415274500847, "median": 0.272005259991, "dvar2": 0.00250963354483, "var": 0.00972825102508, "dmean2": 0.0473384000361, "max": 0.658524692059, "dmean": 0.0321318469942}, "silence_rate_30dB": {"dvar": 0.0624121911824, "mean": 0.891460895538, "min": 0, "median": 1, "dvar2": 0.14341366291, "var": 0.0967570021749, "dmean2": 0.133779257536, "max": 1, "dmean": 0.066881030798}, "spectral_energyband_high": {"dvar": 3.59738749012e-07, "mean": 0.000199537462322, "min": 7.28373646045e-21, "median": 2.63570182142e-05, "dvar2": 7.79803940532e-07, "var": 5.42369093637e-07, "dmean2": 0.000224287345191, "max": 0.0131672471762, "dmean": 0.000152837077621}, "melbands_flatness_db": {"dvar": 0.00157454586588, "mean": 0.398363500834, "min": 0.00443271268159, "median": 0.383225917816, "dvar2": 0.00321989762597, "var": 0.0139677524567, "dmean2": 0.0531475581229, "max": 0.840388000011, "dmean": 0.0360747538507}, "barkbands": {"dvar": [2.16539956455e-06, 0.000511193589773, 4.52820859209e-05, 7.70968654251e-06, 4.9224418035e-05, 5.19839522894e-06, 1.64587015661e-06, 1.42597991726e-06, 1.37547431223e-06, 1.90046534954e-07, 1.21986261092e-07, 7.71502257635e-08, 2.31410112406e-07, 3.56002125557e-08, 9.58050261346e-09, 9.76810188291e-09, 1.93121874048e-08, 1.29105561797e-08, 2.07261514618e-08, 1.9459841738e-08, 1.33592905627e-08, 1.04774846577e-08, 2.09574135823e-08, 1.03002575358e-08, 5.62053648068e-09, 2.1955242957e-08, 2.94673903334e-11], "mean": [0.000999764306471, 0.0274691972882, 0.00476012052968, 0.00429794937372, 0.00944148283452, 0.00313426554203, 0.00153153028805, 0.000485448545078, 0.0011743993964, 0.000420484895585, 0.000253195670666, 0.000138564268127, 0.00028455327265, 0.000129442996695, 7.10205858923e-05, 6.17348705418e-05, 5.27435768163e-05, 6.49216890451e-05, 6.91723835189e-05, 5.21271249454e-05, 3.10808718496e-05, 2.91336782539e-05, 4.42869932158e-05, 2.93213761324e-05, 1.97046447283e-05, 2.28515291383e-05, 1.03722959466e-06], "min": [1.74661015098e-25, 5.4932613125e-24, 8.01113335029e-24, 7.9194677131e-24, 1.62014864319e-23, 3.30020653897e-23, 1.25674345889e-23, 7.4446089469e-24, 3.53634668669e-23, 1.71238667785e-23, 2.80658629386e-23, 2.97897606747e-23, 4.73022077134e-23, 4.82749110749e-23, 7.78045811537e-23, 6.3874780626e-23, 1.19638909943e-22, 1.00120111943e-22, 2.60742863957e-22, 2.76750782855e-22, 2.51399191499e-22, 3.32627302763e-22, 3.95583653658e-22, 6.63433232981e-22, 9.61894427203e-22, 1.62069885158e-21, 2.37553912684e-21], "median": [0.000305941997794, 0.0212620347738, 0.00133393018041, 0.00143472198397, 0.00451641343534, 0.00165356870275, 0.000424249563366, 6.21544677415e-05, 0.000136785034556, 9.13250696613e-05, 2.9984581488e-05, 3.02818662021e-05, 3.1617055356e-05, 2.11563183257e-05, 1.54500921781e-05, 1.40511347126e-05, 1.25823125927e-05, 1.47972641571e-05, 1.42534272527e-05, 6.47847718938e-06, 1.8006277287e-06, 2.95714289678e-06, 4.40875919594e-06, 2.65893368123e-06, 6.92864887242e-07, 2.87201714855e-07, 7.02475873027e-08], "dvar2": [6.29022542853e-06, 0.00146021833643, 0.000118786665553, 1.95966931642e-05, 0.00010990001465, 1.16191058623e-05, 3.20049957736e-06, 3.28890018864e-06, 2.79164373751e-06, 4.51313070471e-07, 2.36881348314e-07, 2.01143436129e-07, 6.09253845596e-07, 7.5730454796e-08, 2.25565823797e-08, 2.48267468805e-08, 5.1554149394e-08, 2.93997288736e-08, 4.66027749724e-08, 4.18629646504e-08, 2.82208745261e-08, 2.39395614443e-08, 4.59828548571e-08, 2.15498303646e-08, 1.20359757716e-08, 5.58682451413e-08, 6.67173122304e-11], "var": [4.24846484748e-06, 0.00090733129764, 8.60128566273e-05, 4.14507230744e-05, 0.000198167006602, 2.01380371436e-05, 1.01401601569e-05, 3.85891416954e-06, 7.48803086026e-06, 9.17443458093e-07, 7.34570676286e-07, 9.65908881767e-08, 4.93728521178e-07, 1.50575004909e-07, 2.58763197536e-08, 2.73439066945e-08, 1.96825631349e-08, 2.20185256694e-08, 3.04123695116e-08, 3.19387467584e-08, 2.10202166784e-08, 1.73846714802e-08, 3.36374412768e-08, 1.65797509055e-08, 7.41527816928e-09, 1.6801360303e-08, 3.67770189302e-11], "dmean2": [0.00108818663284, 0.0225064549595, 0.00446180300787, 0.00219090492465, 0.00573133071885, 0.00176031643059, 0.000846701965202, 0.000409711676184, 0.000599491468165, 0.00032465311233, 0.000167243968463, 0.000157676535309, 0.000277672836091, 0.000110427405161, 7.38601665944e-05, 6.35334436083e-05, 6.35366159258e-05, 5.93105578446e-05, 7.09386731614e-05, 5.70234842598e-05, 4.07890802308e-05, 3.17082594847e-05, 4.91034770675e-05, 3.44635082001e-05, 2.73148616543e-05, 4.97494111187e-05, 1.56978455834e-06], "max": [0.039321757853, 0.371905714273, 0.150924682617, 0.0564207024872, 0.248793929815, 0.0645678266883, 0.0395960472524, 0.0445945225656, 0.0296687167138, 0.0109058609232, 0.00928644277155, 0.00644144555554, 0.0126357655972, 0.00795745849609, 0.00266834301874, 0.00295767048374, 0.00310672377236, 0.0021506594494, 0.00223830761388, 0.00650489144027, 0.00444905273616, 0.00388728408143, 0.0063721742481, 0.00473621254787, 0.00150353973731, 0.00184528110549, 0.000167357837199], "dmean": [0.00062403694028, 0.0132531952113, 0.00261881109327, 0.00139292445965, 0.00387318129651, 0.00120961572975, 0.000584873254411, 0.000271455239272, 0.000412517925724, 0.000205219621421, 0.00011092209752, 9.5069539384e-05, 0.000171413208591, 7.09717423888e-05, 4.45394070994e-05, 3.88720109186e-05, 3.82806829293e-05, 3.93254886148e-05, 4.66125457024e-05, 3.8347858208e-05, 2.67232535407e-05, 2.15416548599e-05, 3.29914291797e-05, 2.28928220167e-05, 1.79049566214e-05, 2.9816685128e-05, 1.01194132185e-06]}, "erbbands_spread": {"dvar": 145.905319214, "mean": 29.1134815216, "min": 1.13390469551, "median": 22.7772026062, "dvar2": 307.307952881, "var": 574.325805664, "dmean2": 12.2711248398, "max": 165.04019165, "dmean": 8.16300201416}, "barkbands_kurtosis": {"dvar": 388.022888184, "mean": 19.0846977234, "min": -1.55593883991, "median": 10.6936864853, "dvar2": 1040.9128418, "var": 980.737670898, "dmean2": 15.8261108398, "max": 643.549926758, "dmean": 9.76084423065}, "spectral_flux": {"dvar": 0.00122624682263, "mean": 0.0782054960728, "min": 6.70163716188e-11, "median": 0.0663478299975, "dvar2": 0.00307420757599, "var": 0.00326408469118, "dmean2": 0.0464110076427, "max": 0.470415860415, "dmean": 0.0287481416017}, "silence_rate_20dB": {"dvar": 0, "mean": 1, "min": 1, "median": 1, "dvar2": 0, "var": 0, "dmean2": 0, "max": 1, "dmean": 0}, "gfcc": {"cov": [[19150.5449219, -1970.2043457, -2406.99316406, 1315.8951416, -1746.06567383, 1127.28027344, -506.442230225, 1062.42529297, -387.36428833, 340.071350098, -373.806793213, -88.7988433838, -521.924987793], [-1970.2043457, 2236.734375, 61.8829917908, -499.917633057, 567.692993164, -400.074462891, 251.292633057, -382.74810791, 259.859375, -254.018493652, 320.114868164, -91.6274795532, 115.751113892], [-2406.99316406, 61.8829917908, 990.891052246, -29.6139717102, 145.127288818, -116.316940308, 68.6988754272, -103.396392822, -15.1372642517, 31.7457714081, -2.21519613266, 59.7195587158, 57.8356018066], [1315.8951416, -499.917633057, -29.6139717102, 522.42010498, -138.566513062, 42.1218528748, -29.2595558167, 93.9816741943, -59.1836051941, 59.0390892029, -69.7521438599, 0.514875531197, 4.99012708664], [-1746.06567383, 567.692993164, 145.127288818, -138.566513062, 613.864685059, -88.1199951172, 87.3155059814, -134.407348633, 106.085525513, 3.26774406433, 74.6411819458, 43.0360450745, 90.7856140137], [1127.28027344, -400.074462891, -116.316940308, 42.1218528748, -88.1199951172, 399.06149292, -6.73641824722, 152.700759888, 18.3973445892, 58.4078674316, -9.17779636383, 9.47104454041, -61.2433891296], [-506.442230225, 251.292633057, 68.6988754272, -29.2595558167, 87.3155059814, -6.73641824722, 235.447540283, -21.5492191315, 32.6010627747, -4.61345005035, 51.0070877075, -6.21937847137, 18.8089427948], [1062.42529297, -382.74810791, -103.396392822, 93.9816741943, -134.407348633, 152.700759888, -21.5492191315, 242.390304565, 11.7396736145, 54.5168418884, -57.0487785339, -2.87287378311, -30.4976425171], [-387.36428833, 259.859375, -15.1372642517, -59.1836051941, 106.085525513, 18.3973445892, 32.6010627747, 11.7396736145, 174.742523193, -29.623544693, 54.3540000916, -16.740152359, 37.1815681458], [340.071350098, -254.018493652, 31.7457714081, 59.0390892029, 3.26774406433, 58.4078674316, -4.61345005035, 54.5168418884, -29.623544693, 140.506942749, -31.2614135742, 35.4642601013, -9.32841682434], [-373.806793213, 320.114868164, -2.21519613266, -69.7521438599, 74.6411819458, -9.17779636383, 51.0070877075, -57.0487785339, 54.3540000916, -31.2614135742, 156.654724121, 3.92570281029, 17.6814346313], [-88.7988433838, -91.6274795532, 59.7195587158, 0.514875531197, 43.0360450745, 9.47104454041, -6.21937847137, -2.87287378311, -16.740152359, 35.4642601013, 3.92570281029, 105.819602966, 21.6253089905], [-521.924987793, 115.751113892, 57.8356018066, 4.99012708664, 90.7856140137, -61.2433891296, 18.8089427948, -30.4976425171, 37.1815681458, -9.32841682434, 17.6814346313, 21.6253089905, 119.127059937]], "mean": [-97.0090332031, 158.792602539, -66.9570007324, 32.0760192871, -37.792098999, 5.09864759445, -27.3967857361, -0.826677083969, -15.0846681595, -8.78112697601, 1.08305251598, 0.190402954817, -5.97118711472], "icov": [[0.000292065262329, -0.000662971579004, 0.00049158668844, -0.00073613342829, 0.000651176029351, -0.000695647206157, 0.000507889664732, -0.000676344672684, 0.000619485683274, -0.000731629086658, 0.000578996259719, -0.000548128562514, 0.000371658883523], [-0.000662971579004, 0.00329951010644, -0.000949588487856, 0.00240785186179, -0.00224290601909, 0.00267959944904, -0.00206574331969, 0.00236355513334, -0.0025360013824, 0.00288417632692, -0.0030318852514, 0.00232504308224, -0.000687036197633], [0.00049158668844, -0.000949588487856, 0.00200722413138, -0.00114833842963, 0.00095119595062, -0.00087933341274, 0.000436060654465, -0.000656341086142, 0.000962140155025, -0.00145631504711, 0.00110861030407, -0.00131918606348, 0.000396791903768], [-0.00073613342829, 0.00240785186179, -0.00114833842963, 0.00447711674497, -0.00160158018116, 0.00220850715414, -0.00166229659226, 0.00146325852256, -0.00143997429404, 0.00166243605781, -0.00175769545604, 0.00212653772905, -0.00174734182656], [0.000651176029351, -0.00224290601909, 0.00095119595062, -0.00160158018116, 0.00432004733011, -0.00195481488481, 0.000997838564217, -0.00054587359773, 0.000397109921323, -0.0030771244783, 0.00207099551335, -0.00240624300204, -0.000192425373825], [-0.000695647206157, 0.00267959944904, -0.00087933341274, 0.00220850715414, -0.00195481488481, 0.00606115767732, -0.00186726765241, 0.000145506201079, -0.00279111042619, 0.00166589324363, -0.00304350303486, 0.00131088623311, 0.000836172723211], [0.000507889664732, -0.00206574331969, 0.000436060654465, -0.00166229659226, 0.000997838564217, -0.00186726765241, 0.00621988717467, -0.00186013872735, 0.00162095436826, -0.00206520268694, 0.000419639225584, -0.00065247726161, 0.000300155108562], [-0.000676344672684, 0.00236355513334, -0.000656341086142, 0.00146325852256, -0.00054587359773, 0.000145506201079, -0.00186013872735, 0.00949234701693, -0.00421636272222, 0.000341139821103, 0.000105539933429, 0.0015666843392, -0.000745170051232], [0.000619485683274, -0.002536001382