{"tonal": {"hpcp": {"dvar": [0.0404664836824, 0.0412322357297, 0.0377960242331, 0.037543296814, 0.0390991866589, 0.0452921688557, 0.0416861027479, 0.040388122201, 0.0266589205712, 0.0310596879572, 0.0299184340984, 0.0261520259082, 0.0226661544293, 0.0201783329248, 0.0224724244326, 0.0298238806427, 0.0304853189737, 0.0247669424862, 0.0278655253351, 0.0361633189023, 0.0465695485473, 0.0599358379841, 0.0532533787191, 0.0474149547517, 0.0509690418839, 0.0302919130772, 0.0227403026074, 0.0244416184723, 0.0267633162439, 0.0307202003896, 0.0395531728864, 0.0458224862814, 0.0340494066477, 0.0328103303909, 0.0301309432834, 0.0359530895948], "var": [0.108617693186, 0.0792238041759, 0.0396864563227, 0.0356754511595, 0.0402466021478, 0.0644451230764, 0.108092486858, 0.0759919434786, 0.025016810745, 0.0226738993078, 0.0237734988332, 0.0207013562322, 0.0208082329482, 0.0196682158858, 0.0198832321912, 0.0532441399992, 0.0527809485793, 0.0236698277295, 0.0224884301424, 0.0312212146819, 0.0569400936365, 0.123763106763, 0.122286513448, 0.0645090788603, 0.0677467882633, 0.0326585583389, 0.0188680440187, 0.020535286516, 0.023310193792, 0.0343809314072, 0.0886931717396, 0.0823673605919, 0.0406401157379, 0.0349192731082, 0.0274347867817, 0.0476786568761], "median": [0.018382307142, 0.018652940169, 0.0122423944995, 0.00801206566393, 0.0115318773314, 0.0281047001481, 0.0550544299185, 0.044722866267, 0.0195367075503, 0.00754059897736, 0.006597337313, 0.00697190407664, 0.00795021746308, 0.00784974358976, 0.0139100505039, 0.0183224715292, 0.0147467022762, 0.0101125072688, 0.00719850882888, 0.00836232211441, 0.0372585617006, 0.124382980168, 0.125751107931, 0.0763789489865, 0.0311100743711, 0.0195558704436, 0.00752018298954, 0.00894686486572, 0.00901693478227, 0.0103116994724, 0.0114468736574, 0.0135000124574, 0.0201455131173, 0.0176945216954, 0.0160497892648, 0.0137819182128], "max": [1, 1, 1, 1, 1, 1, 1, 1, 1, 1, 1, 1, 1, 1, 1, 1, 1, 1, 1, 1, 1, 1, 1, 1, 1, 1, 1, 1, 1, 1, 1, 1, 1, 1, 1, 1], "dmean": [0.102361872792, 0.111789047718, 0.0984748229384, 0.0929276645184, 0.105048947036, 0.130702808499, 0.127853065729, 0.12701793015, 0.0856541395187, 0.0785191357136, 0.0767255052924, 0.0707793682814, 0.0648667514324, 0.0596897564828, 0.0684980005026, 0.0841053947806, 0.0860457569361, 0.0719596222043, 0.0730121582747, 0.0912940874696, 0.141422882676, 0.182760849595, 0.173710361123, 0.162197738886, 0.139876022935, 0.096038967371, 0.0644368976355, 0.0644400343299, 0.0686199143529, 0.0842218101025, 0.102121315897, 0.114857062697, 0.0956631824374, 0.0851937234402, 0.0818431675434, 0.0963544845581], "dmean2": [0.178682953119, 0.192886263132, 0.175305232406, 0.166746661067, 0.186369985342, 0.229438453913, 0.217800021172, 0.217817559838, 0.151617854834, 0.142263844609, 0.136845856905, 0.125679075718, 0.115335725248, 0.104379363358, 0.121389634907, 0.146301612258, 0.148583069444, 0.128557965159, 0.131535604596, 0.164497256279, 0.244522824883, 0.311308175325, 0.292119979858, 0.278394699097, 0.24173425138, 0.164032712579, 0.114421255887, 0.114457502961, 0.121992126107, 0.14716924727, 0.176764398813, 0.200555667281, 0.167918398976, 0.150206282735, 0.143916100264, 0.170254185796], "mean": [0.190852195024, 0.164277344942, 0.0922902747989, 0.0786568671465, 0.0941909700632, 0.153872027993, 0.229777395725, 0.183821097016, 0.0807413682342, 0.0576868392527, 0.0582992844284, 0.0552891530097, 0.0572512261569, 0.0545345284045, 0.0649469122291, 0.113176643848, 0.112631559372, 0.0681235790253, 0.059233725071, 0.0740088224411, 0.149890527129, 0.301025956869, 0.302732914686, 0.192961484194, 0.154375568032, 0.0978992804885, 0.0550850480795, 0.0576893240213, 0.0600911304355, 0.0878123939037, 0.160451814532, 0.159055203199, 0.103147573769, 0.0902147293091, 0.0769705176353, 0.112854845822], "dvar2": [0.101196937263, 0.105392731726, 0.101718768477, 0.101890288293, 0.105862081051, 0.120688475668, 0.0984981954098, 0.105250447989, 0.0707074850798, 0.0848993137479, 0.0787498578429, 0.0696933120489, 0.0601602979004, 0.0528192818165, 0.0619318559766, 0.073270753026, 0.0754714533687, 0.0683313459158, 0.0766546800733, 0.0972551032901, 0.121790118515, 0.149426788092, 0.126121461391, 0.124876104295, 0.130619123578, 0.0793785378337, 0.0614454038441, 0.0655198991299, 0.073772765696, 0.0858358815312, 0.0982967615128, 0.120655857027, 0.0930616781116, 0.087454713881, 0.0800832957029, 0.0966312810779], "min": [0, 0, 0, 0, 0, 0, 0, 0, 0, 0, 0, 0, 0, 0, 0, 0, 0, 0, 0, 0, 0, 0, 0, 0, 0, 0, 0, 0, 0, 0, 0, 0, 0, 0, 0, 0]}, "key_key": "A", "thpcp": [1, 0.637398421764, 0.509939849377, 0.323385000229, 0.181959226727, 0.190561786294, 0.198495537043, 0.290065556765, 0.530011117458, 0.525397777557, 0.34072136879, 0.298001050949, 0.254252225161, 0.372786849737, 0.630430936813, 0.542647778988, 0.304857075214, 0.259822636843, 0.311135530472, 0.50827652216, 0.759010255337, 0.607205510139, 0.266708254814, 0.190553575754, 0.192576631904, 0.182633444667, 0.189114645123, 0.180140733719, 0.214535355568, 0.37384980917, 0.37204927206, 0.225028648973, 0.195663318038, 0.244469031692, 0.495124638081, 0.994361519814], "chords_key": "E", "tuning_equal_tempered_deviation": 0.137586712837, "tuning_frequency": 434.193115234, "tuning_diatonic_strength": 0.577703893185, "chords_histogram": [3.33954429626, 7.3670630455, 30.2565574646, 2.73756623268, 0.401318609715, 1.24695432186, 2.30758213997, 14.3901386261, 7.23806810379, 17.8586788177, 0.114662460983, 0.472982645035, 0.372653007507, 0.0573312304914, 1.31861829758, 0.558979511261, 0.257990539074, 0, 0.472982645035, 0.272323340178, 0.458649843931, 2.07825708389, 5.81911993027, 0.601977944374], "key_strength": 0.710762560368, "key_scale": "minor", "chords_strength": {"dvar": 0.00036938971607, "var": 0.0161578003317, "median": 0.494927346706, "max": 0.807642698288, "dmean": 0.0124579817057, "dmean2": 0.0127260638401, "mean": 0.495495170355, "dvar2": 0.000640321755782, "min": -1}, "chords_number_rate": 0.00171993696131, "tuning_nontempered_energy_ratio": 0.858702838421, "hpcp_entropy": {"dvar": 0.280732154846, "var": 0.635313332081, "median": 1.98778414726, "max": 4.58027362823, "dmean": 0.610691130161, "dmean2": 1.02630317211, "mean": 1.9627944231, "dvar2": 0.751060903072, "min": 0}, "chords_changes_rate": 0.0855668634176, "chords_scale": "minor"}, "rhythm": {"bpm_histogram_first_peak_spread": {"dvar": 0, "var": 0, "median": 0.663594484329, "max": 0.663594484329, "dmean": 0, "dmean2": 0, "mean": 0.663594484329, "dvar2": 0, "min": 0.663594484329}, "bpm_histogram_first_peak_weight": {"dvar": 0, "var": 0, "median": 0.265454530716, "max": 0.265454530716, "dmean": 0, "dmean2": 0, "mean": 0.265454530716, "dvar2": 0, "min": 0.265454530716}, "bpm_histogram_first_peak_bpm": {"dvar": 0, "var": 0, "median": 103, "max": 103, "dmean": 0, "dmean2": 0, "mean": 103, "dvar2": 0, "min": 103}, "bpm": 103.346939087, "bpm_histogram_second_peak_weight": {"dvar": 0, "var": 0, "median": 0.0745454579592, "max": 0.0745454579592, "dmean": 0, "dmean2": 0, "mean": 0.0745454579592, "dvar2": 0, "min": 0.0745454579592}, "beats_loudness": {"dvar": 0.000967679021414, "var": 0.00110676209442, "median": 0.0270085372031, "max": 0.263055920601, "dmean": 0.0287377946079, "dmean2": 0.0459299087524, "mean": 0.0345656983554, "dvar2": 0.00255643762648, "min": 7.2715874988e-11}, "beats_loudness_band_ratio": {"dvar": [0.0461891591549, 0.0278255492449, 0.0228388998657, 0.0175106283277, 0.00393909728155, 0.00667951721698], "var": [0.0745341032743, 0.0402836203575, 0.0264938790351, 0.0162742789835, 0.003814145457, 0.0042219068855], "median": [0.446260005236, 0.233365491033, 0.0782553553581, 0.03938953951, 0.0175685826689, 0.00938591361046], "max": [0.988331794739, 0.95995926857, 0.97689640522, 0.760804057121, 0.428235709667, 0.59988796711], "dmean": [0.308580100536, 0.194473356009, 0.139445289969, 0.0934271067381, 0.0511107444763, 0.0410853661597], "dmean2": [0.556301832199, 0.339048177004, 0.254843622446, 0.165691494942, 0.0913258865476, 0.0768597275019], "mean": [0.458594143391, 0.278684556484, 0.139831706882, 0.0845224484801, 0.0405238084495, 0.0277361534536], "dvar2": [0.123552195728, 0.0732778757811, 0.063424564898, 0.0482967458665, 0.0106114018708, 0.0187770407647], "min": [0, 0, 0, 0, 0, 0]}, "bpm_histogram_second_peak_bpm": {"dvar": 0, "var": 0, "median": 98, "max": 98, "dmean": 0, "dmean2": 0, "mean": 98, "dvar2": 0, "min": 98}, "onset_rate": 2.93560934067, "beats_count": 551, "beats_position": [0.603718817234, 1.20743763447, 1.8111563921, 2.42648530006, 3.06503391266, 3.70358276367, 4.35374164581, 4.99229001999, 5.64244890213, 6.29260778427, 6.94276618958, 7.60453510284, 8.26630401611, 8.91646194458, 9.57823085785, 10.2516098022, 10.8901586533, 11.5170974731, 12.144036293, 12.7593650818, 13.3746938705, 13.9784126282, 14.5937414169, 15.2206802368, 15.8360090256, 16.4513378143, 17.0550556183, 17.6703853607, 18.2973232269, 18.9242630005, 19.5512008667, 20.1781406403, 20.8050785065, 21.43201828, 22.0705661774, 22.6975059509, 23.312833786, 23.9165534973, 24.5202713013, 25.1239910126, 25.7044887543, 26.2849884033, 26.865486145, 27.4692058563, 28.0613155365, 28.6882534027, 29.3151912689, 29.9305210114, 30.5574588776, 31.1611785889, 31.7648983002, 32.3802261353, 32.9955558777, 33.6108856201, 34.2262115479, 34.8299331665, 35.4452590942, 36.0373687744, 36.6294784546, 37.244808197, 37.848526001, 38.4638557434, 39.0675735474, 39.6829032898, 40.2982292175, 40.91355896, 41.5288887024, 42.1209983826, 42.713104248, 43.3284339905, 43.9205436707, 44.5126533508, 45.1047592163, 45.6968688965, 46.3005905151, 46.9043083191, 47.508026123, 48.1233558655, 48.7270736694, 49.3424034119, 49.9693412781, 50.573059082, 51.1767807007, 51.7804985046, 52.3726081848, 52.9647140503, 53.5684356689, 54.1721534729, 54.7642631531, 55.3563690186, 55.9484786987, 56.5405883789, 57.1443061829, 57.7480278015, 58.3517456055, 58.9554634094, 59.5707931519, 60.1745109558, 60.7898406982, 61.3935585022, 61.9972763062, 62.6009979248, 63.2047157288, 63.8084335327, 64.4121551514, 65.0042648315, 65.5963668823, 66.1884765625, 66.7805862427, 67.3843078613, 67.9764175415, 68.5685272217, 69.1722412109, 69.7759628296, 70.3680725098, 70.9833984375, 71.5871200562, 72.1792297363, 72.7713394165, 73.3518371582, 73.9323348999, 74.5128326416, 75.1049423218, 75.673828125, 76.2543258667, 76.8348312378, 77.426940918, 78.0190429688, 78.5995483398, 79.1800460815, 79.7837600708, 80.3874816895, 80.9912033081, 81.5949172974, 82.1754150391, 82.7675247192, 83.3480224609, 83.9169158936, 84.4974136353, 85.077911377, 85.6584091187, 86.2389068604, 86.8310165405, 87.4231262207, 88.0152359009, 88.6073455811, 89.1994552612, 89.7915649414, 90.3720626831, 90.9641723633, 91.5562820435, 92.1367797852, 92.7172775269, 93.309387207, 93.8898849487, 94.4819946289, 95.0741043091, 95.6662139893, 96.2583236694, 96.8504257202, 97.4541473389, 98.046257019, 98.6615829468, 99.2769165039, 99.8806304932, 100.484352112, 101.08807373, 101.680175781, 102.260681152, 102.841178894, 103.433288574, 104.013786316, 104.605895996, 105.209609985, 105.813331604, 106.428657532, 107.043991089, 107.670928955, 108.30947876, 108.924804688, 109.516914368, 110.109024048, 110.701133728, 111.28163147, 111.862129211, 112.442626953, 113.034736633, 113.615234375, 114.195732117, 114.787841797, 115.391563416, 115.995285034, 116.598999023, 117.202720642, 117.794830322, 118.375328064, 118.967437744, 119.547935486, 120.140045166, 120.720542908, 121.301040649, 121.881538391, 122.462036133, 123.042533875, 123.646255493, 124.249977112, 124.853691101, 125.45741272, 126.061134338, 126.664848328, 127.268569946, 127.872291565, 128.464401245, 129.056503296, 129.637008667, 130.217498779, 130.809616089, 131.378494263, 131.958999634, 132.539505005, 133.119995117, 133.723709106, 134.315826416, 134.907928467, 135.511657715, 136.115371704, 136.719085693, 137.334411621, 137.926528931, 138.518630981, 139.110748291, 139.691238403, 140.271743774, 140.840637207, 141.421127319, 141.990020752, 142.570526123, 143.127792358, 143.708297729, 144.288803101, 144.880905151, 145.473007202, 146.065124512, 146.657226562, 147.237731934, 147.829833984, 148.421951294, 149.002441406, 149.582946777, 150.15184021, 150.732330322, 151.301223755, 151.881713867, 152.462219238, 153.042724609, 153.623214722, 154.203720093, 154.784210205, 155.364715576, 155.945205688, 156.52571106, 157.106216431, 157.686706543, 158.255599976, 158.836090088, 159.404983521, 159.985488892, 160.565979004, 161.146484375, 161.726974487, 162.307479858, 162.864761353, 163.445251465, 164.037368774, 164.629470825, 165.209976196, 165.790466309, 166.37097168, 166.951477051, 167.508743286, 168.077636719, 168.646530151, 169.215423584, 169.761077881, 170.318359375, 170.887252808, 171.45614624, 172.013427734, 172.593917847, 173.186035156, 173.766525269, 174.335418701, 174.915908813, 175.496414185, 176.076919556, 176.645797729, 177.214691162, 177.795196533, 178.375686646, 178.93296814, 179.513473511, 180.093963623, 180.674468994, 181.254959106, 181.835464478, 182.41595459, 183.019683838, 183.60017395, 184.180679321, 184.749572754, 185.330062866, 185.922180176, 186.502670288, 187.083175659, 187.652053833, 188.220947266, 188.801452637, 189.381942749, 189.96244812, 190.554550171, 191.14666748, 191.703948975, 192.284439087, 192.864944458, 193.468658447, 194.049163818, 194.629653931, 195.210159302, 195.790649414, 196.359542847, 196.928436279, 197.508926392, 198.089431763, 198.669921875, 199.238815308, 199.796096802, 200.364990234, 200.945480347, 201.525985718, 202.129699707, 202.710205078, 203.279083252, 203.859588623, 204.451690674, 205.032196045, 205.612701416, 206.18157959, 206.750473022, 207.319366455, 207.888244629, 208.46875, 209.060852051, 209.65296936, 210.245071411, 210.837188721, 211.417678833, 211.986572266, 212.555465698, 213.135955811, 213.72807312, 214.308563232, 214.877456665, 215.457962036, 216.050064087, 216.630569458, 217.199447632, 217.779953003, 218.348846436, 218.929336548, 219.49822998, 220.078720093, 220.670837402, 221.239730835, 221.820220947, 222.38911438, 222.958007812, 223.526885986, 224.095779419, 224.676269531, 225.256774902, 225.825668335, 226.394546509, 226.97505188, 227.543945312, 228.112823486, 228.693328857, 229.273834229, 229.831100464, 230.399993896, 230.957275391, 231.526168823, 232.083435059, 232.652328491, 233.221221924, 233.790115356, 234.35899353, 234.927886963, 235.496780396, 236.05406189, 236.611328125, 237.168609619, 237.725891113, 238.283172607, 238.85206604, 239.420944214, 239.978225708, 240.547119141, 241.115997314, 241.684890747, 242.25378418, 242.834274292, 243.391555786, 243.960449219, 244.529342651, 245.086624146, 245.643890381, 246.212783813, 246.781677246, 247.35055542, 247.919448853, 248.499954224, 249.068832397, 249.63772583, 250.206619263, 250.775512695, 251.356002808, 251.92489624, 252.493789673, 253.074279785, 253.654785156, 254.235275269, 254.839004517, 255.431106567, 256.023223877, 256.603729248, 257.172607422, 257.753112793, 258.321990967, 258.890869141, 259.459777832, 260.028656006, 260.59753418, 261.178039551, 261.758544922, 262.327423096, 262.896331787, 263.488433838, 264.080535889, 264.649414062, 265.218322754, 265.775604248, 266.332885742, 266.901763916, 267.482269287, 268.051147461, 268.608428955, 269.177307129, 269.74621582, 270.315093994, 270.860778809, 271.418029785, 271.975311279, 272.544219971, 273.113098145, 273.681976318, 274.25088501, 274.831390381, 275.411865234, 275.992370605, 276.561279297, 277.130157471, 277.699035645, 278.267944336, 278.83682251, 279.405700684, 279.962982178, 280.531890869, 281.089141846, 281.658050537, 282.226928711, 282.807434082, 283.376312256, 283.945220947, 284.525695801, 285.094604492, 285.663482666, 286.243988037, 286.824493408, 287.393371582, 287.962249756, 288.531158447, 289.100036621, 289.668914795, 290.237823486, 290.818328857, 291.387207031, 291.967712402, 292.536590576, 293.10546875, 293.674377441, 294.243255615, 294.800537109, 295.357818604, 295.915100098, 296.472381592, 297.029663086, 297.59854126, 298.167419434, 298.724700928, 299.293609619, 299.862487793, 300.431365967, 301.000274658, 301.557556152, 302.126434326, 302.6953125, 303.264221191, 303.821502686, 304.390380859, 304.947662354, 305.504943848, 306.062225342, 306.619506836, 307.17678833, 307.745666504, 308.314544678, 308.883453369, 309.452331543, 310.032836914, 310.613342285, 311.182220459, 311.751098633, 312.320007324, 312.888885498, 313.469390869, 314.0730896, 314.665222168, 315.268920898, 315.872650146, 316.487976074, 317.103302002, 317.730255127, 318.380401611, 319.018951416, 319.634277344, 320.249603271, 320.864929199, 321.480255127, 322.095581055, 322.7109375, 323.326263428], "danceability": 0.962393403053, "bpm_histogram_second_peak_spread": {"dvar": 0, "var": 0, "median": 0.359375, "max": 0.359375, "dmean": 0, "dmean2": 0, "mean": 0.359375, "dvar2": 0, "min": 0.359375}}, "lowlevel": {"spectral_flux": {"dvar": 0.000899559992831, "var": 0.00324827083386, "median": 0.0431740283966, "max": 0.439519584179, "dmean": 0.0199784189463, "dmean2": 0.0316543988883, "mean": 0.0585171468556, "dvar2": 0.00214804057032, "min": 5.22365007782e-06}, "spectral_rolloff": {"dvar": 335579, "var": 2767215.5, "median": 516.796875, "max": 20542.6757812, "dmean": 238.875259399, "dmean2": 395.936859131, "mean": 943.252807617, "dvar2": 710486.375, "min": 64.599609375}, "barkbands_flatness_db": {"dvar": 0.000723932462279, "var": 0.00603352021426, "median": 0.19448363781, "max": 0.551046907902, "dmean": 0.026769598946, "dmean2": 0.0383528284729, "mean": 0.205035969615, "dvar2": 0.00145720597357, "min": 0.0271491464227}, "spectral_centroid": {"dvar": 73225.1875, "var": 435463.28125, "median": 727.570617676, "max": 10652.5917969, "dmean": 183.275039673, "dmean2": 269.651763916, "mean": 918.665344238, "dvar2": 145614.0625, "min": 116.708351135}, "melbands_skewness": {"dvar": 0.863620579243, "var": 5.86519002914, "median": 2.61786031723, "max": 20.055639267, "dmean": 0.807104051113, "dmean2": 1.21184515953, "mean": 3.06801629066, "dvar2": 1.91176044941, "min": -2.60984683037}, "melbands": {"dvar": [2.71231419902e-06, 3.22857085848e-05, 1.45732758483e-06, 4.54005629535e-07, 5.79386096433e-07, 1.21782704809e-07, 2.70048758466e-07, 1.48240403064e-07, 9.84082788591e-08, 2.38752107862e-07, 2.78227325623e-08, 3.05653529153e-08, 2.57902410539e-08, 3.98925799061e-08, 4.02592057469e-08, 9.99420102232e-09, 2.44888620493e-09, 1.32439181844e-09, 2.1941120032e-09, 1.22842425121e-09, 5.16610254575e-10, 6.749928394e-10, 2.47595965952e-09, 2.74963024571e-10, 2.65795663257e-10, 3.40227124251e-10, 1.1659076482e-10, 7.86460202518e-11, 1.21811371753e-11, 1.7990267262e-11, 1.34592233192e-11, 1.48037901382e-11, 1.10906804573e-11, 2.81612320269e-12, 3.03477642322e-12, 9.51588634279e-13, 3.52335890498e-12, 7.99388008045e-13, 4.1090140188e-13, 4.37801081195e-13], "var": [4.33119021181e-06, 3.01399049931e-05, 2.09311951949e-06, 1.02682543002e-06, 1.16181865906e-06, 3.15267556061e-07, 5.47151728369e-07, 2.69773437367e-07, 2.27760452276e-07, 5.3505800679e-07, 9.66396882518e-08, 8.50788310913e-08, 8.61246576278e-08, 2.19918760536e-07, 1.39225889484e-07, 3.52880888954e-08, 5.48830403346e-09, 2.47844322843e-09, 3.6319902641e-09, 3.3560536572e-09, 1.22630727795e-09, 1.33775945876e-09, 3.82823950318e-09, 6.66141253269e-10, 7.12137238068e-10, 6.08496752985e-10, 2.60866994672e-10, 1.64093585941e-10, 1.80167322034e-11, 1.90539320433e-11, 1.28361696272e-11, 1.25913316232e-11, 1.18029813354e-11, 3.44540173301e-12, 3.0126474232e-12, 9.95766186521e-13, 2.83518109163e-12, 7.82596318478e-13, 4.8306584427e-13, 4.85851972803e-13], "median": [0.000125140810269, 0.000374272465706, 0.000309874507366, 0.000178347545443, 0.000104847655166, 5.0200138503e-05, 4.41306401626e-05, 2.55702252616e-05, 1.41956406878e-05, 1.62588694366e-05, 1.28629308165e-05, 1.00698653114e-05, 6.9591224019e-06, 4.33005925515e-06, 5.06345986651e-06, 4.23304800279e-06, 2.75928368865e-06, 2.4011651476e-06, 1.84202599485e-06, 1.36660969474e-06, 9.00816303329e-07, 8.05279569249e-07, 6.70096028443e-07, 6.64271453843e-07, 5.82015786676e-07, 4.98119675285e-07, 4.73337706808e-07, 4.41334066181e-07, 1.99835170633e-07, 1.14593326828e-07, 8.21276131546e-08, 5.4917101977e-08, 3.13963113285e-08, 2.39719710748e-08, 2.03018277745e-08, 1.5548151211e-08, 1.24309327276e-08, 8.94908236404e-09, 7.03467817331e-09, 5.70629676844e-09], "max": [0.0285130962729, 0.0850895568728, 0.0233316533267, 0.0140512762591, 0.0262872073799, 0.0116952667013, 0.0130062540993, 0.0162827074528, 0.00869882106781, 0.0146830016747, 0.00752457417548, 0.00623032962903, 0.00556662492454, 0.0123126944527, 0.00982971861959, 0.00302352127619, 0.00192043732386, 0.00105768465437, 0.00190898042638, 0.00123729708139, 0.00100616563577, 0.000949975510594, 0.00306979729794, 0.000519419612829, 0.000443445780547, 0.000559968408197, 0.000449998420663, 0.000363780301996, 9.22819599509e-05, 0.000153544562636, 0.000106874482299, 0.000151911372086, 0.000191855157027, 4.92200742883e-05, 7.61764822528e-05, 2.56029561569e-05, 5.78026520088e-05, 2.12389513763e-05, 2.24237392104e-05, 3.12500887958e-05], "dmean": [0.000430984422565, 0.00133118091617, 0.000407104991609, 0.000309966271743, 0.000251562276389, 0.000135148991831, 0.000166484780493, 0.000108535343315, 8.97205318324e-05, 0.000134302026709, 5.17882217537e-05, 4.89539161208e-05, 4.32635315519e-05, 4.67097415822e-05, 4.97473229188e-05, 2.86723625322e-05, 1.32087143356e-05, 1.07051264422e-05, 1.11630606625e-05, 8.24076778372e-06, 4.6623340495e-06, 6.02018917562e-06, 7.82144434197e-06, 4.97260771226e-06, 4.91244054501e-06, 3.96107361667e-06, 2.80593712887e-06, 2.55698500951e-06, 1.0065097058e-06, 8.64247056143e-07, 7.46371426885e-07, 6.25213090188e-07, 4.77534342735e-07, 2.91083438242e-07, 2.5121590852e-07, 1.70706101699e-07, 2.80725373614e-07, 1.4658218106e-07, 1.00851394791e-07, 8.44437053615e-08], "dmean2": [0.000714783731382, 0.00228806189261, 0.000685674953274, 0.000491919694468, 0.000387836771552, 0.00020400134963, 0.000249351433013, 0.000161874384503, 0.000129123523948, 0.000189846512512, 7.48564852984e-05, 7.21233445802e-05, 6.27325061942e-05, 6.28678462817e-05, 6.84561891831e-05, 4.04712591262e-05, 1.92816969502e-05, 1.58522107085e-05, 1.64844823303e-05, 1.19377109513e-05, 6.83868120177e-06, 9.32663169806e-06, 1.18293401101e-05, 7.31432646717e-06, 7.29544899514e-06, 5.78270555707e-06, 4.18532636104e-06, 3.909303814e-06, 1.57218585173e-06, 1.37745041684e-06, 1.17840829716e-06, 1.00152544746e-06, 7.85362942679e-07, 4.54907961966e-07, 4.06446844181e-07, 2.73135896123e-07, 4.69721243235e-07, 2.41498895548e-07, 1.63038734513e-07, 1.3406415178e-07], "mean": [0.000605903565884, 0.00194915477186, 0.000777126697358, 0.000565365888178, 0.000425644451752, 0.000246772135142, 0.000287317787297, 0.000176254558028, 0.000150523861521, 0.000235373678152, 0.000105191924376, 9.68944150372e-05, 8.83463580976e-05, 0.000113710411824, 0.000102597980003, 5.8195902966e-05, 2.51538931479e-05, 1.7670365196e-05, 1.6809832232e-05, 1.37953693411e-05, 8.22989022708e-06, 1.00511806522e-05, 1.26028280647e-05, 8.93212745723e-06, 9.69965731201e-06, 7.01743192622e-06, 5.45462125956e-06, 4.51046889793e-06, 1.5664699049e-06, 1.05407150386e-06, 8.31759791708e-07, 6.24710253305e-07, 4.64369861675e-07, 3.06456684029e-07, 2.49191742796e-07, 1.77254861455e-07, 2.40249590888e-07, 1.33074365749e-07, 9.8043443586e-08, 8.43017247121e-08], "dvar2": [6.59436955175e-06, 9.19696758501e-05, 4.24965855927e-06, 1.13098599286e-06, 1.276453645e-06, 2.70768737209e-07, 6.11777409176e-07, 3.18434672408e-07, 1.84698961903e-07, 4.78400920656e-07, 6.16709243673e-08, 6.79624321265e-08, 5.40303375374e-08, 6.83628371689e-08, 7.08989844611e-08, 2.01063006244e-08, 5.13752329567e-09, 2.85010681722e-09, 4.75068295813e-09, 2.56642218588e-09, 1.01703734323e-09, 1.64234692512e-09, 5.42510747437e-09, 5.84049919539e-10, 5.58348589585e-10, 7.22472415227e-10, 2.7408658676e-10, 1.84911835843e-10, 2.90848907458e-11, 4.36181264718e-11, 3.26336770107e-11, 3.76415495995e-11, 2.70844319195e-11, 6.23094631447e-12, 7.43404469927e-12, 2.35236851699e-12, 9.24652715506e-12, 1.96342551592e-12, 9.69895171121e-13, 1.0701834384e-12], "min": [2.36733511483e-15, 7.86152083593e-16, 9.57494725664e-16, 7.48146138767e-16, 1.99028009243e-15, 3.26836133028e-15, 2.63569992824e-15, 3.20316456905e-15, 2.1970522698e-15, 8.84370530146e-16, 1.65778165003e-15, 3.82053490881e-15, 6.42428538955e-15, 4.2194264406e-15, 1.55601868823e-15, 6.41456992164e-16, 4.29430140028e-16, 9.53597421195e-16, 1.91710512787e-15, 1.50385289362e-15, 1.78702987805e-15, 1.48429225589e-15, 3.2981455498e-15, 2.32059477801e-15, 2.3162382758e-15, 1.61291346778e-15, 1.63191845189e-15, 2.32895732254e-15, 2.58462468855e-15, 3.00112243542e-15, 3.73316515437e-15, 2.08363371113e-15, 2.63661366503e-15, 2.91531799786e-15, 3.3172484721e-15, 3.64842289613e-15, 5.44596699415e-15, 5.22856624736e-15, 5.38928143174e-15, 3.98821016292e-15]}, "spectral_decrease": {"dvar": 2.89276971611e-17, "var": 5.22496078545e-17, "median": -2.83951262503e-09, "max": 7.6272041265e-18, "dmean": 2.00204230971e-09, "dmean2": 3.1553664126e-09, "mean": -5.12436226785e-09, "dvar2": 7.67646240111e-17, "min": -8.33157756119e-08}, "barkbands_kurtosis": {"dvar": 342.725585938, "var": 1307.26904297, "median": 5.11603784561, "max": 881.168151855, "dmean": 6.92151927948, "dmean2": 10.6161985397, "mean": 15.0419301987, "dvar2": 791.037414551, "min": -1.901009202}, "silence_rate_30dB": {"dvar": 0.0149641688913, "var": 0.0179439708591, "median": 1, "max": 1, "dmean": 0.0151960430667, "dmean2": 0.0303942654282, "mean": 0.981723070145, "dvar2": 0.0303290039301, "min": 0}, "gfcc": {"mean": [-123.308952332, 131.560623169, -113.448127747, 27.1757564545, -46.5309448242, -0.869348227978, -27.5834083557, 0.687801420689, -25.3915805817, -2.02816748619, -10.8159580231, -8.26885700226, -8.48165225983], "cov": [[21522.4023438, 1492.67553711, -3051.22998047, -321.999053955, -410.261047363, -116.670158386, 336.585632324, 182.341201782, -739.0625, -81.5545730591, -73.4673461914, -303.976715088, -177.433532715], [1492.67553711, 1699.29272461, -136.965301514, -230.278533936, 236.748886108, -231.672561646, 213.693008423, -122.570892334, -28.4801979065, -168.270370483, 75.0010681152, -178.096099854, 37.277217865], [-3051.22998047, -136.965301514, 1517.78051758, 292.945404053, 61.1183776855, 197.132461548, -206.06741333, -73.2788467407, 157.435775757, 29.9799976349, -57.0724563599, 44.2752685547, -37.7667007446], [-321.999053955, -230.278533936, 292.945404053, 587.647277832, 172.597091675, 128.399490356, -19.789516449, 30.6942481995, 69.4808807373, -34.5269622803, -38.6916770935, -1.22116100788, -1.97823560238], [-410.261047363, 236.748886108, 61.1183776855, 172.597091675, 353.89730835, 64.3338928223, 129.273513794, 28.2559509277, 11.5300178528, -50.4883918762, 10.9602022171, -44.4789810181, -5.56144285202], [-116.670158386, -231.672561646, 197.132461548, 128.399490356, 64.3338928223, 346.224395752, 102.586021423, 39.662197113, -17.4396133423, 34.1256637573, -2.1330280304, 17.8648052216, -42.0932235718], [336.585632324, 213.693008423, -206.06741333, -19.789516449, 129.273513794, 102.586021423, 321.875396729, 56.4910812378, -49.9859428406, -16.794506073, 49.0617103577, -36.7847900391, -15.1205177307], [182.341201782, -122.570892334, -73.2788467407, 30.6942481995, 28.2559509277, 39.662197113, 56.4910812378, 181.061828613, 45.5713424683, 18.7758846283, -15.3032522202, -5.50266313553, -7.09563732147], [-739.0625, -28.4801979065, 157.435775757, 69.4808807373, 11.5300178528, -17.4396133423, -49.9859428406, 45.5713424683, 218.219390869, 32.9879989624, -3.9625120163, 25.4674282074, 34.6378097534], [-81.5545730591, -168.270370483, 29.9799976349, -34.5269622803, -50.4883918762, 34.1256637573, -16.794506073, 18.7758846283, 32.9879989624, 133.259429932, 32.7121505737, 33.8142127991, -2.7000169754], [-73.4673461914, 75.0010681152, -57.0724563599, -38.6916770935, 10.9602022171, -2.1330280304, 49.0617103577, -15.3032522202, -3.9625120163, 32.7121505737, 113.189277649, 30.999879837, 10.8622341156], [-303.976715088, -178.096099854, 44.2752685547, -1.22116100788, -44.4789810181, 17.8648052216, -36.7847900391, -5.50266313553, 25.4674282074, 33.8142127991, 30.999879837, 115.47403717, 37.7235641479], [-177.433532715, 37.277217865, -37.7667007446, -1.97823560238, -5.56144285202, -42.0932235718, -15.1205177307, -7.09563732147, 34.6378097534, -2.7000169754, 10.8622341156, 37.7235641479, 102.243171692]], "icov": [[0.00011941671255, -0.000303888547933, 0.000294465367915, -0.000255888793617, 0.000312570307869, -0.000237819171161, 0.000222973962082, -0.000252376659773, 0.000332576048095, -0.000296991638606, 0.00030328790308, -0.000213864754187, 0.000282577966573], [-0.000303888547933, 0.0021825528238, -0.000991239678115, 0.00134280696511, -0.00148832227569, 0.00135147420224, -0.00137431267649, 0.0014976200182, -0.00127727363724, 0.00194957479835, -0.0018690333236, 0.00252615776844, -0.00153643498197], [0.000294465367915, -0.000991239678115, 0.00180243712384, -0.000930342474021, 0.000613154785242, -0.00143899547402, 0.00141934608109, -0.000121784505609, 0.000138484829222, -0.00094358419301, 0.00115758110769, -0.001058113412, 0.0013581631938], [-0.000255888793617, 0.00134280696511, -0.000930342474021, 0.00338013493456, -0.00219520716928, -1.01238483694e-05, -0.000151451095007, 0.000696465140209, -0.00142762449104, 0.00188275205437, -0.000835447921418, 0.00129987474065, -0.00116701459046], [0.000312570307869, -0.00148832227569, 0.000613154785242, -0.00219520716928, 0.0056218598038, -0.000943869061302, -0.000753416330554, -0.00125807709992, 0.000774507003371, -0.000165975696291, 0.000398277014028, -0.000193515312276, 0.000749878585339], [-0.000237819171161, 0.00135147420224, -0.00143899547402, -1.01238483694e-05, -0.000943869061302, 0.00568032311276, -0.00307517172769, 0.000444117118604, 0.000120183329273, -0.000317167170579, -6.54736140859e-05, -0.000264150236035, 0.000481412571389], [0.000222973962082, -0.00137431267649, 0.00141934608109, -0.000151451095007, -0.000753416330554, -0.00307517172769, 0.00685078045353, -0.00231354427524, 0.00134284340311, -0.000255022139754, -0.00153218617197, 0.000175923167262, 0.000591140938923], [-0.000252376659773, 0.0014976200182, -0.000121784505609, 0.000696465140209, -0.00125807709992, 0.000444117118604, -0.00231354427524, 0.00830651354045, -0.00308310473338, 0.000128574087285, 0.000794662861153, 0.0012929221848, -0.000180349466973], [0.000332576048095, -0.00127727363724, 0.000138484829222, -0.00142762449104, 0.000774507003371, 0.000120183329273, 0.00134284340311, -0.00308310473338, 0.00759535422549, -0.00276617077179, 0.00112979603, -0.00141003471799, -0.00110337208025], [-0.000296991638606, 0.00194957479835, -0.00094358419301, 0.00188275205437, -0.000165975696291, -0.000317167170579, -0.000255022139754, 0.000128574087285, -0.00276617077179, 0.0121042188257, -0.00502707716078, 0.00102838233579, -0.000295307749184], [0.00030328790308, -0.0018690333236, 0.00115758110769, -0.000835447921418, 0.000398277014028, -6.54736140859e-05, -0.00153218617197, 0.000794662861153, 0.00112979603, -0.00502707716078, 0.0142694087699, -0.00595701066777, 0.00160887488164], [-0.000213864754187, 0.00252615776844, -0.001058113412, 0.00129987474065, -0.000193515312276, -0.000264150236035, 0.000175923167262, 0.0012929221848, -0.00141003471799, 0.00102838233579, -0.00595701066777, 0.0162332747132, -0.00651309266686], [0.000282577966573, -0.00153643498197, 0.0013581631938, -0.00116701459046, 0.000749878585339, 0.000481412571389, 0.000591140938923, -0.000180349466973, -0.00110337208025, -0.000295307749184, 0.00160887488164, -0.00651309266686, 0.0142222987488]]}, "silence_rate_20dB": {"dvar": 0, "var": 0, "median": 1, "max": 1, "dmean": 0, "dmean2": 0, "mean": 1, "dvar2": 0, "min": 1}, "barkbands_skewness": {"dvar": 0.627790331841, "var": 4.34555578232, "median": 1.88346076012, "max": 22.9360179901, "dmean": 0.66449368, "dmean2": 0.993495166302, "mean": 2.21911668777, "dvar2": 1.4155780077, "min": -3.53077721596}, "erbbands_skewness": {"dvar": 0.206081181765, "var": 1.56841397285, "median": 0.637063920498, "max": 9.16560745239, "dmean": 0.414950430393, "dmean2": 0.615989327431, "mean": 0.825152754784, "dvar2": 0.441467195749, "min": -4.67663097382}, "spectral_contrast_valleys": {"dvar": [0.133812084794, 0.162262037396, 0.116275794804, 0.106657661498, 0.101855568588, 0.168639734387], "var": [2.4149119854, 2.39734745026, 2.54770994186, 2.13102388382, 2.17222714424, 1.68638658524], "median": [-7.77240848541, -7.55224227905, -8.10528755188, -8.59284496307, -8.56935691833, -11.6742362976], "max": [-4.97631454468, -4.64355659485, -5.06984186172, -5.84237384796, -5.69457530975, -7.90081644058], "dmean": [0.40302413702, 0.422695279121, 0.345782458782, 0.322633057833, 0.300613045692, 0.364309608936], "dmean2": [0.637509644032, 0.636764585972, 0.528252601624, 0.478907585144, 0.42423593998, 0.496699303389], "mean": [-8.09549236298, -7.8272061348, -8.4346370697, -8.83557224274, -8.79891300201, -11.9206438065], "dvar2": [0.28816896677, 0.319855362177, 0.223664939404, 0.199188381433, 0.18464191258, 0.307952731848], "min": [-26.8400936127, -27.3472728729, -26.9962463379, -27.0204544067, -27.3154830933, -27.2038803101]}, "spectral_strongpeak": {"dvar": 0.841598570347, "var": 2.13958406448, "median": 0.398667991161, "max": 19.058599472, "dmean": 0.423368781805, "dmean2": 0.689072489738, "mean": 0.915099859238, "dvar2": 1.9944152832, "min": 0}, "erbbands_crest": {"dvar": 6.02294635773, "var": 29.8481197357, "median": 9.93880081177, "max": 33.5028572083, "dmean": 2.57889342308, "dmean2": 4.00758314133, "mean": 11.113158226, "dvar2": 14.1192207336, "min": 2.25076508522}, "barkbands_crest": {"dvar": 4.91937303543, "var": 24.928150177, "median": 11.239320755, "max": 26.6483535767, "dmean": 2.35142827034, "dmean2": 3.69679522514, "mean": 12.206161499, "dvar2": 11.8175163269, "min": 2.47828578949}, "spectral_energyband_middle_low": {"dvar": 4.35663678218e-05, "var": 0.000142650795169, "median": 0.00427853595465, "max": 0.128373980522, "dmean": 0.0034317006357, "dmean2": 0.00503460038453, "mean": 0.00890567805618, "dvar2": 9.08356814762e-05, "min": 6.11301983968e-14}, "spectral_contrast_coeffs": {"dvar": [0.00153102376498, 0.00165351538453, 0.00101763650309, 0.000638895435259, 0.000429414940299, 0.000365683081327], "var": [0.0109028164297, 0.01196026057, 0.0104584041983, 0.00697588082403, 0.00464626494795, 0.00283829192631], "median": [-0.625782847404, -0.714846253395, -0.772631049156, -0.796438694, -0.81114333868, -0.788006484509], "max": [-0.257411956787, -0.266311138868, -0.377322912216, -0.464938819408, -0.531882166862, -0.551691710949], "dmean": [0.0454767458141, 0.0472976900637, 0.0363214723766, 0.0290226172656, 0.0220187921077, 0.0196362063289], "dmean2": [0.0741430222988, 0.0736082419753, 0.0562940202653, 0.0450864955783, 0.0339504480362, 0.0297001749277], "mean": [-0.624673306942, -0.704056143761, -0.75426453352, -0.78173995018, -0.800459265709, -0.778151333332], "dvar2": [0.00388981052674, 0.00381285604089, 0.00218863668852, 0.0013869991526, 0.000910760543775, 0.00076665065717], "min": [-0.971797347069, -0.975541710854, -0.965325474739, -0.964793384075, -0.957936406136, -0.961542904377]}, "hfc": {"dvar": 52.1812324524, "var": 254.011169434, "median": 3.97409772873, "max": 145.731842041, "dmean": 3.54577350616, "dmean2": 5.0091252327, "mean": 11.4691982269, "dvar2": 103.656616211, "min": 7.21283299754e-08}, "spectral_energyband_high": {"dvar": 2.57665192294e-07, "var": 3.09331454673e-07, "median": 2.20936053665e-05, "max": 0.0114196371287, "dmean": 0.000127816296299, "dmean2": 0.000196646360564, "mean": 0.000173845081008, "dvar2": 6.00700047926e-07, "min": 3.97821142348e-12}, "erbbands_spread": {"dvar": 75.6790466309, "var": 370.604858398, "median": 27.5991859436, "max": 164.101608276, "dmean": 7.01438808441, "dmean2": 10.5383348465, "mean": 30.8752098083, "dvar2": 164.162384033, "min": 0.543407082558}, "dissonance": {"dvar": 0.000673322181683, "var": 0.00257197744213, "median": 0.452815443277, "max": 0.5, "dmean": 0.0250429790467, "dmean2": 0.0407247506082, "mean": 0.438609331846, "dvar2": 0.00172510521952, "min": 0.109434656799}, "spectral_kurtosis": {"dvar": 30.9860916138, "var": 96.1869888306, "median": 6.35012197495, "max": 165.793273926, "dmean": 3.9631755352, "dmean2": 6.51141500473, "mean": 9.16875362396, "dvar2": 74.6384506226, "min": -1.18878757954}, "spectral_skewness": {"dvar": 0.17579741776, "var": 0.967355847359, "median": 1.77048802376, "max": 10.5245218277, "dmean": 0.393384069204, "dmean2": 0.621059298515, "mean": 1.9935849905, "dvar2": 0.41168230772, "min": -0.18294300139}, "pitch_salience": {"dvar": 0.00420458242297, "var": 0.0199914965779, "median": 0.520334124565, "max": 0.885019004345, "dmean": 0.070529602468, "dmean2": 0.110892355442, "mean": 0.511560976505, "dvar2": 0.010092984885, "min": 0.0465413406491}, "spectral_complexity": {"dvar": 9.29442405701, "var": 72.928604126, "median": 8, "max": 52, "dmean": 2.05662679672, "dmean2": 3.10121870041, "mean": 9.97269248962, "dvar2": 18.3540859222, "min": 0}, "spectral_spread": {"dvar": 406358294528, "var": 2361741279230.0, "median": 3065329.5, "max": 40599252, "dmean": 471652.25, "dmean2": 698422.75, "mean": 3479986.25, "dvar2": 746066345984, "min": 538411.8125}, "dynamic_complexity": 7.32784938812, "melbands_crest": {"dvar": 8.25944232941, "var": 40.7679405212, "median": 15.9455032349, "max": 34.4174690247, "dmean": 3.04207444191, "dmean2": 4.80706310272, "mean": 16.6836280823, "dvar2": 20.3627357483, "min": 1.93858170509}, "zerocrossingrate": {"dvar": 7.27677252144e-05, "var": 0.00197494332679, "median": 0.02978515625, "max": 0.59130859375, "dmean": 0.00620681745932, "dmean2": 0.00742082484066, "mean": 0.0370936244726, "dvar2": 8.748833352e-05, "min": 0.0029296875}, "spectral_energyband_low": {"dvar": 0.000377198244678, "var": 0.000420730793849, "median": 0.00207312963903, "max": 0.293968677521, "dmean": 0.00481739128008, "dmean2": 0.00818650797009, "mean": 0.00768324034289, "dvar2": 0.00105194444768, "min": 1.06770137775e-14}, "melbands_kurtosis": {"dvar": 536.498046875, "var": 2207.15673828, "median": 11.3245983124, "max": 684.065246582, "dmean": 11.5730829239, "dmean2": 17.6814689636, "mean": 26.7963447571, "dvar2": 1200.47155762, "min": -1.70583093166}, "spectral_energyband_middle_high": {"dvar": 8.33427748148e-06, "var": 6.64147810312e-05, "median": 0.000618933932856, "max": 0.0854691788554, "dmean": 0.00125058414415, "dmean2": 0.00169951294083, "mean": 0.00423228880391, "dvar2": 1.45438680192e-05, "min": 3.25668338868e-13}, "barkbands_spread": {"dvar": 31.8206272125, "var": 130.059768677, "median": 9.77812290192, "max": 133.825820923, "dmean": 3.66508150101, "dmean2": 5.53252744675, "mean": 12.7263269424, "dvar2": 68.5318222046, "min": 0.134441658854}, "mfcc": {"mean": [-762.021484375, 157.593841553, -4.13732337952, 31.0464859009, 1.90745723248, 3.22300219536, 6.86042833328, -1.50104951859, -4.19515991211, 1.41984808445, -2.78306293488, -2.13342642784, -3.12768220901], "cov": [[15396.7011719, 1685.58251953, -2675.76635742, 132.100784302, -1066.23339844, -215.42326355, 512.36138916, 82.6092681885, -180.474914551, 133.123428345, 9.82870864868, -8.93932628632, -137.397827148], [1685.58251953, 1877.74401855, -320.938476562, 29.3540763855, -112.551391602, -71.3312072754, 218.279800415, -5.53659057617, -52.129360199, -2.95734930038, 0.160417631269, -43.4375991821, -11.6771554947], [-2675.76635742, -320.938476562, 1404.76757812, 51.0595932007, 385.002685547, 185.729888916, -199.900527954, -31.8476409912, 60.8820152283, -52.3675918579, 14.228764534, 42.1455574036, 24.9096260071], [132.100784302, 29.3540763855, 51.0595932007, 407.81817627, 174.714523315, 38.2322540283, 21.7321929932, 58.9843406677, 56.8524513245, 27.8516902924, -9.40704536438, -5.45040941238, -9.36058998108], [-1066.23339844, -112.551391602, 385.002685547, 174.714523315, 3