{"tonal": {"hpcp": {"dvar": [0.0437648706138, 0.0377338379622, 0.0437029972672, 0.0687062069774, 0.0548832006752, 0.0421839281917, 0.0314612872899, 0.027328338474, 0.0318352133036, 0.0378226265311, 0.0258284751326, 0.0170190539211, 0.014234717004, 0.0175697673112, 0.0350209511817, 0.0456696264446, 0.027501584962, 0.0222017820925, 0.019064694643, 0.0163618586957, 0.0175578817725, 0.0185406543314, 0.0214409045875, 0.0336644910276, 0.0460447408259, 0.0270836111158, 0.0154444947839, 0.0123404031619, 0.011274616234, 0.0225962847471, 0.0368304625154, 0.0246649142355, 0.0250035785139, 0.0317245535553, 0.0213746782392, 0.0339063964784], "var": [0.0892836526036, 0.0383023805916, 0.0773972868919, 0.183348894119, 0.10186368227, 0.0369464121759, 0.0213109329343, 0.0212471447885, 0.049295514822, 0.0763502493501, 0.0298637617379, 0.0118879852816, 0.00934663694352, 0.0145208667964, 0.0644833520055, 0.115410894156, 0.0407616980374, 0.0352653004229, 0.0484598949552, 0.019036417827, 0.0126652633771, 0.0130880801007, 0.0169772617519, 0.0505333058536, 0.0991225093603, 0.0384839959443, 0.0141562782228, 0.00928104761988, 0.00768792489544, 0.0243521351367, 0.0492430068552, 0.0236032940447, 0.0200032051653, 0.02533983998, 0.0164695903659, 0.0538964159787], "median": [0.0361149758101, 0.0409340336919, 0.181455001235, 0.35267663002, 0.221817106009, 0.0108462721109, 0.00278524821624, 0.0054185455665, 0.0117751713842, 0.0140407942235, 0.00822891574353, 0.00229911226779, 0.00147264148109, 0.00592311937362, 0.0309804882854, 0.0466183423996, 0.0264249294996, 0.00461650826037, 0.00216044671834, 0.00153346406296, 0.00292543601245, 0.00353282061405, 0.00637053931132, 0.0489782467484, 0.0915715992451, 0.0628801882267, 0.00818388909101, 0.00274643534794, 0.00190711347386, 0.00230189273134, 0.00351037457585, 0.00496581755579, 0.00451068021357, 0.0034573150333, 0.00682231038809, 0.0251393839717], "max": [1, 1, 1, 1, 1, 1, 1, 1, 1, 1, 1, 1, 1, 1, 1, 1, 1, 1, 1, 1, 1, 1, 1, 1, 1, 1, 1, 1, 1, 1, 1, 1, 1, 1, 1, 1], "dmean": [0.117267221212, 0.122785754502, 0.166216045618, 0.181153729558, 0.185839653015, 0.110227294266, 0.0729830786586, 0.0707651227713, 0.0929663404822, 0.0954089686275, 0.0724335089326, 0.0443666093051, 0.0396980680525, 0.0553819686174, 0.106994904578, 0.118316248059, 0.0936954021454, 0.0643706917763, 0.0505114011467, 0.0485230982304, 0.0476254485548, 0.0494172126055, 0.062013708055, 0.111991949379, 0.137815728784, 0.10189614445, 0.0563577227294, 0.0376390591264, 0.0332845300436, 0.0551639162004, 0.0705246552825, 0.0621196329594, 0.0614069476724, 0.0619833543897, 0.0640051737428, 0.0994857177138], "dmean2": [0.203831657767, 0.21649646759, 0.285406827927, 0.311587065458, 0.314266294241, 0.197109565139, 0.135886371136, 0.129151165485, 0.157881349325, 0.158213928342, 0.125094607472, 0.0814305767417, 0.0743255093694, 0.0978929772973, 0.180408135056, 0.19804790616, 0.161404311657, 0.115612238646, 0.0881890058517, 0.0879079475999, 0.0879183411598, 0.0895530432463, 0.112330496311, 0.191901430488, 0.23242983222, 0.173727691174, 0.0985519737005, 0.0688755735755, 0.0606956966221, 0.0956779792905, 0.124784380198, 0.110148377717, 0.110936202109, 0.114034347236, 0.114945076406, 0.174645170569], "mean": [0.189572393894, 0.127301007509, 0.268165946007, 0.468995988369, 0.313619226217, 0.0901132002473, 0.0487589538097, 0.0556079819798, 0.117095261812, 0.145142242312, 0.0806282386184, 0.0322000533342, 0.0268527641892, 0.0463063083589, 0.164018958807, 0.228529512882, 0.127921134233, 0.0760627686977, 0.0779662504792, 0.0496668741107, 0.0361255668104, 0.0382918938994, 0.0502852611244, 0.155742064118, 0.239441752434, 0.146015316248, 0.0505031906068, 0.0308415945619, 0.0251851715147, 0.0561525151134, 0.0823072716594, 0.0614871270955, 0.0491458848119, 0.0482848472893, 0.0502313226461, 0.141084432602], "dvar2": [0.101570270956, 0.100500367582, 0.11103079468, 0.149455070496, 0.13717341423, 0.111020177603, 0.0896490812302, 0.0781871303916, 0.0779069289565, 0.0842843875289, 0.0665824785829, 0.0487724170089, 0.0402739346027, 0.0476226881146, 0.0863199830055, 0.0971876829863, 0.0728144198656, 0.0626419484615, 0.0498647838831, 0.0473433807492, 0.0500905588269, 0.0525991618633, 0.0596927665174, 0.0853035598993, 0.102188549936, 0.0697929114103, 0.0405428633094, 0.0346888005733, 0.0321955829859, 0.0564972832799, 0.0855823531747, 0.0661569610238, 0.0677895918489, 0.0800406336784, 0.0578479319811, 0.0869025439024], "min": [0, 0, 0, 0, 0, 0, 0, 0, 0, 0, 0, 0, 0, 0, 0, 0, 0, 0, 0, 0, 0, 0, 0, 0, 0, 0, 0, 0, 0, 0, 0, 0, 0, 0, 0, 0]}, "key_key": "A#", "thpcp": [1, 0.668703436852, 0.192140668631, 0.103964544833, 0.118568137288, 0.249672204256, 0.309474378824, 0.171916693449, 0.0686574205756, 0.0572558492422, 0.0987349748611, 0.349723577499, 0.487273931503, 0.272755295038, 0.16218213737, 0.166240766644, 0.105900421739, 0.0770274549723, 0.0816465243697, 0.107218958437, 0.332075476646, 0.510541141033, 0.31133595109, 0.107683628798, 0.0657608956099, 0.0537001863122, 0.119729198515, 0.17549675703, 0.131103739142, 0.104789562523, 0.102953650057, 0.107103951275, 0.300822257996, 0.404208987951, 0.271433055401, 0.571787297726], "chords_key": "A#", "tuning_equal_tempered_deviation": 0.0151819670573, "tuning_frequency": 439.491973877, "tuning_diatonic_strength": 0.653026938438, "chords_histogram": [82.501449585, 1.82820665836, 3.13406848907, 0.0870574563742, 0.145095765591, 0, 0, 0, 0, 0, 0.609402179718, 0, 0, 0, 0, 0.46430644393, 0.0290191527456, 0.580383062363, 0.0290191527456, 0.0290191527456, 0, 1.10272777081, 5.86186885834, 3.5983748436], "key_strength": 0.80258756876, "key_scale": "major", "chords_strength": {"dvar": 0.000623320171144, "var": 0.0232265051454, "median": 0.564052343369, "max": 0.783236145973, "dmean": 0.0104665206745, "dmean2": 0.00998236052692, "mean": 0.548492074013, "dvar2": 0.00128254119772, "min": -1}, "chords_number_rate": 0.00174114911351, "tuning_nontempered_energy_ratio": 0.685755431652, "hpcp_entropy": {"dvar": 0.283071517944, "var": 0.591101646423, "median": 1.63233494759, "max": 4.24684810638, "dmean": 0.56299251318, "dmean2": 0.948547124863, "mean": 1.59410476685, "dvar2": 0.716630280018, "min": 0}, "chords_changes_rate": 0.0275681950152, "chords_scale": "major"}, "rhythm": {"bpm_histogram_first_peak_spread": {"dvar": 0, "var": 0, "median": 0.360784292221, "max": 0.360784292221, "dmean": 0, "dmean2": 0, "mean": 0.360784292221, "dvar2": 0, "min": 0.360784292221}, "bpm_histogram_first_peak_weight": {"dvar": 0, "var": 0, "median": 0.631782948971, "max": 0.631782948971, "dmean": 0, "dmean2": 0, "mean": 0.631782948971, "dvar2": 0, "min": 0.631782948971}, "bpm_histogram_first_peak_bpm": {"dvar": 0, "var": 0, "median": 98, "max": 98, "dmean": 0, "dmean2": 0, "mean": 98, "dvar2": 0, "min": 98}, "bpm": 97.7002487183, "bpm_histogram_second_peak_weight": {"dvar": 0, "var": 0, "median": 0.00775193795562, "max": 0.00775193795562, "dmean": 0, "dmean2": 0, "mean": 0.00775193795562, "dvar2": 0, "min": 0.00775193795562}, "beats_loudness": {"dvar": 0.000966952182353, "var": 0.00117831886746, "median": 0.0609130114317, "max": 0.212996423244, "dmean": 0.0374579951167, "dmean2": 0.0668445602059, "mean": 0.0585898347199, "dvar2": 0.00295872800052, "min": 0}, "beats_loudness_band_ratio": {"dvar": [0.0559102669358, 0.0690049380064, 0.00692798150703, 0.0131029821932, 0.00491132121533, 0.00530054327101], "var": [0.0724700316787, 0.0555628277361, 0.00760860135779, 0.0136932274327, 0.00383084150963, 0.00310320197605], "median": [0.53204113245, 0.179203957319, 0.0683580562472, 0.035028859973, 0.0143420426175, 0.0144663564861], "max": [0.976870298386, 0.968298077583, 0.550389289856, 0.571449220181, 0.347705125809, 0.580577075481], "dmean": [0.314502090216, 0.251549988985, 0.0864696651697, 0.0931724533439, 0.0543157607317, 0.0332901217043], "dmean2": [0.583352744579, 0.464443415403, 0.159118965268, 0.166471168399, 0.102051436901, 0.0635046809912], "mean": [0.534034967422, 0.262393176556, 0.0953942686319, 0.0864101797342, 0.0417513027787, 0.0275851953775], "dvar2": [0.16724793613, 0.179963931441, 0.0214416775852, 0.0367511659861, 0.0146863562986, 0.0158815328032], "min": [0, 0, 0, 0, 0, 0]}, "bpm_histogram_second_peak_bpm": {"dvar": 0, "var": 0, "median": 91, "max": 91, "dmean": 0, "dmean2": 0, "mean": 91, "dvar2": 0, "min": 91}, "onset_rate": 3.83840513229, "beats_count": 259, "beats_position": [0.673378646374, 1.33514738083, 1.98530614376, 2.62385487556, 3.25079369545, 3.87773227692, 4.5046710968, 5.13160991669, 5.74693870544, 6.38548755646, 7.01242637634, 7.63936471939, 8.26630401611, 8.893242836, 9.52018165588, 10.1471195221, 10.774058342, 11.4009971619, 12.0163259506, 12.6316547394, 13.2469835281, 13.8855323792, 14.512471199, 15.1394100189, 15.7663488388, 16.3932876587, 17.0202255249, 17.6355552673, 18.2508831024, 18.877822876, 19.4931507111, 20.1084804535, 20.7354183197, 21.3507480621, 21.9660758972, 22.5697956085, 23.1967334747, 23.8120632172, 24.4273910522, 25.0427207947, 25.6464385986, 26.2617683411, 26.8887062073, 27.5040359497, 28.1077537537, 28.7230834961, 29.3384113312, 29.9537410736, 30.5574588776, 31.1611785889, 31.7648983002, 32.3686180115, 32.9723358154, 33.5876655579, 34.2029914856, 34.8067131042, 35.4104309082, 36.0257606506, 36.6410865784, 37.2564163208, 37.8717460632, 38.4638557434, 39.0791816711, 39.6945114136, 40.309841156, 40.9367790222, 41.5753288269, 42.1906585693, 42.8292045593, 43.4445343018, 44.071472168, 44.6984100342, 45.3253517151, 45.9522895813, 46.5792274475, 47.2061653137, 47.8214950562, 48.4368247986, 49.052154541, 49.6674804688, 50.2828102112, 50.8981399536, 51.5018577576, 52.1171875, 52.720905304, 53.3594551086, 53.9863929749, 54.6017227173, 55.2170524597, 55.8439903259, 56.4709281921, 57.0978660583, 57.7131958008, 58.3169136047, 58.9206352234, 59.5359611511, 60.162902832, 60.766620636, 61.3703384399, 61.9856681824, 62.6009979248, 63.2163238525, 63.831653595, 64.4469833374, 65.0623092651, 65.6776428223, 66.29296875, 66.8966903687, 67.5236282349, 68.1273422241, 68.7310638428, 69.3347854614, 69.9384994507, 70.5422210693, 71.145942688, 71.7496566772, 72.3533782959, 72.9570999146, 73.5608139038, 74.1645355225, 74.7566452026, 75.3603591919, 75.975692749, 76.5794067383, 77.1715164185, 77.7636260986, 78.3673477173, 78.9594573975, 79.5515594482, 80.1552810669, 80.7822189331, 81.4091567993, 82.0360946655, 82.6630401611, 83.2899780273, 83.9053039551, 84.5322418213, 85.1475753784, 85.7745132446, 86.3782272339, 87.0051651001, 87.6321105957, 88.235824585, 88.8395462036, 89.4548721313, 90.05859375, 90.6739196777, 91.3008575439, 91.9277954102, 92.5431289673, 93.158454895, 93.7853927612, 94.4123306274, 95.0276641846, 95.6429901123, 96.246711731, 96.8620376587, 97.5005874634, 98.1275253296, 98.7312469482, 99.346572876, 99.9619064331, 100.577232361, 101.192558289, 101.807891846, 102.423217773, 103.026939392, 103.64226532, 104.257591248, 104.872924805, 105.488250732, 106.115188599, 106.742126465, 107.345848083, 107.937957764, 108.541679382, 109.145393372, 109.737503052, 110.329612732, 110.921722412, 111.513832092, 112.117546082, 112.7212677, 113.324989319, 113.928703308, 114.520812988, 115.124534607, 115.728248596, 116.308753967, 116.912467957, 117.527801514, 118.119903564, 118.712013245, 119.315734863, 119.931060791, 120.53478241, 121.138504028, 121.742218018, 122.345939636, 122.949661255, 123.553375244, 124.157096863, 124.760810852, 125.364532471, 125.956642151, 126.548751831, 127.140861511, 127.732971191, 128.336685181, 128.94039917, 129.567337036, 130.182678223, 130.821228027, 131.448165894, 132.07510376, 132.690429688, 133.317367554, 133.932693481, 134.536407471, 135.151748657, 135.767074585, 136.370788574, 136.986114502, 137.601455688, 138.216781616, 138.832107544, 139.45904541, 140.074371338, 140.689697266, 141.316635132, 141.943572998, 142.570526123, 143.197463989, 143.824401855, 144.439727783, 145.055053711, 145.670379639, 146.274108887, 146.889434814, 147.493148804, 148.108474731, 148.723800659, 149.350738525, 149.954467773, 150.58140564, 151.196731567, 151.823669434, 152.438995361, 153.054321289, 153.669662476, 154.296600342, 154.900314331, 155.515640259, 156.119369507, 156.734695435, 157.350021362, 157.96534729, 158.592285156, 159.219223022], "danceability": 1.21636509895, "bpm_histogram_second_peak_spread": {"dvar": 0, "var": 0, "median": 0, "max": 0, "dmean": 0, "dmean2": 0, "mean": 0, "dvar2": 0, "min": 0}}, "lowlevel": {"spectral_flux": {"dvar": 0.00119046389591, "var": 0.00304093607701, "median": 0.0544819757342, "max": 0.373495221138, "dmean": 0.0268241912127, "dmean2": 0.0418599769473, "mean": 0.0677604153752, "dvar2": 0.00263875792734, "min": 6.44264086525e-11}, "spectral_rolloff": {"dvar": 1553376.25, "var": 7084064.5, "median": 624.462890625, "max": 19573.6816406, "dmean": 372.834960938, "dmean2": 634.631591797, "mean": 1343.51147461, "dvar2": 3325843.5, "min": 86.1328125}, "barkbands_flatness_db": {"dvar": 0.000978571013547, "var": 0.011474265717, "median": 0.170550152659, "max": 0.621814310551, "dmean": 0.0270733982325, "dmean2": 0.0370235256851, "mean": 0.20583871007, "dvar2": 0.00179905293044, "min": 0.035538200289}, "spectral_centroid": {"dvar": 79352, "var": 1718755.5, "median": 725.242370605, "max": 11700.2246094, "dmean": 154.912017822, "dmean2": 219.15512085, "mean": 941.90447998, "dvar2": 147430.890625, "min": 131.817840576}, "melbands_skewness": {"dvar": 1.18043482304, "var": 3.98119163513, "median": 2.51723337173, "max": 18.5051231384, "dmean": 0.814063251019, "dmean2": 1.20433247089, "mean": 2.93881392479, "dvar2": 2.58159732819, "min": -1.20716297626}, "melbands": {"dvar": [3.94649168811e-06, 1.00982224467e-05, 3.03453339257e-06, 6.71610507652e-07, 2.6522516805e-07, 6.73447573263e-08, 5.45980292088e-08, 5.68431666181e-08, 8.23486061563e-08, 5.96733613634e-08, 2.99198710252e-08, 6.52481375596e-08, 1.16998947419e-07, 2.07508978889e-08, 4.61963045595e-09, 1.47100935877e-08, 6.80380152218e-09, 5.374240164e-09, 3.5615048688e-09, 7.80437880987e-10, 4.69115968293e-10, 1.41173739365e-10, 1.95777574707e-10, 1.66804167701e-10, 3.75996248025e-11, 2.99884284072e-11, 2.21758254121e-11, 1.26440290529e-11, 4.51969451448e-12, 5.11783584262e-12, 8.89940812016e-12, 3.33818454649e-12, 2.868700286e-12, 1.9016823706e-12, 1.90863210653e-12, 2.4648122085e-12, 4.85842832978e-12, 6.77583119821e-12, 7.42984753582e-12, 4.24212227845e-12], "var": [3.92814627048e-06, 2.01938564715e-05, 5.57888870389e-06, 1.69388692939e-06, 7.05570073478e-07, 2.25871644943e-07, 1.58693566732e-07, 1.61139368515e-07, 2.47043317358e-07, 1.50560708789e-07, 8.70193019864e-08, 2.0247107102e-07, 3.39556351037e-07, 6.12315034232e-08, 9.01454288993e-09, 2.71928470852e-08, 1.13089608789e-08, 1.17522507281e-08, 5.46930678524e-09, 2.6855315749e-09, 1.47404632944e-09, 5.57268564627e-10, 7.35519145589e-10, 6.62311872013e-10, 1.20529822234e-10, 6.7455270536e-11, 5.66027051618e-11, 3.75652287055e-11, 1.18511069014e-11, 1.15586967081e-11, 2.12831800794e-11, 6.35952618691e-12, 5.69007124404e-12, 4.90665884659e-12, 5.7061196046e-12, 6.97423108847e-12, 1.07324097526e-11, 1.47744091267e-11, 1.72700916068e-11, 1.03098155013e-11], "median": [7.26597572793e-05, 0.000396268384065, 0.000852950382978, 0.000741176540032, 0.000242936832365, 0.000128669009428, 8.578786219e-05, 8.57027916936e-05, 1.81582763616e-05, 2.40400258917e-05, 1.59090086527e-05, 2.16464941332e-05, 1.71039464476e-05, 1.02468329715e-05, 5.12494534632e-06, 7.47641843191e-06, 2.3428951863e-06, 5.44386512047e-06, 3.76620891984e-06, 1.35823233904e-06, 2.70789814749e-06, 3.46952447217e-06, 2.29279930863e-06, 1.82410849447e-06, 8.09384459899e-07, 7.02183342582e-07, 9.19632270779e-07, 5.82515099268e-07, 2.60429317223e-07, 1.05186160226e-07, 7.33198035618e-08, 7.79155726605e-08, 1.85098002703e-07, 2.98318269643e-07, 3.74882176857e-07, 3.29351166783e-07, 3.48533944816e-07, 2.59030798588e-07, 2.51852497968e-07, 2.63720068006e-07], "max": [0.0295287985355, 0.0570078082383, 0.0258763227612, 0.0183041226119, 0.0125189656392, 0.00455395178869, 0.00599751528352, 0.00436120433733, 0.00750140380114, 0.00607088161632, 0.00560771534219, 0.00637623574585, 0.00827851891518, 0.00447820639238, 0.00164181017317, 0.00472258031368, 0.00284014455974, 0.00223001325503, 0.00182564801071, 0.000765146454796, 0.000664327933919, 0.000362351915101, 0.000382260099286, 0.000270531629212, 0.000173987195012, 0.000316123041557, 0.000159026792971, 0.000126135870232, 5.32441663381e-05, 5.90023155382e-05, 9.91166380118e-05, 6.18461999693e-05, 5.06388387294e-05, 4.8629615776e-05, 3.08360504278e-05, 4.91581959068e-05, 5.77432037971e-05, 9.20140228118e-05, 8.93714386621e-05, 6.93806287018e-05], "dmean": [0.000570376752876, 0.00126136362087, 0.000787490280345, 0.000427730788942, 0.000242886846536, 0.000118897754874, 0.000113654168672, 0.000112842491944, 0.000102362297184, 6.91738823662e-05, 4.94597188663e-05, 7.85378433648e-05, 9.45735300775e-05, 4.47022684966e-05, 2.00305330509e-05, 3.08943454002e-05, 2.11844926525e-05, 2.08415549423e-05, 1.62964188348e-05, 7.89605564933e-06, 7.24767141946e-06, 5.0340991038e-06, 5.62092600376e-06, 5.52683877686e-06, 2.18454943024e-06, 1.5177770365e-06, 1.80061579158e-06, 1.45191131651e-06, 8.78440857832e-07, 7.94280083483e-07, 7.64482592785e-07, 6.12095277575e-07, 6.18763124294e-07, 5.79581808324e-07, 6.19474519681e-07, 5.92648746078e-07, 6.69264750286e-07, 6.54472728456e-07, 7.52729249598e-07, 7.42460940728e-07], "dmean2": [0.000949189707171, 0.00193343544379, 0.00123218575027, 0.000645967316814, 0.000370371039025, 0.000183271098649, 0.000173589403857, 0.000170796804014, 0.000157095229952, 0.000107045249024, 7.5098076195e-05, 0.000113233043521, 0.000131636043079, 6.37829944026e-05, 2.98338927678e-05, 4.62013485958e-05, 3.19552600558e-05, 3.02176049445e-05, 2.46452655119e-05, 1.13935784611e-05, 1.06672669062e-05, 7.35341154723e-06, 8.10233632365e-06, 7.77239711169e-06, 3.11043072543e-06, 2.23691063184e-06, 2.58656473306e-06, 2.07961807064e-06, 1.31298293127e-06, 1.23728761992e-06, 1.17272770694e-06, 9.80197228273e-07, 9.73317924036e-07, 8.53581013871e-07, 8.94484514902e-07, 8.73224905718e-07, 1.00530496638e-06, 9.35351465614e-07, 1.08978395019e-06, 1.07905884761e-06], "mean": [0.000624158012215, 0.00254364684224, 0.00163006479852, 0.00105150090531, 0.00058703054674, 0.000322777894326, 0.000256619416177, 0.000259815860773, 0.000220687463298, 0.000142655480886, 0.000103517530079, 0.0001678308181, 0.000172009080416, 8.98315265658e-05, 3.31237752107e-05, 5.49939504708e-05, 3.54277763108e-05, 3.87858453905e-05, 2.57314313785e-05, 1.66462741618e-05, 1.51673566506e-05, 1.17265844892e-05, 1.29223963086e-05, 1.24143089124e-05, 4.62119214717e-06, 2.89338549919e-06, 3.55277825292e-06, 2.92570166494e-06, 1.6139406398e-06, 1.2489291521e-06, 1.16373848869e-06, 8.87643125225e-07, 1.01329283098e-06, 1.15578006898e-06, 1.29226327772e-06, 1.25479959934e-06, 1.32469119762e-06, 1.16051307941e-06, 1.29938052851e-06, 1.30243086005e-06], "dvar2": [9.55552786763e-06, 2.45756818913e-05, 7.17093189451e-06, 1.5090222405e-06, 6.58909357298e-07, 1.5317007751e-07, 1.22463276853e-07, 1.32054452706e-07, 2.02458281251e-07, 1.53199280817e-07, 7.3854977245e-08, 1.42610886655e-07, 2.25440885515e-07, 4.42574155102e-08, 1.02876054342e-08, 3.43177184448e-08, 1.61949333943e-08, 1.08526077014e-08, 8.06533329012e-09, 1.6416275006e-09, 9.84712644758e-10, 2.93343904723e-10, 3.91593812932e-10, 3.25887039576e-10, 7.3664206679e-11, 5.94806981447e-11, 4.51467543905e-11, 2.53556620144e-11, 1.00580585527e-11, 1.23905339114e-11, 2.01613604284e-11, 8.49136646414e-12, 7.14921871703e-12, 4.24076876046e-12, 3.96983357645e-12, 5.01224322463e-12, 1.0331699038e-11, 1.25040498788e-11, 1.39034452354e-11, 8.34576244918e-12], "min": [3.97432832564e-25, 2.5781261212e-25, 1.481651667e-24, 8.31500513478e-25, 2.05813810172e-24, 9.13108174123e-25, 1.47305870377e-24, 2.2369075907e-24, 2.42767427353e-24, 1.99398556633e-24, 1.43080336938e-24, 1.33388727122e-24, 3.09144432172e-24, 2.85939694214e-24, 2.24208389874e-24, 3.21378974559e-24, 4.05198916726e-24, 2.78275614697e-24, 3.09512593556e-24, 4.45917471185e-24, 3.35905729799e-24, 3.85901722377e-24, 3.29137066574e-24, 3.40373246321e-24, 4.63101662157e-24, 3.37258152935e-24, 4.78512612143e-24, 4.51065380237e-24, 4.61889656262e-24, 5.1473308172e-24, 4.4148190353e-24, 5.45012521491e-24, 3.73716069645e-24, 6.46322732662e-24, 6.04308513609e-24, 5.61317960858e-24, 4.76113015599e-24, 6.02647961404e-24, 5.70040632545e-24, 6.06166123269e-24]}, "spectral_decrease": {"dvar": 1.58389701745e-17, "var": 4.52850581167e-17, "median": -4.7008144044e-09, "max": 2.08792737499e-28, "dmean": 2.1606163525e-09, "dmean2": 3.13474557423e-09, "mean": -6.85962486813e-09, "dvar2": 3.38823832988e-17, "min": -6.03185128512e-08}, "barkbands_kurtosis": {"dvar": 275.805297852, "var": 588.562438965, "median": 4.92358875275, "max": 471.396881104, "dmean": 6.96774482727, "dmean2": 10.6343345642, "mean": 12.5707025528, "dvar2": 597.864562988, "min": -1.95067095757}, "silence_rate_30dB": {"dvar": 0.0159944146872, "var": 0.0119011681527, "median": 1, "max": 1, "dmean": 0.0162578020245, "dmean2": 0.0325203239918, "mean": 0.987953543663, "dvar2": 0.0413346551359, "min": 0}, "gfcc": {"mean": [-76.3188781738, 102.662506104, -81.4010848999, 5.60322141647, -48.5119972229, 6.53381586075, -47.4277114868, 7.06250905991, -30.2344932556, -7.60791778564, -16.3162555695, -1.73627316952, -12.8908338547], "cov": [[33570.1953125, -3613.01782227, -3468.59375, 531.9296875, -2298.00805664, 1287.70129395, -1087.78112793, 1131.50878906, -996.085327148, 366.231658936, -522.237121582, 24.5844669342, -882.224182129], [-3613.01782227, 3879.60253906, 434.732696533, -339.42755127, 724.808654785, -614.109130859, 257.71774292, -548.782775879, 256.708099365, -347.532989502, 129.054626465, -158.089401245, 229.103530884], [-3468.59375, 434.732696533, 1980.54626465, 428.635437012, 195.591705322, 147.537033081, 253.891021729, -156.817382813, 15.4270620346, -105.197608948, -64.7665328979, -44.4374008179, 4.27679252625], [531.9296875, -339.42755127, 428.635437012, 761.970947266, 9.99842834473, 140.849014282, 101.026649475, 141.452972412, -1.66278135777, 33.7516975403, -66.7479934692, -59.8675575256, -15.108288765], [-2298.00805664, 724.808654785, 195.591705322, 9.99842834473, 536.020996094, -107.234939575, 134.590393066, -108.485328674, 137.564178467, -50.6685943604, 13.8888082504, -32.8131408691, 93.9248352051], [1287.70129395, -614.109130859, 147.537033081, 140.849014282, -107.234939575, 494.845733643, 68.361946106, 103.743492126, -120.108581543, 19.5090103149, -26.4746780396, 4.58375835419, -129.608291626], [-1087.78112793, 257.71774292, 253.891021729, 101.026649475, 134.590393066, 68.361946106, 336.024902344, -30.7601947784, 73.8350143433, 16.4916381836, 21.9975299835, -14.3056325912, 18.2156162262], [1131.50878906, -548.782775879, -156.817382813, 141.452972412, -108.485328674, 103.743492126, -30.7601947784, 309.191070557, 29.1466560364, 68.2211532593, -35.2887954712, 12.5943689346, -51.4327468872], [-996.085327148, 256.708099365, 15.4270620346, -1.66278135777, 137.564178467, -120.108581543, 73.8350143433, 29.1466560364, 280.926544189, 83.4169769287, -2.22184324265, -3.42667865753, 70.5301055908], [366.231658936, -347.532989502, -105.197608948, 33.7516975403, -50.6685943604, 19.5090103149, 16.4916381836, 68.2211532593, 83.4169769287, 200.663955688, 11.0966014862, 19.3876590729, -13.5988521576], [-522.237121582, 129.054626465, -64.7665328979, -66.7479934692, 13.8888082504, -26.4746780396, 21.9975299835, -35.2887954712, -2.22184324265, 11.0966014862, 143.608886719, 27.1334056854, 7.360206604], [24.5844669342, -158.089401245, -44.4374008179, -59.8675575256, -32.8131408691, 4.58375835419, -14.3056325912, 12.5943689346, -3.42667865753, 19.3876590729, 27.1334056854, 106.859107971, 27.6194972992], [-882.224182129, 229.103530884, 4.27679252625, -15.108288765, 93.9248352051, -129.608291626, 18.2156162262, -51.4327468872, 70.5301055908, -13.5988521576, 7.360206604, 27.6194972992, 144.579376221]], "icov": [[9.10728776944e-05, -0.000116180977784, 0.000176195142558, -0.000152336506289, 0.000263419351541, -0.000202481169254, 0.00014977590763, -8.66482150741e-05, 0.000176812769496, -0.000206019190955, 0.000381561170798, -0.000198137335246, 0.000229156037676], [-0.000116180977784, 0.000838863721583, -0.000265777140157, 0.000348199828295, -0.000680147495586, 0.00074907351518, -0.000517689506523, 0.000675508461427, -0.000766996352468, 0.00129570893478, -0.000976263429038, 0.00100797670893, -0.000221902955673], [0.000176195142558, -0.000265777140157, 0.00108618545346, -0.000776428554673, 0.000470929517178, -0.000597792095505, -2.40218332692e-06, 0.000425751437433, 9.70678447629e-05, -2.6660551157e-05, 0.00106537283864, -0.000749038474169, 0.00073196250014], [-0.000152336506289, 0.000348199828295, -0.000776428554673, 0.0023251499515, -0.000573338882532, 0.000229480472626, -0.000644182320684, -0.000989699270576, 0.000214078027057, -2.83393637801e-05, -0.000458305818029, 0.00185059115756, -0.00134540663566], [0.000263419351541, -0.000680147495586, 0.000470929517178, -0.000573338882532, 0.00375888473354, -0.000849622592796, -7.05915299477e-05, 8.92100433703e-05, -0.00053901533829, -0.000145865255035, 0.0010857374873, -0.000205702977837, -0.000318374135531], [-0.000202481169254, 0.00074907351518, -0.000597792095505, 0.000229480472626, -0.000849622592796, 0.00426318403333, -0.00162774394266, -0.000207929959288, 0.000572809542064, 0.000829250144307, -0.000647281296551, -7.94857260189e-05, 0.00197062105872], [0.00014977590763, -0.000517689506523, -2.40218332692e-06, -0.000644182320684, -7.05915299477e-05, -0.00162774394266, 0.00459304871038, 7.55669097998e-05, -0.000544412003364, -0.00106978102122, -0.000138433839311, -0.000277431332506, -7.30958927306e-05], [-8.66482150741e-05, 0.000675508461427, 0.000425751437433, -0.000989699270576, 8.92100433703e-05, -0.000207929959288, 7.55669097998e-05, 0.00583284627646, -0.00235170731321, 0.00090295705013, 0.000126039842144, -0.000646520231385, 0.00145519035868], [0.000176812769496, -0.000766996352468, 9.70678447629e-05, 0.000214078027057, -0.00053901533829, 0.000572809542064, -0.000544412003364, -0.00235170731321, 0.00752054154873, -0.00432727206498, 0.00166901911143, 5.70515985601e-05, -0.00176215625834], [-0.000206019190955, 0.00129570893478, -2.6660551157e-05, -2.83393637801e-05, -0.000145865255035, 0.000829250144307, -0.00106978102122, 0.00090295705013, -0.00432727206498, 0.00924393068999, -0.00223778840154, 8.5763502284e-05, 0.0010596064385], [0.000381561170798, -0.000976263429038, 0.00106537283864, -0.000458305818029, 0.0010857374873, -0.000647281296551, -0.000138433839311, 0.000126039842144, 0.00166901911143, -0.00223778840154, 0.0101086162031, -0.00356853823178, 0.00171499606222], [-0.000198137335246, 0.00100797670893, -0.000749038474169, 0.00185059115756, -0.000205702977837, -7.94857260189e-05, -0.000277431332506, -0.000646520231385, 5.70515985601e-05, 8.5763502284e-05, -0.00356853823178, 0.0138371959329, -0.00520488293841], [0.000229156037676, -0.000221902955673, 0.00073196250014, -0.00134540663566, -0.000318374135531, 0.00197062105872, -7.30958927306e-05, 0.00145519035868, -0.00176215625834, 0.0010596064385, 0.00171499606222, -0.00520488293841, 0.0128708854318]]}, "silence_rate_20dB": {"dvar": 0, "var": 0, "median": 1, "max": 1, "dmean": 0, "dmean2": 0, "mean": 1, "dvar2": 0, "min": 1}, "barkbands_skewness": {"dvar": 0.920215070248, "var": 2.97068548203, "median": 1.87403845787, "max": 16.959602356, "dmean": 0.702760756016, "dmean2": 1.05154776573, "mean": 2.21037054062, "dvar2": 1.95877218246, "min": -3.34555959702}, "erbbands_skewness": {"dvar": 0.277750462294, "var": 1.23610174656, "median": 0.851563096046, "max": 8.46838665009, "dmean": 0.427514046431, "dmean2": 0.624294638634, "mean": 0.972076058388, "dvar2": 0.556076645851, "min": -4.77073526382}, "spectral_contrast_valleys": {"dvar": [0.256263941526, 0.297745466232, 0.281891226768, 0.318432688713, 0.283546119928, 0.287536144257], "var": [6.75845432281, 6.95008563995, 6.59735441208, 6.26301717758, 6.84758234024, 6.61363935471], "median": [-7.98540210724, -7.5707025528, -8.31643104553, -9.22777462006, -9.08776187897, -10.6622819901], "max": [-4.85311365128, -4.70673799515, -5.18441581726, -5.95820093155, -5.91912841797, -7.74883985519], "dmean": [0.494223952293, 0.49024656415, 0.488573729992, 0.525553941727, 0.460749894381, 0.463851124048], "dmean2": [0.773000180721, 0.745427131653, 0.722646594048, 0.75630158186, 0.608798742294, 0.592643558979], "mean": [-8.19604873657, -7.93089389801, -8.62371444702, -9.46024227142, -9.47793292999, -11.2604284286], "dvar2": [0.493746727705, 0.611376345158, 0.57684892416, 0.631536245346, 0.497365355492, 0.514629900455], "min": [-28.3034439087, -27.9506473541, -27.6911773682, -27.7734928131, -27.5074272156, -27.3928318024]}, "spectral_strongpeak": {"dvar": 0.587358593941, "var": 1.29872369766, "median": 0.662995100021, "max": 10.0652885437, "dmean": 0.401598453522, "dmean2": 0.671557068825, "mean": 0.973763287067, "dvar2": 1.37877607346, "min": 0}, "erbbands_crest": {"dvar": 7.22930526733, "var": 27.7099933624, "median": 10.5342350006, "max": 31.3285160065, "dmean": 2.54351019859, "dmean2": 3.9097905159, "mean": 11.6457147598, "dvar2": 15.9498233795, "min": 2.78050255775}, "barkbands_crest": {"dvar": 5.58655261993, "var": 25.866727829, "median": 11.651222229, "max": 26.7392902374, "dmean": 2.35028481483, "dmean2": 3.64032244682, "mean": 12.4932022095, "dvar2": 12.95424366, "min": 2.70494937897}, "spectral_energyband_middle_low": {"dvar": 4.33118802903e-05, "var": 0.000152642533067, "median": 0.0091121820733, "max": 0.104180045426, "dmean": 0.00396391702816, "dmean2": 0.00593844242394, "mean": 0.0125500038266, "dvar2": 9.33977207751e-05, "min": 1.53207061918e-22}, "spectral_contrast_coeffs": {"dvar": [0.001950758975, 0.00246675638482, 0.00198076386005, 0.00176520890091, 0.00108330138028, 0.000454958993942], "var": [0.0159692913294, 0.0129185626283, 0.0114557165653, 0.0113162202761, 0.00828660745174, 0.00270239054225], "median": [-0.5720307827, -0.669652283192, -0.715252041817, -0.734760284424, -0.761396408081, -0.816550135612], "max": [-0.251951724291, -0.299501538277, -0.331332534552, -0.420139789581, -0.480710148811, -0.640744745731], "dmean": [0.0487857162952, 0.0501301251352, 0.0465250276029, 0.0417803525925, 0.0315844938159, 0.0212151315063], "dmean2": [0.0779163315892, 0.0786422938108, 0.0704471245408, 0.0614470802248, 0.0446320846677, 0.0330809094012], "mean": [-0.569089114666, -0.658067762852, -0.707238614559, -0.726574599743, -0.750792562962, -0.814972221851], "dvar2": [0.00454969936982, 0.00536570604891, 0.00424864329398, 0.00342641863972, 0.00192155304831, 0.00106176780537], "min": [-0.980104744434, -0.989928543568, -0.982496440411, -0.979079067707, -0.977058231831, -0.964626848698]}, "hfc": {"dvar": 60.3907623291, "var": 356.979614258, "median": 10.8379840851, "max": 160.251586914, "dmean": 4.82371520996, "dmean2": 6.41858863831, "mean": 17.1447277069, "dvar2": 103.140304565, "min": 1.09464086094e-16}, "spectral_energyband_high": {"dvar": 3.43798006952e-07, "var": 1.11585654849e-06, "median": 0.000212501268834, "max": 0.0148392682895, "dmean": 0.000255612598266, "dmean2": 0.000361296057235, "mean": 0.000582475156989, "dvar2": 6.32646504073e-07, "min": 6.96490357076e-21}, "erbbands_spread": {"dvar": 198.873657227, "var": 576.389282227, "median": 27.8756866455, "max": 188.804138184, "dmean": 8.53904056549, "dmean2": 12.533616066, "mean": 32.7195358276, "dvar2": 420.929382324, "min": 1.19459092617}, "dissonance": {"dvar": 0.00125136424322, "var": 0.00350336055271, "median": 0.426914274693, "max": 0.500000059605, "dmean": 0.0343882516026, "dmean2": 0.0566965043545, "mean": 0.415168970823, "dvar2": 0.00321057043038, "min": 0.126600474119}, "spectral_kurtosis": {"dvar": 274.572235107, "var": 1250.71191406, "median": 5.81865167618, "max": 291.266693115, "dmean": 7.46360969543, "dmean2": 11.2123994827, "mean": 19.1787872314, "dvar2": 612.91595459, "min": -1.47048223019}, "spectral_skewness": {"dvar": 0.784429788589, "var": 4.5669002533, "median": 2.14053678513, "max": 13.8195848465, "dmean": 0.556692242622, "dmean2": 0.810960710049, "mean": 2.89411687851, "dvar2": 1.67550778389, "min": -0.183524042368}, "pitch_salience": {"dvar": 0.00429943017662, "var": 0.014958601445, "median": 0.496166825294, "max": 0.972381412983, "dmean": 0.0654036551714, "dmean2": 0.104590237141, "mean": 0.493667751551, "dvar2": 0.0108951684088, "min": 0.0889138877392}, "spectral_complexity": {"dvar": 7.15375852585, "var": 58.5068664551, "median": 10, "max": 47, "dmean": 2.07083749771, "dmean2": 3.01974439621, "mean": 11.3300437927, "dvar2": 12.3172855377, "min": 0}, "spectral_spread": {"dvar": 1940454113280.0, "var": 24816904044500.0, "median": 5169505, "max": 42337028, "dmean": 929984.0625, "dmean2": 1307448.5, "mean": 5588746, "dvar2": 3586241331200.0, "min": 312521.15625}, "dynamic_complexity": 3.95254087448, "melbands_crest": {"dvar": 8.05642795563, "var": 40.2368545532, "median": 15.7828826904, "max": 34.6590232849, "dmean": 2.78534197807, "dmean2": 4.30458831787, "mean": 16.623210907, "dvar2": 18.8059997559, "min": 1.55491304398}, "zerocrossingrate": {"dvar": 0.000330666371156, "var": 0.00464137271047, "median": 0.04052734375, "max": 0.533203125, "dmean": 0.0102391634136, "dmean2": 0.0115648508072, "mean": 0.053516831249, "dvar2": 0.000360850564903, "min": 0.00341796875}, "spectral_energyband_low": {"dvar": 0.00017320094048, "var": 0.000329320377205, "median": 0.0032541747205, "max": 0.205639481544, "dmean": 0.00542228622362, "dmean2": 0.00827305577695, "mean": 0.0109261013567, "dvar2": 0.000400257995352, "min": 9.27560953932e-24}, "melbands_kurtosis": {"dvar": 661.206787109, "var": 1162.82287598, "median": 10.1818389893, "max": 589.524902344, "dmean": 11.3534460068, "dmean2": 17.3810977936, "mean": 21.6962471008, "dvar2": 1529.01135254, "min": -1.80310451984}, "spectral_energyband_middle_high": {"dvar": 9.97408005787e-06, "var": 5.93067306909e-05, "median": 0.00165050849319, "max": 0.067469149828, "dmean": 0.00149590650108, "dmean2": 0.00197441340424, "mean": 0.00477475021034, "dvar2": 1.69856775756e-05, "min": 1.12643288911e-21}, "barkbands_spread": {"dvar": 81.5863800049, "var": 220.307540894, "median": 13.2172145844, "max": 124.804847717, "dmean": 4.60179042816, "dmean2": 6.86708307266, "mean": 15.4749355316, "dvar2": 178.767349243, "min": 0.0745352208614}, "mfcc": {"mean": [-724.1953125, 141.600097656, 23.572101593, 8.02271652222, 15.8954238892, -5.83154726028, -0.787964880466, 3.04329538345, -8.77528476715, -4.13388872147, -9.22650337219, -5.07280158997, -1.70669436455], "cov": [[17763.8574219, -2278.73852539, -1895.68676758, -871.925109863, -486.863708496, -511.24508667, 87.8240585327, 234.342941284, -255.086746216, 403.734313965, 271.639038086, 102.490661621, -97.0692825317], [-2278.73852539, 2724.08789063, 355.902740479, 134.694335938, 123.288948059, 132.339904785, -71.5903015137, -44.0410346985, 16.0931167603, -166.074050903, -108.692298889, -0.521567702293, 44.9437599182], [-1895.68676758, 355.902740479, 1434.95385742, 411.659301758, 73.2814025879, 287.012817383, 151.429046631, 62.5510139465, 97.1177062988, -89.366569519, 11.7808227539, -43.5947799683, -35.5477828979], [-871.925109863, 134.694335938, 411.659301758, 658.845275879, 133.21913147, 87.8186569214, 40.2886314392, 21.3110122681, 186.640853882, 22.3461437225, 49.6716995239, -12.9013834, 2.03908371925], [-486.863708496, 123.288948059, 73.2814025879, 133.21913147, 332.460723877, 34.3895225525, 19.9654254913, 40.2855377197, 26.6593933105, 42.9945793152, -57.0446891785, -11.3315019608, 4.4455370903], [-511.24508667, 132.339904785, 287.012817383, 87.8186569214, 34.3895225525, 365.011657715, 129.915420532, 27.8599052429, 56.2186584473, 8.88973712921, 42.5039672852, -7.52053022385, -68.1583786011], [87.8240585327, -71.5903015137, 151.429046631, 40.2886314392, 19.9654254913, 129.915420532, 277.323242188, 95.8568572998, -47.6612167358, 31.8436508179, 24.751701355, -3.78557109833, -34.5607948303], [234.342941284, -44.0410346985, 62.5510139465, 21.3110122681, 40.2855377197, 27.8599052429, 95.8568572998, 194.990783691, 28.649646759, 31.1313800812, 15.2285366058, 6.91042089462, 8.1740064621], [-255.086746216, 16.0931167603, 97.1177062988, 186.640853882, 26.6593933105, 56.2186584473, -47.6612167358, 28.649646759, 259.928100586, 43.2955207825, 57.7518310547, 5.86516666412, -10.8246555328], [403.734313965, -166.074050903, -89.366569519, 22.3461437225, 42.9945793152, 8.88973712921, 31.8436508179, 31.1313800812, 43.2955207825, 195.589797974, 61.49269104, 10.4368648529, -15.6962852478], [271.639038086, -108.692298889, 11.7808227539, 49.6716995239, -57.0446891785, 42.5039672852, 24.751701355, 15.2285366058, 57.7518310547, 61.49269104, 187.354309082, 40.3680458069, -4.75597000122], [102.490661621, -0.521567702293, -43.5947799683, -12.9013834, -11.3315019608, -7.52053022385, -3.78557109833, 6.91042089462, 5.86516666412, 10.4368648529, 40.3680458069, 103.833404541, 33.1297492981], [-97.0692825317, 44.9437599182, -35.5477828979, 2.03908371925, 4.4455370903, -68.1583786011, -34.5607948303, 8.1740064621, -10.8246555328, -15.6962852478, -4.75597000122, 33.1297492981, 122.892570496]], "icov": [[8.02748691058e-05, 3.75871459255e-05, 7.35665016691e-05, 2.43040540227e-05, 8.03487637313e-05, 6.22153384029e-05, -1.31872293423e-05, -0.000126441678731, 5.44678587175e-05, -8.30740682431e-05, -6.41881779302e-05, -2.75109596259e-05, 0.000105957238702], [3.75871459255e-05, 0.000441888929345, -2.34832150454e-05, -2.45610681304e-05, -9.76028240984e-05, -0.000187128476682, 0.000173579028342, -2.03296967811e-05, 4.97996697959e-05, 0.000239658998908, 0.000126112863654, -0.000101602912764, -0.000121120996482], [7.35665016691e-05, -2.34832150454e-05, 0.00114183255937, -0.000569169293158, 0.000132241737447, -0.000558431027457, -0.00023168316693, -0.000328909198288, 8.44042151584e-05, 0.000490882259328, -6.35456017335e-05, 0.000281032902421, 4.05580976803e-05], [2.43040540227e-05, -2.45610681304e-05, -0.000569169293158, 0.00261165644042, -0.000915763899684, 0.00043307497981, -0.000750389706809, 0.000653147522826, -0.00175098911859, 9.89377513179e-05, -0.000625320360996, 0.000392069807276, -0.00043243682012], [8.03487637313e-05, -9.76028240984e-05, 0.000132241737447, -0.000915763899684, 0.00412921188399, -0.000417728704633, 0.000281175365672, -0.000933242030442, 0.000350249232724, -0.00154067319818, 0.00189092836808, -0.000205643300433, -0.000124608515762], [6.22153384029e-05, -0.000187128476682, -0.000558431027457, 0.00043307497981, -0.000417728704633, 0.00457597384229, -0.00208269385621, 0.000608778558671, -0.0011985108722, 0.000217916647671, -0.00080787751358, -0.000303519249428, 0.00184850848746], [-1.31872293423e-05, 0.000173579028342, -0.00023168316693, -0.000750389706809, 0.000281175365672, -0.00208269385621, 0.00664597190917, -0.003109077923, 0.00283071631566, -0.0008578581037, -0.00027631453122, -0.00011436927889, 0.000942000071518], [-0.000126441678731, -2.03296967811e-05, -0.000328909198288, 0.000653147522826, -0.000933242030442, 0.000608778558671, -0.003109077923, 0.00730657251552, -0.00191722228192, -0.000152376189362, 2.91714677587e-05, -4.24114332418e-05, -0.00136313342955], [5.44678587175e-05, 4.97996697959e-05, 8.44042151584e-05, -0.00175098911859, 0.000350249232724, -0.0011985108722, 0.00283071631566, -0.00191722228192, 0.00651956070215, -0.00105593714397, -0.00104099477176, -0.000155045083375, 0.000765389879234], [-8.30740682431e-05, 0.000239658998908, 0.000490882259328, 9.89377513179e-05, -0.00154067319818, 0.000217916647671, -0.0008578581037, -0.000152376189362, -0.00105593714397, 0.00717248627916, -0.00223145447671, 0.000132166795083, 0.000633659132291], [-6.41881779302e-05, 0.000126112863654, -6.35456017335e-05, -0.000625320360996, 0.00189092836808, -0.00080787751358, -0.00027631453122, 2.91714677587e-05, -0.