{"metadata": {"audio_properties": {"downmix": "mix", "bit_rate": 192000, "lossless": false, "md5_encoded": "dc37bb607ebd55ca8354c2f089abf8ad", "analysis_sample_rate": 44100, "sample_rate": 44100, "replay_gain": -13.2391147614, "equal_loudness": 0, "codec": "mp3", "length": 236.878372192}, "tags": {"lyricist": ["Markku Impiö"], "musicbrainz_albumid": ["a15457d1-682b-4f2e-ad9c-8fae94097304"], "musicbrainz_recordingid": ["fbf2abaa-7b0f-413b-80d9-9857f21b853e"], "tracknumber": ["15/16"], "artist": ["Kaija Koo"], "acoustid_id": ["f3fb961d-107a-4b07-9737-3a4c77e1f5ae"], "composer": ["Markku Impiö"], "barcode": ["0685738428625"], "album": ["Parhaat: Tuuleen piirretyt vuodet 1980-2000"], "musicbrainz album type": ["album", "compilation"], "originaldate": ["2000"], "albumartist": ["Kaija Koo"], "isrc": ["FIWMA9800007"], "media": ["CD"], "language": ["fin"], "file_name": "2-15 - Päivät lentää.mp3", "musicbrainz_workid": ["55ce62cd-43da-4592-a580-2d1b4256dc55"], "musicbrainz album release country": ["FI"], "contentgroup": ["Pop"], "musicbrainz_artistid": ["446455f2-7d62-45ca-a7ef-53c1c676ac5c"], "catalognumber": ["8573-84286-2"], "albumartistsort": ["Koo, Kaija"], "script": ["Latn"], "label": ["WEA Records"], "work": ["Päivät lentää"], "musicbrainz album status": ["official"], "date": ["2000"], "title": ["Päivät lentää"], "musicbrainz_albumartistid": ["446455f2-7d62-45ca-a7ef-53c1c676ac5c"], "discnumber": ["2/2"], "artistsort": ["Koo, Kaija"], "musicbrainz_releasegroupid": ["64184f74-80b8-3b9e-9cba-57fe93c61756"], "originalyear": ["2000"], "genre": ["Pop"]}, "version": {"essentia_build_sha": "2d9f1f26377add8aeb1075a9c2973f962c4f09fd", "essentia_git_sha": "v2.1_beta2-1-ge3940c0", "extractor": "music 1.0", "essentia": "2.1-beta2"}}, "tonal": {"chords_scale": "major", "hpcp": {"dmean": [0.156309038401, 0.163205608726, 0.146339073777, 0.149274095893, 0.154009997845, 0.121791601181, 0.10845477134, 0.123381629586, 0.146966695786, 0.182323724031, 0.162092298269, 0.122330226004, 0.105176508427, 0.125907421112, 0.16109547019, 0.180348053575, 0.176935240626, 0.151271998882, 0.150784015656, 0.153808966279, 0.123019382358, 0.101289883256, 0.0993771031499, 0.119949348271, 0.165272936225, 0.154990822077, 0.108714707196, 0.0792257711291, 0.0830484777689, 0.108287803829, 0.165003970265, 0.185331463814, 0.148477122188, 0.121887564659, 0.125851362944, 0.131038635969], "dvar2": [0.160945266485, 0.168340444565, 0.148626163602, 0.127785161138, 0.131279870868, 0.0875171720982, 0.0923724099994, 0.108245745301, 0.128435760736, 0.161327525973, 0.126883476973, 0.110765047371, 0.10530167073, 0.15384285152, 0.187332451344, 0.167174845934, 0.137337520719, 0.125920638442, 0.127170220017, 0.13267955184, 0.0987188443542, 0.101852498949, 0.100796811283, 0.0947444215417, 0.118375949562, 0.110810391605, 0.0915008708835, 0.0689001902938, 0.0762297436595, 0.0856116339564, 0.103127777576, 0.121716849506, 0.10225880146, 0.113844230771, 0.124223127961, 0.128134980798], "mean": [0.148486226797, 0.162303075194, 0.129908725619, 0.175553515553, 0.213894635439, 0.140532016754, 0.110151782632, 0.126276254654, 0.137601941824, 0.20287232101, 0.205416321754, 0.12196354568, 0.0815963149071, 0.0900982692838, 0.12498921901, 0.19317945838, 0.215362295508, 0.161501124501, 0.178513452411, 0.198248296976, 0.127010270953, 0.0929425135255, 0.0948811993003, 0.121185719967, 0.210486829281, 0.213253825903, 0.112872555852, 0.06826415658, 0.0711395740509, 0.102766178548, 0.246088415384, 0.305999875069, 0.177720859647, 0.114505171776, 0.120312519372, 0.114988431334], "var": [0.0588702969253, 0.0656198263168, 0.043623585254, 0.0593509525061, 0.0895207673311, 0.0398735813797, 0.0373096168041, 0.0488613210618, 0.0476387478411, 0.0812678039074, 0.0774731636047, 0.0381209217012, 0.027995634824, 0.0365912392735, 0.0520158596337, 0.0664934590459, 0.0691528022289, 0.047923784703, 0.0655803829432, 0.0853440314531, 0.0384716577828, 0.0339574851096, 0.0388125889003, 0.0364997982979, 0.076781027019, 0.0827739387751, 0.0341356731951, 0.0194963738322, 0.0212886407971, 0.0295563247055, 0.0819653943181, 0.117335423827, 0.0502942353487, 0.0420991294086, 0.0506132170558, 0.0411716103554], "dmean2": [0.281267434359, 0.292603075504, 0.263982594013, 0.263534218073, 0.265231579542, 0.210105121136, 0.190870016813, 0.2161757797, 0.258401632309, 0.32044634223, 0.281287997961, 0.218076437712, 0.192084670067, 0.233973413706, 0.295098155737, 0.319675534964, 0.306153714657, 0.266524732113, 0.261482656002, 0.264072477818, 0.216297701001, 0.181188985705, 0.175907045603, 0.209666505456, 0.282809466124, 0.262359708548, 0.191601365805, 0.142083123326, 0.149311110377, 0.192878842354, 0.275464981794, 0.309932649136, 0.256745785475, 0.218707233667, 0.224323421717, 0.234786465764], "dvar": [0.0586251951754, 0.06105870381, 0.052070222795, 0.0460888333619, 0.0503690503538, 0.0327710583806, 0.0349816270173, 0.0412980355322, 0.0481891594827, 0.0627821534872, 0.04995444417, 0.0403810180724, 0.0373989194632, 0.0536877848208, 0.0673543512821, 0.0625925511122, 0.0518411286175, 0.0460509695113, 0.047654800117, 0.0513841286302, 0.036359347403, 0.0369377210736, 0.0377298220992, 0.0345209315419, 0.0457644239068, 0.0448052622378, 0.0335302762687, 0.0245806984603, 0.0270632766187, 0.0312883332372, 0.0424357093871, 0.0536412149668, 0.0387565046549, 0.0417843870819, 0.0470804125071, 0.0467258542776], "min": [0, 0, 0, 0, 0, 0, 0, 0, 0, 0, 0, 0, 0, 0, 0, 0, 0, 0, 0, 0, 0, 0, 0, 0, 0, 0, 0, 0, 0, 0, 0, 0, 0, 0, 0, 0], "median": [0.0413596890867, 0.0482411049306, 0.0454719439149, 0.0607353672385, 0.0647780895233, 0.0553302317858, 0.036123432219, 0.0359360128641, 0.0410276204348, 0.0649475380778, 0.0745768547058, 0.0433315187693, 0.0211620852351, 0.0199003461748, 0.0306899622083, 0.0803789496422, 0.102931141853, 0.0724886059761, 0.0626625865698, 0.0587326213717, 0.0432400740683, 0.021488212049, 0.0198607295752, 0.0443579889834, 0.0808805674314, 0.0770992487669, 0.0348936319351, 0.0191035456955, 0.0189373008907, 0.036215506494, 0.112489506602, 0.14437033236, 0.080986097455, 0.0286552533507, 0.0243266392499, 0.030510533601], "max": [1, 1, 1, 1, 1, 1, 1, 1, 1, 1, 1, 1, 1, 1, 1, 1, 1, 1, 1, 1, 1, 1, 1, 1, 1, 1, 1, 1, 1, 1, 1, 1, 1, 1, 1, 1]}, "tuning_equal_tempered_deviation": 0.300000011921, "chords_key": "D#", "chords_strength": {"dmean": 0.0119417114183, "dvar2": 0.000951864931267, "mean": 0.520923674107, "var": 0.0222162604332, "dmean2": 0.0126664852723, "dvar": 0.000508497818373, "min": -1, "median": 0.530351519585, "max": 0.776737511158}, "tuning_diatonic_strength": 0.491804003716, "thpcp": [1, 0.580787360668, 0.374200046062, 0.393178313971, 0.37577933073, 0.485249310732, 0.530402421951, 0.424538493156, 0.57370454073, 0.699002385139, 0.459255158901, 0.359973281622, 0.412667661905, 0.449679732323, 0.662981688976, 0.671295464039, 0.398573845625, 0.266654729843, 0.294438898563, 0.408461660147, 0.63130569458, 0.703798651695, 0.527781665325, 0.583377540112, 0.647870540619, 0.415066421032, 0.303733825684, 0.310069411993, 0.396031916142, 0.6878657341, 0.69690823555, 0.368864715099, 0.223085567355, 0.232482358813, 0.335837334394, 0.804210841656], "chords_histogram": [20.4233627319, 7.44805955887, 15.1509208679, 0.960407674313, 5.58604478836, 4.52763605118, 10.2508821487, 0.940807521343, 17.718542099, 0.294002354145, 0.137201100588, 0, 0.58800470829, 0, 0.117600940168, 0, 0, 0.0784006267786, 0, 0.0980007871985, 0.176401406527, 3.72402977943, 3.31242656708, 8.46726799011], "tuning_nontempered_energy_ratio": 0.95289170742, "tuning_frequency": 434.193115234, "key_strength": 0.608551204205, "chords_changes_rate": 0.0631125047803, "key_scale": "major", "hpcp_entropy": {"dmean": 0.742574095726, "dvar2": 0.986928164959, "mean": 1.93903338909, "var": 0.712806403637, "dmean2": 1.23205506802, "dvar": 0.367491692305, "min": 0, "median": 1.97193861008, "max": 4.54764604568}, "key_key": "D#", "chords_number_rate": 0.0019600156229}, "lowlevel": {"melbands_skewness": {"dmean": 0.865538179874, "dvar2": 2.29510807991, "mean": 2.76335501671, "var": 4.27586746216, "dmean2": 1.29183018208, "dvar": 1.0669978857, "min": -1.86256456375, "median": 2.22346329689, "max": 15.2241649628}, "melbands_kurtosis": {"dmean": 9.98483943939, "dvar2": 931.698242188, "mean": 17.7693595886, "var": 1080.13330078, "dmean2": 15.1683111191, "dvar": 432.080810547, "min": -1.86841487885, "median": 6.57241821289, "max": 460.78024292}, "barkbands_kurtosis": {"dmean": 3.84263396263, "dvar2": 176.726989746, "mean": 5.70798254013, "var": 198.624847412, "dmean2": 5.73128509521, "dvar": 85.0651550293, "min": -1.92409145832, "median": 1.26024580002, "max": 444.849456787}, "hfc": {"dmean": 11.6500425339, "dvar2": 937.372314453, "mean": 28.5697593689, "var": 1130.74414063, "dmean2": 15.648352623, "dvar": 441.601806641, "min": 1.07536609683e-16, "median": 17.0518913269, "max": 241.063903809}, "silence_rate_20dB": {"dmean": 0, "dvar2": 0, "mean": 1, "var": 0, "dmean2": 0, "dvar": 0, "min": 1, "median": 1, "max": 1}, "erbbands_flatness_db": {"dmean": 0.0203041993082, "dvar2": 0.00079313403694, "mean": 0.134505778551, "var": 0.0022709921468, "dmean2": 0.0293983966112, "dvar": 0.000399848329835, "min": 0.0393960662186, "median": 0.12605984509, "max": 0.348323404789}, "spectral_flux": {"dmean": 0.0264534130692, "dvar2": 0.00206454447471, "mean": 0.085420049727, "var": 0.00252918037586, "dmean2": 0.0428482182324, "dvar": 0.000821544032078, "min": 6.29601717983e-11, "median": 0.0774873122573, "max": 0.290120840073}, "spectral_energyband_low": {"dmean": 0.00392659660429, "dvar2": 8.37404149934e-05, "mean": 0.00744839385152, "var": 0.000145397687447, "dmean2": 0.00555842043832, "dvar": 4.75138076581e-05, "min": 1.95593091626e-23, "median": 0.00208430737257, "max": 0.0707442760468}, "spectral_rolloff": {"dmean": 930.059387207, "dvar2": 5834666.5, "mean": 2534.17431641, "var": 8330841, "dmean2": 1487.63220215, "dvar": 2715969.75, "min": 64.599609375, "median": 1571.92382813, "max": 19961.2792969}, "spectral_entropy": {"dmean": 0.18503805995, "dvar2": 0.0858599096537, "mean": 7.80896949768, "var": 0.271343588829, "dmean2": 0.263263136148, "dvar": 0.047450620681, "min": 5.33728933334, "median": 7.86259269714, "max": 9.82219028473}, "spectral_energy": {"dmean": 0.00824106857181, "dvar2": 0.000209105666727, "mean": 0.0230330079794, "var": 0.000404178455938, "dmean2": 0.0116391927004, "dvar": 0.000106971361674, "min": 1.0055736631e-20, "median": 0.0172587744892, "max": 0.12235070765}, "spectral_centroid": {"dmean": 293.978668213, "dvar2": 268156.6875, "mean": 1551.60852051, "var": 1422530.75, "dmean2": 424.262634277, "dvar": 141665.71875, "min": 99.5920410156, "median": 1429.34387207, "max": 11806.2685547}, "barkbands_flatness_db": {"dmean": 0.0235938597471, "dvar2": 0.00107442494482, "mean": 0.111604735255, "var": 0.0038133864291, "dmean2": 0.0331236533821, "dvar": 0.000601324078161, "min": 0.0105984602123, "median": 0.0999561548233, "max": 0.479625046253}, "spectral_rms": {"dmean": 0.000835229235236, "dvar2": 1.57238423526e-06, "mean": 0.00422767037526, "var": 4.59800048702e-06, "dmean2": 0.00115966470912, "dvar": 8.2988901795e-07, "min": 3.13216770229e-12, "median": 0.00410339236259, "max": 0.0109254997224}, "melbands": {"dmean": [0.00063014542684, 0.000976209063083, 0.000550078984816, 0.000298153492622, 0.00029985778383, 0.000245532457484, 0.000152820342919, 9.87426828942e-05, 0.000123606616398, 0.000119482952869, 0.000112142712169, 7.38240341889e-05, 7.30931278667e-05, 6.20993014309e-05, 4.38633505837e-05, 3.19334940286e-05, 5.47300587641e-05, 4.1284456529e-05, 2.65780799964e-05, 1.96064502234e-05, 1.15318980534e-05, 1.28251049318e-05, 1.11985982585e-05, 7.1946819844e-06, 6.06778166912e-06, 4.95741551276e-06, 3.5585153455e-06, 3.24891516357e-06, 3.26527720063e-06, 3.43597093888e-06, 4.08158575738e-06, 3.45206672137e-06, 3.4576919461e-06, 3.87798718293e-06, 3.37268761541e-06, 2.52467907558e-06, 1.81422035439e-06, 1.50317782754e-06, 1.08890560568e-06, 7.42303541301e-07], "dvar2": [2.73936370832e-06, 8.03004695626e-06, 3.35398181051e-06, 8.82212248143e-07, 8.37202492221e-07, 7.30974079488e-07, 2.34910032759e-07, 1.02012748471e-07, 2.86971669539e-07, 2.42354900593e-07, 2.37132525172e-07, 7.73611716909e-08, 1.27446753595e-07, 1.37900840969e-07, 7.51407824851e-08, 1.68470730699e-08, 8.57675956922e-08, 3.66365107141e-08, 1.02842570016e-08, 7.13854975132e-09, 2.21857687777e-09, 3.87274390334e-09, 5.0837796195e-09, 1.21724408331e-09, 4.87917373171e-10, 3.52341877896e-10, 1.43287826049e-10, 9.60899970703e-11, 9.05665195616e-11, 7.15662112905e-11, 1.73689215788e-10, 6.5973324026e-11, 7.97721264045e-11, 8.24957185896e-11, 6.00584235122e-11, 3.3123382509e-11, 1.94738600245e-11, 2.26206206544e-11, 1.06348038015e-11, 5.69243827422e-12], "mean": [0.00103743514046, 0.00141228165012, 0.000636837212369, 0.000375191622879, 0.000447660626378, 0.000398548290832, 0.000254527723882, 0.000150639054482, 0.00018290389562, 0.000173153472133, 0.000176802117494, 0.000129954423755, 0.000128853454953, 0.00010254226072, 6.46880944259e-05, 4.60008559457e-05, 9.05883644009e-05, 5.99477898504e-05, 4.12875815528e-05, 2.94122201012e-05, 2.00121976377e-05, 2.22328180826e-05, 2.17189335672e-05, 1.23023037304e-05, 1.01647838164e-05, 9.17698434932e-06, 6.9171164796e-06, 5.50828053747e-06, 6.06162802796e-06, 6.62317415845e-06, 6.46187982056e-06, 6.58022099742e-06, 6.6885513661e-06, 7.6910464486e-06, 6.89405533194e-06, 4.54506607639e-06, 3.38333097716e-06, 2.82052133116e-06, 1.95867119146e-06, 1.33383639422e-06], "var": [3.13600139634e-06, 7.19408717487e-06, 2.13273392546e-06, 3.76646852374e-07, 5.69063274725e-07, 5.76916420414e-07, 3.29014312683e-07, 7.78461100026e-08, 1.69356582091e-07, 1.54743943881e-07, 1.87960239373e-07, 1.06865968519e-07, 1.93693992401e-07, 1.07227322133e-07, 3.90372854042e-08, 9.9111474583e-09, 9.7635997065e-08, 2.14146442801e-08, 7.38890992835e-09, 4.76745443123e-09, 2.54877341455e-09, 4.43444925224e-09, 9.51503853486e-09, 1.08040409952e-09, 3.68205549384e-10, 4.5852016628e-10, 2.06646005863e-10, 6.26833585038e-11, 8.7461211884e-11, 9.28975438241e-11, 1.1157405555e-10, 8.50357284587e-11, 9.29485585721e-11, 1.23941384933e-10, 1.01249821027e-10, 4.33073160666e-11, 2.72543966562e-11, 2.82789382189e-11, 1.19388188571e-11, 5.6736711683e-12], "dmean2": [0.000919375510421, 0.00146234512795, 0.000825383875053, 0.000493001774885, 0.000481534138089, 0.00038327020593, 0.000236859938013, 0.000155797839398, 0.000194955515326, 0.000179558453965, 0.000169469116372, 0.000112044894195, 0.000108612235636, 9.73781279754e-05, 7.15064743417e-05, 5.11256002937e-05, 8.55970720295e-05, 6.57931595924e-05, 4.24606914748e-05, 3.03818942484e-05, 1.78594800673e-05, 1.9296328901e-05, 1.72006766661e-05, 1.13347578008e-05, 9.26452776184e-06, 7.52043979446e-06, 5.56193344892e-06, 5.31824298378e-06, 5.10169957124e-06, 5.04692843606e-06, 6.42892337055e-06, 5.28566852154e-06, 5.15601732332e-06, 5.65360915061e-06, 4.93190509587e-06, 3.67916686628e-06, 2.6940654152e-06, 2.25146550292e-06, 1.65672247476e-06, 1.10402663722e-06], "dvar": [1.28762019358e-06, 3.74526644009e-06, 1.71786621195e-06, 3.44113061601e-07, 3.61105804814e-07, 3.2540515349e-07, 1.21488341165e-07, 4.26515249785e-08, 1.182969811e-07, 1.07451967324e-07, 1.08670576537e-07, 3.52616602584e-08, 6.55722587339e-08, 5.76704586308e-08, 2.97199083121e-08, 6.85503742659e-09, 3.60737679728e-08, 1.47125067684e-08, 4.30309654575e-09, 3.0264692974e-09, 9.84245351887e-10, 1.83947290733e-09, 2.15848316998e-09, 4.70191052759e-10, 2.060518145e-10, 1.71647779323e-10, 7.21013804217e-11, 3.59137684869e-11, 3.95081987958e-11, 3.3554027612e-11, 7.24233381599e-11, 3.24948540298e-11, 3.84324412572e-11, 3.95933286157e-11, 2.9624476483e-11, 1.62588397606e-11, 9.35762058119e-12, 9.98783260958e-12, 5.18583396711e-12, 2.71116701138e-12], "min": [1.22956800929e-24, 1.67079023953e-24, 9.89614764332e-25, 6.87318828109e-25, 1.93151054365e-24, 1.08993430426e-24, 2.57415923553e-24, 1.44730022584e-24, 2.00911591849e-24, 2.51929218463e-24, 1.95984248306e-24, 2.35205544766e-24, 2.85416048346e-24, 2.5377396969e-24, 2.56858356665e-24, 2.80788373339e-24, 3.85300689253e-24, 3.72061946656e-24, 3.39944500419e-24, 2.84111607674e-24, 3.27401375367e-24, 3.12431004197e-24, 3.76899833372e-24, 4.68541883618e-24, 3.64975372486e-24, 5.40752278172e-24, 3.84160785245e-24, 5.14422309967e-24, 4.341730678e-24, 5.26484466524e-24, 6.02931478013e-24, 5.56621635231e-24, 5.70386429723e-24, 4.82395582734e-24, 4.32105897241e-24, 6.72295189105e-24, 5.14223556462e-24, 4.51725420157e-24, 6.61497418807e-24, 6.41903573314e-24], "median": [0.000223004564759, 0.000382525729947, 0.000216282249312, 0.000169496430317, 0.000199302754481, 0.000153427376063, 9.07437279238e-05, 6.21569997747e-05, 6.64477338432e-05, 5.54070356884e-05, 4.28890052717e-05, 3.21938605339e-05, 2.57667525148e-05, 2.30296136579e-05, 2.06678687391e-05, 1.50099986058e-05, 1.83291140274e-05, 1.59313676704e-05, 1.41373939186e-05, 9.71709141595e-06, 6.86409066475e-06, 6.38423625787e-06, 5.03440878674e-06, 4.49857861895e-06, 4.32227034253e-06, 4.02150226364e-06, 3.43984743267e-06, 2.49418371823e-06, 2.39442942984e-06, 2.63152219304e-06, 2.39029054683e-06, 2.76171658697e-06, 2.81291886495e-06, 2.96744678963e-06, 2.49706977229e-06, 1.58337684297e-06, 1.13750991204e-06, 9.10443873181e-07, 7.82155041179e-07, 6.09543690189e-07], "max": [0.0118939522654, 0.0184149388224, 0.0114495595917, 0.0105413440615, 0.0138528551906, 0.0226835943758, 0.0145743144676, 0.00480174925178, 0.00987291056663, 0.0102387405932, 0.0103568555787, 0.0066723767668, 0.00843754038215, 0.00780884549022, 0.00791326910257, 0.00192386726849, 0.00806228257716, 0.00287240301259, 0.00130984478164, 0.00154280872084, 0.00086852273671, 0.00136916898191, 0.00251592323184, 0.000645976164378, 0.000441633776063, 0.000659177836496, 0.000601962499786, 7.95742671471e-05, 0.00013991293963, 0.000116958079161, 0.000109789725684, 8.99056904018e-05, 0.00013060081983, 0.000135117676109, 0.000100002995168, 6.36392724118e-05, 4.43260323664e-05, 6.53806346236e-05, 8.40389257064e-05, 7.33815759304e-05]}, "barkbands_crest": {"dmean": 2.74704170227, "dvar2": 13.8132753372, "mean": 9.54612636566, "var": 21.6923332214, "dmean2": 4.22028541565, "dvar": 6.51159906387, "min": 2.11622881889, "median": 8.46648693085, "max": 25.9764728546}, "mfcc": {"icov": [[0.000111867921078, 2.16497355723e-05, 0.000123955338495, -5.34665705345e-05, 0.000118643030873, -0.000227951852139, 0.000218233893975, -0.000260780449025, 1.74956824139e-06, -0.000185802069609, -1.59746723511e-05, -0.000112418900244, -2.409766239e-05], [2.16497355723e-05, 0.00107068521902, -7.74078143877e-05, 8.41505971039e-05, -0.000297301827231, 0.00013943790691, -0.000616796256509, -9.94449583231e-05, -6.8893583375e-05, 0.000424689118518, -0.000994603498839, 0.000730034080334, -0.000494267267641], [0.000123955338495, -7.74078143877e-05, 0.00174237450119, -0.000854466110468, 0.000165945282788, -0.000659301120322, -0.000219684676267, -0.000576369347982, -0.000108632033516, 0.000318448728649, -0.000104476530396, 0.00021262410155, 0.000566706818063], [-5.34665705345e-05, 8.41505971039e-05, -0.000854466110468, 0.00522028189152, -0.00280047464184, -0.000885621528141, 3.32290255756e-05, -0.000129219028167, -0.00140605482738, 0.0008553332882, 0.000158972703503, -0.00228336942382, 0.00095132784918], [0.000118643030873, -0.000297301827231, 0.000165945282788, -0.00280047464184, 0.00677345320582, -0.000611932075117, 0.000641143473331, -0.00232617161237, -0.0012124935165, -0.000181194322067, 0.000286103197141, -0.00087811256526, -0.000217035529204], [-0.000227951852139, 0.00013943790691, -0.000659301120322, -0.000885621528141, -0.000611932075117, 0.00733538903296, -0.00406280951574, 0.0008680690662, 3.40997939929e-05, -0.00161830452271, -0.000756828987505, 0.000955491093919, 0.000124959828099], [0.000218233893975, -0.000616796256509, -0.000219684676267, 3.32290255756e-05, 0.000641143473331, -0.00406280951574, 0.0090139079839, -0.00240159453824, -0.000512571830768, -0.00173598225228, 0.000534819264431, -0.000334568787366, -0.0017093680799], [-0.000260780449025, -9.94449583231e-05, -0.000576369347982, -0.000129219028167, -0.00232617161237, 0.0008680690662, -0.00240159453824, 0.0101402224973, -0.00239938334562, -0.000528731150553, -0.000257790932665, -0.000217853987124, -0.000425527337939], [1.74956824139e-06, -6.8893583375e-05, -0.000108632033516, -0.00140605482738, -0.0012124935165, 3.40997939929e-05, -0.000512571830768, -0.00239938334562, 0.0121672563255, -0.00333115574904, -0.000166756246472, -0.000890881638043, -0.000108989144792], [-0.000185802069609, 0.000424689118518, 0.000318448728649, 0.0008553332882, -0.000181194322067, -0.00161830452271, -0.00173598225228, -0.000528731150553, -0.00333115574904, 0.0115100657567, -0.00438540615141, 0.00128364923876, -0.000747325713746], [-1.59746723511e-05, -0.000994603498839, -0.000104476530396, 0.000158972703503, 0.000286103197141, -0.000756828987505, 0.000534819264431, -0.000257790932665, -0.000166756246472, -0.00438540615141, 0.0153112253174, -0.00472770724446, -0.000782539253123], [-0.000112418900244, 0.000730034080334, 0.00021262410155, -0.00228336942382, -0.00087811256526, 0.000955491093919, -0.000334568787366, -0.000217853987124, -0.000890881638043, 0.00128364923876, -0.00472770724446, 0.0137860151008, -0.00372056593187], [-2.409766239e-05, -0.000494267267641, 0.000566706818063, 0.00095132784918, -0.000217035529204, 0.000124959828099, -0.0017093680799, -0.000425527337939, -0.000108989144792, -0.000747325713746, -0.000782539253123, -0.00372056593187, 0.0140391793102]], "mean": [-653.489440918, 90.0086746216, 11.5228948593, 3.11735701561, -6.36369180679, 5.16578578949, -9.65822601318, -0.412449628115, -6.4159655571, -1.18552017212, -3.04411005974, -5.62955284119, -2.2671482563], "cov": [[12445.0068359, -269.731170654, -537.135742188, 326.479980469, 194.817687988, 509.954467773, 128.846054077, 434.189727783, 291.65145874, 471.747711182, 239.76612854, 262.554779053, 149.065948486], [-269.731170654, 1191.93005371, 207.285430908, 121.102172852, 152.252700806, 129.304107666, 194.756958008, 117.488418579, 87.8000793457, 59.0984420776, 100.784355164, 11.3708047867, 65.8624725342], [-537.135742188, 207.285430908, 935.184204102, 361.885559082, 233.893280029, 223.718948364, 192.91166687, 163.295806885, 134.43132019, 55.1173667908, 53.0738334656, 57.587726593, -3.63637757301], [326.479980469, 121.102172852, 361.885559082, 560.413757324, 340.475067139, 210.357803345, 159.892303467, 188.173095703, 180.027770996, 84.4257659912, 75.4187774658, 134.230911255, 26.4722213745], [194.817687988, 152.252700806, 233.893280029, 340.475067139, 389.483215332, 161.497329712, 133.513153076, 176.940643311, 152.381500244, 82.9510726929, 65.2445449829, 99.9350585938, 35.1041793823], [509.954467773, 129.304107666, 223.718948364, 210.357803345, 161.497329712, 338.54989624, 211.877822876, 126.701797485, 116.130279541, 127.381958008, 72.8309860229, 53.3102874756, 37.1336021423], [128.846054077, 194.756958008, 192.91166687, 159.892303467, 133.513153076, 211.877822876, 282.012237549, 133.564956665, 107.628417969, 111.420639038, 63.6014518738, 48.9893875122, 50.3140792847], [434.189727783, 117.488418579, 163.295806885, 188.173095703, 176.940643311, 126.701797485, 133.564956665, 221.199661255, 119.851882935, 86.6629333496, 57.0064125061, 64.085105896, 35.8181228638], [291.65145874, 87.8000793457, 134.43132019, 180.027770996, 152.381500244, 116.130279541, 107.628417969, 119.851882935, 178.555450439, 92.6084365845, 55.1835594177, 61.4959259033, 29.7144069672], [471.747711182, 59.0984420776, 55.1173667908, 84.4257659912, 82.9510726929, 127.381958008, 111.420639038, 86.6629333496, 92.6084365845, 176.530929565, 71.2314910889, 37.9134140015, 35.4200706482], [239.76612854, 100.784355164, 53.0738334656, 75.4187774658, 65.2445449829, 72.8309860229, 63.6014518738, 57.0064125061, 55.1835594177, 71.2314910889, 111.951507568, 53.5897750854, 31.2013053894], [262.554779053, 11.3708047867, 57.587726593, 134.230911255, 99.9350585938, 53.3102874756, 48.9893875122, 64.085105896, 61.4959259033, 37.9134140015, 53.5897750854, 129.420822144, 38.1891098022], [149.065948486, 65.8624725342, -3.63637757301, 26.4722213745, 35.1041793823, 37.1336021423, 50.3140792847, 35.8181228638, 29.7144069672, 35.4200706482, 31.2013053894, 38.1891098022, 93.5566482544]]}, "spectral_decrease": {"dmean": 1.96320737444e-09, "dvar2": 1.19896661688e-17, "mean": -5.41609379567e-09, "var": 2.33749577861e-17, "dmean2": 2.79230838451e-09, "dvar": 6.22915101805e-18, "min": -3.09947623123e-08, "median": -3.99461264067e-09, "max": 7.0511583542e-22}, "zerocrossingrate": {"dmean": 0.0188394617289, "dvar2": 0.000545054790564, "mean": 0.0973916053772, "var": 0.00462385173887, "dmean2": 0.0206625629216, "dvar": 0.000468069512863, "min": 0.00341796875, "median": 0.08349609375, "max": 0.52587890625}, "spectral_contrast_coeffs": {"dmean": [0.0569399632514, 0.0508049726486, 0.042341940105, 0.0338464640081, 0.0242738462985, 0.0185075253248], "dvar2": [0.00575850112364, 0.00422827573493, 0.00281649921089, 0.00186655519065, 0.000992498826236, 0.000793184619397], "mean": [-0.639417946339, -0.71667778492, -0.751787781715, -0.781148731709, -0.796453177929, -0.770548582077], "var": [0.0120940199122, 0.00593565404415, 0.00530977826566, 0.00343119213358, 0.00236075301655, 0.00182368827518], "dmean2": [0.0878210514784, 0.0809342265129, 0.0664309635758, 0.0539820156991, 0.0379104651511, 0.0291485972703], "dvar": [0.00256293616258, 0.00173538271338, 0.00121326034423, 0.00077924260404, 0.000438380637206, 0.000323532905895], "min": [-0.985778331757, -0.980455517769, -0.979117631912, -0.970216631889, -0.96593862772, -0.965623915195], "median": [-0.651882112026, -0.72029709816, -0.758284986019, -0.786973953247, -0.800308346748, -0.765867769718], "max": [-0.236737892032, -0.366606980562, -0.455416530371, -0.558754146099, -0.57689666748, -0.627254188061]}, "spectral_skewness": {"dmean": 0.199604675174, "dvar2": 0.11856944859, "mean": 1.44477653503, "var": 0.24327391386, "dmean2": 0.298664718866, "dvar": 0.0576055198908, "min": -0.076196923852, "median": 1.44250011444, "max": 5.623503685}, "spectral_energyband_middle_high": {"dmean": 0.00224717194214, "dvar2": 3.52980277967e-05, "mean": 0.00602692272514, "var": 6.90570523147e-05, "dmean2": 0.00316435843706, "dvar": 1.67200214491e-05, "min": 1.20555384561e-21, "median": 0.00296599464491, "max": 0.0859922170639}, "gfcc": {"icov": [[5.47475028725e-05, 4.7331352107e-05, 7.48910097172e-05, -4.63329379272e-05, 1.5180691662e-05, -0.000144757941598, -2.26825668506e-05, -9.15077980608e-05, 1.33239600473e-05, -8.3766055468e-05, 0.000147070997627, -0.000151442174683, 0.000135119116749], [4.7331352107e-05, 0.00080701551633, 9.99716212391e-05, -0.000188071775483, -0.000290546799079, -8.24155431474e-05, -0.000138183371746, -0.000168692218722, 0.000324122287566, 0.000126935294247, -0.000284354027826, 0.00020803573716, 9.82513884082e-05], [7.48910097172e-05, 9.99716212391e-05, 0.00122448219918, -0.000494362902828, -0.000436066300608, -0.000112539513793, -0.000878986844327, -8.25862152851e-05, 0.00026974271168, 0.000122722631204, 0.00100992713124, -0.000867766677402, 0.000955550058279], [-4.63329379272e-05, -0.000188071775483, -0.000494362902828, 0.0025739246048, -0.000830739794765, -0.00125600700267, 0.00112710217945, -0.000593539734837, -0.000746278383303, -3.99287710025e-05, 0.000639273028355, -0.000202649825951, 2.47337138717e-05], [1.5180691662e-05, -0.000290546799079, -0.000436066300608, -0.000830739794765, 0.00390838691965, 0.000413746980485, -0.00225664908066, -9.26983339014e-05, -0.00180228671525, 0.000914946256671, -0.000707501079887, 0.000672669499181, -0.000845554983243], [-0.000144757941598, -8.24155431474e-05, -0.000112539513793, -0.00125600700267, 0.000413746980485, 0.00614341720939, -0.00282630138099, -0.00130715616979, 0.00110259617213, -0.00146093789954, -2.28436219913e-05, 0.000822573201731, 0.000628466717899], [-2.26825668506e-05, -0.000138183371746, -0.000878986844327, 0.00112710217945, -0.00225664908066, -0.00282630138099, 0.00769939506426, 7.12097898941e-05, -0.000481620896608, -0.000397152383812, -0.0024079233408, 0.00246016122401, -0.000870918796863], [-9.15077980608e-05, -0.000168692218722, -8.25862152851e-05, -0.000593539734837, -9.26983339014e-05, -0.00130715616979, 7.12097898941e-05, 0.0087234294042, -0.00454797316343, 0.000853415112942, 6.21413200861e-05, -0.00123277702369, 0.000887669099029], [1.33239600473e-05, 0.000324122287566, 0.00026974271168, -0.000746278383303, -0.00180228671525, 0.00110259617213, -0.000481620896608, -0.00454797316343, 0.0127145694569, -0.00325427181087, -0.00124703452457, 0.000205754171475, -0.000813292514067], [-8.3766055468e-05, 0.000126935294247, 0.000122722631204, -3.99287710025e-05, 0.000914946256671, -0.00146093789954, -0.000397152383812, 0.000853415112942, -0.00325427181087, 0.0123384967446, -0.00462434859946, 0.00114423956256, -0.00024517433485], [0.000147070997627, -0.000284354027826, 0.00100992713124, 0.000639273028355, -0.000707501079887, -2.28436219913e-05, -0.0024079233408, 6.21413200861e-05, -0.00124703452457, -0.00462434859946, 0.0162716023624, -0.00674145342782, 0.000335339835146], [-0.000151442174683, 0.00020803573716, -0.000867766677402, -0.000202649825951, 0.000672669499181, 0.000822573201731, 0.00246016122401, -0.00123277702369, 0.000205754171475, 0.00114423956256, -0.00674145342782, 0.0178706813604, -0.00588095048442], [0.000135119116749, 9.82513884082e-05, 0.000955550058279, 2.47337138717e-05, -0.000845554983243, 0.000628466717899, -0.000870918796863, 0.000887669099029, -0.000813292514067, -0.00024517433485, 0.000335339835146, -0.00588095048442, 0.0163959804922]], "mean": [-11.4219560623, 48.3570098877, -102.605247498, 12.5540828705, -68.7037734985, 12.3538656235, -39.9799194336, 0.655250072479, -22.9091587067, 2.68263959885, -17.2195262909, 4.18000888824, -10.4642467499], "cov": [[26065.4785156, -1248.53662109, -861.891784668, 800.380371094, -208.937286377, 953.762573242, 76.1748199463, 545.835205078, 210.203201294, 302.411621094, -97.6068572998, 73.3423995972, -187.886901855], [-1248.53662109, 1517.24804688, 239.924987793, 230.336456299, 317.618713379, 115.435798645, 178.066619873, 70.0824661255, 40.3365249634, -5.88460588455, 39.3844261169, -38.9112052917, -8.36298370361], [-861.891784668, 239.924987793, 1558.1015625, 506.979064941, 505.764709473, 258.494659424, 342.107635498, 136.956069946, 90.0554580688, -18.2385311127, -43.8502807617, -35.6209373474, -66.6587753296], [800.380371094, 230.336456299, 506.979064941, 769.549438477, 343.512329102, 262.130157471, 152.702453613, 175.666824341, 125.767715454, 26.710483551, -16.4758262634, -16.0995330811, -31.2149829865], [-208.937286377, 317.618713379, 505.764709473, 343.512329102, 640.022460938, 184.773254395, 298.806182861, 133.219680786, 145.264648438, 22.0863704681, 39.4988288879, -29.5663604736, 0.531240522861], [953.762573242, 115.435798645, 258.494659424, 262.130157471, 184.773254395, 355.755523682, 196.416442871, 112.286331177, 62.4360122681, 53.8770904541, 12.5488595963, -29.9517211914, -30.8624992371], [76.1748199463, 178.066619873, 342.107635498, 152.702453613, 298.806182861, 196.416442871, 339.358276367, 80.3297653198, 78.7657852173, 41.7813491821, 41.7918167114, -35.4382209778, -9.33913516998], [545.835205078, 70.0824661255, 136.956069946, 175.666824341, 133.219680786, 112.286331177, 80.3297653198, 202.016387939, 96.3677139282, 24.3698310852, 14.2622509003, 4.27540922165, -10.8824014664], [210.203201294, 40.3365249634, 90.0554580688, 125.767715454, 145.264648438, 62.4360122681, 78.7657852173, 96.3677139282, 150.181549072, 44.1744651794, 31.435792923, 3.66281580925, 5.43356370926], [302.411621094, -5.88460588455, -18.2385311127, 26.710483551, 22.0863704681, 53.8770904541, 41.7813491821, 24.3698310852, 44.1744651794, 114.878295898, 41.8013343811, 3.51009750366, 2.85264348984], [-97.6068572998, 39.3844261169, -43.8502807617, -16.4758262634, 39.4988288879, 12.5488595963, 41.7918167114, 14.2622509003, 31.435792923, 41.8013343811, 100.680686951, 30.1285133362, 17.0842971802], [73.3423995972, -38.9112052917, -35.6209373474, -16.0995330811, -29.5663604736, -29.9517211914, -35.4382209778, 4.27540922165, 3.66281580925, 3.51009750366, 30.1285133362, 83.3449478149, 28.7507896423], [-187.886901855, -8.36298370361, -66.6587753296, -31.2149829865, 0.531240522861, -30.8624992371, -9.33913516998, -10.8824014664, 5.43356370926, 2.85264348984, 17.0842971802, 28.7507896423, 78.099609375]]}, "erbbands_spread": {"dmean": 11.1809453964, "dvar2": 383.978851318, "mean": 44.9791030884, "var": 509.651672363, "dmean2": 17.3380279541, "dvar": 166.834762573, "min": 4.50974702835, "median": 41.0237083435, "max": 169.880233765}, "erbbands_kurtosis": {"dmean": 1.15540003777, "dvar2": 7.20409297943, "mean": 0.845934569836, "var": 7.05168056488, "dmean2": 1.81218135357, "dvar": 3.21812963486, "min": -1.90653920174, "median": 0.0293206013739, "max": 45.722984314}, "dynamic_complexity": 4.05294466019, "erbbands_crest": {"dmean": 2.70096826553, "dvar2": 15.8049812317, "mean": 8.82191848755, "var": 21.8295783997, "dmean2": 4.28113174438, "dvar": 6.81352996826, "min": 2.18419337273, "median": 7.66865634918, "max": 30.2765769958}, "erbbands": {"dmean": [0.0615568198264, 0.730292439461, 2.12340688705, 3.52139544487, 2.99170899391, 5.88373994827, 8.88464260101, 10.8495121002, 10.3123550415, 9.30672264099, 13.7377538681, 18.6190681458, 22.2767524719, 18.4426860809, 21.3305988312, 20.9177589417, 13.3315677643, 25.3492565155, 22.8185462952, 15.1134119034, 10.0780544281, 10.773891449, 10.0239906311, 7.00233411789, 5.47030544281, 4.56451511383, 5.07648468018, 6.19011688232, 5.86775588989, 6.29059076309, 5.14400720596, 3.13011074066, 1.90251600742, 0.954588592052, 1.47042393684, 0.499070674181, 0.176580578089, 0.0312310382724, 0.0113718714565, 0.00310762878507], "dvar2": [0.0286666043103, 4.50500917435, 48.9483070374, 160.004348755, 111.760169983, 339.160461426, 805.181335449, 1606.88317871, 1226.57568359, 885.15222168, 3164.35693359, 5961.77929688, 9319.77539063, 4587.20458984, 13210.7958984, 10712.2373047, 3513.96362305, 16419.7519531, 9866.57324219, 3939.0012207, 1430.81384277, 2534.6105957, 3356.20751953, 604.460388184, 379.647277832, 161.021682739, 177.362915039, 324.008880615, 185.394927979, 213.690979004, 128.20602417, 49.7866516113, 29.1650238037, 7.68552732468, 27.9542179108, 2.75236964226, 0.470174014568, 0.011057198979, 0.00296209240332, 0.000290683732601], "mean": [0.103177420795, 0.954067409039, 2.70307850838, 3.81148648262, 3.51518893242, 7.66655111313, 12.9515447617, 17.2945785522, 17.0165538788, 14.5630540848, 21.0199832916, 27.7776660919, 36.1609954834, 33.8537139893, 39.9655342102, 34.7623138428, 21.3768920898, 44.4876098633, 36.4946899414, 25.8144626617, 18.2558383942, 20.6059112549, 19.273431778, 12.940823555, 11.6097688675, 8.82219982147, 10.3660316467, 11.1676902771, 11.9456090927, 13.1889314651, 10.9233951569, 6.08966398239, 3.72850251198, 1.82902801037, 2.04811358452, 0.69216889143, 0.21594902873, 0.037948988378, 0.0103112207726, 0.00269266706891], "var": [0.0270895175636, 3.74496173859, 31.3775882721, 88.8610534668, 43.7593002319, 189.230300903, 532.145324707, 1203.05822754, 1645.83312988, 727.454040527, 1911.57446289, 3796.88085938, 7322.79541016, 6671.64111328, 21376.5058594, 7937.77050781, 1758.31933594, 19017.0957031, 6181.70751953, 3193.87231445, 1554.47717285, 3562.63452148, 5354.98876953, 506.318481445, 601.789672852, 152.324661255, 231.486175537, 274.16619873, 273.791931152, 333.427307129, 233.10055542, 76.5400466919, 41.6242485046, 9.39768028259, 21.2952156067, 1.83303201199, 0.215912073851, 0.00568680884317, 0.00120604166295, 0.000112260488095], "dmean2": [0.092805467546, 1.11118972301, 3.25594735146, 5.37195539474, 4.88943624496, 9.63774108887, 14.3822832108, 16.9495239258, 16.0487346649, 14.6943178177, 21.6722393036, 27.8312206268, 33.6337814331, 27.8724632263, 31.9772052765, 33.8033561707, 21.2117595673, 39.510597229, 36.4411468506, 23.1963253021, 15.2856702805, 15.8534822464, 15.3800840378, 10.4738349915, 8.24606704712, 7.29252576828, 7.6190032959, 9.46950244904, 8.56116390228, 9.07389259338, 7.42523097992, 4.47815275192, 2.8052213192, 1.388879776, 2.11389970779, 0.720130860806, 0.267252206802, 0.0486333444715, 0.0181758124381, 0.00483309896663], "dvar": [0.0115501331165, 2.18514156342, 21.2554473877, 77.8842697144, 46.1616668701, 140.01361084, 338.765350342, 710.237915039, 645.372558594, 374.232177734, 1308.32958984, 2641.51416016, 4249.51318359, 2074.71118164, 6715.83935547, 4313.09228516, 1353.41113281, 6943.1796875, 3907.05932617, 1760.91101074, 630.718811035, 1197.98583984, 1367.14379883, 254.504684448, 195.182571411, 64.6451416016, 83.2466659546, 142.650665283, 98.2355194092, 105.696617126, 66.5872802734, 25.2899913788, 14.082903862, 3.9046318531, 13.8234920502, 1.25523865223, 0.193585559726, 0.00464341649786, 0.00127340317704, 0.000121136246889], "min": [1.53648281289e-22, 3.52288367094e-22, 2.04558433336e-21, 3.97453175748e-21, 1.10093013938e-20, 3.23996887791e-20, 6.80949362044e-20, 6.07556275855e-20, 1.8364142429e-19, 1.30456644809e-19, 2.00711188034e-19, 4.36602315821e-19, 4.78610321338e-19, 7.17749011909e-19, 6.95848061023e-19, 1.16138143236e-18, 1.15164665392e-18, 2.37688818733e-18, 2.48419729422e-18, 3.20446150388e-18, 3.34963232177e-18, 3.4809948069e-18, 4.97147749058e-18, 5.92724705167e-18, 6.49428846056e-18, 8.41767115475e-18, 8.7967159171e-18, 1.21546216994e-17, 1.11068924016e-17, 1.10518749647e-17, 8.91725433032e-18, 1.00582548596e-17, 8.45762480551e-18, 8.30946931318e-18, 5.86032731294e-18, 4.29825835108e-18, 2.23255840533e-18, 1.01521406863e-18, 2.46225586318e-19, 2.87048086921e-20], "median": [0.0243605170399, 0.169675558805, 0.783762931824, 1.12028002739, 1.52200520039, 3.11406564713, 5.43559741974, 6.39843511581, 5.87523794174, 6.10579919815, 8.52628040314, 9.48502922058, 9.96986675262, 8.93321609497, 8.36081695557, 9.58298206329, 8.87515926361, 11.0750007629, 11.1847553253, 9.8433713913, 6.8963637352, 6.09561872482, 5.80767869949, 5.98567962646, 5.82334709167, 4.43536615372, 4.28179359436, 4.63254213333, 5.17069387436, 5.39690589905, 4.05969715118, 2.14759731293, 1.33664810658, 0.827410340309, 0.497830510139, 0.227788388729, 0.063750423491, 0.0106164012104, 0.000845736183692, 9.39339734032e-05], "max": [1.03809332848, 13.1488494873, 41.9058799744, 74.636390686, 66.8578338623, 342.615631104, 499.480010986, 1019.19451904, 1139.12060547, 528.034362793, 895.010253906, 1760.43200684, 2113.43212891, 1799.29321289, 2573.49536133, 1720.29785156, 1109.83251953, 3510.01025391, 1742.25048828, 1227.5456543, 712.997131348, 1142.12304688, 1723.72412109, 471.880767822, 873.98626709, 198.143722534, 173.724685669, 148.753067017, 163.257827759, 215.922439575, 131.424240112, 76.7701034546, 93.8876876831, 90.6190872192, 47.5921554565, 17.5771446228, 4.32176446915, 0.777594387531, 0.294670552015, 0.101041339338]}, "silence_rate_30dB": {"dmean": 0.000196039996808, "dvar2": 0.00058794132201, "mean": 0.999902009964, "var": 9.79956239462e-05, "dmean2": 0.000392118410673, "dvar": 0.000195980916033, "min": 0, "median": 1, "max": 1}, "silence_rate_60dB": {"dmean": 0.0390119589865, "dvar2": 0.0874425470829, "mean": 0.111143782735, "var": 0.0987811386585, "dmean2": 0.0780315622687, "dvar": 0.0374923720956, "min": 0, "median": 0, "max": 1}, "spectral_energyband_middle_low": {"dmean": 0.0043320171535, "dvar2": 7.73067367845e-05, "mean": 0.0087738474831, "var": 8.0538498878e-05, "dmean2": 0.00635960418731, "dvar": 3.7779831473e-05, "min": 1.75383355603e-22, "median": 0.00594257656485, "max": 0.119123868644}, "spectral_spread": {"dmean": 765904.9375, "dvar2": 1815873978370.0, "mean": 6628996.5, "var": 13924396171300.0, "dmean2": 1141238.375, "dvar": 901409603584, "min": 1901833.625, "median": 6147816, "max": 43880688}, "barkbands": {"dmean": [0.000175206369022, 0.00279