{"tonal": {"hpcp": {"dvar": [0.0533749610186, 0.0371939837933, 0.0247009024024, 0.0168040301651, 0.021515481174, 0.0271019805223, 0.0320589244366, 0.0289611238986, 0.0277870912105, 0.0239952877164, 0.0281816832721, 0.0315266773105, 0.0351793132722, 0.0271155051887, 0.0217373557389, 0.021353688091, 0.0185343269259, 0.0198852829635, 0.0244576893747, 0.0314981713891, 0.0412156879902, 0.0508544780314, 0.0414200499654, 0.0372502915561, 0.0293311979622, 0.0260834302753, 0.0320372320712, 0.0374602340162, 0.0289677325636, 0.0244969893247, 0.0232434310019, 0.0281422901899, 0.0394387952983, 0.0487328134477, 0.0431999526918, 0.0480644218624], "var": [0.154455661774, 0.0583463720977, 0.0215282589197, 0.0141764422879, 0.0201197620481, 0.0408287495375, 0.0603646114469, 0.0348548032343, 0.0237410478294, 0.0205905772746, 0.0301794018596, 0.0599064491689, 0.0794057622552, 0.0387837439775, 0.0253558121622, 0.0357384160161, 0.0218461640179, 0.0176204498857, 0.0281260702759, 0.0376017205417, 0.0756614729762, 0.134339720011, 0.0711048468947, 0.034136261791, 0.0252545233816, 0.024833034724, 0.0516993366182, 0.107286222279, 0.0557149238884, 0.0203679017723, 0.0185302197933, 0.0229513626546, 0.0492044463754, 0.0701159387827, 0.0467723123729, 0.0853999108076], "median": [0.0951562523842, 0.0584378503263, 0.0143173374236, 0.0104327648878, 0.0102591952309, 0.0294736977667, 0.0399599298835, 0.0266724582762, 0.00758698536083, 0.00623972760513, 0.0126923760399, 0.0502210520208, 0.0729265958071, 0.0459080934525, 0.0242171362042, 0.013201774098, 0.00721923541278, 0.0104287145659, 0.0127862216905, 0.0315388254821, 0.183147147298, 0.287606328726, 0.157665938139, 0.0242337025702, 0.0135390581563, 0.013265687041, 0.0328099764884, 0.0430287532508, 0.0325710885227, 0.0127099882811, 0.00704948790371, 0.0121009126306, 0.0494604669511, 0.0770028978586, 0.0631444379687, 0.0862513333559], "max": [1, 1, 1, 1, 1, 1, 1, 1, 1, 1, 1, 1, 1, 1, 1, 1, 1, 1, 1, 1, 1, 1, 1, 1, 1, 1, 1, 1, 1, 1, 1, 1, 1, 1, 1, 1], "dmean": [0.142593339086, 0.123195178807, 0.0718866959214, 0.0539097264409, 0.0647001415491, 0.0905539095402, 0.102895446122, 0.0898409858346, 0.0708076134324, 0.0651836320758, 0.0791148990393, 0.108135960996, 0.118467442691, 0.095618121326, 0.0734950900078, 0.0622476413846, 0.0562350340188, 0.0612483695149, 0.0756634324789, 0.106017626822, 0.168341770768, 0.174295574427, 0.156332731247, 0.109230987728, 0.0826991796494, 0.0782190412283, 0.104689329863, 0.108483545482, 0.0969878137112, 0.0714880004525, 0.0624833479524, 0.0742324739695, 0.118910983205, 0.143206462264, 0.137520372868, 0.156104102731], "dmean2": [0.241347208619, 0.212030529976, 0.128437399864, 0.0955825448036, 0.115464121103, 0.15434423089, 0.171230077744, 0.154516175389, 0.125689283013, 0.118265397847, 0.136907830834, 0.181458190084, 0.194341823459, 0.160129204392, 0.127753093839, 0.108911119401, 0.0986996889114, 0.108671486378, 0.132220551372, 0.18348903954, 0.282324045897, 0.289114654064, 0.268258333206, 0.19316726923, 0.147833362222, 0.138997450471, 0.177406430244, 0.185360223055, 0.166620194912, 0.127795264125, 0.112618379295, 0.133452370763, 0.204146265984, 0.243156149983, 0.241360142827, 0.269176006317], "mean": [0.328945040703, 0.185454964638, 0.063020400703, 0.0482523478568, 0.0591170527041, 0.116668380797, 0.156301498413, 0.107267357409, 0.0587546676397, 0.0538907311857, 0.0776140764356, 0.162448972464, 0.206020414829, 0.132479563355, 0.0823390260339, 0.0790994167328, 0.0580016896129, 0.0579647682607, 0.0804735645652, 0.11316242069, 0.281974256039, 0.411159873009, 0.254619061947, 0.0979926660657, 0.0727453380823, 0.0710823610425, 0.143756210804, 0.216221824288, 0.147194981575, 0.062612131238, 0.0506301485002, 0.0640691369772, 0.145599365234, 0.192267730832, 0.149179130793, 0.24419207871], "dvar2": [0.124562896788, 0.0962034985423, 0.0660552307963, 0.0446426160634, 0.0583942309022, 0.0701685547829, 0.0799360945821, 0.0752072930336, 0.0741067230701, 0.0658976733685, 0.0747979357839, 0.0819370746613, 0.0855132862926, 0.0679623037577, 0.0555929802358, 0.0537150576711, 0.049507252872, 0.0541912764311, 0.0653436928988, 0.0824425294995, 0.102971173823, 0.118258446455, 0.105040751398, 0.0985625907779, 0.0794813483953, 0.0712316259742, 0.0818350762129, 0.090329349041, 0.0766333639622, 0.0668959468603, 0.0647228956223, 0.0783358886838, 0.105241924524, 0.124918758869, 0.117196708918, 0.123671799898], "min": [0, 0, 0, 0, 0, 0, 0, 0, 0, 0, 0, 0, 0, 0, 0, 0, 0, 0, 0, 0, 0, 0, 0, 0, 0, 0, 0, 0, 0, 0, 0, 0, 0, 0, 0, 0]}, "key_key": "A", "thpcp": [1, 0.619270205498, 0.238332271576, 0.176927134395, 0.172882542014, 0.34963580966, 0.525882601738, 0.357999384403, 0.152281716466, 0.123139806092, 0.155825361609, 0.354118615389, 0.46762278676, 0.362825125456, 0.59391027689, 0.800041675568, 0.45105317235, 0.153274685144, 0.117356657982, 0.14378118515, 0.28375428915, 0.380147755146, 0.260889649391, 0.142899811268, 0.131070017815, 0.188768610358, 0.395099282265, 0.501071333885, 0.322209358215, 0.20026037097, 0.192381173372, 0.141068458557, 0.14097866416, 0.195723295212, 0.275227308273, 0.68580198288], "chords_key": "A", "tuning_equal_tempered_deviation": 0.042850907892, "tuning_frequency": 437.971466064, "tuning_diatonic_strength": 0.7061881423, "chords_histogram": [54.6535758972, 8.28771018982, 7.62695884705, 0.943930506706, 1.51028883457, 0.0943930521607, 1.83122527599, 0.283179163933, 0, 0.471965253353, 1.51028883457, 0.811780273914, 0, 0, 0, 0.207664713264, 0, 1.73683214188, 0, 0.0755144432187, 0, 0.396450817585, 3.19048523903, 16.3677558899], "key_strength": 0.904619634151, "key_scale": "major", "chords_strength": {"dvar": 6.74108887324e-05, "var": 0.0100275194272, "median": 0.559198260307, "max": 0.793113648891, "dmean": 0.0100398175418, "dmean2": 0.00889593642205, "mean": 0.550841748714, "dvar2": 6.37415287201e-05, "min": 0.267718017101}, "chords_number_rate": 0.00169907498639, "tuning_nontempered_energy_ratio": 0.67518055439, "hpcp_entropy": {"dvar": 0.27546402812, "var": 0.531657934189, "median": 1.7804800272, "max": 4.35526418686, "dmean": 0.59046214819, "dmean2": 0.989726543427, "mean": 1.78637969494, "dvar2": 0.71387475729, "min": 0}, "chords_changes_rate": 0.0502171032131, "chords_scale": "major"}, "rhythm": {"bpm_histogram_first_peak_spread": {"dvar": 0, "var": 0, "median": 0.52450978756, "max": 0.52450978756, "dmean": 0, "dmean2": 0, "mean": 0.52450978756, "dvar2": 0, "min": 0.52450978756}, "bpm_histogram_first_peak_weight": {"dvar": 0, "var": 0, "median": 0.45539906621, "max": 0.45539906621, "dmean": 0, "dmean2": 0, "mean": 0.45539906621, "dvar2": 0, "min": 0.45539906621}, "bpm_histogram_first_peak_bpm": {"dvar": 0, "var": 0, "median": 105, "max": 105, "dmean": 0, "dmean2": 0, "mean": 105, "dvar2": 0, "min": 105}, "bpm": 104.857666016, "bpm_histogram_second_peak_weight": {"dvar": 0, "var": 0, "median": 0.0187793429941, "max": 0.0187793429941, "dmean": 0, "dmean2": 0, "mean": 0.0187793429941, "dvar2": 0, "min": 0.0187793429941}, "beats_loudness": {"dvar": 0.000289225863526, "var": 0.00043351657223, "median": 0.0194243006408, "max": 0.136284351349, "dmean": 0.0185818523169, "dmean2": 0.0342742986977, "mean": 0.0238125305623, "dvar2": 0.000750741339289, "min": 2.41596637807e-07}, "beats_loudness_band_ratio": {"dvar": [0.0313880778849, 0.0553841516376, 0.0303287096322, 0.032816670835, 0.00663427077234, 0.0166816115379], "var": [0.0591320171952, 0.0595462098718, 0.0342101566494, 0.0300184506923, 0.00657778652385, 0.0103948544711], "median": [0.413617193699, 0.187170639634, 0.0807342007756, 0.0680352821946, 0.0277086142451, 0.0359636060894], "max": [0.959804177284, 0.895255923271, 0.854702293873, 0.9099573493, 0.589851677418, 0.872558176517], "dmean": [0.248266741633, 0.282939493656, 0.154875725508, 0.148137137294, 0.0622619427741, 0.0670793429017], "dmean2": [0.431987851858, 0.510166466236, 0.273961722851, 0.275033056736, 0.114001907408, 0.124083518982], "mean": [0.41164213419, 0.279941171408, 0.160282835364, 0.14040607214, 0.0579593405128, 0.0592077001929], "dvar2": [0.0959601402283, 0.151603892446, 0.0869888067245, 0.0992230698466, 0.0187745168805, 0.0498212166131], "min": [0.000373958639102, 0.00288996519521, 0.00337215559557, 0.00173584173899, 0.000314944336424, 0.00016425269132]}, "bpm_histogram_second_peak_bpm": {"dvar": 0, "var": 0, "median": 98, "max": 98, "dmean": 0, "dmean2": 0, "mean": 98, "dvar2": 0, "min": 98}, "onset_rate": 3.36237120628, "beats_count": 427, "beats_position": [0.603718817234, 1.21904754639, 1.83437633514, 2.4497051239, 3.04181408882, 3.62231278419, 4.20281171799, 4.78331041336, 5.36380958557, 5.94430828094, 6.51319694519, 7.08208608627, 7.66258478165, 8.24308395386, 8.82358264923, 9.4040813446, 9.97297000885, 10.5418596268, 11.0991382599, 11.6680269241, 12.2369155884, 12.8058052063, 13.3746938705, 13.9319725037, 14.4892511368, 15.0697498322, 15.6270294189, 16.1959171295, 16.7648067474, 17.3336963654, 17.9025840759, 18.483083725, 19.0519733429, 19.5976409912, 20.154920578, 20.7121982574, 21.2694778442, 21.826757431, 22.3840351105, 22.9529247284, 23.5218143463, 24.0907020569, 24.6595916748, 25.3213596344, 25.9947395325, 26.6565074921, 27.2834453583, 27.9103851318, 28.537322998, 29.1410427094, 29.7563705444, 30.3717002869, 30.9870281219, 31.5559177399, 32.1364173889, 32.7285270691, 33.3206329346, 33.901134491, 34.4816322327, 35.0621299744, 35.6426315308, 36.211517334, 36.7920188904, 37.3841247559, 37.976234436, 38.5683441162, 39.1256217957, 39.6829032898, 40.251789093, 40.8322906494, 41.4127883911, 42.0048980713, 42.5737876892, 43.1426734924, 43.7115631104, 44.2804527283, 44.8377304077, 45.3950119019, 45.9522895813, 46.532787323, 47.1016769409, 47.6705665588, 48.2394561768, 48.80834198, 49.3656234741, 49.934513092, 50.4917907715, 51.0606803894, 51.6179580688, 52.1868476868, 52.7557373047, 53.3362350464, 53.9051246643, 54.4624023438, 55.0196800232, 55.5885696411, 56.1458511353, 56.726348877, 57.3068466187, 57.8873443604, 58.4794540405, 59.0715637207, 59.6520614624, 60.2325630188, 60.801448822, 61.3703384399, 61.9392280579, 62.5081176758, 63.0886154175, 63.6575050354, 64.2263946533, 64.806892395, 65.3873901367, 65.9794998169, 66.5716094971, 67.1521072388, 67.7326049805, 68.3131027222, 68.8819961548, 69.450881958, 70.0081634521, 70.5886611938, 71.1691589355, 71.7496566772, 72.3301544189, 72.8874359131, 73.4679336548, 74.0484313965, 74.6173248291, 75.1745986938, 75.7434921265, 76.3007659912, 76.8580474854, 77.426940918, 77.9958267212, 78.5647125244, 79.133605957, 79.7024917603, 80.2713851929, 80.8518829346, 81.4207687378, 81.9896621704, 82.5701599121, 83.1390457153, 83.7079315186, 84.2768249512, 84.8457107544, 85.4262084961, 86.0067138672, 86.5872116089, 87.1560974121, 87.7365951538, 88.3170928955, 88.8859863281, 89.4664840698, 90.035369873, 90.6158676147, 91.1847610474, 91.7420425415, 92.3225402832, 92.8914260864, 93.460319519, 94.0175933838, 94.5864868164, 95.1553726196, 95.7358703613, 96.316368103, 96.8968658447, 97.4657592773, 98.0230331421, 98.5803146362, 99.1492080688, 99.7297058105, 100.298591614, 100.879089355, 101.447982788, 102.005256653, 102.574150085, 103.13142395, 103.700317383, 104.269203186, 104.838096619, 105.406982422, 105.987480164, 106.556373596, 107.136871338, 107.71736908, 108.297866821, 108.866752625, 109.447257996, 110.016143799, 110.596641541, 111.177139282, 111.757637024, 112.338134766, 112.918640137, 113.499137878, 114.068023682, 114.636917114, 115.229019165, 115.809524536, 116.401634216, 116.982131958, 117.574241638, 118.166343689, 118.770065308, 119.362174988, 119.942672729, 120.511566162, 121.092063904, 121.660949707, 122.22983551, 122.798728943, 123.367614746, 123.936508179, 124.505393982, 125.074279785, 125.643173218, 126.212059021, 126.792556763, 127.361450195, 127.941947937, 128.51083374, 129.079727173, 129.648620605, 130.217498779, 130.79800415, 131.378494263, 131.958999634, 132.527893066, 133.09677124, 133.665664673, 134.234558105, 134.803451538, 135.372329712, 135.952835083, 136.533325195, 137.125442505, 137.705932617, 138.286437988, 138.866943359, 139.447433472, 140.016326904, 140.596817017, 141.165710449, 141.734603882, 142.315093994, 142.895599365, 143.476104736, 144.068206787, 144.648712158, 145.229202271, 145.809707642, 146.378585815, 146.959091187, 147.516372681, 148.085250854, 148.665756226, 149.234649658, 149.803527832, 150.372421265, 150.929702759, 151.498596191, 152.067474365, 152.647979736, 153.228485107, 153.797363281, 154.377868652, 154.958358765, 155.527252197, 156.09614563, 156.665023804, 157.233917236, 157.802810669, 158.371704102, 158.940582275, 159.49786377, 160.043533325, 160.612426758, 161.181304932, 161.761810303, 162.330703735, 162.899581909, 163.468475342, 164.037368774, 164.606262207, 165.186752319, 165.76725769, 166.336135864, 166.905029297, 167.485534668, 168.06602478, 168.634918213, 169.203811646, 169.784301758, 170.341583252, 170.910476685, 171.479354858, 172.059860229, 172.640365601, 173.220855713, 173.801361084, 174.381851196, 174.962356567, 175.53125, 176.100128174, 176.669021606, 177.237915039, 177.795196533, 178.352462769, 178.921356201, 179.513473511, 180.093963623, 180.674468994, 181.254959106, 181.835464478, 182.40435791, 182.973236084, 183.553741455, 184.134231567, 184.703125, 185.272018433, 185.852508545, 186.433013916, 187.001907349, 187.559173584, 188.128067017, 188.708572388, 189.277450562, 189.846343994, 190.415237427, 190.995727539, 191.564620972, 192.121902466, 192.702392578, 193.271286011, 193.840179443, 194.397460938, 194.943130493, 195.488800049, 196.046066284, 196.603347778, 197.160629272, 197.741134644, 198.310012817, 198.87890625, 199.459411621, 200.039901733, 200.608795166, 201.177688599, 201.746566772, 202.315460205, 202.884353638, 203.453231812, 204.033737183, 204.614242554, 205.183120728, 205.75201416, 206.309295654, 206.889785767, 207.470291138, 208.050796509, 208.631286621, 209.188568115, 209.780670166, 210.361175537, 210.93006897, 211.487350464, 212.056228638, 212.62512207, 213.194015503, 213.762893677, 214.343399048, 214.91229248, 215.481170654, 216.050064087, 216.61895752, 217.187835693, 217.756729126, 218.337234497, 218.906112671, 219.475006104, 220.055511475, 220.636001587, 221.193283081, 221.762176514, 222.331054688, 222.89994812, 223.468841553, 224.026123047, 224.595001221, 225.163894653, 225.732788086, 226.30166626, 226.870559692, 227.439453125, 227.996734619, 228.554016113, 229.111282349, 229.680175781, 230.249069214, 230.817947388, 231.38684082, 231.955734253, 232.524627686, 233.081893921, 233.650787354, 234.219680786, 234.77696228, 235.357452393, 235.937957764, 236.518447876, 237.087341309, 237.656234741, 238.225112915, 238.794006348, 239.36289978, 239.931793213, 240.512283325, 241.092788696, 241.673278809, 242.25378418, 242.834274292, 243.426391602, 244.018493652, 244.598999023, 245.191101074], "danceability": 1.08252716064, "bpm_histogram_second_peak_spread": {"dvar": 0, "var": 0, "median": 0.272727280855, "max": 0.272727280855, "dmean": 0, "dmean2": 0, "mean": 0.272727280855, "dvar2": 0, "min": 0.272727280855}}, "lowlevel": {"spectral_flux": {"dvar": 0.00144869636279, "var": 0.00319471303374, "median": 0.0375124141574, "max": 0.422452777624, "dmean": 0.021507229656, "dmean2": 0.0324338674545, "mean": 0.0549286864698, "dvar2": 0.00301123713143, "min": 6.56302512336e-11}, "spectral_rolloff": {"dvar": 1055384.875, "var": 2688154.5, "median": 1076.66015625, "max": 19487.5488281, "dmean": 429.370513916, "dmean2": 697.429748535, "mean": 1416.0612793, "dvar2": 2125206.75, "min": 21.533203125}, "barkbands_flatness_db": {"dvar": 0.000616678094957, "var": 0.0035092132166, "median": 0.156707048416, "max": 0.403523504734, "dmean": 0.0233805794269, "dmean2": 0.0329101458192, "mean": 0.160526707768, "dvar2": 0.00136134389322, "min": 0.0253781173378}, "spectral_centroid": {"dvar": 109476.414063, "var": 507834.4375, "median": 893.454223633, "max": 11187.59375, "dmean": 204.970077515, "dmean2": 294.140594482, "mean": 1050.62573242, "dvar2": 185237.15625, "min": 193.629348755}, "melbands_skewness": {"dvar": 1.11579656601, "var": 3.44904208183, "median": 1.82960379124, "max": 15.1387805939, "dmean": 0.721343874931, "dmean2": 1.05665493011, "mean": 2.13377451897, "dvar2": 2.42663550377, "min": -2.43970346451}, "melbands": {"dvar": [3.77174700361e-07, 1.6087781205e-06, 4.15589465774e-06, 1.30835251184e-05, 2.90004777526e-07, 1.12837760469e-07, 1.21540097098e-07, 8.38203533249e-08, 1.94289015099e-07, 2.65476273853e-07, 5.96765445948e-08, 5.03702359822e-08, 3.88086647263e-08, 2.34578241276e-08, 3.43489432453e-08, 4.11792839827e-08, 1.75636269972e-08, 8.07953703941e-09, 1.87566517873e-09, 6.28339269504e-10, 1.80650314152e-10, 3.51043583091e-10, 5.39000122313e-10, 1.18244761205e-10, 1.15026550784e-10, 1.79987164062e-10, 3.28415974971e-11, 1.56927717349e-11, 6.23697144278e-12, 7.14876985733e-12, 1.45678157037e-11, 2.94141794255e-11, 1.60302344315e-11, 1.54008038961e-11, 1.66838730331e-11, 8.93744713654e-12, 6.06890102409e-12, 1.40186551603e-11, 9.24171676686e-12, 4.77204387117e-12], "var": [2.99635161127e-07, 1.32128127461e-06, 3.19462219522e-06, 8.82636868482e-06, 2.64821011342e-07, 1.46600086737e-07, 2.76204218608e-07, 3.69956580926e-07, 4.61538661511e-07, 9.56834242061e-07, 2.45563569479e-07, 1.39112088959e-07, 1.11867109354e-07, 7.10714616048e-08, 9.28113124132e-08, 1.70609439465e-07, 4.67709995178e-08, 1.60811275407e-08, 5.08896480511e-09, 1.18855403297e-09, 5.1062121198e-10, 7.4028561059e-10, 9.28824184232e-10, 3.40775102581e-10, 4.08915540318e-10, 4.49004777803e-10, 1.0745875717e-10, 3.2890391799e-11, 1.30389492606e-11, 1.46375429139e-11, 3.15077616775e-11, 6.67263744258e-11, 3.08666321669e-11, 3.02414066011e-11, 3.5649535407e-11, 1.79760008961e-11, 1.29943703367e-11, 1.89351364449e-11, 1.91419536472e-11, 9.57417565367e-12], "median": [5.20166104252e-05, 0.000240611887421, 0.000292722834274, 0.000206911427085, 8.33226877148e-05, 5.23643175256e-05, 2.85581700155e-05, 2.50460416282e-05, 2.48900814768e-05, 1.6349426005e-05, 1.57254671649e-05, 1.58663660841e-05, 1.38825507747e-05, 1.22176961668e-05, 9.22771596379e-06, 7.60917646403e-06, 6.2599665398e-06, 6.32106502962e-06, 3.35894856107e-06, 1.86325462437e-06, 1.33055800688e-06, 1.29325678699e-06, 1.75866512109e-06, 1.06402694655e-06, 8.34655395465e-07, 7.57381485528e-07, 4.18688671289e-07, 2.37386075241e-07, 1.93325305986e-07, 1.50872708105e-07, 1.45677859109e-07, 1.68881527429e-07, 1.43908550854e-07, 1.39860233617e-07, 1.0271744344e-07, 6.82997267631e-08, 5.20441609808e-08, 3.79457780753e-08, 3.56780489597e-08, 2.69044253542e-08], "max": [0.00774148153141, 0.0236434601247, 0.040146227926, 0.0427808649838, 0.00780701683834, 0.00729030324146, 0.0156164867803, 0.0109854815528, 0.0216575711966, 0.024944640696, 0.0189931672066, 0.00791579950601, 0.00817152112722, 0.00703438511118, 0.0056081241928, 0.00639102887362, 0.00418460089713, 0.0032786836382, 0.00167263345793, 0.000954177114181, 0.000590507115703, 0.000683825346641, 0.000749778409954, 0.000351333932485, 0.000571086886339, 0.00110941624735, 0.000324119144352, 0.000224264076678, 0.00011092161003, 0.000102545796835, 0.000155653746333, 0.000242882335442, 0.000204460302484, 0.000107630665298, 0.000119745098345, 8.92988609849e-05, 0.000107534411654, 0.000218086905079, 0.000116675415484, 7.94216612121e-05], "dmean": [0.000140266187373, 0.000335308170179, 0.000579511921387, 0.000718893832527, 0.000159812901984, 0.000103033744381, 8.91848249012e-05, 8.86456909939e-05, 0.000110488697828, 0.000102432721178, 5.23643975612e-05, 5.57771345484e-05, 5.15568644914e-05, 4.38980205217e-05, 4.07573897974e-05, 4.86166936753e-05, 3.53225295839e-05, 2.38821721723e-05, 9.65350955084e-06, 6.43455950922e-06, 4.30688714914e-06, 5.0023672884e-06, 6.74268949297e-06, 3.53150176124e-06, 2.68435178441e-06, 2.4100279461e-06, 1.53992095875e-06, 9.56065491664e-07, 7.66932998886e-07, 7.79858680744e-07, 9.72145471678e-07, 1.19375204122e-06, 9.0162569677e-07, 9.47252544847e-07, 9.47799321693e-07, 6.75977503306e-07, 5.84944643833e-07, 6.15503893187e-07, 6.20275272922e-07, 4.82238988297e-07], "dmean2": [0.000239580098423, 0.000593832868617, 0.00098698050715, 0.00125496718101, 0.000266940216534, 0.000165083562024, 0.000133113426273, 0.000126243961859, 0.000154889712576, 0.000145262834849, 7.2544979048e-05, 7.87782119005e-05, 7.46403311496e-05, 6.76725903759e-05, 6.07035181019e-05, 7.03399127815e-05, 5.26200565218e-05, 3.62318933185e-05, 1.41892287502e-05, 9.62557351158e-06, 6.59927627567e-06, 7.669347724e-06, 1.04664059108e-05, 5.40415931027e-06, 3.99656482841e-06, 3.45481589648e-06, 2.3031298042e-06, 1.45781086758e-06, 1.15973125503e-06, 1.17281638268e-06, 1.47312732679e-06, 1.75044692696e-06, 1.31275214699e-06, 1.38891653023e-06, 1.39136659527e-06, 1.00853071672e-06, 8.49677576298e-07, 8.99095084606e-07, 9.05674767182e-07, 6.85208362938e-07], "mean": [0.000158916926011, 0.000482516887132, 0.000718389172107, 0.00068945530802, 0.0002187047794, 0.000159057744895, 0.000153583096107, 0.000189626895008, 0.000218845569179, 0.00023087466252, 0.000118365700473, 0.000108136970084, 0.000103172766103, 8.92073730938e-05, 7.88849865785e-05, 0.00010540013318, 6.13377123955e-05, 3.90645036532e-05, 1.73571006599e-05, 1.10262317321e-05, 7.57984935262e-06, 8.60504314915e-06, 1.1503204405e-05, 6.74735565553e-06, 5.04342324348e-06, 4.53596612715e-06, 2.92829940918e-06, 1.61781588304e-06, 1.21803179809e-06, 1.15445379834e-06, 1.41398845699e-06, 1.83418217148e-06, 1.40289625961e-06, 1.42607962061e-06, 1.44524835832e-06, 1.01214766346e-06, 8.66765731189e-07, 8.63387356276e-07, 8.83515554051e-07, 6.67843039537e-07], "dvar2": [9.39700953495e-07, 4.42335385742e-06, 1.14354043035e-05, 3.64515981346e-05, 7.65304548622e-07, 2.82432836229e-07, 2.65935796051e-07, 1.4936827597e-07, 4.04163131407e-07, 5.45149532627e-07, 8.57921946817e-08, 1.07207441147e-07, 7.7541287169e-08, 5.57988819594e-08, 6.93372896876e-08, 8.37645188767e-08, 3.74250426205e-08, 1.74227992034e-08, 3.92542576222e-09, 1.42908895828e-09, 3.79361514424e-10, 7.10056347053e-10, 1.29455657305e-09, 2.47077136528e-10, 2.44416875628e-10, 3.65284136272e-10, 7.21222526145e-11, 3.30703624207e-11, 1.22433565022e-11, 1.53200906822e-11, 3.18632481511e-11, 6.04308686425e-11, 3.28355780066e-11, 3.27487308105e-11, 3.41916668589e-11, 1.93288128558e-11, 1.33344967013e-11, 3.51015813638e-11, 2.04136950399e-11, 1.00405517234e-11], "min": [5.1856603853e-24, 6.84559294055e-24, 1.76173623836e-24, 7.1980055059e-24, 2.52703189619e-24, 7.80493536485e-24, 6.03432956891e-24, 3.80384034775e-24, 2.34393373021e-24, 6.71625840627e-24, 3.53388228522e-24, 8.18650738471e-24, 8.48191055017e-24, 6.05753667345e-24, 5.97595543964e-24, 6.11324800273e-24, 1.37660819132e-23, 8.12073216243e-24, 4.45631430221e-24, 6.19220035756e-24, 6.51105083571e-24, 6.18445374348e-24, 7.63543361101e-24, 9.03336928799e-24, 7.59759353111e-24, 8.0145270299e-24, 1.0196412953e-23, 9.24703857505e-24, 1.05115155529e-23, 9.30260041519e-24, 9.70375748474e-24, 9.58537865072e-24, 8.87183424042e-24, 5.41130734192e-24, 6.29728412432e-24, 6.91069210903e-24, 8.91699179408e-24, 8.15832059571e-24, 1.00855890398e-23, 1.06571866077e-23]}, "spectral_decrease": {"dvar": 2.5107679485e-17, "var": 3.08000171689e-17, "median": -1.95326399499e-09, "max": 2.96515298279e-20, "dmean": 1.73050029861e-09, "dmean2": 2.79951373194e-09, "mean": -3.76034181571e-09, "dvar2": 6.72943986141e-17, "min": -5.74656731089e-08}, "barkbands_kurtosis": {"dvar": 44.5308380127, "var": 62.060256958, "median": 2.02791881561, "max": 130.129653931, "dmean": 3.24715852737, "dmean2": 5.20581912994, "mean": 4.59128952026, "dvar2": 116.872047424, "min": -1.92796039581}, "silence_rate_30dB": {"dvar": 0.00842365529388, "var": 0.00647128932178, "median": 1, "max": 1, "dmean": 0.0084969792515, "dmean2": 0.0169955622405, "mean": 0.99348628521, "dvar2": 0.0236945338547, "min": 0}, "gfcc": {"mean": [-82.8127822876, 105.672180176, -114.767196655, 12.4434089661, -56.9342727661, 14.5851488113, -40.2137794495, -0.22275917232, -30.6303596497, -5.56087255478, -19.603219986, -4.80367326736, -18.0785121918], "cov": [[13362.9423828, -1979.64428711, -205.958297729, 355.222167969, -378.324859619, 343.496856689, -320.554321289, 250.009933472, -251.997924805, 113.99786377, -88.0041275024, 158.457046509, -222.412078857], [-1979.64428711, 2292.13037109, -547.237792969, -290.899017334, 451.24810791, -232.608673096, 278.477539063, -160.703414917, 215.975784302, -191.841903687, 164.453323364, -143.65473938, 118.097900391], [-205.958297729, -547.237792969, 1482.00695801, 158.547317505, -129.537704468, 153.440841675, -152.994094849, 2.69073820114, -131.019287109, 152.469497681, -68.3676147461, 105.820953369, 16.6125164032], [355.222167969, -290.899017334, 158.547317505, 532.624328613, -61.8222770691, 43.0810508728, -68.8272476196, -23.1864013672, -29.6951141357, 20.8776702881, -7.46985626221, 12.6496829987, 48.3137702942], [-378.324859619, 451.24810791, -129.537704468, -61.8222770691, 473.986083984, -38.8692054749, 52.5915412903, 6.70222902298, 35.4580459595, -23.3639240265, 11.4254341125, -0.876145482063, 45.1771316528], [343.496856689, -232.608673096, 153.440841675, 43.0810508728, -38.8692054749, 234.239242554, 28.7849063873, 16.5298271179, -43.6830635071, 17.8168773651, -14.3594017029, 7.95312786102, -18.2132587433], [-320.554321289, 278.477539063, -152.994094849, -68.8272476196, 52.5915412903, 28.7849063873, 215.489593506, 16.0852565765, 23.8209991455, -47.3150367737, 36.4802818298, -24.7609786987, -5.10693788528], [250.009933472, -160.703414917, 2.69073820114, -23.1864013672, 6.70222902298, 16.5298271179, 16.0852565765, 142.530838013, 12.7477455139, 12.6187553406, -16.8501853943, 13.4018669128, -33.9423179626], [-251.997924805, 215.975784302, -131.019287109, -29.6951141357, 35.4580459595, -43.6830635071, 23.8209991455, 12.7477455139, 132.04649353, 7.9232749939, 19.4626216888, -34.3281707764, -7.10397434235], [113.99786377, -191.841903687, 152.469497681, 20.8776702881, -23.3639240265, 17.8168773651, -47.3150367737, 12.6187553406, 7.9232749939, 122.532821655, 2.2919960022, 5.58996152878, -22.6950721741], [-88.0041275024, 164.453323364, -68.3676147461, -7.46985626221, 11.4254341125, -14.3594017029, 36.4802818298, -16.8501853943, 19.4626216888, 2.2919960022, 94.7465209961, 8.36828613281, -4.78175401688], [158.457046509, -143.65473938, 105.820953369, 12.6496829987, -0.876145482063, 7.95312786102, -24.7609786987, 13.4018669128, -34.3281707764, 5.58996152878, 8.36828613281, 92.1950759888, 19.273065567], [-222.412078857, 118.097900391, 16.6125164032, 48.3137702942, 45.1771316528, -18.2132587433, -5.10693788528, -33.9423179626, -7.10397434235, -22.6950721741, -4.78175401688, 19.273065567, 105.488731384]], "icov": [[9.70836772467e-05, 2.3551259801e-05, 7.90662961663e-05, -5.25736431882e-05, 1.93305222638e-05, -0.000124589001643, 0.000142475735629, -0.00011598088895, 0.000128683357616, -2.75030834018e-05, -8.3067976675e-07, -0.00013066738029, 0.000156325913849], [2.3551259801e-05, 0.00145267508924, -0.000238920445554, 0.000527294992935, -0.000892312848009, 0.000704610662069, -0.000795914267655, 0.00104952091351, -0.00134274677839, 0.00160103884991, -0.00190255348571, 0.00180312502198, -0.00113922008313], [7.90662961663e-05, -0.000238920445554, 0.00112120492849, -0.000239244385739, 0.000290041789412, -0.000662495556753, 0.000466263911221, -0.000153678149218, 0.000868073839229, -0.00144864874892, 0.000909269205295, -0.0012509879889, 0.000118282368931], [-5.25736431882e-05, 0.000527294992935, -0.000239244385739, 0.00240171561018, -8.71362935868e-05, -0.000125779290101, 0.000283061875962, 0.00039326219121, -0.000424112891778, 0.000495732179843, -0.00111410673708, 0.00117422454059, -0.00179457943887], [1.93305222638e-05, -0.000892312848009, 0.000290041789412, -8.71362935868e-05, 0.00294862408191, -0.000291278789518, 9.97436873149e-05, -0.00098576315213, 0.000489860656671, -0.00110673892777, 0.00116833276115, -0.00127094599884, -0.000511428050231], [-0.000124589001643, 0.000704610662069, -0.000662495556753, -0.000125779290101, -0.000291278789518, 0.00586231099442, -0.00220551714301, 0.000417544797529, 0.000620395585429, 0.000200674068765, -0.000205033880775, 0.00113572075497, 0.000143064811709], [0.000142475735629, -0.000795914267655, 0.000466263911221, 0.000283061875962, 9.97436873149e-05, -0.00220551714301, 0.00737446593121, -0.00205244356766, 0.000585192698054, 0.00143626693171, -0.00186756940093, 0.000625493063126, 0.000410953216488], [-0.00011598088895, 0.00104952091351, -0.000153678149218, 0.00039326219121, -0.00098576315213, 0.000417544797529, -0.00205244356766, 0.00978724379092, -0.00275466125458, 0.000475217791973, 0.00152546982281, -0.00172984681558, 0.0022705742158], [0.000128683357616, -0.00134274677839, 0.000868073839229, -0.000424112891778, 0.000489860656671, 0.000620395585429, 0.000585192698054, -0.00275466125458, 0.0117089962587, -0.00343847973272, -7.93832077761e-05, 0.00170617352705, 0.000604850065429], [-2.75030834018e-05, 0.00160103884991, -0.00144864874892, 0.000495732179843, -0.00110673892777, 0.000200674068765, 0.00143626693171, 0.000475217791973, -0.00343847973272, 0.013005704619, -0.00390752125531, 0.00254271854647, 0.00080658425577], [-8.3067976675e-07, -0.00190255348571, 0.000909269205295, -0.00111410673708, 0.00116833276115, -0.000205033880775, -0.00186756940093, 0.00152546982281, -7.93832077761e-05, -0.00390752125531, 0.0161028224975, -0.00652075046673, 0.00343522592448], [-0.00013066738029, 0.00180312502198, -0.0012509879889, 0.00117422454059, -0.00127094599884, 0.00113572075497, 0.000625493063126, -0.00172984681558, 0.00170617352705, 0.00254271854647, -0.00652075046673, 0.0176411103457, -0.00527758104727], [0.000156325913849, -0.00113922008313, 0.000118282368931, -0.00179457943887, -0.000511428050231, 0.000143064811709, 0.000410953216488, 0.0022705742158, 0.000604850065429, 0.00080658425577, 0.00343522592448, -0.00527758104727, 0.0142163801938]]}, "silence_rate_20dB": {"dvar": 0, "var": 0, "median": 1, "max": 1, "dmean": 0, "dmean2": 0, "mean": 1, "dvar2": 0, "min": 1}, "barkbands_skewness": {"dvar": 0.56499683857, "var": 1.84441947937, "median": 1.19255983829, "max": 9.50869560242, "dmean": 0.571173071861, "dmean2": 0.843794822693, "mean": 1.32589280605, "dvar2": 1.26675319672, "min": -4.44998121262}, "erbbands_skewness": {"dvar": 0.187926217914, "var": 0.920410871506, "median": 0.381440460682, "max": 5.9562702179, "dmean": 0.398437649012, "dmean2": 0.587909042835, "mean": 0.404031544924, "dvar2": 0.382374942303, "min": -4.44453001022}, "spectral_contrast_valleys": {"dvar": [0.177846252918, 0.136557489634, 0.109049059451, 0.110253155231, 0.144861370325, 0.298212736845], "var": [1.49199795723, 1.16828012466, 1.18827164173, 1.27358615398, 1.57110381126, 2.43613004684], "median": [-7.80720472336, -7.38648843765, -7.83341693878, -8.43434524536, -8.72857093811, -11.12449646], "max": [-5.19119596481, -4.7713136673, -4.86185646057, -5.24862384796, -5.84099149704, -7.36051416397], "dmean": [0.420006066561, 0.357845693827, 0.315474182367, 0.297966957092, 0.300820052624, 0.435009092093], "dmean2": [0.661920785904, 0.564864337444, 0.48825570941, 0.452128201723, 0.4088088274, 0.495299339294], "mean": [-8.09821891785, -7.53333187103, -7.96875286102, -8.58214855194, -8.86674118042, -11.1705656052], "dvar2": [0.380413025618, 0.297690719366, 0.220941275358, 0.207781106234, 0.245145559311, 0.446128815413], "min": [-27.048833847, -27.0140724182, -27.1687850952, -27.2641162872, -27.2629871368, -27.4527816772]}, "spectral_strongpeak": {"dvar": 0.777441382408, "var": 2.82887458801, "median": 0.345968425274, "max": 12.2622823715, "dmean": 0.487577050924, "dmean2": 0.793351471424, "mean": 1.11705601215, "dvar2": 1.85863900185, "min": 0}, "erbbands_crest": {"dvar": 6.40819644928, "var": 23.1432628632, "median": 8.88558673859, "max": 32.2554664612, "dmean": 2.54774451256, "dmean2": 4.01683855057, "mean": 10.1103343964, "dvar2": 15.3957977295, "min": 2.19070339203}, "barkbands_crest": {"dvar": 5.83123397827, "var": 16.7975788116, "median": 9.17676448822, "max": 24.7116413116, "dmean": 2.36003112793, "dmean2": 3.74768972397, "mean": 9.98531341553, "dvar2": 14.108953476, "min": 2.41907167435}, "spectral_energyband_middle_low": {"dvar": 0.000297141406918, "var": 0.000279517495073, "median": 0.00393902556971, "max": 0.203201189637, "dmean": 0.00507616437972, "dmean2": 0.00826485734433, "mean": 0.00857775844634, "dvar2": 0.00080482440535, "min": 1.79594421333e-22}, "spectral_contrast_coeffs": {"dvar": [0.001864814898, 0.00157114223111, 0.0010717632249, 0.000747702433728, 0.000472574174637, 0.00037197623169], "var": [0.00623244559392, 0.00822018925101, 0.00736444350332, 0.00533061195165, 0.00350774684921, 0.00206914707087], "median": [-0.625984191895, -0.72870528698, -0.766547083855, -0.767017543316, -0.79087972641, -0.797868490219], "max": [-0.209833741188, -0.336335092783, -0.3790538311, -0.430710345507, -0.514377355576, -0.603960514069], "dmean": [0.0454085469246, 0.042795099318, 0.0351241752505, 0.0300484914333, 0.0228031594306, 0.0190743431449], "dmean2": [0.0730984807014, 0.0679968968034, 0.0547666065395, 0.0469654388726, 0.0350508242846, 0.0280210897326], "mean": [-0.621639966965, -0.716290056705, -0.748832762241, -0.754019021988, -0.78147560358, -0.791611909866], "dvar2": [0.00457784719765, 0.00366235035472, 0.00232182117179, 0.00164630403742, 0.000972575158812, 0.00074534129817], "min": [-0.963981568813, -0.972338199615, -0.980247497559, -0.961455881596, -0.96507614851, -0.962759554386]}, "hfc": {"dvar": 84.4468841553, "var": 373.522369385, "median": 5.39951848984, "max": 192.200271606, "dmean": 4.46787595749, "dmean2": 6.21161603928, "mean": 13.2976112366, "dvar2": 172.75894165, "min": 1.19879858341e-16}, "spectral_energyband_high": {"dvar": 5.79856703098e-07, "var": 1.68907877196e-06, "median": 5.06571050209e-05, "max": 0.0238648280501, "dmean": 0.000236347346799, "dmean2": 0.000313454132993, "mean": 0.000416055117967, "dvar2": 1.03613353986e-06, "min": 7.94696163611e-21}, "erbbands_spread": {"dvar": 125.20854187, "var": 423.063110352, "median": 25.6808490753, "max": 155.650253296, "dmean": 7.96103334427, "dmean2": 11.4817323685, "mean": 30.8591957092, "dvar2": 260.644683838, "min": 1.98524081707}, "dissonance": {"dvar": 0.000664539576974, "var": 0.00213711406104, "median": 0.455676287413, "max": 0.500000059605, "dmean": 0.0250189974904, "dmean2": 0.0415597595274, "mean": 0.442497313023, "dvar2": 0.00174358393997, "min": 0.183957904577}, "spectral_kurtosis": {"dvar": 23.2997341156, "var": 69.9558105469, "median": 6.31971168518, "max": 100.691230774, "dmean": 3.28243637085, "dmean2": 5.24657154083, "mean": 8.44961738586, "dvar2": 61.4041213989, "min": -1.27007222176}, "spectral_skewness": {"dvar": 0.149475887418, "var": 0.72675216198, "median": 2.00585842133, "max": 7.95874834061, "dmean": 0.340163111687, "dmean2": 0.520010709763, "mean": 2.09403681755, "dvar2": 0.354908078909, "min": -0.184117689729}, "pitch_salience": {"dvar": 0.00374911515974, "var": 0.011171983555, "median": 0.579577744007, "max": 0.881638467312, "dmean": 0.0621882602572, "dmean2": 0.0992962643504, "mean": 0.571412026882, "dvar2": 0.00967612490058, "min": 0.156562417746}, "spectral_complexity": {"dvar": 6.34779214859, "var": 51.8718681335, "median": 10, "max": 46, "dmean": 2.04569482803, "dmean2": 3.1568312645, "mean": 10.9252338409, "dvar2": 12.8013153076, "min": 0}, "spectral_spread": {"dvar": 1340679782400.0, "var": 5718796664830.0, "median": 3806552.75, "max": 41819896, "dmean": 829640.5, "dmean2": 1047111.5, "mean": 4469433, "dvar2": 2173914447870.0, "min": 809510.5625}, "dynamic_complexity": 6.00137472153, "melbands_crest": {"dvar": 8.10379219055, "var": 24.505399704, "median": 12.8444871902, "max": 33.2470474243, "dmean": 2.8673760891, "dmean2": 4.60560464859, "mean": 13.541144371, "dvar2": 20.3906993866, "min": 1.78844976425}, "zerocrossingrate": {"dvar": 0.000321033468936, "var": 0.00210760813206, "median": 0.04833984375, "max": 0.513671875, "dmean": 0.0118785295635, "dmean2": 0.0129286423326, "mean": 0.058280903846, "dvar2": 0.00032949593151, "min": 0.00390625}, "spectral_energyband_low": {"dvar": 4.41841511929e-05, "var": 3.73402072e-05, "median": 0.00129990233108, "max": 0.123345591128, "dmean": 0.00177472934593, "dmean2": 0.00303887436166, "mean": 0.00248381518759, "dvar2": 0.000116854447697, "min": 3.69986145958e-23}, "melbands_kurtosis": {"dvar": 422.751464844, "var": 535.309997559, "median": 4.88383769989, "max": 335.406768799, "dmean": 7.80039978027, "dmean2": 12.2936267853, "mean": 11.9289121628, "dvar2": 1075.50305176, "min": -1.8996360302}, "spectral_energyband_middle_high": {"dvar": 1.38463565236e-05, "var": 8.32915611682e-05, "median": 0.00116883800365, "max": 0.119088336825, "dmean": 0.00142539117951, "dmean2": 0.00205005821772, "mean": 0.00467923423275, "dvar2": 2.76125174423e-05, "min": 1.35130171649e-21}, "barkbands_spread": {"dvar": 65.8235015869, "var": 187.598312378, "median": 13.7442655563, "max": 131.075424194, "dmean": 5.25085687637, "dmean2": 7.80361366272, "mean": 17.6791954041, "dvar2": 136.921401978, "min": 0.997131764889}, "mfcc": {"mean": [-727.392150879, 140.422866821, 0.863962054253, 5.16585111618, 2.30111694336, 6.79567575455, 0.576408922672, 2.96968841553, -8.17994308472, -3.48596358299, 0.037535417825, -7.55029344559, -7.02175283432], "cov": [[11203.7880859, -1322.67858887, -567.506774902, 128.668411255, -97.3286209106, 35.4164161682, -62.7493972778, 154.607391357, -171.41003418, -11.2069272995, 126.114906311, 7.40271997452, -102.578735352], [-1322.67858887, 2093.17700195, -524.261108398, -83.107711792, 107.495513916, -19.1829395294, 57.9176673889, 69.9814834595, 29.2817955017, -2.68844819069, 39.4677124023, 30.0903091431, 27.6736240387], [-567.506774902, -524.261108398, 1307.42150879, 62.7947998047, 17.8024272919, 94.9169006348, 18.8908920288, -110.530685425, -0.87163990736, -26.8606929779, -75.814491272, -10.8222494125, 58.1141014099], [128.668411255, -83.107711792, 62.7947998047, 354.317108154, 91.0495605469, 23.098072052, -7.86245346069, -26.1392555237, 16.9710578918, -21.5333900452, -29.6182174683, -5.44876813889, 33.879825592], [-97.3286209106, 107.495513916, 17.8024272919, 91.0495605469, 292.649108887, 37.6572303772, 14.1423196793, -31.3450984955, 53.5003547668, -26.8771209717, -28.4490337372, 14.3569498062, 20.4025745392], [35.4164161682, -19.1829395294, 94.9169006348, 23.098072052, 37.6572303772, 174.735702515, 54.6900863647, -6.17946386337, 0.954173207283, 7.1754193306, -12.1823358536, 1.26181197166, 0.961680531502], [-62.7493972778, 57.9176673889, 18.8908920288, -7.86245346069, 14.1423196793, 54.6900863647, 167.099456787, 49.4665679932, 15.5233650208, -4.5603094101, -9.82540988922, 16.0640640259, -5.26271677017], [154.607391357, 69.9814834595, -110.530685425, -26.1392555237, -31.3450984955, -6.17946386337, 49.4665679932, 155.129608154, 16.7086029053, 0.894511520863, 21.0040779114, 2.04901838303, -3.69878792763], [-171.41003418, 29.2817955017, -0.87163990736, 16.9710578918, 53.5003547668, 0.954173207283, 15.5233650208, 16.7086029053, 119.977302551, 8.05651855469, -26.6551990509, 6.18824863434, 2.80189347267], [-11.2069272995, -2.68844819069, -26.8606929779, -21.5333900452, -26.8771209717, 7.1754193306, -4.5603094101, 0.894511520863, 8.05651855469, 117.824501038, 48.9747200012, -7.90483617783, -13.8533649445], [126.114906311, 39.4677124023, -75.814491272, -29.6182174683, -28.4490337372, -12.1823358536, -9.82540988922, 21.0040779114, -26.6551990509, 48.9747200012, 136.378051758, 29.7424259186, -18.9563961029], [7.40271997452, 30.0903091431, -10.8222494125, -5.44876813889, 14.3569498062, 1.26181197166, 16.0640640259, 2.04901838303, 6.18824863434, -7.90483617783, 29.7424259186, 99.925994873, 17.2669868469], [-102.578735352, 27.6736240387, 58.1141014099, 33.879825592, 20.4025745392, 0.961680531502, -5.26271677017, -3.69878792763, 2.80189347267, -13.8533649445, -18.9563961029, 17.2669868469, 96.4009017944]], "icov": [[0.000109