{"tonal": {"chords_key": "A#", "hpcp_entropy": {"dmean": 0.488044053316, "dmean2": 0.820700824261, "max": 4.24849510193, "dvar": 0.21345949173, "mean": 1.53908360004, "dvar2": 0.532437682152, "min": 0, "var": 0.536977648735, "median": 1.61821162701}, "key_key": "C#", "chords_strength": {"dmean": 0.00802801642567, "dmean2": 0.00606289831921, "max": 0.78955578804, "dvar": 5.07660079165e-05, "mean": 0.539374411106, "dvar2": 3.93742266169e-05, "min": 0.207075223327, "var": 0.0109546976164, "median": 0.547506451607}, "key_scale": "major", "chords_number_rate": 0.00300480774604, "thpcp": [1, 0.547806203365, 0.104962848127, 0.0987635627389, 0.134095966816, 0.335662096739, 0.490167379379, 0.306118369102, 0.304423362017, 0.49723392725, 0.291633665562, 0.0412109494209, 0.0280443280935, 0.0386427231133, 0.134421467781, 0.235639601946, 0.171068936586, 0.0994567796588, 0.104121312499, 0.0855743661523, 0.213578283787, 0.48040252924, 0.367400437593, 0.0917272865772, 0.0547932311893, 0.0532223880291, 0.0935271903872, 0.165643855929, 0.181570917368, 0.389879584312, 0.619609415531, 0.382524996996, 0.105754010379, 0.082226164639, 0.132961794734, 0.600395917892], "key_strength": 0.577110767365, "tuning_nontempered_energy_ratio": 0.68025624752, "tuning_frequency": 441.527557373, "chords_changes_rate": 0.0369591340423, "tuning_diatonic_strength": 0.512366235256, "chords_scale": "minor", "chords_histogram": [15.0240383148, 5.49879789352, 18.6899032593, 0.841346144676, 3.30528855324, 0.150240391493, 0, 0, 4.89783668518, 1.20192313194, 5.40865373611, 0, 0, 0, 0, 0.150240391493, 0, 4.47716331482, 0, 0, 0, 0.600961565971, 1.3221154213, 38.4314918518], "tuning_equal_tempered_deviation": 0.0401896238327, "hpcp": {"dmean": [0.0418983697891, 0.0564959160984, 0.102270230651, 0.107827089727, 0.0989231839776, 0.0508583560586, 0.0454296953976, 0.0550006404519, 0.0850048586726, 0.0874343365431, 0.0738079473376, 0.0778155401349, 0.0847294554114, 0.0585217811167, 0.0214544516057, 0.0154181821272, 0.0205908901989, 0.0378640852869, 0.0458304435015, 0.0456636622548, 0.0421796143055, 0.0320422612131, 0.0394039675593, 0.0686324387789, 0.101418972015, 0.0824543014169, 0.0394516550004, 0.0251364056021, 0.0244120471179, 0.038021761924, 0.0492841266096, 0.0658497288823, 0.112773254514, 0.125658214092, 0.102153517306, 0.0555619671941], "dmean2": [0.0748631581664, 0.0988097414374, 0.172980204225, 0.188188746572, 0.167848020792, 0.0886379927397, 0.0809756666422, 0.0930062010884, 0.142797678709, 0.145495042205, 0.125523999333, 0.130651026964, 0.139388427138, 0.0972662121058, 0.038392148912, 0.0276876762509, 0.0363450683653, 0.0616594254971, 0.077396415174, 0.0743332207203, 0.0750816985965, 0.0555819571018, 0.0712805911899, 0.119177736342, 0.164192557335, 0.135824352503, 0.070425145328, 0.045440800488, 0.0440447069705, 0.0682013109326, 0.0864180102944, 0.11499363184, 0.194116145372, 0.211410149932, 0.170419275761, 0.099877640605], "max": [1, 1, 1, 1, 1, 1, 1, 1, 1, 1, 1, 1, 1, 1, 1, 1, 1, 1, 1, 1, 1, 1, 1, 1, 1, 1, 1, 1, 1, 1, 1, 1, 1, 1, 1, 1], "dvar": [0.0184511821717, 0.0219857338816, 0.0279605332762, 0.0477572716773, 0.0272531360388, 0.0160672161728, 0.0221752543002, 0.0192580893636, 0.0301896072924, 0.0303803570569, 0.021658860147, 0.021626316011, 0.0300035141408, 0.0148951932788, 0.00690007535741, 0.00456314440817, 0.00632224325091, 0.0121086388826, 0.0160231273621, 0.0124658402056, 0.0203368142247, 0.0132066635415, 0.0164651181549, 0.0194270499051, 0.0273126102984, 0.0191098954529, 0.0101374527439, 0.00936433020979, 0.00911853089929, 0.0170519091189, 0.0199950765818, 0.0203647501767, 0.0348361469805, 0.0421538166702, 0.0300116501749, 0.0194029901177], "mean": [0.0354028716683, 0.0572473406792, 0.258503347635, 0.430554807186, 0.235860586166, 0.0451922602952, 0.0425231270492, 0.0577356629074, 0.144520923495, 0.211043924093, 0.131800740957, 0.131070941687, 0.214086458087, 0.125564277172, 0.0177435725927, 0.012074620463, 0.0166378095746, 0.0578758120537, 0.101455762982, 0.0736545547843, 0.0428215935826, 0.0448299311101, 0.0368444547057, 0.0919571593404, 0.206839621067, 0.158186018467, 0.039493624121, 0.0235914885998, 0.0229151546955, 0.0402685813606, 0.0713187605143, 0.0781762301922, 0.167864531279, 0.266775816679, 0.16469797492, 0.0455328971148], "dvar2": [0.0479515604675, 0.0580914802849, 0.0735047310591, 0.118490442634, 0.0713510140777, 0.0424835793674, 0.0540482737124, 0.0490033887327, 0.0760079994798, 0.0710502713919, 0.0547067821026, 0.0575739219785, 0.0706029832363, 0.0388717651367, 0.019914932549, 0.0129280127585, 0.0166476424783, 0.030058760196, 0.0386122204363, 0.0318520925939, 0.0595992654562, 0.033310662955, 0.0476565919816, 0.0545911751688, 0.0659116432071, 0.0505032613873, 0.027800085023, 0.0256191026419, 0.024476531893, 0.0458074435592, 0.0529036261141, 0.0547348596156, 0.0955439507961, 0.10412414372, 0.0767424479127, 0.0516451783478], "min": [0, 0, 0, 0, 0, 0, 0, 0, 0, 0, 0, 0, 0, 0, 0, 0, 0, 0, 0, 0, 0, 0, 0, 0, 0, 0, 0, 0, 0, 0, 0, 0, 0, 0, 0, 0], "var": [0.0188568625599, 0.0234364010394, 0.0891715213656, 0.200733691454, 0.0704977661371, 0.014878933318, 0.0242895390838, 0.0259034242481, 0.0656556710601, 0.11249050498, 0.0556984804571, 0.0389646217227, 0.112114116549, 0.0442497208714, 0.00491527235135, 0.00301834312268, 0.00511021632701, 0.026449739933, 0.0618172325194, 0.0317603498697, 0.0210844445974, 0.0259053613991, 0.0166966728866, 0.0243787951767, 0.0696427375078, 0.041077259928, 0.00887584593147, 0.0115327946842, 0.0103983571753, 0.018042139709, 0.035553611815, 0.0278968084604, 0.0648033767939, 0.122963234782, 0.0583431757987, 0.0172131210566], "median": [0.00045081373537, 0.00200503831729, 0.092098519206, 0.203850701451, 0.109666071832, 0.00449778791517, 0.000606282788794, 0.00131278601475, 0.00792780332267, 0.0228218361735, 0.0199314281344, 0.0334452018142, 0.0264391358942, 0.0125649981201, 0.00260910950601, 0.0015404985752, 0.00137986417394, 0.00231076683849, 0.00391464866698, 0.00284133059904, 0.00157923949882, 0.000846492068376, 0.00103986100294, 0.0329072810709, 0.099517352879, 0.0758305341005, 0.0094348359853, 0.000447373196948, 0.000377223972464, 0.00174594763666, 0.00326359132305, 0.00846475269645, 0.0406829491258, 0.0638730078936, 0.0402048230171, 0.00332079501823]}}, "lowlevel": {"melbands_flatness_db": {"dmean": 0.0225601475686, "dmean2": 0.0309096630663, "max": 0.638648450375, "dvar": 0.000701040436979, "mean": 0.384120970964, "dvar2": 0.00116601225454, "min": 1.33744293862e-07, "var": 0.00711272470653, "median": 0.387707829475}, "melbands_crest": {"dmean": 2.35193371773, "dmean2": 3.72991204262, "max": 37.7220001221, "dvar": 5.28873443604, "mean": 15.0075941086, "dvar2": 13.2646570206, "min": 1.00096833706, "var": 18.9168491364, "median": 14.4321575165}, "spectral_entropy": {"dmean": 0.191335588694, "dmean2": 0.262072086334, "max": 9.80710220337, "dvar": 0.0505075603724, "mean": 6.02339982986, "dvar2": 0.0805163159966, "min": 4.55481052399, "var": 0.469229131937, "median": 5.8925151825}, "melbands": {"dmean": [2.81403808913e-05, 0.000399078358896, 0.000660861493088, 0.00101095193531, 0.000520009780303, 0.000177775888005, 0.000168364247656, 0.000159444462042, 7.24946876289e-05, 4.45213627245e-05, 3.26930421579e-05, 5.55907645321e-05, 3.79042721761e-05, 1.8981671019e-05, 2.81761663246e-06, 2.0473009954e-06, 2.58022600974e-06, 1.17481761208e-06, 1.92505444829e-06, 1.70044449987e-06, 1.02104172583e-06, 7.18814249012e-07, 9.25954225295e-07, 4.40320775397e-07, 6.63665787215e-07, 2.75928044857e-07, 4.2846153292e-07, 5.47506090243e-07, 5.37140920187e-07, 4.16778789258e-07, 3.01623089172e-07, 2.76234743524e-07, 3.89900833397e-07, 2.45848013947e-07, 2.21934044475e-07, 1.57667130907e-07, 2.27619239013e-07, 2.19055522166e-07, 1.82693383977e-07, 1.21673963349e-07], "dmean2": [4.71035236842e-05, 0.000548748008441, 0.000962333229836, 0.00159208988771, 0.000794038758613, 0.00026461147354, 0.000241968096816, 0.000242752532358, 0.000108812222607, 6.60455480102e-05, 4.91159917146e-05, 7.25192803657e-05, 5.08559242007e-05, 2.86674439849e-05, 4.32862134403e-06, 3.23302469951e-06, 4.00264980271e-06, 1.85644341855e-06, 2.82966152554e-06, 2.57324813902e-06, 1.54088456839e-06, 1.1187948985e-06, 1.48690855895e-06, 6.78444905589e-07, 1.04932053091e-06, 4.23406333994e-07, 6.5477854605e-07, 8.40119867007e-07, 7.80111520271e-07, 6.15857118191e-07, 4.21742811341e-07, 3.88463263334e-07, 6.05865579928e-07, 3.54945967729e-07, 3.28492774315e-07, 2.34068863847e-07, 3.17205490319e-07, 2.91112712603e-07, 2.46730508024e-07, 1.63125989161e-07], "max": [0.000847481423989, 0.00858140736818, 0.0188685655594, 0.0264397617429, 0.0168481841683, 0.0137572810054, 0.0156503617764, 0.00596181629226, 0.00318845664151, 0.00452235201374, 0.0027033907827, 0.00758806942031, 0.00313292094506, 0.00142686825711, 0.000391968875192, 0.000265786424279, 0.00136063620448, 0.000336998607963, 0.000235594518017, 0.000239139510086, 0.000155761881615, 0.000162402822752, 4.659613478e-05, 9.26467691897e-05, 0.000146144142491, 7.75010994403e-05, 0.000102716650872, 9.27211804083e-05, 0.000149732775753, 0.000114827831567, 4.48809951195e-05, 6.25745742582e-05, 8.00962006906e-05, 4.49994513474e-05, 5.51203665964e-05, 6.60405639792e-05, 7.60438051657e-05, 5.49838659936e-05, 3.25207111018e-05, 2.25785970542e-05], "dvar": [4.45224923595e-09, 5.72949772959e-07, 1.26229269881e-06, 2.20834249376e-06, 9.61502337304e-07, 2.86458345045e-07, 1.28599609184e-07, 9.92135085198e-08, 2.2565190605e-08, 1.31091297817e-08, 1.12780575989e-08, 3.47850743765e-08, 1.07048014897e-08, 4.36483782451e-09, 1.02528131818e-10, 4.917930993e-11, 3.9510261729e-10, 4.49620514431e-11, 4.54758730672e-11, 6.9018311899e-11, 1.88446081656e-11, 1.03494556675e-11, 5.3230336805e-12, 2.9737937373e-12, 1.16176894494e-11, 1.67658313448e-12, 4.75146788234e-12, 9.37229720915e-12, 1.05058010902e-11, 7.97077334691e-12, 2.59571704408e-12, 2.84243331997e-12, 4.32225522734e-12, 2.02944692301e-12, 1.33936503381e-12, 1.45921599456e-12, 2.4988292685e-12, 1.7320122116e-12, 8.40222856568e-13, 2.62200824204e-13], "mean": [7.39492752473e-05, 0.00135106826201, 0.00187381810974, 0.0022988372948, 0.00139342679176, 0.000500773719978, 0.000477469729958, 0.000385580176953, 0.000168314523762, 0.000106613595563, 7.17268994777e-05, 0.000139991214382, 9.77470190264e-05, 4.36335867562e-05, 4.70117629447e-06, 3.58615534424e-06, 4.29029159932e-06, 1.88785770661e-06, 3.94441076423e-06, 3.35573486154e-06, 1.92731863535e-06, 1.22802384794e-06, 1.47508762893e-06, 8.63773720994e-07, 1.3974064359e-06, 5.40856433418e-07, 7.58336568651e-07, 9.36076560265e-07, 9.18190380617e-07, 6.62766240112e-07, 5.0220171488e-07, 4.52255335404e-07, 6.0758145537e-07, 4.17490610971e-07, 3.98729952167e-07, 2.81872729602e-07, 4.03720406439e-07, 4.16902821598e-07, 3.60117354603e-07, 2.18759396375e-07], "dvar2": [1.12690896614e-08, 1.21918969853e-06, 2.68778489954e-06, 6.20602713752e-06, 2.45180785896e-06, 7.61258149851e-07, 2.76311112657e-07, 2.49187280588e-07, 5.37475699502e-08, 2.80711862644e-08, 2.48392382218e-08, 5.4734726973e-08, 1.81883805794e-08, 9.00571972551e-09, 2.38348840664e-10, 1.1614580131e-10, 9.65713953249e-10, 1.08528658282e-10, 9.13047276674e-11, 1.59790791709e-10, 4.31148033941e-11, 2.21384091614e-11, 1.36098927267e-11, 8.27867028402e-12, 3.08424223661e-11, 4.50346617636e-12, 1.20021414682e-11, 2.0540898843e-11, 2.04402501869e-11, 1.69944683326e-11, 5.36573650095e-12, 5.76819321474e-12, 1.03964658063e-11, 4.22804933425e-12, 3.07183055034e-12, 3.43157425219e-12, 5.00882495202e-12, 3.13654896326e-12, 1.44150262473e-12, 4.23372464474e-13], "min": [4.49322273738e-24, 1.34687231615e-24, 8.41345004537e-25, 3.17954233546e-24, 2.76397889085e-24, 4.98977912278e-24, 4.61554982023e-24, 3.74912771638e-24, 2.59513563864e-24, 6.88590688825e-24, 5.35420485643e-24, 6.12436108073e-24, 6.165094308e-24, 9.28230617954e-24, 8.22972276282e-24, 8.89335121048e-24, 9.74893160448e-24, 4.62595805102e-24, 6.83856103444e-24, 4.04101413992e-24, 8.10232488207e-24, 1.04043006785e-23, 6.67389499794e-24, 7.69192078499e-24, 9.35565762195e-24, 7.57338496765e-24, 7.15945624004e-24, 6.7136527987e-24, 8.31230072238e-24, 1.07181734443e-23, 9.14350294783e-24, 3.94215251356e-24, 9.89464052456e-24, 7.63567658017e-24, 7.21622819281e-24, 7.88413857746e-24, 7.97546500446e-24, 8.61766483448e-24, 9.99177848985e-24, 9.59141738095e-24], "var": [1.17789866749e-08, 1.476213356e-06, 3.68779410564e-06, 6.17790055912e-06, 3.69385156773e-06, 9.16928627248e-07, 7.72497173784e-07, 3.74163732886e-07, 7.74741693021e-08, 7.01072622178e-08, 3.71592463466e-08, 2.11323779808e-07, 6.04022289963e-08, 1.71439875629e-08, 1.91885951573e-10, 8.64560714686e-11, 5.96926452712e-10, 7.30309007713e-11, 1.51758314249e-10, 2.32680930079e-10, 5.82747738953e-11, 2.85831046332e-11, 9.04775906974e-12, 8.21805817841e-12, 4.43003585204e-11, 4.77346721178e-12, 1.25509047599e-11, 2.0712693713e-11, 2.37706486439e-11, 1.53273973375e-11, 7.33596690339e-12, 7.64619010468e-12, 8.38046299023e-12, 5.23862420457e-12, 3.75935133717e-12, 3.79000346731e-12, 7.7678679461e-12, 6.86836351682e-12, 3.73519357805e-12, 9.35283534648e-13], "median": [2.65231210506e-05, 0.0010834003333, 0.0012569866376, 0.00151840248145, 0.000597471604124, 0.000171653809957, 0.000191472121514, 0.00013228514581, 6.11417053733e-05, 3.0304885513e-05, 1.71561750903e-05, 1.42302496897e-05, 1.13322585094e-05, 5.17351691087e-06, 1.20113691082e-06, 1.05334743239e-06, 6.4449477577e-07, 5.06405910983e-07, 4.25545181315e-07, 2.11510325698e-07, 1.65762884308e-07, 3.31850628754e-07, 4.01316754051e-07, 1.47629521052e-07, 7.91839340764e-08, 3.99406729912e-08, 4.58205917653e-08, 6.03169780788e-08, 3.95548696019e-08, 2.27278054155e-08, 1.37999034422e-08, 1.59743613892e-08, 3.63810137571e-08, 2.78085678929e-08, 1.5120777519e-08, 9.10482533811e-09, 1.23657164508e-08, 1.30550539268e-08, 9.83805925614e-09, 3.69081276652e-09]}, "silence_rate_60dB": {"dmean": 0.0126258833334, "dmean2": 0.0252555627376, "max": 1, "dvar": 0.0124672381207, "mean": 0.0420799516141, "dvar2": 0.0312351491302, "min": 0, "var": 0.0403086878359, "median": 0}, "spectral_energyband_middle_high": {"dmean": 0.000658919510897, "dmean2": 0.000899913953617, "max": 0.0592533685267, "dvar": 2.98950794786e-06, "mean": 0.00199834676459, "dvar2": 5.14197927259e-06, "min": 1.39259652753e-21, "var": 1.92980896827e-05, "median": 0.00050446233945}, "erbbands_skewness": {"dmean": 0.418504089117, "dmean2": 0.62032097578, "max": 6.64437532425, "dvar": 0.173110365868, "mean": 1.28555572033, "dvar2": 0.384158343077, "min": -2.12301373482, "var": 1.53604340553, "median": 1.14905452728}, "dynamic_complexity": 3.58164310455, "dissonance": {"dmean": 0.0388025231659, "dmean2": 0.0645091608167, "max": 0.499947935343, "dvar": 0.00123959814664, "mean": 0.390805751085, "dvar2": 0.00330117112026, "min": 0.0993801429868, "var": 0.00320124113932, "median": 0.394811570644}, "spectral_skewness": {"dmean": 0.652702689171, "dmean2": 1.0140222311, "max": 12.934720993, "dvar": 0.471993923187, "mean": 4.1940574646, "dvar2": 1.06053185463, "min": -0.0427798070014, "var": 4.82394266129, "median": 3.86240673065}, "spectral_kurtosis": {"dmean": 10.0016241074, "dmean2": 16.1332778931, "max": 241.739974976, "dvar": 175.472793579, "mean": 33.6368789673, "dvar2": 415.651977539, "min": -1.23463487625, "var": 1386.14367676, "median": 22.0115299225}, "gfcc": {"cov": [[10652.7734375, -925.695617676, -867.157226562, 449.034484863, -691.004638672, 379.809173584, -450.753509521, 221.406539917, -205.632568359, -242.981185913, -154.707336426, 162.2787323, 71.6112823486], [-925.695617676, 2393.77661133, -215.022827148, -709.923950195, 433.373291016, -90.5519485474, 383.597900391, -170.00982666, 102.256324768, -128.195922852, 102.664558411, -199.6537323, 1.58885502815], [-867.157226562, -215.022827148, 1203.82702637, -181.458496094, -128.732131958, 139.923843384, -118.778518677, -55.652797699, 104.033920288, 12.8742923737, -5.38011693954, 76.8948898315, -57.0389595032], [449.034484863, -709.923950195, -181.458496094, 781.585510254, -127.368041992, -112.879798889, -68.4738998413, 125.812385559, -68.3344268799, 64.2892150879, -18.9136238098, -68.6585388184, 20.2385597229], [-691.004638672, 433.373291016, -128.732131958, -127.368041992, 421.910949707, -48.0003585815, 67.055229187, 14.7710418701, 73.4766845703, -2.81419372559, -0.50839048624, 7.91202163696, -15.7336168289], [379.809173584, -90.5519485474, 139.923843384, -112.879798889, -48.0003585815, 292.368377686, 19.9979362488, -35.6383972168, 6.04809331894, 29.8834857941, -3.20747542381, 25.6317234039, 3.37909626961], [-450.753509521, 383.597900391, -118.778518677, -68.4738998413, 67.055229187, 19.9979362488, 259.295776367, -7.32186126709, -24.9899272919, 23.0361404419, 24.6346073151, -36.4236221313, 6.59506034851], [221.406539917, -170.00982666, -55.652797699, 125.812385559, 14.7710418701, -35.6383972168, -7.32186126709, 153.632461548, -1.57996249199, -13.5842609406, -6.5009188652, 24.1906909943, -8.23967170715], [-205.632568359, 102.256324768, 104.033920288, -68.3344268799, 73.4766845703, 6.04809331894, -24.9899272919, -1.57996249199, 126.640068054, 10.2935695648, 0.412780106068, 23.2355594635, -9.70003223419], [-242.981185913, -128.195922852, 12.8742923737, 64.2892150879, -2.81419372559, 29.8834857941, 23.0361404419, -13.5842609406, 10.2935695648, 170.588775635, -13.3920221329, -10.100060463, -9.22194099426], [-154.707336426, 102.664558411, -5.38011693954, -18.9136238098, -0.50839048624, -3.20747542381, 24.6346073151, -6.5009188652, 0.412780106068, -13.3920221329, 85.0470809937, -19.038438797, -7.19168758392], [162.2787323, -199.6537323, 76.8948898315, -68.6585388184, 7.91202163696, 25.6317234039, -36.4236221313, 24.1906909943, 23.2355594635, -10.100060463, -19.038438797, 158.902938843, -2.37125110626], [71.6112823486, 1.58885502815, -57.0389595032, 20.2385597229, -15.7336168289, 3.37909626961, 6.59506034851, -8.23967170715, -9.70003223419, -9.22194099426, -7.19168758392, -2.37125110626, 65.6999130249]], "mean": [-112.4063797, 159.311798096, -68.9701156616, 0.777910113335, -70.308807373, -8.31238365173, -39.8051795959, -9.23719596863, -25.4863758087, -21.7367153168, -16.1970863342, -12.0939779282, -10.2803421021], "icov": [[0.000187513025594, -0.000184042961337, 0.000225933501497, -0.000169693259522, 0.000381651159842, -0.000467310659587, 0.000499015615787, -0.000279397034319, 0.000133504698169, 0.000177606911166, 0.000317561643897, -0.000360114179784, 0.000145192796481], [-0.000184042961337, 0.00165791332256, -0.000126204453409, 0.00125801505055, -0.00108932075091, 0.00111755146645, -0.00205951416865, 0.000937617034651, -0.00117714516819, 0.000782022078056, -0.000759267422836, 0.00225977925584, -0.000396181683755], [0.000225933501497, -0.000126204453409, 0.00141074683052, 1.53646033141e-05, 0.000907578680199, -0.000882152526174, 0.00080963835353, -3.85034145438e-05, -0.000842630397528, 0.0002795252949, 0.000403255427955, -0.000571200973354, 0.0010917984182], [-0.000169693259522, 0.00125801505055, 1.53646033141e-05, 0.00306186755188, -0.000339073798386, 0.00149296282325, -0.000913941417821, -0.00109183089808, -0.000251117104199, -0.000600220111664, -0.000481735740323, 0.00272736977786, -0.00105411198456], [0.000381651159842, -0.00108932075091, 0.000907578680199, -0.000339073798386, 0.00441937008873, -0.000717513845302, 0.00096182373818, -0.0013367512729, -0.00138758670073, -9.77799718385e-05, 0.00133336905856, -0.00165010150522, 0.00120159226935], [-0.000467310659587, 0.00111755146645, -0.000882152526174, 0.00149296282325, -0.000717513845302, 0.00556384446099, -0.00237878435291, 0.00123097130563, -0.000676096009556, -0.000900128914509, -0.000878028746229, 0.00127920950763, -0.00108436204027], [0.000499015615787, -0.00205951416865, 0.00080963835353, -0.000913941417821, 0.00096182373818, -0.00237878435291, 0.00793273746967, -0.00203675054945, 0.00289616058581, -0.00165033631492, -1.3417651644e-05, -0.00195102137513, -8.46627299325e-05], [-0.000279397034319, 0.000937617034651, -3.85034145438e-05, -0.00109183089808, -0.0013367512729, 0.00123097130563, -0.00203675054945, 0.00946759618819, -0.00120283744764, 0.00160020985641, -0.00031351976213, -0.000766308687162, 0.00157820060849], [0.000133504698169, -0.00117714516819, -0.000842630397528, -0.000251117104199, -0.00138758670073, -0.000676096009556, 0.00289616058581, -0.00120283744764, 0.0115364231169, -0.00177620095201, -0.000233875325648, -0.00212118867785, -0.00015855912352], [0.000177606911166, 0.000782022078056, 0.0002795252949, -0.000600220111664, -9.77799718385e-05, -0.000900128914509, -0.00165033631492, 0.00160020985641, -0.00177620095201, 0.00777036743239, 0.00139493646566, 0.000879631028511, 0.00161718844902], [0.000317561643897, -0.000759267422836, 0.000403255427955, -0.000481735740323, 0.00133336905856, -0.000878028746229, -1.3417651644e-05, -0.00031351976213, -0.000233875325648, 0.00139493646566, 0.0135776530951, 0.000220063084271, 0.00215267576277], [-0.000360114179784, 0.00225977925584, -0.000571200973354, 0.00272736977786, -0.00165010150522, 0.00127920950763, -0.00195102137513, -0.000766308687162, -0.00212118867785, 0.000879631028511, 0.000220063084271, 0.0108758779243, -0.00113248638809], [0.000145192796481, -0.000396181683755, 0.0010917984182, -0.00105411198456, 0.00120159226935, -0.00108436204027, -8.46627299325e-05, 0.00157820060849, -0.00015855912352, 0.00161718844902, 0.00215267576277, -0.00113248638809, 0.0172929316759]]}, "spectral_complexity": {"dmean": 1.26168644428, "dmean2": 2.07516527176, "max": 39, "dvar": 1.84562063217, "mean": 9.15900230408, "dvar2": 4.07325315475, "min": 0, "var": 11.0338754654, "median": 9}, "spectral_flux": {"dmean": 0.0195405371487, "dmean2": 0.0319765359163, "max": 0.275279909372, "dvar": 0.000497119035572, "mean": 0.0549488216639, "dvar2": 0.00131527287886, "min": 6.79951164817e-11, "var": 0.00114816508722, "median": 0.0483734123409}, "spectral_energyband_low": {"dmean": 0.00204170797952, "dmean2": 0.00288555189036, "max": 0.0647685453296, "dvar": 1.56633795996e-05, "mean": 0.00631562806666, "dvar2": 3.24692882714e-05, "min": 2.59407947222e-23, "var": 3.90628483729e-05, "median": 0.0046651805751}, "spectral_decrease": {"dmean": 1.83132065068e-09, "dmean2": 2.69346545068e-09, "max": 2.37012232968e-16, "dvar": 5.47508365907e-18, "mean": -7.25300708382e-09, "dvar2": 1.25001639925e-17, "min": -4.16973477968e-08, "var": 2.82107367108e-17, "median": -6.2166933823e-09}, "barkbands_spread": {"dmean": 1.9332870245, "dmean2": 2.76193547249, "max": 157.550140381, "dvar": 23.7845306396, "mean": 6.59377288818, "dvar2": 49.9144554138, "min": 0.396961867809, "var": 89.3300476074, "median": 3.74057435989}, "spectral_rms": {"dmean": 0.000642282597255, "dmean2": 0.000930028734729, "max": 0.012563909404, "dvar": 4.92801916607e-07, "mean": 0.00487562455237, "dvar2": 1.02506783151e-06, "min": 3.22971944328e-12, "var": 3.83932820114e-06, "median": 0.00486591132358}, "spectral_centroid": {"dmean": 74.330871582, "dmean2": 105.034179688, "max": 11524.5478516, "dvar": 42104.375, "mean": 460.409973145, "dvar2": 66936, "min": 192.453674316, "var": 199451.28125, "median": 345.676940918}, "barkbands_skewness": {"dmean": 0.604184567928, "dmean2": 0.920812189579, "max": 17.8579330444, "dvar": 0.569014310837, "mean": 2.2709634304, "dvar2": 1.27778077126, "min": -7.98066186905, "var": 2.84830904007, "median": 1.88916516304}, "spectral_rolloff": {"dmean": 134.568161011, "dmean2": 229.233627319, "max": 19164.5507812, "dvar": 350474.375, "mean": 622.649658203, "dvar2": 778383.75, "min": 172.265625, "var": 1628806.25, "median": 409.130859375}, "erbbands_spread": {"dmean": 4.62616729736, "dmean2": 6.50924634933, "max": 145.474502563, "dvar": 71.8061676025, "mean": 19.017364502, "dvar2": 117.562637329, "min": 2.63272690773, "var": 386.451263428, "median": 12.6951131821}, "barkbands": {"dmean": [2.28320732276e-06, 0.00017839721113, 0.00131258473266, 0.00131857034285, 0.00445317011327, 0.0010378700681, 0.000934745417908, 0.000553258927539, 0.000326387700625, 0.00025181871024, 0.000392498011934, 0.000111235793156, 2.06477307074e-05, 2.44126149482e-05, 2.01845632546e-05, 2.08721176023e-05, 1.72958534677e-05, 8.95720131666e-06, 1.13986179713e-05, 1.65712608577e-05, 1.55865873239e-05, 1.62585329235e-05, 1.12614870886e-05, 1.69446229847e-05, 1.27139855977e-05, 7.78457717843e-07, 3.47246168531e-06], "dmean2": [3.44808768205e-06, 0.000296917627566, 0.00176203774754, 0.00196929182857, 0.00695255026221, 0.00153452844825, 0.00135164405219, 0.000872070027981, 0.000480294169392, 0.000376571901143, 0.000503690564074, 0.000169617429492, 3.2720156014e-05, 3.82109137718e-05, 2.99633047689e-05, 3.1638868677e-05, 2.74666872428e-05, 1.350004095e-05, 1.75453023985e-05, 2.47733623837e-05, 2.21058216994e-05, 2.35346524278e-05, 1.55769284902e-05, 2.1623684006e-05, 1.72807503986e-05, 1.01239709238e-06, 5.51821449335e-06], "max": [8.18883709144e-05, 0.00545356050134, 0.034944690764, 0.0449270457029, 0.120696157217, 0.0640615746379, 0.0715943127871, 0.0230661816895, 0.0281665883958, 0.020826054737, 0.0479009971023, 0.00998589489609, 0.00207873038016, 0.0122350230813, 0.00210478319786, 0.00302654597908, 0.00300848018378, 0.00150770111941, 0.00198343372904, 0.00285519682802, 0.0041543347761, 0.00321840425022, 0.00266192131676, 0.00425383588299, 0.00162085844204, 0.000132321496494, 0.000306357163936], "dvar": [1.33780755571e-11, 1.74095006855e-07, 6.5353692662e-06, 5.92585956838e-06, 4.20951255364e-05, 8.8417709776e-06, 4.12808003603e-06, 1.41762689054e-06, 6.25948359811e-07, 6.74149589486e-07, 1.4792778984e-06, 1.69725467458e-07, 4.48326842317e-09, 3.21756203903e-08, 4.515769092e-09, 1.06026885049e-08, 4.12849265885e-09, 8.30700119803e-10, 2.7318391993e-09, 7.29307458869e-09, 9.77078506992e-09, 7.41587680153e-09, 3.84914722318e-09, 9.31996790854e-09, 1.86117088408e-09, 1.37081457297e-11, 2.07774450423e-10], "mean": [2.68927669822e-06, 0.00048466512817, 0.00427092984319, 0.00320643628947, 0.0106780556962, 0.00299390219152, 0.0025236941874, 0.001149482443, 0.00078596099047, 0.000532987178303, 0.00103365536779, 0.000243157192017, 3.61211641575e-05, 3.94871203753e-05, 4.01150500693e-05, 4.0383412852e-05, 2.77990657196e-05, 1.82226103789e-05, 2.41557863774e-05, 3.09906317852e-05, 2.68217572739e-05, 2.71666249319e-05, 2.12773975363e-05, 3.39946236636e-05, 2.31279063883e-05, 1.68225676589e-06, 4.4027669901e-06], "dvar2": [2.55566262597e-11, 4.38683059656e-07, 1.33555568027e-05, 1.27993871502e-05, 0.000117469462566, 2.18386903725e-05, 8.66333539307e-06, 3.76552475245e-06, 1.33995115448e-06, 1.52266022724e-06, 2.11367341763e-06, 3.54404477321e-07, 1.0943678852e-08, 8.03980739761e-08, 9.54175138901e-09, 2.48856277807e-08, 9.345885843e-09, 2.08727279905e-09, 7.0313777023e-09, 1.57805892798e-08, 1.91043572073e-08, 1.58211541645e-08, 7.62012852817e-09, 1.5613951021e-08, 3.1349729479e-09, 2.281703472e-11, 5.39466082916e-10], "min": [9.55156333916e-24, 1.03645941537e-23, 1.73564545278e-24, 1.194183752e-24, 2.29852800091e-23, 2.46237803969e-23, 2.83650463255e-23, 1.18269056137e-23, 3.98280788026e-23, 2.0153373489e-23, 2.76544309557e-23, 7.43377015583e-23, 6.98866769629e-23, 9.7735101437e-23, 1.02272345374e-22, 9.51048814068e-23, 1.84460645511e-22, 1.55806049368e-22, 2.18015986385e-22, 2.3980854026e-22, 4.95202700087e-22, 4.31707298448e-22, 3.9241137259e-22, 7.25468244826e-22, 1.10128082277e-21, 1.48363556934e-21, 2.10562298438e-21], "var": [2.47642566176e-11, 4.72435829124e-07, 1.81909817911e-05, 1.5140605683e-05, 0.000119473195809, 3.53750983777e-05, 2.06637068914e-05, 4.17147066401e-06, 3.02562943943e-06, 2.10686766877e-06, 9.64377977652e-06, 6.1130810991e-07, 8.57686810463e-09, 5.00038552786e-08, 1.34406699104e-08, 3.52455451491e-08, 1.08263655818e-08, 2.91411761388e-09, 1.03084367709e-08, 1.90576159298e-08, 2.28594387863e-08, 1.91950046968e-08, 1.3151638889e-08, 4.23077572975e-08, 6.8157364197e-09, 6.48404663295e-11, 2.36647895724e-10], "median": [1.06135553324e-06, 0.000188704929315, 0.00308692385443, 0.00183910969645, 0.00742817949504, 0.000791892700363, 0.000907047768123, 0.000407861021813, 0.000207711971598, 0.000108648142486, 7.99057161203e-05, 3.03471588268e-05, 1.12913512567e-05, 5.68666655454e-06, 5.45807870367e-06, 2.70655141321e-06, 7.12580913387e-06, 3.68803921447e-06, 1.35952893743e-06, 1.94853510038e-06, 9.79776814347e-07, 1.59352646278e-06, 1.17507261166e-06, 1.18587433917e-06, 4.95729750583e-07, 8.35332727434e-08, 9.12837094802e-09]}, "melbands_kurtosis": {"dmean": 7.70502090454, "dmean2": 11.8999795914, "max": 335.542236328, "dvar": 207.397979736, "mean": 18.1646652222, "dvar2": 474.802062988, "min": -1.61348628998, "var": 685.771179199, "median": 9.37459373474}, "erbbands_crest": {"dmean": 2.30231952667, "dmean2": 3.5732729435, "max": 29.6914863586, "dvar": 4.6522526741, "mean": 11.8324308395, "dvar2": 11.5093679428, "min": 2.73464465141, "var": 18.4827632904, "median": 11.0459938049}, "melbands_skewness": {"dmean": 0.593966364861, "dmean2": 0.898886144161, "max": 14.4168643951, "dvar": 0.560075700283, "mean": 2.47850632668, "dvar2": 1.20534336567, "min": -1.52566254139, "var": 2.75030636787, "median": 2.10110521317}, "spectral_energyband_middle_low": {"dmean": 0.00615586014464, "dmean2": 0.00919794104993, "max": 0.145739883184, "dvar": 6.33104500594e-05, "mean": 0.0214541442692, "dvar2": 0.000159001196153, "min": 2.47026756382e-22, "var": 0.000316291261697, "median": 0.0173387695104}, "spectral_contrast_coeffs": {"dmean": [0.0482966974378, 0.0381147265434, 0.0338606387377, 0.0254451464862, 0.0206012260169, 0.0146906496957], "dmean2": [0.0783660337329, 0.0610038638115, 0.0534730926156, 0.0414195656776, 0.032578047365, 0.0231091771275], "max": [-0.190549716353, -0.372270524502, -0.466351807117, -0.53696000576, -0.537184655666, -0.663961410522], "dvar": [0.00197601411492, 0.0011133934604, 0.0008245127392, 0.000419966527261, 0.000351093389327, 0.000176672285306], "mean": [-0.475872039795, -0.678282737732, -0.716315686703, -0.786551475525, -0.803214728832, -0.800048530102], "dvar2": [0.00552047044039, 0.0028182764072, 0.00199538376182, 0.00106845679693, 0.000826111354399, 0.000398126518121], "min": [-0.98140001297, -0.986361265182, -0.99743282795, -0.987811863422, -0.989352881908, -0.962140500546], "var": [0.0112996958196, 0.00631113443524, 0.00604293495417, 0.00371863041073, 0.00352393416688, 0.00156345288269], "median": [-0.486986815929, -0.685528755188, -0.722668409348, -0.795023560524, -0.806816458702, -0.798278391361]}, "spectral_contrast_valleys": {"dmean": [0.48259305954, 0.296795248985, 0.323533773422, 0.271546036005, 0.233093947172, 0.249845549464], "dmean2": [0.796602010727, 0.470797300339, 0.500438570976, 0.418536663055, 0.332757025957, 0.320675075054], "max": [-5.87863397598, -4.7987446785, -5.57546520233, -6.31662845612, -6.0438747406, -7.56110429764], "dvar": [0.30198776722, 0.0978139191866, 0.119683526456, 0.0858360528946, 0.0830519869924, 0.121314793825], "mean": [-8.05267429352, -6.95881938934, -8.32339000702, -9.52891731262, -9.74332618713, -12.0427045822], "dvar2": [0.735492050648, 0.179558798671, 0.219786062837, 0.144937962294, 0.120160982013, 0.136838749051], "min": [-27.9063606262, -28.2618904114, -27.4774246216, -27.3411502838, -27.3475990295, -27.3532276154], "var": [1.89788508415, 1.499822855, 1.43214595318, 1.15650105476, 1.34965455532, 1.77848303318], "median": [-7.79936504364, -6.79760122299, -8.18384742737, -9.38183403015, -9.64825630188, -12.0761413574]}, "silence_rate_20dB": {"dmean": 0, "dmean2": 0, "max": 1, "dvar": 0, "mean": 1, "dvar2": 0, "min": 1, "var": 0, "median": 1}, "silence_rate_30dB": {"dmean": 0.00420862762257, "dmean2": 0.00841852091253, "max": 1, "dvar": 0.00419083470479, "mean": 0.995792031288, "dvar2": 0.0113543691114, "min": 0, "var": 0.00419014273211, "median": 1}, "spectral_strongpeak": {"dmean": 0.366433531046, "dmean2": 0.60497623682, "max": 9.10922336578, "dvar": 0.322767198086, "mean": 0.953057706356, "dvar2": 0.778019309044, "min": 0, "var": 0.847854971886, "median": 0.715187311172}, "spectral_spread": {"dmean": 493146.3125, "dmean2": 705750.8125, "max": 40798076, "dvar": 696647483392, "mean": 2874745, "dvar2": 1016285036540.0, "min": 386134.875, "var": 4396124995580.0, "median": 2354856}, "barkbands_flatness_db": {"dmean": 0.0206509847194, "dmean2": 0.0292332861573, "max": 0.492083013058, "dvar": 0.00048079030239, "mean": 0.286324292421, "dvar2": 0.000849464035127, "min": 0.0524463057518, "var": 0.0045208320953, "median": 0.288658976555}, "pitch_salience": {"dmean": 0.0552769899368, "dmean2": 0.0890273973346, "max": 0.996036231518, "dvar": 0.00292547629215, "mean": 0.528458476067, "dvar2": 0.0076979259029, "min": 0.0614786967635, "var": 0.0110829221085, "median": 0.531690120697}, "erbbands_kurtosis": {"dmean": 2.20140171051, "dmean2": 3.38849830627, "max": 67.3593292236, "dvar": 9.57902526855, "mean": 5.12570810318, "dvar2": 22.285533905, "min": -1.82995593548, "var": 43.0418701172, "median": 2.90993714333}, "average_loudness": 0.841450452805, "barkbands_crest": {"dmean": 2.18453145027, "dmean2": 3.4624838829, "max": 26.6407566071, "dvar": 4.5068397522, "mean": 12.4393939972, "dvar2": 11.270362854, "min": 3.31773972511, "var": 17.1945209503, "median": 11.7319631577}, "hfc": {"dmean": 2.45673203468, "dmean2": 3.43859171867, "max": 110.84085083, "dvar": 11.5855426788, "mean": 10.2182693481, "dvar2": 21.8283672333, "min": 1.16701327502e-16, "var": 87.600769043, "median": 8.0250825882}, "barkbands_kurtosis": {"dmean": 6.3983836174, "dmean2": 9.96221446991, "max": 370.269714355, "dvar": 146.507614136, "mean": 15.1548318863, "dvar2": 356.043823242, "min": -1.93023002148, "var": 443.625610352, "median": 7.89973735809}, "erbbands": {"dmean": [0.00132473546546, 0.0684088170528, 1.05273222923, 3.33238792419, 9.41961097717, 18.0976104736, 12.3441104889, 7.73750543594, 10.2038516998, 14.7371606827, 8.99812316895, 7.21963167191, 6.33124876022, 13.8580789566, 10.5959310532, 2.94218373299, 0.924062371254, 1.25722372532, 0.7895206213, 1.02602779865, 0.991014659405, 0.720376729965, 0.639534950256, 0.70561927557, 0.402969747782, 0.727289736271, 0.772187054157, 0.533631324768, 0.513415455818, 0.501722931862, 0.322920650244, 0.327614963055, 0.289591401815, 0.150950953364, 0.0918119698763, 0.0100312521681, 0.00104260607623, 0.000752040359657, 0.00103478739038, 2.7073563615e-05], "dmean2": [0.00214272970334, 0.106922730803, 1.44248640537, 4.77417707443, 14.2932434082, 28.8540000916, 18.4749698639, 11.6206531525, 14.7637577057, 22.1496162415, 13.7960271835, 10.7647609711, 9.43071365356, 17.8320503235, 14.8746128082, 4.48918771744, 1.42525160313, 1.93363058567, 1.20165550709, 1.52706706524, 1.49562716484, 1.13754332066, 0.977047801018, 1.11178088188, 0.60775244236, 1.098331213, 1.11156892776, 0.723557770252, 0.7247428298, 0.733340620995, 0.456816732883, 0.442865371704, 0.369379907846, 0.190727993846, 0.1354188025, 0.0141366478056, 0.0013625518186, 0.00113313051406, 0.00167402776424, 4.12370536651e-05], "max": [0.0395455695689, 1.90276145935, 23.5753765106, 121.512062073, 213.178756714, 640.020385742, 512.065307617, 660.376159668, 954.52545166, 659.995849609, 399.295349121, 819.886230469, 478.970306396, 2046.55908203, 763.38861084, 239.093154907, 88.3996276855, 610.081298828, 166.664886475, 80.4878463745, 140.639205933, 101.856994629, 65.5207138062, 140.471878052, 92.8943099976, 128.042373657, 248.662277222, 76.4102096558, 121.063041687, 80.8115844727, 75.9565582275, 96.9633178711, 69.6074829102, 28.8635463715, 5.78263044357, 1.05432784557, 0.164537921548, 0.0576947368681, 0.0949235185981, 0.00192534248345], "dvar": [8.7104153863e-06, 0.0206875558943, 3.98434829712, 43.0448417664, 198.560379028, 1050.05358887, 630.393005371, 599.360412598, 433.105377197, 918.527404785, 332.45489502, 353.190032959, 371.471435547, 2375.64355469, 964.305664062, 92.1951904297, 7.48417377472, 78.5397720337, 12.100982666, 8.92831516266, 18.9300270081, 5.57852506638, 2.80281186104, 11.3350954056, 2.90362477303, 16.2113704681, 25.6344280243, 8.24495220184, 8.35823917389, 7.2512717247, 2.91078019142, 4.69267320633, 2.61999750137, 0.464165747166, 0.0843691602349, 0.00118420750368, 2.0089388272e-05, 7.48383035898e-06, 1.98527450266e-05, 7.06981184706e-09], "mean": [0.00369645794854, 0.21591514349, 3.58821463585, 9.08865451813, 21.8573856354, 38.5370178223, 35.5997886658, 21.2608985901, 29.5344600677, 36.8739967346, 21.5488643646, 17.9020996094, 15.0168237686, 36.2779350281, 26.1732139587, 6.91775465012, 1.87016475201, 2.22201895714, 1.5334624052, 2.24138021469, 1.97039556503, 1.24332010746, 1.29292535782, 1.54248785973, 0.871192753315, 1.31952023506, 1.34079730511, 0.935039103031, 0.873010158539, 0.872781157494, 0.625816047192, 0.608879387379, 0.581838548183, 0.295138478279, 0.148941665888, 0.0186175946146, 0.00228863814846, 0.00109448947478, 0.00123638252262, 6.12477087998e-05], "dvar2": [2.20411002374e-05, 0.0508112385869, 8.39113044739, 88.8439788818, 516.015197754, 3037.15722656, 1478.6027832, 1651.78320312, 961.113342285, 2218.20336914, 846.994140625, 773.57824707, 816.100708008, 3574.61181641, 1859.27380371, 199.900222778, 17.4708023071, 186.708007812, 27.6169033051, 19.2209739685, 44.5121688843, 12.6377954483, 6.48989295959, 30.251083374, 6.71390008926, 36.0842094421, 50.0871353149, 15.8726797104, 16.7886428833, 15.6684808731, 5.83015012741, 9.12982368469, 4.42392253876, 0.695565521717, 0.189662486315, 0.00226784776896, 3.20777544403e-05, 1.84831169463e-05, 5.27637530467e-05, 1.74686896059e-08], "min": [4.26018159817e-22, 1.33369413914e-21, 2.25589601384e-21, 3.45663510687e-21, 3.67699650674e-20, 4.89229252452e-20, 8.29157057229e-20, 1.94384587592e-19, 3.01468455787e-19, 4.31930011981e-19, 3.38835616176e-19, 9.70935607426e-19, 1.136164211e-18, 1.64419589916e-18, 2.15747666869e-18, 3.44901083454e-18, 4.08907099161e-18, 5.37972545087e-18, 3.40247716879e-18, 4.5212633491e-18, 7.1081449834e-18, 8.52575057358e-18, 7.74677887431e-18, 1.11986763624e-17, 1.04749867978e-17, 1.18198708044e-17, 1.41574956232e-17, 1.83378100131e-17, 1.02057792131e-17, 1.85891256811e-17, 1.33095676665e-17, 1.40050875954e-17, 1.39835312686e-17, 1.21719403798e-17, 8.74359603253e-18, 4.93364845322e-18, 2.63729250238e-18, 1.13360243264e-18, 2.82121295795e-19, 3.07709022983e-20], "var": [1.93385221792e-05, 0.0508469901979, 10.7310667038, 116.660598755, 591.618530273, 2328.07006836, 3001.47363281, 1599.18786621, 2829.2644043, 3573.9152832, 1070.75061035, 1768.84094238, 1319.21850586, 15158.5644531, 4365.22851562, 352.367218018, 17.942647934, 126.690055847, 23.7511768341, 32.570640564, 61.0127944946, 13.6185379028, 9.95960044861, 44.3581581116, 12.6830339432, 38.4523391724, 55.2807655334, 24.3568058014, 23.4251670837, 18.6854743958, 10.4640960693, 16.1419887543, 11.8793325424, 1.99713814259, 0.168588086963, 0.00437086448073, 9.92043278529e-05, 1.02038420664e-05, 2.02603387152e-05, 1.17512799491e-08], "median": [0.00206229113974, 0.141111254692, 2.80950212479, 5.48537826538, 13.2321605682, 22.8185081482, 12.5420846939, 8.39039325714, 13.4882545471, 12.645483017, 9.3892993927, 5.5407409668, 4.44833755493, 3.82495355606, 3.68206214905, 1.31611216068, 0.684358894825, 0.454762637615, 0.386303305626, 0.30568125844, 0.192413926125, 0.400433510542, 0.343851923943, 0.125032097101, 0.0669829547405, 0.0922683179379, 0.0597415268421, 0.0350076965988, 0.0464934483171, 0.0623699501157, 0.0290501378477, 0.0216788835824, 0.0197459626943, 0.00712102884427, 0.00267196190543, 0.000706295249984, 0.000146295060404, 1.99111946131e-05, 1.81775139936e-05, 3.21465704474e-05]}, "spectral_energy": {"dmean": 0.00710045639426, "dmean2": 0.0104312039912, "max": 0.161798104644, "dvar": 8.16936735646e-05, "mean": 0.0283013172448, "dvar2": 0.000186446268344, "min": 1.06918643714e-20, "var": 0.000427429273259, "median": 0.0242690220475}, "zerocrossingrate": {"dmean": 0.00499958032742, "dmean2": 0.00562184071168, "max": 0.8037109375, "dvar": 0.000101027551864, "mean": 0.0271456930786, "