{"tonal": {"chords_key": "F", "hpcp_entropy": {"dmean": 0.557014524937, "dmean2": 0.95279943943, "max": 4.53604602814, "dvar": 0.234384179115, "mean": 1.96154904366, "dvar2": 0.62904894352, "min": 0, "var": 0.498965263367, "median": 1.97881686687}, "key_key": "F", "chords_strength": {"dmean": 0.0125572793186, "dmean2": 0.0119636328891, "max": 0.8044937253, "dvar": 0.000370032095816, "mean": 0.490812838078, "dvar2": 0.0006428117631, "min": -1, "var": 0.018718469888, "median": 0.483897566795}, "key_scale": "minor", "chords_number_rate": 0.00158364523668, "thpcp": [1, 0.943033754826, 0.383808553219, 0.307806193829, 0.367149293423, 0.240789026022, 0.271555304527, 0.357913017273, 0.276271373034, 0.3590683043, 0.50260335207, 0.429583281279, 0.302432209253, 0.251218765974, 0.272833108902, 0.445685863495, 0.516610205173, 0.368265867233, 0.226780578494, 0.180504024029, 0.289014995098, 0.57665348053, 0.688561618328, 0.44954970479, 0.380202770233, 0.476219892502, 0.323185831308, 0.143797442317, 0.116119772196, 0.181736916304, 0.420090198517, 0.488321244717, 0.344631552696, 0.327668309212, 0.253048956394, 0.407086789608], "key_strength": 0.673960804939, "tuning_nontempered_energy_ratio": 0.91567003727, "tuning_frequency": 434.193115234, "chords_changes_rate": 0.0820616185665, "tuning_diatonic_strength": 0.541842997074, "chords_scale": "minor", "chords_histogram": [35.2433052063, 5.4275841713, 2.80737113953, 1.22372591496, 0.287935495377, 3.77195501328, 0.86380648613, 7.60149717331, 0.0863806530833, 0, 0, 0.403109699488, 0, 0, 0.172761306167, 0.460696816444, 0.0287935510278, 0.791822612286, 2.00115180016, 0.0143967755139, 3.31125831604, 3.32565498352, 24.3593425751, 7.81744909286], "tuning_equal_tempered_deviation": 0.247869879007, "hpcp": {"dmean": [0.127724736929, 0.111923627555, 0.118559204042, 0.134926661849, 0.139045670629, 0.111526705325, 0.0978392884135, 0.0793927237391, 0.0969924628735, 0.136230647564, 0.157224833965, 0.129743814468, 0.120061442256, 0.116852611303, 0.0859775543213, 0.0629417672753, 0.054908901453, 0.0701281577349, 0.108281426132, 0.123430609703, 0.104164525867, 0.109773017466, 0.0909740403295, 0.104356989264, 0.188155293465, 0.186751067638, 0.111212328076, 0.0930345058441, 0.0859425216913, 0.0690697431564, 0.0900340899825, 0.107719749212, 0.0947213843465, 0.115515731275, 0.143568575382, 0.138382017612], "dmean2": [0.227407857776, 0.203186288476, 0.215072765946, 0.233481317759, 0.23883344233, 0.193328380585, 0.175134807825, 0.139461055398, 0.158387109637, 0.230254158378, 0.265248447657, 0.215739652514, 0.206597477198, 0.196239203215, 0.1419056952, 0.111457318068, 0.0991531461477, 0.12194634974, 0.184525206685, 0.204479843378, 0.173258975148, 0.187729164958, 0.158378303051, 0.181790068746, 0.322010010481, 0.312346309423, 0.18613512814, 0.161050856113, 0.145352497697, 0.11929924041, 0.156343400478, 0.184838846326, 0.164473831654, 0.1998308599, 0.24476878345, 0.231005772948], "max": [1, 1, 1, 1, 1, 1, 1, 1, 1, 1, 1, 1, 1, 1, 1, 1, 1, 1, 1, 1, 1, 1, 1, 1, 1, 1, 1, 1, 1, 1, 1, 1, 1, 1, 1, 1], "dvar": [0.0542048998177, 0.0457954518497, 0.0505371280015, 0.044923145324, 0.051338005811, 0.0370600633323, 0.041384909302, 0.0256852805614, 0.0311716329306, 0.0370357893407, 0.0481098033488, 0.040433678776, 0.0386787839234, 0.0379249863327, 0.0260405819863, 0.0232619717717, 0.016663596034, 0.0211276561022, 0.0321067683399, 0.0351313948631, 0.0264540538192, 0.0373024754226, 0.0259499605745, 0.0285720918328, 0.069149710238, 0.0538622103631, 0.0296671837568, 0.0311227925122, 0.0304597113281, 0.0216169673949, 0.0286003593355, 0.0393196456134, 0.0335082150996, 0.039665851742, 0.053329013288, 0.0502012632787], "mean": [0.110975719988, 0.0921832472086, 0.100114509463, 0.163541808724, 0.18956707418, 0.135132998228, 0.0832158029079, 0.0662348940969, 0.106052361429, 0.211599603295, 0.252663642168, 0.16495962441, 0.13951317966, 0.174746096134, 0.118591144681, 0.0527656301856, 0.0426094681025, 0.0666872933507, 0.154149636626, 0.179186612368, 0.126460522413, 0.120235964656, 0.092854835093, 0.149378105998, 0.366944134235, 0.346040695906, 0.140836298466, 0.112947680056, 0.1347232759, 0.0883561223745, 0.0996456295252, 0.131334081292, 0.101376160979, 0.131758004427, 0.18442735076, 0.157633066177], "dvar2": [0.143060564995, 0.123057164252, 0.137140870094, 0.113880321383, 0.12533082068, 0.100675918162, 0.111278958619, 0.0690803006291, 0.0764018148184, 0.0923146158457, 0.117372564971, 0.0962822660804, 0.0995336472988, 0.0925075262785, 0.0621160045266, 0.0629170909524, 0.046492215246, 0.0553961135447, 0.0768307521939, 0.086369164288, 0.0649435222149, 0.092867910862, 0.0682085454464, 0.0745640844107, 0.157476380467, 0.126260817051, 0.0753569975495, 0.0794074758887, 0.0693961530924, 0.0586749501526, 0.0775644555688, 0.0968316271901, 0.0900836512446, 0.0991490706801, 0.126636713743, 0.116179145873], "min": [0, 0, 0, 0, 0, 0, 0, 0, 0, 0, 0, 0, 0, 0, 0, 0, 0, 0, 0, 0, 0, 0, 0, 0, 0, 0, 0, 0, 0, 0, 0, 0, 0, 0, 0, 0], "var": [0.0494777671993, 0.0397020801902, 0.0446230247617, 0.0643830522895, 0.081759147346, 0.0507110841572, 0.0371232479811, 0.0210605915636, 0.0434073321521, 0.0694655328989, 0.101102769375, 0.0547403506935, 0.0442632250488, 0.0772099271417, 0.0422303490341, 0.0190373361111, 0.0111697344109, 0.0190374348313, 0.0524575933814, 0.059969753027, 0.0366619937122, 0.0470282100141, 0.0295792408288, 0.0429104678333, 0.145609289408, 0.111793890595, 0.0354662463069, 0.0411124154925, 0.069573380053, 0.0282459408045, 0.0301789660007, 0.0571589916945, 0.0357172563672, 0.0496020875871, 0.082478672266, 0.062670789659], "median": [0.0222734902054, 0.0183056108654, 0.0161763112992, 0.0409337803721, 0.0581486299634, 0.0340989902616, 0.00853072106838, 0.00722475815564, 0.0205510444939, 0.0928607881069, 0.100542403758, 0.0504364967346, 0.0357978194952, 0.0269528049976, 0.0174251683056, 0.00800147838891, 0.00751616433263, 0.0199186839163, 0.0544661432505, 0.0696416348219, 0.0441832616925, 0.0236272588372, 0.0137010617182, 0.051675260067, 0.203380525112, 0.228220239282, 0.0724181979895, 0.0171837843955, 0.00831232499331, 0.0126966238022, 0.0209313854575, 0.02267729491, 0.0201626718044, 0.0263869725168, 0.0320067852736, 0.0292195789516]}}, "lowlevel": {"melbands_flatness_db": {"dmean": 0.0404613614082, "dmean2": 0.0543470829725, "max": 0.743748426437, "dvar": 0.00275473762304, "mean": 0.314921081066, "dvar2": 0.00468126730993, "min": 0.00265050795861, "var": 0.014282987453, "median": 0.295888334513}, "melbands_crest": {"dmean": 3.43989348412, "dmean2": 5.62786388397, "max": 36.4813957214, "dvar": 12.6951189041, "mean": 14.4419689178, "dvar2": 38.5850982666, "min": 1.67261826992, "var": 35.2805557251, "median": 13.6214179993}, "spectral_entropy": {"dmean": 0.271025836468, "dmean2": 0.380827516317, "max": 9.81998348236, "dvar": 0.144425645471, "mean": 6.65048980713, "dvar2": 0.250604689121, "min": 3.45484447479, "var": 0.755258202553, "median": 6.75267791748}, "melbands": {"dmean": [0.00128983065952, 0.00178776530083, 0.00111685344018, 0.000424071244197, 0.000230498742894, 0.000122210258269, 0.000114254151413, 0.000141871059895, 0.000131449589389, 0.000127343155327, 8.94676995813e-05, 0.000115609975182, 0.000134387417347, 9.31112590479e-05, 8.66087066242e-05, 5.7906996517e-05, 4.13480302086e-05, 2.82325509033e-05, 2.58140262304e-05, 2.64792524831e-05, 1.96270175365e-05, 1.36557591759e-05, 1.39998392115e-05, 8.36816161609e-06, 5.63934918318e-06, 3.45911280419e-06, 2.28511362366e-06, 2.06548406823e-06, 2.01524630938e-06, 2.02070373234e-06, 1.84026589523e-06, 2.14540386878e-06, 1.51580923102e-06, 1.62533797265e-06, 9.13731980745e-07, 4.95626750308e-07, 4.87527358928e-07, 7.3460415706e-07, 7.12254575319e-07, 6.24320591669e-07], "dmean2": [0.00215545925312, 0.00302083021961, 0.00201462674886, 0.000734292436391, 0.000364512670785, 0.0001894558809, 0.000168719765497, 0.000214227853576, 0.000198818044737, 0.00017920852406, 0.000137046954478, 0.000180652859854, 0.000213102175621, 0.000144475721754, 0.000136809467222, 9.31146496441e-05, 6.1710117734e-05, 4.29969550169e-05, 4.08038758906e-05, 4.05149512517e-05, 3.0192459235e-05, 2.02066948987e-05, 1.97989811568e-05, 1.26890272441e-05, 8.6246209321e-06, 5.24052529727e-06, 3.57198587153e-06, 3.06629613078e-06, 3.15919055538e-06, 3.09834013024e-06, 2.88142337013e-06, 3.47347508978e-06, 2.32996399063e-06, 2.51094820669e-06, 1.36104699777e-06, 7.61608760058e-07, 7.17016462204e-07, 1.09339453047e-06, 1.12180237011e-06, 9.994979564e-07], "max": [0.0347399935126, 0.0597061738372, 0.0357588455081, 0.011549808085, 0.0156125808135, 0.00382682564668, 0.00461355037987, 0.00727759115398, 0.00686833774671, 0.00603819498792, 0.00341795594431, 0.00420832680538, 0.003417882137, 0.00556942913681, 0.00403788173571, 0.00256576947868, 0.00179458025377, 0.000706950842869, 0.000643843610305, 0.000908633053768, 0.000671693240292, 0.000376483163564, 0.000646974833217, 0.000306951842504, 0.000248196563916, 0.000113129484816, 9.5352261269e-05, 9.26603242988e-05, 0.000111098343041, 0.000112787180115, 0.000108447602543, 0.000117400166346, 0.000109455599159, 6.67374697514e-05, 5.0526123232e-05, 2.73701261904e-05, 2.36766481976e-05, 3.19697246596e-05, 3.30339098582e-05, 3.06863112201e-05], "dvar": [6.50149559078e-06, 3.50776717823e-05, 1.1742665265e-05, 1.11719043616e-06, 4.78830429529e-07, 5.23554319898e-08, 6.20504891913e-08, 1.03851213851e-07, 1.02218599807e-07, 1.04305989623e-07, 4.51973569682e-08, 7.40165333468e-08, 7.63928298397e-08, 5.22178922324e-08, 5.35418109848e-08, 2.44130919924e-08, 7.44878247971e-09, 2.80132139707e-09, 2.57659005243e-09, 3.25412985447e-09, 2.30842678306e-09, 9.54790579932e-10, 7.72638397706e-10, 5.21575227452e-10, 3.44544837105e-10, 1.11363820943e-10, 6.77007130911e-11, 6.52606579887e-11, 7.27715249171e-11, 7.13845232925e-11, 6.43107234133e-11, 9.43038563905e-11, 4.23446000486e-11, 4.060782266e-11, 1.20752331745e-11, 3.64691523508e-12, 3.20966365465e-12, 7.15229741752e-12, 7.6257854198e-12, 6.85334081152e-12], "mean": [0.00222145253792, 0.00212450069375, 0.00104113167617, 0.000556098588277, 0.000381911522709, 0.000216454543988, 0.000208678437048, 0.000257984997006, 0.000218095796299, 0.000234094375628, 0.000153219254571, 0.000148101753439, 0.000196745721041, 0.000165463425219, 0.000121304197819, 7.93034487288e-05, 6.86950006639e-05, 4.71218372695e-05, 3.79706216336e-05, 4.4050058932e-05, 3.04574732581e-05, 2.5685174478e-05, 2.71043973044e-05, 1.25333008327e-05, 6.96112329024e-06, 4.03386684411e-06, 2.49241224992e-06, 2.1473704237e-06, 1.78247489657e-06, 1.71777344349e-06, 1.5328569134e-06, 1.65934693541e-06, 1.36101766657e-06, 1.54473048042e-06, 8.70971121003e-07, 4.70614935466e-07, 4.79470713799e-07, 6.55763585655e-07, 5.86561270666e-07, 5.06171886627e-07], "dvar2": [1.89598340512e-05, 9.2692214821e-05, 3.35600452672e-05, 3.18774505104e-06, 1.09814061489e-06, 1.23752556647e-07, 1.3128105536e-07, 2.34611448491e-07, 2.19634443965e-07, 2.19530335244e-07, 1.01945758502e-07, 1.76510809524e-07, 1.85992860224e-07, 1.30636806261e-07, 1.22088010812e-07, 6.16026341049e-08, 1.70742513461e-08, 6.66283561657e-09, 5.53674484038e-09, 7.25577509186e-09, 5.34565947063e-09, 1.7608263736e-09, 1.25794896721e-09, 1.13810949554e-09, 6.80990264179e-10, 2.32328878358e-10, 1.39905226293e-10, 1.23903623472e-10, 1.75526176927e-10, 1.64578115025e-10, 1.57179172455e-10, 2.4234020346e-10, 9.5366672892e-11, 8.20263232337e-11, 2.43373775993e-11, 7.62955670863e-12, 6.4636247743e-12, 1.5980465215e-11, 1.8346955899e-11, 1.6399478997e-11], "min": [1.16381043778e-24, 4.7255154527e-25, 1.72874844189e-24, 9.62239910414e-25, 1.68404684983e-24, 8.60840124087e-25, 1.81135065892e-24, 1.81010721692e-24, 2.04253324972e-24, 2.66396099161e-24, 2.06167338187e-24, 1.57352053448e-24, 2.464120239e-24, 2.53650966553e-24, 2.4163134932e-24, 2.94787558127e-24, 2.76423842608e-24, 4.00139912298e-24, 2.84883744728e-24, 3.64672055468e-24, 4.47992924784e-24, 4.00380238773e-24, 3.57606031124e-24, 3.76691613536e-24, 5.13879337006e-24, 3.95029237481e-24, 3.30893938696e-24, 6.03220516649e-24, 6.2477894134e-24, 5.58670425331e-24, 5.92591680913e-24, 5.37756539442e-24, 4.72853678996e-24, 6.14213530021e-24, 6.45709235536e-24, 4.93590347283e-24, 5.87467398245e-24, 6.04951198589e-24, 5.96993406435e-24, 6.08907572687e-24], "var": [1.10325636342e-05, 2.73740970442e-05, 7.3939709182e-06, 1.05583762888e-06, 1.00072338682e-06, 1.08347776973e-07, 1.47864355426e-07, 2.28240551792e-07, 1.92611182115e-07, 1.91659054849e-07, 6.65850166115e-08, 9.35824502335e-08, 1.00270824532e-07, 6.97702944308e-08, 6.41145661007e-08, 2.6869766856e-08, 1.28787203124e-08, 5.33232569211e-09, 4.6936574627e-09, 6.05610894766e-09, 3.32369154421e-09, 2.22511631343e-09, 2.94920710076e-09, 6.77556288853e-10, 4.15132178633e-10, 1.32412095177e-10, 8.23754953139e-11, 8.45373770986e-11, 6.99518290515e-11, 6.8732436409e-11, 5.7823648647e-11, 7.50788181625e-11, 4.21674847817e-11, 4.6438377449e-11, 1.41275897231e-11, 4.03083426012e-12, 3.8651764081e-12, 7.33639104328e-12, 6.85191660355e-12, 6.04737744256e-12], "median": [0.000849696807563, 0.00085046084132, 0.000361600134056, 0.000207471122849, 0.000116894618259, 8.57724808156e-05, 7.68149184296e-05, 9.89649270196e-05, 8.99684237083e-05, 9.53123089857e-05, 6.89558219165e-05, 4.29805331805e-05, 8.46060866024e-05, 7.1708811447e-05, 3.94929775211e-05, 2.62792982539e-05, 2.09772915696e-05, 1.39815174407e-05, 1.04466762423e-05, 1.00611250673e-05, 6.07303036304e-06, 3.51802577825e-06, 2.31723220168e-06, 1.30931573494e-06, 5.992474712e-07, 3.71082961692e-07, 2.6221778171e-07, 1.36649290994e-07, 8.6353523443e-08, 5.02419226223e-08, 4.26913011609e-08, 3.04689500297e-08, 1.4612117738e-08, 7.57836904342e-09, 5.4974558239e-09, 3.75469477731e-09, 2.44232811752e-09, 1.96369165373e-09, 1.69206593181e-09, 1.43822120879e-09]}, "silence_rate_60dB": {"dmean": 0.0223182141781, "dmean2": 0.0446396432817, "max": 1, "dvar": 0.0218127667904, "mean": 0.0549996383488, "dvar2": 0.047703910619, "min": 0, "var": 0.0519978255033, "median": 0}, "spectral_energyband_middle_high": {"dmean": 0.00350678199902, "dmean2": 0.00512018892914, "max": 0.0789702087641, "dvar": 3.99136697524e-05, "mean": 0.00717945583165, "dvar2": 8.33997546579e-05, "min": 1.04773370183e-21, "var": 6.08656227996e-05, "median": 0.00593825476244}, "erbbands_skewness": {"dmean": 0.430783420801, "dmean2": 0.664410829544, "max": 6.48000955582, "dvar": 0.222501322627, "mean": 0.0456456393003, "dvar2": 0.499510139227, "min": -4.12768793106, "var": 0.72755330801, "median": -0.0419957414269}, "dynamic_complexity": 2.83806467056, "dissonance": {"dmean": 0.0363311804831, "dmean2": 0.0607368759811, "max": 0.500000178814, "dvar": 0.00208104681224, "mean": 0.42118921876, "dvar2": 0.00529031408951, "min": 0.0168610457331, "var": 0.00644177477807, "median": 0.449983775616}, "spectral_skewness": {"dmean": 0.828408539295, "dmean2": 1.31996798515, "max": 16.1026630402, "dvar": 1.19539391994, "mean": 3.30403995514, "dvar2": 2.23890209198, "min": -0.0770879015326, "var": 5.07475805283, "median": 2.66546273232}, "spectral_kurtosis": {"dmean": 13.3367786407, "dmean2": 21.2898445129, "max": 387.150482178, "dvar": 562.994628906, "mean": 29.0948829651, "dvar2": 1084.71643066, "min": -1.27371788025, "var": 1711.17504883, "median": 16.5283317566}, "gfcc": {"cov": [[28136.8613281, 2402.70629883, -1446.63049316, 1925.53564453, -0.666350841522, 927.730285645, -1115.71923828, 218.547134399, -625.276550293, 107.992050171, -508.850006104, 114.276191711, -296.269866943], [2402.70629883, 4676.3671875, 1843.73718262, 284.29083252, 478.141693115, -110.544540405, 141.260818481, -335.293151855, 60.9429588318, -244.065429688, 118.411216736, -195.585296631, 62.9852600098], [-1446.63049316, 1843.73718262, 4426.875, 685.728881836, 47.7427749634, 708.890136719, 62.7201347351, -336.150085449, -121.196105957, -208.327255249, -39.6403465271, -180.105331421, 35.1140556335], [1925.53564453, 284.29083252, 685.728881836, 1145.99609375, 348.589660645, 290.858398438, -1.8808914423, -77.9028625488, -114.854232788, -68.3952102661, -119.11541748, -25.833366394, 3.17704796791], [-0.666350841522, 478.141693115, 47.7427749634, 348.589660645, 623.719299316, 48.5511741638, 140.483154297, 41.7405014038, 34.4628448486, -44.2449913025, -25.075170517, -37.5243453979, 2.19307875633], [927.730285645, -110.544540405, 708.890136719, 290.858398438, 48.5511741638, 458.994750977, 42.7229003906, -1.62047123909, -65.1809463501, -4.01597833633, -60.8975257874, -26.9525585175, -31.7053928375], [-1115.71923828, 141.260818481, 62.7201347351, -1.8808914423, 140.483154297, 42.7229003906, 334.960113525, 39.9331054688, -9.31370735168, -31.8505954742, -19.2601585388, 3.22408032417, -2.87108159065], [218.547134399, -335.293151855, -336.150085449, -77.9028625488, 41.7405014038, -1.62047123909, 39.9331054688, 240.431411743, 83.2252578735, 63.1667098999, -36.5864105225, -27.3070983887, -10.8661222458], [-625.276550293, 60.9429588318, -121.196105957, -114.854232788, 34.4628448486, -65.1809463501, -9.31370735168, 83.2252578735, 206.927337646, 87.5130233765, 70.0065689087, -43.8893241882, 20.6015110016], [107.992050171, -244.065429688, -208.327255249, -68.3952102661, -44.2449913025, -4.01597833633, -31.8505954742, 63.1667098999, 87.5130233765, 133.226913452, 40.9594039917, -14.0719528198, -6.57320928574], [-508.850006104, 118.411216736, -39.6403465271, -119.11541748, -25.075170517, -60.8975257874, -19.2601585388, -36.5864105225, 70.0065689087, 40.9594039917, 147.975021362, 18.2071094513, 11.2464790344], [114.276191711, -195.585296631, -180.105331421, -25.833366394, -37.5243453979, -26.9525585175, 3.22408032417, -27.3070983887, -43.8893241882, -14.0719528198, 18.2071094513, 146.593612671, 20.1395225525], [-296.269866943, 62.9852600098, 35.1140556335, 3.17704796791, 2.19307875633, -31.7053928375, -2.87108159065, -10.8661222458, 20.6015110016, -6.57320928574, 11.2464790344, 20.1395225525, 107.491508484]], "mean": [-102.699928284, 138.84312439, -135.563674927, -16.3629207611, -32.2827606201, 5.77237558365, -23.9481182098, 7.08225107193, -12.3077077866, -3.03175616264, -8.07859897614, 2.5463745594, -7.58412361145], "icov": [[0.000199021567823, -0.000399542797823, 0.000297808204778, -0.000278432824416, 0.000248035736149, -0.000740216753911, 0.00083423522301, -0.000683619000483, 0.000792608596385, -0.000665398547426, 0.000386211904697, -0.00050334027037, 0.0002846881398], [-0.000399542797823, 0.00118868611753, -0.000749708386138, 0.000560184882488, -0.000750100123696, 0.00180857093073, -0.00176532415207, 0.00171977956779, -0.00182464940008, 0.00182068836875, -0.00103211123496, 0.00141239329241, -0.000589536910411], [0.000297808204778, -0.000749708386138, 0.000939477002248, -0.000518557499163, 0.000628022302408, -0.00190103659406, 0.00120184326079, -0.000650941394269, 0.000928009336349, -0.00045612899703, 0.000496000342537, -0.000356985750841, 0.000170547587913], [-0.000278432824416, 0.000560184882488, -0.000518557499163, 0.0019164782716, -0.00131366192363, 0.000444362551207, -0.000699814525433, 0.00147191400174, -0.00064344907878, 0.00047047183034, 0.000384344020858, 0.000600428553298, -0.00069555855589], [0.000248035736149, -0.000750100123696, 0.000628022302408, -0.00131366192363, 0.00302916602232, -0.00111842819024, 0.00011582881416, -0.00145608407911, -9.43931627262e-06, 0.000350009038812, 0.00019313840312, -0.00042036655941, 0.000502812617924], [-0.000740216753911, 0.00180857093073, -0.00190103659406, 0.000444362551207, -0.00111842819024, 0.00692244619131, -0.00355458050035, 0.00193450471852, -0.00184419797733, 0.000971637957264, -0.00108253757935, 0.00185362133197, -0.000147968894453], [0.00083423522301, -0.00176532415207, 0.00120184326079, -0.000699814525433, 0.00011582881416, -0.00355458050035, 0.00715483445674, -0.00369401276112, 0.00369575037621, -0.00216018781066, 0.00169273477513, -0.00259739323519, 0.00119781168178], [-0.000683619000483, 0.00171977956779, -0.000650941394269, 0.00147191400174, -0.00145608407911, 0.00193450471852, -0.00369401276112, 0.010072520934, -0.0060754539445, 0.000871142488904, 0.00224171439186, 0.00230328878388, -0.000651339360047], [0.000792608596385, -0.00182464940008, 0.000928009336349, -0.00064344907878, -9.43931627262e-06, -0.00184419797733, 0.00369575037621, -0.0060754539445, 0.0143171120435, -0.00782655086368, -0.00243699364364, 0.000413687026594, -0.00113469013013], [-0.000665398547426, 0.00182068836875, -0.00045612899703, 0.00047047183034, 0.000350009038812, 0.000971637957264, -0.00216018781066, 0.000871142488904, -0.00782655086368, 0.0169187672436, -0.00441859988496, 0.00277515989728, 2.10514663195e-05], [0.000386211904697, -0.00103211123496, 0.000496000342537, 0.000384344020858, 0.00019313840312, -0.00108253757935, 0.00169273477513, 0.00224171439186, -0.00243699364364, -0.00441859988496, 0.0124591439962, -0.00361080025323, 0.00101427186746], [-0.00050334027037, 0.00141239329241, -0.000356985750841, 0.000600428553298, -0.00042036655941, 0.00185362133197, -0.00259739323519, 0.00230328878388, 0.000413687026594, 0.00277515989728, -0.00361080025323, 0.0107274465263, -0.0029389525298], [0.0002846881398, -0.000589536910411, 0.000170547587913, -0.00069555855589, 0.000502812617924, -0.000147968894453, 0.00119781168178, -0.000651339360047, -0.00113469013013, 2.10514663195e-05, 0.00101427186746, -0.0029389525298, 0.0109735373408]]}, "spectral_complexity": {"dmean": 3.0983440876, "dmean2": 4.47519636154, "max": 65, "dvar": 26.9744644165, "mean": 15.966381073, "dvar2": 39.3553390503, "min": 0, "var": 99.145149231, "median": 16}, "spectral_flux": {"dmean": 0.0341536290944, "dmean2": 0.0521768070757, "max": 0.4364810884, "dvar": 0.00246969982982, "mean": 0.0857492759824, "dvar2": 0.00453118700534, "min": 6.34059263427e-11, "var": 0.00500304577872, "median": 0.0640469565988}, "spectral_energyband_low": {"dmean": 0.00839230418205, "dmean2": 0.0138184139505, "max": 0.215742975473, "dvar": 0.000455420289654, "mean": 0.0129761649296, "dvar2": 0.00116977468133, "min": 1.27444234216e-23, "var": 0.000510584271979, "median": 0.00653730332851}, "spectral_decrease": {"dmean": 3.50769191471e-09, "dmean2": 5.4999418353e-09, "max": 1.25542331827e-15, "dvar": 4.30349614144e-17, "mean": -7.38361727315e-09, "dvar2": 1.07034001508e-16, "min": -6.1136198326e-08, "var": 5.73169328306e-17, "median": -5.10071762605e-09}, "barkbands_spread": {"dmean": 4.40901565552, "dmean2": 6.72018957138, "max": 148.665267944, "dvar": 75.997253418, "mean": 14.892580986, "dvar2": 160.683807373, "min": 0.455846577883, "var": 152.882659912, "median": 11.8196573257}, "spectral_rms": {"dmean": 0.00107942265458, "dmean2": 0.00159655243624, "max": 0.0151163768023, "dvar": 2.23359484153e-06, "mean": 0.00481780106202, "dvar2": 5.20432968187e-06, "min": 3.10561689212e-12, "var": 5.56463737666e-06, "median": 0.00447352183983}, "spectral_centroid": {"dmean": 182.381454468, "dmean2": 258.872802734, "max": 11829.5908203, "dvar": 69170.6171875, "mean": 1146.73669434, "dvar2": 110799.125, "min": 115.906822205, "var": 927236.375, "median": 914.661071777}, "barkbands_skewness": {"dmean": 0.616788804531, "dmean2": 0.963179409504, "max": 15.4653215408, "dvar": 0.638550341129, "mean": 0.966830790043, "dvar2": 1.46667790413, "min": -5.03995513916, "var": 1.71946001053, "median": 0.786151826382}, "spectral_rolloff": {"dmean": 433.172668457, "dmean2": 762.893676758, "max": 21920.8007812, "dvar": 3421572.25, "mean": 1676.8840332, "dvar2": 7152712, "min": 64.599609375, "var": 9527681, "median": 1055.12695312}, "erbbands_spread": {"dmean": 5.33307361603, "dmean2": 8.63153266907, "max": 117.464759827, "dvar": 75.0795516968, "mean": 19.3940811157, "dvar2": 181.421478271, "min": 0.821840107441, "var": 137.156600952, "median": 16.8624629974}, "barkbands": {"dmean": [0.000652201182675, 0.00464024068788, 0.00388922798447, 0.00223101791926, 0.00187447085045, 0.000594036129769, 0.000587867223658, 0.000755243527237, 0.000867005030159, 0.000686171872076, 0.00100210122764, 0.00083824316971, 0.000665023457259, 0.000416972237872, 0.00031442756881, 0.00036659577745, 0.000257971259998, 0.000173213047674, 0.000115439994261, 6.11750801909e-05, 7.76160522946e-05, 8.93493197509e-05, 6.39231948298e-05, 5.09414167027e-05, 5.71398268221e-05, 2.63828496827e-05, 5.26434132553e-06], "dmean2": [0.00118604954332, 0.00766614917666, 0.00698986696079, 0.00404510274529, 0.00316508696415, 0.000944646482822, 0.00086015870329, 0.00114329101052, 0.00123644061387, 0.0010437296005, 0.00155622302555, 0.00132191402372, 0.0010617703665, 0.000621252052952, 0.000495449523441, 0.000570279953536, 0.000367220549379, 0.000265823589871, 0.00017601448053, 9.25208441913e-05, 0.000115363160148, 0.000137037306558, 9.72576672211e-05, 7.49920218368e-05, 9.11244860617e-05, 4.25225407525e-05, 8.08336790215e-06], "max": [0.0154251903296, 0.133153662086, 0.14224126935, 0.069860778749, 0.0619030296803, 0.0158434212208, 0.0265284366906, 0.0449357815087, 0.0410275533795, 0.0187654402107, 0.0275099985301, 0.0442858077586, 0.0315728038549, 0.00934501271695, 0.00870709307492, 0.0129993930459, 0.00994606409222, 0.00504483794793, 0.00454614218324, 0.00271294661798, 0.0040324004367, 0.00516185211018, 0.00291489926167, 0.00226837769151, 0.00230188248679, 0.00117972109001, 0.00017714612477], "dvar": [2.41571342485e-06, 0.000100334305898, 0.000233987346292, 4.33267050539e-05, 2.10963407881e-05, 1.30369187445e-06, 1.79312326054e-06, 3.67924599232e-06, 5.26008489032e-06, 3.02209332403e-06, 4.17245473727e-06, 4.10590337196e-06, 2.99574412566e-06, 5.35312608463e-07, 4.13810880673e-07, 6.07095103078e-07, 3.20144010857e-07, 1.51824266936e-07, 1.52701304046e-07, 5.39081774775e-08, 1.00671151415e-07, 1.42765713917e-07, 5.72150362643e-08, 3.29596261395e-08, 5.42468718834e-08, 1.07424140694e-08, 2.45001380295e-10], "mean": [0.00114944169763, 0.00753104267642, 0.00353924394585, 0.00201752362773, 0.00268033868633, 0.00100482336711, 0.00104583776556, 0.00127019139472, 0.00163413584232, 0.000893410819117, 0.00141593976878, 0.00135420227889, 0.000878995691892, 0.000732188113034, 0.000454969442217, 0.000621817191131, 0.000479092763271, 0.00027150643291, 0.000129331689095, 6.67247950332e-05, 6.86601561029e-05, 7.55531727918e-05, 6.15173921688e-05, 4.66820856673e-05, 4.65873927169e-05, 2.08518249565e-05, 4.5125516408e-06], "dvar2": [7.98356359155e-06, 0.000277569197351, 0.000659795536194, 0.000125151389511, 5.55764599994e-05, 3.3724536479e-06, 3.72678437088e-06, 7.93468461779e-06, 1.14119266073e-05, 7.17986313248e-06, 9.92341574602e-06, 1.02745198092e-05, 7.24475012248e-06, 1.23639097183e-06, 8.54996756061e-07, 1.3799071894e-06, 5.51056132281e-07, 3.27195095906e-07, 3.30040734298e-07, 1.0661218397e-07, 2.24799421744e-07, 3.38012455359e-07, 1.12105531969e-07, 7.19434112284e-08, 1.30136868393e-07, 2.73901914483e-08, 5.95623272925e-10], "min": [3.88425347577e-25, 4.7553872486e-24, 1.96379280265e-25, 1.54055896763e-24, 9.58782096408e-24, 5.24689295205e-24, 6.96220393728e-24, 4.67408053839e-24, 1.92967304994e-23, 1.41358951724e-23, 1.69193372339e-23, 2.99009742852e-23, 2.36206838025e-23, 2.24065464055e-23, 3.39855635238e-23, 6.45411724534e-23, 6.90331673288e-23, 8.0410504268e-23, 1.09238971665e-22, 1.59215064438e-22, 2.67455401306e-22, 2.9720176832e-22, 3.74038385589e-22, 6.29966648425e-22, 9.49041724733e-22, 1.182617658e-21, 1.82421193946e-21], "var": [4.9949167078e-06, 0.000139052761369, 0.000144196063047, 2.72997021966e-05, 3.08318012685e-05, 2.14064675674e-06, 4.1556272663e-06, 7.5452726378e-06, 9.25664789975e-06, 3.96899167754e-06, 5.75349895371e-06, 5.17219723406e-06, 3.2347566048e-06, 1.14407623641e-06, 7.06912317128e-07, 1.0505220871e-06, 9.46189629758e-07, 2.36667062836e-07, 1.66730728779e-07, 6.96813060586e-08, 1.0416070495e-07, 1.33555957404e-07, 6.80092284711e-08, 3.5536629639e-08, 4.80684398951e-08, 8.60523297064e-09, 2.30765045961e-10], "median": [8.08273616713e-05, 0.00303524080664, 0.00100046803709, 0.000552644196432, 0.000905456545297, 0.000414551555878, 0.000322355306707, 0.000481082650367, 0.000713572022505, 0.000304945075186, 0.000576227321289, 0.000559732725378, 0.000270157295745, 0.00020587828476, 0.000133659646963, 0.000145221798448, 5.72503813601e-05, 3.1912655686e-05, 1.26753184304e-05, 5.639380106e-06, 2.51988922173e-06, 1.13803844215e-06, 3.1960968272e-07, 1.80624709856e-07, 1.52454944669e-07, 1.42577761153e-07, 3.63722065799e-08]}, "melbands_kurtosis": {"dmean": 5.30964374542, "dmean2": 8.69577980042, "max": 1067.56762695, "dvar": 429.06439209, "mean": 6.20879268646, "dvar2": 1066.90661621, "min": -1.79427659512, "var": 390.906158447, "median": 2.06021213531}, "erbbands_crest": {"dmean": 2.85708379745, "dmean2": 4.5586566925, "max": 31.7651119232, "dvar": 9.19701480865, "mean": 10.9188241959, "dvar2": 20.6598434448, "min": 2.16272044182, "var": 31.8704853058, "median": 9.26337718964}, "melbands_skewness": {"dmean": 0.71348887682, "dmean2": 1.11354887486, "max": 24.46626091, "dvar": 0.841081440449, "mean": 1.68218386173, "dvar2": 2.00277996063, "min": -2.4062063694, "var": 2.16441273689, "median": 1.44314169884}, "spectral_energyband_middle_low": {"dmean": 0.00544180441648, "dmean2": 0.0088908020407, "max": 0.0888333693147, "dvar": 0.000117829556984, "mean": 0.00983105506748, "dvar2": 0.000317369180266, "min": 1.6379715985e-22, "var": 0.000133444846142, "median": 0.00604719156399}, "spectral_contrast_coeffs": {"dmean": [0.0550832264125, 0.0470033101737, 0.0497230738401, 0.041433788836, 0.0331763550639, 0.0251819603145], "dmean2": [0.0884185060859, 0.0720308721066, 0.0739707276225, 0.0599968545139, 0.0457009635866, 0.0377896614373], "max": [-0.275711297989, -0.274817377329, -0.340591162443, -0.39253783226, -0.445160150528, -0.57539331913], "dvar": [0.00324611668475, 0.00228383182548, 0.00252880505286, 0.00180630676914, 0.00138890149537, 0.000869155686814], "mean": [-0.691895544529, -0.709192812443, -0.684339463711, -0.712904036045, -0.732443869114, -0.790069520473], "dvar2": [0.00759478984401, 0.00438017770648, 0.0047263414599, 0.00312643125653, 0.00215375027619, 0.00152261182666], "min": [-0.987967908382, -0.986702620983, -0.981033504009, -0.970884799957, -0.971267461777, -0.964110732079], "var": [0.0141063826159, 0.0138442646712, 0.0148595022038, 0.0118063567206, 0.0102969845757, 0.00290534971282], "median": [-0.71375310421, -0.72837126255, -0.691466569901, -0.708619773388, -0.732094526291, -0.778580904007]}, "spectral_contrast_valleys": {"dmean": [0.498274326324, 0.424508422613, 0.514096200466, 0.513363003731, 0.477122962475, 0.568631112576], "dmean2": [0.726619720459, 0.615622282028, 0.729380369186, 0.695658802986, 0.632300972939, 0.724005937576], "max": [-5.02766609192, -4.84748315811, -4.77009963989, -5.18623590469, -5.44610214233, -7.58011960983], "dvar": [0.338753700256, 0.300550758839, 0.436592817307, 0.470068722963, 0.444131106138, 0.564355492592], "mean": [-8.15117549896, -7.49508857727, -7.97499036789, -8.60271167755, -9.44347286224, -12.2884197235], "dvar2": [0.506785094738, 0.484689712524, 0.736209511757, 0.761045098305, 0.703049004078, 0.861818313599], "min": [-28.3965244293, -28.0045413971, -27.6984119415, -27.7570991516, -27.4625282288, -27.4052391052], "var": [7.52599906921, 5.56191682816, 4.85802650452, 5.02778482437, 4.60259771347, 3.90624856949], "median": [-6.92810249329, -6.80835819244, -7.54940891266, -8.08547019958, -8.9133348465, -12.5525722504]}, "silence_rate_20dB": {"dmean": 0, "dmean2": 0, "max": 1, "dvar": 0, "mean": 1, "dvar2": 0, "min": 1, "var": 0, "median": 1}, "silence_rate_30dB": {"dmean": 0.0387329012156, "dmean2": 0.077471382916, "max": 1, "dvar": 0.0372347719967, "mean": 0.972860097885, "dvar2": 0.0950771272182, "min": 0, "var": 0.0264012869447, "median": 1}, "spectral_strongpeak": {"dmean": 0.609119951725, "dmean2": 1.0118881464, "max": 9.858086586, "dvar": 0.890192210674, "mean": 1.12203526497, "dvar2": 2.0308368206, "min": 0, "var": 1.69197523594, "median": 0.554868578911}, "spectral_spread": {"dmean": 733445.6875, "dmean2": 1060957.375, "max": 42646204, "dvar": 1793551892480.0, "mean": 2773014.75, "dvar2": 3463324368900.0, "min": 264040.75, "var": 12733879681000.0, "median": 1736793.125}, "barkbands_flatness_db": {"dmean": 0.0344656296074, "dmean2": 0.0480145327747, "max": 0.588059544563, "dvar": 0.00192247959785, "mean": 0.236172303557, "dvar2": 0.0033516571857, "min": 0.0226884707808, "var": 0.00961874332279, "median": 0.224346742034}, "pitch_salience": {"dmean": 0.0793884918094, "dmean2": 0.127988785505, "max": 0.956725656986, "dvar": 0.00665580946952, "mean": 0.495092302561, "dvar2": 0.016502847895, "min": 0.0277380980551, "var": 0.0170380733907, "median": 0.487769663334}, "erbbands_kurtosis": {"dmean": 1.21588504314, "dmean2": 2.0042424202, "max": 57.8905944824, "dvar": 5.16474914551, "mean": 0.829809844494, "dvar2": 13.8007650375, "min": -1.89876818657, "var": 7.17263936996, "median": 0.130620479584}, "average_loudness": 0.894666194916, "barkbands_crest": {"dmean": 2.53600358963, "dmean2": 4.04065322876, "max": 26.3313865662, "dvar": 6.04872655869, "mean": 10.997048378, "dvar2": 15.2769289017, "min": 2.31092596054, "var": 25.9478874207, "median": 9.92636966705}, "hfc": {"dmean": 9.2283039093, "dmean2": 13.1683988571, "max": 222.297561646, "dvar": 382.1590271, "mean": 17.9454116821, "dvar2": 753.155395508, "min": 1.08363684417e-16, "var": 544.08190918, "median": 13.2301282883}, "barkbands_kurtosis": {"dmean": 2.91850948334, "dmean2": 4.80235528946, "max": 264.616119385, "dvar": 70.8828201294, "mean": 2.72272372246, "dvar2": 182.601638794, "min": -1.93346440792, "var": 79.7027053833, "median": 0.393242359161}, "erbbands": {"dmean": [0.153301090002, 1.04054915905, 4.01025342941, 6.25093603134, 6.59633350372, 6.18335008621, 5.75790596008, 5.60051679611, 7.4708776474, 11.574473381, 15.9671211243, 19.3690433502, 16.9621887207, 28.2645645142, 40.0878105164, 30.6474246979, 29.7209529877, 21.4755210876, 16.5382518768, 17.8298130035, 17.4623813629, 13.6967792511, 10.8081035614, 6.63484239578, 4.05674743652, 3.03285050392, 3.18760609627, 3.25875401497, 3.31327581406, 2.92407274246, 1.45619308949, 0.798046469688, 1.05359470844, 0.757743954659, 0.34267771244, 0.159554302692, 0.0405731014907, 0.00661476189271, 0.000553867663257, 8.88280919753e-05], "dmean2": [0.257054001093, 1.71015930176, 7.04805994034, 11.3889741898, 11.8378324509, 10.1129674911, 9.18058204651, 8.69479465485, 11.0251979828, 17.4858894348, 24.0810279846, 27.4086952209, 25.9866142273, 44.4949989319, 63.2269630432, 47.6708450317, 47.086681366, 31.7469558716, 25.3442630768, 26.9462337494, 26.7099952698, 19.5777835846, 15.8493366241, 10.2033615112, 6.19772768021, 4.64996767044, 4.78869056702, 4.99755430222, 5.0919046402, 4.51076173782, 2.20010447502, 1.18324649334, 1.58104586601, 1.202698946, 0.55291223526, 0.260902732611, 0.0650576502085, 0.0104913683608, 0.000880307110492, 0.000130201748107], "max": [4.0384349823, 31.8968162537, 142.485153198, 235.10093689, 189.960250854, 208.00881958, 396.565643311, 183.309158325, 350.781066895, 480.610076904, 1039.97827148, 822.817016602, 704.589477539, 1049.01159668, 1222.20117188, 1308.38720703, 1673.6517334, 1090.19946289, 431.091064453, 666.046630859, 551.17388916, 478.336242676, 312.257080078, 289.345855713, 149.179504395, 123.829566956, 162.231674194, 169.329071045, 190.289123535, 135.176925659, 82.7250595093, 38.2285766602, 45.9164657593, 34.7585639954, 16.1975917816, 7.05015563965, 1.90464890003, 0.292148888111, 0.0255009606481, 0.00246718106791], "dvar": [0.0916543602943, 6.86024999619, 224.544265747, 429.281921387, 371.455352783, 194.609451294, 323.246948242, 107.677459717, 311.381378174, 672.775817871, 1593.43444824, 2281.79174805, 1564.4095459, 4082.19897461, 5967.02197266, 5717.33886719, 5887.73828125, 2152.95605469, 923.049072266, 1535.38598633, 1529.0994873, 905.014038086, 463.075561523, 463.345245361, 178.689849854, 135.272735596, 171.374679565, 192.776824951, 195.577896118, 133.561279297, 30.6776981354, 8.47446537018, 14.893529892, 9.53299999237, 2.09163880348, 0.421188265085, 0.0250258650631, 0.00057130533969, 3.08077051159e-06, 5.58466872747e-08], "mean": [0.262478023767, 1.5052498579, 4.08575487137, 5.45921802521, 6.87229061127, 9.73729419708, 8.98405742645, 9.87869739532, 13.5491685867, 21.5391273499, 27.2410354614, 35.4300613403, 30.5740528107, 37.7123718262, 64.0072555542, 49.8748970032, 42.6193695068, 36.6036987305, 28.3346729279, 29.0272808075, 29.6891269684, 27.2589530945, 20.3746528625, 9.10842895508, 4.64615392685, 3.34453749657, 2.83312773705, 2.75973773003, 2.73835158348, 2.75335407257, 1.40920042992, 0.78615128994, 0.923075973988, 0.622030615807, 0.269061803818, 0.122855678201, 0.0325904786587, 0.00537746585906, 0.000471550622024, 0.00010164797277], "dvar2": [0.274255096912, 18.2140045166, 618.756347656, 1230.65710449, 1085.77636719, 469.918457031, 781.483093262, 254.690765381, 642.990112305, 1500.2890625, 3297.03149414, 4853.83251953, 3569.82958984, 9697.64550781, 14713.4804688, 13894.3017578, 14070.9951172, 4953.53662109, 2085.328125, 2999.92822266, 3451.06958008, 1546.8972168, 955.405578613, 855.459838867, 363.430511475, 244.885192871, 396.990020752, 458.705535889, 469.71585083, 276.990478516, 61.6444206238, 16.8095664978, 33.8090209961, 22.6948852539, 5.2515039444, 1.09754276276, 0.0633551478386, 0.00144285103306, 7.98170003691e-06, 1.20993334463e-07], "min": [5.8014061593e-23, 6.5545849294e-22, 5.64370478641e-22, 4.89051513633e-21, 1.35803120236e-20, 2.78417135776e-20, 4.81333651946e-20, 3.95011700472e-20, 1.1889803652e-19, 1.77767227019e-19, 2.31777739547e-19, 4.32589042284e-19, 4.72971379404e-19, 4.84655047062e-19, 8.51208451589e-19, 1.55733335284e-18, 1.43661533803e-18, 2.24561834643e-18, 2.71060014339e-18, 2.61586397502e-18, 4.16063865821e-18, 4.21650271447e-18, 5.30358058036e-18, 7.29320431159e-18, 7.5979268959e-18, 9.44057593512e-18, 9.94401046363e-18, 1.10582988494e-17, 9.61557426551e-18, 1.11262128592e-17, 1.16840915884e-17, 1.13756657165e-17, 1.1198505136e-17, 8.10365188753e-18, 6.82583278983e-18, 4.55788263481e-18, 2.34322689948e-18, 8.0284289098e-19, 2.40883731471e-19, 2.87850872168e-20], "var": [0.167840853333, 7.25388622284, 149.594940186, 257.751159668, 252.129226685, 443.287872314, 531.915893555, 212.586242676, 708.761413574, 1485.73205566, 3000.94726562, 4129.19335938, 2330.64135742, 5191.72753906, 8493.41210938, 6986.12890625, 6472.578125, 3350.5378418, 1694.23999023, 2746.28295898, 2449.95410156, 2520.01245117, 1083.44104004, 601.914123535, 213.679016113, 183.160369873, 172.823440552, 180.739974976, 178.316513062, 148.642807007, 35.9893989563, 10.2781095505, 14.8971424103, 8.56203556061, 1.70701932907, 0.321527868509, 0.0203991569579, 0.000473607215099, 2.5539861781e-06, 6.574768463e-08], "median": [0.0743613019586, 0.595471024513, 1.40604412556, 1.82786369324, 2.09368109703, 2.82295656204, 3.03706598282, 3.93074798584, 5.40494060516, 8.26729202271, 12.0069532394, 14.9920873642, 14.8930187225, 13.1114444733, 30.4445133209, 24.8158931732, 17.3933429718, 13.8016033173, 10.742184639, 9.09337520599, 7.41395807266, 4.38796758652, 2.7748939991, 1.04111778736, 0.577753663063, 0.29069045186, 0.137284323573, 0.0879175588489, 0.0530356168747, 0.018633659929, 0.00923968106508, 0.00476754782721, 0.00277846399695, 0.00185102387331, 0.00100950920023, 0.000516940373927, 0.000283882138319, 7.38937378628e-05, 1.77707624971e-05, 2.54411679634e-05]}, "spectral_energy": {"dmean": 0.0139714768156, "dmean2": 0.0217150598764, "max": 0.234217464924, "dvar": 0.000655089039356, "mean": 0.0294952355325, "dvar2": 0.00161838054191, "min": 9.8859771973e-21, "var": 0.00088226335356, "median": 0.0205127056688}, "zerocrossingrate": {"dmean": 0.0130817191675, "dmean2": 0.0139100570232, "max": 0.8447265625, "dvar": 0.00153660017531, "mean": 0.0604800879955, "dvar2": 0.00129180157091, "min": 0.00341796875, "var": 0.0114077236503, "median": 0.03857421875}, "spectral_energyband_high": {"dmean": 0.000399717275286, "dmean2": 0.000583421264309, "max": 0.0172248855233, "dvar": 2.205502823