{"metadata": {"audio_properties": {"downmix": "mix", "bit_rate": 246089, "lossless": false, "md5_encoded": "6fbc2bd91886cee9e2c1f13c4ddd2e06", "analysis_sample_rate": 44100, "sample_rate": 44100, "replay_gain": 2.89383506775, "equal_loudness": 0, "codec": "mp3", "length": 192.654129028}, "tags": {"album": ["Halfbird"], "artist": ["Deerhoof"], "musicbrainz_recordingid": ["98646b77-6c09-4e09-8720-59e7a168b170"], "musicbrainz_artistid": ["11eabe0c-2638-4808-92f9-1dbd9c453429"], "title": ["Red Dragon"], "musicbrainz_albumid": ["d2dd6477-c924-4519-b781-5072dff4938b"], "file_name": "03 - Deerhoof - Red Dragon.mp3", "tracknumber": ["03/14"], "date": [""], "genre": ["Indie"]}, "version": {"essentia_build_sha": "ca57ba49d9b1854bd80e60cf9ccf267278fb7d6b", "essentia_git_sha": "v2.1_beta1-28-g21ef5f4-dirty", "extractor": "music 1.0", "essentia": "2.1-beta1"}}, "tonal": {"chords_scale": "major", "hpcp": {"dmean": [0.213553383946, 0.188693106174, 0.205330789089, 0.126386657357, 0.0892211720347, 0.0686856880784, 0.0531238876283, 0.0467900335789, 0.0590029507875, 0.0698506608605, 0.0734676197171, 0.097473308444, 0.122902780771, 0.116194218397, 0.123308166862, 0.0941648557782, 0.0910362452269, 0.0902006626129, 0.0580407902598, 0.024883037433, 0.0262322947383, 0.0447167605162, 0.0832690745592, 0.115873090923, 0.128536179662, 0.0830029174685, 0.0478984005749, 0.0571017377079, 0.0786518380046, 0.0923686549067, 0.10214613378, 0.0975722894073, 0.082126878202, 0.0759292691946, 0.0824271887541, 0.146344587207], "dvar2": [0.161482557654, 0.149665892124, 0.148036748171, 0.11109841615, 0.104863956571, 0.0664955973625, 0.0458623617887, 0.0356217958033, 0.0583488531411, 0.0634693279862, 0.0679804161191, 0.100165814161, 0.121662773192, 0.0908013358712, 0.1134455055, 0.0622809045017, 0.0584074929357, 0.0664833411574, 0.0375636406243, 0.0164297241718, 0.0157647207379, 0.0261201485991, 0.0499242246151, 0.0730635523796, 0.125852301717, 0.0526336766779, 0.0346133485436, 0.0481532514095, 0.0641323179007, 0.070482596755, 0.0888084620237, 0.0965901389718, 0.0831222608685, 0.087986163795, 0.0912093445659, 0.124935299158], "mean": [0.350490152836, 0.499591499567, 0.336528867483, 0.129026830196, 0.0794013664126, 0.0642879456282, 0.0462842434645, 0.041666764766, 0.0525311157107, 0.0705603286624, 0.0810824111104, 0.0941797569394, 0.129138603806, 0.16306476295, 0.139598831534, 0.108352206647, 0.174945905805, 0.177275747061, 0.0673935413361, 0.0190508794039, 0.0213087517768, 0.0448957681656, 0.115070782602, 0.187372907996, 0.177312076092, 0.0899176076055, 0.0363853760064, 0.0478767156601, 0.097980171442, 0.149354979396, 0.139368698001, 0.105152755976, 0.0773879289627, 0.0578362755477, 0.0642903074622, 0.137034773827], "var": [0.116877987981, 0.164980173111, 0.102252587676, 0.0473783686757, 0.0372200347483, 0.0225802361965, 0.0128995832056, 0.0136722335592, 0.0180296115577, 0.0251930467784, 0.0336231030524, 0.0423952154815, 0.0552060902119, 0.0700548812747, 0.0473265647888, 0.0278299376369, 0.0770270302892, 0.083767965436, 0.0172453466803, 0.00359626440331, 0.00425658654422, 0.010693827644, 0.0390803702176, 0.0644925907254, 0.0730478540063, 0.0223112404346, 0.0092640882358, 0.0142046827823, 0.0357761569321, 0.0627226307988, 0.0544048547745, 0.0454018190503, 0.0301554035395, 0.0224992986768, 0.0255751367658, 0.048366099596], "dmean2": [0.373236298561, 0.329961061478, 0.358685404062, 0.224198356271, 0.160814270377, 0.122134670615, 0.0955527350307, 0.083543419838, 0.10649253428, 0.122633583844, 0.12941673398, 0.173929736018, 0.217879265547, 0.201202526689, 0.21893902123, 0.165125742555, 0.153411641717, 0.150441482663, 0.0989764258265, 0.0457628108561, 0.0472409650683, 0.0783980712295, 0.138306990266, 0.195798173547, 0.225540846586, 0.147455111146, 0.0871065631509, 0.10310934484, 0.135769888759, 0.157521307468, 0.179188579321, 0.173661634326, 0.147707745433, 0.139911964536, 0.152565136552, 0.261584848166], "dvar": [0.0599646642804, 0.0595569089055, 0.0529323257506, 0.0409851744771, 0.03838769719, 0.0242470279336, 0.0165043640882, 0.0136446300894, 0.0205714032054, 0.0234016831964, 0.0254785828292, 0.0360374338925, 0.0429756529629, 0.0352236256003, 0.0379574894905, 0.0223695859313, 0.0231783427298, 0.0267437547445, 0.0138772269711, 0.00570815382525, 0.00570009322837, 0.0100233033299, 0.0201318543404, 0.0279644001275, 0.0457699224353, 0.0189472194761, 0.0123383346945, 0.016792204231, 0.0236111879349, 0.0273097790778, 0.0320965386927, 0.0351208411157, 0.0302254762501, 0.0301300436258, 0.0322842039168, 0.0445543937385], "min": [0, 0, 0, 0, 0, 0, 0, 0, 0, 0, 0, 0, 0, 0, 0, 0, 0, 0, 0, 0, 0, 0, 0, 0, 0, 0, 0, 0, 0, 0, 0, 0, 0, 0, 0, 0], "median": [0.233932033181, 0.458571851254, 0.23457840085, 0.0381966196001, 0.00779947498813, 0.0093659479171, 0.00990455318242, 0.00679350737482, 0.0105200167745, 0.0154495583847, 0.0151220792904, 0.0104066487402, 0.0166700184345, 0.0410245060921, 0.0451763570309, 0.0396452359855, 0.0389987118542, 0.0303040780127, 0.0124810794368, 0.0039969664067, 0.0041218441911, 0.010326388292, 0.0357369482517, 0.0732936710119, 0.0564534962177, 0.0250252988189, 0.00563590228558, 0.006963476073, 0.0199881307781, 0.0343277901411, 0.0290565080941, 0.0134364198893, 0.00728684477508, 0.0063248956576, 0.00691329035908, 0.0356797836721], "max": [1, 1, 1, 1, 1, 1, 1, 1, 1, 1, 1, 1, 1, 1, 1, 1, 1, 1, 1, 1, 0.945348501205, 1, 1, 1, 1, 1, 1, 1, 1, 1, 1, 1, 1, 1, 1, 1]}, "tuning_equal_tempered_deviation": 0.318443387747, "chords_key": "A", "chords_strength": {"dmean": 0.00826185103506, "dvar2": 0.000945077219512, "mean": 0.52192825079, "var": 0.0249426551163, "dmean2": 0.00883765798062, "dvar": 0.000519453140441, "min": -1, "median": 0.538906335831, "max": 0.800839424133}, "tuning_diatonic_strength": 0.625871241093, "thpcp": [1, 0.673608064651, 0.258264660835, 0.158932581544, 0.128681018949, 0.0926441773772, 0.0834016650915, 0.105148136616, 0.141236051917, 0.162297412753, 0.188513532281, 0.258488386869, 0.326396197081, 0.279425948858, 0.216881603003, 0.350177913904, 0.354841411114, 0.13489729166, 0.0381329134107, 0.0426523499191, 0.0898649543524, 0.230329751968, 0.375052243471, 0.35491412878, 0.17998225987, 0.0728302523494, 0.0958317294717, 0.19612057507, 0.298954218626, 0.278965324163, 0.210477471352, 0.154902413487, 0.115767136216, 0.128685757518, 0.274293631315, 0.701553463936], "chords_histogram": [14.8674697876, 9.0843372345, 3.90361452103, 2.53012037277, 0, 0.168674692512, 3.06024098396, 11.1084337234, 18.8192768097, 27.0120487213, 0.89156627655, 0.048192769289, 0.048192769289, 0, 0, 0.843373477459, 0, 1.59036147594, 0, 0.0722891539335, 0, 0, 2.57831335068, 3.37349390984], "tuning_nontempered_energy_ratio": 0.94436776638, "tuning_frequency": 434.193115234, "key_strength": 0.757207453251, "chords_changes_rate": 0.0650602430105, "key_scale": "minor", "hpcp_entropy": {"dmean": 0.564906477928, "dvar2": 0.619971990585, "mean": 1.98974823952, "var": 0.535021901131, "dmean2": 0.955958127975, "dvar": 0.230504408479, "min": 0, "median": 2.02837324142, "max": 4.18520355225}, "key_key": "D", "chords_number_rate": 0.00265060248785}, "lowlevel": {"melbands_skewness": {"dmean": 0.684944391251, "dvar2": 1.19565498829, "mean": 2.28506612778, "var": 2.18096160889, "dmean2": 1.12874674797, "dvar": 0.436099529266, "min": -3.81904435158, "median": 2.11442923546, "max": 10.5473833084}, "melbands_kurtosis": {"dmean": 6.82717704773, "dvar2": 293.437927246, "mean": 12.6935901642, "var": 273.662139893, "dmean2": 11.4903936386, "dvar": 105.954475403, "min": -1.78052926064, "median": 7.43272590637, "max": 196.713562012}, "barkbands_kurtosis": {"dmean": 10.4365653992, "dvar2": 612.704223633, "mean": 20.3879108429, "var": 575.458862305, "dmean2": 17.3891429901, "dvar": 231.902481079, "min": -1.81206560135, "median": 13.2536497116, "max": 328.303863525}, "hfc": {"dmean": 126.057174683, "dvar2": 90746.40625, "mean": 438.525543213, "var": 170138.59375, "dmean2": 214.456878662, "dvar": 29654.7539062, "min": 1.08689136974e-16, "median": 314.852355957, "max": 3618.3815918}, "silence_rate_20dB": {"dmean": 0, "dvar2": 0, "mean": 1, "var": 0, "dmean2": 0, "dvar": 0, "min": 1, "median": 1, "max": 1}, "erbbands_flatness_db": {"dmean": 0.0339320749044, "dvar2": 0.00215334026143, "mean": 0.201126560569, "var": 0.00302288518287, "dmean2": 0.0537525191903, "dvar": 0.000822086876724, "min": 0.0525722429156, "median": 0.201352655888, "max": 0.39483755827}, "spectral_flux": {"dmean": 0.0200292021036, "dvar2": 0.00141001772135, "mean": 0.0882980301976, "var": 0.00322772422805, "dmean2": 0.0316661149263, "dvar": 0.000629404559731, "min": 6.24023194229e-11, "median": 0.0784801766276, "max": 0.41225373745}, "spectral_energyband_low": {"dmean": 0.00751276547089, "dvar2": 0.000445819547167, "mean": 0.0165318287909, "var": 0.000467777688755, "dmean2": 0.0126702003181, "dvar": 0.000163603428518, "min": 6.53111432954e-24, "median": 0.00863411650062, "max": 0.217065691948}, "spectral_rolloff": {"dmean": 999.096679688, "dvar2": 49559836, "mean": 20876.2695312, "var": 18948028, "dmean2": 1961.74682617, "dvar": 18004560, "min": 86.1328125, "median": 21920.8007812, "max": 22050}, "spectral_entropy": {"dmean": 0.367071419954, "dvar2": 0.264751076698, "mean": 6.43755483627, "var": 0.452194541693, "dmean2": 0.579956352711, "dvar": 0.10051690042, "min": 4.48239135742, "median": 6.3879404068, "max": 9.83024692535}, "spectral_energy": {"dmean": 0.013299186714, "dvar2": 0.00100501498673, "mean": 0.0516834333539, "var": 0.00225277943537, "dmean2": 0.0216664485633, "dvar": 0.000384765007766, "min": 1.00750469362e-20, "median": 0.0397761724889, "max": 0.352035075426}, "spectral_centroid": {"dmean": 78.8960952759, "dvar2": 58833.4179688, "mean": 516.159118652, "var": 1233381.375, "dmean2": 122.379295349, "dvar": 32842.171875, "min": 126.479484558, "median": 359.452026367, "max": 11766.7294922}, "barkbands_flatness_db": {"dmean": 0.0378224700689, "dvar2": 0.00264540500939, "mean": 0.240299329162, "var": 0.00457382760942, "dmean2": 0.0601230412722, "dvar": 0.00100291275885, "min": 0.045681104064, "median": 0.236861288548, "max": 0.49427691102}, "spectral_rms": {"dmean": 0.000837659405079, "dvar2": 2.34956291933e-06, "mean": 0.00628003850579, "var": 1.09841939775e-05, "dmean2": 0.00135957158636, "dvar": 9.04680518943e-07, "min": 3.13517376123e-12, "median": 0.00622944813222, "max": 0.0185323730111}, "melbands": {"dmean": [0.00083059782628, 0.00166858232114, 0.00100909708999, 0.000718949420843, 0.000322658568621, 0.000276129110716, 0.00017440544616, 0.00014931622718, 0.000103069571196, 5.73392608203e-05, 3.55499469151e-05, 3.49461588485e-05, 2.96708622045e-05, 2.56998628174e-05, 8.5665988081e-06, 6.01734836891e-06, 8.40149459691e-06, 5.22829577676e-06, 2.38163056565e-06, 1.51574352003e-06, 1.12348357106e-06, 8.03873547284e-07, 9.30154897105e-07, 8.13513906905e-07, 1.25728649891e-06, 5.48451055238e-07, 3.49667686805e-07, 3.06586116494e-07, 2.85510935782e-07, 2.6005767495e-07, 1.77912966137e-07, 1.08640236363e-07, 6.37135286752e-08, 4.42594725314e-08, 3.83138818449e-08, 3.39814860695e-08, 2.98992048897e-08, 2.64443986708e-08, 2.03992271963e-08, 1.83046147129e-08], "dvar2": [1.79307899089e-05, 2.31606627494e-05, 7.32052922103e-06, 8.42676035973e-06, 1.8938131916e-06, 1.14118483907e-06, 2.80071645875e-07, 3.25532795387e-07, 1.26068925965e-07, 6.13332176158e-08, 2.67229474105e-08, 1.56951660557e-08, 2.53646010862e-08, 1.39571989521e-08, 1.95265070779e-09, 1.49178402964e-09, 4.02509137132e-09, 2.65032462643e-09, 4.97949181888e-10, 1.21581300583e-10, 5.97062607688e-11, 2.5336318113e-11, 4.5430399026e-11, 7.92334670097e-11, 2.83476020435e-10, 1.55323566509e-11, 7.09224562759e-12, 4.70794410401e-12, 4.66671536484e-12, 4.03260628015e-12, 1.45578384417e-12, 6.00585607722e-13, 1.122462854e-13, 3.40678480977e-14, 2.4460493784e-14, 1.61869402295e-14, 1.63723947052e-14, 2.94842478882e-14, 5.20909253639e-15, 4.22696249273e-15], "mean": [0.00128551444504, 0.00359453354031, 0.00200351770036, 0.00144798029214, 0.000583945948165, 0.000577871920541, 0.00034926016815, 0.000356221280526, 0.000208062163438, 0.000102235761005, 6.01360152359e-05, 6.14891250734e-05, 5.07004006067e-05, 3.99965283577e-05, 1.36799781103e-05, 9.47076114244e-06, 1.63204458659e-05, 7.77699915488e-06, 2.59426724369e-06, 1.71880526523e-06, 1.26967040615e-06, 9.4016741059e-07, 1.04180571725e-06, 8.54614199852e-07, 1.6173860331e-06, 6.49061632885e-07, 3.82298395607e-07, 3.3751518913e-07, 3.17162744068e-07, 2.97467920518e-07, 2.11416121942e-07, 1.31589231955e-07, 7.55110036721e-08, 5.05851502908e-08, 4.31962696723e-08, 3.94548784755e-08, 3.5543763488e-08, 2.97267988003e-08, 2.18548930064e-08, 1.86603195118e-08], "var": [1.09092106868e-05, 2.64577483904e-05, 8.08346430858e-06, 1.2745776985e-05, 9.74649992713e-07, 1.14527165351e-06, 5.04284571434e-07, 1.14623082936e-06, 4.190027596e-07, 9.78730199108e-08, 2.57314294316e-08, 2.21619327334e-08, 1.47535468287e-08, 7.94259946701e-09, 1.16714848897e-09, 1.53912493861e-09, 5.11894482358e-09, 1.43095624239e-09, 1.96822114162e-10, 5.30112724551e-11, 2.78627121375e-11, 1.5191488692e-11, 2.23971067387e-11, 2.5004779497e-11, 3.45243417188e-10, 9.81393612209e-12, 3.53482390927e-12, 2.69380654935e-12, 2.93233167782e-12, 2.98430399316e-12, 1.43832461132e-12, 5.23146467552e-13, 1.02276897346e-13, 2.66728913262e-14, 1.66730659905e-14, 1.45520700795e-14, 1.31420219555e-14, 1.28266783655e-14, 2.07757128456e-15, 1.58237327135e-15], "dmean2": [0.00135700835381, 0.0028724251315, 0.00169895496219, 0.00114669348113, 0.000538639549632, 0.000438708113506, 0.000270179531071, 0.000215201915125, 0.000154758774443, 8.52991870488e-05, 5.61909400858e-05, 5.29682874912e-05, 4.65440680273e-05, 4.19629614044e-05, 1.40040792758e-05, 9.29904490476e-06, 1.26972554426e-05, 8.05203490017e-06, 3.81537211069e-06, 2.45476803684e-06, 1.80073027423e-06, 1.24276107272e-06, 1.45711283039e-06, 1.30261992126e-06, 1.85703481748e-06, 8.36616834476e-07, 5.45041928035e-07, 4.75500854691e-07, 4.43441393827e-07, 3.93608530658e-07, 2.65998380655e-07, 1.66179106031e-07, 1.01901889593e-07, 7.25621305264e-08, 6.27428207167e-08, 5.4733263255e-08, 4.90341349746e-08, 4.39939356056e-08, 3.44725208379e-08, 3.10117940217e-08], "dvar": [7.2377952165e-06, 7.75803073338e-06, 2.69632073469e-06, 3.68479800272e-06, 6.83934842982e-07, 4.24345046213e-07, 1.41238416518e-07, 1.77989548433e-07, 8.42018721414e-08, 3.50566899954e-08, 1.15838210135e-08, 7.90688314822e-09, 1.00202433018e-08, 5.5088933415e-09, 7.7777345675e-10, 7.82427178603e-10, 2.32196151195e-09, 1.10876052783e-09, 2.0370584386e-10, 5.09166354912e-11, 2.49139337632e-11, 1.15022956437e-11, 1.94142896204e-11, 2.96488944507e-11, 1.62092297917e-10, 6.93319707201e-12, 2.9916999867e-12, 2.08879463205e-12, 2.06238216609e-12, 1.86190993179e-12, 7.76180497913e-13, 3.05964373845e-13, 5.42499259491e-14, 1.52745366675e-14, 1.03870117192e-14, 7.81525790806e-15, 7.27321780819e-15, 1.193871001e-14, 1.92743977686e-15, 1.55768406088e-15], "min": [4.77773360728e-25, 6.82398061693e-25, 7.70354918638e-25, 1.43566906344e-24, 1.85135340099e-24, 2.19532535187e-24, 1.05890870068e-24, 2.81049052425e-24, 9.25165222806e-25, 2.55902079754e-24, 1.77687132369e-24, 1.43484914114e-24, 2.37739780146e-24, 2.22056101223e-24, 2.95854098071e-24, 3.2286487296e-24, 3.54623663586e-24, 2.7450330157e-24, 4.64783671379e-24, 3.97860183168e-24, 4.51579914763e-24, 3.7415483408e-24, 3.57713947296e-24, 4.04960325746e-24, 3.92375430509e-24, 4.36606269819e-24, 5.68833517588e-24, 4.26925723778e-24, 5.69577689523e-24, 5.8493645636e-24, 4.78725841246e-24, 4.21256062123e-24, 4.84128394598e-24, 4.94564629944e-24, 5.08490075959e-24, 6.39553398905e-24, 4.5176651981e-24, 5.09146999878e-24, 6.7931407901e-24, 5.56713419197e-24], "median": [0.000399834476411, 0.0015886365436, 0.000973740476184, 0.000423257355578, 0.000228022516239, 0.00017242161266, 0.000117562245578, 7.47595331632e-05, 7.32749758754e-05, 1.82700823643e-05, 1.4158877093e-05, 1.58037546498e-05, 1.39693947858e-05, 1.2411719581e-05, 4.30593172496e-06, 1.38179689202e-06, 1.05702679321e-06, 7.15402563856e-07, 3.23852361817e-07, 2.12534573052e-07, 1.58089051183e-07, 1.27419269802e-07, 1.09747759325e-07, 6.9457854579e-08, 5.43155351806e-08, 5.01117796148e-08, 4.05836821926e-08, 3.73749813321e-08, 2.89746360238e-08, 2.9449685357e-08, 2.65340602823e-08, 2.03002592514e-08, 1.43415377352e-08, 1.12832321264e-08, 1.02459303264e-08, 9.39320354831e-09, 8.48685566268e-09, 7.41564720741e-09, 6.11170003495e-09, 5.19731990778e-09], "max": [0.0666742399335, 0.0474926680326, 0.0295779593289, 0.0602100603282, 0.0156961213797, 0.0125118363649, 0.0101941525936, 0.0169483851641, 0.0201676487923, 0.00923338439316, 0.00398592790589, 0.00221281964332, 0.00514657050371, 0.00221041426994, 0.00122591620311, 0.00188051338773, 0.0037831608206, 0.00158704165369, 0.000493825064041, 0.000210340323974, 0.000138926217915, 7.77298555477e-05, 0.000125375852804, 0.000260079366853, 0.000870514486451, 8.30998542369e-05, 4.94512751175e-05, 3.85369930882e-05, 4.91989594593e-05, 6.12641742919e-05, 4.69224978588e-05, 2.68548028544e-05, 1.06188090285e-05, 5.02537977809e-06, 4.01283205065e-06, 2.91295373245e-06, 3.29022873302e-06, 5.82857819609e-06, 7.8679016724e-07, 6.98268081578e-07]}, "barkbands_crest": {"dmean": 2.6256518364, "dvar2": 16.2634544373, "mean": 12.0413560867, "var": 19.2540283203, "dmean2": 4.48514652252, "dvar": 5.45005464554, "min": 3.44983434677, "median": 11.3774185181, "max": 25.7448787689}, "mfcc": {"icov": [[0.000184275922948, -0.000198378329515, 0.000390892062569, -0.000232595717534, -8.66076370585e-05, -8.17828113213e-05, 1.00955667222e-05, -0.000193548141397, 0.000109448214062, -0.000122202807688, -0.000133192676003, 0.000146625447087, -5.53468407816e-06], [-0.000198378329515, 0.00115263019688, -0.000984597019851, 0.000667673128191, 0.000676134426612, -0.000803210539743, -0.000505341275129, 0.000797228480224, -0.00049167254474, -0.000217103006435, 0.000937738863286, -0.00102173886262, 0.00109243311454], [0.000390892062569, -0.000984597019851, 0.00295365718193, -0.000454802677268, -0.00123206083663, 0.00158400658984, -0.00113495253026, -0.00112068711314, 0.000600859348197, 0.000869369483553, -0.00191819365136, 0.000974140362814, -0.00206840364262], [-0.000232595717534, 0.000667673128191, -0.000454802677268, 0.00411490444094, -0.00235144631006, 0.00108319544233, 0.000138181902003, -0.00161356583703, -0.000794749823399, 0.000256990286289, 0.000914308417123, -0.00274442275986, 0.00277790403925], [-8.66076370585e-05, 0.000676134426612, -0.00123206083663, -0.00235144631006, 0.0109157096595, -0.00791718345135, 0.00226760376245, 0.000388715387089, 0.00247621303424, -0.00388379092328, 0.00119238637853, 0.00303697120398, -0.00266173505224], [-8.17828113213e-05, -0.000803210539743, 0.00158400658984, 0.00108319544233, -0.00791718345135, 0.0181395001709, -0.0124195795506, 0.00451243855059, -0.00208559050225, 0.00165267696138, 2.84438265226e-05, -0.00370216439478, 0.00271099782549], [1.00955667222e-05, -0.000505341275129, -0.00113495253026, 0.000138181902003, 0.00226760376245, -0.0124195795506, 0.0292135421187, -0.0150062022731, 0.00319944811054, 0.00308511196636, -0.0034937360324, 0.00338232330978, -0.00404835026711], [-0.000193548141397, 0.000797228480224, -0.00112068711314, -0.00161356583703, 0.000388715387089, 0.00451243855059, -0.0150062022731, 0.026443535462, -0.0101780379191, -0.00120481813792, 0.00667743012309, -0.00221735029481, -0.00248272018507], [0.000109448214062, -0.00049167254474, 0.000600859348197, -0.000794749823399, 0.00247621303424, -0.00208559050225, 0.00319944811054, -0.0101780379191, 0.0249411743134, -0.0139866564423, 0.00292067136616, 0.00148463388905, 0.000912267714739], [-0.000122202807688, -0.000217103006435, 0.000869369483553, 0.000256990286289, -0.00388379092328, 0.00165267696138, 0.00308511196636, -0.00120481813792, -0.0139866564423, 0.0361596979201, -0.022085821256, 0.0034910980612, 0.00173253472894], [-0.000133192676003, 0.000937738863286, -0.00191819365136, 0.000914308417123, 0.00119238637853, 2.84438265226e-05, -0.0034937360324, 0.00667743012309, 0.00292067136616, -0.022085821256, 0.0382979884744, -0.0183846503496, 0.0077648293227], [0.000146625447087, -0.00102173886262, 0.000974140362814, -0.00274442275986, 0.00303697120398, -0.00370216439478, 0.00338232330978, -0.00221735029481, 0.00148463388905, 0.0034910980612, -0.0183846503496, 0.0373688265681, -0.0221923086792], [-5.53468407816e-06, 0.00109243311454, -0.00206840364262, 0.00277790403925, -0.00266173505224, 0.00271099782549, -0.00404835026711, -0.00248272018507, 0.000912267714739, 0.00173253472894, 0.0077648293227, -0.0221923086792, 0.0356401279569]], "mean": [-780.398071289, 204.017852783, 42.2109107971, 9.86868476868, -5.30721092224, 6.65284061432, 5.39097881317, 0.735360085964, -4.1650929451, -4.37498235703, -1.68125808239, 2.32219934464, -0.212935745716], "cov": [[9347.90625, 599.087036133, -1170.68005371, 416.822052002, 157.966262817, 234.774139404, 13.3612928391, 9.90479660034, 97.5433502197, 127.041763306, 16.0812149048, -57.7688140869, -169.341766357], [599.087036133, 1569.27355957, 358.510681152, -232.983276367, -65.9839401245, 88.4800262451, 79.4631881714, -8.31611251831, 2.41332554817, -15.6318435669, -0.723670601845, 23.4561424255, 3.20798110962], [-1170.68005371, 358.510681152, 714.563293457, -45.283405304, 15.3556337357, -13.7754707336, 61.0761642456, 41.9549255371, -22.0927524567, -29.4153594971, 9.84613990784, 35.5779190063, 67.8877487183], [416.822052002, -232.983276367, -45.283405304, 384.424682617, 98.2822952271, 11.6841878891, 2.09158229828, 38.6496963501, 24.9632720947, 20.3092441559, 1.78127980232, 6.29679059982, -14.0974473953], [157.966262817, -65.9839401245, 15.3556337357, 98.2822952271, 180.086410522, 80.054397583, 20.9874382019, 3.68309855461, -4.73486423492, 12.695558548, 2.2595603466, -2.11100292206, 2.97570824623], [234.774139404, 88.4800262451, -13.7754707336, 11.6841878891, 80.054397583, 131.71862793, 53.4451026917, 5.85698986053, -0.764258921146, -0.160503476858, 1.81145071983, 6.87178850174, 1.96410787106], [13.3612928391, 79.4631881714, 61.0761642456, 2.09158229828, 20.9874382019, 53.4451026917, 82.1926422119, 41.7715530396, 2.53529429436, -10.7430429459, -5.55671739578, 7.6513094902, 17.1283836365], [9.90479660034, -8.31611251831, 41.9549255371, 38.6496963501, 3.68309855461, 5.85698986053, 41.7715530396, 80.6417541504, 28.8354377747, 1.10264801979, -11.2703943253, 4.47523736954, 14.3211784363], [97.5433502197, 2.41332554817, -22.0927524567, 24.9632720947, -4.73486423492, -0.764258921146, 2.53529429436, 28.8354377747, 71.9277267456, 34.9316520691, 8.90877056122, -2.97190475464, -8.61618518829], [127.041763306, -15.6318435669, -29.4153594971, 20.3092441559, 12.695558548, -0.160503476858, -10.7430429459, 1.10264801979, 34.9316520691, 68.4115142822, 39.2443313599, 5.55517435074, -12.2850990295], [16.0812149048, -0.723670601845, 9.84613990784, 1.78127980232, 2.2595603466, 1.81145071983, -5.55671739578, -11.2703943253, 8.90877056122, 39.2443313599, 62.6158790588, 26.1588973999, -0.417247384787], [-57.7688140869, 23.4561424255, 35.5779190063, 6.29679059982, -2.11100292206, 6.87178850174, 7.6513094902, 4.47523736954, -2.97190475464, 5.55517435074, 26.1588973999, 59.2775344849, 32.3641891479], [-169.341766357, 3.20798110962, 67.8877487183, -14.0974473953, 2.97570824623, 1.96410787106, 17.1283836365, 14.3211784363, -8.61618518829, -12.2850990295, -0.417247384787, 32.3641891479, 57.0495262146]]}, "spectral_decrease": {"dmean": 2.81038081695e-09, "dvar2": 5.33219780355e-17, "mean": -3.15509285365e-09, "var": 5.40299718479e-17, "dmean2": 4.57096671624e-09, "dvar": 2.07221680549e-17, "min": -6.76596556559e-08, "median": -8.92378060335e-10, "max": 3.81975908681e-08}, "zerocrossingrate": {"dmean": 0.0447946414351, "dvar2": 0.00214822404087, "mean": 0.429890275002, "var": 0.015692954883, "dmean2": 0.0554228648543, "dvar": 0.00149101286661, "min": 0.04833984375, "median": 0.43505859375, "max": 0.93798828125}, "spectral_contrast_coeffs": {"dmean": [0.0495521724224, 0.0435629077256, 0.0343109630048, 0.0388864725828, 0.0284048765898, 0.0232149250805], "dvar2": [0.004456944298, 0.00334175513126, 0.00207502837293, 0.00263455533423, 0.00149392022286, 0.00137818465009], "mean": [-0.608041405678, -0.741736531258, -0.813438653946, -0.834665715694, -0.900019109249, -0.845143616199], "var": [0.00707428297028, 0.00485894316807, 0.0034081088379, 0.00373177975416, 0.00262469798326, 0.00250050378963], "dmean2": [0.083687260747, 0.0718230381608, 0.056324314326, 0.0637031197548, 0.0466490983963, 0.0368242822587], "dvar": [0.00158762873616, 0.00125265645329, 0.00080574786989, 0.000990301254205, 0.00060849415604, 0.000626083347015], "min": [-0.982447266579, -0.978557467461, -0.975651562214, -0.985679686069, -0.978121101856, -0.964415788651], "median": [-0.607199013233, -0.747216880322, -0.821262598038, -0.835585355759, -0.905446469784, -0.856862485409], "max": [-0.288162082434, -0.459631711245, -0.536071896553, -0.596106886864, -0.642312645912, -0.509874165058]}, "spectral_skewness": {"dmean": 1.22520530224, "dvar2": 3.60970139503, "mean": 4.93673563004, "var": 3.09136605263, "dmean2": 1.96363580227, "dvar": 1.32142758369, "min": -0.0744512751698, "median": 4.71307849884, "max": 14.8227586746}, "spectral_energyband_middle_high": {"dmean": 0.000652228598483, "dvar2": 5.37691539648e-06, "mean": 0.00142946536653, "var": 6.8024983193e-06, "dmean2": 0.00097080116393, "dvar": 2.61743775809e-06, "min": 1.22462161081e-21, "median": 0.000496102904435, "max": 0.061088308692}, "gfcc": {"icov": [[9.26856591832e-05, -0.000410625827499, 0.000337639707141, -0.000283504312392, -2.04491789191e-05, -5.4882853874e-05, 0.000121709563246, -0.000221547787078, 0.000456217472674, -0.000297519523883, 0.000333319796482, -0.000379976059776, 0.000184687494766], [-0.000410625827499, 0.00468851765618, -0.00248785922304, 0.00276883877814, -1.43369348393e-07, 0.000489381724037, -0.00185754068661, 0.00298636616208, -0.00412418553606, 0.00311824236996, -0.00363607122563, 0.0056069563143, -0.00242506409995], [0.000337639707141, -0.00248785922304, 0.00407761661336, -0.0031900734175, 0.00184950046241, -0.00213200575672, -0.00038208370097, -1.71008432517e-05, 0.00045509825577, 0.000770479033235, -0.000456796464277, -0.00115403870586, 0.00129236618523], [-0.000283504312392, 0.00276883877814, -0.0031900734175, 0.00760135846213, -0.00520611740649, 0.00297294650227, 0.00202990695834, -0.00454700691625, 0.00180867605377, 0.000258004525676, -0.000253633334069, 0.000668437569402, 0.00105687649921], [-2.04491789191e-05, -1.43369348393e-07, 0.00184950046241, -0.00520611740649, 0.00932308193296, -0.00380966742523, -0.00403602095321, 0.00784534588456, -0.00637237215415, 0.00149465340655, -0.000704882317223, 0.000981539720669, -0.0023470974993], [-5.4882853874e-05, 0.000489381724037, -0.00213200575672, 0.00297294650227, -0.00380966742523, 0.00865106005222, 0.000941449950915, -0.00483829621226, 0.00590265123174, -0.00345679256134, -0.00162920251023, 0.00276327528991, -0.00195591873489], [0.000121709563246, -0.00185754068661, -0.00038208370097, 0.00202990695834, -0.00403602095321, 0.000941449950915, 0.0122176809236, -0.00495744124055, -0.00148700037971, 0.00254240725189, 0.0027633511927, -0.00766545301303, 0.00547393970191], [-0.000221547787078, 0.00298636616208, -1.71008432517e-05, -0.00454700691625, 0.00784534588456, -0.00483829621226, -0.00495744124055, 0.0197170693427, -0.012141212821, 0.00235908688046, -0.000292551150778, 0.00310254958458, -0.00370584335178], [0.000456217472674, -0.00412418553606, 0.00045509825577, 0.00180867605377, -0.00637237215415, 0.00590265123174, -0.00148700037971, -0.012141212821, 0.0330365672708, -0.0165245998651, 0.00367017812096, 0.00145919795614, 0.000790633494034], [-0.000297519523883, 0.00311824236996, 0.000770479033235, 0.000258004525676, 0.00149465340655, -0.00345679256134, 0.00254240725189, 0.00235908688046, -0.0165245998651, 0.0248328708112, -0.00874324887991, 0.000102997502836, 0.00312137533911], [0.000333319796482, -0.00363607122563, -0.000456796464277, -0.000253633334069, -0.000704882317223, -0.00162920251023, 0.0027633511927, -0.000292551150778, 0.00367017812096, -0.00874324887991, 0.0251424387097, -0.0137719865888, 0.00133197836112], [-0.000379976059776, 0.0056069563143, -0.00115403870586, 0.000668437569402, 0.000981539720669, 0.00276327528991, -0.00766545301303, 0.00310254958458, 0.00145919795614, 0.000102997502836, -0.0137719865888, 0.0313986204565, -0.0122542921454], [0.000184687494766, -0.00242506409995, 0.00129236618523, 0.00105687649921, -0.0023470974993, -0.00195591873489, 0.00547393970191, -0.00370584335178, 0.000790633494034, 0.00312137533911, 0.00133197836112, -0.0122542921454, 0.0237354338169]], "mean": [-101.660186768, 131.839096069, -30.7942657471, -29.1165866852, -31.2212619781, -14.3748817444, -5.21834802628, -19.3265285492, -11.2728500366, -12.0043268204, -3.73853802681, -8.63667201996, -8.9087305069], "cov": [[20807.2636719, 948.895996094, -1300.80407715, 119.872543335, 309.58883667, -149.234725952, -56.8705444336, -104.058448792, -71.9026794434, 45.8566513062, -145.128921509, -25.9519615173, 6.83118677139], [948.895996094, 977.394836426, 279.73928833, -334.155426025, -37.9918785095, 26.4805259705, 85.071144104, -125.529823303, 31.9970664978, -73.566986084, 37.5940132141, -94.9454421997, 8.81192207336], [-1300.80407715, 279.73928833, 661.358703613, 62.924697876, -50.5356903076, 99.2844924927, 35.2653045654, 15.7286043167, -7.0116891861, -48.9011268616, 39.8578872681, -30.2430419922, -13.7886686325], [119.872543335, -334.155426025, 62.924697876, 437.526885986, 138.947433472, -15.6092691422, -20.294549942, 78.8248138428, -1.296869874, 15.4556331635, -19.1230564117, 23.2089595795, -17.4743499756], [309.58883667, -37.9918785095, -50.5356903076, 138.947433472, 270.498718262, 23.0668258667, 44.498664856, -35.4587249756, 25.8000068665, 10.7728404999, 0.359595000744, 11.0751218796, 6.5463719368], [-149.234725952, 26.4805259705, 99.2844924927, -15.6092691422, 23.0668258667, 190.606048584, -8.86113739014, 20.7035179138, -13.5798597336, 13.3150596619, 23.5804252625, -7.01435565948, 16.1764087677], [-56.8705444336, 85.071144104, 35.2653045654, -20.294549942, 44.498664856, -8.86113739014, 137.925979614, 9.75697517395, 25.0257263184, -14.108959198, -2.74374699593, 11.1019592285, -11.590089798], [-104.058448792, -125.529823303, 15.7286043167, 78.8248138428, -35.4587249756, 20.7035179138, 9.75697517395, 121.489273071, 27.1418170929, 20.5443325043, -10.1651296616, 2.72684860229, -3.09178256989], [-71.9026794434, 31.9970664978, -7.0116891861, -1.296869874, 25.8000068665, -13.5798597336, 25.0257263184, 27.1418170929, 72.6118469238, 36.1140518188, -0.036928512156, -9.61493778229, -7.96341657639], [45.8566513062, -73.566986084, -48.9011268616, 15.4556331635, 10.7728404999, 13.3150596619, -14.108959198, 20.5443325043, 36.1140518188, 83.9821014404, 20.2683792114, 9.21559524536, -5.90154218674], [-145.128921509, 37.5940132141, 39.8578872681, -19.1230564117, 0.359595000744, 23.5804252625, -2.74374699593, -10.1651296616, -0.036928512156, 20.2683792114, 70.800819397, 27.3947505951, 12.1820964813], [-25.9519615173, -94.9454421997, -30.2430419922, 23.2089595795, 11.0751218796, -7.01435565948, 11.1019592285, 2.72684860229, -9.61493778229, 9.21559524536, 27.3947505951, 71.359664917, 23.9101829529], [6.83118677139, 8.81192207336, -13.7886686325, -17.4743499756, 6.5463719368, 16.1764087677, -11.590089798, -3.09178256989, -7.96341657639, -5.90154218674, 12.1820964813, 23.9101829529, 61.3799514771]]}, "erbbands_spread": {"dmean": 4.65763759613, "dvar2": 68.7617950439, "mean": 17.4392356873, "var": 112.604949951, "dmean2": 7.30481863022, "dvar": 30.6047267914, "min": 0.752473533154, "median": 15.2884178162, "max": 95.8758468628}, "erbbands_kurtosis": {"dmean": 2.14399266243, "dvar2": 25.7293872833, "mean": 3.40175008774, "var": 26.7007255554, "dmean2": 3.5339949131, "dvar": 10.0831918716, "min": -1.7578510046, "median": 2.12520170212, "max": 90.2770080566}, "dynamic_complexity": 4.4534945488, "erbbands_crest": {"dmean": 2.54230213165, "dvar2": 15.9732303619, "mean": 10.6337881088, "var": 18.835735321, "dmean2": 4.19076728821, "dvar": 6.10731649399, "min": 2.48553180695, "median": 9.72935676575, "max": 32.8863220215}, "erbbands": {"dmean": [0.107532426715, 0.612860143185, 4.16761684418, 6.26218986511, 7.37129640579, 11.0120153427, 9.07234954834, 12.9835176468, 10.9805803299, 12.9301710129, 13.8660326004, 9.69052410126, 7.17096757889, 8.42730426788, 8.93365573883, 6.28242254257, 2.96092367172, 4.22186374664, 2.83056616783, 1.33552670479, 1.03621768951, 0.822872877121, 0.961673617363, 1.36790394783, 0.66457015276, 0.461260616779, 0.451566874981, 0.335001736879, 0.172794178128, 0.0882600396872, 0.0653157606721, 0.0503274649382, 0.035205502063, 0.0223307237029, 0.0154071794823, 0.0121122254059, 0.0181114189327, 0.0310852341354, 0.0195445232093, 0.00448624044657], "dvar2": [0.361484974623, 5.49175643921, 148.041900635, 275.69342041, 906.922973633, 2114.63452148, 1488.67248535, 2676.31542969, 1049.28369141, 2352.68457031, 2521.84350586, 1673.97045898, 1033.00195312, 942.102661133, 2495.19921875, 831.440307617, 280.682739258, 907.396789551, 768.133911133, 123.375602722, 50.0747833252, 26.4762649536, 67.1471786499, 267.166229248, 23.2210845947, 9.86342525482, 10.6163301468, 4.80129766464, 1.11781620979, 0.145570084453, 0.0643799826503, 0.0387818329036, 0.0300104375929, 0.00625767791644, 0.0028234985657, 0.00318056764081, 0.012992111966, 0.0764917135239, 0.0221916865557, 0.000131259555928], "mean": [0.152817621827, 1.07986021042, 9.17506313324, 11.4872598648, 14.3545360565, 21.1810760498, 15.5037221909, 26.7336540222, 22.3418712616, 30.1182975769, 28.9469470978, 17.9208869934, 12.6797094345, 15.3618383408, 15.3025274277, 10.2739429474, 4.77166557312, 8.16895484924, 4.12824726105, 1.56240272522, 1.20261025429, 0.972530126572, 1.07817828655, 1.74900853634, 0.784319758415, 0.519988179207, 0.513242006302, 0.398675680161, 0.212892234325, 0.104011543095, 0.0751103535295, 0.0595981441438, 0.0396491028368, 0.0232322923839, 0.0160470213741, 0.0143317105249, 0.0247744489461, 0.040804374963, 0.0257209204137, 0.0162497609854], "var": [0.20851624012, 2.94565176964, 187.59916687, 308.70880127, 919.6953125, 2714.140625, 706.182983398, 2569.03491211, 1726.12670898, 7343.67089844, 8926.01953125, 2733.64526367, 951.207824707, 1336.52526855, 1306.1529541, 503.5362854, 228.483779907, 1130.03515625, 379.118560791, 54.6089057922, 23.6186943054, 16.2540855408, 28.8991470337, 323.628692627, 15.5330352783, 5.97049713135, 7.67624664307, 4.9175786972, 1.19915294647, 0.133400589228, 0.0503506399691, 0.0312300622463, 0.0137375853956, 0.00236150645651, 0.00109507166781, 0.00166658125818, 0.0214595552534, 0.0824319273233, 0.0192617513239, 0.000259542430285], "dmean2": [0.174487143755, 1.03775680065, 7.18883800507, 10.5205316544, 11.7671251297, 17.9829750061, 15.1099901199, 20.6386890411, 17.2688522339, 18.762834549, 20.7296562195, 14.2876024246, 11.1888866425, 12.6717834473, 14.1937732697, 10.295129776, 4.64225435257, 6.38273668289, 4.39084482193, 2.0721590519, 1.65397047997, 1.25524091721, 1.49119114876, 2.02100086212, 0.997475981712, 0.707828819752, 0.683466911316, 0.494129449129, 0.260803937912, 0.1421892941, 0.106012955308, 0.081984102726, 0.0586648397148, 0.0377891585231, 0.0259827580303, 0.0197301376611, 0.0251094717532, 0.0422163419425, 0.0279763042927, 0.00723544601351], "dvar": [0.146367177367, 1.97111153603, 49.2502441406, 102.430656433, 354.125488281, 880.729614258, 539.249145508, 986.849121094, 500.880187988, 1231.2623291, 1717.98352051, 961.653564453, 443.410430908, 481.718231201, 974.187744141, 322.701507568, 137.213623047, 526.46661377, 321.852386475, 52.930229187, 20.8991470337, 12.2232084274, 27.299287796, 151.951553345, 10.5282735825, 4.42994594574, 4.86937475204, 2.58586072922, 0.61161082983, 0.0693050026894, 0.028800599277, 0.0175506360829, 0.0119908200577, 0.00230814679526, 0.00104392820504, 0.00132224382833, 0.00886111613363, 0.0411529168487, 0.0111477058381, 5.73534562136e-05], "min": [3.30838387111e-23, 4.28704628785e-22, 9.26819424681e-22, 2.95277730261e-21, 8.38119026022e-21, 3.23140141934e-20, 5.4492267686e-20, 9.80807697844e-20, 7.8659577128e-20, 2.46532961464e-19, 1.52900562219e-19, 3.64788304497e-19, 3.75937458383e-19, 4.47760413598e-19, 9.46337530755e-19, 1.25155776761e-18, 1.64121163831e-18, 2.38801376657e-18, 2.48079820229e-18, 4.09322012957e-18, 4.31694684266e-18, 3.82489431938e-18, 5.06081630546e-18, 6.17783025131e-18, 8.16753918214e-18, 8.56632626417e-18, 9.90010288953e-18, 9.23186089578e-18, 1.11533253581e-17, 1.09212548742e-17, 1.07689444536e-17, 9.17027399045e-18, 9.20962545373e-18, 7.29941478362e-18, 6.41856462498e-18, 4.33338209425e-18, 2.25521322795e-18, 9.24531602242e-19, 2.66840917587e-19, 2.70207448976e-20], "median": [0.0340841598809, 0.496994614601, 3.73460197449, 5.31400871277, 4.04618549347, 6.22453165054, 6.03031921387, 7.89852619171, 8.05110740662, 6.40765380859, 9.58629894257, 3.84902358055, 3.27902460098, 4.17782592773, 4.59266662598, 3.52263665199, 1.11451816559, 0.640951573849, 0.450992256403, 0.224610447884, 0.153440833092, 0.128002151847, 0.10168518126, 0.072204709053, 0.0655928403139, 0.0594286173582, 0.0495017319918, 0.0482860133052, 0.0344084352255, 0.0227345656604, 0.0178201459348, 0.01456175372, 0.0103597640991, 0.006756789051, 0.0046403799206, 0.00392377749085, 0.00424793921411, 0.00353079964407, 0.00353947933763, 0.011245961301], "max": [9.51052570343, 28.480682373, 128.195846558, 201.823394775, 416.747161865, 823.233642578, 456.536132812, 620.201965332, 586.087280273, 1300.45385742, 2977.98779297, 1460.17175293, 770.873779297, 512.38873291, 1599.56799316, 496.440155029, 629.140197754, 1792.80993652, 768.355957031, 297.085723877, 117.512481689, 83.4917755127, 216.104064941, 827.705078125, 112.63747406, 49.1182327271, 78.433555603, 86.0965805054, 39.5877151489, 11.8977050781, 6.0653295517, 4.54048013687, 5.10805416107, 0.8547783494, 0.533844709396, 1.8941218853, 7.11889696121, 11.8536186218, 4.23703861237, 0.258946716785]}, "silence_rate_30dB": {"dmean": 0.0503796562552, "dvar2": 0.110618107021, "mean": 0.862617492676, "var": 0.118498280644, "dmean2": 0.100771456957, "dvar": 0.0478384234011, "min": 0, "median": 1, "max": 1}, "silence_rate_60dB": {"dmean": 0.0115704471245, "dvar2": 0.0271871108562, "mean": 0.0809833705425, "var": 0.0744283422828, "dmean2": 0.0231436844915, "dvar": 0.0114384405315, "min": 0, "median": 0, "max": 1}, "spectral_energyband_middle_low": {"dmean": 0.00516715552658, "dvar2": 0.000257348292507, "mean": 0.0156594607979, "var": 0.000443603727035, "dmean2": 0.00795829482377, "dvar": 0.000108126740088, "min": 1.62824475422e-22, "median": 0.00706876441836, "max": 0.26964443922}, "spectral_spread": {"dmean": 867948.3125, "dvar2": 1793937244160.0, "mean": 3847195.75, "var": 15638537961500.0, "dmean2": 1387924.75, "dvar": 774318718976, "min": 912840.0625, "median": 3308370.5, "max": 42598800}, "barkbands": {"dmean": [0.000979056116194, 0.00278109568171, 0.0047598965466, 0.00162865722086, 0.0028836147394, 0.00140323291998, 0.000816144514829, 0.000725467281882, 0.000360489328159, 0.000248365424341, 0.000225491749006, 0.00019032615819, 6.22346997261e-05, 8.64402099978e-05, 3.84425111406e-05, 2.01656639547e-05, 1.41374102895e-05, 1.66537138284e-05, 2.25558651437e-05, 9.90034368442e-06, 9.837244761e-06, 4.46445756097e-06, 2.33694231611e-06, 2.25369944928e-06, 2.07848756872e-06, 8.76966078067e-06, 0.000121547338495], "dvar2": [4.02482655772e-05, 0.000149517014506, 0.000189781698282, 2.99193197861e-05, 0.000134987218189, 2.72229499387e-05, 7.19750323697e-06, 8.18786793388e-06, 2.18874652091e-06, 1.04771606857e-06, 1.26898908093e-06, 7.65647598655e-07, 1.39515734077e-07, 4.33538275502e-07, 1.56121657824e-07, 1.94099403217e-08, 8.78924222292e-09, 2.15799467185e-08, 5.40830242812e-08, 4.9820827463