{"tonal": {"chords_key": "E", "hpcp_entropy": {"dmean": 0.665613949299, "dmean2": 1.12801134586, "max": 4.29408740997, "dvar": 0.302201628685, "mean": 2.13436031342, "dvar2": 0.837320506573, "min": 0, "var": 0.59904307127, "median": 2.17661547661}, "key_key": "D#", "chords_strength": {"dmean": 0.0123539827764, "dmean2": 0.0144477104768, "max": 0.785994768143, "dvar": 0.000581677653827, "mean": 0.460278958082, "dvar2": 0.00109843618702, "min": -1, "var": 0.0234018694609, "median": 0.467572391033}, "key_scale": "minor", "chords_number_rate": 0.0030573848635, "thpcp": [1, 0.742096722126, 0.390985876322, 0.297929465771, 0.405348330736, 0.601110398769, 0.585864603519, 0.437853813171, 0.459539026022, 0.595708191395, 0.598849654198, 0.473380804062, 0.439435303211, 0.673424780369, 0.645023107529, 0.328289151192, 0.243472069502, 0.237502321601, 0.250444173813, 0.340988397598, 0.627820730209, 0.841665446758, 0.657854318619, 0.508116006851, 0.605379641056, 0.632020235062, 0.433880776167, 0.235112398863, 0.183117166162, 0.223137721419, 0.366626858711, 0.408455580473, 0.31987953186, 0.347212761641, 0.489214062691, 0.778728246689], "key_strength": 0.725313961506, "tuning_nontempered_energy_ratio": 0.856645226479, "tuning_frequency": 447.432556152, "chords_changes_rate": 0.0910159945488, "tuning_diatonic_strength": 0.485096871853, "chords_scale": "minor", "chords_histogram": [8.41956710815, 0, 1.3170273304, 0, 0.235183447599, 2.72812795639, 1.55221068859, 20.3668861389, 1.12888050079, 5.17403554916, 0.5879586339, 0.188146755099, 0.305738478899, 0.564440250397, 23.5888996124, 3.48071503639, 2.1401693821, 0.799623727798, 0.305738478899, 1.1759172678, 0.0940733775496, 0.540921926498, 6.16180610657, 19.1439323425], "tuning_equal_tempered_deviation": 0.197187408805, "hpcp": {"dmean": [0.0840875729918, 0.11583584547, 0.162328377366, 0.171592459083, 0.18801894784, 0.152389496565, 0.160577699542, 0.163995236158, 0.12890663743, 0.0852344855666, 0.0724865868688, 0.075654566288, 0.100912950933, 0.107348307967, 0.107144601643, 0.122311010957, 0.156880870461, 0.178447365761, 0.192714452744, 0.185213938355, 0.128827139735, 0.105022355914, 0.12278085202, 0.149501487613, 0.144089266658, 0.136639073491, 0.149158284068, 0.170470669866, 0.18698567152, 0.151147022843, 0.124256998301, 0.14187283814, 0.123941324651, 0.0876077264547, 0.0850556120276, 0.0832440406084], "dmean2": [0.150519713759, 0.208588391542, 0.287471145391, 0.304037988186, 0.335038721561, 0.268356472254, 0.280389100313, 0.287822335958, 0.228228539228, 0.155241966248, 0.133802577853, 0.136388391256, 0.177898406982, 0.187817975879, 0.194551989436, 0.221515953541, 0.284352749586, 0.308210998774, 0.330151200294, 0.325131982565, 0.233291953802, 0.191678464413, 0.221513777971, 0.266168564558, 0.255170285702, 0.245776876807, 0.26599997282, 0.303985118866, 0.33377918601, 0.27252548933, 0.218568608165, 0.240426599979, 0.207730576396, 0.15303067863, 0.155058592558, 0.149802565575], "max": [1, 1, 1, 1, 1, 1, 1, 1, 1, 1, 1, 1, 1, 1, 1, 1, 1, 1, 1, 1, 1, 1, 1, 1, 1, 1, 1, 1, 1, 1, 1, 1, 1, 1, 1, 1], "dvar": [0.0284619480371, 0.0418912321329, 0.0560627914965, 0.0609363391995, 0.0618849471211, 0.0468595661223, 0.0502042621374, 0.0530454590917, 0.0403972119093, 0.0307894796133, 0.0293734688312, 0.0261531844735, 0.0346775241196, 0.0367537513375, 0.0413809940219, 0.0508631803095, 0.063448600471, 0.0557350963354, 0.058607224375, 0.0517788492143, 0.0409880876541, 0.0377438142896, 0.0409262925386, 0.0472085103393, 0.0491504594684, 0.0519989952445, 0.06043786183, 0.0683912113309, 0.0742052644491, 0.052508559078, 0.0393290705979, 0.039333652705, 0.0347294658422, 0.0263999830931, 0.0336522161961, 0.0284896139055], "mean": [0.0706520006061, 0.0961951389909, 0.177112489939, 0.237439528108, 0.185585170984, 0.143342971802, 0.170781701803, 0.178297191858, 0.122400708497, 0.0663268044591, 0.0516585968435, 0.062948666513, 0.103427924216, 0.115228094161, 0.090240187943, 0.0979510769248, 0.13801060617, 0.219684526324, 0.282106786966, 0.209350526333, 0.110299773514, 0.0840479284525, 0.114351511002, 0.169577330351, 0.165276378393, 0.123521536589, 0.129639074206, 0.168053328991, 0.168939545751, 0.133543938398, 0.123967684805, 0.189977705479, 0.181965395808, 0.0926125943661, 0.0686851218343, 0.0670010149479], "dvar2": [0.0786521807313, 0.113665997982, 0.150811091065, 0.151431500912, 0.16809733212, 0.124853432178, 0.1352840662, 0.143994435668, 0.111053332686, 0.0845299065113, 0.0831931531429, 0.0711608529091, 0.0935299322009, 0.0979080945253, 0.11361964047, 0.139990314841, 0.169216647744, 0.141912132502, 0.151727288961, 0.143464043736, 0.112265311182, 0.10477232933, 0.115314014256, 0.130918741226, 0.13022737205, 0.140905588865, 0.161734610796, 0.178586915135, 0.197130843997, 0.140323922038, 0.108062446117, 0.104439668357, 0.0873110219836, 0.0713838040829, 0.0926947444677, 0.0793829709291], "min": [0, 0, 0, 0, 0, 0, 0, 0, 0, 0, 0, 0, 0, 0, 0, 0, 0, 0, 0, 0, 0, 0, 0, 0, 0, 0, 0, 0, 0, 0, 0, 0, 0, 0, 0, 0], "var": [0.0229173414409, 0.0379976704717, 0.0727247074246, 0.112688995898, 0.0698633044958, 0.0549120157957, 0.0638855993748, 0.068854175508, 0.0422543175519, 0.0257105063647, 0.0209858715534, 0.021261677146, 0.0369759984314, 0.0440850295126, 0.0353187844157, 0.0463990755379, 0.0668735727668, 0.0815928354859, 0.105532899499, 0.0655212625861, 0.0377772562206, 0.0301016792655, 0.0378928817809, 0.0579423718154, 0.0665158107877, 0.0496485941112, 0.0623089633882, 0.0850507989526, 0.0826011821628, 0.0517167150974, 0.0386962480843, 0.062767855823, 0.0716406702995, 0.0260304491967, 0.0265552829951, 0.0222562476993], "median": [0.0159169919789, 0.018047451973, 0.0400945916772, 0.0544431507587, 0.0530217960477, 0.0329568088055, 0.0480892658234, 0.0505845844746, 0.0273547433317, 0.00728667574003, 0.00611630640924, 0.0137313390151, 0.0233861617744, 0.0227122157812, 0.0174371823668, 0.00964402034879, 0.0151654090732, 0.0817573294044, 0.134011954069, 0.100178182125, 0.0294704549015, 0.0181294865906, 0.0313536114991, 0.0599488094449, 0.0465753860772, 0.0258061476052, 0.012385500595, 0.0151813775301, 0.0191370137036, 0.0321295708418, 0.0480948127806, 0.0764788389206, 0.0554182603955, 0.0248804818839, 0.0127886775881, 0.0150130614638]}}, "lowlevel": {"melbands_flatness_db": {"dmean": 0.0405496247113, "dmean2": 0.0619762949646, "max": 0.586925208569, "dvar": 0.00132971489802, "mean": 0.330318003893, "dvar2": 0.00302387890406, "min": 0.00390078709461, "var": 0.00696249306202, "median": 0.330050140619}, "melbands_crest": {"dmean": 3.38079857826, "dmean2": 5.50839424133, "max": 36.1951751709, "dvar": 8.46896839142, "mean": 15.7009983063, "dvar2": 22.293214798, "min": 1.55885899067, "var": 28.1327648163, "median": 15.1465368271}, "spectral_entropy": {"dmean": 0.300902396441, "dmean2": 0.465737998486, "max": 9.8227481842, "dvar": 0.0811352655292, "mean": 6.83259296417, "dvar2": 0.184927687049, "min": 4.78475666046, "var": 0.388083100319, "median": 6.79390048981}, "melbands": {"dmean": [0.000420488999225, 0.00123241497204, 0.000617781886831, 0.000348264031345, 0.000255123886745, 0.000170128434547, 0.000151412386913, 6.23939558864e-05, 4.31256121374e-05, 9.29173256736e-05, 8.91353993211e-05, 4.38868082711e-05, 2.19869034481e-05, 7.89556543168e-06, 6.40095458948e-06, 5.66685685044e-06, 2.90439402306e-06, 3.15894135383e-06, 6.02604313826e-06, 3.32192075803e-06, 1.02045760286e-06, 3.09648999064e-06, 3.89596880268e-06, 2.18252989725e-06, 1.72545526311e-06, 2.16321404878e-06, 8.67569951879e-07, 1.05409424123e-06, 1.06084155505e-06, 7.98152257175e-07, 8.35560513224e-07, 4.98344775224e-07, 3.24638165239e-07, 1.7964381982e-07, 1.45534968965e-07, 9.61214325912e-08, 4.87498539314e-08, 1.65743703207e-08, 1.10645643758e-08, 9.77932224089e-09], "dmean2": [0.000680062919855, 0.00188547826838, 0.000920708698686, 0.000508894736413, 0.000376489188056, 0.000255131482845, 0.000223060225835, 9.2662514362e-05, 6.61829690216e-05, 0.000136289687362, 0.000128272935399, 6.40919388388e-05, 3.28500136675e-05, 1.18847110571e-05, 9.76231694949e-06, 8.79142044141e-06, 4.47163756689e-06, 4.68776806883e-06, 8.85404551809e-06, 4.98428698847e-06, 1.53748464982e-06, 4.63163632958e-06, 5.66910603084e-06, 3.18799720844e-06, 2.46702916229e-06, 3.20331878356e-06, 1.28809801936e-06, 1.52041934598e-06, 1.5800607116e-06, 1.11517056212e-06, 1.18668469895e-06, 7.0477386771e-07, 4.65554961693e-07, 2.52382449162e-07, 2.15108073576e-07, 1.42195560215e-07, 7.5205392136e-08, 2.71250826245e-08, 1.86632291843e-08, 1.64776992051e-08], "max": [0.0118561331183, 0.0840250626206, 0.0261442605406, 0.0614429265261, 0.0482530742884, 0.00860267318785, 0.0330759212375, 0.0200525578111, 0.00749936653301, 0.0106031708419, 0.0264624394476, 0.00753360241652, 0.00600331602618, 0.00108186167199, 0.000934966665227, 0.000454817462014, 0.000272713572485, 0.000492092396598, 0.0010487382533, 0.000685994978994, 0.000323463784298, 0.00109305325896, 0.00188033364248, 0.00120955496095, 0.00084396317834, 0.0013903650688, 0.000421338510932, 0.000310729170451, 0.000420245865826, 0.000301097519696, 0.00028318510158, 0.000153316344949, 0.000107613806904, 3.72665417672e-05, 2.57787378359e-05, 1.8464977984e-05, 1.09176307888e-05, 1.1978402199e-06, 5.52316464564e-07, 4.90200477543e-07], "dvar": [3.52047038632e-07, 6.71825910104e-06, 1.46145089275e-06, 1.74746026005e-06, 1.07743505851e-06, 1.48289089452e-07, 3.64014510978e-07, 1.00152597327e-07, 3.08015408734e-08, 1.48798079636e-07, 2.15904648826e-07, 2.94633775155e-08, 1.34406672458e-08, 7.8280892879e-10, 4.14180884034e-10, 3.23592957985e-10, 8.51665474255e-11, 1.11543482784e-10, 6.14662098997e-10, 1.89838506026e-10, 3.82115381004e-11, 5.5883631056e-10, 1.3012239064e-09, 5.61282964551e-10, 2.37847214146e-10, 4.27571783534e-10, 4.54258436422e-11, 3.64499194716e-11, 6.90630816425e-11, 3.35520847217e-11, 3.90823068352e-11, 1.0270232581e-11, 3.87081165731e-12, 7.53391110348e-13, 4.3702265114e-13, 2.09231435888e-13, 4.21984224907e-14, 1.76024373164e-15, 7.27912956876e-16, 5.69184117698e-16], "mean": [0.000685212493408, 0.00241575110704, 0.00128502282314, 0.000653896131553, 0.00054948538309, 0.000362020393368, 0.000324062741129, 0.000124419108033, 7.45014258428e-05, 0.000159777002409, 0.000150008185301, 6.85227132635e-05, 3.22029627569e-05, 1.28253523144e-05, 1.07525775093e-05, 8.77888942341e-06, 5.26846952198e-06, 5.69520307181e-06, 9.22747221921e-06, 5.28489817953e-06, 1.49633683577e-06, 4.36012851424e-06, 5.76538604946e-06, 2.98352688333e-06, 2.44574630415e-06, 3.01234558719e-06, 1.33110881961e-06, 1.58627665314e-06, 1.51782182911e-06, 1.15555849334e-06, 1.2261809843e-06, 7.59485317303e-07, 4.97646510667e-07, 2.75212840961e-07, 2.2615839157e-07, 1.41085578775e-07, 6.72422686421e-08, 1.80958661389e-08, 1.05833146691e-08, 9.35290600523e-09], "dvar2": [9.04130217805e-07, 1.36321341415e-05, 3.22766891259e-06, 3.90902141589e-06, 2.04106618185e-06, 3.29795852849e-07, 7.18825560853e-07, 1.97436676785e-07, 7.03414997361e-08, 3.35834386078e-07, 4.47749869181e-07, 5.95625309074e-08, 3.15722594735e-08, 1.73865000175e-09, 9.5885388518e-10, 7.73142549981e-10, 1.91767060564e-10, 2.56954041378e-10, 1.34230893067e-09, 4.28019703014e-10, 7.16769074649e-11, 1.27909993708e-09, 2.86124324234e-09, 1.27757815438e-09, 5.51054202269e-10, 9.10874653481e-10, 8.54830581321e-11, 6.6112830488e-11, 1.51763435152e-10, 6.53054624267e-11, 7.93591858894e-11, 1.90737269729e-11, 7.09319929182e-12, 1.2718837485e-12, 8.07731811124e-13, 3.94905760653e-13, 9.16326544265e-14, 4.35050309512e-15, 1.90110446374e-15, 1.48433524281e-15], "min": [1.73198691312e-24, 9.33480309785e-25, 1.62750987901e-24, 2.20126665778e-24, 1.12059594714e-24, 1.81083434945e-24, 7.73387645084e-25, 1.4880617535e-24, 2.60291834312e-24, 2.63747715609e-24, 1.81258581788e-24, 1.80219908356e-24, 2.91620104099e-24, 1.62276744446e-24, 3.2112188479e-24, 2.37695820872e-24, 2.38323004735e-24, 2.69832949188e-24, 2.96593043803e-24, 3.68303497759e-24, 3.47043301933e-24, 2.92007178424e-24, 4.46430901305e-24, 4.13669034595e-24, 4.55891079053e-24, 4.39888720046e-24, 4.41355528013e-24, 4.48441983854e-24, 3.83104263835e-24, 4.50331069064e-24, 4.25961617423e-24, 4.72974493044e-24, 3.53961888173e-24, 5.00610972681e-24, 6.7110519243e-24, 4.63590203716e-24, 6.63245455687e-24, 5.93434026588e-24, 6.7032469345e-24, 5.43769316147e-24], "var": [6.78158187384e-07, 2.73802270385e-05, 5.30868146598e-06, 4.07568177252e-06, 3.19327796205e-06, 4.59489058358e-07, 1.84882014764e-06, 4.40694407189e-07, 6.51476028679e-08, 4.03505850954e-07, 5.78106948979e-07, 7.66063408264e-08, 2.14682298605e-08, 1.74039793688e-09, 8.40576275252e-10, 6.65710542247e-10, 1.73605421705e-10, 1.8354189002e-10, 1.12677323028e-09, 3.31983218693e-10, 6.73961303432e-11, 1.09990960784e-09, 2.74540545853e-09, 9.02371288802e-10, 3.64299201916e-10, 5.83510961771e-10, 7.63059268549e-11, 8.12173314713e-11, 1.19680862443e-10, 6.85497283937e-11, 8.12378914139e-11, 2.20739485718e-11, 7.74751443555e-12, 1.74568584414e-12, 1.0637497827e-12, 4.14104107992e-13, 8.83739967057e-14, 2.51940738677e-15, 7.46695912482e-16, 5.85777810772e-16], "median": [0.000428010185715, 0.000915138982236, 0.000437792041339, 0.000138319839607, 0.000144623627421, 0.000125936436234, 8.26806135592e-05, 1.89903948922e-05, 1.23144627651e-05, 1.62284595717e-05, 7.26634516468e-06, 4.26287078881e-06, 2.24764335144e-06, 2.36597225012e-06, 2.11643282455e-06, 1.21119273899e-06, 1.57014221713e-06, 1.822580316e-06, 1.03708111965e-06, 8.09827270132e-07, 2.65967230462e-07, 2.91384253615e-07, 2.05190019642e-07, 1.42888197274e-07, 1.53501559907e-07, 1.58613801204e-07, 1.06023009039e-07, 1.1799387778e-07, 1.09957696282e-07, 7.60643814601e-08, 5.64040334439e-08, 4.36369660406e-08, 3.66776333749e-08, 2.58142165421e-08, 2.33104522351e-08, 1.96079597004e-08, 9.24773413402e-09, 3.6576679463e-09, 2.40671882423e-09, 2.09998018974e-09]}, "silence_rate_60dB": {"dmean": 0.0423479601741, "dmean2": 0.0847058817744, "max": 1, "dvar": 0.0405598059297, "mean": 0.13726182282, "dvar2": 0.0930742770433, "min": 0, "var": 0.118430897593, "median": 0}, "spectral_energyband_middle_high": {"dmean": 0.000786005053669, "dmean2": 0.00108197913505, "max": 0.144379124045, "dvar": 7.85227439337e-06, "mean": 0.00153800426051, "dvar2": 1.51681833813e-05, "min": 1.07076197791e-21, "var": 2.14096180571e-05, "median": 0.000242005335167}, "erbbands_skewness": {"dmean": 0.434314876795, "dmean2": 0.654178500175, "max": 5.25321578979, "dvar": 0.188423067331, "mean": 1.06505727768, "dvar2": 0.394474238157, "min": -5.09801292419, "var": 0.96144759655, "median": 1.09824490547}, "dynamic_complexity": 5.30576467514, "dissonance": {"dmean": 0.0268356520683, "dmean2": 0.0441757105291, "max": 0.500000119209, "dvar": 0.000642323924694, "mean": 0.443184703588, "dvar2": 0.00168950273655, "min": 0.230642184615, "var": 0.00161202519666, "median": 0.451528757811}, "spectral_skewness": {"dmean": 0.524161219597, "dmean2": 0.820150017738, "max": 9.48962974548, "dvar": 0.362775206566, "mean": 2.92547011375, "dvar2": 0.891492903233, "min": -0.0783654227853, "var": 1.0354950428, "median": 2.83081865311}, "spectral_kurtosis": {"dmean": 6.30864858627, "dmean2": 10.2325811386, "max": 132.326385498, "dvar": 79.2643356323, "mean": 16.6622200012, "dvar2": 209.721328735, "min": -1.25842881203, "var": 123.863220215, "median": 13.927271843}, "gfcc": {"cov": [[22225.3789062, 1024.5748291, -1730.11193848, 48.1864814758, -553.574829102, -316.226928711, 0.425625711679, -396.388580322, -78.9606628418, -248.863922119, -363.409393311, -4.92644309998, -127.129074097], [1024.5748291, 1406.08911133, 197.204071045, -358.216430664, -27.3061790466, 11.0227613449, -32.9903488159, -78.3921127319, 8.3266992569, 12.8128089905, 40.641746521, -158.023406982, 66.7260665894], [-1730.11193848, 197.204071045, 543.85333252, 40.1921234131, -38.8021888733, 73.8915557861, -94.8218917847, 70.9926605225, -41.3435287476, 40.23412323, 44.2810134888, -39.7411689758, 13.4483890533], [48.1864814758, -358.216430664, 40.1921234131, 382.51965332, 107.750823975, -65.8303604126, 53.2620925903, -18.3966197968, 1.52148258686, -38.1349449158, -8.83394145966, 50.0685157776, -82.4915084839], [-553.574829102, -27.3061790466, -38.8021888733, 107.750823975, 210.873687744, 18.3780956268, 33.270778656, -29.2131652832, 0.591179966927, -26.1473922729, 22.9748001099, -6.60324525833, -20.0167121887], [-316.226928711, 11.0227613449, 73.8915557861, -65.8303604126, 18.3780956268, 241.111938477, -5.06966543198, 43.5192909241, -87.3351516724, 12.6483631134, -9.28021621704, -21.1869182587, 9.78370952606], [0.425625711679, -32.9903488159, -94.8218917847, 53.2620925903, 33.270778656, -5.06966543198, 226.112258911, -53.5621910095, 16.8856983185, -53.7234382629, -34.8125801086, 9.53031730652, -28.9043617249], [-396.388580322, -78.3921127319, 70.9926605225, -18.3966197968, -29.2131652832, 43.5192909241, -53.5621910095, 167.497268677, -10.3459024429, 26.3416023254, 12.4751348495, -11.2609987259, 26.1218395233], [-78.9606628418, 8.3266992569, -41.3435287476, 1.52148258686, 0.591179966927, -87.3351516724, 16.8856983185, -10.3459024429, 162.215133667, 45.1990394592, -10.6909189224, 10.1311225891, -11.6437473297], [-248.863922119, 12.8128089905, 40.23412323, -38.1349449158, -26.1473922729, 12.6483631134, -53.7234382629, 26.3416023254, 45.1990394592, 110.276184082, 39.5800437927, -15.4931354523, 18.7774238586], [-363.409393311, 40.641746521, 44.2810134888, -8.83394145966, 22.9748001099, -9.28021621704, -34.8125801086, 12.4751348495, -10.6909189224, 39.5800437927, 102.039840698, 37.2132835388, 0.494116961956], [-4.92644309998, -158.023406982, -39.7411689758, 50.0685157776, -6.60324525833, -21.1869182587, 9.53031730652, -11.2609987259, 10.1311225891, -15.4931354523, 37.2132835388, 105.426948547, -0.990610718727], [-127.129074097, 66.7260665894, 13.4483890533, -82.4915084839, -20.0167121887, 9.78370952606, -28.9043617249, 26.1218395233, -11.6437473297, 18.7774238586, 0.494116961956, -0.990610718727, 91.2148284912]], "mean": [-113.440658569, 126.639816284, -61.4299545288, 9.27890205383, -29.8440303802, -13.3274374008, -9.3790769577, -18.1099071503, -3.82788777351, -4.97063970566, -9.50883769989, -5.08088493347, -9.10245227814], "icov": [[0.000171391031472, -0.00044340826571, 0.00101284810808, -0.00108180183452, 0.00118636537809, -0.000506729178596, 0.000504322058987, 0.00014514796203, -0.000128286279505, 0.000465085642645, -0.000220933041419, 0.000337749428581, -0.000238751425059], [-0.00044340826571, 0.00282537378371, -0.00307845440693, 0.00353764975443, -0.002287437208, 0.000649303372484, -0.00123378029093, 0.00118666130584, -0.00158988591284, 0.00185048917774, -0.00306394626386, 0.00309726526029, -0.000867691705935], [0.00101284810808, -0.00307845440693, 0.00946059729904, -0.00973112974316, 0.0102635575458, -0.0060359206982, 0.00429504970089, 0.000998826581053, -0.00336713995785, 0.00616991287097, -0.00665859365836, 0.00631056958809, -0.00415237993002], [-0.00108180183452, 0.00353764975443, -0.00973112974316, 0.0168208573014, -0.0156199615449, 0.0102869709954, -0.00525628728792, -0.00309162819758, 0.00835274718702, -0.0119749614969, 0.013437256217, -0.0123769650236, 0.0105641186237], [0.00118636537809, -0.002287437208, 0.0102635575458, -0.0156199615449, 0.0225304216146, -0.0123894838616, 0.00527678057551, 0.0053025605157, -0.0119567485526, 0.0185821596533, -0.0206916350871, 0.0180052574724, -0.0109298676252], [-0.000506729178596, 0.000649303372484, -0.0060359206982, 0.0102869709954, -0.0123894838616, 0.0146113196388, -0.00423175189644, -0.00486021162942, 0.0133974803612, -0.0163458753377, 0.0175063535571, -0.0139660313725, 0.00960537791252], [0.000504322058987, -0.00123378029093, 0.00429504970089, -0.00525628728792, 0.00527678057551, -0.00423175189644, 0.007867324166, 0.00231430050917, -0.00408864626661, 0.00687590008602, -0.00375125231221, 0.00401233928278, -0.00221279449761], [0.00014514796203, 0.00118666130584, 0.000998826581053, -0.00309162819758, 0.0053025605157, -0.00486021162942, 0.00231430050917, 0.00976603943855, -0.00551846483722, 0.00713592581451, -0.00913870800287, 0.00856772623956, -0.00601836619899], [-0.000128286279505, -0.00158988591284, -0.00336713995785, 0.00835274718702, -0.0119567485526, 0.0133974803612, -0.00408864626661, -0.00551846483722, 0.0232733748853, -0.0245846454054, 0.0249107386917, -0.0204222090542, 0.0129336258397], [0.000465085642645, 0.00185048917774, 0.00616991287097, -0.0119749614969, 0.0185821596533, -0.0163458753377, 0.00687590008602, 0.00713592581451, -0.0245846454054, 0.0419640950859, -0.0367606952786, 0.0301663018763, -0.0177287925035], [-0.000220933041419, -0.00306394626386, -0.00665859365836, 0.013437256217, -0.0206916350871, 0.0175063535571, -0.00375125231221, -0.00913870800287, 0.0249107386917, -0.0367606952786, 0.0508035905659, -0.0374484993517, 0.020142858848], [0.000337749428581, 0.00309726526029, 0.00631056958809, -0.0123769650236, 0.0180052574724, -0.0139660313725, 0.00401233928278, 0.00856772623956, -0.0204222090542, 0.0301663018763, -0.0374484993517, 0.0407203696668, -0.0178235452622], [-0.000238751425059, -0.000867691705935, -0.00415237993002, 0.0105641186237, -0.0109298676252, 0.00960537791252, -0.00221279449761, -0.00601836619899, 0.0129336258397, -0.0177287925035, 0.020142858848, -0.0178235452622, 0.0240226425231]]}, "spectral_complexity": {"dmean": 1.81413948536, "dmean2": 2.72494125366, "max": 46, "dvar": 4.86740064621, "mean": 8.49011993408, "dvar2": 8.12036991119, "min": 0, "var": 33.2887077332, "median": 7}, "spectral_flux": {"dmean": 0.0172106288373, "dmean2": 0.027696467936, "max": 0.385955184698, "dvar": 0.000395944749471, "mean": 0.0585967041552, "dvar2": 0.00100572756492, "min": 6.29232499438e-11, "var": 0.00172951014247, "median": 0.0483081117272}, "spectral_energyband_low": {"dmean": 0.00478575704619, "dmean2": 0.00724375899881, "max": 0.276061922312, "dvar": 8.1880883954e-05, "mean": 0.0104053039104, "dvar2": 0.000170259096194, "min": 1.85393151676e-23, "var": 0.000348669098457, "median": 0.00467277038842}, "spectral_decrease": {"dmean": 1.72466474435e-09, "dmean2": 2.47791365204e-09, "max": 6.15641357338e-11, "dvar": 9.63373087996e-18, "mean": -5.07876052325e-09, "dvar2": 1.91181391157e-17, "min": -7.97109649397e-08, "var": 5.75535858951e-17, "median": -2.43760123197e-09}, "barkbands_spread": {"dmean": 3.32730007172, "dmean2": 5.05499887466, "max": 138.033508301, "dvar": 46.4948921204, "mean": 9.40137481689, "dvar2": 94.1981887817, "min": 0.243747860193, "var": 134.811004639, "median": 6.23492145538}, "spectral_rms": {"dmean": 0.000678887474351, "dmean2": 0.00097414792981, "max": 0.0180516280234, "dvar": 5.90494380504e-07, "mean": 0.00385757465847, "dvar2": 1.19846970392e-06, "min": 3.14222085851e-12, "var": 6.43309340376e-06, "median": 0.00323900254443}, "spectral_centroid": {"dmean": 135.158218384, "dmean2": 194.858901978, "max": 11717.3359375, "dvar": 85380.90625, "mean": 685.67755127, "dvar2": 131326.6875, "min": 128.885665894, "var": 1505528.75, "median": 420.579681396}, "barkbands_skewness": {"dmean": 0.749260962009, "dmean2": 1.1510437727, "max": 12.1149702072, "dvar": 0.556522250175, "mean": 2.44824028015, "dvar2": 1.23557543755, "min": -2.28088188171, "var": 2.39593291283, "median": 2.30149650574}, "spectral_rolloff": {"dmean": 778.401550293, "dmean2": 1461.12902832, "max": 22050, "dvar": 10666964, "mean": 1677.20166016, "dvar2": 28968716, "min": 21.533203125, "var": 20178216, "median": 430.6640625}, "erbbands_spread": {"dmean": 6.87567996979, "dmean2": 10.5664691925, "max": 136.165786743, "dvar": 73.8045501709, "mean": 25.1026325226, "dvar2": 161.751586914, "min": 2.56552243233, "var": 229.805130005, "median": 22.2433357239}, "barkbands": {"dmean": [0.000121760531329, 0.00205869553611, 0.00296178879216, 0.00116013095248, 0.00157909141853, 0.000860571337398, 0.000698059564456, 0.000214352679905, 0.000603686901741, 0.000472847052151, 0.000199088652153, 6.10639035585e-05, 6.15905300947e-05, 3.12027768814e-05, 6.88782092766e-05, 2.96481284749e-05, 5.66604321648e-05, 4.92028448207e-05, 5.02652983414e-05, 3.04582499666e-05, 3.3313586755e-05, 2.0238228899e-05, 8.23390746518e-06, 2.65363087237e-06, 1.06265929389e-06, 3.36377388521e-06, 2.00320082513e-05], "dmean2": [0.000206138545764, 0.00334350462072, 0.00439981697127, 0.00179212307557, 0.0023116490338, 0.00130786176305, 0.00101789878681, 0.00032111024484, 0.000898640661035, 0.000668692577165, 0.000302718370222, 9.30550377234e-05, 9.55172145041e-05, 4.82445684611e-05, 0.000100610413938, 4.56781745015e-05, 8.49327625474e-05, 7.0343601692e-05, 7.19920135452e-05, 4.4152384362e-05, 4.56648085674e-05, 2.75815764326e-05, 1.17874596981e-05, 4.11483006246e-06, 1.7902352738e-06, 4.89316198582e-06, 2.6277401048e-05], "max": [0.00256192637607, 0.0740082114935, 0.247071355581, 0.0421507917345, 0.220587700605, 0.0613298341632, 0.197724863887, 0.0628296509385, 0.0738751739264, 0.148265376687, 0.0373298041523, 0.00734642893076, 0.00413965713233, 0.00333264912479, 0.0117113394663, 0.00412209937349, 0.0280603840947, 0.0257730744779, 0.0327319800854, 0.0105448747054, 0.0128904534504, 0.00567039148882, 0.00133176415693, 0.000416309398133, 5.30574397999e-05, 0.000445508077973, 0.00616253074259], "dvar": [4.13322709392e-08, 9.523708286e-06, 5.47734271095e-05, 4.88898649564e-06, 3.53042269126e-05, 3.71231158169e-06, 8.33334433992e-06, 1.04152388758e-06, 6.17365958533e-06, 6.09428207099e-06, 9.57322299655e-07, 4.33381934783e-08, 3.32787237767e-08, 8.73003003221e-09, 7.79921620619e-08, 1.18083347544e-08, 2.40432399323e-07, 2.08799676216e-07, 2.32009611523e-07, 3.70946757755e-08, 5.68246107946e-08, 1.45798582096e-08, 1.43899447913e-09, 8.60502502587e-11, 6.71145170689e-12, 1.60151059081e-10, 1.0283587315e-08], "mean": [0.000137116556289, 0.00319793820381, 0.00576331838965, 0.00203638430685, 0.00312926014885, 0.00181922072079, 0.0015157161979, 0.000337395817041, 0.00105062313378, 0.000759785412811, 0.000281036074739, 0.000101287405414, 9.67559899436e-05, 5.89459850744e-05, 0.000108139385702, 4.43221033493e-05, 7.90512276581e-05, 7.24033016013e-05, 7.40827526897e-05, 4.76473396702e-05, 5.16068794241e-05, 3.19622195093e-05, 1.31969536596e-05, 3.59004548045e-06, 1.01910404737e-06, 5.35437220606e-06, 3.81487043342e-05], "dvar2": [1.12218657478e-07, 2.4606630177e-05, 0.000104660517536, 1.10343007691e-05, 7.42321208236e-05, 8.21710364107e-06, 1.62452888617e-05, 2.23077722694e-06, 1.42360167956e-05, 1.19537689898e-05, 2.28943736147e-06, 9.45217948356e-08, 7.86981146916e-08, 1.95873450792e-08, 1.69873104028e-07, 2.67692037426e-08, 5.94690050093e-07, 3.8659521806e-07, 4.92893718729e-07, 7.24159576748e-08, 1.04691388003e-07, 2.51426488518e-08, 2.50554932357e-09, 1.79338446871e-10, 1.74876085834e-11, 2.77835199292e-10, 1.52543773169e-08], "min": [3.1825969528e-25, 2.91975071785e-24, 1.39963360147e-24, 1.47309045542e-24, 1.27683913825e-23, 9.56573128101e-24, 3.82811044236e-24, 7.45372581238e-24, 1.91266410442e-23, 8.33525657472e-24, 1.39265977524e-23, 1.41387445379e-23, 2.62078919807e-23, 2.43194820359e-23, 3.56907053031e-23, 5.68252292761e-23, 5.11282083473e-23, 1.01335304836e-22, 1.021970628e-22, 1.6712202555e-22, 2.23620761075e-22, 2.94421923464e-22, 3.91291240592e-22, 5.81256948774e-22, 9.63694595167e-22, 1.25165745176e-21, 1.95757784957e-21], "var": [4.83379771765e-08, 1.67694142874e-05, 0.000240274952375, 1.40710508276e-05, 9.64742721408e-05, 1.20172280731e-05, 4.83115982206e-05, 1.80125698535e-06, 1.63462809724e-05, 1.60918389156e-05, 1.5982932382e-06, 9.74102647433e-08, 6.90947459248e-08, 1.74846359613e-08, 1.4411082816e-07, 1.97762091148e-08, 4.22523356747e-07, 4.50681028497e-07, 3.37672759088e-07, 7.68080283819e-08, 1.30252132635e-07, 3.39629622204e-08, 3.53011508913e-09, 1.93460289455e-10, 6.92579804271e-12, 4.20862206196e-10, 2.97121225401e-08], "median": [5.73669822188e-05, 0.00185970612802, 0.0013943471713, 0.000642613798846, 0.000685534556396, 0.000598349724896, 0.000362763181329, 5.21300680703e-05, 0.00011207658099, 3.75971649191e-05, 1.59682167578e-05, 2.18849800149e-05, 1.30283806357e-05, 2.01085385925e-05, 1.38241211971e-05, 8.25830466056e-06, 4.80182779938e-06, 3.25386031363e-06, 4.18559375248e-06, 4.01857141696e-06, 3.3440342122e-06, 2.19940170609e-06, 1.47997707245e-06, 6.30742761132e-07, 2.31374372106e-07, 9.19883859751e-07, 6.96038387105e-06]}, "melbands_kurtosis": {"dmean": 9.92004299164, "dmean2": 15.6389446259, "max": 261.329315186, "dvar": 215.508987427, "mean": 19.4552307129, "dvar2": 510.146179199, "min": -1.83738183975, "var": 551.745727539, "median": 11.934753418}, "erbbands_crest": {"dmean": 2.67830991745, "dmean2": 4.23378372192, "max": 32.3438491821, "dvar": 5.95749521255, "mean": 10.8220148087, "dvar2": 14.378824234, "min": 2.40036797523, "var": 18.3810577393, "median": 10.026599884}, "melbands_skewness": {"dmean": 0.817464292049, "dmean2": 1.26259183884, "max": 11.854010582, "dvar": 0.662450015545, "mean": 2.78180336952, "dvar2": 1.5039794445, "min": -2.10663580894, "var": 2.96921038628, "median": 2.5147151947}, "spectral_energyband_middle_low": {"dmean": 0.00359451607801, "dmean2": 0.00504577765241, "max": 0.248358532786, "dvar": 6.65045008645e-05, "mean": 0.0102367028594, "dvar2": 0.000128911487991, "min": 1.63955083493e-22, "var": 0.000352170143742, "median": 0.00397312780842}, "spectral_contrast_coeffs": {"dmean": [0.0480474941432, 0.0439450964332, 0.040115442127, 0.0329841263592, 0.0312968418002, 0.0427338778973], "dmean2": [0.0791485533118, 0.0712994933128, 0.0640444904566, 0.0514820888638, 0.0488201975822, 0.0669217258692], "max": [-0.339781075716, -0.488430678844, -0.451390713453, -0.616855502129, -0.637147665024, -0.395919501781], "dvar": [0.0015388012398, 0.00127443752717, 0.00105267588515, 0.000714979250915, 0.000693391426466, 0.00175949919503], "mean": [-0.66518330574, -0.739744901657, -0.793698608875, -0.824945867062, -0.84797501564, -0.778787612915], "dvar2": [0.00413399096578, 0.00339989061467, 0.00266374554485, 0.00172507553361, 0.00162774755154, 0.00390324089676], "min": [-0.982667982578, -0.981260716915, -0.975477099419, -0.985130250454, -0.972517907619, -0.966221809387], "var": [0.00744826113805, 0.00535895396024, 0.005233802367, 0.00299698510207, 0.00285098841414, 0.00662160525098], "median": [-0.672512769699, -0.73935842514, -0.803115487099, -0.824608206749, -0.845762073994, -0.795977175236]}, "spectral_contrast_valleys": {"dmean": [0.3917735219, 0.352789223194, 0.392253249884, 0.40737131238, 0.483483433723, 0.730591952801], "dmean2": [0.645187199116, 0.557384252548, 0.602754831314, 0.612795114517, 0.741665661335, 1.18099474907], "max": [-5.27959108353, -4.47052145004, -5.24623298645, -6.042137146, -5.23781967163, -9.07272434235], "dvar": [0.124923735857, 0.108004778624, 0.125291720033, 0.147499099374, 0.215735897422, 0.399411737919], "mean": [-7.43948793411, -7.33740472794, -8.28833293915, -8.91840076447, -9.20232009888, -12.058052063], "dvar2": [0.300166934729, 0.226410418749, 0.26126986742, 0.309871792793, 0.455218046904, 1.0213727951], "min": [-28.3454742432, -28.2236366272, -27.7312812805, -27.7285118103, -27.5264396667, -27.4041118622], "var": [5.27372980118, 5.49450826645, 5.11760950089, 4.86551094055, 4.83097410202, 3.74764823914], "median": [-7.12015724182, -7.07989788055, -8.06824493408, -8.63245391846, -8.95623207092, -11.7967967987]}, "silence_rate_20dB": {"dmean": 0, "dmean2": 0, "max": 1, "dvar": 0, "mean": 1, "dvar2": 0, "min": 1, "var": 0, "median": 1}, "silence_rate_30dB": {"dmean": 0.01552758459, "dmean2": 0.0310588236898, "max": 1, "dvar": 0.0152870072052, "mean": 0.967654645443, "dvar2": 0.0352710075676, "min": 0, "var": 0.0312991701066, "median": 1}, "spectral_strongpeak": {"dmean": 0.334895402193, "dmean2": 0.568667590618, "max": 62.149559021, "dvar": 1.9826413393, "mean": 0.590268731117, "dvar2": 5.72471094131, "min": 0, "var": 1.89897847176, "median": 0.258775115013}, "spectral_spread": {"dmean": 667667.6875, "dmean2": 1058136.125, "max": 42499692, "dvar": 521352544256, "mean": 3868878.25, "dvar2": 1057947123710.0, "min": 864145.9375, "var": 15892482097200.0, "median": 3381643.25}, "barkbands_flatness_db": {"dmean": 0.0336964055896, "dmean2": 0.0519620105624, "max": 0.436806410551, "dvar": 0.000929213012569, "mean": 0.209615439177, "dvar2": 0.00214244890958, "min": 0.0393878482282, "var": 0.00385728524998, "median": 0.205309450626}, "pitch_salience": {"dmean": 0.080007456243, "dmean2": 0.129618853331, "max": 0.90049892664, "dvar": 0.00485488027334, "mean": 0.555320978165, "dvar2": 0.0125281959772, "min": 0.10002322495, "var": 0.0149064501747, "median": 0.566645443439}, "erbbands_kurtosis": {"dmean": 1.93549132347, "dmean2": 3.01902556419, "max": 50.8477935791, "dvar": 7.02436685562, "mean": 3.24919891357, "dvar2": 17.1977443695, "min": -1.77633297443, "var": 19.0517883301, "median": 2.08004379272}, "average_loudness": 0.174371466041, "barkbands_crest": {"dmean": 2.64147090912, "dmean2": 4.31163406372, "max": 24.4864120483, "dvar": 5.34273719788, "mean": 11.2965126038, "dvar2": 13.6687393188, "min": 3.23173141479, "var": 15.6056976318, "median": 10.6266880035}, "hfc": {"dmean": 9.56611347198, "dmean2": 13.585442543, "max": 752.65447998, "dvar": 395.446716309, "mean": 29.5302276611, "dvar2": 737.18762207, "min": 1.07575970246e-16, "var": 2277.46142578, "median": 13.1339511871}, "barkbands_kurtosis": {"dmean": 7.41514587402, "dmean2": 11.7677745819, "max": 345.840637207, "dvar": 138.537445068, "mean": 15.368719101, "dvar2": 317.474029541, "min": -1.90830492973, "var": 306.499572754, "median": 10.4657411575}, "erbbands": {"dmean": [0.0311160758138, 0.578806817532, 2.89996528625, 3.91914010048, 3.26589274406, 6.57055568695, 7.03736019135, 7.5146727562, 10.5881738663, 6.34026622772, 4.88635921478, 13.4140253067, 17.6167564392, 10.3379545212, 5.12259626389, 2.36773586273, 2.76053237915, 1.63516318798, 2.17795658112, 3.75021505356, 1.07046318054, 3.20217585564, 3.14983320236, 2.10979676247, 2.14495229721, 1.38259124756, 1.39445269108, 1.38764309883, 0.801173686981, 0.377661675215, 0.226490288973, 0.0985372513533, 0.0233762487769, 0.0120597044006, 0.00751694524661, 0.00463768001646, 0.00754125416279, 0.00676593650132, 0.00280495593324, 0.000511732767336], "dmean2": [0.0504449568689, 0.936085522175, 4.3922829628, 5.87469100952, 4.93270969391, 9.60014533997, 10.7044649124, 11.275270462, 15.6930093765, 9.35936641693, 7.36819791794, 19.7354927063, 25.3829040527, 14.9315700531, 7.53892469406, 3.50080752373, 4.24345731735, 2.4637055397, 3.14534640312, 5.48754692078, 1.55953705311, 4.65566015244, 4.54446458817, 2.93045973778, 3.15454292297, 1.92189228535, 2.00210738182, 1.92797219753, 1.10055649281, 0.512089014053, 0.324657946825, 0.146029219031, 0.037802297622, 0.0202990528196, 0.012646603398, 0.0076151471585, 0.0107647730038, 0.00891796220094, 0.00359610049054, 0.000704137899447], "max": [0.767603993416, 24.951171875, 232.214279175, 170.734069824, 538.48815918, 1163.84558105, 1324.48474121, 421.025421143, 1765.41418457, 2258.96240234, 853.234619141, 1670.07910156, 5165.91064453, 1895.23876953, 1381.59179688, 277.28604126, 223.005233765, 166.492294312, 325.235290527, 738.397827148, 234.295166016, 1342.82373047, 1829.76635742, 1011.74810791, 1385.65625, 473.519378662, 501.370117188, 515.059387207, 256.403930664, 97.1874465942, 37.9926147461, 16.5441493988, 1.88145947456, 0.600397586823, 0.373883873224, 0.206662386656, 1.10867071152, 1.80126035213, 1.09740936756, 0.0821755230427], "dvar": [0.00176626129542, 0.801899373531, 46.3307762146, 59.8591499329, 120.325012207, 664.731140137, 782.898681641, 296.815460205, 1764.11938477, 1051.59289551, 394.225646973, 3113.80810547, 8459.15625, 1673.60290527, 626.555908203, 57.3463363647, 69.4881744385, 27.1385364532, 57.5587310791, 276.15802002, 20.7992610931, 651.34942627, 949.863525391, 330.184051514, 409.039398193, 64.1282806396, 102.769729614, 102.090461731, 25.3859443665, 3.89792227745, 1.07061183453, 0.164302200079, 0.00327909365296, 0.000855767633766, 0.000334484211635, 0.000112733323476, 0.000867602298968, 0.00124779006001, 0.000299901847029, 2.85128157884e-06], "mean": [0.0514158159494, 0.933675706387, 5.6303563118, 7.74592018127, 5.93843412399, 12.9109983444, 14.4489650726, 15.5445222855, 22.1119213104, 13.3674459457, 8.82703018188, 23.5580635071, 30.20495224, 16.76212883, 8.07908821106, 4.32697439194, 4.52534627914, 3.08367824554, 4.00952577591, 6.01941394806, 1.81590366364, 4.65437364578, 4.78763341904, 3.15986084938, 3.18122386932, 2.23308849335, 2.16026449203, 2.12216687202, 1.28458702564, 0.605634748936, 0.362740755081, 0.146179020405, 0.0273390542716, 0.0118078459054, 0.00729842949659, 0.00511773303151, 0.011956279166, 0.0118350554258, 0.00512588536367, 0.00134162139148], "dvar2": [0.0045763514936, 2.03725600243, 90.8504943848, 136.449172974, 282.826446533, 1272.04602051, 1517.71813965, 654.33203125, 3530.9621582, 2033.5715332, 884.144470215, 6960.92041016, 17660.2539062, 3342.90649414, 1436.94506836, 119.89250946, 163.169143677, 62.2383079529, 129.679077148, 620.523498535, 37.8166389465, 1498.67419434, 1873.10339355, 713.234924316, 801.621948242, 106.015281677, 197.166824341, 190.865219116, 42.9402122498, 6.29188108444, 1.84957742691, 0.315731883049, 0.00785914622247, 0.00223256857134, 0.00087056925986, 0.000286579859676, 0.0014750630362, 0.00175182393286, 0.000437535723904, 4.85797045258e-06], "min": [1.28355254966e-22, 4.93658299761e-22, 2.28087561626e-21, 6.51084159508e-21, 1.9295168782e-20, 2.52307292832e-20, 2.95870872883e-20, 6.72976051797e-20, 5.52016461471e-20, 1.99573000436e-19, 3.22422103925e-19, 4.92684696063e-19, 4.07367012938e-19, 6.08265350586e-19, 1.15073106838e-18, 1.14885667711e-18, 1.31918422878e-18, 1.41089157194e-18, 2.52419602633e-18, 3.51202317885e-18, 3.63557170232e-18, 3.35665880748e-18, 6.7863386379e-18, 5.8580761409e-18, 7.24198611524e-18, 7.43752168588e-18, 8.25682919336e-18, 7.64535825941e-18, 9.53203564109e-18, 1.07919615814e-17, 1.27660314219e-17, 1.14669930736e-17, 9.94069429655e-18, 8.05333697241e-18, 6.637413454e-18, 4.24651406787e-18, 2.11991605144e-18, 8.572025125e-19, 2.52460899625e-19, 2.83988681877e-20], "var": [0.00354560185224, 1.62410604954, 194.430175781, 205.970245361, 211.208465576, 2037.97460938, 2221.12915039, 873.399658203, 7544.05078125, 5126.16113281, 904.880249023, 8512.74609375, 22945.0585938, 4454.39160156, 1054.171875, 152.842819214, 146.608169556, 56.4691925049, 102.021873474, 481.547973633, 44.3578910828, 1337.13525391, 2052.23120117, 561.166503906, 608.694274902, 154.511764526, 214.203033447, 231.766113281, 59.8759460449, 9.26943778992, 2.65688323975, 0.391248196363, 0.00537635199726, 0.00088715495076, 0.000347347493516, 0.000141873490065, 0.00231899996288, 0.0035221807193, 0.000842070381623, 9.16840144782e-06], "median": [0.0329364389181, 0.511729598045, 1.70814907551, 2.53122091293, 1.82524943352, 2.2695775032, 3.98515033722, 5.13173866272, 5.85377168655, 2.34818458557, 1.54000914097, 2.63289737701, 1.63230776787, 1.07330107689, 0.760103702545, 0.939274191856, 0.716584801674, 0.89315032959, 1.17369782925, 0.789093852043, 0.368494451046, 0.300697952509, 0.200141891837, 0.201531678438, 0.197708070278, 0.190951615572, 0.176153019071, 0.115053236485, 0.0802337676287, 0.0530282333493, 0.0414458885789, 0.0217602476478, 0.00626214407384, 0.00287440489046, 0.0017354239244, 0.00140011869371, 0.0019376729615, 0.00122174853459, 0.000586303882301, 0.00050980510423]}, "spectral_energy": {"dmean": 0.00708129256964, "dmean2": 0.0100799230859, "max": 0.334007769823, "dvar": 0.000163434378919, "mean": 0.021846845746, "dvar2": 0.000319635262713, "min": 1.01203908125e-20, "var": 0.00102744833566, "median": 0.0107534173876}, "zerocrossingrate": {"dmean": 0.022223142907, "dmean2": 0.0285174064338, "max": 0.83251953125, "dvar": 0.000444274657639, "mean": 0.114695727825, "dvar2": 0.00072980549885, "min": 0.001953125, "var": 0.00666183559224, "median": 0.09716796875}, "spectral_energyband_high": {"dmean": 9.41995531321e-05, "dmean2": 0.000121227167256, "max": 0.03316