{"metadata": {"version": {"essentia_git_sha": "v2.1_beta2", "essentia_build_sha": "70f2e5ece6736b2c40cc944ad0e695b16b925413", "extractor": "music 1.0", "essentia": "2.1-beta2"}, "audio_properties": {"analysis_sample_rate": 44100, "md5_encoded": "098417864b6b4922867ce4a88e4b0eeb", "downmix": "mix", "sample_rate": 44100, "equal_loudness": 0, "lossless": false, "codec": "mp3", "bit_rate": 192000, "length": 198.034286499, "replay_gain": -13.8824729919}, "tags": {"album": ["El Radio"], "albumartist": ["Chris Garneau"], "musicbrainz_recordingid": ["35c210ca-52eb-4cd4-bd1b-78d7127376ae"], "file_name": "2235302.mp3", "genre": ["Other"], "discnumber": ["1/1"], "tracknumber": ["5/13"], "artist": ["Chris Garneau"], "encodedby": ["iTunes 8.0.1.11"], "title": ["No More Pirates"]}}, "rhythm": {"beats_loudness": {"var": 0.000712296110578, "mean": 0.0542579777539, "dmean2": 0.043004039675, "dvar": 0.000347744702594, "dmean": 0.0243439786136, "max": 0.130293175578, "min": 9.15125419887e-10, "median": 0.0542822554708, "dvar2": 0.00112990837079}, "beats_position": [0.673378646374, 1.35836732388, 2.0549659729, 2.71673464775, 3.34367346764, 3.97061228752, 4.58594083786, 5.20126962662, 5.8282084465, 6.44353723526, 7.05886602402, 7.67419481277, 8.28952407837, 8.91646194458, 9.54340076447, 10.1587295532, 10.774058342, 11.3893871307, 12.0047159195, 12.6200447083, 13.235373497, 13.8507022858, 14.4660310745, 15.0929698944, 15.7199087143, 16.3352375031, 16.9505672455, 17.5658950806, 18.1928348541, 18.8081626892, 19.4234924316, 20.0388202667, 20.6657600403, 21.2810878754, 21.9080276489, 22.523355484, 23.1386852264, 23.7540130615, 24.369342804, 24.984670639, 25.6000003815, 26.2153282166, 26.8422679901, 27.4692058563, 28.0961437225, 28.711473465, 29.3268013, 29.9421310425, 30.5574588776, 31.17278862, 31.7881164551, 32.4150543213, 33.0419960022, 33.6457138062, 34.2726516724, 34.8879814148, 35.5033111572, 36.1302490234, 36.7455787659, 37.3609046936, 37.9878463745, 38.6031723022, 39.2185020447, 39.8454399109, 40.4723815918, 41.0877075195, 41.703037262, 42.3299751282, 42.9569168091, 43.5722427368, 44.1875724792, 44.7912902832, 45.4066200256, 46.0219497681, 46.6488876343, 47.2642173767, 47.8795471191, 48.5064849854, 49.1218147278, 49.7371406555, 50.3524703979, 50.9678001404, 51.5715179443, 52.1984558105, 52.8253974915, 53.4407234192, 54.0560531616, 54.6829910278, 55.3099327087, 55.936870575, 56.5405883789, 57.1675262451, 57.7828559875, 58.4097938538, 59.03673172, 59.6520614624, 60.2557830811, 60.8711090088, 61.4864387512, 62.1017684937, 62.7170982361, 63.3440361023, 63.95936203, 64.5746917725, 65.1900177002, 65.8169631958, 66.4322891235, 67.0592269897, 67.686164856, 68.3247146606, 68.9400405884, 69.566986084, 70.1823120117, 70.7976379395, 71.4013595581, 72.0050811768, 72.6204071045, 73.2357330322, 73.8394546509, 74.4547805786, 75.0701141357, 75.697052002, 76.3123779297, 76.9277114868, 77.554649353, 78.1815872192, 78.8085250854, 79.4238510132, 80.0391845703, 80.654510498, 81.2698364258, 81.8851699829, 82.5004959106, 83.1274337769, 83.7543716431, 84.3813171387, 85.0082550049, 85.6235809326, 86.2505187988, 86.865852356, 87.4811782837, 88.0965042114, 88.7118377686, 89.3271636963, 89.9541015625, 90.5578231812, 91.1731491089, 91.788482666, 92.4038085938, 93.0191345215, 93.6460723877, 94.2614059448, 94.888343811, 95.5036697388, 96.130607605, 96.7459411621, 97.3612670898, 97.976600647, 98.6035385132, 99.2188644409, 99.8458023071, 100.461128235, 101.076461792, 101.69178772, 102.307121277, 102.922447205, 103.549385071, 104.164710999, 104.780044556, 105.395370483, 106.02230835, 106.649246216, 107.264579773, 107.879905701, 108.495239258, 109.110565186, 109.714286804, 110.329612732, 110.933334351, 111.548660278, 112.175598145, 112.802536011, 113.429473877, 114.044807434, 114.6717453, 115.287071228, 115.914009094, 116.529342651, 117.144668579, 117.771606445, 118.386940002, 119.00226593, 119.629203796, 120.244529724, 120.848251343, 121.463577271, 122.078910828, 122.694236755, 123.321174622, 123.948112488, 124.575057983, 125.190383911, 125.805709839, 126.432647705, 127.047981262, 127.66330719, 128.278640747, 128.893966675, 129.520904541, 130.147842407, 130.774780273, 131.40171814, 132.028656006, 132.643981934, 133.25932312, 133.874649048, 134.489974976, 135.105300903, 135.720626831, 136.347564697, 136.962905884, 137.58984375, 138.205169678, 138.832107544, 139.435821533, 140.039550781, 140.643264771, 141.270202637, 141.897140503, 142.524078369, 143.139404297, 143.754730225, 144.358459473, 144.985397339, 145.600723267, 146.216049194, 146.842987061, 147.469924927, 148.096862793, 148.712203979, 149.327529907, 149.954467773, 150.569793701, 151.17350769, 151.788833618, 152.415786743, 153.031112671, 153.646438599, 154.261764526, 154.888702393, 155.50402832, 156.119369507, 156.734695435, 157.361633301, 157.976959229, 158.603897095, 159.219223022, 159.846160889, 160.461486816, 161.076828003, 161.703765869, 162.307479858, 162.934417725, 163.549743652, 164.176681519, 164.792022705, 165.418960571, 166.034286499, 166.661224365, 167.276550293, 167.891876221, 168.518814087, 169.145751953, 169.761077881, 170.388031006, 170.991744995, 171.607070923, 172.222396851, 172.849334717, 173.476272583, 174.09161377, 174.706939697, 175.310653687, 175.914367676, 176.541305542, 177.156646729, 177.771972656, 178.387298584, 179.025848389, 179.641174316, 180.256500244, 180.871826172, 181.487167358, 182.102493286, 182.717819214, 183.34475708, 183.971694946, 184.587020874, 185.202362061, 185.817687988, 186.433013916, 187.059951782, 187.67527771, 188.290603638, 188.894332886, 189.498046875, 190.113372803, 190.72869873, 191.344039917, 191.970977783, 192.609527588, 193.1900177, 193.747299194, 194.316192627, 194.815414429, 195.314651489, 195.813873291, 196.313110352, 196.812332153, 197.311553955], "bpm_histogram_first_peak_spread": {"var": 0, "mean": 0.342019617558, "dmean2": 0, "dvar": 0, "dmean": 0, "max": 0.342019617558, "min": 0.342019617558, "median": 0.342019617558, "dvar2": 0}, "danceability": 1.15025246143, "bpm_histogram_second_peak_weight": {"var": 0, "mean": 0.0188087765127, "dmean2": 0, "dvar": 0, "dmean": 0, "max": 0.0188087765127, "min": 0.0188087765127, "median": 0.0188087765127, "dvar2": 0}, "bpm_histogram_first_peak_weight": {"var": 0, "mean": 0.633228778839, "dmean2": 0, "dvar": 0, "dmean": 0, "max": 0.633228778839, "min": 0.633228778839, "median": 0.633228778839, "dvar2": 0}, "bpm": 97.0148468018, "bpm_histogram_second_peak_spread": {"var": 0, "mean": 0, "dmean2": 0, "dvar": 0, "dmean": 0, "max": 0, "min": 0, "median": 0, "dvar2": 0}, "bpm_histogram_second_peak_bpm": {"var": 0, "mean": 120, "dmean2": 0, "dvar": 0, "dmean": 0, "max": 120, "min": 120, "median": 120, "dvar2": 0}, "beats_count": 320, "beats_loudness_band_ratio": {"var": [0.0775219425559, 0.024723879993, 0.0216588005424, 0.0111429039389, 0.000516908417922, 0.000501805217937], "mean": [0.59692299366, 0.167526260018, 0.151866152883, 0.0828619748354, 0.0173034071922, 0.0140194417909], "dmean2": [0.630088746548, 0.302517026663, 0.280288726091, 0.179092511535, 0.0388993546367, 0.0352501943707], "dvar": [0.0441706590354, 0.0178257580847, 0.0152565017343, 0.0104374475777, 0.000532282574568, 0.000543469679542], "dmean": [0.330303877592, 0.160497888923, 0.14824809134, 0.0939458459616, 0.0202427636832, 0.0188942141831], "max": [0.992988586426, 0.856116831303, 0.788948178291, 0.572706401348, 0.161130934954, 0.25808095932], "min": [0.00274744746275, 0.00583623116836, 0.000992767279968, 0.000271365744993, 9.10956896405e-06, 1.34621427605e-06], "median": [0.644352674484, 0.118897646666, 0.112501308322, 0.0421535223722, 0.00772569514811, 0.00695857731625], "dvar2": [0.14882580936, 0.0558028258383, 0.0434665717185, 0.028949117288, 0.00155414547771, 0.00122878863476]}, "onset_rate": 3.53942799568, "bpm_histogram_first_peak_bpm": {"var": 0, "mean": 98, "dmean2": 0, "dvar": 0, "dmean": 0, "max": 98, "min": 98, "median": 98, "dvar2": 0}}, "lowlevel": {"hfc": {"var": 180.300750732, "mean": 13.6638717651, "dmean2": 5.45824766159, "dvar": 32.4001579285, "dmean": 3.78138279915, "max": 91.1309585571, "min": 1.20251732274e-16, "median": 8.68953323364, "dvar2": 65.9782409668}, "barkbands_spread": {"var": 130.024459839, "mean": 10.2638130188, "dmean2": 4.2140083313, "dvar": 27.2803153992, "dmean": 2.79779887199, "max": 119.030197144, "min": 0.241885513067, "median": 7.42801952362, "dvar2": 56.5830574036}, "spectral_spread": {"var": 4521478062080.0, "mean": 3593437.5, "dmean2": 864908.0625, "dvar": 697442697216, "dmean": 637370.875, "max": 40545728, "min": 393141.71875, "median": 3428799.75, "dvar2": 1120313802750.0}, "spectral_energy": {"var": 0.000565385678783, "mean": 0.0352976098657, "dmean2": 0.0157847888768, "dvar": 0.000205352145713, "dmean": 0.0100831463933, "max": 0.137997955084, "min": 1.08078812991e-20, "median": 0.031382329762, "dvar2": 0.000478360889247}, "gfcc": {"icov": [[0.000207565622986, -0.000640986254439, 0.000450978637673, -0.000478381087305, 0.000435310037574, -0.00063738739118, 0.000531896599568, -0.000668432214297, 0.000714069057722, -0.000867269933224, 0.000786485383287, -0.000661160796881, 0.000317993486533], [-0.000640986254439, 0.00353824486956, -0.00173382402863, 0.00233289110474, -0.00200542807579, 0.00214747036807, -0.00196364102885, 0.00259085581638, -0.0032741825562, 0.00433717574924, -0.00448192749172, 0.00400373246521, -0.00198437809013], [0.000450978637673, -0.00173382402863, 0.00197755568661, -0.00148998992518, 0.000861109176185, -0.002211837098, 0.00104542588815, -0.00150849588681, 0.00193113833666, -0.00237233587541, 0.00239650253206, -0.00192532932851, 0.000848734751344], [-0.000478381087305, 0.00233289110474, -0.00148998992518, 0.00349183077924, -0.000949918176048, 0.000814184080809, -0.00117195385974, 0.00045022010454, -0.00165727012791, 0.00254266452976, -0.00380224129185, 0.00343958172016, -0.0019528233679], [0.000435310037574, -0.00200542807579, 0.000861109176185, -0.000949918176048, 0.004407487344, -0.00143123639282, 0.000430206302553, -0.00213585235178, 0.000728507526219, -0.000799712026492, 0.000845686183311, -0.000255162100075, 0.000193018451682], [-0.00063738739118, 0.00214747036807, -0.002211837098, 0.000814184080809, -0.00143123639282, 0.00705373892561, -0.00325293140486, 0.00143421231769, -0.00167405384127, 0.000261797133135, -0.00137368636206, 0.00164305884391, -0.00172219146043], [0.000531896599568, -0.00196364102885, 0.00104542588815, -0.00117195385974, 0.000430206302553, -0.00325293140486, 0.00804018508643, -0.00264558545314, 0.000200476308237, 0.000247708958341, -0.000866569869686, -0.00246287113987, 0.00258562224917], [-0.000668432214297, 0.00259085581638, -0.00150849588681, 0.00045022010454, -0.00213585235178, 0.00143421231769, -0.00264558545314, 0.0111155146733, -0.00467365328223, 0.000823587353807, -0.000868976232596, -0.0010642966954, 0.000598052283749], [0.000714069057722, -0.0032741825562, 0.00193113833666, -0.00165727012791, 0.000728507526219, -0.00167405384127, 0.000200476308237, -0.00467365328223, 0.0130539666861, -0.00800767540932, 0.00200645718724, -0.000571361219045, -0.000308049202431], [-0.000867269933224, 0.00433717574924, -0.00237233587541, 0.00254266452976, -0.000799712026492, 0.000261797133135, 0.000247708958341, 0.000823587353807, -0.00800767540932, 0.0174820628017, -0.00904268957675, 0.00336307822727, -0.00134382559918], [0.000786485383287, -0.00448192749172, 0.00239650253206, -0.00380224129185, 0.000845686183311, -0.00137368636206, -0.000866569869686, -0.000868976232596, 0.00200645718724, -0.00904268957675, 0.0198993496597, -0.00780641287565, 0.00144755234942], [-0.000661160796881, 0.00400373246521, -0.00192532932851, 0.00343958172016, -0.000255162100075, 0.00164305884391, -0.00246287113987, -0.0010642966954, -0.000571361219045, 0.00336307822727, -0.00780641287565, 0.0186882335693, -0.00604466395453], [0.000317993486533, -0.00198437809013, 0.000848734751344, -0.0019528233679, 0.000193018451682, -0.00172219146043, 0.00258562224917, 0.000598052283749, -0.000308049202431, -0.00134382559918, 0.00144755234942, -0.00604466395453, 0.0137253170833]], "mean": [-83.5234146118, 151.43081665, -91.8427276611, 9.80631065369, -49.695224762, 14.3081130981, -31.0521430969, 2.80975866318, -17.0957679749, -1.90666484833, -9.43646812439, -8.15882015228, -9.92214488983], "cov": [[20853.9902344, -2048.87353516, -411.389556885, 1720.11303711, -1410.00366211, 1196.04406738, -641.063598633, 881.746765137, -264.289764404, 823.859985352, -184.882598877, 434.821105957, 28.7745933533], [-2048.87353516, 3046.2277832, -321.957092285, -955.788513184, 872.872070312, -501.263793945, 303.335754395, -424.680541992, 228.983139038, -424.409606934, 198.23109436, -325.917999268, 57.1406898499], [-411.389556885, -321.957092285, 1738.41333008, 608.596740723, -14.2963228226, 530.997009277, 111.475112915, 223.583358765, 31.4230194092, 197.082962036, 20.6979637146, 87.329750061, 34.4398765564], [1720.11303711, -955.788513184, 608.596740723, 1028.01037598, -197.453994751, 410.290863037, 5.19728040695, 274.912628174, 11.0881509781, 231.056488037, 28.9525928497, 98.9552841187, 35.2904510498], [-1410.00366211, 872.872070312, -14.2963228226, -197.453994751, 582.850463867, -91.2802276611, 160.442855835, -67.2838363647, 116.543769836, -112.140426636, 84.8201980591, -102.321044922, 22.3411235809], [1196.04406738, -501.263793945, 530.997009277, 410.290863037, -91.2802276611, 483.095581055, 65.3348617554, 186.188995361, 27.4772796631, 179.635620117, 13.2604207993, 85.3021240234, 21.2111301422], [-641.063598633, 303.335754395, 111.475112915, 5.19728040695, 160.442855835, 65.3348617554, 258.841400146, 29.355928421, 80.1360702515, -15.407491684, 72.5111541748, -10.5423717499, -3.54499578476], [881.746765137, -424.680541992, 223.583358765, 274.912628174, -67.2838363647, 186.188995361, 29.355928421, 249.009353638, 46.5718307495, 132.321395874, 8.27414321899, 75.7581176758, -2.11937522888], [-264.289764404, 228.983139038, 31.4230194092, 11.0881509781, 116.543769836, 27.4772796631, 80.1360702515, 46.5718307495, 180.746047974, 53.2446746826, 60.5532531738, -17.5320739746, 18.7090568542], [823.859985352, -424.409606934, 197.082962036, 231.056488037, -112.140426636, 179.635620117, -15.407491684, 132.321395874, 53.2446746826, 210.609619141, 29.7439289093, 65.0324630737, 8.81240940094], [-184.882598877, 198.23109436, 20.6979637146, 28.9525928497, 84.8201980591, 13.2604207993, 72.5111541748, 8.27414321899, 60.5532531738, 29.7439289093, 115.459854126, 8.36819267273, 18.0128593445], [434.821105957, -325.917999268, 87.329750061, 98.9552841187, -102.321044922, 85.3021240234, -10.5423717499, 75.7581176758, -17.5320739746, 65.0324630737, 8.36819267273, 121.558143616, 20.937335968], [28.7745933533, 57.1406898499, 34.4398765564, 35.2904510498, 22.3411235809, 21.2111301422, -3.54499578476, -2.11937522888, 18.7090568542, 8.81240940094, 18.0128593445, 20.937335968, 95.0553970337]]}, "silence_rate_60dB": {"var": 0.0691061317921, "mean": 0.0746776089072, "dmean2": 0.028611632064, "dvar": 0.0141006335616, "dmean": 0.01430413872, "max": 1, "min": 0, "median": 0, "dvar2": 0.0322524569929}, "spectral_centroid": {"var": 256479.921875, "mean": 641.973815918, "dmean2": 177.278411865, "dvar": 50387.7578125, "dmean": 118.42742157, "max": 10678.9111328, "min": 98.6195449829, "median": 510.639831543, "dvar2": 98142.1328125}, "spectral_complexity": {"var": 41.0498809814, "mean": 11.4019927979, "dmean2": 3.19019699097, "dvar": 7.11513233185, "dmean": 2.08160400391, "max": 44, "min": 0, "median": 11, "dvar2": 14.5152854919}, "melbands_spread": {"var": 172.613479614, "mean": 10.9991378784, "dmean2": 4.59781455994, "dvar": 34.8472747803, "dmean": 3.06691861153, "max": 175.568023682, "min": 0.28236296773, "median": 7.47090816498, "dvar2": 71.4743881226}, "spectral_strongpeak": {"var": 1.34697413445, "mean": 0.880153596401, "dmean2": 0.754685044289, "dvar": 0.672273933887, "dmean": 0.450976490974, "max": 10.121339798, "min": 0, "median": 0.451645672321, "dvar2": 1.61422276497}, "zerocrossingrate": {"var": 0.0012975120917, "mean": 0.0309910904616, "dmean2": 0.00704812910408, "dvar": 0.000123683188576, "dmean": 0.00603181077167, "max": 0.49951171875, "min": 0.00244140625, "median": 0.0244140625, "dvar2": 0.000137297101901}, "erbbands_kurtosis": {"var": 27.2533779144, "mean": 2.25331449509, "dmean2": 2.66535377502, "dvar": 13.3432168961, "dmean": 1.72517573833, "max": 164.818389893, "min": -1.77876377106, "median": 1.02319502831, "dvar2": 27.5887584686}, "spectral_energyband_middle_low": {"var": 0.000202035807888, "mean": 0.015106539242, "dmean2": 0.00891774054617, "dvar": 7.27314909454e-05, "dmean": 0.00568768242374, "max": 0.108003750443, "min": 2.70888523966e-22, "median": 0.010941831395, "dvar2": 0.000176475805347}, "erbbands": {"var": [0.0621754415333, 7.75435113907, 97.0863494873, 74.81275177, 174.293014526, 599.506652832, 1187.46557617, 1134.78845215, 3101.31420898, 4304.87255859, 9780.12597656, 22714.2617188, 8458.51171875, 8211.25390625, 7974.86962891, 4945.95751953, 6723.31787109, 3013.82202148, 1981.48071289, 902.008361816, 415.374206543, 338.413482666, 69.4616851807, 152.128311157, 64.5677261353, 27.855342865, 14.9876470566, 17.0456504822, 24.943113327, 6.8760881424, 3.52814698219, 2.19657444954, 1.19692063332, 0.60919469595, 0.087644957006, 0.0148022053763, 0.00114071695134, 2.25034000323e-05, 5.71753240308e-08, 1.02133812518e-09], "mean": [0.242166206241, 2.54911780357, 6.4573135376, 7.31372594833, 9.70732975006, 15.5165719986, 18.1845684052, 18.035112381, 28.2389602661, 36.511806488, 43.3403053284, 47.9829711914, 27.1427211761, 31.9784698486, 36.9318618774, 26.7962245941, 27.2139911652, 20.9806270599, 16.9274578094, 10.5273485184, 6.94736003876, 6.46373701096, 3.91118884087, 3.56276059151, 2.7306292057, 2.34112763405, 1.68677866459, 1.52126979828, 1.79761576653, 1.2449464798, 0.926540434361, 0.745581328869, 0.599328517914, 0.393070936203, 0.133885115385, 0.0420788265765, 0.0136829698458, 0.00192945380695, 9.21587125049e-05, 4.29072024417e-05], "dmean2": [0.124225080013, 1.85923337936, 6.3591632843, 5.94036197662, 8.59938907623, 14.0290346146, 21.2186965942, 19.7565975189, 20.9907569885, 24.983625412, 36.9389419556, 50.422580719, 25.34882164, 27.7869949341, 30.9466686249, 23.3274898529, 24.4393520355, 17.6918144226, 14.5957117081, 10.1775665283, 6.28509998322, 6.01665306091, 3.48620557785, 3.13165903091, 2.45767664909, 2.07943964005, 1.59227013588, 1.61285614967, 1.4821087122, 1.01742386818, 0.731130182743, 0.591205775738, 0.476476848125, 0.365268200636, 0.116321802139, 0.0357825160027, 0.0141814872622, 0.00188719236758, 7.3470910138e-05, 1.89816109923e-05], "dvar": [0.0292302109301, 5.1124124527, 83.7864151001, 40.7106285095, 100.981674194, 296.563293457, 796.091491699, 734.032104492, 1289.62036133, 1818.04162598, 6022.56494141, 13614.4394531, 3704.49072266, 3831.91552734, 3840.25805664, 2467.15429688, 3060.08349609, 1386.94238281, 910.168029785, 504.659515381, 178.002792358, 135.311599731, 31.6446170807, 51.1582603455, 30.3401947021, 12.0852470398, 8.45497226715, 14.7014379501, 7.97111034393, 3.64403247833, 1.1815482378, 0.791283488274, 0.457480818033, 0.324329584837, 0.0508290715516, 0.0133941983804, 0.000810118508525, 1.42623875945e-05, 2.73482125834e-08, 3.68520186589e-10], "dmean": [0.0781279876828, 1.12925302982, 3.87535214424, 3.65496635437, 5.40742492676, 8.89749240875, 12.8193511963, 11.6999130249, 13.4674835205, 16.3481216431, 24.2767963409, 32.1793289185, 17.0068855286, 18.710515976, 21.0464687347, 15.7717514038, 16.176202774, 11.8323640823, 9.74263191223, 6.49025249481, 4.11273956299, 3.86464524269, 2.25029850006, 1.96161854267, 1.56328010559, 1.33812904358, 1.02391421795, 1.01186513901, 0.978154361248, 0.686183154583, 0.507359743118, 0.410373091698, 0.335649341345, 0.251432925463, 0.0808839872479, 0.024389302358, 0.00944823864847, 0.00127625628375, 4.98386689287e-05, 1.23558229461e-05], "max": [2.98915100098, 28.5871925354, 100.518722534, 84.9470825195, 136.536193848, 398.404907227, 493.865997314, 470.419952393, 1178.2689209, 1016.48822021, 2238.14453125, 2115.69287109, 2347.97827148, 1473.21899414, 1445.79394531, 1582.87255859, 1719.77856445, 1326.97436523, 848.686340332, 586.199523926, 498.216888428, 406.544494629, 113.640663147, 212.12828064, 199.08013916, 75.3148193359, 76.8272323608, 96.2061386108, 86.7989959717, 81.3439788818, 24.7321243286, 20.1254482269, 12.3246908188, 11.2869062424, 9.59182071686, 7.6506280899, 0.734211325645, 0.0805224776268, 0.00575697189197, 0.000570895848796], "min": [2.60849427074e-21, 2.37534364079e-21, 1.322882004e-20, 3.84401073476e-20, 3.28606222507e-20, 4.36078148269e-20, 1.33634065262e-19, 3.64920653395e-19, 2.66784979498e-19, 3.37378046388e-19, 1.43449475713e-18, 2.42769548171e-18, 3.58939434463e-18, 2.07364522233e-18, 3.38066731117e-18, 2.90410126332e-18, 1.0704809832e-17, 3.87931949497e-18, 5.29272218046e-18, 7.23781877931e-18, 5.77344563807e-18, 6.93643883185e-18, 7.93129888073e-18, 1.36044277764e-17, 1.09082284339e-17, 1.3138058384e-17, 1.89621973723e-17, 1.41574129052e-17, 1.60083089351e-17, 2.12834547683e-17, 1.54663799024e-17, 1.54979401515e-17, 2.0591367639e-17, 1.53273192609e-17, 1.29282249965e-17, 5.81432903984e-18, 3.85539412293e-18, 1.46529761898e-18, 2.76708303415e-19, 3.45360216515e-20], "median": [0.212467804551, 2.04848623276, 3.79917740822, 4.65502882004, 4.76994132996, 6.3005027771, 6.27687358856, 6.1369342804, 9.36069869995, 13.3231239319, 14.8151550293, 8.63932323456, 4.7969789505, 6.05075550079, 6.0069732666, 6.03129434586, 4.73039531708, 3.67896127701, 2.53352761269, 2.0919046402, 1.26794624329, 0.890533566475, 0.879508852959, 0.4648193717, 0.432745069265, 0.391776680946, 0.272534400225, 0.168367281556, 0.150109499693, 0.13929823041, 0.102508805692, 0.0655373036861, 0.0613356381655, 0.0417890101671, 0.0148420771584, 0.00490656588227, 0.00100529100746, 0.000110572676931, 2.1519328584e-05, 3.65235100617e-05], "dvar2": [0.0767427608371, 13.5488138199, 207.078857422, 102.284210205, 252.981063843, 760.863708496, 2086.83300781, 2022.52111816, 3204.81079102, 4399.92773438, 13981.4882812, 34339.7929688, 7857.37939453, 9268.81152344, 8732.11523438, 5805.25439453, 6902.72216797, 3136.45581055, 2078.45117188, 1204.34350586, 363.699768066, 321.390563965, 73.9801101685, 138.515731812, 74.5959243774, 29.460735321, 21.6647052765, 40.0348548889, 19.0031280518, 8.77879142761, 2.53041505814, 1.6546202898, 0.959549248219, 0.685856461525, 0.110484734178, 0.0330797769129, 0.00188375147991, 3.30012917402e-05, 5.89581823363e-08, 8.3032342113e-10]}, "barkbands_crest": {"var": 19.283290863, "mean": 12.4872550964, "dmean2": 3.77671122551, "dvar": 5.51906681061, "dmean": 2.36975932121, "max": 26.4061336517, "min": 2.50671935081, "median": 11.9796695709, "dvar2": 14.1273813248}, "melbands_crest": {"var": 26.9180412292, "mean": 15.7895879745, "dmean2": 4.46892786026, "dvar": 8.87664318085, "dmean": 2.80954623222, "max": 33.350605011, "min": 1.79374802113, "median": 15.4831905365, "dvar2": 22.63022995}, "spectral_flux": {"var": 0.00320990080945, "mean": 0.0747011080384, "dmean2": 0.044661924243, "dvar": 0.00119721959345, "dmean": 0.027845190838, "max": 0.324221640825, "min": 1.03960957898e-10, "median": 0.0581789091229, "dvar2": 0.0028992658481}, "spectral_contrast_valleys": {"var": [3.05246376991, 1.96315097809, 1.91039216518, 2.00706958771, 2.58021330833, 3.56108283997], "mean": [-7.36564540863, -7.09022760391, -8.00160598755, -8.78517532349, -9.17150497437, -11.4157848358], "dmean2": [0.63410025835, 0.624713420868, 0.589824676514, 0.540847957134, 0.48360440135, 0.504515111446], "dvar": [0.189017027617, 0.219171464443, 0.221403971314, 0.198135480285, 0.223948851228, 0.243281513453], "dmean": [0.401417613029, 0.413883209229, 0.407014578581, 0.385417282581, 0.371010243893, 0.397058218718], "max": [-5.28017854691, -4.68132543564, -4.94992733002, -5.73227882385, -6.29018783569, -8.42924022675], "min": [-28.0317287445, -27.3206138611, -27.2250041962, -27.1386852264, -27.0828742981, -27.2828845978], "median": [-6.76061916351, -6.85069704056, -7.75781488419, -8.52011489868, -8.9235496521, -11.0762805939], "dvar2": [0.362466394901, 0.386449873447, 0.37470510602, 0.321805685759, 0.369392842054, 0.412144720554]}, "mfcc": {"icov": [[8.91950257937e-05, 4.24097197538e-05, 6.67962158332e-05, -8.69912400958e-05, 0.000128951156512, -8.58228158904e-05, 7.35904468456e-05, 1.56701371452e-05, -4.76043351227e-05, -0.000149865212734, 1.69140912476e-06, 6.24124950264e-05, -6.764648424e-05], [4.24097197538e-05, 0.000509099394549, 0.000202706185519, 0.000414896348957, -0.000665641215164, -0.000142010190757, -0.000272428587778, -5.27291558683e-05, 0.000141561438795, 2.93802968372e-05, -0.000125003891299, -9.84462021734e-05, 9.55429204623e-05], [6.67962158332e-05, 0.000202706185519, 0.00110983871855, -0.000182433228474, -1.26044878925e-05, -0.000812912185211, -0.000325641274685, -4.38045281044e-05, -0.000329517788487, -7.41625117371e-05, 0.000338954414474, -0.000306219910271, 3.74499395548e-05], [-8.69912400958e-05, 0.000414896348957, -0.000182433228474, 0.00349377421662, -0.00175603234675, 0.000114510912681, -0.00106559402775, -0.000553139660042, 0.00068624841515, -0.0017633306561, 0.000669249566272, -0.00128696346655, 0.000487216573674], [0.000128951156512, -0.000665641215164, -1.26044878925e-05, -0.00175603234675, 0.00619576638564, -0.000839001382701, -8.5164741904e-05, 0.000628725218121, -0.0021575470455, -9.38863304327e-05, 0.000180282411748, -0.000132594926981, 0.000142712771776], [-8.58228158904e-05, -0.000142010190757, -0.000812912185211, 0.000114510912681, -0.000839001382701, 0.00744288926944, -0.00374429067597, 0.00104241049848, -0.00133289129008, -0.00104730436578, -0.000703186844476, -0.000176062894752, 0.000525225012098], [7.35904468456e-05, -0.000272428587778, -0.000325641274685, -0.00106559402775, -8.5164741904e-05, -0.00374429067597, 0.011728355661, -0.00600500265136, 0.00235694018193, -0.00135113694705, -0.000520910893101, 0.00104812311474, -0.000616668898147], [1.56701371452e-05, -5.27291558683e-05, -4.38045281044e-05, -0.000553139660042, 0.000628725218121, 0.00104241049848, -0.00600500265136, 0.0124405939132, -0.00560175580904, 0.00396007811651, -0.00227737892419, -0.000470223632874, -0.00108805415221], [-4.76043351227e-05, 0.000141561438795, -0.000329517788487, 0.00068624841515, -0.0021575470455, -0.00133289129008, 0.00235694018193, -0.00560175580904, 0.0160264894366, -0.00795562937856, 0.0032896604389, -0.00166532886215, -0.0013970307773], [-0.000149865212734, 2.93802968372e-05, -7.41625117371e-05, -0.0017633306561, -9.38863304327e-05, -0.00104730436578, -0.00135113694705, 0.00396007811651, -0.00795562937856, 0.0183632913977, -0.0101068094373, 0.00480814324692, -0.00310370163061], [1.69140912476e-06, -0.000125003891299, 0.000338954414474, 0.000669249566272, 0.000180282411748, -0.000703186844476, -0.000520910893101, -0.00227737892419, 0.0032896604389, -0.0101068094373, 0.0179796759039, -0.00912218447775, 0.00238221907057], [6.24124950264e-05, -9.84462021734e-05, -0.000306219910271, -0.00128696346655, -0.000132594926981, -0.000176062894752, 0.00104812311474, -0.000470223632874, -0.00166532886215, 0.00480814324692, -0.00912218447775, 0.0171319581568, -0.0073940847069], [-6.764648424e-05, 9.55429204623e-05, 3.74499395548e-05, 0.000487216573674, 0.000142712771776, 0.000525225012098, -0.000616668898147, -0.00108805415221, -0.0013970307773, -0.00310370163061, 0.00238221907057, -0.0073940847069, 0.0140064898878]], "mean": [-729.097106934, 178.070968628, 23.031293869, 7.47805690765, 6.36853551865, 6.36097574234, 2.20728087425, 1.4870043993, -1.05446112156, 1.48553264141, 2.67667531967, 1.98195135593, 0.10133215785], "cov": [[14088.4912109, -1873.64929199, -381.710998535, 453.803741455, -308.666748047, 74.6559524536, -83.2299041748, -43.734336853, 131.667282104, 300.448730469, 105.14163208, 5.44270467758, 124.042060852], [-1873.64929199, 2951.11914062, -414.449279785, -266.979614258, 279.476257324, 57.3826217651, 77.8287811279, 29.9010505676, -14.8438158035, -38.5855751038, 33.9712791443, 10.3612203598, -28.3734226227], [-381.710998535, -414.449279785, 1345.71203613, 276.842681885, 115.091339111, 263.576507568, 188.501358032, 120.784622192, 127.345069885, 113.31716156, 64.9906768799, 82.2967224121, 64.5838317871], [453.803741455, -266.979614258, 276.842681885, 520.201782227, 151.331512451, 131.147399902, 130.380950928, 89.0285110474, 88.8396759033, 124.095367432, 77.1980285645, 76.462097168, 54.9680747986], [-308.666748047, 279.476257324, 115.091339111, 151.331512451, 275.846984863, 99.4646682739, 75.5956420898, 46.7339286804, 72.1872711182, 63.2051315308, 41.9777145386, 38.8276977539, 26.0127696991], [74.6559524536, 57.3826217651, 263.576507568, 131.147399902, 99.4646682739, 264.321350098, 135.893203735, 68.5860900879, 77.1824111938, 89.2444534302, 66.5631713867, 44.5838317871, 34.7771606445], [-83.2299041748, 77.8287811279, 188.501358032, 130.380950928, 75.5956420898, 135.893203735, 201.297698975, 108.311965942, 53.6298484802, 62.292514801, 57.1077461243, 40.2935218811, 36.1490631104], [-43.734336853, 29.9010505676, 120.784622192, 89.0285110474, 46.7339286804, 68.5860900879, 108.311965942, 162.463623047, 67.8252716064, 35.4761543274, 46.7910270691, 47.9702415466, 42.4978179932], [131.667282104, -14.8438158035, 127.345069885, 88.8396759033, 72.1872711182, 77.1824111938, 53.6298484802, 67.8252716064, 134.958709717, 84.1473007202, 44.2312927246, 42.149433136, 48.1418609619], [300.448730469, -38.5855751038, 113.31716156, 124.095367432, 63.2051315308, 89.2444534302, 62.292514801, 35.4761543274, 84.1473007202, 153.667984009, 87.4795074463, 40.8290672302, 47.7221794128], [105.14163208, 33.9712791443, 64.9906768799, 77.1980285645, 41.9777145386, 66.5631713867, 57.1077461243, 46.7910270691, 44.2312927246, 87.4795074463, 135.225158691, 75.0424118042, 41.0548095703], [5.44270467758, 10.3612203598, 82.2967224121, 76.462097168, 38.8276977539, 44.5838317871, 40.2935218811, 47.9702415466, 42.149433136, 40.8290672302, 75.0424118042, 127.255477905, 68.1757125854], [124.042060852, -28.3734226227, 64.5838317871, 54.9680747986, 26.0127696991, 34.7771606445, 36.1490631104, 42.4978179932, 48.1418609619, 47.7221794128, 41.0548095703, 68.1757125854, 117.811248779]]}, "erbbands_flatness_db": {"var": 0.00784994941205, "mean": 0.219147324562, "dmean2": 0.0305070579052, "dvar": 0.000657331314869, "dmean": 0.0229570157826, "max": 0.570333838463, "min": 0.0401103273034, "median": 0.205508485436, "dvar2": 0.00114125665277}, "barkbands": {"var": [2.17426801896e-07, 0.000112783010991, 7.16502108844e-05, 1.0290767932e-05, 3.6130528315e-05, 1.69793238456e-05, 1.72869658854e-05, 1.86298893823e-05, 3.09084098262e-05, 1.3521762412e-05, 5.7343777371e-06, 4.36427262684e-06, 2.78011293631e-06, 1.30282251121e-06, 3.92085070189e-07, 1.5053943514e-07, 9.33729680241e-08, 1.88008009161e-08, 4.96654841697e-08, 1.14598002199e-08, 1.00225401312e-08, 1.3658850051e-08, 4.38200231656e-09, 4.36233715817e-09, 3.14391335188e-09, 4.46372522278e-10, 1.94455714551e-12], "mean": [0.000310685718432, 0.0105428090319, 0.00514707062393, 0.00248769833706, 0.00425491249189, 0.00217783986591, 0.00229519652203, 0.00184472335968, 0.00191222026478, 0.000976462557446, 0.000769749458414, 0.000763626128901, 0.000539564178325, 0.000437656679424, 0.000229296769248, 0.000133722016471, 0.000108154403279, 6.43388993922e-05, 6.40382859274e-05, 4.72914362035e-05, 3.95163369831e-05, 4.66616802441e-05, 3.35385448125e-05, 3.50718728441e-05, 2.7391823096e-05, 7.94148400018e-06, 4.15376916862e-07], "dmean2": [0.000122123150504, 0.00689131906256, 0.00532010477036, 0.00233639078215, 0.00359746464528, 0.00265763397329, 0.00161944702268, 0.00158406666014, 0.00200351374224, 0.000889050774276, 0.000707072555088, 0.000682401587255, 0.000520738132764, 0.000378092081519, 0.000230415462283, 0.000134929621709, 0.000105539744254, 6.36913464405e-05, 5.71739583393e-05, 4.23712481279e-05, 4.04427773901e-05, 3.71430505766e-05, 2.65056623903e-05, 2.69788852165e-05, 2.48651904258e-05, 7.35496178095e-06, 4.10830296005e-07], "dvar": [3.62473144833e-08, 6.92605244694e-05, 6.01139436185e-05, 6.06345156484e-06, 1.69603390532e-05, 1.25790047605e-05, 6.83821326675e-06, 1.13413934741e-05, 1.7684784325e-05, 5.44810654901e-06, 2.78736547443e-06, 1.80860047294e-06, 1.35166271775e-06, 5.51731943688e-07, 2.30761841635e-07, 7.86976457334e-08, 4.13930116849e-08, 1.04182538152e-08, 1.7318885881e-08, 5.13713072081e-09, 7.13752212889e-09, 4.38401803748e-09, 1.71823666406e-09, 1.55412405167e-09, 1.69161651353e-09, 4.00085853336e-10, 1.05071669681e-12], "dmean": [8.51875010994e-05, 0.00420370977372, 0.00326454918832, 0.00140441430267, 0.00231021665968, 0.00157311430667, 0.00105665286537, 0.00103573489469, 0.00128616881557, 0.000597395177465, 0.000482418865431, 0.000461724353954, 0.000341028557159, 0.000255660124822, 0.000148628518218, 8.66783666424e-05, 6.78612414049e-05, 4.03937956435e-05, 3.59434416168e-05, 2.72255510936e-05, 2.55566919805e-05, 2.48158376053e-05, 1.84142973012e-05, 1.89614675037e-05, 1.7166195903e-05, 4.95707809023e-06, 2.76568101754e-07], "max": [0.00311254453845, 0.101783946157, 0.0971102565527, 0.0390384271741, 0.0698502585292, 0.0516718067229, 0.067940607667, 0.084260173142, 0.0667916759849, 0.086838722229, 0.0408596582711, 0.0350902229548, 0.0356826558709, 0.0220577307045, 0.0127578238025, 0.00898936577141, 0.00717554008588, 0.00234590400942, 0.00485756667331, 0.00176057766657, 0.0019117272459, 0.0017587908078, 0.00117166072596, 0.000770141021349, 0.00100846984424, 0.00120992562734, 3.15808538289e-05], "min": [2.8049577694e-23, 3.59118198594e-23, 1.41158423281e-23, 1.51804211638e-23, 1.09959353133e-23, 3.70800502848e-23, 2.37836151338e-23, 4.12700155631e-23, 9.78557403575e-23, 1.13108113524e-22, 6.90358746994e-23, 5.69836577895e-23, 2.02493753368e-22, 6.99279249219e-23, 1.03743936994e-22, 1.48907227249e-22, 1.05855749191e-22, 1.53324633748e-22, 2.34347729529e-22, 3.44532135212e-22, 4.03501721932e-22, 5.30898592939e-22, 5.54514690305e-22, 1.04510534351e-21, 1.52615014867e-21, 1.8778381232e-21, 2.30708003568e-21], "median": [3.45432126778e-05, 0.00971767865121, 0.00239326711744, 0.00141493440606, 0.00194645579904, 0.000636957760435, 0.000680391211063, 0.000614017364569, 0.000335802062182, 0.00012803140271, 6.1668579292e-05, 0.000131870139739, 7.82594725024e-05, 6.3994411903e-05, 3.61035417882e-05, 2.5511624699e-05, 1.14142630991e-05, 1.37294409797e-05, 8.3502218331e-06, 7.56585086492e-06, 5.29609633304e-06, 4.28623843618e-06, 4.02018213208e-06, 3.50002437699e-06, 2.90920661428e-06, 7.42068152704e-07, 1.45830583165e-08], "dvar2": [7.25543287672e-08, 0.000184322620044, 0.000147193393786, 1.64494704222e-05, 4.19239258918e-05, 3.44327709172e-05, 1.72711497726e-05, 2.66552651738e-05, 4.3998392357e-05, 1.21964176287e-05, 6.43369685349e-06, 4.09261156165e-06, 3.09846359414e-06, 1.20805987081e-06, 5.59310706194e-07, 1.69777123915e-07, 9.94281634803e-08, 2.51804319618e-08, 4.33368008146e-08, 1.25346240054e-08, 1.91502813607e-08, 1.0055827282e-08, 3.7895429017e-09, 3.17246451331e-09, 3.55802343144e-09, 1.01054675739e-09, 2.33042448186e-12]}, "spectral_energyband_low": {"var": 0.000293880177196, "mean": 0.0174133963883, "dmean2": 0.010933931917, "dvar": 0.000173839536728, "dmean": 0.00679258955643, "max": 0.133393332362, "min": 8.09497948264e-23, "median": 0.0156224351376, "dvar2": 0.000424519996159}, "erbbands_spread": {"var": 316.793243408, "mean": 25.8908939362, "dmean2": 9.64214134216, "dvar": 80.8096694946, "dmean": 6.55039453506, "max": 174.040252686, "min": 0.608443140984, "median": 20.7292137146, "dvar2": 169.26953125}, "average_loudness": 0.843174576759, "spectral_energyband_middle_high": {"var": 4.81823954033e-05, "mean": 0.00404408108443, "dmean2": 0.00229079066776, "dvar": 1.27582170535e-05, "dmean": 0.00160361116286, "max": 0.0911893844604, "min": 1.40111248926e-21, "median": 0.00112655921839, "dvar2": 2.7366064387e-05}, "barkbands_flatness_db": {"var": 0.0108389900997, "mean": 0.250206947327, "dmean2": 0.0401198528707, "dvar": 0.00110219814815, "dmean": 0.0289367716759, "max": 0.602809667587, "min": 0.0118417181075, "median": 0.232989817858, "dvar2": 0.00191506708506}, "spectral_entropy": {"var": 0.762047052383, "mean": 6.62125444412, "dmean2": 0.340985387564, "dvar": 0.0929972454906, "dmean": 0.255158990622, "max": 9.79421615601, "min": 3.32664370537, "median": 6.67683029175, "dvar2": 0.160570651293}, "melbands_skewness": {"var": 3.6161365509, "mean": 2.76216959953, "dmean2": 1.11514902115, "dvar": 0.831733107567, "dmean": 0.747743427753, "max": 17.5795211792, "min": -1.63647949696, "median": 2.53076410294, "dvar2": 1.77836859226}, "spectral_contrast_coeffs": {"var": [0.01182729844, 0.0081401662901, 0.00776378344744, 0.00601108977571, 0.00380525714718, 0.00152761104982], "mean": [-0.614332973957, -0.685215353966, -0.724681675434, -0.756489336491, -0.803762555122, -0.816155552864], "dmean2": [0.0757343769073, 0.0736911818385, 0.0614589080215, 0.0487263165414, 0.0331741981208, 0.0285651925951], "dvar": [0.00182648585178, 0.00174556230195, 0.00133190443739, 0.000795881787781, 0.000425510457717, 0.000396724964958], "dmean": [0.0473248399794, 0.0462017431855, 0.0403650105, 0.0318644456565, 0.0218519829214, 0.0181452818215], "max": [-0.180001080036, -0.318294525146, -0.429115265608, -0.465396255255, -0.540562093258, -0.654294610023], "min": [-0.946336984634, -0.97972536087, -0.961058676243, -0.960114181042, -0.962657809258, -0.957988679409], "median": [-0.630594849586, -0.689053356647, -0.732990682125, -0.764887094498, -0.814626216888, -0.81868326664], "dvar2": [0.00434769177809, 0.00427179271355, 0.00282780081034, 0.00169720500708, 0.000849036849104, 0.00095777225215]}, "pitch_salience": {"var": 0.0143654542044, "mean": 0.482055932283, "dmean2": 0.11160402745, "dvar": 0.00514663429931, "dmean": 0.0695128813386, "max": 0.922608435154, "min": 0.0444985739887, "median": 0.480128139257, "dvar2": 0.0133722471073}, "spectral_rolloff": {"var": 1742813.875, "mean": 718.870117188, "dmean2": 309.935913086, "dvar": 392851.59375, "dmean": 188.523849487, "max": 18776.953125, "min": 43.06640625, "median": 473.73046875, "dvar2": 780700.9375}, "melbands_kurtosis": {"var": 1125.55175781, "mean": 20.2409286499, "dmean2": 15.0769042969, "dvar": 464.547363281, "dmean": 9.82588768005, "max": 627.621704102, "min": -1.65824210644, "median": 10.5569000244, "dvar2": 1020.19616699}, "silence_rate_30dB": {"var": 0.00315525988117, "mean": 0.996834695339, "dmean2": 0.0112570356578, "dvar": 0.00559597602114, "dmean": 0.00562785798684, "max": 1, "min": 0, "median": 1, "dvar2": 0.0160551778972}, "spectral_decrease": {"var": 3.69360826574e-17, "mean": -9.02388475055e-09, "dmean2": 4.08298417298e-09, "dvar": 1.39130290106e-17, "dmean": 2.60289989562e-09, "max": 2.63115011954e-29, "min": -3.61591858677e-08, "median": -8.07585465168e-09, "dvar2": 3.25321201366e-17}, "spectral_rms": {"var": 4.74795115224e-06, "mean": 0.0054487446323, "dmean2": 0.00120323977899, "dvar": 1.00078830201e-06, "dmean": 0.000787562632468, "max": 0.0116031095386, "min": 3.24719483073e-12, "median": 0.00553325470537, "dvar2": 2.17940214498e-06}, "spectral_skewness": {"var": 3.6294054985, "mean": 3.22980809212, "dmean2": 1.05315232277, "dvar": 0.736478149891, "dmean": 0.679448068142, "max": 13.2558813095, "min": 0.0345438867807, "median": 2.61983728409, "dvar2": 1.77455508709}, "erbbands_crest": {"var": 25.4110145569, "mean": 11.2385129929, "dmean2": 4.38855218887, "dvar": 7.6116027832, "dmean": 2.77190637589, "max": 33.7046127319, "min": 2.01094126701, "median": 10.2249202728, "dvar2": 18.9428977966}, "melbands_flatness_db": {"var": 0.0145639693365, "mean": 0.340815842152, "dmean2": 0.044903960079, "dvar": 0.00153622997459, "dmean": 0.0330542698503, "max": 0.741836845875, "min": 0.00397542538121, "median": 0.323552370071, "dvar2": 0.00263472343795}, "dynamic_complexity": 3.82801795006, "dissona