{"tonal": {"hpcp": {"dvar": [0.0648233219981, 0.0598999485373, 0.0644520223141, 0.0583220534027, 0.0413159802556, 0.0334709659219, 0.0317645445466, 0.0296316165477, 0.0301013849676, 0.0299189314246, 0.0261655654758, 0.0285028610379, 0.0277613010257, 0.0254221335053, 0.0339795835316, 0.049086637795, 0.0510504879057, 0.0404377356172, 0.0366655178368, 0.0337220542133, 0.0317005552351, 0.0399803854525, 0.050104085356, 0.0465907268226, 0.050419062376, 0.0423715487123, 0.0254818759859, 0.0193147435784, 0.0329162999988, 0.0519581846893, 0.0593482144177, 0.0554635412991, 0.0442745834589, 0.0464956313372, 0.0600390769541, 0.0718355551362], "var": [0.0683580562472, 0.0844635367393, 0.131108492613, 0.0960252583027, 0.0422819107771, 0.0250133108348, 0.0227506924421, 0.0245964620262, 0.029283778742, 0.0430180877447, 0.0329799838364, 0.0234367139637, 0.0211151037365, 0.0231306236237, 0.0477297008038, 0.0651885047555, 0.0580600351095, 0.0469318591058, 0.0361559316516, 0.0306797251105, 0.029351176694, 0.0401492714882, 0.0563757866621, 0.0737791359425, 0.0877517834306, 0.0556687526405, 0.0224982406944, 0.0142836347222, 0.0266674887389, 0.0842150747776, 0.109553091228, 0.0664419904351, 0.0386098288, 0.035681463778, 0.0474208332598, 0.061484221369], "median": [0.0353240966797, 0.0895750373602, 0.129837840796, 0.0836554691195, 0.0226814225316, 0.00811436772346, 0.00720956129953, 0.0100637190044, 0.0158278867602, 0.0157893449068, 0.0116416011006, 0.00735405506566, 0.00767233269289, 0.0185939595103, 0.0372023619711, 0.0478724241257, 0.0393772572279, 0.0262302104384, 0.015776168555, 0.00858325976878, 0.0102023910731, 0.0186034888029, 0.0418947786093, 0.0783212929964, 0.0657695159316, 0.0308882873505, 0.0101887239143, 0.00737309036776, 0.0128299333155, 0.026162808761, 0.0429318100214, 0.0417487733066, 0.021891316399, 0.0159644391388, 0.0160551033914, 0.0229433700442], "max": [1, 1, 1, 1, 1, 1, 1, 1, 1, 1, 1, 1, 1, 1, 1, 1, 1, 1, 1, 1, 1, 1, 1, 1, 1, 1, 1, 1, 1, 1, 1, 1, 1, 1, 1, 1], "dmean": [0.179831683636, 0.197850927711, 0.197708889842, 0.189894720912, 0.127549499273, 0.0896413251758, 0.08260563761, 0.0799812078476, 0.0870307832956, 0.089038386941, 0.0792613402009, 0.0719987601042, 0.0729132369161, 0.0850112587214, 0.115587256849, 0.146717905998, 0.15139003098, 0.127218142152, 0.10258115083, 0.0882813036442, 0.0883263200521, 0.116338580847, 0.147151887417, 0.157170444727, 0.159040868282, 0.129311546683, 0.0792859122157, 0.0591217800975, 0.0927870124578, 0.14160361886, 0.162967264652, 0.160857379436, 0.128359913826, 0.126778259873, 0.155458748341, 0.180440172553], "dmean2": [0.325065612793, 0.34414473176, 0.329855799675, 0.323828488588, 0.223511710763, 0.162777319551, 0.151938959956, 0.143679529428, 0.153211519122, 0.152933955193, 0.136275053024, 0.129093915224, 0.132120504975, 0.148021608591, 0.195811420679, 0.252209484577, 0.258213400841, 0.215915217996, 0.180687785149, 0.156631007791, 0.154825091362, 0.205591455102, 0.257059246302, 0.265194743872, 0.262981295586, 0.217721775174, 0.14133605361, 0.107008002698, 0.16434019804, 0.241574510932, 0.280304998159, 0.280130445957, 0.229727327824, 0.234243229032, 0.289105564356, 0.330428302288], "mean": [0.161493912339, 0.231518566608, 0.31002625823, 0.244732663035, 0.116838119924, 0.0665873736143, 0.0591318458319, 0.0638372823596, 0.0818174853921, 0.0992954075336, 0.0816817507148, 0.0575746111572, 0.0544810183346, 0.0770879015326, 0.132627815008, 0.164196446538, 0.15007121861, 0.123258031905, 0.0926977097988, 0.0735457465053, 0.0759851783514, 0.100519008934, 0.143941342831, 0.198379546404, 0.209359273314, 0.137211680412, 0.0645605921745, 0.0439110696316, 0.0746948346496, 0.175160750747, 0.221726894379, 0.162149980664, 0.106778778136, 0.0921419709921, 0.110832482576, 0.137637794018], "dvar2": [0.17734760046, 0.164751976728, 0.14582721889, 0.1497733742, 0.109646998346, 0.0919534191489, 0.0884693562984, 0.0805092379451, 0.0803690552711, 0.0742131695151, 0.064158692956, 0.0767304524779, 0.0761423259974, 0.0682184845209, 0.085443072021, 0.123007856309, 0.128352761269, 0.1031184569, 0.0971555784345, 0.0893665105104, 0.0822755992413, 0.103625483811, 0.132496863604, 0.111540988088, 0.114022292197, 0.103459201753, 0.0674747750163, 0.0527989342809, 0.0935144424438, 0.123708456755, 0.140267133713, 0.146751075983, 0.121521085501, 0.131666600704, 0.172452941537, 0.205974414945], "min": [0, 0, 0, 0, 0, 0, 0, 0, 0, 0, 0, 0, 0, 0, 0, 0, 0, 0, 0, 0, 0, 0, 0, 0, 0, 0, 0, 0, 0, 0, 0, 0, 0, 0, 0, 0]}, "key_key": "A#", "thpcp": [1, 0.789393365383, 0.376865237951, 0.214779779315, 0.190731734037, 0.205909281969, 0.263905018568, 0.320280641317, 0.26346719265, 0.18570882082, 0.175730332732, 0.248649582267, 0.427795439959, 0.529621124268, 0.484059691429, 0.397572875023, 0.298999547958, 0.237224251032, 0.245092719793, 0.324227392673, 0.46428757906, 0.639879822731, 0.675295293331, 0.442580848932, 0.208242341876, 0.141636610031, 0.24093067646, 0.564986824989, 0.715187489986, 0.523020148277, 0.344418495893, 0.297206997871, 0.357493847609, 0.443955272436, 0.520904004574, 0.746770858765], "chords_key": "A#", "tuning_equal_tempered_deviation": 0.182107120752, "tuning_frequency": 452.108886719, "tuning_diatonic_strength": 0.8039970994, "chords_histogram": [24.724571228, 5.35485506058, 3.94568276405, 7.09710502625, 1.28106582165, 0, 0.256213158369, 0.153727903962, 16.5513706207, 0.666154265404, 23.1104278564, 0, 0, 0.051242634654, 0.102485269308, 0, 0, 0.051242634654, 0, 0.025621317327, 0.102485269308, 0.691775560379, 1.30668711662, 14.5272865295], "key_strength": 0.759614288807, "key_scale": "major", "chords_strength": {"dvar": 0.000587905640714, "var": 0.0322322957218, "median": 0.584894001484, "max": 0.820139050484, "dmean": 0.012951862067, "dmean2": 0.0148305827752, "mean": 0.563689231873, "dvar2": 0.0010712381918, "min": -1}, "chords_number_rate": 0.002305918606, "tuning_nontempered_energy_ratio": 0.881693661213, "hpcp_entropy": {"dvar": 0.295101135969, "var": 0.622306525707, "median": 1.90412950516, "max": 4.64157962799, "dmean": 0.663625240326, "dmean2": 1.10142755508, "mean": 1.86224722862, "dvar2": 0.78756326437, "min": 0}, "chords_changes_rate": 0.090187035501, "chords_scale": "major"}, "rhythm": {"bpm_histogram_first_peak_spread": {"dvar": 0, "var": 0, "median": 0.446753263474, "max": 0.446753263474, "dmean": 0, "dmean2": 0, "mean": 0.446753263474, "dvar2": 0, "min": 0.446753263474}, "bpm_histogram_first_peak_weight": {"dvar": 0, "var": 0, "median": 0.527227699757, "max": 0.527227699757, "dmean": 0, "dmean2": 0, "mean": 0.527227699757, "dvar2": 0, "min": 0.527227699757}, "bpm_histogram_first_peak_bpm": {"dvar": 0, "var": 0, "median": 136, "max": 136, "dmean": 0, "dmean2": 0, "mean": 136, "dvar2": 0, "min": 136}, "bpm": 134.943634033, "bpm_histogram_second_peak_weight": {"dvar": 0, "var": 0, "median": 0.0346534661949, "max": 0.0346534661949, "dmean": 0, "dmean2": 0, "mean": 0.0346534661949, "dvar2": 0, "min": 0.0346534661949}, "beats_loudness": {"dvar": 0.000127642124426, "var": 0.00019379449077, "median": 0.0138091146946, "max": 0.0633078217506, "dmean": 0.0131371272728, "dmean2": 0.022111736238, "mean": 0.0175121240318, "dvar2": 0.000339441437973, "min": 0}, "beats_loudness_band_ratio": {"dvar": [0.071139857173, 0.00487600918859, 0.0329163782299, 0.0698368400335, 0.0287978556007, 0.00981538649648], "var": [0.0691584721208, 0.00439951848239, 0.0392885990441, 0.0709723681211, 0.0416461490095, 0.00911459326744], "median": [0.114449009299, 0.0380175448954, 0.107517160475, 0.0580583661795, 0.243358463049, 0.048787407577], "max": [0.990861833096, 0.416521519423, 0.961235105991, 0.880687057972, 0.878757297993, 0.627187669277], "dmean": [0.255399078131, 0.0602069087327, 0.180613473058, 0.236909911036, 0.213745489717, 0.0866390019655], "dmean2": [0.465072184801, 0.106018282473, 0.313895732164, 0.434835851192, 0.378230929375, 0.158638000488], "mean": [0.222262024879, 0.0596623644233, 0.186782047153, 0.200479507446, 0.27089381218, 0.078406766057], "dvar2": [0.198751419783, 0.0143672954291, 0.0879945978522, 0.165729746222, 0.0741441249847, 0.0284520927817], "min": [0, 0, 0, 0, 0, 0]}, "bpm_histogram_second_peak_bpm": {"dvar": 0, "var": 0, "median": 129, "max": 129, "dmean": 0, "dmean2": 0, "mean": 129, "dvar2": 0, "min": 129}, "onset_rate": 3.54862546921, "beats_count": 405, "beats_position": [0.46439909935, 0.9287981987, 1.369977355, 1.8111563921, 2.2523355484, 2.69351458549, 3.13469386101, 3.5758728981, 4.02866220474, 4.48145103455, 4.92263031006, 5.36380958557, 5.80498838425, 6.24616765976, 6.68734693527, 7.12852573395, 7.56970500946, 8.01088428497, 8.45206356049, 8.90485286713, 9.35764122009, 9.79882049561, 10.2516098022, 10.6811790466, 11.1223583221, 11.5635375977, 12.0047159195, 12.4575052261, 12.8986845016, 13.3398637772, 13.7694330215, 14.1990022659, 14.6285715103, 15.0697498322, 15.4993190765, 15.9404983521, 16.3816776276, 16.8228569031, 17.2756462097, 17.7168254852, 18.1580047607, 18.5991840363, 19.0403633118, 19.4815406799, 19.9111099243, 20.3406791687, 20.7702484131, 21.2114276886, 21.6642169952, 22.1053962708, 22.5465755463, 22.9993648529, 23.4521541595, 23.8933334351, 24.3345127106, 24.7756919861, 25.2168693542, 25.6580486298, 26.1224479675, 26.5868473053, 27.0048065186, 27.4459857941, 27.8871650696, 28.3283443451, 28.7811336517, 29.2339229584, 29.6634922028, 30.0930614471, 30.5342407227, 30.9754180908, 31.4165973663, 31.8577766418, 32.2989578247, 32.7517471313, 33.204536438, 33.6457138062, 34.0868911743, 34.5280723572, 34.9692497253, 35.422039032, 35.8748283386, 36.3160095215, 36.7687988281, 37.2099761963, 37.6511573792, 38.0807266235, 38.5219039917, 38.9863014221, 39.427482605, 39.8686599731, 40.3214492798, 40.7510185242, 41.192199707, 41.6449890137, 42.0745582581, 42.5273475647, 42.9801368713, 43.4213142395, 43.8624954224, 44.3036727905, 44.7448501587, 45.1860313416, 45.6272087097, 46.0799980164, 46.532787323, 46.9739685059, 47.4267578125, 47.8795471191, 48.3207244873, 48.7619056702, 49.2030830383, 49.655872345, 50.1086616516, 50.5498390198, 50.9910202026, 51.4321975708, 51.8733787537, 52.3145561218, 52.7673454285, 53.2201347351, 53.6729240417, 54.1257133484, 54.5668907166, 55.0080718994, 55.4492492676, 55.8904304504, 56.3316078186, 56.7727890015, 57.2255783081, 57.6783676147, 58.1195449829, 58.5607261658, 59.0019035339, 59.4430847168, 59.884262085, 60.3370513916, 60.7898406982, 61.2310180664, 61.6721992493, 62.1249885559, 62.5777778625, 63.0189552307, 63.4717445374, 63.924533844, 64.3889312744, 64.864944458, 65.3177337646, 65.7589111328, 66.2117004395, 66.6412658691, 67.0708389282, 67.5004043579, 67.9415893555, 68.3827667236, 68.8239440918, 69.26512146, 69.7179107666, 70.1707000732, 70.6234893799, 71.0762786865, 71.5290679932, 71.9702453613, 72.423034668, 72.8642196655, 73.3053970337, 73.7465744019, 74.1993637085, 74.6521530151, 75.0933303833, 75.5345077515, 75.9872970581, 76.4400863647, 76.8928756714, 77.345664978, 77.7984542847, 78.2512435913, 78.6924285889, 79.133605957, 79.5863952637, 80.0275726318, 80.4803619385, 80.9215393066, 81.3627166748, 81.8155059814, 82.256690979, 82.7094802856, 83.1622695923, 83.6034469604, 84.0446243286, 84.4974136353, 84.9502029419, 85.3913803101, 85.8441696167, 86.3085708618, 86.7613601685, 87.2025375366, 87.6553268433, 88.1081161499, 88.5609054565, 89.0020828247, 89.4432601929, 89.8844451904, 90.3256225586, 90.7667999268, 91.2079772949, 91.6491622925, 92.1019515991, 92.5547409058, 93.0075302124, 93.460319519, 93.9131011963, 94.3658905029, 94.8070755005, 95.2482528687, 95.6894302368, 96.130607605, 96.5717926025, 97.0245819092, 97.4773712158, 97.9301605225, 98.3829498291, 98.8241271973, 99.2653045654, 99.7064819336, 100.147659302, 100.588844299, 101.030021667, 101.482810974, 101.935600281, 102.388389587, 102.841178894, 103.293968201, 103.746757507, 104.187934875, 104.640724182, 105.08190155, 105.523078918, 105.964263916, 106.417053223, 106.858230591, 107.299407959, 107.740585327, 108.181770325, 108.634559631, 109.087341309, 109.551742554, 109.992919922, 110.434104919, 110.875282288, 111.339683533, 111.792472839, 112.245262146, 112.686439514, 113.127616882, 113.56879425, 114.009971619, 114.451156616, 114.892333984, 115.333511353, 115.774688721, 116.227478027, 116.680267334, 117.121452332, 117.574241638, 118.027030945, 118.479812622, 118.932601929, 119.373786926, 119.814964294, 120.256141663, 120.697319031, 121.150108337, 121.602897644, 122.044082642, 122.496871948, 122.938049316, 123.390838623, 123.855232239, 124.296417236, 124.737594604, 125.190383911, 125.643173218, 126.084350586, 126.525527954, 126.978317261, 127.431106567, 127.883895874, 128.325073242, 128.777862549, 129.219039917, 129.660217285, 130.101409912, 130.554199219, 131.006988525, 131.448165894, 131.889343262, 132.342132568, 132.794921875, 133.236099243, 133.677276611, 134.118453979, 134.559631348, 135.000808716, 135.441986084, 135.883178711, 136.312744141, 136.753921509, 137.206710815, 137.647888184, 138.089065552, 138.53024292, 138.971420288, 139.424209595, 139.876998901, 140.329788208, 140.782577515, 141.223754883, 141.66494751, 142.106124878, 142.547302246, 142.988479614, 143.429656982, 143.870834351, 144.312011719, 144.753189087, 145.194366455, 145.635559082, 146.065124512, 146.50630188, 146.947479248, 147.400268555, 147.841445923, 148.282623291, 148.723800659, 149.153381348, 149.582946777, 150.012512207, 150.442077637, 150.883255005, 151.324447632, 151.788833618, 152.230026245, 152.682815552, 153.135604858, 153.576782227, 154.041183472, 154.493972778, 154.946762085, 155.387939453, 155.829116821, 156.270294189, 156.723083496, 157.164260864, 157.605438232, 158.058227539, 158.499404907, 158.928970337, 159.381759644, 159.822952271, 160.264129639, 160.716918945, 161.158096313, 161.599273682, 162.052062988, 162.504852295, 162.957641602, 163.422042847, 163.874832153, 164.339233398, 164.792022705, 165.221588135, 165.651153564, 166.092330933, 166.533508301, 166.986297607, 167.439086914, 167.891876221, 168.344665527, 168.797454834, 169.227020264, 169.668212891, 170.109390259, 170.562179565, 171.014968872, 171.467758179, 171.897323608, 172.350112915, 172.802902222, 173.255691528, 173.708480835, 174.149658203, 174.590835571, 175.043624878, 175.496414185, 175.937591553, 176.378768921, 176.819946289, 177.272735596, 177.713912964, 178.166702271, 178.619491577, 179.083892822, 179.594741821, 180.105575562, 180.616409302], "danceability": 1.17455005646, "bpm_histogram_second_peak_spread": {"dvar": 0, "var": 0, "median": 0.066666662693, "max": 0.066666662693, "dmean": 0, "dmean2": 0, "mean": 0.066666662693, "dvar2": 0, "min": 0.066666662693}}, "lowlevel": {"spectral_flux": {"dvar": 0.000430020445492, "var": 0.00186019483954, "median": 0.040397182107, "max": 0.279159605503, "dmean": 0.0174981188029, "dmean2": 0.0256053060293, "mean": 0.0509447902441, "dvar2": 0.00085203431081, "min": 6.16493175953e-11}, "spectral_rolloff": {"dvar": 437115.84375, "var": 4897060.5, "median": 1679.58984375, "max": 19745.9472656, "dmean": 419.103851318, "dmean2": 680.770446777, "mean": 1868.66162109, "dvar2": 767023.25, "min": 64.599609375}, "barkbands_flatness_db": {"dvar": 0.000644152751192, "var": 0.00473011936992, "median": 0.223723039031, "max": 0.546453893185, "dmean": 0.0264529585838, "dmean2": 0.0371999070048, "mean": 0.234908401966, "dvar2": 0.00128327531274, "min": 0.0325193703175}, "spectral_centroid": {"dvar": 127868.25, "var": 1728466.375, "median": 1612.78674316, "max": 11706.4199219, "dmean": 308.197235107, "dmean2": 426.658874512, "mean": 1691.93444824, "dvar2": 214436.390625, "min": 107.112945557}, "melbands_skewness": {"dvar": 1.54701769352, "var": 6.14741754532, "median": 1.27288389206, "max": 18.6140022278, "dmean": 0.947147965431, "dmean2": 1.38172888756, "mean": 2.00361466408, "dvar2": 3.0541472435, "min": -3.26206231117}, "melbands": {"dvar": [9.15700759663e-09, 3.21916751034e-08, 9.27377019622e-09, 3.98190858064e-09, 3.8980161321e-09, 1.30014301547e-08, 2.25547545085e-08, 4.0357353015e-08, 1.09684812344e-07, 1.62420036531e-07, 8.63426237174e-08, 5.21949488075e-08, 3.52832287831e-08, 2.22941825001e-08, 2.28983587647e-08, 3.97422930121e-08, 1.66632023735e-08, 2.02903294166e-08, 2.19497788834e-08, 3.20574411461e-09, 1.85380610862e-09, 4.10972678111e-09, 3.3412002054e-09, 2.08283057468e-09, 5.81008885447e-09, 7.52944928628e-10, 1.79111461773e-10, 3.85608593667e-11, 1.01045500092e-11, 8.6728870613e-12, 6.12138204709e-12, 1.75416051042e-12, 7.51518313725e-13, 4.10887795142e-13, 1.78828861983e-13, 6.93335498606e-14, 3.88276142195e-14, 2.1549207663e-14, 7.20062708461e-15, 2.4737635341e-15], "var": [1.42894958088e-08, 5.66385764955e-08, 1.58809712048e-08, 7.08855818488e-09, 6.34261354548e-09, 1.1952700163e-08, 5.82167665186e-08, 1.1032901881e-07, 3.25852823835e-07, 4.43942440143e-07, 5.46875014606e-07, 1.58410230711e-07, 6.44577937692e-08, 4.33950440026e-08, 5.04385795352e-08, 1.75652687062e-07, 2.88614430133e-08, 2.8735218649e-08, 3.6419343985e-08, 1.38379112613e-08, 4.38848157813e-09, 8.47794812131e-09, 5.79392800404e-09, 3.98353039444e-09, 9.1161771465e-09, 1.67806613049e-09, 2.86140250383e-10, 5.19577401936e-11, 1.46113607324e-11, 1.17077519554e-11, 8.90990319719e-12, 5.16837397532e-12, 2.50508294664e-12, 9.69172441953e-13, 3.21051860227e-13, 1.49194418213e-13, 1.02236856405e-13, 4.07671367096e-14, 1.25083472903e-14, 4.80935439517e-15], "median": [5.82268075959e-05, 7.62989002396e-05, 3.13334057864e-05, 2.29703964578e-05, 1.84554191947e-05, 7.13538429409e-06, 4.88090972794e-06, 4.85684176965e-06, 4.58106751466e-06, 7.00364853401e-06, 3.85662724511e-06, 3.34657943313e-06, 2.34722665482e-06, 1.42934572978e-06, 1.37226720653e-06, 1.84928057934e-06, 1.75141235559e-06, 1.29615818878e-06, 3.02150829157e-06, 2.50230095844e-06, 2.67144196187e-06, 4.85354439661e-06, 4.59784314444e-06, 3.16310070048e-06, 1.52845109369e-06, 1.42762792166e-06, 8.26046061775e-07, 3.80221706564e-07, 2.18654676587e-07, 6.81471874486e-08, 5.05743500412e-08, 2.85119678978e-08, 8.48217496241e-09, 3.65523433743e-09, 1.53413903803e-09, 5.46361955678e-10, 2.25066826287e-10, 1.1892901941e-10, 7.07424119284e-11, 5.13173670225e-11], "max": [0.00117085198872, 0.00344007415697, 0.00163162359968, 0.000908207788598, 0.00111804297194, 0.00373408594169, 0.00488727772608, 0.00588323595002, 0.00986276194453, 0.0100490245968, 0.00789862126112, 0.00706602120772, 0.00641927774996, 0.00443838397041, 0.00488483346999, 0.0054158270359, 0.00331514864229, 0.0044295405969, 0.00401258096099, 0.00153456861153, 0.00166457681917, 0.00179685885087, 0.0013832867844, 0.000798475986812, 0.00131793168839, 0.000476589979371, 0.000365357846022, 0.000183108437341, 9.99987387331e-05, 0.000113033493108, 8.29513883218e-05, 3.24749125866e-05, 3.04293789668e-05, 2.2498648832e-05, 1.25448541439e-05, 5.04605168317e-06, 7.46479327063e-06, 5.5068680922e-06, 2.71601152235e-06, 1.09428538053e-06], "dmean": [6.86741768732e-05, 9.92549830698e-05, 5.18357737747e-05, 3.49683032255e-05, 2.96945636364e-05, 2.33189402934e-05, 3.80637829949e-05, 5.54215366719e-05, 8.11363570392e-05, 0.000109108790639, 8.0202218669e-05, 5.62482928217e-05, 3.88975713577e-05, 3.38250029017e-05, 3.57361677743e-05, 5.34233295184e-05, 3.54847616109e-05, 3.09898823616e-05, 3.20589242619e-05, 1.81388386409e-05, 1.43552451846e-05, 2.82163873635e-05, 2.26845986617e-05, 1.80690494744e-05, 2.0395469619e-05, 9.65191793512e-06, 4.78322499475e-06, 1.88745866581e-06, 1.05774859094e-06, 6.8035745926e-07, 6.30236854704e-07, 3.95636902795e-07, 2.19068482465e-07, 1.43417281606e-07, 1.03507346694e-07, 7.06298166619e-08, 4.40676188873e-08, 2.78427290112e-08, 1.76948731223e-08, 1.04436512771e-08], "dmean2": [0.000105101717054, 0.000158490103786, 8.74460311024e-05, 5.69325675315e-05, 4.47212696599e-05, 3.68360269931e-05, 5.47976087546e-05, 8.0667596194e-05, 0.000113650341518, 0.000155472982442, 0.000111676366942, 7.12283872417e-05, 5.29976969119e-05, 4.64821168862e-05, 4.83514522784e-05, 7.06124556018e-05, 5.35562248842e-05, 4.60546289105e-05, 4.61525742139e-05, 2.53855378105e-05, 2.05152264243e-05, 4.14731330238e-05, 3.40877959388e-05, 2.77803119388e-05, 3.38941717928e-05, 1.47125556396e-05, 7.07611343387e-06, 2.82257042272e-06, 1.62355286193e-06, 1.036741196e-06, 9.35555192427e-07, 5.84884674026e-07, 3.266596309e-07, 2.18187935275e-07, 1.56505180371e-07, 1.07060770915e-07, 6.73024445064e-08, 4.38528147129e-08, 2.85786487808e-08, 1.66362124077e-08], "mean": [0.000104530881799, 0.000170306739165, 8.26083196444e-05, 5.3899922932e-05, 4.59687616967e-05, 3.24255597661e-05, 6.49193534628e-05, 9.40896861721e-05, 0.000136413102155, 0.00018871910288, 0.000173815991729, 9.83288773568e-05, 5.9498110204e-05, 5.60778789804e-05, 5.86293135711e-05, 0.000118880845548, 4.94980158692e-05, 3.91435714846e-05, 4.3793439545e-05, 3.74032424588e-05, 2.48725100391e-05, 4.18835552409e-05, 3.42973471561e-05, 2.5978535632e-05, 2.7107718779e-05, 1.58197926794e-05, 6.85805389367e-06, 2.65507947006e-06, 1.47939249473e-06, 1.02473950392e-06, 9.34098466132e-07, 7.16944668966e-07, 4.02467804861e-07, 2.48029635941e-07, 1.60506374414e-07, 1.15117508415e-07, 7.76303465955e-08, 4.53193820249e-08, 2.61020094428e-08, 1.53536969805e-08], "dvar2": [2.21890825713e-08, 7.88154110865e-08, 2.40852813249e-08, 9.51803169613e-09, 8.69047411811e-09, 3.5225991013e-08, 4.37514806606e-08, 8.42105833954e-08, 2.15056402908e-07, 3.35715498068e-07, 1.60298498031e-07, 8.80573622908e-08, 7.42624663985e-08, 4.69859351426e-08, 4.30854818489e-08, 7.52980895413e-08, 3.68743329204e-08, 4.53754545049e-08, 4.31044142601e-08, 6.02253358295e-09, 4.171956558e-09, 8.91058959951e-09, 7.85025822125e-09, 4.8892103699e-09, 1.64929190305e-08, 1.76378001093e-09, 4.08539008179e-10, 9.12454070634e-11, 2.35553243577e-11, 2.09655123123e-11, 1.49108451281e-11, 3.92228307125e-12, 1.54038739229e-12, 9.03762795938e-13, 4.2940168565e-13, 1.60093319894e-13, 9.49636826423e-14, 5.79521172261e-14, 1.92198721402e-14, 6.06224995537e-15], "min": [7.53072751141e-25, 8.60061912804e-25, 1.02698931769e-24, 1.05872006431e-24, 2.07228730813e-24, 1.3377364194e-24, 1.12616057196e-24, 1.85699829241e-24, 2.12402810326e-24, 2.70887498446e-24, 2.28097395251e-24, 1.71730680332e-24, 2.82361776136e-24, 2.48778744666e-24, 2.3385065644e-24, 2.24621831874e-24, 3.12404873179e-24, 3.02750892029e-24, 3.3596221224e-24, 2.39185703021e-24, 3.66624801752e-24, 3.24084451919e-24, 3.26982726885e-24, 3.52730397414e-24, 4.87200968381e-24, 2.30069192526e-24, 4.97889954761e-24, 4.47388696773e-24, 4.56470970704e-24, 5.69355743507e-24, 4.60047311061e-24, 5.40682661197e-24, 6.00043261024e-24, 4.28965520864e-24, 5.61094121576e-24, 5.87271563525e-24, 5.13704130999e-24, 6.26473730109e-24, 6.23462884692e-24, 6.04190973335e-24]}, "spectral_decrease": {"dvar": 1.24467862344e-18, "var": 8.24230059308e-18, "median": -1.02003427926e-09, "max": 1.33972765026e-20, "dmean": 7.23925197565e-10, "dmean2": 9.34923138907e-10, "mean": -2.306589586e-09, "dvar2": 2.00180355216e-18, "min": -1.57406763179e-08}, "barkbands_kurtosis": {"dvar": 521.778869629, "var": 1155.29016113, "median": 0.727000117302, "max": 793.78302002, "dmean": 6.72554588318, "dmean2": 10.6285924911, "mean": 8.83611297607, "dvar2": 1280.39123535, "min": -1.91656005383}, "silence_rate_30dB": {"dvar": 0, "var": 0, "median": 1, "max": 1, "dmean": 0, "dmean2": 0, "mean": 1, "dvar2": 0, "min": 1}, "gfcc": {"mean": [-195.580123901, 150.187683105, -163.855392456, 38.6550254822, -21.7356796265, -13.2842473984, -9.04913711548, 4.52181196213, -6.06928253174, -8.08965015411, -5.81770515442, -7.00535011292, -3.39033484459], "cov": [[35092.7265625, -1626.45812988, -7548.10546875, 1123.66040039, -1919.75952148, -154.232391357, -515.941650391, 224.931533813, -340.664093018, -654.098693848, -420.370239258, -237.031784058, -489.283294678], [-1626.45812988, 3091.27392578, 663.159973145, -132.750991821, 579.531066895, -581.372802734, 202.806243896, -325.663391113, -64.8473587036, -52.2944793701, 77.5894775391, -13.9069252014, 203.922775269], [-7548.10546875, 663.159973145, 2303.33496094, -91.9190673828, 444.376434326, 110.700492859, 27.9774303436, -66.8467330933, -0.267151772976, 114.279823303, 59.2897720337, 35.9795608521, 66.6480178833], [1123.66040039, -132.750991821, -91.9190673828, 744.261535645, 35.172580719, -243.827911377, -97.1092605591, -15.230928421, -46.3918991089, -66.9627151489, -79.1800994873, -12.3395395279, 25.952545166], [-1919.75952148, 579.531066895, 444.376434326, 35.172580719, 382.260894775, -117.735122681, 16.9516830444, -50.4626235962, 11.6290817261, 39.6069793701, 8.92269229889, -19.2141876221, 60.6369552612], [-154.232391357, -581.372802734, 110.700492859, -243.827911377, -117.735122681, 521.061950684, 57.6085243225, 47.8403015137, -32.9165611267, 21.6424789429, 14.8243665695, -15.8479070663, -82.8729553223], [-515.941650391, 202.806243896, 27.9774303436, -97.1092605591, 16.9516830444, 57.6085243225, 332.271179199, 32.2088356018, -87.6202545166, -55.5633468628, 19.1607551575, 0.408608824015, 22.9904384613], [224.931533813, -325.663391113, -66.8467330933, -15.230928421, -50.4626235962, 47.8403015137, 32.2088356018, 204.848007202, 46.0922241211, -0.881251394749, -15.028752327, -19.0399951935, -32.554271698], [-340.664093018, -64.8473587036, -0.267151772976, -46.3918991089, 11.6290817261, -32.9165611267, -87.6202545166, 46.0922241211, 249.550170898, 109.870384216, -25.9916400909, -22.6587409973, -15.0866680145], [-654.098693848, -52.2944793701, 114.279823303, -66.9627151489, 39.6069793701, 21.6424789429, -55.5633468628, -0.881251394749, 109.870384216, 176.376647949, 30.6774806976, -9.01919269562, -9.35242080688], [-420.370239258, 77.5894775391, 59.2897720337, -79.1800994873, 8.92269229889, 14.8243665695, 19.1607551575, -15.028752327, -25.9916400909, 30.6774806976, 135.921569824, 57.4497795105, 5.6930642128], [-237.031784058, -13.9069252014, 35.9795608521, -12.3395395279, -19.2141876221, -15.8479070663, 0.408608824015, -19.0399951935, -22.6587409973, -9.01919269562, 57.4497795105, 132.699432373, 41.6897926331], [-489.283294678, 203.922775269, 66.6480178833, 25.952545166, 60.6369552612, -82.8729553223, 22.9904384613, -32.554271698, -15.0866680145, -9.35242080688, 5.6930642128, 41.6897926331, 124.730926514]], "icov": [[0.000251984572969, -0.00040963999345, 0.000785251788329, -0.000447728409199, 0.000654496019706, -0.0005330646527, 0.000599532038905, -0.000524756149389, 0.000475298467791, -0.000118168769404, 0.000451973959571, -0.00017225315969, 0.000497508619446], [-0.00040963999345, 0.00154321419541, -0.00139659259003, 0.00118603510782, -0.00180917372927, 0.00183076609392, -0.00150561623741, 0.00194862519857, -0.000967516447417, 0.000813709979411, -0.00120716530364, 0.000902826373931, -0.0010511027649], [0.000785251788329, -0.00139659259003, 0.00308776088059, -0.00146527262405, 0.0013341284357, -0.00212069298141, 0.00196452229284, -0.0017642279854, 0.00158504059073, -0.000702115125023, 0.00149105815217, -0.000937462900765, 0.00152278586756], [-0.000447728409199, 0.00118603510782, -0.00146527262405, 0.00289160292596, -0.00160110602155, 0.00229666777886, -0.000766468700022, 0.00125849980395, -0.000201583781745, 0.000687247083988, -8.22845959192e-06, 0.000509282806888, -0.00088272074936], [0.000654496019706, -0.00180917372927, 0.0013341284357, -0.00160110602155, 0.00665278546512, -0.00121809670236, 0.00162917072885, -0.00176155811641, 0.00136519025546, -0.00142744276673, 0.00112256780267, 0.000636241456959, 0.000136120463139], [-0.0005330646527, 0.00183076609392, -0.00212069298141, 0.00229666777886, -0.00121809670236, 0.00517205521464, -0.00210743024945, 0.0019107327098, -0.000256201514276, 0.000187536425074, -0.000964758044574, 0.00108986499254, 0.000149637155118], [0.000599532038905, -0.00150561623741, 0.00196452229284, -0.000766468700022, 0.00162917072885, -0.00210743024945, 0.00564700458199, -0.00292711006477, 0.0024735534098, 0.000174255110323, 0.000915519951377, -0.000187560392078, 0.000259209162323], [-0.000524756149389, 0.00194862519857, -0.0017642279854, 0.00125849980395, -0.00176155811641, 0.0019107327098, -0.00292711006477, 0.00830154959112, -0.00302666472271, 0.00174201605842, -0.00155438249931, 0.00142720493022, -0.000372909329599], [0.000475298467791, -0.000967516447417, 0.00158504059073, -0.000201583781745, 0.00136519025546, -0.000256201514276, 0.0024735534098, -0.00302666472271, 0.00816612038761, -0.00478558894247, 0.00338524044491, -0.000779461814091, 0.00129638949875], [-0.000118168769404, 0.000813709979411, -0.000702115125023, 0.000687247083988, -0.00142744276673, 0.000187536425074, 0.000174255110323, 0.00174201605842, -0.00478558894247, 0.010281261988, -0.00392224267125, 0.00196363916621, -0.000605863519013], [0.000451973959571, -0.00120716530364, 0.00149105815217, -8.22845959192e-06, 0.00112256780267, -0.000964758044574, 0.000915519951377, -0.00155438249931, 0.00338524044491, -0.00392224267125, 0.0123899755999, -0.00579653726891, 0.00267765903845], [-0.00017225315969, 0.000902826373931, -0.000937462900765, 0.000509282806888, 0.000636241456959, 0.00108986499254, -0.000187560392078, 0.00142720493022, -0.000779461814091, 0.00196363916621, -0.00579653726891, 0.0120177026838, -0.00463413912803], [0.000497508619446, -0.0010511027649, 0.00152278586756, -0.00088272074936, 0.000136120463139, 0.000149637155118, 0.000259209162323, -0.000372909329599, 0.00129638949875, -0.000605863519013, 0.00267765903845, -0.00463413912803, 0.0124834841117]]}, "silence_rate_20dB": {"dvar": 0, "var": 0, "median": 1, "max": 1, "dmean": 0, "dmean2": 0, "mean": 1, "dvar2": 0, "min": 1}, "barkbands_skewness": {"dvar": 1.22590625286, "var": 5.0977306366, "median": 0.534819066525, "max": 20.2152271271, "dmean": 0.854056060314, "dmean2": 1.2336192131, "mean": 1.10272145271, "dvar2": 2.54178380966, "min": -5.74566221237}, "erbbands_skewness": {"dvar": 0.38775074482, "var": 1.67157745361, "median": -0.174304246902, "max": 4.99944829941, "dmean": 0.609129488468, "dmean2": 0.881219565868, "mean": -0.29156690836, "dvar2": 0.809371173382, "min": -5.98188972473}, "spectral_contrast_valleys": {"dvar": [0.110480852425, 0.192626416683, 0.19515286386, 0.194022580981, 0.217441007495, 0.249626025558], "var": [5.5230178833, 5.92624044418, 6.05165719986, 6.06896257401, 7.16689157486, 5.17708063126], "median": [-8.22611999512, -8.29780578613, -8.72136116028, -8.87668991089, -8.63446617126, -13.7660741806], "max": [-6.59280252457, -5.86442899704, -5.78189182281, -6.24061584473, -5.62866592407, -8.94121456146], "dmean": [0.401152789593, 0.472202032804, 0.459806084633, 0.443971246481, 0.465461671352, 0.474882751703], "dmean2": [0.634951710701, 0.712845087051, 0.678076982498, 0.615847826004, 0.532232403755, 0.565290272236], "mean": [-8.63299942017, -8.71497154236, -9.14179134369, -9.31227397919, -9.18581199646, -13.6000061035], "dvar2": [0.250693440437, 0.382434874773, 0.365901529789, 0.326354503632, 0.266136616468, 0.311557024717], "min": [-28.1676025391, -28.0267734528, -27.842256546, -27.6845607758, -27.492609024, -27.3637008667]}, "spectral_strongpeak": {"dvar": 1.79638433456, "var": 4.89319992065, "median": 0.438464313745, "max": 17.1556453705, "dmean": 0.829655587673, "dmean2": 1.32858777046, "mean": 1.61328613758, "dvar2": 4.1311841011, "min": 0}, "erbbands_crest": {"dvar": 10.6343164444, "var": 30.659122467, "median": 11.5296096802, "max": 32.7673416138, "dmean": 3.54369044304, "dmean2": 5.70023584366, "mean": 12.4945383072, "dvar2": 26.7529144287, "min": 1.71169984341}, "barkbands_crest": {"dvar": 8.11229515076, "var": 26.7983207703, "median": 11.2175960541, "max": 25.8815612793, "dmean": 3.07177996635, "dmean2": 4.87911891937, "mean": 12.2264509201, "dvar2": 19.4576435089, "min": 3.30828046799}, "spectral_energyband_middle_low": {"dvar": 8.83127540874e-06, "var": 3.43986066582e-05, "median": 0.00103561882861, "max": 0.056005295366, "dmean": 0.00142960483208, "dmean2": 0.00201266538352, "mean": 0.00320081505924, "dvar2": 1.74875494849e-05, "min": 1.723880823e-22}, "spectral_contrast_coeffs": {"dvar": [0.00155533594079, 0.00201516901143, 0.0018232454313, 0.00143301149365, 0.000918808276765, 0.000612688832916], "var": [0.00565701676533, 0.0119895767421, 0.0136441774666, 0.0109885586426, 0.00701608275995, 0.00532559724525], "median": [-0.734347581863, -0.750059247017, -0.762747645378, -0.747213244438, -0.738944113255, -0.702611029148], "max": [-0.462770313025, -0.318438380957, -0.337488472462, -0.426932752132, -0.467372626066, -0.450414180756], "dmean": [0.0457702986896, 0.0501209907234, 0.046739500016, 0.0404708608985, 0.032336819917, 0.026955364272], "dmean2": [0.0735441073775, 0.0762903317809, 0.0696886777878, 0.0599215589464, 0.0461646616459, 0.0386873036623], "mean": [-0.737419128418, -0.733839571476, -0.73960095644, -0.742098033428, -0.74644523859, -0.717569172382], "dvar2": [0.00376469222829, 0.00417134119198, 0.00366720999591, 0.0027341991663, 0.00165316613857, 0.00117450463586], "min": [-0.979447484016, -0.977965354919, -0.976499795914, -0.969886958599, -0.966754615307, -0.963944494724]}, "hfc": {"dvar": 68.1464614868, "var": 368.449981689, "median": 4.00916862488, "max": 127.089332581, "dmean": 4.91229248047, "dmean2": 6.59427452087, "mean": 13.586025238, "dvar2": 127.889938354, "min": 1.0633239353e-16}, "spectral_energyband_high": {"dvar": 5.30629975515e-08, "var": 1.13981414529e-07, "median": 1.46813999891e-05, "max": 0.00682415021583, "dmean": 7.00246819179e-05, "dmean2": 0.000101107674709, "mean": 0.000130332293338, "dvar2": 1.15706349391e-07, "min": 7.10831843284e-21}, "erbbands_spread": {"dvar": 66.4828796387, "var": 219.214279175, "median": 22.2044410706, "max": 116.765663147, "dmean": 7.35033512115, "dmean2": 11.1400671005, "mean": 25.09973526, "dvar2": 146.940689087, "min": 1.65735149384}, "dissonance": {"dvar": 0.000715700560249, "var": 0.00166422349866, "median": 0.464221775532, "max": 0.499999940395, "dmean": 0.0253403615206, "dmean2": 0.0417692884803, "mean": 0.45248952508, "dvar2": 0.00188463332597, "min": 0.186513826251}, "spectral_kurtosis": {"dvar": 50.3620948792, "var": 123.882659912, "median": 7.71297216415, "max": 127.850753784, "dmean": 6.52306222916, "dmean2": 11.1445465088, "mean": 11.0113172531, "dvar2": 132.654373169, "min": -1.26802122593}, "spectral_skewness": {"dvar": 0.344095647335, "var": 1.18329131603, "median": 1.3764462471, "max": 9.14857196808, "dmean": 0.600296735764, "dmean2": 0.999105870724, "mean": 1.59695982933, "dvar2": 0.893194139004, "min": -0.696275055408}, "pitch_salience": {"dvar": 0.0060661714524, "var": 0.0192666817456, "median": 0.49215978384, "max": 0.924975991249, "dmean": 0.0802489072084, "dmean2": 0.127563938498, "mean": 0.493300765753, "dvar2": 0.0154070332646, "min": 0.0736916363239}, "spectral_complexity": {"dvar": 12.3953771591, "var": 56.0945625305, "median": 7, "max": 43, "dmean": 2.64616179466, "dmean2": 3.5490899086, "mean": 8.52819061279, "dvar2": 19.8801822662, "min": 0}, "spectral_spread": {"dvar": 359596359680, "var": 18592886161400.0, "median": 2170719, "max": 42576480, "dmean": 315464.96875, "dmean2": 509588.09375, "mean": 2733964, "dvar2": 780025987072, "min": 774603.3125}, "dynamic_complexity": 7.4881310463, "melbands_crest": {"dvar": 13.5644664764, "var": 50.0798797607, "median": 14.7848138809, "max": 35.5898551941, "dmean": 3.90516042709, "dmean2": 6.14569664001, "mean": 16.0586166382, "dvar2": 31.8917140961, "min": 1.57786738873}, "zerocrossingrate": {"dvar": 0.000112839094072, "var": 0.00357269239612, "median": 0.0537109375, "max": 0.5263671875, "dmean": 0.0100612342358, "dmean2": 0.0101925740018, "mean": 0.0600034706295, "dvar2": 0.000105294842797, "min": 0.001953125}, "spectral_energyband_low": {"dvar": 4.07325046581e-07, "var": 9.01111491203e-07, "median": 0.00047158630332, "max": 0.0112238479778, "dmean": 0.000419311632868, "dmean2": 0.000651660317089, "mean": 0.000828352058306, "dvar2": 9.67060941548e-07, "min": 9.21242178081e-24}, "melbands_kurtosis": {"dvar": 804.884887695, "var": 1738.85253906, "median": 2.18041491508, "max": 685.020751953, "dmean": 10.5207986832, "dmean2": 16.3241100311, "mean": 15.5185642242, "dvar2": 1785.953125, "min": -1.89278841019}, "spectral_energyband_middle_high": {"dvar": 1.57626036525e-05, "var": 9.54823190114e-05, "median": 0.00144176697358, "max": 0.0624429583549, "dmean": 0.00223352387547, "dmean2": 0.00290932063945, "mean": 0.00616476638243, "dvar2": 2.78141960735e-05, "min": 1.20757221882e-21}, "barkbands_spread": {"dvar": 48.7539672852, "var": 166.97819519, "median": 16.0645389557, "max": 92.3710632324, "dmean": 6.0759768486, "dmean2": 8.94297504425, "mean": 18.4972724915, "dvar2": 103.797782898, "min": 0.169757083058}, "mfcc": {"mean": [-795.848327637, 142.331710815, -41.1545562744, 40.5008926392, 9.70644950867, -1.01587891579, 6.25784254074, 10.6595516205, 5.5303735733, 4.15535783768, 4.3294916153, 1.26280760765, -2.46172094345], "cov": [[16356.0449219, 202.457778931, -4537.19482422, 748.37713623, -1278.58007812, -406.433410645, -565.899414062, 319.384063721, -250.487762451, -186.576705933, -60.4223136902, -150.783370972, -457.860900879], [202.457778931, 2400.0925293, -22.4618473053, 161.170593262, 171.209243774, -181.8984375, 156.28616333, -137.558853149, -9.18012905121, -201.489654541, -157.950927734, 14.7560977936, 127.906311035], [-4537.19482422, -22.4618473053, 1892.90161133, -209.012649536, 432.870147705, 237.55368042, 196.116760254, -46.2684936523, 28.0420589447, 59.3170127869, -5.67053937912, 55.6742172241, 122.417373657], [748.37713623, 161.170593262, -209.012649536, 828.944458008, 112.770271301, -192.670623779, -69.743522644, -47.6901473999, 46.623085022, -65.8824462891, -106.383827209, -63.4048156738, -2.05187439919], [-1278.58007812, 171.209243774, 432.870147705, 112.770271301, 415.308410645, 14.9103927612, -59.6839103699, -104.177093506, 21.7429656982, 34.0931663513, -12.9033298492, -6.67775917053, 52.3189125061], [-406.433410645, -181.8984375, 237.55368042, -192.670623779, 14.9103927612, 260.707672119, 49.3164596558, 7.27280521393, -11.2884683609, 19.8884983063, 34.1470489502, 27.2105979919, -6.68514871597], [-565.899414062, 156.28616333, 196.116760254, -69.743522644, -59.6839103699, 49.3164596558, 340.684082031, 87.3675231934, -31.0774250031, -40.0350570679, -35.1424865723, -23.1222324371, -37.3272171021], [319.384063721, -137.558853149, -46.2684936523, -47.6901473999, -104.177093506, 7.27280521393, 87.3675231934, 190.810821533, 11.1288099289, -10.6743516922, 15.5274467468, -19.8431053162, -57.2384490967], [-250.487762451, -9.18012905121, 28.0420589447, 46.623085022, 21.7429656982, -11.2884683609, -31.0774250031, 11.1288099289, 158.538650513, 67.6245346069, 5.5647354126, 15.1221914291, -7.3570432663], [-186.576705933, -201.489654541, 59.3170127869, -65.8824462891, 34.0931663513, 19.8884983063, -40.0350570679, -10.6743516922, 67.6245346069, 189.595870972, 88.6532058716, -20.7708396912, -30.7621936798], [-60.4223136902, -157.950927734, -5.67053937912, -106.383827209, -12.9033298492, 34.1470489502, -35.1424865723, 15.5274467468, 5.5647354126, 88.6532058716, 173.707290649, 31.2272491455, -25.9879264832], [-150.783370972, 14.7560977936, 55.6742172241, -63.4048156738, -6.67775917053, 27.2105979919, -23.1222324371, -19.8431053162, 15.1221914291, -20.7708396912, 31.2272491455, 153.424926758, 72.9932098389], [-457.860900879, 127.906311035, 122.417373657, -2.05187439919, 52.3189125061, -6.68514871597, -37.3272171021, -57.2384490967, -7.3570432663, -30.7621936798, -25.9879264832, 72.9932098389, 169.261184692]], "icov": [[0.000307194684865, -0.000171070030774, 0.000582033535466, -0.000299142033327, 0.000383039412554, -0.00042978223064, 0.000564225658309, -0.000620838720351, 0.00083439599257, -0.000602207437623, 0.000501280708704, -0.000422978890128, 0.000500975002069], [-0.000171070030774, 0.000704360892996, -0.00019709787739, 0.000299318839097, -0.000594439217821, 0.000673582195304, -0.000892620068043, 0.000881159503479, -0.000902117521036, 0.00107764184941, -0.000359267898602, 0.000388464133721, -0.000603408843745], [0.000582033535466, -