{"tonal": {"hpcp": {"dvar": [0.0534761436284, 0.0415771901608, 0.0450976230204, 0.0352994315326, 0.0253437180072, 0.0362633913755, 0.0298379492015, 0.0299396608025, 0.0394779890776, 0.0331451930106, 0.0180173367262, 0.0366907082498, 0.124371990561, 0.0845365300775, 0.0819011628628, 0.117256969213, 0.0716356635094, 0.0477621108294, 0.0289209913462, 0.0184747986495, 0.0274269878864, 0.034969009459, 0.0576502643526, 0.073913410306, 0.062868386507, 0.0698730126023, 0.0514190085232, 0.0605287775397, 0.049334436655, 0.0693105682731, 0.0502788461745, 0.029697900638, 0.033427990973, 0.0379305556417, 0.0367005318403, 0.0533531084657], "var": [0.0456344373524, 0.0397796332836, 0.0803601965308, 0.0545690283179, 0.0206238795072, 0.0300962328911, 0.020708501339, 0.0232777446508, 0.0406172722578, 0.0285029206425, 0.0116359535605, 0.0265810545534, 0.115567699075, 0.10873606056, 0.103984877467, 0.110434897244, 0.0497685298324, 0.0375941433012, 0.0201729144901, 0.011406397447, 0.0185702238232, 0.025267649442, 0.0442058444023, 0.0651428028941, 0.0657562240958, 0.0602890476584, 0.0372394733131, 0.0381069816649, 0.0515183284879, 0.105400256813, 0.0615161284804, 0.0262011941522, 0.0308841411024, 0.0299417879432, 0.0276761557907, 0.0498092621565], "median": [0.00964678730816, 0.00942516699433, 0.00808941479772, 0.00826321914792, 0.00867183506489, 0.00728648621589, 0.00735153257847, 0.00722238840535, 0.00677314400673, 0.00685467338189, 0.00556893926114, 0.00724899116904, 0.0252594258636, 0.0901031941175, 0.0991106927395, 0.0394933260977, 0.0131921526045, 0.00502072786912, 0.00259549100883, 0.00176459131762, 0.00202657748014, 0.00311954389326, 0.00559258274734, 0.0113767385483, 0.0157867483795, 0.0114012043923, 0.00727493409067, 0.00808532908559, 0.0200926363468, 0.0244935955852, 0.0227301549166, 0.00723091186956, 0.00419331155717, 0.00449620792642, 0.00861300341785, 0.0118247419596], "max": [1, 1, 1, 1, 1, 1, 1, 1, 1, 1, 1, 1, 1, 1, 1, 1, 1, 1, 1, 1, 1, 1, 1, 1, 1, 1, 1, 1, 1, 1, 1, 1, 1, 1, 1, 1], "dmean": [0.123651199043, 0.106338746846, 0.108160845935, 0.0969349518418, 0.0741565451026, 0.0773431509733, 0.0731494128704, 0.0723583474755, 0.0798760131001, 0.0702404603362, 0.0487225539982, 0.121767655015, 0.272986143827, 0.261104285717, 0.254979729652, 0.26791420579, 0.165729418397, 0.0872549489141, 0.0570814236999, 0.0417843945324, 0.0569451414049, 0.077647484839, 0.130561083555, 0.16568903625, 0.161873653531, 0.167961269617, 0.148366138339, 0.133588969707, 0.142178207636, 0.164180755615, 0.149093464017, 0.10029309243, 0.0912283286452, 0.0957810655236, 0.101343587041, 0.126971036196], "dmean2": [0.224769487977, 0.193676605821, 0.191955044866, 0.170833677053, 0.135843753815, 0.142957046628, 0.134896561503, 0.131897464395, 0.144256696105, 0.129030913115, 0.0922164991498, 0.22520172596, 0.510608196259, 0.453426241875, 0.453593730927, 0.495798647404, 0.315024584532, 0.165696144104, 0.107061006129, 0.0796953961253, 0.107112281024, 0.143847629428, 0.240511655807, 0.300574094057, 0.286425322294, 0.3058847785, 0.279579013586, 0.256400287151, 0.251332610846, 0.279992610216, 0.255774050951, 0.176683247089, 0.163626357913, 0.176450803876, 0.184186786413, 0.227881968021], "mean": [0.0950152948499, 0.092861533165, 0.136139333248, 0.108576357365, 0.0595187917352, 0.0614234767854, 0.0551812909544, 0.0568315312266, 0.0721652135253, 0.057956494391, 0.0334682688117, 0.078920006752, 0.209531083703, 0.2595064044, 0.254658311605, 0.215401381254, 0.110453739762, 0.0627311244607, 0.039597067982, 0.0262535139918, 0.0366321951151, 0.0517708994448, 0.0907715633512, 0.128925994039, 0.140434488654, 0.123911805451, 0.0926210209727, 0.0802919268608, 0.129328146577, 0.200227156281, 0.151329517365, 0.0756744146347, 0.069628238678, 0.0665424093604, 0.0730316191912, 0.10169839859], "dvar2": [0.151411488652, 0.119132049382, 0.10557987541, 0.0877239853144, 0.0708908811212, 0.0989850983024, 0.083838365972, 0.0824546590447, 0.102006919682, 0.0903800204396, 0.0510259121656, 0.104794740677, 0.308885395527, 0.205525681376, 0.217883661389, 0.297750562429, 0.197340294719, 0.129565045238, 0.0814730152488, 0.052637822926, 0.0749699398875, 0.0936610251665, 0.157114267349, 0.197629109025, 0.162602424622, 0.187083214521, 0.145777210593, 0.174050211906, 0.130875915289, 0.154114946723, 0.128232613206, 0.0756227821112, 0.0881767421961, 0.103548392653, 0.099014878273, 0.139626547694], "min": [0, 0, 0, 0, 0, 0, 0, 0, 0, 0, 0, 0, 0, 0, 0, 0, 0, 0, 0, 0, 0, 0, 0, 0, 0, 0, 0, 0, 0, 0, 0, 0, 0, 0, 0, 0]}, "key_key": "F#", "thpcp": [1, 0.981317996979, 0.830042660236, 0.425630122423, 0.241732478142, 0.152586087584, 0.101167112589, 0.141161039472, 0.199497580528, 0.349785447121, 0.4968123734, 0.54115998745, 0.477490365505, 0.356912285089, 0.309402495623, 0.498362064362, 0.771569252014, 0.583143651485, 0.291609048843, 0.268310278654, 0.256419152021, 0.281425118446, 0.391891658306, 0.366138547659, 0.357839077711, 0.52460873127, 0.418395668268, 0.229353845119, 0.236693486571, 0.212639421225, 0.21899856627, 0.278086453676, 0.223333582282, 0.128968954086, 0.304115831852, 0.80742162466], "chords_key": "F#", "tuning_equal_tempered_deviation": 0.215595319867, "tuning_frequency": 447.432556152, "tuning_diatonic_strength": 0.62919729948, "chords_histogram": [34.783782959, 2.2702703476, 1.72972977161, 0, 0, 0, 0, 31.9729728699, 0, 0.405405402184, 0, 0, 0, 0.0540540553629, 9.54054069519, 0.0540540553629, 0.702702701092, 0, 0, 0, 0.0270270276815, 15.5135135651, 2.21621632576, 0.729729712009], "key_strength": 0.734295189381, "key_scale": "minor", "chords_strength": {"dvar": 7.5282267062e-05, "var": 0.00713270157576, "median": 0.538551211357, "max": 0.783059537411, "dmean": 0.0109345791861, "dmean2": 0.0119895618409, "mean": 0.534750103951, "dvar2": 0.000102501559013, "min": 0.285262465477}, "chords_number_rate": 0.0018918919377, "tuning_nontempered_energy_ratio": 0.915882110596, "hpcp_entropy": {"dvar": 0.313680022955, "var": 0.660950481892, "median": 1.96527469158, "max": 4.60793018341, "dmean": 0.708367943764, "dmean2": 1.19483947754, "mean": 2.02513980865, "dvar2": 0.86160171032, "min": 0}, "chords_changes_rate": 0.0554054044187, "chords_scale": "minor"}, "rhythm": {"bpm_histogram_first_peak_spread": {"dvar": 0, "var": 0, "median": 0.325757622719, "max": 0.325757622719, "dmean": 0, "dmean2": 0, "mean": 0.325757622719, "dvar2": 0, "min": 0.325757622719}, "bpm_histogram_first_peak_weight": {"dvar": 0, "var": 0, "median": 0.672544062138, "max": 0.672544062138, "dmean": 0, "dmean2": 0, "mean": 0.672544062138, "dvar2": 0, "min": 0.672544062138}, "bpm_histogram_first_peak_bpm": {"dvar": 0, "var": 0, "median": 140, "max": 140, "dmean": 0, "dmean2": 0, "mean": 140, "dvar2": 0, "min": 140}, "bpm": 139.374237061, "bpm_histogram_second_peak_weight": {"dvar": 0, "var": 0, "median": 0.00251889158972, "max": 0.00251889158972, "dmean": 0, "dmean2": 0, "mean": 0.00251889158972, "dvar2": 0, "min": 0.00251889158972}, "beats_loudness": {"dvar": 0.000442093529273, "var": 0.000585644971579, "median": 0.0723986327648, "max": 0.16713988781, "dmean": 0.0279020462185, "dmean2": 0.0495361089706, "mean": 0.0695187225938, "dvar2": 0.00127536454238, "min": 6.13711108599e-08}, "beats_loudness_band_ratio": {"dvar": [0.00474560540169, 0.00591623131186, 0.00161572801881, 0.00029834191082, 9.53499329626e-05, 0.000342315004673], "var": [0.00933941919357, 0.00413307081908, 0.00258637801744, 0.000425953185186, 0.000288632349111, 0.00111863785423], "median": [0.912947297096, 0.011567867361, 0.0146955400705, 0.00401401519775, 0.00415154732764, 0.0360291302204], "max": [0.99938672781, 0.410963743925, 0.602304577827, 0.254471302032, 0.225170239806, 0.234163850546], "dmean": [0.0655402392149, 0.0607619956136, 0.0232017934322, 0.00922909658402, 0.00652074534446, 0.0596426576376], "dmean2": [0.118042580783, 0.117761306465, 0.0411812253296, 0.0165102221072, 0.010266572237, 0.118503369391], "mean": [0.896970152855, 0.0405184924603, 0.0262841172516, 0.00923336856067, 0.00730868382379, 0.0362347178161], "dvar2": [0.0125291198492, 0.0164598450065, 0.00375972804613, 0.000833246915136, 0.000182259522262, 0.00106740207411], "min": [0.0129490830004, 0.000218044689973, 3.60795784218e-05, 1.20523918667e-05, 3.58747638529e-05, 0.000344416330336]}, "bpm_histogram_second_peak_bpm": {"dvar": 0, "var": 0, "median": 148, "max": 148, "dmean": 0, "dmean2": 0, "mean": 148, "dvar2": 0, "min": 148}, "onset_rate": 4.51185750961, "beats_count": 398, "beats_position": [0.406349211931, 0.824308395386, 1.23065757751, 1.64861679077, 2.08979582787, 2.50775504112, 2.93732428551, 3.36689329147, 3.79646253586, 4.22603178024, 4.65560102463, 5.08516979218, 5.51473903656, 5.94430828094, 6.37387752533, 6.80344676971, 7.24462556839, 7.67419481277, 8.10376358032, 8.54494285583, 8.97451210022, 9.4040813446, 9.83365058899, 10.2632198334, 10.6927890778, 11.1223583221, 11.5519275665, 11.9698867798, 12.4110651016, 12.840634346, 13.2702035904, 13.6997728348, 14.1293420792, 14.5589113235, 14.9884805679, 15.4180498123, 15.8592290878, 16.2771873474, 16.7183666229, 17.1595458984, 17.5775051117, 18.0070743561, 18.4366436005, 18.8546028137, 19.2957820892, 19.7369613647, 20.1665306091, 20.5960998535, 21.0256690979, 21.4552383423, 21.8848075867, 22.3143768311, 22.7555541992, 23.1735134125, 23.6030826569, 24.0326519012, 24.4738311768, 24.89179039, 25.3329696655, 25.7625389099, 26.1921081543, 26.6216773987, 27.0628566742, 27.4924259186, 27.921995163, 28.3515644073, 28.7811336517, 29.2107028961, 29.6518821716, 30.0698413849, 30.4994106293, 30.9289798737, 31.358549118, 31.7881164551, 32.2292976379, 32.6472549438, 33.0884361267, 33.5063934326, 33.9475746155, 34.3771438599, 34.8067131042, 35.2362823486, 35.6658477783, 36.1070289612, 36.5365982056, 36.96616745, 37.3957366943, 37.8253059387, 38.2548751831, 38.6844444275, 39.1140136719, 39.5435829163, 39.9731521606, 40.402721405, 40.8322906494, 41.2618598938, 41.6914291382, 42.1209983826, 42.5621757507, 42.9801368713, 43.4213142395, 43.8508834839, 44.2804527283, 44.7216300964, 45.1511993408, 45.5807685852, 46.0103378296, 46.439907074, 46.8694763184, 47.2990455627, 47.7286148071, 48.1581840515, 48.5993652344, 49.0173225403, 49.4468917847, 49.8764610291, 50.3060302734, 50.7355995178, 51.1767807007, 51.6063499451, 52.0359191895, 52.4654884338, 52.8950538635, 53.3246231079, 53.7658042908, 54.1953735352, 54.6365509033, 55.0545120239, 55.4956893921, 55.9136505127, 56.3432197571, 56.7727890015, 57.2139663696, 57.6319274902, 58.0731048584, 58.491065979, 58.9322433472, 59.3502044678, 59.7913818359, 60.2209510803, 60.6505203247, 61.0800895691, 61.5212669373, 61.9508361816, 62.380405426, 62.8099746704, 63.2395439148, 63.6691131592, 64.1102905273, 64.5282516479, 64.957824707, 65.3873901367, 65.8169631958, 66.2465286255, 66.6761016846, 67.1056671143, 67.5468444824, 67.9764175415, 68.4059829712, 68.8355560303, 69.26512146, 69.694694519, 70.1358718872, 70.5654373169, 71.0066223145, 71.4245758057, 71.8541488647, 72.2837142944, 72.7132873535, 73.1428527832, 73.5724258423, 74.001991272, 74.4431762695, 74.8611297607, 75.3023147583, 75.731880188, 76.1614532471, 76.5910186768, 77.0205917358, 77.461769104, 77.8913345337, 78.3209075928, 78.7504730225, 79.1800460815, 79.6212234497, 80.0391845703, 80.46875, 80.8983230591, 81.3278884888, 81.7574615479, 82.198638916, 82.6166000366, 83.0461654663, 83.4757385254, 83.9169158936, 84.3464813232, 84.7760543823, 85.205619812, 85.6468048096, 86.0763702393, 86.5059356689, 86.935508728, 87.3650741577, 87.7946472168, 88.235824585, 88.6537857056, 89.0833511353, 89.5129241943, 89.942489624, 90.3720626831, 90.8016281128, 91.2312011719, 91.67237854, 92.0903396606, 92.5315170288, 92.972694397, 93.4022674561, 93.8318328857, 94.2614059448, 94.6909713745, 95.1321487427, 95.5501098633, 95.9796829224, 96.4092483521, 96.8388214111, 97.2683868408, 97.6979598999, 98.1275253296, 98.5570983887, 98.9866638184, 99.4278411865, 99.8574142456, 100.286979675, 100.716552734, 101.146118164, 101.587303162, 102.016868591, 102.44644165, 102.87600708, 103.305580139, 103.746757507, 104.164710999, 104.594284058, 105.023849487, 105.453422546, 105.882987976, 106.324172974, 106.742126465, 107.171699524, 107.601264954, 108.042449951, 108.472015381, 108.90158844, 109.33115387, 109.772331238, 110.201904297, 110.643081665, 111.061042786, 111.502220154, 111.920181274, 112.361358643, 112.779319763, 113.220497131, 113.638458252, 114.068023682, 114.497596741, 114.938774109, 115.356735229, 115.797912598, 116.215873718, 116.657051086, 117.098228455, 117.516189575, 117.945755005, 118.386940002, 118.816505432, 119.246078491, 119.675643921, 120.10521698, 120.53478241, 120.964347839, 121.393920898, 121.835098267, 122.253059387, 122.682624817, 123.112197876, 123.553375244, 123.971336365, 124.412513733, 124.830474854, 125.271652222, 125.71282959, 126.142402649, 126.571968079, 127.013153076, 127.431106567, 127.860679626, 128.290252686, 128.719818115, 129.149383545, 129.578948975, 130.008529663, 130.438095093, 130.867660522, 131.297225952, 131.726806641, 132.15637207, 132.5859375, 133.027114868, 133.456680298, 133.886260986, 134.315826416, 134.745391846, 135.174957275, 135.604537964, 136.045715332, 136.475280762, 136.904846191, 137.334411621, 137.76399231, 138.193557739, 138.623123169, 139.052688599, 139.482269287, 139.911834717, 140.341400146, 140.770965576, 141.200546265, 141.641723633, 142.071289062, 142.500854492, 142.930435181, 143.36000061, 143.78956604, 144.230743408, 144.660308838, 145.089889526, 145.519454956, 145.949020386, 146.378585815, 146.819763184, 147.237731934, 147.667297363, 148.096862793, 148.526443481, 148.956008911, 149.385574341, 149.815139771, 150.256317139, 150.674285889, 151.115463257, 151.545028687, 151.974594116, 152.404174805, 152.845352173, 153.274917603, 153.704483032, 154.134063721, 154.56362915, 154.99319458, 155.434371948, 155.852325439, 156.281906128, 156.711471558, 157.141036987, 157.570602417, 158.000183105, 158.429748535, 158.859313965, 159.288879395, 159.730072021, 160.159637451, 160.589202881, 161.018768311, 161.448348999, 161.889526367, 162.319091797, 162.748657227, 163.178222656, 163.607803345, 164.048980713, 164.466934204, 164.896499634, 165.326080322, 165.755645752, 166.185211182, 166.614776611, 167.0443573, 167.485534668, 167.903488159, 168.344665527, 168.774230957, 169.203811646, 169.621765137, 170.051330566, 170.469299316, 170.898864746, 171.328430176], "danceability": 2.03890371323, "bpm_histogram_second_peak_spread": {"dvar": 0, "var": 0, "median": 0, "max": 0, "dmean": 0, "dmean2": 0, "mean": 0, "dvar2": 0, "min": 0}}, "lowlevel": {"spectral_flux": {"dvar": 0.00403471896425, "var": 0.00638931663707, "median": 0.0702471882105, "max": 0.370555460453, "dmean": 0.0565246753395, "dmean2": 0.0896708443761, "mean": 0.0990644097328, "dvar2": 0.00860413815826, "min": 6.87173651315e-11}, "spectral_rolloff": {"dvar": 1166432.25, "var": 1379452.375, "median": 236.865234375, "max": 19552.1484375, "dmean": 527.420776367, "dmean2": 942.590270996, "mean": 711.931640625, "dvar2": 2551540, "min": 43.06640625}, "barkbands_flatness_db": {"dvar": 0.0019949360285, "var": 0.00558916619048, "median": 0.210182279348, "max": 0.516435205936, "dmean": 0.042732834816, "dmean2": 0.0660146474838, "mean": 0.222521677613, "dvar2": 0.00467178504914, "min": 0.0255134664476}, "spectral_centroid": {"dvar": 282582.46875, "var": 512344.3125, "median": 949.913452148, "max": 11081.8017578, "dmean": 468.286651611, "dmean2": 739.383239746, "mean": 1131.27563477, "dvar2": 745726.125, "min": 112.498138428}, "melbands_skewness": {"dvar": 3.31298732758, "var": 12.1884269714, "median": 4.95671987534, "max": 23.0479774475, "dmean": 1.84931373596, "dmean2": 2.66077208519, "mean": 5.55598497391, "dvar2": 7.24814128876, "min": -0.351102173328}, "melbands": {"dvar": [1.61045209097e-05, 4.23226774728e-05, 3.66543281416e-05, 2.17688079829e-06, 6.08621633091e-08, 1.51187276032e-08, 9.28335186501e-09, 7.35051219891e-09, 6.44917719228e-09, 1.18395082627e-09, 1.18407272875e-09, 3.36869282469e-10, 4.30199653678e-10, 7.45515177369e-11, 1.40877734825e-11, 7.49309989057e-12, 1.16834797045e-11, 8.39767751865e-12, 1.51829052802e-11, 3.15585925448e-11, 3.01559506533e-11, 1.08586493963e-10, 1.04258851552e-10, 9.30505533736e-11, 8.58899174006e-10, 1.71085492995e-10, 8.89889689715e-11, 1.5352261129e-10, 1.72014083533e-10, 1.62276747595e-10, 5.30242169616e-11, 4.58579910156e-11, 2.43813146755e-11, 7.75595213054e-12, 2.86853527043e-12, 8.23327408854e-13, 2.37620985171e-13, 1.75505985613e-13, 3.77109266394e-14, 3.46511797832e-15], "var": [3.80185010727e-05, 4.70916311315e-05, 4.55295848951e-05, 2.38640586758e-06, 1.04918399302e-07, 3.44418822351e-08, 2.96629760754e-08, 1.92089704143e-08, 1.81861814497e-08, 1.77875514318e-09, 3.36148597846e-09, 2.83893220043e-09, 1.46889300723e-09, 3.35777378124e-10, 4.42197146955e-11, 1.673222845e-11, 2.1667317246e-11, 1.44037091282e-11, 1.36256162603e-11, 2.58009048154e-11, 2.39353675768e-11, 7.44550809895e-11, 8.2553186509e-11, 7.22068099757e-11, 4.91497287314e-10, 1.64790889268e-10, 8.88503715046e-11, 1.90727988958e-10, 1.93774732371e-10, 2.23235707697e-10, 1.50975981716e-10, 6.79752226729e-11, 3.49037430902e-11, 1.69172540559e-11, 4.24372342822e-12, 1.69441218868e-12, 5.16997957032e-13, 3.29234090077e-13, 7.18729546365e-14, 8.89000634582e-15], "median": [0.000585364352446, 0.00208493787795, 0.00092507514637, 0.000137376278872, 4.57177848148e-05, 8.99770529941e-05, 6.9955654908e-05, 4.38782662968e-05, 6.97973564456e-06, 5.15766896569e-06, 6.87530564392e-06, 6.6967731982e-06, 2.45172623181e-06, 1.91599838217e-06, 9.52737423177e-07, 6.71931616125e-07, 8.48929403219e-07, 6.58239798668e-07, 8.22020638225e-07, 9.49492914515e-07, 9.37649076604e-07, 9.02922124624e-07, 1.07721280074e-06, 1.33235107569e-06, 1.66909308064e-06, 1.05624280877e-06, 1.10036535261e-06, 1.30469970827e-06, 1.29226566514e-06, 9.20625893741e-07, 8.3266695583e-07, 5.73229840484e-07, 3.65837934169e-07, 2.11220623214e-07, 1.5820239696e-07, 1.5299150391e-07, 8.95361225162e-08, 5.17406988365e-08, 3.09339114324e-08, 1.78806729423e-08], "max": [0.0474370382726, 0.0485215298831, 0.0376098528504, 0.0163759309798, 0.00378889916465, 0.00164450553712, 0.00211785337888, 0.00317313265987, 0.00260597257875, 0.000856972823385, 0.000845661677886, 0.000634519383311, 0.000403473473853, 0.000239055094426, 0.000131792781758, 6.2675193476e-05, 6.15281969658e-05, 7.84483054304e-05, 5.61365668545e-05, 6.40605649096e-05, 0.000102481331851, 0.000112618603453, 0.000124728918308, 0.000105783503386, 0.000189766447875, 8.16103347461e-05, 7.52323758206e-05, 9.22256294871e-05, 0.000107221792859, 8.6657331849e-05, 5.1824725233e-05, 6.19299753453e-05, 4.31721091445e-05, 2.17721626541e-05, 1.24477155623e-05, 7.91359616414e-06, 4.07708921557e-06, 4.69994756713e-06, 2.23351457862e-06, 1.66212180375e-06], "dmean": [0.0021765215788, 0.00371177960187, 0.00350317591801, 0.00072195881512, 0.000124053418403, 8.15421735751e-05, 6.60349614918e-05, 4.87409561174e-05, 2.42856149271e-05, 9.3950320661e-06, 1.32278155434e-05, 8.53378969623e-06, 7.60966531743e-06, 3.13297664434e-06, 1.52713266743e-06, 1.33865239604e-06, 1.83181634839e-06, 1.53425116878e-06, 1.72535749243e-06, 2.64009713646e-06, 2.78868287751e-06, 4.49258368462e-06, 4.93764309795e-06, 4.15492741013e-06, 1.08107906271e-05, 8.11427344161e-06, 5.21189076608e-06, 7.21964715922e-06, 7.49446599002e-06, 8.24388189358e-06, 5.16981754117e-06, 3.59105115422e-06, 2.64220398094e-06, 1.81926611731e-06, 1.00212173493e-06, 5.33162960892e-07, 2.92602607033e-07, 2.36121877606e-07, 1.01058063251e-07, 3.34553682535e-08], "dmean2": [0.00335193471983, 0.00602675136179, 0.00531323999166, 0.00127265881747, 0.00021896151884, 0.000134512010845, 0.000105236460513, 8.21252833703e-05, 3.69415574824e-05, 1.52028878802e-05, 1.91299623111e-05, 1.23839945445e-05, 1.0937670595e-05, 4.65098264613e-06, 2.34453182202e-06, 2.1979074063e-06, 3.01888007925e-06, 2.64863001576e-06, 2.97938277072e-06, 4.7869420996e-06, 5.02410011904e-06, 8.20588138595e-06, 8.74495617609e-06, 7.07217441231e-06, 1.96090986719e-05, 1.39630628837e-05, 8.87319220055e-06, 1.1596584045e-05, 1.29040190586e-05, 1.30526295834e-05, 6.05386640018e-06, 4.98076997246e-06, 3.74205183107e-06, 2.20156084652e-06, 1.6037909063e-06, 8.1679803543e-07, 4.2812933998e-07, 3.53702120037e-07, 1.57329694161e-07, 4.41962768605e-08], "mean": [0.00375109701417, 0.00504604307935, 0.00382200931199, 0.000837557017803, 0.000178327274625, 0.000155528352479, 0.000136644783197, 8.92283860594e-05, 4.52092099295e-05, 1.60185627465e-05, 2.99778675981e-05, 2.26730953727e-05, 1.69650502357e-05, 7.51118932385e-06, 3.24539564645e-06, 2.14226292883e-06, 2.5927729439e-06, 1.95972188521e-06, 1.9791732484e-06, 2.54033216152e-06, 2.80254539575e-06, 4.04827187594e-06, 4.89908370582e-06, 4.48895525551e-06, 8.65307447384e-06, 8.11177415017e-06, 6.41444466964e-06, 9.09144637262e-06, 8.98124562809e-06, 9.21432001633e-06, 7.69239431975e-06, 5.1594784054e-06, 3.49354149876e-06, 2.36046548707e-06, 1.2376548284e-06, 8.47790886382e-07, 4.59963104049e-07, 3.29711099312e-07, 1.59496906349e-07, 5.83387702591e-08], "dvar2": [3.7863097532e-05, 0.000107926578494, 8.42521185405e-05, 5.86924033996e-06, 1.70287279389e-07, 4.11347187423e-08, 2.37676101023e-08, 1.72768004347e-08, 1.43013663134e-08, 2.97672442251e-09, 2.7984392581e-09, 6.30306751237e-10, 9.50296730196e-10, 1.66322386419e-10, 3.15396216088e-11, 1.84663569158e-11, 2.84729410188e-11, 2.14571069246e-11, 4.14878652266e-11, 8.69333424691e-11, 8.2856194128e-11, 3.03856023676e-10, 2.92347868136e-10, 2.58522925289e-10, 2.48254328206e-09, 4.74886185931e-10, 2.35868852227e-10, 4.01380761961e-10, 4.49158460425e-10, 4.37928193708e-10, 8.40811933966e-11, 1.11318718132e-10, 5.79245020005e-11, 1.52709633133e-11, 7.17371431355e-12, 1.81550369356e-12, 4.95111926718e-13, 4.23191592446e-13, 8.12155383093e-14, 6.54310971249e-15], "min": [1.72933424999e-23, 3.29714019719e-24, 2.01026607769e-24, 2.27322339411e-24, 4.1443833175e-24, 8.91867127895e-24, 1.71003697676e-23, 5.92229120441e-24, 1.53938810083e-24, 7.74965909236e-24, 7.53785861678e-24, 3.12594416733e-24, 5.12333682391e-24, 7.88634975458e-24, 5.99528647612e-24, 8.35173903447e-24, 2.22829638505e-24, 2.35174542533e-24, 6.67526919364e-24, 9.05099717378e-24, 1.03513554899e-23, 3.85811082259e-24, 6.27985345376e-24, 5.18748738715e-24, 5.40199523336e-24, 9.43340144189e-24, 8.59160954765e-24, 1.1934750788e-23, 6.55340714429e-24, 8.05695354711e-24, 8.28522228295e-24, 7.72975770945e-24, 6.51173714469e-24, 7.11964400788e-24, 7.58687922229e-24, 1.00600828002e-23, 9.27860326645e-24, 9.13468348291e-24, 8.17610230937e-24, 9.06725638589e-24]}, "spectral_decrease": {"dvar": 6.5644232849e-17, "var": 1.10052641644e-16, "median": -6.03160277279e-09, "max": 8.56049920411e-29, "dmean": 5.95471671971e-09, "dmean2": 8.85113582427e-09, "mean": -1.00795300995e-08, "dvar2": 1.46522154731e-16, "min": -5.38838200725e-08}, "barkbands_kurtosis": {"dvar": 2134.52294922, "var": 7499.74609375, "median": 9.67975902557, "max": 1069.90246582, "dmean": 17.7849521637, "dmean2": 28.5868434906, "mean": 30.2419662476, "dvar2": 5111.05371094, "min": -1.82292640209}, "silence_rate_30dB": {"dvar": 0.0669846013188, "var": 0.0473941229284, "median": 1, "max": 1, "dmean": 0.0721914321184, "dmean2": 0.144402384758, "mean": 0.950121641159, "dvar2": 0.171424716711, "min": 0}, "gfcc": {"mean": [-72.551071167, 103.832633972, -92.101852417, 79.4222793579, -63.8313903809, 8.19261837006, -17.6070575714, 5.08623218536, -17.4478969574, -5.87323665619, -9.39995098114, -5.2137556076, -9.18207740784], "cov": [[7009.43310547, 45.9401245117, -45.8430747986, 943.027099609, -184.292648315, -416.300964355, 5.07887268066, -443.556030273, -125.937652588, -265.21496582, -332.639923096, -291.448486328, -194.267562866], [45.9401245117, 1133.95751953, 86.4619216919, -559.761169434, 108.496009827, -85.6926727295, 147.623413086, 113.096687317, 207.582183838, 110.661254883, 263.521484375, 112.427726746, 150.743301392], [-45.8430747986, 86.4619216919, 686.292419434, 384.981231689, 217.248382568, -7.59102296829, 18.4779529572, -75.926071167, 30.0799732208, -29.78099823, 54.3120231628, -38.9654426575, 31.1862277985], [943.027099609, -559.761169434, 384.981231689, 909.520507812, 187.094070435, -33.1799354553, -35.600566864, -206.346694946, -109.665046692, -150.529693604, -191.451049805, -146.472640991, -88.7569885254], [-184.292648315, 108.496009827, 217.248382568, 187.094070435, 414.347717285, 132.634063721, 92.3549194336, 41.1875343323, 80.2590408325, -13.7659006119, 50.6168251038, 5.25099229813, 36.3074684143], [-416.300964355, -85.6926727295, -7.59102296829, -33.1799354553, 132.634063721, 271.659484863, 79.7366790771, 80.9925994873, 12.2329101562, 2.26052165031, 45.6414031982, 21.5392742157, 24.6269302368], [5.07887268066, 147.623413086, 18.4779529572, -35.600566864, 92.3549194336, 79.7366790771, 163.171829224, 59.124961853, 48.9429016113, 0.092396453023, 23.558713913, 15.7248315811, 32.7153244019], [-443.556030273, 113.096687317, -75.926071167, -206.346694946, 41.1875343323, 80.9925994873, 59.124961853, 203.373687744, 118.977851868, 83.4058685303, 91.0115127563, 67.9978713989, 40.7485046387], [-125.937652588, 207.582183838, 30.0799732208, -109.665046692, 80.2590408325, 12.2329101562, 48.9429016113, 118.977851868, 167.999099731, 97.8997497559, 107.359489441, 32.4308815002, 26.0502681732], [-265.21496582, 110.661254883, -29.78099823, -150.529693604, -13.7659006119, 2.26052165031, 0.092396453023, 83.4058685303, 97.8997497559, 136.115966797, 107.971191406, 54.8853759766, 7.37971973419], [-332.639923096, 263.521484375, 54.3120231628, -191.451049805, 50.6168251038, 45.6414031982, 23.558713913, 91.0115127563, 107.359489441, 107.971191406, 194.788467407, 94.5476303101, 57.0831375122], [-291.448486328, 112.427726746, -38.9654426575, -146.472640991, 5.25099229813, 21.5392742157, 15.7248315811, 67.9978713989, 32.4308815002, 54.8853759766, 94.5476303101, 117.608718872, 61.8860626221], [-194.267562866, 150.743301392, 31.1862277985, -88.7569885254, 36.3074684143, 24.6269302368, 32.7153244019, 40.7485046387, 26.0502681732, 7.37971973419, 57.0831375122, 61.8860626221, 86.6396942139]], "icov": [[0.000306374044158, -0.000620872480795, 0.000443232391262, -0.000892937881872, 0.000541191489901, -0.000198518391699, 3.67998436559e-05, 0.000215386229684, -0.000420914700953, 0.000411946151871, 8.34226812003e-05, -0.000170701052411, 0.000565786554944], [-0.000620872480795, 0.00585402874276, -0.0015497963177, 0.00517804641277, -0.00303308363073, 0.00440050289035, -0.00361594534479, 0.00186686322559, -0.000825963390525, 0.00102613179479, -0.00453766295686, 0.00322584086098, -0.00436104694381], [0.000443232391262, -0.0015497963177, 0.00383967091329, -0.00333041744307, 0.000393899885239, -4.81718707306e-05, 0.00032753002597, 0.000137602633913, 0.000353885610821, 0.000334916723659, -0.00276066549122, 0.00226074899547, -0.00137425377034], [-0.000892937881872, 0.00517804641277, -0.00333041744307, 0.00805359985679, -0.00406541023403, 0.00313456961885, -0.00219134404324, 0.00263233669102, -0.000897294550668, 0.000653249793686, -0.00029248764622, 0.00114805379417, -0.00157329801004], [0.000541191489901, -0.00303308363073, 0.000393899885239, -0.00406541023403, 0.0067833843641, -0.00432074954733, 0.000846398063004, 0.000221376991249, -0.00420308997855, 0.00248133507557, 0.00170503917616, -0.00297031039372, 0.00219663023017], [-0.000198518391699, 0.00440050289035, -4.81718707306e-05, 0.00313456961885, -0.00432074954733, 0.0104950517416, -0.00528960628435, -0.0025712386705, 0.00506708724424, 0.000722088152543, -0.0077715087682, 0.00608986243606, -0.00365350069478], [3.67998436559e-05, -0.00361594534479, 0.00032753002597, -0.00219134404324, 0.000846398063004, -0.00528960628435, 0.0117508741096, -0.0018731278833, -0.00252831215039, 0.000695321301464, 0.0054264832288, -0.0031261483673, 0.000962410878856], [0.000215386229684, 0.00186686322559, 0.000137602633913, 0.00263233669102, 0.000221376991249, -0.0025712386705, -0.0018731278833, 0.0162365399301, -0.0125515302643, 0.00105919502676, 0.00277790171094, -0.00556311476976, -0.000581906409934], [-0.000420914700953, -0.000825963390525, 0.000353885610821, -0.000897294550668, -0.00420308997855, 0.00506708724424, -0.00252831215039, -0.0125515302643, 0.027632733807, -0.0125478357077, -0.00734533648938, 0.0120460605249, -0.00437883287668], [0.000411946151871, 0.00102613179479, 0.000334916723659, 0.000653249793686, 0.00248133507557, 0.000722088152543, 0.000695321301464, 0.00105919502676, -0.0125478357077, 0.0255028959364, -0.00823474582285, -0.00686129694805, 0.00960821658373], [8.34226812003e-05, -0.00453766295686, -0.00276066549122, -0.00029248764622, 0.00170503917616, -0.0077715087682, 0.0054264832288, 0.00277790171094, -0.00734533648938, -0.00823474582285, 0.0260247401893, -0.0142910005525, 0.00288642896339], [-0.000170701052411, 0.00322584086098, 0.00226074899547, 0.00114805379417, -0.00297031039372, 0.00608986243606, -0.0031261483673, -0.00556311476976, 0.0120460605249, -0.00686129694805, -0.0142910005525, 0.0305404458195, -0.0177589748055], [0.000565786554944, -0.00436104694381, -0.00137425377034, -0.00157329801004, 0.00219663023017, -0.00365350069478, 0.000962410878856, -0.000581906409934, -0.00437883287668, 0.00960821658373, 0.00288642896339, -0.0177589748055, 0.0305911302567]]}, "silence_rate_20dB": {"dvar": 0, "var": 0, "median": 1, "max": 1, "dmean": 0, "dmean2": 0, "mean": 1, "dvar2": 0, "min": 1}, "barkbands_skewness": {"dvar": 2.56367087364, "var": 9.66416168213, "median": 2.91726016998, "max": 26.7039680481, "dmean": 1.32773399353, "dmean2": 1.99862504005, "mean": 3.56169104576, "dvar2": 5.80577087402, "min": -1.92092847824}, "erbbands_skewness": {"dvar": 0.536006629467, "var": 1.41754615307, "median": 0.561766386032, "max": 5.36216688156, "dmean": 0.664325773716, "dmean2": 1.01405918598, "mean": 0.618947982788, "dvar2": 1.44874870777, "min": -2.50644230843}, "spectral_contrast_valleys": {"dvar": [0.247649237514, 0.281226217747, 0.203231051564, 0.308215349913, 0.432378560305, 0.191701710224], "var": [1.24545562267, 1.22856903076, 0.849870085716, 0.844307124615, 1.14819252491, 0.843572199345], "median": [-7.40465164185, -7.62293624878, -8.75238037109, -9.20305633545, -8.08457565308, -10.9011249542], "max": [-5.18200302124, -4.95896720886, -6.98700809479, -7.02997303009, -5.68492221832, -8.85967159271], "dmean": [0.538870573044, 0.492137104273, 0.413515776396, 0.468844503164, 0.497063785791, 0.337693482637], "dmean2": [0.826636433601, 0.80104726553, 0.672629475594, 0.768311142921, 0.769339740276, 0.469760805368], "mean": [-7.40048074722, -7.67787837982, -8.82108306885, -9.11300849915, -7.84571409225, -10.6891222], "dvar2": [0.456510782242, 0.651340663433, 0.453309357166, 0.705198824406, 1.00223743916, 0.365204691887], "min": [-27.406288147, -27.6278438568, -27.4746360779, -27.4732913971, -27.3232402802, -27.3288440704]}, "spectral_strongpeak": {"dvar": 0.0999766588211, "var": 0.185505196452, "median": 0.470738321543, "max": 2.82493019104, "dmean": 0.30643299222, "dmean2": 0.492025315762, "mean": 0.561129808426, "dvar2": 0.224838480353, "min": 0}, "erbbands_crest": {"dvar": 8.10287570953, "var": 22.3770065308, "median": 9.48064994812, "max": 30.1125240326, "dmean": 3.08854222298, "dmean2": 4.92772579193, "mean": 10.4779462814, "dvar2": 21.1510829926, "min": 2.88524770737}, "barkbands_crest": {"dvar": 9.80752944946, "var": 26.2952632904, "median": 12.4521141052, "max": 26.3824195862, "dmean": 3.64960861206, "dmean2": 5.90517616272, "mean": 13.4980335236, "dvar2": 22.2596340179, "min": 3.06331992149}, "spectral_energyband_middle_low": {"dvar": 0.000358318298822, "var": 0.000393392052501, "median": 0.00513479020447, "max": 0.126509532332, "dmean": 0.0105506461114, "dmean2": 0.0168696586043, "mean": 0.0133524797857, "dvar2": 0.00089530745754, "min": 3.19872040393e-22}, "spectral_contrast_coeffs": {"dvar": [0.00394872575998, 0.00148641667329, 0.00116403005086, 0.000573321594857, 0.000282819994027, 0.00100293988362], "var": [0.0127165056765, 0.00694879377261, 0.00724533386528, 0.00240599131212, 0.000920474703889, 0.00352658098564], "median": [-0.624456882477, -0.711597681046, -0.742664754391, -0.822000324726, -0.820701003075, -0.71610045433], "max": [-0.31697177887, -0.43080163002, -0.491210430861, -0.622156202793, -0.71419519186, -0.577989041805], "dmean": [0.0674185082316, 0.0474213995039, 0.0386573188007, 0.0277705043554, 0.0194943323731, 0.0273047275841], "dmean2": [0.10661586374, 0.0768999904394, 0.0617714822292, 0.045635856688, 0.0319907665253, 0.03994493559], "mean": [-0.614410102367, -0.713462591171, -0.744342803955, -0.812363386154, -0.817791581154, -0.717850208282], "dvar2": [0.00814395956695, 0.00378970592283, 0.00281304772943, 0.00144750473555, 0.000699220225215, 0.00231594825163], "min": [-0.961335301399, -0.959668159485, -0.965118408203, -0.958613812923, -0.961338162422, -0.963373422623]}, "hfc": {"dvar": 98.4129867554, "var": 167.529510498, "median": 5.72444629669, "max": 71.274597168, "dmean": 6.64795541763, "dmean2": 9.77778530121, "mean": 11.7187538147, "dvar2": 217.397674561, "min": 1.12886886677e-16}, "spectral_energyband_high": {"dvar": 1.04576713511e-06, "var": 1.85216788395e-06, "median": 0.000105164035631, "max": 0.00758243864402, "dmean": 0.000636843207758, "dmean2": 0.000937384436838, "mean": 0.000887515081558, "dvar2": 2.40317262978e-06, "min": 7.0992444877e-21}, "erbbands_spread": {"dvar": 282.943908691, "var": 1182.45031738, "median": 55.4341888428, "max": 143.294326782, "dmean": 16.8186721802, "dmean2": 23.2648506165, "mean": 61.0480308533, "dvar2": 518.535705566, "min": 6.29474258423}, "dissonance": {"dvar": 0.000404946651543, "var": 0.00107429083437, "median": 0.470419466496, "max": 0.500000059605, "dmean": 0.0189564023167, "dmean2": 0.0305535364896, "mean": 0.460140317678, "dvar2": 0.00100035686046, "min": 0.272814363241}, "spectral_kurtosis": {"dvar": 3.47144412994, "var": 5.89700508118, "median": 1.69835591316, "max": 31.3931999207, "dmean": 1.48704278469, "dmean2": 2.60833239555, "mean": 2.40540480614, "dvar2": 10.3479137421, "min": -1.22190821171}, "spectral_skewness": {"dvar": 0.138230234385, "var": 0.391800493002, "median": 0.919195771217, "max": 4.39065980911, "dmean": 0.306278377771, "dmean2": 0.492380172014, "mean": 0.980643570423, "dvar2": 0.374153465033, "min": -0.0108739752322}, "pitch_salience": {"dvar": 0.00910465139896, "var": 0.0188088212162, "median": 0.440113186836, "max": 0.885306298733, "dmean": 0.103796906769, "dmean2": 0.166676416993, "mean": 0.421974241734, "dvar2": 0.0212096646428, "min": 0.0557691641152}, "spectral_complexity": {"dvar": 34.4143791199, "var": 62.2959136963, "median": 7, "max": 41, "dmean": 4.24874925613, "dmean2": 6.62331008911, "mean": 9.99716186523, "dvar2": 77.5864944458, "min": 0}, "spectral_spread": {"dvar": 436303757312, "var": 1204306444290.0, "median": 4721036, "max": 42634772, "dmean": 394345.71875, "dmean2": 619871.125, "mean": 4691190, "dvar2": 790564241408, "min": 2282066.25}, "dynamic_complexity": 3.63187503815, "melbands_crest": {"dvar": 13.4558906555, "var": 32.9862098694, "median": 19.2389755249, "max": 37.6349105835, "dmean": 4.33570766449, "dmean2": 7.07182884216, "mean": 19.2675647736, "dvar2": 31.5968647003, "min": 2.37026882172}, "zerocrossingrate": {"dvar": 0.000126191080199, "var": 0.000721156713553, "median": 0.03369140625, "max": 0.50439453125, "dmean": 0.0107095120475, "dmean2": 0.0132179241627, "mean": 0.0373047403991, "dvar2": 0.000207356337341, "min": 0.001953125}, "spectral_energyband_low": {"dvar": 0.000726215541363, "var": 0.0012146710651, "median": 0.0138188172132, "max": 0.204200580716, "dmean": 0.0194851551205, "dmean2": 0.0291026942432, "mean": 0.0302116721869, "dvar2": 0.00161949545145, "min": 6.68974936664e-23}, "melbands_kurtosis": {"dvar": 3183.5793457, "var": 11640.7558594, "median": 37.7261314392, "max": 1175.61303711, "dmean": 37.1050796509, "dmean2": 57.7469406128, "mean": 69.1642303467, "dvar2": 7105.36035156, "min": -1.23927617073}, "spectral_energyband_middle_high": {"dvar": 1.30857335989e-06, "var": 1.21813843634e-06, "median": 0.000607105670497, "max": 0.00952429696918, "dmean": 0.000611716532148, "dmean2": 0.00103423907422, "mean": 0.000948796689045, "dvar2": 3.69635040443e-06, "min": 1.58550793069e-21}, "barkbands_spread": {"dvar": 97.4163742065, "var": 184.637954712, "median": 11.9412708282, "max": 111.016967773, "dmean": 8.28672218323, "dmean2": 12.8395719528, "mean": 15.4529590607, "dvar2": 240.600463867, "min": 0.177432522178}, "mfcc": {"mean": [-712.765197754, 106.606117249, 33.4515533447, 66.7586135864, -4.10574245453, 12.7964134216, 5.02764987946, 11.7665309906, 1.36872041225, 2.23391199112, -1.8970785141, 4.00447177887, 0.489485234022], "cov": [[5855.42919922, -558.201782227, 3.43788313866, 882.311157227, -270.437774658, 200.060638428, -228.816329956, -111.971389771, -69.0457763672, -41.7678718567, -205.394134521, -202.281967163, -301.093414307], [-558.201782227, 1621.78979492, -102.314208984, -405.95880127, -74.7727432251, -220.234527588, 9.29407978058, 37.4575576782, 29.0694732666, 60.2829856873, 172.825439453, 162.816421509, 176.440704346], [3.43788313866, -102.314208984, 472.008148193, 278.594940186, 118.89012146, 100.086875916, 29.5397987366, -24.8464488983, -45.5087242126, -17.1154346466, 4.78990936279, -3.13577365875, -52.5538482666], [882.311157227, -405.95880127, 278.594940186, 685.855285645, 184.094329834, 201.544494629, -1.75780487061, -7.09220695496, 0.411781728268, -24.4901256561, -39.4084892273, -64.7369003296, -124.721443176], [-270.437774658, -74.7727432251, 118.89012146, 184.094329834, 349.570739746, 145.081466675, 89.7577819824, 70.9689483643, 26.1177978516, 37.830619812, 38.8870315552, 39.3041114807, 15.3659057617], [200.060638428, -220.234527588, 100.086875916, 201.544494629, 145.081466675, 228.404541016, 103.727905273, 50.2849082947, 19.9052867889, -4.55566740036, -28.8422794342, -24.704366684, -35.2556838989], [-228.816329956, 9.29407978058, 29.5397987366, -1.75780487061, 89.7577819824, 103.727905273, 134.70791626, 91.4405975342, 41.010219574, 9.37899875641, 1.40899300575, -3.23724222183, 16.0818023682], [-111.971389771, 37.4575576782, -24.8464488983, -7.09220695496, 70.9689483643, 50.2849082947, 91.4405975342, 129.132629395, 74.5824356079, 26.0164833069, 9.38223075867, 4.78386306763, 25.9539031982], [-69.0457763672, 29.0694732666, -45.5087242126, 0.411781728268, 26.1177978516, 19.9052867889, 41.010219574, 74.5824356079, 97.6650314331, 48.1214370728, 17.1578330994, 2.2976372242, 15.0871562958], [-41.7678718567, 60.2829856873, -17.1154346466, -24.4901256561, 37.830619812, -4.55566740036, 9.37899875641, 26.0164833069, 48.1214370728, 88.0389785767, 71.3320541382, 35.5844802856, 9.56658172607], [-205.394134521, 172.825439453, 4.78990936279, -39.4084892273, 38.8870315552, -28.8422794342, 1.40899300575, 9.38223075867, 17.1578330994, 71.3320541382, 131.901702881, 86.9706497192, 36.5609130859], [-202.281967163, 162.816421509, -3.13577365875, -64.7369003296, 39.3041114807, -24.704366684, -3.23724222183, 4.78386306763, 2.2976372242, 35.5844802856, 86.9706497192, 126.807952881, 92.7939758301], [-301.093414307, 176.440704346, -52.5538482666, -124.721443176, 15.3659057617, -35.2556838989, 16.0818023682, 25.9539031982, 15.0871562958, 9.56658172607, 36.5609130859, 92.7939758301, 153.031784058]], "icov": [[0.000367289816495, -0.00012336630607, 0.000285290094325, -0.000646364875138, 0.000704636331648, -0.000672225025482, 0.000917012104765, -0.000887722068001, 0.00113310350571, -0.00132103578653, 0.000952509581111, -0.000323595304508, 0.000204166717594], [-0.00012336630607, 0.000976476934738, -0.000214379295358, 0.000451300758868, -0.000214038896956, 0.00105947686825, -0.000912174757104, 0.000342520477716, -0.000749005237594, 0.00112610543147, -0.00145743868779, 2.71891367447e-05, -0.000435881956946], [0.000285290094325, -0.000214379295358, 0.00359181896783, -0.002038