{"tonal": {"hpcp": {"dvar": [0.0458236075938, 0.0497762858868, 0.0449917465448, 0.0359315872192, 0.0375854484737, 0.0425273552537, 0.0488984361291, 0.0407776199281, 0.027376960963, 0.0212991982698, 0.0143045894802, 0.0127772474661, 0.0180306676775, 0.0159751139581, 0.010202229023, 0.0114829353988, 0.0161942653358, 0.0239909552038, 0.0293998643756, 0.0406600832939, 0.0452212169766, 0.0421183221042, 0.0400139950216, 0.0409881398082, 0.0366035886109, 0.023701461032, 0.0266323294491, 0.0310973599553, 0.0209154207259, 0.0176179874688, 0.0189461112022, 0.0203709881753, 0.0255021099001, 0.0334901437163, 0.0352293923497, 0.0456721410155], "var": [0.135278061032, 0.0680471733212, 0.0335077159107, 0.0257263034582, 0.0338291674852, 0.0761719867587, 0.150409385562, 0.100408516824, 0.0255724769086, 0.0142551828176, 0.00955430231988, 0.0118568446487, 0.0260398406535, 0.0201873835176, 0.00904241390526, 0.00836330559105, 0.0117298532277, 0.0313617885113, 0.0712681338191, 0.0638209059834, 0.0847495272756, 0.118831656873, 0.0714133158326, 0.0325315110385, 0.0241042710841, 0.0168335996568, 0.0310426596552, 0.0550381317735, 0.029482094571, 0.0127179659903, 0.0127126350999, 0.0145882042125, 0.0273092389107, 0.0472695119679, 0.0415331162512, 0.0776278376579], "median": [0.0409473478794, 0.0226231217384, 0.0117075964808, 0.0101485801861, 0.0205088295043, 0.191852495074, 0.372175902128, 0.209282383323, 0.0249377787113, 0.00426371628419, 0.00428262446076, 0.0115542691201, 0.0183355547488, 0.0150551032275, 0.00715008564293, 0.00479902978987, 0.00622998550534, 0.0252406746149, 0.0488901361823, 0.061983063817, 0.0995578616858, 0.134837880731, 0.0772968232632, 0.0217795707285, 0.00919449143112, 0.00615928787738, 0.0256902836263, 0.0586344599724, 0.0442207269371, 0.0131545998156, 0.00670887716115, 0.0065370099619, 0.0166735872626, 0.0275901332498, 0.0325736887753, 0.0447616875172], "max": [1, 1, 1, 1, 1, 1, 1, 1, 1, 1, 1, 1, 1, 1, 1, 1, 1, 1, 1, 1, 1, 1, 1, 1, 1, 1, 1, 1, 1, 1, 1, 1, 1, 1, 1, 1], "dmean": [0.125750988722, 0.140833541751, 0.113499253988, 0.0959288924932, 0.117857813835, 0.177810430527, 0.175548359752, 0.168850600719, 0.0943921208382, 0.0547218583524, 0.0403082482517, 0.0454061329365, 0.0571297109127, 0.0520990230143, 0.0373049527407, 0.0365223661065, 0.0516224019229, 0.084151558578, 0.105398118496, 0.142182901502, 0.160343229771, 0.152580842376, 0.139116331935, 0.110310681164, 0.0831242948771, 0.0616656318307, 0.0827473029494, 0.105845935643, 0.0835330858827, 0.0536390393972, 0.0512000024319, 0.0577409118414, 0.0780539438128, 0.0962243229151, 0.114010244608, 0.144266858697], "dmean2": [0.21695779264, 0.25140863657, 0.208930164576, 0.177658990026, 0.212121084332, 0.305021852255, 0.294386595488, 0.281910181046, 0.16797478497, 0.101600728929, 0.0747762620449, 0.0801723375916, 0.0972619727254, 0.0892886295915, 0.0666433721781, 0.0666921585798, 0.0943587422371, 0.147437527776, 0.180547118187, 0.244139939547, 0.27760976553, 0.254102259874, 0.235906407237, 0.199872270226, 0.154446199536, 0.112401202321, 0.14415307343, 0.178279310465, 0.140949159861, 0.0973924547434, 0.0941915884614, 0.105922408402, 0.140256926417, 0.168157294393, 0.198669880629, 0.248589426279], "mean": [0.265483558178, 0.171268284321, 0.0824308395386, 0.0701601430774, 0.1008329615, 0.278350830078, 0.474062502384, 0.327612936497, 0.0896839722991, 0.0383784621954, 0.0300139673054, 0.0459911003709, 0.0752646625042, 0.062291521579, 0.0330626554787, 0.0286267679185, 0.0396973602474, 0.0997080281377, 0.171875044703, 0.181224867702, 0.233876809478, 0.300027489662, 0.205709263682, 0.0930048748851, 0.0586678013206, 0.0452742539346, 0.0949294939637, 0.158540010452, 0.113915465772, 0.0454552434385, 0.0379464998841, 0.0438726432621, 0.0791825950146, 0.117154374719, 0.121380232275, 0.201075747609], "dvar2": [0.110604889691, 0.13713259995, 0.124128058553, 0.100741140544, 0.103575490415, 0.117962792516, 0.113570675254, 0.102653540671, 0.075521722436, 0.0608469769359, 0.0414287000895, 0.0343010015786, 0.0460227206349, 0.0417590029538, 0.026841763407, 0.0317727327347, 0.045838046819, 0.0665274783969, 0.076195910573, 0.108250364661, 0.118353113532, 0.102246724069, 0.102837733924, 0.112549766898, 0.101654022932, 0.0653582662344, 0.0703155174851, 0.080424502492, 0.0563256107271, 0.049316868186, 0.0527012981474, 0.0568940229714, 0.0691890195012, 0.0871343165636, 0.0938921049237, 0.12406617403], "min": [0, 0, 0, 0, 0, 0, 0, 0, 0, 0, 0, 0, 0, 0, 0, 0, 0, 0, 0, 0, 0, 0, 0, 0, 0, 0, 0, 0, 0, 0, 0, 0, 0, 0, 0, 0]}, "key_key": "E", "thpcp": [1, 0.691075384617, 0.189181745052, 0.0809565484524, 0.0633122548461, 0.0970148444176, 0.158765271306, 0.131399393082, 0.0697432383895, 0.0603860616684, 0.0837386623025, 0.210326761007, 0.362557768822, 0.382280528545, 0.493345946074, 0.632885932922, 0.433928579092, 0.196186944842, 0.123755417764, 0.0955027118325, 0.200246796012, 0.334428489208, 0.240296304226, 0.0958844944835, 0.080045349896, 0.0925461128354, 0.167029857635, 0.247128546238, 0.256042689085, 0.424154520035, 0.560018062592, 0.361277848482, 0.173881798983, 0.147997662425, 0.212699726224, 0.587160587311], "chords_key": "B", "tuning_equal_tempered_deviation": 0.0526883453131, "tuning_frequency": 438.984558105, "tuning_diatonic_strength": 0.757816195488, "chords_histogram": [27.429983139, 10.2306423187, 33.4266891479, 0.313014835119, 0, 0, 0, 0, 0.345963746309, 0, 0, 0, 0.444810539484, 0, 0, 4.15156507492, 0, 3.52553534508, 0, 0.0494233928621, 0, 0.955518960953, 18.8632621765, 0.263591438532], "key_strength": 0.8666857481, "key_scale": "major", "chords_strength": {"dvar": 0.000372943468392, "var": 0.0265781357884, "median": 0.581592202187, "max": 0.851260662079, "dmean": 0.00970203243196, "dmean2": 0.00803329516202, "mean": 0.564685463905, "dvar2": 0.000666917301714, "min": -1}, "chords_number_rate": 0.000988467829302, "tuning_nontempered_energy_ratio": 0.7006534338, "hpcp_entropy": {"dvar": 0.259437769651, "var": 0.569135546684, "median": 1.91866612434, "max": 4.45415973663, "dmean": 0.612693250179, "dmean2": 1.02389335632, "mean": 1.86659383774, "dvar2": 0.694411158562, "min": 0}, "chords_changes_rate": 0.0454695224762, "chords_scale": "major"}, "rhythm": {"bpm_histogram_first_peak_spread": {"dvar": 0, "var": 0, "median": 0.308571398258, "max": 0.308571398258, "dmean": 0, "dmean2": 0, "mean": 0.308571398258, "dvar2": 0, "min": 0.308571398258}, "bpm_histogram_first_peak_weight": {"dvar": 0, "var": 0, "median": 0.679775297642, "max": 0.679775297642, "dmean": 0, "dmean2": 0, "mean": 0.679775297642, "dvar2": 0, "min": 0.679775297642}, "bpm_histogram_first_peak_bpm": {"dvar": 0, "var": 0, "median": 115, "max": 115, "dmean": 0, "dmean2": 0, "mean": 115, "dvar2": 0, "min": 115}, "bpm": 114.14818573, "bpm_histogram_second_peak_weight": {"dvar": 0, "var": 0, "median": 0.00749063678086, "max": 0.00749063678086, "dmean": 0, "dmean2": 0, "mean": 0.00749063678086, "dvar2": 0, "min": 0.00749063678086}, "beats_loudness": {"dvar": 0.000220188128878, "var": 0.000410660286434, "median": 0.0290050320327, "max": 0.10926900804, "dmean": 0.0148705532774, "dmean2": 0.0247972141951, "mean": 0.0300461500883, "dvar2": 0.000598878250457, "min": 0}, "beats_loudness_band_ratio": {"dvar": [0.0302068833262, 0.0177244003862, 0.025227047503, 0.00352905783802, 0.0011706125224, 0.0133789535612], "var": [0.0519096776843, 0.0265913531184, 0.0306431502104, 0.00457612005994, 0.00162529444788, 0.00891336984932], "median": [0.357673108578, 0.239068746567, 0.145156994462, 0.0569695718586, 0.0359727442265, 0.0452541932464], "max": [0.999996602535, 0.766794264317, 0.793650388718, 0.640765249729, 0.271350026131, 0.9324670434], "dmean": [0.237027958035, 0.189793333411, 0.154403671622, 0.0517434477806, 0.0346978865564, 0.0729291290045], "dmean2": [0.429598480463, 0.338272333145, 0.268842995167, 0.0874849930406, 0.0601758174598, 0.141907960176], "mean": [0.394960790873, 0.257585227489, 0.202088192105, 0.0769519209862, 0.0468131415546, 0.0652015581727], "dvar2": [0.0834938511252, 0.0518508441746, 0.0736706256866, 0.00948074180633, 0.00303852860816, 0.0391829796135], "min": [0, 0, 0, 0, 0, 0]}, "bpm_histogram_second_peak_bpm": {"dvar": 0, "var": 0, "median": 110, "max": 110, "dmean": 0, "dmean2": 0, "mean": 110, "dvar2": 0, "min": 110}, "onset_rate": 3.65835595131, "beats_count": 535, "beats_position": [0.476009070873, 0.975238084793, 1.48607707024, 1.99691605568, 2.50775504112, 3.03020405769, 3.55265307426, 4.08671188354, 4.60916090012, 5.13160991669, 5.66566896439, 6.18811798096, 6.71056699753, 7.24462556839, 7.76707458496, 8.28952407837, 8.82358264923, 9.34603118896, 9.86848068237, 10.3909292221, 10.9133787155, 11.4474372864, 11.9698867798, 12.5039453506, 13.0263938904, 13.5488433838, 14.0712919235, 14.6053514481, 15.1277999878, 15.6502494812, 16.1726989746, 16.6951465607, 17.2292060852, 17.7632656097, 18.2857131958, 18.8081626892, 19.3306121826, 19.853061676, 20.3871192932, 20.9095687866, 21.43201828, 21.9544658661, 22.4769153595, 23.010974884, 23.5334243774, 24.0558719635, 24.589931488, 25.1239910126, 25.6464385986, 26.168888092, 26.6913375854, 27.2137870789, 27.7362346649, 28.2586841583, 28.7927436829, 29.3151912689, 29.8376407623, 30.3717002869, 30.8941497803, 31.4165973663, 31.9506568909, 32.4731063843, 32.9955558777, 33.5296134949, 34.0636711121, 34.5861206055, 35.1085700989, 35.6310195923, 36.1534690857, 36.6875267029, 37.2215881348, 37.7440338135, 38.2664833069, 38.7889328003, 39.3113822937, 39.8338317871, 40.3562812805, 40.8787307739, 41.4011802673, 41.9352378845, 42.4692955017, 42.9917449951, 43.5141944885, 44.0482521057, 44.5823135376, 45.1163711548, 45.6620407104, 46.2077102661, 46.7069396973, 47.2177772522, 47.7286148071, 48.2510643005, 48.7735137939, 49.2959632874, 49.8184127808, 50.3408622742, 50.8749198914, 51.3973693848, 51.9198188782, 52.4538764954, 52.9763259888, 53.4987754822, 54.0328330994, 54.5552825928, 55.0777320862, 55.6117897034, 56.1342391968, 56.668296814, 57.1907463074, 57.7131958008, 58.2356452942, 58.7580947876, 59.280544281, 59.8146018982, 60.3370513916, 60.859500885, 61.3935585022, 61.9160079956, 62.4500656128, 62.9725151062, 63.4949645996, 64.0174102783, 64.5398635864, 65.0623092651, 65.5963668823, 66.1188201904, 66.6412658691, 67.1637191772, 67.686164856, 68.2202224731, 68.7426757812, 69.2767333984, 69.7991790771, 70.3332443237, 70.8556900024, 71.3781356812, 71.9122009277, 72.4346466064, 72.9570999146, 73.4795455933, 74.001991272, 74.5244445801, 75.0468902588, 75.580947876, 76.1150131226, 76.6374588013, 77.15990448, 77.6823577881, 78.2048034668, 78.738861084, 79.2729263306, 79.7953720093, 80.3178253174, 80.8518829346, 81.3743286133, 81.8967819214, 82.4192276001, 82.9416732788, 83.4641265869, 83.9865722656, 84.5090255737, 85.0314712524, 85.5655288696, 86.0995864868, 86.6220397949, 87.1444854736, 87.6785507202, 88.2009963989, 88.7234420776, 89.2575073242, 89.7799530029, 90.3023986816, 90.8364639282, 91.3589096069, 91.8813552856, 92.4038085938, 92.9146499634, 93.4370956421, 93.9711532593, 94.5052108765, 95.0276641846, 95.5501098633, 96.0725631714, 96.5950088501, 97.1290664673, 97.6631240845, 98.1855773926, 98.7080230713, 99.2304763794, 99.7529220581, 100.286979675, 100.821044922, 101.343490601, 101.865936279, 102.388389587, 102.910835266, 103.444892883, 103.967346191, 104.48979187, 105.023849487, 105.546302795, 106.080360413, 106.602806091, 107.125259399, 107.647705078, 108.181770325, 108.704216003, 109.226661682, 109.74911499, 110.271560669, 110.805618286, 111.339683533, 111.862129211, 112.38457489, 112.918640137, 113.441085815, 113.963539124, 114.485984802, 115.008430481, 115.530883789, 116.053329468, 116.587387085, 117.121452332, 117.64389801, 118.166343689, 118.688796997, 119.222854614, 119.745300293, 120.27936554, 120.801811218, 121.324264526, 121.846710205, 122.369155884, 122.891609192, 123.414054871, 123.936508179, 124.458953857, 124.993011475, 125.515464783, 126.0495224, 126.571968079, 127.106025696, 127.628479004, 128.150924683, 128.6849823, 129.207427979, 129.729888916, 130.252334595, 130.774780273, 131.297225952, 131.81968689, 132.353744507, 132.887802124, 133.410247803, 133.932693481, 134.45513916, 134.977600098, 135.511657715, 136.034103394, 136.556549072, 137.090606689, 137.624664307, 138.147125244, 138.669570923, 139.192016602, 139.726074219, 140.260131836, 140.770965576, 141.293426514, 141.815872192, 142.338317871, 142.86076355, 143.383224487, 143.905670166, 144.439727783, 144.962173462, 145.496231079, 146.030288696, 146.552734375, 147.075195312, 147.597640991, 148.12008667, 148.642532349, 149.164993286, 149.699050903, 150.221496582, 150.755554199, 151.289611816, 151.812057495, 152.334503174, 152.86857605, 153.391021729, 153.913467407, 154.435913086, 154.958358765, 155.480819702, 156.003265381, 156.52571106, 157.059768677, 157.582214355, 158.104675293, 158.63873291, 159.161178589, 159.683624268, 160.217681885, 160.740127563, 161.274185181, 161.796646118, 162.330703735, 162.864761353, 163.387207031, 163.90965271, 164.432098389, 164.954559326, 165.477005005, 165.999450684, 166.521896362, 167.0443573, 167.578414917, 168.100860596, 168.623306274, 169.157363892, 169.67980957, 170.202270508, 170.736328125, 171.270385742, 171.792831421, 172.3152771, 172.837722778, 173.360183716, 173.882629395, 174.405075073, 174.93913269, 175.473190308, 175.995635986, 176.518096924, 177.052154541, 177.57460022, 178.097045898, 178.619491577, 179.141952515, 179.664398193, 180.198455811, 180.732513428, 181.254959106, 181.777404785, 182.299865723, 182.83392334, 183.356369019, 183.878814697, 184.412872314, 184.935317993, 185.457778931, 185.968612671, 186.49105835, 187.025115967, 187.547576904, 188.081634521, 188.615692139, 189.138137817, 189.660583496, 190.194641113, 190.705490112, 191.216323853, 191.75038147, 192.272827148, 192.795272827, 193.317733765, 193.816955566, 194.374237061, 194.908294678, 195.430740356, 195.964797974, 196.487258911, 197.021316528, 197.543762207, 198.066207886, 198.600265503, 199.122711182, 199.645172119, 200.179229736, 200.701675415, 201.224121094, 201.758178711, 202.28062439, 202.803085327, 203.337142944, 203.859588623, 204.39364624, 204.916091919, 205.438537598, 205.960998535, 206.483444214, 207.005889893, 207.53994751, 208.062393188, 208.584854126, 209.118911743, 209.641357422, 210.163803101, 210.686248779, 211.208709717, 211.742767334, 212.265213013, 212.79927063, 213.321716309, 213.844161987, 214.366622925, 214.889068604, 215.411514282, 215.945571899, 216.468017578, 216.990478516, 217.524536133, 218.046981812, 218.56942749, 219.103485107, 219.625930786, 220.148391724, 220.670837402, 221.193283081, 221.727340698, 222.249786377, 222.772247314, 223.306304932, 223.82875061, 224.351196289, 224.873641968, 225.396102905, 225.930160522, 226.452606201, 226.97505188, 227.509109497, 228.043167114, 228.565612793, 229.08807373, 229.610519409, 230.132965088, 230.667022705, 231.189468384, 231.711929321, 232.234375, 232.768432617, 233.290878296, 233.813323975, 234.335784912, 234.869842529, 235.403900146, 235.926345825, 236.448791504, 236.971237183, 237.49369812, 238.027755737, 238.561813354, 239.084259033, 239.606704712, 240.129150391, 240.651611328, 241.174057007, 241.696502686, 242.218948364, 242.741394043, 243.275466919, 243.809524536, 244.331970215, 244.854415894, 245.388473511, 245.910919189, 246.433380127, 246.955825806, 247.478271484, 248.012329102, 248.53477478, 249.057235718, 249.591293335, 250.125350952, 250.647796631, 251.17024231, 251.692687988, 252.215148926, 252.737594604, 253.260040283, 253.7940979, 254.316543579, 254.850601196, 255.384674072, 255.907119751, 256.42956543, 256.952026367, 257.474456787, 257.996917725, 258.519348145, 259.041809082, 259.575866699, 260.098327637, 260.620758057, 261.154815674, 261.688873291, 262.211334229, 262.733795166, 263.256225586, 263.778686523, 264.312744141, 264.835174561, 265.357635498, 265.880096436, 266.402526855, 266.936584473, 267.45904541, 267.981506348, 268.515563965, 269.037994385, 269.560455322, 270.094512939, 270.616943359, 271.139404297, 271.673461914, 272.207519531, 272.729980469, 273.252410889, 273.763275146, 274.285705566, 274.808166504, 275.342224121, 275.876281738, 276.398712158, 276.921173096, 277.443634033, 277.966064453, 278.488525391, 279.010955811, 279.533416748, 280.079101562, 280.624755859, 281.182037354], "danceability": 1.0281560421, "bpm_histogram_second_peak_spread": {"dvar": 0, "var": 0, "median": 0.333333313465, "max": 0.333333313465, "dmean": 0, "dmean2": 0, "mean": 0.333333313465, "dvar2": 0, "min": 0.333333313465}}, "lowlevel": {"spectral_flux": {"dvar": 0.00062510947464, "var": 0.00190648401622, "median": 0.0582563318312, "max": 0.282035291195, "dmean": 0.0197532754391, "dmean2": 0.031014079228, "mean": 0.0659620463848, "dvar2": 0.00132359727286, "min": 0}, "spectral_rolloff": {"dvar": 615419.5625, "var": 3280999.5, "median": 667.529296875, "max": 19659.8144531, "dmean": 312.051971436, "dmean2": 520.667358398, "mean": 1045.10449219, "dvar2": 1215856.125, "min": 21.533203125}, "barkbands_flatness_db": {"dvar": 0.00053437781753, "var": 0.00413730554283, "median": 0.129354685545, "max": 1, "dmean": 0.0199639629573, "dmean2": 0.0289916489273, "mean": 0.135987535119, "dvar2": 0.00109868252184, "min": 0.0289657581598}, "spectral_centroid": {"dvar": 75145.2734375, "var": 878878.4375, "median": 838.07019043, "max": 11667.2636719, "dmean": 185.01524353, "dmean2": 275.538879395, "mean": 992.585876465, "dvar2": 136663.875, "min": 184.49079895}, "melbands_skewness": {"dvar": 1893274.375, "var": 5017313, "median": 2.72946166992, "max": 89843.421875, "dmean": 37.9342575073, "dmean2": 73.8314743042, "mean": 72.9934310913, "dvar2": 4056825.5, "min": -1.92368137836}, "melbands": {"dvar": [1.30601733872e-06, 2.53121197602e-06, 1.07522862436e-06, 9.010143458e-07, 1.64075615317e-07, 1.33870670993e-07, 4.16809513126e-07, 6.53891561342e-07, 1.16425027841e-07, 8.59243840523e-08, 1.86274160541e-08, 1.10786775309e-08, 9.10066688675e-09, 5.53630075117e-09, 4.43897718583e-09, 3.81004072736e-09, 2.7635980171e-09, 2.49336240543e-09, 9.63909063678e-10, 3.0439820109e-10, 1.11455962515e-10, 1.77466943918e-10, 1.14345213853e-10, 5.30473581728e-11, 1.7340909958e-11, 1.94884126198e-11, 5.39099910546e-11, 6.15976852858e-11, 2.47835432732e-11, 5.11225749233e-11, 6.09253758554e-11, 1.15829304481e-10, 7.31915986152e-11, 3.90654245064e-11, 5.44809475311e-11, 5.63247469498e-11, 4.78055060815e-11, 1.60620579337e-11, 1.59395500271e-11, 4.78665414597e-12], "var": [1.49755226175e-06, 2.35013135352e-06, 2.49116669693e-06, 1.6248728798e-06, 4.41719549826e-07, 3.43805879766e-07, 1.01626153537e-06, 1.96264250008e-06, 3.63857282082e-07, 3.41568608064e-07, 1.13645612032e-07, 4.79024500066e-08, 3.29236549135e-08, 3.52023263872e-08, 1.17945546663e-08, 1.50407455379e-08, 8.89634943491e-09, 6.50143272551e-09, 1.87438553567e-09, 6.02934036031e-10, 3.04044622812e-10, 4.05024347394e-10, 2.75570399833e-10, 1.07594357035e-10, 2.79207282294e-11, 4.14066593513e-11, 2.22916962667e-10, 2.65217986462e-10, 6.60447321832e-11, 1.15391453337e-10, 1.45585626887e-10, 2.51748816238e-10, 1.99791114208e-10, 1.06703715308e-10, 1.45851025701e-10, 1.41849088031e-10, 1.27769281266e-10, 5.51995879561e-11, 4.43987555054e-11, 1.34768125479e-11], "median": [0.000593716162257, 0.0008595410618, 0.000783330469858, 0.000495799584314, 0.000294170458801, 0.000171783409314, 0.000143157754792, 0.000103417332866, 3.81557547371e-05, 5.22630507476e-05, 3.35517761414e-05, 2.00227623282e-05, 1.97792796826e-05, 6.48423974781e-06, 1.39866797326e-05, 1.08137028292e-05, 8.61365242599e-06, 7.22220556781e-06, 6.30607200947e-06, 5.46292449144e-06, 3.0881285511e-06, 3.66557014786e-06, 3.44603040503e-06, 2.27938312491e-06, 1.24643338495e-06, 1.41278974297e-06, 1.51835195084e-06, 1.22944402392e-06, 8.6982402081e-07, 6.8998781444e-07, 6.80555558574e-07, 6.56974634694e-07, 4.9720813422e-07, 4.16147088345e-07, 3.73021748601e-07, 2.426513106e-07, 2.1243079118e-07, 2.17979177819e-07, 2.1006951556e-07, 1.37783928267e-07], "max": [0.0123197808862, 0.0185765568167, 0.018265934661, 0.0141952289268, 0.00893555860966, 0.0115856127813, 0.0170130524784, 0.0214531961828, 0.013338021934, 0.0127524947748, 0.009018054232, 0.00622767582536, 0.00390488607809, 0.00553315738216, 0.00257851090282, 0.00421415269375, 0.00234253983945, 0.00174786266871, 0.00158414128236, 0.000741985160857, 0.000354881922249, 0.000545168819372, 0.00042268098332, 0.00049073289847, 0.000188190912013, 0.000119055031973, 0.000399284472223, 0.000375270145014, 0.000181401657755, 0.000556192127988, 0.000351702707121, 0.000967465457506, 0.000724329613149, 0.000303796172375, 0.000389989640098, 0.000409371423302, 0.000410376902437, 0.000249878678005, 0.00025777585688, 9.38712983043e-05], "dmean": [0.000498325855006, 0.000737683847547, 0.000666361884214, 0.000521311652847, 0.000243450005655, 0.000178787420737, 0.000238680426264, 0.000275564234471, 9.66176739894e-05, 9.79663964245e-05, 5.26606454514e-05, 3.32524105033e-05, 3.81298377761e-05, 1.66461813933e-05, 2.3509890525e-05, 1.85299650184e-05, 1.5999070456e-05, 1.43089346238e-05, 9.04748048924e-06, 7.2825641837e-06, 4.65444600195e-06, 5.57734574613e-06, 5.06847254655e-06, 2.77353524325e-06, 1.50842026869e-06, 2.09968447962e-06, 2.73522528005e-06, 2.63579227067e-06, 1.76170715349e-06, 1.68663711975e-06, 1.85278804565e-06, 1.92535139831e-06, 1.66112954503e-06, 1.2543982848e-06, 1.21809057418e-06, 1.10835719624e-06, 9.92880700323e-07, 7.37267953355e-07, 6.94645564181e-07, 4.95246581522e-07], "dmean2": [0.000824827176984, 0.00129680766258, 0.0010907946853, 0.000850115728099, 0.000381477846531, 0.000273917772574, 0.000358001474524, 0.000385650957469, 0.000138577001053, 0.000140347023262, 7.73971332819e-05, 5.07373224536e-05, 5.80675114179e-05, 2.36266550928e-05, 3.62747305189e-05, 2.81077936961e-05, 2.40671142819e-05, 2.18023433263e-05, 1.42295530168e-05, 1.18515199574e-05, 7.37058871891e-06, 8.97664540389e-06, 7.7824379332e-06, 4.3648560677e-06, 2.40694294007e-06, 3.32280137627e-06, 4.16950160798e-06, 3.84891382055e-06, 2.66916617875e-06, 2.55255895354e-06, 2.83653116639e-06, 2.83606345874e-06, 2.36597543335e-06, 1.77435151727e-06, 1.70260682353e-06, 1.53639371092e-06, 1.42354235777e-06, 1.03471097646e-06, 9.60458692134e-07, 7.1271830393e-07], "mean": [0.000897893856745, 0.0012373435311, 0.00129275419749, 0.000910939706955, 0.000506733427756, 0.000368753506336, 0.000465104239993, 0.00056538550416, 0.000198645459022, 0.000201903574634, 0.000116124501801, 7.05200945958e-05, 6.94887130521e-05, 3.63527797163e-05, 4.34179710282e-05, 3.56753407686e-05, 2.88534338324e-05, 2.48859432759e-05, 1.59943083418e-05, 1.31506294565e-05, 8.55265261634e-06, 9.86890790955e-06, 9.16392127692e-06, 4.94755431646e-06, 2.62426624431e-06, 3.66179165212e-06, 5.53047630092e-06, 5.25647874383e-06, 3.1481536098e-06, 2.71553722087e-06, 3.032978384e-06, 3.29230624629e-06, 3.00108376905e-06, 2.27043665291e-06, 2.05144374377e-06, 1.77676122348e-06, 1.59828368851e-06, 1.28944873268e-06, 1.18526077131e-06, 7.72228361257e-07], "dvar2": [3.2128004932e-06, 7.12047631168e-06, 2.85770875053e-06, 2.37935910263e-06, 4.0260229639e-07, 3.03765745002e-07, 9.24211406073e-07, 1.32126092467e-06, 2.42629823788e-07, 1.44013142744e-07, 3.33956862164e-08, 2.44901290358e-08, 1.89294109276e-08, 8.86243256559e-09, 9.76522596119e-09, 7.06660596705e-09, 5.264165992e-09, 5.03096142523e-09, 2.0750345886e-09, 7.93635213103e-10, 2.71972305788e-10, 4.48518250318e-10, 2.58750271209e-10, 1.14357044667e-10, 4.04415355371e-11, 4.64728151794e-11, 1.08262281084e-10, 1.1980452741e-10, 5.39361263985e-11, 1.08859594949e-10, 1.2981755948e-10, 2.52404847023e-10, 1.49283266304e-10, 8.37028918399e-11, 1.03844280397e-10, 1.10022033151e-10, 9.36729721568e-11, 2.69320052371e-11, 2.98324108472e-11, 9.27822142033e-12], "min": [1.31742492742e-24, 1.18199348443e-24, 6.20925533312e-25, 1.30571507614e-24, 2.34074160456e-24, 1.94198799697e-24, 2.54667256058e-24, 9.49075103805e-25, 1.63430276026e-24, 3.72676784845e-24, 1.48370477611e-24, 2.39429106053e-24, 3.38621659567e-24, 3.07134434307e-24, 2.23994076088e-24, 3.15538445632e-24, 3.04524409116e-24, 3.02646920162e-24, 3.22936028213e-24, 4.04855446688e-24, 4.0879399253e-24, 2.71122440946e-24, 2.3823733444e-24, 1.45571037056e-24, 1.04871287069e-24, 7.05464009435e-25, 4.1601048223e-25, 3.36458765667e-25, 2.45233066347e-25, 2.07508234093e-25, 1.99883807162e-25, 1.7626071408e-25, 1.29336198275e-25, 6.13337381657e-26, 5.80259765974e-26, 6.91633305614e-26, 1.20004799605e-25, 5.91695229241e-26, 6.78427527542e-26, 4.07277052452e-26]}, "spectral_decrease": {"dvar": 7.02209586582e-18, "var": 2.36910433505e-17, "median": -4.77557238199e-09, "max": 1.80920932122e-28, "dmean": 1.84689741278e-09, "dmean2": 2.88481971644e-09, "mean": -5.96268678876e-09, "dvar2": 1.68524417871e-17, "min": -3.35785479422e-08}, "barkbands_kurtosis": {"dvar": 576565.375, "var": 1509909, "median": 4.63180923462, "max": 42593.4882812, "dmean": 44.4629096985, "dmean2": 76.6504821777, "mean": 89.1354904175, "dvar2": 1809149.75, "min": -1.91347384453}, "silence_rate_30dB": {"dvar": 0.00180940481368, "var": 0.00106976251118, "median": 1, "max": 1, "dmean": 0.00181263906416, "dmean2": 0.00362557685003, "mean": 0.998928964138, "dvar2": 0.0050946418196, "min": 0}, "gfcc": {"mean": [-40.0366020203, 94.0933761597, -90.182144165, 26.2592201233, -53.4819717407, 10.7687702179, -36.1468238831, 3.78924107552, -20.8085269928, 2.92527961731, -17.3964500427, -1.75902533531, -11.721786499], "cov": [[29443.7578125, 569.64855957, -1153.18725586, 338.663146973, -1318.95983887, -65.5964736938, -530.014587402, 132.660568237, -282.044586182, 115.810462952, -290.750152588, -60.481174469, -257.199371338], [569.64855957, 1101.86987305, -314.014190674, -18.9058513641, -11.4175043106, -48.7252311707, 25.4874038696, 2.85614418983, 14.5392341614, -36.6038131714, 49.2615966797, -67.7937164307, 3.99624848366], [-1153.18725586, -314.014190674, 654.137023926, 42.9435348511, 158.31993103, 11.1158685684, 55.1819992065, 13.5091953278, 27.0915737152, 30.7128505707, 14.8592472076, 47.3243751526, 7.82868289948], [338.663146973, -18.9058513641, 42.9435348511, 302.293701172, 38.5464553833, 19.1777667999, -27.8662948608, -37.6262626648, 14.2834758759, -1.63765370846, -5.76427793503, 7.20561742783, 29.2139949799], [-1318.95983887, -11.4175043106, 158.31993103, 38.5464553833, 301.010559082, 22.6460857391, 42.7856750488, 1.53136074543, 14.263212204, -3.1346373558, 8.82988548279, 26.7121181488, 20.8901443481], [-65.5964736938, -48.7252311707, 11.1158685684, 19.1777667999, 22.6460857391, 110.055587769, 23.5305423737, 12.6905288696, -0.62344378233, -2.70565128326, 1.86754798889, 3.61116576195, 3.90526604652], [-530.014587402, 25.4874038696, 55.1819992065, -27.8662948608, 42.7856750488, 23.5305423737, 158.647537231, 37.8950042725, 11.8383207321, 6.73549938202, 19.3615970612, 0.854134142399, -13.9748821259], [132.660568237, 2.85614418983, 13.5091953278, -37.6262626648, 1.53136074543, 12.6905288696, 37.8950042725, 85.4822998047, 20.5675678253, 4.59449243546, 0.628733992577, -2.60242819786, -1.71858203411], [-282.044586182, 14.5392341614, 27.0915737152, 14.2834758759, 14.263212204, -0.62344378233, 11.8383207321, 20.5675678253, 78.0640106201, 30.114906311, 3.52201724052, -12.9060773849, 0.812723755836], [115.810462952, -36.6038131714, 30.7128505707, -1.63765370846, -3.1346373558, -2.70565128326, 6.73549938202, 4.59449243546, 30.114906311, 76.8872299194, 16.551651001, -6.54317426682, -15.0681610107], [-290.750152588, 49.2615966797, 14.8592472076, -5.76427793503, 8.82988548279, 1.86754798889, 19.3615970612, 0.628733992577, 3.52201724052, 16.551651001, 68.4445419312, 17.8171749115, 3.54678010941], [-60.481174469, -67.7937164307, 47.3243751526, 7.20561742783, 26.7121181488, 3.61116576195, 0.854134142399, -2.60242819786, -12.9060773849, -6.54317426682, 17.8171749115, 63.504737854, 21.575088501], [-257.199371338, 3.99624848366, 7.82868289948, 29.2139949799, 20.8901443481, 3.90526604652, -13.9748821259, -1.71858203411, 0.812723755836, -15.0681610107, 3.54678010941, 21.575088501, 65.702255249]], "icov": [[6.33016825304e-05, -7.87540193414e-05, 3.11486437568e-05, -0.000162064257893, 0.00023631665681, -3.3211948903e-05, 0.00017385497631, -0.000316342979204, 0.000327156943968, -0.000310949399136, 0.000351488823071, -0.000301060121274, 0.000281009241007], [-7.87540193414e-05, 0.00143153371755, 0.000588089169469, 0.000148751816596, -0.000622464867774, 0.000722113647498, -0.000518480897881, 0.000354937772499, -0.000768105965108, 0.00137211324181, -0.00206426391378, 0.00204748031683, -0.000714310794137], [3.11486437568e-05, 0.000588089169469, 0.00222915504128, -0.000311471900204, -0.000868387520313, 0.00043026250205, -0.000474078726256, -0.000304542452795, -0.000345460401149, -0.000448102044174, -0.000251025485341, -0.000771017803345, 0.000269015523372], [-0.000162064257893, 0.000148751816596, -0.000311471900204, 0.00432843156159, -0.00084436382167, -0.000825183524285, -3.70578527509e-05, 0.00278115272522, -0.00202459446155, 0.000835388374981, -0.000439899624325, 0.000797264976427, -0.00217000255361], [0.00023631665681, -0.000622464867774, -0.000868387520313, -0.00084436382167, 0.00510575715452, -0.000806132040452, -0.000254508573562, -0.000600451312494, 0.000519044755492, -0.000821263762191, 0.00179182935972, -0.00240106275305, 0.000293509598123], [-3.3211948903e-05, 0.000722113647498, 0.00043026250205, -0.000825183524285, -0.000806132040452, 0.0101599171758, -0.00149555318058, -0.00136895675678, 0.000489200232551, 0.000705952232238, -0.000957490352448, 0.000898291415069, -0.00064722308889], [0.00017385497631, -0.000518480897881, -0.000474078726256, -3.70578527509e-05, -0.000254508573562, -0.00149555318058, 0.00870360061526, -0.00393171189353, 0.000728442275431, -0.000471088016639, -0.00102996721398, -0.000704138539732, 0.00287308148108], [-0.000316342979204, 0.000354937772499, -0.000304542452795, 0.00278115272522, -0.000600451312494, -0.00136895675678, -0.00393171189353, 0.0167079269886, -0.00594249321148, 0.00218920479529, -0.000596970727202, 0.00102972891182, -0.002317575505], [0.000327156943968, -0.000768105965108, -0.000345460401149, -0.00202459446155, 0.000519044755492, 0.000489200232551, 0.000728442275431, -0.00594249321148, 0.0195933487266, -0.00856595207006, 0.00212546018884, 0.00232588103972, -0.00101119512692], [-0.000310949399136, 0.00137211324181, -0.000448102044174, 0.000835388374981, -0.000821263762191, 0.000705952232238, -0.000471088016639, 0.00218920479529, -0.00856595207006, 0.0199361871928, -0.0073148724623, 0.00331061100587, 0.00254333694465], [0.000351488823071, -0.00206426391378, -0.000251025485341, -0.000439899624325, 0.00179182935972, -0.000957490352448, -0.00102996721398, -0.000596970727202, 0.00212546018884, -0.0073148724623, 0.0216746535152, -0.00911832880229, 0.0010998242069], [-0.000301060121274, 0.00204748031683, -0.000771017803345, 0.000797264976427, -0.00240106275305, 0.000898291415069, -0.000704138539732, 0.00102972891182, 0.00232588103972, 0.00331061100587, -0.00911832880229, 0.0252461917698, -0.008046050556], [0.000281009241007, -0.000714310794137, 0.000269015523372, -0.00217000255361, 0.000293509598123, -0.00064722308889, 0.00287308148108, -0.002317575505, -0.00101119512692, 0.00254333694465, 0.0010998242069, -0.008046050556, 0.0209706835449]]}, "silence_rate_20dB": {"dvar": 0, "var": 0, "median": 1, "max": 1, "dmean": 0, "dmean2": 0, "mean": 1, "dvar2": 0, "min": 1}, "barkbands_skewness": {"dvar": 7.64976787567, "var": 57.0856742859, "median": 1.94194459915, "max": 165.993789673, "dmean": 0.640728592873, "dmean2": 0.999905347824, "mean": 2.59108328819, "dvar2": 19.8663368225, "min": -4.46173238754}, "erbbands_skewness": {"dvar": 0.282356590033, "var": 0.871098041534, "median": 0.614584922791, "max": 16.636680603, "dmean": 0.339737981558, "dmean2": 0.510915696621, "mean": 0.674245476723, "dvar2": 0.635269522667, "min": -4.86350774765}, "spectral_contrast_valleys": {"dvar": [0.151260495186, 0.138550311327, 0.134735301137, 0.130321979523, 0.155188456178, 0.182644963264], "var": [4.70508384705, 4.8583817482, 4.53383398056, 4.35045909882, 4.50299692154, 4.15169477463], "median": [-6.82936906815, -6.75812530518, -7.74049186707, -8.04601478577, -8.01529312134, -10.2165365219], "max": [-5.30541658401, -4.80698490143, -5.19198036194, -6.00009489059, -5.5917339325, -6.69486999512], "dmean": [0.353743731976, 0.328792244196, 0.321277648211, 0.295720666647, 0.284187406301, 0.344928085804], "dmean2": [0.589068591595, 0.53207886219, 0.509813189507, 0.45127889514, 0.403563499451, 0.410534054041], "mean": [-7.34519577026, -7.20380973816, -8.13677310944, -8.39442157745, -8.34335708618, -10.5504817963], "dvar2": [0.331000298262, 0.297416299582, 0.279407799244, 0.2593755126, 0.291759192944, 0.295332759619], "min": [-28.3708114624, -28.2770404816, -27.7706317902, -27.6799602509, -27.6440601349, -27.445394516]}, "spectral_strongpeak": {"dvar": 0.32466802001, "var": 1.08800530434, "median": 0.355956494808, "max": 11.9999628067, "dmean": 0.356796294451, "dmean2": 0.587812662125, "mean": 0.773109793663, "dvar2": 0.761309146881, "min": 0}, "erbbands_crest": {"dvar": 6.41959953308, "var": 20.0943927765, "median": 7.95349168777, "max": 35.7714195251, "dmean": 2.57013750076, "dmean2": 4.05088615417, "mean": 9.08172702789, "dvar2": 15.233127594, "min": 2.18675017357}, "barkbands_crest": {"dvar": 4.3663611412, "var": 13.1025238037, "median": 8.96718978882, "max": 26.9437007904, "dmean": 2.26290750504, "dmean2": 3.69189333916, "mean": 9.70940876007, "dvar2": 11.3069543839, "min": 2.73924827576}, "spectral_energyband_middle_low": {"dvar": 5.12787191838e-05, "var": 0.000210770886042, "median": 0.00970871187747, "max": 0.114358976483, "dmean": 0.00486752716824, "dmean2": 0.00746385380626, "mean": 0.0144014824182, "dvar2": 0.000117946816317, "min": 1.4040195616e-22}, "spectral_contrast_coeffs": {"dvar": [0.00151052849833, 0.0013154206099, 0.000937311095186, 0.000644887564704, 0.000320857623592, 0.000313821597956], "var": [0.00707994354889, 0.0083306953311, 0.00586492661387, 0.0034328235779, 0.00220720097423, 0.00188760226592], "median": [-0.653059720993, -0.715833306313, -0.752685546875, -0.780570864677, -0.807212173939, -0.783185839653], "max": [-0.345132112503, -0.333944499493, -0.451675117016, -0.493783801794, -0.560753583908, -0.565398991108], "dmean": [0.0465396009386, 0.0436983369291, 0.0369624085724, 0.0300462245941, 0.0204208213836, 0.0182604305446], "dmean2": [0.0772966444492, 0.0702312141657, 0.0584478266537, 0.0477960780263, 0.0322556197643, 0.0289614908397], "mean": [-0.652033150196, -0.70910102129, -0.745576024055, -0.776795387268, -0.803595900536, -0.784790277481], "dvar2": [0.00412750197574, 0.00328536308371, 0.00224600383081, 0.00153422437143, 0.000735587324016, 0.000761940726079], "min": [-0.981837391853, -0.980105340481, -0.985103189945, -0.993405938148, -0.981671333313, -0.980396807194]}, "hfc": {"dvar": 122.194160461, "var": 566.13092041, "median": 9.13209438324, "max": 537.874206543, "dmean": 4.79334449768, "dmean2": 6.32977771759, "mean": 15.3807640076, "dvar2": 196.652374268, "min": 1.07666973348e-16}, "spectral_energyband_high": {"dvar": 1.80854965492e-06, "var": 7.0962009886e-06, "median": 0.000179454596946, "max": 0.0689239501953, "dmean": 0.000354247429641, "dmean2": 0.000446438585641, "mean": 0.000724436307792, "dvar2": 2.71812746178e-06, "min": 6.92413761207e-23}, "erbbands_spread": {"dvar": 96.625, "var": 366.776184082, "median": 38.4203796387, "max": 148.482528687, "dmean": 8.60310459137, "dmean2": 12.5102443695, "mean": 41.2733955383, "dvar2": 200.556213379, "min": 2.92864203453}, "dissonance": {"dvar": 0.000434059882537, "var": 0.00115669250954, "median": 0.461597681046, "max": 0.500000119209, "dmean": 0.0208166595548, "dmean2": 0.0345955267549, "mean": 0.454048097134, "dvar2": 0.00114096235484, "min": 0}, "spectral_kurtosis": {"dvar": 2.32568526268, "var": 7.44878053665, "median": 4.18736457825, "max": 29.7437210083, "dmean": 1.26760971546, "dmean2": 2.01816606522, "mean": 4.64796257019, "dvar2": 5.59156894684, "min": -1.26269638538}, "spectral_skewness": {"dvar": 0.0438340939581, "var": 0.234086602926, "median": 1.70849215984, "max": 4.25410223007, "dmean": 0.198017925024, "dmean2": 0.299344718456, "mean": 1.72170579433, "dvar2": 0.0934389829636, "min": -0.18531934917}, "pitch_salience": {"dvar": 0.00312548293732, "var": 0.010508726351, "median": 0.577311515808, "max": 0.872466802597, "dmean": 0.0632206499577, "dmean2": 0.103344611824, "mean": 0.572574138641, "dvar2": 0.00817601475865, "min": 1.64205539477e-05}, "spectral_complexity": {"dvar": 8.95392608643, "var": 59.2904396057, "median": 13, "max": 54, "dmean": 2.41954350471, "dmean2": 3.73516798019, "mean": 13.362827301, "dvar2": 17.6790027618, "min": 0}, "spectral_spread": {"dvar": 1521507631100.0, "var": 11784234729500.0, "median": 4926978, "max": 49640960, "dmean": 712038.3125, "dmean2": 956669.8125, "mean": 5454037, "dvar2": 2961515216900.0, "min": 1973818.375}, "dynamic_complexity": 5.32986402512, "melbands_crest": {"dvar": 6.60525608063, "var": 22.1294879913, "median": 12.6337528229, "max": 40, "dmean": 2.84911513329, "dmean2": 4.64400720596, "mean": 13.2773942947, "dvar2": 17.2863178253, "min": 1.6025813818}, "zerocrossingrate": {"dvar": 0.000188278892892, "var": 0.00238084071316, "median": 0.0439453125, "max": 0.53125, "dmean": 0.010173484683, "dmean2": 0.0118204215541, "mean": 0.0530746988952, "dvar2": 0.000220178058953, "min": 0}, "spectral_energyband_low": {"dvar": 4.88955556648e-05, "var": 6.06116482231e-05, "median": 0.00557445269078, "max": 0.0813310071826, "dmean": 0.00362000474706, "dmean2": 0.00606949720532, "mean": 0.00736549170688, "dvar2": 0.000128278727061, "min": 7.48070801078e-24}, "melbands_kurtosis": {"dvar": 66382825548400000, "var": 244016608417000000, "median": 11.3983097076, "max": 21260296192, "dmean": 4874353.5, "dmean2": 9337403, "mean": 12977024, "dvar2": 128141251219000000, "min": -1.9244761467}, "spectral_energyband_middle_high": {"dvar": 2.81205734609e-06, "var": 2.21605823754e-05, "median": 0.00152973039076, "max": 0.0803305953741, "dmean": 0.000874372199178, "dmean2": 0.0012722533429, "mean": 0.0029027259443, "dvar2": 5.11416692461e-06, "min": 1.18122673845e-21}, "barkbands_spread": {"dvar": 41.9077415466, "var": 139.642730713, "median": 14.5358419418, "max": 112.173591614, "dmean": 4.5714058876, "dmean2": 6.77631139755, "mean": 17.0418357849, "dvar2": 83.4377212524, "min": 0.00306498934515}, "mfcc": {"mean": [-682.008605957, 127.565261841, 18.0726490021, 21.4348526001, 5.27956628799, 7.11334562302, -2.84122014046, -0.54978531599, 0.0452182516456, 0.939022302628, -0.485566586256, -1.35791826248, -1.95925951004], "cov": [[14423.5732422, 1198.3326416, 111.003799438, 208.249313354, -350.208404541, -103.152877808, -197.341003418, -87.7101821899, -5.30041217804, -2.04857540131, -1.92729640007, 83.1372146606, 29.1762638092], [1198.3326416, 1276.83520508, -116.888633728, 58.5490188599, -31.1763076782, -38.9849205017, 22.0387458801, 16.6223526001, -19.6107826233, 30.1459617615, 40.8392791748, 2.67618656158, 0.600458979607], [111.003799438, -116.888633728, 365.16305542, 51.2816429138, 29.715423584, 17.6266460419, 0.500376701355, -5.12772369385, 8.10187149048, -12.4753141403, 1.43091952801, 17.9401550293, 11.8480920792], [208.249313354, 58.5490188599, 51.2816429138, 242.477798462, 77.4905776978, 59.9782943726, -3.10042572021, 4.71350049973, 4.78576278687, -0.146647408605, -5.18467283249, -2.47642374039, -4.77979898453], [-350.208404541, -31.1763076782, 29.715423584, 77.4905776978, 217.405883789, 50.2149276733, -1.23725092411, 2.79616475105, 12.6756153107, -6.15493488312, -19.7832374573, -21.0132751465, -7.77114200592], [-103.152877808, -38.9849205017, 17.6266460419, 59.9782943726, 50.2149276733, 120.267684937, 21.4083938599, 7.21804666519, -0.360333621502, 5.65631484985, 8.95365810394, 1.38495755196, -11.3847999573], [-197.341003418, 22.0387458801, 0.500376701355, 