{"tonal": {"chords_key": "D", "hpcp_entropy": {"dmean": 0.460017263889, "dmean2": 0.7672727108, "max": 3.52147507668, "dvar": 0.178952887654, "mean": 1.42232263088, "dvar2": 0.429585427046, "min": 0, "var": 0.382607221603, "median": 1.46193003654}, "key_key": "C#", "chords_strength": {"dmean": 0.0051736314781, "dmean2": 0.0047994130291, "max": 0.726348042488, "dvar": 0.000294413795928, "mean": 0.498747050762, "dvar2": 0.000568296993151, "min": -1, "var": 0.016911437735, "median": 0.512218356133}, "key_scale": "major", "chords_number_rate": 0.00168596161529, "thpcp": [1, 0.578352451324, 0.489419788122, 0.865525960922, 0.591941177845, 0.565592288971, 0.869843244553, 0.530288040638, 0.541264474392, 0.85334277153, 0.488655209541, 0.200815677643, 0.25743457675, 0.23568533361, 0.607678294182, 0.850322365761, 0.428307175636, 0.427134394646, 0.640426635742, 0.347505986691, 0.487427443266, 0.775780200958, 0.417330086231, 0.43924292922, 0.819532871246, 0.555507838726, 0.361610591412, 0.468588680029, 0.266324877739, 0.315678268671, 0.552092254162, 0.365390986204, 0.187816753983, 0.212862983346, 0.181694477797, 0.601191997528], "key_strength": 0.479758292437, "tuning_nontempered_energy_ratio": 0.606311917305, "tuning_frequency": 439.745910645, "chords_changes_rate": 0.0270877815783, "tuning_diatonic_strength": 0.249304592609, "chords_scale": "minor", "chords_histogram": [2.50646281242, 6.74384641647, 6.23805761337, 11.284702301, 2.29290771484, 9.90221405029, 0.741823077202, 12.7458696365, 4.54085636139, 0.0561987198889, 2.86613464355, 0.0112397437915, 1.75339996815, 0.0337192304432, 0.640665411949, 9.34022712708, 0.719343602657, 9.35146713257, 0.303473085165, 4.76565122604, 0.269753843546, 9.43014526367, 3.30448460579, 0.157356411219], "tuning_equal_tempered_deviation": 0, "hpcp": {"dmean": [0.0583927519619, 0.0427296347916, 0.0479233711958, 0.0630604848266, 0.0512360297143, 0.033388260752, 0.0350055731833, 0.0354331620038, 0.0604155510664, 0.0679053515196, 0.0689262747765, 0.0643979907036, 0.0642043724656, 0.0635280683637, 0.0641535967588, 0.0619475357234, 0.0625424906611, 0.0665054917336, 0.0735727921128, 0.0630437731743, 0.0410236008465, 0.0411234647036, 0.0406219959259, 0.066162802279, 0.0749809220433, 0.0609734021127, 0.0497730523348, 0.0432338900864, 0.0404438339174, 0.052537035197, 0.0639258623123, 0.0566634871066, 0.0606334619224, 0.0632292553782, 0.0640129894018, 0.0562782734632], "dmean2": [0.0925923660398, 0.0704958215356, 0.0770229920745, 0.0992067158222, 0.0825527384877, 0.055068012327, 0.0561127774417, 0.0594449415803, 0.0985368862748, 0.107879981399, 0.112781912088, 0.105364911258, 0.101709879935, 0.102709554136, 0.103477932513, 0.09938737005, 0.104650102556, 0.108852744102, 0.118682451546, 0.103906653821, 0.0691211894155, 0.067237123847, 0.0679574012756, 0.106871239841, 0.117948107421, 0.0998720824718, 0.0831130668521, 0.0710362717509, 0.0690796151757, 0.0853493288159, 0.100885227323, 0.0943074375391, 0.10235350579, 0.102351926267, 0.105948224664, 0.0914178714156], "max": [1, 1, 1, 1, 1, 1, 1, 1, 1, 1, 1, 1, 1, 1, 1, 1, 1, 1, 1, 1, 1, 1, 1, 1, 1, 1, 1, 1, 1, 1, 1, 1, 1, 1, 1, 1], "dvar": [0.0167218428105, 0.00873938202858, 0.00907637551427, 0.0187370236963, 0.0118520744145, 0.0060619590804, 0.00943792331964, 0.00648183468729, 0.0121461544186, 0.0205121729523, 0.0147315561771, 0.0119115924463, 0.0188965443522, 0.0137284705415, 0.0130300475284, 0.0198493562639, 0.0136201027781, 0.0130284596235, 0.0242577604949, 0.0151997143403, 0.0103041091934, 0.0136860674247, 0.00950790196657, 0.0136673329398, 0.0223600566387, 0.0135779092088, 0.010623736307, 0.0131938913837, 0.00729013327509, 0.00967993866652, 0.0187435224652, 0.0121476287022, 0.0137914866209, 0.0191421695054, 0.0150990467519, 0.0113462740555], "mean": [0.108597062528, 0.0617217235267, 0.07315954566, 0.127949312329, 0.0846806392074, 0.0435271896422, 0.0493317395449, 0.0421083308756, 0.139328345656, 0.231753498316, 0.134035199881, 0.113424748182, 0.200588673353, 0.13718444109, 0.131077989936, 0.201589211822, 0.122896105051, 0.125439941883, 0.197765171528, 0.113247551024, 0.046539735049, 0.0596613660455, 0.05462089926, 0.140831574798, 0.197065189481, 0.0992616862059, 0.0989898890257, 0.148421108723, 0.0805357247591, 0.112963013351, 0.17978978157, 0.0967177078128, 0.101796083152, 0.18992960453, 0.128740891814, 0.0838045179844], "dvar2": [0.0356548801064, 0.0214164592326, 0.0217191055417, 0.0386245287955, 0.0285301860422, 0.0152491349727, 0.020814049989, 0.016393084079, 0.030621971935, 0.0431685298681, 0.0375180393457, 0.0307951588184, 0.0390554592013, 0.0340757705271, 0.0316476412117, 0.0401234813035, 0.0346688106656, 0.0330342799425, 0.050779543817, 0.0372124835849, 0.0262287724763, 0.0286499746144, 0.0233815722167, 0.0343428105116, 0.0449100919068, 0.0330654494464, 0.0266729108989, 0.0297953672707, 0.0197518784553, 0.0235044378787, 0.0404705405235, 0.0318088009953, 0.0377196967602, 0.0423364527524, 0.0382094681263, 0.0275002960116], "min": [0, 0, 0, 0, 0, 0, 0, 0, 0, 0, 0, 0, 0, 0, 0, 0, 0, 0, 0, 0, 0, 0, 0, 0, 0, 0, 0, 0, 0, 0, 0, 0, 0, 0, 0, 0], "var": [0.0489066317677, 0.017258387059, 0.0188378430903, 0.0623020753264, 0.0290466360748, 0.00949945673347, 0.0173822380602, 0.00860833562911, 0.0458739250898, 0.126573368907, 0.0419038161635, 0.0322348885238, 0.113184653223, 0.0561864301562, 0.0447693094611, 0.119533114135, 0.0424944274127, 0.0422645583749, 0.109205000103, 0.0394028089941, 0.0122090931982, 0.0285247787833, 0.015897937119, 0.0435931570828, 0.0956254005432, 0.0297088120133, 0.0345485135913, 0.0945809781551, 0.0266042631119, 0.0400358103216, 0.0978854000568, 0.0279824901372, 0.0314222499728, 0.109717480838, 0.0493765287101, 0.0213565584272], "median": [0.00938758347183, 0.0103219514713, 0.0146012473851, 0.0175270941108, 0.0147956367582, 0.0078428350389, 0.00626092543826, 0.0108702965081, 0.0267669986933, 0.0268661659211, 0.0261200852692, 0.0241031348705, 0.0124736176804, 0.0159548912197, 0.0244980994612, 0.0113683817908, 0.0208892077208, 0.0279240030795, 0.0202692076564, 0.0146137988195, 0.00878767576069, 0.00590928504243, 0.0134048834443, 0.0434653125703, 0.04641199857, 0.0213299095631, 0.00936744734645, 0.00607431167737, 0.00907928775996, 0.0154804429039, 0.017313061282, 0.0166782345623, 0.0129802152514, 0.00982471928, 0.0159013196826, 0.0209725014865]}}, "lowlevel": {"melbands_flatness_db": {"dmean": 0.0257071964443, "dmean2": 0.0393511727452, "max": 0.545453131199, "dvar": 0.000773729407229, "mean": 0.291046559811, "dvar2": 0.00181596225593, "min": 0.00928719528019, "var": 0.00489278370515, "median": 0.290121644735}, "melbands_crest": {"dmean": 2.17574381828, "dmean2": 3.33752965927, "max": 32.2606658936, "dvar": 4.1051659584, "mean": 13.3423500061, "dvar2": 10.5621671677, "min": 2.69467067719, "var": 22.1406612396, "median": 12.4568891525}, "spectral_entropy": {"dmean": 0.220030590892, "dmean2": 0.341820180416, "max": 9.80554962158, "dvar": 0.0606258437037, "mean": 6.64856290817, "dvar2": 0.144611641765, "min": 4.74154376984, "var": 0.280651301146, "median": 6.65778827667}, "melbands": {"dmean": [0.000113747046271, 0.000234055245528, 0.000256596249528, 0.000217773442273, 0.000214609593968, 0.000187450801604, 0.000143005832797, 0.000107004176243, 8.93194519449e-05, 5.65694645047e-05, 6.13589945715e-05, 5.38399872312e-05, 5.46815863345e-05, 8.28765914775e-05, 5.48889474885e-05, 3.52004135493e-05, 2.20509409701e-05, 2.20883321163e-05, 1.46617376231e-05, 1.37358383654e-05, 8.99895803741e-06, 5.76506818106e-06, 3.22641085404e-06, 2.20679839913e-06, 8.18544378944e-07, 1.0461922102e-06, 1.67111738847e-06, 1.53366090672e-06, 7.92602122601e-07, 5.32624653715e-07, 2.00050635613e-07, 1.06963554458e-07, 8.69183907071e-08, 8.35625115769e-08, 7.70012889006e-08, 6.96412314483e-08, 4.76090029622e-08, 2.68434607875e-08, 4.59355788962e-08, 4.20288621683e-08], "dmean2": [0.000152566281031, 0.000359806144843, 0.000400293676648, 0.000341951905284, 0.000297108985251, 0.00027678909828, 0.000202826660825, 0.000147949715029, 0.000115401504445, 8.06590614957e-05, 8.8066321041e-05, 7.34314089641e-05, 7.77509703767e-05, 0.000117631323519, 7.83734867582e-05, 5.09956298629e-05, 3.22199121001e-05, 3.30114780809e-05, 2.18490931729e-05, 2.04069110623e-05, 1.34672891363e-05, 8.95013363333e-06, 4.85529108118e-06, 3.26762983605e-06, 1.30458386138e-06, 1.63951631293e-06, 2.52180302596e-06, 2.1815042146e-06, 1.11665349323e-06, 7.64378228268e-07, 3.18183225545e-07, 1.79937359235e-07, 1.42866085184e-07, 1.38417675544e-07, 1.24991572648e-07, 1.13170848692e-07, 8.09225397802e-08, 4.68459617764e-08, 7.49360680175e-08, 7.02698841337e-08], "max": [0.00921520404518, 0.0132678579539, 0.0120465988293, 0.00880001671612, 0.0204109121114, 0.0153364222497, 0.0109442127869, 0.0066075171344, 0.00420644925907, 0.00252370396629, 0.00259718974121, 0.0037216686178, 0.0043957750313, 0.0110513623804, 0.0068988869898, 0.00467056920752, 0.00408854102716, 0.0039191422984, 0.00213314662687, 0.00176178792026, 0.00158366630785, 0.000608389673289, 0.000452025182312, 0.000496839697007, 0.000108883155917, 0.000104561760963, 0.000314116798108, 0.000342333019944, 0.000149028084707, 0.000125240971101, 3.52674651367e-05, 8.01027636044e-06, 1.40651764013e-05, 6.31163857179e-06, 7.27656970412e-06, 7.57952102504e-06, 3.59019941243e-06, 1.7061042854e-06, 5.94526773057e-06, 4.88848991154e-06], "dvar": [4.74390091654e-08, 2.25260507136e-07, 1.66227721365e-07, 1.43250545648e-07, 1.95279881154e-07, 1.8576849925e-07, 7.75062005687e-08, 3.61585605901e-08, 2.41759288144e-08, 1.2361321744e-08, 1.39527873699e-08, 1.34164137577e-08, 2.23370602015e-08, 6.79087435174e-08, 2.28534471347e-08, 1.84560562388e-08, 5.60438673247e-09, 5.27510435333e-09, 2.19044360428e-09, 2.42212161439e-09, 7.15325465528e-10, 2.4306012758e-10, 9.96365420725e-11, 7.64216259719e-11, 7.81607330941e-12, 1.12115238968e-11, 4.24596156845e-11, 4.02624947271e-11, 1.10046581223e-11, 6.81654906132e-12, 6.43594118971e-13, 7.77764828995e-14, 6.39644384009e-14, 5.88164703031e-14, 7.27046528992e-14, 4.5091206024e-14, 1.91028121869e-14, 6.03510000831e-15, 2.91852825273e-14, 2.83696304567e-14], "mean": [0.000488620251417, 0.0011897191871, 0.000703498197254, 0.000552973360755, 0.000676714698784, 0.000514162820764, 0.000368443434127, 0.000252037774771, 0.000200994007173, 0.000104015955003, 0.000105487408291, 0.000106047787995, 0.000116718991194, 0.000197684988962, 0.000127698469441, 6.64423423586e-05, 4.78352012578e-05, 4.51986888947e-05, 3.14350691042e-05, 3.19229948218e-05, 1.96769997274e-05, 1.19803198686e-05, 6.87206966177e-06, 4.83235089632e-06, 1.36337200729e-06, 2.0046040845e-06, 3.52239158019e-06, 3.97005305786e-06, 1.77765650733e-06, 1.08228505269e-06, 2.83217843844e-07, 1.4596733422e-07, 1.23256896245e-07, 1.03782596739e-07, 9.47275822227e-08, 1.07438246744e-07, 8.24948003242e-08, 3.31728138292e-08, 7.39639176572e-08, 6.3368460701e-08], "dvar2": [1.31741231257e-07, 6.75362343827e-07, 4.51168062909e-07, 3.71341258187e-07, 3.94487585709e-07, 4.77664229948e-07, 1.73142993276e-07, 7.60203917594e-08, 3.89865775219e-08, 2.53708964948e-08, 2.85983645654e-08, 2.44851285913e-08, 4.51363568743e-08, 1.3831103729e-07, 4.58189504116e-08, 3.75551962861e-08, 1.07749791312e-08, 1.16211360535e-08, 4.33227809182e-09, 5.20430143425e-09, 1.37302080816e-09, 5.30022026268e-10, 2.08249945066e-10, 1.68937794309e-10, 2.03973695573e-11, 2.68446063989e-11, 8.96919552518e-11, 8.38668301473e-11, 2.03504869206e-11, 1.23042505004e-11, 1.26179741568e-12, 1.93345448159e-13, 1.39959116345e-13, 1.31248215963e-13, 1.57338782302e-13, 1.04807235481e-13, 5.18947169579e-14, 1.60702902401e-14, 6.90289093789e-14, 6.98466959726e-14], "min": [2.05661836119e-24, 2.38857773542e-24, 2.541310673e-24, 7.27528153131e-24, 1.34921783628e-23, 8.64885718354e-24, 6.0721436164e-24, 1.0907242104e-23, 3.36502739732e-24, 9.60533840934e-24, 1.07835416143e-23, 1.45842395347e-23, 6.3661343264e-24, 1.13996782689e-23, 2.53402648918e-23, 1.35037430637e-23, 2.78180280857e-24, 6.61492646198e-24, 4.96335859334e-24, 1.4025838032e-23, 1.38399114053e-23, 9.13015542131e-24, 8.52822851822e-24, 1.0864292572e-23, 1.59396729638e-23, 1.04468762904e-23, 5.34912538106e-24, 6.66603399902e-24, 8.35164121572e-24, 6.70007413594e-24, 7.45795252911e-24, 1.29531899382e-23, 8.41586159315e-24, 8.43787633444e-24, 8.60088576303e-24, 9.3958193195e-24, 1.1898215484e-23, 1.48388980344e-23, 1.06391871684e-23, 1.09837963217e-23], "var": [3.14571423132e-07, 2.81334382635e-06, 8.28345889659e-07, 6.50856406992e-07, 1.4030837292e-06, 6.88062016252e-07, 3.16578223192e-07, 1.21194034364e-07, 9.51913392555e-08, 3.02178513323e-08, 3.43862538443e-08, 5.06230648512e-08, 7.50811466332e-08, 3.84102037287e-07, 1.2972216723e-07, 5.49475878131e-08, 3.40924373177e-08, 2.42449935683e-08, 9.82303394181e-09, 1.23686314524e-08, 3.77579612021e-09, 1.13842413274e-09, 4.34396102422e-10, 3.52064211118e-10, 1.42555229773e-11, 3.42529234143e-11, 1.47068829337e-10, 2.69055361324e-10, 5.23823102949e-11, 3.43537316649e-11, 1.60606423993e-12, 1.66791683546e-13, 1.69870627981e-13, 9.00939614796e-14, 1.001048677e-13, 7.70799643188e-14, 3.98430644217e-14, 7.37205892984e-15, 4.66812054506e-14, 3.38141414012e-14], "median": [0.000315629324177, 0.000556643877644, 0.000436687318143, 0.000273976882454, 0.000270461197942, 0.000217574663111, 0.000194907392142, 0.000133565525175, 9.82668207143e-05, 4.3957890739e-05, 4.14537644247e-05, 3.23366803059e-05, 2.99238217849e-05, 3.85740568163e-05, 2.32218699239e-05, 8.97390418686e-06, 6.39369272903e-06, 5.83831069889e-06, 4.09718904848e-06, 3.14945418722e-06, 2.88075739263e-06, 2.04988145924e-06, 8.39868960156e-07, 3.60208957773e-07, 2.60595328427e-07, 2.55152997397e-07, 3.48337607647e-07, 2.10284028412e-07, 1.10299495759e-07, 5.87734803048e-08, 3.49897995022e-08, 2.29520971118e-08, 1.78277375085e-08, 2.02651655457e-08, 1.70805236621e-08, 1.63490145866e-08, 1.06570166025e-08, 6.58564891509e-09, 8.92066953639e-09, 9.02334029718e-09]}, "silence_rate_60dB": {"dmean": 0.00888039544225, "dmean2": 0.0177617892623, "max": 1, "dvar": 0.0087991245091, "mean": 0.0917776674032, "dvar2": 0.0217208806425, "min": 0, "var": 0.0833535343409, "median": 0}, "spectral_energyband_middle_high": {"dmean": 0.00177064188756, "dmean2": 0.00247009238228, "max": 0.137471780181, "dvar": 1.31549359139e-05, "mean": 0.00565204676241, "dvar2": 2.57482879533e-05, "min": 1.56862756949e-21, "var": 0.000107008992927, "median": 0.00216097477823}, "erbbands_skewness": {"dmean": 0.325675159693, "dmean2": 0.485538303852, "max": 7.31286239624, "dvar": 0.091491818428, "mean": 0.491916686296, "dvar2": 0.206992313266, "min": -3.54906129837, "var": 0.926795184612, "median": 0.388129651546}, "dynamic_complexity": 4.24096727371, "dissonance": {"dmean": 0.0284396652132, "dmean2": 0.0476656407118, "max": 0.500000119209, "dvar": 0.000772211700678, "mean": 0.429118275642, "dvar2": 0.00208175112493, "min": 0.0950484573841, "var": 0.0022213361226, "median": 0.439085841179}, "spectral_skewness": {"dmean": 0.543151438236, "dmean2": 0.889375507832, "max": 8.00092792511, "dvar": 0.313103288412, "mean": 2.9276509285, "dvar2": 0.814452946186, "min": -0.00076577445725, "var": 0.956200063229, "median": 2.80384802818}, "spectral_kurtosis": {"dmean": 6.76451635361, "dmean2": 11.2745285034, "max": 103.003440857, "dvar": 62.0666389465, "mean": 16.7174816132, "dvar2": 166.354751587, "min": -1.22645747662, "var": 133.800720215, "median": 13.5667457581}, "gfcc": {"cov": [[18166.6503906, 1035.63708496, -1275.35949707, 150.550720215, 367.28604126, 207.524765015, -65.42578125, 72.7300109863, -165.467803955, 220.139846802, 98.5457992554, -30.8727474213, -6.30707168579], [1035.63708496, 1813.34814453, -163.473815918, -22.9726963043, 104.884262085, -142.509002686, 45.8061637878, -134.017089844, 155.658370972, -146.069046021, 31.8531646729, -67.9106140137, 35.7812271118], [-1275.35949707, -163.473815918, 1471.35424805, 93.7255325317, -43.424621582, 145.899261475, -19.2045631409, 170.059494019, 10.0018129349, 53.7364387512, -3.21899437904, 31.8551425934, -45.5946464539], [150.550720215, -22.9726963043, 93.7255325317, 461.380462646, 162.021224976, 63.0257835388, 59.4483261108, -3.08790159225, 1.28546774387, 49.8874359131, 20.6712989807, 8.09102725983, 17.3602428436], [367.28604126, 104.884262085, -43.424621582, 162.021224976, 337.329559326, 89.871383667, 46.1377944946, 11.7854061127, -10.5309915543, 9.56735229492, 10.5654735565, 8.66441822052, 13.0555295944], [207.524765015, -142.509002686, 145.899261475, 63.0257835388, 89.871383667, 214.83203125, 62.2067070007, 74.7433319092, 7.67069292068, 24.8323974609, -10.3187208176, 0.678577125072, -19.7301311493], [-65.42578125, 45.8061637878, -19.2045631409, 59.4483261108, 46.1377944946, 62.2067070007, 130.67427063, 44.1489181519, 25.4281635284, 4.75739431381, 5.66335535049, -8.21588039398, -0.682030916214], [72.7300109863, -134.017089844, 170.059494019, -3.08790159225, 11.7854061127, 74.7433319092, 44.1489181519, 164.145797729, 26.7487182617, 28.4177017212, 1.93861556053, -4.28016710281, -14.9254016876], [-165.467803955, 155.658370972, 10.0018129349, 1.28546774387, -10.5309915543, 7.67069292068, 25.4281635284, 26.7487182617, 149.110046387, 35.000453949, 7.28406667709, -5.1718120575, -6.67824077606], [220.139846802, -146.069046021, 53.7364387512, 49.8874359131, 9.56735229492, 24.8323974609, 4.75739431381, 28.4177017212, 35.000453949, 125.190322876, 50.9204978943, 21.4364852905, 0.496763318777], [98.5457992554, 31.8531646729, -3.21899437904, 20.6712989807, 10.5654735565, -10.3187208176, 5.66335535049, 1.93861556053, 7.28406667709, 50.9204978943, 90.8488006592, 35.1922607422, 17.5836334229], [-30.8727474213, -67.9106140137, 31.8551425934, 8.09102725983, 8.66441822052, 0.678577125072, -8.21588039398, -4.28016710281, -5.1718120575, 21.4364852905, 35.1922607422, 92.7146224976, 35.8736000061], [-6.30707168579, 35.7812271118, -45.5946464539, 17.3602428436, 13.0555295944, -19.7301311493, -0.682030916214, -14.9254016876, -6.67824077606, 0.496763318777, 17.5836334229, 35.8736000061, 72.6918334961]], "mean": [-85.4005508423, 144.672210693, -111.264755249, -4.90196037292, -42.8931655884, 1.08446490765, -31.2835979462, -2.55640649796, -21.5096969604, -1.19748902321, -9.44215774536, -3.81104445457, -7.15316057205], "icov": [[8.4442741354e-05, -0.000156088091899, 0.000132503701025, -4.55858498754e-05, 4.2611889512e-05, -0.000201749106054, 0.000235694242292, -0.000255336519331, 0.000362728547771, -0.00043932753033, 0.000179422670044, -0.000111337321869, 0.000113398476969], [-0.000156088091899, 0.00135820149444, -0.000426895916462, 0.000250209821388, -0.00069787382381, 0.000938213255722, -0.00088465452427, 0.0013756796252, -0.00228852685541, 0.00269929878414, -0.00187410565559, 0.00138605863322, -0.000814845669083], [0.000132503701025, -0.000426895916462, 0.00113714719191, -0.000447441940196, 0.000515546707902, -0.000898192403838, 0.00110981182661, -0.00145530351438, 0.000873538432643, -0.000953627226409, 0.000606591755059, -0.000902083818801, 0.000802183349151], [-4.55858498754e-05, 0.000250209821388, -0.000447441940196, 0.00307427719235, -0.00142099754885, 0.000210016791243, -0.00148784916382, 0.00126803445164, -0.000208177661989, -0.000839827174786, -0.000100344783277, 0.000684311031364, -0.000910172762815], [4.2611889512e-05, -0.00069787382381, 0.000515546707902, -0.00142099754885, 0.00450094416738, -0.00211444124579, 0.000342416315107, -0.000734126660973, 0.00136980216485, -0.000717619608622, 0.000403079407988, -0.000841961882543, -7.11012398824e-05], [-0.000201749106054, 0.000938213255722, -0.000898192403838, 0.000210016791243, -0.00211444124579, 0.00828420743346, -0.00345897534862, -0.000724784855265, -0.00113360397518, 0.00056611612672, 0.000881643441971, -0.000273306155577, 0.00116774486378], [0.000235694242292, -0.00088465452427, 0.00110981182661, -0.00148784916382, 0.000342416315107, -0.00345897534862, 0.0117117166519, -0.00358948647045, 3.40443912137e-05, -7.54765496822e-05, -0.000742309493944, 0.000396975519834, -0.000132825967739], [-0.000255336519331, 0.0013756796252, -0.00145530351438, 0.00126803445164, -0.000734126660973, -0.000724784855265, -0.00358948647045, 0.0104882707819, -0.00311404420063, 0.00134311511647, -0.00167335092556, 0.00198550499044, -0.000730353174731], [0.000362728547771, -0.00228852685541, 0.000873538432643, -0.000208177661989, 0.00136980216485, -0.00113360397518, 3.40443912137e-05, -0.00311404420063, 0.0116818584502, -0.0072733964771, 0.00379723659717, -0.00185747642536, 0.00168388278689], [-0.00043932753033, 0.00269929878414, -0.000953627226409, -0.000839827174786, -0.000717619608622, 0.00056611612672, -7.54765496822e-05, 0.00134311511647, -0.0072733964771, 0.0182824712247, -0.0104956207797, 0.00184489134699, -0.000371562869987], [0.000179422670044, -0.00187410565559, 0.000606591755059, -0.000100344783277, 0.000403079407988, 0.000881643441971, -0.000742309493944, -0.00167335092556, 0.00379723659717, -0.0104956207797, 0.0197687372565, -0.00658290367573, 4.62018797407e-05], [-0.000111337321869, 0.00138605863322, -0.000902083818801, 0.000684311031364, -0.000841961882543, -0.000273306155577, 0.000396975519834, 0.00198550499044, -0.00185747642536, 0.00184489134699, -0.00658290367573, 0.0173115357757, -0.00806691497564], [0.000113398476969, -0.000814845669083, 0.000802183349151, -0.000910172762815, -7.11012398824e-05, 0.00116774486378, -0.000132825967739, -0.000730353174731, 0.00168388278689, -0.000371562869987, 4.62018797407e-05, -0.00806691497564, 0.0191937778145]]}, "spectral_complexity": {"dmean": 1.7020008564, "dmean2": 2.71451854706, "max": 43, "dvar": 3.03930258751, "mean": 12.8304948807, "dvar2": 6.88810443878, "min": 0, "var": 38.6554069519, "median": 12}, "spectral_flux": {"dmean": 0.0142877567559, "dmean2": 0.0224552117288, "max": 0.309246718884, "dvar": 0.000271917582722, "mean": 0.0477321557701, "dvar2": 0.000713920919225, "min": 1.03114593253e-10, "var": 0.000884882174432, "median": 0.0431058444083}, "spectral_energyband_low": {"dmean": 0.00113526033238, "dmean2": 0.0017127005849, "max": 0.0558198392391, "dvar": 3.62898458661e-06, "mean": 0.00547755369917, "dvar2": 1.05339477159e-05, "min": 1.3740652193e-23, "var": 3.72458162019e-05, "median": 0.00361709366553}, "spectral_decrease": {"dmean": 1.02976571714e-09, "dmean2": 1.51877765919e-09, "max": 9.94729876434e-29, "dvar": 1.89999416236e-18, "mean": -5.32433430678e-09, "dvar2": 4.22154189876e-18, "min": -4.09580849237e-08, "var": 1.95665437996e-17, "median": -4.20827683811e-09}, "barkbands_spread": {"dmean": 2.1987798214, "dmean2": 3.36595749855, "max": 135.645553589, "dvar": 7.09081029892, "mean": 12.270942688, "dvar2": 15.8830270767, "min": 0.379566729069, "var": 144.570541382, "median": 10.4694185257}, "spectral_rms": {"dmean": 0.000419735035393, "dmean2": 0.000616286939476, "max": 0.0130254523829, "dvar": 2.0478231022e-07, "mean": 0.0041384017095, "dvar2": 4.63345884327e-07, "min": 3.22075872916e-12, "var": 3.63189269592e-06, "median": 0.00402656942606}, "spectral_centroid": {"dmean": 108.703109741, "dmean2": 167.721435547, "max": 11270.7167969, "dvar": 22009.9667969, "mean": 766.656921387, "dvar2": 47571.265625, "min": 153.99887085, "var": 226094.25, "median": 640.920410156}, "barkbands_skewness": {"dmean": 0.365435659885, "dmean2": 0.536154687405, "max": 14.5923919678, "dvar": 0.125025346875, "mean": 1.1725230217, "dvar2": 0.289807856083, "min": -2.16084098816, "var": 1.12804186344, "median": 1.08708834648}, "spectral_rolloff": {"dmean": 152.272476196, "dmean2": 259.645263672, "max": 19143.0175781, "dvar": 64752.1367188, "mean": 983.551147461, "dvar2": 143942.546875, "min": 86.1328125, "var": 1667044.625, "median": 796.728515625}, "erbbands_spread": {"dmean": 3.82288336754, "dmean2": 5.76213884354, "max": 138.565246582, "dvar": 16.37266922, "mean": 19.3275642395, "dvar2": 38.5676307678, "min": 1.67338168621, "var": 87.3368530273, "median": 18.3719005585}, "barkbands": {"dmean": [3.40739134117e-05, 0.00046211577137, 0.00060898787342, 0.000589529518038, 0.00107571831904, 0.000949703971855, 0.000671137007885, 0.000530682853423, 0.000410689302953, 0.00044093184988, 0.00041274150135, 0.000716264767107, 0.000344997388311, 0.000222812363063, 0.000230204954278, 0.000173164909938, 9.92686182144e-05, 4.34468929598e-05, 2.39647106355e-05, 4.90441889269e-05, 1.89266356756e-05, 4.9179875532e-06, 4.58406111647e-06, 3.11415237775e-06, 3.27524753629e-06, 2.76320474768e-06, 2.45177943725e-06], "dmean2": [5.88046750636e-05, 0.000638534198515, 0.000932735623792, 0.000923847779632, 0.00164571905043, 0.00136784312781, 0.000954129965976, 0.000691634078976, 0.000579628103878, 0.000614761433098, 0.00058108009398, 0.00101498875301, 0.000499978486914, 0.000327900517732, 0.000342797808116, 0.00025779104908, 0.000152341162902, 6.5305895987e-05, 3.76373391191e-05, 7.03147743479e-05, 2.75142010651e-05, 8.16415376903e-06, 7.4562408372e-06, 5.22743175679e-06, 5.44060003449e-06, 4.51977894045e-06, 3.99645296056e-06], "max": [0.00159967213403, 0.0413824617863, 0.0290801264346, 0.0364282988012, 0.0586897395551, 0.0643302947283, 0.0484283082187, 0.0239841584116, 0.0171943493187, 0.028570920229, 0.0303668640554, 0.086984500289, 0.0356915667653, 0.0337251350284, 0.042861238122, 0.0198660735041, 0.0118672223762, 0.00613343762234, 0.00181870616507, 0.00718656182289, 0.00492977397516, 0.000488074438181, 0.000378112599719, 0.000253912963672, 0.000355948141078, 0.000413906556787, 0.000553042627871], "dvar": [3.39102790292e-09, 8.38796836433e-07, 1.45482465541e-06, 1.04137438939e-06, 3.31606906911e-06, 4.26083170169e-06, 1.72451382241e-06, 8.12580196907e-07, 6.01486078722e-07, 7.56694589654e-07, 1.23190829981e-06, 4.46274680144e-06, 1.27139855977e-06, 5.05876130319e-07, 5.87290060139e-07, 3.2457450061e-07, 7.42420382949e-08, 2.12349995365e-08, 5.10359088324e-09, 3.63547272286e-08, 7.2295276432e-09, 1.51904017143e-10, 1.90214025086e-10, 7.65813176762e-11, 1.43411379994e-10, 1.51016088523e-10, 1.79915957133e-10], "mean": [0.00011700882169, 0.00228626118042, 0.00222751055844, 0.00135848030914, 0.00305077107623, 0.002764710458, 0.00160527590197, 0.00118423695676, 0.000777390261646, 0.000803800998256, 0.000817781721707, 0.0017227238277, 0.000674797105603, 0.00045979526476, 0.000489425437991, 0.000391201669117, 0.000214394443901, 9.76268420345e-05, 4.53529028164e-05, 0.000118092706543, 3.88486732845e-05, 6.80445373291e-06, 6.05703826295e-06, 5.2503050938e-06, 5.30295938006e-06, 4.53705115433e-06, 3.73360649064e-06], "dvar2": [9.91404824902e-09, 2.49638719652e-06, 4.27605755249e-06, 2.89326044367e-06, 8.20945388114e-06, 1.0068037227e-05, 3.82436110158e-06, 1.42807959946e-06, 1.19669391552e-06, 1.43299234878e-06, 2.47164871325e-06, 9.2475065685e-06, 2.57280066762e-06, 9.71140252659e-07, 1.22643916711e-06, 6.63679600166e-07, 1.5685448318e-07, 4.74720494026e-08, 1.22170007444e-08, 7.38036831649e-08, 1.33196227381e-08, 3.54251711299e-10, 4.11415096435e-10, 1.95622379406e-10, 3.56024015824e-10, 4.03912014946e-10, 4.77740014215e-10], "min": [1.46068502604e-24, 6.77618974696e-24, 5.41506389755e-24, 3.29211298385e-24, 5.00877576113e-23, 4.9981709462e-23, 4.00175726583e-23, 3.13361678627e-23, 5.88471933722e-23, 1.00941107886e-22, 4.64221797311e-23, 1.38957949429e-22, 1.805513033e-22, 3.85821298007e-23, 7.48277608853e-23, 2.20692559882e-22, 1.75090972197e-22, 2.17654397789e-22, 3.10894096472e-22, 2.27392021073e-22, 2.58058010576e-22, 5.42874788902e-22, 5.3684834597e-22, 1.04510605033e-21, 1.28180299501e-21, 1.60061942592e-21, 2.63062478525e-21], "var": [3.86453216095e-08, 7.57269936003e-06, 1.17269319162e-05, 4.36493701272e-06, 1.9396051357e-05, 2.12168361031e-05, 6.52379276289e-06, 2.88872479359e-06, 1.73801083747e-06, 2.63698120762e-06, 3.82133475796e-06, 2.79211453744e-05, 4.11126075051e-06, 2.80637209471e-06, 2.80391009255e-06, 1.68327665051e-06, 4.01929327154e-07, 1.0651026372e-07, 1.56480890467e-08, 1.7649328754e-07, 3.44182495837e-08, 3.71656122544e-10, 2.90833551686e-10, 1.52901288852e-10, 1.94952484711e-10, 1.96952273934e-10, 2.54591153714e-10], "median": [4.0818049456e-05, 0.00136656663381, 0.000878501974512, 0.000676278257743, 0.00152193754911, 0.00113197066821, 0.000782505085226, 0.000591747928411, 0.000307466601953, 0.000254718877841, 0.000183112046216, 0.000319415383274, 0.000107728199509, 5.84197732678e-05, 5.6133219914e-05, 4.26316764788e-05, 3.4831224184e-05, 8.23222399049e-06, 6.7046089498e-06, 9.68220683717e-06, 2.91379524242e-06, 1.1402931932e-06, 1.2734980146e-06, 8.25756899303e-07, 9.14863790058e-07, 4.90927902774e-07, 2.28140805802e-07]}, "melbands_kurtosis": {"dmean": 2.50580239296, "dmean2": 3.77851676941, "max": 497.562774658, "dvar": 19.0262145996, "mean": 5.94543075562, "dvar2": 40.5199584961, "min": -1.84910845757, "var": 281.886993408, "median": 3.27186942101}, "erbbands_crest": {"dmean": 2.41271471977, "dmean2": 3.63641762733, "max": 32.1348152161, "dvar": 5.38699388504, "mean": 10.8905410767, "dvar2": 11.975528717, "min": 2.59163999557, "var": 22.1889228821, "median": 9.77450180054}, "melbands_skewness": {"dmean": 0.39306384325, "dmean2": 0.572219610214, "max": 17.8991222382, "dvar": 0.139627024531, "mean": 1.56361174583, "dvar2": 0.322384297848, "min": -1.85870230198, "var": 1.23392665386, "median": 1.45997214317}, "spectral_energyband_middle_low": {"dmean": 0.00267521198839, "dmean2": 0.00399647466838, "max": 0.0993086770177, "dvar": 1.18965954243e-05, "mean": 0.0109747461975, "dvar2": 2.82727141894e-05, "min": 2.47801859553e-22, "var": 8.78171849763e-05, "median": 0.00873424764723}, "spectral_contrast_coeffs": {"dmean": [0.038336597383, 0.0397477708757, 0.0400802232325, 0.034452650696, 0.0250846780837, 0.0203741565347], "dmean2": [0.0614216849208, 0.0630414634943, 0.0624114349484, 0.0541685633361, 0.0400175489485, 0.0322693362832], "max": [-0.230247542262, -0.374635905027, -0.411333203316, -0.412091732025, -0.492935925722, -0.554038047791], "dvar": [0.00106334849261, 0.00117494503502, 0.00121667725034, 0.000964611535892, 0.00054108153563, 0.000344155356288], "mean": [-0.620350837708, -0.706473469734, -0.718736410141, -0.728549301624, -0.772335529327, -0.79403847456], "dvar2": [0.00279940478504, 0.0030053218361, 0.00296711269766, 0.00226649991237, 0.00123618310317, 0.000815336010419], "min": [-0.959590494633, -0.964330077171, -0.970558583736, -0.955101490021, -0.961104094982, -0.960141599178], "var": [0.0102161616087, 0.00603842688724, 0.00630149291828, 0.00740615278482, 0.00514130899683, 0.00247219856828], "median": [-0.634640812874, -0.712670743465, -0.723765611649, -0.738920748234, -0.783479690552, -0.797058403492]}, "spectral_contrast_valleys": {"dmean": [0.328708916903, 0.300643146038, 0.328511506319, 0.342889755964, 0.350529789925, 0.349680632353], "dmean2": [0.53153693676, 0.489749521017, 0.536672055721, 0.555638968945, 0.560303270817, 0.570353925228], "max": [-5.46306800842, -4.59931325912, -5.68272781372, -5.67092418671, -6.27022075653, -8.98533058167], "dvar": [0.11400616914, 0.0772530809045, 0.0984865948558, 0.121402740479, 0.147387072444, 0.172953337431], "mean": [-7.79922866821, -6.95343637466, -7.86396312714, -8.72023010254, -9.19754314423, -11.9789657593], "dvar2": [0.289124697447, 0.19078207016, 0.247256278992, 0.293555766344, 0.336485594511, 0.401475340128], "min": [-27.068447113, -27.185552597, -26.9681186676, -27.4089488983, -27.1788959503, -27.2112026215], "var": [3.07017374039, 2.22638750076, 1.99694025517, 1.8656719923, 1.60004973412, 1.48842728138], "median": [-7.20273351669, -6.61513805389, -7.55655193329, -8.50237560272, -9.04822540283, -11.8390674591]}, "silence_rate_20dB": {"dmean": 0, "dmean2": 0, "max": 1, "dvar": 0, "mean": 1, "dvar2": 0, "min": 1, "var": 0, "median": 1}, "silence_rate_30dB": {"dmean": 0.00292266183533, "dmean2": 0.00584565242752, "max": 1, "dvar": 0.00291347876191, "mean": 0.995447635651, "dvar2": 0.00670874351636, "min": 0, "var": 0.00453235208988, "median": 1}, "spectral_strongpeak": {"dmean": 0.440663576126, "dmean2": 0.72069978714, "max": 13.5432567596, "dvar": 0.63684540987, "mean": 1.1439357996, "dvar2": 1.43478381634, "min": 0, "var": 2.39584255219, "median": 0.604232370853}, "spectral_spread": {"dmean": 447702.6875, "dmean2": 713270.9375, "max": 41792132, "dvar": 293443993600, "mean": 2855218.75, "dvar2": 618331045888, "min": 843448.875, "var": 2090948100100.0, "median": 2498848.75}, "barkbands_flatness_db": {"dmean": 0.0218896772712, "dmean2": 0.0333930365741, "max": 0.41591078043, "dvar": 0.000544381095096, "mean": 0.197587996721, "dvar2": 0.00128419324756, "min": 0.0490727685392, "var": 0.0032115848735, "median": 0.192764893174}, "pitch_salience": {"dmean": 0.0518997013569, "dmean2": 0.0800514891744, "max": 0.891620755196, "dvar": 0.00205772952177, "mean": 0.550261616707, "dvar2": 0.00502540264279, "min": 0.121916040778, "var": 0.0118447113782, "median": 0.551215231419}, "erbbands_kurtosis": {"dmean": 1.17937636375, "dmean2": 1.75828325748, "max": 92.5967559814, "dvar": 2.88024067879, "mean": 2.03692245483, "dvar2": 5.664498806, "min": -1.75167918205, "var": 27.9427032471, "median": 0.726082623005}, "average_loudness": 0.394728988409, "barkbands_crest": {"dmean": 1.74588823318, "dmean2": 2.66622805595, "max": 26.0102958679, "dvar": 2.66456222534, "mean": 9.79813194275, "dvar2": 6.53949451447, "min": 3.2691848278, "var": 13.7620601654, "median": 8.98675727844}, "hfc": {"dmean": 3.19665932655, "dmean2": 4.47919797897, "max": 229.42350769, "dvar": 38.8182106018, "mean": 13.0305309296, "dvar2": 74.1849594116, "min": 1.21363873299e-16, "var": 361.658630371, "median": 7.31632041931}, "barkbands_kurtosis": {"dmean": 1.89471459389, "dmean2": 2.84708166122, "max": 265.268615723, "dvar": 12.0258626938, "mean": 4.13369226456, "dvar2": 25.9061279297, "min": -1.86610269547, "var": 118.500396729, "median": 1.74057209492}, "erbbands": {"dmean": [0.0120900664479, 0.114055395126, 0.558719754219, 1.46081292629, 2.36136102676, 3.91875600815, 6.39592218399, 8.56016635895, 9.667552948, 9.50987815857, 10.9993619919, 8.89608860016, 11.8617982864, 12.7570476532, 19.4676933289, 28.7406139374, 16.648809433, 11.6205587387, 13.2348299026, 8.42008876801, 8.18895530701, 4.70920419693, 2.92473840714, 1.12843537331, 1.62744343281, 2.20814228058, 1.10882008076, 0.467781931162, 0.185137227178, 0.145682424307, 0.125030443072, 0.0851952210069, 0.0441275686026, 0.05115134269, 0.0167985595763, 0.0101837413386, 0.00507208099589, 0.00184478133451, 0.000368546723621, 3.44589170709e-05], "dmean2": [0.0159180071205, 0.162997871637, 0.870194613934, 2.2501142025, 3.76006031036, 6.04480648041, 8.60599899292, 12.7760772705, 13.7129669189, 13.4016475677, 14.1465072632, 12.5811977386, 17.0727729797, 17.4804973602, 27.4853687286, 40.9549407959, 24.1386260986, 16.915353775, 19.747625351, 12.4618148804, 12.0806427002, 7.22397041321, 4.34616565704, 1.75576674938, 2.46444249153, 3.14274430275, 1.53587126732, 0.700966119766, 0.303448230028, 0.240538448095, 0.2020637393, 0.1411229074, 0.0743443965912, 0.0846655964851, 0.0282811522484, 0.0169007238001, 0.00835264101624, 0.00294418167323, 0.0006099663442, 5.58940737392e-05], "max": [0.72129791975, 10.5805568695, 33.7194023132, 75.4346084595, 102.706237793, 188.039215088, 680.37512207, 781.476196289, 695.661437988, 746.375610352, 515.491333008, 470.715240479, 485.758514404, 820.393371582, 1456.56665039, 4380.43701172, 1893.24938965, 1778.2401123, 2629.34106445, 832.264465332, 1368.79345703, 464.868591309, 325.487091064, 115.288467407, 219.195404053, 416.110137939, 224.949539185, 92.3602523804, 21.7707214355, 10.9811820984, 11.6289138794, 5.69702672958, 4.43397331238, 5.22488594055, 2.67203044891, 1.92658996582, 1.07126712799, 0.343737840652, 0.0893742144108, 0.00690773734823], "dvar": [0.000521712645423, 0.0555250793695, 1.37692248821, 6.04769659042, 17.171579361, 55.8568077087, 201.88722229, 461.410827637, 374.744415283, 308.973846436, 360.690795898, 295.351287842, 523.85760498, 722.26361084, 2811.76464844, 8494.12597656, 2567.39306641, 1184.35546875, 1920.16955566, 575.986755371, 610.124084473, 146.119796753, 85.4805908203, 11.8288450241, 25.8470668793, 69.3680419922, 21.477771759, 3.79844927788, 0.22846339643, 0.14722764492, 0.173424988985, 0.0550091490149, 0.0187627319247, 0.0374999344349, 0.00399755127728, 0.00191417825408, 0.00061855110107, 6.45729305688e-05, 4.09628910347e-06, 3.65639039046e-08], "mean": [0.0395563878119, 0.609108567238, 2.56387209892, 3.92987680435, 5.53486728668, 10.3882017136, 20.2476615906, 22.5762290955, 24.9192237854, 22.869966507, 25.4634132385, 17.4302387238, 20.9245204926, 26.5006942749, 43.7855758667, 71.7733230591, 35.913898468, 26.5982761383, 28.5895709991, 21.0168266296, 19.2433643341, 10.4834842682, 6.69863605499, 2.31892776489, 3.56965517998, 5.7269692421, 2.65350675583, 0.837174892426, 0.278758883476, 0.194021373987, 0.169925644994, 0.151151046157, 0.0662276521325, 0.0816570222378, 0.0244531463832, 0.0160503219813, 0.00768611440435, 0.00321442470886, 0.000562751491088, 6.91050299793e-05], "dvar2": [0.00119676149916, 0.16893646121, 4.1626739502, 16.2600498199, 48.5185165405, 135.495407104, 379.883544922, 1181.25061035, 842.895080566, 675.318359375, 575.491882324, 588.761779785, 1080.65026855, 1320.29248047, 5672.00585938, 18371.6875, 5404.72802734, 2287.90917969, 4213.90283203, 1214.29907227, 1166.52661133, 313.636749268, 186.561157227, 29.3424797058, 57.628692627, 141.533966064, 39.3027610779, 6.90207672119, 0.526939511299, 0.332544356585, 0.373733133078, 0.141136437654, 0.0465107448399, 0.0916352421045, 0.0103411823511, 0.0051772617735, 0.00166834052652, 0.000172245097929, 1.09783313746e-05, 9.72316556158e-08], "min": [2.51437233527e-22, 1.36903046288e-21, 5.09356778188e-21, 9.46013831717e-21, 5.51315232032e-20, 1.58732534504e-19, 4.24280685116e-19, 4.07650890984e-19, 3.13236857759e-19, 1.03067055876e-18, 4.93245007531e-19, 1.38306211421e-18, 2.03715621756e-18, 3.37699607682e-18, 2.41332694088e-18, 6.0954939339e-18, 8.87967468792e-18, 2.12650806054e-18, 3.98448103419e-18, 6.93853408034e-18, 1.15728928715e-17, 9.39095502453e-18, 1.02435730953e-17, 1.85137529837e-17, 1.15702583013e-17, 9.50346895863e-18, 1.2042688446e-17, 1.30581188224e-17, 2.06436619974e-17, 1.54020235964e-17, 1.57495536046e-17, 1.78431361544e-17, 1.90574803071e-17, 1.28427954372e-17, 9.34476360477e-18, 5.30862638209e-18, 3.38684986586e-18, 1.28405345457e-18, 3.42632478585e-19, 3.8717532739e-20], "var": [0.00242903735489, 0.594109356403, 16.1274642944, 32.9664535522, 62.9286231995, 279.153808594, 1515.34484863, 1475.05639648, 1494.20263672, 1013.95245361, 1375.36340332, 798.046813965, 1266.79187012, 2677.53857422, 10251.8203125, 58629.7382813, 8742.93066406, 7081.62255859, 9330.67382813, 3268.24707031, 3256.61328125, 701.046630859, 419.578094482, 37.4939155579, 115.116584778, 453.212890625, 125.035621643, 14.5200042725, 0.677961111069, 0.265991598368, 0.254162728786, 0.123611487448, 0.0278387404978, 0.0500149391592, 0.00545380497351, 0.00231515988708, 0.000718049763236, 0.000102174257336, 5.65763002669e-06, 5.05865358491e-08], "median": [0.0234399102628, 0.325451791286, 0.993428349495, 2.09254050255, 2.91920733452, 4.65569114685, 7.29982566833, 9.12012386322, 12.766664505, 12.3267021179, 13.237493515, 8.10708522797, 8.97853088379, 9.93564033508, 11.914973259, 14.1981878281, 8.02469062805, 4.87222099304, 4.33091831207, 3.24443268776, 2.97410678864, 2.04317617416, 0.786622047424, 0.429686367512, 0.469333529472, 0.428286671638, 0.179162159562, 0.0828052312136, 0.045045286417, 0.0391427576542, 0.0348720997572, 0.0226309858263, 0.0123775713146, 0.011505429633, 0.00453516980633, 0.00222597480752, 0.000808899232652, 0.000222146612941, 4.77377288917e-05, 2.65762428171e-05]}, "spectral_energy": {"dmean": 0.00414350768551, "dmean2": 0.00609005102888, "max": 0.17390397191, "dvar": 3.20206636388e-05, "mean": 0.0212771613151, "dvar2": 6.99361626175e-05, "min": 1.06326191756e-20, "var": 0.000329152040649, "median": 0.016618590802}, "zerocrossingrate": {"dmean": 0.00432688230649, "dmean2": 0.0055