{"tonal": {"chords_key": "G", "hpcp_entropy": {"dmean": 0.622366845608, "dmean2": 1.04288268089, "max": 4.24054479599, "dvar": 0.27311322093, "mean": 1.81749653816, "dvar2": 0.714124977589, "min": 0, "var": 0.545112252235, "median": 1.80448961258}, "key_key": "G", "chords_strength": {"dmean": 0.0109383789822, "dmean2": 0.00975698698312, "max": 0.77633190155, "dvar": 8.72071468621e-05, "mean": 0.565090835094, "dvar2": 8.842387615e-05, "min": 0.275750488043, "var": 0.01075569354, "median": 0.581219136715}, "key_scale": "major", "chords_number_rate": 0.00357956392691, "thpcp": [1, 0.512282431126, 0.469505369663, 0.524322628975, 0.357164621353, 0.296386629343, 0.293021023273, 0.289942473173, 0.567358136177, 0.795826375484, 0.515401899815, 0.254800081253, 0.236520141363, 0.252781659365, 0.593729019165, 0.777022182941, 0.405489057302, 0.136384665966, 0.121523223817, 0.162772700191, 0.321285426617, 0.449003577232, 0.536123931408, 0.877592146397, 0.943546056747, 0.553712368011, 0.307696700096, 0.259165227413, 0.457971274853, 0.837264835835, 0.874254047871, 0.474301934242, 0.237365022302, 0.250336050987, 0.438685178757, 0.972737729549], "key_strength": 0.720895886421, "tuning_nontempered_energy_ratio": 0.722050309181, "tuning_frequency": 446.91595459, "chords_changes_rate": 0.0585746839643, "tuning_diatonic_strength": 0.596508681774, "chords_scale": "major", "chords_histogram": [27.1721439362, 7.64725017548, 5.79238510132, 0.0650829821825, 8.49332904816, 1.78978192806, 0.553205311298, 2.83110976219, 0.130165964365, 1.30165958405, 0.813537240028, 0.195248946548, 0.162707448006, 0, 0.618288338184, 4.03514480591, 0, 0.162707448006, 0.357956379652, 0.227790430188, 0, 17.9629020691, 1.17149364948, 18.5161075592], "tuning_equal_tempered_deviation": 0.0322668924928, "hpcp": {"dmean": [0.137760683894, 0.116079092026, 0.0745773985982, 0.0778539553285, 0.104719363153, 0.149255529046, 0.145556434989, 0.104746758938, 0.0836929678917, 0.0869494378567, 0.0812134668231, 0.0638858154416, 0.0683065578341, 0.0805999413133, 0.10695156455, 0.124126531184, 0.0990157499909, 0.0598035007715, 0.0536075532436, 0.0638958439231, 0.104425467551, 0.117623887956, 0.0780339390039, 0.0459919162095, 0.0381357185543, 0.0450514145195, 0.0651720911264, 0.0835554972291, 0.121728651226, 0.142642974854, 0.14381287992, 0.134851261973, 0.10091907531, 0.0837041735649, 0.109376274049, 0.123869627714], "dmean2": [0.239271581173, 0.207377403975, 0.135085895658, 0.142053708434, 0.183367043734, 0.253169625998, 0.244653239846, 0.182016372681, 0.146040022373, 0.145947739482, 0.14105771482, 0.112245328724, 0.120196975768, 0.144724816084, 0.180545628071, 0.206237256527, 0.16775123775, 0.105439417064, 0.0963391065598, 0.112324371934, 0.17441162467, 0.192014276981, 0.132367551327, 0.0855757594109, 0.0694218575954, 0.0799067988992, 0.111470088363, 0.145342499018, 0.212836384773, 0.247368857265, 0.244900301099, 0.240382522345, 0.184212893248, 0.152976974845, 0.198239251971, 0.216720223427], "max": [1, 1, 1, 1, 1, 1, 1, 1, 1, 1, 1, 1, 1, 1, 1, 1, 1, 1, 1, 1, 1, 1, 1, 1, 1, 1, 1, 1, 1, 1, 1, 1, 1, 1, 1, 1], "dvar": [0.052896425128, 0.0424739606678, 0.0297769401222, 0.036041893065, 0.0335172563791, 0.0500720590353, 0.0462819598615, 0.0284705553204, 0.0270441975445, 0.0329421646893, 0.0266384202987, 0.0225201677531, 0.0277708377689, 0.0303196217865, 0.0349200367928, 0.04457642138, 0.0302625093609, 0.0195937361568, 0.0200369283557, 0.021635664627, 0.0306328777224, 0.0372826904058, 0.020735103637, 0.0167499501258, 0.0147223435342, 0.0162397045642, 0.0237449463457, 0.031342137605, 0.0403704792261, 0.0497325100005, 0.0467438288033, 0.0466865114868, 0.0437023155391, 0.034355763346, 0.0444856099784, 0.0466497056186], "mean": [0.215395644307, 0.116856843233, 0.0584811605513, 0.0616769194603, 0.108081713319, 0.239659696817, 0.246376484632, 0.126214340329, 0.115675084293, 0.129180759192, 0.0879969671369, 0.0730226933956, 0.0721934884787, 0.0714350044727, 0.139783710241, 0.196072906256, 0.126982912421, 0.0627767518163, 0.0582730025053, 0.062279459089, 0.146280869842, 0.19144000113, 0.0999029651284, 0.0336019732058, 0.0299404654652, 0.0401033647358, 0.0791571736336, 0.110623925924, 0.132088333368, 0.216218069196, 0.23246756196, 0.136421710253, 0.0758092328906, 0.0638522207737, 0.112833350897, 0.206282362342], "dvar2": [0.129224181175, 0.11621440202, 0.0807012096047, 0.0966288149357, 0.0891345217824, 0.12247966975, 0.109036974609, 0.0762629285455, 0.069255232811, 0.0814087837934, 0.0701956748962, 0.0592600591481, 0.0776103883982, 0.086498811841, 0.088258035481, 0.106931932271, 0.0790249481797, 0.0511498264968, 0.0535257644951, 0.0585178397596, 0.0764523223042, 0.0872359126806, 0.0556498281658, 0.0485038794577, 0.0411694012582, 0.0417966470122, 0.0604776255786, 0.0783424004912, 0.109999842942, 0.122002340853, 0.11337261647, 0.12690807879, 0.121274344623, 0.0960597544909, 0.118224479258, 0.1171246171], "min": [0, 0, 0, 0, 0, 0, 0, 0, 0, 0, 0, 0, 0, 0, 0, 0, 0, 0, 0, 0, 0, 0, 0, 0, 0, 0, 0, 0, 0, 0, 0, 0, 0, 0, 0, 0], "var": [0.10397400707, 0.0443843603134, 0.0250742174685, 0.0311550460756, 0.0372922457755, 0.107323154807, 0.105471216142, 0.0357751883566, 0.0557505451143, 0.0680061653256, 0.0312769263983, 0.0337240211666, 0.0342211723328, 0.0266929399222, 0.0529174096882, 0.0927356332541, 0.0453911349177, 0.0258926525712, 0.0298117808998, 0.0228860676289, 0.0510471574962, 0.0806418806314, 0.0275559052825, 0.0113211264834, 0.0117379343137, 0.0163570698351, 0.0337405689061, 0.0553169548512, 0.0487281866372, 0.101809777319, 0.105020180345, 0.050579674542, 0.0342791154981, 0.0269285850227, 0.0519047491252, 0.10193374753], "median": [0.030718781054, 0.0169616602361, 0.00556928943843, 0.00413220841438, 0.017543617636, 0.0537312887609, 0.0725877657533, 0.0425969846547, 0.00997308827937, 0.0087651880458, 0.0112806828693, 0.00861199758947, 0.00698796287179, 0.0127721140161, 0.0329667404294, 0.0413578487933, 0.0280256159604, 0.00710494862869, 0.00386210554279, 0.00863897334784, 0.0423966161907, 0.0508406609297, 0.025942819193, 0.00522969663143, 0.00301926792599, 0.00379356043413, 0.00811794493347, 0.0125819612294, 0.0266179218888, 0.0455114506185, 0.0563450530171, 0.0306984279305, 0.00537890288979, 0.00483473716304, 0.00817925389856, 0.0255030319095]}}, "lowlevel": {"melbands_flatness_db": {"dmean": 0.0276856478304, "dmean2": 0.0398339703679, "max": 0.617721617222, "dvar": 0.000743137614336, "mean": 0.272198438644, "dvar2": 0.00146942411084, "min": 0.00373399932869, "var": 0.00776931457222, "median": 0.266803115606}, "melbands_crest": {"dmean": 3.11314225197, "dmean2": 5.05604124069, "max": 35.5294380188, "dvar": 8.41455841064, "mean": 16.0441989899, "dvar2": 21.4205188751, "min": 1.89657735825, "var": 29.3316669464, "median": 15.1392230988}, "spectral_entropy": {"dmean": 0.231260955334, "dmean2": 0.340388953686, "max": 9.7968711853, "dvar": 0.0567313320935, "mean": 6.98877716064, "dvar2": 0.110942065716, "min": 3.87003993988, "var": 0.467333137989, "median": 7.11752510071}, "melbands": {"dmean": [9.11350434762e-05, 0.000222526621656, 0.0004315682163, 0.00128888955805, 0.000548641604837, 0.000189564059838, 9.15749114938e-05, 6.9347974204e-05, 8.85844347067e-05, 4.87150355184e-05, 1.64403791132e-05, 1.75032764673e-05, 2.32609654631e-05, 1.5880796127e-05, 1.3298943486e-05, 1.09254351628e-05, 7.5694683801e-06, 5.05587877342e-06, 2.03029435397e-06, 1.76596324764e-06, 2.50476455221e-06, 2.5300573725e-06, 3.66301696886e-06, 2.90931825475e-06, 2.55730878962e-06, 2.41034558712e-06, 2.83205736196e-06, 2.16320108848e-06, 2.49731692747e-06, 2.73209047918e-06, 2.37955350713e-06, 2.41908196585e-06, 3.40998872161e-06, 2.28851763495e-06, 1.29740635657e-06, 1.20949550819e-06, 9.21741275306e-07, 6.81064022956e-07, 5.86030353134e-07, 5.37145240287e-07], "dmean2": [0.000131129068905, 0.000332083378453, 0.000656206859276, 0.00207267329097, 0.000822525005788, 0.000286910770228, 0.00013487545948, 9.81361736194e-05, 0.00011930106848, 6.76413401379e-05, 2.41147281486e-05, 2.60219239863e-05, 3.24835054926e-05, 2.36481700995e-05, 1.94169515453e-05, 1.54437311721e-05, 1.08758404167e-05, 7.62636909712e-06, 3.10487962452e-06, 2.71956901088e-06, 3.68600990441e-06, 3.58645479537e-06, 5.26485837327e-06, 4.32162050856e-06, 3.60416652256e-06, 3.46800106854e-06, 4.17703358835e-06, 3.12468432639e-06, 3.63437357009e-06, 3.9554797695e-06, 3.44287468579e-06, 3.50300251739e-06, 4.87689385409e-06, 3.27066504724e-06, 1.9092221919e-06, 1.82356222922e-06, 1.3112785382e-06, 9.98246605377e-07, 8.57983820879e-07, 7.39226209134e-07], "max": [0.00400569848716, 0.0109329987317, 0.03066678904, 0.0603334866464, 0.0508255027235, 0.0167132727802, 0.00905361305922, 0.0101637002081, 0.0102950334549, 0.00854428578168, 0.00312643614598, 0.00259366468526, 0.0030190567486, 0.0021301030647, 0.00138757703826, 0.00129647064023, 0.00106606609188, 0.000851527613122, 0.00029421315412, 0.000164080513059, 0.000587120652199, 0.000326038512867, 0.000562830537092, 0.000173674488906, 0.000382590165827, 0.000345138396369, 0.000562194443773, 0.00025012131664, 0.000166706508026, 0.00019500014605, 0.000217269844143, 0.000287153932732, 0.000438464834588, 0.000370854249923, 0.000304774788674, 0.000265134935034, 0.000157545451657, 0.000102826394141, 0.000131302222144, 0.000104479251604], "dvar": [2.19522817702e-08, 1.51981865315e-07, 9.41699624946e-07, 7.48697357267e-06, 1.43615545767e-06, 1.76155523945e-07, 8.52010870744e-08, 8.40104306121e-08, 1.09749230148e-07, 3.69868367045e-08, 5.47178968802e-09, 5.38328359667e-09, 1.08864783854e-08, 4.30171942511e-09, 2.32058572358e-09, 1.93512939006e-09, 1.02307573524e-09, 4.6350745464e-10, 8.03477354094e-11, 3.42690147093e-11, 1.95948438031e-10, 6.81210157727e-11, 1.22254220636e-10, 5.16815028273e-11, 9.35049468409e-11, 1.14566085785e-10, 1.49826387408e-10, 5.03998474899e-11, 4.75873750128e-11, 6.20257734063e-11, 5.57381814315e-11, 8.8361797046e-11, 2.3289289941e-10, 1.34227975956e-10, 6.63053500993e-11, 7.12116268731e-11, 2.13822241163e-11, 8.92014847403e-12, 9.03114649037e-12, 6.80334781566e-12], "mean": [0.000291530101094, 0.00064505613409, 0.000814237107988, 0.00231520994566, 0.0011709050741, 0.000435624329839, 0.000190204955288, 0.000135937458253, 0.000176108151209, 8.95636549103e-05, 2.61136683548e-05, 2.95939807984e-05, 3.91623725591e-05, 2.79149753624e-05, 2.33564041991e-05, 1.911984873e-05, 1.28486926769e-05, 9.00100803847e-06, 2.90493085231e-06, 2.87369130092e-06, 4.19190564571e-06, 5.11007374371e-06, 7.27922270016e-06, 5.92976130065e-06, 5.08981247549e-06, 4.48478203907e-06, 5.02358534504e-06, 4.28529438068e-06, 5.4478759921e-06, 5.9400090322e-06, 4.44280476586e-06, 4.15375598095e-06, 5.48115394849e-06, 3.60781882591e-06, 1.8937337245e-06, 1.67919495198e-06, 1.4169198721e-06, 1.09367374534e-06, 9.1742845143e-07, 8.43042073484e-07], "dvar2": [3.72447317432e-08, 3.24748612002e-07, 1.78398465778e-06, 1.80638744496e-05, 2.78833817902e-06, 3.53789971541e-07, 1.48164616576e-07, 1.58675888429e-07, 1.64873029007e-07, 6.60468302272e-08, 1.05545145956e-08, 1.16638583236e-08, 1.97447018735e-08, 8.99359875461e-09, 4.3538204153e-09, 3.54467832864e-09, 1.98920835359e-09, 9.18659925908e-10, 2.02756242351e-10, 7.50061193711e-11, 3.82014281319e-10, 1.21542401144e-10, 2.22504542569e-10, 1.04166432424e-10, 1.71948760785e-10, 2.27182522794e-10, 3.12375514344e-10, 1.04583015859e-10, 9.74725716807e-11, 1.43064629587e-10, 1.22034660155e-10, 1.77483250319e-10, 4.45983222574e-10, 2.87942863997e-10, 1.44401907098e-10, 1.61210225724e-10, 3.92561677609e-11, 1.97263316792e-11, 2.19058781531e-11, 1.18871501184e-11], "min": [6.65203960656e-24, 3.6658772529e-24, 9.03276344281e-24, 1.62451656602e-23, 3.64643735361e-24, 5.79457935702e-24, 9.8473057148e-24, 1.85509066897e-23, 1.20459628207e-23, 6.84686537319e-24, 1.0668323746e-23, 7.56184945463e-24, 4.85788591816e-24, 9.34089330125e-24, 1.10665265314e-23, 7.66391464513e-24, 1.08723444753e-23, 1.34362244588e-23, 1.52206215155e-23, 9.73389907107e-24, 1.65772003707e-23, 6.96514875504e-24, 1.0197371419e-23, 9.41076034504e-24, 9.68426315405e-24, 1.24983934825e-23, 9.51035640091e-24, 8.49590809807e-24, 6.2635950305e-24, 9.89785355503e-24, 1.25744333629e-23, 9.55807301935e-24, 9.39858112153e-24, 8.77922197015e-24, 1.02490733627e-23, 9.41459578677e-24, 1.19872763025e-23, 6.9642313098e-24, 8.39388945036e-24, 1.16795613849e-23], "var": [1.83779690133e-07, 8.4237944975e-07, 3.37670780937e-06, 1.96984419745e-05, 5.31292471351e-06, 5.72496730911e-07, 2.51996596035e-07, 1.90625897289e-07, 3.94335273768e-07, 1.10190711666e-07, 1.09002264992e-08, 1.48067220707e-08, 2.78338099235e-08, 1.31707000861e-08, 6.76652200937e-09, 5.14002529428e-09, 2.43160291902e-09, 1.5106057516e-09, 1.01698149901e-10, 6.0784266509e-11, 3.43485989651e-10, 2.30379562649e-10, 4.40962100168e-10, 1.7656219542e-10, 3.429383999e-10, 3.60542373734e-10, 3.70649205772e-10, 1.43432446476e-10, 1.8372293964e-10, 2.10090653208e-10, 1.30493643669e-10, 1.99339975082e-10, 4.82420992043e-10, 2.31363317393e-10, 1.11464004693e-10, 1.14769582726e-10, 4.93446568328e-11, 1.93383434266e-11, 1.60662785159e-11, 1.65225628318e-11], "median": [0.000149910192704, 0.000299013656331, 0.000300201907521, 0.000926001055632, 0.000599224644247, 0.000204339070478, 6.96086717653e-05, 4.12925364799e-05, 3.21851584886e-05, 1.78176996997e-05, 5.79882498641e-06, 4.75094975627e-06, 3.64588936463e-06, 2.30349587582e-06, 2.55839563579e-06, 1.88332342077e-06, 1.23798724871e-06, 1.02767489807e-06, 6.55776887015e-07, 7.72175781094e-07, 5.8611408349e-07, 6.66609878408e-07, 1.09835343665e-06, 1.14878082513e-06, 7.61475348554e-07, 3.74836275796e-07, 4.17483789761e-07, 4.14533047888e-07, 4.20962635417e-07, 5.18330807608e-07, 4.30883034142e-07, 4.36423334804e-07, 5.21302240486e-07, 4.23842038799e-07, 2.5048186103e-07, 1.81065260563e-07, 1.91746764244e-07, 1.77817028657e-07, 1.17037487257e-07, 8.1831203147e-08]}, "silence_rate_60dB": {"dmean": 0.0289713535458, "dmean2": 0.0579521395266, "max": 1, "dvar": 0.0281319245696, "mean": 0.0895036607981, "dvar2": 0.0646849498153, "min": 0, "var": 0.081500634551, "median": 0}, "spectral_energyband_middle_high": {"dmean": 0.000515796884429, "dmean2": 0.000667613057885, "max": 0.031301561743, "dvar": 1.44415992054e-06, "mean": 0.00151732284576, "dvar2": 2.17138858716e-06, "min": 1.5915555782e-21, "var": 1.01370069387e-05, "median": 0.000354287243681}, "erbbands_skewness": {"dmean": 0.523033559322, "dmean2": 0.774267971516, "max": 8.84054660797, "dvar": 0.313018977642, "mean": 1.49322450161, "dvar2": 0.629241764545, "min": -4.48517799377, "var": 1.89812207222, "median": 1.42889356613}, "dynamic_complexity": 3.93492269516, "dissonance": {"dmean": 0.0260913651437, "dmean2": 0.0434678755701, "max": 0.499999970198, "dvar": 0.000615909986664, "mean": 0.436824500561, "dvar2": 0.00164367409889, "min": 0.175528600812, "var": 0.00183342082892, "median": 0.446342170238}, "spectral_skewness": {"dmean": 0.320054620504, "dmean2": 0.468317270279, "max": 8.66626739502, "dvar": 0.139967873693, "mean": 1.84816896915, "dvar2": 0.281918048859, "min": -0.395859777927, "var": 1.12893426418, "median": 1.5970416069}, "spectral_kurtosis": {"dmean": 2.59574007988, "dmean2": 4.07934379578, "max": 97.0040283203, "dvar": 19.3227729797, "mean": 6.26115560532, "dvar2": 43.7462043762, "min": -1.20624434948, "var": 78.8714370728, "median": 3.09550452232}, "gfcc": {"cov": [[12440.8798828, -1581.06335449, -1302.87780762, 860.547851563, -787.948181152, 248.224197388, -314.994384766, 148.957717896, -656.303833008, 35.8148078918, -383.1199646, 53.4189491272, 27.4343948364], [-1581.06335449, 1769.44714355, 394.622528076, -316.281219482, 393.010253906, -218.768005371, 161.14251709, -109.430198669, 265.257598877, -220.540100098, 144.892318726, -65.7580490112, 108.049995422], [-1302.87780762, 394.622528076, 880.263977051, 17.5169429779, 40.4857597351, -61.1311073303, -96.0612487793, 17.422454834, 176.31048584, -86.9741516113, -14.2781839371, 5.81944894791, 25.7046432495], [860.547851563, -316.281219482, 17.5169429779, 458.714141846, -17.5461959839, -46.9781455994, -64.4242782593, 32.6732215881, 38.5770530701, 1.36205708981, -73.8975067139, 0.998673856258, 31.5496292114], [-787.948181152, 393.010253906, 40.4857597351, -17.5461959839, 326.053192139, -8.32411003113, 62.8035430908, -24.2375965118, 44.2051506042, -55.7127990723, 42.855052948, -11.7324752808, 23.9624156952], [248.224197388, -218.768005371, -61.1311073303, -46.9781455994, -8.32411003113, 290.047149658, 69.1491470337, 7.63521623611, -110.434165955, 38.1893806458, 18.7009487152, 5.6339225769, -61.3622131348], [-314.994384766, 161.14251709, -96.0612487793, -64.4242782593, 62.8035430908, 69.1491470337, 201.833084106, 0.499736398458, -8.77562427521, 9.51220321655, 45.5134315491, -13.1270456314, -8.38804912567], [148.957717896, -109.430198669, 17.422454834, 32.6732215881, -24.2375965118, 7.63521623611, 0.499736398458, 135.161010742, 31.3392848969, 24.4441223145, -34.8547706604, 0.23483709991, -8.62090396881], [-656.303833008, 265.257598877, 176.31048584, 38.5770530701, 44.2051506042, -110.434165955, -8.77562427521, 31.3392848969, 206.328109741, -12.4448919296, -5.08862257004, -15.3723745346, 35.7489929199], [35.8148078918, -220.540100098, -86.9741516113, 1.36205708981, -55.7127990723, 38.1893806458, 9.51220321655, 24.4441223145, -12.4448919296, 136.454223633, 27.5922393799, 5.99666643143, -27.89494133], [-383.1199646, 144.892318726, -14.2781839371, -73.8975067139, 42.855052948, 18.7009487152, 45.5134315491, -34.8547706604, -5.08862257004, 27.5922393799, 132.461532593, 33.5054702759, -0.0518076680601], [53.4189491272, -65.7580490112, 5.81944894791, 0.998673856258, -11.7324752808, 5.6339225769, -13.1270456314, 0.23483709991, -15.3723745346, 5.99666643143, 33.5054702759, 97.9216003418, 28.8776874542], [27.4343948364, 108.049995422, 25.7046432495, 31.5496292114, 23.9624156952, -61.3622131348, -8.38804912567, -8.62090396881, 35.7489929199, -27.89494133, -0.0518076680601, 28.8776874542, 96.0631790161]], "mean": [-74.6213607788, 111.614700317, -88.3218460083, 46.788684845, -82.9643783569, 6.45358657837, -47.9934768677, -2.12177085876, -27.3050575256, -5.29927349091, -11.5078649521, -3.20185756683, -5.31866025925], "icov": [[0.000264228496235, -0.000542699650396, 0.000456390611362, -0.000753294676542, 0.000773549894802, -0.000426464830525, 0.000614195712842, -0.000484227755805, 0.000994108384475, -0.000216060099774, 0.000626163324341, -0.000334926357027, -0.000126624887343], [-0.000542699650396, 0.00357607589103, -0.00147952255793, 0.00296222721227, -0.00292241759598, 0.00189465249423, -0.00262352777645, 0.00173294264823, -0.00387317826971, 0.00311174453236, -0.0034101922065, 0.00260925246403, -0.00101988215465], [0.000456390611362, -0.00147952255793, 0.00253906240687, -0.0015218850458, 0.00166226772126, -0.00152624736074, 0.00227971561253, -0.00106455537025, 0.000445073208539, 0.000164802506333, 0.00127826991957, -0.00125741586089, 0.000329091912135], [-0.000753294676542, 0.00296222721227, -0.0015218850458, 0.00553306145594, -0.00314566423185, 0.0017886783462, -0.00197313446552, 0.00163754797541, -0.00425624661148, 0.00164771964774, -0.00158000469673, 0.00178155419417, -0.00109882955439], [0.000773549894802, -0.00292241759598, 0.00166226772126, -0.00314566423185, 0.00692965881899, -0.00209517520852, 0.00164005567785, -0.00164830207359, 0.00308086071163, -0.000243170332396, 0.00137884635478, -0.00116640585475, -0.000282870198134], [-0.000426464830525, 0.00189465249423, -0.00152624736074, 0.0017886783462, -0.00209517520852, 0.00669427635148, -0.00349544570781, 0.000537380459718, 0.000637187098619, 0.000383272388717, -0.00157094979659, 0.000470492930617, 0.00208529806696], [0.000614195712842, -0.00262352777645, 0.00227971561253, -0.00197313446552, 0.00164005567785, -0.00349544570781, 0.00920624285936, -0.00234761484899, 0.00226570270024, -0.00146515970118, 0.000397559400881, -0.000128299594508, -0.000465019082185], [-0.000484227755805, 0.00173294264823, -0.00106455537025, 0.00163754797541, -0.00164830207359, 0.000537380459718, -0.00234761484899, 0.0104280859232, -0.00443832203746, -0.000798898108769, 0.0016620173119, -0.000612832605839, 0.00102623528801], [0.000994108384475, -0.00387317826971, 0.000445073208539, -0.00425624661148, 0.00308086071163, 0.000637187098619, 0.00226570270024, -0.00443832203746, 0.0138576133177, -0.00412569195032, 0.00334780337289, -0.000807272037491, -0.00132113625295], [-0.000216060099774, 0.00311174453236, 0.000164802506333, 0.00164771964774, -0.000243170332396, 0.000383272388717, -0.00146515970118, -0.000798898108769, -0.00412569195032, 0.013512105681, -0.00635174429044, 0.00239196978509, 0.000818792439532], [0.000626163324341, -0.0034101922065, 0.00127826991957, -0.00158000469673, 0.00137884635478, -0.00157094979659, 0.000397559400881, 0.0016620173119, 0.00334780337289, -0.00635174429044, 0.0157460700721, -0.00739396736026, 0.00181113765575], [-0.000334926357027, 0.00260925246403, -0.00125741586089, 0.00178155419417, -0.00116640585475, 0.000470492930617, -0.000128299594508, -0.000612832605839, -0.000807272037491, 0.00239196978509, -0.00739396736026, 0.0161753688008, -0.0064340303652], [-0.000126624887343, -0.00101988215465, 0.000329091912135, -0.00109882955439, -0.000282870198134, 0.00208529806696, -0.000465019082185, 0.00102623528801, -0.00132113625295, 0.000818792439532, 0.00181113765575, -0.0064340303652, 0.0159845538437]]}, "spectral_complexity": {"dmean": 1.8125, "dmean2": 2.81784152985, "max": 34, "dvar": 4.3369140625, "mean": 9.47062683105, "dvar2": 8.4975976944, "min": 0, "var": 27.3443126678, "median": 8}, "spectral_flux": {"dmean": 0.0205267947167, "dmean2": 0.0329152345657, "max": 0.423137545586, "dvar": 0.000611726660281, "mean": 0.0612278431654, "dvar2": 0.00147426419426, "min": 1.00656948054e-10, "var": 0.00166263408028, "median": 0.0512308180332}, "spectral_energyband_low": {"dmean": 0.000902199011762, "dmean2": 0.00133147626184, "max": 0.0530867166817, "dvar": 2.44793204729e-06, "mean": 0.00288761779666, "dvar2": 4.89147032567e-06, "min": 4.22662048914e-23, "var": 1.46927768583e-05, "median": 0.0016672272468}, "spectral_decrease": {"dmean": 1.79265857714e-09, "dmean2": 2.71813727082e-09, "max": -3.87902001489e-29, "dvar": 8.75476214361e-18, "mean": -5.36368904847e-09, "dvar2": 2.01249668137e-17, "min": -6.01065508476e-08, "var": 3.34744608341e-17, "median": -3.88294374432e-09}, "barkbands_spread": {"dmean": 4.74894952774, "dmean2": 7.20635843277, "max": 109.732154846, "dvar": 62.8766212463, "mean": 13.9179143906, "dvar2": 134.972198486, "min": 0.131507217884, "var": 216.25743103, "median": 8.28860664368}, "spectral_rms": {"dmean": 0.000685251143295, "dmean2": 0.0010047579417, "max": 0.0150634665042, "dvar": 6.77387106407e-07, "mean": 0.00409602373838, "dvar2": 1.47723380906e-06, "min": 3.1439948301e-12, "var": 4.14643909608e-06, "median": 0.00390238780528}, "spectral_centroid": {"dmean": 196.23034668, "dmean2": 285.658538818, "max": 11319.5527344, "dvar": 112656.90625, "mean": 822.811645508, "dvar2": 195436.765625, "min": 172.389358521, "var": 541052.25, "median": 515.648254395}, "barkbands_skewness": {"dmean": 0.802109658718, "dmean2": 1.21678435802, "max": 14.0443344116, "dvar": 0.833299160004, "mean": 2.64581227303, "dvar2": 1.91228795052, "min": -4.11193847656, "var": 3.37288379669, "median": 2.39848828316}, "spectral_rolloff": {"dmean": 366.227142334, "dmean2": 606.068359375, "max": 19509.0820313, "dvar": 1096327.75, "mean": 964.810913086, "dvar2": 2341315.75, "min": 21.533203125, "var": 2427407.75, "median": 387.59765625}, "erbbands_spread": {"dmean": 9.97846221924, "dmean2": 14.915225029, "max": 141.371673584, "dvar": 161.225296021, "mean": 39.4485549927, "dvar2": 347.494476318, "min": 1.43796098232, "var": 679.62878418, "median": 33.2741508484}, "barkbands": {"dmean": [7.44398566894e-05, 0.000431472552009, 0.000478238565847, 0.000705021957401, 0.00533145433292, 0.00118004705291, 0.00039482023567, 0.000440002564574, 0.000346568645909, 0.000107069732621, 0.000164647470228, 0.000141793731018, 0.000117812480312, 7.95730447862e-05, 3.47291352227e-05, 3.1640920497e-05, 4.64939257654e-05, 6.62053353153e-05, 6.74542025081e-05, 7.09149899194e-05, 0.000104484315671, 0.000141707321745, 9.03930122149e-05, 5.99297891313e-05, 4.55785666418e-05, 5.23410426467e-06, 1.44557503745e-08], "dmean2": [0.000143861892866, 0.000635948381387, 0.000735700887162, 0.00104867771734, 0.00850084610283, 0.00181004311889, 0.000578687235247, 0.000616661971435, 0.000490288250148, 0.000160656723892, 0.000235410378082, 0.000217290376895, 0.000166440775502, 0.00011743378127, 5.44117392565e-05, 4.80415910715e-05, 6.64387043798e-05, 9.63062484516e-05, 9.626532119e-05, 0.000100644552731, 0.000148374121636, 0.000198993802769, 0.000133362176712, 8.34531310829e-05, 6.16139732301e-05, 7.23582616047e-06, 2.27107026518e-08], "max": [0.00148942216765, 0.0156043916941, 0.0353088714182, 0.0943374484777, 0.217414110899, 0.0789708793163, 0.0381666943431, 0.0494553223252, 0.0520287416875, 0.0171870663762, 0.0190882850438, 0.0174887180328, 0.0133907580748, 0.0106486938894, 0.00369143066928, 0.00585272954777, 0.00686799688265, 0.00709563633427, 0.00907970312983, 0.00610063690692, 0.00726890424266, 0.017035625875, 0.0164821110666, 0.00824102759361, 0.00899426825345, 0.000830724951811, 4.11232349506e-06], "dvar": [1.31772601719e-08, 4.74041144116e-07, 9.02882675291e-07, 3.72681483896e-06, 0.000112223176984, 6.82114432493e-06, 1.8390637706e-06, 3.11505118589e-06, 1.73874605025e-06, 2.29124154316e-07, 5.27502834302e-07, 3.33227006877e-07, 2.02159370133e-07, 1.06756743889e-07, 2.27329781666e-08, 2.2099078123e-08, 2.40481785596e-08, 2.99881648402e-08, 7.90631560221e-08, 4.45631229695e-08, 8.29420443438e-08, 3.29062913806e-07, 2.54075928297e-07, 7.42818642152e-08, 4.6881069693e-08, 4.18396789437e-10, 7.12946022341e-15], "mean": [7.15517307981e-05, 0.00127428420819, 0.00123158993665, 0.00117275072262, 0.0103393346071, 0.00264992332086, 0.000823222857434, 0.000842808338348, 0.000625795626547, 0.000164835975738, 0.000268528936431, 0.000241843154072, 0.000202842449653, 0.000137799026561, 4.91697210236e-05, 5.13640588906e-05, 9.21708997339e-05, 0.000134900139528, 0.000127109393361, 0.000142778517329, 0.000232887934544, 0.000245854491368, 0.000135172726004, 0.000102449965198, 7.78032845119e-05, 8.17867658043e-06, 1.77429910764e-08], "dvar2": [4.91152363225e-08, 9.1647376621e-07, 1.94370682038e-06, 7.09489631845e-06, 0.000267234892817, 1.4200158148e-05, 3.12175211548e-06, 5.2368800425e-06, 3.11963640343e-06, 4.9594069651e-07, 1.00899342215e-06, 7.54657264679e-07, 3.78770266707e-07, 2.08665625223e-07, 5.46333680518e-08, 4.3059213084e-08, 4.19174561728e-08, 5.73885614585e-08, 1.58635060643e-07, 8.92321665447e-08, 1.80006665573e-07, 6.18887440851e-07, 5.53265408598e-07, 1.29537710336e-07, 7.30088984824e-08, 6.85881462736e-10, 1.74865225517e-14], "min": [2.8456301755e-23, 1.70986248073e-23, 5.92337036613e-24, 2.23109490856e-23, 5.55878220602e-23, 2.36034014378e-23, 5.20897225056e-23, 9.85284746266e-23, 5.13014169585e-23, 5.97355264821e-23, 3.78279787754e-23, 9.25330686381e-23, 8.64389225077e-23, 1.0604963858e-22, 2.09361790979e-22, 2.29664243402e-22, 1.10825490853e-22, 2.25464676109e-22, 2.9484987735e-22, 2.50579710168e-22, 3.86074257301e-22, 5.25453105043e-22, 6.07736371411e-22, 7.35281068642e-22, 1.23713564583e-21, 1.53094561518e-21, 2.52893528818e-21], "var": [1.30286705868e-08, 2.99173552776e-06, 5.10394011144e-06, 1.44550849654e-05, 0.000332017923938, 2.1160716642e-05, 5.85743373449e-06, 8.90869796422e-06, 5.11401322001e-06, 4.77631829199e-07, 1.37474501116e-06, 9.35832417781e-07, 5.8587067997e-07, 3.06747438117e-07, 3.64081351734e-08, 4.0377962307e-08, 7.68199015511e-08, 1.03091174708e-07, 2.55849897712e-07, 1.42098187439e-07, 3.00833988831e-07, 7.54183076879e-07, 4.48417495136e-07, 2.01296458613e-07, 1.34724842837e-07, 1.18535781191e-09, 1.06660065843e-14], "median": [3.3666856325e-05, 0.000668270862661, 0.000389429187635, 0.000254851882346, 0.00470836367458, 0.00128542934544, 0.000293230696116, 0.000170959174284, 0.00012638476619, 3.53098730557e-05, 2.5057412131e-05, 2.12360264413e-05, 1.96859291464e-05, 1.42947301356e-05, 8.45018712425e-06, 1.08508247649e-05, 1.27175972011e-05, 2.532434155e-05, 1.34721194627e-05, 1.4961384295e-05, 2.12367558561e-05, 2.64787158812e-05, 1.84827240446e-05, 1.59874580277e-05, 8.43525776872e-06, 1.08048197944e-06, 2.31162200492e-09]}, "melbands_kurtosis": {"dmean": 16.1956233978, "dmean2": 25.2733592987, "max": 436.887969971, "dvar": 775.666442871, "mean": 34.7435646057, "dvar2": 1873.08642578, "min": -1.89970707893, "var": 1981.72338867, "median": 20.787229538}, "erbbands_crest": {"dmean": 2.78735756874, "dmean2": 4.42855072021, "max": 31.9507579803, "dvar": 6.77220153809, "mean": 11.7540845871, "dvar2": 16.9621295929, "min": 2.64314842224, "var": 23.3286895752, "median": 10.8189210892}, "melbands_skewness": {"dmean": 0.980981647968, "dmean2": 1.48751521111, "max": 19.0917549133, "dvar": 1.30841624737, "mean": 3.67483925819, "dvar2": 2.97169756889, "min": -1.36090445518, "var": 5.67089176178, "median": 3.19503426552}, "spectral_energyband_middle_low": {"dmean": 0.00654527032748, "dmean2": 0.0101265767589, "max": 0.230080470443, "dvar": 0.000128993953695, "mean": 0.016501288861, "dvar2": 0.000298879778711, "min": 3.31170674257e-22, "var": 0.00046355673112, "median": 0.00986565835774}, "spectral_contrast_coeffs": {"dmean": [0.0522791408002, 0.0433122217655, 0.0352032519877, 0.0277813989669, 0.0222222488374, 0.0192661676556], "dmean2": [0.0858101174235, 0.0695784166455, 0.0568222366273, 0.0444484092295, 0.0344118289649, 0.0285252165049], "max": [-0.169537633657, -0.403442233801, -0.467663794756, -0.569134056568, -0.598608970642, -0.589616119862], "dvar": [0.00191697152331, 0.00128475180827, 0.000864663859829, 0.000543480156921, 0.000415140035329, 0.000345027627191], "mean": [-0.56036221981, -0.695993065834, -0.773239791393, -0.797288537025, -0.799082934856, -0.772997558117], "dvar2": [0.00494748586789, 0.00306742987595, 0.00207585119642, 0.00131249148399, 0.000873467244674, 0.000632134673651], "min": [-0.954005420208, -0.962227582932, -0.975221991539, -0.969185531139, -0.959416568279, -0.957841038704], "var": [0.00924056302756, 0.00607719505206, 0.00437684031203, 0.00298157101497, 0.00297237024643, 0.00294300937094], "median": [-0.565673470497, -0.699287831783, -0.782482862473, -0.806715905666, -0.811434805393, -0.784034848213]}, "spectral_contrast_valleys": {"dmean": [0.372027128935, 0.330686181784, 0.310869187117, 0.277155607939, 0.25528049469, 0.348240703344], "dmean2": [0.606084823608, 0.531249284744, 0.500429570675, 0.423192918301, 0.357766479254, 0.42190527916], "max": [-5.76429414749, -5.2245054245, -6.02746915817, -6.79320144653, -6.37465238571, -7.04692363739], "dvar": [0.12788464129, 0.0986968651414, 0.0898693278432, 0.0810545310378, 0.0839276835322, 0.161680459976], "mean": [-7.64754104614, -7.14351558685, -8.34126663208, -8.96534442902, -8.63506126404, -10.5969228745], "dvar2": [0.265446603298, 0.187958732247, 0.17005109787, 0.131355717778, 0.110037475824, 0.216943785548], "min": [-27.583026886, -27.367433548, -27.0969219208, -27.1282539368, -27.2684249878, -27.3354072571], "var": [1.18549883366, 1.01090848446, 1.22870540619, 1.15047490597, 1.44806146622, 1.71571075916], "median": [-7.46692705154, -7.02185678482, -8.21014881134, -8.8083114624, -8.4438419342, -10.3739147186]}, "silence_rate_20dB": {"dmean": 0, "dmean2": 0, "max": 1, "dvar": 0, "mean": 1, "dvar2": 0, "min": 1, "var": 0, "median": 1}, "silence_rate_30dB": {"dmean": 0.00651041651145, "dmean2": 0.0130229527131, "max": 1, "dvar": 0.00646772654727, "mean": 0.988283157349, "dvar2": 0.0144799733534, "min": 0, "var": 0.0115795955062, "median": 1}, "spectral_strongpeak": {"dmean": 0.362194448709, "dmean2": 0.581013143063, "max": 20.2004013062, "dvar": 0.404762625694, "mean": 0.838518381119, "dvar2": 0.987980008125, "min": 0, "var": 0.877087235451, "median": 0.536044359207}, "spectral_spread": {"dmean": 679189.75, "dmean2": 938379.5625, "max": 40500680, "dvar": 716072222720, "mean": 5107691.5, "dvar2": 1237642117120.0, "min": 1157812.625, "var": 3390678237180.0, "median": 5044993.5}, "barkbands_flatness_db": {"dmean": 0.0242548342794, "dmean2": 0.0365703776479, "max": 0.517805397511, "dvar": 0.000542399298865, "mean": 0.206917122006, "dvar2": 0.00117406912614, "min": 0.0344472639263, "var": 0.00451867468655, "median": 0.199681848288}, "pitch_salience": {"dmean": 0.0703535154462, "dmean2": 0.113413184881, "max": 0.85498213768, "dvar": 0.00398792559281, "mean": 0.551532745361, "dvar2": 0.00979762151837, "min": 0.0628116503358, "var": 0.0148046221584, "median": 0.564730226994}, "erbbands_kurtosis": {"dmean": 2.64471840858, "dmean2": 4.07407331467, "max": 120.989868164, "dvar": 17.5751991272, "mean": 4.8564157486, "dvar2": 37.3423500061, "min": -1.85915708542, "var": 71.673538208, "median": 2.05212211609}, "average_loudness": 0.55300873518, "barkbands_crest": {"dmean": 2.69987607002, "dmean2": 4.3921456337, "max": 26.4619216919, "dvar": 6.19472551346, "mean": 13.2352666855, "dvar2": 15.5850515366, "min": 3.20433688164, "var": 22.2641601563, "median": 12.5836172104}, "hfc": {"dmean": 4.32619810104, "dmean2": 5.71366167068, "max": 324.738220215, "dvar": 117.670372009, "mean": 13.2644805908, "dvar2": 209.418518066, "min": 1.10089203027e-16, "var": 425.925292969, "median": 6.25735998154}, "barkbands_kurtosis": {"dmean": 8.13841342926, "dmean2": 12.709072113, "max": 271.644439697, "dvar": 181.643478394, "mean": 16.3603782654, "dvar2": 434.371246338, "min": -1.91090667248, "var": 475.712524414, "median": 10.0227308273}, "erbbands": {"dmean": [0.00686384178698, 0.119944274426, 0.509563148022, 1.22842240334, 11.4166975021, 21.7375869751, 13.2907752991, 8.16287326813, 6.20860719681, 6.12940740585, 10.4745063782, 8.62787723541, 3.37784314156, 4.35539150238, 6.02944517136, 5.50820922852, 5.34675216675, 3.87276291847, 2.63299441338, 1.22230398655, 1.86687624454, 2.46522068977, 3.30926299095, 2.95632624626, 3.35979557037, 3.22287940979, 3.83289456367, 4.12307167053, 4.56174612045, 4.62094163895, 2.24708175659, 1.5136179924, 0.909574449062, 0.608626425266, 0.282278209925, 0.0523845218122, 0.00426166737452, 0.000193673826288, 1.10942519314e-05, 8.87093756319e-06], "dmean2": [0.00976680219173, 0.177895277739, 0.769173264503, 1.85222148895, 18.1192264557, 34.4068870544, 19.9175395966, 12.2707033157, 9.10219097137, 8.79992389679, 14.1312236786, 11.863322258, 4.93158435822, 6.43624687195, 8.54909133911, 8.27654743195, 7.47462940216, 5.44269752502, 3.9370136261, 1.88405394554, 2.70462632179, 3.41137528419, 4.76998901367, 4.06888389587, 4.80000495911, 4.54445648193, 5.46693372726, 5.87515974045, 6.41563653946, 6.45714187622, 3.26997637749, 2.13922524452, 1.29087173939, 0.83548861742, 0.381868064404, 0.0729283690453, 0.00579456938431, 0.000259250722593, 1.47598830154e-05, 1.29830705191e-05], "max": [0.334703207016, 3.96205067635, 27.907453537, 171.490402222, 811.56817627, 1340.81872559, 1381.95397949, 861.695617676, 642.182922363, 976.043273926, 1352.47607422, 1550.72827148, 634.421325684, 627.13885498, 664.229370117, 862.391418457, 717.340270996, 589.335876465, 349.638153076, 110.24256897, 390.777313232, 295.043029785, 334.967773438, 370.022033691, 671.629516602, 333.812713623, 288.307067871, 326.169403076, 611.105407715, 633.434753418, 465.124328613, 302.808502197, 138.232849121, 105.121704102, 60.340637207, 9.17456626892, 0.719349324703, 0.0247922837734, 0.00155327247921, 0.000296362792142], "dvar": [0.00013598096848, 0.0362695343792, 0.913488328457, 8.7774848938, 631.175476074, 2247.96875, 1066.50463867, 360.614868164, 364.869659424, 692.426513672, 1693.84960938, 1131.83776855, 213.279830933, 313.375305176, 706.806396484, 526.379577637, 445.471405029, 237.368118286, 116.393058777, 17.0738658905, 90.2058105469, 56.1734428406, 75.8888473511, 100.094749451, 232.644760132, 104.677848816, 112.030311584, 148.722976685, 322.240081787, 483.005462646, 191.046737671, 65.1818771362, 16.5701656342, 8.24424266815, 2.01989531517, 0.050661187619, 0.000246581970714, 5.19715229075e-07, 1.43823575272e-09, 2.18948872921e-10], "mean": [0.0230090562254, 0.350555121899, 1.41683864594, 2.65726804733, 19.2028598785, 39.1749382019, 28.7508068085, 18.9375019073, 12.935092926, 12.6663894653, 20.9250965118, 16.3456134796, 5.88984203339, 7.82844686508, 10.8277139664, 9.9655380249, 9.92385864258, 7.23337459564, 4.85415267944, 2.0777733326, 3.37806725502, 5.41641521454, 7.21060752869, 6.37509584427, 6.55316638947, 6.85375452042, 9.02755737305, 8.49938011169, 8.11618804932, 7.58759212494, 3.39452958107, 2.43895745277, 1.52444934845, 1.01473724842, 0.471136659384, 0.0864497795701, 0.00707219308242, 0.000336899771355, 2.72300294455e-05, 2.74961748801e-05], "dvar2": [0.000207483390113, 0.0728597193956, 1.97811353207, 16.4594841003, 1377.10827637, 5244.29101563, 2027.37805176, 704.407043457, 641.825439453, 1280.15942383, 2475.89916992, 2042.64465332, 418.350524902, 669.005554199, 1282.49047852, 1136.859375, 825.620605469, 425.429962158, 243.83380127, 41.2163696289, 168.627655029, 97.0707550049, 138.794723511, 179.681289673, 464.145782471, 201.692733765, 233.443557739, 325.505401611, 615.450256348, 965.016906738, 412.538757324, 111.386528015, 35.4263076782, 14.6762247086, 2.97952246666, 0.0781891793013, 0.000351277383743, 7.53797849029e-07, 2.11972972508e-09, 4.54201731781e-10], "min": [5.92665619268e-22, 3.81155859756e-21, 5.81849546135e-21, 4.45519316362e-20, 1.37314876816e-19, 2.17613925918e-19, 9.39773464853e-20, 2.49168333046e-19, 6.19079806517e-19, 1.32665087798e-18, 1.63804643169e-18, 1.00246390667e-18, 2.159887073e-18, 1.89268602165e-18, 1.65649380012e-18, 3.93809191826e-18, 3.38001611323e-18, 6.05237962602e-18, 9.47847817797e-18, 7.85362992994e-18, 1.36158081273e-17, 7.99553193684e-18, 1.04857872951e-17, 1.23901679962e-17, 1.57542122858e-17, 1.36315766713e-17, 1.23946041659e-17, 1.936442718e-17, 1.64892234714e-17, 1.73586200737e-17, 1.87431582917e-17, 1.71162975133e-17, 1.11316035952e-17, 1.29664928531e-17, 1.00433407931e-17, 6.86590720897e-18, 2.45468411035e-18, 1.34518871929e-18, 3.36474610063e-19, 3.38179125575e-20], "var": [0.00138337526005, 0.204667031765, 5.49949359894, 45.7044334412, 1808.94421387, 5630.38916016, 3767.92089844, 1194.40661621, 1070.73999023, 1641.59387207, 5892.59277344, 3322.25512695, 430.142486572, 913.052429199, 1780.83532715, 1469.5612793, 1378.04309082, 659.271484375, 346.643981934, 25.6225090027, 178.898223877, 229.629379272, 290.760528564, 411.087158203, 630.440673828, 337.880737305, 460.280151367, 400.088409424, 752.782348633, 938.023376465, 341.503417969, 160.434951782, 38.2031402588, 21.0946483612, 5.87236261368, 0.147685721517, 0.000793351733591, 1.65294272847e-06, 4.78612527388e-09, 9.15632403231e-10], "median": [0.0105259055272, 0.190388515592, 0.526169598103, 1.1000084877, 6.18810319901, 16.5167617798, 13.6969194412, 8.51997661591, 5.07512521744, 4.08801746368, 4.12164258957, 3.42992281914, 1.64438986778, 1.31355917454, 1.05885064602, 1.0330773592, 1.06997072697, 0.764619410038, 0.662577927113, 0.60179412365, 0.564842820168, 0.810898303986, 1.40688681602, 1.09083235264, 0.622098505497, 0.711639761925, 0.79106926918, 0.871533751488, 0.888431191444, 0.854429662228, 0.462824881077, 0.330421060324, 0.248970106244, 0.120399847627, 0.0463179685175, 0.01038791053, 0.00104999961331, 5.36381339771e-05, 1.16645869639e-05, 1.91909639398e-05]}, "spectral_energy": {"dmean": 0.0070468285121, "dmean2": 0.0106143429875, "max": 0.232580721378, "dvar": 0.000130834479933, "mean": 0.0214469823986, "dvar2": 0.000299707957311, "min": 1.01318210915e-20, "var": 0.000516167026944, "median": 0.0156093472615}, "zerocrossingrate": {"dmean": 0.00927591323853, "dmean2": 0.0107665099204, "max": 0.50390625, "dvar": 0.000240981535171, "mean": 0.0441607274115, "dvar2": 0.000308833667077, "min": 0.0048828125, "var": 0.00171055039391, "me