{"lowlevel": {"erbbands": {"mean": [0.3832269907, 1.79766523838, 4.36961507797, 7.79763698578, 13.3988857269, 15.9108324051, 14.9059762955, 21.8624000549, 21.357208252, 24.8330478668, 20.4903697968, 20.4803390503, 20.6860160828, 23.0507106781, 15.8719997406, 15.9186162949, 15.3602237701, 14.656908989, 16.4746170044, 18.4615211487, 19.4508228302, 20.8751831055, 15.7409639359, 11.9431724548, 10.2412805557, 7.39268350601, 5.53386449814, 3.51007533073, 2.07084321976, 1.5396951437, 1.10204517841, 0.629631459713, 0.262497752905, 0.0891497656703, 0.0339858978987, 0.0537427179515, 0.0656527131796, 0.0437922850251, 0.026062252, 0.0137012591586], "dvar": [0.458934128284, 9.04247665405, 43.0580024719, 83.8286743164, 499.72064209, 555.723510742, 522.004882812, 765.666687012, 781.417724609, 1271.64025879, 1090.27832031, 1168.29016113, 1803.68469238, 716.182250977, 343.726074219, 426.043273926, 432.77331543, 421.652801514, 447.91998291, 371.227264404, 522.138305664, 570.600585938, 420.130371094, 315.177215576, 235.798614502, 115.847015381, 82.829750061, 27.6036109924, 6.6269235611, 4.06402873993, 2.3307158947, 0.729705035686, 0.0962950214744, 0.00882997643203, 0.00131763005629, 0.00330299790949, 0.00699256593361, 0.00281982915476, 0.0012231717119, 4.30892687291e-05], "min": [7.21926484029e-21, 1.13481934134e-20, 3.70452675773e-21, 2.06163668595e-20, 7.85552231238e-20, 2.7114274791e-19, 4.40944135158e-19, 1.12893051654e-18, 5.4729278196e-19, 2.77379948223e-19, 9.80019498117e-19, 1.59731068166e-18, 1.44176919024e-18, 2.81439021716e-18, 3.08274518546e-18, 1.85974768966e-18, 4.57329052808e-18, 5.17250967639e-18, 4.82705630513e-18, 4.31905491245e-18, 6.71181710933e-18, 5.80450254776e-18, 9.81749567048e-18, 1.2487585057e-17, 1.71613606587e-17, 1.52137109669e-17, 2.0445970794e-17, 2.28759379205e-17, 1.50794578991e-17, 9.99089754229e-18, 1.56577878418e-17, 1.52388225159e-17, 1.48150975928e-17, 1.7637136749e-17, 1.03997282513e-17, 6.63759005706e-18, 3.7543498752e-18, 1.5777039162e-18, 3.38804054066e-19, 3.69365870308e-20], "dmean": [0.333681941032, 1.53508543968, 3.56647706032, 5.16171693802, 8.4840965271, 10.3404531479, 9.92926883698, 13.0156412125, 12.8492193222, 15.0132980347, 13.6740093231, 13.3957090378, 13.3258724213, 14.1434164047, 9.28026485443, 9.7369260788, 9.34679508209, 9.26115512848, 9.76974487305, 9.85268211365, 11.4722566605, 11.1957092285, 8.83192634583, 7.53755378723, 6.75886297226, 4.78414869308, 3.63505148888, 2.21575331688, 1.34226214886, 1.08571004868, 0.853502988815, 0.495912700891, 0.188246697187, 0.0600624494255, 0.0241400767118, 0.036200851202, 0.0491060316563, 0.0280628204346, 0.0144012514502, 0.00460114469752], "dmean2": [0.557257652283, 2.57017850876, 6.0955696106, 8.59565734863, 13.1597518921, 15.9151439667, 16.0737743378, 20.7671451569, 20.5959224701, 24.3470916748, 22.1689891815, 21.8216571808, 21.1724967957, 23.0758934021, 15.2091588974, 15.9869966507, 15.0157375336, 14.9456453323, 15.5384378433, 15.1030988693, 17.4142723083, 16.2996616364, 12.5100564957, 10.5765161514, 9.56554698944, 6.76516771317, 5.35535812378, 3.19486761093, 1.93382620811, 1.61869525909, 1.34255588055, 0.79009115696, 0.286678284407, 0.0922414213419, 0.0381087400019, 0.0546688102186, 0.0766127109528, 0.0406191572547, 0.0195577256382, 0.00653481995687], "dvar2": [1.203774333, 23.2788944244, 115.02948761, 212.73576355, 936.797119141, 1134.84033203, 1274.96618652, 1766.39660645, 1718.76025391, 3065.74291992, 2739.59619141, 2851.61791992, 4127.43359375, 1919.37915039, 902.371643066, 1080.76513672, 1113.21618652, 1067.93713379, 1102.73571777, 876.89855957, 1203.91357422, 1190.12145996, 833.676208496, 600.136352539, 517.543212891, 263.481781006, 197.872116089, 58.1431083679, 14.1394414902, 8.28852844238, 5.38915872574, 1.79699981213, 0.213554665446, 0.019595194608, 0.00310364016332, 0.00719751697034, 0.0165764521807, 0.00544098718092, 0.0023997942917, 8.76114718267e-05], "max": [8.90400695801, 36.7249794006, 108.358894348, 185.294189453, 1298.51660156, 711.883666992, 768.356323242, 716.64276123, 992.139343262, 1474.36535645, 799.954956055, 1239.11743164, 1721.33483887, 804.140563965, 422.160614014, 388.736236572, 696.797363281, 341.730438232, 348.130310059, 470.053192139, 367.913116455, 692.385009766, 872.29296875, 450.719451904, 492.772003174, 320.725006104, 423.1065979, 204.639419556, 85.4847335815, 54.257724762, 29.685174942, 10.1164598465, 3.25297164917, 1.92023968697, 0.478217482567, 0.848202168941, 1.379301548, 2.34356379509, 1.37517130375, 0.145734220743], "median": [0.112321943045, 0.684984505177, 1.8926961422, 3.4862215519, 5.43474006653, 6.0035815239, 6.4993481636, 8.03066635132, 9.00618171692, 8.82417392731, 7.80027389526, 6.58443260193, 5.26495552063, 10.0891304016, 6.07021999359, 5.79677200317, 5.30551576614, 5.00804948807, 4.69074678421, 5.01367521286, 4.41291666031, 3.67378473282, 3.1581966877, 2.7692053318, 2.11977243423, 1.20626139641, 0.808871865273, 0.524350106716, 0.388553023338, 0.267388701439, 0.175313919783, 0.102875210345, 0.0529134124517, 0.0258758068085, 0.0135265374556, 0.0139243304729, 0.0132493767887, 0.00960821099579, 0.00744373211637, 0.00891865976155], "var": [0.494329690933, 9.88112354279, 49.1573066711, 157.139846802, 1029.82470703, 1152.75634766, 803.829467773, 1664.50439453, 1779.73474121, 3503.75415039, 1705.26940918, 1985.66943359, 3376.48193359, 1345.29602051, 620.889465332, 739.365844727, 749.814697266, 662.539611816, 867.001098633, 1062.0925293, 1162.86560059, 1650.11608887, 1041.52624512, 702.173706055, 475.997528076, 309.873046875, 224.463317871, 97.0248260498, 20.0301494598, 10.1320877075, 3.87316942215, 1.13364231586, 0.18196618557, 0.0210409909487, 0.00242113764398, 0.00720769213513, 0.0118191158399, 0.00793482828885, 0.00400234991685, 0.000185516168131]}, "gfcc": {"icov": [[0.000116254333989, -0.000366268126527, 0.000450099585578, -0.000413536501583, 0.000234928360442, -6.56330230413e-05, -3.00313458865e-05, 9.06130007934e-05, 2.74791345873e-05, -0.00020461724489, 0.000520498433616, -0.000500600144733, 0.000310501898639], [-0.000366268126527, 0.00356743391603, -0.00287295901217, 0.00248091993853, -0.0022565734107, 0.000486608216306, 0.000650874222629, 0.00158832175657, -0.00301800202578, 0.00413540378213, -0.00558315124363, 0.00511126406491, -0.00300204171799], [0.000450099585578, -0.00287295901217, 0.00536840502173, -0.0033597163856, 0.00471528153867, -0.00326345069334, -4.21728982474e-05, -0.000233106635278, 0.00146880606189, -0.000488244724693, -0.000154207620653, 0.001571585075, -0.000233343133004], [-0.000413536501583, 0.00248091993853, -0.0033597163856, 0.0070672519505, -0.00649622827768, 0.00371502293274, -0.00033588745282, -0.00178560405038, 0.00357324583456, -0.00441394653171, 0.0034058149904, -0.00441274326295, 0.00303180259652], [0.000234928360442, -0.0022565734107, 0.00471528153867, -0.00649622827768, 0.0125370873138, -0.00685197860003, -0.000495333515573, 0.00371903693303, -0.00568188680336, 0.00568739976734, -0.0055619282648, 0.00536961853504, -0.00345045817085], [-6.56330230413e-05, 0.000486608216306, -0.00326345069334, 0.00371502293274, -0.00685197860003, 0.0113480621949, -0.000939879741054, -0.00388439535163, 0.00641439529136, -0.00739170797169, 0.00897778011858, -0.00825831852853, 0.00364737026393], [-3.00313458865e-05, 0.000650874222629, -4.21728982474e-05, -0.00033588745282, -0.000495333515573, -0.000939879741054, 0.0100637981668, -0.00336777744815, -0.00310032442212, 0.00661846902221, -0.00711064087227, 0.00386977405287, -0.00225281971507], [9.06130007934e-05, 0.00158832175657, -0.000233106635278, -0.00178560405038, 0.00371903693303, -0.00388439535163, -0.00336777744815, 0.0166774727404, -0.00973111577332, 0.00183091766667, -0.00194883276708, 0.00461937254295, -0.00507248239592], [2.74791345873e-05, -0.00301800202578, 0.00146880606189, 0.00357324583456, -0.00568188680336, 0.00641439529136, -0.00310032442212, -0.00973111577332, 0.0257274713367, -0.018828285858, 0.0125388689339, -0.0124594056979, 0.00874674413353], [-0.00020461724489, 0.00413540378213, -0.000488244724693, -0.00441394653171, 0.00568739976734, -0.00739170797169, 0.00661846902221, 0.00183091766667, -0.018828285858, 0.0346813350916, -0.0288386996835, 0.0177683085203, -0.00787331908941], [0.000520498433616, -0.00558315124363, -0.000154207620653, 0.0034058149904, -0.0055619282648, 0.00897778011858, -0.00711064087227, -0.00194883276708, 0.0125388689339, -0.0288386996835, 0.0476008206606, -0.0302081368864, 0.0112088890746], [-0.000500600144733, 0.00511126406491, 0.001571585075, -0.00441274326295, 0.00536961853504, -0.00825831852853, 0.00386977405287, 0.00461937254295, -0.0124594056979, 0.0177683085203, -0.0302081368864, 0.0428810939193, -0.0193099472672], [0.000310501898639, -0.00300204171799, -0.000233343133004, 0.00303180259652, -0.00345045817085, 0.00364737026393, -0.00225281971507, -0.00507248239592, 0.00874674413353, -0.00787331908941, 0.0112088890746, -0.0193099472672, 0.0237341336906]], "mean": [-43.7799911499, 100.825721741, -65.9739990234, -3.27890706062, -24.2510318756, -14.2078056335, -9.69183635712, -10.5418863297, -6.1622004509, -10.7882871628, -4.96572875977, -4.02128982544, -6.47911024094], "cov": [[22808.9609375, -672.49407959, -2620.28540039, 1637.72619629, 1040.95080566, -360.165100098, -59.5624885559, -198.488449097, 430.288787842, 128.947479248, -11.0039806366, 386.690826416, -255.810012817], [-672.49407959, 1833.91174316, 712.274108887, -692.336425781, -76.5180435181, -18.2316493988, 16.8845329285, -153.4402771, -64.3253707886, -175.640197754, 41.3555259705, -174.00138855, 101.034713745], [-2620.28540039, 712.274108887, 936.646911621, -305.504425049, -238.515975952, 104.831451416, -14.9050302505, -21.8692646027, -133.403152466, -65.5228424072, -7.5825881958, -123.688301086, 46.1087036133], [1637.72619629, -692.336425781, -305.504425049, 661.030334473, 207.660720825, 4.13592672348, -5.18570566177, 46.332408905, 44.0266609192, 98.7634811401, 0.477669030428, 94.3305969238, -64.4174575806], [1040.95080566, -76.5180435181, -238.515975952, 207.660720825, 271.158721924, 35.4292259216, 26.9753646851, -9.77124786377, 49.8372001648, 14.4793834686, 14.1759300232, 38.249546051, -6.8583779335], [-360.165100098, -18.2316493988, 104.831451416, 4.13592672348, 35.4292259216, 175.356521606, 6.08592271805, 25.2775287628, -22.7375202179, 6.44575357437, -13.7893180847, 5.49023294449, 8.5875120163], [-59.5624885559, 16.8845329285, -14.9050302505, -5.18570566177, 26.9753646851, 6.08592271805, 138.975479126, 41.3584136963, 25.2805595398, -7.09875679016, 17.7364292145, 7.36385726929, 14.3910598755], [-198.488449097, -153.4402771, -21.8692646027, 46.332408905, -9.77124786377, 25.2775287628, 41.3584136963, 121.443534851, 53.6033477783, 43.4810371399, 6.9992814064, 16.0229949951, 6.0309305191], [430.288787842, -64.3253707886, -133.403152466, 44.0266609192, 49.8372001648, -22.7375202179, 25.2805595398, 53.6033477783, 125.6147995, 68.8830795288, 28.0889263153, 25.8856925964, -11.7531270981], [128.947479248, -175.640197754, -65.5228424072, 98.7634811401, 14.4793834686, 6.44575357437, -7.09875679016, 43.4810371399, 68.8830795288, 119.409065247, 47.1696205139, 28.6894035339, -12.1389951706], [-11.0039806366, 41.3555259705, -7.5825881958, 0.477669030428, 14.1759300232, -13.7893180847, 17.7364292145, 6.9992814064, 28.0889263153, 47.1696205139, 72.8544540405, 33.1227645874, 10.4362478256], [386.690826416, -174.00138855, -123.688301086, 94.3305969238, 38.249546051, 5.49023294449, 7.36385726929, 16.0229949951, 25.8856925964, 28.6894035339, 33.1227645874, 85.8918762207, 22.7226142883], [-255.810012817, 101.034713745, 46.1087036133, -64.4174575806, -6.8583779335, 8.5875120163, 14.3910598755, 6.0309305191, -11.7531270981, -12.1389951706, 10.4362478256, 22.7226142883, 81.1425094604]]}, "spectral_skewness": {"mean": 3.21136212349, "dvar": 1.00071585178, "min": 0.029953463003, "dmean": 0.729420006275, "dmean2": 1.13498318195, "dvar2": 2.6578476429, "max": 13.7727003098, "median": 2.75533771515, "var": 2.55026865005}, "spectral_energyband_low": {"mean": 0.0177785027772, "dvar": 0.000362751394277, "min": 1.57589468237e-22, "dmean": 0.0116417510435, "dmean2": 0.0187053084373, "dvar2": 0.000887718982995, "max": 0.206214636564, "median": 0.00976924598217, "var": 0.000531356199645}, "spectral_energyband_middle_low": {"mean": 0.0135296359658, "dvar": 8.19759225124e-05, "min": 3.31842329364e-22, "dmean": 0.00563132343814, "dmean2": 0.0085232341662, "dvar2": 0.000170019702637, "max": 0.361332148314, "median": 0.00924007687718, "var": 0.000236172912992}, "mfcc": {"icov": [[0.00017859863874, -0.000129705804284, 0.000388110929634, -0.000347000168404, 0.000109349908598, -0.000417625094997, 0.000360134989023, -0.000113642941869, 0.000152538297698, -0.000511956925038, 0.000622467603534, -0.000510216457769, 0.00027960864827], [-0.000129705804284, 0.000859413237777, -0.00053496635519, 0.000891562609468, -0.000363473169273, 0.0004255984677, -0.000318544043694, 7.11198081262e-05, 2.88986739179e-05, 0.000909299356863, -0.0012278216891, 0.00108896626625, -0.000237469386775], [0.000388110929634, -0.00053496635519, 0.00241024512798, -0.000402421108447, 0.000404581427574, -0.000192165782209, -0.000882492109668, 0.00113092979882, -0.000200285139726, -0.00045675932779, 0.00137089379132, -0.0017636254197, 0.00136443960946], [-0.000347000168404, 0.000891562609468, -0.000402421108447, 0.00487782387063, -0.00190080853645, 0.00124922010582, -0.00192946766037, -1.87261084648e-05, 0.00178217922803, -0.0017206055345, -2.01044840651e-05, -0.000612492382061, 0.000406746810768], [0.000109349908598, -0.000363473169273, 0.000404581427574, -0.00190080853645, 0.0097240852192, -0.00691733462736, 0.00222597946413, 0.000357199227437, -0.00228741625324, 0.00197524623945, -0.000369066285202, -0.00210755737498, 0.0019712052308], [-0.000417625094997, 0.0004255984677, -0.000192165782209, 0.00124922010582, -0.00691733462736, 0.0148301366717, -0.0064186770469, -0.000190603983356, 0.00287756626494, -0.00147498247679, 0.00103024276905, 0.00059539655922, -0.00176735501736], [0.000360134989023, -0.000318544043694, -0.000882492109668, -0.00192946766037, 0.00222597946413, -0.0064186770469, 0.0154515579343, -0.00565496925265, -0.00170231598895, 0.00355686387047, -0.0032488387078, 0.00299943680875, -0.000195439017261], [-0.000113642941869, 7.11198081262e-05, 0.00113092979882, -1.87261084648e-05, 0.000357199227437, -0.000190603983356, -0.00565496925265, 0.0167359597981, -0.00647752266377, -0.00167063996196, 0.00455170730129, -0.003470138181, 0.00243115052581], [0.000152538297698, 2.88986739179e-05, -0.000200285139726, 0.00178217922803, -0.00228741625324, 0.00287756626494, -0.00170231598895, -0.00647752266377, 0.0191368516535, -0.00935140997171, 0.002192764543, 0.00133266823832, -0.00260968715884], [-0.000511956925038, 0.000909299356863, -0.00045675932779, -0.0017206055345, 0.00197524623945, -0.00147498247679, 0.00355686387047, -0.00167063996196, -0.00935140997171, 0.028629899025, -0.0173538345844, 0.00388149172068, 0.000112784568046], [0.000622467603534, -0.0012278216891, 0.00137089379132, -2.01044840651e-05, -0.000369066285202, 0.00103024276905, -0.0032488387078, 0.00455170730129, 0.002192764543, -0.0173538345844, 0.0311044473201, -0.0152555480599, 0.00294387969188], [-0.000510216457769, 0.00108896626625, -0.0017636254197, -0.000612492382061, -0.00210755737498, 0.00059539655922, 0.00299943680875, -0.003470138181, 0.00133266823832, 0.00388149172068, -0.0152555480599, 0.0276692919433, -0.0142637137324], [0.00027960864827, -0.000237469386775, 0.00136443960946, 0.000406746810768, 0.0019712052308, -0.00176735501736, -0.000195439017261, 0.00243115052581, -0.00260968715884, 0.000112784568046, 0.00294387969188, -0.0142637137324, 0.0256676357239]], "mean": [-709.430969238, 161.94430542, 12.3452177048, 26.0296363831, 3.54494309425, 6.5849199295, 0.291536748409, 6.71388292313, -1.37421739101, 1.70989632607, -2.14787244797, 1.84820914268, 0.325807601213], "cov": [[17424.5429688, -1690.38122559, -2981.2800293, 1445.28991699, 561.795227051, 544.318664551, -344.288848877, 269.085327148, -84.0205307007, 378.999694824, -5.97400760651, 310.000305176, 59.097328186], [-1690.38122559, 2094.16235352, 641.358398438, -492.910522461, -93.3834533691, -89.3988876343, 51.7762680054, -76.5394058228, -11.5861024857, -121.080238342, -13.2562942505, -116.240127563, -43.5550498962], [-2981.2800293, 641.358398438, 1039.19250488, -261.711730957, -105.903373718, -88.4711074829, 88.198677063, -74.3850479126, 1.25438714027, -83.2895507812, -9.73828697205, -55.0056648254, -31.8823108673], [1445.28991699, -492.910522461, -261.711730957, 432.890350342, 105.448944092, 70.6920623779, -0.838888049126, 33.5243911743, -16.1345977783, 60.4767494202, 19.2867679596, 56.654258728, 7.7004032135], [561.795227051, -93.3834533691, -105.903373718, 105.448944092, 190.487838745, 99.3290786743, 5.61178779602, 15.5136833191, 0.828149437904, 9.41500663757, 4.45860624313, 25.0493755341, 1.21007943153], [544.318664551, -89.3988876343, -88.4711074829, 70.6920623779, 99.3290786743, 143.385391235, 37.7537651062, 23.3957862854, -6.95134115219, 6.25130844116, -4.10758399963, 11.7551221848, 3.41156625748], [-344.288848877, 51.7762680054, 88.198677063, -0.838888049126, 5.61178779602, 37.7537651062, 112.342330933, 32.9148750305, 14.1013479233, -13.0488061905, -5.03804016113, -16.8966884613, -7.86001825333], [269.085327148, -76.5394058228, -74.3850479126, 33.5243911743, 15.5136833191, 23.3957862854, 32.9148750305, 97.0405044556, 36.5957336426, 16.5300312042, -7.73656320572, 3.84315919876, -2.06654334068], [-84.0205307007, -11.5861024857, 1.25438714027, -16.1345977783, 0.828149437904, -6.95134115219, 14.1013479233, 36.5957336426, 83.6351547241, 30.1454925537, 8.37117099762, 0.819619059563, 4.96226835251], [378.999694824, -121.080238342, -83.2895507812, 60.4767494202, 9.41500663757, 6.25130844116, -13.0488061905, 16.5300312042, 30.1454925537, 83.2182540894, 44.7721099854, 28.353761673, 9.58340454102], [-5.97400760651, -13.2562942505, -9.73828697205, 19.2867679596, 4.45860624313, -4.10758399963, -5.03804016113, -7.73656320572, 8.37117099762, 44.7721099854, 78.0121536255, 45.3943710327, 17.1566677094], [310.000305176, -116.240127563, -55.0056648254, 56.654258728, 25.0493755341, 11.7551221848, -16.8966884613, 3.84315919876, 0.819619059563, 28.353761673, 45.3943710327, 90.2221603394, 40.8563842773], [59.097328186, -43.5550498962, -31.8823108673, 7.7004032135, 1.21007943153, 3.41156625748, -7.86001825333, -2.06654334068, 4.96226835251, 9.58340454102, 17.1566677094, 40.8563842773, 60.9623756409]]}, "silence_rate_20dB": {"mean": 0.999898910522, "dvar": 0.000202183568035, "min": 0, "dmean": 0.000202224473469, "dmean2": 0.00040448983782, "dvar2": 0.000606571149547, "max": 1, "median": 1, "var": 0.000101091791294}, "dynamic_complexity": 4.13694810867, "silence_rate_60dB": {"mean": 0.0973612368107, "dvar": 0.0145444581285, "min": 0, "dmean": 0.0147623866796, "dmean2": 0.0295277573168, "dvar2": 0.0341164842248, "max": 1, "median": 0, "var": 0.08788202703}, "dissonance": {"mean": 0.444779157639, "dvar": 0.0013164418051, "min": 0.0868789926171, "dmean": 0.0304259788245, "dmean2": 0.0509763881564, "dvar2": 0.00366318970919, "max": 0.500000059605, "median": 0.465336501598, "var": 0.00311910570599}, "barkbands": {"mean": [0.00355700380169, 0.00966235250235, 0.00410765688866, 0.00254930462688, 0.00494429236278, 0.00240584649146, 0.00161191006191, 0.000911376439035, 0.000883567903657, 0.000727554317564, 0.000387677864637, 0.000387576903449, 0.000320408435073, 0.000280086765997, 0.000351960014086, 0.000330477691023, 0.000386430416256, 0.000257571286056, 0.000222339658649, 0.000152809778228, 0.000111285735329, 5.55745609745e-05, 4.09040112572e-05, 2.15737854887e-05, 5.96262043473e-06, 2.99774474115e-05, 0.000321723113302], "dvar": [5.08173725393e-05, 0.000216668922803, 3.88139706047e-05, 1.19330152302e-05, 4.2307205149e-05, 8.8474007498e-06, 3.94656353819e-06, 1.84705845641e-06, 2.31810417972e-06, 1.14180375022e-06, 3.45942765989e-07, 2.50774206734e-07, 2.1205819678e-07, 2.16610402504e-07, 1.461981185e-07, 1.57722297445e-07, 2.20105945914e-07, 1.35184620831e-07, 1.12709230393e-07, 4.75503796338e-08, 3.08596419529e-08, 4.88505724761e-09, 2.91345747527e-09, 7.52150119965e-10, 3.93933149989e-11, 1.20720644592e-09, 6.00754930247e-08], "min": [3.98195527939e-23, 1.1827078532e-22, 2.1790485876e-24, 1.64071598248e-23, 6.2161980585e-23, 1.14697409502e-22, 2.22648922305e-23, 2.97242852196e-23, 7.72048449173e-23, 4.75738314557e-23, 8.81202122887e-23, 3.48543991476e-23, 9.54011207648e-23, 1.14409279634e-22, 9.66430907522e-23, 1.0196005743e-22, 8.43770799152e-23, 1.66489838732e-22, 3.29839127536e-22, 3.09320211681e-22, 6.00230959432e-22, 3.63101845191e-22, 4.91030547288e-22, 7.68863672549e-22, 1.56649358084e-21, 2.0686844021e-21, 2.39365935018e-21], "dmean": [0.00329123740084, 0.00778646068648, 0.00337703968398, 0.00180260255001, 0.00302689825185, 0.00144334160723, 0.000971171597484, 0.000629526097327, 0.000589605770074, 0.000476226035971, 0.000258241401752, 0.000244794995524, 0.000206868717214, 0.00019149480795, 0.000198552719667, 0.00019923671789, 0.000212748956983, 0.000160979703651, 0.000146183054312, 9.98524847091e-05, 7.00127347955e-05, 3.69115368812e-05, 3.07766640617e-05, 1.61564039445e-05, 4.12675535699e-06, 2.12368613575e-05, 0.000140787611599], "dmean2": [0.00542640546337, 0.0127879083157, 0.00581624358892, 0.00297491601668, 0.0046226112172, 0.00230620754883, 0.00156939413864, 0.00102134153713, 0.000959923665505, 0.000770513841417, 0.00042327112169, 0.000403983314754, 0.000335187563905, 0.000314202043228, 0.000311470561428, 0.000306047324557, 0.000318357779179, 0.000228278717259, 0.000210623460589, 0.000141263430123, 0.000102748461359, 5.33959682798e-05, 4.80342896481e-05, 2.52504942182e-05, 6.43416524326e-06, 3.24934371747e-05, 0.000193328552996], "dvar2": [0.000126773607917, 0.000540803303011, 0.000104189355625, 2.94939345622e-05, 8.15615203464e-05, 2.02165701921e-05, 9.49307013798e-06, 4.67820927952e-06, 5.72468252358e-06, 2.74134799838e-06, 9.0643106887e-07, 6.49800313113e-07, 5.50576203295e-07, 5.69632561565e-07, 3.4513823266e-07, 3.82020829193e-07, 4.84767554099e-07, 2.60058158119e-07, 2.44336661126e-07, 1.08228590534e-07, 7.03477951447e-08, 1.00508570355e-08, 6.5464385024e-09, 1.79060555272e-09, 8.96352436719e-11, 2.66601873911e-09, 1.13927960399e-07], "max": [0.0797002762556, 0.170908302069, 0.124799527228, 0.0941694751382, 0.290565222502, 0.0798638910055, 0.0620236061513, 0.0299220550805, 0.0518593601882, 0.0314349457622, 0.0123734679073, 0.0108593488112, 0.0134081831202, 0.0091460943222, 0.00709598744288, 0.0067227804102, 0.0117961894721, 0.0145664783195, 0.0105493916199, 0.00576484622434, 0.00822559650987, 0.00188809400424, 0.000966508931015, 0.000291732751066, 0.000102632395283, 0.000666072766762, 0.00699948519468], "median": [0.000675050716382, 0.00367114227265, 0.00161673710681, 0.00103531626519, 0.00207648868673, 0.000971163390204, 0.000618028803729, 0.000345975946402, 0.000250966753811, 0.000268471922027, 0.000126041195472, 0.000127261795569, 0.000106364866951, 8.59525825945e-05, 8.61485023052e-05, 8.03489601822e-05, 6.45999461995e-05, 5.6056491303e-05, 4.90970014653e-05, 2.5299450499e-05, 1.59256469487e-05, 1.04167465906e-05, 6.62847332933e-06, 3.92816173189e-06, 2.03881040761e-06, 6.4330611167e-06, 0.000128272877191], "var": [5.66777198401e-05, 0.000263572117547, 4.80226372019e-05, 2.20563724724e-05, 9.3428985565e-05, 1.80294427992e-05, 9.48727029026e-06, 3.02575858768e-06, 3.84416762245e-06, 2.24078485189e-06, 5.28996110916e-07, 4.56451772379e-07, 3.44220353554e-07, 2.96388918741e-07, 3.81517423875e-07, 3.5565261669e-07, 6.05333298154e-07, 3.11122363428e-07, 2.27583356605e-07, 1.19073192195e-07, 1.11646187406e-07, 1.37847315784e-08, 5.36376498772e-09, 1.26785126842e-09, 8.2904523524e-11, 2.36745711923e-09, 2.34194999393e-07]}, "spectral_complexity": {"mean": 17.0921039581, "dvar": 28.0643959045, "min": 0, "dmean": 4.34762382507, "dmean2": 6.0859541893, "dvar2": 47.1587562561, "max": 60, "median": 13, "var": 159.200790405}, "spectral_energyband_high": {"mean": 0.000580928986892, "dvar": 3.04669868001e-07, "min": 8.25700896297e-21, "dmean": 0.000313223194098, "dmean2": 0.000435875233961, "dvar2": 5.78401056828e-07, "max": 0.0174964610487, "median": 0.000158324677614, "var": 1.12906877803e-06}, "hfc": {"mean": 242.74005127, "dvar": 26736.2890625, "min": 1.22941194231e-16, "dmean": 98.6706695557, "dmean2": 151.439407349, "dvar2": 63036.9648438, "max": 2869.81713867, "median": 177.533981323, "var": 57730.375}, "melbands_kurtosis": {"mean": 14.9615793228, "dvar": 179.022033691, "min": -1.90159773827, "dmean": 8.91625881195, "dmean2": 14.4100208282, "dvar2": 432.765960693, "max": 276.11505127, "median": 8.57682037354, "var": 395.196105957}, "spectral_strongpeak": {"mean": 7.74629354477, "dvar": 607.643676758, "min": 0, "dmean": 9.90278053284, "dmean2": 18.3941783905, "dvar2": 1651.65148926, "max": 239.473480225, "median": 0.375490576029, "var": 514.220031738}, "silence_rate_30dB": {"mean": 0.927509844303, "dvar": 0.0724770873785, "min": 0, "dmean": 0.0786653161049, "dmean2": 0.15734654665, "dvar2": 0.170610651374, "max": 1, "median": 1, "var": 0.0672353208065}, "melbands_spread": {"mean": 14.6317777634, "dvar": 54.8210754395, "min": 0.437054604292, "dmean": 5.15500116348, "dmean2": 7.91648197174, "dvar2": 116.441375732, "max": 172.216186523, "median": 9.69370365143, "var": 311.843048096}, "melbands_crest": {"mean": 16.0925064087, "dvar": 13.7137861252, "min": 1.69212663174, "dmean": 4.24455165863, "dmean2": 6.9302945137, "dvar2": 36.4959449768, "max": 37.8178939819, "median": 15.2458543777, "var": 36.5119819641}, "average_loudness": 0.750329375267, "spectral_flux": {"mean": 0.109195992351, "dvar": 0.00125757860951, "min": 1.04509075005e-10, "dmean": 0.0295210666955, "dmean2": 0.0467073246837, "dvar2": 0.00287470640615, "max": 0.431311517954, "median": 0.106250874698, "var": 0.00471393112093}, "spectral_rolloff": {"mean": 18042.6855469, "dvar": 51318060, "min": 21.533203125, "dmean": 3458.84643555, "dmean2": 6697.20068359, "dvar2": 127804584, "max": 22050, "median": 21834.6679688, "var": 59468560}, "melbands": {"mean": [0.00323711289093, 0.00235651084222, 0.00147466687486, 0.00112397421617, 0.000557527004275, 0.000487250596052, 0.000326781300828, 0.000251608289545, 0.000162828844623, 0.000125687700347, 0.000101370475022, 9.43884660956e-05, 5.42376401427e-05, 4.46195008408e-05, 3.65163541574e-05, 3.0965959013e-05, 2.66869083134e-05, 2.56301264017e-05, 2.56490275206e-05, 2.32916008827e-05, 2.24734612857e-05, 2.17091255763e-05, 1.87798250408e-05, 1.18377956824e-05, 9.2353020591e-06, 8.54199333844e-06, 5.65826667298e-06, 4.72785905004e-06, 3.80118103749e-06, 2.51067626778e-06, 1.85816281828e-06, 1.21118853258e-06, 9.28586302962e-07, 8.18266244096e-07, 6.58577221202e-07, 5.10808092713e-07, 3.34561747195e-07, 2.01547507572e-07, 1.11017421034e-07, 6.0918324607e-08], "dvar": [2.42951664404e-05, 1.08694130176e-05, 2.75353772849e-06, 2.45736964644e-06, 6.3077050072e-07, 3.62023712341e-07, 1.65155014997e-07, 1.19883068805e-07, 7.50918758285e-08, 4.46738006588e-08, 4.45135022176e-08, 1.25220616098e-08, 5.5142685973e-09, 3.37573635711e-09, 2.38699526811e-09, 1.97579885786e-09, 1.83560366906e-09, 1.47440293308e-09, 8.05623068256e-10, 6.99820257299e-10, 8.58740689669e-10, 7.74575459328e-10, 5.74058189873e-10, 2.90298896033e-10, 2.35069630428e-10, 1.89403936979e-10, 8.5271879835e-11, 5.07534153593e-11, 5.032619807e-11, 1.83416649924e-11, 7.5201364233e-12, 2.75807436785e-12, 1.62654492739e-12, 1.2825277949e-12, 9.39064906565e-13, 5.46503760215e-13, 2.27582303046e-13, 6.40763348414e-14, 1.45719855182e-14, 4.69033948982e-15], "min": [4.74587713595e-23, 5.59691132456e-24, 5.57226257671e-24, 1.23939672313e-23, 1.55212074971e-23, 2.43286501773e-23, 7.65364683159e-24, 2.90977833272e-24, 8.72146157467e-24, 1.09051634555e-23, 6.99629771674e-24, 1.04501185087e-23, 1.21949873232e-23, 4.63710505004e-24, 9.19023191241e-24, 7.53945211581e-24, 1.01583157044e-23, 7.88033311245e-24, 7.59573024165e-24, 5.34195897417e-24, 7.6226974517e-24, 5.16091421313e-24, 7.36505311347e-24, 8.82554624909e-24, 1.02536306121e-23, 1.13510181728e-23, 1.39490219125e-23, 8.68616872663e-24, 1.15969779033e-23, 1.33984932417e-23, 1.38861544315e-23, 8.82096060065e-24, 5.753090401e-24, 4.84678191206e-24, 8.23081217973e-24, 1.0438297428e-23, 9.51162488925e-24, 9.80424889773e-24, 1.28770530279e-23, 1.52100965333e-23], "dmean": [0.00255646649748, 0.00185022957157, 0.000912494666409, 0.000700001080986, 0.000362849357771, 0.000286430236883, 0.00019430553948, 0.00015405814338, 0.000112114335934, 8.38658233988e-05, 6.71032103128e-05, 5.98388869548e-05, 3.43154169968e-05, 2.7928937925e-05, 2.2395472115e-05, 2.04103562282e-05, 1.83391821338e-05, 1.67003527167e-05, 1.46350621435e-05, 1.29661211759e-05, 1.43296829265e-05, 1.24876514747e-05, 1.03988759292e-05, 7.72491057432e-06, 6.2290769165e-06, 5.91656271354e-06, 3.8548350858e-06, 3.16087448482e-06, 2.60230831373e-06, 1.67910195614e-06, 1.22387291412e-06, 8.31211877994e-07, 6.42127986339e-07, 6.05578406976e-07, 5.26579412963e-07, 4.15769335405e-07, 2.68418943961e-07, 1.49446179876e-07, 7.55383595674e-08, 4.2751242546e-08], "dmean2": [0.00417674100026, 0.00311497505754, 0.00148950738367, 0.00107312772889, 0.000579372048378, 0.000454311637441, 0.000312037154799, 0.00025001305039, 0.000181185430847, 0.000136903501698, 0.000106773622974, 9.78909738478e-05, 5.63381290704e-05, 4.61317213194e-05, 3.64188854292e-05, 3.30578986905e-05, 3.00318934023e-05, 2.70542550425e-05, 2.3065289497e-05, 1.99394016818e-05, 2.22134276555e-05, 1.85836324818e-05, 1.54167846631e-05, 1.10413502625e-05, 9.11016923055e-06, 8.67240760272e-06, 5.57124167244e-06, 4.5946735554e-06, 3.88881016988e-06, 2.53906819125e-06, 1.78349034741e-06, 1.21791435959e-06, 9.5572409009e-07, 9.29041220843e-07, 8.36367121337e-07, 6.70820327286e-07, 4.2952612489e-07, 2.29687842079e-07, 1.14855943423e-07, 6.72096618359e-08], "dvar2": [6.10136339674e-05, 2.86221456918e-05, 6.52362632536e-06, 4.72766214443e-06, 1.48154140334e-06, 8.16718170427e-07, 3.73109202201e-07, 2.92584985573e-07, 1.86599166341e-07, 1.11140352033e-07, 1.02330751872e-07, 3.35035075238e-08, 1.44880321074e-08, 8.78205597132e-09, 6.03929661835e-09, 5.11061504227e-09, 4.82905582189e-09, 3.8101459765e-09, 1.94213645166e-09, 1.69768388236e-09, 2.00779659565e-09, 1.69320490961e-09, 1.25127697093e-09, 5.49810752482e-10, 4.76003347849e-10, 4.2733844241e-10, 1.97075730735e-10, 1.17121395915e-10, 1.22820406623e-10, 4.51654963429e-11, 1.54477802078e-11, 6.30682528771e-12, 3.37516950152e-12, 2.76518131309e-12, 2.21657306225e-12, 1.33559081763e-12, 5.68361818113e-13, 1.45202236736e-13, 3.120749915e-14, 1.09708503539e-14], "max": [0.0573075450957, 0.043067522347, 0.0542039908469, 0.0710692852736, 0.0233455374837, 0.0172375142574, 0.0132399927825, 0.0135007891804, 0.00659165810794, 0.00670898007229, 0.00828829500824, 0.00309419399127, 0.00157913158182, 0.00153659807984, 0.00120105722453, 0.00106566003524, 0.000721550604794, 0.000658397912048, 0.000562207947951, 0.000467277015559, 0.0004219271068, 0.000663209706545, 0.000742555479519, 0.000607802474406, 0.000399098586058, 0.000389294407796, 0.000311093695927, 0.000193711020984, 0.000330799230142, 0.00019476833404, 9.4417060609e-05, 5.94446319155e-05, 3.87328727811e-05, 3.27392990584e-05, 1.87870573427e-05, 1.22840201584e-05, 4.47692127636e-06, 2.65243897957e-06, 2.11720293919e-06, 1.35759751174e-06], "median": [0.00117223185953, 0.00112464267295, 0.000725027755834, 0.000450520281447, 0.000240270921495, 0.000187021447346, 0.00013843853958, 9.13758485694e-05, 5.94375378569e-05, 3.69142289856e-05, 2.51395067608e-05, 3.9631868276e-05, 1.85780045285e-05, 1.59945939231e-05, 1.25245342133e-05, 1.06436418719e-05, 8.41036035126e-06, 6.80155017108e-06, 6.6664406404e-06, 5.69266194361e-06, 4.63518426841e-06, 3.5692653455e-06, 3.11421695187e-06, 2.4334635782e-06, 2.06117010748e-06, 1.7003674202e-06, 1.04367734366e-06, 7.14327825335e-07, 5.24310962646e-07, 3.64078260873e-07, 2.6598183922e-07, 2.22837073238e-07, 1.75193122232e-07, 1.35791708544e-07, 1.02200957031e-07, 7.69575621007e-08, 5.5437475055e-08, 3.83270872817e-08, 2.66719784037e-08, 1.88216056074e-08], "var": [2.98104787362e-05, 1.22106803246e-05, 5.44910972167e-06, 5.40432984053e-06, 1.08142603494e-06, 8.00223801889e-07, 3.74033589878e-07, 3.19447337915e-07, 1.14927402706e-07, 7.49558353164e-08, 8.31730631035e-08, 2.33203607536e-08, 8.86187834226e-09, 5.97620086751e-09, 4.5249057834e-09, 2.94168445159e-09, 2.5695514605e-09, 2.40760766879e-09, 2.13395878745e-09, 1.8260734036e-09, 1.64078284293e-09, 1.92470461791e-09, 1.62925539726e-09, 6.90658807923e-10, 4.67940075577e-10, 3.45160122706e-10, 1.7747427139e-10, 1.26051363791e-10, 1.1636568098e-10, 5.88864582096e-11, 2.27443636841e-11, 7.11853839763e-12, 4.10742230159e-12, 2.75036634093e-12, 1.46230065817e-12, 8.08379405082e-13, 3.28729746332e-13, 1.12696737521e-13, 3.37949306939e-14, 1.00588245686e-14]}, "spectral_energy": {"mean": 0.0452199168503, "dvar": 0.000590414914768, "min": 1.09221469303e-20, "dmean": 0.017527140677, "dmean2": 0.026285642758, "dvar2": 0.00133452215232, "max": 0.399149596691, "median": 0.0363556630909, "var": 0.00157208088785}, "spectral_decrease": {"mean": -6.14765527374e-09, "dvar": 2.90984239308e-17, "min": -9.65449515888e-08, "dmean": 3.73328434833e-09, "dmean2": 5.88700332926e-09, "dvar2": 7.1432564843e-17, "max": 1.69941500872e-08, "median": -3.81392606386e-09, "var": 5.50127352075e-17}, "erbbands_spread": {"mean": 29.5051021576, "dvar": 53.8765602112, "min": 0.420281380415, "dmean": 7.36099815369, "dmean2": 11.2145328522, "dvar2": 116.915336609, "max": 118.023277283, "median": 27.9268054962, "var": 275.697723389}, "spectral_contrast_coeffs": {"mean": [-0.661002278328, -0.75460344553, -0.794542312622, -0.835344195366, -0.847291350365, -0.795387148857], "dvar": [0.00196117069572, 0.00157971866429, 0.0010624845745, 0.000692032685038, 0.000509422563482, 0.000680154014844], "min": [-0.956873059273, -0.959354758263, -0.967358410358, -0.983012139797, -0.979454696178, -0.959469854832], "dmean": [0.0543273314834, 0.0496594943106, 0.0401371009648, 0.0312395896763, 0.0249428432435, 0.0258713588119], "dmean2": [0.0885388329625, 0.0823814272881, 0.0666548684239, 0.0517033934593, 0.0399028472602, 0.0391094274819], "dvar2": [0.00515997735783, 0.00425393693149, 0.0028638895601, 0.00182021490764, 0.00122993730474, 0.00140822620597], "max": [-0.337829858065, -0.48053330183, -0.543575942516, -0.661322891712, -0.614609658718, -0.566680550575], "median": [-0.666940271854, -0.758604943752, -0.799591898918, -0.828742861748, -0.830369889736, -0.786365866661], "var": [0.00816238857806, 0.00458174943924, 0.00337236281484, 0.00273520965129, 0.00470851873979, 0.00494276778772]}, "spectral_energyband_middle_high": {"mean": 0.00360927730799, "dvar": 5.35253229828e-06, "min": 1.33340929093e-21, "dmean": 0.00141697982326, "dmean2": 0.00199637049809, "dvar2": 9.98013092612e-06, "max": 0.0310371518135, "median": 0.00169254327193, "var": 2.10384896491e-05}, "erbbands_crest": {"mean": 9.80122947693, "dvar": 8.63911151886, "min": 2.63782930374, "dmean": 2.9406170845, "dmean2": 4.74627017975, "dvar2": 21.150850296, "max": 33.2062454224, "median": 8.27621650696, "var": 29.558134079}, "barkbands_crest": {"mean": 10.6097383499, "dvar": 6.53879117966, "min": 2.30116796494, "dmean": 2.96696162224, "dmean2": 4.80959653854, "dvar2": 16.7519512177, "max": 26.2796573639, "median": 9.88137149811, "var": 18.239824295}, "pitch_salience": {"mean": 0.537404358387, "dvar": 0.00447657564655, "min": 0.0981894806027, "dmean": 0.078242123127, "dmean2": 0.126177042723, "dvar2": 0.0114313410595, "max": 0.847191691399, "median": 0.550654292107, "var": 0.0142671074718}, "melbands_skewness": {"mean": 2.67232823372, "dvar": 0.77968108654, "min": -4.32069683075, "dmean": 0.884743571281, "dmean2": 1.38955974579, "dvar2": 1.84493660927, "max": 13.0660181046, "median": 2.42802000046, "var": 2.8920545578}, "spectral_spread": {"mean": 4019897.5, "dvar": 503996907520, "min": 850011.5625, "dmean": 682904.25, "dmean2": 1069850, "dvar2": 1146684309500.0, "max": 40380344, "median": 3998684, "var": 1585694769150.0}, "spectral_entropy": {"mean": 7.16587257385, "dvar": 0.0974047258496, "min": 4.40099000931, "dmean": 0.305005162954, "dmean2": 0.462068796158, "dvar2": 0.234739631414, "max": 9.80989265442, "median": 7.3747792244, "var": 0.558786332607}, "erbbands_flatness_db": {"mean": 0.15407140553, "dvar": 0.000821134308353, "min": 0.0276706907898, "dmean": 0.0295514017344, "dmean2": 0.0449667535722, "dvar2": 0.00201050168835, "max": 0.496189504862, "median": 0.138490363955, "var": 0.00395621033385}, "spectral_kurtosis": {"mean": 21.4573917389, "dvar": 307.332855225, "min": -1.19853818417, "dmean": 9.77006721497, "dmean2": 15.794093132, "dvar2": 831.640014648, "max": 257.292907715, "median": 14.540263176, "var": 443.95526123}, "erbbands_skewness": {"mean": 0.454592823982, "dvar": 0.260552704334, "min": -4.67775440216, "dmean": 0.481878519058, "dmean2": 0.736414015293, "dvar2": 0.604549884796, "max": 8.70195770264, "median": 0.361619412899, "var": 0.930109620094}, "erbbands_kurtosis": {"mean": 2.03544783592, "dvar": 40.2503623962, "min": -1.67006993294, "dmean": 2.03964066505, "dmean2": 3.33423924446, "dvar2": 111.474487305, "max": 213.395309448, "median": 0.215776324272, "var": 49.2962226868}, "barkbands_spread": {"mean": 17.0103588104, "dvar": 51.7471466064, "min": 0.233215540648, "dmean": 5.70363330841, "dmean2": 8.58270454407, "dvar2": 108.718444824, "max": 128.17565918, "median": 12.5953836441, "var": 212.994644165}, "zerocrossingrate": {"mean": 0.327934801579, "dvar": 0.00175461103208, "min": 0.0224609375, "dmean": 0.0488310866058, "dmean2": 0.0620826222003, "dvar2": 0.00283213448711, "max": 0.82470703125, "median": 0.3212890625, "var": 0.0128603847697}, "spectral_centroid": {"mean": 924.94744873, "dvar": 75403.6796875, "min": 150.412536621, "dmean": 212.566009521, "dmean2": 305.352264404, "dvar2": 137624.890625, "max": 10589.1494141, "median": 717.475280762, "var": 508366.1875}, "barkbands_skewness": {"mean": 2.31154322624, "dvar": 0.657929480076, "min": -3.42686629295, "dmean": 0.817409574986, "dmean2": 1.28106224537, "dvar2": 1.61863744259, "max": 12.0495920181, "median": 2.09512686729, "var": 2.11226868629}, "melbands_flatness_db": {"mean": 0.281851857901, "dvar": 0.0015234668972, "min": 0.00441025895998, "dmean": 0.0452549383044, "dmean2": 0.0685699805617, "dvar2": 0.00368885532953, "max": 0.635525882244, "median": 0.270129978657, "var": 0.0100140944123}, "spectral_contrast_valleys": {"mean": [-7.09813070297, -6.71636676788, -7.50005292892, -8.04689407349, -8.15432453156, -10.9922084808], "dvar": [0.140824452043, 0.118620127439, 0.119784548879, 0.202036768198, 0.268140256405, 0.245373994112], "min": [-27.0913276672, -27.6764755249, -27.067735672, -26.9907455444, -27.1899528503, -27.2195053101], "dmean": [0.426215022802, 0.38427606225, 0.38081818819, 0.448360592127, 0.543906509876, 0.550036787987], "dmean2": [0.683531701565, 0.618437767029, 0.588829755783, 0.683261036873, 0.788714289665, 0.844985306263], "dvar2": [0.329652577639, 0.26307696104, 0.250263780355, 0.45564070344, 0.63627576828, 0.573278844357], "max": [-4.90178728104, -4.46209621429, -5.36704111099, -5.45126867294, -5.50471687317, -8.98325252533], "median": [-6.71393966675, -6.44541597366, -7.21936035156, -7.56979227066, -7.73890590668, -10.7490682602], "var": [2.49185919762, 1.89049196243, 2.02815842628, 2.60738730431, 2.72911667824, 1.6532791853]}, "barkbands_flatness_db": {"mean": 0.168645560741, "dvar": 0.00105804903433, "min": 0.0229479894042, "dmean": 0.0369671285152, "dmean2": 0.0560741759837, "dvar2": 0.00254209106788, "max": 0.462901741266, "median": 0.154976084828, "var": 0.00627887574956}, "barkbands_kurtosis": {"mean": 12.540370