{"tonal": {"chords_number_rate": 0.0022650056053, "thpcp": [1, 0.607701122761, 0.155608683825, 0.0880782082677, 0.099314533174, 0.448886096478, 0.816359400749, 0.507069885731, 0.116530463099, 0.0807490423322, 0.0866925790906, 0.371214389801, 0.690651118755, 0.440742254257, 0.38127335906, 0.647117316723, 0.399281561375, 0.147984564304, 0.1885394454, 0.163130775094, 0.353032231331, 0.801596581936, 0.639057517052, 0.201794072986, 0.131227895617, 0.0947133302689, 0.289592057467, 0.645808279514, 0.491260617971, 0.248147919774, 0.270703047514, 0.13561591506, 0.0899057611823, 0.157856687903, 0.176414892077, 0.58723962307], "hpcp": {"dvar": [0.0240657515824, 0.0185720957816, 0.0112012270838, 0.00792844966054, 0.00860121194273, 0.0128698311746, 0.0228778868914, 0.0145267499611, 0.0135507239029, 0.0190639868379, 0.013092787005, 0.0106805674732, 0.012918564491, 0.0123786702752, 0.014654872939, 0.0223433990031, 0.0183333512396, 0.0117308655754, 0.0101937744766, 0.00740473065525, 0.0143339987844, 0.0179682038724, 0.0165624711663, 0.0122399292886, 0.0117454482242, 0.00702272960916, 0.00474541261792, 0.00878242310137, 0.0124607617036, 0.023033650592, 0.0316534154117, 0.0236866828054, 0.0156078860164, 0.0119505980983, 0.0142787536606, 0.0183049049228], "mean": [0.247847482562, 0.153946891427, 0.0353787578642, 0.024515485391, 0.0263199489564, 0.112701036036, 0.209682330489, 0.133809760213, 0.115754947066, 0.196465417743, 0.121222257614, 0.044928252697, 0.0572407506406, 0.0495266541839, 0.107180915773, 0.243365466595, 0.19401845336, 0.0612648688257, 0.039840914309, 0.0287550557405, 0.0879204198718, 0.196068003774, 0.149147182703, 0.0753379389644, 0.0821857005358, 0.0411731190979, 0.027295473963, 0.0479254387319, 0.0535597279668, 0.178286492825, 0.303600937128, 0.184498637915, 0.0472429431975, 0.0267406273633, 0.0301519855857, 0.136282235384], "min": [0, 0, 0, 0, 0, 0, 0, 0, 0, 0, 0, 0, 0, 0, 0, 0, 0, 0, 0, 0, 0, 0, 0, 0, 0, 0, 0, 0, 0, 0, 0, 0, 0, 0, 0, 0], "median": [0.0473302304745, 0.0282413158566, 0.00617507891729, 0.00312842521816, 0.00318584451452, 0.0228645838797, 0.0421842485666, 0.0284408926964, 0.00894906371832, 0.00469344900921, 0.0072633670643, 0.00886995438486, 0.00784403830767, 0.00684951432049, 0.0268340036273, 0.0530449971557, 0.0321429073811, 0.0132571347058, 0.00529008358717, 0.0037368806079, 0.0255408193916, 0.0459082014859, 0.0313012525439, 0.00690659508109, 0.00281243957579, 0.00152547517791, 0.00843515433371, 0.0135552380234, 0.0161990448833, 0.0558911859989, 0.0904713869095, 0.0474633686244, 0.00988925807178, 0.00475770607591, 0.00427404232323, 0.0246931593865], "dvar2": [0.0521225072443, 0.0455358102918, 0.0297184102237, 0.0220580846071, 0.0235479008406, 0.0315480753779, 0.0491900444031, 0.0337951146066, 0.0354606732726, 0.0447575375438, 0.0334605760872, 0.0299467556179, 0.0332993008196, 0.0337959490716, 0.0377996899188, 0.0532580949366, 0.0425290353596, 0.0315378643572, 0.0262276306748, 0.0206307154149, 0.0388888604939, 0.0416203774512, 0.0402059331536, 0.0343677550554, 0.0306155700237, 0.0205269623548, 0.013188553974, 0.0225235652179, 0.034154292196, 0.0582089535892, 0.0723405852914, 0.059115100652, 0.0420675799251, 0.0337202847004, 0.0399863980711, 0.0459765680134], "var": [0.12514346838, 0.0546315684915, 0.0104278251529, 0.00913704186678, 0.0101783443242, 0.0337488017976, 0.100598238409, 0.0487382300198, 0.0404813401401, 0.13408844173, 0.0506790019572, 0.0130724795163, 0.0293367467821, 0.0184115227312, 0.0298018585891, 0.123605422676, 0.0946423411369, 0.0159217901528, 0.0217609293759, 0.00930262356997, 0.0236386880279, 0.0936776995659, 0.067850984633, 0.0290854703635, 0.0642775893211, 0.0170593634248, 0.00486831925809, 0.012504208833, 0.0129675446078, 0.0562834516168, 0.141849055886, 0.0643548369408, 0.0131416590884, 0.00785696785897, 0.0103780673817, 0.0464147701859], "dmean2": [0.120042853057, 0.111631713808, 0.0653291940689, 0.0439899265766, 0.0469155348837, 0.0918309167027, 0.11773686111, 0.0979629009962, 0.0889633670449, 0.0748983025551, 0.077086135745, 0.0629945024848, 0.0594463571906, 0.0652725622058, 0.0936226770282, 0.11190277338, 0.107046075165, 0.0706862509251, 0.0462220944464, 0.0455298125744, 0.0883194282651, 0.106012605131, 0.0991875678301, 0.0733544752002, 0.0432258397341, 0.0411776527762, 0.0370357595384, 0.0553457252681, 0.0826434642076, 0.15156082809, 0.162763237953, 0.154938742518, 0.0874141454697, 0.0614257715642, 0.0679865702987, 0.111807189882], "max": [1, 1, 1, 1, 1, 1, 1, 1, 1, 1, 1, 1, 1, 1, 1, 1, 1, 1, 1, 1, 1, 1, 1, 1, 1, 1, 1, 1, 1, 1, 1, 1, 1, 1, 1, 1], "dmean": [0.075642593205, 0.068374350667, 0.0371208377182, 0.0244222003967, 0.0260515287519, 0.0556861273944, 0.0737401545048, 0.0598579496145, 0.0523993037641, 0.0431534387171, 0.0452834665775, 0.0361081510782, 0.0347731001675, 0.0375417619944, 0.0561759807169, 0.0683873444796, 0.0662949681282, 0.0414161644876, 0.0261775404215, 0.0252751391381, 0.0520521625876, 0.0652168393135, 0.0610045418143, 0.0424348451197, 0.0241303630173, 0.0228457767516, 0.0215471368283, 0.0331972390413, 0.047669518739, 0.0943200141191, 0.100599572062, 0.0951462909579, 0.0497123524547, 0.0335220843554, 0.0376028493047, 0.0674775317311]}, "key_strength": 0.791580200195, "chords_strength": {"dvar": 0.000421613338403, "mean": 0.495969742537, "min": -1, "median": 0.515910387039, "dvar2": 0.000895962002687, "var": 0.0360406786203, "dmean2": 0.0057039889507, "max": 0.786527574062, "dmean": 0.00861939694732}, "tuning_equal_tempered_deviation": 0.0230167228729, "chords_key": "G", "tuning_frequency": 440.254241943, "chords_scale": "major", "chords_changes_rate": 0.0413363538682, "key_scale": "major", "tuning_diatonic_strength": 0.519263327122, "hpcp_entropy": {"dvar": 0.189520061016, "mean": 1.50215113163, "min": 0, "median": 1.57545089722, "dvar2": 0.468469679356, "var": 0.476043283939, "dmean2": 0.714566290379, "max": 4.075548172, "dmean": 0.427274018526}, "chords_histogram": [14.0807847977, 16.3646659851, 24.7640609741, 1.60437905788, 11.0796527863, 0.169875428081, 7.71989440918, 0.0943752378225, 0.264250665903, 0, 0.113250285387, 0, 0, 0, 0.169875428081, 0, 0, 1.18912792206, 1.22687804699, 2.69913172722, 0.169875428081, 3.3975083828, 6.88939237595, 8.00302028656], "tuning_nontempered_energy_ratio": 0.626569628716, "key_key": "C"}, "metadata": {"version": {"extractor": "music 1.0", "essentia_build_sha": "70f2e5ece6736b2c40cc944ad0e695b16b925413", "essentia": "2.1-beta2", "essentia_git_sha": "v2.1_beta2"}, "audio_properties": {"sample_rate": 44100, "length": 245.973327637, "lossless": true, "analysis_sample_rate": 44100, "downmix": "mix", "bit_rate": 0, "equal_loudness": 0, "md5_encoded": "fc2cbd1b805b352e6cd09f15c83a6701", "codec": "flac", "replay_gain": -12.210313797}, "tags": {"totaltracks": ["23"], "disctotal": ["5"], "musicbrainz_workid": ["71d7cc68-235d-45a6-8717-8d3aa505b537"], "genre": ["Shoegaze", "Brit Pop"], "catalognumber": ["LUSH BOX 1"], "composersort": ["Anderson, Emma"], "releasecountry": ["XW"], "lyricist": ["Emma Anderson"], "language": ["eng"], "musicbrainz_recordingid": ["a4fc66f0-1ae7-4e72-a339-6804d7121a57"], "musicbrainz_releasetrackid": ["f2f5e0cd-feda-4676-b416-9e064922b3ea"], "discnumber": ["5"], "artistsort": ["Lush"], "releasetype": ["album", "compilation"], "originaldate": ["2015-12-04"], "work": ["Outside World"], "musicbrainz_artistid": ["697801d1-68b2-4413-a7e4-0ef507d21cc1"], "composer": ["Emma Anderson"], "tracknumber": ["6"], "musicbrainz_albumartistid": ["697801d1-68b2-4413-a7e4-0ef507d21cc1"], "discsubtitle": ["Topolino"], "barcode": ["652637353723"], "title": ["Outside World"], "originalyear": ["2015"], "grouping": ["Rock"], "date": ["2015-12-04"], "acoustid_id": ["b82b7d1f-7f86-4fc4-a619-47c984250ff4"], "albumartistsort": ["Lush"], "musicbrainz_releasegroupid": ["71c2d3a2-d4b1-489d-a091-5ada865af1fb"], "media": ["CD"], "tracktotal": ["23"], "label": ["4AD"], "albumartist": ["Lush"], "asin": ["B017AML04K"], "script": ["Latn"], "musicbrainz_albumid": ["90f6ea10-90ae-4dce-9a9f-404abdc8ef00"], "file_name": "5-06 Outside World.flac", "releasestatus": ["official"], "totaldiscs": ["5"], "album": ["Chorus"], "artist": ["Lush"]}}, "lowlevel": {"melbands": {"dvar": [4.40010182956e-07, 1.90681453205e-06, 6.63891626118e-07, 9.24912853861e-07, 1.98753681957e-07, 4.26245989615e-08, 6.24411597983e-08, 1.30564188794e-07, 7.91109115994e-08, 3.85836855799e-08, 5.16672606921e-08, 1.0436794895e-07, 4.80666066949e-08, 1.67275420182e-08, 4.94293006525e-09, 2.3281330197e-09, 2.70858802054e-09, 1.19153698019e-09, 9.46872802388e-10, 8.53417059243e-10, 2.89283086374e-09, 1.01973496314e-09, 2.53359500046e-10, 5.32014328425e-11, 6.42999473111e-11, 1.92032553054e-11, 5.18547878248e-11, 3.26642185522e-11, 6.68904237555e-11, 9.65895002869e-11, 2.16961129618e-10, 1.39106365316e-10, 5.1513147914e-11, 7.31421243017e-11, 2.41204556328e-10, 1.81833409441e-10, 7.33720861845e-11, 5.11297740258e-11, 2.07358557408e-11, 1.22263145788e-11], "mean": [0.00220123422332, 0.00356774404645, 0.0015387206804, 0.00138708262239, 0.000621472892817, 0.000191017388715, 0.000200692476938, 0.000214326311834, 0.000218540386413, 0.000156766138389, 0.000258794985712, 0.000367462605936, 0.000236198757193, 7.25181016605e-05, 8.39270578581e-05, 6.70253357384e-05, 5.50728691451e-05, 3.89877204725e-05, 3.28191345034e-05, 3.26712506649e-05, 5.28718337591e-05, 2.97541737382e-05, 1.60350173246e-05, 8.70798430697e-06, 8.06748357718e-06, 5.88458215134e-06, 5.94079119765e-06, 4.50408697361e-06, 5.07022332386e-06, 5.34423952558e-06, 6.31102921034e-06, 5.9064918787e-06, 4.18211857323e-06, 4.14294618167e-06, 6.13654992776e-06, 5.22461277797e-06, 3.9184792513e-06, 3.14893736686e-06, 2.0041238713e-06, 1.60157389928e-06], "min": [8.64343376481e-24, 8.48678649942e-24, 3.30020906332e-23, 1.94950138434e-23, 9.26644139788e-24, 1.49117840489e-23, 8.57749524833e-24, 5.34394295935e-24, 4.39457804777e-24, 1.7493315584e-23, 7.433248561e-24, 2.52053661271e-24, 1.11107532292e-23, 1.75983129705e-23, 1.73015324539e-23, 7.95524097743e-24, 3.71087900653e-24, 5.83774937563e-24, 1.0609017972e-23, 9.80141215392e-24, 8.45461438512e-24, 9.48850100953e-24, 6.80322401019e-24, 1.01440743985e-23, 2.03542821621e-23, 2.50706385453e-23, 9.76142321691e-24, 4.65239632982e-24, 6.79474769976e-24, 5.22950448555e-24, 1.08639959603e-23, 1.4958662897e-23, 1.12726882293e-23, 8.91342062077e-24, 8.9550030568e-24, 9.1779517147e-24, 1.23843604832e-23, 9.83130130476e-24, 1.35660820079e-23, 1.1655950778e-23], "median": [0.00193319562823, 0.00331049785018, 0.00119132187683, 0.0008237856091, 0.000202674476895, 5.94520461163e-05, 5.64271540497e-05, 4.63299693365e-05, 3.32981471729e-05, 3.41557024512e-05, 4.91996615892e-05, 5.20725297974e-05, 3.74388328055e-05, 1.64589691849e-05, 4.28130078944e-05, 3.27054440277e-05, 2.03835425054e-05, 1.80288534466e-05, 1.00811739685e-05, 9.40919017012e-06, 1.07071500679e-05, 7.14545649316e-06, 7.33375372874e-06, 5.6263170336e-06, 5.09522169523e-06, 3.88386843042e-06, 3.7421198158e-06, 2.82175824395e-06, 3.06035713038e-06, 2.71257272288e-06, 2.14702254198e-06, 2.19353910325e-06, 1.76728974566e-06, 1.36832511544e-06, 1.66565382642e-06, 1.77391723355e-06, 1.2056613059e-06, 7.69239761667e-07, 5.63805372167e-07, 4.07389364909e-07], "dvar2": [9.37941877055e-07, 4.95043286719e-06, 1.75847469563e-06, 2.55037866737e-06, 3.72507656721e-07, 8.26104766816e-08, 1.23461745716e-07, 2.93157313536e-07, 1.5904984707e-07, 7.7435593937e-08, 9.30589010295e-08, 1.90377065223e-07, 8.59440731915e-08, 3.58751712781e-08, 1.09056497166e-08, 4.68946570464e-09, 6.01342664552e-09, 2.72347122632e-09, 2.18940687802e-09, 1.9825836528e-09, 6.62748389502e-09, 2.46492648515e-09, 7.19861392717e-10, 1.3744252958e-10, 1.61091612272e-10, 4.65587950138e-11, 1.23419052755e-10, 7.58777624066e-11, 1.2443812647e-10, 2.17850487649e-10, 4.10343564683e-10, 2.77182610198e-10, 1.16590126442e-10, 1.41796741016e-10, 4.74006056628e-10, 3.46274620089e-10, 1.46923875843e-10, 1.09147905991e-10, 4.35561517409e-11, 2.50031939597e-11], "var": [4.51517416877e-06, 1.12973393698e-05, 2.04675052373e-06, 2.77727326647e-06, 1.4167151221e-06, 1.66468069551e-07, 2.11303557762e-07, 3.96800373892e-07, 2.88251015945e-07, 1.55147191094e-07, 3.09436870793e-07, 7.70200699662e-07, 4.42545200485e-07, 6.3167945541e-08, 1.40529614612e-08, 1.08405862065e-08, 2.30043220029e-08, 4.14467393739e-09, 3.27741855877e-09, 3.39687744599e-09, 1.22255752188e-08, 3.03258174128e-09, 6.14386153064e-10, 1.04987150917e-10, 1.11254644386e-10, 4.37237537843e-11, 7.41576036689e-11, 5.74289782396e-11, 1.26939278533e-10, 1.48101142461e-10, 3.89633242337e-10, 2.39675640445e-10, 8.04945554655e-11, 1.49649820314e-10, 5.01234498351e-10, 3.9209543945e-10, 1.66388444689e-10, 1.18241486047e-10, 4.88683364608e-11, 2.74627352109e-11], "dmean2": [0.000543617876247, 0.00143272581045, 0.00090658251429, 0.000943723251112, 0.000255855440628, 9.61428813753e-05, 0.000106411804154, 0.000116144721687, 0.000111096713226, 7.36407237127e-05, 0.000105060316855, 0.000139589115861, 9.49493914959e-05, 4.12123808928e-05, 5.70622942178e-05, 4.01343495469e-05, 3.02031130559e-05, 2.66004499281e-05, 2.11036403925e-05, 2.06660697586e-05, 3.26740882883e-05, 2.14385636355e-05, 1.35991376737e-05, 7.25293875803e-06, 6.76552735968e-06, 4.45044406661e-06, 4.73740374218e-06, 3.55343149749e-06, 4.1227967813e-06, 5.00636861034e-06, 5.87720433032e-06, 5.42923044122e-06, 4.05723130825e-06, 3.42931411978e-06, 5.60605531064e-06, 4.54442670161e-06, 3.33768366545e-06, 2.94323308481e-06, 1.84155976513e-06, 1.55132670443e-06], "max": [0.0123600512743, 0.0255370363593, 0.0133145861328, 0.0201528724283, 0.0117691420019, 0.00630777329206, 0.00846937205642, 0.0120954569429, 0.00860044360161, 0.00889390334487, 0.00783609319478, 0.0146135445684, 0.00775708490983, 0.00686008343473, 0.00151584227569, 0.00161626609042, 0.00356014608406, 0.000942880811635, 0.000714492227416, 0.000662788399495, 0.00220713438466, 0.000620465143584, 0.000352506234776, 0.000143422003021, 0.000202304960112, 8.08543045423e-05, 0.000372340058675, 0.000265951646725, 0.000525829032995, 0.000491653510835, 0.000470189319458, 0.000353350507794, 0.000180751099833, 0.000359453784768, 0.000601613486651, 0.000564031128306, 0.000280353240669, 0.000265376613243, 0.00016930019774, 0.000131613720441], "dmean": [0.000376571319066, 0.000897023885045, 0.000561818713322, 0.000602950749453, 0.000181320996489, 6.69725850457e-05, 7.59541871957e-05, 8.22218134999e-05, 8.21326757432e-05, 5.47003473912e-05, 7.87672033766e-05, 0.000107035593828, 7.15403293725e-05, 2.89003364742e-05, 3.92866240873e-05, 2.83808494714e-05, 2.06517634069e-05, 1.72694726643e-05, 1.36435000968e-05, 1.34493920996e-05, 2.12079085031e-05, 1.37486495078e-05, 8.27687654237e-06, 4.48974333267e-06, 4.25585540142e-06, 2.82307792077e-06, 3.10523546432e-06, 2.2957958663e-06, 2.72011743618e-06, 3.21984362017e-06, 4.02700061386e-06, 3.66430572285e-06, 2.64775007963e-06, 2.44030707108e-06, 3.9921728785e-06, 3.18751744999e-06, 2.3771542601e-06, 2.09343943425e-06, 1.26433451442e-06, 1.07478831524e-06]}, "spectral_decrease": {"dvar": 3.76011739202e-18, "mean": -9.38587429999e-09, "min": -3.0472879331e-08, "median": -9.70900071451e-09, "dvar2": 9.08210563614e-18, "var": 3.04620410967e-17, "dmean2": 2.40034037091e-09, "max": -4.50147274882e-29, "dmean": 1.54932844332e-09}, "spectral_rolloff": {"dvar": 1567148.625, "mean": 1734.40942383, "min": 86.1328125, "median": 990.52734375, "dvar2": 3344660.75, "var": 7073168.5, "dmean2": 852.991210938, "max": 18992.2851562, "dmean": 532.9921875}, "melbands_crest": {"dvar": 4.50821399689, "mean": 14.9306221008, "min": 2.98778867722, "median": 14.2369384766, "dvar2": 11.6276493073, "var": 21.2320957184, "dmean2": 3.39044618607, "max": 33.0187454224, "dmean": 2.11013650894}, "barkbands_skewness": {"dvar": 0.221759855747, "mean": 1.70933902264, "min": -6.7593832016, "median": 1.45694303513, "dvar2": 0.440665632486, "var": 1.59910023212, "dmean2": 0.581870734692, "max": 10.4220590591, "dmean": 0.400675922632}, "spectral_centroid": {"dvar": 79835.125, "mean": 1254.38476562, "min": 141.583557129, "median": 1146.93273926, "dvar2": 138161.25, "var": 368219.53125, "dmean2": 289.058532715, "max": 11023.5556641, "dmean": 199.565490723}, "spectral_energyband_middle_low": {"dvar": 2.81698958133e-05, "mean": 0.0138844866306, "min": 4.04310626215e-22, "median": 0.0107569936663, "dvar2": 6.70182416798e-05, "var": 0.000139089141157, "dmean2": 0.00557515211403, "max": 0.0939120724797, "dmean": 0.00365302455612}, "erbbands_crest": {"dvar": 4.11181545258, "mean": 10.3351364136, "min": 1.99856722355, "median": 9.3488483429, "dvar2": 9.02524375916, "var": 24.201177597, "dmean2": 3.07006263733, "max": 29.2392883301, "dmean": 2.06303048134}, "dynamic_complexity": 4.67966127396, "spectral_energyband_low": {"dvar": 2.82917262666e-05, "mean": 0.0165991075337, "min": 9.23333543004e-23, "median": 0.0179413612932, "dvar2": 7.07767248969e-05, "var": 0.000188860678463, "dmean2": 0.00552625767887, "max": 0.0807304903865, "dmean": 0.0034940848127}, "silence_rate_60dB": {"dvar": 0.00301178172231, "mean": 0.101840488613, "min": 0, "median": 0, "dvar2": 0.00676151551306, "var": 0.0914696380496, "dmean2": 0.0060417256318, "max": 1, "dmean": 0.00302057759836}, "erbbands_kurtosis": {"dvar": 1.67036235332, "mean": 1.18435382843, "min": -1.76007676125, "median": 0.372861146927, "dvar2": 3.3128991127, "var": 7.37688398361, "dmean2": 1.22699785233, "max": 40.6205215454, "dmean": 0.831211209297}, "spectral_complexity": {"dvar": 8.67434501648, "mean": 17.0119876862, "min": 0, "median": 17, "dvar2": 17.3853206635, "var": 66.5997085571, "dmean2": 3.89162659645, "max": 50, "dmean": 2.56182742119}, "barkbands_crest": {"dvar": 2.97464895248, "mean": 10.5062437057, "min": 2.91877508163, "median": 9.8812456131, "dvar2": 7.30134725571, "var": 13.9710845947, "dmean2": 2.7105255127, "max": 25.2861747742, "dmean": 1.71317708492}, "spectral_energy": {"dvar": 6.1470491346e-05, "mean": 0.038174778223, "min": 1.08972426547e-20, "median": 0.0392318032682, "dvar2": 0.000144924997585, "var": 0.000493511091918, "dmean2": 0.009615406394, "max": 0.120431877673, "dmean": 0.00629962002859}, "spectral_spread": {"dvar": 595459768320, "mean": 5994188.5, "min": 2176174, "median": 5663505.5, "dvar2": 954151337984, "var": 3266197848060.0, "dmean2": 799221.875, "max": 40930036, "dmean": 620355}, "spectral_contrast_valleys": {"dvar": [0.096199631691, 0.0768912956119, 0.0714257284999, 0.0747375935316, 0.0874782279134, 0.139688909054], "mean": [-7.29967021942, -7.69596719742, -8.07331371307, -8.38941001892, -8.3143529892, -10.1373186111], "min": [-26.9534378052, -27.9311275482, -26.9990406036, -26.9985046387, -27.430973053, -27.1567554474], "median": [-6.66950368881, -7.25850915909, -7.67448282242, -7.99188041687, -7.90961885452, -9.78747367859], "dvar2": [0.238011047244, 0.166896760464, 0.146164596081, 0.130919873714, 0.116908915341, 0.182991474867], "var": [3.53608322144, 2.94348073006, 2.88623809814, 2.78433585167, 2.85527157784, 3.11496758461], "dmean2": [0.520624935627, 0.466138333082, 0.426887512207, 0.392836034298, 0.339431673288, 0.361890763044], "max": [-5.3045425415, -5.32073736191, -4.91094303131, -5.64989709854, -5.80418682098, -6.83511781693], "dmean": [0.31736344099, 0.285238146782, 0.275104254484, 0.268110126257, 0.270125985146, 0.322490423918]}, "spectral_rms": {"dvar": 3.4321038811e-07, "mean": 0.00563968531787, "min": 3.26059144962e-12, "median": 0.00618667388335, "dvar2": 7.68242045979e-07, "var": 5.43763962924e-06, "dmean2": 0.000739604700357, "max": 0.0108394883573, "dmean": 0.000489543541335}, "barkbands_spread": {"dvar": 76.4284896851, "mean": 27.3234786987, "min": 0.652169346809, "median": 22.0261058807, "dvar2": 143.04800415, "var": 435.069000244, "dmean2": 8.13503265381, "max": 146.724639893, "dmean": 5.88831710815}, "pitch_salience": {"dvar": 0.00219898950309, "mean": 0.475438922644, "min": 0.125559970737, "median": 0.470458418131, "dvar2": 0.00531971734017, "var": 0.00852989964187, "dmean2": 0.0748877152801, "max": 0.836103200912, "dmean": 0.0480002239347}, "erbbands_skewness": {"dvar": 0.0937148928642, "mean": 0.23740594089, "min": -4.68172740936, "median": 0.168917790055, "dvar2": 0.171228095889, "var": 0.703673303127, "dmean2": 0.388000130653, "max": 4.19907331467, "dmean": 0.268951833248}, "spectral_energyband_middle_high": {"dvar": 1.06143770608e-05, "mean": 0.00787201616913, "min": 1.69793260037e-21, "median": 0.00419475277886, "dvar2": 2.0753195713e-05, "var": 9.12118848646e-05, "dmean2": 0.00237496383488, "max": 0.0950040221214, "dmean": 0.00171617371961}, "erbbands": {"dvar": [0.00216683023609, 0.744370877743, 10.5962514877, 21.4600772858, 130.663009644, 244.652542114, 182.004776001, 74.8210754395, 227.094863892, 1050.64379883, 1110.12414551, 1119.6965332, 1972.95446777, 5513.54150391, 3745.04541016, 1022.0010376, 1027.82312012, 604.681274414, 467.261138916, 571.106079102, 1607.16027832, 504.815979004, 72.8558502197, 72.5510101318, 43.1036567688, 54.0936279297, 164.20413208, 449.478729248, 319.470306396, 178.071273804, 557.012084961, 237.385482788, 74.8194885254, 18.9283084869, 56.1228218079, 3.0845656395, 0.372134178877, 0.00825078971684, 5.7422730606e-05, 2.03361167905e-07], "mean": [0.161803036928, 2.65298438072, 6.30281591415, 7.95215845108, 15.056593895, 20.824754715, 15.918419838, 7.86395359039, 12.8456640244, 19.3052024841, 26.5780754089, 26.3784770966, 51.3022422791, 88.6984558105, 62.2434921265, 25.451669693, 39.9862785339, 29.7385845184, 25.3580226898, 26.1662960052, 40.2431221008, 25.1539573669, 12.549738884, 10.0394630432, 8.4228515625, 7.30859470367, 8.2167673111, 10.2717647552, 9.51725578308, 7.64275693893, 9.88511276245, 7.08059883118, 4.03414964676, 2.10347366333, 2.75731992722, 0.820222198963, 0.315387994051, 0.0454523488879, 0.00438688183203, 0.000256264203927], "min": [7.93345775105e-22, 3.89081687897e-21, 1.94347522792e-20, 1.47497276286e-19, 3.54952842671e-19, 1.64805125875e-19, 3.08792985015e-19, 6.6531573894e-19, 5.90275878323e-19, 4.75406650826e-19, 5.96628366933e-19, 2.51623916922e-18, 1.63531322015e-18, 9.00893365275e-19, 4.10281211595e-18, 7.81632325713e-18, 4.11060374373e-18, 2.48674831923e-18, 4.23861697456e-18, 7.81432396159e-18, 7.26142734117e-18, 8.53526149627e-18, 9.93782811573e-18, 2.4268946468e-17, 2.48673074164e-17, 8.58000534996e-18, 9.92876800648e-18, 1.58492718818e-17, 2.40497204446e-17, 1.76841106817e-17, 1.55452102148e-17, 1.83306201592e-17, 1.57601977647e-17, 1.49253127919e-17, 1.01187143177e-17, 5.66041471608e-18, 2.9365025483e-18, 1.65590112521e-18, 3.35351919177e-19, 3.53972879214e-20], "median": [0.130886644125, 2.26743483543, 4.4536356926, 5.61556816101, 9.29114532471, 10.5193862915, 4.27006959915, 2.95585560799, 3.77843809128, 4.52870321274, 4.7327132225, 6.10896778107, 11.0452814102, 14.0816659927, 12.3675088882, 11.063126564, 19.6697940826, 12.3256206512, 11.9650020599, 7.6016664505, 9.44259548187, 7.63052415848, 7.66400384903, 6.76171541214, 5.75530767441, 4.8974981308, 4.84705924988, 4.27385807037, 3.83734345436, 2.7920024395, 3.03756284714, 2.4105463028, 1.14116382599, 0.576036274433, 0.382930189371, 0.151436984539, 0.0434779971838, 0.00830243062228, 0.000921590602957, 9.48573433561e-05], "dvar2": [0.00459858868271, 1.59667348862, 29.8639965057, 59.6082801819, 323.540374756, 634.843994141, 322.614044189, 146.373458862, 447.447174072, 2368.66259766, 2170.12841797, 2264.28466797, 3517.0690918, 10092.8486328, 7036.65673828, 2228.89794922, 2169.40795898, 1317.90246582, 1073.97692871, 1310.87194824, 3682.67016602, 1219.53710938, 185.167709351, 179.590179443, 100.145996094, 118.229240417, 303.528198242, 873.557250977, 644.677246094, 336.527404785, 1049.13098145, 458.513580322, 153.621856689, 37.8022384644, 126.794273376, 6.79488229752, 0.806773841381, 0.0185956433415, 0.000120573407912, 4.472074977e-07], "var": [0.0290516838431, 6.26268577576, 50.1668243408, 63.327205658, 325.218231201, 999.100219727, 1443.76916504, 281.641876221, 815.853210449, 3034.95605469, 4430.16210938, 4503.04736328, 12058.421875, 39748.6210938, 30163.5839844, 3329.34375, 3339.62597656, 5110.39404297, 1615.65344238, 2429.97143555, 6740.70849609, 1689.68322754, 219.566986084, 140.479873657, 90.4095993042, 108.012138367, 308.826171875, 816.136169434, 557.484802246, 383.519317627, 1227.54345703, 555.449645996, 185.159088135, 45.7485923767, 86.6591796875, 4.91956377029, 0.499833852053, 0.0111638251692, 9.22040562727e-05, 2.89333456749e-07], "dmean2": [0.0348599776626, 0.774144530296, 3.2749376297, 4.67269802094, 11.3585309982, 12.6186304092, 6.023042202, 3.92731165886, 6.70848751068, 10.4566659927, 13.2800569534, 11.9829788208, 20.4958209991, 33.0352516174, 24.8407726288, 14.0964813232, 26.0250434875, 15.1673536301, 16.3402252197, 15.869685173, 23.9169635773, 16.5020503998, 8.53742599487, 7.39518594742, 5.84352731705, 5.09858942032, 6.21839094162, 8.82670116425, 8.25292396545, 5.95787143707, 8.23253536224, 5.59000587463, 3.45230054855, 1.87776970863, 2.51448535919, 0.757757484913, 0.363125711679, 0.0493593998253, 0.00435663759708, 0.000220973059186], "max": [1.15834379196, 11.9345369339, 61.4602775574, 90.8791046143, 189.666656494, 449.996154785, 424.374450684, 301.807189941, 429.775024414, 1135.9822998, 1036.94787598, 1547.64990234, 1517.49194336, 3288.20068359, 2063.68188477, 1732.41784668, 824.981323242, 1551.59399414, 494.981048584, 581.620300293, 1693.89001465, 495.163024902, 153.950134277, 231.432693481, 253.831176758, 291.854766846, 833.452209473, 791.558105469, 516.403503418, 474.837615967, 991.854980469, 584.558166504, 325.384796143, 162.49005127, 120.963264465, 28.7643947601, 9.09037494659, 1.30037510395, 0.131267100573, 0.00704144267365], "dmean": [0.0241243392229, 0.523054480553, 2.01234030724, 2.83322691917, 7.36725759506, 8.04475402832, 4.40182113647, 2.72267270088, 4.76811790466, 7.36234903336, 9.80641555786, 8.91397094727, 15.3229570389, 25.3209037781, 18.5998573303, 9.69844818115, 18.261800766, 10.4880342484, 10.6854333878, 10.1527471542, 15.6113910675, 10.5752096176, 5.37165594101, 4.68567466736, 3.82301998138, 3.38837313652, 4.21194171906, 6.14168310165, 5.70668411255, 4.30608415604, 5.96978664398, 4.07618761063, 2.49768090248, 1.33157992363, 1.82529950142, 0.563978970051, 0.263514280319, 0.0361994057894, 0.00325858942233, 0.000161531177582]}, "dissonance": {"dvar": 0.000305926776491, "mean": 0.454830378294, "min": 0.27224189043, "median": 0.462328791618, "dvar2": 0.00080991408322, "var": 0.000953950744588, "dmean2": 0.0271600224078, "max": 0.500000059605, "dmean": 0.0165121294558}, "erbbands_flatness_db": {"dvar": 0.00020395014144, "mean": 0.127273991704, "min": 0.0217133741826, "median": 0.124462373555, "dvar2": 0.000332622934366, "var": 0.0016658231616, "dmean2": 0.0176430121064, "max": 0.288099497557, "dmean": 0.013526651077}, "melbands_kurtosis": {"dvar": 104.719367981, "mean": 17.7124347687, "min": -1.83620929718, "median": 9.23829364777, "dvar2": 225.435943604, "var": 607.563781738, "dmean2": 8.98954677582, "max": 275.830444336, "dmean": 5.95703363419}, "melbands_spread": {"dvar": 104.275566101, "mean": 22.5934429169, "min": 0.538758039474, "median": 19.9062652588, "dvar2": 222.892547607, "var": 308.328063965, "dmean2": 8.18795776367, "max": 238.876098633, "dmean": 5.50256061554}, "melbands_skewness": {"dvar": 0.420775741339, "mean": 3.07300186157, "min": -2.34493875504, "median": 2.72545099258, "dvar2": 0.908917605877, "var": 3.66497683525, "dmean2": 0.833355545998, "max": 13.6535892487, "dmean": 0.562088251114}, "spectral_entropy": {"dvar": 0.0349426865578, "mean": 7.55475902557, "min": 5.68250465393, "median": 7.49963903427, "dvar2": 0.0535140745342, "var": 0.188905224204, "dmean2": 0.208374425769, "max": 9.79914665222, "dmean": 0.164717897773}, "zerocrossingrate": {"dvar": 0.000290636759019, "mean": 0.0720888376236, "min": 0.00390625, "median": 0.05615234375, "dvar2": 0.000341881066561, "var": 0.00323436781764, "dmean2": 0.0147281810641, "max": 0.50048828125, "dmean": 0.0138142015785}, "average_loudness": 0.904437661171, "spectral_contrast_coeffs": {"dvar": [0.00117753527593, 0.00107182504144, 0.000797373882961, 0.000601336767431, 0.000470270722872, 0.000279453437543], "mean": [-0.618984997272, -0.701385378838, -0.696073353291, -0.722840428352, -0.745123207569, -0.764408588409], "min": [-0.96937340498, -0.962166428566, -0.967721700668, -0.967306494713, -0.957279741764, -0.96124458313], "median": [-0.622967243195, -0.704707384109, -0.700383126736, -0.720328450203, -0.749468326569, -0.76270878315], "dvar2": [0.00325242104009, 0.002496519126, 0.00172466121148, 0.00129411707167, 0.000887856294867, 0.00054028024897], "var": [0.00908035878092, 0.00940089859068, 0.00826197396964, 0.00476951058954, 0.00409963028505, 0.00209302967414], "dmean2": [0.06607054919, 0.0556752681732, 0.0474107079208, 0.0434296242893, 0.0348316207528, 0.0259175654501], "max": [-0.232366517186, -0.378495484591, -0.419445216656, -0.506363332272, -0.526301622391, -0.624648869038], "dmean": [0.0398464128375, 0.034935683012, 0.0311231929809, 0.0284406170249, 0.0237450357527, 0.0173529721797]}, "barkbands_flatness_db": {"dvar": 0.000280008913251, "mean": 0.131054833531, "min": 0.0263545904309, "median": 0.129269748926, "dvar2": 0.000490292906761, "var": 0.00176478154026, "dmean2": 0.021319180727, "max": 0.411681830883, "dmean": 0.0158977620304}, "silence_rate_30dB": {"dvar": 0.000566106056795, "mean": 0.999339282513, "min": 0, "median": 1, "dvar2": 0.00169822608586, "var": 0.000660277786665, "dmean2": 0.00113282352686, "max": 1, "dmean": 0.000566358328797}, "spectral_energyband_high": {"dvar": 5.95699111727e-06, "mean": 0.00165666791145, "min": 7.89626128067e-21, "median": 0.000630766153336, "dvar2": 1.06811157821e-05, "var": 1.46423462866e-05, "dmean2": 0.00111160147935, "max": 0.0552236773074, "dmean": 0.000877917802427}, "melbands_flatness_db": {"dvar": 0.000435461610323, "mean": 0.202026233077, "min": 0.00933272764087, "median": 0.20034570992, "dvar2": 0.000820945075247, "var": 0.00290729990229, "dmean2": 0.0263176895678, "max": 0.531426310539, "dmean": 0.0191528424621}, "barkbands": {"dvar": [1.94453217417e-10, 1.00700353869e-05, 1.07499499791e-05, 3.00972192235e-06, 1.42321305248e-05, 1.85570354461e-06, 1.88164381143e-06, 2.65745575234e-06, 1.87126704532e-06, 4.44593433713e-06, 2.28692601922e-06, 9.48126285039e-07, 4.47481539823e-07, 2.09042951838e-07, 2.19625604814e-07, 3.44102630834e-07, 3.41015976346e-07, 1.85818720411e-08, 1.96336866765e-08, 4.00818755963e-08, 1.83536414511e-07, 2.23941171384e-07, 5.37589698979e-07, 3.61355603218e-07, 6.08538186953e-07, 4.98276904182e-08, 2.64360977553e-09], "mean": [3.20021536027e-05, 0.00998018495739, 0.00511385546997, 0.00254754303023, 0.00604430073872, 0.00129634106997, 0.000996682676487, 0.00120311579667, 0.00104985083453, 0.00271320855245, 0.00157841690816, 0.000519649998751, 0.000813301187009, 0.000513181672432, 0.000561849214137, 0.000537266896572, 0.000571339565795, 0.000175572640728, 0.000179310940439, 0.000167478749063, 0.000226411735639, 0.000267414929112, 0.000324442371493, 0.00028236801154, 0.000316632882459, 0.000136580041726, 2.65041235252e-05], "min": [4.62992310258e-23, 1.88701886748e-23, 2.32761677348e-23, 7.24208137349e-23, 8.26095266165e-23, 6.98070209442e-23, 3.69647756184e-23, 2.35265837405e-23, 1.00920982467e-22, 2.4244743776e-23, 5.87097927352e-23, 1.90522883795e-22, 8.45837677832e-23, 4.95511838899e-23, 1.15521321075e-22, 1.3346649303e-22, 1.60081448282e-22, 1.69153777832e-22, 6.28067222827e-22, 1.97712360137e-22, 2.58009012847e-22, 7.18117323367e-22, 5.19541368798e-22, 9.47413818748e-22, 1.35669262783e-21, 1.51868664098e-21, 2.62835084636e-21], "median": [1.57298347858e-06, 0.00862385239452, 0.00290751899593, 0.00173533021007, 0.00366767938249, 0.000333386735292, 0.000282714114292, 0.000129546009703, 0.000199540998437, 0.000358839461114, 0.000207158183912, 0.000135189446155, 0.000367291271687, 0.000209713427466, 0.000184212927707, 0.000135941270855, 0.000140506686876, 0.000117262941785, 0.000121438213682, 0.000109439344669, 0.000114137168566, 0.000105965780676, 0.000102729682112, 8.63923778525e-05, 5.40857763554e-05, 2.44143520831e-05, 5.26321719008e-06], "dvar2": [3.08508357749e-10, 2.1521551389e-05, 3.06887668557e-05, 8.26404902909e-06, 3.75220188289e-05, 3.60312878911e-06, 3.89051820093e-06, 5.41526651432e-06, 3.73567172574e-06, 8.30429053167e-06, 4.0823533709e-06, 2.13271960092e-06, 9.36923527206e-07, 4.60856540485e-07, 5.01654426444e-07, 7.89870568951e-07, 8.46914019803e-07, 4.6504705864e-08, 4.75279762213e-08, 9.57562420467e-08, 3.73840549628e-07, 4.44505502628e-07, 9.77817535386e-07, 7.26555867914e-07, 1.37199936034e-06, 1.02825481463e-07, 5.7642597362e-09], "var": [4.94983654065e-09, 8.82324238773e-05, 3.89091619581e-05, 8.06920525065e-06, 4.86022800033e-05, 9.02701594896e-06, 5.6526159824e-06, 1.04978071249e-05, 7.46526302464e-06, 3.30365874106e-05, 2.06150070881e-05, 2.75306069852e-06, 1.55921259193e-06, 1.59450917181e-06, 8.60603222463e-07, 1.33537025704e-06, 1.1589170299e-06, 3.96168644556e-08, 4.22051442683e-08, 6.55638316971e-08, 3.18834366908e-07, 4.0295594772e-07, 1.22216306409e-06, 8.77032334756e-07, 9.7125814591e-07, 8.02264636945e-08, 3.9215453107e-09], "dmean2": [7.76110755396e-06, 0.00273304595612, 0.00311783747748, 0.00186118495185, 0.00371949793771, 0.000605611887295, 0.0005562552833, 0.000613550946582, 0.000530293094926, 0.0010275990935, 0.00066127552418, 0.000329541537212, 0.000548770360183, 0.000294679455692, 0.000358165969374, 0.000337858684361, 0.000402181700338, 0.000135629932629, 0.00012974422134, 0.000126104656374, 0.000187653597095, 0.000226584321354, 0.000257876381511, 0.00023107729794, 0.000285703747068, 0.000142167293234, 2.7218098694e-05], "max": [0.000845132686663, 0.0456774570048, 0.0535840541124, 0.0311594177037, 0.0768041685224, 0.0408977456391, 0.0510050840676, 0.0477040708065, 0.0499328970909, 0.0884274542332, 0.0490752011538, 0.0509174615145, 0.0164171345532, 0.0289263390005, 0.00963515415788, 0.0245317202061, 0.0127243557945, 0.00354479788803, 0.00320555455983, 0.00930820591748, 0.02255824022, 0.0124452570453, 0.0303156208247, 0.0195472501218, 0.0124866329134, 0.00349655747414, 0.000790074351244], "dmean": [5.6392868828e-06, 0.00187504815403, 0.00191579177044, 0.00112457666546, 0.00242240633816, 0.000427100749221, 0.000394977338146, 0.000451183965197, 0.000388470973121, 0.000775279127993, 0.000494592124596, 0.000224527291721, 0.00038284168113, 0.00019829046505, 0.000231259298744, 0.000221927926759, 0.000254425860476, 8.54074824019e-05, 8.30644421512e-05, 8.27845942695e-05, 0.000128012208734, 0.000156871465151, 0.000189310580026, 0.000168591417605, 0.000207334640436, 0.000105453509605, 2.01082148124e-05]}, "erbbands_spread": {"dvar": 79.0356445312, "mean": 42.902431488, "min": 3.76554131508, "median": 38.6436653137, "dvar2": 161.230728149, "var": 494.042694092, "dmean2": 10.8869714737, "max": 162.581314087, "dmean": 7.58320379257}, "barkbands_kurtosis": {"dvar": 20.0415096283, "mean": 4.78745317459, "min": -1.93618559837, "median": 1.92156887054, "dvar2": 40.1596450806, "var": 85.7936477661, "dmean2": 3.20882153511, "max": 161.089950562, "dmean": 2.19118237495}, "spectral_flux": {"dvar": 0.000396747869672, "mean": 0.0595362149179, "min": 1.04389857869e-10, "median": 0.0543907508254, "dvar2": 0.000887466361746, "var": 0.00140921201091, "dmean2": 0.0250164084136, "max": 0.27866306901, "dmean": 0.0165411904454}, "silence_rate_20dB": {"dvar": 0, "mean": 1, "min": 1, "median": 1, "dvar2": 0, "var": 0, "dmean2": 0, "max": 1, "dmean": 0}, "gfcc": {"cov": [[34279.1992188, 1256.40686035, -489.12713623, 642.153991699, -1077.78747559, 546.473571777, -257.812957764, 329.716186523, -372.55557251, 235.730773926, -150.33795166, -109.00201416, -465.449493408], [1256.40686035, 1190.74597168, -314.134033203, 58.3545303345, 37.3701133728, 58.474521637, 94.6024475098, 62.321018219, 79.6862792969, -13.6057243347, 89.7555084229, -38.0097427368, 52.9050292969], [-489.12713623, -314.134033203, 626.491760254, 137.345092773, 40.7384757996, 32.8978881836, 39.1240158081, 46.8690986633, 52.5378265381, 114.175971985, 61.3343048096, 12.9469423294, -61.1879959106], [642.153991699, 58.3545303345, 137.345092773, 348.187530518, 179.431182861, 61.8337974548, -24.4483833313, 32.7259368896, 65.5653610229, 59.6649513245, 37.2306289673, 14.1162919998, -13.2524738312], [-1077.78747559, 37.3701133728, 40.7384757996, 179.431182861, 386.519317627, 103.849357605, 25.9373760223, 48.2139129639, 104.899978638, 33.0894889832, 11.9557199478, 49.2572021484, 35.5036087036], [546.473571777, 58.474521637, 32.8978881836, 61.8337974548, 103.849357605, 203.174575806, 96.8534317017, 29.5643081665, 22.1602573395, 29.7228775024, 6.00350093842, 16.9743175507, 2.126288414], [-257.812957764, 94.6024475098, 39.1240158081, -24.4483833313, 25.9373760223, 96.8534317017, 155.524139404, 37.8403244019, 18.1510677338, 11.6605272293, 27.600194931, -4.41203975677, 8.41660881042], [329.716186523, 62.321018219, 46.8690986633, 32.7259368896, 48.2139129639, 29.5643081665, 37.8403244019, 123.375022888, 83.3627166748, 28.1901988983, 2.44287776947, 13.6477327347, 1.99849510193], [-372.55557251, 79.6862792969, 52.5378265381, 65.5653610229, 104.899978638, 22.1602573395, 18.1510677338, 83.3627166748, 140.450744629, 50.1600418091, 13.1077022552, 7.81733989716, 11.8844156265], [235.730773926, -13.6057243347, 114.175971985, 59.6649513245, 33.0894889832, 29.7228775024, 11.6605272293, 28.1901988983, 50.1600418091, 93.7372207642, 35.2698974609, -0.65621638298, -25.1484394073], [-150.33795166, 89.7555084229, 61.3343048096, 37.2306289673, 11.9557199478, 6.00350093842, 27.600194931, 2.44287776947, 13.1077022552, 35.2698974609, 88.8711242676, 3.50494194031, -9.74860572815], [-109.00201416, -38.0097427368, 12.9469423294, 14.1162919998, 49.2572021484, 16.9743175507, -4.41203975677, 13.6477327347, 7.81733989716, -0.65621638298, 3.50494194031, 79.3045120239, 26.8817024231], [-465.449493408, 52.9050292969, -61.1879959106, -13.2524738312, 35.5036087036, 2.126288414, 8.41660881042, 1.99849510193, 11.8844156265, -25.1484394073, -9.74860572815, 26.8817024231, 78.5693664551]], "mean": [-5.48419046402, 67.6582260132, -93.4660720825, 28.7607746124, -45.0601005554, 25.3401603699, -33.5220870972, 3.66022443771, -28.1649475098, -4.71988725662, -22.8741321564, 0.966329813004, -12.913602829], "icov": [[7.54483189667e-05, -0.00010220608965, 0.000101872159576, -0.000245527364314, 0.000347266119206, -0.000383388483897, 0.00033753021853, -0.00051565252943, 0.000478929869132, -0.000339408608852, 0.000249029719271, -9.57503216341e-05, 0.000266694230959], [-0.00010220608965, 0.00161327235401, 0.000868163770065, -0.000225627081818, -0.00010989340808, 0.000240211826167, -0.000980486278422, 0.000167033198522, -0.00144442904275, 0.000999377574772, -0.002346820198, 0.00106749800034, -0.0010278421687], [0.000101872159576, 0.000868163770065, 0.00315281003714, -0.00146188645158, 0.000861844455358, -2.28173812502e-05, -0.000989945838228, -0.00117305724416, 0.000311599462293, -0.00231953570619, -0.00101301271934, -0.00050480425125, 0.00123217934743], [-0.000245527364314, -0.000225627081818, -0.00146188645158, 0.00598963536322, -0.00321761099622, -0.000302192085655, 0.00201643188484, 0.00110467185732, -0.00124964257702, 0.000500750611536, -0.00200188392773, 0.001092573395, -0.000485653436044], [0.000347266119206, -0.00010989340808, 0.000861844455358, -0.00321761099622, 0.00667651137337, -0.00351009261794, 0.00122662167996, -0.00106766296085, -0.00163516658358, -0.000401483557653, 0.000954801391345, -0.00225318432786, 0.000241680259933], [-0.000383388483897, 0.000240211826167, -2.28173812502e-05, -0.000302192085655, -0.00351009261794, 0.0118394521996, -0.0086307907477, 0.00300228921697, -0.00038564519491, -0.00182653323282, 0.00237258640118, -0.00178387248889, -9.37896675168e-06], [0.00033753021853, -0.000980486278422, -0.000989945838228, 0.00201643188484, 0.0012266