{"metadata": {"audio_properties": {"downmix": "mix", "bit_rate": 181405, "lossless": false, "md5_encoded": "38dafb5d31cc1fa428f6a0b633b7fe50", "analysis_sample_rate": 44100, "sample_rate": 44100, "replay_gain": -14.4218330383, "equal_loudness": 0, "codec": "mp3", "length": 220.316741943}, "tags": {"album": ["Beautiful"], "artist": ["Vivian Green"], "musicbrainz_recordingid": ["343fe401-8dfc-4175-8c15-a7055bdc487c"], "language": ["English"], "encodedby": ["Lame 3.97 V2"], "title": ["Too Intense"], "genre": ["R&B"], "tracknumber": ["7"], "date": ["2010"], "file_name": "1469195.mp3"}, "version": {"essentia_build_sha": "70f2e5ece6736b2c40cc944ad0e695b16b925413", "essentia_git_sha": "v2.1_beta2", "extractor": "music 1.0", "essentia": "2.1-beta2"}}, "tonal": {"chords_scale": "major", "hpcp": {"dmean": [0.109907507896, 0.154583007097, 0.176833435893, 0.174334853888, 0.159365847707, 0.135633632541, 0.113402731717, 0.0964564979076, 0.0935520082712, 0.122647091746, 0.132939442992, 0.109730742872, 0.0815721079707, 0.0767075195909, 0.097967684269, 0.149045959115, 0.165710270405, 0.168569177389, 0.149206608534, 0.131362080574, 0.0973337963223, 0.0763547718525, 0.075903698802, 0.147376537323, 0.226720556617, 0.16181987524, 0.099929779768, 0.0677200779319, 0.057546954602, 0.0724995061755, 0.114643231034, 0.123393967748, 0.0979484245181, 0.0820076465607, 0.0813470482826, 0.0858118832111], "dvar2": [0.0991190746427, 0.161575675011, 0.211724743247, 0.180387452245, 0.144933387637, 0.132998362184, 0.127638176084, 0.107736110687, 0.0885826870799, 0.0965326800942, 0.107200905681, 0.101286023855, 0.0761727914214, 0.0684065669775, 0.0765945315361, 0.118145704269, 0.128156617284, 0.126384541392, 0.132039785385, 0.127180829644, 0.106169775128, 0.077040784061, 0.0626120641828, 0.0931602045894, 0.197867631912, 0.0941384136677, 0.0914878323674, 0.0617263056338, 0.0486983023584, 0.0613828338683, 0.0952149182558, 0.0998488590121, 0.096991315484, 0.087622910738, 0.0884538441896, 0.0964251384139], "mean": [0.109236225486, 0.141910389066, 0.144082099199, 0.170910090208, 0.182968616486, 0.131567820907, 0.0919086039066, 0.0777643173933, 0.0809780210257, 0.149086415768, 0.177642092109, 0.11234267801, 0.0710720941424, 0.0655191838741, 0.0853910893202, 0.201266258955, 0.279290705919, 0.212137669325, 0.172770217061, 0.142616316676, 0.0796815752983, 0.0598267167807, 0.0652703717351, 0.189279139042, 0.339128375053, 0.250527441502, 0.100531622767, 0.0606515705585, 0.0499648377299, 0.0646296441555, 0.127459958196, 0.152680069208, 0.0993057414889, 0.0664307251573, 0.0670716315508, 0.0746071487665], "var": [0.0370274819434, 0.0558726638556, 0.0607679635286, 0.07088111341, 0.0759083107114, 0.0502995438874, 0.0385756082833, 0.0304995197803, 0.0262385960668, 0.0571041032672, 0.0779348313808, 0.0382649414241, 0.02418737486, 0.0211789663881, 0.0249717906117, 0.0745610296726, 0.127523332834, 0.0704451873899, 0.0777076631784, 0.0670936778188, 0.0298411156982, 0.0196521077305, 0.0199682675302, 0.0496288016438, 0.143440172076, 0.0782881602645, 0.0388289801776, 0.0203093793243, 0.015183149837, 0.0183295439929, 0.0464692786336, 0.0641787424684, 0.0341222397983, 0.0221740528941, 0.0231145564467, 0.0254753492773], "dmean2": [0.19256824255, 0.279182344675, 0.324798375368, 0.311004430056, 0.279901683331, 0.238410547376, 0.203448519111, 0.172229841352, 0.167954772711, 0.206967800856, 0.223998501897, 0.193194121122, 0.144304201007, 0.136515006423, 0.174360156059, 0.257073163986, 0.28383436799, 0.288134664297, 0.256565868855, 0.231114044785, 0.175474390388, 0.13959184289, 0.133730515838, 0.258080631495, 0.396830141544, 0.277610033751, 0.171107053757, 0.117890238762, 0.101540908217, 0.12542898953, 0.196598783135, 0.21036683023, 0.173289254308, 0.14867952466, 0.145578891039, 0.153843715787], "dvar": [0.0363271161914, 0.0592809580266, 0.0757898688316, 0.0658497214317, 0.0557499863207, 0.0495705604553, 0.0465171858668, 0.0388755910099, 0.0321928560734, 0.0395687632263, 0.0475959517062, 0.0380187891424, 0.0278856437653, 0.0247244089842, 0.02746944502, 0.0481910742819, 0.0590582340956, 0.0514965988696, 0.0528500378132, 0.0519581772387, 0.0382590964437, 0.0269372966141, 0.0228528045118, 0.036656934768, 0.088247410953, 0.0426703616977, 0.0358928889036, 0.0229126550257, 0.0176341924816, 0.0215083975345, 0.0360248945653, 0.040880355984, 0.0347162149847, 0.0298785455525, 0.030334783718, 0.033217549324], "min": [0, 0, 0, 0, 0, 0, 0, 0, 0, 0, 0, 0, 0, 0, 0, 0, 0, 0, 0, 0, 0, 0, 0, 0, 0, 0, 0, 0, 0, 0, 0, 0, 0, 0, 0, 0], "median": [0.030114479363, 0.0381938517094, 0.0340909510851, 0.0439416915178, 0.0496069006622, 0.0299216769636, 0.0134166739881, 0.0102975927293, 0.0170534625649, 0.0450344756246, 0.0525690056384, 0.0308401305228, 0.0110159283504, 0.00886593386531, 0.0163759067655, 0.0607545301318, 0.0860483273864, 0.0874330252409, 0.0296295396984, 0.0159236192703, 0.0104824770242, 0.00770915998146, 0.00926307868212, 0.0855905264616, 0.161224037409, 0.12405449152, 0.0174731388688, 0.00764913856983, 0.00608777906746, 0.00914328545332, 0.0268640294671, 0.0355959013104, 0.0223980806768, 0.00894549302757, 0.00881748273969, 0.0138257276267], "max": [1, 1, 1, 1, 1, 1, 1, 1, 1, 1, 1, 1, 1, 1, 1, 1, 1, 1, 1, 1, 1, 1, 1, 1, 1, 1, 1, 1, 1, 1, 1, 1, 1, 1, 1, 1]}, "tuning_equal_tempered_deviation": 0.241470813751, "chords_key": "A#", "chords_strength": {"dmean": 0.0115663791075, "dvar2": 0.000118683492474, "mean": 0.497392386198, "var": 0.00830660481006, "dmean2": 0.0123510789126, "dvar": 8.55269026943e-05, "min": 0.299458146095, "median": 0.487917423248, "max": 0.795776903629}, "tuning_diatonic_strength": 0.681921780109, "thpcp": [1, 0.73873925209, 0.296441197395, 0.178845465183, 0.147333115339, 0.190575748682, 0.375845760107, 0.450213193893, 0.292826414108, 0.195886656642, 0.197776526213, 0.219996780157, 0.322108775377, 0.41845625639, 0.424860060215, 0.503968715668, 0.539526104927, 0.38795876503, 0.27101418376, 0.229306429625, 0.238782793283, 0.439616471529, 0.523819625378, 0.331268876791, 0.209572836757, 0.193198770285, 0.251795768738, 0.593481063843, 0.823554515839, 0.625537931919, 0.509453713894, 0.420537859201, 0.23495991528, 0.176413178444, 0.192465081811, 0.558134198189], "chords_histogram": [39.233039856, 18.7526340485, 9.96628761292, 0, 0.126422256231, 0.2739148736, 2.78128957748, 0, 0, 0, 0, 0, 0, 0, 0, 0, 0, 2.06489682198, 0.189633369446, 0.737463116646, 0.737463116646, 2.59165620804, 13.1479139328, 9.39738750458], "tuning_nontempered_energy_ratio": 0.877562820911, "tuning_frequency": 434.193115234, "key_strength": 0.74605858326, "chords_changes_rate": 0.0693215355277, "key_scale": "major", "hpcp_entropy": {"dmean": 0.732341945171, "dvar2": 1.03192389011, "mean": 1.85769474506, "var": 0.840989530087, "dmean2": 1.22269427776, "dvar": 0.412871479988, "min": 0, "median": 1.81115198135, "max": 4.42107772827}, "key_key": "A#", "chords_number_rate": 0.00168562994804}, "lowlevel": {"melbands_skewness": {"dmean": 1.16073513031, "dvar2": 4.92830371857, "mean": 3.13635492325, "var": 9.23180770874, "dmean2": 1.75837409496, "dvar": 2.32350111008, "min": -4.44927453995, "median": 2.25973987579, "max": 28.5093517303}, "melbands_kurtosis": {"dmean": 15.8448829651, "dvar2": 3359.60717773, "mean": 25.2503623962, "var": 2994.85327148, "dmean2": 25.0413951874, "dvar": 1464.29650879, "min": -1.92414700985, "median": 7.63963317871, "max": 1009.49176025}, "barkbands_kurtosis": {"dmean": 5.16771030426, "dvar2": 268.389099121, "mean": 7.07071447372, "var": 213.408950806, "dmean2": 8.42846012115, "dvar": 111.596740723, "min": -1.98120546341, "median": 2.16317462921, "max": 158.738311768}, "hfc": {"dmean": 9.616147995, "dvar2": 442.832214355, "mean": 25.0372619629, "var": 837.869995117, "dmean2": 13.0189971924, "dvar": 257.399627686, "min": 1.16288690107e-16, "median": 14.4774980545, "max": 305.17288208}, "silence_rate_20dB": {"dmean": 0, "dvar2": 0, "mean": 1, "var": 0, "dmean2": 0, "dvar": 0, "min": 1, "median": 1, "max": 1}, "erbbands_flatness_db": {"dmean": 0.022334381938, "dvar2": 0.000896736921277, "mean": 0.137509211898, "var": 0.0034783903975, "dmean2": 0.031534537673, "dvar": 0.000490190694109, "min": 0.0250541865826, "median": 0.124963007867, "max": 0.414084464312}, "spectral_flux": {"dmean": 0.034109428525, "dvar2": 0.0038217457477, "mean": 0.0909812003374, "var": 0.00526487734169, "dmean2": 0.0517806485295, "dvar": 0.00207286514342, "min": 1.02332198271e-10, "median": 0.0698920041323, "max": 0.430953532457}, "spectral_energyband_low": {"dmean": 0.00935605820268, "dvar2": 0.00102872878779, "mean": 0.0176793970168, "var": 0.00100621348247, "dmean2": 0.0152675108984, "dvar": 0.00047293928219, "min": 5.12386930502e-23, "median": 0.00588845973834, "max": 0.202974513173}, "spectral_rolloff": {"dmean": 1036.2286377, "dvar2": 9040746, "mean": 2178.46386719, "var": 8798043, "dmean2": 1766.5748291, "dvar": 4028304, "min": 21.533203125, "median": 1141.25976562, "max": 19293.75}, "spectral_entropy": {"dmean": 0.220921278, "dvar2": 0.113413095474, "mean": 7.83237028122, "var": 0.307633846998, "dmean2": 0.311277002096, "dvar": 0.0587626136839, "min": 5.27767181396, "median": 7.89320802689, "max": 9.7933807373}, "spectral_energy": {"dmean": 0.0128180030733, "dvar2": 0.00110627582762, "mean": 0.0309748817235, "var": 0.00127128430177, "dmean2": 0.0197162050754, "dvar": 0.000517722917721, "min": 1.04718787571e-20, "median": 0.0189981721342, "max": 0.222699701786}, "spectral_centroid": {"dmean": 352.028808594, "dvar2": 416462.09375, "mean": 1680.52832031, "var": 728722.125, "dmean2": 530.086242676, "dvar": 203653.359375, "min": 184.859237671, "median": 1561.58618164, "max": 10786.1875}, "barkbands_flatness_db": {"dmean": 0.0279172193259, "dvar2": 0.00166629394516, "mean": 0.137819439173, "var": 0.00379209336825, "dmean2": 0.0422937907279, "dvar": 0.000781489594374, "min": 0.0178250726312, "median": 0.132351279259, "max": 0.37955519557}, "spectral_rms": {"dmean": 0.00101255392656, "dvar2": 3.67109169019e-06, "mean": 0.00470269145444, "var": 8.10396068118e-06, "dmean2": 0.00149081088603, "dvar": 1.92519723896e-06, "min": 3.19632081219e-12, "median": 0.00430520623922, "max": 0.0147400135174}, "melbands": {"dmean": [0.00245792651549, 0.00155023369007, 0.000651451642625, 0.000239385495661, 0.000199334317585, 0.000135938826133, 0.000115362898214, 0.000134029280161, 0.000104611193819, 7.48074889998e-05, 5.42141824553e-05, 4.41264892288e-05, 4.99575362483e-05, 4.38095376012e-05, 3.73179245798e-05, 5.20796274941e-05, 4.68608886877e-05, 3.44462641806e-05, 4.36028021795e-05, 2.87279344775e-05, 2.43214708462e-05, 1.34176189022e-05, 1.09236452772e-05, 8.85032204678e-06, 1.24342159324e-05, 7.40893710827e-06, 3.29315821546e-06, 3.41120380654e-06, 3.15345664603e-06, 2.15929753722e-06, 1.51329516029e-06, 1.34851018174e-06, 1.31349111143e-06, 2.04501930057e-06, 3.71248711417e-06, 2.7627165764e-06, 2.0571933419e-06, 1.37468964567e-06, 1.50398955157e-06, 1.41229031669e-06], "dvar2": [6.21661893092e-05, 6.56041811453e-05, 1.2827315004e-05, 1.21933408082e-06, 4.24509892127e-07, 2.09480162994e-07, 3.43450608398e-07, 4.54014298157e-07, 2.94780392096e-07, 1.0818221341e-07, 4.78250257174e-08, 2.97683993011e-08, 2.84681842544e-08, 3.19622053269e-08, 2.55615599798e-08, 7.38148315804e-08, 4.03235596025e-08, 2.17935625102e-08, 2.92658679513e-08, 1.56645612037e-08, 1.16560334718e-08, 4.33299174318e-09, 2.53855780841e-09, 1.38059330634e-09, 4.40841851912e-09, 1.0626269864e-09, 1.59485702422e-10, 2.40301611942e-10, 2.21944171375e-10, 4.46012497768e-11, 2.07531422602e-11, 1.70630749113e-11, 1.63812644005e-11, 3.99334836032e-11, 2.13145903705e-10, 8.57115559083e-11, 4.43240756598e-11, 2.11297038893e-11, 2.54413243944e-11, 1.94690426975e-11], "mean": [0.00428712181747, 0.00186644250061, 0.00045968327322, 0.000237655694946, 0.000319791579386, 0.000218411849346, 0.000162525189808, 0.000188070567674, 0.000153664543177, 0.000129027452203, 8.00073758001e-05, 6.70228837407e-05, 8.79924191395e-05, 7.07483486622e-05, 5.081004565e-05, 7.54117863835e-05, 6.70786903356e-05, 5.8246532717e-05, 6.30198701401e-05, 3.87326981581e-05, 3.52270362782e-05, 2.00968315767e-05, 1.33286557684e-05, 1.31986835186e-05, 1.744547626e-05, 1.17566241897e-05, 5.7797210502e-06, 5.68048835703e-06, 5.0610406106e-06, 3.22062032865e-06, 2.27388864005e-06, 2.13318912756e-06, 2.03063245863e-06, 3.13919122163e-06, 5.41109238839e-06, 4.32547267337e-06, 3.45319926964e-06, 2.36867685999e-06, 2.40447729993e-06, 2.38164602706e-06], "var": [7.05010534148e-05, 2.42341611738e-05, 2.64250616056e-06, 3.37399200134e-07, 3.88852612332e-07, 2.69464266012e-07, 2.3406791172e-07, 2.90258753921e-07, 2.16303206457e-07, 1.39020201573e-07, 5.96386584562e-08, 2.41462370099e-08, 4.20052046479e-08, 2.86386203641e-08, 2.28695959947e-08, 7.18176451642e-08, 6.0463442253e-08, 3.18095700891e-08, 3.45729205264e-08, 1.5563418998e-08, 1.28604762395e-08, 4.60143079195e-09, 1.83774584439e-09, 1.99210092866e-09, 4.78232831114e-09, 1.54249713002e-09, 1.77946019031e-10, 2.22454971111e-10, 1.77771491972e-10, 4.14899607726e-11, 2.30468769069e-11, 1.61221088563e-11, 1.62108763913e-11, 3.66754959735e-11, 1.25606539059e-10, 5.62019077111e-11, 3.46391700046e-11, 1.56004219959e-11, 1.64904808558e-11, 1.43803051064e-11], "dmean2": [0.00361056998372, 0.00253980769776, 0.00120627519209, 0.000419311138103, 0.000318895006785, 0.000210747253732, 0.000184342337889, 0.000208955927519, 0.000156286245328, 0.000113729307486, 7.54753200454e-05, 6.77901698509e-05, 7.35580688342e-05, 6.38235214865e-05, 5.61717170058e-05, 7.80762929935e-05, 6.73525573802e-05, 5.07011827722e-05, 6.93561960361e-05, 4.71374150948e-05, 3.75310337404e-05, 1.89994407265e-05, 1.72073287104e-05, 1.2283995602e-05, 1.80583992915e-05, 1.07098476292e-05, 4.7746589189e-06, 5.04193531015e-06, 4.5254178076e-06, 3.08692915496e-06, 2.10634061659e-06, 1.93069126908e-06, 1.85906924344e-06, 2.97471410704e-06, 5.92404148847e-06, 4.24476093031e-06, 3.08665062221e-06, 2.11628389479e-06, 2.306919896e-06, 2.1769169507e-06], "dvar": [3.1109288102e-05, 2.48084397754e-05, 4.49968229077e-06, 4.35748489735e-07, 1.75153942905e-07, 1.00662120417e-07, 1.32788883889e-07, 1.83977562074e-07, 1.24574768279e-07, 5.03443011723e-08, 2.65941224598e-08, 1.22633680988e-08, 1.3615765404e-08, 1.45944190066e-08, 1.15956675373e-08, 3.46201751711e-08, 1.97351273101e-08, 1.0736329159e-08, 1.28288357715e-08, 6.99664948201e-09, 5.52037970891e-09, 2.10667083778e-09, 1.07028275131e-09, 7.13511694173e-10, 2.13914019831e-09, 5.40542000049e-10, 7.04308208976e-11, 1.04967909365e-10, 9.86344755871e-11, 2.38429866128e-11, 1.20686897975e-11, 8.44569032765e-12, 8.20862041534e-12, 1.8688682546e-11, 8.35743557692e-11, 3.55928272966e-11, 1.89222890828e-11, 8.74457537631e-12, 1.04073182364e-11, 8.05771335072e-12], "min": [1.67144736067e-24, 5.46743716191e-24, 1.13213751466e-23, 1.82492699454e-23, 3.21015053302e-24, 4.55010355295e-24, 5.52567166279e-24, 6.36124181107e-24, 8.26386545166e-24, 1.13522243412e-23, 1.26469225803e-23, 9.02688642907e-24, 3.39213857448e-24, 1.0547670626e-23, 3.46739196054e-24, 8.55067161097e-24, 6.88135752741e-24, 7.50720663745e-24, 9.583998933e-24, 7.29098301877e-24, 7.24353619077e-24, 1.49287887345e-23, 8.55160404456e-24, 6.58965135858e-24, 7.02852820674e-24, 1.10103343914e-23, 1.01831451014e-23, 6.30923576146e-24, 7.34645650649e-24, 6.59847555667e-24, 6.81458676267e-24, 1.02006728019e-23, 9.62401784672e-24, 7.81468331906e-24, 8.33013923403e-24, 8.50666184993e-24, 1.02098062334e-23, 8.57328825312e-24, 8.66011659524e-24, 1.1012095129e-23], "median": [0.00129498681054, 0.000225521172979, 4.78934671264e-05, 4.13599191234e-05, 6.07060283073e-05, 4.41100637545e-05, 2.83372428385e-05, 3.19360842695e-05, 2.42801470449e-05, 1.68379192473e-05, 1.35334394145e-05, 1.63446056831e-05, 1.81747236638e-05, 1.55476482178e-05, 8.22286074253e-06, 9.0722933237e-06, 1.11800991363e-05, 9.52814207267e-06, 1.01278137663e-05, 7.68624704506e-06, 5.53934933123e-06, 3.56926602763e-06, 2.56187786363e-06, 2.18476861846e-06, 2.78813331533e-06, 2.69218094218e-06, 1.77233812337e-06, 1.58168745656e-06, 1.55753878062e-06, 1.05408571471e-06, 7.0136229624e-07, 5.24730239704e-07, 4.28390990237e-07, 6.41995541173e-07, 9.33388719204e-07, 1.31591468744e-06, 1.18867569654e-06, 6.71069074087e-07, 7.6900488466e-07, 8.76466685895e-07], "max": [0.0587064698339, 0.0486849360168, 0.0189363099635, 0.00720174564049, 0.00716424221173, 0.00716869300231, 0.00783562380821, 0.00992903579026, 0.0101268151775, 0.00653792126104, 0.00368395959958, 0.00338224880397, 0.00305550219491, 0.00450882036239, 0.00292318454012, 0.00913125835359, 0.00498046400025, 0.00371461245231, 0.00328313047066, 0.00278761750087, 0.00231163669378, 0.00254793977365, 0.00113752449397, 0.00112721405458, 0.00230748252943, 0.000937350094318, 0.000295911886496, 0.000376125768526, 0.000444104021881, 7.68062309362e-05, 3.94942362618e-05, 4.2604853661e-05, 5.08203229401e-05, 6.59523211652e-05, 0.000114066948299, 0.000139693947858, 0.000132018962177, 8.55625403346e-05, 0.000102097772469, 8.58339044498e-05]}, "barkbands_crest": {"dmean": 3.09994530678, "dvar2": 18.7311496735, "mean": 11.8569812775, "var": 26.3265743256, "dmean2": 4.82689762115, "dvar": 8.11338710785, "min": 2.59035372734, "median": 10.9640331268, "max": 26.2575054169}, "mfcc": {"icov": [[0.000138473929837, -8.68178103701e-05, 2.27727487072e-05, 2.96264461213e-05, -0.000206616037758, -0.000130578322569, 5.73932338739e-05, -0.000234728940995, 0.000321052502841, -0.00033320314833, 0.0002237453009, -0.000110047883936, -9.13066469366e-06], [-8.68178103701e-05, 0.0011116306996, -7.06570135662e-05, -0.00060556747485, 0.00020344540826, 0.000559524924029, -0.000766455137637, 0.000802540336736, -0.000529705488589, 6.83860998834e-05, 1.61213847605e-05, 0.00049453205429, 0.000287830684101], [2.27727487072e-05, -7.06570135662e-05, 0.00149554735981, -0.000415742804762, -0.000675352464896, -0.000209073972655, 0.000376712036086, -0.00057892705081, 0.000400996999815, -0.000324397144141, -0.000162870681379, 0.000412624096498, 1.62679407367e-05], [2.96264461213e-05, -0.00060556747485, -0.000415742804762, 0.00430363975465, -0.00232299347408, -0.000408784806496, 0.000177083536983, -0.000427132326877, -0.000629710091744, 0.00114177924115, -0.000141717930092, -0.00163691258058, 0.000853339151945], [-0.000206616037758, 0.00020344540826, -0.000675352464896, -0.00232299347408, 0.00712743448094, -0.00196142191999, 0.000502242299262, -0.00160453037824, 0.00024371247855, -0.000405457743909, 0.00102350185625, -0.00167567946482, 0.000971749483142], [-0.000130578322569, 0.000559524924029, -0.000209073972655, -0.000408784806496, -0.00196142191999, 0.00515556754544, -0.00254947552457, 0.000140949618071, -0.00057820812799, 0.00121722440235, -0.0032578415703, 0.00301960809156, -0.00100345537066], [5.73932338739e-05, -0.000766455137637, 0.000376712036086, 0.000177083536983, 0.000502242299262, -0.00254947552457, 0.00729475170374, -0.00241953809746, 0.000911298731808, -0.00297443964519, 0.00145776977297, -0.000720077601727, -0.000247781601502], [-0.000234728940995, 0.000802540336736, -0.00057892705081, -0.000427132326877, -0.00160453037824, 0.000140949618071, -0.00241953809746, 0.00909048318863, -0.00424740463495, 0.000608114234637, -0.000323464511894, -0.000690445129294, 0.000617184152361], [0.000321052502841, -0.000529705488589, 0.000400996999815, -0.000629710091744, 0.00024371247855, -0.00057820812799, 0.000911298731808, -0.00424740463495, 0.00935228914022, -0.00191841542255, 0.000294119963655, 0.00181711150799, -0.00130409444682], [-0.00033320314833, 6.83860998834e-05, -0.000324397144141, 0.00114177924115, -0.000405457743909, 0.00121722440235, -0.00297443964519, 0.000608114234637, -0.00191841542255, 0.0107101816684, -0.00291380076669, -0.00118926737923, -9.2700276582e-05], [0.0002237453009, 1.61213847605e-05, -0.000162870681379, -0.000141717930092, 0.00102350185625, -0.0032578415703, 0.00145776977297, -0.000323464511894, 0.000294119963655, -0.00291380076669, 0.0119959423319, -0.00686068274081, 0.00115369993728], [-0.000110047883936, 0.00049453205429, 0.000412624096498, -0.00163691258058, -0.00167567946482, 0.00301960809156, -0.000720077601727, -0.000690445129294, 0.00181711150799, -0.00118926737923, -0.00686068274081, 0.0169730149209, -0.00726531026885], [-9.13066469366e-06, 0.000287830684101, 1.62679407367e-05, 0.000853339151945, 0.000971749483142, -0.00100345537066, -0.000247781601502, 0.000617184152361, -0.00130409444682, -9.2700276582e-05, 0.00115369993728, -0.00726531026885, 0.0136371320114]], "mean": [-677.375732422, 85.6507873535, 2.17526960373, 2.27748942375, 12.5736379623, 3.4756603241, 5.21722269058, 1.84427607059, 2.78660321236, 11.1572666168, 0.634127378464, 5.95538330078, 8.27463626862], "cov": [[11123.765625, 500.47366333, 687.510009766, 606.094482422, 905.085388184, 699.262756348, 437.273254395, 532.610107422, -81.9267501831, 368.927337646, 71.2236633301, 171.750198364, 9.08745479584], [500.47366333, 1211.84692383, 28.5018444061, 131.953094482, -15.5666770935, -95.8239364624, 72.3098297119, -59.1243476868, 26.8297786713, 6.21180772781, -72.372253418, -60.8856391907, -59.1924133301], [687.510009766, 28.5018444061, 978.928039551, 316.472045898, 318.990020752, 244.438552856, 61.4820861816, 182.568313599, 38.6482582092, 34.6344146729, 63.4178276062, 22.7653255463, -22.3071212769], [606.094482422, 131.953094482, 316.472045898, 501.514953613, 296.909820557, 203.357955933, 68.6564788818, 149.959991455, 59.7793502808, 4.09289598465, 55.0710639954, 51.6638641357, -17.2619438171], [905.085388184, -15.5666770935, 318.990020752, 296.909820557, 402.512908936, 255.514022827, 89.6941223145, 175.058746338, 45.3710632324, 36.4386367798, 56.7344360352, 49.6241188049, -7.97433710098], [699.262756348, -95.8239364624, 244.438552856, 203.357955933, 255.514022827, 471.549438477, 157.039199829, 159.018737793, 55.7266387939, 37.8887329102, 100.468544006, 15.8133563995, 7.13275003433], [437.273254395, 72.3098297119, 61.4820861816, 68.6564788818, 89.6941223145, 157.039199829, 239.586395264, 101.373725891, 32.4473724365, 69.2928619385, 27.2275943756, 17.75066185, 10.0535888672], [532.610107422, -59.1243476868, 182.568313599, 149.959991455, 175.058746338, 159.018737793, 101.373725891, 245.524078369, 89.0550079346, 39.6978645325, 41.0609169006, 29.6358356476, 3.0608921051], [-81.9267501831, 26.8297786713, 38.6482582092, 59.7793502808, 45.3710632324, 55.7266387939, 32.4473724365, 89.0550079346, 159.233566284, 21.7819061279, 9.48535633087, -6.94382953644, 3.8921391964], [368.927337646, 6.21180772781, 34.6344146729, 4.09289598465, 36.4386367798, 37.8887329102, 69.2928619385, 39.6978645325, 21.7819061279, 140.409103394, 46.6868934631, 37.4847145081, 18.5303344727], [71.2236633301, -72.372253418, 63.4178276062, 55.0710639954, 56.7344360352, 100.468544006, 27.2275943756, 41.0609169006, 9.48535633087, 46.6868934631, 154.187408447, 73.1005935669, 27.1650867462], [171.750198364, -60.8856391907, 22.7653255463, 51.6638641357, 49.6241188049, 15.8133563995, 17.75066185, 29.6358356476, -6.94382953644, 37.4847145081, 73.1005935669, 127.114250183, 55.8766212463], [9.08745479584, -59.1924133301, -22.3071212769, -17.2619438171, -7.97433710098, 7.13275003433, 10.0535888672, 3.0608921051, 3.8921391964, 18.5303344727, 27.1650867462, 55.8766212463, 104.797409058]]}, "spectral_decrease": {"dmean": 3.24154036946e-09, "dvar2": 7.6482032644e-17, "mean": -7.60522755883e-09, "var": 8.37294913862e-17, "dmean2": 5.05516561944e-09, "dvar": 3.52196100945e-17, "min": -5.84294035377e-08, "median": -4.58238247347e-09, "max": 6.34637481456e-12}, "zerocrossingrate": {"dmean": 0.0212308950722, "dvar2": 0.000751839834265, "mean": 0.0902578905225, "var": 0.00499601522461, "dmean2": 0.0246092621237, "dvar": 0.000620929000434, "min": 0.00390625, "median": 0.072265625, "max": 0.6982421875}, "spectral_contrast_coeffs": {"dmean": [0.0560484752059, 0.0576880685985, 0.0450024716556, 0.034205455333, 0.0234390739352, 0.0174621641636], "dvar2": [0.00562510825694, 0.00564418267459, 0.00295818666928, 0.00192222907208, 0.000904060725588, 0.000512388942298], "mean": [-0.700947701931, -0.70334059, -0.744919121265, -0.768648207188, -0.798163414001, -0.813150584698], "var": [0.0118989963084, 0.0115728247911, 0.00801052711904, 0.00494839716703, 0.00297495583072, 0.00098622252699], "dmean2": [0.0864243805408, 0.0897547975183, 0.0679421871901, 0.0536765083671, 0.036003831774, 0.0271081067622], "dvar": [0.00248642964289, 0.00258791679516, 0.00148817058653, 0.00089074880816, 0.000424163969001, 0.000228646429605], "min": [-0.995991706848, -0.975943088531, -0.979586660862, -0.967380702496, -0.961831092834, -0.960048735142], "median": [-0.720332741737, -0.714081048965, -0.759146213531, -0.780447363853, -0.808161199093, -0.815318226814], "max": [-0.228571563959, -0.332714676857, -0.431759208441, -0.42939221859, -0.532077789307, -0.635228455067]}, "spectral_skewness": {"dmean": 0.216923847795, "dvar2": 0.114737421274, "mean": 1.57326745987, "var": 0.21351146698, "dmean2": 0.323192209005, "dvar": 0.0544385947287, "min": -0.398433148861, "median": 1.61103582382, "max": 4.36058473587}, "spectral_energyband_middle_high": {"dmean": 0.00241060042754, "dvar2": 3.51855887857e-05, "mean": 0.00533342314884, "var": 6.47409178782e-05, "dmean2": 0.00322958594188, "dvar": 1.86245888472e-05, "min": 1.55886134527e-21, "median": 0.00178952107672, "max": 0.0828758329153}, "gfcc": {"icov": [[7.9554709373e-05, -6.89634034643e-05, -9.12082759896e-06, 2.48114920396e-05, -2.73409241345e-05, -0.000184018412256, 0.000150471911184, -5.91962088947e-05, -2.67288342002e-05, 5.57805760764e-05, -0.000102957797935, 3.45190755979e-06, 0.000140567222843], [-6.89634034643e-05, 0.00103023753036, -0.000129974883748, -0.000151382380864, -0.000370693102013, 0.00088491209317, -0.000393397785956, -4.599017484e-05, 0.000234986437135, 0.000247984746238, -0.00032933865441, 0.00137952924706, -0.000992682063952], [-9.12082759896e-06, -0.000129974883748, 0.00113644753583, -0.000579762097914, 6.81976016494e-05, -0.000304799235892, -4.84062766191e-05, 0.000211193255382, -0.000290922005661, 0.000118112373457, 0.00050251831999, -0.000540268898476, 0.000476446613902], [2.48114920396e-05, -0.000151382380864, -0.000579762097914, 0.00346219004132, -0.00172684644349, -0.000772586441599, 0.000752199965063, 0.000213347448152, -0.00180227903184, 0.00191094900947, -0.00109164603055, 9.82721903711e-05, 0.000730921747163], [-2.73409241345e-05, -0.000370693102013, 6.81976016494e-05, -0.00172684644349, 0.00500382296741, -0.000891481409781, -0.0022331958171, 0.000572786899284, -3.62272403436e-05, -0.000657178112306, 0.00135906715877, -0.00084042805247, 0.00159006216563], [-0.000184018412256, 0.00088491209317, -0.000304799235892, -0.000772586441599, -0.000891481409781, 0.00538943521678, -0.00257441378199, 0.000308208720526, -8.93810720299e-05, 6.99314623489e-05, -0.000717050279491, 0.00119562377222, -0.000276797072729], [0.000150471911184, -0.000393397785956, -4.84062766191e-05, 0.000752199965063, -0.0022331958171, -0.00257441378199, 0.00744453351945, -0.00233638286591, 0.000607411551755, -0.00110033457167, -0.00011931417248, -0.000176698333235, -9.36796459428e-06], [-5.91962088947e-05, -4.599017484e-05, 0.000211193255382, 0.000213347448152, 0.000572786899284, 0.000308208720526, -0.00233638286591, 0.00803371146321, -0.00430708145723, 0.0017493852647, -0.000545283488464, 0.000692247704137, -0.00155778462067], [-2.67288342002e-05, 0.000234986437135, -0.000290922005661, -0.00180227903184, -3.62272403436e-05, -8.93810720299e-05, 0.000607411551755, -0.00430708145723, 0.0118025541306, -0.00418244488537, -0.00020871333254, -0.00221565947868, 0.00170289189555], [5.57805760764e-05, 0.000247984746238, 0.000118112373457, 0.00191094900947, -0.000657178112306, 6.99314623489e-05, -0.00110033457167, 0.0017493852647, -0.00418244488537, 0.0105249593034, -0.00379639910534, -0.00042188030784, -0.000590097857639], [-0.000102957797935, -0.00032933865441, 0.00050251831999, -0.00109164603055, 0.00135906715877, -0.000717050279491, -0.00011931417248, -0.000545283488464, -0.00020871333254, -0.00379639910534, 0.00756184803322, -0.00181117339525, -0.000147683836985], [3.45190755979e-06, 0.00137952924706, -0.000540268898476, 9.82721903711e-05, -0.00084042805247, 0.00119562377222, -0.000176698333235, 0.000692247704137, -0.00221565947868, -0.00042188030784, -0.00181117339525, 0.0131539106369, -0.00570705160499], [0.000140567222843, -0.000992682063952, 0.000476446613902, 0.000730921747163, 0.00159006216563, -0.000276797072729, -9.36796459428e-06, -0.00155778462067, 0.00170289189555, -0.000590097857639, -0.000147683836985, -0.00570705160499, 0.0107873762026]], "mean": [-22.2512359619, 33.8138847351, -99.9015045166, 10.8671607971, -47.155632019, 22.9070682526, -37.1129074097, 20.1779003143, -18.8867321014, 17.0585250854, -7.64949607849, 8.79939651489, -3.13657450676], "cov": [[16354.0605469, 868.423706055, 933.027832031, 909.698364258, 681.864685059, 813.074157715, 104.235702515, 103.506362915, 187.932769775, -160.947799683, 147.150421143, -256.638885498, -472.875854492], [868.423706055, 1456.27587891, 90.2890701294, 75.6483459473, 80.5904769897, -142.688079834, 20.4196853638, 13.0110063553, -72.9567108154, -89.3562774658, -25.3249340057, -135.842453003, 34.3516998291], [933.027832031, 90.2890701294, 1381.67993164, 561.82019043, 355.025482178, 278.475860596, 111.479553223, -14.6642017365, 96.6491012573, -96.7947158813, -90.2345199585, -40.7125205994, -193.473800659], [909.698364258, 75.6483459473, 561.82019043, 772.771972656, 412.575469971, 287.51473999, 114.871032715, 16.7946815491, 120.791481018, -89.1864318848, -12.1979179382, -54.9480171204, -186.162704468], [681.864685059, 80.5904769897, 355.025482178, 412.575469971, 528.320129395, 265.542053223, 191.146820068, 8.34503173828, 68.3280181885, -35.2053375244, -47.7436943054, -48.2593421936, -153.691467285], [813.074157715, -142.688079834, 278.475860596, 287.51473999, 265.542053223, 425.380401611, 177.841400146, 27.8324375153, 70.2677536011, -1.26360678673, 17.7667770386, -28.2256984711, -105.40952301], [104.235702515, 20.4196853638, 111.479553223, 114.871032715, 191.146820068, 177.841400146, 261.218261719, 63.5564193726, 44.5624847412, 24.7314720154, 13.8180446625, -7.61675548553, -35.9153442383], [103.506362915, 13.0110063553, -14.6642017365, 16.7946815491, 8.34503173828, 27.8324375153, 63.5564193726, 182.386154175, 71.1359634399, 15.3872776031, 34.214427948, 14.2397527695, 22.8497562408], [187.932769775, -72.9567108154, 96.6491012573, 120.791481018, 68.3280181885, 70.2677536011, 44.5624847412, 71.1359634399, 162.277709961, 56.8661804199, 50.5037918091, 30.7062416077, -25.1428394318], [-160.947799683, -89.3562774658, -96.7947158813, -89.1864318848, -35.2053375244, -1.26360678673, 24.7314720154, 15.3872776031, 56.8661804199, 174.90838623, 97.1228179932, 49.2128257751, 39.5497283936], [147.150421143, -25.3249340057, -90.2345199585, -12.1979179382, -47.7436943054, 17.7667770386, 13.8180446625, 34.214427948, 50.5037918091, 97.1228179932, 213.554656982, 51.2777633667, 40.4025764465], [-256.638885498, -135.842453003, -40.7125205994, -54.9480171204, -48.2593421936, -28.2256984711, -7.61675548553, 14.2397527695, 30.7062416077, 49.2128257751, 51.2777633667, 133.647674561, 74.0567855835], [-472.875854492, 34.3516998291, -193.473800659, -186.162704468, -153.691467285, -105.40952301, -35.9153442383, 22.8497562408, -25.1428394318, 39.5497283936, 40.4025764465, 74.0567855835, 192.26625061]]}, "erbbands_spread": {"dmean": 12.0577926636, "dvar2": 445.427062988, "mean": 41.5190925598, "var": 607.761047363, "dmean2": 18.1066207886, "dvar": 198.760421753, "min": 2.3400452137, "median": 36.3723831177, "max": 162.579391479}, "erbbands_kurtosis": {"dmean": 1.49265742302, "dvar2": 11.8153352737, "mean": 1.48510301113, "var": 10.7591848373, "dmean2": 2.31119394302, "dvar": 4.99524497986, "min": -1.89893269539, "median": 0.476664066315, "max": 38.7521629333}, "dynamic_complexity": 4.38662481308, "erbbands_crest": {"dmean": 3.03611803055, "dvar2": 20.2853565216, "mean": 10.202996254, "var": 31.4090652466, "dmean2": 4.72860956192, "dvar": 9.0346698761, "min": 1.94311368465, "median": 8.53043174744, "max": 32.3085708618}, "erbbands": {"dmean": [0.356055766344, 1.41376543045, 2.85392594337, 3.87597727776, 2.95097303391, 4.25871372223, 5.71636867523, 6.20135879517, 6.83768129349, 12.1082744598, 13.3330526352, 11.7611465454, 10.864282608, 11.2422037125, 15.8092727661, 14.6640501022, 21.2884845734, 23.4100780487, 22.4668254852, 25.2199001312, 19.3617172241, 11.4274787903, 10.4672222137, 13.7118864059, 7.20212221146, 4.5229511261, 4.26632547379, 2.84483647346, 2.41793990135, 3.08353114128, 5.48215055466, 3.46736693382, 2.02537369728, 1.65308880806, 1.66170108318, 0.896075189114, 0.165137261152, 0.0276880916208, 0.00572407711297, 0.000188558158698], "dvar2": [1.7259799242, 38.7626113892, 309.865264893, 464.291992188, 235.061264038, 292.626647949, 397.794464111, 503.103912354, 1071.33374023, 4064.86376953, 4614.38623047, 2730.93139648, 1920.9831543, 1941.06286621, 2676.5637207, 4185.2578125, 9703.98828125, 9001.66796875, 6857.38085938, 10489.9013672, 6980.05712891, 2540.3984375, 2052.97387695, 4655.94091797, 649.272583008, 289.283447266, 272.298614502, 73.7254867554, 52.1039085388, 88.9694137573, 424.098388672, 123.647674561, 47.5809669495, 27.4901447296, 26.3429679871, 10.1201238632, 0.248420208693, 0.00643709208816, 0.000384299637517, 4.78033484796e-07], "mean": [0.515819609165, 2.25273108482, 2.39339780807, 2.71481513977, 2.32578492165, 5.07159328461, 9.28450965881, 9.99851703644, 9.83254432678, 16.8182544708, 20.1978759766, 20.5478057861, 16.9366531372, 18.0682182312, 28.8938522339, 23.2017421722, 30.7144432068, 36.3423919678, 40.0486450195, 34.7648963928, 30.171579361, 17.8238506317, 14.9992160797, 20.5518875122, 13.2255125046, 8.25891685486, 7.11504459381, 4.41789627075, 3.90722966194, 4.99869060516, 8.43904590607, 6.02759170532, 3.54399704933, 2.86650657654, 2.46092915535, 1.22388672829, 0.266736447811, 0.0459783822298, 0.00767439091578, 0.000270334625384], "var": [1.13442707062, 29.9720954895, 68.8675613403, 93.9194641113, 52.4903106689, 125.447235107, 383.79989624, 662.235717773, 792.533691406, 2415.86450195, 3424.55004883, 3161.61816406, 2417.27954102, 1521.02539062, 4895.69482422, 3712.09643555, 8337.16210938, 13165.9296875, 11483.3496094, 7933.63134766, 8297.32714844, 2717.92797852, 1927.44299316, 5417.73291016, 1391.94274902, 330.617004395, 240.505630493, 79.9770278931, 53.9195289612, 90.2287521362, 262.483398438, 98.7508926392, 34.0407485962, 20.3938465118, 15.7446947098, 4.89015960693, 0.19770270586, 0.00563630089164, 0.000183035459486, 2.05309291346e-07], "dmean2": [0.543706417084, 2.0391740799, 5.11193990707, 7.23443508148, 5.34662008286, 7.20552682877, 9.14054775238, 9.5925245285, 10.8756570816, 19.1101570129, 19.80676651, 17.8941802979, 15.1170015335, 17.1909332275, 22.6148910522, 21.1991214752, 31.6144237518, 32.8565254211, 32.0532569885, 41.2390403748, 29.8512401581, 16.000617981, 15.702794075, 19.5919799805, 10.05971241, 6.32590341568, 5.90959692001, 3.96746134758, 3.43234109879, 4.38665103912, 8.54564857483, 5.1741566658, 3.08395314217, 2.51441931725, 2.5791990757, 1.40344381332, 0.242513880134, 0.0403744354844, 0.00888661760837, 0.000293128599878], "dvar": [0.673486113548, 17.8847446442, 109.214408875, 162.167785645, 83.359413147, 108.169258118, 168.546279907, 245.786071777, 421.383148193, 1603.76965332, 1996.0904541, 1222.57006836, 1069.55163574, 789.035095215, 1362.99121094, 1852.28808594, 4345.26269531, 4414.53369141, 3392.03173828, 4316.28564453, 3315.796875, 1188.11437988, 911.557800293, 2285.01782227, 336.818328857, 134.838821411, 126.863014221, 42.8405838013, 26.6425457001, 43.4635620117, 168.812347412, 53.8327255249, 19.7661266327, 11.4464645386, 10.7634897232, 3.99988269806, 0.109415635467, 0.002964861691, 0.000151033731527, 1.82518903102e-07], "min": [1.12644364286e-22, 1.47875053872e-21, 1.46917148027e-20, 5.76857406125e-20, 1.25485276403e-19, 2.31737724685e-19, 7.90199241447e-20, 2.18520800213e-19, 3.39494568931e-19, 5.2091637037e-19, 8.86598960507e-19, 1.76754124639e-18, 2.48563720887e-18, 2.05208289851e-18, 1.39909452884e-18, 2.21727934544e-18, 3.04961184564e-18, 4.07857985991e-18, 5.11333896564e-18, 7.23335613991e-18, 6.77417660135e-18, 1.22660131494e-17, 7.64368570021e-18, 9.40122033594e-18, 1.5791827497e-17, 1.16021907816e-17, 1.14654156402e-17, 1.33240524263e-17, 1.87712394192e-17, 1.63763100091e-17, 1.47230406624e-17, 1.57264587219e-17, 1.2228355752e-17, 1.24210706367e-17, 8.54191781866e-18, 4.46726499871e-18, 2.85618310402e-18, 1.30261497393e-18, 3.06266335984e-19, 3.06469609157e-20], "median": [0.146324217319, 0.240120247006, 0.277757644653, 0.242883712053, 0.378936558962, 0.917508482933, 1.59349179268, 2.08277750015, 2.03675937653, 2.84604787827, 3.83363294601, 3.33134698868, 3.35098218918, 5.6489610672, 6.21237277985, 5.03138589859, 4.62512111664, 7.00012493134, 6.98080253601, 7.74221372604, 5.63477563858, 3.4026787281, 2.8190100193, 3.68841075897, 3.52394342422, 2.50326347351, 2.35866093636, 1.46389174461, 0.947259366512, 1.10121238232, 1.78384721279, 2.1203250885, 1.09320497513, 1.07284164429, 1.014929533, 0.43612074852, 0.0871123224497, 0.0153333004564, 0.00280983909033, 0.000115618575364], "max": [8.43686389923, 41.9772377014, 94.4712524414, 112.090446472, 93.8674926758, 118.693252563, 218.263931274, 371.107940674, 442.40246582, 1130.77746582, 1120.09008789, 1193.72900391, 758.259216309, 864.836486816, 983.282104492, 1582.7845459, 2229.04663086, 2142.04199219, 2060.91967773, 2385.70117188, 2402.24414062, 1618.1427002, 950.628540039, 2536.80004883, 836.767944336, 415.88180542, 436.499145508, 68.8620605469, 83.783454895, 110.909057617, 220.536499023, 183.425964355, 135.579406738, 106.130523682, 68.3385543823, 39.5786590576, 9.83172988892, 1.52660703659, 0.179209530354, 0.00634236913174]}, "silence_rate_30dB": {"dmean": 0.0459479391575, "dvar2": 0.0859827250242, "mean": 0.939093768597, "var": 0.0572033189237, "dmean2": 0.0919055640697, "dvar": 0.043833207339, "min": 0, "median": 1, "max": 1}, "silence_rate_60dB": {"dmean": 0.0389925166965, "dvar2": 0.0824544876814, "mean": 0.140463650227, "var": 0.120738111436, "dmean2": 0.0779932513833, "dvar": 0.0374754481018, "min": 0, "median": 0, "max": 1}, "spectral_energyband_middle_low": {"dmean": 0.00390616711229, "dvar2": 0.00013801419118, "mean": 0.00620217388496, "var": 6.42564918962e-05, "dmean2": 0.00642471387982, "dvar": 5.15635547345e-05, "min": 3.01784305495e-22, "median": 0.00315665034577, "max": 0.0664871931076}, "spectral_spread": {"dmean": 1159747.125, "dvar2": 3557415190530.0, "mean": 7114829, "var": 6196859240450.0, "dmean2": 1667885.75, "dvar": 1863676723200.0, "min": 1624931.5, "median": 6541321, "max": 49853244}, "barkbands": {"dmean": [0.00262612872757, 0.00684935925528, 0.0025378302671, 0.0012659013737, 0.00106950034387, 0.000748321646824, 0.000636119977571, 0.000644514162559, 0.000476658926345, 0.000336358294589, 0.000401830649935, 0.000363399682101, 0.000471088744234, 0.000410013803048, 0.000559830514248, 0.000374081515474, 0.000238741195062, 0.000212352140807, 0.000222616552492, 0.000103174650576, 8.81002051756e-05, 6.45218242425e-05, 0.00018266880943, 0.000133163892315, 0.000180708026164, 0.000134506539325, 2.54462993325e-05], "dvar2": [4.16735747422e-05, 0.000604497152381, 0.000257733161561, 4.77478242829e-05, 1.80251608981e-05, 5.40598057341e-06, 1.27303565023e-05, 1.03569263956e-05, 4.93531706525e-06, 1.39427231716e-06, 2.05507353712e-06, 2.31064632317e-06, 5.72491217099e-06, 3.44310501532e-06, 4.5260958359e-06, 2.65638050223e-06, 1.26241582166e-06, 8.89971090601e-07, 1.0440172673e-06, 1.30157218337e-07, 9.89768622617e-08, 3.78028452985e-08, 4.28534463026e-07, 1.90241564724e-07, 2.75878164757e-07, 2.05500995776e-07, 7.62546648048e-09], "mean": [0.00379350781441, 0.0126399649307, 0.00172780058347, 0.000878488528542, 0.001