{"tonal": {"hpcp": {"dvar": [0.0431910045445, 0.0356572158635, 0.0253436937928, 0.0240193903446, 0.0208486374468, 0.0203956719488, 0.023944215849, 0.0258280448616, 0.0322661921382, 0.0441494658589, 0.0350546278059, 0.0254907310009, 0.0243224557489, 0.0242275167257, 0.0249404516071, 0.0308160223067, 0.0293789524585, 0.0222678054124, 0.0252045542002, 0.0271149650216, 0.0329608395696, 0.0385942533612, 0.0378359667957, 0.0374129191041, 0.0614458322525, 0.037036344409, 0.0278082359582, 0.021644320339, 0.0237218569964, 0.0299852509052, 0.0446864292026, 0.0410957671702, 0.032157395035, 0.0290765147656, 0.037604752928, 0.0415804050863], "var": [0.0838977023959, 0.0552152507007, 0.026367213577, 0.034370444715, 0.0268027037382, 0.0171151310205, 0.0184186697006, 0.0205066483468, 0.0476440861821, 0.142650485039, 0.0861115381122, 0.025925854221, 0.0346507690847, 0.0301902648062, 0.032827783376, 0.0615399219096, 0.0436733439565, 0.0193473733962, 0.0198132060468, 0.0198052171618, 0.0332327485085, 0.0625686198473, 0.050157468766, 0.0621045008302, 0.146702170372, 0.0684863552451, 0.0224976651371, 0.0160577427596, 0.0175248458982, 0.0369122996926, 0.0935818552971, 0.0688099265099, 0.0298530608416, 0.0274375900626, 0.0343072935939, 0.0505745001137], "median": [0.106254115701, 0.0775888562202, 0.0222264528275, 0.0194027088583, 0.0177294351161, 0.0107506131753, 0.0101309325546, 0.0135366767645, 0.0879034027457, 0.202233165503, 0.1503790766, 0.0295998360962, 0.0091386931017, 0.00894703622907, 0.0301349740475, 0.0622367709875, 0.0490008741617, 0.0135353785008, 0.00473443418741, 0.00523017905653, 0.024226821959, 0.0563795417547, 0.0572492405772, 0.13552723825, 0.229064628482, 0.154731944203, 0.0175479594618, 0.00490669906139, 0.00577785167843, 0.0394812822342, 0.109671525657, 0.092845492065, 0.0220246259123, 0.00703366613016, 0.0110354684293, 0.0490557141602], "max": [1, 1, 1, 1, 1, 1, 1, 1, 1, 1, 1, 1, 1, 1, 1, 1, 1, 1, 1, 1, 1, 1, 1, 1, 1, 1, 1, 1, 1, 1, 1, 1, 1, 1, 1, 1], "dmean": [0.147831857204, 0.125217735767, 0.078570201993, 0.0731740742922, 0.066774263978, 0.05800960958, 0.0617689788342, 0.0729226022959, 0.118622943759, 0.144834920764, 0.139395698905, 0.0887375175953, 0.0681729838252, 0.0701761543751, 0.0849413499236, 0.111003108323, 0.104362644255, 0.0683022066951, 0.0611805915833, 0.0662811249495, 0.0931970626116, 0.122024565935, 0.124253436923, 0.151577696204, 0.184312090278, 0.153358966112, 0.0786360129714, 0.0556954108179, 0.0629348307848, 0.101196922362, 0.1453897506, 0.142170846462, 0.0917136147618, 0.0784276872873, 0.0934138074517, 0.125582337379], "dmean2": [0.247735783458, 0.212867408991, 0.139592766762, 0.128300487995, 0.116777889431, 0.10538943857, 0.11314535886, 0.132130131125, 0.204733654857, 0.242499306798, 0.232913911343, 0.156720012426, 0.121478736401, 0.124121084809, 0.146925136447, 0.183488816023, 0.176022663713, 0.121535167098, 0.111326128244, 0.121026001871, 0.164887800813, 0.209329620004, 0.215145453811, 0.260289162397, 0.315695136786, 0.259813755751, 0.14078772068, 0.101531401277, 0.11546882242, 0.175066009164, 0.243197947741, 0.238732293248, 0.163800090551, 0.142744243145, 0.170744806528, 0.218607857823], "mean": [0.233812600374, 0.174587100744, 0.0811198726296, 0.0878856554627, 0.0774915739894, 0.0508765690029, 0.0524743460119, 0.0612226463854, 0.180411875248, 0.369585692883, 0.277898997068, 0.0904069468379, 0.0743267089128, 0.0721468105912, 0.103027299047, 0.172054827213, 0.139316692948, 0.0620172210038, 0.0478881523013, 0.0502344667912, 0.0957687273622, 0.166416168213, 0.153386548162, 0.236644178629, 0.395620524883, 0.26109534502, 0.0679339542985, 0.0421744287014, 0.0473684743047, 0.121713392437, 0.248540759087, 0.208888545632, 0.0859216079116, 0.0665048658848, 0.0792400464416, 0.147092565894], "dvar2": [0.106451146305, 0.0936434417963, 0.070150539279, 0.0635514035821, 0.0554293617606, 0.0552480593324, 0.0670020282269, 0.0710478127003, 0.0865456908941, 0.103986792266, 0.0890732556581, 0.0686991065741, 0.0656293183565, 0.0652434080839, 0.0660289824009, 0.0754254460335, 0.075365819037, 0.0596087910235, 0.0693040564656, 0.0758903175592, 0.0923821553588, 0.100194685161, 0.100554198027, 0.0986092761159, 0.151312321424, 0.0976932868361, 0.075701713562, 0.0602066740394, 0.0659237876534, 0.0797380954027, 0.106079302728, 0.104137673974, 0.0858564600348, 0.0808392092586, 0.106579549611, 0.114054381847], "min": [0, 0, 0, 0, 0, 0, 0, 0, 0, 0, 0, 0, 0, 0, 0, 0, 0, 0, 0, 0, 0, 0, 0, 0, 0, 0, 0, 0, 0, 0, 0, 0, 0, 0, 0, 0]}, "key_key": "F", "thpcp": [1, 0.659964084625, 0.171714931726, 0.106603235006, 0.119732096791, 0.307651877403, 0.628230214119, 0.52800232172, 0.217181876302, 0.168102666736, 0.200293064117, 0.371802151203, 0.591002225876, 0.441299408674, 0.205044656992, 0.222146347165, 0.195873498917, 0.12859942019, 0.132638081908, 0.154750928283, 0.456022530794, 0.934192419052, 0.702438294888, 0.22851935029, 0.187873736024, 0.182363674045, 0.260419487953, 0.434898644686, 0.35214728117, 0.156759366393, 0.121045671403, 0.126976385713, 0.242072194815, 0.420645952225, 0.387711286545, 0.598159492016], "chords_key": "F", "tuning_equal_tempered_deviation": 0.104836054146, "tuning_frequency": 434.193115234, "tuning_diatonic_strength": 0.689976453781, "chords_histogram": [47.521194458, 4.56962203979, 12.7317142487, 0.129328921437, 0.531685590744, 0, 0, 0, 1.17833018303, 0.546055495739, 0.531685590744, 0.215548217297, 0, 0, 0, 2.39977002144, 0.589165091515, 3.59247016907, 0, 0.0718494057655, 0.114959046245, 3.57810020447, 1.14959049225, 20.5489292145], "key_strength": 0.889580607414, "key_scale": "major", "chords_strength": {"dvar": 0.000325089757098, "var": 0.0128024034202, "median": 0.552068293095, "max": 0.782538950443, "dmean": 0.00890264287591, "dmean2": 0.0089923478663, "mean": 0.544118106365, "dvar2": 0.000563998357393, "min": -1}, "chords_number_rate": 0.00129328924231, "tuning_nontempered_energy_ratio": 0.728031754494, "hpcp_entropy": {"dvar": 0.264985710382, "var": 0.560719668865, "median": 1.99872684479, "max": 4.57231140137, "dmean": 0.600068747997, "dmean2": 1.01071333885, "mean": 1.95105218887, "dvar2": 0.698686897755, "min": 0}, "chords_changes_rate": 0.041097857058, "chords_scale": "major"}, "rhythm": {"bpm_histogram_first_peak_spread": {"dvar": 0, "var": 0, "median": 0.447103321552, "max": 0.447103321552, "dmean": 0, "dmean2": 0, "mean": 0.447103321552, "dvar2": 0, "min": 0.447103321552}, "bpm_histogram_first_peak_weight": {"dvar": 0, "var": 0, "median": 0.514654159546, "max": 0.514654159546, "dmean": 0, "dmean2": 0, "mean": 0.514654159546, "dvar2": 0, "min": 0.514654159546}, "bpm_histogram_first_peak_bpm": {"dvar": 0, "var": 0, "median": 157, "max": 157, "dmean": 0, "dmean2": 0, "mean": 157, "dvar2": 0, "min": 157}, "bpm": 156.523040771, "bpm_histogram_second_peak_weight": {"dvar": 0, "var": 0, "median": 0.0504103153944, "max": 0.0504103153944, "dmean": 0, "dmean2": 0, "mean": 0.0504103153944, "dvar2": 0, "min": 0.0504103153944}, "beats_loudness": {"dvar": 0.000485505588586, "var": 0.000610041839536, "median": 0.0317699313164, "max": 0.133681491017, "dmean": 0.0231757257134, "dmean2": 0.0413654670119, "mean": 0.036689709872, "dvar2": 0.00141804572195, "min": 0}, "beats_loudness_band_ratio": {"dvar": [0.0279218107462, 0.0173490475863, 0.0140874572098, 0.0123427417129, 0.00407869229093, 0.00898075662553], "var": [0.052892819047, 0.0219253748655, 0.0191155616194, 0.0158727020025, 0.00539266970009, 0.00815373938531], "median": [0.42082709074, 0.130127102137, 0.130925238132, 0.0785462707281, 0.0350544676185, 0.0510048940778], "max": [0.983659088612, 0.908547520638, 0.790070652962, 0.857322454453, 0.445369869471, 0.806502640247], "dmean": [0.217046067119, 0.124475970864, 0.125578120351, 0.0966457501054, 0.0544303283095, 0.0803845822811], "dmean2": [0.366814225912, 0.212073773146, 0.219157606363, 0.169192299247, 0.0939547345042, 0.144005939364], "mean": [0.417628377676, 0.171610489488, 0.174322962761, 0.123925991356, 0.0633692964911, 0.0847828611732], "dvar2": [0.0774010568857, 0.0490142293274, 0.0396951697767, 0.0339726805687, 0.0108933998272, 0.0239825546741], "min": [0, 0, 0, 0, 0, 0]}, "bpm_histogram_second_peak_bpm": {"dvar": 0, "var": 0, "median": 162, "max": 162, "dmean": 0, "dmean2": 0, "mean": 162, "dvar2": 0, "min": 162}, "onset_rate": 3.20305633545, "beats_count": 854, "beats_position": [0.359909296036, 0.743038535118, 1.1261677742, 1.50929701328, 1.89242625237, 2.27555561066, 2.6470746994, 3.03020405769, 3.40172338486, 3.78485250473, 4.1679816246, 4.55111122131, 4.92263031006, 5.2941493988, 5.66566896439, 6.04879808426, 6.43192720413, 6.80344676971, 7.17496585846, 7.55809497833, 7.92961454391, 8.31274318695, 8.6958732605, 9.07900238037, 9.45052146912, 9.82204055786, 10.1935596466, 10.5766887665, 10.95981884, 11.3313379288, 11.7028570175, 12.0859861374, 12.4691152573, 12.8522443771, 13.235373497, 13.6068935394, 13.9784126282, 14.3499317169, 14.7214508057, 15.1045799255, 15.4877090454, 15.8592290878, 16.2307472229, 16.6138763428, 16.9853973389, 17.3685264587, 17.7516555786, 18.1347846985, 18.5063037872, 18.877822876, 19.2609519958, 19.6324710846, 20.0156002045, 20.3871192932, 20.758638382, 21.1417675018, 21.5248966217, 21.8964176178, 22.2679367065, 22.6394557953, 23.010974884, 23.3824939728, 23.7656230927, 24.1487522125, 24.5318813324, 24.9150104523, 25.286529541, 25.6696586609, 26.0527877808, 26.435918808, 26.8074378967, 27.1789569855, 27.5504760742, 27.9336051941, 28.3051242828, 28.6766433716, 29.0597724915, 29.4429016113, 29.8144207001, 30.1975498199, 30.5690689087, 30.9405899048, 31.3237190247, 31.6952381134, 32.0783653259, 32.4614944458, 32.8446235657, 33.2277526855, 33.5992736816, 33.9707946777, 34.3423118591, 34.725440979, 35.1085700989, 35.480091095, 35.8516082764, 36.2231292725, 36.6062583923, 36.9893875122, 37.3609046936, 37.7440338135, 38.1271629333, 38.4986839294, 38.8702049255, 39.2417221069, 39.6248512268, 40.0079803467, 40.3911094666, 40.7742385864, 41.1457595825, 41.5288887024, 41.9004058838, 42.2835350037, 42.6550559998, 43.0265769958, 43.3980941772, 43.7812232971, 44.164352417, 44.5474815369, 44.9306106567, 45.3021316528, 45.6736488342, 46.0451698303, 46.4282989502, 46.8114280701, 47.1829452515, 47.5544662476, 47.9259872437, 48.297504425, 48.6806335449, 49.052154541, 49.4352836609, 49.8184127808, 50.2015419006, 50.573059082, 50.9561882019, 51.3393173218, 51.7108383179, 52.0823554993, 52.4538764954, 52.8370056152, 53.2085266113, 53.5916557312, 53.9747848511, 54.3579139709, 54.7294311523, 55.1009521484, 55.4840812683, 55.8672103882, 56.2503395081, 56.6334686279, 57.0049858093, 57.3765068054, 57.7596359253, 58.1427650452, 58.5142860413, 58.8974151611, 59.280544281, 59.6520614624, 60.0235824585, 60.3950996399, 60.766620636, 61.1497497559, 61.5328788757, 61.9043960571, 62.2875289917, 62.6706581116, 63.042175293, 63.4253044128, 63.8084335327, 64.1799545288, 64.5514755249, 64.9346008301, 65.3061218262, 65.6892471313, 66.0607681274, 66.443901062, 66.8270263672, 67.1985473633, 67.5700683594, 67.9531936646, 68.3363265991, 68.7078475952, 69.0793609619, 69.474105835, 69.8688430786, 70.2519683838, 70.6118774414, 70.9833984375, 71.3549194336, 71.7380523682, 72.1211776733, 72.4926986694, 72.8642196655, 73.2357330322, 73.6072540283, 73.9903869629, 74.3735122681, 74.7450332642, 75.1165542603, 75.488067627, 75.8712005615, 76.2543258667, 76.6374588013, 77.0205917358, 77.3921051025, 77.7636260986, 78.1351470947, 78.5066680908, 78.889793396, 79.2729263306, 79.6444396973, 80.0159606934, 80.3990936279, 80.7822189331, 81.1653518677, 81.5484771729, 81.9199981689, 82.3031311035, 82.6746444702, 83.0577774048, 83.4292984009, 83.8008117676, 84.1723327637, 84.5670700073, 84.9385910034, 85.321723938, 85.6932373047, 86.0763702393, 86.4478912354, 86.8310165405, 87.2025375366, 87.5856704712, 87.9571838379, 88.328704834, 88.7002258301, 89.0717468262, 89.4548721313, 89.8380050659, 90.2211303711, 90.6042633057, 90.9757843018, 91.3589096069, 91.730430603, 92.1135559082, 92.4850769043, 92.8565979004, 93.2281188965, 93.6112442017, 93.9827651978, 94.3658905029, 94.7490234375, 95.1205444336, 95.5036697388, 95.8868026733, 96.2583236694, 96.6414489746, 97.0245819092, 97.4077072144, 97.7792282104, 98.1507492065, 98.5222625732, 98.8937835693, 99.2653045654, 99.6484298706, 100.031562805, 100.41469574, 100.797821045, 101.169342041, 101.540863037, 101.912376404, 102.2838974, 102.655418396, 103.026939392, 103.410064697, 103.793197632, 104.176322937, 104.559455872, 104.942581177, 105.314102173, 105.697235107, 106.068748474, 106.44026947, 106.811790466, 107.183311462, 107.566436768, 107.949569702, 108.332695007, 108.715827942, 109.087341309, 109.470474243, 109.853607178, 110.236732483, 110.619865417, 110.991378784, 111.36289978, 111.746032715, 112.12915802, 112.500679016, 112.872200012, 113.243713379, 113.615234375, 114.009971619, 114.381492615, 114.753013611, 115.136146545, 115.519271851, 115.890792847, 116.262313843, 116.633827209, 117.016960144, 117.38848114, 117.771606445, 118.143127441, 118.526252747, 118.909385681, 119.292518616, 119.675643921, 120.058776855, 120.441902161, 120.813423157, 121.184944153, 121.55645752, 121.927978516, 122.31111145, 122.694236755, 123.065757751, 123.437278748, 123.820404053, 124.203536987, 124.575057983, 124.94657135, 125.329704285, 125.71282959, 126.095962524, 126.467483521, 126.838996887, 127.222129822, 127.593650818, 127.965164185, 128.348297119, 128.731430054, 129.10295105, 129.474472046, 129.857589722, 130.240722656, 130.635467529, 131.006988525, 131.378494263, 131.750015259, 132.121536255, 132.493057251, 132.876190186, 133.25932312, 133.642440796, 134.02557373, 134.397094727, 134.780227661, 135.163360596, 135.534866333, 135.906387329, 136.289520264, 136.672653198, 137.044174194, 137.41569519, 137.798812866, 138.170333862, 138.553466797, 138.924987793, 139.296508789, 139.679641724, 140.062759399, 140.434280396, 140.805801392, 141.188934326, 141.572067261, 141.955184937, 142.326705933, 142.709838867, 143.081359863, 143.452880859, 143.824401855, 144.207519531, 144.590652466, 144.9737854, 145.356918335, 145.728439331, 146.099945068, 146.471466064, 146.854598999, 147.237731934, 147.60925293, 147.980773926, 148.352294922, 148.735412598, 149.118545532, 149.501678467, 149.884811401, 150.256317139, 150.627838135, 151.010971069, 151.394104004, 151.765625, 152.148742676, 152.53187561, 152.903396606, 153.274917603, 153.646438599, 154.029571533, 154.412689209, 154.795822144, 155.16734314, 155.550476074, 155.92199707, 156.293518066, 156.665023804, 157.048156738, 157.431289673, 157.814422607, 158.197555542, 158.580673218, 158.963806152, 159.335327148, 159.706848145, 160.078369141, 160.461486816, 160.833007812, 161.216140747, 161.587661743, 161.959182739, 162.342315674, 162.71383667, 163.096954346, 163.48008728, 163.851608276, 164.223129272, 164.606262207, 164.977767944, 165.34928894, 165.732421875, 166.103942871, 166.487075806, 166.870193481, 167.253326416, 167.624847412, 167.996368408, 168.379501343, 168.762634277, 169.134140015, 169.517272949, 169.900405884, 170.27192688, 170.655059814, 171.026565552, 171.409698486, 171.781219482, 172.152740479, 172.524261475, 172.895782471, 173.267303467, 173.650421143, 174.033554077, 174.416687012, 174.799819946, 175.171340942, 175.54284668, 175.925979614, 176.309112549, 176.680633545, 177.052154541, 177.435287476, 177.818405151, 178.201538086, 178.573059082, 178.956192017, 179.327713013, 179.69921875, 180.070739746, 180.453872681, 180.837005615, 181.208526611, 181.580047607, 181.963165283, 182.346298218, 182.729431152, 183.112564087, 183.484085083, 183.85559082, 184.238723755, 184.621856689, 184.993377686, 185.37651062, 185.759628296, 186.131149292, 186.502670288, 186.874191284, 187.257324219, 187.640457153, 188.011962891, 188.395095825, 188.77822876, 189.149749756, 189.521270752, 189.904388428, 190.275909424, 190.659042358, 191.030563354, 191.413696289, 191.796829224, 192.179946899, 192.563079834, 192.93460083, 193.306121826, 193.677642822, 194.060760498, 194.443893433, 194.815414429, 195.186935425, 195.570068359, 195.941589355, 196.324707031, 196.696228027, 197.079360962, 197.462493896, 197.834014893, 198.205535889, 198.577041626, 198.960174561, 199.343307495, 199.714828491, 200.097961426, 200.469467163, 200.852600098, 201.224121094, 201.607254028, 201.990386963, 202.361907959, 202.733413696, 203.116546631, 203.499679565, 203.871200562, 204.242721558, 204.625839233, 205.008972168, 205.392105103, 205.763626099, 206.135147095, 206.506668091, 206.889785767, 207.261306763, 207.632827759, 208.004348755, 208.387481689, 208.770614624, 209.1537323, 209.536865234, 209.919998169, 210.303131104, 210.6746521, 211.046157837, 211.429290771, 211.812423706, 212.183944702, 212.555465698, 212.926986694, 213.298492432, 213.681625366, 214.064758301, 214.447891235, 214.831008911, 215.202529907, 215.574050903, 215.957183838, 216.340316772, 216.711837769, 217.083358765, 217.454864502, 217.826385498, 218.209518433, 218.592651367, 218.975784302, 219.358901978, 219.730422974, 220.10194397, 220.485076904, 220.8565979, 221.239730835, 221.611236572, 221.994369507, 222.377502441, 222.760635376, 223.132156372, 223.515274048, 223.898406982, 224.281539917, 224.641448975, 225.024581909, 225.396102905, 225.767608643, 226.150741577, 226.533874512, 226.905395508, 227.276916504, 227.66003418, 228.043167114, 228.41468811, 228.786209106, 229.157730103, 229.540863037, 229.923980713, 230.295501709, 230.678634644, 231.061767578, 231.433288574, 231.81640625, 232.199539185, 232.571060181, 232.942581177, 233.325714111, 233.697235107, 234.080352783, 234.451873779, 234.823394775, 235.20652771, 235.589660645, 235.961181641, 236.344299316, 236.715820312, 237.098953247, 237.470474243, 237.853607178, 238.236724854, 238.619857788, 238.991378784, 239.374511719, 239.757644653, 240.129150391, 240.500671387, 240.883804321, 241.255325317, 241.638458252, 242.021575928, 242.393096924, 242.76461792, 243.136138916, 243.507659912, 243.890792847, 244.273925781, 244.657043457, 245.028564453, 245.411697388, 245.783218384, 246.166351318, 246.549468994, 246.92098999, 247.292510986, 247.664031982, 248.047164917, 248.430297852, 248.813415527, 249.196548462, 249.568069458, 249.951202393, 250.322723389, 250.705841064, 251.077362061, 251.448883057, 251.820404053, 252.203536987, 252.575057983, 252.958175659, 253.341308594, 253.724441528, 254.095962524, 254.479095459, 254.862213135, 255.245346069, 255.616867065, 256, 256.371520996, 256.743041992, 257.114562988, 257.497680664, 257.86920166, 258.252319336, 258.623840332, 259.006988525, 259.390106201, 259.773223877, 260.15637207, 260.527893066, 260.899414062, 261.270935059, 261.642456055, 262.02557373, 262.408691406, 262.7918396, 263.174957275, 263.546478271, 263.917999268, 264.289520264, 264.66104126, 265.044158936, 265.427307129, 265.798828125, 266.181945801, 266.565063477, 266.94821167, 267.331329346, 267.702850342, 268.085968018, 268.469116211, 268.840637207, 269.212158203, 269.595275879, 269.966796875, 270.349914551, 270.721435547, 271.092956543, 271.476104736, 271.859222412, 272.230743408, 272.613861084, 272.997009277, 273.368530273, 273.751647949, 274.134765625, 274.506286621, 274.877807617, 275.260955811, 275.644073486, 276.015594482, 276.387115479, 276.758636475, 277.130157471, 277.513275146, 277.89642334, 278.279541016, 278.651062012, 279.034179688, 279.405700684, 279.788848877, 280.171966553, 280.555084229, 280.938232422, 281.309753418, 281.681274414, 282.05279541, 282.435913086, 282.807434082, 283.190551758, 283.562072754, 283.945220947, 284.328338623, 284.699859619, 285.082977295, 285.466125488, 285.837646484, 286.20916748, 286.580688477, 286.963806152, 287.346923828, 287.730072021, 288.101593018, 288.484710693, 288.856231689, 289.239349365, 289.622497559, 289.994018555, 290.365539551, 290.748657227, 291.120178223, 291.503295898, 291.874816895, 292.246337891, 292.617858887, 292.989379883, 293.360900879, 293.755645752, 294.127166748, 294.510284424, 294.893432617, 295.253326416, 295.636444092, 296.019592285, 296.402709961, 296.785858154, 297.16897583, 297.540496826, 297.923614502, 298.306762695, 298.689880371, 299.072998047, 299.444519043, 299.816040039, 300.187561035, 300.570709229, 300.953826904, 301.33694458, 301.696868896, 302.068389893, 302.439910889, 302.823028564, 303.206176758, 303.589294434, 303.972412109, 304.343933105, 304.715454102, 305.098602295, 305.481719971, 305.864837646, 306.236358643, 306.619506836, 306.991027832, 307.362548828, 307.734039307, 308.1171875, 308.488708496, 308.871826172, 309.243347168, 309.614868164, 309.98638916, 310.369506836, 310.752655029, 311.135772705, 311.507293701, 311.890411377, 312.27355957, 312.656677246, 313.028198242, 313.411346436, 313.794464111, 314.177581787, 314.549102783, 314.920623779, 315.303771973, 315.675262451, 316.046783447, 316.429931641, 316.813049316, 317.184570312, 317.556091309, 317.927612305, 318.31072998, 318.693878174, 319.07699585, 319.460144043, 319.843261719, 320.226379395, 320.621124268, 321.015869141, 321.422210693, 321.828552246, 322.234924316, 322.641265869], "danceability": 1.12852668762, "bpm_histogram_second_peak_spread": {"dvar": 0, "var": 0, "median": 0, "max": 0, "dmean": 0, "dmean2": 0, "mean": 0, "dvar2": 0, "min": 0}}, "lowlevel": {"spectral_flux": {"dvar": 0.000951925409026, "var": 0.00244277925231, "median": 0.0602943226695, "max": 0.333441615105, "dmean": 0.0222848970443, "dmean2": 0.0351788550615, "mean": 0.0720462575555, "dvar2": 0.00206250627525, "min": 6.36317248892e-11}, "spectral_rolloff": {"dvar": 1320241.5, "var": 4892946.5, "median": 1012.06054688, "max": 19358.3496094, "dmean": 552.528320312, "dmean2": 901.938171387, "mean": 1739.56079102, "dvar2": 2702427.75, "min": 64.599609375}, "barkbands_flatness_db": {"dvar": 0.000340757134836, "var": 0.00174215855077, "median": 0.133539870381, "max": 0.366465628147, "dmean": 0.0178194176406, "dmean2": 0.0273938365281, "mean": 0.138726755977, "dvar2": 0.000753207365051, "min": 0.0385996177793}, "spectral_centroid": {"dvar": 112436.210938, "var": 1018332.875, "median": 1074.35949707, "max": 11878.4658203, "dmean": 234.562835693, "dmean2": 343.517059326, "mean": 1295.83813477, "dvar2": 215260.703125, "min": 213.748931885}, "melbands_skewness": {"dvar": 0.537020564079, "var": 2.63205981255, "median": 2.2521905899, "max": 15.7787237167, "dmean": 0.630463600159, "dmean2": 0.960960447788, "mean": 2.51238441467, "dvar2": 1.1904374361, "min": -1.23245501518}, "melbands": {"dvar": [1.82308292551e-06, 5.03513683725e-06, 1.6678953898e-06, 5.02121281443e-07, 2.48097990152e-07, 2.71225275128e-07, 2.22528797167e-07, 8.88695410595e-08, 8.53512958088e-08, 1.12360893922e-07, 1.13575552518e-07, 5.40597291376e-08, 2.21179057291e-08, 1.03926200978e-08, 3.71847725944e-08, 2.77476139843e-08, 1.01131050201e-08, 4.5838999263e-09, 2.05875116954e-09, 3.53156259791e-09, 3.77283981834e-09, 1.80099279934e-09, 9.14585851497e-10, 4.5932496695e-10, 1.18471477073e-09, 1.00928032598e-09, 1.63126956387e-10, 1.41933964581e-10, 3.99669825013e-10, 4.86867934857e-10, 1.58879936984e-10, 1.19319526481e-10, 1.97454691486e-10, 2.33855046439e-10, 1.25092561309e-10, 7.18011552991e-11, 2.9243479166e-11, 1.65981325906e-11, 4.66460585435e-11, 3.82565333579e-11], "var": [2.63798256128e-06, 5.75339072384e-06, 2.91629567073e-06, 1.13799717383e-06, 5.52946289645e-07, 4.56298266727e-07, 3.57079045443e-07, 2.58661486896e-07, 2.73918573157e-07, 2.69182834245e-07, 4.03481095645e-07, 2.66934392812e-07, 6.09689934095e-08, 2.83019456759e-08, 4.14210390431e-08, 3.18343431616e-08, 1.78300929576e-08, 9.28006826939e-09, 2.78386202979e-09, 5.40108757718e-09, 1.19480505489e-08, 3.33094374305e-09, 3.09949355071e-09, 7.17941650574e-10, 1.08168574098e-09, 9.30599541871e-10, 2.15659129443e-10, 2.072663291e-10, 4.69195571284e-10, 5.14602083168e-10, 2.80204998093e-10, 2.32793673227e-10, 2.80486411874e-10, 3.7381442386e-10, 2.30896884945e-10, 1.18234894098e-10, 4.90389638619e-11, 2.91793013363e-11, 5.04868126472e-11, 4.9878459002e-11], "median": [0.000534846098162, 0.000800914887805, 0.000356668460881, 0.00021600681066, 0.000177983383765, 0.000164815442986, 0.000127484338009, 8.8079868874e-05, 6.91002132953e-05, 6.67290805723e-05, 5.47008312424e-05, 4.16209441028e-05, 2.47774514719e-05, 1.94474014279e-05, 2.16670359805e-05, 1.79890594154e-05, 7.87207682151e-06, 8.62233991938e-06, 4.63858032163e-06, 3.90609966416e-06, 3.46438332599e-06, 2.85235250885e-06, 2.93047310151e-06, 2.28992053053e-06, 1.83269014542e-06, 1.65176857081e-06, 1.29134582494e-06, 1.43735178426e-06, 1.32959041821e-06, 1.07224286694e-06, 1.22286769511e-06, 1.23684776554e-06, 1.48279139012e-06, 1.68253370703e-06, 1.52313430135e-06, 1.12892018933e-06, 8.92128753094e-07, 7.78559581249e-07, 7.57873806378e-07, 6.04968704465e-07], "max": [0.0187696665525, 0.0443955697119, 0.0225853696465, 0.021119620651, 0.0138878272846, 0.0162221770734, 0.016863623634, 0.00902693998069, 0.0111483931541, 0.0096087353304, 0.0133670773357, 0.00881726015359, 0.00631256680936, 0.00611087074503, 0.00465968297794, 0.00263560796157, 0.00453427899629, 0.00349791860208, 0.00127687351778, 0.00173570087645, 0.00233262660913, 0.00130172085483, 0.000771368620917, 0.000660200137645, 0.000657591794152, 0.000504714611452, 0.00025173620088, 0.00033291510772, 0.000329567177687, 0.00048420773237, 0.000396381219616, 0.000239314453211, 0.00041070455336, 0.000580652442295, 0.00049429340288, 0.000259983557044, 0.000238486769376, 0.000192487685126, 0.000566995411646, 0.000437120295828], "dmean": [0.000501357309986, 0.000789776502643, 0.000497852161061, 0.000291588221444, 0.000213447638089, 0.0002126525942, 0.000174742235686, 0.000117775052786, 0.00010240732081, 0.000136190530611, 0.000115311180707, 8.48209310789e-05, 5.05882890138e-05, 3.2314339478e-05, 5.04658310092e-05, 4.87134020659e-05, 2.84390152956e-05, 2.02629817068e-05, 1.33810599436e-05, 1.67230573425e-05, 1.69604863913e-05, 1.21505490824e-05, 1.11481340355e-05, 7.31738737159e-06, 7.48367847336e-06, 6.68245138513e-06, 3.8588273128e-06, 3.93201798943e-06, 5.28471309735e-06, 5.22791879121e-06, 3.76831962967e-06, 3.26179974763e-06, 3.9030728658e-06, 4.7860835366e-06, 3.73202396986e-06, 2.58693762589e-06, 1.72883528649e-06, 1.37629149322e-06, 1.30500734485e-06, 1.30978344259e-06], "dmean2": [0.000813963415567, 0.0013029621914, 0.000792270293459, 0.000461997231469, 0.000329752947437, 0.000336124561727, 0.000279275845969, 0.000175946348463, 0.000153287881403, 0.000210874015465, 0.000170065904967, 0.000129126899992, 7.9488796473e-05, 4.96801440022e-05, 8.33211306599e-05, 7.94907318777e-05, 4.45740624855e-05, 3.18068232446e-05, 2.13963066926e-05, 2.66848437604e-05, 2.6742944101e-05, 1.89933743968e-05, 1.72570998984e-05, 1.16015517051e-05, 1.26177010316e-05, 1.12964125947e-05, 6.20068749413e-06, 6.32589217275e-06, 8.49996922625e-06, 7.92591890786e-06, 5.4936417655e-06, 4.95964832226e-06, 5.61085380468e-06, 7.04367084836e-06, 5.44009662917e-06, 3.83607948606e-06, 2.45260889642e-06, 1.94689391719e-06, 1.88240380794e-06, 1.89461115951e-06], "mean": [0.00106795248576, 0.00143995624967, 0.000878130202182, 0.00052905571647, 0.000407291576266, 0.000377899792511, 0.000299257226288, 0.000235493178479, 0.000205392308999, 0.000241223722696, 0.000230661797104, 0.000180539398571, 9.17014331208e-05, 5.72829885641e-05, 7.23423436284e-05, 6.8275439844e-05, 3.96621107939e-05, 3.19703212881e-05, 1.8565395294e-05, 2.14869069168e-05, 2.83481022052e-05, 1.97207973542e-05, 2.0567464162e-05, 1.08657377496e-05, 9.52684331423e-06, 8.48874697112e-06, 5.27582415089e-06, 5.70237625652e-06, 7.35007824915e-06, 6.35997412246e-06, 5.35228627996e-06, 5.14622024639e-06, 6.16649049334e-06, 8.2714632299e-06, 6.39357722321e-06, 4.3933591769e-06, 2.9263678698e-06, 2.29448755817e-06, 2.22590233534e-06, 2.19749790631e-06], "dvar2": [4.71287921755e-06, 1.32356717586e-05, 3.6357623685e-06, 1.18037860375e-06, 5.54183088752e-07, 6.41598148832e-07, 5.67387701267e-07, 1.98952704977e-07, 1.96324492663e-07, 2.75301204056e-07, 2.37244705659e-07, 1.23858612255e-07, 5.26840722159e-08, 2.11643449433e-08, 1.00237585343e-07, 7.42026458056e-08, 2.30067485063e-08, 1.04819877222e-08, 5.13502884658e-09, 8.39058600377e-09, 8.95742591212e-09, 4.3616528167e-09, 2.00097649561e-09, 1.10508602269e-09, 3.26876259393e-09, 2.79773648693e-09, 4.1696751607e-10, 3.55290658005e-10, 1.03206521107e-09, 1.21338206149e-09, 3.34345551245e-10, 2.57618343324e-10, 4.6729120573e-10, 5.68379621146e-10, 2.7582586215e-10, 1.65913532912e-10, 6.40305169997e-11, 3.36625206876e-11, 1.12273794428e-10, 8.94905954896e-11], "min": [8.74506547625e-25, 1.65879028466e-24, 6.955317576e-25, 1.2688342511e-24, 1.11608524048e-24, 2.80587726568e-24, 1.9370094958e-24, 2.08757030488e-24, 1.37356036804e-24, 1.8963665931e-24, 2.26675572077e-24, 1.87653167172e-24, 2.59334985477e-24, 3.71361950931e-24, 1.69342936422e-24, 4.38123998758e-24, 4.35524702075e-24, 3.14469361611e-24, 4.27415764172e-24, 4.40918301856e-24, 3.66064394965e-24, 4.44142218604e-24, 4.40031188326e-24, 3.50226592343e-24, 4.30700225994e-24, 4.45255301341e-24, 3.21515348888e-24, 3.54212154295e-24, 5.79039997195e-24, 4.90410291202e-24, 4.85054043984e-24, 4.4106159844e-24, 5.10790946562e-24, 5.20575227812e-24, 5.37500751293e-24, 6.14320893991e-24, 5.91205494531e-24, 5.05282961949e-24, 5.869546781e-24, 5.74777387293e-24]}, "spectral_decrease": {"dvar": 1.09957118827e-17, "var": 2.41812438164e-17, "median": -4.70102134997e-09, "max": 1.42728441322e-28, "dmean": 1.85840054456e-09, "dmean2": 2.88002333093e-09, "mean": -5.82080428302e-09, "dvar2": 2.64482001139e-17, "min": -5.01444823442e-08}, "barkbands_kurtosis": {"dvar": 24.9991436005, "var": 65.7691955566, "median": 2.28938341141, "max": 154.967483521, "dmean": 2.51863408089, "dmean2": 3.87841320038, "mean": 4.52313089371, "dvar2": 57.1478309631, "min": -1.92708265781}, "silence_rate_30dB": {"dvar": 0.00443509593606, "var": 0.00265174615197, "median": 1, "max": 1, "dmean": 0.00445530330762, "dmean2": 0.00891124643385, "mean": 0.997341394424, "dvar2": 0.0128549626097, "min": 0}, "gfcc": {"mean": [-15.0221567154, 85.7074508667, -105.076828003, 32.0013084412, -77.6453018188, 32.4992752075, -42.8123779297, 14.6324605942, -25.1346549988, 5.28321695328, -14.4937467575, 1.21241533756, -9.71018695831], "cov": [[18426.8613281, -70.0475692749, -943.989196777, 479.877380371, -770.147094727, 360.641571045, -537.55859375, 248.124465942, -267.537689209, 32.366519928, -305.219940186, 183.300857544, -142.96862793], [-70.0475692749, 972.884399414, -1.32622599602, -41.9017601013, 118.690788269, 21.9201145172, 139.624313354, -38.3090705872, 0.600520789623, -25.9465827942, 103.754966736, -147.448104858, 39.9391975403], [-943.989196777, -1.32622599602, 713.559509277, 19.022436142, 36.8942108154, 93.4211807251, 5.30477333069, -7.06318378448, 11.1529960632, 40.2647972107, -13.4866685867, 19.6003551483, -13.3487195969], [479.877380371, -41.9017601013, 19.022436142, 379.478759766, 64.8794250488, -59.4058532715, -21.853477478, -8.76597309113, -5.21977949142, -29.1056785583, -13.3808689117, -18.1016159058, 21.7306880951], [-770.147094727, 118.690788269, 36.8942108154, 64.8794250488, 303.866668701, -8.53633785248, 47.0330657959, 38.4540710449, 33.331237793, -12.7379770279, 11.3742170334, -12.9235334396, 30.425113678], [360.641571045, 21.9201145172, 93.4211807251, -59.4058532715, -8.53633785248, 247.434082031, 63.2850914001, 23.1999053955, 23.0960502625, 15.8485469818, 11.3137922287, 3.99134349823, -11.2524051666], [-537.55859375, 139.624313354, 5.30477333069, -21.853477478, 47.0330657959, 63.2850914001, 208.26739502, 11.8565206528, 5.85224580765, 11.9508800507, 46.5422935486, -41.9801101685, -3.0493350029], [248.124465942, -38.3090705872, -7.06318378448, -8.76597309113, 38.4540710449, 23.1999053955, 11.8565206528, 124.461540222, 39.8060455322, 11.1400566101, -3.2746450901, 29.0883541107, 0.0646847113967], [-267.537689209, 0.600520789623, 11.1529960632, -5.21977949142, 33.331237793, 23.0960502625, 5.85224580765, 39.8060455322, 113.919662476, 12.890127182, 2.15153813362, 16.6134796143, 6.95286130905], [32.366519928, -25.9465827942, 40.2647972107, -29.1056785583, -12.7379770279, 15.8485469818, 11.9508800507, 11.1400566101, 12.890127182, 90.5180969238, 20.4937343597, 3.51873707771, -7.8982963562], [-305.219940186, 103.754966736, -13.4866685867, -13.3808689117, 11.3742170334, 11.3137922287, 46.5422935486, -3.2746450901, 2.15153813362, 20.4937343597, 98.6314163208, -2.39922761917, 6.784075737], [183.300857544, -147.448104858, 19.6003551483, -18.1016159058, -12.9235334396, 3.99134349823, -41.9801101685, 29.0883541107, 16.6134796143, 3.51873707771, -2.39922761917, 122.081085205, 11.5374908447], [-142.96862793, 39.9391975403, -13.3487195969, 21.7306880951, 30.425113678, -11.2524051666, -3.0493350029, 0.0646847113967, 6.95286130905, -7.8982963562, 6.784075737, 11.5374908447, 84.3342285156]], "icov": [[0.000138622563099, -0.00024487869814, 0.000263995490968, -0.000368970970158, 0.000349917740095, -0.00043726968579, 0.000370290159481, -0.000439969269792, 0.000478408153867, -0.000376909971237, 0.000534264894668, -0.000385041348636, 0.000251932971878], [-0.00024487869814, 0.00210027955472, -0.000594226701651, 0.00104837550316, -0.00103159202263, 0.000782012357377, -0.000952249392867, 0.000957145355642, -0.00105457508471, 0.00152996182442, -0.00254009361379, 0.00263335718773, -0.00125833950005], [0.000263995490968, -0.000594226701651, 0.00209818757139, -0.000926580338273, 0.000361107959179, -0.00150240433868, 0.000797666492872, -0.000388083368307, 0.000956065137871, -0.00161144591402, 0.00157181511167, -0.00126401754096, 0.000814966973849], [-0.000368970970158, 0.00104837550316, -0.000926580338273, 0.00404001260176, -0.00157485820819, 0.00177065422758, -0.000782609044109, 0.00125073734671, -0.00128341349773, 0.00192167668138, -0.00166123767849, 0.00199405965395, -0.00138788914774], [0.000349917740095, -0.00103159202263, 0.000361107959179, -0.00157485820819, 0.00503292120993, -0.000648899760563, 0.000126697661472, -0.00239851209335, 0.000376548734494, -0.000368169276044, 0.0014339851914, -0.000867137976456, -0.000413423607824], [-0.00043726968579, 0.000782012357377, -0.00150240433868, 0.00177065422758, -0.000648899760563, 0.00636481912807, -0.00270524458028, 0.000751945248339, -0.00225662486628, 0.00128838722594, -0.00165311223827, 0.00100508204196, -0.000518557964824], [0.000370290159481, -0.000952249392867, 0.000797666492872, -0.000782609044109, 0.000126697661472, -0.00270524458028, 0.00767080485821, -0.00193478842266, 0.00151084316894, -0.00122056261171, -0.00106193590909, 0.000965255778283, 0.000993306050077], [-0.000439969269792, 0.000957145355642, -0.000388083368307, 0.00125073734671, -0.00239851209335, 0.000751945248339, -0.00193478842266, 0.0116189494729, -0.00419201562181, 0.000153698929353, -0.000720585463569, -0.00108372012619, -0.000129864580231], [0.000478408153867, -0.00105457508471, 0.000956065137871, -0.00128341349773, 0.000376548734494, -0.00225662486628, 0.00151084316894, -0.00419201562181, 0.0120567623526, -0.00262795458548, 0.0021164403297, -0.00225667911582, 0.000311737414449], [-0.000376909971237, 0.00152996182442, -0.00161144591402, 0.00192167668138, -0.000368169276044, 0.00128838722594, -0.00122056261171, 0.000153698929353, -0.00262795458548, 0.0142404939979, -0.0050914878957, 0.00228660879657, -0.000206178301596], [0.000534264894668, -0.00254009361379, 0.00157181511167, -0.00166123767849, 0.0014339851914, -0.00165311223827, -0.00106193590909, -0.000720585463569, 0.0021164403297, -0.0050914878957, 0.0158175658435, -0.00424986472353, 0.000667434360366], [-0.000385041348636, 0.00263335718773, -0.00126401754096, 0.00199405965395, -0.000867137976456, 0.00100508204196, 0.000965255778283, -0.00108372012619, -0.00225667911582, 0.00228660879657, -0.00424986472353, 0.0133759221062, -0.00321891764179], [0.000251932971878, -0.00125833950005, 0.000814966973849, -0.00138788914774, -0.000413423607824, -0.000518557964824, 0.000993306050077, -0.000129864580231, 0.000311737414449, -0.000206178301596, 0.000667434360366, -0.00321891764179, 0.0138248642907]]}, "silence_rate_20dB": {"dvar": 0, "var": 0, "median": 1, "max": 1, "dmean": 0, "dmean2": 0, "mean": 1, "dvar2": 0, "min": 1}, "barkbands_skewness": {"dvar": 0.297887355089, "var": 1.42980420589, "median": 1.38794195652, "max": 11.100525856, "dmean": 0.459291577339, "dmean2": 0.689605891705, "mean": 1.5378934145, "dvar2": 0.626794934273, "min": -3.42089891434}, "erbbands_skewness": {"dvar": 0.143048763275, "var": 0.833337247372, "median": 0.729877948761, "max": 5.07590723038, "dmean": 0.367199361324, "dmean2": 0.538155257702, "mean": 0.708073973656, "dvar2": 0.280554383993, "min": -3.71290540695}, "spectral_contrast_valleys": {"dvar": [0.109545297921, 0.0804049298167, 0.0893156379461, 0.131285175681, 0.166153386235, 0.121632322669], "var": [3.62087154388, 3.47995305061, 3.34243011475, 3.30122208595, 3.42625617981, 3.13109588623], "median": [-7.04031229019, -6.72745418549, -7.41883230209, -8.17570018768, -8.15630054474, -9.63649177551], "max": [-5.16727733612, -4.5085811615, -5.18276023865, -5.46757793427, -5.17830896378, -6.60806655884], "dmean": [0.333178520203, 0.314430356026, 0.297344893217, 0.311014950275, 0.304894417524, 0.287197291851], "dmean2": [0.535536110401, 0.501360118389, 0.466270744801, 0.464766144753, 0.434055477381, 0.352831989527], "mean": [-7.43216133118, -6.96640634537, -7.62435483932, -8.37713241577, -8.31043434143, -9.89684391022], "dvar2": [0.23902797699, 0.177157685161, 0.184913039207, 0.231641411781, 0.285699665546, 0.18644399941], "min": [-28.1859207153, -27.9474182129, -27.7077198029, -27.6311664581, -27.5034046173, -27.3606967926]}, "spectral_strongpeak": {"dvar": 1.01884531975, "var": 2.37719607353, "median": 0.424037158489, "max": 14.9311561584, "dmean": 0.531605422497, "dmean2": 0.911720216274, "mean": 1.07032418251, "dvar2": 2.48547410965, "min": 0}, "erbbands_crest": {"dvar": 6.41918182373, "var": 27.6606121063, "median": 8.64019775391, "max": 32.303527832, "dmean": 2.62753868103, "dmean2": 4.1553902626, "mean": 10.0241165161, "dvar2": 15.2889451981, "min": 2.30552053452}, "barkbands_crest": {"dvar": 4.60135507584, "var": 15.7022647858, "median": 8.66313076019, "max": 25.8278484344, "dmean": 2.15573644638, "dmean2": 3.46976399422, "mean": 9.52060508728, "dvar2": 11.3402557373, "min": 2.28626441956}, "spectral_energyband_middle_low": {"dvar": 4.77955109091e-05, "var": 0.000119437594549, "median": 0.00746047217399, "max": 0.106480196118, "dmean": 0.00387805211358, "dmean2": 0.00580781465396, "mean": 0.0106017775834, "dvar2": 0.000104887309135, "min": 1.63221076819e-22}, "spectral_contrast_coeffs": {"dvar": [0.00149625330232, 0.00128623622004, 0.000873065902852, 0.000733411870897, 0.000507802935317, 0.000353494979208], "var": [0.00831978395581, 0.00531458295882, 0.00528296967968, 0.00395121565089, 0.00389548996463, 0.00208117836155], "median": [-0.676908373833, -0.723873913288, -0.73801112175, -0.752561330795, -0.788974404335, -0.786823391914], "max": [-0.301224529743, -0.397065758705, -0.447628825903, -0.511160194874, -0.504775822163, -0.526341676712], "dmean": [0.043461881578, 0.0427951849997, 0.0357664935291, 0.0322836078703, 0.024713633582, 0.0185158886015], "dmean2": [0.0703062713146, 0.0697019398212, 0.0568876303732, 0.0517696104944, 0.0394956208766, 0.0282067451626], "mean": [-0.667108178139, -0.720171749592, -0.731907248497, -0.749682068825, -0.778243660927, -0.782665789127], "dvar2": [0.00372246280313, 0.00331050809473, 0.00211501726881, 0.00180638278835, 0.00113621761557, 0.000732214073651], "min": [-0.980007469654, -0.97931021452, -0.976060807705, -0.974864304066, -0.969838917255, -0.963727116585]}, "hfc": {"dvar": 579.545715332, "var": 1050.89208984, "median": 14.0188922882, "max": 832.278381348, "dmean": 8.82840919495, "dmean2": 12.5395870209, "mean": 23.9358272552, "dvar2": 1315.29638672, "min": 1.08463442399e-16}, "spectral_energyband_high": {"dvar": 5.86614669373e-06, "var": 1.08872827695e-05, "