{"lowlevel": {"erbbands": {"mean": [0.161051422358, 1.11076378822, 1.71092283726, 3.30770397186, 18.6220741272, 33.1812324524, 36.4550819397, 30.0071029663, 31.1186294556, 28.4022331238, 24.4753684998, 29.3849315643, 31.3106098175, 30.9981613159, 20.8022441864, 13.4176025391, 9.01479244232, 9.43105506897, 7.69421100616, 4.72668933868, 4.64980220795, 2.86012339592, 3.02588295937, 2.99783992767, 2.36016273499, 2.20604610443, 1.11323678493, 0.890093684196, 1.19372284412, 1.62890648842, 1.95110177994, 2.68226122856, 2.82530045509, 1.35689985752, 0.56203186512, 0.238764077425, 0.0831883698702, 0.0140445865691, 0.00119022210129, 7.62035124353e-05], "dvar": [0.0269523076713, 1.33061921597, 3.38778758049, 9.94264698029, 365.759857178, 838.890380859, 940.803833008, 713.155639648, 1964.56188965, 1226.78125, 1162.0189209, 2657.5234375, 2594.18969727, 3685.27319336, 1195.77648926, 898.230651855, 919.896118164, 704.590637207, 774.661743164, 104.340789795, 92.9232406616, 24.2279682159, 30.8943309784, 22.5517807007, 37.5164909363, 24.0587291718, 5.8675942421, 10.5247612, 14.9819583893, 18.3768768311, 53.6168327332, 250.5599823, 254.702209473, 69.0795059204, 4.19568872452, 0.389083445072, 0.0478790514171, 0.0011529045878, 9.24032974581e-06, 1.34350024439e-08], "min": [9.69540470993e-23, 9.63053308049e-22, 2.636401519e-21, 7.06353193411e-21, 8.99785259909e-21, 3.11951974849e-20, 3.4585461849e-20, 8.05716374257e-20, 1.37747608599e-19, 1.37736260715e-19, 3.65914252407e-19, 3.79233204438e-19, 5.52598318409e-19, 9.65294442443e-19, 1.2278143753e-18, 1.29828437323e-18, 2.07611208172e-18, 2.41925182881e-18, 2.84287790387e-18, 3.13992052979e-18, 4.00865414682e-18, 5.01026357592e-18, 4.12040459322e-18, 5.61665810245e-18, 9.41473563997e-18, 8.2659877371e-18, 9.92016698247e-18, 1.10656954984e-17, 9.61262867535e-18, 8.84610025403e-18, 1.18435596028e-17, 1.01536213396e-17, 1.01211065241e-17, 9.32859056943e-18, 7.27786176558e-18, 4.22752365536e-18, 2.33682658949e-18, 1.00013787478e-18, 2.42983141715e-19, 2.57348635548e-20], "dmean": [0.0859899520874, 0.624731242657, 0.983996927738, 1.79376792908, 9.96009349823, 17.0325241089, 16.2526416779, 12.4354352951, 13.7621154785, 13.0852689743, 11.0838212967, 12.9923191071, 12.7844018936, 11.4786510468, 7.21682453156, 4.38703870773, 4.46962594986, 4.93702840805, 4.45858764648, 2.64186382294, 2.29824304581, 1.49053037167, 1.75742065907, 1.57029151917, 1.42117476463, 1.40814352036, 0.812020599842, 0.828460156918, 1.09373319149, 1.30868506432, 1.72318637371, 2.52103900909, 2.58360695839, 1.22089231014, 0.504130780697, 0.21492959559, 0.0702935606241, 0.0118391802534, 0.00108268356416, 4.74460539408e-05], "dmean2": [0.120612949133, 0.948674738407, 1.53681230545, 2.97280240059, 15.6465854645, 26.8672809601, 24.7136249542, 19.6715888977, 21.120891571, 19.7122497559, 15.7635269165, 17.7756195068, 15.7248926163, 13.7070493698, 9.22046661377, 6.26130151749, 6.61160230637, 6.85884475708, 5.97433423996, 3.77869391441, 3.14029860497, 2.06584906578, 2.4880065918, 2.12058949471, 1.95739519596, 1.98825955391, 1.19652366638, 1.30106937885, 1.73181569576, 2.00881481171, 2.74636983871, 4.0118021965, 4.0313615799, 1.89809727669, 0.801159858704, 0.342685163021, 0.109463311732, 0.0182390790433, 0.00165528873913, 7.04606864019e-05], "dvar2": [0.0493864789605, 3.06861186028, 7.82279634476, 26.9957828522, 805.341247559, 2088.41088867, 2109.05419922, 1565.78649902, 4079.47900391, 2460.82983398, 2125.98779297, 4944.70996094, 3676.2097168, 4900.03271484, 1794.21337891, 1359.66760254, 1660.54187012, 1327.43457031, 1300.93920898, 203.294113159, 165.402206421, 43.8265800476, 64.8312225342, 40.7445983887, 73.7109985352, 51.3330383301, 13.2560482025, 26.0854492188, 38.5241966248, 46.5254402161, 133.163513184, 612.715942383, 590.544616699, 173.286895752, 8.94877147675, 0.854962408543, 0.0970493927598, 0.0022959804628, 1.92865609279e-05, 2.8513243322e-08], "max": [2.87309098244, 15.8539524078, 31.6737480164, 81.2879562378, 511.959564209, 470.122711182, 800.096374512, 764.295837402, 1109.79504395, 666.983764648, 850.461547852, 1397.84057617, 1872.24255371, 3357.71972656, 1296.33068848, 2023.70129395, 2815.81274414, 1630.97387695, 1650.38000488, 315.882537842, 601.370239258, 319.852416992, 145.188903809, 224.408203125, 550.827331543, 207.556213379, 74.8597869873, 97.8284683228, 124.458335876, 193.840530396, 266.530395508, 1014.07452393, 617.402954102, 533.157897949, 86.6315155029, 21.9690589905, 8.45095157623, 1.29190135002, 0.127829149365, 0.00281826173887], "median": [0.0498708970845, 0.491128265858, 0.750077605247, 1.99891543388, 8.51101112366, 17.4154968262, 15.4777650833, 12.0255184174, 7.70703220367, 6.58651065826, 4.34708309174, 2.15962290764, 1.8517973423, 1.26771211624, 1.06811571121, 0.946772217751, 0.705731809139, 0.651627779007, 0.409531891346, 0.331765532494, 0.398474872112, 0.368924438953, 0.310424983501, 0.326752722263, 0.280559122562, 0.271498948336, 0.188730463386, 0.15631172061, 0.222422212362, 0.327518522739, 0.263062268496, 0.240610390902, 0.239579960704, 0.15317453444, 0.0775349140167, 0.0351528562605, 0.0120348092169, 0.00187208177522, 0.000143470184412, 4.01971410611e-05], "var": [0.0808998346329, 2.72869586945, 7.7142868042, 20.5788269043, 901.651489258, 1860.37097168, 4058.92724609, 2864.23828125, 5890.43115234, 3987.7199707, 3471.89916992, 8985.39648438, 12310.7724609, 23885.1328125, 7269.78076172, 8125.47558594, 4546.76611328, 2275.62768555, 2125.14257813, 310.971313477, 478.260406494, 101.908287048, 73.447517395, 78.4351043701, 77.18309021, 50.0759353638, 9.65466213226, 9.64258289337, 13.1307458878, 18.9995250702, 58.1939277649, 250.76159668, 295.995147705, 63.8361930847, 6.03892707825, 0.603076517582, 0.0845530107617, 0.0021438091062, 1.37398756124e-05, 1.82347932309e-08]}, "gfcc": {"icov": [[0.00017420736549, -0.000172111394932, 0.00039614533307, -0.000319934508298, 0.000536576786544, -0.000506737618707, 0.000520738423802, -0.000400419492507, 0.000435857771663, -0.000286463910015, 0.000315797049552, -0.000291921111057, 0.000157560032676], [-0.000172111394932, 0.00101295486093, -0.000516023952514, 0.000835287326481, -0.00090313621331, 0.00107302551623, -0.000933391740546, 0.000837725412566, -0.000781572773121, 0.000938969722483, -0.00126736436505, 0.00113211153075, -0.000485744007165], [0.00039614533307, -0.000516023952514, 0.00190068373922, -0.00124187429901, 0.00155404070392, -0.00149862456601, 0.00125739432406, -0.000545564107597, 0.000384884624509, -0.000699947355315, 0.00078427279368, -0.00141800800338, 0.000890341820195], [-0.000319934508298, 0.000835287326481, -0.00124187429901, 0.00314206047915, -0.00183513795491, 0.00182727351785, -0.000767531222664, 0.00057173310779, -0.000823722511996, 0.000151369851665, -0.000102092439192, 0.000318930775393, -0.000345327600371], [0.000536576786544, -0.00090313621331, 0.00155404070392, -0.00183513795491, 0.00475119892508, -0.00210115639493, 0.00135532347485, -0.00137486658059, 0.000761037343182, -0.00105233944487, -5.16239651915e-06, -0.000615981523879, -0.000577510392759], [-0.000506737618707, 0.00107302551623, -0.00149862456601, 0.00182727351785, -0.00210115639493, 0.00522209377959, -0.00300340470858, 0.00097433256451, -0.000321771163726, 0.000264470145339, -0.000480987975607, 0.000810078228824, -0.000111186614959], [0.000520738423802, -0.000933391740546, 0.00125739432406, -0.000767531222664, 0.00135532347485, -0.00300340470858, 0.00657718535513, -0.00172812212259, 0.00122427218594, -0.00102022243664, 0.000661487865727, -0.000934500596486, -0.000384949235013], [-0.000400419492507, 0.000837725412566, -0.000545564107597, 0.00057173310779, -0.00137486658059, 0.00097433256451, -0.00172812212259, 0.00592564791441, -0.00321384728886, 0.00162730179727, -0.000544169626664, 0.000841723638587, -0.000918721721973], [0.000435857771663, -0.000781572773121, 0.000384884624509, -0.000823722511996, 0.000761037343182, -0.000321771163726, 0.00122427218594, -0.00321384728886, 0.00992284622043, -0.00533600524068, 0.0023092769552, -9.1634792625e-05, -0.000693013949785], [-0.000286463910015, 0.000938969722483, -0.000699947355315, 0.000151369851665, -0.00105233944487, 0.000264470145339, -0.00102022243664, 0.00162730179727, -0.00533600524068, 0.0117101073265, -0.00550582818687, 0.00112834642641, 0.00267021590844], [0.000315797049552, -0.00126736436505, 0.00078427279368, -0.000102092439192, -5.16239651915e-06, -0.000480987975607, 0.000661487865727, -0.000544169626664, 0.0023092769552, -0.00550582818687, 0.012227781117, -0.0051012635231, 0.00143076456152], [-0.000291921111057, 0.00113211153075, -0.00141800800338, 0.000318930775393, -0.000615981523879, 0.000810078228824, -0.000934500596486, 0.000841723638587, -9.1634792625e-05, 0.00112834642641, -0.0051012635231, 0.0123586365953, -0.00502598937601], [0.000157560032676, -0.000485744007165, 0.000890341820195, -0.000345327600371, -0.000577510392759, -0.000111186614959, -0.000384949235013, -0.000918721721973, -0.000693013949785, 0.00267021590844, 0.00143076456152, -0.00502598937601, 0.0139462379739]], "mean": [-74.7456359863, 106.899223328, -44.9422569275, 18.7173709869, -63.6936302185, 5.70398807526, -46.4155082703, 5.59053945541, -25.5142650604, 0.726106822491, -10.7465515137, 3.33028554916, -9.2921295166], "cov": [[19172.5800781, -992.708068848, -2286.28198242, 23.5518226624, -1058.00646973, 522.860473633, -550.630371094, 449.112060547, -547.59387207, -207.613311768, -386.23223877, -63.8525428772, -100.743423462], [-992.708068848, 2118.26391602, -109.473251343, -373.772125244, 209.023956299, -205.769165039, 140.374526978, -150.798706055, 32.0118904114, -54.9423789978, 154.000564575, -87.0169067383, 48.6351776123], [-2286.28198242, -109.473251343, 1333.55627441, 262.796356201, -80.359413147, 38.8947029114, -40.5548858643, -70.8062744141, 87.2279129028, 82.6956481934, 25.1006526947, 80.3635482788, -50.525302887], [23.5518226624, -373.772125244, 262.796356201, 594.696228027, 72.2511901855, -80.2415084839, -72.7205810547, 37.7856292725, 51.5732307434, 45.4475975037, -22.6532611847, 35.8979682922, -3.37989521027], [-1058.00646973, 209.023956299, -80.359413147, 72.2511901855, 424.302124023, 9.78643894196, 54.0286369324, 25.3454360962, 46.6214942932, 28.0658893585, 54.3839111328, 4.05396318436, 39.7864990234], [522.860473633, -205.769165039, 38.8947029114, -80.2415084839, 9.78643894196, 374.185821533, 96.5629882813, 19.4873809814, -33.3268051147, 11.7031450272, -10.753121376, 10.1090984344, -9.35687065125], [-550.630371094, 140.374526978, -40.5548858643, -72.7205810547, 54.0286369324, 96.5629882813, 253.038406372, 23.234588623, 3.51869320869, 1.07142078876, 20.2296009064, 2.60055398941, 22.2522029877], [449.112060547, -150.798706055, -70.8062744141, 37.7856292725, 25.3454360962, 19.4873809814, 23.234588623, 252.882705688, 57.7967147827, -3.59482979774, -27.6466560364, -3.12396097183, 18.9056892395], [-547.59387207, 32.0118904114, 87.2279129028, 51.5732307434, 46.6214942932, -33.3268051147, 3.51869320869, 57.7967147827, 178.513870239, 72.0925979614, 8.79797172546, -8.04122924805, -0.153814822435], [-207.613311768, -54.9423789978, 82.6956481934, 45.4475975037, 28.0658893585, 11.7031450272, 1.07142078876, -3.59482979774, 72.0925979614, 160.059188843, 60.0793800354, 6.47035312653, -33.5689811707], [-386.23223877, 154.000564575, 25.1006526947, -22.6532611847, 54.3839111328, -10.753121376, 20.2296009064, -27.6466560364, 8.79797172546, 60.0793800354, 145.896270752, 40.6824111938, -2.90497899055], [-63.8525428772, -87.0169067383, 80.3635482788, 35.8979682922, 4.05396318436, 10.1090984344, 2.60055398941, -3.12396097183, -8.04122924805, 6.47035312653, 40.6824111938, 125.119560242, 32.8423423767], [-100.743423462, 48.6351776123, -50.525302887, -3.37989521027, 39.7864990234, -9.35687065125, 22.2522029877, 18.9056892395, -0.153814822435, -33.5689811707, -2.90497899055, 32.8423423767, 99.664024353]]}, "spectral_skewness": {"mean": 2.71007966995, "dvar": 0.477915495634, "min": -1.1221061945, "dmean": 0.58713054657, "dmean2": 0.809770822525, "dvar2": 0.961397767067, "max": 12.9060459137, "median": 2.44135761261, "var": 2.33599281311}, "spectral_energyband_low": {"mean": 0.0071871788241, "dvar": 3.40099941241e-05, "min": 1.43443658661e-23, "dmean": 0.00346943875775, "dmean2": 0.005111948587, "dvar2": 7.2662733146e-05, "max": 0.0864013507962, "median": 0.0037958654575, "var": 8.65397232701e-05}, "spectral_energyband_middle_low": {"mean": 0.0200263932347, "dvar": 7.94801017037e-05, "min": 1.86778520799e-22, "dmean": 0.00685339001939, "dmean2": 0.0102587044239, "dvar2": 0.000173771783011, "max": 0.150334939361, "median": 0.0159843470901, "var": 0.000293560093269}, "mfcc": {"icov": [[0.000136584276333, 4.78535803268e-05, 7.62397539802e-05, 9.33002011152e-05, 3.13126001856e-05, 9.11521055968e-05, 5.43437236047e-05, -0.000115271606774, 0.00014002295211, -0.000129984749947, 6.67518688715e-05, 0.000130509171868, -5.81440281167e-06], [4.78535803268e-05, 0.000534501217771, 8.14148734207e-05, 0.000150551350089, 3.02328353428e-05, 0.00021312298486, -0.000263946363702, 0.0001473367156, 3.08395397042e-06, 0.000402407720685, -0.000290716678137, -1.30094549604e-05, -4.53056281913e-06], [7.62397539802e-05, 8.14148734207e-05, 0.00111370324157, -0.000117301897262, 0.000108193089545, -0.000487695884658, 0.000573377823457, -0.000317861558869, 9.34427007451e-05, 0.000368694454664, -0.000179546244908, -0.000466314260848, 0.000349095120328], [9.33002011152e-05, 0.000150551350089, -0.000117301897262, 0.00229600723833, -0.00089036807185, 0.000435744412243, 0.000234892228036, 0.000428967206972, -0.000372607290046, 0.00019060082559, 0.000469145481475, -0.000650773756206, -0.00048175471602], [3.13126001856e-05, 3.02328353428e-05, 0.000108193089545, -0.00089036807185, 0.00357243511826, -0.000244006863795, 7.70151527831e-05, -0.00043687078869, 7.54910870455e-05, -0.000635845062789, -0.000144170335261, -7.44589533497e-06, -0.000344491156284], [9.11521055968e-05, 0.00021312298486, -0.000487695884658, 0.000435744412243, -0.000244006863795, 0.0045692208223, -0.00211032992229, 0.00135871663224, -0.00102278450504, 0.00138276536018, -0.0011093626963, 0.00019889822579, -0.000347829802195], [5.43437236047e-05, -0.000263946363702, 0.000573377823457, 0.000234892228036, 7.70151527831e-05, -0.00211032992229, 0.00687659019604, -0.00358433485962, 0.00181642686948, -0.00124653894454, 0.000122303928947, 7.22794648027e-05, 0.000143270008266], [-0.000115271606774, 0.0001473367156, -0.000317861558869, 0.000428967206972, -0.00043687078869, 0.00135871663224, -0.00358433485962, 0.00960798934102, -0.00453644571826, 0.00175826821942, 0.000215342079173, 0.00109581986908, -0.000990989850834], [0.00014002295211, 3.08395397042e-06, 9.34427007451e-05, -0.000372607290046, 7.54910870455e-05, -0.00102278450504, 0.00181642686948, -0.00453644571826, 0.00960144493729, -0.00433963676915, 0.00106305943336, -0.000341518374626, 0.00056336808484], [-0.000129984749947, 0.000402407720685, 0.000368694454664, 0.00019060082559, -0.000635845062789, 0.00138276536018, -0.00124653894454, 0.00175826821942, -0.00433963676915, 0.0109284548089, -0.00542001705617, 0.00266648060642, 0.000171355146449], [6.67518688715e-05, -0.000290716678137, -0.000179546244908, 0.000469145481475, -0.000144170335261, -0.0011093626963, 0.000122303928947, 0.000215342079173, 0.00106305943336, -0.00542001705617, 0.0115656014532, -0.00474570319057, 0.000691603228915], [0.000130509171868, -1.30094549604e-05, -0.000466314260848, -0.000650773756206, -7.44589533497e-06, 0.00019889822579, 7.22794648027e-05, 0.00109581986908, -0.000341518374626, 0.00266648060642, -0.00474570319057, 0.0110115176067, -0.00455675134435], [-5.81440281167e-06, -4.53056281913e-06, 0.000349095120328, -0.00048175471602, -0.000344491156284, -0.000347829802195, 0.000143270008266, -0.000990989850834, 0.00056336808484, 0.000171355146449, 0.000691603228915, -0.00455675134435, 0.0105423424393]], "mean": [-737.786682129, 146.132980347, 61.4440727234, 21.0722103119, 12.0551099777, -3.57546639442, -3.48239517212, -1.77690041065, -9.35842704773, -3.13036084175, -3.04079937935, -3.14361166954, 0.482344925404], "cov": [[9489.6171875, -676.805908203, -961.790344238, -546.229370117, -173.846466064, -348.609985352, 23.1247768402, 153.767379761, -13.0906600952, 204.936126709, -148.941986084, -369.231964111, -143.66734314], [-676.805908203, 2138.11962891, -127.174003601, -140.094329834, -60.6061019897, -23.9575157166, 82.7757949829, -28.2845497131, -67.3506088257, -82.8638076782, 40.9964256287, 39.8616523743, 11.2863616943], [-961.790344238, -127.174003601, 1157.91894531, 130.246749878, 2.328332901, 133.010559082, -87.8180541992, -32.4229698181, -16.748003006, -86.3795471191, 35.5695457458, 112.68687439, 18.3067150116], [-546.229370117, -140.094329834, 130.246749878, 588.681030273, 144.839385986, -29.5166568756, -70.32787323, -35.1383972168, 10.7787513733, -24.8800506592, -5.46146821976, 79.2426376343, 58.0763664246], [-173.846466064, -60.6061019897, 2.328332901, 144.839385986, 326.482147217, 7.17407655716, -4.67134571075, 9.48661708832, 19.793586731, 23.0211238861, 14.5916290283, 21.5907802582, 25.2231578827], [-348.609985352, -23.9575157166, 133.010559082, -29.5166568756, 7.17407655716, 295.463348389, 70.8019104004, -10.6638269424, 0.852996408939, -25.6360664368, 31.2634792328, 28.1593589783, 12.5539274216], [23.1247768402, 82.7757949829, -87.8180541992, -70.32787323, -4.67134571075, 70.8019104004, 219.197616577, 71.5110092163, 3.15684890747, 14.4128084183, 4.61640119553, -20.9924144745, -4.11033344269], [153.767379761, -28.2845497131, -32.4229698181, -35.1383972168, 9.48661708832, -10.6638269424, 71.5110092163, 169.613464355, 69.2990722656, 13.5586156845, -18.7651042938, -32.6407775879, -2.33030653], [-13.0906600952, -67.3506088257, -16.748003006, 10.7787513733, 19.793586731, 0.852996408939, 3.15684890747, 69.2990722656, 166.522537231, 66.6561737061, 4.95583486557, -20.2719993591, -10.9123163223], [204.936126709, -82.8638076782, -86.3795471191, -24.8800506592, 23.0211238861, -25.6360664368, 14.4128084183, 13.5586156845, 66.6561737061, 165.473556519, 53.2229194641, -32.3508796692, -20.9404029846], [-148.941986084, 40.9964256287, 35.5695457458, -5.46146821976, 14.5916290283, 31.2634792328, 4.61640119553, -18.7651042938, 4.95583486557, 53.2229194641, 139.706756592, 56.9285469055, 12.501086235], [-369.231964111, 39.8616523743, 112.68687439, 79.2426376343, 21.5907802582, 28.1593589783, -20.9924144745, -32.6407775879, -20.2719993591, -32.3508796692, 56.9285469055, 167.873718262, 68.9898986816], [-143.66734314, 11.2863616943, 18.3067150116, 58.0763664246, 25.2231578827, 12.5539274216, -4.11033344269, -2.33030653, -10.9123163223, -20.9404029846, 12.501086235, 68.9898986816, 127.827270508]]}, "silence_rate_20dB": {"mean": 1, "dvar": 0, "min": 1, "dmean": 0, "dmean2": 0, "dvar2": 0, "max": 1, "median": 1, "var": 0}, "dynamic_complexity": 3.8958337307, "silence_rate_60dB": {"mean": 0.0590193718672, "dvar": 0.013289693743, "min": 0, "dmean": 0.0134695423767, "dmean2": 0.0269411224872, "dvar2": 0.0298533141613, "max": 1, "median": 0, "var": 0.0555317178369}, "dissonance": {"mean": 0.392079681158, "dvar": 0.0014141156571, "min": 0.0982598438859, "dmean": 0.0411305874586, "dmean2": 0.0658336505294, "dvar2": 0.00359537824988, "max": 0.500000119209, "median": 0.400615930557, "var": 0.00404647458345}, "barkbands": {"mean": [0.000307104375679, 0.0051945191808, 0.00120578950737, 0.00158768810797, 0.00951643753797, 0.0041209179908, 0.00187126849778, 0.00128535728436, 0.00115029548761, 0.00113912962843, 0.000578099512495, 0.000257284613326, 0.000174800341483, 0.000202007766347, 0.000100011857285, 8.41259970912e-05, 6.13199299551e-05, 5.63728935958e-05, 4.98122935824e-05, 4.68461330456e-05, 2.0273068003e-05, 3.84619415854e-05, 6.55422336422e-05, 0.000155921894475, 9.74155846052e-05, 4.74502339785e-05, 6.54048335491e-06], "dvar": [1.61903940921e-07, 2.62591947831e-05, 1.92473976313e-06, 3.21771403833e-06, 5.3791431128e-05, 1.11011613626e-05, 7.36461606721e-06, 2.98686654787e-06, 3.94692733607e-06, 3.39809480465e-06, 1.35635764309e-06, 3.7593784441e-07, 4.15589454406e-07, 3.86396948215e-07, 1.75018115556e-07, 4.29937934143e-08, 2.22986091813e-08, 1.0939711359e-08, 1.13918616762e-08, 9.52737266857e-09, 3.96355126497e-09, 1.24479173635e-08, 5.02803736424e-08, 5.70143072309e-07, 2.51137635132e-07, 1.35198714446e-08, 2.78956024946e-10], "min": [3.75934326789e-25, 3.64341088875e-24, 8.29642450223e-25, 2.25264102702e-24, 1.07950976377e-23, 1.13678193324e-23, 1.14332064351e-23, 7.30246567811e-24, 1.32005049317e-23, 1.58514183612e-23, 1.76746967942e-23, 1.3893473483e-23, 3.88267492566e-23, 3.26716368e-23, 5.63721580593e-23, 6.84687909936e-23, 6.6365372276e-23, 8.57430714587e-23, 1.49335130647e-22, 1.45740941523e-22, 2.83333644094e-22, 2.4855459694e-22, 4.28504851339e-22, 5.45638250694e-22, 8.96316937645e-22, 1.28184621197e-21, 1.97691582172e-21], "dmean": [0.000237977801589, 0.00280105089769, 0.000759381568059, 0.00100317504257, 0.00453612580895, 0.00173225428443, 0.000905522378162, 0.000592557888012, 0.000533249578439, 0.00044483950478, 0.000234517123317, 9.41816979321e-05, 9.75194125203e-05, 0.00011036486103, 7.07673752913e-05, 4.50944753538e-05, 3.36626144417e-05, 3.36168450303e-05, 2.80533549812e-05, 3.05342837237e-05, 1.81414434337e-05, 3.38139034284e-05, 5.71849668631e-05, 0.000139871859574, 8.78176870174e-05, 4.07314510085e-05, 5.96326026425e-06], "dmean2": [0.000359308993211, 0.0040961089544, 0.00121420586947, 0.00168929167558, 0.00701250089332, 0.00268597621471, 0.00141129537951, 0.000866914051585, 0.000736819347367, 0.000541833869647, 0.000298800383462, 0.0001366683573, 0.000146972190123, 0.000148343679029, 0.000102111407614, 6.2701124989e-05, 4.69573242299e-05, 4.79772279505e-05, 3.79223856726e-05, 4.37073140347e-05, 2.81819193333e-05, 5.28153395862e-05, 9.0643108706e-05, 0.000216039450606, 0.000138219445944, 6.3885752752e-05, 9.14091742743e-06], "dvar2": [3.49201599192e-07, 5.61298656976e-05, 4.65033917862e-06, 9.00971463125e-06, 0.000124469341245, 2.47804800892e-05, 1.5861580323e-05, 5.56517488803e-06, 7.24731307855e-06, 4.53118082078e-06, 1.98904763238e-06, 5.80173264098e-07, 7.58810699608e-07, 6.61714977923e-07, 3.27561139102e-07, 7.99649484406e-08, 3.83445453167e-08, 2.27391652174e-08, 2.05607619819e-08, 2.05816341747e-08, 9.88885240361e-09, 3.13624894943e-08, 1.24014988501e-07, 1.29978650421e-06, 6.03881005645e-07, 2.77763962941e-08, 5.70559655078e-10], "max": [0.00785832852125, 0.0804491639137, 0.0227407068014, 0.0359421595931, 0.140234693885, 0.0642616599798, 0.0719310939312, 0.0339707992971, 0.045991871506, 0.0688659548759, 0.0467228926718, 0.0398842990398, 0.0561487749219, 0.0398577302694, 0.0261003319174, 0.0104808518663, 0.0133545342833, 0.00284377136268, 0.00804898981005, 0.00338775711134, 0.00158137059771, 0.00277671031654, 0.00750274956226, 0.0304657705128, 0.031406275928, 0.00348764890805, 0.000767513527535], "median": [9.73305286607e-05, 0.00218351301737, 0.000458360067569, 0.000744678545743, 0.00535323610529, 0.0015984645579, 0.00046248891158, 0.000171241801581, 5.58699321118e-05, 4.06559483963e-05, 1.88904796232e-05, 1.58785060194e-05, 1.05651270133e-05, 9.80872573564e-06, 5.22418849869e-06, 5.65240134165e-06, 6.49119920126e-06, 4.73685213365e-06, 6.33761010249e-06, 5.84924646319e-06, 3.55974952981e-06, 7.31103136786e-06, 1.01043178802e-05, 1.39046369441e-05, 1.25172782646e-05, 7.19001582183e-06, 6.9424385174e-07], "var": [2.68907342615e-07, 6.34279858787e-05, 4.04766842621e-06, 5.90038234805e-06, 0.00014401563385, 4.44409270131e-05, 1.9645998691e-05, 1.05932867882e-05, 1.3352413589e-05, 1.89772854355e-05, 5.91676916883e-06, 3.13914461003e-06, 1.86486897746e-06, 1.26238148823e-06, 2.80856198742e-07, 1.85723052937e-07, 9.69729114786e-08, 2.90917867574e-08, 3.12510444189e-08, 1.99519991639e-08, 4.03134992055e-09, 1.19113732211e-08, 5.45643352723e-08, 7.38110543352e-07, 2.57759182887e-07, 2.37487434163e-08, 4.39484837411e-10]}, "spectral_complexity": {"mean": 7.61675262451, "dvar": 3.50974416733, "min": 0, "dmean": 1.56019675732, "dmean2": 2.39851665497, "dvar2": 6.98893356323, "max": 33, "median": 7, "var": 14.6891260147}, "spectral_energyband_high": {"mean": 0.000456747977296, "dvar": 1.52552922827e-06, "min": 6.95672789206e-21, "dmean": 0.000362783059245, "dmean2": 0.000545389484614, "dvar2": 3.30306011165e-06, "max": 0.0351745299995, "median": 7.47265585233e-05, "var": 2.31591889133e-06}, "hfc": {"mean": 13.9706192017, "dvar": 134.750228882, "min": 1.07420612492e-16, "dmean": 5.42256307602, "dmean2": 7.72901058197, "dvar2": 287.449035645, "max": 346.423736572, "median": 9.32233142853, "var": 293.702484131}, "melbands_kurtosis": {"mean": 60.9500694275, "dvar": 25433.2929688, "min": -1.9360049963, "dmean": 23.6646881104, "dmean2": 38.5787239075, "dvar2": 62026.1953125, "max": 14472.9375, "median": 14.4666252136, "var": 311702.8125}, "spectral_strongpeak": {"mean": 1.124969244, "dvar": 0.691163778305, "min": 0, "dmean": 0.471201598644, "dmean2": 0.770572304726, "dvar2": 1.59630215168, "max": 18.515630722, "median": 0.686336994171, "var": 1.70668804646}, "silence_rate_30dB": {"mean": 0.997200369835, "dvar": 0.00331866997294, "min": 0, "dmean": 0.00332954968326, "dmean2": 0.00665960367769, "dvar2": 0.00812968239188, "max": 1, "median": 1, "var": 0.00279164942913}, "melbands_spread": {"mean": 10.4198646545, "dvar": 205.068191528, "min": 0.066368162632, "dmean": 4.60875034332, "dmean2": 7.0302400589, "dvar2": 465.020782471, "max": 299.673950195, "median": 5.68276691437, "var": 353.750579834}, "melbands_crest": {"mean": 16.0908088684, "dvar": 8.63024044037, "min": 1.67264485359, "dmean": 3.23202443123, "dmean2": 5.13513612747, "dvar2": 20.6474895477, "max": 39.984336853, "median": 15.0333385468, "var": 32.6703643799}, "average_loudness": 0.846553206444, "spectral_flux": {"mean": 0.0700773820281, "dvar": 0.000706612248905, "min": 6.01201935457e-11, "dmean": 0.0261304024607, "dmean2": 0.0416424013674, "dvar2": 0.001762632397, "max": 0.277141273022, "median": 0.0638616606593, "var": 0.0015949542867}, "spectral_rolloff": {"mean": 1002.66534424, "dvar": 1781469.375, "min": 21.533203125, "dmean": 343.877258301, "dmean2": 614.363830566, "dvar2": 3963992.5, "max": 22050, "median": 409.130859375, "var": 6770144.5}, "melbands": {"mean": [0.00146917102393, 0.00109745690133, 0.000915191485547, 0.00204460392706, 0.00132092367858, 0.000709562562406, 0.000449631392257, 0.000304567802232, 0.00019979145145, 0.000175158405909, 0.000151240179548, 0.000125064252643, 7.32186890673e-05, 3.84829945688e-05, 2.42416899709e-05, 1.58473449119e-05, 1.87577097677e-05, 1.38140858326e-05, 6.36025333733e-06, 6.50663878332e-06, 5.37445021109e-06, 3.11856319968e-06, 2.54852466242e-06, 2.90850039164e-06, 2.38829579757e-06, 1.75121022039e-06, 1.58409807227e-06, 1.47409741658e-06, 7.91485035734e-07, 4.59754261328e-07, 5.44363274457e-07, 6.44590954835e-07, 8.02500267127e-07, 9.22765821088e-07, 9.83390577858e-07, 1.50423136347e-06, 1.65547123743e-06, 2.07198263524e-06, 1.61354671491e-06, 1.01367515981e-06], "dvar": [2.1066177851e-06, 1.13484463782e-06, 6.49006835829e-07, 3.35804611495e-06, 9.94246533992e-07, 3.6894044797e-07, 4.00669733835e-07, 1.46890812402e-07, 7.88681973063e-08, 1.02528503021e-07, 6.59515961843e-08, 6.54879244166e-08, 1.68043339244e-08, 5.39325206717e-09, 3.84823373167e-09, 2.82655698847e-09, 3.38905148389e-09, 2.82308110222e-09, 4.56899490464e-10, 2.70867994701e-10, 1.54497623028e-10, 4.58947602144e-11, 2.55785757158e-11, 3.06808085881e-11, 1.8217524711e-11, 2.56947744331e-11, 1.5489885416e-11, 1.15906494472e-11, 2.6641952533e-12, 3.22695147513e-12, 5.24113087999e-12, 5.45460638463e-12, 5.3311448138e-12, 6.19689629472e-12, 1.53186890256e-11, 8.03512534286e-11, 1.10992805225e-10, 1.86161086546e-10, 8.62142371383e-11, 5.89992429911e-11], "min": [1.44687749501e-24, 1.36210699517e-24, 1.45474884773e-24, 2.20703263935e-24, 1.44430314605e-24, 1.82268816785e-24, 2.71681822213e-24, 1.40866615744e-24, 2.593487511e-24, 2.19080596775e-24, 2.26840779272e-24, 3.38367685798e-24, 3.49837013385e-24, 1.91349631323e-24, 2.92634263679e-24, 4.66230876153e-24, 2.11329446735e-24, 3.74535065036e-24, 4.29325083664e-24, 5.0749496737e-24, 4.23086456081e-24, 4.184477173e-24, 3.43286430758e-24, 3.94389668502e-24, 3.63720728659e-24, 5.80655189898e-24, 5.40444425204e-24, 4.65551666913e-24, 5.35673709994e-24, 6.33718865321e-24, 5.11786449581e-24, 5.64634529318e-24, 4.6066861791e-24, 4.0154487357e-24, 6.49284313715e-24, 5.94918268381e-24, 4.91792691052e-24, 5.97362987769e-24, 5.68946640242e-24, 7.680481513e-24], "dmean": [0.000781438662671, 0.000594580487814, 0.000493713887408, 0.0010309710633, 0.000593911041506, 0.000294263591059, 0.000199976318981, 0.000141637312481, 9.13332769414e-05, 8.03843140602e-05, 6.36311233393e-05, 4.801335308e-05, 2.81575248664e-05, 1.26165623442e-05, 1.01021705632e-05, 9.20115417102e-06, 1.021035132e-05, 8.06505340734e-06, 4.50350398751e-06, 3.33529419549e-06, 2.8021934213e-06, 1.7142345996e-06, 1.54765814386e-06, 1.71288695583e-06, 1.30353726036e-06, 1.03064883206e-06, 1.08560823264e-06, 9.52862819759e-07, 5.63716866964e-07, 4.3866933197e-07, 5.23577455169e-07, 6.22436573394e-07, 6.97056236731e-07, 7.45664749502e-07, 8.64291337166e-07, 1.49573224917e-06, 1.61633499829e-06, 1.96334849534e-06, 1.4762107412e-06, 9.5444352155e-07], "dmean2": [0.00111837522127, 0.00091630523093, 0.000806016440038, 0.00161199539434, 0.00091048394097, 0.000461613060907, 0.00030671764398, 0.000211821388802, 0.000127537568915, 0.00010999944061, 7.8609205957e-05, 5.75052981731e-05, 3.55104966729e-05, 1.77030960913e-05, 1.50035139086e-05, 1.37078259286e-05, 1.41341688504e-05, 1.0898623259e-05, 6.58746284898e-06, 4.67615063826e-06, 3.83460974263e-06, 2.4149494493e-06, 2.26143424698e-06, 2.42851638177e-06, 1.79409335033e-06, 1.39836186008e-06, 1.56808573593e-06, 1.36642245252e-06, 8.2589866679e-07, 6.97767404745e-07, 8.26964992484e-07, 9.94269498733e-07, 1.09867926312e-06, 1.15550301416e-06, 1.38435962072e-06, 2.43646786657e-06, 2.59704870587e-06, 3.08328139909e-06, 2.34016079048e-06, 1.53178223172e-06], "dvar2": [4.22562061431e-06, 2.61068203145e-06, 1.62663843639e-06, 7.80664140621e-06, 2.27249211093e-06, 7.89849195826e-07, 8.3090338876e-07, 2.86995259557e-07, 1.40573362728e-07, 1.95478705223e-07, 9.32379791152e-08, 8.76645103176e-08, 2.44415598871e-08, 8.58139337367e-09, 6.86732937183e-09, 5.47901457537e-09, 6.36558183942e-09, 4.51857440353e-09, 9.35970523308e-10, 5.18629972301e-10, 2.64429089736e-10, 8.27534776815e-11, 5.53331477859e-11, 5.88790474709e-11, 3.38625863461e-11, 4.91332842467e-11, 3.48914959425e-11, 2.38487164045e-11, 5.62137185758e-12, 8.36300560053e-12, 1.29004888369e-11, 1.40259999795e-11, 1.38650185083e-11, 1.56947874835e-11, 3.93615799676e-11, 2.07020345311e-10, 2.5741078713e-10, 4.21279400253e-10, 2.19221529818e-10, 1.52282741972e-10], "max": [0.0246465913951, 0.0168460868299, 0.0159990508109, 0.035403277725, 0.0237466935068, 0.014739766717, 0.0166181325912, 0.00821136310697, 0.00760087789968, 0.0091900061816, 0.00936938077211, 0.0137097332627, 0.0041151419282, 0.00455567101017, 0.0051545300521, 0.00357638881542, 0.00374110555276, 0.00376641750336, 0.00113591365516, 0.000870466115884, 0.00101818551775, 0.000521402980667, 0.000135095891892, 0.000149151252117, 0.000204160431167, 0.000466628785944, 0.000129459411255, 0.000169460254256, 5.89815026615e-05, 6.00641506026e-05, 7.50780745875e-05, 6.67659187457e-05, 7.65873483033e-05, 0.000105757288111, 0.000219754685531, 0.000406189006753, 0.000659525278024, 0.000619173573796, 0.000275085010799, 0.000553963531274], "median": [0.000550829281565, 0.000545322545804, 0.000525793991983, 0.00102881714702, 0.000652387796436, 0.000279106898233, 0.000108224558062, 5.85579764447e-05, 2.54433653026e-05, 8.99516271602e-06, 6.6529319156e-06, 4.02057912652e-06, 2.88434284812e-06, 2.18223772208e-06, 1.78283346486e-06, 1.05743674794e-06, 9.92229729491e-07, 5.71126065552e-07, 3.81635118174e-07, 3.62600502513e-07, 4.31295120507e-07, 3.61429670193e-07, 2.74874935258e-07, 2.13906758972e-07, 2.499662628e-07, 2.08513171174e-07, 1.74438952172e-07, 1.68507000353e-07, 1.1696886304e-07, 6.60782006889e-08, 8.73067307339e-08, 1.08519941477e-07, 1.43186923651e-07, 1.81531930821e-07, 1.45894475168e-07, 1.22594315144e-07, 1.42574918982e-07, 1.62795402048e-07, 1.52136522047e-07, 1.13271056534e-07], "var": [5.65321306567e-06, 2.45771934715e-06, 1.39136420785e-06, 8.39700805955e-06, 3.91515777665e-06, 1.52276516019e-06, 1.21196251257e-06, 5.08921857545e-07, 2.51472329182e-07, 3.35264104478e-07, 3.09843045443e-07, 4.24816903433e-07, 8.98304293173e-08, 4.8722537116e-08, 2.52219773955e-08, 1.05554534002e-08, 1.06416306878e-08, 8.61618509873e-09, 7.39225181068e-10, 1.2649206127e-09, 8.3879064805e-10, 1.89280480178e-10, 5.6352235378e-11, 8.19212753189e-11, 5.80374602543e-11, 5.55436252547e-11, 2.63999117706e-11, 2.59497388855e-11, 5.43788148191e-12, 3.04879038682e-12, 4.760821945e-12, 4.64817464033e-12, 5.07218225754e-12, 6.39895818624e-12, 1.52824801425e-11, 7.3645499421e-11, 1.15435418169e-10, 2.08099024124e-10, 8.38942040837e-11, 4.85689752305e-11]}, "spectral_energy": {"mean": 0.0294207967818, "dvar": 0.000110796245281, "min": 1.01961901218e-20, "dmean": 0.00888701807708, "dmean2": 0.0129118682817, "dvar2": 0.000229608427617, "max": 0.153005629778, "median": 0.0249463301152, "var": 0.000464698910946}, "spectral_decrease": {"mean": -7.45943484759e-09, "dvar": 7.40442949829e-18, "min": -3.97973174415e-08, "dmean": 2.27467289449e-09, "dmean2": 3.30430749429e-09, "dvar2": 1.53261496275e-17, "max": 1.74202891253e-28, "median": -6.30248209177e-09, "var": 3.05387571355e-17}, "erbbands_spread": {"mean": 30.0037498474, "dvar": 385.992523193, "min": 0.725459158421, "dmean": 12.2169961929, "dmean2": 18.5200500488, "dvar2": 862.328979492, "max": 229.731658936, "median": 18.4285697937, "var": 1034.42346191}, "spectral_contrast_coeffs": {"mean": [-0.599820554256, -0.642042636871, -0.740340709686, -0.786254227161, -0.808332443237, -0.836648881435], "dvar": [0.00197647209279, 0.00202722824179, 0.00157674762886, 0.00108741491567, 0.000719654548448, 0.000301759864669], "min": [-0.983931005001, -0.983143687248, -0.984541118145, -0.990730643272, -0.98230022192, -0.980660259724], "dmean": [0.0528748221695, 0.0509787350893, 0.0419619046152, 0.034995790571, 0.0268767103553, 0.0177577473223], "dmean2": [0.0842081159353, 0.0801079049706, 0.0604522414505, 0.0511823892593, 0.0395989045501, 0.0271164737642], "dvar2": [0.00460912752897, 0.00459324708208, 0.00275344238617, 0.00194045924582, 0.00127873418387, 0.000670660869218], "max": [-0.20347969234, -0.285266906023, -0.358406215906, -0.455780088902, -0.528892338276, -0.609012007713], "median": [-0.599647223949, -0.641501307487, -0.767513930798, -0.807736992836, -0.822610795498, -0.838633179665], "var": [0.0113369226456, 0.00929187238216, 0.013464926742, 0.00700363889337, 0.00422421842813, 0.00116606743541]}, "spectral_energyband_middle_high": {"mean": 0.00247730896808, "dvar": 5.53378276891e-06, "min": 1.17379412886e-21, "dmean": 0.00081756291911, "dmean2": 0.00100913119968, "dvar2": 7.71074246586e-06, "max": 0.0807475075126, "median": 0.000313461816404, "var": 3.75922390958e-05}, "erbbands_crest": {"mean": 14.2053499222, "dvar": 9.39509773254, "min": 2.73105883598, "dmean": 3.13872790337, "dmean2": 4.90349674225, "dvar2": 21.53191185, "max": 34.4477081299, "median": 13.158914566, "var": 32.6974067688}, "barkbands_crest": {"mean": 13.1025009155, "dvar": 6.361307621, "min": 2.93983817101, "dmean": 2.75213766098, "dmean2": 4.37696266174, "dvar2": 15.3453378677, "max": 26.8487129211, "median": 12.2971868515, "var": 20.8193721771}, "pitch_salience": {"mean": 0.519038915634, "dvar": 0.00467226700857, "min": 0.00644095009193, "dmean": 0.0732489004731, "dmean2": 0.116822361946, "dvar2": 0.0114228008315, "max": 0.851346313953, "median": 0.523664712906, "var": 0.0169436950237}, "melbands_skewness": {"mean": 3.15106391907, "dvar": 2.95751428604, "min": -2.76741337776, "dmean": 1.13415122032, "dmean2": 1.7323101759, "dvar2": 6.55823421478, "max": 112.797973633, "median": 2.22684621811, "var": 29.6427001953}, "spectral_spread": {"mean": 5869099, "dvar": 2596736860160.0, "min": 432670.15625, "dmean": 1311471.75, "dmean2": 1823824.875, "dvar2": 5259537154050.0, "max": 42124608, "median": 5101788, "var": 15027725664300.0}, "spectral_entropy": {"mean": 6.54976987839, "dvar": 0.158168047667, "min": 3.80543994904, "dmean": 0.390079081059, "dmean2": 0.534413516521, "dvar2": 0.292846858501, "max": 9.81801319122, "median": 6.51866912842, "var": 0.73593133688}, "erbbands_flatness_db": {"mean": 0.20054975152, "dvar": 0.000905850669369, "min": 0.0217512790114, "dmean": 0.0306455027312, "dmean2": 0.0416985675693, "dvar2": 0.00170652777888, "max": 0.43787842989, "median": 0.194042623043, "var": 0.00456600263715}, "spectral_kurtosis": {"mean": 12.4756755829, "dvar": 94.1896972656, "min": -1.79254448414, "dmean": 5.55984544754, "dmean2": 8.0603351593, "dvar2": 201.943557739, "max": 211.450653076, "median": 7.12017536163, "var": 347.59487915}, "erbbands_skewness": {"mean": 1.80707585812, "dvar": 0.762342512608, "min": -9.60022830963, "dmean": 0.747167050838, "dmean2": 1.09413957596, "dvar2": 1.55110263824, "max": 12.7731351852, "median": 1.73769259453, "var": 2.6776907444}, "erbbands_kurtosis": {"mean": 9.37124538422, "dvar": 101.541221619, "min": -1.96405768394, "dmean": 5.57930660248, "dmean2": 8.53448390961, "dvar2": 214.234176636, "max": 239.737472534, "median": 5.1965341568, "var": 187.262802124}, "barkbands_spread": {"mean": 11.1048707962, "dvar": 123.265159607, "min": 0.16632694006, "dmean": 5.24095487595, "dmean2": 7.96797561646, "dvar2": 259.418609619, "max": 122.650810242, "median": 6.13114833832, "var": 243.465774536}, "zerocrossingrate": {"mean": 0.039585288614, "dvar": 0.000456170819234, "min": 0, "dmean": 0.0116370189935, "dmean2": 0.0135412132367, "dvar2": 0.000559872016311, "max": 0.5224609375, "median": 0.0263671875, "var": 0.00247217877768}, "spectral_centroid": {"mean": 611.703857422, "dvar": 163360.546875, "min": 109.194236755, "dmean": 164.09614563, "dmean2": 245.669952393, "dvar2": 347366.9375, "max": 11936.1220703, "median": 422.743988037, "var": 650335.6875}, "barkbands_skewness": {"mean": 2.53762817383, "dvar": 1.29257845879, "min": -6.28805541992, "dmean": 0.9760876894, "dmean2": 1.48273968697, "dvar2": 2.95968914032, "max": 19.6563110352, "median": 2.13382673264, "var": 5.22219562531}, "melbands_flatness_db": {"mean": 0.335990011692, "dvar": 0.00166258343961, "min": 0.002914149547, "dmean": 0.0400638766587, "dmean2": 0.0544156320393, "dvar2": 0.00304896594025, "max": 0.682803809643, "median": 0.332248747349, "var": 0.00914963893592}, "spectral_contrast_valleys": {"mean": [-7.28525209427, -7.42025184631, -8.71214866638, -9.44872665405, -9.28401374817, -10.6908826828], "dvar": [0.149388387799, 0.172436207533, 0.18195605278, 0.216162219644, 0.215297579765, 0.260299146175], "min": [-27.9957618713, -27.8531398773, -27.9609146118, -27.5907421112, -27.5273799896, -27.3609390259], "dmean": [0.39629778266, 0.404531091452, 0.42490363121, 0.474480420351, 0.43333530426, 0.495883375406], "dmean2": [0.634231746197, 0.638047456741, 0.637249171734, 0.674336135387, 0.592974185944, 0.604116439819], "dvar2": [0.325036793947, 0.376603573561, 0.394071578979, 0.447569936514, 0.420501202345, 0.484326273203], "max": [-5.1403298378, -4.82602596283, -5.31225919724, -6.20819854736, -6.36204767227, -7.43767404556], "median": [-7.06294822693, -7.22860431671, -8.5171880722, -9.27412796021, -9.10416984558, -10.4759235382], "var": [2.72598338127, 2.78129458427, 2.70081329346, 2.62942266464, 2.77225518227, 3.0059196949]}, "barkbands_flatness_db": {"mean": 0.235365733504, "dvar": 0.00122968177311, "min": 0.0222883932292, "dmean": 0.035084489733, "dmean2": 0.0484493039548, "dvar2": 0.00230770208873, "max": 0.588787376881, "median": 0.229379162192, "var": 0.006398248951