{"tonal": {"chords_key": "C", "hpcp_entropy": {"dmean": 0.744814455509, "dmean2": 1.26117014885, "max": 4.59135484695, "dvar": 0.353052943945, "mean": 2.42433476448, "dvar2": 0.996259391308, "min": 0, "var": 0.651394188404, "median": 2.44171619415}, "key_key": "C", "chords_strength": {"dmean": 0.00985303148627, "dmean2": 0.0118143651634, "max": 0.756804764271, "dvar": 0.000487176876049, "mean": 0.560046613216, "dvar2": 0.000874234945513, "min": -1, "var": 0.0189108327031, "median": 0.578036785126}, "key_scale": "minor", "chords_number_rate": 0.00200883881189, "thpcp": [1, 0.66210436821, 0.262507349253, 0.174258470535, 0.186139881611, 0.221554681659, 0.238284751773, 0.229341998696, 0.320377409458, 0.551091432571, 0.50445073843, 0.242569208145, 0.158002093434, 0.214784681797, 0.537724435329, 0.796841084957, 0.54351401329, 0.242665737867, 0.183686941862, 0.169759690762, 0.17437247932, 0.208126306534, 0.237019896507, 0.312149018049, 0.389484375715, 0.319147497416, 0.213989436626, 0.173198655248, 0.186435744166, 0.301256537437, 0.382735878229, 0.308907419443, 0.21174043417, 0.191191926599, 0.298435866833, 0.709955334663], "key_strength": 0.694513738155, "tuning_nontempered_energy_ratio": 0.798307359219, "tuning_frequency": 440.508636475, "chords_changes_rate": 0.0598633997142, "tuning_diatonic_strength": 0.658511579037, "chords_scale": "minor", "chords_histogram": [37.4849319458, 17.0751304626, 12.3543596268, 3.21414232254, 0.100441947579, 2.22981119156, 0.462032943964, 12.8565692902, 0.924065887928, 3.11370038986, 0, 0.241060674191, 0.662916839123, 0.964242696762, 0, 3.83688235283, 0, 0, 0.180795505643, 0, 1.02450788021, 0.120530337095, 3.15387701988, 0], "tuning_equal_tempered_deviation": 0.158970847726, "hpcp": {"dmean": [0.106297552586, 0.104793563485, 0.128026857972, 0.152937710285, 0.143748313189, 0.108000919223, 0.0831782370806, 0.113447763026, 0.190854892135, 0.206449791789, 0.179496243596, 0.121594525874, 0.0979577675462, 0.0903541073203, 0.0847425162792, 0.0934615880251, 0.103823438287, 0.121739983559, 0.124301865697, 0.114711992443, 0.0956562235951, 0.0828027129173, 0.0954891145229, 0.130121231079, 0.132405564189, 0.118875071406, 0.10283369571, 0.102995619178, 0.151014000177, 0.223719611764, 0.220602244139, 0.198159366846, 0.128713622689, 0.0940964221954, 0.0998422950506, 0.109508402646], "dmean2": [0.197051823139, 0.192220464349, 0.231843486428, 0.270589113235, 0.251202195883, 0.197126731277, 0.155519664288, 0.212598308921, 0.339034885168, 0.361417293549, 0.315189957619, 0.225079283118, 0.184681922197, 0.170870512724, 0.158975079656, 0.172714963555, 0.190699145198, 0.219432204962, 0.22020316124, 0.2038282305, 0.173263311386, 0.152197852731, 0.178136080503, 0.238319471478, 0.241233751178, 0.214935839176, 0.190059870481, 0.193623960018, 0.279482126236, 0.393381327391, 0.388560444117, 0.347544163465, 0.236906513572, 0.175620689988, 0.187400922179, 0.204228505492], "max": [1, 1, 1, 1, 1, 1, 1, 1, 1, 1, 1, 1, 1, 1, 1, 1, 1, 1, 1, 1, 1, 1, 1, 1, 1, 1, 1, 1, 1, 1, 1, 1, 1, 1, 1, 1], "dvar": [0.0425904169679, 0.0380437523127, 0.0421763658524, 0.0611696876585, 0.055705845356, 0.0391684137285, 0.0323203541338, 0.043669115752, 0.0602358207107, 0.0733958333731, 0.0539370812476, 0.0449195988476, 0.0405996143818, 0.0408348739147, 0.0329003855586, 0.036331359297, 0.0377197116613, 0.0461763255298, 0.0460389144719, 0.0385536700487, 0.0292246732861, 0.0250723510981, 0.0343309827149, 0.0459275767207, 0.0498130321503, 0.0426002144814, 0.0386989638209, 0.039394557476, 0.0527053885162, 0.0647544711828, 0.0759389325976, 0.055470507592, 0.043599575758, 0.0364317409694, 0.0417242459953, 0.0446236170828], "mean": [0.0880888998508, 0.0847829505801, 0.118436843157, 0.203727006912, 0.186484903097, 0.0896727740765, 0.0584100745618, 0.0794014111161, 0.198785498738, 0.294575512409, 0.200925782323, 0.0897084549069, 0.0679052248597, 0.0627566128969, 0.064461864531, 0.0769399479032, 0.0876213088632, 0.115394972265, 0.143984243274, 0.117982171476, 0.0791074261069, 0.0640279278159, 0.0689214020967, 0.111368253827, 0.141489461064, 0.114196628332, 0.0782760158181, 0.0706796646118, 0.11032550782, 0.262455672026, 0.369679123163, 0.244766160846, 0.0970434844494, 0.0644197165966, 0.0688120275736, 0.081904143095], "dvar2": [0.116114489734, 0.105668000877, 0.120165109634, 0.159676298499, 0.145290479064, 0.109485261142, 0.0910938754678, 0.123875424266, 0.169886559248, 0.182555943727, 0.146699696779, 0.124934352934, 0.11390401423, 0.116189263761, 0.0934601277113, 0.101872108877, 0.104642570019, 0.130373418331, 0.121036030352, 0.10548697412, 0.0820849835873, 0.0703015774488, 0.0958621278405, 0.129099786282, 0.134623661637, 0.119520381093, 0.108541741967, 0.111115507782, 0.148923739791, 0.182462111115, 0.191332861781, 0.156287699938, 0.123692184687, 0.100339099765, 0.1155250296, 0.124742798507], "min": [0, 0, 0, 0, 0, 0, 0, 0, 0, 0, 0, 0, 0, 0, 0, 0, 0, 0, 0, 0, 0, 0, 0, 0, 0, 0, 0, 0, 0, 0, 0, 0, 0, 0, 0, 0], "var": [0.0397048853338, 0.0325772352517, 0.0400097072124, 0.10659776628, 0.0940912663937, 0.0318495407701, 0.0210377089679, 0.02984482795, 0.0730440840125, 0.127397656441, 0.0674196332693, 0.0321446172893, 0.0267868563533, 0.025595812127, 0.0220662262291, 0.0277440436184, 0.0314315222204, 0.0488963462412, 0.0697748288512, 0.0478398241103, 0.0233215708286, 0.0174999628216, 0.0245283208787, 0.0459898933768, 0.0670396238565, 0.0443962328136, 0.0272328611463, 0.0259314961731, 0.0399933978915, 0.0922685042024, 0.151738509536, 0.0805300250649, 0.032649576664, 0.0248270407319, 0.0283863004297, 0.0337973088026], "median": [0.0156285893172, 0.0171882919967, 0.027633138001, 0.0278605297208, 0.0226667486131, 0.0186026375741, 0.0124361850321, 0.0178054124117, 0.0568977184594, 0.101949855685, 0.077895462513, 0.0234520174563, 0.014428768307, 0.0134063325822, 0.0156122520566, 0.0208346825093, 0.0207373294979, 0.018393356353, 0.0162268839777, 0.0196934454143, 0.0235168077052, 0.0199613794684, 0.0150386672467, 0.0177634507418, 0.0270607303828, 0.0253470875323, 0.0205956064165, 0.0143163464963, 0.0255582109094, 0.109089627862, 0.165741413832, 0.105257123709, 0.0256309881806, 0.0123101994395, 0.0132440123707, 0.0155998636037]}}, "lowlevel": {"melbands_flatness_db": {"dmean": 0.0301141627133, "dmean2": 0.0469089001417, "max": 0.570613324642, "dvar": 0.00085995264817, "mean": 0.243305057287, "dvar2": 0.00203199824318, "min": -1.2080109002e-07, "var": 0.00715388217941, "median": 0.228460878134}, "melbands_crest": {"dmean": 3.41862249374, "dmean2": 5.68609476089, "max": 32.5135536194, "dvar": 7.84287881851, "mean": 16.810087204, "dvar2": 21.4632930756, "min": 1.00225710869, "var": 19.0869636536, "median": 16.5777511597}, "spectral_entropy": {"dmean": 0.162195786834, "dmean2": 0.24823884666, "max": 9.82534694672, "dvar": 0.0387534499168, "mean": 7.58838129044, "dvar2": 0.08846385777, "min": 5.35440301895, "var": 0.261962771416, "median": 7.73342037201}, "melbands": {"dmean": [0.00102432956919, 0.00279772421345, 0.00191464438103, 0.000721384189092, 0.00022847292712, 0.000179630820639, 8.32626028568e-05, 4.82151917822e-05, 4.79134941997e-05, 5.95206329308e-05, 5.89040901104e-05, 2.58269064943e-05, 3.06337060465e-05, 3.26143126586e-05, 1.86998531717e-05, 2.48075975833e-05, 3.21066945617e-05, 1.82881776709e-05, 1.96844648599e-05, 1.12168936539e-05, 1.2703880202e-05, 1.13069827421e-05, 7.32511216484e-06, 4.82333280161e-06, 5.58562896913e-06, 6.53550205243e-06, 6.3194388531e-06, 5.21992478753e-06, 4.89039439344e-06, 4.80450626128e-06, 2.22900303015e-06, 1.7296003989e-06, 1.11432098038e-06, 7.68831114328e-07, 6.6303988433e-07, 7.89936621004e-07, 7.99691974862e-07, 5.86552573623e-07, 3.13317201517e-07, 1.94801231146e-07], "dmean2": [0.00173041538801, 0.00464140297845, 0.00319014373235, 0.00117837719154, 0.000365955260349, 0.00029695086414, 0.000138854738907, 7.71642007749e-05, 7.85383599577e-05, 9.47780936258e-05, 9.45806677919e-05, 4.19457574026e-05, 5.01449176227e-05, 5.32995836693e-05, 2.98191062029e-05, 4.03597623517e-05, 5.19833702128e-05, 2.88220071525e-05, 3.05049834424e-05, 1.82109870366e-05, 2.12327122426e-05, 1.9012737539e-05, 1.20753247757e-05, 7.86209511716e-06, 9.42443057284e-06, 1.10085838969e-05, 1.055400935e-05, 8.60107866174e-06, 8.15179373603e-06, 8.10393339634e-06, 3.74713158635e-06, 2.83202098217e-06, 1.77679260105e-06, 1.21923460483e-06, 1.03757656689e-06, 1.23027848531e-06, 1.21431810385e-06, 8.86000577793e-07, 4.81786173623e-07, 2.96576189385e-07], "max": [0.0247648768127, 0.0282947253436, 0.0267783403397, 0.0132572669536, 0.00441977893934, 0.00621835747734, 0.00458277389407, 0.00329590588808, 0.00461895065382, 0.00477024819702, 0.00198779255152, 0.00147472810932, 0.00307046435773, 0.00318646198139, 0.00283472519368, 0.00168830354232, 0.00397457880899, 0.00240471749566, 0.00314975529909, 0.00111519498751, 0.000873214856256, 0.000699471915141, 0.000500343914609, 0.00028791371733, 0.000203507923288, 0.0002383638639, 0.000302876258502, 0.000261439796304, 0.000291394680971, 0.000164898723597, 6.96963761584e-05, 0.000134381785756, 3.81541030947e-05, 1.57950253197e-05, 1.60211238835e-05, 2.95587706205e-05, 3.75816744054e-05, 3.38694590027e-05, 2.24424620683e-05, 7.79837500886e-06], "dvar": [2.15922318603e-06, 8.21360481496e-06, 5.29868930244e-06, 8.16806959847e-07, 8.00127466505e-08, 7.00066493664e-08, 1.83579711432e-08, 1.05388675564e-08, 1.61155533362e-08, 2.09932746742e-08, 1.39131355326e-08, 2.36063146808e-09, 6.0038751748e-09, 1.12450821987e-08, 3.88519616479e-09, 4.00579702742e-09, 8.0951068071e-09, 4.14292200546e-09, 5.50611289896e-09, 1.51440238128e-09, 6.55876075673e-10, 4.80552431181e-10, 2.69563565913e-10, 9.8298189033e-11, 8.29801852231e-11, 1.27030025387e-10, 1.25401994344e-10, 7.89638146537e-11, 6.83226669684e-11, 6.42672928763e-11, 1.47776339776e-11, 1.15821293528e-11, 3.21684237407e-12, 1.16504353907e-12, 9.45847133255e-13, 1.94039619442e-12, 2.48130812772e-12, 1.30853129981e-12, 3.97537471691e-13, 1.19159822526e-13], "mean": [0.00149604806211, 0.00508661568165, 0.00368559197523, 0.0014816634357, 0.00048277512542, 0.000309590512188, 0.000132205052068, 7.97914835857e-05, 7.31620239094e-05, 9.26768116187e-05, 9.8772077763e-05, 4.43967910542e-05, 4.43957578682e-05, 4.99535708514e-05, 3.00671545119e-05, 3.83323349524e-05, 5.21094152646e-05, 2.87201364699e-05, 3.17941448884e-05, 1.94029344129e-05, 2.39338805841e-05, 2.16615244426e-05, 1.43162187669e-05, 9.40698464547e-06, 1.11305735118e-05, 1.34830825118e-05, 1.35993414005e-05, 1.199999042e-05, 1.1101529708e-05, 1.08642580017e-05, 4.85119971927e-06, 3.58040711035e-06, 2.41515908783e-06, 1.69763347913e-06, 1.49304275965e-06, 1.70963846813e-06, 1.7459327637e-06, 1.31249100832e-06, 7.31995953629e-07, 4.75028201663e-07], "dvar2": [5.80457799515e-06, 2.28190110647e-05, 1.46113397932e-05, 2.18245963879e-06, 2.0546980295e-07, 1.87344667779e-07, 4.74749342061e-08, 2.37766109024e-08, 4.22644284015e-08, 5.0137920482e-08, 3.42349224525e-08, 5.47461009859e-09, 1.46925200895e-08, 2.97808568916e-08, 9.78144054642e-09, 9.89924231476e-09, 1.89064515155e-08, 9.82026548968e-09, 1.30611104154e-08, 3.86968057597e-09, 1.87053927903e-09, 1.34100119897e-09, 6.65416166612e-10, 2.50175491434e-10, 2.23368740171e-10, 3.40416500544e-10, 3.29016536238e-10, 2.02936931148e-10, 1.8004808755e-10, 1.77839146187e-10, 3.93192284287e-11, 2.85123851612e-11, 8.05100170559e-12, 2.86936815454e-12, 2.21138016752e-12, 4.49482335033e-12, 5.31140496168e-12, 2.88206936615e-12, 9.88905680434e-13, 2.72338548197e-13], "min": [1.73306114445e-24, 8.16429030061e-25, 9.92629593496e-25, 1.21856793561e-24, 1.17719149088e-24, 1.06664170692e-24, 1.43924013815e-24, 1.60057067352e-24, 1.63616437339e-24, 1.69133217751e-24, 2.83865502793e-24, 3.32036327616e-24, 2.54090559293e-24, 2.39849312536e-24, 1.51827877465e-24, 3.40800453944e-24, 2.18542573916e-24, 1.96784212428e-24, 3.11482832832e-24, 2.98196541643e-24, 3.58724438673e-24, 4.06444804197e-24, 5.20095363723e-24, 4.17467163195e-24, 4.20803453179e-24, 4.22838674871e-24, 4.5380521249e-24, 4.8419797213e-24, 4.45765694347e-24, 5.41558927891e-24, 5.12408071974e-24, 4.98363113532e-24, 5.59584912335e-24, 6.17232185161e-24, 5.19898424599e-24, 4.63660491222e-24, 5.5453320487e-24, 6.38591225259e-24, 5.87945408511e-24, 5.93543914912e-24], "var": [2.32349634643e-06, 1.2115343452e-05, 8.31963643577e-06, 1.7657329181e-06, 1.93151876715e-07, 1.13553682013e-07, 2.29072334434e-08, 1.87959159348e-08, 1.98842986521e-08, 3.24403863772e-08, 2.75563696306e-08, 4.53928628019e-09, 8.24624812878e-09, 2.02967971319e-08, 6.18769524507e-09, 6.7025549555e-09, 1.56499595505e-08, 6.1807385876e-09, 1.09586073549e-08, 2.53251397631e-09, 1.43735989777e-09, 1.06354125506e-09, 6.85539680578e-10, 2.5675139792e-10, 1.99556246527e-10, 3.2570690589e-10, 3.26313670529e-10, 2.37232677947e-10, 2.01298866465e-10, 1.7257135998e-10, 3.79708313403e-11, 2.62131323592e-11, 9.06504645654e-12, 3.74852102483e-12, 3.43003099881e-12, 6.22949044779e-12, 8.44251404897e-12, 4.41055568803e-12, 1.09471925882e-12, 4.52313235694e-13], "median": [0.00109238759615, 0.00447496492416, 0.0030362540856, 0.00112072576303, 0.000367825763533, 0.000211445789319, 9.35093776206e-05, 4.98758126923e-05, 4.33015557064e-05, 4.35166366515e-05, 4.85007767566e-05, 2.69859883701e-05, 2.1389032554e-05, 1.34347756102e-05, 1.09963430077e-05, 1.7024229237e-05, 2.0153425794e-05, 1.10058272185e-05, 9.29865836952e-06, 7.93874551164e-06, 1.24099760797e-05, 1.13925480036e-05, 6.03382977715e-06, 4.38064125774e-06, 5.5522027651e-06, 6.82579866407e-06, 6.82644122207e-06, 5.57715247851e-06, 6.01082228968e-06, 5.2895893532e-06, 2.55686768469e-06, 1.91139451999e-06, 1.40374925195e-06, 1.03102036064e-06, 8.22062133921e-07, 7.74721115704e-07, 7.33237925488e-07, 5.79740060402e-07, 3.84341717563e-07, 2.21243567466e-07]}, "silence_rate_60dB": {"dmean": 0.0106489853933, "dmean2": 0.021300110966, "max": 1, "dvar": 0.0105365822092, "mean": 0.0363636352122, "dvar2": 0.0264767669141, "min": 0, "var": 0.0350389145315, "median": 0}, "spectral_energyband_middle_high": {"dmean": 0.00121470505837, "dmean2": 0.00185389188118, "max": 0.048887308687, "dvar": 4.2599876906e-06, "mean": 0.00374592817388, "dvar2": 9.44806743064e-06, "min": 1.18155086562e-21, "var": 2.24922587222e-05, "median": 0.00214321678504}, "erbbands_skewness": {"dmean": 0.291661739349, "dmean2": 0.462430208921, "max": 5.07698488235, "dvar": 0.0858834087849, "mean": 0.293713927269, "dvar2": 0.205378800631, "min": -3.26226949692, "var": 0.523529946804, "median": 0.184403598309}, "dynamic_complexity": 2.33450603485, "dissonance": {"dmean": 0.0114333182573, "dmean2": 0.0193256027997, "max": 0.500000119209, "dvar": 0.000127751816763, "mean": 0.47982531786, "dvar2": 0.000345546170138, "min": 0.347464710474, "var": 0.000227317563258, "median": 0.483679682016}, "spectral_skewness": {"dmean": 0.214370384812, "dmean2": 0.343266397715, "max": 5.77669525146, "dvar": 0.0836408510804, "mean": 1.39073467255, "dvar2": 0.203354895115, "min": -0.0751538425684, "var": 0.328538835049, "median": 1.20951581001}, "spectral_kurtosis": {"dmean": 1.53339922428, "dmean2": 2.5257358551, "max": 54.4529457092, "dvar": 6.55474615097, "mean": 3.94439435005, "dvar2": 16.756975174, "min": -1.26985490322, "var": 14.9586906433, "median": 2.72451305389}, "gfcc": {"cov": [[20629.2070313, -268.21282959, -2030.37451172, 1102.55151367, -1145.07385254, 462.458343506, -817.428100586, 67.8449707031, -772.418518066, -41.9294242859, -477.081878662, -116.581954956, -219.477218628], [-268.21282959, 1434.00317383, -5.52894115448, -159.696380615, 248.048049927, -214.769836426, 170.100418091, -84.3329849243, 116.004486084, -104.469970703, 94.3479156494, -117.229682922, 76.1208343506], [-2030.37451172, -5.52894115448, 552.351501465, -84.4307098389, 74.1193695068, 20.2330818176, 59.9970436096, 13.2563667297, 84.9511795044, 7.33044052124, 30.3555202484, 18.4234371185, -19.1830921173], [1102.55151367, -159.696380615, -84.4307098389, 221.845458984, -103.424179077, 55.2316894531, -47.7842903137, -3.34764790535, -28.9395465851, 10.5688152313, -34.9677467346, 1.55202019215, -12.6052112579], [-1145.07385254, 248.048049927, 74.1193695068, -103.424179077, 208.361724854, -70.1028366089, 94.6464157104, -17.9033851624, 58.9971160889, -9.15166854858, 44.4091110229, -11.7174663544, 31.7411880493], [462.458343506, -214.769836426, 20.2330818176, 55.2316894531, -70.1028366089, 132.967468262, -30.5416545868, 28.52942276, -26.5165882111, 10.5459814072, -13.4326887131, 13.3729562759, -31.8290786743], [-817.428100586, 170.100418091, 59.9970436096, -47.7842903137, 94.6464157104, -30.5416545868, 131.124206543, -7.42558574677, 49.4409866333, -7.59403419495, 31.7581939697, 1.55558133125, 17.3139858246], [67.8449707031, -84.3329849243, 13.2563667297, -3.34764790535, -17.9033851624, 28.52942276, -7.42558574677, 62.362575531, 5.86978149414, 19.1659851074, -3.60909175873, 7.34349012375, -6.77732944489], [-772.418518066, 116.004486084, 84.9511795044, -28.9395465851, 58.9971160889, -26.5165882111, 49.4409866333, 5.86978149414, 94.0875244141, 9.97657012939, 31.4282112122, -5.2454252243, 11.3223543167], [-41.9294242859, -104.469970703, 7.33044052124, 10.5688152313, -9.15166854858, 10.5459814072, -7.59403419495, 19.1659851074, 9.97657012939, 58.1383934021, 8.31123733521, 21.4632949829, -4.86769390106], [-477.081878662, 94.3479156494, 30.3555202484, -34.9677467346, 44.4091110229, -13.4326887131, 31.7581939697, -3.60909175873, 31.4282112122, 8.31123733521, 58.1679801941, 8.29416561127, 11.9841794968], [-116.581954956, -117.229682922, 18.4234371185, 1.55202019215, -11.7174663544, 13.3729562759, 1.55558133125, 7.34349012375, -5.2454252243, 21.4632949829, 8.29416561127, 56.1775550842, 8.99547100067], [-219.477218628, 76.1208343506, -19.1830921173, -12.6052112579, 31.7411880493, -31.8290786743, 17.3139858246, -6.77732944489, 11.3223543167, -4.86769390106, 11.9841794968, 8.99547100067, 47.327709198]], "mean": [-5.07173442841, 104.092132568, -96.8587493896, 52.2629508972, -46.5527954102, 13.7051181793, -31.5619888306, 3.25363087654, -28.8948898315, -0.999470472336, -20.4865150452, -8.00769996643, -9.72053432465], "icov": [[0.000254373328062, -0.000511336605996, 0.000610079034232, -0.000648842076771, 0.000318998791045, -0.000570604868699, 0.000670298933983, -0.000486391829327, 0.000889037328307, -0.000313284690492, 0.000913613243029, -0.00053242535796, 0.000788909150288], [-0.000511336605996, 0.00262473663315, -0.00110323936678, 0.00145543110557, -0.0007787742652, 0.00236843037419, -0.00220040348358, 0.00144809181802, -0.00225732824765, 0.00221057492308, -0.00367858097889, 0.00377822481096, -0.00254414929077], [0.000610079034232, -0.00110323936678, 0.00396766187623, -0.000774545769673, 0.000243309768848, -0.00220589991659, 0.00147836760152, -0.000898718310054, -0.000381810154067, 1.85800381587e-05, 0.00253084721044, -0.00266409222968, 0.00364802544937], [-0.000648842076771, 0.00145543110557, -0.000774545769673, 0.00857624504715, 0.00185199419502, -0.000967587518971, -0.0020071642939, 0.0040295580402, -0.0037894891575, -0.00102699128911, 0.000187365105376, 0.00245230738074, -0.00367366126738], [0.000318998791045, -0.0007787742652, 0.000243309768848, 0.00185199419502, 0.010906801559, 0.000822239555418, -0.00369930500165, 0.000907536770683, 4.38915485574e-05, -0.00160443515051, -0.000807651143987, 0.00207683630288, -0.0023205676116], [-0.000570604868699, 0.00236843037419, -0.00220589991659, -0.000967587518971, 0.000822239555418, 0.0147848781198, -0.00238942052238, -0.00366333080456, 0.000322841806337, 0.00346003402956, -0.00561409583315, 0.000648250745144, 0.00371103431098], [0.000670298933983, -0.00220040348358, 0.00147836760152, -0.0020071642939, -0.00369930500165, -0.00238942052238, 0.0151024721563, -0.00151265074965, -0.00127415149473, 0.00121826422401, 0.00170968985185, -0.00534787774086, 0.00285829068162], [-0.000486391829327, 0.00144809181802, -0.000898718310054, 0.0040295580402, 0.000907536770683, -0.00366333080456, -0.00151265074965, 0.0223102197051, -0.00520299840719, -0.00553182326257, 0.00116255762987, 0.00236194953322, -0.00326738459989], [0.000889037328307, -0.00225732824765, -0.000381810154067, -0.0037894891575, 4.38915485574e-05, 0.000322841806337, -0.00127415149473, -0.00520299840719, 0.0224319864064, -0.00551659846678, -0.00254856212996, 0.0024720907677, 0.00073975964915], [-0.000313284690492, 0.00221057492308, 1.85800381587e-05, -0.00102699128911, -0.00160443515051, 0.00346003402956, 0.00121826422401, -0.00553182326257, -0.00551659846678, 0.0270203948021, -0.00646357983351, -0.00700173620135, 0.00395722081885], [0.000913613243029, -0.00367858097889, 0.00253084721044, 0.000187365105376, -0.000807651143987, -0.00561409583315, 0.00170968985185, 0.00116255762987, -0.00254856212996, -0.00646357983351, 0.031133485958, -0.00819701328874, 0.00115549063776], [-0.00053242535796, 0.00377822481096, -0.00266409222968, 0.00245230738074, 0.00207683630288, 0.000648250745144, -0.00534787774086, 0.00236194953322, 0.0024720907677, -0.00700173620135, -0.00819701328874, 0.0316848680377, -0.0128929922357], [0.000788909150288, -0.00254414929077, 0.00364802544937, -0.00367366126738, -0.0023205676116, 0.00371103431098, 0.00285829068162, -0.00326738459989, 0.00073975964915, 0.00395722081885, 0.00115549063776, -0.0128929922357, 0.0343064330518]]}, "spectral_complexity": {"dmean": 4.08016872406, "dmean2": 6.39787006378, "max": 60, "dvar": 17.2715129852, "mean": 22.0476150513, "dvar2": 40.6356430054, "min": 0, "var": 194.667633057, "median": 18}, "spectral_flux": {"dmean": 0.0284437220544, "dmean2": 0.0438982360065, "max": 0.299311906099, "dvar": 0.000704898498952, "mean": 0.0963112711906, "dvar2": 0.00149194977712, "min": 6.27941865172e-11, "var": 0.00181768636685, "median": 0.0923258587718}, "spectral_energyband_low": {"dmean": 0.011417221278, "dmean2": 0.0189618077129, "max": 0.112148329616, "dvar": 0.000135031266836, "mean": 0.0232597887516, "dvar2": 0.000378383119823, "min": 1.05770675276e-23, "var": 0.000213041072129, "median": 0.020773390308}, "spectral_decrease": {"dmean": 3.51242390728e-09, "dmean2": 5.81750203565e-09, "max": 1.2380387091e-27, "dvar": 1.2345879919e-17, "mean": -1.00759507404e-08, "dvar2": 3.41392493488e-17, "min": -3.61890499789e-08, "var": 2.48404819492e-17, "median": -9.77833458649e-09}, "barkbands_spread": {"dmean": 4.5899977684, "dmean2": 7.29629898071, "max": 116.091995239, "dvar": 25.4524879456, "mean": 17.6221351624, "dvar2": 63.4025611877, "min": 0.296418398619, "var": 162.878417969, "median": 15.1395616531}, "spectral_rms": {"dmean": 0.00104287720751, "dmean2": 0.00170478946529, "max": 0.0118644032627, "dvar": 9.05253216388e-07, "mean": 0.00596243143082, "dvar2": 2.47436355494e-06, "min": 3.10655841329e-12, "var": 3.23688095705e-06, "median": 0.00614060368389}, "spectral_centroid": {"dmean": 231.541183472, "dmean2": 372.087463379, "max": 11871.9013672, "dvar": 68332, "mean": 1171.53967285, "dvar2": 161724.265625, "min": 144.063644409, "var": 1349922.75, "median": 993.809570313}, "barkbands_skewness": {"dmean": 0.664754390717, "dmean2": 1.05827522278, "max": 17.0478439331, "dvar": 0.470594912767, "mean": 2.82661032677, "dvar2": 1.21544384956, "min": -2.33133101463, "var": 2.40622735023, "median": 2.69900107384}, "spectral_rolloff": {"dmean": 305.531677246, "dmean2": 515.039611816, "max": 19573.6816406, "dvar": 300104.0625, "mean": 882.020568848, "dvar2": 733525.375, "min": 64.599609375, "var": 3830787.75, "median": 322.998046875}, "erbbands_spread": {"dmean": 9.20945739746, "dmean2": 14.1602859497, "max": 151.889450073, "dvar": 81.1023254395, "mean": 56.0544776917, "dvar2": 186.785522461, "min": 6.93483924866, "var": 392.024475098, "median": 54.351600647}, "barkbands": {"dmean": [0.000110032087832, 0.00459042191505, 0.00731079699472, 0.00422886759043, 0.0027835664805, 0.000937960750889, 0.000308466958813, 0.000275455211522, 0.000392975576688, 0.000296903250273, 0.000238302716753, 0.000271652213996, 0.000214202547795, 0.000299000384985, 0.000241529283812, 0.000166056619491, 0.00018573696434, 0.000107363128336, 0.000150703868712, 0.000157039801707, 0.000155378889758, 6.28592897556e-05, 3.86777028325e-05, 4.73590080219e-05, 1.70970706677e-05, 9.41922735365e-06, 1.87780062788e-06], "dmean2": [0.000177080873982, 0.00774763990194, 0.012060791254, 0.00714146671817, 0.00450736377388, 0.00153962231707, 0.00051500229165, 0.000445338635473, 0.000628002628218, 0.000480065966258, 0.000392630317947, 0.000444146950031, 0.000350704387529, 0.000484249088913, 0.000374903145712, 0.000276843988104, 0.000311740674078, 0.000174106957274, 0.000251050136285, 0.000259302410996, 0.000259301072219, 0.000100394740002, 5.9119422076e-05, 6.95009875926e-05, 2.47892112384e-05, 1.32707509692e-05, 2.79493929156e-06], "max": [0.00236084242351, 0.0998432189226, 0.0749456658959, 0.0754074752331, 0.0475540272892, 0.0257733892649, 0.019209889695, 0.0250139683485, 0.025751747191, 0.0110092312098, 0.0199290215969, 0.0248218607157, 0.0140623534098, 0.0339576341212, 0.0322320237756, 0.011813131161, 0.0139076253399, 0.00453076697886, 0.00478580361232, 0.00808795541525, 0.00476257968694, 0.00294272578321, 0.000959708238952, 0.00247294269502, 0.000909058318939, 0.0011448051082, 0.000475059263408], "dvar": [4.37695852895e-08, 3.68523396901e-05, 5.50314216525e-05, 3.33288226102e-05, 1.19453025036e-05, 1.87033970178e-06, 2.61053543227e-07, 3.92255998349e-07, 8.64275591539e-07, 3.42183028579e-07, 3.43620484955e-07, 7.29802366095e-07, 3.01320426388e-07, 6.8753109872e-07, 8.15006160337e-07, 1.98178227606e-07, 1.32529677899e-07, 5.12695237376e-08, 6.33282013496e-08, 7.23128863456e-08, 6.52979466054e-08, 1.1264811306e-08, 3.06734060374e-09, 7.58943130563e-09, 1.02008934633e-09, 7.34170946259e-10, 8.518345751e-11], "mean": [0.000110070315714, 0.00708963349462, 0.0122138503939, 0.00625670189038, 0.00603133160621, 0.00165850424673, 0.000481183349621, 0.000420710013714, 0.000616087869275, 0.000478021480376, 0.000337462872267, 0.000422877812525, 0.000318063102895, 0.000489570316859, 0.000399838812882, 0.000298679369735, 0.000361627258826, 0.000215989202843, 0.000340352096828, 0.000385707855457, 0.000394131871872, 0.000147602826473, 9.60562683758e-05, 0.000120052522107, 4.62310345029e-05, 2.44405800913e-05, 2.49162235377e-06], "dvar2": [9.9430884859e-08, 0.000100366392871, 0.000149880404933, 9.10609596758e-05, 3.14718708978e-05, 4.89247440782e-06, 6.52524875022e-07, 9.69315578914e-07, 2.06011213777e-06, 8.39289441501e-07, 8.51727918416e-07, 1.94386484509e-06, 7.53792903652e-07, 1.60279012107e-06, 1.87494219972e-06, 5.27501583747e-07, 3.6678383708e-07, 1.28363410568e-07, 1.68376445231e-07, 1.84715901241e-07, 1.7644954653e-07, 2.75936340444e-08, 6.99199587118e-09, 1.53409533965e-08, 2.22496865376e-09, 1.44398659696e-09, 1.50764137286e-10], "min": [3.40140059037e-25, 4.40126167179e-24, 1.81944629465e-25, 6.74987551653e-25, 7.99120356838e-24, 3.79695201433e-24, 7.51348439253e-24, 9.36331351704e-24, 1.40133819183e-23, 2.19638991967e-23, 1.20708766258e-23, 2.28899272361e-23, 3.73925496438e-23, 2.98636075218e-23, 4.40363835192e-23, 5.295838458e-23, 6.52525356633e-23, 8.71666561591e-23, 1.24769926328e-22, 1.74808055122e-22, 2.58048317053e-22, 3.36087385533e-22, 3.50040504789e-22, 5.83813968823e-22, 9.21912785581e-22, 1.32509275324e-21, 1.93769320313e-21], "var": [4.59400020247e-08, 4.2831965402e-05, 9.25803542486e-05, 4.59915718238e-05, 2.87076563836e-05, 3.50734126187e-06, 3.38581997994e-07, 5.60171827146e-07, 1.3964667005e-06, 6.26544363058e-07, 4.60769484789e-07, 1.36049732191e-06, 4.62470666207e-07, 1.30507794438e-06, 1.68064775607e-06, 3.52511449364e-07, 2.95284877438e-07, 1.44699328075e-07, 1.85111105111e-07, 2.34796246446e-07, 2.11481776091e-07, 3.37388108562e-08, 1.30203510196e-08, 3.27868185934e-08, 4.29426050275e-09, 2.57540899717e-09, 1.69028485653e-10], "median": [3.57367935067e-05, 0.0055123292841, 0.0100833326578, 0.00422946596518, 0.00463996082544, 0.00110463332385, 0.000341849576216, 0.000258985179244, 0.000287509436021, 0.000248360069236, 0.000166433805134, 0.000114717608085, 0.000144657416968, 0.000196344277356, 0.000119514923426, 0.000140939140692, 0.000189632715774, 9.53061098699e-05, 0.000177635709406, 0.000196265435079, 0.000214822634007, 8.76127596712e-05, 5.47034469491e-05, 5.55969127163e-05, 2.23947645281e-05, 7.84881376603e-06, 2.87857204739e-07]}, "melbands_kurtosis": {"dmean": 14.9328193665, "dmean2": 24.0975456238, "max": 352.234771729, "dvar": 371.287628174, "mean": 37.2493362427, "dvar2": 977.85168457, "min": -1.66899180412, "var": 1097.2130127, "median": 29.0950813293}, "erbbands_crest": {"dmean": 1.95587909222, "dmean2": 3.2148141861, "max": 23.9949417114, "dvar": 3.89326286316, "mean": 6.61903953552, "dvar2": 10.1184597015, "min": 1.86168241501, "var": 9.35498809814, "median": 5.8327870369}, "melbands_skewness": {"dmean": 0.952915549278, "dmean2": 1.51735556126, "max": 15.2217721939, "dvar": 0.74816018343, "mean": 4.67395448685, "dvar2": 1.96245718002, "min": -0.244219094515, "var": 3.21348357201, "median": 4.57300281525}, "spectral_energyband_middle_low": {"dmean": 0.00630837259814, "dmean2": 0.0104265650734, "max": 0.0887751057744, "dvar": 5.74228288315e-05, "mean": 0.0157438740134, "dvar2": 0.000157012313139, "min": 1.74914494546e-22, "var": 0.000107486521301, "median": 0.0139854289591}, "spectral_contrast_coeffs": {"dmean": [0.0530748516321, 0.04691234231, 0.0361193791032, 0.026294419542, 0.0179390143603, 0.0197527743876], "dmean2": [0.0887010097504, 0.0781850963831, 0.0599397197366, 0.0437346808612, 0.0300263967365, 0.0320446901023], "max": [-0.369819045067, -0.470192581415, -0.569824397564, -0.618868112564, -0.63272100687, -0.600026190281], "dvar": [0.00188305415213, 0.00134954473469, 0.000826568051707, 0.000473297492135, 0.000216956424993, 0.000389987777453], "mean": [-0.61184668541, -0.76458388567, -0.803969740868, -0.818678200245, -0.820811271667, -0.747208952904], "dvar2": [0.00523248035461, 0.00374950049445, 0.00222676573321, 0.00123558589257, 0.00058641738724, 0.000993833411485], "min": [-0.978516936302, -0.996443450451, -0.998782455921, -0.988428533077, -0.989136278629, -0.96548396349], "var": [0.00634692842141, 0.00369142601267, 0.0026054806076, 0.00214121257886, 0.0011284033535, 0.00182941614185], "median": [-0.606772422791, -0.767911314964, -0.808361709118, -0.826146304607, -0.821189463139, -0.742940366268]}, "spectral_contrast_valleys": {"dmean": [0.400592446327, 0.358298361301, 0.333305120468, 0.291025459766, 0.261948496103, 0.288388520479], "dmean2": [0.666897594929, 0.585254788399, 0.531504094601, 0.453242480755, 0.392989337444, 0.39461606741], "max": [-5.13967609406, -4.87570333481, -5.35571718216, -5.72718667984, -5.52312517166, -8.13630771637], "dvar": [0.120016746223, 0.108904391527, 0.10978525877, 0.104762107134, 0.120520792902, 0.139645427465], "mean": [-6.75001239777, -6.87270689011, -7.41226387024, -7.73672056198, -7.46683454514, -10.3159322739], "dvar2": [0.292826771736, 0.245882183313, 0.237030521035, 0.210925236344, 0.241647660732, 0.29050219059], "min": [-28.3230876923, -27.9186306, -27.6658992767, -27.5851211548, -27.5666923523, -27.4390792847], "var": [4.72761964798, 4.66990041733, 4.52157068253, 4.49560880661, 4.88946962357, 4.21528625488], "median": [-6.44150066376, -6.54758930206, -7.11469316483, -7.42146062851, -7.09568023682, -9.75416088104]}, "silence_rate_20dB": {"dmean": 0, "dmean2": 0, "max": 1, "dvar": 0, "mean": 1, "dvar2": 0, "min": 1, "var": 0, "median": 1}, "silence_rate_30dB": {"dmean": 0.000200924245291, "dmean2": 0.000401888886699, "max": 1, "dvar": 0.000200871538254, "mean": 0.999899566174, "dvar2": 0.000602622458246, "min": 0, "var": 0.000100438861409, "median": 1}, "spectral_strongpeak": {"dmean": 0.250727713108, "dmean2": 0.43404135108, "max": 7.83350563049, "dvar": 0.155029416084, "mean": 0.486006557941, "dvar2": 0.429407119751, "min": 0, "var": 0.157130435109, "median": 0.407459467649}, "spectral_spread": {"dmean": 439865.8125, "dmean2": 655488.0625, "max": 45192988, "dvar": 462989066240, "mean": 4902674, "dvar2": 983603150848, "min": 1309624.625, "var": 13906449793000.0, "median": 4549999.5}, "barkbands_flatness_db": {"dmean": 0.0245947651565, "dmean2": 0.0382354073226, "max": 0.42057466507, "dvar": 0.000560256594326, "mean": 0.158435672522, "dvar2": 0.001327906386, "min": 0.029505873099, "var": 0.00413894560188, "median": 0.145175904036}, "pitch_salience": {"dmean": 0.0828941315413, "dmean2": 0.137290000916, "max": 0.996085941792, "dvar": 0.00517534604296, "mean": 0.545750796795, "dvar2": 0.0139370355755, "min": 0.098600640893, "var": 0.0123030086979, "median": 0.559627234936}, "erbbands_kurtosis": {"dmean": 0.61042958498, "dmean2": 0.972233474255, "max": 32.8774108887, "dvar": 1.02744317055, "mean": -0.269982069731, "dvar2": 2.31415438652, "min": -1.84488344193, "var": 2.59116053581, "median": -0.703088223934}, "average_loudness": 0.959253430367, "barkbands_crest": {"dmean": 2.56533575058, "dmean2": 4.28509950638, "max": 25.502696991, "dvar": 4.66262102127, "mean": 10.7365446091, "dvar2": 12.7685823441, "min": 2.91741991043, "var": 12.0496959686, "median": 10.2391614914}, "hfc": {"dmean": 4.47401618958, "dmean2": 6.85781002045, "max": 128.16859436, "dvar": 32.5293502808, "mean": 19.0523834229, "dvar2": 73.39087677, "min": 1.05578997428e-16, "var": 251.802810669, "median": 14.5559206009}, "barkbands_kurtosis": {"dmean": 6.45864677429, "dmean2": 10.3553667068, "max": 469.088623047, "dvar": 189.502670288, "mean": 13.4350919724, "dvar2": 479.003173828, "min": -1.8914411068, "var": 433.493682861, "median": 7.75531578064}, "erbbands": {"dmean": [0.0932231843472, 1.23542177677, 6.84608650208, 11.871925354, 12.3147954941, 8.26164150238, 6.26557350159, 8.12957859039, 5.88726949692, 4.08067464828, 5.87372398376, 8.50283527374, 11.7076225281, 6.44105005264, 8.80741405487, 10.6728315353, 8.59202194214, 15.7759132385, 11.1063461304, 9.85691833496, 9.51925849915, 9.40228652954, 6.01886081696, 6.29210567474, 8.09524536133, 7.69826030731, 7.49592590332, 4.42830610275, 2.64087724686, 1.41360783577, 1.0776758194, 1.22626912594, 0.685175597668, 0.23995693028, 0.110284112394, 0.0548254884779, 0.015646956861, 0.00291753793135, 0.000360870762961, 2.03335093829e-05], "dmean2": [0.156828463078, 2.09670734406, 11.3398895264, 19.8123950958, 20.3584423065, 13.4283504486, 10.1352615356, 13.4700832367, 9.83820343018, 6.51920461655, 9.6374912262, 13.57421875, 18.785161972, 10.409078598, 14.4448862076, 17.2080364227, 13.9179458618, 25.3764057159, 17.2158927917, 15.4543781281, 15.7601575851, 15.6296815872, 9.74859905243, 10.4943180084, 13.4553575516, 12.6805477142, 12.511929512, 7.42190694809, 4.28709697723, 2.2035946846, 1.64726042747, 1.84818279743, 1.01522827148, 0.354480296373, 0.158689245582, 0.0791358724236, 0.0228166356683, 0.00416182586923, 0.000541882182006, 3.2236584957e-05], "max": [2.31561732292, 23.987991333, 67.6790084839, 183.898620605, 206.110961914, 167.281280518, 164.50958252, 315.56854248, 326.155273438, 271.529663086, 570.974243164, 745.395874023, 411.022125244, 395.412719727, 964.805664063, 628.748352051, 615.390563965, 1992.38391113, 1260.4909668, 916.141601563, 682.201477051, 512.909240723, 305.310150146, 262.834503174, 263.766845703, 425.639007568, 315.118347168, 142.393280029, 154.588577271, 28.6187114716, 26.9203739166, 44.9062843323, 36.7682762146, 13.1175508499, 5.7242641449, 6.05359888077, 2.30857491493, 0.403676062822, 0.103354781866, 0.00217739469372], "dvar": [0.0227758772671, 2.44463920593, 48.0990257263, 216.154510498, 261.374633789, 112.67918396, 74.1916351318, 149.432846069, 94.2648925781, 67.5234680176, 218.361053467, 439.748535156, 551.731140137, 155.355453491, 636.657043457, 1058.04882813, 446.505065918, 1833.39624023, 1671.74743652, 1096.75378418, 392.404693604, 333.263916016, 173.534805298, 104.285072327, 196.868545532, 176.932449341, 151.495193481, 55.8955688477, 22.215713501, 4.03456830978, 2.5559053421, 5.13505506516, 1.59953463078, 0.186891525984, 0.052113942802, 0.025480536744, 0.00220754230395, 0.000112489629828, 4.00876069762e-06, 1.78053971567e-09], "mean": [0.12106526643, 1.99068677425, 11.6747894287, 20.6944293976, 22.9182415009, 17.1776180267, 12.2857894897, 13.5804004669, 9.25504684448, 6.99312067032, 9.1734495163, 13.6120710373, 19.8506221771, 11.5872812271, 13.435210228, 17.3358058929, 14.5105819702, 26.898853302, 19.2132854462, 18.4284038544, 19.3966464996, 19.4983615875, 12.9819555283, 13.8663721085, 18.5310211182, 19.0066432953, 18.671628952, 11.1443481445, 6.09323692322, 3.43313312531, 2.67343139648, 2.88205742836, 1.69162583351, 0.637709200382, 0.287218779325, 0.140068888664, 0.037739418447, 0.00577561138198, 0.000494214007631, 5.73307843297e-05], "dvar2": [0.0589084178209, 6.78630208969, 132.082015991, 597.528564453, 698.517333984, 288.286834717, 188.457687378, 401.301330566, 246.434539795, 150.452194214, 571.851501465, 1050.94763184, 1361.77905273, 361.065246582, 1593.03479004, 2781.83300781, 1124.85852051, 4228.87597656, 3844.65576172, 2608.61767578, 1104.9901123, 924.448913574, 439.749816895, 275.340423584, 518.305541992, 453.907104492, 406.277587891, 149.766479492, 54.7116889954, 9.63572597504, 5.68125581741, 10.8008565903, 3.38076543808, 0.423119902611, 0.113913357258, 0.0554086491466, 0.00437171384692, 0.000208326222491, 7.0098553806e-06, 3.39584427245e-09], "min": [6.38152437158e-23, 2.66957295598e-22, 1.53483766556e-21, 3.19842369125e-21, 1.1696277316e-20, 1.86538533913e-20, 3.28243523196e-20, 4.77964086485e-20, 1.04362069163e-19, 1.67692709996e-19, 2.61958432322e-19, 3.50420125558e-19, 6.54549052689e-19, 8.6266417929e-19, 8.95951374705e-19, 9.44863805096e-19, 1.69271428139e-18, 1.60959793267e-18, 1.96087051955e-18, 2.33343535578e-18, 3.60937944182e-18, 4.41287125599e-18, 5.21205800866e-18, 5.5101321288e-18, 7.74208462433e-18, 9.03200247926e-18, 7.65314864642e-18, 1.01769097825e-17, 1.11101283322e-17, 1.108457176e-17, 1.08815088458e-17, 1.0585985337e-17, 1.01284758761e-17, 8.16583270853e-18, 6.73868434922e-18, 4.22289351188e-18, 2.44130549792e-18, 9.5567857122e-19, 2.46407514354e-19, 2.77555995522e-20], "var": [0.0232097823173, 2.86225605011, 72.0467529297, 328.008209229, 512.228210449, 260.399230957, 158.063842773, 229.475509644, 114.068031311, 123.485862732, 260.295349121, 657.89642334, 1097.48413086, 303.8777771, 900.119262695, 2200.39868164, 730.237121582, 3684.51586914, 2907.90454102, 2615.13500977, 970.222595215, 831.164001465, 508.00100708, 301.594543457, 580.6171875, 565.262451172, 503.200714111, 171.292922974, 61.5759544373, 14.8317775726, 10.8558588028, 19.6101226807, 6.33131408691, 0.755869925022, 0.201766565442, 0.0801458507776, 0.00660171546042, 0.000258216285147, 7.99911140348e-06, 4.15156620193e-09], "median": [0.0748418644071, 1.60962796211, 10.0442562103, 16.1628246307, 15.8913211823, 12.5818223953, 8.88129234314, 9.23424053192, 6.41915798187, 4.60791921616, 5.80645227432, 6.73387861252, 9.84161663055, 7.11671829224, 5.92121553421, 5.15684175491, 7.10526561737, 10.9906311035, 7.33098363876, 6.49030399323, 10.0067911148, 10.3105106354, 5.8089184761, 7.14892530441, 9.9203414917, 9.34343147278, 10.2394151688, 6.0240240097, 3.55769228935, 2.11985421181, 1.48148322105, 1.30332517624, 0.811267614365, 0.326638907194, 0.126949682832, 0.0492223091424, 0.0110235074535, 0.00131550733931, 7.55714499974e-05, 4.9255482736e-05]}, "spectral_energy": {"dmean": 0.0135249299929, "dmean2": 0.02237800695, "max": 0.144283175468, "dvar": 0.000183582378668, "mean": 0.0397573523223, "dvar2": 0.000506335694809, "min": 9.89197264115e-21, "var": 0.000385233783163, "median": 0.0386496894062}, "zerocrossingrate": {"dmean": 0.0070939110592, "dmean2": 0.00924064777792, "max": 0.5263671875, "dvar": 6.3664483605e-05, "mean": 0.0463510602713, "dvar2": 0.000102551355667, "min": 0.00244140625, "var": 0.00272186473012, "median": 0.03955078125}, "spectral_energyband_high": {"dmean": 0.00029105055728, "dmean2": 0.000447928556241, "max": 0.00948555488139, "dvar": 1.82263590887e-07, "mean": 0.00