{"tonal": {"chords_key": "F", "hpcp_entropy": {"dmean": 0.744055449963, "dmean2": 1.25694310665, "max": 4.62698411942, "dvar": 0.339193403721, "mean": 2.56522107124, "dvar2": 0.98124152422, "min": 0, "var": 0.707605302334, "median": 2.60177230835}, "key_key": "A", "chords_strength": {"dmean": 0.0119895599782, "dmean2": 0.0152224712074, "max": 0.783653438091, "dvar": 9.5232782769e-05, "mean": 0.497373491526, "dvar2": 0.000152006410644, "min": 0.231113910675, "var": 0.0116960797459, "median": 0.496078491211}, "key_scale": "minor", "chords_number_rate": 0.00215940317139, "thpcp": [1, 0.633471906185, 0.366429805756, 0.530553758144, 0.49909311533, 0.340721726418, 0.317636787891, 0.353498578072, 0.401686698198, 0.499551326036, 0.632897019386, 0.768446922302, 0.75001257658, 0.593509078026, 0.444040179253, 0.337159723043, 0.281221717596, 0.255242913961, 0.279637277126, 0.323364168406, 0.379324734211, 0.491658389568, 0.595906972885, 0.522722482681, 0.357609689236, 0.302864432335, 0.305252492428, 0.327878385782, 0.326386988163, 0.27347278595, 0.227251976728, 0.202261641622, 0.211042627692, 0.277681052685, 0.307141929865, 0.648516476154], "key_strength": 0.565903127193, "tuning_nontempered_energy_ratio": 0.829394936562, "tuning_frequency": 434.193115234, "chords_changes_rate": 0.0908912420273, "tuning_diatonic_strength": 0.577621519566, "chords_scale": "major", "chords_histogram": [11.5233612061, 1.21711814404, 0, 0, 0.0785237550735, 0.176678448915, 5.57518672943, 0, 0.0588928163052, 1.78641533852, 0, 0, 2.39497447014, 8.57872009277, 13.4079313278, 0.294464081526, 6.59599542618, 1.57047510147, 0.294464081526, 0, 0.235571265221, 9.38358879089, 0.922654092312, 35.9049873352], "tuning_equal_tempered_deviation": 0.207197546959, "hpcp": {"dmean": [0.254298269749, 0.2224522084, 0.182677701116, 0.142383053899, 0.117415823042, 0.105040811002, 0.118986211717, 0.134714618325, 0.143538892269, 0.172694921494, 0.179065614939, 0.172913774848, 0.137396603823, 0.11831997335, 0.119191356003, 0.119620315731, 0.117372438312, 0.107606120408, 0.0916374921799, 0.0821515023708, 0.0815448239446, 0.0947909727693, 0.0931630283594, 0.184216737747, 0.288177549839, 0.182119771838, 0.125441730022, 0.141419917345, 0.148405209184, 0.124389961362, 0.131267607212, 0.149447783828, 0.167993038893, 0.20831002295, 0.242827191949, 0.256155371666], "dmean2": [0.456202983856, 0.403814584017, 0.337759792805, 0.263180404902, 0.215363740921, 0.191817775369, 0.217043295503, 0.24520625174, 0.258991956711, 0.306832909584, 0.316454023123, 0.308315336704, 0.248524218798, 0.215252250433, 0.215126037598, 0.215336874127, 0.21098844707, 0.195894092321, 0.166994392872, 0.149907395244, 0.147311091423, 0.165124207735, 0.166878730059, 0.331437915564, 0.534649968147, 0.32984817028, 0.220676511526, 0.244817256927, 0.258485138416, 0.22283180058, 0.238689795136, 0.27541282773, 0.308753609657, 0.381135314703, 0.440367937088, 0.463324010372], "max": [1, 1, 1, 1, 1, 1, 1, 1, 1, 1, 1, 1, 1, 1, 1, 1, 1, 1, 1, 1, 1, 1, 1, 1, 1, 1, 1, 1, 1, 1, 1, 1, 1, 1, 1, 1], "dvar": [0.082411788404, 0.0790352299809, 0.07047316432, 0.0571588799357, 0.043056409806, 0.0382726080716, 0.0431756190956, 0.0502371191978, 0.0462666600943, 0.0546099282801, 0.0571824386716, 0.0578797534108, 0.0425240062177, 0.0384551100433, 0.040071118623, 0.0409623831511, 0.0412530712783, 0.0391958579421, 0.0336797423661, 0.0285234227777, 0.0234957560897, 0.0266470499337, 0.0283662695438, 0.0439851917326, 0.129177302122, 0.0422927737236, 0.0334086492658, 0.0409282371402, 0.0435515493155, 0.0334138646722, 0.0436287112534, 0.0561184063554, 0.061096791178, 0.0760379955173, 0.0830173790455, 0.0858598053455], "mean": [0.235910221934, 0.186683356762, 0.139669150114, 0.106050789356, 0.088455952704, 0.0802845433354, 0.0879575833678, 0.101711519063, 0.119313441217, 0.154647067189, 0.187437593937, 0.164418011904, 0.112483158708, 0.0952634960413, 0.0960146337748, 0.103131428361, 0.102662317455, 0.0860185921192, 0.0714802220464, 0.0636197179556, 0.0663817077875, 0.0873422697186, 0.0966089442372, 0.203985482454, 0.314541697502, 0.199253335595, 0.115257449448, 0.166881278157, 0.156985595822, 0.107171192765, 0.0999100133777, 0.11119004339, 0.126347213984, 0.157129719853, 0.199072510004, 0.241708606482], "dvar2": [0.22455959022, 0.217654556036, 0.193030595779, 0.159522220492, 0.121143780649, 0.108102716506, 0.122380159795, 0.140458837152, 0.125997528434, 0.148853495717, 0.149398460984, 0.157930493355, 0.12004224956, 0.105835802853, 0.111684508622, 0.112671211362, 0.112790375948, 0.108812220395, 0.0938947126269, 0.0798301994801, 0.065025433898, 0.0700509548187, 0.0696451067924, 0.110595963895, 0.318675845861, 0.107270471752, 0.0898165479302, 0.102690957487, 0.114953398705, 0.0892484560609, 0.118474498391, 0.153995469213, 0.168751329184, 0.208142787218, 0.224975973368, 0.221169680357], "min": [0, 0, 0, 0, 0, 0, 0, 0, 0, 0, 0, 0, 0, 0, 0, 0, 0, 0, 0, 0, 0, 0, 0, 0, 0, 0, 0, 0, 0, 0, 0, 0, 0, 0, 0, 0], "var": [0.0914230048656, 0.0757194235921, 0.0573372393847, 0.0422877036035, 0.0319841504097, 0.0285721309483, 0.0317277237773, 0.039671368897, 0.0416674539447, 0.0550843253732, 0.074868068099, 0.0674113556743, 0.0370679609478, 0.0326561369002, 0.0337456390262, 0.0393405072391, 0.0405149199069, 0.0329280272126, 0.0273254513741, 0.0221079867333, 0.0204758271575, 0.0310783945024, 0.0407245010138, 0.0577446445823, 0.161480784416, 0.0559514947236, 0.0341683514416, 0.0677465647459, 0.0581040009856, 0.033013921231, 0.0355908684433, 0.0445601753891, 0.0502462275326, 0.0656147450209, 0.0805542990565, 0.101017341018], "median": [0.0872780233622, 0.0549327433109, 0.0328229144216, 0.024186257273, 0.019230466336, 0.0161840319633, 0.0172608159482, 0.0191572718322, 0.0285542719066, 0.0472380667925, 0.0561764612794, 0.0426236689091, 0.0311303772032, 0.0221192352474, 0.021620053798, 0.0228867679834, 0.0207024235278, 0.0142862536013, 0.0105417286977, 0.0113311093301, 0.0149863883853, 0.0194642469287, 0.0208836868405, 0.0667591243982, 0.0647358596325, 0.0707583203912, 0.0333893783391, 0.0446617603302, 0.0431972555816, 0.0302468799055, 0.021788880229, 0.0229349806905, 0.0268857739866, 0.0351050645113, 0.0592033267021, 0.0829620063305]}}, "lowlevel": {"melbands_flatness_db": {"dmean": 0.0522944331169, "dmean2": 0.078867085278, "max": 0.85131329298, "dvar": 0.00246614497155, "mean": 0.305480390787, "dvar2": 0.00562074966729, "min": 0.00350918830372, "var": 0.00805427227169, "median": 0.302338123322}, "melbands_crest": {"dmean": 4.96188688278, "dmean2": 7.87623119354, "max": 39.3397369385, "dvar": 19.6037807465, "mean": 19.2811508179, "dvar2": 40.4448127747, "min": 1.63284707069, "var": 68.7104110718, "median": 17.3019561768}, "spectral_entropy": {"dmean": 0.256429225206, "dmean2": 0.399164199829, "max": 9.81951141357, "dvar": 0.0742841884494, "mean": 7.29817485809, "dvar2": 0.184788018465, "min": 4.21188688278, "var": 0.232191875577, "median": 7.3925948143}, "melbands": {"dmean": [0.00846674758941, 0.00146084511653, 0.000868540490046, 0.000931223446969, 0.000653066555969, 0.00029787645326, 0.000166732643265, 0.000159061455633, 6.58960052533e-05, 4.63368669443e-05, 2.87067177851e-05, 2.37992298935e-05, 3.6408790038e-05, 2.48448359343e-05, 2.18414425035e-05, 3.32575255015e-05, 1.88587946468e-05, 1.40678430398e-05, 1.20169816e-05, 1.36639555421e-05, 9.02560441318e-06, 9.37039203563e-06, 8.90619230631e-06, 1.72102991201e-05, 1.14352169476e-05, 1.08788281068e-05, 1.27462408273e-05, 8.75638124853e-06, 4.66377105113e-06, 2.12739428207e-06, 9.72007569544e-07, 6.26691303296e-07, 4.6147229682e-07, 3.26453147181e-07, 2.03861446835e-07, 1.19658878361e-07, 6.50727471907e-08, 5.3594170879e-08, 5.18568654684e-08, 2.8805423824e-08], "dmean2": [0.0131010161713, 0.00237784325145, 0.00143770617433, 0.00150406255852, 0.00103943329304, 0.000465945835458, 0.000270789721981, 0.000272972596576, 0.000109228109068, 7.54161374061e-05, 4.64456934424e-05, 3.88434964407e-05, 6.36601980659e-05, 4.03783742513e-05, 3.56074415322e-05, 5.39049651707e-05, 3.16352161462e-05, 2.34367071243e-05, 1.89448073797e-05, 2.2425352654e-05, 1.40234469654e-05, 1.5120952412e-05, 1.42902354128e-05, 2.85677542706e-05, 1.8083717805e-05, 1.74334945768e-05, 2.03646450245e-05, 1.31742972371e-05, 7.09263213139e-06, 3.22568803313e-06, 1.46813533775e-06, 9.63450020208e-07, 6.87737951921e-07, 4.8647444828e-07, 3.04926572881e-07, 1.82834611451e-07, 1.03574066657e-07, 8.76186092569e-08, 8.5684725093e-08, 4.76139767613e-08], "max": [0.194286063313, 0.0308816172183, 0.0262505169958, 0.0309686977416, 0.0220601074398, 0.0104332193732, 0.00949144177139, 0.00450130039826, 0.00395068526268, 0.00251675536856, 0.00126756052487, 0.000756766123232, 0.00102112849709, 0.000564691377804, 0.000777365115937, 0.00298362318426, 0.00279309577309, 0.000752008520067, 0.000429911218816, 0.000517345382832, 0.000447124242783, 0.000603703199886, 0.00048967654584, 0.000649525492918, 0.000450532883406, 0.000557240913622, 0.000555307720788, 0.000870962569024, 0.000289877934847, 0.000132730041514, 0.000110385321022, 5.26763033122e-05, 9.82688725344e-05, 9.91994820652e-05, 3.0688730476e-05, 1.43582201417e-05, 4.13477982875e-06, 1.46762122313e-05, 8.11695372249e-06, 7.08359266355e-07], "dvar": [0.000436328467913, 4.81860615764e-06, 2.16372018258e-06, 2.80374024442e-06, 1.94062999981e-06, 4.39440924538e-07, 1.39027775958e-07, 1.00710863649e-07, 1.69930505223e-08, 1.20271748116e-08, 3.50457085574e-09, 3.27105764697e-09, 8.77789485543e-09, 2.50152965009e-09, 1.72378999963e-09, 9.25009580044e-09, 5.18251974668e-09, 1.61736268822e-09, 1.22341958786e-09, 1.71297442897e-09, 5.07449804399e-10, 4.82276552027e-10, 4.85178841547e-10, 1.71348746303e-09, 6.45322240089e-10, 6.14960082856e-10, 8.39583957912e-10, 8.00701671633e-10, 1.75327322105e-10, 3.26278101759e-11, 1.04497747261e-11, 3.83378875521e-12, 4.25001743867e-12, 2.96765650248e-12, 6.77986692395e-13, 1.23795315362e-13, 2.35350628553e-14, 4.55900000097e-14, 2.08116571123e-14, 2.88512402615e-15], "mean": [0.00956735759974, 0.00203250185587, 0.00118306255899, 0.00117567612324, 0.000802882481366, 0.000440872245235, 0.00023279483139, 0.000191890649148, 8.0531470303e-05, 5.39391148777e-05, 3.44058353221e-05, 2.58769523498e-05, 3.38066129189e-05, 2.85438782157e-05, 2.631584357e-05, 3.40590377164e-05, 1.94263029698e-05, 1.67261605384e-05, 1.49631850945e-05, 1.47145783558e-05, 1.14308777484e-05, 1.06113602669e-05, 9.78404659691e-06, 1.7583661247e-05, 1.22633437059e-05, 1.24456819321e-05, 1.57747545018e-05, 9.7467627711e-06, 5.38879385203e-06, 2.5557162644e-06, 1.16394778615e-06, 7.33111676254e-07, 5.66577568861e-07, 4.00979843107e-07, 2.52607293305e-07, 1.47851025645e-07, 7.37415248864e-08, 5.41508669016e-08, 5.17075449125e-08, 2.92404678248e-08], "dvar2": [0.00100891105831, 1.16871860882e-05, 5.19098239238e-06, 6.6673414949e-06, 4.68165535494e-06, 9.19966680613e-07, 3.34453631012e-07, 2.81070214214e-07, 4.1923446048e-08, 2.93661770456e-08, 8.21032930531e-09, 8.12555178697e-09, 2.38016930609e-08, 6.01342309281e-09, 4.19148760145e-09, 2.25788667763e-08, 1.29921140513e-08, 4.3703285435e-09, 2.98140467869e-09, 4.44964332047e-09, 1.13878950714e-09, 1.14846465671e-09, 1.13838705129e-09, 4.29034452409e-09, 1.50357004625e-09, 1.4420249439e-09, 1.89914506343e-09, 1.76902714699e-09, 3.89467763595e-10, 6.99971677842e-11, 2.29253994261e-11, 7.94991936864e-12, 8.65247977433e-12, 5.8199564959e-12, 1.23078912513e-12, 2.61952297961e-13, 5.41890039514e-14, 1.25183446508e-13, 5.01635611847e-14, 7.20908216749e-15], "min": [1.26380831967e-24, 1.59406217663e-24, 4.24461164538e-24, 3.53312537319e-24, 2.90156096588e-24, 2.45178915976e-24, 2.31199768254e-24, 3.91072863383e-24, 3.40075135785e-24, 3.77312802056e-24, 2.2461970195e-24, 3.11754516528e-24, 3.62030278625e-24, 3.89411680088e-24, 2.6579522381e-24, 4.62522638253e-24, 3.0143909523e-24, 4.56898257214e-24, 6.65457894982e-24, 4.53468211112e-24, 6.31727267637e-24, 5.51551271205e-24, 5.85038889948e-24, 5.32924214195e-24, 3.59083883144e-24, 6.11583704422e-24, 6.806060754e-24, 6.15937624973e-24, 4.20452173418e-24, 6.58595593967e-24, 5.80187040394e-24, 5.52117831107e-24, 6.50798650552e-24, 4.87565106575e-24, 6.47977605069e-24, 6.74291243854e-24, 7.36083428535e-24, 7.48252633517e-24, 7.0099592099e-24, 7.91112787561e-24], "var": [0.00049222423695, 6.88609543431e-06, 3.09257302433e-06, 3.44254749507e-06, 2.3326608698e-06, 9.9807573406e-07, 2.11538903727e-07, 1.06769590502e-07, 1.99534753165e-08, 1.43159706312e-08, 4.38807479242e-09, 3.38785755005e-09, 7.11354175564e-09, 2.93733282142e-09, 2.11633954805e-09, 8.69056204778e-09, 4.53433735004e-09, 1.52770718298e-09, 1.46904477472e-09, 1.66133884427e-09, 6.91409152154e-10, 5.72191738435e-10, 5.51179657471e-10, 1.66710567573e-09, 7.71872621375e-10, 7.0312328182e-10, 1.1215494089e-09, 1.09659648029e-09, 2.41360542663e-10, 4.68164049194e-11, 1.38658364304e-11, 5.64656784871e-12, 6.08856801781e-12, 4.21618772881e-12, 1.11251893115e-12, 1.95883253736e-13, 3.18250674837e-14, 3.75267545716e-14, 2.57200080596e-14, 3.33175751121e-15], "median": [0.00261828908697, 0.00113604112994, 0.00059001025511, 0.000563714304008, 0.00027112965472, 0.000122408513562, 7.33193955966e-05, 6.96118731867e-05, 3.41991435562e-05, 1.62987726071e-05, 1.11025146907e-05, 7.80624577601e-06, 7.14026373316e-06, 1.01251498563e-05, 1.02590747701e-05, 8.40013672132e-06, 4.76419199913e-06, 5.21991887581e-06, 3.71634541807e-06, 2.60350611825e-06, 2.64570894615e-06, 2.12485792872e-06, 2.46480999522e-06, 5.05249363414e-06, 2.87752004624e-06, 3.97817075282e-06, 5.4151491895e-06, 1.14647355076e-06, 8.34406364447e-07, 4.49045586493e-07, 2.16096182726e-07, 1.49777818592e-07, 1.02982951944e-07, 7.40317176451e-08, 5.46846052885e-08, 3.96841777217e-08, 2.20172609033e-08, 1.35780426902e-08, 1.27401671435e-08, 8.26238810703e-09]}, "silence_rate_60dB": {"dmean": 0.00962104834616, "dmean2": 0.0192439854145, "max": 1, "dvar": 0.00952782668173, "mean": 0.0622361823916, "dvar2": 0.0233889464289, "min": 0, "var": 0.0583647601306, "median": 0}, "spectral_energyband_middle_high": {"dmean": 0.00194736814592, "dmean2": 0.00296652573161, "max": 0.0561403445899, "dvar": 1.62803517014e-05, "mean": 0.00258210068569, "dvar2": 3.81721183658e-05, "min": 1.29930545823e-21, "var": 2.04142725124e-05, "median": 0.00105347472709}, "erbbands_skewness": {"dmean": 0.625723361969, "dmean2": 0.930678367615, "max": 10.2819929123, "dvar": 0.465922236443, "mean": 0.405712306499, "dvar2": 0.993822276592, "min": -7.47951889038, "var": 1.5365241766, "median": 0.447330147028}, "dynamic_complexity": 3.53860735893, "dissonance": {"dmean": 0.0166210643947, "dmean2": 0.0278899986297, "max": 0.500000178814, "dvar": 0.000345137697877, "mean": 0.472843050957, "dvar2": 0.000962895224802, "min": 0.238286525011, "var": 0.000744778080843, "median": 0.480499237776}, "spectral_skewness": {"dmean": 0.324559301138, "dmean2": 0.498664349318, "max": 9.50973701477, "dvar": 0.169665768743, "mean": 2.07944083214, "dvar2": 0.437254458666, "min": -0.0808298364282, "var": 0.603771984577, "median": 1.94322919846}, "spectral_kurtosis": {"dmean": 3.29752540588, "dmean2": 5.26996088028, "max": 128.353790283, "dvar": 32.4370613098, "mean": 11.6225585938, "dvar2": 87.798576355, "min": -1.28922140598, "var": 57.2380065918, "median": 9.95064163208}, "gfcc": {"cov": [[14208.9912109, -49.7560119629, -1541.4621582, 32.2884140015, 85.3046035767, -877.416137695, 135.046737671, -271.479125977, -127.265510559, -127.358100891, 93.5498809814, -27.0121097565, -51.0976371765], [-49.7560119629, 1076.35083008, 99.7521438599, -401.278259277, -21.601064682, -13.4448871613, -108.523155212, -54.2251663208, -10.3828868866, 5.74387550354, 39.6152839661, -109.508590698, 56.7446975708], [-1541.4621582, 99.7521438599, 670.172363281, 74.7304077148, -152.429656982, 298.00479126, -102.879600525, 148.636032104, -72.2460479736, 57.717590332, -1.46182501316, 2.42697000504, 17.1117401123], [32.2884140015, -401.278259277, 74.7304077148, 474.027740479, 190.999649048, 0.536108672619, 137.407058716, 27.4193706512, -16.5820713043, -38.9349327087, -6.22025537491, 55.8750915527, -38.7237129211], [85.3046035767, -21.601064682, -152.429656982, 190.999649048, 300.150024414, -20.4403076172, 95.2600479126, -31.6135845184, 14.7403793335, -50.9145317078, 3.14905881882, -9.02407836914, -5.10457420349], [-877.416137695, -13.4448871613, 298.00479126, 0.536108672619, -20.4403076172, 389.891693115, -58.6767730713, 151.642120361, -46.741558075, 56.1162567139, -28.9248657227, 13.1213550568, 21.5858745575], [135.046737671, -108.523155212, -102.879600525, 137.407058716, 95.2600479126, -58.6767730713, 225.814422607, -36.9203720093, 40.7398338318, -22.6065807343, 17.0988674164, 28.749288559, -26.3287849426], [-271.479125977, -54.2251663208, 148.636032104, 27.4193706512, -31.6135845184, 151.642120361, -36.9203720093, 221.566070557, 28.7053031921, 51.2156600952, 9.13564300537, 18.4880504608, 23.3680839539], [-127.265510559, -10.3828868866, -72.2460479736, -16.5820713043, 14.7403793335, -46.741558075, 40.7398338318, 28.7053031921, 147.14289856, 40.6697845459, 4.25516557693, 23.1561450958, -7.87617874146], [-127.358100891, 5.74387550354, 57.717590332, -38.9349327087, -50.9145317078, 56.1162567139, -22.6065807343, 51.2156600952, 40.6697845459, 89.610496521, 33.6515808105, 11.6973323822, 16.5400218964], [93.5498809814, 39.6152839661, -1.46182501316, -6.22025537491, 3.14905881882, -28.9248657227, 17.0988674164, 9.13564300537, 4.25516557693, 33.6515808105, 80.3643875122, 20.7279167175, 2.64373540878], [-27.0121097565, -109.508590698, 2.42697000504, 55.8750915527, -9.02407836914, 13.1213550568, 28.749288559, 18.4880504608, 23.1561450958, 11.6973323822, 20.7279167175, 69.8216018677, 11.4230604172], [-51.0976371765, 56.7446975708, 17.1117401123, -38.7237129211, -5.10457420349, 21.5858745575, -26.3287849426, 23.3680839539, -7.87617874146, 16.5400218964, 2.64373540878, 11.4230604172, 67.2326507568]], "mean": [-44.0644798279, 107.884437561, -79.2720031738, 26.2153549194, -13.420126915, -22.179643631, -4.7835354805, -10.1153316498, -11.6837978363, -1.68785011768, 3.43797588348, -4.22006607056, -7.54283857346], "icov": [[0.000132545741508, -0.000228079603403, 0.000674143433571, -0.000629058631603, 0.000632965005934, -0.00013871063129, 0.000123618825455, -9.39191086218e-05, 0.000189696380403, 1.57367667271e-05, -0.000254526268691, 0.000279479747405, -8.61387889017e-05], [-0.000228079603403, 0.00299830548465, -0.00349133904092, 0.00504782050848, -0.00432142429054, 0.00188613100909, -0.000810321245808, 0.000141815005918, 9.09682203201e-05, -5.72855169594e-05, 0.000131438660901, 5.19779896422e-05, -0.000197490808205], [0.000674143433571, -0.00349133904092, 0.0109778055921, -0.0124547742307, 0.0133135169744, -0.00868345238268, 0.0031672550831, 0.00166126410477, -0.00445359898731, 0.00680678663775, -0.00934890005738, 0.0100031001493, -0.00557504268363], [-0.000629058631603, 0.00504782050848, -0.0124547742307, 0.0212475005537, -0.0205337554216, 0.0128015615046, -0.0055237156339, -0.00524265645072, 0.0114609785378, -0.0130325164646, 0.0161107759923, -0.0186145510525, 0.0117371985689], [0.000632965005934, -0.00432142429054, 0.0133135169744, -0.0205337554216, 0.0256165023893, -0.0151612078771, 0.00382933230139, 0.0058801099658, -0.0140825146809, 0.0191011093557, -0.0204407777637, 0.022317353636, -0.0141552854329], [-0.00013871063129, 0.00188613100909, -0.00868345238268, 0.0128015615046, -0.0151612078771, 0.0161123536527, -0.00358881172724, -0.00744256936014, 0.0139893488958, -0.0177012085915, 0.0189350936562, -0.0176711827517, 0.0109946075827], [0.000123618825455, -0.000810321245808, 0.0031672550831, -0.0055237156339, 0.00382933230139, -0.00358881172724, 0.00794219039381, 0.00241840491071, -0.00514379842207, 0.00543042365462, -0.00631697662175, 0.00330350338481, -0.00174851040356], [-9.39191086218e-05, 0.000141815005918, 0.00166126410477, -0.00524265645072, 0.0058801099658, -0.00744256936014, 0.00241840491071, 0.0102723948658, -0.0088680293411, 0.00701713049784, -0.00934868399054, 0.00849548820406, -0.00726179825142], [0.000189696380403, 9.09682203201e-05, -0.00445359898731, 0.0114609785378, -0.0140825146809, 0.0139893488958, -0.00514379842207, -0.0088680293411, 0.0256470292807, -0.0249076932669, 0.02255448699, -0.0223233178258, 0.0153473010287], [1.57367667271e-05, -5.72855169594e-05, 0.00680678663775, -0.0130325164646, 0.0191011093557, -0.0177012085915, 0.00543042365462, 0.00701713049784, -0.0249076932669, 0.0444176085293, -0.0332072637975, 0.0256373975426, -0.0192525796592], [-0.000254526268691, 0.000131438660901, -0.00934890005738, 0.0161107759923, -0.0204407777637, 0.0189350936562, -0.00631697662175, -0.00934868399054, 0.02255448699, -0.0332072637975, 0.0440313741565, -0.0316743142903, 0.0189603362232], [0.000279479747405, 5.19779896422e-05, 0.0100031001493, -0.0186145510525, 0.022317353636, -0.0176711827517, 0.00330350338481, 0.00849548820406, -0.0223233178258, 0.0256373975426, -0.0316743142903, 0.0479658730328, -0.0232161805034], [-8.61387889017e-05, -0.000197490808205, -0.00557504268363, 0.0117371985689, -0.0141552854329, 0.0109946075827, -0.00174851040356, -0.00726179825142, 0.0153473010287, -0.0192525796592, 0.0189603362232, -0.0232161805034, 0.0301218945533]]}, "spectral_complexity": {"dmean": 5.24032974243, "dmean2": 7.46686315536, "max": 60, "dvar": 42.1014595032, "mean": 14.624423027, "dvar2": 79.5915985107, "min": 0, "var": 124.234916687, "median": 11}, "spectral_flux": {"dmean": 0.0467088371515, "dmean2": 0.0753764733672, "max": 0.590691328049, "dvar": 0.00368434283882, "mean": 0.124239683151, "dvar2": 0.00894938688725, "min": 6.58517892993e-11, "var": 0.0080432575196, "median": 0.102830737829}, "spectral_energyband_low": {"dmean": 0.0289417337626, "dmean2": 0.0433613806963, "max": 0.629198431969, "dvar": 0.0043643466197, "mean": 0.0368014015257, "dvar2": 0.00971899740398, "min": 2.1712654887e-23, "var": 0.00564440852031, "median": 0.0126186227426}, "spectral_decrease": {"dmean": 9.01412722243e-09, "dmean2": 1.30417046051e-08, "max": 2.28003102509e-10, "dvar": 3.03770525901e-16, "mean": -1.41400580134e-08, "dvar2": 6.56736143044e-16, "min": -1.68679179069e-07, "var": 4.837954145e-16, "median": -7.17477321999e-09}, "barkbands_spread": {"dmean": 7.11923360825, "dmean2": 10.9018964767, "max": 114.488037109, "dvar": 104.911682129, "mean": 15.1355009079, "dvar2": 208.576538086, "min": 0.107394993305, "var": 253.673309326, "median": 8.96647453308}, "spectral_rms": {"dmean": 0.00181620276999, "dmean2": 0.00248693581671, "max": 0.0249849185348, "dvar": 5.00009718962e-06, "mean": 0.00628649024293, "dvar2": 9.3195694717e-06, "min": 3.16985608768e-12, "var": 1.62639225891e-05, "median": 0.00552301341668}, "spectral_centroid": {"dmean": 363.117401123, "dmean2": 536.080383301, "max": 11719.4501953, "dvar": 208862.1875, "mean": 1143.19995117, "dvar2": 347684.15625, "min": 64.2319946289, "var": 784688.4375, "median": 836.246276855}, "barkbands_skewness": {"dmean": 1.31810986996, "dmean2": 2.01704144478, "max": 19.8983879089, "dvar": 2.49645376205, "mean": 3.30749583244, "dvar2": 5.74141263962, "min": -2.23879408836, "var": 6.60023355484, "median": 2.72128677368}, "spectral_rolloff": {"dmean": 1735.54345703, "dmean2": 3241.45629883, "max": 21985.4003906, "dvar": 22245934, "mean": 2146.18310547, "dvar2": 58961308, "min": 21.533203125, "var": 24458138, "median": 409.130859375}, "erbbands_spread": {"dmean": 11.9366989136, "dmean2": 18.9110355377, "max": 156.250808716, "dvar": 146.300338745, "mean": 42.5318832397, "dvar2": 348.425537109, "min": 1.21619582176, "var": 383.03427124, "median": 41.2507896423}, "barkbands": {"dmean": [0.0118154818192, 0.0209513790905, 0.00171307544224, 0.0020153503865, 0.00442195078358, 0.00165317731444, 0.000832907098811, 0.000557330204174, 0.000304939108901, 0.000165290315636, 0.00025266155717, 0.000214947620407, 0.000316726713208, 0.000164792916621, 0.000167618389241, 0.000167378908372, 0.000151686443132, 0.000318403588608, 0.000298106868286, 0.000269435055088, 8.66604968905e-05, 2.67118575721e-05, 1.25735368783e-05, 5.17034686709e-06, 3.15396982842e-06, 6.0749516706e-06, 9.72453417489e-05], "dmean2": [0.0164525453001, 0.0334995426238, 0.00288963946514, 0.0033899913542, 0.0070883189328, 0.00258837896399, 0.00139137927908, 0.000943476625253, 0.000494017149322, 0.000270747288596, 0.000439307157649, 0.000351974507794, 0.000514140236191, 0.000279179832432, 0.000264677713858, 0.000268306495855, 0.000242621565121, 0.000520303205121, 0.000477594294352, 0.000401869183406, 0.000128236148157, 3.9986178308e-05, 1.85823137144e-05, 8.2817969087e-06, 5.20353751199e-06, 9.25506446947e-06, 0.000147697486682], "max": [0.357277572155, 0.47579407692, 0.0313330478966, 0.0763569772243, 0.112249538302, 0.0639539584517, 0.039918884635, 0.0162427835166, 0.0157835949212, 0.0053883921355, 0.0070554302074, 0.00503797503188, 0.0283273234963, 0.0229744873941, 0.0070489202626, 0.00542328320444, 0.0104924589396, 0.012877587229, 0.0131950462237, 0.0183717980981, 0.00560266897082, 0.00409080646932, 0.0017183914315, 0.000710607331712, 0.000112274152343, 0.00053220812697, 0.00249495101161], "dvar": [0.000864499656018, 0.0025022784248, 6.29237501926e-06, 1.44271634781e-05, 5.98989754508e-05, 1.32279919853e-05, 3.17250714943e-06, 1.04382797872e-06, 4.91047330797e-07, 1.22767190192e-07, 4.10016639307e-07, 1.87669201068e-07, 7.12372241196e-07, 3.74955504867e-07, 2.30606516993e-07, 2.04980082685e-07, 1.27058342514e-07, 5.65504194583e-07, 4.47471819598e-07, 5.41268548204e-07, 5.50043033343e-08, 9.49183309729e-09, 2.34711561298e-09, 1.76244158157e-10, 3.47527596978e-11, 2.20877982571e-10, 3.93359798068e-08], "mean": [0.0155065171421, 0.0227954033762, 0.00202913559042, 0.00238289101981, 0.00562187097967, 0.00241565797478, 0.00105841096956, 0.000686059589498, 0.000365297775716, 0.000190065780771, 0.000233972459682, 0.000251887686318, 0.000333956471877, 0.000179543727427, 0.000208676225157, 0.000191888510017, 0.000173369291588, 0.000335572840413, 0.000341965293046, 0.000328664988047, 0.000107595260488, 3.3042018913e-05, 1.60212348419e-05, 5.78953631702e-06, 3.21536208503e-06, 7.51313655201e-06, 0.000126144179376], "dvar2": [0.00174807442818, 0.00596723239869, 1.66806166817e-05, 3.47064160451e-05, 0.00014234718401, 2.82525488728e-05, 8.08048935141e-06, 2.80598146674e-06, 1.17666365895e-06, 2.98581966263e-07, 1.09241352675e-06, 4.41592874267e-07, 1.75028401372e-06, 9.75149418991e-07, 5.6636389445e-07, 5.00854525853e-07, 3.01460886476e-07, 1.38820973916e-06, 1.05717754195e-06, 1.12843008537e-06, 1.17765324603e-07, 1.88813480406e-08, 4.16675494108e-09, 4.36493563516e-10, 8.63724161637e-11, 4.27569035732e-10, 8.68902176876e-08], "min": [1.31684886174e-24, 5.32728655576e-24, 2.64426495905e-25, 8.26404057878e-24, 1.75745051483e-23, 8.79451088336e-24, 1.19632128895e-23, 1.20437405995e-23, 2.57823614757e-23, 2.11687068938e-23, 1.84928133949e-23, 3.2825609827e-23, 4.08087275711e-23, 5.76051350324e-23, 8.44939449251e-23, 9.52080139261e-23, 1.01877315387e-22, 1.18912930718e-22, 1.73133246622e-22, 2.64094248005e-22, 2.78827973525e-22, 3.64017176276e-22, 4.01338854656e-22, 6.01813628978e-22, 9.76682704033e-22, 1.25691851028e-21, 2.27787789433e-21], "var": [0.00147361773998, 0.00254953769036, 7.84485655458e-06, 1.85073204193e-05, 7.50716135371e-05, 2.86746908387e-05, 4.02601108362e-06, 1.24638711441e-06, 6.05418165378e-07, 1.37142592394e-07, 3.48919456883e-07, 2.30680910818e-07, 6.8152331778e-07, 3.28535662675e-07, 2.64363336555e-07, 2.31764374803e-07, 1.51436296392e-07, 5.77364517085e-07, 5.03747003222e-07, 8.50061553592e-07, 8.23756991508e-08, 1.43289966559e-08, 4.094264483e-09, 2.12691864121e-10, 4.05276506799e-11, 3.88958171227e-10, 5.77197774021e-08], "median": [0.00139208813198, 0.00739252800122, 0.00106353801675, 0.000971641740762, 0.00267784227617, 0.000699751602951, 0.000331649294822, 0.000265419483185, 0.000116582625196, 6.60320365569e-05, 4.69348706247e-05, 9.01229213923e-05, 9.15219570743e-05, 4.79842165078e-05, 5.5297234212e-05, 3.82920588891e-05, 3.70883390133e-05, 9.56458461587e-05, 0.000112123248982, 6.639817002e-05, 1.93734231289e-05, 6.53806682749e-06, 3.44349450643e-06, 1.73588728103e-06, 9.25628057757e-07, 2.2267370241e-06, 3.90109198634e-05]}, "melbands_kurtosis": {"dmean": 43.3723297119, "dmean2": 71.7288742065, "max": 2285.29443359, "dvar": 13148.1064453, "mean": 54.767375946, "dvar2": 34346.4375, "min": -1.90749168396, "var": 13579.1660156, "median": 20.9275493622}, "erbbands_crest": {"dmean": 2.95131063461, "dmean2": 4.81034374237, "max": 28.1896438599, "dvar": 7.39380931854, "mean": 8.92059993744, "dvar2": 18.4566326141, "min": 1.66146540642, "var": 17.5384597778, "median": 7.95976257324}, "melbands_skewness": {"dmean": 1.87127268314, "dmean2": 2.90563297272, "max": 38.7980690002, "dvar": 7.37672805786, "mean": 4.57829809189, "dvar2": 17.2694473267, "min": -2.40610599518, "var": 13.4851970673, "median": 3.59615325928}, "spectral_energyband_middle_low": {"dmean": 0.0075338142924, "dmean2": 0.0118100252002, "max": 0.161647245288, "dvar": 0.000116561030154, "mean": 0.0126014426351, "dvar2": 0.000267439783784, "min": 2.05338701337e-22, "var": 0.000194040461793, "median": 0.00793269556016}, "spectral_contrast_coeffs": {"dmean": [0.0614168643951, 0.051809258759, 0.0385856479406, 0.0346392020583, 0.0263538341969, 0.0476631708443], "dmean2": [0.0988299623132, 0.0851379781961, 0.0633356124163, 0.0553958006203, 0.0428302772343, 0.0733829811215], "max": [-0.337729394436, -0.410901784897, -0.609598994255, -0.632237255573, -0.591767370701, -0.337732493877], "dvar": [0.00236054137349, 0.00183687359095, 0.000972707464825, 0.000803299190011, 0.000545350194443, 0.00206578569487], "mean": [-0.693348407745, -0.769452393055, -0.836351037025, -0.829671382904, -0.809191942215, -0.758315563202], "dvar2": [0.00578948203474, 0.00476070912555, 0.00254696561024, 0.00201149866916, 0.00134797394276, 0.00451414519921], "min": [-0.974143087864, -0.980538606644, -0.974961578846, -0.991769850254, -0.979691445827, -0.962312042713], "var": [0.0075531071052, 0.00616101594642, 0.00276247691363, 0.00280482694507, 0.00277111772448, 0.0071491538547], "median": [-0.695499718189, -0.773815095425, -0.837508678436, -0.829200148582, -0.801473498344, -0.775535702705]}, "spectral_contrast_valleys": {"dmean": [0.440318822861, 0.501274466515, 0.509972929955, 0.446461200714, 0.431589245796, 0.724381089211], "dmean2": [0.699379563332, 0.788176357746, 0.789525449276, 0.680103182793, 0.624185621738, 1.15688586235], "max": [-4.69799041748, -4.62292861938, -5.13243770599, -5.40679836273, -5.44671201706, -8.92109298706], "dvar": [0.150010958314, 0.226601570845, 0.237984329462, 0.211886957288, 0.215701714158, 0.395230293274], "mean": [-6.68796491623, -6.83909273148, -7.6541595459, -8.00743103027, -7.81299543381, -11.3303155899], "dvar2": [0.334017723799, 0.505288004875, 0.527506768703, 0.467246264219, 0.461159050465, 1.00453305244], "min": [-27.9014511108, -28.1001014709, -27.5631961823, -27.476770401, -27.3909721375, -27.3527355194], "var": [1.59735643864, 1.82134664059, 1.76843607426, 1.80001974106, 2.01660752296, 1.57473099232], "median": [-6.47836112976, -6.59524106979, -7.51161384583, -7.86635017395, -7.68540859222, -11.2044649124]}, "silence_rate_20dB": {"dmean": 0.0261142738163, "dmean2": 0.0522336773574, "max": 1, "dvar": 0.0254331603646, "mean": 0.984588205814, "dvar2": 0.0709121897817, "min": 0, "var": 0.0151754030958, "median": 1}, "silence_rate_30dB": {"dmean": 0.0683290809393, "dmean2": 0.136671572924, "max": 1, "dvar": 0.0636524930596, "mean": 0.882889986038, "dvar2": 0.125061675906, "min": 0, "var": 0.103396840394, "median": 1}, "spectral_strongpeak": {"dmean": 0.408409386873, "dmean2": 0.711201012135, "max": 71.5455780029, "dvar": 3.81156897545, "mean": 0.477699488401, "dvar2": 10.3854970932, "min": 0, "var": 3.00253796577, "median": 0.233349993825}, "spectral_spread": {"dmean": 569752.25, "dmean2": 896232.75, "max": 49385456, "dvar": 526804353024, "mean": 3723306.5, "dvar2": 1193340174340.0, "min": 913606.5, "var": 2628330455040.0, "median": 3515267.5}, "barkbands_flatness_db": {"dmean": 0.0439976453781, "dmean2": 0.0667217150331, "max": 0.683440387249, "dvar": 0.00194039975759, "mean": 0.195210143924, "dvar2": 0.00445391563699, "min": 0.0223808959126, "var": 0.00596703030169, "median": 0.186681002378}, "pitch_salience": {"dmean": 0.103155218065, "dmean2": 0.161738693714, "max": 0.840331435204, "dvar": 0.00846098549664, "mean": 0.495095103979, "dvar2": 0.018374601379, "min": 0.0196522623301, "var": 0.0296923611313, "median": 0.528473258018}, "erbbands_kurtosis": {"dmean": 2.12781763077, "dmean2": 3.50670027733, "max": 159.981414795, "dvar": 37.8424606323, "mean": 1.23956573009, "dvar2": 102.917228699, "min": -1.90622746944, "var": 38.9134140015, "median": -0.308357954025}, "average_loudness": 0.935260295868, "barkbands_crest": {"dmean": 3.58488631248, "dmean2": 5.89017438889, "max": 25.9753398895, "dvar": 8.70625400543, "mean": 12.6885929108, "dvar2": 22.230638504, "min": 2.34287118912, "var": 23.6383552551, "median": 12.1832227707}, "hfc": {"dmean": 16.757610321, "dmean2": 25.6884059906, "max": 441.896911621, "dvar": 482.889160156, "mean": 42.0130233765, "dvar2": 1158.61767578, "min": 1.15024003743e-16, "var": 1306.28588867, "median": 32.5425682068}, "barkbands_kurtosis": {"dmean": 19.7954368591, "dmean2": 31.7419204712, "max": 859.161437988, "dvar": 1860.48474121, "mean": 27.7669944763, "dvar2": 4766.87597656, "min": -1.82733488083, "var": 2980.6159668, "median": 11.4929437637}, "erbbands": {"dmean": [1.26994800568, 2.30244803429, 1.95904266834, 4.485247612, 10.1497116089, 16.0803794861, 17.2201042175, 13.5492973328, 10.8132858276, 15.0716114044, 8.95715618134, 7.29687261581, 5.85312652588, 6.27355003357, 10.9130344391, 8.29433727264, 12.4336414337, 10.7460918427, 8.43230247498, 8.85451507568, 8.71241188049, 8.9085149765, 14.0034666061, 14.6626281738, 17.6287021637, 13.3618631363, 6.22653007507, 2.16222286224, 1.05078959465, 0.644951105118, 0.31951931119, 0.131135925651, 0.0784345939755, 0.0401617996395, 0.0211151149124, 0.0171632915735, 0.0110700558871, 0.011357174255, 0.01372046303, 0.00209916848689], "dmean2": [2.02939152718, 3.72444415092, 3.25578474998, 7.43368864059, 16.7028255463, 26.1235389709, 27.387140274, 21.15899086, 17.4530181885, 25.9347171783, 14.9585599899, 11.8309059143, 9.43969917297, 10.3028745651, 18.9242782593, 13.3352279663, 20.0798435211, 17.7776451111, 13.7556333542, 13.8266525269, 13.6680040359, 14.2368097305, 22.7970905304, 23.1455955505, 28.4435386658, 19.9120769501, 9.27242946625, 3.22733616829, 1.57798027992, 0.956215977669, 0.468722015619, 0.203001052141, 0.127839013934, 0.0661071538925, 0.0348795168102, 0.0281007811427, 0.0167625620961, 0.0165110696107, 0.0203620158136, 0.00325893540867], "max": [29.4783172607, 45.001449585, 33.9796142578, 155.909118652, 262.365203857, 525.167297363, 609.020019531, 520.983581543, 705.52947998, 461.7059021, 409.728363037, 380.237609863, 254.713287354, 190.879608154, 257.91897583, 246.38722229, 593.072631836, 1591.15527344, 455.656799316, 380.455810547, 339.245269775, 549.229919434, 685.866577148, 537.958068848, 585.038391113, 1102.43432617, 388.647827148, 172.878509521, 92.3780288696, 187.733963013, 39.8771476746, 10.836561203, 17.6029701233, 2.91791439056, 0.505077421665, 2.20181488991, 0.829336464405, 1.85284996033, 0.500372111797, 0.0594206899405], "dvar": [11.1576271057, 19.4115276337, 7.74484872818, 71.1293640137, 276.117004395, 1064.16162109, 1500.25073242, 950.954528809, 611.614196777, 965.652587891, 283.491790771, 295.252868652, 143.330718994, 232.97265625, 750.60534668, 246.063095093, 796.17755127, 1601.32592773, 526.574523926, 806.40032959, 522.107421875, 439.671691895, 1123.11608887, 1068.5300293, 1594.4888916, 1463.39306641, 285.974395752, 38.0216407776, 11.0376939774, 10.7125368118, 1.35688090324, 0.0987974330783, 0.0689598917961, 0.00617230962962, 0.0016072554281, 0.00188014074229, 0.000677725882269, 0.00152890756726, 0.000957323412877, 1.65808414749e-05], "mean": [1.2898734808, 2.76984238625, 2.57983255386, 5.58949184418, 13.2079057693, 18.748796463, 21.2992210388, 19.9375019073, 15.3822040558, 18.0400066376, 11.1364707947, 8.76148414612, 7.14355325699, 6.77845668793, 10.4683923721, 10.2056798935, 14.1720237732, 11.411110878, 10.5231018066, 10.7771921158, 10.5939540863, 10.1712903976, 15.3398265839, 16.0373401642, 21.0874328613, 15.8744878769, 7.52025032043, 2.67756319046, 1.28564727306, 0.812882184982, 0.404766649008, 0.160055682063, 0.0812631994486, 0.0414095446467, 0.0215160716325, 0.0179090034217, 0.0140618840232, 0.015229283832, 0.0176477693021, 0.00332673965022], "dvar2": [26.7339248657, 47.4892654419, 20.2377185822, 166.723342896, 694.434143066, 2542.56274414, 3595.83813477, 2008.25170898, 1458.93359375, 2701.79101562, 714.570373535, 710.48638916, 335.651428223, 581.307678223, 2030.77954102, 571.922241211, 1931.98962402, 3959.92895508, 1372.59472656, 2011.18371582, 1227.11694336, 1033.86950684, 2708.72509766, 2503.13842773, 3776.80981445, 3128.40307617, 613.969726562, 81.2192306519, 22.0211009979, 21.2598762512, 2.40204167366, 0.211236923933, 0.180176123977, 0.0149863949046, 0.00407386757433, 0.00458020251244, 0.00134715880267, 0.00281706778333, 0.00196243450046, 3.95663846575e-05], "min": [7.29225797577e-23, 1.4763581571e-21, 1.27717534761e-21, 1.5084632056e-20, 3.41500869658e-20, 4.47180333806e-20, 7.9152240731e-20, 1.0221645959e-19, 1.4501095231e-19, 3.72281009883e-19, 4.51664344198e-19, 5.12117236604e-19, 5.18078572182e-19, 8.89561301075e-19, 1.02199808702e-18, 1.53072109138e-18, 1.78051391994e-18, 1.96611277668e-18, 3.18131347482e-18, 4.94215311069e-18, 5.72691341989e-18, 5.39853016133e-18, 6.40038236793e-18, 5.24739351007e-18, 9.63820509989e-18, 1.12079986879e-17, 8.83319706366e-18, 1.01929223448e-17, 1.18876102792e-17, 1.07392751394e-17, 1.28014819015e-17, 1.15648187615e-17, 1.07543232091e-17, 1.02385744428e-17, 8.17429972928e-18, 4.19773150483e-18, 2.29309437769e-18, 1.15405798881e-18, 2.81961985979e-19, 3.30180515234e-20], "var": [10.9852848053, 21.8819999695, 10.5972003937, 96.4253997803, 380.634521484, 1172.49084473, 1849.08215332, 2068.56103516, 931.344970703, 988.190246582, 333.025939941, 360.850891113, 182.554168701, 238.033050537, 614.320678711, 320.56640625, 856.695007324, 1431.08056641, 548.584533691, 897.773925781, 638.317810059, 523.421203613, 1201.06066895, 1259.37683105, 1817.11889648, 2175.46972656, 421.551177979, 55.2829208374, 17.345281601, 15.1458616257, 2.36910152435, 0.157695427537, 0.0673197880387, 0.0076748309657, 0.00182229478378, 0.00227639707737, 0.00120620219968, 0.00262497877702, 0.00161070900504, 2.14440533455e-05], "median": [0.296172052622, 1.18603479862, 1.4898635149, 2.568557024, 5.99830961227, 7.72264575958, 6.87982606888, 5.55285644531, 4.9417219162, 6.48665094376, 4.87455224991, 2.919962883, 2.35551214218, 1.98962366581, 2.54609203339, 4.04577350616, 4.49782562256, 3.10663509369, 3.35732126236, 2.52889084816, 2.40692687035, 2.22214913368, 4.61259031296, 4.09405946732, 7.49963331223, 2.93571186066, 1.23474156857, 0.508908331394, 0.259249866009, 0.153932318091, 0.0923979580402, 0.0478435531259, 0.0217455886304, 0.0117351105437, 0.00611823378131, 0.00512005854398, 0.00431815860793, 0.00346793234348, 0.00424493616447, 0.00173939380329]}, "spectral_energy": {"dmean": 0.0346415750682, "dmean2": 0.0500175319612, "max": 0.63985234499, "dvar": 0.00430962722749, "mean": 0.0571783967316, "dvar2": 0.00931961182505, "min": 1.02991870328e-20, "var": 0.0069691115059, "median": 0.0312662683427}, "zerocrossingrate": {"dmean": 0.0300329402089, "dmean2": 0.0371433161199, "max": 0.609375, "dvar": 0.000763253658079, "mean": 0.123114459217, "dvar2": 0.00110072060488, "min": 0.00048828125, "var": 0.00605295039713, "median": 0.1162109375}, "spectral_energyband_high": {"dmean": 0.000354738265742, "dmean2": 0.000518786895555, "max": 0.0163346789777, "dvar": 7.324107969e-07, "mean": 0.000448754319223, "dv