{"tonal": {"chords_number_rate": 0.00108557986096, "thpcp": [1, 0.439037591219, 0.0622877068818, 0.0489771105349, 0.0388716831803, 0.152135640383, 0.278379797935, 0.163189202547, 0.0401027165353, 0.0512535721064, 0.0781121477485, 0.234304755926, 0.344954907894, 0.268350690603, 0.331485807896, 0.302262604237, 0.101282000542, 0.0433963835239, 0.0454779230058, 0.0717451423407, 0.312553018332, 0.456072747707, 0.21483835578, 0.0446964763105, 0.0411157496274, 0.0472105443478, 0.11521936208, 0.158637046814, 0.121991962194, 0.125661745667, 0.127903655171, 0.0912246778607, 0.0877406820655, 0.093330077827, 0.152446225286, 0.703276157379], "hpcp": {"dvar": [0.0190359074622, 0.0311446599662, 0.0279269479215, 0.0199373438954, 0.0283533558249, 0.0314547270536, 0.0373205207288, 0.0221478473395, 0.0116906194016, 0.00589079642668, 0.0049939523451, 0.00971703510731, 0.0125085236505, 0.00836613867432, 0.0056161978282, 0.00836061220616, 0.0134308254346, 0.0181805025786, 0.0266599319875, 0.02259176597, 0.021912464872, 0.0216155219823, 0.0149148683995, 0.0104351816699, 0.00814752466977, 0.0102520156652, 0.0213371347636, 0.0289996415377, 0.0138868885115, 0.00833532214165, 0.00711295381188, 0.00781525671482, 0.0131204351783, 0.0131782563403, 0.0268156863749, 0.0303438473493], "mean": [0.0755883604288, 0.0539118610322, 0.0518528930843, 0.0551561079919, 0.090092509985, 0.415621399879, 0.59097892046, 0.259461969137, 0.0368107222021, 0.028944440186, 0.0229723453522, 0.0899089574814, 0.164516597986, 0.0964413806796, 0.0236998591572, 0.0302897803485, 0.0461626313627, 0.138469174504, 0.203861087561, 0.158589601517, 0.195901125669, 0.178630828857, 0.0598555281758, 0.0256463475525, 0.0268764942884, 0.0423998646438, 0.18471224606, 0.269529372454, 0.126964941621, 0.0264146756381, 0.0242985412478, 0.0279004368931, 0.068092212081, 0.0937511473894, 0.0720946788788, 0.074263446033], "min": [0, 0, 0, 0, 0, 0, 0, 0, 0, 0, 0, 0, 0, 0, 0, 0, 0, 0, 0, 0, 5.28715008841e-06, 4.19847992816e-06, 2.77259755421e-06, 1.8618050035e-06, 2.18828927245e-06, 1.24204075291e-06, 0, 0, 0, 0, 0, 0, 0, 0, 0, 0], "median": [0.00146952550858, 0.0018188029062, 0.00951428432018, 0.0130221750587, 0.0275528207421, 0.43595674634, 0.653465867043, 0.243141084909, 0.00193628575653, 0.000334432726959, 0.000768796307966, 0.00548677751794, 0.00744204875082, 0.00486288405955, 0.00134508649353, 0.000709702901077, 0.00350603484549, 0.0588592998683, 0.096621401608, 0.0789081901312, 0.0377554707229, 0.0293763428926, 0.00869732908905, 0.000979091972113, 0.000628389185295, 0.00350271700881, 0.0859509110451, 0.141759946942, 0.0632486194372, 0.0015040099388, 0.000794822874013, 0.00199809251353, 0.00576833123341, 0.00629938580096, 0.00422294437885, 0.0021114742849], "dvar2": [0.0481997765601, 0.0933734849095, 0.0834546983242, 0.0572989881039, 0.0792683139443, 0.0814412534237, 0.0831054449081, 0.0591873154044, 0.0324613638222, 0.0159219522029, 0.0139586115256, 0.0252329036593, 0.0256072673947, 0.0200257748365, 0.0151761472225, 0.0228736810386, 0.0355820581317, 0.0440958552063, 0.0593657158315, 0.0590380355716, 0.0513896681368, 0.0523668974638, 0.0419328995049, 0.02919501625, 0.0222453009337, 0.0266203917563, 0.0487407147884, 0.0596793815494, 0.0354354083538, 0.022924521938, 0.0191787034273, 0.0207257587463, 0.0324131436646, 0.0316195264459, 0.0769847109914, 0.0902840346098], "var": [0.0468652099371, 0.029048813507, 0.0202141739428, 0.0169749110937, 0.0276956111193, 0.0944954231381, 0.155404046178, 0.0405695550144, 0.0128148524091, 0.0144175095484, 0.00869315024465, 0.0323765426874, 0.109975203872, 0.03856959939, 0.00894004106522, 0.0167376995087, 0.0195611380041, 0.0391395278275, 0.06686873734, 0.0379004254937, 0.0907773002982, 0.0811336413026, 0.0171532481909, 0.0110571300611, 0.0137406233698, 0.0142722753808, 0.053532011807, 0.0908846855164, 0.026071947068, 0.0113674579188, 0.0118096079677, 0.0100264409557, 0.0290761236101, 0.0478533692658, 0.0278382543474, 0.0448373183608], "dmean2": [0.081240773201, 0.108137823641, 0.107939340174, 0.0993168950081, 0.168778151274, 0.252737998962, 0.211529582739, 0.199099972844, 0.0741015821695, 0.0372250899673, 0.033784262836, 0.0610223077238, 0.0599658153951, 0.0579921416938, 0.0345925092697, 0.0426115170121, 0.0712723061442, 0.122773319483, 0.154917284846, 0.157519802451, 0.128163829446, 0.12476862967, 0.096600137651, 0.0507488586009, 0.0415717512369, 0.0671481341124, 0.139717444777, 0.16529969871, 0.105766892433, 0.0438389219344, 0.0344225279987, 0.0416010692716, 0.0638762265444, 0.072984457016, 0.115619540215, 0.111213862896], "max": [1, 1, 1, 1, 1, 1, 1, 1, 1, 1, 1, 1, 1, 1, 1, 1, 1, 1, 1, 1, 1, 1, 1, 1, 1, 1, 1, 1, 1, 1, 1, 1, 1, 1, 1, 1], "dmean": [0.0470094196498, 0.0595573447645, 0.0588584840298, 0.0545460134745, 0.0929635688663, 0.149076089263, 0.13001061976, 0.117466032505, 0.0401321090758, 0.0208126921207, 0.0188777521253, 0.0361043475568, 0.0369987413287, 0.035665653646, 0.0195573549718, 0.0235056318343, 0.0405083149672, 0.0746819749475, 0.0962827280164, 0.0943711102009, 0.0767896324396, 0.0750604346395, 0.0538499951363, 0.0273492056876, 0.0232636146247, 0.0392603240907, 0.0894909724593, 0.105698004365, 0.0658987909555, 0.0242883916944, 0.0189542677253, 0.0238797757775, 0.0373998172581, 0.0422725826502, 0.0645463690162, 0.0617725253105]}, "key_strength": 0.795137941837, "chords_strength": {"dvar": 3.73636939912e-05, "mean": 0.527698159218, "min": 0.199363797903, "median": 0.531800925732, "dvar2": 3.11413532472e-05, "var": 0.00830765999854, "dmean2": 0.00512328464538, "max": 0.766366899014, "dmean": 0.00740936538205}, "tuning_equal_tempered_deviation": 0.0439365431666, "chords_key": "B", "tuning_frequency": 440.508575439, "chords_scale": "major", "chords_changes_rate": 0.0338339060545, "key_scale": "major", "tuning_diatonic_strength": 0.592638790607, "hpcp_entropy": {"dvar": 0.198093652725, "mean": 1.62400484085, "min": 0.041068546474, "median": 1.62367987633, "dvar2": 0.497989088297, "var": 0.473685145378, "dmean2": 0.728708148003, "max": 4.52913475037, "dmean": 0.434730827808}, "chords_histogram": [2.89487957954, 5.5545501709, 70.5988769531, 1.33888185024, 11.2357521057, 0.633254945278, 0.59706890583, 0.687533915043, 0, 0.452324956656, 0.0723719894886, 0.470417946577, 0.777998924255, 0.0904649868608, 0.235208973289, 0, 0.723719894886, 0.144743978977, 0.83227789402, 0, 0, 0.777998924255, 0.0542789958417, 1.82739281654], "tuning_nontempered_energy_ratio": 0.625066399574, "key_key": "E"}, "metadata": {"version": {"extractor": "music 1.0", "essentia_build_sha": "70f2e5ece6736b2c40cc944ad0e695b16b925413", "essentia": "2.1-beta2", "essentia_git_sha": "v2.1_beta2"}, "audio_properties": {"sample_rate": 44100, "length": 256.626953125, "lossless": false, "analysis_sample_rate": 44100, "downmix": "mix", "bit_rate": 320033, "equal_loudness": 0, "md5_encoded": "37cec5ac7c83657b99ce37798c067202", "codec": "mp3", "replay_gain": -7.56934165955}, "tags": {"albumartist": ["Mark Kozelek"], "musicbrainz_recordingid": ["e3f47737-9bbe-4aa3-942a-e2cc8775e617"], "file_name": "2165824.mp3", "title": ["Moorestown"], "album": ["Little Drummer Boy Live"], "artist": ["Mark Kozelek"]}}, "lowlevel": {"melbands": {"dvar": [1.73295582329e-08, 1.79313232707e-07, 1.76885961878e-07, 4.14203185528e-07, 9.63720708569e-07, 2.94788520705e-07, 4.6523069841e-08, 6.33404866335e-08, 1.15492149177e-07, 3.37738690348e-08, 2.6826040056e-08, 1.31941497727e-08, 3.28127498506e-08, 1.31586510577e-08, 2.72153126701e-08, 7.03550862013e-09, 7.58523110989e-09, 6.40628605719e-10, 9.91255855176e-10, 1.46279571789e-10, 2.1207306744e-10, 9.14032599608e-11, 1.70158991064e-11, 3.07623978374e-12, 1.65948973313e-11, 8.59963211752e-11, 5.10076703097e-11, 8.6610493083e-12, 5.49137298134e-12, 5.03631251286e-12, 2.25662804415e-12, 1.41206978835e-12, 2.63325168962e-12, 6.6581384503e-12, 5.48846038062e-12, 3.70794931218e-12, 7.72891039363e-12, 4.58765057193e-12, 1.79020958214e-12, 4.22844945907e-13], "mean": [9.87329694908e-05, 0.000579699757509, 0.000655174255371, 0.000904408982024, 0.000845310336445, 0.000457318063127, 0.000203125033295, 0.000230109042604, 0.00014613440726, 0.000112248395453, 8.25729657663e-05, 5.74365840293e-05, 7.57249508752e-05, 3.67029606423e-05, 4.96198081237e-05, 2.66718143394e-05, 2.56212715612e-05, 9.08570655156e-06, 7.9405372162e-06, 5.54465759706e-06, 7.56631288823e-06, 4.4011949285e-06, 1.36898904657e-06, 8.08686536402e-07, 2.10606117435e-06, 5.7288671087e-06, 4.49339813713e-06, 1.02215165043e-06, 5.87686770359e-07, 5.2672402262e-07, 4.16744597942e-07, 3.92205009803e-07, 5.07839047259e-07, 8.1666070173e-07, 7.74307579832e-07, 6.46644934932e-07, 7.08620348178e-07, 4.5418809691e-07, 2.58059799307e-07, 1.40374922353e-07], "min": [2.85362628875e-18, 2.56882696987e-18, 2.06383899617e-18, 1.44449516394e-18, 8.11445207459e-19, 4.00367694938e-19, 3.80143387455e-19, 8.96120739935e-19, 1.89793779136e-18, 3.1491659275e-18, 4.12801630921e-18, 4.30781145998e-18, 3.4513587867e-18, 1.90159951314e-18, 5.37862457688e-19, 1.25810448857e-19, 5.86396763141e-19, 9.47148477948e-19, 5.72416325115e-19, 2.51089020579e-19, 8.38276775181e-19, 1.19486311862e-18, 4.06200352232e-19, 1.12115222705e-18, 3.87081814622e-18, 3.87947624569e-18, 4.25720206856e-18, 9.27266240668e-18, 7.5570319136e-18, 1.81767645653e-18, 1.32790116147e-18, 7.14638709408e-19, 1.73750797271e-18, 1.71732455897e-18, 4.3397886081e-18, 4.07255922582e-18, 2.64450158821e-18, 1.45219135576e-18, 2.10264741538e-18, 6.50318644241e-19], "median": [4.66194469482e-05, 0.000461756659206, 0.000410584907513, 0.00039594413829, 0.000312436139211, 0.000200613387278, 8.10224591987e-05, 7.47645099182e-05, 2.04928182939e-05, 1.36385378937e-05, 7.73692318035e-06, 8.83588381839e-06, 7.7935610534e-06, 2.65285916612e-06, 2.99558155348e-06, 7.749997053e-07, 1.12482803161e-06, 3.57888552571e-07, 3.40963822509e-07, 1.96889530457e-07, 2.1710896192e-07, 1.16276844153e-07, 4.03026518825e-08, 3.28008482597e-08, 5.03029937704e-08, 1.25038013721e-07, 1.62080766586e-07, 5.23559613441e-08, 1.60676130179e-08, 7.87887621811e-09, 5.9587423884e-09, 6.0486660125e-09, 6.34984553827e-09, 1.02338111319e-08, 7.25181115158e-09, 5.43167288924e-09, 5.87323567558e-09, 3.86207599234e-09, 1.15248466326e-09, 7.80542463996e-10], "dvar2": [4.87501026214e-08, 4.98425379192e-07, 4.81217114157e-07, 7.33378044515e-07, 2.15261206904e-06, 6.18072704128e-07, 1.10614784887e-07, 1.61130827792e-07, 2.46116115932e-07, 7.15453225553e-08, 6.58427836697e-08, 3.01412512727e-08, 7.9481473847e-08, 2.29478480662e-08, 6.03612448913e-08, 1.89655047222e-08, 2.10615560547e-08, 1.36846278753e-09, 2.4848358926e-09, 3.81879999845e-10, 4.71596039997e-10, 2.17549034343e-10, 3.53683922427e-11, 7.57832685494e-12, 3.50776248326e-11, 1.92602045423e-10, 1.15887258123e-10, 1.79191193134e-11, 1.13853787509e-11, 1.03841544738e-11, 4.58410436346e-12, 2.59548914479e-12, 5.45043047154e-12, 1.32914235174e-11, 1.01254681723e-11, 6.66237117558e-12, 1.55315517392e-11, 8.16427567912e-12, 2.81876974019e-12, 6.74688983068e-13], "var": [2.20042579713e-08, 2.96899230534e-07, 5.31915816282e-07, 2.54800511357e-06, 4.53028042102e-06, 1.41660166264e-06, 1.6718199447e-07, 2.14085574157e-07, 3.45594031614e-07, 1.47254695548e-07, 8.15479808125e-08, 4.17461230029e-08, 7.85566882655e-08, 3.90516667892e-08, 8.9439303963e-08, 1.72839733636e-08, 1.81176282865e-08, 1.66629599008e-09, 3.54139872982e-09, 4.1504838455e-10, 7.74123321001e-10, 2.96574903524e-10, 4.44945469358e-11, 9.63451107089e-12, 1.11221067078e-10, 3.88008070118e-10, 2.35108987834e-10, 2.60020893705e-11, 1.58835514186e-11, 1.48682715445e-11, 8.1217333206e-12, 5.30713971034e-12, 8.42317621902e-12, 1.82808282401e-11, 1.75476716491e-11, 1.53879513298e-11, 2.61330037471e-11, 1.64994164165e-11, 6.74477010701e-12, 1.58298591249e-12], "dmean2": [8.57563500176e-05, 0.000364253530279, 0.000419400603278, 0.000425882550189, 0.000434465619037, 0.000244504597504, 9.54281204031e-05, 0.000121928198496, 7.46583828004e-05, 6.99061856722e-05, 5.91250791331e-05, 4.01922770834e-05, 6.15233366261e-05, 2.68098556262e-05, 4.00922399422e-05, 2.34107119468e-05, 2.22506696446e-05, 7.65244567447e-06, 6.15274211668e-06, 4.25400730819e-06, 5.61642627872e-06, 3.48429784935e-06, 1.08949870992e-06, 5.88695286297e-07, 1.221995376e-06, 3.44680279341e-06, 2.8099393603e-06, 7.7243907981e-07, 4.67477889288e-07, 4.29838621585e-07, 3.09898382511e-07, 2.60203165681e-07, 3.29119984599e-07, 5.17386581578e-07, 4.51286211955e-07, 3.85545831705e-07, 4.85983491672e-07, 3.09322359726e-07, 1.73190386477e-07, 9.78430989562e-08], "max": [0.00409101834521, 0.00489193480462, 0.00987246911973, 0.0244012139738, 0.050896409899, 0.0291735008359, 0.0119911842048, 0.0113833658397, 0.0256884451956, 0.00642363121733, 0.00683221966028, 0.00643091928214, 0.00886171869934, 0.0108822919428, 0.0146462079138, 0.00320319086313, 0.0043026083149, 0.000990072614513, 0.00233021425083, 0.00065861211624, 0.000700350094121, 0.000480252492707, 0.000286416354356, 6.37411139905e-05, 0.000269737560302, 0.000433377252193, 0.000437524606241, 0.000164952420164, 0.000135025577038, 0.000115676579298, 8.24495073175e-05, 6.56555785099e-05, 8.56249171193e-05, 0.000125550912344, 0.000135663241963, 0.000103270169348, 0.000120378899737, 0.000144426463521, 9.99077237793e-05, 4.62219832116e-05], "dmean": [4.67881400255e-05, 0.000213737192098, 0.000253584090387, 0.000301175925415, 0.000289144722046, 0.000153842309373, 6.21127837803e-05, 7.69402613514e-05, 5.26042058482e-05, 4.77385838167e-05, 3.97580879508e-05, 2.64855334535e-05, 3.97485600843e-05, 1.86892084457e-05, 2.57752308244e-05, 1.4493958588e-05, 1.38535142469e-05, 5.01048498336e-06, 3.9249157453e-06, 2.64985669673e-06, 3.55524321094e-06, 2.16448847823e-06, 7.07870356109e-07, 3.72653488512e-07, 8.08913341643e-07, 2.27101486416e-06, 1.86635304544e-06, 5.14369844495e-07, 3.17764119018e-07, 2.91413471132e-07, 2.13001428051e-07, 1.80478934908e-07, 2.29962395792e-07, 3.64415058129e-07, 3.31891783389e-07, 2.80854976609e-07, 3.46325663259e-07, 2.36645050222e-07, 1.35105210575e-07, 7.46847490518e-08]}, "spectral_decrease": {"dvar": 3.00564285339e-18, "mean": -3.96271992997e-09, "min": -7.002233815e-08, "median": -2.17259188418e-09, "dvar2": 6.06979177791e-18, "var": 2.92443650606e-17, "dmean2": 1.31086752564e-09, "max": 1.17225884225e-24, "dmean": 8.66081373285e-10}, "spectral_rolloff": {"dvar": 187387.828125, "mean": 632.673461914, "min": 86.1328125, "median": 409.130859375, "dvar2": 319055.71875, "var": 670526.125, "dmean2": 185.33493042, "max": 19013.8183594, "dmean": 113.322715759}, "melbands_crest": {"dvar": 4.77003908157, "mean": 13.5647325516, "min": 3.60283732414, "median": 12.9802923203, "dvar2": 12.576505661, "var": 16.7357730865, "dmean2": 3.45078492165, "max": 29.5550746918, "dmean": 2.12474441528}, "barkbands_skewness": {"dvar": 0.174033269286, "mean": 1.74702095985, "min": -2.0629966259, "median": 1.56171798706, "dvar2": 0.407982558012, "var": 1.06984090805, "dmean2": 0.59444051981, "max": 9.54391002655, "dmean": 0.382938593626}, "spectral_centroid": {"dvar": 25838.9804688, "mean": 535.509887695, "min": 138.47996521, "median": 372.535980225, "dvar2": 38669.640625, "var": 175307.953125, "dmean2": 107.854980469, "max": 11075.4023438, "dmean": 75.4058074951}, "spectral_energyband_middle_low": {"dvar": 3.5822904465e-05, "mean": 0.011202994734, "min": 5.18726318708e-17, "median": 0.00534403184429, "dvar2": 7.36128858989e-05, "var": 0.00029555693618, "dmean2": 0.00395763060078, "max": 0.262978851795, "dmean": 0.00265921838582}, "erbbands_crest": {"dvar": 3.18672657013, "mean": 10.4597349167, "min": 2.87744617462, "median": 9.85026073456, "dvar2": 7.93367338181, "var": 13.9087381363, "dmean2": 2.9286005497, "max": 30.0954647064, "dmean": 1.84193313122}, "dynamic_complexity": 4.69546604156, "spectral_energyband_low": {"dvar": 2.91221226689e-06, "mean": 0.00274849799462, "min": 1.83828003666e-17, "median": 0.00226128683425, "dvar2": 8.12262533145e-06, "var": 5.32043804924e-06, "dmean2": 0.00172856752761, "max": 0.0208436846733, "dmean": 0.00100772012956}, "silence_rate_60dB": {"dvar": 0.0323607735336, "mean": 0.114719986916, "min": 0, "median": 0, "dvar2": 0.0727776810527, "var": 0.101573005319, "dmean2": 0.0669622644782, "max": 1, "dmean": 0.0334781035781}, "erbbands_kurtosis": {"dvar": 2.23636555672, "mean": 2.87707901001, "min": -1.80655431747, "median": 2.112429142, "dvar2": 4.97148561478, "var": 10.660826683, "dmean2": 1.8543202877, "max": 29.4891357422, "dmean": 1.19721567631}, "spectral_complexity": {"dvar": 2.04567480087, "mean": 9.65493488312, "min": 0, "median": 8, "dvar2": 4.381275177, "var": 34.8861160278, "dmean2": 1.96887159348, "max": 42, "dmean": 1.20738327503}, "barkbands_crest": {"dvar": 3.32217264175, "mean": 10.6914787292, "min": 3.13674044609, "median": 10.1559419632, "dvar2": 8.71372318268, "var": 11.5336380005, "dmean2": 2.9445104599, "max": 25.4118328094, "dmean": 1.81453227997}, "spectral_energy": {"dvar": 4.69520855404e-05, "mean": 0.0157275684178, "min": 2.54095336385e-15, "median": 0.00849160645157, "dvar2": 9.46812870097e-05, "var": 0.000472647690913, "dmean2": 0.00513908173889, "max": 0.273485481739, "dmean": 0.00340223358944}, "spectral_spread": {"dvar": 357720555520, "mean": 2704160.75, "min": 502692, "median": 2336324.25, "dvar2": 497186471936, "var": 2345624928260.0, "dmean2": 554445.125, "max": 40274128, "dmean": 363188.3125}, "spectral_contrast_valleys": {"dvar": [0.205042675138, 0.0969330817461, 0.108371034265, 0.0910122618079, 0.0839623436332, 0.0904281586409], "mean": [-8.0131111145, -7.16909074783, -8.60546779633, -9.40554332733, -9.80206394196, -12.2302103043], "min": [-27.0962467194, -27.5241012573, -27.6508808136, -27.146692276, -27.2641983032, -27.1203422546], "median": [-7.87407541275, -7.20378160477, -8.69575119019, -9.54918479919, -9.93109321594, -12.5499858856], "dvar2": [0.458973497152, 0.175601705909, 0.202870383859, 0.161142289639, 0.132183805108, 0.123927503824], "var": [0.750350415707, 0.784266293049, 1.10159683228, 1.34808981419, 1.34520602226, 1.70574390888], "dmean2": [0.668846070766, 0.402287065983, 0.467642694712, 0.401826262474, 0.312314301729, 0.281108140945], "max": [-5.89041566849, -4.53677463531, -5.13904666901, -5.74658632278, -6.20895147324, -7.24661874771], "dmean": [0.400841802359, 0.250642478466, 0.284967809916, 0.249675691128, 0.203189775348, 0.201445266604]}, "spectral_rms": {"dvar": 2.23992458359e-07, "mean": 0.00341643765569, "min": 1.57447732629e-09, "median": 0.00287827989087, "dvar2": 4.77595222037e-07, "var": 3.67188795281e-06, "dmean2": 0.000580132764298, "max": 0.0163344759494, "dmean": 0.000379773817258}, "barkbands_spread": {"dvar": 10.1153526306, "mean": 7.12341165543, "min": 0.402037978172, "median": 4.39606952667, "dvar2": 16.2968826294, "var": 60.2454986572, "dmean2": 2.14520263672, "max": 83.042640686, "dmean": 1.5032055378}, "pitch_salience": {"dvar": 0.00271456688643, "mean": 0.57712072134, "min": 0.142944425344, "median": 0.581130504608, "dvar2": 0.00712887570262, "var": 0.0102015445009, "dmean2": 0.0874447003007, "max": 0.983214437962, "dmean": 0.0537914000452}, "erbbands_skewness": {"dvar": 0.080410964787, "mean": 1.13398349285, "min": -2.43784070015, "median": 1.08268499374, "dvar2": 0.173252925277, "var": 0.503328979015, "dmean2": 0.427229642868, "max": 4.74590730667, "dmean": 0.281770914793}, "spectral_energyband_middle_high": {"dvar": 6.44300098429e-06, "mean": 0.00222489540465, "min": 3.09619208993e-16, "median": 0.000214567466173, "dvar2": 1.3373011825e-05, "var": 3.93960799556e-05, "dmean2": 0.00100695015863, "max": 0.13816319406, "dmean": 0.000701570010278}, "erbbands": {"dvar": [0.000170914048795, 0.0180935114622, 1.25118136406, 4.79058408737, 35.627571106, 245.179244995, 1242.46520996, 497.030944824, 209.662521362, 706.03137207, 1252.87963867, 756.630126953, 1035.49316406, 875.657165527, 1928.54980469, 2713.54003906, 662.803405762, 2569.64331055, 229.380950928, 134.87890625, 123.529403687, 53.8712615967, 7.10997390747, 20.0452346802, 97.8051147461, 19.6170578003, 12.4473495483, 7.1032743454, 4.58951234818, 15.0878782272, 12.1924142838, 14.6399154663, 6.63767433167, 0.829687774181, 0.149213016033, 0.175173223019, 0.00254038232379, 2.44952807407e-05, 1.59317366411e-07, 5.66181601602e-10], "mean": [0.00642475485802, 0.161269649863, 1.409689188, 3.37054252625, 6.52889919281, 19.7745227814, 22.4633922577, 19.6282405853, 12.4781961441, 23.5718307495, 17.0795459747, 16.7645130157, 16.5630588531, 15.0869550705, 18.4989376068, 18.8331375122, 11.1417760849, 14.7880878448, 5.90771961212, 4.77816915512, 6.30415439606, 3.75012874603, 1.22176206112, 2.78480625153, 7.4854054451, 2.52406072617, 0.99307590723, 0.768747746944, 0.754489541054, 1.3067407608, 1.3041228056, 1.12289106846, 0.595368504524, 0.203400358558, 0.079340390861, 0.0407001189888, 0.00710274046287, 0.000868383678608, 8.21974535938e-05, 2.2223983251e-05], "min": [3.15426202181e-16, 1.66621418065e-15, 5.14159798653e-15, 1.07717484834e-14, 1.73447563414e-14, 2.18905365297e-14, 2.15247385752e-14, 1.7648368525e-14, 2.32648915324e-14, 7.08087966516e-14, 2.08496590761e-13, 4.71519687444e-13, 8.16918472972e-13, 1.06398852402e-12, 9.61729394039e-13, 4.83189551738e-13, 9.48644171572e-14, 2.85725084001e-13, 5.57816000422e-13, 2.7848841397e-13, 6.0217656599e-13, 1.00255112372e-12, 7.51522054223e-13, 4.4216097797e-12, 5.23984371517e-12, 1.2098027441e-11, 9.1311229411e-12, 2.47469189238e-12, 1.72088547839e-12, 3.51374159803e-12, 7.88385069034e-12, 4.47040408164e-12, 2.31199282809e-12, 1.46238902064e-12, 3.11064368708e-12, 1.50389477347e-12, 5.28225521049e-13, 3.37257077734e-13, 7.27246564293e-14, 9.66360153655e-15], "median": [0.00276309391484, 0.0960856154561, 1.02473568916, 2.18240833282, 2.22952747345, 8.09218406677, 7.69823503494, 8.69079113007, 4.73960924149, 7.65808534622, 3.30892348289, 2.02492451668, 1.68860805035, 2.46249103546, 1.74164116383, 1.30331099033, 0.662718117237, 0.621602773666, 0.270414292812, 0.221301019192, 0.19252628088, 0.102133341134, 0.0479945465922, 0.0755905136466, 0.215706601739, 0.128854081035, 0.0319998711348, 0.0127344531938, 0.0113298306242, 0.0171524975449, 0.0126916933805, 0.00980117172003, 0.0050873500295, 0.00130884523969, 0.000720945361536, 0.000197741566808, 6.76750860293e-05, 1.8011956854e-05, 7.94431616669e-06, 1.03140218926e-05], "dvar2": [0.000469182705274, 0.0509220100939, 3.48415446281, 13.8419017792, 89.655921936, 389.080169678, 2868.5456543, 1048.78967285, 461.705322266, 1817.2331543, 2664.48852539, 1553.7578125, 2533.99682617, 1985.89379883, 4542.53466797, 5508.8671875, 1578.39379883, 7180.60839844, 498.385040283, 335.312286377, 279.292053223, 121.473190308, 17.0223560333, 41.1853675842, 223.590744019, 40.0353736877, 23.7477970123, 13.5936126709, 7.99767494202, 29.2932872772, 19.6272697449, 26.5721817017, 9.83291912079, 1.20074641705, 0.203777894378, 0.265532046556, 0.00356618058868, 2.95296249533e-05, 1.88147765812e-07, 8.28695945199e-10], "var": [0.000162139403983, 0.0329375118017, 2.10407209396, 13.374004364, 111.836647034, 1617.83459473, 5217.00048828, 2204.9609375, 797.837402344, 2368.43994141, 3439.3984375, 3780.5559082, 3164.56298828, 2831.07177734, 4380.06933594, 11064.8125, 1965.30249023, 6135.35595703, 709.012756348, 514.841491699, 525.578613281, 206.388092041, 23.0146179199, 144.588592529, 528.109069824, 76.9768295288, 41.6435890198, 27.442735672, 18.8057518005, 46.125919342, 49.040145874, 58.4191741943, 28.2710971832, 3.46626758575, 0.540996551514, 0.456292659044, 0.00762166827917, 9.14979464142e-05, 6.46671651339e-07, 2.73558353747e-09], "dmean2": [0.00796112511307, 0.103832252324, 0.940117239952, 2.24699449539, 4.12520456314, 8.87097072601, 12.9029560089, 10.3914642334, 5.49831962585, 12.5048351288, 8.32800006866, 9.74406147003, 11.5463981628, 10.1631746292, 14.4826173782, 13.6057767868, 8.14551639557, 12.6074590683, 4.2601146698, 3.23987793922, 4.33500766754, 2.61579227448, 0.787344634533, 1.42907524109, 4.26465415955, 1.51459443569, 0.688148915768, 0.521586120129, 0.448711127043, 0.762058973312, 0.68692946434, 0.683283209801, 0.3590297997, 0.127044528723, 0.0511297807097, 0.0283309500664, 0.00519059365615, 0.000599340011831, 5.37009436812e-05, 8.11218978924e-06], "max": [0.481008738279, 2.695333004, 13.423614502, 40.1469688416, 197.955444336, 613.056945801, 1905.10595703, 1211.92456055, 898.078613281, 1112.20666504, 2818.95507812, 1177.21923828, 1363.72595215, 1657.5411377, 2762.16918945, 4137.70410156, 1751.29406738, 2517.09692383, 761.851623535, 757.229125977, 559.274780273, 364.791900635, 97.734664917, 283.802185059, 380.394042969, 237.791488647, 225.481399536, 153.842041016, 119.411567688, 215.714797974, 193.065673828, 175.168792725, 189.449249268, 70.7953186035, 28.9497070312, 47.0654258728, 4.5685005188, 0.490636497736, 0.0323164835572, 0.00167911767494], "dmean": [0.00430197780952, 0.0580027773976, 0.553700506687, 1.33283960819, 2.66921401024, 6.4748249054, 8.30610084534, 6.49435472488, 3.67040109634, 7.8817896843, 5.74662494659, 6.74964094162, 7.74732732773, 6.67483520508, 9.4454908371, 9.08602333069, 5.1832036972, 7.83526659012, 2.80767273903, 2.09232616425, 2.76783680916, 1.65754342079, 0.514742016792, 0.964938461781, 2.85062861443, 1.02953338623, 0.490775048733, 0.374072700739, 0.322569638491, 0.555631220341, 0.520543992519, 0.500225543976, 0.283417999744, 0.102713696659, 0.0421518012881, 0.0247090216726, 0.00422124983743, 0.000504606519826, 4.31017906521e-05, 5.75788499191e-06]}, "dissonance": {"dvar": 0.000858581101056, "mean": 0.401083081961, "min": 0.162510082126, "median": 0.409451514482, "dvar2": 0.00239980197512, "var": 0.00339058903046, "dmean2": 0.0544727258384, "max": 0.500000059605, "dmean": 0.0320527777076}, "erbbands_flatness_db": {"dvar": 0.000214195650187, "mean": 0.240306586027, "min": 0.0678323358297, "median": 0.242480754852, "dvar2": 0.000426976039307, "var": 0.00235608848743, "dmean2": 0.0199390910566, "max": 0.374886155128, "dmean": 0.0135586932302}, "melbands_kurtosis": {"dvar": 49.4047355652, "mean": 11.1614751816, "min": -1.52243959904, "median": 6.95720863342, "dvar2": 120.396118164, "var": 181.466552734, "dmean2": 6.0168261528, "max": 202.543182373, "dmean": 3.89993953705}, "melbands_spread": {"dvar": 14.7648839951, "mean": 8.30212974548, "min": 0.503671944141, "median": 5.26054143906, "dvar2": 23.153087616, "var": 89.7855987549, "dmean2": 2.49601888657, "max": 183.115875244, "dmean": 1.73658406734}, "melbands_skewness": {"dvar": 0.233473613858, "mean": 2.13290810585, "min": -0.710242152214, "median": 1.85840034485, "dvar2": 0.531123876572, "var": 1.45391631126, "dmean2": 0.654051542282, "max": 10.7038354874, "dmean": 0.42133307457}, "spectral_entropy": {"dvar": 0.0258737597615, "mean": 6.26746320724, "min": 4.73807525635, "median": 6.15256643295, "dvar2": 0.0487822219729, "var": 0.487065166235, "dmean2": 0.211600974202, "max": 9.7970867157, "dmean": 0.142702609301}, "zerocrossingrate": {"dvar": 6.68050925015e-05, "mean": 0.0254607778043, "min": 0.00341796875, "median": 0.01708984375, "dvar2": 6.2469385739e-05, "var": 0.000633161107544, "dmean2": 0.00456791045144, "max": 0.52001953125, "dmean": 0.00390722183511}, "average_loudness": 0.0552591830492, "spectral_contrast_coeffs": {"dvar": [0.00151586113498, 0.000981735181995, 0.000829968368635, 0.00053857738385, 0.000345602369634, 0.000159945251653], "mean": [-0.558512866497, -0.683636188507, -0.72924053669, -0.77098596096, -0.783076226711, -0.806508004665], "min": [-0.970734357834, -0.96588820219, -0.979781389236, -0.973541915417, -0.967848181725, -0.963599264622], "median": [-0.562965989113, -0.683724045753, -0.737553477287, -0.784785985947, -0.799026191235, -0.815040171146], "dvar2": [0.00387766957283, 0.00263217301108, 0.00194877630565, 0.00125078461133, 0.000712823763024, 0.000330332026351], "var": [0.0109678460285, 0.00435230368748, 0.00577484536916, 0.0053599239327, 0.00594193255529, 0.00197126320563], "dmean2": [0.070227317512, 0.0585522130132, 0.0498741455376, 0.0408527627587, 0.030258083716, 0.0201963353902], "max": [-0.201621562243, -0.336480528116, -0.441756248474, -0.489267617464, -0.51119351387, -0.640389442444], "dmean": [0.0422752276063, 0.0353347472847, 0.0310528259724, 0.0253629647195, 0.0194079633802, 0.0129241365939]}, "barkbands_flatness_db": {"dvar": 0.000316217454383, "mean": 0.257076710463, "min": 0.0451965332031, "median": 0.264057934284, "dvar2": 0.000649415422231, "var": 0.00522065907717, "dmean2": 0.0254912264645, "max": 0.451629668474, "dmean": 0.0173221118748}, "silence_rate_30dB": {"dvar": 0.00360599486157, "mean": 0.987876594067, "min": 0, "median": 1, "dvar2": 0.00827297382057, "var": 0.0119773969054, "dmean2": 0.00723916385323, "max": 1, "dmean": 0.0036192543339}, "spectral_energyband_high": {"dvar": 2.01320091264e-07, "mean": 0.000169133825693, "min": 1.96844612415e-15, "median": 3.36997550221e-06, "dvar2": 2.25173508284e-07, "var": 1.14834210763e-06, "dmean2": 7.63560965424e-05, "max": 0.0262455362827, "dmean": 6.39052232145e-05}, "melbands_flatness_db": {"dvar": 0.000408393330872, "mean": 0.350420057774, "min": 0.0192485470325, "median": 0.363644182682, "dvar2": 0.000801726593636, "var": 0.0100141130388, "dmean2": 0.026785146445, "max": 0.601352453232, "dmean": 0.0185597315431}, "barkbands": {"dvar": [7.03709257532e-10, 2.76544994904e-07, 1.57545969159e-06, 1.00018758076e-06, 9.61447312875e-06, 1.55314901349e-05, 1.81653308573e-06, 1.29245972857e-06, 2.63089577857e-06, 5.29058183929e-07, 1.89505067283e-06, 1.78462198619e-06, 5.15181568517e-07, 6.56605550375e-07, 1.19572760582e-07, 4.12265670491e-08, 1.8293290438e-08, 1.82439696683e-09, 3.31622622696e-08, 1.85212503112e-08, 6.82390144391e-09, 5.02147390335e-09, 1.5646746121e-08, 2.66611515087e-08, 3.97966060106e-09, 4.07401490321e-09, 5.95780716428e-12], "mean": [7.1876875154e-06, 0.000498235749546, 0.00166386342607, 0.00110736000352, 0.0044810725376, 0.00270003592595, 0.00119876477402, 0.000637400720734, 0.000988731510006, 0.000305453781039, 0.00059429067187, 0.000462712632725, 0.000243774644332, 0.000211588150705, 0.000102387697552, 0.000105389437522, 6.09604539932e-05, 1.82652875083e-05, 0.000121139149996, 6.26177206868e-05, 2.11375117942e-05, 2.35298793996e-05, 4.67354002467e-05, 4.46307458333e-05, 1.37797023854e-05, 6.08670552538e-06, 4.40844161176e-07], "min": [5.92769869229e-18, 8.40600708093e-18, 4.87814380694e-18, 4.10044513863e-18, 6.4078844825e-18, 2.27311713871e-18, 2.23747971638e-18, 6.90272377726e-18, 2.16520844996e-17, 3.03422885051e-17, 2.5818378178e-17, 1.38669095556e-17, 1.38223389962e-18, 8.04194007793e-18, 8.71896259388e-18, 6.67777242327e-18, 1.85671607272e-17, 2.11816056738e-17, 1.02414263962e-16, 2.53189900516e-16, 1.14699126903e-16, 6.84467207644e-17, 2.3079085538e-16, 1.58404637318e-16, 2.82188338164e-16, 3.42642297219e-16, 6.44879640546e-16], "median": [3.45636181009e-07, 0.000246195588261, 0.00118827447295, 0.000491942511871, 0.00196604989469, 0.00114507321268, 0.000383177015465, 0.00015277172497, 0.000127204126329, 1.79638791451e-05, 7.44411445339e-05, 3.68374458048e-05, 8.09601351648e-06, 1.07718215077e-05, 4.05902073908e-06, 3.38170229952e-06, 1.64285711435e-06, 7.92950743289e-07, 2.69898646366e-06, 2.9595455544e-06, 3.49881702277e-07, 3.51292072764e-07, 5.0452990763e-07, 4.0219794073e-07, 1.01184085111e-07, 3.65739296626e-08, 1.93376372692e-08], "dvar2": [1.74511516349e-09, 7.78048615757e-07, 4.36794334746e-06, 2.81711277239e-06, 1.76688245119e-05, 3.36646880896e-05, 4.71704743177e-06, 2.78460242953e-06, 5.57674184165e-06, 1.32099421535e-06, 4.5046122068e-06, 3.73277157451e-06, 1.28872670757e-06, 1.78931611572e-06, 2.88201420062e-07, 9.77770326926e-08, 4.38500009636e-08, 4.63981253418e-09, 7.35399439122e-08, 3.98926260914e-08, 1.3459634296e-08, 9.5599554939e-09, 2.58210075543e-08, 4.01007191897e-08, 6.17139805925e-09, 6.66021371387e-09, 7.75092837135e-12], "var": [6.59763244037e-10, 4.49289842663e-07, 2.86409408545e-06, 2.40383883465e-06, 5.73214965698e-05, 7.23379271221e-05, 6.2394960878e-06, 3.11489611704e-06, 1.14017020678e-05, 1.74937599695e-06, 4.77912089991e-06, 6.74712509863e-06, 1.17259651233e-06, 1.3622568531e-06, 4.19775687988e-07, 1.4473964427e-07, 5.32635660022e-08, 5.25855980982e-09, 1.8151312986e-07, 5.7281237531e-08, 2.2118726406e-08, 1.80769159641e-08, 6.0465588092e-08, 1.19900860795e-07, 1.54678918562e-08, 9.90496218378e-09, 2.25604378928e-11], "dmean2": [1.62508003996e-05, 0.000361902842997, 0.00109700486064, 0.000879963627085, 0.00208094716072, 0.00155085290316, 0.000636549200863, 0.000355532916728, 0.000607759866398, 0.000214961968595, 0.000473571883049, 0.000348172383383, 0.000218943765503, 0.000189469035831, 7.98196997494e-05, 7.90388221503e-05, 4.88953373861e-05, 1.35298696478e-05, 7.19437157386e-05, 4.69530787086e-05, 1.54909448611e-05, 1.47392938743e-05, 2.45504252234e-05, 2.6116893423e-05, 8.84047040017e-06, 4.45271871286e-06, 3.28605466393e-07], "max": [0.000616691831965, 0.0137272290885, 0.0141937565058, 0.0205647107214, 0.112463027239, 0.205804169178, 0.0492804087698, 0.0857247710228, 0.0630150437355, 0.0358510278165, 0.0595834590495, 0.0930608212948, 0.0227369014174, 0.0416295826435, 0.0244092717767, 0.00879045948386, 0.00594308180735, 0.00133325962815, 0.00903503783047, 0.00642295042053, 0.00527245178819, 0.00388376833871, 0.00674435310066, 0.00978356134146, 0.00454891705886, 0.00707310065627, 0.000186136836419], "dmean": [9.61677051237e-06, 0.00019865987997, 0.000646489905193, 0.000527716765646, 0.00145730737131, 0.000970870663878, 0.000407370273024, 0.000228364006034, 0.000420631607994, 0.000145281795994, 0.000306687346892, 0.000231520665693, 0.000135983616929, 0.000118018964713, 5.16024629178e-05, 5.03677838424e-05, 3.0617491575e-05, 8.58404109749e-06, 4.74851731269e-05, 3.10760333377e-05, 1.09362754301e-05, 1.0447493878e-05, 1.85345725185e-05, 1.99174355657e-05, 7.16774684406e-06, 3.73285706701e-06, 2.55709352359e-07]}, "erbbands_spread": {"dvar": 42.0040016174, "mean": 20.2463760376, "min": 3.31274676323, "median": 14.7936506271, "dvar2": 70.9331665039, "var": 269.91104126, "dmean2": 5.34231805801, "max": 136.482696533, "dmean": 3.66839957237}, "barkbands_kurtosis": {"dvar": 17.6937026978, "mean": 7.39613246918, "min": -1.85052919388, "median": 4.85878038406, "dvar2": 42.934928894, "var": 65.3778533936, "dmean2": 4.13351774216, "max": 114.555625916, "dmean": 2.67342972755}, "spectral_flux": {"dvar": 0.000246936629992, "mean": 0.038708101958, "min": 2.38648754021e-05, "median": 0.030703112483, "dvar2": 0.000624446140137, "var": 0.00100569520146, "dmean2": 0.0198498275131, "max": 0.320985555649, "dmean": 0.0123347016051}, "silence_rate_20dB": {"dvar": 0, "mean": 1, "min": 1, "median": 1, "dvar2": 0, "var": 0, "dmean2": 0, "max": 1, "dmean": 0}, "gfcc": {"cov": [[8915.515625, -3046.41503906, -2950.60742188, 355.406097412, -1381.78869629, 331.712738037, -915.569580078, -13.7101259232, -255.999771118, -449.325408936, -37.8241233826, -189.177520752, -381.444885254], [-3046.41503906, 2157.36621094, 1130.75720215, -307.684265137, 672.888549805, -196.475479126, 419.887573242, -86.8178405762, 182.986328125, 12.9668798447, 136.808532715, 0.300343185663, 110.215087891], [-2950.60742188, 1130.75720215, 1619.76513672, 88.1019668579, 438.755615234, -79.7619857788, 351.023986816, 40.6952018738, 59.7251472473, 202.642410278, 20.5829200745, 29.6885566711, 129.673904419], [355.406097412, -307.684265137, 88.1019668579, 420.290222168, -81.201713562, 30.3321533203, -50.8858680725, 9.89902114868, -36.0363273621, -21.4978656769, 13.0707197189, -67.2363967896, -16.6824226379], [-1381.78869629, 672.888549805, 438.755615234, -81.201713562, 412.298034668, -45.7018814087, 150.69392395, -8.7987947464, 89.6129150391, 77.5049209595, 4.06518030167, 48.233253479, 73.0928115845], [331.712738037, -196.475479126, -79.7619857788, 30.3321533203, -45.7018814087, 135.530227661, -3.66798353195, 25.8506088257, -17.5377235413, 4.41868638992, 9.77288722992, -0.358689576387, -16.7651634216], [-915.569580078, 419.887573242, 351.023986816, -50.8858680725, 150.69392395, -3.66798353195, 214.728302002, 33.1927833557, 22.3164958954, 57.0010871887, 26.5297966003, 26.4407978058, 35.7684173584], [-13.7101259232, -86.8178405762, 40.6952018738, 9.89902114868, -8.7987947464, 25.8506088257, 33.1927833557, 86.5766296387, 9.22629356384, 21.146232605, -11.3732652664, 20.9827423096, 3.17536783218], [-255.999771118, 182.986328125, 59.7251472473, -36.0363273621, 89.6129150391, -17.5377235413, 22.3164958954, 9.22629356384, 102.144943237, 34.6314735413, -12.1247215271, 17.8227901459, 24.5526638031], [-449.325408936, 12.9668798447, 202.642410278, -21.4978656769, 77.5049209595, 4.41868638992, 57.0010871887, 21.146232605, 34.6314735413, 187.614456177, -29.7046432495, 28.7680034637, 54.990398407], [-37.8241233826, 136.808532715, 20.5829200745, 13.0707197189, 4.06518030167, 9.77288722992, 26.5297966003, -11.3732652664, -12.1247215271, -29.7046432495, 88.6802139282, -18.4418563843, -23.7295913696], [-189.177520752, 0.300343185663, 29.6885566711, -67.2363967896, 48.233253479, -0.358689576387, 26.4407978058, 20.9827423096, 17.8227901459, 28.7680034637, -18.4418563843, 96.8949737549, 34.8831138611], [-381.444885254, 110.215087891, 129.673904419, -16.6824226379, 73.0928115845, -16.7651634216, 35.7684173584, 3.17536783218, 24.5526638031, 54.990398407, -23.7295913696, 34.8831138611, 89.3485336304]], "mean": [-131.749191284, 161.800872803, -87.3551254272, 6.11015605927, -64.579246521, -4.16863298416, -36.8254470825, -11.060708046, -25.9470615387, -11.775762558, -4.95271921158, -10.9528198242, -9.74101829529], "icov": [[0.000586082460359, -0.000409855420003, 0.000812740356196, -0.000587666407228, 0.00106460810639, -0.000832724326756, 0.00108080904465, -0.000527473515831, 0.000324459921103, -0.000325319851981, 0.000470884726383, -0.000329652568325, 0.000642114086077], [-0.000409855420003, 0.00595083832741, -0.00292996969074, 0.00406914902851, -0.00438013859093, 0.00357781839557, -0.00539504177868, 0.00481647113338, -0.00600780034438, 0.00533159775659, -0.00604301830754, 0.0049833105877, -0.00301604322158], [0.000812740356196, -0.00292996969074, 0.00348026165739, -0.00298738921992, 0.00211690878496, -0.00171182898339, 0.00188764196355, -0.002802033443, 0.00337247084826, -0.00330796395428, 0.00297869066708, -0.00212120916694, 0.0014945595758], [-0.000587666407228, 0.00406914902851, -0.00298738921992, 0.00616698618978, -0.00299315177836, 0.00203694077209, -0.0026246344205, 0.00238977652043, -0.00361353578046, 0.00395544199273, -0.00458775321022, 0.00543797202408, -0.00302755297162], [0.00106460810639, -0.00438013859093, 0.00211690878496, -0.00299315177836, 0.00940413959324, -0.00331439147703, 0.00315669365227, -0.00170815782622, 0.00101873930544, -0.00364185241051, 0.00433813640848, -0.00473264139146, 0.00176012108568], [-0.000832724326756, 0.00357781839557, -0.00171182898339, 0.00203694077209, -0.00331439147703, 0.0116536384448, -0.00457582296804, 0.00054307555547, -0.00228489702567, 0.00187333091162, -0.0049631241709, 0.00247795507312, -0.00120377051644], [0.00108080904465, -0.00539504177868, 0.00188764196355, -0.0026246344205, 0.00315669365227, -0.00457582296804, 0.0157120954245, -0.00828773807734, 0.00634016981348, -0.0052699893713, 0.00215540779755, -0.00440846011043, 0.00239794934168], [-0.000527473515831, 0.00481647113338, -0.002802033443, 0.00238977652043, -0.00170815782622, 0.00054307555547, -0.00828773807734, 0.0196823626757, -0.00731041235849, 0.00383487320505, -0.00214392272756, 0.000344186060829, -0.000617855228484], [0.000324459921103, -0.00600780034438, 0.00337247084826, -0.00361353578046, 0.00101873930544, -0.00228489702567, 0.00634016981348, -0.00731041235849, 0.0194987114519, -0.00679287221283, 0.00650328677148, -0.00461729569361, 0.00203875219449], [-0.000325319851981, 0.00533159775659, -0.00330796395428, 0.00395544199273, -0.00364185241051, 0.00187333091162, -0.0052699893713, 0.00383487320505, -0.00679287221283, 0.0125056421384, -0.00346826110035, 0.00442709913477,