{"tonal": {"hpcp": {"dvar": [0.0449378304183, 0.0494109392166, 0.0652105286717, 0.0458566397429, 0.0375837571919, 0.0367590636015, 0.0475918538868, 0.0384729169309, 0.0356897376478, 0.0352239981294, 0.0421998798847, 0.0454130619764, 0.0527324080467, 0.0385869666934, 0.0364560559392, 0.044092155993, 0.0371818616986, 0.0380023084581, 0.0398609489202, 0.0410743243992, 0.0472679324448, 0.05984916538, 0.0477071329951, 0.0428586378694, 0.0311777703464, 0.0302960053086, 0.0493913441896, 0.0547039583325, 0.0311394110322, 0.0193787589669, 0.0203201919794, 0.0211430098861, 0.0274673700333, 0.0374594852328, 0.0350353904068, 0.0425388514996], "var": [0.115295916796, 0.0553362928331, 0.0530864782631, 0.0425230152905, 0.0315841920674, 0.0432654991746, 0.0715441256762, 0.0473230481148, 0.0318443626165, 0.0317412465811, 0.0426913350821, 0.0716299936175, 0.0968586578965, 0.0508582144976, 0.0368942543864, 0.052153006196, 0.0351784415543, 0.0269423145801, 0.0309793744236, 0.0388917326927, 0.0753482803702, 0.122016191483, 0.0703060477972, 0.0404751747847, 0.0267815496773, 0.0302166976035, 0.0836835056543, 0.103514164686, 0.0398456119001, 0.0152880875394, 0.0160461217165, 0.0201429706067, 0.0362231843174, 0.0528025478125, 0.0416487455368, 0.0902362242341], "median": [0.114590324461, 0.0853523612022, 0.0230862367898, 0.0150167532265, 0.0208132117987, 0.0495992600918, 0.0744864717126, 0.0609977431595, 0.0236149765551, 0.0156900919974, 0.0258112624288, 0.112005159259, 0.169263660908, 0.100194357336, 0.0387166403234, 0.0277229137719, 0.0202393326908, 0.0167591255158, 0.0174212474376, 0.0330662801862, 0.156193777919, 0.257236778736, 0.167026668787, 0.0385030768812, 0.0197958927602, 0.0199212916195, 0.0540967471898, 0.0763176754117, 0.0431412495673, 0.0147800073028, 0.010226377286, 0.0155100841075, 0.0490839891136, 0.0725005567074, 0.0727088674903, 0.0846478268504], "max": [1, 1, 1, 1, 1, 1, 1, 1, 1, 1, 1, 1, 1, 1, 1, 1, 1, 1, 1, 1, 1, 1, 1, 1, 1, 1, 1, 1, 1, 1, 1, 1, 1, 1, 1, 1], "dmean": [0.16170053184, 0.166577935219, 0.153578057885, 0.121998049319, 0.113010175526, 0.129286393523, 0.158184498549, 0.134480953217, 0.106362424791, 0.10160304606, 0.12358725816, 0.167379006743, 0.196529626846, 0.154502123594, 0.118545725942, 0.124937392771, 0.109463609755, 0.099359460175, 0.104334123433, 0.125266268849, 0.186281904578, 0.223529487848, 0.192616939545, 0.134127631783, 0.0984650105238, 0.0960664153099, 0.149547711015, 0.16961055994, 0.115727052093, 0.0651384219527, 0.0579164624214, 0.0679802298546, 0.107457846403, 0.135136961937, 0.13528047502, 0.152366429567], "dmean2": [0.272789388895, 0.295404702425, 0.279163450003, 0.216053187847, 0.203635260463, 0.222495749593, 0.265713810921, 0.231351092458, 0.189193382859, 0.181771740317, 0.221723079681, 0.285916239023, 0.331256836653, 0.26525875926, 0.207328975201, 0.219716951251, 0.194508209825, 0.182620733976, 0.191067695618, 0.223969489336, 0.319023638964, 0.382111638784, 0.332346320152, 0.239743173122, 0.176256209612, 0.167730331421, 0.252430409193, 0.280427694321, 0.195400908589, 0.116321951151, 0.104289352894, 0.119989007711, 0.183983981609, 0.23098897934, 0.237798735499, 0.259982347488], "mean": [0.285925060511, 0.186101794243, 0.118697538972, 0.0998475700617, 0.0899724289775, 0.142070502043, 0.199628055096, 0.152904957533, 0.0929043143988, 0.0840021967888, 0.111648716033, 0.226632878184, 0.296128869057, 0.191170692444, 0.116389110684, 0.128363162279, 0.0985624939203, 0.074768178165, 0.0828905254602, 0.11234087497, 0.261571586132, 0.380330055952, 0.260212272406, 0.122053362429, 0.0821909829974, 0.0901649445295, 0.199090182781, 0.242180541158, 0.13223515451, 0.0548746958375, 0.0478339195251, 0.0634246245027, 0.125433906913, 0.168204650283, 0.154383435845, 0.23626306653], "dvar2": [0.107280343771, 0.132173031569, 0.17416395247, 0.117016114295, 0.103049635887, 0.0952360183001, 0.115677453578, 0.0977892130613, 0.0958194062114, 0.0949949324131, 0.111280962825, 0.112363114953, 0.122841358185, 0.0970761328936, 0.0974810495973, 0.114092454314, 0.100091025233, 0.107361614704, 0.109318673611, 0.108565621078, 0.120529048145, 0.143924921751, 0.126187354326, 0.116135552526, 0.0833702087402, 0.0803404822946, 0.115900978446, 0.123975425959, 0.0799102038145, 0.0533270761371, 0.0549660027027, 0.055961407721, 0.0710982680321, 0.0986395999789, 0.0959189012647, 0.106991186738], "min": [0, 0, 0, 0, 0, 0, 0, 0, 0, 0, 0, 0, 0, 0, 0, 0, 0, 0, 0, 0, 0, 0, 0, 0, 0, 0, 0, 0, 0, 0, 0, 0, 0, 0, 0, 0]}, "key_key": "A", "thpcp": [1, 0.684174895287, 0.320914328098, 0.216104358435, 0.237070262432, 0.52346688509, 0.636764168739, 0.34768524766, 0.144281774759, 0.125769495964, 0.166762068868, 0.329802781343, 0.442259669304, 0.405919641256, 0.621205329895, 0.751781404018, 0.489316552877, 0.312090873718, 0.26252874732, 0.236564084888, 0.37354528904, 0.524881064892, 0.402032285929, 0.244272872806, 0.220866575837, 0.293557435274, 0.595884740353, 0.778610229492, 0.502644181252, 0.306021332741, 0.337504655123, 0.259149909019, 0.196587607265, 0.217943668365, 0.295377314091, 0.687748908997], "chords_key": "A", "tuning_equal_tempered_deviation": 0.0403079800308, "tuning_frequency": 441.272583008, "tuning_diatonic_strength": 0.700344264507, "chords_histogram": [43.5667953491, 17.6997089386, 5.90736198425, 0.179010957479, 0.55940926075, 0, 2.86417531967, 0.962183952332, 0, 1.85723876953, 0.0895054787397, 0.55940926075, 0, 0, 0, 0, 1.83486235142, 0.850302100182, 0, 0.290892809629, 0, 8.81628990173, 2.52852988243, 11.4343252182], "key_strength": 0.875139892101, "key_scale": "major", "chords_strength": {"dvar": 0.000114043948997, "var": 0.0115308901295, "median": 0.565504014492, "max": 0.81277102232, "dmean": 0.0117602953687, "dmean2": 0.0121338143945, "mean": 0.561952531338, "dvar2": 0.000133694033138, "min": 0.272656798363}, "chords_number_rate": 0.0020138733089, "tuning_nontempered_energy_ratio": 0.718308150768, "hpcp_entropy": {"dvar": 0.265818446875, "var": 0.438525289297, "median": 2.1031024456, "max": 3.93060564995, "dmean": 0.631223499775, "dmean2": 1.06811332703, "mean": 2.08773589134, "dvar2": 0.763699054718, "min": 0}, "chords_changes_rate": 0.0633251294494, "chords_scale": "major"}, "rhythm": {"bpm_histogram_first_peak_spread": {"dvar": 0, "var": 0, "median": 0.51304346323, "max": 0.51304346323, "dmean": 0, "dmean2": 0, "mean": 0.51304346323, "dvar2": 0, "min": 0.51304346323}, "bpm_histogram_first_peak_weight": {"dvar": 0, "var": 0, "median": 0.382687926292, "max": 0.382687926292, "dmean": 0, "dmean2": 0, "mean": 0.382687926292, "dvar2": 0, "min": 0.382687926292}, "bpm_histogram_first_peak_bpm": {"dvar": 0, "var": 0, "median": 129, "max": 129, "dmean": 0, "dmean2": 0, "mean": 129, "dvar2": 0, "min": 129}, "bpm": 129.156417847, "bpm_histogram_second_peak_weight": {"dvar": 0, "var": 0, "median": 0.0820045545697, "max": 0.0820045545697, "dmean": 0, "dmean2": 0, "mean": 0.0820045545697, "dvar2": 0, "min": 0.0820045545697}, "beats_loudness": {"dvar": 0.000211057631532, "var": 0.00032892942545, "median": 0.0314560681581, "max": 0.117648229003, "dmean": 0.0169192478061, "dmean2": 0.0303300619125, "mean": 0.0342612974346, "dvar2": 0.000600436993409, "min": 8.82406425262e-07}, "beats_loudness_band_ratio": {"dvar": [0.0204563420266, 0.0229023844004, 0.0235875789076, 0.0219882540405, 0.00793310441077, 0.00056071288418], "var": [0.0270090214908, 0.0317563377321, 0.0276526752859, 0.0291380919516, 0.00810883846134, 0.000661875237711], "median": [0.192047387362, 0.232135698199, 0.14051169157, 0.154555141926, 0.0725630372763, 0.0166054684669], "max": [0.827798724174, 0.734972298145, 0.846393227577, 0.894363999367, 0.668185710907, 0.258620977402], "dmean": [0.170440584421, 0.238509267569, 0.154141873121, 0.152286618948, 0.080373570323, 0.0174119416624], "dmean2": [0.302982032299, 0.450533479452, 0.272580862045, 0.260291725397, 0.140796929598, 0.0317169353366], "mean": [0.238601788878, 0.274176239967, 0.197113245726, 0.208692401648, 0.101296596229, 0.0216841790825], "dvar2": [0.0619473867118, 0.0808227434754, 0.0674511864781, 0.0596190243959, 0.0220147520304, 0.00158310763072], "min": [0.00472273351625, 0.011095110327, 0.00431749410927, 0.0107242241502, 0.00108511047438, 0.000641692022327]}, "bpm_histogram_second_peak_bpm": {"dvar": 0, "var": 0, "median": 123, "max": 123, "dmean": 0, "dmean2": 0, "mean": 123, "dvar2": 0, "min": 123}, "onset_rate": 4.23651409149, "beats_count": 440, "beats_position": [0.487619042397, 0.96362811327, 1.45124709606, 1.93886613846, 2.43809509277, 2.92571425438, 3.39011335373, 3.85451245308, 4.31891155243, 4.78331041336, 5.24770975113, 5.72371864319, 6.17650794983, 6.64090681076, 7.10530614853, 7.55809497833, 8.0224943161, 8.47528362274, 8.93968200684, 9.39247131348, 9.85687065125, 10.321269989, 10.774058342, 11.2384576797, 11.7028570175, 12.1672563553, 12.6200447083, 13.0728340149, 13.5488433838, 14.0248527527, 14.4892511368, 14.9536504745, 15.4296598434, 15.9056682587, 16.3700675964, 16.8344669342, 17.298866272, 17.7632656097, 18.2160549164, 18.6688423157, 19.1332416534, 19.6092510223, 20.0736503601, 20.5264396667, 20.9908390045, 21.4552383423, 21.9196376801, 22.3840351105, 22.8484344482, 23.312833786, 23.7772331238, 24.2300224304, 24.7060317993, 25.1820411682, 25.6464385986, 26.0992279053, 26.563627243, 27.0280265808, 27.4924259186, 27.9452152252, 28.3980045319, 28.8507938385, 29.3035831451, 29.7563705444, 30.2091598511, 30.6735591888, 31.1379585266, 31.6023578644, 32.0667572021, 32.5311546326, 32.9955558777, 33.4599533081, 33.9243545532, 34.4003639221, 34.8763694763, 35.3175506592, 35.7819480896, 36.2463493347, 36.7107467651, 37.1751480103, 37.6395454407, 38.0923347473, 38.545124054, 39.0095214844, 39.4739227295, 39.9383201599, 40.402721405, 40.8555107117, 41.3315200806, 41.8191375732, 42.2951469421, 42.771156311, 43.2471656799, 43.7347831726, 44.2340126038, 44.7216300964, 45.2092514038, 45.6968688965, 46.1844902039, 46.683719635, 47.1597251892, 47.6357345581, 48.111743927, 48.5993652344, 49.0753746033, 49.5513839722, 50.0157814026, 50.480178833, 50.9445800781, 51.4089775085, 51.8617668152, 52.3261680603, 52.7789573669, 53.2433547974, 53.7193641663, 54.1953735352, 54.6597709656, 55.1241722107, 55.6001815796, 56.0761909485, 56.5405883789, 57.0049858093, 57.4693870544, 57.9221763611, 58.3749656677, 58.8161430359, 59.2573242188, 59.7101135254, 60.162902832, 60.6273002625, 61.0800895691, 61.5328788757, 61.9972763062, 62.4616775513, 62.9144668579, 63.3672561646, 63.831653595, 64.2960510254, 64.7604522705, 65.2248535156, 65.6892471313, 66.142036438, 66.5948257446, 67.0592269897, 67.5236282349, 67.98802948, 68.4408187866, 68.9052124023, 69.358001709, 69.8224029541, 70.2751922607, 70.7395935059, 71.1923828125, 71.6567764282, 72.1211776733, 72.5855789185, 73.0499725342, 73.5143737793, 73.9787750244, 74.4431762695, 74.8959655762, 75.3603591919, 75.8131484985, 76.2543258667, 76.7071151733, 77.15990448, 77.6243057251, 78.0770950317, 78.5298843384, 78.982673645, 79.4354629517, 79.8882522583, 80.3410415649, 80.8170471191, 81.2930603027, 81.7458496094, 82.198638916, 82.6630401611, 83.1274337769, 83.5686187744, 84.0330123901, 84.4974136353, 84.9618148804, 85.414604187, 85.8789978027, 86.3317871094, 86.7961883545, 87.2489776611, 87.7017669678, 88.1545562744, 88.6189575195, 89.0717468262, 89.5361404419, 90.000541687, 90.4533309937, 90.9061203003, 91.3705215454, 91.8349151611, 92.2993164063, 92.7637176514, 93.2281188965, 93.7041244507, 94.1801376343, 94.6561431885, 95.1321487427, 95.6081619263, 96.0841674805, 96.5601806641, 97.0361862183, 97.5238113403, 98.011428833, 98.4990463257, 98.9750518799, 99.4510650635, 99.9386825562, 100.41469574, 100.890701294, 101.366706848, 101.842720032, 102.318725586, 102.79473877, 103.282356262, 103.769973755, 104.257591248, 104.74521637, 105.232833862, 105.720451355, 106.196456909, 106.672470093, 107.148475647, 107.624488831, 108.100494385, 108.576507568, 109.064125061, 109.540130615, 110.016143799, 110.503761292, 110.991378784, 111.479003906, 111.95500946, 112.431015015, 112.907028198, 113.383033752, 113.859046936, 114.33505249, 114.811065674, 115.287071228, 115.763084412, 116.239089966, 116.715103149, 117.191108704, 117.678726196, 118.143127441, 118.619132996, 119.106758118, 119.582763672, 120.058776855, 120.53478241, 121.010787964, 121.486801147, 121.97441864, 122.462036133, 122.938049316, 123.414054871, 123.890068054, 124.366073608, 124.830474854, 125.306480408, 125.782493591, 126.258499146, 126.734512329, 127.198905945, 127.66330719, 128.139312744, 128.615325928, 129.079727173, 129.544128418, 130.020126343, 130.496139526, 130.960540771, 131.436553955, 131.912567139, 132.365356445, 132.818145752, 133.282531738, 133.735321045, 134.188110352, 134.640899658, 135.093688965, 135.55809021, 136.022491455, 136.475280762, 136.928070068, 137.392471313, 137.84526062, 138.286437988, 138.762451172, 139.215240479, 139.668029785, 140.120819092, 140.585220337, 141.037994385, 141.50239563, 141.966796875, 142.43119812, 142.895599365, 143.348388672, 143.801177979, 144.265579224, 144.729980469, 145.194366455, 145.647155762, 146.111557007, 146.575958252, 147.040359497, 147.516372681, 147.992385864, 148.63092041, 149.257858276, 149.884811401, 150.500137329, 151.115463257, 151.742401123, 152.357727051, 152.973052979, 153.588394165, 154.203720093, 154.819046021, 155.434371948, 156.049697876, 156.665023804, 157.291976929, 157.895690918, 158.499404907, 159.021850586, 159.544311523, 160.066757202, 160.600814819, 161.146484375, 161.692153931, 162.168167114, 162.655776978, 163.131790161, 163.607803345, 164.072189331, 164.536590576, 165.000991821, 165.465393066, 165.94140625, 166.405807495, 166.88180542, 167.346206665, 167.81060791, 168.275009155, 168.7394104, 169.203811646, 169.668212891, 170.144210815, 170.620223999, 171.084625244, 171.549026489, 172.013427734, 172.477813721, 172.942214966, 173.406616211, 173.847793579, 174.312194824, 174.776596069, 175.240997314, 175.70539856, 176.169799805, 176.610977173, 177.052154541, 177.493331909, 177.957733154, 178.410522461, 178.874923706, 179.339309692, 179.815322876, 180.279724121, 180.732513428, 181.196914673, 181.661315918, 182.114105225, 182.57850647, 183.042892456, 183.507293701, 183.971694946, 184.424484253, 184.888885498, 185.353286743, 185.80607605, 186.270477295, 186.73487854, 187.199264526, 187.663665771, 188.10484314, 188.569244385, 189.03364563, 189.498046875, 189.96244812, 190.426849365, 190.89125061, 191.344039917, 191.796829224, 192.26121521, 192.725616455, 193.178405762, 193.561538696, 193.944671631, 194.304580688, 194.676101685, 195.036010742, 195.3959198, 195.755828857, 196.115737915, 196.475646973, 196.83555603, 197.195465088, 197.555374146, 197.926895142, 198.298416138, 198.681533813, 199.13432312, 199.575500488, 200.016693115, 200.457870483, 200.91065979, 201.363449097, 201.827835083, 202.327072144, 202.826293945, 203.325531006, 203.813140869, 204.300765991, 204.788391113, 205.276000977, 205.763626099, 206.251235962, 206.738861084], "danceability": 1.15074396133, "bpm_histogram_second_peak_spread": {"dvar": 0, "var": 0, "median": 0.142857149243, "max": 0.142857149243, "dmean": 0, "dmean2": 0, "mean": 0.142857149243, "dvar2": 0, "min": 0.142857149243}}, "lowlevel": {"spectral_flux": {"dvar": 0.000816589628812, "var": 0.00213560694829, "median": 0.0768099054694, "max": 0.349325269461, "dmean": 0.026945060119, "dmean2": 0.0421713292599, "mean": 0.0850996822119, "dvar2": 0.00195690104738, "min": 6.54154092006e-11}, "spectral_rolloff": {"dvar": 269177.09375, "var": 747135.0625, "median": 1313.52539063, "max": 19056.8847656, "dmean": 311.337646484, "dmean2": 511.921020508, "mean": 1298.34130859, "dvar2": 568007.375, "min": 86.1328125}, "barkbands_flatness_db": {"dvar": 0.00034819287248, "var": 0.00194789876696, "median": 0.162754774094, "max": 0.386980175972, "dmean": 0.0205131098628, "dmean2": 0.0309175681323, "mean": 0.166384071112, "dvar2": 0.000742852455005, "min": 0.0230855681002}, "spectral_centroid": {"dvar": 43450.3203125, "var": 214474.671875, "median": 993.693237305, "max": 11022.2041016, "dmean": 187.694915771, "dmean2": 281.332977295, "mean": 1066.38635254, "dvar2": 91025.0390625, "min": 244.922317505}, "melbands_skewness": {"dvar": 0.376961290836, "var": 1.46049702168, "median": 1.47742772102, "max": 10.1989974976, "dmean": 0.625849187374, "dmean2": 0.94144231081, "mean": 1.54008984566, "dvar2": 0.834939360619, "min": -6.39529132843}, "melbands": {"dvar": [4.00799365252e-07, 6.78867479564e-07, 3.21558843552e-07, 2.34095364249e-06, 5.51679704586e-07, 2.09646884741e-07, 1.34879158509e-07, 4.35890541439e-07, 4.18571715954e-07, 3.58752970442e-07, 1.16110882686e-07, 1.30706553136e-07, 1.93642321733e-07, 1.99454490257e-07, 8.87512641157e-08, 6.8942085818e-08, 1.91111304559e-08, 1.5440845047e-08, 5.34353494785e-09, 4.29559543491e-09, 1.89394655514e-09, 4.5155904016e-10, 4.25163543261e-10, 6.71285249609e-11, 2.45848480462e-11, 4.31818747426e-11, 9.10054150094e-12, 7.93956306949e-12, 8.72566775778e-12, 2.52832130232e-12, 2.02485988046e-12, 2.02958917034e-12, 1.08174190092e-12, 6.28400272356e-13, 4.08561883327e-13, 1.79483787858e-13, 1.59697721627e-13, 1.47894419151e-13, 1.17036859804e-13, 9.13523542836e-14], "var": [4.44866884663e-07, 8.73486555975e-07, 4.25914663538e-07, 2.19360299525e-06, 6.47340016258e-07, 2.60142712705e-07, 3.80173617032e-07, 1.0573489817e-06, 6.85569375491e-07, 1.11440931505e-06, 3.28532621552e-07, 3.49546496636e-07, 4.30617859593e-07, 4.01070650469e-07, 2.39916488454e-07, 1.84287628713e-07, 3.6690238403e-08, 2.84089765046e-08, 1.35838993387e-08, 6.45556141876e-09, 3.50914519665e-09, 9.96353666238e-10, 7.44537820285e-10, 1.09541160864e-10, 5.03140515362e-11, 1.0695683228e-10, 2.03036459173e-11, 1.58406048695e-11, 1.74315891582e-11, 5.67343958272e-12, 4.51987275732e-12, 5.89297274173e-12, 3.25447654936e-12, 1.62119688334e-12, 9.94078300579e-13, 3.62207795224e-13, 3.26489161227e-13, 2.47792536273e-13, 2.58646186066e-13, 1.61082654377e-13], "median": [0.000228094751947, 0.000508714234456, 0.000443774450105, 0.00043420837028, 0.000324011140037, 0.000151456682943, 7.74557265686e-05, 8.61312291818e-05, 0.000107317551738, 7.53550266381e-05, 4.6569526603e-05, 4.69424630865e-05, 3.97274343413e-05, 3.67362081306e-05, 3.56483833457e-05, 5.17613989359e-05, 3.60133853974e-05, 3.0160863389e-05, 1.60310810315e-05, 1.4841571101e-05, 1.04659739009e-05, 5.54122743779e-06, 5.38692347618e-06, 2.88184719466e-06, 1.98655675376e-06, 1.81768928087e-06, 9.58260216066e-07, 6.3749189394e-07, 1.08807466859e-06, 5.85658710861e-07, 3.99279542762e-07, 3.71994360648e-07, 3.40751370231e-07, 1.66660356626e-07, 1.0258851546e-07, 8.01075543677e-08, 7.82116416076e-08, 7.14878254371e-08, 4.87488307499e-08, 3.88740417634e-08], "max": [0.0104348342866, 0.0131339840591, 0.0123820491135, 0.0208513140678, 0.0134931355715, 0.0071799652651, 0.0153710218146, 0.0143573377281, 0.0150858005509, 0.0182748138905, 0.0112676536664, 0.0146694090217, 0.0154836187139, 0.0181753057986, 0.0122319217771, 0.0122645460069, 0.00327867199667, 0.00231438386254, 0.00274553475901, 0.0014809636632, 0.00205784942955, 0.000542060181033, 0.000442969292635, 0.000235191706452, 0.000107708707219, 0.000264301081188, 6.68427164783e-05, 6.36513796053e-05, 7.38200833439e-05, 4.3873424147e-05, 3.24842621922e-05, 5.56747399969e-05, 3.37454875989e-05, 2.51683759416e-05, 2.89930285362e-05, 1.52476532094e-05, 1.41043528856e-05, 1.2738994883e-05, 1.37398437801e-05, 9.47425814957e-06], "dmean": [0.000319476937875, 0.00045071481145, 0.000348330358975, 0.000668109161779, 0.00039789697621, 0.000240921406657, 0.000141083233757, 0.000241282541538, 0.000213848208659, 0.000198947062017, 0.000119028962217, 0.00010635311628, 0.000109349588456, 0.000103097256215, 8.38990672491e-05, 9.20703532756e-05, 6.68781722197e-05, 5.76603997615e-05, 3.02764947264e-05, 2.68400799541e-05, 1.67771540873e-05, 1.00842271422e-05, 9.40539757721e-06, 3.84334680348e-06, 2.67280188382e-06, 2.77298590845e-06, 1.55305178851e-06, 1.28060378302e-06, 1.52045038249e-06, 8.04334717941e-07, 6.41276699298e-07, 5.9745747194e-07, 4.63647126026e-07, 3.00601413983e-07, 2.17089635157e-07, 1.55033305305e-07, 1.48122595078e-07, 1.36922267302e-07, 1.11508590805e-07, 9.32035462142e-08], "dmean2": [0.000518998713233, 0.000721976684872, 0.000567790062632, 0.00109745271038, 0.000650941510685, 0.0003740406828, 0.000211374790524, 0.000370534224203, 0.000322182371747, 0.000300765532302, 0.000180782823008, 0.000162606927915, 0.000161861084052, 0.000153940636665, 0.000128650513943, 0.000140922566061, 0.000103422236862, 8.91256713658e-05, 4.59169787064e-05, 4.18755844294e-05, 2.59807875409e-05, 1.55403722601e-05, 1.49459247041e-05, 6.07564061283e-06, 4.23204983235e-06, 4.36507207269e-06, 2.40691088038e-06, 1.97305166694e-06, 2.43140380007e-06, 1.275296313e-06, 1.00570241557e-06, 9.28620977447e-07, 7.2032588605e-07, 4.55955216694e-07, 3.27347152052e-07, 2.31802530948e-07, 2.21821849777e-07, 2.04043388408e-07, 1.66007069424e-07, 1.40827793871e-07], "mean": [0.000416106311604, 0.000730145198759, 0.000602063606493, 0.000849369273055, 0.000580329447985, 0.000327037967509, 0.000223917755648, 0.000386160740163, 0.000328342139255, 0.000339902268024, 0.000194976862986, 0.000170789237018, 0.000168893137015, 0.00015584717039, 0.000134059489937, 0.000153246874106, 0.000102127283753, 8.69188952493e-05, 4.95764252264e-05, 4.07586121582e-05, 2.68310868705e-05, 1.67163088918e-05, 1.44632513184e-05, 6.2426711338e-06, 4.44196439275e-06, 5.05585285282e-06, 2.61210084318e-06, 2.04483558264e-06, 2.44744865086e-06, 1.36886023938e-06, 1.11073416065e-06, 1.07291384666e-06, 8.40389532186e-07, 5.26277972313e-07, 3.77378881922e-07, 2.63254747779e-07, 2.45004571298e-07, 2.19408363478e-07, 1.77616684027e-07, 1.42572673667e-07], "dvar2": [9.57937459134e-07, 1.62397293479e-06, 8.45331783239e-07, 5.9795852394e-06, 1.44252157952e-06, 5.13844724992e-07, 2.45647811425e-07, 9.69726897893e-07, 9.74476165538e-07, 7.61397245697e-07, 2.42858817501e-07, 2.59158071003e-07, 3.53219263616e-07, 3.76648102929e-07, 1.66840592897e-07, 1.22712719985e-07, 4.30135784768e-08, 3.45928867773e-08, 1.17327223492e-08, 1.06205959582e-08, 3.68343266999e-09, 9.81527636945e-10, 1.03755326553e-09, 1.75390812984e-10, 6.14444467528e-11, 1.07050611431e-10, 2.15093463873e-11, 1.86157339543e-11, 2.23313138814e-11, 6.44888266052e-12, 5.11327351987e-12, 4.77115829484e-12, 2.45517235015e-12, 1.41909867104e-12, 8.87691883975e-13, 4.15292501993e-13, 3.3864032997e-13, 3.34870884277e-13, 2.42311812976e-13, 2.15177796913e-13], "min": [4.07899305934e-24, 3.61857991403e-24, 7.02184024399e-24, 1.2302546141e-23, 5.91007411557e-24, 4.2484431428e-24, 4.10263403738e-24, 4.22759118249e-24, 5.1817204195e-24, 4.28244896427e-24, 1.17242558772e-23, 2.61735627262e-24, 4.58761625558e-24, 4.73807609046e-24, 5.39047313098e-24, 8.70043448724e-24, 1.01054359913e-23, 7.90722301413e-24, 1.04707819312e-23, 8.85451322153e-24, 6.4750460407e-24, 3.95739093966e-24, 7.40196154864e-24, 7.50731786684e-24, 8.26949555194e-24, 5.49104382449e-24, 7.81752952921e-24, 1.07719335261e-23, 7.42333415715e-24, 7.61144908405e-24, 9.02053846536e-24, 1.1299084304e-23, 5.58918482642e-24, 9.56337258691e-24, 1.18798287141e-23, 8.71835740701e-24, 8.06302540949e-24, 7.1240040421e-24, 1.04844473687e-23, 9.2897143723e-24]}, "spectral_decrease": {"dvar": 8.49903098544e-18, "var": 2.18323916751e-17, "median": -4.58268800685e-09, "max": 1.39707463722e-28, "dmean": 2.15325512976e-09, "dmean2": 3.15887183078e-09, "mean": -5.87078474723e-09, "dvar2": 1.93497811201e-17, "min": -3.79006124263e-08}, "barkbands_kurtosis": {"dvar": 11.9393348694, "var": 19.491651535, "median": 0.67289018631, "max": 151.14453125, "dmean": 1.99763071537, "dmean2": 3.15112471581, "mean": 2.01830339432, "dvar2": 29.2369480133, "min": -1.86868214607}, "silence_rate_30dB": {"dvar": 0.00334644527175, "var": 0.00278968689963, "median": 1, "max": 1, "dmean": 0.00335758249275, "dmean2": 0.00671591656283, "mean": 0.997202336788, "dvar2": 0.0091338576749, "min": 0}, "gfcc": {"mean": [-30.061668396, 128.719711304, -138.072311401, 20.2635326385, -54.9162330627, 16.4611549377, -40.3034629822, -1.00190389156, -23.499874115, 1.26741373539, -15.481713295, -7.6645450592, -4.13296175003], "cov": [[6057.20019531, -521.05645752, -559.877929688, 76.0011672974, -92.5393981934, 73.2749786377, -336.417602539, 158.000396729, 23.9500293732, -154.318222046, -178.480484009, 134.815093994, -141.425048828], [-521.05645752, 891.666992188, 48.6281433105, -97.6088790894, 248.627975464, -99.1645278931, 148.436645508, -113.397163391, 89.8930969238, -39.1347579956, 62.8889694214, -119.343002319, 57.2005119324], [-559.877929688, 48.6281433105, 611.538635254, 140.481918335, -67.5574493408, 64.4317169189, 13.7729587555, -6.20003128052, -79.8150634766, 46.4203796387, -25.3494968414, 12.9325933456, -30.99933815], [76.0011672974, -97.6088790894, 140.481918335, 372.245391846, 15.9755191803, 13.7519083023, -6.42148160934, 11.890499115, -22.3435821533, 4.11641931534, -5.33707046509, -12.9073867798, -23.204826355], [-92.5393981934, 248.627975464, -67.5574493408, 15.9755191803, 342.773406982, 44.3847122192, 46.1016387939, -7.96048736572, 38.0255012512, -15.6866836548, 1.58445739746, -25.7868499756, 10.0806903839], [73.2749786377, -99.1645278931, 64.4317169189, 13.7519083023, 44.3847122192, 199.172363281, 48.4829711914, 13.1860637665, -39.813747406, 5.49506664276, -12.1783514023, 23.0707569122, -4.91413259506], [-336.417602539, 148.436645508, 13.7729587555, -6.42148160934, 46.1016387939, 48.4829711914, 196.205337524, 3.60009646416, -21.6483421326, 2.43068242073, 21.8965816498, -19.2927722931, 16.2596168518], [158.000396729, -113.397163391, -6.20003128052, 11.890499115, -7.96048736572, 13.1860637665, 3.60009646416, 136.500762939, 41.5528678894, -7.55289936066, -23.1482124329, 11.7794179916, -9.41809654236], [23.9500293732, 89.8930969238, -79.8150634766, -22.3435821533, 38.0255012512, -39.813747406, -21.6483421326, 41.5528678894, 146.193618774, 9.49981880188, 1.53145515919, -28.7070026398, 2.9357585907], [-154.318222046, -39.1347579956, 46.4203796387, 4.11641931534, -15.6866836548, 5.49506664276, 2.43068242073, -7.55289936066, 9.49981880188, 102.170837402, 24.7511196136, -0.317905545235, -9.42962741852], [-178.480484009, 62.8889694214, -25.3494968414, -5.33707046509, 1.58445739746, -12.1783514023, 21.8965816498, -23.1482124329, 1.53145515919, 24.7511196136, 90.7400436401, 10.4994792938, 0.618279576302], [134.815093994, -119.343002319, 12.9325933456, -12.9073867798, -25.7868499756, 23.0707569122, -19.2927722931, 11.7794179916, -28.7070026398, -0.317905545235, 10.4994792938, 102.55582428, 15.8411655426], [-141.425048828, 57.2005119324, -30.99933815, -23.204826355, 10.0806903839, -4.91413259506, 16.2596168518, -9.41809654236, 2.9357585907, -9.42962741852, 0.618279576302, 15.8411655426, 85.7395401001]], "icov": [[0.000311279465677, -0.000551816541702, 0.000662827864289, -0.000364207167877, 0.000447864207672, -0.000559398613404, 0.000727483595256, -0.000543622358236, 0.000404122518376, -0.000163308170158, 0.000892080715857, -0.000854554877151, 0.000859927444253], [-0.000551816541702, 0.00598950404674, -0.00357310217805, 0.00240438012406, -0.00394610827789, 0.00389245827682, -0.00442610960454, 0.00472938176244, -0.00420509371907, 0.00383400707506, -0.00476871570572, 0.0051221284084, -0.00384760019369], [0.000662827864289, -0.00357310217805, 0.0047006928362, -0.00233829137869, 0.00283163390122, -0.00298531888984, 0.00284042651765, -0.00284802285023, 0.00334112579003, -0.00314374011941, 0.00430094124749, -0.00370861426927, 0.00338229862973], [-0.000364207167877, 0.00240438012406, -0.00233829137869, 0.00410827388987, -0.00199629063718, 0.00173842767254, -0.00159430480562, 0.0013831872493, -0.00118470704183, 0.00160667789169, -0.00253176619299, 0.00289316126145, -0.00144873862155], [0.000447864207672, -0.00394610827789, 0.00283163390122, -0.00199629063718, 0.00610080547631, -0.003715418512, 0.00232412922196, -0.00238809059374, 0.00145806837827, -0.001857110532, 0.00333010079339, -0.00303307571448, 0.0025037555024], [-0.000559398613404, 0.00389245827682, -0.00298531888984, 0.00173842767254, -0.003715418512, 0.00909674260765, -0.00460383342579, 0.00240665231831, -0.00124397652689, 0.00160244270228, -0.00214578863233, 0.00194692192599, -0.00215816078708], [0.000727483595256, -0.00442610960454, 0.00284042651765, -0.00159430480562, 0.00232412922196, -0.00460383342579, 0.0102199530229, -0.00502354605123, 0.00479081366211, -0.00252027832903, 0.00157500000205, -0.00161626539193, 0.00156728469301], [-0.000543622358236, 0.00472938176244, -0.00284802285023, 0.0013831872493, -0.00238809059374, 0.00240665231831, -0.00502354605123, 0.0134355146438, -0.00737000070512, 0.00366321369074, -0.00108448881656, 0.00140570756048, -0.00145668163896], [0.000404122518376, -0.00420509371907, 0.00334112579003, -0.00118470704183, 0.00145806837827, -0.00124397652689, 0.00479081366211, -0.00737000070512, 0.0132519947365, -0.00451115798205, 0.00238516181707, -0.00038159621181, 0.00150194170419], [-0.000163308170158, 0.00383400707506, -0.00314374011941, 0.00160667789169, -0.001857110532, 0.00160244270228, -0.00252027832903, 0.00366321369074, -0.00451115798205, 0.0141333676875, -0.00610629189759, 0.00313885696232, -0.00116551911924], [0.000892080715857, -0.00476871570572, 0.00430094124749, -0.00253176619299, 0.00333010079339, -0.00214578863233, 0.00157500000205, -0.00108448881656, 0.00238516181707, -0.00610629189759, 0.018634069711, -0.0078984554857, 0.00516206305474], [-0.000854554877151, 0.0051221284084, -0.00370861426927, 0.00289316126145, -0.00303307571448, 0.00194692192599, -0.00161626539193, 0.00140570756048, -0.00038159621181, 0.00313885696232, -0.0078984554857, 0.0178452655673, -0.00733732711524], [0.000859927444253, -0.00384760019369, 0.00338229862973, -0.00144873862155, 0.0025037555024, -0.00215816078708, 0.00156728469301, -0.00145668163896, 0.00150194170419, -0.00116551911924, 0.00516206305474, -0.00733732711524, 0.0167428478599]]}, "silence_rate_20dB": {"dvar": 0, "var": 0, "median": 1, "max": 1, "dmean": 0, "dmean2": 0, "mean": 1, "dvar2": 0, "min": 1}, "barkbands_skewness": {"dvar": 0.264625757933, "var": 1.08684229851, "median": 0.850913286209, "max": 5.78414201736, "dmean": 0.534567713737, "dmean2": 0.801026940346, "mean": 0.8756955266, "dvar2": 0.579762816429, "min": -8.17269420624}, "erbbands_skewness": {"dvar": 0.192466080189, "var": 0.791420817375, "median": 0.121156997979, "max": 6.3300409317, "dmean": 0.451075494289, "dmean2": 0.679741919041, "mean": 0.0835993438959, "dvar2": 0.429422736168, "min": -5.15765523911}, "spectral_contrast_valleys": {"dvar": [0.190874904394, 0.135536149144, 0.104485742748, 0.110114447773, 0.100819274783, 0.148904934525], "var": [1.00545942783, 0.832062840462, 0.870148062706, 1.01682150364, 1.00746536255, 1.06117248535], "median": [-7.1813378334, -6.71721172333, -7.27158641815, -7.65780067444, -8.16424942017, -11.0084114075], "max": [-5.37888669968, -4.56251382828, -5.18449258804, -5.70644807816, -6.23733043671, -8.56833839417], "dmean": [0.459091335535, 0.403095304966, 0.372079014778, 0.36421635747, 0.321565002203, 0.36490508914], "dmean2": [0.71724152565, 0.625576019287, 0.585181236267, 0.55366396904, 0.460785329342, 0.508824527264], "mean": [-7.40654706955, -6.77093553543, -7.33875274658, -7.73245763779, -8.23255634308, -11.0718317032], "dvar2": [0.40090918541, 0.287144511938, 0.225201830268, 0.214782133698, 0.17439763248, 0.263541191816], "min": [-27.1235771179, -27.7146263123, -27.2835178375, -27.3043766022, -27.4268608093, -27.2846508026]}, "spectral_strongpeak": {"dvar": 1.49793124199, "var": 4.02184104919, "median": 0.734200000763, "max": 17.220331192, "dmean": 0.869890451431, "dmean2": 1.41922223568, "mean": 1.62085819244, "dvar2": 3.24982500076, "min": 0}, "erbbands_crest": {"dvar": 9.9810962677, "var": 33.7642593384, "median": 9.21938323975, "max": 34.7059173584, "dmean": 3.23482465744, "dmean2": 5.16066265106, "mean": 11.0058307648, "dvar2": 23.0353755951, "min": 2.4503159523}, "barkbands_crest": {"dvar": 6.51848649979, "var": 18.7832813263, "median": 8.47438716888, "max": 26.7098712921, "dmean": 2.73500752449, "dmean2": 4.43283128738, "mean": 9.54116439819, "dvar2": 15.9235334396, "min": 2.72484898567}, "spectral_energyband_middle_low": {"dvar": 9.86961531453e-05, "var": 0.000184270713362, "median": 0.00822654180229, "max": 0.130724623799, "dmean": 0.00600531464443, "dmean2": 0.00919464416802, "mean": 0.0126073742285, "dvar2": 0.000237002532231, "min": 2.08355254952e-22}, "spectral_contrast_coeffs": {"dvar": [0.00222338922322, 0.00160115258768, 0.00143294129521, 0.00110122049227, 0.000566413858905, 0.000386487605283], "var": [0.00680981436744, 0.0052315951325, 0.00557934632525, 0.00421150028706, 0.00250845565461, 0.00184554629959], "median": [-0.635578036308, -0.723328232765, -0.736958384514, -0.731516301632, -0.770469248295, -0.755787193775], "max": [-0.241038545966, -0.391707122326, -0.392634809017, -0.496160149574, -0.56211912632, -0.559484362602], "dmean": [0.0544235110283, 0.0491578616202, 0.0461459234357, 0.0398286655545, 0.0287220012397, 0.0229798965156], "dmean2": [0.0877005755901, 0.078859038651, 0.0746305510402, 0.0626944750547, 0.0448941849172, 0.0366084985435], "mean": [-0.626377165318, -0.716815173626, -0.728576540947, -0.72756499052, -0.765377759933, -0.75385761261], "dvar2": [0.00548734189942, 0.00398496678099, 0.0035616485402, 0.00249535473995, 0.00127446244005, 0.000960975652561], "min": [-0.981516599655, -0.986075520515, -0.997944772243, -0.987549364567, -0.989075183868, -0.961595058441]}, "hfc": {"dvar": 67.4119720459, "var": 276.164489746, "median": 13.2948961258, "max": 162.156494141, "dmean": 5.96712112427, "dmean2": 8.32321548462, "mean": 18.1613883972, "dvar2": 133.438308716, "min": 1.12812228664e-16}, "spectral_energyband_high": {"dvar": 2.73687170704e-08, "var": 1.11341172726e-07, "median": 9.44428684306e-05, "max": 0.00426352955401, "dmean": 9.29784146138e-05, "dmean2": 0.000132260538521, "mean": 0.000210090685869, "dvar2": 5.65924480611e-08, "min": 7.8966465982e-21}, "erbbands_spread": {"dvar": 41.8864707947, "var": 169.22328186, "median": 23.5391273499, "max": 118.442268372, "dmean": 6.10377216339, "dmean2": 9.16548156738, "mean": 24.9494590759, "dvar2": 91.0623245239, "min": 0.326891213655}, "dissonance": {"dvar": 0.000724366051145, "var": 0.00148385728244, "median": 0.453960508108, "max": 0.500000059605, "dmean": 0.0280577428639, "dmean2": 0.0473948121071, "mean": 0.444937855005, "dvar2": 0.00202895724215, "min": 0.175398424268}, "spectral_kurtosis": {"dvar": 12.1103973389, "var": 31.1293468475, "median": 6.86850166321, "max": 52.6194419861, "dmean": 3.12688612938, "dmean2": 5.23068475723, "mean": 8.21524906158, "dvar2": 32.7069396973, "min": -1.23902177811}, "spectral_skewness": {"dvar": 0.0818361416459, "var": 0.374642252922, "median": 1.96807956696, "max": 5.28774118423, "dmean": 0.310569405556, "dmean2": 0.500406801701, "mean": 2.04312872887, "dvar2": 0.214064180851, "min": 0.0189628694206}, "pitch_salience": {"dvar": 0.00387307396159, "var": 0.0122252944857, "median": 0.573303997517, "max": 0.99608528614, "dmean": 0.0718762651086, "dmean2": 0.115154795349, "mean": 0.563885569572, "dvar2": 0.00980954989791, "min": 0.0691237300634}, "spectral_complexity": {"dvar": 9.26270008087, "var": 42.3238563538, "median": 16, "max": 44, "dmean": 3.05316162109, "dmean2": 4.53257226944, "mean": 16.8941364288, "dvar2": 17.8560886383, "min": 0}, "spectral_spread": {"dvar": 415658442752, "var": 1855897206780.0, "median": 3126816, "max": 41755988, "dmean": 450377.5, "dmean2": 659197.25, "mean": 3353363.5, "dvar2": 789702049792, "min": 1223213.5}, "dynamic_complexity": 3.17985510826, "melbands_crest": {"dvar": 8.77439594269, "var": 22.9084892273, "median": 10.6083583832, "max": 34.4917449951, "dmean": 3.12594485283, "dmean2": 5.03809595108, "mean": 11.7534809113, "dvar2": 21.7773399353, "min": 1.00189113617}, "zerocrossingrate": {"dvar": 7.34554341761e-05, "var": 0.000492288731039, "median": 0.04541015625, "max": 0.51806640625, "dmean": 0.00651941541582, "dmean2": 0.00777855981141, "mean": 0.0480208992958, "dvar2": 0.000110266744741, "min": 0.0078125}, "spectral_energyband_low": {"dvar": 1.29125846797e-05, "var": 1.84703949344e-05, "median": 0.00253907009028, "max": 0.0516557507217, "dmean": 0.00207640393637, "dmean2": 0.00326960301027, "mean": 0.00359629094601, "dvar2": 2.88987193926e-05, "min": 3.45281862306e-23}, "melbands_kurtosis": {"dvar": 27.7084732056, "var": 56.7812957764, "median": 2.69521570206, "max": 142.228683472, "dmean": 3.5715303421, "dmean2": 5.60929203033, "mean": 5.11570930481, "dvar2": 66.8579711914, "min": -1.85410320759}, "spectral_energyband_middle_high": {"dvar": 3.05849280267e-05, "var": 0.00011706193618, "median": 0.00455840490758, "max": 0.1320425421, "dmean": 0.0031378781423, "dmean2": 0.00446506170556, "mean": 0.00802667532116, "dvar2": 5.83372020628e-05, "min": 1.37414591662e-21}, "barkbands_spread": {"dvar": 17.5564022064, "var": 73.3651885986, "median": 15.6172990799, "max": 89.5884475708, "dmean": 4.0584897995, "dmean2": 6.17505455017, "mean": 16.7191429138, "dvar2": 38.0649642944, "min": 0.530641973019}, "mfcc": {"mean": [-666.022338867, 154.637069702, -17.7632198334, 9.81708335876, 2.85051774979, 10.9003200531, -2.55272746086, -4.19826412201, -0.783616542816, -1.82222855091, -0.396272778511, -2.32145571709, -5.93196153641], "cov": [[5036.39550781, -482.394134521, -502.87286377, -21.0200691223, 33.5477828979, -114.104644775, -228.062408447, 121.44644928, -26.3395633698, 11.5880317688, -46.390422821, -125.255760193, -54.1705741882], [-482.394134521, 1044.62329102, -143.547775269, -22.275894165, 70.4747543335, 58.2269668579, 42.6061477661, -35.1865653992, 47.7124137878, -1.01433706284, 24.8949356079, 41.7754554749, -0.969613969326], [-502.87286377, -143.547775269, 653.372802734, 81.2835998535, -53.5306472778, 41.1197471619, 54.6393432617, -18.5141506195, -32.0487937927, -12.9542865753, -3.91286015511, -13.8098449707, 7.31095933914], [-21.0200691223, -22.275894165, 81.2835998535, 292.284484863, 62.7771530151, 12.9816856384, 20.2967147827, 4.45358371735, 0.308968454599, 19.2002620697, 9.05758666992, -5.34367465973, -1.60365724564], [33.5477828979, 70.4747543335, -53.5306472778, 62.7771530151, 231.70501709, 46.1176681519, -14.6700181961, 19.1548366547, 31.6341114044, 22.2762374878, 7.47169399261, -5.16637516022, -2.9589817524], [-114.104644775, 58.2269668579, 41.1197471619, 12.9816856384, 46.1176681519, 175.599121094, 89.6324005127, -0.252183288336, 9.56509399414, -10.4677906036, 8.71064662933, 11.0592288971, -4.13539648056], [-228.062408447, 42.6061477661, 54.6393432617, 20.2967147827, -14.6700181961, 89.6324005127, 187.751296997, 35.9463844299, 2.27861714363, -12.9694519043, 0.998797059059, 14.8806324005, -0.838810861111], [121.44644928, -35.1865653992, -18.5141506195, 4.45358371735, 19.1548366547, -0.252183288336, 35.9463844299, 124.143592834, 35.7075920105, 2.11367988586, 1.4524846077, -17.0965919495, 3.54877734184], [-26.3395633698, 47.7124137878, -32.0487937927, 0.308968454599, 31.6341114044, 9.56509399414, 2.27861714363, 35.7075920105, 111.45880127, 32.2157402039, -6.88078927994, -3.62482976913, -5.82077503204], [11.5880317688, -1.01433706284, -12.9542865753, 19.2002620697, 22.2762374878, -10.4677906036, -12.9694519043, 2.11367988586, 32.2157402039, 100.042327881, 32.5265464783, 0.242718786001, -8.74474525452], [-46.390422821, 24.8949356079, -3.91286015511, 9.05758666992, 7.47169399261, 8.71064662933, 0.998797059059, 1.4524846077, -6.88078927994, 32.5265464783, 89.7959976196, 24.9172782898, -3.37509417534], [-125.255760193, 41.7754554749, -13.8098449707, -5.34367465973, -5.16637516022, 11.0592288971, 14.8806324005, -17.0965919495, -3.62482976913, 0.242718786001, 24.9172782898, 92.0899658203, 23.5712471008], [-54.1705741882, -0.969613969326, 7.31095933914, -1.60365724564, -2.9589817524, -4.13539648056, -0.838810861111, 3.5487773