{"lowlevel": {"spectral_strongpeak": {"max": 32.3396606445, "dmean": 0.759308815002, "dvar2": 4.27096509933, "dmean2": 1.28172469139, "var": 4.44410037994, "median": 0.76422560215, "min": 0, "dvar": 1.62286710739, "mean": 1.46365666389}, "barkbands_flatness_db": {"max": 0.581665098667, "dmean": 0.0192286204547, "dvar2": 0.000844686641358, "dmean2": 0.030523404479, "var": 0.00786248780787, "median": 0.156220287085, "min": 0.0170160830021, "dvar": 0.000360187434126, "mean": 0.171314448118}, "barkbands_skewness": {"max": 14.5483884811, "dmean": 0.641125798225, "dvar2": 3.06584835052, "dmean2": 1.0139374733, "var": 16.8951396942, "median": 0.0993403047323, "min": -57.0561943054, "dvar": 1.34325563908, "mean": -0.380954474211}, "spectral_energyband_middle_high": {"max": 0.167651206255, "dmean": 0.00184190925211, "dvar2": 3.71550813725e-05, "dmean2": 0.00298890960403, "var": 7.27954975446e-05, "median": 0.00220868340693, "min": 1.56418833994e-21, "dvar": 1.42141370816e-05, "mean": 0.00573487021029}, "erbbands_kurtosis": {"max": 253.15536499, "dmean": 2.28246569633, "dvar2": 69.1865005493, "dmean2": 3.70589709282, "var": 109.480514526, "median": 0.412559270859, "min": -1.90045785904, "dvar": 29.2699165344, "mean": 3.36605477333}, "erbbands_crest": {"max": 35.1392364502, "dmean": 2.89856147766, "dvar2": 19.5912017822, "dmean2": 4.8172826767, "var": 38.5115814209, "median": 9.68078136444, "min": 2.04163479805, "dvar": 7.60433387756, "mean": 11.4100837708}, "dynamic_complexity": 8.41290473938, "barkbands_crest": {"max": 26.9436969757, "dmean": 2.57482123375, "dvar2": 15.1396245956, "dmean2": 4.27029561996, "var": 30.7468223572, "median": 8.67759037018, "min": 2.09490203857, "dvar": 5.80299854279, "mean": 10.3014812469}, "dissonance": {"max": 0.500000178814, "dmean": 0.0145452888682, "dvar2": 0.00120819522999, "dmean2": 0.0252360645682, "var": 0.000646337575745, "median": 0.489479064941, "min": 0.155307456851, "dvar": 0.000431320775533, "mean": 0.480996012688}, "spectral_energyband_low": {"max": 0.0232715643942, "dmean": 0.000127379069454, "dvar2": 6.25393738574e-07, "dmean2": 0.000215944572119, "var": 3.48492903868e-07, "median": 1.94487056433e-05, "min": 4.58429980545e-23, "dvar": 2.29491291748e-07, "mean": 0.000199575617444}, "spectral_contrast_coeffs": {"max": [-0.225962638855, -0.426101416349, -0.416329145432, -0.415639579296, -0.416658252478, -0.4138481915], "dmean": [0.0473456308246, 0.0429999530315, 0.0359176546335, 0.0298782177269, 0.0228506848216, 0.0200277715921], "dvar2": [0.00411115121096, 0.00352647691034, 0.00251526664943, 0.00187677226495, 0.00113206880633, 0.00115317187738], "dmean2": [0.0793232545257, 0.0725924447179, 0.0605070777237, 0.0503255315125, 0.0372828841209, 0.031968396157], "var": [0.0114177279174, 0.00630463613197, 0.0048139761202, 0.0061427699402, 0.0054646874778, 0.00784673634917], "median": [-0.69691991806, -0.799267709255, -0.809792220592, -0.792238473892, -0.788889288902, -0.768775105476], "min": [-0.955431699753, -0.966852486134, -0.967135250568, -0.958513617516, -0.962922692299, -0.958901464939], "dvar": [0.00152320682537, 0.00126675341744, 0.000908706802875, 0.000682054203935, 0.000465871242341, 0.000480761256767], "mean": [-0.69541913271, -0.787460565567, -0.802465379238, -0.781728804111, -0.779456794262, -0.757909595966]}, "silence_rate_60dB": {"max": 1, "dmean": 0.0307539682835, "dvar2": 0.067813038826, "dmean2": 0.0615104809403, "var": 0.243547841907, "median": 0, "min": 0, "dvar": 0.0297981165349, "mean": 0.419956177473}, "mfcc": {"icov": [[7.59136455599e-05, 2.26040119742e-05, 4.91897335451e-05, -9.72943234956e-06, 0.000127396226162, 6.17880095888e-06, 9.8893440736e-05, -4.79246264149e-05, 0.000160243202117, 0.000134560003062, 5.45763614355e-05, 9.82182536973e-05, 0.000167484249687], [2.26040119742e-05, 0.000437895330833, 2.58279178524e-05, 0.000254163140198, 9.68494350673e-05, 0.000353614450432, -5.08041557623e-05, 0.000337421370205, 9.58475138759e-05, 0.000300114857964, 3.68109722331e-05, 0.000233079408645, 0.000217823515413], [4.91897335451e-05, 2.58279178524e-05, 0.00061059044674, -0.000211566657526, -6.09218805039e-05, -0.00012483340106, 0.000304685148876, -9.7976781035e-06, 0.000263299560174, 0.000300682557281, -7.48940437916e-05, 0.000474320317153, 0.000351185444742], [-9.72943234956e-06, 0.000254163140198, -0.000211566657526, 0.00175645796116, 4.96645807289e-05, 0.000650480214972, -0.000481571740238, 0.000857281091157, -0.000370711059077, 0.00031419887091, 0.000550723110791, 0.000124292302644, 0.000485090626171], [0.000127396226162, 9.68494350673e-05, -6.09218805039e-05, 4.96645807289e-05, 0.00183122709859, -0.00065055093728, 0.000718461174984, -0.0005423782859, 0.000268472824246, -0.000157880378538, -1.78106529347e-05, 0.000528131087776, -0.000423855526606], [6.17880095888e-06, 0.000353614450432, -0.00012483340106, 0.000650480214972, -0.00065055093728, 0.00274927611463, -0.000240968263824, 0.000309313676553, -0.000508282973897, 0.00108929700218, -0.000106574319943, 0.000169355771504, 0.000477796857012], [9.8893440736e-05, -5.08041557623e-05, 0.000304685148876, -0.000481571740238, 0.000718461174984, -0.000240968263824, 0.00285927997902, -0.00031164943357, 0.000575959333219, -0.000354862335371, 5.16708823852e-05, -0.000236848340137, 0.000382420694223], [-4.79246264149e-05, 0.000337421370205, -9.7976781035e-06, 0.000857281091157, -0.0005423782859, 0.000309313676553, -0.00031164943357, 0.00422170106322, -0.000193746003788, 0.00156234996393, -0.000473947555292, 0.000357101554982, -0.00123020098545], [0.000160243202117, 9.58475138759e-05, 0.000263299560174, -0.000370711059077, 0.000268472824246, -0.000508282973897, 0.000575959333219, -0.000193746003788, 0.00470910314471, 0.000182615898666, 0.000840794935357, -0.000355897092959, -1.0943428606e-05], [0.000134560003062, 0.000300114857964, 0.000300682557281, 0.00031419887091, -0.000157880378538, 0.00108929700218, -0.000354862335371, 0.00156234996393, 0.000182615898666, 0.00638975435868, -0.00177231652196, 0.00249838875607, -0.00179966294672], [5.45763614355e-05, 3.68109722331e-05, -7.48940437916e-05, 0.000550723110791, -1.78106529347e-05, -0.000106574319943, 5.16708823852e-05, -0.000473947555292, 0.000840794935357, -0.00177231652196, 0.0076979980804, -0.00226329243742, 0.002779137576], [9.82182536973e-05, 0.000233079408645, 0.000474320317153, 0.000124292302644, 0.000528131087776, 0.000169355771504, -0.000236848340137, 0.000357101554982, -0.000355897092959, 0.00249838875607, -0.00226329243742, 0.00838110037148, -0.00234581716359], [0.000167484249687, 0.000217823515413, 0.000351185444742, 0.000485090626171, -0.000423855526606, 0.000477796857012, 0.000382420694223, -0.00123020098545, -1.0943428606e-05, -0.00179966294672, 0.002779137576, -0.00234581716359, 0.00837892387062]], "cov": [[19997.9648438, 382.611694336, -805.646057129, 341.194946289, -1643.08618164, -395.357818604, -53.8384628296, -72.1330337524, -542.453186035, -487.228179932, -75.1734237671, -154.031677246, -587.920471191], [382.611694336, 3206.7409668, -233.003448486, -104.925498962, -507.114959717, -465.453796387, 146.990158081, -291.087799072, -130.964172363, -6.86475563049, 7.3238067627, -63.270072937, -145.517532349], [-805.646057129, -233.003448486, 2248.62060547, 211.184692383, 310.895141602, 201.64125061, -239.066696167, -12.2034540176, -53.0591583252, -101.013343811, 4.92275953293, -153.632507324, -137.373596191], [341.194946289, -104.925498962, 211.184692383, 870.903686523, -226.321960449, -182.2578125, 135.652038574, -197.849700928, 23.5539531708, -2.36908483505, -59.1718597412, -35.3145713806, -90.3981246948], [-1643.08618164, -507.114959717, 310.895141602, -226.321960449, 1001.98724365, 317.971405029, -253.221420288, 189.101791382, 44.1194763184, 8.87743759155, 0.472029536963, -35.564239502, 109.825569153], [-395.357818604, -465.453796387, 201.64125061, -182.2578125, 317.971405029, 579.304931641, -90.406211853, 99.52318573, 59.1240577698, -90.3517684937, 8.10385131836, 2.69988441467, 2.631326437], [-53.8384628296, 146.990158081, -239.066696167, 135.652038574, -253.221420288, -90.406211853, 468.732666016, -54.4248199463, -32.7670288086, 33.2318649292, 7.2084941864, 24.789100647, -25.9726409912], [-72.1330337524, -291.087799072, -12.2034540176, -197.849700928, 189.101791382, 99.52318573, -54.4248199463, 356.677459717, 18.4763431549, -65.5153121948, 4.24782752991, 23.1659374237, 70.7465820312], [-542.453186035, -130.964172363, -53.0591583252, 23.5539531708, 44.1194763184, 59.1240577698, -32.7670288086, 18.4763431549, 254.707687378, -11.7950601578, -31.2631053925, 21.9477672577, 32.4897117615], [-487.228179932, -6.86475563049, -101.013343811, -2.36908483505, 8.87743759155, -90.3517684937, 33.2318649292, -65.5153121948, -11.7950601578, 239.189941406, 28.2489929199, -36.1552391052, 40.6209411621], [-75.1734237671, 7.3238067627, 4.92275953293, -59.1718597412, 0.472029536963, 8.10385131836, 7.2084941864, 4.24782752991, -31.2631053925, 28.2489929199, 166.005325317, 25.7041435242, -37.4500160217], [-154.031677246, -63.270072937, -153.632507324, -35.3145713806, -35.564239502, 2.69988441467, 24.789100647, 23.1659374237, 21.9477672577, -36.1552391052, 25.7041435242, 164.797485352, 43.3994903564], [-587.920471191, -145.517532349, -137.373596191, -90.3981246948, 109.825569153, 2.631326437, -25.9726409912, 70.7465820312, 32.4897117615, 40.6209411621, -37.4500160217, 43.3994903564, 196.190231323]], "mean": [-771.95123291, 103.175361633, -57.9960365295, 3.45390605927, -13.6308193207, -7.86610794067, 4.4131026268, -5.41010189056, -2.42530107498, 2.54976844788, -0.752139389515, 3.06799817085, 0.999591529369]}, "melbands_spread": {"max": 218.681549072, "dmean": 8.49914360046, "dvar2": 337.725494385, "dmean2": 13.8883523941, "var": 786.412597656, "median": 26.2655906677, "min": 0.179108396173, "dvar": 130.171264648, "mean": 33.1843338013}, "barkbands_kurtosis": {"max": 3653.89990234, "dmean": 9.14698600769, "dvar2": 10821.2294922, "dmean2": 14.8624238968, "var": 35190.7929688, "median": 0.85978102684, "min": -1.94136476517, "dvar": 4418.88964844, "mean": 21.677192688}, "spectral_energyband_high": {"max": 0.0513283908367, "dmean": 0.000383194070309, "dvar2": 4.38680126535e-06, "dmean2": 0.000611751980614, "var": 8.72188502399e-06, "median": 0.000103298087197, "min": 7.49047183687e-21, "dvar": 1.75818331627e-06, "mean": 0.000963208440226}, "hfc": {"max": 410.130889893, "dmean": 5.17923593521, "dvar2": 280.47442627, "dmean2": 8.20565032959, "var": 766.766723633, "median": 7.99663686752, "min": 1.1524112211e-16, "dvar": 115.514457703, "mean": 17.7619876862}, "spectral_skewness": {"max": 14.3708600998, "dmean": 0.382641434669, "dvar2": 0.628574728966, "dmean2": 0.640433073044, "var": 2.05044937134, "median": 1.56130421162, "min": -1.07279241085, "dvar": 0.220532789826, "mean": 1.86384558678}, "erbbands": {"max": [0.448327690363, 1.88729286194, 6.21020078659, 74.5340423584, 160.451644897, 639.567504883, 1586.73327637, 359.134857178, 888.938415527, 3257.53051758, 1345.60168457, 4565.97314453, 1545.58764648, 1241.64562988, 2986.75634766, 4480.38330078, 2089.74975586, 2424.48120117, 1913.47924805, 2413.36035156, 3990.70214844, 2499.6184082, 1535.46276855, 1307.13037109, 1566.29003906, 2353.15966797, 1346.14489746, 1649.20581055, 454.398010254, 425.198669434, 388.350921631, 422.368835449, 181.234527588, 140.291641235, 118.818580627, 57.4216270447, 26.5948143005, 5.13013648987, 0.29823744297, 0.00539561547339], "dmean": [0.00176543428097, 0.0105579104275, 0.0479481108487, 0.209663182497, 0.650031745434, 1.19696760178, 1.50963962078, 1.71679055691, 4.67560148239, 7.40271186829, 8.99991226196, 13.0247516632, 10.9594917297, 14.1011447906, 17.2260684967, 18.2585430145, 19.8184185028, 14.3723392487, 13.3861103058, 10.5591211319, 13.5359516144, 13.1492490768, 10.0367450714, 9.55646038055, 10.5926570892, 8.56911182404, 6.68936634064, 5.95502471924, 2.77272605896, 1.88059413433, 1.54392886162, 1.08810734749, 0.60654437542, 0.346308201551, 0.221702352166, 0.104793094099, 0.0396213009953, 0.00912300590426, 0.000506584707182, 1.42198814501e-05], "dvar2": [0.000189800135558, 0.00546965422109, 0.0930143296719, 3.3151204586, 33.0144538879, 252.36907959, 697.363464355, 111.672225952, 737.196472168, 3831.33374023, 2585.25341797, 7578.23535156, 3522.24438477, 5491.6875, 8339.14941406, 12714.5927734, 7413.79101562, 3642.3828125, 4178.91308594, 4959.32421875, 10329.3125, 6164.82373047, 3151.77612305, 3032.734375, 3308.74853516, 2967.69506836, 1806.3762207, 2827.95385742, 426.632598877, 260.610046387, 188.569625854, 130.176361084, 27.6226768494, 10.4549427032, 9.01009178162, 2.43116879463, 0.291234761477, 0.020848389715, 9.89675027085e-05, 3.08658272274e-08], "dmean2": [0.00296486588195, 0.0182534195483, 0.082614377141, 0.356871604919, 1.09827744961, 2.02232456207, 2.55555796623, 2.89915442467, 7.69515800476, 12.4228572845, 14.7702980042, 20.7661933899, 17.9997253418, 23.6624126434, 29.0383415222, 30.5146446228, 32.8669395447, 24.1106376648, 22.7895679474, 17.3911476135, 22.3641986847, 20.9828300476, 16.472536087, 15.7789897919, 17.3562488556, 13.6701984406, 11.0244874954, 9.75229263306, 4.6063284874, 3.13954257965, 2.57620763779, 1.82379758358, 1.00381577015, 0.551191687584, 0.35357016325, 0.169770225883, 0.0641272068024, 0.0148999541998, 0.000834372243844, 2.27852233365e-05], "var": [0.000113623769721, 0.00277669238858, 0.0480799339712, 1.23204314709, 13.8647489548, 120.546073914, 226.932067871, 68.6357421875, 553.180664062, 1889.58056641, 2466.32324219, 12242.0107422, 4175.05126953, 4218.90917969, 5414.50048828, 9929.09863281, 7242.328125, 4211.16015625, 5395.98876953, 5911.61523438, 8624.40917969, 7180.30615234, 3127.2878418, 3232.36376953, 2947.01879883, 3780.00488281, 2091.42358398, 3637.98461914, 426.975402832, 287.60067749, 228.523147583, 144.111938477, 35.2344551086, 19.422712326, 17.5907096863, 3.65403819084, 0.440299838781, 0.0189354140311, 5.13455634064e-05, 2.18298552568e-08], "median": [0.000159710121807, 0.000878631602973, 0.00420845113695, 0.0186674185097, 0.0512967482209, 0.0961105823517, 0.176483884454, 0.346488207579, 0.69110929966, 1.11680078506, 1.65288424492, 2.60388636589, 3.09774112701, 3.36777877808, 4.0454993248, 4.96176195145, 5.8708152771, 4.86578321457, 4.70886278152, 2.91168546677, 3.8170363903, 3.43476557732, 3.47247672081, 3.4002995491, 3.76319289207, 2.84255743027, 1.52734851837, 0.513343214989, 0.160251051188, 0.0512333661318, 0.0198462530971, 0.0106110796332, 0.00569274369627, 0.00325927650556, 0.00166753644589, 0.000848459720146, 0.000355106109055, 8.73886237969e-05, 1.51774820552e-05, 9.07479079615e-06], "min": [6.6914049648e-22, 6.38040272497e-21, 1.15149058497e-20, 2.73961378772e-20, 3.40669585454e-20, 3.10325879937e-19, 2.14058005712e-19, 5.30265527544e-19, 6.63042801713e-19, 6.42135553236e-19, 1.32017115865e-18, 1.10670572445e-18, 1.50198773203e-18, 2.9131768822e-18, 3.18444910973e-18, 2.03357100999e-18, 2.16251626658e-18, 4.42742012219e-18, 1.38044896794e-17, 1.28622449349e-17, 5.35095528199e-18, 9.18681842989e-18, 8.63116647085e-18, 8.19106006286e-18, 1.68041542917e-17, 1.63125476187e-17, 1.30158292136e-17, 1.64864044399e-17, 1.73242341757e-17, 2.01182931205e-17, 1.66091481166e-17, 1.67472624635e-17, 1.39316720073e-17, 1.47046243132e-17, 9.57435254687e-18, 4.81928039378e-18, 3.26218837088e-18, 1.21479051996e-18, 2.99246183372e-19, 3.85044852637e-20], "dvar": [7.24702767911e-05, 0.00185329641681, 0.0333876460791, 1.197447896, 11.9213438034, 101.221992493, 264.130462646, 39.0119934082, 283.670959473, 1422.14746094, 1028.64306641, 3897.58178711, 1384.08349609, 2023.73217773, 3058.03540039, 4860.03320312, 2911.9465332, 1354.58398438, 1558.0489502, 1748.16125488, 4435.86523438, 2615.16577148, 1240.69299316, 1162.7845459, 1294.27685547, 1261.44104004, 717.909973145, 1106.68737793, 159.130996704, 96.8621826172, 69.3619308472, 47.9239768982, 10.5252113342, 4.54744243622, 3.77906179428, 0.998003780842, 0.118603229523, 0.00789161678404, 3.5378310713e-05, 1.12578906197e-08], "mean": [0.00238272338174, 0.0143459262326, 0.0634776502848, 0.274980068207, 0.861880719662, 1.47666180134, 2.03947663307, 2.76740765572, 7.39144706726, 11.0658998489, 14.8040933609, 21.8846874237, 19.6227722168, 23.7816638947, 28.9602832794, 33.7895088196, 35.2576217651, 27.4007091522, 26.8209552765, 22.5402965546, 25.7066612244, 26.3379650116, 20.8748817444, 19.7578716278, 21.5547122955, 17.8361167908, 13.5998239517, 11.7349414825, 5.26197910309, 3.68683743477, 3.07788252831, 2.26204323769, 1.28936040401, 0.751898169518, 0.490231543779, 0.207695826888, 0.0736509338021, 0.0152090964839, 0.000729644438252, 3.16062651109e-05]}, "spectral_contrast_valleys": {"max": [-6.24281072617, -4.6452665329, -4.97351455688, -5.29458236694, -5.20549488068, -7.03067922592], "dmean": [0.39947706461, 0.343661159277, 0.298593223095, 0.25068885088, 0.215739473701, 0.210241869092], "dvar2": [0.284587442875, 0.209270447493, 0.171937778592, 0.128596052527, 0.112284511328, 0.139890119433], "dmean2": [0.680028676987, 0.579539060593, 0.497337043285, 0.414931029081, 0.338274747133, 0.323466449976], "var": [2.65365743637, 3.01515555382, 3.09079551697, 2.77307248116, 3.16788983345, 3.15685892105], "median": [-9.85070323944, -7.65142059326, -7.58416080475, -7.99153709412, -7.87271595001, -12.1547613144], "min": [-27.5966453552, -27.5014057159, -27.3707294464, -27.3291473389, -27.1514663696, -27.2838935852], "dvar": [0.10156750679, 0.0787374004722, 0.067108348012, 0.052646741271, 0.0503045283258, 0.0624594502151], "mean": [-10.0567741394, -8.00178813934, -7.94565296173, -8.28702163696, -8.34010791779, -11.8209791183]}, "average_loudness": 0.0439514927566, "erbbands_spread": {"max": 126.95085907, "dmean": 5.01576519012, "dvar2": 88.9976730347, "dmean2": 8.11104869843, "var": 253.632644653, "median": 19.7354354858, "min": 0.141184017062, "dvar": 34.9387435913, "mean": 22.3944511414}, "melbands_flatness_db": {"max": 0.701863646507, "dmean": 0.0213856548071, "dvar2": 0.00105966744013, "dmean2": 0.0339420251548, "var": 0.00885842274874, "median": 0.185875803232, "min": 0.00463375123218, "dvar": 0.000446418969659, "mean": 0.197456374764}, "barkbands_spread": {"max": 154.275390625, "dmean": 4.31329488754, "dvar2": 78.1579284668, "dmean2": 6.99971914291, "var": 266.446136475, "median": 15.0262889862, "min": 0.0496912151575, "dvar": 30.6420612335, "mean": 18.7704925537}, "spectral_decrease": {"max": 1.74327395594e-15, "dmean": 6.49566789246e-10, "dvar2": 4.30723201996e-18, "dmean2": 1.03534703033e-09, "var": 9.15374940336e-18, "median": -1.17860476934e-09, "min": -5.09135595905e-08, "dvar": 1.80358191927e-18, "mean": -2.196122173e-09}, "melbands_crest": {"max": 38.6870079041, "dmean": 3.23452544212, "dvar2": 23.2267627716, "dmean2": 5.3741569519, "var": 42.6352958679, "median": 10.225643158, "min": 2.00122618675, "dvar": 8.83924007416, "mean": 12.067489624}, "erbbands_flatness_db": {"max": 0.647450506687, "dmean": 0.0185600668192, "dvar2": 0.000804789189715, "dmean2": 0.029321404174, "var": 0.0106193460524, "median": 0.245246946812, "min": 0.0181817188859, "dvar": 0.000340405706083, "mean": 0.256503522396}, "melbands_kurtosis": {"max": 897.626953125, "dmean": 4.85901451111, "dvar2": 1001.52734375, "dmean2": 7.8844871521, "var": 949.041015625, "median": 1.50334453583, "min": -1.94213867188, "dvar": 399.594207764, "mean": 7.97271299362}, "spectral_rms": {"max": 0.0138795962557, "dmean": 0.00038361013867, "dvar2": 6.42302154574e-07, "dmean2": 0.000604680157267, "var": 3.47761329067e-06, "median": 0.00228456943296, "min": 3.17427117577e-12, "dvar": 2.6912306339e-07, "mean": 0.00248611206189}, "melbands_skewness": {"max": 12.6964740753, "dmean": 0.601030170918, "dvar2": 1.24356412888, "dmean2": 0.954527676105, "var": 4.56638002396, "median": 0.705698847771, "min": -18.8474292755, "dvar": 0.513130784035, "mean": 0.612482726574}, "barkbands": {"max": [0.00230411347002, 0.00721295876428, 0.00757021084428, 0.0408055484295, 0.127076894045, 0.0823088958859, 0.102487102151, 0.0735923647881, 0.14737701416, 0.0631183758378, 0.0410501845181, 0.151383161545, 0.0445241481066, 0.0425116419792, 0.0359084121883, 0.0593642443419, 0.0414595417678, 0.0250425655395, 0.0278510078788, 0.0514435134828, 0.0280538722873, 0.012131578289, 0.0133036738262, 0.0150179071352, 0.0149912592024, 0.0137705812231, 0.00270818383433], "dmean": [9.76444971457e-06, 4.91488244734e-05, 5.43120586372e-05, 0.000105638733658, 0.000308091053739, 0.000194468433619, 0.000417021103203, 0.000398561242037, 0.000532135891262, 0.000383870356018, 0.000442695163656, 0.000495328567922, 0.000444470031653, 0.000301199033856, 0.000217496344703, 0.000252442783676, 0.000244461029069, 0.000183241922059, 0.000210359241464, 0.000193336571101, 0.000152580396389, 7.73885258241e-05, 5.4218191508e-05, 4.19102616434e-05, 2.97112128465e-05, 2.15929903788e-05, 3.95121833208e-06], "dvar2": [4.20215240382e-09, 1.18273753458e-07, 1.26971869463e-07, 9.49777529513e-07, 1.17344989121e-05, 2.68448684437e-06, 7.80096615927e-06, 5.66222024645e-06, 1.03028924059e-05, 4.08615414926e-06, 5.20776529811e-06, 1.14651320473e-05, 3.71033161173e-06, 1.80279118922e-06, 1.52373308993e-06, 3.35062577506e-06, 2.17114688894e-06, 1.03096022031e-06, 1.41104897011e-06, 1.29737099996e-06, 1.24397638501e-06, 3.51837428525e-07, 2.35195429354e-07, 1.62693694961e-07, 1.11818863502e-07, 8.78123529446e-08, 6.01511729315e-09], "dmean2": [1.58457824e-05, 8.41580695123e-05, 9.40074896789e-05, 0.000179803420906, 0.000505124975462, 0.000332314841216, 0.00069058110239, 0.000653883616906, 0.00085341342492, 0.000634014781099, 0.000751672137994, 0.000827030511573, 0.000738454167731, 0.000513766484801, 0.000363287021173, 0.000423720135586, 0.00039146002382, 0.000302583968733, 0.000346310902387, 0.000310048169922, 0.000251786812441, 0.00013033268624, 9.05443012016e-05, 7.01211683918e-05, 4.67291356472e-05, 3.49363217538e-05, 6.6227798925e-06], "var": [3.05976444182e-09, 6.59811263404e-08, 5.96018985277e-08, 3.32851186613e-07, 6.93927313478e-06, 1.06814604806e-06, 4.84203246742e-06, 4.77107141705e-06, 1.45079675349e-05, 4.92750496051e-06, 3.41029385709e-06, 7.475329312e-06, 3.33722596224e-06, 2.05195215131e-06, 2.27925306717e-06, 2.91779088002e-06, 2.29764646065e-06, 9.75659531832e-07, 1.32206719172e-06, 1.66275947322e-06, 1.80887150236e-06, 3.14988028549e-07, 2.84474111822e-07, 2.00015989549e-07, 2.47027344358e-07, 1.40671517102e-07, 3.16854920079e-09], "median": [1.21529210446e-05, 4.00169619752e-06, 3.81660765925e-06, 7.14581528882e-06, 2.97404367302e-05, 3.46219494531e-05, 5.63628855161e-05, 5.36660372745e-05, 0.000111864879727, 9.17507422855e-05, 7.01650205883e-05, 0.00010779198783, 0.000114530179417, 8.16809406388e-05, 5.34481041541e-05, 5.88695256738e-05, 5.12079932378e-05, 5.58428146178e-05, 6.88191867084e-05, 5.92132309976e-05, 2.11133956327e-05, 3.21900279232e-06, 6.48926516078e-07, 3.75386321139e-07, 2.58537767195e-07, 1.93294198425e-07, 5.87345994063e-08], "min": [4.54981837973e-24, 2.49906685599e-23, 1.22667492109e-23, 7.91036346939e-24, 5.78672261795e-23, 4.54598262247e-23, 4.22601874605e-23, 5.82772192801e-23, 5.70209362004e-23, 4.31451915774e-23, 1.02181929292e-22, 5.28708715067e-23, 4.87669299323e-23, 9.26554809179e-23, 3.55947924388e-22, 9.41782664549e-23, 1.4951326175e-22, 1.63073528276e-22, 2.37794130296e-22, 3.32738046212e-22, 3.57264653145e-22, 5.11650235391e-22, 6.30204594118e-22, 7.97404836804e-22, 1.37093695667e-21, 1.69916186023e-21, 2.28752900798e-21], "dvar": [1.76567283017e-09, 4.15233287754e-08, 4.55522872755e-08, 3.39271394978e-07, 5.00628448208e-06, 9.4891373692e-07, 2.98807094623e-06, 2.29692182074e-06, 5.09205165145e-06, 1.65385461059e-06, 1.88972990145e-06, 4.35912534158e-06, 1.43937211305e-06, 6.60195155433e-07, 6.17936507297e-07, 1.3592475625e-06, 8.95406344625e-07, 4.03308746399e-07, 5.45451712242e-07, 5.49048820631e-07, 4.75933973121e-07, 1.30475243054e-07, 8.66294698199e-08, 6.0930695156e-08, 4.97206542605e-08, 3.60889238493e-08, 2.16440709799e-09], "mean": [1.97800272872e-05, 6.84523838572e-05, 6.57518976368e-05, 0.000128499843413, 0.000419656251324, 0.000308495626086, 0.000634328695014, 0.000603300344665, 0.000887690519448, 0.000655245152302, 0.000680445693433, 0.000851175922435, 0.000738025992177, 0.000547789910343, 0.000430629384937, 0.000459030648926, 0.000458650203655, 0.000362168066204, 0.000421599077526, 0.000385980209103, 0.000318046018947, 0.000139146533911, 0.000109321874334, 9.05809865799e-05, 6.83724865667e-05, 4.22465200245e-05, 5.24929237145e-06]}, "spectral_kurtosis": {"max": 268.720550537, "dmean": 4.23162126541, "dvar2": 139.42149353, "dmean2": 7.23289728165, "var": 291.266387939, "median": 6.3050661087, "min": -1.38453876972, "dvar": 49.0304908752, "mean": 12.1248931885}, "erbbands_skewness": {"max": 10.8411912918, "dmean": 0.482240706682, "dvar2": 0.638279438019, "dmean2": 0.771348893642, "var": 1.76807069778, "median": 0.0985546931624, "min": -12.5942354202, "dvar": 0.262929260731, "mean": -0.0267648473382}, "melbands": {"max": [0.00275865895674, 0.00246538082138, 0.0138762723655, 0.0250618420541, 0.0468814447522, 0.00722960336134, 0.01579737477, 0.0316378735006, 0.0118215493858, 0.0263804700226, 0.00825707800686, 0.00653036125004, 0.00485571101308, 0.0223548933864, 0.00819745007902, 0.00430144229904, 0.00450770976022, 0.00333710364066, 0.0032174619846, 0.00348631874658, 0.004939742852, 0.00364525197074, 0.00181311450433, 0.00115202798042, 0.0012319063535, 0.00126460660249, 0.00148151104804, 0.00227866438217, 0.00158154708333, 0.00099408288952, 0.00123542104848, 0.000359928846592, 0.000287462462438, 0.000254574755672, 0.000218472487177, 0.000246955023613, 0.000267457740847, 0.000142888908158, 9.22059916775e-05, 0.000131612905534], "dmean": [1.4246425053e-05, 2.03000327019e-05, 4.5244138164e-05, 6.59337165416e-05, 5.28570417373e-05, 3.98347401642e-05, 7.50049002818e-05, 8.23432928883e-05, 7.74801519583e-05, 8.14965242171e-05, 5.57438688702e-05, 5.78819781367e-05, 5.88336588407e-05, 5.56175873498e-05, 5.09295387019e-05, 4.07734660257e-05, 2.75499533018e-05, 2.47070056503e-05, 1.60262097779e-05, 1.59521187015e-05, 1.6861489712e-05, 1.53659457283e-05, 1.17970248539e-05, 8.44957230584e-06, 8.36507297208e-06, 8.7252301455e-06, 7.94773950474e-06, 5.85596399105e-06, 4.96125539939e-06, 3.82147845812e-06, 3.71981172975e-06, 1.77145466296e-06, 1.32206025683e-06, 1.04411742541e-06, 9.79192009254e-07, 8.13675626432e-07, 6.68231109557e-07, 4.77580044844e-07, 3.59266721262e-07, 2.94987245297e-07], "dvar2": [1.04780975008e-08, 1.54714783207e-08, 1.46205678675e-07, 5.08664413701e-07, 7.38457117677e-07, 5.94893307948e-08, 2.04821290595e-07, 4.01073322109e-07, 1.86421473813e-07, 3.02969453969e-07, 9.52485450512e-08, 8.88295090817e-08, 8.33235276332e-08, 2.08819784575e-07, 5.48502683273e-08, 3.07220382467e-08, 1.42590579344e-08, 1.41342484383e-08, 1.03723385436e-08, 1.1844010217e-08, 1.65764717508e-08, 9.74951053223e-09, 5.24912024957e-09, 2.2733572802e-09, 2.60172972055e-09, 2.66779842661e-09, 2.0078152474e-09, 1.98191929535e-09, 1.28641541863e-09, 1.08090059125e-09, 1.33918409695e-09, 2.01799910116e-10, 1.60349164502e-10, 9.19965215118e-11, 7.78643122201e-11, 6.61618329567e-11, 5.49896309043e-11, 1.82547501421e-11, 9.72035646418e-12, 9.14104816147e-12], "dmean2": [2.41793241003e-05, 3.49655201717e-05, 7.63973512221e-05, 0.000110477551061, 8.87491041794e-05, 6.7420580308e-05, 0.000123526144307, 0.000137337003252, 0.000127639679704, 0.000129917039885, 9.17600846151e-05, 9.68982130871e-05, 9.93306020973e-05, 9.42176411627e-05, 8.41792716528e-05, 6.79260629113e-05, 4.64943623228e-05, 4.2264276999e-05, 2.66377846856e-05, 2.65778544417e-05, 2.79405958281e-05, 2.44795501203e-05, 1.92143379536e-05, 1.39967378345e-05, 1.39276808113e-05, 1.44059995364e-05, 1.30785556394e-05, 9.45009833231e-06, 8.19650267658e-06, 6.38738583802e-06, 6.09101334703e-06, 2.96224493468e-06, 2.23873894356e-06, 1.7504103198e-06, 1.63991353475e-06, 1.36385460792e-06, 1.12944690045e-06, 7.96486972376e-07, 5.97219127485e-07, 4.72038180988e-07], "var": [6.32354968388e-09, 8.75268835188e-09, 6.06861760843e-08, 2.3923723802e-07, 2.86932930749e-07, 3.58219374164e-08, 1.43996388147e-07, 2.1814794593e-07, 1.55643675726e-07, 4.63034069753e-07, 1.11906807376e-07, 7.31297262746e-08, 5.78853871502e-08, 1.03850730682e-07, 7.26335187551e-08, 2.53131986483e-08, 1.67053801903e-08, 1.62989710617e-08, 1.5121633723e-08, 1.29849979658e-08, 1.33955442294e-08, 1.02051842532e-08, 4.73425210146e-09, 2.18121876117e-09, 2.54291143698e-09, 2.1753154833e-09, 1.71220393419e-09, 2.16866369307e-09, 1.09453346386e-09, 1.30759225669e-09, 1.41667255704e-09, 1.53738702324e-10, 1.24864465989e-10, 8.89725584874e-11, 7.98344584885e-11, 7.04800870444e-11, 5.1239568144e-11, 1.99634891951e-11, 1.23117939455e-11, 1.51661669334e-11], "median": [1.7347172161e-06, 1.86450006368e-06, 4.25122698289e-06, 5.19653440278e-06, 6.07403308095e-06, 7.56529288992e-06, 1.08772792373e-05, 1.18346952149e-05, 1.42662674989e-05, 1.55339948833e-05, 1.42271637742e-05, 1.2573514141e-05, 1.13536389108e-05, 1.17855024655e-05, 1.29492873384e-05, 1.03564070741e-05, 7.33213619242e-06, 7.03540172253e-06, 3.47555078406e-06, 3.27157272295e-06, 3.95029746869e-06, 2.88792284664e-06, 3.1427164231e-06, 2.26308588935e-06, 2.32686852542e-06, 2.56374823948e-06, 2.28174849326e-06, 1.48536162214e-06, 9.52529774167e-07, 3.484079798e-07, 1.73140776383e-07, 6.81037022332e-08, 2.46864217956e-08, 1.32835387134e-08, 9.58950341357e-09, 6.50547749004e-09, 4.79590056557e-09, 3.44369710525e-09, 2.74789702104e-09, 2.33497465807e-09], "min": [7.73839415864e-24, 6.64403503496e-24, 3.97458850183e-24, 1.1743057588e-23, 1.0459735512e-23, 1.08302666346e-23, 9.49000063411e-24, 8.19850595908e-24, 1.00792252989e-23, 7.58847429904e-24, 7.48816590178e-24, 1.10082510098e-23, 1.22971172003e-23, 5.63364502704e-24, 5.95055175191e-24, 4.42152119755e-24, 8.43207899564e-24, 1.8890593351e-23, 2.67851409481e-23, 8.52917751788e-24, 5.61119996213e-24, 9.11391750844e-24, 9.10658504632e-24, 7.3928841262e-24, 5.78469729646e-24, 1.12703098136e-23, 1.32656474875e-23, 9.6223454616e-24, 6.90545959464e-24, 9.1463767681e-24, 1.03061356163e-23, 1.00884810039e-23, 8.43481870957e-24, 1.23987485173e-23, 8.5486773706e-24, 1.17363538481e-23, 9.55960025406e-24, 9.06695504103e-24, 1.15100627865e-23, 1.24341920377e-23], "dvar": [3.8416967385e-09, 5.55250201373e-09, 5.28405585953e-08, 1.98088542902e-07, 2.89767854156e-07, 2.10039434734e-08, 7.83570328622e-08, 1.51246837277e-07, 7.31401996745e-08, 1.53610130837e-07, 3.7405133213e-08, 3.33686998033e-08, 3.0580160626e-08, 7.8254146274e-08, 2.16607283221e-08, 1.18872813815e-08, 5.34849409206e-09, 5.11906517175e-09, 4.22284607282e-09, 4.42811920465e-09, 7.25791693412e-09, 4.11243750165e-09, 2.063786253e-09, 8.94076312985e-10, 9.88120696377e-10, 1.01906993955e-09, 8.27567070427e-10, 7.9006878817e-10, 5.30933852438e-10, 3.99601074452e-10, 5.31877986099e-10, 7.51056716819e-11, 5.76527436902e-11, 3.39104161418e-11, 2.80943966008e-11, 2.43922382293e-11, 1.98128336654e-11, 6.80377585868e-12, 3.82267091245e-12, 3.88599872767e-12], "mean": [2.04257139558e-05, 2.80865060631e-05, 6.27684858046e-05, 8.64376706886e-05, 7.11051834514e-05, 6.42053128104e-05, 0.000118257725262, 0.000124171187053, 0.000124342739582, 0.000134642614285, 9.63982311077e-05, 9.51029505813e-05, 9.50796820689e-05, 8.99347505765e-05, 9.26626162254e-05, 6.67893255013e-05, 4.9360038247e-05, 4.53113279946e-05, 3.20975123032e-05, 3.01365816995e-05, 2.95961854135e-05, 2.78000497929e-05, 2.24536506721e-05, 1.61327625392e-05, 1.57315207616e-05, 1.63470176631e-05, 1.45689327837e-05, 1.11460367407e-05, 8.89206330612e-06, 7.44497128835e-06, 6.51657455819e-06, 2.99717430607e-06, 2.27124746743e-06, 1.94474023374e-06, 1.80366123459e-06, 1.5758863583e-06, 1.30945034016e-06, 9.38310677157e-07, 7.21089122635e-07, 5.96846462031e-07]}, "spectral_centroid": {"max": 10931.3945312, "dmean": 231.408416748, "dvar2": 185250.0625, "dmean2": 368.749328613, "var": 940029.9375, "median": 2049.69140625, "min": 183.671005249, "dvar": 77844.3515625, "mean": 2096.75097656}, "pitch_salience": {"max": 0.920775711536, "dmean": 0.0662393122911, "dvar2": 0.0097039854154, "dmean2": 0.110389515758, "var": 0.0220388006419, "median": 0.659726321697, "min": 0.0419869758189, "dvar": 0.0036698046606, "mean": 0.620595574379}, "gfcc": {"icov": [[0.000160054667504, -0.000153275934281, 0.000343579828041, -0.000201043512789, 0.000396097631892, -0.000295019824989, 0.000352998904418, -0.000218732529902, 0.000460330076749, -0.000216111060581, 0.000437127426267, -0.00014513968199, 0.000305206165649], [-0.000153275934281, 0.000773574516643, -0.00048677410814, 0.000626591267064, -0.000307827576762, 0.000662710284814, -0.00041689974023, 0.000664338818751, -0.000462481635623, 0.000903770211153, -0.000644333427772, 0.00102308834903, -0.000448041362688], [0.000343579828041, -0.00048677410814, 0.00132524012588, -0.000681676901877, 0.000850998505484, -0.000860821979586, 0.00102073338348, -0.000565834576264, 0.0011009570444, -0.000702753954101, 0.00137776555493, -0.000423428078648, 0.00104479305446], [-0.000201043512789, 0.000626591267064, -0.000681676901877, 0.00175584829412, -0.000204091629712, 0.000561921391636, -0.000243664369918, 0.000525078387, -0.000277439103229, 0.000580352498218, -0.000275363301625, 0.000757678120863, -0.000753189378884], [0.000396097631892, -0.000307827576762, 0.000850998505484, -0.000204091629712, 0.00237757666036, -0.00101256929338, 0.000885190733243, -0.000469795661047, 0.000493443920277, -0.000358513236279, 0.00089603633387, -0.000145293452078, 8.05293893791e-05], [-0.000295019824989, 0.000662710284814, -0.000860821979586, 0.000561921391636, -0.00101256929338, 0.00263181212358, -0.000247679126915, 0.000792839506175, -0.000852913944982, 0.00096788891824, -0.00102723226883, -0.000561221502721, -1.54900008056e-05], [0.000352998904418, -0.00041689974023, 0.00102073338348, -0.000243664369918, 0.000885190733243, -0.000247679126915, 0.00334646040574, -0.000616181350779, 0.00202122633345, -0.00116770120803, 0.000925213273149, -0.000453222164651, 0.000287460949039], [-0.000218732529902, 0.000664338818751, -0.000565834576264, 0.000525078387, -0.000469795661047, 0.000792839506175, -0.000616181350779, 0.00435823295265, -0.000704449310433, 0.000980428187177, -0.00154090765864, 0.000397848256398, -0.000579683633987], [0.000460330076749, -0.000462481635623, 0.0011009570444, -0.000277439103229, 0.000493443920277, -0.000852913944982, 0.00202122633345, -0.000704449310433, 0.00527538079768, -0.00135615083855, 0.00185544788837, -0.00137454236392, 0.000721908465493], [-0.000216111060581, 0.000903770211153, -0.000702753954101, 0.000580352498218, -0.000358513236279, 0.00096788891824, -0.00116770120803, 0.000980428187177, -0.00135615083855, 0.00679401820526, -0.00199050735682, 0.00238233618438, -0.00177317566704], [0.000437127426267, -0.000644333427772, 0.00137776555493, -0.000275363301625, 0.00089603633387, -0.00102723226883, 0.000925213273149, -0.00154090765864, 0.00185544788837, -0.00199050735682, 0.00757677666843, -0.00110879063141, 0.00163734005764], [-0.00014513968199, 0.00102308834903, -0.000423428078648, 0.000757678120863, -0.000145293452078, -0.000561221502721, -0.000453222164651, 0.000397848256398, -0.00137454236392, 0.00238233618438, -0.00110879063141, 0.00824331492186, -0.00245220749639], [0.000305206165649, -0.000448041362688, 0.00104479305446, -0.000753189378884, 8.05293893791e-05, -1.54900008056e-05, 0.000287460949039, -0.000579683633987, 0.000721908465493, -0.00177317566704, 0.00163734005764, -0.00245220749639, 0.00856454577297]], "cov": [[25330.2617188, 458.527252197, -2171.42504883, 1168.63842773, -2711.88916016, 196.256072998, -402.068572998, 117.02973938, -1145.37036133, -185.895111084, -272.594085693, -187.109619141, -407.148895264], [458.527252197, 3304.79272461, 161.446655273, -631.078979492, -182.927642822, -651.750976562, 226.519927979, -215.916320801, -147.288284302, -108.54069519, 31.0346908569, -367.866516113, -61.6422233582], [-2171.42504883, 161.446655273, 2380.2109375, 422.553070068, -130.347244263, 276.779052734, -348.542602539, -58.8803329468, -29.84034729, -63.7057304382, -177.578903198, -27.4698810577, -142.526885986], [1168.63842773, -631.078979492, 422.553070068, 1007.48547363, -222.838546753, 54.2333526611, -119.425933838, -9.24137973785, -87.1261901855, -4.86659193039, -93.7562408447, -6.99177265167, -9.771276474], [-2711.88916016, -182.927642822, -130.347244263, -222.838546753, 938.114807129, 196.502990723, -78.182144165, 3.09052634239, 209.91960144, -6.99902296066, 23.972661972, 77.0931854248, 76.0904464722], [196.256072998, -651.750976562, 276.779052734, 54.2333526611, 196.502990723, 791.148132324, -236.932144165, -9.79714202881, 104.319374084, -76.4420089722, -17.6405220032, 164.336654663, -37.4055709839], [-402.068572998, 226.519927979, -348.542602539, -119.425933838, -78.182144165, -236.932144165, 558.219726562, 17.6245975494, -140.408172607, 70.9959716797, 49.9615745544, -54.3948822021, 42.3657493591], [117.02973938, -215.916320801, -58.8803329468, -9.24137973785, 3.09052634239, -9.79714202881, 17.6245975494, 279.909942627, 1.79161858559, -2.73293471336, 38.8098258972, 22.0357685089, 7.38437795639], [-1145.37036133, -147.288284302, -29.84034729, -87.1261901855, 209.91960144, 104.319374084, -140.408172607, 1.79161858559, 351.928253174, 7.08672332764, -17.3328933716, 70.0094680786, 27.3000545502], [-185.895111084, -108.54069519, -63.7057304382, -4.86659193039, -6.99902296066, -76.4420089722, 70.9959716797, -2.73293471336, 7.08672332764, 205.466949463, 34.2550544739, -38.5878448486, 29.9941921234], [-272.594085693, 31.0346908569, -177.578903198, -93.7562408447, 23.972661972, -17.6405220032, 49.9615745544, 38.8098258972, -17.3328933716, 34.2550544739, 189.812194824, 3.28049182892, -1.3472751379], [-187.109619141, -367.866516113, -27.4698810577, -6.99177265167, 77.0931854248, 164.336654663, -54.3948822021, 22.0357685089, 70.0094680786, -38.5878448486, 3.28049182892, 205.807174683, 37.4586677551], [-407.148895264, -61.6422233582, -142.526885986, -9.771276474, 76.0904464722, -37.4055709839, 42.3657493591, 7.38437795639, 27.3000545502, 29.9941921234, -1.3472751379, 37.4586677551, 157.758743286]], "mean": [-147.590270996, 61.7552871704, -172.156478882, -0.492597490549, -50.0872192383, -5.13024997711, -26.2901878357, 6.02896356583, -24.7998905182, 6.77782964706, -11.2331781387, -1.28899407387, -8.44216537476]}, "spectral_flux": {"max": 0.419718027115, "dmean": 0.00977420900017, "dvar2": 0.000488748948555, "dmean2": 0.0159653779119, "var": 0.00151078286581, "median": 0.0444860383868, "min": 1.01626262961e-10, "dvar": 0.000195843414986, "mean": 0.0498727858067}, "zerocrossingrate": {"max": 0.8623046875, "dmean": 0.00867441948503, "dvar2": 0.000172844695044, "dmean2": 0.0106314755976, "var": 0.00564310001209, "median": 0.08544921875, "min": 0, "dvar": 0.000123774196254, "mean": 0.0992073342204}, "spectral_energyband_middle_low": {"max": 0.196273773909, "dmean": 0.0013570607407, "dvar2": 4.0926886868e-05, "dmean2": 0.0021591228433, "var": 5.2379018598e-05, "median": 0.000637582619675, "min": 2.7858232855e-22, "dvar": 1.77827514563e-05, "mean": 0.0031563565135}, "silence_rate_20dB": {"max": 1, "dmean": 0, "dvar2": 0, "dmean2": 0, "var": 0, "median": 1, "min": 1, "dvar": 0, "mean": 1}, "silence_rate_30dB": {"max": 1, "dmean": 0.000744047632907, "dvar2": 0.00173477060162, "dmean2": 0.0014881567331, "var": 0.00107388861943, "median": 1, "min": 0, "dvar": 0.000743205368053, "mean": 0.998925328255}, "spectral_entropy": {"max": 9.79864120483, "dmean": 0.13893198967, "dvar2": 0.0520659014583, "dmean2": 0.218422308564, "var": 0.530462384224, "median": 7.43826055527, "min": 3.61275959015, "dvar": 0.0225280988961, "mean": 7.35020208359}, "spectral_rolloff": {"max": 21597.8027344, "dmean": 484.350952148, "dvar2": 2712903.25, "dmean2": 834.240661621, "var": 6644622.5, "median": 2304.05273438, "min": 21.533203125, "dvar": 1038246