{"metadata": {"version": {"essentia_git_sha": "v2.1_beta2-1-ge3940c0", "essentia_build_sha": "2d9f1f26377add8aeb1075a9c2973f962c4f09fd", "extractor": "music 1.0", "essentia": "2.1-beta2"}, "audio_properties": {"analysis_sample_rate": 44100, "md5_encoded": "7f6e145ea520984a1a0cc181eab7d8d0", "downmix": "mix", "sample_rate": 44100, "equal_loudness": 0, "lossless": false, "codec": "mp3", "bit_rate": 128024, "length": 140.094696045, "replay_gain": -13.5305595398}, "tags": {"script": ["Latn"], "musicbrainz album type": ["album"], "discnumber": ["1/1"], "musicbrainz_artistid": ["8a7ca8b0-d23c-4eff-8fe9-6220ba5c9c76"], "musicbrainz album status": ["official"], "date": ["1982"], "contentgroup": ["Rock/Pop: Singer/Songwriter"], "musicbrainz_albumid": ["9c9d736d-cf74-41ac-b7cf-1b5171990b72"], "musicbrainz album release country": ["US"], "title": ["The Goldfish & The Frog"], "album": ["The What Of Whom"], "filetype": ["MPG/3"], "artistsort": ["Johnston, Daniel"], "file_name": "Daniel Johnston - The What of Whom - 04 - the goldfish & the frog.mp3", "genre": ["SingerSongwriter"], "artist": ["Daniel Johnston"], "tracknumber": ["4/18"], "originaldate": ["1982"], "albumartist": ["Daniel Johnston"], "musicbrainz_recordingid": ["fb215fd8-8d5a-459e-be91-824295b2a05f"], "albumartistsort": ["Johnston, Daniel"], "encodedby": ["mp3.com"], "musicbrainz_releasegroupid": ["697e46b7-86bf-3700-a93d-1eab391b781e"], "musicbrainz_albumartistid": ["8a7ca8b0-d23c-4eff-8fe9-6220ba5c9c76"]}}, "rhythm": {"beats_loudness": {"var": 0.000309602095513, "mean": 0.0254159457982, "dmean2": 0.0209171026945, "dvar": 0.000176899469807, "dmean": 0.0124806053936, "max": 0.0845097899437, "min": 0.000315789337037, "median": 0.0236504394561, "dvar2": 0.000472763611469}, "beats_position": [0.557278871536, 1.1261677742, 1.69505667686, 2.2523355484, 2.79800438881, 3.29723358154, 3.73841261864, 4.20281171799, 4.66721057892, 5.16644001007, 5.65405893326, 6.13006782532, 6.6176867485, 7.10530614853, 7.70902490616, 8.28952407837, 8.87002277374, 9.45052146912, 10.0310201645, 10.6115188599, 11.2036275864, 11.7725172043, 12.3530158997, 12.9451246262, 13.5140132904, 14.0945119858, 14.6750106812, 15.2439002991, 15.7895689011, 16.3120174408, 16.8344669342, 17.3569164276, 17.8677539825, 18.3669834137, 18.877822876, 19.3886623383, 19.8878898621, 20.3755092621, 20.851518631, 21.3275279999, 21.8151473999, 22.2911567688, 22.7555541992, 23.2083435059, 23.6611328125, 24.1603622437, 24.6363716125, 25.1239910126, 25.6116104126, 26.0992279053, 26.5868473053, 27.0860767365, 27.5853061676, 28.0961437225, 28.6069831848, 29.1294326782, 29.6518821716, 30.1627197266, 30.68516922, 31.1960086823, 31.6952381134, 32.2060775757, 32.6936950684, 33.1813163757, 33.6689338684, 34.1449432373, 34.6209526062, 35.1085700989, 35.5961914063, 36.0838088989, 36.5598182678, 37.0358276367, 37.5002250671, 37.9646263123, 38.4406356812, 38.8934249878, 39.3578224182, 39.8222198486, 40.2866210938, 40.7742385864, 41.2618598938, 41.7262573242, 42.1906585693, 42.6550559998, 43.1194534302, 43.5838546753, 44.0482521057, 44.5126533508, 44.9770507813, 45.4414520264, 45.894241333, 46.3586387634, 46.8230361938, 47.2990455627, 47.7402267456, 48.1930160522, 48.6458053589, 49.1102027893, 49.5746040344, 50.0506095886, 50.5150108337, 51.0142402649, 51.5018577576, 52.0010871887, 52.5003166199, 53.0111541748, 53.5219955444, 54.0212249756, 54.5204544067, 55.0312919617, 55.5421295166, 56.0529708862, 56.5173683167, 56.9817695618, 57.4461669922, 57.9105644226, 58.3865737915, 58.8625831604, 59.3385925293, 59.7797737122, 60.2093429565, 60.6389122009, 61.0916976929, 61.5328788757, 61.9740562439, 62.5081176758, 63.042175293, 63.5762329102, 64.1102905273, 64.655960083, 65.1900177002, 65.7472991943, 66.29296875, 66.8386383057, 67.3843078613, 67.9183654785, 68.4756469727, 69.0329208374, 69.5902023315, 70.1010437012, 70.6351013184, 71.1575469971, 71.6335601807, 72.0979614258, 72.5623550415, 73.0267562866, 73.4911575317, 73.9787750244, 74.5824966431, 75.1745986938, 75.766708374, 76.3472061157, 76.9393157959, 77.5314254761, 78.1119232178, 78.7156448364, 79.3425827026, 79.9695205688, 80.5964584351, 81.2233963013, 81.8503417969, 82.4888839722, 83.1158294678, 83.661491394, 84.2187728882, 84.7644424438, 85.3101119995, 85.8673934937, 86.4246673584, 86.9587249756, 87.4927902222, 88.0500640869, 88.6073455811, 89.1530151367, 89.6638565063, 90.1863021851, 90.6971435547, 91.2079772949, 91.7188186646, 92.2296600342, 92.7404937744, 93.2629470825, 93.7621765137, 94.2614059448, 94.760635376, 95.2598648071, 95.7590942383, 96.2350997925, 96.7227172852, 97.2103347778, 97.6979598999, 98.1623535156, 98.6383666992, 99.1143722534, 99.590385437, 100.054779053, 100.519180298, 100.995193481, 101.471199036, 101.958816528, 102.458045959, 103.05015564, 103.630653381, 104.211151123, 104.791656494, 105.372154236, 105.941040039, 106.509933472, 106.997550964, 107.450340271, 107.903129578, 108.355918884, 108.797096252, 109.238273621, 109.691062927, 110.132240295, 110.573425293, 111.0262146, 111.479003906, 111.943397522, 112.407798767, 112.860588074, 113.31337738, 113.766166687, 114.218955994, 114.660133362, 115.10131073, 115.542495728, 115.983673096, 116.436462402, 116.889251709, 117.330429077, 117.771606445, 118.212783813, 118.66557312, 119.199638367, 119.745300293, 120.27936554, 120.813423157, 121.347480774, 121.881538391, 122.415596008, 122.949661255, 123.50693512, 124.064216614, 124.621498108, 125.225212097, 125.828933716, 126.409431458, 127.001541138, 127.593650818, 128.208984375, 128.824310303, 129.509292603, 130.194290161, 130.879272461, 131.564254761, 132.249252319, 132.911010742, 133.572784424, 134.257781982, 134.931152344, 135.581314087, 136.23147583, 136.881637573, 137.531784058, 138.181945801, 138.820495605, 139.45904541], "bpm_histogram_first_peak_spread": {"var": 0, "mean": 0.54545456171, "dmean2": 0, "dvar": 0, "dmean": 0, "max": 0.54545456171, "min": 0.54545456171, "median": 0.54545456171, "dvar2": 0}, "danceability": 1.41735172272, "bpm_histogram_second_peak_weight": {"var": 0, "mean": 0.0895522385836, "dmean2": 0, "dvar": 0, "dmean": 0, "max": 0.0895522385836, "min": 0.0895522385836, "median": 0.0895522385836, "dvar2": 0}, "bpm_histogram_first_peak_weight": {"var": 0, "mean": 0.130597010255, "dmean2": 0, "dvar": 0, "dmean": 0, "max": 0.130597010255, "min": 0.130597010255, "median": 0.130597010255, "dvar2": 0}, "bpm": 129.159362793, "bpm_histogram_second_peak_spread": {"var": 0, "mean": 0.441860467196, "dmean2": 0, "dvar": 0, "dmean": 0, "max": 0.441860467196, "min": 0.441860467196, "median": 0.441860467196, "dvar2": 0}, "bpm_histogram_second_peak_bpm": {"var": 0, "mean": 123, "dmean2": 0, "dvar": 0, "dmean": 0, "max": 123, "min": 123, "median": 123, "dvar2": 0}, "beats_count": 269, "beats_loudness_band_ratio": {"var": [0.0137381339446, 0.0209941770881, 0.0298473574221, 0.0726854428649, 0.0688965544105, 0.00169239484239], "mean": [0.0822275429964, 0.108046121895, 0.154408320785, 0.379602015018, 0.281597316265, 0.0266749896109], "dmean2": [0.135446473956, 0.18146596849, 0.265195548534, 0.471538871527, 0.366854190826, 0.0474516749382], "dvar": [0.0116053707898, 0.0178520884365, 0.0291091017425, 0.0550631657243, 0.0391577966511, 0.00200727325864], "dmean": [0.0791884958744, 0.104015901685, 0.150376319885, 0.271042644978, 0.215270265937, 0.0265736877918], "max": [0.603344142437, 0.800230979919, 0.875257730484, 0.925536453724, 0.989610612392, 0.319671541452], "min": [0.00166283419821, 0.000839892250951, 0.0004824626958, 0.00054885505233, 0.00169316632673, 0.000109695196443], "median": [0.0294503197074, 0.0382974334061, 0.0886583477259, 0.33038944006, 0.192251712084, 0.0145567664877], "dvar2": [0.0298192854971, 0.0453124903142, 0.0818782225251, 0.145326584578, 0.0927558392286, 0.0055338749662]}, "onset_rate": 2.8192293644, "bpm_histogram_first_peak_bpm": {"var": 0, "mean": 129, "dmean2": 0, "dvar": 0, "dmean": 0, "max": 129, "min": 129, "median": 129, "dvar2": 0}}, "lowlevel": {"hfc": {"var": 479.328796387, "mean": 22.7721500397, "dmean2": 8.16937637329, "dvar": 93.9107666016, "dmean": 6.36580657959, "max": 151.733200073, "min": 1.04219727924e-16, "median": 16.4719829559, "dvar2": 155.195724487}, "barkbands_spread": {"var": 56.9518432617, "mean": 12.5683994293, "dmean2": 4.5355963707, "dvar": 12.687412262, "dmean": 3.00422596931, "max": 57.5231132507, "min": 0.854737341404, "median": 10.836766243, "dvar2": 28.7935657501}, "spectral_spread": {"var": 6221984169980.0, "mean": 2114900.5, "dmean2": 304398.28125, "dvar": 174603829248, "dmean": 190366.828125, "max": 42075320, "min": 812577.0625, "median": 1872593.25, "dvar2": 250981367808}, "spectral_energy": {"var": 0.000223803202971, "mean": 0.0173418987542, "dmean2": 0.00611737184227, "dvar": 4.60431947431e-05, "dmean": 0.00463900109753, "max": 0.10316119343, "min": 1.03493534367e-20, "median": 0.0151296555996, "dvar2": 8.01732530817e-05}, "gfcc": {"icov": [[0.000910936505534, -0.00179503369145, 0.00240534218028, -0.000866397924256, 0.000615863187704, -0.000872744072694, 0.000995026435703, 0.000144750461914, 0.000152046050061, 0.000399574899347, 0.000816022336949, -0.000642069906462, 0.000761799921747], [-0.00179503369145, 0.0064073652029, -0.00566381588578, 0.00326232146472, 0.000368671637261, 0.00264753587544, -0.00136612844653, 0.000653693685308, 4.94739942951e-05, 0.00129904958885, -0.00263502285816, 0.00401468761265, -0.00187922629993], [0.00240534218028, -0.00566381588578, 0.00825748313218, -0.00245639309287, 0.0026010829024, -0.00357535248622, 0.00366475922056, -0.000593628385104, 0.00130030687433, 0.000456634763395, 0.00313926069066, -0.00278769992292, 0.00246950611472], [-0.000866397924256, 0.00326232146472, -0.00245639309287, 0.00472363876179, -0.00130643299781, 0.0034001194872, -0.00135314266663, 0.00028505345108, 0.00200795708224, -0.0017073485069, 0.00145584985148, -0.000602296961006, 0.000324246095261], [0.000615863187704, 0.000368671637261, 0.0026010829024, -0.00130643299781, 0.00813849829137, -0.00462617492303, 0.0043513700366, -0.000176046669367, -0.00192098459229, 0.00440221047029, -0.00256722280756, 0.00305251427926, 0.000104964601633], [-0.000872744072694, 0.00264753587544, -0.00357535248622, 0.0034001194872, -0.00462617492303, 0.0103709874675, -0.0045596905984, 0.000731424777769, 0.00300746853463, -0.00585539313033, 0.00318008894101, -0.000983662554063, -3.40902879543e-05], [0.000995026435703, -0.00136612844653, 0.00366475922056, -0.00135314266663, 0.0043513700366, -0.0045596905984, 0.0105126975104, -0.00216887099668, 0.00221743644215, 0.00341271678917, -0.00238785962574, 0.00327541562729, -0.0015127165243], [0.000144750461914, 0.000653693685308, -0.000593628385104, 0.00028505345108, -0.000176046669367, 0.000731424777769, -0.00216887099668, 0.00741945207119, -0.00160987547133, 0.000788910139818, 0.00235689780675, -0.00358466315083, 0.00118731555995], [0.000152046050061, 4.94739942951e-05, 0.00130030687433, 0.00200795708224, -0.00192098459229, 0.00300746853463, 0.00221743644215, -0.00160987547133, 0.0111079569906, -0.003287530737, 0.00313759827986, 0.00199960498139, -0.00098782859277], [0.000399574899347, 0.00129904958885, 0.000456634763395, -0.0017073485069, 0.00440221047029, -0.00585539313033, 0.00341271678917, 0.000788910139818, -0.003287530737, 0.013347113505, -0.00435186177492, 0.00434699421749, -0.000901699240785], [0.000816022336949, -0.00263502285816, 0.00313926069066, 0.00145584985148, -0.00256722280756, 0.00318008894101, -0.00238785962574, 0.00235689780675, 0.00313759827986, -0.00435186177492, 0.0167442541569, -0.00910775270313, 0.00840292964131], [-0.000642069906462, 0.00401468761265, -0.00278769992292, -0.000602296961006, 0.00305251427926, -0.000983662554063, 0.00327541562729, -0.00358466315083, 0.00199960498139, 0.00434699421749, -0.00910775270313, 0.0192243289202, -0.00747048575431], [0.000761799921747, -0.00187922629993, 0.00246950611472, 0.000324246095261, 0.000104964601633, -3.40902879543e-05, -0.0015127165243, 0.00118731555995, -0.00098782859277, -0.000901699240785, 0.00840292964131, -0.00747048575431, 0.0155446529388]], "mean": [-104.643409729, 144.121948242, -191.769607544, 13.4704627991, -35.8940696716, -6.90271997452, -23.5947990417, -12.5837211609, -17.7125701904, -10.7306232452, -10.5615139008, -16.0147533417, -5.51282167435], "cov": [[7088.31884766, 876.50378418, -1801.15808105, -129.011825562, 102.466026306, -443.15045166, -125.413269043, -419.258361816, 163.086593628, -274.449645996, 97.4736938477, -262.111541748, -118.64200592], [876.50378418, 1279.33728027, 469.31060791, -510.685852051, -312.908996582, -149.893814087, -9.95980739594, -126.621154785, -40.8800926208, -146.696777344, 26.6974697113, -126.579742432, -28.0826072693], [-1801.15808105, 469.31060791, 1124.76904297, -138.38394165, -286.777191162, 96.8573226929, -6.47629976273, 83.9241714478, -132.776809692, 16.1881504059, -61.4727478027, 55.3385620117, 16.6400985718], [-129.011825562, -510.685852051, -138.38394165, 559.682678223, 83.4228973389, -27.0735988617, -4.64086341858, 49.2271728516, -45.4327964783, 44.1900596619, -23.8576564789, 78.765411377, 0.48637124896], [102.466026306, -312.908996582, -286.777191162, 83.4228973389, 324.721130371, 61.2554855347, -62.5274124146, -14.0072441101, 72.044960022, 11.4346399307, 8.83313941956, -22.9614887238, -16.6724357605], [-443.15045166, -149.893814087, 96.8573226929, -27.0735988617, 61.2554855347, 249.784622192, 45.8175735474, 14.5141115189, -31.5986537933, 80.3158035278, -28.5189704895, 4.03406238556, 12.2642822266], [-125.413269043, -9.95980739594, -6.47629976273, -4.64086341858, -62.5274124146, 45.8175735474, 180.275772095, 35.0288352966, -58.11926651, -14.1712369919, 12.0980176926, 4.81994771957, 12.7195243835], [-419.258361816, -126.621154785, 83.9241714478, 49.2271728516, -14.0072441101, 14.5141115189, 35.0288352966, 202.200378418, 1.5805221796, -8.20396709442, -30.7309799194, 56.7146682739, 22.4634437561], [163.086593628, -40.8800926208, -132.776809692, -45.4327964783, 72.044960022, -31.5986537933, -58.11926651, 1.5805221796, 168.415527344, 20.5775089264, -32.1325950623, -42.4171447754, 11.6554527283], [-274.449645996, -146.696777344, 16.1881504059, 44.1900596619, 11.4346399307, 80.3158035278, -14.1712369919, -8.20396709442, 20.5775089264, 145.475860596, 0.0823883339763, -7.52923774719, -2.34816288948], [97.4736938477, 26.6974697113, -61.4727478027, -23.8576564789, 8.83313941956, -28.5189704895, 12.0980176926, -30.7309799194, -32.1325950623, 0.0823883339763, 128.21685791, 22.645608902, -48.34740448], [-262.111541748, -126.579742432, 55.3385620117, 78.765411377, -22.9614887238, 4.03406238556, 4.81994771957, 56.7146682739, -42.4171447754, -7.52923774719, 22.645608902, 120.772537231, 26.0769424438], [-118.64200592, -28.0826072693, 16.6400985718, 0.48637124896, -16.6724357605, 12.2642822266, 12.7195243835, 22.4634437561, 11.6554527283, -2.34816288948, -48.34740448, 26.0769424438, 103.029563904]]}, "silence_rate_60dB": {"var": 0.152495220304, "mean": 0.187738195062, "dmean2": 0.0782363638282, "dvar": 0.0375827476382, "dmean": 0.039111699909, "max": 1, "min": 0, "median": 0, "dvar2": 0.0857094824314}, "spectral_centroid": {"var": 713436.25, "mean": 1644.35241699, "dmean2": 237.655761719, "dvar": 57196.6796875, "dmean": 170.667510986, "max": 11525.2148438, "min": 291.113830566, "median": 1640.51489258, "dvar2": 113759.234375}, "spectral_complexity": {"var": 56.3780708313, "mean": 14.6558408737, "dmean2": 3.5272667408, "dvar": 4.93964910507, "dmean": 2.284719944, "max": 44, "min": 0, "median": 15, "dvar2": 10.2617559433}, "melbands_spread": {"var": 240.704696655, "mean": 26.8330879211, "dmean2": 9.48195171356, "dvar": 48.5410575867, "dmean": 6.28792905807, "max": 146.805923462, "min": 2.22197008133, "median": 24.1315574646, "dvar2": 106.807662964}, "spectral_strongpeak": {"var": 8.99945068359, "mean": 3.24958705902, "dmean2": 1.67295229435, "dvar": 1.84521973133, "dmean": 1.12531805038, "max": 17.610250473, "min": 2.2923925258e-10, "median": 2.31433725357, "dvar2": 3.61988162994}, "zerocrossingrate": {"var": 0.00127420655917, "mean": 0.0669950991869, "dmean2": 0.00617753062397, "dvar": 7.00811142451e-05, "dmean": 0.00562656344846, "max": 0.52001953125, "min": 0.01416015625, "median": 0.0654296875, "dvar2": 0.000113515627163}, "erbbands_kurtosis": {"var": 180.109176636, "mean": 3.91860103607, "dmean2": 3.08479571342, "dvar": 39.9689483643, "dmean": 2.14708971977, "max": 343.917266846, "min": -1.61942994595, "median": 1.5049932003, "dvar2": 67.6518707275}, "spectral_energyband_middle_low": {"var": 3.85946223105e-05, "mean": 0.00452539231628, "dmean2": 0.00225132261403, "dvar": 8.61933676788e-06, "dmean": 0.00151912879664, "max": 0.0540821403265, "min": 1.89034372687e-22, "median": 0.00207416340709, "dvar2": 1.82478543138e-05}, "erbbands": {"var": [4.01265742767e-06, 0.000869112089276, 0.368253350258, 3.9590306282, 20.6289348602, 103.895805359, 63.5357170105, 65.2012786865, 255.223678589, 654.68737793, 1529.92028809, 1840.71520996, 5283.61181641, 3213.32470703, 18926.046875, 40766.3125, 91916.6953125, 72759.21875, 30476.0078125, 28202.75, 9519.89648438, 7073.70263672, 7890.578125, 1235.55212402, 502.458740234, 30.7268867493, 19.158613205, 0.905247807503, 0.1425036937, 0.0346264764667, 0.00135131506249, 9.16450662771e-05, 8.09797984402e-06, 9.09120444703e-07, 1.17124073995e-07, 1.55994221984e-08, 1.29811250638e-09, 2.55903631619e-11, 8.29176310946e-11, 3.50964202145e-10], "mean": [0.00144869182259, 0.0205288100988, 0.307521253824, 1.0547555685, 2.28275084496, 4.55733823776, 3.76143908501, 4.14248514175, 5.49265670776, 11.8765001297, 16.4260025024, 19.5682430267, 30.4938526154, 27.4347839355, 41.5937042236, 69.7589263916, 137.009231567, 120.161392212, 94.8255691528, 78.1613693237, 47.530632019, 39.5084571838, 37.2105827332, 17.6158351898, 11.1376361847, 3.38185739517, 2.19612050056, 0.6800096035, 0.261658370495, 0.115469753742, 0.030758485198, 0.0101552028209, 0.00380494841374, 0.00144315185025, 0.000535700353794, 0.000174243978108, 4.78318834212e-05, 6.90571550876e-06, 1.06356055767e-05, 2.17524611799e-05], "dmean2": [0.00180226680823, 0.0255874954164, 0.31150701642, 1.04206335545, 2.2341735363, 3.12415027618, 3.09661078453, 3.35322856903, 5.01736068726, 10.3081893921, 12.1316690445, 15.8278646469, 22.4830513, 21.432636261, 31.4650001526, 51.6689491272, 74.5042266846, 76.1703491211, 52.6769523621, 45.9546699524, 28.121629715, 19.4933547974, 17.083158493, 9.72498226166, 6.39141321182, 1.91515576839, 1.23569571972, 0.44916382432, 0.156656220555, 0.0659402534366, 0.018309187144, 0.00535921379924, 0.00214684777893, 0.000773638079409, 0.000333804899128, 0.000124770172988, 3.57679382432e-05, 3.54725193574e-06, 3.65157961824e-06, 7.60849752623e-06], "dvar": [3.19487639899e-06, 0.000669900502544, 0.159569069743, 2.06078672409, 8.89330863953, 32.1275291443, 27.9019794464, 26.1383018494, 161.788589478, 331.744018555, 505.531524658, 844.318847656, 1826.2767334, 1689.37121582, 6979.671875, 16275.7099609, 24580.3203125, 27873.5488281, 8997.98632813, 10023.6835938, 2970.17236328, 1257.92687988, 1313.00976563, 335.978424072, 122.085037231, 8.84547710419, 3.76264405251, 0.305474877357, 0.0419552773237, 0.00714473705739, 0.000373356218915, 2.14932751987e-05, 2.54563929047e-06, 2.90541578352e-07, 4.87834306284e-08, 7.9024760069e-09, 7.64760033078e-10, 8.07553243026e-12, 1.6588902127e-11, 7.1659567169e-11], "dmean": [0.00104197149631, 0.014644482173, 0.190603241324, 0.634387552738, 1.31355524063, 2.04999423027, 1.93539440632, 2.14141511917, 3.30313277245, 6.482442379, 7.87509965897, 10.5714483261, 15.823923111, 14.6599063873, 22.6536521912, 37.2014427185, 57.6090431213, 56.7592773438, 38.0547637939, 33.556350708, 20.7619094849, 14.9059000015, 13.1208267212, 6.99000644684, 4.68767595291, 1.34718942642, 0.878850579262, 0.305062741041, 0.108314007521, 0.0449285246432, 0.0120425391942, 0.00355363474227, 0.00136702659074, 0.000487316312501, 0.000205202828511, 7.59642498451e-05, 2.17650194827e-05, 2.30818568525e-06, 2.80101107819e-06, 5.79827656111e-06], "max": [0.0416674241424, 0.712459504604, 8.41481590271, 30.4999866486, 67.6130065918, 175.121353149, 152.411376953, 146.559799194, 430.392578125, 364.779418945, 795.3828125, 836.123168945, 1023.24438477, 1126.30517578, 2427.10791016, 4217.09472656, 3136.49609375, 5095.91894531, 1945.85009766, 3410.66552734, 1699.19848633, 2032.51647949, 901.625, 649.264404297, 351.266479492, 113.932090759, 44.7129631042, 13.0989341736, 6.97700405121, 1.77579009533, 0.326679110527, 0.0839687213302, 0.0206256676465, 0.00735974311829, 0.00417954474688, 0.00239422335289, 0.000889599730726, 7.58409805712e-05, 6.28383932053e-05, 0.000130432163132], "min": [6.75610014184e-23, 4.38802654217e-22, 3.49231494483e-21, 1.02812717871e-20, 3.05605694132e-21, 2.03154976832e-20, 2.9863145893e-20, 6.4774678462e-20, 1.49061785017e-19, 2.00220980124e-19, 2.17999443782e-19, 4.42224093758e-19, 8.43016830284e-19, 8.65040358997e-19, 1.06732861857e-18, 1.51438592864e-18, 3.14307849857e-18, 2.4289290148e-18, 3.56682265366e-18, 3.47813937942e-18, 3.86252648776e-18, 6.04297086014e-18, 5.13198692537e-18, 7.61234217244e-18, 7.53182937469e-18, 1.08904423964e-17, 8.65773964803e-18, 1.0963329416e-17, 1.16786793457e-17, 1.40071026073e-17, 1.32532292222e-17, 1.10159893882e-17, 1.14740034293e-17, 9.22549904969e-18, 7.12918432228e-18, 4.13200869644e-18, 2.62786429776e-18, 1.05280539496e-18, 2.63542664141e-19, 2.69091239825e-20], "median": [0.000921143975575, 0.0112737417221, 0.0900043025613, 0.269963055849, 0.476942062378, 0.972011566162, 1.01215648651, 1.46866989136, 1.595677495, 3.39670467377, 4.62097263336, 7.04521560669, 9.05979061127, 9.65902996063, 8.67201900482, 12.8638572693, 17.8716163635, 24.948759079, 24.7365398407, 16.4135417938, 11.2215175629, 8.61786270142, 5.47850179672, 4.15033912659, 3.15652036667, 1.38265752792, 0.737716078758, 0.342650085688, 0.109414540231, 0.0392793081701, 0.0141310598701, 0.00589300878346, 0.0026661825832, 0.00108053162694, 0.000423593737651, 0.000137307477416, 3.84543418477e-05, 5.19465083926e-06, 9.21160062717e-06, 1.90210685105e-05], "dvar2": [8.73938552104e-06, 0.00185013399459, 0.401473939419, 5.31414604187, 25.2044639587, 68.5438995361, 67.3452529907, 62.3361816406, 366.627227783, 772.339050293, 1099.98779297, 1896.86767578, 3581.44604492, 3888.14233398, 12625.390625, 31897.0585938, 40111.4101563, 55892.8046875, 18596.359375, 21477.390625, 6196.15771484, 1954.62634277, 2019.9420166, 631.545654297, 217.846633911, 16.8357124329, 7.15905666351, 0.709448039532, 0.0811504349113, 0.0147889433429, 0.000852776982356, 4.73484215036e-05, 5.94111452301e-06, 7.01687270066e-07, 1.25047321831e-07, 2.02595877852e-08, 1.9369819082e-09, 1.79601455236e-11, 2.80324999324e-11, 1.23207735681e-10]}, "barkbands_crest": {"var": 20.7859420776, "mean": 10.8351678848, "dmean2": 3.63386654854, "dvar": 5.40902805328, "dmean": 2.39240026474, "max": 26.5948543549, "min": 2.78395795822, "median": 9.90614414215, "dvar2": 12.081076622}, "melbands_crest": {"var": 27.6288604736, "mean": 12.4762916565, "dmean2": 4.18884992599, "dvar": 7.08647680283, "dmean": 2.75925898552, "max": 34.5477638245, "min": 1.64045035839, "median": 11.299197197, "dvar2": 15.669793129}, "spectral_flux": {"var": 0.00163338985294, "mean": 0.0588950626552, "dmean2": 0.029126368463, "dvar": 0.000427796156146, "dmean": 0.0182471107692, "max": 0.319652974606, "min": 6.51061010659e-11, "median": 0.0494621023536, "dvar2": 0.00100587587804}, "spectral_contrast_valleys": {"var": [1.70295703411, 2.32188224792, 2.10062646866, 2.1541030407, 1.87525320053, 0.958067953587], "mean": [-8.64451122284, -7.31198167801, -7.50620651245, -7.80495548248, -8.36368846893, -12.6395750046], "dmean2": [0.763931751251, 0.560380041599, 0.477483123541, 0.418092548847, 0.368112146854, 0.314919412136], "dvar": [0.159951016307, 0.130111142993, 0.105451375246, 0.0999585911632, 0.0979365035892, 0.0645729526877], "dmean": [0.446875751019, 0.339167803526, 0.294592320919, 0.271243542433, 0.251823157072, 0.19631972909], "max": [-6.4886469841, -5.05072021484, -4.78443717957, -4.7718129158, -6.30599498749, -11.3330354691], "min": [-28.1382427216, -27.8376922607, -27.6894817352, -27.6761264801, -27.5150928497, -27.3516120911], "median": [-8.59032344818, -7.18975067139, -7.41677808762, -7.69191408157, -8.25990581512, -12.6098632813], "dvar2": [0.386009633541, 0.271776616573, 0.204013347626, 0.177101671696, 0.15672326088, 0.134788766503]}, "mfcc": {"icov": [[0.00391054013744, -0.00466568954289, 0.0062800347805, -0.00509418779984, 0.00470399856567, -0.0054631549865, 0.00610925303772, -0.00529704801738, 0.00514116184786, -0.00366152427159, 0.00353190884925, -0.0019488921389, 0.00166183093097], [-0.00466568954289, 0.00718006910756, -0.00793495774269, 0.00777715677395, -0.0055045299232, 0.0079590100795, -0.00721751246601, 0.00754940370098, -0.00557906553149, 0.00517915701494, -0.00400476017967, 0.00285882595927, -0.00157171837054], [0.0062800347805, -0.00793495774269, 0.0115196090192, -0.00839666090906, 0.00769229326397, -0.00841886177659, 0.00891142245382, -0.00776100670919, 0.00722374860197, -0.00480906805024, 0.0055641704239, -0.00278023560531, 0.00242171227001], [-0.00509418779984, 0.00777715677395, -0.00839666090906, 0.0110667571425, -0.00643643923104, 0.00895181298256, -0.00799112953246, 0.0076957186684, -0.00599813926965, 0.00655156141147, -0.00457340944558, 0.00360691244714, -0.00113979342859], [0.00470399856567, -0.0055045299232, 0.00769229326397, -0.00643643923104, 0.010728366673, -0.0083394665271, 0.00960216484964, -0.00784052442759, 0.00682203611359, -0.00607176171616, 0.00525015499443, -0.00409078365192, 0.0022833738476], [-0.0054631549865, 0.0079590100795, -0.00841886177659, 0.00895181298256, -0.0083394665271, 0.0156768858433, -0.0118288192898, 0.0127933071926, -0.0086311371997, 0.00711246207356, -0.00618829485029, 0.00463791098446, -0.00263648852706], [0.00610925303772, -0.00721751246601, 0.00891142245382, -0.00799112953246, 0.00960216484964, -0.0118288192898, 0.0179256442934, -0.0133154215291, 0.0109443478286, -0.0085938051343, 0.0090687116608, -0.00745345884934, 0.00383590813726], [-0.00529704801738, 0.00754940370098, -0.00776100670919, 0.0076957186684, -0.00784052442759, 0.0127933071926, -0.0133154215291, 0.020545212552, -0.0119310105219, 0.0123670836911, -0.00918048806489, 0.00685165356845, -0.00333037297241], [0.00514116184786, -0.00557906553149, 0.00722374860197, -0.00599813926965, 0.00682203611359, -0.0086311371997, 0.0109443478286, -0.0119310105219, 0.0178749784827, -0.0133119225502, 0.0127754285932, -0.00660217972472, 0.00522746983916], [-0.00366152427159, 0.00517915701494, -0.00480906805024, 0.00655156141147, -0.00607176171616, 0.00711246207356, -0.0085938051343, 0.0123670836911, -0.0133119225502, 0.0221123732626, -0.0133228385821, 0.0104461954907, -0.00418452452868], [0.00353190884925, -0.00400476017967, 0.0055641704239, -0.00457340944558, 0.00525015499443, -0.00618829485029, 0.0090687116608, -0.00918048806489, 0.0127754285932, -0.0133228385821, 0.0212102010846, -0.0104510542005, 0.00741107109934], [-0.0019488921389, 0.00285882595927, -0.00278023560531, 0.00360691244714, -0.00409078365192, 0.00463791098446, -0.00745345884934, 0.00685165356845, -0.00660217972472, 0.0104461954907, -0.0104510542005, 0.0155980596319, -0.00631074979901], [0.00166183093097, -0.00157171837054, 0.00242171227001, -0.00113979342859, 0.0022833738476, -0.00263648852706, 0.00383590813726, -0.00333037297241, 0.00522746983916, -0.00418452452868, 0.00741107109934, -0.00631074979901, 0.0117904152721]], "mean": [-727.570861816, 170.092712402, -75.0363998413, 20.1044921875, -7.54076099396, 6.17205429077, -1.52627933025, -3.17602777481, -3.80761122704, -0.503963828087, -3.22604203224, -4.34963274002, -7.78411102295], "cov": [[3932.96508789, 403.018157959, -1350.43103027, 162.563674927, -80.8534164429, -9.67800140381, -339.562194824, -59.2029418945, -281.750946045, 34.5224342346, 113.286865234, -122.146858215, -99.6991500854], [403.018157959, 1546.33422852, 492.76184082, -448.160491943, -157.144058228, -176.026138306, -40.9728240967, -107.426574707, -74.8959655762, -60.0338287354, -50.3215751648, -24.2715187073, 9.38981628418], [-1350.43103027, 492.76184082, 1022.52923584, -90.3391799927, -133.019317627, -81.9974365234, 99.0917510986, -8.98351955414, 38.4276199341, -86.3413238525, -87.6721801758, 9.26913833618, 22.3076858521], [162.563674927, -448.160491943, -90.3391799927, 431.076965332, 29.2519416809, -36.7837905884, -5.23518562317, 52.1925735474, -24.9137020111, -35.9815597534, 9.35423660278, -14.6146421432, -35.2978515625], [-80.8534164429, -157.144058228, -133.019317627, 29.2519416809, 260.596405029, 60.7349662781, -61.1226119995, -9.36739444733, 16.206155777, 35.4518928528, 16.5483379364, 7.63699626923, 0.0332839041948], [-9.67800140381, -176.026138306, -81.9974365234, -36.7837905884, 60.7349662781, 232.450469971, 35.8215332031, -64.0687332153, 16.0788784027, 35.2599182129, 4.6760187149, 6.37919092178, 7.51091146469], [-339.562194824, -40.9728240967, 99.0917510986, -5.23518562317, -61.1226119995, 35.8215332031, 218.152404785, 54.5190124512, -15.7328834534, -39.2688140869, -18.1619243622, 52.4635353088, 18.3478527069], [-59.2029418945, -107.426574707, -8.98351955414, 52.1925735474, -9.36739444733, -64.0687332153, 54.5190124512, 155.834762573, 23.4840545654, -42.9340286255, -5.7760591507, 5.96040487289, -4.14602136612], [-281.750946045, -74.8959655762, 38.4276199341, -24.9137020111, 16.206155777, 16.0788784027, -15.7328834534, 23.4840545654, 193.938659668, 62.9700279236, -50.6130485535, -27.1891002655, -14.7406129837], [34.5224342346, -60.0338287354, -86.3413238525, -35.9815597534, 35.4518928528, 35.2599182129, -39.2688140869, -42.9340286255, 62.9700279236, 138.653808594, 30.714723587, -46.5006828308, -19.8503227234], [113.286865234, -50.3215751648, -87.6721801758, 9.35423660278, 16.5483379364, 4.6760187149, -18.1619243622, -5.7760591507, -50.6130485535, 30.714723587, 120.661643982, 29.8514347076, -28.1707954407], [-122.146858215, -24.2715187073, 9.26913833618, -14.6146421432, 7.63699626923, 6.37919092178, 52.4635353088, 5.96040487289, -27.1891002655, -46.5006828308, 29.8514347076, 139.382217407, 46.6177253723], [-99.6991500854, 9.38981628418, 22.3076858521, -35.2978515625, 0.0332839041948, 7.51091146469, 18.3478527069, -4.14602136612, -14.7406129837, -19.8503227234, -28.1707954407, 46.6177253723, 128.806716919]]}, "erbbands_flatness_db": {"var": 0.00302518252283, "mean": 0.300212860107, "dmean2": 0.0228225048631, "dvar": 0.000271504977718, "dmean": 0.0161830224097, "max": 0.470953047276, "min": 0.0842878296971, "median": 0.306440144777, "dvar2": 0.000493391766213}, "barkbands": {"var": [7.30095706114e-11, 7.81148568052e-09, 7.51050720282e-07, 5.84612337207e-07, 6.15846147412e-06, 6.84334224843e-07, 1.63651884577e-06, 2.5418369205e-06, 4.70932081953e-06, 5.16488398716e-06, 4.62800608148e-06, 2.28864973906e-05, 5.25491668668e-05, 2.58140535152e-05, 1.27463172248e-05, 4.83138683194e-06, 3.81855898013e-06, 3.12342103825e-06, 3.71638151364e-07, 1.6450817597e-08, 2.03088967865e-09, 1.11625590715e-10, 1.87294038785e-12, 7.18901663459e-14, 3.67114328439e-15, 4.15407350767e-16, 8.54951288764e-19], "mean": [3.67983966498e-06, 6.09895323578e-05, 0.000413463101722, 0.000388899352401, 0.00122688035481, 0.000443137600087, 0.000408346182667, 0.000773325504269, 0.000890582858119, 0.00105507695116, 0.000703606870957, 0.00127048313152, 0.00302121578716, 0.00216527888551, 0.00174403993879, 0.000933845411055, 0.000733443244826, 0.000702035787981, 0.000296967307804, 7.1685979492e-05, 2.65769849648e-05, 6.74227521813e-06, 1.14332897283e-06, 3.1855407201e-07, 9.48170111315e-08, 2.45790676701e-08, 4.94119634098e-10], "dmean2": [5.57812381885e-06, 8.64603935042e-05, 0.000401890458306, 0.000476604676805, 0.000838650099467, 0.000354641524609, 0.000411157234339, 0.000596156576648, 0.000752730818931, 0.000826202216558, 0.000618933176156, 0.00115066824947, 0.00175835937262, 0.00147266802378, 0.00108020100743, 0.000651830167044, 0.000413840520196, 0.000351706199581, 0.000177216163138, 4.33705208707e-05, 1.80484239536e-05, 3.92632500734e-06, 7.16648230537e-07, 1.67341923429e-07, 5.2363233749e-08, 2.0608307949e-08, 1.11885856136e-09], "dvar": [6.5419565598e-11, 7.65740093556e-09, 2.96893233553e-07, 3.85174359963e-07, 1.71482201949e-06, 2.88453463781e-07, 1.10851863155e-06, 1.01224827631e-06, 1.98950033337e-06, 2.57532769865e-06, 2.43532122113e-06, 9.55725136009e-06, 1.49964707816e-05, 9.84779035207e-06, 4.35025503975e-06, 1.77417086888e-06, 7.67952087699e-07, 5.41995689218e-07, 9.93032713836e-08, 4.06787670215e-09, 6.65725474747e-10, 2.97178566477e-11, 5.82970683446e-13, 1.84831127183e-14, 1.30483794986e-15, 2.39651111176e-16, 1.06805364237e-18], "dmean": [3.35439426635e-06, 4.91811479151e-05, 0.000251337885857, 0.000278602004983, 0.00053436588496, 0.000227329015615, 0.000266291201115, 0.000382199592423, 0.000510950980242, 0.000569721101783, 0.000431157095591, 0.00078742892947, 0.00133928388823, 0.00106202100869, 0.000786670832895, 0.000447707745479, 0.000314911478199, 0.000260451779468, 0.000127418024931, 3.0071267247e-05, 1.23413956317e-05, 2.72059014605e-06, 4.73361609465e-07, 1.08727675752e-07, 3.26837756859e-08, 1.24379955224e-08, 6.07753070092e-10], "max": [0.000334865355399, 0.00266538490541, 0.0121208904311, 0.00982218142599, 0.0362788066268, 0.0127998832613, 0.0374213345349, 0.0219391174614, 0.0360999293625, 0.0449119880795, 0.0409875810146, 0.0841208547354, 0.0784977972507, 0.0870727747679, 0.0547151081264, 0.0464019142091, 0.0302760116756, 0.0166453942657, 0.0113053284585, 0.00208405428566, 0.000663991377223, 0.00016248296015, 1.42460821735e-05, 2.53916687143e-06, 6.18827527887e-07, 4.93777804422e-07, 1.42981573248e-08], "min": [9.47343652726e-25, 2.06947955496e-24, 2.41837695612e-24, 1.23791593261e-24, 5.21690874347e-24, 1.00185074639e-23, 1.0416031829e-23, 9.97321107072e-24, 2.71922878385e-23, 2.65427523909e-23, 1.57088964391e-23, 3.40887118203e-23, 6.67148881441e-23, 4.43085342206e-23, 3.87772908333e-23, 6.42907627585e-23, 8.51229636783e-23, 1.0575573425e-22, 1.65342140778e-22, 2.0888914339e-22, 2.34071969e-22, 3.07982682239e-22, 4.61419611914e-22, 6.60819263486e-22, 9.57860811001e-22, 1.22419368217e-21, 1.92388720327e-21], "median": [1.17147772016e-06, 3.66387102986e-05, 0.000105089318822, 9.09275040613e-05, 0.000282196328044, 0.000157418777235, 0.000111263550934, 0.00021535452106, 0.000270201562671, 0.000362718681572, 0.000152710053953, 0.000168836326338, 0.000288332637865, 0.000260319997324, 0.000300023180898, 0.000142289180076, 0.00011688133236, 6.53324823361e-05, 7.11528991815e-05, 2.51325582212e-05, 1.24895359477e-05, 2.08499795917e-06, 5.21197421222e-07, 2.06106037126e-07, 7.31028109158e-08, 2.06966106475e-08, 1.36435793219e-10], "dvar2": [1.68549091351e-10, 2.14958468803e-08, 7.12856319751e-07, 1.06426216462e-06, 3.7577144667e-06, 6.80329890201e-07, 2.51576648225e-06, 2.39837709159e-06, 4.14917076341e-06, 5.70218890061e-06, 5.08596122017e-06, 1.87253481272e-05, 2.51054207183e-05, 2.01466864382e-05, 8.57280156197e-06, 3.76503680855e-06, 1.19659375741e-06, 8.70318103807e-07, 1.85353044913e-07, 7.89802001577e-09, 1.33967337224e-09, 5.64613807097e-11, 1.32685887017e-12, 4.2234783921e-14, 3.232220552e-15, 6.15672991613e-16, 3.29271774613e-18]}, "spectral_energyband_low": {"var": 1.49152640461e-06, "mean": 0.000654056377243, "dmean2": 0.000603011576459, "dvar": 6.57811142446e-07, "dmean": 0.000374291557819, "max": 0.0176867805421, "min": 1.69334609995e-23, "median": 0.000202127223019, "dvar2": 1.6179120621e-06}, "erbbands_spread": {"var": 96.9462585449, "mean": 13.5516300201, "dmean2": 4.43697595596, "dvar": 13.7733726501, "dmean": 3.05434441566, "max": 80.067855835, "min": 0.387456804514, "median": 10.8344926834, "dvar2": 29.2916660309}, "average_loudness": 0.865723133087, "spectral_energyband_middle_high": {"var": 0.000187037934666, "mean": 0.0124130249023, "dmean2": 0.00504072569311, "dvar": 4.09851236327e-05, "dmean": 0.00390775315464, "max": 0.098311573267, "min": 1.28313696511e-21, "median": 0.00794880464673, "dvar2": 6.82631580275e-05}, "barkbands_flatness_db": {"var": 0.00187324360013, "mean": 0.216553509235, "dmean2": 0.0250282846391, "dvar": 0.000241490124608, "dmean": 0.0165645945817, "max": 0.381628900766, "min": 0.0534290038049, "median": 0.216561809182, "dvar2": 0.000484208663693}, "spectral_entropy": {"var": 0.151186555624, "mean": 6.96030521393, "dmean2": 0.172822445631, "dvar": 0.0138470008969, "dmean": 0.118652224541, "max": 9.81336975098, "min": 5.14608430862, "median": 6.96030855179, "dvar2": 0.0255573634058}, "melbands_skewness": {"var": 1.45371031761, "mean": 0.0423439107835, "dmean2": 0.621093928814, "dvar": 0.188706964254, "dmean": 0.424675643444, "max": 4.49035072327, "min": -7.50286006927, "median": -0.0318764150143, "dvar2": 0.399343281984}, "spectral_contrast_coeffs": {"var": [0.00964736286551, 0.00452300906181, 0.00651003234088, 0.00723358709365, 0.00426265923306, 0.00313030928373], "mean": [-0.633832991123, -0.775631427765, -0.754262566566, -0.714137852192, -0.745815992355, -0.711924672127], "dmean2": [0.0852309539914, 0.0682158023119, 0.0572008378804, 0.0475063435733, 0.0338643081486, 0.0345437601209], "dvar": [0.00155953667127, 0.00109577481635, 0.000920217658859, 0.000750891980715, 0.000370529247448, 0.000459397328086], "dmean": [0.0503666698933, 0.040890045464, 0.0359646640718, 0.0313018634915, 0.0222792476416, 0.0231546610594], "max": [-0.359051138163, -0.456378102303, -0.483939498663, -0.509059131145, -0.555657446384, -0.524526417255], "min": [-0.978244423866, -0.976307034492, -0.971840679646, -0.972587823868, -0.963149368763, -0.963555276394], "median": [-0.637399733067, -0.780118346214, -0.761075377464, -0.704240322113, -0.741789281368, -0.706993877888], "dvar2": [0.00437178974971, 0.00292058615014, 0.0021702889353, 0.00156988040544, 0.00080701825209, 0.000924404303078]}, "pitch_salience": {"var": 0.0145743610337, "mean": 0.590021193027, "dmean2": 0.0911345630884, "dvar": 0.00297928182408, "dmean": 0.0585651136935, "max": 0.956899523735, "min": 0.100004561245, "median": 0.597185790539, "dvar2": 0.00726156216115}, "spectral_rolloff": {"var": 1657541.875, "mean": 1893.43115234, "dmean2": 378.511810303, "dvar": 230751.65625, "dmean": 222.543716431, "max": 19336.8164063, "min": 258.3984375, "median": 1765.72265625, "dvar2": 537867.5625}, "melbands_kurtosis": {"var": 11.9878673553, "mean": 1.67455017567, "dmean2": 2.33035326004, "dvar": 5.3854432106, "dmean": 1.50552237034, "max": 59.8727073669, "min": -1.90127921104, "median": 0.782298147678, "dvar2": 12.551235199}, "silence_rate_30dB": {"var": 0, "mean": 1, "dmean2": 0, "dvar": 0, "dmean": 0, "max": 1, "min": 1, "median": 1, "dvar2": 0}, "spectral_decrease": {"var": 1.22225017948e-17, "mean": -4.04753786043e-09, "dmean2": 1.43565270783e-09, "dvar": 2.51721007247e-18, "dmean": 1.08378983565e-09, "max": 1.34744438552e-28, "min": -2.36865780323e-08, "median": -3.51170981183e-09, "dvar2": 4.42919607897e-18}, "spectral_rms": {"var": 3.41429654327e-06, "mean": 0.00367486150935, "dmean2": 0.000695459311828, "dvar": 4.25534466331e-07, "dmean": 0.000535823579412, "max": 0.0100322011858, "min": 3.17756671669e-12, "median": 0.00384195777588, "dvar2": 7.02470174474e-07}, "spectral_skewness": {"var": 0.970120608807, "mean": 1.94781899452, "dmean2": 0.945613563061, "dvar": 0.251936614513, "dmean": 0.558318972588, "max": 6.95790719986, "min": -0.063505731523, "median": 1.69652497768, "dvar2": 0.72350114584}, "erbbands_crest": {"var": 37.2788887024, "mean": 13.8805589676, "dmean2": 4.32375717163, "dvar": 8.60555171967, "dmean": 2.85733151436, "max": 35.1345596313, "min": 2.83906412125, "median": 12.9155111313, "dvar2": 19.4225063324}, "melbands_flatness_db": {"var": 0.00271223764867, "mean": 0.234254643321, "dmean2": 0.0224598292261, "dvar": 0.000252502941294, "dmean": 0.0158008243889, "max": 0.41572663188, "min": 0.0025683445856, 