{"tonal": {"chords_key": "C", "hpcp_entropy": {"dmean": 0.505859434605, "dmean2": 0.853994429111, "max": 4.1559920311, "dvar": 0.22748246789, "mean": 1.33675682545, "dvar2": 0.577939152718, "min": 0.0325225554407, "var": 0.475619971752, "median": 1.37423670292}, "key_key": "C", "chords_strength": {"dmean": 0.0104703037068, "dmean2": 0.00753680244088, "max": 0.757824063301, "dvar": 7.25097343093e-05, "mean": 0.489744573832, "dvar2": 5.53451463929e-05, "min": 0.218244060874, "var": 0.0143160056323, "median": 0.489003688097}, "key_scale": "minor", "chords_number_rate": 0.00322522851638, "thpcp": [1, 0.52979773283, 0.18878044188, 0.242475941777, 0.230501443148, 0.404657453299, 0.53685426712, 0.299502819777, 0.186374336481, 0.238024741411, 0.213315203786, 0.668772935867, 0.957836329937, 0.448700755835, 0.277022898197, 0.375253379345, 0.211677566171, 0.162536516786, 0.19613404572, 0.13187970221, 0.196143701673, 0.295785814524, 0.188230752945, 0.239759862423, 0.452502608299, 0.377316594124, 0.611252844334, 0.872980415821, 0.451042413712, 0.154124006629, 0.203679546714, 0.249166712165, 0.582804322243, 0.883567810059, 0.677186369896, 0.787033379078], "key_strength": 0.777242124081, "tuning_nontempered_energy_ratio": 0.643599450588, "tuning_frequency": 438.984558105, "chords_changes_rate": 0.0603834427893, "tuning_diatonic_strength": 0.527758598328, "chords_scale": "minor", "chords_histogram": [35.4954299927, 1.79179358482, 3.15355682373, 3.3506538868, 2.66977238655, 2.22182393074, 0.250851094723, 2.81311583519, 2.58018279076, 12.4708833694, 8.56477355957, 2.47267508507, 0, 0.197097301483, 0.250851094723, 1.03924024105, 1.21841967106, 0.752553284168, 1.02132236958, 0.232933163643, 1.09299409389, 1.55886042118, 7.84805583954, 6.95215892792], "tuning_equal_tempered_deviation": 0.00194785953499, "hpcp": {"dmean": [0.0367279686034, 0.0312489327043, 0.0337951146066, 0.0416843555868, 0.0360982045531, 0.0423292890191, 0.0594139993191, 0.0683573707938, 0.103639751673, 0.118451334536, 0.080114364624, 0.0463190488517, 0.0534980632365, 0.0707467794418, 0.103951402009, 0.122210144997, 0.137171536684, 0.134940251708, 0.12698893249, 0.0979172885418, 0.0485798865557, 0.0455298274755, 0.0523218624294, 0.0647579357028, 0.0717066526413, 0.0534067191184, 0.0382502600551, 0.0442011915147, 0.048281531781, 0.0851069912314, 0.0902246162295, 0.0685521513224, 0.0483205057681, 0.0482965670526, 0.0401364825666, 0.0330619253218], "dmean2": [0.058883279562, 0.0527457036078, 0.0555849224329, 0.06620310992, 0.0603130124509, 0.0727223083377, 0.101347833872, 0.116706155241, 0.170023083687, 0.189647048712, 0.13077019155, 0.0827976390719, 0.0944083109498, 0.123604297638, 0.17708234489, 0.205575034022, 0.232365772128, 0.229057103395, 0.212113574147, 0.164341896772, 0.0857860296965, 0.0787699818611, 0.0898664072156, 0.108263246715, 0.116832874715, 0.0886313915253, 0.0648093670607, 0.0745381638408, 0.0819419324398, 0.135185271502, 0.142122879624, 0.11231470108, 0.0820582360029, 0.0793149098754, 0.0673450008035, 0.0538248457015], "max": [1, 1, 1, 1, 1, 1, 1, 1, 1, 1, 1, 1, 1, 1, 1, 1, 1, 1, 1, 1, 1, 1, 1, 1, 1, 1, 1, 1, 1, 1, 1, 1, 1, 1, 1, 1], "dvar": [0.0105098979548, 0.0079986974597, 0.00825827289373, 0.0123601071537, 0.0110460408032, 0.0127596836537, 0.0260727424175, 0.0210420992225, 0.0303740799427, 0.0378952696919, 0.0220141019672, 0.0175512675196, 0.0225501768291, 0.0304836798459, 0.0394207388163, 0.0474165678024, 0.0456368811429, 0.0428283177316, 0.0474401563406, 0.0320372208953, 0.0183475911617, 0.0202718451619, 0.0219151992351, 0.0232610441744, 0.0258326958865, 0.0162267684937, 0.011435309425, 0.0149299893528, 0.0110101476312, 0.021173575893, 0.0307802800089, 0.0143381915987, 0.0148365469649, 0.0168794728816, 0.00882330536842, 0.00853058788925], "mean": [0.0527575425804, 0.0354739502072, 0.0527601391077, 0.0795625895262, 0.0506316572428, 0.0644923299551, 0.121717400849, 0.10149332881, 0.164419174194, 0.23482054472, 0.121324628592, 0.0414573810995, 0.0547871850431, 0.0670226514339, 0.156766891479, 0.237668409944, 0.18215444684, 0.211701884866, 0.268987178802, 0.142508804798, 0.05077951774, 0.0652229189873, 0.0620019324124, 0.108847662807, 0.144406914711, 0.0805624201894, 0.0501323081553, 0.0640256032348, 0.0573790557683, 0.179891347885, 0.257645696402, 0.120694749057, 0.0745156109333, 0.100938349962, 0.0569385513663, 0.0437202379107], "dvar2": [0.0243342891335, 0.020748898387, 0.0210789982229, 0.0280161835253, 0.0266311634332, 0.0327072627842, 0.0599469169974, 0.0520477816463, 0.073680229485, 0.0822692587972, 0.055211674422, 0.0480427742004, 0.0578643158078, 0.0778033807874, 0.0996493622661, 0.110891133547, 0.113234557211, 0.105213046074, 0.108263425529, 0.0832888558507, 0.0478302724659, 0.0495511591434, 0.0564564093947, 0.0572347342968, 0.0611149035394, 0.0400532670319, 0.0295865647495, 0.03725508973, 0.0292507559061, 0.0486264005303, 0.061261665076, 0.0385645925999, 0.0391698144376, 0.0378872305155, 0.0232724379748, 0.0205197762698], "min": [0, 9.38442008191e-06, 6.44961073704e-06, 6.20540276941e-06, 3.2243322039e-06, 1.1505569546e-06, 1.63800120845e-06, 2.71298904408e-06, 3.34732953888e-06, 3.70290695173e-06, 3.48709932041e-06, 3.21123684444e-06, 0, 0, 0, 0, 0, 4.52644098914e-06, 3.55878819391e-06, 2.51627102443e-06, 0, 0, 1.7480316501e-06, 4.28046541856e-06, 2.84091061076e-06, 2.8074077818e-06, 9.04223156795e-07, 2.21093569053e-06, 2.41565589931e-06, 6.75473620504e-06, 6.4762321017e-06, 1.79075834694e-06, 2.34040862779e-06, 0, 0, 0], "var": [0.021936269477, 0.00904167536646, 0.0169969853014, 0.039895337075, 0.0179341100156, 0.0223863255233, 0.0790827721357, 0.0402449257672, 0.0543679259717, 0.102984301746, 0.036086179316, 0.0158397164196, 0.0270267557353, 0.0335284397006, 0.0693333595991, 0.125344365835, 0.0706343054771, 0.0824628844857, 0.13192345202, 0.0485083945096, 0.0201374161988, 0.0398150496185, 0.0284004211426, 0.0491560809314, 0.0767167657614, 0.0285227559507, 0.0185110680759, 0.0288055706769, 0.0145199438557, 0.0668192878366, 0.1344640553, 0.0299976579845, 0.0308964774013, 0.0583074651659, 0.0174267720431, 0.0162043757737], "median": [0.0052213803865, 0.00516695762053, 0.00555893732235, 0.00605407450348, 0.00455722399056, 0.00349307991564, 0.0039621447213, 0.0106739737093, 0.0558023899794, 0.0773171856999, 0.0347035340965, 0.00346619240008, 0.00202171341516, 0.00329340132885, 0.0128956725821, 0.0295232646167, 0.0424512587488, 0.0577922165394, 0.0562621876597, 0.0241816584021, 0.00347982393578, 0.00209071557038, 0.00370374228805, 0.00868567451835, 0.00750095304102, 0.00626766635105, 0.00464162463322, 0.00462974794209, 0.0132762407884, 0.0376092456281, 0.0517989471555, 0.0367589369416, 0.00409948220477, 0.00266930391081, 0.00382046913728, 0.0048766285181]}}, "lowlevel": {"melbands_flatness_db": {"dmean": 0.0255377087742, "dmean2": 0.0353696756065, "max": 0.601148188114, "dvar": 0.00077912688721, "mean": 0.345881611109, "dvar2": 0.00138018361758, "min": 0.0826116427779, "var": 0.0062132072635, "median": 0.351154953241}, "melbands_crest": {"dmean": 2.77425575256, "dmean2": 4.37468862534, "max": 34.8960838318, "dvar": 6.59342956543, "mean": 15.0418787003, "dvar2": 16.1719245911, "min": 4.39668703079, "var": 28.9984397888, "median": 14.150094986}, "spectral_entropy": {"dmean": 0.215796768665, "dmean2": 0.30777400732, "max": 8.4400062561, "dvar": 0.0626360327005, "mean": 6.19795084, "dvar2": 0.114887796342, "min": 4.01229667664, "var": 0.381413280964, "median": 6.18511724472}, "melbands": {"dmean": [2.12032737181e-05, 5.25070972799e-05, 0.000113081347081, 0.000210446261917, 0.00047154686763, 0.000274159392575, 9.88840183709e-05, 0.000177078545676, 0.00014542407007, 0.000105570361484, 5.56140694243e-05, 2.76674927591e-05, 2.89400049951e-05, 2.30452606047e-05, 2.18463937927e-05, 9.94510264718e-06, 7.90553440311e-06, 5.85641600992e-06, 4.68322195957e-06, 4.89599551656e-06, 3.06163929054e-06, 2.48892956733e-06, 2.02508817893e-06, 3.61269803761e-06, 3.39400094163e-06, 1.81810889899e-06, 2.18947252506e-06, 2.40820077124e-06, 8.46649811592e-07, 1.08198634052e-07, 2.76385172526e-08, 1.75799623747e-08, 1.13674110125e-08, 9.24943233116e-09, 1.80026660246e-08, 3.1864303196e-08, 3.07378158482e-08, 2.55993217735e-08, 2.04391863434e-08, 2.0188814176e-08], "dmean2": [3.12352131004e-05, 7.94299267e-05, 0.000168862898136, 0.000335161399562, 0.00070930068614, 0.000420227239374, 0.000149842264364, 0.000253691861872, 0.000205089527299, 0.000148465303937, 7.95989690232e-05, 3.84682425647e-05, 3.89280794479e-05, 3.03924989566e-05, 3.02646785713e-05, 1.43055913213e-05, 1.14442882477e-05, 7.85205065768e-06, 6.58971430312e-06, 6.77440993968e-06, 4.07942161473e-06, 3.35605955115e-06, 2.63267884293e-06, 4.80461994812e-06, 4.51644064015e-06, 2.42189753408e-06, 2.81805273517e-06, 3.17742956213e-06, 1.21407117604e-06, 1.63905227168e-07, 4.13015293077e-08, 2.77783609448e-08, 1.76141767838e-08, 1.38337838962e-08, 2.74903744213e-08, 4.69918184365e-08, 4.51172752491e-08, 3.84411755761e-08, 3.0075732127e-08, 2.90541688486e-08], "max": [0.00208613695577, 0.0061242301017, 0.00673639820889, 0.0116600459442, 0.0230507533997, 0.0194412916899, 0.016539182514, 0.0177042223513, 0.0131965130568, 0.0177625883371, 0.0110728060827, 0.00429913820699, 0.00437844404951, 0.00491526024416, 0.00578087801114, 0.00155225477647, 0.00142846012022, 0.000890242226887, 0.00121356523596, 0.00100645946804, 0.000768826692365, 0.000520361296367, 0.000232383463299, 0.000676692987327, 0.00109844491817, 0.000377002783353, 0.000459721137304, 0.000645458931103, 0.000308586633764, 0.000109273591079, 1.66957997862e-05, 4.81688084619e-06, 2.97218161904e-06, 3.57568274012e-06, 3.34540254698e-06, 4.61077161162e-06, 4.16065404352e-06, 4.73721820526e-06, 4.32563092545e-06, 9.8283007901e-06], "dvar": [7.58690799074e-09, 3.89903078712e-08, 4.12547116468e-08, 2.01217829954e-07, 8.76404158134e-07, 4.01540432904e-07, 1.07141538308e-07, 2.93829486964e-07, 1.37620503438e-07, 1.26147000401e-07, 4.8357538418e-08, 1.08846309743e-08, 1.15328013806e-08, 1.11333342545e-08, 1.04336432827e-08, 1.76114800521e-09, 1.34415056863e-09, 7.33964999888e-10, 7.7183914815e-10, 6.28625596022e-10, 1.93306662344e-10, 1.11670200864e-10, 5.39636633989e-11, 2.16763537675e-10, 3.00202307457e-10, 7.57134771545e-11, 1.076539205e-10, 1.87428864096e-10, 3.76043363115e-11, 1.72491155474e-12, 4.28574276762e-14, 1.43832750479e-14, 5.59140297471e-15, 3.62201579696e-15, 9.0192000461e-15, 1.59979773434e-14, 1.57039179973e-14, 1.28857097857e-14, 8.47990687408e-15, 1.35168399639e-14], "mean": [6.34848984191e-05, 0.000148094535689, 0.0002844032133, 0.000489442842081, 0.000938639917877, 0.000594501674641, 0.000241920555709, 0.000412613153458, 0.000324988766806, 0.000239103654167, 0.000108803782496, 5.96600148128e-05, 5.99764716753e-05, 4.73392792628e-05, 4.38084825873e-05, 1.84006730706e-05, 1.27440953293e-05, 9.99906478683e-06, 7.39690904084e-06, 8.81271716935e-06, 6.18217427473e-06, 5.39483971806e-06, 4.44697298008e-06, 8.1292610048e-06, 7.97803386376e-06, 4.36479604105e-06, 4.99054840475e-06, 5.04769968757e-06, 1.37276572332e-06, 1.3107738539e-07, 3.50518476466e-08, 2.20220943703e-08, 1.41558151867e-08, 1.26565309344e-08, 2.70912767775e-08, 5.25152685782e-08, 5.14338616142e-08, 4.10575609067e-08, 3.24231024251e-08, 3.15977999321e-08], "dvar2": [1.60997384313e-08, 8.02960400392e-08, 9.97910518663e-08, 6.12919109244e-07, 1.91512049241e-06, 9.34832200983e-07, 2.00270093842e-07, 5.87789315887e-07, 2.61636301957e-07, 2.53920575233e-07, 1.12728351098e-07, 2.06882280196e-08, 2.13238031677e-08, 2.0284840474e-08, 2.11655777349e-08, 3.92461352305e-09, 2.83945245094e-09, 1.29498156642e-09, 1.60168622809e-09, 1.16910392478e-09, 3.32723376628e-10, 2.16241330397e-10, 8.96887702995e-11, 3.8476688502e-10, 5.3811805012e-10, 1.35252961608e-10, 1.98415464614e-10, 3.51656981312e-10, 8.49560907734e-11, 4.33796011265e-12, 8.155275229e-14, 3.58528683901e-14, 1.18433654404e-14, 6.71070831011e-15, 2.04227944506e-14, 3.34210639036e-14, 3.27827873084e-14, 2.80341308707e-14, 1.68805873685e-14, 2.37866841567e-14], "min": [3.46168038678e-10, 3.34078285869e-11, 1.24823909889e-11, 1.06364257679e-11, 4.42573018164e-12, 1.99629982683e-12, 1.30336323331e-11, 2.29862240353e-11, 7.41088700823e-12, 1.2227962783e-12, 1.07137727509e-11, 1.16410344905e-11, 4.38536706948e-12, 6.69565704964e-12, 3.68416720742e-11, 1.61874902371e-10, 8.05289255418e-12, 1.03682481437e-12, 1.97844410126e-12, 2.29923306956e-12, 2.25939449441e-12, 3.28781945245e-12, 1.34310123787e-11, 5.81239700467e-12, 2.77363743952e-12, 2.29796910667e-12, 3.75723627558e-12, 1.62553651095e-11, 3.05150306065e-12, 1.31066826229e-12, 2.21017670311e-12, 2.31003887893e-12, 1.01851361546e-12, 1.10741179681e-12, 2.54194278473e-12, 1.11365365714e-12, 3.60594692127e-12, 1.30279587032e-12, 3.10354953542e-12, 1.49962431795e-12], "var": [2.46571012497e-08, 1.42190998531e-07, 2.01936018129e-07, 5.72863541493e-07, 2.09930749406e-06, 1.2761047401e-06, 4.23975535568e-07, 1.127120413e-06, 6.2592772565e-07, 4.38208388687e-07, 9.91118795923e-08, 4.00197173178e-08, 3.82906755192e-08, 2.89815655918e-08, 2.99675306792e-08, 4.47888703903e-09, 2.63218646879e-09, 1.82268666826e-09, 1.20778553825e-09, 1.63863334013e-09, 6.79596601216e-10, 4.04276140342e-10, 1.97995855822e-10, 1.15617393437e-09, 1.24654120359e-09, 3.25768995113e-10, 3.45676570701e-10, 5.21448717539e-10, 6.53477758017e-11, 1.79594815582e-12, 7.09795313887e-14, 2.36846048281e-14, 1.00839551891e-14, 7.15100704753e-15, 1.6604258116e-14, 3.86489952997e-14, 3.56252774134e-14, 2.44650237162e-14, 1.95989498773e-14, 2.58047875873e-14], "median": [4.85566533825e-06, 2.54689148278e-05, 0.000116401861305, 0.000219805850065, 0.000461059738882, 0.000212770319195, 5.25520626979e-05, 7.68512982177e-05, 6.65763072902e-05, 3.6333934986e-05, 2.41468624154e-05, 6.18775266048e-06, 7.40344421502e-06, 5.45087095816e-06, 3.28574947162e-06, 1.34341166813e-06, 9.16245653571e-07, 6.86868929733e-07, 6.25480367944e-07, 4.31978804727e-07, 3.18476423899e-07, 3.07888541329e-07, 1.6346947973e-07, 1.61144171784e-07, 1.51652059799e-07, 8.98911878267e-08, 1.06722282567e-07, 7.64494245686e-08, 2.63104915632e-08, 6.31785956884e-09, 1.59476021278e-09, 9.10306940938e-10, 4.30689844899e-10, 7.0229777549e-10, 1.64443936246e-09, 3.60264929e-09, 5.46697398462e-09, 4.7625086097e-09, 2.87320145453e-09, 2.68768940437e-09]}, "silence_rate_60dB": {"dmean": 0.0401433706284, "dmean2": 0.080293931067, "max": 1, "dvar": 0.0385365225375, "mean": 0.263058871031, "dvar2": 0.0810300707817, "min": 0, "var": 0.193868413568, "median": 0}, "spectral_energyband_middle_high": {"dmean": 0.000793870713096, "dmean2": 0.000996937509626, "max": 0.0731405094266, "dvar": 4.0251225073e-06, "mean": 0.00232274713926, "dvar2": 6.70860163154e-06, "min": 1.97552196823e-09, "var": 2.12742852455e-05, "median": 0.00053963746177}, "erbbands_skewness": {"dmean": 0.449698418379, "dmean2": 0.659571945667, "max": 10.5865440369, "dvar": 0.24122454226, "mean": 1.2016620636, "dvar2": 0.524281919003, "min": -2.73110866547, "var": 1.67228925228, "median": 1.0118585825}, "dynamic_complexity": 5.85770368576, "dissonance": {"dmean": 0.0389812029898, "dmean2": 0.0640755295753, "max": 0.499983251095, "dvar": 0.00128880597185, "mean": 0.386461257935, "dvar2": 0.00336595904082, "min": 0.103985726833, "var": 0.00426911376417, "median": 0.39504685998}, "spectral_skewness": {"dmean": 0.745004713535, "dmean2": 1.16287314892, "max": 11.4494371414, "dvar": 0.690384984016, "mean": 3.54510903358, "dvar2": 1.62088406086, "min": 0.0463374219835, "var": 3.57491183281, "median": 3.17428636551}, "spectral_kurtosis": {"dmean": 10.7100782394, "dmean2": 17.2687721252, "max": 188.95741272, "dvar": 217.107009888, "mean": 27.6969661713, "dvar2": 528.357666016, "min": -1.29189753532, "var": 816.648925781, "median": 16.811044693}, "gfcc": {"cov": [[10015.5527344, 715.540466309, -2765.65551758, 472.63067627, 464.431091309, -267.95614624, 157.467681885, 605.09387207, -217.204971313, -206.273208618, 645.114379883, -469.114868164, 563.904418945], [715.540466309, 2127.93188477, -330.884399414, -751.591186523, 635.48260498, -38.2999954224, 353.336090088, -173.015655518, 347.087036133, -168.072616577, 147.014755249, -70.8695373535, 60.4872703552], [-2765.65551758, -330.884399414, 1560.21679688, 39.1150016785, -398.078186035, 108.18661499, -138.161361694, -163.16784668, 29.8193836212, 105.507736206, -262.777648926, 176.144073486, -176.00630188], [472.63067627, -751.591186523, 39.1150016785, 847.90625, -53.4884033203, -72.1827774048, -36.3182182312, 181.829299927, -109.619155884, 80.4238357544, 10.694480896, 8.5433883667, 26.7275333405], [464.431091309, 635.48260498, -398.078186035, -53.4884033203, 520.861450195, 41.398349762, 141.987136841, 28.499250412, 143.616714478, -35.9109230042, 89.4294204712, -8.81719017029, 27.5025482178], [-267.95614624, -38.2999954224, 108.18661499, -72.1827774048, 41.398349762, 309.619232178, 62.2326278687, -23.5012493134, 31.2576408386, 44.2300033569, -29.9638557434, 56.2969322205, -46.0147666931], [157.467681885, 353.336090088, -138.161361694, -36.3182182312, 141.987136841, 62.2326278687, 285.815582275, 8.22124385834, 38.2992706299, 12.3060035706, 59.7837295532, 14.3327941895, -6.18926954269], [605.09387207, -173.015655518, -163.16784668, 181.829299927, 28.499250412, -23.5012493134, 8.22124385834, 250.625045776, -11.2493467331, 3.59503245354, 58.5788764954, -32.5657234192, 52.1031074524], [-217.204971313, 347.087036133, 29.8193836212, -109.619155884, 143.616714478, 31.2576408386, 38.2992706299, -11.2493467331, 247.323760986, 24.3627796173, -36.5454597473, 40.1222343445, -14.2649278641], [-206.273208618, -168.072616577, 105.507736206, 80.4238357544, -35.9109230042, 44.2300033569, 12.3060035706, 3.59503245354, 24.3627796173, 135.019683838, -22.5508861542, 24.6092433929, -24.0834903717], [645.114379883, 147.014755249, -262.777648926, 10.694480896, 89.4294204712, -29.9638557434, 59.7837295532, 58.5788764954, -36.5454597473, -22.5508861542, 204.994338989, -21.3627090454, 54.1752853394], [-469.114868164, -70.8695373535, 176.144073486, 8.5433883667, -8.81719017029, 56.2969322205, 14.3327941895, -32.5657234192, 40.1222343445, 24.6092433929, -21.3627090454, 136.108001709, -13.381020546], [563.904418945, 60.4872703552, -176.00630188, 26.7275333405, 27.5025482178, -46.0147666931, -6.18926954269, 52.1031074524, -14.2649278641, -24.0834903717, 54.1752853394, -13.381020546, 131.114959717]], "mean": [-154.728210449, 154.799194336, -108.894958496, -15.6466836929, -64.2075958252, -23.5378055573, -47.9239654541, 4.52531290054, -36.3589324951, -11.3067073822, -3.64560985565, -17.7482910156, -2.76668596268], "icov": [[0.000400741293561, -0.000845204980578, 0.000844084250275, -0.000716751907021, 0.000941654143389, -0.000541399582289, 0.000750676903408, -0.000617341836914, 0.000552293669898, -0.000399995566113, 2.31605499721e-05, -0.000154583423864, -0.000199910457013], [-0.000845204980578, 0.00540696550161, -0.00308750406839, 0.00361064821482, -0.00504555972293, 0.00255009392276, -0.00484339380637, 0.0031946611125, -0.00415811268613, 0.00329909403808, -0.00174455938395, 0.00371982529759, -0.00203071557917], [0.000844084250275, -0.00308750406839, 0.00352290458977, -0.00239280494861, 0.00386946089566, -0.00177458277903, 0.00296968407929, -0.00169448240194, 0.00193656224292, -0.0018708499847, 0.00134943972807, -0.00272184773348, 0.00142173655331], [-0.000716751907021, 0.00361064821482, -0.00239280494861, 0.0042810710147, -0.00385766103864, 0.0023789415136, -0.00310220126994, 0.000828262302093, -0.00156018149573, 0.000858899322338, -0.000656202726532, 0.00162453006487, -0.00107437081169], [0.000941654143389, -0.00504555972293, 0.00386946089566, -0.00385766103864, 0.00841676909477, -0.00308688799851, 0.00361807784066, -0.00266069662757, 0.00144578854088, -0.00182257522829, 0.000630864698905, -0.00315575790592, 0.00187750381883], [-0.000541399582289, 0.00255009392276, -0.00177458277903, 0.0023789415136, -0.00308688799851, 0.00544284610078, -0.00291849579662, 0.00106639682781, -0.00120682164561, 0.000184819160495, -8.38703344925e-05, 5.14367311553e-05, 0.000223611961701], [0.000750676903408, -0.00484339380637, 0.00296968407929, -0.00310220126994, 0.00361807784066, -0.00291849579662, 0.0088368980214, -0.00287990598008, 0.00369521928951, -0.00358819984831, 0.000509772857185, -0.0038719298318, 0.00254025077447], [-0.000617341836914, 0.0031946611125, -0.00169448240194, 0.000828262302093, -0.00266069662757, 0.00106639682781, -0.00287990598008, 0.00767686450854, -0.0034236847423, 0.00213265768252, -0.00201951363124, 0.0032810154371, -0.00232791365124], [0.000552293669898, -0.00415811268613, 0.00193656224292, -0.00156018149573, 0.00144578854088, -0.00120682164561, 0.00369521928951, -0.0034236847423, 0.00979799777269, -0.00445198686793, 0.00321757188067, -0.00469561852515, 0.00170829589479], [-0.000399995566113, 0.00329909403808, -0.0018708499847, 0.000858899322338, -0.00182257522829, 0.000184819160495, -0.00358819984831, 0.00213265768252, -0.00445198686793, 0.0116150528193, -0.0014082742855, 0.00233338493854, -0.00058870203793], [2.31605499721e-05, -0.00174455938395, 0.00134943972807, -0.000656202726532, 0.000630864698905, -8.38703344925e-05, 0.000509772857185, -0.00201951363124, 0.00321757188067, -0.0014082742855, 0.00818636640906, -0.00242599099874, -0.000223456023377], [-0.000154583423864, 0.00371982529759, -0.00272184773348, 0.00162453006487, -0.00315575790592, 5.14367311553e-05, -0.0038719298318, 0.0032810154371, -0.00469561852515, 0.00233338493854, -0.00242599099874, 0.013370456174, -0.00355808832683], [-0.000199910457013, -0.00203071557917, 0.00142173655331, -0.00107437081169, 0.00187750381883, 0.000223611961701, 0.00254025077447, -0.00232791365124, 0.00170829589479, -0.00058870203793, -0.000223456023377, -0.00355808832683, 0.0120876021683]]}, "spectral_complexity": {"dmean": 1.25931894779, "dmean2": 1.96738064289, "max": 41, "dvar": 2.27628469467, "mean": 8.82698726654, "dvar2": 4.44137573242, "min": 0, "var": 32.247341156, "median": 8}, "spectral_flux": {"dmean": 0.0151154948398, "dmean2": 0.0241231452674, "max": 0.261951774359, "dvar": 0.000326767971274, "mean": 0.0434175655246, "dvar2": 0.00077755964594, "min": 7.00130694895e-05, "var": 0.00118900451344, "median": 0.0352213680744}, "spectral_energyband_low": {"dmean": 0.000224073111895, "dmean2": 0.000333287549438, "max": 0.0193027593195, "dvar": 5.19998764048e-07, "mean": 0.000714654568583, "dvar2": 1.06137383682e-06, "min": 1.23416221687e-09, "var": 2.18332093027e-06, "median": 0.000162226933753}, "spectral_decrease": {"dmean": 1.05128861172e-09, "dmean2": 1.4606338361e-09, "max": -8.96677760051e-16, "dvar": 2.90667193387e-18, "mean": -3.8506815514e-09, "dvar2": 5.47471763165e-18, "min": -4.24218846717e-08, "var": 1.892637218e-17, "median": -2.51833909282e-09}, "barkbands_spread": {"dmean": 2.11014914513, "dmean2": 2.99774241447, "max": 87.3627700806, "dvar": 18.3849487305, "mean": 8.13160705566, "dvar2": 32.6360092163, "min": 0.188520088792, "var": 98.8605880737, "median": 4.9335026741}, "spectral_rms": {"dmean": 0.000475343200378, "dmean2": 0.000646555214189, "max": 0.0127501664683, "dvar": 3.24205757352e-07, "mean": 0.00329235964455, "dvar2": 5.72302894852e-07, "min": 2.18684090214e-06, "var": 4.15081740357e-06, "median": 0.00311383185908}, "spectral_centroid": {"dmean": 110.352294922, "dmean2": 152.225631714, "max": 3875.20117188, "dvar": 40543.5625, "mean": 687.533630371, "dvar2": 71632.484375, "min": 219.87322998, "var": 249693.421875, "median": 508.98425293}, "barkbands_skewness": {"dmean": 0.574743390083, "dmean2": 0.842682659626, "max": 19.7911376953, "dvar": 0.505429923534, "mean": 1.86400365829, "dvar2": 1.05845701694, "min": -1.82859385014, "var": 3.13848757744, "median": 1.46885466576}, "spectral_rolloff": {"dmean": 167.280670166, "dmean2": 278.120574951, "max": 12037.0605469, "dvar": 279618.03125, "mean": 833.694091797, "dvar2": 574955.875, "min": 193.798828125, "var": 762872.3125, "median": 602.9296875}, "erbbands_spread": {"dmean": 4.62072467804, "dmean2": 6.76538133621, "max": 151.151916504, "dvar": 67.1151199341, "mean": 17.7742061615, "dvar2": 132.715087891, "min": 0.763476669788, "var": 263.577392578, "median": 12.4718379974}, "barkbands": {"dmean": [2.38947814069e-06, 0.00010216794908, 0.000108712658403, 0.00018440221902, 0.00125000381377, 0.00188092968892, 0.000555384438485, 0.000864121480845, 0.000750284234527, 0.000294968340313, 0.000229395518545, 0.000217795139179, 0.00011576119141, 7.62950803619e-05, 7.02836550772e-05, 6.065956768e-05, 4.21180593548e-05, 7.36418223823e-05, 6.30071517662e-05, 6.80175653542e-05, 7.29839848645e-06, 7.18006788247e-07, 1.09767631784e-06, 2.15217073674e-06, 2.07750349546e-06, 6.12184805959e-07, 2.58988954727e-08], "dmean2": [4.15824251832e-06, 0.000152108026668, 0.000165222125361, 0.000281827902654, 0.00193110702094, 0.00285731209442, 0.000839800166432, 0.00124063238036, 0.00103026325814, 0.000410220207414, 0.000306252157316, 0.000290311174467, 0.000167597347172, 0.00011115858797, 9.80308250291e-05, 8.35833488964e-05, 5.76188213017e-05, 9.87550956779e-05, 8.47612682264e-05, 8.92964599188e-05, 1.15597513286e-05, 1.10787834728e-06, 1.62873789122e-06, 3.11189705826e-06, 2.93150742436e-06, 8.93769140475e-07, 4.04289792755e-08], "max": [0.000359906087397, 0.0105756036937, 0.0115314312279, 0.00714650098234, 0.0466366522014, 0.102897621691, 0.0717611312866, 0.0726617500186, 0.0898732542992, 0.0570501089096, 0.0340851955116, 0.0366063378751, 0.0134192174301, 0.0119467703626, 0.0114641552791, 0.0104791810736, 0.00567626627162, 0.0123248603195, 0.0182581208646, 0.0142234507948, 0.00270775193349, 0.000175967434188, 0.000151650572661, 0.000334506825311, 0.00160363351461, 0.000469145859824, 1.244923169e-05], "dvar": [3.42823755495e-11, 1.58818636464e-07, 1.49863922161e-07, 1.02790657763e-07, 4.78234733237e-06, 1.67034795595e-05, 2.83802205558e-06, 4.89664853376e-06, 4.77848107039e-06, 1.51885706146e-06, 6.64728418087e-07, 9.66040033745e-07, 2.4731983217e-07, 1.31057305452e-07, 1.20346513199e-07, 8.03344875067e-08, 2.53207677048e-08, 9.61555954859e-08, 1.04570510473e-07, 1.26604831507e-07, 4.26605728521e-09, 2.08072881841e-11, 2.56253473302e-11, 7.64321730906e-11, 3.23373661182e-10, 4.4404015187e-11, 3.4152205803e-14], "mean": [2.71273370345e-06, 0.000293143617455, 0.000279774190858, 0.000416145194322, 0.00299737555906, 0.00386321591213, 0.00129568215925, 0.00192090822384, 0.00170505174901, 0.00057809415739, 0.000453977612779, 0.000449158600532, 0.00020787808171, 0.000115341099445, 0.00011554179946, 0.00011351989815, 8.94261902431e-05, 0.000156915833941, 0.000138003393658, 0.000153954402776, 8.5852580014e-06, 9.26866505324e-07, 1.78485993274e-06, 3.77146011488e-06, 3.31664296027e-06, 9.2814849495e-07, 3.98110273636e-08], "dvar2": [8.55123402643e-11, 3.35821823683e-07, 3.12425981974e-07, 2.55782879321e-07, 1.2952970792e-05, 3.75663112209e-05, 5.35916478839e-06, 9.49571494857e-06, 9.18243858905e-06, 3.33102775585e-06, 1.22800190638e-06, 1.836174647e-06, 5.27175245679e-07, 2.76011292044e-07, 2.27649721296e-07, 1.49049640186e-07, 4.98444272523e-08, 1.82116650649e-07, 1.86611373465e-07, 2.50526483114e-07, 1.09371987023e-08, 4.79219962324e-11, 5.24685191128e-11, 1.51684886873e-10, 6.683053555e-10, 8.55564022406e-11, 7.89694712074e-14], "min": [2.95826640961e-10, 8.03360766799e-10, 2.32527035821e-11, 2.19660158118e-11, 4.70656846829e-11, 8.15791965231e-12, 8.81454076396e-11, 7.827308246e-11, 6.80596638075e-12, 9.57683168878e-11, 3.29753550854e-11, 5.02280543546e-11, 1.36110356319e-09, 1.11237945938e-11, 2.49716480133e-11, 2.55844286728e-11, 6.10694064762e-11, 2.06948097548e-10, 5.96635518768e-11, 3.31929872477e-10, 7.5466424776e-11, 8.54746412537e-11, 1.0610735901e-10, 1.7111068118e-10, 2.44007924977e-10, 3.08967351703e-10, 1.23136334462e-10], "var": [4.48000178621e-11, 4.9811211511e-07, 5.98133851781e-07, 4.59300792954e-07, 1.51865006046e-05, 4.46837329946e-05, 1.14885069706e-05, 1.91946219275e-05, 1.94776093849e-05, 3.59484897672e-06, 2.17074261855e-06, 2.73069531431e-06, 5.54235271011e-07, 2.36934454279e-07, 2.32830501545e-07, 2.15188734387e-07, 9.51454595111e-08, 3.61938219839e-07, 3.75709589662e-07, 3.70584075426e-07, 4.23726742582e-09, 3.79287087848e-11, 5.88712342764e-11, 1.86342205555e-10, 4.6563705669e-10, 7.59268897754e-11, 4.98567387461e-14], "median": [9.66567085925e-07, 2.65222060989e-05, 4.57717796962e-05, 0.00015261270164, 0.00169360428117, 0.00154162256513, 0.000237503772951, 0.000434711982962, 0.000255980034126, 0.000102912112197, 4.99639027112e-05, 3.39258622262e-05, 1.67450780282e-05, 7.64774631534e-06, 8.95969242265e-06, 5.45246803085e-06, 5.17952230439e-06, 3.24309598909e-06, 3.0444236927e-06, 2.91798187391e-06, 3.63318008567e-07, 3.72885011757e-08, 1.20376753898e-07, 4.77432706703e-07, 3.12640452194e-07, 5.28496357788e-08, 1.19134639931e-08]}, "melbands_kurtosis": {"dmean": 6.44755315781, "dmean2": 9.57517337799, "max": 532.793395996, "dvar": 226.638504028, "mean": 14.462846756, "dvar2": 457.620697021, "min": -1.63069212437, "var": 953.25213623, "median": 5.393034935}, "erbbands_crest": {"dmean": 2.76354598999, "dmean2": 4.36275100708, "max": 32.5184783936, "dvar": 6.92376375198, "mean": 13.7418384552, "dvar2": 16.3784046173, "min": 3.37596821785, "var": 28.6030521393, "median": 12.7050323486}, "melbands_skewness": {"dmean": 0.598728835583, "dmean2": 0.875616908073, "max": 17.0319023132, "dvar": 0.542657256126, "mean": 1.98546731472, "dvar2": 1.08359861374, "min": -1.5767339468, "var": 3.19275379181, "median": 1.60031151772}, "spectral_energyband_middle_low": {"dmean": 0.00380318006501, "dmean2": 0.0054241665639, "max": 0.154905676842, "dvar": 4.02899750043e-05, "mean": 0.0124986767769, "dvar2": 7.92940918473e-05, "min": 2.72018768621e-10, "var": 0.000227557349717, "median": 0.0079177133739}, "spectral_contrast_coeffs": {"dmean": [0.0412141941488, 0.0420072153211, 0.0353470928967, 0.0294912941754, 0.0247175451368, 0.0183268208057], "dmean2": [0.0661453083158, 0.0670425221324, 0.0543578527868, 0.0454630516469, 0.037131819874, 0.0284939836711], "max": [-0.240849152207, -0.316813111305, -0.380502402782, -0.488822638988, -0.457278609276, -0.573592066765], "dvar": [0.00117790536024, 0.00142305181362, 0.000966927502304, 0.000722094846424, 0.000646872096695, 0.000318838632666], "mean": [-0.527806401253, -0.651558041573, -0.709606349468, -0.753717839718, -0.774604737759, -0.830448925495], "dvar2": [0.00293765356764, 0.00333107472397, 0.00213138386607, 0.00148791854735, 0.00122191535775, 0.000698357063811], "min": [-0.971280097961, -0.909297943115, -0.939748167992, -0.937264204025, -0.933215260506, -0.920312225819], "var": [0.00989380478859, 0.00759864598513, 0.0070572597906, 0.00583298644051, 0.00689306622371, 0.00141680822708], "median": [-0.525988459587, -0.654920578003, -0.71228158474, -0.75754982233, -0.793374300003, -0.837857604027]}, "spectral_contrast_valleys": {"dmean": [0.361517876387, 0.304267555475, 0.304016947746, 0.303380221128, 0.312461435795, 0.298177868128], "dmean2": [0.594357669353, 0.487953513861, 0.473507970572, 0.461567252874, 0.450562030077, 0.421854734421], "max": [-6.04101657867, -4.69808530807, -5.63328647614, -6.65034294128, -6.01435804367, -8.73767852783], "dvar": [0.0980819612741, 0.0758920013905, 0.0748503357172, 0.0783453881741, 0.120833620429, 0.13979510963], "mean": [-9.04343700409, -7.34891796112, -8.62489032745, -9.59055233002, -9.71364212036, -12.7048778534], "dvar2": [0.245622977614, 0.177314430475, 0.162158638239, 0.166057944298, 0.221941336989, 0.245102927089], "min": [-15.3312005997, -14.8466949463, -14.5950965881, -15.1921110153, -14.6006526947, -16.2784328461], "var": [1.74371063709, 1.27840471268, 1.46076667309, 1.24068617821, 1.35758805275, 0.885266005993], "median": [-8.92859554291, -7.19574737549, -8.44541931152, -9.47123146057, -9.59999656677, -12.7357873917]}, "silence_rate_20dB": {"dmean": 0, "dmean2": 0, "max": 1, "dvar": 0, "mean": 1, "dvar2": 0, "min": 1, "var": 0, "median": 1}, "silence_rate_30dB": {"dmean": 0.00268817204051, "dmean2": 0.00537682604045, "max": 1, "dvar": 0.00268099596724, "mean": 0.99695366621, "dvar2": 0.00606499938294, "min": 0, "var": 0.00303691020235, "median": 1}, "spectral_strongpeak": {"dmean": 0.406696438789, "dmean2": 0.653030276299, "max": 12.7938995361, "dvar": 0.439330309629, "mean": 1.05351603031, "dvar2": 1.07432615757, "min": 0, "var": 1.26929044724, "median": 0.682183027267}, "spectral_spread": {"dmean": 452769, "dmean2": 654757.6875, "max": 16232903, "dvar": 483629727744, "mean": 2660759.25, "dvar2": 780675514368, "min": 512996.875, "var": 2927785672700.0, "median": 2320409.25}, "barkbands_flatness_db": {"dmean": 0.0221772752702, "dmean2": 0.0316696800292, "max": 0.475335210562, "dvar": 0.000539358472452, "mean": 0.259648770094, "dvar2": 0.00100236025173, "min": 0.0444100312889, "var": 0.00398843828589, "median": 0.260596811771}, "pitch_salience": {"dmean": 0.0583821944892, "dmean2": 0.0921355113387, "max": 0.856037437916, "dvar": 0.00297516165301, "mean": 0.532697975636, "dvar2": 0.0068879541941, "min": 0.0509683005512, "var": 0.0138853313401, "median": 0.544166088104}, "erbbands_kurtosis": {"dmean": 2.52469730377, "dmean2": 3.84489226341, "max": 157.220352173, "dvar": 23.8195343018, "mean": 5.01676702499, "dvar2": 56.7851905823, "min": -1.91160917282, "var": 97.9711151123, "median": 2.18654441833}, "average_loudness": 0.424403220415, "barkbands_crest": {"dmean": 2.14826536179, "dmean2": 3.40955424309, "max": 26.706571579, "dvar": 4.16082715988, "mean": 11.9438924789, "dvar2": 10.0731811523, "min": 3.38816404343, "var": 18.6463909149, "median": 11.2204408646}, "hfc": {"dmean": 2.46639180183, "dmean2": 3.1626765728, "max": 141.657806396, "dvar": 20.8212909698, "mean": 9.17053127289, "dvar2": 32.0772895813, "min": 1.67310590768e-05, "var": 151.566848755, "median": 4.50856161118}, "barkbands_kurtosis": {"dmean": 5.45185279846, "dmean2": 8.26671123505, "max": 572.542785645, "dvar": 193.207748413, "mean": 12.3142614365, "dvar2": 454.019744873, "min": -1.94897913933, "var": 698.518127441, "median": 4.69901895523}, "erbbands": {"dmean": [0.00157217192464, 0.0283854249865, 0.11884778738, 0.330804347992, 2.44500660896, 3.70156979561, 16.3911247253, 11.2383899689, 6.54005670547, 15.6693124771, 17.0852508545, 17.0720462799, 11.4423885345, 6.91776704788, 8.20640563965, 8.80940151215, 5.51799106598, 4.17997646332, 3.580119133, 3.11192464828, 2.63614177704, 2.10599684715, 2.93444943428, 3.77982950211, 2.38732933998, 3.33554649353, 0.910430312157, 0.0903809666634, 0.0291740316898, 0.0172638297081, 0.0357442572713, 0.0488700903952, 0.0332135595381, 0.0227289870381, 0.0157335605472, 0.0044350088574, 0.0007018999313, 9.9524469988e-05, 4.47137335868e-06, 4.78513265989e-06], "dmean2": [0.00231391075067, 0.0424945615232, 0.180280059576, 0.500656723976, 3.76333785057, 5.82490587234, 24.6382770538, 17.2999858856, 9.89494132996, 22.7532749176, 24.4293403625, 23.9691734314, 16.3651714325, 9.55478096008, 11.113035202, 11.5681695938, 7.82616043091, 6.01687812805, 4.74840307236, 4.27448940277, 3.50953269005, 2.77357673645, 3.7939324379, 4.91921520233, 2.97037172318, 4.30384874344, 1.28086006641, 0.130493894219, 0.0446924827993, 0.0257463324815, 0.0528169721365, 0.0699929818511, 0.0488982796669, 0.0323458723724, 0.0226446986198, 0.00658113509417, 0.0009932348039, 0.00014456124336, 6.43849807602e-06, 6.58382532492e-06], "max": [0.162869781256, 3.15560483932, 13.5834846497, 16.3549537659, 182.181655884, 137.739303589, 849.754760742, 957.073059082, 1289.55407715, 1499.78967285, 1251.24230957, 2734.19702148, 2238.17333984, 943.682006836, 839.902648926, 1887.08081055, 711.471557617, 648.743713379, 482.243377686, 670.572875977, 562.973754883, 400.229766846, 558.370666504, 1132.70031738, 529.519287109, 742.382751465, 283.953155518, 79.1605300903, 6.40130472183, 6.6904706955, 5.7596449852, 6.39725494385, 6.78746747971, 10.7226476669, 16.0055656433, 3.41237092018, 0.3623945117, 0.043907776475, 0.0012794273207, 0.000186591743841], "dvar": [4.78603287775e-05, 0.0119513934478, 0.207896947861, 0.357998520136, 31.0361118317, 47.3948326111, 1198.01147461, 776.067016602, 538.140930176, 2396.72705078, 1725.25695801, 3151.33764648, 1916.73901367, 582.905151367, 802.488769531, 1571.88427734, 526.547729492, 334.36340332, 245.483062744, 264.63659668, 129.048843384, 68.819519043, 124.740936279, 328.411529541, 109.760452271, 330.447509766, 38.7150497437, 0.74326890707, 0.0321338884532, 0.0129505936056, 0.0287508983165, 0.0369666367769, 0.0223997402936, 0.0165962427855, 0.0323382429779, 0.00252594565973, 3.42274615832e-05, 5.12257770424e-07, 4.93362850573e-10, 5.90624077423e-11], "mean": [0.00473307119682, 0.0814179927111, 0.322723865509, 0.895099699497, 5.66706371307, 8.55238056183, 31.3953723907, 24.4015426636, 16.1278610229, 37.1534309387, 38.8013916016, 39.3995246887, 23.3676052094, 15.6485939026, 18.141954422, 18.5328998566, 11.2047357559, 7.43928718567, 6.4967007637, 5.77307939529, 5.53018474579, 4.92394590378, 7.1490445137, 9.62748336792, 6.20543766022, 7.44120168686, 1.67783761024, 0.136006250978, 0.0402637906373, 0.024914978072, 0.0587100088596, 0.0843637138605, 0.0562466159463, 0.0373252332211, 0.0235865171999, 0.0067509575747, 0.00112016045023, 0.00016387879441, 1.29836444103e-05, 1.78612044692e-05], "dvar2": [9.96006056084e-05, 0.0251509230584, 0.431404173374, 0.811523616314, 86.238243103, 128.929916382, 2602.08178711, 1827.57666016, 1003.5402832, 4972.81591797, 3504.95776367, 6276.70556641, 4466.38964844, 1109.73828125, 1534.74401855, 2872.63598633, 1147.65856934, 712.73248291, 414.266204834, 519.538818359, 229.810180664, 128.989990234, 204.541534424, 581.270202637, 174.181793213, 629.48034668, 83.3412628174, 1.61216473579, 0.0761247575283, 0.0243038441986, 0.0614957660437, 0.0759939402342, 0.047077819705, 0.0303399786353, 0.0705658048391, 0.00474795373157, 5.80297382839e-05, 9.2046809641e-07, 1.0277065865e-09, 1.08671557864e-10], "min": [4.64545983903e-08, 7.4882805734e-08, 7.09362879547e-08, 6.83733389906e-08, 1.08091249729e-07, 1.71806902927e-07, 9.8554423289e-08, 9.26780288069e-08, 7.14345844699e-07, 2.10233565667e-06, 1.17465447147e-06, 2.65915645059e-07, 2.00971680897e-06, 2.65624021267e-06, 1.4290345689e-06, 4.27224858868e-06, 6.27992194495e-05, 1.43274291986e-05, 1.15903480946e-06, 2.02274213734e-06, 1.76330820523e-06, 4.67576319352e-06, 1.17354029499e-05, 3.75598233404e-06, 4.74024454888e-06, 1.823837556e-05, 5.14339171787e-06, 3.10649738822e-06, 3.75210856873e-06, 2.00147792384e-06, 3.53568793798e-06, 4.24658674092e-06, 2.66697497864e-06, 2.29382453654e-06, 1.57753652275e-06, 1.08088147499e-06, 6.57839620999e-07, 1.85508710615e-07, 1.73670944292e-08, 5.98666283214e-10], "var": [0.000172845524503, 0.0378180481493, 0.777262449265, 1.99695789814, 114.307037354, 129.725082397, 2727.96655273, 2487.73193359, 2017.76098633, 9017.9921875, 7196.11132812, 11519.5185547, 3931.20825195, 2218.96557617, 2925.48022461, 4354.55273438, 1341.70092773, 682.052429199, 630.49987793, 577.135803223, 402.240936279, 274.977996826, 712.525390625, 1538.44677734, 532.932861328, 930.294250488, 74.3115234375, 0.959799170494, 0.0581889376044, 0.0254532843828, 0.0619220882654, 0.0908972322941, 0.0465721935034, 0.0322319790721, 0.0397625602782, 0.00425662240013, 7.68995378166e-05, 1.06523930299e-06, 9.02998342767e-10, 4.00772859344e-10], "median": [0.000270704127615, 0.00868493225425, 0.0600429736078, 0.375456899405, 1.73875248432, 4.80022954941, 13.9688491821, 8.10119247437, 3.78548717499, 7.05441188812, 9.76249885559, 6.81674337387, 6.23801422119, 2.45429039001, 2.63081407547, 1.99503660202, 1.13390147686, 0.699581086636, 0.553198635578, 0.410781562328, 0.331861376762, 0.298936873674, 0.203001856804, 0.201060950756, 0.148919478059, 0.134572446346, 0.0417873114347, 0.00798101350665, 0.00214680540375, 0.00150380295236, 0.00405034609139, 0.00879564415663, 0.00708110444248, 0.0036899803672, 0.0017521438421