{"tonal": {"chords_key": "F", "hpcp_entropy": {"dmean": 0.717759609222, "dmean2": 1.19441747665, "max": 4.73804187775, "dvar": 0.380620211363, "mean": 1.69274902344, "dvar2": 0.984192073345, "min": 0, "var": 0.654131710529, "median": 1.68239116669}, "key_key": "F", "chords_strength": {"dmean": 0.00779830198735, "dmean2": 0.00806427840143, "max": 0.742286860943, "dvar": 0.000520831905305, "mean": 0.515569925308, "dvar2": 0.00100007688161, "min": -1, "var": 0.00904152542353, "median": 0.51897418499}, "key_scale": "major", "chords_number_rate": 0.00177845533472, "thpcp": [1, 0.576108157635, 0.203678205609, 0.165388390422, 0.161785498261, 0.23616027832, 0.317229628563, 0.256859093904, 0.174453094602, 0.149338021874, 0.13723026216, 0.220759406686, 0.309632509947, 0.323160618544, 0.649753153324, 0.845308721066, 0.477234631777, 0.227653667331, 0.229905903339, 0.238872081041, 0.400826573372, 0.550657331944, 0.337248831987, 0.135200828314, 0.130000919104, 0.144740253687, 0.262544184923, 0.352260768414, 0.293821334839, 0.350772917271, 0.440359681845, 0.328613311052, 0.24576883018, 0.232834994793, 0.237808510661, 0.67458987236], "key_strength": 0.896329343319, "tuning_nontempered_energy_ratio": 0.629713058472, "tuning_frequency": 440.254241943, "chords_changes_rate": 0.0480182915926, "tuning_diatonic_strength": 0.694509804249, "chords_scale": "major", "chords_histogram": [40.3455276489, 3.22662591934, 31.9613819122, 0.203252032399, 0, 0, 0, 0, 0.203252032399, 0, 0, 0, 0, 0, 0, 2.26117897034, 0, 0.863821148872, 0, 6.22459363937, 0, 0, 13.694106102, 1.01626014709], "tuning_equal_tempered_deviation": 0.0118477102369, "hpcp": {"dmean": [0.119407139719, 0.111613817513, 0.126232743263, 0.121676765382, 0.110936813056, 0.0964530929923, 0.0938743725419, 0.101381726563, 0.169337749481, 0.194560617208, 0.153292730451, 0.0912852734327, 0.0761737525463, 0.0673967525363, 0.0799159780145, 0.105127058923, 0.0968586802483, 0.0825823843479, 0.0763360634446, 0.0711400955915, 0.0920291915536, 0.126276478171, 0.146920695901, 0.195083156228, 0.208415314555, 0.155288010836, 0.102926239371, 0.110829815269, 0.119895145297, 0.132201045752, 0.142632111907, 0.0962485224009, 0.0569605901837, 0.0566892512143, 0.0641084834933, 0.0937152132392], "dmean2": [0.208883389831, 0.19765214622, 0.222684547305, 0.220304369926, 0.194251343608, 0.173225328326, 0.16912086308, 0.182792454958, 0.287361443043, 0.34658357501, 0.266534775496, 0.164485231042, 0.139292135835, 0.122209750116, 0.137805715203, 0.182918846607, 0.170521438122, 0.150100156665, 0.142019569874, 0.132549419999, 0.165341630578, 0.225829720497, 0.265011996031, 0.343757748604, 0.369603991508, 0.27240845561, 0.186739727855, 0.201268285513, 0.221298605204, 0.234914571047, 0.247998207808, 0.169356837869, 0.103207215667, 0.103306278586, 0.117306448519, 0.165384978056], "max": [1, 1, 1, 1, 1, 1, 1, 1, 1, 1, 1, 1, 1, 1, 1, 1, 1, 1, 1, 1, 1, 1, 1, 1, 1, 1, 1, 1, 1, 1, 1, 1, 1, 1, 1, 1], "dvar": [0.0340765193105, 0.0294350385666, 0.0339989922941, 0.0448510050774, 0.0341397076845, 0.0275434628129, 0.0258766319603, 0.028416633606, 0.0415795333683, 0.0660284608603, 0.0347539484501, 0.0286079328507, 0.0249766055495, 0.0189363863319, 0.0181962549686, 0.0277052745223, 0.0299060065299, 0.0301122106612, 0.032756652683, 0.0285159740597, 0.0310840494931, 0.0465833060443, 0.051092568785, 0.0581443533301, 0.0732704550028, 0.0422413349152, 0.0333154834807, 0.0398058742285, 0.0459925718606, 0.0392184220254, 0.0387697890401, 0.0195228327066, 0.0130957616493, 0.0143154896796, 0.0192114766687, 0.0233010612428], "mean": [0.156310677528, 0.130379006267, 0.155650466681, 0.195403307676, 0.14581745863, 0.109056398273, 0.103317193687, 0.105524122715, 0.299339592457, 0.443735688925, 0.255639761686, 0.0903792902827, 0.0733887329698, 0.0717900022864, 0.104792743921, 0.140766113997, 0.11397754401, 0.0774110630155, 0.0662666112185, 0.0608939677477, 0.0979588255286, 0.137394994497, 0.143397897482, 0.288318663836, 0.375093638897, 0.211766034365, 0.101018056273, 0.102017454803, 0.105996064842, 0.177861049771, 0.244346305728, 0.149649336934, 0.0599934309721, 0.0576860494912, 0.0642264187336, 0.116500228643], "dvar2": [0.0886894464493, 0.0803475826979, 0.0990976244211, 0.116427227855, 0.0951193645597, 0.0779941082001, 0.0727629736066, 0.0806300714612, 0.110029876232, 0.162404581904, 0.0985448285937, 0.0798933804035, 0.0702844783664, 0.0541806183755, 0.049116704613, 0.0720068663359, 0.0805202499032, 0.0831555649638, 0.0934968590736, 0.0816940292716, 0.0866531208158, 0.123735412955, 0.138986304402, 0.15069887042, 0.182881727815, 0.117333471775, 0.0917238816619, 0.110329173505, 0.130872890353, 0.108501859009, 0.103459514678, 0.0550175718963, 0.0372298508883, 0.0412095822394, 0.0556498318911, 0.0652845874429], "min": [0, 0, 0, 0, 0, 0, 0, 0, 0, 0, 0, 0, 0, 0, 0, 0, 0, 0, 0, 0, 0, 0, 0, 0, 0, 0, 0, 0, 0, 0, 0, 0, 0, 0, 0, 0], "var": [0.050150744617, 0.0324742048979, 0.0463490337133, 0.0951993986964, 0.0556729659438, 0.0239146258682, 0.0212486051023, 0.0232300795615, 0.0850665569305, 0.151208266616, 0.0558719038963, 0.0221747923642, 0.0175100266933, 0.013460284099, 0.0185277946293, 0.0335579067469, 0.0272119212896, 0.0211469195783, 0.0204614829272, 0.0179924536496, 0.0253711529076, 0.0478083156049, 0.0440041609108, 0.0962217077613, 0.146078035235, 0.0542009472847, 0.0258053410798, 0.0307871773839, 0.0342782996595, 0.0449025258422, 0.0752191618085, 0.0273962449282, 0.0101439449936, 0.00996482744813, 0.012958066538, 0.0266823843122], "median": [0.0706800296903, 0.0621642842889, 0.0644742548466, 0.0551606193185, 0.039893694222, 0.0579579994082, 0.0553118996322, 0.0520709306002, 0.153561323881, 0.26108956337, 0.16212117672, 0.0412754490972, 0.0355556942523, 0.0386704280972, 0.0593402534723, 0.0801610052586, 0.060215882957, 0.0349271297455, 0.0284340903163, 0.0248142927885, 0.0443221107125, 0.0528239272535, 0.0577288791537, 0.146947443485, 0.192785054445, 0.118803821504, 0.0467398017645, 0.0409457460046, 0.0400788150728, 0.0922112762928, 0.127532571554, 0.0861203670502, 0.0297154206783, 0.0300981607288, 0.0335458889604, 0.0588736534119]}}, "lowlevel": {"melbands_flatness_db": {"dmean": 0.022510016337, "dmean2": 0.0368025265634, "max": 0.49770835042, "dvar": 0.000674169394188, "mean": 0.135038509965, "dvar2": 0.00172536377795, "min": 0.0039119431749, "var": 0.00211843033321, "median": 0.128207594156}, "melbands_crest": {"dmean": 3.07496953011, "dmean2": 4.99137544632, "max": 33.9892654419, "dvar": 8.99474525452, "mean": 13.0820455551, "dvar2": 22.5290374756, "min": 1.70096802711, "var": 23.2398452759, "median": 12.3792772293}, "spectral_entropy": {"dmean": 0.0926927104592, "dmean2": 0.135489836335, "max": 9.80687713623, "dvar": 0.0105044580996, "mean": 7.91223239899, "dvar2": 0.0191689189523, "min": 5.88110160828, "var": 0.0941359549761, "median": 7.96736383438}, "melbands": {"dmean": [0.00151284993626, 0.00202281284146, 0.000647880602628, 0.000419816409703, 0.000132183617097, 6.42421291559e-05, 6.89966618665e-05, 9.34839481488e-05, 7.89879049989e-05, 0.00012522067118, 0.00011719930626, 0.00010093486344, 8.66032132762e-05, 7.94959705672e-05, 7.98128239694e-05, 9.88122774288e-05, 7.61086703278e-05, 6.22274455964e-05, 5.10024074174e-05, 6.40347643639e-05, 4.05473838327e-05, 2.68496496574e-05, 2.89186373266e-05, 2.79588966805e-05, 1.66969421116e-05, 1.18558582471e-05, 1.30771950353e-05, 7.74149521021e-06, 6.02933596383e-06, 5.54826283405e-06, 3.31699948219e-06, 2.75144907391e-06, 2.47904154094e-06, 2.69599536296e-06, 3.75725812773e-06, 2.50980474448e-06, 1.79790799848e-06, 1.27774615066e-06, 8.837677683e-07, 6.2473759499e-07], "dmean2": [0.00264475797303, 0.00353842834011, 0.00112674292177, 0.000737346475944, 0.000225694020628, 0.000102374819107, 0.000114624119306, 0.00014694451238, 0.000126855549752, 0.000185666533071, 0.000178327754838, 0.000161946605658, 0.000131969689392, 0.000125576523715, 0.000126382539747, 0.000156118694576, 0.000126105791423, 0.000103153506643, 8.22467918624e-05, 0.000102970625449, 6.71143789077e-05, 4.4836098823e-05, 4.90754573548e-05, 4.64273034595e-05, 2.78494298982e-05, 1.9774402972e-05, 2.15515065065e-05, 1.29487370941e-05, 9.86623035715e-06, 9.11173265195e-06, 5.54871076019e-06, 4.52867243439e-06, 4.08772893934e-06, 4.34608773503e-06, 6.07286301602e-06, 3.9177311919e-06, 2.76148762168e-06, 1.93351411326e-06, 1.32652644425e-06, 9.31952172323e-07], "max": [0.0173025913537, 0.022270925343, 0.00887117907405, 0.010488756001, 0.00530171580613, 0.00216480437666, 0.00376489153132, 0.00630306638777, 0.00507360184565, 0.00430924445391, 0.00423950143158, 0.00500172236934, 0.00486010033637, 0.00343783176504, 0.00336032290943, 0.00236202892847, 0.00354340858757, 0.00184360321146, 0.00186225620564, 0.00197514239699, 0.000770324026234, 0.000662448699586, 0.000904892978724, 0.00156938831788, 0.000476092041936, 0.000362309539923, 0.000807469303254, 0.000173080057721, 0.000252025027294, 0.00017846369883, 7.41868498153e-05, 0.000100544209999, 8.0654543126e-05, 0.000137815033668, 0.000150507505168, 0.000125812512124, 0.000130378932226, 0.000121424905956, 0.00012459467689, 5.67806491745e-05], "dvar": [7.01462704455e-06, 1.17703621072e-05, 9.12973177947e-07, 8.4788695176e-07, 7.97211754389e-08, 1.27422143947e-08, 2.15787601121e-08, 4.7975355244e-08, 4.83837609977e-08, 4.61579610089e-08, 3.66478332126e-08, 5.8867048125e-08, 2.43225137808e-08, 2.55259653414e-08, 2.8303563937e-08, 2.36341914928e-08, 1.93379285918e-08, 7.58968976555e-09, 4.04423294853e-09, 6.19096107712e-09, 1.96629335036e-09, 9.4190300004e-10, 1.99367056197e-09, 1.54534318675e-09, 4.98582952702e-10, 2.45479359062e-10, 7.84000586673e-10, 8.47423103911e-11, 7.65222329946e-11, 6.65443672387e-11, 2.33593821369e-11, 1.46107397014e-11, 1.58157705682e-11, 3.27971469427e-11, 5.6731144088e-11, 3.8551686149e-11, 1.8141724234e-11, 1.03471771082e-11, 8.10085592357e-12, 2.60422759746e-12], "mean": [0.00172498752363, 0.00290648569353, 0.00102853111457, 0.000464891054435, 0.000168620041222, 0.000118775998999, 0.000107359715912, 0.000162573007401, 0.000123127480038, 0.000246404291829, 0.000239542758209, 0.000166146754054, 0.000155332076247, 0.000137439084938, 0.000130338827148, 0.000158676775754, 0.000119505515613, 0.000114858761663, 0.000110032822704, 0.000124044890981, 9.24877313082e-05, 5.98830883973e-05, 5.84423578402e-05, 6.09270500718e-05, 3.82056605304e-05, 2.71701555903e-05, 2.70824366453e-05, 1.84894070117e-05, 1.45926233017e-05, 1.18976922749e-05, 7.01540875525e-06, 6.05321702096e-06, 5.05643220094e-06, 5.45561397303e-06, 7.03271189195e-06, 5.10408654009e-06, 3.92647643821e-06, 2.75751790468e-06, 1.81644247732e-06, 1.27699729546e-06], "dvar2": [1.90706123249e-05, 3.27136658598e-05, 2.56531120613e-06, 2.35085030909e-06, 2.11608337963e-07, 3.14452393013e-08, 5.426772276e-08, 1.16810056738e-07, 1.15613275398e-07, 1.10138053344e-07, 9.06239137066e-08, 1.4782035862e-07, 5.79921781707e-08, 6.63805295176e-08, 7.09793965825e-08, 5.76477354741e-08, 5.13499145427e-08, 2.01702672342e-08, 1.0305525322e-08, 1.56429020848e-08, 5.03949548758e-09, 2.49771492378e-09, 5.31286481475e-09, 4.27159596583e-09, 1.3076679739e-09, 6.54037601855e-10, 2.04285233174e-09, 2.2673375677e-10, 1.78658782213e-10, 1.53256948798e-10, 6.23107745956e-11, 3.68165810338e-11, 3.79066188161e-11, 7.57687732e-11, 1.36055430811e-10, 8.74513517157e-11, 4.05486928756e-11, 2.06033939909e-11, 1.80194106164e-11, 5.67703176135e-12], "min": [6.34278404361e-24, 1.15224794572e-23, 1.00587022936e-23, 4.7252318572e-24, 5.45783790798e-24, 5.74957957555e-24, 4.27306506937e-24, 7.04124148909e-24, 1.04198010064e-23, 1.0419848338e-23, 1.06344808243e-23, 7.34495530419e-24, 1.16285851932e-23, 7.18513366251e-24, 5.52647669534e-24, 4.52940581495e-24, 8.67471131085e-24, 7.0447724305e-24, 6.57449891831e-24, 9.47672489394e-24, 1.20185885584e-23, 1.32469372846e-23, 1.12049361215e-23, 6.44644312757e-24, 8.83293550919e-24, 7.98047663779e-24, 5.23512314734e-24, 6.41807450613e-24, 1.09876798839e-23, 9.36159143368e-24, 1.08448045522e-23, 6.88507306227e-24, 8.03985104268e-24, 9.00611887688e-24, 1.46678161921e-23, 1.14602998629e-23, 9.32442425213e-24, 1.22630983626e-23, 1.0241409579e-23, 1.04522602661e-23], "var": [5.6109374782e-06, 1.0189241948e-05, 9.16967792364e-07, 6.97094833413e-07, 8.20089880449e-08, 2.42706779119e-08, 3.0416906327e-08, 7.62564624779e-08, 7.39357517432e-08, 1.08874637306e-07, 8.64136353584e-08, 1.15153554248e-07, 4.50678996344e-08, 4.26092476857e-08, 4.21326085132e-08, 3.87452772088e-08, 2.81059175933e-08, 1.18438894248e-08, 7.81634668101e-09, 1.10280655718e-08, 3.94065358122e-09, 1.86071946739e-09, 2.79578316054e-09, 2.1769164249e-09, 8.70592653524e-10, 5.10088304928e-10, 1.26802135458e-09, 1.93915522528e-10, 2.7474503228e-10, 2.02243125025e-10, 4.88444978908e-11, 3.09977529755e-11, 2.855878381e-11, 5.41392208842e-11, 1.02457771434e-10, 6.72360223053e-11, 3.50730798571e-11, 2.39154078485e-11, 1.71772873703e-11, 5.16635562456e-12], "median": [0.000930846843403, 0.00187371310312, 0.000777475885116, 0.000211049322388, 8.46279290272e-05, 6.81664532749e-05, 5.14480780112e-05, 8.3957114839e-05, 5.35975414095e-05, 0.00013091051369, 0.000147481332533, 7.00309683452e-05, 9.27161017898e-05, 7.57822708692e-05, 7.00577002135e-05, 9.40424142755e-05, 7.31621767045e-05, 8.7990614702e-05, 9.31333415792e-05, 9.95199588942e-05, 8.27397598187e-05, 5.28423443029e-05, 4.76489549328e-05, 5.3862160712e-05, 3.32908020937e-05, 2.25448038691e-05, 1.95853590412e-05, 1.55561556312e-05, 1.02167596197e-05, 7.93358685769e-06, 4.82865652884e-06, 4.47361935585e-06, 3.61268735105e-06, 3.81186805498e-06, 4.08919140682e-06, 3.00876649817e-06, 2.62567323261e-06, 1.88634373899e-06, 1.18209482025e-06, 7.68140637319e-07]}, "silence_rate_60dB": {"dmean": 0.00152477761731, "dmean2": 0.00304994289763, "max": 1, "dvar": 0.00152214604896, "mean": 0.0341760888696, "dvar2": 0.00304081570357, "min": 0, "var": 0.033007401973, "median": 0}, "spectral_energyband_middle_high": {"dmean": 0.00310595240444, "dmean2": 0.00495025515556, "max": 0.055262260139, "dvar": 1.17125864563e-05, "mean": 0.0128451352939, "dvar2": 3.00185402011e-05, "min": 1.50316801779e-21, "var": 3.59077967005e-05, "median": 0.0121730398387}, "erbbands_skewness": {"dmean": 0.271608114243, "dmean2": 0.423054367304, "max": 3.52820682526, "dvar": 0.0606956742704, "mean": -0.215760305524, "dvar2": 0.146742910147, "min": -2.15168595314, "var": 0.290419787169, "median": -0.26519665122}, "dynamic_complexity": 1.56870114803, "dissonance": {"dmean": 0.00934111885726, "dmean2": 0.0160420294851, "max": 0.500000059605, "dvar": 9.47711159824e-05, "mean": 0.483446836472, "dvar2": 0.000266491580987, "min": 0.316545277834, "var": 0.000260527216597, "median": 0.487372040749}, "spectral_skewness": {"dmean": 0.138909131289, "dmean2": 0.232423812151, "max": 4.08484649658, "dvar": 0.016742400825, "mean": 1.45268976688, "dvar2": 0.0439760610461, "min": -0.0721162632108, "var": 0.095234580338, "median": 1.44679713249}, "spectral_kurtosis": {"dmean": 0.996951162815, "dmean2": 1.65659439564, "max": 29.0695533752, "dvar": 1.11957538128, "mean": 4.2143239975, "dvar2": 2.85988974571, "min": -1.22276091576, "var": 4.63097143173, "median": 3.88466453552}, "gfcc": {"cov": [[20028.7675781, 7.90651130676, -1613.45544434, 675.295532227, -145.947662354, 811.774108887, -319.037139893, 360.899108887, -150.677017212, 184.303939819, -323.907043457, -97.9920043945, -312.864440918], [7.90651130676, 670.378662109, -95.7047042847, -12.9362773895, 59.7285003662, -93.6517410278, 31.7412967682, 5.27594518661, 24.4988212585, -29.2162380219, 31.589099884, -9.66524505615, 22.9317378998], [-1613.45544434, -95.7047042847, 379.507110596, 7.69782876968, 32.9816055298, -38.2290077209, 16.5455741882, -35.1546783447, 0.314140409231, -4.89171361923, 8.68627929688, 15.7787504196, 18.9069919586], [675.295532227, -12.9362773895, 7.69782876968, 218.170669556, 59.8168334961, 67.7651901245, 14.1995410919, 32.8483352661, 21.7555236816, 11.0347795486, -8.82717514038, -16.0932369232, 2.48473453522], [-145.947662354, 59.7285003662, 32.9816055298, 59.8168334961, 203.797531128, 56.2101821899, 55.2380561829, 57.704662323, 38.2872276306, 17.2086238861, 5.03797578812, -8.4602098465, 3.6979367733], [811.774108887, -93.6517410278, -38.2290077209, 67.7651901245, 56.2101821899, 177.750396729, 44.1758422852, 60.8767318726, 1.49887824059, 18.3896827698, -8.86944103241, -1.2557156086, -19.5548229218], [-319.037139893, 31.7412967682, 16.5455741882, 14.1995410919, 55.2380561829, 44.1758422852, 127.43636322, 41.8220558167, 33.9855918884, 1.30907964706, 21.303565979, -0.1224969998, 9.9549074173], [360.899108887, 5.27594518661, -35.1546783447, 32.8483352661, 57.704662323, 60.8767318726, 41.8220558167, 110.599273682, 43.8449325562, 20.0968894958, -3.85001063347, -5.31536483765, -0.112403802574], [-150.677017212, 24.4988212585, 0.314140409231, 21.7555236816, 38.2872276306, 1.49887824059, 33.9855918884, 43.8449325562, 71.8097381592, 27.5277080536, 18.5864543915, -6.60723257065, 6.63735723495], [184.303939819, -29.2162380219, -4.89171361923, 11.0347795486, 17.2086238861, 18.3896827698, 1.30907964706, 20.0968894958, 27.5277080536, 52.4318580627, 21.8771152496, 4.57100296021, -2.80738997459], [-323.907043457, 31.589099884, 8.68627929688, -8.82717514038, 5.03797578812, -8.86944103241, 21.303565979, -3.85001063347, 18.5864543915, 21.8771152496, 60.3672103882, 25.7652111053, 11.9941492081], [-97.9920043945, -9.66524505615, 15.7787504196, -16.0932369232, -8.4602098465, -1.2557156086, -0.1224969998, -5.31536483765, -6.60723257065, 4.57100296021, 25.7652111053, 49.4091300964, 22.9461517334], [-312.864440918, 22.9317378998, 18.9069919586, 2.48473453522, 3.6979367733, -19.5548229218, 9.9549074173, -0.112403802574, 6.63735723495, -2.80738997459, 11.9941492081, 22.9461517334, 52.4514350891]], "mean": [46.0198326111, 60.8229789734, -131.17276001, 38.8298034668, -41.4411621094, 28.0589675903, -32.002948761, 17.7071495056, -23.0652961731, 0.529665112495, -21.2283935547, -1.98269915581, -15.732336998], "icov": [[0.000183389071026, -0.000175358407432, 0.000605281675234, -0.000541527115274, 0.000293866556603, -0.000423225661507, 0.00021060340805, -0.000219128618483, 0.00044710963266, -0.00105998874642, 0.00118772045244, -0.00082706392277, 0.000735986104701], [-0.000175358407432, 0.00229310849681, 0.000226366712013, 0.000390407338273, -0.00131796405185, 0.0019583539106, -0.000466628465801, -0.000222467948333, -0.000308324524667, 0.00289806933142, -0.00305049167946, 0.00175276072696, -0.00111260416452], [0.000605281675234, 0.000226366712013, 0.00530890002847, -0.00216158758849, -0.000228713746765, -1.33358862513e-05, -0.000256145576714, 0.000590233365074, 0.0012897530105, -0.00314836786129, 0.00414471095428, -0.00383099680766, 0.00215765507892], [-0.000541527115274, 0.000390407338273, -0.00216158758849, 0.00754728075117, -0.0017438614741, -0.00160904752556, 0.000684988975991, 0.00106563197915, -0.00308374199085, 0.00346766994335, -0.0035693529062, 0.00511246873066, -0.00442835316062], [0.000293866556603, -0.00131796405185, -0.000228713746765, -0.0017438614741, 0.00778747582808, -0.00242568925023, -0.000923802668694, -0.00203098426573, -0.000447220576461, -0.00307767000049, 0.00259208818898, -0.000606117246207, 0.000776028260589], [-0.000423225661507, 0.0019583539106, -1.33358862513e-05, -0.00160904752556, -0.00242568925023, 0.0128878122196, -0.00476945005357, -0.00419873464853, 0.00506128091365, -0.000979867880233, -0.00115486222785, -0.00144728762098, 0.0027767161373], [0.00021060340805, -0.000466628465801, -0.000256145576714, 0.000684988975991, -0.000923802668694, -0.00476945005357, 0.0133932251483, -0.00230464548804, -0.00419660378247, 0.00551747949794, -0.00552280852571, 0.00282069901004, -0.00188448291738], [-0.000219128618483, -0.000222467948333, 0.000590233365074, 0.00106563197915, -0.00203098426573, -0.00419873464853, -0.00230464548804, 0.0184336546808, -0.0109356474131, -0.000804126902949, 0.00551926391199, -0.00248003308661, -0.00125466915779], [0.00044710963266, -0.000308324524667, 0.0012897530105, -0.00308374199085, -0.000447220576461, 0.00506128091365, -0.00419660378247, -0.0109356474131, 0.031793884933, -0.0141389435157, -0.00361800706014, 0.00646850606427, -0.00160810479429], [-0.00105998874642, 0.00289806933142, -0.00314836786129, 0.00346766994335, -0.00307767000049, -0.000979867880233, 0.00551747949794, -0.000804126902949, -0.0141389435157, 0.0403036139905, -0.0205449108034, 0.00587877817452, -0.00174371898174], [0.00118772045244, -0.00305049167946, 0.00414471095428, -0.0035693529062, 0.00259208818898, -0.00115486222785, -0.00552280852571, 0.00551926391199, -0.00361800706014, -0.0205449108034, 0.042663577944, -0.0241410955787, 0.00770336901769], [-0.00082706392277, 0.00175276072696, -0.00383099680766, 0.00511246873066, -0.000606117246207, -0.00144728762098, 0.00282069901004, -0.00248003308661, 0.00646850606427, 0.00587877817452, -0.0241410955787, 0.0434346683323, -0.01958341524], [0.000735986104701, -0.00111260416452, 0.00215765507892, -0.00442835316062, 0.000776028260589, 0.0027767161373, -0.00188448291738, -0.00125466915779, -0.00160810479429, -0.00174371898174, 0.00770336901769, -0.01958341524, 0.0316250771284]]}, "spectral_complexity": {"dmean": 3.83074975014, "dmean2": 6.19468784332, "max": 58, "dvar": 12.5835323334, "mean": 37.000125885, "dvar2": 30.1124763489, "min": 0, "var": 115.846839905, "median": 39}, "spectral_flux": {"dmean": 0.0294974520802, "dmean2": 0.0454396568239, "max": 0.29587957263, "dvar": 0.00118463044055, "mean": 0.101634070277, "dvar2": 0.00214783800766, "min": 1.06411476852e-10, "var": 0.00233772350475, "median": 0.0908884778619}, "spectral_energyband_low": {"dmean": 0.00889142043889, "dmean2": 0.0153820971027, "max": 0.0839782133698, "dvar": 0.000214787331061, "mean": 0.0132276052609, "dvar2": 0.000581631495152, "min": 6.44931592233e-23, "var": 0.000187839163118, "median": 0.0094396751374}, "spectral_decrease": {"dmean": 2.95027913211e-09, "dmean2": 5.06242958664e-09, "max": 5.17610524441e-30, "dvar": 1.53260387853e-17, "mean": -8.11176548154e-09, "dvar2": 4.08671294784e-17, "min": -2.65205191141e-08, "var": 1.70121604372e-17, "median": -7.40897743157e-09}, "barkbands_spread": {"dmean": 5.65361833572, "dmean2": 8.84951210022, "max": 129.810134888, "dvar": 32.5623626709, "mean": 37.2475585938, "dvar2": 76.2339172363, "min": 0.504474818707, "var": 143.038513184, "median": 37.1573600769}, "spectral_rms": {"dmean": 0.000900083046872, "dmean2": 0.00150775385555, "max": 0.0100750839338, "dvar": 1.12641282612e-06, "mean": 0.00557553581893, "dvar2": 2.9516156701e-06, "min": 3.25662565491e-12, "var": 2.38313441514e-06, "median": 0.00557854305953}, "spectral_centroid": {"dmean": 198.497695923, "dmean2": 316.062744141, "max": 10903.7822266, "dvar": 48233.5234375, "mean": 2102.24365234, "dvar2": 100691.890625, "min": 161.312133789, "var": 228004.609375, "median": 2120.36108398}, "barkbands_skewness": {"dmean": 0.4507612288, "dmean2": 0.740545749664, "max": 14.4932765961, "dvar": 0.284793496132, "mean": 0.558565676212, "dvar2": 0.720189630985, "min": -2.04560780525, "var": 0.661731004715, "median": 0.413222372532}, "spectral_rolloff": {"dmean": 529.612365723, "dmean2": 878.032775879, "max": 18733.8867188, "dvar": 572862.75, "mean": 2494.39111328, "dvar2": 1317408, "min": 86.1328125, "var": 1786350, "median": 2325.5859375}, "erbbands_spread": {"dmean": 6.21800231934, "dmean2": 9.97029018402, "max": 122.386276245, "dvar": 42.8574638367, "mean": 29.9028778076, "dvar2": 105.285087585, "min": 8.28558540344, "var": 118.852882385, "median": 27.8784160614}, "barkbands": {"dmean": [7.04839112586e-05, 0.00661365874112, 0.00286502158269, 0.001194769633, 0.0016788255889, 0.000315725483233, 0.000367466651369, 0.000488874560688, 0.00071704381844, 0.000868143106345, 0.000688389700372, 0.000644878076855, 0.000951300084125, 0.000723344273865, 0.000763301679399, 0.000778214540333, 0.000531919882633, 0.000512123340741, 0.000308306742227, 0.000282597582554, 0.000187087731319, 0.000125715916511, 0.000172858170117, 0.00011300524784, 7.8472221503e-05, 3.98010342906e-05, 3.92844776798e-06], "dmean2": [0.00011393881141, 0.0116530610248, 0.00500111700967, 0.00209601293318, 0.00292752985843, 0.00050874252338, 0.00061186630046, 0.000767596473452, 0.00108239124529, 0.00133963220287, 0.00104745046701, 0.00102900550701, 0.00150591623969, 0.00119702424854, 0.00123354152311, 0.00125683005899, 0.000891371164471, 0.000849650939927, 0.000511571997777, 0.00046648355783, 0.00030593041447, 0.000205390009796, 0.000273021316389, 0.000167694117408, 0.000116755683848, 5.81414205953e-05, 6.28180532658e-06], "max": [0.00107186927926, 0.0757774785161, 0.0396327003837, 0.0224845483899, 0.0397521145642, 0.0129399225116, 0.0362606197596, 0.0220777150244, 0.0275525879115, 0.0290691591799, 0.0368297211826, 0.0285764858127, 0.0230693016201, 0.0277246739715, 0.0219388250262, 0.0175241529942, 0.013725050725, 0.0199699178338, 0.00800322182477, 0.0120603702962, 0.0061087529175, 0.00422700308263, 0.00696120923385, 0.00766691938043, 0.00691285775974, 0.00352178816684, 0.000236182895605], "dvar": [9.24738152719e-09, 0.00013904136722, 2.25237636187e-05, 3.18763818541e-06, 1.32531758936e-05, 3.91634387142e-07, 9.15612076824e-07, 1.33430114602e-06, 1.5952356307e-06, 2.4881594527e-06, 1.54599479174e-06, 2.15925479097e-06, 2.32508978115e-06, 1.55559973791e-06, 9.05315573618e-07, 8.07704111594e-07, 4.36339576027e-07, 5.0971419796e-07, 1.53308505446e-07, 2.17611031417e-07, 7.68237882198e-08, 3.31144711652e-08, 1.34866752433e-07, 7.51377342567e-08, 4.03858742004e-08, 1.38652911374e-08, 7.01191396613e-11], "mean": [9.07280409592e-05, 0.00769818713889, 0.00461303489283, 0.00149074732326, 0.00197817618027, 0.000555153703317, 0.000530210672878, 0.00082499027485, 0.00135816051625, 0.00165651470888, 0.00119885976892, 0.00101837678812, 0.00154277624097, 0.0011506525334, 0.00160026794765, 0.00162508466747, 0.00113242387306, 0.0011665270431, 0.000775680702645, 0.000695144117344, 0.000445866433438, 0.000290899566608, 0.000367990141967, 0.000270622607786, 0.000153066168423, 7.01436874806e-05, 6.29596934232e-06], "dvar2": [2.18018083586e-08, 0.000380984536605, 6.50739893899e-05, 8.84901692189e-06, 3.64443621947e-05, 9.77586637418e-07, 2.23647407438e-06, 3.26533245243e-06, 3.86202009395e-06, 5.94933180764e-06, 3.79425250685e-06, 5.44736576558e-06, 5.8559480749e-06, 4.1238963604e-06, 2.34182380154e-06, 2.05100604944e-06, 1.15232944609e-06, 1.39669350574e-06, 4.0035706661e-07, 5.4945184047e-07, 1.7658821605e-07, 8.00448560767e-08, 2.99471963672e-07, 1.51542209892e-07, 8.24061032745e-08, 2.67739377335e-08, 1.57312718407e-10], "min": [4.86993379634e-24, 1.46006320643e-23, 2.95720792411e-23, 1.67913934614e-23, 2.94226121877e-23, 2.75065447795e-23, 3.02410017343e-23, 3.73894825526e-23, 8.43118190302e-23, 4.9606416775e-23, 7.14174205287e-23, 5.92966673833e-23, 4.51190036038e-23, 9.72095496802e-23, 8.83140764339e-23, 1.50204518474e-22, 2.21105140446e-22, 1.32370607461e-22, 2.14596419511e-22, 2.00097951245e-22, 4.22637367034e-22, 4.57577240839e-22, 8.59938560202e-22, 9.2330421e-22, 1.06882812011e-21, 1.66098028559e-21, 2.38727253034e-21], "var": [1.4066132259e-08, 0.000112712368718, 2.23223687499e-05, 2.93276343655e-06, 1.15980556075e-05, 5.95377628088e-07, 1.22636970445e-06, 2.19744811147e-06, 3.4447859889e-06, 5.2974587561e-06, 2.78308880297e-06, 3.57694580089e-06, 3.75033050659e-06, 2.31951071328e-06, 1.68841029335e-06, 1.55100030952e-06, 8.17544275833e-07, 7.4164893249e-07, 3.31816465859e-07, 4.60392982404e-07, 2.631636562e-07, 7.43836565675e-08, 2.58775742168e-07, 1.77981121396e-07, 8.01167914233e-08, 2.54052281434e-08, 1.22470228403e-10], "median": [4.11877663282e-05, 0.00370213831775, 0.00335062714294, 0.00096154230414, 0.00091197952861, 0.000318344042171, 0.000243057816988, 0.000377732038032, 0.000711463275366, 0.00095030257944, 0.000695934984833, 0.000463376287371, 0.000925195228774, 0.000734334113076, 0.001339303446, 0.00138725631405, 0.000962858262938, 0.00104665872641, 0.000668387685437, 0.000553790421691, 0.000300229410641, 0.000211483828025, 0.000231243699091, 0.000187271405593, 8.84135442902e-05, 3.81770296372e-05, 2.81139637082e-06]}, "melbands_kurtosis": {"dmean": 3.90959382057, "dmean2": 6.69303131104, "max": 399.670166016, "dvar": 106.040481567, "mean": 4.31165742874, "dvar2": 266.376495361, "min": -1.70550918579, "var": 236.833572388, "median": 1.51101589203}, "erbbands_crest": {"dmean": 2.10596418381, "dmean2": 3.45315551758, "max": 27.8866195679, "dvar": 4.47614574432, "mean": 7.2867641449, "dvar2": 11.4815645218, "min": 2.4032740593, "var": 9.85934829712, "median": 6.48186254501}, "melbands_skewness": {"dmean": 0.699009776115, "dmean2": 1.14895021915, "max": 15.841255188, "dvar": 0.743982672691, "mean": 1.70411968231, "dvar2": 1.89823389053, "min": -0.521474897861, "var": 1.39507079124, "median": 1.47237372398}, "spectral_energyband_middle_low": {"dmean": 0.00354624027386, "dmean2": 0.0059808101505, "max": 0.0591886378825, "dvar": 2.82148394035e-05, "mean": 0.00756928324699, "dvar2": 7.62380368542e-05, "min": 2.4282108015e-22, "var": 3.26695299009e-05, "median": 0.00622110255063}, "spectral_contrast_coeffs": {"dmean": [0.0497490279377, 0.045982029289, 0.0399457886815, 0.0333910286427, 0.0213040225208, 0.0160763561726], "dmean2": [0.0843820422888, 0.0752812847495, 0.0631212070584, 0.0534197576344, 0.035059582442, 0.026657409966], "max": [-0.244772821665, -0.48447278142, -0.481512129307, -0.510506212711, -0.58765399456, -0.614038825035], "dvar": [0.00207034358755, 0.00155311718117, 0.00113202456851, 0.000726609956473, 0.000320744205965, 0.000181854484254], "mean": [-0.656508147717, -0.750421047211, -0.742609977722, -0.757822036743, -0.778337717056, -0.751949727535], "dvar2": [0.00564166810364, 0.00392376724631, 0.00273446110077, 0.00177062512375, 0.000814051367342, 0.000483501178678], "min": [-0.961393892765, -0.980803072453, -0.968806564808, -0.963247060776, -0.95793992281, -0.959754705429], "var": [0.00525805354118, 0.00453181704506, 0.00410474883392, 0.00288576912135, 0.00135971186683, 0.00137362862006], "median": [-0.657497882843, -0.755869150162, -0.747310519218, -0.759593188763, -0.780198574066, -0.753798723221]}, "spectral_contrast_valleys": {"dmean": [0.413983613253, 0.388376027346, 0.306959599257, 0.251883089542, 0.181082755327, 0.230250835419], "dmean2": [0.680384397507, 0.643906950951, 0.494791299105, 0.401977717876, 0.288152635098, 0.319352090359], "max": [-5.31854295731, -4.91439533234, -5.16727542877, -5.51912736893, -5.41718769073, -7.50981092453], "dvar": [0.158297598362, 0.14988771081, 0.0965233072639, 0.0765759572387, 0.0608519352973, 0.0962522625923], "mean": [-7.16912317276, -7.08598041534, -6.96389293671, -6.90742921829, -6.74654436111, -9.50519371033], "dvar2": [0.348960787058, 0.346614837646, 0.199774131179, 0.144122466445, 0.0993498712778, 0.153964906931], "min": [-27.3346042633, -27.1469078064, -27.2369537354, -27.293680191, -27.2745704651, -27.3676185608], "var": [2.09199762344, 1.93174040318, 2.11575579643, 2.19965577126, 2.18869113922, 2.25906038284], "median": [-6.9286942482, -6.885389328, -6.71743011475, -6.6027803421, -6.42164182663, -9.14941692352]}, "silence_rate_20dB": {"dmean": 0, "dmean2": 0, "max": 1, "dvar": 0, "mean": 1, "dvar2": 0, "min": 1, "var": 0, "median": 1}, "silence_rate_30dB": {"dmean": 0, "dmean2": 0, "max": 1, "dvar": 0, "mean": 1, "dvar2": 0, "min": 1, "var": 0, "median": 1}, "spectral_strongpeak": {"dmean": 0.628330051899, "dmean2": 1.11701118946, "max": 15.4199361801, "dvar": 1.40854787827, "mean": 0.836287140846, "dvar2": 3.54190468788, "min": 0, "var": 1.57295370102, "median": 0.385378450155}, "spectral_spread": {"dmean": 431157.375, "dmean2": 625085.125, "max": 41935128, "dvar": 457483354112, "mean": 4372884, "dvar2": 606347264000, "min": 1831604.875, "var": 1573925289980.0, "median": 4249101}, "barkbands_flatness_db": {"dmean": 0.0152983013541, "dmean2": 0.0251518320292, "max": 0.390763014555, "dvar": 0.000279153347947, "mean": 0.0829500928521, "dvar2": 0.000749263912439, "min": 0.0260262712836, "var": 0.00103372929152, "median": 0.0770163759589}, "pitch_salience": {"dmean": 0.0691781714559, "dmean2": 0.114318415523, "max": 0.815518260002, "dvar": 0.0049598175101, "mean": 0.545110702515, "dvar2": 0.0133997406811, "min": 0.0591847188771, "var": 0.0101222228259, "median": 0.553268015385}, "erbbands_kurtosis": {"dmean": 0.666403472424, "dmean2": 1.0424875021, "max": 12.3722276688, "dvar": 0.462905824184, "mean": 0.711627185345, "dvar2": 1.13892412186, "min": -1.77656960487, "var": 1.31537115574, "median": 0.52229642868}, "average_loudness": 0.974435150623, "barkbands_crest": {"dmean": 2.65944004059, "dmean2": 4.51780414581, "max": 24.6253509521, "dvar": 8.7638835907, "mean": 7.97132444382, "dvar2": 24.0283699036, "min": 2.13720321655, "var": 13.4524106979, "median": 7.13342571259}, "hfc": {"dmean": 8.33192634583, "dmean2": 13.0081262589, "max": 181.206512451, "dvar": 97.4568557739, "mean": 40.6919822693, "dvar2": 217.3800354, "min": 1.2006547767e-16, "var": 363.4425354, "median": 38.6233024597}, "barkbands_kurtosis": {"dmean": 0.996929049492, "dmean2": 1.70092225075, "max": 300.463928223, "dvar": 20.7704315186, "mean": 0.0246536694467, "dvar2": 50.788734436, "min": -1.81326591969, "var": 56.5059127808, "median": -0.852184534073}, "erbbands": {"dmean": [0.124273516238, 1.70403826237, 3.57221269608, 3.4967751503, 5.54303216934, 5.94910669327, 2.87379312515, 2.92030286789, 4.36824798584, 8.12466621399, 9.67622280121, 19.1450862885, 23.314409256, 24.3068885803, 27.9563446045, 29.6649913788, 43.7229309082, 36.3547706604, 38.2320518494, 32.7077102661, 35.1560821533, 23.2987976074, 28.9983329773, 19.2762737274, 15.4509840012, 11.4247074127, 9.2591753006, 5.76463937759, 4.45344543457, 4.45197534561, 5.82056617737, 3.002409935, 1.59399545193, 0.764716863632, 0.671644926071, 0.28105288744, 0.0475766770542, 0.00751622207463, 0.000726649130229, 3.23652348015e-05], "dmean2": [0.212255701423, 3.02996969223, 6.27279281616, 6.13886022568, 9.40054321289, 10.630982399, 4.88238668442, 4.63340806961, 7.30147409439, 12.8556022644, 15.4800195694, 28.3956012726, 35.3013572693, 38.9414710999, 42.0652046204, 46.5809059143, 69.3859939575, 59.7509231567, 62.8412094116, 52.7629470825, 57.3671226501, 38.8664474487, 48.2933082581, 31.8563709259, 25.5564231873, 18.8787670135, 15.052734375, 9.54069137573, 7.31181097031, 7.12376403809, 9.28917694092, 4.5571603775, 2.3635468483, 1.11321914196, 1.02334141731, 0.419557452202, 0.0693209841847, 0.0109249660745, 0.00117095431779, 5.27053562109e-05], "max": [1.50719881058, 19.3059692383, 44.4335327148, 53.0297393799, 147.827850342, 131.272705078, 191.451141357, 112.023742676, 166.154891968, 717.7890625, 551.517883301, 729.579528809, 857.417419434, 1148.84069824, 995.037902832, 1428.28430176, 1260.17883301, 1623.73632812, 912.600891113, 1061.16918945, 752.672058105, 550.551391602, 1098.19311523, 521.146179199, 789.085021973, 263.804901123, 415.291320801, 135.810073853, 161.288726807, 207.366592407, 236.85206604, 219.670776367, 157.805541992, 88.8110427856, 55.9147224426, 23.7513237, 5.20807886124, 0.393814891577, 0.0535424351692, 0.000999017152935], "dvar": [0.0425030551851, 9.60508441925, 36.1587677002, 30.207036972, 103.217018127, 186.666091919, 49.1299209595, 25.8605995178, 77.8703994751, 410.152069092, 688.201049805, 1134.28405762, 1403.2175293, 3264.73461914, 2186.70703125, 4542.52050781, 5246.55029297, 3693.08276367, 2743.22241211, 1326.40844727, 1442.97644043, 731.621765137, 1826.36157227, 617.242980957, 804.541992188, 206.192855835, 232.328720093, 61.8389396667, 38.574848175, 77.62550354, 141.265777588, 54.3238716125, 17.2799053192, 4.4791059494, 2.87010788918, 0.685138463974, 0.0207147467881, 0.000273050973192, 2.81230313703e-06, 2.93701951648e-09], "mean": [0.138665929437, 1.99398171902, 5.31896591187, 5.61018228531, 6.44660520554, 6.29136276245, 3.7855796814, 5.53077793121, 6.91670084, 13.993935585, 15.9012041092, 37.7676544189, 49.2891273499, 42.4804267883, 51.7346916199, 51.3172607422, 73.6033248901, 65.3600158691, 76.410369873, 79.480140686, 84.5305480957, 58.2514648438, 67.1857910156, 49.921497345, 38.0511131287, 30.1850566864, 23.3980712891, 13.8308181763, 10.458656311, 9.80424022675, 11.5493087769, 6.89490509033, 3.65373444557, 1.68146622181, 1.12627267838, 0.473525494337, 0.0910211130977, 0.0146587267518, 0.00109507993329, 7.73423307692e-05], "dvar2": [0.111882202327, 26.5911273956, 102.098175049, 87.0387573242, 267.485748291, 521.736816406, 128.045806885, 62.3684654236, 203.528091431, 995.616394043, 1660.91381836, 2681.10498047, 3472.40283203, 8351.16796875, 5125.53662109, 11407.6582031, 13198.7529297, 9817.77539062, 7269.41699219, 3442.28417969, 3688.8503418, 1916.56726074, 5035.93847656, 1607.19909668, 2116.02587891, 534.31652832, 517.798095703, 159.589187622, 95.2629928589, 175.238861084, 329.793914795, 116.696060181, 32.8599739075, 9.45171928406, 5.87525081635, 1.33855378628, 0.0409471616149, 0.000517053413205, 6.59068837194e-06, 7.02094382632e-09], "min": [6.04599103146e-22, 4.1791074978e-21, 2.36154507264e-20, 4.03569756326e-20, 4.75582969543e-20, 5.64613258978e-20, 1.56829385785e-19, 2.37406832862e-19, 2.57857167448e-19, 6.24201450376e-19, 1.25445155558e-18, 1.52930661253e-18, 2.10529563411e-18, 1.91198766086e-18, 2.90760251206e-18, 3.26253806148e-18, 2.60161289384e-18, 4.52276261396e-18, 4.42689651686e-18, 8.00768570158e-18, 1.0376804595e-17, 1.22207961484e-17, 9.33812630753e-18, 1.03378154368e-17, 8.82460596582e-18, 9.80049876325e-18, 1.73218121908e-17, 1.70667345053e-17, 1.22798915857e-17, 1.60774695061e-17, 2.34468447444e-17, 1.63032203302e-17, 1.65505671857e-17, 1.28717062267e-17, 7.50936397644e-18, 4.78060845937e-18, 3.71983204183e-18, 1.26321274244e-18, 3.35459271711e-19, 3.45498736956e-20], "var": [0.0372368395329, 7.61899614334, 32.4420661926, 31.584810257, 106.018318176, 142.471481323, 51.8066520691, 54.9678535461, 106.245681763, 617.805664062, 1053.66833496, 2610.7043457, 3391.92578125, 6251.28955078, 4289.43408203, 7630.97021484, 8150.25488281, 5689.07910156, 4521.28125, 2878.61499023, 3090.16772461, 1518.53588867, 2553.21435547, 1192.42370605, 1485.92956543, 528.945678711, 839.690551758, 163.940155029, 84.0829544067, 142.316604614, 266.068939209, 108.555557251, 43.8980560303, 10.0257701874, 5.00175285339, 1.23712491989, 0.0379192605615, 0.000536502513569, 4.51615733255e-06, 4.59540361319e-09], "median": [0.0738849043846, 0.899822533131, 3.71689176559, 4.05004453659, 3.04108858109, 2.72384500504, 1.89477658272, 3.17634272575, 3.44497585297, 7.30624818802, 7.69234704971, 20.0162467957, 31.6599807739, 20.8130683899, 31.3653945923, 26.5510406494, 45.4395256042, 45.9439430237, 60.806060791, 71.095375061, 76.6859588623, 52.5492706299, 58.8448944092, 44.6765289307, 30.1050395966, 25.4564113617, 15.6550540924, 10.0277280807, 7.94206953049, 6.92958211899, 6.88152456284, 4.46791601181, 2.5208978653, 1.07101416588, 0.59777957201, 0.253245919943, 0.0514338053763, 0.00839691795409, 0.000436861853814, 5.83900800848e-05]}, "spectral_energy": {"dmean": 0.0116303628311, "dmean2": 0.0198672562838, "max": 0.104044996202, "dvar": 0.000225334239076, "mean": 0.0343065410852, "dvar2": 0.000600415747613, "min": 1.08707502568e-20, "var": 0.000267326657195, "median": 0.0318981446326}, "zerocrossingrate": {"dmean": 0.00972585566342, "dmean2": 0.0121515570208, "max": 0.49365234375, "dvar": 0.000114702932478, "mean": 0.0867586657405, "dvar2": 0.000146618287545, "min": 0.0048828125, "var": 0.000982859986834, "median": 0.08251953125}, "spectral_energyband_high": {"dmean": 0.000610233226325, "dmean2": 0.000912850024179, "max": 0.0187825858593, "dvar": 9.94708784674e-07, "mean": 0.00190839264542, "dvar2": 1.96027122001e-06, "min": 7.94017536235e-21, "var": 3.23138601743e-06, "median": 0.00142164889257}, "mfcc": {"cov": [[8472.43945312, 366.580291748, -400.348236084, 120.768615723, 214.370162964, 262.9187