{"tonal": {"chords_key": "A", "hpcp_entropy": {"dmean": 0.563608467579, "dmean2": 0.950906813145, "max": 4.0265827179, "dvar": 0.225470408797, "mean": 1.81987822056, "dvar2": 0.636301159859, "min": 0, "var": 0.487017959356, "median": 1.81749999523}, "key_key": "F", "chords_strength": {"dmean": 0.00737625546753, "dmean2": 0.00622840691358, "max": 0.898239076138, "dvar": 3.85580897273e-05, "mean": 0.510724186897, "dvar2": 4.22502344009e-05, "min": 0.221297875047, "var": 0.00722709717229, "median": 0.509533882141}, "key_scale": "major", "chords_number_rate": 0.00141726701986, "thpcp": [1, 0.855365514755, 0.268974155188, 0.181815162301, 0.218248486519, 0.228482380509, 0.519705891609, 0.610902667046, 0.310524225235, 0.215803548694, 0.223475262523, 0.322109371424, 0.914612293243, 0.979977488518, 0.361915141344, 0.117398962379, 0.097274325788, 0.159424319863, 0.568182945251, 0.758184552193, 0.497148275375, 0.799994289875, 0.9124827981, 0.387461930513, 0.148105889559, 0.137782454491, 0.187695041299, 0.431550562382, 0.50510686636, 0.270565003157, 0.146202802658, 0.134549319744, 0.215139493346, 0.677034497261, 0.826307892799, 0.652703821659], "key_strength": 0.752365350723, "tuning_nontempered_energy_ratio": 0.944663107395, "tuning_frequency": 434.193115234, "chords_changes_rate": 0.0500767678022, "tuning_diatonic_strength": 0.555737912655, "chords_scale": "minor", "chords_histogram": [16.8300457001, 28.0618877411, 11.8932323456, 3.42506194115, 5.14940357208, 1.87787878513, 3.08255577087, 0, 1.59442543983, 0.08267390728, 8.85791873932, 0, 0, 0, 0, 0, 0.0708633512259, 15.5545053482, 0.531475126743, 1.01570808887, 0, 0.0944844707847, 0, 1.87787878513], "tuning_equal_tempered_deviation": 0.191076695919, "hpcp": {"dmean": [0.115887627006, 0.11364454031, 0.0814504697919, 0.0436914861202, 0.0376702398062, 0.0533570349216, 0.102524071932, 0.119354106486, 0.110800914466, 0.130446389318, 0.134533315897, 0.0891020819545, 0.0517199188471, 0.0501828379929, 0.056946516037, 0.0859219133854, 0.0939561054111, 0.0666412934661, 0.0428176634014, 0.0423474274576, 0.0621263794601, 0.102352805436, 0.10250941664, 0.111037783325, 0.110565930605, 0.0942476689816, 0.0591702908278, 0.0450892597437, 0.052149169147, 0.0579547360539, 0.0899015665054, 0.092474013567, 0.0701068341732, 0.0581156648695, 0.0636490285397, 0.0866313800216], "dmean2": [0.196924313903, 0.191614553332, 0.141404360533, 0.0792279019952, 0.0688175335526, 0.0959553346038, 0.170962586999, 0.198418036103, 0.189799144864, 0.218492075801, 0.223956853151, 0.15186150372, 0.0919825956225, 0.0905845537782, 0.0995764136314, 0.141570359468, 0.154642611742, 0.11257892102, 0.0758875012398, 0.0749850869179, 0.110623322427, 0.173137933016, 0.172146335244, 0.192240580916, 0.195956110954, 0.1632989645, 0.102176569402, 0.0780585631728, 0.0886074453592, 0.101664744318, 0.153863817453, 0.157758116722, 0.12236969918, 0.101264856756, 0.112438343465, 0.152636855841], "max": [1, 1, 1, 1, 1, 1, 1, 1, 1, 1, 1, 1, 1, 1, 1, 1, 1, 1, 1, 1, 1, 1, 1, 1, 1, 1, 1, 1, 1, 1, 1, 1, 1, 1, 1, 1], "dvar": [0.0287799220532, 0.0306178834289, 0.0199676565826, 0.015443071723, 0.0151289040223, 0.0156381875277, 0.0233361739665, 0.0313792228699, 0.0253122076392, 0.0329593382776, 0.0380484089255, 0.0222506020218, 0.0180717166513, 0.0194442383945, 0.0185667686164, 0.0227397810668, 0.0294675976038, 0.0180873665959, 0.011705939658, 0.0117354989052, 0.017019290477, 0.0237991195172, 0.0256402324885, 0.0222825724632, 0.0407111831009, 0.0220076981932, 0.01025408227, 0.00792515929788, 0.0105410981923, 0.0136312842369, 0.0223072376102, 0.0240834485739, 0.0171210411936, 0.018070846796, 0.0219087246805, 0.0251545831561], "mean": [0.290180414915, 0.310918927193, 0.114825360477, 0.0372473448515, 0.0308623723686, 0.050580792129, 0.180268257856, 0.240550354123, 0.157730981708, 0.253815382719, 0.289504796267, 0.122930631042, 0.0469897761941, 0.0437144450843, 0.0595502890646, 0.136918693781, 0.160256013274, 0.085842564702, 0.0463859848678, 0.0426886640489, 0.0682576298714, 0.214803755283, 0.262163937092, 0.207084313035, 0.317271500826, 0.271383106709, 0.0853378325701, 0.0576847717166, 0.0692440271378, 0.0724909454584, 0.164887860417, 0.193822011352, 0.0985204875469, 0.0684683173895, 0.0709023326635, 0.102196127176], "dvar2": [0.0737373307347, 0.0764106810093, 0.0557522960007, 0.0434425994754, 0.0432197488844, 0.0446985214949, 0.0602661035955, 0.0774505287409, 0.0689255818725, 0.0872328653932, 0.0920917540789, 0.0612846314907, 0.0496746972203, 0.0555271022022, 0.0522520467639, 0.0584988743067, 0.0715141817927, 0.0484872460365, 0.0322043411434, 0.0328131765127, 0.0492063201964, 0.0647864118218, 0.0664196312428, 0.0613271817565, 0.110429495573, 0.0587468780577, 0.0285471957177, 0.0222686734051, 0.028663078323, 0.0388487651944, 0.0615038201213, 0.0640894398093, 0.048258561641, 0.0488991700113, 0.0588220879436, 0.0731847062707], "min": [0, 0, 0, 0, 0, 0, 0, 0, 0, 0, 0, 0, 0, 0, 0, 0, 0, 0, 0, 0, 0, 0, 0, 0, 0, 0, 0, 0, 0, 0, 0, 0, 0, 0, 0, 0], "var": [0.118011265993, 0.134353622794, 0.0246460605413, 0.0118419490755, 0.010857379064, 0.0120762102306, 0.0543201342225, 0.0900521799922, 0.033338021487, 0.0855943933129, 0.110528811812, 0.0276005398482, 0.0148450611159, 0.0141731025651, 0.0168264191598, 0.0441693738103, 0.064821511507, 0.0221045780927, 0.0100914556533, 0.010145617649, 0.016263730824, 0.0760995298624, 0.107866019011, 0.0448979847133, 0.15693706274, 0.124291047454, 0.0149306347594, 0.00839967094362, 0.0124730858952, 0.0143465325236, 0.0540399365127, 0.0716580301523, 0.0211628284305, 0.0203677657992, 0.0230737552047, 0.0235197730362], "median": [0.100973539054, 0.108881317079, 0.0471877641976, 0.00765914237127, 0.00569689972326, 0.0165764391422, 0.0773819759488, 0.105517216027, 0.0879735723138, 0.119132637978, 0.135632485151, 0.0553334206343, 0.0119712641463, 0.0106562897563, 0.0188704654574, 0.0477468706667, 0.0454821102321, 0.0299666784704, 0.0169939994812, 0.0132496077567, 0.0219706650823, 0.0858028531075, 0.107136934996, 0.129222378135, 0.0666576102376, 0.0556367859244, 0.0305190999061, 0.0270841065794, 0.0305930823088, 0.0311266984791, 0.0673780962825, 0.0824720561504, 0.0436220690608, 0.0187086984515, 0.017093481496, 0.0428995639086]}}, "lowlevel": {"melbands_flatness_db": {"dmean": 0.0185146182775, "dmean2": 0.02769866772, "max": 0.467891216278, "dvar": 0.000338014215231, "mean": 0.220793858171, "dvar2": 0.000736073998269, "min": 0.00414339220151, "var": 0.00574879953638, "median": 0.20180529356}, "melbands_crest": {"dmean": 2.67215037346, "dmean2": 4.41637802124, "max": 35.4119110107, "dvar": 6.86616897583, "mean": 12.1188049316, "dvar2": 18.7001209259, "min": 1.63738512993, "var": 23.7330131531, "median": 11.0537309647}, "spectral_entropy": {"dmean": 0.134661003947, "dmean2": 0.195232599974, "max": 9.80831241608, "dvar": 0.0191732030362, "mean": 7.31345462799, "dvar2": 0.0363993309438, "min": 5.36651802063, "var": 0.323022425175, "median": 7.39234876633}, "melbands": {"dmean": [0.000629763526376, 0.000456224486697, 0.000358641002094, 0.000237986881984, 0.00016912726278, 0.000189576676348, 0.000141657976201, 0.000270084216027, 0.000115041621029, 0.000202173789148, 0.000112572131911, 0.000142327844515, 0.00013634240895, 6.09424278082e-05, 5.99293452979e-05, 5.18095293955e-05, 4.53648426628e-05, 3.03934266412e-05, 1.96399269043e-05, 2.109189154e-05, 1.0438317986e-05, 1.07117002699e-05, 1.20189406516e-05, 9.04543048819e-06, 9.41572943702e-06, 6.93857782608e-06, 2.20372749027e-06, 1.33769367494e-06, 9.47700470988e-07, 1.03606123503e-06, 1.23234326566e-06, 1.50227594986e-06, 2.37651238422e-06, 2.12421605283e-06, 1.56302269261e-06, 1.01275759334e-06, 9.16503438475e-07, 7.16643171472e-07, 7.96444737716e-07, 7.15735950507e-07], "dmean2": [0.00103114685044, 0.000755938584916, 0.000589502626099, 0.000414267618908, 0.000285972404527, 0.00030968626379, 0.00021498798742, 0.000425316975452, 0.000173834021552, 0.000308691640384, 0.000172063460923, 0.000222789356485, 0.000215508291149, 9.50376634137e-05, 9.62010308285e-05, 8.34349775687e-05, 7.36252841307e-05, 4.96167849633e-05, 3.13031196129e-05, 3.36192169925e-05, 1.61724346981e-05, 1.67344369402e-05, 1.86531797226e-05, 1.38146860991e-05, 1.41783393701e-05, 1.05687058749e-05, 3.38945005751e-06, 2.1627206479e-06, 1.45094350046e-06, 1.60517356562e-06, 1.79440962711e-06, 2.18262266571e-06, 3.36291213898e-06, 2.98567306345e-06, 2.10441476156e-06, 1.36870369261e-06, 1.24046562178e-06, 9.77558329396e-07, 1.04078731056e-06, 8.99212864169e-07], "max": [0.0273349694908, 0.0123234372586, 0.00809885468334, 0.00514437863603, 0.00452962517738, 0.00723795220256, 0.00511836679652, 0.00895763188601, 0.00372326350771, 0.00845283921808, 0.00485770823434, 0.00572237791494, 0.00653324229643, 0.00292954850011, 0.00248554185964, 0.002429965185, 0.0016617111396, 0.00149487971794, 0.000810230732895, 0.00121761555783, 0.000547979550902, 0.000615841709077, 0.000666723994073, 0.000446992897196, 0.000649069377687, 0.000428837432992, 8.58705388964e-05, 3.71390851797e-05, 4.94539817737e-05, 4.71376188216e-05, 9.73593269009e-05, 0.000259677821305, 0.000458190537756, 0.000368551758584, 0.000324515596731, 0.000248487078352, 0.000260266446276, 0.000172461062903, 0.000265373528237, 0.000126122118672], "dvar": [3.07158757096e-06, 6.76364550145e-07, 2.62364494574e-07, 8.82724933149e-08, 4.32351932034e-08, 8.85661251004e-08, 5.02963040105e-08, 1.96257289531e-07, 3.78372853049e-08, 1.45066152868e-07, 5.31234647383e-08, 1.06914029629e-07, 1.10052624791e-07, 1.82389676695e-08, 1.41036711199e-08, 1.10572297984e-08, 6.56058052328e-09, 3.49846929204e-09, 1.49366496949e-09, 1.95896565636e-09, 5.26138299595e-10, 5.52338341731e-10, 7.7942396981e-10, 4.11588430005e-10, 6.16795781117e-10, 2.93618934721e-10, 1.94395072955e-11, 7.45420652287e-12, 4.83411357818e-12, 6.80946705273e-12, 1.5847878565e-11, 4.08816522302e-11, 1.08058270665e-10, 8.63436475096e-11, 5.98244717653e-11, 2.52889827135e-11, 2.42156485836e-11, 1.28129104549e-11, 2.70077848974e-11, 1.02084304551e-11], "mean": [0.00155016081408, 0.00119797547814, 0.000840863969643, 0.000475478591397, 0.000348202331224, 0.000404723512474, 0.000330088456394, 0.000576678779908, 0.000263458758127, 0.000389201595681, 0.000238606968196, 0.000259785650996, 0.000235582221649, 0.000116127142974, 0.000112792724394, 9.8288677691e-05, 8.82803215063e-05, 6.1981008912e-05, 3.77530450351e-05, 3.88458538509e-05, 2.14099945879e-05, 2.17272718146e-05, 2.34307390201e-05, 1.93065970961e-05, 1.93109644897e-05, 1.36177313834e-05, 4.32789374827e-06, 2.56563339462e-06, 1.79446180937e-06, 1.87546822872e-06, 2.02987939701e-06, 2.60029764831e-06, 4.109801921e-06, 3.71863916371e-06, 2.69295424005e-06, 1.74275464815e-06, 1.49003756178e-06, 1.18729599308e-06, 1.23962990983e-06, 1.20204845189e-06], "dvar2": [8.38860160002e-06, 1.76092339643e-06, 7.41700034723e-07, 2.5533111625e-07, 1.20519402458e-07, 2.4836498369e-07, 1.10112182483e-07, 4.79086395444e-07, 8.78915926705e-08, 3.32932415859e-07, 1.23288344867e-07, 2.5905708867e-07, 2.72953712965e-07, 4.06080893356e-08, 3.47803386092e-08, 2.60821124698e-08, 1.64240141487e-08, 8.56081161515e-09, 3.47431328152e-09, 4.84343321006e-09, 1.1242176079e-09, 1.21261722885e-09, 1.77510506294e-09, 9.15888698216e-10, 1.30345068072e-09, 6.49628739691e-10, 4.49017246995e-11, 1.82165550006e-11, 1.06412404929e-11, 1.47510614834e-11, 3.17947231043e-11, 7.86505860439e-11, 2.07726280621e-10, 1.5437064127e-10, 8.96601959344e-11, 4.0806517887e-11, 4.40774743093e-11, 2.45163785106e-11, 5.19032178348e-11, 1.45788311978e-11], "min": [5.2478352464e-24, 4.26981299029e-24, 3.21826041755e-24, 4.4540112228e-24, 4.81759721401e-24, 5.07478677393e-24, 1.45024287423e-24, 6.12710631668e-24, 8.4100090341e-24, 3.95750138019e-24, 7.40740311116e-24, 6.02130192549e-24, 6.83741876385e-24, 8.04085999578e-24, 5.78066582281e-24, 7.3025587637e-24, 9.02668842498e-24, 7.94434996377e-24, 5.27900669064e-24, 5.36743563153e-24, 6.75537249654e-24, 6.28076853241e-24, 8.42877682389e-24, 6.55465867212e-24, 8.1289292161e-24, 5.94899927365e-24, 7.02434487736e-24, 8.02147058359e-24, 7.89800201901e-24, 8.78419416044e-24, 7.24579785498e-24, 5.19290449499e-24, 7.47154854681e-24, 8.00955089531e-24, 8.97681348311e-24, 9.57756419459e-24, 8.1254826828e-24, 7.4504323181e-24, 7.80205996685e-24, 8.80086594681e-24], "var": [5.68800078327e-06, 1.66036511473e-06, 6.51642949379e-07, 2.0357788344e-07, 9.06832156033e-08, 2.06530330615e-07, 1.36637694936e-07, 6.11037080489e-07, 1.10268906894e-07, 3.87622947073e-07, 1.34112411843e-07, 2.53670322081e-07, 2.37971448769e-07, 4.50608617086e-08, 3.0877906454e-08, 2.70814943804e-08, 1.66583831174e-08, 8.60947846348e-09, 3.53959550559e-09, 4.14178336072e-09, 1.44745693209e-09, 1.50889434281e-09, 1.9891546188e-09, 1.32321653634e-09, 1.72678826793e-09, 7.9195316971e-10, 4.32986216325e-11, 1.66629487985e-11, 1.07325476631e-11, 1.33827888008e-11, 2.97299927732e-11, 8.57615645167e-11, 2.56433041468e-10, 2.32408634004e-10, 1.84291859551e-10, 7.08711353492e-11, 4.95714892745e-11, 2.75627680402e-11, 5.46997447337e-11, 3.37752222024e-11], "median": [0.000685287639499, 0.000810690282378, 0.000627968518529, 0.000349912792444, 0.000270319753326, 0.00025412227842, 0.00020787876565, 0.000289071234874, 0.000140338161145, 0.00012994959252, 0.000119904565508, 5.47063100385e-05, 6.44605897833e-05, 5.07062286488e-05, 5.07207914779e-05, 3.93926202378e-05, 4.29296051152e-05, 3.13907657983e-05, 1.79829185072e-05, 1.81845171028e-05, 1.02511794466e-05, 9.9867438621e-06, 8.64894809638e-06, 7.07885328666e-06, 5.68336963624e-06, 4.88384148412e-06, 2.21194000005e-06, 1.11727456442e-06, 6.43395310362e-07, 6.15133899373e-07, 5.05184459598e-07, 5.1467401363e-07, 6.00554983521e-07, 4.47941260973e-07, 3.15400200179e-07, 2.2956581347e-07, 1.81145438205e-07, 1.69468137301e-07, 1.45691743114e-07, 1.32382538709e-07]}, "silence_rate_60dB": {"dmean": 0.00366170564666, "dmean2": 0.00732384389266, "max": 1, "dvar": 0.00365006597713, "mean": 0.0470087975264, "dvar2": 0.00940160918981, "min": 0, "var": 0.0447873137891, "median": 0}, "spectral_energyband_middle_high": {"dmean": 0.00242523755878, "dmean2": 0.00368830072694, "max": 0.0513581186533, "dvar": 1.20944569062e-05, "mean": 0.00840288586915, "dvar2": 2.83336466964e-05, "min": 1.53473356116e-21, "var": 6.6451728344e-05, "median": 0.00615354208276}, "erbbands_skewness": {"dmean": 0.296244710684, "dmean2": 0.449963271618, "max": 3.90723395348, "dvar": 0.0688427984715, "mean": 0.432308375835, "dvar2": 0.153225883842, "min": -3.794028759, "var": 0.337610900402, "median": 0.44504827261}, "dynamic_complexity": 3.61136126518, "dissonance": {"dmean": 0.0201222747564, "dmean2": 0.0338775329292, "max": 0.500000059605, "dvar": 0.000341804727213, "mean": 0.455494225025, "dvar2": 0.000955922645517, "min": 0.253672122955, "var": 0.0010035962332, "median": 0.46224847436}, "spectral_skewness": {"dmean": 0.343797951937, "dmean2": 0.564966499805, "max": 8.66505718231, "dvar": 0.204758435488, "mean": 2.24243688583, "dvar2": 0.603169322014, "min": -0.0931453034282, "var": 0.687916815281, "median": 2.09612631798}, "spectral_kurtosis": {"dmean": 4.01565217972, "dmean2": 6.82064437866, "max": 131.461959839, "dvar": 48.0250396729, "mean": 10.8734416962, "dvar2": 142.0519104, "min": -1.24190914631, "var": 132.920516968, "median": 7.44116783142}, "gfcc": {"cov": [[16361.1982422, -4769.81005859, 2663.19262695, 692.134765625, 117.903587341, 1896.3815918, -256.208862305, 1674.39770508, -400.980712891, 836.941101074, -353.75402832, 803.466247559, -506.081726074], [-4769.81005859, 3357.71728516, -1146.90759277, -103.546920776, 179.310623169, -834.761230469, 244.921264648, -804.030151367, 317.155792236, -490.277160645, 272.537597656, -488.518127441, 330.596099854], [2663.19262695, -1146.90759277, 966.286865234, 83.4408111572, 31.5666007996, 461.798217773, -37.8358306885, 363.907806396, -103.864578247, 260.261749268, -117.778640747, 212.695022583, -100.8306427], [692.134765625, -103.546920776, 83.4408111572, 382.325531006, -53.6413764954, 134.525131226, -34.4139709473, 32.6123657227, 54.0455513, -45.2701034546, 31.5776386261, 4.96486139297, 1.19621396065], [117.903587341, 179.310623169, 31.5666007996, -53.6413764954, 276.63885498, -23.7492275238, 94.7660827637, 20.7805957794, 14.7025527954, 67.2916641235, -4.76447343826, 15.3713159561, 29.0028057098], [1896.3815918, -834.761230469, 461.798217773, 134.525131226, -23.7492275238, 451.234130859, 29.60064888, 283.553710938, -43.0895500183, 166.455490112, -30.1431179047, 154.756484985, -57.549446106], [-256.208862305, 244.921264648, -37.8358306885, -34.4139709473, 94.7660827637, 29.60064888, 394.50970459, -52.7159309387, 73.4467391968, 88.3133773804, 37.4351615906, 7.99851131439, 116.989257812], [1674.39770508, -804.030151367, 363.907806396, 32.6123657227, 20.7805957794, 283.553710938, -52.7159309387, 369.10925293, -61.5315513611, 150.74067688, -45.7264862061, 148.6587677, -102.851577759], [-400.980712891, 317.155792236, -103.864578247, 54.0455513, 14.7025527954, -43.0895500183, 73.4467391968, -61.5315513611, 143.508850098, -16.9090881348, 46.8164901733, -54.4715270996, 57.4342041016], [836.941101074, -490.277160645, 260.261749268, -45.2701034546, 67.2916641235, 166.455490112, 88.3133773804, 150.74067688, -16.9090881348, 234.673477173, -33.7109527588, 102.279640198, -10.2476854324], [-353.75402832, 272.537597656, -117.778640747, 31.5776386261, -4.76447343826, -30.1431179047, 37.4351615906, -45.7264862061, 46.8164901733, -33.7109527588, 105.359443665, -17.2826461792, 26.5383319855], [803.466247559, -488.518127441, 212.695022583, 4.96486139297, 15.3713159561, 154.756484985, 7.99851131439, 148.6587677, -54.4715270996, 102.279640198, -17.2826461792, 160.734237671, -31.1413936615], [-506.081726074, 330.596099854, -100.8306427, 1.19621396065, 29.0028057098, -57.549446106, 116.989257812, -102.851577759, 57.4342041016, -10.2476854324, 26.5383319855, -31.1413936615, 134.026870728]], "mean": [-13.4422073364, 119.583305359, -124.238807678, 4.21869277954, -47.5067443848, 5.01132535934, -33.296207428, 4.79231214523, -17.362077713, -1.49980247021, -13.2498121262, -1.08930540085, -17.3315505981], "icov": [[0.000169272578205, 5.67353417864e-05, -0.00015947711654, -0.000190274819033, -0.000150169085828, -0.000232197111472, 9.79374090093e-06, -0.000287799863145, 0.000121179320558, 2.49601380347e-05, 5.61485794606e-05, 8.64155954332e-05, 4.32729721069e-05], [5.67353417864e-05, 0.00184774200898, -0.000231710713706, 0.000400845514378, -0.00144121574704, 0.000828493910376, -0.00039015171933, 0.000847074552439, -0.000881163985468, 0.00202176044695, -0.00257333461195, 0.00208157603629, -0.00133778364398], [-0.00015947711654, -0.000231710713706, 0.00292775267735, -0.000103147700429, -8.06278621894e-05, -0.00180391280446, 0.000527670898009, 0.000105960905785, 0.000226144780754, -0.00144622684456, 0.00193521007895, -0.000907281588297, 0.000234992199694], [-0.000190274819033, 0.000400845514378, -0.000103147700429, 0.00435000751168, -0.000139343232149, -0.00169670407195, 0.000532552949153, 0.00102550617885, -0.00238129869103, 0.00234678317793, -0.00130630761851, 0.000271301832981, -0.000678331183735], [-0.000150169085828, -0.00144121574704, -8.06278621894e-05, -0.000139343232149, 0.0057117305696, 0.00110713811591, -0.000667162938043, -0.0014724364737, 0.000486809934955, -0.00260233855806, 0.00191885372624, -0.00162014190573, 0.000456346548162], [-0.000232197111472, 0.000828493910376, -0.00180391280446, -0.00169670407195, 0.00110713811591, 0.00879056472331, -0.00174421037082, -0.00261424155906, 0.000193069325178, -0.000297916209092, -0.00235992274247, -0.000115150571219, -0.000876017380506], [9.79374090093e-06, -0.00039015171933, 0.000527670898009, 0.000532552949153, -0.000667162938043, -0.00174421037082, 0.00471807830036, 0.000844330003019, -0.000864751636982, -0.00211502891034, -0.000114164999104, -0.000687453139108, -0.00261165155098], [-0.000287799863145, 0.000847074552439, 0.000105960905785, 0.00102550617885, -0.0014724364737, -0.00261424155906, 0.000844330003019, 0.00921282172203, -0.00176664383616, -0.000341229897458, -0.000831658777315, -0.0019807422068, 0.00285880453885], [0.000121179320558, -0.000881163985468, 0.000226144780754, -0.00238129869103, 0.000486809934955, 0.000193069325178, -0.000864751636982, -0.00176664383616, 0.0124614173546, -0.00270001869649, -0.00204873271286, 0.00323136919178, -0.00219088629819], [2.49601380347e-05, 0.00202176044695, -0.00144622684456, 0.00234678317793, -0.00260233855806, -0.000297916209092, -0.00211502891034, -0.000341229897458, -0.00270001869649, 0.0120305391029, -0.00164462416433, -0.000246600742685, -0.00163691747002], [5.61485794606e-05, -0.00257333461195, 0.00193521007895, -0.00130630761851, 0.00191885372624, -0.00235992274247, -0.000114164999104, -0.000831658777315, -0.00204873271286, -0.00164462416433, 0.0169533398002, -0.00514584733173, 0.00225959974341], [8.64155954332e-05, 0.00208157603629, -0.000907281588297, 0.000271301832981, -0.00162014190573, -0.000115150571219, -0.000687453139108, -0.0019807422068, 0.00323136919178, -0.000246600742685, -0.00514584733173, 0.0155815966427, -0.00287623843178], [4.32729721069e-05, -0.00133778364398, 0.000234992199694, -0.000678331183735, 0.000456346548162, -0.000876017380506, -0.00261165155098, 0.00285880453885, -0.00219088629819, -0.00163691747002, 0.00225959974341, -0.00287623843178, 0.0148038286716]]}, "spectral_complexity": {"dmean": 2.72513580322, "dmean2": 4.24026918411, "max": 57, "dvar": 7.71935319901, "mean": 20.8954105377, "dvar2": 16.1366348267, "min": 0, "var": 96.6118545532, "median": 21}, "spectral_flux": {"dmean": 0.0165995229036, "dmean2": 0.0267510376871, "max": 0.275022923946, "dvar": 0.000303642649669, "mean": 0.0732755586505, "dvar2": 0.000765837496147, "min": 6.78045744551e-11, "var": 0.00157837965526, "median": 0.0713734179735}, "spectral_energyband_low": {"dmean": 0.00299240020104, "dmean2": 0.00487515470013, "max": 0.0944616049528, "dvar": 3.55805859726e-05, "mean": 0.00860245339572, "dvar2": 9.29441157496e-05, "min": 4.93103351892e-23, "var": 9.07297362573e-05, "median": 0.00568440789357}, "spectral_decrease": {"dmean": 1.36880873303e-09, "dmean2": 2.19487605868e-09, "max": 7.40662522247e-29, "dvar": 2.83947653719e-18, "mean": -7.18130266364e-09, "dvar2": 7.16737855989e-18, "min": -2.6473859549e-08, "var": 2.01157354781e-17, "median": -7.30206339838e-09}, "barkbands_spread": {"dmean": 4.01393604279, "dmean2": 5.83182907104, "max": 98.0848007202, "dvar": 30.5973358154, "mean": 19.7674980164, "dvar2": 55.6586990356, "min": 1.25195169449, "var": 157.345428467, "median": 17.9272499084}, "spectral_rms": {"dmean": 0.000487168697873, "dmean2": 0.000768743630033, "max": 0.00998223293573, "dvar": 2.41023883518e-07, "mean": 0.00500311423093, "dvar2": 5.69884775814e-07, "min": 3.20449461237e-12, "var": 3.70858947463e-06, "median": 0.00538320839405}, "spectral_centroid": {"dmean": 153.200927734, "dmean2": 225.560058594, "max": 11252.1748047, "dvar": 42352.9414062, "mean": 1099.48754883, "dvar2": 70835.1171875, "min": 239.287689209, "var": 271424.46875, "median": 1045.8972168}, "barkbands_skewness": {"dmean": 0.330459475517, "dmean2": 0.513457417488, "max": 5.71428489685, "dvar": 0.100819051266, "mean": 1.0342758894, "dvar2": 0.242110818624, "min": -2.28169631958, "var": 0.508177936077, "median": 0.957671165466}, "spectral_rolloff": {"dmean": 316.783355713, "dmean2": 505.375396729, "max": 19293.75, "dvar": 576147.5, "mean": 1366.46362305, "dvar2": 1043438.1875, "min": 64.599609375, "var": 1697841.25, "median": 1098.19335938}, "erbbands_spread": {"dmean": 4.88785743713, "dmean2": 7.33367967606, "max": 134.58215332, "dvar": 35.0029220581, "mean": 26.1795825958, "dvar2": 70.7490386963, "min": 1.29367315769, "var": 175.329269409, "median": 23.8655261993}, "barkbands": {"dmean": [0.00038362966734, 0.00196417351253, 0.000959789962508, 0.000858401122969, 0.00105834705755, 0.000899397244211, 0.000811927486211, 0.00106875039637, 0.00114611629397, 0.00107489270158, 0.000939240970183, 0.000469685735879, 0.000582477194257, 0.000442612421466, 0.000329368049279, 0.000215482446947, 0.000194729786017, 0.000193037762074, 0.000184885793715, 4.40927142336e-05, 3.93470327253e-05, 9.55075302045e-05, 8.76638296177e-05, 6.426305481e-05, 8.01136775408e-05, 8.71667216416e-05, 1.79787930392e-05], "dmean2": [0.000637248158455, 0.00320911500603, 0.00160464073997, 0.00141227000859, 0.00183859502431, 0.00147049676161, 0.00126485456713, 0.00163175922353, 0.00174745335244, 0.00165785592981, 0.00148405751679, 0.000737116264645, 0.000947542546783, 0.000712836976163, 0.000539210275747, 0.000337017496349, 0.000306236092001, 0.000294812460197, 0.000276196369668, 6.7288914579e-05, 5.90314011788e-05, 0.000130235741381, 0.000115144714073, 8.03050934337e-05, 9.82803176157e-05, 0.000117043317005, 2.53014386544e-05], "max": [0.0192138347775, 0.0811184197664, 0.0279052760452, 0.0225029848516, 0.0192191321403, 0.0374517738819, 0.0221388880163, 0.0354588739574, 0.0430270172656, 0.0344726257026, 0.0452738814056, 0.0293271709234, 0.0223819427192, 0.0158943645656, 0.0119370417669, 0.0123419193551, 0.00909562595189, 0.0129781523719, 0.0136375818402, 0.00169349077623, 0.00203192443587, 0.0177780762315, 0.0166253652424, 0.0121946437284, 0.0117666050792, 0.00620250636712, 0.000803830567747], "dvar": [1.59114711096e-06, 2.69089814537e-05, 2.46948275162e-06, 1.65505650784e-06, 1.56644341587e-06, 1.95599295694e-06, 1.3783758277e-06, 3.0850346775e-06, 4.28042858402e-06, 4.77251160191e-06, 5.12410133524e-06, 1.15722673399e-06, 1.43370607475e-06, 6.22333232059e-07, 3.68461428479e-07, 2.26308941365e-07, 1.64931378777e-07, 2.026551158e-07, 2.17816051418e-07, 7.73318920011e-09, 1.17144445255e-08, 1.61184757985e-07, 1.59490923579e-07, 9.78374075089e-08, 1.13731481122e-07, 5.03721224732e-08, 2.60985477674e-09], "mean": [0.000613201584201, 0.0050389370881, 0.00209743506275, 0.00174455193337, 0.00203396915458, 0.00195709778927, 0.00171319628134, 0.00237301969901, 0.00224470649846, 0.00207437342033, 0.00159370689653, 0.000886900466867, 0.00102367217187, 0.000914674252272, 0.000603685970418, 0.000426765356679, 0.000397340307245, 0.000410450506024, 0.000393622351112, 9.02004539967e-05, 7.53109852667e-05, 0.00017341664352, 0.000163097254699, 0.000111114874016, 0.000143428580486, 0.000135579844937, 2.48401502176e-05], "dvar2": [3.97896837967e-06, 7.428972458e-05, 6.82771724314e-06, 4.6752684284e-06, 4.567662927e-06, 5.54475263925e-06, 3.1988495266e-06, 7.05742559148e-06, 9.76031878963e-06, 1.14169033623e-05, 1.26481108964e-05, 2.60227898252e-06, 3.59386649507e-06, 1.50339224092e-06, 9.26382313082e-07, 5.21219419625e-07, 3.8141774894e-07, 4.71517438427e-07, 4.50646524541e-07, 1.62197455467e-08, 2.44083917522e-08, 2.84425055952e-07, 2.2488647744e-07, 1.54240055394e-07, 1.58746018997e-07, 9.46985352357e-08, 5.6638738144e-09], "min": [1.93601691157e-24, 1.35034259416e-23, 3.57918972245e-24, 2.27698547177e-24, 2.74843872544e-23, 2.50055796087e-23, 3.82154909178e-24, 3.6777667278e-23, 3.40478109601e-23, 6.96829804554e-23, 3.6725842272e-23, 5.40146630212e-23, 5.96204222097e-23, 1.03564531091e-22, 7.42353326564e-23, 8.42349650454e-23, 1.0182676518e-22, 1.33962314197e-22, 2.233052672e-22, 2.45532565475e-22, 3.63855920485e-22, 3.78160985301e-22, 5.84434808666e-22, 7.34964716486e-22, 1.12938668726e-21, 1.44643697851e-21, 2.22646425718e-21], "var": [2.35835022977e-06, 5.11782745889e-05, 6.01382544119e-06, 3.83979795515e-06, 3.21451739183e-06, 4.45261821369e-06, 3.44760883308e-06, 1.14813365144e-05, 1.16790142783e-05, 1.20943459478e-05, 1.11152385216e-05, 2.94581764138e-06, 2.90951629722e-06, 1.85986914403e-06, 8.03741670552e-07, 5.67964434595e-07, 4.50637458016e-07, 5.8702272554e-07, 6.51666198337e-07, 1.97992573447e-08, 2.4003318444e-08, 4.10090081004e-07, 5.30238196461e-07, 2.59598152752e-07, 3.99177679355e-07, 1.19313071423e-07, 3.78380171639e-09], "median": [2.14846768358e-05, 0.0026773205027, 0.00134772644378, 0.00113808247261, 0.00155076128431, 0.00129471265245, 0.0011249689851, 0.00103323103394, 0.000820412184112, 0.000591776450165, 0.00040904909838, 0.000383148144465, 0.000378138181986, 0.000435159163317, 0.000297756341752, 0.00019342872838, 0.000189318001503, 0.000148799241288, 0.000138752351631, 4.35788788309e-05, 2.45481132879e-05, 2.95920963254e-05, 2.08880846913e-05, 1.54947156261e-05, 2.02420960704e-05, 1.08207841549e-05, 1.08032713797e-06]}, "melbands_kurtosis": {"dmean": 2.09530591965, "dmean2": 3.35165309906, "max": 127.834136963, "dvar": 10.6009206772, "mean": 4.30139350891, "dvar2": 27.419260025, "min": -1.59045386314, "var": 26.9365615845, "median": 2.88397455215}, "erbbands_crest": {"dmean": 2.547123909, "dmean2": 4.10581111908, "max": 30.887254715, "dvar": 5.66256713867, "mean": 9.67405700684, "dvar2": 13.8185720444, "min": 2.63634395599, "var": 17.0764331818, "median": 8.63679695129}, "melbands_skewness": {"dmean": 0.411367833614, "dmean2": 0.643776655197, "max": 9.45879268646, "dvar": 0.164948508143, "mean": 1.5882525444, "dvar2": 0.410477131605, "min": -2.31364679337, "var": 0.775448143482, "median": 1.4921323061}, "spectral_energyband_middle_low": {"dmean": 0.00324385077693, "dmean2": 0.00522502651438, "max": 0.0519994683564, "dvar": 1.07752739495e-05, "mean": 0.0127518186346, "dvar2": 2.77722992905e-05, "min": 2.29389871269e-22, "var": 4.99161142216e-05, "median": 0.0122575573623}, "spectral_contrast_coeffs": {"dmean": [0.0435622259974, 0.0426427125931, 0.0353946946561, 0.0277763567865, 0.0226831678301, 0.0179012045264], "dmean2": [0.072742626071, 0.0703228414059, 0.0573511198163, 0.0458315610886, 0.0352858901024, 0.0285462401807], "max": [-0.309137314558, -0.398020207882, -0.433125704527, -0.573567450047, -0.491811543703, -0.582196354866], "dvar": [0.00130366010126, 0.00117822177708, 0.000872022937983, 0.00050121214008, 0.000434745568782, 0.000279871717794], "mean": [-0.634964048862, -0.705247342587, -0.72685945034, -0.755869150162, -0.749430835247, -0.764533162117], "dvar2": [0.00340433348902, 0.00318517512642, 0.00226362026297, 0.00129869254306, 0.000910468224902, 0.000716455921065], "min": [-0.984170734882, -0.961320996284, -0.969108819962, -0.963011860847, -0.964148342609, -0.962877690792], "var": [0.0104808909819, 0.00505739916116, 0.00473232381046, 0.00243452540599, 0.00381050887518, 0.00189450266771], "median": [-0.656093478203, -0.707631230354, -0.728601276875, -0.757169902325, -0.75907677412, -0.76811337471]}, "spectral_contrast_valleys": {"dmean": [0.350118428469, 0.302709877491, 0.251834005117, 0.223985120654, 0.220163539052, 0.311663031578], "dmean2": [0.578393220901, 0.50432497263, 0.414323031902, 0.363658696413, 0.336986631155, 0.425522744656], "max": [-5.3212761879, -4.79742240906, -5.12747049332, -5.64084672928, -5.87963581085, -6.95765733719], "dvar": [0.119471468031, 0.0725646466017, 0.055075276643, 0.048351880163, 0.0634844079614, 0.124911770225], "mean": [-7.44582700729, -6.55650234222, -7.09760189056, -7.57085132599, -8.17408752441, -11.036324501], "dvar2": [0.273298084736, 0.17233069241, 0.123300939798, 0.0996828973293, 0.119424954057, 0.252835780382], "min": [-27.8145122528, -27.5012836456, -27.6070728302, -27.4019756317, -27.4210758209, -27.3853263855], "var": [2.37838029861, 1.02042615414, 0.980150401592, 1.1214479208, 1.67225301266, 4.18834066391], "median": [-7.05813026428, -6.37412786484, -6.92058801651, -7.30910015106, -7.75707006454, -10.4771785736]}, "silence_rate_20dB": {"dmean": 0, "dmean2": 0, "max": 1, "dvar": 0, "mean": 1, "dvar2": 0, "min": 1, "var": 0, "median": 1}, "silence_rate_30dB": {"dmean": 0, "dmean2": 0, "max": 1, "dvar": 0, "mean": 1, "dvar2": 0, "min": 1, "var": 0, "median": 1}, "spectral_strongpeak": {"dmean": 0.649051368237, "dmean2": 1.11300313473, "max": 14.9942750931, "dvar": 0.970806002617, "mean": 1.13527262211, "dvar2": 2.37511754036, "min": 0, "var": 1.65163481236, "median": 0.529687643051}, "spectral_spread": {"dmean": 509443.75, "dmean2": 670797, "max": 41785024, "dvar": 610419277824, "mean": 3822564.25, "dvar2": 932774281216, "min": 668108.5625, "var": 4423579860990.0, "median": 3572096}, "barkbands_flatness_db": {"dmean": 0.0160470306873, "dmean2": 0.024401595816, "max": 0.421752542257, "dvar": 0.000241131972871, "mean": 0.146851062775, "dvar2": 0.000530369696207, "min": 0.0186339840293, "var": 0.00584567664191, "median": 0.120450869203}, "pitch_salience": {"dmean": 0.0551829487085, "dmean2": 0.0913295894861, "max": 0.838780164719, "dvar": 0.0022479025647, "mean": 0.578784763813, "dvar2": 0.00609357561916, "min": 0.191302582622, "var": 0.00836418569088, "median": 0.583127558231}, "erbbands_kurtosis": {"dmean": 0.844722986221, "dmean2": 1.32406508923, "max": 45.4275093079, "dvar": 1.34901928902, "mean": 0.789056479931, "dvar2": 3.1064491272, "min": -1.81497323513, "var": 3.93262553215, "median": 0.347439050674}, "average_loudness": 0.912522494793, "barkbands_crest": {"dmean": 2.04691171646, "dmean2": 3.38181471825, "max": 24.6843318939, "dvar": 3.79773306847, "mean": 8.49691581726, "dvar2": 10.4280920029, "min": 2.51302480698, "var": 11.8806209564, "median": 7.75965166092}, "hfc": {"dmean": 6.7371878624, "dmean2": 9.03393173218, "max": 427.152008057, "dvar": 156.135269165, "mean": 25.9578552246, "dvar2": 222.004440308, "min": 1.09806373432e-16, "var": 852.018005371, "median": 20.4248485565}, "barkbands_kurtosis": {"dmean": 1.15153300762, "dmean2": 1.83365058899, "max": 35.1282157898, "dvar": 2.38915276527, "mean": 1.68123185635, "dvar2": 6.18547487259, "min": -1.89356350899, "var": 7.24624347687, "median": 0.924216270447}, "erbbands": {"dmean": [0.0860321819782, 0.37652477622, 0.919212460518, 2.11717414856, 2.62750124931, 4.64705324173, 4.45916128159, 8.92802143097, 9.24158859253, 24.3591518402, 14.4873943329, 32.1507453918, 22.5550174713, 33.717086792, 36.1345558167, 20.5987243652, 27.5490283966, 22.3156852722, 17.7727718353, 16.2104511261, 9.17229747772, 9.84683418274, 10.1170463562, 10.5237913132, 6.25511789322, 2.0345313549, 1.39173674583, 1.96023154259, 2.91497278214, 3.85682034492, 2.4133617878, 1.46191310883, 1.02222812176, 0.852324187756, 0.637127995491, 0.393365412951, 0.148802697659, 0.0377708747983, 0.00314421951771, 8.34166930872e-05], "dmean2": [0.140703961253, 0.62004172802, 1.53677344322, 3.50198602676, 4.40830469131, 8.16164779663, 7.38506793976, 14.6185264587, 13.9941234589, 38.6645240784, 22.0239086151, 49.0292243958, 34.4213409424, 52.8248138428, 56.8146591187, 31.8630580902, 44.5825424194, 36.0087547302, 28.970281601, 25.8015823364, 14.0356292725, 15.0853948593, 15.1822099686, 15.5483283997, 9.43489551544, 3.17632460594, 2.08098125458, 2.85074615479, 4.0947432518, 5.26358699799, 3.16896486282, 1.89273250103, 1.29514873028, 1.04885542393, 0.810503482819, 0.529136717319, 0.201566889882, 0.0525864809752, 0.00432395422831, 0.000113986890938], "max": [3.62296724319, 14.9660577774, 26.5960941315, 46.8008918762, 69.2648162842, 94.693359375, 156.210159302, 336.165985107, 339.909515381, 767.925537109, 495.595214844, 1253.01367188, 978.700805664, 1291.04528809, 1592.37390137, 1473.5769043, 1101.91943359, 872.701538086, 724.544128418, 775.256896973, 499.666442871, 541.725402832, 633.788696289, 700.932922363, 335.63079834, 58.4193115234, 67.9821853638, 142.432479858, 575.836669922, 645.540710449, 528.765808105, 315.173431396, 231.546691895, 168.052719116, 89.2159576416, 47.6101036072, 6.54146528244, 1.4983061552, 0.11220061779, 0.00322210858576], "dvar": [0.0613328330219, 0.882607698441, 2.45136237144, 9.91797447205, 14.5347146988, 34.9155464172, 39.043006897, 205.707000732, 231.429931641, 1535.08569336, 603.61920166, 3549.21875, 2135.59033203, 5572.73144531, 6569.15917969, 2095.44873047, 3378.10449219, 1477.54187012, 1137.09716797, 1018.22644043, 374.348480225, 453.502746582, 524.550842285, 717.443847656, 200.753433228, 16.1800880432, 10.4311132431, 36.3501243591, 158.756271362, 270.846618652, 137.391555786, 50.2873153687, 25.6017990112, 16.2883892059, 6.2417011261, 1.33041703701, 0.143507838249, 0.0113371908665, 6.98371732142e-05, 4.50406503205e-08], "mean": [0.197273865342, 0.915136873722, 2.19875264168, 4.62576770782, 5.5247297287, 7.81328821182, 9.38226413727, 18.6435317993, 21.7137355804, 50.8268432617, 34.5642051697, 62.8324127197, 49.6189002991, 64.0341949463, 66.19581604, 43.547039032, 51.1638069153, 47.1416969299, 36.7348022461, 30.9040584564, 20.6330280304, 21.7541427612, 23.1646347046, 23.4424667358, 13.2378616333, 4.39253807068, 2.93202495575, 3.48966217041, 5.32352972031, 6.99375200272, 4.38364601135, 2.5454044342, 1.74481284618, 1.449411273, 1.11175680161, 0.640878140926, 0.228404119611, 0.0508801974356, 0.00451628444716, 0.000149896761286], "dvar2": [0.165525540709, 2.43276071548, 6.67754507065, 28.4483909607, 41.0814323425, 105.912818909, 105.572380066, 576.058410645, 510.31072998, 3867.0871582, 1431.72460938, 8123.40527344, 4954.28027344, 13532.3232422, 15862.2285156, 4386.22705078, 8465.57128906, 3655.23657227, 2861.30151367, 2496.7902832, 776.641662598, 970.976806641, 1142.9909668, 1452.37414551, 438.193237305, 36.7795372009, 21.4576129913, 72.7187576294, 284.793731689, 467.163360596, 196.673629761, 76.8137512207, 40.5569877625, 23.4518356323, 9.90160083771, 2.25532031059, 0.278948664665, 0.0244092941284, 0.000140391784953, 8.94962752795e-08], "min": [4.31924847353e-22, 1.77967666453e-21, 8.32304124031e-21, 1.43076364266e-20, 2.69936870442e-20, 1.14206319784e-19, 1.33585377928e-19, 2.47122120855e-19, 1.31201340005e-19, 4.40850767146e-19, 9.50230035922e-19, 7.41625321797e-19, 1.69026158747e-18, 1.5771192029e-18, 1.99891296951e-18, 2.12836528781e-18, 3.34888558447e-18, 4.69715834327e-18, 4.658454976e-18, 5.07824169225e-18, 6.07206073433e-18, 6.79064659453e-18, 8.05772102965e-18, 1.11433867831e-17, 1.02732572987e-17, 1.29035584706e-17, 1.40584539798e-17, 1.38511492834e-17, 1.14308022674e-17, 1.77790660529e-17, 1.67939948594e-17, 1.5196811667e-17, 1.14454665253e-17, 1.04054283529e-17, 8.23132225199e-18, 4.70871074771e-18, 2.60888980848e-18, 1.24184253131e-18, 2.92577272328e-19, 3.30191145797e-20], "var": [0.108543358743, 1.53994822502, 5.47940587997, 22.9708957672, 28.8615913391, 62.4723854065, 85.1616592407, 470.188720703, 606.903137207, 4303.15625, 1836.09350586, 9418.74414062, 5443.59521484, 13375.265625, 14477.3330078, 6230.22949219, 6692.31152344, 4273.04150391, 2625.44433594, 2261.12890625, 1171.20178223, 1388.83178711, 1705.59216309, 2276.79589844, 569.164489746, 41.9508666992, 26.2413368225, 71.653175354, 370.062744141, 774.495178223, 451.144439697, 134.666809082, 67.1578140259, 52.1654052734, 20.3905277252, 3.95781302452, 0.296338945627, 0.0161938425153, 0.000115827431728, 8.25462791454e-08], "median": [0.0491873621941, 0.522434771061, 1.49686586857, 3.25513243675, 3.99703407288, 5.40673780441, 6.74962425232, 11.4238796234, 13.668390274, 26.5893707275, 19.6276073456, 22.4204349518, 26.636882782, 16.3219833374, 24.0067272186, 21.7288780212, 21.138628006, 24.6666088104, 19.7637672424, 15.1519317627, 10.8523921967, 10.256729126, 9.09574604034, 7.82812929153, 5.83555316925, 2.29413366318, 1.13793897629, 1.0204757452, 1.01883661747, 0.913413584232, 0.548790156841, 0.333800643682, 0.245800986886, 0.175993934274, 0.161134302616, 0.0807607769966, 0.0126576824114, 0.00183135818224, 0.000226022239076, 4.822999108e-05]}, "spectral_energy": {"dmean": 0.00552571006119, "dmean2": 0.00876406021416, "max": 0.102136097848, "dvar": 4.40067051386e-05, "mean": 0.0294582266361, "dvar2": 0.000107678548375, "min": 1.05255057487e-20, "var": 0.000346995831933, "median": 0.0297034047544}, "zerocrossingrate": {"dmean": 0.0087109412998, "dmean2": 0.00980450026691, "max": 0.5078125, "dvar": 0.000178145346581, "mean": 0.0545892268419, "dvar2": 0.000180216331501, "min": 0.00244140625, "var": 0.00130157265812, "median": 0.0478515625}, "spectral_energyband_high": {"dmean": 0.000431762542576, "dmean2": 0.000518264598213, "max": 0.0519275590777, "dvar": 1.91611547962e-06, "mean": 0.00087148550665, "dvar2": 2.36516802943