{"tonal": {"chords_key": "C#", "hpcp_entropy": {"dmean": 0.639404535294, "dmean2": 1.08016943932, "max": 4.52846574783, "dvar": 0.267027944326, "mean": 2.17656207085, "dvar2": 0.749199032784, "min": 0, "var": 0.558303356171, "median": 2.17876625061}, "key_key": "F#", "chords_strength": {"dmean": 0.0119844321162, "dmean2": 0.0126769235358, "max": 0.811698794365, "dvar": 0.000527927419171, "mean": 0.547980129719, "dvar2": 0.000984604703262, "min": -1, "var": 0.0150660732761, "median": 0.564861595631}, "key_scale": "major", "chords_number_rate": 0.0025005210191, "thpcp": [1, 0.787201464176, 0.603474199772, 0.504730284214, 0.444222956896, 0.741253316402, 0.900079965591, 0.546723842621, 0.28328409791, 0.220615938306, 0.220067098737, 0.386261254549, 0.48687812686, 0.408862859011, 0.444452106953, 0.445618480444, 0.343249827623, 0.442945182323, 0.515140473843, 0.500047385693, 0.747456967831, 0.80497866869, 0.478275001049, 0.339440107346, 0.390714496374, 0.470918565989, 0.7037961483, 0.807846188545, 0.529557108879, 0.313563704491, 0.342536330223, 0.492320626974, 0.750624477863, 0.702956438065, 0.501472711563, 0.768993854523], "key_strength": 0.68422961235, "tuning_nontempered_energy_ratio": 0.769842326641, "tuning_frequency": 441.527557373, "chords_changes_rate": 0.066888935864, "tuning_diatonic_strength": 0.595928192139, "chords_scale": "major", "chords_histogram": [14.7322359085, 3.37570333481, 23.2131690979, 1.04188370705, 19.2123355865, 0.479266524315, 0.375078141689, 0.979370713234, 2.08376741409, 0.104188375175, 0.58345490694, 0.229214414954, 7.64742660522, 0.187539070845, 1.52115023136, 2.5005209446, 1.00020837784, 0.937695324421, 0.562617182732, 0.520941853523, 0.12502604723, 0.541779518127, 14.6905603409, 3.35486555099], "tuning_equal_tempered_deviation": 0.0869473069906, "hpcp": {"dmean": [0.0647550746799, 0.0662583485246, 0.100417904556, 0.121653877199, 0.105720251799, 0.102555677295, 0.103789299726, 0.0905751138926, 0.119989976287, 0.136609792709, 0.133382931352, 0.16179895401, 0.168326616287, 0.122354730964, 0.117638289928, 0.133562326431, 0.138050436974, 0.156983286142, 0.16213324666, 0.127745494246, 0.099560752511, 0.108106799424, 0.155491575599, 0.224919050932, 0.205197617412, 0.146896824241, 0.185007676482, 0.203162536025, 0.206952080131, 0.195558771491, 0.160411134362, 0.136615619063, 0.165192916989, 0.169884502888, 0.124348685145, 0.083101131022], "dmean2": [0.112257696688, 0.1169411093, 0.170505389571, 0.206657886505, 0.181541115046, 0.173316702247, 0.176486238837, 0.156744077802, 0.204600006342, 0.229172691703, 0.227445796132, 0.268151253462, 0.280625671148, 0.211675360799, 0.211591288447, 0.24056391418, 0.241890609264, 0.266057997942, 0.277957975864, 0.218391954899, 0.175377994776, 0.190893292427, 0.274675518274, 0.3946826756, 0.358872443438, 0.258156061172, 0.32076716423, 0.354868501425, 0.360982269049, 0.337408185005, 0.27649846673, 0.238749459386, 0.275821775198, 0.284878432751, 0.215055286884, 0.145665630698], "max": [1, 1, 1, 1, 1, 1, 1, 1, 1, 1, 1, 1, 1, 1, 1, 1, 1, 1, 1, 1, 1, 1, 1, 1, 1, 1, 1, 1, 1, 1, 1, 1, 1, 1, 1, 1], "dvar": [0.0158588662744, 0.0150703117251, 0.0243182573467, 0.0328740738332, 0.0264025870711, 0.0274336524308, 0.0299873817712, 0.0186120849103, 0.0310503691435, 0.0393531471491, 0.0348677784204, 0.0454125143588, 0.0475473515689, 0.0283217150718, 0.0459145978093, 0.0535690113902, 0.0494615472853, 0.0440482012928, 0.0467848926783, 0.0330239161849, 0.0327300354838, 0.033121407032, 0.0457412675023, 0.0712445676327, 0.0586819499731, 0.041691493243, 0.0582286529243, 0.0684601217508, 0.0676606073976, 0.0656132921576, 0.0502390526235, 0.0386488623917, 0.0395613126457, 0.0423869118094, 0.025756277144, 0.0219743475318], "mean": [0.0675123110414, 0.067344352603, 0.118202649057, 0.148993164301, 0.125119134784, 0.136010065675, 0.136366993189, 0.105040408671, 0.135548919439, 0.157641932368, 0.153023183346, 0.22873480618, 0.246337458491, 0.146360456944, 0.103874571621, 0.119565419853, 0.144109264016, 0.215373843908, 0.247214972973, 0.162053674459, 0.0959559381008, 0.104822069407, 0.150658667088, 0.229704126716, 0.215116888285, 0.153459355235, 0.235325470567, 0.306017369032, 0.240897327662, 0.184673592448, 0.154456228018, 0.13593994081, 0.226836398244, 0.275440096855, 0.167306989431, 0.0866898521781], "dvar2": [0.0420381873846, 0.0423445999622, 0.0642969608307, 0.0817267224193, 0.0704658702016, 0.069594450295, 0.0767107233405, 0.0498230904341, 0.0795306265354, 0.0975914821029, 0.0895828679204, 0.109777584672, 0.119805790484, 0.0768813788891, 0.124322012067, 0.144629061222, 0.131434828043, 0.109823405743, 0.117482341826, 0.0872852131724, 0.08721704036, 0.0882596373558, 0.122925393283, 0.186535984278, 0.15368488431, 0.112991660833, 0.153083339334, 0.172024101019, 0.167603671551, 0.162290602922, 0.126889869571, 0.105592742562, 0.0999869182706, 0.104528553784, 0.0694932043552, 0.0577846802771], "min": [0, 0, 0, 0, 0, 0, 0, 0, 0, 0, 0, 0, 0, 0, 0, 0, 0, 0, 0, 0, 0, 0, 0, 0, 0, 0, 0, 0, 0, 0, 0, 0, 0, 0, 0, 0], "var": [0.0162309482694, 0.0139448577538, 0.0298590119928, 0.0449934564531, 0.0320143811405, 0.0480658970773, 0.0522724017501, 0.0214590933174, 0.0373358651996, 0.0533078536391, 0.044932641089, 0.0830539539456, 0.0881333947182, 0.0351114757359, 0.0373323261738, 0.0456613600254, 0.0535610727966, 0.0733375474811, 0.0897030383348, 0.0441359840333, 0.0299723353237, 0.0332859195769, 0.0489070229232, 0.0838061347604, 0.0751739516854, 0.0468451231718, 0.0859343186021, 0.127463251352, 0.0875160619617, 0.07155071944, 0.0560275502503, 0.039098944515, 0.0683105960488, 0.0965980142355, 0.0396509580314, 0.022908963263], "median": [0.0243268013, 0.0263923108578, 0.0512901879847, 0.0658443644643, 0.0560720674694, 0.043511915952, 0.0386054851115, 0.0458042286336, 0.0585092678666, 0.0593846850097, 0.0672984197736, 0.0898790806532, 0.105452984571, 0.0717749893665, 0.0319533608854, 0.032733168453, 0.0412996299565, 0.0957588553429, 0.114712744951, 0.0740546956658, 0.0328071303666, 0.0352526605129, 0.0562361702323, 0.0915237739682, 0.0859554931521, 0.0609699040651, 0.0877069458365, 0.112936280668, 0.0960398241878, 0.0517713204026, 0.0430014766753, 0.0547138154507, 0.107570387423, 0.134582236409, 0.0886170789599, 0.0326967164874]}}, "lowlevel": {"melbands_flatness_db": {"dmean": 0.0265182256699, "dmean2": 0.0428555868566, "max": 0.695221245289, "dvar": 0.000749312574044, "mean": 0.15274849534, "dvar2": 0.00191370013636, "min": 0.00518439663574, "var": 0.00322137610056, "median": 0.14638376236}, "melbands_crest": {"dmean": 3.38746595383, "dmean2": 5.62311220169, "max": 39.799533844, "dvar": 9.52772331238, "mean": 12.0559492111, "dvar2": 24.4118766785, "min": 2.19556999207, "var": 27.3614730835, "median": 11.0032997131}, "spectral_entropy": {"dmean": 0.140685409307, "dmean2": 0.20642054081, "max": 9.80338573456, "dvar": 0.018982866779, "mean": 7.91016769409, "dvar2": 0.0374828986824, "min": 3.69029998779, "var": 0.133300125599, "median": 7.92325592041}, "melbands": {"dmean": [0.000845849164762, 0.000926224514842, 0.00125836639199, 0.000958251184784, 0.000145898811752, 0.000128552812384, 0.000107924861368, 0.000148819293827, 0.000183850817848, 0.000180807954166, 0.000137791881571, 7.74256695877e-05, 4.73527761642e-05, 5.10471945745e-05, 5.00089736306e-05, 4.38426686742e-05, 4.12504850829e-05, 3.37376004609e-05, 1.54713052325e-05, 1.45058711496e-05, 1.06047800728e-05, 1.14255508379e-05, 9.70714791038e-06, 1.14916856546e-05, 6.72293163007e-06, 5.7562465372e-06, 7.17182547305e-06, 6.80889979776e-06, 5.64213360121e-06, 4.85320106236e-06, 3.32531567437e-06, 3.67067036677e-06, 3.33047864842e-06, 2.58571503764e-06, 2.35968559537e-06, 2.7545922876e-06, 1.84266662018e-06, 1.28472322558e-06, 1.04569346604e-06, 8.66667505761e-07], "dmean2": [0.00147833058145, 0.00154240906704, 0.00220170337707, 0.00168682518415, 0.000245005328907, 0.000202081253519, 0.000172782092704, 0.000246895418968, 0.000298705068417, 0.00028675829526, 0.000219669775106, 0.000122919416754, 7.72043276811e-05, 8.35749160615e-05, 8.07012766018e-05, 7.24288474885e-05, 6.75830597174e-05, 5.42463603779e-05, 2.56547227764e-05, 2.3499933377e-05, 1.71673291334e-05, 1.84377204278e-05, 1.55847392307e-05, 1.90600785572e-05, 1.07849718916e-05, 9.17248962651e-06, 1.19326450658e-05, 1.14196691356e-05, 9.46275031311e-06, 8.12059897726e-06, 5.35515346201e-06, 5.39038182978e-06, 4.74849684906e-06, 3.72889326172e-06, 3.24879351865e-06, 3.87223371945e-06, 2.34042886404e-06, 1.75385048351e-06, 1.38360303481e-06, 1.17303625302e-06], "max": [0.0208629779518, 0.0232889167964, 0.0222600288689, 0.0172424539924, 0.00446991575882, 0.00422575464472, 0.00636292994022, 0.0080932714045, 0.0121231628582, 0.0118818618357, 0.00654732994735, 0.00572038628161, 0.00519347283989, 0.00243163481355, 0.004161125049, 0.00283359829336, 0.00184476783033, 0.00307294493541, 0.00126082869247, 0.00127360236365, 0.000721767835785, 0.000546548399143, 0.00075210101204, 0.000680882716551, 0.000328416295815, 0.000216478438233, 0.000210327823879, 0.000171339444933, 0.000124956452055, 0.0002473355853, 0.000104995066067, 0.000116413793876, 0.000130128566525, 0.000105808445369, 0.000135100301122, 8.03167567938e-05, 5.37521591468e-05, 3.29971371684e-05, 6.0611160734e-05, 3.9560811274e-05], "dvar": [6.8109179665e-06, 6.07599440627e-06, 6.50397487334e-06, 5.24164033777e-06, 7.18763573104e-08, 4.33557865165e-08, 5.16564497843e-08, 9.19319518289e-08, 1.88430263393e-07, 1.95698419247e-07, 9.46259177681e-08, 4.2066773176e-08, 1.89936972816e-08, 1.18196430421e-08, 1.56669397455e-08, 1.45786973604e-08, 9.78501546456e-09, 1.05505542081e-08, 1.98937710749e-09, 1.62661084602e-09, 5.23819154719e-10, 6.12771999808e-10, 3.98505700661e-10, 5.96721616564e-10, 1.32379163187e-10, 8.44007502776e-11, 1.30750271721e-10, 1.492159174e-10, 1.04244529675e-10, 9.54631304562e-11, 3.12193014496e-11, 3.59573343323e-11, 3.81583792342e-11, 2.10285226732e-11, 1.77990226724e-11, 2.37735300196e-11, 9.04473110991e-12, 4.97073172553e-12, 3.80574001133e-12, 2.22304119557e-12], "mean": [0.000735770794563, 0.00106105010491, 0.00130594556686, 0.000862956512719, 0.000192183593754, 0.000200123671675, 0.000182740113814, 0.000228875680477, 0.000308007904096, 0.000304276880343, 0.00022711372003, 0.000129912557895, 8.06976604508e-05, 8.35620958242e-05, 7.77945242589e-05, 6.81795645505e-05, 6.50376969134e-05, 5.00318819832e-05, 2.43016384047e-05, 2.28805711231e-05, 1.7509346435e-05, 1.91202198039e-05, 1.79538692464e-05, 2.03186009458e-05, 1.32796067192e-05, 1.14766698971e-05, 1.20780478028e-05, 9.85635506368e-06, 7.90916783444e-06, 6.11927589489e-06, 5.15823512615e-06, 6.30048543826e-06, 5.52663004783e-06, 4.68361713502e-06, 4.32202568845e-06, 4.37268454334e-06, 3.42903808814e-06, 2.41177463067e-06, 1.90377863873e-06, 1.63534753028e-06], "dvar2": [1.84600721695e-05, 1.58877683134e-05, 1.77784731932e-05, 1.42476037581e-05, 1.87539725971e-07, 9.99087035325e-08, 1.24701116988e-07, 2.39350640641e-07, 4.77912067254e-07, 4.96642144299e-07, 2.30284896929e-07, 1.00651135426e-07, 5.28507655417e-08, 3.13441645972e-08, 4.09592857409e-08, 4.07197475738e-08, 2.64602029176e-08, 2.6688725896e-08, 5.06102226794e-09, 4.08427336396e-09, 1.29884669686e-09, 1.52625079242e-09, 9.71920766091e-10, 1.56891732939e-09, 3.39079569978e-10, 2.06710204509e-10, 3.34196170737e-10, 4.00154881453e-10, 2.70474670439e-10, 2.49154558096e-10, 6.70282856996e-11, 7.44643374739e-11, 7.71867986193e-11, 4.24177082348e-11, 3.33418986864e-11, 4.62868320061e-11, 1.58187438842e-11, 8.32458147554e-12, 7.27813729423e-12, 4.35694969686e-12], "min": [5.02335462063e-24, 1.53727249421e-23, 1.28985463321e-23, 8.13819990946e-24, 6.70382280296e-24, 9.02476439323e-24, 1.14498553445e-23, 1.04500120125e-23, 3.84221645864e-24, 8.33364493189e-24, 9.42708108831e-24, 1.79278785463e-23, 1.30918330311e-23, 7.90016665333e-24, 5.219534467e-24, 1.37783676329e-23, 8.87005141478e-24, 6.7827530697e-24, 4.50966693738e-24, 6.76387326165e-24, 1.47357812923e-23, 1.07711209994e-23, 1.11139607377e-23, 2.32759862968e-23, 2.00411248931e-23, 6.31931385396e-24, 9.94777661741e-24, 1.13682311178e-23, 9.2585330673e-24, 9.4059467158e-24, 1.00468662246e-23, 1.1894438418e-23, 1.12789249636e-23, 1.10204570546e-23, 1.80727465406e-23, 1.1151837894e-23, 1.02471761522e-23, 9.66982226632e-24, 9.7492155944e-24, 9.17607974777e-24], "var": [4.88196792503e-06, 4.84727570438e-06, 4.91772425448e-06, 3.74250862478e-06, 1.00709165451e-07, 8.17546279563e-08, 8.3677285545e-08, 1.3119276332e-07, 2.91260960239e-07, 3.66773633687e-07, 1.67772071791e-07, 6.34263699339e-08, 2.23443219483e-08, 2.10280717283e-08, 2.95052213772e-08, 2.69285802545e-08, 1.83331589909e-08, 1.52287089605e-08, 3.48401263395e-09, 3.17180792742e-09, 1.12087727988e-09, 1.30509203444e-09, 1.11380404899e-09, 1.24234889043e-09, 2.64992749965e-10, 2.16676218634e-10, 2.2638432795e-10, 1.66795480205e-10, 1.20719212404e-10, 9.9688111932e-11, 5.17172034364e-11, 7.65844609951e-11, 7.29080198991e-11, 4.27066576547e-11, 3.95902755024e-11, 4.53708147441e-11, 2.35262694742e-11, 1.23838283378e-11, 8.62709816779e-12, 4.98170862201e-12], "median": [0.000174682150828, 0.000494780484587, 0.000643175910227, 0.000277387531241, 7.81883500167e-05, 9.55191790126e-05, 0.000103928687167, 0.000119921533042, 0.000152340653585, 0.000127307066577, 9.89713589661e-05, 5.97038633714e-05, 3.56342134182e-05, 3.53667273885e-05, 2.35130792134e-05, 1.77436922968e-05, 2.12868271774e-05, 1.55794423335e-05, 8.20841523819e-06, 7.19585705156e-06, 6.3936049628e-06, 7.66910125094e-06, 8.39213953441e-06, 8.4731809693e-06, 8.15601742943e-06, 6.7656947067e-06, 6.72568330629e-06, 5.11243388246e-06, 3.82086636819e-06, 2.38552638621e-06, 2.13906196223e-06, 2.66019901574e-06, 2.1538639885e-06, 2.11042151932e-06, 1.75435900474e-06, 1.55848192662e-06, 1.40667270898e-06, 9.74606109594e-07, 7.13999440904e-07, 7.76713591222e-07]}, "silence_rate_60dB": {"dmean": 0.0231370497495, "dmean2": 0.0462789237499, "max": 1, "dvar": 0.0226004645228, "mean": 0.0603376403451, "dvar2": 0.0528873689473, "min": 0, "var": 0.0566904656589, "median": 0}, "spectral_energyband_middle_high": {"dmean": 0.00190859625582, "dmean2": 0.00294504128397, "max": 0.0628291517496, "dvar": 8.70159965416e-06, "mean": 0.00566918356344, "dvar2": 2.07316024898e-05, "min": 1.74938985837e-21, "var": 3.84679806302e-05, "median": 0.00352937472053}, "erbbands_skewness": {"dmean": 0.365003079176, "dmean2": 0.569124042988, "max": 13.5791339874, "dvar": 0.124351873994, "mean": 0.394257068634, "dvar2": 0.276705652475, "min": -3.54635810852, "var": 0.564362347126, "median": 0.394313722849}, "dynamic_complexity": 3.06804299355, "dissonance": {"dmean": 0.0173018220812, "dmean2": 0.0292969699949, "max": 0.500000059605, "dvar": 0.000294856406981, "mean": 0.47017917037, "dvar2": 0.000785026466474, "min": 0.118824526668, "var": 0.000683062185999, "median": 0.476279884577}, "spectral_skewness": {"dmean": 0.163066223264, "dmean2": 0.252375781536, "max": 12.0158061981, "dvar": 0.0367947593331, "mean": 1.48120605946, "dvar2": 0.0816219598055, "min": -0.037040617317, "var": 0.318560272455, "median": 1.44955503941}, "spectral_kurtosis": {"dmean": 0.89504981041, "dmean2": 1.35373771191, "max": 211.281188965, "dvar": 3.81502580643, "mean": 3.79629135132, "dvar2": 8.84421920776, "min": -1.16719639301, "var": 50.404750824, "median": 3.28155708313}, "gfcc": {"cov": [[12857.6162109, 324.791992188, -218.551864624, 292.84463501, -461.175933838, 73.7812194824, -350.626647949, -118.383804321, -378.386291504, -131.693954468, -441.676483154, -215.3387146, -340.805175781], [324.791992188, 1049.29260254, -102.781738281, -112.656433105, 73.6740264893, -52.0348320007, 153.822723389, 42.6922492981, 8.21847438812, -16.3177185059, 32.6490783691, -89.1209030151, -55.8716011047], [-218.551864624, -102.781738281, 965.387084961, 195.218490601, 74.2461624146, -36.8651390076, 15.1800470352, 3.05360174179, -59.274597168, 42.2691917419, -79.7309112549, -6.52904510498, -41.4055671692], [292.84463501, -112.656433105, 195.218490601, 420.249664307, 29.125787735, 13.9897146225, -40.9323997498, 1.24828457832, -21.8330669403, -3.26747322083, -34.795425415, -12.0358085632, 8.22752952576], [-461.175933838, 73.6740264893, 74.2461624146, 29.125787735, 299.070007324, 40.5081977844, 107.952896118, 44.9190254211, 24.7285938263, 31.8992729187, 25.6610031128, 7.04416942596, 12.9011602402], [73.7812194824, -52.0348320007, -36.8651390076, 13.9897146225, 40.5081977844, 171.792816162, 53.0723609924, 6.37588310242, 6.17846727371, 14.2811489105, 21.8706741333, -6.96039199829, -13.83248806], [-350.626647949, 153.822723389, 15.1800470352, -40.9323997498, 107.952896118, 53.0723609924, 200.256256104, 87.2598724365, 30.9154434204, 22.0120887756, 44.1309356689, -2.99318122864, -10.752407074], [-118.383804321, 42.6922492981, 3.05360174179, 1.24828457832, 44.9190254211, 6.37588310242, 87.2598724365, 143.407516479, 52.4775733948, 13.4386415482, 22.5735530853, 7.31296396255, -0.135470613837], [-378.386291504, 8.21847438812, -59.274597168, -21.8330669403, 24.7285938263, 6.17846727371, 30.9154434204, 52.4775733948, 111.19934845, 37.6914558411, 30.6370105743, 11.9790706635, 17.133348465], [-131.693954468, -16.3177185059, 42.2691917419, -3.26747322083, 31.8992729187, 14.2811489105, 22.0120887756, 13.4386415482, 37.6914558411, 82.4200134277, 37.0123519897, -1.58788537979, -3.09613776207], [-441.676483154, 32.6490783691, -79.7309112549, -34.795425415, 25.6610031128, 21.8706741333, 44.1309356689, 22.5735530853, 30.6370105743, 37.0123519897, 100.480445862, 32.1129455566, 5.97532320023], [-215.3387146, -89.1209030151, -6.52904510498, -12.0358085632, 7.04416942596, -6.96039199829, -2.99318122864, 7.31296396255, 11.9790706635, -1.58788537979, 32.1129455566, 80.6091842651, 35.6365852356], [-340.805175781, -55.8716011047, -41.4055671692, 8.22752952576, 12.9011602402, -13.83248806, -10.752407074, -0.135470613837, 17.133348465, -3.09613776207, 5.97532320023, 35.6365852356, 75.2784042358]], "mean": [22.2214927673, 49.5969734192, -100.570098877, 16.8562164307, -59.0926055908, 11.9034528732, -29.9279747009, 12.3845233917, -27.5729465485, 0.731808125973, -22.7319507599, -2.98889160156, -22.0068664551], "icov": [[0.00014840537915, -0.000132756860694, 0.000187013618415, -0.000134270405397, 0.00013503037917, -0.000199914400582, 0.000219027075218, -0.0002641074243, 0.000513751467224, -0.000568424758967, 0.00094867561711, -0.000524755276274, 0.000694617105182], [-0.000132756860694, 0.00155799742788, -8.92708703759e-05, 0.000294771598419, -0.000342155923136, 0.0011849530274, -0.00137830665335, 0.000593768549152, -0.00067454285454, 0.00154080719221, -0.00187497504521, 0.0024060534779, -0.00021871883655], [0.000187013618415, -8.92708703759e-05, 0.00182530179154, -0.000810533994809, -8.54281897773e-05, 0.000344228406902, -0.00038305966882, -0.000361973972758, 0.00165937421843, -0.00272637419403, 0.00324066495523, -0.00204310822301, 0.0021156554576], [-0.000134270405397, 0.000294771598419, -0.000810533994809, 0.00306800473481, -0.000558966363315, -0.000431034626672, 0.000978216063231, -0.000568674411625, -0.000135384194436, 0.00103261682671, -0.00110603519715, 0.00166653108317, -0.00164279632736], [0.00013503037917, -0.000342155923136, -8.54281897773e-05, -0.000558966363315, 0.00467152008787, -0.000699516851455, -0.00209833052941, -6.02694199188e-05, 0.000396393908886, -0.00169796298724, 0.00117286038585, -0.000907550973352, -0.000681009085383], [-0.000199914400582, 0.0011849530274, 0.000344228406902, -0.000431034626672, -0.000699516851455, 0.00788667425513, -0.00325170950964, 0.00183758244384, -0.000841055705678, 0.000684193510097, -0.00231042341329, 0.00188683252782, 0.000828505028039], [0.000219027075218, -0.00137830665335, -0.00038305966882, 0.000978216063231, -0.00209833052941, -0.00325170950964, 0.0113329961896, -0.00578590063378, 0.00145409663673, -0.000445017503807, -0.00130560330581, -2.92312179226e-05, 0.000789666199125], [-0.0002641074243, 0.000593768549152, -0.000361973972758, -0.000568674411625, -6.02694199188e-05, 0.00183758244384, -0.00578590063378, 0.0122404862195, -0.00597629928961, 0.00259012891911, -0.00163557729684, 0.000197686706088, 0.000154626788571], [0.000513751467224, -0.00067454285454, 0.00165937421843, -0.000135384194436, 0.000396393908886, -0.000841055705678, 0.00145409663673, -0.00597629928961, 0.0163334868848, -0.00876648817211, 0.00365382502787, -0.00265630963258, -0.000383382022846], [-0.000568424758967, 0.00154080719221, -0.00272637419403, 0.00103261682671, -0.00169796298724, 0.000684193510097, -0.000445017503807, 0.00259012891911, -0.00876648817211, 0.0232408512384, -0.0132849495858, 0.00827510561794, -0.00259623583406], [0.00094867561711, -0.00187497504521, 0.00324066495523, -0.00110603519715, 0.00117286038585, -0.00231042341329, -0.00130560330581, -0.00163557729684, 0.00365382502787, -0.0132849495858, 0.0258646160364, -0.0139112649485, 0.00714618433267], [-0.000524755276274, 0.0024060534779, -0.00204310822301, 0.00166653108317, -0.000907550973352, 0.00188683252782, -2.92312179226e-05, 0.000197686706088, -0.00265630963258, 0.00827510561794, -0.0139112649485, 0.0250177979469, -0.0111916353926], [0.000694617105182, -0.00021871883655, 0.0021156554576, -0.00164279632736, -0.000681009085383, 0.000828505028039, 0.000789666199125, 0.000154626788571, -0.000383382022846, -0.00259623583406, 0.00714618433267, -0.0111916353926, 0.0227029789239]]}, "spectral_complexity": {"dmean": 4.65367364883, "dmean2": 7.07608938217, "max": 60, "dvar": 30.379989624, "mean": 20.432472229, "dvar2": 62.8002090454, "min": 0, "var": 117.387298584, "median": 19}, "spectral_flux": {"dmean": 0.0334268212318, "dmean2": 0.0536594502628, "max": 0.377102673054, "dvar": 0.00200702948496, "mean": 0.0902266949415, "dvar2": 0.00443253526464, "min": 1.02780034483e-10, "var": 0.00326377386227, "median": 0.0748676657677}, "spectral_energyband_low": {"dmean": 0.00495927175507, "dmean2": 0.00829655025154, "max": 0.108280427754, "dvar": 0.000153660424985, "mean": 0.00587413785979, "dvar2": 0.000397640134906, "min": 6.94514971114e-23, "var": 0.000127076098579, "median": 0.00299810571596}, "spectral_decrease": {"dmean": 3.24503246496e-09, "dmean2": 5.35911004462e-09, "max": -1.09950522005e-28, "dvar": 2.71245807377e-17, "mean": -5.67673730245e-09, "dvar2": 6.93720910244e-17, "min": -4.92273137809e-08, "var": 3.04176578938e-17, "median": -3.95929511399e-09}, "barkbands_spread": {"dmean": 8.04846858978, "dmean2": 12.5307531357, "max": 137.613098145, "dvar": 71.0362319946, "mean": 30.5255241394, "dvar2": 166.748535156, "min": 1.10796701908, "var": 216.14074707, "median": 27.6933345795}, "spectral_rms": {"dmean": 0.00113548873924, "dmean2": 0.00176715117414, "max": 0.0138474879786, "dvar": 2.20631113734e-06, "mean": 0.00437224796042, "dvar2": 5.21384117746e-06, "min": 3.21030897178e-12, "var": 4.14574424212e-06, "median": 0.00405095890164}, "spectral_centroid": {"dmean": 306.023742676, "dmean2": 506.344238281, "max": 11538.15625, "dvar": 108296.835938, "mean": 1607.07287598, "dvar2": 283339.3125, "min": 160.12890625, "var": 356179.1875, "median": 1526.75549316}, "barkbands_skewness": {"dmean": 0.531353890896, "dmean2": 0.842343628407, "max": 12.999956131, "dvar": 0.367148756981, "mean": 1.26214742661, "dvar2": 0.892814457417, "min": -3.20625758171, "var": 1.1993855238, "median": 1.14353609085}, "spectral_rolloff": {"dmean": 910.637084961, "dmean2": 1540.1217041, "max": 18453.9550781, "dvar": 2004156, "mean": 2140.26220703, "dvar2": 4670208, "min": 21.533203125, "var": 3476764.75, "median": 1507.32421875}, "erbbands_spread": {"dmean": 10.8987970352, "dmean2": 16.7904281616, "max": 171.812103271, "dvar": 150.024887085, "mean": 45.4725723267, "dvar2": 334.067840576, "min": 2.07587552071, "var": 546.26940918, "median": 39.2310333252}, "barkbands": {"dmean": [0.000105132799945, 0.00336644309573, 0.00140843586996, 0.00256765494123, 0.00367274554446, 0.000649598776363, 0.000581967877224, 0.000873763579875, 0.00131651863921, 0.000768170692027, 0.000354049057933, 0.000510213139933, 0.000408242514823, 0.00051964726299, 0.000186058459803, 0.000198903682758, 0.000172128056874, 0.000208618046599, 0.000147928018123, 0.000208206300158, 0.000185461336514, 0.000167802441865, 0.000154857538291, 0.000118776530144, 0.000111809582449, 0.000130925589474, 2.65459711954e-05], "dmean2": [0.000163454620633, 0.00585074676201, 0.00235153967515, 0.0045278375037, 0.00642514741048, 0.00102762249298, 0.000949091918301, 0.00145109882578, 0.00208774511702, 0.00123136839829, 0.000576633552555, 0.000836363527924, 0.000670985376928, 0.000840769556817, 0.000306925736368, 0.000320955703501, 0.000274479039945, 0.000343557592714, 0.000233856699197, 0.000346382177668, 0.000301508844132, 0.000237052008742, 0.000209084624657, 0.000150280233356, 0.000140409872984, 0.000179482987733, 4.0253631596e-05], "max": [0.00197827653028, 0.0881205946207, 0.039340980351, 0.0466400831938, 0.0650991499424, 0.0199377611279, 0.0363409295678, 0.0391909405589, 0.0682000443339, 0.0442124456167, 0.0351051576436, 0.03213647753, 0.0221920814365, 0.0312839224935, 0.0136045422405, 0.0127482619137, 0.00663829082623, 0.00897086597979, 0.00638212542981, 0.00535394949839, 0.00611056853086, 0.00552589446306, 0.00561052700505, 0.00324419653043, 0.00337197235785, 0.00538616906852, 0.000339817343047], "dvar": [2.63129749101e-08, 0.000106486681034, 1.05728195194e-05, 2.72869219771e-05, 7.49530881876e-05, 1.19061292025e-06, 1.6504462792e-06, 3.48046910403e-06, 8.64757657837e-06, 3.84126360586e-06, 1.04542141344e-06, 1.06502739072e-06, 1.06196318939e-06, 1.68510018739e-06, 2.24474391075e-07, 2.20937138806e-07, 1.21884895066e-07, 1.53869081032e-07, 5.55386208134e-08, 1.29114255287e-07, 1.20646149071e-07, 8.53660324651e-08, 7.17555863616e-08, 3.84890661564e-08, 2.72358775533e-08, 3.8129694957e-08, 9.80575731724e-10], "mean": [0.000129804873723, 0.00296080810949, 0.00189055234659, 0.00252397195436, 0.00341032654978, 0.000972585519776, 0.000921536295209, 0.00130613439251, 0.00229381769896, 0.00119637954049, 0.000578904757276, 0.000825488416012, 0.000619221653324, 0.000786961056292, 0.000298326922348, 0.000322450010572, 0.000303311331663, 0.000390041503124, 0.000302625441691, 0.000340134341968, 0.000263121881289, 0.0002944926091, 0.000279591535218, 0.000230595192988, 0.000195273634745, 0.000172547428519, 3.47436471202e-05], "dvar2": [5.30022141731e-08, 0.000285539310426, 2.96140842693e-05, 7.54285501898e-05, 0.000203066607355, 2.77186109088e-06, 4.06061826652e-06, 8.8573051471e-06, 2.17081105802e-05, 9.32982493396e-06, 2.85621854346e-06, 2.81131906377e-06, 2.87968373414e-06, 4.40929716206e-06, 5.61710351121e-07, 5.45469504232e-07, 3.00952819998e-07, 3.95846939227e-07, 1.363477935e-07, 3.41547121252e-07, 3.07623423623e-07, 1.71520355252e-07, 1.29021870521e-07, 6.43140865009e-08, 4.51294326353e-08, 7.86980649536e-08, 2.2595800786e-09], "min": [2.7577207784e-23, 8.21787012772e-24, 4.58881840071e-23, 1.95400104694e-23, 4.77287763593e-23, 3.72072683052e-23, 5.85233565043e-23, 2.39019284924e-23, 4.99524364116e-23, 1.24258883301e-22, 8.66348124477e-23, 4.65763767945e-23, 1.25178026162e-22, 7.60856532412e-23, 7.6683407859e-23, 1.51809844105e-22, 2.0582489209e-22, 4.5956325181e-22, 2.22463647277e-22, 3.54238708931e-22, 4.3372269291e-22, 5.47313362117e-22, 8.98407810319e-22, 7.60277129855e-22, 1.15257339186e-21, 1.7649005046e-21, 2.03266226162e-21], "var": [3.96313417639e-08, 7.72231360315e-05, 8.54654808791e-06, 2.05820033443e-05, 5.45950897504e-05, 2.26913130064e-06, 2.37639187617e-06, 5.35164872417e-06, 1.68397218658e-05, 5.74754631089e-06, 1.31211402277e-06, 2.00504132408e-06, 1.88167791748e-06, 2.7612136364e-06, 4.29090221132e-07, 4.63511128146e-07, 2.84311425958e-07, 3.71127526932e-07, 1.35935081857e-07, 1.70696964119e-07, 1.44970044857e-07, 1.77684810865e-07, 1.6106046985e-07, 1.04169913584e-07, 6.89689656497e-08, 6.30689882541e-08, 1.73810954518e-09], "median": [6.34196330793e-05, 0.000699030584656, 0.00112112308852, 0.00115701858886, 0.0011394249741, 0.000406961742556, 0.000499560148455, 0.000636293785647, 0.001022051787, 0.000479015463497, 0.000232178485021, 0.000321316008922, 0.000197585308342, 0.000243195798248, 0.000105494254967, 0.000107802217826, 0.000123595556943, 0.000181342256838, 0.000186747260159, 0.000184529111721, 0.000115213333629, 0.000124058089568, 0.000113767877338, 9.56933872658e-05, 9.59708486334e-05, 7.8279801528e-05, 1.66501358763e-05]}, "melbands_kurtosis": {"dmean": 7.81389379501, "dmean2": 13.0445709229, "max": 701.34967041, "dvar": 479.936584473, "mean": 11.2723493576, "dvar2": 1233.08105469, "min": -1.85373842716, "var": 664.634460449, "median": 5.65964841843}, "erbbands_crest": {"dmean": 2.58290576935, "dmean2": 4.26609945297, "max": 27.9300765991, "dvar": 6.44015359879, "mean": 7.82991027832, "dvar2": 16.5116958618, "min": 2.05377459526, "var": 14.2404584885, "median": 6.8911781311}, "melbands_skewness": {"dmean": 0.87179517746, "dmean2": 1.39020514488, "max": 22.4888191223, "dvar": 1.26038825512, "mean": 2.35640072823, "dvar2": 3.00927042961, "min": -1.6897289753, "var": 3.27538943291, "median": 1.95353102684}, "spectral_energyband_middle_low": {"dmean": 0.00778430094942, "dmean2": 0.0131640052423, "max": 0.136204734445, "dvar": 0.000214179250179, "mean": 0.0116940876469, "dvar2": 0.000568297225982, "min": 2.60154714509e-22, "var": 0.00020433019381, "median": 0.00749959656969}, "spectral_contrast_coeffs": {"dmean": [0.058109395206, 0.0477901250124, 0.0391220264137, 0.0319611728191, 0.0214282609522, 0.0200377870351], "dmean2": [0.0948619842529, 0.0796225294471, 0.0640966370702, 0.0523147471249, 0.0351283214986, 0.0328626483679], "max": [-0.317869931459, -0.419501572847, -0.485971301794, -0.465358793736, -0.599498391151, -0.611102104187], "dvar": [0.00285340263508, 0.00151000358164, 0.00101914105471, 0.000697014445905, 0.000320966501022, 0.000335827906383], "mean": [-0.630138456821, -0.757059633732, -0.761419296265, -0.776321232319, -0.797381460667, -0.782789051533], "dvar2": [0.00703205540776, 0.004139742814, 0.00262905843556, 0.00181133626029, 0.000788703269791, 0.00088903598953], "min": [-0.991685986519, -0.990697622299, -0.989853024483, -0.978575944901, -0.962163627148, -0.956709802151], "var": [0.00775938434526, 0.00436672382057, 0.0039678667672, 0.00375956692733, 0.00154266471509, 0.00106192554813], "median": [-0.635651290417, -0.762309849262, -0.7641248703, -0.784666180611, -0.801858603954, -0.782289981842]}, "spectral_contrast_valleys": {"dmean": [0.461038976908, 0.383659332991, 0.302804976702, 0.29754987359, 0.282190829515, 0.314217239618], "dmean2": [0.7312271595, 0.622153639793, 0.490371078253, 0.471426069736, 0.432737916708, 0.388686329126], "max": [-5.25436878204, -4.75203132629, -5.12058019638, -5.48701381683, -5.4653301239, -7.60324811935], "dvar": [0.210318565369, 0.13936470449, 0.0893482863903, 0.106049954891, 0.13855792582, 0.134981453419], "mean": [-7.61459541321, -6.67534780502, -7.15917444229, -7.73038101196, -7.34201574326, -9.5028295517], "dvar2": [0.444715112448, 0.314030110836, 0.190263435245, 0.216055601835, 0.292250394821, 0.223436310887], "min": [-27.2016086578, -27.6414852142, -27.1650714874, -27.190454483, -27.2968387604, -27.2440834045], "var": [1.93765830994, 1.52880680561, 1.36745977402, 1.28337371349, 1.27570188046, 1.44285392761], "median": [-7.34852600098, -6.4657702446, -6.96733283997, -7.57736063004, -7.20701980591, -9.36032962799]}, "silence_rate_20dB": {"dmean": 0, "dmean2": 0, "max": 1, "dvar": 0, "mean": 1, "dvar2": 0, "min": 1, "var": 0, "median": 1}, "silence_rate_30dB": {"dmean": 0.0041688377969, "dmean2": 0.00833854451776, "max": 1, "dvar": 0.0041515189223, "mean": 0.997603178024, "dvar2": 0.0118122529238, "min": 0, "var": 0.00239106919616, "median": 1}, "spectral_strongpeak": {"dmean": 0.637098789215, "dmean2": 1.09000897408, "max": 10.5934429169, "dvar": 0.764283001423, "mean": 0.967647850513, "dvar2": 2.01842999458, "min": 0, "var": 1.30719351768, "median": 0.494015872478}, "spectral_spread": {"dmean": 711276.9375, "dmean2": 934146.9375, "max": 39867540, "dvar": 632727339008, "mean": 6046631, "dvar2": 1142831841280.0, "min": 585933.3125, "var": 3009333428220.0, "median": 5972955.5}, "barkbands_flatness_db": {"dmean": 0.0196809470654, "dmean2": 0.0321532264352, "max": 0.520196199417, "dvar": 0.000384198239772, "mean": 0.0842735469341, "dvar2": 0.00102261896245, "min": 0.015291724354, "var": 0.00217708712444, "median": 0.074842877686}, "pitch_salience": {"dmean": 0.0812156051397, "dmean2": 0.137610122561, "max": 0.909111738205, "dvar": 0.00591753283516, "mean": 0.59066838026, "dvar2": 0.0166972465813, "min": 0.011276611127, "var": 0.0133575638756, "median": 0.607050418854}, "erbbands_kurtosis": {"dmean": 0.895139396191, "dmean2": 1.38484549522, "max": 274.189483643, "dvar": 4.59071397781, "mean": 0.478242844343, "dvar2": 5.07501411438, "min": -1.82351779938, "var": 29.0165042877, "median": -0.0913894176483}, "average_loudness": 0.832781195641, "barkbands_crest": {"dmean": 2.77377104759, "dmean2": 4.60959482193, "max": 26.751209259, "dvar": 7.90258359909, "mean": 8.1529712677, "dvar2": 20.8783493042, "min": 2.1498606205, "var": 17.374917984, "median": 7.00919437408}, "hfc": {"dmean": 10.3564968109, "dmean2": 14.1940584183, "max": 166.777053833, "dvar": 185.262069702, "mean": 26.6632347107, "dvar2": 337.865264893, "min": 1.11890074482e-16, "var": 553.268310547, "median": 19.0945568085}, "barkbands_kurtosis": {"dmean": 2.18576955795, "dmean2": 3.59080839157, "max": 246.933135986, "dvar": 26.4673976898, "mean": 2.6117670536, "dvar2": 62.4189720154, "min": -1.86851882935, "var": 80.8692855835, "median": 1.02109599113}, "erbbands": {"dmean": [0.0791366174817, 0.819327831268, 1.62131500244, 4.5411772728, 17.5096759796, 7.56440925598, 3.92845892906, 5.80259132385, 6.94676113129, 12.256518364, 21.1271858215, 27.4362201691, 26.5106086731, 16.9072170258, 14.5752315521, 17.046754837, 17.198513031, 21.3316364288, 16.6282577515, 9.53104114532, 9.51930141449, 10.167131424, 11.2123270035, 8.12552165985, 7.46414232254, 9.82375335693, 8.96917057037, 5.85844278336, 6.0562582016, 4.93242406845, 4.28217315674, 3.23953676224, 1.7341324091, 1.06806278229, 0.9114382267, 0.568255484104, 0.2550149858, 0.0460321679711, 0.00476480089128, 0.000147651837324], "dmean2": [0.138029277325, 1.4256913662, 2.71749305725, 7.80298566818, 31.022562027, 13.4679107666, 6.50063610077, 9.11225891113, 11.023771286, 20.3101387024, 34.5734825134, 43.6791038513, 42.2192115784, 26.8665332794, 23.6478977203, 27.7999343872, 27.8890781403, 34.9695396423, 26.6895465851, 15.5519123077, 15.2669115067, 16.157579422, 18.3750495911, 12.9290056229, 11.900387764, 16.3674869537, 15.0095291138, 9.23898601532, 8.68531799316, 6.93217420578, 5.8363237381, 4.07943725586, 2.26821088791, 1.35004878044, 1.1762150526, 0.765286445618, 0.354898899794, 0.0650418624282, 0.00718496041372, 0.000218304892769], "max": [1.85100376606, 21.9596614838, 45.7490730286, 71.5515289307, 339.932342529, 151.246932983, 166.924438477, 202.959579468, 412.762908936, 737.872741699, 1026.24768066, 1655.57312012, 1259.2701416, 1216.05737305, 1282.05200195, 1240.32836914, 1128.54101562, 1029.26245117, 1332.96679688, 757.656921387, 618.878295898, 450.352874756, 427.367431641, 377.964874268, 215.600326538, 266.277709961, 190.071044922, 185.471084595, 204.111862183, 182.240921021, 176.138595581, 91.8050460815, 63.4677848816, 40.1322822571, 24.8197364807, 32.9413070679, 7.94683837891, 0.616144061089, 0.0716091617942, 0.00190484744962], "dvar": [0.0571958385408, 6.26497983932, 16.1840343475, 61.4340286255, 1718.20849609, 327.214599609, 57.8202896118, 92.2852172852, 213.808227539, 691.140991211, 2336.86425781, 4604.07617188, 3531.29125977, 1945.67272949, 1310.11694336, 1263.03369141, 1669.46362305, 2667.10766602, 2099.96875, 497.307983398, 413.972747803, 451.603851318, 409.15802002, 188.98840332, 122.930366516, 305.864593506, 297.265960693, 100.578292847, 102.574279785, 77.9738693237, 55.8678817749, 28.6401939392, 8.91521453857, 3.0525457859, 1.8310482502, 0.852241635323, 0.13246332109, 0.00294683384709, 3.34107935487e-05, 3.12218872978e-08], "mean": [0.0681241601706, 0.725627183914, 2.01863336563, 5.4587264061, 15.0668649673, 7.37487697601, 5.40470266342, 8.89719295502, 11.8941965103, 19.125705719, 35.28282547, 46.8017654419, 44.9211997986, 29.8323421478, 25.7179775238, 29.722038269, 28.9470901489, 35.4368133545, 26.8836841583, 16.8191757202, 16.8078575134, 18.879863739, 21.5821247101, 17.3970184326, 15.677781105, 15.6284475327, 12.2860918045, 9.30691623688, 10.7828216553, 8.89400482178, 7.78376579285, 5.940574646, 3.35404133797, 2.04610085487, 1.45321118832, 0.78244894743, 0.320637464523, 0.0641441941261, 0.00602138089016, 0.000208513374673], "dvar2": [0.156231299043, 16.7470664978, 43.7221641541, 168.354019165, 4672.38085938, 913.27331543, 144.305236816, 213.393783569, 510.20690918, 1799.1505127, 5888.4921875, 11753.6816406, 8586.38378906, 4710.09912109, 3583.20898438, 3331.44433594, 4528.10107422, 7316.09570312, 5312.74462891, 1238.92883301, 1004.62207031, 1124.25683594, 1051.93115234, 483.12878418, 290.221252441, 815.582214355, 784.624267578, 220.73097229, 199.993240356, 155.154022217, 99.6425247192, 51.3318634033, 14.6350278854, 5.46952581406, 3.05360293388, 1.70246982574, 0.283724576235, 0.00558527046815, 7.80095797381e-05, 7.2715785393e-08], "min": [4.86077561032e-22, 2.29323748317e-21, 4.25873776814e-20, 4.63548622542e-20, 1.32039183493e-19, 1.22998810256e-19, 1.63374930596e-19, 3.75719625539e-19, 7.6041007652e-19, 1.08716141113e-18, 4.45540364232e-19, 1.37247337519e-18, 1.92384467456e-18, 4.32778290869e-18, 4.64003904043e-18, 1.60165131192e-18, 5.13062249095e-18, 5.32603439808e-18, 4.25447981716e-18, 3.80895578975e-18, 1.09379333169e-17, 1.06123351754e-17, 1.81543363901e-17, 2.47861874681e-17, 1.11280359653e-17, 1.67356306497e-17, 1.44619328302e-17, 1.74310049948e-17, 2.1040963463e-17, 2.01320342449e-17, 2.75917673846e-17, 1.64459586167e-17, 1.40054978769e-17, 1.10998878362e-17, 8.98266694598e-18, 6.28609537219e-18, 3.51734898123e-18, 1.1517499481e-18, 2.69498338702e-19, 2.99353141703e-20], "var": [0.0415424704552, 4.50022983551, 12.7173252106, 52.7802581787, 1226.23950195, 231.145446777, 97.6345214844, 170.442245483, 363.62612915, 892.631286621, 3540.84570312, 8180.06835938, 6351.46972656, 2960.4753418, 1860.50854492, 2539.21289062, 3175.03295898, 5335.43408203, 3172.56884766, 1068.47143555, 950.490539551, 1072.77172852, 1048.11999512, 438.706298828, 335.603210449, 362.943450928, 317.278198242, 162.493484497, 228.55291748, 158.712432861, 126.872810364, 71.0764770508, 23.6135978699, 7.8864274025, 4.135409832, 1.4537602663, 0.209984451532, 0.00604302249849, 5.68447248952e-05, 5.41463975878e-08], "median": [0.0156625658274, 0.187169745564, 1.11512827873, 3.20694446564, 4.55347061157, 2.8755865097, 2.10878062248, 4.08083820343, 6.7528181076, 10.5109405518, 18.5091590881, 20.6830825806, 20.618434906, 14.9571285248, 11.9685134888, 12.388504982, 10.4255485535, 11.9431257248, 10.0685214996, 6.46775341034, 6.30234622955, 8.09632110596, 10.0452156067, 10.5850496292, 9.56539535522, 8.59118366241, 5.64819669724, 4.05641269684, 4.51167297363, 3.93551492691, 3.12026596069, 2.41448497772, 1.34545004368, 0.946904957294, 0.688747227192, 0.336111605167, 0.141122877598, 0.0315233618021, 0.00280642532744, 0.000118463416584]}, "spectral_energy": {"dmean": 0.0129813784733, "dmean2": 0.0211670268327, "max": 0.196546733379, "dvar": 0.0004216763773, "mean": 0.0238437633961, "dvar2": 0.00106718030293, "min": 1.05637361948e-20, "var": 0.000503051152918, "median": 0.0168205220252}, "zerocrossingrate": {"dmean": 0.015336509794, "dmean2": 0.0185309704393, "max": 0.4853515625, "dvar": 0.000274065299891, "mean": 0.0930024161935, "dvar2": 0.000379685690859, "min": 0, "var": 0.00166118249763, "median": 0.08740234375}, "spectral_energyband_high": {"dmean": 0.000843515445013, "dmean2": 0.00111580220982, "max": 0.0163961201906, "dvar": 1.5742564301e-06, "m