{"tonal": {"chords_key": "D", "hpcp_entropy": {"dmean": 0.459264546633, "dmean2": 0.764929652214, "max": 4.0643696785, "dvar": 0.179505184293, "mean": 1.67780888081, "dvar2": 0.467617124319, "min": 0, "var": 0.446999520063, "median": 1.68338048458}, "key_key": "D", "chords_strength": {"dmean": 0.009801087901, "dmean2": 0.00648454483598, "max": 0.780062258244, "dvar": 6.28711641184e-05, "mean": 0.497154742479, "dvar2": 3.93434129364e-05, "min": 0.23173636198, "var": 0.013364222832, "median": 0.499963819981}, "key_scale": "minor", "chords_number_rate": 0.00194793695118, "thpcp": [1, 0.770383119583, 0.193535268307, 0.108104400337, 0.139885425568, 0.451601952314, 0.657137036324, 0.414991468191, 0.427524447441, 0.566053628922, 0.343947827816, 0.18193615973, 0.163715824485, 0.144332692027, 0.379080891609, 0.521109879017, 0.268398195505, 0.118504665792, 0.146639838815, 0.178537502885, 0.541751861572, 0.831748425961, 0.488637924194, 0.350232809782, 0.556651234627, 0.432177245617, 0.259370863438, 0.256639957428, 0.16987234354, 0.19114933908, 0.286315202713, 0.199240356684, 0.162586197257, 0.215284869075, 0.183526009321, 0.436548948288], "key_strength": 0.788151204586, "tuning_nontempered_energy_ratio": 0.635201275349, "tuning_frequency": 438.477722168, "chords_changes_rate": 0.0495838485658, "tuning_diatonic_strength": 0.541790783405, "chords_scale": "minor", "chords_histogram": [40.6941757202, 0.425004422665, 3.01044797897, 6.94173908234, 4.95838499069, 1.2750133276, 0.0708340704441, 1.75314331055, 0.017708517611, 12.0240831375, 0.33646184206, 0.106251105666, 0.655215144157, 1.89481139183, 0.106251105666, 0.265627771616, 1.34584736824, 0.230210736394, 0.726049244404, 0, 0.0354170352221, 0.779174804688, 11.06782341, 11.2803258896], "tuning_equal_tempered_deviation": 0.00849348027259, "hpcp": {"dmean": [0.0931818112731, 0.0911629572511, 0.0781714767218, 0.067742601037, 0.0622897110879, 0.0506313964725, 0.0422540381551, 0.0373545363545, 0.0390714332461, 0.0413282699883, 0.0435645356774, 0.0445366390049, 0.0504552796483, 0.0549084357917, 0.0788179710507, 0.084821768105, 0.087074585259, 0.0557131506503, 0.0384814217687, 0.0432726591825, 0.0736623257399, 0.081402733922, 0.0775210261345, 0.0863821208477, 0.0868684798479, 0.0810899809003, 0.05818984285, 0.0419478900731, 0.0440955348313, 0.0662054941058, 0.0674837976694, 0.0562743209302, 0.0363149866462, 0.0401495546103, 0.0539754442871, 0.0873231515288], "dmean2": [0.151071324944, 0.155925273895, 0.133659347892, 0.112402170897, 0.104225039482, 0.0860602706671, 0.071124881506, 0.0647876337171, 0.066972412169, 0.0693764165044, 0.0751943588257, 0.0763573348522, 0.0865532010794, 0.0956911742687, 0.133500546217, 0.139801442623, 0.14707814157, 0.0994423553348, 0.0688150376081, 0.0756149441004, 0.121392168105, 0.133897766471, 0.131832957268, 0.149582445621, 0.144223451614, 0.139776021242, 0.106197200716, 0.075649023056, 0.0774731114507, 0.109555833042, 0.110692508519, 0.0962015166879, 0.0645299181342, 0.0706245750189, 0.095822326839, 0.144515916705], "max": [1, 1, 1, 1, 1, 1, 1, 1, 1, 1, 1, 1, 1, 1, 1, 1, 1, 1, 1, 1, 1, 1, 1, 1, 1, 1, 1, 1, 1, 1, 1, 1, 1, 1, 1, 1], "dvar": [0.0314474254847, 0.02497927472, 0.0226064939052, 0.021691115573, 0.0188785437495, 0.0136703671888, 0.0135682811961, 0.0115935895592, 0.0114847896621, 0.0140219526365, 0.0137024084106, 0.0135661056265, 0.0173520687968, 0.0186250824481, 0.0232208669186, 0.0290841925889, 0.0260389335454, 0.0187217853963, 0.0144836930558, 0.0134559711441, 0.0225054807961, 0.0273015405983, 0.0220060944557, 0.0273569542915, 0.0311788078398, 0.0304578356445, 0.0258673876524, 0.0187626909465, 0.0156198851764, 0.020714186132, 0.0263966619968, 0.0187660958618, 0.010840030387, 0.015031054616, 0.0179829187691, 0.0235189665109], "mean": [0.265812754631, 0.15616042912, 0.111928492785, 0.177896335721, 0.138116553426, 0.082890547812, 0.0820177942514, 0.0542883351445, 0.0610881000757, 0.0915015041828, 0.0636738538742, 0.0519598051906, 0.0688014104962, 0.0586518123746, 0.139513671398, 0.319583117962, 0.246201440692, 0.0618506036699, 0.0345483422279, 0.0447050221264, 0.144324362278, 0.210009902716, 0.132624268532, 0.136629596353, 0.180901184678, 0.109919920564, 0.0581437237561, 0.0523208118975, 0.0461262911558, 0.121147856116, 0.166537925601, 0.0857755318284, 0.0378720909357, 0.0468636192381, 0.0570575706661, 0.173134744167], "dvar2": [0.0717499256134, 0.067873083055, 0.0600086636841, 0.0508354455233, 0.0481171272695, 0.0354597307742, 0.0338714011014, 0.0325083509088, 0.0301433447748, 0.0343083851039, 0.0374980606139, 0.0365819036961, 0.0439155884087, 0.0504085607827, 0.0608437620103, 0.0679904893041, 0.0635447055101, 0.0522056221962, 0.0403480157256, 0.0369722880423, 0.0580301769078, 0.0642226338387, 0.0571042746305, 0.0746856257319, 0.0775947347283, 0.0796721801162, 0.0720182135701, 0.0523537136614, 0.0434490442276, 0.0518347136676, 0.0604503713548, 0.0498135387897, 0.0295420568436, 0.0408805087209, 0.0496725924313, 0.0613548383117], "min": [0, 0, 0, 0, 0, 0, 0, 0, 0, 0, 0, 0, 0, 0, 0, 0, 0, 0, 0, 0, 0, 0, 0, 0, 0, 0, 0, 0, 0, 0, 0, 0, 0, 0, 0, 0], "var": [0.130494132638, 0.0521177388728, 0.0410834662616, 0.0938027128577, 0.0674887001514, 0.0283316634595, 0.0431284159422, 0.0198993235826, 0.0228299405426, 0.0531089305878, 0.024017052725, 0.0152037320659, 0.0292276907712, 0.0200903881341, 0.0342914313078, 0.158471852541, 0.115656554699, 0.015654746443, 0.0119716208428, 0.0122494315729, 0.0603689514101, 0.106251865625, 0.0482424646616, 0.0533106587827, 0.0942834466696, 0.0430082120001, 0.0293080694973, 0.0297582168132, 0.0160751417279, 0.0542970709503, 0.0973527953029, 0.029918724671, 0.0105181345716, 0.0185979064554, 0.0200879685581, 0.0649701878428], "median": [0.0537715889513, 0.0430627688766, 0.0207073315978, 0.0177021529526, 0.0180553738028, 0.00876033585519, 0.00487524596974, 0.0040333699435, 0.00491378642619, 0.00659249024466, 0.00759285036474, 0.00683600455523, 0.00748525187373, 0.00857669301331, 0.0582276247442, 0.0813510119915, 0.0462087728083, 0.012008885853, 0.00169246224687, 0.00562192499638, 0.023516824469, 0.0384824946523, 0.0308864191175, 0.0219153296202, 0.0234245527536, 0.0119094559923, 0.00252392585389, 0.00204321625642, 0.00488938484341, 0.0139113627374, 0.0163556989282, 0.0131001276895, 0.00334450835362, 0.00310646533035, 0.00604722695425, 0.0338153764606]}}, "lowlevel": {"melbands_flatness_db": {"dmean": 0.0193384084851, "dmean2": 0.0289768222719, "max": 0.670349836349, "dvar": 0.000539873319212, "mean": 0.295532494783, "dvar2": 0.00115412147716, "min": 0.00697387196124, "var": 0.0132320225239, "median": 0.289563775063}, "melbands_crest": {"dmean": 1.92095565796, "dmean2": 3.05313062668, "max": 33.1957054138, "dvar": 4.71719837189, "mean": 15.6205558777, "dvar2": 11.8400917053, "min": 2.67182970047, "var": 31.4568328857, "median": 15.0012722015}, "spectral_entropy": {"dmean": 0.164645597339, "dmean2": 0.245140001178, "max": 9.81619548798, "dvar": 0.0457136519253, "mean": 6.94117593765, "dvar2": 0.0996322780848, "min": 4.64123535156, "var": 0.493929177523, "median": 6.95319700241}, "melbands": {"dmean": [0.000281139858998, 0.000513911596499, 0.000409643078456, 0.000284860143438, 0.000156641981448, 0.000156022404553, 0.000141636424814, 8.9396860858e-05, 5.76352358621e-05, 9.07350695343e-05, 3.23031199514e-05, 4.6713892516e-05, 3.24093452946e-05, 3.07658156089e-05, 2.74685990007e-05, 2.01059210667e-05, 1.04096370706e-05, 1.21264838526e-05, 7.39099687053e-06, 1.2273190805e-05, 6.8578583523e-06, 3.81828613172e-06, 4.98264853377e-06, 2.99367275147e-06, 4.13585757997e-06, 3.22856863022e-06, 3.15220290759e-06, 2.32767615671e-06, 1.33147557335e-06, 8.68959375566e-07, 7.01128215042e-07, 7.32285286631e-07, 6.54724601645e-07, 4.94039227306e-07, 4.59335524283e-07, 5.71298812702e-07, 5.97018981807e-07, 2.97698477425e-07, 2.54784566778e-07, 1.69017184248e-07], "dmean2": [0.000462947849883, 0.00086468301015, 0.000670147244819, 0.000458606955362, 0.000249547418207, 0.000244840048254, 0.000210555284866, 0.000136480128276, 8.73682438396e-05, 0.000125648075482, 4.77630928799e-05, 6.76268682582e-05, 5.03296068928e-05, 4.78973015561e-05, 4.07721781812e-05, 3.02450298477e-05, 1.68858969118e-05, 1.96204637177e-05, 1.18384396046e-05, 2.03058116313e-05, 1.10780647447e-05, 6.19145748715e-06, 8.09096854937e-06, 4.83574876853e-06, 6.85258328303e-06, 5.32497097083e-06, 5.12191445523e-06, 3.75630452254e-06, 2.1498847218e-06, 1.40898805512e-06, 1.12926693419e-06, 1.18140576433e-06, 1.06676486666e-06, 7.9790078189e-07, 7.28632130631e-07, 9.07200501388e-07, 9.44341479681e-07, 4.5383444558e-07, 3.86367986493e-07, 2.45554588219e-07], "max": [0.0140861095861, 0.0191110502928, 0.0183741077781, 0.00879810843617, 0.00677073886618, 0.00672484142706, 0.0086586214602, 0.00709291314706, 0.00585990864784, 0.0115052545443, 0.00427867239341, 0.00416159629822, 0.00530253211036, 0.004952554591, 0.00898886099458, 0.00626388285309, 0.00106777984183, 0.00108946475666, 0.000840010936372, 0.00102055689786, 0.000576355610974, 0.000398262811359, 0.000581915373914, 0.000255703314906, 0.000250817858614, 0.000308154878439, 0.000378239346901, 0.000186783523532, 9.29817906581e-05, 6.45150357741e-05, 7.44678472984e-05, 7.63740463299e-05, 8.11976860859e-05, 7.01325479895e-05, 5.48677890038e-05, 0.000165509729413, 0.00014303145872, 3.82818725484e-05, 6.2816987338e-05, 2.76325808954e-05], "dvar": [5.30968804924e-07, 1.70522048393e-06, 9.19880960737e-07, 3.29129591137e-07, 8.37457889702e-08, 9.62696589113e-08, 1.38878860412e-07, 5.840790962e-08, 2.98630844497e-08, 6.58383640939e-08, 9.86175141549e-09, 2.09003481189e-08, 1.09133528881e-08, 1.78753758462e-08, 2.28039684913e-08, 1.79598007577e-08, 1.01940689223e-09, 1.55144286307e-09, 3.81450232512e-10, 1.36833577802e-09, 3.87091969589e-10, 1.0895413044e-10, 2.1896280622e-10, 6.92163687477e-11, 1.31141028592e-10, 1.14333133239e-10, 9.0507046302e-11, 4.22645633769e-11, 1.55382772621e-11, 6.65909254821e-12, 6.4388589946e-12, 6.89122890696e-12, 6.77244588534e-12, 3.76213947148e-12, 3.27333928192e-12, 1.03777646199e-11, 1.00736537167e-11, 1.35013864238e-12, 1.44459986508e-12, 5.45208518089e-13], "mean": [0.00101943546906, 0.00148490187712, 0.000789329758845, 0.000649076653644, 0.000415732210968, 0.000399293610826, 0.000342226499924, 0.000198881127289, 0.000140376301715, 0.000216864515096, 7.56876397645e-05, 0.000112109693873, 7.18466690159e-05, 5.69955991523e-05, 4.94859050377e-05, 3.74979790649e-05, 2.07778066397e-05, 2.21319587581e-05, 1.59534301929e-05, 2.30645218835e-05, 1.44338227983e-05, 8.42716417537e-06, 1.0392650438e-05, 6.58350563754e-06, 8.4590537881e-06, 6.85099485054e-06, 7.1010767897e-06, 5.04250374433e-06, 2.85064902528e-06, 1.74713011347e-06, 1.41684085975e-06, 1.4512869484e-06, 1.19178480418e-06, 9.29238296976e-07, 8.55968494307e-07, 1.03622483039e-06, 1.11422468763e-06, 5.53876589038e-07, 4.49255395552e-07, 2.7971574923e-07], "dvar2": [1.41826205891e-06, 4.77082176076e-06, 2.46127046921e-06, 8.61095884375e-07, 2.20942297346e-07, 2.46222413125e-07, 3.27706857206e-07, 1.35866216056e-07, 6.78220715145e-08, 1.11599391062e-07, 1.97050162853e-08, 4.27812736348e-08, 2.53736835987e-08, 4.02581044057e-08, 4.25985682284e-08, 3.95845916046e-08, 2.60466404001e-09, 4.01938482497e-09, 9.2623569925e-10, 3.91229093566e-09, 9.8515151592e-10, 2.76340950123e-10, 5.4658966242e-10, 1.79277259704e-10, 3.513781488e-10, 3.17578824349e-10, 2.37295294525e-10, 1.06411185419e-10, 3.86903321881e-11, 1.69767620101e-11, 1.64123523799e-11, 1.77558454051e-11, 1.83579436375e-11, 1.01568285032e-11, 8.36667540804e-12, 2.31675147816e-11, 2.41207800261e-11, 2.92126869569e-12, 3.51400831176e-12, 1.23084864783e-12], "min": [7.20192377802e-24, 2.86621281869e-23, 1.98893606767e-23, 2.83510968981e-24, 5.76507714246e-24, 7.90850649082e-24, 9.397211659e-24, 7.7357293865e-24, 7.25157468339e-24, 9.72131752849e-24, 9.6377172052e-24, 6.12773622211e-24, 2.01008258864e-23, 1.02141386575e-23, 5.59967352102e-24, 1.32579639823e-23, 1.82403447731e-23, 5.30033670066e-24, 3.56587651139e-24, 1.22586405096e-23, 1.61543220161e-23, 8.67087981343e-24, 1.60117006976e-23, 8.6264480118e-24, 8.99738145349e-24, 1.37648718005e-23, 8.40881627641e-24, 6.83773509707e-24, 1.00784104056e-23, 1.07050704647e-23, 9.09901987024e-24, 9.19779235532e-24, 1.11958634323e-23, 1.1279824265e-23, 1.50549701918e-23, 1.18673457791e-23, 1.28895533178e-23, 9.29401918626e-24, 8.7858515572e-24, 1.15100209769e-23], "var": [1.21873790704e-06, 2.03585386771e-06, 1.51680774252e-06, 8.85443739662e-07, 3.06581284804e-07, 4.15246944385e-07, 4.30531486018e-07, 1.8113902911e-07, 9.11461270903e-08, 2.94258740041e-07, 3.89889009966e-08, 8.17346972326e-08, 5.23665484309e-08, 3.76730433516e-08, 4.64295801805e-08, 3.0958137387e-08, 2.75478351242e-09, 3.16172510395e-09, 1.64136326752e-09, 3.08613490319e-09, 1.05881636792e-09, 2.95162089214e-10, 5.7645549445e-10, 2.04724723285e-10, 3.38277045264e-10, 2.84199774825e-10, 2.68484040555e-10, 1.18588416864e-10, 3.89477443352e-11, 1.56197936529e-11, 1.2285784369e-11, 1.42957633578e-11, 1.4940167159e-11, 7.17703457428e-12, 5.56725282194e-12, 2.01594435589e-11, 2.37402372066e-11, 3.68019763969e-12, 2.38664925496e-12, 8.7819720029e-13], "median": [0.00061091419775, 0.00119206134696, 0.000331648276187, 0.000277267827187, 0.000191923449165, 0.000117562856758, 8.13798833406e-05, 3.69924964616e-05, 2.77168583125e-05, 2.13325856748e-05, 9.35375464906e-06, 1.02733274616e-05, 4.91826631333e-06, 3.11373014483e-06, 3.01615227727e-06, 2.81996926788e-06, 1.61473190019e-06, 1.64147172654e-06, 1.32005027353e-06, 1.55187785822e-06, 1.25444989862e-06, 8.56540566474e-07, 9.33798730784e-07, 6.93220840731e-07, 5.15331294082e-07, 4.46254432518e-07, 4.12877113831e-07, 2.65092864993e-07, 2.08484649988e-07, 1.40107275115e-07, 6.13532407101e-08, 5.93919153857e-08, 5.98494196424e-08, 3.26607221268e-08, 6.52329532613e-08, 7.65584289297e-08, 7.8474911902e-08, 6.12555197677e-08, 4.0166863613e-08, 3.41100196977e-08]}, "silence_rate_60dB": {"dmean": 0.0214329995215, "dmean2": 0.0428697951138, "max": 1, "dvar": 0.0209722090513, "mean": 0.0826248675585, "dvar2": 0.0495294295251, "min": 0, "var": 0.075800396502, "median": 0}, "spectral_energyband_middle_high": {"dmean": 0.000961785844993, "dmean2": 0.00139276334085, "max": 0.0972501784563, "dvar": 7.79233778303e-06, "mean": 0.00345336506143, "dvar2": 1.62304986588e-05, "min": 1.63128559212e-21, "var": 3.37789242622e-05, "median": 0.000547856441699}, "erbbands_skewness": {"dmean": 0.305074125528, "dmean2": 0.461247414351, "max": 5.21903848648, "dvar": 0.137356936932, "mean": 0.896056830883, "dvar2": 0.294768452644, "min": -8.20092391968, "var": 0.937430918217, "median": 0.790422797203}, "dynamic_complexity": 5.25519943237, "dissonance": {"dmean": 0.0243003889918, "dmean2": 0.0406880155206, "max": 0.500000059605, "dvar": 0.000554783036932, "mean": 0.433417022228, "dvar2": 0.00149721396156, "min": 0.219470962882, "var": 0.00209865532815, "median": 0.444247961044}, "spectral_skewness": {"dmean": 0.293214648962, "dmean2": 0.481536775827, "max": 7.86846160889, "dvar": 0.115276411176, "mean": 2.11184167862, "dvar2": 0.288153082132, "min": -0.500364840031, "var": 0.915945112705, "median": 1.96569347382}, "spectral_kurtosis": {"dmean": 2.68865180016, "dmean2": 4.55191659927, "max": 90.2859039307, "dvar": 12.9558496475, "mean": 8.06772136688, "dvar2": 35.1924819946, "min": -1.38379192352, "var": 58.4131202698, "median": 5.74107646942}, "gfcc": {"cov": [[14085.9316406, -1368.31762695, -3693.9675293, 241.345169067, -1195.15441895, -152.17980957, -919.747070313, -43.1972732544, -704.337036133, -180.729690552, -325.739868164, -166.431732178, -8.00812149048], [-1368.31762695, 1132.8963623, 97.0616073608, -149.552688599, 330.609771729, -191.852539063, 172.768692017, -86.5389938354, 158.75177002, -98.7014694214, 174.562423706, -60.5021820068, 82.0623321533], [-3693.9675293, 97.0616073608, 1706.09973145, 27.6552867889, 249.006393433, 170.645950317, 140.485809326, 59.0430603027, 165.805892944, 121.173965454, 21.270942688, 128.079116821, -28.1310253143], [241.345169067, -149.552688599, 27.6552867889, 391.767456055, -50.1076469421, 2.36280083656, 2.46652984619, -23.6829357147, 39.5460243225, -37.3274612427, -0.367525428534, 18.9118537903, 35.3603515625], [-1195.15441895, 330.609771729, 249.006393433, -50.1076469421, 338.653961182, -13.4055109024, 113.111549377, 20.820772171, 72.7709884644, 10.1585378647, 72.5550765991, 19.8975791931, 30.302444458], [-152.17980957, -191.852539063, 170.645950317, 2.36280083656, -13.4055109024, 241.214996338, 50.3497657776, 21.313243866, 7.54688882828, 50.269569397, -1.14981901646, 22.1762008667, -8.39978790283], [-919.747070313, 172.768692017, 140.485809326, 2.46652984619, 113.111549377, 50.3497657776, 254.124664307, 28.0042285919, 79.6715545654, 36.8512954712, 50.8885726929, 9.50118350983, 20.000213623], [-43.1972732544, -86.5389938354, 59.0430603027, -23.6829357147, 20.820772171, 21.313243866, 28.0042285919, 151.859970093, 32.8135566711, 47.2367706299, 8.98693466187, 28.6922912598, 24.078453064], [-704.337036133, 158.75177002, 165.805892944, 39.5460243225, 72.7709884644, 7.54688882828, 79.6715545654, 32.8135566711, 155.360183716, 24.9500179291, 48.9515838623, 10.9384317398, 28.9474716187], [-180.729690552, -98.7014694214, 121.173965454, -37.3274612427, 10.1585378647, 50.269569397, 36.8512954712, 47.2367706299, 24.9500179291, 125.421066284, 15.5761060715, 20.1600513458, -9.62490558624], [-325.739868164, 174.562423706, 21.270942688, -0.367525428534, 72.5550765991, -1.14981901646, 50.8885726929, 8.98693466187, 48.9515838623, 15.5761060715, 128.297836304, 27.1827087402, 27.0276222229], [-166.431732178, -60.5021820068, 128.079116821, 18.9118537903, 19.8975791931, 22.1762008667, 9.50118350983, 28.6922912598, 10.9384317398, 20.1600513458, 27.1827087402, 111.832557678, 35.3311386108], [-8.00812149048, 82.0623321533, -28.1310253143, 35.3603515625, 30.302444458, -8.39978790283, 20.000213623, 24.078453064, 28.9474716187, -9.62490558624, 27.0276222229, 35.3311386108, 118.911048889]], "mean": [-78.4381408691, 127.456321716, -92.8804016113, 34.7357177734, -54.7548522949, 12.1373701096, -34.0166969299, 6.98964691162, -16.6371631622, -5.10598516464, -4.61632490158, -7.82158899307, -4.30919361115], "icov": [[0.00040226985584, -0.000516267260537, 0.000846796610858, -0.000635708041955, 0.000581681786571, -0.000650960020721, 0.000977976596914, -0.000694788584951, 0.000899593927898, -0.00079050444765, 0.000733554305043, -0.000639150617644, 0.00029491976602], [-0.000516267260537, 0.0046495446004, -0.00152772956062, 0.00292192818597, -0.0023335609585, 0.00336236343719, -0.0026995385997, 0.00340941501781, -0.00359061406925, 0.00408440874889, -0.00452306307852, 0.00368577404879, -0.00274031609297], [0.000846796610858, -0.00152772956062, 0.0027569795493, -0.00167554512154, 0.000715641013812, -0.00212184037082, 0.00227889930829, -0.0015882733278, 0.00128894683439, -0.00243923766539, 0.00260446872562, -0.00275250384584, 0.00158251193352], [-0.000635708041955, 0.00292192818597, -0.00167554512154, 0.00511639332399, -0.000961464946158, 0.00227312254719, -0.00242927670479, 0.00299446005374, -0.00382216949947, 0.00388750666752, -0.00289874360897, 0.00200170860626, -0.00246005924419], [0.000581681786571, -0.0023335609585, 0.000715641013812, -0.000961464946158, 0.00603630533442, -0.00114722084254, 0.000575894431677, -0.00211776932701, 0.0019168126164, -0.0015359459212, 0.000717124028597, -0.00166740536224, 0.000558967585675], [-0.000650960020721, 0.00336236343719, -0.00212184037082, 0.00227312254719, -0.00114722084254, 0.00772306369618, -0.0036135178525, 0.00259619997814, -0.00228709843941, 0.00184016278945, -0.00338576710783, 0.00252372468822, -0.001896793372], [0.000977976596914, -0.0026995385997, 0.00227889930829, -0.00242927670479, 0.000575894431677, -0.0036135178525, 0.00848538335413, -0.00271516828798, 0.00126375665423, -0.00381858390756, 0.00236683851108, -0.00205692066811, 0.00136741786264], [-0.000694788584951, 0.00340941501781, -0.0015882733278, 0.00299446005374, -0.00211776932701, 0.00259619997814, -0.00271516828798, 0.0110617186874, -0.00454181665555, 0.000599125633016, -0.00252635078505, 0.00140719406772, -0.00341577432118], [0.000899593927898, -0.00359061406925, 0.00128894683439, -0.00382216949947, 0.0019168126164, -0.00228709843941, 0.00126375665423, -0.00454181665555, 0.0136584071442, -0.00443992111832, 0.001147844363, -0.00122144748457, 0.000454807159258], [-0.00079050444765, 0.00408440874889, -0.00243923766539, 0.00388750666752, -0.0015359459212, 0.00184016278945, -0.00381858390756, 0.000599125633016, -0.00443992111832, 0.0149110266939, -0.00526993442327, 0.00253835623153, -0.000831290148199], [0.000733554305043, -0.00452306307852, 0.00260446872562, -0.00289874360897, 0.000717124028597, -0.00338576710783, 0.00236683851108, -0.00252635078505, 0.001147844363, -0.00526993442327, 0.0152949793264, -0.00638645840809, 0.00205566780642], [-0.000639150617644, 0.00368577404879, -0.00275250384584, 0.00200170860626, -0.00166740536224, 0.00252372468822, -0.00205692066811, 0.00140719406772, -0.00122144748457, 0.00253835623153, -0.00638645840809, 0.0154574578628, -0.00580721488222], [0.00029491976602, -0.00274031609297, 0.00158251193352, -0.00246005924419, 0.000558967585675, -0.001896793372, 0.00136741786264, -0.00341577432118, 0.000454807159258, -0.000831290148199, 0.00205566780642, -0.00580721488222, 0.0126920165494]]}, "spectral_complexity": {"dmean": 1.7895668745, "dmean2": 2.83950400352, "max": 63, "dvar": 5.94086742401, "mean": 13.3463516235, "dvar2": 12.2304239273, "min": 0, "var": 145.998123169, "median": 8}, "spectral_flux": {"dmean": 0.0137517498806, "dmean2": 0.0215324684978, "max": 0.282362312078, "dvar": 0.000417197588831, "mean": 0.0470526963472, "dvar2": 0.000892960000783, "min": 1.05016446927e-10, "var": 0.00162730738521, "median": 0.0330315157771}, "spectral_energyband_low": {"dmean": 0.00225524324924, "dmean2": 0.00377133348957, "max": 0.0954427197576, "dvar": 3.12380689138e-05, "mean": 0.00718990294263, "dvar2": 8.59895444592e-05, "min": 1.4246128702e-22, "var": 3.97715484723e-05, "median": 0.00570334820077}, "spectral_decrease": {"dmean": 1.12439191291e-09, "dmean2": 1.7450868528e-09, "max": 1.80414642868e-17, "dvar": 4.33566097684e-18, "mean": -5.11027042904e-09, "dvar2": 1.06340619014e-17, "min": -3.4014423278e-08, "var": 1.81520533716e-17, "median": -3.71943098543e-09}, "barkbands_spread": {"dmean": 2.65561580658, "dmean2": 4.01799726486, "max": 150.348571777, "dvar": 27.5266971588, "mean": 12.5129404068, "dvar2": 57.6872787476, "min": 0.106800548732, "var": 128.257125854, "median": 9.71649742126}, "spectral_rms": {"dmean": 0.00043357690447, "dmean2": 0.000652148912195, "max": 0.0114618083462, "dvar": 4.14782050484e-07, "mean": 0.00406441092491, "dvar2": 9.62227318269e-07, "min": 3.28016259987e-12, "var": 3.36620382768e-06, "median": 0.00376053340733}, "spectral_centroid": {"dmean": 124.56199646, "dmean2": 190.942733765, "max": 10937.7050781, "dvar": 47963.4335938, "mean": 799.280822754, "dvar2": 95049.7421875, "min": 92.8854141235, "var": 303734.53125, "median": 651.605163574}, "barkbands_skewness": {"dmean": 0.510109901428, "dmean2": 0.774137020111, "max": 36.541885376, "dvar": 0.500191390514, "mean": 2.82262253761, "dvar2": 1.1010607481, "min": -5.88183403015, "var": 10.4335651398, "median": 1.98619413376}, "spectral_rolloff": {"dmean": 185.747009277, "dmean2": 323.073272705, "max": 21296.3378906, "dvar": 384007.65625, "mean": 747.799499512, "dvar2": 890792.1875, "min": 64.599609375, "var": 887523.0625, "median": 473.73046875}, "erbbands_spread": {"dmean": 6.52781963348, "dmean2": 9.99213600159, "max": 159.454162598, "dvar": 105.013122559, "mean": 33.879535675, "dvar2": 230.098983765, "min": 0.742705404758, "var": 439.532226563, "median": 30.3698501587}, "barkbands": {"dmean": [8.70743497217e-06, 0.00130834197626, 0.00091602728935, 0.000989906489849, 0.00113096123096, 0.000785459531471, 0.000699854863342, 0.00034526802483, 0.000525969953742, 0.000307844340568, 0.00024545454653, 0.000262460089289, 0.000230341902352, 0.000107758627564, 0.000133690889925, 0.000147514263517, 8.64737521624e-05, 6.19640704826e-05, 8.28555275803e-05, 7.71131090005e-05, 3.42057501257e-05, 3.23751737596e-05, 2.7001799026e-05, 3.3417254599e-05, 1.63367767527e-05, 4.58399381387e-06, 4.94143193919e-07], "dmean2": [1.40912252391e-05, 0.00217655720189, 0.00156149617396, 0.00162764731795, 0.00182473950554, 0.0012270322768, 0.00103796867188, 0.000536214618478, 0.000739989511203, 0.000443720782641, 0.000380695564672, 0.000408321153373, 0.000337858073181, 0.000175347347977, 0.000214801519178, 0.00024210169795, 0.000140791467857, 9.9948119896e-05, 0.000136754213599, 0.00012291969324, 5.40088658454e-05, 5.20450703334e-05, 4.24871941505e-05, 5.10388781549e-05, 2.44374423346e-05, 7.17365583114e-06, 7.43161535866e-07], "max": [0.000855529448017, 0.0597565881908, 0.0402654409409, 0.0416649580002, 0.036036323756, 0.0302822254598, 0.042274158448, 0.0490885637701, 0.0582222156227, 0.0268569104373, 0.0345272310078, 0.0347790159285, 0.0956450551748, 0.00972738489509, 0.00849747098982, 0.0103302104399, 0.00818089209497, 0.00542500568554, 0.00588158890605, 0.00612805690616, 0.00258341152221, 0.00240591028705, 0.00407221494243, 0.00763473799452, 0.00311317481101, 0.000804421841167, 0.000129265536088], "dvar": [9.75404423897e-10, 1.12175221147e-05, 5.82459961151e-06, 5.72395902054e-06, 4.96433676744e-06, 2.21165487346e-06, 3.31819001076e-06, 1.41436635204e-06, 1.91515664483e-06, 7.8811962112e-07, 6.33790307347e-07, 1.17957677048e-06, 2.85391843136e-06, 1.1343067996e-07, 1.3593262338e-07, 1.76191406354e-07, 5.78423815512e-08, 2.90011907822e-08, 5.7763120509e-08, 4.66839580326e-08, 1.19227472339e-08, 1.28662449583e-08, 1.21929755181e-08, 2.67985882374e-08, 8.18204171082e-09, 7.51680495625e-10, 7.49856166743e-12], "mean": [1.59004794114e-05, 0.0044744363986, 0.00195255759172, 0.00170151353814, 0.00269690505229, 0.00206387112848, 0.00163385272026, 0.000680667930283, 0.00128007784951, 0.00070735393092, 0.000538667605724, 0.000470060273074, 0.000410024251323, 0.000211638907786, 0.000259034859482, 0.00028719328111, 0.000183059775736, 0.000144796998939, 0.00019294024969, 0.000184011369129, 7.52128908061e-05, 6.85393242748e-05, 5.23414382769e-05, 6.91008463036e-05, 2.3641037842e-05, 4.78373431179e-06, 5.68881318941e-07], "dvar2": [2.57851917596e-09, 3.04668974422e-05, 1.66370136867e-05, 1.5487876226e-05, 1.30955731947e-05, 5.73006582272e-06, 7.77506556915e-06, 3.22500522998e-06, 3.38674090017e-06, 1.52640586748e-06, 1.48346555306e-06, 2.63894344243e-06, 5.60171065445e-06, 2.93202901958e-07, 3.49225757645e-07, 4.88636658247e-07, 1.4640295376e-07, 7.37405301265e-08, 1.58199100042e-07, 1.16754108603e-07, 2.98688682676e-08, 3.32875771392e-08, 3.16838750791e-08, 6.31074499324e-08, 2.04470662624e-08, 2.00789074256e-09, 1.92348151296e-11], "min": [2.15482306363e-24, 3.34251598921e-23, 7.64435752111e-23, 3.47066234119e-23, 2.07372820202e-23, 3.89614330566e-23, 4.24100868097e-23, 2.42135601044e-23, 7.29013120677e-23, 4.80960226651e-23, 1.39499360445e-22, 6.83438291154e-23, 9.79387979445e-23, 1.69098103185e-22, 4.07142441227e-23, 2.36778708538e-22, 1.76509659649e-22, 2.23360550572e-22, 3.27240354657e-22, 2.04448916723e-22, 4.61737781605e-22, 5.47154529706e-22, 7.56906308274e-22, 9.13758816342e-22, 1.16984967288e-21, 1.90903975556e-21, 2.52157709658e-21], "var": [1.20381138391e-09, 2.20131169044e-05, 6.78713786328e-06, 9.70414384938e-06, 1.38574941957e-05, 9.80757249636e-06, 1.05626413642e-05, 3.54678650183e-06, 8.86560155777e-06, 3.21950142279e-06, 2.89963759315e-06, 2.58937529907e-06, 5.26443773197e-06, 3.09093394435e-07, 3.38818921364e-07, 4.57089811334e-07, 1.4270074189e-07, 9.95053071051e-08, 1.73231072154e-07, 1.56659851314e-07, 2.86963555141e-08, 3.35106697946e-08, 2.10480557428e-08, 6.72786200084e-08, 9.05823771546e-09, 5.7519072838e-10, 6.56874858326e-12], "median": [1.45583226185e-06, 0.0026828777045, 0.00114008237142, 0.000348616653355, 0.00122530432418, 0.000688698433805, 0.000318045553286, 8.1850324932e-05, 0.000135079520987, 7.22060940461e-05, 3.52228671545e-05, 2.20867168537e-05, 2.84980160359e-05, 1.44738423842e-05, 2.13654384424e-05, 1.88109061128e-05, 1.80858278327e-05, 1.53700038936e-05, 1.3323406165e-05, 1.02624990177e-05, 5.97368352828e-06, 3.03746082864e-06, 3.74159662897e-06, 5.92633341512e-06, 2.56490079664e-06, 3.42335567893e-07, 6.45548183797e-08]}, "melbands_kurtosis": {"dmean": 9.27612876892, "dmean2": 14.4901561737, "max": 644.400146484, "dvar": 415.280273438, "mean": 29.3139095306, "dvar2": 951.716552734, "min": -1.95170891285, "var": 2333.29199219, "median": 12.221578598}, "erbbands_crest": {"dmean": 2.14188718796, "dmean2": 3.28292942047, "max": 34.2671813965, "dvar": 5.11820554733, "mean": 11.0960597992, "dvar2": 11.7024297714, "min": 2.37403917313, "var": 30.285779953, "median": 9.83414840698}, "melbands_skewness": {"dmean": 0.618200421333, "dmean2": 0.943377256393, "max": 18.7055015564, "dvar": 0.74097764492, "mean": 3.23843455315, "dvar2": 1.66809606552, "min": -2.85030889511, "var": 4.97605657578, "median": 2.67733836174}, "spectral_energyband_middle_low": {"dmean": 0.00272669806145, "dmean2": 0.00416097231209, "max": 0.0775216221809, "dvar": 2.34548733715e-05, "mean": 0.010185694322, "dvar2": 5.60899570701e-05, "min": 2.65122392511e-22, "var": 0.000125644306536, "median": 0.00570393912494}, "spectral_contrast_coeffs": {"dmean": [0.0410236790776, 0.0377793908119, 0.0325767546892, 0.0260759964585, 0.0192697327584, 0.0139404507354], "dmean2": [0.0682965368032, 0.0613136254251, 0.0518431738019, 0.0425940193236, 0.0312007199973, 0.0222619120032], "max": [-0.325675398111, -0.3850261271, -0.388626694679, -0.478235840797, -0.537899434566, -0.584844410419], "dvar": [0.00123902212363, 0.00108009681571, 0.000765015662182, 0.000502285256516, 0.000315096869599, 0.000220471876673], "mean": [-0.641912102699, -0.688674151897, -0.736431717873, -0.777407407761, -0.794211506844, -0.795625925064], "dvar2": [0.00332201248966, 0.0028150700964, 0.00183106935583, 0.00124359596521, 0.000732510583475, 0.000515978899784], "min": [-0.945764064789, -0.968124032021, -0.953759908676, -0.96290576458, -0.960761070251, -0.963023304939], "var": [0.00600238470361, 0.00631302548572, 0.00611595297232, 0.00406711688265, 0.0031642653048, 0.00238233665004], "median": [-0.64407491684, -0.692793369293, -0.746622920036, -0.786733150482, -0.799397885799, -0.805235505104]}, "spectral_contrast_valleys": {"dmean": [0.354764252901, 0.300543010235, 0.285392016172, 0.255142480135, 0.232914045453, 0.288944303989], "dmean2": [0.593225419521, 0.489774465561, 0.461385130882, 0.406151771545, 0.356174200773, 0.390142440796], "max": [-5.22203826904, -4.3385682106, -5.06590080261, -5.26775741577, -5.64488220215, -7.55078983307], "dvar": [0.106308929622, 0.0839758589864, 0.0827674865723, 0.0787755325437, 0.0827374085784, 0.188960537314], "mean": [-7.39070796967, -7.38093805313, -8.28171253204, -8.82660102844, -8.80861186981, -11.1300754547], "dvar2": [0.254092216492, 0.176524370909, 0.167029798031, 0.150310873985, 0.148871824145, 0.365591049194], "min": [-27.5300941467, -27.0386219025, -27.4667415619, -27.3922710419, -27.2407245636, -27.1136875153], "var": [0.927691042423, 1.53238880634, 2.00882911682, 2.2599272728, 2.39144897461, 1.82563781738], "median": [-7.17410850525, -7.40156650543, -8.43362617493, -9.03559494019, -9.03249931335, -11.1354637146]}, "silence_rate_20dB": {"dmean": 0, "dmean2": 0, "max": 1, "dvar": 0, "mean": 1, "dvar2": 0, "min": 1, "var": 0, "median": 1}, "silence_rate_30dB": {"dmean": 0.00106279342435, "dmean2": 0.00212577497587, "max": 1, "dvar": 0.00106156710535, "mean": 0.999380111694, "dvar2": 0.00300660100766, "min": 0, "var": 0.000619573518634, "median": 1}, "spectral_strongpeak": {"dmean": 0.316798716784, "dmean2": 0.52869528532, "max": 22.1873435974, "dvar": 0.512070477009, "mean": 0.766449332237, "dvar2": 1.24346494675, "min": 0, "var": 1.17381477356, "median": 0.34285518527}, "spectral_spread": {"dmean": 526274.375, "dmean2": 782213.1875, "max": 39598464, "dvar": 683973541888, "mean": 4185953.75, "dvar2": 1252732698620.0, "min": 1014073.625, "var": 2912586039300.0, "median": 3836398.5}, "barkbands_flatness_db": {"dmean": 0.0170509889722, "dmean2": 0.0250427890569, "max": 0.521908164024, "dvar": 0.00039300089702, "mean": 0.216356530786, "dvar2": 0.000823357608169, "min": 0.0419294200838, "var": 0.00830208230764, "median": 0.208186417818}, "pitch_salience": {"dmean": 0.0480070710182, "dmean2": 0.0762496069074, "max": 0.827804863453, "dvar": 0.00265136011876, "mean": 0.461789131165, "dvar2": 0.00645305356011, "min": 0.0258368011564, "var": 0.0260344687849, "median": 0.478235542774}, "erbbands_kurtosis": {"dmean": 1.30558729172, "dmean2": 2.01715230942, "max": 98.5418777466, "dvar": 9.84984397888, "mean": 2.2814142704, "dvar2": 23.7949485779, "min": -1.92388689518, "var": 24.7856426239, "median": 0.727210640907}, "average_loudness": 0.695011138916, "barkbands_crest": {"dmean": 1.65044999123, "dmean2": 2.5701944828, "max": 26.6249370575, "dvar": 3.44073414803, "mean": 12.8159694672, "dvar2": 8.4538602829, "min": 2.79195094109, "var": 36.7130584717, "median": 11.3319835663}, "hfc": {"dmean": 2.69752597809, "dmean2": 3.86751627922, "max": 175.591537476, "dvar": 46.4685821533, "mean": 12.0773391724, "dvar2": 102.651794434, "min": 1.21149931306e-16, "var": 258.707275391, "median": 4.47427558899}, "barkbands_kurtosis": {"dmean": 6.56543874741, "dmean2": 10.1945142746, "max": 1721.77075195, "dvar": 458.663757324, "mean": 27.2141284943, "dvar2": 1149.32275391, "min": -1.95981907845, "var": 9294.18457031, "median": 5.8274936676}, "erbbands": {"dmean": [0.0209640860558, 0.352957069874, 1.03714096546, 2.05092024803, 3.76160430908, 4.11344909668, 4.76454734802, 7.31358766556, 8.92928886414, 8.42919445038, 7.01387929916, 14.5658092499, 6.58411026001, 11.061167717, 8.72670555115, 11.7958374023, 10.9171590805, 5.71633052826, 7.32525634766, 5.85922765732, 6.45552682877, 3.63305401802, 3.59222435951, 4.46428585052, 3.7644276619, 3.69837331772, 1.75899255276, 1.19850039482, 1.15488886833, 0.95224493742, 0.783971488476, 0.934243202209, 0.390319347382, 0.209134563804, 0.10278442502, 0.0318320356309, 0.00673558842391, 0.000949206296355, 8.58990460983e-05, 8.36068738863e-06], "dmean2": [0.0342101752758, 0.588185250759, 1.75390553474, 3.45880055428, 5.95226621628, 6.76793432236, 7.51051950455, 11.5112762451, 13.3539428711, 12.8259162903, 10.7523269653, 20.1172161102, 9.61489486694, 16.0864944458, 13.5156593323, 17.980304718, 15.8783178329, 9.16177177429, 11.7378568649, 9.57141017914, 10.4238386154, 5.85125160217, 5.75433635712, 7.34231615067, 6.09522819519, 5.92355155945, 2.80715227127, 1.89029419422, 1.85359358788, 1.53080868721, 1.2288043499, 1.45650517941, 0.58331400156, 0.301203131676, 0.16018769145, 0.0509999878705, 0.0104491030797, 0.00142357847653, 0.000127826206153, 1.2509226508e-05], "max": [1.09478759766, 15.1542396545, 39.3266410828, 123.214126587, 192.628417969, 208.578948975, 215.542495728, 338.845062256, 581.09588623, 497.740814209, 841.642272949, 1709.32067871, 871.155395508, 919.958190918, 1604.40844727, 1524.59960938, 4692.56347656, 674.525085449, 579.921936035, 309.574737549, 478.376281738, 399.948547363, 345.435211182, 256.570007324, 443.561401367, 322.761199951, 133.625030518, 103.490653992, 117.318336487, 95.8121566772, 97.7431106567, 273.997283936, 48.0519943237, 36.1589431763, 26.1628017426, 6.03165912628, 1.23075556755, 0.188421204686, 0.0246304310858, 0.00142674846575], "dvar": [0.00309238187037, 0.809463322163, 7.16775178909, 25.4029655457, 81.5892791748, 78.1691589355, 82.0923843384, 224.473236084, 551.567199707, 497.185638428, 540.458312988, 1585.04431152, 405.398193359, 1168.11828613, 785.340515137, 2261.7722168, 6791.03710938, 340.976013184, 532.137878418, 208.323883057, 321.999420166, 104.645767212, 93.2385559082, 149.70980835, 152.664108276, 108.471389771, 28.9044399261, 16.6960849762, 16.9763050079, 12.5635890961, 8.83271503448, 24.892829895, 2.11687278748, 0.823995172977, 0.516206502914, 0.0453380718827, 0.00138446514029, 2.24487739615e-05, 2.36168361312e-07, 9.50958312096e-10], "mean": [0.0777330100536, 1.1779178381, 2.59736227989, 3.85538768768, 7.49721860886, 9.5814037323, 12.0779294968, 18.4189739227, 21.6270332336, 19.2800216675, 16.9861011505, 35.4014396667, 16.4981899261, 27.2137737274, 20.4860363007, 21.8903694153, 20.3124504089, 12.3199224472, 14.2033205032, 13.0825109482, 14.149269104, 8.82081890106, 8.99050617218, 10.186498642, 9.32697963715, 8.5555973053, 4.14963245392, 2.62852978706, 2.44859838486, 1.84114277363, 1.56635212898, 1.80926001072, 0.801514863968, 0.377532035112, 0.117426730692, 0.0319783873856, 0.00726090511307, 0.00111935613677, 0.000107307110738, 2.81888769678e-05], "dvar2": [0.00816880445927, 2.21745657921, 20.2532463074, 72.5027008057, 198.893356323, 215.54335022, 215.722549438, 573.15032959, 1305.89672852, 1153.22058105, 1233.36303711, 2714.51269531, 802.394226074, 2440.44165039, 1785.71350098, 4928.00732422, 13152.8447266, 870.579345703, 1377.41674805, 577.414978027, 843.190673828, 258.221008301, 236.538787842, 398.1328125, 416.841888428, 271.490142822, 71.1144714355, 42.0065689087, 43.2700691223, 33.7710380554, 21.4753818512, 58.7910995483, 4.48549461365, 1.8324239254, 1.37797546387, 0.123318195343, 0.00360462698154, 5.65003210795e-05, 6.09390667705e-07, 2.43936670863e-09], "min": [6.27475362578e-22, 9.43973991402e-21, 6.79668201447e-20, 1.41240210714e-19, 2.47674822907e-20, 8.88931713232e-20, 1.52058466506e-19, 3.44582246686e-19, 5.71667209672e-19, 7.38235225454e-19, 7.29496682668e-19, 1.49854087042e-18, 1.96959954975e-18, 1.8582273317e-18, 5.86754156865e-18, 3.0013030503e-18, 5.04835731108e-18, 9.23487266039e-18, 3.2063292777e-18, 5.01865780477e-18, 1.36998852463e-17, 1.08052585097e-17, 1.23329610122e-17, 1.19335212847e-17, 1.6140790182e-17, 1.14902401575e-17, 1.66305654771e-17, 1.68429887671e-17, 1.71554132301e-17, 2.09648032897e-17, 2.51821406294e-17, 2.0396915675e-17, 1.33226114776e-17, 1.26956888098e-17, 9.53057814885e-18, 7.81030717254e-18, 3.30904815258e-18, 1.21946212586e-18, 3.49501619036e-19, 3.43365612639e-20], "var": [0.00804325845093, 1.49611222744, 8.7855348587, 36.9579620361, 168.939208984, 215.087600708, 289.33380127, 950.623352051, 1682.35546875, 1624.60827637, 1467.36291504, 7219.42822266, 1648.89916992, 4481.24072266, 4273.53955078, 5144.41845703, 12532.8789063, 830.785095215, 1086.46166992, 669.992858887, 958.196533203, 310.238983154, 375.351074219, 446.638244629, 468.421264648, 338.934356689, 77.8377304077, 37.9924087524, 40.9064712524, 27.3506736755, 18.5345153809, 57.5906829834, 6.41765117645, 1.45590126514, 0.414170175791, 0.032604586333, 0.00114294805098, 2.09113986784e-05, 2.04807662385e-07, 1.27246124748e-09], "median": [0.0420693978667, 0.71172940731, 1.78362607956, 1.68538832664, 2.68854045868, 4.05254745483, 5.09851264954, 5.2213306427, 5.68361139297, 3.70454096794, 3.72453641891, 3.95927453041, 2.57869982719, 2.93950080872, 1.79851102829, 1.51722800732, 1.57442617416, 1.27875447273, 1.30448460579, 1.20260000229, 1.2542386055, 0.927492618561, 1.05409753323, 0.770899415016, 0.648995578289, 0.500006020069, 0.374715030193, 0.161005109549, 0.113111965358, 0.0793492347002, 0.12619882822, 0.133452892303, 0.0849373191595, 0.0449914857745, 0.0093940095976, 0.00203770864755, 0.000530953751877, 8.99494625628e-05, 2.11777733057e-05, 1.81416689884e-05]}, "spectral_energy": {"dmean": 0.00443010451272, "dmean2": 0.00684743700549, "max": 0.134657368064, "dvar": 6.79621807649e-05, "mean": 0.02038275823, "dvar2": 0.000164786353707, "min": 1.10284541793e-20, "var": 0.000300074461848, "median": 0.0144951501861}, "zerocrossingrate": {"dmean": 0.00541849061847, "dmean2": 0.00646598543972, "max": 0.634765625, "dvar": 8.40909415274e-05, "mean": 0.033976148814, "dvar2": 9.32858747547e-05, "min"