{"metadata": {"version": {"essentia_git_sha": "v2.1_beta1-28-g21ef5f4-dirty", "essentia_build_sha": "ca57ba49d9b1854bd80e60cf9ccf267278fb7d6b", "extractor": "music 1.0", "essentia": "2.1-beta1"}, "audio_properties": {"analysis_sample_rate": 44100, "md5_encoded": "2d2f6c8e2a82e00a1eb8480615035b0a", "downmix": "mix", "sample_rate": 44100, "equal_loudness": 0, "lossless": false, "codec": "mp3", "bit_rate": 320000, "length": 208.300415039, "replay_gain": -7.88123893738}, "tags": {"script": ["CRIP"], "musicbrainz_albumid": ["usicBrainz Album Id"], "title": ["Painted Face"], "musicbrainz_artistid": ["usicBrainz Artist Id"], "musicbrainz album status": ["usicBrai"], "catalognumber": ["ATALOGNUMBE"], "label": ["Swan Song"], "date": ["1982"], "length": ["208320"], "musicbrainz album type": ["usicB"], "musicbrainz album release country": ["us"], "album": ["Rough Diamonds"], "discnumber": ["1/1"], "artistsort": ["Bad Company"], "language": ["eng"], "file_name": "04. Bad Company - Painted Face.mp3", "genre": ["Classic Rock"], "artist": ["Bad Company"], "tracknumber": ["4/10"], "albumartist": ["Bad Company"], "musicbrainz_recordingid": ["5ad94170-0381-45e7-8b06-5c69fca8c628"], "albumartistsort": ["LBUMARTISTS", "Bad Company"], "composer": ["Paul Rodgers"], "media": ["Vinyl"], "musicbrainz_albumartistid": ["usicBrainz Album Artist Id"]}}, "rhythm": {"beats_loudness": {"var": 0.000597956299316, "mean": 0.0410261042416, "dmean2": 0.0377140678465, "dvar": 0.000396626623115, "dmean": 0.0212938953191, "max": 0.133979305625, "min": 0, "median": 0.0384271219373, "dvar2": 0.00125606148504}, "beats_position": [0.545668900013, 1.06811785698, 1.57895684242, 2.08979582787, 2.60063481331, 3.09986400604, 3.59909296036, 4.09832191467, 4.59755086899, 5.10838985443, 5.60761880875, 6.10684776306, 6.59446716309, 7.08208608627, 7.56970500946, 8.06893444061, 8.56816291809, 9.06739234924, 9.56662082672, 10.0658502579, 10.5650787354, 11.0643081665, 11.5635375977, 12.0627660751, 12.5619955063, 13.0496139526, 13.5488433838, 14.0480718613, 14.5473012924, 15.0465307236, 15.5341491699, 16.0217685699, 16.50938797, 17.0086174011, 17.5078449249, 17.995464325, 18.483083725, 18.970703125, 19.4699325562, 19.96916008, 20.45677948, 20.9560089111, 21.4552383423, 21.942855835, 22.430475235, 22.918094635, 23.405714035, 23.9049434662, 24.40417099, 24.9034004211, 25.4026298523, 25.9018592834, 26.4010887146, 26.9119262695, 27.3995456696, 27.8871650696, 28.3747844696, 28.8740139008, 29.3732414246, 29.8724708557, 30.3717002869, 30.8825397491, 31.3817672729, 31.8809967041, 32.3686180115, 32.8678436279, 33.3670730591, 33.8779144287, 34.3771438599, 34.8763694763, 35.3639907837, 35.8516082764, 36.3392295837, 36.8268470764, 37.3144645691, 37.8020858765, 38.3013153076, 38.8005447388, 39.2997741699, 39.7989997864, 40.309841156, 40.8206787109, 41.3315200806, 41.830745697, 42.3299751282, 42.8408164978, 43.3516540527, 43.8508834839, 44.350112915, 44.8493423462, 45.3485717773, 45.8594093323, 46.3702468872, 46.8694763184, 47.3687057495, 47.8679351807, 48.3671646118, 48.866394043, 49.3656234741, 49.8532409668, 50.3524703979, 50.8516998291, 51.3509292603, 51.8501586914, 52.3493881226, 52.8486175537, 53.3594551086, 53.8702926636, 54.3695220947, 54.8687515259, 55.367980957, 55.8672103882, 56.3664398193, 56.8656692505, 57.3532867432, 57.8525161743, 58.3517456055, 58.8509750366, 59.3502044678, 59.8610420227, 60.3486595154, 60.8362808228, 61.3355102539, 61.8347396851, 62.3339653015, 62.8331947327, 63.32081604, 63.8200454712, 64.3192749023, 64.8301086426, 65.3177337646, 65.8169631958, 66.316192627, 66.8270263672, 67.3262557983, 67.8254852295, 68.3131027222, 68.8007278442, 69.299949646, 69.7875747681, 70.2868041992, 70.7976379395, 71.2968673706, 71.8077087402, 72.3069381714, 72.817779541, 73.3170089722, 73.8278427124, 74.338684082, 74.8379135132, 75.3371429443, 75.8363723755, 76.3356018066, 76.8348312378, 77.3340606689, 77.8332901001, 78.3209075928, 78.8085250854, 79.3077545166, 79.7953720093, 80.2946014404, 80.8054428101, 81.3162765503, 81.8155059814, 82.3147354126, 82.8023605347, 83.3131942749, 83.8124237061, 84.3116531372, 84.8108825684, 85.3101119995, 85.8093414307, 86.3085708618, 86.8194122314, 87.3302459717, 87.8294754028, 88.328704834, 88.8279342651, 89.3271636963, 89.8263931274, 90.3256225586, 90.8364639282, 91.3356933594, 91.8349151611, 92.3341445923, 92.8333740234, 93.3326034546, 93.8318328857, 94.3310623169, 94.830291748, 95.3411331177, 95.8519744873, 96.3628082275, 96.8736495972, 97.3728790283, 97.8721084595, 98.3713378906, 98.8705673218, 99.381401062, 99.8806304932, 100.379859924, 100.879089355, 101.378318787, 101.889160156, 102.388389587, 102.887619019, 103.398452759, 103.909294128, 104.420135498, 104.919364929, 105.41859436, 105.917823792, 106.417053223, 106.927886963, 107.438728333, 107.937957764, 108.437187195, 108.948028564, 109.447257996, 109.946479797, 110.445709229, 110.94493866, 111.444168091, 111.943397522, 112.454238892, 112.965080261, 113.475914001, 113.975143433, 114.474372864, 114.973602295, 115.472831726, 115.972061157, 116.471290588, 116.97052002, 117.469749451, 117.98059082, 118.503036499, 119.025482178, 119.536323547, 120.047164917, 120.557998657, 121.068840027, 121.579681396, 122.067298889, 122.578140259, 123.088973999, 123.58820343, 124.087432861, 124.586662292, 125.085891724, 125.585121155, 126.084350586, 126.595191956, 127.082809448, 127.582038879, 128.081268311, 128.568893433, 129.068115234, 129.567337036, 130.066574097, 130.565795898, 131.053421021, 131.541046143, 132.028656006, 132.527893066, 133.027114868, 133.526351929, 134.02557373, 134.536407471, 135.04725647, 135.546478271, 136.045715332, 136.544937134, 137.044174194, 137.543395996, 138.042633057, 138.553466797, 139.064300537, 139.563537598, 140.062759399, 140.573608398, 141.0728302, 141.572067261, 142.082901001, 142.593734741, 143.092971802, 143.603805542, 144.114639282, 144.613876343, 145.113098145, 145.623947144, 146.123168945, 146.622406006, 147.121627808, 147.620864868, 148.108474731, 148.596099854, 149.095321655, 149.594558716, 150.093780518, 150.604629517, 151.115463257, 151.626296997, 152.125534058, 152.624755859, 153.12399292, 153.623214722, 154.134063721, 154.644897461, 155.144119263, 155.643356323, 156.142578125, 156.641815186, 157.152648926, 157.651885986, 158.151107788, 158.661941528, 159.161178589, 159.660400391, 160.159637451, 160.658859253, 161.169708252, 161.668930054, 162.168167114, 162.667388916, 163.166610718, 163.677459717, 164.16506958, 164.664306641, 165.163528442, 165.674377441, 166.185211182, 166.684448242, 167.183670044, 167.694503784, 168.193740845, 168.681350708, 169.180587769, 169.691421509, 170.179046631, 170.678268433, 171.177505493, 171.676727295, 172.175964355, 172.675186157, 173.174423218, 173.662033081, 174.161270142, 174.660491943, 175.171340942, 175.682174683, 176.169799805, 176.657409668, 177.14503479, 177.632644653, 178.120269775, 178.619491577, 179.118728638, 179.617950439, 180.1171875, 180.604797363, 181.104034424, 181.603256226, 182.114105225, 182.613327026, 183.112564087, 183.623397827, 184.111022949, 184.610244751, 185.109481812, 185.608703613, 186.107940674, 186.595550537, 187.083175659, 187.582397461, 188.081634521, 188.569244385, 189.056869507, 189.54447937, 190.043716431, 190.542938232, 191.042175293, 191.541397095, 192.040634155, 192.539855957, 193.039093018, 193.538314819, 194.025939941, 194.525161743, 195.024398804, 195.535232544, 196.034469604, 196.533691406, 197.032928467, 197.532150269, 198.042984009, 198.553833008, 199.05305481, 199.55229187, 200.051513672, 200.550750732, 201.049972534, 201.549209595, 202.036819458, 202.536056519, 203.03527832, 203.534515381, 204.045349121, 204.556182861, 205.07862854, 205.601089478, 206.123535156, 206.645980835, 207.168426514, 207.690887451], "bpm_histogram_first_peak_spread": {"var": 0, "mean": 0.370370388031, "dmean2": 0, "dvar": 0, "dmean": 0, "max": 0.370370388031, "min": 0.370370388031, "median": 0.370370388031, "dvar2": 0}, "danceability": 1.15661275387, "bpm_histogram_second_peak_weight": {"var": 0, "mean": 0.0217391308397, "dmean2": 0, "dvar": 0, "dmean": 0, "max": 0.0217391308397, "min": 0.0217391308397, "median": 0.0217391308397, "dvar2": 0}, "bpm_histogram_first_peak_weight": {"var": 0, "mean": 0.615942001343, "dmean2": 0, "dvar": 0, "dmean": 0, "max": 0.615942001343, "min": 0.615942001343, "median": 0.615942001343, "dvar2": 0}, "bpm": 120.057655334, "bpm_histogram_second_peak_spread": {"var": 0, "mean": 0, "dmean2": 0, "dvar": 0, "dmean": 0, "max": 0, "min": 0, "median": 0, "dvar2": 0}, "bpm_histogram_second_peak_bpm": {"var": 0, "mean": 115, "dmean2": 0, "dvar": 0, "dmean": 0, "max": 115, "min": 115, "median": 115, "dvar2": 0}, "beats_count": 415, "beats_loudness_band_ratio": {"var": [0.0520875118673, 0.0214548502117, 0.00623010843992, 0.00313516706228, 0.00277115474455, 0.00804278999567], "mean": [0.535114347935, 0.186880782247, 0.0794846117496, 0.0610331706703, 0.0532723106444, 0.131731465459], "dmean2": [0.456332445145, 0.264851927757, 0.122238308191, 0.100916363299, 0.116658002138, 0.159393444657], "dvar": [0.0270348284394, 0.0155458459631, 0.00550461560488, 0.00271639414132, 0.00226072594523, 0.0057575609535], "dmean": [0.253716260195, 0.147751390934, 0.0693129450083, 0.0561336353421, 0.0622574090958, 0.0887275189161], "max": [0.959862649441, 0.888888001442, 0.544711410999, 0.434958904982, 0.37181147933, 0.503470301628], "min": [0, 0, 0, 0, 0, 0], "median": [0.535006999969, 0.146601617336, 0.0552125424147, 0.0505731515586, 0.0449359901249, 0.112823262811], "dvar2": [0.085868909955, 0.0458922460675, 0.0151142869145, 0.00801136344671, 0.00724462512881, 0.0156415849924]}, "onset_rate": 3.5090610981, "bpm_histogram_first_peak_bpm": {"var": 0, "mean": 120, "dmean2": 0, "dvar": 0, "dmean": 0, "max": 120, "min": 120, "median": 120, "dvar2": 0}}, "lowlevel": {"hfc": {"var": 8097.53027344, "mean": 70.9482650757, "dmean2": 30.9676456451, "dvar": 1272.82055664, "dmean": 21.650018692, "max": 731.041503906, "min": 1.07298937532e-16, "median": 38.4369544983, "dvar2": 2711.33203125}, "barkbands_spread": {"var": 312.343170166, "mean": 20.3858585358, "dmean2": 10.3048639297, "dvar": 72.909034729, "dmean": 6.96578788757, "max": 137.834411621, "min": 0.395088165998, "median": 14.2416915894, "dvar2": 148.859222412}, "spectral_spread": {"var": 20513892073500.0, "mean": 4459247, "dmean2": 905875.9375, "dvar": 901380898816, "dmean": 617630.6875, "max": 42374480, "min": 1311227.875, "median": 3864081.75, "dvar2": 2040771641340.0}, "spectral_energy": {"var": 0.0011391970329, "mean": 0.0251398291439, "dmean2": 0.0207093022764, "dvar": 0.000801048765425, "dmean": 0.0135246291757, "max": 0.308560729027, "min": 1.01919168939e-20, "median": 0.0127134136856, "dvar2": 0.00192461581901}, "gfcc": {"icov": [[7.35738576623e-05, -0.000249702454312, 0.000463251228211, -0.000452759239124, 0.000422979326686, -0.000132404486067, 0.000125418548123, -1.14503973236e-05, 4.80486669403e-05, 4.87535398861e-05, -1.08031390482e-05, -0.000138887538924, 7.20411335351e-05], [-0.000249702454312, 0.00234673451632, -0.00240315450355, 0.00271370541304, -0.00154293235391, 0.000324929307681, -0.00111217331141, 0.00137188762892, -0.00096532329917, 0.00131984462496, -0.00172556785401, 0.00264684250578, -0.0011155315442], [0.000463251228211, -0.00240315450355, 0.00644386606291, -0.00506552634761, 0.00430118106306, -0.00300289737061, 0.00144301191904, -0.0013033694122, 0.000968750857282, -0.000275997677818, -0.000558773754165, -0.000762624025811, -3.52544084308e-05], [-0.000452759239124, 0.00271370541304, -0.00506552634761, 0.0102358134463, -0.00748089887202, 0.00416210852563, -0.00138353416696, -0.0022582563106, 0.00333399535157, -0.00398755120113, 0.00553090963513, -0.00500134192407, 0.00447745388374], [0.000422979326686, -0.00154293235391, 0.00430118106306, -0.00748089887202, 0.0115809971467, -0.00478499149904, -0.00123483699281, 0.00315944082104, -0.00516827171668, 0.00704462314025, -0.00701836077496, 0.00643436610699, -0.00454190047458], [-0.000132404486067, 0.000324929307681, -0.00300289737061, 0.00416210852563, -0.00478499149904, 0.00760515686125, 0.00110145402141, -0.00480610318482, 0.00418118946254, -0.00422630924731, 0.00502718426287, -0.00539455935359, 0.00392453046516], [0.000125418548123, -0.00111217331141, 0.00144301191904, -0.00138353416696, -0.00123483699281, 0.00110145402141, 0.00826622266322, -0.00141808099579, -0.00166414992418, -0.000308688526275, 0.00113246589899, -0.00269491784275, 0.00182258093264], [-1.14503973236e-05, 0.00137188762892, -0.0013033694122, -0.0022582563106, 0.00315944082104, -0.00480610318482, -0.00141808099579, 0.0145201440901, -0.00721787940711, 0.00235418556258, -0.00566290086135, 0.00925988797098, -0.00680807279423], [4.80486669403e-05, -0.00096532329917, 0.000968750857282, 0.00333399535157, -0.00516827171668, 0.00418118946254, -0.00166414992418, -0.00721787940711, 0.0195555295795, -0.0144678698853, 0.0124240042642, -0.0119761740789, 0.00831806380302], [4.87535398861e-05, 0.00131984462496, -0.000275997677818, -0.00398755120113, 0.00704462314025, -0.00422630924731, -0.000308688526275, 0.00235418556258, -0.0144678698853, 0.0310499817133, -0.0219182111323, 0.0130348680541, -0.00652431044728], [-1.08031390482e-05, -0.00172556785401, -0.000558773754165, 0.00553090963513, -0.00701836077496, 0.00502718426287, 0.00113246589899, -0.00566290086135, 0.0124240042642, -0.0219182111323, 0.0335757099092, -0.018444750458, 0.00413664802909], [-0.000138887538924, 0.00264684250578, -0.000762624025811, -0.00500134192407, 0.00643436610699, -0.00539455935359, -0.00269491784275, 0.00925988797098, -0.0119761740789, 0.0130348680541, -0.018444750458, 0.0243800878525, -0.00867747049779], [7.20411335351e-05, -0.0011155315442, -3.52544084308e-05, 0.00447745388374, -0.00454190047458, 0.00392453046516, 0.00182258093264, -0.00680807279423, 0.00831806380302, -0.00652431044728, 0.00413664802909, -0.00867747049779, 0.0168131086975]], "mean": [-86.6768798828, 101.322212219, -80.1086120605, 1.23543310165, -15.4685916901, -20.5746669769, 0.924176514149, -21.5094242096, -4.8755698204, -11.2609434128, -10.5741901398, -4.21542072296, -10.0840892792], "cov": [[33973.9960938, 1172.13696289, -2153.33520508, 241.353942871, -450.348419189, -984.702941895, 125.505989075, -741.170776367, -34.4249000549, -324.788513184, -141.139083862, 179.522888184, -323.746856689], [1172.13696289, 1479.09729004, 160.090621948, -475.754608154, -40.0462760925, 69.142791748, -60.8986053467, -30.3846168518, -105.267341614, -15.3576822281, 54.1415557861, -171.43977356, 131.804153442], [-2153.33520508, 160.090621948, 619.13293457, 36.4153251648, -69.1372146606, 247.654220581, -92.7106933594, 129.634735107, -55.8019943237, 51.816532135, 30.403711319, -9.71549320221, 32.7271385193], [241.353942871, -475.754608154, 36.4153251648, 457.296356201, 122.535308838, -48.2463226318, 93.1652755737, 0.386345535517, 56.9696159363, -12.6670475006, -40.3385925293, 83.8318786621, -99.7932815552], [-450.348419189, -40.0462760925, -69.1372146606, 122.535308838, 240.341400146, 8.57859420776, 75.0846633911, -9.36752796173, 35.0834197998, -24.4514846802, -9.2081155777, -5.02575063705, -9.68714427948], [-984.702941895, 69.142791748, 247.654220581, -48.2463226318, 8.57859420776, 327.871337891, -64.2392120361, 105.862236023, -30.00664711, 30.4624347687, 12.787027359, -7.42339992523, 17.4788913727], [125.505989075, -60.8986053467, -92.7106933594, 93.1652755737, 75.0846633911, -64.2392120361, 193.461380005, -14.0135660172, 67.6831054688, -6.7164144516, -11.3135385513, 30.8495502472, -38.3374862671], [-741.170776367, -30.3846168518, 129.634735107, 0.386345535517, -9.36752796173, 105.862236023, -14.0135660172, 156.959350586, 22.4888095856, 44.1718482971, 12.9306545258, -24.3735275269, 29.4177074432], [-34.4249000549, -105.267341614, -55.8019943237, 56.9696159363, 35.0834197998, -30.00664711, 67.6831054688, 22.4888095856, 135.59677124, 34.3322143555, -7.07640075684, 33.345123291, -38.6855773926], [-324.788513184, -15.3576822281, 51.816532135, -12.6670475006, -24.4514846802, 30.4624347687, -6.7164144516, 44.1718482971, 34.3322143555, 88.1416015625, 45.3530311584, 4.70085954666, 17.2386989594], [-141.139083862, 54.1415557861, 30.403711319, -40.3385925293, -9.2081155777, 12.787027359, -11.3135385513, 12.9306545258, -7.07640075684, 45.3530311584, 84.9141082764, 33.5363464355, 33.5100326538], [179.522888184, -171.43977356, -9.71549320221, 83.8318786621, -5.02575063705, -7.42339992523, 30.8495502472, -24.3735275269, 33.345123291, 4.70085954666, 33.5363464355, 127.564361572, -4.41441869736], [-323.746856689, 131.804153442, 32.7271385193, -99.7932815552, -9.68714427948, 17.4788913727, -38.3374862671, 29.4177074432, -38.6855773926, 17.2386989594, 33.5100326538, -4.41441869736, 120.930610657]]}, "silence_rate_60dB": {"var": 0.136395126581, "mean": 0.162951409817, "dmean2": 0.0972129330039, "dvar": 0.0462369546294, "dmean": 0.0486010462046, "max": 1, "min": 0, "median": 0, "dvar2": 0.10404394567}, "spectral_centroid": {"var": 1949465.625, "mean": 1092.31616211, "dmean2": 342.21105957, "dvar": 111795.898438, "dmean": 236.670471191, "max": 11802.3164062, "min": 148.52204895, "median": 705.471618652, "dvar2": 216989.671875}, "spectral_complexity": {"var": 145.958724976, "mean": 12.7882299423, "dmean2": 4.57257509232, "dvar": 18.7603244781, "dmean": 3.32181477547, "max": 59, "min": 0, "median": 9, "dvar2": 26.9565696716}, "melbands_spread": {"var": 510.77746582, "mean": 17.4087677002, "dmean2": 8.97724533081, "dvar": 73.612159729, "dmean": 5.86440181732, "max": 182.545333862, "min": 0.303180545568, "median": 10.434431076, "dvar2": 151.431106567}, "spectral_strongpeak": {"var": 47.9079666138, "mean": 1.61493575573, "dmean2": 3.12260890007, "dvar": 54.9989814758, "dmean": 1.68351411819, "max": 92.1071929932, "min": 0, "median": 0.30457431078, "dvar2": 157.126083374}, "zerocrossingrate": {"var": 0.00908918492496, "mean": 0.238254532218, "dmean2": 0.0526110269129, "dvar": 0.00127457955386, "dmean": 0.0429617278278, "max": 0.7236328125, "min": 0, "median": 0.2265625, "dvar2": 0.00199430575594}, "erbbands_kurtosis": {"var": 7.52189970016, "mean": 0.912740945816, "dmean2": 1.9081530571, "dvar": 4.0980553627, "dmean": 1.22724497318, "max": 54.081237793, "min": -1.66727769375, "median": 0.114882826805, "dvar2": 9.19193649292}, "spectral_energyband_middle_low": {"var": 0.00019235581567, "mean": 0.0096311699599, "dmean2": 0.00654563168064, "dvar": 6.11084251432e-05, "dmean": 0.00444388436154, "max": 0.174651369452, "min": 1.77307923776e-22, "median": 0.00436487421393, "dvar2": 0.000124195212265}, "erbbands": {"var": [0.911051273346, 5.07402563095, 22.3841018677, 37.7081298828, 400.965179443, 1723.6171875, 619.908935547, 5678.78613281, 2525.11914062, 185.799682617, 728.022827148, 1095.68786621, 2317.56469727, 2274.57910156, 613.07232666, 400.978729248, 1110.27526855, 246.236373901, 322.159332275, 1323.20202637, 608.876586914, 386.994354248, 564.715209961, 1811.02453613, 747.506164551, 472.530761719, 203.963806152, 69.3369674683, 20.6513366699, 7.23066902161, 1.44326901436, 0.1678750664, 0.00833706092089, 0.00126242870465, 0.000468773971079, 0.00044808225357, 0.00735333934426, 0.013935899362, 0.0112317195162, 0.000450334482593], "mean": [0.260058283806, 0.922206759453, 2.47740340233, 3.79317855835, 10.1088533401, 14.8592061996, 10.7654514313, 21.1373271942, 16.4078083038, 7.63099241257, 11.598988533, 14.408536911, 18.1357784271, 17.0091629028, 10.1349153519, 10.609418869, 14.3471975327, 8.78979206085, 9.21130752563, 13.285068512, 9.9043264389, 8.12964630127, 9.47399520874, 13.7348890305, 8.97916889191, 6.82869386673, 4.95726537704, 3.11701869965, 1.83180916309, 1.14819908142, 0.563929915428, 0.19218455255, 0.0441429577768, 0.0157370232046, 0.00946919899434, 0.0106114586815, 0.0408593975008, 0.0545687191188, 0.0386233404279, 0.0104000559077], "dmean2": [0.565812468529, 1.63347947598, 2.94919037819, 4.10152244568, 10.1605634689, 14.8964328766, 10.9540834427, 18.2677135468, 12.3427553177, 8.02471351624, 12.3162174225, 15.6175670624, 21.2939949036, 19.0008125305, 10.9170503616, 11.7344312668, 15.3722496033, 8.76771068573, 8.94025421143, 12.7525081635, 8.46636486053, 6.74498510361, 7.50359773636, 10.5691699982, 6.58648538589, 5.26271057129, 3.55749297142, 2.14593148232, 1.23717856407, 0.891342759132, 0.511300563812, 0.181521520019, 0.0513077229261, 0.0251608118415, 0.0156110133976, 0.012153763324, 0.0369721576571, 0.0381252132356, 0.0201262757182, 0.00421193893999], "dvar": [1.26600730419, 6.60068464279, 11.6068239212, 20.7753925323, 192.428726196, 754.876220703, 331.617828369, 1915.4375, 480.106567383, 96.3583145142, 339.389434814, 630.563537598, 1568.16967773, 1436.2154541, 330.324523926, 243.406448364, 586.730957031, 136.221359253, 152.560089111, 619.307067871, 213.725219727, 135.152023315, 176.749038696, 557.70300293, 244.406951904, 206.038375854, 67.2693252563, 15.7084531784, 3.92296266556, 1.90965437889, 0.591346263885, 0.068510055542, 0.00446666032076, 0.00116626347881, 0.000448595965281, 0.000259765627561, 0.00325967161916, 0.00336530222557, 0.0026813740842, 5.7367971749e-05], "dmean": [0.332255989313, 0.974376499653, 1.78467822075, 2.52074551582, 6.67216873169, 9.7396440506, 7.1382894516, 12.0562362671, 8.24840831757, 5.02415847778, 7.77003145218, 9.96097660065, 13.3304576874, 12.0671577454, 6.81166410446, 7.20288848877, 9.77305316925, 5.52121782303, 5.73232364655, 8.24366378784, 5.59911680222, 4.56074905396, 5.1685628891, 7.04500150681, 4.60107374191, 3.61296892166, 2.43044877052, 1.51398932934, 0.903023064137, 0.653241872787, 0.372118383646, 0.129729494452, 0.0332557819784, 0.0151276970282, 0.00936508830637, 0.00782101601362, 0.0276421681046, 0.0296407844871, 0.0159055292606, 0.00331977265887], "max": [12.0896062851, 35.6397132874, 82.2118911743, 90.2082061768, 284.68838501, 1012.18414307, 496.347198486, 1111.50793457, 782.081787109, 227.17477417, 831.957397461, 658.480712891, 1363.72180176, 1350.82885742, 716.20324707, 431.94418335, 814.179382324, 239.848632812, 255.607757568, 829.169494629, 424.229614258, 326.927978516, 343.538330078, 736.614562988, 521.381530762, 685.919372559, 264.17767334, 101.564857483, 48.791633606, 30.0222988129, 14.3375473022, 6.27587938309, 1.78128099442, 0.816591441631, 0.486007630825, 0.499670743942, 1.25803923607, 1.21929836273, 2.29670476913, 0.245193660259], "min": [1.63573101265e-23, 2.98536369511e-22, 2.2767580905e-21, 4.38937414379e-21, 1.47735733716e-20, 2.34731223467e-20, 3.00426150054e-20, 4.0416261218e-20, 9.23733592671e-20, 1.06701090366e-19, 2.28932677679e-19, 2.35580754112e-19, 5.13047401203e-19, 6.14846916527e-19, 9.65588505151e-19, 1.37819560387e-18, 1.35145399204e-18, 1.60809556588e-18, 2.72841533904e-18, 3.09595484626e-18, 3.5582369325e-18, 4.17523301935e-18, 4.2289985184e-18, 5.62572731069e-18, 6.46953756227e-18, 7.72857593775e-18, 7.95499346938e-18, 6.01309723232e-18, 1.06274825068e-17, 1.03042749174e-17, 1.1846592047e-17, 1.09002056091e-17, 1.06474944874e-17, 8.69472454757e-18, 6.19526556426e-18, 3.56932197988e-18, 2.35461035228e-18, 1.03793506569e-18, 2.37765777549e-19, 2.8579633001e-20], "median": [0.0322287790477, 0.29975104332, 0.745108127594, 1.55513548851, 3.16671323776, 4.47709035873, 2.5104393959, 2.8519077301, 2.63079118729, 2.43326854706, 4.09830474854, 4.47030353546, 4.25458526611, 3.72179031372, 2.48594045639, 2.93037986755, 3.41137504578, 2.70147132874, 2.47039365768, 2.2620010376, 1.25652122498, 0.876063942909, 0.976795494556, 0.97606086731, 0.610310256481, 0.578676819801, 0.556695282459, 0.358161747456, 0.202219843864, 0.127997487783, 0.0647488757968, 0.0268104095012, 0.00926487892866, 0.00412911269814, 0.00255195656791, 0.00261860480532, 0.00465754466131, 0.00641241343692, 0.00486843194813, 0.00313521083444], "dvar2": [3.31406283379, 17.4492225647, 29.3221683502, 51.5289764404, 406.64364624, 1328.22253418, 741.235595703, 3774.77685547, 986.80255127, 232.24836731, 723.230651855, 1449.72814941, 4182.19628906, 3485.30908203, 794.938537598, 638.382263184, 1363.87280273, 329.026062012, 365.841094971, 1465.2019043, 502.139190674, 305.776885986, 379.405059814, 1216.54040527, 546.459655762, 490.604858398, 153.351531982, 33.8933067322, 7.83674860001, 3.86562848091, 1.18364095688, 0.140712693334, 0.0103273047134, 0.00289421970956, 0.00111400568858, 0.000630225869827, 0.00621622893959, 0.00596969109029, 0.00522869871929, 8.25995448395e-05]}, "barkbands_crest": {"var": 21.1172180176, "mean": 11.2289981842, "dmean2": 5.27017974854, "dvar": 7.85634374619, "dmean": 3.2597284317, "max": 26.5872612, "min": 2.50505828857, "median": 10.4856872559, "dvar2": 19.5858039856}, "melbands_crest": {"var": 38.4051856995, "mean": 15.6127691269, "dmean2": 7.16573143005, "dvar": 17.0545749664, "dmean": 4.3986787796, "max": 39.4844055176, "min": 1.58752214909, "median": 14.6523332596, "dvar2": 39.5836257935}, "spectral_flux": {"var": 0.00453544035554, "mean": 0.0818284973502, "dmean2": 0.0491385050118, "dvar": 0.00220260862261, "dmean": 0.0304463095963, "max": 0.469800412655, "min": 6.33918126325e-11, "median": 0.0637740641832, "dvar2": 0.00491826189682}, "spectral_contrast_valleys": {"var": [7.33752059937, 7.64397668839, 7.20159053802, 6.94575452805, 7.18656635284, 5.0234413147], "mean": [-7.67911434174, -7.44873046875, -7.9547996521, -8.43755149841, -8.59428691864, -12.0060443878], "dmean2": [0.743006467819, 0.682518959045, 0.584737122059, 0.537811338902, 0.571784079075, 1.02372765541], "dvar": [0.210515931249, 0.185881093144, 0.16762778163, 0.180955916643, 0.224995464087, 0.347723126411], "dmean": [0.484234303236, 0.43822786212, 0.387147456408, 0.375994116068, 0.437775999308, 0.657796978951], "max": [-4.9969162941, -4.7540230751, -5.45399427414, -5.77944087982, -5.32336473465, -8.93496704102], "min": [-28.212896347, -28.1581039429, -27.8398227692, -27.8076095581, -27.4993648529, -27.4152755737], "median": [-7.20034217834, -6.97451305389, -7.54203891754, -8.07804870605, -8.29128456116, -11.625752449], "dvar2": [0.419754505157, 0.378562003374, 0.318891972303, 0.327404350042, 0.420123487711, 0.811336696148]}, "mfcc": {"icov": [[0.000177908150363, -0.00021698405908, 0.000243901871727, -0.00027397822123, 0.000165481615113, -7.93597864686e-05, 0.000214493920794, -0.000186834513443, 0.000450554594863, -0.000287965609459, 0.000454128487036, -0.000262092973571, 2.43510367e-05], [-0.00021698405908, 0.000878434453625, -0.000394448055886, 0.000519281020388, 5.05323587277e-05, -0.000290272088023, -0.000635267992038, 0.000831893470604, -0.000756726018153, 0.000688497617375, -0.000969504646491, 0.000680050055962, 0.000337627745466], [0.000243901871727, -0.000394448055886, 0.00226321886294, 0.000205706804991, -0.000588786322623, 0.000197101995582, -0.000276176899206, -0.000748598249629, 0.00134594156407, -0.000661479250994, 0.000139679876156, -0.000953203474637, 0.00062011036789], [-0.00027397822123, 0.000519281020388, 0.000205706804991, 0.00291247502901, 0.000185149110621, -0.000667361775413, 6.06779103691e-05, -0.000716976472177, -0.000564696965739, 0.000527198659256, -0.00113755115308, 0.000634147552773, -0.000146178193972], [0.000165481615113, 5.05323587277e-05, -0.000588786322623, 0.000185149110621, 0.00627750298008, -0.00219308515079, -0.00112595106475, 0.000232311853324, -0.00171100825537, 0.00110853742808, -0.00132530450355, 0.00165213958826, -0.00164801080246], [-7.93597864686e-05, -0.000290272088023, 0.000197101995582, -0.000667361775413, -0.00219308515079, 0.0106097264215, -0.00156010489445, -0.00528177479282, 0.00403352826834, -0.00317435665056, 0.00228137453087, -0.0011827154085, 0.000506434123963], [0.000214493920794, -0.000635267992038, -0.000276176899206, 6.06779103691e-05, -0.00112595106475, -0.00156010489445, 0.00993380043656, -3.18045313179e-05, -0.00296304328367, 0.00351895531639, -0.00170720217284, -3.84998656955e-07, -0.000226332631428], [-0.000186834513443, 0.000831893470604, -0.000748598249629, -0.000716976472177, 0.000232311853324, -0.00528177479282, -3.18045313179e-05, 0.0121437264606, -0.00356765137985, -0.00126562034711, 0.00151530909352, -0.0011528248433, -0.00098145683296], [0.000450554594863, -0.000756726018153, 0.00134594156407, -0.000564696965739, -0.00171100825537, 0.00403352826834, -0.00296304328367, -0.00356765137985, 0.0157147236168, -0.0063512371853, -0.00047864636872, 0.00165611121338, -0.000457230693428], [-0.000287965609459, 0.000688497617375, -0.000661479250994, 0.000527198659256, 0.00110853742808, -0.00317435665056, 0.00351895531639, -0.00126562034711, -0.0063512371853, 0.0190091058612, -0.0103174047545, -0.000897689780686, 0.00329165835865], [0.000454128487036, -0.000969504646491, 0.000139679876156, -0.00113755115308, -0.00132530450355, 0.00228137453087, -0.00170720217284, 0.00151530909352, -0.00047864636872, -0.0103174047545, 0.0240678936243, -0.00816917419434, -0.000509474775754], [-0.000262092973571, 0.000680050055962, -0.000953203474637, 0.000634147552773, 0.00165213958826, -0.0011827154085, -3.84998656955e-07, -0.0011528248433, 0.00165611121338, -0.000897689780686, -0.00816917419434, 0.0251775179058, -0.0104022370651], [2.43510367e-05, 0.000337627745466, 0.00062011036789, -0.000146178193972, -0.00164801080246, 0.000506434123963, -0.000226332631428, -0.00098145683296, -0.000457230693428, 0.00329165835865, -0.000509474775754, -0.0104022370651, 0.0212984532118]], "mean": [-739.726745605, 159.885787964, -5.85422420502, 34.756565094, -3.01554727554, 16.310546875, -0.0237652175128, 6.27054786682, -1.45049607754, 3.36548638344, -1.53955852985, -2.49284982681, -4.86447048187], "cov": [[14071.4833984, 1103.1126709, -1348.43579102, 1214.53210449, -704.131896973, 348.188201904, -478.313720703, 209.82963562, -400.85446167, 28.2469863892, -261.673614502, 29.4264297485, -49.0142631531], [1103.1126709, 2104.69311523, 202.465423584, -306.989196777, 17.8549289703, -55.0640335083, 143.545013428, -169.825942993, 27.512506485, -59.5909385681, 27.0640087128, -64.4428863525, -67.2629318237], [-1348.43579102, 202.465423584, 678.683837891, -210.78427124, 122.46346283, -8.98413562775, 83.693901062, -11.2275600433, 13.2647895813, 4.79403400421, 40.2957038879, 12.2974214554, -6.29922437668], [1214.53210449, -306.989196777, -210.78427124, 559.899414062, -65.6420135498, 86.1324768066, -67.0002059937, 99.1457901001, -21.0682163239, 28.1073646545, -13.4317865372, 14.8695116043, 12.331952095], [-704.131896973, 17.8549289703, 122.46346283, -65.6420135498, 235.540435791, 29.9740695953, 69.3109970093, 10.4644613266, 42.3844184875, -1.97797369957, 23.4886188507, -4.13142108917, 14.9970464706], [348.188201904, -55.0640335083, -8.98413562775, 86.1324768066, 29.9740695953, 168.515182495, 2.19366645813, 85.7493209839, -20.9077949524, 23.6868839264, -9.55755233765, 14.1534767151, 6.1889667511], [-478.313720703, 143.545013428, 83.693901062, -67.0002059937, 69.3109970093, 2.19366645813, 152.204147339, -9.03662967682, 38.1909255981, -18.9095039368, 17.1672229767, -4.98315000534, 3.60586333275], [209.82963562, -169.825942993, -11.2275600433, 99.1457901001, 10.4644613266, 85.7493209839, -9.03662967682, 150.144104004, 13.6714954376, 33.4719772339, -2.27243590355, 19.1976280212, 13.4953804016], [-400.85446167, 27.512506485, 13.2647895813, -21.0682163239, 42.3844184875, -20.9077949524, 38.1909255981, 13.6714954376, 110.035018921, 34.4780960083, 29.6522502899, -3.20928239822, 0.479460120201], [28.2469863892, -59.5909385681, 4.79403400421, 28.1073646545, -1.97797369957, 23.6868839264, -18.9095039368, 33.4719772339, 34.4780960083, 100.211486816, 42.133518219, 17.6751613617, -3.51607251167], [-261.673614502, 27.0640087128, 40.2957038879, -13.4317865372, 23.4886188507, -9.55755233765, 17.1672229767, -2.27243590355, 29.6522502899, 42.133518219, 77.4540863037, 24.6001873016, 8.71964073181], [29.4264297485, -64.4428863525, 12.2974214554, 14.8695116043, -4.13142108917, 14.1534767151, -4.98315000534, 19.1976280212, -3.20928239822, 17.6751613617, 24.6001873016, 65.0890731812, 30.4850063324], [-49.0142631531, -67.2629318237, -6.29922437668, 12.331952095, 14.9970464706, 6.1889667511, 3.60586333275, 13.4953804016, 0.479460120201, -3.51607251167, 8.71964073181, 30.4850063324, 65.6668395996]]}, "erbbands_flatness_db": {"var": 0.00233729556203, "mean": 0.148288279772, "dmean2": 0.0371069051325, "dvar": 0.00054656987777, "dmean": 0.026232291013, "max": 0.374787032604, "min": 0.0395392552018, "median": 0.140582501888, "dvar2": 0.00110329955351}, "barkbands": {"var": [5.28611599293e-05, 0.000294944737107, 2.50343146035e-05, 3.75698232347e-06, 7.84569929237e-05, 4.38787756138e-05, 4.98728377352e-06, 1.22205995012e-06, 1.82485121059e-06, 3.8255502659e-06, 4.85817679419e-07, 2.04673327175e-07, 5.58642227588e-07, 8.16165481865e-08, 1.57777009235e-07, 4.09352708175e-07, 1.09284819416e-07, 3.90483677393e-07, 3.9779376948e-07, 2.03522461106e-07, 6.70225759336e-08, 1.50441650248e-08, 2.36156072475e-09, 1.08616365901e-10, 9.36780687744e-12, 1.65364122395e-09, 9.40979077768e-07], "mean": [0.00179352040868, 0.00568410335109, 0.00243051513098, 0.0010959188221, 0.00433453125879, 0.00213284278288, 0.000825001625344, 0.000446189951617, 0.000591493851971, 0.000654978503007, 0.000255103223026, 0.000231350772083, 0.00031306190067, 0.000149538260303, 0.000198937472305, 0.000226120522711, 0.00013614706404, 0.000213887426071, 0.000212647151784, 0.000145190671901, 9.40390164033e-05, 4.94354644616e-05, 2.27700165851e-05, 4.92319259138e-06, 1.31255410452e-06, 1.9622642867e-05, 0.000395192357246], "dmean2": [0.0041311616078, 0.0109713505954, 0.00273122522049, 0.00149314908776, 0.00402306485921, 0.00187374185771, 0.000707814411726, 0.000509141886141, 0.000656731193885, 0.000784497358836, 0.000304857792798, 0.000282109802356, 0.000338792538969, 0.000163260017871, 0.000208573430427, 0.000200295151444, 0.0001203503125, 0.000183001568075, 0.000159520190209, 0.000112470777822, 6.76153358654e-05, 3.3304317185e-05, 2.01905750146e-05, 5.05993830302e-06, 2.21039204007e-06, 1.83058182301e-05, 0.000175796842086], "dvar": [7.22693293937e-05, 0.000387655571103, 1.04783266579e-05, 3.2037580695e-06, 3.38481440849e-05, 1.47885048136e-05, 1.17770309771e-06, 5.96826794208e-07, 1.09228051315e-06, 2.76189621218e-06, 2.87681245936e-07, 1.36584120014e-07, 2.88804812953e-07, 4.74965986541e-08, 8.22197563366e-08, 1.50933601617e-07, 4.15320577929e-08, 1.56347567781e-07, 1.19008056743e-07, 8.02831223723e-08, 2.02443910524e-08, 2.9013520475e-09, 8.74439354259e-10, 4.7293932659e-11, 9.02246333201e-12, 7.71527841614e-10, 1.30164153234e-07], "dmean": [0.00242374604568, 0.00653536943719, 0.00165224901866, 0.000894231547136, 0.00268748449162, 0.00122773484327, 0.000462945405161, 0.000320914754411, 0.000421228498453, 0.000491900194902, 0.000187476456631, 0.000170083178091, 0.000216434767935, 0.00010113332246, 0.000131267966935, 0.000131344320835, 7.9856145021e-05, 0.000123302394059, 0.000107680272777, 7.6920245192e-05, 4.7108023864e-05, 2.44519178523e-05, 1.46494958244e-05, 3.46308729604e-06, 1.32251591367e-06, 1.35835580295e-05, 0.000142747303471], "max": [0.0842163562775, 0.221683114767, 0.0934056639671, 0.02298534289, 0.172890201211, 0.0910568386316, 0.0298622399569, 0.0349716581404, 0.0318343415856, 0.0756566226482, 0.0154757648706, 0.00856853928417, 0.0193034280092, 0.00519790966064, 0.00547321327031, 0.0119989374653, 0.00474064052105, 0.0130998631939, 0.00955197587609, 0.0112661523744, 0.00430450122803, 0.00147429376375, 0.00049787160242, 0.000184270276804, 6.9329267717e-05, 0.000532401492819, 0.0116843152791], "min": [4.57172307492e-25, 1.00448282024e-24, 1.20162024514e-24, 5.03104719775e-25, 9.31201389237e-24, 6.62672190467e-24, 1.00362363239e-23, 6.67800969642e-24, 1.14609640838e-23, 1.38053419427e-23, 5.89544469009e-24, 3.06600919788e-23, 2.44331821359e-23, 3.63112864e-23, 3.84761479159e-23, 4.72428001763e-23, 5.45754358398e-23, 8.37977972644e-23, 1.2684030124e-22, 1.74424075499e-22, 1.97727632484e-22, 3.21218228372e-22, 4.14448309262e-22, 5.58088722454e-22, 9.41409893061e-22, 1.23355984663e-21, 1.88489601754e-21], "median": [0.000117121038784, 0.0012641834328, 0.000684264698066, 0.000408140796935, 0.00148994091433, 0.000330657610903, 0.000168851140188, 0.000146793579916, 0.000173493142938, 0.000134309681016, 5.69273106521e-05, 5.95026795054e-05, 7.37427399145e-05, 3.72580507246e-05, 5.13602681167e-05, 2.47329262493e-05, 1.56212245201e-05, 1.97127119463e-05, 1.45186968439e-05, 1.21014763863e-05, 1.15619695862e-05, 5.40111432201e-06, 2.62331673184e-06, 8.33259889532e-07, 3.28193806354e-07, 2.36814912569e-06, 6.84825499775e-05], "dvar2": [0.000187381258002, 0.00100014696363, 2.60521228483e-05, 8.33230478747e-06, 6.37267658021e-05, 3.14575518132e-05, 2.44588022724e-06, 1.26010013446e-06, 2.57619672084e-06, 7.44503313399e-06, 7.15610497082e-07, 3.67829272818e-07, 6.49369042094e-07, 1.19636041518e-07, 2.07088703519e-07, 3.42642920259e-07, 9.5029506042e-08, 3.54518306267e-07, 2.7226911925e-07, 1.89751318658e-07, 4.6452939273e-08, 5.85750115079e-09, 1.74939940312e-09, 1.01032342215e-10, 2.24003090382e-11, 1.45870016066e-09, 1.89773857073e-07]}, "spectral_energyband_low": {"var": 0.000568051822484, "mean": 0.0101264733821, "dmean2": 0.0158720053732, "dvar": 0.000676225405186, "dmean": 0.0096491035074, "max": 0.283224433661, "min": 1.05215695852e-23, "median": 0.0030497177504, "dvar2": 0.00171485578176}, "erbbands_spread": {"var": 251.471664429, "mean": 33.0096664429, "dmean2": 12.4577608109, "dvar": 73.6371841431, "dmean": 8.53283691406, "max": 109.734443665, "min": 1.97985112667, "median": 31.3622169495, "dvar2": 153.158737183}, "average_loudness": 0.710811913013, "spectral_energyband_middle_high": {"var": 1.77495148819e-05, "mean": 0.00255753425881, "dmean2": 0.00158502452541, "dvar": 4.91874834552e-06, "dmean": 0.00110864290036, "max": 0.0790925770998, "min": 1.11092698867e-21, "median": 0.000750645063818, "dvar2": 1.13434753075e-05}, "barkbands_flatness_db": {"var": 0.00374891376123, "mean": 0.155930012465, "dmean2": 0.049566231668, "dvar": 0.000905102933757, "dmean": 0.0331637784839, "max": 0.412744432688, "min": 0.02597614564, "median": 0.153103664517, "dvar2": 0.00218746229075}, "spectral_entropy": {"var": 0.358689814806, "mean": 7.33722686768, "dmean2": 0.3473482728, "dvar": 0.0595683120191, "dmean": 0.249576628208, "max": 9.82556247711, "min": 4.44845914841, "median": 7.39577293396, "dvar2": 0.119148992002}, "melbands_skewness": {"var": 3.99667239189, "mean": 2.97306203842, "dmean2": 1.63694775105, "dvar": 1.84399235249, "dmean": 1.0557756424, "max": 23.1493167877, "min": -2.18896794319, "median": 2.68189239502, "dvar2": 4.42748165131}, "spectral_contrast_coeffs": {"var": [0.0103299049661, 0.00586190307513, 0.00358318188228, 0.00245355279185, 0.00165800540708, 0.00850597769022], "mean": [-0.664569318295, -0.774802625179, -0.807107627392, -0.821149051189, -0.839493393898, -0.743709802628], "dmean2": [0.089158192277, 0.0772996097803, 0.0647135525942, 0.0458580888808, 0.0347422771156, 0.069100305438], "dvar": [0.00211612670682, 0.00145232386421, 0.00100477423985, 0.000525053532328, 0.000345708453096, 0.00173231773078], "dmean": [0.056116387248, 0.0472682118416, 0.0393584705889, 0.0282441489398, 0.0214926358312, 0.0470370650291], "max": [-0.261520326138, -0.429493606091, -0.470772951841, -0.610061824322, -0.704041719437, -0.465228170156], "min": [-0.983426690102, -0.983449280262, -0.980096757412, -0.980720043182, -0.969675481319, -0.964049577713], "median": [-0.664990782738, -0.782747209072, -0.813485562801, -0.824860453606, -0.839954793453, -0.748657107353], "dvar2": [0.00512926001102, 0.00377912865952, 0.00262117385864, 0.00133030116558, 0.000894265947863, 0.00359820621088]}, "pitch_salience": {"var": 0.0157151892781, "mean": 0.553184628487, "dmean2": 0.142341345549, "dvar": 0.00667463568971, "dmean": 0.0884751155972, "max": 0.974367499352, "min": 0.0267566926777, "median": 0.569926083088, "dvar2": 0.0161682032049}, "spectral_rolloff": {"var": 96193136, "mean": 9617.54101562, "dmean2": 9