{"metadata": {"audio_properties": {"downmix": "mix", "bit_rate": 256025, "lossless": false, "md5_encoded": "cb6406f017662601dd2b745a5e4d04ec", "analysis_sample_rate": 44100, "sample_rate": 44100, "replay_gain": 0.439025878906, "equal_loudness": 0, "codec": "mp3", "length": 264.202453613}, "tags": {"album": ["Cheyenne Autumn"], "length": ["265"], "artist": ["Jean-Louis Murat"], "musicbrainz_recordingid": ["90a8a337-85f9-439f-97c1-9f9d59d608cc"], "discnumber": ["1"], "title": ["Cheyenne Autumn"], "genre": ["Pop"], "tracknumber": ["14"], "date": ["1989"], "file_name": "2207646.mp3"}, "version": {"essentia_build_sha": "70f2e5ece6736b2c40cc944ad0e695b16b925413", "essentia_git_sha": "v2.1_beta2", "extractor": "music 1.0", "essentia": "2.1-beta2"}}, "tonal": {"chords_scale": "minor", "hpcp": {"dmean": [0.189924091101, 0.138413101435, 0.0671315416694, 0.0452076122165, 0.0553099885583, 0.117223158479, 0.15756572783, 0.138227671385, 0.111881613731, 0.0997267141938, 0.072970867157, 0.0399491414428, 0.0355435237288, 0.0589908361435, 0.121549554169, 0.145691975951, 0.104479692876, 0.0549440830946, 0.0460233949125, 0.0754802599549, 0.156799614429, 0.183643072844, 0.165334716439, 0.110237203538, 0.0850988104939, 0.0576462373137, 0.049490340054, 0.058652870357, 0.0718085020781, 0.138506710529, 0.168080881238, 0.116190761328, 0.0678403005004, 0.0813625901937, 0.130754351616, 0.178878620267], "dvar2": [0.107135087252, 0.0763798058033, 0.0494063124061, 0.0378564558923, 0.0351058617234, 0.0687682777643, 0.0929899737239, 0.0779317319393, 0.0810309126973, 0.0622584819794, 0.045071400702, 0.0232752840966, 0.0242378264666, 0.0295828226954, 0.0560644641519, 0.0815116912127, 0.0562520623207, 0.044502928853, 0.0378454811871, 0.0522877648473, 0.0814563259482, 0.100878998637, 0.0840293094516, 0.0805036649108, 0.0644581913948, 0.0371306426823, 0.0306542739272, 0.0328447781503, 0.0381810218096, 0.0709437429905, 0.0928742662072, 0.0630858615041, 0.0557659566402, 0.0767215043306, 0.10177180171, 0.103011719882], "mean": [0.400058209896, 0.21806627512, 0.0819981917739, 0.0637493431568, 0.0757201835513, 0.193730473518, 0.297413289547, 0.221521005034, 0.169387385249, 0.171987876296, 0.110436297953, 0.0626448765397, 0.0597075745463, 0.0918010249734, 0.24927996099, 0.322699487209, 0.176892220974, 0.0711359903216, 0.052960190922, 0.0843553766608, 0.266988784075, 0.409978210926, 0.279079258442, 0.154855102301, 0.13026741147, 0.0812578871846, 0.0689039453864, 0.082101508975, 0.0980209559202, 0.222684890032, 0.290699273348, 0.166836738586, 0.0818268954754, 0.0889609605074, 0.154039353132, 0.33531281352], "var": [0.126899003983, 0.0566490702331, 0.0314820855856, 0.0284267682582, 0.0298150889575, 0.0593327023089, 0.10782263428, 0.0666440576315, 0.0626622363925, 0.0689721256495, 0.0363510325551, 0.0223026201129, 0.0249114818871, 0.0306687001139, 0.0807552784681, 0.118386268616, 0.0511634498835, 0.0274461563677, 0.0191878341138, 0.0258397720754, 0.0718032419682, 0.122471429408, 0.0716935098171, 0.061628267169, 0.0594121217728, 0.028427766636, 0.021570654586, 0.025788763538, 0.0274747330695, 0.0662069171667, 0.0948539301753, 0.0433267690241, 0.0308360867202, 0.035872194916, 0.0543916858733, 0.102805428207], "dmean2": [0.311131864786, 0.22902803123, 0.116537101567, 0.0780972614884, 0.0951975807548, 0.189446166158, 0.254042625427, 0.225281044841, 0.185514867306, 0.160797640681, 0.121783919632, 0.0673754438758, 0.0600900240242, 0.0976518541574, 0.19050617516, 0.236852675676, 0.17218850553, 0.096756093204, 0.0826055556536, 0.132086455822, 0.254474073648, 0.305314004421, 0.268849700689, 0.185789272189, 0.142681643367, 0.0964522585273, 0.0832109004259, 0.0970041304827, 0.120042540133, 0.219095692039, 0.267478853464, 0.192087888718, 0.120746165514, 0.14595746994, 0.224866375327, 0.295321464539], "dvar": [0.0471922755241, 0.0297385621816, 0.0180974360555, 0.0139560448006, 0.0130850635469, 0.0266087856144, 0.0405238419771, 0.0300995595753, 0.0307410564274, 0.0263171959668, 0.0169111676514, 0.00847455486655, 0.00894447322935, 0.0115768257529, 0.0241580531001, 0.0356512181461, 0.0214771796018, 0.0157439187169, 0.0135248377919, 0.0193135514855, 0.0326644070446, 0.0431684069335, 0.0337915793061, 0.0311770103872, 0.026564290747, 0.0143282739446, 0.0114012369886, 0.0130344387144, 0.0144276004285, 0.0299984309822, 0.0410534366965, 0.0242279544473, 0.0197772998363, 0.0273757819086, 0.0387920029461, 0.0443580001593], "min": [0, 0, 0, 0, 0, 0, 0, 0, 0, 0, 0, 0, 0, 0, 0, 0, 0, 0, 0, 0, 0, 0, 0, 0, 0, 0, 0, 0, 0, 0, 0, 0, 0, 0, 0, 0], "median": [0.276040107012, 0.121535144746, 0.0106932232156, 0.00293287006207, 0.00807903986424, 0.0766683593392, 0.146778672934, 0.113634809852, 0.0441387705505, 0.0367772355676, 0.0230817589909, 0.00972944591194, 0.00816038623452, 0.0214893687516, 0.120874166489, 0.177709341049, 0.0779226571321, 0.00842327438295, 0.00468906061724, 0.0136838974431, 0.169063076377, 0.301826864481, 0.189125329256, 0.0283732507378, 0.00706951133907, 0.00610706070438, 0.0156275518239, 0.020464932546, 0.029826560989, 0.110177002847, 0.168180376291, 0.0808718204498, 0.0136084565893, 0.0105707123876, 0.0408839508891, 0.228967040777], "max": [1, 1, 1, 1, 1, 1, 1, 1, 1, 1, 1, 1, 1, 1, 1, 1, 1, 1, 1, 1, 1, 1, 1, 1, 1, 1, 1, 1, 1, 1, 1, 1, 1, 1, 1, 1]}, "tuning_equal_tempered_deviation": 0.0186533108354, "chords_key": "A", "chords_strength": {"dmean": 0.00856366194785, "dvar2": 6.67427302687e-05, "mean": 0.54797577858, "var": 0.00868687871844, "dmean2": 0.0078012663871, "dvar": 5.83628825552e-05, "min": 0.242551848292, "median": 0.554761111736, "max": 0.756420373917}, "tuning_diatonic_strength": 0.55692756176, "thpcp": [1, 0.680717289448, 0.377715438604, 0.317742288113, 0.198200508952, 0.168067336082, 0.200258225203, 0.239088207483, 0.543162763119, 0.709060311317, 0.406940490007, 0.199588403106, 0.21698948741, 0.375725716352, 0.817879617214, 0.975803613663, 0.531897246838, 0.200006216764, 0.155494466424, 0.184693187475, 0.472538471222, 0.725436806679, 0.540323853493, 0.413161933422, 0.419504910707, 0.269371151924, 0.152800500393, 0.145635977387, 0.223916843534, 0.608032226562, 0.787113726139, 0.4314673841, 0.173511639237, 0.129178062081, 0.205755755305, 0.651226758957], "chords_histogram": [26.656124115, 7.71393442154, 11.3688278198, 17.8176059723, 1.58144438267, 4.37532949448, 0.175716042519, 5.5877699852, 0.54471975565, 1.44087159634, 1.77473199368, 0, 0, 0.667720973492, 0, 0, 0.298717260361, 0.0175716038793, 0, 0.298717260361, 4.26989984512, 0, 10.1388158798, 5.27148151398], "tuning_nontempered_energy_ratio": 0.681050419807, "tuning_frequency": 441.017791748, "key_strength": 0.719233095646, "chords_changes_rate": 0.0407661236823, "key_scale": "minor", "hpcp_entropy": {"dmean": 0.570257604122, "dvar2": 0.60350805521, "mean": 2.09153580666, "var": 0.652604579926, "dmean2": 0.959063708782, "dvar": 0.223667353392, "min": 0, "median": 2.07855319977, "max": 4.844186306}, "key_key": "A", "chords_number_rate": 0.00210859254003}, "lowlevel": {"melbands_skewness": {"dmean": 0.503952920437, "dvar2": 0.560096144676, "mean": 1.8032668829, "var": 1.3139680624, "dmean2": 0.80158418417, "dvar": 0.219783991575, "min": -2.90160131454, "median": 1.79217362404, "max": 12.5648679733}, "melbands_kurtosis": {"dmean": 3.18730044365, "dvar2": 52.5504646301, "mean": 6.21417760849, "var": 52.5118370056, "dmean2": 5.10678625107, "dvar": 20.3068122864, "min": -1.87956023216, "median": 4.33965873718, "max": 199.33821106}, "barkbands_kurtosis": {"dmean": 1.98542523384, "dvar2": 14.426949501, "mean": 3.22045874596, "var": 16.245349884, "dmean2": 3.19854044914, "dvar": 5.52952003479, "min": -1.90064740181, "median": 2.28483486176, "max": 46.3657608032}, "hfc": {"dmean": 2.94256687164, "dvar2": 89.1403961182, "mean": 12.3414239883, "var": 215.832550049, "dmean2": 4.18052530289, "dvar": 52.2435302734, "min": 1.23563856091e-16, "median": 9.49849128723, "max": 355.992248535}, "silence_rate_20dB": {"dmean": 0, "dvar2": 0, "mean": 1, "var": 0, "dmean2": 0, "dvar": 0, "min": 1, "median": 1, "max": 1}, "erbbands_flatness_db": {"dmean": 0.0137987034395, "dvar2": 0.000410709384596, "mean": 0.258310616016, "var": 0.00339860538952, "dmean2": 0.020738447085, "dvar": 0.000186889476026, "min": 0.0339963398874, "median": 0.253783285618, "max": 0.398181736469}, "spectral_flux": {"dmean": 0.0147746764123, "dvar2": 0.0007667078753, "mean": 0.0645515397191, "var": 0.00144948705565, "dmean2": 0.0244515668601, "dvar": 0.000281658896711, "min": 1.05059516642e-10, "median": 0.0625458583236, "max": 0.299541532993}, "spectral_energyband_low": {"dmean": 0.00302870594896, "dvar2": 0.000143738463521, "mean": 0.00674714287743, "var": 0.000150794396177, "dmean2": 0.00509777758271, "dvar": 4.68308498967e-05, "min": 4.05201654074e-23, "median": 0.00228330492973, "max": 0.135816738009}, "spectral_rolloff": {"dmean": 230.426681519, "dvar2": 595759.3125, "mean": 1157.71508789, "var": 3188576.25, "dmean2": 386.598358154, "dvar": 291140, "min": 64.599609375, "median": 667.529296875, "max": 20391.9433594}, "spectral_entropy": {"dmean": 0.132347986102, "dvar2": 0.0442779026926, "mean": 6.67476177216, "var": 0.454553723335, "dmean2": 0.206919968128, "dvar": 0.0194137077779, "min": 4.9736366272, "median": 6.68846750259, "max": 9.81954956055}, "spectral_energy": {"dmean": 0.0072604091838, "dvar2": 0.000250882847467, "mean": 0.0284641124308, "var": 0.000566719798371, "dmean2": 0.0117229614407, "dvar": 9.11643073778e-05, "min": 1.10375022751e-20, "median": 0.024384252727, "max": 0.162990152836}, "spectral_centroid": {"dmean": 111.346481323, "dvar2": 64699.90625, "mean": 830.188293457, "var": 568744.6875, "dmean2": 171.352828979, "dvar": 32250.5703125, "min": 245.113327026, "median": 538.02722168, "max": 11412.6474609}, "barkbands_flatness_db": {"dmean": 0.0174444448203, "dvar2": 0.00062469864497, "mean": 0.22171677649, "var": 0.00374536938034, "dmean2": 0.0279325470328, "dvar": 0.000243502916419, "min": 0.0288224816322, "median": 0.220509827137, "max": 0.408799558878}, "spectral_rms": {"dmean": 0.000605356763117, "dvar2": 1.08581457425e-06, "mean": 0.00466307252645, "var": 6.02560794505e-06, "dmean2": 0.000967699743342, "dvar": 3.94542581716e-07, "min": 3.28150787793e-12, "median": 0.00487744994462, "max": 0.012610106729}, "melbands": {"dmean": [0.000645714811981, 0.000450584135251, 0.000700423261151, 0.000812176091131, 0.000419460469857, 0.000253040023381, 0.000142819335451, 0.000122284982353, 0.00012644007802, 8.38008418214e-05, 5.39563952771e-05, 7.41308613215e-05, 9.28990048124e-05, 3.2126714359e-05, 3.51221679011e-05, 2.82132914435e-05, 1.64174343809e-05, 1.88643298316e-05, 9.94451329461e-06, 4.68823964184e-06, 2.13503108171e-06, 1.79886819751e-06, 1.40208840094e-06, 1.34472452373e-06, 1.72242152985e-06, 6.81541052927e-07, 1.26402585465e-06, 9.58854457167e-07, 3.28555103124e-07, 2.48702718864e-07, 2.7524342272e-07, 3.04233367387e-07, 2.44639579705e-07, 2.15306883433e-07, 1.42918267443e-07, 1.16302373954e-07, 1.5513498397e-07, 1.70147529843e-07, 1.99033493686e-07, 1.68543309087e-07], "dvar2": [1.12594998427e-05, 3.51306653101e-06, 3.29294084622e-06, 5.04627541886e-06, 7.30212377675e-07, 8.85106601345e-07, 1.98913539862e-07, 1.4005100013e-07, 1.54255019424e-07, 6.66475585831e-08, 3.96025896521e-08, 1.19899738138e-07, 1.52311770307e-07, 3.57578819887e-08, 8.64051727945e-08, 2.32998544902e-08, 5.65442492828e-09, 5.01688779408e-09, 1.54625834359e-09, 1.03262320916e-09, 2.23333060378e-10, 1.53384485668e-10, 4.86988643855e-11, 4.75594875982e-11, 4.77787184816e-11, 1.06612210379e-11, 2.43309122849e-10, 1.25031596188e-10, 1.19832728809e-11, 8.14483896994e-12, 3.44955036757e-11, 3.42277872711e-11, 1.73042708634e-11, 1.15257959427e-11, 5.87417831391e-12, 3.42640239098e-12, 8.47989820724e-12, 8.44749964424e-12, 1.69369483716e-11, 1.20715581628e-11], "mean": [0.00108435412403, 0.000951185298618, 0.00141979509499, 0.00158304418437, 0.00110658037011, 0.000581443426199, 0.000423508667154, 0.000297768128803, 0.000264965405222, 0.0001868520485, 0.000103480786493, 0.000130310480017, 0.000178878253791, 5.73489669478e-05, 5.95476049057e-05, 5.98856677243e-05, 3.47991372109e-05, 3.2632611692e-05, 2.00104896066e-05, 9.05636898096e-06, 3.58670990863e-06, 3.03660135614e-06, 2.46455351771e-06, 2.19036883209e-06, 3.03158321913e-06, 1.29282045691e-06, 1.85050032542e-06, 1.52003724452e-06, 5.61887873118e-07, 3.79288650265e-07, 4.26711579848e-07, 4.52250986882e-07, 3.8128689539e-07, 3.32809833026e-07, 2.24820780659e-07, 1.76289233877e-07, 2.34197742088e-07, 2.47608369364e-07, 2.70429836746e-07, 2.43494582719e-07], "var": [8.36487197375e-06, 3.48431058228e-06, 3.61737625099e-06, 2.99512294077e-06, 1.49431707541e-06, 1.24906375731e-06, 7.75966498168e-07, 4.24633782359e-07, 2.27131593533e-07, 2.09537560636e-07, 4.19475334468e-08, 1.2803558036e-07, 5.26933945366e-07, 2.48861891095e-08, 6.96173643178e-08, 3.00437150713e-08, 1.25751249413e-08, 4.9240496125e-09, 2.15623363609e-09, 1.81847936709e-09, 1.51967494144e-10, 1.19463841597e-10, 4.67354904776e-11, 4.02099603614e-11, 4.64314836579e-11, 1.23597226204e-11, 2.96546454059e-10, 2.04092825973e-10, 2.08462708901e-11, 6.24563248341e-12, 2.23109222069e-11, 3.34201694097e-11, 2.21940035794e-11, 2.19689925973e-11, 9.29143394168e-12, 4.30788130862e-12, 1.22751687287e-11, 1.49780344377e-11, 2.04808444509e-11, 1.47002150036e-11], "dmean2": [0.00113110477105, 0.000732630083803, 0.0011168824276, 0.00135472381953, 0.000579312851187, 0.000354122254066, 0.000190045742784, 0.000165914054378, 0.000177993657417, 0.000115873575851, 7.84746735008e-05, 0.000110532040708, 0.000129615946207, 5.13124286954e-05, 5.41956615052e-05, 4.14048699895e-05, 2.36996038439e-05, 2.97919177683e-05, 1.54831068357e-05, 7.17466809874e-06, 3.35238382831e-06, 2.80084964288e-06, 2.24265932047e-06, 2.13000703297e-06, 2.65444009528e-06, 1.03915908767e-06, 1.83816507615e-06, 1.41947430166e-06, 5.13646227773e-07, 4.03501758228e-07, 4.44477507244e-07, 4.49362516974e-07, 3.26840961407e-07, 2.72578404292e-07, 1.89435482412e-07, 1.57951220103e-07, 2.14288519373e-07, 1.98840581334e-07, 2.58080149251e-07, 2.265970096e-07], "dvar": [3.68571909348e-06, 1.15115199151e-06, 1.1939586102e-06, 1.53783332735e-06, 3.45109185673e-07, 3.89219337649e-07, 1.14502803683e-07, 8.01883004442e-08, 7.83953524319e-08, 3.80888565132e-08, 2.0460191763e-08, 6.21280520363e-08, 1.11112179013e-07, 1.64500040256e-08, 4.45038708108e-08, 1.0756136426e-08, 2.88675972016e-09, 2.12822404144e-09, 6.46922848624e-10, 4.84486950558e-10, 1.09755933508e-10, 7.01147334636e-11, 2.21706559361e-11, 2.10982117194e-11, 2.12504597252e-11, 5.58290089506e-12, 1.50387730047e-10, 7.03381311529e-11, 6.21316149571e-12, 3.33139332093e-12, 1.34625314369e-11, 1.7480867448e-11, 1.01856795567e-11, 8.21598344913e-12, 3.61835409725e-12, 1.91679810045e-12, 5.31934695944e-12, 5.81259736523e-12, 9.74790213826e-12, 6.86512522177e-12], "min": [8.12847877652e-24, 2.81066801795e-24, 2.53499110829e-24, 2.76050135532e-23, 2.31963255448e-23, 6.95641527595e-24, 1.26024292476e-23, 1.31887800921e-23, 1.36849901675e-23, 2.01716261527e-23, 7.06493965955e-24, 7.25707225504e-24, 2.83700946408e-24, 3.3241135209e-24, 1.56492759096e-23, 2.48591228485e-23, 1.39515115575e-23, 1.13137484394e-23, 1.22130427716e-23, 6.34137316588e-24, 5.20212943441e-24, 8.34892990079e-24, 6.84562370612e-24, 6.47513833743e-24, 1.0368913956e-23, 1.805243495e-23, 8.86922547741e-24, 1.64871108776e-23, 7.56182736653e-24, 7.35189649129e-24, 9.93238830773e-24, 1.10824197121e-23, 7.3883158327e-24, 1.28697726306e-23, 9.6802809842e-24, 9.03247866403e-24, 6.63891769426e-24, 1.02278766702e-23, 9.78639697545e-24, 1.03567150109e-23], "median": [9.27619403228e-05, 0.000300990795949, 0.000727375329006, 0.00111953099258, 0.000787184340879, 0.000287983159069, 0.000165685603861, 0.00014983570145, 0.000145908052218, 8.51493678056e-05, 6.06418070674e-05, 5.20050089108e-05, 4.31520675193e-05, 2.08177225431e-05, 1.958179746e-05, 1.0719148122e-05, 6.06418598181e-06, 5.66592825635e-06, 3.10563700623e-06, 2.1348610062e-06, 1.1738293324e-06, 9.29078055378e-07, 7.87128385582e-07, 3.92976573949e-07, 4.19794218942e-07, 3.61734493026e-07, 2.88570788598e-07, 2.00222643798e-07, 1.19904967733e-07, 8.04148996281e-08, 4.51759731845e-08, 3.57305509624e-08, 2.11639488157e-08, 1.22384999912e-08, 5.28945376388e-09, 2.55758125789e-09, 1.45343403979e-09, 1.10574482903e-09, 6.91581403256e-10, 4.26323087943e-10], "max": [0.035295791924, 0.0221468340605, 0.021114975214, 0.0194370038807, 0.0127289351076, 0.0230720601976, 0.0130720790476, 0.0124978087842, 0.0112291742116, 0.0084374230355, 0.00826158188283, 0.00990899465978, 0.0115807577968, 0.00626017572358, 0.0101072797552, 0.00418702792376, 0.00252842949703, 0.00151533074677, 0.000630124821328, 0.000915498763788, 0.000923082989175, 0.000568262534216, 0.000295140693197, 0.000194919397472, 9.23396728467e-05, 9.25737185753e-05, 0.000818998436444, 0.000448900274932, 0.000220695030293, 0.000107464562461, 0.00019134269678, 0.000221161593799, 0.000220747751882, 0.000191439845366, 0.000111087370897, 8.1268743088e-05, 0.000148393548443, 0.000156202295329, 0.000173017382622, 0.000178069807589]}, "barkbands_crest": {"dmean": 2.4925365448, "dvar2": 14.1306095123, "mean": 10.5276937485, "var": 13.9588832855, "dmean2": 4.09343338013, "dvar": 4.8805770874, "min": 2.53057408333, "median": 10.0765476227, "max": 24.4093284607}, "mfcc": {"icov": [[0.000269026728347, -0.000258960266365, -0.000189745886018, -0.000590021256357, 0.000743106880691, -0.000369301356841, -2.28321478062e-05, -4.73875115858e-05, 0.000343712657923, -0.000251708930591, 0.000277062441455, -0.000283985340502, 1.23257750602e-05], [-0.000258960266365, 0.000630956958048, 0.00011747386452, 0.000606907589827, -0.000842640525661, 0.000639032688923, -0.000252894766163, 0.000258170010056, 8.37371771922e-05, 0.000812964048237, -0.000449626735644, 0.000930830545258, 0.000559127773158], [-0.000189745886018, 0.00011747386452, 0.00186792830937, 0.00152066524606, -0.00095542013878, 0.000132790257339, 5.91982025071e-05, -0.000118361153, -0.000337928853696, 0.000390510278521, 0.000782458111644, 0.00047628293396, 0.000434718473116], [-0.000590021256357, 0.000606907589827, 0.00152066524606, 0.00491111772135, -0.00141653907485, -0.000232798163779, -0.000425071426434, -7.71395134507e-05, -0.000738772330806, -0.000275543512544, -0.00119154166896, 0.00197917083278, -0.00120936194435], [0.000743106880691, -0.000842640525661, -0.00095542013878, -0.00141653907485, 0.00787444319576, -0.000594522163738, -0.00112514104694, -0.000614680116996, 0.0012481326703, -0.00194104225375, -0.000145467449329, -0.000669046246912, 0.000360851932783], [-0.000369301356841, 0.000639032688923, 0.000132790257339, -0.000232798163779, -0.000594522163738, 0.00726182293147, -0.00176735746209, -0.000500912137795, -0.00164021609817, 0.000441027223133, -0.00294955354184, 0.00257475022227, -2.51425426541e-05], [-2.28321478062e-05, -0.000252894766163, 5.91982025071e-05, -0.000425071426434, -0.00112514104694, -0.00176735746209, 0.00909395702183, -0.00277069746517, -0.000957959739026, -0.000525506213307, 0.0014784054365, -0.00272377557121, -0.000133376001031], [-4.73875115858e-05, 0.000258170010056, -0.000118361153, -7.71395134507e-05, -0.000614680116996, -0.000500912137795, -0.00277069746517, 0.00980879645795, -0.00303236604668, 0.00182449130807, -0.00167760672048, 0.00103680125903, -0.00168768630829], [0.000343712657923, 8.37371771922e-05, -0.000337928853696, -0.000738772330806, 0.0012481326703, -0.00164021609817, -0.000957959739026, -0.00303236604668, 0.0141324875876, -0.00176616979297, -0.000718806055374, 0.000614637276158, 0.000309896393446], [-0.000251708930591, 0.000812964048237, 0.000390510278521, -0.000275543512544, -0.00194104225375, 0.000441027223133, -0.000525506213307, 0.00182449130807, -0.00176616979297, 0.0101577909663, -3.76659585299e-07, 0.000375984032871, 0.000321482890286], [0.000277062441455, -0.000449626735644, 0.000782458111644, -0.00119154166896, -0.000145467449329, -0.00294955354184, 0.0014784054365, -0.00167760672048, -0.000718806055374, -3.76659585299e-07, 0.00913879461586, -0.00209710444324, 0.000862064596731], [-0.000283985340502, 0.000930830545258, 0.00047628293396, 0.00197917083278, -0.000669046246912, 0.00257475022227, -0.00272377557121, 0.00103680125903, 0.000614637276158, 0.000375984032871, -0.00209710444324, 0.0115200132132, -0.00230615376495], [1.23257750602e-05, 0.000559127773158, 0.000434718473116, -0.00120936194435, 0.000360851932783, -2.51425426541e-05, -0.000133376001031, -0.00168768630829, 0.000309896393446, 0.000321482890286, 0.000862064596731, -0.00230615376495, 0.0163238551468]], "mean": [-751.625366211, 204.220657349, -18.0685691833, 13.1283388138, -5.16410732269, 3.3300139904, -1.3965678215, -4.23779153824, -6.04112672806, -3.32988548279, -2.76549482346, -7.75363492966, -3.74708986282], "cov": [[9614.40039062, 2945.30908203, 89.6937103271, 655.288452148, -457.352935791, 220.096588135, 28.7544403076, -75.5305862427, -167.258132935, -84.369934082, -74.5582885742, -196.963088989, -78.1606369019], [2945.30908203, 4389.59814453, 630.571533203, -437.735687256, 96.6824874878, -306.37713623, -84.6008834839, -191.973861694, -223.909133911, -276.010986328, -147.845550537, -215.152145386, -237.849334717], [89.6937103271, 630.571533203, 1012.35687256, -444.149078369, 67.1375808716, -170.398834229, -46.170791626, -73.5359725952, -65.4915161133, -76.2487945557, -178.132278442, -19.4331493378, -81.850982666], [655.288452148, -437.735687256, -444.149078369, 553.447387695, -31.2553958893, 188.723968506, 57.1340866089, 81.1949768066, 65.9412918091, 68.257522583, 126.500923157, -33.0526046753, 63.2259864807], [-457.352935791, 96.6824874878, 67.1375808716, -31.2553958893, 190.770263672, -10.0670671463, 23.863609314, 10.4493455887, -1.30191802979, 13.8433818817, 7.64070177078, 0.421528488398, -10.6189479828], [220.096588135, -306.37713623, -170.398834229, 188.723968506, -10.0670671463, 270.621398926, 60.6265525818, 79.4537200928, 65.2928466797, 28.4187259674, 105.379371643, -28.9571495056, 26.7415084839], [28.7544403076, -84.6008834839, -46.170791626, 57.1340866089, 23.863609314, 60.6265525818, 151.869689941, 60.5704421997, 31.2387809753, 13.7792615891, 18.9333686829, 22.6108531952, 16.7374591827], [-75.5305862427, -191.973861694, -73.5359725952, 81.1949768066, 10.4493455887, 79.4537200928, 60.5704421997, 159.502593994, 54.4574279785, 0.223588973284, 56.3549728394, -1.64637899399, 27.2362117767], [-167.258132935, -223.909133911, -65.4915161133, 65.9412918091, -1.30191802979, 65.2928466797, 31.2387809753, 54.4574279785, 104.440315247, 24.6076507568, 40.3783569336, -2.76834559441, 15.4490499496], [-84.369934082, -276.010986328, -76.2487945557, 68.257522583, 13.8433818817, 28.4187259674, 13.7792615891, 0.223588973284, 24.6076507568, 128.80645752, 14.3490877151, 9.24028491974, 14.0223741531], [-74.5582885742, -147.845550537, -178.132278442, 126.500923157, 7.64070177078, 105.379371643, 18.9333686829, 56.3549728394, 40.3783569336, 14.3490877151, 180.524429321, 5.35523080826, 15.3844556808], [-196.963088989, -215.152145386, -19.4331493378, -33.0526046753, 0.421528488398, -28.9571495056, 22.6108531952, -1.64637899399, -2.76834559441, 9.24028491974, 5.35523080826, 123.138816833, 22.5317764282], [-78.1606369019, -237.849334717, -81.850982666, 63.2259864807, -10.6189479828, 26.7415084839, 16.7374591827, 27.2362117767, 15.4490499496, 14.0223741531, 15.3844556808, 22.5317764282, 81.359664917]]}, "spectral_decrease": {"dmean": 1.87132909168e-09, "dvar2": 1.69183283773e-17, "mean": -7.24513249395e-09, "var": 3.70269368672e-17, "dmean2": 3.02813174535e-09, "dvar": 6.08590401547e-18, "min": -4.25818811323e-08, "median": -6.19636697508e-09, "max": 1.52233353787e-16}, "zerocrossingrate": {"dmean": 0.00439414521679, "dvar2": 0.000104307255242, "mean": 0.0384480729699, "var": 0.00172994984314, "dmean2": 0.00549108255655, "dvar": 8.47544142744e-05, "min": 0.00439453125, "median": 0.025390625, "max": 0.5048828125}, "spectral_contrast_coeffs": {"dmean": [0.0456989258528, 0.0392539128661, 0.0340942963958, 0.0288239046931, 0.0196088049561, 0.0156990252435], "dvar2": [0.00385401560925, 0.00250947545283, 0.00193063309416, 0.00135521567427, 0.000693425885402, 0.000557012041099], "mean": [-0.551938831806, -0.729868113995, -0.748396396637, -0.758905231953, -0.791597247124, -0.755009412766], "var": [0.0175266899168, 0.00651382096112, 0.00542970979586, 0.00502834422514, 0.00241869012825, 0.00386225292459], "dmean2": [0.0746170133352, 0.0632865056396, 0.0548733137548, 0.0468014068902, 0.0323821827769, 0.025604698807], "dvar": [0.00133499421645, 0.000950000772718, 0.000745403813198, 0.000537002808414, 0.000276838953141, 0.00021357552032], "min": [-0.981369197369, -0.989956557751, -0.96846395731, -0.965874254704, -0.96288216114, -0.96457016468], "median": [-0.540759325027, -0.729249596596, -0.74541580677, -0.76005846262, -0.792640566826, -0.752271056175], "max": [-0.185653522611, -0.399080783129, -0.457792460918, -0.480835884809, -0.557044804096, -0.597482025623]}, "spectral_skewness": {"dmean": 0.681053161621, "dvar2": 1.69953835011, "mean": 3.27765202522, "var": 3.93886232376, "dmean2": 1.18638563156, "dvar": 0.562898397446, "min": -0.031463380903, "median": 2.67066955566, "max": 11.4558916092}, "spectral_energyband_middle_high": {"dmean": 0.00142032676376, "dvar2": 2.14249448618e-05, "mean": 0.00395709229633, "var": 4.46473532065e-05, "dmean2": 0.00202475208789, "dvar": 1.21933444461e-05, "min": 1.5422919846e-21, "median": 0.00206770235673, "max": 0.0988276079297}, "gfcc": {"icov": [[0.0003109301324, -0.000865502166562, 0.000252972095041, -0.000676019873936, 0.00088703626534, -0.000567982206121, 0.000135489957756, -0.000357201381121, 0.000654127914459, -0.000540886889212, 0.000100297023891, -0.00014501271653, 8.44666574267e-05], [-0.000865502166562, 0.00338359852321, -0.0012056507403, 0.00247093406506, -0.00289302296005, 0.00233163847588, -0.0013536157785, 0.00216624443419, -0.00224285013974, 0.00228269584477, -0.00113753031474, 0.00152144103777, -0.00105075223837], [0.000252972095041, -0.0012056507403, 0.00197322829627, 1.88088470168e-05, 0.000448778242571, -0.00182545743883, 0.00151767162606, -0.00152102927677, 0.00176307721995, -0.000514119397849, 0.0013540716609, -0.000797870277893, 0.000709848711267], [-0.000676019873936, 0.00247093406506, 1.88088470168e-05, 0.00398746039718, -0.00212829723023, 0.000281032465864, -0.00111599918455, 0.000649852736387, -0.002199371811, 0.001035296591, -0.000281567190541, 0.000990917324089, -0.000550651573576], [0.00088703626534, -0.00289302296005, 0.000448778242571, -0.00212829723023, 0.00649533839896, -0.00112695503049, -0.00222393963486, -0.000980164506473, 0.000943771388847, -0.00206097122282, -0.000112619156425, -0.000800618086942, 0.00109289551619], [-0.000567982206121, 0.00233163847588, -0.00182545743883, 0.000281032465864, -0.00112695503049, 0.00712406402454, -0.00265720882453, -0.00020298952586, -0.000548246898688, -0.000300634419546, -0.000516860047355, 0.000683667953126, -0.00101861322764], [0.000135489957756, -0.0013536157785, 0.00151767162606, -0.00111599918455, -0.00222393963486, -0.00265720882453, 0.00953357666731, -0.00173468340654, -0.000533271115273, 0.000496233406011, 0.000837470230181, -0.00347379012965, 0.000982852419838], [-0.000357201381121, 0.00216624443419, -0.00152102927677, 0.000649852736387, -0.000980164506473, -0.00020298952586, -0.00173468340654, 0.0105128800496, -0.00187999685295, 0.00106100761332, -0.00247243302874, 0.00126203848049, -0.0011550905183], [0.000654127914459, -0.00224285013974, 0.00176307721995, -0.002199371811, 0.000943771388847, -0.000548246898688, -0.000533271115273, -0.00187999685295, 0.013375739567, -0.00480988202617, 0.00103717553429, -0.00123233243357, 0.00199946505018], [-0.000540886889212, 0.00228269584477, -0.000514119397849, 0.001035296591, -0.00206097122282, -0.000300634419546, 0.000496233406011, 0.00106100761332, -0.00480988202617, 0.01420989912, -0.00350960856304, 0.000736029294785, -0.000791933445726], [0.000100297023891, -0.00113753031474, 0.0013540716609, -0.000281567190541, -0.000112619156425, -0.000516860047355, 0.000837470230181, -0.00247243302874, 0.00103717553429, -0.00350960856304, 0.0129350982606, -0.00232670386322, -0.000116283394163], [-0.00014501271653, 0.00152144103777, -0.000797870277893, 0.000990917324089, -0.000800618086942, 0.000683667953126, -0.00347379012965, 0.00126203848049, -0.00123233243357, 0.000736029294785, -0.00232670386322, 0.0117700742558, -0.0027539706789], [8.44666574267e-05, -0.00105075223837, 0.000709848711267, -0.000550651573576, 0.00109289551619, -0.00101861322764, 0.000982852419838, -0.0011550905183, 0.00199946505018, -0.000791933445726, -0.000116283394163, -0.0027539706789, 0.0160833727568]], "mean": [-112.958709717, 170.954925537, -127.784591675, -2.48245811462, -42.8953704834, -10.8379926682, -24.1726818085, -14.8328428268, -20.9547653198, -7.89381504059, -12.961309433, -6.69710922241, -8.9090385437], "cov": [[13908.3037109, 3787.59228516, 320.725494385, -172.852722168, -417.830780029, -97.2094726562, -20.7785415649, -260.03237915, -225.730773926, -135.946792603, 69.1171798706, -252.188644409, 137.84854126], [3787.59228516, 3537.16381836, 753.281555176, -1208.35583496, 362.164093018, -571.155395508, -3.30734682083, -366.130310059, -104.146110535, -268.014160156, -4.2455496788, -151.14932251, 23.5419559479], [320.725494385, 753.281555176, 1335.50524902, -590.942504883, -69.2049331665, 36.6963005066, -200.594146729, 5.16725635529, -199.71307373, -109.060943604, -97.3155288696, -53.6270370483, -2.41898608208], [-172.852722168, -1208.35583496, -590.942504883, 1017.94311523, 20.6784934998, 275.367004395, 171.893692017, 144.188705444, 140.664337158, 139.361862183, 44.6948051453, 63.6959953308, -0.612217307091], [-417.830780029, 362.164093018, -69.2049331665, 20.6784934998, 435.859375, -33.8333854675, 175.5519104, -17.3674507141, 72.7925949097, 9.76169395447, 33.8298225403, 36.8149185181, -16.1383991241], [-97.2094726562, -571.155395508, 36.6963005066, 275.367004395, -33.8333854675, 340.618865967, 62.7472610474, 109.377189636, 8.51822471619, 64.188041687, 6.19235897064, 36.4476127625, 7.28401899338], [-20.7785415649, -3.30734682083, -200.594146729, 171.893692017, 175.5519104, 62.7472610474, 242.592315674, 27.6968841553, 71.4346466064, 24.4818973541, 29.9317550659, 60.1142120361, -3.32452178001], [-260.03237915, -366.130310059, 5.16725635529, 144.188705444, -17.3674507141, 109.377189636, 27.6968841553, 160.035797119, 15.9680328369, 34.2462768555, 16.9710044861, 19.45271492, 3.21749949455], [-225.730773926, -104.146110535, -199.71307373, 140.664337158, 72.7925949097, 8.51822471619, 71.4346466064, 15.9680328369, 137.206207275, 47.8239135742, 21.8739948273, 22.412361145, -10.320230484], [-135.946792603, -268.014160156, -109.060943604, 139.361862183, 9.76169395447, 64.188041687, 24.4818973541, 34.2462768555, 47.8239135742, 116.320350647, 30.5414524078, 18.1661224365, 0.267916768789], [69.1171798706, -4.2455496788, -97.3155288696, 44.6948051453, 33.8298225403, 6.19235897064, 29.9317550659, 16.9710044861, 21.8739948273, 30.5414524078, 99.857963562, 21.4862937927, 5.85362958908], [-252.188644409, -151.14932251, -53.6270370483, 63.6959953308, 36.8149185181, 36.4476127625, 60.1142120361, 19.45271492, 22.412361145, 18.1661224365, 21.4862937927, 116.648452759, 11.7648439407], [137.84854126, 23.5419559479, -2.41898608208, -0.612217307091, -16.1383991241, 7.28401899338, -3.32452178001, 3.21749949455, -10.320230484, 0.267916768789, 5.85362958908, 11.7648439407, 68.4211044312]]}, "erbbands_spread": {"dmean": 3.97590470314, "dvar2": 66.4651947021, "mean": 20.5987625122, "var": 146.163208008, "dmean2": 6.18153476715, "dvar": 29.9214172363, "min": 1.60194659233, "median": 17.536151886, "max": 131.801528931}, "erbbands_kurtosis": {"dmean": 0.928602814674, "dvar2": 4.05826187134, "mean": 0.65613335371, "var": 5.04752635956, "dmean2": 1.45533633232, "dvar": 1.71764683723, "min": -1.74293148518, "median": 0.0392607450485, "max": 41.2698516846}, "dynamic_complexity": 5.72380876541, "erbbands_crest": {"dmean": 2.47639417648, "dvar2": 12.783372879, "mean": 10.0162830353, "var": 18.5697994232, "dmean2": 3.94090509415, "dvar": 5.33006620407, "min": 2.3347299099, "median": 9.04009437561, "max": 29.9116687775}, "erbbands": {"dmean": [0.0735499486327, 0.487416088581, 0.813283026218, 2.8729724884, 10.0122804642, 12.4330825806, 11.7930593491, 11.199303627, 9.4985294342, 11.6305875778, 15.2176551819, 14.7746696472, 10.5290222168, 18.0758686066, 22.4696750641, 11.7702579498, 15.5885105133, 9.12446689606, 11.0022563934, 5.20658874512, 1.96182656288, 1.59945166111, 1.08029866219, 1.94097507, 1.06688976288, 1.48156177998, 0.475109726191, 0.441068530083, 0.491189539433, 0.382765889168, 0.228554263711, 0.223757281899, 0.251058727503, 0.200177371502, 0.107336245477, 0.0243328921497, 0.00219606142491, 0.000285186572, 1.89407201105e-05, 8.5980809672e-06], "dvar2": [0.149508789182, 6.57777690887, 9.7731924057, 69.0596237183, 792.048706055, 1127.4765625, 577.049255371, 2083.57128906, 960.591064453, 1422.48095703, 2183.37915039, 2240.55493164, 1406.5222168, 6083.50292969, 7570.390625, 5334.68115234, 14072.1621094, 1528.7746582, 1766.04992676, 896.636047363, 207.024627686, 124.162712097, 33.573425293, 61.255859375, 71.1915130615, 290.968536377, 21.7281589508, 65.6905212402, 92.8888320923, 32.1315002441, 13.1318855286, 14.1384305954, 17.7208976746, 16.8169269562, 7.26373529434, 0.312413573265, 0.00149046920706, 3.08555390802e-05, 1.56726400746e-07, 4.90953944166e-10], "mean": [0.121501237154, 0.811762452126, 1.68384587765, 6.23395967484, 17.2717094421, 25.4697685242, 30.6071949005, 25.3042545319, 27.7958927155, 29.0373058319, 31.3206539154, 33.6702232361, 21.6065788269, 33.7557411194, 45.7516136169, 21.4063568115, 29.6717948914, 21.0883045197, 20.326177597, 11.167675972, 3.76143550873, 2.95298933983, 2.23225927353, 3.51951265335, 2.01218771935, 2.39764475822, 0.860354304314, 0.716617941856, 0.770758986473, 0.619075417519, 0.377210468054, 0.349708199501, 0.368215858936, 0.291428983212, 0.144941717386, 0.0331628210843, 0.00349201308563, 0.000491970800795, 3.4972330468e-05, 3.29885333485e-05], "var": [0.119290523231, 4.35216331482, 8.68743801117, 85.3461151123, 413.012969971, 875.512634277, 1354.18579102, 2781.70776367, 3332.84545898, 4408.24023438, 2948.88085938, 7082.75097656, 1521.01586914, 7235.41357422, 27917.1523438, 3772.68505859, 11216.3300781, 4078.21191406, 1692.93737793, 1706.30090332, 150.978729248, 95.5908355713, 37.996673584, 59.2012748718, 110.798065186, 428.387695312, 30.757144928, 48.1345710754, 95.7306365967, 64.0740585327, 24.1225147247, 23.0173187256, 32.7941703796, 20.9306755066, 5.1457901001, 0.243761390448, 0.00192744436208, 2.81091124634e-05, 9.46453582173e-08, 9.34362254235e-10], "dmean2": [0.128294155002, 0.836843490601, 1.30981123447, 4.41830825806, 16.920425415, 19.8617305756, 15.5921106339, 15.9311571121, 12.7857131958, 15.5687885284, 21.5343208313, 20.2628612518, 15.2749834061, 26.6179275513, 31.4179344177, 18.6686306, 23.3780040741, 12.9534301758, 17.3566799164, 7.99184846878, 3.04789185524, 2.48170900345, 1.691152215, 2.9874587059, 1.59088397026, 2.17029953003, 0.73359644413, 0.706114530563, 0.698193490505, 0.482487797737, 0.286953002214, 0.288013905287, 0.284241557121, 0.266261786222, 0.152960374951, 0.0356183722615, 0.00303068268113, 0.000395832175855, 2.75905385934e-05, 1.36510507218e-05], "dvar": [0.0490752570331, 2.14684820175, 3.21314334869, 25.1405773163, 241.835159302, 379.633972168, 307.098388672, 895.297485352, 539.819519043, 823.614746094, 1118.54016113, 1282.97558594, 720.595397949, 3189.0168457, 5681.54296875, 2453.50610352, 6619.61132812, 816.525634766, 715.969055176, 415.432769775, 102.482872009, 56.1656684875, 15.6337471008, 27.2033901215, 47.8307609558, 171.359329224, 10.3118200302, 26.2340660095, 48.7630958557, 22.957742691, 8.8424243927, 9.31759738922, 12.5545539856, 9.68978118896, 3.25227952003, 0.140316858888, 0.000815375125967, 1.60313065862e-05, 7.33728384716e-08, 2.09464487422e-10], "min": [1.06048522815e-21, 8.27255181997e-22, 7.64576368777e-21, 1.10515166857e-20, 8.29073369816e-20, 7.3503501876e-19, 4.7509418335e-19, 3.35749793051e-19, 7.99351361615e-19, 1.23403870262e-18, 1.38087587585e-18, 3.36215459547e-18, 1.55923235274e-18, 1.75745212446e-18, 8.14891655481e-19, 2.7126693357e-18, 1.08081321352e-17, 8.3085255001e-18, 7.73746151189e-18, 6.25687397628e-18, 4.98897608285e-18, 7.70351815546e-18, 7.83100736737e-18, 1.34531744927e-17, 1.74894734292e-17, 2.32287287974e-17, 1.27974973724e-17, 1.56113664658e-17, 1.87007884464e-17, 1.92538529845e-17, 1.64334748069e-17, 1.22747597572e-17, 1.45746428061e-17, 1.20925525477e-17, 1.03286080894e-17, 6.4660551319e-18, 3.44044599968e-18, 1.5285571869e-18, 4.13249999003e-19, 3.28544830196e-20], "median": [0.0046845600009, 0.138784110546, 0.647888362408, 2.53731703758, 11.0493297577, 17.0230712891, 19.7445049286, 11.8383541107, 11.1040019989, 13.4643268585, 17.5383319855, 15.111492157, 13.4115486145, 14.2908744812, 13.323507309, 8.86010932922, 6.92545223236, 4.56506252289, 3.84648275375, 2.2687754631, 1.36168348789, 1.07462239265, 0.703435540199, 0.574839234352, 0.547659277916, 0.370521306992, 0.200959444046, 0.109654664993, 0.0619274452329, 0.0312826037407, 0.010800966993, 0.00340338144451, 0.00161488808226, 0.000653443625197, 0.000333606178174, 0.00018707671552, 9.47705993894e-05, 7.07231665729e-05, 1.75447348738e-05, 2.77615963569e-05], "max": [3.72666215897, 28.1544017792, 35.4330253601, 87.5234222412, 231.484909058, 356.504455566, 411.714355469, 1178.87548828, 1002.01019287, 1366.89245605, 1268.70214844, 1549.91271973, 1633.94189453, 2137.06591797, 2798.67236328, 2259.9284668, 3851.95410156, 1038.33056641, 691.062744141, 852.59173584, 907.54675293, 575.344055176, 317.476928711, 110.166603088, 428.720611572, 738.624206543, 250.837783813, 267.839324951, 421.430419922, 303.031677246, 179.661407471, 186.048233032, 189.565322876, 198.853469849, 106.359565735, 20.7313137054, 1.64654743671, 0.244946345687, 0.017409471795, 0.000731415697373]}, "silence_rate_30dB": {"dmean": 0.00703049497679, "dvar2": 0.0179076530039, "mean": 0.992267131805, "var": 0.00767341768369, "dmean2": 0.0140622248873, "dvar": 0.0069801886566, "min": 0, "median": 1, "max": 1}, "silence_rate_60dB": {"dmean": 0.00474558398128, "dvar2": 0.010985228233, "mean": 0.166256591678, "var": 0.138569161296, "dmean2": 0.00949200242758, "dvar": 0.00472340034321, "min": 0, "median": 0, "max": 1}, "spectral_energyband_middle_low": {"dmean": 0.00528587214649, "dvar2": 0.000127813254949, "mean": 0.0188068300486, "var": 0.000255666003795, "dmean2": 0.00824593286961, "dvar": 4.69601727673e-05, "min": 4.49753356246e-22, "median": 0.0162889100611, "max": 0.13464024663}, "spectral_spread": {"dmean": 260827.265625, "dvar2": 378234765312, "mean": 2177252.75, "var": 2473802858500.0, "dmean2": 422787.40625, "dvar": 250264698880, "min": 493641.96875, "median": 2005757.5, "max": 40093688}, "barkbands": {"dmean": [0.000357678160071, 0.00220866687596, 0.000695389288012, 0.00167289120145, 0.00328217470087, 0.00145767233334, 0.000708182575181, 0.000672757450957, 0.000571840035263, 0.000500013527926, 0.000612393487245, 0.000255950872088, 0.000350868562236, 0.000178818780114, 0.000187404162716, 4.76838504255e-05, 3.09709466819e-05, 3.02077605738e-05, 2.21571372094e-05, 3.20619255945e-05, 9.89892123471e-06, 1.40019756145e-05, 8.73569933901e-06, 1.35126701934e-05, 1.55181041919e-05, 2.54700626101e-06, 1.00045674856e-07], "dvar2": [2.65995913651e-06, 0.00012763106497, 7.26504731574e-06, 2.13595685636e-05, 7.45582510717e-05, 2.01774710149e-05, 4.94123696626e-06, 3.57763383363e-06, 3.13652935802e-06, 5.37232335773e-06, 7.00802229403e-06, 2.22266044148e-06, 7.23381845091e-06, 5.70169333969e-07, 5.26751023244e-07, 1.02239134492e-07, 3.534510995e-08, 2.2857401305e-08, 7.05052460859e-09, 1.41087639349e-