{"tonal": {"chords_key": "A", "hpcp_entropy": {"dmean": 0.625612318516, "dmean2": 1.04463863373, "max": 4.443400383, "dvar": 0.2633677423, "mean": 1.95763862133, "dvar2": 0.729099035263, "min": 0, "var": 0.483471363783, "median": 1.92950129509}, "key_key": "B", "chords_strength": {"dmean": 0.0165721382946, "dmean2": 0.0209227092564, "max": 0.785200536251, "dvar": 0.000238308522967, "mean": 0.512387037277, "dvar2": 0.00045200335444, "min": 0.2686650455, "var": 0.0148869836703, "median": 0.492431879044}, "key_scale": "major", "chords_number_rate": 0.00711321877316, "thpcp": [1, 0.940414488316, 0.631148099899, 0.609359681606, 0.519566297531, 0.322606772184, 0.224746972322, 0.167522028089, 0.239315450191, 0.440962612629, 0.380349159241, 0.157752871513, 0.132150053978, 0.172251358628, 0.190150335431, 0.186437219381, 0.210846573114, 0.246902570128, 0.273944586515, 0.357492625713, 0.446850240231, 0.399878978729, 0.346526384354, 0.528153419495, 0.728302001953, 0.596311509609, 0.338908821344, 0.238091751933, 0.227612823248, 0.268636971712, 0.333055883646, 0.283091694117, 0.21097907424, 0.275190979242, 0.516859352589, 0.760257303715], "key_strength": 0.603834033012, "tuning_nontempered_energy_ratio": 0.837974667549, "tuning_frequency": 439.491973877, "chords_changes_rate": 0.120331950486, "tuning_diatonic_strength": 0.585703015327, "chords_scale": "major", "chords_histogram": [2.1932425499, 1.30409014225, 24.2442207336, 13.5743923187, 3.0231180191, 0, 0, 0, 0, 0, 2.37107300758, 0, 0.592768251896, 16.5382328033, 0, 0.296384125948, 1.42264378071, 0, 0, 2.96384119987, 24.9555416107, 0, 2.72673392296, 3.79371666908], "tuning_equal_tempered_deviation": 0.187548130751, "hpcp": {"dmean": [0.0979274809361, 0.181320354342, 0.207295462489, 0.265827298164, 0.277725428343, 0.215296655893, 0.196619719267, 0.159094452858, 0.106295406818, 0.0842083990574, 0.059151250869, 0.0591123402119, 0.0670851245522, 0.0656980723143, 0.0452807322145, 0.0457068569958, 0.0575383789837, 0.0569760613143, 0.0582684837282, 0.0772533044219, 0.0935902073979, 0.0967808663845, 0.10689240694, 0.130509063601, 0.127704977989, 0.134057864547, 0.150823161006, 0.103886529803, 0.164335727692, 0.133121609688, 0.0880381837487, 0.0810438916087, 0.0750903636217, 0.0812430456281, 0.0820105820894, 0.0727804228663], "dmean2": [0.180627003312, 0.332065731287, 0.348404675722, 0.477373063564, 0.506755828857, 0.389262497425, 0.357369065285, 0.292228907347, 0.187977939844, 0.156534180045, 0.108221232891, 0.105975300074, 0.116693966091, 0.112946942449, 0.0802835971117, 0.0827529579401, 0.102307252586, 0.101867094636, 0.107778176665, 0.141682505608, 0.170929148793, 0.175769880414, 0.188283905387, 0.221044361591, 0.225146979094, 0.253384143114, 0.276348292828, 0.18140861392, 0.303312420845, 0.254814863205, 0.162848889828, 0.151248455048, 0.132848188281, 0.144371241331, 0.148691922426, 0.13384577632], "max": [1, 1, 1, 1, 1, 1, 1, 1, 1, 1, 1, 1, 1, 1, 1, 1, 1, 1, 1, 1, 1, 1, 1, 1, 1, 1, 1, 1, 1, 1, 1, 1, 1, 1, 1, 1], "dvar": [0.0406797006726, 0.0940753594041, 0.0867467299104, 0.105090737343, 0.114056073129, 0.0887382179499, 0.100480392575, 0.0799933224916, 0.0506645403802, 0.0412420332432, 0.0258250962943, 0.0200049933046, 0.0240347553045, 0.0220877714455, 0.0157351288944, 0.0152668971568, 0.0160986483097, 0.0137750161812, 0.0129605019465, 0.0211634729058, 0.0242752581835, 0.0285529848188, 0.0381576940417, 0.0570030473173, 0.0520102493465, 0.0589550249279, 0.0729551240802, 0.0410518907011, 0.0774099603295, 0.0648675337434, 0.0361125022173, 0.0422913841903, 0.0288928430527, 0.0365812145174, 0.0396638996899, 0.0359970107675], "mean": [0.0698307603598, 0.131155028939, 0.192918181419, 0.253753811121, 0.23863376677, 0.160156235099, 0.154627338052, 0.131841927767, 0.0818626955152, 0.0570304021239, 0.042509354651, 0.0607272088528, 0.111895941198, 0.0965150520205, 0.0400303937495, 0.0335335806012, 0.0437094382942, 0.0482513718307, 0.0473091565073, 0.0535031221807, 0.0626524686813, 0.0695144832134, 0.0907151177526, 0.113389953971, 0.101470813155, 0.0879323929548, 0.134020939469, 0.184809401631, 0.151316314936, 0.0859994068742, 0.0604166910052, 0.0577576197684, 0.0681676566601, 0.0845142006874, 0.0718355998397, 0.0535367429256], "dvar2": [0.115248903632, 0.24609066546, 0.192764669657, 0.297889202833, 0.314616411924, 0.228998109698, 0.265684515238, 0.214780882001, 0.13374003768, 0.114193081856, 0.0736054927111, 0.0556985661387, 0.0651093870401, 0.0606036297977, 0.042046431452, 0.0414412654936, 0.0437577776611, 0.0381742119789, 0.0332912653685, 0.0601822771132, 0.0660789981484, 0.0751213133335, 0.0940084829926, 0.127175986767, 0.133463934064, 0.174984842539, 0.237445026636, 0.102087140083, 0.248137012124, 0.195733636618, 0.0984343364835, 0.116324521601, 0.0761292502284, 0.098624818027, 0.113810047507, 0.105124115944], "min": [0, 0, 0, 0, 0, 0, 0, 0, 0, 0, 0, 0, 0, 0, 0, 0, 0, 0, 0, 0, 0, 0, 0, 0, 0, 0, 0, 0, 0, 0, 0, 0, 0, 0, 0, 0], "var": [0.032936077565, 0.0768811255693, 0.0950468108058, 0.117295525968, 0.11431452632, 0.0712183117867, 0.08809312433, 0.0746860131621, 0.0421679951251, 0.02962016128, 0.0192227568477, 0.0193110518157, 0.0573585927486, 0.0468895547092, 0.0142837790772, 0.0118429232389, 0.014286971651, 0.0136811845005, 0.0128257637843, 0.0144540043548, 0.0174594279379, 0.0230017546564, 0.0386899001896, 0.0603979453444, 0.0472423732281, 0.0408186502755, 0.0727703422308, 0.110194250941, 0.0823888257146, 0.0440884269774, 0.0286296922714, 0.0314873196185, 0.0304709002376, 0.0479915365577, 0.0361577123404, 0.0269326120615], "median": [0.00238069915213, 0.00292324158363, 0.0256920903921, 0.0577899292111, 0.0398756824434, 0.0276113934815, 0.00592134101316, 0.00504076853395, 0.00297217350453, 0.00132493488491, 0.00104164576624, 0.00209077610634, 0.00261174840853, 0.00345629523508, 0.00296764215454, 0.00386329437606, 0.00651540514082, 0.00876479223371, 0.00928270444274, 0.00802440848202, 0.0064001227729, 0.00521600246429, 0.00343462219462, 0.0043153129518, 0.00508045312017, 0.00351314758882, 0.0028831558302, 0.00264062010683, 0.00428982172161, 0.00404503429309, 0.00287835579365, 0.00310569675639, 0.00373980915174, 0.00372413289733, 0.00316270254552, 0.00216214591637]}}, "lowlevel": {"melbands_flatness_db": {"dmean": 0.0451601073146, "dmean2": 0.049558609724, "max": 0.852738201618, "dvar": 0.00159843964502, "mean": 0.440316230059, "dvar2": 0.00250621582381, "min": 0.00358142447658, "var": 0.0225608237088, "median": 0.441708564758}, "melbands_crest": {"dmean": 3.54459786415, "dmean2": 4.95732545853, "max": 34.3484916687, "dvar": 7.80693292618, "mean": 18.8481025696, "dvar2": 18.8707561493, "min": 1.58570945263, "var": 38.3380203247, "median": 18.5185871124}, "spectral_entropy": {"dmean": 0.363509535789, "dmean2": 0.40984171629, "max": 9.82199192047, "dvar": 0.115748763084, "mean": 5.77587413788, "dvar2": 0.189546629786, "min": 3.02814483643, "var": 1.37042915821, "median": 5.80612039566}, "melbands": {"dmean": [3.41999002558e-05, 0.000190074424609, 0.000794363615569, 0.00134077144321, 0.000279333529761, 0.000102049729321, 7.88035977166e-05, 5.34255814273e-05, 2.65886665147e-05, 1.56690348376e-05, 9.98777250061e-06, 5.95572828388e-06, 5.90764648223e-06, 5.60640501135e-06, 4.73325189887e-06, 3.80746519113e-06, 3.35584354616e-06, 1.92201036953e-06, 1.81397865617e-06, 1.3452543044e-06, 3.83662018066e-06, 1.71661190507e-06, 8.67633048074e-07, 6.94929042311e-07, 9.13378016776e-07, 1.1731746099e-06, 8.54124436955e-07, 3.49280725231e-07, 2.2149585277e-07, 1.84752863674e-07, 1.91531427163e-07, 1.40803024351e-07, 1.3446302205e-07, 2.46778171231e-07, 1.2671543459e-07, 4.92741705216e-08, 2.38170851929e-08, 1.27630359614e-08, 8.8121510089e-09, 3.90843357678e-09], "dmean2": [4.76861423522e-05, 0.000253005884588, 0.00129301857669, 0.00191981729586, 0.000400077871745, 0.000146536127431, 0.000115992843348, 7.48060483602e-05, 3.73023212887e-05, 2.39131568378e-05, 1.46398879224e-05, 8.66446407599e-06, 8.5554411271e-06, 8.11107474874e-06, 7.05183629179e-06, 6.01055626248e-06, 5.52157644051e-06, 2.93484663416e-06, 2.86670774585e-06, 2.01648208531e-06, 6.23841515335e-06, 2.71124690698e-06, 1.42183750995e-06, 1.16423495911e-06, 1.41811051435e-06, 1.80692313734e-06, 1.35550635605e-06, 4.98384338243e-07, 3.18330052096e-07, 2.66524125436e-07, 2.75941488326e-07, 2.04839011531e-07, 1.98857009082e-07, 3.99869463763e-07, 1.96564627686e-07, 7.25719573325e-08, 3.49274031919e-08, 1.92611864236e-08, 1.29633850321e-08, 5.41508393681e-09], "max": [0.00254775444046, 0.00666879257187, 0.0561151839793, 0.0375051125884, 0.00874728988856, 0.00687623908743, 0.0085362168029, 0.00473107816651, 0.00288020935841, 0.00268693664111, 0.00244100880809, 0.000668506603688, 0.00112690485548, 0.00103614781983, 0.00100751861464, 0.000750054023229, 0.000812037556898, 0.000276668695733, 0.000276560254861, 0.000283354107523, 0.000856231839862, 0.00036919960985, 0.000134320594952, 0.000122478770209, 0.000227906173677, 0.000381470890716, 0.000170321713085, 7.95649757492e-05, 4.7957390052e-05, 5.95055171289e-05, 5.61160886718e-05, 3.44368090737e-05, 7.49684331822e-05, 0.000297192978906, 8.09310658951e-05, 9.40221707424e-06, 4.63646938442e-06, 1.65656558693e-06, 1.53802557179e-06, 6.2735659867e-07], "dvar": [5.69680125295e-09, 1.43475801906e-07, 6.27658891972e-06, 6.53110009807e-06, 2.811208617e-07, 6.95907615977e-08, 1.15086891128e-07, 4.62909319765e-08, 1.40776785784e-08, 8.33316349258e-09, 3.56820351044e-09, 6.10439476745e-10, 7.05850156102e-10, 1.27388111171e-09, 9.97357862964e-10, 5.10204822834e-10, 5.39414846124e-10, 7.79247430471e-11, 6.62638693916e-11, 6.90041565554e-11, 6.61738608354e-10, 1.4370631074e-10, 2.84954369129e-11, 2.34933461574e-11, 4.12163428387e-11, 8.63473251234e-11, 2.68097367223e-11, 4.57955548483e-12, 1.61061040806e-12, 1.66751877063e-12, 1.85259923721e-12, 1.00208675993e-12, 2.18659985951e-12, 3.87020797354e-11, 3.021033727e-12, 1.41005249469e-13, 3.38744264301e-14, 5.57915868994e-15, 2.89754089388e-15, 5.66618243143e-16], "mean": [7.92561259004e-05, 0.000482263276353, 0.00157275795937, 0.00210124556907, 0.000473131600302, 0.00015444777091, 0.000113042930025, 8.97024510778e-05, 4.56158086308e-05, 2.37475887843e-05, 1.6034604414e-05, 9.65619801718e-06, 9.34838135436e-06, 8.11478003016e-06, 6.30913518762e-06, 4.54299970443e-06, 3.98780048272e-06, 2.81661550616e-06, 2.71780641015e-06, 2.2981651e-06, 6.16772058493e-06, 2.24181371777e-06, 1.09619838895e-06, 7.5347281836e-07, 1.1480806279e-06, 1.55961117798e-06, 1.30975377033e-06, 4.69514958468e-07, 3.33594726953e-07, 2.26353563448e-07, 2.23168655111e-07, 1.6095040678e-07, 1.45905900695e-07, 2.02223972678e-07, 1.24753896102e-07, 5.44276836933e-08, 2.60000927454e-08, 1.5476009807e-08, 1.11035722838e-08, 5.427768901e-09], "dvar2": [1.00070458586e-08, 2.26741718734e-07, 1.8004571757e-05, 1.51787544382e-05, 6.5279169803e-07, 1.21736277947e-07, 2.17009329617e-07, 9.88920874079e-08, 2.60666741525e-08, 1.95427887206e-08, 6.89878154603e-09, 1.26765431485e-09, 1.16901610614e-09, 2.8342272973e-09, 2.09113371064e-09, 1.08381181807e-09, 1.27280141982e-09, 1.49447509923e-10, 1.69757263802e-10, 1.5628362493e-10, 1.62850621876e-09, 3.75798225871e-10, 7.48502371195e-11, 6.30657887024e-11, 1.04818563551e-10, 2.17470152997e-10, 6.71890321158e-11, 9.17455261068e-12, 3.24348295618e-12, 3.75641531769e-12, 3.56930587517e-12, 1.84687768551e-12, 4.63006586196e-12, 1.02688642312e-10, 7.63147010863e-12, 2.90334406907e-13, 7.91361130814e-14, 1.14730096015e-14, 6.18231518157e-15, 9.48719887847e-16], "min": [3.07345237662e-24, 1.67088549449e-24, 3.29093028414e-24, 2.5204691651e-24, 3.4603182448e-24, 5.1001845452e-24, 2.8393255597e-24, 3.8434269657e-24, 4.24248369309e-24, 2.05671992703e-24, 2.66162852713e-24, 4.40453071138e-24, 1.6351335294e-24, 4.78602936717e-24, 4.96822428741e-24, 3.43879299171e-24, 4.16926793475e-24, 5.56648929818e-24, 6.30086594726e-24, 4.12123222208e-24, 6.24529700737e-24, 5.69571220863e-24, 6.98075557918e-24, 4.14394589412e-24, 4.99590975531e-24, 7.5490612305e-24, 4.2085437415e-24, 3.97200853224e-24, 8.16359965288e-24, 6.17530611242e-24, 6.7448625027e-24, 3.99248381146e-24, 5.88628522612e-24, 7.1432822249e-24, 7.42245852154e-24, 7.27818296172e-24, 7.26996855312e-24, 7.68459936693e-24, 6.91642476122e-24, 6.72697823711e-24], "var": [2.96565705327e-08, 7.10632093615e-07, 1.80018050742e-05, 1.59219107445e-05, 6.66306164021e-07, 1.42308110185e-07, 1.85810463904e-07, 9.83543060329e-08, 3.09025338652e-08, 1.36426869801e-08, 8.98593466303e-09, 1.49242729286e-09, 1.85955140175e-09, 2.15653606084e-09, 1.45384482231e-09, 6.84651613181e-10, 7.29880711425e-10, 1.69916469783e-10, 1.07910631819e-10, 1.3808447441e-10, 1.68364033826e-09, 1.48145995471e-10, 3.06435120334e-11, 2.01417216239e-11, 5.80118175719e-11, 1.03006214669e-10, 5.26412247126e-11, 7.62899552559e-12, 3.10530160613e-12, 2.30550257704e-12, 2.72335821429e-12, 1.6460005017e-12, 3.0206325722e-12, 2.87284536438e-11, 2.89291052051e-12, 1.76807936239e-13, 3.51805376823e-14, 7.78961906778e-15, 3.91688363601e-15, 9.83241562645e-16], "median": [9.23509287531e-06, 3.42181447195e-05, 0.000142998746014, 0.000357904733391, 0.00015573426208, 2.97187543765e-05, 9.01571820577e-06, 2.8520091746e-06, 8.31792817735e-07, 2.96667195698e-07, 1.394097211e-07, 1.00843848827e-07, 7.83589229059e-08, 7.94410439653e-08, 6.05437051604e-08, 8.36158022821e-08, 7.97691797061e-08, 6.20390423478e-08, 3.43892949672e-08, 3.61870071686e-08, 5.7857285185e-08, 5.54209194092e-08, 2.84096390857e-08, 1.33897506416e-08, 9.64300816975e-09, 1.12208118352e-08, 7.33981941892e-09, 3.04244651694e-09, 1.94305127543e-09, 2.0882378049e-09, 2.31336461098e-09, 1.6978398687e-09, 1.40030098628e-09, 1.02523278755e-09, 7.52937656667e-10, 5.98061988821e-10, 5.1099152687e-10, 4.14702522322e-10, 3.541927307e-10, 3.1847088855e-10]}, "silence_rate_60dB": {"dmean": 0.09667853266, "dmean2": 0.193117767572, "max": 1, "dvar": 0.0873312056065, "mean": 0.398754805326, "dvar2": 0.170654773712, "min": 0, "var": 0.239746764302, "median": 0}, "spectral_energyband_middle_high": {"dmean": 0.000235354615143, "dmean2": 0.000322099920595, "max": 0.026015939191, "dvar": 6.8818951604e-07, "mean": 0.000483761832584, "dvar2": 1.23548272768e-06, "min": 1.25141006498e-21, "var": 2.41679390456e-06, "median": 1.84636755876e-05}, "erbbands_skewness": {"dmean": 0.840109169483, "dmean2": 1.19660949707, "max": 13.0761375427, "dvar": 0.98620402813, "mean": 2.28516459465, "dvar2": 2.10258793831, "min": -3.8689904213, "var": 4.39836025238, "median": 1.97074687481}, "dynamic_complexity": 6.8269109726, "dissonance": {"dmean": 0.0353714376688, "dmean2": 0.0514626316726, "max": 0.499999970198, "dvar": 0.0013724823948, "mean": 0.386778473854, "dvar2": 0.00331119005568, "min": 0.103770963848, "var": 0.0062882010825, "median": 0.399403989315}, "spectral_skewness": {"dmean": 0.962117314339, "dmean2": 1.19591712952, "max": 16.6397457123, "dvar": 0.898204505444, "mean": 4.41885995865, "dvar2": 1.6563000679, "min": -0.239245668054, "var": 7.46792268753, "median": 3.84698176384}, "spectral_kurtosis": {"dmean": 14.7280397415, "dmean2": 19.1003913879, "max": 350.841156006, "dvar": 357.472320557, "mean": 38.1352157593, "dvar2": 700.136535645, "min": -1.24636852741, "var": 1718.32141113, "median": 23.5164813995}, "gfcc": {"cov": [[16073.4931641, 1414.74853516, -6031.17919922, 15.359910965, 198.524429321, 133.643417358, 87.8276672363, -64.446395874, 12.6534175873, -372.654205322, -104.633140564, -648.038024902, -175.986251831], [1414.74853516, 1683.76977539, 198.913253784, -694.547058105, 325.101379395, -128.128234863, -30.5991458893, -221.214813232, 28.7433128357, -131.478210449, -47.1839332581, -104.315185547, 4.06772994995], [-6031.17919922, 198.913253784, 4329.14697266, 298.151397705, 120.615905762, -298.775146484, -282.729064941, -250.906692505, -73.1883087158, 32.2740936279, 34.8359451294, 367.963409424, 49.5055961609], [15.359910965, -694.547058105, 298.151397705, 861.577575684, 52.8594322205, -109.886901855, -129.228317261, -39.6928367615, 19.7106990814, -12.6067781448, 53.4504776001, 93.9828948975, -14.6864871979], [198.524429321, 325.101379395, 120.615905762, 52.8594322205, 475.880737305, -14.6403980255, -69.2010574341, -122.288757324, 88.4347381592, -14.0029211044, 8.60134506226, 36.034034729, -7.56806755066], [133.643417358, -128.128234863, -298.775146484, -109.886901855, -14.6403980255, 309.590209961, 195.0443573, 115.370513916, 3.18296384811, 70.9959487915, 16.94780159, 10.347776413, -11.0240707397], [87.8276672363, -30.5991458893, -282.729064941, -129.228317261, -69.2010574341, 195.0443573, 335.791137695, 149.976593018, 3.50038957596, -0.507728755474, 3.21578836441, 14.0398683548, -14.6643218994], [-64.446395874, -221.214813232, -250.906692505, -39.6928367615, -122.288757324, 115.370513916, 149.976593018, 288.14541626, 50.2207183838, 56.7925987244, 2.77214312553, 33.6847496033, -1.99591207504], [12.6534175873, 28.7433128357, -73.1883087158, 19.7106990814, 88.4347381592, 3.18296384811, 3.50038957596, 50.2207183838, 166.473480225, 82.3124923706, 17.930015564, 25.0874671936, -27.21434021], [-372.654205322, -131.478210449, 32.2740936279, -12.6067781448, -14.0029211044, 70.9959487915, -0.507728755474, 56.7925987244, 82.3124923706, 197.759674072, 78.8104858398, 53.8446083069, -23.0895118713], [-104.633140564, -47.1839332581, 34.8359451294, 53.4504776001, 8.60134506226, 16.94780159, 3.21578836441, 2.77214312553, 17.930015564, 78.8104858398, 118.344841003, 72.7954406738, -8.60700130463], [-648.038024902, -104.315185547, 367.963409424, 93.9828948975, 36.034034729, 10.347776413, 14.0398683548, 33.6847496033, 25.0874671936, 53.8446083069, 72.7954406738, 179.863540649, 23.6019763947], [-175.986251831, 4.06772994995, 49.5055961609, -14.6864871979, -7.56806755066, -11.0240707397, -14.6643218994, -1.99591207504, -27.21434021, -23.0895118713, -8.60700130463, 23.6019763947, 80.5696182251]], "mean": [-237.786254883, 144.684234619, -46.5132331848, 24.1264877319, -45.8006782532, -24.7433300018, -46.1250228882, -18.4311389923, -23.865524292, -11.4865522385, -16.0895576477, -6.5623884201, -9.98563194275], "icov": [[0.000396878371248, -0.00102665531449, 0.00068522663787, -0.00109787180554, 0.000416420429247, -0.000481770402985, 0.000411448912928, -0.000119645621453, 0.000586599053349, -0.000166387369973, 0.000597115023993, -0.000422066572355, 0.000680568977259], [-0.00102665531449, 0.00448211282492, -0.00196756538935, 0.00457051070407, -0.00212873192504, 0.00202415673994, -0.00135982502252, 0.000948693079408, -0.00252492772415, 0.00202107150108, -0.00303612533025, 0.00198190729134, -0.00175227236468], [0.00068522663787, -0.00196756538935, 0.00156915385742, -0.00208455976099, 0.000823157199193, -0.000613075098954, 0.000780035567004, 2.84467405436e-05, 0.00150029722136, -0.00083517661551, 0.00191334588453, -0.00190891278908, 0.00141904479824], [-0.00109787180554, 0.00457051070407, -0.00208455976099, 0.0060878363438, -0.00209561968222, 0.00212227622978, -0.000755566929001, 0.000782649905887, -0.00281570572406, 0.00272143352777, -0.00363890966401, 0.00119350687601, -0.00117236888036], [0.000416420429247, -0.00212873192504, 0.000823157199193, -0.00209561968222, 0.00439399108291, -0.00227875215933, 0.0013267720351, 0.00137566716876, -0.00186330918223, 0.000767013407312, 0.0012278908398, -0.00200733216479, 0.000815403123852], [-0.000481770402985, 0.00202415673994, -0.000613075098954, 0.00212227622978, -0.00227875215933, 0.00793145876378, -0.00438041053712, -0.000411908258684, 0.0018273681635, -0.00338387582451, 0.000176225963514, 0.00080729596084, -0.000897414749488], [0.000411448912928, -0.00135982502252, 0.000780035567004, -0.000755566929001, 0.0013267720351, -0.00438041053712, 0.00701940013096, -0.00203153560869, -0.000327868881868, 0.00299314898439, -0.000432029453805, -0.00166460766923, 0.00229138834402], [-0.000119645621453, 0.000948693079408, 2.84467405436e-05, 0.000782649905887, 0.00137566716876, -0.000411908258684, -0.00203153560869, 0.00683880643919, -0.00286323111504, -0.000239485772909, 0.00135777157266, -0.00170848844573, -0.000701761047821], [0.000586599053349, -0.00252492772415, 0.00150029722136, -0.00281570572406, -0.00186330918223, 0.0018273681635, -0.000327868881868, -0.00286323111504, 0.0132379336283, -0.00739820487797, 0.00476862303913, -0.00212699617259, 0.00340183265507], [-0.000166387369973, 0.00202107150108, -0.00083517661551, 0.00272143352777, 0.000767013407312, -0.00338387582451, 0.00299314898439, -0.000239485772909, -0.00739820487797, 0.0141998119652, -0.00879090838134, 0.000911836628802, 0.00105587369762], [0.000597115023993, -0.00303612533025, 0.00191334588453, -0.00363890966401, 0.0012278908398, 0.000176225963514, -0.000432029453805, 0.00135777157266, 0.00476862303913, -0.00879090838134, 0.0192170403898, -0.00834338460118, 0.00330147659406], [-0.000422066572355, 0.00198190729134, -0.00190891278908, 0.00119350687601, -0.00200733216479, 0.00080729596084, -0.00166460766923, -0.00170848844573, -0.00212699617259, 0.000911836628802, -0.00834338460118, 0.0133744906634, -0.00532121956348], [0.000680568977259, -0.00175227236468, 0.00141904479824, -0.00117236888036, 0.000815403123852, -0.000897414749488, 0.00229138834402, -0.000701761047821, 0.00340183265507, 0.00105587369762, 0.00330147659406, -0.00532121956348, 0.0166176054627]]}, "spectral_complexity": {"dmean": 1.17734277248, "dmean2": 1.83298718929, "max": 30, "dvar": 2.55039167404, "mean": 4.96709156036, "dvar2": 4.73250055313, "min": 0, "var": 19.7027187347, "median": 4}, "spectral_flux": {"dmean": 0.017272233963, "dmean2": 0.026697775349, "max": 0.237713128328, "dvar": 0.000404117745347, "mean": 0.0462339967489, "dvar2": 0.00105847418308, "min": 6.42014288954e-11, "var": 0.00156706443522, "median": 0.0355185270309}, "spectral_energyband_low": {"dmean": 0.00103566411417, "dmean2": 0.001513139694, "max": 0.0284719057381, "dvar": 3.61217416867e-06, "mean": 0.00231814105064, "dvar2": 8.07082506071e-06, "min": 2.44160354552e-23, "var": 1.15880657177e-05, "median": 0.000453871820355}, "spectral_decrease": {"dmean": 1.84682369397e-09, "dmean2": 2.58064325465e-09, "max": 1.28886686515e-28, "dvar": 1.08608392566e-17, "mean": -3.98817645575e-09, "dvar2": 2.77179008474e-17, "min": -6.30965928394e-08, "var": 4.04417766638e-17, "median": -1.40382061531e-09}, "barkbands_spread": {"dmean": 2.45322847366, "dmean2": 3.65926098824, "max": 105.327957153, "dvar": 36.3727684021, "mean": 5.70755004883, "dvar2": 73.4886550903, "min": 0.0427870489657, "var": 92.8998184204, "median": 2.21648097038}, "spectral_rms": {"dmean": 0.000782088434789, "dmean2": 0.000964082311839, "max": 0.0153860226274, "dvar": 7.8165527384e-07, "mean": 0.00295860669576, "dvar2": 1.61560683409e-06, "min": 3.14882169818e-12, "var": 6.32380124443e-06, "median": 0.0023289991077}, "spectral_centroid": {"dmean": 121.038070679, "dmean2": 172.613555908, "max": 11574.9902344, "dvar": 118527.0625, "mean": 522.888427734, "dvar2": 180687.859375, "min": 133.099182129, "var": 790072.9375, "median": 264.310150146}, "barkbands_skewness": {"dmean": 1.29995381832, "dmean2": 2.00669193268, "max": 19.0177345276, "dvar": 2.75778770447, "mean": 2.52125692368, "dvar2": 7.5120215416, "min": -5.87340927124, "var": 6.66677474976, "median": 2.2506480217}, "spectral_rolloff": {"dmean": 169.660186768, "dmean2": 278.017059326, "max": 19164.5507812, "dvar": 392488.65625, "mean": 591.269714355, "dvar2": 700969.6875, "min": 86.1328125, "var": 2111853.75, "median": 258.3984375}, "erbbands_spread": {"dmean": 6.68908977509, "dmean2": 10.1690349579, "max": 128.262008667, "dvar": 145.101837158, "mean": 16.6483154297, "dvar2": 348.25579834, "min": 0.307714164257, "var": 334.283172607, "median": 10.9139041901}, "barkbands": {"dmean": [1.25017850223e-05, 0.000193210405996, 0.000531528727151, 0.00195030332543, 0.00524725671858, 0.000560250831768, 0.000399450684199, 0.000182902469533, 0.00012140902254, 3.29360773321e-05, 4.48524988315e-05, 5.36015577381e-05, 3.41034210578e-05, 3.50539157807e-05, 2.23883707804e-05, 4.28133171226e-05, 2.44089533226e-05, 1.59226183314e-05, 2.79154610325e-05, 1.5877878468e-05, 7.4896197475e-06, 6.8363419814e-06, 9.31903468882e-06, 1.5272814835e-06, 3.47210431073e-07, 7.53369135964e-08, 2.13964010953e-08], "dmean2": [1.95448010345e-05, 0.000259881780948, 0.00071971968282, 0.003298076801, 0.00758722051978, 0.000825769093353, 0.000571604236029, 0.000268325646175, 0.00017946700973, 4.61545059807e-05, 6.53971583233e-05, 7.91514175944e-05, 5.14119856234e-05, 5.6478609622e-05, 3.51583876181e-05, 6.81436358718e-05, 3.89105371141e-05, 2.64237478405e-05, 4.30785657954e-05, 2.38655975409e-05, 1.05505196188e-05, 9.47903936321e-06, 1.44515834108e-05, 2.25307235269e-06, 4.73935614309e-07, 1.03917265903e-07, 3.20609920834e-08], "max": [0.00226714322343, 0.0134537462145, 0.0144615657628, 0.138535737991, 0.15153208375, 0.0403750166297, 0.0402520261705, 0.0232285726815, 0.0190698672086, 0.00485760020092, 0.00667949113995, 0.0133361602202, 0.0072571747005, 0.00630136020482, 0.00343111529946, 0.0094639537856, 0.00518962461501, 0.0027713556774, 0.00709566753358, 0.00251030083746, 0.00226493785158, 0.00255603762344, 0.00878571625799, 0.000237150758039, 4.39251743956e-05, 8.72834516485e-06, 1.46544414292e-06], "dvar": [7.59452145616e-09, 1.78507832516e-07, 1.29077625388e-06, 4.69214101031e-05, 9.77044037427e-05, 1.99990859073e-06, 3.0001012874e-06, 6.56877318761e-07, 4.16709127649e-07, 2.29973053933e-08, 3.35760965697e-08, 1.33186006224e-07, 4.32512656801e-08, 4.67787621972e-08, 1.01836707955e-08, 7.74702186845e-08, 2.78927227981e-08, 1.12176827827e-08, 3.6509675283e-08, 7.58025731074e-09, 2.55842902419e-09, 2.95097346559e-09, 3.39037278252e-08, 1.06977732228e-10, 3.98312372668e-12, 1.32935248096e-13, 1.76953060088e-15], "mean": [1.13024962047e-05, 0.000474411906907, 0.00117022509221, 0.00312927435152, 0.00820644851774, 0.000866573827807, 0.000562553585041, 0.000312254327582, 0.000184695818461, 5.60840198887e-05, 7.21295291441e-05, 7.76938759373e-05, 4.20343349106e-05, 4.26450824307e-05, 3.26343506458e-05, 7.36916335882e-05, 3.20001126966e-05, 1.8025868485e-05, 3.70960951841e-05, 2.32474612858e-05, 1.02420990515e-05, 7.91503680375e-06, 8.42195004225e-06, 1.76415551323e-06, 5.32292460775e-07, 1.43878210679e-07, 9.15454023698e-08], "dvar2": [1.66658988832e-08, 2.89981443302e-07, 2.19078879127e-06, 0.00013557098282, 0.000232881357078, 3.53254608854e-06, 5.76427100896e-06, 1.4178389165e-06, 8.63629111336e-07, 4.12841600905e-08, 6.02103966685e-08, 2.95915725701e-07, 8.08199800417e-08, 1.15008610635e-07, 2.49664022789e-08, 1.84486353305e-07, 7.34968566007e-08, 3.0093971759e-08, 8.78606982724e-08, 1.73199676823e-08, 5.52278578425e-09, 4.76694728135e-09, 8.91237661449e-08, 2.33940145034e-10, 6.51768829879e-12, 2.17232116084e-13, 3.24087765224e-15], "min": [9.64125485193e-25, 4.82073766928e-24, 2.37818666236e-24, 5.00761014025e-24, 1.46533169287e-23, 2.08645915485e-23, 1.25164647081e-23, 1.95015976765e-23, 1.42923215567e-23, 2.31826498522e-23, 9.50227373208e-24, 6.81074800773e-23, 3.88635291074e-23, 6.17815981674e-23, 6.81924624849e-23, 1.21948013098e-22, 1.27870705044e-22, 8.92498295505e-23, 1.89643398549e-22, 1.6766303267e-22, 2.83335486873e-22, 2.47513376275e-22, 5.17863531072e-22, 6.65168827947e-22, 8.77244325684e-22, 1.51510983204e-21, 2.04981171904e-21], "var": [8.03075383971e-09, 1.08346182515e-06, 4.7796816034e-06, 8.85136250872e-05, 0.000230671648751, 4.17349565396e-06, 5.26705298398e-06, 1.25859810396e-06, 8.20935156298e-07, 6.06657266644e-08, 9.32184747171e-08, 2.08446650163e-07, 6.41081356889e-08, 6.30101411048e-08, 1.54106984951e-08, 2.21291045932e-07, 2.66461785969e-08, 1.0659045202e-08, 5.17350322582e-08, 1.4105608237e-08, 3.87300991278e-09, 5.46522693767e-09, 2.6793040675e-08, 1.27167873454e-10, 7.77541746266e-12, 3.0738649473e-13, 8.93810765283e-15], "median": [1.21396033137e-06, 4.05948158004e-05, 7.06503851688e-05, 0.000169769569766, 0.0017027517315, 0.000210693106055, 3.17481317325e-05, 5.89612409385e-06, 2.03702052204e-06, 7.34540947178e-07, 5.61812669275e-07, 6.79608888277e-07, 7.92329842625e-07, 8.88995487003e-07, 5.16123918715e-07, 7.09931498477e-07, 8.88049214609e-07, 3.39608220656e-07, 2.85657506538e-07, 1.39651376685e-07, 1.02234430699e-07, 8.38590068497e-08, 4.9388109602e-08, 3.80534075362e-08, 3.52394700087e-08, 4.92193734658e-08, 8.65248779292e-08]}, "melbands_kurtosis": {"dmean": 15.1533622742, "dmean2": 24.3826732635, "max": 611.69128418, "dvar": 1186.51806641, "mean": 26.2990703583, "dvar2": 3072.97363281, "min": -1.88946139812, "var": 1579.18481445, "median": 14.1588497162}, "erbbands_crest": {"dmean": 3.37808060646, "dmean2": 4.95864725113, "max": 30.7011051178, "dvar": 8.09495639801, "mean": 16.2292308807, "dvar2": 20.3508071899, "min": 2.42518591881, "var": 43.0979347229, "median": 15.5036554337}, "melbands_skewness": {"dmean": 0.995526134968, "dmean2": 1.5374288559, "max": 19.4129657745, "dvar": 1.81258583069, "mean": 2.50135874748, "dvar2": 4.37538766861, "min": -2.03716802597, "var": 5.6130065918, "median": 1.93946707249}, "spectral_energyband_middle_low": {"dmean": 0.00671033654362, "dmean2": 0.00948884524405, "max": 0.238648891449, "dvar": 0.000159748247825, "mean": 0.0132829276845, "dvar2": 0.000410394772189, "min": 2.05139592845e-22, "var": 0.00056052277796, "median": 0.00337426457554}, "spectral_contrast_coeffs": {"dmean": [0.0549067296088, 0.0523290969431, 0.0308563504368, 0.0262740310282, 0.021515512839, 0.0180360320956], "dmean2": [0.0795344933867, 0.0748337879777, 0.0489807315171, 0.0403340309858, 0.0321973748505, 0.0263654384762], "max": [-0.15660430491, -0.382778614759, -0.591956377029, -0.608368039131, -0.632920742035, -0.533765792847], "dvar": [0.00180001882836, 0.00192771945149, 0.000706183549482, 0.000588544411585, 0.000481132708956, 0.00050535966875], "mean": [-0.535873532295, -0.70575851202, -0.834637403488, -0.841136991978, -0.840078115463, -0.824245870113], "dvar2": [0.00383544480428, 0.00392136210576, 0.00171162886545, 0.0012438215781, 0.000947150518186, 0.00084384996444], "min": [-0.978987455368, -0.972144782543, -0.968034744263, -0.970617711544, -0.963760972023, -0.963691532612], "var": [0.0199828166515, 0.00999388936907, 0.00299092964269, 0.00351873133332, 0.00342681910843, 0.00344160734676], "median": [-0.55242395401, -0.708040833473, -0.842800021172, -0.845279455185, -0.84336656332, -0.833598315716]}, "spectral_contrast_valleys": {"dmean": [0.47056388855, 0.421188086271, 0.401162058115, 0.380121231079, 0.305155873299, 0.197723045945], "dmean2": [0.762955307961, 0.622924029827, 0.586957454681, 0.551840364933, 0.426918417215, 0.280309349298], "max": [-6.26919555664, -5.15992212296, -5.68708562851, -5.89744377136, -6.43593883514, -9.31052303314], "dvar": [0.165190145373, 0.177112534642, 0.1884149611, 0.19389629364, 0.165227249265, 0.0864963829517], "mean": [-8.72805786133, -8.39265537262, -9.79364490509, -10.3977689743, -10.4288387299, -12.9363155365], "dvar2": [0.365933805704, 0.342245966196, 0.348416775465, 0.339375138283, 0.254127651453, 0.114187926054], "min": [-27.9887313843, -27.9237709045, -27.9282016754, -27.5473232269, -27.4119720459, -27.357088089], "var": [2.45549416542, 2.83148050308, 3.85218214989, 3.80194592476, 3.38020062447, 1.56783378124], "median": [-8.65614509583, -8.43413162231, -9.88306331635, -10.2408828735, -10.5273914337, -13.1512069702]}, "silence_rate_20dB": {"dmean": 0, "dmean2": 0, "max": 1, "dvar": 0, "mean": 1, "dvar2": 0, "min": 1, "var": 0, "median": 1}, "silence_rate_30dB": {"dmean": 0.00948991719633, "dmean2": 0.018985465169, "max": 1, "dvar": 0.00939975492656, "mean": 0.984583437443, "dvar2": 0.0221843346953, "min": 0, "var": 0.0151789830998, "median": 1}, "spectral_strongpeak": {"dmean": 0.254096388817, "dmean2": 0.360858380795, "max": 7.91034936905, "dvar": 0.137330844998, "mean": 0.574440062046, "dvar2": 0.330135077238, "min": 0, "var": 0.373908340931, "median": 0.347702205181}, "spectral_spread": {"dmean": 577127.375, "dmean2": 808983.3125, "max": 41463676, "dvar": 461719011328, "mean": 2796938.25, "dvar2": 785775132672, "min": 353875.71875, "var": 7963849785340.0, "median": 2348408.5}, "barkbands_flatness_db": {"dmean": 0.0408317558467, "dmean2": 0.044995687902, "max": 0.714006304741, "dvar": 0.00121082470287, "mean": 0.330828905106, "dvar2": 0.00196903268807, "min": 0.0427606664598, "var": 0.0156878773123, "median": 0.324715197086}, "pitch_salience": {"dmean": 0.0847566127777, "dmean2": 0.121893182397, "max": 0.929263710976, "dvar": 0.0053070820868, "mean": 0.530329585075, "dvar2": 0.0113931745291, "min": 0.0724770501256, "var": 0.0291243959218, "median": 0.560501515865}, "erbbands_kurtosis": {"dmean": 11.7465467453, "dmean2": 14.808180809, "max": 429.240722656, "dvar": 504.144744873, "mean": 25.180437088, "dvar2": 871.608947754, "min": -1.90460240841, "var": 1945.39001465, "median": 8.22917461395}, "average_loudness": 0.0990254059434, "barkbands_crest": {"dmean": 2.83931803703, "dmean2": 4.20668792725, "max": 26.4100246429, "dvar": 5.45077514648, "mean": 15.0921239853, "dvar2": 12.7928009033, "min": 3.7413816452, "var": 26.4963951111, "median": 14.6478662491}, "hfc": {"dmean": 1.97146868706, "dmean2": 2.70157623291, "max": 122.698059082, "dvar": 14.8996601105, "mean": 4.43011760712, "dvar2": 34.7625846863, "min": 1.1132822694e-16, "var": 54.5040817261, "median": 1.56307661533}, "barkbands_kurtosis": {"dmean": 33.6170845032, "dmean2": 51.2847976685, "max": 1734.17443848, "dvar": 8867.58496094, "mean": 50.7560501099, "dvar2": 19438.7675781, "min": -1.92640841007, "var": 13419.8398438, "median": 18.15193367}, "erbbands": {"dmean": [0.00190733850468, 0.0594215206802, 0.490153670311, 2.86398816109, 14.176115036, 19.511472702, 5.47519683838, 4.50620031357, 4.92249488831, 5.20300626755, 3.66051411629, 2.37204170227, 2.03043079376, 1.54766428471, 1.65676367283, 1.9707930088, 1.51892077923, 1.88533878326, 1.1744427681, 0.931624531746, 2.80353522301, 1.44126164913, 0.841297864914, 1.06842064857, 1.52177011967, 0.58770519495, 0.325688153505, 0.311311393976, 0.244403913617, 0.356061458588, 0.186745479703, 0.0508894585073, 0.017654331401, 0.00585780851543, 0.00168652448338, 0.000564435846172, 9.7556381661e-05, 2.25562089327e-05, 5.30645320396e-06, 7.8859147834e-06], "dmean2": [0.00287015200593, 0.0785585939884, 0.653545022011, 4.67892026901, 21.8456764221, 27.0992126465, 8.11628627777, 6.40855407715, 7.43850469589, 7.31649208069, 5.27275562286, 3.55616784096, 2.93349575996, 2.23607563972, 2.34097647667, 2.87619113922, 2.20803809166, 3.09322071075, 1.74892354012, 1.40341997147, 4.50974082947, 2.19999837875, 1.37213134766, 1.65458083153, 2.34316062927, 0.839354813099, 0.448575049639, 0.430969834328, 0.338514655828, 0.557864844799, 0.283042103052, 0.0719162672758, 0.0258410405368, 0.00835670903325, 0.00224896962754, 0.000793819141109, 0.000139245894388, 3.4027852962e-05, 8.03503735369e-06, 1.10483179014e-05], "max": [0.134379312396, 3.71578788757, 15.4314069748, 180.558944702, 712.683105469, 487.204315186, 314.347900391, 343.676025391, 540.783447266, 537.833312988, 376.774658203, 456.103729248, 503.959960938, 159.451080322, 300.558441162, 452.921600342, 267.355285645, 424.107727051, 156.427124023, 236.4168396, 553.052124023, 262.259979248, 163.435333252, 234.69972229, 476.291168213, 124.552360535, 81.1999816895, 99.5598754883, 75.5450057983, 385.316680908, 118.312973022, 10.7869224548, 2.72561883926, 0.711998343468, 0.19826233387, 0.0760931149125, 0.00767173431814, 0.00136397837196, 0.000281312561128, 0.000265324983047], "dvar": [2.84481320705e-05, 0.0158551856875, 0.959712743759, 71.0267105103, 1353.4822998, 1405.01086426, 148.648483276, 143.658569336, 482.436157227, 474.350769043, 262.67477417, 218.482284546, 147.202514648, 39.7246284485, 63.1276931763, 180.394958496, 80.34375, 162.451385498, 23.9687538147, 30.3400096893, 326.514099121, 83.2366638184, 31.0435409546, 48.8313217163, 126.82900238, 11.2772378922, 3.79787445068, 4.87406301498, 3.28194737434, 62.2416610718, 6.36223077774, 0.149803847075, 0.0107700405642, 0.00113001954742, 8.66096961545e-05, 9.64784339885e-06, 1.56159202902e-07, 2.05069539128e-09, 6.89154150413e-11, 1.92074994798e-10], "mean": [0.00388223817572, 0.156801685691, 1.22981357574, 5.15901851654, 25.424249649, 28.47631073, 9.47610664368, 6.90805482864, 7.0151925087, 8.32123947144, 6.38090467453, 3.63979077339, 3.35106396675, 2.57849860191, 2.62500810623, 2.89935064316, 2.07294249535, 2.25735521317, 1.82575130463, 1.67253792286, 4.67292451859, 2.14382719994, 1.02214038372, 1.40381932259, 2.10313653946, 0.91621285677, 0.492469519377, 0.379730671644, 0.290801137686, 0.316433221102, 0.189121350646, 0.0573922917247, 0.0219095628709, 0.00819540768862, 0.00282082520425, 0.000955842784606, 0.000208520359593, 8.56772530824e-05, 2.00167251023e-05, 1.79150265467e-05], "dvar2": [6.13373194938e-05, 0.0251972060651, 1.50056493282, 203.539733887, 3691.03735352, 2941.64331055, 317.760498047, 248.359024048, 910.233093262, 1006.62213135, 526.609741211, 518.741760254, 281.123626709, 82.2522888184, 111.6353302, 387.272796631, 151.311325073, 398.467895508, 45.6309051514, 76.3769683838, 797.312744141, 208.840713501, 84.6056137085, 121.211517334, 326.314849854, 22.8969268799, 7.97275352478, 9.48404884338, 5.13699245453, 162.12336731, 15.9874353409, 0.316139996052, 0.0215853750706, 0.00201356899925, 0.000136047950946, 1.75582754309e-05, 2.67169042445e-07, 3.64090757543e-09, 1.5823782562e-10, 4.9116344325e-10], "min": [1.83085566289e-22, 1.30433962774e-21, 4.04064400638e-21, 1.85367895631e-20, 2.10970557306e-20, 4.55635832189e-20, 1.19008478056e-19, 2.04087364478e-19, 1.68988837392e-19, 3.41211614937e-19, 5.95153452202e-19, 3.77519493004e-19, 5.48577238355e-19, 1.20678413541e-18, 7.29675198583e-19, 2.747684925e-18, 2.24088625294e-18, 2.63219086595e-18, 3.54381669288e-18, 5.17770974732e-18, 6.62271031861e-18, 6.77857141194e-18, 6.42547241027e-18, 7.58198464396e-18, 8.47114424545e-18, 6.11505510103e-18, 1.18246725879e-17, 1.29060466299e-17, 8.25205387968e-18, 1.22585536346e-17, 1.52769720858e-17, 1.1388582969e-17, 1.14375239371e-17, 8.58179371445e-18, 6.12965732038e-18, 5.16977956678e-18, 2.59820139419e-18, 1.13559335298e-18, 2.77351151998e-19, 2.89515056163e-20], "var": [6.90346714691e-05, 0.0997908264399, 4.49739694595, 158.08656311, 4195.97851562, 2981.91601562, 344.989105225, 296.875671387, 743.27545166, 971.942626953, 540.442871094, 326.898132324, 380.976898193, 105.366424561, 152.485412598, 297.131164551, 125.440444946, 206.574432373, 54.701133728, 44.1615257263, 867.497192383, 109.779914856, 29.7029933929, 72.6578140259, 159.899185181, 22.1928405762, 6.92556190491, 7.33096647263, 6.17732954025, 49.7144775391, 6.11481380463, 0.182105973363, 0.0153586799279, 0.00190026510973, 0.000200808557565, 2.05408068723e-05, 3.58495611863e-07, 7.2013395247e-09, 2.61643373634e-10, 7.24624693582e-10], "median": [0.000932861235924, 0.0164492614567, 0.122334055603, 0.695485532284, 2.2088534832, 6.58568811417, 3.35230183601, 1.35472238064, 0.675125658512, 0.336026579142, 0.132125973701, 0.0567456968129, 0.0306422319263, 0.0267310459167, 0.0264729000628, 0.0276069547981, 0.0361008942127, 0.0505943410099, 0.0404375270009, 0.0286126248538, 0.0539352335036, 0.0558127760887, 0.0247510671616, 0.0143439881504, 0.0149934040383, 0.00682691019028, 0.00397529965267, 0.00420911284164, 0.00305937952362, 0.00216728216037, 0.00132066558581, 0.000893049815204, 0.000583195709623, 0.000391862238757, 0.000261069013504, 0.000166569865542, 0.000105130289739, 9.05913329916e-05, 1.98291418201e-05, 7.43495866118e-06]}, "spectral_energy": {"dmean": 0.00713509274647, "dmean2": 0.00996238365769, "max": 0.242647945881, "dvar": 0.000160814786796, "mean": 0.0154540836811, "dvar2": 0.000410064560128, "min": 1.01629550711e-20, "var": 0.000604010012466, "median": 0.00555984303355}, "zerocrossingrate": {"dmean": 0.00539498636499, "dmean2": 0.00617325957865, "max": 0.5205078125, "dvar": 0.000185308381333, "mean": 0.0237287599593, "dvar2": 0.000230619