{"metadata": {"audio_properties": {"downmix": "mix", "bit_rate": 192000, "lossless": false, "md5_encoded": "3c44dc389ccfcdd7cf23665ae9c983ab", "analysis_sample_rate": 44100, "sample_rate": 44100, "replay_gain": -7.55093955994, "equal_loudness": 0, "codec": "mp3", "length": 281.62612915}, "tags": {"album": ["My Red Scare"], "artist": ["Frankie Sparo"], "musicbrainz_recordingid": ["5f17925a-c7a5-4873-840c-8ae3466f0cd3"], "albumartist": ["Frankie Sparo"], "title": ["01 - Bastard Heart"], "genre": ["Other"], "tracknumber": ["1"], "date": ["2000"], "file_name": "236233.mp3"}, "version": {"essentia_build_sha": "70f2e5ece6736b2c40cc944ad0e695b16b925413", "essentia_git_sha": "v2.1_beta2", "extractor": "music 1.0", "essentia": "2.1-beta2"}}, "tonal": {"chords_scale": "major", "hpcp": {"dmean": [0.0638532340527, 0.0451777763665, 0.034834895283, 0.0399331524968, 0.0599818862975, 0.101064026356, 0.107279494405, 0.113559275866, 0.156773880124, 0.132736191154, 0.124715805054, 0.0531081221998, 0.0435254834592, 0.0589681714773, 0.0894483029842, 0.0911094769835, 0.0845532044768, 0.053994230926, 0.0490806624293, 0.090280175209, 0.134114667773, 0.140864506364, 0.0974035933614, 0.0796408057213, 0.0700004994869, 0.0471007153392, 0.0284361932427, 0.0280025880784, 0.0471681393683, 0.0932481810451, 0.11461020261, 0.0763338506222, 0.035666693002, 0.0243834797293, 0.0318505354226, 0.0560330450535], "dvar2": [0.0561609938741, 0.0415305569768, 0.0436356924474, 0.0507675819099, 0.0600836239755, 0.0855467841029, 0.0965729132295, 0.0926016718149, 0.14606718719, 0.109465748072, 0.12000862509, 0.0605656206608, 0.0534536056221, 0.0642473325133, 0.0933532938361, 0.0899645015597, 0.0899451896548, 0.0549876317382, 0.0555932186544, 0.0766719505191, 0.0964017882943, 0.116018138826, 0.0745431706309, 0.0751101076603, 0.0709998905659, 0.0375472642481, 0.025969017297, 0.026488814503, 0.0425954945385, 0.0683257877827, 0.0841880217195, 0.0533459335566, 0.0337967388332, 0.020579142496, 0.0306360851973, 0.0443158112466], "mean": [0.10599000752, 0.0529316179454, 0.0277890805155, 0.0379223637283, 0.0694210380316, 0.170394942164, 0.190011531115, 0.125280246139, 0.230603218079, 0.289359003305, 0.144487515092, 0.0418249815702, 0.0355607420206, 0.0562995374203, 0.12464183569, 0.171254143119, 0.11687463522, 0.0515554472804, 0.0401892326772, 0.111596442759, 0.274753987789, 0.27892318368, 0.126666933298, 0.0999846309423, 0.116118468344, 0.068718470633, 0.0330755226314, 0.0245612114668, 0.0391984246671, 0.148977726698, 0.216267094016, 0.11303332448, 0.0293630510569, 0.0214957632124, 0.0321574993432, 0.0890573263168], "var": [0.0525371991098, 0.0175932236016, 0.0122208865359, 0.0178072229028, 0.0306539088488, 0.0777147859335, 0.0964968055487, 0.0428984574974, 0.0914273113012, 0.131577089429, 0.0525565966964, 0.0172082763165, 0.0169470570982, 0.0258589517325, 0.0607682205737, 0.0957477614284, 0.0579960346222, 0.023665888235, 0.017912061885, 0.044443257153, 0.119908727705, 0.125895574689, 0.0443447865546, 0.048139795661, 0.0690972730517, 0.0313083864748, 0.0123090557754, 0.00674395775422, 0.0116739617661, 0.0472691580653, 0.0978044718504, 0.0340024717152, 0.00922188255936, 0.00656774360687, 0.0118447998539, 0.0386006124318], "dmean2": [0.107189774513, 0.0791586637497, 0.0637215152383, 0.0729773640633, 0.10488217324, 0.169546201825, 0.184812694788, 0.201586768031, 0.276075303555, 0.225075125694, 0.222224757075, 0.0968389064074, 0.0788729041815, 0.105149567127, 0.15464027226, 0.155772298574, 0.148460432887, 0.095051266253, 0.088618658483, 0.155855253339, 0.221215382218, 0.238522171974, 0.168673560023, 0.137553438544, 0.117791853845, 0.0808820053935, 0.0509217306972, 0.0507789514959, 0.0848890841007, 0.156304761767, 0.187104985118, 0.128910943866, 0.0642757043242, 0.0430600605905, 0.0558165460825, 0.0930912271142], "dvar": [0.0226740427315, 0.0154411448166, 0.0154339419678, 0.0180879812688, 0.0219123531133, 0.0337022654712, 0.0385378189385, 0.034411650151, 0.0518289171159, 0.0442532449961, 0.0405804775655, 0.0212959758937, 0.0202531442046, 0.0246929582208, 0.0357075892389, 0.0363976247609, 0.0343606173992, 0.0211465805769, 0.0201370343566, 0.029767151922, 0.0406815670431, 0.0467886589468, 0.0276069883257, 0.0294050369412, 0.0306989401579, 0.0144607266411, 0.00913268886507, 0.00921208038926, 0.0150410011411, 0.0258999522775, 0.0365187004209, 0.0198870413005, 0.0120634399354, 0.00737291527912, 0.0111210998148, 0.0175946876407], "min": [0, 0, 0, 0, 0, 0, 0, 0, 0, 0, 0, 0, 0, 0, 0, 0, 0, 0, 0, 0, 0, 0, 0, 0, 0, 0, 0, 0, 0, 0, 0, 0, 0, 0, 0, 0], "median": [0.00813299044967, 0.00535950949416, 0.00167561159469, 0.00156988762319, 0.00697703752667, 0.0244642831385, 0.0255887024105, 0.0296778269112, 0.0733506530523, 0.0873976796865, 0.0283012390137, 0.00244056805968, 0.00137355923653, 0.00271872989833, 0.00911135878414, 0.0115355029702, 0.00650753406808, 0.00282573932782, 0.00211037369445, 0.0120408367366, 0.0759100392461, 0.0756904929876, 0.0238696560264, 0.00386454816908, 0.00241322605871, 0.00284387450665, 0.00303703639656, 0.00307710329071, 0.00474623963237, 0.0439895987511, 0.052283026278, 0.0248130634427, 0.00268247607164, 0.00178814958781, 0.00285281799734, 0.00620120344684], "max": [1, 1, 1, 1, 1, 1, 1, 1, 1, 1, 1, 1, 1, 1, 1, 1, 1, 1, 1, 1, 1, 1, 1, 1, 1, 1, 1, 1, 1, 1, 1, 1, 1, 1, 1, 1]}, "tuning_equal_tempered_deviation": 0.126498878002, "chords_key": "C", "chords_strength": {"dmean": 0.00913152564317, "dvar2": 6.01502288191e-05, "mean": 0.519434928894, "var": 0.0108955893666, "dmean2": 0.00818057823926, "dvar": 6.64720864734e-05, "min": 0.230408430099, "median": 0.519432127476, "max": 0.784557580948}, "tuning_diatonic_strength": 0.550835609436, "thpcp": [1, 0.499336510897, 0.144543558359, 0.122894890606, 0.194566398859, 0.430751532316, 0.591839671135, 0.403908759356, 0.178171217442, 0.138890549541, 0.385667771101, 0.949526309967, 0.963934719563, 0.437750101089, 0.34553834796, 0.401295512915, 0.237485170364, 0.114306181669, 0.0848814472556, 0.13546641171, 0.514854311943, 0.747400581837, 0.390633523464, 0.101476199925, 0.0742875188589, 0.111133567989, 0.30777451396, 0.366292417049, 0.182927146554, 0.0960366874933, 0.131056442857, 0.23991318047, 0.588870346546, 0.65666359663, 0.432957828045, 0.796945035458], "chords_histogram": [19.6999664307, 12.2980546951, 9.97362327576, 4.91262769699, 3.01681494713, 0.0824266374111, 0.560501158237, 1.0550609827, 2.93438839912, 5.37421703339, 7.48433876038, 1.03857564926, 0.247279927135, 1.08803164959, 0.593471825123, 1.96175408363, 0.313221246004, 1.68150341511, 1.89581274986, 1.68150341511, 2.07715129852, 6.23145389557, 6.47873401642, 7.31948566437], "tuning_nontempered_energy_ratio": 0.789219737053, "tuning_frequency": 444.598632812, "key_strength": 0.74907720089, "chords_changes_rate": 0.0703923478723, "key_scale": "major", "hpcp_entropy": {"dmean": 0.579173803329, "dvar2": 0.668874144554, "mean": 1.84970498085, "var": 0.758275806904, "dmean2": 0.963699996471, "dvar": 0.272577434778, "min": 0, "median": 1.88040137291, "max": 4.763256073}, "key_key": "C", "chords_number_rate": 0.00313221244141}, "lowlevel": {"melbands_skewness": {"dmean": 0.797451913357, "dvar2": 1.76650285721, "mean": 3.16956734657, "var": 4.94233560562, "dmean2": 1.20538330078, "dvar": 0.800409197807, "min": -3.84691882133, "median": 2.93464493752, "max": 16.5610618591}, "melbands_kurtosis": {"dmean": 11.3817749023, "dvar2": 892.909851074, "mean": 28.9229793549, "var": 1265.02624512, "dmean2": 17.9217815399, "dvar": 368.685791016, "min": -1.94981300831, "median": 18.3050270081, "max": 546.833312988}, "barkbands_kurtosis": {"dmean": 8.31744384766, "dvar2": 1386.21984863, "mean": 19.0892295837, "var": 1033.8536377, "dmean2": 12.8593740463, "dvar": 651.203735352, "min": -1.94347679615, "median": 12.1468257904, "max": 1600.06286621}, "hfc": {"dmean": 2.60221719742, "dvar2": 72.4843521118, "mean": 8.72018718719, "var": 316.814544678, "dmean2": 3.44447922707, "dvar": 49.6468887329, "min": 1.18137935085e-16, "median": 3.47550916672, "max": 382.413970947}, "silence_rate_20dB": {"dmean": 0, "dvar2": 0, "mean": 1, "var": 0, "dmean2": 0, "dvar": 0, "min": 1, "median": 1, "max": 1}, "erbbands_flatness_db": {"dmean": 0.0190440751612, "dvar2": 0.000820950663183, "mean": 0.23697462678, "var": 0.00752911623567, "dmean2": 0.026778401807, "dvar": 0.000523471098859, "min": 0.0504116006196, "median": 0.213987708092, "max": 0.463865071535}, "spectral_flux": {"dmean": 0.0195850711316, "dvar2": 0.00209532864392, "mean": 0.0436023771763, "var": 0.00138738180976, "dmean2": 0.0326754078269, "dvar": 0.000769633625168, "min": 1.04142382218e-10, "median": 0.0330245383084, "max": 0.370872080326}, "spectral_energyband_low": {"dmean": 0.00334987533279, "dvar2": 0.000211948688957, "mean": 0.00626606820151, "var": 0.000250648736255, "dmean2": 0.00504630431533, "dvar": 9.7469695902e-05, "min": 5.00897392299e-23, "median": 0.00177231081761, "max": 0.265825182199}, "spectral_rolloff": {"dmean": 181.62727356, "dvar2": 572760.9375, "mean": 797.839294434, "var": 2106348.75, "dmean2": 291.879516602, "dvar": 334861.1875, "min": 86.1328125, "median": 409.130859375, "max": 18561.6210938}, "spectral_entropy": {"dmean": 0.230429515243, "dvar2": 0.111723124981, "mean": 6.44879627228, "var": 0.932211697102, "dmean2": 0.326065331697, "dvar": 0.0668155103922, "min": 3.51202130318, "median": 6.482006073, "max": 9.81242370605}, "spectral_energy": {"dmean": 0.00664393510669, "dvar2": 0.000357644748874, "mean": 0.0181994047016, "var": 0.000685928098392, "dmean2": 0.00954501982778, "dvar": 0.000182070478331, "min": 1.0845635147e-20, "median": 0.00923208519816, "max": 0.335484176874}, "spectral_centroid": {"dmean": 114.109306335, "dvar2": 91306.703125, "mean": 657.265991211, "var": 597328.3125, "dmean2": 161.498397827, "dvar": 64412.5234375, "min": 87.7615280151, "median": 454.032836914, "max": 10982.8544922}, "barkbands_flatness_db": {"dmean": 0.0259477440268, "dvar2": 0.00124794756994, "mean": 0.257554143667, "var": 0.00862749200314, "dmean2": 0.0374967679381, "dvar": 0.000709445390385, "min": 0.0356027595699, "median": 0.248880922794, "max": 0.600247204304}, "spectral_rms": {"dmean": 0.000684247934259, "dvar2": 1.4247392528e-06, "mean": 0.00345830223523, "var": 5.79567449677e-06, "dmean2": 0.00095483608311, "dvar": 8.27521432711e-07, "min": 3.25286130497e-12, "median": 0.00300115183927, "max": 0.0180914793164}, "melbands": {"dmean": [2.79822324956e-05, 0.000434355752077, 0.000996532384306, 0.000151319167344, 0.000224488263484, 0.00043940829346, 0.000176178422407, 7.6254553278e-05, 1.44199993883e-05, 1.95183511096e-05, 2.03603030968e-05, 1.56389651238e-05, 1.40921583807e-05, 6.27707640888e-06, 6.36152344669e-06, 5.23446760781e-06, 5.84548524785e-06, 5.09447454533e-06, 2.19314165406e-06, 1.56263797635e-06, 2.19152229874e-06, 2.28112639888e-06, 1.39404573929e-06, 4.22422118618e-07, 4.10475365697e-07, 8.80869265529e-07, 7.6367928159e-07, 6.00926796324e-07, 1.18249658954e-06, 1.73021214778e-06, 1.630310976e-06, 1.1521963188e-06, 6.40099131033e-07, 5.80615107992e-07, 4.42357134034e-07, 2.54846554526e-07, 1.43422681731e-07, 2.14309366697e-07, 3.15684161478e-07, 2.37193077623e-07], "dvar2": [1.77671264368e-08, 2.666849241e-06, 2.05862670555e-05, 4.55665002619e-07, 4.21832680786e-07, 2.73185719379e-06, 5.82868437959e-07, 6.49577543754e-07, 5.41315126057e-09, 1.20752927657e-08, 3.48377398041e-08, 1.21755761029e-08, 6.75841871356e-09, 2.21459051097e-09, 1.4956298422e-09, 1.01456243407e-09, 1.35629418807e-09, 2.3144832717e-09, 1.01304997724e-09, 8.52044615418e-11, 2.68309152673e-10, 2.20695448028e-10, 1.05722382238e-10, 1.13102921126e-11, 4.11122559607e-11, 1.37378622367e-10, 9.14204753566e-11, 6.16718828783e-11, 2.09266923235e-10, 4.4116615916e-10, 3.2604416389e-10, 3.50403261962e-10, 7.7575765256e-11, 3.5879358512e-11, 2.97075940237e-11, 7.75091883037e-12, 1.89233286159e-12, 5.36741441223e-12, 1.79375004433e-11, 6.44112107401e-12], "mean": [5.57431085326e-05, 0.000932894356083, 0.00181801663712, 0.00033917100518, 0.000524181872606, 0.000974890135694, 0.000457493180875, 0.000165291537996, 4.36012778664e-05, 6.08658556303e-05, 6.62253514747e-05, 6.52387170703e-05, 3.71232199541e-05, 1.62784835993e-05, 1.59799237736e-05, 1.28403698909e-05, 1.40924503285e-05, 1.10864530143e-05, 4.32788237958e-06, 3.50215964318e-06, 5.06398146172e-06, 5.0063067647e-06, 2.62966614173e-06, 8.06378409379e-07, 6.95993037425e-07, 1.5503233044e-06, 1.39908343044e-06, 1.06153333945e-06, 1.96521864382e-06, 2.95983704746e-06, 3.26832673636e-06, 2.24191512643e-06, 1.27520036131e-06, 1.17700619739e-06, 8.89531690973e-07, 5.11371922585e-07, 3.2792988236e-07, 4.6633934403e-07, 6.49585672363e-07, 5.14589487466e-07], "var": [6.79771119394e-08, 5.67110873817e-06, 2.08051260415e-05, 6.34641764918e-07, 7.07723017968e-07, 5.30760007678e-06, 1.80008146344e-06, 4.38332733665e-07, 1.25965868847e-08, 8.34830373719e-08, 3.30213481448e-07, 1.48680229017e-07, 1.9219930536e-08, 5.94422289169e-09, 4.70509631256e-09, 2.93884894198e-09, 6.11129014061e-09, 3.20049520219e-09, 4.81858331014e-10, 1.59411123191e-10, 6.62250698724e-10, 5.52842827073e-10, 1.25140814378e-10, 1.21189759617e-11, 3.31915918361e-11, 1.46272868817e-10, 1.07486970713e-10, 1.03179777222e-10, 2.01740402161e-10, 4.17533035924e-10, 5.19917164876e-10, 2.97408209171e-10, 7.31242358332e-11, 4.91926742396e-11, 3.45366929499e-11, 1.06992661258e-11, 3.70837692151e-12, 9.1100859495e-12, 2.20866328698e-11, 1.13412716718e-11], "dmean2": [4.54682449345e-05, 0.000633395335171, 0.00151072395965, 0.000222898524953, 0.000333096744725, 0.00065109989373, 0.000233114027651, 0.000118772084534, 2.03545860131e-05, 2.63305555563e-05, 2.62366447714e-05, 1.99162386707e-05, 2.03205308935e-05, 9.00254326552e-06, 9.26057145989e-06, 8.15009025246e-06, 8.37575953483e-06, 7.30105239199e-06, 3.3447347505e-06, 2.35461834563e-06, 3.12026213578e-06, 3.41592226505e-06, 2.09800396078e-06, 6.39372899514e-07, 6.17212037923e-07, 1.24703944948e-06, 1.10687085453e-06, 8.67952394401e-07, 1.75864033736e-06, 2.55414101957e-06, 2.34648973674e-06, 1.77901029019e-06, 9.66898710431e-07, 8.58012185745e-07, 6.54062034755e-07, 3.77089349968e-07, 2.11338331724e-07, 3.00964529742e-07, 4.40006573399e-07, 3.36652618671e-07], "dvar": [7.42399741682e-09, 1.40541806104e-06, 9.27730889089e-06, 2.09271831864e-07, 1.92273191146e-07, 1.42437977502e-06, 4.15767345885e-07, 2.76820685485e-07, 2.66990651809e-09, 8.24925550091e-09, 2.58595722613e-08, 9.90609461127e-09, 3.55335871838e-09, 1.14765386083e-09, 7.36853078553e-10, 4.78961703632e-10, 9.04077701591e-10, 1.16321163812e-09, 3.89748705532e-10, 4.38431235761e-11, 1.41235925732e-10, 1.17430690172e-10, 4.60252808088e-11, 4.98669465096e-12, 1.56037717469e-11, 5.96478838544e-11, 4.32714419851e-11, 3.79695337671e-11, 9.47666181639e-11, 1.80893092172e-10, 1.52112392127e-10, 1.44036518823e-10, 3.39024121276e-11, 1.77255866235e-11, 1.35272964705e-11, 3.57350152073e-12, 8.9713138177e-13, 2.60133776499e-12, 8.18601610109e-12, 3.06099958748e-12], "min": [1.09339182244e-23, 5.50362023948e-24, 2.24478890278e-24, 4.27135126905e-24, 1.21971133033e-23, 5.50848830012e-24, 9.16823847037e-24, 9.40358644397e-24, 1.65457879294e-23, 1.15376247977e-23, 1.54906990905e-23, 9.10822666587e-24, 6.38118460918e-24, 9.00722091556e-24, 7.92928745365e-24, 8.22601511656e-24, 8.38197370639e-24, 7.8111271341e-24, 5.82681063589e-24, 1.23945257448e-23, 1.23956198949e-23, 9.2252431371e-24, 7.98031886561e-24, 1.01641611637e-23, 1.16926706754e-23, 1.19467327963e-23, 1.70900987986e-23, 1.47566734845e-23, 1.27160425728e-23, 1.56588589919e-23, 1.12588082216e-23, 1.21450587388e-23, 1.52485566579e-23, 9.22286787692e-24, 8.80820787525e-24, 6.70053246413e-24, 9.10144640639e-24, 1.32327015007e-23, 1.08723641968e-23, 1.04177263022e-23], "median": [1.13024634629e-05, 0.000203386298381, 0.000412369787227, 7.08421139279e-05, 0.000238540553255, 0.000180910035851, 6.84259430273e-05, 1.28150841192e-05, 5.05469688505e-06, 5.11669304615e-06, 2.9659699976e-06, 2.49990080192e-06, 2.37506287704e-06, 1.43340230352e-06, 1.68569727066e-06, 1.33944331537e-06, 1.85340536518e-06, 1.43330794344e-06, 6.87532178745e-07, 5.64532115277e-07, 5.77494915888e-07, 5.77030164095e-07, 3.2865347066e-07, 9.20813718608e-08, 5.16897458169e-08, 5.35790647405e-08, 4.78244288615e-08, 3.32827099214e-08, 3.54215359266e-08, 3.7441452605e-08, 3.97658368456e-08, 2.75334652855e-08, 3.46916877447e-08, 3.65016177284e-08, 2.09623678415e-08, 9.24101684063e-09, 7.34101224253e-09, 9.19889320272e-09, 8.50586800993e-09, 6.56131415866e-09], "max": [0.00629387143999, 0.0357981063426, 0.078622482717, 0.0155777530745, 0.0105549870059, 0.0286783482879, 0.0194361936301, 0.0490866973996, 0.00300832209177, 0.00855014286935, 0.0226115584373, 0.00841582380235, 0.00291639030911, 0.00157550000586, 0.00134714250453, 0.00128486612812, 0.00205897726119, 0.00273155397736, 0.00175987672992, 0.000380345591111, 0.000660262361635, 0.000586650683545, 0.000281608401565, 9.68985623331e-05, 0.000227067561354, 0.000526716001332, 0.000524276634678, 0.000662214879412, 0.000462306808913, 0.000625295680948, 0.000646740547381, 0.000800693873316, 0.000405645056162, 0.00033009503386, 0.000249482516665, 9.22765975702e-05, 4.53284046671e-05, 0.000119243515655, 0.000229447687161, 8.49905482028e-05]}, "barkbands_crest": {"dmean": 2.37208032608, "dvar2": 12.3000993729, "mean": 13.0805969238, "var": 18.3060054779, "dmean2": 3.81206488609, "dvar": 4.83843755722, "min": 2.54905533791, "median": 12.6103477478, "max": 26.5154438019}, "mfcc": {"icov": [[0.000129058622406, 2.95053314403e-06, 0.000116296760098, -3.3976531995e-05, 0.000225078460062, -0.000168527694768, 0.000239632645389, 2.16828175326e-05, -0.000170131839695, 0.000146446647705, 6.97767900419e-05, 0.0001781591709, 8.45236900204e-06], [2.95053314403e-06, 0.00048620250891, 4.69049009553e-05, 0.00029441647348, -0.000363120518159, 0.000494069885463, -0.000213483552216, 9.74590989244e-07, 0.000396021991037, 7.78876783443e-05, 1.93107189261e-05, -6.5169071604e-05, 8.0070218246e-05], [0.000116296760098, 4.69049009553e-05, 0.00123648054432, -4.38759561803e-05, 6.80076773278e-05, -0.00115053355694, 7.64938740758e-05, 2.32595593843e-05, -0.000399367505452, 0.000271298049483, 0.000733431603294, -0.000152322696522, 0.000267316994723], [-3.3976531995e-05, 0.00029441647348, -4.38759561803e-05, 0.00244899443351, -0.00125165679492, 5.85092084293e-06, -0.00132368761115, 0.00129103846848, 8.4502993559e-05, -0.000826726085506, 0.000562760105822, 0.000223242270295, -0.000814820290543], [0.000225078460062, -0.000363120518159, 6.80076773278e-05, -0.00125165679492, 0.0037082999479, -0.00126400194131, 0.00142720225267, -0.000340350350598, 1.14417307486e-05, -0.000801951624453, 0.000307969050482, 0.000254056561971, 0.000236791878706], [-0.000168527694768, 0.000494069885463, -0.00115053355694, 5.85092084293e-06, -0.00126400194131, 0.00439442740753, -0.00176213332452, 0.000634691794403, -0.000937567150686, 0.00115492299665, -0.000755316403229, 0.0010335049592, -7.0883812441e-05], [0.000239632645389, -0.000213483552216, 7.64938740758e-05, -0.00132368761115, 0.00142720225267, -0.00176213332452, 0.00683223642409, -0.00280866329558, 0.00116015481763, -0.00139608990867, -0.000412495923229, -0.000640254176687, 0.00021826804732], [2.16828175326e-05, 9.74590989244e-07, 2.32595593843e-05, 0.00129103846848, -0.000340350350598, 0.000634691794403, -0.00280866329558, 0.00797049980611, -0.00327113294043, 0.00141078128945, -0.00175084266812, 0.00151597091462, -0.00140130880754], [-0.000170131839695, 0.000396021991037, -0.000399367505452, 8.4502993559e-05, 1.14417307486e-05, -0.000937567150686, 0.00116015481763, -0.00327113294043, 0.00902555324137, -0.00275121419691, 0.00148462411016, -0.00119753344916, 0.00306629459374], [0.000146446647705, 7.78876783443e-05, 0.000271298049483, -0.000826726085506, -0.000801951624453, 0.00115492299665, -0.00139608990867, 0.00141078128945, -0.00275121419691, 0.0103798164055, -0.00299615063705, 0.00204381998628, -0.00132272671908], [6.97767900419e-05, 1.93107189261e-05, 0.000733431603294, 0.000562760105822, 0.000307969050482, -0.000755316403229, -0.000412495923229, -0.00175084266812, 0.00148462411016, -0.00299615063705, 0.00912135373801, -0.00297203008085, 0.00262363045476], [0.0001781591709, -6.5169071604e-05, -0.000152322696522, 0.000223242270295, 0.000254056561971, 0.0010335049592, -0.000640254176687, 0.00151597091462, -0.00119753344916, 0.00204381998628, -0.00297203008085, 0.0129834329709, -0.00481674680486], [8.45236900204e-06, 8.0070218246e-05, 0.000267316994723, -0.000814820290543, 0.000236791878706, -7.0883812441e-05, 0.00021826804732, -0.00140130880754, 0.00306629459374, -0.00132272671908, 0.00262363045476, -0.00481674680486, 0.0124941365793]], "mean": [-796.114868164, 155.781051636, 25.2422218323, 15.0853395462, 10.2011880875, 7.0040974617, -14.5850820541, -12.4283475876, -7.34620523453, -12.6954221725, -7.80608844757, -4.1624007225, -1.28750944138], "cov": [[11471.1044922, -717.06628418, -690.923034668, -459.282287598, -726.811523438, 88.6305541992, -458.646881104, -26.678647995, 245.763092041, -254.537368774, -145.207290649, -192.254302979, -129.925460815], [-717.06628418, 3414.02392578, -921.660400391, -514.053649902, -25.2721138, -755.391967773, -83.5171508789, 14.4088020325, -289.306549072, -24.8122272491, 97.9300613403, 97.8695373535, 49.6098861694], [-690.923034668, -921.660400391, 1654.38903809, 306.101379395, 215.951004028, 650.783447266, 107.262138367, -9.54769992828, 170.558654785, -31.4817867279, -138.00819397, -60.8470001221, -52.0736083984], [-459.282287598, -514.053649902, 306.101379395, 797.922058105, 291.812133789, 239.661499023, 115.163162231, -108.780296326, 9.93484973907, 85.1440811157, -68.9458084106, -25.5303440094, 41.9214134216], [-726.811523438, -25.2721138, 215.951004028, 291.812133789, 469.465057373, 165.093093872, 10.3710956573, -42.1907310486, 11.2102918625, 51.4760437012, -32.8193664551, -23.0337696075, 2.90037083626], [88.6305541992, -755.391967773, 650.783447266, 239.661499023, 165.093093872, 609.460083008, 105.528877258, 0.47330185771, 121.406967163, -9.02876853943, -47.7457122803, -60.9401435852, -39.1935539246], [-458.646881104, -83.5171508789, 107.262138367, 115.163162231, 10.3710956573, 105.528877258, 239.825027466, 61.4258995056, 5.41547489166, 36.2967567444, 29.6579780579, 5.60094928741, 7.6079864502], [-26.678647995, 14.4088020325, -9.54769992828, -108.780296326, -42.1907310486, 0.47330185771, 61.4258995056, 195.26751709, 57.6916885376, -3.07555699348, 40.1298484802, -5.66354131699, -10.4288253784], [245.763092041, -289.306549072, 170.558654785, 9.93484973907, 11.2102918625, 121.406967163, 5.41547489166, 57.6916885376, 189.037002563, 20.5840568542, -13.7231016159, -25.1721057892, -45.4978866577], [-254.537368774, -24.8122272491, -31.4817867279, 85.1440811157, 51.4760437012, -9.02876853943, 36.2967567444, -3.07555699348, 20.5840568542, 135.55406189, 35.8201942444, -6.41454315186, 3.85601520538], [-145.207290649, 97.9300613403, -138.00819397, -68.9458084106, -32.8193664551, -47.7457122803, 29.6579780579, 40.1298484802, -13.7231016159, 35.8201942444, 158.962631226, 27.8479442596, -13.2234735489], [-192.254302979, 97.8695373535, -60.8470001221, -25.5303440094, -23.0337696075, -60.9401435852, 5.60094928741, -5.66354131699, -25.1721057892, -6.41454315186, 27.8479442596, 105.593002319, 38.8565864563], [-129.925460815, 49.6098861694, -52.0736083984, 41.9214134216, 2.90037083626, -39.1935539246, 7.6079864502, -10.4288253784, -45.4978866577, 3.85601520538, -13.2234735489, 38.8565864563, 111.40675354]]}, "spectral_decrease": {"dmean": 1.70399894195e-09, "dvar2": 2.41104685888e-17, "mean": -4.61245441841e-09, "var": 4.52015989016e-17, "dmean2": 2.4551225497e-09, "dvar": 1.2229624647e-17, "min": -8.75911041476e-08, "median": -2.29314922606e-09, "max": -3.44901462694e-29}, "zerocrossingrate": {"dmean": 0.00600546877831, "dvar2": 9.06073037186e-05, "mean": 0.0349776446819, "var": 0.00187157699838, "dmean2": 0.00663145352155, "dvar": 0.000117833493277, "min": 0.0029296875, "median": 0.02490234375, "max": 0.49755859375}, "spectral_contrast_coeffs": {"dmean": [0.0460464581847, 0.0444479547441, 0.028789119795, 0.0248653907329, 0.0201467834413, 0.0150687023997], "dvar2": [0.00334387016483, 0.00307703204453, 0.00141569587868, 0.00106568925548, 0.000713135756087, 0.000475134089356], "mean": [-0.553960740566, -0.62561750412, -0.761765658855, -0.78338944912, -0.788821697235, -0.796353280544], "var": [0.013912813738, 0.016403676942, 0.00880740676075, 0.00520301517099, 0.00466283131391, 0.00235223723575], "dmean2": [0.0717745423317, 0.0667926594615, 0.0465320982039, 0.0402950234711, 0.031418569386, 0.0236061513424], "dvar": [0.00143348390702, 0.00169226748403, 0.000567733251955, 0.000435138936155, 0.000354602903826, 0.000233138503972], "min": [-0.965115010738, -0.970439553261, -0.969909906387, -0.958446681499, -0.95744562149, -0.95820838213], "median": [-0.553962528706, -0.63585537672, -0.773436427116, -0.788174390793, -0.789568543434, -0.806690037251], "max": [-0.212678864598, -0.200098112226, -0.389856427908, -0.505695641041, -0.496388107538, -0.534781992435]}, "spectral_skewness": {"dmean": 0.517758905888, "dvar2": 1.05132842064, "mean": 2.83747673035, "var": 2.81953859329, "dmean2": 0.820375084877, "dvar": 0.399504750967, "min": -0.161128848791, "median": 2.33439540863, "max": 11.0948209763}, "spectral_energyband_middle_high": {"dmean": 0.000370928290067, "dvar2": 2.54838073488e-06, "mean": 0.00145699514542, "var": 2.23402639676e-05, "dmean2": 0.000490699138027, "dvar": 1.79776816367e-06, "min": 1.57801917945e-21, "median": 0.00026806211099, "max": 0.132880359888}, "gfcc": {"icov": [[0.00013986742124, -0.000277781800833, 0.000263492809609, -0.000317447644193, 0.000249295408139, -0.000139358089655, 0.000109513210191, -2.45938554144e-05, 0.00023454145412, -0.00017895711062, 0.000118649099022, 7.87485769251e-05, -0.000122553261463], [-0.000277781800833, 0.00316895800643, -0.00113437359687, 0.00269127613865, -0.00172438845038, 0.000887605245225, -0.000868589151651, 0.00165030721109, -0.00246519176289, 0.00281598069705, -0.00191521574743, 0.00202153832652, -0.00088774249889], [0.000263492809609, -0.00113437359687, 0.00154551595915, -0.00136100384407, 0.000362970400602, -0.000676126859616, 0.000277284096228, 0.000184255448403, 0.00119590607937, -0.00121019780636, 0.000892374955583, -0.000257734471234, 2.75423008134e-05], [-0.000317447644193, 0.00269127613865, -0.00136100384407, 0.00375857530162, -0.00168700003996, 0.000128579966258, -0.000391106004827, 0.00163111067377, -0.00166466669179, 0.00112818216439, -0.000854407146107, 0.00205514347181, -0.000840983062517], [0.000249295408139, -0.00172438845038, 0.000362970400602, -0.00168700003996, 0.00357585563324, 0.000509149045683, -0.000145656944369, -0.00103315350134, 9.40121899475e-05, -0.00142401945777, 0.000922069593798, -0.00122015946545, 0.00169272255152], [-0.000139358089655, 0.000887605245225, -0.000676126859616, 0.000128579966258, 0.000509149045683, 0.00320005137473, -0.000389442720916, 0.000109709792014, -0.000488070014399, 0.0012708575232, 0.00161669566296, -0.000537439016625, 0.00125380943064], [0.000109513210191, -0.000868589151651, 0.000277284096228, -0.000391106004827, -0.000145656944369, -0.000389442720916, 0.00420131161809, -0.00133329734672, 0.00187914667185, -0.000770970131271, 1.81702962436e-05, -0.00118556478992, 0.00173664686736], [-2.45938554144e-05, 0.00165030721109, 0.000184255448403, 0.00163111067377, -0.00103315350134, 0.000109709792014, -0.00133329734672, 0.00755310337991, -0.00178982585203, 0.00128509651404, 4.1459879867e-05, 0.00026368550607, -0.00120461639017], [0.00023454145412, -0.00246519176289, 0.00119590607937, -0.00166466669179, 9.40121899475e-05, -0.000488070014399, 0.00187914667185, -0.00178982585203, 0.0122347492725, -0.00362407532521, 0.000984405749477, -0.00132624653634, -0.000477364228573], [-0.00017895711062, 0.00281598069705, -0.00121019780636, 0.00112818216439, -0.00142401945777, 0.0012708575232, -0.000770970131271, 0.00128509651404, -0.00362407532521, 0.0104368217289, -0.00464988593012, 0.000633491319604, -0.00103708298411], [0.000118649099022, -0.00191521574743, 0.000892374955583, -0.000854407146107, 0.000922069593798, 0.00161669566296, 1.81702962436e-05, 4.1459879867e-05, 0.000984405749477, -0.00464988593012, 0.0117392465472, -0.00578580005094, 0.00319111673161], [7.87485769251e-05, 0.00202153832652, -0.000257734471234, 0.00205514347181, -0.00122015946545, -0.000537439016625, -0.00118556478992, 0.00026368550607, -0.00132624653634, 0.000633491319604, -0.00578580005094, 0.0139973536134, -0.00632715923712], [-0.000122553261463, -0.00088774249889, 2.75423008134e-05, -0.000840983062517, 0.00169272255152, 0.00125380943064, 0.00173664686736, -0.00120461639017, -0.000477364228573, -0.00103708298411, 0.00319111673161, -0.00632715923712, 0.0153166428208]], "mean": [-149.136932373, 131.566894531, -91.2514419556, 18.461359024, -58.6868629456, -0.253490686417, -49.1503829956, -13.3282756805, -20.3725910187, -1.69858419895, -13.2404975891, -3.31385183334, -5.88571929932], "cov": [[13995.3457031, -768.240661621, -1421.18310547, 800.008422852, -1190.39648438, 818.393127441, -501.968414307, -137.340164185, -160.632797241, -297.813934326, -428.813995361, -334.627105713, 150.550720215], [-768.240661621, 2442.40917969, -401.561950684, -1456.27038574, 607.661743164, -903.347412109, 264.202575684, -8.59876728058, 209.670837402, -108.042152405, 389.201324463, 76.3226242065, -18.0040435791], [-1421.18310547, -401.561950684, 1771.74658203, 848.518249512, 60.2562980652, 454.830047607, -61.2658920288, -185.246765137, -97.6126403809, 41.724407196, -215.263031006, -128.149856567, -51.0623931885], [800.008422852, -1456.27038574, 848.518249512, 1560.58300781, -190.989181519, 663.915649414, -196.795928955, -140.69770813, -117.495414734, 59.0968971252, -315.493255615, -165.22479248, -18.01811409], [-1190.39648438, 607.661743164, 60.2562980652, -190.989181519, 645.717590332, -349.005065918, 135.512969971, 20.071105957, 88.9503631592, 69.7331619263, 145.341918945, 47.1853103638, -44.7739372253], [818.393127441, -903.347412109, 454.830047607, 663.915649414, -349.005065918, 882.385681152, -103.81842041, -44.5860710144, -121.713813782, -96.302986145, -313.75479126, -117.792427063, -29.1745147705], [-501.968414307, 264.202575684, -61.2658920288, -196.795928955, 135.512969971, -103.81842041, 335.207214355, 52.6215515137, -7.56143474579, 8.6215057373, 75.9572372437, 40.5633926392, -38.4653129578], [-137.340164185, -8.59876728058, -185.246765137, -140.69770813, 20.071105957, -44.5860710144, 52.6215515137, 187.088668823, 19.1056594849, -3.12007951736, 19.0122356415, 35.6126594543, 12.3242864609], [-160.632797241, 209.670837402, -97.6126403809, -117.495414734, 88.9503631592, -121.713813782, -7.56143474579, 19.1056594849, 128.805206299, 36.5848808289, 58.7953834534, 29.0277709961, 13.3173828125], [-297.813934326, -108.042152405, 41.724407196, 59.0968971252, 69.7331619263, -96.302986145, 8.6215057373, -3.12007951736, 36.5848808289, 190.336791992, 87.6899185181, 47.6768951416, 8.93173599243], [-428.813995361, 389.201324463, -215.263031006, -315.493255615, 145.341918945, -313.75479126, 75.9572372437, 19.0122356415, 58.7953834534, 87.6899185181, 258.94909668, 104.695121765, 1.76367270947], [-334.627105713, 76.3226242065, -128.149856567, -165.22479248, 47.1853103638, -117.792427063, 40.5633926392, 35.6126594543, 29.0277709961, 47.6768951416, 104.695121765, 148.061553955, 39.0172195435], [150.550720215, -18.0040435791, -51.0623931885, -18.01811409, -44.7739372253, -29.1745147705, -38.4653129578, 12.3242864609, 13.3173828125, 8.93173599243, 1.76367270947, 39.0172195435, 93.989074707]]}, "erbbands_spread": {"dmean": 6.07002449036, "dvar2": 149.798294067, "mean": 27.3445091248, "var": 448.339874268, "dmean2": 9.0627117157, "dvar": 74.718711853, "min": 0.712618649006, "median": 21.8246116638, "max": 134.834945679}, "erbbands_kurtosis": {"dmean": 3.69318342209, "dvar2": 136.336639404, "mean": 8.05945110321, "var": 349.932067871, "dmean2": 5.46396970749, "dvar": 71.3746871948, "min": -1.908826828, "median": 2.30713963509, "max": 244.244216919}, "dynamic_complexity": 6.03999614716, "erbbands_crest": {"dmean": 2.56853866577, "dvar2": 16.3614387512, "mean": 13.0133075714, "var": 33.0835075378, "dmean2": 4.12392139435, "dvar": 6.76344490051, "min": 2.53351569176, "median": 11.7786197662, "max": 32.0145988464}, "erbbands": {"dmean": [0.00205939682201, 0.0544950515032, 1.14482009411, 6.59513092041, 3.32870578766, 2.30041432381, 6.63110256195, 20.1418933868, 12.8938341141, 7.79228305817, 1.93953585625, 3.22460985184, 4.04212093353, 3.67207598686, 3.82063364983, 2.10820031166, 2.93801164627, 2.79506635666, 2.74861121178, 1.20900726318, 1.61015176773, 1.83583652973, 0.872762322426, 0.507812917233, 1.29363000393, 0.901135861874, 2.13416600227, 2.51937532425, 1.66357731819, 1.01448321342, 0.639172136784, 0.260068267584, 0.331005960703, 0.271561264992, 0.0736359879375, 0.0157808884978, 0.00266418908723, 0.000265458249487, 8.69988707564e-06, 7.80393474997e-06], "dvar2": [6.82010431774e-05, 0.0589264295995, 19.1986217499, 989.799316406, 253.9347229, 130.92767334, 333.192138672, 6252.36279297, 3218.03076172, 5932.76171875, 229.005950928, 244.246368408, 1407.35571289, 612.608947754, 708.248901367, 183.711349487, 334.373382568, 274.83782959, 989.910095215, 64.096031189, 133.708953857, 113.468170166, 33.6761169434, 43.320941925, 256.600585938, 112.735733032, 653.39453125, 644.694763184, 562.339477539, 140.164154053, 57.7956314087, 5.69287490845, 14.3231315613, 7.8444018364, 0.459977328777, 0.0310769714415, 0.000781344540883, 7.33043088985e-06, 2.99011571059e-09, 4.49544346193e-10], "mean": [0.00439598271623, 0.116419687867, 2.42265844345, 11.2421503067, 6.62303638458, 5.3272485733, 15.700512886, 43.0709533691, 33.1725654602, 17.8235759735, 5.45301437378, 10.2779579163, 13.3237056732, 15.613907814, 10.6838541031, 5.75548696518, 7.42887973785, 7.06432723999, 6.04142665863, 2.87577700615, 3.87744164467, 4.19497966766, 1.76776409149, 0.962465763092, 2.3599717617, 1.71486949921, 3.75053906441, 5.3136677742, 3.51363325119, 2.18004775047, 1.38125622272, 0.636208295822, 0.752628266811, 0.641297280788, 0.191869929433, 0.0402852334082, 0.00700027216226, 0.000650619738735, 2.60691103904e-05, 2.21150512516e-05], "var": [0.000298792641843, 0.120375856757, 38.2944335938, 873.117797852, 277.921081543, 214.329528809, 571.430847168, 10673.6953125, 10072.5087891, 4269.61474609, 238.202163696, 1764.85998535, 12978.8310547, 7697.27001953, 2011.66320801, 665.419433594, 1050.87316895, 1281.66088867, 916.320251465, 99.0368270874, 312.440307617, 310.301208496, 45.2484436035, 47.371799469, 301.99786377, 211.386856079, 679.440368652, 1239.75256348, 633.107299805, 181.1199646, 77.8259048462, 14.1056346893, 25.4247379303, 17.7494258881, 1.66904127598, 0.119299091399, 0.0041002263315, 2.84431844193e-05, 1.65003051222e-08, 1.01571406841e-09], "dmean2": [0.00331114372239, 0.0856382027268, 1.68106484413, 10.1050071716, 5.03909397125, 3.31634545326, 9.86629009247, 30.2751865387, 17.079624176, 11.9465427399, 2.88096928596, 4.33529472351, 5.18908596039, 4.71528625488, 5.49502706528, 2.97344183922, 4.45580625534, 4.03085136414, 3.99631738663, 1.77011716366, 2.2714574337, 2.70639801025, 1.28396940231, 0.732612073421, 1.82488906384, 1.23663449287, 3.09508180618, 3.57080602646, 2.49207019806, 1.47672784328, 0.923050880432, 0.366026103497, 0.446320801973, 0.373488783836, 0.0947840437293, 0.0202180873603, 0.00321099022403, 0.000343648920534, 1.10299251901e-05, 1.09926741061e-05], "dvar": [3.05956345983e-05, 0.0233845766634, 9.93000793457, 434.148986816, 116.055503845, 60.4525604248, 152.066207886, 3062.56860352, 2328.36352539, 2554.47265625, 100.684936523, 155.143630981, 1030.32177734, 487.08480835, 380.649932861, 98.8412246704, 157.051956177, 178.897140503, 438.252655029, 29.308807373, 70.2804260254, 60.1771774292, 15.9423627853, 17.8810195923, 116.286483765, 72.1240997314, 295.938842773, 314.661071777, 252.202346802, 68.9035339355, 27.402179718, 3.07723259926, 7.22126865387, 4.18989753723, 0.300155282021, 0.020916223526, 0.000614805379882, 4.62440948468e-06, 2.25240315288e-09, 2.38882580383e-10], "min": [1.79409355826e-21, 2.39452793021e-21, 1.32316990163e-20, 1.1016340507e-20, 2.95231488119e-20, 1.0915700253e-19, 3.89836884409e-19, 2.5133857063e-19, 5.38271756995e-19, 7.03442457926e-19, 2.01293016537e-18, 1.90666227208e-18, 2.96993574109e-18, 2.05618157845e-18, 1.9937592207e-18, 3.33488700017e-18, 3.7080190755e-18, 4.16699099173e-18, 4.26679322776e-18, 6.1536774046e-18, 1.16122004942e-17, 8.95221263737e-18, 1.02358952048e-17, 1.4315692261e-17, 1.9706840249e-17, 2.29363965515e-17, 2.14960170247e-17, 2.25748077816e-17, 2.35406370997e-17, 1.98465460913e-17, 1.45733060823e-17, 1.41357920583e-17, 1.91325419846e-17, 1.17741508776e-17, 8.19696365089e-18, 6.66630976793e-18, 3.41021895894e-18, 1.29109348537e-18, 3.35993837181e-19, 3.43293460518e-20], "median": [0.00154634960927, 0.0293693356216, 0.576074719429, 2.50119066238, 0.920075178146, 1.47064757347, 6.89589452744, 7.45606994629, 4.65089225769, 2.21285009384, 0.77964758873, 0.893284082413, 0.738299369812, 0.717216610909, 0.780905902386, 0.708964943886, 0.790182471275, 1.05738067627, 0.901583969593, 0.513711631298, 0.528123736382, 0.563070058823, 0.243467986584, 0.0873961150646, 0.0825336426497, 0.0733420550823, 0.0761486887932, 0.0814014971256, 0.0626392066479, 0.0675635784864, 0.0359908118844, 0.0156623572111, 0.0139468815178, 0.00887473858893, 0.00214889552444, 0.000418454234023, 0.000122675730381, 7.90511840023e-05, 8.20342938823e-06, 1.08912590804e-05], "max": [0.416776567698, 7.37597465515, 95.7033691406, 514.992553711, 315.086517334, 298.54119873, 263.165039062, 1400.70703125, 1479.98510742, 4701.45361328, 822.572814941, 888.257141113, 4495.70117188, 1916.64611816, 1128.27722168, 772.684631348, 666.721801758, 882.924194336, 1540.79284668, 369.602386475, 484.67300415, 426.301849365, 143.208496094, 257.73223877, 615.228149414, 916.513183594, 739.203430176, 819.264160156, 1022.1607666, 711.601257324, 354.67666626, 82.4636383057, 226.163024902, 125.993980408, 47.6149635315, 11.4019536972, 2.02174496651, 0.165832668543, 0.00368133257143, 0.00038962290273]}, "silence_rate_30dB": {"dmean": 0.00989364366978, "dvar2": 0.0218743216246, "mean": 0.982687532902, "var": 0.0170135088265, "dmean2": 0.0197889190167, "dvar": 0.00979687646031, "min": 0, "median": 1, "max": 1}, "silence_rate_60dB": {"dmean": 0.0562288723886, "dvar2": 0.114506199956, "mean": 0.245259687304, "var": 0.185117304325, "dmean2": 0.11246702075, "dvar": 0.0530747696757, "min": 0, "median": 0, "max": 1}, "spectral_energyband_middle_low": {"dmean": 0.00501552782953, "dvar2": 0.000214544750634, "mean": 0.0127595895901, "var": 0.000359137775376, "dmean2": 0.00734585383907, "dvar": 0.000105515297037, "min": 3.01851377604e-22, "median": 0.00592331495136, "max": 0.244136363268}, "spectral_spread": {"dmean": 446374.71875, "dvar2": 488325578752, "mean": 3869870.5, "var": 3838581407740.0, "dmean2": 683433.25, "dvar": 283839561728, "min": 587721.4375, "median": 4025596.5, "max": 40673284}, "barkbands": {"dmean": [1.06163577129e-06, 0.000144098463352, 0.00164463650435, 0.00240723066963, 0.000672443478834, 0.0020069044549, 0.000666934880428, 0.000198201320018, 0.000130415923195, 0.000146494901855, 9.94153087959e-05, 4.67857280455e-05, 6.13724259892e-05, 6.55898911646e-05, 3.79467892344e-05, 2.46873350989e-05, 3.88226108043e-05, 1.16802084449e-05, 2.0682138711e-05, 1.83213705895e-05, 6.05674649705e-05, 4.50698244094e-05, 2.47627467616e-05, 1.55724137585e-05, 1.65789970197e-05, 2.02413229999e-06, 4.64771581221e-08], "dvar2": [1.6286189411e-11, 5.54810071662e-07, 4.10900320276e-05, 0.000138602335937, 9.10473045224e-06, 5.10848112754e-05, 8.54002246342e-06, 4.78287984151e-06, 6.3843776843e-07, 1.19620801797e-06, 3.42138605447e