{"tonal": {"chords_key": "E", "hpcp_entropy": {"dmean": 0.614019632339, "dmean2": 1.03205966949, "max": 3.9115858078, "dvar": 0.260421007872, "mean": 1.91196930408, "dvar2": 0.686401724815, "min": 0, "var": 0.564492642879, "median": 1.97473204136}, "key_key": "E", "chords_strength": {"dmean": 0.00966280885041, "dmean2": 0.0102812265977, "max": 0.823151528835, "dvar": 0.000898121448699, "mean": 0.589463055134, "dvar2": 0.00170551263727, "min": -1, "var": 0.0132356062531, "median": 0.599974215031}, "key_scale": "minor", "chords_number_rate": 0.00196807342581, "thpcp": [1, 0.789035081863, 0.305719524622, 0.160691648722, 0.138945668936, 0.293079525232, 0.482792526484, 0.431058436632, 0.553566038609, 0.681275367737, 0.386888742447, 0.177418619394, 0.154068425298, 0.168521463871, 0.312022030354, 0.40258795023, 0.263278663158, 0.130399703979, 0.129032045603, 0.206593409181, 0.561107218266, 0.896511256695, 0.676931917667, 0.483908474445, 0.49696713686, 0.318558245897, 0.193516775966, 0.199967950583, 0.226013749838, 0.437787085772, 0.720079421997, 0.571981430054, 0.285049527884, 0.211331963539, 0.233067288995, 0.558342397213], "key_strength": 0.734393060207, "tuning_nontempered_energy_ratio": 0.704500079155, "tuning_frequency": 440.508636475, "chords_changes_rate": 0.0430789403617, "tuning_diatonic_strength": 0.61596173048, "chords_scale": "minor", "chords_histogram": [35.4909248352, 24.6446533203, 8.41898059845, 3.14891767502, 6.21036529541, 2.14301323891, 0, 0.590422034264, 0, 0.218674823642, 0, 1.68379616737, 0, 0, 0, 0, 1.39951896667, 0, 0.0437349677086, 0, 0, 0, 0.459217131138, 15.5477800369], "tuning_equal_tempered_deviation": 0.0239603240043, "hpcp": {"dmean": [0.0896213799715, 0.0713618546724, 0.0534497201443, 0.0554058402777, 0.0810651406646, 0.142379432917, 0.162561073899, 0.17495007813, 0.148903399706, 0.127399414778, 0.104684643447, 0.0796921923757, 0.0816797539592, 0.0913385078311, 0.123277388513, 0.133503064513, 0.13679638505, 0.105505347252, 0.0840594619513, 0.093327395618, 0.143169909716, 0.174569740891, 0.175270944834, 0.120426543057, 0.0738488659263, 0.0599184408784, 0.0817941352725, 0.100481599569, 0.105867102742, 0.129874020815, 0.140918031335, 0.0936746746302, 0.0567330867052, 0.0541983768344, 0.0599917918444, 0.0841946229339], "dmean2": [0.15322689712, 0.122410848737, 0.097760617733, 0.102182127535, 0.146941065788, 0.246820449829, 0.279215961695, 0.305991470814, 0.265595585108, 0.227377817035, 0.192638084292, 0.149348631501, 0.152588039637, 0.169707819819, 0.219601124525, 0.232067599893, 0.239582553506, 0.192607238889, 0.155567392707, 0.170553788543, 0.251098752022, 0.300266116858, 0.306050419807, 0.218624383211, 0.137296900153, 0.110268034041, 0.141506969929, 0.171768277884, 0.181706443429, 0.222694218159, 0.235877335072, 0.158231809735, 0.100944884121, 0.0978074073792, 0.107675418258, 0.14732798934], "max": [1, 1, 1, 1, 1, 1, 1, 1, 1, 1, 1, 1, 1, 1, 1, 1, 1, 1, 1, 1, 1, 1, 1, 1, 1, 1, 1, 1, 1, 1, 1, 1, 1, 1, 1, 1], "dvar": [0.0314264297485, 0.0214431285858, 0.019702617079, 0.0201032757759, 0.0278139039874, 0.0454549491405, 0.0538433156908, 0.0530992969871, 0.0523431114852, 0.0510437451303, 0.0441006682813, 0.0349152050912, 0.0379489511251, 0.0388976149261, 0.0462865456939, 0.0517355836928, 0.0500961020589, 0.0433667190373, 0.036282222718, 0.0375258922577, 0.0467262640595, 0.0623215734959, 0.0609036870301, 0.0450371317565, 0.0301386378706, 0.0223895926028, 0.0231411773711, 0.0288446582854, 0.0270739402622, 0.0358563512564, 0.037421233952, 0.0219176486135, 0.015755103901, 0.0157691724598, 0.0185145102441, 0.0283765420318], "mean": [0.125603869557, 0.082140609622, 0.0406835526228, 0.0402568541467, 0.0644553080201, 0.175060480833, 0.279703557491, 0.211196750402, 0.15097515285, 0.155049338937, 0.0993873476982, 0.0603755153716, 0.0623882263899, 0.0705142840743, 0.136585682631, 0.224658384919, 0.17845313251, 0.0889329239726, 0.0659336969256, 0.0727149248123, 0.174197867513, 0.311991125345, 0.246171936393, 0.0953817740083, 0.0501343682408, 0.0433498136699, 0.0914382115006, 0.150626987219, 0.134486407042, 0.172707691789, 0.212551862001, 0.120705850422, 0.0553530342877, 0.0480679832399, 0.052577201277, 0.0973481014371], "dvar2": [0.0755531340837, 0.0562264509499, 0.055049393326, 0.0561089925468, 0.075339011848, 0.124423205853, 0.124025762081, 0.142335295677, 0.140849858522, 0.133246615529, 0.1215525195, 0.0988826826215, 0.10667591542, 0.108625620604, 0.131554827094, 0.126925721765, 0.135373592377, 0.121426269412, 0.100923486054, 0.106010556221, 0.127589643002, 0.154514625669, 0.158900082111, 0.122940719128, 0.0833425447345, 0.062052257359, 0.061845511198, 0.0721997767687, 0.0720425248146, 0.0951693207026, 0.0955744683743, 0.0579581297934, 0.0425256192684, 0.0432852581143, 0.0512779653072, 0.0733118280768], "min": [0, 0, 0, 0, 0, 0, 0, 0, 0, 0, 0, 0, 0, 0, 0, 0, 0, 0, 0, 0, 0, 0, 0, 0, 0, 0, 0, 0, 0, 0, 0, 0, 0, 0, 0, 0], "var": [0.0550937131047, 0.0269403755665, 0.0137106208131, 0.013847598806, 0.0235445275903, 0.0613594725728, 0.114144578576, 0.071509860456, 0.0601544156671, 0.0797174051404, 0.0422357693315, 0.0263362303376, 0.0266724247485, 0.0286180842668, 0.0524494424462, 0.112432219088, 0.0766019076109, 0.0368174985051, 0.0280085001141, 0.0299837645143, 0.0624502040446, 0.139944985509, 0.102372728288, 0.0355133265257, 0.0198643766344, 0.0152997709811, 0.0267656166106, 0.0595498047769, 0.0415992885828, 0.0540409982204, 0.0704279467463, 0.030643125996, 0.0162191055715, 0.0135157480836, 0.0160834565759, 0.0377529039979], "median": [0.0250983927399, 0.0164022091776, 0.00666284980252, 0.00551068363711, 0.0107262842357, 0.0589050017297, 0.11381226778, 0.0888716802001, 0.0298079922795, 0.0119616845623, 0.00912154186517, 0.00786116532981, 0.00777834048495, 0.0103842532262, 0.0287704654038, 0.0484350696206, 0.0396950989962, 0.0172661375254, 0.0105640608817, 0.0103360535577, 0.0501629188657, 0.105521693826, 0.0750839114189, 0.0165099613369, 0.00670581683517, 0.00722792930901, 0.0295376628637, 0.0526661016047, 0.054237216711, 0.0757341384888, 0.101836174726, 0.0591105595231, 0.0144299501553, 0.0109397275373, 0.0118562225252, 0.0201593730599]}}, "lowlevel": {"melbands_flatness_db": {"dmean": 0.030752280727, "dmean2": 0.0473252125084, "max": 0.512871325016, "dvar": 0.00102166365832, "mean": 0.219194471836, "dvar2": 0.00247081369162, "min": 0.00562110682949, "var": 0.00436154380441, "median": 0.21531586349}, "melbands_crest": {"dmean": 3.33330416679, "dmean2": 5.41920518875, "max": 34.7917442322, "dvar": 10.1972703934, "mean": 14.1180343628, "dvar2": 25.6090965271, "min": 1.87712001801, "var": 25.4356842041, "median": 13.5186767578}, "spectral_entropy": {"dmean": 0.242579400539, "dmean2": 0.330687612295, "max": 9.80230903625, "dvar": 0.0708392858505, "mean": 7.44435405731, "dvar2": 0.131453186274, "min": 5.00837898254, "var": 0.288722813129, "median": 7.43991231918}, "melbands": {"dmean": [0.00214960821904, 0.0020006345585, 0.00123761140276, 0.000602595566306, 0.000232527178014, 0.000205798525712, 0.000137519396958, 0.000171531210071, 0.000138793810038, 0.000131882872665, 0.000135221634991, 5.61053166166e-05, 6.84736878611e-05, 4.84616466565e-05, 5.48097305e-05, 5.5493786931e-05, 7.52279738663e-05, 2.7962068998e-05, 1.77174115379e-05, 1.28086712721e-05, 9.3326334536e-06, 9.60630404734e-06, 4.51299547422e-06, 3.09589222525e-06, 3.23872222907e-06, 2.89482363769e-06, 2.5016345262e-06, 3.02273292618e-06, 2.13696011997e-06, 1.8368500605e-06, 2.56079556493e-06, 3.46245656146e-06, 4.3237855607e-06, 3.28625037582e-06, 2.94576057058e-06, 5.75720832785e-06, 3.70293355445e-06, 1.28275451061e-06, 6.56597421766e-07, 4.23087243462e-07], "dmean2": [0.00350897409953, 0.00336503959261, 0.00209727860056, 0.000966566207353, 0.000356457574526, 0.000322372623486, 0.000204993659281, 0.000265156588284, 0.000218575194594, 0.000202696784982, 0.000219224675675, 8.80524894455e-05, 0.000108220519905, 7.80527043389e-05, 8.6893189291e-05, 9.07187713892e-05, 0.000124172482174, 4.55175759271e-05, 2.94498022413e-05, 2.17788128793e-05, 1.53882410814e-05, 1.56652495207e-05, 7.70648603066e-06, 5.23639937455e-06, 5.46599767404e-06, 4.83810890728e-06, 4.05125365432e-06, 5.10462314196e-06, 3.59155706064e-06, 2.82932637674e-06, 3.94970902562e-06, 5.28766395291e-06, 6.31304101262e-06, 4.83523717776e-06, 4.49529215985e-06, 9.35743992159e-06, 5.75225067223e-06, 1.90117521015e-06, 9.64796640801e-07, 6.30898341569e-07], "max": [0.0925449132919, 0.0671542584896, 0.032270912081, 0.0221082884818, 0.0109752323478, 0.0117931701243, 0.00832334533334, 0.0109351044521, 0.0130853671581, 0.012485335581, 0.00962081644684, 0.00459467340261, 0.00414577871561, 0.0050238086842, 0.0053761783056, 0.00324942125008, 0.00345887127332, 0.00153552833945, 0.000746733334381, 0.00055446755141, 0.000470644503366, 0.00035143410787, 0.000163325457834, 0.000111254943477, 0.000369217188563, 0.000261981505901, 0.000184986463864, 0.000355437747203, 0.000226104995818, 0.000350809481461, 0.000345906912116, 0.000355034164386, 0.000354668532964, 0.000287734466838, 0.000168935468537, 0.000132291563204, 0.000106657389551, 0.000117721610877, 0.000100585450127, 9.71368062892e-05], "dvar": [3.89726556023e-05, 2.68963685812e-05, 7.75776061346e-06, 1.23184406675e-06, 2.39160726778e-07, 1.86008904279e-07, 1.01670728725e-07, 2.13695599882e-07, 3.00532235542e-07, 1.98458010914e-07, 9.89350255054e-08, 1.56039963173e-08, 1.72871938986e-08, 1.36555611263e-08, 2.49637714944e-08, 1.3855636638e-08, 1.38887061851e-08, 2.84784906768e-09, 1.03868702528e-09, 5.9385868445e-10, 2.89352763971e-10, 2.39610470354e-10, 8.73036989923e-11, 4.65588331777e-11, 1.68412991886e-10, 8.20864140549e-11, 4.19669264617e-11, 1.21366736106e-10, 5.24196588914e-11, 4.35517073794e-11, 5.66502469934e-11, 1.14659177985e-10, 1.43091871685e-10, 6.51725270973e-11, 3.48386076932e-11, 1.39429648383e-10, 5.24383834966e-11, 7.57021268588e-12, 3.15032353503e-12, 2.3639998379e-12], "mean": [0.00214835442603, 0.00252990634181, 0.00169160170481, 0.00101471378002, 0.000517197593581, 0.000403211335652, 0.000257429986959, 0.000304715678794, 0.000240932698944, 0.000233740676777, 0.000234738283325, 9.66158186202e-05, 0.000116872761282, 8.48151612445e-05, 0.00010515601025, 9.27115470404e-05, 0.000125205493532, 4.57894529973e-05, 2.65200960712e-05, 1.78082591447e-05, 1.42161979966e-05, 1.57340000442e-05, 6.22572360953e-06, 4.4265066208e-06, 3.84856502933e-06, 3.97995654566e-06, 3.77780702365e-06, 3.38478798767e-06, 2.56611224358e-06, 2.53585994869e-06, 3.34253445544e-06, 4.59258490082e-06, 6.39954123471e-06, 4.42947657575e-06, 3.36611651619e-06, 5.00122996527e-06, 3.47853801941e-06, 1.41441842061e-06, 7.69802056766e-07, 4.92916854e-07], "dvar2": [9.42104670685e-05, 6.77401112625e-05, 2.04165407922e-05, 3.08886683342e-06, 5.09694984885e-07, 4.09906078858e-07, 2.01785411491e-07, 5.00504825141e-07, 7.29608700567e-07, 4.29184865425e-07, 2.48984235895e-07, 3.19245856417e-08, 4.07416145265e-08, 3.29723093273e-08, 5.90882045515e-08, 3.32596279407e-08, 3.72223816214e-08, 7.16770243159e-09, 2.71490652182e-09, 1.65707425559e-09, 7.80091768959e-10, 6.44745534739e-10, 2.3784788028e-10, 1.28264510124e-10, 4.35164154711e-10, 2.11867023925e-10, 1.03596693724e-10, 3.29021532242e-10, 1.47511905468e-10, 1.15066636774e-10, 1.42428305261e-10, 2.78925771369e-10, 3.07808334377e-10, 1.5085707683e-10, 8.08223696303e-11, 3.43812783798e-10, 1.19244808472e-10, 1.7977319286e-11, 7.88377176042e-12, 6.45374509042e-12], "min": [3.97436091545e-24, 2.08688715134e-24, 3.43986110937e-24, 8.67039150853e-24, 7.49650495041e-24, 4.5916161748e-24, 1.99522013364e-23, 4.91358738668e-24, 2.82378251496e-23, 2.27263790155e-23, 6.10807741392e-24, 3.2540378234e-24, 1.01376988246e-23, 1.62581913315e-23, 7.84018245896e-24, 6.80821434427e-24, 1.12831792904e-23, 1.13159832823e-23, 5.47100399649e-24, 6.6062485976e-24, 6.82773628509e-24, 5.87542497803e-24, 5.37206782277e-24, 7.39421020139e-24, 1.04343491792e-23, 9.87178249097e-24, 1.00483137843e-23, 8.22786183994e-24, 1.3204104504e-23, 7.01270050154e-24, 7.14582709018e-24, 1.1538848321e-23, 1.07814708545e-23, 8.30575633231e-24, 8.22844717474e-24, 9.64683722612e-24, 9.007672144e-24, 8.22607428113e-24, 1.22958558117e-23, 1.13629504829e-23], "var": [3.33243624482e-05, 2.20837773668e-05, 6.81967230776e-06, 2.33863306676e-06, 9.81562948255e-07, 6.70223755606e-07, 2.49602464919e-07, 4.25988474717e-07, 5.9591769741e-07, 5.06043022597e-07, 2.91627515026e-07, 4.5130764903e-08, 4.33127027577e-08, 3.55490819004e-08, 9.19091647233e-08, 2.8721842682e-08, 2.72375135779e-08, 4.78541295479e-09, 1.4945122917e-09, 6.764374616e-10, 3.55444618183e-10, 4.02545136113e-10, 8.89731760489e-11, 4.63315948107e-11, 1.42686695792e-10, 9.09724587328e-11, 7.90946336204e-11, 1.03959590936e-10, 4.49875692254e-11, 5.36456469524e-11, 7.88810960994e-11, 1.76637496296e-10, 3.05066250039e-10, 1.08811216981e-10, 4.6526147518e-11, 1.23125606932e-10, 5.48506934317e-11, 9.6569757399e-12, 4.19810540497e-12, 2.03770398992e-12], "median": [0.000613495591097, 0.00147509318776, 0.000982681522146, 0.000463552481961, 0.000189777376363, 0.000167644771864, 0.00010284398013, 8.87516216608e-05, 5.61299129913e-05, 5.56873346795e-05, 8.63895766088e-05, 4.28780294897e-05, 5.1325532695e-05, 3.52886672772e-05, 3.39394937328e-05, 4.77438006783e-05, 7.04460035195e-05, 2.39149176195e-05, 1.43520828715e-05, 9.9511935332e-06, 8.02380327514e-06, 8.44065652927e-06, 3.29311842506e-06, 2.22026210395e-06, 1.44680143421e-06, 1.4966639128e-06, 1.24489599784e-06, 7.75838884692e-07, 5.70612996853e-07, 4.41284242925e-07, 6.10185111327e-07, 8.21679350338e-07, 1.22199719499e-06, 9.47945352436e-07, 7.91832405866e-07, 6.46451269404e-07, 4.42594313199e-07, 2.78066323744e-07, 1.61964933909e-07, 1.15604379403e-07]}, "silence_rate_60dB": {"dmean": 0.00481189833954, "dmean2": 0.00962485000491, "max": 1, "dvar": 0.00478859152645, "mean": 0.0457080379128, "dvar2": 0.0117190480232, "min": 0, "var": 0.0436194501817, "median": 0}, "spectral_energyband_middle_high": {"dmean": 0.00201477739029, "dmean2": 0.00314300553873, "max": 0.0864015594125, "dvar": 8.84235851117e-06, "mean": 0.00563059654087, "dvar2": 2.03680610866e-05, "min": 1.27159955252e-21, "var": 4.16079965362e-05, "median": 0.00397423189133}, "erbbands_skewness": {"dmean": 0.41329869628, "dmean2": 0.631710529327, "max": 3.96672224998, "dvar": 0.14362424612, "mean": 0.297343999147, "dvar2": 0.327730774879, "min": -3.07665133476, "var": 0.559181451797, "median": 0.244087770581}, "dynamic_complexity": 3.17036557198, "dissonance": {"dmean": 0.0242588333786, "dmean2": 0.0402302965522, "max": 0.500000059605, "dvar": 0.000572419608943, "mean": 0.44787633419, "dvar2": 0.00150152447168, "min": 0.1637442559, "var": 0.00168073305395, "median": 0.457727968693}, "spectral_skewness": {"dmean": 0.371566414833, "dmean2": 0.528694391251, "max": 8.05157756805, "dvar": 0.198343932629, "mean": 1.83159124851, "dvar2": 0.412494301796, "min": -0.00338570447639, "var": 0.518939077854, "median": 1.81266510487}, "spectral_kurtosis": {"dmean": 2.81925773621, "dmean2": 4.19905519485, "max": 85.9548339844, "dvar": 17.1315956116, "mean": 5.57185697556, "dvar2": 39.6398239136, "min": -1.19962394238, "var": 27.7631607056, "median": 4.334856987}, "gfcc": {"cov": [[18472.0078125, 1050.80090332, -587.64465332, 652.176086426, -316.691192627, 427.236999512, -219.894927979, -12.1050376892, -54.8959312439, -76.1547088623, -273.482269287, -77.4567337036, -262.263153076], [1050.80090332, 1727.28100586, -383.291656494, -319.885528564, 115.353401184, -157.606674194, -0.918850243092, -66.3626403809, 81.9280929565, -94.0992279053, 102.267463684, -64.468132019, -13.5019702911], [-587.64465332, -383.291656494, 1130.46069336, 27.6501655579, -198.611434937, 164.283630371, -19.5799217224, 7.26103973389, 33.6217765808, 66.3113098145, -8.93014335632, 64.2636184692, 6.90400218964], [652.176086426, -319.885528564, 27.6501655579, 366.979248047, 14.4681949615, 32.4063644409, 19.8824176788, -4.30152654648, -19.9215183258, 43.8880805969, -30.8499565125, 38.0475769043, 35.7998542786], [-316.691192627, 115.353401184, -198.611434937, 14.4681949615, 329.717285156, 42.7378425598, 33.6144561768, 67.3706207275, 30.235294342, 2.54057908058, 56.6181221008, 21.5563163757, 26.1907367706], [427.236999512, -157.606674194, 164.283630371, 32.4063644409, 42.7378425598, 250.531051636, 75.7344741821, 37.0165252686, 18.612165451, 32.5286178589, 5.71802282333, 30.6757736206, 16.2425384521], [-219.894927979, -0.918850243092, -19.5799217224, 19.8824176788, 33.6144561768, 75.7344741821, 172.442932129, 65.1421127319, 19.8106269836, 38.3845863342, 35.5396308899, 21.4704990387, 21.1319599152], [-12.1050376892, -66.3626403809, 7.26103973389, -4.30152654648, 67.3706207275, 37.0165252686, 65.1421127319, 125.483650208, 44.6887283325, 24.4204311371, 33.7636909485, 15.4910240173, 2.30938267708], [-54.8959312439, 81.9280929565, 33.6217765808, -19.9215183258, 30.235294342, 18.612165451, 19.8106269836, 44.6887283325, 100.518745422, 34.5872917175, 29.1300544739, 10.5355558395, 4.50693798065], [-76.1547088623, -94.0992279053, 66.3113098145, 43.8880805969, 2.54057908058, 32.5286178589, 38.3845863342, 24.4204311371, 34.5872917175, 105.946060181, 23.7391986847, 27.7818412781, 17.3111896515], [-273.482269287, 102.267463684, -8.93014335632, -30.8499565125, 56.6181221008, 5.71802282333, 35.5396308899, 33.7636909485, 29.1300544739, 23.7391986847, 96.7330245972, 24.7453079224, 11.9452409744], [-77.4567337036, -64.468132019, 64.2636184692, 38.0475769043, 21.5563163757, 30.6757736206, 21.4704990387, 15.4910240173, 10.5355558395, 27.7818412781, 24.7453079224, 78.693572998, 31.2234210968], [-262.263153076, -13.5019702911, 6.90400218964, 35.7998542786, 26.1907367706, 16.2425384521, 21.1319599152, 2.30938267708, 4.50693798065, 17.3111896515, 11.9452409744, 31.2234210968, 67.9332046509]], "mean": [-13.4124927521, 97.8011627197, -101.460464478, 18.588054657, -54.0332336426, 29.3066368103, -36.673122406, -4.48902416229, -16.8819065094, -3.94908046722, -17.259677887, -2.32752776146, -17.5023136139], "icov": [[0.000128298139316, -0.000265592709184, 0.000164040728123, -0.000452284672065, 0.00037450902164, -0.000595851102844, 0.000540261913557, -0.000581789354328, 0.000253570702625, -0.000129372696392, 0.000273558398476, -0.000214440602576, 0.00058059830917], [-0.000265592709184, 0.00157041277271, -0.000196401044377, 0.00155981583521, -0.00110979669262, 0.00170130922925, -0.00173407699913, 0.00260618329048, -0.00185365835205, 0.00113184424117, -0.00142962066457, 0.000868658768013, -0.00135666702408], [0.000164040728123, -0.000196401044377, 0.00154618092347, -0.000483836716739, 0.00148016517051, -0.00174716033507, 0.00143475399818, -0.000984746729955, -0.000115299364552, -0.000421243603341, 3.9542952436e-05, -0.00109026697464, 0.000735495530535], [-0.000452284672065, 0.00155981583521, -0.000483836716739, 0.00535537488759, -0.00189740944188, 0.00236944179051, -0.00248073390685, 0.00295776617713, -0.000734969624318, -0.000594211567659, 0.000401921424782, -0.000247135671088, -0.00312988250516], [0.00037450902164, -0.00110979669262, 0.00148016517051, -0.00189740944188, 0.00592334195971, -0.00327494065277, 0.00297667481937, -0.00433372240514, 0.000776034488808, 0.00014838622883, -0.0011299457401, -0.00110090209637, 0.000410851062043], [-0.000595851102844, 0.00170130922925, -0.00174716033507, 0.00236944179051, -0.00327494065277, 0.008759168908, -0.00544484518468, 0.00362047553062, -0.00196416955441, 0.000696908973623, -0.000124126730952, 0.000391810346628, -0.00249986373819], [0.000540261913557, -0.00173407699913, 0.00143475399818, -0.00248073390685, 0.00297667481937, -0.00544484518468, 0.0120140817016, -0.00755131058395, 0.00302188633941, -0.00276739289984, -0.000589415372815, -0.000808309880085, 0.000556172686629], [-0.000581789354328, 0.00260618329048, -0.000984746729955, 0.00295776617713, -0.00433372240514, 0.00362047553062, -0.00755131058395, 0.0174957904965, -0.00698810862377, 0.00181985984091, -0.00303774676286, 0.000750793027692, -0.000438367307652], [0.000253570702625, -0.00185365835205, -0.000115299364552, -0.000734969624318, 0.000776034488808, -0.00196416955441, 0.00302188633941, -0.00698810862377, 0.0159640107304, -0.00523415254429, -0.000130200292915, -0.000331776886014, 0.000927604618482], [-0.000129372696392, 0.00113184424117, -0.000421243603341, -0.000594211567659, 0.00014838622883, 0.000696908973623, -0.00276739289984, 0.00181985984091, -0.00523415254429, 0.014170137234, -0.00292815151624, -0.00126617995556, -0.00151023082435], [0.000273558398476, -0.00142962066457, 3.9542952436e-05, 0.000401921424782, -0.0011299457401, -0.000124126730952, -0.000589415372815, -0.00303774676286, -0.000130200292915, -0.00292815151624, 0.016489520669, -0.00466450117528, 0.00130728282966], [-0.000214440602576, 0.000868658768013, -0.00109026697464, -0.000247135671088, -0.00110090209637, 0.000391810346628, -0.000808309880085, 0.000750793027692, -0.000331776886014, -0.00126617995556, -0.00466450117528, 0.0194205697626, -0.00761871226132], [0.00058059830917, -0.00135666702408, 0.000735495530535, -0.00312988250516, 0.000410851062043, -0.00249986373819, 0.000556172686629, -0.000438367307652, 0.000927604618482, -0.00151023082435, 0.00130728282966, -0.00761871226132, 0.022143162787]]}, "spectral_complexity": {"dmean": 3.39435696602, "dmean2": 5.17051315308, "max": 59, "dvar": 18.0144844055, "mean": 16.6756706238, "dvar2": 37.4489097595, "min": 0, "var": 56.9180526733, "median": 17}, "spectral_flux": {"dmean": 0.0346615612507, "dmean2": 0.0541973747313, "max": 0.53262257576, "dvar": 0.00235931156203, "mean": 0.0914220884442, "dvar2": 0.00515779014677, "min": 1.00906442924e-10, "var": 0.00441221985966, "median": 0.073077686131}, "spectral_energyband_low": {"dmean": 0.0110129350796, "dmean2": 0.0179609805346, "max": 0.345211207867, "dvar": 0.000711759261321, "mean": 0.0141022447497, "dvar2": 0.00166659592651, "min": 1.82522123966e-23, "var": 0.000655405048747, "median": 0.00762596959248}, "spectral_decrease": {"dmean": 4.08454425838e-09, "dmean2": 6.44372377678e-09, "max": 9.70859780333e-29, "dvar": 5.83576583901e-17, "mean": -8.35068902916e-09, "dvar2": 1.34238654984e-16, "min": -9.48959808511e-08, "var": 7.13314569024e-17, "median": -5.85769965866e-09}, "barkbands_spread": {"dmean": 6.39049768448, "dmean2": 9.73089790344, "max": 141.378128052, "dvar": 59.294631958, "mean": 21.1306610107, "dvar2": 129.544616699, "min": 0.978895008564, "var": 179.192138672, "median": 18.242483139}, "spectral_rms": {"dmean": 0.0011422468815, "dmean2": 0.00172053696588, "max": 0.0187954306602, "dvar": 2.66441452368e-06, "mean": 0.00517829554155, "dvar2": 5.57190742256e-06, "min": 3.15178785848e-12, "var": 5.78496883463e-06, "median": 0.00480536743999}, "spectral_centroid": {"dmean": 214.52911377, "dmean2": 335.928710938, "max": 11121.1230469, "dvar": 83530.046875, "mean": 1019.9276123, "dvar2": 190285.140625, "min": 225.74609375, "var": 342100.75, "median": 908.440246582}, "barkbands_skewness": {"dmean": 0.633153617382, "dmean2": 0.965755343437, "max": 12.4455728531, "dvar": 0.519995748997, "mean": 1.54983794689, "dvar2": 1.15755951405, "min": -2.21385598183, "var": 1.51200294495, "median": 1.40923607349}, "spectral_rolloff": {"dmean": 487.131011963, "dmean2": 839.156433105, "max": 18970.7519531, "dvar": 945996.8125, "mean": 1425.16394043, "dvar2": 2256603.25, "min": 86.1328125, "var": 4606934, "median": 1012.06054688}, "erbbands_spread": {"dmean": 12.6560821533, "dmean2": 17.7422618866, "max": 181.589233398, "dvar": 242.416687012, "mean": 38.3628807068, "dvar2": 431.939758301, "min": 4.31743001938, "var": 619.593933105, "median": 31.194896698}, "barkbands": {"dmean": [9.24247215153e-05, 0.00837067980319, 0.00252506928518, 0.00307966512628, 0.00233929790556, 0.00103670463432, 0.000757180445362, 0.000740976887755, 0.000955839175731, 0.000682301528286, 0.000469055696158, 0.000466151250293, 0.000517660344485, 0.000702126417309, 0.000274964986602, 0.000126889339299, 0.000154822380864, 6.96380302543e-05, 7.82717761467e-05, 8.56826081872e-05, 8.11111312942e-05, 0.0001903045777, 0.000209791513043, 0.000214481624425, 4.06413964811e-05, 2.62443554675e-05, 6.16550687482e-06], "dmean2": [0.000146609934745, 0.013678743504, 0.00455229682848, 0.00520485360175, 0.00375977228396, 0.00160874589346, 0.00113780028187, 0.00117340183351, 0.00149352860171, 0.00109299190808, 0.00074416102143, 0.000746683159377, 0.000847113260534, 0.0011587102199, 0.000456547772046, 0.000213550651097, 0.000252259371337, 0.000117443305498, 0.000129024221678, 0.000142855467857, 0.00012360639812, 0.000276035483694, 0.000319555372698, 0.000329733709805, 5.87599970459e-05, 3.81467289117e-05, 9.2680711532e-06], "max": [0.00263382028788, 0.336605489254, 0.069382339716, 0.0946230366826, 0.0758797153831, 0.0655426755548, 0.0385156273842, 0.0598314516246, 0.099277317524, 0.0599094443023, 0.0263967625797, 0.0465097762644, 0.0459247007966, 0.0347277112305, 0.00892170984298, 0.00808812305331, 0.00381403928623, 0.00286455336027, 0.00805380102247, 0.00910694897175, 0.0127315092832, 0.0176222156733, 0.0109967254102, 0.00877101439983, 0.006870736368, 0.0011479423847, 0.000265473063337], "dvar": [7.13428107701e-08, 0.000570251897443, 3.42734383594e-05, 5.81056774536e-05, 1.69484828803e-05, 4.83556959807e-06, 3.66987251255e-06, 6.58047474644e-06, 1.00573815871e-05, 2.27774353334e-06, 8.19322224288e-07, 1.70733198956e-06, 1.64944844983e-06, 1.30604439619e-06, 2.56922476183e-07, 6.85066154915e-08, 5.76504284311e-08, 2.28280843118e-08, 7.69146168977e-08, 7.57873763746e-08, 6.44732054411e-08, 2.83083295471e-07, 1.6008881687e-07, 1.71173354602e-07, 1.3186952863e-08, 1.96657312657e-09, 1.18075840772e-10], "mean": [7.69488833612e-05, 0.00878224242479, 0.00339303305373, 0.00369753339328, 0.00421544304118, 0.0020955693908, 0.00133972079493, 0.00125322048552, 0.0016955989413, 0.00112544861622, 0.000787092314567, 0.000838638225105, 0.000866654445417, 0.00116796779912, 0.000418624549638, 0.000173803506186, 0.000253673264524, 0.000100282493804, 0.00010664252477, 0.00010757194832, 0.000114930931886, 0.00028148147976, 0.000233087601373, 0.000207622870221, 4.80494600197e-05, 2.78815823549e-05, 6.0772085817e-06], "dvar2": [1.73280938043e-07, 0.00137119414285, 9.89508625935e-05, 0.000152292966959, 4.21771655965e-05, 1.03145794128e-05, 7.78602770879e-06, 1.66521313076e-05, 2.22237322305e-05, 4.9714594752e-06, 1.96845894607e-06, 4.38959887106e-06, 3.90889545088e-06, 3.53959580934e-06, 6.73124816331e-07, 1.87225666082e-07, 1.52204847836e-07, 6.23318214821e-08, 1.97487523224e-07, 2.02989326681e-07, 1.66025742487e-07, 6.14313421465e-07, 3.71906565988e-07, 3.9316580569e-07, 3.40644703556e-08, 4.47063719378e-09, 2.8053273593e-10], "min": [2.3555193359e-24, 1.2192345428e-23, 3.89855532677e-24, 3.51085622426e-24, 4.76665794101e-23, 1.95742675431e-23, 9.15320104602e-23, 3.28695525348e-23, 1.95917493318e-22, 3.21767023127e-23, 5.93825648696e-23, 1.37866064962e-22, 5.76182301234e-23, 1.39124216064e-22, 7.10831454533e-23, 1.05646707362e-22, 9.75014155933e-23, 1.38323957697e-22, 2.99632191971e-22, 2.3495844671e-22, 4.14598685084e-22, 5.22722005481e-22, 5.53223078878e-22, 7.89641789165e-22, 1.09877020036e-21, 1.7698357194e-21, 2.51450062298e-21], "var": [6.29662935125e-08, 0.000494475883897, 2.48138967436e-05, 5.09955571033e-05, 3.90593268094e-05, 1.8866483515e-05, 8.49222215038e-06, 1.18824382298e-05, 2.70847049251e-05, 7.4120471254e-06, 2.08804385693e-06, 5.67859842704e-06, 3.7914337554e-06, 2.39385599343e-06, 3.97000036401e-07, 7.34380094514e-08, 9.68177857885e-08, 2.2439291314e-08, 7.56501137289e-08, 7.7107721097e-08, 8.74666525874e-08, 5.8436233985e-07, 2.06269817227e-07, 1.86011547498e-07, 1.46367478138e-08, 2.59482280107e-09, 1.26370719444e-10], "median": [2.10059693018e-06, 0.00274389749393, 0.00192933541257, 0.00152491719928, 0.00193886971101, 0.000891152769327, 0.000476004497614, 0.00030966498889, 0.000383035541745, 0.000480583519675, 0.000328002613969, 0.000296976126265, 0.000393971276935, 0.000651822367217, 0.000217440159759, 9.31637478061e-05, 0.000141686468851, 5.3378593293e-05, 3.94414455513e-05, 2.82707351289e-05, 2.33174432651e-05, 5.55930564587e-05, 4.98762929055e-05, 3.01034851873e-05, 1.08645799628e-05, 5.43521446161e-06, 8.55229473018e-07]}, "melbands_kurtosis": {"dmean": 11.0154085159, "dmean2": 17.2958583832, "max": 606.255493164, "dvar": 727.356628418, "mean": 15.1200466156, "dvar2": 1764.44360352, "min": -1.69487202168, "var": 822.867370605, "median": 7.05792236328}, "erbbands_crest": {"dmean": 2.69117665291, "dmean2": 4.37944841385, "max": 27.0122184753, "dvar": 6.01702642441, "mean": 9.15459346771, "dvar2": 15.544719696, "min": 2.28998708725, "var": 15.2917165756, "median": 8.35140514374}, "melbands_skewness": {"dmean": 0.991006612778, "dmean2": 1.47121584415, "max": 21.1969547272, "dvar": 1.70173692703, "mean": 2.68710374832, "dvar2": 3.49556422234, "min": -0.957544744015, "var": 3.81604623795, "median": 2.35751438141}, "spectral_energyband_middle_low": {"dmean": 0.006461921148, "dmean2": 0.0103665459901, "max": 0.141703635454, "dvar": 0.000127441235236, "mean": 0.0148456003517, "dvar2": 0.000312105257763, "min": 4.0360491756e-22, "var": 0.000228337114095, "median": 0.0100144334137}, "spectral_contrast_coeffs": {"dmean": [0.0505808778107, 0.0477971099317, 0.0407597869635, 0.0342101193964, 0.0259660761803, 0.0223670545965], "dmean2": [0.0809705555439, 0.0769155621529, 0.0650830119848, 0.0553152151406, 0.0406573563814, 0.0345753394067], "max": [-0.243149772286, -0.403095126152, -0.467892110348, -0.532375156879, -0.538474738598, -0.598476946354], "dvar": [0.00196243845858, 0.00157038040925, 0.00105840910692, 0.000770921236835, 0.000581722764764, 0.00052297062939], "mean": [-0.607378125191, -0.696677088737, -0.752723991871, -0.753295779228, -0.788330614567, -0.779759407043], "dvar2": [0.00494959158823, 0.00396812986583, 0.00277182995342, 0.00194198219106, 0.00132671161555, 0.00126788381021], "min": [-0.963628768921, -0.973546743393, -0.957186698914, -0.963387310505, -0.953838706017, -0.958977758884], "var": [0.00947790127248, 0.00677793752402, 0.00434282235801, 0.00381029071286, 0.00314089702442, 0.0020825478714], "median": [-0.613850295544, -0.697270095348, -0.755833506584, -0.754212737083, -0.790639698505, -0.77981197834]}, "spectral_contrast_valleys": {"dmean": [0.43253543973, 0.387745410204, 0.36393865943, 0.357609301805, 0.394405245781, 0.554261565208], "dmean2": [0.661343336105, 0.609458684921, 0.566641747952, 0.549720585346, 0.575264632702, 0.675276577473], "max": [-5.01402187347, -5.04554319382, -5.36153030396, -5.53782224655, -5.3595366478, -6.93458080292], "dvar": [0.186568975449, 0.132917195559, 0.128881290555, 0.13876375556, 0.253770768642, 0.31235191226], "mean": [-7.38729858398, -7.15813493729, -7.33835697174, -7.83179426193, -8.33298873901, -10.2060079575], "dvar2": [0.377901107073, 0.290795564651, 0.275051623583, 0.288348168135, 0.541227936745, 0.551798582077], "min": [-26.863609314, -27.1562614441, -27.4836578369, -27.2074966431, -27.4963207245, -27.2279319763], "var": [2.42831969261, 1.87947368622, 1.8755106926, 1.93188583851, 1.84347641468, 1.86996376514], "median": [-7.10015487671, -6.93931913376, -7.09883642197, -7.53050756454, -8.14070606232, -10.1320943832]}, "silence_rate_20dB": {"dmean": 0, "dmean2": 0, "max": 1, "dvar": 0, "mean": 1, "dvar2": 0, "min": 1, "var": 0, "median": 1}, "silence_rate_30dB": {"dmean": 0.0409011356533, "dmean2": 0.0818112194538, "max": 1, "dvar": 0.0392315499485, "mean": 0.968726098537, "dvar2": 0.09568939358, "min": 0, "var": 0.0302947051823, "median": 1}, "spectral_strongpeak": {"dmean": 0.448979586363, "dmean2": 0.757075190544, "max": 11.0387372971, "dvar": 0.623944699764, "mean": 0.864661574364, "dvar2": 1.59856891632, "min": 0, "var": 1.32347118855, "median": 0.442708343267}, "spectral_spread": {"dmean": 1171642, "dmean2": 1494522.125, "max": 40796120, "dvar": 1671789936640.0, "mean": 5108553, "dvar2": 2965945188350.0, "min": 1152009.75, "var": 4654968602620.0, "median": 4778592.5}, "barkbands_flatness_db": {"dmean": 0.0252715349197, "dmean2": 0.038371603936, "max": 0.397898823023, "dvar": 0.000636028242297, "mean": 0.145713850856, "dvar2": 0.00155154103413, "min": 0.0281445588917, "var": 0.00228968448937, "median": 0.141085714102}, "pitch_salience": {"dmean": 0.0716151818633, "dmean2": 0.117051050067, "max": 0.836128771305, "dvar": 0.00476221833378, "mean": 0.512835979462, "dvar2": 0.0120770642534, "min": 0.0731511414051, "var": 0.00996470730752, "median": 0.515934050083}, "erbbands_kurtosis": {"dmean": 1.14768242836, "dmean2": 1.79197537899, "max": 24.2188301086, "dvar": 2.0566842556, "mean": 0.981349408627, "dvar2": 4.68602371216, "min": -1.89684426785, "var": 5.29337644577, "median": 0.3057295084}, "average_loudness": 0.892627537251, "barkbands_crest": {"dmean": 2.89228248596, "dmean2": 4.73529577255, "max": 26.0623207092, "dvar": 8.53617286682, "mean": 10.2606887817, "dvar2": 21.0706958771, "min": 2.72615671158, "var": 16.9903430939, "median": 9.53382110596}, "hfc": {"dmean": 8.8064622879, "dmean2": 12.6188459396, "max": 549.87689209, "dvar": 191.963516235, "mean": 20.9183654785, "dvar2": 404.115539551, "min": 1.16297716302e-16, "var": 410.478240967, "median": 15.1381435394}, "barkbands_kurtosis": {"dmean": 3.37490534782, "dmean2": 5.38040924072, "max": 165.070419312, "dvar": 39.3672027588, "mean": 4.28321027756, "dvar2": 98.6707687378, "min": -1.89455628395, "var": 61.4190864563, "median": 1.66337585449}, "erbbands": {"dmean": [0.202996611595, 2.02605628967, 3.17745089531, 6.447742939, 9.54295158386, 8.18983364105, 5.77123308182, 9.17930316925, 8.4817533493, 16.4416446686, 16.5384635925, 20.1287097931, 26.7255477905, 13.211894989, 17.042760849, 20.1978645325, 22.6678104401, 38.4510116577, 15.7596788406, 12.5730819702, 6.95865297318, 7.32940578461, 3.99381971359, 3.77088713646, 3.6231174469, 4.26015138626, 3.13404369354, 3.96439099312, 6.2729511261, 6.36711120605, 6.13091468811, 7.20220327377, 1.74763381481, 0.572883188725, 0.244187429547, 0.112549319863, 0.0513961985707, 0.0104835079983, 0.000997416907921, 6.14377131569e-05], "dmean2": [0.333176702261, 3.3398103714, 5.57228946686, 11.0553970337, 15.8384008408, 12.9181585312, 8.76122188568, 14.5681886673, 12.6814241409, 25.2491607666, 26.0475616455, 30.6476325989, 43.3266448975, 20.7740116119, 27.0278644562, 32.2954292297, 36.782875061, 63.5017967224, 25.6134681702, 21.3164730072, 11.4597320557, 11.9926156998, 6.73947620392, 6.31998205185, 5.92948293686, 7.10938596725, 5.06173467636, 5.97704696655, 9.21490764618, 9.17335605621, 9.34211158752, 11.2754859924, 2.56511974335, 0.839165627956, 0.353148519993, 0.162191674113, 0.0755375176668, 0.0155433509499, 0.00149364524987, 9.08331639948e-05], "max": [9.03859996796, 76.609954834, 92.2139129639, 175.490722656, 270.762878418, 387.312194824, 418.775970459, 548.654968262, 548.422912598, 1155.6628418, 1655.36120605, 2310.07666016, 1863.64941406, 854.256469727, 933.242858887, 2376.74389648, 2077.31518555, 2007.60693359, 721.006347656, 465.216308594, 412.659881592, 259.195129395, 122.033332825, 387.963348389, 224.279098511, 435.881347656, 392.3671875, 651.711303711, 623.32635498, 595.496643066, 293.783447266, 194.314666748, 157.225860596, 114.660751343, 25.8224601746, 6.35745763779, 1.87276363373, 0.45967361331, 0.0452891178429, 0.00201504747383], "dvar": [0.36890989542, 32.8257369995, 63.9265365601, 200.444778442, 459.179351807, 262.640899658, 199.123657227, 393.710418701, 440.233001709, 2059.95532227, 4340.65917969, 5242.32958984, 3838.68554688, 712.359680176, 957.923583984, 3230.49902344, 3256.9621582, 3886.64916992, 890.079589844, 539.617370605, 180.681396484, 149.065063477, 71.5906066895, 193.722793579, 78.1758117676, 220.434829712, 102.644332886, 154.718276978, 338.032196045, 251.596176147, 129.138153076, 201.258331299, 12.878452301, 3.41111969948, 0.274993002415, 0.0404818914831, 0.00745508633554, 0.000322257576045, 3.07813002109e-06, 1.03154729203e-08], "mean": [0.185586005449, 2.18681931496, 4.12761163712, 8.86542320251, 12.8228302002, 15.6994562149, 12.6561450958, 17.5451946259, 16.086479187, 29.2907981873, 29.0200824738, 36.7792549133, 47.1609611511, 24.5844249725, 31.5219135284, 38.418094635, 42.680770874, 65.5731430054, 27.6847305298, 18.6306152344, 11.5448961258, 12.2793903351, 6.03260707855, 4.9026966095, 5.54003429413, 5.24671459198, 4.13970804214, 5.48191595078, 8.98175525665, 9.16124725342, 6.61234664917, 6.59087944031, 1.9351092577, 0.677417457104, 0.284364014864, 0.124759487808, 0.0533532723784, 0.0105866342783, 0.00101262459066, 8.31380239106e-05], "dvar2": [0.912747323513, 79.8170089722, 175.971054077, 539.931213379, 1183.96789551, 607.986206055, 416.537597656, 884.391723633, 861.642883301, 4712.95703125, 10854.2451172, 10827.8916016, 9722.80371094, 1511.82128906, 2311.89355469, 7997.87451172, 7605.82226563, 10379.4931641, 2275.88085938, 1511.3182373, 486.61227417, 403.864654541, 195.462615967, 501.62600708, 196.714767456, 588.342590332, 279.277282715, 389.836700439, 773.901428223, 548.633300781, 297.579467773, 469.605041504, 30.0244731903, 9.05311203003, 0.650625526905, 0.0898085981607, 0.0171181745827, 0.000758167065214, 7.30067586119e-06, 2.33132677607e-08], "min": [6.34278246589e-22, 1.48268287781e-21, 3.95506756759e-21, 1.00633282749e-20, 8.23575074435e-20, 1.52281133187e-19, 1.9548694793e-19, 1.90269881032e-19, 1.30943621545e-18, 6.05961342387e-19, 2.39887278686e-18, 4.0234557167e-18, 1.38867122594e-18, 9.17019044521e-19, 3.96881588775e-18, 5.15384558664e-18, 2.83444190239e-18, 5.47944869116e-18, 5.7921829333e-18, 4.64260950419e-18, 5.7650774654e-18, 5.71520178319e-18, 7.65340341804e-18, 1.2165304737e-17, 1.47052513161e-17, 1.3982584974e-17, 2.00913998245e-17, 1.18123202998e-17, 2.14280906071e-17, 1.60997620236e-17, 1.55507043484e-17, 1.48764545419e-17, 1.42715621753e-17, 1.31749862081e-17, 7.68377666296e-18, 6.00682678968e-18, 3.12695219894e-18, 1.40593696687e-18, 3.50463035553e-19, 4.02313831199e-20], "var": [0.30147460103, 28.0881061554, 45.3911056519, 175.155029297, 467.518920898, 831.295776367, 804.567199707, 1331.31738281, 1072.03747559, 4354.44482422, 8089.79931641, 14066.1884766, 11114.3798828, 2181.54711914, 2475.05615234, 11218.1660156, 8969.01171875, 7594.93505859, 1565.41345215, 657.425598145, 217.479812622, 227.387924194, 71.5124206543, 167.561096191, 132.925430298, 204.203491211, 106.808158875, 214.35697937, 616.18951416, 505.708435059, 162.737792969, 199.881103516, 17.2945575714, 3.42378020287, 0.38093072176, 0.0614256076515, 0.00915594398975, 0.000363417959306, 3.37000551554e-06, 1.19867360482e-08], "median": [0.0427867472172, 0.72201615572, 2.64863443375, 5.13876008987, 5.92360782623, 6.03724718094, 4.58452320099, 7.66126012802, 6.20409727097, 8.91529083252, 7.72035455704, 8.92791461945, 17.8675384521, 11.9229125977, 15.597858429, 15.0054693222, 19.6609191895, 38.4059333801, 15.5744342804, 10.9278926849, 7.24644184113, 7.19551753998, 3.50089597702, 2.15396237373, 2.17403364182, 1.43211221695, 0.947210073471, 1.06436550617, 1.69688224792, 1.94930386543, 1.41101753712, 0.845755577087, 0.380030095577, 0.153028607368, 0.0631755441427, 0.0251241587102, 0.00981465727091, 0.00178454362322, 0.000165740246302, 4.06117942475e-05]}, "spectral_energy": {"dmean": 0.0160565786064, "dmean2": 0.0251702126116, "max": 0.362099915743, "dvar": 0.000871208729222, "mean": 0.0334147773683, "dvar2": 0.00199162820354, "min": 1.018211028e-20, "var": 0.00109445571434, "median": 0.0236688461155}, "zerocrossingrate": {"dmean": 0.0112357549369, "dmean2": 0.0134413260967, "max": 0.5078125, "dvar": 0.000174627639353, "mean": 0.0568768382072, "dvar2": 0.000233605300309, "min": 0.0068359375, "var": 0.0024274289608, "median": 0.044921875}, "spectral_energyband_high": {"dmean": 0.000734835339244, "dmean2": 0.00104319409002, "max": 0.065595433116, "dvar": 2.16981788981e-06, "mean": 0.000976705574431, "dvar2": 4.67701556772e-06, "min": 7.6189376712e-21, "var":