{"tonal": {"chords_key": "D#", "hpcp_entropy": {"dmean": 0.568974435329, "dmean2": 0.951099216938, "max": 4.08837223053, "dvar": 0.250376582146, "mean": 1.71526563168, "dvar2": 0.626440525055, "min": 0, "var": 0.666568160057, "median": 1.78587067127}, "key_key": "D#", "chords_strength": {"dmean": 0.0110821770504, "dmean2": 0.0106624281034, "max": 0.84908002615, "dvar": 0.000757134752348, "mean": 0.582139194012, "dvar2": 0.00149845110718, "min": -1, "var": 0.0493429340422, "median": 0.611812055111}, "key_scale": "major", "chords_number_rate": 0.00316344457678, "thpcp": [1, 0.770972073078, 0.272596776485, 0.0914029479027, 0.095268368721, 0.31591796875, 0.578231811523, 0.471158921719, 0.200296312571, 0.0991852805018, 0.130681186914, 0.309798240662, 0.547573149204, 0.50239109993, 0.465928167105, 0.582111001015, 0.42155906558, 0.236489310861, 0.250492334366, 0.287861347198, 0.442126780748, 0.728190839291, 0.658929347992, 0.312143683434, 0.143880546093, 0.11780077219, 0.233749464154, 0.415131598711, 0.377165138721, 0.200872510672, 0.121392689645, 0.125536516309, 0.24834510684, 0.42412430048, 0.477629393339, 0.674757182598], "key_strength": 0.889919877052, "tuning_nontempered_energy_ratio": 0.807910084724, "tuning_frequency": 436.456176758, "chords_changes_rate": 0.0428822487593, "tuning_diatonic_strength": 0.779272377491, "chords_scale": "major", "chords_histogram": [31.5992965698, 7.83831262589, 21.4059753418, 1.93321621418, 0.949033379555, 0, 0, 0.07029876858, 0.28119507432, 0, 0.49209138751, 0, 1.44112479687, 0, 0, 1.93321621418, 0, 0, 0, 0.105448156595, 0, 1.05448150635, 24.3585243225, 6.53778553009], "tuning_equal_tempered_deviation": 0.0981302186847, "hpcp": {"dmean": [0.0731402635574, 0.0890766084194, 0.122008748353, 0.1404530406, 0.136089026928, 0.101136766374, 0.0646139457822, 0.0501841306686, 0.0686974152923, 0.0878812223673, 0.0829059779644, 0.0663870871067, 0.0468315966427, 0.0519531667233, 0.0807947665453, 0.10220824182, 0.132804557681, 0.170981541276, 0.152619674802, 0.156876534224, 0.0898015424609, 0.0379990935326, 0.0362332463264, 0.0722796246409, 0.0994701758027, 0.0943178907037, 0.0661206319928, 0.0416562817991, 0.0495459735394, 0.0847111865878, 0.112167410553, 0.118782430887, 0.122439406812, 0.105609446764, 0.0963217392564, 0.0824410989881], "dmean2": [0.125121310353, 0.154315054417, 0.207958772779, 0.233427166939, 0.225059360266, 0.176356002688, 0.118452094495, 0.0902430638671, 0.114524133503, 0.146548211575, 0.138478323817, 0.11517944932, 0.0831716880202, 0.0937891378999, 0.136832669377, 0.174185365438, 0.224560573697, 0.287144422531, 0.254483669996, 0.261769503355, 0.156799808145, 0.0693739131093, 0.0642668232322, 0.119141966105, 0.163652554154, 0.156243026257, 0.114391230047, 0.07473513484, 0.0875995531678, 0.142068386078, 0.185909613967, 0.198676496744, 0.208040192723, 0.17576380074, 0.161517292261, 0.14294552803], "max": [1, 1, 1, 1, 1, 1, 1, 1, 1, 1, 1, 1, 1, 1, 1, 1, 1, 1, 1, 1, 1, 1, 1, 1, 1, 1, 1, 1, 1, 1, 1, 1, 1, 1, 1, 1], "dvar": [0.0271091088653, 0.0312535651028, 0.0385628417134, 0.0434341542423, 0.042000874877, 0.035079549998, 0.0284053459764, 0.0186555441469, 0.023263707757, 0.0320193655789, 0.0292687844485, 0.027191594243, 0.018236592412, 0.0224427320063, 0.0285220146179, 0.0381756052375, 0.0388456918299, 0.0505287721753, 0.0458308048546, 0.0509950295091, 0.0289158970118, 0.0128956669942, 0.0119989560917, 0.0204574037343, 0.0321430377662, 0.0327269844711, 0.0234853681177, 0.0150227807462, 0.0169269833714, 0.0281321983784, 0.0360084027052, 0.035195581615, 0.036421213299, 0.0341423116624, 0.030606418848, 0.0308662578464], "mean": [0.0803697630763, 0.0923595055938, 0.14185513556, 0.233637988567, 0.211415633559, 0.100150421262, 0.0461636669934, 0.0377960465848, 0.074997857213, 0.133193805814, 0.121012374759, 0.064449377358, 0.0389485023916, 0.0402780398726, 0.0796808302402, 0.136079087853, 0.153246045113, 0.216493949294, 0.320847183466, 0.247364223003, 0.0874619036913, 0.0293263792992, 0.0305665880442, 0.101361393929, 0.185524046421, 0.151170015335, 0.0642645061016, 0.0318233184516, 0.0419286899269, 0.0993978977203, 0.175687298179, 0.161190763116, 0.149491742253, 0.18676866591, 0.135256037116, 0.0758769288659], "dvar2": [0.0641997531056, 0.0794405192137, 0.102379500866, 0.10842461884, 0.102341078222, 0.0946676507592, 0.0798559337854, 0.050564751029, 0.0592054054141, 0.0778688490391, 0.0728947669268, 0.0704468488693, 0.0490792430937, 0.0584959536791, 0.0715788081288, 0.0951997190714, 0.0959517657757, 0.129542723298, 0.112586483359, 0.123639270663, 0.0749824866652, 0.0354678966105, 0.0314730629325, 0.050554599613, 0.0765112042427, 0.0774662271142, 0.0605853796005, 0.0407917946577, 0.0456969067454, 0.0730690136552, 0.0886008217931, 0.0888973101974, 0.0935616120696, 0.081286162138, 0.0772846266627, 0.0796431154013], "min": [0, 0, 0, 0, 0, 0, 0, 0, 0, 0, 0, 0, 0, 0, 0, 0, 0, 0, 0, 0, 0, 0, 0, 0, 0, 0, 0, 0, 0, 0, 0, 0, 0, 0, 0, 0], "var": [0.0390547849238, 0.0405967868865, 0.053714171052, 0.0948191657662, 0.086074590683, 0.0379879698157, 0.0193895660341, 0.0141858579591, 0.0272803436965, 0.0623979046941, 0.0534281544387, 0.0291068833321, 0.0160080529749, 0.0183156467974, 0.0325719118118, 0.0678903609514, 0.0591328814626, 0.0764022767544, 0.129977822304, 0.0999066531658, 0.0311264954507, 0.00936763174832, 0.00975927244872, 0.0397145152092, 0.092808753252, 0.0675434693694, 0.0259242318571, 0.0115972226486, 0.0150521034375, 0.0376031659544, 0.0774156153202, 0.063947506249, 0.0542073883116, 0.0941695421934, 0.0589796975255, 0.0309954788536], "median": [0.0077787945047, 0.0106780640781, 0.0372923612595, 0.0839321538806, 0.0686863809824, 0.0179429892451, 0.00380977406166, 0.00365702039562, 0.00858190469444, 0.0152060072869, 0.0136108659208, 0.00677878642455, 0.00337928789668, 0.00271915481426, 0.00672637298703, 0.0160076990724, 0.036869160831, 0.0920678600669, 0.152764007449, 0.0892369449139, 0.0139753054827, 0.00255838246085, 0.00354683632031, 0.0122649092227, 0.0275157671422, 0.0228951219469, 0.00640846742317, 0.00261804508045, 0.00339430198073, 0.0139537919313, 0.0340659953654, 0.0396444648504, 0.038155104965, 0.0186467338353, 0.0140378521755, 0.00928023736924]}}, "lowlevel": {"melbands_flatness_db": {"dmean": 0.0272321887314, "dmean2": 0.0393601618707, "max": 0.510194242001, "dvar": 0.000852024415508, "mean": 0.262873768806, "dvar2": 0.00176456652116, "min": 2.93374881721e-07, "var": 0.00558864371851, "median": 0.262352436781}, "melbands_crest": {"dmean": 2.84235811234, "dmean2": 4.39409589767, "max": 33.5060424805, "dvar": 6.86078929901, "mean": 15.2114610672, "dvar2": 16.7310066223, "min": 1.00016069412, "var": 32.5194625854, "median": 14.5526752472}, "spectral_entropy": {"dmean": 0.229127049446, "dmean2": 0.33241969347, "max": 9.82349300385, "dvar": 0.0626185685396, "mean": 6.9174413681, "dvar2": 0.120936356485, "min": 4.91192102432, "var": 0.45960265398, "median": 6.86092567444}, "melbands": {"dmean": [0.000403632962843, 0.000305196881527, 0.000317011435982, 0.000410418957472, 0.000263512687525, 0.000175943481736, 0.000109198757855, 9.78063471848e-05, 0.000143177312566, 7.04626218067e-05, 8.11958088889e-05, 0.000117149080324, 7.21751275705e-05, 6.87681458658e-05, 5.46596274944e-05, 1.92915740627e-05, 2.3652199161e-05, 1.14103486339e-05, 1.70914918272e-05, 7.88726265455e-06, 5.73879970034e-06, 6.81685469317e-06, 5.18094293511e-06, 5.43881924386e-06, 3.41856730302e-06, 1.98219299818e-06, 1.90274113265e-06, 1.70224052454e-06, 7.142823506e-07, 3.14507616395e-07, 2.08582505934e-07, 1.74980556267e-07, 1.75538048097e-07, 1.86059878615e-07, 1.86480576758e-07, 1.59991742521e-07, 1.36030180897e-07, 1.25999591205e-07, 1.03219825576e-07, 4.71210448438e-08], "dmean2": [0.000612802046817, 0.000447542377515, 0.00049754336942, 0.000635464210063, 0.000387467007386, 0.000263506488409, 0.000169189283042, 0.000147743601701, 0.00020042595861, 9.49177556322e-05, 0.000110110871901, 0.000158761962666, 9.72900525085e-05, 9.47799926507e-05, 7.26184807718e-05, 2.60344440903e-05, 3.15320321533e-05, 1.60337785928e-05, 2.31306148635e-05, 1.10420814963e-05, 8.15115890873e-06, 1.00554616438e-05, 7.5172065408e-06, 7.76682372816e-06, 4.94998357681e-06, 2.88439537144e-06, 2.75871184385e-06, 2.44520697379e-06, 1.06648826659e-06, 4.8822221288e-07, 3.23378657185e-07, 2.72512465926e-07, 2.8082806125e-07, 2.90965772365e-07, 2.79939996517e-07, 2.52525467204e-07, 2.12944542e-07, 1.95142419557e-07, 1.61571122703e-07, 7.24081559156e-08], "max": [0.0252508819103, 0.0146550154313, 0.0172748416662, 0.0145443212241, 0.00980230234563, 0.00957802683115, 0.00665473984554, 0.00897799246013, 0.00904168654233, 0.00756984204054, 0.0133014479652, 0.0120003987104, 0.00823394674808, 0.0120332613587, 0.00952999386936, 0.0040387972258, 0.00388862914406, 0.00138256954961, 0.00606957823038, 0.00104617257603, 0.000684387865476, 0.000658365432173, 0.000483333074953, 0.000490942969918, 0.000221518785111, 0.000124917321955, 0.000222320202738, 0.000125989157823, 7.22256590961e-05, 1.46551910802e-05, 1.46858474181e-05, 1.40279735206e-05, 1.28709252749e-05, 2.13333441934e-05, 4.95290078106e-05, 4.04774982599e-05, 2.25264411711e-05, 1.12813086162e-05, 1.24727603179e-05, 5.31865543962e-06], "dvar": [1.98923271455e-06, 6.23418372925e-07, 3.31672964649e-07, 5.04018714764e-07, 1.6011941284e-07, 8.66835279112e-08, 5.6157158923e-08, 7.79620563662e-08, 1.70456971205e-07, 6.23895530794e-08, 1.11174358608e-07, 2.04819130545e-07, 9.12769806405e-08, 1.30939611154e-07, 7.49838520164e-08, 9.42749256438e-09, 9.30748544903e-09, 1.6389831714e-09, 7.83550113681e-09, 7.77001796237e-10, 2.8422847409e-10, 4.63065974454e-10, 2.22601950761e-10, 2.310497349e-10, 6.18640694228e-11, 2.2421953183e-11, 2.39406827696e-11, 1.83083739141e-11, 3.19264211422e-12, 5.9090297759e-13, 2.57025900129e-13, 2.04739884443e-13, 1.81028884374e-13, 2.7732549872e-13, 5.70909964269e-13, 5.52192840064e-13, 2.49065904619e-13, 1.02737290246e-13, 1.05047304948e-13, 2.62951010792e-14], "mean": [0.000627777073532, 0.000623351486865, 0.000632018782198, 0.000855212158058, 0.000719406176358, 0.000502089853399, 0.000230052944971, 0.000194018881302, 0.000315428653266, 0.000157800197485, 0.000174952714588, 0.000301876163576, 0.000147696351632, 0.000155071160407, 0.000137333729072, 3.53472787538e-05, 5.03693190694e-05, 1.99093119591e-05, 3.36036318913e-05, 1.58658240252e-05, 1.13194246296e-05, 1.48726803673e-05, 1.05541575977e-05, 1.09620377771e-05, 7.53056019676e-06, 4.48591663371e-06, 4.39577024736e-06, 3.75733884539e-06, 1.29438160457e-06, 4.41419928165e-07, 2.97105145819e-07, 2.48208834819e-07, 2.22238668357e-07, 2.4729007464e-07, 2.6243591833e-07, 2.13993970988e-07, 1.62571183182e-07, 1.53129477098e-07, 1.28315846837e-07, 7.00177906765e-08], "dvar2": [4.14910664404e-06, 1.19105573049e-06, 8.44455541937e-07, 1.24546158986e-06, 3.44568235278e-07, 2.05498537298e-07, 1.38680064765e-07, 1.64838169781e-07, 3.34120244361e-07, 1.14269717244e-07, 1.97052727913e-07, 4.10898707059e-07, 1.93475386823e-07, 2.61636586174e-07, 1.35329827344e-07, 1.65270570562e-08, 1.61575712809e-08, 2.92232638088e-09, 1.50971839474e-08, 1.26933641376e-09, 5.62798863069e-10, 1.02454500439e-09, 5.05458730427e-10, 4.90410545506e-10, 1.19955989586e-10, 4.41655323424e-11, 4.7078663884e-11, 3.49208925665e-11, 6.28207121739e-12, 1.28224438446e-12, 5.43352038709e-13, 4.2016165395e-13, 3.85931141645e-13, 5.30567831423e-13, 9.55046805529e-13, 1.1872251229e-12, 4.24487159832e-13, 2.21908645973e-13, 2.2258251828e-13, 5.33259180357e-14], "min": [7.80627120219e-25, 1.03860154743e-24, 1.39205531057e-24, 1.64404834788e-24, 1.48310405853e-24, 1.20832388651e-24, 1.32759304867e-24, 1.92263980277e-24, 1.59495802679e-24, 1.88382666294e-24, 2.37947783045e-24, 1.43574597738e-24, 2.45610580663e-24, 1.51208631515e-24, 2.84459238954e-24, 2.71656460335e-24, 2.79922775989e-24, 3.33396639361e-24, 2.37395915677e-24, 3.92531703855e-24, 2.53864668973e-24, 3.37506841335e-24, 3.91609170469e-24, 3.50350404062e-24, 4.68619468088e-24, 3.90578918127e-24, 5.20111338157e-24, 4.16797223071e-24, 4.94717826732e-24, 4.05638785567e-24, 4.34866003219e-24, 4.60461739138e-24, 4.44734377042e-24, 4.35551010587e-24, 4.83665727677e-24, 4.40055643014e-24, 5.95082548665e-24, 6.08341012785e-24, 5.58223220083e-24, 6.00875667051e-24], "var": [3.30336115439e-06, 1.64778884937e-06, 6.62207867208e-07, 1.23188817724e-06, 8.10703681964e-07, 5.75856972773e-07, 1.86707254102e-07, 2.75781872006e-07, 5.44748445463e-07, 2.28001837854e-07, 3.45079286035e-07, 1.20368952139e-06, 2.88448177344e-07, 5.40952953543e-07, 4.11552520063e-07, 3.00747728943e-08, 4.46969963264e-08, 4.48953274557e-09, 2.83862959805e-08, 2.84232859471e-09, 8.51529902146e-10, 1.47670309314e-09, 5.01625407878e-10, 5.54326973212e-10, 2.15565315598e-10, 8.53929774114e-11, 7.9494529015e-11, 7.6569882379e-11, 1.09919599464e-11, 1.1284637504e-12, 5.18762116597e-13, 4.11644378523e-13, 3.06557432434e-13, 5.12275226579e-13, 1.10087167247e-12, 7.99582676545e-13, 4.3416027609e-13, 1.66909075536e-13, 1.66353001795e-13, 5.05905369409e-14], "median": [4.15253052779e-05, 0.000172301835846, 0.000354478310328, 0.000469533901196, 0.000443453376647, 0.000217878870899, 9.59185344982e-05, 4.29666579294e-05, 4.09329077229e-05, 2.04236712307e-05, 1.7937984012e-05, 1.82455332833e-05, 9.26818484004e-06, 8.04867886472e-06, 6.29408805253e-06, 3.10463406095e-06, 3.88769058191e-06, 2.93805487672e-06, 3.60626609108e-06, 2.35465950027e-06, 2.72428542303e-06, 3.6335563891e-06, 3.11734811476e-06, 3.00396095554e-06, 2.24245195568e-06, 1.45735111801e-06, 1.39769008456e-06, 8.14903501123e-07, 3.17334922784e-07, 1.14799149742e-07, 8.05065809573e-08, 6.40806021579e-08, 5.94180136204e-08, 7.87219107679e-08, 9.63370041518e-08, 7.23765367638e-08, 3.89362888598e-08, 3.36455201477e-08, 2.84870402822e-08, 2.2203337835e-08]}, "silence_rate_60dB": {"dmean": 0.0186390019953, "dmean2": 0.0372845567763, "max": 1, "dvar": 0.0182927194983, "mean": 0.0828059092164, "dvar2": 0.039410457015, "min": 0, "var": 0.0759467929602, "median": 0}, "spectral_energyband_middle_high": {"dmean": 0.00187123008072, "dmean2": 0.00233677681535, "max": 0.107628688216, "dvar": 2.2683358111e-05, "mean": 0.00651880912483, "dvar2": 3.60545673175e-05, "min": 1.12186865351e-21, "var": 0.000190738952369, "median": 0.00129015883431}, "erbbands_skewness": {"dmean": 0.393145173788, "dmean2": 0.585692346096, "max": 6.28992509842, "dvar": 0.175285890698, "mean": 0.949620127678, "dvar2": 0.379493147135, "min": -2.37460398674, "var": 1.11159408092, "median": 0.815580844879}, "dynamic_complexity": 3.574259758, "dissonance": {"dmean": 0.0253920704126, "dmean2": 0.0423418469727, "max": 0.5, "dvar": 0.000635371019598, "mean": 0.438270151615, "dvar2": 0.00171835930087, "min": 0.214164629579, "var": 0.00155286700465, "median": 0.445523351431}, "spectral_skewness": {"dmean": 0.338348090649, "dmean2": 0.538121819496, "max": 5.30841875076, "dvar": 0.104364797473, "mean": 2.04304361343, "dvar2": 0.240541785955, "min": -0.0859996378422, "var": 0.497561246157, "median": 1.97818517685}, "spectral_kurtosis": {"dmean": 3.04212999344, "dmean2": 5.01981163025, "max": 37.4091262817, "dvar": 8.84518241882, "mean": 8.22883701324, "dvar2": 22.690071106, "min": -1.27173006535, "var": 25.8220157623, "median": 7.30904579163}, "gfcc": {"cov": [[32461.6445313, 3324.08203125, -4104.17285156, 334.709625244, -1562.64709473, -131.397628784, -863.502807617, 222.683044434, -816.157104492, -489.283966064, -224.709533691, -372.575622559, -185.823486328], [3324.08203125, 1274.05700684, 78.009475708, 151.672164917, -28.5396022797, -16.7192573547, -73.7048187256, -24.4517040253, -55.2810401917, -200.94291687, 23.6026706696, -35.7627029419, -10.2575206757], [-4104.17285156, 78.009475708, 1610.95141602, 452.324981689, 146.479675293, 73.5114822388, -114.575744629, -85.1840515137, 172.854400635, -31.0246677399, -28.296043396, 95.0250244141, 29.1727924347], [334.709625244, 151.672164917, 452.324981689, 653.747680664, 36.4517669678, 12.6189870834, -194.820602417, -25.4051628113, 123.460479736, -51.9662322998, -61.4364776611, -1.19945788383, 42.9532165527], [-1562.64709473, -28.5396022797, 146.479675293, 36.4517669678, 422.381317139, 44.0897102356, 147.642852783, 80.6385498047, 87.6876525879, 84.1862716675, 12.2185258865, 17.4291477203, 31.7633781433], [-131.397628784, -16.7192573547, 73.5114822388, 12.6189870834, 44.0897102356, 311.740966797, 204.714385986, 27.7015800476, 17.5412044525, 22.3901176453, 35.6954307556, -12.6020927429, -0.539949953556], [-863.502807617, -73.7048187256, -114.575744629, -194.820602417, 147.642852783, 204.714385986, 436.005706787, 89.2003326416, -30.7210693359, 43.5681037903, 72.7065429688, -13.4676656723, 0.813744008541], [222.683044434, -24.4517040253, -85.1840515137, -25.4051628113, 80.6385498047, 27.7015800476, 89.2003326416, 212.550064087, 82.4527740479, 55.407081604, -6.37451791763, 3.12030792236, 4.88095474243], [-816.157104492, -55.2810401917, 172.854400635, 123.460479736, 87.6876525879, 17.5412044525, -30.7210693359, 82.4527740479, 247.180786133, 83.1034927368, -6.3343372345, 26.4930267334, 31.5036678314], [-489.283966064, -200.94291687, -31.0246677399, -51.9662322998, 84.1862716675, 22.3901176453, 43.5681037903, 55.407081604, 83.1034927368, 201.139068604, 39.7871513367, 16.7840270996, 10.5084285736], [-224.709533691, 23.6026706696, -28.296043396, -61.4364776611, 12.2185258865, 35.6954307556, 72.7065429688, -6.37451791763, -6.3343372345, 39.7871513367, 158.242294312, 63.9073066711, 9.47093391418], [-372.575622559, -35.7627029419, 95.0250244141, -1.19945788383, 17.4291477203, -12.6020927429, -13.4676656723, 3.12030792236, 26.4930267334, 16.7840270996, 63.9073066711, 144.901397705, 28.8583965302], [-185.823486328, -10.2575206757, 29.1727924347, 42.9532165527, 31.7633781433, -0.539949953556, 0.813744008541, 4.88095474243, 31.5036678314, 10.5084285736, 9.47093391418, 28.8583965302, 83.9288330078]], "mean": [-87.3223571777, 116.675064087, -115.716377258, 18.8491802216, -55.4813079834, -6.71820545197, -43.0462493896, 4.44063663483, -28.4817466736, -10.6381549835, -7.0251584053, -3.90087413788, -7.85137796402], "icov": [[0.000291366566671, -0.000817748426925, 0.00084421999054, -0.000603296270128, 0.000730431987904, -0.000612234289292, 0.000591156305745, -0.000699031690601, 0.000885497836862, -0.000769537466113, 0.000644195766654, -0.000472905085189, 0.000168900471181], [-0.000817748426925, 0.00332795316353, -0.00238468707539, 0.00156729493756, -0.0022585215047, 0.00166421686299, -0.0013435378205, 0.00164877646603, -0.00245405291207, 0.00337831769139, -0.00267125340179, 0.00187460181769, -0.000439396244474], [0.00084421999054, -0.00238468707539, 0.00337876705453, -0.00222992990166, 0.00180563749745, -0.00203203549609, 0.00170535908546, -0.00139086903073, 0.00204210262746, -0.00204206374474, 0.00217472645454, -0.00213053240441, 0.000888758222573], [-0.000603296270128, 0.00156729493756, -0.00222992990166, 0.00392402382568, -0.00194186379667, 0.000331545103109, 0.000314918404911, 0.00130774627905, -0.00259378016926, 0.00237574055791, -0.00125831342302, 0.00163976696786, -0.00146507122554], [0.000730431987904, -0.0022585215047, 0.00180563749745, -0.00194186379667, 0.0053522833623, -0.000665269559249, -0.000387006468372, -0.00204423232935, 0.00173042854294, -0.00325270183384, 0.00226987269707, -0.00147581438068, -0.000190839375136], [-0.000612234289292, 0.00166421686299, -0.00203203549609, 0.000331545103109, -0.000665269559249, 0.00677370047197, -0.00466493843123, 0.00197299709544, -0.00245529902168, 0.00113838282414, -0.00153775245417, 0.00133984035347, 0.000102273457742], [0.000591156305745, -0.0013435378205, 0.00170535908546, 0.000314918404911, -0.000387006468372, -0.00466493843123, 0.00725302286446, -0.00336189637892, 0.00299416156486, -0.000615628436208, -0.000787514960393, 0.000425167760113, -0.000471774314065], [-0.000699031690601, 0.00164877646603, -0.00139086903073, 0.00130774627905, -0.00204423232935, 0.00197299709544, -0.00336189637892, 0.00874526053667, -0.00473319599405, 0.000923112791497, 0.000161851639859, 5.62510103919e-05, 0.000401809229515], [0.000885497836862, -0.00245405291207, 0.00204210262746, -0.00259378016926, 0.00173042854294, -0.00245529902168, 0.00299416156486, -0.00473319599405, 0.00973435491323, -0.00470834085718, 0.00216732756235, -0.00175139657222, -0.000852955272421], [-0.000769537466113, 0.00337831769139, -0.00204206374474, 0.00237574055791, -0.00325270183384, 0.00113838282414, -0.000615628436208, 0.000923112791497, -0.00470834085718, 0.0105480998755, -0.00448060082272, 0.00233318284154, -0.000456358044175], [0.000644195766654, -0.00267125340179, 0.00217472645454, -0.00125831342302, 0.00226987269707, -0.00153775245417, -0.000787514960393, 0.000161851639859, 0.00216732756235, -0.00448060082272, 0.0117079457268, -0.00609089387581, 0.000637769931927], [-0.000472905085189, 0.00187460181769, -0.00213053240441, 0.00163976696786, -0.00147581438068, 0.00133984035347, 0.000425167760113, 5.62510103919e-05, -0.00175139657222, 0.00233318284154, -0.00609089387581, 0.0112598519772, -0.00317585165612], [0.000168900471181, -0.000439396244474, 0.000888758222573, -0.00146507122554, -0.000190839375136, 0.000102273457742, -0.000471774314065, 0.000401809229515, -0.000852955272421, -0.000456358044175, 0.000637769931927, -0.00317585165612, 0.0141274053603]]}, "spectral_complexity": {"dmean": 2.00984692574, "dmean2": 3.07562422752, "max": 44, "dvar": 5.61753177643, "mean": 10.8718357086, "dvar2": 11.5369958878, "min": 0, "var": 32.6106987, "median": 10}, "spectral_flux": {"dmean": 0.0206615161151, "dmean2": 0.0321976207197, "max": 0.326991587877, "dvar": 0.000573708792217, "mean": 0.0589273683727, "dvar2": 0.00124427629635, "min": 6.34366031926e-11, "var": 0.00170119118411, "median": 0.0493494495749}, "spectral_energyband_low": {"dmean": 0.00197185599245, "dmean2": 0.00287694483995, "max": 0.0903500244021, "dvar": 2.74770136457e-05, "mean": 0.00389117002487, "dvar2": 5.422162576e-05, "min": 2.18942238461e-23, "var": 5.64367001061e-05, "median": 0.00121008674614}, "spectral_decrease": {"dmean": 1.4073554544e-09, "dmean2": 1.91720017639e-09, "max": 7.97623769056e-20, "dvar": 3.85195677389e-18, "mean": -5.47143175211e-09, "dvar2": 7.12005472986e-18, "min": -3.18163166924e-08, "var": 2.01285518145e-17, "median": -4.39416414366e-09}, "barkbands_spread": {"dmean": 3.08575749397, "dmean2": 4.57208681107, "max": 111.554145813, "dvar": 19.9631786346, "mean": 11.5939865112, "dvar2": 39.4489936829, "min": 0.219347059727, "var": 79.3629379272, "median": 9.65356063843}, "spectral_rms": {"dmean": 0.000567564682569, "dmean2": 0.000756047258619, "max": 0.0110665289685, "dvar": 4.46610727067e-07, "mean": 0.00420668674633, "dvar2": 7.566674185e-07, "min": 3.12934335563e-12, "var": 3.6945359625e-06, "median": 0.00411740876734}, "spectral_centroid": {"dmean": 158.677307129, "dmean2": 231.718322754, "max": 11625.0488281, "dvar": 59531.4453125, "mean": 1108.54931641, "dvar2": 116626.492188, "min": 192.291656494, "var": 2415622, "median": 808.061340332}, "barkbands_skewness": {"dmean": 0.552851498127, "dmean2": 0.807619333267, "max": 18.1980667114, "dvar": 0.442988455296, "mean": 2.05144357681, "dvar2": 1.01684296131, "min": -2.21221423149, "var": 2.98240399361, "median": 1.92949807644}, "spectral_rolloff": {"dmean": 216.523345947, "dmean2": 362.52142334, "max": 19616.7480469, "dvar": 262138.421875, "mean": 1279.83813477, "dvar2": 495972.3125, "min": 64.599609375, "var": 8001447.5, "median": 602.9296875}, "erbbands_spread": {"dmean": 6.34319162369, "dmean2": 9.31260490417, "max": 130.180953979, "dvar": 65.9402694702, "mean": 30.398443222, "dvar2": 142.320449829, "min": 1.17522585392, "var": 335.134368896, "median": 28.0912017822}, "barkbands": {"dmean": [5.44856156921e-05, 0.00140734540764, 0.000504624913447, 0.000699543976225, 0.00171772541944, 0.00103846262209, 0.00048979773419, 0.000649907276966, 0.00060017791111, 0.000778141489718, 0.000662205275148, 0.000650490168482, 0.000270648364676, 0.000216917760554, 0.000195732936845, 8.7349806563e-05, 0.000101736084616, 0.000116569404781, 6.05129898759e-05, 5.24740171386e-05, 1.35642776513e-05, 8.65688252816e-06, 1.05534800241e-05, 1.05906756289e-05, 4.17752744397e-06, 9.78062530521e-07, 1.63854224411e-07], "dmean2": [8.04846567917e-05, 0.00215243687853, 0.000747346959542, 0.00111576693598, 0.00262351986021, 0.00153624941595, 0.00075443321839, 0.000940592493862, 0.000828384130727, 0.00104618293699, 0.000901587423868, 0.000908678863198, 0.000378150609322, 0.000297998136375, 0.000262290675892, 0.000126859769807, 0.000150008825585, 0.000168363578268, 8.71440934134e-05, 7.38297530916e-05, 2.05435644602e-05, 1.34909205372e-05, 1.57587255671e-05, 1.6153739125e-05, 6.35023116047e-06, 1.429435315e-06, 2.42919725224e-07], "max": [0.00464458344504, 0.0715804994106, 0.0328175649047, 0.0437651574612, 0.0534327290952, 0.0390290245414, 0.0408334434032, 0.0503921285272, 0.0455472394824, 0.0663617625833, 0.0845146030188, 0.100836604834, 0.0649900063872, 0.0356519557536, 0.0538515932858, 0.00818474590778, 0.0115027111024, 0.0109569868073, 0.00343521637842, 0.0034609741997, 0.000755076995119, 0.000639459700324, 0.0019106308464, 0.00142301584128, 0.000556603306904, 0.000145434212754, 3.25128494296e-05], "dvar": [5.5883038641e-08, 2.16826538235e-05, 1.37628660468e-06, 1.8936473225e-06, 7.67670007917e-06, 2.60690671894e-06, 1.41540851928e-06, 3.2294817629e-06, 3.72396652892e-06, 7.89545265434e-06, 7.07951903678e-06, 9.70865221461e-06, 2.19634625864e-06, 7.35060041279e-07, 8.04643889296e-07, 7.11145062837e-08, 8.56488071577e-08, 1.00099093459e-07, 1.80199002386e-08, 1.47059280309e-08, 1.02207486918e-09, 4.40989744721e-10, 1.26927457433e-09, 1.03247599359e-09, 2.15741216558e-10, 1.59276359463e-11, 4.37620588638e-13], "mean": [6.22583829681e-05, 0.00226878817193, 0.000983224017546, 0.00124591344502, 0.00394193502143, 0.00299102975987, 0.00100881571416, 0.00125475134701, 0.00130027206615, 0.00175503070932, 0.00132847740315, 0.00153362134006, 0.000466049765237, 0.000434147834312, 0.000383051607059, 0.000176786081283, 0.000224885414355, 0.000238042863202, 0.000134841044201, 0.000123922232888, 2.02693063329e-05, 1.20497552416e-05, 1.52041802721e-05, 1.32214190671e-05, 6.67564336254e-06, 1.95076131604e-06, 3.30447221586e-07], "dvar2": [1.16559057517e-07, 4.58376453025e-05, 2.50457173934e-06, 4.87178840558e-06, 1.87377627299e-05, 5.92839978708e-06, 3.27036036651e-06, 6.45066120342e-06, 7.24298570276e-06, 1.58816183102e-05, 1.4212089809e-05, 1.85477911145e-05, 4.27619806942e-06, 1.28511999264e-06, 1.46740899254e-06, 1.36154184815e-07, 1.8216023534e-07, 2.20504460913e-07, 3.38652057508e-08, 2.80591994084e-08, 2.12145989664e-09, 8.91413109994e-10, 2.00817540374e-09, 1.70588843051e-09, 4.51969434101e-10, 3.49089333829e-11, 9.16595358641e-13], "min": [3.84654419887e-25, 3.45368826332e-25, 7.53358614612e-25, 3.64699739555e-25, 7.74370161481e-24, 5.07607735037e-24, 4.98072023858e-24, 7.10128405917e-24, 1.56532896339e-23, 9.22648559303e-24, 1.53024027256e-23, 1.21535161165e-23, 2.47625631182e-23, 2.90948909687e-23, 3.17131360903e-23, 5.07517986332e-23, 6.01224722225e-23, 8.7765691887e-23, 1.34645152197e-22, 1.24986301408e-22, 2.30507655617e-22, 3.1329569199e-22, 2.88378011997e-22, 5.37863490048e-22, 7.98092420591e-22, 1.29450292352e-21, 1.96010523369e-21], "var": [7.24975848243e-08, 3.55939882866e-05, 5.11320240548e-06, 3.799205615e-06, 2.24340546993e-05, 1.70693310793e-05, 6.17001933279e-06, 8.63563309395e-06, 1.25764254335e-05, 3.48580979335e-05, 2.50384091487e-05, 4.60220217064e-05, 6.5477456701e-06, 3.17143530992e-06, 2.81104712485e-06, 2.90202081032e-07, 2.85618313001e-07, 2.36267140963e-07, 6.8153561017e-08, 6.14071140603e-08, 2.24489316025e-09, 8.73773109422e-10, 2.70760369681e-09, 1.98762428738e-09, 4.10638467674e-10, 3.68535306439e-11, 1.32009670122e-12], "median": [1.61265097631e-06, 0.000186636520084, 0.00028929382097, 0.000558841624297, 0.00235750386491, 0.00143849279266, 0.000346534885466, 0.000214838219108, 0.000137641574838, 0.000142073637107, 7.96735548647e-05, 7.28663726477e-05, 3.18559177686e-05, 3.63473373e-05, 4.68697107863e-05, 3.05788853439e-05, 6.03062617301e-05, 6.56103511574e-05, 4.37680573668e-05, 3.55200390914e-05, 5.72306362301e-06, 3.284137847e-06, 5.62717468711e-06, 3.31110686602e-06, 2.28076441999e-06, 4.5208335564e-07, 7.36127390155e-08]}, "melbands_kurtosis": {"dmean": 7.62189817429, "dmean2": 11.6968650818, "max": 363.290039063, "dvar": 210.011413574, "mean": 18.7250537872, "dvar2": 530.707824707, "min": -1.59933817387, "var": 543.489074707, "median": 11.6820240021}, "erbbands_crest": {"dmean": 2.51864767075, "dmean2": 3.82421469688, "max": 32.7418899536, "dvar": 6.08929347992, "mean": 11.7564239502, "dvar2": 14.0642824173, "min": 2.38696908951, "var": 27.7739677429, "median": 10.8331604004}, "melbands_skewness": {"dmean": 0.653513550758, "dmean2": 0.958424448967, "max": 17.1549282074, "dvar": 0.607481896877, "mean": 2.71417975426, "dvar2": 1.33625710011, "min": -3.01504397392, "var": 3.90833330154, "median": 2.64772939682}, "spectral_energyband_middle_low": {"dmean": 0.00346005964093, "dmean2": 0.00502588134259, "max": 0.0749340951443, "dvar": 1.92953175429e-05, "mean": 0.0121930493042, "dvar2": 4.31503649452e-05, "min": 1.61674606523e-22, "var": 7.73944339016e-05, "median": 0.0108843632042}, "spectral_contrast_coeffs": {"dmean": [0.0458210408688, 0.0459554754198, 0.037324115634, 0.0317599289119, 0.0257029384375, 0.0150809250772], "dmean2": [0.0739032924175, 0.0732805281878, 0.0573504045606, 0.0485375486314, 0.0386831611395, 0.0237756036222], "max": [-0.249046310782, -0.312189072371, -0.337527006865, -0.425075411797, -0.55462872982, -0.662359476089], "dvar": [0.00159694696777, 0.00160205166321, 0.00120729580522, 0.00083894765703, 0.000617112091277, 0.000211127349758], "mean": [-0.599818766117, -0.663194000721, -0.736650824547, -0.759258389473, -0.76601845026, -0.812982618809], "dvar2": [0.00378764723428, 0.00392659427598, 0.00247087678872, 0.0017327547539, 0.0011797248153, 0.000472514424473], "min": [-0.975911617279, -0.997212827206, -0.996969401836, -0.98532050848, -0.986405670643, -0.964743614197], "var": [0.0163480080664, 0.00971381179988, 0.0121116600931, 0.00787410605699, 0.00501090986654, 0.00151721469592], "median": [-0.588074564934, -0.665089607239, -0.760460317135, -0.772852778435, -0.771198034286, -0.811677098274]}, "spectral_contrast_valleys": {"dmean": [0.398702383041, 0.382219433784, 0.359263807535, 0.363514065742, 0.331990748644, 0.347729176283], "dmean2": [0.634897351265, 0.61055624485, 0.56072717905, 0.55870527029, 0.482778459787, 0.470184862614], "max": [-5.30483293533, -4.68149185181, -5.06757831573, -5.52592611313, -6.00761604309, -8.30047416687], "dvar": [0.159699380398, 0.147989809513, 0.145990103483, 0.152718767524, 0.144876301289, 0.164671495557], "mean": [-8.33389854431, -7.64833450317, -8.46634292603, -8.96918582916, -8.84365558624, -11.4565057755], "dvar2": [0.319426119328, 0.325388938189, 0.301737725735, 0.30790451169, 0.26709780097, 0.295785754919], "min": [-28.3646373749, -28.1551551819, -27.8378372192, -27.6826572418, -27.5287647247, -27.3955402374], "var": [9.4203748703, 9.69769668579, 8.76890945435, 8.39486789703, 8.45000553131, 6.28320884705], "median": [-7.84729909897, -7.0910525322, -8.00718593597, -8.51668739319, -8.35778903961, -11.1669855118]}, "silence_rate_20dB": {"dmean": 0, "dmean2": 0, "max": 1, "dvar": 0, "mean": 1, "dvar2": 0, "min": 1, "var": 0, "median": 1}, "silence_rate_30dB": {"dmean": 0.00211007567123, "dmean2": 0.00422089360654, "max": 1, "dvar": 0.00210563070141, "mean": 0.998241901398, "dvar2": 0.00490642338991, "min": 0, "var": 0.0017549082404, "median": 1}, "spectral_strongpeak": {"dmean": 0.527511954308, "dmean2": 0.824933111668, "max": 16.5250453949, "dvar": 0.888279914856, "mean": 1.42975389957, "dvar2": 1.92095851898, "min": 0, "var": 3.84938216209, "median": 0.700694978237}, "spectral_spread": {"dmean": 463578.3125, "dmean2": 713166.875, "max": 42868888, "dvar": 595670990848, "mean": 4325366, "dvar2": 1209674891260.0, "min": 1802438.75, "var": 30593538588700.0, "median": 3292331.25}, "barkbands_flatness_db": {"dmean": 0.0220695789903, "dmean2": 0.0323084741831, "max": 0.410954117775, "dvar": 0.000511492136866, "mean": 0.195358663797, "dvar2": 0.00106016965583, "min": 0.0244570989162, "var": 0.00307750608772, "median": 0.191384881735}, "pitch_salience": {"dmean": 0.0645246356726, "dmean2": 0.101371526718, "max": 0.99609708786, "dvar": 0.00387820648029, "mean": 0.551425933838, "dvar2": 0.0095660192892, "min": 0.0875371694565, "var": 0.01576044783, "median": 0.561776518822}, "erbbands_kurtosis": {"dmean": 1.49351894855, "dmean2": 2.27171182632, "max": 58.9648208618, "dvar": 6.34614944458, "mean": 2.39672279358, "dvar2": 15.0466127396, "min": -1.88122320175, "var": 30.7768211365, "median": 0.62013232708}, "average_loudness": 0.884937822819, "barkbands_crest": {"dmean": 2.35715222359, "dmean2": 3.64438319206, "max": 26.3638820648, "dvar": 4.96975946426, "mean": 12.1370744705, "dvar2": 11.9929265976, "min": 3.10253429413, "var": 20.8604106903, "median": 11.3836650848}, "hfc": {"dmean": 3.46659564972, "dmean2": 4.34181118011, "max": 133.571365356, "dvar": 38.5736503601, "mean": 14.0571079254, "dvar2": 61.0836830139, "min": 1.0686021417e-16, "var": 315.175598145, "median": 7.61242341995}, "barkbands_kurtosis": {"dmean": 4.72128105164, "dmean2": 7.25457191467, "max": 452.773681641, "dvar": 130.040557861, "mean": 10.7416830063, "dvar2": 345.865539551, "min": -1.86577522755, "var": 299.740997314, "median": 5.19194030762}, "erbbands": {"dmean": [0.0472387857735, 0.290769577026, 0.554532945156, 1.43131577969, 4.68151330948, 6.22607803345, 8.15704631805, 7.57301664352, 7.35950756073, 8.49182510376, 16.3922576904, 11.5704631805, 15.8170776367, 28.5573062897, 20.1567459106, 24.4207572937, 11.9315624237, 11.2634544373, 7.36307668686, 8.667552948, 4.67666339874, 5.39898633957, 6.64501476288, 3.98989295959, 2.45722866058, 2.46193599701, 0.913604438305, 0.392033815384, 0.304841458797, 0.318068951368, 0.303137481213, 0.227381363511, 0.170958995819, 0.0706630572677, 0.0183930229396, 0.00560377398506, 0.00164744199719, 0.000335956545314, 2.59872158495e-05, 6.55852136333e-06], "dmean2": [0.0701247677207, 0.453981846571, 0.793898582458, 2.25612640381, 7.35152673721, 9.59934520721, 11.9468364716, 11.3255567551, 11.4909095764, 12.9688129425, 23.1331691742, 15.6403264999, 21.3417568207, 38.5311508179, 26.6435947418, 32.9296951294, 15.7802829742, 14.9874744415, 10.0692644119, 11.5057096481, 6.55318069458, 7.8645939827, 9.48685359955, 5.67231988907, 3.51159620285, 3.47293233871, 1.35089468956, 0.599024415016, 0.470728337765, 0.49565333128, 0.452367842197, 0.351814895868, 0.263882875443, 0.107618384063, 0.0278802476823, 0.00826312135905, 0.00238988990895, 0.000480479066027, 3.68756191165e-05, 8.80241259438e-06], "max": [3.71669220924, 15.0430002213, 37.1258506775, 74.4534454346, 174.656677246, 318.745941162, 329.595184326, 486.606414795, 335.358642578, 823.505493164, 1299.24829102, 1063.82678223, 2697.39624023, 3048.80566406, 3250.37963867, 5229.19921875, 2332.10644531, 1681.30932617, 915.943786621, 2190.33154297, 472.493377686, 510.490966797, 779.408935547, 224.486114502, 153.975448608, 202.9168396, 65.4593582153, 25.6934814453, 26.2863273621, 30.6233081818, 66.17237854, 44.2869873047, 15.7511491776, 7.92889928818, 1.96653783321, 1.06709074974, 0.168553009629, 0.0585113279521, 0.00439499458298, 0.000148471925058], "dvar": [0.0321022458375, 0.850607573986, 1.84840786457, 7.20202589035, 75.4570541382, 126.305137634, 179.407974243, 187.467376709, 249.066360474, 629.897766113, 2291.58520508, 1501.76123047, 4227.47167969, 12141.2373047, 8497.76367188, 14948.4384766, 3197.73583984, 1961.5032959, 709.607421875, 1683.03820801, 154.85836792, 247.525634766, 447.846405029, 75.0056838989, 29.1012973785, 36.9970207214, 4.65634727478, 0.841240525246, 0.592216849327, 0.669469594955, 1.25900316238, 0.75465375185, 0.199474394321, 0.0531434230506, 0.00470644049346, 0.000658040866256, 3.59601399396e-05, 1.58695138452e-06, 9.08804587141e-09, 8.18770051758e-11], "mean": [0.0697804987431, 0.493625700474, 1.17207932472, 2.80332756042, 8.75227165222, 13.8529062271, 21.885597229, 21.198223114, 15.4296560287, 17.5474128723, 35.4130935669, 26.8223571777, 35.7862510681, 75.0753936768, 43.9816970825, 63.9691886902, 26.5724010468, 25.4538993835, 15.3082838058, 17.796962738, 10.5563154221, 12.6435832977, 13.7785549164, 9.46039009094, 6.07409572601, 5.816593647, 1.75909137726, 0.594732940197, 0.435281962156, 0.429159134626, 0.434426307678, 0.29032304883, 0.214606761932, 0.100401155651, 0.0340110510588, 0.0107439281419, 0.00323882745579, 0.000699327618349, 6.53683164273e-05, 2.65804883384e-05], "dvar2": [0.0644555166364, 1.87139463425, 3.18678474426, 18.1051959991, 186.72467041, 311.309173584, 377.757659912, 442.71270752, 637.452575684, 1349.50097656, 4556.44628906, 2844.69848633, 7389.21630859, 23708.0859375, 17625.2597656, 29076.09375, 6569.44189453, 3439.32958984, 1292.328125, 2891.11157227, 297.601989746, 541.07232666, 997.511413574, 144.400756836, 56.6708068848, 70.4034729004, 9.10516262054, 1.72426247597, 1.17456889153, 1.25461268425, 1.9147362709, 1.23029994965, 0.401012867689, 0.10933431983, 0.00969717372209, 0.00152863515541, 7.22947879694e-05, 3.14298176818e-06, 1.75280057135e-08, 1.46719442151e-10], "min": [4.73737384648e-23, 3.63767694282e-22, 2.6489328206e-21, 3.89823727067e-21, 7.43677860627e-21, 1.70119079533e-20, 2.89973559791e-20, 5.91217132312e-20, 1.01219138265e-19, 1.85098347843e-19, 1.99991721847e-19, 2.61206111555e-19, 5.56315461286e-19, 4.47044178585e-19, 1.02292897541e-18, 7.14060303365e-19, 1.35264430494e-18, 1.67269309844e-18, 2.57942770301e-18, 3.30115767672e-18, 2.72829395029e-18, 4.79637245389e-18, 5.4046029078e-18, 6.54664609821e-18, 6.45814728524e-18, 7.13292483301e-18, 1.01227774289e-17, 8.5979320082e-18, 1.04598642819e-17, 8.57958845093e-18, 9.10901299429e-18, 9.5279220719e-18, 8.72512095354e-18, 8.88296355803e-18, 5.96459797864e-18, 3.7715101506e-18, 2.3615040755e-18, 9.36549812759e-19, 2.19677405504e-19, 2.85757200489e-20], "var": [0.0536041744053, 1.37084472179, 7.04390621185, 16.1451358795, 133.320800781, 398.471069336, 916.266906738, 1261.72033691, 651.514953613, 2321.04614258, 6413.83398438, 5262.82910156, 13141.4941406, 71535.4453125, 29136.0761719, 84167.8671875, 11235.046875, 9383.67773438, 2135.23168945, 5859.66259766, 621.807739258, 834.821899414, 993.342041016, 279.165344238, 120.161193848, 151.810775757, 15.4249353409, 1.76370966434, 1.17828226089, 1.32424283028, 2.67455029488, 1.38912343979, 0.351477205753, 0.0964852049947, 0.0103718312457, 0.00129872036632, 9.18946534512e-05, 4.83100939164e-06, 3.34395870993e-08, 4.90470108971e-10], "median": [0.00315077835694, 0.0563548542559, 0.361024409533, 1.42970895767, 4.69094324112, 7.4871635437, 12.0173120499, 8.4905872345, 7.05347299576, 4.80934715271, 5.89309120178, 4.15855503082, 4.96502971649, 5.20094299316, 2.93960022926, 3.25718164444, 2.17153453827, 2.37015986443, 2.41967105865, 2.68879008293, 2.89181661606, 3.64779901505, 4.04482364655, 3.14251804352, 2.28909635544, 1.59439349174, 0.502987980843, 0.186618536711, 0.120951160789, 0.133468896151, 0.162690371275, 0.0853461325169, 0.0495012551546, 0.0309541299939, 0.0107472669333, 0.00254651834257, 0.000758861657232, 0.000166059588082, 2.37706917687e-05, 2.08102574106e-05]}, "spectral_energy": {"dmean": 0.00556930759922, "dmean2": 0.00754689704627, "max": 0.125529766083, "dvar": 6.03261069045e-05, "mean": 0.0219255182892, "dvar2": 0.000109879023512, "min": 1.00376097433e-20, "var": 0.000333901116392, "median": 0.0173768773675}, "zerocrossingrate": {"dmean": 0.00608235131949, "dmean2": 0.00741876615211, "max": 0.53125, "dvar": 0.000103676626168, "mean": 0.0470404215157, "dvar2": 0.000172986256075, "min": 0.00537109375, "var": 0.00533755728975, "median": 0.03369140625}, "spectral_energyb