{"metadata": {"audio_properties": {"downmix": "mix", "bit_rate": 192000, "lossless": false, "md5_encoded": "442eda1f00d4b72b42935984b5612e97", "analysis_sample_rate": 44100, "sample_rate": 44100, "replay_gain": -12.8049583435, "equal_loudness": 0, "codec": "mp3", "length": 277.786132813}, "tags": {"musicbrainz_albumid": ["53ba2751-e53c-459d-ba24-4244809b708c"], "musicbrainz_recordingid": ["134ee306-9803-4811-bd1a-47e569fd3d10"], "tracknumber": ["05/13"], "artist": ["dDamage"], "acoustid_id": ["003f6c7b-fb0f-474c-a10b-a5a60f7dce15"], "composer": ["dDamage"], "barcode": ["6001168081270"], "musicip_puid": ["25db8a60-6224-6667-aa35-3c8014c744b3"], "musicbrainz album type": ["Album"], "originalartist": ["dDamage"], "musicbrainz album release country": ["GB"], "albumartist": ["dDamage"], "asin": ["B0001EN00W"], "contentgroup": ["Electro,IDM"], "media": ["CD"], "language": ["eng"], "file_name": "05 - Aeroplanes.mp3", "originalalbum": ["Radio Ape"], "bpm": ["108.56"], "originaldate": ["2004-01-26"], "musicbrainz_artistid": ["a2d15e23-1bcb-45b5-8d3b-893f75274ab4"], "catalognumber": ["ZIQ081CD"], "albumartistsort": ["dDamage", "dDamage"], "script": ["Latin"], "label": ["Planet Mu"], "musicbrainz album status": ["Official"], "album": ["Radio Ape"], "date": ["2004-01-26"], "title": ["Aeroplanes"], "musicbrainz_albumartistid": ["a2d15e23-1bcb-45b5-8d3b-893f75274ab4"], "discnumber": ["01/01"], "artistsort": ["dDamage"], "acoustid_fingerprint": ["AQABzxG1SMpm6Ah_NAf64fAnXEePLzjxo18OrziM5MjhC30O4E9whXiQQx_CoMeDvNBT5Cn84EA_BMkOHPfRW_CLHmdw48e7HPUO-0OWHdofRG9w5uiBH3-m4MTTI8mRo_7BRM6FdWGoCK9y5IF-hHlulD_C0EmDZNRmHM1RfsKTPQngZ8eDHHqyo9n0QL9hzVkQ_TxsMA_-Q3lwRgB-_Jly_PhWdITDE3khIvqFMtpRG78OHv4lVC-e62g-Db1x9IF_9MOP_MGP50hj3MFZ9DrC_Ehe3Ojhp_h-PD16Hj9x4sRTGaGllIGvw1yO_jhOZQfTOIN96HuKSOvRXCQ6K0F_-DxqPtiD08UPTsJ-PDiPGwnyo_ly7NlwKTn4o8_xMUyCfc9wJM-RH02O8Emg3CnycMSP9kfzEHmP5MN3BWOsifiMU0HhKkRL5fjxY7-CG0wSqZjkHJcd9Efz4ogsH7qQa8ePKmV6MImYiMQXPD325EefY8oZ4wO_PAl6pD8qL7hq6EfjBqHFJ2j4nOjCTMSPSnLA5Aet4ZIzovuF5sFlfJzhX0LOHEkf5ah1MPtxWsFIhXBD4ToePjgfvGOF6NCc0KCuGDefwV8MRdGF41pEVEsFLXXxSkK-B1M6whmHdkwKnhYa9MZu5B8aJ_hj7KjOI99Eot7R_OCRL0eyXMd3XGGP9kHpB82HXyj1o6F6IVeO49uhsTwajSeOKU-InkSzHWHvBLNIw2fx_vjhZcxxPPzxZyh9_Dn8HI7YG8keHnEb9ES3G_xROcsxpYmCfzjpGM8yC38Q_dATHkzCo-sz_HugPD6O7_hhPsQJ_YjZY0vMVPh3bJ-w4_Cz48WOH__xH46YKMZDI7SDZPmOH81zTI1QKsnhmGmOKj5-ZAkZhQvKU8eT49rRnA9KWzIyH80kGqE-_C30DfmloPF09AtKHQ0f8JfRFH1v7EcOLeqC8Hgxjmdw8VER2vAK5kf1B0-H80LaCOVR7UPzE1-i41nhOnhzZFR2XD-YsyK0HEfzFfVxhGl4VLoj4hE7ojkplM9xNFOL3sQR4T8ePmi28AjlLEWPZtKEPEdbPYWivMgqBVXhKjSqhDqmrg-aJ7HwIj9qMRApzQipK8AformOSUuPP2h0Bb123Adj0TgFPzp-oZsQPoeyqUEv5Bn6wj_qHU8woTIN_hh3HKWiGceP_sOPU0doBXqmDnkrtCONWoX14zQAj6CQXkEoPaeOIBcpMdAwUCXqoAJpxFXgCoMoJ1URIBFUgiBoDBPEIyZUMsIA5ggSQjhCCBCAPEAJUQAQ64hAyDBBhJPIkWGIA8IKQIATgIGhGGGCASkApc4QJCQ1CQAAjARGcUYBIcCAABBBCiiAECCAG6OoQwhYAQRyRAhikEDEMGutEFAAoBAkgDHqmIAAAUoIA9oKIQhDxBtgCABGgACUIoIoAAATyAHCEAEKCAMQAoYxQQhRTEggBEPFIQOAh0YIEJxggnAmiEGIIAYEU0AoQxhgQFBjiBBCGCIQUgIIggwQQAJghEMIIEAIU9AR5QgAwAGQKBEAGkQYAUokZKh1BAgigFJCEIoAAYBIQRBCQAAnBEEMCMKEAQIoJIoFRhhqAEXGIQOM8AAZIAgRVggICAACyMAdEQAZrJAAAgisjCGCCOAIAIQpKwBRCgjFACLIUIoYhcZIQwxEhjE"], "musicbrainz_releasegroupid": ["92a9be6e-5ff5-3846-ad05-9db3b7ce5378"], "genre": ["Electronic"]}, "version": {"essentia_build_sha": "2d9f1f26377add8aeb1075a9c2973f962c4f09fd", "essentia_git_sha": "v2.1_beta2-1-ge3940c0", "extractor": "music 1.0", "essentia": "2.1-beta2"}}, "tonal": {"chords_scale": "minor", "hpcp": {"dmean": [0.139819458127, 0.0870150327682, 0.035283267498, 0.0284303668886, 0.0263809002936, 0.0296837389469, 0.0402117110789, 0.0581762902439, 0.0897027105093, 0.0910719111562, 0.0670509934425, 0.0449772514403, 0.0510859414935, 0.0826317891479, 0.165415629745, 0.180022493005, 0.122531823814, 0.0656101405621, 0.0551213733852, 0.0605012662709, 0.0786228552461, 0.0917574167252, 0.105228029191, 0.154397249222, 0.184298813343, 0.1568877846, 0.129980042577, 0.0944292619824, 0.0729004666209, 0.0834469869733, 0.086292296648, 0.0625653937459, 0.0457771234214, 0.0412272624671, 0.0516149774194, 0.110566064715], "dvar2": [0.0932287871838, 0.0556520111859, 0.0276832338423, 0.0235103927553, 0.0214115995914, 0.0280303396285, 0.035846773535, 0.0456416234374, 0.063259601593, 0.0685391649604, 0.0494019538164, 0.0433296561241, 0.0604188516736, 0.0774374976754, 0.0893550887704, 0.118010006845, 0.078121073544, 0.0800452157855, 0.0782505720854, 0.0783506259322, 0.0980798155069, 0.110851943493, 0.118448264897, 0.126506596804, 0.155167922378, 0.128261908889, 0.167792722583, 0.125560194254, 0.088552236557, 0.0847634971142, 0.0827079415321, 0.0565604753792, 0.0493676103652, 0.0455791540444, 0.0466588400304, 0.0568571165204], "mean": [0.344502002001, 0.155815586448, 0.0314850397408, 0.0328989699483, 0.0270767752081, 0.0232611764222, 0.0307136699557, 0.0594809427857, 0.149679616094, 0.195541381836, 0.104708001018, 0.0321788974106, 0.0341071784496, 0.0806881040335, 0.380343824625, 0.52299118042, 0.233097448945, 0.0468445122242, 0.034357752651, 0.0459631644189, 0.0873962193727, 0.106571592391, 0.108396649361, 0.24397046864, 0.369857132435, 0.250158905983, 0.106410577893, 0.0661845877767, 0.057185087353, 0.0863958671689, 0.0948384106159, 0.0592173226178, 0.0325282774866, 0.0294646825641, 0.0505536422133, 0.23960916698], "var": [0.122395634651, 0.0333047918975, 0.00697257369757, 0.0118538727984, 0.00697493134066, 0.00589049560949, 0.00811581686139, 0.0184368416667, 0.0530383065343, 0.0888709202409, 0.0321682319045, 0.00929606892169, 0.0124068967998, 0.0225448086858, 0.0802702307701, 0.143168821931, 0.0451837368309, 0.0186463426799, 0.0157754067332, 0.0194990839809, 0.0408860780299, 0.0528530329466, 0.0388140939176, 0.0707954019308, 0.131261572242, 0.0856243744493, 0.0516371354461, 0.0296814069152, 0.0223249252886, 0.0323759205639, 0.0337920486927, 0.0187212880701, 0.0112395994365, 0.0115066384897, 0.0151574993506, 0.0634107142687], "dmean2": [0.232145562768, 0.148120880127, 0.0651361271739, 0.0508528873324, 0.0477284938097, 0.055379524827, 0.0750853568316, 0.102247826755, 0.149940893054, 0.152905061841, 0.118340469897, 0.084499001503, 0.0967782363296, 0.148512408137, 0.272512346506, 0.300134152174, 0.211991041899, 0.123236790299, 0.105217158794, 0.112614259124, 0.143052756786, 0.167472198606, 0.190098658204, 0.268919795752, 0.314015835524, 0.265888541937, 0.236308544874, 0.175275593996, 0.136401742697, 0.149300023913, 0.152114644647, 0.112547971308, 0.0849457979202, 0.0758018195629, 0.0910813137889, 0.183353573084], "dvar": [0.0381610617042, 0.0203357432038, 0.00944702420384, 0.00858605001122, 0.00766486767679, 0.0096762701869, 0.0124594718218, 0.0167476087809, 0.0260231066495, 0.0290066935122, 0.018012335524, 0.0149735296145, 0.0206226278096, 0.0271961260587, 0.0357226654887, 0.0503678396344, 0.0286443103105, 0.0276036597788, 0.0265957042575, 0.027801875025, 0.0355222225189, 0.0394784249365, 0.0410303249955, 0.0465558953583, 0.0605028569698, 0.0496569722891, 0.0600848160684, 0.0431837365031, 0.0307446233928, 0.0306575633585, 0.0304798539728, 0.0203351005912, 0.0170609392226, 0.0162821095437, 0.0172018464655, 0.0228187739849], "min": [0, 0, 0, 0, 0, 0, 0, 0, 0, 0, 0, 0, 0, 0, 0, 0, 0, 0, 0, 0, 0, 0, 0, 0, 0, 0, 0, 0, 0, 0, 0, 0, 0, 0, 0, 0], "median": [0.189733713865, 0.0791524499655, 0.00562224490568, 0.00353702716529, 0.00381684815511, 0.00395850790665, 0.00507339276373, 0.00998086296022, 0.0438802540302, 0.0544207021594, 0.0267013181001, 0.00547377718613, 0.00443339487538, 0.0284350141883, 0.357078641653, 0.474359035492, 0.174365594983, 0.00536451674998, 0.00237299804576, 0.00400733947754, 0.00950218830258, 0.0157020781189, 0.02285595797, 0.156401753426, 0.258781194687, 0.125840008259, 0.015619026497, 0.00892133172601, 0.00727277994156, 0.0144991567358, 0.018728595227, 0.00992914568633, 0.00327322632074, 0.00255592050962, 0.0149685647339, 0.134062960744], "max": [1, 1, 1, 1, 1, 1, 1, 1, 1, 1, 1, 1, 1, 1, 1, 1, 1, 1, 1, 1, 1, 1, 1, 1, 1, 1, 1, 1, 1, 1, 1, 1, 1, 1, 1, 1]}, "tuning_equal_tempered_deviation": 0.0780958980322, "chords_key": "D", "chords_strength": {"dmean": 0.00585079751909, "dvar2": 2.13524344872e-05, "mean": 0.595945417881, "var": 0.0110084116459, "dmean2": 0.00486661912873, "dvar": 2.23625411309e-05, "min": 0.279599010944, "median": 0.60979694128, "max": 0.807254254818}, "tuning_diatonic_strength": 0.503066241741, "thpcp": [1, 0.445700526237, 0.0895703658462, 0.0656947046518, 0.0878851637244, 0.167108401656, 0.203773215413, 0.207262858748, 0.466490596533, 0.70719575882, 0.478323370218, 0.203465342522, 0.126550108194, 0.109342351556, 0.165195643902, 0.181338444352, 0.113228149712, 0.0621966086328, 0.056338775903, 0.0966625139117, 0.458151459694, 0.658714771271, 0.297931581736, 0.060201857239, 0.0629054009914, 0.0517729111016, 0.0444771870971, 0.0587269365788, 0.113732211292, 0.286199122667, 0.373890399933, 0.200209885836, 0.0615285672247, 0.065215587616, 0.154281958938, 0.72724711895], "chords_histogram": [83.1188354492, 4.57964229584, 0.818987131119, 1.03626942635, 0, 0.1838542521, 0, 4.88049459457, 0, 0, 0.651846885681, 0, 0, 0, 0, 0, 0, 0.233996316791, 0, 0, 0, 0, 0.835701167583, 3.66037106514], "tuning_nontempered_energy_ratio": 0.682926654816, "tuning_frequency": 451.065460205, "key_strength": 0.669531643391, "chords_changes_rate": 0.016546882689, "key_scale": "minor", "hpcp_entropy": {"dmean": 0.430184096098, "dvar2": 0.468827813864, "mean": 1.69572627544, "var": 0.4113278687, "dmean2": 0.733095884323, "dvar": 0.176161155105, "min": 0, "median": 1.70560133457, "max": 3.79624128342}, "key_key": "D", "chords_number_rate": 0.000835701124743}, "lowlevel": {"melbands_skewness": {"dmean": 0.618284702301, "dvar2": 0.911404728889, "mean": 2.03235006332, "var": 2.55687451363, "dmean2": 0.920099914074, "dvar": 0.412637829781, "min": -5.49181079865, "median": 2.03627824783, "max": 9.75077342987}, "melbands_kurtosis": {"dmean": 4.80149745941, "dvar2": 111.129966736, "mean": 10.3541994095, "var": 218.082824707, "dmean2": 7.35868263245, "dvar": 48.7876396179, "min": -1.81321835518, "median": 6.32451534271, "max": 175.808059692}, "barkbands_kurtosis": {"dmean": 3.18458533287, "dvar2": 167.760131836, "mean": 9.96020507813, "var": 1760.03393555, "dmean2": 4.85131883621, "dvar": 83.3852157593, "min": -1.80047619343, "median": 3.14046239853, "max": 752.846496582}, "hfc": {"dmean": 4.71993207932, "dvar2": 82.3732528687, "mean": 22.5225753784, "var": 160.518280029, "dmean2": 6.77006912231, "dvar": 41.7202529907, "min": 1.11169064156e-16, "median": 19.7434825897, "max": 87.514213562}, "silence_rate_20dB": {"dmean": 0, "dvar2": 0, "mean": 1, "var": 0, "dmean2": 0, "dvar": 0, "min": 1, "median": 1, "max": 1}, "erbbands_flatness_db": {"dmean": 0.0195729136467, "dvar2": 0.00122323422693, "mean": 0.208447650075, "var": 0.0103980768472, "dmean2": 0.0280170831829, "dvar": 0.000656449061353, "min": 0.034566603601, "median": 0.185054928064, "max": 0.557826399803}, "spectral_flux": {"dmean": 0.0293221101165, "dvar2": 0.00307242013514, "mean": 0.0802254900336, "var": 0.00295928283595, "dmean2": 0.0472879894078, "dvar": 0.00123912538402, "min": 6.35992855602e-11, "median": 0.0710623711348, "max": 0.359096467495}, "spectral_energyband_low": {"dmean": 0.0089703341946, "dvar2": 0.000630961032584, "mean": 0.0137851508334, "var": 0.000449993589427, "dmean2": 0.0141030969098, "dvar": 0.000267683644779, "min": 2.78015661363e-23, "median": 0.00422875536606, "max": 0.172343805432}, "spectral_rolloff": {"dmean": 220.388275146, "dvar2": 785366, "mean": 969.926208496, "var": 1374218.625, "dmean2": 385.465179443, "dvar": 325922, "min": 107.666015625, "median": 882.861328125, "max": 19487.5488281}, "spectral_entropy": {"dmean": 0.234992906451, "dvar2": 0.211295843124, "mean": 6.80519676208, "var": 1.12937688828, "dmean2": 0.359119743109, "dvar": 0.105991363525, "min": 3.49391531944, "median": 7.00823020935, "max": 9.81487560272}, "spectral_energy": {"dmean": 0.0117294769734, "dvar2": 0.000570855627302, "mean": 0.042363140732, "var": 0.00067075289553, "dmean2": 0.0178364384919, "dvar": 0.000247436226346, "min": 1.00877139471e-20, "median": 0.0365984626114, "max": 0.217692688107}, "spectral_centroid": {"dmean": 151.062316895, "dvar2": 98177.0234375, "mean": 894.028137207, "var": 386761.375, "dmean2": 234.351089478, "dvar": 46465.7929688, "min": 254.412506104, "median": 774.917236328, "max": 11641.1630859}, "barkbands_flatness_db": {"dmean": 0.0250914953649, "dvar2": 0.00183364772238, "mean": 0.194492220879, "var": 0.00999818742275, "dmean2": 0.0386490598321, "dvar": 0.000857566192281, "min": 0.0383494533598, "median": 0.174736648798, "max": 0.545819878578}, "spectral_rms": {"dmean": 0.000807623204309, "dvar2": 1.92926609088e-06, "mean": 0.00613744277507, "var": 3.66157996723e-06, "dmean2": 0.0012096533319, "dvar": 8.58746147969e-07, "min": 3.13714397342e-12, "median": 0.0059754345566, "max": 0.0145733701065}, "melbands": {"dmean": [0.00139500794467, 0.002244183328, 0.000827122596093, 0.000670678622555, 0.00066732428968, 0.000241584697505, 9.12989635253e-05, 6.50174333714e-05, 0.000168631144334, 0.000108061954961, 4.94357700518e-05, 0.000147935250425, 3.08534145006e-05, 5.39422981092e-05, 5.22529735463e-05, 2.73033019766e-05, 9.53207927523e-06, 6.98388612363e-06, 6.68027360007e-06, 6.80682796883e-06, 5.25649602423e-06, 5.02164084537e-06, 5.34673881702e-06, 3.863040547e-06, 4.44219995188e-06, 3.87499585486e-06, 4.21863296651e-06, 3.24454344991e-06, 2.20273068408e-06, 2.35028778661e-06, 2.33980040321e-06, 1.97309350369e-06, 1.62192657172e-06, 1.64713912909e-06, 1.09904294732e-06, 7.52793482661e-07, 6.34180310044e-07, 5.5007166111e-07, 4.07987840845e-07, 3.70760290025e-07], "dvar2": [1.69030954567e-05, 4.54995206383e-05, 6.12326812188e-06, 3.23085828313e-06, 2.25094549933e-06, 3.09906084794e-07, 4.5663334447e-08, 3.52284175165e-08, 1.40984667496e-07, 7.81476288125e-08, 1.49159049556e-08, 1.39134826327e-07, 7.93598697868e-09, 1.59510449294e-08, 1.47280028173e-08, 1.01534824992e-08, 4.86456264159e-10, 3.29945043509e-10, 6.03454397563e-10, 4.85067708222e-10, 2.57608545606e-10, 1.8493519216e-10, 2.53867371569e-10, 1.08281300593e-10, 2.01337391204e-10, 1.27726509924e-10, 1.84978699025e-10, 9.33953886451e-11, 3.70132570426e-11, 6.05481845217e-11, 5.28944874012e-11, 4.01110845927e-11, 2.17340190983e-11, 2.35778601504e-11, 1.32626930271e-11, 7.39843082631e-12, 5.66967783486e-12, 3.28058175243e-12, 1.84858812285e-12, 1.82360637008e-12], "mean": [0.00186642806511, 0.00311808893457, 0.00142842682544, 0.00151071418077, 0.00201884284616, 0.000654898991343, 0.000232256017625, 0.000157649832545, 0.000475026812637, 0.000399367156206, 0.000157929200213, 0.000464142358396, 8.28444681247e-05, 0.000156409776537, 0.000150020001456, 8.50784199429e-05, 2.5604322218e-05, 1.37449578688e-05, 1.32287841552e-05, 1.39645353556e-05, 1.12654979603e-05, 9.61426667345e-06, 9.84407233773e-06, 7.36984520699e-06, 7.57875795898e-06, 7.75261833041e-06, 7.30899455448e-06, 5.52854316993e-06, 4.22705397796e-06, 4.07300603911e-06, 3.7369304664e-06, 3.23907192978e-06, 2.71903309113e-06, 2.52780955634e-06, 1.73239152446e-06, 1.12337897917e-06, 9.07342894152e-07, 7.6754508882e-07, 5.99169197812e-07, 5.45579325717e-07], "var": [9.69158008957e-06, 3.06568690576e-05, 3.53566724698e-06, 3.38456561622e-06, 6.92551930115e-06, 5.64672177461e-07, 6.48977120932e-08, 2.78726659531e-08, 3.33586314127e-07, 2.21194071059e-07, 2.87843580082e-08, 4.32697731867e-07, 1.22660601676e-08, 4.87479354661e-08, 5.06032300507e-08, 2.46192577436e-08, 9.5065233463e-10, 3.04318681366e-10, 8.15490674988e-10, 7.44508343864e-10, 3.89246634924e-10, 1.71745284661e-10, 1.9905536941e-10, 9.83874023919e-11, 1.65324573476e-10, 1.90798918331e-10, 1.33013614012e-10, 8.12041545117e-11, 4.53928457322e-11, 4.71324090867e-11, 4.35127038567e-11, 3.92856996934e-11, 2.19796437995e-11, 2.18347926545e-11, 1.14787892733e-11, 6.04452729189e-12, 4.53029584332e-12, 2.82393531302e-12, 1.72579431214e-12, 1.95599331003e-12], "dmean2": [0.00224636937492, 0.00349977216683, 0.0014181638835, 0.0011169326026, 0.000966580759268, 0.000363297614967, 0.000145035592141, 0.000106986772153, 0.000233539292822, 0.000162539974554, 7.72562052589e-05, 0.000218995002797, 5.01071917824e-05, 7.62148629292e-05, 7.17526781955e-05, 4.31820772064e-05, 1.53046203195e-05, 1.1641564015e-05, 1.13176083687e-05, 1.13413216241e-05, 8.61276566866e-06, 8.24525704957e-06, 8.83580469235e-06, 6.30080694464e-06, 7.31172485757e-06, 6.13067231825e-06, 6.93691208653e-06, 5.30175793756e-06, 3.50993536813e-06, 3.78792742595e-06, 3.750732958e-06, 3.13141845254e-06, 2.47316052082e-06, 2.44753414336e-06, 1.65588255641e-06, 1.1468990806e-06, 9.0894997129e-07, 8.264172493e-07, 5.86654266499e-07, 4.98081647038e-07], "dvar": [6.64458138999e-06, 1.95252960111e-05, 2.19016851588e-06, 1.15656814614e-06, 1.11276756343e-06, 1.37365688602e-07, 2.00132745931e-08, 1.36182016774e-08, 7.57765121762e-08, 3.59126417493e-08, 6.38171737677e-09, 6.52553922009e-08, 3.15019432762e-09, 8.72644090322e-09, 8.41749514535e-09, 4.27746948972e-09, 1.98233263138e-10, 1.21995122337e-10, 2.34022357049e-10, 2.00001334938e-10, 1.07000221183e-10, 7.03683222802e-11, 9.53908965706e-11, 4.24811089084e-11, 8.09410732883e-11, 5.96240903872e-11, 7.14168238436e-11, 3.8877585179e-11, 1.67794042549e-11, 2.40574730276e-11, 2.29477183783e-11, 1.89790232141e-11, 1.01363327454e-11, 1.14817686608e-11, 6.23411825634e-12, 3.62370181604e-12, 2.80356120264e-12, 1.6067558525e-12, 9.16101721392e-13, 9.50345596488e-13], "min": [2.01700649969e-24, 1.57213450587e-24, 2.06225398349e-24, 1.67118841708e-24, 3.8379999971e-24, 1.69853901352e-24, 2.54073539619e-24, 3.06595228157e-24, 1.58500102444e-24, 2.93256418553e-24, 2.81490341215e-24, 2.54992069535e-24, 3.29074529626e-24, 2.72634213984e-24, 4.29280355251e-24, 3.17526828708e-24, 5.00903955621e-24, 4.43279323103e-24, 5.33446873987e-24, 2.86136988327e-24, 4.33877836607e-24, 3.14756033664e-24, 4.38676635265e-24, 4.31975419648e-24, 6.29283652653e-24, 5.0419161233e-24, 4.6485064567e-24, 4.8479222105e-24, 5.15645478243e-24, 4.91222029073e-24, 5.85784915707e-24, 5.88573026247e-24, 6.379767815e-24, 5.46397564025e-24, 7.36097785803e-24, 4.83250392411e-24, 8.17565423638e-24, 7.87010474196e-24, 6.89354463953e-24, 7.55146331195e-24], "median": [0.0004430412082, 0.00063148321351, 0.000724361103494, 0.000899728038348, 0.000957083480898, 0.000367984204786, 0.000159789415193, 0.000112261011964, 0.000282355904346, 0.000150668725837, 9.67814412434e-05, 0.000174484433956, 4.43037060904e-05, 6.84494734742e-05, 5.45505754417e-05, 1.28682340801e-05, 1.35002583193e-05, 7.9372075561e-06, 6.99473093846e-06, 5.40289738638e-06, 4.77630510431e-06, 4.50398056273e-06, 4.99144061905e-06, 3.44437103195e-06, 2.55062468568e-06, 2.02806950256e-06, 1.48880553752e-06, 1.14187457712e-06, 8.44759711072e-07, 6.01664567057e-07, 4.55466249605e-07, 3.61303648333e-07, 3.02990940781e-07, 2.80073862768e-07, 2.16193086544e-07, 1.37631246844e-07, 1.067829416e-07, 9.2899561821e-08, 8.44256504706e-08, 6.02553740237e-08], "max": [0.0274923015386, 0.0498858578503, 0.0217756200582, 0.019894355908, 0.0203990414739, 0.00725281890482, 0.00332558294758, 0.00320570729673, 0.00578089198098, 0.00350307649933, 0.00246272352524, 0.00612446991727, 0.00130344426725, 0.00236531440169, 0.00247399089858, 0.00119189859834, 0.000229488316108, 0.000298427039525, 0.000862002721988, 0.000459428760223, 0.000284032634227, 0.000127973122289, 0.000180124829058, 9.06998029677e-05, 0.000145610974869, 0.000186559016583, 0.000123755293316, 9.60113829933e-05, 5.48177049495e-05, 6.90739543643e-05, 5.45787261217e-05, 7.66662997194e-05, 5.62226232432e-05, 5.57322709938e-05, 5.13862469234e-05, 4.87103934574e-05, 4.93636580359e-05, 2.39652181335e-05, 1.75493714778e-05, 1.52652792167e-05]}, "barkbands_crest": {"dmean": 2.25340223312, "dvar2": 13.7367925644, "mean": 11.2475414276, "var": 19.4753742218, "dmean2": 3.63040137291, "dvar": 5.08665037155, "min": 3.03732705116, "median": 10.3862352371, "max": 26.9013080597}, "mfcc": {"icov": [[0.000262093177298, 0.000154738256242, 5.00534406456e-05, -0.000404067221098, -4.05984210374e-05, -0.000327928224578, 0.000101766672742, -0.000128372834297, 0.000156116540893, 0.000107931729872, -0.000107791936898, 0.000225230280194, -6.08918307989e-05], [0.000154738256242, 0.000877241312992, -7.68322115619e-06, 0.000503774441313, -0.000541435380001, 0.000288876210107, -0.000293773948215, 0.000393067952245, -0.000253060192335, 0.000333387841238, -1.83134052349e-05, 7.02712932252e-05, 2.18014029087e-05], [5.00534406456e-05, -7.68322115619e-06, 0.00244019879028, -0.000248028954957, 0.000319115351886, -0.000141234253533, 0.00039961838047, -5.27765514562e-05, -0.000198878042283, -0.00061434978852, 0.000136567061418, -0.000486930337502, 7.22118420526e-05], [-0.000404067221098, 0.000503774441313, -0.000248028954957, 0.00327625218779, -0.00156886677723, 2.57732936007e-05, 0.000818445987534, -0.000929962960072, 0.000857766484842, -0.000357281300239, -0.000303719716612, 0.000286286580376, -0.00029492325848], [-4.05984210374e-05, -0.000541435380001, 0.000319115351886, -0.00156886677723, 0.00459340913221, -0.00136001221836, 0.000597781792749, 0.00119050429203, -0.000523016788065, 0.00149320764467, -0.000797015440185, -0.000582374806982, 0.000453719083453], [-0.000327928224578, 0.000288876210107, -0.000141234253533, 2.57732936007e-05, -0.00136001221836, 0.00572942802683, -0.00356871401891, 0.0018870793283, -0.000171088002389, -0.00219572102651, 0.00103349843994, -0.0007046678802, -0.00132357457187], [0.000101766672742, -0.000293773948215, 0.00039961838047, 0.000818445987534, 0.000597781792749, -0.00356871401891, 0.0101963672787, -0.00574949011207, 0.00206752796657, 0.000234184481087, -0.00154837721493, -0.000474865228171, -0.0005586661282], [-0.000128372834297, 0.000393067952245, -5.27765514562e-05, -0.000929962960072, 0.00119050429203, 0.0018870793283, -0.00574949011207, 0.011511778459, -0.00684623140842, 0.00319063616917, -0.00261344364844, 0.00171863345895, -0.00125832739286], [0.000156116540893, -0.000253060192335, -0.000198878042283, 0.000857766484842, -0.000523016788065, -0.000171088002389, 0.00206752796657, -0.00684623140842, 0.0135129829869, -0.0103428801522, 0.00653045484796, -0.00221794238314, -0.000546036928426], [0.000107931729872, 0.000333387841238, -0.00061434978852, -0.000357281300239, 0.00149320764467, -0.00219572102651, 0.000234184481087, 0.00319063616917, -0.0103428801522, 0.0173877160996, -0.0113722784445, 0.00705557223409, -0.00058973551495], [-0.000107791936898, -1.83134052349e-05, 0.000136567061418, -0.000303719716612, -0.000797015440185, 0.00103349843994, -0.00154837721493, -0.00261344364844, 0.00653045484796, -0.0113722784445, 0.0146781038493, -0.00849942676723, 0.00462228013203], [0.000225230280194, 7.02712932252e-05, -0.000486930337502, 0.000286286580376, -0.000582374806982, -0.0007046678802, -0.000474865228171, 0.00171863345895, -0.00221794238314, 0.00705557223409, -0.00849942676723, 0.0131870089099, -0.006564355921], [-6.08918307989e-05, 2.18014029087e-05, 7.22118420526e-05, -0.00029492325848, 0.000453719083453, -0.00132357457187, -0.0005586661282, -0.00125832739286, -0.000546036928426, -0.00058973551495, 0.00462228013203, -0.006564355921, 0.00957108289003]], "mean": [-670.301208496, 160.312637329, 12.2635173798, 6.14833021164, -10.7164268494, -0.565962553024, 3.3772418499, 3.95624518394, -3.14474725723, -5.18906641006, -5.81522607803, -3.10950660706, -3.15766525269], "cov": [[11167.3691406, -3322.39160156, -83.6212234497, 2388.49560547, 773.55065918, 977.801635742, 61.2114830017, 60.6672782898, -372.756134033, 66.6718521118, 304.925354004, -0.0773712843657, 98.4708099365], [-3322.39160156, 2403.85620117, -38.9464111328, -888.624511719, -79.1825714111, -340.398406982, -36.6157341003, -122.736854553, 40.6318054199, -143.917648315, -149.896194458, 26.3990459442, -31.3469944], [-83.6212234497, -38.9464111328, 441.134918213, 10.0172605515, -46.0271492004, 5.70661449432, -11.2428665161, 21.9013023376, 57.1117172241, 65.3423995972, 21.0173454285, 0.526597380638, -0.773216605186], [2388.49560547, -888.624511719, 10.0172605515, 928.115356445, 301.605072021, 223.811523438, -22.7312488556, -0.175516217947, -120.715911865, 13.3510122299, 101.006134033, 14.2532958984, 15.9776153564], [773.55065918, -79.1825714111, -46.0271492004, 301.605072021, 409.584381104, 129.694396973, -28.424446106, -90.5530319214, -114.381271362, -72.4752349854, 32.5387535095, 63.5089683533, 16.5495071411], [977.801635742, -340.398406982, 5.70661449432, 223.811523438, 129.694396973, 376.748748779, 111.793830872, 16.3189315796, -8.11464500427, 45.906463623, 52.9465370178, 59.1520614624, 85.8377151489], [61.2114830017, -36.6157341003, -11.2428665161, -22.7312488556, -28.424446106, 111.793830872, 206.467880249, 108.161743164, 29.2149162292, 24.5487785339, 47.6503982544, 47.4906349182, 55.6748695374], [60.6672782898, -122.736854553, 21.9013023376, -0.175516217947, -90.5530319214, 16.3189315796, 108.161743164, 222.370407104, 131.531524658, 68.0749282837, 22.1510791779, -9.27046489716, 37.2357940674], [-372.756134033, 40.6318054199, 57.1117172241, -120.715911865, -114.381271362, -8.11464500427, 29.2149162292, 131.531524658, 261.230926514, 149.00163269, -20.6523723602, -52.4347457886, 14.7791032791], [66.6718521118, -143.917648315, 65.3423995972, 13.3510122299, -72.4752349854, 45.906463623, 24.5487785339, 68.0749282837, 149.00163269, 251.851852417, 112.330345154, -74.325340271, -60.3691749573], [304.925354004, -149.896194458, 21.0173454285, 101.006134033, 32.5387535095, 52.9465370178, 47.6503982544, 22.1510791779, -20.6523723602, 112.330345154, 220.502761841, 51.5975952148, -48.6503257751], [-0.0773712843657, 26.3990459442, 0.526597380638, 14.2532958984, 63.5089683533, 59.1520614624, 47.4906349182, -9.27046489716, -52.4347457886, -74.325340271, 51.5975952148, 206.275436401, 116.082130432], [98.4708099365, -31.3469944, -0.773216605186, 15.9776153564, 16.5495071411, 85.8377151489, 55.6748695374, 37.2357940674, 14.7791032791, -60.3691749573, -48.6503257751, 116.082130432, 225.14251709]]}, "spectral_decrease": {"dmean": 3.03894354126e-09, "dvar2": 3.94241360609e-17, "mean": -1.06830295721e-08, "var": 4.47379410072e-17, "dmean2": 4.63807214857e-09, "dvar": 1.70011390828e-17, "min": -5.68570541759e-08, "median": -9.15335895968e-09, "max": 2.27527558071e-28}, "zerocrossingrate": {"dmean": 0.00716043822467, "dvar2": 0.00012531298853, "mean": 0.0438731610775, "var": 0.00110009300988, "dmean2": 0.00837400462478, "dvar": 9.51355032157e-05, "min": 0.0068359375, "median": 0.03759765625, "max": 0.52490234375}, "spectral_contrast_coeffs": {"dmean": [0.0515636615455, 0.0451463982463, 0.0421991571784, 0.0333135724068, 0.022803068161, 0.0188905391842], "dvar2": [0.00517741031945, 0.00432121986523, 0.00392575515434, 0.00240323902108, 0.00108250591438, 0.000778061104938], "mean": [-0.571283996105, -0.663369178772, -0.643826663494, -0.731810569763, -0.799965620041, -0.777017593384], "var": [0.0121231293306, 0.00953721534461, 0.0113957701251, 0.00725379539654, 0.00227049575187, 0.00276333349757], "dmean2": [0.0849854499102, 0.0739522650838, 0.0685555040836, 0.0537186861038, 0.0372162610292, 0.0295316055417], "dvar": [0.00198095710948, 0.00171728536952, 0.00162951264065, 0.00102747895289, 0.000449345243396, 0.000390175468056], "min": [-0.971405744553, -0.973901033401, -0.972431659698, -0.970479488373, -0.967378377914, -0.962999463081], "median": [-0.577494323254, -0.676209330559, -0.655879378319, -0.749487280846, -0.805857419968, -0.781616210938], "max": [-0.240319609642, -0.311397343874, -0.29967173934, -0.39195355773, -0.511349856853, -0.50517386198]}, "spectral_skewness": {"dmean": 0.502442061901, "dvar2": 1.31002902985, "mean": 2.98158431053, "var": 5.47888374329, "dmean2": 0.7822483778, "dvar": 0.638317465782, "min": -0.0526973940432, "median": 2.15965223312, "max": 15.2443571091}, "spectral_energyband_middle_high": {"dmean": 0.00142118416261, "dvar2": 7.32003763915e-06, "mean": 0.00672510173172, "var": 2.36377181864e-05, "dmean2": 0.00210581673309, "dvar": 3.28988198817e-06, "min": 1.28984599361e-21, "median": 0.0060499124229, "max": 0.0387294925749}, "gfcc": {"icov": [[0.000255597085925, -0.000271662254818, 0.00033969868673, -0.00049387809122, 0.000430361978943, -0.000440313742729, 0.00030217852327, -0.00019771240477, 0.000352089118678, -0.000259027438005, 0.000253264821367, -0.000318086356856, 5.37539417564e-05], [-0.000271662254818, 0.00194283784367, -0.00094615702983, 0.00119921122678, -0.00164183613379, 0.00111601944081, -0.000493535713758, 0.000881362822838, -0.00112341332715, 0.00104032922536, -0.00100021250546, 0.00104539142922, -0.000311649870127], [0.00033969868673, -0.00094615702983, 0.00293176667765, -0.000737766327802, 0.00124577339739, -0.00136854406446, 0.000916551973205, -0.000856020487845, 0.000546205206774, -0.000894843135029, 0.000354009011062, -9.92289060378e-05, -0.000639064412098], [-0.00049387809122, 0.00119921122678, -0.000737766327802, 0.00193821673747, -0.000990322558209, 0.000570962904021, -0.000152324515511, 0.000539337517694, -0.00145919492934, 0.000660584715661, -0.00131873646751, 0.00043996470049, -0.00044420757331], [0.000430361978943, -0.00164183613379, 0.00124577339739, -0.000990322558209, 0.00470733921975, -0.00203749025241, 0.000820382789243, -0.000242331836489, 0.000498414621688, -0.00083152030129, -0.000177120513399, -0.00151595566422, 0.000217098757275], [-0.000440313742729, 0.00111601944081, -0.00136854406446, 0.000570962904021, -0.00203749025241, 0.00627928134054, -0.00249713473022, 0.000619785336312, -0.00022465478105, -0.00223883800209, 0.000456857058452, -1.6744421373e-05, 0.000319588347338], [0.00030217852327, -0.000493535713758, 0.000916551973205, -0.000152324515511, 0.000820382789243, -0.00249713473022, 0.004326779861, -0.00184114696458, -0.000777363311499, -0.000115429073048, 7.46452569729e-05, -0.000193265790585, -0.000229579745792], [-0.00019771240477, 0.000881362822838, -0.000856020487845, 0.000539337517694, -0.000242331836489, 0.000619785336312, -0.00184114696458, 0.00636510923505, -0.00293756765313, 0.0006988766836, 0.00116795452777, -0.00169053208083, 0.000995021313429], [0.000352089118678, -0.00112341332715, 0.000546205206774, -0.00145919492934, 0.000498414621688, -0.00022465478105, -0.000777363311499, -0.00293756765313, 0.0104117821902, -0.00308892340399, 0.000442691118224, 0.00331414677203, -0.00202598329633], [-0.000259027438005, 0.00104032922536, -0.000894843135029, 0.000660584715661, -0.00083152030129, -0.00223883800209, -0.000115429073048, 0.0006988766836, -0.00308892340399, 0.0116625279188, -0.00329977134243, 0.00111753260717, 0.00166149216238], [0.000253264821367, -0.00100021250546, 0.000354009011062, -0.00131873646751, -0.000177120513399, 0.000456857058452, 7.46452569729e-05, 0.00116795452777, 0.000442691118224, -0.00329977134243, 0.0117703303695, -0.00804138276726, 0.0051240590401], [-0.000318086356856, 0.00104539142922, -9.92289060378e-05, 0.00043996470049, -0.00151595566422, -1.6744421373e-05, -0.000193265790585, -0.00169053208083, 0.00331414677203, 0.00111753260717, -0.00804138276726, 0.0169793497771, -0.0081151407212], [5.37539417564e-05, -0.000311649870127, -0.000639064412098, -0.00044420757331, 0.000217098757275, 0.000319588347338, -0.000229579745792, 0.000995021313429, -0.00202598329633, 0.00166149216238, 0.0051240590401, -0.0081151407212, 0.0142649961635]], "mean": [-8.80272483826, 110.053131104, -92.1175231934, -8.7737569809, -53.4058761597, 1.51691508293, -24.5326061249, -1.10880863667, -29.078622818, -5.69416856766, -17.6103572845, 1.59696292877, -12.5940151215], "cov": [[12130.5224609, -1626.16381836, -433.137481689, 3526.69604492, -340.142547607, 490.895599365, -469.14932251, 0.845108270645, -120.612304688, 254.446029663, 292.383117676, 369.454956055, 54.1331481934], [-1626.16381836, 1457.90075684, 133.862228394, -982.933227539, 280.113800049, -185.406997681, -1.10399365425, -125.153991699, 12.727437973, -99.8565826416, -17.4633560181, -90.4829101563, -9.79287242889], [-433.137481689, 133.862228394, 479.241729736, -44.5313339233, -33.3184089661, 49.2421760559, -1.40088295937, 35.8322715759, 28.1250076294, 23.3272151947, -20.8721942902, -19.5107192993, 19.1971855164], [3526.69604492, -982.933227539, -44.5313339233, 1991.41638184, -56.8206596375, 188.724777222, -132.542938232, 22.5167045593, 45.4410247803, 122.261924744, 178.842346191, 154.676010132, 34.1515045166], [-340.142547607, 280.113800049, -33.3184089661, -56.8206596375, 378.49307251, 57.5078010559, 3.52008295059, -44.7481384277, -1.33919692039, 25.4343662262, 67.3423309326, 33.8336105347, -7.82620716095], [490.895599365, -185.406997681, 49.2421760559, 188.724777222, 57.5078010559, 332.665863037, 156.479919434, 57.4872360229, 41.5020675659, 102.523643494, 18.5197105408, 18.1005134583, -10.0394535065], [-469.14932251, -1.10399365425, -1.40088295937, -132.542938232, 3.52008295059, 156.479919434, 428.124298096, 144.828125, 94.2354278564, 40.1534004211, -36.2801589966, -24.402179718, -1.36064791679], [0.845108270645, -125.153991699, 35.8322715759, 22.5167045593, -44.7481384277, 57.4872360229, 144.828125, 254.079238892, 82.640007019, 16.0914592743, -42.2066650391, -3.73099398613, 6.47127914429], [-120.612304688, 12.727437973, 28.1250076294, 45.4410247803, -1.33919692039, 41.5020675659, 94.2354278564, 82.640007019, 163.928268433, 38.721446991, -27.0499801636, -40.3934135437, 3.75955057144], [254.446029663, -99.8565826416, 23.3272151947, 122.261924744, 25.4343662262, 102.523643494, 40.1534004211, 16.0914592743, 38.721446991, 143.070571899, 47.265537262, 4.91944313049, -26.7922706604], [292.383117676, -17.4633560181, -20.8721942902, 178.842346191, 67.3423309326, 18.5197105408, -36.2801589966, -42.2066650391, -27.0499801636, 47.265537262, 182.251464844, 79.5001220703, -25.5150966644], [369.454956055, -90.4829101563, -19.5107192993, 154.676010132, 33.8336105347, 18.1005134583, -24.402179718, -3.73099398613, -40.3934135437, 4.91944313049, 79.5001220703, 134.558441162, 41.2021560669], [54.1331481934, -9.79287242889, 19.1971855164, 34.1515045166, -7.82620716095, -10.0394535065, -1.36064791679, 6.47127914429, 3.75955057144, -26.7922706604, -25.5150966644, 41.2021560669, 107.736938477]]}, "erbbands_spread": {"dmean": 6.36793851852, "dvar2": 134.330108643, "mean": 27.1181354523, "var": 354.723571777, "dmean2": 9.33331775665, "dvar": 71.7923583984, "min": 0.438960939646, "median": 23.075510025, "max": 111.10093689}, "erbbands_kurtosis": {"dmean": 1.28329503536, "dvar2": 14.7123346329, "mean": 3.34911823273, "var": 280.592590332, "dmean2": 1.93633055687, "dvar": 7.47814035416, "min": -1.7263841629, "median": 0.646508455276, "max": 290.377563477}, "dynamic_complexity": 1.44791901112, "erbbands_crest": {"dmean": 2.2246158123, "dvar2": 11.0156526566, "mean": 13.4351816177, "var": 38.6198806763, "dmean2": 3.31984138489, "dvar": 5.14593505859, "min": 2.47101020813, "median": 12.4410362244, "max": 34.347202301}, "erbbands": {"dmean": [0.100661933422, 1.79356253147, 4.04532384872, 4.07180833817, 9.22292613983, 9.57416820526, 22.1190395355, 9.83031082153, 6.06778144836, 5.48270797729, 19.9909648895, 16.2792224884, 10.0645704269, 35.2427444458, 9.86257362366, 29.3010826111, 10.0156259537, 5.98325634003, 4.42431306839, 4.65319347382, 4.24171686172, 4.50855207443, 4.6005449295, 4.9431848526, 5.19288063049, 4.95099592209, 3.37158799171, 3.79172730446, 3.21858453751, 2.80725812912, 1.73343813419, 1.04343271255, 0.726106762886, 0.454667985439, 0.378831684589, 0.152842655778, 0.0444667190313, 0.008614606224, 0.00121269421652, 6.02212785452e-05], "dvar2": [0.101424269378, 28.822687149, 163.374862671, 188.651428223, 829.141967773, 497.792480469, 2547.22241211, 616.577392578, 195.664031982, 283.729888916, 2028.12390137, 1609.51184082, 579.900817871, 7835.68798828, 806.152893066, 5195.66162109, 898.865844727, 230.745239258, 144.522888184, 259.216430664, 196.990509033, 148.369003296, 139.182662964, 225.501312256, 201.032974243, 237.231658936, 88.69921875, 139.166900635, 94.4685821533, 63.0060539246, 33.7632141113, 14.6881599426, 5.85489749908, 2.67802453041, 3.87755942345, 0.729965984821, 0.0441559031606, 0.00083711091429, 1.38464038173e-05, 3.38827774726e-08], "mean": [0.135170295835, 2.34970641136, 5.42083454132, 6.16374826431, 16.8811283112, 26.5099868774, 65.1873168945, 24.9490852356, 15.9222784042, 13.3244094849, 56.3430404663, 62.3684768677, 35.0266609192, 112.466789246, 27.1374549866, 84.8172073364, 35.3669662476, 18.4672908783, 9.43790435791, 9.45184803009, 10.1645126343, 9.27431869507, 9.61700057983, 9.34177589417, 10.6359272003, 8.84268474579, 6.87612295151, 6.53836202621, 5.58717298508, 4.61905050278, 2.81082296371, 1.57480049133, 1.0475705862, 0.674893081188, 0.534624814987, 0.215373307467, 0.071481436491, 0.0186362862587, 0.00261487951502, 0.000151151689352], "var": [0.0547646656632, 17.5626716614, 98.9529953003, 73.0346984863, 504.287994385, 1251.8059082, 8339.01074219, 805.213378906, 279.809753418, 190.733947754, 4686.47705078, 4616.72900391, 1164.91821289, 24854.8984375, 1016.57275391, 17604.4726563, 2911.37695313, 573.198974609, 145.874160767, 296.721466064, 394.402130127, 143.366699219, 149.220428467, 218.775695801, 269.816619873, 196.793487549, 113.951629639, 119.31652832, 104.204689026, 65.9982528687, 30.180513382, 12.4476690292, 5.12572813034, 2.79824781418, 3.76405930519, 0.547639250755, 0.0436474941671, 0.00111693318468, 1.45311450979e-05, 3.83689879868e-08], "dmean2": [0.167670726776, 2.8366856575, 6.40297222137, 6.96022844315, 15.9483280182, 14.9237518311, 31.6329784393, 15.1294813156, 9.58886623383, 9.15351676941, 27.8272895813, 24.2662315369, 15.6001968384, 52.1916847229, 15.8960208893, 40.0221366882, 15.3136968613, 9.49493980408, 7.39875507355, 7.85096883774, 6.91273832321, 7.39100456238, 7.43758106232, 8.02858924866, 8.23051357269, 8.06171607971, 5.35451745987, 5.99756193161, 4.98171472549, 4.17022228241, 2.57072043419, 1.50870275497, 1.08212471008, 0.612532377243, 0.483905792236, 0.216453552246, 0.061738114804, 0.0119636012241, 0.00180127110798, 8.64078829181e-05], "dvar": [0.0378688313067, 11.9995651245, 68.0721817017, 68.3419342041, 272.494598389, 220.176513672, 1312.58630371, 263.77243042, 87.2677307129, 106.488227844, 1082.73388672, 725.054016113, 247.918960571, 3685.04589844, 305.954986572, 3009.14575195, 386.765686035, 94.1402359009, 53.6581039429, 97.8355102539, 87.0135116577, 56.1550178528, 55.3968009949, 93.3482818604, 85.2120437622, 96.5918807983, 39.7743530273, 59.1182785034, 45.4893112183, 31.7489681244, 16.3358154297, 7.38020133972, 2.8785367012, 1.38391423225, 1.98224818707, 0.325770884752, 0.0225686952472, 0.000453809188912, 6.52269181955e-06, 1.68066698336e-08], "min": [1.53701759747e-22, 5.27441185986e-22, 2.39432174091e-21, 1.06660618293e-20, 2.12405602578e-20, 3.26350572063e-20, 9.07529189094e-20, 8.49595785437e-20, 1.67703075603e-19, 3.56447480489e-19, 1.92186006147e-19, 4.81789486625e-19, 6.0895294447e-19, 7.61044834242e-19, 1.28959422051e-18, 1.23521867576e-18, 2.0869415303e-18, 2.83865907595e-18, 3.12105605553e-18, 4.80364047635e-18, 3.86015620172e-18, 3.70067453884e-18, 6.81612499816e-18, 8.35580300801e-18, 8.70965102173e-18, 7.94253033909e-18, 9.24082670644e-18, 1.21813148177e-17, 1.26419080079e-17, 1.14863664707e-17, 1.34093215125e-17, 1.41555534031e-17, 1.20568092463e-17, 9.06813786432e-18, 6.03904175223e-18, 4.54680255051e-18, 1.96618370742e-18, 9.98899275214e-19, 2.56480687209e-19, 2.91663690116e-20], "median": [0.0375681258738, 0.413179129362, 1.05726456642, 3.41990280151, 8.55536174774, 14.0182542801, 26.3903007507, 15.3684158325, 11.1682128906, 9.72430896759, 30.8911819458, 30.0826911926, 24.4437828064, 42.9460601807, 17.7034130096, 30.9205589294, 13.8913574219, 8.42619609833, 5.83642244339, 4.4732427597, 4.46581983566, 5.09780025482, 5.21579313278, 3.52302145958, 2.60111784935, 1.84562337399, 1.25815248489, 0.897154033184, 0.647811472416, 0.537659287453, 0.365308195353, 0.193477