{"tonal": {"chords_key": "D", "hpcp_entropy": {"dmean": 0.556216001511, "dmean2": 0.929932236671, "max": 4.61089706421, "dvar": 0.246064290404, "mean": 1.90368914604, "dvar2": 0.646101593971, "min": 0, "var": 0.476172506809, "median": 1.92331790924}, "key_key": "D", "chords_strength": {"dmean": 0.00777200330049, "dmean2": 0.00682083005086, "max": 0.714608669281, "dvar": 4.44226097898e-05, "mean": 0.503053724766, "dvar2": 3.714520426e-05, "min": 0.252623081207, "var": 0.0062198471278, "median": 0.505124628544}, "key_scale": "major", "chords_number_rate": 0.00221778661944, "thpcp": [1, 0.56812608242, 0.133285358548, 0.101293846965, 0.128697484732, 0.344348698854, 0.572435617447, 0.379197180271, 0.116989202797, 0.0968543067575, 0.147700667381, 0.569303452969, 0.924939453602, 0.567174136639, 0.377840816975, 0.541630148888, 0.36630821228, 0.162091642618, 0.15163192153, 0.159417882562, 0.482582986355, 0.784984827042, 0.491128265858, 0.239069923759, 0.202939897776, 0.144611686468, 0.298695147038, 0.43645426631, 0.306541800499, 0.214808195829, 0.220551162958, 0.187922298908, 0.32988062501, 0.431829452515, 0.282791465521, 0.605823099613], "key_strength": 0.809638142586, "tuning_nontempered_energy_ratio": 0.616279482841, "tuning_frequency": 451.326080322, "chords_changes_rate": 0.0461299605668, "tuning_diatonic_strength": 0.569365799427, "chords_scale": "major", "chords_histogram": [41.5391426086, 5.38922166824, 5.85495662689, 1.19760477543, 0.421379476786, 0, 0.155245065689, 0, 7.38522958755, 0, 0, 0, 0, 0, 0, 2.5282766819, 0, 0.754047453403, 0.199600800872, 0.0887114629149, 3.90330457687, 1.97383010387, 9.60301589966, 19.0064315796], "tuning_equal_tempered_deviation": 0.0112509476021, "hpcp": {"dmean": [0.140817657113, 0.119703374803, 0.09118296206, 0.076142936945, 0.0631064623594, 0.0841406360269, 0.101262912154, 0.0843608602881, 0.0763457193971, 0.0712975636125, 0.0712494701147, 0.0983468443155, 0.11308773607, 0.097573325038, 0.133764535189, 0.156296625733, 0.127522066236, 0.0675826519728, 0.0533998832107, 0.0609033256769, 0.0934549197555, 0.109940126538, 0.0893223956227, 0.0497883968055, 0.0470063686371, 0.0666631758213, 0.120594322681, 0.137861967087, 0.129550084472, 0.111594632268, 0.106965899467, 0.100335821509, 0.0675363242626, 0.062560595572, 0.0713831111789, 0.115658923984], "dmean2": [0.223737061024, 0.197455182672, 0.160931497812, 0.135685697198, 0.113880172372, 0.138085588813, 0.161414474249, 0.140767931938, 0.131337240338, 0.121159188449, 0.122876651585, 0.163480788469, 0.18845552206, 0.166899591684, 0.220841452479, 0.255345404148, 0.216226562858, 0.122759409249, 0.0987702533603, 0.111913740635, 0.157762914896, 0.177668958902, 0.146573990583, 0.0881977826357, 0.0839727967978, 0.119010187685, 0.201560109854, 0.229941338301, 0.219658985734, 0.191741153598, 0.18098294735, 0.171017304063, 0.119432106614, 0.112391851842, 0.128081873059, 0.190162435174], "max": [1, 1, 1, 1, 1, 1, 1, 1, 1, 1, 1, 1, 1, 1, 1, 1, 1, 1, 1, 1, 1, 1, 1, 1, 1, 1, 1, 1, 1, 1, 1, 1, 1, 1, 1, 1], "dvar": [0.0337936095893, 0.0245713125914, 0.0269711297005, 0.0222119856626, 0.017599279061, 0.018462613225, 0.024615816772, 0.0181954558939, 0.0204744767398, 0.0215563680977, 0.0212827119976, 0.0251340456307, 0.0321963280439, 0.0248196795583, 0.0295725110918, 0.0442709960043, 0.0267420262098, 0.0219664629549, 0.0189985185862, 0.0217986125499, 0.0232135374099, 0.0337011665106, 0.0255506020039, 0.0130197359249, 0.0125543912873, 0.0186959318817, 0.0242175031453, 0.0397158674896, 0.0288604050875, 0.0287518445402, 0.0376981720328, 0.0296608693898, 0.0171028021723, 0.0158010944724, 0.0197611581534, 0.0235080588609], "mean": [0.324499368668, 0.203024059534, 0.0988274365664, 0.0838918983936, 0.0597800090909, 0.12347548455, 0.180422767997, 0.126719161868, 0.0887980535626, 0.0911720991135, 0.0776838809252, 0.136367037892, 0.178510949016, 0.116901181638, 0.250436961651, 0.413382977247, 0.234853640199, 0.055097900331, 0.0418731532991, 0.0532013513148, 0.142347887158, 0.236635148525, 0.156753659248, 0.0483613461256, 0.0400379225612, 0.0610569417477, 0.235340356827, 0.382354229689, 0.234460145235, 0.156192958355, 0.223900675774, 0.151425585151, 0.0670059248805, 0.0626820549369, 0.0659006386995, 0.199491590261], "dvar2": [0.074539847672, 0.0634438991547, 0.0743122771382, 0.0610716529191, 0.0504514351487, 0.048681166023, 0.056411780417, 0.0470963232219, 0.0545722730458, 0.0548933632672, 0.0577977485955, 0.0625996589661, 0.079295873642, 0.0675197988749, 0.0738831907511, 0.0997124016285, 0.0719557181001, 0.0606639198959, 0.0525386817753, 0.0611428767443, 0.0613649524748, 0.0708253234625, 0.0605876110494, 0.0349266678095, 0.0342072062194, 0.0501155145466, 0.0613727979362, 0.0892945677042, 0.0765010863543, 0.0769598409534, 0.0882811546326, 0.0797398164868, 0.0468167439103, 0.0435800589621, 0.0547733716667, 0.059328880161], "min": [0, 0, 0, 0, 0, 0, 0, 0, 0, 0, 0, 0, 0, 0, 0, 0, 0, 0, 0, 0, 0, 0, 0, 0, 0, 0, 0, 0, 0, 0, 0, 0, 0, 0, 0, 0], "var": [0.110597141087, 0.0427362285554, 0.0302086770535, 0.0246942993253, 0.0130332447588, 0.0297897588462, 0.0610609091818, 0.0301432143897, 0.0232207216322, 0.0343125015497, 0.0221343133599, 0.0399380400777, 0.0641735047102, 0.0270755551755, 0.0595510452986, 0.14104950428, 0.0508757568896, 0.0151861570776, 0.0126652671024, 0.0153075298294, 0.0348917469382, 0.102364435792, 0.0583046972752, 0.0115804933012, 0.00971506349742, 0.0158522929996, 0.0598401986063, 0.149777889252, 0.0637103915215, 0.0495885796845, 0.114511102438, 0.0548546388745, 0.015258111991, 0.0143370684236, 0.0159169677645, 0.0493445731699], "median": [0.18380177021, 0.127614483237, 0.0270809102803, 0.0197939835489, 0.021932894364, 0.0508803129196, 0.0715740546584, 0.0572570674121, 0.0308601614088, 0.0206504501402, 0.0200831945986, 0.050128955394, 0.0628370866179, 0.0498948097229, 0.154684200883, 0.27422606945, 0.161693543196, 0.016197361052, 0.00945363845676, 0.0142050217837, 0.0657405555248, 0.0859221443534, 0.0461060628295, 0.014519399032, 0.0105593428016, 0.0187055282295, 0.129147544503, 0.189371079206, 0.120282866061, 0.0446905791759, 0.027645373717, 0.0303200427443, 0.0253831204027, 0.0210900306702, 0.022785326466, 0.106494188309]}}, "lowlevel": {"melbands_flatness_db": {"dmean": 0.0212562046945, "dmean2": 0.0300692599267, "max": 0.448528587818, "dvar": 0.000480166869238, "mean": 0.188395678997, "dvar2": 0.000943072722293, "min": 0.0024667463731, "var": 0.00348104047589, "median": 0.18120098114}, "melbands_crest": {"dmean": 2.56617951393, "dmean2": 4.17305135727, "max": 30.430015564, "dvar": 5.72774744034, "mean": 13.6467132568, "dvar2": 15.7776117325, "min": 1.62947535515, "var": 20.7937717438, "median": 12.9858379364}, "spectral_entropy": {"dmean": 0.153406724334, "dmean2": 0.208738490939, "max": 9.82191753387, "dvar": 0.0310957264155, "mean": 7.44642353058, "dvar2": 0.0565491840243, "min": 5.20118188858, "var": 0.211095228791, "median": 7.52750778198}, "melbands": {"dmean": [7.28799641365e-05, 0.000468533165986, 0.000836388615426, 0.000800510810222, 0.000279897183646, 0.000203046351089, 0.0001130670571, 5.07126169396e-05, 0.000138358678669, 7.46978912503e-05, 9.22023318708e-05, 7.53393542254e-05, 4.79740265291e-05, 7.98643086455e-05, 4.1235005483e-05, 3.77773285436e-05, 5.17498592671e-05, 3.3421547414e-05, 3.50578011421e-05, 2.57960964518e-05, 2.38297179749e-05, 1.82981766557e-05, 1.69980703504e-05, 1.20556351249e-05, 8.07119431556e-06, 6.20352284386e-06, 5.8626937971e-06, 6.37304128759e-06, 4.47002821602e-06, 2.74891181107e-06, 2.05147853194e-06, 1.15519549126e-06, 1.06426102775e-06, 7.85140230164e-07, 5.59084469387e-07, 4.45501427748e-07, 3.67234292753e-07, 2.66196764187e-07, 2.17007823267e-07, 1.65533108998e-07], "dmean2": [0.000119117416034, 0.000768179656006, 0.0012924928451, 0.00133604789153, 0.000448401231552, 0.000310997391352, 0.000174848522875, 7.57527523092e-05, 0.000195373897441, 0.000110342036351, 0.000137977171107, 0.000113318412332, 6.98199874023e-05, 0.00011740008631, 6.15312892478e-05, 5.65227674088e-05, 7.89738332969e-05, 5.16887921549e-05, 5.40250366612e-05, 4.09570784541e-05, 3.77237411158e-05, 2.92011773126e-05, 2.76083774224e-05, 1.88632766367e-05, 1.27722687466e-05, 9.79401920631e-06, 9.37597269512e-06, 1.00417528301e-05, 6.82041036271e-06, 4.10125221606e-06, 3.00848159895e-06, 1.64167022376e-06, 1.66498966792e-06, 1.23253209949e-06, 8.51044944739e-07, 6.57535281334e-07, 5.24395716184e-07, 3.78672325496e-07, 3.17150323781e-07, 2.2554721113e-07], "max": [0.00152840092778, 0.00721874739975, 0.0184267554432, 0.0122897960246, 0.00926526729017, 0.00968334823847, 0.00729249743745, 0.00379043072462, 0.00517751881853, 0.00369141320698, 0.00622596172616, 0.00493680872023, 0.00256788777187, 0.00602329382673, 0.00309585430659, 0.00182892812882, 0.00226325937547, 0.00126178853679, 0.00116087589413, 0.00139600958209, 0.000900375889614, 0.000798334600404, 0.000433141947724, 0.000310347415507, 0.000315137789585, 0.000120957236504, 0.000138406889164, 0.000169501450728, 0.000154508335982, 9.29538946366e-05, 5.61591950827e-05, 5.16299623996e-05, 0.000155051864567, 0.000104101178295, 4.13895468228e-05, 4.46019439551e-05, 2.7954514735e-05, 3.42596904375e-05, 2.46477084147e-05, 1.86225934158e-05], "dvar": [1.03202060231e-08, 4.62646141841e-07, 1.21540085729e-06, 1.09045743102e-06, 1.88310295357e-07, 1.15973499248e-07, 4.10866185518e-08, 1.42536178416e-08, 7.37315986044e-08, 1.9095315551e-08, 5.89129136586e-08, 3.46036799215e-08, 1.30566322198e-08, 2.62277062291e-08, 6.36094865669e-09, 4.42742420503e-09, 8.79915518226e-09, 3.52338069831e-09, 3.57819773811e-09, 2.03739336513e-09, 1.51756041067e-09, 9.90641124687e-10, 5.63348812044e-10, 3.24169829868e-10, 1.49795245652e-10, 6.09232039817e-11, 5.98970525956e-11, 7.88157802911e-11, 4.95922018728e-11, 1.84220243227e-11, 9.12411552562e-12, 3.42794499383e-12, 7.32882764892e-12, 5.9995198913e-12, 1.93360214992e-12, 1.26090056365e-12, 8.86534986047e-13, 7.28160750012e-13, 5.52403717387e-13, 2.72867855698e-13], "mean": [0.000161470336025, 0.00101475289557, 0.00270983064547, 0.00197069300339, 0.000646057014819, 0.000469172809971, 0.000256231985986, 0.00011055428331, 0.000295520701911, 0.00016228518507, 0.0001616832742, 0.000137795243063, 9.03021355043e-05, 0.000171581297764, 7.78706089477e-05, 7.17015427654e-05, 9.97593961074e-05, 6.05739405728e-05, 7.77395034675e-05, 5.05367461301e-05, 5.43385394849e-05, 4.18235904363e-05, 3.59246914741e-05, 2.49970507866e-05, 1.76909325091e-05, 1.35905847856e-05, 1.44692721733e-05, 1.56066471391e-05, 1.10418868644e-05, 6.28924817647e-06, 4.4221819735e-06, 2.58176737589e-06, 2.07683706321e-06, 1.62559285855e-06, 1.11774079414e-06, 8.17732086489e-07, 7.0696057719e-07, 4.91500884436e-07, 3.55003464847e-07, 2.75861509635e-07], "dvar2": [2.80669514297e-08, 1.32618424686e-06, 3.0241717468e-06, 3.33288198817e-06, 5.0904480986e-07, 2.91900676075e-07, 1.11983354145e-07, 3.54962637061e-08, 1.67835850107e-07, 4.39934666474e-08, 1.42478910448e-07, 8.82329018737e-08, 2.92091577592e-08, 6.0451355921e-08, 1.42590685925e-08, 9.21807696841e-09, 1.85372908135e-08, 8.0084880949e-09, 8.32931679184e-09, 5.15453724148e-09, 3.57946916552e-09, 2.36939623477e-09, 1.46724654648e-09, 7.53840101453e-10, 3.57877505408e-10, 1.47784423588e-10, 1.54291204812e-10, 1.90859106297e-10, 1.12090982329e-10, 4.02261106369e-11, 2.19379913541e-11, 7.60627671959e-12, 1.68185500249e-11, 1.40578078692e-11, 4.44823995346e-12, 2.55048651469e-12, 1.85981612055e-12, 1.32492215983e-12, 1.05858063201e-12, 5.24694328784e-13], "min": [1.71161911619e-24, 1.52566340019e-24, 2.76987700662e-24, 4.45239208579e-24, 2.94405493069e-24, 2.69714363673e-24, 4.55038241528e-24, 4.89854893681e-24, 3.63290917795e-24, 2.59815638426e-24, 4.62476963206e-24, 3.58903983415e-24, 3.77880505806e-24, 5.52602073374e-24, 2.97420164462e-24, 4.3827116076e-24, 5.36858855175e-24, 3.9943364513e-24, 5.17811611403e-24, 5.80322645584e-24, 5.54354527875e-24, 5.60264161017e-24, 3.63301370202e-24, 4.51231277686e-24, 5.60092465441e-24, 6.07140997576e-24, 4.04564199242e-24, 5.91631913293e-24, 6.81978693375e-24, 6.6033459839e-24, 3.74501932878e-24, 4.63872892021e-24, 7.76601533437e-24, 6.70013093393e-24, 8.04020760781e-24, 8.31421528779e-24, 8.65205443679e-24, 8.36573658238e-24, 7.25780668454e-24, 6.87742426693e-24], "var": [2.45086475559e-08, 8.89568752882e-07, 5.1143060773e-06, 2.48273340731e-06, 4.50074651326e-07, 3.0959742503e-07, 9.67423687825e-08, 2.25251355346e-08, 1.68786854715e-07, 4.30891979875e-08, 8.1163769039e-08, 5.98857354817e-08, 2.79048304463e-08, 1.03068536816e-07, 1.47514569449e-08, 1.27395107796e-08, 2.9674254165e-08, 8.93624374498e-09, 1.22464447472e-08, 6.02451732945e-09, 5.81922554588e-09, 4.41101022375e-09, 1.85217485793e-09, 8.27121482416e-10, 3.91557952728e-10, 1.77318201788e-10, 1.86190202145e-10, 2.59207100228e-10, 1.52028792333e-10, 5.12151467069e-11, 3.32226156308e-11, 1.33208513664e-11, 1.50266517979e-11, 1.23193807586e-11, 4.053233877e-12, 2.97671739688e-12, 2.47309507942e-12, 1.88133753368e-12, 1.17623825176e-12, 5.43876087829e-13], "median": [0.000117226169095, 0.000744728429709, 0.00207540392876, 0.00154501397628, 0.000467812933493, 0.00029371882556, 0.000159769755555, 6.59971847199e-05, 0.000159978211741, 9.90451662801e-05, 7.70890765125e-05, 6.61413432681e-05, 4.17799965362e-05, 6.48265122436e-05, 4.42714335804e-05, 3.95842071157e-05, 4.76995846839e-05, 3.08205708279e-05, 3.52342940459e-05, 2.58681338892e-05, 2.3814412998e-05, 1.99377209356e-05, 2.04581301659e-05, 1.68139249581e-05, 1.26180630104e-05, 9.99168878479e-06, 1.10911169031e-05, 1.13324995255e-05, 7.47349940866e-06, 3.90862896893e-06, 2.18565787691e-06, 1.229420036e-06, 8.52910602589e-07, 6.68765892442e-07, 4.777475624e-07, 3.05031676362e-07, 2.03248532671e-07, 1.58908164849e-07, 1.12518264928e-07, 9.15968172421e-08]}, "silence_rate_60dB": {"dmean": 0.000221852475079, "dmean2": 0.000443754164735, "max": 1, "dvar": 0.00022180324595, "mean": 0.017524400726, "dvar2": 0.000443598662969, "min": 0, "var": 0.0172172524035, "median": 0}, "spectral_energyband_middle_high": {"dmean": 0.0019233712228, "dmean2": 0.0028053582646, "max": 0.050067730248, "dvar": 6.62446473143e-06, "mean": 0.00803680811077, "dvar2": 1.44847454067e-05, "min": 1.29560798512e-21, "var": 3.3104835893e-05, "median": 0.00673809368163}, "erbbands_skewness": {"dmean": 0.244751289487, "dmean2": 0.36929127574, "max": 5.02823257446, "dvar": 0.0557853989303, "mean": -0.0722861811519, "dvar2": 0.120601758361, "min": -2.07539391518, "var": 0.418812543154, "median": -0.159970924258}, "dynamic_complexity": 1.74918079376, "dissonance": {"dmean": 0.014183530584, "dmean2": 0.0235656891018, "max": 0.500000119209, "dvar": 0.000227567696129, "mean": 0.470627784729, "dvar2": 0.000611279450823, "min": 0.254841506481, "var": 0.000521629175637, "median": 0.476453334093}, "spectral_skewness": {"dmean": 0.204436898232, "dmean2": 0.324498176575, "max": 5.16834115982, "dvar": 0.0487080924213, "mean": 1.4855556488, "dvar2": 0.114294730127, "min": -0.0251802839339, "var": 0.262399703264, "median": 1.34365653992}, "spectral_kurtosis": {"dmean": 1.59659636021, "dmean2": 2.66757559776, "max": 46.3544158936, "dvar": 3.83023095131, "mean": 5.07978248596, "dvar2": 9.7104177475, "min": -1.25631058216, "var": 11.1441936493, "median": 4.22997570038}, "gfcc": {"cov": [[7852.98632813, 677.577331543, -975.74597168, 343.985870361, -211.976989746, 156.177886963, -57.9145622253, 54.6978721619, -160.477874756, -6.57469415665, -145.619308472, -128.123199463, -104.204544067], [677.577331543, 888.634643555, -50.1395492554, -228.133346558, 115.020843506, -186.342041016, 73.9621353149, -21.6723823547, -26.7210235596, -60.0076599121, 64.652885437, -79.1200866699, 8.04544353485], [-975.74597168, -50.1395492554, 590.187072754, -63.6005973816, -80.9328308105, 54.7891807556, -33.0425643921, 43.6969451904, -18.0439510345, 8.11111831665, 36.7373313904, 41.108921051, -24.1186294556], [343.985870361, -228.133346558, -63.6005973816, 242.755966187, -13.5454750061, 59.7267799377, -5.06234788895, -0.0887011364102, 31.8669300079, 11.7302436829, -51.6431465149, 1.45024776459, -2.78383898735], [-211.976989746, 115.020843506, -80.9328308105, -13.5454750061, 173.355056763, -30.282207489, 27.0599575043, 1.13415586948, -0.171856954694, -5.44216966629, 1.86499869823, -18.5947742462, 7.78182125092], [156.177886963, -186.342041016, 54.7891807556, 59.7267799377, -30.282207489, 190.980178833, 21.2768383026, 13.5004825592, 0.387134701014, 13.7950515747, -9.51276874542, 9.38666152954, -35.2741355896], [-57.9145622253, 73.9621353149, -33.0425643921, -5.06234788895, 27.0599575043, 21.2768383026, 119.979049683, 20.1118373871, -9.02953529358, -3.34624242783, 14.4702510834, -25.9258842468, -12.5864601135], [54.6978721619, -21.6723823547, 43.6969451904, -0.0887011364102, 1.13415586948, 13.5004825592, 20.1118373871, 91.5063476563, 12.783955574, 9.80924034119, -8.60500335693, -1.62736570835, -8.85795497894], [-160.477874756, -26.7210235596, -18.0439510345, 31.8669300079, -0.171856954694, 0.387134701014, -9.02953529358, 12.783955574, 89.6892471313, 11.0198354721, -22.171251297, -2.62583708763, 6.21690177917], [-6.57469415665, -60.0076599121, 8.11111831665, 11.7302436829, -5.44216966629, 13.7950515747, -3.34624242783, 9.80924034119, 11.0198354721, 62.0821266174, 10.8972463608, 7.73346948624, -10.310757637], [-145.619308472, 64.652885437, 36.7373313904, -51.6431465149, 1.86499869823, -9.51276874542, 14.4702510834, -8.60500335693, -22.171251297, 10.8972463608, 88.9212341309, 11.6495103836, 0.108928702772], [-128.123199463, -79.1200866699, 41.108921051, 1.45024776459, -18.5947742462, 9.38666152954, -25.9258842468, -1.62736570835, -2.62583708763, 7.73346948624, 11.6495103836, 70.6263198853, 16.4189815521], [-104.204544067, 8.04544353485, -24.1186294556, -2.78383898735, 7.78182125092, -35.2741355896, -12.5864601135, -8.85795497894, 6.21690177917, -10.310757637, 0.108928702772, 16.4189815521, 61.3544425964]], "mean": [21.1715068817, 99.8476104736, -130.803741455, 30.5373458862, -50.6238822937, -0.293540686369, -39.3911552429, -4.30603122711, -36.454498291, -6.28795051575, -25.7050018311, -8.01167678833, -14.1296625137], "icov": [[0.00111749919597, -0.00295550143346, 0.00252580456436, -0.0028831269592, 0.0031271581538, -0.00295619782992, 0.00336828525178, -0.00310610444285, 0.00390823371708, -0.00167193170637, 0.00125572853722, -0.000357447192073, 0.000710372114554], [-0.00295550143346, 0.0101877711713, -0.00675373105332, 0.00913816690445, -0.0090862326324, 0.00948607828468, -0.00997846573591, 0.00869833212346, -0.0107693504542, 0.00596930505708, -0.00424074474722, 0.00264732167125, -0.00138736795634], [0.00252580456436, -0.00675373105332, 0.00789352599531, -0.00598455965519, 0.00784266088158, -0.00731867412105, 0.0084260571748, -0.00825546868145, 0.00902708247304, -0.00346832512878, 0.00208499771543, -0.00167562894057, 0.00228832778521], [-0.0028831269592, 0.00913816690445, -0.00598455965519, 0.0138803170994, -0.00827418919653, 0.0069849700667, -0.00940037611872, 0.00877479184419, -0.0114208012819, 0.0042086164467, -0.00110354367644, 0.00160615786444, -0.00197741645388], [0.0031271581538, -0.0090862326324, 0.00784266088158, -0.00827418919653, 0.0156167941168, -0.00813657790422, 0.00861471612006, -0.00921127200127, 0.0110919782892, -0.00515335611999, 0.0036727108527, -0.000658697565086, 0.00116873870138], [-0.00295619782992, 0.00948607828468, -0.00731867412105, 0.0069849700667, -0.00813657790422, 0.0160916429013, -0.0114233782515, 0.00858124811202, -0.0104619106278, 0.00501500582322, -0.00332863582298, 0.000201429720619, 0.00220901309513], [0.00336828525178, -0.00997846573591, 0.0084260571748, -0.00940037611872, 0.00861471612006, -0.0114233782515, 0.0215548146516, -0.0125083262101, 0.0128618208691, -0.00452912971377, 0.00122408184689, 0.00186752644368, 0.00230439100415], [-0.00310610444285, 0.00869833212346, -0.00825546868145, 0.00877479184419, -0.00921127200127, 0.00858124811202, -0.0125083262101, 0.0216525290161, -0.0127298291773, 0.0029155893717, -0.00128807325382, 0.000732161046471, -0.00101501925383], [0.00390823371708, -0.0107693504542, 0.00902708247304, -0.0114208012819, 0.0110919782892, -0.0104619106278, 0.0128618208691, -0.0127298291773, 0.0267663057894, -0.00886754598469, 0.00702175498009, -0.000537918123882, 0.000388457643567], [-0.00167193170637, 0.00596930505708, -0.00346832512878, 0.0042086164467, -0.00515335611999, 0.00501500582322, -0.00452912971377, 0.0029155893717, -0.00886754598469, 0.0223481077701, -0.00643168576062, -0.000450166320661, 0.00301992287859], [0.00125572853722, -0.00424074474722, 0.00208499771543, -0.00110354367644, 0.0036727108527, -0.00332863582298, 0.00122408184689, -0.00128807325382, 0.00702175498009, -0.00643168576062, 0.0171597711742, -0.0037769144401, 0.000331896299031], [-0.000357447192073, 0.00264732167125, -0.00167562894057, 0.00160615786444, -0.000658697565086, 0.000201429720619, 0.00186752644368, 0.000732161046471, -0.000537918123882, -0.000450166320661, -0.0037769144401, 0.0200200174004, -0.00622385600582], [0.000710372114554, -0.00138736795634, 0.00228832778521, -0.00197741645388, 0.00116873870138, 0.00220901309513, 0.00230439100415, -0.00101501925383, 0.000388457643567, 0.00301992287859, 0.000331896299031, -0.00622385600582, 0.0220780707896]]}, "spectral_complexity": {"dmean": 3.7546312809, "dmean2": 5.48191690445, "max": 54, "dvar": 14.3571434021, "mean": 24.8248672485, "dvar2": 25.6718730927, "min": 0, "var": 73.9228744507, "median": 24}, "spectral_flux": {"dmean": 0.0177415888757, "dmean2": 0.0266478452832, "max": 0.232439488173, "dvar": 0.000309993483825, "mean": 0.0785026624799, "dvar2": 0.000638995144982, "min": 6.65861046856e-11, "var": 0.00097870035097, "median": 0.0723437219858}, "spectral_energyband_low": {"dmean": 0.00254971138202, "dmean2": 0.00407395511866, "max": 0.0523417145014, "dvar": 1.31748583954e-05, "mean": 0.00702227139845, "dvar2": 3.57998069376e-05, "min": 2.20383771324e-23, "var": 4.07136067224e-05, "median": 0.00525530334562}, "spectral_decrease": {"dmean": 1.48440348902e-09, "dmean2": 2.37723818408e-09, "max": 1.81772494084e-28, "dvar": 2.40602893313e-18, "mean": -8.03237831803e-09, "dvar2": 6.28464656535e-18, "min": -2.53761438529e-08, "var": 1.17040555925e-17, "median": -7.72923414161e-09}, "barkbands_spread": {"dmean": 3.87118291855, "dmean2": 5.64503192902, "max": 128.713668823, "dvar": 19.3194065094, "mean": 23.3439483643, "dvar2": 41.2053871155, "min": 1.03871095181, "var": 148.085479736, "median": 23.1990814209}, "spectral_rms": {"dmean": 0.00049519498134, "dmean2": 0.000785395153798, "max": 0.0097658066079, "dvar": 2.35971256757e-07, "mean": 0.005486369133, "dvar2": 6.05259458553e-07, "min": 3.22139298743e-12, "var": 1.67955909092e-06, "median": 0.00553363701329}, "spectral_centroid": {"dmean": 206.042480469, "dmean2": 306.348693848, "max": 11341.4238281, "dvar": 59760.4453125, "mean": 1404.29125977, "dvar2": 129914.132813, "min": 235.940353394, "var": 486877.9375, "median": 1392.95019531}, "barkbands_skewness": {"dmean": 0.37780892849, "dmean2": 0.572896778584, "max": 10.1539182663, "dvar": 0.158466845751, "mean": 1.3377494812, "dvar2": 0.345623761415, "min": -1.97091305256, "var": 1.19960188866, "median": 1.16366314888}, "spectral_rolloff": {"dmean": 326.947875977, "dmean2": 533.546020508, "max": 19315.2832031, "dvar": 250900.21875, "mean": 1676.94128418, "dvar2": 567147.75, "min": 150.732421875, "var": 2512852.5, "median": 1507.32421875}, "erbbands_spread": {"dmean": 5.99453878403, "dmean2": 8.99753189087, "max": 136.473754883, "dvar": 41.1533546448, "mean": 37.9307785034, "dvar2": 88.7593841553, "min": 6.81442737579, "var": 206.444534302, "median": 35.2821044922}, "barkbands": {"dmean": [2.64327945843e-06, 0.000386246363632, 0.00149323476944, 0.00207953853533, 0.00306500587612, 0.00112590985373, 0.000389307038859, 0.000609549635556, 0.000539826462045, 0.000612426025327, 0.000334183918312, 0.000641165010165, 0.000329064496327, 0.000545623595826, 0.00041842693463, 0.000373804476112, 0.000303634733427, 0.000261868379312, 0.000161565738381, 0.00017179826682, 0.000115714719868, 5.32296180609e-05, 3.40169499395e-05, 2.32528145716e-05, 1.67548514582e-05, 6.83571170157e-06, 2.33632334812e-07], "dmean2": [4.12936879002e-06, 0.00063914898783, 0.00242169736885, 0.00319401663728, 0.00510577252135, 0.00173226126935, 0.00058545981301, 0.000871590571478, 0.000799897650722, 0.000926704378799, 0.000501193571836, 0.000948732660618, 0.000496321183164, 0.000834728532936, 0.000643617706373, 0.000599684251938, 0.000485631229822, 0.000415392016293, 0.000253829086432, 0.00026842855732, 0.000168576676515, 7.95854211901e-05, 5.04448180436e-05, 3.16906189255e-05, 2.25045696425e-05, 8.15799285192e-06, 3.49372868413e-07], "max": [0.000130394502776, 0.00751586025581, 0.0277985092252, 0.0504119619727, 0.0565309971571, 0.0451028347015, 0.0336109101772, 0.0214868392795, 0.0221300702542, 0.0317984446883, 0.023706106469, 0.0405349060893, 0.0172754023224, 0.0204151812941, 0.0140516143292, 0.0173957590014, 0.0101910196245, 0.00587400374934, 0.00462542800233, 0.00418086722493, 0.00307827768847, 0.00542977824807, 0.00250831595622, 0.00252844439819, 0.00181689439341, 0.000422059296397, 7.56498775445e-06], "dvar": [2.2226125454e-11, 3.0502383197e-07, 5.02228658661e-06, 8.80980496731e-06, 1.5180002265e-05, 3.03121714751e-06, 6.57899022372e-07, 1.38171424169e-06, 9.12508710371e-07, 2.23025926971e-06, 8.3288409769e-07, 1.37996823923e-06, 4.53820888424e-07, 8.38926268898e-07, 4.83988117139e-07, 3.29099322016e-07, 2.33925845805e-07, 1.1862634608e-07, 4.66814000788e-08, 5.06125132915e-08, 2.96422246748e-08, 1.20291714367e-08, 7.49544337708e-09, 4.41861569556e-09, 2.8413822406e-09, 1.62772906265e-10, 1.06046153304e-13], "mean": [5.36010065844e-06, 0.000810977478977, 0.00301006133668, 0.00601950706914, 0.00774073135108, 0.00262591452338, 0.000855765654705, 0.00127068324946, 0.00116674776655, 0.00111624354031, 0.000557060877327, 0.00135947926901, 0.000557095510885, 0.00104437582195, 0.000902318046428, 0.000828440592159, 0.000712550012395, 0.000590902694967, 0.00035908195423, 0.000465223653009, 0.000285123329377, 0.000127670660731, 7.23787088646e-05, 4.70936247439e-05, 2.96428388538e-05, 1.28226974994e-05, 9.71804183791e-07], "dvar2": [5.21506553219e-11, 8.48016725286e-07, 1.43374163599e-05, 2.13079074456e-05, 4.5780911023e-05, 7.73053488956e-06, 1.62808589721e-06, 3.24553002429e-06, 2.16122202801e-06, 5.52241363039e-06, 1.85163912647e-06, 3.15388979288e-06, 9.7413385447e-07, 1.77258004896e-06, 1.12650695883e-06, 8.12974633391e-07, 5.67790436889e-07, 2.85619478291e-07, 1.11516719414e-07, 1.21776878359e-07, 6.56578720282e-08, 2.67319002489e-08, 1.63093769601e-08, 8.02253552479e-09, 5.13537345981e-09, 3.08243569558e-10, 2.20088744863e-13], "min": [4.45155194892e-25, 7.91835541922e-24, 1.36535729931e-24, 2.68504763804e-24, 2.10325999887e-23, 1.0283111133e-23, 1.91692947533e-23, 2.35053696931e-23, 1.62367327372e-23, 3.41090896752e-23, 2.64347131567e-23, 5.24977970965e-23, 4.714904248e-23, 3.47857240726e-23, 6.65715300295e-23, 8.37973113261e-23, 9.77962665562e-23, 9.05582090044e-23, 1.42072044117e-22, 2.02929974516e-22, 3.1702158933e-22, 3.82532006779e-22, 5.09481410638e-22, 7.62889130353e-22, 9.70104235172e-22, 1.4155915831e-21, 2.06224002697e-21], "var": [9.91331808309e-11, 7.2883545954e-07, 8.78285572981e-06, 3.95390197809e-05, 3.81493773602e-05, 8.24783182907e-06, 1.48801848354e-06, 2.9776899737e-06, 1.98452607947e-06, 3.19302466778e-06, 1.35149900871e-06, 5.32033573108e-06, 1.19204753446e-06, 2.69260840469e-06, 1.60194622367e-06, 1.20299603168e-06, 9.86610530163e-07, 3.64351961935e-07, 1.27779074433e-07, 1.91117734971e-07, 9.24953909021e-08, 4.06239060169e-08, 1.76180687816e-08, 1.27888792889e-08, 6.05618755145e-09, 3.68143709961e-10, 4.02629129039e-13], "median": [1.79702328751e-06, 0.000553984893486, 0.00214555603452, 0.00374125200324, 0.00603664433584, 0.0017363372026, 0.000480148184579, 0.000714160269126, 0.000736806192435, 0.000603497144766, 0.000254948681686, 0.00057994882809, 0.000246745155891, 0.00056854612194, 0.000421262695454, 0.000411024113419, 0.00035494758049, 0.000408253399655, 0.000263138121227, 0.000355301017407, 0.000184873468243, 5.46281007701e-05, 3.18802776746e-05, 1.45170542964e-05, 1.05605877252e-05, 6.12960229773e-06, 8.34061154364e-07]}, "melbands_kurtosis": {"dmean": 3.79377436638, "dmean2": 5.75358057022, "max": 212.112518311, "dvar": 41.6626434326, "mean": 8.856549263, "dvar2": 92.5550994873, "min": -1.40317475796, "var": 154.977111816, "median": 5.05703830719}, "erbbands_crest": {"dmean": 1.82042121887, "dmean2": 2.90983486176, "max": 25.2508277893, "dvar": 3.17042207718, "mean": 7.46671295166, "dvar2": 7.65324926376, "min": 2.50528550148, "var": 9.85760116577, "median": 6.70572042465}, "melbands_skewness": {"dmean": 0.499200761318, "dmean2": 0.762485384941, "max": 11.557185173, "dvar": 0.274195164442, "mean": 2.39796853065, "dvar2": 0.616894185543, "min": -0.322993606329, "var": 1.52728140354, "median": 2.17746639252}, "spectral_energyband_middle_low": {"dmean": 0.00481693074107, "dmean2": 0.00774194439873, "max": 0.0822410210967, "dvar": 2.68677522399e-05, "mean": 0.0200469531119, "dvar2": 7.13697445462e-05, "min": 2.34494318818e-22, "var": 0.000122111654491, "median": 0.0183614343405}, "spectral_contrast_coeffs": {"dmean": [0.0435932464898, 0.0428540445864, 0.0374768637121, 0.0325135588646, 0.0253361072391, 0.0173576194793], "dmean2": [0.0715519934893, 0.0687440410256, 0.0583941042423, 0.0509507507086, 0.0402233637869, 0.0271548628807], "max": [-0.273583263159, -0.421419918537, -0.515658199787, -0.518157660961, -0.539559006691, -0.596460044384], "dvar": [0.00136640714481, 0.00118524429854, 0.000933625269681, 0.000707562256139, 0.000533713609912, 0.000242769383476], "mean": [-0.52635127306, -0.701683521271, -0.734761476517, -0.748657763004, -0.758084833622, -0.740713000298], "dvar2": [0.00367596349679, 0.00309822172858, 0.00224483385682, 0.00157979514915, 0.00121013401076, 0.000537955143955], "min": [-0.974164605141, -0.972298443317, -0.969508051872, -0.963239133358, -0.967254817486, -0.963567256927], "var": [0.0057552177459, 0.00444782013074, 0.00474338931963, 0.00338904745877, 0.00326588470489, 0.00209392909892], "median": [-0.522565424442, -0.701221704483, -0.739557683468, -0.750672459602, -0.76444375515, -0.729331254959]}, "spectral_contrast_valleys": {"dmean": [0.354268491268, 0.308191001415, 0.299456328154, 0.292235612869, 0.264680653811, 0.2856349051], "dmean2": [0.58569842577, 0.498102068901, 0.475894004107, 0.441845297813, 0.385492414236, 0.347311288118], "max": [-5.68866539001, -4.84984302521, -5.27353143692, -5.7550868988, -5.48534011841, -7.86849975586], "dvar": [0.124118059874, 0.100483804941, 0.0949826911092, 0.103103689849, 0.116092398763, 0.119617395103], "mean": [-7.43141555786, -6.73200464249, -7.18544769287, -7.44400405884, -7.32911968231, -10.3323526382], "dvar2": [0.296965450048, 0.221415668726, 0.194002643228, 0.181393489242, 0.204398587346, 0.184741467237], "min": [-28.051820755, -27.5260467529, -27.8419971466, -27.6732902527, -27.4107093811, -27.3923301697], "var": [1.40765857697, 1.34667599201, 1.29606926441, 1.36196684837, 1.44380867481, 1.08752405643], "median": [-7.26378536224, -6.60866451263, -7.05966758728, -7.31149864197, -7.10450077057, -10.3197612762]}, "silence_rate_20dB": {"dmean": 0, "dmean2": 0, "max": 1, "dvar": 0, "mean": 1, "dvar2": 0, "min": 1, "var": 0, "median": 1}, "silence_rate_30dB": {"dmean": 0, "dmean2": 0, "max": 1, "dvar": 0, "mean": 1, "dvar2": 0, "min": 1, "var": 0, "median": 1}, "spectral_strongpeak": {"dmean": 0.498903751373, "dmean2": 0.87985342741, "max": 8.09856510162, "dvar": 0.850971460342, "mean": 0.897622764111, "dvar2": 2.19994616508, "min": 0, "var": 1.14207363129, "median": 0.60782712698}, "spectral_spread": {"dmean": 345198.5625, "dmean2": 492320.25, "max": 42390208, "dvar": 468911652864, "mean": 3880383.5, "dvar2": 876996329472, "min": 1660236, "var": 3441699061760.0, "median": 3562153}, "barkbands_flatness_db": {"dmean": 0.0162834506482, "dmean2": 0.0229521617293, "max": 0.368467330933, "dvar": 0.000276672595646, "mean": 0.128561615944, "dvar2": 0.000537239538971, "min": 0.0331153050065, "var": 0.00171409943141, "median": 0.121237769723}, "pitch_salience": {"dmean": 0.0540234334767, "dmean2": 0.0866259858012, "max": 0.823690235615, "dvar": 0.00230551022105, "mean": 0.553118169308, "dvar2": 0.00597848696634, "min": 0.213772088289, "var": 0.0077418088913, "median": 0.555184900761}, "erbbands_kurtosis": {"dmean": 0.527247786522, "dmean2": 0.817572593689, "max": 30.7560367584, "dvar": 0.49142357707, "mean": -0.0362218879163, "dvar2": 1.1120942831, "min": -1.7030223608, "var": 1.74594306946, "median": -0.299885392189}, "average_loudness": 0.952662110329, "barkbands_crest": {"dmean": 1.83215844631, "dmean2": 2.96227169037, "max": 22.2089633942, "dvar": 3.1467165947, "mean": 8.60720920563, "dvar2": 8.48889446259, "min": 2.35955524445, "var": 10.9363603592, "median": 7.99983167648}, "hfc": {"dmean": 4.46147537231, "dmean2": 6.37137889862, "max": 88.0166549683, "dvar": 26.8999614716, "mean": 24.8966083527, "dvar2": 53.9492378235, "min": 1.16021993843e-16, "var": 151.410858154, "median": 23.7716369629}, "barkbands_kurtosis": {"dmean": 1.71030843258, "dmean2": 2.58359193802, "max": 154.693481445, "dvar": 11.7810020447, "mean": 2.6434071064, "dvar2": 24.8627586365, "min": -1.85023069382, "var": 58.7665138245, "median": 0.379435926676}, "erbbands": {"dmean": [0.00509817665443, 0.119173936546, 1.21039235592, 4.74028110504, 9.21628570557, 11.140007019, 8.26251316071, 8.81190681458, 7.76280832291, 4.14338731766, 16.591758728, 11.6551103592, 18.4382305145, 18.1716403961, 15.0760316849, 25.2844314575, 15.2213029861, 26.717590332, 19.695224762, 20.1153335571, 17.4252948761, 14.9620046616, 13.2059183121, 9.31013011932, 7.33765268326, 8.61481952667, 5.90986394882, 3.48327946663, 1.82780742645, 1.44049882889, 0.90403175354, 0.583432734013, 0.35525983572, 0.205566436052, 0.1060757339, 0.0458544567227, 0.00953428540379, 0.000780838250648, 4.61467607238e-05, 7.57578936827e-06], "dmean2": [0.00815196242183, 0.198324874043, 1.97933530807, 7.355281353, 14.7390203476, 18.7801055908, 13.0188713074, 13.3413267136, 12.0974807739, 6.13024282455, 23.6391010284, 17.0400772095, 27.5013504028, 27.2015304565, 21.8919239044, 37.4788627625, 22.6735095978, 40.8623733521, 30.3535785675, 30.6862754822, 27.5330410004, 23.5828227997, 20.8859767914, 14.5900859833, 11.448138237, 13.5092372894, 8.91243267059, 4.90034532547, 2.53603029251, 2.20986104012, 1.3523427248, 0.798902630806, 0.498184740543, 0.277535825968, 0.144901290536, 0.0562507659197, 0.011782313697, 0.00101618480403, 6.64764665999e-05, 1.16396095109e-05], "max": [0.115669332445, 2.44392895699, 18.8636207581, 126.526939392, 170.920318604, 196.546707153, 303.241668701, 471.356933594, 422.174194336, 370.599822998, 596.330627441, 631.185180664, 1288.86938477, 1216.5369873, 755.847595215, 1622.43225098, 703.428955078, 1149.80151367, 689.442321777, 741.614379883, 641.948425293, 598.62310791, 302.673797607, 327.07723999, 205.313339233, 207.12940979, 167.493621826, 104.929801941, 113.78237915, 230.417251587, 63.5762748718, 51.1661262512, 43.6204566956, 21.9367904663, 16.0536518097, 3.18113470078, 0.720745325089, 0.0478273518384, 0.00175763713196, 0.000165532022947], "dvar": [5.2193117881e-05, 0.0287310518324, 3.17931461334, 47.6208457947, 135.63885498, 228.08807373, 199.590454102, 245.817367554, 194.682922363, 109.706115723, 1060.45019531, 450.587158203, 2326.82958984, 1958.44458008, 963.658569336, 2062.68261719, 765.776428223, 2123.33740234, 1031.16589355, 1022.14874268, 711.787719727, 501.889343262, 301.083984375, 180.715408325, 87.5502929688, 137.534790039, 81.619140625, 24.154964447, 9.98091602325, 19.9726524353, 4.77460432053, 2.17702674866, 1.27708137035, 0.423552185297, 0.134591549635, 0.00857612770051, 0.000328192021698, 1.86993520401e-06, 4.29858770801e-09, 6.49252179796e-11], "mean": [0.012345819734, 0.260233432055, 2.65822601318, 13.7232608795, 26.2743206024, 24.5880374908, 17.4951457977, 20.2790794373, 17.4298610687, 9.67488956451, 35.0499420166, 26.5700511932, 33.8090438843, 34.8417358398, 32.9085960388, 52.9565200806, 31.1990737915, 53.9539833069, 42.7459602356, 46.8707962036, 43.6618232727, 39.4314155579, 31.2343120575, 22.8388023376, 19.2150611877, 23.1176872253, 15.8807811737, 8.46319198608, 4.43932771683, 3.19698691368, 1.87902283669, 1.19006681442, 0.664674341679, 0.351404339075, 0.189684778452, 0.0823773294687, 0.0189741291106, 0.00202517886646, 0.000196505818167, 4.83195690322e-05], "dvar2": [0.000134105081088, 0.0805009976029, 9.15559482574, 118.443725586, 375.632995605, 674.892578125, 535.425354004, 601.952880859, 535.829040527, 267.391021729, 2465.74194336, 1013.73010254, 5645.64257813, 4920.40625, 2113.56347656, 4767.22851563, 1591.42480469, 4557.71533203, 2333.86181641, 2375.9753418, 1677.18859863, 1196.28210449, 749.288146973, 426.799285889, 213.467834473, 338.484191895, 185.133834839, 51.0701560974, 20.5886306763, 46.1705436707, 10.3229808807, 4.23921394348, 2.25957107544, 0.783614754677, 0.242992967367, 0.015350847505, 0.000640634447336, 3.72547128791e-06, 8.85281092877e-09, 1.53847518058e-10], "min": [1.26137811138e-22, 1.70601376721e-21, 3.04844065968e-21, 1.2911404828e-20, 3.1323097056e-20, 5.67996621554e-20, 5.87724491422e-20, 1.37137976487e-19, 2.72656824473e-19, 4.28984680313e-19, 4.66481113523e-19, 4.62088629374e-19, 8.47947188626e-19, 9.55682603725e-19, 1.42572457469e-18, 2.12196228948e-18, 2.23412281066e-18, 2.82484143741e-18, 3.0935891097e-18, 4.67379049097e-18, 5.34864868885e-18, 5.60034940949e-18, 4.35685417132e-18, 7.58919186863e-18, 6.3806677588e-18, 9.15456748498e-18, 1.26151685675e-17, 9.58959831274e-18, 1.07352178185e-17, 1.46412556609e-17, 1.50588213972e-17, 1.42633036041e-17, 1.18812012838e-17, 8.79093806052e-18, 6.80577241921e-18, 5.32709939312e-18, 2.50092846968e-18, 1.25651040813e-18, 2.89637239787e-19, 2.71779980712e-20], "var": [0.00014865025878, 0.067790530622, 6.08086156845, 195.95954895, 399.288085938, 583.907470703, 425.013275146, 649.578674316, 457.548217773, 172.210189819, 2342.95043945, 1067.6418457, 3205.42382813, 3434.15527344, 2950.45800781, 6648.6015625, 2563.49462891, 7317.69628906, 3128.38598633, 3561.5480957, 3000.17602539, 2517.35327148, 883.735656738, 549.285339355, 300.630767822, 486.702819824, 265.180267334, 93.8787307739, 37.2709159851, 42.4921684265, 11.3354406357, 6.33264303207, 3.37965655327, 0.916044354439, 0.271221548319, 0.0195789374411, 0.000722103985026, 4.5101746764e-06, 1.63541624687e-08, 3.65945385106e-10], "median": [0.00838072132319, 0.181005835533, 1.9554746151, 8.97095108032, 20.8783111572, 16.6053314209, 11.6149311066, 12.1011753082, 10.7101697922, 6.03478097916, 18.9947795868, 16.8666591644, 17.3646526337, 17.9126091003, 16.4710197449, 26.1154060364, 18.0923118591, 28.500919342, 26.3538627625, 25.8078422546, 22.3100967407, 21.6896514893, 22.8561325073, 16.9166564941, 15.3706121445, 17.8802680969, 11.0880870819, 4.90386009216, 2.24328994751, 1.3316552639, 0.805587112904, 0.383450269699, 0.213713273406, 0.117333859205, 0.0723791569471, 0.0364192277193, 0.00914994999766, 0.0012942753965, 0.000168363956618, 4.67243226012e-05]}, "spectral_energy": {"dmean": 0.00583311077207, "dmean2": 0.00929983984679, "max": 0.097755253315, "dvar": 3.68556029571e-05, "mean": 0.0325742326677, "dvar2": 9.53983471845e-05, "min": 1.06368067775e-20, "var": 0.000181088311365, "median": 0.0313866659999}, "zerocrossingrate": {"dmean": 0.00721692154184, "dmean2": 0.00844915024936, "max": 0.52880859375, "dvar": 7.80259288149e-05, "mean": 0.0594328083098, "dvar2": 0.000120036464068, "min": 0.009765625, "var": 0.00163159880321, "median": 0.0546875}, "spectral_energyband_high": {"dmean": 0.000270009360975, "dmean2": 0.00037208510912, "max": 0.010068571195, "dvar": 1.42819402527e-07, "mean": 0.000833222467918, "dvar2": 2.7