{"tonal": {"chords_number_rate": 0.00135798600968, "thpcp": [1, 0.805904984474, 0.288307100534, 0.236518219113, 0.183401152492, 0.228162780404, 0.419140577316, 0.343136936426, 0.201233834028, 0.239755824208, 0.217211395502, 0.19449749589, 0.299079209566, 0.368193328381, 0.571467220783, 0.99191814661, 0.831639707088, 0.269625246525, 0.064137160778, 0.0456152372062, 0.107979938388, 0.325407117605, 0.323016703129, 0.120542868972, 0.0920501500368, 0.091066814959, 0.142181292176, 0.290509313345, 0.276621997356, 0.243151500821, 0.437280893326, 0.377451509237, 0.130457669497, 0.0991794019938, 0.118832841516, 0.433401614428], "hpcp": {"dvar": [0.0502518638968, 0.0482306443155, 0.0244569759816, 0.00869512930512, 0.00484282243997, 0.00656625907868, 0.0180283375084, 0.0181862004101, 0.00771909579635, 0.00889548659325, 0.00796700734645, 0.010424294509, 0.0145570095628, 0.0173154789954, 0.0208717063069, 0.0306762978435, 0.0231313612312, 0.0120359519497, 0.00987581163645, 0.0133868930861, 0.0266363378614, 0.0432671792805, 0.035252392292, 0.0228317677975, 0.0208125580102, 0.0184992700815, 0.0219554789364, 0.0314539447427, 0.0306661576033, 0.0322933234274, 0.0352457500994, 0.0286073256284, 0.0294288806617, 0.0351636707783, 0.0518353767693, 0.0647675916553], "mean": [0.375260353088, 0.314624160528, 0.102004051208, 0.0242642331868, 0.017257058993, 0.0408507399261, 0.123107329011, 0.122202992439, 0.0456035211682, 0.0348242148757, 0.0344522036612, 0.0537897236645, 0.10990486294, 0.104651041329, 0.091988556087, 0.165431171656, 0.142796650529, 0.049354467541, 0.0375213399529, 0.044956587255, 0.163963571191, 0.378317862749, 0.304888248444, 0.109071731567, 0.0894790664315, 0.0693839341402, 0.0863180533051, 0.158568367362, 0.129814833403, 0.0761303529143, 0.0907039120793, 0.082174949348, 0.0735818743706, 0.113147005439, 0.139294117689, 0.216196253896], "min": [0, 0, 0, 0, 0, 0, 0, 0, 0, 0, 0, 0, 0, 0, 0, 0, 0, 0, 0, 0, 0, 0, 0, 0, 0, 0, 0, 0, 0, 0, 0, 0, 0, 0, 0, 0], "median": [0.224676921964, 0.181410521269, 0.0340921580791, 0.001747887698, 0.00104854698293, 0.00432872073725, 0.0180956535041, 0.0197772439569, 0.00736126070842, 0.00098136998713, 0.00105900352355, 0.0043324995786, 0.00894717313349, 0.00961457565427, 0.0155412713066, 0.0114478245378, 0.00946846976876, 0.00551887089387, 0.0022389809601, 0.00276683899574, 0.0522427074611, 0.199006050825, 0.180351734161, 0.0338740982115, 0.00274591054767, 0.0022046030499, 0.00858341157436, 0.0143917500973, 0.0159815065563, 0.0109436046332, 0.00489633670077, 0.00346530275419, 0.00697037763894, 0.00998974777758, 0.0196787919849, 0.0942142605782], "dvar2": [0.117387130857, 0.123171664774, 0.070054858923, 0.0248625595123, 0.0131078502163, 0.017066301778, 0.0392188839614, 0.0402408801019, 0.0192424263805, 0.0199096854776, 0.0181449130177, 0.0241931863129, 0.0317847058177, 0.0407884269953, 0.0558595210314, 0.0674823746085, 0.0513461306691, 0.0320634283125, 0.0248807035387, 0.0339479632676, 0.0693006366491, 0.0940915048122, 0.0843955650926, 0.0619699917734, 0.0515183843672, 0.0491929017007, 0.0598882734776, 0.0717384442687, 0.0792879536748, 0.0897027254105, 0.0918771699071, 0.0725264400244, 0.0816426947713, 0.093461535871, 0.141876444221, 0.191503450274], "var": [0.139119267464, 0.107780508697, 0.0250130388886, 0.00616266718134, 0.00477652996778, 0.010353484191, 0.0562094338238, 0.0536286570132, 0.0108999228105, 0.0176212638617, 0.0144765051082, 0.0206391103566, 0.0527740642428, 0.0461213588715, 0.0271670073271, 0.0846672728658, 0.067086212337, 0.0148116666824, 0.018335679546, 0.0202744007111, 0.0475729554892, 0.146556377411, 0.0946990996599, 0.0309808254242, 0.056279245764, 0.0324196852744, 0.0313959270716, 0.0880624055862, 0.0561104938388, 0.0280021112412, 0.0420259311795, 0.0363315530121, 0.0261034537107, 0.0531569421291, 0.0602845512331, 0.0729536786675], "dmean2": [0.294728159904, 0.297967940569, 0.172174483538, 0.0612462647259, 0.0364838093519, 0.0541111901402, 0.0992014035583, 0.102567255497, 0.0582793839276, 0.0430402196944, 0.0442002862692, 0.0634746104479, 0.0861516222358, 0.102441325784, 0.128316149116, 0.142811328173, 0.12384827435, 0.0749419555068, 0.0521612092853, 0.0745158866048, 0.174565672874, 0.23034389317, 0.237698256969, 0.148946881294, 0.0964579433203, 0.101424776018, 0.122235864401, 0.141854703426, 0.157193168998, 0.158109053969, 0.164542779326, 0.146076709032, 0.148726835847, 0.167456835508, 0.258308142424, 0.358474314213], "max": [1, 1, 1, 1, 1, 1, 1, 1, 1, 1, 1, 1, 1, 1, 1, 1, 1, 1, 1, 1, 1, 1, 1, 1, 1, 1, 1, 1, 1, 1, 1, 1, 1, 1, 1, 1], "dmean": [0.175752326846, 0.178327724338, 0.0973757430911, 0.0330062583089, 0.0200845617801, 0.0318718850613, 0.0622983947396, 0.0647257938981, 0.0350022055209, 0.0258537288755, 0.0273192189634, 0.0390196666121, 0.0546772144735, 0.063367523253, 0.0759885683656, 0.0887560322881, 0.077738918364, 0.0433846078813, 0.0299454890192, 0.0420248843729, 0.103995338082, 0.141696348786, 0.144743606448, 0.0860887169838, 0.0540416873991, 0.0567242726684, 0.0697681754827, 0.0838119015098, 0.0916914045811, 0.0887523964047, 0.0933020338416, 0.0841090455651, 0.0826487466693, 0.0953398123384, 0.143384456635, 0.202587291598]}, "key_strength": 0.810998737812, "chords_strength": {"dvar": 4.37430826423e-05, "mean": 0.565062344074, "min": 0.241474285722, "median": 0.567024827003, "dvar2": 3.7231209717e-05, "var": 0.0092321112752, "dmean2": 0.00636177835986, "max": 0.862592279911, "dmean": 0.0075977309607}, "tuning_equal_tempered_deviation": 0.139071077108, "chords_key": "A", "tuning_frequency": 435.448913574, "chords_scale": "major", "chords_changes_rate": 0.0355165563524, "key_scale": "major", "tuning_diatonic_strength": 0.666276276112, "hpcp_entropy": {"dvar": 0.193971857429, "mean": 1.7505043745, "min": 0, "median": 1.78890275955, "dvar2": 0.502507448196, "var": 0.47541052103, "dmean2": 0.870710730553, "max": 3.89581251144, "dmean": 0.520432531834}, "chords_histogram": [44.4165878296, 7.41669273376, 10.0804347992, 0.365611612797, 1.45200037956, 1.37887811661, 0, 0, 0, 0.104460462928, 0.18802882731, 0, 0.010446046479, 0.0626762807369, 0.146244645119, 6.72725391388, 2.36080646515, 4.49179983139, 1.21174132824, 4.01128196716, 2.3399143219, 0.470072090626, 8.1688079834, 4.59626054764], "tuning_nontempered_energy_ratio": 0.846030294895, "key_key": "A"}, "metadata": {"version": {"extractor": "music 1.0", "essentia_build_sha": "2d9f1f26377add8aeb1075a9c2973f962c4f09fd", "essentia": "2.1-beta2", "essentia_git_sha": "v2.1_beta2-1-ge3940c0"}, "audio_properties": {"sample_rate": 44100, "length": 444.522796631, "lossless": false, "analysis_sample_rate": 44100, "downmix": "mix", "bit_rate": 128016, "equal_loudness": 0, "md5_encoded": "51d5a98c952700ee674597687c400ca7", "codec": "wmav2", "replay_gain": -7.52430915833}, "tags": {"title": ["Drains"], "genre": ["Rock"], "date": ["2008-02-19"], "acoustid_id": ["9ec3f1fc-d6a5-4721-bf63-88b3bd7472b7"], "musicbrainz_recordingid": ["5b9e856f-0609-4c59-8cff-94dd60e3b3a9"], "albumartistsort": ["Megafaun"], "musicbrainz_releasegroupid": ["18e8b0d8-5630-353b-be94-965b240a2cc8"], "media": ["CD"], "discnumber": ["1"], "originaldate": ["2008-02-19"], "artistsort": ["Megafaun"], "label": ["Table of the Elements"], "artist": ["Megafaun"], "musicbrainz_albumartistid": ["70760805-33c4-4ed0-8637-be2ecf1b02cc"], "musicbrainz_artistid": ["70760805-33c4-4ed0-8637-be2ecf1b02cc"], "script": ["Latn"], "musicbrainz_albumid": ["a0f564a8-d16c-440a-b572-df882171a40e"], "file_name": "05 Drains.wma", "tracknumber": ["5"], "album": ["Bury the Square"]}}, "lowlevel": {"melbands": {"dvar": [5.77764787124e-08, 3.30590023623e-06, 5.933648481e-06, 3.98536303692e-06, 1.19608262139e-06, 2.66719155206e-07, 1.75747189246e-07, 8.04172159974e-08, 4.496524042e-08, 3.585637387e-08, 1.1571114733e-08, 1.33463231577e-08, 4.2921017851e-09, 1.40715716856e-09, 5.56274526442e-10, 7.18050785498e-10, 3.4715927355e-10, 2.90880403098e-10, 5.6833399098e-11, 4.11439493586e-11, 4.47726959674e-11, 3.79129644346e-11, 2.50478162517e-11, 1.96816868359e-12, 1.80883140497e-12, 5.22335603589e-12, 5.90258007402e-12, 5.89804355529e-13, 6.57157596569e-13, 2.18287974502e-12, 1.37060534363e-12, 6.5288112373e-13, 3.48372941822e-13, 1.00040852338e-13, 1.76318676456e-13, 9.14795447509e-14, 7.31342016027e-13, 1.18324414936e-12, 7.82321798488e-13, 1.40313311642e-13], "mean": [0.000259903055849, 0.00224891770631, 0.00329145998694, 0.00244002765976, 0.00145806442015, 0.00094389973674, 0.000510380312335, 0.000284422072582, 0.000259642809397, 0.000222543327254, 7.58072710596e-05, 6.42531231279e-05, 4.84001902805e-05, 2.70567634288e-05, 2.27419313887e-05, 2.01095372176e-05, 1.08041422209e-05, 9.08553374757e-06, 5.22043274032e-06, 4.60474484498e-06, 5.92968035562e-06, 6.42529175821e-06, 4.75620981888e-06, 1.3924590121e-06, 9.78076059255e-07, 1.21352479709e-06, 8.90619105576e-07, 3.62238921525e-07, 3.32764898303e-07, 3.56394735945e-07, 3.92268248106e-07, 4.40507932353e-07, 3.0690245012e-07, 2.09847726751e-07, 1.01743538039e-07, 1.25513224702e-07, 2.29483475778e-07, 2.59430578353e-07, 1.71197854115e-07, 7.89926346556e-08], "min": [2.86627640088e-24, 2.42528303891e-24, 6.72009305913e-24, 9.37103488758e-24, 6.70085274166e-24, 1.08709765905e-23, 1.00427838694e-23, 5.08150353011e-24, 8.97379609015e-24, 4.79515767113e-24, 4.03917017755e-24, 5.66152416029e-24, 9.50427112789e-24, 6.79785817831e-24, 7.03601134129e-24, 8.33417031325e-24, 6.92093862332e-24, 8.02495892651e-24, 7.1844599753e-24, 4.30070833321e-24, 1.13526187716e-23, 6.24170650696e-24, 9.51239481749e-24, 7.18943768761e-24, 5.61796681098e-24, 5.78624938029e-24, 1.14198131547e-23, 5.12372257689e-24, 7.13840627565e-24, 8.24071001751e-24, 7.46805152642e-24, 7.33382211023e-24, 7.56786767448e-24, 8.27724611033e-24, 7.98768130444e-24, 8.51007367334e-24, 8.71013668752e-24, 7.4104978125e-24, 8.41611323978e-24, 8.41336484839e-24], "median": [0.000132830915391, 0.00121865631081, 0.00195384188555, 0.00159957783762, 0.000927345769014, 0.000555325532332, 0.000241067857132, 9.92032000795e-05, 9.39169767662e-05, 8.51833174238e-05, 2.13651237573e-05, 2.02149640245e-05, 1.667300603e-05, 9.04709668248e-06, 8.4397943283e-06, 6.29855912848e-06, 3.48659796146e-06, 2.48501055466e-06, 1.40347174238e-06, 1.23137749597e-06, 9.42046767705e-07, 8.173053061e-07, 7.58710598348e-07, 3.43703021599e-07, 2.22225096991e-07, 1.91427588447e-07, 1.27364302216e-07, 9.03394408169e-08, 7.14009402714e-08, 5.73326381925e-08, 4.75339660966e-08, 4.06696791799e-08, 2.70844591199e-08, 2.28498286958e-08, 1.25457697564e-08, 1.15348237628e-08, 1.3562624801e-08, 1.09186704123e-08, 7.06236447101e-09, 3.71574815361e-09], "dvar2": [1.26550531832e-07, 7.37437312637e-06, 1.44463519973e-05, 9.68493532127e-06, 3.31003684551e-06, 6.62517038563e-07, 4.27806270409e-07, 1.92700611024e-07, 1.06745780215e-07, 7.78328796969e-08, 2.15794333513e-08, 2.9700428783e-08, 9.61688950696e-09, 3.28180616016e-09, 1.27278376727e-09, 1.6240898626e-09, 9.30669874499e-10, 6.94396928846e-10, 1.37916969511e-10, 8.85432352438e-11, 8.93101148591e-11, 8.86948917089e-11, 6.46938336235e-11, 5.10135943904e-12, 4.29435263391e-12, 1.51040100566e-11, 1.49480081091e-11, 1.41999704096e-12, 1.40390184287e-12, 5.06776001372e-12, 2.97749997401e-12, 1.34419504607e-12, 6.93391362123e-13, 2.14685040578e-13, 4.79289459683e-13, 1.98532786348e-13, 1.48039122193e-12, 2.06980071103e-12, 1.41712856727e-12, 2.52448127507e-13], "var": [1.3988987746e-07, 7.80598747951e-06, 1.66360732692e-05, 7.91630918684e-06, 2.57724832409e-06, 1.25147460039e-06, 5.84861197694e-07, 2.70481848474e-07, 2.35301001794e-07, 1.78402018491e-07, 3.6290373373e-08, 3.37984502607e-08, 1.82934609683e-08, 4.80912154543e-09, 1.91853999354e-09, 3.83618381505e-09, 5.84121917502e-10, 5.84704118456e-10, 1.6736770303e-10, 1.34170924371e-10, 2.76356076911e-10, 2.51049125932e-10, 1.04359729192e-10, 7.67418680686e-12, 7.56973997373e-12, 1.6927830665e-11, 1.39514693201e-11, 1.25536148317e-12, 1.72029805765e-12, 3.69010117601e-12, 2.95352067456e-12, 1.99876725414e-12, 1.09204865203e-12, 3.54033778205e-13, 1.75680962291e-13, 2.28364229653e-13, 1.68185300756e-12, 2.86411454449e-12, 1.83083257756e-12, 3.20878225249e-13], "dmean2": [0.000275924656307, 0.0020044350531, 0.00240439921618, 0.00190581078641, 0.000952738220803, 0.000492312712595, 0.000319995713653, 0.000169018821907, 0.000131958615384, 0.000131945780595, 4.95253625559e-05, 4.73106738355e-05, 3.50704576704e-05, 1.94712720258e-05, 1.63169243024e-05, 1.38062605402e-05, 8.41370456328e-06, 7.17394186722e-06, 3.42653720509e-06, 2.83906024379e-06, 3.20280423693e-06, 3.26769463754e-06, 2.69268321063e-06, 8.03971772712e-07, 6.1472832158e-07, 7.70581493725e-07, 6.22077948265e-07, 2.89215734028e-07, 2.69544159437e-07, 3.24690745401e-07, 3.18899822105e-07, 2.81316459905e-07, 1.90080484685e-07, 1.30884089344e-07, 6.78904896745e-08, 8.19604650815e-08, 1.69257873495e-07, 1.99944409474e-07, 1.51429503603e-07, 6.78011957689e-08], "max": [0.00436454778537, 0.0282091088593, 0.0513504594564, 0.0498932637274, 0.0260578114539, 0.0106648625806, 0.0114099290222, 0.00746752740815, 0.0065621859394, 0.00713892513886, 0.00424654129893, 0.00662290584296, 0.00331480707973, 0.0014943262795, 0.000665895524435, 0.00230027083308, 0.00124257884454, 0.000848351977766, 0.000324510619976, 0.000309254042804, 0.000287486298475, 0.000318563572364, 0.000200493130251, 8.26940013212e-05, 9.10853486857e-05, 0.000114909198601, 0.00020423848764, 4.21675285907e-05, 4.76380810142e-05, 7.49009705032e-05, 4.92533690704e-05, 3.97032672481e-05, 2.60630349658e-05, 1.07281712189e-05, 4.14145870309e-05, 1.83282518265e-05, 5.19200184499e-05, 7.10912863724e-05, 4.14266432927e-05, 1.67026701092e-05], "dmean": [0.000176931818714, 0.00130312377587, 0.00148034782615, 0.00118353019934, 0.000586581940297, 0.000323993823258, 0.000208865676541, 0.000109975298983, 8.8963919552e-05, 9.2642956588e-05, 3.4252734622e-05, 3.13772616209e-05, 2.31838166656e-05, 1.26222166728e-05, 1.05769477159e-05, 8.8742826847e-06, 5.24722372575e-06, 4.61279796582e-06, 2.23420761358e-06, 1.88213516594e-06, 2.12007057598e-06, 2.15471050069e-06, 1.7532398715e-06, 5.19644288488e-07, 3.94357840605e-07, 4.87606257593e-07, 3.98095579612e-07, 1.83365088446e-07, 1.74809542841e-07, 2.11484803003e-07, 2.09936672491e-07, 1.90399489952e-07, 1.30821746325e-07, 8.71447269901e-08, 4.43516974258e-08, 5.59531478928e-08, 1.16252287796e-07, 1.43668529518e-07, 1.08746945671e-07, 4.79944368692e-08]}, "spectral_decrease": {"dvar": 1.11248504927e-17, "mean": -9.5954613144e-09, "min": -6.98234288166e-08, "median": -8.9550065141e-09, "dvar2": 2.70239608336e-17, "var": 3.31978582547e-17, "dmean2": 4.29342028596e-09, "max": 1.45012570162e-28, "dmean": 2.71332534219e-09}, "spectral_rolloff": {"dvar": 74849.28125, "mean": 471.741851807, "min": 21.533203125, "median": 387.59765625, "dvar2": 147907.640625, "var": 301531.3125, "dmean2": 144.00479126, "max": 19186.0839844, "dmean": 83.4784927368}, "melbands_crest": {"dvar": 7.21651506424, "mean": 16.0274353027, "min": 1.54827058315, "median": 15.0575141907, "dvar2": 18.7943782806, "var": 29.7001018524, "dmean2": 4.90622806549, "max": 37.0677490234, "dmean": 3.00855350494}, "barkbands_skewness": {"dvar": 0.371244758368, "mean": 2.19566321373, "min": -1.99230539799, "median": 2.04195070267, "dvar2": 0.922792255878, "var": 1.33717501163, "dmean2": 0.864598214626, "max": 11.8823099136, "dmean": 0.545858204365}, "spectral_centroid": {"dvar": 10753.0107422, "mean": 419.080749512, "min": 133.858459473, "median": 372.022766113, "dvar2": 21859.859375, "var": 81092.65625, "dmean2": 84.2136001587, "max": 11234.4033203, "dmean": 53.9349746704}, "spectral_energyband_middle_low": {"dvar": 0.000143840778037, "mean": 0.0283546578139, "min": 3.08547834813e-22, "median": 0.0251829400659, "dvar2": 0.000347931490978, "var": 0.000384325219784, "dmean2": 0.0136987566948, "max": 0.258275598288, "dmean": 0.00854185782373}, "erbbands_crest": {"dvar": 5.1549038887, "mean": 11.3235692978, "min": 2.7718372345, "median": 10.5589380264, "dvar2": 13.1827707291, "var": 15.3985099792, "dmean2": 3.74581074715, "max": 28.5927715302, "dmean": 2.35073041916}, "dynamic_complexity": 2.23164081573, "spectral_energyband_low": {"dvar": 3.96918658225e-05, "mean": 0.0102710127831, "min": 1.56507289914e-23, "median": 0.00755894463509, "dvar2": 9.850342758e-05, "var": 0.000101998921309, "dmean2": 0.00787501595914, "max": 0.0886715948582, "dmean": 0.00495491363108}, "silence_rate_60dB": {"dvar": 0.0019810560625, "mean": 0.0142073649913, "min": 0, "median": 0, "dvar2": 0.00416340725496, "var": 0.0140020819381, "dmean2": 0.00397011963651, "max": 1, "dmean": 0.00198495620862}, "erbbands_kurtosis": {"dvar": 5.66561126709, "mean": 2.79769635201, "min": -1.87556374073, "median": 1.63998436928, "dvar2": 13.1442918777, "var": 17.9004383087, "dmean2": 2.34383416176, "max": 74.5997848511, "dmean": 1.51616311073}, "spectral_complexity": {"dvar": 1.78711056709, "mean": 11.1640634537, "min": 0, "median": 11, "dvar2": 4.30847883224, "var": 16.3848381042, "dmean2": 2.42271327972, "max": 35, "dmean": 1.45977854729}, "barkbands_crest": {"dvar": 3.98327159882, "mean": 11.8453035355, "min": 3.98481607437, "median": 11.0817193985, "dvar2": 10.4069499969, "var": 15.3693180084, "dmean2": 3.65759563446, "max": 26.1500263214, "dmean": 2.23792147636}, "spectral_energy": {"dvar": 0.000164371987921, "mean": 0.0372777730227, "min": 1.05688495281e-20, "median": 0.0348535738885, "dvar2": 0.000399227195885, "var": 0.000494794745464, "dmean2": 0.0165249481797, "max": 0.268330842257, "dmean": 0.0104436753318}, "spectral_spread": {"dvar": 291670654976, "mean": 2443623.75, "min": 370676.40625, "median": 2201999.5, "dvar2": 495697395712, "var": 2357780807680.0, "dmean2": 587391.9375, "max": 42103268, "dmean": 381298.9375}, "spectral_contrast_valleys": {"dvar": [0.131533831358, 0.0729555934668, 0.0775821581483, 0.0501393154263, 0.0578101314604, 0.0798757523298], "mean": [-7.42222929001, -6.79898166656, -7.98354673386, -8.91806983948, -9.53538990021, -12.0685529709], "min": [-27.2651309967, -27.3715991974, -27.2488193512, -27.1652679443, -27.3234100342, -27.3189315796], "median": [-7.29297208786, -6.72273492813, -7.92672300339, -8.83502006531, -9.38718032837, -12.019446373], "dvar2": [0.349642187357, 0.174287348986, 0.174812018871, 0.102676928043, 0.0998376086354, 0.15429481864], "var": [0.846288561821, 0.860038220882, 0.786699175835, 0.702187478542, 0.947348594666, 1.38483071327], "dmean2": [0.736918628216, 0.48251619935, 0.463969737291, 0.375873327255, 0.336553871632, 0.35883885622], "max": [-5.49265432358, -4.54826545715, -5.76950645447, -6.80126714706, -6.77790737152, -7.99381065369], "dmean": [0.441483646631, 0.300133734941, 0.296045482159, 0.251254826784, 0.255906641483, 0.256840378046]}, "spectral_rms": {"dvar": 6.92238188549e-07, "mean": 0.00575417326763, "min": 3.21108591106e-12, "median": 0.00583125092089, "dvar2": 1.70481257555e-06, "var": 3.25814676216e-06, "dmean2": 0.00126947544049, "max": 0.0161798074841, "dmean": 0.000808223616332}, "barkbands_spread": {"dvar": 7.36003303528, "mean": 5.29049253464, "min": 0.192138180137, "median": 4.36450910568, "dvar2": 14.4373836517, "var": 32.9868812561, "dmean2": 2.01864719391, "max": 127.39176178, "dmean": 1.30316495895}, "pitch_salience": {"dvar": 0.0032856380567, "mean": 0.538058578968, "min": 0.0996040329337, "median": 0.548702120781, "dvar2": 0.0083133969456, "var": 0.0131696769968, "dmean2": 0.105253249407, "max": 0.987448215485, "dmean": 0.0647091343999}, "erbbands_skewness": {"dvar": 0.132819890976, "mean": 1.23290348053, "min": -2.69394850731, "median": 1.15894174576, "dvar2": 0.312173217535, "var": 0.670656383038, "dmean2": 0.541121959686, "max": 6.71275520325, "dmean": 0.353189945221}, "spectral_energyband_middle_high": {"dvar": 1.09643156065e-06, "mean": 0.00168344308622, "min": 1.43294702789e-21, "median": 0.00101523357444, "dvar2": 2.45654064202e-06, "var": 4.92185336043e-06, "dmean2": 0.000733298249543, "max": 0.0421303138137, "dmean": 0.00049188506091}, "erbbands": {"dvar": [5.82495740673e-05, 0.327225953341, 21.5656452179, 106.575820923, 1254.08654785, 449.968292236, 1228.53857422, 584.716186523, 836.033447266, 620.368347168, 781.30090332, 1157.80688477, 456.19140625, 755.602294922, 217.957092285, 95.4722747803, 167.301849365, 73.076789856, 64.1918258667, 19.9648780823, 28.7092227936, 27.364818573, 6.27947902679, 2.26587367058, 5.30146074295, 2.1287457943, 2.2290699482, 3.93002462387, 1.46809792519, 0.402836561203, 0.343267858028, 1.14415943623, 1.92632710934, 0.333571285009, 0.0236358270049, 0.004098221194, 0.000129972715513, 2.52673271461e-06, 1.27946697681e-09, 1.9694966491e-10], "mean": [0.0100391618907, 0.630379080772, 5.93421220779, 15.1668987274, 33.0225334167, 31.8360996246, 42.7766227722, 41.768081665, 35.1234588623, 26.5631790161, 28.9264583588, 39.5658416748, 16.3270645142, 15.6095762253, 12.9676322937, 8.83636569977, 10.7574110031, 6.1922326088, 5.11799669266, 3.72611355782, 5.22513389587, 6.15368032455, 2.98252630234, 1.31716704369, 1.52348721027, 0.704941987991, 0.557286977768, 0.65672147274, 0.721123218536, 0.423229336739, 0.201049044728, 0.321318417788, 0.331910967827, 0.122637450695, 0.0305066294968, 0.0117373075336, 0.00233228364959, 0.000309414375806, 2.45850224019e-05, 4.17303635913e-05], "min": [3.20083152193e-22, 1.61760722366e-21, 3.69180562464e-21, 1.13475197136e-20, 6.96682078801e-20, 1.0937886788e-19, 1.77046184019e-19, 4.87096160447e-19, 6.82906872039e-19, 4.7619324789e-19, 1.02384693909e-18, 8.4489856278e-19, 8.77909117979e-19, 1.55339173383e-18, 2.46790038859e-18, 2.32440419785e-18, 3.96259259441e-18, 3.83752123143e-18, 5.18758090716e-18, 3.90121372501e-18, 8.81065391042e-18, 7.00221292544e-18, 9.41808489427e-18, 7.25352942068e-18, 1.33881316268e-17, 9.71091344855e-18, 1.33719982961e-17, 1.37778817606e-17, 1.55621641086e-17, 1.57355064234e-17, 1.55715691522e-17, 1.42662334778e-17, 1.18502663832e-17, 9.97210234441e-18, 7.47003981012e-18, 5.93442325708e-18, 3.00897515048e-18, 1.18923984141e-18, 3.33908204664e-19, 2.89614285525e-20], "median": [0.00599903333932, 0.329739958048, 3.26931881905, 9.02120876312, 18.1621608734, 22.4890499115, 25.4833145142, 23.8585777283, 16.7658882141, 10.6119823456, 9.75199127197, 15.3785829544, 5.70002174377, 5.27363300323, 5.21154546738, 3.27405071259, 3.84443378448, 2.24733400345, 1.65496528149, 1.13962936401, 0.906653642654, 0.87478095293, 0.632678627968, 0.341227918863, 0.254390627146, 0.160011172295, 0.119473487139, 0.0973832011223, 0.0707381144166, 0.0471056215465, 0.0249129906297, 0.022948320955, 0.0156374070793, 0.00621022097766, 0.0019493275322, 0.000734821252991, 0.000203555086046, 2.37980111706e-05, 1.82556104846e-05, 3.89664019167e-05], "dvar2": [0.00012791325571, 0.714586317539, 48.258354187, 303.344055176, 2729.01806641, 1258.0892334, 3342.07788086, 1456.97119141, 2058.38085938, 1445.61010742, 1889.33398438, 2481.46728516, 851.60333252, 1736.47485352, 484.093231201, 227.230636597, 365.837738037, 192.099258423, 148.825454712, 44.2398986816, 55.3915672302, 63.0005111694, 16.3228912354, 5.49429321289, 13.9436588287, 5.40596151352, 4.71510410309, 8.45252132416, 2.70914125443, 0.75858604908, 0.883883595467, 2.25748610497, 3.21632909775, 0.581521809101, 0.0394401550293, 0.00726899597794, 0.000225662224693, 4.7393409659e-06, 2.39369279953e-09, 4.77511252761e-10], "var": [0.000156540219905, 0.732500731945, 52.5518722534, 316.487243652, 2588.1652832, 987.684326172, 2686.10229492, 2718.60839844, 2775.30322266, 2063.30615234, 3237.08862305, 5887.91845703, 1417.22167969, 1889.97692871, 930.676635742, 333.292572021, 806.857421875, 160.916061401, 145.908416748, 62.0203132629, 205.37210083, 203.165863037, 30.6145133972, 10.9667339325, 23.3519897461, 5.17399597168, 5.37144041061, 8.50008869171, 5.26102352142, 1.52781736851, 0.50599783659, 2.80715751648, 4.97204017639, 0.810611128807, 0.0613106302917, 0.0102179851383, 0.000328741181875, 5.74894738747e-06, 3.15627834979e-09, 6.10402728363e-10], "dmean2": [0.00928763579577, 0.642742693424, 5.08101940155, 11.2073955536, 27.7635192871, 24.0803146362, 28.7157115936, 21.8765869141, 22.0893497467, 15.5860967636, 15.0715732574, 22.9157886505, 10.0483026505, 11.4077377319, 8.7226858139, 5.7000670433, 7.42209720612, 4.39500570297, 3.65577793121, 2.28386950493, 2.56513786316, 2.92759442329, 1.51335453987, 0.707718908787, 0.877649784088, 0.476515620947, 0.425112694502, 0.507104635239, 0.419223189354, 0.235856682062, 0.115779384971, 0.218129470944, 0.250507831573, 0.100457921624, 0.0247422624379, 0.00969025772065, 0.00178922328632, 0.000240138557274, 1.17791923913e-05, 1.81713785423e-05], "max": [0.142813593149, 9.31296539307, 72.2749481201, 166.089080811, 903.381835938, 432.615600586, 857.468383789, 545.040405273, 741.795471191, 749.219177246, 996.510437012, 1306.40759277, 857.674926758, 1483.55664063, 656.205505371, 400.507904053, 1042.34863281, 502.808654785, 357.662689209, 199.821716309, 251.124313354, 227.529067993, 98.9425811768, 102.185012817, 147.03276062, 72.8673171997, 78.9603424072, 80.8427734375, 56.9569625854, 24.9589138031, 52.5426559448, 65.6446380615, 86.5299301147, 25.4038085938, 7.28423166275, 3.60899734497, 0.710226476192, 0.114345625043, 0.00247660791501, 0.000293054472422], "dmean": [0.00592541974038, 0.414918541908, 3.31092715263, 6.7300992012, 17.5155658722, 14.6387090683, 17.883190155, 14.3911323547, 14.3473739624, 10.1739997864, 9.93374824524, 16.1952419281, 6.96024465561, 7.5264377594, 5.76964664459, 3.69669628143, 4.82019948959, 2.75272202492, 2.37576770782, 1.49742650986, 1.72402024269, 1.93790137768, 0.990345299244, 0.459851264954, 0.566317439079, 0.306435525417, 0.281730145216, 0.336273252964, 0.291713893414, 0.162479504943, 0.0783486440778, 0.15225674212, 0.182528749108, 0.0729985237122, 0.018475536257, 0.00719179213047, 0.00131782644894, 0.0001736968552, 8.00843827164e-06, 1.14942222353e-05]}, "dissonance": {"dvar": 0.000810022465885, "mean": 0.403737932444, "min": 0.177874743938, "median": 0.409726172686, "dvar2": 0.00217964313924, "var": 0.00243076169863, "dmean2": 0.0535579062998, "max": 0.500000059605, "dmean": 0.0321828760207}, "erbbands_flatness_db": {"dvar": 0.000240593682975, "mean": 0.254852712154, "min": 0.0510316081345, "median": 0.248444959521, "dvar2": 0.000509275239892, "var": 0.00299329007976, "dmean2": 0.0222684293985, "max": 0.440264105797, "dmean": 0.0151579631492}, "melbands_kurtosis": {"dvar": 263.286682129, "mean": 17.6812114716, "min": -1.68174779415, "median": 11.5326557159, "dvar2": 604.710449219, "var": 578.944763184, "dmean2": 11.6720590591, "max": 539.282653809, "dmean": 7.46517658234}, "melbands_spread": {"dvar": 8.34828853607, "mean": 6.03985595703, "min": 0.332775533199, "median": 5.17320728302, "dvar2": 20.6723194122, "var": 35.3007087708, "dmean2": 2.30230855942, "max": 198.612365723, "dmean": 1.45236599445}, "melbands_skewness": {"dvar": 0.526271164417, "mean": 2.67381262779, "min": -0.854460537434, "median": 2.42267680168, "dvar2": 1.20772898197, "var": 2.27525520325, "dmean2": 0.935811340809, "max": 19.7007465363, "dmean": 0.60144585371}, "spectral_entropy": {"dvar": 0.0351254232228, "mean": 6.12381792068, "min": 3.94109535217, "median": 6.15962314606, "dvar2": 0.0740444362164, "var": 0.333279371262, "dmean2": 0.260217666626, "max": 9.7970790863, "dmean": 0.174105867743}, "zerocrossingrate": {"dvar": 2.54763053817e-05, "mean": 0.0207000635564, "min": 0.00439453125, "median": 0.0185546875, "dvar2": 3.19324899465e-05, "var": 0.000233740516705, "dmean2": 0.0038922210224, "max": 0.5107421875, "dmean": 0.00305073754862}, "average_loudness": 0.927038729191, "spectral_contrast_coeffs": {"dvar": [0.00167732324917, 0.00110626325477, 0.000787745520938, 0.000475321459817, 0.000317313359119, 0.000259534950601], "mean": [-0.506713092327, -0.647153377533, -0.714914619923, -0.74694442749, -0.760792851448, -0.78264605999], "min": [-0.976399004459, -0.99537396431, -0.995837390423, -0.987481355667, -0.988310337067, -0.960986077785], "median": [-0.507320284843, -0.653107643127, -0.718226015568, -0.752416133881, -0.769979894161, -0.783854365349], "dvar2": [0.00466194050387, 0.00283760740422, 0.00192651897669, 0.00110152130947, 0.000632656854577, 0.000595404242631], "var": [0.00544292060658, 0.00647478643805, 0.00436011562124, 0.00351555808447, 0.00446108775213, 0.00220467965119], "dmean2": [0.0841290876269, 0.0642506554723, 0.0525781735778, 0.0414921529591, 0.0309197064489, 0.026149822399], "max": [-0.245083361864, -0.354842036963, -0.423035144806, -0.456215471029, -0.456158161163, -0.482865571976], "dmean": [0.0500727072358, 0.0396647565067, 0.0332308299839, 0.0264158081263, 0.0210998691618, 0.0166980586946]}, "barkbands_flatness_db": {"dvar": 0.0003779346589, "mean": 0.285274833441, "min": 0.0600635968149, "median": 0.279870033264, "dvar2": 0.000853929435834, "var": 0.00416037626565, "dmean2": 0.0315546579659, "max": 0.532179892063, "dmean": 0.0206325240433}, "silence_rate_30dB": {"dvar": 0.00787582993507, "mean": 0.990806996822, "min": 0, "median": 1, "dvar2": 0.0181343238801, "var": 0.0091110188514, "dmean2": 0.015880478546, "max": 1, "dmean": 0.00793982483447}, "spectral_energyband_high": {"dvar": 2.68221835853e-08, "mean": 7.55670116632e-05, "min": 7.57425053108e-21, "median": 1.23793943203e-05, "dvar2": 4.1115800542e-08, "var": 9.40044913023e-08, "dmean2": 3.97195835831e-05, "max": 0.00660608243197, "dmean": 2.93904849968e-05}, "melbands_flatness_db": {"dvar": 0.000509366684128, "mean": 0.367071419954, "min": 0.00147282856051, "median": 0.361103415489, "dvar2": 0.00108133617323, "var": 0.00673056440428, "dmean2": 0.0343244113028, "max": 0.665557265282, "dmean": 0.0231718141586}, "barkbands": {"dvar": [1.74049680918e-11, 2.8734020816e-06, 1.85280805454e-05, 3.57856079063e-05, 6.34716707282e-05, 8.52804532769e-06, 3.65160917681e-06, 2.21842833525e-06, 1.65743074376e-06, 5.84357167099e-07, 2.92590243589e-07, 8.95651623978e-08, 7.47782209487e-08, 5.09303674789e-08, 1.1744369921e-08, 9.58291312969e-09, 9.31245480729e-09, 1.26967802938e-09, 1.99753547037e-09, 1.76136816243e-09, 2.39170327987e-09, 9.93522264459e-10, 3.00639374506e-10, 4.88313478542e-09, 1.35376032606e-09, 8.81794706697e-11, 1.23196198794e-13], "mean": [2.21830214286e-06, 0.00175860093441, 0.00547497253865, 0.00750476494431, 0.0103384368122, 0.00536316353828, 0.00223897676915, 0.00119882973377, 0.00157118728384, 0.00050301552983, 0.000336472759955, 0.000227920492762, 0.000224161936785, 0.00011919013923, 7.5661642768e-05, 8.14573140815e-05, 0.000104705271951, 3.83409569622e-05, 2.99471848848e-05, 1.60767976922e-05, 1.50180521814e-05, 1.86306569958e-05, 8.09669472801e-06, 1.88988451555e-05, 7.25832887838e-06, 1.8031083755e-06, 4.19437888866e-08], "min": [5.60240574076e-24, 1.00552723264e-23, 2.52660413636e-24, 4.25666465115e-24, 4.45635508632e-23, 4.51635837112e-23, 3.9359041041e-23, 2.7025166078e-23, 3.3035235413e-23, 2.53523297305e-23, 6.67603139104e-23, 5.09736452524e-23, 7.0263506351e-23, 8.2267924601e-23, 9.56385110993e-23, 1.15724910298e-22, 1.18897544775e-22, 1.77696321021e-22, 1.41435338703e-22, 2.52292611184e-22, 3.45492955173e-22, 4.40769025707e-22, 5.33147187307e-22, 6.86760039275e-22, 9.09889788079e-22, 1.61111468384e-21, 2.16202918967e-21], "median": [9.78624029813e-07, 0.000872623873875, 0.00294155487791, 0.0035193960648, 0.00704306643456, 0.00326477666385, 0.000971084635239, 0.000266953691607, 0.000596006342676, 0.000139332725666, 9.28912340896e-05, 7.48801103327e-05, 7.19348099665e-05, 3.66118947568e-05, 2.08486562769e-05, 1.55275592988e-05, 1.57504291565e-05, 8.2456808741e-06, 5.42315819985e-06, 3.37288565788e-06, 2.46199419962e-06, 1.89554168628e-06, 9.83169343272e-07, 1.05567357878e-06, 4.02193137461e-07, 1.27045552745e-07, 1.15109421994e-09], "dvar2": [4.78242931368e-11, 6.30377735433e-06, 4.35734800703e-05, 9.28777080844e-05, 0.000155647838255, 2.12705108424e-05, 8.7523876573e-06, 5.41954295841e-06, 3.59496607416e-06, 1.06886295725e-06, 6.87547469624e-07, 2.08903415455e-07, 1.68731006056e-07, 1.33567866101e-07, 2.7488963994e-08, 1.96636573691e-08, 2.25321521441e-08, 3.15112291815e-09, 5.39023892188e-09, 4.48243664408e-09, 5.29739896393e-09, 1.7917588524e-09, 7.48400952322e-10, 8.32190139022e-09, 2.43032260983e-09, 1.57744248219e-10, 2.89912923312e-13], "var": [1.70357773027e-11, 6.57093642076e-06, 4.55871886516e-05, 0.000112848836579, 0.000126394501422, 3.59024706995e-05, 1.20773192975e-05, 7.58524038247e-06, 8.69484483701e-06, 1.87828322851e-06, 1.228905262e-06, 3.00778680185e-07, 3.45211958575e-07, 8.16394631897e-08, 3.19381676661e-08, 5.14969080712e-08, 5.32946486942e-08, 5.89692383812e-09, 8.1581141842e-09, 4.25862234366e-09, 4.85000617445e-09, 3.63548569027e-09, 6.15215045574e-10, 1.32100836936e-08, 3.15606296653e-09, 2.20801626982e-10, 1.85436152653e-13], "dmean2": [3.87684349334e-06, 0.00191892369185, 0.00475833797827, 0.00577638531104, 0.00802032276988, 0.00294527737424, 0.00143692351412, 0.00073098303983, 0.000901376013644, 0.00033551978413, 0.00026458746288, 0.00016508049157, 0.000162122916663, 9.54978968366e-05, 5.18167398695e-05, 4.47494894615e-05, 5.59906220587e-05, 2.08694837056e-05, 1.77426973096e-05, 1.22384954011e-05, 1.20619406516e-05, 1.03510737972e-05, 4.82930909129e-06, 1.3189080164e-05, 6.14523560216e-06, 1.43532008678e-06, 4.59325519842e-08], "max": [0.000124888669234, 0.0296263489872, 0.0625786036253, 0.112555429339, 0.200755015016, 0.0539993010461, 0.0540599822998, 0.0520612150431, 0.0445380620658, 0.0415774583817, 0.0286705922335, 0.0106896366924, 0.0195721313357, 0.0153490984812, 0.00476935598999, 0.00354754878208, 0.00344862299971, 0.00154739618301, 0.00227215094492, 0.00312121468596, 0.00227348064072, 0.00156648445409, 0.00135486677755, 0.00398328108713, 0.00183528952766, 0.000503276125528, 1.97953686438e-05], "dmean": [2.19395769818e-06, 0.00123308412731, 0.00307324528694, 0.00350680667907, 0.0049311388284, 0.00192850327585, 0.000937697652262, 0.000473673659144, 0.000634486204945, 0.000233942555496, 0.000171976804268, 0.000106568411866, 0.000104475948319, 6.02273794357e-05, 3.37314122589e-05, 2.96012312901e-05, 3.6690136767e-05, 1.35473364935e-05, 1.13826199595e-05, 7.76324304752e-06, 7.9903356891e-06, 7.29802604837e-06, 3.23579661199e-06, 9.5789655461e-06, 4.40809344582e-06, 1.0579078662e-06, 3.19007362748e-08]}, "erbbands_spread": {"dvar": 42.6687431335, "mean": 19.7694473267, "min": 1.63527226448, "median": 16.5497989655, "dvar2": 79.8277893066, "var": 203.096603394, "dmean2": 5.59010410309, "max": 162.747558594, "dmean": 3.71211194992}, "barkbands_kurtosis": {"dvar": 77.5261535645, "mean": 11.2871026993, "min": -1.91966211796, "median": 7.80336380005, "dvar2": 192.173171997, "var": 168.820861816, "dmean2": 7.8889541626, "max": 227.644287109, "dmean": 4.96240377426}, "spectral_flux": {"dvar": 0.000708267732989, "mean": 0.0720948576927, "min": 6.88635815038e-11, "median": 0.0652380809188, "dvar2": 0.00170257000718, "var": 0.00151405308861, "dmean2": 0.039956945926, "max": 0.334644138813, "dmean": 0.024734178558}, "silence_rate_20dB": {"dvar": 0, "mean": 1, "min": 1, "median": 1, "dvar2": 0, "var": 0, "dmean2": 0, "max": 1, "dmean": 0}, "gfcc": {"cov": [[6134.64990234, -1264.74377441, -704.892883301, 1002.38665771, -826.318725586, 253.097625732, -409.511047363, 256.966827393, 162.714706421, -38.1719093323, -102.786216736, 20.6297531128, -141.300415039], [-1264.74377441, 1378.62084961, -48.7959136963, -650.622131348, 470.033966064, -257.328033447, 257.233032227, -198.617279053, -15.1827468872, -79.6199035645, 137.452468872, -50.229133606, 82.7603225708], [-704.892883301, -48.7959136963, 895.453613281, 206.756729126, 98.6975708008, 209.776123047, 4.32078933716, -29.2905578613, -79.4432907104, 39.989730835, -63.8713493347, -68.3167495728, -13.8420782089], [1002.38665771, -650.622131348, 206.756729126, 754.761474609, -125.000053406, 114.611473083, -94.1758346558, 66.4412689209, 46.1423873901, 18.6749095917, -75.9551696777, -13.0550098419, -15.7641105652], [-826.318725586, 470.033966064, 98.6975708008, -125.000053406, 382.618530273, -82.3403549194, 78.0113830566, -65.5741958618, -11.3424186707, -27.5606136322, 21.7221336365, -23.3364391327, 42.3296203613], [253.097625732, -257.328033447, 209.776123047, 114.611473083, -82.3403549194, 277.930786133, -14.0644540787, 38.1722068787, -27.0701446533, 34.6153945923, -17.8162879944, -29.2928009033, -36.4777526855], [-409.511047363, 257.233032227, 4.32078933716, -94.1758346558, 78.0113830566, -14.0644540787, 234.707565308, -41.5996170044, -55.2481307983, 17.2653598785, 33.8195762634, -22.041885376, 16.4854450226], [256.966827393, -198.617279053, -29.2905578613, 66.4412689209, -65.5741958618, 38.1722068787, -41.5996170044, 139.261413574, 39.3173179626, 2.72314238548, -17.992975235, 22.474779129, -23.3767986298], [162.714706421, -15.1827468872, -79.4432907104, 46.1423873901, -11.3424186707, -27.0701446533, -55.2481307983, 39.3173179626, 125.333564758, -7.70183849335, -12.8607501984, 21.5421600342, -4.32321834564], [-38.1719093323, -79.6199035645, 39.989730835, 18.6749095917, -27.5606136322, 34.6153945923, 17.2653598785, 2.72314238548, -7.70183849335, 110.393112183, 16.1534366608, -13.4829120636, -7.85718822479], [-102.786216736, 137.452468872, -63.8713493347, -75.9551696777, 21.7221336365, -17.8162879944, 33.8195762634, -17.992975235, -12.8607501984, 16.1534366608, 105.89087677, 9.46628093719, -5.69429922104], [20.6297531128, -50.229133606, -68.3167495728, -13.0550098419, -23.3364391327, -29.2928009033, -22.041885376, 22.474779129, 21.5421600342, -13.4829120636, 9.46628093719, 96.5005493164, 8.3307094574], [-141.300415039, 82.7603225708, -13.8420782089, -15.7641105652, 42.3296203613, -36.4777526855, 16.4854450226, -23.3767986298, -4.32321834564, -7.85718822479, -5.69429922104, 8.3307094574, 84.4202270508]], "mean": [-83.6710662842, 175.603668213, -94.196105957, 8.20081710815, -56.7016983032, -6.8178730011, -41.1156311035, -12.2093925476, -22.7135334015, -15.9246425629, -13.5561351776, -11.3115596771, -8.57206726074], "icov": [[0.000618984631728, -0.00136708316859, 0.0010203961283, -0.0015897952253, 0.00145333574619, -0.00104441749863, 0.00130387383979, -0.000758643087465, 0.00114740082063, -0.000435995229054, 0.0011044384446, -0.000315718498314, 0.00072580849519], [-0.00136708316859, 0.00847923196852, -0.0034058841411, 0.00681978231296, -0.00622052233666, 0.00441921735182, -0.00612096302211, 0.00450348388404, -0.00674838898703, 0.00436709262431, -0.00673966342583, 0.0036587798968, -0.00316950515844], [0.0010203961283, -0.0034058841411, 0.00373937096447, -0.00372839160264, 0.00210464932024, -0.00341705442406, 0.00306668621488, -0.00141284835991, 0.00374238984659, -0.00194670900237, 0.0037016090937, -0.000972575100604, 0.00179797119927], [-0.0015897952253, 0.00681978231296, -0.00372839160264, 0.00780514162034, -0.00507024955004, 0.00374857475981, -0.00504818651825, 0.00330986920744, -0.00616071699187, 0.00307163689286, -0.00483614206314, 0.00283790868707, -0.00307197170332], [0.00145333574619, -0.00622052233666, 0.00210464932024, -0.00507024955004, 0.00890392437577, -0.00245527457446, 0.00394776603207, -0.0027606706135, 0.00405080616474, -0.00185186043382, 0.00412600301206, -0.00147421087604, 0.0013270896161], [-0.00104441749863, 0.00441921735182, -0.00341705442406, 0.00374857475981, -0.00245527457446, 0.00812448654324, -0.0035247344058, 0.000986154773273, -0.00277907331474, 0.00143425748684, -0.00379844382405, 0.00270909187384, -0.000770055979956], [0.00130387383979, -0.00612096302211, 0.00306668621488, -0.00504818651825, 0.00394776603207, -0.0035247344058, 0.0101532330737, -0.003003021935, 0.00690922653303, -0.00381571892649, 0.00395680172369, -0.00169755506795, 0.00185949285515], [-0.000758643087465, 0.00450348388404, -0.00141284835991, 0.00330986920744, -0.0027606706135, 0.000986154773273, -0.003003021935, 0.0120007097721, -0.00579880783334, 0.00204866123386, -0.00232847849838, -0.000100670644315, 0.00016815897834], [0.00114740082063, -0.006748388987